ID,insum,outsum,diff
100000001,880,1079,-199
100000002,3865,2750,1115
100000003,6047,5515,532
100000004,1257,1512,-255
100000005,2726,5431,-2705
100000006,692,229,463
100000007,2518,847,1671
100000008,234,519,-285
100000009,602,307,295
100000010,146,147,-1
100000011,966,156,810
100000012,84,732,-648
100000013,414,216,198
100000014,495,426,69
100000015,2118,2660,-542
100000016,766,1707,-941
100000017,596,1120,-524
100000018,1345,711,634
100000019,3873,2281,1592
100000020,2263,6736,-4473
100000021,4870,2810,2060
100000022,1202,3097,-1895
100000023,4864,2318,2546
100000025,975,1602,-627
100000028,1252,1373,-121
100000029,177,445,-268
100000030,203,89,114
100000031,4050,7379,-3329
100000032,2012,3940,-1928
100000033,1181,2706,-1525
100000034,290,822,-532
100000035,1449,1917,-468
100000036,1940,1610,330
100000037,772,449,323
100000038,2446,1162,1284
100000039,535,412,123
100000040,213,198,15
100000041,1600,578,1022
100000042,1125,551,574
100000043,801,563,238
100000044,362,883,-521
100000045,396,993,-597
100000046,592,811,-219
100000047,353,486,-133
100000048,461,566,-105
100000049,1478,1755,-277
100000051,438,938,-500
100000053,202,10,192
100000054,404,49,355
100000055,868,264,604
100000056,548,437,111
100000057,2186,672,1514
100000058,938,1265,-327
100000059,22,132,-110
100000060,577,374,203
100000061,2979,546,2433
100000062,3566,574,2992
100000063,1151,288,863
100000064,1471,319,1152
100000065,356,743,-387
100000066,168,552,-384
100000067,489,706,-217
100000068,620,1492,-872
100000069,249,1209,-960
100000072,242,778,-536
100000073,977,989,-12
100000075,788,286,502
100000076,2429,3449,-1020
100000077,175,307,-132
100000078,42,46,-4
100000079,61,71,-10
100000080,23,67,-44
100000081,162,280,-118
100000102,2656,3300,-644
100000103,3011,1924,1087
100000104,3666,3244,422
100000105,2268,2465,-197
100000106,2552,3353,-801
100000107,444,1612,-1168
100000108,596,1020,-424
100000109,1868,1449,419
100000116,1110,1098,12
100000117,95,160,-65
100000118,1385,1690,-305
100000119,736,1027,-291
100000121,368,436,-68
100000122,1009,1217,-208
100000123,2528,4369,-1841
100000124,4259,6840,-2581
100000125,4314,2293,2021
100000126,711,541,170
100000127,1296,500,796
100000128,1459,2841,-1382
100000129,479,628,-149
100000130,669,546,123
100000131,3074,2945,129
100000132,1265,3511,-2246
100000133,4006,2413,1593
100000135,771,1370,-599
100000139,412,386,26
100000140,481,444,37
100000142,689,603,86
100000143,968,574,394
100000144,3796,953,2843
100000147,1375,3591,-2216
100000150,76,404,-328
100000151,1198,1427,-229
100000153,292,588,-296
100000154,43,315,-272
100000155,17,77,-60
100000156,457,621,-164
100000157,415,197,218
100000158,370,126,244
100000159,193,626,-433
100000165,1198,928,270
100000169,218,1069,-851
100000174,532,1021,-489
100000179,106,544,-438
100000180,2047,3453,-1406
100000181,639,249,390
100000188,82,184,-102
100000189,1187,406,781
100000190,693,1333,-640
100000191,910,783,127
100000192,68,109,-41
100000193,368,227,141
100000330,1121,1119,2
100000355,226,780,-554
100000362,3896,2405,1491
100000363,5138,4734,404
100000364,183,268,-85
100000365,6588,8353,-1765
100000366,4469,2938,1531
100000367,5566,7060,-1494
100000368,2622,1285,1337
100000369,1296,2423,-1127
100000370,317,1089,-772
100000376,85,194,-109
100000379,2166,2070,96
100000380,5118,5316,-198
100000384,5701,6513,-812
100000385,3219,4722,-1503
100000386,6014,6121,-107
100000387,4409,6767,-2358
100000388,6161,8630,-2469
100000389,7457,7841,-384
100000390,9776,8084,1692
100000391,6752,10769,-4017
100000392,2965,5144,-2179
100000393,2704,5772,-3068
100000394,6543,10244,-3701
100000395,5456,5484,-28
100000396,6490,4481,2009
100000397,4895,8307,-3412
100000398,11722,7799,3923
100900002,15,27,-12
100900003,526,253,273
100900004,27,1063,-1036
100900005,126,23,103
100900006,58,116,-58
100900007,483,14,469
100900008,3,361,-358
100900009,96,227,-131
100900010,118,98,20
100900011,221,202,19
100900012,2,168,-166
100900013,1095,11,1084
100900014,1,9,-8
100900015,98,84,14
100900016,5,30,-25
100900017,1722,114,1608
100900018,0,15,-15
100900019,24,143,-119
100900020,492,9,483
100900021,739,13,726
100900022,28,58,-30
100900023,2,37,-35
100900024,666,6,660
100900025,32,13,19
100900026,195,125,70
100900027,868,4132,-3264
100900028,149,323,-174
100900029,65,6,59
100900030,2,112,-110
100900031,1132,80,1052
100900032,376,2,374
100900033,302,270,32
100900034,858,6,852
100900035,539,2,537
100900036,27,1,26
100900037,149,170,-21
100900038,106,56,50
100900039,217,435,-218
100900040,460,560,-100
100900041,973,554,419
100900042,1658,1719,-61
100900043,0,19,-19
100900044,1500,689,811
100900045,19,1,18
100900046,1492,23,1469
100900047,1108,480,628
100900048,188,95,93
100900049,100,136,-36
100900050,10,21,-11
100900051,40,97,-57
100900052,592,67,525
100900053,611,29,582
100900054,11,82,-71
100900055,359,934,-575
100900056,81,191,-110
100900057,1788,1411,377
100900058,768,70,698
100900059,157,1,156
100900060,231,9,222
100900061,386,207,179
100900062,10,40,-30
100900063,379,926,-547
100900064,912,21,891
100900065,85,147,-62
100900066,196,193,3
100900067,5,18,-13
100900068,453,97,356
100900069,658,27,631
100900070,542,7,535
100900071,682,214,468
100900072,7,61,-54
100900073,179,253,-74
100900074,7,5,2
100900075,1997,476,1521
100900076,26,45,-19
100900077,43,75,-32
100900078,128,580,-452
100900079,33,25,8
100900080,63,146,-83
100900081,45,233,-188
100900082,191,385,-194
100900083,12,23,-11
100900085,36,343,-307
100900086,212,1042,-830
100900088,162,416,-254
100900089,13,19,-6
100900090,153,809,-656
100900091,2,20,-18
100900092,306,275,31
100900093,337,359,-22
100900094,167,329,-162
100900095,9,33,-24
100900096,48,137,-89
100900097,1,3,-2
100900098,31,38,-7
100900099,46,607,-561
100900100,11,779,-768
100900101,282,46,236
100900102,121,210,-89
100900103,14,11,3
100900104,8,215,-207
100900105,67,917,-850
100900106,54,12,42
100900107,2008,877,1131
100900108,14,93,-79
100900109,17,54,-37
100900110,10,43,-33
100900111,53,202,-149
100900112,2,12,-10
100900113,15,34,-19
100900114,16,24,-8
100900115,8,27,-19
100900116,1042,1092,-50
100900117,358,1235,-877
100900118,20,37,-17
100900119,25,5,20
100900120,10,15,-5
100900121,549,813,-264
100900122,133,238,-105
100900123,163,183,-20
100900124,16,13,3
100900125,14,73,-59
100900126,226,248,-22
100900127,8,12,-4
100900128,140,221,-81
100900129,0,222,-222
100900131,178,304,-126
100900133,94,47,47
100900134,14,21,-7
100900135,2,276,-274
100900137,476,271,205
100900138,518,528,-10
100900139,5,4,1
100900140,14,479,-465
100900141,4,758,-754
100900142,8,25,-17
100900143,929,569,360
100900144,14,7,7
100900145,195,195,0
100900146,14,101,-87
100900147,12,789,-777
100900148,38,486,-448
100900149,32,314,-282
100900150,19,66,-47
100900151,190,567,-377
100900152,364,12,352
100900153,5,223,-218
100900154,8,83,-75
100900155,19,18,1
100900156,51,2,49
100900157,27,338,-311
100900158,762,199,563
100900159,8,44,-36
100900160,39,9,30
100900161,75,14,61
100900162,26,506,-480
100900163,178,206,-28
100900164,76,60,16
100900165,50,22,28
100900166,30,8,22
100900167,48,60,-12
100900168,85,173,-88
100900169,140,948,-808
100900170,41,15,26
100900171,18,523,-505
100900172,0,43,-43
100900173,17,377,-360
100900174,587,92,495
100900176,2063,297,1766
100900177,780,361,419
100900178,316,139,177
100900179,337,431,-94
100900180,0,2,-2
100900181,92,121,-29
100900182,62,55,7
100900184,20,151,-131
100900186,695,443,252
100900187,7,92,-85
100900188,46,13,33
100900189,1991,310,1681
100900191,928,1249,-321
100900192,300,467,-167
100900195,124,226,-102
100900197,23,83,-60
100900198,51,193,-142
100900199,14,22,-8
100900200,942,536,406
100900201,140,962,-822
100900202,73,0,73
100900203,0,98,-98
100900204,314,1203,-889
100900205,249,644,-395
100900206,258,151,107
100900207,317,215,102
100900210,77,487,-410
100900211,619,233,386
100900213,245,62,183
100900214,743,168,575
100900215,16,61,-45
100900217,114,131,-17
101000001,3036,2609,427
101000002,7227,7279,-52
101000003,490,1346,-856
101000004,7622,6887,735
101000005,5182,5437,-255
101000006,6925,7568,-643
101000007,3617,4661,-1044
101000008,2373,2589,-216
101000009,2735,997,1738
101000010,972,845,127
101000011,1500,647,853
101000012,1020,919,101
101000013,1091,1308,-217
101000014,515,598,-83
101000015,1686,845,841
101000016,374,542,-168
101000017,584,450,134
101000018,2081,2598,-517
101000020,2180,1085,1095
101000021,741,507,234
101000022,251,182,69
101000023,1194,736,458
101000025,405,557,-152
101000026,255,44,211
101000027,2468,3464,-996
101000028,1250,293,957
101000029,278,2647,-2369
101000030,2095,209,1886
101000031,1134,1536,-402
101000032,7398,6144,1254
101000033,2378,5273,-2895
101000034,2063,2479,-416
101000035,1025,490,535
101000036,1599,1375,224
101000037,2034,2358,-324
101000039,1831,3479,-1648
101000040,2697,4865,-2168
101000041,7514,10626,-3112
101000042,468,1652,-1184
101000043,6266,10740,-4474
101000045,1419,1437,-18
101000046,3402,2638,764
101000047,2548,6163,-3615
101000048,779,666,113
101000049,836,2703,-1867
101000050,2013,2987,-974
101000051,1718,3496,-1778
101000052,1485,1468,17
101000053,960,1472,-512
101000054,2111,1364,747
101000055,1456,1555,-99
101000056,58,94,-36
101000057,1680,1459,221
101000058,986,1616,-630
101000059,2083,2675,-592
101000060,1731,796,935
101000061,773,1605,-832
101000062,610,811,-201
101000063,556,1158,-602
101000064,891,1193,-302
101000065,438,549,-111
101000066,1024,1046,-22
101000067,1010,1136,-126
101000068,237,587,-350
101000069,239,123,116
101000070,901,1268,-367
101000071,2211,997,1214
101000072,848,4035,-3187
101000073,953,1472,-519
101000074,5874,5158,716
101000075,4483,6995,-2512
101000077,2125,1563,562
101000078,1212,1829,-617
101000079,2069,583,1486
101000080,2009,703,1306
101000081,1969,1991,-22
101000082,3060,3004,56
101000083,3239,2358,881
101000084,1352,927,425
101000085,1616,1373,243
101000086,1108,1230,-122
101000087,1005,974,31
101000088,1524,1394,130
101000089,1291,1721,-430
101000090,2136,1216,920
101000091,624,684,-60
101000092,1348,971,377
101000093,1702,782,920
101000094,1253,1125,128
101000095,553,578,-25
101000096,448,498,-50
101000097,612,559,53
101000098,500,698,-198
101000099,918,1284,-366
101000100,1181,1094,87
101000101,337,500,-163
101000102,881,665,216
101000103,750,611,139
101000104,384,758,-374
101000105,421,452,-31
101000106,725,1208,-483
101000107,470,383,87
101000108,764,277,487
101000109,441,89,352
101000110,57,465,-408
101000111,123,264,-141
101000113,299,879,-580
101000114,8962,11526,-2564
101000115,408,199,209
101000116,149,123,26
101000117,1279,226,1053
101000119,83,87,-4
101000120,185,94,91
101000121,84,70,14
101000122,153,149,4
101000123,75,189,-114
101000124,1884,400,1484
101000125,195,442,-247
101000128,452,824,-372
101000130,208,351,-143
101000131,1005,640,365
101000132,976,919,57
101000135,47,42,5
101000136,484,272,212
101000137,35,363,-328
101000141,1129,3894,-2765
101000147,925,507,418
101000148,698,56,642
101000149,203,209,-6
101000150,136,543,-407
101000151,304,69,235
101000152,360,366,-6
101000153,575,262,313
101000154,373,995,-622
101000155,420,154,266
101000156,31,349,-318
101000157,59,40,19
101000160,120,64,56
101000163,265,359,-94
101000164,448,380,68
101000165,301,421,-120
101000166,364,298,66
101000168,1063,510,553
101000252,2450,1021,1429
101000254,286,211,75
101000258,122,11,111
101000261,246,71,175
101000262,1637,3118,-1481
101000263,535,1627,-1092
101000265,99,1093,-994
101000266,524,645,-121
101000269,31,14,17
101000290,1203,2986,-1783
101000293,60,63,-3
101000294,834,496,338
101000295,189,409,-220
101000301,713,669,44
101000304,2270,2691,-421
101000305,3050,1356,1694
101900001,36,51,-15
101900002,0,12,-12
101900003,65,165,-100
101900004,5,85,-80
101900005,3180,3225,-45
101900006,1438,111,1327
101900007,1085,239,846
101900008,107,381,-274
101900009,58,497,-439
101900010,766,813,-47
101900011,262,1386,-1124
101900012,419,206,213
101900013,770,219,551
101900017,13,164,-151
101900018,933,254,679
101900019,219,156,63
101900020,454,265,189
101900021,16,66,-50
101900022,221,967,-746
101900023,165,199,-34
102000001,2799,5384,-2585
102000002,2530,1139,1391
102000003,3308,8483,-5175
102000004,5347,3185,2162
102000005,1393,2513,-1120
102000006,1094,2086,-992
102000007,1847,5156,-3309
102000008,3979,1747,2232
102000009,7859,9047,-1188
102000010,5591,3305,2286
102000011,3754,3347,407
102000012,3252,2748,504
102000018,2873,2856,17
102000019,2340,1794,546
102000026,230,654,-424
102000029,280,227,53
102000030,153,411,-258
102000031,61,152,-91
102000032,588,288,300
102000033,283,382,-99
102000034,606,496,110
102000035,1537,874,663
102000036,21,275,-254
102000037,171,59,112
102000038,180,332,-152
102000039,207,84,123
102000040,420,313,107
102000041,201,421,-220
102000042,313,486,-173
102000043,231,226,5
102000044,353,444,-91
102000045,845,817,28
102000046,1280,694,586
102000047,1088,932,156
102000048,561,999,-438
102000049,1069,886,183
102000050,1197,1150,47
102000051,474,726,-252
102000052,1339,805,534
102000053,1010,917,93
102000054,745,1015,-270
102000055,1587,510,1077
102000056,1277,952,325
102000057,1708,621,1087
102000058,1281,1272,9
102000059,1578,1412,166
102000060,1289,1051,238
102000061,1964,1688,276
102000062,2100,1265,835
102000063,1188,1440,-252
102000064,757,803,-46
102000065,58,213,-155
102000066,844,812,32
102000067,2282,2979,-697
102000068,10320,2689,7631
102000069,74,2319,-2245
102000070,1414,48,1366
102000071,7105,8605,-1500
102000072,3202,3832,-630
102000073,2905,1484,1421
102000074,1154,2272,-1118
102000075,226,532,-306
102000076,303,370,-67
102000077,744,667,77
102000078,1156,586,570
102000079,251,254,-3
102000080,292,306,-14
102000081,433,972,-539
102000082,730,572,158
102000083,684,324,360
102000084,444,292,152
102000085,2245,1009,1236
102000086,1307,1102,205
102000087,1179,1567,-388
102000088,497,354,143
102000089,1727,533,1194
102000090,639,1348,-709
102000091,1455,862,593
102000092,328,712,-384
102000093,573,665,-92
102000094,1037,844,193
102000095,1105,1504,-399
102000096,796,987,-191
102000097,853,1126,-273
102000098,703,901,-198
102000099,838,1000,-162
102000100,492,1487,-995
102000101,787,904,-117
102000102,287,1302,-1015
102000103,1812,493,1319
102000104,621,356,265
102000105,304,511,-207
102000106,963,573,390
102000107,1575,514,1061
102000108,886,209,677
102000109,744,525,219
102000110,1400,865,535
102000111,23,337,-314
102000112,255,125,130
102000113,19,22,-3
102000114,806,402,404
102000115,305,381,-76
102000116,544,573,-29
102000117,195,770,-575
102000118,1376,1306,70
102000119,1436,1047,389
102000120,246,555,-309
102000121,1246,757,489
102000122,955,1101,-146
102000123,1388,1419,-31
102000124,1697,1229,468
102000125,1115,1210,-95
102000126,1023,775,248
102000127,1439,770,669
102000128,1047,985,62
102000129,1772,734,1038
102000130,1036,881,155
102000131,2491,740,1751
102000132,939,1217,-278
102000133,2577,1629,948
102000134,1072,737,335
102000135,1008,1084,-76
102000136,1264,700,564
102000137,994,1537,-543
102000138,340,627,-287
102000139,192,733,-541
102000140,270,751,-481
102000141,387,1042,-655
102000142,402,421,-19
102000143,233,340,-107
102000144,423,385,38
102000145,528,496,32
102000146,629,365,264
102000147,693,506,187
102000148,271,702,-431
102000149,280,324,-44
102000150,599,160,439
102000151,139,249,-110
102000152,215,163,52
102000153,1204,669,535
102000154,269,529,-260
102000155,98,325,-227
102000156,318,171,147
102000157,96,388,-292
102000158,266,352,-86
102000159,749,590,159
102000161,2821,2567,254
102000162,152,174,-22
102000163,149,578,-429
102000164,956,1405,-449
102000165,267,123,144
102000166,113,211,-98
102000167,298,219,79
102000168,372,149,223
102000169,159,627,-468
102000170,446,320,126
102000171,219,381,-162
102000172,353,626,-273
102000173,447,414,33
102000174,117,87,30
102000175,252,100,152
102000176,117,28,89
102000178,307,369,-62
102000179,498,268,230
102000180,1282,434,848
102000181,962,548,414
102000182,687,486,201
102000183,2110,1370,740
102000184,2275,768,1507
102000185,3253,1155,2098
102000186,1393,1408,-15
102000187,898,1271,-373
102000188,1246,1339,-93
102000189,2115,678,1437
102000190,725,3021,-2296
102000191,1689,570,1119
102000192,1436,1584,-148
102000193,73,112,-39
102000194,64,126,-62
102000195,475,421,54
102000196,255,286,-31
102000197,863,358,505
102000198,291,534,-243
102000199,1183,288,895
102000200,391,851,-460
102000201,1436,527,909
102000202,7,100,-93
102000203,471,202,269
102000204,599,560,39
102000205,1452,429,1023
102000206,901,541,360
102000207,995,559,436
102000208,513,476,37
102000209,133,70,63
102000210,431,351,80
102000211,652,291,361
102000212,451,13,438
102000213,20,260,-240
102000214,427,10,417
102000215,19,294,-275
102000216,73,78,-5
102000217,24,102,-78
102000218,381,204,177
102000219,357,220,137
102000225,527,723,-196
102000226,2644,1464,1180
102000227,199,1,198
102000228,0,85,-85
102000229,32,72,-40
102000230,362,352,10
102000231,294,436,-142
102000232,27,129,-102
102000233,472,596,-124
102000234,172,1170,-998
102000236,288,84,204
102000237,489,138,351
102000238,177,281,-104
102000240,575,666,-91
102000241,231,196,35
102000243,26,54,-28
102000245,14,122,-108
102000246,14,68,-54
102000247,295,434,-139
102000248,267,654,-387
102000249,172,122,50
102000250,92,272,-180
102000254,191,234,-43
102000266,46,422,-376
102000271,17,0,17
102000286,486,431,55
102000297,2491,1199,1292
102000299,0,0,0
102000300,0,0,0
102000301,0,0,0
102000303,0,1,-1
102000305,0,0,0
102000306,0,0,0
102000307,0,7,-7
102000308,0,0,0
102900001,1523,739,784
102900002,499,48,451
102900003,86,171,-85
102900005,493,266,227
102900006,679,129,550
102900007,643,37,606
102900008,264,71,193
102900009,626,454,172
102900010,484,1051,-567
102900011,1661,438,1223
102900012,494,108,386
102900013,55,62,-7
102900015,805,656,149
102900016,117,104,13
102900017,246,452,-206
102900018,83,111,-28
102900019,442,533,-91
102900020,211,29,182
102900021,47,113,-66
102900022,631,208,423
102900023,49,53,-4
102900024,58,70,-12
102900025,223,141,82
102900026,470,2273,-1803
102900027,116,82,34
102900028,237,940,-703
102900029,211,215,-4
102900030,695,398,297
102900031,263,156,107
102900032,141,126,15
102900033,164,184,-20
102900034,693,87,606
102900035,206,323,-117
102900036,416,374,42
102900037,588,384,204
102900038,668,390,278
102900039,17,671,-654
102900040,248,353,-105
102900041,136,201,-65
102900042,259,260,-1
102900043,229,205,24
102900044,789,1785,-996
102900045,185,530,-345
102900046,156,226,-70
102900047,169,562,-393
102900048,656,466,190
102900049,192,383,-191
102900050,368,373,-5
102900051,223,249,-26
102900052,101,98,3
102900053,372,582,-210
102900054,666,1414,-748
102900055,152,325,-173
102900056,138,350,-212
102900057,5,60,-55
102900058,480,106,374
102900059,26,74,-48
102900060,179,420,-241
102900061,290,428,-138
102900062,337,775,-438
102900063,1369,468,901
102900064,131,535,-404
102900065,1266,550,716
102900066,460,38,422
102900068,158,111,47
102900070,250,534,-284
102900072,37,80,-43
102900073,156,16,140
102900074,249,302,-53
102900075,21,70,-49
102900076,130,199,-69
102900077,49,53,-4
102900078,33,85,-52
102900079,218,19,199
102900080,436,47,389
102900081,136,401,-265
102900082,14,213,-199
102900083,151,20,131
102900084,15,52,-37
102900085,411,148,263
102900086,49,76,-27
102900087,202,126,76
102900088,55,34,21
102900089,217,132,85
102900090,4,328,-324
102900091,256,4,252
102900092,666,834,-168
102900093,324,241,83
102900094,4,201,-197
102900095,162,2,160
102900096,88,23,65
102900097,2,95,-93
103000001,2557,2129,428
103000002,2055,2335,-280
103000003,3369,3297,72
103000004,944,845,99
103000005,1820,3104,-1284
103000006,940,1486,-546
103000007,449,705,-256
103000008,1006,630,376
103000009,1591,1111,480
103000010,148,81,67
103000011,1593,1485,108
103000012,1685,1448,237
103000013,3334,1994,1340
103000014,1624,3026,-1402
103000015,1557,663,894
103000016,608,1599,-991
103000017,272,414,-142
103000018,655,326,329
103000019,363,366,-3
103000020,1966,1305,661
103000021,2009,1908,101
103000022,695,894,-199
103000023,679,1856,-1177
103000024,110,125,-15
103000025,117,808,-691
103000026,857,147,710
103000027,337,716,-379
103000028,359,450,-91
103000029,185,335,-150
103000030,1531,1399,132
103000031,1247,2066,-819
103000032,2346,1677,669
103000033,3377,3096,281
103000034,1514,1375,139
103000035,523,1430,-907
103000036,419,580,-161
103000037,623,629,-6
103000038,603,997,-394
103000039,597,323,274
103000040,541,776,-235
103000041,1687,1624,63
103000042,1349,455,894
103000043,686,761,-75
103000044,310,173,137
103000046,502,537,-35
103000047,641,563,78
103000048,279,236,43
103000049,228,163,65
103000050,814,419,395
103000051,787,460,327
103000052,838,369,469
103000053,284,601,-317
103000054,2811,1336,1475
103000055,2134,2041,93
103000056,855,1252,-397
103000057,854,293,561
103000058,763,850,-87
103000059,604,821,-217
103000060,777,509,268
103000061,489,877,-388
103000062,1421,555,866
103000063,960,1040,-80
103000064,144,219,-75
103000065,9,381,-372
103000066,239,16,223
103000069,534,288,246
103000070,1202,758,444
103000071,1458,600,858
103000072,151,666,-515
103000073,718,142,576
103000074,908,128,780
103000075,135,592,-457
103000076,403,448,-45
103000077,41,364,-323
103000078,786,724,62
103000079,638,701,-63
103000080,926,457,469
103000081,560,1299,-739
103000082,537,217,320
103000083,147,282,-135
103000084,133,9,124
103000085,4,83,-79
103000086,575,433,142
103000087,202,624,-422
103000088,211,266,-55
103000089,249,432,-183
103000090,2328,887,1441
103000091,671,529,142
103000092,280,263,17
103000093,265,373,-108
103000094,300,114,186
103000095,94,345,-251
103000096,646,80,566
103000097,83,740,-657
103000098,920,205,715
103000099,338,764,-426
103000100,177,671,-494
103000101,1166,124,1042
103000102,158,469,-311
103000103,789,136,653
103000104,92,108,-16
103000105,215,96,119
103000106,20,163,-143
103000107,244,68,176
103000108,958,533,425
103000109,436,445,-9
103000110,466,532,-66
103000111,412,446,-34
103000112,316,213,103
103000113,592,651,-59
103000114,1239,493,746
103000115,815,423,392
103000116,676,404,272
103000117,563,475,88
103000118,556,540,16
103000119,1001,449,552
103000120,83,126,-43
103000121,213,495,-282
103000122,396,455,-59
103000125,37,275,-238
103000126,991,5,986
103000127,4,170,-166
103000128,263,3,260
103000129,4,136,-132
103000130,107,66,41
103000131,214,112,102
103000132,96,241,-145
103000133,36,147,-111
103000134,454,1031,-577
103000135,686,310,376
103000136,547,544,3
103000137,498,700,-202
103000138,734,738,-4
103000139,7,94,-87
103000140,116,35,81
103000141,64,136,-72
103000142,152,75,77
103000143,102,160,-58
103000144,218,48,170
103000145,51,209,-158
103000150,136,42,94
103000152,185,231,-46
103000153,225,163,62
103000156,16,320,-304
103000157,692,4,688
103000159,200,58,142
103000162,80,18,62
103000163,11,54,-43
103000164,14,3,11
103000165,72,193,-121
103000166,266,338,-72
103000167,170,98,72
103000168,147,178,-31
103000169,261,520,-259
103000170,1083,336,747
103000171,61,120,-59
103000172,743,320,423
103000173,803,475,328
103000174,268,262,6
103000175,421,234,187
103000176,889,670,219
103000177,532,406,126
103000178,259,323,-64
103000179,398,53,345
103000183,201,13,188
103000185,139,43,96
103000186,182,151,31
103000187,866,273,593
103000188,20,101,-81
103000189,763,609,154
103000191,708,632,76
103000292,1071,2046,-975
103000293,1117,3166,-2049
103000295,112,97,15
103000296,250,1,249
103000297,70,121,-51
103000504,37,11,26
103000505,6,47,-41
103000506,4,205,-201
103000507,209,2,207
103000508,63,116,-53
103000509,234,548,-314
103900001,5,147,-142
103900002,1008,170,838
103900003,1311,267,1044
103900004,192,1,191
103900005,0,165,-165
103900006,9,4,5
103900007,77,12,65
103900008,22,1,21
103900009,366,549,-183
103900010,201,446,-245
103900011,441,177,264
103900012,42,47,-5
103900013,69,40,29
103900014,95,21,74
103900015,89,17,72
103900016,361,226,135
103900017,50,67,-17
103900018,696,231,465
103900019,151,427,-276
103900020,233,528,-295
103900021,409,72,337
103900022,1404,724,680
103900023,186,3,183
103900024,106,374,-268
103900025,26,59,-33
103900026,314,0,314
103900027,937,256,681
103900028,32,321,-289
103900029,1281,204,1077
103900030,309,128,181
103900031,59,22,37
103900032,103,80,23
103900033,105,23,82
103900034,49,102,-53
103900035,143,58,85
103900036,30,31,-1
103900037,104,96,8
103900038,129,211,-82
103900039,129,287,-158
103900040,8,104,-96
103900041,119,55,64
103900042,115,225,-110
103900043,224,87,137
103900044,96,227,-131
103900045,727,222,505
103900047,107,22,85
103900048,61,31,30
103900049,273,1115,-842
103900050,21,177,-156
103900051,2,41,-39
103900052,292,373,-81
103900053,299,510,-211
103900054,166,345,-179
103900055,606,242,364
103900056,102,56,46
103900057,67,100,-33
103900058,339,553,-214
103900059,0,27,-27
103900060,54,171,-117
103900061,213,34,179
103900062,455,179,276
103900063,30,0,30
103900064,170,2,168
103900065,940,434,506
103900066,225,35,190
103900067,259,18,241
103900068,14,2,12
103900069,98,11,87
103900070,207,162,45
103900071,18,100,-82
103900072,31,182,-151
103900073,30,29,1
103900074,76,63,13
103900075,348,75,273
103900076,666,405,261
103900077,52,120,-68
103900078,643,111,532
103900079,170,240,-70
103900080,15,45,-30
103900081,47,43,4
103900082,17,137,-120
103900083,1099,1285,-186
103900084,89,201,-112
103900085,80,127,-47
103900086,1037,439,598
103900087,20,72,-52
103900088,486,694,-208
103900089,70,147,-77
103900090,1,97,-96
103900091,1110,208,902
103900092,926,553,373
103900093,86,290,-204
103900094,46,86,-40
103900095,281,279,2
103900096,36,128,-92
103900097,14,456,-442
103900098,352,142,210
103900099,65,115,-50
103900100,369,327,42
103900101,107,1061,-954
103900102,0,27,-27
103900104,5,28,-23
103900105,142,219,-77
103900106,0,110,-110
103900107,158,205,-47
103900108,65,288,-223
103900109,182,77,105
103900110,304,58,246
103900111,142,488,-346
103900112,90,130,-40
103900113,141,283,-142
103900114,544,318,226
103900115,343,238,105
103900116,4264,3973,291
103900117,135,82,53
103900119,45,112,-67
103900120,111,124,-13
103900122,174,180,-6
103900123,1253,815,438
103900124,75,421,-346
103900125,148,68,80
103900126,725,340,385
103900127,212,391,-179
103900128,227,152,75
103900131,51,157,-106
103900133,1112,203,909
103900134,0,14,-14
103900135,14,6,8
103900137,0,27,-27
103900138,249,171,78
103900139,242,2591,-2349
103900140,4,236,-232
103900141,371,50,321
103900142,386,101,285
103900143,129,7,122
103900144,0,46,-46
103900145,225,228,-3
103900146,386,200,186
103900147,538,190,348
103900148,304,364,-60
103900149,454,537,-83
103900150,4978,5157,-179
103900151,44,189,-145
103900152,818,447,371
103900153,13,3,10
103900154,708,2179,-1471
103900155,61,188,-127
103900156,67,168,-101
103900157,83,172,-89
103900158,149,142,7
103900159,231,79,152
103900160,77,51,26
103900161,126,175,-49
103900162,80,196,-116
103900163,16,413,-397
103900164,21,3,18
103900167,28,128,-100
103900168,156,92,64
103900169,107,57,50
103900170,3,125,-122
103900171,5,55,-50
103900172,8,23,-15
103900173,15,10,5
103900174,315,97,218
103900175,78,83,-5
103900176,12,43,-31
103900177,10,93,-83
103900178,61,77,-16
103900179,79,97,-18
103900180,11,69,-58
103900181,57,42,15
103900182,53,15,38
103900184,523,149,374
103900185,124,499,-375
103900187,21,110,-89
103900188,59,25,34
103900189,104,5,99
103900190,85,63,22
103900191,30,35,-5
103900192,68,75,-7
103900193,185,199,-14
103900194,79,218,-139
103900195,14,100,-86
103900196,59,63,-4
103900197,30,46,-16
103900198,21,51,-30
103900199,185,48,137
103900200,240,116,124
103900201,217,212,5
103900202,36,65,-29
103900203,50,22,28
103900204,1,79,-78
103900207,0,77,-77
103900208,157,3,154
103900209,6,104,-98
103900210,55,18,37
103900211,709,292,417
103900212,124,308,-184
103900213,83,242,-159
103900214,248,167,81
103900215,245,376,-131
103900216,9,312,-303
103900217,392,31,361
103900218,0,249,-249
103900219,205,186,19
103900233,82,2,80
103900235,11,28,-17
103900236,10,5,5
103900242,5,9,-4
103900243,6,8,-2
103900244,153,138,15
103900245,98,191,-93
103900246,63,38,25
103900247,25,105,-80
103900248,27,88,-61
103900249,20,58,-38
103900250,23,24,-1
103900251,2,39,-37
103900253,28,132,-104
103900254,3,39,-36
103900255,9,22,-13
103900256,8,24,-16
103900257,70,100,-30
103900258,17,1,16
103900259,80,4,76
103900261,14,3,11
103900262,4,7,-3
103900263,14,41,-27
103900264,55,36,19
103900265,26,14,12
103900266,7,103,-96
103900267,11,80,-69
103900268,8,43,-35
103900269,169,110,59
103900270,55,99,-44
104000001,2337,2135,202
104000002,1790,2006,-216
104000003,2380,2021,359
104000004,2626,2528,98
104000005,1877,1868,9
104000006,2991,2456,535
104000007,3917,3943,-26
104000008,198,231,-33
104000009,193,93,100
104000010,205,339,-134
104000011,383,227,156
104000012,155,245,-90
104000013,240,202,38
104000014,238,486,-248
104000015,350,186,164
104000016,559,340,219
104000018,943,145,798
104000019,711,252,459
104000020,131,400,-269
104000021,276,364,-88
104000022,155,252,-97
104000023,1045,330,715
104000024,248,314,-66
104000026,52,298,-246
104000027,268,180,88
104000028,438,234,204
104000029,331,259,72
104000030,295,200,95
104000031,1537,346,1191
104000032,228,216,12
104000033,807,470,337
104000034,435,202,233
104000035,1172,414,758
104000036,896,522,374
104000037,340,212,128
104000038,570,278,292
104000039,337,178,159
104000040,259,369,-110
104000041,816,314,502
104000042,232,258,-26
104000043,238,256,-18
104000044,270,478,-208
104000045,943,860,83
104000046,844,1347,-503
104000047,634,983,-349
104000048,1230,1061,169
104000049,692,349,343
104000050,207,739,-532
104000051,167,457,-290
104000052,1990,1568,422
104000053,1118,348,770
104000054,761,289,472
104000055,3451,2168,1283
104000056,999,216,783
104000057,105,341,-236
104000058,986,712,274
104000059,545,909,-364
104000060,1154,1108,46
104000061,1255,919,336
104000062,458,103,355
104000064,440,269,171
104000065,253,689,-436
104000069,695,1046,-351
104000070,79,587,-508
104000071,121,403,-282
104000072,775,216,559
104000075,138,273,-135
104000076,605,177,428
104000082,2468,3401,-933
104000083,869,290,579
104000084,118,474,-356
104000085,353,427,-74
104000086,251,342,-91
104000087,474,2232,-1758
104000090,951,1112,-161
104000092,1478,1543,-65
104000094,1065,1209,-144
104000095,1948,1329,619
104000096,1717,131,1586
104000097,2091,653,1438
104000098,2626,769,1857
104000100,2229,612,1617
104000101,1189,1359,-170
104000106,63,668,-605
104000107,609,393,216
104000108,297,408,-111
104000109,332,77,255
104000110,868,1092,-224
104000111,2976,2960,16
104000112,1475,538,937
104000116,1,773,-772
104000117,199,478,-279
104000118,817,234,583
104000119,786,245,541
104000120,291,613,-322
104000121,285,638,-353
104000122,639,751,-112
104000123,676,697,-21
104000124,659,1634,-975
104000125,2970,4974,-2004
104000126,502,444,58
104000127,1256,1764,-508
104000128,655,402,253
104000129,415,28,387
104000130,14,353,-339
104000131,310,311,-1
104000132,387,376,11
104000133,1351,737,614
104000134,1124,1744,-620
104000135,478,2066,-1588
104000136,768,4480,-3712
104000137,1729,525,1204
104000138,925,389,536
104000139,4275,2915,1360
104000141,968,1031,-63
104000142,578,508,70
104000143,573,366,207
104000144,137,197,-60
104000145,408,206,202
104000146,249,428,-179
104000147,179,304,-125
104000148,448,201,247
104000149,162,240,-78
104000150,1180,580,600
104000151,351,387,-36
104000152,581,520,61
104000153,723,647,76
104000154,903,495,408
104000155,599,522,77
104000157,977,1104,-127
104000158,352,627,-275
104000159,1122,622,500
104000160,2020,2066,-46
104000161,184,271,-87
104000162,111,137,-26
104000165,847,962,-115
104000167,855,1159,-304
104000168,665,6,659
104000169,150,29,121
104000170,335,611,-276
104000248,336,483,-147
104000251,85,178,-93
104000272,0,0,0
104000273,0,0,0
104000274,0,0,0
104000275,0,0,0
104000279,744,524,220
104000290,99,282,-183
104000291,440,977,-537
104000293,906,681,225
104000294,73,3,70
104000295,516,704,-188
104000296,407,660,-253
104000297,746,1882,-1136
104000298,1948,803,1145
104000299,783,1247,-464
104900001,213,400,-187
104900002,98,229,-131
104900003,48,321,-273
104900004,105,225,-120
104900005,389,346,43
104900006,440,95,345
104900007,323,233,90
104900009,197,287,-90
104900010,122,68,54
104900011,56,19,37
104900012,357,44,313
104900013,135,9,126
104900014,2016,309,1707
104900015,79,14,65
104900016,297,197,100
104900017,213,195,18
104900018,14,154,-140
104900019,264,3524,-3260
104900020,63,226,-163
104900021,1,113,-112
104900022,22,98,-76
104900023,1,55,-54
104900024,30,79,-49
104900025,69,251,-182
104900026,10,74,-64
104900027,788,332,456
104900028,34,83,-49
104900029,44,59,-15
104900030,610,265,345
104900031,104,206,-102
104900032,48,130,-82
104900033,208,293,-85
104900034,438,226,212
104900035,390,256,134
104900036,300,97,203
104900037,189,224,-35
104900038,454,1060,-606
104900039,620,620,0
104900040,542,138,404
104900041,338,192,146
104900042,185,194,-9
104900043,24,221,-197
104900044,839,222,617
104900045,492,65,427
104900046,325,149,176
104900047,457,142,315
104900048,397,81,316
104900049,52,30,22
104900050,411,151,260
104900051,349,66,283
104900052,117,3,114
104900053,519,135,384
104900054,227,22,205
104900055,170,1,169
104900056,212,25,187
104900057,73,1,72
104900058,1021,858,163
104900059,156,85,71
104900060,5,407,-402
104900061,191,413,-222
104900063,0,115,-115
104900064,0,79,-79
104900065,4,189,-185
104900066,6,141,-135
104900067,4,239,-235
104900068,24,192,-168
104900070,199,287,-88
104900071,5,488,-483
104900072,65,257,-192
104900073,133,177,-44
104900074,77,159,-82
104900075,75,56,19
104900076,129,229,-100
104900077,963,382,581
104900078,190,377,-187
104900079,133,681,-548
104900080,134,463,-329
104900082,7,364,-357
104900085,1,187,-186
104900087,530,8,522
104900089,334,0,334
104900090,1192,743,449
104900091,1068,552,516
104900093,198,471,-273
104900097,2362,2610,-248
104900098,192,41,151
104900099,96,608,-512
104900100,401,376,25
104900102,46,170,-124
104900103,420,64,356
104900104,2306,2377,-71
104900106,165,122,43
104900107,144,210,-66
104900108,100,219,-119
104900109,278,267,11
104900110,12,58,-46
104900111,324,156,168
104900112,346,453,-107
104900113,863,334,529
104900114,421,330,91
104900115,938,368,570
104900116,328,151,177
104900118,29,43,-14
104900119,13,62,-49
104900120,20,284,-264
104900121,2,55,-53
104900122,3,48,-45
104900123,116,16,100
104900124,76,0,76
104900125,564,5,559
104900126,66,61,5
104900127,50,43,7
104900128,107,181,-74
104900129,1234,2374,-1140
105000001,2676,1355,1321
105000002,2322,1380,942
105000003,3110,3993,-883
105000004,699,698,1
105000005,1017,1036,-19
105000006,1467,1798,-331
105000007,1252,1642,-390
105000008,1588,3445,-1857
105000009,2757,2957,-200
105000010,3005,1651,1354
105000011,4070,2728,1342
105000012,3889,2426,1463
105000013,1064,1122,-58
105000014,2739,2955,-216
105000015,10507,16899,-6392
105000016,2137,2184,-47
105000017,1438,977,461
105000018,1255,1572,-317
105000019,1266,937,329
105000020,168,420,-252
105000021,315,132,183
105000022,267,150,117
105000023,617,397,220
105000028,73,104,-31
105000029,875,1536,-661
105000030,4105,2320,1785
105000033,945,1587,-642
105000034,188,1012,-824
105000037,602,313,289
105000038,2100,1815,285
105000039,2164,1589,575
105000040,1170,1220,-50
105000041,819,1223,-404
105000042,3668,2065,1603
105000043,1668,2562,-894
105000044,777,532,245
105000045,425,732,-307
105000046,1545,296,1249
105000047,631,1047,-416
105000048,683,230,453
105000049,270,486,-216
105000050,755,437,318
105000051,119,370,-251
105000052,771,924,-153
105000053,114,122,-8
105000054,493,786,-293
105000055,787,343,444
105000056,2129,1863,266
105000057,1513,782,731
105000058,1367,1036,331
105000059,1052,664,388
105000060,482,615,-133
105000061,783,517,266
105000062,546,621,-75
105000063,336,335,1
105000064,1790,762,1028
105000065,339,476,-137
105000066,1117,1288,-171
105000067,1625,756,869
105000068,353,761,-408
105000069,1576,2189,-613
105000070,512,1034,-522
105000071,251,1045,-794
105000072,785,2427,-1642
105000073,1005,702,303
105000074,1030,675,355
105000075,485,892,-407
105000076,1072,997,75
105000077,2238,1190,1048
105000078,1312,1311,1
105000079,1161,2889,-1728
105000080,2254,1847,407
105000081,2960,1308,1652
105000082,1128,1875,-747
105000083,4171,4080,91
105000084,517,816,-299
105000085,2144,2264,-120
105000086,587,842,-255
105000087,1369,1757,-388
105000088,1349,1581,-232
105000089,2748,2211,537
105000090,1049,813,236
105000091,1181,1503,-322
105000092,819,927,-108
105000093,387,265,122
105000094,380,350,30
105000095,149,498,-349
105000096,1257,1106,151
105000097,953,766,187
105000098,981,712,269
105000099,745,708,37
105000100,1508,1104,404
105000101,2103,1929,174
105000102,2187,1434,753
105000103,1762,2435,-673
105000104,3014,1155,1859
105000105,1653,1832,-179
105000106,2054,1759,295
105000107,1973,1018,955
105000108,2350,1363,987
105000109,2192,1639,553
105000110,1084,583,501
105000111,990,665,325
105000112,1415,712,703
105000113,493,823,-330
105000114,2204,1108,1096
105000115,307,1271,-964
105000116,979,617,362
105000117,865,638,227
105000118,776,533,243
105000119,791,826,-35
105000120,1513,632,881
105000121,947,838,109
105000122,557,670,-113
105000123,1222,1135,87
105000124,2260,849,1411
105000125,906,1652,-746
105000126,2484,1409,1075
105000127,3002,1809,1193
105000128,1016,956,60
105000129,1080,333,747
105000130,397,3052,-2655
105000131,664,309,355
105000132,1005,708,297
105000133,632,935,-303
105000134,1099,644,455
105000135,513,557,-44
105000136,76,156,-80
105000137,508,268,240
105000138,112,173,-61
105000139,1050,811,239
105000140,350,504,-154
105000141,414,502,-88
105000142,264,450,-186
105000143,309,661,-352
105000144,337,764,-427
105000145,760,329,431
105000146,409,836,-427
105000147,780,335,445
105000148,1321,655,666
105000149,3143,2561,582
105000150,2142,1498,644
105000151,746,444,302
105000152,237,519,-282
105000153,624,827,-203
105000154,608,546,62
105000155,352,1056,-704
105000156,816,690,126
105000157,901,1492,-591
105000158,2267,821,1446
105000159,304,924,-620
105000160,2320,692,1628
105000161,702,948,-246
105000162,689,2007,-1318
105000163,1111,790,321
105000164,292,283,9
105000165,845,5935,-5090
105000166,4779,1310,3469
105000167,1432,2071,-639
105000168,539,554,-15
105000169,664,372,292
105000170,386,1345,-959
105000171,1070,257,813
105000172,235,77,158
105000173,340,187,153
105000174,132,83,49
105000175,104,97,7
105000176,616,132,484
105000177,397,208,189
105000178,279,639,-360
105000179,784,229,555
105000180,203,109,94
105000181,250,278,-28
105000182,98,69,29
105000183,2070,2012,58
105000184,1134,1191,-57
105000185,1528,1117,411
105000186,571,774,-203
105000187,1019,309,710
105000188,330,208,122
105000189,227,513,-286
105000190,385,444,-59
105000191,408,304,104
105000192,406,67,339
105000193,94,176,-82
105000194,454,112,342
105000195,513,762,-249
105000196,62,258,-196
105000197,371,606,-235
105000198,526,327,199
105000199,186,607,-421
105000200,127,393,-266
105000201,124,31,93
105000203,9,136,-127
105000204,89,87,2
105000205,121,212,-91
105000207,487,228,259
105000208,274,819,-545
105000209,245,309,-64
105000212,1491,1103,388
105000213,164,181,-17
105000214,223,250,-27
105000215,452,181,271
105000216,174,394,-220
105000217,162,341,-179
105000218,1700,1113,587
105000221,189,164,25
105000222,541,246,295
105000223,384,298,86
105000226,108,248,-140
105000227,119,154,-35
105000228,240,2189,-1949
105000229,216,539,-323
105000231,365,339,26
105000233,952,635,317
105000234,576,1038,-462
105000235,455,561,-106
105000237,817,101,716
105000243,29,121,-92
105000248,67,98,-31
105000262,396,971,-575
105000269,138,201,-63
105000270,496,50,446
105000271,0,137,-137
105000282,93,45,48
105000287,456,94,362
105000288,1088,463,625
105000289,2074,2002,72
105000290,55,8,47
105000402,3117,4528,-1411
105000426,383,793,-410
105000438,3322,1509,1813
105000446,9277,5720,3557
105000447,5250,2790,2460
105000454,692,553,139
105000455,218,216,2
105000474,46,1,45
105000477,636,595,41
105000478,2341,5456,-3115
105000479,143,119,24
105000480,8087,7017,1070
105000481,4687,4064,623
105000482,4295,6411,-2116
105000483,1843,2389,-546
105000484,2334,2843,-509
105000485,1805,3312,-1507
105000486,3418,2379,1039
105000488,7671,4469,3202
105000489,1075,850,225
105000549,120,173,-53
105000550,488,1574,-1086
105000551,30,114,-84
105000552,2142,1382,760
105900001,12,2027,-2015
105900002,1003,806,197
105900003,22,114,-92
105900004,267,163,104
105900005,17,289,-272
105900006,19,130,-111
105900007,158,31,127
105900008,100,467,-367
105900009,47,23,24
105900011,225,65,160
105900012,800,145,655
105900013,4,30,-26
105900014,19,87,-68
105900015,205,447,-242
105900016,580,514,66
105900017,1695,57,1638
105900018,228,153,75
105900019,80,553,-473
105900020,56,35,21
105900021,42,571,-529
105900022,283,213,70
105900023,12,128,-116
105900024,18,188,-170
105900025,323,39,284
105900026,298,27,271
105900027,11943,8174,3769
105900028,582,732,-150
105900029,1758,387,1371
105900030,269,296,-27
105900031,406,200,206
105900032,119,139,-20
105900033,96,153,-57
105900034,308,227,81
105900035,273,199,74
105900036,139,128,11
105900037,80,80,0
105900038,209,249,-40
105900039,215,94,121
105900040,62,112,-50
105900041,171,234,-63
105900042,91,129,-38
105900043,1268,96,1172
105900044,10,264,-254
105900045,9,894,-885
105900046,3,265,-262
105900047,26,78,-52
105900048,116,571,-455
105900050,5631,5056,575
105900051,78,1236,-1158
105900052,767,283,484
105900053,2903,3660,-757
105900054,441,196,245
105900056,805,478,327
105900057,65,155,-90
105900058,37,15,22
105900059,1,66,-65
106000001,4213,3082,1131
106000002,2031,5667,-3636
106000003,3336,3798,-462
106000004,1445,2609,-1164
106000005,3758,5617,-1859
106000006,5187,2843,2344
106000007,572,528,44
106000008,513,292,221
106000009,639,357,282
106000010,610,572,38
106000011,1294,1147,147
106000012,1043,1108,-65
106000013,2074,2130,-56
106000014,2010,1352,658
106000015,2259,1303,956
106000016,1271,1667,-396
106000017,597,742,-145
106000018,633,389,244
106000019,505,472,33
106000020,409,323,86
106000021,335,480,-145
106000022,341,170,171
106000023,652,363,289
106000024,813,388,425
106000025,174,218,-44
106000026,83,174,-91
106000027,1794,1373,421
106000028,673,321,352
106000029,720,857,-137
106000030,519,560,-41
106000034,277,509,-232
106000035,1064,2112,-1048
106000036,269,491,-222
106000037,1846,1238,608
106000038,287,130,157
106000039,152,140,12
106000040,155,828,-673
106000041,685,714,-29
106000043,599,257,342
106000046,431,93,338
106000047,42,389,-347
106000049,1104,290,814
106000050,351,529,-178
106000051,864,500,364
106000052,94,519,-425
106000053,514,164,350
106000054,394,391,3
106000055,1252,993,259
106000056,341,288,53
106000057,408,377,31
106000058,128,126,2
106000059,488,273,215
106000060,330,408,-78
106000061,281,622,-341
106000062,181,569,-388
106000063,720,611,109
106000064,41,381,-340
106000065,436,398,38
106000066,99,326,-227
106000067,606,113,493
106000068,80,492,-412
106000069,326,64,262
106000070,482,660,-178
106000071,1309,321,988
106000072,2450,1636,814
106000073,1370,3175,-1805
106000074,633,652,-19
106000075,292,1313,-1021
106000076,1754,2091,-337
106000077,3326,1356,1970
106000078,1244,856,388
106000079,784,881,-97
106000080,1489,628,861
106000081,877,1168,-291
106000082,2594,843,1751
106000083,525,1339,-814
106000084,1302,683,619
106000085,1475,1507,-32
106000086,723,801,-78
106000087,1020,494,526
106000088,464,684,-220
106000089,1247,320,927
106000090,293,681,-388
106000091,279,427,-148
106000092,748,250,498
106000093,358,106,252
106000094,81,238,-157
106000095,1000,608,392
106000096,991,674,317
106000097,1250,741,509
106000098,855,901,-46
106000099,246,654,-408
106000100,1368,233,1135
106000101,1014,273,741
106000102,179,556,-377
106000103,345,449,-104
106000104,754,401,353
106000105,569,505,64
106000106,796,420,376
106000107,173,204,-31
106000108,239,220,19
106000109,210,158,52
106000110,252,263,-11
106000111,212,299,-87
106000112,258,520,-262
106000113,607,491,116
106000114,437,622,-185
106000115,201,377,-176
106000116,295,178,117
106000117,1201,670,531
106000118,1358,1445,-87
106000119,1209,863,346
106000120,957,1330,-373
106000121,200,187,13
106000122,88,136,-48
106000123,615,147,468
106000124,65,167,-102
106000125,17,203,-186
106000126,338,97,241
106000127,1114,687,427
106000128,1067,176,891
106000129,489,432,57
106000130,821,295,526
106000131,124,582,-458
106000132,533,193,340
106000133,1514,1147,367
106000134,531,1797,-1266
106000135,164,435,-271
106000136,715,1036,-321
106000137,64,564,-500
106000138,1207,98,1109
106000139,56,137,-81
106000140,41,50,-9
106000141,145,44,101
106000142,98,84,14
106000143,52,57,-5
106000144,35,80,-45
106000145,277,191,86
106000146,478,145,333
106000147,329,380,-51
106000148,518,805,-287
106000149,689,301,388
106000150,532,1804,-1272
106000151,3265,811,2454
106000152,1202,2017,-815
106000153,103,1730,-1627
106000154,1050,151,899
106000155,126,296,-170
106000156,1115,298,817
106000157,823,1335,-512
106000158,1973,917,1056
106000159,2492,1935,557
106000160,584,2883,-2299
106000161,1559,306,1253
106000162,359,1114,-755
106000163,458,262,196
106000164,538,344,194
106000165,328,377,-49
106000166,980,326,654
106000167,423,707,-284
106000168,608,289,319
106000169,397,465,-68
106000170,985,213,772
106000171,274,1054,-780
106000172,2845,1400,1445
106000173,1070,2343,-1273
106000174,1367,370,997
106000175,324,781,-457
106000176,2027,878,1149
106000177,846,1898,-1052
106000178,3689,1532,2157
106000179,1040,1816,-776
106000180,879,1010,-131
106000181,1126,1757,-631
106000182,1578,709,869
106000183,1786,508,1278
106000184,2253,676,1577
106000185,1457,1345,112
106000186,866,192,674
106000187,282,1253,-971
106000188,0,5,-5
106000189,20,43,-23
106000190,37,3,34
106000191,701,206,495
106000192,3,34,-31
106000193,487,240,247
106000194,199,484,-285
106000195,1139,360,779
106000196,344,888,-544
106000197,636,400,236
106000198,209,255,-46
106000199,974,903,71
106000200,178,294,-116
106000201,466,3305,-2839
106000202,2800,687,2113
106000203,51,136,-85
106000204,99,14,85
106000205,16,136,-120
106000206,74,16,58
106000207,41,571,-530
106000208,1759,171,1588
106000209,1790,442,1348
106000210,435,820,-385
106000211,388,1023,-635
106000212,1296,455,841
106000213,586,2174,-1588
106000214,2335,996,1339
106000215,338,464,-126
106000216,415,314,101
106000217,255,303,-48
106000218,382,352,30
106000219,182,191,-9
106000220,387,182,205
106000221,272,190,82
106000222,56,71,-15
106000223,316,94,222
106000224,245,163,82
106000225,117,123,-6
106000226,84,217,-133
106000228,88,90,-2
106000229,95,508,-413
106000231,937,98,839
106000232,110,321,-211
106000233,671,71,600
106000234,138,238,-100
106000235,1098,154,944
106000236,354,119,235
106000237,4,11,-7
106000238,82,28,54
106000239,8,90,-82
106000240,62,4,58
106000241,14,560,-546
106000242,312,19,293
106000249,90,57,33
106000250,98,730,-632
106000251,119,18,101
106000252,35,76,-41
106000253,71,80,-9
106000254,62,46,16
106000255,33,130,-97
106000256,45,28,17
106000257,170,277,-107
106000258,341,30,311
106000259,3,57,-54
106000260,81,5,76
106000261,3,55,-52
106000262,109,9,100
106000263,14,68,-54
106000264,332,10,322
106000265,11,157,-146
106000266,142,46,96
106000267,5,79,-74
106000268,523,67,456
106000269,56,58,-2
106000270,180,395,-215
106000271,107,247,-140
106000272,258,43,215
106000273,6,339,-333
106000274,151,67,84
106000275,137,256,-119
106000276,187,34,153
106000277,144,297,-153
106000278,204,25,179
106000279,21,31,-10
106000280,130,51,79
106000281,86,25,61
106000282,93,56,37
106000283,118,49,69
106000284,107,97,10
106000285,166,74,92
106000286,117,132,-15
106000287,125,48,77
106000288,84,166,-82
106000289,103,38,65
106000290,57,88,-31
106000291,156,107,49
106000292,78,78,0
106000293,147,119,28
106000294,134,93,41
106000295,68,54,14
106000296,49,107,-58
106000297,73,278,-205
106000298,126,88,38
106000299,98,127,-29
106000300,66,83,-17
106000301,92,124,-32
106000303,48,117,-69
106000304,29,30,-1
106000305,65,48,17
106000306,44,50,-6
106000307,61,30,31
106000308,29,125,-96
106000309,27,62,-35
106000310,305,437,-132
106000311,432,189,243
106000312,96,142,-46
106000313,207,178,29
106000318,97,634,-537
106000319,1138,323,815
106000320,0,100,-100
106000321,281,157,124
106000322,193,96,97
106000324,18,134,-116
106000325,1983,998,985
106000326,1010,1542,-532
106000327,207,92,115
106000328,52,155,-103
106000329,175,257,-82
106000330,86,89,-3
106000428,89,108,-19
106000429,177,310,-133
106000430,376,928,-552
106000431,2512,412,2100
106000432,1517,2310,-793
106000433,2777,1272,1505
106000434,3243,1906,1337
106000435,1301,2310,-1009
106000436,10,163,-153
106000437,311,58,253
106000438,396,228,168
106000439,76,490,-414
106000440,268,396,-128
106000441,2,2,0
106000442,176,3,173
106000443,194,265,-71
106000450,3,108,-105
106000451,9,80,-71
106000454,0,207,-207
106000455,11,160,-149
106000456,86,20,66
106000457,15,719,-704
106000458,886,90,796
106000459,174,241,-67
106000460,1721,23,1698
106000461,126,833,-707
106000462,0,27,-27
106000463,7,20,-13
106000464,5,297,-292
106000465,931,6,925
106000466,5,398,-393
106000467,270,388,-118
106000468,111,163,-52
106000469,135,1,134
106000470,290,2034,-1744
106000471,32,448,-416
106000472,158,16,142
106000473,75,10,65
106000474,301,403,-102
106000475,314,217,97
106000476,128,260,-132
106000477,22,33,-11
106900001,0,28,-28
106900002,1,310,-309
106900003,221,866,-645
106900004,0,31,-31
106900006,0,6,-6
106900007,0,18,-18
106900008,448,208,240
106900009,359,300,59
106900010,265,282,-17
106900012,1420,2462,-1042
106900013,690,194,496
106900014,34,2,32
106900015,24,1,23
106900016,456,19,437
106900017,29,2,27
106900018,3,0,3
106900019,70,4,66
106900020,1914,1865,49
106900021,172,102,70
106900022,979,7,972
106900023,71,170,-99
106900024,638,47,591
106900025,56,504,-448
106900026,0,411,-411
106900027,932,25,907
107000001,4036,5424,-1388
107000002,2578,4497,-1919
107000003,7415,7350,65
107000004,4494,4160,334
107000005,6228,6048,180
107000006,4153,3331,822
107000007,6822,11108,-4286
107000008,9242,6970,2272
107000009,9421,8339,1082
107000010,9380,7758,1622
107000011,1133,1264,-131
107000012,3702,2459,1243
107000013,86,59,27
107000014,36,159,-123
107000015,525,560,-35
107000016,972,619,353
107000017,2095,2268,-173
107000018,15,1524,-1509
107000020,1394,2208,-814
107000021,1384,427,957
107000022,935,1772,-837
107000023,2286,215,2071
107000024,687,1334,-647
107000025,291,374,-83
107000026,367,405,-38
107000027,1411,950,461
107000028,1426,1116,310
107000029,4042,3118,924
107000030,2988,2573,415
107000031,5029,2642,2387
107000032,521,877,-356
107000033,2677,3875,-1198
107000034,3741,1461,2280
107000035,387,272,115
107000036,489,1216,-727
107000037,92,713,-621
107000038,259,310,-51
107000039,788,848,-60
107000040,240,375,-135
107000041,1506,901,605
107000042,784,2263,-1479
107000043,2525,1257,1268
107000044,435,373,62
107000045,118,360,-242
107000046,1073,516,557
107000047,471,1011,-540
107000048,760,359,401
107000049,666,827,-161
107000050,1138,543,595
107000051,303,362,-59
107000052,1156,1098,58
107000053,417,229,188
107000054,85,261,-176
107000055,174,105,69
107000056,480,856,-376
107000057,1445,248,1197
107000058,2505,2806,-301
107000059,2108,3124,-1016
107000060,5103,5311,-208
107000061,5111,3289,1822
107000062,5459,3139,2320
107000063,4404,4090,314
107000064,5501,2767,2734
107000065,4221,3948,273
107000066,2348,3407,-1059
107000067,1625,1291,334
107000068,1492,939,553
107000069,1084,571,513
107000070,1226,5,1221
107000071,4022,70,3952
107000072,46,2187,-2141
107000073,1104,475,629
107000074,141,795,-654
107000075,2101,574,1527
107000076,871,1297,-426
107000077,4327,1374,2953
107000078,2585,2702,-117
107000079,3396,1322,2074
107000080,1209,2567,-1358
107000081,2553,650,1903
107000082,625,1611,-986
107000083,1878,558,1320
107000084,442,1569,-1127
107000085,3253,3424,-171
107000086,3688,3342,346
107000087,3180,2131,1049
107000088,3373,3650,-277
107000089,1660,1834,-174
107000090,1425,1045,380
107000091,1783,963,820
107000092,940,871,69
107000093,1428,983,445
107000094,1179,1019,160
107000095,978,618,360
107000096,625,823,-198
107000097,566,237,329
107000098,393,340,53
107000099,521,325,196
107000100,304,284,20
107000101,89,134,-45
107000102,196,298,-102
107000103,244,170,74
107000104,212,262,-50
107000105,461,190,271
107000106,306,197,109
107000107,865,176,689
107000108,159,460,-301
107000109,784,149,635
107000110,61,356,-295
107000111,405,68,337
107000112,59,217,-158
107000113,745,155,590
107000114,108,386,-278
107000115,711,139,572
107000116,128,603,-475
107000117,200,667,-467
107000118,158,136,22
107000119,1309,1690,-381
107000120,940,673,267
107000121,1035,698,337
107000122,1342,883,459
107000123,611,559,52
107000124,756,721,35
107000125,1194,509,685
107000126,1074,565,509
107000127,39,238,-199
107000129,454,242,212
107000130,621,323,298
107000131,582,437,145
107000132,743,423,320
107000133,731,200,531
107000134,444,2,442
107000135,6,326,-320
107000136,1040,28,1012
107000137,18,510,-492
107000138,372,48,324
107000139,24,614,-590
107000140,2093,206,1887
107000141,160,827,-667
107000142,565,162,403
107000143,65,691,-626
107000144,667,568,99
107000145,237,477,-240
107000146,288,439,-151
107000147,3225,827,2398
107000150,702,3391,-2689
107000151,43,150,-107
107000152,491,1823,-1332
107000153,199,397,-198
107000154,224,299,-75
107000155,1419,34,1385
107000156,1567,30,1537
107000157,67,1318,-1251
107000158,813,30,783
107000159,37,746,-709
107000160,1603,193,1410
107000161,73,1108,-1035
107000162,358,680,-322
107000163,229,0,229
107000164,1015,6,1009
107000165,1469,14,1455
107000166,46,919,-873
107000167,789,194,595
107000168,1072,554,518
107000169,722,731,-9
107000170,3300,1158,2142
107000171,939,1639,-700
107000172,1286,1687,-401
107000173,629,812,-183
107000174,1448,6245,-4797
107000175,6300,1533,4767
107000176,1,2,-1
107000177,14,2,12
107000178,58,53,5
107000179,456,1693,-1237
107000180,1725,439,1286
107000181,449,881,-432
107000182,2594,899,1695
107000183,185,680,-495
107000184,1361,641,720
107000185,620,1264,-644
107000186,1591,469,1122
107000187,1630,1322,308
107000188,868,578,290
107000189,710,1109,-399
107000190,842,676,166
107000191,836,927,-91
107000192,1913,788,1125
107000193,544,611,-67
107000194,869,648,221
107000197,1137,345,792
107000198,321,664,-343
107000199,829,660,169
107000200,627,736,-109
107000201,596,360,236
107000202,380,504,-124
107000203,1136,1045,91
107000204,1202,1240,-38
107000205,1995,1169,826
107000206,1115,1692,-577
107000207,627,1274,-647
107000208,1074,666,408
107000209,2131,1725,406
107000210,700,345,355
107000211,6,63,-57
107000212,31,404,-373
107000213,5,31,-26
107000214,23,156,-133
107000215,576,383,193
107000216,617,395,222
107000217,273,173,100
107000219,130,201,-71
107000220,251,220,31
107000222,336,706,-370
107000224,622,124,498
107000225,282,367,-85
107000226,710,97,613
107000227,100,193,-93
107000228,105,323,-218
107000229,109,126,-17
107000230,1000,587,413
107000231,1454,2082,-628
107000232,166,33,133
107000233,1220,1118,102
107000234,8,109,-101
107000235,91,35,56
107000236,24,546,-522
107000237,54,0,54
107000238,62,0,62
107000239,2682,655,2027
107000240,91,802,-711
107000241,115,20,95
107000242,387,44,343
107000243,0,41,-41
107000244,8,81,-73
107000246,1,1061,-1060
107000249,3,1104,-1101
107000251,0,256,-256
107000252,3,847,-844
107000255,450,173,277
107000257,3,265,-262
107000258,0,114,-114
107000259,4,212,-208
107000260,763,23,740
107000262,12,381,-369
107000263,437,14,423
107000266,10,10,0
107000267,89,85,4
107000268,120,132,-12
107000269,984,93,891
107000270,11,28,-17
107000271,18,466,-448
107000272,35,90,-55
107000273,7,167,-160
107000274,1425,344,1081
107000275,87,1424,-1337
107000280,1089,42,1047
107000281,55,612,-557
107000282,52,662,-610
107000290,5,18,-13
107000291,31,14,17
107000292,4,113,-109
107000293,69,9,60
107000294,0,51,-51
107000295,48,7,41
107000296,0,19,-19
107000444,287,10,277
107000496,15,9,6
107000497,1398,1929,-531
107000500,394,323,71
107000501,144,165,-21
107000502,255,275,-20
107000505,325,669,-344
107000506,1,63,-62
107000508,9,477,-468
107000509,275,894,-619
107000510,43,37,6
107000514,162,400,-238
107000515,11,144,-133
107000516,567,352,215
107000518,1115,1834,-719
107000519,1285,787,498
107000520,72,46,26
107900001,112,108,4
107900002,95,12,83
107900003,655,20,635
107900004,128,15,113
107900005,1778,8,1770
107900006,358,4,354
107900007,559,35,524
107900008,149,14,135
107900009,186,12,174
107900010,83,4,79
107900012,240,68,172
107900013,236,54,182
107900014,58,10,48
107900015,1295,24,1271
107900016,461,131,330
107900017,53,4,49
107900018,88,228,-140
107900019,35,32,3
107900020,84,12,72
107900021,151,126,25
107900023,13,4,9
107900024,0,42,-42
107900025,253,320,-67
107900026,114,44,70
107900027,22,65,-43
107900028,123,65,58
107900030,187,28,159
107900031,81,99,-18
107900032,37,8,29
107900033,29,10,19
107900034,514,34,480
107900035,1293,68,1225
107900036,84,47,37
107900037,2,18,-16
107900038,107,318,-211
107900039,53,29,24
107900040,42,249,-207
107900041,4,0,4
107900043,76,128,-52
107900044,16,14,2
107900045,172,55,117
107900046,235,244,-9
107900047,96,61,35
107900048,184,19,165
107900049,383,1474,-1091
107900050,104,352,-248
107900051,117,43,74
107900052,63,48,15
107900053,79,83,-4
107900055,973,390,583
107900056,149,94,55
107900057,9,0,9
107900058,31,577,-546
107900060,61,28,33
107900061,19,14,5
107900063,122,139,-17
107900064,305,200,105
107900065,365,30,335
107900066,35,13,22
107900067,0,0,0
107900068,144,661,-517
107900069,24,2555,-2531
107900070,179,111,68
107900071,33,553,-520
107900072,172,119,53
107900073,234,61,173
107900074,530,385,145
107900076,167,42,125
107900077,100,2,98
107900078,295,65,230
107900079,16,24,-8
107900080,239,652,-413
107900081,67,81,-14
107900082,21,15,6
107900083,412,177,235
107900084,104,156,-52
107900086,29,268,-239
107900087,616,202,414
107900088,73,6,67
107900089,271,1113,-842
107900090,884,3786,-2902
107900091,211,366,-155
107900092,1821,472,1349
107900093,106,64,42
107900095,3095,2407,688
107900097,25,79,-54
107900098,61,221,-160
107900100,1030,1886,-856
107900101,871,212,659
107900102,89,10,79
107900103,58,180,-122
107900104,269,13,256
107900105,3,322,-319
107900106,1,894,-893
107900107,1383,535,848
107900108,251,147,104
107900109,1746,43,1703
107900110,90,98,-8
107900111,3,603,-600
107900112,127,375,-248
107900113,372,101,271
107900114,232,116,116
107900115,4,30,-26
107900116,232,146,86
107900117,346,278,68
107900118,75,200,-125
107900119,71,367,-296
107900120,37,47,-10
107900121,4,273,-269
107900122,5,126,-121
107900123,8,80,-72
107900124,10,35,-25
107900125,33,223,-190
107900126,14,73,-59
107900127,589,342,247
107900128,87,89,-2
107900129,97,42,55
107900130,115,36,79
107900131,679,410,269
107900132,161,353,-192
107900133,1,90,-89
107900134,60,95,-35
107900135,9,145,-136
107900136,32,52,-20
107900137,131,137,-6
107900138,87,58,29
107900139,98,65,33
107900140,91,68,23
107900141,54,51,3
107900142,171,731,-560
107900143,150,42,108
107900144,1,123,-122
107900145,18,96,-78
107900146,92,191,-99
107900147,70,45,25
107900148,164,104,60
107900149,925,266,659
107900150,66,503,-437
107900151,53,82,-29
107900152,17,218,-201
107900153,164,409,-245
107900154,81,27,54
107900155,113,71,42
107900156,12,203,-191
107900157,43,36,7
107900158,1204,32,1172
107900159,27,739,-712
107900160,162,127,35
107900161,52,139,-87
107900162,0,143,-143
107900163,69,89,-20
107900164,11,47,-36
107900165,54,157,-103
107900166,18,145,-127
107900167,42,34,8
107900168,67,31,36
107900169,0,191,-191
107900171,12,941,-929
107900172,0,337,-337
107900173,41,89,-48
107900174,176,5,171
107900175,139,50,89
107900176,36,41,-5
107900177,3,288,-285
107900178,0,102,-102
107900179,16,158,-142
107900180,583,917,-334
107900181,418,279,139
107900182,2,951,-949
107900183,86,187,-101
107900184,204,258,-54
107900185,140,1,139
107900186,43,43,0
107900187,0,112,-112
107900188,595,171,424
107900189,23,133,-110
107900190,71,200,-129
107900191,93,107,-14
107900193,6,55,-49
107900194,323,14,309
107900195,1837,418,1419
107900196,61,112,-51
107900197,715,524,191
107900199,5,764,-759
107900201,72,77,-5
107900203,43,63,-20
107900204,170,268,-98
107900205,282,401,-119
107900206,910,307,603
107900207,1,399,-398
107900208,4,427,-423
107900209,358,145,213
107900210,91,116,-25
107900213,858,617,241
107900214,44,95,-51
107900215,162,423,-261
107900216,192,75,117
107900217,46,128,-82
107900218,27,1532,-1505
107900219,41,95,-54
107900220,240,290,-50
107900221,215,195,20
107900223,149,466,-317
107900224,164,460,-296
107900225,10,630,-620
107900226,112,88,24
107900227,128,314,-186
107900228,29,109,-80
107900229,0,200,-200
107900230,18,98,-80
107900231,18,202,-184
107900232,125,130,-5
107900233,8,103,-95
107900234,127,75,52
107900235,41,143,-102
107900236,134,49,85
107900237,48,258,-210
107900238,25,93,-68
107900239,666,671,-5
107900240,38,99,-61
107900241,9,71,-62
107900242,79,183,-104
107900243,4,58,-54
107900244,350,7,343
107900245,1009,30,979
107900246,702,30,672
107900248,410,376,34
107900249,1108,83,1025
107900250,0,382,-382
107900251,52,978,-926
107900252,1078,36,1042
107900253,245,9,236
107900254,70,414,-344
107900255,308,103,205
107900256,1441,1492,-51
107900257,332,195,137
107900258,106,172,-66
107900259,79,2862,-2783
107900261,27,495,-468
107900262,79,110,-31
107900264,650,15,635
107900265,311,139,172
107900267,315,13,302
107900268,44,4,40
107900269,1,20,-19
107900270,1,0,1
107900271,2,40,-38
107900272,98,60,38
107900273,52,90,-38
107900274,139,0,139
107900275,38,0,38
107900276,1,122,-121
107900277,5,171,-166
107900278,323,300,23
107900279,87,199,-112
107900280,2306,2148,158
107900281,1017,3736,-2719
107900282,57,586,-529
107900283,821,759,62
107900284,747,434,313
107900285,174,66,108
107900286,143,123,20
107900287,388,206,182
107900290,0,160,-160
107900291,557,26,531
107900292,132,158,-26
107900293,77,296,-219
107900295,45,48,-3
107900297,1,352,-351
107900298,667,652,15
107900299,2487,2776,-289
107900300,134,356,-222
107900301,802,763,39
107900302,181,56,125
107900303,253,316,-63
107900304,430,388,42
107900305,369,13,356
107900306,10,43,-33
107900307,63,242,-179
107900308,166,156,10
107900309,94,2,92
107900310,1047,9,1038
107900311,11,537,-526
107900312,80,2,78
107900313,1,186,-185
107900314,0,62,-62
107900315,2,43,-41
107900316,103,7,96
107900317,104,34,70
107900318,13,106,-93
107900319,6,143,-137
107900320,0,113,-113
107900321,168,8,160
107900322,1,100,-99
107900323,9,143,-134
107900324,130,3,127
107900325,146,0,146
107900326,414,194,220
107900327,0,97,-97
107900328,71,0,71
107900329,89,146,-57
107900330,9,309,-300
107900331,362,23,339
107900332,292,26,266
107900333,89,23,66
107900334,11,110,-99
107900335,175,52,123
107900336,66,52,14
107900337,836,1074,-238
107900338,1,142,-141
107900339,1,24,-23
107900340,2,61,-59
107900341,71,2,69
107900342,90,102,-12
107900343,84,7,77
107900344,12,113,-101
107900345,121,35,86
107900346,28,3,25
107900347,30,5,25
107900348,3,3,0
107900349,35,4,31
107900350,20,204,-184
108000001,3569,3923,-354
108000002,1827,2032,-205
108000003,3905,3801,104
108000004,11090,13001,-1911
108000005,8716,6713,2003
108000006,7095,6527,568
108000007,5827,4208,1619
108000008,4063,5171,-1108
108000009,4463,5021,-558
108000010,3107,3823,-716
108000011,13195,13407,-212
108000012,13933,13832,101
108000014,755,1096,-341
108000015,845,302,543
108000016,334,778,-444
108000017,1173,396,777
108000018,2263,801,1462
108000019,2283,1175,1108
108000020,1422,668,754
108000021,399,1707,-1308
108000022,559,1349,-790
108000023,1497,263,1234
108000024,323,483,-160
108000025,409,338,71
108000026,705,342,363
108000027,875,447,428
108000028,675,254,421
108000029,657,457,200
108000030,683,254,429
108000031,277,670,-393
108000032,2018,788,1230
108000033,826,845,-19
108000034,1994,650,1344
108000035,780,1785,-1005
108000036,390,836,-446
108000037,2099,481,1618
108000038,3069,652,2417
108000039,603,1594,-991
108000040,2466,1037,1429
108000041,815,2002,-1187
108000042,356,204,152
108000043,288,278,10
108000044,677,212,465
108000045,380,436,-56
108000046,1652,325,1327
108000047,552,817,-265
108000048,257,313,-56
108000049,1352,310,1042
108000050,120,367,-247
108000051,374,135,239
108000052,274,553,-279
108000053,456,273,183
108000054,531,1176,-645
108000055,1407,686,721
108000056,913,1128,-215
108000057,787,1348,-561
108000058,2457,4227,-1770
108000059,2966,1891,1075
108000060,212,481,-269
108000061,131,261,-130
108000062,1056,723,333
108000063,683,423,260
108000064,286,242,44
108000065,650,495,155
108000066,1652,763,889
108000067,2002,731,1271
108000068,848,402,446
108000069,264,776,-512
108000070,2384,836,1548
108000071,706,1257,-551
108000072,2053,1128,925
108000073,1376,1405,-29
108000074,701,415,286
108000075,426,647,-221
108000076,951,588,363
108000077,634,555,79
108000078,2842,1186,1656
108000079,932,1121,-189
108000080,1554,492,1062
108000081,595,1274,-679
108000082,956,1468,-512
108000083,2398,1058,1340
108000084,419,900,-481
108000085,996,556,440
108000086,794,646,148
108000087,197,2768,-2571
108000088,266,8,258
108000089,408,368,40
108000090,493,167,326
108000091,238,377,-139
108000092,166,77,89
108000093,218,398,-180
108000094,610,91,519
108000095,234,291,-57
108000096,472,203,269
108000097,164,326,-162
108000098,2226,1381,845
108000099,315,61,254
108000100,99,193,-94
108000101,1591,1562,29
108000102,1860,3569,-1709
108000106,1158,2,1156
108000107,5,1138,-1133
108000108,818,73,745
108000109,19,882,-863
108000110,247,329,-82
108000111,188,530,-342
108000112,51,153,-102
108000113,524,230,294
108000115,387,319,68
108000117,666,478,188
108000118,96,212,-116
108000119,538,381,157
108000120,157,751,-594
108000121,184,388,-204
108000122,699,278,421
108000123,1279,282,997
108000124,550,541,9
108000125,537,235,302
108000126,176,325,-149
108000127,588,274,314
108000128,697,405,292
108000129,417,812,-395
108000130,712,244,468
108000131,1217,529,688
108000132,2014,1043,971
108000133,1285,529,756
108000134,565,493,72
108000135,1246,527,719
108000136,324,803,-479
108000137,561,305,256
108000138,475,791,-316
108000139,596,325,271
108000140,165,22,143
108000141,37,59,-22
108000142,82,60,22
108000143,26,17,9
108000144,40,12,28
108000145,40,10,30
108000146,126,37,89
108000147,59,32,27
108000148,120,38,82
108000149,37,26,11
108000150,47,7,40
108000151,31,12,19
108000152,167,416,-249
108000153,665,165,500
108000154,37,6,31
108000155,33,20,13
108000156,333,84,249
108000157,255,1290,-1035
108000158,81,855,-774
108000159,419,242,177
108000160,2254,1370,884
108000161,2300,3366,-1066
108000165,3,248,-245
108000172,9,242,-233
108000173,1385,2265,-880
108000175,315,141,174
108000178,476,259,217
108000179,179,1098,-919
108000181,57,39,18
108000182,98,18,80
108000183,30,27,3
108000184,828,2681,-1853
108000185,341,410,-69
108000186,263,51,212
108000187,135,442,-307
108000188,874,188,686
108000189,590,1482,-892
108000190,69,146,-77
108000192,184,437,-253
108000193,829,44,785
108000194,58,18,40
108000195,0,785,-785
108000196,333,145,188
108000198,513,285,228
108000199,0,266,-266
108000200,646,359,287
108000202,1,382,-381
108000203,163,480,-317
108000204,189,76,113
108000205,245,330,-85
108000339,1185,367,818
108000364,115,259,-144
108000365,172,331,-159
108000367,159,298,-139
108000368,3,68,-65
108000369,723,301,422
108000371,5,640,-635
108000372,632,11,621
108000373,239,178,61
108000376,109,54,55
108000377,587,254,333
108000378,9835,11599,-1764
108000379,23,229,-206
108000381,77,20,57
108000382,129,2,127
108000383,0,161,-161
108900001,87,719,-632
108900002,249,83,166
108900003,340,569,-229
108900004,147,515,-368
108900005,76,468,-392
108900006,842,188,654
108900007,470,267,203
108900008,216,196,20
108900009,130,135,-5
108900010,366,190,176
108900011,864,417,447
108900012,546,529,17
108900013,252,269,-17
108900014,15,90,-75
108900015,1,212,-211
108900016,0,262,-262
108900017,456,380,76
108900018,216,428,-212
108900019,58,585,-527
108900020,101,185,-84
108900021,161,256,-95
108900022,268,15,253
108900023,17,45,-28
108900024,48,118,-70
108900025,140,89,51
108900026,36,143,-107
108900027,0,70,-70
108900028,101,219,-118
108900029,65,235,-170
108900030,0,58,-58
108900031,183,243,-60
108900032,14,216,-202
108900033,0,108,-108
108900034,0,141,-141
108900035,311,981,-670
108900036,241,240,1
108900037,101,292,-191
108900038,0,309,-309
108900039,3,317,-314
108900040,8,87,-79
108900041,4850,4064,786
108900042,6,485,-479
108900043,119,488,-369
108900044,1,346,-345
108900045,89,358,-269
108900046,35,547,-512
108900047,0,50,-50
108900048,114,616,-502
108900049,1997,1812,185
108900050,1,167,-166
108900051,1,95,-94
108900052,51,160,-109
108900053,70,238,-168
108900054,144,219,-75
108900055,76,375,-299
108900056,3,117,-114
108900057,2,169,-167
108900058,41,295,-254
108900059,615,62,553
108900060,115,111,4
108900061,124,42,82
108900062,5,195,-190
108900063,43,182,-139
108900064,304,47,257
108900065,18,188,-170
108900066,649,162,487
108900067,27,146,-119
108900068,1,67,-66
108900069,111,70,41
108900070,34,84,-50
108900071,166,100,66
108900072,2181,822,1359
108900073,8,84,-76
108900074,340,273,67
108900075,48,49,-1
108900076,484,74,410
108900077,80,131,-51
108900078,38,142,-104
108900079,669,186,483
108900080,32,1099,-1067
108900081,92,220,-128
108900082,106,109,-3
108900083,20,310,-290
108900084,422,224,198
108900085,1656,218,1438
108900086,153,187,-34
108900087,103,176,-73
108900088,1114,469,645
108900089,52,170,-118
108900090,123,217,-94
108900091,130,54,76
108900092,605,340,265
108900093,179,105,74
108900094,309,99,210
108900095,65,287,-222
108900096,321,10,311
108900097,431,198,233
108900098,1831,959,872
108900099,501,226,275
108900100,136,149,-13
108900101,242,319,-77
108900102,137,1287,-1150
108900103,120,127,-7
108900104,142,352,-210
108900105,10,1470,-1460
108900106,517,213,304
108900108,437,80,357
108900109,50,36,14
108900110,279,360,-81
108900111,593,395,198
108900112,330,64,266
108900113,63,75,-12
108900114,1,6,-5
108900115,100,67,33
108900116,180,19,161
108900117,234,15,219
108900118,820,27,793
108900119,325,33,292
108900120,169,230,-61
108900121,406,123,283
108900122,193,42,151
108900123,192,138,54
108900124,519,177,342
108900125,613,11,602
108900126,100,81,19
108900127,265,57,208
108900128,163,49,114
108900129,971,145,826
108900130,421,6,415
108900131,481,27,454
108900132,792,221,571
108900133,312,82,230
108900134,438,253,185
108900135,214,17,197
108900136,88,1,87
108900137,244,4,240
108900138,943,87,856
108900139,854,145,709
108900140,342,211,131
108900141,359,45,314
108900142,97,15,82
108900143,105,1,104
108900144,172,1,171
108900145,305,29,276
108900146,102,0,102
108900147,257,2,255
108900148,131,65,66
108900149,630,268,362
108900150,269,11,258
108900151,191,15,176
108900152,349,67,282
108900153,254,323,-69
108900154,5786,552,5234
108900155,293,89,204
108900156,90,17,73
108900157,28,514,-486
108900158,593,52,541
108900159,7,206,-199
108900160,10,189,-179
108900161,5,294,-289
108900162,163,1,162
108900163,13,274,-261
108900164,50,80,-30
108900165,149,98,51
108900167,1358,8632,-7274
108900168,5719,2877,2842
108900169,63,150,-87
108900171,5267,3797,1470
108900172,287,45,242
108900173,240,393,-153
108900174,783,531,252
108900176,184,348,-164
108900177,3849,6294,-2445
108900178,3129,4257,-1128
108900179,650,2192,-1542
108900180,227,332,-105
108900182,54,464,-410
108900183,403,250,153
108900184,702,336,366
108900185,217,419,-202
108900186,206,420,-214
108900187,526,81,445
108900188,811,96,715
108900189,556,196,360
108900190,70,1971,-1901
108900191,172,68,104
108900192,136,244,-108
108900193,278,70,208
108900194,34,311,-277
108900195,162,223,-61
108900196,51,295,-244
108900198,25,320,-295
108900199,331,361,-30
108900200,689,477,212
108900201,579,1462,-883
108900203,613,145,468
108900204,497,41,456
108900205,220,41,179
108900206,742,128,614
108900207,316,143,173
108900208,34,302,-268
108900209,193,448,-255
108900210,393,237,156
108900211,198,644,-446
108900212,567,1619,-1052
108900215,86,356,-270
108900216,489,317,172
108900217,146,6,140
108900218,136,33,103
108900219,91,10,81
108900220,65,34,31
108900221,54,280,-226
108900222,427,25,402
108900223,13,223,-210
108900224,63,288,-225
108900225,3,192,-189
108900226,390,32,358
108900227,189,424,-235
108900230,234,226,8
108900231,35,170,-135
108900232,4,214,-210
108900233,640,135,505
108900234,403,212,191
108900235,254,617,-363
108900236,139,558,-419
108900237,88,206,-118
108900240,202,94,108
108900241,47,63,-16
108900245,36,1769,-1733
108900249,145,54,91
108900250,264,100,164
108900257,457,321,136
108900258,21,167,-146
108900259,92,64,28
108900260,10,103,-93
108900261,72,122,-50
108900262,136,157,-21
108900263,38,140,-102
108900264,453,272,181
108900265,787,565,222
108900266,613,865,-252
108900267,13,146,-133
108900268,28,24,4
108900269,94,27,67
108900270,138,26,112
108900271,81,24,57
108900272,302,18,284
108900273,674,863,-189
108900274,48,44,4
109000001,2626,1810,816
109000002,1174,1747,-573
109000003,2904,429,2475
109000004,520,1865,-1345
109000005,2350,593,1757
109000006,667,1801,-1134
109000007,1740,628,1112
109000008,680,1561,-881
109000009,4355,1276,3079
109000010,1280,3047,-1767
109000011,3767,2191,1576
109000012,1912,2589,-677
109000013,4726,3528,1198
109000014,2424,2591,-167
109000015,4043,8722,-4679
109000016,4967,3099,1868
109000017,2913,1200,1713
109000018,975,2271,-1296
109000019,2978,1446,1532
109000020,1046,1702,-656
109000023,309,27,282
109000024,14,184,-170
109000025,367,544,-177
109000026,539,298,241
109000027,97,358,-261
109000028,154,88,66
109000029,162,285,-123
109000030,85,499,-414
109000031,303,187,116
109000032,171,445,-274
109000033,377,214,163
109000034,102,61,41
109000035,14,68,-54
109000036,90,273,-183
109000037,326,1856,-1530
109000038,574,336,238
109000039,1417,1009,408
109000040,4141,11717,-7576
109000041,2191,2087,104
109000042,595,1371,-776
109000044,481,70,411
109000045,100,319,-219
109000046,446,83,363
109000047,68,432,-364
109000048,1016,357,659
109000049,312,586,-274
109000050,548,333,215
109000051,312,265,47
109000052,650,762,-112
109000053,331,128,203
109000054,767,513,254
109000055,462,507,-45
109000056,445,528,-83
109000057,1155,606,549
109000058,946,370,576
109000059,703,1669,-966
109000060,372,287,85
109000061,762,1600,-838
109000062,225,357,-132
109000063,273,185,88
109000064,478,172,306
109000065,199,241,-42
109000066,488,115,373
109000067,77,262,-185
109000068,1646,10,1636
109000069,794,39,755
109000070,19,1558,-1539
109000071,391,100,291
109000072,109,305,-196
109000073,86,134,-48
109000074,19,189,-170
109000075,79,290,-211
109000076,143,282,-139
109000077,453,188,265
109000078,109,208,-99
109000079,204,145,59
109000080,210,107,103
109000081,145,389,-244
109000082,791,167,624
109000083,335,627,-292
109000088,141,413,-272
109000089,388,75,313
109000090,187,380,-193
109000091,418,243,175
109000092,405,442,-37
109000093,350,244,106
109000094,833,3,830
109000095,124,366,-242
109000096,824,266,558
109000097,95,124,-29
109000098,63,183,-120
109000099,947,385,562
109000100,346,702,-356
109000101,2163,696,1467
109000102,566,925,-359
109000103,584,695,-111
109000104,2215,551,1664
109000105,569,1140,-571
109000106,2331,903,1428
109000107,721,1795,-1074
109000108,2021,699,1322
109000109,669,1507,-838
109000110,1778,609,1169
109000111,1057,1894,-837
109000112,358,143,215
109000113,387,190,197
109000114,214,309,-95
109000115,1230,41,1189
109000116,8,268,-260
109000117,268,62,206
109000118,6,282,-276
109000119,1772,232,1540
109000120,276,637,-361
109000121,727,36,691
109000122,222,648,-426
109000123,36,58,-22
109000124,692,457,235
109000125,1208,349,859
109000126,527,712,-185
109000127,1209,221,988
109000128,562,1010,-448
109000129,3230,929,2301
109000130,705,1427,-722
109000131,1186,691,495
109000132,839,1555,-716
109000133,393,822,-429
109000134,824,1119,-295
109000135,1159,1755,-596
109000136,308,309,-1
109000137,401,417,-16
109000138,656,357,299
109000139,631,443,188
109000140,286,356,-70
109000141,709,470,239
109000142,197,521,-324
109000143,144,74,70
109000145,126,238,-112
109000146,59,115,-56
109000148,2964,2616,348
109000149,33,67,-34
109000150,79,293,-214
109000155,1020,700,320
109000156,1014,695,319
109000158,337,378,-41
109000159,231,597,-366
109000160,1109,290,819
109000161,428,925,-497
109000162,2505,759,1746
109000163,1323,1588,-265
109000164,1407,2213,-806
109000165,1479,575,904
109000166,898,136,762
109000167,172,516,-344
109000170,61,61,0
109000171,95,54,41
109000172,65,82,-17
109000173,32,82,-50
109000174,159,63,96
109000175,59,88,-29
109000176,367,223,144
109000177,44,101,-57
109000178,549,187,362
109000179,4305,6317,-2012
109000180,5123,4255,868
109000181,21,28,-7
109000182,35,33,2
109000183,75,22,53
109000184,62,22,40
109000185,30,42,-12
109000188,796,1590,-794
109000189,4216,1044,3172
109000190,1252,430,822
109000191,553,480,73
109000192,493,248,245
109000193,250,255,-5
109000194,349,115,234
109000195,182,306,-124
109000196,453,143,310
109000197,228,325,-97
109000198,520,77,443
109000199,171,454,-283
109000206,284,35,249
109000207,144,31,113
109000208,121,84,37
109000209,202,106,96
109000210,182,503,-321
109000211,847,533,314
109000214,495,266,229
109000215,181,87,94
109000216,241,282,-41
109000217,400,222,178
109000218,520,281,239
109000221,527,890,-363
109000222,998,239,759
109000223,428,376,52
109000224,17,79,-62
109000225,78,35,43
109000226,61,160,-99
109000227,1335,1047,288
109000228,4,1347,-1343
109000231,4,313,-309
109000232,446,308,138
109000236,316,732,-416
109000241,2238,1818,420
109000242,1990,1106,884
109000293,46,72,-26
109000361,123,219,-96
109000364,262,544,-282
109000396,5,375,-370
109000397,696,16,680
109000399,145,377,-232
109000400,99,269,-170
109000403,103,1119,-1016
109000406,294,4,290
109000407,307,173,134
109000408,1,354,-353
109000410,1194,293,901
109000411,242,15,227
109900001,194,2,192
109900002,1076,15,1061
109900003,342,0,342
109900004,838,169,669
109900005,33,10,23
109900006,671,172,499
109900007,1073,319,754
109900008,0,44,-44
109900009,207,405,-198
109900010,631,34,597
109900011,72,57,15
109900012,363,213,150
109900013,464,149,315
109900014,429,68,361
109900015,568,234,334
109900016,192,20,172
109900017,273,263,10
109900018,381,51,330
109900019,335,56,279
109900020,59,58,1
109900021,70,36,34
109900022,122,227,-105
109900023,26,6,20
109900024,36,5,31
109900025,10,40,-30
109900026,3,179,-176
109900027,50,45,5
109900028,1021,1255,-234
109900029,2,200,-198
109900030,70,18,52
109900031,2,356,-354
109900032,15,286,-271
109900033,5,462,-457
109900034,77,8,69
109900035,19,35,-16
109900036,24,71,-47
109900037,49,398,-349
109900038,86,282,-196
109900039,13,1,12
109900040,40,365,-325
109900041,87,362,-275
109900042,44,687,-643
109900044,192,204,-12
109900045,207,86,121
109900046,37,66,-29
109900047,365,363,2
109900048,0,81,-81
109900049,20,23,-3
109900050,0,89,-89
109900051,0,40,-40
109900052,136,336,-200
109900053,3,210,-207
109900054,923,265,658
109900055,106,268,-162
109900056,50,313,-263
109900057,8,132,-124
109900058,0,51,-51
109900059,975,128,847
109900060,611,161,450
109900061,46,293,-247
109900062,0,119,-119
109900063,17,511,-494
109900064,660,238,422
109900065,64,140,-76
109900066,314,702,-388
109900067,1,175,-174
109900068,95,10,85
109900069,7,25,-18
109900070,58,258,-200
109900071,11,33,-22
109900072,24,143,-119
109900073,609,464,145
109900074,18,30,-12
109900075,18,20,-2
109900076,13,159,-146
109900077,36,73,-37
109900078,96,187,-91
109900080,160,258,-98
109900081,45,279,-234
109900082,30,297,-267
109900083,28,79,-51
109900084,104,135,-31
109900085,196,551,-355
109900086,207,629,-422
109900087,306,567,-261
109900089,933,205,728
109900090,647,1039,-392
109900091,484,110,374
109900092,722,36,686
109900093,1250,228,1022
109900094,75,93,-18
109900095,184,232,-48
109900096,59,4,55
109900097,140,5,135
109900098,534,71,463
109900099,257,4,253
109900100,41,0,41
109900101,788,36,752
109900102,549,32,517
109900103,46,35,11
109900104,640,460,180
109900105,632,22,610
109900106,607,68,539
109900107,778,102,676
109900108,127,245,-118
109900109,31,179,-148
109900110,109,346,-237
109900111,449,775,-326
109900112,344,499,-155
109900113,1038,665,373
109900114,1188,899,289
109900115,205,87,118
109900117,1441,142,1299
109900118,204,431,-227
109900119,650,375,275
109900120,139,35,104
109900121,440,478,-38
109900122,684,12,672
109900123,28,158,-130
109900124,52,410,-358
109900125,3,194,-191
109900126,363,85,278
109900128,412,48,364
109900130,5192,3251,1941
109900131,79,219,-140
109900132,39,123,-84
109900133,127,256,-129
109900134,118,89,29
109900135,319,79,240
109900136,77,143,-66
109900137,213,278,-65
109900138,605,338,267
109900140,256,156,100
109900142,1725,379,1346
109900145,5,622,-617
109900146,459,51,408
109900148,54,94,-40
109900149,34,48,-14
109900150,10,62,-52
109900151,13,58,-45
109900152,0,40,-40
109900153,0,67,-67
109900154,93,0,93
109900155,106,49,57
109900157,74,208,-134
109900158,73,123,-50
109900159,129,47,82
109900160,193,76,117
109900161,259,83,176
109900162,269,134,135
109900163,804,337,467
109900164,104,241,-137
109900165,720,3,717
109900166,8,149,-141
109900167,215,499,-284
109900168,262,567,-305
109900169,313,183,130
109900170,275,1112,-837
109900171,268,117,151
109900172,421,322,99
109900173,2248,2717,-469
109900174,65,120,-55
109900175,80,105,-25
109900176,191,152,39
109900177,71,203,-132
109900178,18,168,-150
109900179,86,15,71
109900180,5,10,-5
110000001,989,539,450
110000002,749,822,-73
110000003,789,702,87
110000004,553,696,-143
110000005,396,1996,-1600
110000006,254,354,-100
110000007,190,103,87
110000008,29,73,-44
110000009,67,28,39
110000010,42,63,-21
110000011,61,62,-1
110000012,596,320,276
110000013,52,483,-431
110000014,577,406,171
110000015,264,662,-398
110000016,255,1683,-1428
110000017,2784,302,2482
110000018,2563,441,2122
110000019,11,77,-66
110000020,544,248,296
110000021,715,491,224
110000022,1493,331,1162
110000023,20,161,-141
110000024,722,457,265
110000025,591,13,578
110000026,26,256,-230
110000027,1110,944,166
110000028,981,761,220
110000029,606,629,-23
110000030,296,435,-139
110000031,361,393,-32
110000032,911,404,507
110000033,303,164,139
110000034,609,713,-104
110000035,1074,450,624
110000036,1201,761,440
110000037,286,454,-168
110000038,332,735,-403
110000039,800,3779,-2979
110000040,348,311,37
110000041,333,1906,-1573
110000042,114,525,-411
110000043,959,291,668
110000044,149,658,-509
110000045,881,153,728
110000046,2,62,-60
110000047,43,60,-17
110000048,10,70,-60
110000049,42,4,38
110000050,24,44,-20
110000051,31,9,22
110000052,19,25,-6
110000053,165,9,156
110000054,549,455,94
110000055,1006,127,879
110000056,156,113,43
110000057,471,519,-48
110000058,1409,574,835
110000059,1280,554,726
110000060,1027,1243,-216
110000061,894,724,170
110000062,700,973,-273
110000063,42,194,-152
110000064,107,58,49
110000065,106,110,-4
110000066,70,55,15
110000067,130,120,10
110000068,358,103,255
110000069,445,91,354
110000071,245,86,159
110000073,14,26,-12
110000075,18,108,-90
110000076,415,577,-162
110000077,399,1816,-1417
110000078,51,40,11
110000080,253,606,-353
110000081,93,241,-148
110000082,49,383,-334
110000083,255,544,-289
110000084,1484,953,531
110000085,1470,1533,-63
110000086,1304,2490,-1186
110000087,21,43,-22
110000088,109,225,-116
110000089,370,137,233
110000090,276,294,-18
110000091,1025,255,770
110000092,21,85,-64
110000093,42,14,28
110000094,512,247,265
110000095,271,701,-430
110000096,1752,2086,-334
110000097,1095,1685,-590
110000098,2406,829,1577
110000099,831,1654,-823
110000100,1325,459,866
110000101,28,268,-240
110000102,86,27,59
110000104,566,159,407
110000105,89,243,-154
110000106,790,500,290
110000107,256,355,-99
110000108,154,120,34
110000109,364,327,37
110000110,2647,6314,-3667
110000111,5908,3602,2306
110000112,1052,1670,-618
110000113,292,2543,-2251
110000114,323,765,-442
110000115,515,380,135
110000116,62,79,-17
110000117,282,299,-17
110000118,561,153,408
110000119,384,298,86
110000120,411,122,289
110000121,98,463,-365
110000122,501,675,-174
110000123,775,920,-145
110000124,3,875,-872
110000125,1263,7,1256
110000126,325,24,301
110000127,1359,54,1305
110000128,47,1316,-1269
110000129,7,501,-494
110000130,355,234,121
110000131,141,247,-106
110000132,4,622,-618
110000133,35,552,-517
110000134,30,377,-347
110000135,181,32,149
110000136,111,273,-162
110000137,689,590,99
110000138,934,565,369
110000139,1242,963,279
110000140,885,737,148
110000143,668,466,202
110000144,5050,2203,2847
110000145,2014,1176,838
110000146,2694,914,1780
110000147,740,826,-86
110000148,815,314,501
110000151,1055,1250,-195
110000152,831,438,393
110000153,240,36,204
110000154,45,29,16
110000155,1650,4288,-2638
110000156,1137,2540,-1403
110000157,2237,2275,-38
110000160,557,292,265
110000161,254,266,-12
110000166,852,150,702
110000167,1153,587,566
110000168,1339,476,863
110000169,1002,374,628
110000170,161,68,93
110000171,656,127,529
110000172,161,779,-618
110000173,1057,1024,33
110000174,193,835,-642
110000175,846,88,758
110000176,276,368,-92
110000177,248,1065,-817
110000178,452,1632,-1180
110000179,1006,360,646
110000180,253,204,49
110000181,634,515,119
110000182,329,139,190
110000183,7610,8107,-497
110000184,317,2792,-2475
110000185,1109,772,337
110000186,851,744,107
110000191,1361,269,1092
110000192,789,12,777
110000193,1337,12,1325
110000194,12,827,-815
110000195,551,296,255
110000196,552,231,321
110000197,169,159,10
110000198,166,65,101
110000199,120,141,-21
110000200,1272,507,765
110000201,1231,1260,-29
110000202,1639,681,958
110000203,741,641,100
110000204,2,199,-197
110000205,218,40,178
110000206,618,1135,-517
110000207,1550,399,1151
110000208,254,248,6
110000209,161,704,-543
110000210,1693,537,1156
110000211,794,699,95
110000212,529,1182,-653
110000213,313,73,240
110000214,387,147,240
110000215,197,274,-77
110000216,138,309,-171
110000217,442,151,291
110000218,235,267,-32
110000219,478,94,384
110000220,97,237,-140
110000221,462,77,385
110000222,80,167,-87
110000223,4,274,-270
110000224,35,7,28
110000225,372,788,-416
110000226,316,75,241
110000227,1176,1088,88
110000228,310,127,183
110000229,2,207,-205
110000230,626,484,142
110000231,166,220,-54
110000232,432,191,241
110000233,326,236,90
110000234,638,974,-336
110000235,886,1078,-192
110000236,775,507,268
110000237,2291,1332,959
110000238,1430,1369,61
110000239,2227,1177,1050
110000240,0,81,-81
110000242,0,10,-10
110000243,145,103,42
110000244,207,348,-141
110000245,41,314,-273
110000246,1091,675,416
110000247,1468,4929,-3461
110000248,2273,1515,758
110000249,67,12,55
110000250,82,205,-123
110000251,532,523,9
110000252,399,162,237
110000253,1729,835,894
110000254,719,1059,-340
110000255,286,918,-632
110000256,619,449,170
110000257,767,575,192
110000258,8,565,-557
110000259,213,26,187
110000260,50,195,-145
110000263,720,116,604
110000264,473,394,79
110000265,1381,2358,-977
110000266,2327,3696,-1369
110000267,30,239,-209
110000268,345,488,-143
110000269,11,92,-81
110000270,97,8,89
110000271,1403,297,1106
110000272,1329,1022,307
110000273,3692,2173,1519
110000274,242,2133,-1891
110000275,2480,760,1720
110000276,430,517,-87
110000277,392,507,-115
110000278,453,799,-346
110000279,1009,1119,-110
110000280,683,611,72
110000281,56,514,-458
110000282,301,49,252
110000283,60,185,-125
110000284,58,40,18
110000285,8,975,-967
110000286,29,1,28
110000287,132,3,129
110000288,6,140,-134
110000289,486,2147,-1661
110000290,830,724,106
110000291,4358,1298,3060
110000292,1717,5820,-4103
110000293,1002,728,274
110000294,1454,1390,64
110000295,392,960,-568
110000296,968,423,545
110000297,2975,337,2638
110000298,170,467,-297
110000299,236,120,116
110000301,623,30,593
110000302,443,757,-314
110000303,675,9,666
110000304,114,203,-89
110000305,2028,20,2008
110000306,196,1045,-849
110000307,2337,14,2323
110000308,703,8,695
110000309,14,765,-751
110000310,948,45,903
110000311,24,611,-587
110000312,569,107,462
110000313,3024,2845,179
110000314,3,213,-210
110000315,3062,3168,-106
110000316,561,1439,-878
110000317,469,804,-335
110000318,8,52,-44
110000319,51,35,16
110000320,82,56,26
110000321,47,60,-13
110000322,336,318,18
110000323,701,189,512
110000324,3044,1764,1280
110000325,2707,3987,-1280
110000327,529,347,182
110000328,243,469,-226
110000333,1410,957,453
110000334,986,1330,-344
110000335,1265,679,586
110000336,1133,973,160
110000337,1992,792,1200
110000338,575,267,308
110000339,419,251,168
110000340,207,282,-75
110000341,606,537,69
110000342,478,4,474
110000343,0,19,-19
110000344,277,182,95
110000345,321,249,72
110000346,2320,2164,156
110000347,1410,894,516
110000348,23,16,7
110000349,28,35,-7
110000350,61,10,51
110000351,1220,840,380
110000352,750,1508,-758
110000353,2527,708,1819
110000354,1187,3258,-2071
110000355,159,124,35
110000356,713,14,699
110000357,681,24,657
110000361,55,49,6
110000362,82,56,26
110000363,606,156,450
110000364,276,276,0
110000365,240,0,240
110000366,0,121,-121
110000367,432,174,258
110000368,6,77,-71
110000369,80,1,79
110000373,3,254,-251
110000374,184,16,168
110000375,167,1119,-952
110000376,57,67,-10
110000377,63,573,-510
110000378,40,399,-359
110000379,2276,1995,281
110000380,100,18,82
110000383,5,1399,-1394
110000384,1616,1304,312
110000385,0,236,-236
110000387,115,8,107
110000388,53,219,-166
110000389,966,6,960
110000391,964,270,694
110000396,257,103,154
110000397,202,161,41
110000398,1,44,-43
110000399,225,28,197
110000587,161,84,77
110000589,207,124,83
110000640,184,44,140
110000652,20,208,-188
110000653,389,400,-11
110000654,33,222,-189
110000656,2,407,-405
110000674,61,13,48
110000675,28,18,10
110000676,8,30,-22
110000679,204,1469,-1265
110000682,173,282,-109
110000683,402,513,-111
110000684,11,38,-27
110000685,8,18,-10
110000686,8,45,-37
110000687,68,6,62
110000688,84,1182,-1098
110000689,42,52,-10
110000692,74,194,-120
110000693,110,340,-230
110000694,0,166,-166
110000695,263,740,-477
110000696,45,91,-46
110900001,389,23,366
110900002,454,291,163
110900003,1065,447,618
110900004,608,150,458
110900005,2041,2852,-811
110900006,49,27,22
110900007,201,62,139
110900008,21,60,-39
110900009,639,203,436
110900010,27,74,-47
110900011,33,79,-46
110900012,23,81,-58
110900013,1406,226,1180
110900014,501,28,473
110900015,553,870,-317
110900016,72,124,-52
110900017,600,41,559
110900018,578,69,509
110900019,281,54,227
110900020,231,167,64
110900021,121,458,-337
110900022,141,279,-138
110900023,201,558,-357
110900024,22,305,-283
110900025,8,45,-37
110900027,74,235,-161
110900028,57,142,-85
110900029,21,263,-242
110900030,75,174,-99
110900031,8,201,-193
110900032,1,66,-65
110900033,38,245,-207
110900035,29,459,-430
110900036,129,26,103
110900037,92,24,68
110900038,758,195,563
110900039,18,282,-264
110900040,294,55,239
110900041,56,94,-38
110900042,175,52,123
110900043,3,96,-93
110900044,245,23,222
110900045,68,321,-253
110900046,23,174,-151
110900047,443,395,48
110900049,171,138,33
110900050,56,9,47
110900051,55,211,-156
110900052,5,159,-154
110900053,137,46,91
110900054,34,186,-152
110900055,60,4,56
110900056,108,134,-26
110900057,10,105,-95
110900058,331,258,73
110900059,605,480,125
110900060,614,167,447
110900061,39,60,-21
110900062,212,245,-33
110900063,59,171,-112
110900064,17,0,17
110900065,263,139,124
110900066,13,90,-77
110900067,334,697,-363
110900068,220,203,17
110900069,9,24,-15
110900070,130,65,65
110900071,260,820,-560
110900073,2,33,-31
110900074,554,114,440
110900075,540,125,415
110900077,1275,687,588
110900078,63,43,20
110900079,1679,1733,-54
110900080,182,89,93
110900081,20,27,-7
110900082,135,132,3
110900083,178,82,96
110900084,51,75,-24
110900085,68,246,-178
110900086,106,430,-324
110900087,526,78,448
110900088,12,2,10
110900090,63,64,-1
110900091,5,48,-43
110900093,337,156,181
110900095,61,75,-14
110900097,18,17,1
110900098,39,70,-31
110900099,107,349,-242
110900100,0,24,-24
110900102,79,17,62
110900105,1525,232,1293
110900108,27,65,-38
110900111,568,202,366
110900112,1066,14,1052
110900113,390,66,324
110900115,16,62,-46
110900116,972,1402,-430
110900118,151,4225,-4074
110900119,2679,340,2339
110900120,43,55,-12
110900121,167,0,167
110900122,566,206,360
110900125,585,501,84
110900127,634,1542,-908
110900128,270,275,-5
110900129,447,1074,-627
110900130,896,695,201
110900131,462,54,408
110900132,546,146,400
110900133,261,160,101
110900135,102,274,-172
110900136,477,22,455
110900137,188,0,188
110900138,1237,943,294
110900139,33,176,-143
110900140,107,14,93
110900141,7,163,-156
110900142,83,144,-61
110900143,240,100,140
110900144,5,483,-478
110900145,212,68,144
110900146,306,206,100
110900147,115,346,-231
110900148,2,240,-238
110900149,2,63,-61
110900150,103,34,69
110900151,14,111,-97
110900152,21,185,-164
110900153,202,84,118
111000001,454,317,137
111000002,330,455,-125
111000003,1185,646,539
111000004,435,804,-369
111000005,1301,1165,136
111000006,929,1470,-541
111000007,4413,3116,1297
111000008,1746,3007,-1261
111000009,409,827,-418
111000010,947,253,694
111000011,321,1123,-802
111000012,547,400,147
111000013,489,1025,-536
111000014,1348,448,900
111000017,163,1092,-929
111000018,250,338,-88
111000020,825,1984,-1159
111000021,77,110,-33
111000023,194,147,47
111000025,3951,4470,-519
111000029,200,104,96
111000030,39,123,-84
111000031,2299,1462,837
111000032,618,421,197
111000033,295,428,-133
111000034,96,323,-227
111000037,1336,669,667
111000038,3209,2215,994
111000039,2120,1754,366
111000040,2298,2042,256
111000041,1684,1466,218
111000042,2575,2045,530
111000043,2208,4198,-1990
111000044,2158,1379,779
111000045,2892,2535,357
111000046,2008,1801,207
111000047,2890,4726,-1836
111000049,559,562,-3
111000050,1195,1027,168
111000051,522,869,-347
111000052,753,1514,-761
111000053,382,791,-409
111000054,454,626,-172
111000055,1049,1405,-356
111000056,200,380,-180
111000057,100,446,-346
111000058,605,61,544
111000059,833,271,562
111000060,4923,916,4007
111000061,767,332,435
111000062,1081,398,683
111000063,2399,1263,1136
111000064,926,762,164
111000065,1310,1108,202
111000066,637,526,111
111000067,745,559,186
111000068,725,914,-189
111000069,1981,2031,-50
111000070,1019,908,111
111000071,173,486,-313
111000072,1346,539,807
111000073,361,979,-618
111000074,1755,1631,124
111000075,1109,630,479
111000076,604,561,43
111000077,1913,1618,295
111000078,3087,1333,1754
111000079,1340,863,477
111000080,587,666,-79
111000081,1628,4425,-2797
111000082,834,542,292
111000084,858,570,288
111000085,915,1043,-128
111000086,2512,967,1545
111000087,764,549,215
111000088,4468,2798,1670
111000089,794,861,-67
111000090,884,1313,-429
111000091,1007,420,587
111000092,1612,792,820
111000093,1036,1067,-31
111000094,2253,1143,1110
111000095,855,2353,-1498
111000096,1767,8467,-6700
111000097,4107,1492,2615
111000098,804,978,-174
111000099,642,1557,-915
111000100,471,1245,-774
111000101,543,846,-303
111000102,321,718,-397
111000104,775,225,550
111000107,278,954,-676
111000109,1526,331,1195
111000110,1611,754,857
111000111,3496,571,2925
111000112,2342,697,1645
111000113,946,1710,-764
111000114,1749,3945,-2196
111000115,5075,1407,3668
111000116,1071,1004,67
111000117,397,1077,-680
111000118,1588,822,766
111000119,1354,914,440
111000120,617,610,7
111000121,393,758,-365
111000122,669,1015,-346
111000123,1268,2270,-1002
111000124,656,2106,-1450
111000125,265,1252,-987
111000126,119,786,-667
111000127,1163,189,974
111000128,2644,327,2317
111000129,3494,557,2937
111000130,2911,711,2200
111000131,2248,631,1617
111000132,2088,1050,1038
111000133,270,147,123
111000134,166,126,40
111000135,69,156,-87
111000136,417,309,108
111000138,16,5,11
111000140,1,12,-11
111000141,204,335,-131
111000142,19,210,-191
111000143,4,217,-213
111000144,26,689,-663
111000145,431,14,417
111000146,81,12,69
111000147,204,21,183
111000148,150,124,26
111000149,6,35,-29
111000150,30,9,21
111000151,1,26,-25
111000153,715,888,-173
111000154,741,296,445
111000155,131,225,-94
111000156,589,800,-211
111000157,212,1316,-1104
111000158,896,923,-27
111000159,2475,823,1652
111000160,505,342,163
111000161,6,296,-290
111000162,56,122,-66
111000163,818,741,77
111000164,538,2826,-2288
111000165,981,509,472
111000166,1441,318,1123
111000167,166,352,-186
111000168,258,437,-179
111000169,352,639,-287
111000170,472,360,112
111000171,578,598,-20
111000172,134,314,-180
111000173,372,611,-239
111000174,266,252,14
111000175,55,213,-158
111000176,477,101,376
111000177,489,213,276
111000178,1568,201,1367
111000179,224,108,116
111000180,377,481,-104
111000181,1562,210,1352
111000182,225,186,39
111000183,512,373,139
111000184,509,202,307
111000185,441,335,106
111000186,565,256,309
111000187,209,157,52
111000188,328,341,-13
111000189,853,543,310
111000190,271,281,-10
111000191,212,275,-63
111000192,220,399,-179
111000193,318,228,90
111000194,59,257,-198
111000195,209,292,-83
111000196,52,131,-79
111000197,497,131,366
111000198,885,108,777
111000199,254,165,89
111000200,485,396,89
111000201,776,272,504
111000202,420,244,176
111000203,441,365,76
111000204,450,1321,-871
111000213,237,500,-263
111000214,1772,1185,587
111000215,1069,1078,-9
111000217,1694,906,788
111000218,1443,1040,403
111000219,449,237,212
111000220,1201,555,646
111000221,600,119,481
111000224,1,197,-196
111000225,346,95,251
111000226,172,1,171
111000227,30,8,22
111000228,48,422,-374
111000229,78,1096,-1018
111000230,270,329,-59
111000231,1233,639,594
111000232,808,972,-164
111000233,1249,673,576
111000234,164,468,-304
111000239,116,131,-15
111000240,65,222,-157
111000241,47,253,-206
111000242,338,55,283
111000243,216,517,-301
111000244,693,92,601
111000245,1541,304,1237
111000246,717,288,429
111000247,503,745,-242
111000248,907,366,541
111000249,509,546,-37
111000250,52,76,-24
111000251,63,131,-68
111000253,33,23,10
111000255,26,7,19
111000257,76,16,60
111000260,108,921,-813
111000261,1620,148,1472
111000271,77,231,-154
111000273,2718,1204,1514
111000274,1399,2651,-1252
111000275,230,42,188
111000276,279,1310,-1031
111000277,181,366,-185
111000278,705,248,457
111000291,821,7414,-6593
111000298,604,251,353
111000299,859,171,688
111000300,156,574,-418
111000302,415,89,326
111000303,108,161,-53
111000312,67,80,-13
111000315,0,53,-53
111000320,313,581,-268
111000321,464,108,356
111000322,425,395,30
111000323,310,23,287
111000324,425,194,231
111000325,50,59,-9
111000326,217,284,-67
111000327,569,272,297
111000328,305,519,-214
111000329,0,80,-80
111000330,52,7,45
111000331,29,8,21
111000332,774,1267,-493
111000334,373,1092,-719
111000335,1283,244,1039
111000337,1670,343,1327
111000338,85,102,-17
111000339,939,269,670
111000340,233,465,-232
111000341,1471,671,800
111000342,232,857,-625
111000344,1305,602,703
111000345,163,86,77
111000346,23,204,-181
111000347,170,9,161
111000350,225,108,117
111000351,136,297,-161
111000352,184,136,48
111000353,187,226,-39
111000354,706,149,557
111000355,294,593,-299
111000358,189,880,-691
111000360,205,450,-245
111000361,205,200,5
111000546,1124,630,494
111000547,543,468,75
111000548,182,326,-144
111000549,452,229,223
111000550,77,1127,-1050
111000551,721,128,593
111000552,1276,152,1124
111000907,442,74,368
111000908,24,1,23
111000916,2217,246,1971
111000917,46,370,-324
111000918,263,609,-346
111000920,664,8,656
111000921,13,199,-186
111000922,788,269,519
111000924,79,617,-538
111000925,3649,1976,1673
111000926,1305,1274,31
111000927,3139,4466,-1327
111000928,3882,2510,1372
111000929,1798,1381,417
111000930,936,1646,-710
111000931,2414,2761,-347
111000932,3412,1795,1617
111000933,3495,2849,646
111000934,1728,3089,-1361
111000935,1906,1087,819
111000936,1108,1730,-622
111000937,1146,1474,-328
111000938,1287,1314,-27
111000939,808,41,767
111000940,640,128,512
111000941,465,355,110
111000943,627,266,361
111000944,244,276,-32
111000945,114,1099,-985
111001109,727,638,89
111001110,213,409,-196
111001111,104,5,99
111001112,132,44,88
111001113,1,128,-127
111001114,854,157,697
111001115,20,641,-621
111001116,3733,4428,-695
111001117,513,2679,-2166
111001120,159,160,-1
111001121,222,199,23
111001122,270,296,-26
111001123,305,46,259
111900001,11,116,-105
111900002,45,556,-511
111900003,3,265,-262
111900004,55,122,-67
111900006,24,72,-48
111900007,278,12,266
111900008,468,5,463
111900009,350,176,174
111900010,328,387,-59
111900012,187,100,87
111900013,17,38,-21
111900014,3792,5174,-1382
111900015,0,50,-50
111900016,2,66,-64
111900017,0,52,-52
111900018,286,6,280
111900019,0,115,-115
111900020,4,44,-40
111900021,46,76,-30
111900022,8,35,-27
111900023,75,74,1
111900024,26,61,-35
111900025,0,37,-37
111900026,0,57,-57
111900027,3,97,-94
111900028,0,265,-265
111900029,6,71,-65
111900030,33,414,-381
111900031,144,53,91
111900032,2,209,-207
111900033,10,59,-49
111900034,223,432,-209
111900035,152,260,-108
111900036,2,183,-181
111900038,253,481,-228
111900039,72,401,-329
111900040,3,342,-339
111900042,42,138,-96
111900043,2,209,-207
111900044,297,199,98
111900046,51,173,-122
111900048,222,340,-118
111900049,33,190,-157
111900050,151,46,105
111900051,0,165,-165
111900052,324,443,-119
111900053,762,2161,-1399
111900054,251,5,246
111900055,18,232,-214
111900056,141,346,-205
111900057,231,24,207
111900058,530,428,102
111900059,1536,825,711
111900060,545,1,544
111900061,14,120,-106
111900062,42,75,-33
111900063,347,259,88
111900064,123,166,-43
111900065,135,16,119
111900066,155,128,27
111900067,7,354,-347
111900068,44,70,-26
111900069,87,46,41
111900070,223,124,99
111900071,2,224,-222
111900072,55,42,13
111900073,1464,190,1274
111900074,23,207,-184
111900075,107,13,94
111900076,271,77,194
111900077,67,6,61
111900078,475,38,437
111900079,102,35,67
111900080,270,292,-22
111900081,618,331,287
111900082,171,44,127
111900083,217,16,201
111900084,160,5,155
111900085,50,150,-100
111900086,55,14,41
111900087,110,2,108
111900088,636,8,628
111900089,135,1,134
111900090,79,108,-29
111900091,352,8,344
111900092,184,0,184
111900093,541,12,529
111900094,190,0,190
111900095,323,73,250
111900096,157,0,157
111900097,98,0,98
111900098,353,18,335
111900099,125,1,124
111900100,427,9,418
111900101,174,32,142
111900102,1035,403,632
111900103,105,119,-14
111900104,267,116,151
111900105,422,285,137
111900106,1134,60,1074
111900107,123,188,-65
111900108,136,246,-110
111900109,473,562,-89
111900110,1683,492,1191
111900111,220,79,141
111900112,612,4337,-3725
111900113,192,106,86
111900114,120,105,15
111900115,16,30,-14
111900118,383,122,261
111900119,387,209,178
111900122,113,84,29
111900123,34,34,0
111900124,21,41,-20
111900125,732,50,682
111900126,311,3,308
111900127,1,518,-517
111900128,4,380,-376
111900129,411,42,369
111900130,317,90,227
111900131,615,1,614
111900132,25,730,-705
111900133,3,254,-251
111900134,16,160,-144
111900135,27,46,-19
111900136,79,169,-90
111900137,54,38,16
111900138,12,64,-52
111900139,13,88,-75
111900140,181,40,141
111900141,104,30,74
111900142,125,40,85
111900143,63,136,-73
111900144,0,73,-73
111900145,1,360,-359
111900146,4,141,-137
111900147,142,354,-212
111900148,14,471,-457
111900149,8,232,-224
111900150,16,165,-149
111900151,3,34,-31
111900152,92,99,-7
111900153,1081,864,217
111900154,22,427,-405
111900155,75,128,-53
111900156,103,98,5
111900157,153,19,134
111900158,815,113,702
111900159,441,44,397
111900160,486,4,482
111900161,248,5,243
111900162,95,212,-117
111900163,38,232,-194
111900164,128,94,34
111901113,658,124,534
111901114,468,234,234
111901115,124,2,122
111901116,67,3,64
111901117,42,57,-15
111901118,60,439,-379
111901119,574,93,481
111901120,124,167,-43
111901121,143,163,-20
111901122,7,335,-328
111901123,302,255,47
111901124,306,12,294
111901125,591,181,410
111901126,201,116,85
111901127,536,854,-318
111901128,15,91,-76
111901129,5,146,-141
111901130,8,123,-115
111901131,3,185,-182
111901132,114,38,76
111901133,51,3,48
111901134,137,10,127
111901135,56,18,38
111901136,57,69,-12
111901137,1,36,-35
111901138,247,39,208
111901139,26,39,-13
111901140,24,79,-55
111901141,13,157,-144
111901142,7,104,-97
111901143,9,92,-83
111901144,95,46,49
111901145,100,305,-205
111901146,208,16,192
112000001,2164,790,1374
112000002,681,1938,-1257
112000003,2061,1117,944
112000004,797,718,79
112000005,4148,3971,177
112000006,1811,1478,333
112000007,4280,2592,1688
112000008,2708,4080,-1372
112000009,3058,2579,479
112000010,3653,3947,-294
112000011,1652,1409,243
112000012,5248,5535,-287
112000013,3714,3612,102
112000014,2736,2964,-228
112000015,3244,4321,-1077
112000016,4894,2457,2437
112000017,1866,4618,-2752
112000024,1951,794,1157
112000026,2895,3220,-325
112000027,998,744,254
112000028,1002,1432,-430
112000029,897,886,11
112000030,172,68,104
112000031,1618,5431,-3813
112000032,295,58,237
112000033,2246,2852,-606
112000034,225,95,130
112000035,66,651,-585
112000036,625,1519,-894
112000037,1150,1227,-77
112000038,1667,1431,236
112000039,132,66,66
112000040,64,199,-135
112000041,418,499,-81
112000042,971,493,478
112000050,1534,1602,-68
112000051,1309,1602,-293
112000054,1545,1500,45
112000057,656,395,261
112000058,382,764,-382
112000059,762,698,64
112000061,2525,1703,822
112000062,1761,1396,365
112000063,1080,2595,-1515
112000064,3289,4705,-1416
112000065,1573,2133,-560
112000066,4466,1703,2763
112000067,688,701,-13
112000068,3823,2972,851
112000069,730,1597,-867
112000070,2587,1115,1472
112000071,1221,2299,-1078
112000072,3337,1064,2273
112000073,2021,2423,-402
112000074,1672,1351,321
112000075,1683,1306,377
112000076,3737,2424,1313
112000077,784,482,302
112000078,1959,744,1215
112000079,1733,1549,184
112000080,913,783,130
112000081,1413,2283,-870
112000082,1711,768,943
112000083,627,1018,-391
112000084,1796,713,1083
112000085,1263,843,420
112000086,2097,967,1130
112000087,598,343,255
112000088,817,409,408
112000089,391,335,56
112000090,229,227,2
112000091,571,797,-226
112000092,2392,1147,1245
112000093,1745,744,1001
112000094,876,915,-39
112000095,780,757,23
112000096,771,656,115
112000097,1645,858,787
112000098,1062,920,142
112000099,1125,1954,-829
112000100,2411,823,1588
112000101,633,768,-135
112000102,1872,541,1331
112000103,477,904,-427
112000105,543,1172,-629
112000106,1989,460,1529
112000107,26,278,-252
112000108,255,1341,-1086
112000109,101,82,19
112000110,2195,749,1446
112000111,895,3309,-2414
112000112,4242,721,3521
112000113,1106,1493,-387
112000114,3085,1011,2074
112000115,430,534,-104
112000116,1090,1089,1
112000117,1099,840,259
112000118,960,771,189
112000119,544,605,-61
112000120,115,292,-177
112000121,223,337,-114
112000122,360,130,230
112000123,900,170,730
112000124,472,88,384
112000125,348,294,54
112000126,336,328,8
112000127,2541,2940,-399
112000128,890,994,-104
112000129,146,110,36
112000130,264,97,167
112000131,44,193,-149
112000132,187,209,-22
112000133,450,177,273
112000134,665,363,302
112000135,1879,679,1200
112000136,1142,1138,4
112000137,1723,1478,245
112000138,1481,1034,447
112000139,1013,719,294
112000140,775,1110,-335
112000141,1063,413,650
112000142,170,421,-251
112000143,1309,259,1050
112000144,275,788,-513
112000145,3178,608,2570
112000146,556,1346,-790
112000147,3065,1964,1101
112000148,1759,1604,155
112000149,746,603,143
112000150,336,638,-302
112000151,298,327,-29
112000152,549,407,142
112000153,178,266,-88
112000154,120,261,-141
112000155,152,142,10
112000157,766,692,74
112000158,319,428,-109
112000159,716,454,262
112000167,535,155,380
112000169,294,461,-167
112000173,968,315,653
112000175,531,312,219
112000176,2126,2093,33
112000177,1038,271,767
112000178,150,309,-159
112000179,372,104,268
112000180,313,326,-13
112000181,1467,1599,-132
112000182,1687,1376,311
112000183,23,30,-7
112000184,434,327,107
112000185,770,414,356
112000187,4710,3148,1562
112000195,202,41,161
112000196,272,2,270
112000197,296,184,112
112000198,47,346,-299
112000199,1123,793,330
112000202,524,2,522
112000216,62,233,-171
112000230,139,2,137
112000231,6,206,-200
112000256,82,270,-188
112000313,78,133,-55
112000314,75,44,31
112000337,276,552,-276
112000352,357,441,-84
112000392,1712,1617,95
112000398,1679,874,805
112000399,1662,2531,-869
112000400,1590,2218,-628
112000401,2440,1595,845
112000402,4018,3732,286
112000403,1885,3057,-1172
112000404,1171,951,220
112000405,2370,3109,-739
112000406,2790,1595,1195
112000407,9135,9095,40
112000408,7044,4570,2474
112000409,1497,3117,-1620
112000410,632,359,273
112000411,3176,2174,1002
112000412,1521,742,779
112000413,6782,7756,-974
112000414,127,78,49
112000415,103,51,52
112000416,3155,1617,1538
112000417,329,97,232
112000421,116,120,-4
112000422,378,344,34
112000424,1857,3037,-1180
112000425,561,517,44
112000426,222,333,-111
112000427,0,24,-24
112000428,358,254,104
112000429,2143,2053,90
112000430,2399,2630,-231
112000431,99,163,-64
112000432,680,888,-208
112000433,436,1071,-635
112000437,61,129,-68
112900001,141,0,141
112900002,686,727,-41
112900003,76,352,-276
112900004,58,262,-204
112900005,288,153,135
112900006,9,306,-297
112900007,172,240,-68
112900008,1,107,-106
112900009,537,192,345
112900010,495,873,-378
112900011,128,252,-124
112900012,1,33,-32
112900013,16,329,-313
112900014,3,323,-320
112900015,484,671,-187
112900016,18,258,-240
112900017,65,245,-180
112900018,0,198,-198
112900019,44,177,-133
112900020,474,1115,-641
112900021,4,217,-213
112900022,26,73,-47
112900023,2,142,-140
112900024,14,226,-212
112900025,150,293,-143
112900026,2,189,-187
112900027,4,662,-658
112900028,21,110,-89
112900029,40,463,-423
112900030,107,104,3
112900031,9,332,-323
112900032,355,221,134
112900034,1,45,-44
112900035,8,290,-282
112900036,32,113,-81
112900037,176,224,-48
112900038,971,176,795
112900039,5,275,-270
112900040,10,461,-451
112900041,906,1309,-403
112900042,81,279,-198
112900043,84,57,27
112900044,607,503,104
112900045,194,301,-107
112900046,180,65,115
112900047,14,35,-21
112900049,344,99,245
112900050,41,656,-615
112900051,250,569,-319
112900052,14,517,-503
112900053,339,166,173
112900054,260,84,176
112900055,129,55,74
112900056,496,235,261
112900057,19,461,-442
112900058,397,406,-9
112900059,157,131,26
112900060,45,230,-185
112900061,87,143,-56
112900062,96,129,-33
112900063,123,20,103
112900064,261,240,21
112900065,71,63,8
112900066,411,238,173
112900067,378,151,227
112900068,72,84,-12
112900069,1510,966,544
112900071,52,16,36
112900072,188,2654,-2466
112900073,512,122,390
112900074,116,321,-205
112900075,1161,1220,-59
112900076,87,64,23
112900078,439,577,-138
112900079,292,38,254
112900080,134,9,125
112900081,63,221,-158
112900082,813,42,771
112900083,145,163,-18
112900084,325,163,162
112900085,1,4,-3
112900086,178,0,178
112900087,1129,221,908
112900088,182,36,146
112900089,1265,59,1206
112900090,74,42,32
112900091,352,7,345
112900092,156,398,-242
112900093,1559,26,1533
112900094,156,4,152
112900095,84,1,83
112900096,702,230,472
112900097,105,308,-203
112900098,610,6,604
112900099,1461,37,1424
112900100,79,2,77
112900101,635,8,627
112900102,166,21,145
112900103,257,5,252
112900104,29,1,28
112900105,22,0,22
112900106,406,156,250
112900107,3,1,2
112900108,18,3,15
112900109,174,4,170
112900110,1579,22,1557
112900111,767,4,763
112900112,451,5,446
112900113,0,4,-4
112900114,223,34,189
112900115,1590,4,1586
112900116,154,45,109
112900117,94,54,40
112900118,44,75,-31
112900119,295,5,290
112900120,957,317,640
112900121,57,126,-69
112900122,19,98,-79
112900123,101,30,71
112900124,20,92,-72
112900125,128,805,-677
112900126,201,188,13
112900127,470,106,364
112900128,282,725,-443
112900129,0,689,-689
112900130,377,166,211
112900131,79,251,-172
112900132,142,368,-226
112900133,35,968,-933
112900134,0,308,-308
112900135,99,62,37
112900136,0,20,-20
112900137,1,477,-476
112900138,12,258,-246
112900139,237,1107,-870
112900140,0,77,-77
112900141,952,93,859
112900142,92,213,-121
112900143,42,571,-529
112900144,0,172,-172
112900145,37,442,-405
112900146,5,845,-840
112900147,5,1275,-1270
112900148,50,5,45
112900149,331,616,-285
112900151,34,73,-39
112900152,3387,859,2528
112900153,1754,2980,-1226
112900154,0,132,-132
112900155,264,66,198
112900156,502,988,-486
112900157,315,21,294
112900158,111,13,98
112900159,294,158,136
112900160,89,274,-185
112900161,156,63,93
112900162,41,23,18
112900163,89,74,15
112900164,50,240,-190
112900165,168,37,131
112900166,28,121,-93
112900167,4,101,-97
112900168,8,10,-2
112900169,19,24,-5
112900170,394,210,184
112900172,62,30,32
112900173,342,135,207
112900174,366,52,314
112900175,178,222,-44
112900176,11,121,-110
112900177,303,49,254
112900178,935,2910,-1975
112900179,52,370,-318
112900180,2561,1528,1033
112900181,854,6,848
112900182,80,739,-659
112900183,201,426,-225
112900184,473,590,-117
112900185,269,879,-610
112900186,1554,1564,-10
112900187,114,703,-589
112900188,779,1289,-510
112900189,22,39,-17
112900190,20,86,-66
112900192,893,998,-105
112900193,1857,532,1325
112900194,78,113,-35
112900195,1115,80,1035
112900196,259,370,-111
112900197,212,389,-177
112900199,792,434,358
112900200,733,275,458
112900201,226,94,132
112900202,462,658,-196
112900203,302,265,37
112900204,902,724,178
112900205,14,3,11
112900206,19,59,-40
112900207,28,0,28
112900208,134,439,-305
112900209,451,366,85
112900210,4,18,-14
112900211,96,37,59
112900212,2,143,-141
112900213,56,10,46
112900214,25,19,6
112900215,43,149,-106
112900216,31,60,-29
112900217,0,74,-74
112900218,115,22,93
112900219,182,8,174
112900220,9,1,8
112900221,85,97,-12
112900222,1,21,-20
112900223,1346,32,1314
112900224,506,398,108
112900225,576,330,246
112900226,405,498,-93
112900227,880,796,84
112900228,92,44,48
112900229,286,42,244
112900230,6906,4859,2047
112900232,446,440,6
112900233,72,148,-76
112900234,20,71,-51
112900235,156,43,113
112900236,414,15,399
112900237,232,188,44
112900238,5,23,-18
112900239,577,592,-15
113000001,6814,4756,2058
113000002,4322,3631,691
113000003,1924,1484,440
113000004,1688,2223,-535
113000005,1914,944,970
113000006,1206,1316,-110
113000007,2247,1075,1172
113000008,1780,1599,181
113000009,1573,785,788
113000010,1441,1324,117
113000011,990,1520,-530
113000012,2174,843,1331
113000013,1288,860,428
113000014,1358,1548,-190
113000015,454,287,167
113000016,477,1114,-637
113000017,98,382,-284
113000018,475,72,403
113000019,285,440,-155
113000020,493,132,361
113000021,1118,487,631
113000022,862,1180,-318
113000025,146,338,-192
113000026,496,602,-106
113000027,669,763,-94
113000028,881,965,-84
113000029,1202,733,469
113000030,379,664,-285
113000031,255,382,-127
113000032,360,441,-81
113000033,418,501,-83
113000034,442,382,60
113000035,43,54,-11
113000036,29,107,-78
113000037,100,43,57
113000038,18,78,-60
113000039,86,375,-289
113000040,77,87,-10
113000042,814,627,187
113000051,1031,2354,-1323
113000052,2111,868,1243
113000053,591,400,191
113000054,490,688,-198
113000055,1605,489,1116
113000056,1196,883,313
113000058,705,894,-189
113000059,1428,597,831
113000060,339,556,-217
113000061,511,880,-369
113000062,851,398,453
113000063,303,87,216
113000064,63,284,-221
113000065,199,640,-441
113000066,893,130,763
113000067,2789,1171,1618
113000068,436,1036,-600
113000069,635,954,-319
113000070,3145,993,2152
113000071,604,682,-78
113000072,1026,476,550
113000073,531,1545,-1014
113000074,1190,395,795
113000075,1985,722,1263
113000076,675,2366,-1691
113000077,1533,747,786
113000078,811,2591,-1780
113000079,670,962,-292
113000080,619,854,-235
113000081,1040,1179,-139
113000082,1414,1127,287
113000083,589,914,-325
113000084,1786,1461,325
113000085,961,757,204
113000086,1579,1347,232
113000087,1402,1034,368
113000088,2275,1577,698
113000089,929,1824,-895
113000090,310,772,-462
113000091,453,462,-9
113000094,1497,256,1241
113000095,243,722,-479
113000096,193,709,-516
113000097,1252,435,817
113000098,250,52,198
113000099,1879,485,1394
113000100,155,404,-249
113000101,379,620,-241
113000102,714,578,136
113000103,1835,431,1404
113000104,600,2147,-1547
113000105,973,548,425
113000106,371,426,-55
113000107,1028,711,317
113000108,902,975,-73
113000109,759,1688,-929
113000110,2235,560,1675
113000111,143,599,-456
113000112,281,284,-3
113000113,1520,308,1212
113000114,394,1877,-1483
113000116,825,351,474
113000117,1165,256,909
113000118,100,611,-511
113000119,686,539,147
113000120,91,332,-241
113000121,788,1374,-586
113000124,301,138,163
113000125,94,973,-879
113000127,2038,311,1727
113000128,646,557,89
113000129,585,819,-234
113000133,1974,1847,127
113000134,9,1166,-1157
113000135,4748,4880,-132
113000137,1788,3893,-2105
113000139,449,336,113
113000140,135,350,-215
113000141,280,317,-37
113000142,505,1309,-804
113000143,337,243,94
113000144,265,798,-533
113000145,100,144,-44
113000146,175,70,105
113000147,267,90,177
113000148,270,136,134
113000149,163,144,19
113000150,709,326,383
113000151,63,46,17
113000152,47,125,-78
113000153,1409,736,673
113000154,901,1708,-807
113000155,366,805,-439
113000156,165,363,-198
113000157,274,798,-524
113000158,808,314,494
113000159,1165,746,419
113000160,707,943,-236
113000161,375,388,-13
113000162,1070,392,678
113000163,206,62,144
113000164,34,87,-53
113000166,202,110,92
113000167,58,79,-21
113000168,119,80,39
113000169,246,99,147
113000170,144,150,-6
113000171,54,101,-47
113000172,389,79,310
113000173,104,38,66
113000174,107,362,-255
113000175,450,115,335
113000176,651,159,492
113000177,170,449,-279
113000178,215,288,-73
113000179,378,210,168
113000180,733,1111,-378
113000181,971,792,179
113000182,191,467,-276
113000183,176,630,-454
113000184,29,101,-72
113000189,476,1104,-628
113000190,760,583,177
113000192,1026,3459,-2433
113000193,3169,2163,1006
113000194,1168,1330,-162
113000195,2247,1578,669
113000196,252,95,157
113000197,1624,1491,133
113000198,86,238,-152
113000199,2195,604,1591
113000201,356,296,60
113000202,4712,1287,3425
113000203,185,143,42
113000204,972,2934,-1962
113000205,20,27,-7
113000206,12,23,-11
113000207,77,20,57
113000208,53,66,-13
113000209,22,19,3
113000210,12,26,-14
113000211,144,261,-117
113000212,58,35,23
113000213,36,155,-119
113000214,211,210,1
113000234,225,732,-507
113000410,167,235,-68
113000411,2455,4307,-1852
113000412,5002,2369,2633
113000413,1882,3227,-1345
113000414,4751,14653,-9902
113000415,2488,2909,-421
113000416,7274,4214,3060
113000417,3407,3065,342
113000418,5114,4131,983
113000419,2425,2594,-169
113000420,4625,7150,-2525
113000421,4754,7663,-2909
113000422,11097,12593,-1496
113000423,2062,6190,-4128
113000424,2705,9762,-7057
113000425,33,102,-69
113000428,161,42,119
113000430,10,180,-170
113000432,2238,141,2097
113000433,107,657,-550
113000434,35,157,-122
113000435,29,482,-453
113000436,36,927,-891
113000437,1376,20,1356
113000438,353,4,349
113000439,21,123,-102
113000440,186,40,146
113000441,305,197,108
113000442,137,165,-28
113000443,448,239,209
113000444,311,163,148
113000445,153,100,53
113000446,44,111,-67
113000448,213,184,29
113000449,243,711,-468
113000450,698,2046,-1348
113000451,1350,250,1100
113000452,321,488,-167
113000453,70,427,-357
113000454,543,79,464
113000455,5,456,-451
113000456,4053,2923,1130
113000468,1289,217,1072
113000469,105,260,-155
113000470,428,17,411
113000471,16,379,-363
113000472,140,302,-162
113000474,821,605,216
113000475,1584,1662,-78
113000476,1696,1697,-1
113000477,3966,1869,2097
113000478,3788,4248,-460
113000479,125,154,-29
113000480,132,315,-183
113000481,0,0,0
113000482,0,0,0
113000483,0,0,0
113000484,0,0,0
113000485,5,0,5
113000486,10,0,10
113000487,0,6,-6
113000488,1,0,1
113000489,1,4,-3
113000490,0,13,-13
113000491,26,14,12
113000492,1,2,-1
113000493,0,0,0
113000495,153,151,2
113000496,134,83,51
113000497,0,0,0
113000499,0,0,0
113000500,0,3,-3
113900001,4,241,-237
113900002,1,50,-49
113900003,1,52,-51
113900004,1,57,-56
113900005,0,90,-90
113900006,2,20,-18
113900007,89,51,38
113900008,44,0,44
113900009,102,0,102
113900010,60,6,54
113900011,72,0,72
113900012,55,0,55
113900013,231,7,224
113900014,630,4,626
113900015,0,65,-65
113900016,32,0,32
113900017,1,38,-37
113900018,437,340,97
113900019,222,73,149
113900020,153,0,153
113900022,51,1,50
113900023,32,0,32
113900024,77,50,27
113900025,420,40,380
113900026,85,2,83
113900027,9,43,-34
113900028,36,350,-314
113900029,75,157,-82
113900030,291,0,291
113900031,50,3,47
113900032,41,0,41
113900033,60,82,-22
113900035,79,0,79
113900036,32,69,-37
113900037,251,354,-103
113900038,41,134,-93
113900039,211,24,187
113900040,12,23,-11
113900041,11,3,8
113900042,84,32,52
113900043,159,123,36
113900044,249,302,-53
113900045,145,7,138
113900046,536,621,-85
113900047,62,129,-67
113900048,187,149,38
113900049,502,426,76
113900050,318,436,-118
113900051,258,284,-26
113900052,165,192,-27
113900053,697,588,109
113900054,30,2,28
113900055,134,400,-266
113900056,58,155,-97
113900057,10,66,-56
113900058,95,123,-28
113900059,284,226,58
113900060,179,293,-114
113900061,877,241,636
113900062,150,17,133
113900063,176,128,48
113900064,21,135,-114
113900065,525,16,509
113900066,466,237,229
113900067,294,449,-155
113900068,646,584,62
113900069,72,49,23
113900070,172,475,-303
113900071,77,54,23
113900072,82,183,-101
113900073,310,383,-73
113900074,509,1292,-783
113900075,1257,1363,-106
113900076,354,23,331
113900077,65,206,-141
113900078,49,56,-7
113900079,0,28,-28
113900080,640,271,369
113900081,76,181,-105
113900082,146,224,-78
113900083,529,273,256
113900084,243,124,119
113900085,63,244,-181
113900086,48,21,27
113900087,140,175,-35
113900088,112,98,14
113900089,519,61,458
113900090,807,432,375
113900091,14,16,-2
113900092,53,88,-35
113900093,82,928,-846
113900094,658,311,347
113900095,184,186,-2
113900096,302,97,205
113900097,47,158,-111
113900098,838,133,705
113900099,0,47,-47
113900100,1,7,-6
113900101,12,76,-64
113900102,184,191,-7
113900103,378,379,-1
113900104,177,222,-45
113900105,192,176,16
113900106,0,39,-39
113900107,2,18,-16
113900108,208,252,-44
113900109,395,203,192
113900110,94,21,73
113900111,204,96,108
113900112,126,59,67
113900113,1426,469,957
113900114,0,58,-58
113900115,0,66,-66
113900116,132,196,-64
113900117,89,30,59
113900118,276,652,-376
113900119,175,588,-413
113900120,71,52,19
113900121,104,114,-10
113900122,565,2636,-2071
113900123,572,205,367
113900124,0,75,-75
113900125,872,140,732
113900126,176,50,126
113900127,358,852,-494
113900128,178,139,39
113900129,20,187,-167
113900130,0,98,-98
113900131,345,87,258
113900132,58,77,-19
113900133,11,82,-71
113900135,371,334,37
113900136,114,102,12
113900137,444,377,67
113900138,89,309,-220
113900139,300,253,47
113900140,208,456,-248
113900141,656,245,411
113900142,187,94,93
113900143,17,65,-48
113900144,208,365,-157
113900145,493,168,325
113900146,174,59,115
113900148,150,352,-202
113900149,204,116,88
113900150,415,665,-250
113900151,565,226,339
113900152,62,56,6
113900153,183,775,-592
113900154,8,147,-139
113900155,224,271,-47
113900156,203,345,-142
113900157,91,402,-311
113900158,319,660,-341
113900159,20,268,-248
113900160,808,476,332
113900161,109,223,-114
113900162,370,1028,-658
113900163,325,219,106
113900164,434,82,352
113900165,855,427,428
113900166,189,248,-59
113900167,316,60,256
113900168,140,85,55
113900169,278,339,-61
113900171,322,86,236
113900172,8,141,-133
113900173,34,416,-382
113900174,582,626,-44
113900175,437,179,258
113900176,517,490,27
113900177,399,178,221
113900178,584,190,394
113900179,32,304,-272
113900180,161,85,76
113900181,1209,181,1028
113900182,822,861,-39
113900183,63,59,4
113900184,14,347,-333
113900185,205,67,138
113900186,49,59,-10
113900187,28,124,-96
113900188,74,246,-172
113900189,287,128,159
113900190,239,143,96
113900191,123,239,-116
113900192,12,921,-909
113900193,19,165,-146
113900194,1488,853,635
113900195,338,330,8
113900196,17,208,-191
113900197,1,134,-133
113900198,44,268,-224
113900199,177,734,-557
113900200,27,284,-257
113900201,1,131,-130
113900202,48,291,-243
113900203,1,71,-70
113900204,56,458,-402
113900205,6,172,-166
113900206,8,157,-149
113900207,9,102,-93
113900208,0,59,-59
113900209,0,56,-56
113900210,720,977,-257
113900211,238,79,159
113900212,238,406,-168
113900214,375,591,-216
113900215,80,124,-44
113900216,206,637,-431
113900217,107,203,-96
113900218,225,98,127
113900219,116,352,-236
113900220,159,141,18
113900221,512,423,89
113900222,261,615,-354
113900223,193,609,-416
113900224,59,53,6
113900225,1147,299,848
113900226,525,177,348
113900227,662,299,363
113900228,366,632,-266
113900229,83,1029,-946
113900230,4348,4539,-191
113900231,244,173,71
113900232,96,85,11
113900233,164,91,73
113900234,479,569,-90
113900235,151,27,124
113900236,239,181,58
113900237,312,27,285
113900238,289,656,-367
113900239,81,122,-41
113900240,9,179,-170
113900241,125,48,77
113900242,35,147,-112
113900243,95,364,-269
113900244,328,226,102
113900245,1026,338,688
113900246,24,35,-11
113900247,136,467,-331
113900248,2136,2455,-319
113900249,709,586,123
113900250,134,183,-49
113900251,890,151,739
113900252,577,34,543
113900253,653,73,580
113900254,822,198,624
113900255,687,23,664
113900256,451,46,405
113900257,43,306,-263
113900258,21,285,-264
113900259,622,129,493
113900260,265,12,253
113900261,96,73,23
113900262,168,409,-241
113900263,174,585,-411
113900264,8,419,-411
113900265,182,378,-196
113900266,34,161,-127
113900267,103,487,-384
113900268,489,406,83
113900269,81,133,-52
113900270,255,828,-573
113900271,755,921,-166
113900273,50,24,26
113900274,58,22,36
113900275,30,80,-50
113900276,2,114,-112
113900277,186,11,175
113900278,279,183,96
113900279,85,85,0
113900280,1547,499,1048
113900281,763,1410,-647
113900282,933,828,105
113900283,517,473,44
113900284,903,259,644
113900285,169,34,135
113900286,123,130,-7
113900287,109,138,-29
113900288,2,128,-126
113900289,722,166,556
113900290,235,342,-107
113900291,130,192,-62
113900292,18,7,11
113900293,5,207,-202
113900294,596,35,561
113900295,419,570,-151
113900296,1931,522,1409
113900297,2345,69,2276
113900298,26,1861,-1835
113900299,125,104,21
113900300,4280,4828,-548
113900301,819,517,302
113900302,1953,1092,861
113900303,584,617,-33
113900304,0,99,-99
113900305,168,2,166
113900306,114,2,112
113900307,26,3,23
113900308,79,126,-47
113900309,2,552,-550
113900310,0,10,-10
113900311,6,0,6
113900312,260,259,1
113900313,16,9,7
114000001,1133,1988,-855
114000002,388,347,41
114000003,70,361,-291
114000004,494,436,58
114000005,387,326,61
114000006,2610,2070,540
114000007,876,1350,-474
114000008,1554,2332,-778
114000009,1090,303,787
114000011,3150,2228,922
114000012,3253,1744,1509
114000013,2155,1578,577
114000014,519,308,211
114000015,2578,427,2151
114000016,366,257,109
114000017,153,487,-334
114000018,283,50,233
114000026,2361,1185,1176
114000027,4078,2039,2039
114000028,2987,3159,-172
114000038,380,161,219
114000039,93,38,55
114000040,141,272,-131
114000042,316,103,213
114000043,61,83,-22
114000044,363,32,331
114000045,48,66,-18
114000046,3496,4818,-1322
114000047,22,105,-83
114000048,90,45,45
114000049,1792,1706,86
114000050,1991,2357,-366
114000051,3372,2553,819
114000052,4601,2125,2476
114000053,173,817,-644
114000054,286,825,-539
114000055,342,28,314
114000056,819,1064,-245
114000057,4699,2076,2623
114000058,509,2158,-1649
114000059,242,400,-158
114000060,661,953,-292
114000061,2998,3792,-794
114000062,1790,2350,-560
114000063,2014,1485,529
114000064,4439,4456,-17
114000065,1598,2092,-494
114000066,552,577,-25
114000067,47,957,-910
114000068,606,830,-224
114000069,1189,704,485
114000070,2372,2003,369
114000071,927,499,428
114000072,737,269,468
114000073,18,43,-25
114000074,86,27,59
114000075,68,36,32
114000076,47,68,-21
114000077,8,42,-34
114000078,522,469,53
114000079,212,24,188
114000080,72,93,-21
114000081,104,70,34
114000082,35,326,-291
114000083,87,239,-152
114000084,505,121,384
114000085,87,584,-497
114000086,302,379,-77
114000087,193,130,63
114000088,31,30,1
114000089,698,379,319
114000090,1120,1229,-109
114000091,1619,1020,599
114000092,1222,725,497
114000093,1858,952,906
114000094,526,423,103
114000095,324,159,165
114000096,176,363,-187
114000097,145,428,-283
114000098,764,100,664
114000099,811,387,424
114000100,2202,612,1590
114000101,520,540,-20
114000102,814,370,444
114000103,171,277,-106
114000104,38,230,-192
114000105,235,155,80
114000106,948,1584,-636
114000107,550,170,380
114000108,1010,953,57
114000109,779,1177,-398
114000110,721,1171,-450
114000111,2659,946,1713
114000112,582,1299,-717
114000113,1263,610,653
114000114,1360,1151,209
114000115,2646,1380,1266
114000116,1277,931,346
114000117,3852,632,3220
114000118,3287,627,2660
114000119,2309,554,1755
114000120,1193,685,508
114000121,485,726,-241
114000122,424,378,46
114000123,2675,452,2223
114000124,1135,330,805
114000125,840,959,-119
114000126,3173,290,2883
114000127,459,208,251
114000128,1013,393,620
114000130,519,599,-80
114000131,349,191,158
114000132,818,481,337
114000133,1119,1234,-115
114000134,114,108,6
114000138,50,206,-156
114000139,617,328,289
114000144,1266,717,549
114000145,132,168,-36
114000146,129,259,-130
114000147,1917,2301,-384
114000148,1810,2228,-418
114000149,474,406,68
114000150,443,793,-350
114000151,744,1653,-909
114000152,118,32,86
114000153,833,2390,-1557
114000154,723,718,5
114000155,2168,2636,-468
114000156,833,616,217
114000157,298,1027,-729
114000158,1262,807,455
114000159,161,416,-255
114000160,121,436,-315
114000161,1299,3762,-2463
114000162,1455,3287,-1832
114000163,35,84,-49
114000165,667,404,263
114000166,635,545,90
114000167,2693,1582,1111
114000168,743,575,168
114000169,1617,1669,-52
114000170,1287,1086,201
114000171,1643,2659,-1016
114000174,215,464,-249
114000176,372,445,-73
114000177,1412,782,630
114000178,66,61,5
114000179,1214,731,483
114000180,464,577,-113
114000181,1807,4142,-2335
114000182,2401,2336,65
114000183,772,618,154
114000184,436,857,-421
114000185,1387,825,562
114000189,1604,152,1452
114000190,3545,526,3019
114000191,80,134,-54
114000192,264,1070,-806
114000193,567,1804,-1237
114000194,1521,811,710
114000195,201,60,141
114000196,1,195,-194
114000197,1767,16,1751
114000198,847,384,463
114000199,2015,1962,53
114000200,549,1404,-855
114000201,187,708,-521
114000202,1143,459,684
114000203,484,496,-12
114000204,175,390,-215
114000205,227,1232,-1005
114000206,709,1272,-563
114000207,538,1385,-847
114000208,622,1827,-1205
114000209,665,1622,-957
114000210,281,938,-657
114000211,1154,1833,-679
114000212,1021,829,192
114000213,1481,623,858
114000214,125,202,-77
114000215,290,84,206
114000216,1861,565,1296
114000217,451,212,239
114000218,231,207,24
114000219,1442,166,1276
114000220,23,691,-668
114000221,965,182,783
114000222,187,849,-662
114000223,619,177,442
114000224,78,589,-511
114000225,284,537,-253
114000226,301,251,50
114000227,792,477,315
114000228,1153,702,451
114000229,1539,1224,315
114000230,1963,1015,948
114000231,1350,1334,16
114000232,945,188,757
114000233,2738,199,2539
114000234,1188,874,314
114000235,1336,1065,271
114000236,2,324,-322
114000237,120,809,-689
114000238,179,171,8
114000239,304,843,-539
114000240,1021,771,250
114000241,276,731,-455
114000242,766,734,32
114000243,2042,901,1141
114000244,1190,287,903
114000245,406,787,-381
114000246,115,35,80
114000247,1209,594,615
114000248,1747,533,1214
114000249,773,619,154
114000250,684,652,32
114000251,517,186,331
114000252,61,41,20
114000253,92,154,-62
114000254,81,65,16
114000255,745,247,498
114000256,1068,3074,-2006
114000257,371,1066,-695
114000258,352,381,-29
114000259,132,224,-92
114000260,0,31,-31
114000261,61,62,-1
114000262,335,140,195
114000263,17,3,14
114000264,1607,473,1134
114000265,0,0,0
114000267,2,1861,-1859
114000268,31,1106,-1075
114000270,172,2,170
114000271,380,82,298
114000283,1583,386,1197
114000285,26,172,-146
114000288,131,288,-157
114000289,1693,168,1525
114000293,342,543,-201
114000294,166,310,-144
114000395,1585,52,1533
114000396,786,651,135
114000402,689,267,422
114000403,440,306,134
114000405,224,321,-97
114000423,370,304,66
114000424,670,160,510
114000425,1022,320,702
114000426,361,966,-605
114000427,62,111,-49
114000428,165,202,-37
114000429,25,188,-163
114000432,163,99,64
114000434,32,90,-58
114000435,23,180,-157
114000436,1878,726,1152
114000437,598,4368,-3770
114900001,959,652,307
114900002,1028,185,843
114900003,999,998,1
114900004,309,541,-232
114900005,691,700,-9
114900006,128,140,-12
114900007,382,27,355
114900008,237,121,116
114900010,1658,1952,-294
114900011,275,193,82
114900013,313,228,85
114900015,124,612,-488
114900018,998,23,975
114900020,259,97,162
114900022,2,587,-585
114900024,380,182,198
114900025,643,188,455
114900026,85,200,-115
114900027,367,239,128
114900029,30,25,5
114900030,414,187,227
114900031,483,26,457
114900032,517,37,480
114900033,798,1171,-373
114900034,49,205,-156
114900035,152,302,-150
114900036,243,448,-205
114900037,148,142,6
114900038,169,504,-335
114900039,594,331,263
114900040,105,109,-4
114900041,838,323,515
114900042,1148,544,604
114900043,473,247,226
114900044,186,75,111
114900046,54,133,-79
114900047,331,2494,-2163
114900048,137,218,-81
114900049,8,146,-138
114900050,84,274,-190
114900051,31,337,-306
114900052,116,224,-108
114900053,155,268,-113
114900054,67,94,-27
114900057,278,6,272
114900058,0,74,-74
114900059,132,75,57
114900060,821,955,-134
114900061,139,156,-17
114900062,291,385,-94
114900063,67,142,-75
114900064,1979,403,1576
114900065,588,695,-107
114900067,226,372,-146
114900068,70,158,-88
114900069,255,135,120
114900070,639,300,339
114900072,8,328,-320
114900073,2,174,-172
114900074,832,542,290
114900075,470,14,456
114900076,16,382,-366
114900080,1708,389,1319
114900082,3199,2622,577
114900083,1253,1091,162
114900090,534,235,299
114900091,150,183,-33
114900095,339,130,209
114900096,454,686,-232
114900097,236,3,233
114900098,7,186,-179
114900099,310,12,298
115000001,4635,2891,1744
115000002,4206,5118,-912
115000003,4569,2233,2336
115000004,5093,6842,-1749
115000005,1700,1954,-254
115000006,1157,1606,-449
115000007,168,188,-20
115000008,597,653,-56
115000009,235,227,8
115000010,327,227,100
115000013,77,236,-159
115000015,43,352,-309
115000016,195,456,-261
115000019,60,499,-439
115000020,153,916,-763
115000021,185,442,-257
115000022,571,372,199
115000023,528,775,-247
115000024,1032,438,594
115000025,1089,851,238
115000026,227,392,-165
115000027,432,360,72
115000028,330,760,-430
115000029,770,136,634
115000030,1225,1086,139
115000031,1691,444,1247
115000032,12,259,-247
115000033,250,63,187
115000034,111,1321,-1210
115000035,1376,99,1277
115000036,2,427,-425
115000037,720,20,700
115000038,73,179,-106
115000039,3255,4352,-1097
115000040,5154,2686,2468
115000041,1701,4008,-2307
115000042,1432,608,824
115000043,4102,2402,1700
115000044,3600,3090,510
115000045,2661,1384,1277
115000046,2965,2345,620
115000047,2765,1457,1308
115000048,1816,1842,-26
115000049,1775,2787,-1012
115000050,3492,1875,1617
115000051,1741,3452,-1711
115000052,1624,1760,-136
115000053,2136,2174,-38
115000054,656,1043,-387
115000055,261,1117,-856
115000056,301,549,-248
115000057,665,1281,-616
115000058,358,506,-148
115000059,178,90,88
115000061,184,167,17
115000062,227,254,-27
115000063,587,230,357
115000064,234,92,142
115000065,66,575,-509
115000067,182,18,164
115000069,97,333,-236
115000070,29,875,-846
115000071,128,17,111
115000072,16,73,-57
115000073,1654,62,1592
115000075,128,68,60
115000076,3209,2550,659
115000077,2752,1940,812
115000078,1434,1126,308
115000079,2026,1448,578
115000080,3318,1945,1373
115000081,479,857,-378
115000082,4725,3745,980
115000083,2151,1718,433
115000084,3159,1119,2040
115000085,990,855,135
115000086,1532,924,608
115000087,399,1313,-914
115000088,2032,923,1109
115000089,1244,1242,2
115000090,699,999,-300
115000091,277,789,-512
115000092,773,431,342
115000093,666,1,665
115000094,5796,6141,-345
115000095,4328,6897,-2569
115000096,908,1106,-198
115000097,1382,1047,335
115000098,1412,703,709
115000099,2826,2061,765
115000100,1247,354,893
115000101,390,1303,-913
115000102,634,265,369
115000103,307,613,-306
115000105,72,146,-74
115000106,749,360,389
115000107,242,387,-145
115000108,2873,2144,729
115000109,4024,5431,-1407
115000110,1678,1814,-136
115000111,799,1605,-806
115000112,1088,809,279
115000113,1071,927,144
115000114,2073,759,1314
115000116,4235,2635,1600
115000117,3931,3489,442
115000118,3174,2038,1136
115000119,2754,2711,43
115000120,735,1724,-989
115000121,1084,1046,38
115000122,2655,2086,569
115000123,1258,3196,-1938
115000124,892,1343,-451
115000125,573,672,-99
115000126,164,278,-114
115000127,354,133,221
115000128,478,815,-337
115000129,303,524,-221
115000130,485,740,-255
115000131,1038,295,743
115000132,418,283,135
115000133,942,283,659
115000134,815,278,537
115000135,362,173,189
115000136,306,313,-7
115000137,140,270,-130
115000138,418,272,146
115000139,315,172,143
115000140,556,269,287
115000141,261,178,83
115000142,221,202,19
115000143,984,650,334
115000144,496,58,438
115000145,283,249,34
115000146,564,413,151
115000147,462,343,119
115000148,350,711,-361
115000149,723,276,447
115000150,782,693,89
115000151,1519,592,927
115000152,994,814,180
115000153,1591,694,897
115000154,1018,336,682
115000155,713,767,-54
115000156,1326,799,527
115000157,769,782,-13
115000158,612,477,135
115000159,722,744,-22
115000160,819,742,77
115000161,543,481,62
115000162,730,862,-132
115000163,563,647,-84
115000164,740,598,142
115000165,414,464,-50
115000167,186,71,115
115000168,549,338,211
115000169,499,415,84
115000170,112,133,-21
115000171,202,229,-27
115000172,1189,700,489
115000173,401,813,-412
115000174,98,370,-272
115000175,163,195,-32
115000176,353,134,219
115000177,336,223,113
115000178,31,199,-168
115000179,58,41,17
115000180,146,481,-335
115000181,899,178,721
115000182,1144,349,795
115000183,502,655,-153
115000186,735,266,469
115000187,248,666,-418
115000188,479,504,-25
115000189,209,476,-267
115000190,772,582,190
115000191,157,630,-473
115000194,193,273,-80
115000195,413,272,141
115000196,269,89,180
115000197,284,245,39
115000198,503,165,338
115000199,448,154,294
115000200,448,124,324
115000201,212,369,-157
115000206,560,99,461
115000207,272,324,-52
115000208,383,547,-164
115000209,872,397,475
115000210,271,131,140
115000211,290,257,33
115000212,1355,381,974
115000224,418,76,342
115000225,92,96,-4
115000229,169,139,30
115000230,102,414,-312
115000231,323,1134,-811
115000232,1913,305,1608
115000233,207,187,20
115000234,31,254,-223
115000241,130,212,-82
115000242,122,182,-60
115000243,69,184,-115
115000244,25,125,-100
115000246,33,25,8
115000247,60,30,30
115000248,32,27,5
115000249,46,35,11
115000250,267,44,223
115000251,316,134,182
115000252,130,235,-105
115000253,28,416,-388
115000258,340,176,164
115000259,379,145,234
115000261,31,9,22
115000262,28,29,-1
115000263,21,40,-19
115000264,39,31,8
115000267,96,70,26
115000268,58,117,-59
115000269,107,63,44
115000270,29,17,12
115000272,92,179,-87
115000273,504,50,454
115000280,1752,748,1004
115000281,425,1353,-928
115000282,1010,1098,-88
115000284,252,180,72
115000296,1218,11,1207
115000297,155,405,-250
115000298,59,677,-618
115000300,233,186,47
115000302,651,106,545
115000303,1068,99,969
115000304,1090,76,1014
115000305,150,622,-472
115000306,323,326,-3
115000307,158,237,-79
115000308,25,23,2
115000309,13,64,-51
115000310,1220,726,494
115000311,1324,1167,157
115000313,101,455,-354
115000314,637,147,490
115000315,686,516,170
115000316,110,151,-41
115000317,220,337,-117
115000318,1034,336,698
115000319,67,253,-186
115000320,24,337,-313
115000321,381,16,365
115000322,58,198,-140
115000449,264,195,69
115000557,4,1721,-1717
115000558,343,145,198
115000587,697,450,247
115000588,2020,2270,-250
115000589,3800,2155,1645
115000590,1303,1428,-125
115000591,2111,726,1385
115000592,732,1791,-1059
115000593,1666,680,986
115000594,597,2445,-1848
115000609,141,138,3
115000617,1353,4153,-2800
115000624,395,73,322
115000633,644,2061,-1417
115000634,2853,825,2028
115000635,563,108,455
115000638,652,643,9
115000641,47,143,-96
115000642,389,294,95
115000643,168,469,-301
115000644,136,442,-306
115000646,1157,1803,-646
115000647,213,511,-298
115000648,2308,1693,615
115000893,2132,1448,684
115000894,154,958,-804
115000895,349,607,-258
115000896,1028,253,775
115000897,546,205,341
115000898,683,324,359
115000899,335,1028,-693
115000900,64,298,-234
115000901,52,122,-70
115000912,524,158,366
115000913,3,12,-9
115000915,28,1,27
115000916,16,1,15
115000917,0,15,-15
115000918,77,682,-605
115000919,10,27,-17
115000920,14,54,-40
115000921,685,106,579
115000922,586,933,-347
115000923,190,821,-631
115000925,112,94,18
115000927,45,104,-59
115000933,151,230,-79
115000934,169,161,8
115000935,173,86,87
115000936,12,483,-471
115000937,161,62,99
115000938,31,119,-88
115000939,13,85,-72
115900001,183,63,120
115900002,108,100,8
115900003,192,68,124
115900004,0,54,-54
115900005,237,11,226
115900006,267,256,11
115900008,124,15,109
115900009,128,196,-68
115900010,402,163,239
115900011,552,260,292
115900012,260,73,187
115900013,413,156,257
115900014,146,149,-3
115900015,169,56,113
115900016,169,44,125
115900017,38,13,25
115900018,179,92,87
115900019,452,20,432
115900020,166,4,162
115900021,1157,290,867
115900022,1081,18,1063
115900023,30,18,12
115900025,76,461,-385
115900026,876,208,668
115900027,0,290,-290
115900028,739,86,653
115900029,23,381,-358
115900030,51,34,17
115900031,241,413,-172
115900032,489,510,-21
115900033,1,56,-55
115900034,38,344,-306
115900035,89,16,73
115900036,68,925,-857
115900037,37,321,-284
115900038,64,10,54
115900039,330,181,149
115900041,377,746,-369
115900042,52,5,47
115900043,101,67,34
115900044,300,372,-72
115900046,400,237,163
115900047,238,254,-16
115900049,202,210,-8
115900051,4,43,-39
115900052,11,129,-118
115900053,348,226,122
115900054,282,34,248
115900055,16,92,-76
115900056,296,305,-9
115900057,51,11,40
115900058,49,59,-10
115900060,302,168,134
115900061,370,5,365
115900062,71,177,-106
115900063,110,19,91
115900064,209,267,-58
115900065,156,132,24
115900066,158,139,19
115900067,17,446,-429
115900068,2513,1272,1241
115900069,113,218,-105
115900070,226,185,41
115900071,0,347,-347
115900072,66,157,-91
115900073,115,105,10
115900074,10,237,-227
115900075,40,212,-172
115900076,5,50,-45
115900077,11,197,-186
115900078,136,164,-28
115900079,346,31,315
115900080,381,225,156
115900081,34,45,-11
115900082,181,144,37
115900084,742,19,723
115900085,56,58,-2
115900086,1534,580,954
115900088,64,75,-11
115900089,453,532,-79
115900090,449,11,438
115900091,18,36,-18
115900092,25,109,-84
115900093,6,23,-17
115900094,3,218,-215
115900096,8,13,-5
115900097,9,251,-242
115900098,259,286,-27
115900099,167,83,84
115900100,12,379,-367
115900101,195,216,-21
115900102,135,90,45
115900103,336,169,167
115900104,101,92,9
115900105,462,514,-52
115900106,142,35,107
115900107,121,138,-17
115900108,252,40,212
115900109,65,365,-300
115900110,3,13,-10
115900111,7,83,-76
115900112,46,822,-776
115900113,123,30,93
115900114,13,130,-117
115900115,139,260,-121
115900116,138,847,-709
115900117,152,16,136
115900118,4,300,-296
115900119,211,175,36
115900120,31,271,-240
115900121,280,237,43
115900124,435,710,-275
115900125,436,89,347
115900126,955,114,841
115900127,917,64,853
115900128,9,105,-96
115900129,952,62,890
115900130,24,235,-211
115900131,424,18,406
115900132,751,10,741
115900134,439,20,419
115900135,360,1526,-1166
115900137,34,3,31
115900139,40,70,-30
115900140,348,68,280
115900141,12,52,-40
115900142,11,41,-30
115900143,303,368,-65
115900144,112,226,-114
115900146,20,75,-55
115900147,253,311,-58
115900148,77,12,65
115900149,151,22,129
115900150,149,36,113
115900151,17,144,-127
115900152,157,249,-92
115900153,148,191,-43
115900154,370,298,72
115900155,2,65,-63
115900156,787,1011,-224
115900157,226,537,-311
115900158,19,7,12
115900159,195,224,-29
115900160,2,11,-9
115900161,315,251,64
115900163,288,175,113
115900164,722,57,665
115900165,6,153,-147
115900166,235,197,38
115900168,151,199,-48
115900171,164,407,-243
115900172,77,157,-80
115900173,275,123,152
115900174,255,178,77
115900175,166,209,-43
115900178,5,441,-436
115900179,385,15,370
115900180,28,108,-80
115900181,216,179,37
115900182,455,202,253
115900183,71,50,21
115900184,1229,11,1218
115900187,30,131,-101
115900189,2,318,-316
115900190,301,1444,-1143
115900191,38,310,-272
115900192,5,181,-176
115900193,388,127,261
115900194,752,75,677
115900195,676,2659,-1983
115900198,243,360,-117
115900199,230,227,3
115900200,319,411,-92
115900201,427,275,152
115900202,1,102,-101
115900203,5,22,-17
115900204,2,4,-2
115900205,73,18,55
115900206,329,198,131
115900207,51,21,30
115900208,138,134,4
115900209,12,146,-134
115900210,3,147,-144
115900211,8,220,-212
115900212,220,294,-74
115900213,73,127,-54
115900214,606,245,361
115900215,43,238,-195
115900216,3,105,-102
115900217,3,46,-43
115900218,14,32,-18
115900219,142,5,137
115900220,281,6,275
115900221,165,10,155
115900222,97,39,58
115900223,14,539,-525
115900224,856,1486,-630
115900225,65,73,-8
115900226,22,43,-21
115900227,35,45,-10
115900228,10,50,-40
115900229,11,55,-44
115900230,49,107,-58
115900231,129,6,123
115900232,54,3,51
115900233,97,18,79
115900234,60,44,16
115900235,46,25,21
115900236,87,39,48
115900237,35,36,-1
115900238,37,26,11
115900239,22,26,-4
115900240,25,71,-46
115900241,380,165,215
115900242,223,342,-119
115900243,7,8,-1
115900244,12,9,3
115900245,77,10,67
115900246,38,8,30
115900247,21,17,4
115900248,19,6,13
115900249,7,25,-18
115900250,17,39,-22
115900251,3,17,-14
115900252,1,8,-7
115900253,17,27,-10
115900254,14,21,-7
115900255,3,15,-12
115900256,17,33,-16
115900257,5,14,-9
115900258,1,2,-1
115900259,5,6,-1
115900260,3,2,1
115900261,8,4,4
115900262,5,0,5
115900263,14,0,14
115900264,23,4,19
115900265,4,12,-8
115900266,6,20,-14
115900267,8,9,-1
115900268,15,10,5
115900269,623,443,180
115900270,498,285,213
115900271,132,0,132
115900272,53,7,46
115900273,15,51,-36
115900274,0,6,-6
115900275,0,9,-9
115900276,1,23,-22
115900277,1,30,-29
115900278,50,122,-72
115900279,10,179,-169
115900280,18,529,-511
115900281,310,236,74
115900282,6,7,-1
116000001,7937,3920,4017
116000002,5262,13573,-8311
116000003,1676,1447,229
116000004,3199,4577,-1378
116000005,2143,2709,-566
116000006,2721,3146,-425
116000007,2638,2782,-144
116000008,4333,2349,1984
116000009,1414,1744,-330
116000010,2884,1841,1043
116000011,989,1553,-564
116000012,1850,1171,679
116000013,6440,3841,2599
116000014,8630,13941,-5311
116000015,363,1595,-1232
116000016,5357,4533,824
116000017,42,868,-826
116000018,765,284,481
116000019,1045,353,692
116000020,699,857,-158
116000021,614,306,308
116000022,437,365,72
116000023,1387,903,484
116000024,630,764,-134
116000025,956,951,5
116000026,1797,2598,-801
116000027,859,674,185
116000028,523,1120,-597
116000029,780,663,117
116000030,945,514,431
116000031,279,343,-64
116000032,418,201,217
116000033,402,449,-47
116000034,753,856,-103
116000035,379,744,-365
116000036,1548,1529,19
116000037,552,510,42
116000038,398,556,-158
116000039,506,548,-42
116000040,825,450,375
116000041,242,493,-251
116000042,571,337,234
116000043,126,718,-592
116000044,6,46,-40
116000045,1862,1532,330
116000046,1129,1592,-463
116000047,1673,2249,-576
116000048,2008,1810,198
116000049,1556,2982,-1426
116000050,1666,1354,312
116000051,6886,2624,4262
116000052,6050,4829,1221
116000053,2505,785,1720
116000054,735,2421,-1686
116000055,878,809,69
116000056,1046,1292,-246
116000057,2998,1835,1163
116000058,3751,3536,215
116000059,3369,5526,-2157
116000060,1861,995,866
116000061,348,1066,-718
116000062,694,257,437
116000063,638,1212,-574
116000066,274,629,-355
116000067,191,470,-279
116000068,247,311,-64
116000069,229,356,-127
116000078,682,1318,-636
116000080,2134,864,1270
116000082,16,40,-24
116000083,2062,412,1650
116000084,2194,3116,-922
116000085,2505,2475,30
116000086,1672,877,795
116000087,2453,1842,611
116000088,856,1062,-206
116000089,186,100,86
116000090,115,166,-51
116000091,296,381,-85
116000093,1618,698,920
116000094,1080,561,519
116000095,1070,742,328
116000096,964,1724,-760
116000097,1154,714,440
116000098,81,8411,-8330
116000099,5787,230,5557
116000100,304,31,273
116000101,1150,771,379
116000102,322,1018,-696
116000103,623,357,266
116000104,241,1173,-932
116000105,1464,160,1304
116000106,759,986,-227
116000107,3811,304,3507
116000108,969,256,713
116000111,142,32,110
116000113,211,121,90
116000114,51,198,-147
116000115,472,169,303
116000116,366,418,-52
116000117,1826,1851,-25
116000118,1695,1159,536
116000119,4199,1887,2312
116000120,3094,3305,-211
116000121,1183,571,612
116000122,1378,1384,-6
116000123,1552,489,1063
116000124,511,849,-338
116000125,3496,880,2616
116000126,402,1222,-820
116000127,1175,1111,64
116000128,2196,1031,1165
116000129,1799,289,1510
116000130,760,580,180
116000133,1506,827,679
116000134,1860,1611,249
116000135,3256,1456,1800
116000136,996,1722,-726
116000137,1345,807,538
116000138,1061,749,312
116000139,1962,2179,-217
116000140,160,246,-86
116000141,336,559,-223
116000142,2795,2131,664
116000143,1900,1770,130
116000144,1614,1649,-35
116000145,2001,1165,836
116000146,702,154,548
116000147,188,129,59
116000148,638,621,17
116000149,750,845,-95
116000151,469,402,67
116000153,126,385,-259
116000155,204,264,-60
116000156,1142,1033,109
116000157,139,10,129
116000158,400,378,22
116000159,27,20,7
116000160,24,47,-23
116000161,4,77,-73
116000162,91,140,-49
116000163,46,12,34
116000164,11,22,-11
116000177,1034,175,859
116000194,110,432,-322
116000195,1394,757,637
116000196,17,12,5
116000197,19,13,6
116000198,2764,1200,1564
116000200,853,673,180
116000201,707,709,-2
116000202,4,274,-270
116000203,0,110,-110
116000204,33,48,-15
116000205,2,186,-184
116000206,7,153,-146
116000207,8,69,-61
116000233,264,389,-125
116000287,200,358,-158
116000288,342,216,126
116000292,75,110,-35
116000296,20,199,-179
116000297,83,14,69
116000304,213,23,190
116000305,12,99,-87
116000346,199,88,111
116000352,145,55,90
116000354,44,27,17
116000357,33,81,-48
116000358,470,74,396
116000361,64,5,59
116000372,3678,4900,-1222
116000381,133,2,131
116000388,1,41,-40
116000389,1035,666,369
116000445,621,421,200
116000446,764,551,213
116000447,15,571,-556
116000448,546,201,345
116000563,1076,1201,-125
116000565,53,409,-356
116000568,59,397,-338
116000579,21,165,-144
116000584,15,3,12
116000585,39,11,28
116000586,81,134,-53
116000587,601,737,-136
116000589,39,55,-16
116000590,87,88,-1
116000591,325,223,102
116000592,18,103,-85
116000593,1,36,-35
116000594,866,435,431
116000595,742,150,592
116000596,108,2,106
116000597,428,140,288
116000598,16,170,-154
116000602,73,459,-386
116000605,314,118,196
116000606,107,271,-164
116000607,5,60,-55
116000609,158,1021,-863
116000611,206,352,-146
116000612,939,1941,-1002
116000613,810,349,461
116000614,475,476,-1
116000615,1,331,-330
116000616,69,70,-1
116000617,94,25,69
116000618,2,57,-55
116000619,69,97,-28
116000620,179,108,71
116000621,91,142,-51
116000622,90,168,-78
116000624,285,97,188
116000627,49,21,28
116000628,31,156,-125
116000629,12,189,-177
116000630,362,34,328
116000631,146,44,102
116000632,800,169,631
116000633,29,341,-312
116000634,714,33,681
116000635,1808,2129,-321
116000636,207,701,-494
116000637,20,3,17
116000638,0,25,-25
116900001,321,213,108
116900002,277,1,276
116900003,60,48,12
116900004,40,103,-63
116900005,410,61,349
116900006,128,255,-127
116900007,126,214,-88
116900008,549,257,292
116900009,34,11,23
116900010,7,895,-888
116900011,21,28,-7
116900012,301,271,30
116900013,3,167,-164
116900014,197,150,47
116900015,530,56,474
116900016,303,4,299
116900017,2,458,-456
116900018,100,57,43
116900019,10,250,-240
116900020,699,1358,-659
116900023,135,30,105
116900024,741,61,680
116900025,1588,691,897
116900026,130,488,-358
116900027,60,56,4
116900028,9,109,-100
116900029,1,74,-73
116900031,0,3,-3
116900032,6,249,-243
116900033,43,16,27
116900034,24,93,-69
116900035,216,155,61
116900036,5,93,-88
116900038,57,4,53
116900041,83,18,65
116900042,488,306,182
116900043,39,52,-13
116900045,220,87,133
116900047,27,205,-178
116900049,53,320,-267
116900050,149,386,-237
116900051,168,146,22
116900052,209,89,120
116900055,2,9,-7
116900057,21,169,-148
116900058,43,310,-267
116900059,0,147,-147
116900060,221,212,9
116900062,4,9,-5
116900064,113,497,-384
116900065,21,138,-117
116900067,135,94,41
116900068,138,220,-82
116900070,4,4,0
116900072,31,345,-314
116900073,20,97,-77
116900074,7,57,-50
116900076,21,42,-21
116900077,15,145,-130
116900078,265,101,164
116900079,35,202,-167
116900080,24,31,-7
116900081,513,915,-402
116900082,440,940,-500
116900083,33,53,-20
116900084,127,73,54
116900085,45,133,-88
116900086,56,149,-93
116900088,470,114,356
116900090,138,41,97
116900091,450,35,415
116900092,98,583,-485
116900093,1943,1971,-28
116900094,3584,4258,-674
116900095,237,103,134
116900096,150,439,-289
116900097,2180,3559,-1379
116900098,941,446,495
116900099,756,949,-193
116900100,1195,80,1115
116900101,417,492,-75
116900103,9,0,9
116900104,71,70,1
116900105,363,235,128
116900106,2633,281,2352
116900107,2700,3191,-491
116900110,19,0,19
116900111,700,550,150
116900112,320,851,-531
116900113,1872,1729,143
116900116,125,705,-580
116900117,242,159,83
116900118,579,909,-330
116900120,529,64,465
116900121,186,27,159
116900122,1190,642,548
116900123,242,636,-394
116900124,228,850,-622
116900125,510,258,252
116900126,137,660,-523
116900128,0,42,-42
116900129,2,358,-356
116900130,561,4508,-3947
116900131,171,429,-258
116900132,90,147,-57
116900133,180,169,11
116900134,313,305,8
116900136,300,203,97
116900137,341,215,126
116900138,297,144,153
116900139,192,463,-271
116900140,245,157,88
116900141,1093,441,652
116900142,4,77,-73
116900143,379,321,58
116900144,54,89,-35
116900145,83,156,-73
116900147,419,659,-240
116900148,10,57,-47
116900149,67,274,-207
116900150,14,12,2
116900151,57,16,41
116900153,236,112,124
116900154,500,774,-274
116900155,116,103,13
116900157,773,201,572
116900158,141,311,-170
116900159,65,352,-287
116900160,1138,861,277
116900161,5222,8636,-3414
116900162,15,90,-75
116900163,220,123,97
116900164,104,80,24
116900165,300,291,9
116900166,53,63,-10
116900167,462,69,393
116900168,405,98,307
116900169,522,720,-198
116900170,429,537,-108
116900171,45,216,-171
116900172,186,455,-269
116900173,302,41,261
116900174,85,60,25
116900175,245,260,-15
116900178,41,138,-97
116900179,131,407,-276
116900180,98,44,54
116900182,576,350,226
116900183,189,150,39
116900185,39,54,-15
116900186,74,209,-135
116900187,103,65,38
116900188,199,42,157
116900189,54,0,54
116900191,469,675,-206
116900192,416,151,265
116900194,185,1593,-1408
116900195,88,24,64
116900196,23,91,-68
116900197,171,17,154
116900198,202,363,-161
116900200,93,20,73
116900201,203,9,194
116900202,132,40,92
116900203,262,11,251
116900204,57,113,-56
116900206,13,8,5
116900207,47,28,19
116900208,7,73,-66
116900209,22,99,-77
116900210,682,302,380
116900211,272,7,265
116900212,151,52,99
116900213,294,139,155
116900214,238,201,37
116900215,81,71,10
116900216,305,204,101
116900218,14,237,-223
116900219,1309,316,993
116900220,144,248,-104
116900221,129,395,-266
116900222,511,377,134
116900223,115,292,-177
116900226,195,79,116
116900227,234,67,167
116900228,393,149,244
116900230,84,218,-134
116900231,23,314,-291
116900232,22,315,-293
116900233,371,85,286
116900234,49,11,38
116900235,148,252,-104
116900238,1374,246,1128
116900239,21,1567,-1546
116900240,4826,3628,1198
116900241,196,104,92
116900242,296,730,-434
116900243,7,116,-109
116900245,36,36,0
116900246,154,14,140
116900247,1000,35,965
116900248,110,48,62
116900249,491,77,414
116900250,648,50,598
116900251,404,821,-417
116900252,202,890,-688
116900253,140,66,74
116900254,42,107,-65
116900255,142,82,60
116900256,536,115,421
116900257,25,337,-312
116900258,16,125,-109
116900259,268,15,253
116900260,3,76,-73
116900261,79,4,75
116900262,300,194,106
116900263,0,7,-7
116900264,1,0,1
116900265,35,1,34
116900266,21,43,-22
116900267,6,5,1
116900268,228,319,-91
116900269,340,646,-306
116900271,1222,374,848
116900272,294,217,77
116900273,125,83,42
116900274,167,68,99
116900275,170,107,63
116900276,575,218,357
116900277,459,31,428
116900278,2,7,-5
116900279,5,20,-15
116900280,23,26,-3
116900281,4784,5479,-695
116900282,7,97,-90
116900283,17,79,-62
116900284,27,153,-126
116900285,233,208,25
116900286,231,24,207
116900287,10,31,-21
116900288,143,100,43
116900289,20,8,12
116900290,7,28,-21
116900291,32,20,12
116900292,0,33,-33
116900293,82,31,51
116900294,33,174,-141
116900295,117,75,42
116900296,52,51,1
116900297,14,93,-79
116900298,69,58,11
116900299,23,54,-31
116900300,21,77,-56
116900301,57,94,-37
116900302,19,54,-35
116900303,113,69,44
116900304,0,142,-142
116900305,22,53,-31
116900306,203,56,147
117000001,2324,1711,613
117000002,1937,3660,-1723
117000003,6442,3674,2768
117000004,3354,4516,-1162
117000005,2354,2123,231
117000006,1129,2525,-1396
117000007,4474,1294,3180
117000008,960,2757,-1797
117000009,5171,2027,3144
117000010,2429,3278,-849
117000011,2620,1576,1044
117000012,1294,1080,214
117000013,2014,745,1269
117000014,1260,1828,-568
117000015,2535,1301,1234
117000016,197,156,41
117000017,176,118,58
117000018,145,668,-523
117000019,97,0,97
117000020,506,1787,-1281
117000021,1146,348,798
117000022,314,240,74
117000023,151,209,-58
117000024,201,292,-91
117000025,422,1245,-823
117000026,1888,1808,80
117000027,1781,5332,-3551
117000028,2310,2670,-360
117000030,371,527,-156
117000031,385,309,76
117000032,1431,1141,290
117000033,1501,842,659
117000034,471,377,94
117000035,493,331,162
117000036,488,291,197
117000037,352,222,130
117000038,183,510,-327
117000039,471,252,219
117000040,254,853,-599
117000041,1278,188,1090
117000044,11,623,-612
117000045,542,140,402
117000046,401,634,-233
117000047,852,719,133
117000048,1731,829,902
117000049,169,754,-585
117000050,173,1450,-1277
117000051,2742,92,2650
117000052,41,253,-212
117000053,688,21,667
117000054,2393,18,2375
117000055,11,2347,-2336
117000056,960,45,915
117000057,596,2108,-1512
117000060,511,1196,-685
117000061,1949,989,960
117000062,287,631,-344
117000063,2220,1010,1210
117000064,573,573,0
117000066,1020,1028,-8
117000067,116,653,-537
117000074,159,292,-133
117000076,88,51,37
117000077,172,231,-59
117000078,183,713,-530
117000079,611,228,383
117000080,0,259,-259
117000081,1179,135,1044
117000082,14,118,-104
117000083,202,4,198
117000084,190,3,187
117000085,403,933,-530
117000086,915,442,473
117000087,107,555,-448
117000088,318,195,123
117000089,1818,283,1535
117000090,399,1082,-683
117000091,1026,303,723
117000092,478,1004,-526
117000093,1442,803,639
117000094,1402,2252,-850
117000095,4451,909,3542
117000096,905,1914,-1009
117000097,2114,1222,892
117000098,2551,3602,-1051
117000099,4576,1566,3010
117000100,336,415,-79
117000101,246,934,-688
117000102,2381,771,1610
117000103,693,1509,-816
117000104,2005,693,1312
117000105,871,1335,-464
117000106,1574,868,706
117000107,747,1537,-790
117000108,2376,1087,1289
117000109,1325,2098,-773
117000110,1997,1394,603
117000111,3797,3871,-74
117000112,4197,1601,2596
117000113,180,244,-64
117000114,340,140,200
117000115,152,110,42
117000116,266,323,-57
117000117,1893,1517,376
117000118,317,151,166
117000119,174,211,-37
117000120,152,728,-576
117000121,73,1236,-1163
117000122,318,771,-453
117000123,1572,53,1519
117000124,322,105,217
117000125,152,153,-1
117000126,46,30,16
117000127,185,382,-197
117000128,358,1054,-696
117000129,174,111,63
117000130,67,4,63
117000131,0,62,-62
117000132,4314,53,4261
117000133,2417,32,2385
117000134,3,98,-95
117000135,6,75,-69
117000136,0,24,-24
117000137,103,137,-34
117000138,4,721,-717
117000140,515,1345,-830
117000141,2192,592,1600
117000181,416,245,171
117000182,591,919,-328
117000195,280,845,-565
117000196,422,171,251
117000225,98,50,48
117000226,11,83,-72
117000276,428,28,400
117000277,0,281,-281
117000310,1466,2025,-559
117000315,61,676,-615
117000320,56,0,56
117000906,434,16,418
117000907,19,278,-259
117000908,10,79,-69
117000909,40,28,12
117000910,235,267,-32
117000911,115,169,-54
117000915,5,370,-365
117000916,41,14,27
117000917,1598,67,1531
117000918,83,85,-2
117000919,12,52,-40
117000920,4,1147,-1143
117000921,0,881,-881
117000922,22,87,-65
117000924,319,467,-148
117000926,540,138,402
117000927,971,1479,-508
117000928,0,105,-105
117000929,275,264,11
117000930,274,11,263
117000931,238,184,54
117900002,106,459,-353
117900003,877,567,310
117900005,20,39,-19
117900006,0,134,-134
117900007,179,75,104
117900008,0,34,-34
117900010,304,87,217
117900011,36,154,-118
117900012,65,71,-6
117900013,0,159,-159
117900014,554,89,465
117900015,22,88,-66
117900016,1123,1065,58
117900017,588,218,370
117900018,109,195,-86
117900019,653,186,467
117900020,91,534,-443
117900021,35,54,-19
117900022,57,12,45
117900023,852,163,689
117900024,47,56,-9
117900025,55,13,42
117900026,550,212,338
117900028,68,7,61
117900029,295,438,-143
117900030,620,255,365
117900031,180,201,-21
117900032,1342,921,421
117900033,326,428,-102
117900034,70,21,49
117900035,340,134,206
117900036,288,289,-1
117900037,265,166,99
117900038,38,294,-256
117900039,7,57,-50
117900040,213,306,-93
117900041,4,54,-50
117900042,3200,303,2897
117900043,36,57,-21
117900044,67,3184,-3117
117900045,198,140,58
117900048,413,244,169
117900049,210,358,-148
117900050,10,137,-127
117900051,33,0,33
117900052,70,482,-412
117900053,1993,653,1340
117900054,2,45,-43
117900055,448,239,209
117900056,179,66,113
117900057,1146,1268,-122
117900058,27,30,-3
117900059,268,100,168
117900060,3184,4909,-1725
117900061,21,278,-257
117900063,424,207,217
117900065,989,1270,-281
117900066,7,73,-66
117900067,620,168,452
117900069,901,229,672
117900070,172,69,103
117900071,111,130,-19
117900073,629,243,386
117900074,163,95,68
117900075,114,74,40
117900076,21,65,-44
117900077,677,227,450
117900078,527,918,-391
117900080,124,49,75
117900081,558,424,134
117900082,528,431,97
117900083,515,300,215
117900086,129,31,98
117900087,247,128,119
117900088,3031,1858,1173
117900089,2728,871,1857
117900090,416,305,111
117900091,123,199,-76
117900092,86,20,66
117900093,145,85,60
117900094,52,48,4
117900095,289,270,19
117900096,124,362,-238
117900097,695,154,541
117900098,72,27,45
117900099,220,152,68
117900100,398,9,389
117900101,487,2257,-1770
117900102,152,75,77
117900103,138,6,132
117900104,13,125,-112
117900105,195,240,-45
117900106,135,40,95
117900107,63,2,61
117900109,860,525,335
117900110,194,4,190
117900111,535,63,472
117900112,96,17,79
117900113,2218,2297,-79
117900114,41,0,41
117900115,190,93,97
117900116,911,771,140
117900117,788,338,450
117900118,145,0,145
117900119,317,121,196
117900120,302,50,252
117900121,361,133,228
117900122,1251,4931,-3680
117900123,790,341,449
117900124,1211,734,477
117900125,2190,2078,112
117900126,253,571,-318
117900127,453,347,106
117900128,421,610,-189
117900129,112,4,108
117900130,1365,394,971
117900131,4,125,-121
117900132,28,105,-77
117900133,17,110,-93
117900134,134,422,-288
117900135,41,222,-181
117900136,1,45,-44
117900137,44,444,-400
117900138,0,31,-31
117900139,177,110,67
117900140,2502,319,2183
117900141,139,191,-52
117900142,63,52,11
117900144,75,293,-218
117900145,53,42,11
117900146,106,195,-89
117900147,90,80,10
117900148,2834,2065,769
117900149,153,161,-8
117900150,58,42,16
117900151,44,96,-52
117900152,86,76,10
117900153,20,99,-79
117900154,448,549,-101
117900156,1137,701,436
117900157,102,604,-502
117900158,476,258,218
117900160,891,815,76
117900161,2862,2103,759
117900162,553,357,196
117900163,41,174,-133
117900165,0,21,-21
117900166,132,548,-416
117900168,53,237,-184
117900169,2,145,-143
117900170,1,31,-30
117900171,1,15,-14
117900172,27,28,-1
117900173,212,99,113
117900174,56,69,-13
117900175,5,29,-24
117900176,11,15,-4
117900177,39,43,-4
117900178,169,55,114
117900180,233,90,143
117900181,62,492,-430
117900182,4,44,-40
117900183,81,225,-144
117900184,33,81,-48
117900185,62,82,-20
117900186,77,30,47
117900187,21,10,11
117900188,347,66,281
117900189,86,54,32
117900190,55,1,54
117900191,111,0,111
117900192,345,21,324
117900193,6,106,-100
117900194,12,11,1
117900195,71,115,-44
117900196,48,57,-9
117900207,306,200,106
117900208,43,38,5
117900209,173,184,-11
117900210,152,237,-85
117900211,13,210,-197
117900212,149,116,33
117900213,24,6,18
117900214,15,42,-27
117900215,21,55,-34
117900216,22,31,-9
117900217,49,309,-260
117900218,58,131,-73
117900219,6,136,-130
117900220,105,142,-37
117900222,202,256,-54
117900223,90,281,-191
118000001,907,1030,-123
118000002,730,1735,-1005
118000003,2026,3436,-1410
118000004,1698,1940,-242
118000005,4126,6117,-1991
118000006,3872,10067,-6195
118000007,5108,4925,183
118000008,2984,4137,-1153
118000009,1759,3700,-1941
118000010,6887,3876,3011
118000011,1872,1982,-110
118000012,1209,2033,-824
118000013,2236,2226,10
118000014,2218,2328,-110
118000016,208,312,-104
118000017,586,486,100
118000018,437,415,22
118000019,1796,1531,265
118000020,1101,3968,-2867
118000021,629,3489,-2860
118000022,1573,1022,551
118000023,700,307,393
118000024,1196,1587,-391
118000027,10831,14529,-3698
118000029,906,889,17
118000032,793,4042,-3249
118000033,2935,7031,-4096
118000034,4650,2893,1757
118000035,1980,3429,-1449
118000036,1020,1397,-377
118000037,853,946,-93
118000038,297,106,191
118000039,99,219,-120
118000040,1701,1343,358
118000041,2641,1253,1388
118000045,387,301,86
118000046,1178,811,367
118000047,749,1075,-326
118000048,2095,2230,-135
118000051,3645,2281,1364
118000052,2637,1573,1064
118000053,341,764,-423
118000054,1650,1347,303
118000055,1460,1614,-154
118000056,512,586,-74
118000057,373,470,-97
118000058,2985,2249,736
118000059,1902,1358,544
118000060,1383,570,813
118000061,1805,1252,553
118000062,859,376,483
118000063,520,772,-252
118000064,970,1159,-189
118000065,3140,1838,1302
118000066,956,1760,-804
118000067,582,761,-179
118000068,1444,4816,-3372
118000069,2333,1204,1129
118000070,4822,2018,2804
118000071,3143,7479,-4336
118000072,1089,1531,-442
118000073,1000,812,188
118000074,534,394,140
118000075,845,395,450
118000076,1417,2926,-1509
118000077,1230,1200,30
118000078,2008,2568,-560
118000079,355,589,-234
118000080,797,851,-54
118000081,1804,1311,493
118000082,297,1067,-770
118000083,1712,1621,91
118000084,2784,2013,771
118000086,235,585,-350
118000087,3679,2528,1151
118000088,1819,1472,347
118000089,3755,2426,1329
118000090,1333,2835,-1502
118000091,1049,2583,-1534
118000092,956,555,401
118000093,116,716,-600
118000096,526,685,-159
118000097,803,665,138
118000098,307,191,116
118000099,770,719,51
118000101,1480,378,1102
118000102,439,1026,-587
118000107,1585,556,1029
118000108,841,2777,-1936
118000110,0,32,-32
118000111,0,205,-205
118000112,665,1,664
118000113,7,449,-442
118000114,730,16,714
118000115,5,9,-4
118000116,43,0,43
118000117,787,655,132
118000118,1093,1079,14
118000119,1081,1258,-177
118000120,1706,999,707
118000121,90,604,-514
118000122,1104,382,722
118000123,64,231,-167
118000125,1402,828,574
118000126,757,1808,-1051
118000127,1816,719,1097
118000128,520,1026,-506
118000129,991,393,598
118000130,1868,2645,-777
118000131,400,540,-140
118000132,2952,2162,790
118000133,922,375,547
118000135,654,483,171
118000136,168,379,-211
118000137,528,89,439
118000138,526,530,-4
118000139,579,80,499
118000140,3457,5324,-1867
118000141,2657,1774,883
118000142,2251,1365,886
118000143,2861,1330,1531
118000144,1535,665,870
118000145,2258,1411,847
118000146,1352,716,636
118000147,950,1189,-239
118000148,564,1199,-635
118000149,1097,862,235
118000150,624,233,391
118000151,719,525,194
118000153,1664,1288,376
118000154,1631,1367,264
118000155,1778,1380,398
118000156,1990,2761,-771
118000157,843,463,380
118000158,233,422,-189
118000159,30,116,-86
118000160,627,384,243
118000161,554,693,-139
118000162,2057,825,1232
118000163,1216,788,428
118000164,2057,1344,713
118000168,1013,938,75
118000169,1037,854,183
118000170,3621,4676,-1055
118000171,369,1043,-674
118000172,93,265,-172
118000173,1015,1113,-98
118000175,350,373,-23
118000176,317,484,-167
118000177,311,719,-408
118000178,46,50,-4
118000179,1134,1670,-536
118000180,893,774,119
118000181,860,309,551
118000182,290,272,18
118000183,227,364,-137
118000184,1245,620,625
118000185,1270,1493,-223
118000186,1044,1341,-297
118000187,1775,608,1167
118000188,733,144,589
118000189,1023,626,397
118000190,15,15,0
118000191,25,54,-29
118000192,102,150,-48
118000193,112,293,-181
118000194,1318,925,393
118000195,495,1427,-932
118000196,280,198,82
118000197,111,216,-105
118000198,384,847,-463
118000199,424,387,37
118000200,136,272,-136
118000201,451,551,-100
118000202,70,79,-9
118000203,446,721,-275
118000204,117,495,-378
118000205,172,317,-145
118000206,302,267,35
118000207,1,54,-53
118000208,1566,1655,-89
118000209,2198,1187,1011
118000210,114,43,71
118000211,26,43,-17
118000213,1537,2158,-621
118000214,441,708,-267
118000215,489,134,355
118000216,2629,2314,315
118000217,31,106,-75
118000218,103,87,16
118000219,437,243,194
118000220,2,53,-51
118000221,382,350,32
118000222,82,6,76
118000223,65,70,-5
118000224,167,96,71
118000225,133,647,-514
118000226,1085,235,850
118000227,896,504,392
118000228,198,294,-96
118000229,150,103,47
118000230,150,163,-13
118000231,103,223,-120
118000232,844,667,177
118000233,1312,846,466
118000234,579,273,306
118000236,466,326,140
118000237,86,354,-268
118000238,382,158,224
118000239,311,336,-25
118000240,337,222,115
118000241,214,164,50
118000242,568,467,101
118000243,376,240,136
118000244,96,139,-43
118000246,2,39,-37
118000255,90,274,-184
118000256,134,181,-47
118000259,8,96,-88
118000260,184,84,100
118000261,35,38,-3
118000263,111,154,-43
118000266,199,289,-90
118000267,0,116,-116
118000268,228,0,228
118000270,138,29,109
118000271,169,237,-68
118000272,143,62,81
118000273,200,75,125
118000274,101,254,-153
118000276,548,406,142
118000295,11,156,-145
118000298,192,279,-87
118000299,73,130,-57
118000301,0,46,-46
118000302,117,48,69
118000311,755,118,637
118000312,363,187,176
118000313,86,115,-29
118000314,138,44,94
118000315,72,39,33
118000316,821,418,403
118000325,69,61,8
118000326,44,47,-3
118000331,60,48,12
118000332,37,39,-2
118000333,38,55,-17
118000335,453,0,453
118000336,0,194,-194
118000407,221,56,165
118000457,3,22,-19
118000465,2096,4080,-1984
118000480,39,58,-19
118000489,29,364,-335
118000490,21,163,-142
118000492,297,201,96
118000510,56,32,24
118000514,148,300,-152
118000515,947,779,168
118000517,306,184,122
118000524,194,330,-136
118000525,690,794,-104
118000530,28,162,-134
118000531,393,278,115
118000532,320,249,71
118000533,379,135,244
118000534,613,418,195
118000535,376,132,244
118000536,553,2049,-1496
118000537,25,203,-178
118000538,41,70,-29
118000539,39,144,-105
118000540,391,163,228
118000541,245,86,159
118000542,161,213,-52
118000543,305,229,76
118000546,75,18,57
118000560,2012,2808,-796
118000562,54,148,-94
118000563,1383,1164,219
118000576,199,106,93
118000577,176,138,38
118000578,118,71,47
118000579,476,1258,-782
118000595,277,100,177
118000596,0,83,-83
118000597,133,67,66
118000598,24,4,20
118000599,71,36,35
118000600,0,39,-39
118000601,26,2,24
118000602,0,36,-36
118000603,0,18,-18
118900001,597,1419,-822
118900002,937,949,-12
118900003,592,13,579
118900004,68,56,12
118900005,129,7,122
118900006,191,5,186
118900007,9,2,7
118900008,1568,72,1496
118900009,100,70,30
118900010,77,5,72
118900011,195,34,161
118900012,618,269,349
118900013,591,233,358
118900015,357,103,254
118900016,14,11,3
118900017,186,261,-75
118900018,1147,46,1101
118900019,68,29,39
118900020,227,177,50
118900021,212,401,-189
118900022,153,103,50
118900023,232,93,139
118900024,133,203,-70
118900025,42,49,-7
118900026,104,74,30
118900027,496,188,308
118900028,143,130,13
118900029,404,526,-122
118900030,540,75,465
118900031,218,99,119
118900032,242,173,69
118900033,389,461,-72
118900034,218,25,193
118900035,163,142,21
118900036,1679,758,921
118900037,496,307,189
118900038,456,157,299
118900039,661,233,428
118900040,246,205,41
118900041,906,180,726
118900042,259,105,154
118900045,460,167,293
118900046,907,500,407
118900047,475,317,158
118900048,170,280,-110
118900049,52,52,0
118900050,75,73,2
118900051,78,116,-38
118900052,378,249,129
118900053,41,103,-62
118900054,155,47,108
118900055,164,76,88
118900056,28,387,-359
118900057,830,492,338
118900058,466,327,139
118900059,19,68,-49
118900060,78,103,-25
118900062,433,184,249
118900064,491,678,-187
118900065,91,142,-51
118900066,84,107,-23
118900067,3823,4348,-525
118900068,10,235,-225
118900069,506,278,228
118900071,17,86,-69
118900072,490,416,74
118900073,196,148,48
118900074,158,114,44
118900075,80,65,15
118900076,265,97,168
118900077,416,239,177
118900078,23,6,17
118900079,63,174,-111
118900080,56,139,-83
118900081,58,41,17
118900082,1183,156,1027
118900083,62,13,49
118900084,27,33,-6
118900085,640,562,78
118900086,43,126,-83
118900087,56,356,-300
118900088,0,11,-11
118900089,31,20,11
118900090,490,342,148
118900091,233,254,-21
118900092,239,126,113
118900093,118,29,89
118900096,87,38,49
118900097,317,493,-176
118900099,163,242,-79
118900100,162,277,-115
118900101,180,405,-225
118900102,77,108,-31
118900103,120,132,-12
118900104,310,148,162
118900105,243,114,129
118900107,145,66,79
118900108,153,156,-3
118900110,1257,878,379
118900111,724,428,296
118900112,110,179,-69
118900113,138,359,-221
118900114,49,113,-64
118900115,203,353,-150
118900116,157,248,-91
118900117,108,224,-116
118900118,393,315,78
118900119,142,153,-11
118900120,123,273,-150
118900121,19,121,-102
118900122,24,1063,-1039
118900123,198,187,11
118900124,89,193,-104
118900126,28,404,-376
118900129,417,236,181
118900130,47,243,-196
118900131,162,279,-117
118900132,428,234,194
118900133,30,118,-88
118900135,227,194,33
118900136,252,403,-151
118900137,12,37,-25
118900139,250,299,-49
118900140,416,471,-55
118900141,112,130,-18
118900144,140,325,-185
118900145,118,157,-39
118900146,369,575,-206
118900147,180,204,-24
118900148,117,78,39
118900150,177,650,-473
118900152,581,582,-1
118900157,69,193,-124
118900158,148,96,52
118900159,1,170,-169
118900161,72,19,53
118900163,114,145,-31
118900164,2,148,-146
118900165,49,160,-111
118900166,76,3,73
118900167,109,167,-58
118900168,22,232,-210
118900169,156,255,-99
118900170,267,155,112
118900171,34,61,-27
118900174,68,70,-2
118900175,363,543,-180
118900176,212,241,-29
118900177,77,77,0
118900178,50,153,-103
118900179,6,27,-21
118900181,142,131,11
118900182,137,54,83
118900183,36,192,-156
118900184,389,153,236
118900185,154,90,64
118900186,107,88,19
118900187,374,425,-51
118900188,362,303,59
118900189,37,892,-855
118900190,26,294,-268
118900191,247,43,204
118900192,281,19,262
118900193,751,8,743
118900195,304,583,-279
118900196,42,124,-82
118900197,211,41,170
118900198,63,22,41
118900199,168,50,118
118900200,55,31,24
118900201,32,58,-26
118900202,7,48,-41
118900203,17,29,-12
118900204,21,30,-9
118900205,1,17,-16
118900206,9,22,-13
119000001,1662,1694,-32
119000002,5165,3228,1937
119000003,3418,1052,2366
119000004,3040,1388,1652
119000005,2041,2049,-8
119000006,3388,1602,1786
119000007,3934,3320,614
119000008,1844,1624,220
119000009,3822,5983,-2161
119000010,5531,4484,1047
119000011,3849,4004,-155
119000012,2713,3857,-1144
119000013,2955,1869,1086
119000014,1773,2577,-804
119000019,469,161,308
119000020,2786,1896,890
119000021,5478,2778,2700
119000022,2833,3629,-796
119000023,262,230,32
119000024,2044,13993,-11949
119000025,5222,1298,3924
119000026,136,496,-360
119000027,240,423,-183
119000028,1615,708,907
119000029,138,366,-228
119000030,703,907,-204
119000031,825,645,180
119000032,2349,2412,-63
119000033,2304,1304,1000
119000034,1140,892,248
119000035,42,316,-274
119000036,2238,816,1422
119000037,1425,1280,145
119000038,218,633,-415
119000039,430,336,94
119000040,794,646,148
119000041,750,1299,-549
119000048,2585,2325,260
119000049,2076,1590,486
119000050,1743,1729,14
119000051,2205,951,1254
119000052,1841,2637,-796
119000053,2273,1234,1039
119000054,3644,2292,1352
119000055,5402,3088,2314
119000056,3277,2179,1098
119000057,1744,1544,200
119000058,2198,1456,742
119000059,1343,1470,-127
119000060,1840,1275,565
119000061,1283,795,488
119000062,1301,1283,18
119000063,897,447,450
119000064,930,951,-21
119000065,2011,3307,-1296
119000066,2630,1147,1483
119000067,2021,1793,228
119000068,2121,984,1137
119000069,1725,2052,-327
119000070,3114,907,2207
119000071,565,677,-112
119000072,4823,3011,1812
119000073,4818,7881,-3063
119000074,1560,1753,-193
119000075,2917,2094,823
119000076,416,1269,-853
119000077,849,651,198
119000078,527,218,309
119000079,330,669,-339
119000080,561,231,330
119000081,294,547,-253
119000082,1163,295,868
119000083,652,405,247
119000084,400,539,-139
119000085,813,234,579
119000086,513,539,-26
119000087,1515,833,682
119000088,422,237,185
119000089,104,210,-106
119000090,159,166,-7
119000091,145,469,-324
119000092,479,229,250
119000093,3504,2144,1360
119000094,3740,5256,-1516
119000095,2252,2544,-292
119000097,1940,1087,853
119000098,1047,3281,-2234
119000099,2494,1347,1147
119000100,4555,3265,1290
119000101,5115,2317,2798
119000102,788,1313,-525
119000103,1600,675,925
119000104,2391,1350,1041
119000105,1492,2543,-1051
119000106,360,1123,-763
119000107,1281,545,736
119000108,423,762,-339
119000109,141,763,-622
119000110,468,658,-190
119000111,69,911,-842
119000112,212,136,76
119000113,2045,484,1561
119000114,1352,1486,-134
119000115,145,159,-14
119000116,156,120,36
119000117,213,437,-224
119000118,10,1,9
119000123,4216,2178,2038
119000124,998,201,797
119000125,4744,747,3997
119000126,987,502,485
119000127,629,483,146
119000128,25,3,22
119000131,1149,497,652
119000132,5,6,-1
119000133,2,4,-2
119000134,1502,632,870
119000135,203,196,7
119000136,292,144,148
119000137,414,255,159
119000138,604,236,368
119000139,387,184,203
119000140,349,323,26
119000284,1211,2581,-1370
119000285,2163,2016,147
119000286,6135,4832,1303
119000287,1345,1906,-561
119000288,2057,1090,967
119000289,1414,2218,-804
119000290,202,349,-147
119000291,8,204,-196
119000293,198,196,2
119000294,57,33,24
119000295,1453,350,1103
119000296,364,169,195
119000302,1587,1271,316
119000303,42,141,-99
119000314,1787,11572,-9785
119000315,1,319,-318
119000316,181,102,79
119000317,118,223,-105
119900001,316,1383,-1067
119900002,237,301,-64
119900003,53,767,-714
119900004,369,1659,-1290
119900005,315,127,188
119900006,259,474,-215
119900007,1421,321,1100
119900008,442,76,366
119900009,875,735,140
119900010,1437,1456,-19
119900011,23,145,-122
119900012,32,149,-117
119900013,2292,1410,882
119900014,542,298,244
119900015,203,42,161
119900016,84,105,-21
119900017,67,48,19
119900018,1886,1243,643
119900019,57,5,52
119900020,271,200,71
119900021,274,166,108
119900022,116,1057,-941
119900023,522,1689,-1167
119900025,276,45,231
119900026,832,194,638
119900027,151,26,125
119900028,320,150,170
119900029,3,3,0
119900030,997,538,459
119900031,83,431,-348
119900033,2134,455,1679
119900034,534,111,423
119900037,240,39,201
119900038,74,439,-365
119900039,58,13,45
119900040,194,18,176
119900041,137,38,99
119900042,482,213,269
119900043,100,138,-38
119900044,284,1203,-919
119900046,199,72,127
119900047,411,104,307
119900048,36,24,12
119900049,177,6,171
119900050,256,141,115
119900051,783,9,774
119900052,104,40,64
119900053,325,150,175
119900054,200,13,187
119900055,1717,538,1179
119900057,284,79,205
119900058,353,3,350
119900059,153,38,115
119900060,439,34,405
119900062,146,21,125
119900063,20,55,-35
119900064,813,120,693
119900065,267,18,249
119900066,1,2,-1
119900067,160,36,124
119900068,693,3,690
119900069,154,35,119
119900070,1129,12,1117
119900071,937,52,885
119900073,1745,612,1133
119900074,57,72,-15
119900075,3833,2866,967
119900076,646,287,359
119900077,1114,786,328
119900078,884,981,-97
119900079,383,187,196
119900080,2000,1085,915
119900081,655,445,210
119900082,2174,371,1803
119900083,465,169,296
119900084,748,480,268
119900085,74,57,17
119900087,671,579,92
119900088,50,54,-4
119900089,90,472,-382
119900090,154,74,80
119900091,39,749,-710
119900092,138,451,-313
119900093,1455,210,1245
119900094,29,199,-170
119900095,221,112,109
119900096,64,169,-105
119900097,518,223,295
119900098,68,57,11
119900099,38,258,-220
119900100,1483,2833,-1350
119900101,189,1882,-1693
119900102,77,316,-239
119900103,70,260,-190
119900104,70,222,-152
119900105,1387,3586,-2199
119900106,17,121,-104
119900107,356,2007,-1651
119900108,3915,810,3105
119900109,16,179,-163
119900110,941,527,414
119900111,166,245,-79
119900112,1100,624,476
119900113,65,212,-147
119900114,335,1021,-686
119900115,517,820,-303
119900116,198,513,-315
119900117,446,670,-224
119900118,172,672,-500
119900119,327,225,102
119900120,1001,713,288
119900121,494,742,-248
119900122,459,312,147
119900123,258,244,14
119900124,272,733,-461
119900125,73,302,-229
119900126,3960,459,3501
119900127,1994,928,1066
119900128,610,565,45
119900129,306,468,-162
119900130,30,256,-226
119900131,39,215,-176
119900132,15,200,-185
119900133,121,137,-16
119900134,1371,220,1151
119900135,1,335,-334
119900136,243,369,-126
119900138,342,527,-185
119900139,115,177,-62
119900140,10,125,-115
119900141,111,935,-824
119900142,25,57,-32
119900143,19,248,-229
119900144,1254,280,974
119900145,112,166,-54
119900146,225,233,-8
119900147,2,184,-182
119900148,440,92,348
119900149,837,5630,-4793
119900150,162,167,-5
119900151,1970,989,981
119900152,175,340,-165
119900153,231,71,160
119900154,18,154,-136
119900155,67,38,29
119900156,18,9,9
119900157,173,300,-127
119900158,317,117,200
119900159,5,980,-975
119900160,40,157,-117
119900161,193,192,1
119900162,1358,1443,-85
119900163,169,201,-32
119900164,0,2,-2
119900165,194,196,-2
119900166,158,82,76
119900167,88,108,-20
119900168,1205,587,618
119900169,185,334,-149
119900170,335,366,-31
119900171,1465,436,1029
119900172,241,43,198
119900173,14,358,-344
119900174,5,250,-245
119900175,1883,729,1154
119900177,14,163,-149
119900178,10,120,-110
119900179,136,695,-559
119900180,1335,1005,330
119900181,113,168,-55
119900182,4,305,-301
119900183,176,493,-317
119900184,1734,493,1241
119900185,65,237,-172
119900186,88,1236,-1148
119900187,10,398,-388
119900188,150,334,-184
119900189,646,613,33
119900190,127,403,-276
119900191,265,282,-17
119900192,104,178,-74
119900193,557,240,317
119900194,41,92,-51
119900195,128,211,-83
119900196,1182,408,774
119900197,313,192,121
119900198,309,320,-11
119900199,160,33,127
119900200,916,698,218
119900201,490,224,266
119900202,188,373,-185
119900203,237,696,-459
119900204,396,248,148
119900205,1030,524,506
119900206,247,171,76
119900208,295,215,80
119900209,624,1635,-1011
119900210,48,56,-8
119900211,83,12,71
119900212,351,289,62
119900213,9,73,-64
119900214,55,80,-25
119900215,69,82,-13
119900216,17,69,-52
119900217,19,59,-40
119900218,61,51,10
119900219,8,81,-73
119900220,10,66,-56
119900221,44,236,-192
119900222,15,192,-177
119900223,25,45,-20
119900224,9,19,-10
119900225,773,52,721
119900226,550,2512,-1962
119900227,1070,414,656
119900228,393,333,60
119900229,391,406,-15
119900230,1448,589,859
119900231,409,204,205
119900232,361,175,186
119900233,115,11,104
119900234,38,165,-127
119900235,33,85,-52
119900236,21,231,-210
119900237,113,542,-429
119900238,23,103,-80
119900240,158,154,4
119900241,222,283,-61
119900242,1552,1865,-313
119900244,672,1400,-728
119900245,155,164,-9
119900246,480,846,-366
119900247,47,147,-100
119900248,135,315,-180
119900249,326,167,159
119900253,2137,431,1706
119900254,112,931,-819
119900255,194,926,-732
119900256,1097,837,260
119900257,118,9,109
119900258,274,9,265
119900259,17,161,-144
119900260,214,14,200
119900261,509,220,289
119900262,1,170,-169
119900263,1239,367,872
119900264,165,219,-54
119900265,1106,373,733
119900266,508,294,214
119900267,318,471,-153
119900268,286,159,127
119900269,1514,1136,378
119900271,63,97,-34
119900272,488,304,184
119900275,206,38,168
119900276,27,1,26
119900277,5,5,0
119900278,338,126,212
119900279,180,432,-252
119900280,631,151,480
119900281,6,258,-252
119900282,105,159,-54
119900283,33,192,-159
119900284,77,190,-113
119900285,207,322,-115
119900286,90,116,-26
119900288,2,15,-13
119900289,3,21,-18
119900290,2,21,-19
119900291,3,110,-107
119900292,54,44,10
119900293,25,6,19
119900294,39,5,34
119900295,32,2,30
119900296,139,48,91
119900299,68,159,-91
119900300,363,257,106
119900301,103,303,-200
119900302,191,128,63
119900303,575,257,318
119900304,305,60,245
119900305,14,142,-128
119900306,38,9,29
119900307,114,110,4
119900308,11,27,-16
119900309,62,205,-143
119900310,319,259,60
119900311,135,122,13
119900312,118,84,34
119900313,344,375,-31
119900314,225,430,-205
119900315,2073,1834,239
119900318,31,62,-31
119900319,31,244,-213
119900320,394,504,-110
119900321,159,2,157
119900322,40,64,-24
119900323,3,73,-70
119900324,4,22,-18
119900325,13,213,-200
119900326,1,9,-8
120000001,6265,17368,-11103
120000002,2894,2244,650
120000003,3003,1567,1436
120000004,2697,1677,1020
120000005,3382,2088,1294
120000006,1366,1174,192
120000007,3277,3314,-37
120000008,941,1273,-332
120000009,2134,1179,955
120000010,2203,2327,-124
120000011,1288,1325,-37
120000012,1716,2208,-492
120000013,3405,3044,361
120000014,839,1452,-613
120000015,2646,1515,1131
120000016,4189,2176,2013
120000017,4319,2902,1417
120000018,3681,14190,-10509
120000019,1288,1631,-343
120000020,3359,3786,-427
120000021,2143,2489,-346
120000022,3092,4451,-1359
120000023,1178,1793,-615
120000024,1398,2534,-1136
120000025,2845,2049,796
120000026,2571,1683,888
120000027,2589,2418,171
120000028,923,1619,-696
120000029,2980,1650,1330
120000030,2052,1184,868
120000031,2777,7213,-4436
120000032,7515,3821,3694
120000033,5293,1744,3549
120000034,2462,1783,679
120000035,2604,1660,944
120000036,3576,5012,-1436
120000037,794,1823,-1029
120000038,5764,4303,1461
120000039,923,1131,-208
120000040,452,909,-457
120000041,1609,1271,338
120000042,2730,2140,590
120000043,6162,1657,4505
120000044,6227,1845,4382
120000045,7191,1170,6021
120000046,4486,3304,1182
120000047,1092,7703,-6611
120000048,7228,4572,2656
120000049,3599,2873,726
120000050,4400,3812,588
120000051,3186,4843,-1657
120000052,7447,2429,5018
120000053,1532,1906,-374
120000054,1546,3181,-1635
120000055,1921,4189,-2268
120000056,5956,4106,1850
120000057,4705,1203,3502
120000058,3001,1467,1534
120000059,15,1846,-1831
120000061,90,533,-443
120000062,260,393,-133
120000063,1449,2483,-1034
120000064,248,1022,-774
120000065,751,1369,-618
120000066,460,687,-227
120000067,70,592,-522
120000068,275,674,-399
120000069,698,920,-222
120000070,76,569,-493
120000071,712,95,617
120000072,955,433,522
120000073,1042,121,921
120000074,224,143,81
120000075,1213,270,943
120000076,3402,431,2971
120000077,2859,702,2157
120000078,4399,1382,3017
120000079,291,166,125
120000080,136,234,-98
120000081,473,166,307
120000082,286,273,13
120000083,83,723,-640
120000084,459,474,-15
120000085,403,310,93
120000086,309,450,-141
120000087,282,489,-207
120000088,922,1158,-236
120000089,1348,632,716
120000090,759,572,187
120000091,1194,1081,113
120000092,1638,655,983
120000093,764,483,281
120000094,287,677,-390
120000095,1243,412,831
120000096,316,736,-420
120000098,1292,957,335
120000099,587,749,-162
120000100,968,828,140
120000101,818,456,362
120000102,835,1019,-184
120000103,1815,982,833
120000104,2273,547,1726
120000105,3700,697,3003
120000106,3401,715,2686
120000107,5132,690,4442
120000108,1786,197,1589
120000109,1455,92,1363
120000110,85,865,-780
120000111,211,889,-678
120000112,920,2103,-1183
120000113,730,1731,-1001
120000114,1015,1888,-873
120000115,391,1811,-1420
120000116,800,1742,-942
120000117,915,1220,-305
120000118,72,43,29
120000119,24,69,-45
120000120,101,88,13
120000121,31,88,-57
120000122,275,424,-149
120000123,3410,7214,-3804
120000124,644,399,245
120000125,676,654,22
120000126,386,1105,-719
120000127,2283,1186,1097
120000128,3140,5020,-1880
120000129,292,311,-19
120000130,853,498,355
120000131,429,706,-277
120000134,434,873,-439
120000135,869,719,150
120000137,362,983,-621
120000138,1423,458,965
120000139,437,551,-114
120000140,1248,547,701
120000141,757,410,347
120000142,1059,681,378
120000143,1,119,-118
120000144,199,3,196
120000145,465,4,461
120000146,919,833,86
120000149,842,1199,-357
120000150,3032,13888,-10856
120000151,501,450,51
120000152,860,196,664
120000153,545,538,7
120000154,594,527,67
120000155,187,299,-112
120000156,759,1561,-802
120000157,1172,660,512
120000158,1150,775,375
120000159,2176,2151,25
120000160,2771,1757,1014
120000161,2873,2264,609
120000162,101,255,-154
120000163,889,1143,-254
120000164,725,432,293
120000165,696,590,106
120000166,1646,555,1091
120000167,230,258,-28
120000168,21,901,-880
120000169,54,2354,-2300
120000170,52,1673,-1621
120000171,32,630,-598
120000172,18,383,-365
120000173,1511,1470,41
120000174,313,67,246
120000175,251,28,223
120000176,161,61,100
120000177,1459,204,1255
120000178,65,27,38
120000179,222,71,151
120000180,928,134,794
120000181,264,2369,-2105
120000182,108,788,-680
120000183,11,597,-586
120000184,160,1797,-1637
120000186,61,696,-635
120000187,42,309,-267
120000188,98,627,-529
120000190,600,98,502
120000191,672,103,569
120000192,704,37,667
120000193,372,10,362
120000195,70,17,53
120000196,398,50,348
120000197,105,96,9
120000198,332,94,238
120000199,126,2,124
120000200,177,3,174
120000201,20,58,-38
120000202,2,40,-38
120000203,105,215,-110
120000207,5,58,-53
120000208,23,239,-216
120000209,9,79,-70
120000210,68,75,-7
120000211,298,6,292
120000212,338,4,334
120000213,256,225,31
120000214,1,275,-274
120000215,11,150,-139
120000216,187,44,143
120000217,682,1229,-547
120000218,147,620,-473
120000219,14,350,-336
120000220,6,1101,-1095
120000225,2419,6,2413
120000226,502,12,490
120000227,1304,107,1197
120000228,11810,4544,7266
120000230,596,48,548
120000231,1837,2012,-175
120000233,642,23,619
120000235,296,560,-264
120000236,1621,3,1618
120000237,5,1065,-1060
120000238,2,849,-847
120000241,1386,4118,-2732
120000412,728,15,713
120000413,350,229,121
120000414,186,7,179
120000415,9,104,-95
120000416,214,3,211
120000417,16,104,-88
120000418,235,43,192
120000419,11,205,-194
120000420,57,26,31
120000421,8648,5755,2893
120000422,129,1761,-1632
120000423,11,94,-83
120000424,181,120,61
120000436,126,745,-619
120000437,118,122,-4
120000438,1853,280,1573
120000439,308,660,-352
120000443,235,0,235
120000444,1625,402,1223
120000445,2141,1099,1042
120000446,693,249,444
120000447,282,0,282
120000449,159,12,147
120000450,17,141,-124
120000451,167,292,-125
120000452,311,0,311
120000453,0,258,-258
120000454,51,66,-15
120000455,97,46,51
120000456,2696,4636,-1940
120000457,1275,557,718
120000458,596,688,-92
120000459,132,59,73
120000665,1058,309,749
120000668,164,1434,-1270
120000669,166,209,-43
120000670,197,903,-706
120000671,1643,543,1100
120000672,82,571,-489
120900001,124,113,11
120900002,426,822,-396
120900003,204,45,159
120900004,41,108,-67
120900005,29,1104,-1075
120900006,562,268,294
120900007,232,76,156
120900008,387,1054,-667
120900009,238,35,203
120900010,612,147,465
120900011,230,247,-17
120900012,251,1796,-1545
120900013,467,146,321
120900014,3,441,-438
120900015,1554,86,1468
120900016,1117,76,1041
120900017,2036,112,1924
120900018,180,473,-293
120900019,761,394,367
120900020,855,1740,-885
120900021,987,265,722
120900022,28,307,-279
120900023,417,38,379
120900024,2393,577,1816
120900025,1532,1083,449
120900026,359,256,103
120900027,1179,28,1151
120900028,546,143,403
120900029,139,622,-483
120900030,1750,955,795
120900031,371,132,239
120900032,1463,113,1350
120900033,1578,131,1447
120900034,38,2525,-2487
120900035,55,108,-53
120900037,282,9,273
120900038,102,426,-324
120900039,125,99,26
120900040,531,9,522
120900041,153,30,123
120900042,755,57,698
120900043,258,63,195
120900044,26,334,-308
120900045,161,144,17
120900046,740,4,736
120900047,212,211,1
120900048,150,46,104
120900049,624,1,623
120900050,1849,2099,-250
120900051,413,116,297
120900052,854,9,845
120900053,535,81,454
120900054,1875,643,1232
120900055,538,2,536
120900056,705,46,659
120900057,207,28,179
120900058,731,1,730
120900059,129,4,125
120900060,92,35,57
120900061,237,256,-19
120900062,334,2,332
120900063,874,11,863
120900064,920,2,918
120900065,707,3,704
120900066,550,279,271
120900067,229,63,166
120900068,404,2,402
120900069,359,42,317
120900071,47,3,44
120900072,874,5,869
120900073,720,143,577
120900074,838,10,828
120900076,474,0,474
120900077,2653,445,2208
120900078,1034,717,317
120900079,1004,114,890
120900080,1038,1172,-134
120900081,1609,481,1128
120900082,516,511,5
120900083,162,9,153
120900084,473,566,-93
120900085,106,134,-28
120900086,108,426,-318
120900087,627,364,263
120900088,271,663,-392
120900089,2545,3561,-1016
120900090,389,113,276
120900091,765,1055,-290
120900092,1110,394,716
120900093,1802,151,1651
120900094,573,199,374
120900095,663,30,633
120900096,89,239,-150
120900097,757,629,128
120900098,252,171,81
120900099,78,78,0
120900100,98,232,-134
120900101,577,227,350
120900102,68,87,-19
120900103,119,260,-141
120900104,24,50,-26
120900105,60,387,-327
120900106,1121,559,562
120900107,287,157,130
120900108,2,398,-396
120900109,45,443,-398
120900110,21,600,-579
120900111,268,361,-93
120900112,23,597,-574
120900113,9,586,-577
120900114,30,130,-100
120900115,214,276,-62
120900116,556,331,225
120900117,1,407,-406
120900118,23,608,-585
120900119,7266,4695,2571
120900120,78,422,-344
120900121,240,459,-219
120900122,757,411,346
120900123,10,298,-288
120900124,0,419,-419
120900125,8,576,-568
120900126,1584,890,694
120900127,26,404,-378
120900128,1122,1229,-107
120900129,49,272,-223
120900130,6,315,-309
120900131,152,103,49
120900132,1460,232,1228
120900133,215,674,-459
120900134,723,411,312
120900135,9,437,-428
120900136,60,80,-20
120900137,340,110,230
120900138,27,188,-161
120900139,11,528,-517
120900140,16,132,-116
120900141,272,258,14
120900142,12,338,-326
120900143,3,606,-603
120900144,0,137,-137
120900145,384,735,-351
120900146,3,830,-827
120900147,10,413,-403
120900148,202,151,51
120900149,0,280,-280
120900150,37,454,-417
120900151,2,505,-503
120900152,34,30,4
120900153,84,148,-64
120900154,12,179,-167
120900155,202,838,-636
120900156,101,336,-235
120900157,112,445,-333
120900158,92,521,-429
120900159,99,523,-424
120900160,40,690,-650
120900161,112,550,-438
120900162,130,781,-651
120900163,150,1307,-1157
120900164,4,46,-42
120900165,6,130,-124
120900166,208,688,-480
120900167,482,181,301
120900169,115,328,-213
120900170,791,3434,-2643
120900171,1075,240,835
120900172,707,1787,-1080
120900173,0,72,-72
120900174,12,123,-111
120900175,343,172,171
120900176,20,447,-427
120900177,6,1669,-1663
120900178,0,702,-702
120900179,783,410,373
120900180,72,270,-198
120900181,187,49,138
120900182,46,317,-271
120900183,638,75,563
120900184,315,91,224
120900185,27,567,-540
120900186,1,336,-335
120900187,761,1295,-534
120900188,334,12,322
120900189,109,1886,-1777
120900190,136,9,127
120900191,25,25,0
120900192,7432,10308,-2876
120900194,83,150,-67
120900195,142,426,-284
120900196,1116,57,1059
120900197,1124,153,971
120900198,384,537,-153
120900199,667,1659,-992
120900200,112,150,-38
120900201,521,157,364
120900202,6,149,-143
120900203,59,103,-44
120900204,142,217,-75
120900205,74,49,25
120900206,26,58,-32
121000001,857,1008,-151
121000002,2566,1314,1252
121000003,3352,1911,1441
121000004,2666,3531,-865
121000005,1755,2701,-946
121000006,3497,1958,1539
121000007,2678,3174,-496
121000008,5636,4365,1271
121000009,5704,6264,-560
121000010,8333,7174,1159
121000011,9421,12986,-3565
121000012,16203,12314,3889
121000013,5084,7177,-2093
121000014,6095,5420,675
121000015,4148,7152,-3004
121000016,4023,3451,572
121000017,2459,4302,-1843
121000018,3318,1919,1399
121000019,14570,12799,1771
121000020,14395,19858,-5463
121000021,3111,2775,336
121000022,3525,3557,-32
121000023,4058,2813,1245
121000024,6068,5659,409
121000025,702,1514,-812
121000026,470,196,274
121000027,1584,1344,240
121000028,1095,536,559
121000029,1061,689,372
121000030,765,448,317
121000031,723,668,55
121000032,261,144,117
121000034,408,249,159
121000035,165,151,14
121000036,1015,818,197
121000037,672,602,70
121000038,518,1129,-611
121000039,318,545,-227
121000041,720,577,143
121000042,348,436,-88
121000043,743,644,99
121000044,1630,987,643
121000045,488,324,164
121000046,813,966,-153
121000047,40,100,-60
121000049,1257,613,644
121000050,392,1359,-967
121000051,667,307,360
121000052,510,787,-277
121000053,386,168,218
121000054,71,381,-310
121000055,1258,1357,-99
121000056,837,1092,-255
121000057,290,605,-315
121000058,433,221,212
121000059,2530,1366,1164
121000060,648,1117,-469
121000061,100,458,-358
121000062,164,358,-194
121000063,1165,836,329
121000064,1020,947,73
121000065,326,514,-188
121000066,761,708,53
121000067,479,683,-204
121000068,692,429,263
121000069,638,1019,-381
121000070,1818,1358,460
121000071,1837,1374,463
121000072,1927,814,1113
121000073,1313,1123,190
121000074,263,165,98
121000075,35,385,-350
121000076,802,450,352
121000077,152,181,-29
121000078,86,160,-74
121000080,1940,707,1233
121000081,4602,3473,1129
121000082,90,294,-204
121000083,209,142,67
121000084,231,194,37
121000085,309,438,-129
121000086,499,672,-173
121000087,76,315,-239
121000088,705,652,53
121000089,420,588,-168
121000090,483,487,-4
121000091,1449,1269,180
121000092,227,73,154
121000093,204,222,-18
121000094,696,1063,-367
121000095,412,795,-383
121000096,2663,2588,75
121000097,943,2817,-1874
121000098,810,1008,-198
121000099,680,673,7
121000100,1048,334,714
121000101,527,325,202
121000102,414,259,155
121000103,375,316,59
121000104,356,171,185
121000105,706,226,480
121000106,473,436,37
121000107,2112,3119,-1007
121000109,1234,1187,47
121000110,471,737,-266
121000114,3163,2154,1009
121000115,1280,642,638
121000116,256,852,-596
121000117,620,268,352
121000118,1652,270,1382
121000119,463,504,-41
121000120,357,500,-143
121000121,676,1467,-791
121000123,1795,964,831
121000126,106,332,-226
121000127,213,108,105
121000128,1202,353,849
121000129,1461,685,776
121000130,969,758,211
121000131,2232,2413,-181
121000132,1670,2865,-1195
121000135,485,1134,-649
121000136,1406,1331,75
121000137,614,467,147
121000138,1034,1521,-487
121000139,654,567,87
121000141,286,209,77
121000142,738,987,-249
121000143,188,51,137
121000144,1047,2242,-1195
121000145,626,1008,-382
121000146,1570,1154,416
121000147,1309,593,716
121000148,1052,1095,-43
121000149,2513,1473,1040
121000152,464,475,-11
121000153,2068,704,1364
121000154,1183,595,588
121000155,1530,1043,487
121000156,472,1002,-530
121000157,959,1474,-515
121000158,432,418,14
121000159,274,337,-63
121000160,242,336,-94
121000161,253,277,-24
121000162,131,162,-31
121000165,1501,2378,-877
121000166,12,495,-483
121000168,544,260,284
121000169,78,144,-66
121000170,378,80,298
121000171,76,168,-92
121000172,943,602,341
121000173,1448,1323,125
121000174,496,423,73
121000175,1243,413,830
121000176,351,245,106
121000177,813,626,187
121000178,216,67,149
121000179,179,54,125
121000181,571,379,192
121000182,171,198,-27
121000183,132,158,-26
121000184,90,146,-56
121000185,87,227,-140
121000186,306,683,-377
121000187,227,152,75
121000188,224,140,84
121000192,1099,462,637
121000193,843,572,271
121000194,2176,2143,33
121000195,281,853,-572
121000196,603,289,314
121000197,218,692,-474
121000198,224,127,97
121000199,134,280,-146
121000200,707,97,610
121000201,11,185,-174
121000202,1120,147,973
121000203,974,1810,-836
121000204,3415,722,2693
121000205,154,312,-158
121000206,203,77,126
121000207,2651,514,2137
121000208,6,328,-322
121000209,475,206,269
121000210,736,268,468
121000211,426,134,292
121000212,576,539,37
121000213,10658,3017,7641
121000214,851,1926,-1075
121000215,1081,1086,-5
121000216,643,575,68
121000217,3705,2614,1091
121000218,404,1493,-1089
121000219,1365,482,883
121000220,160,69,91
121000221,141,305,-164
121000222,2400,2453,-53
121000223,302,411,-109
121000224,271,218,53
121000225,991,2681,-1690
121000226,2229,1205,1024
121000227,17,137,-120
121000228,20,493,-473
121000229,434,377,57
121000230,66,1431,-1365
121000231,1237,46,1191
121000232,385,287,98
121000233,620,327,293
121000234,25,37,-12
121000235,60,66,-6
121000236,12,83,-71
121000237,59,18,41
121000238,15,95,-80
121000239,61,4,57
121000240,6,246,-240
121000241,116,18,98
121000242,73,430,-357
121000243,361,82,279
121000244,15,94,-79
121000245,67,21,46
121000246,1,96,-95
121000247,117,10,107
121000248,623,805,-182
121000249,157,426,-269
121000250,717,269,448
121000251,38,324,-286
121000252,135,76,59
121000253,342,423,-81
121000254,660,209,451
121000255,128,380,-252
121000256,351,243,108
121000257,44,176,-132
121000258,76,97,-21
121000259,54,73,-19
121000260,73,105,-32
121000261,93,70,23
121000262,1080,858,222
121000263,559,399,160
121000271,382,1403,-1021
121000273,40,10,30
121000274,12,65,-53
121000275,4,28,-24
121000276,6,34,-28
121000278,47,30,17
121000279,27,40,-13
121000280,45,94,-49
121000289,284,24,260
121000290,1071,1006,65
121000294,247,152,95
121000297,791,1280,-489
121000299,63,679,-616
121000300,833,547,286
121000302,49,1090,-1041
121000303,576,358,218
121000304,549,69,480
121000305,248,83,165
121000306,144,115,29
121000308,177,318,-141
121000309,414,526,-112
121000310,109,308,-199
121000311,75,827,-752
121000312,458,332,126
121000313,369,566,-197
121000314,122,158,-36
121000315,42,123,-81
121000530,1912,1258,654
121000531,2146,1385,761
121000532,7302,8554,-1252
121000533,3723,3847,-124
121000918,47,124,-77
121000919,38,67,-29
121000938,92,219,-127
121000939,57,196,-139
121000956,1738,1053,685
121000957,6,7,-1
121000958,45,47,-2
121000959,1034,634,400
121000960,1845,2017,-172
121000961,301,68,233
121000962,485,454,31
121000973,0,220,-220
121000976,30,256,-226
121000979,628,199,429
121000981,375,150,225
121000982,360,136,224
121000983,457,328,129
121000984,33,55,-22
121000985,753,386,367
121000986,500,187,313
121000987,246,644,-398
121000988,889,133,756
121001302,265,120,145
121001308,3,26,-23
121001309,65,177,-112
121001313,173,152,21
121001314,1703,2417,-714
121001315,5369,2912,2457
121900001,139,150,-11
121900002,25,51,-26
121900003,457,15,442
121900004,130,443,-313
121900005,33,7,26
121900006,187,20,167
121900007,2110,2314,-204
121900008,1372,723,649
121900009,611,19,592
121900010,259,11,248
121900011,503,496,7
121900012,9,1,8
121900013,972,92,880
121900014,1222,408,814
121900015,311,247,64
121900016,8,40,-32
121900017,954,439,515
121900018,433,12,421
121900019,619,255,364
121900020,28,6,22
121900021,1072,33,1039
121900022,404,263,141
121900023,170,355,-185
121900024,316,84,232
121900025,909,483,426
121900026,427,48,379
121900027,696,296,400
121900028,317,17,300
121900029,117,237,-120
121900030,546,560,-14
121900031,1054,7103,-6049
121900032,129,87,42
121900033,235,304,-69
121900034,337,78,259
121900035,3346,2508,838
121900036,109,280,-171
121900037,237,1325,-1088
121900038,43,152,-109
121900039,443,84,359
121900040,111,155,-44
121900041,270,251,19
121900042,531,208,323
121900043,21,13,8
121900044,124,82,42
121900046,342,422,-80
121900047,282,78,204
121900048,91,111,-20
121900050,80,68,12
121900051,232,207,25
121900052,226,47,179
121900053,757,399,358
121900054,592,1102,-510
121900055,1,36,-35
121900058,307,146,161
121900059,503,259,244
121900060,269,487,-218
121900061,232,170,62
121900062,201,176,25
121900063,2058,462,1596
121900064,326,585,-259
121900066,78,62,16
121900067,64,55,9
121900069,212,172,40
121900070,259,184,75
121900071,543,315,228
121900072,55,92,-37
121900073,352,228,124
121900074,831,1452,-621
121900075,482,605,-123
121900076,477,743,-266
121900077,27,20,7
121900078,171,61,110
121900079,0,1,-1
121900080,1009,494,515
121900082,82,104,-22
121900084,42,91,-49
121900085,7,12,-5
121900086,23,79,-56
121900087,195,155,40
121900088,2373,3906,-1533
121900089,273,266,7
121900090,62,63,-1
121900091,90,77,13
121900092,145,235,-90
121900093,95,106,-11
121900094,21,7,14
121900095,386,192,194
121900096,1650,987,663
121900097,788,343,445
121900098,16,11,5
121900099,312,77,235
121900100,210,711,-501
121900101,281,180,101
121900102,9,182,-173
121900103,565,306,259
121900104,1626,298,1328
121900105,399,302,97
121900106,4,14,-10
121900107,72,41,31
121900108,1,26,-25
121900109,292,175,117
121900110,651,686,-35
121900111,677,428,249
121900112,182,153,29
121900113,93,492,-399
121900114,130,87,43
121900117,237,291,-54
121900118,1956,736,1220
121900119,289,97,192
121900120,88,1393,-1305
121900121,460,51,409
121900122,47,131,-84
121900123,297,422,-125
121900124,255,182,73
121900125,1911,1031,880
121900127,25,113,-88
121900128,83,124,-41
121900129,514,248,266
121900130,122,219,-97
121900131,301,102,199
121900132,76,97,-21
121900133,77,1096,-1019
121900134,56,272,-216
121900135,3974,623,3351
121900136,548,328,220
121900137,41,355,-314
121900138,134,236,-102
121900139,424,674,-250
121900140,98,221,-123
121900141,67,26,41
121900142,253,142,111
121900143,47,197,-150
121900144,185,368,-183
121900145,335,415,-80
121900146,705,873,-168
121900147,70,219,-149
121900148,220,396,-176
121900149,394,647,-253
121900150,73,137,-64
121900151,118,256,-138
121900152,155,118,37
121900153,125,1010,-885
121900154,10,276,-266
121900155,10,187,-177
121900156,192,147,45
121900157,4,404,-400
121900158,108,135,-27
121900159,1,215,-214
121900160,80,311,-231
121900161,259,390,-131
121900162,112,260,-148
121900163,367,510,-143
121900164,395,217,178
121900165,435,187,248
121900166,193,180,13
121900167,144,204,-60
121900168,182,257,-75
121900169,3,178,-175
121900170,9,225,-216
121900171,847,696,151
121900172,665,225,440
121900173,906,275,631
121900174,61,106,-45
121900175,361,334,27
121900176,590,1412,-822
121900177,269,73,196
121900178,34,39,-5
121900179,617,253,364
121900180,3055,5743,-2688
121900182,755,402,353
121900183,779,1438,-659
121900184,109,708,-599
121900186,14,371,-357
121900187,29,218,-189
121900188,628,400,228
121900189,32,120,-88
121900190,236,452,-216
121900191,137,277,-140
121900192,403,932,-529
121900193,67,180,-113
121900194,7,301,-294
121900195,122,116,6
121900196,736,872,-136
121900197,616,1199,-583
121900198,1350,1061,289
121900199,8,39,-31
121900200,67,253,-186
121900201,966,1047,-81
121900202,175,801,-626
121900203,255,1255,-1000
121900204,768,1598,-830
121900205,25,110,-85
121900206,28,40,-12
121900207,145,59,86
121900208,174,263,-89
121900209,99,69,30
121900210,1584,1257,327
121900211,29,119,-90
121900212,224,110,114
121900213,265,55,210
121900214,17,560,-543
121900215,59,159,-100
121900216,34,322,-288
121900217,332,259,73
121900218,246,480,-234
121900220,171,17,154
121900221,255,677,-422
121900222,211,138,73
121900223,210,56,154
121900224,141,55,86
121900225,132,149,-17
121900226,418,585,-167
121900227,336,697,-361
121900228,196,255,-59
121900230,76,324,-248
121900231,347,2188,-1841
121900232,269,375,-106
121900233,201,228,-27
121900234,398,252,146
121900235,565,141,424
121900236,381,182,199
121900237,328,278,50
121900238,148,277,-129
121900239,315,60,255
121900240,381,137,244
121900241,99,71,28
121900242,4,0,4
121900243,13,0,13
121900244,23,0,23
121900245,198,85,113
121900246,3064,314,2750
121900247,367,261,106
121900248,1282,1634,-352
121900250,312,340,-28
121900251,633,70,563
121900252,691,187,504
121900253,75,626,-551
121900254,498,303,195
121900255,515,169,346
121900258,4192,2156,2036
121900259,509,626,-117
121900260,218,138,80
121900261,187,635,-448
121900262,396,1027,-631
121900263,321,293,28
121900264,1859,1291,568
121900265,431,299,132
121900266,632,144,488
121900267,100,60,40
121900269,269,873,-604
121900270,59,185,-126
121900271,69,159,-90
121900273,565,1953,-1388
121900274,370,244,126
121900277,441,1137,-696
121900278,161,942,-781
121900279,150,213,-63
121900280,149,490,-341
121900281,380,656,-276
121900284,63,16,47
121900286,196,232,-36
121900287,38,24,14
121900288,6,0,6
121900290,331,459,-128
121900291,390,845,-455
121900292,116,137,-21
121900293,1022,2783,-1761
121900294,304,2,302
121900295,173,245,-72
121900296,104,268,-164
121900298,308,1108,-800
121900299,0,14,-14
121900300,162,12,150
121900301,101,4,97
121900302,13,51,-38
121900303,410,410,0
121900304,0,14,-14
121900305,5,4,1
121900306,278,3,275
121900307,86,24,62
121900308,18,344,-326
121900309,2,197,-195
121900310,16,355,-339
121900311,513,25,488
121900312,361,19,342
121900313,483,32,451
121900314,3,55,-52
121900315,12,1,11
121900316,0,11,-11
121900317,29,7,22
121900318,3,17,-14
121900319,53,116,-63
121900320,65,68,-3
121900321,21,3,18
121900322,5,15,-10
121900323,25,17,8
121900324,10,47,-37
121900325,27,20,7
121900326,4,22,-18
121900327,4,38,-34
121900328,1,26,-25
121900329,1,145,-144
121900330,0,43,-43
121900331,123,121,2
121900332,108,36,72
121900333,22,0,22
122000001,2118,5474,-3356
122000002,3439,1606,1833
122000003,2037,3118,-1081
122000004,2953,1676,1277
122000005,2652,2299,353
122000006,1629,1163,466
122000007,956,1715,-759
122000008,2418,4760,-2342
122000009,491,529,-38
122000010,2079,3181,-1102
122000011,3124,1854,1270
122000012,1005,1798,-793
122000013,1055,1073,-18
122000014,1896,1060,836
122000015,1324,1142,182
122000016,637,934,-297
122000017,1258,1151,107
122000018,1635,1429,206
122000019,912,1065,-153
122000020,274,325,-51
122000021,277,598,-321
122000022,1280,1150,130
122000023,854,1685,-831
122000024,689,1391,-702
122000025,831,1951,-1120
122000026,786,1388,-602
122000027,706,1639,-933
122000028,1045,591,454
122000029,552,570,-18
122000030,231,154,77
122000031,158,287,-129
122000032,2024,1919,105
122000033,636,1548,-912
122000034,635,738,-103
122000035,324,760,-436
122000036,673,537,136
122000037,428,243,185
122000038,267,369,-102
122000039,472,511,-39
122000040,250,295,-45
122000041,578,637,-59
122000042,339,396,-57
122000043,132,111,21
122000044,160,147,13
122000045,1270,530,740
122000046,899,707,192
122000047,285,254,31
122000048,4013,4597,-584
122000049,6044,4063,1981
122000050,1364,797,567
122000051,237,388,-151
122000052,548,579,-31
122000053,268,930,-662
122000054,2275,1915,360
122000055,2127,3569,-1442
122000056,4210,3631,579
122000057,3165,3864,-699
122000058,1863,1814,49
122000059,2082,2307,-225
122000060,493,950,-457
122000061,515,741,-226
122000062,690,322,368
122000063,1146,788,358
122000064,3268,3439,-171
122000065,3281,2492,789
122000066,972,1050,-78
122000067,1668,1170,498
122000068,1788,1072,716
122000069,899,720,179
122000070,981,1211,-230
122000071,2121,1155,966
122000072,503,541,-38
122000073,355,829,-474
122000074,3109,1689,1420
122000075,988,1215,-227
122000076,3188,1458,1730
122000077,933,1151,-218
122000078,1422,3027,-1605
122000079,844,1303,-459
122000080,670,351,319
122000081,226,206,20
122000082,421,1023,-602
122000083,2373,1381,992
122000084,2046,1020,1026
122000085,316,938,-622
122000086,2400,6420,-4020
122000087,430,300,130
122000088,527,752,-225
122000089,4546,2607,1939
122000090,175,558,-383
122000091,153,95,58
122000092,101,35,66
122000093,1707,2604,-897
122000094,4935,4011,924
122000095,1993,5295,-3302
122000096,1833,2084,-251
122000098,3139,3437,-298
122000099,1350,785,565
122000100,837,644,193
122000101,467,676,-209
122000102,2125,1225,900
122000103,2191,1682,509
122000104,514,236,278
122000105,745,355,390
122000106,528,817,-289
122000107,1146,503,643
122000108,549,829,-280
122000109,516,329,187
122000110,676,626,50
122000111,2860,1582,1278
122000112,1163,1434,-271
122000113,734,676,58
122000114,2722,1672,1050
122000115,2212,1389,823
122000116,664,800,-136
122000117,1671,489,1182
122000118,728,1019,-291
122000119,3801,3360,441
122000120,2266,5548,-3282
122000121,2151,3712,-1561
122000122,822,1815,-993
122000123,2150,1886,264
122000124,1262,677,585
122000125,648,921,-273
122000126,710,1260,-550
122000127,1334,1265,69
122000128,475,784,-309
122000129,545,1778,-1233
122000130,4136,1550,2586
122000131,1863,1579,284
122000132,544,627,-83
122000133,990,1333,-343
122000134,1308,836,472
122000135,729,709,20
122000136,1121,722,399
122000137,2403,935,1468
122000139,1023,4350,-3327
122000140,632,637,-5
122000141,4057,1306,2751
122000142,273,957,-684
122000143,619,608,11
122000144,1631,1509,122
122000145,1218,921,297
122000146,920,1423,-503
122000147,687,580,107
122000148,1313,2692,-1379
122000149,2554,1962,592
122000150,1474,1289,185
122000151,192,468,-276
122000152,440,418,22
122000153,496,379,117
122000154,310,387,-77
122000155,1691,3089,-1398
122000156,2663,3138,-475
122000157,1225,2827,-1602
122000158,409,704,-295
122000159,858,1808,-950
122000160,4788,2970,1818
122000161,1658,1393,265
122000162,2467,2358,109
122000163,298,133,165
122000164,61,118,-57
122000165,1060,702,358
122000166,949,1154,-205
122000167,325,336,-11
122000168,208,558,-350
122000169,332,198,134
122000170,477,228,249
122000171,66,113,-47
122000172,2027,1521,506
122000173,1705,2643,-938
122000174,2443,1198,1245
122000175,869,313,556
122000176,480,864,-384
122000177,1625,1596,29
122000178,2867,2592,275
122000179,1754,2593,-839
122000180,1786,1467,319
122000181,1451,3514,-2063
122000182,1961,2292,-331
122000183,2424,1255,1169
122000184,3027,2791,236
122000185,1416,2019,-603
122000186,471,902,-431
122000187,2013,918,1095
122000188,509,284,225
122000189,265,404,-139
122000190,865,1152,-287
122000191,1048,919,129
122000192,1149,416,733
122000193,512,821,-309
122000194,559,231,328
122000195,184,555,-371
122000196,1499,699,800
122000197,566,884,-318
122000198,589,997,-408
122000199,355,405,-50
122000200,939,730,209
122000201,1439,1690,-251
122000202,1337,1762,-425
122000203,3425,1830,1595
122000204,1780,2457,-677
122000205,1314,1853,-539
122000206,2761,1156,1605
122000207,2650,1603,1047
122000208,2436,1559,877
122000209,1939,478,1461
122000210,2315,1848,467
122000211,1669,1303,366
122000212,957,713,244
122000213,1391,1389,2
122000214,2457,1945,512
122000215,2234,1833,401
122000217,2011,1609,402
122000218,787,89,698
122000219,1180,1022,158
122000220,491,777,-286
122000221,64,367,-303
122000222,575,161,414
122000223,1538,697,841
122000225,999,344,655
122000226,2199,1889,310
122000227,384,2600,-2216
122000228,397,364,33
122000229,36,556,-520
122000230,215,455,-240
122000231,557,799,-242
122000232,816,838,-22
122000233,0,108,-108
122000234,456,75,381
122000235,537,132,405
122000236,1686,103,1583
122000237,176,99,77
122000238,618,405,213
122000239,912,213,699
122000240,1441,680,761
122000241,2115,569,1546
122000242,1146,214,932
122000243,83,50,33
122000244,23,287,-264
122000245,14,84,-70
122000246,51,97,-46
122000247,672,250,422
122000248,982,1447,-465
122000249,1248,1038,210
122000250,2772,1187,1585
122000251,299,506,-207
122000252,601,187,414
122000253,92,271,-179
122000254,332,139,193
122000255,807,1514,-707
122000256,368,797,-429
122000257,193,235,-42
122000258,460,270,190
122000259,21,390,-369
122000260,6,62,-56
122000261,19,271,-252
122000262,0,38,-38
122000263,610,396,214
122000264,1750,315,1435
122000265,2485,948,1537
122000266,4277,731,3546
122000267,185,144,41
122000268,153,368,-215
122000269,955,290,665
122000270,540,191,349
122000271,274,914,-640
122000272,446,889,-443
122000273,446,385,61
122000274,252,195,57
122000275,109,194,-85
122000276,1090,664,426
122000277,1729,1855,-126
122000278,2712,724,1988
122000279,354,448,-94
122000280,1116,744,372
122000281,1163,813,350
122000282,265,462,-197
122000283,309,156,153
122000284,405,91,314
122000285,334,99,235
122000286,51,206,-155
122000287,1518,1499,19
122000288,604,263,341
122000291,2522,773,1749
122000293,318,234,84
122000294,195,260,-65
122000295,1568,198,1370
122000296,37,528,-491
122000297,2524,3671,-1147
122000299,687,435,252
122000300,609,713,-104
122000301,8481,3671,4810
122000302,672,2106,-1434
122000303,2741,1329,1412
122000304,80,257,-177
122000305,1359,267,1092
122000306,61,500,-439
122000307,175,124,51
122000309,155,49,106
122000310,43,152,-109
122000311,251,186,65
122000312,119,228,-109
122000313,172,79,93
122000314,128,202,-74
122000315,366,75,291
122000316,994,240,754
122000317,1714,331,1383
122000318,339,1063,-724
122000319,237,361,-124
122000320,318,1016,-698
122000321,108,134,-26
122000322,1813,2248,-435
122000323,1117,2423,-1306
122000324,1071,1262,-191
122000325,1106,1938,-832
122000326,177,94,83
122000327,612,976,-364
122000328,896,647,249
122000330,2140,941,1199
122000332,232,416,-184
122000333,9,88,-79
122000337,1331,1032,299
122000338,781,442,339
122000340,378,617,-239
122000342,1403,986,417
122000343,452,801,-349
122000344,90,18,72
122000345,50,25,25
122000346,440,405,35
122000348,1364,691,673
122000349,201,833,-632
122000351,228,266,-38
122000352,364,157,207
122000353,166,68,98
122000355,147,357,-210
122000356,1064,1375,-311
122000357,129,16,113
122000358,0,43,-43
122000359,0,35,-35
122000360,1,52,-51
122000362,34,69,-35
122000364,240,361,-121
122000365,16,49,-33
122000366,6,12,-6
122000368,507,667,-160
122000370,30,57,-27
122000371,39,0,39
122000372,12,1,11
122000381,193,322,-129
122000382,98,252,-154
122000384,2298,1072,1226
122000385,79,3,76
122000386,432,1566,-1134
122000387,619,764,-145
122000388,1701,798,903
122000389,140,799,-659
122000390,372,250,122
122000391,297,345,-48
122000392,290,214,76
122000393,51,142,-91
122000394,601,262,339
122000395,140,120,20
122000396,340,111,229
122000397,23,60,-37
122000398,13,51,-38
122000399,155,75,80
122000400,116,691,-575
122000401,125,70,55
122000402,464,91,373
122000403,524,688,-164
122000404,195,160,35
122000408,773,1069,-296
122000503,19,120,-101
122000524,359,165,194
122000544,106,2207,-2101
122000616,353,4,349
122000640,111,115,-4
122000641,126,255,-129
122000642,1139,826,313
122000643,87,195,-108
122000644,112,54,58
122000645,163,189,-26
122000651,1073,1096,-23
122000664,140,44,96
122000665,1376,640,736
122000666,720,1055,-335
122000673,44,189,-145
122000674,204,68,136
122000675,1902,717,1185
122000686,599,856,-257
122000687,1870,343,1527
122000688,428,458,-30
122000689,1205,364,841
122000690,2744,461,2283
122000691,1177,1229,-52
122000692,1963,511,1452
122000693,583,1695,-1112
122000695,379,368,11
122000696,574,196,378
122000698,494,513,-19
122000699,233,115,118
122000701,1693,405,1288
122000702,550,956,-406
122000703,199,58,141
122000717,95,79,16
122000718,400,1034,-634
122000719,127,104,23
122000720,579,154,425
122000724,114,21,93
122900001,82,14,68
122900002,1418,6253,-4835
122900003,509,44,465
122900004,2217,111,2106
122900005,249,114,135
122900006,697,908,-211
122900007,193,87,106
122900008,687,357,330
122900009,730,665,65
122900010,246,123,123
122900012,273,488,-215
122900014,156,276,-120
122900015,1646,1850,-204
122900016,93,283,-190
122900017,354,918,-564
122900018,218,29,189
122900019,19,144,-125
122900020,207,442,-235
122900021,37,407,-370
122900022,1245,906,339
122900023,729,233,496
122900024,175,132,43
122900025,9,375,-366
122900026,38,326,-288
122900027,50,545,-495
122900028,123,203,-80
122900029,4408,3085,1323
122900030,1140,687,453
122900031,58,386,-328
122900032,120,512,-392
122900033,272,167,105
122900034,4159,4876,-717
122900035,81,56,25
122900036,65,96,-31
122900037,422,145,277
122900038,126,3377,-3251
122900039,139,622,-483
122900040,278,529,-251
122900041,361,330,31
122900042,222,336,-114
122900043,415,307,108
122900044,113,367,-254
122900045,122,146,-24
122900046,238,272,-34
122900047,141,231,-90
122900048,69,265,-196
122900049,1330,215,1115
122900051,81,147,-66
122900052,98,136,-38
122900053,46,37,9
122900055,415,107,308
122900057,262,42,220
122900061,586,290,296
122900062,769,752,17
122900063,192,278,-86
122900064,867,464,403
122900065,680,256,424
122900066,875,422,453
122900067,1149,641,508
122900068,219,332,-113
122900069,558,1687,-1129
122900070,401,75,326
122900071,162,316,-154
122900072,14,374,-360
122900073,40,208,-168
122900074,1036,505,531
122900075,0,70,-70
122900076,6,137,-131
122900077,1,119,-118
122900078,242,49,193
122900080,41,37,4
122900081,267,218,49
122900082,1025,397,628
122900083,170,232,-62
122900084,17,219,-202
122900086,37,142,-105
122900087,328,532,-204
122900088,25,264,-239
122900089,66,246,-180
122900090,12,312,-300
122900091,326,3,323
122900092,1,144,-143
122900093,1,157,-156
122900094,7,129,-122
122900095,234,18,216
122900096,426,125,301
122900097,42,57,-15
122900098,58,128,-70
122900099,63,22,41
122900100,314,524,-210
122900101,583,345,238
122900102,30,42,-12
122900103,221,7,214
122900104,276,2,274
122900105,38,10,28
122900106,1,59,-58
122900107,6,161,-155
122900108,1,116,-115
123000001,1198,496,702
123000002,3041,5977,-2936
123000003,4273,4403,-130
123000004,2975,3766,-791
123000005,2975,2873,102
123000006,2306,2282,24
123000007,4825,2613,2212
123000008,2915,2772,143
123000009,4315,2784,1531
123000010,3182,3127,55
123000011,1893,754,1139
123000012,678,2087,-1409
123000013,3667,911,2756
123000014,906,3421,-2515
123000015,2799,1258,1541
123000016,4126,4778,-652
123000017,3441,1833,1608
123000018,143,118,25
123000019,586,188,398
123000020,367,60,307
123000021,242,220,22
123000022,393,1875,-1482
123000023,2126,2087,39
123000024,1594,667,927
123000025,109,111,-2
123000026,46,138,-92
123000027,141,824,-683
123000028,1392,910,482
123000029,700,1640,-940
123000030,335,235,100
123000031,363,274,89
123000032,534,169,365
123000033,295,95,200
123000034,1251,779,472
123000035,483,496,-13
123000036,347,960,-613
123000037,344,307,37
123000038,106,204,-98
123000039,490,1739,-1249
123000040,837,358,479
123000041,1240,1342,-102
123000042,747,729,18
123000043,2459,12575,-10116
123000044,3928,2784,1144
123000045,5606,3521,2085
123000046,571,1791,-1220
123000047,1777,1141,636
123000048,146,1168,-1022
123000049,6487,12433,-5946
123000050,1865,1785,80
123000051,109,203,-94
123000052,967,3722,-2755
123000053,3242,3130,112
123000054,1848,1725,123
123000055,1643,2994,-1351
123000056,1407,2013,-606
123000057,8186,8261,-75
123000058,677,1337,-660
123000059,456,641,-185
123000060,1239,494,745
123000061,296,779,-483
123000063,1095,1049,46
123000064,1296,369,927
123000065,5584,2614,2970
123000066,782,663,119
123000067,1212,692,520
123000068,2722,2748,-26
123000069,6511,3170,3341
123000070,295,654,-359
123000071,1376,879,497
123000072,1283,854,429
123000073,1636,773,863
123000074,1280,1027,253
123000075,460,1344,-884
123000076,1085,657,428
123000077,1953,2084,-131
123000078,1999,1347,652
123000079,2035,1716,319
123000080,2831,1501,1330
123000081,190,382,-192
123000082,438,1161,-723
123000083,1163,419,744
123000084,790,436,354
123000085,477,59,418
123000086,843,139,704
123000087,529,308,221
123000088,1894,795,1099
123000089,702,974,-272
123000090,1279,778,501
123000091,1455,1234,221
123000092,912,1159,-247
123000094,631,287,344
123000095,783,795,-12
123000096,968,400,568
123000097,665,641,24
123000098,1015,534,481
123000099,812,625,187
123000100,547,895,-348
123000101,598,673,-75
123000102,576,764,-188
123000104,569,510,59
123000105,715,578,137
123000106,496,516,-20
123000107,368,436,-68
123000108,595,1110,-515
123000111,1156,377,779
123000112,1714,523,1191
123000113,580,1014,-434
123000114,454,718,-264
123000115,421,289,132
123000116,56,116,-60
123000117,2192,1787,405
123000118,526,758,-232
123000119,347,709,-362
123000120,633,740,-107
123000121,487,513,-26
123000122,302,277,25
123000123,480,555,-75
123000124,391,418,-27
123000125,1329,1460,-131
123000126,1395,4800,-3405
123000127,742,596,146
123000128,274,301,-27
123000129,1006,267,739
123000130,939,132,807
123000131,1180,775,405
123000132,268,602,-334
123000133,227,405,-178
123000134,326,186,140
123000135,3083,1291,1792
123000136,223,564,-341
123000137,145,243,-98
123000138,96,416,-320
123000139,732,145,587
123000140,133,624,-491
123000141,994,213,781
123000142,1101,903,198
123000143,982,1470,-488
123000144,54,28,26
123000145,177,177,0
123000146,26,71,-45
123000147,78,103,-25
123000149,364,419,-55
123000150,165,273,-108
123000151,272,461,-189
123000152,157,427,-270
123000153,270,809,-539
123000154,1621,2340,-719
123000155,2293,1415,878
123000156,19,134,-115
123000157,693,796,-103
123000158,592,886,-294
123000159,3418,3075,343
123000160,1309,922,387
123000161,2275,1247,1028
123000162,1572,1925,-353
123000163,732,162,570
123000164,1973,386,1587
123000165,400,1240,-840
123000166,44,110,-66
123000167,164,271,-107
123000168,306,152,154
123000169,1021,166,855
123000170,123,125,-2
123000171,1062,16,1046
123000172,187,422,-235
123000173,721,319,402
123000174,1253,461,792
123000175,586,1079,-493
123000176,1693,349,1344
123000177,415,963,-548
123000178,857,196,661
123000179,52,554,-502
123000180,1895,354,1541
123000181,291,1206,-915
123000182,375,386,-11
123000183,217,582,-365
123000184,159,554,-395
123000185,1073,329,744
123000186,9,481,-472
123000187,770,12,758
123000188,262,0,262
123000189,220,153,67
123000190,82,86,-4
123000192,31,385,-354
123000193,75,800,-725
123000194,454,315,139
123000195,365,54,311
123000196,426,35,391
123000197,72,104,-32
123000198,31,541,-510
123000199,14,605,-591
123000200,728,11,717
123000201,1351,28,1323
123000202,37,818,-781
123000203,1265,81,1184
123000204,86,957,-871
123000205,462,1330,-868
123000206,2724,290,2434
123000207,125,725,-600
123000208,644,223,421
123000209,2459,740,1719
123000210,557,1639,-1082
123000211,604,2166,-1562
123000212,3816,688,3128
123000213,743,89,654
123000215,56,259,-203
123000216,174,574,-400
123000217,246,54,192
123000218,66,816,-750
123000219,817,85,732
123000220,631,159,472
123000221,205,101,104
123000222,586,435,151
123000223,527,302,225
123000224,421,316,105
123000225,386,67,319
123000226,90,448,-358
123000227,97,291,-194
123000228,386,64,322
123000229,876,1302,-426
123000232,186,542,-356
123000233,874,167,707
123000234,162,637,-475
123000235,1589,333,1256
123000236,326,736,-410
123000237,367,116,251
123000238,107,413,-306
123000239,517,1144,-627
123000240,77,549,-472
123000241,428,98,330
123000242,363,201,162
123000243,769,744,25
123000244,917,700,217
123000245,72,133,-61
123000249,281,552,-271
123000252,971,306,665
123000253,1673,604,1069
123000254,973,1034,-61
123000255,1537,1018,519
123000256,28,311,-283
123000257,2565,1803,762
123000258,1228,821,407
123000259,466,448,18
123000260,589,364,225
123000261,366,171,195
123000262,93,161,-68
123000263,494,118,376
123000264,222,113,109
123000265,36,140,-104
123000266,585,665,-80
123000267,944,444,500
123000268,51,56,-5
123000269,37,82,-45
123000270,37,60,-23
123000271,70,76,-6
123000272,688,255,433
123000273,283,722,-439
123000274,1187,733,454
123000275,405,748,-343
123000278,2759,2597,162
123000279,154,81,73
123000280,392,317,75
123000281,427,108,319
123000282,163,310,-147
123000283,156,58,98
123000284,64,87,-23
123000286,174,468,-294
123000287,493,292,201
123000288,1280,1164,116
123000289,378,1420,-1042
123000291,327,875,-548
123000294,156,192,-36
123000295,875,923,-48
123000296,695,462,233
123000297,855,425,430
123000298,791,381,410
123000299,96,162,-66
123000300,1183,904,279
123000301,178,295,-117
123000302,101,139,-38
123000303,232,202,30
123000305,942,853,89
123000306,225,147,78
123000309,39,48,-9
123000310,29,42,-13
123000311,0,102,-102
123000312,470,662,-192
123000313,736,329,407
123000315,258,278,-20
123000316,909,82,827
123000317,208,97,111
123000318,47,185,-138
123000329,10,17,-7
123000337,948,344,604
123000338,523,102,421
123000339,311,98,213
123000340,172,344,-172
123000342,17,31,-14
123000343,79,16,63
123000344,1110,448,662
123000345,438,725,-287
123000346,396,39,357
123000352,1357,954,403
123000353,40,73,-33
123000354,261,21,240
123000355,0,298,-298
123000356,492,10,482
123000357,2,152,-150
123000359,4,163,-159
123000360,264,79,185
123000361,199,363,-164
123000362,597,101,496
123000363,134,211,-77
123000364,695,641,54
123000365,31,422,-391
123000366,440,2228,-1788
123000367,383,1043,-660
123000370,19,313,-294
123000371,1217,57,1160
123000372,432,66,366
123000373,21,343,-322
123000374,23,209,-186
123000375,511,41,470
123000376,1032,574,458
123000377,702,15,687
123000378,17,269,-252
123000379,10,232,-222
123000380,40,474,-434
123000381,124,148,-24
123000382,954,159,795
123000383,193,1488,-1295
123000384,576,141,435
123000385,177,557,-380
123000436,41,1342,-1301
123000507,105,180,-75
123000508,188,1131,-943
123000517,223,27,196
123000518,56,244,-188
123000519,198,69,129
123000520,46,278,-232
123000521,387,120,267
123000522,154,343,-189
123000541,4,2,2
123000542,0,11,-11
123000565,1,1,0
123000566,1304,545,759
123000567,103,239,-136
123000573,75,576,-501
123000574,1041,82,959
123000575,1727,962,765
123000576,1302,1151,151
123000577,71,743,-672
123000578,499,98,401
123000579,1499,6796,-5297
123000580,33,25,8
123000582,548,28,520
123000583,35,341,-306
123000584,227,288,-61
123000585,0,111,-111
123000586,110,0,110
123000596,75,80,-5
123000597,102,122,-20
123000602,77,21,56
123000603,999,547,452
123000604,518,584,-66
123000605,733,109,624
123000606,1,402,-401
123000609,17,292,-275
123000610,161,135,26
123000613,35,206,-171
123000614,261,94,167
123000615,30,117,-87
123000616,1011,71,940
123000617,154,300,-146
123000618,71,803,-732
123000619,624,60,564
123000620,29,511,-482
123000622,560,26,534
123000624,177,53,124
123000630,1326,496,830
123000631,306,748,-442
123000632,641,662,-21
123000633,1,156,-155
123000634,72,196,-124
123000635,89,106,-17
123000636,38,629,-591
123000637,235,37,198
123000638,557,41,516
123000639,934,5051,-4117
123000640,29,458,-429
123900001,1192,53,1139
123900002,45,1294,-1249
123900003,270,343,-73
123900005,243,195,48
123900006,305,53,252
124000001,2132,200,1932
124000002,93,1453,-1360
124000003,1126,172,954
124000004,100,465,-365
124000005,1478,624,854
124000006,244,968,-724
124000007,489,115,374
124000008,11,499,-488
124000009,732,306,426
124000010,224,348,-124
124000011,1153,378,775
124000012,330,378,-48
124000017,229,184,45
124000018,148,102,46
124000019,207,171,36
124000020,39,154,-115
124000021,157,133,24
124000022,80,228,-148
124000023,1476,1579,-103
124000024,1059,400,659
124000025,1141,1944,-803
124000026,823,898,-75
124000027,4612,5288,-676
124000028,1695,3687,-1992
124000030,2168,1233,935
124000031,1452,4276,-2824
124000032,1801,802,999
124000033,51,238,-187
124000034,846,590,256
124000035,31,279,-248
124000036,48,166,-118
124000037,737,1214,-477
124000038,95,139,-44
124000039,1162,557,605
124000040,627,1332,-705
124000041,748,100,648
124000042,192,417,-225
124000043,157,109,48
124000044,82,194,-112
124000045,1030,653,377
124000046,350,695,-345
124000047,2305,943,1362
124000048,1157,1137,20
124000049,2263,668,1595
124000050,966,1397,-431
124000051,1271,552,719
124000052,691,721,-30
124000053,608,1874,-1266
124000054,985,450,535
124000055,1498,3290,-1792
124000056,1977,1162,815
124000057,1224,615,609
124000058,480,1088,-608
124000059,906,1510,-604
124000060,1080,611,469
124000061,1472,6213,-4741
124000062,3019,1563,1456
124000063,1069,1403,-334
124000064,1869,1181,688
124000065,8,428,-420
124000066,140,354,-214
124000067,246,193,53
124000068,9,15,-6
124000069,166,19,147
124000070,70,125,-55
124000071,713,133,580
124000072,361,469,-108
124000073,1233,175,1058
124000074,229,742,-513
124000075,524,56,468
124000076,30,185,-155
124000077,1436,939,497
124000078,3149,1312,1837
124000079,383,1383,-1000
124000080,862,243,619
124000081,365,509,-144
124000082,61,233,-172
124000083,86,89,-3
124000084,72,493,-421
124000085,156,28,128
124000086,69,91,-22
124000087,188,99,89
124000088,376,463,-87
124000089,977,337,640
124000090,111,262,-151
124000091,423,119,304
124000092,110,413,-303
124000093,194,116,78
124000094,403,556,-153
124000095,102,104,-2
124000096,213,243,-30
124000097,136,129,7
124000098,77,80,-3
124000099,270,193,77
124000100,91,92,-1
124000101,102,174,-72
124000102,124,57,67
124000103,129,147,-18
124000104,113,46,67
124000105,138,104,34
124000106,123,50,73
124000107,14,218,-204
124000108,71,17,54
124000109,186,124,62
124000110,144,99,45
124000111,194,146,48
124000112,797,517,280
124000113,137,101,36
124000114,356,313,43
124000115,384,575,-191
124000116,127,168,-41
124000117,62,85,-23
124000118,47,144,-97
124000119,1098,530,568
124000120,764,532,232
124000121,1447,804,643
124000122,631,1328,-697
124000123,1184,551,633
124000124,468,1042,-574
124000125,526,716,-190
124000126,350,626,-276
124000127,1176,410,766
124000128,646,874,-228
124000129,2366,1529,837
124000130,939,559,380
124000131,903,647,256
124000132,994,725,269
124000133,986,1027,-41
124000134,1546,598,948
124000135,1733,2016,-283
124000136,896,918,-22
124000137,1389,891,498
124000138,1541,1300,241
124000139,760,44,716
124000140,41,516,-475
124000141,152,9,143
124000142,9,177,-168
124000143,61,14,47
124000144,17,70,-53
124000145,226,43,183
124000146,82,94,-12
124000148,72,116,-44
124000149,1411,508,903
124000150,395,666,-271
124000151,1141,495,646
124000152,913,1226,-313
124000153,1443,877,566
124000154,823,679,144
124000155,1706,1092,614
124000156,1509,1199,310
124000169,228,529,-301
124000170,608,430,178
124000171,413,336,77
124000172,479,505,-26
124000173,588,229,359
124000174,391,560,-169
124000175,20,100,-80
124000176,109,37,72
124000177,17,34,-17
124000178,153,85,68
124000190,66,76,-10
124000191,104,126,-22
124000192,1665,434,1231
124000193,501,888,-387
124000194,409,384,25
124000195,396,624,-228
124000196,933,798,135
124000197,45,54,-9
124000198,59,98,-39
124000201,500,743,-243
124000202,765,380,385
124000203,678,420,258
124000204,1026,249,777
124000205,91,326,-235
124000206,1043,301,742
124000207,2,48,-46
124000209,206,344,-138
124000210,616,207,409
124000211,861,4,857
124000212,2,320,-318
124000213,648,244,404
124000214,493,382,111
124000215,524,33,491
124000216,5,314,-309
124000329,196,1154,-958
124000338,176,603,-427
124000339,1311,181,1130
124000341,1754,143,1611
124000344,51,22,29
124000357,1311,2458,-1147
124000358,912,1495,-583
124000359,1514,636,878
124000360,1064,466,598
124000361,1909,955,954
124000362,994,1111,-117
124000363,317,313,4
124000364,471,877,-406
124000365,524,782,-258
124000366,1048,780,268
124000367,86,460,-374
124000368,513,450,63
124000369,163,97,66
124000370,76,395,-319
124000402,34,24,10
124000403,155,29,126
124000404,13,91,-78
124000405,1568,1035,533
124000406,832,888,-56
124000407,5,25,-20
124000411,5,265,-260
124000412,595,17,578
124000413,151,47,104
124000414,82,143,-61
124000415,81,80,1
124000416,134,150,-16
124000417,184,128,56
124000418,260,104,156
124000419,132,84,48
124000420,157,67,90
124000421,50,124,-74
124000422,14,30,-16
124000423,153,47,106
124000424,2,62,-60
124000425,45,26,19
124000426,11,33,-22
124000427,73,9,64
124000428,8,68,-60
124000429,104,45,59
124000430,877,485,392
124000431,284,524,-240
124000432,382,614,-232
124000439,4,6,-2
124000442,9,78,-69
124000443,0,7,-7
124000445,124,871,-747
124000446,556,129,427
124900001,673,459,214
124900002,241,255,-14
124900003,1398,701,697
124900004,807,338,469
124900005,318,126,192
124900006,837,406,431
124900008,1265,700,565
124900009,222,436,-214
124900010,252,166,86
124900011,873,380,493
124900012,545,126,419
124900013,743,153,590
124900014,434,76,358
124900015,211,480,-269
124900016,112,141,-29
124900017,609,1983,-1374
124900018,88,14,74
124900020,132,91,41
124900021,437,76,361
124900022,60,18,42
124900024,390,45,345
124900026,149,57,92
124900027,157,558,-401
124900028,545,102,443
124900029,36,596,-560
124900030,5,111,-106
124900031,75,284,-209
124900032,193,283,-90
124900033,160,340,-180
124900034,17,128,-111
124900035,243,456,-213
124900036,0,55,-55
124900037,264,270,-6
124900038,282,203,79
124900039,0,74,-74
124900040,147,126,21
124900041,318,701,-383
124900042,203,4,199
124900043,563,840,-277
124900044,122,10,112
124900045,786,1127,-341
124900046,949,326,623
124900047,182,212,-30
124900048,214,92,122
124900050,183,228,-45
124900052,106,459,-353
124900053,225,268,-43
124900054,1161,594,567
124900055,3,146,-143
124900057,4,54,-50
124900060,81,172,-91
124900061,112,25,87
124900062,218,28,190
124900066,0,10,-10
124900067,4,119,-115
124900068,223,781,-558
124900070,102,44,58
124900072,153,29,124
124900074,570,222,348
124900075,285,228,57
124900076,32,1396,-1364
124900077,38,149,-111
124900078,112,15,97
124900079,440,290,150
124900080,306,472,-166
124900081,1220,303,917
124900082,374,590,-216
124900083,352,396,-44
124900084,1344,173,1171
124900085,785,650,135
124900086,137,1845,-1708
124900087,548,125,423
124900088,478,92,386
124900089,1135,36,1099
124900090,548,327,221
124900091,374,290,84
124900092,276,183,93
124900093,430,230,200
124900094,592,316,276
124900095,145,607,-462
124900096,607,315,292
124900097,406,103,303
124900098,146,277,-131
124900099,561,474,87
124900100,468,115,353
124900101,174,574,-400
124900102,289,56,233
124900103,162,180,-18
124900104,75,151,-76
124900105,86,106,-20
124900106,560,66,494
124900107,185,22,163
124900108,174,125,49
124900109,81,84,-3
124900110,351,327,24
124900111,1,73,-72
124900112,72,483,-411
124900113,168,303,-135
124900114,178,155,23
124900115,129,66,63
124900116,330,243,87
124900117,304,202,102
124900118,232,378,-146
124900119,468,191,277
124900120,46,304,-258
124900121,157,539,-382
124900122,281,230,51
124900123,315,144,171
124900124,203,289,-86
129000186,134,52,82
204000001,23,5,18
204000002,6,3,3
204000003,29,3,26
204000004,5,0,5
204000005,558,376,182
204000006,1282,1034,248
204000011,20,43,-23
204000012,52,60,-8
204000013,3,28,-25
204000019,723,427,296
204000020,748,453,295
204000021,1037,783,254
204000022,626,448,178
204000023,608,565,43
204000031,51,17,34
204000032,395,33,362
204000034,30,188,-158
204000035,1,1,0
204000036,10,24,-14
204000037,2,10,-8
204000038,3,12,-9
204000039,54,22,32
204000040,6,11,-5
204000041,9,19,-10
204000042,54,9,45
204000043,42,1,41
204000044,42,3,39
204000045,75,4,71
204000046,15,3,12
204000057,5,13,-8
204000062,11,14,-3
204000068,20,214,-194
204000069,87,308,-221
204000070,88,97,-9
204000080,63,56,7
204000085,1974,1260,714
204000086,1913,1339,574
204000087,40,12,28
204000088,8,85,-77
204000090,24,261,-237
204000093,521,68,453
204000096,972,957,15
204000097,577,13,564
204000099,1107,1408,-301
204000100,1510,1828,-318
204000105,1973,1127,846
204000110,523,875,-352
204000111,459,583,-124
204000112,830,480,350
204000113,755,686,69
204000114,1396,745,651
204000115,617,360,257
204000116,477,449,28
204000119,2035,2637,-602
204000132,858,347,511
204000133,954,212,742
204000134,241,112,129
204000135,637,97,540
204000136,641,177,464
204000138,423,527,-104
204000140,283,168,115
204000141,184,67,117
204000144,5,21,-16
204000145,629,53,576
204000146,29,366,-337
204000147,13,142,-129
204000148,517,18,499
204000154,10,6,4
204000155,5,4,1
204000177,75,58,17
204000179,22,10,12
204000180,0,31,-31
204000222,6,37,-31
204000235,34,23,11
204000236,104,163,-59
204000238,31,30,1
204000240,465,100,365
204000263,519,694,-175
204000268,996,630,366
204000308,186,16,170
204000317,17,115,-98
204000322,5,62,-57
204000323,15,9,6
204000328,335,42,293
204000329,68,158,-90
204000330,228,17,211
204000331,39,107,-68
204010341,11,179,-168
205000001,759,1390,-631
205000013,7,84,-77
205000014,33,103,-70
205000015,51,175,-124
205000016,33,164,-131
205000017,42,78,-36
205000022,241,652,-411
205000025,940,990,-50
205000029,265,9,256
205000045,132,423,-291
205000046,140,352,-212
205000047,49,315,-266
205000048,316,579,-263
205000049,188,564,-376
205000050,312,266,46
205000059,0,181,-181
205000060,0,83,-83
205000061,3,164,-161
205000062,2,130,-128
205000063,34,149,-115
205000064,24,95,-71
205000065,96,486,-390
205000066,144,489,-345
205000067,35,583,-548
205000069,166,17,149
205000082,188,182,6
205000110,63,218,-155
205000111,201,193,8
205000112,188,244,-56
205000113,155,392,-237
205000121,291,63,228
205000123,40,250,-210
205000126,484,71,413
205000127,741,106,635
205000128,364,68,296
205000129,616,69,547
205000130,124,32,92
205000131,101,4,97
205000132,121,3,118
205000133,109,2,107
205000134,231,1,230
205000137,80,132,-52
205000138,209,364,-155
205000139,29,119,-90
205000144,104,76,28
205000145,529,186,343
205000151,145,26,119
205000152,332,14,318
205000153,289,31,258
205000154,170,24,146
205000155,111,17,94
205000207,4,145,-141
205000233,53,46,7
205000234,0,0,0
205000243,0,1,-1
205000244,0,3,-3
205000245,10,138,-128
205000249,0,20,-20
205000250,5,1,4
205000264,9,99,-90
206000027,11,7,4
206000028,6,5,1
206000043,16,51,-35
206000053,2,4,-2
206000054,5,14,-9
206000055,4,17,-13
206000075,16,29,-13
206000076,28,18,10
206000077,35,3,32
206000078,16,15,1
206000079,19,7,12
206000082,452,81,371
206000100,20,385,-365
206000103,5,11,-6
206000104,15,21,-6
206000105,10,15,-5
206000106,3,29,-26
206000108,692,59,633
206000125,110,0,110
206000157,33,459,-426
206000170,0,126,-126
206000171,7,174,-167
206000172,21,228,-207
206000173,1,134,-133
206000174,18,62,-44
206000175,2,75,-73
206000176,19,101,-82
206000177,0,89,-89
206000178,3,134,-131
206000179,3,74,-71
206000180,14,130,-116
206000181,20,82,-62
206000182,9,98,-89
206000183,19,258,-239
206000184,13,204,-191
206000185,1,70,-69
206000186,119,499,-380
206000223,8,153,-145
206000226,30,1,29
206000227,26,4,22
206000237,30,208,-178
206000238,28,306,-278
206000239,241,1262,-1021
206000240,2,68,-66
206000241,0,72,-72
206000242,5,120,-115
206000243,8,114,-106
206000244,52,276,-224
206000245,1190,74,1116
206000246,299,9,290
206000247,407,2,405
206000248,541,11,530
206000252,60,44,16
206000258,29,32,-3
206000315,31,5,26
206000317,658,86,572
206000318,696,72,624
206000319,2144,97,2047
206000320,318,43,275
206000321,300,10,290
206000322,881,34,847
206000323,243,10,233
206000324,312,8,304
206000325,234,13,221
206000326,269,11,258
206000327,136,6,130
206000328,256,2,254
206000329,373,6,367
206000330,78,14,64
206000331,264,2,262
206000332,66,3,63
206000333,900,10,890
206000334,392,3,389
206000335,0,20,-20
206000361,10,175,-165
206000392,3,12,-9
206000405,203,0,203
206000441,60,19,41
206000498,41,1,40
206000515,96,28,68
206000530,359,71,288
206000531,255,269,-14
206000532,1591,417,1174
206000535,192,1332,-1140
206000536,17,113,-96
206000537,19,124,-105
206000613,1734,268,1466
207000001,143,514,-371
207000002,108,268,-160
207000003,163,118,45
207000007,1287,253,1034
207000008,179,9,170
207000009,73,51,22
207000010,366,230,136
207000012,469,257,212
207000015,224,700,-476
207000019,239,59,180
207000021,596,201,395
207000022,218,126,92
207000023,258,34,224
207000024,7,12,-5
207000025,28,57,-29
207000026,98,39,59
207000027,30,52,-22
207000028,51,140,-89
207000029,225,329,-104
207000033,170,435,-265
207000034,310,111,199
207000039,579,114,465
207000040,501,64,437
207000041,212,54,158
207000042,330,67,263
207000043,310,167,143
207000051,156,177,-21
207000052,79,126,-47
207000053,355,415,-60
207000054,55,78,-23
207000055,153,102,51
207000056,315,216,99
207000057,118,242,-124
207000058,169,228,-59
207000059,72,311,-239
207000060,42,178,-136
207000061,222,614,-392
207000062,325,27,298
207000063,385,63,322
207000064,357,87,270
207000065,463,199,264
207000066,272,147,125
207000067,51,80,-29
207000068,181,56,125
207000069,736,344,392
207000082,6,147,-141
207000083,57,173,-116
207000084,359,232,127
207000085,294,29,265
207000086,285,3,282
207000106,36,29,7
207000107,87,24,63
207000108,88,21,67
207000109,63,15,48
207000110,90,87,3
207000111,103,94,9
207000112,160,713,-553
207000114,20,31,-11
207000115,35,58,-23
207000116,33,418,-385
207000117,13,84,-71
207000118,1,64,-63
207000119,24,61,-37
207000123,208,24,184
207000124,101,40,61
207000125,86,58,28
207000126,76,52,24
207000134,109,109,0
207000135,27,123,-96
207000148,112,343,-231
207000149,75,39,36
207000152,89,321,-232
207000153,688,1139,-451
207000154,324,144,180
207000159,133,101,32
207000160,138,268,-130
207000238,0,165,-165
207000242,7,140,-133
207000248,32,22,10
207000249,114,33,81
207000250,637,75,562
207000251,77,79,-2
207000252,71,70,1
207000278,140,84,56
207000279,20,106,-86
207000280,790,53,737
207000281,103,506,-403
207000282,147,171,-24
207000283,60,197,-137
207000284,32,341,-309
207000285,100,65,35
207000291,30,89,-59
207000304,111,43,68
207000306,108,300,-192
207000310,131,102,29
207000353,241,4,237
207000356,11,57,-46
207000357,7,14,-7
207000358,10,51,-41
207000415,4,159,-155
207000417,36,5,31
207000418,70,99,-29
207000438,0,1,-1
207000439,726,862,-136
207000446,208,8,200
207000460,51,8,43
207000466,140,102,38
207000467,366,93,273
207000468,51,181,-130
207000476,14,55,-41
207000477,844,89,755
207000478,5,128,-123
207000523,0,11,-11
207000524,68,0,68
207000527,123,131,-8
207000530,602,14,588
207000531,408,27,381
207000532,139,37,102
207000534,314,48,266
207000535,43,329,-286
207000537,17,81,-64
207000540,8,145,-137
207000541,1,248,-247
207000548,16,205,-189
207000549,432,23,409
207000561,170,219,-49
207000562,27,171,-144
207000567,143,186,-43
207000568,285,67,218
207000569,547,554,-7
207000584,268,196,72
207000585,66,406,-340
207000616,0,64,-64
207000617,253,1,252
207900008,337,77,260
208000001,664,990,-326
208000002,760,421,339
208000003,1112,379,733
208000004,1060,563,497
208000005,2,17,-15
208000019,635,914,-279
208000020,232,454,-222
208000021,255,241,14
208000022,958,449,509
208000028,946,1244,-298
208000033,640,565,75
208000034,1082,1198,-116
208000040,257,169,88
208000041,830,638,192
208000042,964,729,235
208000047,137,167,-30
208000064,2171,1398,773
208000066,1756,2528,-772
208000070,357,327,30
208000071,429,708,-279
208000072,459,1010,-551
208000080,311,322,-11
208000081,327,115,212
208000082,431,210,221
208000083,167,287,-120
208000084,4,16,-12
208000085,682,476,206
208000086,457,780,-323
208000087,548,633,-85
208000089,1053,306,747
208000090,1064,452,612
208000093,171,204,-33
208000094,501,375,126
208000095,919,461,458
208000104,1186,811,375
208000105,966,936,30
208000114,143,373,-230
208000115,567,381,186
208000116,668,1036,-368
208000117,181,135,46
208000118,111,147,-36
208000155,741,864,-123
208000158,1424,3548,-2124
208000186,3195,3986,-791
208000204,803,927,-124
208000205,1309,787,522
208000282,4440,3004,1436
209000004,564,198,366
209000005,55,56,-1
209000006,475,155,320
209000007,302,286,16
209000010,364,105,259
209000011,177,206,-29
209000012,343,113,230
209000013,258,218,40
209000014,435,714,-279
209000025,375,40,335
209000026,846,120,726
209000027,282,529,-247
209000028,479,483,-4
209000029,401,548,-147
209000030,368,958,-590
209000031,1834,1472,362
209000034,237,236,1
209000035,154,188,-34
209000036,203,68,135
209000037,297,135,162
209000038,154,89,65
209000039,154,115,39
209000040,355,483,-128
209000041,171,394,-223
209000042,326,356,-30
209000043,818,776,42
209000044,306,744,-438
209000045,1188,482,706
209000046,509,613,-104
209000047,376,217,159
209000048,646,393,253
209000049,68,42,26
209000050,140,98,42
209000051,219,156,63
209000052,149,166,-17
209000062,67,71,-4
209000063,60,66,-6
209000064,55,91,-36
209000065,82,33,49
209000066,113,31,82
209000067,104,37,67
209000080,16,146,-130
209000082,106,30,76
209000091,33,92,-59
209000093,59,32,27
209000094,134,178,-44
209000110,63,152,-89
209000111,650,1728,-1078
209000112,1446,526,920
209000113,1934,466,1468
209000114,897,390,507
209000115,55,62,-7
209000116,380,295,85
209000118,15,41,-26
209000119,24,16,8
209000121,98,368,-270
209000135,123,271,-148
209000142,692,2012,-1320
209000143,63,59,4
209000144,58,113,-55
209000229,272,227,45
209000240,33,214,-181
209000259,44,62,-18
209000260,65,1026,-961
209000261,3,895,-892
209000262,8,551,-543
209000263,1,198,-197
209000264,2,281,-279
209000265,623,7,616
209000266,274,1,273
209000267,1689,8,1681
209000268,604,93,511
210000037,83,44,39
210000047,121,21,100
210000048,139,27,112
210000049,109,11,98
210000052,69,60,9
210000053,33,34,-1
210000054,37,69,-32
210000070,196,5,191
210000071,141,0,141
210000072,65,2,63
210000073,0,19,-19
210000074,1,84,-83
210000075,4,89,-85
210000076,15,125,-110
210000077,13,49,-36
210000078,10,42,-32
210000079,28,11,17
210000080,84,72,12
210000081,175,22,153
210000082,97,1,96
210000083,81,3,78
210000084,75,0,75
210000085,0,75,-75
210000086,5,97,-92
210000099,63,178,-115
210000100,48,139,-91
210000101,68,132,-64
210000105,61,213,-152
210000159,1,183,-182
210000163,122,196,-74
210000164,250,218,32
210000168,98,45,53
210000187,0,25,-25
210000188,0,24,-24
210000214,17,0,17
210000219,70,48,22
210000220,130,43,87
210000232,4,28,-24
210000233,35,48,-13
210000234,45,70,-25
210000235,86,55,31
210000245,2,58,-56
210000246,52,31,21
210000258,16,139,-123
210000259,532,80,452
210000282,110,192,-82
210000285,1,127,-126
210000286,29,178,-149
210000290,3,12,-9
210000295,47,98,-51
210000296,43,26,17
210000320,219,62,157
210000321,128,45,83
210000338,38,54,-16
210000339,265,1153,-888
210000340,132,388,-256
210000341,255,241,14
210000342,256,182,74
210000343,275,163,112
210000344,131,94,37
210000345,138,224,-86
210000346,59,127,-68
210000347,51,45,6
210000348,81,36,45
210000349,62,30,32
210000350,155,52,103
210000351,169,101,68
210000352,77,48,29
210000353,50,65,-15
210000354,99,53,46
210000355,50,52,-2
210000356,23,65,-42
210000357,49,67,-18
210000358,226,139,87
210000359,57,65,-8
210000360,154,120,34
210000361,216,150,66
210000362,277,186,91
210000363,611,276,335
210000364,89,202,-113
210000365,121,72,49
210000366,146,56,90
210000367,100,36,64
210000368,146,52,94
210000369,21,20,1
210000370,46,38,8
210000372,42,33,9
210000373,22,22,0
210000374,68,17,51
210000375,57,51,6
210000376,74,81,-7
210000404,103,110,-7
210000439,47,33,14
210000472,87,2,85
210000482,58,104,-46
210000564,233,378,-145
210000567,1,21,-20
210000568,267,2,265
211000092,55,39,16
211000094,40,4,36
211000169,222,33,189
211000172,12,119,-107
211000209,1,24,-23
211000226,14,11,3
211000270,25,9,16
211000275,22,5,17
211000276,112,26,86
211000279,30,20,10
211000281,138,32,106
211507980,6,31,-25
211977296,42,9,33
212000003,128,37,91
212000004,22,35,-13
212000005,14,19,-5
212000006,31,42,-11
212000008,174,82,92
212000009,36,52,-16
212000012,75,83,-8
212000013,31,41,-10
212000014,321,161,160
212000015,317,183,134
212000016,528,463,65
212000027,588,345,243
212000028,384,316,68
212000029,225,204,21
212000030,47,26,21
212000031,93,39,54
212000048,29,161,-132
212000049,13,149,-136
212000050,24,9,15
212000051,225,147,78
212000052,174,204,-30
212000053,362,329,33
212000054,351,89,262
212000055,285,162,123
212000056,40,28,12
212000057,12,23,-11
212000058,162,37,125
212000070,119,183,-64
212000077,135,326,-191
212000099,279,223,56
212000108,203,139,64
212000111,202,89,113
212000120,92,46,46
212000138,166,37,129
212000156,2,84,-82
212000158,15,16,-1
212000159,543,36,507
212000160,756,217,539
212000161,79,12,67
212000310,40,17,23
212000311,17,49,-32
212000374,50,11,39
213000001,40,383,-343
213000005,603,147,456
213000006,1234,298,936
213000007,116,12,104
213000009,632,493,139
213000010,266,304,-38
213000011,226,139,87
213000012,155,232,-77
213000014,103,24,79
213000015,354,4,350
213000016,647,3,644
213000017,68,0,68
213000018,2,116,-114
213000019,7,125,-118
213000020,134,323,-189
213000021,5,127,-122
213000023,485,220,265
213000033,410,1609,-1199
213000034,784,271,513
213000035,138,169,-31
213000045,191,252,-61
213000046,213,141,72
213000047,575,1292,-717
213000056,136,22,114
213000069,73,3,70
213000073,1,58,-57
213000074,74,373,-299
213000075,642,8,634
213000076,43,6,37
213000085,12,40,-28
213000086,23,128,-105
213000091,292,19,273
213000092,119,10,109
213000099,161,1187,-1026
213000100,1140,241,899
213000101,572,137,435
213000102,719,253,466
213000103,1078,751,327
213000104,54,419,-365
213000105,4,187,-183
213000106,35,100,-65
213000107,150,373,-223
213000108,37,330,-293
213000109,13,146,-133
213000110,52,70,-18
213000111,12,83,-71
213000112,124,149,-25
213000115,80,13,67
213000116,62,370,-308
213000117,12,552,-540
213000118,566,251,315
213000119,51,538,-487
213000120,104,378,-274
213000122,98,448,-350
213000123,343,1029,-686
213000124,133,1256,-1123
213000125,206,33,173
213000126,92,159,-67
213000127,138,292,-154
213000128,393,1148,-755
213000129,393,821,-428
213000130,869,365,504
213000132,550,119,431
213000133,690,112,578
213000134,1055,18,1037
213000136,624,23,601
213000137,825,108,717
213000139,170,27,143
213000147,69,6,63
213000148,29,13,16
213000149,78,9,69
213000150,0,135,-135
213000151,3,120,-117
213000152,3,117,-114
213000153,3,117,-114
213000154,51,452,-401
213000155,121,237,-116
213000156,180,308,-128
213000157,721,303,418
213000158,496,961,-465
213000159,822,465,357
213000163,1301,130,1171
213000165,1153,316,837
213000171,1,55,-54
213000172,5,163,-158
213000173,3,163,-160
213000174,5,94,-89
213000175,24,56,-32
213000176,83,29,54
213000177,117,6,111
213000178,212,9,203
213000179,285,2,283
213000180,255,0,255
213000184,129,419,-290
213000188,423,131,292
213000189,541,58,483
213000190,1033,709,324
213000191,541,318,223
213000192,320,258,62
213000193,685,307,378
213000194,0,70,-70
213000195,24,336,-312
213000196,303,1176,-873
213000197,472,428,44
213000198,45,2,43
213000200,133,682,-549
213000201,54,68,-14
213000202,18,467,-449
213000203,2799,647,2152
213000204,802,52,750
213000205,455,72,383
213000206,447,50,397
213000207,103,27,76
213000208,82,4,78
213000209,147,19,128
213000210,317,7,310
213000211,14,33,-19
213000212,4,33,-29
213000213,24,64,-40
213000218,261,342,-81
213000219,599,11,588
213000220,581,22,559
213000223,210,192,18
213000224,27,58,-31
213000225,147,11,136
213000226,66,5,61
213000227,997,168,829
213000228,517,81,436
213000229,122,18,104
213000230,429,19,410
213000232,46,884,-838
213000233,6,847,-841
213000234,6,82,-76
213000293,16,94,-78
213000294,111,18,93
213000295,21,110,-89
213000296,70,25,45
213000297,17,74,-57
213000298,27,73,-46
213000299,76,39,37
213000300,14,18,-4
213000303,4,32,-28
213000304,2,5,-3
213000305,2,15,-13
213000306,68,20,48
213000307,117,58,59
213000308,125,174,-49
213000309,204,60,144
213000310,510,218,292
213000311,196,869,-673
213000315,101,68,33
213000316,216,44,172
213000322,113,105,8
213000323,158,52,106
213000324,83,35,48
213000325,80,78,2
213000326,67,47,20
213000327,104,41,63
213000328,42,154,-112
213000329,157,36,121
213000340,128,393,-265
213000341,757,141,616
213000346,256,405,-149
213000347,679,724,-45
213000348,8,154,-146
213000349,18,15,3
213000350,313,789,-476
213000366,84,237,-153
213000367,296,37,259
213000379,92,55,37
213000386,23,329,-306
213000406,121,449,-328
213000417,1541,466,1075
213000425,271,37,234
213000426,172,66,106
213000427,75,177,-102
213000428,73,143,-70
213000429,9,1,8
213000430,134,492,-358
213000431,32,2,30
213000432,7,43,-36
213000433,28,130,-102
213000434,134,119,15
213000435,122,82,40
213000436,56,101,-45
213000437,5,8,-3
213000438,194,72,122
213000439,67,14,53
213000440,11,266,-255
213000441,6,3,3
213000442,4,36,-32
213000443,437,324,113
213000444,49,30,19
213000445,1,82,-81
213000446,2,50,-48
213000447,2,56,-54
213000448,6,179,-173
213000449,576,10,566
213000450,23,39,-16
213000451,357,89,268
213000452,16,15,1
213000453,34,258,-224
213000455,455,103,352
213000456,2,510,-508
213000481,3,15,-12
213000484,38,3,35
213000489,312,66,246
213000491,2,150,-148
213000492,218,22,196
213000493,0,131,-131
213000494,382,147,235
213000495,2,62,-60
213000496,578,171,407
213000497,43,231,-188
213000498,165,178,-13
213000499,270,400,-130
213000500,704,67,637
213000501,164,73,91
213000502,227,214,13
213000503,1,59,-58
213000504,15,68,-53
213000505,10,4,6
213000506,0,4,-4
213000507,5,94,-89
213900016,0,10,-10
213900244,56,0,56
213900245,0,27,-27
218000003,20,21,-1
218000004,32,46,-14
218000005,65,53,12
218000006,48,38,10
218000007,19,9,10
218000012,138,142,-4
218000013,156,120,36
218000014,415,357,58
218000019,713,565,148
218000020,368,405,-37
218000021,38,43,-5
218000022,16,12,4
218000023,4,14,-10
218000024,1,3,-2
218000025,13,13,0
218000026,12,20,-8
218000027,4,5,-1
218000028,3,6,-3
218000029,9,6,3
218000030,17,24,-7
218000031,2,20,-18
218000032,1,13,-12
218000040,9,3,6
218000046,32,76,-44
218000047,14,115,-101
218000048,58,85,-27
218000049,89,113,-24
218000050,401,228,173
218000051,112,198,-86
218000052,0,86,-86
218000053,3,10,-7
218000054,5,62,-57
218000055,9,24,-15
218000056,17,39,-22
218000057,7,31,-24
218000064,3,14,-11
218000065,119,38,81
218000066,12,38,-26
218000067,75,63,12
218000068,166,123,43
218000069,292,111,181
218000070,265,181,84
218000071,230,133,97
218000072,241,166,75
218000078,932,507,425
218000079,160,85,75
218000080,190,55,135
218000081,586,202,384
218000082,72,113,-41
218000083,67,59,8
218000084,224,98,126
218000085,180,262,-82
218000086,118,116,2
218000087,178,105,73
218000090,24,98,-74
218000091,912,397,515
218000092,108,112,-4
218000093,101,32,69
218000094,397,330,67
218000099,363,660,-297
218000100,330,287,43
218000101,348,122,226
218000102,519,149,370
218000103,158,99,59
218000104,102,33,69
218000105,20,10,10
218000106,15,7,8
218000107,50,49,1
218000108,8,38,-30
218000112,55,49,6
218000117,63,43,20
218000134,568,445,123
218000135,24,75,-51
218000136,185,129,56
218000137,205,108,97
218000138,49,94,-45
218000139,219,292,-73
218000140,518,216,302
218000141,87,79,8
218000142,248,153,95
218000143,86,307,-221
218000144,38,122,-84
218000145,440,288,152
218000146,96,214,-118
218000151,15,21,-6
218000152,132,41,91
218000153,7,2,5
218000154,11,3,8
218000155,18,1,17
218000156,90,16,74
218000157,45,14,31
218000158,23,1,22
218000159,2,12,-10
218000160,10,11,-1
218000161,50,2,48
218000162,38,5,33
218000163,16,1,15
218000164,49,3,46
218000165,54,14,40
218000170,1,34,-33
218000171,42,9,33
218000172,11,14,-3
218000173,16,20,-4
218000174,17,12,5
218000176,284,37,247
218000177,423,194,229
218000178,87,189,-102
218000179,105,68,37
218000180,108,40,68
218000181,164,34,130
218000187,12,28,-16
218000188,22,50,-28
218000189,29,53,-24
218000190,13,17,-4
218000191,165,65,100
218000192,226,162,64
218000193,474,207,267
218000194,109,176,-67
218000195,153,53,100
218000196,434,226,208
218000197,570,244,326
218000198,32,90,-58
218000199,61,28,33
218000200,88,24,64
218000201,29,10,19
218000202,99,280,-181
218000207,2,9,-7
218000208,12,8,4
218000211,36,23,13
218000212,0,12,-12
218000213,92,112,-20
218000214,4,14,-10
218000215,50,70,-20
218000217,4,55,-51
218000218,148,71,77
218000219,25,27,-2
218000220,51,382,-331
218000221,477,157,320
218000222,2,29,-27
218000223,58,447,-389
218000224,13,159,-146
218000225,224,20,204
218000226,210,73,137
218000230,0,5,-5
218000232,24,31,-7
218000239,97,20,77
218000240,14,2,12
218000241,33,1,32
218000242,36,3,33
218000243,50,6,44
218000244,38,2,36
218000245,39,2,37
218000246,0,0,0
218000247,0,0,0
218000248,13,38,-25
218000249,3,8,-5
218000250,4,28,-24
218000251,2,54,-52
218000252,1,85,-84
218000253,6,71,-65
218000254,0,65,-65
218000255,1,35,-34
218000256,7,86,-79
218000267,311,693,-382
218000268,7,47,-40
218000269,1,14,-13
218000270,30,22,8
218000271,10,23,-13
218000273,21,7,14
218000274,14,3,11
218000275,39,53,-14
218000276,13,23,-10
218000278,17,36,-19
218000279,41,16,25
218000280,4,8,-4
218000281,14,7,7
218000282,367,544,-177
218000284,78,6,72
218000301,127,96,31
218000302,139,54,85
218000303,23,40,-17
218000316,748,867,-119
218000317,1454,764,690
218000318,859,525,334
218000319,1113,719,394
218000320,908,493,415
218000338,21,23,-2
218000345,109,41,68
218000346,36,161,-125
218000459,36,240,-204
218000490,19,55,-36
218000501,151,54,97
218000502,48,63,-15
218000503,105,22,83
218000504,156,32,124
218000505,50,117,-67
218000506,40,200,-160
218000508,8,8,0
218000510,152,20,132
218000520,142,91,51
218000521,2,33,-31
218000522,1,87,-86
218000523,118,0,118
218000524,15,313,-298
218000525,91,28,63
218000526,31,191,-160
218000529,20,92,-72
218000530,22,2,20
218000531,13,38,-25
218000532,24,19,5
218000534,185,21,164
218000537,18,59,-41
218000538,131,230,-99
218000540,183,97,86
218000543,219,61,158
218000544,37,73,-36
218000545,93,95,-2
218000546,53,61,-8
218000547,106,181,-75
218000548,153,66,87
218000549,537,540,-3
218000550,184,199,-15
218000551,82,967,-885
218000552,289,81,208
218000553,39,80,-41
218000554,29,39,-10
218000555,34,49,-15
218000556,118,147,-29
218000557,288,68,220
218000558,40,1,39
218000559,0,28,-28
218000560,0,41,-41
218000561,9,0,9
218000562,42,157,-115
218000563,174,19,155
218000564,6,144,-138
218000565,115,27,88
218000566,243,43,200
218000567,3,93,-90
218000568,48,3,45
218000569,9,242,-233
218000570,89,10,79
218000571,2,84,-82
218000572,130,1,129
218000573,22,264,-242
218000574,105,28,77
218000575,100,2,98
218000576,0,85,-85
218000577,113,3,110
218000578,1,91,-90
218000579,29,16,13
218000581,2,41,-39
218000582,31,1,30
218000583,6,0,6
218000584,0,22,-22
218000585,47,3,44
218000586,9,40,-31
218000587,5,0,5
218000588,4,5,-1
218000589,0,2,-2
218000590,8,0,8
218000591,5,4,1
218000592,24,1,23
218000593,0,0,0
218000594,0,2,-2
218000595,0,0,0
218000596,0,0,0
218000597,1,0,1
218000598,0,2,-2
218000599,3,0,3
218000600,1,0,1
218000601,0,0,0
218000602,0,4,-4
218000603,0,8,-8
218000604,5,1,4
218000605,0,19,-19
218000606,33,0,33
218000607,15,36,-21
218000608,63,14,49
218000609,14,43,-29
218000610,70,6,64
218000611,21,5,16
218000612,0,15,-15
218000613,39,2,37
218000614,0,33,-33
218000615,160,3,157
218000616,9,114,-105
218000617,10,0,10
218000618,0,17,-17
218000619,25,17,8
218000620,18,32,-14
218000621,0,4,-4
218000622,1,9,-8
218000623,82,1,81
218000624,6,12,-6
218000625,7,2,5
218000626,0,7,-7
218000628,167,50,117
218000631,34,9,25
218000632,1,88,-87
218000633,125,1,124
218000634,4,12,-8
218000635,18,7,11
218000636,856,726,130
218000637,1066,368,698
218000638,232,26,206
218000639,21,79,-58
218000640,345,29,316
218000641,66,175,-109
218000652,37,52,-15
218000653,233,58,175
218000663,2,78,-76
218000675,41,46,-5
218000676,3,10,-7
218000677,13,4,9
218000680,116,238,-122
218000681,378,111,267
218000691,135,133,2
218000693,361,75,286
218000703,5,18,-13
218000718,187,1113,-926
218000719,506,925,-419
218000720,7,212,-205
218000721,108,8,100
218000725,7,4,3
218001214,7,61,-54
218001329,103,69,34
218001330,71,47,24
218001351,40,9,31
218001352,10,10,0
218001353,13,2,11
218001354,6,12,-6
218001355,113,2,111
218001357,67,1,66
219000001,42,39,3
219000002,47,43,4
219000003,60,30,30
219000004,54,54,0
219000017,92,53,39
219000020,158,61,97
219000022,111,9,102
219000023,136,0,136
219000029,2,62,-60
219000034,46,24,22
219000039,77,152,-75
219000040,57,71,-14
219000041,154,30,124
219000051,0,20,-20
219000052,2,22,-20
219000053,1,76,-75
219000054,22,76,-54
219000055,271,3,268
219000056,12,0,12
219000057,91,1,90
219000062,25,47,-22
219000063,74,8,66
219000064,1,53,-52
219000110,456,120,336
219000111,174,47,127
219000112,237,60,177
219000113,197,55,142
219000114,246,88,158
219000116,102,65,37
219000117,153,42,111
219000118,179,62,117
219000123,203,91,112
219000124,113,55,58
219000125,24,14,10
219000126,57,128,-71
219000127,0,9,-9
219000128,9,80,-71
219000129,24,98,-74
219000130,238,425,-187
219000131,493,868,-375
219000133,45,55,-10
219000134,11,17,-6
219000135,33,70,-37
219000136,108,191,-83
219000138,65,20,45
219000139,40,37,3
219000140,92,0,92
219000141,26,70,-44
219000142,20,57,-37
219000143,9,58,-49
219000145,37,34,3
219000146,11,16,-5
219000147,2,17,-15
219000148,14,15,-1
219000149,16,47,-31
219000150,3,47,-44
219000151,7,29,-22
219000157,254,147,107
219000158,144,190,-46
219000161,115,21,94
219000163,1212,526,686
219000166,153,192,-39
219000167,118,179,-61
219000168,337,139,198
219000174,426,196,230
219000175,125,8,117
219000176,184,8,176
219000177,71,2,69
219000178,73,1,72
219000179,29,7,22
219000180,26,53,-27
219000182,112,24,88
219000183,99,36,63
219000184,119,21,98
219000185,1,55,-54
219000186,76,17,59
219000187,28,97,-69
219000189,86,151,-65
219000190,108,221,-113
219000191,390,1315,-925
219000192,156,124,32
219000193,144,140,4
219000195,2,52,-50
219000196,7,83,-76
219000198,40,80,-40
219000199,60,215,-155
219000200,42,140,-98
219000201,64,148,-84
219000203,38,83,-45
219000204,116,236,-120
219000205,28,197,-169
219000207,151,213,-62
219000209,46,66,-20
219000210,42,117,-75
219000213,12,127,-115
219000239,197,156,41
219000240,246,265,-19
219000241,149,92,57
219000242,45,80,-35
219000243,65,214,-149
219000244,10,50,-40
219000245,20,35,-15
219000246,30,46,-16
219000247,188,33,155
219000248,514,365,149
219000249,146,110,36
219000250,129,94,35
219000251,599,204,395
219000252,208,196,12
219000253,473,143,330
219000255,165,106,59
219000256,344,76,268
219000257,114,1,113
219000262,181,100,81
219000263,55,114,-59
219000267,3,58,-55
219000268,2,5,-3
219000269,2,1,1
219000270,4,1,3
219000271,145,7,138
219000278,3,13,-10
219000279,16,2,14
219000283,0,14,-14
219000295,19,85,-66
219000296,53,351,-298
219000297,18,83,-65
219000298,28,91,-63
219000299,490,65,425
219000300,30,154,-124
219000301,208,275,-67
219000302,24,252,-228
219000307,40,42,-2
219000308,54,46,8
219000311,211,45,166
219000312,660,116,544
219000313,463,59,404
219000314,66,237,-171
219000315,365,35,330
219000316,703,60,643
219000317,168,20,148
219000320,3,39,-36
219000321,1,20,-19
219000323,7,45,-38
219000325,8,10,-2
219000326,96,44,52
219000327,74,36,38
219000328,37,61,-24
219000329,298,122,176
219000330,76,29,47
219000331,83,39,44
219000332,203,99,104
219000333,17,4,13
219000335,88,3,85
219000337,21,1,20
219000338,31,2,29
219000344,43,82,-39
219000345,49,63,-14
219000346,72,77,-5
219000348,139,65,74
219000349,26,105,-79
219000350,91,252,-161
219000351,3,8,-5
219000352,359,85,274
219000353,110,42,68
219000354,229,66,163
219000355,183,51,132
219000356,822,1383,-561
219000363,198,71,127
219000364,108,53,55
219000365,132,40,92
219000366,187,376,-189
219000368,313,601,-288
219000370,879,678,201
219000371,7,21,-14
219000382,8,18,-10
219000383,422,1209,-787
219000385,391,380,11
219000386,587,1528,-941
219000387,0,7,-7
219000390,6,1,5
219000391,2,6,-4
219000397,69,34,35
219000398,76,66,10
219000401,9,82,-73
219000402,35,103,-68
219000403,149,306,-157
219000404,18,126,-108
219000407,5,35,-30
219000409,57,46,11
219000410,129,43,86
219000411,67,20,47
219000446,121,390,-269
219000447,0,15,-15
219000448,23,4,19
219000452,78,53,25
219000453,59,162,-103
219000454,178,264,-86
219000556,280,74,206
219000558,287,95,192
219000590,30,127,-97
219000591,125,85,40
219000592,112,220,-108
219000595,4,11,-7
219000635,241,27,214
219000636,20,69,-49
219000657,43,31,12
219000658,93,191,-98
219000673,0,42,-42
219000676,32,22,10
219000679,33,7,26
219000684,99,1,98
219000685,7,36,-29
219000686,0,5,-5
219000688,0,36,-36
219000689,31,202,-171
219000690,151,16,135
219000691,61,169,-108
219000692,138,30,108
219000693,0,10,-10
219000694,17,0,17
219000695,27,3,24
219000698,10,0,10
219000699,0,22,-22
219000727,0,71,-71
219000728,208,1,207
219000770,32,3,29
219000771,1,27,-26
219000788,269,165,104
219001150,0,30,-30
219001151,1,6,-5
219001166,28,38,-10
219001167,0,64,-64
219001178,65,0,65
220000001,38,82,-44
220000002,13,76,-63
220000003,399,226,173
220000004,379,402,-23
220000005,997,1433,-436
220000006,203,602,-399
220000007,363,266,97
220000008,273,482,-209
220000009,205,254,-49
220000010,129,93,36
220000011,420,2801,-2381
220000012,65,284,-219
220000014,99,46,53
220000015,38,248,-210
220000017,101,262,-161
220000018,3635,1972,1663
220000019,95,345,-250
220000020,359,217,142
220000021,666,151,515
220000022,923,374,549
220000023,367,159,208
220000024,1913,347,1566
220000025,949,1176,-227
220000026,370,454,-84
220000027,24,126,-102
220000028,41,50,-9
220000029,30,85,-55
220000030,53,62,-9
220000031,616,346,270
220000064,23,761,-738
221000046,93,77,16
221000047,0,0,0
221000048,0,1,-1
221000049,0,8,-8
221000050,19,0,19
221000055,23,37,-14
221000057,80,7,73
221000068,307,122,185
221000069,438,56,382
221000070,250,26,224
221000071,116,4,112
221000072,283,17,266
221000073,193,41,152
221000074,0,26,-26
221000075,12,22,-10
221000076,6,25,-19
221000077,29,75,-46
221000081,28,5,23
221000082,77,6,71
221000083,34,6,28
221000084,7,2,5
221000085,23,47,-24
221000086,16,72,-56
221000087,4,107,-103
221000088,13,110,-97
221000089,31,258,-227
221000090,112,407,-295
221000098,91,11,80
221000099,224,17,207
221000100,79,6,73
221000101,158,14,144
221000102,151,23,128
221000109,6,92,-86
221000110,16,73,-57
221000111,24,163,-139
221000112,10,125,-115
221000113,17,121,-104
221000114,20,90,-70
221000120,20,35,-15
221000121,5,53,-48
221000122,68,57,11
221000123,6,13,-7
221000124,18,146,-128
221000155,118,11,107
221000156,41,35,6
221000175,0,4,-4
221000176,0,1,-1
221000182,42,8,34
221000241,438,317,121
221000242,157,321,-164
221000243,410,225,185
221000244,300,319,-19
221000245,108,68,40
221000246,34,140,-106
221000247,72,99,-27
221000248,127,77,50
221000267,86,630,-544
221000325,61,64,-3
221000331,6,53,-47
221000338,6,30,-24
221000378,256,38,218
221000381,48,49,-1
222000282,11,0,11
222000296,4,19,-15
222000568,307,29,278
222000569,156,61,95
222000570,174,43,131
222000571,360,27,333
222000577,9,112,-103
222000578,43,153,-110
222000579,30,103,-73
222000580,82,646,-564
222000599,0,129,-129
222000600,5,239,-234
222000601,0,668,-668
222000603,16,56,-40
222000604,5,52,-47
222000605,26,32,-6
222000606,2,19,-17
222000607,6,10,-4
222000608,22,26,-4
222000609,54,123,-69
222000616,436,37,399
222000617,12,36,-24
222000618,4,2,2
222000620,36,10,26
222000621,35,15,20
222000623,544,7,537
222000624,376,2,374
222000625,646,23,623
222000636,41,6,35
222000686,22,22,0
222000687,62,24,38
222001066,402,1,401
222001067,40,3,37
222001068,77,28,49
222001069,60,39,21
222001082,20,31,-11
222001083,43,45,-2
222001084,0,31,-31
222001085,8,259,-251
222001111,83,119,-36
222001112,169,37,132
222001313,39,3,36
222001314,14,115,-101
222001464,58,40,18
222001465,19,47,-28
222001484,113,56,57
222001485,16,58,-42
222001494,703,141,562
222001495,121,163,-42
222001496,411,87,324
222001497,79,264,-185
222001502,24,91,-67
222001503,141,39,102
222001504,62,267,-205
222001505,456,32,424
222001506,54,363,-309
222001507,372,35,337
222001510,657,69,588
222001511,44,289,-245
222001514,871,190,681
222001515,277,443,-166
222001518,421,107,314
222001519,67,163,-96
222001527,193,67,126
222001528,59,120,-61
222001529,366,64,302
222001530,89,192,-103
222001533,135,242,-107
222001534,429,85,344
222001535,259,209,50
222001536,133,164,-31
222001537,357,64,293
222001538,89,393,-304
222001563,907,103,804
222001564,96,327,-231
222001568,273,204,69
222001576,1,5,-4
222001579,0,22,-22
222001583,15,115,-100
222001584,128,18,110
222001596,816,1201,-385
222001597,2162,334,1828
222001626,0,101,-101
222001650,62,202,-140
222001651,146,767,-621
222001914,228,85,143
222001915,72,171,-99
222001968,482,255,227
222001969,399,449,-50
222001970,176,169,7
222001971,36,27,9
222001972,8,13,-5
225000001,407,152,255
225000002,613,150,463
225000003,596,102,494
225000004,404,246,158
225000005,96,71,25
225000006,0,102,-102
225000007,1067,1001,66
225000010,308,10,298
225000011,301,955,-654
225000012,240,515,-275
225000013,78,93,-15
225000014,717,115,602
225000015,91,117,-26
225000021,724,183,541
225000027,199,450,-251
225000032,655,160,495
225000042,71,501,-430
225000049,55,73,-18
225000050,111,9,102
225000053,10,279,-269
225000058,537,151,386
225000067,253,111,142
225000068,137,202,-65
225000069,126,327,-201
225000070,92,287,-195
225000071,65,125,-60
225000075,23,791,-768
225000076,44,98,-54
225000078,61,38,23
225000085,75,136,-61
225000086,300,100,200
225000087,169,22,147
225000088,8,161,-153
225000089,202,1048,-846
225000090,107,466,-359
225000091,252,123,129
225000092,97,43,54
225000093,204,182,22
225000094,15,160,-145
225000095,319,273,46
225000096,222,311,-89
225000098,828,204,624
225000099,432,140,292
225000100,379,117,262
225000104,134,299,-165
225000110,9,369,-360
225000111,185,655,-470
225000112,298,844,-546
225000113,197,456,-259
225000114,72,238,-166
225000115,974,520,454
225000116,765,246,519
225000117,717,247,470
225000118,969,236,733
225000119,225,96,129
225000120,715,43,672
225000121,193,18,175
225000123,479,17,462
225000125,426,120,306
225000126,470,162,308
225000127,535,1230,-695
225000128,419,780,-361
225000132,328,39,289
225000133,186,32,154
225000134,757,149,608
225000135,86,24,62
225000136,324,17,307
225000137,289,51,238
225000138,364,92,272
225000143,58,160,-102
225000144,2,242,-240
225000145,87,33,54
225000146,68,98,-30
225000147,23,188,-165
225000148,9,155,-146
225000149,108,384,-276
225000151,36,136,-100
225000155,304,290,14
225000156,127,724,-597
225000157,208,239,-31
225000158,73,228,-155
225000171,12,140,-128
225000180,52,40,12
225000181,0,52,-52
225000182,75,7,68
225000185,5,324,-319
225000187,78,384,-306
225000191,77,4,73
225000194,0,7,-7
225000208,1,59,-58
225000209,81,18,63
225000210,10,221,-211
225000217,0,16,-16
225000218,11,1,10
225000223,1,34,-33
225000224,62,4,58
225000225,3,13,-10
225000226,51,4,47
225000227,31,65,-34
225000228,25,13,12
225000229,0,57,-57
225000230,66,3,63
225000231,0,47,-47
225000232,239,0,239
225000241,67,0,67
225000242,0,49,-49
225000249,10,16,-6
225000250,46,501,-455
225000251,402,29,373
225000254,1,2,-1
225000256,0,33,-33
225000257,1,25,-24
226000042,263,351,-88
226000043,50,182,-132
226000044,141,303,-162
226000045,62,215,-153
226000046,406,152,254
226000047,352,139,213
226000048,438,142,296
226000049,278,191,87
226000070,0,37,-37
226000071,0,50,-50
226000072,0,9,-9
226000073,0,7,-7
226000074,1,14,-13
226000084,2,46,-44
226000085,1,12,-11
226000086,0,20,-20
226000087,0,17,-17
226000088,40,59,-19
226000090,262,120,142
226000091,23,37,-14
226000092,19,33,-14
226000093,19,7,12
226000094,4,1,3
226000095,9,4,5
226000105,13,0,13
226000106,9,1,8
226000107,11,0,11
226000108,14,0,14
226000109,117,0,117
226000124,147,68,79
226000134,822,411,411
226000135,1745,552,1193
226000136,786,408,378
226000137,17,212,-195
226000138,6,92,-86
226000139,0,21,-21
226000156,202,10,192
226000157,405,28,377
226000163,94,227,-133
226000202,9,174,-165
226000231,419,11,408
226000232,29,1,28
227000033,408,78,330
227000036,509,45,464
227000037,424,31,393
227000038,176,33,143
227000084,1,53,-52
227000085,0,24,-24
227000088,69,5,64
227000089,120,4,116
227000090,44,1,43
227000091,34,1,33
227000092,31,0,31
227000093,118,1,117
227000094,7,0,7
227000130,20,73,-53
227000131,17,133,-116
227000132,6,168,-162
227000133,17,117,-100
227000134,19,166,-147
227000152,0,1,-1
227000153,1,66,-65
227000154,0,39,-39
227000155,1,8,-7
227000156,0,9,-9
227000165,3,34,-31
227000196,439,190,249
227000199,451,269,182
227000230,25,233,-208
227000232,561,24,537
227000242,75,291,-216
227000243,524,81,443
227000245,12,249,-237
227000246,84,203,-119
227000247,493,85,408
227000248,149,41,108
227000249,14,69,-55
227000250,249,126,123
227000251,67,86,-19
227000252,31,129,-98
227000253,206,27,179
227000262,526,70,456
227000266,1364,12,1352
227000267,44,931,-887
227000282,1,134,-133
227000284,504,26,478
227000286,4,43,-39
227000291,12,382,-370
227000296,183,249,-66
227000484,193,15,178
227000485,13,741,-728
227000655,212,10,202
227000656,600,59,541
227000657,135,5,130
227000704,197,12,185
229000265,18,8,10
229000266,0,1,-1
229000267,7,0,7
229000268,22,0,22
229000269,60,0,60
229000274,1,32,-31
229000275,2,29,-27
229000276,0,17,-17
229000277,0,7,-7
229000278,1,7,-6
229000295,16,32,-16
229000296,23,10,13
229000297,18,29,-11
229000298,7,102,-95
229000320,15,21,-6
229000321,15,11,4
229000412,27,51,-24
229000414,18,51,-33
229000415,18,1,17
229000416,2,4,-2
229000417,5,9,-4
229000419,104,307,-203
229000440,369,54,315
229000442,25,12,13
229000443,5,3,2
229000444,3,35,-32
229000445,64,5,59
229000446,79,19,60
229000491,6,15,-9
229000492,17,49,-32
229000493,5,56,-51
229000494,47,7,40
229000495,130,5,125
229000496,61,3,58
229000507,1,52,-51
229000508,0,19,-19
229000509,1,45,-44
229000510,5,40,-35
229000511,1,32,-31
229000512,0,16,-16
229000513,0,1,-1
229000514,0,3,-3
229000517,3,6,-3
229000518,13,9,4
229000519,2,8,-6
229000520,7,30,-23
229000521,39,15,24
229000522,5,11,-6
229000523,7,5,2
229000524,0,2,-2
229000527,3,1,2
229000528,0,0,0
229000529,3,0,3
229000530,57,1,56
229000531,38,3,35
229000532,15,0,15
229000533,74,3,71
229000534,56,0,56
229000564,76,0,76
229000565,20,0,20
229000566,0,5,-5
229000567,0,36,-36
229000582,59,0,59
229000583,4,0,4
229000584,0,28,-28
229000585,1,53,-52
229000718,0,2,-2
229000719,0,3,-3
229000720,0,1,-1
229000721,0,1,-1
229000722,0,5,-5
229000723,0,2,-2
229000724,0,2,-2
229000725,0,3,-3
229000738,1,0,1
229000739,2,0,2
229000740,3,0,3
229000741,21,0,21
229000742,10,0,10
229000743,7,0,7
229000744,2,0,2
229000745,1,1,0
229000746,10,1,9
229000847,78,0,78
229000848,19,1,18
229000849,91,1,90
229000851,40,0,40
229000854,0,4,-4
229000856,0,47,-47
229000857,0,15,-15
229000858,1,15,-14
229000919,25,77,-52
229000930,4,301,-297
229000937,74,22,52
229000966,37,35,2
229000981,22,34,-12
229000985,31,18,13
229000986,0,5,-5
229000987,1,1,0
229000988,0,4,-4
229000989,14,8,6
229000990,1,3,-2
229000991,5,0,5
229000992,8,21,-13
229000993,138,22,116
229000998,18,50,-32
229000999,93,17,76
229001034,0,14,-14
229001035,3,2,1
229001036,5,48,-43
229001037,35,1,34
229001038,0,8,-8
229001039,3,0,3
229001040,0,71,-71
229001041,54,0,54
229001042,15,22,-7
229001047,9,21,-12
229001050,48,21,27
229001168,0,18,-18
229001200,16,2,14
229001338,3,23,-20
229001394,197,8,189
229001422,118,28,90
229001423,41,113,-72
229001431,88,52,36
229001432,55,77,-22
229001444,231,70,161
229001445,24,127,-103
229001479,23,1,22
229001503,188,64,124
229001504,126,143,-17
229001505,111,20,91
229001506,72,106,-34
229001509,65,13,52
229001510,4,31,-27
229001545,86,3,83
229001546,18,99,-81
229001553,102,26,76
229001554,73,85,-12
229001630,55,19,36
229001631,26,14,12
229001635,1,7,-6
229001636,1,0,1
229001658,1,120,-119
229001659,57,2,55
229001660,14,5,9
229001661,8,28,-20
229001662,28,0,28
229001663,1,20,-19
229002584,159,147,12
229002831,140,162,-22
229002841,21,25,-4
229002842,27,31,-4
229002843,39,20,19
229002844,38,33,5
229002845,21,74,-53
229002846,25,3,22
229002847,2,11,-9
229002848,6,10,-4
229002849,5,58,-53
229002850,21,0,21
229002851,49,97,-48
229002852,170,27,143
229002853,155,21,134
229002854,36,73,-37
229002855,7,32,-25
229002856,34,19,15
229002857,14,107,-93
229002858,16,8,8
229002859,25,51,-26
229002860,140,12,128
229002861,103,42,61
229002862,41,27,14
229002863,33,13,20
229002864,27,31,-4
229002865,18,14,4
229002866,43,20,23
229002867,1,16,-15
229002868,10,34,-24
229002869,24,112,-88
229002870,102,16,86
235000066,381,78,303
235000067,94,131,-37
235000072,27,81,-54
235000073,119,364,-245
235000074,72,96,-24
235000080,24,85,-61
235000081,156,99,57
235000082,149,54,95
235000083,326,69,257
235000084,53,38,15
235000085,201,41,160
235000089,57,30,27
235000092,40,204,-164
235000093,13,8,5
235000097,6,5,1
235000098,69,12,57
235000099,66,20,46
235000116,54,17,37
235000117,465,17,448
235000133,18,534,-516
235000134,13,196,-183
235000206,9,5,4
235000207,1,3,-2
235000208,3,1,2
235000209,3,1,2
235000210,11,1,10
235000212,13,17,-4
235000213,1,10,-9
235000220,4,5,-1
235000221,34,14,20
235000238,12,99,-87
235000239,1,19,-18
235000242,240,682,-442
235000245,586,145,441
235000246,22,52,-30
235000284,19,162,-143
235000295,65,14,51
235000305,310,28,282
235000306,333,9,324
235000307,23,1,22
235000308,33,0,33
235000309,70,1,69
235000310,30,0,30
235000311,65,22,43
235000322,0,21,-21
235000323,0,44,-44
235000324,2,12,-10
235000325,0,21,-21
235000326,5,84,-79
235000351,13,101,-88
235000352,13,63,-50
235000353,1,53,-52
235000354,29,40,-11
235000355,16,66,-50
235000356,73,11,62
235000357,34,15,19
235000358,80,7,73
235000359,5,0,5
235000360,56,10,46
235000361,27,7,20
235000381,70,126,-56
235000382,248,39,209
235000390,4,5,-1
235000391,123,12,111
235000392,187,326,-139
235000393,128,170,-42
235000395,165,39,126
235000396,522,80,442
235000400,68,71,-3
235000401,24,132,-108
235000405,76,195,-119
235000406,38,205,-167
235000407,90,86,4
235000409,239,87,152
235000410,33,184,-151
235000411,6,71,-65
235000485,0,9,-9
235000486,12,0,12
235000549,174,94,80
235000550,87,181,-94
235000599,174,48,126
235000600,15,24,-9
235000601,16,24,-8
235000602,157,58,99
235000614,0,6,-6
235000648,0,26,-26
235000649,92,12,80
235000685,3,3,0
235000815,16,79,-63
235000834,0,16,-16
235000855,110,46,64
235000862,29,98,-69
235000891,0,17,-17
235000892,31,1,30
235000901,178,89,89
235000907,6,14,-8
235001010,146,51,95
235001029,490,339,151
235001030,354,314,40
235001078,89,111,-22
235001079,105,73,32
235001147,4,45,-41
235001166,19,38,-19
235001167,47,54,-7
235001169,33,315,-282
235001188,3,4,-1
235001189,5,1,4
235001197,3,22,-19
235001200,59,53,6
235001207,226,58,168
235001210,25,60,-35
235001215,14,101,-87
235001239,7,45,-38
235001244,0,4,-4
235016267,0,57,-57
277101746,0,3,-3
277102712,7,0,7
277103813,0,0,0
277103814,0,0,0
277103898,0,1,-1
277104249,0,2,-2
277104250,0,5,-5
277104251,0,2,-2
277104252,0,1,-1
990011530,0,168,-168
990014944,2,384,-382
990015176,40,0,40
990015618,0,106,-106
990016032,0,211,-211
990032570,0,320,-320
990070001,69,4,65
990070103,0,3,-3
990070601,0,38,-38
990070751,1318,5,1313
990070766,1,347,-346
990071180,481,171,310
990071343,38,1,37
990071387,0,20,-20
990071823,593,5,588
990072600,3,1008,-1005
990072964,4,306,-302
990073285,0,0,0
990074393,2,565,-563
990074870,1439,9,1430
990075106,1261,6,1255
990075746,480,6,474
990076437,1692,4,1688
990076458,2,470,-468
997000007,638,7,631
997000041,4,264,-260
997000058,84,0,84
997000062,82,33,49
997000069,0,4,-4
997000070,2,28,-26
997000100,54,0,54
997000141,7,1495,-1488
997000198,3,825,-822
998000475,6,55,-49
998000736,1,130,-129
998000965,0,20,-20
998001031,0,63,-63
998001700,0,2,-2
998001899,0,0,0
998001900,6,8,-2
998003073,1146,59,1087
998101900,0,0,0
998102850,0,224,-224
998501927,1075,1100,-25
998501929,104,4,100
998501930,61,0,61
998501931,182,61,121
998501932,1,0,1
998501933,62,2,60
998501937,48,1,47
998501944,7,0,7
998501950,0,0,0
998501970,63,3,60
998501971,0,81,-81
998501973,0,24,-24
998501974,1,170,-169
998501975,90,12,78
998501976,71,1,70
998501977,3,21,-18
998501978,22,0,22
998501979,0,16,-16
998501980,36,0,36
998501981,24,0,24
998501982,0,96,-96
998502006,0,1,-1
998502024,0,1,-1
998502032,0,6,-6
998502062,43,33,10
998502063,0,0,0
998502173,11,0,11
998502269,0,6,-6
998601159,2,76,-74
998601292,0,15,-15
999033574,1,193,-192
999800001,63,2,61
999800002,0,10,-10
999800003,2,1,1
999800004,0,2,-2
999800005,0,3,-3
