ID,insum,outsum,diff
100000001,681,633,48
100000002,4647,665,3982
100000003,8376,2783,5593
100000004,1834,795,1039
100000005,1899,2795,-896
100000006,377,79,298
100000007,1356,419,937
100000008,218,616,-398
100000009,250,181,69
100000010,37,50,-13
100000011,505,91,414
100000012,76,851,-775
100000013,37,220,-183
100000014,333,276,57
100000015,1160,1192,-32
100000016,1209,1310,-101
100000017,858,1061,-203
100000018,1599,630,969
100000019,6181,1596,4585
100000020,2125,4138,-2013
100000021,7853,2155,5698
100000022,2103,883,1220
100000023,6584,970,5614
100000025,3338,472,2866
100000028,2099,798,1301
100000029,289,198,91
100000030,584,66,518
100000031,6167,5481,686
100000032,2861,3125,-264
100000033,835,1862,-1027
100000034,916,276,640
100000035,1938,769,1169
100000036,3408,1023,2385
100000037,458,488,-30
100000038,1049,932,117
100000039,867,166,701
100000040,170,168,2
100000041,695,399,296
100000042,591,338,253
100000043,688,302,386
100000044,387,739,-352
100000045,442,1539,-1097
100000046,931,1528,-597
100000047,441,953,-512
100000048,1129,696,433
100000049,1955,2988,-1033
100000051,373,1161,-788
100000053,31,3,28
100000054,133,48,85
100000055,479,266,213
100000056,198,596,-398
100000057,1698,887,811
100000058,1124,1556,-432
100000059,4,154,-150
100000060,221,314,-93
100000061,1577,485,1092
100000062,1297,532,765
100000063,416,277,139
100000064,857,391,466
100000065,367,1489,-1122
100000066,202,1200,-998
100000067,436,1147,-711
100000068,576,2018,-1442
100000069,315,1985,-1670
100000072,459,1325,-866
100000073,1286,1474,-188
100000075,502,330,172
100000076,2476,1705,771
100000077,672,99,573
100000078,88,23,65
100000079,54,25,29
100000080,12,4,8
100000081,99,23,76
100000102,2702,1414,1288
100000103,3873,875,2998
100000104,6515,1403,5112
100000105,4221,709,3512
100000106,2901,1406,1495
100000107,891,337,554
100000108,1151,1036,115
100000109,4168,1131,3037
100000116,1742,606,1136
100000117,33,40,-7
100000118,1332,1045,287
100000119,556,703,-147
100000121,292,663,-371
100000122,1158,837,321
100000123,4034,4109,-75
100000124,8455,5744,2711
100000125,3632,737,2895
100000126,704,197,507
100000127,1928,328,1600
100000128,1790,1215,575
100000129,577,341,236
100000130,415,688,-273
100000131,4582,3301,1281
100000132,1861,2078,-217
100000133,10418,2952,7466
100000135,458,972,-514
100000139,223,340,-117
100000140,245,312,-67
100000142,356,540,-184
100000143,2008,1051,957
100000144,4887,1032,3855
100000147,923,2037,-1114
100000150,16,521,-505
100000151,744,632,112
100000153,292,233,59
100000154,140,80,60
100000155,11,28,-17
100000156,86,62,24
100000157,32,339,-307
100000158,42,143,-101
100000159,393,401,-8
100000165,1061,749,312
100000169,773,345,428
100000174,1980,389,1591
100000179,78,697,-619
100000180,5197,1523,3674
100000181,107,355,-248
100000188,84,450,-366
100000189,915,354,561
100000190,437,349,88
100000191,483,382,101
100000192,102,77,25
100000193,140,133,7
100000330,2234,534,1700
100000355,109,625,-516
100000362,5394,3859,1535
100000363,2096,3404,-1308
100000364,412,134,278
100000365,3631,6741,-3110
100000366,4372,2407,1965
100000367,2910,4065,-1155
100000368,2262,1929,333
100000369,1266,1418,-152
100000370,210,263,-53
100000376,107,86,21
100000379,2972,1053,1919
100000380,3699,1616,2083
100000384,6616,2521,4095
100000385,7060,3291,3769
100000386,10614,2913,7701
100000387,8447,3796,4651
100000388,11930,4064,7866
100000389,11432,3957,7475
100000390,11673,3121,8552
100000391,7931,3971,3960
100000392,3881,1539,2342
100000393,1625,1419,206
100000394,7344,3560,3784
100000395,4162,1240,2922
100000396,5666,1915,3751
100000397,3313,1715,1598
100000398,12260,8216,4044
100900002,6,81,-75
100900003,238,87,151
100900004,46,958,-912
100900005,80,4,76
100900006,7,268,-261
100900007,587,2,585
100900008,6,499,-493
100900009,16,46,-30
100900010,69,195,-126
100900011,60,409,-349
100900012,0,309,-309
100900013,1533,17,1516
100900014,1,9,-8
100900015,124,114,10
100900016,0,48,-48
100900017,796,73,723
100900018,0,18,-18
100900019,33,174,-141
100900020,232,2,230
100900021,380,1,379
100900022,11,32,-21
100900023,0,83,-83
100900024,1036,4,1032
100900025,15,13,2
100900026,58,174,-116
100900027,574,2384,-1810
100900028,95,184,-89
100900029,95,13,82
100900030,18,27,-9
100900031,263,95,168
100900032,99,0,99
100900033,341,107,234
100900034,356,1,355
100900035,805,4,801
100900036,23,1,22
100900037,20,351,-331
100900038,56,17,39
100900039,663,893,-230
100900040,174,1262,-1088
100900041,233,1096,-863
100900042,516,200,316
100900043,1,8,-7
100900044,3121,329,2792
100900045,46,0,46
100900046,1253,8,1245
100900047,1011,153,858
100900048,134,8,126
100900049,121,249,-128
100900050,1,22,-21
100900051,48,41,7
100900052,95,15,80
100900053,220,33,187
100900054,6,127,-121
100900055,256,347,-91
100900056,122,412,-290
100900057,409,586,-177
100900058,203,37,166
100900059,35,1,34
100900060,114,4,110
100900061,359,217,142
100900062,2,88,-86
100900063,114,357,-243
100900064,595,14,581
100900065,73,58,15
100900066,35,55,-20
100900067,7,13,-6
100900068,141,182,-41
100900069,428,6,422
100900070,191,6,185
100900071,719,231,488
100900072,0,72,-72
100900073,97,708,-611
100900074,0,21,-21
100900075,2944,326,2618
100900076,67,63,4
100900077,7,200,-193
100900078,58,249,-191
100900079,6,36,-30
100900080,6,212,-206
100900081,19,97,-78
100900082,66,897,-831
100900083,3,45,-42
100900085,6,70,-64
100900086,148,958,-810
100900088,44,987,-943
100900089,8,18,-10
100900090,118,391,-273
100900091,1,19,-18
100900092,180,188,-8
100900093,98,621,-523
100900094,90,733,-643
100900095,4,28,-24
100900096,31,85,-54
100900097,2,5,-3
100900098,4,30,-26
100900099,35,651,-616
100900100,10,297,-287
100900101,386,12,374
100900102,108,39,69
100900103,1,17,-16
100900104,14,180,-166
100900105,11,86,-75
100900106,50,3,47
100900107,1807,534,1273
100900108,8,10,-2
100900109,4,27,-23
100900110,5,28,-23
100900111,60,134,-74
100900112,2,11,-9
100900113,2,17,-15
100900114,4,27,-23
100900115,0,35,-35
100900116,722,582,140
100900117,221,765,-544
100900118,7,61,-54
100900119,6,20,-14
100900120,1,34,-33
100900121,258,442,-184
100900122,129,201,-72
100900123,69,115,-46
100900124,1,2,-1
100900125,14,143,-129
100900126,69,285,-216
100900127,0,10,-10
100900128,70,97,-27
100900129,0,98,-98
100900131,96,166,-70
100900133,28,80,-52
100900134,9,4,5
100900135,1,118,-117
100900137,291,166,125
100900138,475,429,46
100900139,0,10,-10
100900140,5,889,-884
100900141,0,340,-340
100900142,2,12,-10
100900143,1149,306,843
100900144,6,3,3
100900145,98,143,-45
100900146,7,11,-4
100900147,12,301,-289
100900148,32,1116,-1084
100900149,21,120,-99
100900150,6,16,-10
100900151,79,597,-518
100900152,143,8,135
100900153,9,113,-104
100900154,7,28,-21
100900155,0,17,-17
100900156,30,0,30
100900157,8,121,-113
100900159,0,25,-25
100900160,10,22,-12
100900161,149,1,148
100900162,14,162,-148
100900163,134,199,-65
100900164,24,40,-16
100900165,18,39,-21
100900166,53,3,50
100900167,9,99,-90
100900168,21,121,-100
100900169,198,1278,-1080
100900170,39,6,33
100900171,16,852,-836
100900172,0,6,-6
100900173,5,757,-752
100900174,296,81,215
100900176,1303,125,1178
100900177,994,260,734
100900178,341,139,202
100900179,96,51,45
100900180,4,2,2
100900181,128,38,90
100900182,28,26,2
100900184,6,143,-137
100900186,1095,602,493
100900187,10,182,-172
100900188,32,7,25
100900189,847,130,717
100900191,1366,871,495
100900192,410,192,218
100900195,66,152,-86
100900197,24,133,-109
100900198,27,200,-173
100900199,19,19,0
100900200,646,424,222
100900201,63,1006,-943
100900202,4,1,3
100900203,1,86,-85
100900204,1230,315,915
100900205,88,525,-437
100900206,53,89,-36
100900207,148,99,49
100900210,78,1101,-1023
100900211,352,74,278
100900213,29,11,18
100900214,1155,81,1074
100900215,9,48,-39
100900217,92,22,70
101000001,5770,2637,3133
101000002,4841,3870,971
101000003,1036,2069,-1033
101000004,11606,8251,3355
101000005,6030,5374,656
101000006,9863,7394,2469
101000007,2851,3212,-361
101000008,4068,3047,1021
101000009,1491,2498,-1007
101000010,886,1728,-842
101000011,2547,894,1653
101000012,2201,657,1544
101000013,592,1087,-495
101000014,693,806,-113
101000015,913,824,89
101000016,488,426,62
101000017,577,545,32
101000018,4248,2691,1557
101000020,4519,1308,3211
101000021,1420,281,1139
101000022,558,99,459
101000023,2091,730,1361
101000025,202,409,-207
101000026,403,31,372
101000027,1781,1603,178
101000028,802,175,627
101000029,65,899,-834
101000030,1067,88,979
101000031,1058,792,266
101000032,7597,2327,5270
101000033,2742,1806,936
101000034,3280,1120,2160
101000035,1449,487,962
101000036,1716,369,1347
101000037,5655,1083,4572
101000039,4023,1153,2870
101000040,5420,2694,2726
101000041,20049,3713,16336
101000042,1204,674,530
101000043,13883,3733,10150
101000045,2400,373,2027
101000046,2725,858,1867
101000047,1629,1254,375
101000048,1186,1029,157
101000049,1189,1141,48
101000050,4445,3913,532
101000051,4738,1705,3033
101000052,2096,670,1426
101000053,1206,2668,-1462
101000054,2252,2265,-13
101000055,1841,1036,805
101000056,62,69,-7
101000057,3933,578,3355
101000058,2646,786,1860
101000059,4278,1584,2694
101000060,2337,287,2050
101000061,1478,982,496
101000062,1169,479,690
101000063,559,501,58
101000064,1314,417,897
101000065,218,307,-89
101000066,409,204,205
101000067,684,481,203
101000068,389,186,203
101000069,292,94,198
101000070,1919,1194,725
101000071,2275,810,1465
101000072,1215,4275,-3060
101000073,835,611,224
101000074,6029,3658,2371
101000075,8248,4654,3594
101000077,1370,1747,-377
101000078,1218,2129,-911
101000079,438,760,-322
101000080,574,547,27
101000081,1255,1256,-1
101000082,3797,2950,847
101000083,1833,1647,186
101000084,1611,1462,149
101000085,2141,1155,986
101000086,1436,1240,196
101000087,1027,1356,-329
101000088,1042,1070,-28
101000089,971,1521,-550
101000090,2677,1626,1051
101000091,367,2026,-1659
101000092,879,1422,-543
101000093,1558,945,613
101000094,655,1335,-680
101000095,223,881,-658
101000096,273,742,-469
101000097,1514,371,1143
101000098,1123,559,564
101000099,1291,1230,61
101000100,1333,674,659
101000101,479,508,-29
101000102,1031,348,683
101000103,1032,528,504
101000104,344,441,-97
101000105,1051,279,772
101000106,1274,575,699
101000107,230,334,-104
101000108,1776,411,1365
101000109,139,57,82
101000110,37,918,-881
101000111,206,269,-63
101000113,158,1050,-892
101000114,4526,1382,3144
101000115,516,257,259
101000116,271,421,-150
101000117,931,355,576
101000119,177,35,142
101000120,265,28,237
101000121,53,26,27
101000122,142,39,103
101000123,43,49,-6
101000124,205,403,-198
101000125,150,419,-269
101000128,1226,432,794
101000130,429,387,42
101000131,464,885,-421
101000132,493,2055,-1562
101000135,66,20,46
101000136,233,168,65
101000137,33,287,-254
101000141,2808,1691,1117
101000147,998,644,354
101000148,3014,34,2980
101000149,187,118,69
101000150,44,1297,-1253
101000151,139,86,53
101000152,421,339,82
101000153,761,529,232
101000154,109,2139,-2030
101000155,139,200,-61
101000156,24,266,-242
101000157,51,24,27
101000160,104,95,9
101000163,162,83,79
101000164,531,409,122
101000165,264,451,-187
101000166,433,632,-199
101000168,683,330,353
101000252,1173,872,301
101000254,735,56,679
101000258,27,16,11
101000261,87,241,-154
101000262,833,930,-97
101000263,348,1808,-1460
101000265,68,575,-507
101000266,435,321,114
101000269,160,10,150
101000290,2223,2546,-323
101000293,52,105,-53
101000294,522,581,-59
101000295,196,677,-481
101000301,1023,227,796
101000304,1986,2330,-344
101000305,2699,1748,951
101900001,11,74,-63
101900002,0,13,-13
101900003,77,81,-4
101900004,18,42,-24
101900005,6529,1118,5411
101900006,913,23,890
101900007,491,32,459
101900008,118,246,-128
101900009,58,413,-355
101900010,1275,514,761
101900011,339,1262,-923
101900012,103,404,-301
101900013,1651,110,1541
101900017,18,78,-60
101900018,2553,283,2270
101900019,201,88,113
101900020,59,110,-51
101900021,1,71,-70
101900022,92,1929,-1837
101900023,95,353,-258
101900026,63,38,25
101900027,4,87,-83
102000001,2931,4147,-1216
102000002,3281,1497,1784
102000003,4594,5992,-1398
102000004,11695,3063,8632
102000005,1399,2283,-884
102000006,2000,1712,288
102000007,1482,4903,-3421
102000008,7414,1995,5419
102000009,6132,7071,-939
102000010,7489,4084,3405
102000011,2524,2275,249
102000012,3766,3937,-171
102000018,3944,2748,1196
102000019,3177,1542,1635
102000026,252,643,-391
102000029,450,239,211
102000030,90,349,-259
102000031,35,255,-220
102000032,237,429,-192
102000033,125,554,-429
102000034,747,496,251
102000035,1299,665,634
102000036,7,273,-266
102000037,141,105,36
102000038,184,92,92
102000039,169,41,128
102000040,583,106,477
102000041,179,230,-51
102000042,273,100,173
102000043,536,250,286
102000044,446,522,-76
102000045,573,1404,-831
102000046,827,485,342
102000047,779,1508,-729
102000048,233,812,-579
102000049,840,564,276
102000050,1010,1161,-151
102000051,416,556,-140
102000052,1248,988,260
102000053,701,778,-77
102000054,303,887,-584
102000055,754,1250,-496
102000056,650,1978,-1328
102000057,1388,732,656
102000058,1179,2591,-1412
102000059,1409,2167,-758
102000060,1305,1195,110
102000061,1286,3149,-1863
102000062,953,1542,-589
102000063,1197,1649,-452
102000064,474,640,-166
102000065,35,136,-101
102000066,773,1215,-442
102000067,2279,3271,-992
102000068,11100,2768,8332
102000069,43,2295,-2252
102000070,2224,59,2165
102000071,7321,10544,-3223
102000072,3118,5511,-2393
102000073,1150,1441,-291
102000074,969,1021,-52
102000075,204,307,-103
102000076,232,607,-375
102000077,368,1617,-1249
102000078,749,1171,-422
102000079,136,375,-239
102000080,224,275,-51
102000081,294,943,-649
102000082,830,377,453
102000083,293,778,-485
102000084,176,485,-309
102000085,1738,1711,27
102000086,1166,1841,-675
102000087,857,2599,-1742
102000088,256,327,-71
102000089,1026,527,499
102000090,451,1389,-938
102000091,1614,600,1014
102000092,836,1372,-536
102000093,608,846,-238
102000094,1314,605,709
102000095,1235,2031,-796
102000096,1535,932,603
102000097,1488,1519,-31
102000098,688,1542,-854
102000099,1153,602,551
102000100,890,983,-93
102000101,1331,427,904
102000102,338,1904,-1566
102000103,1371,420,951
102000104,1221,427,794
102000105,207,1014,-807
102000106,699,1151,-452
102000107,713,626,87
102000108,421,315,106
102000109,325,714,-389
102000110,507,1946,-1439
102000111,14,374,-360
102000112,145,97,48
102000113,16,25,-9
102000114,1149,465,684
102000115,200,242,-42
102000116,430,287,143
102000117,228,581,-353
102000118,1657,1075,582
102000119,2965,546,2419
102000120,205,643,-438
102000121,1015,652,363
102000122,479,942,-463
102000123,1746,1179,567
102000124,1284,1040,244
102000125,953,1050,-97
102000126,656,809,-153
102000127,988,852,136
102000128,541,1347,-806
102000129,1059,1139,-80
102000130,391,875,-484
102000131,2254,1048,1206
102000132,882,962,-80
102000133,1217,2748,-1531
102000134,450,959,-509
102000135,1106,755,351
102000136,1275,460,815
102000137,1460,928,532
102000138,386,513,-127
102000139,189,436,-247
102000140,490,269,221
102000141,577,630,-53
102000142,203,490,-287
102000143,101,631,-530
102000144,106,647,-541
102000145,286,482,-196
102000146,284,404,-120
102000147,352,373,-21
102000148,252,271,-19
102000149,114,705,-591
102000150,179,257,-78
102000151,106,400,-294
102000152,93,173,-80
102000153,833,336,497
102000154,444,641,-197
102000155,79,298,-219
102000156,381,67,314
102000157,105,184,-79
102000158,503,352,151
102000159,1899,372,1527
102000161,5966,1795,4171
102000162,170,133,37
102000163,113,484,-371
102000164,1507,891,616
102000165,305,168,137
102000166,36,106,-70
102000167,234,228,6
102000168,318,124,194
102000169,92,429,-337
102000170,731,135,596
102000171,166,89,77
102000172,90,259,-169
102000173,321,265,56
102000174,41,79,-38
102000175,138,141,-3
102000176,43,43,0
102000178,310,682,-372
102000179,349,263,86
102000180,516,701,-185
102000181,371,810,-439
102000182,420,763,-343
102000183,1118,2349,-1231
102000184,1111,1050,61
102000185,1683,1950,-267
102000186,750,2306,-1556
102000187,663,1996,-1333
102000188,598,1941,-1343
102000189,3343,1232,2111
102000190,693,2930,-2237
102000191,1572,684,888
102000192,690,1134,-444
102000193,37,214,-177
102000194,96,145,-49
102000195,369,764,-395
102000196,119,706,-587
102000197,377,644,-267
102000198,197,1227,-1030
102000199,561,493,68
102000200,294,1672,-1378
102000201,582,625,-43
102000202,17,169,-152
102000203,218,372,-154
102000204,288,1133,-845
102000205,652,735,-83
102000206,493,845,-352
102000207,930,543,387
102000208,335,724,-389
102000209,58,61,-3
102000210,217,619,-402
102000211,307,596,-289
102000212,160,13,147
102000213,4,430,-426
102000214,143,10,133
102000215,5,719,-714
102000216,35,36,-1
102000217,10,253,-243
102000218,135,114,21
102000219,397,461,-64
102000225,777,764,13
102000226,11677,1457,10220
102000227,120,6,114
102000228,2,115,-113
102000229,17,48,-31
102000230,341,733,-392
102000231,277,575,-298
102000232,14,217,-203
102000233,399,784,-385
102000234,95,1523,-1428
102000236,437,100,337
102000237,626,199,427
102000238,142,355,-213
102000240,702,522,180
102000241,257,147,110
102000243,21,54,-33
102000245,55,116,-61
102000246,91,25,66
102000247,2654,1090,1564
102000248,1330,601,729
102000249,107,202,-95
102000250,63,542,-479
102000254,50,550,-500
102000266,96,222,-126
102000271,23,0,23
102000286,546,409,137
102000297,1777,1138,639
102000299,0,0,0
102000301,0,0,0
102000303,0,0,0
102000305,0,0,0
102000307,0,9,-9
102000308,6,17,-11
102900001,1304,1199,105
102900002,380,28,352
102900003,25,353,-328
102900005,204,370,-166
102900006,353,265,88
102900007,284,18,266
102900008,258,138,120
102900009,499,226,273
102900010,662,540,122
102900011,2216,311,1905
102900012,311,48,263
102900013,20,145,-125
102900015,911,299,612
102900016,61,176,-115
102900017,104,786,-682
102900018,21,210,-189
102900019,424,632,-208
102900020,103,59,44
102900021,13,148,-135
102900022,406,64,342
102900023,22,69,-47
102900024,14,31,-17
102900025,339,128,211
102900026,667,1406,-739
102900027,32,61,-29
102900028,120,561,-441
102900029,128,174,-46
102900030,288,225,63
102900031,118,194,-76
102900032,34,168,-134
102900033,84,236,-152
102900034,289,175,114
102900035,84,582,-498
102900036,153,697,-544
102900037,162,838,-676
102900038,386,757,-371
102900039,44,444,-400
102900040,148,296,-148
102900041,84,210,-126
102900042,188,441,-253
102900043,110,284,-174
102900044,656,2312,-1656
102900045,113,631,-518
102900046,92,352,-260
102900047,47,791,-744
102900048,629,792,-163
102900049,83,392,-309
102900050,342,373,-31
102900051,172,201,-29
102900052,61,19,42
102900053,368,866,-498
102900054,1187,1183,4
102900055,98,141,-43
102900056,141,632,-491
102900057,7,41,-34
102900058,339,56,283
102900059,21,82,-61
102900060,98,568,-470
102900061,110,515,-405
102900062,166,1513,-1347
102900063,665,471,194
102900064,220,446,-226
102900065,2078,878,1200
102900066,345,38,307
102900068,72,81,-9
102900070,200,881,-681
102900072,14,43,-29
102900073,117,5,112
102900075,14,31,-17
102900076,342,69,273
102900077,41,26,15
102900078,56,101,-45
102900079,170,8,162
102900080,297,32,265
102900081,86,297,-211
102900082,6,255,-249
102900083,402,16,386
102900084,8,31,-23
102900085,116,74,42
102900086,2,39,-37
102900087,35,95,-60
102900088,21,23,-2
102900089,261,164,97
102900090,4,599,-595
102900091,141,4,137
102900092,189,1311,-1122
102900093,197,272,-75
102900094,0,36,-36
102900095,97,2,95
102900096,36,12,24
102900097,5,145,-140
103000001,2271,2639,-368
103000002,1969,2183,-214
103000003,3426,2694,732
103000004,1025,790,235
103000005,2324,2656,-332
103000006,742,1599,-857
103000007,404,1076,-672
103000008,899,1265,-366
103000009,745,985,-240
103000010,144,149,-5
103000011,1946,1285,661
103000012,1080,1305,-225
103000013,7398,2307,5091
103000014,1407,1948,-541
103000015,2689,934,1755
103000016,570,1097,-527
103000017,143,375,-232
103000018,1213,453,760
103000019,205,239,-34
103000020,1916,1463,453
103000021,1472,1654,-182
103000022,1050,1374,-324
103000023,468,1325,-857
103000024,155,216,-61
103000025,88,394,-306
103000026,2112,149,1963
103000027,303,548,-245
103000028,934,465,469
103000029,508,270,238
103000030,2459,754,1705
103000031,1942,1461,481
103000032,2225,1963,262
103000033,2800,2580,220
103000034,2006,1107,899
103000035,502,1021,-519
103000036,534,678,-144
103000037,726,576,150
103000038,565,900,-335
103000039,243,589,-346
103000040,228,1520,-1292
103000041,1694,3575,-1881
103000042,763,890,-127
103000043,400,1633,-1233
103000044,128,335,-207
103000046,295,448,-153
103000047,522,899,-377
103000048,134,181,-47
103000049,83,259,-176
103000050,640,830,-190
103000051,279,727,-448
103000052,677,514,163
103000053,139,584,-445
103000054,1962,1336,626
103000055,1453,1965,-512
103000056,543,2975,-2432
103000057,439,358,81
103000058,293,1107,-814
103000059,274,908,-634
103000060,622,998,-376
103000061,346,985,-639
103000062,998,1087,-89
103000063,655,712,-57
103000064,140,340,-200
103000065,4,389,-385
103000066,128,11,117
103000069,207,396,-189
103000070,727,1575,-848
103000071,745,426,319
103000072,112,1229,-1117
103000073,500,149,351
103000074,493,120,373
103000075,155,1200,-1045
103000076,185,224,-39
103000077,40,498,-458
103000078,1258,421,837
103000079,1907,466,1441
103000080,1401,240,1161
103000081,588,792,-204
103000082,366,176,190
103000083,87,448,-361
103000084,97,6,91
103000085,4,122,-118
103000086,743,330,413
103000087,111,515,-404
103000088,343,390,-47
103000089,191,319,-128
103000090,1747,1121,626
103000091,606,468,138
103000092,275,290,-15
103000093,304,606,-302
103000094,152,121,31
103000095,34,480,-446
103000096,876,115,761
103000097,79,760,-681
103000098,1102,147,955
103000099,395,710,-315
103000100,79,1178,-1099
103000101,576,176,400
103000102,122,809,-687
103000103,503,272,231
103000104,61,191,-130
103000105,108,142,-34
103000106,13,106,-93
103000107,286,98,188
103000108,523,561,-38
103000109,403,355,48
103000110,388,498,-110
103000111,603,379,224
103000112,331,252,79
103000113,648,668,-20
103000114,938,398,540
103000115,432,631,-199
103000116,411,666,-255
103000117,293,557,-264
103000118,1503,1286,217
103000119,2472,921,1551
103000120,104,149,-45
103000121,299,657,-358
103000122,344,277,67
103000125,6,687,-681
103000126,367,9,358
103000127,2,325,-323
103000128,104,4,100
103000129,1,162,-161
103000130,53,37,16
103000131,300,120,180
103000132,88,244,-156
103000133,8,235,-227
103000134,772,612,160
103000135,963,249,714
103000136,815,358,457
103000137,612,641,-29
103000138,962,732,230
103000139,1,46,-45
103000140,132,32,100
103000141,27,87,-60
103000142,132,61,71
103000143,45,242,-197
103000144,176,86,90
103000145,29,52,-23
103000150,76,69,7
103000152,248,206,42
103000153,147,170,-23
103000156,2,658,-656
103000157,259,7,252
103000159,88,145,-57
103000162,71,10,61
103000163,4,17,-13
103000164,10,6,4
103000165,174,522,-348
103000166,156,199,-43
103000167,159,112,47
103000168,75,214,-139
103000169,181,380,-199
103000170,422,598,-176
103000171,61,92,-31
103000172,257,370,-113
103000173,221,1085,-864
103000174,119,480,-361
103000175,195,584,-389
103000176,804,314,490
103000177,900,480,420
103000178,413,336,77
103000179,80,32,48
103000183,45,37,8
103000185,59,93,-34
103000186,54,196,-142
103000187,246,952,-706
103000188,16,126,-110
103000189,781,1208,-427
103000191,742,958,-216
103000292,3068,1181,1887
103000293,1754,1463,291
103000295,134,100,34
103000296,349,2,347
103000297,264,27,237
103000504,193,26,167
103000505,17,7,10
103000506,0,243,-243
103000507,117,3,114
103000508,76,35,41
103000509,188,614,-426
103900001,8,543,-535
103900002,2380,250,2130
103900003,2304,117,2187
103900004,53,0,53
103900005,3,326,-323
103900006,1,1,0
103900007,22,13,9
103900008,5,3,2
103900009,160,353,-193
103900010,135,342,-207
103900011,100,325,-225
103900012,10,13,-3
103900013,49,93,-44
103900014,23,14,9
103900015,18,27,-9
103900016,330,254,76
103900017,34,109,-75
103900018,868,202,666
103900019,64,240,-176
103900020,174,341,-167
103900021,1073,70,1003
103900022,958,771,187
103900023,79,4,75
103900024,127,907,-780
103900025,6,64,-58
103900026,27,0,27
103900027,472,368,104
103900028,10,268,-258
103900029,976,151,825
103900030,173,40,133
103900031,12,0,12
103900032,56,49,7
103900033,81,5,76
103900034,31,337,-306
103900035,50,74,-24
103900036,20,32,-12
103900037,28,53,-25
103900038,94,123,-29
103900039,46,519,-473
103900040,5,298,-293
103900041,17,38,-21
103900042,20,523,-503
103900043,101,149,-48
103900044,289,181,108
103900045,148,207,-59
103900047,58,31,27
103900048,55,14,41
103900049,280,1672,-1392
103900050,4,104,-100
103900051,0,34,-34
103900052,149,744,-595
103900053,124,1344,-1220
103900054,105,812,-707
103900055,331,288,43
103900056,14,52,-38
103900057,15,317,-302
103900058,106,1009,-903
103900059,0,2,-2
103900060,17,313,-296
103900061,66,68,-2
103900062,150,62,88
103900063,7,0,7
103900064,58,1,57
103900065,864,373,491
103900066,58,8,50
103900067,82,9,73
103900068,3,0,3
103900069,46,10,36
103900070,124,364,-240
103900071,12,197,-185
103900072,8,440,-432
103900073,25,21,4
103900074,41,113,-72
103900075,158,115,43
103900076,272,1000,-728
103900077,63,58,5
103900078,127,181,-54
103900079,137,245,-108
103900080,14,29,-15
103900081,105,19,86
103900082,7,107,-100
103900083,2427,449,1978
103900084,57,163,-106
103900085,87,122,-35
103900086,378,298,80
103900087,17,106,-89
103900088,426,266,160
103900089,38,167,-129
103900090,0,305,-305
103900091,1032,294,738
103900092,358,517,-159
103900093,109,471,-362
103900094,13,211,-198
103900095,187,185,2
103900096,20,348,-328
103900097,10,694,-684
103900098,158,103,55
103900099,28,367,-339
103900100,112,480,-368
103900101,55,1281,-1226
103900102,1,37,-36
103900104,2,51,-49
103900105,158,244,-86
103900106,0,11,-11
103900107,107,326,-219
103900108,66,552,-486
103900109,51,136,-85
103900110,161,50,111
103900111,29,1070,-1041
103900112,17,74,-57
103900113,126,189,-63
103900114,516,328,188
103900115,261,92,169
103900116,7909,1807,6102
103900117,266,153,113
103900119,29,47,-18
103900120,38,129,-91
103900122,57,483,-426
103900123,1814,605,1209
103900124,33,668,-635
103900125,57,107,-50
103900126,238,605,-367
103900127,100,837,-737
103900128,76,228,-152
103900131,37,184,-147
103900133,840,39,801
103900134,1,3,-2
103900135,0,11,-11
103900137,0,54,-54
103900138,60,484,-424
103900139,208,1072,-864
103900140,2,58,-56
103900141,275,108,167
103900142,49,314,-265
103900143,21,2,19
103900144,1,98,-97
103900145,245,382,-137
103900146,279,417,-138
103900147,279,156,123
103900148,118,326,-208
103900149,104,1042,-938
103900150,9973,2349,7624
103900151,43,229,-186
103900152,225,916,-691
103900153,3,1,2
103900154,1633,1034,599
103900155,20,295,-275
103900156,22,261,-239
103900157,25,342,-317
103900158,31,287,-256
103900159,47,79,-32
103900160,19,24,-5
103900161,73,251,-178
103900162,44,268,-224
103900163,11,503,-492
103900167,24,80,-56
103900168,78,207,-129
103900169,48,48,0
103900170,1,121,-120
103900171,2,94,-92
103900172,11,41,-30
103900173,4,9,-5
103900174,78,94,-16
103900175,71,42,29
103900176,20,21,-1
103900177,4,37,-33
103900178,14,123,-109
103900179,29,200,-171
103900180,12,207,-195
103900181,85,38,47
103900182,47,16,31
103900184,666,46,620
103900185,325,134,191
103900187,81,43,38
103900188,45,18,27
103900189,101,5,96
103900190,62,45,17
103900191,26,85,-59
103900192,29,118,-89
103900193,263,197,66
103900194,55,532,-477
103900195,3,42,-39
103900196,23,20,3
103900197,11,40,-29
103900198,30,84,-54
103900199,137,99,38
103900200,142,195,-53
103900201,94,215,-121
103900202,16,92,-76
103900203,28,24,4
103900204,1,215,-214
103900207,2,248,-246
103900208,31,1,30
103900209,23,139,-116
103900210,29,28,1
103900211,405,780,-375
103900212,78,579,-501
103900213,261,218,43
103900214,235,117,118
103900215,688,233,455
103900216,18,591,-573
103900217,385,76,309
103900218,0,248,-248
103900219,86,389,-303
103900233,72,4,68
103900235,32,15,17
103900236,21,1,20
103900242,6,8,-2
103900243,8,0,8
103900244,74,486,-412
103900245,87,337,-250
103900246,55,57,-2
103900247,52,128,-76
103900248,10,24,-14
103900249,3,28,-25
103900250,39,34,5
103900251,0,38,-38
103900253,32,69,-37
103900254,4,7,-3
103900255,14,10,4
103900256,12,19,-7
103900257,86,117,-31
103900258,37,3,34
103900259,58,10,48
103900261,8,5,3
103900262,18,3,15
103900263,40,30,10
103900264,66,20,46
103900265,45,13,32
103900266,1,54,-53
103900267,7,78,-71
103900268,5,140,-135
103900269,107,54,53
103900270,20,164,-144
103900271,14,301,-287
103900272,49,87,-38
103900273,7,50,-43
103900274,37,24,13
103900275,25,11,14
103900276,6,202,-196
103900277,3,206,-203
104000001,2170,2564,-394
104000002,1699,3140,-1441
104000003,2334,2472,-138
104000004,3444,2719,725
104000005,1080,1914,-834
104000006,2815,3559,-744
104000007,4538,4047,491
104000008,241,632,-391
104000009,147,113,34
104000010,167,222,-55
104000011,847,551,296
104000012,156,631,-475
104000013,116,157,-41
104000014,237,935,-698
104000015,205,253,-48
104000016,630,505,125
104000018,541,173,368
104000019,452,140,312
104000020,189,1087,-898
104000021,311,875,-564
104000022,187,369,-182
104000023,429,425,4
104000024,191,590,-399
104000026,41,467,-426
104000027,256,496,-240
104000028,386,307,79
104000029,622,683,-61
104000030,311,342,-31
104000031,729,379,350
104000032,219,460,-241
104000033,486,467,19
104000034,287,593,-306
104000035,591,512,79
104000036,508,918,-410
104000037,211,436,-225
104000038,277,377,-100
104000039,246,556,-310
104000040,626,573,53
104000041,462,374,88
104000042,211,572,-361
104000043,244,525,-281
104000044,242,922,-680
104000045,980,1620,-640
104000046,1631,1823,-192
104000047,781,1681,-900
104000048,1185,2671,-1486
104000049,296,306,-10
104000050,256,642,-386
104000051,55,788,-733
104000052,999,1571,-572
104000053,713,790,-77
104000054,536,861,-325
104000055,3962,3662,300
104000056,1742,252,1490
104000057,100,630,-530
104000058,647,855,-208
104000059,490,1338,-848
104000060,720,1215,-495
104000061,1051,1558,-507
104000062,194,166,28
104000064,466,337,129
104000065,140,420,-280
104000069,1777,675,1102
104000070,37,379,-342
104000071,147,446,-299
104000072,446,271,175
104000075,89,310,-221
104000076,422,103,319
104000082,2066,2739,-673
104000083,669,231,438
104000084,129,615,-486
104000085,234,237,-3
104000086,179,551,-372
104000087,590,1216,-626
104000090,720,2027,-1307
104000092,714,3411,-2697
104000094,771,2754,-1983
104000095,1504,1580,-76
104000096,1010,570,440
104000097,1324,1422,-98
104000098,1299,1610,-311
104000100,1169,851,318
104000101,850,2749,-1899
104000106,74,682,-608
104000107,589,617,-28
104000108,437,766,-329
104000109,222,69,153
104000110,849,1135,-286
104000111,7180,1978,5202
104000112,3191,655,2536
104000116,2,1593,-1591
104000117,127,1203,-1076
104000118,385,381,4
104000119,378,302,76
104000120,242,1291,-1049
104000121,167,668,-501
104000122,479,775,-296
104000123,1041,1329,-288
104000124,1794,3152,-1358
104000125,5794,3448,2346
104000126,314,555,-241
104000127,1620,3756,-2136
104000128,856,568,288
104000129,564,38,526
104000130,6,310,-304
104000131,1233,842,391
104000132,756,999,-243
104000133,1022,930,92
104000134,983,1459,-476
104000135,391,1197,-806
104000136,1033,2826,-1793
104000137,2056,366,1690
104000138,1628,457,1171
104000139,10989,3484,7505
104000141,1530,2182,-652
104000142,683,1205,-522
104000143,484,940,-456
104000144,60,232,-172
104000145,365,201,164
104000146,496,645,-149
104000147,130,429,-299
104000148,209,171,38
104000149,160,551,-391
104000150,845,529,316
104000151,412,856,-444
104000152,437,998,-561
104000153,354,456,-102
104000154,1292,956,336
104000155,374,554,-180
104000157,1319,2214,-895
104000158,462,321,141
104000159,549,389,160
104000160,1833,1602,231
104000161,237,216,21
104000162,40,141,-101
104000165,1680,1295,385
104000167,466,617,-151
104000168,601,5,596
104000169,52,73,-21
104000170,958,352,606
104000248,226,1061,-835
104000251,70,396,-326
104000272,0,0,0
104000273,0,0,0
104000274,0,0,0
104000275,0,0,0
104000279,743,698,45
104000290,75,402,-327
104000291,491,1288,-797
104000293,575,890,-315
104000294,9,1,8
104000295,454,987,-533
104000296,276,925,-649
104000297,879,1939,-1060
104000298,2326,1201,1125
104000299,754,1477,-723
104900001,121,572,-451
104900002,38,89,-51
104900003,48,449,-401
104900004,91,480,-389
104900005,170,182,-12
104900006,118,111,7
104900007,188,337,-149
104900009,105,638,-533
104900010,29,26,3
104900011,6,7,-1
104900012,155,11,144
104900013,109,10,99
104900014,4827,466,4361
104900015,76,4,72
104900016,109,403,-294
104900017,83,217,-134
104900018,5,279,-274
104900019,331,1495,-1164
104900020,53,303,-250
104900021,1,446,-445
104900022,15,179,-164
104900023,1,166,-165
104900024,15,121,-106
104900025,42,447,-405
104900026,5,136,-131
104900027,238,258,-20
104900028,31,126,-95
104900029,60,92,-32
104900030,419,201,218
104900031,201,260,-59
104900032,47,220,-173
104900033,99,191,-92
104900034,262,95,167
104900035,178,137,41
104900036,81,85,-4
104900037,133,367,-234
104900038,749,436,313
104900039,1106,189,917
104900040,184,80,104
104900041,178,151,27
104900042,115,425,-310
104900043,7,51,-44
104900044,314,224,90
104900045,293,47,246
104900046,53,137,-84
104900047,197,140,57
104900048,178,101,77
104900049,12,16,-4
104900050,90,106,-16
104900051,129,57,72
104900052,41,1,40
104900053,291,98,193
104900054,141,27,114
104900055,59,0,59
104900056,114,12,102
104900057,12,1,11
104900058,749,204,545
104900059,25,46,-21
104900060,1,460,-459
104900061,309,860,-551
104900063,0,191,-191
104900064,0,151,-151
104900065,0,156,-156
104900066,4,295,-291
104900067,7,404,-397
104900068,17,292,-275
104900070,129,363,-234
104900071,1,976,-975
104900072,37,257,-220
104900073,37,446,-409
104900074,51,292,-241
104900075,52,123,-71
104900076,78,460,-382
104900077,1662,119,1543
104900078,157,929,-772
104900079,128,229,-101
104900080,42,628,-586
104900082,9,431,-422
104900085,15,307,-292
104900087,330,12,318
104900089,69,0,69
104900090,455,552,-97
104900091,444,1124,-680
104900093,241,736,-495
104900097,4070,1607,2463
104900098,81,32,49
104900099,148,476,-328
104900100,900,232,668
104900102,21,321,-300
104900103,538,114,424
104900104,5027,1512,3515
104900106,46,166,-120
104900107,48,417,-369
104900108,37,412,-375
104900109,97,203,-106
104900110,8,75,-67
104900111,97,177,-80
104900112,187,1387,-1200
104900113,496,552,-56
104900114,198,880,-682
104900115,363,628,-265
104900116,118,394,-276
104900118,12,87,-75
104900119,2,38,-36
104900120,90,46,44
104900121,2,175,-173
104900122,2,96,-94
104900123,30,5,25
104900124,16,1,15
104900125,504,6,498
104900126,104,69,35
104900127,16,29,-13
104900128,77,180,-103
104900129,3688,1090,2598
105000001,2242,2068,174
105000002,1976,1978,-2
105000003,2675,4545,-1870
105000004,450,1174,-724
105000005,736,1317,-581
105000006,1051,1651,-600
105000007,959,1317,-358
105000008,917,1819,-902
105000009,1173,2814,-1641
105000010,3492,3145,347
105000011,2024,2040,-16
105000012,4631,4009,622
105000013,648,995,-347
105000014,1159,2214,-1055
105000015,11310,6796,4514
105000016,4849,2233,2616
105000017,1753,1242,511
105000018,1411,1061,350
105000019,1794,1052,742
105000020,138,366,-228
105000021,302,115,187
105000022,199,59,140
105000023,526,214,312
105000028,89,203,-114
105000029,329,1079,-750
105000030,4688,4339,349
105000033,1028,2517,-1489
105000034,153,656,-503
105000037,660,664,-4
105000038,1930,1511,419
105000039,3506,2481,1025
105000040,759,877,-118
105000041,777,1726,-949
105000042,3190,1302,1888
105000043,2650,3152,-502
105000044,359,472,-113
105000045,359,1167,-808
105000046,608,407,201
105000047,451,1817,-1366
105000048,458,249,209
105000049,264,938,-674
105000050,441,444,-3
105000051,209,582,-373
105000052,973,1095,-122
105000053,136,210,-74
105000054,265,1331,-1066
105000055,428,480,-52
105000056,843,3322,-2479
105000057,1071,1144,-73
105000058,1410,1779,-369
105000059,527,605,-78
105000060,507,854,-347
105000061,372,600,-228
105000062,861,1454,-593
105000063,321,929,-608
105000064,780,898,-118
105000065,324,1233,-909
105000066,1055,2746,-1691
105000067,787,725,62
105000068,601,1209,-608
105000069,3511,735,2776
105000070,952,873,79
105000071,248,511,-263
105000072,732,1068,-336
105000073,707,541,166
105000074,1039,1194,-155
105000075,567,943,-376
105000076,1220,1157,63
105000077,2049,881,1168
105000078,1509,1310,199
105000079,2012,1965,47
105000080,2260,1263,997
105000081,1391,847,544
105000082,570,571,-1
105000083,1408,970,438
105000084,553,1364,-811
105000085,1407,1202,205
105000086,585,1060,-475
105000087,2978,2179,799
105000088,1609,1610,-1
105000089,3812,2548,1264
105000090,1140,1012,128
105000091,1960,2164,-204
105000092,654,1301,-647
105000093,355,230,125
105000094,244,233,11
105000095,116,395,-279
105000096,1021,733,288
105000097,1041,709,332
105000098,774,672,102
105000099,807,1103,-296
105000100,929,1188,-259
105000101,1692,2560,-868
105000102,2561,1785,776
105000103,1864,2821,-957
105000104,1684,1252,432
105000105,1067,2448,-1381
105000106,1029,1901,-872
105000107,749,1147,-398
105000108,1036,2085,-1049
105000109,1033,1975,-942
105000110,619,968,-349
105000111,553,711,-158
105000112,961,1147,-186
105000113,381,755,-374
105000114,4191,1102,3089
105000115,312,829,-517
105000116,427,591,-164
105000117,787,1842,-1055
105000118,303,376,-73
105000119,475,1579,-1104
105000120,585,586,-1
105000121,768,1457,-689
105000122,274,526,-252
105000123,1109,1969,-860
105000124,1275,1115,160
105000125,569,2436,-1867
105000126,1788,2792,-1004
105000127,2199,2528,-329
105000128,362,2011,-1649
105000129,838,367,471
105000130,109,1123,-1014
105000131,650,487,163
105000132,580,508,72
105000133,366,1514,-1148
105000134,421,638,-217
105000135,477,883,-406
105000136,131,433,-302
105000137,157,210,-53
105000138,241,490,-249
105000139,1141,1338,-197
105000140,174,602,-428
105000141,222,860,-638
105000142,75,631,-556
105000143,217,964,-747
105000144,280,876,-596
105000145,433,630,-197
105000146,560,897,-337
105000147,356,438,-82
105000148,971,650,321
105000149,1557,2009,-452
105000150,2396,1773,623
105000151,315,470,-155
105000152,144,860,-716
105000153,507,578,-71
105000154,639,1096,-457
105000155,295,768,-473
105000156,926,1120,-194
105000157,985,2539,-1554
105000158,1613,944,669
105000159,301,1679,-1378
105000160,1303,698,605
105000161,712,2383,-1671
105000162,479,1307,-828
105000163,1535,1518,17
105000164,249,431,-182
105000165,1774,3571,-1797
105000166,9368,412,8956
105000167,3790,1272,2518
105000168,229,1177,-948
105000169,244,616,-372
105000170,126,1479,-1353
105000171,1132,416,716
105000172,59,78,-19
105000173,42,48,-6
105000174,33,37,-4
105000175,62,150,-88
105000176,123,71,52
105000177,104,105,-1
105000178,118,885,-767
105000179,174,151,23
105000180,78,111,-33
105000181,42,666,-624
105000182,26,43,-17
105000183,3146,1518,1628
105000184,1447,1034,413
105000185,1696,805,891
105000186,378,1108,-730
105000187,703,265,438
105000188,324,140,184
105000189,150,653,-503
105000190,172,425,-253
105000191,309,520,-211
105000192,169,68,101
105000193,75,171,-96
105000194,165,101,64
105000195,309,1398,-1089
105000196,61,112,-51
105000197,267,949,-682
105000198,673,327,346
105000199,240,250,-10
105000200,131,267,-136
105000201,106,21,85
105000203,8,333,-325
105000204,39,121,-82
105000205,71,330,-259
105000207,842,280,562
105000208,339,437,-98
105000209,224,399,-175
105000212,998,1886,-888
105000213,244,195,49
105000214,80,340,-260
105000215,220,376,-156
105000216,65,466,-401
105000217,154,381,-227
105000218,704,1143,-439
105000221,177,294,-117
105000222,82,52,30
105000223,127,208,-81
105000226,13,498,-485
105000227,25,287,-262
105000228,381,933,-552
105000229,78,267,-189
105000231,165,295,-130
105000233,590,710,-120
105000234,485,1581,-1096
105000235,216,567,-351
105000237,579,60,519
105000243,31,300,-269
105000248,57,69,-12
105000262,230,2400,-2170
105000269,98,184,-86
105000270,279,123,156
105000271,1,353,-352
105000282,102,47,55
105000287,371,164,207
105000288,786,548,238
105000289,1176,1028,148
105000290,4,4,0
105000402,5672,2197,3475
105000426,427,547,-120
105000438,992,704,288
105000446,17970,5713,12257
105000447,10927,3242,7685
105000454,210,1274,-1064
105000455,229,224,5
105000474,5,0,5
105000477,205,472,-267
105000478,1406,2199,-793
105000479,117,147,-30
105000480,2025,2099,-74
105000481,2675,2224,451
105000482,5221,2986,2235
105000483,1063,1329,-266
105000484,2531,2914,-383
105000485,1195,1448,-253
105000486,3603,2654,949
105000488,3704,3171,533
105000489,562,1007,-445
105000549,34,161,-127
105000550,422,1647,-1225
105000551,21,141,-120
105000552,4053,2240,1813
105900001,5,1108,-1103
105900002,2027,431,1596
105900003,17,106,-89
105900004,428,144,284
105900005,7,286,-279
105900006,19,55,-36
105900007,137,18,119
105900008,51,919,-868
105900009,22,12,10
105900011,301,45,256
105900012,378,153,225
105900013,1,20,-19
105900014,1,71,-70
105900015,181,459,-278
105900016,225,694,-469
105900017,764,55,709
105900018,331,299,32
105900019,70,510,-440
105900020,49,74,-25
105900021,13,352,-339
105900022,210,466,-256
105900023,3,145,-142
105900024,13,226,-213
105900025,36,55,-19
105900026,206,49,157
105900027,5505,5694,-189
105900028,85,171,-86
105900029,2276,388,1888
105900030,152,281,-129
105900031,661,195,466
105900032,49,169,-120
105900033,47,128,-81
105900034,186,334,-148
105900035,164,296,-132
105900036,29,161,-132
105900037,40,78,-38
105900038,113,293,-180
105900039,45,175,-130
105900040,62,99,-37
105900041,140,534,-394
105900042,38,161,-123
105900043,2043,81,1962
105900044,3,191,-188
105900045,1,653,-652
105900046,6,247,-241
105900047,9,22,-13
105900048,100,607,-507
105900050,4653,1280,3373
105900051,18,1407,-1389
105900052,264,162,102
105900053,4909,1454,3455
105900054,360,366,-6
105900056,964,256,708
105900057,39,253,-214
105900058,15,30,-15
105900059,0,62,-62
106000001,4248,1558,2690
106000002,3128,5091,-1963
106000003,3103,2748,355
106000004,2587,2838,-251
106000005,2327,5429,-3102
106000006,6087,5505,582
106000007,462,532,-70
106000008,474,393,81
106000009,389,340,49
106000010,586,775,-189
106000011,664,971,-307
106000012,762,1922,-1160
106000013,1464,1846,-382
106000014,2172,2297,-125
106000015,1299,1209,90
106000016,1242,3058,-1816
106000017,724,790,-66
106000018,531,650,-119
106000019,206,486,-280
106000020,212,505,-293
106000021,288,539,-251
106000022,307,434,-127
106000023,594,411,183
106000024,657,1061,-404
106000025,100,235,-135
106000026,143,400,-257
106000027,802,1410,-608
106000028,588,1056,-468
106000029,835,1787,-952
106000030,967,343,624
106000034,202,687,-485
106000035,798,1029,-231
106000036,435,427,8
106000037,1822,1882,-60
106000038,562,71,491
106000039,227,57,170
106000040,186,923,-737
106000041,822,314,508
106000043,509,67,442
106000046,333,39,294
106000047,40,438,-398
106000049,524,166,358
106000050,248,1165,-917
106000051,366,413,-47
106000052,75,781,-706
106000053,215,118,97
106000054,336,552,-216
106000055,685,1125,-440
106000056,293,569,-276
106000057,206,228,-22
106000058,153,240,-87
106000059,145,339,-194
106000060,641,685,-44
106000061,213,479,-266
106000062,165,795,-630
106000063,531,553,-22
106000064,36,514,-478
106000065,277,244,33
106000066,67,451,-384
106000067,231,125,106
106000068,70,755,-685
106000069,134,142,-8
106000070,293,972,-679
106000071,755,439,316
106000072,5053,1600,3453
106000073,2109,2275,-166
106000074,332,703,-371
106000075,244,1196,-952
106000076,1472,1906,-434
106000077,3439,1485,1954
106000078,739,1091,-352
106000079,484,1217,-733
106000080,988,974,14
106000081,500,1135,-635
106000082,2631,1075,1556
106000083,292,1371,-1079
106000084,1037,786,251
106000085,1622,1290,332
106000086,686,813,-127
106000087,808,650,158
106000088,337,794,-457
106000089,718,557,161
106000090,300,668,-368
106000091,256,753,-497
106000092,588,294,294
106000093,203,70,133
106000094,113,484,-371
106000095,393,1494,-1101
106000096,642,734,-92
106000097,750,1793,-1043
106000098,467,1235,-768
106000099,151,1157,-1006
106000100,1168,393,775
106000101,2196,340,1856
106000102,351,632,-281
106000103,219,795,-576
106000104,1051,439,612
106000105,406,1152,-746
106000106,526,449,77
106000107,80,552,-472
106000108,187,440,-253
106000109,111,422,-311
106000110,123,433,-310
106000111,198,791,-593
106000112,147,551,-404
106000113,1213,789,424
106000114,462,466,-4
106000115,178,665,-487
106000116,137,297,-160
106000117,943,1026,-83
106000118,946,1094,-148
106000119,2906,1393,1513
106000120,710,905,-195
106000121,188,246,-58
106000122,54,494,-440
106000123,215,400,-185
106000124,27,424,-397
106000125,28,450,-422
106000126,101,245,-144
106000127,588,1181,-593
106000128,439,398,41
106000129,345,949,-604
106000130,454,456,-2
106000131,145,849,-704
106000132,971,157,814
106000133,4358,1216,3142
106000134,1053,2166,-1113
106000135,234,1140,-906
106000136,628,681,-53
106000137,76,1800,-1724
106000138,711,60,651
106000139,37,159,-122
106000140,21,119,-98
106000141,42,173,-131
106000142,88,117,-29
106000143,24,142,-118
106000144,23,80,-57
106000145,117,469,-352
106000146,224,231,-7
106000147,389,758,-369
106000148,629,966,-337
106000149,463,474,-11
106000150,388,1883,-1495
106000151,5660,963,4697
106000152,1875,1469,406
106000153,114,1634,-1520
106000154,1872,303,1569
106000155,85,216,-131
106000156,594,343,251
106000157,649,2276,-1627
106000158,3520,916,2604
106000159,5663,1570,4093
106000160,222,1747,-1525
106000161,1640,591,1049
106000162,157,627,-470
106000163,235,740,-505
106000164,212,423,-211
106000165,173,863,-690
106000166,348,391,-43
106000167,270,1826,-1556
106000168,234,317,-83
106000169,161,1096,-935
106000170,314,310,4
106000171,82,1100,-1018
106000172,2156,1178,978
106000173,741,3505,-2764
106000174,861,350,511
106000175,307,1374,-1067
106000176,1029,721,308
106000177,823,2763,-1940
106000178,2524,1856,668
106000179,1079,2697,-1618
106000180,777,2423,-1646
106000181,368,2553,-2185
106000182,567,859,-292
106000183,719,1465,-746
106000184,806,1377,-571
106000185,557,1125,-568
106000186,943,212,731
106000187,279,858,-579
106000188,0,4,-4
106000189,4,62,-58
106000190,4,0,4
106000191,545,200,345
106000192,2,29,-27
106000193,315,185,130
106000194,148,414,-266
106000195,866,180,686
106000196,235,533,-298
106000197,269,474,-205
106000198,157,394,-237
106000199,1002,638,364
106000200,553,190,363
106000201,540,1388,-848
106000202,8866,707,8159
106000203,251,246,5
106000204,27,11,16
106000205,20,195,-175
106000206,79,16,63
106000207,67,1099,-1032
106000208,705,89,616
106000209,912,292,620
106000210,199,1729,-1530
106000211,355,1892,-1537
106000212,485,162,323
106000213,792,1626,-834
106000214,2669,521,2148
106000215,220,628,-408
106000216,283,321,-38
106000217,312,528,-216
106000218,466,360,106
106000219,141,339,-198
106000220,441,326,115
106000221,77,426,-349
106000222,38,163,-125
106000223,82,115,-33
106000224,111,406,-295
106000225,60,93,-33
106000226,109,394,-285
106000228,25,96,-71
106000229,65,916,-851
106000231,521,165,356
106000232,79,495,-416
106000233,316,168,148
106000234,64,310,-246
106000235,318,94,224
106000236,232,62,170
106000237,2,10,-8
106000238,2,8,-6
106000239,2,103,-101
106000240,20,10,10
106000241,7,844,-837
106000242,167,11,156
106000249,51,99,-48
106000250,50,419,-369
106000251,64,27,37
106000252,43,170,-127
106000253,14,50,-36
106000254,42,92,-50
106000255,12,92,-80
106000256,54,127,-73
106000257,91,370,-279
106000258,164,12,152
106000259,3,37,-34
106000260,11,5,6
106000261,1,108,-107
106000262,33,17,16
106000263,8,111,-103
106000264,148,6,142
106000265,12,163,-151
106000266,116,5,111
106000267,2,106,-104
106000268,451,22,429
106000269,107,83,24
106000270,147,496,-349
106000271,47,217,-170
106000272,99,77,22
106000273,6,218,-212
106000274,149,49,100
106000275,148,171,-23
106000276,159,76,83
106000277,146,194,-48
106000278,182,61,121
106000279,15,105,-90
106000280,64,192,-128
106000281,65,118,-53
106000282,81,69,12
106000283,97,137,-40
106000284,59,162,-103
106000285,110,174,-64
106000286,72,174,-102
106000287,56,102,-46
106000288,78,186,-108
106000289,89,158,-69
106000290,52,122,-70
106000291,80,161,-81
106000292,83,142,-59
106000293,104,157,-53
106000294,110,148,-38
106000295,46,68,-22
106000296,62,130,-68
106000297,79,271,-192
106000298,186,71,115
106000299,50,181,-131
106000300,39,137,-98
106000301,73,117,-44
106000303,17,62,-45
106000304,43,48,-5
106000305,26,59,-33
106000306,29,100,-71
106000307,74,21,53
106000308,40,227,-187
106000309,37,97,-60
106000310,193,727,-534
106000311,247,124,123
106000312,64,267,-203
106000313,84,242,-158
106000318,240,279,-39
106000319,545,51,494
106000320,6,68,-62
106000321,379,83,296
106000322,83,282,-199
106000324,5,248,-243
106000325,1064,936,128
106000326,1032,2322,-1290
106000327,54,179,-125
106000328,10,109,-99
106000329,57,342,-285
106000330,58,48,10
106000428,37,203,-166
106000429,100,645,-545
106000430,349,1829,-1480
106000431,1249,305,944
106000432,1718,3182,-1464
106000433,1446,738,708
106000434,2478,957,1521
106000435,2282,2879,-597
106000436,12,366,-354
106000437,168,36,132
106000438,371,142,229
106000439,62,617,-555
106000440,381,674,-293
106000441,3,0,3
106000442,156,16,140
106000443,93,703,-610
106000450,3,241,-238
106000451,13,17,-4
106000454,2,145,-143
106000455,30,181,-151
106000456,105,27,78
106000457,21,1390,-1369
106000458,279,192,87
106000459,50,562,-512
106000460,509,59,450
106000461,42,2628,-2586
106000462,0,21,-21
106000463,6,32,-26
106000464,5,834,-829
106000465,209,1,208
106000466,3,1017,-1014
106000467,428,674,-246
106000468,32,237,-205
106000469,284,17,267
106000470,292,1568,-1276
106000471,34,938,-904
106000472,78,9,69
106000473,22,22,0
106000474,255,862,-607
106000475,185,172,13
106000476,209,154,55
106000477,15,54,-39
106900001,0,14,-14
106900002,4,897,-893
106900003,361,1164,-803
106900004,1,78,-77
106900006,0,26,-26
106900007,0,12,-12
106900008,107,415,-308
106900009,140,552,-412
106900010,179,532,-353
106900012,2698,2103,595
106900013,702,84,618
106900014,28,3,25
106900015,17,0,17
106900016,187,3,184
106900017,3,0,3
106900018,0,0,0
106900019,60,5,55
106900020,3783,859,2924
106900021,29,51,-22
106900022,207,0,207
106900023,13,331,-318
106900024,613,20,593
106900025,66,980,-914
106900026,4,1056,-1052
106900027,287,1,286
107000001,3679,1902,1777
107000002,6169,4391,1778
107000003,3809,4934,-1125
107000004,5466,7035,-1569
107000005,2075,4093,-2018
107000006,3678,7403,-3725
107000007,4872,7957,-3085
107000008,19111,13328,5783
107000009,4826,5304,-478
107000010,12070,14476,-2406
107000011,1737,1388,349
107000012,5374,4729,645
107000013,51,172,-121
107000014,15,330,-315
107000015,307,1114,-807
107000016,377,1504,-1127
107000017,7082,1313,5769
107000018,33,658,-625
107000020,4305,762,3543
107000021,1376,965,411
107000022,1310,2016,-706
107000023,1828,382,1446
107000024,543,2461,-1918
107000025,191,452,-261
107000026,166,902,-736
107000027,972,1100,-128
107000028,1379,2065,-686
107000029,1769,2018,-249
107000030,3742,4193,-451
107000031,2447,2061,386
107000032,341,1101,-760
107000033,4477,6725,-2248
107000034,6326,2667,3659
107000035,288,204,84
107000036,393,1097,-704
107000037,69,713,-644
107000038,227,314,-87
107000039,906,585,321
107000040,168,379,-211
107000041,1596,819,777
107000042,821,1981,-1160
107000043,3689,1140,2549
107000044,822,453,369
107000045,95,287,-192
107000046,594,441,153
107000047,372,924,-552
107000048,556,363,193
107000049,477,901,-424
107000050,734,524,210
107000051,656,396,260
107000052,986,736,250
107000053,297,186,111
107000054,78,302,-224
107000055,109,107,2
107000056,469,1067,-598
107000057,1807,231,1576
107000058,2111,2244,-133
107000059,2486,3939,-1453
107000060,3504,5475,-1971
107000061,6277,4828,1449
107000062,2557,3161,-604
107000063,3977,7556,-3579
107000064,2836,2161,675
107000065,3876,7118,-3242
107000066,1671,2294,-623
107000067,809,1023,-214
107000068,1575,636,939
107000069,546,514,32
107000070,363,5,358
107000071,1627,21,1606
107000072,65,4772,-4707
107000073,255,149,106
107000074,200,1187,-987
107000075,1011,336,675
107000076,995,2332,-1337
107000077,2203,702,1501
107000078,2165,4409,-2244
107000079,1544,562,982
107000080,1441,4017,-2576
107000081,948,489,459
107000082,566,3486,-2920
107000083,795,306,489
107000084,540,3023,-2483
107000085,2745,3187,-442
107000086,4132,3402,730
107000087,2513,2089,424
107000088,2940,3936,-996
107000089,1343,1941,-598
107000090,932,1236,-304
107000091,938,1077,-139
107000092,701,1309,-608
107000093,859,881,-22
107000094,844,1657,-813
107000095,511,682,-171
107000096,715,1461,-746
107000097,424,236,188
107000098,353,859,-506
107000099,582,289,293
107000100,370,433,-63
107000101,66,212,-146
107000102,458,439,19
107000103,280,209,71
107000104,270,458,-188
107000105,339,143,196
107000106,139,430,-291
107000107,377,211,166
107000108,135,1053,-918
107000109,339,161,178
107000110,73,819,-746
107000111,158,40,118
107000112,20,543,-523
107000113,311,94,217
107000114,82,926,-844
107000115,393,87,306
107000116,119,1278,-1159
107000117,116,234,-118
107000118,229,351,-122
107000119,2322,1127,1195
107000120,2973,412,2561
107000121,467,738,-271
107000122,943,1091,-148
107000123,258,1058,-800
107000124,358,912,-554
107000125,521,1185,-664
107000126,705,1415,-710
107000129,187,931,-744
107000130,256,257,-1
107000131,410,775,-365
107000132,434,331,103
107000133,724,176,548
107000134,301,4,297
107000135,4,243,-239
107000136,763,6,757
107000137,20,437,-417
107000138,376,24,352
107000139,21,427,-406
107000140,733,75,658
107000141,102,991,-889
107000142,246,42,204
107000143,56,1135,-1079
107000144,241,360,-119
107000145,143,730,-587
107000146,167,276,-109
107000147,3295,778,2517
107000150,1098,2415,-1317
107000151,41,58,-17
107000152,551,525,26
107000153,453,641,-188
107000154,215,123,92
107000155,577,40,537
107000156,906,44,862
107000157,40,3214,-3174
107000158,296,28,268
107000159,32,1874,-1842
107000160,510,115,395
107000161,88,2588,-2500
107000162,139,332,-193
107000163,21,1,20
107000164,194,1,193
107000165,513,1,512
107000166,67,1989,-1922
107000167,343,341,2
107000168,580,281,299
107000169,1151,1303,-152
107000170,1002,557,445
107000171,580,3596,-3016
107000172,596,799,-203
107000173,895,1532,-637
107000174,889,3395,-2506
107000175,13049,2010,11039
107000176,1,1,0
107000177,2,1,1
107000178,9,64,-55
107000179,236,3999,-3763
107000180,821,476,345
107000181,347,1749,-1402
107000182,1103,1160,-57
107000183,112,1288,-1176
107000184,592,964,-372
107000185,496,1777,-1281
107000186,826,411,415
107000187,1072,1337,-265
107000188,503,585,-82
107000189,363,1043,-680
107000190,443,993,-550
107000191,445,1050,-605
107000192,1134,1246,-112
107000193,341,463,-122
107000194,1054,1014,40
107000197,628,279,349
107000198,309,990,-681
107000199,796,695,101
107000200,1124,648,476
107000201,316,239,77
107000202,226,541,-315
107000203,987,627,360
107000204,1058,672,386
107000205,3039,1411,1628
107000206,961,1164,-203
107000207,926,1303,-377
107000208,1514,405,1109
107000209,2955,861,2094
107000210,1574,428,1146
107000211,11,20,-9
107000212,33,317,-284
107000213,17,27,-10
107000214,15,185,-170
107000215,332,491,-159
107000216,209,491,-282
107000217,122,173,-51
107000219,94,146,-52
107000220,156,371,-215
107000222,227,882,-655
107000224,355,85,270
107000225,238,900,-662
107000226,204,113,91
107000227,85,597,-512
107000228,88,157,-69
107000229,246,178,68
107000230,1084,570,514
107000231,2445,571,1874
107000232,83,99,-16
107000233,2045,636,1409
107000234,1,11,-10
107000235,79,8,71
107000236,24,702,-678
107000237,9,0,9
107000238,28,2,26
107000239,6568,590,5978
107000240,68,1539,-1471
107000241,149,37,112
107000242,825,72,753
107000243,0,82,-82
107000244,15,106,-91
107000246,7,1495,-1488
107000249,6,1499,-1493
107000251,2,380,-378
107000252,9,1914,-1905
107000255,961,101,860
107000257,7,724,-717
107000258,2,199,-197
107000259,3,308,-305
107000260,220,0,220
107000262,16,1051,-1035
107000263,96,1,95
107000266,5,3,2
107000267,70,237,-167
107000268,180,246,-66
107000269,251,39,212
107000270,2,17,-15
107000271,8,1497,-1489
107000272,14,374,-360
107000273,5,342,-337
107000274,2771,393,2378
107000275,49,1055,-1006
107000280,410,24,386
107000281,38,1578,-1540
107000282,60,1747,-1687
107000290,7,26,-19
107000291,20,12,8
107000292,1,53,-52
107000293,108,3,105
107000294,0,37,-37
107000295,38,3,35
107000296,0,17,-17
107000444,227,4,223
107000496,0,28,-28
107000497,1434,3948,-2514
107000500,277,380,-103
107000501,81,224,-143
107000502,139,479,-340
107000505,691,969,-278
107000506,2,64,-62
107000508,11,1030,-1019
107000509,196,603,-407
107000510,22,11,11
107000514,21,305,-284
107000515,13,454,-441
107000516,181,194,-13
107000518,784,600,184
107000519,4784,1360,3424
107000520,49,16,33
107000521,163,419,-256
107000522,239,586,-347
107900001,26,287,-261
107900002,35,0,35
107900003,53,8,45
107900004,45,3,42
107900005,490,1,489
107900006,153,2,151
107900007,155,21,134
107900008,67,41,26
107900009,134,9,125
107900010,13,0,13
107900012,247,19,228
107900013,255,104,151
107900014,32,6,26
107900015,354,3,351
107900016,531,130,401
107900017,15,2,13
107900018,32,54,-22
107900019,17,93,-76
107900020,113,8,105
107900021,23,178,-155
107900023,1,0,1
107900024,0,33,-33
107900025,232,432,-200
107900026,30,152,-122
107900027,22,113,-91
107900028,23,131,-108
107900030,171,27,144
107900031,53,278,-225
107900032,5,2,3
107900033,5,9,-4
107900034,279,15,264
107900035,434,27,407
107900036,29,5,24
107900037,0,73,-73
107900038,157,154,3
107900039,8,99,-91
107900040,23,100,-77
107900041,1,2,-1
107900043,42,228,-186
107900044,11,6,5
107900045,77,34,43
107900046,96,77,19
107900047,11,154,-143
107900048,110,9,101
107900049,387,2133,-1746
107900050,92,442,-350
107900051,72,112,-40
107900052,6,65,-59
107900053,17,82,-65
107900055,748,286,462
107900056,122,19,103
107900057,0,0,0
107900058,19,1018,-999
107900060,5,48,-43
107900061,21,3,18
107900063,90,139,-49
107900064,350,46,304
107900065,88,13,75
107900066,3,5,-2
107900067,0,0,0
107900068,128,260,-132
107900069,17,887,-870
107900070,33,21,12
107900071,23,1396,-1373
107900072,30,282,-252
107900073,50,138,-88
107900074,1150,140,1010
107900076,83,124,-41
107900077,29,1,28
107900078,206,23,183
107900079,3,19,-16
107900080,121,201,-80
107900081,7,100,-93
107900082,38,29,9
107900083,259,125,134
107900084,81,143,-62
107900086,51,90,-39
107900087,392,71,321
107900088,8,12,-4
107900089,296,1300,-1004
107900090,587,1189,-602
107900091,149,651,-502
107900092,2641,633,2008
107900093,43,87,-44
107900094,0,0,0
107900095,3549,1318,2231
107900097,15,85,-70
107900098,38,261,-223
107900100,1305,781,524
107900101,1269,159,1110
107900102,8,4,4
107900103,49,211,-162
107900104,209,2,207
107900105,2,769,-767
107900106,3,1973,-1970
107900107,1733,234,1499
107900108,365,142,223
107900109,676,10,666
107900110,15,159,-144
107900111,10,1710,-1700
107900112,106,337,-231
107900113,106,135,-29
107900114,86,250,-164
107900115,2,46,-44
107900116,69,277,-208
107900117,260,567,-307
107900118,73,206,-133
107900119,40,210,-170
107900120,24,8,16
107900121,1,151,-150
107900122,2,69,-67
107900123,0,22,-22
107900124,12,66,-54
107900125,26,215,-189
107900126,2,35,-33
107900127,623,126,497
107900128,137,94,43
107900129,25,57,-32
107900130,54,51,3
107900131,598,60,538
107900132,134,533,-399
107900133,4,125,-121
107900134,23,19,4
107900135,19,221,-202
107900136,63,26,37
107900137,107,106,1
107900138,35,26,9
107900139,29,38,-9
107900140,143,63,80
107900141,36,43,-7
107900142,36,1143,-1107
107900143,62,40,22
107900144,2,272,-270
107900145,22,133,-111
107900146,55,161,-106
107900147,57,27,30
107900148,117,204,-87
107900149,2079,254,1825
107900150,69,854,-785
107900151,10,138,-128
107900152,12,346,-334
107900153,153,228,-75
107900154,19,11,8
107900155,19,27,-8
107900156,1,585,-584
107900157,30,102,-72
107900158,340,13,327
107900159,48,1388,-1340
107900160,28,191,-163
107900161,10,322,-312
107900162,16,210,-194
107900163,99,39,60
107900164,4,37,-33
107900165,6,60,-54
107900166,3,404,-401
107900167,14,40,-26
107900168,15,50,-35
107900169,0,214,-214
107900171,7,2461,-2454
107900172,2,417,-415
107900173,6,327,-321
107900174,34,11,23
107900175,15,31,-16
107900176,6,46,-40
107900177,1,297,-296
107900178,0,305,-305
107900179,12,171,-159
107900180,1217,299,918
107900181,288,566,-278
107900182,5,1950,-1945
107900183,18,467,-449
107900184,37,382,-345
107900185,31,3,28
107900186,18,39,-21
107900187,0,157,-157
107900188,1017,109,908
107900189,17,174,-157
107900190,129,44,85
107900191,39,174,-135
107900193,13,38,-25
107900194,115,4,111
107900195,5205,577,4628
107900196,62,80,-18
107900197,1030,173,857
107900199,3,1288,-1285
107900201,55,144,-89
107900203,31,75,-44
107900204,280,247,33
107900205,191,520,-329
107900206,536,171,365
107900207,3,881,-878
107900208,5,1095,-1090
107900209,447,147,300
107900210,76,156,-80
107900213,767,594,173
107900214,7,188,-181
107900215,277,371,-94
107900216,93,50,43
107900217,33,68,-35
107900218,24,1982,-1958
107900219,24,183,-159
107900220,236,108,128
107900221,240,257,-17
107900223,90,776,-686
107900224,219,362,-143
107900225,5,1187,-1182
107900226,49,132,-83
107900227,115,553,-438
107900228,11,129,-118
107900229,4,442,-438
107900230,11,197,-186
107900231,16,258,-242
107900232,37,281,-244
107900233,6,191,-185
107900234,45,270,-225
107900235,29,116,-87
107900236,40,112,-72
107900237,133,687,-554
107900238,18,150,-132
107900239,1517,475,1042
107900240,4,208,-204
107900241,10,132,-122
107900242,11,415,-404
107900243,3,38,-35
107900244,142,6,136
107900245,201,36,165
107900246,132,13,119
107900248,226,733,-507
107900249,283,4,279
107900250,0,748,-748
107900251,48,1669,-1621
107900252,547,12,535
107900253,85,2,83
107900254,61,691,-630
107900255,537,90,447
107900256,2978,774,2204
107900257,103,82,21
107900258,63,316,-253
107900259,117,804,-687
107900261,0,589,-589
107900262,27,130,-103
107900264,74,2,72
107900265,138,202,-64
107900267,101,16,85
107900268,80,8,72
107900269,0,15,-15
107900270,0,1,-1
107900271,9,4,5
107900272,188,13,175
107900273,21,99,-78
107900274,29,0,29
107900275,6,0,6
107900276,1,92,-91
107900277,0,295,-295
107900278,158,424,-266
107900279,182,88,94
107900280,2114,1694,420
107900281,3651,1000,2651
107900282,66,226,-160
107900283,1700,474,1226
107900284,259,999,-740
107900285,32,174,-142
107900286,125,113,12
107900287,85,201,-116
107900290,0,63,-63
107900291,338,7,331
107900292,85,348,-263
107900293,55,764,-709
107900295,57,130,-73
107900297,7,439,-432
107900298,910,1271,-361
107900299,5087,1835,3252
107900300,34,283,-249
107900301,421,311,110
107900302,77,25,52
107900303,73,434,-361
107900304,144,831,-687
107900305,147,13,134
107900306,33,11,22
107900307,39,321,-282
107900308,202,75,127
107900309,19,0,19
107900310,0,0,0
107900311,461,127,334
107900312,1,0,1
107900313,29,119,-90
107900314,1,85,-84
107900315,0,60,-60
107900316,41,0,41
107900317,44,7,37
107900318,0,210,-210
107900319,1,352,-351
107900320,1,174,-173
107900321,76,2,74
107900322,7,223,-216
107900323,17,174,-157
107900324,141,2,139
107900325,34,0,34
107900326,104,613,-509
107900327,0,0,0
107900328,0,0,0
107900329,0,0,0
107900330,7,829,-822
107900331,98,41,57
107900332,135,35,100
107900333,30,24,6
107900334,14,347,-333
107900335,59,58,1
107900336,29,45,-16
107900337,1787,569,1218
107900338,6,165,-159
107900339,1,35,-34
107900340,0,45,-45
107900341,16,2,14
107900342,79,193,-114
107900343,34,4,30
107900344,6,134,-128
107900345,68,21,47
107900346,35,2,33
107900347,21,3,18
107900348,4,1,3
107900349,7,9,-2
107900350,48,346,-298
108000001,2207,3209,-1002
108000002,2810,4004,-1194
108000003,2915,1847,1068
108000004,18301,19918,-1617
108000005,5615,3128,2487
108000006,7048,8149,-1101
108000007,3928,3243,685
108000008,5424,6971,-1547
108000009,2379,3043,-664
108000010,2502,5850,-3348
108000011,11061,8529,2532
108000012,23380,19062,4318
108000014,654,506,148
108000015,409,309,100
108000016,176,743,-567
108000017,671,418,253
108000018,1079,530,549
108000019,1861,645,1216
108000020,1078,435,643
108000021,484,2012,-1528
108000022,585,1822,-1237
108000023,878,199,679
108000024,125,830,-705
108000025,163,248,-85
108000026,288,799,-511
108000027,347,637,-290
108000028,199,378,-179
108000029,234,673,-439
108000030,439,251,188
108000031,196,684,-488
108000032,761,546,215
108000033,573,1667,-1094
108000034,1222,428,794
108000035,1119,3402,-2283
108000036,387,1857,-1470
108000037,1272,371,901
108000038,1541,388,1153
108000039,485,3381,-2896
108000040,1075,669,406
108000041,642,3580,-2938
108000042,102,252,-150
108000043,138,403,-265
108000044,254,202,52
108000045,189,989,-800
108000046,918,313,605
108000047,353,1553,-1200
108000048,128,627,-499
108000049,395,227,168
108000050,107,593,-486
108000051,161,98,63
108000052,354,968,-614
108000053,227,106,121
108000054,569,1144,-575
108000055,751,313,438
108000056,889,1127,-238
108000057,401,771,-370
108000058,1994,2632,-638
108000059,4582,2309,2273
108000060,133,332,-199
108000061,177,317,-140
108000062,484,419,65
108000063,387,781,-394
108000064,99,234,-135
108000065,467,918,-451
108000066,1732,794,938
108000067,1497,567,930
108000068,534,320,214
108000069,167,1415,-1248
108000070,1199,667,532
108000071,529,2355,-1826
108000072,1152,1043,109
108000073,1621,2669,-1048
108000074,283,325,-42
108000075,346,1021,-675
108000076,586,441,145
108000077,709,973,-264
108000078,1564,1418,146
108000079,1047,2372,-1325
108000080,627,526,101
108000081,587,3409,-2822
108000082,1217,2310,-1093
108000083,1402,698,704
108000084,417,1558,-1141
108000085,297,319,-22
108000086,1089,1125,-36
108000087,125,1351,-1226
108000088,127,4,123
108000089,296,389,-93
108000090,196,106,90
108000091,99,719,-620
108000092,71,111,-40
108000093,109,1211,-1102
108000094,463,155,308
108000095,142,748,-606
108000096,228,184,44
108000097,115,910,-795
108000098,771,1694,-923
108000099,138,110,28
108000100,33,188,-155
108000101,765,1109,-344
108000102,1250,2174,-924
108000106,947,3,944
108000107,1,986,-985
108000108,524,40,484
108000109,3,1023,-1020
108000110,115,310,-195
108000111,114,857,-743
108000112,35,128,-93
108000113,574,429,145
108000115,547,426,121
108000117,804,310,494
108000118,130,125,5
108000119,713,549,164
108000120,91,663,-572
108000121,174,660,-486
108000122,285,398,-113
108000123,466,354,112
108000124,238,752,-514
108000125,188,467,-279
108000126,81,745,-664
108000127,306,467,-161
108000128,346,1011,-665
108000129,166,1886,-1720
108000130,190,386,-196
108000131,664,282,382
108000132,1982,1736,246
108000133,575,528,47
108000134,639,905,-266
108000135,740,304,436
108000136,970,1392,-422
108000137,256,489,-233
108000138,260,1445,-1185
108000139,153,451,-298
108000140,24,20,4
108000141,26,210,-184
108000142,49,166,-117
108000143,32,58,-26
108000144,19,15,4
108000145,29,33,-4
108000146,31,6,25
108000147,16,72,-56
108000148,16,8,8
108000149,18,33,-15
108000150,18,0,18
108000151,81,8,73
108000152,87,774,-687
108000153,250,122,128
108000154,41,15,26
108000155,12,13,-1
108000156,496,105,391
108000157,106,513,-407
108000158,77,521,-444
108000159,653,189,464
108000160,6142,824,5318
108000161,6064,1423,4641
108000165,3,134,-131
108000172,1,178,-177
108000173,3406,1436,1970
108000175,91,92,-1
108000178,439,456,-17
108000179,198,559,-361
108000181,46,29,17
108000182,136,14,122
108000183,59,25,34
108000184,1475,1653,-178
108000185,80,992,-912
108000186,60,73,-13
108000187,128,1066,-938
108000188,230,301,-71
108000189,660,807,-147
108000190,21,143,-122
108000192,106,812,-706
108000193,925,42,883
108000194,20,8,12
108000195,2,1424,-1422
108000196,176,134,42
108000198,338,449,-111
108000199,1,109,-108
108000200,203,927,-724
108000202,1,185,-184
108000203,86,1327,-1241
108000204,74,42,32
108000205,532,808,-276
108000339,1785,351,1434
108000364,218,212,6
108000365,39,442,-403
108000367,200,478,-278
108000368,7,71,-64
108000369,1973,131,1842
108000371,2,718,-716
108000372,324,2,322
108000373,98,167,-69
108000376,70,30,40
108000377,290,470,-180
108000378,9137,8406,731
108000379,33,221,-188
108000381,51,15,36
108000382,56,0,56
108000383,0,104,-104
108900001,170,1585,-1415
108900002,224,65,159
108900003,427,1326,-899
108900004,147,142,5
108900005,31,159,-128
108900006,429,193,236
108900007,123,202,-79
108900008,44,140,-96
108900009,25,112,-87
108900010,100,213,-113
108900011,210,467,-257
108900012,148,543,-395
108900013,110,319,-209
108900014,6,88,-82
108900015,0,28,-28
108900016,5,260,-255
108900017,146,186,-40
108900018,93,799,-706
108900019,22,1690,-1668
108900020,31,415,-384
108900021,57,340,-283
108900022,33,10,23
108900023,1,24,-23
108900024,9,207,-198
108900025,37,165,-128
108900026,15,91,-76
108900027,0,127,-127
108900028,39,634,-595
108900029,57,248,-191
108900030,0,164,-164
108900031,40,767,-727
108900032,10,362,-352
108900033,0,96,-96
108900034,0,409,-409
108900035,224,2305,-2081
108900036,335,443,-108
108900037,25,607,-582
108900038,0,511,-511
108900039,1,857,-856
108900040,1,151,-150
108900041,6551,2171,4380
108900042,1,296,-295
108900043,34,586,-552
108900044,2,890,-888
108900045,20,862,-842
108900046,40,1496,-1456
108900047,2,117,-115
108900048,107,1465,-1358
108900049,6782,693,6089
108900050,4,416,-412
108900051,1,310,-309
108900052,16,365,-349
108900053,126,123,3
108900054,48,249,-201
108900055,100,586,-486
108900056,1,189,-188
108900057,1,238,-237
108900058,15,579,-564
108900059,186,17,169
108900060,73,90,-17
108900061,60,30,30
108900062,3,462,-459
108900063,10,580,-570
108900064,47,74,-27
108900065,5,431,-426
108900066,188,99,89
108900067,14,311,-297
108900068,2,254,-252
108900069,28,132,-104
108900070,35,215,-180
108900071,35,76,-41
108900072,2814,399,2415
108900073,9,335,-326
108900074,74,667,-593
108900075,83,77,6
108900076,186,88,98
108900077,156,434,-278
108900078,15,263,-248
108900079,1060,280,780
108900080,24,477,-453
108900081,75,320,-245
108900082,17,142,-125
108900083,5,199,-194
108900084,378,151,227
108900085,2631,149,2482
108900086,34,473,-439
108900087,166,325,-159
108900088,693,295,398
108900089,15,103,-88
108900090,20,700,-680
108900091,186,198,-12
108900092,241,329,-88
108900093,93,72,21
108900094,220,91,129
108900095,52,856,-804
108900096,596,55,541
108900097,224,264,-40
108900098,4105,419,3686
108900099,306,432,-126
108900100,121,201,-80
108900101,164,70,94
108900102,169,527,-358
108900103,36,76,-40
108900104,300,385,-85
108900105,7,617,-610
108900106,141,822,-681
108900108,200,55,145
108900109,51,39,12
108900110,103,739,-636
108900111,267,991,-724
108900112,108,24,84
108900113,22,30,-8
108900114,28,8,20
108900115,39,86,-47
108900116,28,18,10
108900117,66,17,49
108900118,299,3,296
108900119,112,50,62
108900120,107,104,3
108900121,247,44,203
108900122,76,41,35
108900123,68,55,13
108900124,295,105,190
108900125,217,0,217
108900126,64,6,58
108900127,93,40,53
108900128,71,29,42
108900129,480,80,400
108900130,133,0,133
108900131,184,1,183
108900132,293,60,233
108900133,128,36,92
108900134,131,333,-202
108900135,65,9,56
108900136,6,0,6
108900137,57,1,56
108900138,286,11,275
108900139,209,64,145
108900140,115,298,-183
108900141,138,17,121
108900142,57,0,57
108900143,11,0,11
108900144,27,0,27
108900145,53,2,51
108900146,27,0,27
108900147,90,0,90
108900148,90,37,53
108900149,575,393,182
108900150,191,29,162
108900151,22,0,22
108900152,39,7,32
108900153,52,725,-673
108900154,3445,428,3017
108900155,170,83,87
108900156,48,9,39
108900157,13,963,-950
108900158,190,30,160
108900159,6,564,-558
108900160,10,329,-319
108900161,7,597,-590
108900162,58,1,57
108900163,0,188,-188
108900164,21,84,-63
108900165,268,113,155
108900167,2259,2845,-586
108900168,11945,2259,9686
108900169,24,210,-186
108900171,11687,1706,9981
108900172,115,46,69
108900173,222,459,-237
108900174,352,610,-258
108900176,209,801,-592
108900177,10741,3557,7184
108900178,6523,2059,4464
108900179,420,831,-411
108900180,89,171,-82
108900182,13,155,-142
108900183,215,241,-26
108900184,368,258,110
108900185,46,404,-358
108900186,92,434,-342
108900187,213,80,133
108900188,319,63,256
108900189,178,173,5
108900190,36,4474,-4438
108900191,184,31,153
108900192,70,346,-276
108900193,558,64,494
108900194,14,446,-432
108900195,56,513,-457
108900196,38,802,-764
108900198,4,851,-847
108900199,130,345,-215
108900200,235,324,-89
108900201,347,1426,-1079
108900203,295,24,271
108900204,263,3,260
108900205,119,12,107
108900206,212,14,198
108900207,128,35,93
108900208,23,406,-383
108900209,300,787,-487
108900210,171,261,-90
108900211,87,332,-245
108900212,961,809,152
108900215,134,744,-610
108900216,393,108,285
108900217,30,2,28
108900218,199,1,198
108900219,47,4,43
108900220,48,17,31
108900221,49,86,-37
108900222,103,8,95
108900223,9,53,-44
108900224,47,123,-76
108900225,0,225,-225
108900226,149,7,142
108900227,72,127,-55
108900230,501,432,69
108900231,53,335,-282
108900232,2,596,-594
108900233,343,56,287
108900234,245,78,167
108900235,226,852,-626
108900236,34,488,-454
108900237,44,366,-322
108900240,83,98,-15
108900241,8,25,-17
108900245,4,678,-674
108900249,85,19,66
108900250,149,143,6
108900257,111,759,-648
108900258,8,351,-343
108900259,25,126,-101
108900260,6,160,-154
108900261,203,215,-12
108900262,356,152,204
108900263,74,307,-233
108900264,512,288,224
108900265,1702,309,1393
108900266,1689,290,1399
108900267,0,69,-69
108900268,0,2,-2
108900269,35,12,23
108900270,33,4,29
108900271,23,5,18
108900272,152,3,149
108900273,1318,450,868
108900274,20,56,-36
109000001,3623,1015,2608
109000002,3415,1530,1885
109000003,1946,588,1358
109000004,568,3101,-2533
109000005,1583,847,736
109000006,693,2811,-2118
109000007,923,806,117
109000008,438,2380,-1942
109000009,2741,1216,1525
109000010,1410,4975,-3565
109000011,2165,1485,680
109000012,1751,4871,-3120
109000013,2578,1911,667
109000014,1625,4716,-3091
109000015,2922,4181,-1259
109000016,12111,5363,6748
109000017,1615,1108,507
109000018,937,4327,-3390
109000019,1902,1183,719
109000020,1233,2583,-1350
109000023,233,18,215
109000024,3,159,-156
109000025,352,280,72
109000026,753,349,404
109000027,80,200,-120
109000028,90,110,-20
109000029,102,121,-19
109000030,86,678,-592
109000031,151,116,35
109000032,102,682,-580
109000033,340,134,206
109000034,49,51,-2
109000035,22,43,-21
109000036,101,449,-348
109000037,126,680,-554
109000038,584,368,216
109000039,637,471,166
109000040,6885,4045,2840
109000041,6715,1206,5509
109000042,1119,1247,-128
109000044,218,91,127
109000045,57,574,-517
109000046,283,124,159
109000047,109,512,-403
109000048,706,157,549
109000049,246,609,-363
109000050,335,279,56
109000051,396,346,50
109000052,411,2373,-1962
109000053,158,100,58
109000054,474,907,-433
109000055,114,234,-120
109000056,275,709,-434
109000057,357,261,96
109000058,783,322,461
109000059,549,930,-381
109000060,498,178,320
109000061,1693,662,1031
109000062,127,224,-97
109000063,187,244,-57
109000064,110,214,-104
109000065,79,411,-332
109000066,220,141,79
109000067,27,474,-447
109000068,582,13,569
109000069,820,25,795
109000070,4,1024,-1020
109000071,264,69,195
109000072,99,418,-319
109000073,26,81,-55
109000074,47,296,-249
109000075,62,484,-422
109000076,67,142,-75
109000077,357,342,15
109000078,59,123,-64
109000079,96,341,-245
109000080,66,142,-76
109000081,75,788,-713
109000082,286,377,-91
109000083,178,1119,-941
109000088,204,652,-448
109000089,300,23,277
109000090,129,652,-523
109000091,187,118,69
109000092,388,820,-432
109000093,174,171,3
109000094,214,0,214
109000095,85,900,-815
109000096,381,171,210
109000097,102,150,-48
109000098,32,89,-57
109000099,544,497,47
109000100,129,746,-617
109000101,783,1223,-440
109000102,248,1088,-840
109000103,303,710,-407
109000104,836,729,107
109000105,372,2026,-1654
109000106,1173,622,551
109000107,552,2643,-2091
109000108,1126,489,637
109000109,432,2432,-2000
109000110,1068,473,595
109000111,972,3153,-2181
109000112,320,199,121
109000113,215,177,38
109000114,171,443,-272
109000115,937,53,884
109000116,1,255,-254
109000117,75,125,-50
109000118,6,377,-371
109000119,601,454,147
109000120,148,1646,-1498
109000121,192,74,118
109000122,92,1730,-1638
109000123,10,128,-118
109000124,342,403,-61
109000125,500,343,157
109000126,302,1249,-947
109000127,423,151,272
109000128,417,3196,-2779
109000129,1251,538,713
109000130,625,3648,-3023
109000131,663,305,358
109000132,736,2412,-1676
109000133,297,1274,-977
109000134,679,1919,-1240
109000135,1143,1574,-431
109000136,234,545,-311
109000137,188,388,-200
109000138,393,649,-256
109000139,267,512,-245
109000140,111,632,-521
109000141,261,596,-335
109000142,96,700,-604
109000143,69,49,20
109000145,89,229,-140
109000146,57,86,-29
109000148,5391,1128,4263
109000149,26,52,-26
109000150,65,201,-136
109000155,411,624,-213
109000156,1416,1126,290
109000158,143,314,-171
109000159,112,839,-727
109000160,484,330,154
109000161,201,1854,-1653
109000162,1406,1142,264
109000163,831,2282,-1451
109000164,842,3214,-2372
109000165,940,739,201
109000166,462,147,315
109000167,81,1173,-1092
109000170,80,73,7
109000171,47,57,-10
109000172,38,69,-31
109000173,21,64,-43
109000174,49,50,-1
109000175,28,161,-133
109000176,140,336,-196
109000177,28,218,-190
109000178,479,640,-161
109000179,9403,2885,6518
109000180,6096,3076,3020
109000181,9,53,-44
109000182,16,77,-61
109000183,9,48,-39
109000184,28,18,10
109000185,12,88,-76
109000188,431,3590,-3159
109000189,1687,1131,556
109000190,443,625,-182
109000191,178,788,-610
109000192,125,326,-201
109000193,125,512,-387
109000194,88,167,-79
109000195,72,559,-487
109000196,192,123,69
109000197,130,624,-494
109000198,194,66,128
109000199,85,613,-528
109000206,144,42,102
109000207,78,43,35
109000208,84,56,28
109000209,224,124,100
109000210,178,587,-409
109000211,243,451,-208
109000214,194,689,-495
109000215,77,69,8
109000216,197,142,55
109000217,184,71,113
109000218,206,148,58
109000221,274,1513,-1239
109000222,667,105,562
109000223,219,224,-5
109000224,36,364,-328
109000225,49,61,-12
109000226,41,321,-280
109000227,800,1982,-1182
109000228,0,324,-324
109000231,9,703,-694
109000232,245,559,-314
109000236,253,970,-717
109000241,1331,2456,-1125
109000242,1121,1657,-536
109000293,21,58,-37
109000361,92,300,-208
109000364,199,788,-589
109000396,8,1101,-1093
109000397,309,10,299
109000399,82,684,-602
109000400,31,391,-360
109000403,25,310,-285
109000406,209,7,202
109000407,186,304,-118
109000408,0,953,-953
109000410,665,174,491
109000411,94,16,78
109900001,65,0,65
109900002,447,13,434
109900003,92,1,91
109900004,478,305,173
109900005,12,7,5
109900006,264,329,-65
109900007,374,1131,-757
109900008,0,38,-38
109900009,97,1212,-1115
109900010,281,24,257
109900011,48,42,6
109900012,158,155,3
109900013,213,157,56
109900014,202,78,124
109900015,395,176,219
109900016,77,61,16
109900017,81,101,-20
109900018,145,168,-23
109900019,81,92,-11
109900020,14,21,-7
109900021,14,12,2
109900022,49,450,-401
109900023,9,7,2
109900024,11,0,11
109900025,4,92,-88
109900026,2,239,-237
109900027,36,6,30
109900028,3137,444,2693
109900029,9,836,-827
109900030,22,2,20
109900031,0,146,-146
109900032,7,325,-318
109900033,4,714,-710
109900034,10,1,9
109900035,5,13,-8
109900036,20,119,-99
109900037,17,712,-695
109900038,54,294,-240
109900039,10,1,9
109900040,20,894,-874
109900041,38,687,-649
109900042,41,640,-599
109900044,82,405,-323
109900045,25,64,-39
109900046,10,46,-36
109900047,389,429,-40
109900048,2,81,-79
109900049,4,21,-17
109900050,0,398,-398
109900051,0,57,-57
109900052,41,386,-345
109900053,5,687,-682
109900054,298,151,147
109900055,53,319,-266
109900056,16,151,-135
109900057,13,284,-271
109900058,0,178,-178
109900059,313,79,234
109900060,279,215,64
109900061,94,319,-225
109900062,0,432,-432
109900063,6,395,-389
109900064,256,342,-86
109900065,104,155,-51
109900066,280,1276,-996
109900067,1,656,-655
109900068,26,2,24
109900069,7,51,-44
109900070,27,339,-312
109900071,2,58,-56
109900072,23,153,-130
109900073,184,1131,-947
109900074,7,60,-53
109900075,10,18,-8
109900076,12,381,-369
109900077,23,65,-42
109900078,103,365,-262
109900080,109,447,-338
109900081,14,130,-116
109900082,42,633,-591
109900083,9,59,-50
109900084,49,166,-117
109900085,153,1402,-1249
109900086,95,212,-117
109900087,335,442,-107
109900089,374,89,285
109900090,558,1656,-1098
109900091,120,90,30
109900092,1365,14,1351
109900093,414,120,294
109900094,64,109,-45
109900095,116,313,-197
109900096,20,3,17
109900097,66,1,65
109900098,233,27,206
109900099,126,1,125
109900100,24,0,24
109900101,248,7,241
109900102,280,20,260
109900103,17,52,-35
109900104,198,1524,-1326
109900105,255,31,224
109900106,381,63,318
109900107,403,86,317
109900108,85,915,-830
109900109,14,222,-208
109900110,50,677,-627
109900111,318,1602,-1284
109900112,469,1295,-826
109900113,500,366,134
109900114,821,488,333
109900115,69,105,-36
109900117,484,106,378
109900118,281,495,-214
109900119,490,324,166
109900120,66,8,58
109900121,355,219,136
109900122,207,4,203
109900123,6,207,-201
109900124,40,1095,-1055
109900125,3,297,-294
109900126,172,212,-40
109900128,121,58,63
109900130,15108,1484,13624
109900131,62,187,-125
109900132,42,204,-162
109900133,61,551,-490
109900134,53,67,-14
109900135,511,77,434
109900136,38,191,-153
109900137,70,508,-438
109900140,116,418,-302
109900142,606,326,280
109900145,0,150,-150
109900146,334,46,288
109900148,38,86,-48
109900149,42,55,-13
109900150,3,85,-82
109900151,6,46,-40
109900152,0,23,-23
109900153,1,60,-59
109900154,7,0,7
109900155,49,4,45
109900157,66,440,-374
109900158,54,146,-92
109900159,120,32,88
109900160,70,52,18
109900161,171,105,66
109900162,134,82,52
109900163,834,448,386
109900164,42,254,-212
109900165,219,7,212
109900166,0,228,-228
109900167,117,778,-661
109900168,134,799,-665
109900169,89,157,-68
109900170,229,426,-197
109900171,89,75,14
109900172,132,151,-19
109900173,5600,1400,4200
109900174,30,221,-191
109900175,23,87,-64
109900176,58,214,-156
109900177,26,420,-394
109900178,4,180,-176
109900179,20,37,-17
109900180,5,5,0
110000001,682,655,27
110000002,472,553,-81
110000003,1234,690,544
110000004,538,582,-44
110000005,716,1556,-840
110000006,715,361,354
110000007,153,161,-8
110000008,11,49,-38
110000009,12,57,-45
110000010,34,80,-46
110000011,23,135,-112
110000012,840,554,286
110000013,27,354,-327
110000014,738,454,284
110000015,259,508,-249
110000016,309,1279,-970
110000017,4744,277,4467
110000018,4557,592,3965
110000019,8,197,-189
110000020,597,275,322
110000021,827,547,280
110000022,949,230,719
110000023,6,182,-176
110000024,591,442,149
110000025,156,3,153
110000026,8,839,-831
110000027,719,382,337
110000028,622,729,-107
110000029,476,1228,-752
110000030,186,348,-162
110000031,224,812,-588
110000032,513,471,42
110000033,200,135,65
110000034,174,909,-735
110000035,492,1333,-841
110000036,650,933,-283
110000037,163,912,-749
110000038,260,766,-506
110000039,674,2160,-1486
110000040,330,651,-321
110000041,259,917,-658
110000042,121,425,-304
110000043,826,195,631
110000044,218,127,91
110000045,1701,99,1602
110000046,9,7,2
110000047,8,13,-5
110000048,6,8,-2
110000049,13,5,8
110000050,3,21,-18
110000051,27,20,7
110000052,36,39,-3
110000053,137,8,129
110000054,217,317,-100
110000055,501,53,448
110000056,183,43,140
110000057,261,1033,-772
110000058,1037,737,300
110000059,752,696,56
110000060,472,886,-414
110000061,1016,1072,-56
110000062,849,884,-35
110000063,20,78,-58
110000064,35,171,-136
110000065,44,109,-65
110000066,72,34,38
110000067,74,391,-317
110000068,116,710,-594
110000069,129,113,16
110000071,59,185,-126
110000073,3,27,-24
110000075,8,120,-112
110000076,304,366,-62
110000077,617,1286,-669
110000078,16,67,-51
110000080,236,769,-533
110000081,10,292,-282
110000082,25,307,-282
110000083,241,694,-453
110000084,681,618,63
110000085,3210,1739,1471
110000086,1469,1213,256
110000087,5,59,-54
110000088,23,270,-247
110000089,184,175,9
110000090,74,368,-294
110000091,2305,369,1936
110000092,35,114,-79
110000093,39,7,32
110000094,588,283,305
110000095,121,550,-429
110000096,4931,1850,3081
110000097,963,920,43
110000098,1591,607,984
110000099,856,1663,-807
110000100,317,1067,-750
110000101,14,724,-710
110000102,39,33,6
110000104,143,123,20
110000105,49,379,-330
110000106,552,237,315
110000107,492,478,14
110000108,139,58,81
110000109,310,302,8
110000110,5723,3175,2548
110000111,9819,1906,7913
110000112,1634,461,1173
110000113,808,1107,-299
110000114,370,502,-132
110000115,191,356,-165
110000116,29,47,-18
110000117,120,799,-679
110000118,314,325,-11
110000119,155,498,-343
110000120,218,246,-28
110000121,74,363,-289
110000122,243,614,-371
110000123,355,421,-66
110000124,2,894,-892
110000125,737,4,733
110000126,249,27,222
110000127,507,44,463
110000128,20,1970,-1950
110000129,0,656,-656
110000130,127,115,12
110000131,151,411,-260
110000132,5,973,-968
110000133,46,356,-310
110000134,16,371,-355
110000135,146,32,114
110000136,39,429,-390
110000137,286,797,-511
110000138,426,1120,-694
110000139,467,1837,-1370
110000140,753,388,365
110000143,718,495,223
110000144,5213,1228,3985
110000145,1276,859,417
110000146,2367,1065,1302
110000147,250,810,-560
110000148,259,475,-216
110000151,786,559,227
110000152,631,283,348
110000153,49,58,-9
110000154,42,10,32
110000155,2670,2466,204
110000156,698,1433,-735
110000157,1540,1800,-260
110000160,392,553,-161
110000161,124,541,-417
110000166,246,189,57
110000167,556,461,95
110000168,829,333,496
110000169,594,319,275
110000170,96,116,-20
110000171,601,231,370
110000172,132,1015,-883
110000173,1369,1540,-171
110000174,88,1831,-1743
110000175,311,98,213
110000176,56,229,-173
110000177,153,754,-601
110000178,570,899,-329
110000179,1772,433,1339
110000180,108,438,-330
110000181,259,460,-201
110000182,651,336,315
110000183,15258,5730,9528
110000184,1020,2011,-991
110000185,1659,841,818
110000186,783,698,85
110000191,334,488,-154
110000192,249,2,247
110000193,343,7,336
110000194,14,1823,-1809
110000195,235,567,-332
110000196,217,639,-422
110000197,32,311,-279
110000198,97,113,-16
110000199,29,119,-90
110000200,1489,655,834
110000201,627,619,8
110000202,1186,491,695
110000203,690,1088,-398
110000204,3,509,-506
110000205,105,109,-4
110000206,828,2292,-1464
110000207,423,331,92
110000208,269,104,165
110000209,120,1173,-1053
110000210,511,680,-169
110000211,834,960,-126
110000212,371,1071,-700
110000213,53,43,10
110000214,79,88,-9
110000215,107,820,-713
110000216,52,870,-818
110000217,150,260,-110
110000218,115,667,-552
110000219,177,86,91
110000220,27,697,-670
110000221,175,117,58
110000222,20,471,-451
110000223,4,107,-103
110000224,82,11,71
110000225,156,623,-467
110000226,127,52,75
110000227,607,413,194
110000228,351,303,48
110000229,1,386,-385
110000230,638,582,56
110000231,132,228,-96
110000232,127,262,-135
110000233,121,328,-207
110000234,794,504,290
110000235,1143,970,173
110000236,328,1087,-759
110000237,1909,1171,738
110000238,916,1510,-594
110000239,1129,1693,-564
110000240,1,112,-111
110000242,0,11,-11
110000243,63,244,-181
110000244,174,448,-274
110000245,26,546,-520
110000246,420,821,-401
110000247,1856,4801,-2945
110000248,2774,1688,1086
110000249,95,3,92
110000250,16,307,-291
110000251,127,627,-500
110000252,226,362,-136
110000253,940,534,406
110000254,669,1637,-968
110000255,211,1497,-1286
110000256,426,254,172
110000257,576,480,96
110000258,13,687,-674
110000259,56,23,33
110000260,5,546,-541
110000263,767,99,668
110000264,170,794,-624
110000265,960,1463,-503
110000266,2076,2275,-199
110000267,17,254,-237
110000268,276,803,-527
110000269,1,119,-118
110000270,38,3,35
110000271,2317,308,2009
110000272,842,1075,-233
110000273,2905,1756,1149
110000274,264,975,-711
110000275,3951,599,3352
110000276,122,247,-125
110000277,155,546,-391
110000278,226,1016,-790
110000279,512,737,-225
110000280,222,490,-268
110000281,33,205,-172
110000282,285,56,229
110000283,58,83,-25
110000284,47,44,3
110000285,0,262,-262
110000286,21,0,21
110000287,23,3,20
110000288,3,116,-113
110000289,404,1352,-948
110000290,1496,629,867
110000291,7828,1569,6259
110000292,1202,3580,-2378
110000293,396,1292,-896
110000294,526,891,-365
110000295,81,1102,-1021
110000296,212,416,-204
110000297,2686,283,2403
110000298,328,578,-250
110000299,550,45,505
110000301,244,12,232
110000302,225,1705,-1480
110000303,282,10,272
110000304,102,324,-222
110000305,552,14,538
110000306,152,2598,-2446
110000307,835,0,835
110000308,338,14,324
110000309,17,1722,-1705
110000310,447,79,368
110000311,20,1158,-1138
110000312,473,55,418
110000313,3410,2362,1048
110000314,3,329,-326
110000315,3541,2058,1483
110000316,565,1206,-641
110000317,672,408,264
110000318,6,116,-110
110000319,4,32,-28
110000320,44,81,-37
110000321,15,51,-36
110000322,148,752,-604
110000323,262,363,-101
110000324,6210,1429,4781
110000325,2585,2176,409
110000327,495,255,240
110000328,237,666,-429
110000333,710,512,198
110000334,774,1816,-1042
110000335,1037,705,332
110000336,444,1697,-1253
110000337,869,748,121
110000338,169,290,-121
110000339,92,316,-224
110000340,42,252,-210
110000341,229,659,-430
110000342,540,8,532
110000343,0,10,-10
110000344,113,227,-114
110000345,116,93,23
110000346,2566,1508,1058
110000347,988,803,185
110000348,4,19,-15
110000349,3,14,-11
110000350,32,7,25
110000351,572,1039,-467
110000352,436,1816,-1380
110000353,3526,815,2711
110000354,937,2440,-1503
110000355,51,80,-29
110000356,607,9,598
110000357,180,17,163
110000361,20,92,-72
110000362,20,239,-219
110000363,157,117,40
110000364,118,439,-321
110000365,152,0,152
110000366,1,125,-124
110000367,281,307,-26
110000368,2,81,-79
110000369,30,0,30
110000373,2,415,-413
110000374,46,5,41
110000375,279,919,-640
110000376,46,129,-83
110000377,43,538,-495
110000378,36,345,-309
110000379,4820,1345,3475
110000380,61,23,38
110000383,4,916,-912
110000384,1938,794,1144
110000385,2,271,-269
110000387,44,6,38
110000388,36,255,-219
110000389,367,3,364
110000391,201,558,-357
110000396,79,151,-72
110000397,56,306,-250
110000398,1,35,-34
110000399,182,2,180
110000587,33,36,-3
110000589,125,201,-76
110000640,146,150,-4
110000652,37,148,-111
110000653,152,574,-422
110000654,1,63,-62
110000656,1,872,-871
110000674,16,14,2
110000675,21,13,8
110000676,8,67,-59
110000679,562,533,29
110000682,133,112,21
110000683,505,549,-44
110000684,2,74,-72
110000685,12,15,-3
110000686,1,34,-33
110000687,18,4,14
110000688,44,575,-531
110000689,11,96,-85
110000692,96,328,-232
110000693,187,313,-126
110000694,0,110,-110
110000695,144,890,-746
110000696,131,226,-95
110900001,199,16,183
110900002,178,202,-24
110900003,338,1306,-968
110900004,208,286,-78
110900005,5024,1293,3731
110900006,45,6,39
110900007,58,14,44
110900008,18,43,-25
110900009,303,34,269
110900010,4,116,-112
110900011,11,97,-86
110900012,6,174,-168
110900013,624,185,439
110900014,103,8,95
110900015,1149,477,672
110900016,17,266,-249
110900017,182,29,153
110900018,338,38,300
110900019,70,30,40
110900020,42,625,-583
110900021,54,788,-734
110900022,62,528,-466
110900023,110,786,-676
110900024,20,715,-695
110900025,8,64,-56
110900027,33,396,-363
110900028,20,286,-266
110900029,44,610,-566
110900030,11,529,-518
110900031,2,227,-225
110900032,2,165,-163
110900033,12,342,-330
110900035,25,424,-399
110900036,53,35,18
110900037,39,32,7
110900038,1840,261,1579
110900039,5,276,-271
110900040,162,47,115
110900041,15,213,-198
110900042,48,49,-1
110900043,5,215,-210
110900044,398,16,382
110900045,38,816,-778
110900046,187,356,-169
110900047,913,147,766
110900049,67,55,12
110900050,5,3,2
110900051,60,201,-141
110900052,5,223,-218
110900053,90,54,36
110900054,22,451,-429
110900055,22,0,22
110900056,64,148,-84
110900057,3,239,-236
110900058,99,359,-260
110900059,610,1046,-436
110900060,293,99,194
110900061,15,49,-34
110900062,67,389,-322
110900063,41,134,-93
110900064,4,0,4
110900065,373,124,249
110900066,17,101,-84
110900067,680,481,199
110900068,316,301,15
110900069,1,41,-40
110900071,211,404,-193
110900073,0,34,-34
110900074,182,75,107
110900075,218,84,134
110900077,376,523,-147
110900078,11,166,-155
110900079,2320,609,1711
110900080,59,62,-3
110900081,9,151,-142
110900082,61,292,-231
110900083,94,27,67
110900084,22,237,-215
110900085,43,575,-532
110900086,36,129,-93
110900087,186,92,94
110900088,4,0,4
110900090,34,37,-3
110900091,1,73,-72
110900093,275,64,211
110900095,29,52,-23
110900097,5,22,-17
110900098,17,163,-146
110900099,52,811,-759
110900100,0,39,-39
110900102,23,30,-7
110900105,931,583,348
110900108,5,164,-159
110900111,391,124,267
110900112,500,10,490
110900113,595,46,549
110900115,2,127,-125
110900116,460,3258,-2798
110900118,193,1493,-1300
110900119,7186,275,6911
110900120,6,157,-151
110900121,64,0,64
110900122,169,140,29
110900125,188,257,-69
110900127,427,647,-220
110900128,176,194,-18
110900129,386,297,89
110900130,1421,297,1124
110900131,133,52,81
110900132,181,63,118
110900133,38,408,-370
110900135,110,679,-569
110900136,201,13,188
110900137,100,2,98
110900138,1428,422,1006
110900139,27,49,-22
110900140,90,4,86
110900141,4,73,-69
110900142,55,328,-273
110900143,116,73,43
110900144,2,869,-867
110900145,82,16,66
110900146,573,59,514
110900147,267,313,-46
110900148,1,500,-499
110900149,0,86,-86
110900150,42,26,16
110900151,3,96,-93
110900152,15,520,-505
110900153,102,82,20
111000001,258,301,-43
111000002,432,711,-279
111000003,595,594,1
111000004,500,1246,-746
111000005,968,796,172
111000006,932,1479,-547
111000007,4532,1892,2640
111000008,3710,4249,-539
111000009,339,1088,-749
111000010,537,198,339
111000011,428,969,-541
111000012,650,346,304
111000013,301,1422,-1121
111000014,890,545,345
111000017,143,738,-595
111000018,207,512,-305
111000020,2861,2701,160
111000021,81,154,-73
111000023,83,184,-101
111000025,8497,2578,5919
111000029,56,252,-196
111000030,35,276,-241
111000031,2334,850,1484
111000032,514,181,333
111000033,365,138,227
111000034,311,198,113
111000037,3895,1521,2374
111000038,3433,3034,399
111000039,1496,2848,-1352
111000040,1505,3066,-1561
111000041,1766,2141,-375
111000042,7881,3369,4512
111000043,1941,1570,371
111000044,1228,677,551
111000045,1339,1778,-439
111000046,895,1188,-293
111000047,1531,2209,-678
111000049,414,591,-177
111000050,2016,1903,113
111000051,710,1296,-586
111000052,606,1530,-924
111000053,325,1383,-1058
111000054,235,1266,-1031
111000055,1258,2532,-1274
111000056,120,915,-795
111000057,93,1168,-1075
111000058,147,123,24
111000059,244,342,-98
111000060,2178,612,1566
111000061,319,446,-127
111000062,515,221,294
111000063,1719,721,998
111000064,523,597,-74
111000065,885,788,97
111000066,270,266,4
111000067,374,821,-447
111000068,271,844,-573
111000069,1817,2446,-629
111000070,2631,1304,1327
111000071,351,953,-602
111000072,604,346,258
111000073,150,468,-318
111000074,1425,1306,119
111000075,566,787,-221
111000076,310,961,-651
111000077,1127,1300,-173
111000078,1906,1268,638
111000079,1372,840,532
111000080,392,717,-325
111000081,2393,4861,-2468
111000082,532,760,-228
111000084,606,612,-6
111000085,936,2096,-1160
111000086,3938,1545,2393
111000087,795,1076,-281
111000088,7156,1881,5275
111000089,486,1053,-567
111000090,1221,1787,-566
111000091,650,867,-217
111000092,834,1348,-514
111000093,496,829,-333
111000094,1560,932,628
111000095,966,1839,-873
111000096,3237,6570,-3333
111000097,7685,1222,6463
111000098,608,1648,-1040
111000099,439,2990,-2551
111000100,290,2963,-2673
111000101,484,1133,-649
111000102,134,1112,-978
111000104,253,262,-9
111000107,64,970,-906
111000109,351,272,79
111000110,856,605,251
111000111,1170,497,673
111000112,931,322,609
111000113,554,681,-127
111000114,1728,1534,194
111000115,9143,978,8165
111000116,874,843,31
111000117,386,956,-570
111000118,1517,1030,487
111000119,725,1899,-1174
111000120,323,602,-279
111000121,191,649,-458
111000122,452,1276,-824
111000123,715,4098,-3383
111000124,464,4776,-4312
111000125,218,2513,-2295
111000126,75,1141,-1066
111000127,485,174,311
111000128,825,357,468
111000129,1530,432,1098
111000130,1086,773,313
111000131,877,468,409
111000132,615,426,189
111000133,65,191,-126
111000134,85,126,-41
111000135,15,127,-112
111000136,218,264,-46
111000138,5,8,-3
111000140,1,6,-5
111000141,212,401,-189
111000142,42,140,-98
111000143,1,96,-95
111000144,30,115,-85
111000145,402,5,397
111000146,24,5,19
111000147,265,27,238
111000148,133,126,7
111000149,2,46,-44
111000150,4,2,2
111000151,2,40,-38
111000153,658,698,-40
111000154,751,237,514
111000155,130,164,-34
111000156,429,332,97
111000157,150,497,-347
111000158,990,490,500
111000159,3305,631,2674
111000160,174,408,-234
111000161,4,278,-274
111000162,6,206,-200
111000163,329,934,-605
111000164,901,2957,-2056
111000165,1323,457,866
111000166,1810,361,1449
111000167,165,500,-335
111000168,240,454,-214
111000169,282,674,-392
111000170,492,531,-39
111000171,375,1161,-786
111000172,99,768,-669
111000173,233,1725,-1492
111000174,104,823,-719
111000175,34,309,-275
111000176,218,192,26
111000177,117,283,-166
111000178,636,374,262
111000179,89,230,-141
111000180,152,355,-203
111000181,484,378,106
111000182,123,231,-108
111000183,225,291,-66
111000184,280,226,54
111000185,301,542,-241
111000186,233,336,-103
111000187,82,329,-247
111000188,122,589,-467
111000189,1941,613,1328
111000190,175,646,-471
111000191,123,576,-453
111000192,215,823,-608
111000193,444,508,-64
111000194,16,547,-531
111000195,67,585,-518
111000196,24,390,-366
111000197,211,205,6
111000198,285,146,139
111000199,81,167,-86
111000200,135,363,-228
111000201,290,311,-21
111000202,163,213,-50
111000203,191,208,-17
111000204,251,478,-227
111000213,102,373,-271
111000214,1273,2020,-747
111000215,764,1629,-865
111000217,821,1142,-321
111000218,714,1002,-288
111000219,300,212,88
111000220,3603,1006,2597
111000221,670,237,433
111000224,3,350,-347
111000225,199,124,75
111000226,153,2,151
111000227,52,3,49
111000228,16,193,-177
111000229,44,372,-328
111000230,199,714,-515
111000231,576,1744,-1168
111000232,269,1034,-765
111000233,362,938,-576
111000234,77,296,-219
111000239,172,267,-95
111000240,16,116,-100
111000241,39,549,-510
111000242,61,45,16
111000243,84,1048,-964
111000244,169,88,81
111000245,550,802,-252
111000246,215,777,-562
111000247,115,1452,-1337
111000248,301,485,-184
111000249,458,1089,-631
111000250,24,189,-165
111000251,30,193,-163
111000253,16,16,0
111000255,14,6,8
111000257,27,15,12
111000260,78,1617,-1539
111000261,549,81,468
111000271,66,310,-244
111000273,8212,1714,6498
111000274,1164,2242,-1078
111000275,75,86,-11
111000276,329,3147,-2818
111000277,144,574,-430
111000278,591,266,325
111000291,448,2988,-2540
111000298,315,334,-19
111000299,418,141,277
111000300,80,753,-673
111000302,228,95,133
111000303,93,410,-317
111000312,122,68,54
111000315,0,341,-341
111000320,340,812,-472
111000321,207,81,126
111000322,147,682,-535
111000323,61,14,47
111000324,311,358,-47
111000325,9,84,-75
111000326,66,532,-466
111000327,420,708,-288
111000328,171,430,-259
111000329,2,18,-16
111000330,18,16,2
111000331,27,5,22
111000332,316,1400,-1084
111000334,422,1838,-1416
111000335,386,170,216
111000337,376,454,-78
111000338,17,153,-136
111000339,155,935,-780
111000340,94,1088,-994
111000341,679,295,384
111000342,73,469,-396
111000344,776,802,-26
111000345,230,48,182
111000346,34,109,-75
111000347,48,3,45
111000350,154,154,0
111000351,83,332,-249
111000352,116,174,-58
111000353,113,276,-163
111000354,528,189,339
111000355,990,808,182
111000358,59,2292,-2233
111000360,93,1256,-1163
111000361,86,617,-531
111000546,431,726,-295
111000547,234,961,-727
111000548,54,221,-167
111000549,158,630,-472
111000550,60,426,-366
111000551,861,171,690
111000552,371,106,265
111000907,290,146,144
111000908,8,2,6
111000916,543,296,247
111000917,20,417,-397
111000918,103,1475,-1372
111000920,216,10,206
111000921,4,373,-369
111000922,221,356,-135
111000924,51,1546,-1495
111000925,1387,1582,-195
111000926,913,3211,-2298
111000927,2851,3168,-317
111000928,6817,4495,2322
111000929,843,877,-34
111000930,638,2817,-2179
111000931,1439,1490,-51
111000932,4229,2700,1529
111000933,3240,1884,1356
111000934,2612,3348,-736
111000935,738,1071,-333
111000936,789,2431,-1642
111000937,576,1116,-540
111000938,1682,2806,-1124
111000939,146,67,79
111000940,195,228,-33
111000941,182,889,-707
111000943,177,318,-141
111000944,111,696,-585
111000945,52,3072,-3020
111001109,267,147,120
111001110,208,706,-498
111001111,22,4,18
111001112,53,1,52
111001113,13,116,-103
111001114,1385,87,1298
111001115,70,345,-275
111001116,6544,1566,4978
111001117,812,855,-43
111001120,51,469,-418
111001121,137,356,-219
111001122,196,787,-591
111001123,90,112,-22
111001124,52,449,-397
111900001,0,178,-178
111900002,13,1156,-1143
111900003,7,527,-520
111900004,34,248,-214
111900006,3,20,-17
111900007,66,3,63
111900008,61,4,57
111900009,80,230,-150
111900010,221,635,-414
111900012,101,166,-65
111900013,8,118,-110
111900014,9691,2206,7485
111900015,1,81,-80
111900016,1,265,-264
111900017,0,252,-252
111900018,60,2,58
111900019,6,97,-91
111900020,5,71,-66
111900021,26,140,-114
111900022,14,88,-74
111900023,191,94,97
111900024,1,108,-107
111900025,0,55,-55
111900026,0,123,-123
111900027,4,197,-193
111900028,6,565,-559
111900029,5,127,-122
111900030,77,567,-490
111900031,2,38,-36
111900032,2,615,-613
111900033,6,146,-140
111900034,248,815,-567
111900035,21,297,-276
111900036,1,461,-460
111900038,383,789,-406
111900039,44,580,-536
111900040,3,976,-973
111900042,56,97,-41
111900043,9,575,-566
111900044,298,294,4
111900046,47,313,-266
111900048,78,1129,-1051
111900049,37,386,-349
111900050,55,13,42
111900051,1,425,-424
111900052,406,694,-288
111900053,1868,424,1444
111900054,97,1,96
111900055,24,905,-881
111900056,272,111,161
111900057,30,37,-7
111900058,192,976,-784
111900059,3118,259,2859
111900060,225,3,222
111900061,16,434,-418
111900062,8,20,-12
111900063,120,338,-218
111900064,169,392,-223
111900065,25,8,17
111900066,82,122,-40
111900067,2,510,-508
111900068,13,34,-21
111900069,47,27,20
111900070,65,157,-92
111900071,1,410,-409
111900072,12,21,-9
111900073,297,78,219
111900074,8,245,-237
111900075,28,2,26
111900076,57,23,34
111900077,9,0,9
111900078,124,12,112
111900079,31,13,18
111900080,219,122,97
111900082,102,10,92
111900083,47,1,46
111900084,19,0,19
111900085,22,55,-33
111900086,29,1,28
111900087,17,0,17
111900088,193,1,192
111900089,26,0,26
111900090,94,29,65
111900091,127,3,124
111900092,29,0,29
111900093,175,2,173
111900094,30,0,30
111900095,109,18,91
111900096,70,0,70
111900097,20,0,20
111900098,70,0,70
111900099,10,0,10
111900100,97,3,94
111900101,37,12,25
111900102,187,1019,-832
111900103,64,28,36
111900104,115,64,51
111900105,234,114,120
111900106,2109,73,2036
111900110,3925,281,3644
111900111,32,337,-305
111900112,1221,1186,35
111900113,327,78,249
111900118,188,45,143
111900119,149,53,96
111900122,70,18,52
111900123,8,17,-9
111900124,65,131,-66
111900125,208,10,198
111900126,153,1,152
111900127,5,825,-820
111900128,2,906,-904
111900129,115,3,112
111900130,157,15,142
111900131,159,2,157
111900132,42,1913,-1871
111900133,4,539,-535
111900134,46,434,-388
111900135,6,22,-16
111900136,72,146,-74
111900137,89,79,10
111900138,10,126,-116
111900139,23,201,-178
111900140,37,14,23
111900141,14,6,8
111900142,42,7,35
111900143,16,271,-255
111900144,1,190,-189
111900145,5,940,-935
111900146,4,463,-459
111900147,236,689,-453
111900148,33,1171,-1138
111900149,6,565,-559
111900150,7,270,-263
111900151,8,30,-22
111900152,116,62,54
111900153,1697,165,1532
111900154,14,103,-89
111900155,47,35,12
111900156,34,20,14
111900157,36,7,29
111900158,217,22,195
111900159,98,14,84
111900160,154,3,151
111900161,69,14,55
111900162,117,149,-32
111900163,55,335,-280
111900164,100,47,53
111901113,135,384,-249
111901114,101,551,-450
111901115,28,3,25
111901116,26,1,25
111901117,15,18,-3
111901118,179,107,72
111901119,1744,116,1628
111901121,244,455,-211
111901122,5,755,-750
111901123,78,703,-625
111901124,72,2,70
111901125,156,193,-37
111901127,1375,264,1111
111901128,15,123,-108
111901129,5,232,-227
111901130,18,434,-416
111901131,2,467,-465
111901132,59,5,54
111901133,36,2,34
111901134,37,3,34
111901135,12,2,10
111901136,18,11,7
111901137,0,16,-16
111901138,85,43,42
111901139,33,41,-8
111901140,7,200,-193
111901141,16,313,-297
111901142,5,199,-194
111901143,0,123,-123
111901144,33,24,9
111901145,125,155,-30
111901146,394,13,381
112000001,1243,809,434
112000002,803,3046,-2243
112000003,585,903,-318
112000004,569,1998,-1429
112000005,1756,1870,-114
112000006,1607,2374,-767
112000007,1390,1282,108
112000008,1865,3164,-1299
112000009,4330,4309,21
112000010,1820,2489,-669
112000011,2016,2822,-806
112000012,6520,2144,4376
112000013,6785,3758,3027
112000014,2845,900,1945
112000015,3546,3018,528
112000016,5568,1039,4529
112000017,2513,1661,852
112000024,2134,763,1371
112000026,5171,6207,-1036
112000027,797,432,365
112000028,1679,2038,-359
112000029,309,562,-253
112000030,255,148,107
112000031,1616,2906,-1290
112000032,595,92,503
112000033,2465,1076,1389
112000034,257,48,209
112000035,103,319,-216
112000036,912,721,191
112000037,1403,1001,402
112000038,1030,1069,-39
112000039,25,95,-70
112000040,195,354,-159
112000041,544,586,-42
112000042,1082,317,765
112000050,744,1547,-803
112000051,692,856,-164
112000054,1775,3078,-1303
112000057,625,403,222
112000058,361,637,-276
112000059,885,537,348
112000061,6012,2134,3878
112000062,3241,810,2431
112000063,2307,897,1410
112000064,5420,6724,-1304
112000065,2535,3205,-670
112000066,3134,1075,2059
112000067,873,800,73
112000068,1909,1369,540
112000069,731,2787,-2056
112000070,1680,651,1029
112000071,730,3889,-3159
112000072,1050,998,52
112000073,1303,2121,-818
112000074,956,860,96
112000075,908,997,-89
112000076,3392,3345,47
112000077,355,869,-514
112000078,1089,916,173
112000079,1133,1510,-377
112000080,514,1308,-794
112000081,1234,2068,-834
112000082,1059,816,243
112000083,500,1699,-1199
112000084,948,850,98
112000085,871,1480,-609
112000086,1227,1695,-468
112000087,211,635,-424
112000088,292,833,-541
112000089,238,385,-147
112000090,188,571,-383
112000091,587,1425,-838
112000092,1141,882,259
112000093,1513,1241,272
112000094,329,845,-516
112000095,449,868,-419
112000096,306,717,-411
112000097,622,519,103
112000098,935,2009,-1074
112000099,550,764,-214
112000100,842,944,-102
112000101,437,1199,-762
112000102,586,582,4
112000103,285,1628,-1343
112000105,403,2310,-1907
112000106,738,427,311
112000107,11,241,-230
112000108,107,1914,-1807
112000109,71,64,7
112000110,1271,455,816
112000111,1848,5517,-3669
112000112,5894,583,5311
112000113,1122,2548,-1426
112000114,2873,1006,1867
112000115,215,626,-411
112000116,388,1203,-815
112000117,575,881,-306
112000118,850,1137,-287
112000119,396,1236,-840
112000120,75,525,-450
112000121,87,946,-859
112000122,151,129,22
112000123,318,135,183
112000124,196,60,136
112000125,64,150,-86
112000126,131,884,-753
112000127,3153,1341,1812
112000128,1505,782,723
112000129,96,110,-14
112000130,73,89,-16
112000131,30,450,-420
112000132,51,390,-339
112000133,218,418,-200
112000134,389,431,-42
112000135,1059,648,411
112000136,1335,1471,-136
112000137,2198,1499,699
112000138,3587,1500,2087
112000139,761,286,475
112000140,1030,1265,-235
112000141,432,189,243
112000142,129,1137,-1008
112000143,542,248,294
112000144,289,2268,-1979
112000145,1424,650,774
112000146,642,2901,-2259
112000147,1483,1716,-233
112000148,1637,2650,-1013
112000149,197,928,-731
112000150,106,847,-741
112000151,270,825,-555
112000152,179,498,-319
112000153,230,324,-94
112000154,83,230,-147
112000155,120,87,33
112000157,771,556,215
112000158,155,942,-787
112000159,317,422,-105
112000167,150,31,119
112000169,347,337,10
112000173,329,258,71
112000175,270,475,-205
112000176,5749,2145,3604
112000177,293,102,191
112000178,49,710,-661
112000179,142,184,-42
112000180,200,340,-140
112000181,1055,2565,-1510
112000182,524,2941,-2417
112000183,48,86,-38
112000184,198,821,-623
112000185,257,677,-420
112000187,3088,2687,401
112000195,82,13,69
112000196,123,0,123
112000197,125,127,-2
112000198,41,531,-490
112000199,1331,1017,314
112000202,221,46,175
112000216,66,232,-166
112000230,29,10,19
112000231,0,457,-457
112000256,35,162,-127
112000313,219,235,-16
112000314,21,16,5
112000337,201,615,-414
112000352,279,234,45
112000392,2135,1517,618
112000398,708,866,-158
112000399,2921,1631,1290
112000400,2018,5041,-3023
112000401,3432,3456,-24
112000402,1548,2098,-550
112000403,2241,1835,406
112000404,303,649,-346
112000405,1158,2467,-1309
112000406,3708,3889,-181
112000407,3937,5907,-1970
112000408,9344,8834,510
112000409,1837,6026,-4189
112000410,329,128,201
112000411,6578,1300,5278
112000412,1248,497,751
112000413,12059,2685,9374
112000414,64,113,-49
112000415,80,55,25
112000416,1446,1316,130
112000417,188,65,123
112000421,42,203,-161
112000422,312,709,-397
112000424,3033,1641,1392
112000425,375,1270,-895
112000426,82,321,-239
112000427,1,15,-14
112000428,93,608,-515
112000429,2175,3215,-1040
112000430,1976,3411,-1435
112000431,43,114,-71
112000432,638,2701,-2063
112000433,655,852,-197
112000437,42,385,-343
112900001,56,3,53
112900002,157,1782,-1625
112900003,27,396,-369
112900004,21,644,-623
112900005,89,304,-215
112900006,7,590,-583
112900007,40,313,-273
112900008,0,10,-10
112900009,399,61,338
112900010,151,896,-745
112900011,338,390,-52
112900012,0,51,-51
112900013,5,211,-206
112900014,0,386,-386
112900015,453,1219,-766
112900016,1,456,-455
112900017,30,313,-283
112900018,2,527,-525
112900019,87,164,-77
112900020,455,1902,-1447
112900021,3,347,-344
112900022,13,141,-128
112900023,1,396,-395
112900024,27,367,-340
112900025,71,321,-250
112900026,4,370,-366
112900027,9,1647,-1638
112900028,16,181,-165
112900029,13,989,-976
112900030,340,256,84
112900031,5,726,-721
112900032,135,304,-169
112900034,5,78,-73
112900035,7,601,-594
112900036,46,182,-136
112900037,205,124,81
112900038,362,142,220
112900039,20,406,-386
112900040,5,412,-407
112900041,1547,872,675
112900042,51,619,-568
112900043,47,59,-12
112900044,621,478,143
112900045,693,290,403
112900046,588,79,509
112900047,20,13,7
112900049,82,121,-39
112900050,91,657,-566
112900051,323,995,-672
112900052,13,1530,-1517
112900053,374,142,232
112900054,288,29,259
112900055,180,13,167
112900056,253,162,91
112900057,5,1073,-1068
112900058,363,140,223
112900059,82,145,-63
112900060,6,355,-349
112900061,53,156,-103
112900062,61,179,-118
112900063,87,5,82
112900064,218,211,7
112900065,33,7,26
112900066,146,73,73
112900067,758,188,570
112900068,24,22,2
112900069,3249,619,2630
112900071,22,2,20
112900072,285,1067,-782
112900073,256,51,205
112900074,67,91,-24
112900075,2648,584,2064
112900076,121,9,112
112900078,148,197,-49
112900079,145,26,119
112900080,24,1,23
112900081,40,115,-75
112900082,187,10,177
112900083,25,52,-27
112900084,119,60,59
112900086,23,1,22
112900087,387,93,294
112900088,58,9,49
112900089,477,23,454
112900090,30,8,22
112900091,64,1,63
112900092,158,124,34
112900093,1502,13,1489
112900095,14,0,14
112900096,211,101,110
112900097,29,517,-488
112900098,181,2,179
112900099,366,12,354
112900100,9,0,9
112900101,110,1,109
112900102,150,3,147
112900103,90,0,90
112900104,36,0,36
112900105,7,1,6
112900106,277,116,161
112900107,13,2,11
112900108,54,0,54
112900109,33,2,31
112900110,380,7,373
112900111,288,6,282
112900112,146,1,145
112900113,0,31,-31
112900114,28,61,-33
112900115,383,0,383
112900116,32,46,-14
112900117,96,147,-51
112900118,53,99,-46
112900119,66,3,63
112900120,818,243,575
112900121,250,240,10
112900122,25,221,-196
112900123,174,10,164
112900124,1,197,-196
112900125,71,413,-342
112900126,158,293,-135
112900127,243,54,189
112900128,537,1032,-495
112900129,3,1218,-1215
112900130,180,62,118
112900131,50,225,-175
112900132,68,500,-432
112900133,23,1586,-1563
112900134,2,360,-358
112900135,74,29,45
112900137,0,839,-839
112900138,5,615,-610
112900139,268,1477,-1209
112900141,445,33,412
112900142,159,78,81
112900143,55,772,-717
112900144,5,450,-445
112900145,60,630,-570
112900146,5,1820,-1815
112900147,6,3153,-3147
112900148,46,3,43
112900149,174,845,-671
112900151,32,70,-38
112900152,5643,1252,4391
112900153,2153,1059,1094
112900154,0,117,-117
112900155,101,14,87
112900156,152,2318,-2166
112900157,99,138,-39
112900158,27,29,-2
112900159,173,49,124
112900160,17,338,-321
112900161,47,26,21
112900162,31,8,23
112900163,127,33,94
112900164,34,113,-79
112900165,163,32,131
112900166,16,46,-30
112900167,5,38,-33
112900168,0,0,0
112900169,6,5,1
112900170,50,130,-80
112900172,87,5,82
112900173,291,118,173
112900174,251,31,220
112900175,159,96,63
112900176,4,16,-12
112900177,172,18,154
112900178,612,1370,-758
112900179,57,694,-637
112900180,1094,2695,-1601
112900181,261,3,258
112900182,26,1946,-1920
112900183,131,269,-138
112900184,449,350,99
112900185,364,550,-186
112900186,2204,720,1484
112900187,83,426,-343
112900188,829,369,460
112900189,65,27,38
112900190,1,35,-34
112900192,414,373,41
112900193,1039,314,725
112900194,15,90,-75
112900195,566,23,543
112900196,219,663,-444
112900197,137,518,-381
112900199,328,724,-396
112900200,325,349,-24
112900201,73,80,-7
112900202,163,1393,-1230
112900203,85,380,-295
112900204,878,414,464
112900205,1,12,-11
112900206,2,62,-60
112900207,7,0,7
112900208,57,101,-44
112900209,458,536,-78
112900210,0,6,-6
112900211,75,119,-44
112900212,0,101,-101
112900213,5,6,-1
112900214,22,7,15
112900215,6,286,-280
112900216,30,70,-40
112900217,0,82,-82
112900218,11,12,-1
112900219,36,7,29
112900220,3,0,3
112900221,11,128,-117
112900222,0,24,-24
112900223,445,10,435
112900224,114,1008,-894
112900225,212,798,-586
112900226,296,374,-78
112900227,185,1841,-1656
112900228,37,20,17
112900229,94,84,10
112900230,9479,3279,6200
112900232,188,137,51
112900233,50,251,-201
112900234,9,135,-126
112900235,54,16,38
112900236,121,19,102
112900237,67,460,-393
112900238,2,48,-46
112900239,625,239,386
113000001,5028,5771,-743
113000002,4037,4505,-468
113000003,2108,2249,-141
113000004,2154,2628,-474
113000005,1263,1369,-106
113000006,1005,1441,-436
113000007,1351,1650,-299
113000008,1406,2212,-806
113000009,784,1062,-278
113000010,968,2065,-1097
113000011,855,2182,-1327
113000012,1177,983,194
113000013,2044,584,1460
113000014,2438,1766,672
113000015,1309,391,918
113000016,596,450,146
113000017,124,338,-214
113000018,332,58,274
113000019,105,230,-125
113000020,109,22,87
113000021,944,697,247
113000022,513,1517,-1004
113000025,399,415,-16
113000026,200,571,-371
113000027,969,470,499
113000028,1561,441,1120
113000029,992,594,398
113000030,612,741,-129
113000031,326,331,-5
113000032,313,271,42
113000033,411,472,-61
113000034,508,416,92
113000035,42,37,5
113000036,27,34,-7
113000037,90,34,56
113000038,15,57,-42
113000039,96,572,-476
113000040,60,80,-20
113000042,878,696,182
113000051,799,2101,-1302
113000052,2500,1297,1203
113000053,349,765,-416
113000054,193,926,-733
113000055,718,1176,-458
113000056,683,1579,-896
113000058,855,1146,-291
113000059,1375,798,577
113000060,150,711,-561
113000061,713,990,-277
113000062,1375,205,1170
113000063,85,308,-223
113000064,17,586,-569
113000065,199,1487,-1288
113000066,366,97,269
113000067,1169,1589,-420
113000068,417,2441,-2024
113000069,528,1701,-1173
113000070,1049,963,86
113000071,363,939,-576
113000072,452,536,-84
113000073,620,2084,-1464
113000074,1100,327,773
113000075,2074,578,1496
113000076,1427,1930,-503
113000077,1610,439,1171
113000078,1190,2168,-978
113000079,1122,744,378
113000080,829,499,330
113000081,1056,875,181
113000082,1507,898,609
113000083,651,740,-89
113000084,1503,1213,290
113000085,959,537,422
113000086,1000,1295,-295
113000087,1073,825,248
113000088,2357,1337,1020
113000089,1019,1451,-432
113000090,252,380,-128
113000091,905,341,564
113000094,774,182,592
113000095,209,1433,-1224
113000096,159,1133,-974
113000097,746,341,405
113000098,91,33,58
113000099,841,282,559
113000100,145,438,-293
113000101,392,618,-226
113000102,428,225,203
113000103,3011,747,2264
113000104,336,2325,-1989
113000105,524,471,53
113000106,359,686,-327
113000107,507,936,-429
113000108,877,1611,-734
113000109,526,3457,-2931
113000110,1814,561,1253
113000111,128,714,-586
113000112,332,299,33
113000113,2471,300,2171
113000114,383,1387,-1004
113000116,883,313,570
113000117,905,177,728
113000118,177,474,-297
113000119,162,498,-336
113000120,48,188,-140
113000121,795,1127,-332
113000124,182,124,58
113000125,56,620,-564
113000127,4115,675,3440
113000128,500,582,-82
113000129,674,1744,-1070
113000133,4788,1457,3331
113000134,7,902,-895
113000135,2979,2836,143
113000137,2666,2053,613
113000139,476,183,293
113000140,180,332,-152
113000141,582,173,409
113000142,1095,1272,-177
113000143,337,207,130
113000144,321,808,-487
113000145,72,203,-131
113000146,151,100,51
113000147,142,171,-29
113000148,94,200,-106
113000149,57,167,-110
113000150,433,420,13
113000151,126,54,72
113000152,54,218,-164
113000153,2039,631,1408
113000154,871,1683,-812
113000155,317,539,-222
113000156,207,501,-294
113000157,326,885,-559
113000158,615,263,352
113000159,936,755,181
113000160,673,1419,-746
113000161,340,808,-468
113000162,600,526,74
113000163,76,59,17
113000164,49,95,-46
113000166,69,68,1
113000167,29,228,-199
113000168,84,260,-176
113000169,91,71,20
113000170,78,119,-41
113000171,85,132,-47
113000172,188,90,98
113000173,46,17,29
113000174,143,648,-505
113000175,311,136,175
113000176,417,149,268
113000177,152,491,-339
113000178,216,514,-298
113000179,213,155,58
113000180,708,1661,-953
113000181,844,1327,-483
113000182,245,397,-152
113000183,190,603,-413
113000184,13,112,-99
113000189,464,702,-238
113000190,1757,571,1186
113000192,2941,1652,1289
113000193,6048,923,5125
113000194,2339,1262,1077
113000195,2459,550,1909
113000196,122,93,29
113000197,1804,964,840
113000198,39,419,-380
113000199,1484,457,1027
113000201,505,242,263
113000202,4266,2634,1632
113000203,459,228,231
113000204,2280,1537,743
113000205,16,33,-17
113000206,9,50,-41
113000207,42,35,7
113000208,24,54,-30
113000209,26,35,-9
113000210,6,36,-30
113000211,290,181,109
113000212,333,29,304
113000213,26,140,-114
113000214,127,226,-99
113000234,203,1585,-1382
113000410,1031,200,831
113000411,3253,4673,-1420
113000412,11984,2268,9716
113000413,4602,2798,1804
113000414,11861,13204,-1343
113000415,2945,3092,-147
113000416,12519,4057,8462
113000417,3963,3468,495
113000418,4228,2693,1535
113000419,1981,2097,-116
113000420,4524,4201,323
113000421,4248,5347,-1099
113000422,18861,9055,9806
113000423,3025,4286,-1261
113000424,4865,7357,-2492
113000425,16,68,-52
113000428,1564,116,1448
113000430,254,183,71
113000432,1214,160,1054
113000433,151,1366,-1215
113000434,16,444,-428
113000435,27,1125,-1098
113000436,66,1822,-1756
113000437,394,18,376
113000438,135,19,116
113000439,11,202,-191
113000440,91,42,49
113000441,130,223,-93
113000442,138,418,-280
113000443,85,377,-292
113000444,69,444,-375
113000445,59,194,-135
113000446,28,134,-106
113000448,172,127,45
113000449,337,1107,-770
113000450,984,3043,-2059
113000451,1564,147,1417
113000452,650,459,191
113000453,124,292,-168
113000454,1354,54,1300
113000455,30,138,-108
113000456,4382,2231,2151
113000468,3065,330,2735
113000469,396,196,200
113000470,668,81,587
113000471,19,425,-406
113000472,107,339,-232
113000474,287,852,-565
113000475,1648,2123,-475
113000476,868,2103,-1235
113000477,2039,2381,-342
113000478,4281,7108,-2827
113000479,79,283,-204
113000480,105,91,14
113000483,0,0,0
113000484,0,0,0
113000485,35,0,35
113000486,21,1,20
113000487,8,6,2
113000488,0,0,0
113000489,0,3,-3
113000490,0,1,-1
113000491,3,68,-65
113000492,2,8,-6
113000493,2,0,2
113000495,190,291,-101
113000496,126,98,28
113000497,0,0,0
113000500,0,7,-7
113900001,5,122,-117
113900002,2,292,-290
113900003,0,215,-215
113900004,0,53,-53
113900005,0,37,-37
113900006,1,27,-26
113900007,73,18,55
113900008,94,0,94
113900009,278,0,278
113900010,233,1,232
113900011,29,1,28
113900012,11,2,9
113900013,1059,0,1059
113900014,800,2,798
113900015,0,33,-33
113900016,11,0,11
113900017,1,78,-77
113900018,586,120,466
113900019,86,69,17
113900020,81,0,81
113900022,4,1,3
113900023,3,0,3
113900024,57,91,-34
113900025,384,22,362
113900026,36,1,35
113900027,4,104,-100
113900028,11,545,-534
113900029,140,379,-239
113900030,115,1,114
113900031,4,2,2
113900032,7,1,6
113900033,68,82,-14
113900035,42,0,42
113900036,3,135,-132
113900037,36,684,-648
113900038,84,93,-9
113900039,105,7,98
113900040,5,7,-2
113900041,1,2,-1
113900042,47,47,0
113900043,137,128,9
113900044,488,77,411
113900045,51,0,51
113900046,194,739,-545
113900047,11,192,-181
113900048,337,47,290
113900049,1007,182,825
113900050,176,387,-211
113900051,170,514,-344
113900052,203,147,56
113900053,570,282,288
113900054,12,5,7
113900055,121,659,-538
113900056,64,193,-129
113900057,18,152,-134
113900058,37,274,-237
113900059,151,422,-271
113900060,176,300,-124
113900061,1175,130,1045
113900062,46,13,33
113900063,49,178,-129
113900064,40,196,-156
113900065,633,19,614
113900066,221,484,-263
113900067,59,400,-341
113900068,325,333,-8
113900069,162,43,119
113900070,209,604,-395
113900071,30,92,-62
113900072,70,243,-173
113900073,111,476,-365
113900074,34,569,-535
113900075,922,983,-61
113900076,141,3,138
113900077,24,310,-286
113900078,30,77,-47
113900079,14,81,-67
113900080,296,192,104
113900081,38,262,-224
113900082,77,211,-134
113900083,147,937,-790
113900084,182,113,69
113900085,47,402,-355
113900086,13,12,1
113900087,58,200,-142
113900088,32,91,-59
113900089,333,43,290
113900090,359,356,3
113900091,29,37,-8
113900092,50,73,-23
113900093,79,482,-403
113900094,316,637,-321
113900095,69,101,-32
113900096,130,54,76
113900097,22,132,-110
113900098,375,48,327
113900099,0,84,-84
113900100,0,2,-2
113900101,17,55,-38
113900102,104,104,0
113900103,205,273,-68
113900104,106,196,-90
113900105,70,450,-380
113900106,0,120,-120
113900107,2,32,-30
113900108,206,194,12
113900109,364,120,244
113900110,23,17,6
113900111,81,141,-60
113900112,76,117,-41
113900113,604,435,169
113900114,0,167,-167
113900115,0,164,-164
113900116,89,168,-79
113900117,90,14,76
113900118,173,312,-139
113900119,316,408,-92
113900120,44,33,11
113900121,39,92,-53
113900122,273,1363,-1090
113900123,361,140,221
113900124,0,108,-108
113900125,1515,195,1320
113900126,103,41,62
113900127,263,436,-173
113900128,92,67,25
113900129,15,117,-102
113900130,6,28,-22
113900131,155,73,82
113900132,38,59,-21
113900133,27,34,-7
113900135,170,624,-454
113900136,91,104,-13
113900137,308,178,130
113900138,68,165,-97
113900139,592,101,491
113900140,488,227,261
113900141,219,547,-328
113900142,81,90,-9
113900143,6,18,-12
113900144,447,138,309
113900145,208,227,-19
113900146,34,76,-42
113900148,173,289,-116
113900149,154,45,109
113900150,1105,714,391
113900151,236,249,-13
113900152,35,46,-11
113900153,450,628,-178
113900154,1,123,-122
113900155,253,82,171
113900156,181,696,-515
113900157,22,238,-216
113900158,655,278,377
113900159,11,281,-270
113900160,436,980,-544
113900161,135,195,-60
113900162,961,693,268
113900163,262,303,-41
113900164,205,64,141
113900165,553,561,-8
113900166,246,162,84
113900167,225,63,162
113900168,137,130,7
113900169,154,502,-348
113900171,104,79,25
113900172,14,293,-279
113900173,49,845,-796
113900174,414,759,-345
113900175,252,113,139
113900176,202,737,-535
113900177,194,237,-43
113900178,308,111,197
113900179,24,736,-712
113900180,121,111,10
113900181,439,73,366
113900182,560,1201,-641
113900183,44,87,-43
113900184,30,835,-805
113900185,162,93,69
113900186,25,56,-31
113900187,28,170,-142
113900188,100,164,-64
113900189,252,84,168
113900190,297,96,201
113900191,114,246,-132
113900192,6,337,-331
113900193,27,315,-288
113900194,2294,1145,1149
113900195,367,514,-147
113900196,2,157,-155
113900197,7,303,-296
113900198,35,149,-114
113900199,272,817,-545
113900200,16,418,-402
113900201,1,372,-371
113900202,41,367,-326
113900203,3,267,-264
113900204,38,677,-639
113900205,9,193,-184
113900206,9,193,-184
113900207,0,60,-60
113900208,1,47,-46
113900209,1,156,-155
113900210,562,703,-141
113900211,142,42,100
113900212,132,635,-503
113900214,540,400,140
113900215,31,170,-139
113900216,90,1532,-1442
113900217,35,415,-380
113900218,119,36,83
113900219,125,562,-437
113900220,119,62,57
113900221,284,121,163
113900222,420,480,-60
113900223,105,1404,-1299
113900224,137,82,55
113900225,866,270,596
113900226,276,153,123
113900227,342,197,145
113900228,447,349,98
113900229,45,657,-612
113900230,5594,1834,3760
113900231,163,284,-121
113900232,86,130,-44
113900233,38,59,-21
113900234,176,349,-173
113900235,66,40,26
113900236,35,464,-429
113900237,88,5,83
113900238,166,438,-272
113900239,39,55,-16
113900240,14,126,-112
113900241,98,74,24
113900242,49,147,-98
113900243,144,407,-263
113900244,458,146,312
113900245,1462,245,1217
113900246,31,17,14
113900247,211,236,-25
113900248,4395,1165,3230
113900249,1563,320,1243
113900250,58,118,-60
113900251,398,245,153
113900252,263,12,251
113900253,547,42,505
113900254,551,117,434
113900255,253,17,236
113900256,307,27,280
113900257,45,929,-884
113900258,16,667,-651
113900259,341,281,60
113900260,107,15,92
113900261,22,137,-115
113900262,128,901,-773
113900263,166,635,-469
113900264,7,733,-726
113900265,131,367,-236
113900266,35,231,-196
113900267,93,501,-408
113900268,172,364,-192
113900269,37,131,-94
113900270,374,397,-23
113900271,675,1596,-921
113900273,34,5,29
113900274,22,14,8
113900275,27,61,-34
113900276,5,311,-306
113900277,50,3,47
113900278,321,162,159
113900279,95,113,-18
113900280,1567,497,1070
113900281,332,1028,-696
113900282,1013,482,531
113900283,293,375,-82
113900284,797,213,584
113900285,163,56,107
113900286,3,105,-102
113900287,24,47,-23
113900288,4,110,-106
113900289,1857,112,1745
113900290,558,154,404
113900291,148,175,-27
113900292,7,6,1
113900293,6,334,-328
113900294,286,37,249
113900295,442,320,122
113900296,2958,384,2574
113900297,892,39,853
113900298,4,1891,-1887
113900299,33,276,-243
113900300,7141,2449,4692
113900301,1063,243,820
113900302,2982,675,2307
113900303,750,260,490
113900304,0,182,-182
113900305,65,1,64
113900306,15,0,15
113900307,76,0,76
113900308,96,113,-17
113900309,6,1134,-1128
113900310,0,18,-18
113900311,6,1,5
113900312,113,121,-8
113900313,26,23,3
114000001,1108,4163,-3055
114000002,131,606,-475
114000003,34,324,-290
114000004,184,466,-282
114000005,165,258,-93
114000006,3111,2512,599
114000007,590,1683,-1093
114000008,1431,1248,183
114000009,319,235,84
114000011,2303,4038,-1735
114000012,1474,3488,-2014
114000013,1231,2572,-1341
114000014,310,492,-182
114000015,848,640,208
114000016,220,620,-400
114000017,94,203,-109
114000018,559,111,448
114000026,879,2168,-1289
114000027,1679,2424,-745
114000028,1796,2176,-380
114000038,145,158,-13
114000039,71,115,-44
114000040,66,185,-119
114000042,88,256,-168
114000043,20,241,-221
114000044,85,103,-18
114000045,30,124,-94
114000046,2648,5591,-2943
114000047,33,97,-64
114000048,48,66,-18
114000049,1642,1207,435
114000050,1577,1178,399
114000051,3146,1627,1519
114000052,3158,1401,1757
114000053,45,585,-540
114000054,107,2038,-1931
114000055,270,31,239
114000056,1515,632,883
114000057,10204,2758,7446
114000058,709,696,13
114000059,376,181,195
114000060,526,797,-271
114000061,4105,1481,2624
114000062,3324,852,2472
114000063,3582,1847,1735
114000064,9560,2939,6621
114000065,2042,2616,-574
114000066,355,790,-435
114000067,43,406,-363
114000068,453,430,23
114000069,778,545,233
114000070,2668,1472,1196
114000071,449,853,-404
114000072,161,527,-366
114000073,18,150,-132
114000074,13,26,-13
114000075,37,228,-191
114000076,8,227,-219
114000077,5,70,-65
114000078,108,1850,-1742
114000079,42,31,11
114000080,85,125,-40
114000081,41,141,-100
114000082,49,731,-682
114000083,52,401,-349
114000084,132,94,38
114000085,131,1056,-925
114000086,140,790,-650
114000087,25,318,-293
114000088,12,59,-47
114000089,1868,543,1325
114000090,628,614,14
114000091,1605,472,1133
114000092,976,310,666
114000093,859,667,192
114000094,255,383,-128
114000095,100,102,-2
114000096,90,738,-648
114000097,144,1299,-1155
114000098,278,64,214
114000099,249,1158,-909
114000100,593,983,-390
114000101,295,1673,-1378
114000102,218,298,-80
114000103,76,684,-608
114000104,13,332,-319
114000105,46,60,-14
114000106,1099,438,661
114000107,141,157,-16
114000108,2999,1533,1466
114000109,303,593,-290
114000110,534,2157,-1623
114000111,773,692,81
114000112,342,2251,-1909
114000113,641,521,120
114000114,1271,1943,-672
114000115,1363,729,634
114000116,391,830,-439
114000117,1501,422,1079
114000118,1324,362,962
114000119,924,337,587
114000120,532,1397,-865
114000121,309,637,-328
114000122,310,252,58
114000123,910,277,633
114000124,454,363,91
114000125,882,2559,-1677
114000126,776,242,534
114000127,109,189,-80
114000128,643,663,-20
114000130,289,533,-244
114000131,101,51,50
114000132,628,858,-230
114000133,1192,1586,-394
114000134,46,220,-174
114000138,36,251,-215
114000139,373,118,255
114000144,557,317,240
114000145,93,213,-120
114000146,72,435,-363
114000147,876,1076,-200
114000148,2334,1388,946
114000149,280,230,50
114000150,774,505,269
114000151,851,879,-28
114000152,136,20,116
114000153,929,1256,-327
114000154,681,577,104
114000155,1156,1561,-405
114000156,758,445,313
114000157,214,819,-605
114000158,2658,724,1934
114000159,212,403,-191
114000160,163,225,-62
114000161,1561,1350,211
114000162,814,1067,-253
114000163,10,201,-191
114000165,199,156,43
114000166,699,260,439
114000167,4794,1218,3576
114000168,900,751,149
114000169,1905,788,1117
114000170,923,721,202
114000171,693,1438,-745
114000174,184,585,-401
114000176,629,382,247
114000177,2877,1021,1856
114000178,48,105,-57
114000179,1231,693,538
114000180,536,696,-160
114000181,1555,2292,-737
114000182,7412,2657,4755
114000183,1106,1219,-113
114000184,5115,1912,3203
114000185,923,958,-35
114000189,450,68,382
114000190,1316,184,1132
114000191,19,50,-31
114000192,464,2123,-1659
114000193,1479,4541,-3062
114000194,1126,1805,-679
114000195,83,19,64
114000196,4,540,-536
114000197,639,41,598
114000198,1298,433,865
114000199,2143,1198,945
114000200,529,3169,-2640
114000201,174,1422,-1248
114000202,969,1210,-241
114000203,362,1216,-854
114000204,118,587,-469
114000205,230,2225,-1995
114000206,448,1546,-1098
114000207,653,3119,-2466
114000208,477,4530,-4053
114000209,768,4414,-3646
114000210,424,2231,-1807
114000211,917,1801,-884
114000212,584,819,-235
114000213,1002,708,294
114000214,75,258,-183
114000215,154,73,81
114000216,783,393,390
114000217,147,354,-207
114000218,85,427,-342
114000219,699,442,257
114000220,21,1995,-1974
114000221,393,143,250
114000222,250,1654,-1404
114000223,348,115,233
114000224,156,987,-831
114000225,157,677,-520
114000226,67,311,-244
114000227,508,486,22
114000228,647,1267,-620
114000229,713,1536,-823
114000230,1285,1822,-537
114000231,729,1527,-798
114000232,406,146,260
114000233,1451,162,1289
114000234,927,1285,-358
114000235,693,2168,-1475
114000236,1,666,-665
114000237,66,1446,-1380
114000238,54,246,-192
114000239,140,1817,-1677
114000240,602,704,-102
114000241,271,1314,-1043
114000242,1013,1113,-100
114000243,1103,938,165
114000244,596,463,133
114000245,250,598,-348
114000246,123,36,87
114000247,612,794,-182
114000248,721,622,99
114000249,393,534,-141
114000250,522,756,-234
114000251,243,456,-213
114000252,52,159,-107
114000253,37,267,-230
114000254,22,127,-105
114000255,561,185,376
114000256,2960,848,2112
114000257,480,2299,-1819
114000258,224,629,-405
114000259,62,299,-237
114000260,0,37,-37
114000261,29,27,2
114000262,45,196,-151
114000263,8,4,4
114000264,482,814,-332
114000265,0,6,-6
114000267,4,1578,-1574
114000268,6,3032,-3026
114000270,93,4,89
114000271,492,126,366
114000283,532,577,-45
114000285,57,474,-417
114000288,54,532,-478
114000289,798,86,712
114000293,84,433,-349
114000294,212,399,-187
114000395,1414,74,1340
114000396,277,351,-74
114000402,222,455,-233
114000403,184,685,-501
114000405,101,803,-702
114000423,97,705,-608
114000424,219,316,-97
114000425,296,778,-482
114000426,275,717,-442
114000427,39,113,-74
114000428,333,87,246
114000429,10,256,-246
114000432,46,171,-125
114000434,13,129,-116
114000435,11,163,-152
114000436,2047,571,1476
114000437,118,363,-245
114900001,318,1726,-1408
114900002,380,104,276
114900003,268,2765,-2497
114900004,139,214,-75
114900005,227,1229,-1002
114900006,28,41,-13
114900007,102,9,93
114900008,56,43,13
114900010,2931,1538,1393
114900011,69,115,-46
114900013,109,69,40
114900015,39,233,-194
114900018,713,42,671
114900020,106,51,55
114900022,18,863,-845
114900024,120,166,-46
114900025,245,307,-62
114900026,35,72,-37
114900027,138,249,-111
114900029,28,16,12
114900030,138,277,-139
114900031,141,12,129
114900032,149,46,103
114900033,1572,227,1345
114900034,58,242,-184
114900035,151,285,-134
114900036,208,1478,-1270
114900037,78,326,-248
114900038,143,1226,-1083
114900039,430,870,-440
114900040,62,334,-272
114900041,307,768,-461
114900042,445,1072,-627
114900043,946,377,569
114900044,85,21,64
114900046,84,205,-121
114900047,230,1193,-963
114900048,70,261,-191
114900049,9,338,-329
114900050,21,884,-863
114900051,39,875,-836
114900052,82,262,-180
114900053,76,271,-195
114900054,32,159,-127
114900057,209,12,197
114900058,1,85,-84
114900059,31,32,-1
114900060,1622,428,1194
114900061,125,215,-90
114900062,290,339,-49
114900063,68,315,-247
114900064,660,899,-239
114900065,218,736,-518
114900067,25,415,-390
114900068,76,245,-169
114900069,278,201,77
114900070,264,850,-586
114900072,8,358,-350
114900073,1,210,-209
114900074,185,1200,-1015
114900075,163,2,161
114900076,5,360,-355
114900080,3686,499,3187
114900082,4465,1559,2906
114900083,966,891,75
114900090,137,169,-32
114900091,134,207,-73
114900095,452,147,305
114900096,545,621,-76
114900097,79,2,77
114900098,1,233,-232
114900099,82,7,75
115000001,10476,7786,2690
115000002,3030,3213,-183
115000003,4376,5595,-1219
115000004,2318,4407,-2089
115000005,1206,3481,-2275
115000006,550,1502,-952
115000007,41,170,-129
115000008,370,526,-156
115000009,122,399,-277
115000010,249,158,91
115000013,104,175,-71
115000015,72,180,-108
115000016,222,293,-71
115000019,25,445,-420
115000020,185,573,-388
115000021,365,502,-137
115000022,514,389,125
115000023,293,403,-110
115000024,1238,653,585
115000025,748,511,237
115000026,144,449,-305
115000027,171,264,-93
115000028,169,850,-681
115000029,361,182,179
115000030,436,1055,-619
115000031,846,318,528
115000032,10,339,-329
115000033,161,20,141
115000034,135,1230,-1095
115000035,957,66,891
115000036,4,438,-434
115000037,275,1,274
115000038,34,210,-176
115000039,3401,2311,1090
115000040,7736,3839,3897
115000041,924,2488,-1564
115000042,836,745,91
115000043,2784,3157,-373
115000044,2971,5312,-2341
115000045,1798,2935,-1137
115000046,1347,2913,-1566
115000047,1417,2083,-666
115000048,1369,3559,-2190
115000049,1547,3217,-1670
115000050,2795,2000,795
115000051,2255,1852,403
115000052,3874,2154,1720
115000053,1388,1408,-20
115000054,816,1576,-760
115000055,161,362,-201
115000056,180,471,-291
115000057,306,535,-229
115000058,146,152,-6
115000059,284,115,169
115000061,184,118,66
115000062,169,343,-174
115000063,281,366,-85
115000064,329,205,124
115000065,32,290,-258
115000067,277,19,258
115000069,36,414,-378
115000070,35,765,-730
115000071,140,14,126
115000072,12,52,-40
115000073,1168,41,1127
115000075,31,73,-42
115000076,3540,4377,-837
115000077,1209,4652,-3443
115000078,637,2360,-1723
115000079,1100,2710,-1610
115000080,1514,3277,-1763
115000081,394,1187,-793
115000082,2693,3458,-765
115000083,1596,4345,-2749
115000084,1087,1238,-151
115000085,471,1277,-806
115000086,576,1157,-581
115000087,615,1644,-1029
115000088,1665,645,1020
115000089,1714,1746,-32
115000090,844,739,105
115000091,349,1471,-1122
115000092,325,333,-8
115000093,399,6,393
115000094,10286,5004,5282
115000095,7984,4528,3456
115000096,470,2740,-2270
115000097,545,863,-318
115000098,685,983,-298
115000099,1596,4428,-2832
115000100,604,690,-86
115000101,295,1859,-1564
115000102,330,218,112
115000103,394,1156,-762
115000105,43,308,-265
115000106,340,288,52
115000107,121,797,-676
115000108,4691,3317,1374
115000109,6751,2946,3805
115000110,1224,900,324
115000111,641,1563,-922
115000112,568,583,-15
115000113,721,844,-123
115000114,1931,921,1010
115000116,3614,1348,2266
115000117,4194,2151,2043
115000118,1720,1528,192
115000119,1614,1821,-207
115000120,664,841,-177
115000121,1941,856,1085
115000122,4584,1359,3225
115000123,2443,1492,951
115000124,739,608,131
115000125,415,559,-144
115000126,144,299,-155
115000127,298,145,153
115000128,1351,890,461
115000129,250,194,56
115000130,234,1474,-1240
115000131,428,267,161
115000132,107,654,-547
115000133,244,513,-269
115000134,188,308,-120
115000135,268,373,-105
115000136,151,235,-84
115000137,92,218,-126
115000138,125,248,-123
115000139,159,341,-182
115000140,154,279,-125
115000141,122,487,-365
115000142,85,457,-372
115000143,319,581,-262
115000144,341,125,216
115000145,160,594,-434
115000146,285,248,37
115000147,463,675,-212
115000148,269,2067,-1798
115000149,396,227,169
115000150,731,1715,-984
115000151,556,591,-35
115000152,614,2286,-1672
115000153,664,558,106
115000154,468,386,82
115000155,551,1576,-1025
115000156,1084,665,419
115000157,1031,1164,-133
115000158,812,423,389
115000159,784,480,304
115000160,759,800,-41
115000161,582,719,-137
115000162,709,478,231
115000163,709,667,42
115000164,633,542,91
115000165,303,407,-104
115000167,91,56,35
115000168,516,265,251
115000169,783,439,344
115000170,133,142,-9
115000171,174,146,28
115000172,2409,688,1721
115000173,280,271,9
115000174,58,252,-194
115000175,74,98,-24
115000176,178,149,29
115000177,258,148,110
115000178,13,301,-288
115000179,23,38,-15
115000180,43,851,-808
115000181,334,159,175
115000182,440,492,-52
115000183,199,1367,-1168
115000186,535,286,249
115000187,128,755,-627
115000188,399,442,-43
115000189,264,525,-261
115000190,843,424,419
115000191,305,461,-156
115000194,197,134,63
115000195,330,231,99
115000196,72,129,-57
115000197,116,552,-436
115000198,197,302,-105
115000199,133,447,-314
115000200,214,93,121
115000201,128,500,-372
115000206,222,137,85
115000207,65,464,-399
115000208,738,983,-245
115000209,615,189,426
115000210,102,118,-16
115000211,210,265,-55
115000212,1619,353,1266
115000224,157,71,86
115000225,75,55,20
115000229,289,178,111
115000230,123,557,-434
115000231,288,3410,-3122
115000232,829,492,337
115000233,127,255,-128
115000234,9,326,-317
115000241,59,425,-366
115000242,107,363,-256
115000243,29,312,-283
115000244,4,136,-132
115000246,31,7,24
115000247,30,8,22
115000248,14,15,-1
115000249,55,9,46
115000250,167,76,91
115000251,132,155,-23
115000252,37,197,-160
115000253,22,240,-218
115000258,169,245,-76
115000259,373,206,167
115000261,15,24,-9
115000262,4,23,-19
115000263,23,48,-25
115000264,11,34,-23
115000267,52,62,-10
115000268,44,131,-87
115000269,100,84,16
115000270,1,28,-27
115000272,71,216,-145
115000273,552,22,530
115000280,3116,101,3015
115000281,988,210,778
115000282,2300,564,1736
115000284,319,74,245
115000296,864,11,853
115000297,191,112,79
115000298,100,232,-132
115000300,75,215,-140
115000302,174,341,-167
115000303,415,228,187
115000304,402,112,290
115000305,45,1624,-1579
115000306,93,753,-660
115000307,114,400,-286
115000308,66,21,45
115000309,9,6,3
115000310,638,1504,-866
115000311,469,1686,-1217
115000313,116,1025,-909
115000314,213,46,167
115000315,1334,369,965
115000316,38,111,-73
115000317,141,862,-721
115000318,653,268,385
115000319,63,386,-323
115000320,6,277,-271
115000321,398,7,391
115000322,71,301,-230
115000449,408,148,260
115000557,0,723,-723
115000558,236,81,155
115000587,338,444,-106
115000588,2187,4758,-2571
115000589,2735,3086,-351
115000590,920,2220,-1300
115000591,1093,870,223
115000592,672,1898,-1226
115000593,1718,719,999
115000594,1021,1761,-740
115000609,75,112,-37
115000617,2695,1621,1074
115000624,160,120,40
115000633,420,1886,-1466
115000634,2715,948,1767
115000635,294,133,161
115000638,1552,727,825
115000641,59,145,-86
115000642,422,289,133
115000643,96,532,-436
115000644,128,535,-407
115000646,689,1012,-323
115000647,161,634,-473
115000648,1004,1981,-977
115000893,3684,1077,2607
115000894,80,1316,-1236
115000895,334,1002,-668
115000896,910,365,545
115000897,483,92,391
115000898,720,254,466
115000899,1079,1101,-22
115000900,134,398,-264
115000901,84,71,13
115000912,257,88,169
115000913,3,51,-48
115000915,18,0,18
115000916,2,0,2
115000917,0,1,-1
115000918,94,247,-153
115000919,9,17,-8
115000920,15,44,-29
115000921,1669,94,1575
115000922,979,509,470
115000923,427,813,-386
115000925,31,87,-56
115000927,27,27,0
115000933,265,114,151
115000934,69,270,-201
115000935,121,100,21
115000936,52,234,-182
115000937,969,117,852
115000938,90,127,-37
115000939,68,119,-51
115900001,28,94,-66
115900002,73,228,-155
115900003,90,157,-67
115900004,0,77,-77
115900005,118,9,109
115900006,108,593,-485
115900008,19,20,-1
115900009,67,403,-336
115900010,94,289,-195
115900011,289,370,-81
115900012,48,134,-86
115900013,386,179,207
115900014,123,198,-75
115900015,40,175,-135
115900016,81,39,42
115900017,0,0,0
115900018,147,112,35
115900019,571,27,544
115900020,38,1,37
115900021,2106,121,1985
115900022,2924,10,2914
115900023,15,1,14
115900025,82,267,-185
115900026,974,449,525
115900027,0,538,-538
115900028,621,63,558
115900029,4,649,-645
115900030,147,11,136
115900031,302,229,73
115900032,296,1001,-705
115900033,0,38,-38
115900034,28,746,-718
115900035,31,164,-133
115900036,253,295,-42
115900037,26,636,-610
115900038,23,2,21
115900039,115,397,-282
115900041,442,349,93
115900042,12,4,8
115900043,54,211,-157
115900044,227,280,-53
115900046,168,343,-175
115900047,68,70,-2
115900049,131,266,-135
115900051,2,36,-34
115900052,12,352,-340
115900053,139,309,-170
115900054,71,48,23
115900055,18,170,-152
115900056,125,559,-434
115900057,9,2,7
115900058,26,90,-64
115900060,93,199,-106
115900061,116,0,116
115900062,18,396,-378
115900063,22,9,13
115900064,149,235,-86
115900065,43,227,-184
115900066,193,240,-47
115900067,7,1094,-1087
115900068,4479,402,4077
115900069,39,168,-129
115900070,112,381,-269
115900071,3,916,-913
115900072,81,301,-220
115900073,19,50,-31
115900074,7,438,-431
115900075,12,453,-441
115900076,8,132,-124
115900077,5,460,-455
115900078,41,173,-132
115900079,95,9,86
115900080,646,324,322
115900081,22,85,-63
115900082,199,178,21
115900084,174,72,102
115900085,70,66,4
115900086,1797,586,1211
115900088,54,26,28
115900089,149,974,-825
115900090,128,39,89
115900091,8,20,-12
115900092,9,348,-339
115900093,0,24,-24
115900094,3,565,-562
115900096,1,17,-16
115900097,11,693,-682
115900098,147,678,-531
115900099,97,131,-34
115900100,11,762,-751
115900101,151,583,-432
115900102,19,126,-107
115900103,232,333,-101
115900104,41,248,-207
115900105,52,914,-862
115900106,19,22,-3
115900107,22,278,-256
115900108,41,39,2
115900109,37,541,-504
115900110,1,21,-20
115900111,1,92,-91
115900112,27,1177,-1150
115900113,27,26,1
115900114,1,242,-241
115900115,52,149,-97
115900116,67,1412,-1345
115900117,42,24,18
115900118,2,559,-557
115900119,129,104,25
115900120,25,458,-433
115900121,92,286,-194
115900124,235,386,-151
115900125,165,60,105
115900126,337,75,262
115900127,377,39,338
115900128,4,76,-72
115900129,555,36,519
115900130,22,167,-145
115900131,252,26,226
115900132,190,5,185
115900134,186,12,174
115900135,585,608,-23
115900137,2,0,2
115900139,61,66,-5
115900140,125,9,116
115900141,19,51,-32
115900142,11,10,1
115900143,137,360,-223
115900144,38,258,-220
115900146,8,222,-214
115900147,164,259,-95
115900148,1,8,-7
115900149,34,28,6
115900150,27,91,-64
115900151,15,75,-60
115900152,59,556,-497
115900153,46,270,-224
115900154,837,286,551
115900155,0,107,-107
115900156,485,805,-320
115900157,59,467,-408
115900158,47,9,38
115900159,28,294,-266
115900160,11,3,8
115900161,85,286,-201
115900163,113,162,-49
115900164,141,55,86
115900165,1,118,-117
115900166,225,327,-102
115900168,33,198,-165
115900171,93,582,-489
115900172,41,149,-108
115900173,176,178,-2
115900174,351,201,150
115900175,79,165,-86
115900178,4,916,-912
115900179,145,20,125
115900180,54,508,-454
115900181,127,332,-205
115900182,229,418,-189
115900183,79,34,45
115900184,1709,42,1667
115900187,1,73,-72
115900189,0,114,-114
115900190,663,776,-113
115900191,62,566,-504
115900192,8,68,-60
115900193,69,91,-22
115900194,284,43,241
115900195,538,956,-418
115900198,242,238,4
115900199,157,293,-136
115900200,304,386,-82
115900201,444,237,207
115900202,0,14,-14
115900203,1,16,-15
115900204,2,2,0
115900205,37,10,27
115900206,88,191,-103
115900207,8,13,-5
115900208,76,497,-421
115900209,2,185,-183
115900210,2,155,-153
115900211,1,232,-231
115900212,79,278,-199
115900213,35,33,2
115900214,208,322,-114
115900215,28,39,-11
115900216,5,76,-71
115900217,4,92,-88
115900218,1,69,-68
115900219,46,13,33
115900220,50,17,33
115900221,50,16,34
115900222,49,11,38
115900223,12,79,-67
115900224,1946,468,1478
115900225,57,41,16
115900226,131,62,69
115900227,9,59,-50
115900228,8,42,-34
115900229,3,60,-57
115900230,43,132,-89
115900231,106,1,105
115900232,35,2,33
115900233,43,7,36
115900234,29,22,7
115900235,3,29,-26
115900236,45,28,17
115900237,12,40,-28
115900238,20,16,4
115900239,13,29,-16
115900240,15,72,-57
115900241,124,100,24
115900242,194,172,22
115900243,9,4,5
115900244,9,24,-15
115900245,18,14,4
115900246,9,2,7
115900247,12,5,7
115900248,5,5,0
115900249,3,6,-3
115900250,4,8,-4
115900251,0,6,-6
115900252,0,1,-1
115900253,3,4,-1
115900254,16,23,-7
115900255,10,14,-4
115900256,24,13,11
115900257,0,10,-10
115900258,0,1,-1
115900259,7,4,3
115900260,13,1,12
115900261,13,1,12
115900262,0,5,-5
115900263,7,4,3
115900264,7,2,5
115900265,2,6,-4
115900266,4,4,0
115900267,4,7,-3
115900268,10,8,2
115900269,235,482,-247
115900270,252,999,-747
115900271,34,0,34
115900272,15,0,15
115900273,1,2,-1
115900274,1,20,-19
115900275,0,64,-64
115900276,0,95,-95
115900277,0,159,-159
115900278,17,137,-120
115900279,17,175,-158
115900280,11,215,-204
115900281,590,160,430
115900282,15,7,8
115900283,4,8,-4
115900284,8,6,2
116000001,21383,5961,15422
116000002,4341,5961,-1620
116000003,1632,2120,-488
116000004,1683,2004,-321
116000005,2851,4018,-1167
116000006,1751,1186,565
116000007,4231,5119,-888
116000008,4498,1700,2798
116000009,1871,3325,-1454
116000010,1497,1050,447
116000011,856,2219,-1363
116000012,686,581,105
116000013,19729,5072,14657
116000014,22522,7567,14955
116000015,712,907,-195
116000016,9819,2190,7629
116000017,33,529,-496
116000018,878,514,364
116000019,771,276,495
116000020,393,1326,-933
116000021,315,248,67
116000022,319,580,-261
116000023,705,548,157
116000024,757,1806,-1049
116000025,660,608,52
116000026,1848,3005,-1157
116000027,689,529,160
116000028,411,517,-106
116000029,954,588,366
116000030,432,477,-45
116000031,151,228,-77
116000032,354,311,43
116000033,300,625,-325
116000034,538,969,-431
116000035,316,684,-368
116000036,2090,581,1509
116000037,719,461,258
116000038,570,306,264
116000039,771,312,459
116000040,858,641,217
116000041,405,639,-234
116000042,403,391,12
116000043,114,533,-419
116000044,9,112,-103
116000045,1526,1037,489
116000046,1148,905,243
116000047,2061,1801,260
116000048,1855,1667,188
116000049,970,1871,-901
116000050,1320,1344,-24
116000051,2987,1599,1388
116000052,3584,3440,144
116000053,1573,1083,490
116000054,600,1973,-1373
116000055,320,1270,-950
116000056,540,1027,-487
116000057,2674,2197,477
116000058,2996,1984,1012
116000059,2680,4572,-1892
116000060,3263,859,2404
116000061,434,867,-433
116000062,676,313,363
116000063,482,1139,-657
116000066,157,458,-301
116000067,323,660,-337
116000068,179,214,-35
116000069,367,502,-135
116000078,280,947,-667
116000080,1230,1230,0
116000082,18,156,-138
116000083,1044,386,658
116000084,2874,4894,-2020
116000085,1734,1189,545
116000086,2607,1557,1050
116000087,983,1223,-240
116000088,999,1936,-937
116000089,208,147,61
116000090,163,158,5
116000091,279,75,204
116000093,568,1318,-750
116000094,381,850,-469
116000095,516,961,-445
116000096,566,1392,-826
116000097,478,996,-518
116000098,406,4437,-4031
116000099,12163,411,11752
116000100,129,18,111
116000101,430,2192,-1762
116000102,191,1777,-1586
116000103,452,273,179
116000104,177,2113,-1936
116000105,673,203,470
116000106,403,1456,-1053
116000107,1723,631,1092
116000108,117,200,-83
116000111,61,22,39
116000113,105,62,43
116000114,35,166,-131
116000115,223,82,141
116000116,198,731,-533
116000117,961,2188,-1227
116000118,1079,1833,-754
116000119,1892,1765,127
116000120,2851,5816,-2965
116000121,547,449,98
116000122,1497,3204,-1707
116000123,500,501,-1
116000124,330,1519,-1189
116000125,1600,611,989
116000126,253,1829,-1576
116000127,1255,2057,-802
116000128,1106,839,267
116000129,633,224,409
116000130,217,243,-26
116000133,463,1017,-554
116000134,1317,3570,-2253
116000135,1229,1346,-117
116000136,1049,3064,-2015
116000137,519,583,-64
116000138,1537,508,1029
116000139,1561,2622,-1061
116000140,64,247,-183
116000141,359,1302,-943
116000142,4631,4688,-57
116000143,1998,1433,565
116000144,1102,3758,-2656
116000145,1460,1578,-118
116000146,288,508,-220
116000147,231,124,107
116000148,323,487,-164
116000149,341,546,-205
116000151,559,1268,-709
116000153,52,405,-353
116000155,275,223,52
116000156,844,2192,-1348
116000157,26,24,2
116000158,295,311,-16
116000159,7,12,-5
116000160,7,180,-173
116000161,11,139,-128
116000162,48,67,-19
116000163,11,8,3
116000164,2,8,-6
116000177,152,112,40
116000194,56,533,-477
116000195,1650,728,922
116000196,3,4,-1
116000197,0,2,-2
116000198,3263,1052,2211
116000200,797,211,586
116000201,797,766,31
116000202,1,414,-413
116000203,2,109,-107
116000204,17,55,-38
116000205,0,195,-195
116000206,4,109,-105
116000207,4,43,-39
116000233,134,1107,-973
116000287,108,731,-623
116000288,78,287,-209
116000292,35,79,-44
116000296,14,511,-497
116000297,65,8,57
116000304,47,58,-11
116000305,13,148,-135
116000346,113,188,-75
116000352,117,143,-26
116000354,50,56,-6
116000357,3,65,-62
116000358,122,50,72
116000361,135,0,135
116000372,11006,2634,8372
116000381,48,0,48
116000388,0,51,-51
116000389,592,627,-35
116000445,211,1030,-819
116000446,283,1533,-1250
116000447,14,541,-527
116000448,688,348,340
116000563,925,659,266
116000565,75,535,-460
116000568,72,164,-92
116000579,27,158,-131
116000584,11,17,-6
116000585,9,21,-12
116000586,282,120,162
116000587,379,633,-254
116000589,26,83,-57
116000590,85,78,7
116000591,79,313,-234
116000592,20,205,-185
116000593,0,86,-86
116000594,301,773,-472
116000595,505,262,243
116000596,32,9,23
116000597,167,77,90
116000598,5,272,-267
116000602,127,342,-215
116000605,268,229,39
116000606,40,185,-145
116000607,1,16,-15
116000609,295,716,-421
116000611,76,697,-621
116000612,592,1770,-1178
116000613,277,347,-70
116000614,409,1114,-705
116000615,3,134,-131
116000616,30,143,-113
116000617,67,134,-67
116000618,0,219,-219
116000619,14,45,-31
116000620,74,46,28
116000621,17,114,-97
116000622,32,148,-116
116000624,71,81,-10
116000627,24,54,-30
116000628,18,1492,-1474
116000629,17,899,-882
116000630,198,168,30
116000631,55,108,-53
116000632,147,670,-523
116000633,21,986,-965
116000634,155,38,117
116000635,2706,1307,1399
116000636,1294,976,318
116000637,167,14,153
116000638,20,804,-784
116900001,167,110,57
116900002,319,4,315
116900003,23,112,-89
116900004,36,73,-37
116900005,160,56,104
116900006,155,179,-24
116900007,101,193,-92
116900008,222,669,-447
116900009,10,3,7
116900010,4,2155,-2151
116900011,9,59,-50
116900012,153,263,-110
116900013,12,269,-257
116900014,45,539,-494
116900015,135,111,24
116900016,121,0,121
116900017,4,947,-943
116900018,53,70,-17
116900019,7,583,-576
116900020,2569,438,2131
116900023,78,17,61
116900024,400,69,331
116900025,482,1572,-1090
116900026,227,1002,-775
116900027,9,70,-61
116900028,0,193,-193
116900029,4,21,-17
116900031,0,20,-20
116900032,6,537,-531
116900033,2,3,-1
116900034,7,116,-109
116900035,69,216,-147
116900036,2,133,-131
116900038,12,3,9
116900041,87,21,66
116900042,1153,296,857
116900043,8,73,-65
116900047,147,57,90
116900049,41,403,-362
116900050,73,591,-518
116900051,27,382,-355
116900052,159,132,27
116900055,0,5,-5
116900057,11,426,-415
116900058,19,509,-490
116900059,1,278,-277
116900060,194,299,-105
116900062,0,9,-9
116900064,61,1506,-1445
116900065,17,132,-115
116900067,74,187,-113
116900068,129,479,-350
116900070,1,2,-1
116900072,16,722,-706
116900073,4,268,-264
116900074,2,68,-66
116900076,19,28,-9
116900077,10,318,-308
116900078,191,179,12
116900079,13,519,-506
116900080,9,20,-11
116900081,348,1881,-1533
116900082,243,1025,-782
116900083,51,100,-49
116900084,192,38,154
116900085,28,206,-178
116900086,33,284,-251
116900088,521,65,456
116900090,144,65,79
116900091,160,117,43
116900092,85,1076,-991
116900093,1992,2017,-25
116900094,7680,2438,5242
116900095,261,243,18
116900096,99,151,-52
116900097,5192,1877,3315
116900098,976,233,743
116900099,866,451,415
116900100,399,18,381
116900101,359,803,-444
116900103,15,1,14
116900104,39,76,-37
116900105,200,42,158
116900106,778,789,-11
116900107,5793,1351,4442
116900110,15,1,14
116900111,189,1776,-1587
116900112,154,1600,-1446
116900113,4357,1111,3246
116900116,127,277,-150
116900117,23,149,-126
116900118,1152,759,393
116900120,133,166,-33
116900121,34,46,-12
116900122,352,1335,-983
116900123,80,1316,-1236
116900124,154,1118,-964
116900125,157,334,-177
116900126,303,614,-311
116900128,0,43,-43
116900129,1,431,-430
116900130,1240,1983,-743
116900131,86,181,-95
116900132,27,87,-60
116900133,79,115,-36
116900134,116,240,-124
116900136,131,235,-104
116900137,286,236,50
116900138,144,240,-96
116900139,118,461,-343
116900140,159,230,-71
116900141,489,360,129
116900142,6,39,-33
116900143,214,593,-379
116900144,17,50,-33
116900145,68,403,-335
116900147,744,333,411
116900148,1,20,-19
116900149,22,125,-103
116900150,5,11,-6
116900151,99,28,71
116900153,55,60,-5
116900154,948,215,733
116900155,68,54,14
116900157,188,438,-250
116900158,61,103,-42
116900159,39,216,-177
116900160,750,249,501
116900161,11007,3867,7140
116900162,11,206,-195
116900163,62,175,-113
116900164,46,45,1
116900165,170,90,80
116900166,20,163,-143
116900167,222,75,147
116900168,165,116,49
116900169,745,225,520
116900170,208,261,-53
116900171,29,370,-341
116900172,218,94,124
116900173,71,59,12
116900174,29,17,12
116900175,185,104,81
116900178,20,334,-314
116900179,75,137,-62
116900180,79,35,44
116900182,301,227,74
116900183,75,105,-30
116900185,8,8,0
116900186,74,482,-408
116900187,8,18,-10
116900188,73,17,56
116900189,61,1,60
116900191,325,431,-106
116900192,145,290,-145
116900194,69,606,-537
116900195,18,8,10
116900196,19,142,-123
116900197,56,9,47
116900198,363,119,244
116900200,24,25,-1
116900201,67,5,62
116900202,144,62,82
116900203,148,5,143
116900204,35,72,-37
116900206,6,48,-42
116900207,33,27,6
116900208,10,272,-262
116900209,8,201,-193
116900210,342,218,124
116900211,235,14,221
116900212,22,97,-75
116900213,181,270,-89
116900214,90,177,-87
116900215,33,106,-73
116900216,158,521,-363
116900218,57,427,-370
116900219,976,338,638
116900220,61,216,-155
116900221,50,273,-223
116900222,384,313,71
116900223,85,193,-108
116900226,46,78,-32
116900227,113,85,28
116900228,193,347,-154
116900230,50,536,-486
116900231,13,686,-673
116900232,9,783,-774
116900233,105,99,6
116900234,5,6,-1
116900235,112,415,-303
116900238,1610,331,1279
116900239,51,897,-846
116900240,8187,3075,5112
116900241,50,242,-192
116900242,545,234,311
116900243,4,169,-165
116900245,12,7,5
116900246,19,1,18
116900247,320,32,288
116900248,67,20,47
116900249,142,178,-36
116900250,150,51,99
116900251,456,286,170
116900252,58,1394,-1336
116900253,80,98,-18
116900254,1,84,-83
116900255,55,42,13
116900256,214,85,129
116900257,6,874,-868
116900258,3,466,-463
116900259,45,11,34
116900260,2,192,-190
116900261,20,1,19
116900262,130,149,-19
116900263,0,8,-8
116900264,0,0,0
116900265,8,0,8
116900266,12,95,-83
116900267,1,4,-3
116900268,12,11,1
116900269,255,534,-279
116900271,3009,66,2943
116900272,518,754,-236
116900273,248,56,192
116900274,59,76,-17
116900275,92,176,-84
116900276,1692,58,1634
116900277,878,15,863
116900278,14,23,-9
116900279,0,25,-25
116900280,10,33,-23
116900281,9887,2269,7618
116900282,3,245,-242
116900283,29,181,-152
116900284,39,329,-290
116900285,515,252,263
116900286,359,14,345
116900287,4,103,-99
116900288,35,185,-150
116900289,6,49,-43
116900290,1,54,-53
116900291,5,23,-18
116900292,0,2,-2
116900293,14,109,-95
116900294,26,172,-146
116900295,157,143,14
116900296,41,90,-49
116900297,3,69,-66
116900298,110,46,64
116900299,63,100,-37
116900300,9,394,-385
116900301,118,67,51
116900302,53,37,16
116900303,591,30,561
116900304,0,123,-123
116900305,23,72,-49
116900306,64,162,-98
117000001,1355,1221,134
117000002,1624,4736,-3112
117000003,6853,2815,4038
117000004,5078,6600,-1522
117000005,1335,1470,-135
117000006,1135,5009,-3874
117000007,2373,1143,1230
117000008,1507,5904,-4397
117000009,4259,1586,2673
117000010,3030,5698,-2668
117000011,1328,2016,-688
117000012,1181,2474,-1293
117000013,958,1455,-497
117000014,873,3169,-2296
117000015,3343,1368,1975
117000016,658,80,578
117000017,555,182,373
117000018,207,395,-188
117000019,152,0,152
117000020,977,1137,-160
117000021,3977,525,3452
117000022,758,57,701
117000023,711,174,537
117000024,699,94,605
117000025,1150,788,362
117000026,3445,824,2621
117000027,4006,1631,2375
117000028,4662,719,3943
117000030,997,663,334
117000031,679,181,498
117000032,2060,1785,275
117000033,1203,898,305
117000034,353,475,-122
117000035,207,211,-4
117000036,421,415,6
117000037,167,201,-34
117000038,315,638,-323
117000039,343,351,-8
117000040,144,1767,-1623
117000041,481,159,322
117000044,29,1675,-1646
117000045,301,63,238
117000046,487,956,-469
117000047,532,395,137
117000048,2467,2009,458
117000049,187,474,-287
117000050,130,3873,-3743
117000051,1655,152,1503
117000052,11,932,-921
117000053,152,77,75
117000054,1301,9,1292
117000055,15,4833,-4818
117000056,516,28,488
117000057,772,2983,-2211
117000060,444,2062,-1618
117000061,1403,777,626
117000062,224,706,-482
117000063,1380,694,686
117000064,906,1052,-146
117000066,1566,957,609
117000067,148,364,-216
117000074,193,169,24
117000076,103,35,68
117000077,135,125,10
117000078,93,754,-661
117000079,271,182,89
117000080,1,378,-377
117000081,687,151,536
117000082,13,64,-51
117000083,124,14,110
117000084,434,1,433
117000085,194,582,-388
117000086,1263,962,301
117000087,124,678,-554
117000088,277,240,37
117000089,1281,393,888
117000090,227,1907,-1680
117000091,512,336,176
117000092,363,2301,-1938
117000093,911,694,217
117000094,764,3445,-2681
117000095,2030,888,1142
117000096,602,3516,-2914
117000097,945,1233,-288
117000098,3146,7663,-4517
117000099,2203,1040,1163
117000100,168,196,-28
117000101,254,1936,-1682
117000102,1340,713,627
117000103,824,2455,-1631
117000104,1087,593,494
117000105,972,2478,-1506
117000106,833,944,-111
117000107,529,2829,-2300
117000108,1165,994,171
117000109,2035,3788,-1753
117000110,1272,832,440
117000111,3739,5666,-1927
117000112,2575,2425,150
117000113,163,497,-334
117000114,106,168,-62
117000115,51,216,-165
117000116,74,298,-224
117000117,1589,589,1000
117000118,262,157,105
117000119,857,76,781
117000120,404,141,263
117000121,226,565,-339
117000122,870,917,-47
117000123,2164,30,2134
117000124,961,34,927
117000125,421,57,364
117000126,75,28,47
117000127,221,386,-165
117000128,508,794,-286
117000129,720,282,438
117000130,160,2,158
117000131,0,228,-228
117000132,1328,27,1301
117000133,695,347,348
117000134,3,49,-46
117000135,10,32,-22
117000136,0,41,-41
117000137,55,62,-7
117000138,3,705,-702
117000140,535,2191,-1656
117000141,1480,653,827
117000181,1454,559,895
117000182,291,194,97
117000195,188,1906,-1718
117000196,114,86,28
117000225,238,2,236
117000226,5,166,-161
117000276,215,7,208
117000277,3,884,-881
117000310,2672,3238,-566
117000315,46,905,-859
117000320,66,0,66
117000906,112,13,99
117000907,10,644,-634
117000908,125,13,112
117000909,82,29,53
117000910,182,138,44
117000911,196,249,-53
117000915,15,782,-767
117000916,10,1,9
117000917,570,21,549
117000918,20,51,-31
117000919,5,128,-123
117000920,2,2208,-2206
117000921,11,2648,-2637
117000922,48,188,-140
117000924,308,678,-370
117000926,1566,80,1486
117000927,2426,441,1985
117000928,1,383,-382
117000929,114,720,-606
117000930,93,17,76
117000931,825,96,729
117900002,150,404,-254
117900003,1024,511,513
117900005,8,13,-5
117900006,1,29,-28
117900007,94,270,-176
117900008,0,50,-50
117900010,364,158,206
117900011,51,7,44
117900012,41,268,-227
117900013,3,424,-421
117900014,359,253,106
117900015,25,267,-242
117900016,1704,523,1181
117900017,425,631,-206
117900018,322,42,280
117900019,248,750,-502
117900020,60,260,-200
117900021,39,144,-105
117900022,32,23,9
117900023,896,284,612
117900024,102,183,-81
117900025,15,19,-4
117900026,308,682,-374
117900028,72,7,65
117900029,221,1508,-1287
117900030,275,200,75
117900031,262,130,132
117900032,623,506,117
117900033,128,1197,-1069
117900034,30,50,-20
117900035,137,88,49
117900036,157,857,-700
117900037,86,196,-110
117900038,25,537,-512
117900039,6,114,-108
117900040,99,834,-735
117900041,10,87,-77
117900042,6010,504,5506
117900043,31,82,-51
117900044,28,2957,-2929
117900045,163,106,57
117900048,133,423,-290
117900049,102,1035,-933
117900050,16,35,-19
117900051,29,1,28
117900052,61,299,-238
117900053,802,832,-30
117900054,2,10,-8
117900055,192,202,-10
117900056,568,54,514
117900057,969,1674,-705
117900058,139,14,125
117900059,431,99,332
117900060,771,7757,-6986
117900061,12,230,-218
117900063,281,274,7
117900065,968,1580,-612
117900066,19,28,-9
117900067,316,407,-91
117900069,467,628,-161
117900070,329,6,323
117900071,75,162,-87
117900073,253,570,-317
117900074,198,9,189
117900075,40,76,-36
117900076,14,50,-36
117900077,168,209,-41
117900078,255,389,-134
117900080,146,70,76
117900081,649,503,146
117900082,278,320,-42
117900083,183,917,-734
117900086,56,57,-1
117900087,36,68,-32
117900088,3409,2455,954
117900089,1251,405,846
117900090,316,1130,-814
117900091,181,185,-4
117900092,51,58,-7
117900093,39,59,-20
117900094,26,6,20
117900095,242,818,-576
117900096,38,294,-256
117900097,193,95,98
117900098,11,11,0
117900099,141,594,-453
117900100,76,4,72
117900101,538,1070,-532
117900102,39,95,-56
117900103,18,0,18
117900104,12,201,-189
117900105,170,264,-94
117900106,50,77,-27
117900107,12,2,10
117900109,308,386,-78
117900110,20,1,19
117900111,164,7,157
117900112,38,20,18
117900113,5365,1772,3593
117900114,9,0,9
117900115,375,37,338
117900116,942,1062,-120
117900117,275,496,-221
117900118,19,0,19
117900119,85,396,-311
117900120,83,172,-89
117900121,45,33,12
117900122,1468,1742,-274
117900123,582,1062,-480
117900124,724,793,-69
117900125,1393,916,477
117900126,338,798,-460
117900127,406,871,-465
117900128,242,1250,-1008
117900129,24,0,24
117900130,956,389,567
117900131,1,119,-118
117900132,9,130,-121
117900133,9,191,-182
117900134,62,363,-301
117900135,10,307,-297
117900136,0,70,-70
117900137,14,418,-404
117900138,0,100,-100
117900139,37,155,-118
117900140,6593,274,6319
117900141,247,336,-89
117900142,113,13,100
117900144,166,153,13
117900145,118,2,116
117900146,220,134,86
117900147,52,55,-3
117900148,3714,1027,2687
117900149,32,249,-217
117900150,28,122,-94
117900151,18,190,-172
117900152,174,111,63
117900153,13,124,-111
117900154,282,802,-520
117900156,897,894,3
117900157,53,517,-464
117900158,165,94,71
117900160,385,320,65
117900161,3212,3148,64
117900162,199,454,-255
117900163,65,16,49
117900165,0,17,-17
117900166,112,227,-115
117900168,43,205,-162
117900169,1,164,-163
117900170,1,25,-24
117900171,3,13,-10
117900172,13,47,-34
117900173,165,72,93
117900174,24,68,-44
117900175,2,43,-41
117900176,3,71,-68
117900177,7,88,-81
117900178,117,44,73
117900180,322,46,276
117900181,203,265,-62
117900182,1,33,-32
117900183,46,201,-155
117900184,6,57,-51
117900185,11,32,-21
117900186,52,23,29
117900187,19,15,4
117900188,222,40,182
117900189,74,14,60
117900190,15,1,14
117900191,78,2,76
117900192,194,0,194
117900193,0,63,-63
117900194,1,7,-6
117900195,26,46,-20
117900196,5,19,-14
117900207,135,130,5
117900208,32,56,-24
117900209,150,206,-56
117900210,172,192,-20
117900211,9,250,-241
117900212,90,221,-131
117900213,9,12,-3
117900214,3,92,-89
117900215,19,44,-25
117900216,42,9,33
117900217,172,68,104
117900218,272,231,41
117900219,4,51,-47
117900220,168,86,82
117900222,120,332,-212
117900223,131,189,-58
118000001,812,542,270
118000002,1586,2267,-681
118000003,1936,1398,538
118000004,2954,2145,809
118000005,7580,2628,4952
118000006,10623,8438,2185
118000007,8397,2905,5492
118000008,6988,3629,3359
118000009,2452,3188,-736
118000010,4050,4731,-681
118000011,920,3661,-2741
118000012,1170,3803,-2633
118000013,3937,3661,276
118000014,2149,3634,-1485
118000016,246,562,-316
118000017,288,371,-83
118000018,287,648,-361
118000019,2257,1359,898
118000020,1504,1599,-95
118000021,702,2035,-1333
118000022,1981,593,1388
118000023,1025,262,763
118000024,2338,774,1564
118000027,24018,7329,16689
118000029,1675,591,1084
118000032,1976,2100,-124
118000033,2871,2575,296
118000034,6097,2177,3920
118000035,1623,1742,-119
118000036,1187,887,300
118000037,738,1091,-353
118000038,112,126,-14
118000039,76,555,-479
118000040,1529,2673,-1144
118000041,1947,1680,267
118000045,729,109,620
118000046,2547,657,1890
118000047,2203,548,1655
118000048,4018,1360,2658
118000051,3108,1620,1488
118000052,2278,945,1333
118000053,1180,893,287
118000054,3477,2094,1383
118000055,3185,2217,968
118000056,314,388,-74
118000057,637,418,219
118000058,4162,1493,2669
118000059,2623,882,1741
118000060,1066,863,203
118000061,1113,1725,-612
118000062,667,288,379
118000063,520,568,-48
118000064,1229,1426,-197
118000065,6001,1807,4194
118000066,1043,1285,-242
118000067,1376,913,463
118000068,2204,3679,-1475
118000069,4081,1488,2593
118000070,9631,1769,7862
118000071,5005,5490,-485
118000072,2559,1181,1378
118000073,3548,486,3062
118000074,603,514,89
118000075,1070,305,765
118000076,1362,1243,119
118000077,1509,1252,257
118000078,1852,1615,237
118000079,341,375,-34
118000080,1243,879,364
118000081,1523,1223,300
118000082,315,843,-528
118000083,2778,1165,1613
118000084,2801,1662,1139
118000086,227,542,-315
118000087,8056,2890,5166
118000088,1922,1935,-13
118000089,4589,3454,1135
118000090,2560,2749,-189
118000091,2193,1922,271
118000092,1518,419,1099
118000093,127,738,-611
118000096,467,485,-18
118000097,573,548,25
118000098,172,223,-51
118000099,347,1193,-846
118000101,642,419,223
118000102,320,1789,-1469
118000107,4166,463,3703
118000108,606,1305,-699
118000110,2,26,-24
118000111,0,790,-790
118000112,176,2,174
118000113,9,1393,-1384
118000114,162,6,156
118000115,17,8,9
118000116,43,1,42
118000117,1365,1084,281
118000118,750,769,-19
118000119,978,1221,-243
118000120,1959,2031,-72
118000121,81,625,-544
118000122,1146,247,899
118000123,52,300,-248
118000125,2042,1490,552
118000126,568,1593,-1025
118000127,1789,691,1098
118000128,762,1307,-545
118000129,829,277,552
118000130,3332,5157,-1825
118000131,880,1131,-251
118000132,2015,1553,462
118000133,509,508,1
118000135,510,264,246
118000136,104,624,-520
118000137,624,104,520
118000138,274,1179,-905
118000139,169,96,73
118000140,2562,3214,-652
118000141,1652,2369,-717
118000142,1108,2209,-1101
118000143,1345,1076,269
118000144,1615,1056,559
118000145,1309,3023,-1714
118000146,931,1520,-589
118000147,612,2034,-1422
118000148,352,1464,-1112
118000149,688,1429,-741
118000150,231,271,-40
118000151,250,494,-244
118000153,738,1261,-523
118000154,792,1687,-895
118000155,733,1343,-610
118000156,2738,2351,387
118000157,523,330,193
118000158,146,527,-381
118000159,33,65,-32
118000160,347,428,-81
118000161,281,1066,-785
118000162,975,950,25
118000163,512,837,-325
118000164,2241,1394,847
118000168,1775,285,1490
118000169,1028,2031,-1003
118000170,4116,7896,-3780
118000171,234,770,-536
118000172,126,366,-240
118000173,787,1173,-386
118000175,243,359,-116
118000176,181,387,-206
118000177,206,525,-319
118000178,97,34,63
118000179,1523,764,759
118000180,799,800,-1
118000181,774,329,445
118000182,308,253,55
118000183,244,305,-61
118000184,469,1052,-583
118000185,1212,784,428
118000186,629,817,-188
118000187,702,994,-292
118000188,426,341,85
118000189,295,1158,-863
118000190,7,10,-3
118000191,16,59,-43
118000192,313,191,122
118000193,245,354,-109
118000194,1962,1110,852
118000195,1132,587,545
118000196,539,112,427
118000197,330,106,224
118000198,626,474,152
118000199,1104,417,687
118000200,147,282,-135
118000201,629,325,304
118000202,57,66,-9
118000203,1633,397,1236
118000204,171,218,-47
118000205,378,296,82
118000206,170,174,-4
118000207,0,188,-188
118000208,950,1731,-781
118000209,1405,2166,-761
118000210,27,24,3
118000211,20,24,-4
118000213,1249,1338,-89
118000214,629,392,237
118000215,250,345,-95
118000216,1668,4611,-2943
118000217,17,125,-108
118000218,32,115,-83
118000219,607,379,228
118000220,1,19,-18
118000221,75,273,-198
118000222,131,25,106
118000223,11,28,-17
118000224,271,122,149
118000225,92,1125,-1033
118000226,662,154,508
118000227,1065,344,721
118000228,177,176,1
118000229,325,27,298
118000230,83,405,-322
118000231,53,250,-197
118000232,560,1178,-618
118000233,704,957,-253
118000234,192,367,-175
118000236,320,553,-233
118000237,73,761,-688
118000238,97,377,-280
118000239,201,294,-93
118000240,794,89,705
118000241,142,225,-83
118000242,246,839,-593
118000243,92,275,-183
118000244,27,242,-215
118000246,0,2,-2
118000255,34,225,-191
118000256,72,254,-182
118000259,4,66,-62
118000260,95,144,-49
118000261,29,118,-89
118000263,81,220,-139
118000266,88,535,-447
118000267,0,110,-110
118000268,362,6,356
118000270,39,37,2
118000271,126,343,-217
118000272,59,47,12
118000273,136,101,35
118000274,114,451,-337
118000276,365,393,-28
118000295,1,75,-74
118000298,181,584,-403
118000299,61,248,-187
118000301,0,82,-82
118000302,74,117,-43
118000311,180,184,-4
118000312,171,243,-72
118000313,73,258,-185
118000314,41,74,-33
118000315,42,95,-53
118000316,502,576,-74
118000325,23,158,-135
118000326,21,65,-44
118000331,41,94,-53
118000332,16,133,-117
118000333,17,125,-108
118000335,173,1,172
118000336,2,563,-561
118000407,111,73,38
118000457,7,46,-39
118000465,5348,3237,2111
118000480,21,159,-138
118000489,175,170,5
118000490,233,499,-266
118000492,170,205,-35
118000510,77,18,59
118000514,160,353,-193
118000515,558,409,149
118000517,471,231,240
118000524,859,230,629
118000525,755,1083,-328
118000530,6,139,-133
118000531,138,351,-213
118000532,130,302,-172
118000533,319,193,126
118000534,473,411,62
118000535,148,104,44
118000536,1281,850,431
118000537,31,112,-81
118000538,14,146,-132
118000539,32,101,-69
118000540,303,367,-64
118000541,152,169,-17
118000542,75,196,-121
118000543,296,261,35
118000546,28,29,-1
118000560,4393,1025,3368
118000562,17,518,-501
118000563,2020,1672,348
118000576,142,220,-78
118000577,131,122,9
118000578,101,117,-16
118000579,743,1187,-444
118000595,123,73,50
118000596,0,86,-86
118000597,84,160,-76
118000598,11,2,9
118000599,14,46,-32
118000600,0,90,-90
118000601,6,0,6
118000602,0,55,-55
118000603,0,38,-38
118900001,1584,843,741
118900002,1352,648,704
118900003,136,17,119
118900004,25,78,-53
118900005,39,2,37
118900006,83,4,79
118900007,3,3,0
118900008,1307,45,1262
118900009,10,18,-8
118900010,32,6,26
118900011,109,32,77
118900012,359,264,95
118900013,809,61,748
118900015,127,76,51
118900016,14,20,-6
118900017,208,235,-27
118900018,1458,16,1442
118900019,74,28,46
118900020,185,133,52
118900021,101,421,-320
118900022,101,110,-9
118900023,57,116,-59
118900024,34,229,-195
118900025,29,21,8
118900026,66,113,-47
118900027,533,310,223
118900028,73,223,-150
118900029,140,607,-467
118900030,142,91,51
118900031,99,132,-33
118900032,79,288,-209
118900033,450,928,-478
118900034,71,12,59
118900035,123,292,-169
118900036,609,763,-154
118900037,229,356,-127
118900038,192,390,-198
118900039,313,331,-18
118900040,163,154,9
118900041,276,270,6
118900042,101,113,-12
118900045,194,153,41
118900046,838,186,652
118900047,828,249,579
118900048,129,167,-38
118900049,55,49,6
118900050,5,178,-173
118900051,58,43,15
118900052,145,337,-192
118900053,32,90,-58
118900054,66,90,-24
118900055,18,203,-185
118900056,20,184,-164
118900057,333,345,-12
118900058,339,653,-314
118900059,21,108,-87
118900060,50,119,-69
118900062,68,299,-231
118900064,704,454,250
118900065,24,184,-160
118900066,33,125,-92
118900067,7598,2270,5328
118900068,2,192,-190
118900069,285,247,38
118900071,3,83,-80
118900072,298,455,-157
118900073,54,131,-77
118900074,67,202,-135
118900075,34,89,-55
118900076,239,115,124
118900077,118,171,-53
118900078,27,13,14
118900079,45,230,-185
118900080,24,98,-74
118900081,31,23,8
118900082,440,198,242
118900083,13,28,-15
118900084,11,22,-11
118900085,550,1035,-485
118900086,16,75,-59
118900087,17,174,-157
118900088,0,17,-17
118900089,34,17,17
118900090,395,502,-107
118900091,252,168,84
118900092,58,135,-77
118900093,111,10,101
118900096,61,21,40
118900097,182,973,-791
118900099,77,354,-277
118900100,143,268,-125
118900101,50,786,-736
118900102,19,82,-63
118900103,37,78,-41
118900104,75,163,-88
118900105,183,105,78
118900107,177,82,95
118900108,41,110,-69
118900110,2210,545,1665
118900111,262,939,-677
118900112,64,135,-71
118900113,36,818,-782
118900114,13,127,-114
118900115,101,456,-355
118900116,87,210,-123
118900117,88,187,-99
118900118,152,557,-405
118900119,82,355,-273
118900120,69,259,-190
118900121,10,404,-394
118900122,6,605,-599
118900123,114,219,-105
118900124,64,197,-133
118900126,19,275,-256
118900129,151,235,-84
118900130,34,110,-76
118900131,74,352,-278
118900132,406,242,164
118900133,10,61,-51
118900135,88,248,-160
118900136,242,978,-736
118900137,4,32,-28
118900139,109,782,-673
118900140,432,1030,-598
118900141,65,461,-396
118900144,99,776,-677
118900145,27,245,-218
118900146,251,1094,-843
118900147,176,93,83
118900148,37,78,-41
118900150,152,407,-255
118900152,763,1008,-245
118900157,155,132,23
118900158,93,160,-67
118900159,1,331,-330
118900161,101,2,99
118900163,371,70,301
118900164,5,145,-140
118900165,29,338,-309
118900166,125,12,113
118900167,45,251,-206
118900168,2,43,-41
118900169,102,509,-407
118900170,47,167,-120
118900171,14,26,-12
118900174,57,57,0
118900175,162,480,-318
118900176,71,239,-168
118900177,18,73,-55
118900178,27,97,-70
118900179,4,49,-45
118900181,89,132,-43
118900182,86,30,56
118900183,10,59,-49
118900184,191,45,146
118900185,58,93,-35
118900186,62,123,-61
118900187,139,411,-272
118900188,172,371,-199
118900189,46,567,-521
118900190,11,734,-723
118900191,92,50,42
118900192,109,30,79
118900193,189,11,178
118900195,370,1197,-827
118900196,25,244,-219
118900197,92,124,-32
118900198,11,63,-52
118900199,30,82,-52
118900200,8,7,1
118900201,17,12,5
118900202,13,75,-62
118900203,2,72,-70
118900204,8,46,-38
118900205,9,27,-18
118900206,1,83,-82
119000001,1082,1376,-294
119000002,2796,3872,-1076
119000003,1366,1817,-451
119000004,1795,1625,170
119000005,1697,1704,-7
119000006,1633,1617,16
119000007,2688,3183,-495
119000008,1566,2585,-1019
119000009,4077,2968,1109
119000010,10173,4393,5780
119000011,6915,2356,4559
119000012,6306,3899,2407
119000013,2404,1477,927
119000014,2889,4312,-1423
119000019,234,203,31
119000020,1220,1488,-268
119000021,2900,2321,579
119000022,4614,1945,2669
119000023,211,216,-5
119000024,2667,7169,-4502
119000025,14755,1895,12860
119000026,335,275,60
119000027,693,534,159
119000028,2910,1521,1389
119000029,139,319,-180
119000030,609,1565,-956
119000031,744,974,-230
119000032,2872,3092,-220
119000033,1901,2094,-193
119000034,979,1357,-378
119000035,30,492,-462
119000036,923,1542,-619
119000037,943,2963,-2020
119000038,103,1637,-1534
119000039,128,385,-257
119000040,1241,483,758
119000041,1059,1171,-112
119000048,4224,5117,-893
119000049,1121,4539,-3418
119000050,1873,2823,-950
119000051,1858,1093,765
119000052,2284,3581,-1297
119000053,1706,1369,337
119000054,2686,5176,-2490
119000055,2640,4534,-1894
119000056,1802,2392,-590
119000057,1407,3380,-1973
119000058,1760,2853,-1093
119000059,911,2018,-1107
119000060,1113,1024,89
119000061,830,1159,-329
119000062,1132,1643,-511
119000063,310,377,-67
119000064,1688,2158,-470
119000065,2056,4303,-2247
119000066,2167,1138,1029
119000067,1889,3467,-1578
119000068,1197,1193,4
119000069,1358,3538,-2180
119000070,1634,1435,199
119000071,724,1214,-490
119000072,8486,4947,3539
119000073,7423,6211,1212
119000074,755,4920,-4165
119000075,891,2978,-2087
119000076,898,1342,-444
119000077,1019,709,310
119000078,406,364,42
119000079,114,1022,-908
119000080,183,315,-132
119000081,327,523,-196
119000082,841,378,463
119000083,313,456,-143
119000084,282,721,-439
119000085,731,381,350
119000086,249,555,-306
119000087,1939,1447,492
119000088,279,334,-55
119000089,85,229,-144
119000090,137,223,-86
119000091,170,473,-303
119000092,900,295,605
119000093,4952,4637,315
119000094,2091,6309,-4218
119000095,1178,3763,-2585
119000097,3077,2107,970
119000098,712,1701,-989
119000099,2185,2229,-44
119000100,2297,2318,-21
119000101,3960,3301,659
119000102,770,952,-182
119000103,1805,667,1138
119000104,4126,2005,2121
119000105,819,1163,-344
119000106,199,2830,-2631
119000107,345,557,-212
119000108,245,1818,-1573
119000109,152,515,-363
119000110,829,634,195
119000111,86,643,-557
119000112,206,162,44
119000113,3937,322,3615
119000114,850,824,26
119000115,208,204,4
119000116,92,117,-25
119000117,91,381,-290
119000118,3,5,-2
119000123,3959,855,3104
119000124,403,263,140
119000125,1921,1531,390
119000126,268,1288,-1020
119000127,289,1199,-910
119000128,89,16,73
119000131,728,1562,-834
119000132,5,5,0
119000133,0,13,-13
119000134,3446,585,2861
119000135,79,284,-205
119000136,106,470,-364
119000137,168,742,-574
119000138,190,747,-557
119000139,180,427,-247
119000140,136,347,-211
119000284,1731,3473,-1742
119000285,2983,2574,409
119000286,8443,6361,2082
119000287,1351,2578,-1227
119000288,1725,2223,-498
119000289,2546,5146,-2600
119000290,309,861,-552
119000291,4,492,-488
119000293,111,226,-115
119000294,51,61,-10
119000295,2826,763,2063
119000296,160,167,-7
119000302,5150,1716,3434
119000303,29,232,-203
119000314,1587,6719,-5132
119000315,10,1009,-999
119000316,42,181,-139
119000317,51,744,-693
119900001,150,958,-808
119900002,54,340,-286
119900003,67,1735,-1668
119900004,336,446,-110
119900005,104,189,-85
119900006,204,374,-170
119900007,603,124,479
119900008,76,48,28
119900009,410,658,-248
119900010,2318,1420,898
119900011,40,60,-20
119900012,24,48,-24
119900013,1789,824,965
119900014,732,282,450
119900015,95,12,83
119900016,24,140,-116
119900017,9,64,-55
119900018,1861,340,1521
119900019,33,6,27
119900020,73,152,-79
119900021,80,101,-21
119900022,178,355,-177
119900023,945,624,321
119900025,90,28,62
119900026,1126,84,1042
119900027,7,25,-18
119900028,143,53,90
119900029,2,7,-5
119900030,528,541,-13
119900031,26,218,-192
119900033,2364,169,2195
119900034,138,199,-61
119900037,79,37,42
119900038,47,210,-163
119900039,81,22,59
119900040,43,7,36
119900041,58,45,13
119900042,149,203,-54
119900043,35,244,-209
119900044,164,351,-187
119900046,42,134,-92
119900047,138,57,81
119900048,8,57,-49
119900049,44,14,30
119900050,85,77,8
119900051,247,7,240
119900052,25,58,-33
119900053,83,266,-183
119900054,51,2,49
119900055,784,329,455
119900057,142,130,12
119900058,114,5,109
119900059,146,56,90
119900060,134,7,127
119900062,58,33,25
119900063,22,69,-47
119900064,204,44,160
119900065,158,6,152
119900066,0,1,-1
119900067,26,39,-13
119900068,201,6,195
119900069,91,32,59
119900070,399,5,394
119900071,316,14,302
119900073,2307,503,1804
119900074,38,32,6
119900075,7987,2435,5552
119900076,200,750,-550
119900077,395,1923,-1528
119900078,283,1254,-971
119900079,110,490,-380
119900080,806,1749,-943
119900081,111,68,43
119900082,420,57,363
119900083,390,116,274
119900084,752,241,511
119900085,145,88,57
119900087,381,244,137
119900088,52,82,-30
119900089,19,838,-819
119900090,228,73,155
119900091,54,1615,-1561
119900092,15,539,-524
119900093,878,133,745
119900094,30,252,-222
119900095,169,93,76
119900096,49,119,-70
119900097,621,262,359
119900098,39,63,-24
119900099,49,384,-335
119900100,3496,2482,1014
119900101,281,1319,-1038
119900102,29,434,-405
119900103,21,891,-870
119900104,51,378,-327
119900105,1335,1869,-534
119900106,16,314,-298
119900107,489,4965,-4476
119900108,2837,750,2087
119900109,17,370,-353
119900110,449,895,-446
119900111,57,581,-524
119900112,3813,620,3193
119900113,91,632,-541
119900114,202,2377,-2175
119900115,162,1910,-1748
119900116,199,391,-192
119900117,143,1334,-1191
119900118,22,1840,-1818
119900119,153,351,-198
119900120,705,969,-264
119900121,175,2110,-1935
119900122,278,506,-228
119900123,226,373,-147
119900124,92,1567,-1475
119900125,57,638,-581
119900126,7003,270,6733
119900127,3959,1237,2722
119900128,282,1160,-878
119900129,107,1232,-1125
119900130,76,420,-344
119900131,24,529,-505
119900132,1,635,-634
119900133,26,125,-99
119900134,3215,316,2899
119900135,3,837,-834
119900136,177,764,-587
119900138,462,863,-401
119900139,17,110,-93
119900140,4,197,-193
119900141,201,462,-261
119900142,3,18,-15
119900143,12,268,-256
119900144,3077,336,2741
119900145,94,382,-288
119900146,203,154,49
119900147,5,165,-160
119900148,89,67,22
119900149,2516,3010,-494
119900150,192,285,-93
119900151,1873,1026,847
119900152,68,646,-578
119900153,103,78,25
119900154,11,530,-519
119900155,16,43,-27
119900156,11,2,9
119900157,55,381,-326
119900158,87,65,22
119900159,13,2597,-2584
119900160,19,371,-352
119900161,199,467,-268
119900162,702,885,-183
119900163,236,112,124
119900164,0,0,0
119900165,85,436,-351
119900166,37,46,-9
119900167,131,194,-63
119900168,384,528,-144
119900169,191,417,-226
119900170,175,174,1
119900171,691,691,0
119900172,112,25,87
119900173,2,808,-806
119900174,14,425,-411
119900175,674,739,-65
119900177,17,334,-317
119900178,11,366,-355
119900179,53,283,-230
119900180,891,888,3
119900181,45,51,-6
119900182,5,833,-828
119900183,149,1199,-1050
119900184,4611,766,3845
119900185,37,93,-56
119900186,89,399,-310
119900187,14,931,-917
119900188,44,374,-330
119900189,559,277,282
119900190,49,162,-113
119900191,360,119,241
119900192,29,257,-228
119900193,187,298,-111
119900194,7,55,-48
119900195,24,318,-294
119900196,2957,650,2307
119900197,116,147,-31
119900198,86,600,-514
119900199,149,13,136
119900200,429,670,-241
119900201,547,235,312
119900202,182,124,58
119900203,143,295,-152
119900204,161,445,-284
119900205,293,840,-547
119900206,39,175,-136
119900208,136,165,-29
119900209,291,741,-450
119900210,16,61,-45
119900211,115,25,90
119900212,98,286,-188
119900213,1,69,-68
119900214,17,140,-123
119900215,20,114,-94
119900216,5,147,-142
119900217,3,145,-142
119900218,16,106,-90
119900219,8,197,-189
119900220,3,181,-178
119900221,18,632,-614
119900222,20,480,-460
119900223,24,184,-160
119900224,35,63,-28
119900225,1858,61,1797
119900226,1230,1453,-223
119900227,1865,467,1398
119900228,92,382,-290
119900229,348,565,-217
119900230,1761,824,937
119900231,132,244,-112
119900232,253,65,188
119900233,44,0,44
119900234,11,76,-65
119900235,9,28,-19
119900236,16,302,-286
119900237,45,780,-735
119900238,1,116,-115
119900240,45,196,-151
119900241,176,338,-162
119900242,2201,1404,797
119900244,963,1774,-811
119900245,50,153,-103
119900246,230,317,-87
119900247,24,74,-50
119900248,47,64,-17
119900249,205,177,28
119900253,5794,433,5361
119900254,42,269,-227
119900255,69,721,-652
119900256,230,2238,-2008
119900257,21,1,20
119900258,42,1,41
119900259,5,342,-337
119900260,78,3,75
119900261,154,286,-132
119900262,1,403,-402
119900263,982,508,474
119900264,28,396,-368
119900265,231,592,-361
119900266,156,462,-306
119900267,108,509,-401
119900268,163,313,-150
119900269,436,2316,-1880
119900271,23,124,-101
119900272,137,54,83
119900275,139,55,84
119900276,18,0,18
119900277,4,7,-3
119900278,297,58,239
119900279,222,247,-25
119900280,1230,266,964
119900281,0,115,-115
119900282,33,28,5
119900283,8,498,-490
119900284,55,281,-226
119900285,21,84,-63
119900286,16,43,-27
119900288,1,30,-29
119900289,0,57,-57
119900290,1,32,-31
119900291,1,48,-47
119900292,28,6,22
119900293,19,2,17
119900294,26,1,25
119900295,0,0,0
119900296,0,0,0
119900299,24,333,-309
119900300,167,306,-139
119900301,131,60,71
119900302,88,95,-7
119900303,248,358,-110
119900304,84,26,58
119900305,35,159,-124
119900306,20,0,20
119900307,34,243,-209
119900308,9,23,-14
119900309,21,46,-25
119900310,274,409,-135
119900311,35,236,-201
119900312,48,136,-88
119900313,195,516,-321
119900314,83,303,-220
119900315,899,4345,-3446
119900318,10,12,-2
119900319,1,567,-566
119900320,132,1029,-897
119900321,39,2,37
119900322,40,55,-15
119900323,2,150,-148
119900324,3,83,-80
119900325,40,630,-590
119900326,190,48,142
120000001,9919,10279,-360
120000002,2295,4295,-2000
120000003,5063,2488,2575
120000004,3344,3288,56
120000005,6173,2722,3451
120000006,1291,1633,-342
120000007,3869,2760,1109
120000008,1060,1667,-607
120000009,6101,1353,4748
120000010,1672,3976,-2304
120000011,1234,2643,-1409
120000012,2039,4158,-2119
120000013,2412,3574,-1162
120000014,521,2030,-1509
120000015,2740,1903,837
120000016,3441,2917,524
120000017,2105,2149,-44
120000018,6342,8878,-2536
120000019,778,1254,-476
120000020,3526,2917,609
120000021,2307,2228,79
120000022,3368,3902,-534
120000023,905,1984,-1079
120000024,1910,2697,-787
120000025,2014,2681,-667
120000026,909,2240,-1331
120000027,1485,2122,-637
120000028,896,566,330
120000029,5887,700,5187
120000030,676,1003,-327
120000031,2547,9586,-7039
120000032,13181,4386,8795
120000033,3216,2451,765
120000034,1238,3001,-1763
120000035,1590,3329,-1739
120000036,2618,5022,-2404
120000037,738,1193,-455
120000038,13954,4389,9565
120000039,564,1385,-821
120000040,174,264,-90
120000041,749,2588,-1839
120000042,1757,6385,-4628
120000043,4795,4033,762
120000044,3158,1653,1505
120000045,3504,1465,2039
120000046,1729,2328,-599
120000047,2614,3622,-1008
120000048,10258,4000,6258
120000049,3753,3429,324
120000050,3755,6342,-2587
120000051,4448,5574,-1126
120000052,18639,3376,15263
120000053,974,5665,-4691
120000054,1498,8760,-7262
120000055,1308,6273,-4965
120000056,3180,6787,-3607
120000057,1552,1049,503
120000058,508,285,223
120000059,65,1328,-1263
120000061,114,1247,-1133
120000062,215,421,-206
120000063,2373,4400,-2027
120000064,211,2497,-2286
120000065,734,2842,-2108
120000066,116,700,-584
120000067,38,886,-848
120000068,158,1709,-1551
120000069,682,2460,-1778
120000070,23,1563,-1540
120000071,128,295,-167
120000072,255,690,-435
120000073,409,160,249
120000074,36,108,-72
120000075,370,310,60
120000076,1536,460,1076
120000077,1265,550,715
120000078,2936,842,2094
120000079,122,122,0
120000080,116,159,-43
120000081,200,118,82
120000082,104,160,-56
120000083,52,293,-241
120000084,506,821,-315
120000085,300,661,-361
120000086,261,1097,-836
120000087,143,1790,-1647
120000088,730,1888,-1158
120000089,839,796,43
120000090,461,676,-215
120000091,643,1186,-543
120000092,1005,741,264
120000093,269,608,-339
120000094,140,542,-402
120000095,841,991,-150
120000096,236,1700,-1464
120000098,755,1561,-806
120000099,276,1052,-776
120000100,687,1322,-635
120000101,365,691,-326
120000102,398,609,-211
120000103,1029,555,474
120000104,1406,349,1057
120000105,1807,390,1417
120000106,1447,471,976
120000107,1911,600,1311
120000108,604,116,488
120000109,671,86,585
120000110,85,1411,-1326
120000111,134,1840,-1706
120000112,811,6135,-5324
120000113,587,4243,-3656
120000114,721,4071,-3350
120000115,403,3340,-2937
120000116,797,2963,-2166
120000117,1790,2165,-375
120000118,41,68,-27
120000119,37,66,-29
120000120,92,84,8
120000121,44,75,-31
120000122,356,383,-27
120000123,8780,4036,4744
120000124,354,688,-334
120000125,258,837,-579
120000126,242,853,-611
120000127,2802,755,2047
120000128,5670,2305,3365
120000129,322,386,-64
120000130,706,887,-181
120000131,281,581,-300
120000134,470,2230,-1760
120000135,192,427,-235
120000137,150,3350,-3200
120000138,345,823,-478
120000139,172,1571,-1399
120000140,350,930,-580
120000141,190,798,-608
120000142,235,887,-652
120000143,1,190,-189
120000144,33,4,29
120000145,133,1,132
120000146,2760,1239,1521
120000149,494,1340,-846
120000150,6708,10549,-3841
120000151,469,680,-211
120000152,374,379,-5
120000153,188,1187,-999
120000154,501,456,45
120000155,80,258,-178
120000156,1976,569,1407
120000157,989,849,140
120000158,680,1393,-713
120000159,1934,3198,-1264
120000160,2241,1500,741
120000161,1230,3312,-2082
120000162,66,331,-265
120000163,375,2390,-2015
120000164,317,808,-491
120000165,272,1514,-1242
120000166,599,1052,-453
120000167,29,82,-53
120000168,9,197,-188
120000169,114,566,-452
120000170,189,345,-156
120000171,48,82,-34
120000172,67,36,31
120000173,3863,246,3617
120000174,774,15,759
120000175,643,23,620
120000176,426,63,363
120000177,2813,466,2347
120000178,252,18,234
120000179,789,50,739
120000180,1254,167,1087
120000181,312,323,-11
120000182,149,151,-2
120000183,16,270,-254
120000184,157,2098,-1941
120000186,46,88,-42
120000187,143,59,84
120000188,331,94,237
120000190,2066,17,2049
120000191,2814,34,2780
120000192,3317,18,3299
120000193,1223,11,1212
120000195,253,9,244
120000196,595,73,522
120000197,152,234,-82
120000198,124,225,-101
120000199,50,2,48
120000200,42,1,41
120000201,10,12,-2
120000202,0,84,-84
120000203,14,550,-536
120000207,1,150,-149
120000208,17,567,-550
120000209,7,148,-141
120000210,213,170,43
120000211,46,0,46
120000212,53,0,53
120000213,69,633,-564
120000214,3,755,-752
120000215,7,323,-316
120000216,44,6,38
120000217,1164,2085,-921
120000218,279,1796,-1517
120000219,18,1241,-1223
120000220,21,4325,-4304
120000225,570,1,569
120000226,152,3,149
120000227,573,20,553
120000228,10620,2661,7959
120000230,197,10,187
120000231,653,3439,-2786
120000233,160,34,126
120000235,120,1034,-914
120000236,526,5,521
120000237,7,3569,-3562
120000238,1,215,-214
120000241,1312,3632,-2320
120000412,2418,27,2391
120000413,125,693,-568
120000414,39,2,37
120000415,1,303,-302
120000416,40,22,18
120000417,2,123,-121
120000418,98,16,82
120000419,17,757,-740
120000420,83,37,46
120000421,19491,7448,12043
120000422,340,511,-171
120000423,3,39,-36
120000424,54,240,-186
120000436,129,413,-284
120000437,217,203,14
120000438,6420,548,5872
120000439,167,357,-190
120000443,120,0,120
120000444,755,920,-165
120000445,1548,1397,151
120000446,1344,423,921
120000447,157,8,149
120000449,52,11,41
120000450,3,618,-615
120000451,169,373,-204
120000452,144,4,140
120000453,2,846,-844
120000454,88,27,61
120000455,75,74,1
120000456,4164,3209,955
120000457,1959,1133,826
120000458,674,1101,-427
120000459,58,108,-50
120000665,1766,199,1567
120000668,99,365,-266
120000669,98,595,-497
120000670,352,496,-144
120000671,829,318,511
120000672,115,711,-596
120900001,48,38,10
120900002,443,295,148
120900003,139,25,114
120900004,10,25,-15
120900005,22,1859,-1837
120900006,141,253,-112
120900007,76,254,-178
120900008,133,1763,-1630
120900009,500,75,425
120900010,218,65,153
120900011,566,150,416
120900012,1562,848,714
120900013,241,42,199
120900014,8,1261,-1253
120900015,402,101,301
120900016,351,70,281
120900017,4298,122,4176
120900018,55,720,-665
120900019,400,128,272
120900020,854,810,44
120900021,446,72,374
120900022,25,631,-606
120900023,92,50,42
120900024,1951,577,1374
120900025,2573,1097,1476
120900026,86,279,-193
120900027,815,124,691
120900028,185,23,162
120900029,109,259,-150
120900030,739,602,137
120900031,135,36,99
120900032,444,234,210
120900033,652,47,605
120900034,35,2045,-2010
120900035,62,221,-159
120900037,107,9,98
120900038,46,122,-76
120900039,60,31,29
120900040,102,0,102
120900041,179,46,133
120900042,152,95,57
120900043,24,14,10
120900044,17,608,-591
120900045,135,248,-113
120900046,205,5,200
120900047,110,56,54
120900048,43,22,21
120900049,178,2,176
120900050,5470,1193,4277
120900051,179,147,32
120900052,272,0,272
120900053,120,152,-32
120900054,1761,1272,489
120900055,179,1,178
120900056,251,4,247
120900057,99,25,74
120900058,238,0,238
120900059,42,2,40
120900060,39,62,-23
120900061,274,502,-228
120900062,100,1,99
120900063,252,1,251
120900064,204,1,203
120900065,174,0,174
120900066,117,476,-359
120900067,191,45,146
120900068,78,0,78
120900069,73,148,-75
120900071,14,1,13
120900072,325,2,323
120900073,245,331,-86
120900074,478,11,467
120900076,148,0,148
120900077,5562,401,5161
120900078,294,997,-703
120900079,306,113,193
120900080,287,3829,-3542
120900081,435,1946,-1511
120900082,799,411,388
120900083,22,2,20
120900084,159,244,-85
120900085,208,125,83
120900086,269,207,62
120900087,249,116,133
120900088,154,230,-76
120900089,6528,1445,5083
120900090,122,322,-200
120900091,449,333,116
120900092,1104,987,117
120900093,5522,344,5178
120900094,664,322,342
120900095,441,40,401
120900096,23,180,-157
120900097,751,1414,-663
120900098,307,218,89
120900099,63,113,-50
120900100,50,526,-476
120900101,616,500,116
120900102,34,166,-132
120900103,25,187,-162
120900104,14,71,-57
120900105,33,1213,-1180
120900106,1653,842,811
120900107,440,247,193
120900108,4,1465,-1461
120900109,45,1211,-1166
120900110,16,1151,-1135
120900111,162,568,-406
120900112,14,2082,-2068
120900113,36,1472,-1436
120900114,36,301,-265
120900115,170,186,-16
120900116,112,1053,-941
120900117,6,896,-890
120900118,12,1500,-1488
120900119,5472,5830,-358
120900120,59,1025,-966
120900121,99,652,-553
120900122,201,1066,-865
120900123,7,885,-878
120900124,1,1174,-1173
120900125,3,1625,-1622
120900126,1692,1060,632
120900127,3,785,-782
120900128,1067,1369,-302
120900129,46,569,-523
120900130,1,724,-723
120900131,39,106,-67
120900132,397,662,-265
120900133,266,1738,-1472
120900134,498,700,-202
120900135,11,1071,-1060
120900136,38,123,-85
120900137,113,129,-16
120900138,14,371,-357
120900139,8,1297,-1289
120900140,1,93,-92
120900141,92,137,-45
120900142,23,1423,-1400
120900143,3,1559,-1556
120900144,2,366,-364
120900145,110,1315,-1205
120900146,5,1785,-1780
120900147,2,508,-506
120900148,85,166,-81
120900149,2,729,-727
120900150,29,954,-925
120900151,3,1258,-1255
120900152,0,75,-75
120900153,19,105,-86
120900154,0,606,-606
120900155,138,1821,-1683
120900156,25,648,-623
120900157,18,453,-435
120900158,42,803,-761
120900159,63,864,-801
120900160,36,522,-486
120900161,26,1309,-1283
120900162,22,1283,-1261
120900163,20,239,-219
120900164,0,1,-1
120900165,0,6,-6
120900166,37,195,-158
120900167,395,81,314
120900169,57,886,-829
120900170,3832,1597,2235
120900171,1586,513,1073
120900172,2209,236,1973
120900173,1,79,-78
120900174,7,193,-186
120900175,383,290,93
120900176,4,214,-210
120900177,2,483,-481
120900178,2,315,-313
120900179,1115,566,549
120900180,194,146,48
120900181,155,106,49
120900182,9,735,-726
120900183,585,140,445
120900184,236,125,111
120900185,3,546,-543
120900186,2,862,-860
120900187,267,892,-625
120900188,72,19,53
120900189,185,439,-254
120900190,14,23,-9
120900191,3,51,-48
120900192,18518,3082,15436
120900194,17,99,-82
120900195,178,367,-189
120900196,611,81,530
120900197,460,59,401
120900198,241,943,-702
120900199,225,204,21
120900200,281,163,118
120900201,790,185,605
120900202,2,334,-332
120900203,20,73,-53
120900204,284,533,-249
120900205,89,151,-62
120900206,6,30,-24
120900207,91,1790,-1699
121000001,1197,1348,-151
121000002,2416,1276,1140
121000003,5374,2394,2980
121000004,3124,3843,-719
121000005,2793,3345,-552
121000006,3680,1435,2245
121000007,3400,3403,-3
121000008,6043,3038,3005
121000009,8286,6608,1678
121000010,10533,4539,5994
121000011,13236,13960,-724
121000012,19185,9461,9724
121000013,5995,8554,-2559
121000014,7639,6755,884
121000015,5092,6881,-1789
121000016,5264,3853,1411
121000017,2081,4176,-2095
121000018,2394,2260,134
121000019,27817,9571,18246
121000020,18277,9898,8379
121000021,3790,4033,-243
121000022,1887,2042,-155
121000023,5054,3632,1422
121000024,3116,3491,-375
121000025,774,999,-225
121000026,249,152,97
121000027,1597,1222,375
121000028,858,465,393
121000029,919,939,-20
121000030,503,520,-17
121000031,581,632,-51
121000032,276,90,186
121000034,240,217,23
121000035,125,95,30
121000036,1209,911,298
121000037,634,660,-26
121000038,611,715,-104
121000039,444,374,70
121000041,488,538,-50
121000042,245,401,-156
121000043,913,706,207
121000044,1915,792,1123
121000045,379,429,-50
121000046,412,960,-548
121000047,30,110,-80
121000049,1966,772,1194
121000050,343,1327,-984
121000051,653,514,139
121000052,220,667,-447
121000053,560,79,481
121000054,50,243,-193
121000055,1560,1219,341
121000056,1061,1215,-154
121000057,194,401,-207
121000058,472,134,338
121000059,2111,936,1175
121000060,450,943,-493
121000061,175,206,-31
121000062,116,342,-226
121000063,602,471,131
121000064,547,675,-128
121000065,475,374,101
121000066,556,619,-63
121000067,1091,339,752
121000068,572,408,164
121000069,803,343,460
121000070,2109,1585,524
121000071,966,975,-9
121000072,1368,1069,299
121000073,987,1126,-139
121000074,96,203,-107
121000075,90,68,22
121000076,1449,318,1131
121000077,126,113,13
121000078,149,164,-15
121000080,3790,753,3037
121000081,3438,2264,1174
121000082,137,283,-146
121000083,239,143,96
121000084,201,128,73
121000085,396,503,-107
121000086,191,1228,-1037
121000087,68,296,-228
121000088,391,903,-512
121000089,577,330,247
121000090,418,377,41
121000091,1974,868,1106
121000092,160,123,37
121000093,147,298,-151
121000094,540,675,-135
121000095,279,523,-244
121000096,2400,3283,-883
121000097,1809,2028,-219
121000098,434,1731,-1297
121000099,407,1201,-794
121000100,610,780,-170
121000101,190,352,-162
121000102,127,618,-491
121000103,135,496,-361
121000104,157,252,-95
121000105,295,412,-117
121000106,156,485,-329
121000107,2435,4083,-1648
121000109,1613,1172,441
121000110,453,597,-144
121000114,2853,2764,89
121000115,867,916,-49
121000116,463,1146,-683
121000117,1156,279,877
121000118,1216,319,897
121000119,243,334,-91
121000120,205,568,-363
121000121,390,1039,-649
121000123,1594,741,853
121000126,114,395,-281
121000127,163,120,43
121000128,562,667,-105
121000129,429,594,-165
121000130,329,1334,-1005
121000131,2381,1381,1000
121000132,1595,1497,98
121000135,605,609,-4
121000136,1409,889,520
121000137,601,197,404
121000138,1060,830,230
121000139,824,233,591
121000141,229,157,72
121000142,944,558,386
121000143,251,29,222
121000144,1577,969,608
121000145,469,1609,-1140
121000146,926,908,18
121000147,504,506,-2
121000148,868,1310,-442
121000149,1911,1320,591
121000152,411,615,-204
121000153,1933,637,1296
121000154,852,649,203
121000155,1326,1255,71
121000156,406,1028,-622
121000157,1935,2513,-578
121000158,421,735,-314
121000159,132,738,-606
121000160,239,965,-726
121000161,106,420,-314
121000162,35,431,-396
121000165,2223,1850,373
121000166,41,584,-543
121000168,259,340,-81
121000169,51,224,-173
121000170,196,88,108
121000171,63,247,-184
121000172,472,531,-59
121000173,1439,833,606
121000174,198,517,-319
121000175,612,610,2
121000176,311,343,-32
121000177,820,760,60
121000178,96,86,10
121000179,118,83,35
121000181,439,489,-50
121000182,61,159,-98
121000183,42,77,-35
121000184,37,92,-55
121000185,13,174,-161
121000186,116,320,-204
121000187,121,398,-277
121000188,62,360,-298
121000192,493,436,57
121000193,514,501,13
121000194,3083,2403,680
121000195,367,1098,-731
121000196,776,273,503
121000197,329,1020,-691
121000198,200,77,123
121000199,147,688,-541
121000200,346,133,213
121000201,6,271,-265
121000202,672,129,543
121000203,699,3295,-2596
121000204,1776,708,1068
121000205,210,396,-186
121000206,184,39,145
121000207,1141,677,464
121000208,13,633,-620
121000209,163,566,-403
121000210,259,813,-554
121000211,173,172,1
121000212,258,1147,-889
121000213,12051,3030,9021
121000214,943,1893,-950
121000215,1494,929,565
121000216,394,503,-109
121000217,4599,2459,2140
121000218,668,1945,-1277
121000219,1412,355,1057
121000220,472,97,375
121000221,201,266,-65
121000222,3459,2606,853
121000223,953,416,537
121000224,279,132,147
121000225,1654,1060,594
121000226,3117,755,2362
121000227,5,285,-280
121000228,22,1083,-1061
121000229,118,626,-508
121000230,55,2302,-2247
121000231,531,55,476
121000232,339,227,112
121000233,445,342,103
121000234,10,54,-44
121000235,42,77,-35
121000236,1,74,-73
121000237,66,21,45
121000238,4,99,-95
121000239,21,6,15
121000240,7,255,-248
121000241,164,10,154
121000242,46,198,-152
121000243,512,87,425
121000244,1,95,-94
121000245,20,13,7
121000246,3,89,-86
121000247,18,9,9
121000248,638,790,-152
121000249,173,308,-135
121000250,288,72,216
121000251,22,828,-806
121000252,32,37,-5
121000253,283,687,-404
121000254,580,324,256
121000255,175,241,-66
121000256,211,244,-33
121000257,79,107,-28
121000258,43,84,-41
121000259,38,78,-40
121000260,50,124,-74
121000261,36,55,-19
121000262,1190,688,502
121000263,420,588,-168
121000271,244,1880,-1636
121000273,66,7,59
121000274,4,62,-58
121000275,6,32,-26
121000276,7,26,-19
121000278,56,85,-29
121000279,45,24,21
121000280,48,46,2
121000289,309,26,283
121000290,1489,800,689
121000294,90,284,-194
121000297,1128,918,210
121000299,25,260,-235
121000300,715,791,-76
121000302,466,1315,-849
121000303,1271,591,680
121000304,477,63,414
121000305,135,50,85
121000306,72,137,-65
121000308,187,377,-190
121000309,444,679,-235
121000310,67,436,-369
121000311,76,955,-879
121000312,428,241,187
121000313,621,540,81
121000314,460,186,274
121000315,77,152,-75
121000530,828,1734,-906
121000531,1060,1655,-595
121000532,6232,5338,894
121000533,2804,2876,-72
121000918,16,331,-315
121000919,10,45,-35
121000938,1958,566,1392
121000939,2361,676,1685
121000956,547,1928,-1381
121000957,5,11,-6
121000958,153,68,85
121000959,402,1364,-962
121000960,1504,3087,-1583
121000961,136,64,72
121000962,430,836,-406
121000973,2,620,-618
121000976,11,199,-188
121000979,347,88,259
121000981,346,126,220
121000982,166,300,-134
121000983,519,607,-88
121000984,31,57,-26
121000985,308,1090,-782
121000986,162,565,-403
121000987,176,1890,-1714
121000988,432,141,291
121001302,369,147,222
121001308,11,4,7
121001309,77,96,-19
121001313,129,549,-420
121001314,4792,4986,-194
121001315,4760,1844,2916
121900001,72,199,-127
121900002,53,39,14
121900003,313,18,295
121900004,93,453,-360
121900005,7,5,2
121900006,64,26,38
121900007,2487,2135,352
121900008,1278,118,1160
121900009,639,13,626
121900010,248,3,245
121900011,347,596,-249
121900012,2,0,2
121900013,1264,84,1180
121900014,1235,434,801
121900015,163,222,-59
121900016,8,36,-28
121900017,375,653,-278
121900018,358,8,350
121900019,213,261,-48
121900020,28,0,28
121900021,734,15,719
121900022,135,197,-62
121900023,74,499,-425
121900024,483,85,398
121900025,483,407,76
121900026,325,52,273
121900027,257,217,40
121900028,377,13,364
121900029,226,245,-19
121900030,576,411,165
121900031,1249,4350,-3101
121900032,60,103,-43
121900033,148,155,-7
121900034,205,74,131
121900035,2827,1529,1298
121900036,60,439,-379
121900037,158,734,-576
121900038,32,202,-170
121900039,271,38,233
121900040,40,111,-71
121900041,91,205,-114
121900042,283,136,147
121900043,1,9,-8
121900044,332,35,297
121900046,271,231,40
121900047,177,78,99
121900048,26,198,-172
121900050,13,34,-21
121900051,100,195,-95
121900052,93,51,42
121900053,304,243,61
121900054,560,1046,-486
121900055,4,19,-15
121900058,110,330,-220
121900059,277,116,161
121900060,63,339,-276
121900061,173,174,-1
121900062,143,61,82
121900063,914,431,483
121900064,152,836,-684
121900066,28,38,-10
121900067,23,25,-2
121900069,182,134,48
121900070,213,164,49
121900071,105,286,-181
121900072,12,221,-209
121900073,299,193,106
121900074,892,531,361
121900075,506,251,255
121900076,362,719,-357
121900077,9,67,-58
121900078,34,66,-32
121900079,0,0,0
121900080,584,531,53
121900082,34,143,-109
121900084,8,286,-278
121900085,1,17,-16
121900086,15,64,-49
121900087,187,113,74
121900088,2690,2380,310
121900089,104,463,-359
121900090,11,153,-142
121900091,13,165,-152
121900092,70,174,-104
121900093,34,75,-41
121900094,12,4,8
121900095,153,117,36
121900096,1535,671,864
121900097,343,166,177
121900098,1,3,-2
121900099,189,108,81
121900100,222,215,7
121900101,134,111,23
121900102,11,144,-133
121900103,502,275,227
121900104,924,246,678
121900105,87,112,-25
121900106,3,4,-1
121900107,12,45,-33
121900108,1,30,-29
121900109,328,135,193
121900110,231,1576,-1345
121900111,1066,124,942
121900112,110,165,-55
121900113,75,257,-182
121900114,21,68,-47
121900117,296,26,270
121900118,2359,393,1966
121900119,92,165,-73
121900120,34,1321,-1287
121900121,473,58,415
121900122,15,41,-26
121900123,183,434,-251
121900124,138,197,-59
121900125,818,1026,-208
121900127,18,93,-75
121900128,52,163,-111
121900129,1107,118,989
121900130,103,258,-155
121900131,229,107,122
121900132,51,192,-141
121900133,98,328,-230
121900134,9,100,-91
121900135,2701,281,2420
121900136,207,660,-453
121900137,30,317,-287
121900138,102,259,-157
121900139,335,413,-78
121900140,26,229,-203
121900141,32,8,24
121900142,57,165,-108
121900143,5,151,-146
121900144,187,341,-154
121900145,298,270,28
121900146,542,817,-275
121900147,60,168,-108
121900148,143,265,-122
121900149,382,819,-437
121900150,53,139,-86
121900151,57,201,-144
121900152,86,170,-84
121900153,113,541,-428
121900154,5,150,-145
121900155,0,68,-68
121900156,198,111,87
121900157,0,499,-499
121900158,58,79,-21
121900159,1,205,-204
121900160,48,232,-184
121900161,448,365,83
121900162,177,124,53
121900163,89,990,-901
121900164,390,244,146
121900165,177,238,-61
121900166,95,226,-131
121900167,142,90,52
121900168,189,155,34
121900169,2,299,-297
121900170,4,222,-218
121900171,485,677,-192
121900172,330,383,-53
121900173,1198,195,1003
121900174,24,88,-64
121900175,149,162,-13
121900176,466,1934,-1468
121900177,124,54,70
121900178,13,60,-47
121900179,231,149,82
121900180,6653,2860,3793
121900182,534,308,226
121900183,441,450,-9
121900184,42,577,-535
121900186,11,384,-373
121900187,22,148,-126
121900188,607,501,106
121900189,27,116,-89
121900190,194,485,-291
121900191,95,130,-35
121900192,394,584,-190
121900193,35,282,-247
121900194,2,152,-150
121900195,112,133,-21
121900196,942,958,-16
121900197,414,2240,-1826
121900198,1076,1159,-83
121900199,1,32,-31
121900200,92,266,-174
121900201,1293,563,730
121900202,172,391,-219
121900203,287,770,-483
121900204,1402,941,461
121900205,8,113,-105
121900206,4,4,0
121900207,182,39,143
121900208,196,393,-197
121900209,35,31,4
121900210,1121,1175,-54
121900211,37,94,-57
121900212,139,120,19
121900213,94,125,-31
121900214,9,474,-465
121900215,71,78,-7
121900216,28,99,-71
121900217,235,91,144
121900218,304,492,-188
121900220,226,20,206
121900221,267,648,-381
121900222,121,200,-79
121900223,168,65,103
121900224,50,63,-13
121900225,96,73,23
121900226,288,685,-397
121900227,124,434,-310
121900228,186,320,-134
121900230,118,106,12
121900231,409,471,-62
121900232,316,426,-110
121900233,293,298,-5
121900234,200,451,-251
121900235,282,330,-48
121900236,205,173,32
121900237,118,278,-160
121900238,191,241,-50
121900239,111,36,75
121900240,156,132,24
121900241,59,62,-3
121900242,2,1,1
121900243,2,0,2
121900244,6,1,5
121900245,197,154,43
121900246,1414,401,1013
121900247,312,276,36
121900248,1651,838,813
121900250,224,308,-84
121900251,417,32,385
121900252,565,125,440
121900253,130,771,-641
121900254,491,258,233
121900255,211,95,116
121900258,2829,1712,1117
121900259,350,453,-103
121900260,60,281,-221
121900261,136,478,-342
121900262,420,806,-386
121900263,125,387,-262
121900264,2503,1355,1148
121900265,176,334,-158
121900266,215,224,-9
121900267,37,32,5
121900269,145,349,-204
121900270,20,176,-156
121900271,54,206,-152
121900273,401,1319,-918
121900274,159,292,-133
121900277,357,1866,-1509
121900278,104,988,-884
121900279,209,309,-100
121900280,221,382,-161
121900281,501,113,388
121900284,188,17,171
121900286,87,327,-240
121900287,36,17,19
121900288,2,3,-1
121900290,194,301,-107
121900291,393,591,-198
121900292,221,66,155
121900293,907,3609,-2702
121900294,300,1,299
121900295,59,272,-213
121900296,70,78,-8
121900298,513,472,41
121900299,0,0,0
121900300,17,0,17
121900301,30,4,26
121900302,0,76,-76
121900303,250,600,-350
121900304,3,1,2
121900305,2,12,-10
121900306,66,0,66
121900307,20,14,6
121900308,21,459,-438
121900309,22,357,-335
121900310,92,577,-485
121900311,209,9,200
121900312,118,6,112
121900313,230,24,206
121900314,3,63,-60
121900315,3,0,3
121900316,0,17,-17
121900317,0,0,0
121900318,0,16,-16
121900319,17,53,-36
121900320,92,91,1
121900321,1,2,-1
121900322,1,43,-42
121900323,11,11,0
121900324,5,55,-50
121900325,5,1,4
121900326,1,22,-21
121900327,3,57,-54
121900328,1,31,-30
121900329,1,268,-267
121900330,0,66,-66
121900331,392,16,376
121900332,42,14,28
121900333,8,0,8
122000001,2657,3960,-1303
122000002,6047,1763,4284
122000003,2654,1736,918
122000004,3933,1420,2513
122000005,3547,1302,2245
122000006,2430,572,1858
122000007,1477,1269,208
122000008,7227,4496,2731
122000009,512,260,252
122000010,2358,2463,-105
122000011,3454,1172,2282
122000012,1389,1062,327
122000013,2255,1313,942
122000014,1610,2045,-435
122000015,1630,1094,536
122000016,515,924,-409
122000017,1155,1200,-45
122000018,1337,1323,14
122000019,704,1637,-933
122000020,241,205,36
122000021,645,474,171
122000022,1385,1561,-176
122000023,534,2665,-2131
122000024,1085,989,96
122000025,1674,1152,522
122000026,2081,824,1257
122000027,693,4962,-4269
122000028,853,449,404
122000029,471,274,197
122000030,439,110,329
122000031,130,231,-101
122000032,1653,3092,-1439
122000033,1101,942,159
122000034,621,635,-14
122000035,378,811,-433
122000036,460,676,-216
122000037,401,262,139
122000038,358,419,-61
122000039,678,550,128
122000040,417,347,70
122000041,472,606,-134
122000042,273,462,-189
122000043,155,113,42
122000044,151,171,-20
122000045,1395,628,767
122000046,780,1007,-227
122000047,300,180,120
122000048,3552,4518,-966
122000049,6155,2833,3322
122000050,1584,599,985
122000051,426,630,-204
122000052,573,277,296
122000053,127,572,-445
122000054,2512,2041,471
122000055,2294,2798,-504
122000056,8469,3670,4799
122000057,5215,2730,2485
122000058,4812,1128,3684
122000059,4059,1333,2726
122000060,1162,556,606
122000061,537,287,250
122000062,1490,418,1072
122000063,1659,423,1236
122000064,3692,3258,434
122000065,5527,3201,2326
122000066,1195,1179,16
122000067,1706,1710,-4
122000068,1105,1320,-215
122000069,627,793,-166
122000070,621,3540,-2919
122000071,1063,1996,-933
122000072,366,331,35
122000073,493,438,55
122000074,1918,1396,522
122000075,552,1457,-905
122000076,1831,1242,589
122000077,1526,605,921
122000078,3627,1869,1758
122000079,2024,831,1193
122000080,1328,385,943
122000081,258,389,-131
122000082,1155,672,483
122000083,1504,4119,-2615
122000084,982,914,68
122000085,297,2015,-1718
122000086,2414,4992,-2578
122000087,666,189,477
122000088,438,342,96
122000089,7256,3269,3987
122000090,301,401,-100
122000091,306,72,234
122000092,160,21,139
122000093,1602,973,629
122000094,9552,1745,7807
122000095,4496,2278,2218
122000096,3690,1615,2075
122000098,4735,1554,3181
122000099,3071,611,2460
122000100,1396,653,743
122000101,231,885,-654
122000102,1822,1312,510
122000103,1670,1504,166
122000104,275,260,15
122000105,275,297,-22
122000106,491,618,-127
122000107,1066,539,527
122000108,395,859,-464
122000109,309,345,-36
122000110,344,692,-348
122000111,2844,1294,1550
122000112,656,1326,-670
122000113,481,751,-270
122000114,3822,1463,2359
122000115,1855,1466,389
122000116,488,487,1
122000117,1110,363,747
122000118,455,523,-68
122000119,3436,1579,1857
122000120,2750,2619,131
122000121,3827,2377,1450
122000122,902,1225,-323
122000123,2387,1392,995
122000124,1452,476,976
122000125,607,652,-45
122000126,767,761,6
122000127,1776,924,852
122000128,678,915,-237
122000129,295,668,-373
122000130,2368,582,1786
122000131,1720,608,1112
122000132,888,360,528
122000133,1195,2175,-980
122000134,476,604,-128
122000135,637,849,-212
122000136,496,273,223
122000137,875,833,42
122000139,1834,2633,-799
122000140,1315,487,828
122000141,5978,963,5015
122000142,611,732,-121
122000143,484,249,235
122000144,2027,952,1075
122000145,1837,647,1190
122000146,714,982,-268
122000147,979,333,646
122000148,3771,1267,2504
122000149,2405,1171,1234
122000150,1555,893,662
122000151,331,302,29
122000152,482,284,198
122000153,520,276,244
122000154,380,204,176
122000155,1617,2021,-404
122000156,2496,1876,620
122000157,2401,1333,1068
122000158,385,626,-241
122000159,1073,1625,-552
122000160,5239,967,4272
122000161,1209,609,600
122000162,2638,1358,1280
122000163,363,100,263
122000164,29,112,-83
122000165,707,730,-23
122000166,975,1074,-99
122000167,267,307,-40
122000168,251,574,-323
122000169,520,182,338
122000170,277,369,-92
122000171,34,82,-48
122000172,1630,1673,-43
122000173,1772,2590,-818
122000174,2137,880,1257
122000175,1366,309,1057
122000176,300,750,-450
122000177,1675,1378,297
122000178,3691,2261,1430
122000179,2339,2796,-457
122000180,2030,1023,1007
122000181,2049,3075,-1026
122000182,2579,1407,1172
122000183,1821,1055,766
122000184,3314,2252,1062
122000185,1552,1386,166
122000186,749,929,-180
122000187,1626,1234,392
122000188,522,242,280
122000189,282,450,-168
122000190,1085,1035,50
122000191,1157,528,629
122000192,951,384,567
122000193,382,763,-381
122000194,684,204,480
122000195,158,575,-417
122000196,893,704,189
122000197,546,747,-201
122000198,612,1191,-579
122000199,402,415,-13
122000200,1529,555,974
122000201,1438,1786,-348
122000202,1144,1190,-46
122000203,2871,1646,1225
122000204,1759,2119,-360
122000205,1720,1264,456
122000206,2228,955,1273
122000207,1260,1467,-207
122000208,2158,1776,382
122000209,2466,393,2073
122000210,1565,2455,-890
122000211,1150,1366,-216
122000212,710,479,231
122000213,1044,1199,-155
122000214,1878,1767,111
122000215,2388,1445,943
122000217,2211,1565,646
122000218,651,47,604
122000219,1470,1069,401
122000220,336,918,-582
122000221,150,465,-315
122000222,708,79,629
122000223,1175,493,682
122000225,692,267,425
122000226,1522,2149,-627
122000227,445,2014,-1569
122000228,387,450,-63
122000229,44,470,-426
122000230,70,916,-846
122000231,258,972,-714
122000232,644,1447,-803
122000233,1,180,-179
122000234,130,229,-99
122000235,331,216,115
122000236,482,186,296
122000237,102,60,42
122000238,124,217,-93
122000239,411,97,314
122000240,813,447,366
122000241,680,582,98
122000242,525,88,437
122000243,100,63,37
122000244,22,464,-442
122000245,52,218,-166
122000246,117,160,-43
122000247,505,743,-238
122000248,1552,2278,-726
122000249,418,572,-154
122000250,1374,675,699
122000251,288,429,-141
122000252,631,164,467
122000253,52,311,-259
122000254,164,121,43
122000255,744,2369,-1625
122000256,365,1702,-1337
122000257,132,469,-337
122000258,109,261,-152
122000259,4,860,-856
122000260,9,163,-154
122000261,4,239,-235
122000262,2,94,-92
122000263,103,120,-17
122000264,694,545,149
122000265,2094,802,1292
122000266,4511,555,3956
122000267,67,110,-43
122000268,187,446,-259
122000269,751,286,465
122000270,758,126,632
122000271,298,1330,-1032
122000272,264,1395,-1131
122000273,261,598,-337
122000274,78,246,-168
122000275,27,175,-148
122000276,536,815,-279
122000277,677,1694,-1017
122000278,661,1204,-543
122000279,199,635,-436
122000280,817,969,-152
122000281,693,1004,-311
122000282,166,139,27
122000283,372,84,288
122000284,136,122,14
122000285,439,111,328
122000286,145,191,-46
122000287,868,1465,-597
122000288,263,309,-46
122000291,934,485,449
122000293,461,374,87
122000294,101,210,-109
122000295,1338,241,1097
122000296,62,644,-582
122000297,4026,2291,1735
122000299,444,609,-165
122000300,632,587,45
122000301,18216,3033,15183
122000302,1377,908,469
122000303,5327,1456,3871
122000304,59,202,-143
122000305,720,394,326
122000306,24,973,-949
122000307,161,145,16
122000309,71,66,5
122000310,8,19,-11
122000311,119,80,39
122000312,103,39,64
122000313,52,31,21
122000314,114,247,-133
122000315,203,16,187
122000316,398,244,154
122000317,747,193,554
122000318,206,411,-205
122000319,363,727,-364
122000320,351,3131,-2780
122000321,106,416,-310
122000322,3605,2657,948
122000323,1731,1746,-15
122000324,1535,1567,-32
122000325,1102,1020,82
122000326,24,162,-138
122000327,289,509,-220
122000328,1310,968,342
122000330,2447,752,1695
122000332,163,387,-224
122000333,1,163,-162
122000337,739,2469,-1730
122000338,566,618,-52
122000340,466,320,146
122000342,3516,1384,2132
122000343,505,2015,-1510
122000344,46,32,14
122000345,12,90,-78
122000346,300,759,-459
122000348,758,1041,-283
122000349,123,940,-817
122000351,84,218,-134
122000352,306,85,221
122000353,60,124,-64
122000355,133,218,-85
122000356,1922,867,1055
122000357,28,18,10
122000358,0,101,-101
122000359,0,40,-40
122000360,1,95,-94
122000362,14,160,-146
122000364,133,508,-375
122000365,3,38,-35
122000366,4,9,-5
122000368,523,1008,-485
122000370,20,100,-80
122000371,25,0,25
122000372,2,0,2
122000381,49,396,-347
122000382,59,279,-220
122000384,5102,2314,2788
122000385,14,0,14
122000386,516,855,-339
122000387,530,709,-179
122000388,1544,407,1137
122000389,208,914,-706
122000390,429,265,164
122000391,303,133,170
122000392,172,312,-140
122000393,20,214,-194
122000394,407,404,3
122000395,93,224,-131
122000396,240,142,98
122000397,44,98,-54
122000398,16,73,-57
122000399,64,101,-37
122000400,165,282,-117
122000401,77,130,-53
122000402,193,89,104
122000403,450,1695,-1245
122000404,120,345,-225
122000408,972,1307,-335
122000503,14,66,-52
122000524,248,103,145
122000544,47,2091,-2044
122000616,711,8,703
122000640,34,260,-226
122000641,29,608,-579
122000642,827,1561,-734
122000643,16,114,-98
122000644,207,37,170
122000645,96,189,-93
122000651,2042,765,1277
122000664,155,53,102
122000665,1043,662,381
122000666,555,1272,-717
122000673,16,506,-490
122000674,65,40,25
122000675,1157,1397,-240
122000686,305,1832,-1527
122000687,765,445,320
122000688,129,1173,-1044
122000689,388,783,-395
122000690,548,845,-297
122000691,302,3579,-3277
122000692,1137,513,624
122000693,540,2597,-2057
122000695,189,713,-524
122000696,224,430,-206
122000698,157,1314,-1157
122000699,157,124,33
122000701,1011,436,575
122000702,498,2816,-2318
122000703,147,57,90
122000717,292,79,213
122000718,564,456,108
122000719,50,45,5
122000720,160,391,-231
122000724,115,13,102
122900001,36,6,30
122900002,1370,2240,-870
122900003,232,27,205
122900004,835,27,808
122900005,49,54,-5
122900006,948,367,581
122900007,201,47,154
122900008,872,94,778
122900009,866,362,504
122900010,213,168,45
122900012,351,490,-139
122900014,137,378,-241
122900015,2977,446,2531
122900016,113,440,-327
122900017,436,933,-497
122900018,210,21,189
122900019,7,161,-154
122900020,430,474,-44
122900021,61,731,-670
122900022,383,1262,-879
122900023,259,432,-173
122900024,91,120,-29
122900025,32,230,-198
122900026,169,390,-221
122900027,80,863,-783
122900028,105,163,-58
122900029,5644,2460,3184
122900030,1596,569,1027
122900031,97,159,-62
122900032,112,275,-163
122900033,178,250,-72
122900034,4880,4586,294
122900035,19,16,3
122900036,26,147,-121
122900037,305,178,127
122900038,160,1861,-1701
122900039,92,424,-332
122900040,325,496,-171
122900041,223,248,-25
122900042,154,330,-176
122900043,390,227,163
122900044,111,326,-215
122900045,73,112,-39
122900046,142,151,-9
122900047,256,129,127
122900048,32,224,-192
122900049,1957,163,1794
122900051,97,120,-23
122900052,40,168,-128
122900053,12,10,2
122900055,308,138,170
122900057,268,32,236
122900061,469,190,279
122900062,325,551,-226
122900063,176,491,-315
122900064,1220,745,475
122900065,371,152,219
122900066,404,292,112
122900067,2126,956,1170
122900068,176,492,-316
122900069,234,1693,-1459
122900070,194,44,150
122900071,133,605,-472
122900072,20,876,-856
122900073,61,364,-303
122900074,240,972,-732
122900075,3,93,-90
122900076,1,239,-238
122900077,2,231,-229
122900078,40,215,-175
122900080,101,17,84
122900081,174,154,20
122900082,611,238,373
122900083,226,120,106
122900084,4,293,-289
122900086,2,39,-37
122900087,100,801,-701
122900088,36,70,-34
122900089,11,263,-252
122900090,14,839,-825
122900091,97,2,95
122900092,2,378,-376
122900093,3,511,-508
122900094,4,351,-347
122900095,114,6,108
122900096,113,311,-198
122900097,37,17,20
122900098,77,149,-72
122900099,17,6,11
122900100,581,274,307
122900101,712,255,457
122900102,18,12,6
122900103,48,6,42
122900104,69,8,61
122900105,1,4,-3
122900106,3,130,-127
122900107,4,275,-271
122900108,3,247,-244
123000001,2718,453,2265
123000002,8050,3106,4944
123000003,4003,2704,1299
123000004,4043,5584,-1541
123000005,2729,2540,189
123000006,3180,3762,-582
123000007,3213,2666,547
123000008,2910,4818,-1908
123000009,4775,3122,1653
123000010,4123,5037,-914
123000011,3224,812,2412
123000012,1197,3013,-1816
123000013,3209,945,2264
123000014,1473,5051,-3578
123000015,5295,970,4325
123000016,8478,3216,5262
123000017,3855,1560,2295
123000018,71,120,-49
123000019,121,446,-325
123000020,116,179,-63
123000021,64,229,-165
123000022,509,1356,-847
123000023,1234,1255,-21
123000024,971,574,397
123000025,10,117,-107
123000026,4,86,-82
123000027,487,619,-132
123000028,1166,253,913
123000029,1174,575,599
123000030,160,961,-801
123000031,83,586,-503
123000032,162,396,-234
123000033,168,71,97
123000034,753,634,119
123000035,164,345,-181
123000036,252,764,-512
123000037,204,321,-117
123000038,62,249,-187
123000039,523,859,-336
123000040,1330,388,942
123000041,1099,688,411
123000042,997,607,390
123000043,4898,4692,206
123000044,8068,2337,5731
123000045,13422,2226,11196
123000046,1143,935,208
123000047,2723,1421,1302
123000048,72,454,-382
123000049,9935,4709,5226
123000050,876,1196,-320
123000051,102,165,-63
123000052,559,2559,-2000
123000053,2344,3357,-1013
123000054,1157,1326,-169
123000055,1938,1328,610
123000056,1486,2187,-701
123000057,23359,5944,17415
123000058,697,684,13
123000059,451,519,-68
123000060,606,373,233
123000061,195,830,-635
123000063,779,744,35
123000064,760,208,552
123000065,9168,3858,5310
123000066,1146,907,239
123000067,482,601,-119
123000068,3454,4313,-859
123000069,10187,4426,5761
123000070,327,1009,-682
123000071,561,1323,-762
123000072,923,1882,-959
123000073,761,903,-142
123000074,869,2497,-1628
123000075,391,877,-486
123000076,488,1433,-945
123000077,2319,4707,-2388
123000078,1008,1828,-820
123000079,968,2267,-1299
123000080,2025,3235,-1210
123000081,168,896,-728
123000082,437,1495,-1058
123000083,831,164,667
123000084,463,840,-377
123000085,115,187,-72
123000086,229,624,-395
123000087,135,661,-526
123000088,850,1634,-784
123000089,373,1625,-1252
123000090,1117,1503,-386
123000091,1766,1702,64
123000092,1318,1234,84
123000094,335,272,63
123000095,291,705,-414
123000096,304,481,-177
123000097,325,1495,-1170
123000098,541,581,-40
123000099,507,1127,-620
123000100,449,608,-159
123000101,628,484,144
123000102,689,711,-22
123000104,426,336,90
123000105,729,600,129
123000106,503,293,210
123000107,479,585,-106
123000108,975,1571,-596
123000111,488,280,208
123000112,587,619,-32
123000113,527,2369,-1842
123000114,471,431,40
123000115,192,307,-115
123000116,38,161,-123
123000117,1457,2773,-1316
123000118,367,1228,-861
123000119,254,1312,-1058
123000120,425,1197,-772
123000121,399,670,-271
123000122,517,291,226
123000123,400,674,-274
123000124,626,688,-62
123000125,1269,854,415
123000126,1944,2341,-397
123000127,1449,937,512
123000128,268,426,-158
123000129,389,244,145
123000130,421,83,338
123000131,595,564,31
123000132,348,731,-383
123000133,378,445,-67
123000134,531,202,329
123000135,1363,1441,-78
123000136,199,1711,-1512
123000137,89,575,-486
123000138,57,617,-560
123000139,330,175,155
123000140,171,914,-743
123000141,848,120,728
123000142,1169,1203,-34
123000143,1315,3022,-1707
123000144,22,15,7
123000145,263,204,59
123000146,65,138,-73
123000147,64,157,-93
123000149,310,342,-32
123000150,218,206,12
123000151,263,432,-169
123000152,98,411,-313
123000153,164,483,-319
123000154,2393,1535,858
123000155,3096,1012,2084
123000156,44,89,-45
123000157,551,909,-358
123000158,812,614,198
123000159,3336,1847,1489
123000160,660,505,155
123000161,1322,894,428
123000162,425,1420,-995
123000163,267,74,193
123000164,881,282,599
123000165,352,2536,-2184
123000166,25,223,-198
123000167,62,409,-347
123000168,199,450,-251
123000169,490,109,381
123000170,44,466,-422
123000171,255,107,148
123000172,202,871,-669
123000173,465,199,266
123000174,687,218,469
123000175,1093,1598,-505
123000176,892,156,736
123000177,408,1391,-983
123000178,532,110,422
123000179,23,931,-908
123000180,1147,361,786
123000181,371,1889,-1518
123000182,197,754,-557
123000183,145,337,-192
123000184,90,1004,-914
123000185,380,507,-127
123000186,6,847,-841
123000187,310,5,305
123000188,153,1,152
123000189,153,222,-69
123000190,23,92,-69
123000192,17,443,-426
123000193,37,725,-688
123000194,607,336,271
123000195,190,23,167
123000196,185,14,171
123000197,56,89,-33
123000198,19,214,-195
123000199,4,567,-563
123000200,326,7,319
123000201,647,18,629
123000202,26,1601,-1575
123000203,631,52,579
123000204,82,1575,-1493
123000205,481,2581,-2100
123000206,1446,136,1310
123000207,48,1196,-1148
123000208,268,81,187
123000209,1382,362,1020
123000210,404,2044,-1640
123000211,560,3683,-3123
123000212,1805,394,1411
123000213,386,54,332
123000215,201,112,89
123000216,306,831,-525
123000217,133,25,108
123000218,122,466,-344
123000219,1300,42,1258
123000220,470,120,350
123000221,164,197,-33
123000222,337,1008,-671
123000223,190,819,-629
123000224,275,766,-491
123000225,449,113,336
123000226,121,494,-373
123000227,57,470,-413
123000228,194,77,117
123000229,1254,2543,-1289
123000232,96,720,-624
123000233,393,178,215
123000234,167,845,-678
123000235,363,414,-51
123000236,200,1139,-939
123000237,210,84,126
123000238,46,1001,-955
123000239,450,2692,-2242
123000240,29,353,-324
123000241,986,184,802
123000242,114,237,-123
123000243,418,1256,-838
123000244,879,633,246
123000245,101,206,-105
123000249,391,778,-387
123000252,647,208,439
123000253,634,389,245
123000254,643,1422,-779
123000255,746,738,8
123000256,34,311,-277
123000257,4151,2938,1213
123000258,1060,1471,-411
123000259,214,505,-291
123000260,334,871,-537
123000261,108,413,-305
123000262,89,302,-213
123000263,262,138,124
123000264,194,37,157
123000265,63,201,-138
123000266,477,771,-294
123000267,318,358,-40
123000268,35,86,-51
123000269,26,47,-21
123000270,16,44,-28
123000271,63,84,-21
123000272,962,220,742
123000273,243,500,-257
123000274,1300,501,799
123000275,277,1478,-1201
123000278,3831,2794,1037
123000279,79,115,-36
123000280,290,423,-133
123000281,166,85,81
123000282,63,298,-235
123000283,97,42,55
123000284,48,154,-106
123000286,287,266,21
123000287,537,263,274
123000288,845,531,314
123000289,494,742,-248
123000291,453,1041,-588
123000294,174,270,-96
123000295,792,1143,-351
123000296,212,542,-330
123000297,247,1234,-987
123000298,340,985,-645
123000299,27,402,-375
123000300,593,734,-141
123000301,96,176,-80
123000302,71,335,-264
123000303,93,111,-18
123000305,1033,932,101
123000306,68,378,-310
123000309,43,85,-42
123000310,62,32,30
123000311,0,133,-133
123000312,855,1273,-418
123000313,197,353,-156
123000315,96,513,-417
123000316,2364,58,2306
123000317,200,87,113
123000318,40,318,-278
123000329,5,9,-4
123000337,177,272,-95
123000338,753,91,662
123000339,87,380,-293
123000340,121,443,-322
123000342,3,5,-2
123000343,61,1,60
123000344,1315,476,839
123000345,379,765,-386
123000346,208,91,117
123000352,2749,896,1853
123000353,20,148,-128
123000354,138,3,135
123000355,1,578,-577
123000356,159,3,156
123000357,4,440,-436
123000359,3,299,-296
123000360,143,19,124
123000361,733,295,438
123000362,238,168,70
123000363,95,305,-210
123000364,487,312,175
123000365,39,314,-275
123000366,242,1445,-1203
123000367,253,1435,-1182
123000370,59,522,-463
123000371,648,26,622
123000372,225,24,201
123000373,9,615,-606
123000374,4,287,-283
123000375,160,22,138
123000376,646,580,66
123000377,282,37,245
123000378,11,619,-608
123000379,4,273,-269
123000380,63,272,-209
123000381,123,34,89
123000382,1483,80,1403
123000383,362,835,-473
123000384,472,115,357
123000385,474,844,-370
123000436,64,970,-906
123000507,201,517,-316
123000508,257,496,-239
123000517,307,13,294
123000518,25,315,-290
123000519,130,87,43
123000520,83,309,-226
123000521,262,117,145
123000522,164,816,-652
123000541,0,2,-2
123000542,0,40,-40
123000565,242,14,228
123000566,92,1186,-1094
123000567,128,334,-206
123000573,33,1352,-1319
123000574,324,95,229
123000575,1053,1914,-861
123000576,670,2833,-2163
123000577,143,658,-515
123000578,851,106,745
123000579,8205,3367,4838
123000580,91,8,83
123000582,259,47,212
123000583,23,805,-782
123000584,136,213,-77
123000585,1,181,-180
123000586,78,1,77
123000596,91,130,-39
123000597,55,120,-65
123000602,17,1,16
123000603,268,1023,-755
123000604,447,1706,-1259
123000605,791,155,636
123000606,0,239,-239
123000609,34,376,-342
123000610,267,84,183
123000613,39,149,-110
123000614,153,73,80
123000615,17,197,-180
123000616,264,82,182
123000617,77,800,-723
123000618,120,908,-788
123000619,573,37,536
123000620,19,894,-875
123000622,247,18,229
123000624,106,47,59
123000630,483,460,23
123000631,233,2713,-2480
123000632,1143,1530,-387
123000633,1,232,-231
123000634,96,47,49
123000635,347,108,239
123000636,16,884,-868
123000637,87,208,-121
123000638,436,158,278
123000639,1443,2249,-806
123000640,21,1313,-1292
123000648,15,10,5
123000649,1,96,-95
123900001,1920,74,1846
123900002,22,1097,-1075
123900003,407,959,-552
123900005,179,125,54
123900006,133,27,106
124000001,1475,132,1343
124000002,151,2450,-2299
124000003,467,141,326
124000004,67,935,-868
124000005,753,232,521
124000006,320,1909,-1589
124000007,589,85,504
124000008,15,628,-613
124000009,193,319,-126
124000010,126,650,-524
124000011,761,368,393
124000012,348,1240,-892
124000017,57,105,-48
124000018,96,137,-41
124000019,92,99,-7
124000020,103,270,-167
124000021,83,71,12
124000022,110,300,-190
124000023,1159,1272,-113
124000024,1162,744,418
124000025,1258,1226,32
124000026,1306,1253,53
124000027,5975,3544,2431
124000028,3799,4323,-524
124000030,4150,1323,2827
124000031,658,1103,-445
124000032,5868,1193,4675
124000033,162,211,-49
124000034,2930,755,2175
124000035,73,89,-16
124000036,73,357,-284
124000037,485,437,48
124000038,51,95,-44
124000039,1138,312,826
124000040,801,771,30
124000041,269,57,212
124000042,80,484,-404
124000043,56,59,-3
124000044,59,424,-365
124000045,449,553,-104
124000046,202,1092,-890
124000047,966,995,-29
124000048,734,2663,-1929
124000049,1018,673,345
124000050,652,3128,-2476
124000051,440,602,-162
124000052,911,1768,-857
124000053,584,934,-350
124000054,1003,970,33
124000055,1211,1330,-119
124000056,4810,1923,2887
124000057,657,507,150
124000058,401,1885,-1484
124000059,473,621,-148
124000060,1307,1235,72
124000061,1548,3081,-1533
124000062,6573,2026,4547
124000063,1453,1755,-302
124000064,2922,2309,613
124000065,88,222,-134
124000066,322,101,221
124000067,63,296,-233
124000068,25,77,-52
124000069,215,222,-7
124000070,132,558,-426
124000071,171,84,87
124000072,166,729,-563
124000073,684,106,578
124000074,259,1165,-906
124000075,134,35,99
124000076,8,361,-353
124000077,1864,849,1015
124000078,2409,586,1823
124000079,661,1185,-524
124000080,344,160,184
124000081,222,1006,-784
124000082,18,125,-107
124000083,43,189,-146
124000084,93,264,-171
124000085,100,71,29
124000086,70,108,-38
124000087,118,70,48
124000088,279,681,-402
124000089,445,454,-9
124000090,106,527,-421
124000091,416,133,283
124000092,96,913,-817
124000093,108,104,4
124000094,190,520,-330
124000095,50,95,-45
124000096,99,409,-310
124000097,47,78,-31
124000098,49,152,-103
124000099,122,131,-9
124000100,49,187,-138
124000101,27,95,-68
124000102,90,89,1
124000103,35,76,-41
124000104,100,90,10
124000105,36,62,-26
124000106,112,122,-10
124000107,20,87,-67
124000108,66,39,27
124000109,76,53,23
124000110,203,159,44
124000111,154,166,-12
124000112,490,793,-303
124000113,44,102,-58
124000114,223,770,-547
124000115,362,1081,-719
124000116,92,83,9
124000117,52,91,-39
124000118,20,38,-18
124000119,922,794,128
124000120,516,689,-173
124000121,1607,564,1043
124000122,701,1463,-762
124000123,892,405,487
124000124,572,1098,-526
124000125,359,387,-28
124000126,346,592,-246
124000127,724,438,286
124000128,718,1101,-383
124000129,1991,1441,550
124000130,878,745,133
124000131,899,539,360
124000132,869,825,44
124000133,690,845,-155
124000134,776,792,-16
124000135,1605,1707,-102
124000136,1056,1147,-91
124000137,1215,762,453
124000138,1527,1143,384
124000139,426,28,398
124000140,34,482,-448
124000141,81,2,79
124000142,18,168,-150
124000143,14,12,2
124000144,8,81,-73
124000145,58,38,20
124000146,15,170,-155
124000148,18,40,-22
124000149,848,332,516
124000150,348,643,-295
124000151,640,272,368
124000152,751,1516,-765
124000153,746,464,282
124000154,589,1071,-482
124000155,1145,621,524
124000156,1675,1206,469
124000169,165,346,-181
124000170,820,511,309
124000171,190,257,-67
124000172,403,780,-377
124000173,236,325,-89
124000174,257,975,-718
124000175,9,183,-174
124000176,25,6,19
124000177,16,67,-51
124000178,22,30,-8
124000190,169,69,100
124000191,447,80,367
124000192,2924,401,2523
124000193,587,1507,-920
124000194,363,623,-260
124000195,195,555,-360
124000196,937,1439,-502
124000197,57,52,5
124000198,11,28,-17
124000201,320,1525,-1205
124000202,507,218,289
124000203,116,1203,-1087
124000204,327,749,-422
124000205,40,915,-875
124000206,281,548,-267
124000207,0,45,-45
124000209,259,990,-731
124000210,148,244,-96
124000211,220,2,218
124000212,4,827,-823
124000213,204,470,-266
124000214,146,1151,-1005
124000215,145,14,131
124000216,5,783,-778
124000329,136,3350,-3214
124000338,50,1940,-1890
124000339,342,91,251
124000341,455,67,388
124000344,13,1,12
124000357,933,1550,-617
124000358,663,1000,-337
124000359,657,408,249
124000360,414,324,90
124000361,1169,765,404
124000362,2134,2771,-637
124000363,322,546,-224
124000364,482,1075,-593
124000365,633,1548,-915
124000366,2215,1157,1058
124000367,128,761,-633
124000368,322,176,146
124000369,136,99,37
124000370,113,918,-805
124000402,37,14,23
124000403,39,14,25
124000404,3,129,-126
124000405,985,776,209
124000406,1066,928,138
124000407,3,44,-41
124000411,11,545,-534
124000412,243,29,214
124000413,204,49,155
124000414,34,134,-100
124000415,35,212,-177
124000416,130,443,-313
124000417,95,113,-18
124000418,84,136,-52
124000419,69,212,-143
124000420,32,91,-59
124000421,27,456,-429
124000422,19,17,2
124000423,86,48,38
124000424,2,157,-155
124000425,13,8,5
124000426,3,61,-58
124000427,11,23,-12
124000428,14,35,-21
124000429,32,85,-53
124000430,586,817,-231
124000431,258,918,-660
124000432,149,1029,-880
124000439,1,19,-18
124000443,0,7,-7
124000445,205,615,-410
124000446,2854,89,2765
124900001,326,294,32
124900002,141,648,-507
124900003,552,633,-81
124900004,326,408,-82
124900005,282,317,-35
124900006,603,418,185
124900008,1246,522,724
124900009,91,178,-87
124900010,120,53,67
124900011,281,143,138
124900012,262,65,197
124900013,317,104,213
124900014,118,106,12
124900015,119,156,-37
124900016,39,60,-21
124900017,698,418,280
124900018,24,11,13
124900020,50,63,-13
124900021,151,27,124
124900022,13,6,7
124900024,169,10,159
124900026,109,15,94
124900027,32,222,-190
124900028,761,153,608
124900029,15,348,-333
124900030,3,182,-179
124900031,40,542,-502
124900032,253,214,39
124900033,67,525,-458
124900034,212,236,-24
124900035,200,553,-353
124900036,1,48,-47
124900037,190,385,-195
124900038,356,432,-76
124900039,0,32,-32
124900040,58,91,-33
124900041,227,1496,-1269
124900042,40,2,38
124900043,373,1456,-1083
124900044,47,3,44
124900045,694,1127,-433
124900046,1920,306,1614
124900047,151,262,-111
124900048,171,204,-33
124900050,118,399,-281
124900052,74,497,-423
124900053,42,471,-429
124900054,3909,377,3532
124900055,0,123,-123
124900057,15,122,-107
124900060,76,256,-180
124900061,18,10,8
124900062,50,26,24
124900066,0,26,-26
124900067,11,215,-204
124900068,188,287,-99
124900070,79,25,54
124900072,51,12,39
124900074,81,130,-49
124900075,134,286,-152
124900076,21,649,-628
124900077,31,175,-144
124900078,46,13,33
124900079,783,86,697
124900080,257,944,-687
124900081,591,250,341
124900082,350,1293,-943
124900083,177,719,-542
124900084,3269,105,3164
124900085,1353,219,1134
124900086,69,717,-648
124900087,720,100,620
124900088,685,106,579
124900089,1694,32,1662
124900090,177,199,-22
124900091,198,769,-571
124900092,161,554,-393
124900093,203,277,-74
124900094,212,244,-32
124900095,81,375,-294
124900096,507,211,296
124900097,161,78,83
124900098,152,559,-407
124900099,700,457,243
124900100,450,30,420
124900101,24,588,-564
124900102,137,19,118
124900103,111,383,-272
124900104,49,219,-170
124900105,82,231,-149
124900106,287,30,257
124900107,84,16,68
124900108,202,32,170
124900109,12,33,-21
124900110,49,166,-117
124900111,0,75,-75
124900112,55,1032,-977
124900113,95,161,-66
124900114,244,63,181
124900115,63,53,10
124900116,83,130,-47
124900117,725,154,571
124900118,147,121,26
124900119,278,103,175
124900120,30,489,-459
124900121,91,203,-112
124900122,668,264,404
124900123,472,72,400
124900124,158,194,-36
129000186,59,38,21
204000001,38,37,1
204000002,11,14,-3
204000003,13,6,7
204000004,7,2,5
204000005,403,344,59
204000006,885,1110,-225
204000011,9,94,-85
204000012,35,118,-83
204000019,447,564,-117
204000020,485,746,-261
204000021,2265,839,1426
204000022,497,494,3
204000023,410,1380,-970
204000031,63,20,43
204000032,478,45,433
204000034,8,369,-361
204000035,0,4,-4
204000036,11,31,-20
204000037,1,18,-17
204000038,0,31,-31
204000039,5,62,-57
204000040,13,49,-36
204000041,8,73,-65
204000042,31,31,0
204000043,19,4,15
204000044,17,1,16
204000045,42,8,34
204000046,30,14,16
204000057,1,33,-32
204000062,16,130,-114
204000068,21,205,-184
204000069,16,222,-206
204000070,46,101,-55
204000080,17,57,-40
204000085,1398,1855,-457
204000086,3345,2334,1011
204000087,39,13,26
204000088,6,124,-118
204000090,19,519,-500
204000093,185,57,128
204000096,603,646,-43
204000097,217,26,191
204000099,872,1282,-410
204000100,829,1088,-259
204000105,2026,1900,126
204000110,1070,1540,-470
204000111,307,961,-654
204000112,1225,1166,59
204000113,390,1141,-751
204000114,652,628,24
204000115,351,370,-19
204000116,1531,576,955
204000119,1579,1837,-258
204000132,412,263,149
204000133,497,232,265
204000134,326,123,203
204000135,388,90,298
204000136,224,247,-23
204000138,185,397,-212
204000140,127,89,38
204000141,96,53,43
204000144,6,21,-15
204000145,431,32,399
204000146,35,628,-593
204000147,18,162,-144
204000148,253,23,230
204000154,9,2,7
204000155,3,11,-8
204000177,79,76,3
204000179,14,7,7
204000180,0,35,-35
204000222,7,58,-51
204000235,7,16,-9
204000236,122,429,-307
204000238,10,42,-32
204000240,259,105,154
204000263,507,1377,-870
204000268,1072,504,568
204000308,191,15,176
204000317,8,98,-90
204000322,1,47,-46
204000323,34,10,24
204000328,245,58,187
204000329,67,135,-68
204000330,155,25,130
204000331,20,155,-135
204010341,10,340,-330
205000001,1173,1599,-426
205000013,6,83,-77
205000014,7,118,-111
205000015,47,211,-164
205000016,20,204,-184
205000017,22,95,-73
205000022,262,669,-407
205000025,1583,1103,480
205000029,219,5,214
205000045,132,254,-122
205000046,97,632,-535
205000047,108,635,-527
205000048,196,1118,-922
205000049,168,883,-715
205000050,1152,332,820
205000059,3,317,-314
205000060,1,79,-78
205000061,0,53,-53
205000062,2,38,-36
205000063,9,94,-85
205000064,19,153,-134
205000065,79,877,-798
205000066,108,886,-778
205000067,41,1144,-1103
205000069,154,11,143
205000082,147,296,-149
205000110,50,232,-182
205000111,177,241,-64
205000112,123,172,-49
205000113,217,331,-114
205000121,191,50,141
205000123,37,209,-172
205000126,320,122,198
205000127,591,160,431
205000128,440,64,376
205000129,472,95,377
205000130,266,38,228
205000131,507,4,503
205000132,448,1,447
205000133,203,1,202
205000134,181,0,181
205000137,124,144,-20
205000138,281,384,-103
205000139,25,125,-100
205000144,81,43,38
205000145,377,145,232
205000151,186,42,144
205000152,142,49,93
205000153,138,25,113
205000154,71,79,-8
205000155,59,11,48
205000207,11,198,-187
205000233,9,1,8
205000234,0,0,0
205000243,0,1,-1
205000244,0,4,-4
205000245,21,405,-384
205000249,1,59,-58
205000250,0,1,-1
205000264,1,102,-101
206000027,7,8,-1
206000028,5,0,5
206000043,9,209,-200
206000053,5,18,-13
206000054,2,30,-28
206000055,3,43,-40
206000075,19,6,13
206000076,22,10,12
206000077,15,10,5
206000078,13,2,11
206000079,19,3,16
206000082,563,17,546
206000100,82,915,-833
206000103,1,28,-27
206000104,9,35,-26
206000105,4,41,-37
206000106,16,33,-17
206000108,636,33,603
206000125,55,0,55
206000157,81,1016,-935
206000170,0,512,-512
206000171,4,316,-312
206000172,7,1528,-1521
206000173,4,467,-463
206000174,13,208,-195
206000175,1,306,-305
206000176,16,552,-536
206000177,0,427,-427
206000178,5,267,-262
206000179,17,202,-185
206000180,15,342,-327
206000181,17,511,-494
206000182,14,532,-518
206000183,24,1490,-1466
206000184,4,717,-713
206000185,6,619,-613
206000186,117,2717,-2600
206000223,6,484,-478
206000226,8,5,3
206000227,38,1,37
206000237,21,612,-591
206000238,38,1041,-1003
206000239,752,3415,-2663
206000240,1,52,-51
206000241,1,184,-183
206000242,1,890,-889
206000243,11,703,-692
206000244,53,1574,-1521
206000245,368,46,322
206000246,57,9,48
206000247,82,5,77
206000248,156,11,145
206000252,70,24,46
206000258,19,49,-30
206000315,28,5,23
206000317,275,86,189
206000318,145,40,105
206000319,470,81,389
206000320,59,41,18
206000321,38,11,27
206000322,164,12,152
206000323,90,7,83
206000324,45,6,39
206000325,124,14,110
206000326,108,5,103
206000327,151,3,148
206000328,46,3,43
206000329,82,13,69
206000330,39,7,32
206000331,113,2,111
206000332,9,4,5
206000333,266,4,262
206000334,135,1,134
206000335,1,32,-31
206000361,11,325,-314
206000392,2,81,-79
206000405,122,1,121
206000441,6,9,-3
206000498,52,2,50
206000515,138,17,121
206000530,77,32,45
206000531,135,60,75
206000532,3239,81,3158
206000535,507,2548,-2041
206000536,13,335,-322
206000537,15,240,-225
206000613,1393,139,1254
207000001,133,461,-328
207000002,72,386,-314
207000003,120,263,-143
207000007,553,216,337
207000008,52,3,49
207000009,50,45,5
207000010,459,825,-366
207000012,256,231,25
207000015,480,2496,-2016
207000019,143,78,65
207000021,578,132,446
207000022,107,93,14
207000023,134,50,84
207000024,0,12,-12
207000025,16,48,-32
207000026,123,52,71
207000027,25,103,-78
207000028,81,278,-197
207000029,341,551,-210
207000033,199,239,-40
207000034,211,61,150
207000039,212,121,91
207000040,149,148,1
207000041,62,64,-2
207000042,193,73,120
207000043,152,170,-18
207000051,99,478,-379
207000052,42,317,-275
207000053,469,955,-486
207000054,25,176,-151
207000055,81,198,-117
207000056,259,591,-332
207000057,125,390,-265
207000058,84,629,-545
207000059,55,1118,-1063
207000060,31,384,-353
207000061,101,180,-79
207000062,150,51,99
207000063,151,134,17
207000064,376,192,184
207000065,261,263,-2
207000066,80,181,-101
207000067,33,157,-124
207000068,122,68,54
207000069,574,401,173
207000082,56,523,-467
207000083,85,669,-584
207000084,125,209,-84
207000085,158,25,133
207000086,118,6,112
207000106,23,24,-1
207000107,36,20,16
207000108,27,13,14
207000109,17,13,4
207000110,45,48,-3
207000111,55,72,-17
207000112,161,306,-145
207000114,11,35,-24
207000115,9,126,-117
207000116,14,382,-368
207000117,3,145,-142
207000118,2,146,-144
207000119,27,211,-184
207000123,157,22,135
207000124,57,23,34
207000125,31,37,-6
207000126,70,25,45
207000134,15,335,-320
207000135,31,450,-419
207000148,24,202,-178
207000149,58,51,7
207000152,198,416,-218
207000153,1392,1167,225
207000154,657,123,534
207000159,55,525,-470
207000160,120,1052,-932
207000238,0,77,-77
207000242,3,177,-174
207000248,26,24,2
207000249,144,62,82
207000250,871,64,807
207000251,68,78,-10
207000252,60,80,-20
207000278,42,77,-35
207000279,13,414,-401
207000280,250,82,168
207000281,68,1869,-1801
207000282,152,42,110
207000283,173,345,-172
207000284,77,89,-12
207000285,215,49,166
207000291,16,171,-155
207000304,87,56,31
207000306,66,527,-461
207000310,59,72,-13
207000353,181,2,179
207000356,5,36,-31
207000357,3,3,0
207000358,21,4,17
207000415,2,201,-199
207000417,26,5,21
207000418,130,175,-45
207000438,1,4,-3
207000439,1296,342,954
207000446,150,6,144
207000460,2,9,-7
207000466,169,267,-98
207000467,100,81,19
207000468,42,942,-900
207000476,5,103,-98
207000477,374,159,215
207000478,5,14,-9
207000523,0,13,-13
207000524,19,0,19
207000527,87,153,-66
207000530,266,8,258
207000531,202,6,196
207000532,114,27,87
207000534,648,38,610
207000535,60,255,-195
207000537,33,116,-83
207000540,8,200,-192
207000541,1,353,-352
207000548,8,349,-341
207000549,189,16,173
207000561,86,141,-55
207000562,42,203,-161
207000567,153,332,-179
207000568,73,165,-92
207000569,196,1591,-1395
207000584,446,194,252
207000585,68,287,-219
207000616,0,302,-302
207000617,101,0,101
207900008,127,339,-212
208000001,454,631,-177
208000002,498,571,-73
208000003,696,619,77
208000004,1088,659,429
208000005,27,24,3
208000019,508,922,-414
208000020,164,405,-241
208000021,156,732,-576
208000022,610,936,-326
208000028,1518,961,557
208000033,383,859,-476
208000034,1019,1976,-957
208000037,441,49,392
208000040,76,177,-101
208000041,784,490,294
208000042,683,556,127
208000047,91,501,-410
208000064,3023,1290,1733
208000066,1576,993,583
208000070,209,497,-288
208000071,324,1021,-697
208000072,320,1372,-1052
208000080,195,378,-183
208000081,167,181,-14
208000082,220,445,-225
208000083,107,520,-413
208000084,18,18,0
208000085,993,669,324
208000086,483,1021,-538
208000087,357,884,-527
208000089,639,804,-165
208000090,592,1263,-671
208000093,59,140,-81
208000094,334,620,-286
208000095,465,450,15
208000104,877,994,-117
208000105,659,1071,-412
208000114,51,182,-131
208000115,573,461,112
208000116,258,958,-700
208000117,78,156,-78
208000118,61,107,-46
208000155,634,1089,-455
208000158,1828,2995,-1167
208000186,3555,2151,1404
208000204,494,1125,-631
208000205,886,1522,-636
208000282,4542,1786,2756
209000004,118,218,-100
209000005,27,50,-23
209000006,526,119,407
209000007,264,222,42
209000010,601,176,425
209000011,193,238,-45
209000012,106,263,-157
209000013,184,717,-533
209000014,846,2098,-1252
209000025,245,43,202
209000026,541,131,410
209000027,402,1445,-1043
209000028,340,1279,-939
209000029,720,1150,-430
209000030,645,2244,-1599
209000031,4774,3585,1189
209000034,135,200,-65
209000035,129,136,-7
209000036,110,128,-18
209000037,170,229,-59
209000038,67,218,-151
209000039,37,191,-154
209000040,273,563,-290
209000041,300,436,-136
209000042,247,433,-186
209000043,820,650,170
209000044,223,607,-384
209000045,881,462,419
209000046,280,575,-295
209000047,197,209,-12
209000048,312,267,45
209000049,115,175,-60
209000050,181,301,-120
209000051,286,528,-242
209000052,154,529,-375
209000062,32,242,-210
209000063,30,183,-153
209000064,29,218,-189
209000065,20,27,-7
209000066,36,35,1
209000067,57,64,-7
209000080,31,224,-193
209000082,61,53,8
209000091,42,131,-89
209000093,137,71,66
209000094,264,212,52
209000110,24,74,-50
209000111,434,1018,-584
209000112,669,444,225
209000113,1204,428,776
209000114,285,328,-43
209000115,88,272,-184
209000116,1084,797,287
209000118,14,72,-58
209000119,48,9,39
209000121,138,832,-694
209000135,67,98,-31
209000142,773,826,-53
209000143,76,89,-13
209000144,42,108,-66
209000229,277,230,47
209000240,42,527,-485
209000259,138,185,-47
209000260,132,1293,-1161
209000261,17,858,-841
209000262,5,680,-675
209000263,0,179,-179
209000264,1,230,-229
209000265,346,1,345
209000266,45,5,40
209000267,484,11,473
209000268,582,30,552
210000037,58,25,33
210000047,40,59,-19
210000048,47,27,20
210000049,58,36,22
210000052,38,212,-174
210000053,16,130,-114
210000054,43,129,-86
210000070,69,2,67
210000071,38,0,38
210000072,15,0,15
210000073,0,26,-26
210000074,0,120,-120
210000075,1,52,-51
210000076,10,155,-145
210000077,48,47,1
210000078,44,32,12
210000079,65,21,44
210000080,140,47,93
210000081,130,22,108
210000082,40,0,40
210000083,69,1,68
210000084,44,1,43
210000085,0,69,-69
210000086,4,129,-125
210000099,26,270,-244
210000100,31,272,-241
210000101,73,236,-163
210000105,50,248,-198
210000159,0,142,-142
210000163,221,257,-36
210000164,419,114,305
210000168,152,26,126
210000187,0,11,-11
210000188,0,21,-21
210000214,325,1,324
210000219,22,85,-63
210000220,40,113,-73
210000232,4,16,-12
210000233,23,59,-36
210000234,50,180,-130
210000235,33,151,-118
210000245,2,50,-48
210000246,77,17,60
210000258,7,112,-105
210000259,224,18,206
210000282,58,237,-179
210000285,0,99,-99
210000286,9,169,-160
210000290,1,8,-7
210000295,38,215,-177
210000296,63,101,-38
210000320,156,182,-26
210000321,103,110,-7
210000338,94,134,-40
210000339,581,894,-313
210000340,88,288,-200
210000341,135,255,-120
210000342,128,234,-106
210000343,168,231,-63
210000344,239,118,121
210000345,225,182,43
210000346,85,111,-26
210000347,173,50,123
210000348,130,24,106
210000349,134,26,108
210000350,74,58,16
210000351,98,147,-49
210000352,51,104,-53
210000353,44,123,-79
210000354,79,150,-71
210000355,43,118,-75
210000356,63,65,-2
210000357,71,73,-2
210000358,333,134,199
210000359,167,57,110
210000360,146,110,36
210000361,175,229,-54
210000362,229,198,31
210000363,1008,161,847
210000364,118,123,-5
210000365,74,73,1
210000366,87,46,41
210000367,58,32,26
210000368,108,21,87
210000369,23,29,-6
210000370,65,74,-9
210000372,49,30,19
210000373,139,7,132
210000374,91,11,80
210000375,25,114,-89
210000376,60,196,-136
210000404,133,149,-16
210000439,37,89,-52
210000472,129,10,119
210000482,71,52,19
210000564,681,190,491
210000567,1,15,-14
210000568,684,8,676
211000092,26,106,-80
211000094,10,8,2
211000169,168,10,158
211000172,6,268,-262
211000209,1,17,-16
211000226,23,30,-7
211000270,6,10,-4
211000275,13,29,-16
211000276,107,27,80
211000279,9,55,-46
211000281,30,85,-55
211507980,1,39,-38
211977296,19,7,12
212000003,80,62,18
212000004,107,19,88
212000005,31,30,1
212000006,31,104,-73
212000008,116,322,-206
212000009,15,221,-206
212000012,45,105,-60
212000013,19,67,-48
212000014,226,211,15
212000015,242,305,-63
212000016,423,690,-267
212000027,394,552,-158
212000028,267,456,-189
212000029,163,312,-149
212000030,25,38,-13
212000031,35,80,-45
212000048,22,108,-86
212000049,4,86,-82
212000050,12,12,0
212000051,154,298,-144
212000052,164,543,-379
212000053,277,702,-425
212000054,131,151,-20
212000055,177,351,-174
212000056,10,58,-48
212000057,5,42,-37
212000058,408,43,365
212000070,91,407,-316
212000077,102,881,-779
212000099,243,301,-58
212000108,235,252,-17
212000111,147,189,-42
212000120,145,123,22
212000138,108,41,67
212000156,4,136,-132
212000158,15,8,7
212000159,230,59,171
212000160,426,230,196
212000161,34,14,20
212000310,17,12,5
212000311,10,118,-108
212000374,17,11,6
213000001,29,854,-825
213000005,256,105,151
213000006,1180,210,970
213000007,89,23,66
213000009,552,291,261
213000010,135,196,-61
213000011,199,117,82
213000012,119,500,-381
213000014,33,19,14
213000015,169,6,163
213000016,189,0,189
213000017,32,0,32
213000018,1,265,-264
213000019,2,180,-178
213000020,89,496,-407
213000021,9,106,-97
213000023,281,224,57
213000033,234,950,-716
213000034,603,308,295
213000035,97,173,-76
213000045,129,264,-135
213000046,154,267,-113
213000047,471,861,-390
213000056,87,15,72
213000069,56,3,53
213000073,1,22,-21
213000074,241,717,-476
213000075,480,19,461
213000076,22,0,22
213000085,17,34,-17
213000086,11,226,-215
213000091,109,15,94
213000092,56,7,49
213000099,162,1057,-895
213000100,1199,241,958
213000101,150,212,-62
213000102,213,563,-350
213000103,640,1030,-390
213000104,52,658,-606
213000105,2,67,-65
213000106,12,266,-254
213000107,92,904,-812
213000108,24,727,-703
213000109,4,355,-351
213000110,17,97,-80
213000111,6,80,-74
213000112,201,168,33
213000115,28,2,26
213000116,140,911,-771
213000117,9,1287,-1278
213000118,299,383,-84
213000119,52,1147,-1095
213000120,99,1134,-1035
213000122,270,1129,-859
213000123,870,2131,-1261
213000124,94,2053,-1959
213000125,179,9,170
213000126,125,104,21
213000127,217,177,40
213000128,907,850,57
213000129,605,330,275
213000130,358,178,180
213000132,226,74,152
213000133,256,95,161
213000134,683,42,641
213000136,332,15,317
213000137,462,52,410
213000139,298,12,286
213000147,29,2,27
213000148,34,7,27
213000149,25,7,18
213000150,0,103,-103
213000151,3,77,-74
213000152,0,73,-73
213000153,1,48,-47
213000154,21,291,-270
213000155,30,551,-521
213000156,86,874,-788
213000157,740,765,-25
213000158,298,880,-582
213000159,379,707,-328
213000163,399,92,307
213000165,807,191,616
213000171,1,178,-177
213000172,6,472,-466
213000173,2,401,-399
213000174,0,285,-285
213000175,3,161,-158
213000176,23,17,6
213000177,40,2,38
213000178,50,3,47
213000179,132,1,131
213000180,62,0,62
213000184,85,648,-563
213000188,306,77,229
213000189,151,44,107
213000190,674,876,-202
213000191,208,638,-430
213000192,182,758,-576
213000193,1754,234,1520
213000194,3,49,-46
213000195,22,544,-522
213000196,244,1134,-890
213000197,296,424,-128
213000198,33,0,33
213000200,101,1348,-1247
213000201,103,55,48
213000202,13,1050,-1037
213000203,3322,517,2805
213000204,434,25,409
213000205,251,62,189
213000206,245,68,177
213000207,44,7,37
213000208,182,1,181
213000209,87,4,83
213000210,302,2,300
213000211,0,16,-16
213000212,6,20,-14
213000213,3,34,-31
213000218,205,1182,-977
213000219,389,13,376
213000220,307,12,295
213000223,183,136,47
213000224,35,34,1
213000225,49,3,46
213000226,48,7,41
213000227,520,154,366
213000228,193,44,149
213000229,501,16,485
213000230,165,38,127
213000232,77,436,-359
213000233,6,24,-18
213000234,11,23,-12
213000293,3,58,-55
213000294,155,7,148
213000295,8,69,-61
213000296,60,18,42
213000297,2,123,-121
213000298,13,105,-92
213000299,46,43,3
213000300,4,5,-1
213000303,1,31,-30
213000304,4,7,-3
213000305,3,16,-13
213000306,69,29,40
213000307,281,95,186
213000308,119,376,-257
213000309,203,51,152
213000310,257,108,149
213000311,341,773,-432
213000315,98,204,-106
213000316,69,69,0
213000322,79,228,-149
213000323,38,106,-68
213000324,22,88,-66
213000325,12,198,-186
213000326,11,39,-28
213000327,19,112,-93
213000328,13,121,-108
213000329,47,51,-4
213000340,122,1353,-1231
213000341,212,73,139
213000346,294,109,185
213000347,1050,171,879
213000348,11,272,-261
213000349,95,19,76
213000350,202,2131,-1929
213000366,42,379,-337
213000367,178,32,146
213000379,93,293,-200
213000386,18,238,-220
213000406,132,484,-352
213000417,1068,406,662
213000425,107,63,44
213000426,51,127,-76
213000427,34,523,-489
213000428,23,319,-296
213000429,6,0,6
213000430,123,1450,-1327
213000431,41,4,37
213000432,0,13,-13
213000433,12,173,-161
213000434,58,117,-59
213000435,80,109,-29
213000436,19,116,-97
213000437,0,51,-51
213000438,96,106,-10
213000439,50,13,37
213000440,6,262,-256
213000441,1,0,1
213000442,1,58,-57
213000443,422,482,-60
213000444,23,88,-65
213000445,0,121,-121
213000446,0,8,-8
213000447,1,18,-17
213000448,7,98,-91
213000449,122,2,120
213000450,16,41,-25
213000451,201,98,103
213000452,18,12,6
213000453,48,477,-429
213000455,348,1,347
213000456,2,196,-194
213000481,8,4,4
213000482,42,4,38
213000489,574,53,521
213000491,1,96,-95
213000492,265,2,263
213000493,0,78,-78
213000494,167,176,-9
213000495,0,157,-157
213000496,243,297,-54
213000497,41,467,-426
213000498,86,385,-299
213000499,110,890,-780
213000500,275,153,122
213000501,94,40,54
213000502,174,70,104
213000503,0,81,-81
213000504,9,276,-267
213000505,6,4,2
213000506,0,9,-9
213000507,5,237,-232
213900016,0,11,-11
213900244,13,0,13
213900245,1,48,-47
218000003,22,24,-2
218000004,40,31,9
218000005,25,35,-10
218000006,81,19,62
218000007,8,11,-3
218000012,278,96,182
218000013,82,134,-52
218000014,467,394,73
218000019,846,562,284
218000020,272,441,-169
218000021,41,130,-89
218000022,12,57,-45
218000023,4,91,-87
218000024,1,38,-37
218000025,14,39,-25
218000026,7,78,-71
218000027,0,38,-38
218000028,3,17,-14
218000029,0,7,-7
218000030,26,65,-39
218000031,6,68,-62
218000032,1,45,-44
218000040,2,3,-1
218000046,37,261,-224
218000047,15,272,-257
218000048,99,289,-190
218000049,277,257,20
218000050,572,425,147
218000051,71,405,-334
218000052,0,155,-155
218000053,4,17,-13
218000054,44,49,-5
218000055,10,23,-13
218000056,4,47,-43
218000057,3,47,-44
218000064,0,5,-5
218000065,34,71,-37
218000066,5,56,-51
218000067,30,99,-69
218000068,90,110,-20
218000069,99,216,-117
218000070,100,307,-207
218000071,106,256,-150
218000072,259,324,-65
218000078,561,1635,-1074
218000079,42,63,-21
218000080,64,58,6
218000081,237,233,4
218000082,20,166,-146
218000083,30,82,-52
218000084,70,251,-181
218000085,112,662,-550
218000086,37,213,-176
218000087,177,319,-142
218000090,6,83,-77
218000091,777,517,260
218000092,42,169,-127
218000093,59,95,-36
218000094,512,960,-448
218000099,313,475,-162
218000100,194,296,-102
218000101,144,161,-17
218000102,200,370,-170
218000103,94,278,-184
218000104,33,52,-19
218000105,20,4,16
218000106,8,15,-7
218000107,50,113,-63
218000108,5,72,-67
218000112,53,8,45
218000117,31,28,3
218000134,568,1029,-461
218000135,34,118,-84
218000136,213,75,138
218000137,103,187,-84
218000138,11,125,-114
218000139,98,438,-340
218000140,209,241,-32
218000141,32,76,-44
218000142,90,298,-208
218000143,66,280,-214
218000144,38,85,-47
218000145,235,400,-165
218000146,77,187,-110
218000151,5,20,-15
218000152,46,54,-8
218000153,0,5,-5
218000154,7,2,5
218000155,22,1,21
218000156,43,17,26
218000157,7,10,-3
218000158,5,5,0
218000159,3,0,3
218000160,1,4,-3
218000161,8,14,-6
218000162,9,9,0
218000163,4,5,-1
218000164,15,16,-1
218000165,26,23,3
218000170,3,37,-34
218000171,30,12,18
218000172,17,27,-10
218000173,74,25,49
218000174,10,7,3
218000176,70,19,51
218000177,272,112,160
218000178,65,123,-58
218000179,46,45,1
218000180,36,17,19
218000181,79,61,18
218000187,4,23,-19
218000188,33,55,-22
218000189,5,81,-76
218000190,10,21,-11
218000191,47,105,-58
218000192,95,681,-586
218000193,327,726,-399
218000194,57,702,-645
218000195,104,88,16
218000196,225,329,-104
218000197,179,405,-226
218000198,2,154,-152
218000199,11,28,-17
218000200,86,49,37
218000201,6,12,-6
218000202,162,173,-11
218000207,7,88,-81
218000208,30,110,-80
218000211,65,9,56
218000212,2,13,-11
218000213,108,70,38
218000214,1,18,-17
218000215,64,130,-66
218000217,10,137,-127
218000218,295,95,200
218000219,41,15,26
218000220,107,387,-280
218000221,734,172,562
218000222,32,27,5
218000223,21,120,-99
218000224,4,84,-80
218000225,125,16,109
218000226,48,66,-18
218000230,1,9,-8
218000232,46,86,-40
218000239,78,7,71
218000240,46,2,44
218000241,17,1,16
218000242,127,3,124
218000243,25,1,24
218000244,10,0,10
218000245,24,2,22
218000246,0,1,-1
218000247,0,0,0
218000248,1,36,-35
218000249,0,4,-4
218000250,10,41,-31
218000251,2,24,-22
218000252,8,29,-21
218000253,12,9,3
218000254,0,11,-11
218000255,0,15,-15
218000256,6,49,-43
218000267,1059,1304,-245
218000268,7,87,-80
218000269,12,27,-15
218000270,34,91,-57
218000271,21,119,-98
218000273,14,15,-1
218000274,4,12,-8
218000275,11,36,-25
218000276,7,62,-55
218000278,4,28,-24
218000279,43,98,-55
218000280,20,38,-18
218000281,20,13,7
218000282,552,214,338
218000284,107,9,98
218000301,81,122,-41
218000302,81,64,17
218000303,138,82,56
218000316,626,1066,-440
218000317,563,1111,-548
218000318,299,951,-652
218000319,642,2124,-1482
218000320,565,899,-334
218000338,31,18,13
218000345,109,51,58
218000346,38,159,-121
218000459,128,451,-323
218000490,30,85,-55
218000501,39,29,10
218000502,64,111,-47
218000503,41,12,29
218000504,113,5,108
218000505,29,151,-122
218000506,26,203,-177
218000508,4,2,2
218000510,167,5,162
218000520,117,113,4
218000521,7,112,-105
218000522,0,132,-132
218000523,72,1,71
218000524,50,162,-112
218000525,49,15,34
218000526,53,100,-47
218000529,42,306,-264
218000530,5,4,1
218000531,1,17,-16
218000532,10,46,-36
218000534,54,24,30
218000537,18,38,-20
218000538,217,200,17
218000540,517,90,427
218000543,97,50,47
218000544,22,129,-107
218000545,19,54,-35
218000546,47,159,-112
218000547,63,100,-37
218000548,131,259,-128
218000549,291,186,105
218000550,181,698,-517
218000551,167,518,-351
218000552,484,64,420
218000553,38,98,-60
218000554,16,46,-30
218000555,9,80,-71
218000556,97,579,-482
218000557,176,147,29
218000558,32,0,32
218000559,0,22,-22
218000560,0,3,-3
218000561,11,0,11
218000562,13,204,-191
218000563,138,45,93
218000564,41,127,-86
218000565,145,22,123
218000566,592,53,539
218000567,9,66,-57
218000568,18,4,14
218000569,22,131,-109
218000570,244,12,232
218000571,2,103,-101
218000572,90,0,90
218000573,34,91,-57
218000574,137,61,76
218000575,107,1,106
218000576,0,92,-92
218000577,28,1,27
218000578,2,82,-80
218000579,74,5,69
218000581,4,96,-92
218000582,33,7,26
218000583,4,2,2
218000584,0,29,-29
218000585,10,1,9
218000586,5,39,-34
218000587,0,6,-6
218000588,0,5,-5
218000589,0,2,-2
218000590,0,0,0
218000591,4,3,1
218000592,3,0,3
218000593,0,0,0
218000594,1,1,0
218000595,0,0,0
218000596,0,0,0
218000597,0,0,0
218000598,0,1,-1
218000599,0,0,0
218000600,0,0,0
218000601,0,0,0
218000602,0,3,-3
218000603,0,7,-7
218000604,5,0,5
218000605,0,30,-30
218000606,42,0,42
218000607,11,35,-24
218000608,54,12,42
218000609,0,49,-49
218000610,46,2,44
218000611,22,1,21
218000612,0,18,-18
218000613,24,2,22
218000614,7,63,-56
218000615,77,2,75
218000616,5,146,-141
218000617,4,0,4
218000618,0,33,-33
218000619,20,31,-11
218000620,6,184,-178
218000621,0,1,-1
218000622,0,20,-20
218000623,21,1,20
218000624,1,34,-33
218000625,11,0,11
218000626,1,14,-13
218000628,37,31,6
218000631,11,30,-19
218000632,0,119,-119
218000633,27,2,25
218000634,25,22,3
218000635,50,14,36
218000636,605,1940,-1335
218000637,1044,717,327
218000638,118,54,64
218000639,15,333,-318
218000640,110,21,89
218000641,37,534,-497
218000652,129,170,-41
218000653,165,60,105
218000663,5,135,-130
218000675,34,74,-40
218000676,0,48,-48
218000677,2,15,-13
218000680,167,707,-540
218000681,244,97,147
218000691,111,554,-443
218000693,61,110,-49
218000703,13,104,-91
218000718,1164,614,550
218000719,1550,148,1402
218000720,14,49,-35
218000721,66,11,55
218000725,12,11,1
218001214,30,55,-25
218001258,33,14,19
218001329,111,106,5
218001330,136,128,8
218001351,16,16,0
218001352,13,35,-22
218001353,10,9,1
218001354,5,42,-37
218001356,120,4,116
218001358,95,6,89
218001361,77,91,-14
219000001,12,61,-49
219000002,37,63,-26
219000003,33,26,7
219000004,44,45,-1
219000017,107,39,68
219000020,60,34,26
219000022,75,7,68
219000023,60,1,59
219000029,0,127,-127
219000034,25,7,18
219000039,50,79,-29
219000040,45,14,31
219000041,82,28,54
219000051,0,76,-76
219000052,0,48,-48
219000053,1,329,-328
219000054,24,203,-179
219000055,71,0,71
219000056,16,0,16
219000057,23,0,23
219000062,5,355,-350
219000063,37,3,34
219000064,3,29,-26
219000110,250,32,218
219000111,95,28,67
219000112,166,43,123
219000113,73,38,35
219000114,263,44,219
219000116,67,17,50
219000117,152,60,92
219000118,83,67,16
219000123,232,96,136
219000124,53,44,9
219000125,5,12,-7
219000126,53,136,-83
219000127,2,4,-2
219000128,18,82,-64
219000129,21,107,-86
219000130,878,946,-68
219000131,717,808,-91
219000133,35,24,11
219000134,9,11,-2
219000135,27,43,-16
219000136,139,113,26
219000138,52,28,24
219000139,16,77,-61
219000140,19,0,19
219000141,26,142,-116
219000142,26,95,-69
219000143,26,111,-85
219000145,11,43,-32
219000146,5,84,-79
219000147,0,76,-76
219000148,5,82,-77
219000149,22,299,-277
219000150,4,188,-184
219000151,4,136,-132
219000157,89,99,-10
219000158,125,295,-170
219000161,119,5,114
219000163,1575,390,1185
219000166,58,181,-123
219000167,86,270,-184
219000168,323,71,252
219000174,251,83,168
219000175,54,2,52
219000176,51,3,48
219000177,10,13,-3
219000178,13,0,13
219000179,9,7,2
219000180,70,27,43
219000182,60,8,52
219000183,35,48,-13
219000184,32,8,24
219000185,0,118,-118
219000186,16,54,-38
219000187,12,166,-154
219000189,181,151,30
219000190,121,254,-133
219000191,1561,1036,525
219000192,112,117,-5
219000193,640,175,465
219000195,0,67,-67
219000196,2,144,-142
219000198,35,155,-120
219000199,115,209,-94
219000200,31,200,-169
219000201,85,289,-204
219000203,22,162,-140
219000204,89,251,-162
219000205,36,222,-186
219000207,162,308,-146
219000209,16,109,-93
219000210,61,138,-77
219000213,12,382,-370
219000239,177,235,-58
219000240,172,425,-253
219000241,105,331,-226
219000242,28,285,-257
219000243,72,433,-361
219000244,17,120,-103
219000245,89,55,34
219000246,19,11,8
219000247,71,17,54
219000248,311,213,98
219000249,113,63,50
219000250,108,117,-9
219000251,354,114,240
219000252,162,154,8
219000253,235,39,196
219000255,66,79,-13
219000256,95,57,38
219000257,52,0,52
219000262,69,333,-264
219000263,34,265,-231
219000267,3,216,-213
219000268,1,7,-6
219000269,3,0,3
219000270,9,0,9
219000271,46,3,43
219000278,0,19,-19
219000279,0,4,-4
219000283,0,15,-15
219000295,4,133,-129
219000296,55,683,-628
219000297,10,153,-143
219000298,8,268,-260
219000299,393,44,349
219000300,25,344,-319
219000301,192,328,-136
219000302,27,223,-196
219000307,18,32,-14
219000308,21,29,-8
219000311,96,34,62
219000312,379,32,347
219000313,158,27,131
219000314,117,595,-478
219000315,132,27,105
219000316,271,35,236
219000317,48,23,25
219000320,1,50,-49
219000321,0,41,-41
219000323,4,132,-128
219000325,0,47,-47
219000326,53,123,-70
219000327,61,28,33
219000328,32,57,-25
219000329,247,103,144
219000330,82,21,61
219000331,19,36,-17
219000332,76,107,-31
219000333,4,3,1
219000335,62,2,60
219000337,17,0,17
219000338,38,1,37
219000344,27,90,-63
219000345,63,142,-79
219000346,23,195,-172
219000348,91,212,-121
219000349,34,361,-327
219000350,54,78,-24
219000351,24,1,23
219000352,286,39,247
219000353,95,48,47
219000354,93,145,-52
219000355,77,33,44
219000356,1873,551,1322
219000363,332,16,316
219000364,52,21,31
219000365,71,5,66
219000366,198,134,64
219000368,322,299,23
219000370,1009,212,797
219000371,7,22,-15
219000382,3,17,-14
219000383,734,746,-12
219000385,706,506,200
219000386,1121,1577,-456
219000387,3,4,-1
219000390,6,0,6
219000391,3,0,3
219000397,115,94,21
219000398,56,29,27
219000401,11,112,-101
219000402,25,86,-61
219000403,60,168,-108
219000404,15,95,-80
219000407,2,29,-27
219000409,44,27,17
219000410,34,32,2
219000411,45,23,22
219000446,220,523,-303
219000447,0,13,-13
219000448,0,8,-8
219000452,108,47,61
219000453,73,122,-49
219000454,294,199,95
219000556,150,62,88
219000558,156,406,-250
219000590,24,254,-230
219000591,32,62,-30
219000592,117,474,-357
219000595,2,44,-42
219000635,43,15,28
219000636,17,103,-86
219000657,25,14,11
219000658,19,45,-26
219000673,0,12,-12
219000676,104,3,101
219000679,41,10,31
219000684,45,5,40
219000685,1,92,-91
219000686,2,0,2
219000688,0,69,-69
219000689,66,191,-125
219000690,183,25,158
219000691,71,115,-44
219000692,187,43,144
219000693,0,28,-28
219000694,7,0,7
219000695,14,1,13
219000698,34,0,34
219000699,0,4,-4
219000727,6,219,-213
219000728,63,1,62
219000770,17,1,16
219000771,0,47,-47
219000788,229,219,10
219001150,0,23,-23
219001151,0,2,-2
219001166,22,16,6
219001167,1,87,-86
219001178,15,2,13
220000001,28,55,-27
220000002,16,256,-240
220000003,491,365,126
220000004,719,820,-101
220000005,1736,1979,-243
220000006,184,1088,-904
220000007,328,808,-480
220000008,371,1316,-945
220000009,172,705,-533
220000010,208,203,5
220000011,842,2736,-1894
220000012,174,311,-137
220000014,95,67,28
220000015,48,234,-186
220000017,50,549,-499
220000018,6742,1470,5272
220000019,68,288,-220
220000020,251,267,-16
220000021,514,176,338
220000022,335,611,-276
220000023,153,183,-30
220000024,1791,295,1496
220000025,892,513,379
220000026,169,160,9
220000027,29,113,-84
220000028,19,41,-22
220000029,59,210,-151
220000030,194,99,95
220000031,177,316,-139
220000064,20,1297,-1277
221000046,4,0,4
221000047,0,1,-1
221000048,0,2,-2
221000049,0,18,-18
221000050,9,0,9
221000055,41,29,12
221000057,27,6,21
221000068,295,122,173
221000069,284,40,244
221000070,121,10,111
221000071,86,10,76
221000072,141,14,127
221000073,170,39,131
221000074,0,19,-19
221000075,11,10,1
221000076,11,41,-30
221000077,39,61,-22
221000081,27,5,22
221000082,21,11,10
221000083,38,5,33
221000084,1,9,-8
221000085,19,63,-44
221000086,14,155,-141
221000087,3,155,-152
221000088,8,216,-208
221000089,30,319,-289
221000090,98,505,-407
221000098,102,9,93
221000099,103,13,90
221000100,54,4,50
221000101,144,8,136
221000102,78,8,70
221000109,4,90,-86
221000110,13,102,-89
221000111,9,143,-134
221000112,7,138,-131
221000113,15,199,-184
221000114,14,160,-146
221000120,27,50,-23
221000121,2,27,-25
221000122,13,40,-27
221000123,6,27,-21
221000124,27,387,-360
221000155,42,8,34
221000156,12,40,-28
221000175,1,8,-7
221000176,2,5,-3
221000182,33,10,23
221000241,537,168,369
221000242,210,412,-202
221000243,380,138,242
221000244,165,419,-254
221000245,54,115,-61
221000246,18,259,-241
221000247,23,134,-111
221000248,61,169,-108
221000267,58,1036,-978
221000325,57,73,-16
221000331,0,157,-157
221000338,12,22,-10
221000378,71,45,26
221000381,64,108,-44
222000282,1,1,0
222000296,1,30,-29
222000568,288,17,271
222000569,115,30,85
222000570,144,16,128
222000571,171,22,149
222000577,4,375,-371
222000578,27,329,-302
222000579,33,220,-187
222000580,134,1249,-1115
222000599,1,172,-171
222000600,2,399,-397
222000601,10,1120,-1110
222000603,10,22,-12
222000604,20,50,-30
222000605,11,24,-13
222000606,1,4,-3
222000607,1,2,-1
222000608,11,16,-5
222000609,46,575,-529
222000616,91,65,26
222000617,8,20,-12
222000618,1,3,-2
222000620,65,13,52
222000621,52,14,38
222000623,479,4,475
222000624,212,5,207
222000625,288,38,250
222000636,56,2,54
222000686,12,25,-13
222000687,9,39,-30
222001066,270,1,269
222001067,13,18,-5
222001068,35,44,-9
222001069,20,53,-33
222001082,6,50,-44
222001083,11,100,-89
222001084,0,33,-33
222001085,1,142,-141
222001111,17,415,-398
222001112,47,63,-16
222001313,35,5,30
222001314,2,109,-107
222001464,110,45,65
222001465,26,170,-144
222001484,46,86,-40
222001485,25,102,-77
222001494,195,140,55
222001495,128,608,-480
222001496,143,63,80
222001497,69,961,-892
222001502,17,148,-131
222001503,55,50,5
222001504,29,329,-300
222001505,244,9,235
222001506,41,279,-238
222001507,186,32,154
222001510,177,25,152
222001511,34,578,-544
222001514,507,123,384
222001515,244,976,-732
222001518,71,44,27
222001519,31,574,-543
222001527,167,68,99
222001528,70,234,-164
222001529,105,41,64
222001530,51,347,-296
222001533,146,488,-342
222001534,123,52,71
222001535,81,113,-32
222001536,101,578,-477
222001537,206,21,185
222001538,75,800,-725
222001563,245,75,170
222001564,57,1110,-1053
222001568,253,111,142
222001576,1,3,-2
222001579,0,5,-5
222001583,13,358,-345
222001584,49,12,37
222001596,869,2156,-1287
222001597,1824,266,1558
222001626,1,203,-202
222001650,48,54,-6
222001651,87,199,-112
222001914,166,67,99
222001915,69,313,-244
222001968,458,196,262
222001969,468,1222,-754
222001970,145,392,-247
222001971,1,36,-35
222001972,0,38,-38
225000001,365,108,257
225000002,221,89,132
225000003,253,77,176
225000004,193,185,8
225000005,19,53,-34
225000006,0,131,-131
225000007,3735,1296,2439
225000010,90,4,86
225000011,545,771,-226
225000012,146,454,-308
225000013,55,142,-87
225000014,823,79,744
225000015,102,257,-155
225000021,514,129,385
225000027,244,605,-361
225000032,514,144,370
225000042,63,771,-708
225000049,39,51,-12
225000050,37,5,32
225000053,8,250,-242
225000058,526,124,402
225000067,150,266,-116
225000068,97,693,-596
225000069,193,595,-402
225000070,45,612,-567
225000071,25,388,-363
225000075,26,854,-828
225000076,62,139,-77
225000078,77,17,60
225000085,18,90,-72
225000086,171,37,134
225000087,119,12,107
225000088,16,183,-167
225000089,416,684,-268
225000090,25,372,-347
225000091,106,248,-142
225000092,53,75,-22
225000093,109,469,-360
225000094,20,659,-639
225000095,297,741,-444
225000096,210,518,-308
225000098,386,108,278
225000099,193,111,82
225000100,119,97,22
225000104,75,430,-355
225000110,7,452,-445
225000111,167,1318,-1151
225000112,260,1117,-857
225000113,159,706,-547
225000114,34,338,-304
225000115,2648,640,2008
225000116,921,94,827
225000117,758,311,447
225000118,717,288,429
225000119,134,54,80
225000120,404,35,369
225000121,186,15,171
225000123,819,9,810
225000125,270,332,-62
225000126,939,166,773
225000127,945,559,386
225000128,329,431,-102
225000132,188,25,163
225000133,205,29,176
225000134,488,112,376
225000135,22,8,14
225000136,117,11,106
225000137,96,61,35
225000138,228,37,191
225000143,70,160,-90
225000144,1,351,-350
225000145,32,36,-4
225000146,33,142,-109
225000147,16,447,-431
225000148,6,295,-289
225000149,91,573,-482
225000151,33,297,-264
225000155,243,439,-196
225000156,184,797,-613
225000157,179,427,-248
225000158,84,389,-305
225000171,2,202,-200
225000180,59,28,31
225000181,0,41,-41
225000182,81,5,76
225000185,9,276,-267
225000187,44,398,-354
225000191,51,1,50
225000194,0,8,-8
225000208,0,59,-59
225000209,44,14,30
225000210,5,254,-249
225000217,3,21,-18
225000218,12,0,12
225000223,0,49,-49
225000224,396,1,395
225000225,0,7,-7
225000226,24,0,24
225000227,27,50,-23
225000228,8,4,4
225000229,0,77,-77
225000230,22,0,22
225000231,0,88,-88
225000232,70,0,70
225000241,49,1,48
225000242,0,27,-27
225000249,1,0,1
225000250,39,996,-957
225000251,299,33,266
225000254,1,0,1
225000256,2,29,-27
225000257,0,3,-3
226000042,397,489,-92
226000043,116,254,-138
226000044,172,812,-640
226000045,81,544,-463
226000046,347,63,284
226000047,314,67,247
226000048,318,43,275
226000049,215,64,151
226000070,0,62,-62
226000071,1,93,-92
226000072,0,11,-11
226000073,0,18,-18
226000074,0,9,-9
226000084,0,67,-67
226000085,1,5,-4
226000086,0,13,-13
226000087,0,11,-11
226000088,79,15,64
226000090,124,19,105
226000091,17,5,12
226000092,5,5,0
226000093,31,1,30
226000094,14,2,12
226000095,7,3,4
226000105,9,0,9
226000106,3,1,2
226000107,9,0,9
226000108,40,3,37
226000109,40,1,39
226000124,105,71,34
226000134,227,444,-217
226000135,764,542,222
226000136,224,381,-157
226000137,12,490,-478
226000138,25,290,-265
226000139,5,14,-9
226000156,50,0,50
226000157,66,1,65
226000163,28,29,-1
226000202,6,540,-534
226000231,130,8,122
226000232,24,3,21
227000033,181,20,161
227000036,114,23,91
227000037,74,19,55
227000038,67,25,42
227000084,0,55,-55
227000085,1,41,-40
227000088,24,2,22
227000089,95,2,93
227000090,25,0,25
227000091,9,0,9
227000092,13,0,13
227000093,25,0,25
227000094,42,29,13
227000130,18,61,-43
227000131,15,296,-281
227000132,3,269,-266
227000133,14,329,-315
227000134,7,442,-435
227000152,0,0,0
227000153,0,27,-27
227000154,0,11,-11
227000155,2,24,-22
227000156,0,19,-19
227000165,0,18,-18
227000196,134,544,-410
227000199,91,822,-731
227000230,37,777,-740
227000232,159,17,142
227000242,53,530,-477
227000243,283,34,249
227000245,14,393,-379
227000246,59,473,-414
227000247,135,28,107
227000248,32,11,21
227000249,14,230,-216
227000250,194,62,132
227000251,130,224,-94
227000252,21,521,-500
227000253,28,15,13
227000262,170,12,158
227000266,464,11,453
227000267,45,3005,-2960
227000282,2,334,-332
227000284,176,22,154
227000286,0,163,-163
227000287,7,243,-236
227000291,10,889,-879
227000296,317,352,-35
227000484,233,26,207
227000485,18,1000,-982
227000655,37,21,16
227000656,574,24,550
227000657,30,27,3
227000661,179,19,160
229000265,51,42,9
229000296,4,9,-5
229000297,5,109,-104
229000298,5,213,-208
229000320,6,2,4
229000321,30,9,21
229000412,10,74,-64
229000414,11,69,-58
229000415,2,0,2
229000416,1,2,-1
229000417,1,8,-7
229000419,136,384,-248
229000440,199,55,144
229000442,15,6,9
229000443,1,3,-2
229000444,2,30,-28
229000445,15,6,9
229000446,35,16,19
229000491,2,55,-53
229000492,16,266,-250
229000493,2,250,-248
229000494,24,4,20
229000495,104,11,93
229000496,25,6,19
229000507,0,51,-51
229000508,2,32,-30
229000509,0,101,-101
229000510,0,39,-39
229000511,0,69,-69
229000512,1,79,-78
229000513,0,8,-8
229000514,0,4,-4
229000517,2,24,-22
229000518,1,49,-48
229000519,1,15,-14
229000520,16,69,-53
229000521,17,17,0
229000522,2,16,-14
229000523,5,11,-6
229000524,0,4,-4
229000527,1,0,1
229000528,1,0,1
229000529,5,0,5
229000530,76,3,73
229000531,27,4,23
229000532,13,5,8
229000533,60,1,59
229000534,53,2,51
229000564,33,0,33
229000565,5,0,5
229000566,0,34,-34
229000567,0,103,-103
229000582,89,1,88
229000583,1,3,-2
229000584,0,55,-55
229000585,0,72,-72
229000718,0,1,-1
229000719,0,4,-4
229000720,0,14,-14
229000721,0,19,-19
229000722,1,48,-47
229000723,0,18,-18
229000724,0,1,-1
229000725,0,18,-18
229000738,2,0,2
229000739,0,0,0
229000740,0,0,0
229000741,3,0,3
229000742,4,0,4
229000743,4,0,4
229000744,0,0,0
229000745,2,0,2
229000746,18,2,16
229000847,14,0,14
229000848,5,2,3
229000849,60,1,59
229000851,15,0,15
229000854,0,72,-72
229000856,4,150,-146
229000857,0,51,-51
229000858,3,104,-101
229000919,11,68,-57
229000930,0,189,-189
229000937,65,13,52
229000966,33,35,-2
229000981,11,50,-39
229000985,1,46,-45
229000986,0,4,-4
229000987,0,3,-3
229000988,0,14,-14
229000989,2,4,-2
229000990,0,1,-1
229000991,0,3,-3
229000992,4,10,-6
229000993,168,27,141
229000998,15,81,-66
229000999,65,18,47
229001034,0,14,-14
229001035,1,0,1
229001037,49,9,40
229001042,4,31,-27
229001047,4,93,-89
229001050,28,53,-25
229001168,1,7,-6
229001200,6,3,3
229001338,38,25,13
229001394,247,0,247
229001422,74,31,43
229001423,18,131,-113
229001431,22,36,-14
229001432,41,50,-9
229001444,118,65,53
229001445,53,265,-212
229001479,5,9,-4
229001503,96,76,20
229001504,52,175,-123
229001505,36,51,-15
229001506,34,143,-109
229001509,76,45,31
229001545,41,5,36
229001546,7,84,-77
229001553,14,13,1
229001554,17,103,-86
229001630,78,13,65
229001631,4,112,-108
229001635,0,6,-6
229001636,0,0,0
229001658,0,97,-97
229001659,47,0,47
229001660,0,1,-1
229001661,1,25,-24
229001662,18,0,18
229001663,0,5,-5
229002584,206,154,52
229002831,179,160,19
229002841,1,26,-25
229002842,4,13,-9
229002843,23,62,-39
229002844,40,122,-82
229002845,37,85,-48
229002846,9,105,-96
229002847,4,7,-3
229002848,1,12,-11
229002849,1,67,-66
229002850,4,2,2
229002851,63,99,-36
229002852,49,24,25
229002853,55,21,34
229002854,33,43,-10
229002855,0,37,-37
229002856,14,14,0
229002857,1,93,-92
229002858,3,4,-1
229002859,59,56,3
229002860,51,37,14
229002861,15,20,-5
229002862,8,51,-43
229002863,6,72,-66
229002864,28,36,-8
229002865,2,14,-12
229002866,37,22,15
229002867,1,32,-31
229002868,13,67,-54
229002869,10,158,-148
229002870,8,5,3
235000066,366,68,298
235000067,103,111,-8
235000072,21,63,-42
235000073,41,218,-177
235000074,17,115,-98
235000080,12,89,-77
235000081,66,200,-134
235000082,46,78,-32
235000083,71,121,-50
235000084,10,63,-53
235000085,66,56,10
235000089,21,20,1
235000092,5,131,-126
235000093,4,7,-3
235000097,1,3,-2
235000098,24,10,14
235000099,18,19,-1
235000116,32,9,23
235000117,773,5,768
235000133,19,180,-161
235000134,8,67,-59
235000206,5,0,5
235000207,5,6,-1
235000208,4,2,2
235000209,5,3,2
235000210,0,2,-2
235000212,2,24,-22
235000213,0,11,-11
235000220,1,4,-3
235000221,27,11,16
235000238,6,18,-12
235000239,0,2,-2
235000242,151,199,-48
235000245,907,220,687
235000246,4,68,-64
235000284,6,112,-106
235000295,106,7,99
235000305,60,6,54
235000306,40,5,35
235000307,13,3,10
235000308,5,1,4
235000309,25,0,25
235000310,18,1,17
235000311,41,14,27
235000322,1,38,-37
235000323,2,71,-69
235000324,0,16,-16
235000325,3,17,-14
235000326,12,454,-442
235000351,10,81,-71
235000352,18,157,-139
235000353,1,49,-48
235000354,4,108,-104
235000355,10,110,-100
235000356,31,12,19
235000357,24,6,18
235000358,8,3,5
235000359,7,4,3
235000360,49,16,33
235000361,38,9,29
235000381,42,295,-253
235000382,73,60,13
235000390,6,3,3
235000391,54,7,47
235000392,50,123,-73
235000393,43,56,-13
235000395,31,10,21
235000396,120,56,64
235000400,83,18,65
235000401,58,165,-107
235000405,51,316,-265
235000406,26,293,-267
235000407,55,108,-53
235000409,171,207,-36
235000410,21,225,-204
235000411,0,103,-103
235000485,0,12,-12
235000486,2,0,2
235000549,35,102,-67
235000550,45,190,-145
235000599,52,91,-39
235000600,4,7,-3
235000601,9,43,-34
235000602,43,166,-123
235000614,1,2,-1
235000648,1,16,-15
235000649,10,3,7
235000685,0,5,-5
235000815,1,22,-21
235000834,0,8,-8
235000855,20,47,-27
235000862,8,208,-200
235000891,0,4,-4
235000892,16,0,16
235000901,59,88,-29
235000907,2,16,-14
235001010,42,93,-51
235001029,598,470,128
235001030,296,121,175
235001078,58,47,11
235001079,46,126,-80
235001147,3,40,-37
235001166,5,81,-76
235001167,10,76,-66
235001169,48,368,-320
235001188,1,5,-4
235001189,2,1,1
235001197,8,29,-21
235001200,28,27,1
235001207,104,16,88
235001210,20,122,-102
235001215,17,145,-128
235001239,1,29,-28
235001244,3,3,0
235016267,0,56,-56
277101746,0,3,-3
277102712,43,52,-9
277103813,0,0,0
277103814,0,0,0
277103898,0,4,-4
277104249,0,4,-4
277104250,0,15,-15
277104251,0,10,-10
277104252,0,10,-10
990011530,0,304,-304
990014944,1,599,-598
990015176,6,5,1
990015618,1,95,-94
990016032,3,653,-650
990032570,14,190,-176
990070001,46,2,44
990070103,0,2,-2
990070601,1,73,-72
990070751,230,0,230
990070766,3,1053,-1050
990071180,371,254,117
990071343,18,2,16
990071387,0,11,-11
990071823,227,8,219
990072600,4,836,-832
990072964,1,726,-725
990073285,0,3,-3
990074393,7,1531,-1524
990074870,482,8,474
990075106,501,76,425
990075746,179,6,173
990076437,451,3,448
990076458,8,1671,-1663
997000007,148,3,145
997000041,0,114,-114
997000058,25,1,24
997000062,11,1,10
997000069,0,2,-2
997000070,0,71,-71
997000100,38,42,-4
997000141,17,3224,-3207
997000198,3,1399,-1396
998000475,0,8,-8
998000736,5,453,-448
998000965,0,5,-5
998001031,0,57,-57
998001700,0,20,-20
998001899,0,0,0
998001900,39,35,4
998003073,1211,2,1209
998101900,0,0,0
998102850,6,108,-102
998501927,412,307,105
998501929,123,6,117
998501930,91,1,90
998501931,86,29,57
998501932,6,0,6
998501933,35,3,32
998501937,7,3,4
998501944,2,0,2
998501970,51,30,21
998501971,0,80,-80
998501973,1,122,-121
998501974,1,302,-301
998501975,206,24,182
998501976,58,6,52
998501977,0,28,-28
998501978,44,1,43
998501979,0,8,-8
998501980,112,1,111
998501981,29,7,22
998501982,0,90,-90
998501983,0,0,0
998502006,0,0,0
998502024,0,4,-4
998502032,0,2,-2
998502062,32,13,19
998502063,0,0,0
998502173,13,1,12
998502269,0,3,-3
998601159,0,345,-345
998601292,0,14,-14
999033574,0,1330,-1330
999800001,20,0,20
999800002,0,3,-3
999800003,2,0,2
999800004,0,9,-9
999800005,0,11,-11
