ID,insum,outsum,diff
100000001,460,200,260
100000002,1524,3765,-2241
100000003,2615,3507,-892
100000004,170,960,-790
100000005,1896,2671,-775
100000006,306,318,-12
100000007,1074,1552,-478
100000008,52,231,-179
100000009,133,846,-713
100000010,15,120,-105
100000011,174,42,132
100000012,41,200,-159
100000013,1,46,-45
100000014,59,194,-135
100000015,583,1066,-483
100000016,179,880,-701
100000017,114,1201,-1087
100000018,391,254,137
100000019,1283,1379,-96
100000020,669,2834,-2165
100000021,2838,593,2245
100000022,303,1552,-1249
100000023,1744,755,989
100000025,263,1112,-849
100000028,407,1062,-655
100000029,5,526,-521
100000030,77,20,57
100000031,1112,4263,-3151
100000032,984,2707,-1723
100000033,644,2000,-1356
100000034,44,796,-752
100000035,187,593,-406
100000036,230,924,-694
100000037,554,324,230
100000038,1889,870,1019
100000039,253,190,63
100000040,234,182,52
100000041,1061,504,557
100000042,733,215,518
100000043,367,161,206
100000044,43,97,-54
100000045,89,365,-276
100000046,139,276,-137
100000047,99,323,-224
100000048,145,270,-125
100000049,732,1012,-280
100000051,272,273,-1
100000053,54,4,50
100000054,199,21,178
100000055,298,193,105
100000056,200,282,-82
100000057,1550,312,1238
100000058,476,271,205
100000059,19,111,-92
100000060,447,251,196
100000061,1809,403,1406
100000062,990,496,494
100000063,771,258,513
100000064,1010,363,647
100000065,257,373,-116
100000066,65,276,-211
100000067,179,209,-30
100000068,197,619,-422
100000069,148,672,-524
100000072,109,249,-140
100000073,577,446,131
100000075,477,100,377
100000076,532,3547,-3015
100000077,45,402,-357
100000078,12,32,-20
100000079,5,66,-61
100000080,4,66,-62
100000081,9,37,-28
100000102,1420,2990,-1570
100000103,839,1771,-932
100000104,1712,1480,232
100000105,578,812,-234
100000106,460,1970,-1510
100000107,58,736,-678
100000108,156,358,-202
100000109,316,740,-424
100000116,186,316,-130
100000117,14,115,-101
100000118,540,548,-8
100000119,487,483,4
100000121,97,434,-337
100000122,277,1109,-832
100000123,746,1198,-452
100000124,1063,1437,-374
100000125,2547,1676,871
100000126,202,253,-51
100000127,521,464,57
100000128,128,1943,-1815
100000129,92,523,-431
100000130,452,136,316
100000131,433,822,-389
100000132,374,948,-574
100000133,884,470,414
100000135,518,864,-346
100000139,135,445,-310
100000140,122,60,62
100000142,416,337,79
100000143,621,184,437
100000144,919,257,662
100000147,1023,3187,-2164
100000150,44,212,-168
100000151,53,938,-885
100000153,36,262,-226
100000154,5,578,-573
100000155,0,18,-18
100000156,38,198,-160
100000157,232,294,-62
100000158,105,112,-7
100000159,51,682,-631
100000165,636,228,408
100000169,37,818,-781
100000174,212,521,-309
100000179,17,394,-377
100000180,396,1063,-667
100000181,151,157,-6
100000188,13,75,-62
100000189,431,229,202
100000190,182,690,-508
100000191,442,280,162
100000192,4,62,-58
100000193,145,67,78
100000330,203,430,-227
100000355,107,326,-219
100000362,1318,574,744
100000363,5126,4970,156
100000364,96,127,-31
100000365,4285,5402,-1117
100000366,1239,762,477
100000367,3878,3953,-75
100000368,643,647,-4
100000369,198,1426,-1228
100000370,43,794,-751
100000376,26,382,-356
100000379,385,2291,-1906
100000380,1554,4953,-3399
100000384,2764,3916,-1152
100000385,590,2903,-2313
100000386,890,3290,-2400
100000387,1504,4239,-2735
100000388,1152,2417,-1265
100000389,2249,3522,-1273
100000390,1576,1344,232
100000391,1796,4364,-2568
100000392,288,1130,-842
100000393,295,2274,-1979
100000394,847,2659,-1812
100000395,396,2230,-1834
100000396,631,1244,-613
100000397,834,3707,-2873
100000398,5561,2346,3215
100900002,19,3,16
100900003,429,226,203
100900004,2,265,-263
100900005,134,5,129
100900006,31,30,1
100900007,63,2,61
100900008,1,67,-66
100900009,8,10,-2
100900010,40,25,15
100900011,148,118,30
100900012,0,27,-27
100900013,857,20,837
100900014,0,0,0
100900015,40,30,10
100900016,0,23,-23
100900017,639,43,596
100900018,0,9,-9
100900019,4,28,-24
100900020,201,0,201
100900021,354,1,353
100900022,2,6,-4
100900023,0,6,-6
100900024,237,0,237
100900025,7,1,6
100900026,163,14,149
100900027,118,1393,-1275
100900028,31,128,-97
100900029,48,1,47
100900030,0,33,-33
100900031,573,19,554
100900032,226,0,226
100900033,73,304,-231
100900034,649,0,649
100900035,114,1,113
100900036,7,0,7
100900037,116,43,73
100900038,7,7,0
100900039,242,47,195
100900040,625,244,381
100900041,1304,122,1182
100900042,152,1291,-1139
100900043,0,19,-19
100900044,441,334,107
100900045,3,0,3
100900046,676,3,673
100900047,593,90,503
100900048,48,7,41
100900049,11,43,-32
100900050,1,1,0
100900051,36,72,-36
100900052,109,0,109
100900053,766,11,755
100900054,5,5,0
100900055,119,773,-654
100900056,27,33,-6
100900057,806,97,709
100900058,161,64,97
100900059,109,1,108
100900060,226,2,224
100900061,45,49,-4
100900062,3,0,3
100900063,196,467,-271
100900064,275,9,266
100900065,31,138,-107
100900066,51,20,31
100900067,3,1,2
100900068,48,84,-36
100900069,5,1,4
100900070,473,3,470
100900071,90,34,56
100900072,4,1,3
100900073,78,95,-17
100900074,0,32,-32
100900075,758,43,715
100900076,4,3,1
100900077,49,9,40
100900078,38,77,-39
100900079,0,1,-1
100900080,84,131,-47
100900081,1,90,-89
100900082,233,73,160
100900083,6,0,6
100900085,1,189,-188
100900086,17,266,-249
100900088,121,81,40
100900089,0,44,-44
100900090,22,233,-211
100900091,0,2,-2
100900092,42,140,-98
100900093,265,271,-6
100900094,100,49,51
100900095,0,6,-6
100900096,2,37,-35
100900097,2,0,2
100900098,28,7,21
100900099,0,50,-50
100900100,0,43,-43
100900101,125,3,122
100900102,1,37,-36
100900103,2,2,0
100900104,0,49,-49
100900105,2,130,-128
100900106,11,0,11
100900107,739,343,396
100900108,1,12,-11
100900109,17,1,16
100900110,8,10,-2
100900111,3,26,-23
100900112,2,2,0
100900113,5,29,-24
100900114,3,14,-11
100900115,5,2,3
100900116,323,192,131
100900117,118,877,-759
100900118,6,14,-8
100900119,3,24,-21
100900120,11,3,8
100900121,181,147,34
100900122,3,21,-18
100900123,97,6,91
100900124,0,2,-2
100900125,2,8,-6
100900126,230,34,196
100900127,1,8,-7
100900128,20,104,-84
100900129,0,137,-137
100900131,5,48,-43
100900133,19,2,17
100900134,1,1,0
100900135,0,139,-139
100900137,62,46,16
100900138,96,115,-19
100900139,2,0,2
100900140,0,27,-27
100900141,1,171,-170
100900142,0,8,-8
100900143,162,155,7
100900144,2,3,-1
100900145,11,108,-97
100900146,8,54,-46
100900147,2,596,-594
100900148,12,68,-56
100900149,1,261,-260
100900150,1,39,-38
100900151,14,149,-135
100900152,63,3,60
100900153,2,164,-162
100900154,14,35,-21
100900155,21,9,12
100900156,5,1,4
100900157,20,126,-106
100900159,0,4,-4
100900160,19,0,19
100900161,33,0,33
100900162,1,119,-118
100900163,12,9,3
100900164,94,0,94
100900165,73,31,42
100900166,8,0,8
100900167,11,11,0
100900168,4,50,-46
100900169,18,334,-316
100900170,1,2,-1
100900171,0,251,-251
100900172,0,115,-115
100900173,1,30,-29
100900174,20,15,5
100900176,416,32,384
100900177,104,15,89
100900178,119,217,-98
100900179,61,42,19
100900180,2,1,1
100900181,15,9,6
100900182,5,2,3
100900184,18,50,-32
100900186,213,117,96
100900187,6,59,-53
100900188,50,2,48
100900189,1023,175,848
100900191,132,663,-531
100900192,53,210,-157
100900195,61,58,3
100900197,19,93,-74
100900198,5,6,-1
100900199,0,19,-19
100900200,479,75,404
100900201,3,442,-439
100900202,22,0,22
100900203,0,38,-38
100900204,34,141,-107
100900205,33,472,-439
100900206,141,137,4
100900207,181,93,88
100900210,8,53,-45
100900211,95,20,75
100900213,75,6,69
100900214,163,59,104
100900215,5,2,3
100900217,46,31,15
101000001,879,1701,-822
101000002,2949,3537,-588
101000003,92,909,-817
101000004,3156,6449,-3293
101000005,2797,5131,-2334
101000006,2544,8371,-5827
101000007,1168,3899,-2731
101000008,1240,1969,-729
101000009,1294,375,919
101000010,606,486,120
101000011,220,177,43
101000012,190,290,-100
101000013,336,841,-505
101000014,224,333,-109
101000015,2410,790,1620
101000016,157,479,-322
101000017,121,174,-53
101000018,812,1927,-1115
101000020,544,639,-95
101000021,204,199,5
101000022,84,428,-344
101000023,440,574,-134
101000025,202,417,-215
101000026,219,16,203
101000027,1098,2605,-1507
101000028,492,359,133
101000029,8,727,-719
101000030,392,169,223
101000031,34,524,-490
101000032,1278,2746,-1468
101000033,466,2402,-1936
101000034,310,1668,-1358
101000035,194,241,-47
101000036,146,1044,-898
101000037,266,1605,-1339
101000039,721,1509,-788
101000040,1246,2709,-1463
101000041,1142,3680,-2538
101000042,28,578,-550
101000043,1655,3178,-1523
101000045,114,569,-455
101000046,596,2205,-1609
101000047,781,3709,-2928
101000048,172,256,-84
101000049,249,639,-390
101000050,284,831,-547
101000051,406,1687,-1281
101000052,556,1349,-793
101000053,139,481,-342
101000054,347,202,145
101000055,618,844,-226
101000056,7,117,-110
101000057,297,1229,-932
101000058,235,1095,-860
101000059,846,2112,-1266
101000060,732,551,181
101000061,151,1592,-1441
101000062,85,353,-268
101000063,61,899,-838
101000064,118,633,-515
101000065,53,485,-432
101000066,166,817,-651
101000067,169,359,-190
101000068,103,330,-227
101000069,97,41,56
101000070,326,316,10
101000071,2083,847,1236
101000072,337,1299,-962
101000073,363,1062,-699
101000074,1373,1947,-574
101000075,1912,1347,565
101000077,1420,1318,102
101000078,744,640,104
101000079,859,690,169
101000080,762,366,396
101000081,844,1011,-167
101000082,1270,862,408
101000083,1982,1153,829
101000084,572,339,233
101000085,1308,890,418
101000086,489,439,50
101000087,500,523,-23
101000088,1009,706,303
101000089,521,857,-336
101000090,775,365,410
101000091,312,255,57
101000092,1294,452,842
101000093,825,276,549
101000094,309,282,27
101000095,562,333,229
101000096,506,241,265
101000097,186,202,-16
101000098,221,279,-58
101000099,351,551,-200
101000100,695,949,-254
101000101,105,382,-277
101000102,259,512,-253
101000103,215,279,-64
101000104,129,501,-372
101000105,452,456,-4
101000106,66,1318,-1252
101000107,163,180,-17
101000108,188,49,139
101000109,315,45,270
101000110,8,89,-81
101000111,7,85,-78
101000113,57,488,-431
101000114,1134,3598,-2464
101000115,0,0,0
101000116,0,0,0
101000117,0,0,0
101000119,17,60,-43
101000120,25,35,-10
101000121,17,32,-15
101000122,33,121,-88
101000123,28,100,-72
101000124,922,402,520
101000125,53,79,-26
101000128,79,1078,-999
101000130,122,151,-29
101000131,994,262,732
101000132,427,277,150
101000135,10,16,-6
101000136,33,119,-86
101000137,16,302,-286
101000141,296,2767,-2471
101000147,621,187,434
101000148,411,10,401
101000149,0,0,0
101000150,54,153,-99
101000151,371,27,344
101000152,226,200,26
101000153,207,74,133
101000154,479,263,216
101000155,478,69,409
101000156,19,140,-121
101000157,32,76,-44
101000160,0,0,0
101000163,45,531,-486
101000164,167,46,121
101000165,182,178,4
101000166,72,196,-124
101000168,594,93,501
101000252,1914,527,1387
101000254,40,9,31
101000258,129,1,128
101000261,190,37,153
101000262,774,3612,-2838
101000263,124,1053,-929
101000265,51,459,-408
101000266,150,204,-54
101000269,8,14,-6
101000290,88,1866,-1778
101000293,0,0,0
101000294,171,186,-15
101000295,108,147,-39
101000301,139,588,-449
101000304,1105,2100,-995
101000305,1287,855,432
101900001,12,57,-45
101900002,0,8,-8
101900003,35,30,5
101900004,0,57,-57
101900005,721,2230,-1509
101900006,572,32,540
101900007,88,155,-67
101900008,19,128,-109
101900009,3,235,-232
101900010,341,387,-46
101900011,39,616,-577
101900012,92,51,41
101900013,181,48,133
101900017,13,79,-66
101900018,414,115,299
101900019,22,19,3
101900020,32,4,28
101900021,0,5,-5
101900022,59,280,-221
101900023,48,40,8
101900026,29,26,3
101900027,8,77,-69
102000001,1861,5078,-3217
102000002,1595,681,914
102000003,1096,5593,-4497
102000004,1488,2020,-532
102000005,536,2712,-2176
102000006,311,929,-618
102000007,832,3601,-2769
102000008,2979,1011,1968
102000009,4585,5458,-873
102000010,2067,1319,748
102000011,3041,3483,-442
102000012,2134,1800,334
102000018,1198,1865,-667
102000019,1101,960,141
102000026,178,294,-116
102000029,173,108,65
102000030,56,279,-223
102000031,61,84,-23
102000032,453,224,229
102000033,193,206,-13
102000034,191,154,37
102000035,370,213,157
102000036,19,195,-176
102000037,75,17,58
102000038,51,80,-29
102000039,17,79,-62
102000040,62,112,-50
102000041,9,242,-233
102000042,51,146,-95
102000043,6,166,-160
102000044,197,557,-360
102000045,168,338,-170
102000046,907,207,700
102000047,303,241,62
102000048,426,336,90
102000049,672,423,249
102000050,415,646,-231
102000051,113,285,-172
102000052,638,439,199
102000053,575,698,-123
102000054,585,295,290
102000055,574,127,447
102000056,913,158,755
102000057,845,332,513
102000058,373,336,37
102000059,360,1161,-801
102000060,641,961,-320
102000061,1138,948,190
102000062,1476,613,863
102000063,791,846,-55
102000064,510,649,-139
102000065,31,116,-85
102000066,308,252,56
102000067,2599,3810,-1211
102000068,3714,3118,596
102000069,39,1206,-1167
102000070,1080,20,1060
102000071,3581,10942,-7361
102000072,1412,2295,-883
102000073,184,252,-68
102000074,374,283,91
102000075,74,65,9
102000076,230,119,111
102000077,412,225,187
102000078,977,222,755
102000079,121,28,93
102000080,265,77,188
102000081,214,470,-256
102000082,373,455,-82
102000083,373,105,268
102000084,747,53,694
102000085,734,320,414
102000086,1267,370,897
102000087,248,609,-361
102000088,270,145,125
102000089,1072,163,909
102000090,193,702,-509
102000091,899,458,441
102000092,186,389,-203
102000093,393,704,-311
102000094,398,151,247
102000095,315,473,-158
102000096,769,169,600
102000097,592,266,326
102000098,273,225,48
102000099,640,307,333
102000100,101,360,-259
102000101,149,273,-124
102000102,79,521,-442
102000103,1490,425,1065
102000104,314,171,143
102000105,158,206,-48
102000106,421,145,276
102000107,1216,93,1123
102000108,398,203,195
102000109,286,199,87
102000110,1099,276,823
102000111,3,206,-203
102000112,88,119,-31
102000113,2,11,-9
102000114,355,244,111
102000115,141,209,-68
102000116,203,694,-491
102000117,34,358,-324
102000118,505,1740,-1235
102000119,405,782,-377
102000120,206,411,-205
102000121,632,239,393
102000122,377,705,-328
102000123,482,454,28
102000124,852,671,181
102000125,310,342,-32
102000126,317,257,60
102000127,685,240,445
102000128,502,430,72
102000129,676,216,460
102000130,428,658,-230
102000131,823,720,103
102000132,410,1242,-832
102000133,2704,717,1987
102000134,800,453,347
102000135,232,522,-290
102000136,372,267,105
102000137,219,184,35
102000138,95,74,21
102000139,29,129,-100
102000140,62,126,-64
102000141,61,215,-154
102000142,182,109,73
102000143,131,117,14
102000144,187,70,117
102000145,221,86,135
102000146,344,135,209
102000147,169,221,-52
102000148,53,191,-138
102000149,193,60,133
102000150,558,36,522
102000151,21,31,-10
102000152,181,77,104
102000153,406,243,163
102000154,85,176,-91
102000155,14,248,-234
102000156,99,72,27
102000157,8,126,-118
102000158,113,459,-346
102000159,434,669,-235
102000161,1005,1120,-115
102000162,47,107,-60
102000163,7,224,-217
102000164,180,510,-330
102000165,78,81,-3
102000166,2,103,-101
102000167,51,79,-28
102000168,74,105,-31
102000169,71,423,-352
102000170,181,34,147
102000171,1,52,-51
102000172,6,171,-165
102000173,321,254,67
102000174,105,40,65
102000175,72,23,49
102000176,14,22,-8
102000178,117,191,-74
102000179,210,172,38
102000180,594,175,419
102000181,980,159,821
102000182,551,257,294
102000183,1398,446,952
102000184,909,384,525
102000185,1907,315,1592
102000186,763,414,349
102000187,537,335,202
102000188,857,621,236
102000189,1122,171,951
102000190,399,1385,-986
102000191,537,200,337
102000192,656,950,-294
102000193,58,70,-12
102000194,66,113,-47
102000195,461,204,257
102000196,245,193,52
102000197,840,117,723
102000198,165,176,-11
102000199,1160,81,1079
102000200,129,312,-183
102000201,1232,225,1007
102000202,1,18,-17
102000203,231,93,138
102000204,591,173,418
102000205,964,144,820
102000206,284,110,174
102000207,429,286,143
102000208,205,204,1
102000209,40,26,14
102000210,357,63,294
102000211,437,43,394
102000212,441,6,435
102000213,13,62,-49
102000214,367,0,367
102000215,9,92,-83
102000216,146,68,78
102000217,3,71,-68
102000218,157,107,50
102000219,51,23,28
102000225,193,646,-453
102000226,65,0,65
102000227,54,1,53
102000228,0,11,-11
102000229,90,68,22
102000230,197,166,31
102000231,211,281,-70
102000232,19,198,-179
102000233,313,142,171
102000234,77,934,-857
102000236,64,16,48
102000237,264,75,189
102000238,54,112,-58
102000240,41,213,-172
102000241,106,11,95
102000243,4,31,-27
102000245,3,33,-30
102000246,24,76,-52
102000247,64,256,-192
102000248,148,593,-445
102000249,92,18,74
102000250,59,111,-52
102000254,345,35,310
102000266,2,107,-105
102000271,26,0,26
102000286,177,310,-133
102000297,994,225,769
102000299,0,0,0
102000301,0,0,0
102000303,0,0,0
102000305,0,0,0
102000307,0,6,-6
102000308,0,0,0
102900001,678,232,446
102900002,188,17,171
102900003,59,42,17
102900005,347,129,218
102900006,308,38,270
102900007,404,5,399
102900008,143,15,128
102900009,106,115,-9
102900010,242,525,-283
102900011,377,143,234
102900012,205,34,171
102900013,15,12,3
102900015,607,201,406
102900016,56,12,44
102900017,217,42,175
102900018,29,14,15
102900019,103,169,-66
102900020,71,6,65
102900021,46,8,38
102900022,18,8,10
102900023,3,3,0
102900024,6,29,-23
102900025,17,8,9
102900026,86,1394,-1308
102900027,40,17,23
102900028,62,645,-583
102900029,24,80,-56
102900030,190,246,-56
102900031,251,33,218
102900032,45,12,33
102900033,22,24,-2
102900034,463,16,447
102900035,96,91,5
102900036,195,89,106
102900037,65,75,-10
102900038,151,62,89
102900039,153,268,-115
102900040,62,106,-44
102900041,29,37,-8
102900042,113,50,63
102900043,142,33,109
102900044,178,436,-258
102900045,98,130,-32
102900046,206,61,145
102900047,34,93,-59
102900048,206,80,126
102900049,57,71,-14
102900050,46,84,-38
102900051,78,33,45
102900052,17,33,-16
102900053,142,68,74
102900054,77,402,-325
102900055,23,186,-163
102900056,32,67,-35
102900057,7,34,-27
102900058,202,67,135
102900059,5,6,-1
102900060,27,75,-48
102900061,109,121,-12
102900062,182,149,33
102900063,1292,93,1199
102900064,22,168,-146
102900065,378,101,277
102900066,129,4,125
102900068,11,51,-40
102900070,85,106,-21
102900072,0,10,-10
102900073,11,0,11
102900075,0,10,-10
102900076,2,23,-21
102900077,2,2,0
102900078,17,6,11
102900079,123,7,116
102900080,303,0,303
102900081,2,56,-54
102900082,3,6,-3
102900083,27,10,17
102900084,3,0,3
102900085,21,9,12
102900086,0,7,-7
102900087,153,46,107
102900088,17,28,-11
102900089,82,34,48
102900090,0,12,-12
102900091,195,0,195
102900092,234,55,179
102900093,115,104,11
102900094,2,25,-23
102900095,41,0,41
102900096,19,1,18
102900097,3,14,-11
103000001,1788,1110,678
103000002,2103,1787,316
103000003,2126,1581,545
103000004,438,306,132
103000005,1005,1818,-813
103000006,850,900,-50
103000007,307,222,85
103000008,692,432,260
103000009,1048,860,188
103000010,65,21,44
103000011,632,387,245
103000012,845,908,-63
103000013,1310,989,321
103000014,886,1900,-1014
103000015,752,375,377
103000016,414,843,-429
103000017,136,537,-401
103000018,296,138,158
103000019,178,400,-222
103000020,953,791,162
103000021,1715,2454,-739
103000022,363,730,-367
103000023,779,1766,-987
103000024,45,103,-58
103000025,49,784,-735
103000026,100,95,5
103000027,30,432,-402
103000028,194,199,-5
103000029,81,116,-35
103000030,941,837,104
103000031,574,1635,-1061
103000032,1314,570,744
103000033,2759,2549,210
103000034,712,452,260
103000035,82,771,-689
103000036,149,180,-31
103000037,395,289,106
103000038,272,541,-269
103000039,321,135,186
103000040,702,311,391
103000041,1100,817,283
103000042,883,122,761
103000043,595,295,300
103000044,242,89,153
103000046,191,298,-107
103000047,434,131,303
103000048,260,59,201
103000049,103,70,33
103000050,439,103,336
103000051,535,196,339
103000052,448,93,355
103000053,167,147,20
103000054,961,246,715
103000055,1280,656,624
103000056,374,606,-232
103000057,1046,78,968
103000058,495,135,360
103000059,509,234,275
103000060,497,123,374
103000061,540,368,172
103000062,392,71,321
103000063,757,332,425
103000064,38,50,-12
103000065,1,106,-105
103000066,76,2,74
103000069,194,163,31
103000070,377,159,218
103000071,963,379,584
103000072,109,216,-107
103000073,696,23,673
103000074,678,44,634
103000075,56,176,-120
103000076,190,560,-370
103000077,4,176,-172
103000078,387,567,-180
103000079,231,572,-341
103000080,230,234,-4
103000081,171,1212,-1041
103000082,358,62,296
103000083,42,230,-188
103000084,54,2,52
103000085,1,57,-56
103000086,417,271,146
103000087,91,568,-477
103000088,171,239,-68
103000089,167,567,-400
103000090,2984,1184,1800
103000091,639,453,186
103000092,233,114,119
103000093,189,245,-56
103000094,195,61,134
103000095,52,200,-148
103000096,372,6,366
103000097,16,292,-276
103000098,291,7,284
103000099,66,250,-184
103000100,152,179,-27
103000101,957,34,923
103000102,141,87,54
103000103,599,48,551
103000104,92,58,34
103000105,139,40,99
103000106,4,84,-80
103000107,176,20,156
103000108,969,929,40
103000109,227,489,-262
103000110,311,670,-359
103000111,234,455,-221
103000112,137,253,-116
103000113,95,716,-621
103000114,755,335,420
103000115,639,640,-1
103000116,741,275,466
103000117,501,316,185
103000118,221,270,-49
103000119,482,146,336
103000120,76,156,-80
103000121,24,155,-131
103000122,432,873,-441
103000125,12,63,-51
103000126,361,1,360
103000127,1,105,-104
103000128,82,0,82
103000129,0,100,-100
103000130,33,5,28
103000131,79,73,6
103000132,25,66,-41
103000133,17,152,-135
103000134,198,462,-264
103000135,342,159,183
103000136,203,119,84
103000137,146,339,-193
103000138,263,470,-207
103000139,1,19,-18
103000140,17,4,13
103000141,7,28,-21
103000142,35,24,11
103000143,18,82,-64
103000144,162,15,147
103000145,13,169,-156
103000150,41,20,21
103000152,82,151,-69
103000153,142,232,-90
103000156,0,93,-93
103000157,353,1,352
103000159,142,42,100
103000162,23,7,16
103000163,4,37,-33
103000164,6,4,2
103000165,31,125,-94
103000166,193,394,-201
103000167,136,123,13
103000168,130,50,80
103000169,251,491,-240
103000170,1360,233,1127
103000171,27,45,-18
103000172,586,73,513
103000173,596,97,499
103000174,363,165,198
103000175,190,111,79
103000176,558,539,19
103000177,98,257,-159
103000178,89,177,-88
103000179,32,6,26
103000183,243,2,241
103000185,139,44,95
103000186,235,63,172
103000187,748,67,681
103000188,14,95,-81
103000189,442,683,-241
103000191,241,210,31
103000292,312,1015,-703
103000293,374,2073,-1699
103000295,42,24,18
103000296,86,1,85
103000297,6,35,-29
103000504,72,3,69
103000505,5,7,-2
103000506,1,33,-32
103000507,132,1,131
103000508,30,46,-16
103000509,140,237,-97
103900001,3,19,-16
103900002,175,43,132
103900003,328,118,210
103900004,65,4,61
103900005,5,12,-7
103900006,9,3,6
103900007,165,5,160
103900008,5,0,5
103900009,281,60,221
103900010,185,23,162
103900011,362,23,339
103900012,3,51,-48
103900013,18,3,15
103900014,43,3,40
103900015,47,0,47
103900016,31,37,-6
103900017,42,23,19
103900018,92,40,52
103900019,6,326,-320
103900020,166,318,-152
103900021,74,11,63
103900022,397,153,244
103900023,201,0,201
103900024,11,79,-68
103900025,1,8,-7
103900026,0,0,0
103900027,223,55,168
103900028,23,203,-180
103900029,957,65,892
103900030,150,57,93
103900031,49,1,48
103900032,86,103,-17
103900033,34,10,24
103900034,17,18,-1
103900035,48,31,17
103900036,18,18,0
103900037,31,12,19
103900038,20,166,-146
103900039,98,79,19
103900040,4,114,-110
103900041,59,8,51
103900042,102,46,56
103900043,278,8,270
103900044,31,222,-191
103900045,185,128,57
103900047,100,9,91
103900048,8,6,2
103900049,38,459,-421
103900050,6,85,-79
103900051,0,44,-44
103900052,90,121,-31
103900053,397,84,313
103900054,132,49,83
103900055,199,73,126
103900056,5,3,2
103900057,126,35,91
103900058,331,95,236
103900059,0,62,-62
103900060,57,31,26
103900061,204,2,202
103900062,331,141,190
103900063,1,0,1
103900064,158,1,157
103900065,152,77,75
103900066,234,45,189
103900067,206,3,203
103900068,1,0,1
103900069,32,16,16
103900070,123,59,64
103900071,4,13,-9
103900072,6,69,-63
103900073,15,22,-7
103900074,81,13,68
103900075,219,17,202
103900076,467,189,278
103900077,7,108,-101
103900078,205,20,185
103900079,39,23,16
103900080,1,4,-3
103900081,2,6,-4
103900082,29,36,-7
103900083,1238,1091,147
103900084,30,32,-2
103900085,18,36,-18
103900086,826,160,666
103900087,12,27,-15
103900088,96,262,-166
103900089,14,52,-38
103900090,0,10,-10
103900091,385,20,365
103900092,446,226,220
103900093,22,107,-85
103900094,5,43,-38
103900095,36,164,-128
103900096,61,17,44
103900097,4,59,-55
103900098,120,42,78
103900099,177,28,149
103900100,294,38,256
103900101,299,234,65
103900102,0,11,-11
103900104,1,4,-3
103900105,41,7,34
103900106,0,245,-245
103900107,153,48,105
103900108,16,42,-26
103900109,119,18,101
103900110,130,16,114
103900111,210,119,91
103900112,24,16,8
103900113,22,98,-76
103900114,257,138,119
103900115,116,111,5
103900116,404,878,-474
103900117,25,2,23
103900119,43,187,-144
103900120,50,36,14
103900122,127,74,53
103900123,119,303,-184
103900124,20,71,-51
103900125,86,13,73
103900126,419,23,396
103900127,79,31,48
103900128,92,28,64
103900131,10,30,-20
103900133,478,3,475
103900134,0,14,-14
103900135,0,0,0
103900137,0,13,-13
103900138,172,33,139
103900139,83,1986,-1903
103900140,3,307,-304
103900141,89,54,35
103900142,429,31,398
103900143,169,0,169
103900144,2,3,-1
103900145,67,43,24
103900146,285,25,260
103900147,316,28,288
103900148,192,12,180
103900149,191,73,118
103900150,1416,2821,-1405
103900151,2,18,-16
103900152,610,107,503
103900153,8,13,-5
103900154,102,1184,-1082
103900155,9,23,-14
103900156,6,14,-8
103900157,73,14,59
103900158,163,6,157
103900159,173,2,171
103900160,13,9,4
103900161,12,62,-50
103900162,35,13,22
103900163,4,142,-138
103900167,7,45,-38
103900168,38,6,32
103900169,5,43,-38
103900170,0,7,-7
103900171,0,1,-1
103900172,1,1,0
103900173,13,5,8
103900174,192,1,191
103900175,6,121,-115
103900176,1,9,-8
103900177,1,2,-1
103900178,19,5,14
103900179,44,0,44
103900180,5,7,-2
103900181,14,4,10
103900182,3,2,1
103900184,33,18,15
103900185,6,273,-267
103900187,23,77,-54
103900188,82,58,24
103900189,77,4,73
103900190,65,8,57
103900191,7,23,-16
103900192,21,27,-6
103900193,15,6,9
103900194,13,20,-7
103900195,0,53,-53
103900196,5,3,2
103900197,5,11,-6
103900198,0,11,-11
103900199,139,13,126
103900200,206,20,186
103900201,12,29,-17
103900202,0,13,-13
103900203,38,31,7
103900204,0,5,-5
103900207,0,7,-7
103900208,70,0,70
103900209,6,18,-12
103900210,48,36,12
103900211,539,46,493
103900212,61,11,50
103900213,4,101,-97
103900214,104,173,-69
103900215,65,110,-45
103900216,3,45,-42
103900217,71,16,55
103900218,0,114,-114
103900219,147,9,138
103900233,27,4,23
103900235,15,13,2
103900236,11,11,0
103900242,0,1,-1
103900243,0,3,-3
103900244,94,41,53
103900245,51,42,9
103900246,18,25,-7
103900247,1,17,-16
103900248,1,9,-8
103900249,0,56,-56
103900250,1,4,-3
103900251,0,4,-4
103900253,3,9,-6
103900254,0,11,-11
103900255,0,2,-2
103900256,6,29,-23
103900257,40,59,-19
103900258,0,3,-3
103900259,2,0,2
103900261,10,1,9
103900262,10,0,10
103900263,14,4,10
103900264,11,2,9
103900265,0,0,0
103900266,0,39,-39
103900267,1,28,-27
103900268,1,18,-17
103900269,79,5,74
103900270,26,11,15
103900271,26,15,11
103900272,6,3,3
103900273,10,1,9
103900274,55,0,55
103900275,33,9,24
103900276,1,10,-9
103900277,2,1,1
104000001,1783,1000,783
104000002,1613,1535,78
104000003,1510,1084,426
104000004,2023,1434,589
104000005,1407,1186,221
104000006,1629,1263,366
104000007,3684,2503,1181
104000008,198,166,32
104000009,319,148,171
104000010,154,315,-161
104000011,144,110,34
104000012,113,145,-32
104000013,180,429,-249
104000014,141,189,-48
104000015,367,86,281
104000016,127,105,22
104000018,693,78,615
104000019,721,178,543
104000020,53,190,-137
104000021,211,142,69
104000022,142,173,-31
104000023,1092,216,876
104000024,111,124,-13
104000026,27,40,-13
104000027,243,101,142
104000028,591,206,385
104000029,201,207,-6
104000030,409,316,93
104000031,966,130,836
104000032,106,134,-28
104000033,766,167,599
104000034,252,97,155
104000035,960,124,836
104000036,709,192,517
104000037,143,81,62
104000038,375,263,112
104000039,163,85,78
104000040,49,348,-299
104000041,526,240,286
104000042,223,160,63
104000043,96,114,-18
104000044,172,317,-145
104000045,359,252,107
104000046,448,408,40
104000047,309,447,-138
104000048,405,505,-100
104000049,417,200,217
104000050,56,329,-273
104000051,86,300,-214
104000052,1429,960,469
104000053,723,205,518
104000054,353,74,279
104000055,1524,804,720
104000056,353,65,288
104000057,155,98,57
104000058,623,597,26
104000059,417,600,-183
104000060,946,761,185
104000061,673,399,274
104000062,213,31,182
104000064,349,92,257
104000065,46,281,-235
104000069,357,1081,-724
104000070,14,325,-311
104000071,72,51,21
104000072,401,83,318
104000075,15,88,-73
104000076,249,22,227
104000082,1429,1897,-468
104000083,410,59,351
104000084,36,132,-96
104000085,295,115,180
104000086,193,162,31
104000087,188,421,-233
104000090,573,272,301
104000092,1064,456,608
104000094,358,352,6
104000095,1703,821,882
104000096,1730,8,1722
104000097,1701,213,1488
104000098,2968,192,2776
104000100,2259,294,1965
104000101,831,782,49
104000106,55,333,-278
104000107,373,139,234
104000108,93,119,-26
104000109,128,54,74
104000110,364,759,-395
104000111,982,1958,-976
104000112,235,202,33
104000116,0,397,-397
104000117,293,164,129
104000118,721,65,656
104000119,586,109,477
104000120,305,200,105
104000121,106,209,-103
104000122,426,332,94
104000123,550,400,150
104000124,174,574,-400
104000125,840,1949,-1109
104000126,284,351,-67
104000127,1057,994,63
104000128,462,97,365
104000129,155,14,141
104000130,1,335,-334
104000131,244,237,7
104000132,299,159,140
104000133,881,595,286
104000134,623,1413,-790
104000135,268,948,-680
104000136,443,1348,-905
104000137,1375,252,1123
104000138,672,345,327
104000139,1431,1395,36
104000141,378,390,-12
104000142,419,216,203
104000143,505,141,364
104000144,47,127,-80
104000145,181,118,63
104000146,85,211,-126
104000147,140,186,-46
104000148,256,94,162
104000149,97,62,35
104000150,759,274,485
104000151,251,178,73
104000152,297,169,128
104000153,594,368,226
104000154,428,223,205
104000155,377,588,-211
104000157,1000,625,375
104000158,79,290,-211
104000159,430,227,203
104000160,1251,1755,-504
104000161,84,76,8
104000162,90,38,52
104000165,459,363,96
104000167,375,1146,-771
104000168,658,5,653
104000169,200,30,170
104000170,95,209,-114
104000248,247,266,-19
104000251,25,49,-24
104000272,0,0,0
104000273,0,0,0
104000274,0,0,0
104000275,0,0,0
104000279,387,465,-78
104000290,17,386,-369
104000291,435,658,-223
104000293,636,528,108
104000294,73,1,72
104000295,763,995,-232
104000296,410,361,49
104000297,810,1756,-946
104000298,1203,493,710
104000299,723,663,60
104900001,13,19,-6
104900002,43,163,-120
104900003,9,78,-69
104900004,20,30,-10
104900005,165,107,58
104900006,314,14,300
104900007,229,84,145
104900009,84,59,25
104900010,61,5,56
104900011,0,5,-5
104900012,83,1,82
104900013,26,4,22
104900014,647,81,566
104900015,66,4,62
104900016,104,42,62
104900017,57,50,7
104900018,0,26,-26
104900019,90,3331,-3241
104900020,25,43,-18
104900021,0,23,-23
104900022,2,110,-108
104900023,0,8,-8
104900024,10,596,-586
104900025,64,83,-19
104900026,0,22,-22
104900027,697,244,453
104900028,5,223,-218
104900029,8,23,-15
104900030,332,149,183
104900031,14,53,-39
104900032,15,16,-1
104900033,197,106,91
104900034,299,93,206
104900035,352,176,176
104900036,484,15,469
104900037,92,91,1
104900038,21,659,-638
104900039,138,947,-809
104900040,600,63,537
104900041,286,69,217
104900042,123,87,36
104900043,22,318,-296
104900044,896,36,860
104900045,171,43,128
104900046,362,28,334
104900047,343,39,304
104900048,404,70,334
104900049,93,100,-7
104900050,330,10,320
104900051,248,27,221
104900052,200,0,200
104900053,322,23,299
104900054,184,30,154
104900055,375,0,375
104900056,274,4,270
104900057,16,1,15
104900058,173,98,75
104900059,77,7,70
104900060,0,72,-72
104900061,72,70,2
104900063,1,55,-54
104900064,0,50,-50
104900065,0,72,-72
104900066,0,33,-33
104900067,0,62,-62
104900068,7,65,-58
104900070,16,66,-50
104900071,0,69,-69
104900072,8,59,-51
104900073,41,11,30
104900074,26,19,7
104900075,25,1,24
104900076,52,31,21
104900077,84,45,39
104900078,68,66,2
104900079,101,444,-343
104900080,55,75,-20
104900082,3,67,-64
104900085,1,42,-41
104900087,213,2,211
104900089,663,1,662
104900090,917,483,434
104900091,157,138,19
104900093,66,93,-27
104900097,478,1730,-1252
104900098,120,1,119
104900099,14,290,-276
104900100,168,47,121
104900102,18,38,-20
104900103,62,34,28
104900104,547,1429,-882
104900106,80,25,55
104900107,44,57,-13
104900108,3,32,-29
104900109,32,79,-47
104900110,0,22,-22
104900111,165,67,98
104900112,242,70,172
104900113,396,38,358
104900114,385,89,296
104900115,481,21,460
104900116,305,24,281
104900118,1,10,-9
104900119,0,13,-13
104900120,26,296,-270
104900121,0,17,-17
104900122,1,22,-21
104900123,205,5,200
104900124,90,0,90
104900125,187,1,186
104900126,14,24,-10
104900127,2,7,-5
104900128,55,53,2
104900129,395,1926,-1531
105000001,1794,625,1169
105000002,1353,789,564
105000003,1345,1760,-415
105000004,763,581,182
105000005,1091,869,222
105000006,698,1197,-499
105000007,836,1192,-356
105000008,383,1408,-1025
105000009,2452,2141,311
105000010,1588,637,951
105000011,2099,2169,-70
105000012,1120,1036,84
105000013,593,698,-105
105000014,2237,2063,174
105000015,4796,8921,-4125
105000016,715,894,-179
105000017,1179,843,336
105000018,419,658,-239
105000019,571,596,-25
105000020,54,359,-305
105000021,142,80,62
105000022,44,64,-20
105000023,546,114,432
105000028,1,49,-48
105000029,362,686,-324
105000030,1961,1220,741
105000033,576,757,-181
105000034,96,729,-633
105000037,366,95,271
105000038,536,810,-274
105000039,447,615,-168
105000040,869,723,146
105000041,575,472,103
105000042,1090,889,201
105000043,475,463,12
105000044,357,215,142
105000045,87,189,-102
105000046,647,119,528
105000047,250,274,-24
105000048,895,155,740
105000049,160,202,-42
105000050,816,292,524
105000051,154,151,3
105000052,345,458,-113
105000053,36,51,-15
105000054,300,425,-125
105000055,461,117,344
105000056,1415,972,443
105000057,1053,385,668
105000058,760,526,234
105000059,857,401,456
105000060,444,252,192
105000061,1157,299,858
105000062,446,337,109
105000063,230,188,42
105000064,2197,334,1863
105000065,284,196,88
105000066,627,326,301
105000067,1494,514,980
105000068,210,348,-138
105000069,720,1769,-1049
105000070,281,834,-553
105000071,177,1549,-1372
105000072,819,3420,-2601
105000073,927,537,390
105000074,194,300,-106
105000075,323,266,57
105000076,671,549,122
105000077,1132,295,837
105000078,378,534,-156
105000079,568,1225,-657
105000080,1321,1463,-142
105000081,758,682,76
105000082,585,1208,-623
105000083,1647,2251,-604
105000084,352,624,-272
105000085,1874,1573,301
105000086,371,494,-123
105000087,663,900,-237
105000088,1163,1566,-403
105000089,1168,686,482
105000090,189,250,-61
105000091,394,303,91
105000092,284,275,9
105000093,148,209,-61
105000094,117,95,22
105000095,88,266,-178
105000096,710,1160,-450
105000097,232,296,-64
105000098,814,842,-28
105000099,392,501,-109
105000100,1408,469,939
105000101,1365,622,743
105000102,1316,747,569
105000103,658,641,17
105000104,1543,655,888
105000105,758,651,107
105000106,1079,325,754
105000107,1207,368,839
105000108,1199,435,764
105000109,1795,281,1514
105000110,828,159,669
105000111,1361,229,1132
105000112,620,218,402
105000113,584,399,185
105000114,606,998,-392
105000115,234,1346,-1112
105000116,1156,336,820
105000117,628,272,356
105000118,798,249,549
105000119,330,275,55
105000120,1376,249,1127
105000121,627,222,405
105000122,342,295,47
105000123,299,402,-103
105000124,1588,347,1241
105000125,835,418,417
105000126,1689,569,1120
105000127,1931,525,1406
105000128,395,713,-318
105000129,860,167,693
105000130,125,2520,-2395
105000131,192,125,67
105000132,1037,699,338
105000133,184,383,-199
105000134,1256,293,963
105000135,217,139,78
105000136,53,20,33
105000137,446,47,399
105000138,49,29,20
105000139,506,161,345
105000140,770,93,677
105000141,220,146,74
105000142,320,171,149
105000143,117,255,-138
105000144,226,184,42
105000145,674,151,523
105000146,298,174,124
105000147,650,153,497
105000148,435,378,57
105000149,2213,992,1221
105000150,592,290,302
105000151,500,144,356
105000152,168,179,-11
105000153,689,246,443
105000154,359,185,174
105000155,195,188,7
105000156,155,168,-13
105000157,416,449,-33
105000158,1519,392,1127
105000159,190,450,-260
105000160,2475,355,2120
105000161,508,452,56
105000162,558,1780,-1222
105000163,469,324,145
105000164,31,109,-78
105000165,221,5584,-5363
105000166,1931,1165,766
105000167,647,2255,-1608
105000168,262,112,150
105000169,670,98,572
105000170,325,791,-466
105000171,723,103,620
105000172,245,6,239
105000173,570,11,559
105000174,52,17,35
105000175,78,68,10
105000176,483,59,424
105000177,268,150,118
105000178,234,82,152
105000179,1185,29,1156
105000180,239,25,214
105000181,106,74,32
105000182,86,17,69
105000183,977,1922,-945
105000184,121,160,-39
105000185,153,637,-484
105000186,344,376,-32
105000187,351,270,81
105000188,136,211,-75
105000189,43,203,-160
105000190,205,99,106
105000191,174,115,59
105000192,299,52,247
105000193,86,84,2
105000194,424,29,395
105000195,173,207,-34
105000196,44,147,-103
105000197,54,146,-92
105000198,81,80,1
105000199,89,258,-169
105000200,83,420,-337
105000201,81,16,65
105000203,2,96,-94
105000204,42,22,20
105000205,39,63,-24
105000207,63,49,14
105000208,106,285,-179
105000209,53,30,23
105000212,844,342,502
105000213,27,57,-30
105000214,126,92,34
105000215,147,82,65
105000216,102,49,53
105000217,74,36,38
105000218,2118,456,1662
105000221,126,87,39
105000222,172,41,131
105000223,285,37,248
105000226,71,120,-49
105000227,4,94,-90
105000228,14,913,-899
105000229,119,361,-242
105000231,294,131,163
105000233,523,432,91
105000234,282,485,-203
105000235,417,274,143
105000237,878,68,810
105000243,71,92,-21
105000248,5,16,-11
105000262,309,152,157
105000269,164,55,109
105000270,538,13,525
105000271,0,97,-97
105000282,21,15,6
105000287,119,64,55
105000288,769,306,463
105000289,625,1097,-472
105000290,26,8,18
105000402,785,2127,-1342
105000426,153,260,-107
105000438,649,759,-110
105000446,2527,2573,-46
105000447,1224,1068,156
105000454,570,126,444
105000455,127,52,75
105000474,34,1,33
105000477,811,349,462
105000478,1660,3473,-1813
105000479,18,41,-23
105000480,3486,4399,-913
105000481,2627,2011,616
105000482,1320,2070,-750
105000483,839,1014,-175
105000484,774,1050,-276
105000485,863,1460,-597
105000486,652,916,-264
105000488,1450,1495,-45
105000489,1072,266,806
105000549,121,50,71
105000550,150,366,-216
105000551,4,42,-38
105000552,860,464,396
105900001,0,572,-572
105900002,764,591,173
105900003,4,53,-49
105900004,59,18,41
105900005,1,41,-40
105900006,21,39,-18
105900007,19,10,9
105900008,45,72,-27
105900009,63,23,40
105900011,103,37,66
105900012,405,78,327
105900013,2,14,-12
105900014,1,24,-23
105900015,50,104,-54
105900016,400,187,213
105900017,1335,23,1312
105900018,26,62,-36
105900019,38,60,-22
105900020,27,48,-21
105900021,30,179,-149
105900022,138,83,55
105900023,17,81,-64
105900024,9,149,-140
105900025,182,0,182
105900026,82,8,74
105900027,3523,1519,2004
105900028,112,25,87
105900029,761,172,589
105900030,133,72,61
105900031,165,48,117
105900032,46,34,12
105900033,40,35,5
105900034,84,49,35
105900035,119,46,73
105900036,74,14,60
105900037,102,31,71
105900038,88,91,-3
105900039,60,23,37
105900040,55,16,39
105900041,64,79,-15
105900042,22,37,-15
105900043,433,54,379
105900044,1,112,-111
105900045,0,451,-451
105900046,2,40,-38
105900047,1,7,-6
105900048,142,79,63
105900050,375,1341,-966
105900051,3,266,-263
105900052,267,15,252
105900053,772,2239,-1467
105900054,58,97,-39
105900056,301,306,-5
105900057,21,72,-51
105900058,12,12,0
105900059,0,92,-92
106000001,1417,1094,323
106000002,511,1605,-1094
106000003,2152,2206,-54
106000004,1526,1827,-301
106000005,3349,2704,645
106000006,2680,1146,1534
106000007,460,55,405
106000008,160,242,-82
106000009,406,96,310
106000010,144,359,-215
106000011,1134,450,684
106000012,524,356,168
106000013,1674,876,798
106000014,687,657,30
106000015,2014,752,1262
106000016,822,989,-167
106000017,902,407,495
106000018,351,293,58
106000019,474,169,305
106000020,211,102,109
106000021,421,157,264
106000022,245,111,134
106000023,948,220,728
106000024,343,232,111
106000025,216,158,58
106000026,60,99,-39
106000027,1843,706,1137
106000028,358,136,222
106000029,434,281,153
106000030,70,322,-252
106000034,20,121,-101
106000035,757,1072,-315
106000036,55,383,-328
106000037,328,409,-81
106000038,14,55,-41
106000039,12,139,-127
106000040,48,903,-855
106000041,635,406,229
106000043,232,131,101
106000046,260,38,222
106000047,48,356,-308
106000049,910,72,838
106000050,69,175,-106
106000051,828,395,433
106000052,0,0,0
106000053,505,76,429
106000054,0,0,0
106000055,781,222,559
106000056,0,0,0
106000057,476,96,380
106000058,0,0,0
106000059,541,219,322
106000060,12,66,-54
106000061,176,634,-458
106000062,70,95,-25
106000063,652,591,61
106000064,0,0,0
106000065,603,142,461
106000066,41,17,24
106000067,438,40,398
106000068,76,35,41
106000069,416,17,399
106000070,167,17,150
106000071,680,131,549
106000072,991,664,327
106000073,858,3173,-2315
106000074,518,450,68
106000075,212,499,-287
106000076,751,495,256
106000077,1115,383,732
106000078,981,237,744
106000079,768,221,547
106000080,895,244,651
106000081,752,308,444
106000082,1151,318,833
106000083,300,562,-262
106000084,415,331,84
106000085,849,562,287
106000086,328,134,194
106000087,592,277,315
106000088,362,222,140
106000089,793,118,675
106000090,319,256,63
106000091,252,289,-37
106000092,547,202,345
106000093,460,34,426
106000094,48,74,-26
106000095,1131,420,711
106000096,1411,164,1247
106000097,1257,382,875
106000098,983,149,834
106000099,92,196,-104
106000100,1260,82,1178
106000101,859,77,782
106000102,83,181,-98
106000103,198,211,-13
106000104,902,252,650
106000105,315,292,23
106000106,809,171,638
106000107,59,229,-170
106000108,552,103,449
106000109,125,168,-43
106000110,462,61,401
106000111,155,90,65
106000112,245,564,-319
106000113,275,298,-23
106000114,345,627,-282
106000115,131,294,-163
106000116,345,79,266
106000117,529,247,282
106000118,897,791,106
106000119,471,256,215
106000120,543,969,-426
106000121,183,73,110
106000122,238,125,113
106000123,819,35,784
106000124,85,78,7
106000125,44,133,-89
106000126,421,34,387
106000127,1071,326,745
106000128,846,119,727
106000129,404,282,122
106000130,1001,249,752
106000131,33,490,-457
106000132,474,112,362
106000133,744,1177,-433
106000134,232,2119,-1887
106000135,126,306,-180
106000136,756,1114,-358
106000137,81,444,-363
106000138,1730,27,1703
106000139,88,84,4
106000140,10,3,7
106000141,8,6,2
106000142,157,145,12
106000143,2,2,0
106000144,45,145,-100
106000145,158,49,109
106000146,607,51,556
106000147,280,459,-179
106000148,282,505,-223
106000149,744,384,360
106000150,825,1336,-511
106000151,1836,462,1374
106000152,733,1130,-397
106000153,39,910,-871
106000154,674,112,562
106000155,143,198,-55
106000156,1290,50,1240
106000157,301,852,-551
106000158,911,517,394
106000159,935,1261,-326
106000160,394,2270,-1876
106000161,423,90,333
106000162,376,1106,-730
106000163,284,116,168
106000164,631,59,572
106000165,168,167,1
106000166,916,44,872
106000167,338,276,62
106000168,718,63,655
106000169,110,131,-21
106000170,912,107,805
106000171,191,398,-207
106000172,1557,370,1187
106000173,555,750,-195
106000174,1094,98,996
106000175,123,158,-35
106000176,1599,320,1279
106000177,613,479,134
106000178,2320,417,1903
106000179,410,312,98
106000180,674,328,346
106000181,1590,762,828
106000182,1572,155,1417
106000183,1453,186,1267
106000184,798,310,488
106000185,982,939,43
106000186,176,38,138
106000187,24,528,-504
106000188,0,0,0
106000189,5,8,-3
106000190,28,2,26
106000191,373,39,334
106000192,1,1,0
106000193,118,103,15
106000194,39,196,-157
106000195,123,92,31
106000196,50,323,-273
106000197,387,143,244
106000198,145,92,53
106000199,415,953,-538
106000200,135,163,-28
106000201,166,4992,-4826
106000202,1367,363,1004
106000203,3,101,-98
106000204,53,4,49
106000205,9,102,-93
106000206,95,11,84
106000207,13,100,-87
106000208,1623,55,1568
106000209,2046,145,1901
106000210,209,337,-128
106000211,174,463,-289
106000212,1269,255,1014
106000213,114,871,-757
106000214,765,242,523
106000215,312,242,70
106000216,448,95,353
106000217,178,173,5
106000218,343,96,247
106000219,132,106,26
106000220,695,110,585
106000221,190,67,123
106000222,92,27,65
106000223,332,40,292
106000224,116,70,46
106000225,82,109,-27
106000226,55,64,-9
106000228,3,4,-1
106000229,138,136,2
106000231,940,36,904
106000232,39,61,-22
106000233,421,50,371
106000234,14,150,-136
106000235,151,117,34
106000236,34,116,-82
106000237,0,49,-49
106000238,17,27,-10
106000239,0,60,-60
106000240,6,11,-5
106000241,3,442,-439
106000242,200,7,193
106000249,161,46,115
106000250,40,336,-296
106000251,94,14,80
106000252,10,9,1
106000253,81,23,58
106000254,9,7,2
106000255,54,57,-3
106000256,13,7,6
106000257,27,153,-126
106000258,38,50,-12
106000259,0,68,-68
106000260,4,0,4
106000261,7,21,-14
106000262,49,0,49
106000263,21,38,-17
106000264,101,5,96
106000265,12,17,-5
106000266,125,2,123
106000267,6,37,-31
106000268,185,8,177
106000269,22,15,7
106000270,29,100,-71
106000271,49,32,17
106000272,81,19,62
106000273,3,79,-76
106000274,68,5,63
106000275,158,87,71
106000276,20,17,3
106000277,156,79,77
106000278,60,0,60
106000279,5,4,1
106000280,57,7,50
106000281,67,37,30
106000282,67,18,49
106000283,69,14,55
106000284,133,17,116
106000285,58,30,28
106000286,102,24,78
106000287,17,14,3
106000288,67,24,43
106000289,62,48,14
106000290,119,9,110
106000291,41,22,19
106000292,30,12,18
106000293,50,9,41
106000294,78,7,71
106000295,28,13,15
106000296,17,9,8
106000297,18,66,-48
106000298,27,45,-18
106000299,45,20,25
106000300,51,52,-1
106000301,53,84,-31
106000303,47,25,22
106000304,12,7,5
106000305,80,20,60
106000306,15,22,-7
106000307,125,2,123
106000308,8,52,-44
106000309,13,31,-18
106000310,236,144,92
106000311,435,59,376
106000312,135,72,63
106000313,167,61,106
106000318,13,139,-126
106000319,679,237,442
106000320,5,153,-148
106000321,52,317,-265
106000322,167,55,112
106000324,93,179,-86
106000325,1787,377,1410
106000326,380,619,-239
106000327,242,30,212
106000328,12,27,-15
106000329,30,115,-85
106000330,16,86,-70
106000428,54,210,-156
106000429,121,312,-191
106000430,310,633,-323
106000431,1948,215,1733
106000432,486,973,-487
106000433,1963,795,1168
106000434,2564,951,1613
106000435,668,884,-216
106000436,1,82,-81
106000437,564,59,505
106000438,166,330,-164
106000439,16,316,-300
106000440,191,202,-11
106000441,18,0,18
106000442,199,3,196
106000443,181,100,81
106000450,0,83,-83
106000451,20,90,-70
106000454,0,21,-21
106000455,0,122,-122
106000456,73,65,8
106000457,4,89,-85
106000458,1133,134,999
106000459,137,44,93
106000460,1942,56,1886
106000461,53,111,-58
106000462,0,20,-20
106000463,4,22,-18
106000464,2,450,-448
106000465,994,3,991
106000466,1,292,-291
106000467,37,165,-128
106000468,146,69,77
106000469,221,0,221
106000470,69,1005,-936
106000471,1,144,-143
106000472,102,41,61
106000473,18,4,14
106000474,186,243,-57
106000475,333,147,186
106000476,123,272,-149
106000477,0,1,-1
106900001,0,4,-4
106900002,0,150,-150
106900003,36,442,-406
106900004,0,6,-6
106900006,0,5,-5
106900007,0,3,-3
106900008,461,17,444
106900009,348,73,275
106900010,312,75,237
106900012,321,2009,-1688
106900013,401,239,162
106900014,126,0,126
106900015,0,2,-2
106900016,346,17,329
106900017,2,0,2
106900018,18,0,18
106900019,158,0,158
106900020,743,1334,-591
106900021,162,51,111
106900022,1613,9,1604
106900023,15,46,-31
106900024,575,42,533
106900025,2,131,-129
106900026,0,102,-102
106900027,1039,23,1016
107000001,2292,2515,-223
107000002,930,721,209
107000003,6000,5636,364
107000004,2006,853,1153
107000005,6511,4133,2378
107000006,1702,822,880
107000007,3473,4046,-573
107000008,2257,1472,785
107000009,6730,5167,1563
107000010,3102,2297,805
107000011,337,307,30
107000012,1156,991,165
107000013,20,5,15
107000014,50,25,25
107000015,260,105,155
107000016,426,186,240
107000017,674,653,21
107000018,2,541,-539
107000020,625,829,-204
107000021,534,289,245
107000022,742,1050,-308
107000023,1018,187,831
107000024,921,1186,-265
107000025,247,249,-2
107000026,419,323,96
107000027,1116,370,746
107000028,1104,412,692
107000029,3046,1891,1155
107000030,1400,907,493
107000031,3707,1431,2276
107000032,195,360,-165
107000033,1159,1788,-629
107000034,1737,412,1325
107000035,262,162,100
107000036,271,805,-534
107000037,57,483,-426
107000038,122,116,6
107000039,515,567,-52
107000040,131,108,23
107000041,655,258,397
107000042,235,1076,-841
107000043,694,281,413
107000044,226,182,44
107000045,45,120,-75
107000046,550,136,414
107000047,166,315,-149
107000048,401,105,296
107000049,269,321,-52
107000050,525,277,248
107000051,182,214,-32
107000052,552,1210,-658
107000053,283,278,5
107000054,21,104,-83
107000055,119,71,48
107000056,381,457,-76
107000057,826,150,676
107000058,1918,1671,247
107000059,930,1389,-459
107000060,4808,3382,1426
107000061,2340,1286,1054
107000062,5619,1984,3635
107000063,1425,1260,165
107000064,4176,2529,1647
107000065,1530,1756,-226
107000066,904,1942,-1038
107000067,682,508,174
107000068,560,486,74
107000069,817,706,111
107000070,1134,43,1091
107000071,3069,33,3036
107000072,3,707,-704
107000073,796,430,366
107000074,40,225,-185
107000075,1713,78,1635
107000076,137,470,-333
107000077,2701,342,2359
107000078,259,498,-239
107000079,2871,606,2265
107000080,219,713,-494
107000081,3384,348,3036
107000082,273,352,-79
107000083,1332,597,735
107000084,108,274,-166
107000085,1707,1518,189
107000086,1355,1037,318
107000087,2016,1233,783
107000088,1199,1166,33
107000089,1037,982,55
107000090,615,286,329
107000091,1324,451,873
107000092,435,259,176
107000093,1062,538,524
107000094,363,382,-19
107000095,1283,492,791
107000096,314,389,-75
107000097,965,215,750
107000098,180,437,-257
107000099,347,304,43
107000100,99,223,-124
107000101,90,174,-84
107000102,144,275,-131
107000103,332,179,153
107000104,133,215,-82
107000105,510,91,419
107000106,75,139,-64
107000107,698,100,598
107000108,132,241,-109
107000109,792,196,596
107000110,47,211,-164
107000111,444,22,422
107000112,13,209,-196
107000113,1012,28,984
107000114,25,372,-347
107000115,842,181,661
107000116,56,269,-213
107000117,108,1032,-924
107000118,27,51,-24
107000119,716,1573,-857
107000120,709,441,268
107000121,685,220,465
107000122,446,310,136
107000123,490,256,234
107000124,431,202,229
107000125,1045,206,839
107000126,831,328,503
107000129,171,181,-10
107000130,1008,357,651
107000131,237,511,-274
107000132,414,191,223
107000133,217,74,143
107000134,181,0,181
107000135,0,204,-204
107000136,329,1,328
107000137,3,143,-140
107000138,47,10,37
107000139,2,241,-239
107000140,1119,37,1082
107000141,54,314,-260
107000142,345,37,308
107000143,14,332,-318
107000144,229,495,-266
107000145,47,135,-88
107000146,163,240,-77
107000147,2178,341,1837
107000150,89,3345,-3256
107000151,10,25,-15
107000152,243,2071,-1828
107000153,33,128,-95
107000154,0,92,-92
107000155,931,6,925
107000156,1154,1,1153
107000157,7,296,-289
107000158,835,0,835
107000159,9,180,-171
107000160,1728,151,1577
107000161,11,364,-353
107000162,165,541,-376
107000163,169,18,151
107000164,924,2,922
107000165,1383,22,1361
107000166,3,178,-175
107000167,652,89,563
107000168,828,281,547
107000169,243,236,7
107000170,3260,446,2814
107000171,251,271,-20
107000172,1327,1694,-367
107000173,234,182,52
107000174,880,4797,-3917
107000175,1742,395,1347
107000176,0,1,-1
107000177,2,0,2
107000178,27,0,27
107000179,352,728,-376
107000180,1843,84,1759
107000181,257,334,-77
107000182,1945,293,1652
107000183,85,345,-260
107000184,1392,297,1095
107000185,149,468,-319
107000186,826,87,739
107000187,836,641,195
107000188,441,159,282
107000189,708,297,411
107000190,568,272,296
107000191,650,298,352
107000192,1143,157,986
107000193,300,153,147
107000194,296,131,165
107000197,816,94,722
107000198,276,492,-216
107000199,236,279,-43
107000200,509,350,159
107000201,171,165,6
107000202,146,293,-147
107000203,165,419,-254
107000204,161,947,-786
107000205,370,145,225
107000206,109,595,-486
107000207,131,367,-236
107000208,159,217,-58
107000209,302,283,19
107000210,63,126,-63
107000211,10,26,-16
107000212,100,27,73
107000213,0,5,-5
107000214,3,16,-13
107000215,416,76,340
107000216,348,125,223
107000217,112,53,59
107000219,38,150,-112
107000220,73,36,37
107000222,114,131,-17
107000224,328,42,286
107000225,73,189,-116
107000226,501,46,455
107000227,51,104,-53
107000228,45,238,-193
107000229,29,71,-42
107000230,276,231,45
107000231,293,527,-234
107000232,35,7,28
107000233,76,343,-267
107000234,0,84,-84
107000235,4,6,-2
107000236,2,123,-121
107000237,40,0,40
107000238,23,2,21
107000239,1106,250,856
107000240,23,126,-103
107000241,10,7,3
107000242,50,8,42
107000243,0,22,-22
107000244,5,10,-5
107000246,0,235,-235
107000249,0,461,-461
107000251,0,21,-21
107000252,0,124,-124
107000255,123,87,36
107000257,1,417,-416
107000258,19,171,-152
107000259,0,76,-76
107000260,1736,14,1722
107000262,1,104,-103
107000263,507,3,504
107000266,11,7,4
107000267,26,55,-29
107000268,101,27,74
107000269,6,3,3
107000270,145,29,116
107000271,0,0,0
107000272,57,0,57
107000273,1,110,-109
107000274,329,55,274
107000275,19,383,-364
107000280,1299,7,1292
107000281,3,145,-142
107000282,26,258,-232
107000290,21,23,-2
107000291,24,13,11
107000292,1,81,-80
107000293,5,7,-2
107000294,0,63,-63
107000295,25,3,22
107000296,1,8,-7
107000444,210,1,209
107000496,8,8,0
107000497,538,509,29
107000500,328,56,272
107000501,45,98,-53
107000502,155,136,19
107000505,107,287,-180
107000506,0,0,0
107000508,0,45,-45
107000509,60,383,-323
107000510,6,50,-44
107000514,59,490,-431
107000515,3,32,-29
107000516,544,177,367
107000518,1289,1672,-383
107000519,404,177,227
107000520,148,32,116
107000521,381,91,290
107000522,552,346,206
107900001,53,12,41
107900002,22,6,16
107900003,527,10,517
107900004,217,1,216
107900005,2488,15,2473
107900006,134,10,124
107900007,272,29,243
107900008,36,8,28
107900009,164,9,155
107900010,44,0,44
107900012,357,51,306
107900013,128,3,125
107900014,72,1,71
107900015,1626,23,1603
107900016,98,25,73
107900017,34,0,34
107900018,89,424,-335
107900019,25,12,13
107900020,12,56,-44
107900021,89,15,74
107900023,1,1,0
107900024,2,0,2
107900025,92,50,42
107900026,28,17,11
107900027,3,205,-202
107900028,174,8,166
107900030,264,5,259
107900031,119,30,89
107900032,31,1,30
107900033,30,25,5
107900034,180,4,176
107900035,1396,61,1335
107900036,38,27,11
107900037,0,4,-4
107900038,18,209,-191
107900039,8,20,-12
107900040,11,569,-558
107900041,3,0,3
107900043,85,44,41
107900044,3,9,-6
107900045,67,33,34
107900046,532,146,386
107900047,93,13,80
107900048,337,12,325
107900049,97,803,-706
107900050,13,67,-54
107900051,39,10,29
107900052,2,123,-121
107900053,97,41,56
107900055,207,154,53
107900056,44,103,-59
107900057,1,0,1
107900058,18,106,-88
107900060,3,24,-21
107900061,0,25,-25
107900063,88,73,15
107900064,109,306,-197
107900065,482,1,481
107900066,5,1,4
107900067,0,0,0
107900068,38,318,-280
107900069,4,2169,-2165
107900070,178,140,38
107900071,7,186,-179
107900072,185,29,156
107900073,64,26,38
107900074,72,152,-80
107900076,138,13,125
107900077,102,1,101
107900078,88,11,77
107900079,10,9,1
107900080,10,127,-117
107900081,18,12,6
107900082,2,0,2
107900083,382,124,258
107900084,54,137,-83
107900086,19,154,-135
107900087,86,26,60
107900088,60,4,56
107900089,52,238,-186
107900090,176,1464,-1288
107900091,73,82,-9
107900092,579,78,501
107900093,28,26,2
107900094,0,0,0
107900095,507,882,-375
107900097,16,35,-19
107900098,71,125,-54
107900100,159,1092,-933
107900101,121,24,97
107900102,27,0,27
107900103,30,47,-17
107900104,374,0,374
107900105,0,56,-56
107900106,1,181,-180
107900107,400,163,237
107900108,21,14,7
107900109,1582,19,1563
107900110,97,5,92
107900111,0,121,-121
107900112,49,231,-182
107900113,170,5,165
107900114,363,40,323
107900115,0,6,-6
107900116,227,37,190
107900117,126,88,38
107900118,2,52,-50
107900119,82,160,-78
107900120,33,4,29
107900121,0,28,-28
107900122,0,22,-22
107900123,3,32,-29
107900124,5,24,-19
107900125,14,26,-12
107900126,14,9,5
107900127,732,98,634
107900128,58,16,42
107900129,105,3,102
107900130,143,1,142
107900131,8,34,-26
107900132,3,49,-46
107900133,0,28,-28
107900134,4,28,-24
107900135,0,15,-15
107900136,10,18,-8
107900137,16,21,-5
107900138,69,9,60
107900139,105,14,91
107900140,91,38,53
107900141,11,6,5
107900142,3,102,-99
107900143,3,6,-3
107900144,2,33,-31
107900145,0,18,-18
107900146,11,32,-21
107900147,15,7,8
107900148,164,45,119
107900149,204,22,182
107900150,2,99,-97
107900151,55,15,40
107900152,3,48,-45
107900153,22,106,-84
107900154,25,6,19
107900155,49,4,45
107900156,5,28,-23
107900157,5,13,-8
107900158,978,47,931
107900159,1,104,-103
107900160,134,37,97
107900161,42,21,21
107900162,1,24,-23
107900163,3,18,-15
107900164,4,7,-3
107900165,14,190,-176
107900166,27,28,-1
107900167,1,108,-107
107900168,40,3,37
107900169,0,207,-207
107900171,1,177,-176
107900172,14,48,-34
107900173,80,14,66
107900174,126,4,122
107900175,5,34,-29
107900176,25,1,24
107900177,3,76,-73
107900178,0,39,-39
107900179,3,33,-30
107900180,98,840,-742
107900181,96,225,-129
107900182,0,92,-92
107900183,41,8,33
107900184,56,55,1
107900185,80,0,80
107900186,11,12,-1
107900187,1,20,-19
107900188,182,34,148
107900189,9,33,-24
107900190,27,25,2
107900191,20,15,5
107900193,1,48,-47
107900194,80,5,75
107900195,435,77,358
107900196,42,47,-5
107900197,41,65,-24
107900199,0,127,-127
107900201,40,36,4
107900203,19,8,11
107900204,98,113,-15
107900205,68,89,-21
107900206,43,339,-296
107900207,0,84,-84
107900208,1,120,-119
107900209,142,35,107
107900210,23,12,11
107900213,119,100,19
107900214,2,30,-28
107900215,60,216,-156
107900216,0,11,-11
107900217,34,38,-4
107900218,4,292,-288
107900219,8,4,4
107900220,8,53,-45
107900221,34,72,-38
107900223,58,32,26
107900224,25,227,-202
107900225,0,121,-121
107900226,2,84,-82
107900227,53,108,-55
107900228,27,50,-23
107900229,0,34,-34
107900230,25,24,1
107900231,35,19,16
107900232,151,11,140
107900233,1,54,-53
107900234,156,27,129
107900235,1,45,-44
107900236,199,16,183
107900237,18,250,-232
107900238,24,5,19
107900239,122,304,-182
107900240,43,21,22
107900241,0,61,-61
107900242,11,58,-47
107900243,0,19,-19
107900244,271,9,262
107900245,745,37,708
107900246,202,52,150
107900248,284,42,242
107900249,916,80,836
107900250,0,76,-76
107900251,5,129,-124
107900252,493,63,430
107900253,116,10,106
107900254,9,119,-110
107900255,37,17,20
107900256,164,812,-648
107900257,310,106,204
107900258,102,30,72
107900259,12,2060,-2048
107900261,0,62,-62
107900262,40,21,19
107900264,569,12,557
107900265,27,37,-10
107900267,302,14,288
107900268,1,1,0
107900269,0,0,0
107900270,2,2,0
107900271,0,28,-28
107900272,20,67,-47
107900273,38,37,1
107900274,130,0,130
107900275,11,0,11
107900276,2,21,-19
107900277,0,30,-30
107900278,372,154,218
107900279,35,44,-9
107900280,745,299,446
107900281,368,5246,-4878
107900282,37,849,-812
107900283,474,453,21
107900284,601,192,409
107900285,116,47,69
107900286,15,25,-10
107900287,444,41,403
107900290,0,281,-281
107900291,450,3,447
107900292,82,27,55
107900293,36,201,-165
107900295,14,6,8
107900297,0,134,-134
107900298,299,331,-32
107900299,1641,2192,-551
107900300,131,254,-123
107900301,283,361,-78
107900302,80,4,76
107900303,363,161,202
107900304,459,58,401
107900305,283,4,279
107900306,1,23,-22
107900307,4,79,-75
107900308,179,68,111
107900309,17,0,17
107900310,22,0,22
107900311,188,315,-127
107900312,23,0,23
107900313,1,97,-96
107900314,3,161,-158
107900315,0,54,-54
107900316,39,0,39
107900317,51,0,51
107900318,1,185,-184
107900319,2,35,-33
107900320,0,38,-38
107900321,133,0,133
107900322,0,7,-7
107900323,1,85,-84
107900324,65,0,65
107900325,148,2,146
107900326,516,69,447
107900327,3,35,-32
107900328,1,0,1
107900329,6,52,-46
107900330,25,60,-35
107900331,537,17,520
107900332,409,2,407
107900333,71,5,66
107900334,7,18,-11
107900335,37,10,27
107900336,33,13,20
107900337,234,777,-543
107900338,1,104,-103
107900339,2,55,-53
107900340,2,147,-145
107900341,41,0,41
107900342,171,373,-202
107900343,32,0,32
107900344,0,84,-84
107900345,33,13,20
107900346,10,0,10
107900347,20,0,20
107900348,0,0,0
107900349,5,16,-11
107900350,1,88,-87
108000001,3312,1716,1596
108000002,609,862,-253
108000003,2220,1456,764
108000004,4719,5158,-439
108000005,6716,2803,3913
108000006,1795,1889,-94
108000007,4212,1961,2251
108000008,1557,1751,-194
108000009,4592,2341,2251
108000010,1282,1730,-448
108000011,10191,6104,4087
108000012,4083,4197,-114
108000014,265,846,-581
108000015,500,142,358
108000016,154,218,-64
108000017,981,179,802
108000018,1288,291,997
108000019,363,264,99
108000020,783,235,548
108000021,131,429,-298
108000022,328,369,-41
108000023,1124,119,1005
108000024,333,119,214
108000025,363,65,298
108000026,693,67,626
108000027,691,78,613
108000028,789,99,690
108000029,514,91,423
108000030,477,127,350
108000031,130,290,-160
108000032,2083,361,1722
108000033,353,231,122
108000034,2020,258,1762
108000035,304,512,-208
108000036,203,358,-155
108000037,1908,150,1758
108000038,3393,181,3212
108000039,172,524,-352
108000040,1929,460,1469
108000041,289,630,-341
108000042,651,42,609
108000043,60,96,-36
108000044,918,29,889
108000045,54,80,-26
108000046,1543,158,1385
108000047,149,199,-50
108000048,60,91,-31
108000049,855,90,765
108000050,11,181,-170
108000051,311,143,168
108000052,58,203,-145
108000053,317,136,181
108000054,174,409,-235
108000055,754,201,553
108000056,178,432,-254
108000057,632,914,-282
108000058,1138,2733,-1595
108000059,1009,600,409
108000060,157,243,-86
108000061,54,96,-42
108000062,801,240,561
108000063,344,150,194
108000064,211,155,56
108000065,431,358,73
108000066,1011,357,654
108000067,1760,606,1154
108000068,910,129,781
108000069,78,325,-247
108000070,2012,239,1773
108000071,328,422,-94
108000072,1375,303,1072
108000073,385,480,-95
108000074,804,200,604
108000075,248,157,91
108000076,798,169,629
108000077,222,129,93
108000078,2649,486,2163
108000079,186,279,-93
108000080,1782,170,1612
108000081,242,448,-206
108000082,239,344,-105
108000083,1506,364,1142
108000084,104,246,-142
108000085,1014,214,800
108000086,174,149,25
108000087,108,1636,-1528
108000088,197,8,189
108000089,161,189,-28
108000090,729,72,657
108000091,44,230,-186
108000092,391,21,370
108000093,247,262,-15
108000094,1125,26,1099
108000095,121,110,11
108000096,690,96,594
108000097,24,141,-117
108000098,1924,503,1421
108000099,291,13,278
108000100,114,115,-1
108000101,1167,606,561
108000102,1161,2222,-1061
108000106,591,1,590
108000107,2,610,-608
108000108,657,34,623
108000109,0,236,-236
108000110,411,117,294
108000111,118,241,-123
108000112,34,116,-82
108000113,217,168,49
108000115,216,111,105
108000117,266,268,-2
108000118,22,154,-132
108000119,346,110,236
108000120,136,593,-457
108000121,262,200,62
108000122,816,193,623
108000123,614,118,496
108000124,219,128,91
108000125,520,143,377
108000126,166,91,75
108000127,444,132,312
108000128,762,54,708
108000129,131,132,-1
108000130,482,130,352
108000131,694,95,599
108000132,113,173,-60
108000133,1350,90,1260
108000134,175,100,75
108000135,1408,337,1071
108000136,87,118,-31
108000137,471,106,365
108000138,293,204,89
108000139,634,136,498
108000140,513,8,505
108000141,7,22,-15
108000142,19,26,-7
108000143,10,6,4
108000144,145,3,142
108000145,54,0,54
108000146,189,0,189
108000147,35,5,30
108000148,175,9,166
108000149,5,8,-3
108000150,98,15,83
108000151,7,10,-3
108000152,37,50,-13
108000153,711,54,657
108000154,20,1,19
108000155,56,33,23
108000156,180,82,98
108000157,71,1446,-1375
108000158,14,519,-505
108000159,76,102,-26
108000160,1170,827,343
108000161,993,2883,-1890
108000165,3,311,-308
108000172,11,168,-157
108000173,356,1540,-1184
108000175,480,71,409
108000178,275,116,159
108000179,67,649,-582
108000181,116,4,112
108000182,82,3,79
108000183,2,4,-2
108000184,160,2127,-1967
108000185,238,118,120
108000186,499,13,486
108000187,75,130,-55
108000188,1005,51,954
108000189,149,1435,-1286
108000190,8,38,-30
108000192,154,101,53
108000193,163,14,149
108000194,6,1,5
108000195,1,360,-359
108000196,125,147,-22
108000198,289,31,258
108000199,0,44,-44
108000200,982,56,926
108000202,2,89,-87
108000203,136,131,5
108000204,228,61,167
108000205,69,108,-39
108000339,393,239,154
108000364,94,100,-6
108000365,30,197,-167
108000367,30,103,-73
108000368,17,24,-7
108000369,171,110,61
108000371,1,442,-441
108000372,623,4,619
108000373,209,45,164
108000376,110,20,90
108000377,622,59,563
108000378,7318,9207,-1889
108000379,15,65,-50
108000381,172,11,161
108000382,92,0,92
108000383,1,84,-83
108900001,14,135,-121
108900002,132,21,111
108900003,48,179,-131
108900004,2,285,-283
108900005,34,156,-122
108900006,560,121,439
108900007,386,55,331
108900008,204,36,168
108900009,122,95,27
108900010,504,60,444
108900011,932,52,880
108900012,505,75,430
108900013,125,43,82
108900014,37,62,-25
108900015,0,153,-153
108900016,6,142,-136
108900017,27,109,-82
108900018,179,199,-20
108900019,3,84,-81
108900020,20,29,-9
108900021,57,55,2
108900022,81,0,81
108900023,3,41,-38
108900024,21,26,-5
108900025,192,10,182
108900026,14,35,-21
108900027,0,40,-40
108900028,89,66,23
108900029,32,75,-43
108900030,0,14,-14
108900031,67,79,-12
108900032,0,32,-32
108900033,0,17,-17
108900034,0,51,-51
108900035,148,332,-184
108900036,125,107,18
108900037,43,92,-49
108900038,0,62,-62
108900039,0,69,-69
108900040,2,73,-71
108900041,1916,1778,138
108900042,3,271,-268
108900043,29,303,-274
108900044,0,143,-143
108900045,124,88,36
108900046,10,142,-132
108900047,0,103,-103
108900048,23,170,-147
108900049,490,1585,-1095
108900050,0,99,-99
108900051,0,47,-47
108900052,9,43,-34
108900053,20,227,-207
108900054,53,65,-12
108900055,7,94,-87
108900056,1,32,-31
108900057,0,39,-39
108900058,32,108,-76
108900059,638,60,578
108900060,66,74,-8
108900061,26,10,16
108900062,1,69,-68
108900063,51,56,-5
108900064,356,9,347
108900065,15,78,-63
108900066,285,35,250
108900067,5,63,-58
108900068,13,44,-31
108900069,102,22,80
108900070,9,20,-11
108900071,188,26,162
108900072,906,182,724
108900073,5,68,-63
108900074,449,88,361
108900075,2,6,-4
108900076,582,15,567
108900077,42,191,-149
108900078,43,37,6
108900079,142,26,116
108900080,5,725,-720
108900081,26,157,-131
108900082,83,18,65
108900083,2,206,-204
108900084,84,48,36
108900085,342,42,300
108900086,122,40,82
108900087,51,48,3
108900088,289,108,181
108900089,21,54,-33
108900090,88,52,36
108900091,97,13,84
108900092,331,90,241
108900093,106,32,74
108900094,137,45,92
108900095,15,72,-57
108900096,65,1,64
108900097,157,65,92
108900098,533,986,-453
108900099,223,52,171
108900100,43,41,2
108900101,109,131,-22
108900102,0,997,-997
108900103,165,98,67
108900104,30,94,-64
108900105,1,1813,-1812
108900106,361,28,333
108900108,205,13,192
108900109,211,16,195
108900110,92,52,40
108900111,227,89,138
108900112,217,9,208
108900113,83,40,43
108900114,28,10,18
108900115,230,91,139
108900116,56,2,54
108900117,227,3,224
108900118,725,27,698
108900119,450,12,438
108900120,233,98,135
108900121,271,30,241
108900122,298,4,294
108900123,377,34,343
108900124,663,33,630
108900125,637,8,629
108900126,71,22,49
108900127,319,54,265
108900128,220,8,212
108900129,911,37,874
108900130,488,4,484
108900131,662,2,660
108900132,400,20,380
108900133,313,16,297
108900134,598,30,568
108900135,296,3,293
108900136,33,5,28
108900137,219,0,219
108900138,542,5,537
108900139,592,32,560
108900140,634,32,602
108900141,564,20,544
108900142,59,0,59
108900143,143,1,142
108900144,103,1,102
108900145,246,5,241
108900146,96,1,95
108900147,304,0,304
108900148,47,5,42
108900149,186,70,116
108900150,185,1,184
108900151,32,6,26
108900152,128,12,116
108900153,209,53,156
108900154,3980,151,3829
108900155,125,13,112
108900156,106,1,105
108900157,2,96,-94
108900158,519,55,464
108900159,14,71,-57
108900160,5,114,-109
108900161,13,114,-101
108900162,184,23,161
108900163,2,378,-376
108900164,26,7,19
108900165,39,14,25
108900167,324,8084,-7760
108900168,2329,1542,787
108900169,26,35,-9
108900171,1409,3106,-1697
108900172,155,54,101
108900173,111,81,30
108900174,1050,102,948
108900176,68,62,6
108900177,1334,5988,-4654
108900178,1160,3865,-2705
108900179,104,1099,-995
108900180,79,121,-42
108900182,68,213,-145
108900183,84,78,6
108900184,235,154,81
108900185,29,150,-121
108900186,22,117,-95
108900187,574,20,554
108900188,800,19,781
108900189,141,16,125
108900190,8,453,-445
108900191,54,183,-129
108900192,36,109,-73
108900193,22,22,0
108900194,0,90,-90
108900195,24,65,-41
108900196,5,71,-66
108900198,0,98,-98
108900199,88,55,33
108900200,629,292,337
108900201,153,332,-179
108900203,415,49,366
108900204,284,3,281
108900205,264,21,243
108900206,343,42,301
108900207,250,180,70
108900208,4,110,-106
108900209,138,135,3
108900210,172,91,81
108900211,54,322,-268
108900212,56,869,-813
108900215,48,125,-77
108900216,122,174,-52
108900217,50,0,50
108900218,16,9,7
108900219,34,3,31
108900220,9,14,-5
108900221,37,60,-23
108900222,156,7,149
108900223,7,109,-102
108900224,49,126,-77
108900225,2,83,-81
108900226,444,22,422
108900227,96,140,-44
108900230,106,73,33
108900231,9,44,-35
108900232,3,74,-71
108900233,377,69,308
108900234,153,56,97
108900235,109,148,-39
108900236,11,167,-156
108900237,12,34,-22
108900240,93,39,54
108900241,58,46,12
108900245,3,1314,-1311
108900249,57,17,40
108900250,223,21,202
108900257,197,57,140
108900258,1,17,-16
108900259,0,22,-22
108900260,13,6,7
108900261,1,22,-21
108900262,47,7,40
108900263,11,33,-22
108900264,30,62,-32
108900265,175,259,-84
108900266,95,667,-572
108900267,0,193,-193
108900268,12,11,1
108900269,35,10,25
108900270,68,9,59
108900271,20,2,18
108900272,146,1,145
108900273,138,347,-209
108900274,41,12,29
109000001,2394,2486,-92
109000002,297,1117,-820
109000003,2427,265,2162
109000004,282,882,-600
109000005,1736,286,1450
109000006,326,568,-242
109000007,1998,242,1756
109000008,330,541,-211
109000009,3636,444,3192
109000010,384,843,-459
109000011,4163,1322,2841
109000012,699,880,-181
109000013,4511,3413,1098
109000014,748,638,110
109000015,2689,8353,-5664
109000016,1320,689,631
109000017,3071,619,2452
109000018,424,766,-342
109000019,2070,611,1459
109000020,529,525,4
109000023,91,7,84
109000024,14,102,-88
109000025,234,399,-165
109000026,180,98,82
109000027,80,298,-218
109000028,30,39,-9
109000029,102,275,-173
109000030,30,82,-52
109000031,460,36,424
109000032,7,102,-95
109000033,618,78,540
109000034,21,18,3
109000035,1,3,-2
109000036,8,309,-301
109000037,304,2830,-2526
109000038,231,199,32
109000039,808,659,149
109000040,1839,12912,-11073
109000041,812,2129,-1317
109000042,372,1463,-1091
109000044,421,33,388
109000045,60,46,14
109000046,488,17,471
109000047,24,24,0
109000048,336,110,226
109000049,53,23,30
109000050,402,111,291
109000051,57,11,46
109000052,317,394,-77
109000053,313,79,234
109000054,39,241,-202
109000055,138,212,-74
109000056,81,109,-28
109000057,805,294,511
109000058,140,47,93
109000059,37,626,-589
109000060,83,415,-332
109000061,122,1291,-1169
109000062,46,215,-169
109000063,171,39,132
109000064,510,51,459
109000065,258,48,210
109000066,416,38,378
109000067,35,66,-31
109000068,327,7,320
109000069,372,5,367
109000070,2,346,-344
109000071,236,31,205
109000072,45,173,-128
109000073,51,101,-50
109000074,8,106,-98
109000075,29,40,-11
109000076,87,139,-52
109000077,162,136,26
109000078,52,93,-41
109000079,66,85,-19
109000080,181,53,128
109000081,160,123,37
109000082,722,52,670
109000083,247,198,49
109000088,113,109,4
109000089,418,57,361
109000090,87,167,-80
109000091,533,59,474
109000092,104,81,23
109000093,444,51,393
109000094,1041,1,1040
109000095,148,123,25
109000096,1010,55,955
109000097,12,37,-25
109000098,32,85,-53
109000099,629,79,550
109000100,205,190,15
109000101,1656,292,1364
109000102,290,180,110
109000103,630,114,516
109000104,2553,147,2406
109000105,291,277,14
109000106,1572,211,1361
109000107,337,268,69
109000108,2227,250,1977
109000109,251,190,61
109000110,1110,254,856
109000111,546,320,226
109000112,66,51,15
109000113,192,66,126
109000114,84,131,-47
109000115,384,10,374
109000116,10,161,-151
109000117,180,19,161
109000118,3,115,-112
109000119,1862,41,1821
109000120,186,178,8
109000121,851,13,838
109000122,123,185,-62
109000123,13,42,-29
109000124,762,99,663
109000125,1049,149,900
109000126,309,258,51
109000127,1402,31,1371
109000128,371,417,-46
109000129,3152,125,3027
109000130,184,374,-190
109000131,589,548,41
109000132,189,625,-436
109000133,86,227,-141
109000134,306,410,-104
109000135,185,321,-136
109000136,122,116,6
109000137,232,146,86
109000138,220,127,93
109000139,448,108,340
109000140,136,154,-18
109000141,409,197,212
109000142,33,162,-129
109000143,49,14,35
109000145,38,67,-29
109000146,18,29,-11
109000148,897,1116,-219
109000149,0,54,-54
109000150,20,59,-39
109000155,672,659,13
109000156,584,68,516
109000158,18,150,-132
109000159,55,134,-79
109000160,1439,94,1345
109000161,521,306,215
109000162,1780,163,1617
109000163,1062,393,669
109000164,938,897,41
109000165,1109,229,880
109000166,903,63,840
109000167,91,118,-27
109000170,13,26,-13
109000171,74,9,65
109000172,2,24,-22
109000173,1,94,-93
109000174,234,30,204
109000175,30,34,-4
109000176,262,60,202
109000177,15,34,-19
109000178,889,90,799
109000179,1529,4212,-2683
109000180,1650,2024,-374
109000181,21,2,19
109000182,52,4,48
109000183,92,6,86
109000184,62,9,53
109000185,5,6,-1
109000188,186,467,-281
109000189,2425,413,2012
109000190,515,256,259
109000191,284,234,50
109000192,523,59,464
109000193,339,75,264
109000194,261,30,231
109000195,176,51,125
109000196,260,11,249
109000197,201,88,113
109000198,356,7,349
109000199,40,75,-35
109000206,153,7,146
109000207,112,8,104
109000208,146,93,53
109000209,148,55,93
109000210,39,133,-94
109000211,1088,163,925
109000214,159,126,33
109000215,138,36,102
109000216,318,394,-76
109000217,48,57,-9
109000218,152,128,24
109000221,132,265,-133
109000222,444,40,404
109000223,407,278,129
109000224,113,54,59
109000225,238,6,232
109000226,31,56,-25
109000227,1778,201,1577
109000228,1,170,-169
109000231,0,87,-87
109000232,551,84,467
109000236,98,222,-124
109000241,1210,333,877
109000242,970,267,703
109000293,43,34,9
109000361,55,82,-27
109000364,40,111,-71
109000396,4,99,-95
109000397,734,15,719
109000399,57,131,-74
109000400,57,79,-22
109000403,5,760,-755
109000406,431,17,414
109000407,28,19,9
109000408,0,0,0
109000410,569,31,538
109000411,122,51,71
109900001,51,0,51
109900002,632,6,626
109900003,634,0,634
109900004,70,70,0
109900005,15,0,15
109900006,493,23,470
109900007,1327,121,1206
109900008,0,5,-5
109900009,86,163,-77
109900010,570,8,562
109900011,46,29,17
109900012,268,75,193
109900013,292,49,243
109900014,183,26,157
109900015,78,12,66
109900016,80,8,72
109900017,163,55,108
109900018,104,2,102
109900019,107,9,98
109900020,54,11,43
109900021,29,4,25
109900022,97,90,7
109900023,59,2,57
109900024,11,0,11
109900025,0,10,-10
109900026,2,75,-73
109900027,28,10,18
109900028,227,1600,-1373
109900029,3,24,-21
109900030,13,3,10
109900031,1,456,-455
109900032,4,87,-83
109900033,0,181,-181
109900034,12,1,11
109900035,68,60,8
109900036,3,17,-14
109900037,12,118,-106
109900038,78,44,34
109900039,1,1,0
109900040,12,135,-123
109900041,24,61,-37
109900042,20,140,-120
109900044,11,40,-29
109900045,84,24,60
109900046,87,17,70
109900047,64,101,-37
109900048,0,39,-39
109900049,7,28,-21
109900050,0,19,-19
109900051,0,3,-3
109900052,15,69,-54
109900053,2,71,-69
109900054,1214,69,1145
109900055,123,87,36
109900056,10,224,-214
109900057,1,49,-48
109900058,0,14,-14
109900059,1486,54,1432
109900060,744,25,719
109900061,42,27,15
109900062,0,43,-43
109900063,15,246,-231
109900064,444,46,398
109900065,42,39,3
109900066,66,114,-48
109900067,0,87,-87
109900068,64,6,58
109900069,0,3,-3
109900070,16,46,-30
109900071,3,12,-9
109900072,0,26,-26
109900073,512,75,437
109900074,4,4,0
109900075,21,9,12
109900076,7,29,-22
109900077,12,18,-6
109900078,47,35,12
109900080,60,37,23
109900081,4,75,-71
109900082,25,50,-25
109900083,3,12,-9
109900084,20,52,-32
109900085,31,102,-71
109900086,87,729,-642
109900087,19,84,-65
109900089,498,53,445
109900090,160,250,-90
109900091,622,33,589
109900092,137,16,121
109900093,1040,81,959
109900094,6,32,-26
109900095,35,79,-44
109900096,21,8,13
109900097,67,1,66
109900098,640,7,633
109900099,389,1,388
109900100,35,1,34
109900101,1413,3,1410
109900102,270,16,254
109900103,8,53,-45
109900104,1070,118,952
109900105,623,21,602
109900106,360,47,313
109900107,647,26,621
109900108,62,123,-61
109900109,15,22,-7
109900110,16,72,-56
109900111,56,135,-79
109900112,105,96,9
109900113,745,226,519
109900114,168,1005,-837
109900115,106,50,56
109900117,1313,54,1259
109900118,106,54,52
109900119,92,79,13
109900120,30,17,13
109900121,107,64,43
109900122,671,1,670
109900123,2,16,-14
109900124,29,49,-20
109900125,0,64,-64
109900126,487,6,481
109900128,380,11,369
109900130,1554,2399,-845
109900131,8,36,-28
109900132,7,54,-47
109900133,81,71,10
109900134,10,21,-11
109900135,49,19,30
109900136,12,20,-8
109900137,155,58,97
109900140,47,21,26
109900142,1886,144,1742
109900145,1,445,-444
109900146,69,32,37
109900148,1,11,-10
109900149,10,14,-4
109900150,9,27,-18
109900151,19,32,-13
109900152,1,4,-3
109900153,0,34,-34
109900154,4,0,4
109900155,13,26,-13
109900157,54,42,12
109900158,40,19,21
109900159,63,13,50
109900160,68,14,54
109900161,267,21,246
109900162,176,14,162
109900163,207,82,125
109900164,98,148,-50
109900165,23,1,22
109900166,0,26,-26
109900167,76,146,-70
109900168,73,161,-88
109900169,205,36,169
109900170,59,1166,-1107
109900171,293,73,220
109900172,174,135,39
109900173,717,1759,-1042
109900174,13,43,-30
109900175,24,31,-7
109900176,59,42,17
109900177,11,30,-19
109900178,2,50,-48
109900179,1,27,-26
109900180,0,5,-5
110000001,240,179,61
110000002,520,335,185
110000003,258,361,-103
110000004,366,340,26
110000005,184,1856,-1672
110000006,171,264,-93
110000007,81,44,37
110000008,5,109,-104
110000009,14,3,11
110000010,21,69,-48
110000011,14,24,-10
110000012,272,158,114
110000013,53,352,-299
110000014,500,334,166
110000015,123,502,-379
110000016,231,990,-759
110000017,1773,170,1603
110000018,1486,217,1269
110000019,8,29,-21
110000020,143,110,33
110000021,109,112,-3
110000022,1009,34,975
110000023,1,26,-25
110000024,278,182,96
110000025,882,1,881
110000026,0,75,-75
110000027,290,361,-71
110000028,783,167,616
110000029,295,191,104
110000030,312,333,-21
110000031,165,135,30
110000032,863,106,757
110000033,76,76,0
110000034,746,245,501
110000035,330,269,61
110000036,1220,353,867
110000037,113,206,-93
110000038,177,628,-451
110000039,589,4315,-3726
110000040,289,138,151
110000041,436,2403,-1967
110000042,41,245,-204
110000043,741,334,407
110000044,57,298,-241
110000045,72,77,-5
110000046,2,61,-59
110000047,15,49,-34
110000048,1,117,-116
110000049,16,7,9
110000050,4,79,-75
110000051,11,7,4
110000052,50,49,1
110000053,2,4,-2
110000054,59,335,-276
110000055,165,55,110
110000056,53,36,17
110000057,213,204,9
110000058,554,257,297
110000059,337,240,97
110000060,784,344,440
110000061,286,330,-44
110000062,461,308,153
110000063,37,113,-76
110000064,65,16,49
110000065,203,103,100
110000066,71,4,67
110000067,35,43,-8
110000068,236,54,182
110000069,603,14,589
110000071,536,7,529
110000073,9,7,2
110000075,37,1,36
110000076,422,331,91
110000077,116,878,-762
110000078,64,7,57
110000080,78,140,-62
110000081,6,116,-110
110000082,18,160,-142
110000083,213,156,57
110000084,939,866,73
110000085,541,465,76
110000086,449,1530,-1081
110000087,28,3,25
110000088,206,87,119
110000089,249,29,220
110000090,87,122,-35
110000091,214,94,120
110000092,1,19,-18
110000093,36,19,17
110000094,174,69,105
110000095,81,741,-660
110000096,724,1877,-1153
110000097,523,1390,-867
110000098,1018,220,798
110000099,679,948,-269
110000100,1664,58,1606
110000101,99,70,29
110000102,69,35,34
110000104,267,115,152
110000105,74,107,-33
110000106,220,444,-224
110000107,95,165,-70
110000108,70,150,-80
110000109,102,78,24
110000110,832,2165,-1333
110000111,1535,1955,-420
110000112,97,405,-308
110000113,55,1744,-1689
110000114,298,558,-260
110000115,548,110,438
110000116,36,44,-8
110000117,501,77,424
110000118,776,87,689
110000119,583,82,501
110000120,292,61,231
110000121,53,331,-278
110000122,206,190,16
110000123,377,194,183
110000124,2,303,-301
110000125,488,8,480
110000126,173,8,165
110000127,645,11,634
110000128,3,343,-340
110000129,1,108,-107
110000130,225,99,126
110000131,62,75,-13
110000132,0,142,-142
110000133,35,147,-112
110000134,45,155,-110
110000135,172,14,158
110000136,41,70,-29
110000137,633,143,490
110000138,692,136,556
110000139,969,138,831
110000140,396,279,117
110000143,219,210,9
110000144,911,891,20
110000145,673,496,177
110000146,544,255,289
110000147,206,555,-349
110000148,548,89,459
110000151,254,568,-314
110000152,227,353,-126
110000153,395,10,385
110000154,48,37,11
110000155,426,904,-478
110000156,374,587,-213
110000157,285,1136,-851
110000160,164,108,56
110000161,109,123,-14
110000166,909,15,894
110000167,1571,345,1226
110000168,486,434,52
110000169,546,294,252
110000170,132,51,81
110000171,312,64,248
110000172,245,178,67
110000173,260,256,4
110000174,63,63,0
110000175,1312,41,1271
110000176,31,622,-591
110000177,168,1107,-939
110000178,222,2150,-1928
110000179,594,146,448
110000180,251,113,138
110000181,785,162,623
110000182,114,70,44
110000183,3381,6243,-2862
110000184,211,2413,-2202
110000185,190,348,-158
110000186,291,480,-189
110000191,1348,259,1089
110000192,794,3,791
110000193,1223,5,1218
110000194,17,178,-161
110000195,467,17,450
110000196,535,39,496
110000197,96,18,78
110000198,55,25,30
110000199,59,58,1
110000200,354,235,119
110000201,586,854,-268
110000202,765,329,436
110000203,131,190,-59
110000204,0,77,-77
110000205,389,20,369
110000206,216,287,-71
110000207,1455,103,1352
110000208,85,235,-150
110000209,62,215,-153
110000210,1456,206,1250
110000211,595,431,164
110000212,288,1099,-811
110000213,305,21,284
110000214,450,12,438
110000215,60,90,-30
110000216,54,66,-12
110000217,491,13,478
110000218,60,34,26
110000219,386,10,376
110000220,7,30,-23
110000221,458,1,457
110000222,23,67,-44
110000223,3,26,-23
110000224,0,0,0
110000225,155,319,-164
110000226,314,36,278
110000227,220,344,-124
110000228,383,38,345
110000229,0,75,-75
110000230,283,377,-94
110000231,195,228,-33
110000232,60,101,-41
110000233,77,156,-79
110000234,349,227,122
110000235,524,414,110
110000236,331,186,145
110000237,1449,636,813
110000238,745,343,402
110000239,1083,293,790
110000240,0,9,-9
110000242,0,22,-22
110000243,166,46,120
110000244,22,98,-76
110000245,23,181,-158
110000246,960,155,805
110000247,734,682,52
110000248,781,149,632
110000249,121,11,110
110000250,2,63,-61
110000251,337,86,251
110000252,606,81,525
110000253,1577,209,1368
110000254,748,209,539
110000255,98,166,-68
110000256,383,109,274
110000257,142,92,50
110000258,8,93,-85
110000259,197,16,181
110000260,82,31,51
110000263,567,22,545
110000264,571,94,477
110000265,828,692,136
110000266,807,819,-12
110000267,35,15,20
110000268,191,34,157
110000269,1,19,-18
110000270,108,1,107
110000271,710,68,642
110000272,608,514,94
110000273,536,540,-4
110000274,198,2013,-1815
110000275,548,487,61
110000276,122,463,-341
110000277,306,140,166
110000278,255,289,-34
110000279,785,202,583
110000280,664,131,533
110000281,62,30,32
110000282,107,2,105
110000283,6,39,-33
110000284,0,20,-20
110000285,0,94,-94
110000286,19,0,19
110000287,108,1,107
110000288,0,44,-44
110000289,212,2028,-1816
110000290,269,587,-318
110000291,1083,468,615
110000292,351,5452,-5101
110000293,516,210,306
110000294,1455,1452,3
110000295,59,225,-166
110000296,667,156,511
110000297,2008,116,1892
110000298,38,192,-154
110000299,135,35,100
110000301,481,17,464
110000302,305,235,70
110000303,627,12,615
110000304,191,70,121
110000305,1688,15,1673
110000306,396,268,128
110000307,2175,1,2174
110000308,462,15,447
110000309,0,214,-214
110000310,957,15,942
110000311,0,212,-212
110000312,590,29,561
110000313,1349,521,828
110000314,0,38,-38
110000315,775,997,-222
110000316,143,517,-374
110000317,104,248,-144
110000318,0,17,-17
110000319,1,8,-7
110000320,2,41,-39
110000321,21,20,1
110000322,108,174,-66
110000323,733,115,618
110000324,894,540,354
110000325,1071,3261,-2190
110000327,244,166,78
110000328,63,134,-71
110000333,888,700,188
110000334,212,413,-201
110000335,712,173,539
110000336,219,334,-115
110000337,1595,221,1374
110000338,290,158,132
110000339,564,81,483
110000340,56,68,-12
110000341,448,112,336
110000342,17,0,17
110000343,0,2,-2
110000344,10,216,-206
110000345,76,228,-152
110000346,665,995,-330
110000347,844,294,550
110000348,69,3,66
110000349,10,2,8
110000350,58,0,58
110000351,1467,200,1267
110000352,351,1076,-725
110000353,1625,198,1427
110000354,430,2087,-1657
110000355,207,22,185
110000356,197,3,194
110000357,499,21,478
110000361,60,11,49
110000362,124,43,81
110000363,629,15,614
110000364,311,128,183
110000365,32,0,32
110000366,0,92,-92
110000367,263,79,184
110000368,4,77,-73
110000369,90,2,88
110000373,0,168,-168
110000374,70,17,53
110000375,47,361,-314
110000376,17,35,-18
110000377,59,253,-194
110000378,9,447,-438
110000379,1035,2201,-1166
110000380,81,23,58
110000383,0,142,-142
110000384,512,30,482
110000385,0,121,-121
110000387,151,0,151
110000388,22,59,-37
110000389,424,38,386
110000391,891,203,688
110000396,191,27,164
110000397,44,28,16
110000398,2,16,-14
110000399,79,2,77
110000587,203,157,46
110000589,277,21,256
110000640,118,23,95
110000652,3,261,-258
110000653,346,160,186
110000654,3,180,-177
110000656,0,146,-146
110000674,74,26,48
110000675,13,15,-2
110000676,0,23,-23
110000679,35,417,-382
110000682,75,92,-17
110000683,138,90,48
110000684,0,34,-34
110000685,3,27,-24
110000686,0,33,-33
110000687,1,1,0
110000688,11,1119,-1108
110000689,32,15,17
110000692,14,45,-31
110000693,9,180,-171
110000694,0,28,-28
110000695,80,140,-60
110000696,50,18,32
110900001,299,9,290
110900002,207,107,100
110900003,1399,66,1333
110900004,529,32,497
110900005,779,3222,-2443
110900006,73,53,20
110900007,227,104,123
110900008,1,20,-19
110900009,279,437,-158
110900010,1,33,-32
110900011,3,10,-7
110900012,2,51,-49
110900013,1048,57,991
110900014,250,17,233
110900015,83,328,-245
110900016,35,84,-49
110900017,500,18,482
110900018,464,20,444
110900019,355,23,332
110900020,216,48,168
110900021,81,113,-32
110900022,153,81,72
110900023,13,95,-82
110900024,36,48,-12
110900025,4,11,-7
110900027,9,35,-26
110900028,1,26,-25
110900029,3,99,-96
110900030,2,11,-9
110900031,2,43,-41
110900032,0,25,-25
110900033,30,80,-50
110900035,4,272,-268
110900036,68,2,66
110900037,101,2,99
110900038,135,29,106
110900039,1,134,-133
110900040,173,7,166
110900041,5,9,-4
110900042,43,28,15
110900043,20,11,9
110900044,36,2,34
110900045,59,85,-26
110900046,3,34,-31
110900047,56,293,-237
110900049,99,69,30
110900050,35,0,35
110900051,8,40,-32
110900052,0,90,-90
110900053,115,10,105
110900054,22,80,-58
110900055,1,0,1
110900056,6,69,-63
110900057,2,106,-104
110900058,288,11,277
110900059,185,283,-98
110900060,242,25,217
110900061,1,16,-15
110900062,93,60,33
110900063,17,39,-22
110900064,5,0,5
110900065,56,30,26
110900066,32,17,15
110900067,100,495,-395
110900068,174,61,113
110900069,6,4,2
110900071,69,1064,-995
110900073,0,2,-2
110900074,527,30,497
110900075,604,37,567
110900077,1347,65,1282
110900078,80,11,69
110900079,423,278,145
110900080,145,22,123
110900081,3,6,-3
110900082,158,34,124
110900083,84,58,26
110900084,64,21,43
110900085,28,72,-44
110900086,11,165,-154
110900087,358,32,326
110900088,3,1,2
110900090,38,106,-68
110900091,0,10,-10
110900093,106,42,64
110900095,68,6,62
110900097,7,4,3
110900098,6,25,-19
110900099,13,75,-62
110900100,0,5,-5
110900102,27,35,-8
110900105,292,67,225
110900108,28,85,-57
110900111,201,28,173
110900112,519,6,513
110900113,95,65,30
110900115,0,14,-14
110900116,1323,277,1046
110900118,37,3596,-3559
110900119,1128,76,1052
110900120,118,26,92
110900121,42,0,42
110900122,413,64,349
110900125,181,504,-323
110900127,91,520,-429
110900128,29,119,-90
110900129,45,539,-494
110900130,58,209,-151
110900131,215,20,195
110900132,542,19,523
110900133,42,36,6
110900135,22,46,-24
110900136,382,16,366
110900137,3,0,3
110900138,138,252,-114
110900139,0,48,-48
110900140,6,0,6
110900141,0,46,-46
110900142,31,25,6
110900143,284,38,246
110900144,1,188,-187
110900145,191,90,101
110900146,159,241,-82
110900147,15,71,-56
110900148,0,35,-35
110900149,3,13,-10
110900150,31,12,19
110900151,1,25,-24
110900152,22,34,-12
110900153,152,35,117
111000001,721,454,267
111000002,395,524,-129
111000003,1728,907,821
111000004,441,851,-410
111000005,666,1010,-344
111000006,596,1378,-782
111000007,2760,2315,445
111000008,2043,2917,-874
111000009,275,626,-351
111000010,1269,377,892
111000011,135,492,-357
111000012,238,399,-161
111000013,244,717,-473
111000014,1814,315,1499
111000017,8,524,-516
111000018,64,220,-156
111000020,173,690,-517
111000021,13,65,-52
111000023,59,65,-6
111000025,1726,1985,-259
111000029,69,27,42
111000030,6,19,-13
111000031,1183,673,510
111000032,446,236,210
111000033,177,48,129
111000034,175,102,73
111000037,536,406,130
111000038,1017,651,366
111000039,820,565,255
111000040,864,606,258
111000041,125,181,-56
111000042,1302,1284,18
111000043,1621,2823,-1202
111000044,1425,279,1146
111000045,2758,999,1759
111000046,1760,979,781
111000047,2360,5363,-3003
111000049,74,158,-84
111000050,433,354,79
111000051,318,252,66
111000052,258,366,-108
111000053,66,228,-162
111000054,179,244,-65
111000055,531,561,-30
111000056,115,288,-173
111000057,53,226,-173
111000058,738,96,642
111000059,645,239,406
111000060,4075,485,3590
111000061,788,114,674
111000062,1137,220,917
111000063,1148,611,537
111000064,1193,221,972
111000065,1354,371,983
111000066,721,205,516
111000067,1034,178,856
111000068,706,128,578
111000069,672,776,-104
111000070,292,205,87
111000071,155,145,10
111000072,1308,538,770
111000073,125,989,-864
111000074,1199,742,457
111000075,579,186,393
111000076,611,254,357
111000077,939,429,510
111000078,1060,276,784
111000079,600,187,413
111000080,434,280,154
111000081,1149,3959,-2810
111000082,716,191,525
111000084,710,276,434
111000085,658,566,92
111000086,1045,335,710
111000087,564,208,356
111000088,2342,2381,-39
111000089,583,421,162
111000090,413,451,-38
111000091,486,186,300
111000092,1673,435,1238
111000093,970,567,403
111000094,1016,503,513
111000095,615,2084,-1469
111000096,575,5898,-5323
111000097,1421,501,920
111000098,199,352,-153
111000099,202,521,-319
111000100,394,536,-142
111000101,190,403,-213
111000102,86,143,-57
111000104,1127,49,1078
111000107,33,126,-93
111000109,903,72,831
111000110,1362,352,1010
111000111,3350,96,3254
111000112,2271,102,2169
111000113,872,1962,-1090
111000114,884,3380,-2496
111000115,2004,543,1461
111000116,514,259,255
111000117,259,280,-21
111000118,557,272,285
111000119,1213,304,909
111000120,677,348,329
111000121,337,318,19
111000122,279,249,30
111000123,634,752,-118
111000124,312,1000,-688
111000125,251,368,-117
111000126,76,207,-131
111000127,962,35,927
111000128,2592,116,2476
111000129,2949,157,2792
111000130,2806,168,2638
111000131,2472,199,2273
111000132,2035,1262,773
111000133,38,20,18
111000134,52,16,36
111000135,68,115,-47
111000136,353,68,285
111000138,40,9,31
111000140,0,13,-13
111000141,121,221,-100
111000142,2,108,-106
111000143,2,127,-125
111000144,3,246,-243
111000145,16,1,15
111000146,120,0,120
111000147,31,8,23
111000148,86,66,20
111000149,0,35,-35
111000150,84,2,82
111000151,2,11,-9
111000153,255,79,176
111000154,241,65,176
111000155,200,55,145
111000156,462,129,333
111000157,183,309,-126
111000158,700,400,300
111000159,1770,346,1424
111000160,478,90,388
111000161,5,240,-235
111000162,2,42,-40
111000163,681,454,227
111000164,222,1428,-1206
111000165,344,117,227
111000166,124,80,44
111000167,67,124,-57
111000168,123,140,-17
111000169,169,75,94
111000170,105,122,-17
111000171,221,160,61
111000172,70,156,-86
111000173,180,405,-225
111000174,272,55,217
111000175,64,64,0
111000176,514,34,480
111000177,1056,97,959
111000178,2279,160,2119
111000179,438,35,403
111000180,413,164,249
111000181,1842,132,1710
111000182,249,102,147
111000183,88,293,-205
111000184,288,88,200
111000185,128,112,16
111000186,163,220,-57
111000187,98,48,50
111000188,298,96,202
111000189,127,151,-24
111000190,128,75,53
111000191,125,88,37
111000192,122,143,-21
111000193,141,52,89
111000194,49,57,-8
111000195,30,73,-43
111000196,51,48,3
111000197,605,17,588
111000198,394,21,373
111000199,386,124,262
111000200,648,182,466
111000201,810,30,780
111000202,464,25,439
111000203,323,69,254
111000204,228,1135,-907
111000213,174,165,9
111000214,621,543,78
111000215,658,454,204
111000217,1368,307,1061
111000218,1731,394,1337
111000219,171,81,90
111000220,497,359,138
111000221,97,87,10
111000224,2,84,-82
111000225,445,505,-60
111000226,28,2,26
111000227,24,0,24
111000228,0,904,-904
111000229,9,1815,-1806
111000230,102,89,13
111000231,631,102,529
111000232,768,200,568
111000233,1447,194,1253
111000234,252,275,-23
111000239,20,26,-6
111000240,49,316,-267
111000241,31,55,-24
111000242,231,53,178
111000243,146,88,58
111000244,807,53,754
111000245,539,82,457
111000246,815,91,724
111000247,389,93,296
111000248,580,93,487
111000249,446,111,335
111000250,47,36,11
111000251,70,50,20
111000253,34,8,26
111000255,33,1,32
111000257,44,8,36
111000260,23,414,-391
111000261,1541,14,1527
111000271,37,151,-114
111000273,1374,647,727
111000274,1127,1461,-334
111000275,60,4,56
111000276,156,389,-233
111000277,195,114,81
111000278,289,70,219
111000291,922,9011,-8089
111000298,395,70,325
111000299,524,91,433
111000300,34,88,-54
111000302,344,29,315
111000303,181,47,134
111000312,74,20,54
111000315,0,99,-99
111000320,70,86,-16
111000321,398,90,308
111000322,369,120,249
111000323,349,38,311
111000324,223,45,178
111000325,50,22,28
111000326,176,102,74
111000327,300,104,196
111000328,412,277,135
111000329,3,27,-24
111000330,37,13,24
111000331,31,9,22
111000332,356,322,34
111000334,136,300,-164
111000335,962,72,890
111000337,1887,96,1791
111000338,51,13,38
111000339,762,76,686
111000340,49,260,-211
111000341,1512,693,819
111000342,8,492,-484
111000344,845,242,603
111000345,46,133,-87
111000346,9,109,-100
111000347,96,0,96
111000350,50,109,-59
111000351,63,250,-187
111000352,161,40,121
111000353,91,107,-16
111000354,411,21,390
111000355,155,154,1
111000358,100,281,-181
111000360,105,201,-96
111000361,209,104,105
111000546,590,80,510
111000547,479,76,403
111000548,91,38,53
111000549,177,30,147
111000550,6,473,-467
111000551,88,25,63
111000552,219,127,92
111000907,593,30,563
111000908,46,1,45
111000916,2417,70,2347
111000917,61,246,-185
111000918,100,168,-68
111000920,540,8,532
111000921,0,29,-29
111000922,630,33,597
111000924,3,129,-126
111000925,3437,1377,2060
111000926,943,669,274
111000927,2195,2925,-730
111000928,2559,785,1774
111000929,2201,624,1577
111000930,717,790,-73
111000931,2060,876,1184
111000932,1764,800,964
111000933,2426,1936,490
111000934,584,734,-150
111000935,2364,693,1671
111000936,634,592,42
111000937,1320,744,576
111000938,669,490,179
111000939,808,5,803
111000940,1151,30,1121
111000941,409,24,385
111000943,982,109,873
111000944,123,87,36
111000945,149,353,-204
111001109,404,671,-267
111001110,62,129,-67
111001111,91,1,90
111001112,182,4,178
111001113,0,173,-173
111001114,273,77,196
111001115,0,232,-232
111001116,824,4703,-3879
111001117,85,1702,-1617
111001120,90,49,41
111001121,101,103,-2
111001122,177,61,116
111001123,530,42,488
111001124,131,25,106
111900001,27,7,20
111900002,57,52,5
111900003,0,30,-30
111900004,0,18,-18
111900006,34,39,-5
111900007,213,1,212
111900008,259,0,259
111900009,334,25,309
111900010,19,125,-106
111900012,19,27,-8
111900013,29,7,22
111900014,1089,5062,-3973
111900015,0,60,-60
111900016,0,18,-18
111900017,0,4,-4
111900018,239,1,238
111900019,2,83,-81
111900020,5,16,-11
111900021,2,11,-9
111900022,7,2,5
111900023,124,12,112
111900024,37,37,0
111900025,0,22,-22
111900026,0,28,-28
111900027,0,2,-2
111900028,1,29,-28
111900029,0,17,-17
111900030,11,253,-242
111900031,20,18,2
111900032,0,55,-55
111900033,20,11,9
111900034,6,169,-163
111900035,38,481,-443
111900036,0,32,-32
111900038,37,128,-91
111900039,12,102,-90
111900040,1,160,-159
111900042,15,34,-19
111900043,1,67,-66
111900044,26,44,-18
111900046,12,36,-24
111900048,388,147,241
111900049,3,71,-68
111900050,240,5,235
111900051,1,58,-57
111900052,86,96,-10
111900053,361,1951,-1590
111900054,374,3,371
111900055,2,73,-71
111900056,17,300,-283
111900057,185,0,185
111900058,651,152,499
111900059,610,621,-11
111900060,358,1,357
111900061,2,26,-24
111900062,25,61,-36
111900063,163,53,110
111900064,32,74,-42
111900065,206,27,179
111900066,190,66,124
111900067,2,55,-53
111900068,14,38,-24
111900069,68,9,59
111900070,243,32,211
111900071,0,35,-35
111900072,22,18,4
111900073,1157,102,1055
111900074,0,22,-22
111900075,57,2,55
111900076,239,34,205
111900077,61,0,61
111900078,387,59,328
111900079,28,33,-5
111900080,48,66,-18
111900082,166,26,140
111900083,199,24,175
111900084,86,0,86
111900085,30,41,-11
111900086,155,10,145
111900087,167,0,167
111900088,697,4,693
111900089,100,4,96
111900090,27,42,-15
111900091,806,11,795
111900092,223,0,223
111900093,555,6,549
111900094,90,3,87
111900095,356,12,344
111900096,369,5,364
111900097,120,0,120
111900098,483,7,476
111900099,65,0,65
111900100,85,2,83
111900101,219,4,215
111900102,685,224,461
111900103,34,37,-3
111900104,75,27,48
111900105,95,186,-91
111900106,116,4,112
111900110,968,129,839
111900111,328,25,303
111900112,176,3758,-3582
111900113,173,31,142
111900118,379,21,358
111900119,69,41,28
111900122,11,31,-20
111900123,27,16,11
111900124,18,9,9
111900125,402,87,315
111900126,376,2,374
111900127,0,50,-50
111900128,2,67,-65
111900129,317,19,298
111900130,107,58,49
111900131,537,1,536
111900132,8,196,-188
111900133,0,77,-77
111900134,6,71,-65
111900135,4,15,-11
111900136,6,49,-43
111900137,39,4,35
111900138,35,36,-1
111900139,18,33,-15
111900140,60,14,46
111900141,102,1,101
111900142,48,16,32
111900143,45,24,21
111900144,0,21,-21
111900145,6,63,-57
111900146,1,30,-29
111900147,11,84,-73
111900148,0,96,-96
111900149,6,56,-50
111900150,0,18,-18
111900151,0,14,-14
111900152,18,7,11
111900153,148,544,-396
111900154,19,757,-738
111900155,59,79,-20
111900156,86,48,38
111900157,244,11,233
111900158,571,40,531
111900159,439,45,394
111900160,415,3,412
111900161,430,2,428
111900162,37,237,-200
111900163,2,57,-55
111900164,69,21,48
111901113,755,55,700
111901114,278,223,55
111901115,255,0,255
111901116,62,2,60
111901117,23,50,-27
111901118,10,422,-412
111901119,151,5,146
111901121,13,31,-18
111901122,1,56,-55
111901123,370,84,286
111901124,490,2,488
111901125,1206,134,1072
111901127,386,1375,-989
111901128,10,21,-11
111901129,2,33,-31
111901130,2,42,-40
111901131,2,273,-271
111901132,59,28,31
111901133,94,0,94
111901134,182,1,181
111901135,43,2,41
111901136,90,37,53
111901137,2,10,-8
111901138,7,4,3
111901139,2,21,-19
111901140,12,20,-8
111901141,0,18,-18
111901142,1,80,-79
111901143,0,47,-47
111901144,27,8,19
111901145,29,156,-127
111901146,10,2,8
112000001,2625,708,1917
112000002,879,1715,-836
112000003,3268,564,2704
112000004,740,234,506
112000005,3260,3011,249
112000006,380,236,144
112000007,4321,2610,1711
112000008,2557,3284,-727
112000009,1905,827,1078
112000010,2272,3111,-839
112000011,1009,614,395
112000012,2679,3190,-511
112000013,1257,1285,-28
112000014,614,2154,-1540
112000015,917,1900,-983
112000016,1291,2361,-1070
112000017,316,2115,-1799
112000024,748,173,575
112000026,1628,1227,401
112000027,504,374,130
112000028,484,454,30
112000029,472,469,3
112000030,131,17,114
112000031,614,2210,-1596
112000032,162,17,145
112000033,753,1773,-1020
112000034,120,24,96
112000035,58,303,-245
112000036,124,612,-488
112000037,274,503,-229
112000038,508,653,-145
112000039,100,53,47
112000040,10,93,-83
112000041,131,268,-137
112000042,258,55,203
112000050,929,453,476
112000051,704,1297,-593
112000054,643,499,144
112000057,196,94,102
112000058,135,160,-25
112000059,278,199,79
112000061,1312,341,971
112000062,374,483,-109
112000063,206,1170,-964
112000064,1437,1170,267
112000065,709,720,-11
112000066,1638,789,849
112000067,241,232,9
112000068,1905,1268,637
112000069,279,770,-491
112000070,785,501,284
112000071,467,668,-201
112000072,2128,577,1551
112000073,525,902,-377
112000074,712,462,250
112000075,865,866,-1
112000076,1886,1118,768
112000077,810,332,478
112000078,1679,647,1032
112000079,1505,901,604
112000080,691,476,215
112000081,486,779,-293
112000082,1019,312,707
112000083,453,767,-314
112000084,1175,238,937
112000085,1250,941,309
112000086,1767,640,1127
112000087,796,131,665
112000088,695,274,421
112000089,123,170,-47
112000090,112,144,-32
112000091,328,169,159
112000092,2598,334,2264
112000093,925,254,671
112000094,606,348,258
112000095,706,161,545
112000096,727,212,515
112000097,1788,233,1555
112000098,177,294,-117
112000099,655,1590,-935
112000100,2169,308,1861
112000101,358,164,194
112000102,1773,294,1479
112000103,261,193,68
112000105,257,341,-84
112000106,2182,274,1908
112000107,53,113,-60
112000108,215,696,-481
112000109,63,79,-16
112000110,1775,445,1330
112000111,284,898,-614
112000112,1660,246,1414
112000113,441,572,-131
112000114,1720,305,1415
112000115,270,94,176
112000116,522,187,335
112000117,517,237,280
112000118,200,330,-130
112000119,190,194,-4
112000120,44,88,-44
112000121,63,135,-72
112000122,503,33,470
112000123,817,42,775
112000124,587,24,563
112000125,146,113,33
112000126,504,230,274
112000127,1104,1537,-433
112000128,341,311,30
112000129,78,32,46
112000130,160,63,97
112000131,22,25,-3
112000132,132,92,40
112000133,412,28,384
112000134,408,131,277
112000135,946,275,671
112000136,565,659,-94
112000137,1195,700,495
112000138,662,435,227
112000139,283,328,-45
112000140,93,334,-241
112000141,833,134,699
112000142,67,251,-184
112000143,1161,97,1064
112000144,213,389,-176
112000145,2750,196,2554
112000146,486,851,-365
112000147,1946,812,1134
112000148,534,1168,-634
112000149,409,180,229
112000150,212,117,95
112000151,209,124,85
112000152,606,80,526
112000153,101,61,40
112000154,91,121,-30
112000155,62,20,42
112000157,231,435,-204
112000158,259,103,156
112000159,816,112,704
112000167,141,150,-9
112000169,57,558,-501
112000173,1379,129,1250
112000175,439,99,340
112000176,824,520,304
112000177,1006,202,804
112000178,48,133,-85
112000179,341,94,247
112000180,355,74,281
112000181,602,342,260
112000182,1970,262,1708
112000183,42,10,32
112000184,566,124,442
112000185,722,106,616
112000187,2508,1482,1026
112000195,168,3,165
112000196,52,1,51
112000197,41,116,-75
112000198,10,94,-84
112000199,187,203,-16
112000202,545,2,543
112000216,30,62,-32
112000230,131,3,128
112000231,0,72,-72
112000256,46,181,-135
112000313,26,17,9
112000314,16,33,-17
112000337,74,359,-285
112000352,32,83,-51
112000392,665,393,272
112000398,1687,316,1371
112000399,570,3813,-3243
112000400,656,449,207
112000401,751,634,117
112000402,3196,3461,-265
112000403,805,3747,-2942
112000404,1150,688,462
112000405,2746,2176,570
112000406,1132,729,403
112000407,7872,5767,2105
112000408,3163,1126,2037
112000409,764,855,-91
112000410,80,165,-85
112000411,2052,1136,916
112000412,233,171,62
112000413,1708,5417,-3709
112000414,169,104,65
112000415,92,13,79
112000416,2890,438,2452
112000417,205,50,155
112000421,63,58,5
112000422,234,83,151
112000424,371,1543,-1172
112000425,288,1205,-917
112000426,236,204,32
112000427,0,4,-4
112000428,269,90,179
112000429,1163,985,178
112000430,1712,1665,47
112000431,90,113,-23
112000432,235,973,-738
112000433,170,316,-146
112000437,25,88,-63
112900001,132,1,131
112900002,869,142,727
112900003,85,7,78
112900004,88,148,-60
112900005,255,12,243
112900006,12,46,-34
112900007,81,17,64
112900008,0,24,-24
112900009,286,164,122
112900010,241,104,137
112900011,56,21,35
112900012,0,14,-14
112900013,2,240,-238
112900014,15,30,-15
112900015,49,148,-99
112900016,7,21,-14
112900017,33,65,-32
112900018,0,74,-74
112900019,1,27,-26
112900020,147,233,-86
112900021,0,104,-104
112900022,22,10,12
112900023,1,31,-30
112900024,3,30,-27
112900025,57,93,-36
112900026,1,30,-29
112900027,6,137,-131
112900028,1,25,-24
112900029,8,51,-43
112900030,36,31,5
112900031,1,82,-81
112900032,51,75,-24
112900034,0,16,-16
112900035,0,46,-46
112900036,11,24,-13
112900037,44,189,-145
112900038,700,29,671
112900039,1,61,-60
112900040,6,151,-145
112900041,116,557,-441
112900042,155,435,-280
112900043,14,9,5
112900044,108,65,43
112900045,38,68,-30
112900046,69,10,59
112900047,5,20,-15
112900049,214,9,205
112900050,25,233,-208
112900051,51,137,-86
112900052,3,854,-851
112900053,51,87,-36
112900054,44,42,2
112900055,81,5,76
112900056,154,126,28
112900057,7,183,-176
112900058,214,169,45
112900059,76,57,19
112900060,15,20,-5
112900061,41,24,17
112900062,29,61,-32
112900063,5,11,-6
112900064,34,11,23
112900065,9,6,3
112900066,232,306,-74
112900067,286,13,273
112900068,39,109,-70
112900069,497,660,-163
112900071,8,8,0
112900072,14,3003,-2989
112900073,246,123,123
112900074,62,330,-268
112900075,276,803,-527
112900076,6,17,-11
112900078,189,590,-401
112900079,271,4,267
112900080,175,2,173
112900081,42,344,-302
112900082,525,5,520
112900083,119,115,4
112900084,197,197,0
112900086,115,0,115
112900087,1239,77,1162
112900088,187,0,187
112900089,857,8,849
112900090,59,48,11
112900091,270,7,263
112900092,33,448,-415
112900093,958,15,943
112900095,116,0,116
112900096,580,90,490
112900097,17,36,-19
112900098,48,2,46
112900099,1065,6,1059
112900100,123,7,116
112900101,299,0,299
112900102,58,42,16
112900103,313,4,309
112900104,171,0,171
112900105,10,1,9
112900106,218,75,143
112900107,11,0,11
112900108,0,2,-2
112900109,208,0,208
112900110,1377,9,1368
112900111,617,2,615
112900112,390,0,390
112900113,0,4,-4
112900114,373,12,361
112900115,2191,5,2186
112900116,59,2,57
112900117,118,8,110
112900118,0,2,-2
112900119,110,4,106
112900120,244,116,128
112900121,414,15,399
112900122,6,7,-1
112900123,159,19,140
112900124,2,15,-13
112900125,7,64,-57
112900126,23,75,-52
112900127,233,27,206
112900128,22,152,-130
112900129,0,187,-187
112900130,105,26,79
112900131,10,296,-286
112900132,97,461,-364
112900133,9,827,-818
112900134,0,98,-98
112900135,57,26,31
112900137,1,234,-233
112900138,0,44,-44
112900139,16,281,-265
112900141,579,8,571
112900142,14,107,-93
112900143,3,347,-344
112900144,9,1456,-1447
112900145,1,167,-166
112900146,1,22,-21
112900147,0,137,-137
112900148,20,3,17
112900149,42,174,-132
112900151,0,8,-8
112900152,3718,173,3545
112900153,154,1308,-1154
112900154,0,17,-17
112900155,42,2,40
112900156,335,224,111
112900157,433,26,407
112900158,62,0,62
112900159,95,105,-10
112900160,24,45,-21
112900161,95,8,87
112900162,2,12,-10
112900163,2,48,-46
112900164,7,72,-65
112900165,27,17,10
112900166,4,41,-37
112900167,1,46,-45
112900168,21,1,20
112900169,9,6,3
112900170,127,3,124
112900172,27,10,17
112900173,60,14,46
112900174,230,27,203
112900175,59,81,-22
112900176,6,49,-43
112900177,215,50,165
112900178,194,2299,-2105
112900179,5,446,-441
112900180,1578,1553,25
112900181,857,2,855
112900182,22,180,-158
112900183,52,41,11
112900184,110,209,-99
112900185,12,152,-140
112900186,527,413,114
112900187,17,315,-298
112900188,370,562,-192
112900189,8,0,8
112900190,1,0,1
112900192,338,150,188
112900193,477,83,394
112900194,59,0,59
112900195,347,20,327
112900196,166,132,34
112900197,30,194,-164
112900199,445,36,409
112900200,357,27,330
112900201,209,33,176
112900202,321,138,183
112900203,174,59,115
112900204,135,54,81
112900205,6,2,4
112900206,15,10,5
112900207,64,0,64
112900208,31,104,-73
112900209,29,83,-54
112900210,0,0,0
112900211,18,12,6
112900212,0,5,-5
112900213,16,1,15
112900214,5,6,-1
112900215,31,11,20
112900216,13,11,2
112900217,0,2,-2
112900218,55,1,54
112900219,77,0,77
112900220,3,0,3
112900221,17,12,5
112900222,0,33,-33
112900223,534,3,531
112900224,708,87,621
112900225,411,69,342
112900226,73,88,-15
112900227,940,267,673
112900228,153,49,104
112900229,375,23,352
112900230,2670,1201,1469
112900232,293,243,50
112900233,16,39,-23
112900234,76,1,75
112900235,5,2,3
112900236,676,2,674
112900237,286,181,105
112900238,23,1,22
112900239,131,447,-316
113000001,2877,2107,770
113000002,2742,1862,880
113000003,670,846,-176
113000004,774,1021,-247
113000005,943,393,550
113000006,713,748,-35
113000007,1341,442,899
113000008,1080,421,659
113000009,779,263,516
113000010,754,375,379
113000011,354,496,-142
113000012,752,338,414
113000013,298,267,31
113000014,517,569,-52
113000015,42,150,-108
113000016,125,350,-225
113000017,135,150,-15
113000018,396,48,348
113000019,132,106,26
113000020,182,37,145
113000021,1008,405,603
113000022,796,838,-42
113000025,19,94,-75
113000026,488,509,-21
113000027,531,890,-359
113000028,502,454,48
113000029,304,316,-12
113000030,93,177,-84
113000031,64,131,-67
113000032,108,83,25
113000033,187,101,86
113000034,60,57,3
113000035,11,5,6
113000036,42,31,11
113000037,13,6,7
113000038,0,25,-25
113000039,8,157,-149
113000040,38,16,22
113000042,287,170,117
113000051,559,1357,-798
113000052,1144,196,948
113000053,348,159,189
113000054,326,464,-138
113000055,1259,232,1027
113000056,1508,386,1122
113000058,199,340,-141
113000059,765,98,667
113000060,169,252,-83
113000061,306,354,-48
113000062,192,162,30
113000063,355,39,316
113000064,179,77,102
113000065,176,230,-54
113000066,797,33,764
113000067,2404,229,2175
113000068,335,233,102
113000069,332,156,176
113000070,2376,163,2213
113000071,283,167,116
113000072,706,102,604
113000073,226,365,-139
113000074,477,165,312
113000075,1227,321,906
113000076,150,886,-736
113000077,450,339,111
113000078,251,638,-387
113000079,147,261,-114
113000080,263,344,-81
113000081,565,573,-8
113000082,464,234,230
113000083,418,438,-20
113000084,599,303,296
113000085,757,246,511
113000086,313,402,-89
113000087,689,551,138
113000088,649,573,76
113000089,432,721,-289
113000090,74,340,-266
113000091,110,108,2
113000094,916,106,810
113000095,143,159,-16
113000096,48,168,-120
113000097,572,146,426
113000098,21,12,9
113000099,596,126,470
113000100,81,76,5
113000101,76,147,-71
113000102,351,148,203
113000103,1721,207,1514
113000104,577,1482,-905
113000105,617,161,456
113000106,230,125,105
113000107,688,494,194
113000108,551,304,247
113000109,261,698,-437
113000110,1841,413,1428
113000111,127,242,-115
113000112,386,169,217
113000113,904,227,677
113000114,117,517,-400
113000116,141,107,34
113000117,307,309,-2
113000118,33,311,-278
113000119,165,398,-233
113000120,25,338,-313
113000121,260,322,-62
113000124,202,50,152
113000125,13,878,-865
113000127,656,88,568
113000128,918,185,733
113000129,138,395,-257
113000133,659,100,559
113000134,4,883,-879
113000135,2465,2210,255
113000137,489,1798,-1309
113000139,113,45,68
113000140,63,33,30
113000141,138,46,92
113000142,162,116,46
113000143,220,63,157
113000144,54,67,-13
113000145,108,36,72
113000146,23,5,18
113000147,84,8,76
113000148,274,53,221
113000149,99,75,24
113000150,167,138,29
113000151,8,15,-7
113000152,21,160,-139
113000153,489,108,381
113000154,285,924,-639
113000155,211,424,-213
113000156,62,90,-28
113000157,122,167,-45
113000158,175,17,158
113000159,602,107,495
113000160,163,229,-66
113000161,170,248,-78
113000162,500,43,457
113000163,74,15,59
113000164,9,33,-24
113000166,175,19,156
113000167,56,19,37
113000168,122,23,99
113000169,139,6,133
113000170,50,17,33
113000171,13,16,-3
113000172,251,24,227
113000173,29,16,13
113000174,63,51,12
113000175,348,25,323
113000176,504,27,477
113000177,72,79,-7
113000178,81,56,25
113000179,212,30,182
113000180,833,1173,-340
113000181,1171,498,673
113000182,62,191,-129
113000183,211,420,-209
113000184,4,21,-17
113000189,72,175,-103
113000190,201,109,92
113000192,487,2030,-1543
113000193,890,1156,-266
113000194,500,1037,-537
113000195,969,909,60
113000196,385,99,286
113000197,918,1212,-294
113000198,25,151,-126
113000199,823,247,576
113000201,146,280,-134
113000202,3054,836,2218
113000203,38,419,-381
113000204,141,1525,-1384
113000205,1,2,-1
113000206,8,5,3
113000207,34,5,29
113000208,38,8,30
113000209,8,51,-43
113000210,1,6,-5
113000211,16,65,-49
113000212,15,3,12
113000213,13,48,-35
113000214,63,65,-2
113000234,77,169,-92
113000410,27,146,-119
113000411,688,1403,-715
113000412,2406,847,1559
113000413,1137,1192,-55
113000414,1858,6028,-4170
113000415,774,572,202
113000416,1149,898,251
113000417,334,547,-213
113000418,2578,2192,386
113000419,748,933,-185
113000420,1776,2647,-871
113000421,2449,3923,-1474
113000422,5864,4403,1461
113000423,720,1766,-1046
113000424,1065,4928,-3863
113000425,3,31,-28
113000428,71,15,56
113000430,5,69,-64
113000432,2184,122,2062
113000433,124,326,-202
113000434,6,90,-84
113000435,0,105,-105
113000436,1,435,-434
113000437,1105,24,1081
113000438,206,19,187
113000439,7,15,-8
113000440,107,24,83
113000441,146,119,27
113000442,102,15,87
113000443,371,25,346
113000444,226,12,214
113000445,109,39,70
113000446,14,59,-45
113000448,91,122,-31
113000449,40,849,-809
113000450,175,1920,-1745
113000451,1013,204,809
113000452,43,354,-311
113000453,5,209,-204
113000454,52,160,-108
113000455,3,339,-336
113000456,468,911,-443
113000468,590,85,505
113000469,45,216,-171
113000470,163,15,148
113000471,2,217,-215
113000472,32,38,-6
113000474,1016,489,527
113000475,792,731,61
113000476,1496,1266,230
113000477,3807,1125,2682
113000478,1497,1560,-63
113000479,69,53,16
113000480,111,101,10
113000483,0,0,0
113000484,0,0,0
113000485,0,0,0
113000486,0,0,0
113000487,0,0,0
113000488,0,0,0
113000489,0,0,0
113000490,0,0,0
113000491,0,0,0
113000492,0,0,0
113000493,0,0,0
113000495,57,17,40
113000496,66,67,-1
113000497,0,0,0
113000500,0,0,0
113900001,3,245,-242
113900002,2,30,-28
113900003,0,23,-23
113900004,0,60,-60
113900005,0,46,-46
113900006,0,14,-14
113900007,8,87,-79
113900008,4,0,4
113900009,27,0,27
113900010,5,0,5
113900011,65,0,65
113900012,21,0,21
113900013,10,0,10
113900014,320,2,318
113900015,0,24,-24
113900016,26,0,26
113900017,1,13,-12
113900018,37,88,-51
113900019,167,4,163
113900020,206,0,206
113900022,20,0,20
113900023,16,0,16
113900024,31,5,26
113900025,137,19,118
113900026,12,0,12
113900027,3,23,-20
113900028,0,113,-113
113900029,48,39,9
113900030,316,0,316
113900031,8,0,8
113900032,21,0,21
113900033,24,6,18
113900035,13,12,1
113900036,6,16,-10
113900037,91,320,-229
113900038,41,104,-63
113900039,270,12,258
113900040,1,5,-4
113900041,1,0,1
113900042,41,4,37
113900043,75,3,72
113900044,8,154,-146
113900045,70,29,41
113900046,41,251,-210
113900047,93,6,87
113900048,15,22,-7
113900049,74,361,-287
113900050,87,101,-14
113900051,84,16,68
113900052,34,35,-1
113900053,204,449,-245
113900054,6,0,6
113900055,14,124,-110
113900056,56,15,41
113900057,2,6,-4
113900058,37,9,28
113900059,79,25,54
113900060,32,178,-146
113900061,199,59,140
113900062,84,2,82
113900063,52,17,35
113900064,0,16,-16
113900065,376,6,370
113900066,266,26,240
113900067,184,34,150
113900068,217,465,-248
113900069,8,6,2
113900070,57,97,-40
113900071,65,5,60
113900072,13,21,-8
113900073,242,127,115
113900074,163,79,84
113900075,186,1138,-952
113900076,100,1,99
113900077,18,60,-42
113900078,35,29,6
113900079,1,3,-2
113900080,207,58,149
113900081,9,14,-5
113900082,33,61,-28
113900083,333,46,287
113900084,59,9,50
113900085,5,56,-51
113900086,55,10,45
113900087,28,64,-36
113900088,113,113,0
113900089,219,30,189
113900090,207,108,99
113900091,0,1,-1
113900092,9,1,8
113900093,12,422,-410
113900094,264,107,157
113900095,106,12,94
113900096,200,25,175
113900097,11,11,0
113900098,502,62,440
113900099,0,4,-4
113900100,0,0,0
113900101,3,23,-20
113900102,2,36,-34
113900103,68,253,-185
113900104,53,23,30
113900105,130,10,120
113900106,0,5,-5
113900107,0,3,-3
113900108,8,72,-64
113900109,28,54,-26
113900110,9,3,6
113900111,52,14,38
113900112,84,9,75
113900113,384,71,313
113900114,0,3,-3
113900115,0,12,-12
113900116,4,54,-50
113900117,16,1,15
113900118,46,345,-299
113900119,30,104,-74
113900120,71,20,51
113900121,61,12,49
113900122,112,2496,-2384
113900123,259,21,238
113900124,0,25,-25
113900125,264,43,221
113900126,5,14,-9
113900127,104,290,-186
113900128,89,14,75
113900129,2,45,-43
113900130,0,6,-6
113900131,58,6,52
113900132,5,8,-3
113900133,8,9,-1
113900135,199,88,111
113900136,13,8,5
113900137,202,71,131
113900138,3,107,-104
113900139,59,90,-31
113900140,29,89,-60
113900141,352,105,247
113900142,32,12,20
113900143,2,50,-48
113900144,45,51,-6
113900145,136,11,125
113900146,147,15,132
113900148,23,52,-29
113900149,53,45,8
113900150,442,77,365
113900151,291,46,245
113900152,22,45,-23
113900153,71,115,-44
113900154,0,46,-46
113900155,9,21,-12
113900156,16,66,-50
113900157,16,251,-235
113900158,64,102,-38
113900159,1,66,-65
113900160,133,103,30
113900161,33,113,-80
113900162,68,75,-7
113900163,205,32,173
113900164,239,8,231
113900165,130,66,64
113900166,16,6,10
113900167,242,49,193
113900168,11,7,4
113900169,53,82,-29
113900171,91,23,68
113900172,1,25,-24
113900173,11,72,-61
113900174,35,171,-136
113900175,106,112,-6
113900176,50,88,-38
113900177,37,48,-11
113900178,131,39,92
113900179,5,187,-182
113900180,19,9,10
113900181,563,29,534
113900182,159,46,113
113900183,19,8,11
113900184,3,291,-288
113900185,12,10,2
113900186,12,3,9
113900187,12,13,-1
113900188,2,36,-34
113900189,204,68,136
113900190,61,9,52
113900191,7,58,-51
113900192,0,199,-199
113900193,1,91,-90
113900194,400,68,332
113900195,70,53,17
113900196,0,33,-33
113900197,3,21,-18
113900198,1,38,-37
113900199,14,51,-37
113900200,1,13,-12
113900201,0,43,-43
113900202,3,39,-36
113900203,0,28,-28
113900204,1,59,-58
113900205,1,12,-11
113900206,0,46,-46
113900207,0,15,-15
113900208,0,8,-8
113900209,0,10,-10
113900210,108,149,-41
113900211,123,9,114
113900212,311,128,183
113900214,61,84,-23
113900215,186,9,177
113900216,53,69,-16
113900217,75,89,-14
113900218,53,35,18
113900219,48,152,-104
113900220,57,38,19
113900221,74,169,-95
113900222,16,215,-199
113900223,128,102,26
113900224,7,5,2
113900225,185,45,140
113900226,98,27,71
113900227,116,76,40
113900228,93,188,-95
113900229,17,386,-369
113900230,687,1080,-393
113900231,10,8,2
113900232,30,8,22
113900233,47,26,21
113900234,99,115,-16
113900235,58,14,44
113900236,403,30,373
113900237,104,12,92
113900238,100,210,-110
113900239,24,38,-14
113900240,1,60,-59
113900241,6,0,6
113900242,2,12,-10
113900243,2,19,-17
113900244,127,53,74
113900245,197,54,143
113900246,0,13,-13
113900247,22,242,-220
113900248,438,796,-358
113900249,88,364,-276
113900250,10,83,-73
113900251,733,28,705
113900252,480,10,470
113900253,281,25,256
113900254,135,35,100
113900255,619,12,607
113900256,402,16,386
113900257,13,146,-133
113900258,1,264,-263
113900259,476,56,420
113900260,165,18,147
113900261,32,8,24
113900262,151,98,53
113900263,2,47,-45
113900264,0,59,-59
113900265,29,104,-75
113900266,28,48,-20
113900267,18,138,-120
113900268,53,135,-82
113900269,21,64,-43
113900270,49,137,-88
113900271,153,73,80
113900273,3,3,0
113900274,57,6,51
113900275,1,9,-8
113900276,0,39,-39
113900277,221,1,220
113900278,28,27,1
113900279,21,6,15
113900280,226,143,83
113900281,59,469,-410
113900282,121,91,30
113900283,94,148,-54
113900284,523,60,463
113900285,90,15,75
113900286,21,30,-9
113900287,54,14,40
113900288,0,19,-19
113900289,98,93,5
113900290,54,171,-117
113900291,15,44,-29
113900292,6,0,6
113900293,13,57,-44
113900294,520,18,502
113900295,128,65,63
113900296,648,220,428
113900297,1149,21,1128
113900298,2,261,-259
113900299,149,49,100
113900300,1809,2253,-444
113900301,110,370,-260
113900302,915,273,642
113900303,59,473,-414
113900304,0,24,-24
113900305,156,1,155
113900306,47,1,46
113900307,3,0,3
113900308,7,6,1
113900309,1,263,-262
113900310,0,0,0
113900311,28,1,27
113900312,33,39,-6
113900313,4,0,4
114000001,426,682,-256
114000002,215,170,45
114000003,94,55,39
114000004,411,117,294
114000005,418,55,363
114000006,570,278,292
114000007,471,357,114
114000008,846,691,155
114000009,1201,84,1117
114000011,2150,769,1381
114000012,3337,769,2568
114000013,1735,526,1209
114000014,255,18,237
114000015,1567,92,1475
114000016,177,33,144
114000017,67,667,-600
114000018,67,18,49
114000026,2438,543,1895
114000027,3734,1299,2435
114000028,1301,1990,-689
114000038,284,98,186
114000039,30,9,21
114000040,157,322,-165
114000042,61,140,-79
114000043,18,54,-36
114000044,470,7,463
114000045,4,6,-2
114000046,657,1493,-836
114000047,7,71,-64
114000048,98,11,87
114000049,1575,693,882
114000050,1348,369,979
114000051,1930,999,931
114000052,2073,1610,463
114000053,8,396,-388
114000054,160,341,-181
114000055,198,29,169
114000056,52,185,-133
114000057,1541,1052,489
114000058,48,411,-363
114000059,19,358,-339
114000060,177,191,-14
114000061,914,989,-75
114000062,163,379,-216
114000063,479,383,96
114000064,938,1684,-746
114000065,501,680,-179
114000066,466,371,95
114000067,10,778,-768
114000068,169,418,-249
114000069,778,154,624
114000070,1265,951,314
114000071,715,133,582
114000072,750,146,604
114000073,24,37,-13
114000074,52,3,49
114000075,117,38,79
114000076,15,34,-19
114000077,1,4,-3
114000078,218,131,87
114000079,391,60,331
114000080,45,63,-18
114000081,78,38,40
114000082,38,78,-40
114000083,35,8,27
114000084,121,89,32
114000085,40,162,-122
114000086,224,102,122
114000087,188,14,174
114000088,80,13,67
114000089,247,106,141
114000090,558,465,93
114000091,378,417,-39
114000092,193,166,27
114000093,920,170,750
114000094,486,168,318
114000095,241,213,28
114000096,44,137,-93
114000097,56,169,-113
114000098,934,102,832
114000099,545,95,450
114000100,1892,185,1707
114000101,234,183,51
114000102,798,142,656
114000103,69,115,-46
114000104,4,58,-54
114000105,212,67,145
114000106,396,1269,-873
114000107,430,51,379
114000108,843,368,475
114000109,573,1062,-489
114000110,436,427,9
114000111,1710,716,994
114000112,273,1124,-851
114000113,1353,471,882
114000114,241,698,-457
114000115,1376,887,489
114000116,875,2443,-1568
114000117,4021,299,3722
114000118,3346,221,3125
114000119,2661,260,2401
114000120,919,597,322
114000121,272,278,-6
114000122,274,81,193
114000123,2235,144,2091
114000124,1207,141,1066
114000125,801,738,63
114000126,1314,168,1146
114000127,121,54,67
114000128,813,138,675
114000130,432,502,-70
114000131,426,28,398
114000132,430,94,336
114000133,416,282,134
114000134,25,4,21
114000138,4,5,-1
114000139,249,74,175
114000144,464,258,206
114000145,17,1,16
114000146,42,28,14
114000147,631,1502,-871
114000148,523,865,-342
114000149,198,117,81
114000150,74,99,-25
114000151,159,1498,-1339
114000152,29,9,20
114000153,167,526,-359
114000154,268,126,142
114000155,571,2019,-1448
114000156,540,319,221
114000157,198,771,-573
114000158,282,292,-10
114000159,124,93,31
114000160,63,123,-60
114000161,532,815,-283
114000162,846,1276,-430
114000163,20,4,16
114000165,176,108,68
114000166,151,218,-67
114000167,1368,957,411
114000168,196,110,86
114000169,544,776,-232
114000170,777,571,206
114000171,1332,6346,-5014
114000174,106,113,-7
114000176,173,84,89
114000177,305,197,108
114000178,28,37,-9
114000179,583,443,140
114000180,173,149,24
114000181,898,3291,-2393
114000182,671,1095,-424
114000183,390,226,164
114000184,865,269,596
114000185,1081,605,476
114000189,1699,85,1614
114000190,3084,375,2709
114000191,64,333,-269
114000192,80,322,-242
114000193,184,514,-330
114000194,1690,643,1047
114000195,368,183,185
114000196,0,77,-77
114000197,2125,13,2112
114000198,227,208,19
114000199,534,852,-318
114000200,408,393,15
114000201,183,325,-142
114000202,782,494,288
114000203,609,872,-263
114000204,31,128,-97
114000205,320,691,-371
114000206,468,575,-107
114000207,271,407,-136
114000208,444,456,-12
114000209,328,440,-112
114000210,144,386,-242
114000211,1683,578,1105
114000212,1351,992,359
114000213,2122,387,1735
114000214,80,28,52
114000215,116,43,73
114000216,1512,467,1045
114000217,427,201,226
114000218,288,122,166
114000219,1296,120,1176
114000220,17,224,-207
114000221,1448,95,1353
114000222,164,344,-180
114000223,692,85,607
114000224,52,234,-182
114000225,294,147,147
114000226,309,94,215
114000227,1289,487,802
114000228,974,313,661
114000229,1479,882,597
114000230,1661,436,1225
114000231,961,963,-2
114000232,1007,155,852
114000233,2236,87,2149
114000234,1395,423,972
114000235,1681,952,729
114000236,0,208,-208
114000237,106,365,-259
114000238,58,276,-218
114000239,68,448,-380
114000240,708,1402,-694
114000241,339,393,-54
114000242,642,523,119
114000243,1774,1090,684
114000244,301,189,112
114000245,466,973,-507
114000246,64,69,-5
114000247,436,336,100
114000248,1328,439,889
114000249,997,299,698
114000250,930,139,791
114000251,172,80,92
114000252,28,11,17
114000253,26,46,-20
114000254,18,2,16
114000255,189,153,36
114000256,173,373,-200
114000257,584,567,17
114000258,314,102,212
114000259,146,153,-7
114000260,0,0,0
114000261,101,30,71
114000262,313,32,281
114000263,7,3,4
114000264,1441,81,1360
114000265,0,2,-2
114000267,4,1832,-1828
114000268,0,453,-453
114000270,180,20,160
114000271,189,152,37
114000283,1495,211,1284
114000285,6,79,-73
114000288,82,106,-24
114000289,1621,44,1577
114000293,305,102,203
114000294,196,315,-119
114000395,1586,49,1537
114000396,397,144,253
114000402,749,161,588
114000403,532,90,442
114000405,330,206,124
114000423,524,113,411
114000424,557,97,460
114000425,1439,82,1357
114000426,419,760,-341
114000427,55,8,47
114000428,37,91,-54
114000429,21,36,-15
114000432,38,17,21
114000434,41,22,19
114000435,0,25,-25
114000436,364,57,307
114000437,151,1793,-1642
114900001,487,81,406
114900002,236,59,177
114900003,656,201,455
114900004,122,373,-251
114900005,293,125,168
114900006,39,85,-46
114900007,82,10,72
114900008,458,23,435
114900010,387,869,-482
114900011,352,47,305
114900013,249,41,208
114900015,43,362,-319
114900018,532,8,524
114900020,45,50,-5
114900022,1,239,-238
114900024,88,94,-6
114900025,594,87,507
114900026,44,92,-48
114900027,147,92,55
114900029,26,23,3
114900030,276,54,222
114900031,398,9,389
114900032,599,5,594
114900033,196,1521,-1325
114900034,18,30,-12
114900035,17,114,-97
114900036,95,78,17
114900037,41,9,32
114900038,132,144,-12
114900039,563,50,513
114900040,143,14,129
114900041,1022,24,998
114900042,900,57,843
114900043,426,53,373
114900044,102,39,63
114900046,8,48,-40
114900047,42,2293,-2251
114900048,17,146,-129
114900049,1,34,-33
114900050,17,38,-21
114900051,17,69,-52
114900052,20,72,-52
114900053,42,118,-76
114900054,9,37,-28
114900057,82,3,79
114900058,0,27,-27
114900059,165,36,129
114900060,96,233,-137
114900061,11,9,2
114900062,53,82,-29
114900063,55,8,47
114900064,1499,76,1423
114900065,227,429,-202
114900067,12,42,-30
114900068,8,90,-82
114900069,89,29,60
114900070,538,78,460
114900072,2,39,-37
114900073,0,22,-22
114900074,1116,30,1086
114900075,240,2,238
114900076,5,75,-70
114900080,343,78,265
114900082,1142,1196,-54
114900083,44,186,-142
114900090,519,50,469
114900091,61,63,-2
114900095,39,36,3
114900096,7,68,-61
114900097,170,0,170
114900098,3,50,-47
114900099,271,44,227
115000001,1884,1203,681
115000002,2613,4889,-2276
115000003,2032,887,1145
115000004,3289,4319,-1030
115000005,978,1264,-286
115000006,1150,776,374
115000007,36,183,-147
115000008,175,266,-91
115000009,214,126,88
115000010,156,118,38
115000013,4,83,-79
115000015,2,81,-79
115000016,40,216,-176
115000019,38,474,-436
115000020,85,659,-574
115000021,60,244,-184
115000022,145,98,47
115000023,291,343,-52
115000024,344,91,253
115000025,753,306,447
115000026,188,85,103
115000027,292,190,102
115000028,127,98,29
115000029,730,51,679
115000030,271,289,-18
115000031,472,84,388
115000032,4,39,-35
115000033,59,10,49
115000034,30,294,-264
115000035,503,75,428
115000036,1,103,-102
115000037,600,83,517
115000038,59,137,-78
115000039,1050,1942,-892
115000040,1736,1273,463
115000041,649,2748,-2099
115000042,326,311,15
115000043,2080,1288,792
115000044,1668,1404,264
115000045,1570,510,1060
115000046,2906,1267,1639
115000047,2279,908,1371
115000048,1253,926,327
115000049,1012,1180,-168
115000050,2246,735,1511
115000051,1018,2998,-1980
115000052,726,816,-90
115000053,1900,2303,-403
115000054,491,530,-39
115000055,88,521,-433
115000056,233,122,111
115000057,401,854,-453
115000058,94,312,-218
115000059,85,258,-173
115000061,142,169,-27
115000062,264,401,-137
115000063,457,250,207
115000064,200,73,127
115000065,63,535,-472
115000067,164,10,154
115000069,104,187,-83
115000070,29,762,-733
115000071,86,10,76
115000072,8,39,-31
115000073,982,59,923
115000075,55,60,-5
115000076,1245,789,456
115000077,1268,592,676
115000078,1142,368,774
115000079,952,564,388
115000080,2601,662,1939
115000081,210,290,-80
115000082,3638,2512,1126
115000083,2091,568,1523
115000084,3084,360,2724
115000085,717,296,421
115000086,837,237,600
115000087,419,779,-360
115000088,1114,363,751
115000089,1101,638,463
115000090,274,597,-323
115000091,194,309,-115
115000092,707,419,288
115000093,708,0,708
115000094,2824,5880,-3056
115000095,1703,4730,-3027
115000096,762,344,418
115000097,1597,1028,569
115000098,1410,251,1159
115000099,1947,763,1184
115000100,1620,326,1294
115000101,403,361,42
115000102,451,101,350
115000103,262,334,-72
115000105,59,38,21
115000106,902,267,635
115000107,101,141,-40
115000108,887,783,104
115000109,1749,4608,-2859
115000110,725,1511,-786
115000111,205,327,-122
115000112,430,305,125
115000113,155,263,-108
115000114,359,159,200
115000116,865,1017,-152
115000117,842,876,-34
115000118,948,954,-6
115000119,672,867,-195
115000120,313,781,-468
115000121,257,308,-51
115000122,414,1008,-594
115000123,263,849,-586
115000124,452,684,-232
115000125,249,531,-282
115000126,72,356,-284
115000127,283,104,179
115000128,206,569,-363
115000129,147,410,-263
115000130,297,199,98
115000131,655,122,533
115000132,288,119,169
115000133,627,73,554
115000134,249,60,189
115000135,118,64,54
115000136,113,71,42
115000137,68,52,16
115000138,237,92,145
115000139,135,26,109
115000140,505,66,439
115000141,110,47,63
115000142,73,55,18
115000143,736,226,510
115000144,301,33,268
115000145,132,85,47
115000146,324,110,214
115000147,183,99,84
115000148,176,284,-108
115000149,448,190,258
115000150,341,140,201
115000151,915,179,736
115000152,415,214,201
115000153,992,262,730
115000154,777,150,627
115000155,385,267,118
115000156,310,388,-78
115000157,140,176,-36
115000158,137,97,40
115000159,139,167,-28
115000160,290,303,-13
115000161,387,218,169
115000162,349,728,-379
115000163,192,244,-52
115000164,165,284,-119
115000165,154,323,-169
115000167,30,13,17
115000168,387,135,252
115000169,185,388,-203
115000170,27,219,-192
115000171,232,233,-1
115000172,522,664,-142
115000173,190,686,-496
115000174,45,316,-271
115000175,87,129,-42
115000176,11,96,-85
115000177,16,165,-149
115000178,4,172,-168
115000179,20,67,-47
115000180,82,187,-105
115000181,687,83,604
115000182,987,197,790
115000183,397,192,205
115000186,235,62,173
115000187,230,72,158
115000188,245,160,85
115000189,222,283,-61
115000190,400,267,133
115000191,136,366,-230
115000194,84,17,67
115000195,42,65,-23
115000196,259,36,223
115000197,138,70,68
115000198,533,32,501
115000199,480,75,405
115000200,395,40,355
115000201,137,72,65
115000206,619,3,616
115000207,128,46,82
115000208,70,266,-196
115000209,497,316,181
115000210,211,59,152
115000211,63,187,-124
115000212,511,354,157
115000224,223,8,215
115000225,73,14,59
115000229,90,77,13
115000230,42,161,-119
115000231,325,302,23
115000232,2125,249,1876
115000233,92,66,26
115000234,22,92,-70
115000241,54,61,-7
115000242,207,34,173
115000243,25,22,3
115000244,1,49,-48
115000246,38,8,30
115000247,1,10,-9
115000248,37,2,35
115000249,3,3,0
115000250,229,5,224
115000251,278,28,250
115000252,57,63,-6
115000253,1,269,-268
115000258,179,15,164
115000259,61,15,46
115000261,18,14,4
115000262,0,8,-8
115000263,2,10,-8
115000264,1,6,-5
115000267,30,11,19
115000268,11,45,-34
115000269,30,28,2
115000270,8,22,-14
115000272,39,20,19
115000273,356,6,350
115000280,528,407,121
115000281,74,956,-882
115000282,409,1751,-1342
115000284,19,132,-113
115000296,155,6,149
115000297,55,431,-376
115000298,15,525,-510
115000300,91,131,-40
115000302,350,16,334
115000303,965,42,923
115000304,933,54,879
115000305,78,87,-9
115000306,296,57,239
115000307,180,107,73
115000308,4,5,-1
115000309,5,71,-66
115000310,1424,287,1137
115000311,1087,415,672
115000313,43,143,-100
115000314,373,113,260
115000315,199,562,-363
115000316,20,100,-80
115000317,99,202,-103
115000318,944,202,742
115000319,67,44,23
115000320,8,329,-321
115000321,369,27,342
115000322,42,79,-37
115000449,120,107,13
115000557,7,1864,-1857
115000558,46,62,-16
115000587,638,184,454
115000588,1225,1205,20
115000589,2480,1546,934
115000590,349,627,-278
115000591,1023,409,614
115000592,346,685,-339
115000593,1446,309,1137
115000594,332,1404,-1072
115000609,157,49,108
115000617,271,2036,-1765
115000624,357,10,347
115000633,408,896,-488
115000634,1923,375,1548
115000635,348,43,305
115000638,158,230,-72
115000641,40,136,-96
115000642,198,73,125
115000643,73,142,-69
115000644,68,141,-73
115000646,323,550,-227
115000647,90,219,-129
115000648,2135,373,1762
115000893,696,377,319
115000894,104,504,-400
115000895,142,416,-274
115000896,539,188,351
115000897,147,13,134
115000898,192,139,53
115000899,66,868,-802
115000900,17,111,-94
115000901,20,175,-155
115000912,279,45,234
115000913,1,1,0
115000915,3,0,3
115000916,29,21,8
115000917,0,25,-25
115000918,6,675,-669
115000919,0,20,-20
115000920,0,18,-18
115000921,87,35,52
115000922,209,389,-180
115000923,35,845,-810
115000925,120,88,32
115000927,28,27,1
115000933,22,242,-220
115000934,47,155,-108
115000935,103,9,94
115000936,5,619,-614
115000937,121,135,-14
115000938,5,34,-29
115000939,3,58,-55
115900001,335,8,327
115900002,23,28,-5
115900003,173,38,135
115900004,0,5,-5
115900005,291,9,282
115900006,52,63,-11
115900008,209,2,207
115900009,45,39,6
115900010,555,21,534
115900011,197,45,152
115900012,336,4,332
115900013,268,21,247
115900014,103,30,73
115900015,190,3,187
115900016,51,8,43
115900017,40,43,-3
115900018,91,13,78
115900019,33,16,17
115900020,153,1,152
115900021,262,192,70
115900022,308,3,305
115900023,6,15,-9
115900025,16,44,-28
115900026,397,43,354
115900027,0,80,-80
115900028,90,11,79
115900029,46,95,-49
115900030,20,21,-1
115900031,42,153,-111
115900032,106,151,-45
115900033,0,22,-22
115900034,11,63,-52
115900035,46,4,42
115900036,10,961,-951
115900037,4,87,-83
115900038,14,1,13
115900039,97,57,40
115900041,61,613,-552
115900042,60,1,59
115900043,73,36,37
115900044,57,274,-217
115900046,399,38,361
115900047,49,185,-136
115900049,136,109,27
115900051,3,16,-13
115900052,2,73,-71
115900053,235,24,211
115900054,399,15,384
115900055,18,48,-30
115900056,99,24,75
115900057,2,25,-23
115900058,2,28,-26
115900060,18,44,-26
115900061,234,1,233
115900062,10,39,-29
115900063,13,2,11
115900064,50,97,-47
115900065,139,15,124
115900066,42,26,16
115900067,32,61,-29
115900068,1074,1580,-506
115900069,24,116,-92
115900070,107,23,84
115900071,0,201,-201
115900072,9,49,-40
115900073,187,117,70
115900074,1,55,-54
115900075,15,88,-73
115900076,2,27,-25
115900077,1,44,-43
115900078,11,84,-73
115900079,438,3,435
115900080,74,4,70
115900081,46,14,32
115900082,86,60,26
115900084,686,3,683
115900085,2,24,-22
115900086,422,113,309
115900088,0,78,-78
115900089,383,110,273
115900090,635,1,634
115900091,0,4,-4
115900092,71,21,50
115900093,6,2,4
115900094,8,51,-43
115900096,0,5,-5
115900097,3,112,-109
115900098,289,69,220
115900099,81,93,-12
115900100,3,199,-196
115900101,133,53,80
115900102,113,39,74
115900103,223,30,193
115900104,109,28,81
115900105,205,95,110
115900106,107,3,104
115900107,91,23,68
115900108,98,0,98
115900109,2,124,-122
115900110,28,0,28
115900111,0,16,-16
115900112,51,181,-130
115900113,51,1,50
115900114,0,19,-19
115900115,80,26,54
115900116,24,160,-136
115900117,45,0,45
115900118,20,105,-85
115900119,181,56,125
115900120,12,68,-56
115900121,234,61,173
115900124,110,672,-562
115900125,351,71,280
115900126,785,14,771
115900127,739,15,724
115900128,0,120,-120
115900129,245,7,238
115900130,1,335,-334
115900131,347,8,339
115900132,455,2,453
115900134,319,6,313
115900135,263,331,-68
115900137,30,3,27
115900139,5,40,-35
115900140,512,29,483
115900141,0,3,-3
115900142,0,15,-15
115900143,201,77,124
115900144,81,72,9
115900146,8,46,-38
115900147,57,202,-145
115900148,16,6,10
115900149,96,12,84
115900150,125,7,118
115900151,24,41,-17
115900152,40,61,-21
115900153,94,64,30
115900154,99,151,-52
115900155,0,10,-10
115900156,287,270,17
115900157,289,212,77
115900158,10,0,10
115900159,187,43,144
115900160,0,0,0
115900161,9,77,-68
115900163,212,49,163
115900164,744,14,730
115900165,1,186,-185
115900166,16,21,-5
115900168,310,19,291
115900171,30,61,-31
115900172,32,25,7
115900173,113,53,60
115900174,70,82,-12
115900175,161,30,131
115900178,31,112,-81
115900179,335,10,325
115900180,38,46,-8
115900181,174,32,142
115900182,653,44,609
115900183,9,65,-56
115900184,76,2,74
115900187,1,163,-162
115900189,0,67,-67
115900190,122,308,-186
115900191,6,68,-62
115900192,11,52,-41
115900193,60,30,30
115900194,683,10,673
115900195,154,1904,-1750
115900198,111,108,3
115900199,222,36,186
115900200,101,43,58
115900201,85,147,-62
115900202,22,132,-110
115900203,0,5,-5
115900204,0,38,-38
115900205,6,3,3
115900206,426,11,415
115900207,44,17,27
115900208,118,13,105
115900209,21,32,-11
115900210,0,80,-80
115900211,0,25,-25
115900212,161,28,133
115900213,19,195,-176
115900214,454,88,366
115900215,17,165,-148
115900216,1,54,-53
115900217,20,14,6
115900218,3,9,-6
115900219,191,0,191
115900220,340,3,337
115900221,226,4,222
115900222,105,22,83
115900223,0,309,-309
115900224,271,1392,-1121
115900225,64,26,38
115900226,0,16,-16
115900227,4,4,0
115900228,0,9,-9
115900229,2,20,-18
115900230,29,11,18
115900231,118,1,117
115900232,27,1,26
115900233,125,1,124
115900234,34,48,-14
115900235,10,23,-13
115900236,3,111,-108
115900237,14,27,-13
115900238,6,26,-20
115900239,6,49,-43
115900240,7,14,-7
115900241,260,10,250
115900242,164,277,-113
115900243,0,3,-3
115900244,4,5,-1
115900245,88,0,88
115900246,0,0,0
115900247,0,0,0
115900248,1,1,0
115900249,4,0,4
115900250,8,2,6
115900251,2,0,2
115900252,3,0,3
115900253,7,1,6
115900254,6,10,-4
115900255,0,12,-12
115900256,8,10,-2
115900257,1,8,-7
115900258,0,0,0
115900259,38,0,38
115900260,1,0,1
115900261,1,0,1
115900262,7,0,7
115900263,1,0,1
115900264,1,3,-2
115900265,14,0,14
115900266,27,8,19
115900267,0,1,-1
115900268,3,2,1
115900269,1030,50,980
115900270,301,92,209
115900271,201,0,201
115900272,39,4,35
115900273,18,15,3
115900274,0,0,0
115900275,0,0,0
115900276,1,1,0
115900277,0,13,-13
115900278,51,22,29
115900279,20,147,-127
115900280,10,502,-492
115900281,64,125,-61
115900282,9,24,-15
115900283,19,19,0
115900284,2,0,2
116000001,2609,1070,1539
116000002,2896,12097,-9201
116000003,578,411,167
116000004,3021,5039,-2018
116000005,597,1457,-860
116000006,1505,2721,-1216
116000007,900,1031,-131
116000008,3125,1683,1442
116000009,527,880,-353
116000010,2555,1090,1465
116000011,412,823,-411
116000012,1484,723,761
116000013,2680,1538,1142
116000014,5434,14039,-8605
116000015,26,518,-492
116000016,1778,4779,-3001
116000017,38,302,-264
116000018,91,126,-35
116000019,719,153,566
116000020,219,350,-131
116000021,560,126,434
116000022,415,153,262
116000023,906,772,134
116000024,423,332,91
116000025,535,354,181
116000026,708,1220,-512
116000027,212,422,-210
116000028,328,688,-360
116000029,289,189,100
116000030,436,413,23
116000031,8,21,-13
116000032,253,43,210
116000033,663,146,517
116000034,612,433,179
116000035,160,107,53
116000036,73,418,-345
116000037,134,175,-41
116000038,61,238,-177
116000039,92,241,-149
116000040,282,390,-108
116000041,23,232,-209
116000042,418,289,129
116000043,40,225,-185
116000044,3,14,-11
116000045,946,722,224
116000046,824,561,263
116000047,1177,1465,-288
116000048,1915,764,1151
116000049,1538,1008,530
116000050,939,586,353
116000051,2257,903,1354
116000052,1727,1200,527
116000053,2291,249,2042
116000054,808,849,-41
116000055,517,293,224
116000056,1409,794,615
116000057,1099,221,878
116000058,1572,1738,-166
116000059,1330,3556,-2226
116000060,1223,646,577
116000061,99,1337,-1238
116000062,302,227,75
116000063,341,1177,-836
116000066,203,630,-427
116000067,114,216,-102
116000068,124,356,-232
116000069,167,102,65
116000078,385,729,-344
116000080,863,374,489
116000082,18,16,2
116000083,1538,258,1280
116000084,806,1036,-230
116000085,1226,1373,-147
116000086,468,291,177
116000087,2719,1358,1361
116000088,766,440,326
116000089,167,88,79
116000090,109,103,6
116000091,208,474,-266
116000093,640,117,523
116000094,825,252,573
116000095,659,240,419
116000096,1153,1571,-418
116000097,823,403,420
116000098,106,6540,-6434
116000099,3533,221,3312
116000100,179,12,167
116000101,1275,151,1124
116000102,277,286,-9
116000103,302,254,48
116000104,221,446,-225
116000105,1171,51,1120
116000106,379,729,-350
116000107,1979,219,1760
116000108,16,1026,-1010
116000111,143,23,120
116000113,87,16,71
116000114,8,61,-53
116000115,234,60,174
116000116,147,121,26
116000117,1483,795,688
116000118,1031,433,598
116000119,3468,1109,2359
116000120,1494,1261,233
116000121,1141,283,858
116000122,564,295,269
116000123,2006,202,1804
116000124,347,204,143
116000125,2903,193,2710
116000126,136,247,-111
116000127,410,435,-25
116000128,2156,285,1871
116000129,1048,72,976
116000130,608,324,284
116000133,1560,126,1434
116000134,858,468,390
116000135,2758,581,2177
116000136,451,554,-103
116000137,991,411,580
116000138,368,193,175
116000139,1262,2582,-1320
116000140,302,230,72
116000141,392,460,-68
116000142,3510,1561,1949
116000143,2079,1509,570
116000144,2052,1323,729
116000145,2690,855,1835
116000146,785,112,673
116000147,160,198,-38
116000148,735,511,224
116000149,200,233,-33
116000151,559,383,176
116000153,127,309,-182
116000155,140,274,-134
116000156,536,224,312
116000157,85,1,84
116000158,245,63,182
116000159,4,2,2
116000160,38,33,5
116000161,28,50,-22
116000162,16,189,-173
116000163,59,3,56
116000164,14,3,11
116000177,34,709,-675
116000194,72,126,-54
116000195,1298,175,1123
116000196,7,1,6
116000197,9,5,4
116000198,1161,617,544
116000200,318,660,-342
116000201,559,176,383
116000202,4,105,-101
116000203,0,18,-18
116000204,1,17,-16
116000205,0,62,-62
116000206,0,90,-90
116000207,8,38,-30
116000233,34,134,-100
116000287,201,56,145
116000288,346,130,216
116000292,53,9,44
116000296,8,262,-254
116000297,153,2,151
116000304,383,3,380
116000305,15,43,-28
116000346,264,43,221
116000352,108,10,98
116000354,38,27,11
116000357,4,40,-36
116000358,378,177,201
116000361,10,0,10
116000372,2037,4256,-2219
116000381,148,3,145
116000388,0,12,-12
116000389,571,96,475
116000445,857,81,776
116000446,664,74,590
116000447,6,340,-334
116000448,293,30,263
116000563,348,614,-266
116000565,133,123,10
116000568,48,370,-322
116000579,31,165,-134
116000584,32,2,30
116000585,43,29,14
116000586,13,55,-42
116000587,390,197,193
116000589,59,31,28
116000590,121,52,69
116000591,302,61,241
116000592,1,14,-13
116000593,0,28,-28
116000594,1114,166,948
116000595,660,24,636
116000596,195,0,195
116000597,734,183,551
116000598,68,105,-37
116000602,5,392,-387
116000605,143,43,100
116000606,80,229,-149
116000607,1,10,-9
116000609,29,1050,-1021
116000611,279,79,200
116000612,1544,2301,-757
116000613,603,273,330
116000614,423,128,295
116000615,0,0,0
116000616,52,49,3
116000617,147,17,130
116000618,1,23,-22
116000619,15,65,-50
116000620,305,147,158
116000621,90,66,24
116000622,112,59,53
116000624,109,211,-102
116000627,163,4,159
116000628,153,122,31
116000629,63,322,-259
116000630,750,7,743
116000631,273,7,266
116000632,1112,75,1037
116000633,30,124,-94
116000634,1297,4,1293
116000635,1021,960,61
116000636,170,748,-578
116000637,701,18,683
116000638,2,461,-459
116900001,53,40,13
116900002,160,1,159
116900003,57,2,55
116900004,33,74,-41
116900005,289,6,283
116900006,75,174,-99
116900007,36,26,10
116900008,565,95,470
116900009,2,31,-29
116900010,1,173,-172
116900011,1,26,-25
116900012,37,51,-14
116900013,2,51,-49
116900014,219,46,173
116900015,540,40,500
116900016,332,6,326
116900017,0,286,-286
116900018,75,40,35
116900019,0,56,-56
116900020,1006,1743,-737
116900023,25,14,11
116900024,771,14,757
116900025,1457,237,1220
116900026,49,184,-135
116900027,40,18,22
116900028,2,5,-3
116900029,2,175,-173
116900031,2,0,2
116900032,0,69,-69
116900033,25,2,23
116900034,18,5,13
116900035,115,63,52
116900036,1,38,-37
116900038,38,0,38
116900041,108,1,107
116900042,41,55,-14
116900043,29,44,-15
116900047,20,239,-219
116900049,5,63,-58
116900050,67,61,6
116900051,381,7,374
116900052,94,53,41
116900055,0,13,-13
116900057,32,14,18
116900058,14,89,-75
116900059,0,7,-7
116900060,70,133,-63
116900062,1,43,-42
116900064,11,61,-50
116900065,1,50,-49
116900067,12,26,-14
116900068,117,109,8
116900070,6,3,3
116900072,6,23,-17
116900073,0,35,-35
116900074,0,6,-6
116900076,24,28,-4
116900077,4,36,-32
116900078,72,31,41
116900079,16,147,-131
116900080,2,6,-4
116900081,54,216,-162
116900082,28,483,-455
116900083,17,3,14
116900084,14,13,1
116900085,8,35,-27
116900086,31,262,-231
116900088,65,5,60
116900090,7,10,-3
116900091,393,26,367
116900092,38,150,-112
116900093,777,758,19
116900094,1930,4169,-2239
116900095,158,12,146
116900096,236,234,2
116900097,748,2359,-1611
116900098,161,39,122
116900099,93,351,-258
116900100,1115,46,1069
116900101,87,182,-95
116900103,0,0,0
116900104,8,407,-399
116900105,312,153,159
116900106,2980,45,2935
116900107,959,3223,-2264
116900110,4,0,4
116900111,678,264,414
116900112,332,183,149
116900113,621,1908,-1287
116900116,5,123,-118
116900117,148,42,106
116900118,301,725,-424
116900120,439,16,423
116900121,114,22,92
116900122,1377,159,1218
116900123,271,201,70
116900124,68,157,-89
116900125,431,84,347
116900126,31,446,-415
116900128,0,5,-5
116900129,0,104,-104
116900130,222,3855,-3633
116900131,18,109,-91
116900132,48,45,3
116900133,84,36,48
116900134,161,153,8
116900136,138,25,113
116900137,128,21,107
116900138,108,23,85
116900139,9,74,-65
116900140,94,30,64
116900141,251,40,211
116900142,1,15,-14
116900143,200,59,141
116900144,20,2,18
116900145,25,56,-31
116900147,48,291,-243
116900148,1,1,0
116900149,70,149,-79
116900150,9,1,8
116900151,5,3,2
116900153,112,56,56
116900154,79,269,-190
116900155,43,44,-1
116900157,960,18,942
116900158,164,261,-97
116900159,31,216,-185
116900160,615,400,215
116900161,1585,6792,-5207
116900162,15,50,-35
116900163,328,10,318
116900164,105,16,89
116900165,486,185,301
116900166,148,36,112
116900167,459,8,451
116900168,478,9,469
116900169,44,189,-145
116900170,626,183,443
116900171,110,111,-1
116900172,50,396,-346
116900173,513,20,493
116900174,46,140,-94
116900175,207,104,103
116900178,50,60,-10
116900179,12,391,-379
116900180,81,2,79
116900182,367,110,257
116900183,204,56,148
116900185,27,23,4
116900186,116,88,28
116900187,27,37,-10
116900188,83,11,72
116900189,165,1,164
116900191,91,62,29
116900192,319,88,231
116900194,29,712,-683
116900195,56,2,54
116900196,9,41,-32
116900197,142,4,138
116900198,29,466,-437
116900200,107,0,107
116900201,314,7,307
116900202,46,9,37
116900203,145,3,142
116900204,84,211,-127
116900206,14,0,14
116900207,16,6,10
116900208,2,49,-47
116900209,33,21,12
116900210,153,68,85
116900211,287,3,284
116900212,92,4,88
116900213,116,15,101
116900214,257,95,162
116900215,26,9,17
116900216,95,60,35
116900218,79,121,-42
116900219,236,124,112
116900220,55,121,-66
116900221,131,256,-125
116900222,245,91,154
116900223,28,36,-8
116900226,198,11,187
116900227,281,9,272
116900228,322,48,274
116900230,37,95,-58
116900231,65,90,-25
116900232,48,102,-54
116900233,234,50,184
116900234,42,1,41
116900235,31,31,0
116900238,245,75,170
116900239,13,1194,-1181
116900240,2351,3264,-913
116900241,77,79,-2
116900242,244,695,-451
116900243,7,46,-39
116900245,17,25,-8
116900246,123,28,95
116900247,910,4,906
116900248,107,5,102
116900249,537,71,466
116900250,287,14,273
116900251,164,617,-453
116900252,198,194,4
116900253,84,39,45
116900254,55,64,-9
116900255,118,125,-7
116900256,508,126,382
116900257,19,106,-87
116900258,4,12,-8
116900259,227,4,223
116900260,1,14,-13
116900261,61,0,61
116900262,129,78,51
116900263,0,3,-3
116900264,1,1,0
116900265,23,0,23
116900266,8,1,7
116900267,0,0,0
116900268,8,134,-126
116900269,220,452,-232
116900271,274,400,-126
116900272,211,109,102
116900273,34,39,-5
116900274,157,32,125
116900275,165,51,114
116900276,420,182,238
116900277,133,34,99
116900278,1,0,1
116900279,0,5,-5
116900280,5,3,2
116900281,1540,5245,-3705
116900282,0,24,-24
116900283,11,21,-10
116900284,36,68,-32
116900285,48,259,-211
116900286,33,0,33
116900287,1,3,-2
116900288,240,35,205
116900289,9,0,9
116900290,23,2,21
116900291,24,3,21
116900292,0,27,-27
116900293,57,5,52
116900294,4,36,-32
116900295,45,134,-89
116900296,32,41,-9
116900297,2,7,-5
116900298,26,77,-51
116900299,2,172,-170
116900300,0,25,-25
116900301,30,23,7
116900302,4,47,-43
116900303,44,43,1
116900304,0,92,-92
116900305,2,11,-9
116900306,259,188,71
117000001,2644,1779,865
117000002,1385,1751,-366
117000003,4347,1596,2751
117000004,1559,1892,-333
117000005,2520,932,1588
117000006,742,1447,-705
117000007,4773,948,3825
117000008,737,1697,-960
117000009,2946,1027,1919
117000010,818,1024,-206
117000011,2660,631,2029
117000012,1477,584,893
117000013,2039,466,1573
117000014,1233,2037,-804
117000015,1887,1163,724
117000016,169,195,-26
117000017,73,364,-291
117000018,30,1188,-1158
117000019,15,1,14
117000020,256,2948,-2692
117000021,1086,166,920
117000022,112,260,-148
117000023,70,140,-70
117000024,91,194,-103
117000025,183,1498,-1315
117000026,762,1569,-807
117000027,344,1222,-878
117000028,281,491,-210
117000030,131,346,-215
117000031,333,117,216
117000032,943,1319,-376
117000033,1056,662,394
117000034,186,219,-33
117000035,263,196,67
117000036,234,196,38
117000037,167,100,67
117000038,107,282,-175
117000039,101,171,-70
117000040,47,336,-289
117000041,1249,28,1221
117000044,2,215,-213
117000045,530,228,302
117000046,170,574,-404
117000047,509,681,-172
117000048,691,517,174
117000049,20,200,-180
117000050,252,711,-459
117000051,2909,40,2869
117000052,79,146,-67
117000053,1321,26,1295
117000054,1379,8,1371
117000055,11,615,-604
117000056,540,36,504
117000057,415,861,-446
117000060,307,661,-354
117000061,1926,970,956
117000062,150,457,-307
117000063,1157,566,591
117000064,263,228,35
117000066,275,343,-68
117000067,85,507,-422
117000074,8,89,-81
117000076,11,10,1
117000077,51,28,23
117000078,196,204,-8
117000079,196,44,152
117000080,1,268,-267
117000081,323,58,265
117000082,27,33,-6
117000083,31,6,25
117000084,115,1,114
117000085,340,354,-14
117000086,447,146,301
117000087,39,267,-228
117000088,371,74,297
117000089,2289,123,2166
117000090,291,494,-203
117000091,1417,78,1339
117000092,419,458,-39
117000093,2109,127,1982
117000094,450,646,-196
117000095,3010,174,2836
117000096,486,773,-287
117000097,1709,481,1228
117000098,976,1320,-344
117000099,5030,500,4530
117000100,245,159,86
117000101,113,292,-179
117000102,1908,171,1737
117000103,297,536,-239
117000104,1833,184,1649
117000105,314,640,-326
117000106,2006,183,1823
117000107,294,516,-222
117000108,2730,810,1920
117000109,513,898,-385
117000110,1677,1436,241
117000111,3022,2818,204
117000112,3293,1029,2264
117000113,43,68,-25
117000114,305,103,202
117000115,37,24,13
117000116,212,90,122
117000117,884,582,302
117000118,273,366,-93
117000119,56,269,-213
117000120,5,269,-264
117000121,4,377,-373
117000122,331,673,-342
117000123,406,101,305
117000124,56,42,14
117000125,13,165,-152
117000126,18,13,5
117000127,118,126,-8
117000128,55,158,-103
117000129,122,578,-456
117000130,144,15,129
117000131,0,35,-35
117000132,2952,33,2919
117000133,3463,25,3438
117000134,0,0,0
117000135,1,40,-39
117000136,0,5,-5
117000137,280,60,220
117000138,0,0,0
117000140,223,422,-199
117000141,2295,161,2134
117000181,91,34,57
117000182,985,1239,-254
117000195,161,264,-103
117000196,457,156,301
117000225,3,68,-65
117000226,1,67,-66
117000276,464,18,446
117000277,1,128,-127
117000310,783,2338,-1555
117000315,12,310,-298
117000320,25,0,25
117000906,792,14,778
117000907,2,80,-78
117000908,3,135,-132
117000909,19,58,-39
117000910,242,138,104
117000911,26,107,-81
117000915,2,187,-185
117000916,46,2,44
117000917,1406,19,1387
117000918,104,77,27
117000919,0,9,-9
117000920,2,394,-392
117000921,0,434,-434
117000922,6,25,-19
117000924,950,603,347
117000926,421,208,213
117000927,170,403,-233
117000928,0,21,-21
117000929,321,57,264
117000930,518,5,513
117000931,94,67,27
117900002,40,422,-382
117900003,34,23,11
117900005,0,53,-53
117900006,0,41,-41
117900007,91,60,31
117900008,0,23,-23
117900010,394,85,309
117900011,1,146,-145
117900012,62,28,34
117900013,0,81,-81
117900014,480,108,372
117900015,6,75,-69
117900016,464,1359,-895
117900017,599,497,102
117900018,144,165,-21
117900019,661,203,458
117900020,44,120,-76
117900021,18,21,-3
117900022,13,5,8
117900023,674,33,641
117900024,42,41,1
117900025,4,2,2
117900026,474,105,369
117900028,2,1,1
117900029,247,325,-78
117900030,165,269,-104
117900031,140,125,15
117900032,874,238,636
117900033,472,312,160
117900034,14,7,7
117900035,179,69,110
117900036,274,167,107
117900037,260,22,238
117900038,71,64,7
117900039,0,15,-15
117900040,77,74,3
117900041,0,46,-46
117900042,1092,207,885
117900043,1,17,-16
117900044,53,3220,-3167
117900045,123,62,61
117900048,270,95,175
117900049,274,233,41
117900050,0,119,-119
117900051,14,5,9
117900052,55,836,-781
117900053,1937,132,1805
117900054,0,7,-7
117900055,298,74,224
117900056,8,44,-36
117900057,429,532,-103
117900058,9,39,-30
117900059,45,51,-6
117900060,2364,1015,1349
117900061,0,186,-186
117900063,333,197,136
117900065,189,452,-263
117900066,6,156,-150
117900067,670,115,555
117900069,650,74,576
117900070,27,248,-221
117900071,132,75,57
117900073,585,70,515
117900074,23,133,-110
117900075,161,28,133
117900076,12,19,-7
117900077,577,19,558
117900078,423,258,165
117900080,144,42,102
117900081,177,85,92
117900082,698,231,467
117900083,817,149,668
117900086,162,69,93
117900087,178,20,158
117900088,361,344,17
117900089,2266,342,1924
117900090,290,1114,-824
117900091,303,28,275
117900092,189,18,171
117900093,150,5,145
117900094,72,56,16
117900095,362,1522,-1160
117900096,144,219,-75
117900097,189,27,162
117900098,147,9,138
117900099,230,1206,-976
117900100,521,1,520
117900101,749,2221,-1472
117900102,79,19,60
117900103,99,1,98
117900104,7,436,-429
117900105,94,82,12
117900106,83,11,72
117900107,98,0,98
117900109,968,598,370
117900110,164,0,164
117900111,784,85,699
117900112,62,4,58
117900113,690,2094,-1404
117900114,27,0,27
117900115,17,85,-68
117900116,535,271,264
117900117,604,229,375
117900118,177,1,176
117900119,431,22,409
117900120,398,3,395
117900121,111,13,98
117900122,310,4854,-4544
117900123,650,286,364
117900124,171,253,-82
117900125,1161,604,557
117900126,77,142,-65
117900127,369,91,278
117900128,322,151,171
117900129,93,1,92
117900130,466,96,370
117900131,2,10,-8
117900132,2,7,-5
117900133,14,22,-8
117900134,31,253,-222
117900135,11,83,-72
117900136,0,2,-2
117900137,3,46,-43
117900138,0,2,-2
117900139,47,25,22
117900140,5089,401,4688
117900141,57,108,-51
117900142,25,263,-238
117900144,4,109,-105
117900145,2,59,-57
117900146,40,213,-173
117900147,102,80,22
117900148,1030,1633,-603
117900149,39,32,7
117900150,43,23,20
117900151,19,54,-35
117900152,18,56,-38
117900153,22,100,-78
117900154,443,277,166
117900156,335,326,9
117900157,111,126,-15
117900158,382,31,351
117900160,847,416,431
117900161,614,374,240
117900162,466,271,195
117900163,22,322,-300
117900165,6,7,-1
117900166,3,78,-75
117900168,167,86,81
117900169,0,23,-23
117900170,0,10,-10
117900171,0,2,-2
117900172,0,8,-8
117900173,69,30,39
117900174,3,18,-15
117900175,0,7,-7
117900176,14,18,-4
117900177,10,2,8
117900178,38,4,34
117900180,92,41,51
117900181,10,681,-671
117900182,2,88,-86
117900183,189,147,42
117900184,57,5,52
117900185,82,2,80
117900186,70,4,66
117900187,30,4,26
117900188,124,4,120
117900189,55,5,50
117900190,38,0,38
117900191,110,0,110
117900192,179,3,176
117900193,21,37,-16
117900194,19,1,18
117900195,2,25,-23
117900196,7,20,-13
117900207,29,114,-85
117900208,46,21,25
117900209,108,67,41
117900210,55,34,21
117900211,3,40,-37
117900212,71,65,6
117900213,37,1,36
117900214,1,5,-4
117900215,20,45,-25
117900216,5,23,-18
117900217,32,34,-2
117900218,12,40,-28
117900219,0,74,-74
117900220,0,62,-62
117900222,133,49,84
117900223,55,190,-135
118000001,527,956,-429
118000002,444,1062,-618
118000003,1177,2523,-1346
118000004,840,1239,-399
118000005,2069,2298,-229
118000006,1055,2451,-1396
118000007,3200,6280,-3080
118000008,827,3776,-2949
118000009,1000,2152,-1152
118000010,1762,2245,-483
118000011,1687,690,997
118000012,555,709,-154
118000013,965,1190,-225
118000014,896,861,35
118000016,145,135,10
118000017,394,292,102
118000018,192,170,22
118000019,668,1408,-740
118000020,263,1506,-1243
118000021,232,1748,-1516
118000022,699,404,295
118000023,253,246,7
118000024,417,542,-125
118000027,4066,4870,-804
118000029,510,853,-343
118000032,146,1470,-1324
118000033,1271,2762,-1491
118000034,1511,1454,57
118000035,1158,1203,-45
118000036,499,497,2
118000037,380,678,-298
118000038,291,41,250
118000039,87,53,34
118000040,1118,751,367
118000041,1623,918,705
118000045,64,251,-187
118000046,229,622,-393
118000047,280,804,-524
118000048,554,1471,-917
118000051,1217,1906,-689
118000052,623,1095,-472
118000053,135,705,-570
118000054,1752,971,781
118000055,1072,977,95
118000056,64,255,-191
118000057,116,299,-183
118000058,820,2314,-1494
118000059,387,1923,-1536
118000060,767,300,467
118000061,820,728,92
118000062,294,127,167
118000063,175,675,-500
118000064,277,685,-408
118000065,1157,722,435
118000066,642,1558,-916
118000067,309,470,-161
118000068,373,6313,-5940
118000069,585,741,-156
118000070,1971,1611,360
118000071,1650,6416,-4766
118000072,370,2859,-2489
118000073,333,1374,-1041
118000074,330,1009,-679
118000075,449,1030,-581
118000076,1100,3685,-2585
118000077,551,548,3
118000078,1399,1501,-102
118000079,72,317,-245
118000080,242,347,-105
118000081,769,754,15
118000082,122,725,-603
118000083,666,1013,-347
118000084,714,1257,-543
118000086,241,394,-153
118000087,1828,1531,297
118000088,881,898,-17
118000089,2030,2109,-79
118000090,664,1936,-1272
118000091,560,2757,-2197
118000092,339,273,66
118000093,79,452,-373
118000096,414,458,-44
118000097,255,349,-94
118000098,160,70,90
118000099,397,157,240
118000101,1282,189,1093
118000102,307,345,-38
118000107,573,124,449
118000108,203,2723,-2520
118000110,0,14,-14
118000111,0,118,-118
118000112,831,1,830
118000113,3,141,-138
118000114,702,5,697
118000115,0,2,-2
118000116,6,0,6
118000117,338,398,-60
118000118,690,690,0
118000119,808,855,-47
118000120,613,416,197
118000121,5,119,-114
118000122,157,89,68
118000123,60,98,-38
118000125,396,575,-179
118000126,445,1323,-878
118000127,580,645,-65
118000128,167,1022,-855
118000129,640,429,211
118000130,1005,1660,-655
118000131,235,348,-113
118000132,2272,1992,280
118000133,997,418,579
118000135,422,450,-28
118000136,41,232,-191
118000137,205,66,139
118000138,284,149,135
118000139,285,73,212
118000140,1928,6608,-4680
118000141,2558,1136,1422
118000142,2030,1134,896
118000143,2730,1033,1697
118000144,574,222,352
118000145,689,470,219
118000146,803,238,565
118000147,612,563,49
118000148,620,1500,-880
118000149,677,233,444
118000150,680,97,583
118000151,765,110,655
118000153,1682,469,1213
118000154,1129,947,182
118000155,2091,651,1440
118000156,1184,2215,-1031
118000157,308,190,118
118000158,99,425,-326
118000159,116,172,-56
118000160,614,280,334
118000161,521,214,307
118000162,931,781,150
118000163,806,943,-137
118000164,1676,1466,210
118000168,363,474,-111
118000169,342,482,-140
118000170,1470,1531,-61
118000171,271,289,-18
118000172,68,197,-129
118000173,575,935,-360
118000175,165,175,-10
118000176,320,232,88
118000177,212,263,-51
118000178,5,27,-22
118000179,580,426,154
118000180,434,284,150
118000181,335,120,215
118000182,186,73,113
118000183,166,112,54
118000184,1206,319,887
118000185,316,1006,-690
118000186,182,763,-581
118000187,1542,175,1367
118000188,788,29,759
118000189,834,98,736
118000190,1,2,-1
118000191,11,3,8
118000192,4,83,-79
118000193,9,189,-180
118000194,814,865,-51
118000195,138,977,-839
118000196,7,212,-205
118000197,40,812,-772
118000198,243,1577,-1334
118000199,179,1314,-1135
118000200,36,212,-176
118000201,66,278,-212
118000202,7,83,-76
118000203,75,892,-817
118000204,7,193,-186
118000205,30,88,-58
118000206,177,102,75
118000207,0,24,-24
118000208,1137,1109,28
118000209,1771,662,1109
118000210,182,6,176
118000211,90,38,52
118000213,298,1620,-1322
118000214,106,216,-110
118000215,418,33,385
118000216,3776,719,3057
118000217,2,28,-26
118000218,72,16,56
118000219,254,169,85
118000220,5,21,-16
118000221,586,456,130
118000222,52,1,51
118000223,28,17,11
118000224,93,21,72
118000225,83,248,-165
118000226,895,78,817
118000227,182,167,15
118000228,11,94,-83
118000229,18,75,-57
118000230,67,59,8
118000231,50,54,-4
118000232,452,130,322
118000233,921,323,598
118000234,388,51,337
118000236,217,115,102
118000237,126,121,5
118000238,241,31,210
118000239,325,147,178
118000240,77,97,-20
118000241,142,49,93
118000242,379,74,305
118000243,170,68,102
118000244,50,31,19
118000246,0,5,-5
118000255,26,176,-150
118000256,119,177,-58
118000259,8,82,-74
118000260,176,55,121
118000261,14,7,7
118000263,60,72,-12
118000266,92,111,-19
118000267,1,89,-88
118000268,76,1,75
118000270,122,2,120
118000271,166,48,118
118000272,76,3,73
118000273,236,8,228
118000274,35,87,-52
118000276,348,89,259
118000295,28,60,-32
118000298,168,102,66
118000299,36,79,-43
118000301,2,52,-50
118000302,41,15,26
118000311,999,29,970
118000312,332,36,296
118000313,55,31,24
118000314,219,12,207
118000315,63,11,52
118000316,857,136,721
118000325,72,4,68
118000326,19,21,-2
118000331,57,2,55
118000332,25,2,23
118000333,44,8,36
118000335,610,0,610
118000336,0,49,-49
118000407,334,51,283
118000457,7,46,-39
118000465,451,1581,-1130
118000480,13,12,1
118000489,13,402,-389
118000490,7,98,-91
118000492,505,58,447
118000510,22,2,20
118000514,9,123,-114
118000515,350,693,-343
118000517,140,94,46
118000524,161,239,-78
118000525,164,275,-111
118000530,33,94,-61
118000531,424,117,307
118000532,112,115,-3
118000533,95,109,-14
118000534,289,148,141
118000535,387,28,359
118000536,40,262,-222
118000537,40,41,-1
118000538,19,35,-16
118000539,10,33,-23
118000540,150,51,99
118000541,40,72,-32
118000542,37,161,-124
118000543,117,109,8
118000546,50,12,38
118000560,405,1480,-1075
118000562,42,29,13
118000563,1163,690,473
118000576,105,17,88
118000577,100,46,54
118000578,46,15,31
118000579,353,1193,-840
118000595,203,40,163
118000596,0,26,-26
118000597,75,71,4
118000598,4,0,4
118000599,169,13,156
118000600,0,22,-22
118000601,3,0,3
118000602,0,7,-7
118000603,0,0,0
118900001,307,244,63
118900002,402,522,-120
118900003,487,8,479
118900004,75,6,69
118900005,35,6,29
118900006,94,2,92
118900007,0,0,0
118900008,420,24,396
118900009,66,103,-37
118900010,98,3,95
118900011,74,13,61
118900012,163,53,110
118900013,233,300,-67
118900015,303,3,300
118900016,0,5,-5
118900017,6,64,-58
118900018,572,54,518
118900019,2,3,-1
118900020,6,20,-14
118900021,69,169,-100
118900022,123,9,114
118900023,23,46,-23
118900024,50,28,22
118900025,2,45,-43
118900026,14,7,7
118900027,197,76,121
118900028,124,30,94
118900029,126,85,41
118900030,712,20,692
118900031,95,21,74
118900032,158,36,122
118900033,220,284,-64
118900034,165,20,145
118900035,79,36,43
118900036,1013,185,828
118900037,106,290,-184
118900038,459,36,423
118900039,464,63,401
118900040,171,58,113
118900041,408,124,284
118900042,65,30,35
118900045,77,104,-27
118900046,233,271,-38
118900047,195,298,-103
118900048,9,240,-231
118900049,12,8,4
118900050,24,0,24
118900051,32,31,1
118900052,75,305,-230
118900053,1,48,-47
118900054,129,26,103
118900055,145,27,118
118900056,21,81,-60
118900057,573,245,328
118900058,158,198,-40
118900059,5,42,-37
118900060,118,52,66
118900062,98,60,38
118900064,82,285,-203
118900065,8,65,-57
118900066,50,12,38
118900067,1401,3662,-2261
118900068,3,138,-135
118900069,669,34,635
118900071,2,8,-6
118900072,185,170,15
118900073,163,44,119
118900074,84,10,74
118900075,22,36,-14
118900076,103,12,91
118900077,205,83,122
118900078,9,1,8
118900079,25,24,1
118900080,40,20,20
118900081,13,15,-2
118900082,1155,91,1064
118900083,5,2,3
118900084,0,2,-2
118900085,332,115,217
118900086,13,36,-23
118900087,49,468,-419
118900088,0,1,-1
118900089,5,14,-9
118900090,130,62,68
118900091,152,53,99
118900092,152,21,131
118900093,3,5,-2
118900096,0,0,0
118900097,162,153,9
118900099,66,64,2
118900100,16,39,-23
118900101,195,205,-10
118900102,23,15,8
118900103,7,87,-80
118900104,212,58,154
118900105,113,11,102
118900107,80,21,59
118900108,54,84,-30
118900110,416,624,-208
118900111,251,120,131
118900112,115,53,62
118900113,52,89,-37
118900114,2,16,-14
118900115,33,122,-89
118900116,76,61,15
118900117,121,51,70
118900118,235,114,121
118900119,50,144,-94
118900120,28,121,-93
118900121,23,307,-284
118900122,5,462,-457
118900123,42,58,-16
118900124,51,31,20
118900126,11,109,-98
118900129,200,36,164
118900130,1,48,-47
118900131,168,111,57
118900132,191,39,152
118900133,3,22,-19
118900135,94,82,12
118900136,234,116,118
118900137,1,23,-22
118900139,96,65,31
118900140,289,209,80
118900141,36,15,21
118900144,110,133,-23
118900145,3,81,-78
118900146,169,160,9
118900147,31,103,-72
118900148,47,14,33
118900150,18,316,-298
118900152,287,183,104
118900157,7,21,-14
118900158,103,15,88
118900159,0,49,-49
118900161,37,51,-14
118900163,2,25,-23
118900164,0,4,-4
118900165,49,72,-23
118900166,18,0,18
118900167,35,52,-17
118900168,14,38,-24
118900169,140,81,59
118900170,227,25,202
118900171,43,11,32
118900174,49,4,45
118900175,410,129,281
118900176,119,119,0
118900177,162,14,148
118900178,43,48,-5
118900179,0,15,-15
118900181,55,14,41
118900182,15,28,-13
118900183,0,84,-84
118900184,97,5,92
118900185,80,12,68
118900186,87,43,44
118900187,84,148,-64
118900188,93,90,3
118900189,6,319,-313
118900190,12,49,-37
118900191,268,3,265
118900192,299,2,297
118900193,1059,1,1058
118900195,89,144,-55
118900196,5,35,-30
118900197,411,2,409
118900198,26,14,12
118900199,86,11,75
118900200,20,26,-6
118900201,10,17,-7
118900202,0,12,-12
118900203,18,0,18
118900204,8,2,6
118900205,0,7,-7
118900206,3,16,-13
119000001,1406,916,490
119000002,2752,1720,1032
119000003,2786,424,2362
119000004,1888,1188,700
119000005,1695,1626,69
119000006,2602,1080,1522
119000007,3473,2830,643
119000008,1019,736,283
119000009,2005,4382,-2377
119000010,2660,2923,-263
119000011,2052,1904,148
119000012,804,2043,-1239
119000013,3311,2033,1278
119000014,1105,1688,-583
119000019,164,112,52
119000020,2043,1376,667
119000021,4067,2814,1253
119000022,666,2136,-1470
119000023,161,136,25
119000024,1277,12565,-11288
119000025,1917,702,1215
119000026,18,616,-598
119000027,85,334,-249
119000028,1249,404,845
119000029,73,155,-82
119000030,428,471,-43
119000031,658,425,233
119000032,838,1067,-229
119000033,1456,589,867
119000034,912,345,567
119000035,25,65,-40
119000036,1888,189,1699
119000037,1188,405,783
119000038,153,273,-120
119000039,632,265,367
119000040,243,531,-288
119000041,648,1206,-558
119000048,1340,940,400
119000049,1615,800,815
119000050,542,887,-345
119000051,1349,612,737
119000052,913,1062,-149
119000053,1397,551,846
119000054,2221,664,1557
119000055,4369,792,3577
119000056,3090,872,2218
119000057,1064,465,599
119000058,749,420,329
119000059,574,396,178
119000060,1183,349,834
119000061,423,258,165
119000062,842,392,450
119000063,500,293,207
119000064,245,341,-96
119000065,584,1255,-671
119000066,1587,653,934
119000067,908,692,216
119000068,1125,324,801
119000069,1406,593,813
119000070,2311,311,2000
119000071,332,192,140
119000072,2095,1255,840
119000073,2893,5546,-2653
119000074,1394,592,802
119000075,4038,1031,3007
119000076,99,431,-332
119000077,501,326,175
119000078,318,157,161
119000079,102,596,-494
119000080,382,65,317
119000081,210,250,-40
119000082,488,69,419
119000083,430,154,276
119000084,264,158,106
119000085,457,72,385
119000086,283,121,162
119000087,393,183,210
119000088,290,23,267
119000089,59,71,-12
119000090,40,65,-25
119000091,48,178,-130
119000092,134,144,-10
119000093,1858,1174,684
119000094,3537,2344,1193
119000095,1822,1465,357
119000097,668,484,184
119000098,804,3400,-2596
119000099,912,480,432
119000100,3541,1645,1896
119000101,2084,953,1131
119000102,112,1017,-905
119000103,549,265,284
119000104,570,311,259
119000105,672,1809,-1137
119000106,281,279,2
119000107,1165,381,784
119000108,466,406,60
119000109,79,200,-121
119000110,121,181,-60
119000111,38,310,-272
119000112,138,51,87
119000113,470,131,339
119000114,496,819,-323
119000115,35,115,-80
119000116,31,61,-30
119000117,69,135,-66
119000118,18,5,13
119000123,673,1430,-757
119000124,666,184,482
119000125,3876,350,3526
119000126,1209,290,919
119000127,720,91,629
119000128,25,2,23
119000131,995,131,864
119000132,3,4,-1
119000133,0,5,-5
119000134,560,333,227
119000135,240,103,137
119000136,280,43,237
119000137,346,74,272
119000138,754,32,722
119000139,76,48,28
119000140,177,149,28
119000284,459,1131,-672
119000285,757,523,234
119000286,1971,1326,645
119000287,1056,742,314
119000288,1293,336,957
119000289,618,549,69
119000290,149,156,-7
119000291,9,141,-132
119000293,122,206,-84
119000294,40,38,2
119000295,643,240,403
119000296,295,68,227
119000302,741,861,-120
119000303,13,61,-48
119000314,981,9421,-8440
119000315,0,43,-43
119000316,131,32,99
119000317,53,66,-13
119900001,74,483,-409
119900002,161,45,116
119900003,1,97,-96
119900004,26,1419,-1393
119900005,161,14,147
119900006,105,188,-83
119900007,338,189,149
119900008,27,59,-32
119900009,229,131,98
119900010,425,287,138
119900011,8,323,-315
119900012,1,93,-92
119900013,973,829,144
119900014,323,91,232
119900015,227,12,215
119900016,23,12,11
119900017,50,21,29
119900018,603,1141,-538
119900019,34,2,32
119900020,85,57,28
119900021,62,2,60
119900022,71,951,-880
119900023,214,1753,-1539
119900025,333,0,333
119900026,166,72,94
119900027,2,19,-17
119900028,129,106,23
119900029,1,1,0
119900030,305,167,138
119900031,27,521,-494
119900033,327,199,128
119900034,460,16,444
119900037,147,8,139
119900038,16,191,-175
119900039,66,8,58
119900040,94,14,80
119900041,147,4,143
119900042,44,65,-21
119900043,129,26,103
119900044,87,515,-428
119900046,145,4,141
119900047,238,193,45
119900048,58,25,33
119900049,112,0,112
119900050,126,76,50
119900051,1158,8,1150
119900052,85,11,74
119900053,284,72,212
119900054,311,5,306
119900055,1038,150,888
119900057,491,26,465
119900058,385,4,381
119900059,33,24,9
119900060,509,21,488
119900062,98,3,95
119900063,4,31,-27
119900064,444,51,393
119900065,306,0,306
119900066,0,1,-1
119900067,43,5,38
119900068,786,4,782
119900069,153,5,148
119900070,714,2,712
119900071,1003,27,976
119900073,569,43,526
119900074,20,31,-11
119900075,838,985,-147
119900076,527,116,411
119900077,1157,114,1043
119900078,614,283,331
119900079,472,23,449
119900080,1422,261,1161
119900081,509,24,485
119900082,1949,185,1764
119900083,172,25,147
119900084,186,28,158
119900085,47,32,15
119900087,93,176,-83
119900088,51,50,1
119900089,8,114,-106
119900090,74,9,65
119900091,4,154,-150
119900092,24,197,-173
119900093,494,120,374
119900094,3,51,-48
119900095,64,25,39
119900096,56,29,27
119900097,15,108,-93
119900098,34,6,28
119900099,12,52,-40
119900100,440,1435,-995
119900101,39,396,-357
119900102,39,28,11
119900103,58,42,16
119900104,25,63,-38
119900105,310,881,-571
119900106,2,44,-42
119900107,141,671,-530
119900108,1436,298,1138
119900109,16,109,-93
119900110,358,84,274
119900111,161,69,92
119900112,528,530,-2
119900113,11,75,-64
119900114,218,173,45
119900115,423,133,290
119900116,64,208,-144
119900117,125,135,-10
119900118,102,162,-60
119900119,157,51,106
119900120,186,190,-4
119900121,484,207,277
119900122,6,49,-43
119900123,44,80,-36
119900124,152,195,-43
119900125,5,52,-47
119900126,1135,143,992
119900127,330,229,101
119900128,232,156,76
119900129,232,60,172
119900130,2,15,-13
119900131,24,60,-36
119900132,0,30,-30
119900133,53,19,34
119900134,251,28,223
119900135,1,49,-48
119900136,46,40,6
119900138,43,82,-39
119900139,13,78,-65
119900140,1,7,-6
119900141,10,490,-480
119900142,12,9,3
119900143,2,223,-221
119900144,383,56,327
119900145,20,50,-30
119900146,69,42,27
119900147,0,108,-108
119900148,532,3,529
119900149,180,3764,-3584
119900150,58,38,20
119900151,600,455,145
119900152,111,47,64
119900153,203,24,179
119900154,26,155,-129
119900155,33,4,29
119900156,4,2,2
119900157,136,55,81
119900158,147,37,110
119900159,0,207,-207
119900160,24,25,-1
119900161,106,34,72
119900162,791,517,274
119900163,37,60,-23
119900164,0,0,0
119900165,167,35,132
119900166,95,4,91
119900167,1,13,-12
119900168,1013,153,860
119900169,19,148,-129
119900170,129,72,57
119900171,331,214,117
119900172,37,0,37
119900173,0,84,-84
119900174,1,10,-9
119900175,1602,110,1492
119900177,6,24,-18
119900178,0,39,-39
119900179,140,1052,-912
119900180,867,260,607
119900181,22,42,-20
119900182,0,61,-61
119900183,22,234,-212
119900184,394,140,254
119900185,48,232,-184
119900186,20,870,-850
119900187,7,87,-80
119900188,51,107,-56
119900189,58,91,-33
119900190,63,180,-117
119900191,72,59,13
119900192,11,54,-43
119900193,541,77,464
119900194,7,14,-7
119900195,3,54,-51
119900196,105,70,35
119900197,309,67,242
119900198,87,68,19
119900199,136,12,124
119900200,487,219,268
119900201,88,55,33
119900202,17,169,-152
119900203,65,292,-227
119900204,143,86,57
119900205,897,89,808
119900206,272,68,204
119900208,130,37,93
119900209,399,897,-498
119900210,39,13,26
119900211,33,1,32
119900212,365,166,199
119900213,6,32,-26
119900214,30,20,10
119900215,72,10,62
119900216,4,4,0
119900217,7,8,-1
119900218,34,12,22
119900219,1,3,-2
119900220,1,20,-19
119900221,14,31,-17
119900222,0,32,-32
119900223,5,8,-3
119900224,2,9,-7
119900225,138,7,131
119900226,119,1305,-1186
119900227,237,100,137
119900228,9,304,-295
119900229,52,77,-25
119900230,457,121,336
119900231,280,41,239
119900232,90,25,65
119900233,129,6,123
119900234,2,55,-53
119900235,9,25,-16
119900236,18,21,-3
119900237,37,90,-53
119900238,9,51,-42
119900240,64,81,-17
119900241,146,110,36
119900242,735,609,126
119900244,195,411,-216
119900245,87,92,-5
119900246,92,158,-66
119900247,5,7,-2
119900248,21,295,-274
119900249,259,22,237
119900253,781,381,400
119900254,57,760,-703
119900255,68,228,-160
119900256,1149,330,819
119900257,168,1,167
119900258,230,14,216
119900259,10,28,-18
119900260,256,9,247
119900261,236,25,211
119900262,0,47,-47
119900263,681,92,589
119900264,146,28,118
119900265,416,112,304
119900266,359,37,322
119900267,80,106,-26
119900268,85,24,61
119900269,773,257,516
119900271,5,15,-10
119900272,42,55,-13
119900275,79,16,63
119900276,122,2,120
119900277,22,5,17
119900278,268,70,198
119900279,73,162,-89
119900280,316,19,297
119900281,0,243,-243
119900282,13,79,-66
119900283,6,38,-32
119900284,14,61,-47
119900285,3,93,-90
119900286,0,4,-4
119900288,0,0,0
119900289,13,0,13
119900290,1,0,1
119900291,0,11,-11
119900292,8,55,-47
119900293,15,5,10
119900294,14,2,12
119900295,0,0,0
119900296,0,0,0
119900299,30,45,-15
119900300,254,72,182
119900301,18,117,-99
119900302,2,72,-70
119900303,341,166,175
119900304,132,3,129
119900305,0,12,-12
119900306,3,1,2
119900307,78,24,54
119900308,1,0,1
119900309,29,193,-164
119900310,65,45,20
119900311,149,15,134
119900312,145,12,133
119900313,56,81,-25
119900314,149,200,-51
119900315,1993,534,1459
119900318,13,81,-68
119900319,22,101,-79
119900320,188,190,-2
119900321,135,2,133
119900322,2,28,-26
119900323,0,62,-62
119900324,0,20,-20
119900325,157,78,79
119900326,20,5,15
120000001,5337,18268,-12931
120000002,2256,1143,1113
120000003,1306,575,731
120000004,1626,742,884
120000005,1708,642,1066
120000006,710,399,311
120000007,1389,2398,-1009
120000008,555,474,81
120000009,935,507,428
120000010,1333,1042,291
120000011,580,717,-137
120000012,1295,943,352
120000013,2609,1447,1162
120000014,566,670,-104
120000015,2026,904,1122
120000016,3260,1726,1534
120000017,2999,2538,461
120000018,2197,12326,-10129
120000019,749,805,-56
120000020,1535,2185,-650
120000021,1286,1028,258
120000022,2696,3479,-783
120000023,1195,983,212
120000024,757,1292,-535
120000025,2452,885,1567
120000026,3139,1336,1803
120000027,2019,1666,353
120000028,648,656,-8
120000029,592,896,-304
120000030,102,477,-375
120000031,1219,2892,-1673
120000032,2540,1301,1239
120000033,2756,499,2257
120000034,2814,392,2422
120000035,2665,580,2085
120000036,2007,2583,-576
120000037,419,1441,-1022
120000038,1855,1437,418
120000039,239,993,-754
120000040,18,1783,-1765
120000041,428,602,-174
120000042,1511,777,734
120000043,3739,507,3232
120000044,5993,1317,4676
120000045,6816,499,6317
120000046,4749,3214,1535
120000047,354,4251,-3897
120000048,4321,2032,2289
120000049,3018,1341,1677
120000050,2041,1732,309
120000051,1560,2547,-987
120000052,4431,685,3746
120000053,761,1105,-344
120000054,736,2096,-1360
120000055,1034,1373,-339
120000056,2627,1863,764
120000057,2591,580,2011
120000058,962,667,295
120000059,16,1736,-1720
120000061,24,258,-234
120000062,71,196,-125
120000063,385,873,-488
120000064,247,549,-302
120000065,273,621,-348
120000066,164,203,-39
120000067,25,235,-210
120000068,207,204,3
120000069,461,195,266
120000070,178,300,-122
120000071,894,67,827
120000072,1209,357,852
120000073,1057,57,1000
120000074,120,33,87
120000075,1117,138,979
120000076,2472,269,2203
120000077,2341,223,2118
120000078,1852,469,1383
120000079,315,69,246
120000080,105,122,-17
120000081,373,43,330
120000082,441,131,310
120000083,101,777,-676
120000084,213,186,27
120000085,136,223,-87
120000086,151,212,-61
120000087,140,160,-20
120000088,584,394,190
120000089,637,193,444
120000090,456,187,269
120000091,1180,316,864
120000092,935,274,661
120000093,917,271,646
120000094,331,383,-52
120000095,439,123,316
120000096,222,250,-28
120000098,486,341,145
120000099,134,331,-197
120000100,486,292,194
120000101,392,144,248
120000102,521,912,-391
120000103,1096,611,485
120000104,2117,222,1895
120000105,2549,118,2431
120000106,3318,204,3114
120000107,5564,152,5412
120000108,2115,86,2029
120000109,961,56,905
120000110,35,363,-328
120000111,57,319,-262
120000112,291,903,-612
120000113,145,731,-586
120000114,195,495,-300
120000115,130,549,-419
120000116,176,595,-419
120000117,306,543,-237
120000118,58,14,44
120000119,2,16,-14
120000120,146,92,54
120000121,8,8,0
120000122,100,561,-461
120000123,1515,8354,-6839
120000124,438,183,255
120000125,720,344,376
120000126,211,414,-203
120000127,361,214,147
120000128,1095,1483,-388
120000129,112,113,-1
120000130,473,175,298
120000131,427,197,230
120000134,144,200,-56
120000135,888,460,428
120000137,238,231,7
120000138,1589,73,1516
120000139,244,152,92
120000140,1720,90,1630
120000141,307,200,107
120000142,817,344,473
120000143,0,41,-41
120000144,68,13,55
120000145,586,3,583
120000146,519,845,-326
120000149,246,254,-8
120000150,709,8795,-8086
120000151,497,213,284
120000152,1122,99,1023
120000153,507,156,351
120000154,353,322,31
120000155,170,216,-46
120000156,240,1527,-1287
120000157,859,204,655
120000158,577,219,358
120000159,1071,834,237
120000160,1561,1543,18
120000161,2818,1799,1019
120000162,131,398,-267
120000163,645,169,476
120000164,585,42,543
120000165,1091,182,909
120000166,1844,203,1641
120000167,38,86,-48
120000168,2,198,-196
120000169,6,561,-555
120000170,20,450,-430
120000171,2,192,-190
120000172,3,149,-146
120000173,175,192,-17
120000174,26,37,-11
120000175,39,28,11
120000176,28,27,1
120000177,260,63,197
120000178,45,13,32
120000179,42,32,10
120000180,62,52,10
120000181,24,375,-351
120000182,29,332,-303
120000183,0,193,-193
120000184,38,535,-497
120000186,11,332,-321
120000187,18,82,-64
120000188,43,73,-30
120000190,142,28,114
120000191,125,33,92
120000192,109,4,105
120000193,49,0,49
120000195,5,0,5
120000196,72,6,66
120000197,13,34,-21
120000198,239,2,237
120000199,333,0,333
120000200,256,0,256
120000201,41,57,-16
120000202,1,34,-33
120000203,73,39,34
120000207,1,42,-41
120000208,24,38,-14
120000209,4,9,-5
120000210,15,10,5
120000211,267,0,267
120000212,374,0,374
120000213,160,67,93
120000214,2,29,-27
120000215,4,36,-32
120000216,183,19,164
120000217,211,232,-21
120000218,14,247,-233
120000219,0,223,-223
120000220,0,640,-640
120000225,2894,1,2893
120000226,465,5,460
120000227,952,81,871
120000228,4915,2930,1985
120000230,356,18,338
120000231,1356,351,1005
120000233,535,9,526
120000235,92,167,-75
120000236,1498,4,1494
120000237,1,380,-379
120000238,0,168,-168
120000241,1055,2867,-1812
120000412,231,15,216
120000413,457,34,423
120000414,263,11,252
120000415,0,19,-19
120000416,154,1,153
120000417,1,101,-100
120000418,454,4,450
120000419,5,34,-29
120000420,16,6,10
120000421,4459,2668,1791
120000422,90,1738,-1648
120000423,0,36,-36
120000424,73,5,68
120000436,95,1179,-1084
120000437,40,66,-26
120000438,871,144,727
120000439,126,470,-344
120000443,226,0,226
120000444,1754,217,1537
120000445,1560,804,756
120000446,226,124,102
120000447,506,1,505
120000449,182,1,181
120000450,2,50,-48
120000451,103,72,31
120000452,198,0,198
120000453,0,20,-20
120000454,17,49,-32
120000455,51,31,20
120000456,735,2604,-1869
120000457,428,218,210
120000458,281,172,109
120000459,168,15,153
120000665,116,248,-132
120000668,46,700,-654
120000669,164,85,79
120000670,44,274,-230
120000671,1193,567,626
120000672,18,149,-131
120900001,183,12,171
120900002,104,170,-66
120900003,76,4,72
120900004,4,71,-67
120900005,46,202,-156
120900006,587,52,535
120900007,43,54,-11
120900008,591,310,281
120900009,195,25,170
120900010,728,76,652
120900011,10,140,-130
120900012,36,1105,-1069
120900013,400,102,298
120900014,6,91,-85
120900015,1149,41,1108
120900016,1697,34,1663
120900017,929,29,900
120900018,163,112,51
120900019,267,223,44
120900020,339,391,-52
120900021,562,39,523
120900022,8,44,-36
120900023,695,49,646
120900024,796,198,598
120900025,454,444,10
120900026,32,86,-54
120900027,195,17,178
120900028,704,99,605
120900029,11,951,-940
120900030,1912,321,1591
120900031,598,116,482
120900032,1669,82,1587
120900033,1307,42,1265
120900034,6,1895,-1889
120900035,27,63,-36
120900037,302,9,293
120900038,89,573,-484
120900039,160,34,126
120900040,572,3,569
120900041,7,15,-8
120900042,473,35,438
120900043,79,18,61
120900044,2,236,-234
120900045,59,26,33
120900046,817,6,811
120900047,141,268,-127
120900048,138,8,130
120900049,830,3,827
120900050,386,2321,-1935
120900051,291,83,208
120900052,1244,0,1244
120900053,550,33,517
120900054,461,74,387
120900055,771,2,769
120900056,883,24,859
120900057,224,27,197
120900058,948,1,947
120900059,138,1,137
120900060,51,16,35
120900061,129,22,107
120900062,330,3,327
120900063,938,7,931
120900064,970,0,970
120900065,1105,1,1104
120900066,661,54,607
120900067,163,30,133
120900068,552,0,552
120900069,452,1,451
120900071,38,0,38
120900072,1151,6,1145
120900073,999,38,961
120900074,881,16,865
120900076,569,0,569
120900077,716,343,373
120900078,793,145,648
120900079,1038,21,1017
120900080,1298,268,1030
120900081,2054,220,1834
120900082,273,210,63
120900083,169,16,153
120900084,363,379,-16
120900085,11,43,-32
120900086,31,443,-412
120900087,501,126,375
120900088,129,724,-595
120900089,1098,3554,-2456
120900090,230,26,204
120900091,146,664,-518
120900092,46,161,-115
120900093,675,62,613
120900094,102,63,39
120900095,159,4,155
120900096,38,139,-101
120900097,310,238,72
120900098,234,62,172
120900099,22,23,-1
120900100,26,39,-13
120900101,56,63,-7
120900102,15,17,-2
120900103,63,108,-45
120900104,1,21,-20
120900105,2,97,-95
120900106,222,117,105
120900107,181,54,127
120900108,0,168,-168
120900109,20,142,-122
120900110,5,97,-92
120900111,61,77,-16
120900112,5,229,-224
120900113,4,165,-161
120900114,25,79,-54
120900115,82,138,-56
120900116,601,98,503
120900117,0,158,-158
120900118,24,233,-209
120900119,2952,1357,1595
120900120,22,165,-143
120900121,43,142,-99
120900122,881,162,719
120900123,4,111,-107
120900124,7,138,-131
120900125,3,196,-193
120900126,183,198,-15
120900127,1,101,-100
120900128,103,326,-223
120900129,3,88,-85
120900130,13,135,-122
120900131,24,40,-16
120900132,1169,91,1078
120900133,9,215,-206
120900134,55,149,-94
120900135,1,201,-200
120900136,8,58,-50
120900137,466,32,434
120900138,0,145,-145
120900139,1,226,-225
120900140,0,76,-76
120900141,272,61,211
120900142,1,136,-135
120900143,0,202,-202
120900144,0,42,-42
120900145,45,304,-259
120900146,0,177,-177
120900147,2,5,-3
120900148,90,61,29
120900149,1,105,-104
120900150,40,93,-53
120900151,0,87,-87
120900152,33,7,26
120900153,22,1,21
120900154,0,35,-35
120900155,195,198,-3
120900156,84,55,29
120900157,0,0,0
120900158,47,117,-70
120900159,0,45,-45
120900160,6,237,-231
120900161,18,431,-413
120900162,11,241,-230
120900163,13,221,-208
120900164,0,29,-29
120900165,2,61,-59
120900166,19,306,-287
120900167,53,35,18
120900169,134,191,-57
120900170,162,4182,-4020
120900171,306,66,240
120900172,72,513,-441
120900173,0,16,-16
120900174,3,70,-67
120900175,70,36,34
120900176,5,308,-303
120900177,1,1357,-1356
120900178,0,722,-722
120900179,69,57,12
120900180,32,113,-81
120900181,6,5,1
120900182,27,50,-23
120900183,301,56,245
120900184,88,65,23
120900185,134,617,-483
120900186,0,105,-105
120900187,656,182,474
120900188,311,29,282
120900189,40,2387,-2347
120900190,174,15,159
120900191,41,3,38
120900192,3574,10530,-6956
120900194,76,20,56
120900195,57,105,-48
120900196,123,14,109
120900197,789,49,740
120900198,71,255,-184
120900199,169,284,-115
120900200,43,113,-70
120900201,178,46,132
120900202,0,55,-55
120900203,49,17,32
120900204,68,79,-11
120900205,53,11,42
120900206,41,8,33
120900207,4,349,-345
121000001,580,699,-119
121000002,1023,1287,-264
121000003,2948,1496,1452
121000004,1033,2134,-1101
121000005,1809,2618,-809
121000006,1281,2043,-762
121000007,1437,2473,-1036
121000008,1984,2861,-877
121000009,2958,4058,-1100
121000010,2789,2635,154
121000011,3180,4048,-868
121000012,6034,2606,3428
121000013,3267,3419,-152
121000014,3262,1914,1348
121000015,2894,4405,-1511
121000016,2488,1625,863
121000017,1427,1775,-348
121000018,2031,1099,932
121000019,3768,4618,-850
121000020,5321,10254,-4933
121000021,921,968,-47
121000022,1160,2262,-1102
121000023,1089,455,634
121000024,2668,2830,-162
121000025,138,593,-455
121000026,79,84,-5
121000027,897,817,80
121000028,382,495,-113
121000029,364,417,-53
121000030,282,289,-7
121000031,220,278,-58
121000032,40,92,-52
121000034,157,151,6
121000035,61,135,-74
121000036,729,518,211
121000037,242,897,-655
121000038,170,638,-468
121000039,84,198,-114
121000041,154,366,-212
121000042,105,243,-138
121000043,254,540,-286
121000044,459,407,52
121000045,192,239,-47
121000046,415,518,-103
121000047,32,283,-251
121000049,552,805,-253
121000050,65,1365,-1300
121000051,422,150,272
121000052,264,1369,-1105
121000053,123,123,0
121000054,12,223,-211
121000055,463,743,-280
121000056,602,871,-269
121000057,61,125,-64
121000058,89,48,41
121000059,2372,605,1767
121000060,518,753,-235
121000061,10,404,-394
121000062,56,223,-167
121000063,652,1062,-410
121000064,532,498,34
121000065,149,293,-144
121000066,313,335,-22
121000067,190,255,-65
121000068,237,494,-257
121000069,113,1009,-896
121000070,550,611,-61
121000071,914,1233,-319
121000072,406,298,108
121000073,526,847,-321
121000074,43,133,-90
121000075,4,50,-46
121000076,230,111,119
121000077,60,86,-26
121000078,57,172,-115
121000080,700,276,424
121000081,921,2225,-1304
121000082,74,126,-52
121000083,100,53,47
121000084,89,184,-95
121000085,143,187,-44
121000086,310,305,5
121000087,24,123,-99
121000088,297,202,95
121000089,50,245,-195
121000090,104,293,-189
121000091,468,490,-22
121000092,93,16,77
121000093,167,61,106
121000094,171,336,-165
121000095,115,485,-370
121000096,2789,606,2183
121000097,226,807,-581
121000098,164,186,-22
121000099,516,181,335
121000100,664,180,484
121000101,253,52,201
121000102,200,43,157
121000103,89,106,-17
121000104,162,23,139
121000105,166,38,128
121000106,131,82,49
121000107,960,1425,-465
121000109,560,740,-180
121000110,84,433,-349
121000114,1648,1255,393
121000115,375,220,155
121000116,114,173,-59
121000117,281,107,174
121000118,1243,67,1176
121000119,216,210,6
121000120,163,440,-277
121000121,445,1918,-1473
121000123,219,107,112
121000126,21,311,-290
121000127,82,116,-34
121000128,774,141,633
121000129,753,156,597
121000130,266,1089,-823
121000131,650,626,24
121000132,157,587,-430
121000135,188,550,-362
121000136,321,1223,-902
121000137,159,254,-95
121000138,188,2405,-2217
121000139,40,472,-432
121000141,221,124,97
121000142,216,442,-226
121000143,19,17,2
121000144,219,746,-527
121000145,321,418,-97
121000146,591,624,-33
121000147,743,304,439
121000148,336,262,74
121000149,1338,839,499
121000152,139,146,-7
121000153,1085,228,857
121000154,732,251,481
121000155,1388,471,917
121000156,272,451,-179
121000157,355,572,-217
121000158,150,213,-63
121000159,166,215,-49
121000160,314,156,158
121000161,218,245,-27
121000162,87,60,27
121000165,455,1636,-1181
121000166,10,285,-275
121000168,287,319,-32
121000169,20,95,-75
121000170,140,42,98
121000171,95,35,60
121000172,547,458,89
121000173,1225,861,364
121000174,490,500,-10
121000175,1025,229,796
121000176,282,195,87
121000177,392,306,86
121000178,88,27,61
121000179,48,44,4
121000181,129,210,-81
121000182,205,418,-213
121000183,13,385,-372
121000184,25,334,-309
121000185,28,425,-397
121000186,167,585,-418
121000187,187,67,120
121000188,239,23,216
121000192,424,276,148
121000193,388,113,275
121000194,1031,1349,-318
121000195,193,638,-445
121000196,373,162,211
121000197,50,214,-164
121000198,59,120,-61
121000199,177,150,27
121000200,451,79,372
121000201,3,199,-196
121000202,461,56,405
121000203,414,586,-172
121000204,2514,307,2207
121000205,200,331,-131
121000206,30,168,-138
121000207,1757,722,1035
121000208,2,253,-251
121000209,863,88,775
121000210,768,219,549
121000211,278,40,238
121000212,313,303,10
121000213,5766,1611,4155
121000214,340,1375,-1035
121000215,581,683,-102
121000216,221,458,-237
121000217,1862,2434,-572
121000218,336,805,-469
121000219,907,306,601
121000220,180,42,138
121000221,329,425,-96
121000222,3498,2256,1242
121000223,195,407,-212
121000224,83,268,-185
121000225,229,5023,-4794
121000226,639,1657,-1018
121000227,27,88,-61
121000228,27,179,-152
121000229,96,186,-90
121000230,60,810,-750
121000231,1382,40,1342
121000232,116,114,2
121000233,469,226,243
121000234,2,95,-93
121000235,40,136,-96
121000236,4,49,-45
121000237,4,16,-12
121000238,1,44,-43
121000239,74,14,60
121000240,2,89,-87
121000241,85,1,84
121000242,3,168,-165
121000243,162,28,134
121000244,1,32,-31
121000245,17,1,16
121000246,0,42,-42
121000247,147,3,144
121000248,215,336,-121
121000249,63,174,-111
121000250,460,605,-145
121000251,12,178,-166
121000252,89,96,-7
121000253,170,455,-285
121000254,863,252,611
121000255,65,429,-364
121000256,220,331,-111
121000257,26,172,-146
121000258,28,297,-269
121000259,10,109,-99
121000260,11,94,-83
121000261,50,309,-259
121000262,425,246,179
121000263,260,270,-10
121000271,251,651,-400
121000273,19,7,12
121000274,5,177,-172
121000275,1,10,-9
121000276,3,102,-99
121000278,55,18,37
121000279,5,54,-49
121000280,16,174,-158
121000289,159,40,119
121000290,438,625,-187
121000294,239,49,190
121000297,157,634,-477
121000299,89,991,-902
121000300,649,352,297
121000302,7,335,-328
121000303,257,102,155
121000304,316,26,290
121000305,228,39,189
121000306,131,51,80
121000308,39,66,-27
121000309,161,135,26
121000310,80,80,0
121000311,11,121,-110
121000312,400,209,191
121000313,92,104,-12
121000314,0,5,-5
121000315,1,38,-37
121000530,1463,695,768
121000531,1437,864,573
121000532,2722,4299,-1577
121000533,2419,1570,849
121000918,45,113,-68
121000919,21,70,-49
121000938,23,96,-73
121000939,25,147,-122
121000956,1556,772,784
121000957,14,27,-13
121000958,3,77,-74
121000959,949,314,635
121000960,1128,560,568
121000961,321,15,306
121000962,151,152,-1
121000973,1,148,-147
121000976,1,38,-37
121000979,152,297,-145
121000981,294,33,261
121000982,400,233,167
121000983,324,89,235
121000984,0,31,-31
121000985,952,307,645
121000986,547,157,390
121000987,86,307,-221
121000988,907,55,852
121001302,80,25,55
121001308,0,19,-19
121001309,13,276,-263
121001313,150,181,-31
121001314,597,1363,-766
121001315,3474,2371,1103
121900001,94,253,-159
121900002,43,2,41
121900003,179,4,175
121900004,24,202,-178
121900005,19,0,19
121900006,60,4,56
121900007,2055,735,1320
121900008,52,59,-7
121900009,649,61,588
121900010,100,5,95
121900011,277,73,204
121900012,15,0,15
121900013,45,22,23
121900014,659,148,511
121900015,85,48,37
121900016,2,5,-3
121900017,210,286,-76
121900018,233,8,225
121900019,212,79,133
121900020,19,2,17
121900021,708,19,689
121900022,113,48,65
121900023,86,302,-216
121900024,100,51,49
121900025,279,125,154
121900026,84,26,58
121900027,217,169,48
121900028,122,6,116
121900029,32,329,-297
121900030,120,197,-77
121900031,184,3640,-3456
121900032,49,5,44
121900033,74,78,-4
121900034,227,69,158
121900035,1471,926,545
121900036,83,202,-119
121900037,68,1287,-1219
121900038,17,7,10
121900039,123,5,118
121900040,16,4,12
121900041,43,251,-208
121900042,283,80,203
121900043,0,0,0
121900044,20,53,-33
121900046,83,86,-3
121900047,59,29,30
121900048,32,29,3
121900050,37,3,34
121900051,104,198,-94
121900052,47,26,21
121900053,321,240,81
121900054,135,367,-232
121900055,0,18,-18
121900058,191,19,172
121900059,103,49,54
121900060,86,198,-112
121900061,85,2116,-2031
121900062,106,65,41
121900063,1151,203,948
121900064,193,214,-21
121900066,29,22,7
121900067,3,1,2
121900069,81,70,11
121900070,58,157,-99
121900071,416,125,291
121900072,25,22,3
121900073,36,95,-59
121900074,330,380,-50
121900075,131,429,-298
121900076,231,230,1
121900077,1,4,-3
121900078,45,39,6
121900079,0,0,0
121900080,267,98,169
121900082,58,24,34
121900084,26,10,16
121900085,0,3,-3
121900086,11,38,-27
121900087,24,42,-18
121900088,465,620,-155
121900089,119,87,32
121900090,20,11,9
121900091,10,3,7
121900092,136,77,59
121900093,61,33,28
121900094,0,1,-1
121900095,181,99,82
121900096,414,431,-17
121900097,264,56,208
121900098,1,1,0
121900099,128,18,110
121900100,11,67,-56
121900101,64,49,15
121900102,0,18,-18
121900103,207,168,39
121900104,1001,166,835
121900105,73,50,23
121900106,0,0,0
121900107,57,18,39
121900108,0,1,-1
121900109,134,32,102
121900110,369,145,224
121900111,98,100,-2
121900112,23,19,4
121900113,18,124,-106
121900114,20,1,19
121900117,8,16,-8
121900118,300,90,210
121900119,131,15,116
121900120,18,225,-207
121900121,32,3,29
121900122,57,38,19
121900123,54,95,-41
121900124,34,42,-8
121900125,734,315,419
121900127,8,84,-76
121900128,32,8,24
121900129,110,31,79
121900130,28,1447,-1419
121900131,96,12,84
121900132,7,19,-12
121900133,1,278,-277
121900134,3,186,-183
121900135,4364,353,4011
121900136,45,88,-43
121900137,2,64,-62
121900138,35,48,-13
121900139,254,649,-395
121900140,9,3,6
121900141,57,10,47
121900142,40,19,21
121900143,6,25,-19
121900144,66,114,-48
121900145,75,156,-81
121900146,72,49,23
121900147,14,36,-22
121900148,19,42,-23
121900149,50,27,23
121900150,61,19,42
121900151,5,35,-30
121900152,37,9,28
121900153,4,100,-96
121900154,0,18,-18
121900155,0,50,-50
121900156,7,6,1
121900157,1,33,-32
121900158,4,8,-4
121900159,0,6,-6
121900160,13,27,-14
121900161,23,79,-56
121900162,6,13,-7
121900163,237,75,162
121900164,81,101,-20
121900165,84,33,51
121900166,119,36,83
121900167,64,5,59
121900168,39,13,26
121900169,0,1,-1
121900170,2,43,-41
121900171,552,140,412
121900172,106,70,36
121900173,185,126,59
121900174,92,15,77
121900175,21,93,-72
121900176,202,623,-421
121900177,25,11,14
121900178,6,2,4
121900179,108,230,-122
121900180,626,4196,-3570
121900182,366,322,44
121900183,117,1153,-1036
121900184,59,833,-774
121900186,2,216,-214
121900187,2,33,-31
121900188,373,36,337
121900189,6,7,-1
121900190,51,308,-257
121900191,50,123,-73
121900192,120,524,-404
121900193,1,61,-60
121900194,3,82,-79
121900195,1,22,-21
121900196,85,565,-480
121900197,110,388,-278
121900198,2909,694,2215
121900199,0,16,-16
121900200,6,52,-46
121900201,289,253,36
121900202,21,300,-279
121900203,32,368,-336
121900204,215,453,-238
121900205,1,37,-36
121900206,0,33,-33
121900207,3,16,-13
121900208,34,282,-248
121900209,22,42,-20
121900210,838,412,426
121900211,19,29,-10
121900212,14,47,-33
121900213,157,12,145
121900214,0,255,-255
121900215,20,100,-80
121900216,13,136,-123
121900217,69,130,-61
121900218,76,232,-156
121900220,51,5,46
121900221,195,130,65
121900222,129,17,112
121900223,25,17,8
121900224,45,16,29
121900225,24,110,-86
121900226,104,8,96
121900227,109,273,-164
121900228,40,40,0
121900230,35,114,-79
121900231,32,160,-128
121900232,36,144,-108
121900233,36,19,17
121900234,116,46,70
121900235,309,54,255
121900236,151,25,126
121900237,24,85,-61
121900238,34,93,-59
121900239,61,13,48
121900240,88,39,49
121900241,2,30,-28
121900242,1,0,1
121900243,1,0,1
121900244,10,0,10
121900245,69,29,40
121900246,1838,109,1729
121900247,197,41,156
121900248,348,278,70
121900250,100,255,-155
121900251,234,15,219
121900252,121,57,64
121900253,25,310,-285
121900254,64,121,-57
121900255,336,43,293
121900258,2314,822,1492
121900259,67,129,-62
121900260,81,14,67
121900261,19,175,-156
121900262,74,151,-77
121900263,58,76,-18
121900264,218,167,51
121900265,137,35,102
121900266,263,53,210
121900267,60,27,33
121900269,111,403,-292
121900270,56,108,-52
121900271,5,138,-133
121900273,246,1182,-936
121900274,254,66,188
121900277,65,313,-248
121900278,68,299,-231
121900279,35,86,-51
121900280,15,136,-121
121900281,44,145,-101
121900284,6,1,5
121900286,157,47,110
121900287,3,29,-26
121900288,0,0,0
121900290,35,217,-182
121900291,298,214,84
121900292,47,63,-16
121900293,353,1201,-848
121900294,75,0,75
121900295,38,23,15
121900296,103,94,9
121900298,39,434,-395
121900299,0,75,-75
121900300,21,16,5
121900301,4,0,4
121900302,5,47,-42
121900303,27,89,-62
121900304,0,9,-9
121900305,2,2,0
121900306,230,1,229
121900307,136,2,134
121900308,2,40,-38
121900309,6,23,-17
121900310,8,96,-88
121900311,369,12,357
121900312,262,6,256
121900313,259,8,251
121900314,4,8,-4
121900315,10,0,10
121900316,0,0,0
121900317,11,0,11
121900318,0,0,0
121900319,53,88,-35
121900320,0,0,0
121900321,20,0,20
121900322,0,0,0
121900323,16,8,8
121900324,1,3,-2
121900325,19,0,19
121900326,0,0,0
121900327,0,4,-4
121900328,0,5,-5
121900329,0,13,-13
121900330,0,68,-68
121900331,1,35,-34
121900332,45,19,26
121900333,48,0,48
122000001,497,1186,-689
122000002,1182,332,850
122000003,398,792,-394
122000004,626,451,175
122000005,1895,1710,185
122000006,310,611,-301
122000007,224,759,-535
122000008,586,1032,-446
122000009,143,187,-44
122000010,1496,1298,198
122000011,1000,601,399
122000012,401,843,-442
122000013,176,845,-669
122000014,1799,517,1282
122000015,542,420,122
122000016,294,310,-16
122000017,430,836,-406
122000018,838,906,-68
122000019,513,1050,-537
122000020,123,284,-161
122000021,86,184,-98
122000022,311,572,-261
122000023,168,591,-423
122000024,247,671,-424
122000025,372,596,-224
122000026,247,494,-247
122000027,249,360,-111
122000028,439,432,7
122000029,136,209,-73
122000030,103,24,79
122000031,48,475,-427
122000032,1011,831,180
122000033,190,652,-462
122000034,93,445,-352
122000035,144,197,-53
122000036,209,172,37
122000037,160,145,15
122000038,82,186,-104
122000039,251,210,41
122000040,206,109,97
122000041,288,722,-434
122000042,321,468,-147
122000043,62,53,9
122000044,52,64,-12
122000045,458,379,79
122000046,512,294,218
122000047,39,76,-37
122000048,1216,2026,-810
122000049,2808,1545,1263
122000050,273,506,-233
122000051,81,634,-553
122000052,218,541,-323
122000053,162,1417,-1255
122000054,1208,1073,135
122000055,1504,2188,-684
122000056,1590,1222,368
122000057,1207,2004,-797
122000058,348,890,-542
122000059,390,1079,-689
122000060,175,281,-106
122000061,185,172,13
122000062,417,161,256
122000063,142,517,-375
122000064,1801,3206,-1405
122000065,1314,1598,-284
122000066,272,519,-247
122000067,500,1246,-746
122000068,886,974,-88
122000069,437,296,141
122000070,338,784,-446
122000071,1608,798,810
122000072,181,210,-29
122000073,57,374,-317
122000074,1104,824,280
122000075,487,460,27
122000076,1685,619,1066
122000077,342,825,-483
122000078,352,1244,-892
122000079,212,1002,-790
122000080,182,215,-33
122000081,31,113,-82
122000082,171,611,-440
122000083,1954,815,1139
122000084,1365,554,811
122000085,60,225,-165
122000086,1230,3621,-2391
122000087,166,290,-124
122000088,108,262,-154
122000089,2027,1442,585
122000090,144,591,-447
122000091,79,327,-248
122000092,36,28,8
122000093,746,2008,-1262
122000094,2803,1476,1327
122000095,430,1752,-1322
122000096,315,892,-577
122000098,1356,2356,-1000
122000099,179,857,-678
122000100,407,214,193
122000101,186,227,-41
122000102,873,566,307
122000103,474,808,-334
122000104,294,146,148
122000105,157,192,-35
122000106,274,514,-240
122000107,702,416,286
122000108,230,248,-18
122000109,219,145,74
122000110,190,311,-121
122000111,1150,749,401
122000112,552,916,-364
122000113,265,216,49
122000114,620,1628,-1008
122000115,1078,1245,-167
122000116,108,284,-176
122000117,284,164,120
122000118,559,92,467
122000119,703,503,200
122000120,344,741,-397
122000121,469,590,-121
122000122,170,366,-196
122000123,439,772,-333
122000124,180,179,1
122000125,49,319,-270
122000126,77,281,-204
122000127,166,168,-2
122000128,197,159,38
122000129,132,1039,-907
122000130,994,369,625
122000131,396,143,253
122000132,171,96,75
122000133,547,336,211
122000134,558,636,-78
122000135,349,193,156
122000136,389,272,117
122000137,975,291,684
122000139,408,1335,-927
122000140,83,450,-367
122000141,1896,583,1313
122000142,89,448,-359
122000143,215,140,75
122000144,932,202,730
122000145,328,354,-26
122000146,139,1042,-903
122000147,227,189,38
122000148,226,461,-235
122000149,823,268,555
122000150,852,358,494
122000151,34,45,-11
122000152,98,57,41
122000153,174,117,57
122000154,61,66,-5
122000155,586,960,-374
122000156,2100,1730,370
122000157,433,2269,-1836
122000158,142,295,-153
122000159,501,497,4
122000160,1144,449,695
122000161,577,343,234
122000162,318,540,-222
122000163,126,54,72
122000164,8,68,-60
122000165,249,697,-448
122000166,250,1228,-978
122000167,134,242,-108
122000168,65,837,-772
122000169,167,79,88
122000170,149,148,1
122000171,18,30,-12
122000172,1076,761,315
122000173,970,1346,-376
122000174,462,1456,-994
122000175,261,105,156
122000176,123,1384,-1261
122000177,533,969,-436
122000178,2317,1632,685
122000179,1498,1688,-190
122000180,376,604,-228
122000181,348,1031,-683
122000182,455,647,-192
122000183,767,366,401
122000184,1334,1225,109
122000185,381,1088,-707
122000186,149,462,-313
122000187,1151,456,695
122000188,143,65,78
122000189,71,125,-54
122000190,422,965,-543
122000191,284,296,-12
122000192,529,189,340
122000193,510,353,157
122000194,212,83,129
122000195,58,569,-511
122000196,617,136,481
122000197,356,441,-85
122000198,172,875,-703
122000199,238,95,143
122000200,446,324,122
122000201,571,1539,-968
122000202,393,1282,-889
122000203,1188,497,691
122000204,523,497,26
122000205,193,330,-137
122000206,1776,628,1148
122000207,1401,781,620
122000208,1496,749,747
122000209,809,117,692
122000210,884,697,187
122000211,388,533,-145
122000212,378,361,17
122000213,390,823,-433
122000214,902,1103,-201
122000215,1424,1557,-133
122000217,664,672,-8
122000218,317,57,260
122000219,1331,401,930
122000220,113,409,-296
122000221,146,323,-177
122000222,202,75,127
122000223,219,430,-211
122000225,441,201,240
122000226,614,640,-26
122000227,36,443,-407
122000228,81,181,-100
122000229,6,225,-219
122000230,22,391,-369
122000231,166,675,-509
122000232,190,530,-340
122000233,0,56,-56
122000234,420,175,245
122000235,247,68,179
122000236,934,30,904
122000237,28,35,-7
122000238,92,344,-252
122000239,439,81,358
122000240,710,126,584
122000241,1204,111,1093
122000242,212,14,198
122000243,125,42,83
122000244,36,112,-76
122000245,44,46,-2
122000246,158,95,63
122000247,217,199,18
122000248,694,297,397
122000249,720,554,166
122000250,840,371,469
122000251,14,38,-24
122000252,142,45,97
122000253,30,26,4
122000254,286,58,228
122000255,232,433,-201
122000256,207,329,-122
122000257,184,196,-12
122000258,144,277,-133
122000259,24,429,-405
122000260,13,310,-297
122000261,12,114,-102
122000262,0,46,-46
122000263,69,192,-123
122000264,975,141,834
122000265,1155,391,764
122000266,2119,227,1892
122000267,28,290,-262
122000268,122,29,93
122000269,616,98,518
122000270,307,57,250
122000271,112,437,-325
122000272,83,208,-125
122000273,224,90,134
122000274,102,163,-61
122000275,15,287,-272
122000276,877,378,499
122000277,413,1214,-801
122000278,1155,97,1058
122000279,97,128,-31
122000280,308,271,37
122000281,381,251,130
122000282,39,666,-627
122000283,26,154,-128
122000284,76,41,35
122000285,343,71,272
122000286,24,171,-147
122000287,1084,1384,-300
122000288,136,172,-36
122000291,1343,461,882
122000293,120,63,57
122000294,56,268,-212
122000295,982,192,790
122000296,12,751,-739
122000297,1055,3482,-2427
122000299,348,249,99
122000300,142,321,-179
122000301,3276,2919,357
122000302,198,1939,-1741
122000303,845,639,206
122000304,7,237,-230
122000305,1428,169,1259
122000306,77,241,-164
122000307,45,46,-1
122000309,40,53,-13
122000310,17,98,-81
122000311,56,64,-8
122000312,106,230,-124
122000313,11,192,-181
122000314,68,439,-371
122000315,222,55,167
122000316,1081,177,904
122000317,1952,120,1832
122000318,261,1562,-1301
122000319,59,199,-140
122000320,99,299,-200
122000321,61,62,-1
122000322,659,684,-25
122000323,271,773,-502
122000324,530,1189,-659
122000325,379,851,-472
122000326,103,59,44
122000327,94,316,-222
122000328,269,182,87
122000330,963,573,390
122000332,125,1900,-1775
122000333,33,49,-16
122000337,779,200,579
122000338,365,166,199
122000340,17,637,-620
122000342,1085,430,655
122000343,405,281,124
122000344,130,5,125
122000345,51,168,-117
122000346,76,19,57
122000348,266,482,-216
122000349,17,105,-88
122000351,180,189,-9
122000352,127,48,79
122000353,58,22,36
122000355,116,281,-165
122000356,169,523,-354
122000357,30,11,19
122000358,0,2,-2
122000359,0,3,-3
122000360,0,1,-1
122000362,3,8,-5
122000364,274,117,157
122000365,0,13,-13
122000366,12,1,11
122000368,326,209,117
122000370,5,4,1
122000371,81,0,81
122000372,11,0,11
122000381,139,139,0
122000382,15,242,-227
122000384,532,612,-80
122000385,27,0,27
122000386,93,870,-777
122000387,110,611,-501
122000388,609,344,265
122000389,41,325,-284
122000390,149,396,-247
122000391,22,582,-560
122000392,100,95,5
122000393,20,629,-609
122000394,463,161,302
122000395,97,51,46
122000396,206,20,186
122000397,7,45,-38
122000398,3,115,-112
122000399,70,23,47
122000400,16,348,-332
122000401,28,8,20
122000402,393,103,290
122000403,126,217,-91
122000404,233,62,171
122000408,198,682,-484
122000503,3,84,-81
122000524,32,81,-49
122000544,38,1228,-1190
122000616,95,0,95
122000640,114,41,73
122000641,187,137,50
122000642,946,248,698
122000643,44,126,-82
122000644,34,23,11
122000645,29,129,-100
122000651,260,699,-439
122000664,99,31,68
122000665,314,172,142
122000666,189,264,-75
122000673,13,93,-80
122000674,403,189,214
122000675,1628,496,1132
122000686,249,481,-232
122000687,1526,206,1320
122000688,322,243,79
122000689,1198,113,1085
122000690,2609,145,2464
122000691,932,336,596
122000692,1328,84,1244
122000693,350,465,-115
122000695,302,182,120
122000696,519,99,420
122000698,222,124,98
122000699,301,103,198
122000701,1244,224,1020
122000702,313,520,-207
122000703,31,33,-2
122000717,21,79,-58
122000718,40,909,-869
122000719,5,66,-61
122000720,587,83,504
122000724,59,26,33
122900001,33,19,14
122900002,317,5026,-4709
122900003,306,6,300
122900004,2518,131,2387
122900005,40,179,-139
122900006,52,1234,-1182
122900007,30,91,-61
122900008,114,402,-288
122900009,71,71,0
122900010,253,88,165
122900012,205,201,4
122900014,72,38,34
122900015,723,299,424
122900016,80,57,23
122900017,141,303,-162
122900018,79,0,79
122900019,20,123,-103
122900020,71,588,-517
122900021,30,224,-194
122900022,838,619,219
122900023,416,102,314
122900024,75,50,25
122900025,0,90,-90
122900026,0,13,-13
122900027,3,507,-504
122900028,50,51,-1
122900029,2583,1135,1448
122900030,412,92,320
122900031,6,257,-251
122900032,122,127,-5
122900033,114,72,42
122900034,1318,2232,-914
122900035,31,27,4
122900036,50,6,44
122900037,173,81,92
122900038,28,1104,-1076
122900039,32,278,-246
122900040,152,363,-211
122900041,60,273,-213
122900042,138,112,26
122900043,193,138,55
122900044,65,215,-150
122900045,40,104,-64
122900046,64,262,-198
122900047,53,29,24
122900048,9,236,-227
122900049,1515,76,1439
122900051,22,105,-83
122900052,108,41,67
122900053,7,7,0
122900055,118,20,98
122900057,190,7,183
122900061,295,10,285
122900062,229,462,-233
122900063,188,81,107
122900064,517,308,209
122900065,200,117,83
122900066,251,82,169
122900067,353,112,241
122900068,10,61,-51
122900069,128,849,-721
122900070,253,19,234
122900071,15,95,-80
122900072,38,111,-73
122900073,56,26,30
122900074,1305,119,1186
122900075,0,17,-17
122900076,0,31,-31
122900077,0,10,-10
122900078,214,3,211
122900080,10,38,-28
122900081,137,29,108
122900082,1141,52,1089
122900083,27,44,-17
122900084,2,78,-76
122900086,2,111,-109
122900087,272,490,-218
122900088,14,167,-153
122900089,0,262,-262
122900090,1,66,-65
122900091,352,5,347
122900092,0,51,-51
122900093,0,38,-38
122900094,0,61,-61
122900095,149,6,143
122900096,548,12,536
122900097,13,17,-4
122900098,14,50,-36
122900099,111,58,53
122900100,10,500,-490
122900101,149,106,43
122900102,12,40,-28
122900103,330,7,323
122900104,198,2,196
122900105,18,4,14
122900106,0,2,-2
122900107,3,15,-12
122900108,3,13,-10
123000001,484,338,146
123000002,1524,4742,-3218
123000003,2466,2237,229
123000004,1608,2529,-921
123000005,2388,1427,961
123000006,1250,1181,69
123000007,2467,1437,1030
123000008,1328,1964,-636
123000009,2544,2281,263
123000010,1687,2147,-460
123000011,1037,713,324
123000012,228,1205,-977
123000013,2587,579,2008
123000014,275,1720,-1445
123000015,1575,630,945
123000016,1524,1708,-184
123000017,4453,1986,2467
123000018,105,61,44
123000019,507,7,500
123000020,335,12,323
123000021,325,271,54
123000022,835,1368,-533
123000023,2140,1536,604
123000024,1144,537,607
123000025,2,36,-34
123000026,0,204,-204
123000027,11,515,-504
123000028,65,3138,-3073
123000029,93,1242,-1149
123000030,247,79,168
123000031,511,126,385
123000032,749,152,597
123000033,260,64,196
123000034,567,440,127
123000035,188,298,-110
123000036,88,575,-487
123000037,124,129,-5
123000038,20,231,-211
123000039,381,1416,-1035
123000040,323,84,239
123000041,253,563,-310
123000042,246,363,-117
123000043,810,8204,-7394
123000044,2207,1098,1109
123000045,2159,999,1160
123000046,127,566,-439
123000047,223,588,-365
123000048,19,1392,-1373
123000049,2916,5431,-2515
123000050,1300,843,457
123000051,29,87,-58
123000052,551,1203,-652
123000053,1157,1275,-118
123000054,918,1569,-651
123000055,1410,3169,-1759
123000056,484,459,25
123000057,2377,2660,-283
123000058,212,925,-713
123000059,88,235,-147
123000060,698,226,472
123000061,175,316,-141
123000063,796,475,321
123000064,985,81,904
123000065,1643,1778,-135
123000066,175,204,-29
123000067,370,264,106
123000068,749,681,68
123000069,1710,553,1157
123000070,118,198,-80
123000071,1361,344,1017
123000072,672,196,476
123000073,1480,380,1100
123000074,469,368,101
123000075,144,893,-749
123000076,446,188,258
123000077,937,570,367
123000078,1456,452,1004
123000079,1623,904,719
123000080,1552,322,1230
123000081,138,163,-25
123000082,55,359,-304
123000083,597,83,514
123000084,586,198,388
123000085,401,39,362
123000086,692,46,646
123000087,230,83,147
123000088,737,240,497
123000089,547,395,152
123000090,698,365,333
123000091,748,731,17
123000092,469,471,-2
123000094,471,63,408
123000095,647,270,377
123000096,784,102,682
123000097,310,116,194
123000098,709,116,593
123000099,459,151,308
123000100,186,568,-382
123000101,207,153,54
123000102,273,740,-467
123000104,207,184,23
123000105,161,86,75
123000106,332,139,193
123000107,215,66,149
123000108,265,465,-200
123000111,620,94,526
123000112,830,164,666
123000113,405,287,118
123000114,193,362,-169
123000115,175,235,-60
123000116,45,65,-20
123000117,1591,682,909
123000118,375,237,138
123000119,124,192,-68
123000120,123,223,-100
123000121,392,227,165
123000122,195,77,118
123000123,333,178,155
123000124,235,79,156
123000125,864,636,228
123000126,734,2437,-1703
123000127,335,255,80
123000128,147,85,62
123000129,1026,20,1006
123000130,686,11,675
123000131,1160,365,795
123000132,131,209,-78
123000133,99,55,44
123000134,225,49,176
123000135,1586,294,1292
123000136,123,219,-96
123000137,61,124,-63
123000138,64,107,-43
123000139,536,53,483
123000140,27,178,-151
123000141,241,30,211
123000142,652,419,233
123000143,483,744,-261
123000144,3,16,-13
123000145,117,502,-385
123000146,23,198,-175
123000147,29,336,-307
123000149,164,222,-58
123000150,26,118,-92
123000151,103,235,-132
123000152,8,151,-143
123000153,19,659,-640
123000154,632,1640,-1008
123000155,1084,1073,11
123000156,10,20,-10
123000157,300,618,-318
123000158,216,501,-285
123000159,1144,2449,-1305
123000160,469,645,-176
123000161,874,838,36
123000162,932,1185,-253
123000163,779,104,675
123000164,1906,102,1804
123000165,131,494,-363
123000166,18,56,-38
123000167,88,63,25
123000168,184,93,91
123000169,734,38,696
123000170,75,39,36
123000171,1039,4,1035
123000172,61,192,-131
123000173,401,134,267
123000174,435,229,206
123000175,133,269,-136
123000176,622,135,487
123000177,91,395,-304
123000178,782,86,696
123000179,3,346,-343
123000180,1212,157,1055
123000181,248,479,-231
123000182,221,140,81
123000183,110,276,-166
123000184,34,220,-186
123000185,944,401,543
123000186,90,224,-134
123000187,461,2,459
123000188,398,0,398
123000189,621,131,490
123000190,48,163,-115
123000192,10,201,-191
123000193,11,174,-163
123000194,172,117,55
123000195,272,4,268
123000196,436,11,425
123000197,65,86,-21
123000198,58,592,-534
123000199,23,319,-296
123000200,592,14,578
123000201,1186,39,1147
123000202,29,234,-205
123000203,992,31,961
123000204,69,330,-261
123000205,71,351,-280
123000206,2741,177,2564
123000207,39,449,-410
123000208,623,94,529
123000209,1490,240,1250
123000210,122,552,-430
123000211,195,640,-445
123000212,3446,239,3207
123000213,387,53,334
123000215,52,129,-77
123000216,173,610,-437
123000217,138,7,131
123000218,91,143,-52
123000219,352,99,253
123000220,244,48,196
123000221,57,25,32
123000222,374,168,206
123000223,586,138,448
123000224,388,174,214
123000225,205,12,193
123000226,157,82,75
123000227,61,57,4
123000228,314,39,275
123000229,339,295,44
123000232,23,158,-135
123000233,727,42,685
123000234,116,173,-57
123000235,981,147,834
123000236,179,249,-70
123000237,500,83,417
123000238,19,131,-112
123000239,222,212,10
123000240,56,521,-465
123000241,217,24,193
123000242,217,84,133
123000243,570,614,-44
123000244,526,206,320
123000245,3,35,-32
123000249,218,377,-159
123000252,631,150,481
123000253,1463,338,1125
123000254,469,286,183
123000255,439,418,21
123000256,17,60,-43
123000257,780,673,107
123000258,527,268,259
123000259,380,263,117
123000260,476,80,396
123000261,373,81,292
123000262,25,35,-10
123000263,354,19,335
123000264,217,32,185
123000265,9,35,-26
123000266,259,239,20
123000267,637,219,418
123000268,17,17,0
123000269,21,71,-50
123000270,41,49,-8
123000271,14,21,-7
123000272,497,204,293
123000273,186,949,-763
123000274,946,433,513
123000275,102,277,-175
123000278,776,1676,-900
123000279,139,26,113
123000280,170,168,2
123000281,209,32,177
123000282,41,104,-63
123000283,298,7,291
123000284,17,22,-5
123000286,61,255,-194
123000287,108,121,-13
123000288,606,932,-326
123000289,131,1068,-937
123000291,50,257,-207
123000294,92,155,-63
123000295,656,1338,-682
123000296,727,784,-57
123000297,584,207,377
123000298,1087,144,943
123000299,89,90,-1
123000300,849,362,487
123000301,87,231,-144
123000302,241,38,203
123000303,39,636,-597
123000305,255,361,-106
123000306,186,51,135
123000309,38,32,6
123000310,88,11,77
123000311,0,189,-189
123000312,274,249,25
123000313,576,420,156
123000315,343,95,248
123000316,979,21,958
123000317,184,142,42
123000318,33,119,-86
123000329,2,8,-6
123000337,201,660,-459
123000338,69,333,-264
123000339,323,41,282
123000340,35,134,-99
123000342,2,110,-108
123000343,142,18,124
123000344,232,108,124
123000345,120,215,-95
123000346,372,33,339
123000352,373,277,96
123000353,57,151,-94
123000354,431,1,430
123000355,0,820,-820
123000356,303,3,300
123000357,0,61,-61
123000359,0,33,-33
123000360,77,121,-44
123000361,599,124,475
123000362,355,50,305
123000363,137,36,101
123000364,297,188,109
123000365,18,189,-171
123000366,161,1295,-1134
123000367,109,184,-75
123000370,12,69,-57
123000371,569,16,553
123000372,279,15,264
123000373,1,44,-43
123000374,5,9,-4
123000375,426,41,385
123000376,720,465,255
123000377,752,3,749
123000378,4,135,-131
123000379,0,188,-188
123000380,0,86,-86
123000381,74,199,-125
123000382,596,99,497
123000383,30,204,-174
123000384,553,125,428
123000385,57,96,-39
123000436,74,1341,-1267
123000507,64,121,-57
123000508,90,1213,-1123
123000517,122,6,116
123000518,31,54,-23
123000519,60,19,41
123000520,17,37,-20
123000521,286,66,220
123000522,62,131,-69
123000541,34,0,34
123000542,0,0,0
123000565,736,20,716
123000566,301,299,2
123000567,309,162,147
123000573,0,17,-17
123000574,804,44,760
123000575,2038,62,1976
123000576,866,299,567
123000577,18,205,-187
123000578,383,184,199
123000579,814,3841,-3027
123000580,153,55,98
123000582,356,15,341
123000583,25,142,-117
123000584,126,109,17
123000585,0,14,-14
123000586,99,1,98
123000596,25,11,14
123000597,41,84,-43
123000602,101,31,70
123000603,1409,119,1290
123000604,566,210,356
123000605,373,87,286
123000606,0,140,-140
123000609,9,224,-215
123000610,41,43,-2
123000613,19,76,-57
123000614,352,37,315
123000615,26,28,-2
123000616,926,38,888
123000617,82,70,12
123000618,5,349,-344
123000619,436,16,420
123000620,1,146,-145
123000622,620,20,600
123000624,252,7,245
123000630,1564,364,1200
123000631,99,366,-267
123000632,363,326,37
123000633,0,174,-174
123000634,6,189,-183
123000635,26,70,-44
123000636,31,317,-286
123000637,138,42,96
123000638,567,202,365
123000639,744,4726,-3982
123000640,14,215,-201
123000648,38,3,35
123000649,1,19,-18
123900001,788,48,740
123900002,40,789,-749
123900003,31,109,-78
123900005,192,143,49
123900006,303,43,260
124000001,1611,162,1449
124000002,4,610,-606
124000003,1248,187,1061
124000004,22,188,-166
124000005,1019,1199,-180
124000006,125,171,-46
124000007,993,144,849
124000008,150,371,-221
124000009,707,511,196
124000010,179,500,-321
124000011,836,577,259
124000012,99,697,-598
124000017,138,97,41
124000018,22,6,16
124000019,183,30,153
124000020,4,10,-6
124000021,74,73,1
124000022,18,42,-24
124000023,585,947,-362
124000024,557,177,380
124000025,726,907,-181
124000026,1032,1154,-122
124000027,2536,1648,888
124000028,1325,4052,-2727
124000030,1039,561,478
124000031,785,7882,-7097
124000032,1251,278,973
124000033,222,484,-262
124000034,1656,667,989
124000035,96,202,-106
124000036,9,368,-359
124000037,135,525,-390
124000038,1,20,-19
124000039,230,114,116
124000040,114,311,-197
124000041,525,21,504
124000042,182,78,104
124000043,142,35,107
124000044,54,24,30
124000045,1023,119,904
124000046,104,188,-84
124000047,1807,129,1678
124000048,477,190,287
124000049,1594,181,1413
124000050,346,441,-95
124000051,1136,166,970
124000052,330,369,-39
124000053,456,1577,-1121
124000054,369,156,213
124000055,745,2818,-2073
124000056,757,303,454
124000057,1153,294,859
124000058,282,350,-68
124000059,812,836,-24
124000060,281,425,-144
124000061,884,4049,-3165
124000062,1280,647,633
124000063,829,463,366
124000064,905,443,462
124000065,8,159,-151
124000066,267,316,-49
124000067,134,163,-29
124000068,7,39,-32
124000069,380,67,313
124000070,124,77,47
124000071,94,120,-26
124000072,40,209,-169
124000073,746,57,689
124000074,103,149,-46
124000075,452,40,412
124000076,0,0,0
124000077,209,620,-411
124000078,618,552,66
124000079,63,654,-591
124000080,755,64,691
124000081,107,117,-10
124000082,30,109,-79
124000083,8,31,-23
124000084,30,602,-572
124000085,34,18,16
124000086,8,267,-259
124000087,39,191,-152
124000088,88,217,-129
124000089,450,48,402
124000090,76,168,-92
124000091,482,36,446
124000092,205,258,-53
124000093,99,105,-6
124000094,58,211,-153
124000095,126,53,73
124000096,45,74,-29
124000097,119,46,73
124000098,151,51,100
124000099,134,40,94
124000100,32,74,-42
124000101,84,89,-5
124000102,81,21,60
124000103,102,22,80
124000104,46,53,-7
124000105,53,49,4
124000106,91,52,39
124000107,16,158,-142
124000108,11,9,2
124000109,155,50,105
124000110,100,29,71
124000111,114,51,63
124000112,755,345,410
124000113,97,92,5
124000114,322,238,84
124000115,200,601,-401
124000116,41,175,-134
124000117,15,33,-18
124000118,9,46,-37
124000119,552,254,298
124000120,413,137,276
124000121,687,390,297
124000122,379,1065,-686
124000123,318,135,183
124000124,454,201,253
124000125,368,137,231
124000126,221,136,85
124000127,886,188,698
124000128,469,300,169
124000129,913,589,324
124000130,154,99,55
124000131,496,302,194
124000132,209,236,-27
124000133,869,540,329
124000134,368,189,179
124000135,1185,1134,51
124000136,194,305,-111
124000137,486,561,-75
124000138,296,375,-79
124000139,193,23,170
124000140,10,529,-519
124000141,26,14,12
124000142,4,908,-904
124000143,55,2,53
124000144,5,108,-103
124000145,122,24,98
124000146,15,41,-26
124000148,3,35,-32
124000149,631,177,454
124000150,215,358,-143
124000151,917,326,591
124000152,338,443,-105
124000153,1043,713,330
124000154,521,356,165
124000155,706,349,357
124000156,466,404,62
124000169,58,235,-177
124000170,187,184,3
124000171,226,171,55
124000172,156,169,-13
124000173,485,143,342
124000174,387,179,208
124000175,0,0,0
124000176,81,26,55
124000177,0,0,0
124000178,50,90,-40
124000190,36,73,-37
124000191,62,218,-156
124000192,706,439,267
124000193,59,1383,-1324
124000194,153,186,-33
124000195,359,255,104
124000196,284,332,-48
124000197,41,14,27
124000198,93,43,50
124000201,13,769,-756
124000202,606,31,575
124000203,615,65,550
124000204,1479,36,1443
124000205,105,36,69
124000206,1280,172,1108
124000207,0,32,-32
124000209,208,40,168
124000210,1189,274,915
124000211,1077,3,1074
124000212,1,90,-89
124000213,648,110,538
124000214,686,21,665
124000215,706,41,665
124000216,16,818,-802
124000329,7,571,-564
124000338,6,250,-244
124000339,2451,7,2444
124000341,2665,9,2656
124000344,36,2,34
124000357,964,1919,-955
124000358,642,1546,-904
124000359,1266,325,941
124000360,1258,297,961
124000361,1979,1146,833
124000362,871,1980,-1109
124000363,276,130,146
124000364,341,411,-70
124000365,437,652,-215
124000366,927,598,329
124000367,9,165,-156
124000368,360,1017,-657
124000369,90,66,24
124000370,24,724,-700
124000402,4,16,-12
124000403,120,27,93
124000404,15,42,-27
124000405,501,259,242
124000406,361,114,247
124000407,18,13,5
124000411,2,113,-111
124000412,451,0,451
124000413,35,53,-18
124000414,133,29,104
124000415,55,61,-6
124000416,182,109,73
124000417,245,46,199
124000418,276,32,244
124000419,128,21,107
124000420,133,5,128
124000421,60,61,-1
124000422,24,14,10
124000423,84,22,62
124000424,2,158,-156
124000425,24,35,-11
124000426,5,289,-284
124000427,18,0,18
124000428,2,156,-154
124000429,143,27,116
124000430,685,256,429
124000431,244,118,126
124000432,197,781,-584
124000439,9,10,-1
124000443,0,0,0
124000445,18,1225,-1207
124000446,589,227,362
124900001,685,95,590
124900002,94,75,19
124900003,726,149,577
124900004,524,131,393
124900005,115,38,77
124900006,586,116,470
124900008,190,221,-31
124900009,12,309,-297
124900010,200,84,116
124900011,628,168,460
124900012,171,46,125
124900013,450,67,383
124900014,292,35,257
124900015,89,329,-240
124900016,82,152,-70
124900017,232,2697,-2465
124900018,101,4,97
124900020,122,5,117
124900021,336,4,332
124900022,75,12,63
124900024,448,0,448
124900026,62,37,25
124900027,65,88,-23
124900028,177,7,170
124900029,36,269,-233
124900030,0,12,-12
124900031,8,74,-66
124900032,89,30,59
124900033,17,43,-26
124900034,42,58,-16
124900035,20,48,-28
124900036,1,59,-58
124900037,71,42,29
124900038,106,60,46
124900039,0,61,-61
124900040,19,50,-31
124900041,252,164,88
124900042,7,1,6
124900043,244,167,77
124900044,47,0,47
124900045,159,292,-133
124900046,131,57,74
124900047,33,56,-23
124900048,249,14,235
124900050,97,53,44
124900052,26,68,-42
124900053,55,50,5
124900054,442,67,375
124900055,0,17,-17
124900057,0,0,0
124900060,4,39,-35
124900061,180,1,179
124900062,172,3,169
124900066,0,0,0
124900067,0,1,-1
124900068,121,472,-351
124900070,4,0,4
124900072,221,10,211
124900074,91,40,51
124900075,206,57,149
124900076,53,662,-609
124900077,8,54,-46
124900078,38,2,36
124900079,88,45,43
124900080,252,61,191
124900081,971,68,903
124900082,230,93,137
124900083,161,128,33
124900084,584,30,554
124900085,192,180,12
124900086,8,387,-379
124900087,93,28,65
124900088,47,16,31
124900089,218,6,212
124900090,454,53,401
124900091,147,79,68
124900092,146,38,108
124900093,522,41,481
124900094,577,58,519
124900095,129,370,-241
124900096,208,60,148
124900097,470,8,462
124900098,93,67,26
124900099,83,175,-92
124900100,224,9,215
124900101,89,14,75
124900102,305,0,305
124900103,45,32,13
124900104,17,32,-15
124900105,47,24,23
124900106,200,21,179
124900107,205,5,200
124900108,65,23,42
124900109,7,17,-10
124900110,67,32,35
124900111,0,0,0
124900112,63,90,-27
124900113,7,56,-49
124900114,1,23,-22
124900115,0,20,-20
124900116,247,231,16
124900117,75,111,-36
124900118,14,481,-467
124900119,187,134,53
124900120,0,57,-57
124900121,2,278,-276
124900122,105,43,62
124900123,49,32,17
124900124,14,31,-17
129000186,73,156,-83
204000001,175,8,167
204000002,10,16,-6
204000003,42,7,35
204000004,5,10,-5
204000005,319,227,92
204000006,1043,884,159
204000011,0,0,0
204000012,5,7,-2
204000019,1121,314,807
204000020,546,211,335
204000021,596,535,61
204000022,1102,397,705
204000023,123,414,-291
204000031,18,11,7
204000032,127,30,97
204000034,1,14,-13
204000035,4,11,-7
204000036,3,4,-1
204000037,1,7,-6
204000038,0,42,-42
204000039,12,24,-12
204000040,4,11,-7
204000041,10,7,3
204000042,17,14,3
204000043,7,8,-1
204000044,49,5,44
204000045,52,2,50
204000046,28,1,27
204000057,0,41,-41
204000062,17,182,-165
204000068,3,73,-70
204000069,4,64,-60
204000070,120,19,101
204000080,15,8,7
204000085,440,243,197
204000086,514,544,-30
204000087,10,8,2
204000088,0,0,0
204000090,2,19,-17
204000093,551,8,543
204000096,931,333,598
204000097,431,13,418
204000099,768,1559,-791
204000100,1444,583,861
204000105,401,145,256
204000110,120,391,-271
204000111,137,216,-79
204000112,127,180,-53
204000113,128,209,-81
204000114,944,788,156
204000115,541,157,384
204000116,341,131,210
204000119,2029,670,1359
204000132,590,481,109
204000133,658,43,615
204000134,138,33,105
204000135,471,16,455
204000136,566,149,417
204000138,193,615,-422
204000140,230,107,123
204000141,132,33,99
204000144,1,57,-56
204000145,355,3,352
204000146,0,2,-2
204000147,4,38,-34
204000148,72,24,48
204000154,22,9,13
204000155,0,32,-32
204000177,64,43,21
204000179,28,24,4
204000180,0,10,-10
204000222,10,27,-17
204000235,18,11,7
204000236,19,28,-9
204000238,23,11,12
204000240,172,20,152
204000263,129,179,-50
204000268,547,153,394
204000308,17,7,10
204000317,0,36,-36
204000322,5,26,-21
204000323,7,20,-13
204000328,295,14,281
204000329,44,34,10
204000330,144,14,130
204000331,0,0,0
204010341,16,139,-123
205000001,104,262,-158
205000013,3,10,-7
205000014,8,6,2
205000015,8,14,-6
205000016,11,18,-7
205000017,13,6,7
205000022,72,176,-104
205000025,181,152,29
205000029,551,3,548
205000045,86,54,32
205000046,53,38,15
205000047,34,32,2
205000048,193,54,139
205000049,53,50,3
205000050,58,16,42
205000059,0,21,-21
205000060,0,18,-18
205000061,0,77,-77
205000062,1,45,-44
205000063,17,117,-100
205000064,2,73,-71
205000065,9,183,-174
205000066,42,70,-28
205000067,32,144,-112
205000069,93,17,76
205000082,86,86,0
205000110,19,31,-12
205000111,23,31,-8
205000112,77,113,-36
205000113,20,35,-15
205000121,77,117,-40
205000123,24,21,3
205000126,588,88,500
205000127,513,39,474
205000128,312,54,258
205000129,670,82,588
205000130,207,40,167
205000131,16,29,-13
205000132,70,22,48
205000133,54,3,51
205000134,384,0,384
205000137,9,10,-1
205000138,22,34,-12
205000139,1,10,-9
205000144,58,46,12
205000145,155,53,102
205000151,73,63,10
205000152,84,45,39
205000153,162,47,115
205000154,40,38,2
205000155,79,40,39
205000207,0,0,0
205000233,18,1,17
205000234,0,0,0
205000243,0,1,-1
205000244,0,0,0
205000245,2,20,-18
205000249,0,19,-19
205000250,2,2,0
205000264,1,24,-23
206000027,12,8,4
206000028,2,5,-3
206000043,5,22,-17
206000053,0,1,-1
206000054,0,2,-2
206000055,0,3,-3
206000075,10,13,-3
206000076,37,1,36
206000077,31,6,25
206000078,11,12,-1
206000079,26,15,11
206000082,335,106,229
206000100,0,171,-171
206000103,0,0,0
206000104,0,0,0
206000105,0,0,0
206000106,0,0,0
206000108,512,74,438
206000125,104,0,104
206000157,1,55,-54
206000170,0,124,-124
206000171,4,141,-137
206000172,21,72,-51
206000173,0,32,-32
206000174,3,20,-17
206000175,1,25,-24
206000176,11,49,-38
206000177,0,26,-26
206000178,2,135,-133
206000179,0,22,-22
206000180,2,22,-20
206000181,3,35,-32
206000182,15,41,-26
206000183,4,63,-59
206000184,0,33,-33
206000185,2,21,-19
206000186,17,178,-161
206000223,2,84,-82
206000226,77,1,76
206000227,38,1,37
206000237,6,52,-46
206000238,6,137,-131
206000239,60,571,-511
206000240,0,0,0
206000241,0,79,-79
206000242,3,44,-41
206000243,10,42,-32
206000244,15,64,-49
206000245,2510,37,2473
206000246,780,4,776
206000247,999,10,989
206000248,902,10,892
206000252,17,53,-36
206000258,0,0,0
206000315,21,18,3
206000317,708,183,525
206000318,688,91,597
206000319,3699,58,3641
206000320,1309,25,1284
206000321,1473,17,1456
206000322,1543,5,1538
206000323,531,0,531
206000324,678,0,678
206000325,434,9,425
206000326,492,14,478
206000327,23,4,19
206000328,480,4,476
206000329,946,7,939
206000330,193,2,191
206000331,499,2,497
206000332,171,0,171
206000333,1924,0,1924
206000334,1206,1,1205
206000335,0,9,-9
206000361,0,18,-18
206000392,0,1,-1
206000405,237,0,237
206000441,150,38,112
206000498,59,4,55
206000515,28,43,-15
206000530,648,40,608
206000531,391,216,175
206000532,965,165,800
206000535,41,661,-620
206000536,3,65,-62
206000537,5,67,-62
206000613,1163,357,806
207000001,26,173,-147
207000002,25,81,-56
207000003,24,102,-78
207000007,1921,157,1764
207000008,407,3,404
207000009,74,9,65
207000010,44,167,-123
207000012,478,78,400
207000015,40,298,-258
207000019,321,22,299
207000021,271,226,45
207000022,211,139,72
207000023,274,33,241
207000024,4,9,-5
207000025,17,28,-11
207000026,0,0,0
207000027,0,0,0
207000028,0,26,-26
207000029,4,87,-83
207000033,186,217,-31
207000034,207,43,164
207000039,903,38,865
207000040,1083,14,1069
207000041,202,1,201
207000042,539,21,518
207000043,337,111,226
207000051,3,16,-13
207000052,0,4,-4
207000053,103,230,-127
207000054,15,57,-42
207000055,25,41,-16
207000056,84,139,-55
207000057,49,90,-41
207000058,49,160,-111
207000059,37,138,-101
207000060,13,278,-265
207000061,67,1215,-1148
207000062,802,43,759
207000063,673,30,643
207000064,429,39,390
207000065,276,99,177
207000066,628,153,475
207000067,130,25,105
207000068,181,31,150
207000069,691,130,561
207000082,5,55,-50
207000083,37,160,-123
207000084,585,157,428
207000085,401,35,366
207000086,752,2,750
207000106,145,8,137
207000107,215,11,204
207000108,146,0,146
207000109,122,1,121
207000110,43,19,24
207000111,64,33,31
207000112,63,315,-252
207000114,0,0,0
207000115,0,0,0
207000116,0,3,-3
207000117,0,2,-2
207000118,0,0,0
207000119,0,1,-1
207000123,265,4,261
207000124,115,10,105
207000125,62,2,60
207000126,101,17,84
207000134,320,60,260
207000135,82,159,-77
207000148,71,246,-175
207000149,0,0,0
207000152,13,165,-152
207000153,36,358,-322
207000154,305,63,242
207000159,4,7,-3
207000160,8,24,-16
207000238,0,0,0
207000242,0,0,0
207000248,0,0,0
207000249,0,0,0
207000250,0,0,0
207000251,0,0,0
207000252,0,0,0
207000278,205,95,110
207000279,0,19,-19
207000280,1342,51,1291
207000281,45,346,-301
207000282,29,500,-471
207000283,11,89,-78
207000284,21,1424,-1403
207000285,37,94,-57
207000291,0,2,-2
207000304,46,17,29
207000306,31,194,-163
207000310,189,90,99
207000353,58,1,57
207000356,1,27,-26
207000357,2,26,-24
207000358,0,29,-29
207000415,0,0,0
207000417,39,0,39
207000418,58,52,6
207000438,0,0,0
207000439,224,145,79
207000446,137,0,137
207000460,130,10,120
207000466,1,6,-5
207000467,762,34,728
207000468,0,13,-13
207000476,0,55,-55
207000477,308,20,288
207000478,0,7,-7
207000523,0,0,0
207000524,42,0,42
207000527,252,56,196
207000530,309,2,307
207000531,147,1,146
207000532,32,40,-8
207000534,122,20,102
207000535,0,0,0
207000537,0,0,0
207000540,0,0,0
207000541,0,0,0
207000548,0,0,0
207000549,186,5,181
207000561,137,49,88
207000562,0,0,0
207000567,24,140,-116
207000568,329,46,283
207000569,889,109,780
207000584,0,0,0
207000585,11,79,-68
207000616,0,21,-21
207000617,252,0,252
207900008,678,134,544
208000001,443,644,-201
208000002,582,723,-141
208000003,537,439,98
208000004,679,351,328
208000005,0,0,0
208000019,955,227,728
208000020,213,101,112
208000021,163,170,-7
208000022,368,178,190
208000028,572,1161,-589
208000033,220,161,59
208000034,330,559,-229
208000037,220,14,206
208000040,244,73,171
208000041,467,357,110
208000042,1058,271,787
208000047,92,87,5
208000064,1409,1108,301
208000066,815,632,183
208000070,631,396,235
208000071,601,179,422
208000072,889,327,562
208000080,187,238,-51
208000081,313,71,242
208000082,93,47,46
208000083,87,74,13
208000084,4,72,-68
208000085,314,107,207
208000086,320,177,143
208000087,235,305,-70
208000089,656,122,534
208000090,362,279,83
208000093,18,86,-68
208000094,136,222,-86
208000095,427,356,71
208000104,1211,282,929
208000105,677,385,292
208000114,34,318,-284
208000115,364,178,186
208000116,1177,960,217
208000117,13,54,-41
208000118,67,245,-178
208000155,416,447,-31
208000158,811,1394,-583
208000186,627,1238,-611
208000204,461,684,-223
208000205,957,425,532
208000282,481,405,76
209000004,689,125,564
209000005,46,28,18
209000006,413,110,303
209000007,272,299,-27
209000010,0,0,0
209000011,0,0,0
209000012,13,16,-3
209000013,29,21,8
209000014,52,57,-5
209000025,657,44,613
209000026,1437,156,1281
209000027,41,44,-3
209000028,43,45,-2
209000029,104,56,48
209000030,93,138,-45
209000031,380,177,203
209000034,294,221,73
209000035,191,235,-44
209000036,383,116,267
209000037,612,113,499
209000038,370,84,286
209000039,122,88,34
209000040,318,212,106
209000041,165,154,11
209000042,262,111,151
209000043,436,416,20
209000044,400,439,-39
209000045,410,142,268
209000046,414,164,250
209000047,314,104,210
209000048,408,365,43
209000049,19,26,-7
209000050,110,46,64
209000051,86,32,54
209000052,50,40,10
209000062,0,0,0
209000063,0,0,0
209000064,0,2,-2
209000065,256,22,234
209000066,279,14,265
209000067,241,30,211
209000080,9,39,-30
209000082,98,24,74
209000091,0,0,0
209000093,0,0,0
209000094,0,0,0
209000110,79,76,3
209000111,535,1874,-1339
209000112,1491,372,1119
209000113,2152,323,1829
209000114,1138,381,757
209000115,11,17,-6
209000116,50,59,-9
209000118,6,77,-71
209000119,0,0,0
209000121,10,89,-79
209000135,68,32,36
209000142,929,1895,-966
209000143,0,0,0
209000144,42,260,-218
209000229,144,18,126
209000240,9,19,-10
209000259,5,14,-9
209000260,17,175,-158
209000261,1,91,-90
209000262,0,88,-88
209000263,0,72,-72
209000264,0,56,-56
209000265,232,2,230
209000266,61,0,61
209000267,1017,3,1014
209000268,396,79,317
210000037,200,11,189
210000047,55,13,42
210000048,90,28,62
210000049,89,5,84
210000052,28,2,26
210000053,13,4,9
210000054,3,20,-17
210000070,119,13,106
210000071,181,3,178
210000072,44,0,44
210000073,0,0,0
210000074,0,0,0
210000075,0,0,0
210000076,0,7,-7
210000077,0,23,-23
210000078,1,62,-61
210000079,13,23,-10
210000080,45,117,-72
210000081,62,5,57
210000082,15,0,15
210000083,28,1,27
210000084,69,0,69
210000085,0,1,-1
210000086,0,2,-2
210000099,0,5,-5
210000100,2,14,-12
210000101,4,6,-2
210000105,1,37,-36
210000159,0,0,0
210000163,1,24,-23
210000164,237,136,101
210000168,211,21,190
210000187,0,0,0
210000188,0,0,0
210000214,24,0,24
210000219,177,69,108
210000220,175,15,160
210000232,0,0,0
210000233,2,1,1
210000234,3,1,2
210000235,3,4,-1
210000245,0,0,0
210000246,24,0,24
210000258,3,6,-3
210000259,190,32,158
210000282,0,6,-6
210000285,0,0,0
210000286,0,9,-9
210000290,0,0,0
210000295,13,41,-28
210000296,13,5,8
210000320,280,14,266
210000321,140,19,121
210000338,26,10,16
210000339,14,82,-68
210000340,7,21,-14
210000341,57,17,40
210000342,89,31,58
210000343,56,53,3
210000344,13,25,-12
210000345,11,92,-81
210000346,13,35,-22
210000347,3,36,-33
210000348,17,41,-24
210000349,6,15,-9
210000350,30,14,16
210000351,71,12,59
210000352,36,19,17
210000353,57,20,37
210000354,14,22,-8
210000355,20,94,-74
210000356,44,85,-41
210000357,15,120,-105
210000358,177,171,6
210000359,91,170,-79
210000360,155,168,-13
210000361,259,80,179
210000362,324,110,214
210000363,415,83,332
210000364,184,94,90
210000365,168,14,154
210000366,306,48,258
210000367,83,2,81
210000368,97,17,80
210000369,77,24,53
210000370,155,39,116
210000372,35,18,17
210000373,8,11,-3
210000374,89,25,64
210000375,28,17,11
210000376,16,86,-70
210000404,3,6,-3
210000439,36,11,25
210000472,31,0,31
210000482,134,73,61
210000564,204,120,84
210000567,0,54,-54
210000568,213,0,213
211000092,36,41,-5
211000094,22,2,20
211000169,331,46,285
211000172,39,179,-140
211000209,0,76,-76
211000226,3,2,1
211000270,46,25,21
211000275,61,14,47
211000276,177,33,144
211000279,26,14,12
211000281,114,7,107
211507980,0,66,-66
211977296,19,0,19
212000003,286,61,225
212000004,1,24,-23
212000005,3,58,-55
212000006,6,61,-55
212000008,71,94,-23
212000009,8,51,-43
212000012,41,18,23
212000013,2,8,-6
212000014,89,40,49
212000015,101,98,3
212000016,117,155,-38
212000027,632,152,480
212000028,353,193,160
212000029,254,187,67
212000030,60,23,37
212000031,46,23,23
212000048,3,132,-129
212000049,2,73,-71
212000050,11,2,9
212000051,121,48,73
212000052,100,65,35
212000053,82,151,-69
212000054,588,24,564
212000055,527,63,464
212000056,36,29,7
212000057,27,47,-20
212000058,154,28,126
212000070,108,90,18
212000077,80,115,-35
212000099,575,94,481
212000108,353,136,217
212000111,471,22,449
212000120,27,84,-57
212000138,40,19,21
212000156,1,47,-46
212000158,2,65,-63
212000159,665,59,606
212000160,677,56,621
212000161,119,0,119
212000310,19,4,15
212000311,3,34,-31
212000374,3,6,-3
213000001,10,275,-265
213000005,648,38,610
213000006,582,73,509
213000007,42,4,38
213000009,99,101,-2
213000010,317,43,274
213000011,206,21,185
213000012,225,138,87
213000014,56,15,41
213000015,185,5,180
213000016,212,0,212
213000017,20,1,19
213000018,0,11,-11
213000019,0,28,-28
213000020,101,78,23
213000021,1,52,-51
213000023,354,139,215
213000033,297,581,-284
213000034,433,95,338
213000035,158,359,-201
213000045,105,122,-17
213000046,59,56,3
213000047,106,567,-461
213000056,194,10,184
213000069,47,5,42
213000073,0,56,-56
213000074,62,191,-129
213000075,503,6,497
213000076,12,0,12
213000085,0,4,-4
213000086,1,12,-11
213000091,218,4,214
213000092,54,3,51
213000099,152,680,-528
213000100,629,166,463
213000101,542,84,458
213000102,502,110,392
213000103,288,210,78
213000104,29,175,-146
213000105,45,767,-722
213000106,15,89,-74
213000107,107,259,-152
213000108,39,213,-174
213000109,6,114,-108
213000110,7,62,-55
213000111,0,92,-92
213000112,29,248,-219
213000115,29,7,22
213000116,31,153,-122
213000117,1,161,-160
213000118,984,285,699
213000119,4,227,-223
213000120,23,150,-127
213000122,74,235,-161
213000123,18,284,-266
213000124,64,343,-279
213000125,196,44,152
213000126,13,44,-31
213000127,6,81,-75
213000128,63,336,-273
213000129,198,1102,-904
213000130,1093,509,584
213000132,837,97,740
213000133,919,94,825
213000134,854,6,848
213000136,614,18,596
213000137,580,42,538
213000139,127,18,109
213000147,7,3,4
213000148,20,26,-6
213000149,9,4,5
213000150,0,209,-209
213000151,0,169,-169
213000152,2,192,-190
213000153,2,129,-127
213000154,48,286,-238
213000155,65,172,-107
213000156,77,356,-279
213000157,960,153,807
213000158,368,278,90
213000159,891,150,741
213000163,2005,186,1819
213000165,500,101,399
213000171,0,7,-7
213000172,1,11,-10
213000173,0,13,-13
213000174,0,19,-19
213000175,0,15,-15
213000176,112,25,87
213000177,199,5,194
213000178,288,0,288
213000179,335,3,332
213000180,435,0,435
213000184,46,170,-124
213000188,707,69,638
213000189,793,15,778
213000190,585,78,507
213000191,614,50,564
213000192,227,66,161
213000193,242,131,111
213000194,0,156,-156
213000195,18,318,-300
213000196,288,645,-357
213000197,524,502,22
213000198,11,0,11
213000200,88,328,-240
213000201,5,110,-105
213000202,10,240,-230
213000203,1011,233,778
213000204,1132,17,1115
213000205,477,8,469
213000206,535,7,528
213000207,29,5,24
213000208,23,0,23
213000209,67,0,67
213000210,142,0,142
213000211,0,33,-33
213000212,1,62,-61
213000213,2,53,-51
213000218,312,371,-59
213000219,965,11,954
213000220,974,8,966
213000223,229,150,79
213000224,9,56,-47
213000225,24,3,21
213000226,42,12,30
213000227,1250,80,1170
213000228,635,35,600
213000229,115,18,97
213000230,396,9,387
213000232,49,1186,-1137
213000233,8,87,-79
213000234,0,5,-5
213000293,7,175,-168
213000294,95,12,83
213000295,2,156,-154
213000296,160,45,115
213000297,2,21,-19
213000298,3,28,-25
213000299,36,23,13
213000300,1,21,-20
213000303,0,5,-5
213000304,0,8,-8
213000305,0,22,-22
213000306,14,38,-24
213000307,46,95,-49
213000308,17,15,2
213000309,132,17,115
213000310,159,50,109
213000311,40,355,-315
213000315,46,61,-15
213000316,252,91,161
213000322,132,33,99
213000323,162,9,153
213000324,87,9,78
213000325,75,10,65
213000326,110,21,89
213000327,79,12,67
213000328,35,54,-19
213000329,38,20,18
213000340,45,274,-229
213000341,1276,36,1240
213000346,72,239,-167
213000347,137,383,-246
213000348,1,69,-68
213000349,1,13,-12
213000350,203,273,-70
213000366,29,144,-115
213000367,316,10,306
213000379,28,27,1
213000386,8,156,-148
213000406,87,214,-127
213000417,1266,324,942
213000425,327,23,304
213000426,180,26,154
213000427,94,98,-4
213000428,54,17,37
213000429,2,1,1
213000430,35,79,-44
213000431,20,7,13
213000432,4,340,-336
213000433,15,56,-41
213000434,179,32,147
213000435,106,31,75
213000436,83,19,64
213000437,2,10,-8
213000438,115,31,84
213000439,75,5,70
213000440,5,130,-125
213000441,0,3,-3
213000442,1,15,-14
213000443,288,414,-126
213000444,54,11,43
213000445,0,72,-72
213000446,2,279,-277
213000447,0,79,-79
213000448,17,97,-80
213000449,891,7,884
213000450,23,0,23
213000451,394,39,355
213000452,6,2,4
213000453,7,44,-37
213000455,47,1,46
213000456,0,125,-125
213000481,1,1,0
213000482,23,1,22
213000489,74,24,50
213000491,3,282,-279
213000492,67,13,54
213000493,0,248,-248
213000494,366,40,326
213000495,0,5,-5
213000496,496,122,374
213000497,21,203,-182
213000498,81,95,-14
213000499,141,220,-79
213000500,677,43,634
213000501,133,11,122
213000502,72,36,36
213000503,1,49,-48
213000504,9,70,-61
213000505,48,1,47
213000506,0,1,-1
213000507,0,44,-44
213900016,0,2,-2
213900244,121,0,121
213900245,0,2,-2
218000003,49,10,39
218000004,45,7,38
218000005,6,32,-26
218000006,60,30,30
218000007,7,5,2
218000012,72,153,-81
218000013,59,40,19
218000014,74,35,39
218000019,414,200,214
218000020,191,221,-30
218000021,9,11,-2
218000022,3,3,0
218000023,0,8,-8
218000024,0,3,-3
218000025,11,15,-4
218000026,10,4,6
218000027,25,5,20
218000028,4,2,2
218000029,4,4,0
218000030,12,7,5
218000031,4,6,-2
218000032,0,5,-5
218000040,2,0,2
218000046,125,109,16
218000047,11,86,-75
218000048,156,101,55
218000049,116,93,23
218000050,399,109,290
218000051,92,150,-58
218000052,0,41,-41
218000053,1,11,-10
218000054,8,42,-34
218000055,1,21,-20
218000056,23,33,-10
218000057,7,32,-25
218000064,0,6,-6
218000065,70,13,57
218000066,10,31,-21
218000067,106,56,50
218000068,135,59,76
218000069,445,37,408
218000070,345,163,182
218000071,194,136,58
218000072,97,88,9
218000078,676,282,394
218000079,339,18,321
218000080,178,37,141
218000081,707,48,659
218000082,210,17,193
218000083,26,16,10
218000084,52,52,0
218000085,39,34,5
218000086,11,35,-24
218000087,53,16,37
218000090,27,147,-120
218000091,1171,355,816
218000092,140,52,88
218000093,75,20,55
218000094,305,157,148
218000099,107,72,35
218000100,127,32,95
218000101,109,45,64
218000102,157,45,112
218000103,34,55,-21
218000104,65,21,44
218000105,24,5,19
218000106,43,5,38
218000107,80,43,37
218000108,0,45,-45
218000112,19,8,11
218000117,60,59,1
218000134,317,178,139
218000135,7,97,-90
218000136,118,152,-34
218000137,84,62,22
218000138,60,34,26
218000139,150,170,-20
218000140,369,168,201
218000141,83,46,37
218000142,133,61,72
218000143,37,100,-63
218000144,7,161,-154
218000145,458,171,287
218000146,81,40,41
218000151,4,34,-30
218000152,44,33,11
218000153,0,11,-11
218000154,10,0,10
218000155,73,2,71
218000156,145,6,139
218000157,74,1,73
218000158,20,6,14
218000159,14,5,9
218000160,10,4,6
218000161,107,1,106
218000162,112,4,108
218000163,53,2,51
218000164,153,2,151
218000165,226,28,198
218000170,1,29,-28
218000171,41,9,32
218000172,1,2,-1
218000173,6,2,4
218000174,11,3,8
218000176,239,15,224
218000177,349,64,285
218000178,151,42,109
218000179,190,54,136
218000180,69,6,63
218000181,312,28,284
218000187,5,19,-14
218000188,6,13,-7
218000189,2,50,-48
218000190,29,4,25
218000191,21,2,19
218000192,71,33,38
218000193,65,54,11
218000194,58,53,5
218000195,154,46,108
218000196,313,83,230
218000197,661,92,569
218000198,54,14,40
218000199,36,5,31
218000200,52,3,49
218000201,2,0,2
218000202,13,188,-175
218000207,30,5,25
218000208,9,47,-38
218000211,23,3,20
218000212,0,1,-1
218000213,220,174,46
218000214,5,92,-87
218000215,97,62,35
218000217,1,35,-34
218000218,370,109,261
218000219,2,17,-15
218000220,64,381,-317
218000221,556,274,282
218000222,1,39,-38
218000223,54,233,-179
218000224,7,183,-176
218000225,141,27,114
218000226,375,38,337
218000230,0,6,-6
218000232,32,30,2
218000239,77,0,77
218000240,0,1,-1
218000241,8,0,8
218000242,2,0,2
218000243,1,1,0
218000244,8,0,8
218000245,0,8,-8
218000246,0,1,-1
218000247,1,0,1
218000248,0,15,-15
218000249,0,0,0
218000250,0,4,-4
218000251,0,20,-20
218000252,3,43,-40
218000253,0,8,-8
218000254,0,14,-14
218000255,0,4,-4
218000256,17,90,-73
218000267,445,585,-140
218000268,0,19,-19
218000269,1,4,-3
218000270,23,5,18
218000271,2,8,-6
218000273,74,3,71
218000274,12,3,9
218000275,75,77,-2
218000276,31,17,14
218000278,10,44,-34
218000279,96,10,86
218000280,0,10,-10
218000281,3,9,-6
218000282,399,669,-270
218000284,26,1,25
218000301,8,61,-53
218000302,24,24,0
218000303,4,55,-51
218000316,1221,390,831
218000317,2496,199,2297
218000318,1478,192,1286
218000319,559,271,288
218000320,387,175,212
218000338,20,23,-3
218000345,151,42,109
218000346,25,114,-89
218000459,44,127,-83
218000490,1,22,-21
218000501,84,47,37
218000502,48,11,37
218000503,127,4,123
218000504,79,1,78
218000505,17,30,-13
218000506,9,53,-44
218000508,0,1,-1
218000510,35,7,28
218000520,92,66,26
218000521,1,18,-17
218000522,21,208,-187
218000523,103,0,103
218000524,4,156,-152
218000525,52,12,40
218000526,0,155,-155
218000529,38,46,-8
218000530,32,4,28
218000531,1,21,-20
218000532,73,5,68
218000534,412,3,409
218000537,5,95,-90
218000538,38,124,-86
218000540,40,98,-58
218000543,153,17,136
218000544,5,11,-6
218000545,222,46,176
218000546,4,1,3
218000547,116,135,-19
218000548,72,76,-4
218000549,939,69,870
218000550,92,151,-59
218000551,47,198,-151
218000552,327,86,241
218000553,57,80,-23
218000554,23,0,23
218000555,5,41,-36
218000556,104,35,69
218000557,692,93,599
218000558,8,0,8
218000559,0,64,-64
218000560,0,41,-41
218000561,4,0,4
218000562,0,108,-108
218000563,57,20,37
218000564,0,156,-156
218000565,65,17,48
218000566,49,18,31
218000567,1,62,-61
218000568,0,0,0
218000569,0,134,-134
218000570,41,25,16
218000571,0,104,-104
218000572,25,1,24
218000573,2,130,-128
218000574,38,22,16
218000575,69,0,69
218000576,0,139,-139
218000577,40,2,38
218000578,0,73,-73
218000579,3,8,-5
218000581,5,28,-23
218000582,147,6,141
218000583,1,0,1
218000584,0,71,-71
218000585,35,5,30
218000586,4,25,-21
218000587,3,0,3
218000588,0,14,-14
218000589,1,65,-64
218000590,1,0,1
218000591,0,70,-70
218000592,2,61,-59
218000593,0,0,0
218000594,0,30,-30
218000595,0,17,-17
218000596,0,0,0
218000597,0,8,-8
218000598,0,3,-3
218000599,0,140,-140
218000600,0,9,-9
218000601,1,49,-48
218000602,0,1,-1
218000603,0,8,-8
218000604,40,0,40
218000605,0,338,-338
218000606,337,1,336
218000607,3,50,-47
218000608,7,4,3
218000609,0,16,-16
218000610,80,3,77
218000611,7,0,7
218000612,0,27,-27
218000613,24,0,24
218000614,0,24,-24
218000615,187,0,187
218000616,19,250,-231
218000617,2,0,2
218000618,0,8,-8
218000619,14,3,11
218000620,2,37,-35
218000621,0,4,-4
218000622,0,105,-105
218000623,13,0,13
218000624,0,93,-93
218000625,2,4,-2
218000626,0,25,-25
218000628,148,106,42
218000631,99,0,99
218000632,0,126,-126
218000633,68,1,67
218000634,1,3,-2
218000635,0,0,0
218000636,407,207,200
218000637,1051,99,952
218000638,506,19,487
218000639,44,21,23
218000640,783,4,779
218000641,94,35,59
218000652,27,60,-33
218000653,245,27,218
218000663,1,36,-35
218000675,11,40,-29
218000676,4,3,1
218000677,42,2,40
218000680,158,92,66
218000681,697,15,682
218000691,271,120,151
218000693,808,19,789
218000703,2,2,0
218000718,3,70,-67
218000719,28,80,-52
218000720,1,97,-96
218000721,3,2,1
218000725,11,3,8
218001214,43,66,-23
218001258,208,13,195
218001329,97,58,39
218001330,24,87,-63
218001351,0,20,-20
218001352,5,7,-2
218001353,2,0,2
218001354,0,23,-23
218001356,835,38,797
218001358,533,4,529
218001361,798,42,756
219000001,0,0,0
219000002,0,0,0
219000003,36,15,21
219000004,30,70,-40
219000017,115,12,103
219000020,199,9,190
219000022,167,2,165
219000023,46,1,45
219000029,0,0,0
219000034,67,53,14
219000039,0,0,0
219000040,18,22,-4
219000041,83,47,36
219000051,0,0,0
219000052,0,0,0
219000053,0,0,0
219000054,0,0,0
219000055,339,0,339
219000056,3,0,3
219000057,54,0,54
219000062,12,17,-5
219000063,352,4,348
219000064,0,9,-9
219000110,144,203,-59
219000111,103,63,40
219000112,203,15,188
219000113,180,19,161
219000114,158,15,143
219000116,91,47,44
219000117,90,24,66
219000118,42,9,33
219000123,46,3,43
219000124,4,0,4
219000125,0,0,0
219000126,0,0,0
219000127,0,0,0
219000128,0,6,-6
219000129,0,9,-9
219000130,39,84,-45
219000131,572,686,-114
219000133,23,63,-40
219000134,3,38,-35
219000135,2,36,-34
219000136,36,156,-120
219000138,73,13,60
219000139,42,0,42
219000140,130,0,130
219000141,100,4,96
219000142,10,3,7
219000143,17,1,16
219000145,2,8,-6
219000146,0,0,0
219000147,0,0,0
219000148,0,0,0
219000149,0,0,0
219000150,0,0,0
219000151,0,0,0
219000157,295,44,251
219000158,228,22,206
219000161,241,1,240
219000163,635,185,450
219000166,85,34,51
219000167,55,33,22
219000168,216,26,190
219000174,577,68,509
219000175,183,3,180
219000176,281,4,277
219000177,123,1,122
219000178,120,1,119
219000179,51,46,5
219000180,39,0,39
219000182,56,8,48
219000183,49,6,43
219000184,48,2,46
219000185,0,0,0
219000186,29,12,17
219000187,27,12,15
219000189,22,3,19
219000190,1,0,1
219000191,19,160,-141
219000192,230,192,38
219000193,8,2,6
219000195,0,0,0
219000196,0,0,0
219000198,0,0,0
219000199,0,0,0
219000200,0,1,-1
219000201,0,3,-3
219000203,0,3,-3
219000204,3,22,-19
219000205,9,33,-24
219000207,6,40,-34
219000209,0,1,-1
219000210,0,0,0
219000213,1,18,-17
219000239,43,128,-85
219000240,37,193,-156
219000241,60,64,-4
219000242,17,104,-87
219000243,61,345,-284
219000244,9,163,-154
219000245,6,37,-31
219000246,3,30,-27
219000247,269,39,230
219000248,406,430,-24
219000249,216,139,77
219000250,149,100,49
219000251,565,92,473
219000252,284,77,207
219000253,199,4,195
219000255,172,141,31
219000256,373,20,353
219000257,116,1,115
219000262,6,6,0
219000263,21,27,-6
219000267,0,0,0
219000268,0,0,0
219000269,0,0,0
219000270,18,0,18
219000271,130,2,128
219000278,0,0,0
219000279,0,0,0
219000283,0,0,0
219000295,2,18,-16
219000296,15,45,-30
219000297,2,5,-3
219000298,0,4,-4
219000299,191,32,159
219000300,10,5,5
219000301,1,31,-30
219000302,4,7,-3
219000307,0,0,0
219000308,69,22,47
219000311,75,18,57
219000312,272,46,226
219000313,292,48,244
219000314,8,8,0
219000315,321,15,306
219000316,502,26,476
219000317,109,14,95
219000320,0,0,0
219000321,0,0,0
219000323,0,0,0
219000325,0,0,0
219000326,5,12,-7
219000327,0,0,0
219000328,0,1,-1
219000329,213,120,93
219000330,20,8,12
219000331,56,9,47
219000332,215,24,191
219000333,20,15,5
219000335,49,0,49
219000337,2,0,2
219000338,12,0,12
219000344,0,0,0
219000345,0,0,0
219000346,0,0,0
219000348,6,2,4
219000349,0,31,-31
219000350,0,2,-2
219000351,0,0,0
219000352,16,58,-42
219000353,173,84,89
219000354,749,30,719
219000355,107,5,102
219000356,263,635,-372
219000363,120,22,98
219000364,119,22,97
219000365,60,8,52
219000366,121,730,-609
219000368,185,340,-155
219000370,424,360,64
219000371,0,0,0
219000382,1,4,-3
219000383,55,246,-191
219000385,54,170,-116
219000386,79,406,-327
219000387,0,2,-2
219000390,1,0,1
219000391,0,0,0
219000397,0,0,0
219000398,25,32,-7
219000401,3,19,-16
219000402,4,12,-8
219000403,52,59,-7
219000404,5,34,-29
219000407,2,5,-3
219000409,97,21,76
219000410,91,4,87
219000411,96,5,91
219000446,3,50,-47
219000447,0,0,0
219000448,6,8,-2
219000452,51,77,-26
219000453,13,101,-88
219000454,245,306,-61
219000556,528,29,499
219000558,24,55,-31
219000590,0,135,-135
219000591,303,18,285
219000592,5,40,-35
219000595,0,0,0
219000635,44,55,-11
219000636,4,0,4
219000657,4,0,4
219000658,0,1,-1
219000673,0,0,0
219000676,4,0,4
219000679,7,0,7
219000684,128,0,128
219000685,0,4,-4
219000686,0,2,-2
219000688,0,5,-5
219000689,3,38,-35
219000690,101,9,92
219000691,7,21,-14
219000692,82,1,81
219000693,0,0,0
219000694,44,1,43
219000695,151,5,146
219000698,6,0,6
219000699,0,0,0
219000727,0,1,-1
219000728,51,0,51
219000770,3,0,3
219000771,0,0,0
219000788,57,260,-203
219001150,0,100,-100
219001151,0,0,0
219001166,13,19,-6
219001167,0,4,-4
219001178,66,0,66
220000001,4,74,-70
220000002,2,36,-34
220000003,54,56,-2
220000004,60,77,-17
220000005,132,304,-172
220000006,38,212,-174
220000007,143,105,38
220000008,76,188,-112
220000009,43,44,-1
220000010,25,60,-35
220000011,204,2480,-2276
220000012,8,344,-336
220000014,88,36,52
220000015,30,328,-298
220000017,27,134,-107
220000018,4406,980,3426
220000019,144,518,-374
220000020,309,144,165
220000021,638,123,515
220000022,1029,180,849
220000023,206,103,103
220000024,562,433,129
220000025,558,1393,-835
220000026,318,530,-212
220000027,1,259,-258
220000028,24,469,-445
220000029,1,18,-17
220000030,7,37,-30
220000031,666,335,331
220000064,48,368,-320
221000046,1,3,-2
221000047,0,0,0
221000048,0,2,-2
221000049,0,2,-2
221000050,11,0,11
221000055,11,35,-24
221000057,158,8,150
221000068,234,77,157
221000069,289,25,264
221000070,197,6,191
221000071,87,4,83
221000072,260,2,258
221000073,213,3,210
221000074,0,1,-1
221000075,0,10,-10
221000076,0,6,-6
221000077,2,17,-15
221000081,2,5,-3
221000082,78,1,77
221000083,4,2,2
221000084,1,5,-4
221000085,2,62,-60
221000086,2,105,-103
221000087,0,94,-94
221000088,5,108,-103
221000089,9,120,-111
221000090,22,131,-109
221000098,154,8,146
221000099,267,9,258
221000100,152,1,151
221000101,201,4,197
221000102,160,14,146
221000109,1,4,-3
221000110,2,21,-19
221000111,3,27,-24
221000112,1,15,-14
221000113,6,19,-13
221000114,0,34,-34
221000120,12,93,-81
221000121,0,39,-39
221000122,3,38,-35
221000123,3,26,-23
221000124,18,246,-228
221000155,159,5,154
221000156,90,5,85
221000175,15,2,13
221000176,1,19,-18
221000182,96,0,96
221000241,328,300,28
221000242,34,136,-102
221000243,328,114,214
221000244,37,274,-237
221000245,60,36,24
221000246,15,202,-187
221000247,111,62,49
221000248,72,148,-76
221000267,33,259,-226
221000325,51,123,-72
221000331,1,73,-72
221000338,1,40,-39
221000378,354,12,342
221000381,37,47,-10
222000282,4,0,4
222000296,16,34,-18
222000568,307,22,285
222000569,137,29,108
222000570,183,6,177
222000571,408,3,405
222000577,2,35,-33
222000578,1,82,-81
222000579,40,80,-40
222000580,9,719,-710
222000599,1,55,-54
222000600,0,39,-39
222000601,0,175,-175
222000603,12,31,-19
222000604,2,22,-20
222000605,0,29,-29
222000606,0,17,-17
222000607,1,12,-11
222000608,1,8,-7
222000609,44,10,34
222000616,659,24,635
222000617,2,2,0
222000618,0,12,-12
222000620,10,8,2
222000621,14,25,-11
222000623,546,5,541
222000624,430,18,412
222000625,940,10,930
222000636,44,4,40
222000686,8,44,-36
222000687,8,3,5
222001066,589,0,589
222001067,73,0,73
222001068,299,4,295
222001069,154,32,122
222001082,48,31,17
222001083,134,3,131
222001084,0,35,-35
222001085,0,300,-300
222001111,103,15,88
222001112,392,13,379
222001313,0,3,-3
222001314,0,33,-33
222001464,50,13,37
222001465,8,81,-73
222001484,263,32,231
222001485,6,17,-11
222001494,905,139,766
222001495,19,80,-61
222001496,490,44,446
222001497,33,175,-142
222001502,0,17,-17
222001503,191,13,178
222001504,4,49,-45
222001505,490,26,464
222001506,0,15,-15
222001507,265,10,255
222001510,730,24,706
222001511,1,34,-33
222001514,755,24,731
222001515,8,102,-94
222001518,783,27,756
222001519,21,61,-40
222001527,156,40,116
222001528,1,17,-16
222001529,613,25,588
222001530,4,55,-51
222001533,8,77,-69
222001534,786,18,768
222001535,341,86,255
222001536,11,168,-157
222001537,371,20,351
222001538,2,103,-101
222001563,1157,22,1135
222001564,20,99,-79
222001568,131,22,109
222001576,0,1,-1
222001579,1,32,-31
222001583,8,38,-30
222001584,210,15,195
222001596,98,330,-232
222001597,1440,93,1347
222001626,0,31,-31
222001650,17,13,4
222001651,21,147,-126
222001914,336,10,326
222001915,0,31,-31
222001968,482,75,407
222001969,95,253,-158
222001970,76,166,-90
222001971,142,5,137
222001972,18,2,16
225000001,434,79,355
225000002,664,76,588
225000003,931,44,887
225000004,596,56,540
225000005,76,26,50
225000006,0,0,0
225000007,110,359,-249
225000010,233,31,202
225000011,138,791,-653
225000012,202,623,-421
225000013,54,69,-15
225000014,572,83,489
225000015,28,72,-44
225000021,385,68,317
225000027,40,52,-12
225000032,611,29,582
225000042,25,90,-65
225000049,14,7,7
225000050,75,10,65
225000053,0,0,0
225000058,381,97,284
225000067,15,16,-1
225000068,12,20,-8
225000069,4,42,-38
225000070,8,47,-39
225000071,4,39,-35
225000075,31,218,-187
225000076,0,0,0
225000078,17,14,3
225000085,94,20,74
225000086,250,42,208
225000087,105,3,102
225000088,2,18,-16
225000089,0,0,0
225000090,0,0,0
225000091,0,0,0
225000092,10,24,-14
225000093,34,16,18
225000094,2,15,-13
225000095,25,32,-7
225000096,12,29,-17
225000098,735,47,688
225000099,511,22,489
225000100,632,55,577
225000104,39,153,-114
225000110,2,21,-19
225000111,132,142,-10
225000112,122,241,-119
225000113,33,405,-372
225000114,51,210,-159
225000115,693,361,332
225000116,167,35,132
225000117,406,389,17
225000118,746,195,551
225000119,225,45,180
225000120,490,20,470
225000121,107,15,92
225000123,713,7,706
225000125,585,113,472
225000126,458,119,339
225000127,343,1863,-1520
225000128,342,1203,-861
225000132,596,15,581
225000133,117,7,110
225000134,511,78,433
225000135,130,11,119
225000136,399,13,386
225000137,371,25,346
225000138,407,93,314
225000143,0,0,0
225000144,0,0,0
225000145,45,13,32
225000146,0,0,0
225000147,0,0,0
225000148,0,0,0
225000149,0,0,0
225000151,0,0,0
225000155,3,32,-29
225000156,63,530,-467
225000157,142,135,7
225000158,9,28,-19
225000171,0,39,-39
225000180,19,5,14
225000181,0,8,-8
225000182,39,4,35
225000185,0,113,-113
225000187,2,61,-59
225000191,17,0,17
225000194,0,3,-3
225000208,0,5,-5
225000209,69,16,53
225000210,0,0,0
225000217,0,0,0
225000218,3,0,3
225000223,0,55,-55
225000224,1,0,1
225000225,0,19,-19
225000226,159,11,148
225000227,2,30,-28
225000228,5,20,-15
225000229,0,5,-5
225000230,1,0,1
225000231,0,2,-2
225000232,165,0,165
225000241,35,0,35
225000242,0,9,-9
225000249,1,0,1
225000250,0,0,0
225000251,548,33,515
225000254,0,59,-59
225000256,1,179,-178
225000257,0,94,-94
226000042,8,23,-15
226000043,3,21,-18
226000044,3,45,-42
226000045,4,55,-51
226000046,886,45,841
226000047,392,35,357
226000048,470,66,404
226000049,379,194,185
226000070,0,0,0
226000071,0,0,0
226000072,0,0,0
226000073,0,0,0
226000074,0,0,0
226000084,0,0,0
226000085,0,1,-1
226000086,0,0,0
226000087,0,0,0
226000088,0,0,0
226000090,22,57,-35
226000091,7,16,-9
226000092,2,25,-23
226000093,4,38,-34
226000094,12,7,5
226000095,15,11,4
226000105,0,0,0
226000106,5,0,5
226000107,40,0,40
226000108,7,0,7
226000109,132,0,132
226000124,250,55,195
226000134,1305,237,1068
226000135,2106,223,1883
226000136,887,147,740
226000137,0,1,-1
226000138,0,0,0
226000139,0,0,0
226000156,322,0,322
226000157,325,1,324
226000163,0,2,-2
226000202,0,1,-1
226000231,498,3,495
226000232,66,0,66
227000033,509,15,494
227000036,769,12,757
227000037,823,2,821
227000038,149,11,138
227000084,0,0,0
227000085,0,0,0
227000088,47,1,46
227000089,56,0,56
227000090,53,0,53
227000091,126,0,126
227000092,18,0,18
227000093,80,0,80
227000094,5,0,5
227000130,0,0,0
227000131,0,0,0
227000132,0,0,0
227000133,0,0,0
227000134,0,0,0
227000152,0,0,0
227000153,0,0,0
227000154,0,0,0
227000155,0,0,0
227000156,0,0,0
227000165,0,0,0
227000196,895,40,855
227000199,737,98,639
227000230,1,138,-137
227000232,1213,73,1140
227000242,0,0,0
227000243,370,20,350
227000245,0,0,0
227000246,1,6,-5
227000247,692,22,670
227000248,175,88,87
227000249,0,23,-23
227000250,318,277,41
227000251,1,67,-66
227000252,0,3,-3
227000253,409,64,345
227000262,834,17,817
227000266,2028,13,2015
227000267,1,206,-205
227000282,0,2,-2
227000284,924,11,913
227000286,0,0,0
227000287,1,0,1
227000291,0,17,-17
227000296,101,154,-53
227000484,221,10,211
227000485,1,59,-58
227000655,520,10,510
227000656,900,30,870
227000657,357,5,352
227000661,600,31,569
229000265,58,16,42
229000296,0,26,-26
229000297,1,29,-28
229000298,3,205,-202
229000320,12,0,12
229000321,55,9,46
229000412,37,23,14
229000414,20,17,3
229000415,5,2,3
229000416,7,0,7
229000417,0,1,-1
229000419,113,108,5
229000440,211,44,167
229000442,23,5,18
229000443,20,1,19
229000444,0,24,-24
229000445,44,0,44
229000446,64,5,59
229000491,0,0,0
229000492,2,2,0
229000493,1,9,-8
229000494,124,0,124
229000495,210,1,209
229000496,320,2,318
229000507,0,0,0
229000508,0,0,0
229000509,0,0,0
229000510,0,0,0
229000511,0,0,0
229000512,0,0,0
229000513,0,0,0
229000514,0,0,0
229000517,8,0,8
229000518,0,0,0
229000519,0,0,0
229000520,2,8,-6
229000521,130,9,121
229000522,5,4,1
229000523,10,0,10
229000524,9,2,7
229000527,2,0,2
229000528,0,0,0
229000529,17,1,16
229000530,193,0,193
229000531,46,2,44
229000532,8,0,8
229000533,79,0,79
229000534,41,0,41
229000564,125,0,125
229000565,100,0,100
229000566,0,0,0
229000567,0,0,0
229000582,69,0,69
229000583,16,0,16
229000584,0,0,0
229000585,0,0,0
229000718,0,0,0
229000719,0,0,0
229000720,0,0,0
229000721,0,0,0
229000722,0,0,0
229000723,0,0,0
229000724,0,0,0
229000725,0,0,0
229000738,0,0,0
229000739,2,0,2
229000740,5,0,5
229000741,64,0,64
229000742,2,0,2
229000743,41,0,41
229000744,0,0,0
229000745,1,0,1
229000746,15,0,15
229000847,132,0,132
229000848,144,0,144
229000849,230,2,228
229000851,247,0,247
229000854,0,0,0
229000856,0,0,0
229000857,0,0,0
229000858,0,0,0
229000919,0,0,0
229000930,0,0,0
229000937,76,20,56
229000966,32,6,26
229000981,0,0,0
229000985,2,2,0
229000986,0,1,-1
229000987,0,1,-1
229000988,1,13,-12
229000989,2,5,-3
229000990,1,10,-9
229000991,1,1,0
229000992,45,0,45
229000993,179,5,174
229000998,32,43,-11
229000999,74,3,71
229001034,0,27,-27
229001035,5,9,-4
229001037,48,3,45
229001042,14,0,14
229001047,1,37,-36
229001050,90,36,54
229001168,0,0,0
229001200,56,1,55
229001338,0,4,-4
229001394,219,1,218
229001422,116,10,106
229001423,0,0,0
229001431,13,29,-16
229001432,0,0,0
229001444,173,16,157
229001445,103,23,80
229001479,42,0,42
229001503,258,21,237
229001504,0,0,0
229001505,88,2,86
229001506,0,0,0
229001509,73,11,62
229001545,73,15,58
229001546,0,0,0
229001553,41,11,30
229001554,0,0,0
229001630,169,0,169
229001631,5,16,-11
229001635,0,8,-8
229001636,0,0,0
229001658,0,0,0
229001659,68,8,60
229001660,0,0,0
229001661,0,14,-14
229001662,5,0,5
229001663,0,0,0
229002584,303,124,179
229002831,71,78,-7
229002841,1,56,-55
229002842,30,17,13
229002843,64,18,46
229002844,34,78,-44
229002845,2,86,-84
229002846,2,14,-12
229002847,0,3,-3
229002848,5,31,-26
229002849,1,44,-43
229002850,7,19,-12
229002851,33,164,-131
229002852,44,63,-19
229002853,29,3,26
229002854,19,35,-16
229002855,1,47,-46
229002856,37,3,34
229002857,50,24,26
229002858,36,2,34
229002859,16,27,-11
229002860,29,20,9
229002861,24,35,-11
229002862,3,18,-15
229002863,2,35,-33
229002864,58,24,34
229002865,0,37,-37
229002866,17,16,1
229002867,0,27,-27
229002868,2,1,1
229002869,0,32,-32
229002870,45,3,42
235000066,104,13,91
235000067,63,17,46
235000072,0,0,0
235000073,0,0,0
235000074,0,0,0
235000080,0,0,0
235000081,0,0,0
235000082,298,29,269
235000083,216,46,170
235000084,27,36,-9
235000085,200,68,132
235000089,45,17,28
235000092,0,0,0
235000093,0,0,0
235000097,0,2,-2
235000098,70,2,68
235000099,12,7,5
235000116,7,8,-1
235000117,460,12,448
235000133,0,0,0
235000134,0,0,0
235000206,0,2,-2
235000207,3,6,-3
235000208,0,6,-6
235000209,4,1,3
235000210,13,4,9
235000212,0,0,0
235000213,0,0,0
235000220,0,0,0
235000221,0,0,0
235000238,4,481,-477
235000239,0,29,-29
235000242,172,1190,-1018
235000245,0,0,0
235000246,0,0,0
235000284,1,75,-74
235000295,57,1,56
235000305,214,23,191
235000306,437,1,436
235000307,14,2,12
235000308,1,0,1
235000309,48,0,48
235000310,59,4,55
235000311,51,24,27
235000322,0,25,-25
235000323,0,34,-34
235000324,0,4,-4
235000325,0,8,-8
235000326,10,28,-18
235000351,6,80,-74
235000352,2,26,-24
235000353,17,15,2
235000354,0,21,-21
235000355,1,85,-84
235000356,48,0,48
235000357,24,2,22
235000358,11,2,9
235000359,1,6,-5
235000360,50,0,50
235000361,24,1,23
235000381,0,0,0
235000382,256,16,240
235000390,0,2,-2
235000391,146,13,133
235000392,198,83,115
235000393,107,65,42
235000395,109,15,94
235000396,695,19,676
235000400,46,44,2
235000401,0,0,0
235000405,0,0,0
235000406,0,0,0
235000407,0,0,0
235000409,0,0,0
235000410,0,0,0
235000411,0,0,0
235000485,0,0,0
235000486,8,0,8
235000549,102,119,-17
235000550,0,0,0
235000599,0,0,0
235000600,0,0,0
235000601,56,9,47
235000602,129,27,102
235000614,0,0,0
235000648,0,0,0
235000649,16,10,6
235000685,0,0,0
235000815,17,7,10
235000834,0,18,-18
235000855,34,29,5
235000862,0,0,0
235000891,0,0,0
235000892,2,3,-1
235000901,0,0,0
235000907,0,0,0
235001010,76,42,34
235001029,0,0,0
235001030,271,16,255
235001078,146,28,118
235001079,0,0,0
235001147,0,46,-46
235001166,7,18,-11
235001167,0,0,0
235001169,15,129,-114
235001188,0,0,0
235001189,1,11,-10
235001197,0,0,0
235001200,0,0,0
235001207,195,88,107
235001210,0,0,0
235001215,0,0,0
235001239,0,0,0
235001244,0,1,-1
235016267,0,72,-72
277101746,0,5,-5
277102712,2,0,2
277103813,0,0,0
277103814,0,0,0
277103898,0,0,0
277104249,0,0,0
277104250,0,18,-18
277104251,0,0,0
277104252,0,2,-2
990011530,0,71,-71
990014944,0,76,-76
990015176,16,25,-9
990015618,0,82,-82
990016032,1,102,-101
990032570,13,298,-285
990070001,79,2,77
990070103,0,0,0
990070601,0,18,-18
990070751,1918,7,1911
990070766,0,63,-63
990071180,402,55,347
990071343,4,1,3
990071387,0,0,0
990071823,414,0,414
990072600,3,534,-531
990072964,1,216,-215
990073285,0,0,0
990074393,0,263,-263
990074870,1574,14,1560
990075106,304,5,299
990075746,575,27,548
990076437,3151,5,3146
990076458,0,290,-290
997000007,175,1,174
997000041,1,280,-279
997000058,33,0,33
997000062,72,0,72
997000069,0,22,-22
997000070,0,11,-11
997000100,91,11,80
997000141,0,0,0
997000198,0,0,0
998000475,0,2,-2
998000736,1,65,-64
998000965,0,49,-49
998001031,0,63,-63
998001700,0,16,-16
998001899,0,0,0
998001900,4,8,-4
998003073,2241,11,2230
998101900,0,0,0
998102850,3,90,-87
998501927,216,77,139
998501929,189,0,189
998501930,85,0,85
998501931,93,16,77
998501932,6,1,5
998501933,42,1,41
998501937,2,0,2
998501944,13,2,11
998501970,182,58,124
998501971,0,9,-9
998501973,0,2,-2
998501974,0,87,-87
998501975,109,4,105
998501976,37,5,32
998501977,0,33,-33
998501978,7,2,5
998501979,0,2,-2
998501980,59,3,56
998501981,85,0,85
998501982,0,62,-62
998501983,0,0,0
998502006,0,0,0
998502024,0,2,-2
998502032,0,1,-1
998502062,4,0,4
998502063,0,0,0
998502173,0,0,0
998502269,0,0,0
998601159,0,26,-26
998601292,1,4,-3
999033574,1,478,-477
999800001,32,1,31
999800002,0,3,-3
999800003,0,4,-4
999800004,0,7,-7
999800005,0,0,0
