ID,insum,outsum,diff
100000001,823,1223,-400
100000002,4366,3543,823
100000003,5315,6921,-1606
100000004,908,1460,-552
100000005,2714,5980,-3266
100000006,672,265,407
100000007,2498,876,1622
100000008,289,680,-391
100000009,741,412,329
100000010,57,133,-76
100000011,1119,200,919
100000012,90,1386,-1296
100000013,33,449,-416
100000014,567,356,211
100000015,1768,2931,-1163
100000016,687,1483,-796
100000017,781,857,-76
100000018,1211,842,369
100000019,4266,2757,1509
100000020,1997,7921,-5924
100000021,6287,3385,2902
100000022,1244,3957,-2713
100000023,6644,2149,4495
100000025,729,2082,-1353
100000028,1103,1316,-213
100000029,119,554,-435
100000030,131,61,70
100000031,3217,6552,-3335
100000032,1906,4774,-2868
100000033,1213,3910,-2697
100000034,213,974,-761
100000035,1347,2279,-932
100000036,1449,1868,-419
100000037,761,490,271
100000038,2344,1280,1064
100000039,497,1179,-682
100000040,236,182,54
100000041,1618,664,954
100000042,1135,561,574
100000043,1050,503,547
100000044,246,921,-675
100000045,443,1178,-735
100000046,550,972,-422
100000047,281,852,-571
100000048,524,717,-193
100000049,1596,1258,338
100000051,452,650,-198
100000053,146,15,131
100000054,387,50,337
100000055,800,338,462
100000056,563,711,-148
100000057,2501,867,1634
100000058,1084,1062,22
100000059,18,272,-254
100000060,499,315,184
100000061,2771,843,1928
100000062,2547,681,1866
100000063,1111,249,862
100000064,1767,339,1428
100000065,407,731,-324
100000066,183,575,-392
100000067,459,606,-147
100000068,504,1228,-724
100000069,332,1030,-698
100000072,224,669,-445
100000073,1172,1064,108
100000075,902,278,624
100000076,2383,4136,-1753
100000077,187,436,-249
100000078,43,45,-2
100000079,75,53,22
100000080,20,73,-53
100000081,167,300,-133
100000102,3348,3937,-589
100000103,2409,2485,-76
100000104,4115,3819,296
100000105,1743,2617,-874
100000106,2277,3799,-1522
100000107,398,1764,-1366
100000108,719,1195,-476
100000109,1591,1594,-3
100000116,954,1286,-332
100000117,68,136,-68
100000118,1018,1871,-853
100000119,603,1066,-463
100000121,857,503,354
100000122,1787,1458,329
100000123,1731,3879,-2148
100000124,3780,5907,-2127
100000125,3947,2065,1882
100000126,555,581,-26
100000127,1572,452,1120
100000128,1646,2803,-1157
100000129,452,633,-181
100000130,554,483,71
100000131,1891,2912,-1021
100000132,905,3011,-2106
100000133,2940,2248,692
100000135,753,1491,-738
100000139,311,620,-309
100000140,277,447,-170
100000142,716,618,98
100000143,2144,528,1616
100000144,3751,669,3082
100000147,1490,4122,-2632
100000150,80,540,-460
100000151,1027,2003,-976
100000153,430,530,-100
100000154,56,474,-418
100000155,21,41,-20
100000156,437,558,-121
100000157,431,261,170
100000158,292,179,113
100000159,264,762,-498
100000165,972,908,64
100000169,125,1447,-1322
100000174,284,1157,-873
100000179,97,605,-508
100000180,2824,11167,-8343
100000181,865,634,231
100000188,117,854,-737
100000189,1095,732,363
100000190,615,1746,-1131
100000191,771,801,-30
100000192,27,127,-100
100000193,345,230,115
100000330,955,1080,-125
100000355,232,1362,-1130
100000362,3286,2096,1190
100000363,5860,5270,590
100000364,143,265,-122
100000365,6270,10594,-4324
100000366,3239,2636,603
100000367,5491,8599,-3108
100000368,2890,1220,1670
100000369,908,3192,-2284
100000370,233,1308,-1075
100000376,84,198,-114
100000379,1933,1995,-62
100000380,5087,6829,-1742
100000384,5873,7930,-2057
100000385,2735,5130,-2395
100000386,5572,7280,-1708
100000387,3926,7300,-3374
100000388,4136,8250,-4114
100000389,5401,8279,-2878
100000390,6368,8298,-1930
100000391,4936,10081,-5145
100000392,2414,5460,-3046
100000393,2459,6198,-3739
100000394,5622,11093,-5471
100000395,4388,6386,-1998
100000396,5270,4671,599
100000397,4192,9560,-5368
100000398,9236,7752,1484
100900002,24,15,9
100900003,383,275,108
100900004,34,2177,-2143
100900005,139,14,125
100900006,38,91,-53
100900007,305,21,284
100900008,6,333,-327
100900009,85,281,-196
100900010,82,50,32
100900011,152,167,-15
100900012,0,89,-89
100900013,1361,17,1344
100900014,4,10,-6
100900015,87,63,24
100900016,10,34,-24
100900017,1328,91,1237
100900018,0,10,-10
100900019,53,154,-101
100900020,406,22,384
100900021,596,2,594
100900022,19,49,-30
100900023,1,37,-36
100900024,494,6,488
100900025,12,9,3
100900026,141,85,56
100900027,531,2989,-2458
100900028,127,259,-132
100900029,35,7,28
100900030,35,91,-56
100900031,788,43,745
100900032,400,5,395
100900033,291,304,-13
100900034,828,0,828
100900035,407,1,406
100900036,27,1,26
100900037,124,148,-24
100900038,130,82,48
100900039,290,349,-59
100900040,554,378,176
100900041,1121,426,695
100900042,1953,1613,340
100900043,0,22,-22
100900044,1510,667,843
100900045,152,1,151
100900046,1429,18,1411
100900047,1120,238,882
100900048,185,163,22
100900049,80,107,-27
100900050,7,17,-10
100900051,90,160,-70
100900052,426,81,345
100900053,649,33,616
100900054,18,40,-22
100900055,294,1037,-743
100900056,110,186,-76
100900057,1553,1485,68
100900058,231,85,146
100900059,119,7,112
100900060,299,13,286
100900061,294,229,65
100900062,35,24,11
100900063,289,929,-640
100900064,769,38,731
100900065,87,172,-85
100900066,155,252,-97
100900067,25,16,9
100900068,139,119,20
100900069,1241,31,1210
100900070,519,11,508
100900071,545,222,323
100900072,1,30,-29
100900073,158,243,-85
100900074,7,2,5
100900075,1970,368,1602
100900076,21,73,-52
100900077,90,53,37
100900078,143,347,-204
100900079,26,11,15
100900080,78,293,-215
100900081,77,225,-148
100900082,197,329,-132
100900083,12,14,-2
100900085,39,319,-280
100900086,131,924,-793
100900088,213,305,-92
100900089,2,9,-7
100900090,159,669,-510
100900091,9,25,-16
100900092,239,364,-125
100900093,285,426,-141
100900094,197,216,-19
100900095,5,24,-19
100900096,166,124,42
100900097,1,5,-4
100900098,29,19,10
100900099,34,524,-490
100900100,19,744,-725
100900101,255,64,191
100900102,57,143,-86
100900103,3,21,-18
100900104,4,173,-169
100900105,36,668,-632
100900106,32,8,24
100900107,1932,910,1022
100900108,4,78,-74
100900109,21,31,-10
100900110,3,14,-11
100900111,42,228,-186
100900112,6,25,-19
100900113,31,42,-11
100900114,19,13,6
100900115,9,17,-8
100900116,1433,743,690
100900117,317,1297,-980
100900118,10,44,-34
100900119,18,15,3
100900120,13,16,-3
100900121,777,572,205
100900122,103,155,-52
100900123,109,136,-27
100900124,0,36,-36
100900125,10,51,-41
100900126,227,119,108
100900127,1,16,-15
100900128,200,237,-37
100900129,0,236,-236
100900131,103,259,-156
100900133,76,33,43
100900134,2,5,-3
100900135,1,236,-235
100900137,352,238,114
100900138,386,502,-116
100900139,7,6,1
100900140,5,241,-236
100900141,5,758,-753
100900142,2,17,-15
100900143,582,482,100
100900144,9,5,4
100900145,63,237,-174
100900146,7,97,-90
100900147,14,647,-633
100900148,25,332,-307
100900149,28,292,-264
100900150,4,53,-49
100900151,196,400,-204
100900152,874,13,861
100900153,16,225,-209
100900154,11,67,-56
100900155,11,9,2
100900156,72,7,65
100900157,22,501,-479
100900159,2,36,-34
100900160,41,4,37
100900161,83,8,75
100900162,40,766,-726
100900163,198,117,81
100900164,75,33,42
100900165,41,29,12
100900166,171,4,167
100900167,16,54,-38
100900168,25,238,-213
100900169,79,1313,-1234
100900170,37,4,33
100900171,14,347,-333
100900172,1,28,-27
100900173,11,210,-199
100900174,152,34,118
100900176,1813,298,1515
100900177,525,496,29
100900178,274,164,110
100900179,297,459,-162
100900180,2,6,-4
100900181,192,116,76
100900182,230,64,166
100900184,28,319,-291
100900186,512,442,70
100900187,10,50,-40
100900188,28,5,23
100900189,2928,302,2626
100900191,779,1401,-622
100900192,229,557,-328
100900195,125,177,-52
100900197,19,16,3
100900198,24,305,-281
100900199,3,12,-9
100900200,952,309,643
100900201,158,605,-447
100900202,66,2,64
100900203,19,409,-390
100900204,683,3607,-2924
100900205,180,750,-570
100900206,354,188,166
100900207,317,169,148
100900210,134,872,-738
100900211,1002,192,810
100900213,410,96,314
100900214,502,147,355
100900215,15,50,-35
100900217,161,139,22
101000001,2866,2690,176
101000002,8026,9794,-1768
101000003,394,1330,-936
101000004,7077,6834,243
101000005,4623,5537,-914
101000006,6586,7868,-1282
101000007,4214,5259,-1045
101000008,2259,2245,14
101000009,2127,782,1345
101000010,1003,636,367
101000011,1237,506,731
101000012,790,760,30
101000013,780,1409,-629
101000014,414,559,-145
101000015,1627,914,713
101000016,396,592,-196
101000017,557,466,91
101000018,2160,2597,-437
101000020,2301,1050,1251
101000021,831,412,419
101000022,168,144,24
101000023,1582,746,836
101000025,343,504,-161
101000026,207,67,140
101000027,2611,3838,-1227
101000028,1013,364,649
101000029,312,2581,-2269
101000030,1502,214,1288
101000031,712,1671,-959
101000032,5209,6692,-1483
101000033,3044,5258,-2214
101000034,1492,2375,-883
101000035,910,465,445
101000036,1737,1222,515
101000037,1972,2337,-365
101000039,2926,3876,-950
101000040,3066,5712,-2646
101000041,5071,11446,-6375
101000042,413,1589,-1176
101000043,5381,11825,-6444
101000045,998,1498,-500
101000046,2313,3073,-760
101000047,2066,7279,-5213
101000048,714,672,42
101000049,775,3007,-2232
101000050,2091,3175,-1084
101000051,1474,4183,-2709
101000052,1667,1659,8
101000053,1415,1748,-333
101000054,2637,1169,1468
101000055,1389,1768,-379
101000056,37,107,-70
101000057,1414,1538,-124
101000058,1152,1710,-558
101000059,2364,2565,-201
101000060,1985,870,1115
101000061,839,1723,-884
101000062,576,922,-346
101000063,553,1409,-856
101000064,990,1363,-373
101000065,381,693,-312
101000066,881,1270,-389
101000067,905,1283,-378
101000068,244,728,-484
101000069,202,91,111
101000070,915,1391,-476
101000071,2422,1282,1140
101000072,753,4138,-3385
101000073,1040,1521,-481
101000074,4423,5015,-592
101000075,3259,7279,-4020
101000077,1990,1574,416
101000078,1068,1491,-423
101000079,1671,855,816
101000080,1411,1087,324
101000081,1855,1647,208
101000082,2533,2645,-112
101000083,2939,2548,391
101000084,1137,730,407
101000085,1732,1299,433
101000086,1268,1272,-4
101000087,903,861,42
101000088,1729,1389,340
101000089,1182,1681,-499
101000090,1722,1099,623
101000091,477,600,-123
101000092,1262,689,573
101000093,1522,746,776
101000094,1191,988,203
101000095,599,624,-25
101000096,460,382,78
101000097,513,708,-195
101000098,420,1137,-717
101000099,890,1795,-905
101000100,785,1525,-740
101000101,289,408,-119
101000102,900,751,149
101000103,740,635,105
101000104,448,850,-402
101000105,485,783,-298
101000106,999,1537,-538
101000107,388,561,-173
101000108,543,202,341
101000109,602,101,501
101000110,21,189,-168
101000111,131,278,-147
101000113,359,856,-497
101000114,6993,12791,-5798
101000115,483,129,354
101000116,136,136,0
101000117,2390,442,1948
101000119,83,87,-4
101000120,169,71,98
101000121,78,81,-3
101000122,143,189,-46
101000123,68,152,-84
101000124,1547,454,1093
101000125,165,396,-231
101000128,283,1036,-753
101000130,191,342,-151
101000131,1125,409,716
101000132,982,935,47
101000135,39,59,-20
101000136,345,298,47
101000137,53,443,-390
101000141,1149,4627,-3478
101000147,965,370,595
101000148,538,50,488
101000149,389,743,-354
101000150,91,413,-322
101000151,420,43,377
101000152,355,345,10
101000153,336,227,109
101000154,374,660,-286
101000155,478,211,267
101000156,35,387,-352
101000157,87,50,37
101000160,127,60,67
101000163,204,408,-204
101000164,387,255,132
101000165,351,374,-23
101000166,261,298,-37
101000168,1002,435,567
101000252,2572,1191,1381
101000254,144,237,-93
101000258,76,10,66
101000261,192,76,116
101000262,2021,3373,-1352
101000263,610,1809,-1199
101000265,130,1045,-915
101000266,305,481,-176
101000269,18,17,1
101000290,962,2906,-1944
101000293,67,74,-7
101000294,821,576,245
101000295,133,366,-233
101000301,621,702,-81
101000304,2752,3053,-301
101000305,2984,1341,1643
101900001,34,76,-42
101900002,0,3,-3
101900003,42,98,-56
101900004,3,67,-64
101900005,2020,3195,-1175
101900006,1696,146,1550
101900007,1145,290,855
101900008,103,292,-189
101900009,45,439,-394
101900010,584,796,-212
101900011,185,933,-748
101900012,431,182,249
101900013,532,152,380
101900017,9,164,-155
101900018,789,399,390
101900019,167,165,2
101900020,41,17,24
101900021,1,53,-52
101900022,199,629,-430
101900023,229,92,137
101900026,154,45,109
101900027,21,95,-74
102000001,4160,5963,-1803
102000002,2543,1144,1399
102000003,2935,7910,-4975
102000004,4946,2554,2392
102000005,1407,3152,-1745
102000006,831,1783,-952
102000007,2105,5890,-3785
102000008,4288,1745,2543
102000009,7971,9911,-1940
102000010,4386,3611,775
102000011,4638,3585,1053
102000012,3022,2884,138
102000018,2301,2831,-530
102000019,3222,1841,1381
102000026,239,600,-361
102000029,231,240,-9
102000030,177,401,-224
102000031,69,115,-46
102000032,589,283,306
102000033,325,369,-44
102000034,601,459,142
102000035,2489,805,1684
102000036,22,335,-313
102000037,186,39,147
102000038,127,323,-196
102000039,195,88,107
102000040,273,286,-13
102000041,137,527,-390
102000042,214,466,-252
102000043,224,250,-26
102000044,380,527,-147
102000045,596,720,-124
102000046,1197,610,587
102000047,773,791,-18
102000048,543,781,-238
102000049,1074,823,251
102000050,875,1080,-205
102000051,393,705,-312
102000052,1056,688,368
102000053,1023,1079,-56
102000054,910,1640,-730
102000055,1662,415,1247
102000056,1190,591,599
102000057,1429,517,912
102000058,1144,1037,107
102000059,1605,1398,207
102000060,1175,921,254
102000061,2072,1525,547
102000062,2248,1074,1174
102000063,1129,1313,-184
102000064,620,737,-117
102000065,75,359,-284
102000066,855,800,55
102000067,2303,2695,-392
102000068,11903,2649,9254
102000069,125,3347,-3222
102000070,1276,46,1230
102000071,6457,8348,-1891
102000072,3506,3660,-154
102000073,1424,1215,209
102000074,641,1286,-645
102000075,150,391,-241
102000076,216,421,-205
102000077,816,532,284
102000078,952,548,404
102000079,269,191,78
102000080,248,251,-3
102000081,424,987,-563
102000082,672,428,244
102000083,790,217,573
102000084,489,230,259
102000085,3849,785,3064
102000086,1359,921,438
102000087,1102,1529,-427
102000088,388,315,73
102000089,1412,461,951
102000090,609,1150,-541
102000091,1349,653,696
102000092,381,772,-391
102000093,512,750,-238
102000094,804,695,109
102000095,705,1416,-711
102000096,610,816,-206
102000097,700,666,34
102000098,539,709,-170
102000099,825,971,-146
102000100,421,1206,-785
102000101,547,796,-249
102000102,306,1198,-892
102000103,1351,312,1039
102000104,610,293,317
102000105,283,469,-186
102000106,819,448,371
102000107,1814,387,1427
102000108,653,225,428
102000109,679,447,232
102000110,1237,714,523
102000111,51,241,-190
102000112,153,115,38
102000113,29,28,1
102000114,630,328,302
102000115,324,310,14
102000116,307,467,-160
102000117,164,441,-277
102000118,867,1449,-582
102000119,1288,796,492
102000120,235,435,-200
102000121,1330,628,702
102000122,805,948,-143
102000123,1390,1295,95
102000124,1561,1201,360
102000125,780,1095,-315
102000126,734,719,15
102000127,1455,716,739
102000128,830,848,-18
102000129,1838,597,1241
102000130,897,916,-19
102000131,2040,1026,1014
102000132,760,1655,-895
102000133,2637,1315,1322
102000134,1152,856,296
102000135,1429,1053,376
102000136,2063,662,1401
102000137,619,1786,-1167
102000138,252,633,-381
102000139,167,1216,-1049
102000140,236,1611,-1375
102000141,491,3575,-3084
102000142,354,385,-31
102000143,186,267,-81
102000144,370,244,126
102000145,453,342,111
102000146,457,387,70
102000147,529,425,104
102000148,200,577,-377
102000149,217,243,-26
102000150,589,88,501
102000151,148,177,-29
102000152,199,99,100
102000153,1019,602,417
102000154,203,493,-290
102000155,56,283,-227
102000156,318,171,147
102000157,67,405,-338
102000158,504,621,-117
102000159,706,735,-29
102000161,2119,2184,-65
102000162,120,166,-46
102000163,143,635,-492
102000164,695,924,-229
102000165,299,129,170
102000166,82,221,-139
102000167,268,184,84
102000168,330,149,181
102000169,144,501,-357
102000170,442,273,169
102000171,219,382,-163
102000172,256,568,-312
102000173,509,379,130
102000174,122,37,85
102000175,121,94,27
102000176,127,41,86
102000178,342,267,75
102000179,707,214,493
102000180,1153,327,826
102000181,935,427,508
102000182,635,391,244
102000183,2127,1364,763
102000184,2060,535,1525
102000185,3077,911,2166
102000186,1435,997,438
102000187,961,1000,-39
102000188,1344,1463,-119
102000189,1583,561,1022
102000190,648,2527,-1879
102000191,1446,509,937
102000192,1331,1590,-259
102000193,70,101,-31
102000194,73,119,-46
102000195,461,369,92
102000196,246,234,12
102000197,918,279,639
102000198,257,456,-199
102000199,1260,242,1018
102000200,320,698,-378
102000201,1286,380,906
102000202,3,84,-81
102000203,451,124,327
102000204,633,445,188
102000205,1415,291,1124
102000206,829,342,487
102000207,822,430,392
102000208,487,307,180
102000209,75,60,15
102000210,508,276,232
102000211,572,135,437
102000212,415,11,404
102000213,1,160,-159
102000214,370,4,366
102000215,4,206,-202
102000216,111,89,22
102000217,6,77,-71
102000218,339,198,141
102000219,256,156,100
102000225,515,573,-58
102000226,2986,2361,625
102000227,154,3,151
102000228,0,57,-57
102000229,72,53,19
102000230,364,318,46
102000231,337,431,-94
102000232,25,175,-150
102000233,434,642,-208
102000234,107,1043,-936
102000236,207,77,130
102000237,378,120,258
102000238,170,223,-53
102000240,522,804,-282
102000241,591,186,405
102000243,20,45,-25
102000245,14,169,-155
102000246,21,44,-23
102000247,554,778,-224
102000248,380,1121,-741
102000249,137,107,30
102000250,124,302,-178
102000254,186,188,-2
102000266,25,836,-811
102000271,24,0,24
102000286,449,386,63
102000297,2222,944,1278
102000299,0,0,0
102000301,0,0,0
102000303,0,0,0
102000305,0,0,0
102000307,1,4,-3
102000308,0,5,-5
102900001,1224,621,603
102900002,479,36,443
102900003,57,149,-92
102900005,460,186,274
102900006,622,64,558
102900007,577,29,548
102900008,232,41,191
102900009,603,417,186
102900010,255,1082,-827
102900011,1333,431,902
102900012,438,93,345
102900013,37,55,-18
102900015,711,475,236
102900016,104,68,36
102900017,204,335,-131
102900018,61,90,-29
102900019,491,424,67
102900020,150,42,108
102900021,38,67,-29
102900022,345,153,192
102900023,10,32,-22
102900024,31,51,-20
102900025,177,116,61
102900026,341,2244,-1903
102900027,82,79,3
102900028,240,946,-706
102900029,161,211,-50
102900030,486,316,170
102900031,283,96,187
102900032,106,93,13
102900033,159,175,-16
102900034,616,53,563
102900035,193,204,-11
102900036,420,265,155
102900037,374,290,84
102900038,550,357,193
102900039,23,620,-597
102900040,200,245,-45
102900041,117,147,-30
102900042,256,238,18
102900043,176,169,7
102900044,708,1419,-711
102900045,210,395,-185
102900046,192,196,-4
102900047,110,441,-331
102900048,521,332,189
102900049,151,307,-156
102900050,236,260,-24
102900051,178,171,7
102900052,54,69,-15
102900053,329,409,-80
102900054,486,1404,-918
102900055,203,280,-77
102900056,116,305,-189
102900057,11,63,-52
102900058,452,107,345
102900059,38,75,-37
102900060,132,315,-183
102900061,227,254,-27
102900062,334,471,-137
102900063,1514,368,1146
102900064,118,468,-350
102900065,868,405,463
102900066,359,11,348
102900068,93,88,5
102900070,272,925,-653
102900072,10,44,-34
102900073,116,8,108
102900075,29,86,-57
102900076,88,209,-121
102900077,35,33,2
102900078,43,61,-18
102900079,271,10,261
102900080,518,37,481
102900081,104,314,-210
102900082,9,183,-174
102900083,164,19,145
102900084,11,33,-22
102900085,374,151,223
102900086,32,95,-63
102900087,184,90,94
102900088,58,28,30
102900089,201,115,86
102900090,3,180,-177
102900091,272,2,270
102900092,669,520,149
102900093,348,266,82
102900094,0,118,-118
102900095,128,2,126
102900096,63,7,56
102900097,42,84,-42
103000001,2264,1942,322
103000002,2371,2410,-39
103000003,3293,3144,149
103000004,861,747,114
103000005,1823,3126,-1303
103000006,998,1479,-481
103000007,487,641,-154
103000008,1188,537,651
103000009,1757,1049,708
103000010,147,72,75
103000011,1586,1180,406
103000012,1731,1538,193
103000013,2997,1615,1382
103000014,1368,2799,-1431
103000015,1299,551,748
103000016,537,1548,-1011
103000017,226,412,-186
103000018,643,266,377
103000019,450,385,65
103000020,1794,1301,493
103000021,1654,1762,-108
103000022,645,813,-168
103000023,808,1806,-998
103000024,80,146,-66
103000025,122,821,-699
103000026,727,112,615
103000027,309,743,-434
103000028,323,366,-43
103000029,203,293,-90
103000030,1338,1330,8
103000031,1207,2184,-977
103000032,2284,1491,793
103000033,3024,2669,355
103000034,1228,1109,119
103000035,511,1296,-785
103000036,319,502,-183
103000037,559,570,-11
103000038,546,1092,-546
103000039,558,312,246
103000040,540,543,-3
103000041,1821,1425,396
103000042,1516,355,1161
103000043,672,623,49
103000044,347,139,208
103000046,497,466,31
103000047,646,459,187
103000048,249,137,112
103000049,77,96,-19
103000050,851,294,557
103000051,672,355,317
103000052,837,221,616
103000053,219,398,-179
103000054,2656,1263,1393
103000055,1765,1770,-5
103000056,955,1086,-131
103000057,889,219,670
103000058,655,742,-87
103000059,629,620,9
103000060,768,341,427
103000061,450,782,-332
103000062,1192,404,788
103000063,937,805,132
103000064,155,157,-2
103000065,1,283,-282
103000066,211,12,199
103000069,536,223,313
103000070,1174,618,556
103000071,1425,398,1027
103000072,131,509,-378
103000073,747,128,619
103000074,946,94,852
103000075,120,387,-267
103000076,411,501,-90
103000077,66,225,-159
103000078,859,833,26
103000079,431,680,-249
103000080,791,439,352
103000081,389,1164,-775
103000082,505,265,240
103000083,152,223,-71
103000084,95,11,84
103000085,1,118,-117
103000086,510,417,93
103000087,159,646,-487
103000088,231,279,-48
103000089,327,531,-204
103000090,2497,879,1618
103000091,545,405,140
103000092,274,222,52
103000093,255,387,-132
103000094,215,76,139
103000095,113,288,-175
103000096,516,53,463
103000097,64,677,-613
103000098,615,190,425
103000099,277,686,-409
103000100,163,465,-302
103000101,954,96,858
103000102,130,380,-250
103000103,808,136,672
103000104,85,77,8
103000105,230,87,143
103000106,11,132,-121
103000107,204,66,138
103000108,799,560,239
103000109,460,407,53
103000110,542,522,20
103000111,403,409,-6
103000112,286,200,86
103000113,489,533,-44
103000114,1266,506,760
103000115,634,415,219
103000116,668,343,325
103000117,337,365,-28
103000118,466,504,-38
103000119,810,443,367
103000120,82,96,-14
103000121,224,525,-301
103000122,397,681,-284
103000125,27,129,-102
103000126,791,8,783
103000127,1,134,-133
103000128,205,10,195
103000129,3,88,-85
103000130,79,57,22
103000131,172,116,56
103000132,115,208,-93
103000133,62,118,-56
103000134,410,965,-555
103000135,548,241,307
103000136,645,423,222
103000137,378,622,-244
103000138,605,630,-25
103000139,8,85,-77
103000140,137,33,104
103000141,44,119,-75
103000142,118,81,37
103000143,62,142,-80
103000144,160,71,89
103000145,40,221,-181
103000150,158,33,125
103000152,169,195,-26
103000153,208,157,51
103000156,20,235,-215
103000157,470,5,465
103000159,166,35,131
103000162,85,21,64
103000163,38,67,-29
103000164,32,12,20
103000165,73,198,-125
103000166,237,301,-64
103000167,159,85,74
103000168,164,114,50
103000169,238,466,-228
103000170,1084,300,784
103000171,20,78,-58
103000172,668,189,479
103000173,791,324,467
103000174,253,267,-14
103000175,363,176,187
103000176,788,694,94
103000177,442,326,116
103000178,170,325,-155
103000179,206,25,181
103000183,193,14,179
103000185,164,34,130
103000186,186,101,85
103000187,894,188,706
103000188,13,75,-62
103000189,685,542,143
103000191,512,533,-21
103000292,760,1910,-1150
103000293,916,2769,-1853
103000295,58,82,-24
103000296,365,4,361
103000297,95,158,-63
103000504,24,13,11
103000505,6,52,-46
103000506,2,110,-108
103000507,239,1,238
103000508,60,79,-19
103000509,213,502,-289
103900001,21,130,-109
103900002,784,148,636
103900003,1055,277,778
103900004,197,7,190
103900005,14,121,-107
103900006,8,6,2
103900007,101,3,98
103900008,11,2,9
103900009,368,476,-108
103900010,183,331,-148
103900011,508,94,414
103900012,11,25,-14
103900013,92,45,47
103900014,114,8,106
103900015,92,9,83
103900016,269,148,121
103900017,42,46,-4
103900018,452,205,247
103900019,79,540,-461
103900020,264,522,-258
103900021,284,61,223
103900022,1218,653,565
103900023,209,11,198
103900024,119,324,-205
103900025,25,30,-5
103900026,163,0,163
103900027,845,193,652
103900028,31,282,-251
103900029,1132,153,979
103900030,326,98,228
103900031,36,3,33
103900032,115,84,31
103900033,110,29,81
103900034,53,62,-9
103900035,60,35,25
103900036,47,38,9
103900037,121,59,62
103900038,115,277,-162
103900039,104,194,-90
103900040,45,127,-82
103900041,76,72,4
103900042,118,196,-78
103900043,263,58,205
103900044,70,333,-263
103900045,484,194,290
103900047,124,23,101
103900048,120,35,85
103900049,162,895,-733
103900050,10,174,-164
103900051,1,44,-43
103900052,213,263,-50
103900053,304,309,-5
103900054,155,243,-88
103900055,469,180,289
103900056,69,35,34
103900057,44,122,-78
103900058,403,330,73
103900059,0,32,-32
103900060,80,104,-24
103900061,250,32,218
103900062,485,135,350
103900063,8,0,8
103900064,166,2,164
103900065,691,366,325
103900066,201,36,165
103900067,239,11,228
103900068,5,1,4
103900069,108,31,77
103900070,147,119,28
103900071,19,82,-63
103900072,37,149,-112
103900073,37,39,-2
103900074,84,64,20
103900075,333,75,258
103900076,669,336,333
103900077,42,125,-83
103900078,362,108,254
103900079,157,158,-1
103900080,18,34,-16
103900081,22,14,8
103900082,28,89,-61
103900083,881,1308,-427
103900084,84,157,-73
103900085,79,127,-48
103900086,1021,391,630
103900087,15,80,-65
103900088,323,682,-359
103900089,60,97,-37
103900090,5,54,-49
103900091,1058,171,887
103900092,837,343,494
103900093,52,265,-213
103900094,17,68,-51
103900095,297,179,118
103900096,26,109,-83
103900097,11,344,-333
103900098,272,112,160
103900099,94,83,11
103900100,340,227,113
103900101,128,900,-772
103900102,2,20,-18
103900104,2,29,-27
103900105,70,171,-101
103900106,0,76,-76
103900107,184,125,59
103900108,74,164,-90
103900109,159,68,91
103900110,283,44,239
103900111,143,333,-190
103900112,103,123,-20
103900113,111,237,-126
103900114,285,218,67
103900115,313,291,22
103900116,2793,2846,-53
103900117,116,35,81
103900119,30,96,-66
103900120,96,71,25
103900122,164,108,56
103900123,855,584,271
103900124,69,239,-170
103900125,141,46,95
103900126,673,261,412
103900127,215,274,-59
103900128,138,70,68
103900131,46,81,-35
103900133,1008,100,908
103900134,1,12,-11
103900135,5,2,3
103900137,0,27,-27
103900138,189,59,130
103900139,215,2597,-2382
103900140,3,259,-256
103900141,230,56,174
103900142,278,78,200
103900143,100,0,100
103900144,1,49,-48
103900145,157,190,-33
103900146,333,208,125
103900147,425,103,322
103900148,347,163,184
103900149,504,286,218
103900150,3988,5371,-1383
103900151,36,151,-115
103900152,784,263,521
103900153,15,6,9
103900154,564,2126,-1562
103900155,38,157,-119
103900156,76,96,-20
103900157,113,80,33
103900158,183,64,119
103900159,274,43,231
103900160,86,60,26
103900161,96,159,-63
103900162,75,127,-52
103900163,15,321,-306
103900167,20,101,-81
103900168,160,66,94
103900169,57,59,-2
103900170,2,52,-50
103900171,2,35,-33
103900172,0,12,-12
103900173,15,19,-4
103900174,248,54,194
103900175,62,103,-41
103900176,7,36,-29
103900177,9,78,-69
103900178,66,33,33
103900179,58,57,1
103900180,30,73,-43
103900181,51,43,8
103900182,21,13,8
103900184,341,140,201
103900185,130,563,-433
103900187,16,93,-77
103900188,74,41,33
103900189,147,10,137
103900190,118,46,72
103900191,33,57,-24
103900192,21,145,-124
103900193,111,144,-33
103900194,89,182,-93
103900195,13,118,-105
103900196,34,34,0
103900197,14,19,-5
103900198,18,40,-22
103900199,105,57,48
103900200,169,74,95
103900201,140,147,-7
103900202,9,57,-48
103900203,32,25,7
103900204,5,47,-42
103900207,0,41,-41
103900208,135,1,134
103900209,12,71,-59
103900210,74,35,39
103900211,594,247,347
103900212,168,234,-66
103900213,62,200,-138
103900214,237,179,58
103900215,222,266,-44
103900216,6,234,-228
103900217,430,84,346
103900218,14,245,-231
103900219,167,157,10
103900233,39,2,37
103900235,22,22,0
103900236,11,1,10
103900242,10,9,1
103900243,6,2,4
103900244,148,119,29
103900245,116,120,-4
103900246,60,34,26
103900247,33,66,-33
103900248,16,101,-85
103900249,8,108,-100
103900250,21,35,-14
103900251,1,20,-19
103900253,3,79,-76
103900254,1,13,-12
103900255,3,12,-9
103900256,11,23,-12
103900257,55,71,-16
103900258,8,7,1
103900259,46,11,35
103900261,13,3,10
103900262,10,4,6
103900263,40,34,6
103900264,52,19,33
103900265,60,7,53
103900266,0,115,-115
103900267,9,68,-59
103900268,6,23,-17
103900269,156,19,137
103900270,71,71,0
103900271,53,76,-23
103900272,51,33,18
103900273,43,14,29
103900274,124,6,118
103900275,50,15,35
103900276,8,36,-28
103900277,6,34,-28
104000001,2459,2197,262
104000002,1719,1932,-213
104000003,2427,1798,629
104000004,2392,2273,119
104000005,1853,1737,116
104000006,3175,2496,679
104000007,3589,4226,-637
104000008,145,148,-3
104000009,217,99,118
104000010,166,340,-174
104000011,330,176,154
104000012,155,202,-47
104000013,233,239,-6
104000014,199,426,-227
104000015,379,114,265
104000016,519,247,272
104000018,968,145,823
104000019,656,248,408
104000020,116,340,-224
104000021,261,343,-82
104000022,124,245,-121
104000023,941,318,623
104000024,214,234,-20
104000026,64,280,-216
104000027,245,172,73
104000028,442,214,228
104000029,331,212,119
104000030,271,160,111
104000031,1469,277,1192
104000032,189,219,-30
104000033,718,456,262
104000034,391,189,202
104000035,1086,328,758
104000036,912,408,504
104000037,305,159,146
104000038,554,268,286
104000039,201,135,66
104000040,161,323,-162
104000041,674,280,394
104000042,165,231,-66
104000043,179,213,-34
104000044,214,333,-119
104000045,881,630,251
104000046,707,1096,-389
104000047,822,878,-56
104000048,1076,1000,76
104000049,589,412,177
104000050,201,956,-755
104000051,118,443,-325
104000052,1601,1460,141
104000053,993,426,567
104000054,625,254,371
104000055,3164,1967,1197
104000056,808,195,613
104000057,116,228,-112
104000058,791,685,106
104000059,578,950,-372
104000060,1031,1131,-100
104000061,1117,818,299
104000062,352,86,266
104000064,434,269,165
104000065,191,630,-439
104000069,641,1290,-649
104000070,52,523,-471
104000071,95,221,-126
104000072,517,139,378
104000075,115,283,-168
104000076,422,79,343
104000082,2351,3086,-735
104000083,721,192,529
104000084,133,413,-280
104000085,262,276,-14
104000086,177,385,-208
104000087,333,1843,-1510
104000090,934,899,35
104000092,1588,1247,341
104000094,869,981,-112
104000095,2152,1164,988
104000096,1711,109,1602
104000097,2020,552,1468
104000098,2543,538,2005
104000100,1978,570,1408
104000101,1395,1271,124
104000106,47,510,-463
104000107,568,303,265
104000108,260,353,-93
104000109,308,129,179
104000110,694,1075,-381
104000111,2338,2602,-264
104000112,1140,467,673
104000116,2,625,-623
104000117,199,334,-135
104000118,923,176,747
104000119,780,239,541
104000120,269,444,-175
104000121,299,523,-224
104000122,729,726,3
104000123,710,673,37
104000124,549,1489,-940
104000125,2295,4625,-2330
104000126,473,450,23
104000127,1131,1547,-416
104000128,608,320,288
104000129,438,22,416
104000130,9,319,-310
104000131,324,299,25
104000132,324,268,56
104000133,1250,745,505
104000134,873,1606,-733
104000135,425,1879,-1454
104000136,632,3655,-3023
104000137,1254,357,897
104000138,844,441,403
104000139,3771,2487,1284
104000141,905,1032,-127
104000142,602,382,220
104000143,611,286,325
104000144,109,221,-112
104000145,339,214,125
104000146,233,401,-168
104000147,138,286,-148
104000148,363,189,174
104000149,149,186,-37
104000150,1054,521,533
104000151,333,273,60
104000152,607,475,132
104000153,731,483,248
104000154,797,429,368
104000155,472,517,-45
104000157,928,1132,-204
104000158,431,1002,-571
104000159,867,771,96
104000160,1767,2027,-260
104000161,210,209,1
104000162,71,159,-88
104000165,692,831,-139
104000167,770,1286,-516
104000168,760,11,749
104000169,148,38,110
104000170,284,508,-224
104000248,300,445,-145
104000251,71,158,-87
104000272,0,0,0
104000273,0,0,0
104000274,0,0,0
104000275,0,0,0
104000279,643,449,194
104000290,74,228,-154
104000291,386,1005,-619
104000293,902,616,286
104000294,89,0,89
104000295,576,750,-174
104000296,495,696,-201
104000297,634,1710,-1076
104000298,1935,876,1059
104000299,650,1249,-599
104900001,123,277,-154
104900002,102,237,-135
104900003,59,254,-195
104900004,117,188,-71
104900005,366,280,86
104900006,459,62,397
104900007,326,239,87
104900009,156,197,-41
104900010,68,61,7
104900011,27,17,10
104900012,212,48,164
104900013,96,10,86
104900014,1725,265,1460
104900015,62,5,57
104900016,284,183,101
104900017,267,134,133
104900018,12,207,-195
104900019,246,3598,-3352
104900020,34,254,-220
104900021,11,149,-138
104900022,3,69,-66
104900023,3,45,-42
104900024,27,75,-48
104900025,81,119,-38
104900026,1,44,-43
104900027,722,299,423
104900028,22,59,-37
104900029,34,38,-4
104900030,514,183,331
104900031,49,182,-133
104900032,58,76,-18
104900033,197,215,-18
104900034,383,190,193
104900035,417,226,191
104900036,240,63,177
104900037,154,133,21
104900038,304,931,-627
104900039,407,482,-75
104900040,590,116,474
104900041,276,107,169
104900042,179,180,-1
104900043,23,235,-212
104900044,796,198,598
104900045,504,52,452
104900046,278,98,180
104900047,432,92,340
104900048,367,60,307
104900049,86,43,43
104900050,344,72,272
104900051,333,30,303
104900052,69,0,69
104900053,421,72,349
104900054,233,28,205
104900055,166,0,166
104900056,196,14,182
104900057,59,3,56
104900058,684,714,-30
104900059,176,110,66
104900060,0,363,-363
104900061,178,368,-190
104900063,1,81,-80
104900064,0,44,-44
104900065,1,184,-183
104900066,3,77,-74
104900067,4,252,-248
104900068,25,122,-97
104900070,160,232,-72
104900071,1,416,-415
104900072,67,237,-170
104900073,87,96,-9
104900074,67,142,-75
104900075,76,51,25
104900076,107,156,-49
104900077,653,294,359
104900078,198,261,-63
104900079,116,597,-481
104900080,144,455,-311
104900082,21,294,-273
104900085,1,124,-123
104900087,296,5,291
104900089,323,3,320
104900090,1131,820,311
104900091,649,485,164
104900093,190,374,-184
104900097,1546,1974,-428
104900098,203,34,169
104900099,329,865,-536
104900100,317,194,123
104900102,43,92,-49
104900103,371,59,312
104900104,2065,2302,-237
104900106,139,92,47
104900107,145,138,7
104900108,54,180,-126
104900109,171,180,-9
104900110,9,52,-43
104900111,298,111,187
104900112,263,364,-101
104900113,737,261,476
104900114,410,293,117
104900115,871,293,578
104900116,313,123,190
104900118,24,38,-14
104900119,6,55,-49
104900120,26,306,-280
104900121,1,48,-47
104900122,9,30,-21
104900123,91,15,76
104900124,77,2,75
104900125,421,5,416
104900126,50,47,3
104900127,40,58,-18
104900128,114,140,-26
104900129,1098,2446,-1348
105000001,2656,1395,1261
105000002,2279,1601,678
105000003,3075,4290,-1215
105000004,723,748,-25
105000005,1098,1187,-89
105000006,1518,1752,-234
105000007,1542,1981,-439
105000008,1452,4385,-2933
105000009,3281,3377,-96
105000010,2847,1321,1526
105000011,4405,3235,1170
105000012,3237,2172,1065
105000013,1152,1171,-19
105000014,2490,3021,-531
105000015,10705,17543,-6838
105000016,1606,1823,-217
105000017,1564,830,734
105000018,1109,1639,-530
105000019,1070,946,124
105000020,176,573,-397
105000021,238,127,111
105000022,271,138,133
105000023,525,339,186
105000028,69,70,-1
105000029,683,1520,-837
105000030,3355,1973,1382
105000033,932,1367,-435
105000034,177,1155,-978
105000037,638,209,429
105000038,1744,1754,-10
105000039,2144,1483,661
105000040,1192,1659,-467
105000041,644,1443,-799
105000042,3376,2454,922
105000043,1444,2905,-1461
105000044,700,641,59
105000045,310,419,-109
105000046,1430,354,1076
105000047,529,821,-292
105000048,528,171,357
105000049,194,336,-142
105000050,687,341,346
105000051,169,295,-126
105000052,663,870,-207
105000053,105,119,-14
105000054,480,639,-159
105000055,956,260,696
105000056,1366,1364,2
105000057,1340,538,802
105000058,1411,953,458
105000059,849,544,305
105000060,426,473,-47
105000061,780,413,367
105000062,532,522,10
105000063,266,315,-49
105000064,1863,621,1242
105000065,345,339,6
105000066,941,927,14
105000067,1673,710,963
105000068,373,754,-381
105000069,1325,2306,-981
105000070,402,1006,-604
105000071,190,1116,-926
105000072,890,2726,-1836
105000073,922,653,269
105000074,1097,692,405
105000075,586,657,-71
105000076,1021,806,215
105000077,1996,1138,858
105000078,1189,1434,-245
105000079,1217,3562,-2345
105000080,2044,1652,392
105000081,2921,1425,1496
105000082,1039,2273,-1234
105000083,4399,4541,-142
105000084,681,689,-8
105000085,2086,2757,-671
105000086,590,960,-370
105000087,1324,1986,-662
105000088,1254,1773,-519
105000089,2993,1976,1017
105000090,1015,838,177
105000091,1232,1239,-7
105000092,583,736,-153
105000093,332,333,-1
105000094,347,329,18
105000095,102,460,-358
105000096,1289,1144,145
105000097,951,795,156
105000098,1062,658,404
105000099,678,672,6
105000100,1534,950,584
105000101,1905,1892,13
105000102,2076,1711,365
105000103,1323,2541,-1218
105000104,2921,1096,1825
105000105,1142,1590,-448
105000106,1690,1205,485
105000107,1783,726,1057
105000108,2127,1096,1031
105000109,1966,1149,817
105000110,1014,465,549
105000111,1016,584,432
105000112,1256,465,791
105000113,568,714,-146
105000114,1937,1266,671
105000115,298,1376,-1078
105000116,1050,523,527
105000117,839,598,241
105000118,734,406,328
105000119,598,568,30
105000120,1301,491,810
105000121,809,599,210
105000122,478,646,-168
105000123,939,839,100
105000124,2143,622,1521
105000125,906,1242,-336
105000126,2373,1175,1198
105000127,2452,1464,988
105000128,958,710,248
105000129,1005,274,731
105000130,332,3706,-3374
105000131,637,275,362
105000132,1095,861,234
105000133,484,812,-328
105000134,1038,575,463
105000135,435,393,42
105000136,118,205,-87
105000137,681,202,479
105000138,196,253,-57
105000139,853,633,220
105000140,507,415,92
105000141,337,369,-32
105000142,349,412,-63
105000143,190,439,-249
105000144,237,583,-346
105000145,826,264,562
105000146,404,548,-144
105000147,856,285,571
105000148,1188,522,666
105000149,3157,1903,1254
105000150,1649,1008,641
105000151,631,334,297
105000152,200,422,-222
105000153,619,581,38
105000154,611,428,183
105000155,324,779,-455
105000156,676,561,115
105000157,742,1178,-436
105000158,1976,672,1304
105000159,324,762,-438
105000160,2381,612,1769
105000161,765,717,48
105000162,606,1942,-1336
105000163,894,649,245
105000164,181,218,-37
105000165,566,6029,-5463
105000166,3530,1330,2200
105000167,1283,2267,-984
105000168,511,529,-18
105000169,731,256,475
105000170,344,1254,-910
105000171,998,178,820
105000172,151,31,120
105000173,384,39,345
105000174,106,53,53
105000175,114,102,12
105000176,640,102,538
105000177,441,186,255
105000178,250,301,-51
105000179,1039,125,914
105000180,247,80,167
105000181,219,146,73
105000182,58,52,6
105000183,1674,2461,-787
105000184,1200,1506,-306
105000185,1516,1255,261
105000186,529,808,-279
105000187,903,209,694
105000188,327,198,129
105000189,184,502,-318
105000190,364,319,45
105000191,511,288,223
105000192,362,70,292
105000193,82,126,-44
105000194,500,121,379
105000195,362,533,-171
105000196,81,275,-194
105000197,280,476,-196
105000198,415,286,129
105000199,176,576,-400
105000200,162,368,-206
105000201,128,36,92
105000203,2,139,-137
105000204,85,73,12
105000205,106,199,-93
105000207,409,155,254
105000208,246,979,-733
105000209,207,228,-21
105000212,1151,766,385
105000213,116,187,-71
105000214,225,183,42
105000215,398,123,275
105000216,179,198,-19
105000217,151,237,-86
105000218,1770,1011,759
105000221,184,116,68
105000222,422,122,300
105000223,362,166,196
105000226,108,126,-18
105000227,104,82,22
105000228,194,2127,-1933
105000229,153,561,-408
105000231,451,419,32
105000233,935,666,269
105000234,535,954,-419
105000235,436,505,-69
105000237,837,83,754
105000243,22,102,-80
105000248,69,89,-20
105000262,389,710,-321
105000269,305,220,85
105000270,500,34,466
105000271,2,142,-140
105000282,63,22,41
105000287,342,104,238
105000288,781,395,386
105000289,2372,2238,134
105000290,18,3,15
105000402,2355,4456,-2101
105000426,422,633,-211
105000438,3552,1818,1734
105000446,8019,5059,2960
105000447,3972,2021,1951
105000454,705,448,257
105000455,220,116,104
105000474,78,7,71
105000477,587,601,-14
105000478,2162,5995,-3833
105000479,113,116,-3
105000480,8476,8352,124
105000481,4951,3876,1075
105000482,3995,6753,-2758
105000483,1978,2422,-444
105000484,1740,2762,-1022
105000485,1810,3857,-2047
105000486,2519,2101,418
105000488,8074,3990,4084
105000489,929,666,263
105000549,115,112,3
105000550,366,1186,-820
105000551,44,118,-74
105000552,2034,1235,799
105900001,13,2477,-2464
105900002,842,858,-16
105900003,20,80,-60
105900004,268,145,123
105900005,10,184,-174
105900006,13,142,-129
105900007,125,33,92
105900008,73,355,-282
105900009,26,21,5
105900011,347,105,242
105900012,597,153,444
105900013,3,35,-32
105900014,5,100,-95
105900015,188,389,-201
105900016,629,515,114
105900017,1658,36,1622
105900018,223,145,78
105900019,89,498,-409
105900020,57,41,16
105900021,47,1232,-1185
105900022,267,190,77
105900023,14,255,-241
105900024,17,408,-391
105900025,258,17,241
105900026,205,19,186
105900027,15032,8725,6307
105900028,464,474,-10
105900029,1678,341,1337
105900030,233,264,-31
105900031,335,181,154
105900032,75,136,-61
105900033,90,126,-36
105900034,273,163,110
105900035,205,206,-1
105900036,164,108,56
105900037,102,73,29
105900038,204,228,-24
105900039,177,95,82
105900040,63,148,-85
105900041,154,228,-74
105900042,55,144,-89
105900043,1144,76,1068
105900044,3,214,-211
105900045,5,750,-745
105900046,3,151,-148
105900047,20,35,-15
105900048,97,418,-321
105900050,7401,8291,-890
105900051,56,1193,-1137
105900052,619,313,306
105900053,2301,3579,-1278
105900054,329,219,110
105900056,819,453,366
105900057,24,178,-154
105900058,21,10,11
105900059,0,57,-57
106000001,3503,2727,776
106000002,1346,4253,-2907
106000003,3322,3676,-354
106000004,1323,2310,-987
106000005,4156,4738,-582
106000006,4609,2459,2150
106000007,522,497,25
106000008,419,322,97
106000009,709,333,376
106000010,575,499,76
106000011,1197,1087,110
106000012,859,874,-15
106000013,2178,1844,334
106000014,1650,1175,475
106000015,2050,1260,790
106000016,1304,1449,-145
106000017,598,792,-194
106000018,763,361,402
106000019,417,365,52
106000020,333,304,29
106000021,334,363,-29
106000022,338,159,179
106000023,581,252,329
106000024,611,355,256
106000025,112,212,-100
106000026,81,114,-33
106000027,1742,1206,536
106000028,627,267,360
106000029,681,687,-6
106000030,391,545,-154
106000034,177,415,-238
106000035,935,2161,-1226
106000036,148,480,-332
106000037,1483,1080,403
106000038,154,108,46
106000039,105,98,7
106000040,98,786,-688
106000041,609,652,-43
106000043,453,251,202
106000046,329,74,255
106000047,41,464,-423
106000049,1248,231,1017
106000050,206,465,-259
106000051,880,557,323
106000052,85,393,-308
106000053,515,129,386
106000054,341,258,83
106000055,1257,774,483
106000056,294,239,55
106000057,529,227,302
106000058,142,104,38
106000059,400,285,115
106000060,277,354,-77
106000061,254,523,-269
106000062,141,444,-303
106000063,813,610,203
106000064,28,300,-272
106000065,458,334,124
106000066,92,237,-145
106000067,496,133,363
106000068,48,493,-445
106000069,315,62,253
106000070,429,629,-200
106000071,1145,284,861
106000072,2081,1320,761
106000073,1268,3188,-1920
106000074,576,659,-83
106000075,272,1286,-1014
106000076,1551,1738,-187
106000077,2906,1157,1749
106000078,1188,717,471
106000079,700,672,28
106000080,1284,495,789
106000081,706,1051,-345
106000082,2259,634,1625
106000083,426,1290,-864
106000084,1140,590,550
106000085,1219,1449,-230
106000086,558,776,-218
106000087,930,475,455
106000088,305,550,-245
106000089,961,237,724
106000090,270,458,-188
106000091,253,384,-131
106000092,636,214,422
106000093,321,139,182
106000094,89,220,-131
106000095,964,626,338
106000096,919,573,346
106000097,1333,593,740
106000098,838,704,134
106000099,216,816,-600
106000100,1566,198,1368
106000101,1931,353,1578
106000102,320,642,-322
106000103,305,432,-127
106000104,913,371,542
106000105,483,433,50
106000106,802,343,459
106000107,128,191,-63
106000108,338,201,137
106000109,232,147,85
106000110,274,204,70
106000111,209,241,-32
106000112,305,601,-296
106000113,576,451,125
106000114,409,602,-193
106000115,184,317,-133
106000116,301,175,126
106000117,964,463,501
106000118,1160,1463,-303
106000119,1028,676,352
106000120,964,1371,-407
106000121,197,135,62
106000122,163,113,50
106000123,570,101,469
106000124,105,121,-16
106000125,25,128,-103
106000126,308,68,240
106000127,997,552,445
106000128,916,120,796
106000129,442,354,88
106000130,926,227,699
106000131,110,584,-474
106000132,521,128,393
106000133,1222,1086,136
106000134,385,2385,-2000
106000135,162,392,-230
106000136,592,1038,-446
106000137,73,452,-379
106000138,1208,87,1121
106000139,74,78,-4
106000140,40,26,14
106000141,134,29,105
106000142,103,53,50
106000143,20,25,-5
106000144,36,42,-6
106000145,308,165,143
106000146,519,122,397
106000147,306,265,41
106000148,460,612,-152
106000149,581,269,312
106000150,436,1787,-1351
106000151,2705,694,2011
106000152,1029,2076,-1047
106000153,88,1876,-1788
106000154,991,152,839
106000155,159,272,-113
106000156,1239,238,1001
106000157,732,1439,-707
106000158,2225,936,1289
106000159,2028,1974,54
106000160,509,2931,-2422
106000161,1242,248,994
106000162,351,1084,-733
106000163,368,214,154
106000164,527,253,274
106000165,260,324,-64
106000166,936,256,680
106000167,451,575,-124
106000168,651,211,440
106000169,317,358,-41
106000170,840,218,622
106000171,236,821,-585
106000172,3212,1156,2056
106000173,1154,2072,-918
106000174,1416,321,1095
106000175,263,526,-263
106000176,1898,755,1143
106000177,841,1659,-818
106000178,3413,1272,2141
106000179,926,1480,-554
106000180,792,891,-99
106000181,1148,1379,-231
106000182,1769,553,1216
106000183,1708,412,1296
106000184,2388,516,1872
106000185,1440,1151,289
106000186,687,150,537
106000187,200,1092,-892
106000188,0,3,-3
106000189,15,38,-23
106000190,37,1,36
106000191,643,178,465
106000192,2,21,-19
106000193,372,213,159
106000194,180,435,-255
106000195,760,330,430
106000196,206,674,-468
106000197,642,345,297
106000198,193,139,54
106000199,827,977,-150
106000200,221,280,-59
106000201,425,3811,-3386
106000202,2501,532,1969
106000203,14,116,-102
106000204,99,3,96
106000205,16,116,-100
106000206,92,28,64
106000207,25,353,-328
106000208,1536,140,1396
106000209,1754,329,1425
106000210,279,639,-360
106000211,268,862,-594
106000212,1024,464,560
106000213,405,1996,-1591
106000214,1543,812,731
106000215,288,386,-98
106000216,409,268,141
106000217,208,277,-69
106000218,439,308,131
106000219,146,215,-69
106000220,506,256,250
106000221,227,163,64
106000222,74,91,-17
106000223,322,85,237
106000224,274,113,161
106000225,85,101,-16
106000226,64,172,-108
106000228,94,75,19
106000229,84,478,-394
106000231,1003,136,867
106000232,64,246,-182
106000233,609,77,532
106000234,70,227,-157
106000235,1246,120,1126
106000236,315,77,238
106000237,16,11,5
106000238,220,23,197
106000239,1,92,-91
106000240,34,7,27
106000241,13,478,-465
106000242,284,23,261
106000249,53,34,19
106000250,68,569,-501
106000251,145,32,113
106000252,28,53,-25
106000253,70,76,-6
106000254,37,16,21
106000255,33,170,-137
106000256,32,33,-1
106000257,196,180,16
106000258,360,22,338
106000259,19,48,-29
106000260,28,4,24
106000261,4,50,-46
106000262,79,8,71
106000263,14,39,-25
106000264,236,14,222
106000265,15,198,-183
106000266,103,26,77
106000267,2,79,-77
106000268,369,51,318
106000269,40,38,2
106000270,137,342,-205
106000271,92,120,-28
106000272,204,55,149
106000273,9,207,-198
106000274,133,32,101
106000275,180,257,-77
106000276,122,40,82
106000277,146,254,-108
106000278,137,24,113
106000279,10,20,-10
106000280,52,34,18
106000281,82,46,36
106000282,85,64,21
106000283,111,35,76
106000284,151,95,56
106000285,134,77,57
106000286,140,143,-3
106000287,137,54,83
106000288,106,132,-26
106000289,74,50,24
106000290,86,81,5
106000291,115,70,45
106000292,82,89,-7
106000293,117,70,47
106000294,109,84,25
106000295,55,42,13
106000296,54,69,-15
106000297,61,212,-151
106000298,96,90,6
106000299,44,109,-65
106000300,57,101,-44
106000301,88,108,-20
106000303,35,85,-50
106000304,34,19,15
106000305,36,46,-10
106000306,28,33,-5
106000307,93,29,64
106000308,51,76,-25
106000309,34,57,-23
106000310,334,367,-33
106000311,416,159,257
106000312,89,108,-19
106000313,213,167,46
106000318,70,454,-384
106000319,1057,266,791
106000320,12,106,-94
106000321,338,173,165
106000322,211,84,127
106000324,16,110,-94
106000325,1870,998,872
106000326,912,1225,-313
106000327,252,56,196
106000328,29,110,-81
106000329,74,266,-192
106000330,48,89,-41
106000428,94,159,-65
106000429,192,310,-118
106000430,351,929,-578
106000431,2795,441,2354
106000432,1223,2026,-803
106000433,2891,1430,1461
106000434,3377,1783,1594
106000435,1042,1869,-827
106000436,12,130,-118
106000437,299,42,257
106000438,486,230,256
106000439,84,429,-345
106000440,397,508,-111
106000441,3,0,3
106000442,136,3,133
106000443,188,151,37
106000450,2,83,-81
106000451,13,76,-63
106000454,4,190,-186
106000455,9,120,-111
106000456,98,32,66
106000457,14,502,-488
106000458,1123,106,1017
106000459,152,215,-63
106000460,1840,23,1817
106000461,112,571,-459
106000462,2,24,-22
106000463,3,10,-7
106000464,2,199,-197
106000465,859,3,856
106000466,2,255,-253
106000467,159,321,-162
106000468,92,118,-26
106000469,141,5,136
106000470,244,1987,-1743
106000471,11,282,-271
106000472,198,12,186
106000473,26,13,13
106000474,314,265,49
106000475,343,158,185
106000476,144,202,-58
106000477,16,21,-5
106900001,1,13,-12
106900002,2,274,-272
106900003,186,1372,-1186
106900004,0,18,-18
106900006,0,8,-8
106900007,0,14,-14
106900008,444,127,317
106900009,398,194,204
106900010,240,226,14
106900012,1023,2771,-1748
106900013,946,192,754
106900014,35,4,31
106900015,19,1,18
106900016,333,15,318
106900017,8,1,7
106900018,4,0,4
106900019,85,1,84
106900020,2550,1691,859
106900021,234,160,74
106900022,964,6,958
106900023,85,210,-125
106900024,890,91,799
106900025,44,900,-856
106900026,1,312,-311
106900027,1006,4,1002
107000001,4075,5613,-1538
107000002,2257,3970,-1713
107000003,7574,6697,877
107000004,4186,3277,909
107000005,6561,6244,317
107000006,3900,2406,1494
107000007,6546,11047,-4501
107000008,7873,6229,1644
107000009,10066,8935,1131
107000010,8459,6624,1835
107000011,857,943,-86
107000012,3243,2053,1190
107000013,141,59,82
107000014,67,166,-99
107000015,498,564,-66
107000016,815,524,291
107000017,3647,7200,-3553
107000018,76,6101,-6025
107000020,2788,6826,-4038
107000021,1574,535,1039
107000022,1069,3229,-2160
107000023,1848,265,1583
107000024,1084,1280,-196
107000025,282,363,-81
107000026,619,289,330
107000027,1568,1105,463
107000028,1749,790,959
107000029,4363,3613,750
107000030,2928,2086,842
107000031,5293,2716,2577
107000032,429,712,-283
107000033,2228,3845,-1617
107000034,7187,1272,5915
107000035,403,209,194
107000036,1505,1312,193
107000037,92,719,-627
107000038,190,230,-40
107000039,1004,791,213
107000040,212,240,-28
107000041,1694,856,838
107000042,730,2098,-1368
107000043,2142,1169,973
107000044,475,610,-135
107000045,128,318,-190
107000046,873,516,357
107000047,493,683,-190
107000048,744,333,411
107000049,707,658,49
107000050,1022,481,541
107000051,244,328,-84
107000052,1079,1094,-15
107000053,376,236,140
107000054,49,227,-178
107000055,211,107,104
107000056,408,695,-287
107000057,1270,203,1067
107000058,2093,2626,-533
107000059,1787,2873,-1086
107000060,5463,5080,383
107000061,4820,2915,1905
107000062,5962,2890,3072
107000063,4201,3395,806
107000064,5425,2984,2441
107000065,4121,3614,507
107000066,2123,3987,-1864
107000067,1373,1476,-103
107000068,1485,889,596
107000069,1154,708,446
107000070,1208,27,1181
107000071,4212,67,4145
107000072,34,1770,-1736
107000073,1066,491,575
107000074,162,634,-472
107000075,2199,557,1642
107000076,526,1020,-494
107000077,4741,1587,3154
107000078,1907,2119,-212
107000079,3274,1229,2045
107000080,891,2222,-1331
107000081,2678,669,2009
107000082,714,965,-251
107000083,1722,499,1223
107000084,385,1058,-673
107000085,3106,3049,57
107000086,3448,2876,572
107000087,3426,2074,1352
107000088,3325,3473,-148
107000089,1795,1817,-22
107000090,1358,950,408
107000091,1920,771,1149
107000092,1018,774,244
107000093,1450,820,630
107000094,964,907,57
107000095,1116,662,454
107000096,524,578,-54
107000097,647,360,287
107000098,511,458,53
107000099,446,261,185
107000100,300,467,-167
107000101,70,168,-98
107000102,170,328,-158
107000103,252,195,57
107000104,150,219,-69
107000105,405,132,273
107000106,176,202,-26
107000107,620,125,495
107000108,131,374,-243
107000109,720,153,567
107000110,64,348,-284
107000111,445,46,399
107000112,32,189,-157
107000113,788,104,684
107000114,78,386,-308
107000115,806,185,621
107000116,104,490,-386
107000117,114,775,-661
107000118,115,130,-15
107000119,1347,1608,-261
107000120,893,591,302
107000121,1158,576,582
107000122,1069,644,425
107000123,616,419,197
107000124,652,565,87
107000125,1324,473,851
107000126,1080,504,576
107000129,300,401,-101
107000130,768,287,481
107000131,513,497,16
107000132,621,377,244
107000133,503,180,323
107000134,304,5,299
107000135,3,335,-332
107000136,712,9,703
107000137,7,537,-530
107000138,231,23,208
107000139,27,631,-604
107000140,1755,137,1618
107000141,169,642,-473
107000142,589,87,502
107000143,77,538,-461
107000144,645,462,183
107000145,138,355,-217
107000146,258,387,-129
107000147,4025,855,3170
107000150,545,3369,-2824
107000151,37,101,-64
107000152,432,1836,-1404
107000153,101,334,-233
107000154,148,295,-147
107000155,1023,22,1001
107000156,1444,30,1414
107000157,188,784,-596
107000158,823,32,791
107000159,51,465,-414
107000160,1657,199,1458
107000161,120,698,-578
107000162,287,817,-530
107000163,381,9,372
107000164,948,9,939
107000165,1573,8,1565
107000166,39,630,-591
107000167,880,242,638
107000168,1203,620,583
107000169,805,591,214
107000170,3154,838,2316
107000171,717,1181,-464
107000172,1463,1721,-258
107000173,692,495,197
107000174,1434,6896,-5462
107000175,4822,1137,3685
107000176,1,0,1
107000177,1,0,1
107000178,32,6,26
107000179,299,1212,-913
107000180,1737,242,1495
107000181,447,658,-211
107000182,2313,704,1609
107000183,161,542,-381
107000184,1244,541,703
107000185,528,1045,-517
107000186,1511,471,1040
107000187,1470,1042,428
107000188,705,531,174
107000189,645,877,-232
107000190,877,602,275
107000191,795,703,92
107000192,1994,534,1460
107000193,497,490,7
107000194,718,543,175
107000197,991,349,642
107000198,359,590,-231
107000199,1042,654,388
107000200,660,710,-50
107000201,575,307,268
107000202,369,511,-142
107000203,1335,1185,150
107000204,1422,1460,-38
107000205,2046,1070,976
107000206,964,1845,-881
107000207,718,1343,-625
107000208,1278,696,582
107000209,1477,1595,-118
107000210,436,240,196
107000211,8,69,-61
107000212,57,341,-284
107000213,2,22,-20
107000214,22,187,-165
107000215,604,262,342
107000216,554,913,-359
107000217,275,107,168
107000219,152,242,-90
107000220,305,143,162
107000222,290,525,-235
107000224,1267,107,1160
107000225,237,266,-29
107000226,938,82,856
107000227,100,130,-30
107000228,317,508,-191
107000229,90,128,-38
107000230,911,430,481
107000231,1057,2060,-1003
107000232,146,38,108
107000233,729,1083,-354
107000234,1,88,-87
107000235,196,14,182
107000236,7,570,-563
107000237,67,0,67
107000238,31,2,29
107000239,3625,453,3172
107000240,59,784,-725
107000241,83,15,68
107000242,286,22,264
107000243,0,49,-49
107000244,5,56,-51
107000246,2,1008,-1006
107000249,4,1240,-1236
107000251,0,390,-390
107000252,3,596,-593
107000255,228,144,84
107000257,5,459,-454
107000258,4,194,-190
107000259,2,106,-104
107000260,1954,42,1912
107000262,12,256,-244
107000263,431,11,420
107000266,11,12,-1
107000267,51,88,-37
107000268,89,103,-14
107000269,142,10,132
107000270,188,67,121
107000271,6,62,-56
107000272,81,12,69
107000273,19,488,-469
107000274,3136,1769,1367
107000275,288,4560,-4272
107000280,1063,49,1014
107000281,44,417,-373
107000282,114,517,-403
107000290,30,44,-14
107000291,13,15,-2
107000292,3,496,-493
107000293,82,3,79
107000294,1,49,-48
107000295,71,8,63
107000296,0,16,-16
107000444,402,6,396
107000496,0,7,-7
107000497,1379,1444,-65
107000500,398,239,159
107000501,73,98,-25
107000502,162,210,-48
107000505,261,628,-367
107000506,0,22,-22
107000508,4,318,-314
107000509,257,682,-425
107000510,50,46,4
107000514,61,423,-362
107000515,9,106,-97
107000516,463,319,144
107000518,1549,2010,-461
107000519,1173,742,431
107000520,145,66,79
107000521,383,224,159
107000522,544,328,216
107900001,106,89,17
107900002,83,8,75
107900003,339,17,322
107900004,170,22,148
107900005,1834,5,1829
107900006,308,2,306
107900007,531,43,488
107900008,48,13,35
107900009,176,12,164
107900010,71,1,70
107900012,372,75,297
107900013,235,8,227
107900014,73,8,65
107900015,1330,14,1316
107900016,425,119,306
107900017,40,2,38
107900018,116,282,-166
107900019,32,21,11
107900020,137,17,120
107900021,127,61,66
107900023,9,3,6
107900024,0,1,-1
107900025,294,180,114
107900026,97,44,53
107900027,39,60,-21
107900028,132,38,94
107900030,226,33,193
107900031,60,51,9
107900032,14,4,10
107900033,19,11,8
107900034,405,37,368
107900035,1152,49,1103
107900036,95,22,73
107900037,0,7,-7
107900038,101,366,-265
107900039,56,32,24
107900040,43,278,-235
107900041,5,3,2
107900043,72,85,-13
107900044,12,18,-6
107900045,121,78,43
107900046,213,202,11
107900047,19,6,13
107900048,269,21,248
107900049,438,1669,-1231
107900050,71,198,-127
107900051,104,38,66
107900052,60,63,-3
107900053,73,54,19
107900055,853,323,530
107900056,168,77,91
107900057,6,0,6
107900058,39,434,-395
107900060,18,92,-74
107900061,11,10,1
107900063,80,109,-29
107900064,293,214,79
107900065,353,13,340
107900066,30,5,25
107900067,1,1,0
107900068,188,732,-544
107900069,28,2859,-2831
107900070,216,128,88
107900071,45,544,-499
107900072,192,94,98
107900073,171,76,95
107900074,378,349,29
107900076,134,51,83
107900077,118,1,117
107900078,252,50,202
107900079,15,18,-3
107900080,310,816,-506
107900081,77,79,-2
107900082,7,13,-6
107900083,416,155,261
107900084,128,162,-34
107900086,58,215,-157
107900087,442,165,277
107900088,70,11,59
107900089,264,1173,-909
107900090,2397,3113,-716
107900091,177,199,-22
107900092,1281,313,968
107900093,68,60,8
107900094,0,0,0
107900095,2417,2538,-121
107900097,34,68,-34
107900098,80,199,-119
107900100,652,1612,-960
107900101,637,126,511
107900102,49,11,38
107900103,36,157,-121
107900104,204,12,192
107900105,0,142,-142
107900106,1,473,-472
107900107,2105,593,1512
107900108,173,136,37
107900109,2002,31,1971
107900110,85,34,51
107900111,6,392,-386
107900112,121,476,-355
107900113,280,44,236
107900114,209,76,133
107900115,3,25,-22
107900116,277,80,197
107900117,363,213,150
107900118,57,101,-44
107900119,103,326,-223
107900120,35,51,-16
107900121,4,195,-191
107900122,1,266,-265
107900123,5,72,-67
107900124,14,60,-46
107900125,28,205,-177
107900126,17,70,-53
107900127,576,396,180
107900128,78,87,-9
107900129,93,13,80
107900130,94,24,70
107900131,371,400,-29
107900132,104,169,-65
107900133,4,60,-56
107900134,40,136,-96
107900135,10,144,-134
107900136,15,41,-26
107900137,205,103,102
107900138,83,19,64
107900139,64,39,25
107900140,77,41,36
107900141,57,34,23
107900142,81,417,-336
107900143,44,18,26
107900144,1,147,-146
107900145,7,61,-54
107900146,53,161,-108
107900147,58,31,27
107900148,143,78,65
107900149,543,147,396
107900150,58,396,-338
107900151,32,77,-45
107900152,12,118,-106
107900153,117,385,-268
107900154,69,26,43
107900155,138,51,87
107900156,13,135,-122
107900157,53,40,13
107900158,1243,38,1205
107900159,23,507,-484
107900160,166,170,-4
107900161,44,69,-25
107900162,1,99,-98
107900163,106,111,-5
107900164,16,43,-27
107900165,23,137,-114
107900166,27,95,-68
107900167,45,44,1
107900168,62,33,29
107900169,1,109,-108
107900171,7,666,-659
107900172,0,180,-180
107900173,24,68,-44
107900174,183,8,175
107900175,90,64,26
107900176,69,23,46
107900177,19,445,-426
107900178,15,107,-92
107900179,24,91,-67
107900180,339,856,-517
107900181,378,255,123
107900182,2,482,-480
107900183,78,139,-61
107900184,146,175,-29
107900185,162,3,159
107900186,76,41,35
107900187,4,105,-101
107900188,416,139,277
107900189,42,94,-52
107900190,51,173,-122
107900191,93,84,9
107900193,9,74,-65
107900194,243,17,226
107900195,1088,243,845
107900196,105,78,27
107900197,453,465,-12
107900199,3,446,-443
107900201,86,69,17
107900203,32,82,-50
107900204,131,220,-89
107900205,209,286,-77
107900206,1243,330,913
107900207,1,409,-408
107900208,5,329,-324
107900209,231,108,123
107900210,59,62,-3
107900213,640,577,63
107900214,14,57,-43
107900215,146,450,-304
107900216,152,36,116
107900217,73,114,-41
107900218,21,2833,-2812
107900219,27,52,-25
107900220,181,286,-105
107900221,151,168,-17
107900223,143,329,-186
107900224,87,457,-370
107900225,8,581,-573
107900226,67,64,3
107900227,146,264,-118
107900228,34,68,-34
107900229,0,149,-149
107900230,22,46,-24
107900231,19,134,-115
107900232,111,71,40
107900233,9,53,-44
107900234,107,59,48
107900235,20,154,-134
107900236,151,35,116
107900237,49,292,-243
107900238,36,71,-35
107900239,415,729,-314
107900240,43,57,-14
107900241,10,35,-25
107900242,37,104,-67
107900243,3,54,-51
107900244,427,22,405
107900245,913,36,877
107900246,557,21,536
107900248,654,210,444
107900249,1122,82,1040
107900250,3,255,-252
107900251,73,722,-649
107900252,1290,37,1253
107900253,303,15,288
107900254,84,483,-399
107900255,174,108,66
107900256,1822,3504,-1682
107900257,285,139,146
107900258,123,223,-100
107900259,91,2921,-2830
107900261,1,221,-220
107900262,28,89,-61
107900264,462,13,449
107900265,136,234,-98
107900267,400,8,392
107900268,3,0,3
107900269,0,2,-2
107900270,1,1,0
107900271,1,14,-13
107900272,29,13,16
107900273,52,57,-5
107900274,116,0,116
107900275,45,0,45
107900276,3,76,-73
107900277,0,111,-111
107900278,365,230,135
107900279,49,123,-74
107900280,1903,1901,2
107900281,668,3907,-3239
107900282,29,637,-608
107900283,661,627,34
107900284,652,404,248
107900285,141,34,107
107900286,71,70,1
107900287,330,182,148
107900290,1,199,-198
107900291,630,16,614
107900292,105,100,5
107900293,101,265,-164
107900295,62,19,43
107900297,1,268,-267
107900298,681,521,160
107900299,2095,2832,-737
107900300,93,303,-210
107900301,786,788,-2
107900302,100,47,53
107900303,261,170,91
107900304,433,259,174
107900305,468,7,461
107900306,15,40,-25
107900307,34,202,-168
107900308,199,168,31
107900309,80,0,80
107900310,445,5,440
107900311,16,1435,-1419
107900312,53,2,51
107900313,10,258,-248
107900314,0,39,-39
107900315,0,41,-41
107900316,77,6,71
107900317,122,28,94
107900318,31,169,-138
107900319,6,106,-100
107900320,3,96,-93
107900321,174,9,165
107900322,1,53,-52
107900323,3,108,-105
107900324,142,4,138
107900325,126,0,126
107900326,454,135,319
107900327,6,68,-62
107900328,78,2,76
107900329,84,162,-78
107900330,16,148,-132
107900331,339,32,307
107900332,385,10,375
107900333,88,25,63
107900334,13,84,-71
107900335,45,47,-2
107900336,68,92,-24
107900337,563,1170,-607
107900338,5,137,-132
107900339,2,13,-11
107900340,1,39,-38
107900341,83,1,82
107900342,166,101,65
107900343,45,0,45
107900344,17,43,-26
107900345,80,18,62
107900346,30,1,29
107900347,20,2,18
107900348,17,4,13
107900349,30,11,19
107900350,13,195,-182
108000001,3426,3741,-315
108000002,1729,1819,-90
108000003,3718,3835,-117
108000004,10329,11257,-928
108000005,9226,7114,2112
108000006,6226,6928,-702
108000007,5822,3925,1897
108000008,3561,4888,-1327
108000009,4641,4737,-96
108000010,2807,3310,-503
108000011,13364,12634,730
108000012,11706,11571,135
108000014,768,1266,-498
108000015,872,245,627
108000016,279,711,-432
108000017,1181,358,823
108000018,2036,642,1394
108000019,1912,1076,836
108000020,1336,492,844
108000021,309,1646,-1337
108000022,399,1078,-679
108000023,1317,262,1055
108000024,341,264,77
108000025,315,257,58
108000026,748,235,513
108000027,840,374,466
108000028,723,223,500
108000029,644,303,341
108000030,728,178,550
108000031,189,560,-371
108000032,2077,670,1407
108000033,777,718,59
108000034,2095,497,1598
108000035,721,1553,-832
108000036,349,752,-403
108000037,2041,419,1622
108000038,2943,536,2407
108000039,454,1311,-857
108000040,2260,1086,1174
108000041,722,1667,-945
108000042,410,164,246
108000043,218,205,13
108000044,720,136,584
108000045,323,322,1
108000046,1773,276,1497
108000047,486,591,-105
108000048,207,229,-22
108000049,1083,271,812
108000050,94,318,-224
108000051,358,189,169
108000052,177,445,-268
108000053,470,238,232
108000054,417,936,-519
108000055,1180,696,484
108000056,825,1193,-368
108000057,697,1518,-821
108000058,2177,3796,-1619
108000059,2584,1653,931
108000060,197,375,-178
108000061,147,201,-54
108000062,1217,635,582
108000063,599,333,266
108000064,318,249,69
108000065,530,357,173
108000066,1271,716,555
108000067,2169,763,1406
108000068,833,418,415
108000069,221,639,-418
108000070,2333,681,1652
108000071,608,986,-378
108000072,2052,1004,1048
108000073,1123,1212,-89
108000074,722,382,340
108000075,343,579,-236
108000076,1005,521,484
108000077,610,508,102
108000078,2826,1144,1682
108000079,680,933,-253
108000080,1753,456,1297
108000081,545,943,-398
108000082,741,1269,-528
108000083,2108,832,1276
108000084,499,844,-345
108000085,972,510,462
108000086,622,530,92
108000087,179,2351,-2172
108000088,232,8,224
108000089,407,342,65
108000090,566,151,415
108000091,344,403,-59
108000092,214,90,124
108000093,247,311,-64
108000094,680,94,586
108000095,197,203,-6
108000096,422,148,274
108000097,158,276,-118
108000098,2292,1060,1232
108000099,344,90,254
108000100,84,224,-140
108000101,1681,1614,67
108000102,1666,3838,-2172
108000106,924,4,920
108000107,5,831,-826
108000108,671,40,631
108000109,4,727,-723
108000110,277,287,-10
108000111,169,435,-266
108000112,83,150,-67
108000113,359,174,185
108000115,290,360,-70
108000117,790,436,354
108000118,63,273,-210
108000119,464,237,227
108000120,180,895,-715
108000121,152,307,-155
108000122,732,366,366
108000123,844,186,658
108000124,444,415,29
108000125,499,226,273
108000126,186,275,-89
108000127,606,211,395
108000128,651,248,403
108000129,353,565,-212
108000130,547,213,334
108000131,1036,541,495
108000132,1453,924,529
108000133,1274,451,823
108000134,470,380,90
108000135,1292,509,783
108000136,295,645,-350
108000137,600,204,396
108000138,581,554,27
108000139,564,285,279
108000140,193,29,164
108000141,36,46,-10
108000142,49,30,19
108000143,66,25,41
108000144,60,8,52
108000145,51,5,46
108000146,108,10,98
108000147,28,7,21
108000148,112,7,105
108000149,12,12,0
108000150,56,4,52
108000151,47,26,21
108000152,86,310,-224
108000153,743,138,605
108000154,41,7,34
108000155,33,31,2
108000156,376,94,282
108000157,152,1390,-1238
108000158,64,928,-864
108000159,301,177,124
108000160,1717,1200,517
108000161,1765,3232,-1467
108000165,7,268,-261
108000172,3,325,-322
108000173,1164,2189,-1025
108000175,357,125,232
108000178,348,308,40
108000179,160,986,-826
108000181,105,17,88
108000182,100,10,90
108000183,15,23,-8
108000184,552,2689,-2137
108000185,332,252,80
108000186,249,38,211
108000187,150,298,-148
108000188,877,153,724
108000189,383,1628,-1245
108000190,28,101,-73
108000192,257,346,-89
108000193,598,33,565
108000194,37,21,16
108000195,1,637,-636
108000196,303,132,171
108000198,554,144,410
108000199,1,342,-341
108000200,585,230,355
108000202,6,503,-497
108000203,184,298,-114
108000204,195,80,115
108000205,153,261,-108
108000339,1032,340,692
108000364,90,251,-161
108000365,51,252,-201
108000367,134,160,-26
108000368,9,64,-55
108000369,425,280,145
108000371,4,514,-510
108000372,532,4,528
108000373,259,164,95
108000376,143,59,84
108000377,705,167,538
108000378,9591,11010,-1419
108000379,32,201,-169
108000381,99,8,91
108000382,89,1,88
108000383,0,249,-249
108900001,68,570,-502
108900002,164,52,112
108900003,298,415,-117
108900004,108,492,-384
108900005,86,561,-475
108900006,800,203,597
108900007,412,180,232
108900008,153,118,35
108900009,115,142,-27
108900010,403,135,268
108900011,818,306,512
108900012,501,333,168
108900013,245,219,26
108900014,36,105,-69
108900015,1,181,-180
108900016,1,182,-181
108900017,264,404,-140
108900018,197,291,-94
108900019,34,310,-276
108900020,55,115,-60
108900021,175,148,27
108900022,127,14,113
108900023,6,42,-36
108900024,54,82,-28
108900025,181,77,104
108900026,21,104,-83
108900027,1,44,-43
108900028,124,158,-34
108900029,74,173,-99
108900030,0,63,-63
108900031,175,200,-25
108900032,8,148,-140
108900033,0,91,-91
108900034,1,83,-82
108900035,317,666,-349
108900036,219,183,36
108900037,73,197,-124
108900038,0,238,-238
108900039,1,226,-225
108900040,5,57,-52
108900041,3721,3867,-146
108900042,7,439,-432
108900043,71,351,-280
108900044,3,246,-243
108900045,98,262,-164
108900046,39,418,-379
108900047,0,133,-133
108900048,90,515,-425
108900049,1507,1683,-176
108900050,4,152,-148
108900051,0,86,-86
108900052,23,121,-98
108900053,62,353,-291
108900054,102,144,-42
108900055,63,407,-344
108900056,2,101,-99
108900057,1,81,-80
108900058,44,203,-159
108900059,631,60,571
108900060,118,150,-32
108900061,91,24,67
108900062,16,168,-152
108900063,19,132,-113
108900064,309,22,287
108900065,13,101,-88
108900066,614,151,463
108900067,16,145,-129
108900068,0,67,-67
108900069,75,41,34
108900070,35,107,-72
108900071,171,70,101
108900072,1638,594,1044
108900073,22,108,-86
108900074,246,137,109
108900075,35,52,-17
108900076,502,42,460
108900077,87,238,-151
108900078,67,81,-14
108900079,446,140,306
108900080,40,960,-920
108900081,51,211,-160
108900082,121,60,61
108900083,19,319,-300
108900084,378,199,179
108900085,1322,147,1175
108900086,153,144,9
108900087,94,143,-49
108900088,1005,407,598
108900089,31,163,-132
108900090,77,130,-53
108900091,105,68,37
108900092,498,282,216
108900093,138,95,43
108900094,240,93,147
108900095,210,224,-14
108900096,248,5,243
108900097,330,157,173
108900098,1343,978,365
108900099,484,139,345
108900100,81,104,-23
108900101,217,254,-37
108900102,95,1309,-1214
108900103,100,137,-37
108900104,88,283,-195
108900105,9,1535,-1526
108900106,564,162,402
108900108,382,80,302
108900109,189,51,138
108900110,252,267,-15
108900111,461,315,146
108900112,339,42,297
108900113,46,75,-29
108900114,18,8,10
108900115,135,81,54
108900116,78,13,65
108900117,253,18,235
108900118,802,19,783
108900119,404,32,372
108900120,232,231,1
108900121,314,135,179
108900122,161,34,127
108900123,181,105,76
108900124,635,202,433
108900125,549,15,534
108900126,163,48,115
108900127,242,40,202
108900128,217,65,152
108900129,942,163,779
108900130,464,6,458
108900131,460,12,448
108900132,577,66,511
108900133,347,55,292
108900134,504,144,360
108900135,182,15,167
108900136,72,2,70
108900137,216,8,208
108900138,947,65,882
108900139,719,57,662
108900140,522,119,403
108900141,497,5,492
108900142,96,6,90
108900143,142,1,141
108900144,116,1,115
108900145,246,22,224
108900146,95,0,95
108900147,289,1,288
108900148,81,27,54
108900149,466,211,255
108900150,346,10,336
108900151,151,23,128
108900152,425,21,404
108900153,268,160,108
108900154,5477,430,5047
108900155,295,101,194
108900156,119,3,116
108900157,52,223,-171
108900158,448,71,377
108900159,2,131,-129
108900160,12,167,-155
108900161,5,289,-284
108900162,150,3,147
108900163,8,314,-306
108900164,49,68,-19
108900165,137,53,84
108900167,1157,9208,-8051
108900168,4609,2832,1777
108900169,67,95,-28
108900171,3759,3488,271
108900172,205,44,161
108900173,210,320,-110
108900174,1140,583,557
108900176,123,289,-166
108900177,5179,7145,-1966
108900178,2716,3982,-1266
108900179,560,2205,-1645
108900180,175,267,-92
108900182,74,392,-318
108900183,189,166,23
108900184,765,296,469
108900185,100,336,-236
108900186,146,416,-270
108900187,554,56,498
108900188,964,29,935
108900189,531,98,433
108900190,99,1666,-1567
108900191,175,48,127
108900192,117,180,-63
108900193,207,57,150
108900194,19,388,-369
108900195,110,151,-41
108900196,32,158,-126
108900198,6,236,-230
108900199,322,312,10
108900200,730,419,311
108900201,486,1060,-574
108900203,581,176,405
108900204,412,21,391
108900205,217,56,161
108900206,523,93,430
108900207,249,190,59
108900208,16,239,-223
108900209,163,377,-214
108900210,198,180,18
108900211,218,639,-421
108900212,443,1779,-1336
108900215,72,257,-185
108900216,380,318,62
108900217,182,3,179
108900218,133,22,111
108900219,73,15,58
108900220,76,32,44
108900221,43,253,-210
108900222,326,39,287
108900223,5,109,-104
108900224,30,161,-131
108900225,0,136,-136
108900226,417,21,396
108900227,112,424,-312
108900230,166,181,-15
108900231,34,166,-132
108900232,2,173,-171
108900233,525,116,409
108900234,402,160,242
108900235,177,391,-214
108900236,61,337,-276
108900237,55,193,-138
108900240,162,82,80
108900241,56,59,-3
108900245,11,1488,-1477
108900249,153,47,106
108900250,226,87,139
108900257,274,201,73
108900258,7,132,-125
108900259,41,43,-2
108900260,8,65,-57
108900261,33,83,-50
108900262,94,115,-21
108900263,61,142,-81
108900264,358,261,97
108900265,2277,718,1559
108900266,532,879,-347
108900267,7,165,-158
108900268,14,29,-15
108900269,116,28,88
108900270,100,15,85
108900271,66,16,50
108900272,242,12,230
108900273,531,2175,-1644
108900274,61,34,27
109000001,2579,2240,339
109000002,1030,2310,-1280
109000003,2901,452,2449
109000004,564,1715,-1151
109000005,2690,591,2099
109000006,708,1679,-971
109000007,1801,579,1222
109000008,705,1346,-641
109000009,3646,1340,2306
109000010,1106,3118,-2012
109000011,4121,2218,1903
109000012,1954,2395,-441
109000013,4871,3938,933
109000014,2435,2226,209
109000015,3848,9253,-5405
109000016,5136,2427,2709
109000017,3124,1202,1922
109000018,1129,1949,-820
109000019,2647,1414,1233
109000020,956,1375,-419
109000023,284,38,246
109000024,14,140,-126
109000025,344,561,-217
109000026,507,350,157
109000027,139,363,-224
109000028,123,97,26
109000029,124,288,-164
109000030,52,497,-445
109000031,228,178,50
109000032,131,439,-308
109000033,321,179,142
109000034,78,56,22
109000035,23,63,-40
109000036,125,348,-223
109000037,294,2204,-1910
109000038,406,365,41
109000039,1290,1064,226
109000040,3323,12516,-9193
109000041,1708,1877,-169
109000042,553,1411,-858
109000044,594,66,528
109000045,180,219,-39
109000046,431,62,369
109000047,47,389,-342
109000048,859,207,652
109000049,248,470,-222
109000050,381,267,114
109000051,253,185,68
109000052,645,521,124
109000053,235,80,155
109000054,700,323,377
109000055,342,335,7
109000056,423,297,126
109000057,965,453,512
109000058,631,209,422
109000059,537,1343,-806
109000060,305,309,-4
109000061,512,1474,-962
109000062,133,370,-237
109000063,218,143,75
109000064,310,187,123
109000065,224,141,83
109000066,397,69,328
109000067,101,173,-72
109000068,1439,19,1420
109000069,636,30,606
109000070,17,2013,-1996
109000071,428,83,345
109000072,82,290,-208
109000073,59,97,-38
109000074,36,172,-136
109000075,64,250,-186
109000076,142,255,-113
109000077,278,211,67
109000078,83,150,-67
109000079,136,118,18
109000080,239,90,149
109000081,176,310,-134
109000082,834,145,689
109000083,339,406,-67
109000088,170,361,-191
109000089,319,63,256
109000090,117,279,-162
109000091,398,212,186
109000092,303,350,-47
109000093,247,217,30
109000094,627,5,622
109000095,104,287,-183
109000096,1063,268,795
109000097,113,134,-21
109000098,59,141,-82
109000099,901,283,618
109000100,281,621,-340
109000101,2113,497,1616
109000102,523,642,-119
109000103,563,464,99
109000104,2223,416,1807
109000105,501,754,-253
109000106,2183,641,1542
109000107,571,1220,-649
109000108,2125,515,1610
109000109,414,1056,-642
109000110,1342,648,694
109000111,743,1476,-733
109000112,363,122,241
109000113,383,143,240
109000114,233,246,-13
109000115,976,30,946
109000116,7,215,-208
109000117,335,47,288
109000118,10,254,-244
109000119,1647,158,1489
109000120,245,481,-236
109000121,729,22,707
109000122,191,395,-204
109000123,43,54,-11
109000124,748,279,469
109000125,1011,242,769
109000126,482,494,-12
109000127,1287,170,1117
109000128,514,744,-230
109000129,3214,756,2458
109000130,551,870,-319
109000131,1028,670,358
109000132,629,1313,-684
109000133,278,658,-380
109000134,682,1028,-346
109000135,806,2044,-1238
109000136,266,238,28
109000137,319,368,-49
109000138,466,223,243
109000139,614,307,307
109000140,319,222,97
109000141,643,353,290
109000142,162,459,-297
109000143,112,86,26
109000145,154,222,-68
109000146,43,93,-50
109000148,2179,2554,-375
109000149,22,59,-37
109000150,46,237,-191
109000155,1035,703,332
109000156,939,408,531
109000158,179,311,-132
109000159,167,446,-279
109000160,1253,202,1051
109000161,381,684,-303
109000162,2159,619,1540
109000163,1284,1306,-22
109000164,1423,1758,-335
109000165,1466,436,1030
109000166,895,113,782
109000167,126,354,-228
109000170,30,30,0
109000171,64,63,1
109000172,42,62,-20
109000173,35,109,-74
109000174,145,46,99
109000175,60,49,11
109000176,284,151,133
109000177,44,87,-43
109000178,1334,339,995
109000179,3197,5977,-2780
109000180,4072,4039,33
109000181,37,16,21
109000182,57,14,43
109000183,73,20,53
109000184,43,20,23
109000185,17,14,3
109000188,500,1051,-551
109000189,2823,703,2120
109000190,798,346,452
109000191,399,366,33
109000192,468,137,331
109000193,239,155,84
109000194,345,77,268
109000195,197,179,18
109000196,288,94,194
109000197,229,200,29
109000198,408,59,349
109000199,105,341,-236
109000206,247,35,212
109000207,155,33,122
109000208,117,76,41
109000209,188,94,94
109000210,123,435,-312
109000211,837,460,377
109000214,478,195,283
109000215,149,56,93
109000216,344,251,93
109000217,214,144,70
109000218,452,241,211
109000221,473,717,-244
109000222,944,217,727
109000223,381,378,3
109000224,41,51,-10
109000225,91,35,56
109000226,56,156,-100
109000227,1401,587,814
109000228,7,2660,-2653
109000231,345,218,127
109000232,463,163,300
109000236,281,583,-302
109000241,2256,1626,630
109000242,1849,949,900
109000293,27,64,-37
109000361,106,191,-85
109000364,169,466,-297
109000396,4,304,-300
109000397,665,11,654
109000399,120,318,-198
109000400,111,168,-57
109000403,78,1104,-1026
109000406,331,5,326
109000407,295,153,142
109000408,1,306,-305
109000410,1051,172,879
109000411,216,11,205
109900001,134,0,134
109900002,1213,32,1181
109900003,293,1,292
109900004,627,72,555
109900005,38,5,33
109900006,519,118,401
109900007,1025,292,733
109900008,0,36,-36
109900009,195,397,-202
109900010,654,51,603
109900011,104,69,35
109900012,351,231,120
109900013,415,159,256
109900014,444,70,374
109900015,416,273,143
109900016,189,20,169
109900017,231,211,20
109900018,210,52,158
109900019,358,40,318
109900020,30,68,-38
109900021,41,17,24
109900022,86,216,-130
109900023,21,6,15
109900024,30,0,30
109900025,54,32,22
109900026,2,132,-130
109900027,31,31,0
109900028,669,1293,-624
109900029,1,212,-211
109900030,53,12,41
109900031,0,319,-319
109900032,8,259,-251
109900033,8,513,-505
109900034,40,7,33
109900035,33,29,4
109900036,29,39,-10
109900037,31,354,-323
109900038,138,199,-61
109900039,27,1,26
109900040,37,301,-264
109900041,59,223,-164
109900042,75,2994,-2919
109900044,141,150,-9
109900045,172,209,-37
109900046,27,42,-15
109900047,285,277,8
109900048,5,62,-57
109900049,23,50,-27
109900050,0,62,-62
109900051,0,37,-37
109900052,80,216,-136
109900053,1,124,-123
109900054,1002,203,799
109900055,91,194,-103
109900056,15,220,-205
109900057,10,101,-91
109900058,0,41,-41
109900059,1253,96,1157
109900060,547,84,463
109900061,40,257,-217
109900062,0,58,-58
109900063,8,468,-460
109900064,530,164,366
109900065,36,134,-98
109900066,306,509,-203
109900067,0,120,-120
109900068,91,2,89
109900069,7,23,-16
109900070,25,217,-192
109900071,3,21,-18
109900072,26,118,-92
109900073,506,304,202
109900074,13,26,-13
109900075,66,47,19
109900076,8,92,-84
109900077,34,60,-26
109900078,99,212,-113
109900080,120,190,-70
109900081,25,199,-174
109900082,61,232,-171
109900083,34,70,-36
109900084,62,94,-32
109900085,215,404,-189
109900086,150,586,-436
109900087,209,423,-214
109900089,821,231,590
109900090,485,874,-389
109900091,478,85,393
109900092,1125,93,1032
109900093,1252,190,1062
109900094,115,90,25
109900095,145,225,-80
109900096,45,6,39
109900097,107,4,103
109900098,605,44,561
109900099,240,1,239
109900100,48,0,48
109900101,768,18,750
109900102,615,25,590
109900103,26,51,-25
109900104,879,281,598
109900105,621,26,595
109900106,468,59,409
109900107,1272,81,1191
109900108,271,308,-37
109900109,51,217,-166
109900110,71,218,-147
109900111,296,646,-350
109900112,219,289,-70
109900113,991,622,369
109900114,1338,1273,65
109900115,195,118,77
109900117,1342,106,1236
109900118,177,356,-179
109900119,558,282,276
109900120,84,30,54
109900121,417,492,-75
109900122,636,2,634
109900123,27,112,-85
109900124,42,265,-223
109900125,1,125,-124
109900126,370,66,304
109900128,475,34,441
109900130,3996,3212,784
109900131,34,132,-98
109900132,30,110,-80
109900133,86,179,-93
109900134,88,98,-10
109900135,302,60,242
109900136,59,98,-39
109900137,159,206,-47
109900140,205,102,103
109900142,1740,304,1436
109900145,7,507,-500
109900146,378,31,347
109900148,52,84,-32
109900149,45,43,2
109900150,12,60,-48
109900151,31,33,-2
109900152,1,53,-52
109900153,1,76,-75
109900154,62,1,61
109900155,50,21,29
109900157,70,172,-102
109900158,46,90,-44
109900159,177,42,135
109900160,166,36,130
109900161,251,94,157
109900162,161,106,55
109900163,610,333,277
109900164,90,188,-98
109900165,358,15,343
109900166,0,86,-86
109900167,166,327,-161
109900168,264,485,-221
109900169,305,134,171
109900170,237,1325,-1088
109900171,235,60,175
109900172,215,260,-45
109900173,1521,2499,-978
109900174,73,98,-25
109900175,74,86,-12
109900176,107,121,-14
109900177,54,140,-86
109900178,13,372,-359
109900179,93,26,67
109900180,11,15,-4
110000001,840,435,405
110000002,631,693,-62
110000003,839,655,184
110000004,477,706,-229
110000005,420,1933,-1513
110000006,233,350,-117
110000007,91,69,22
110000008,18,71,-53
110000009,71,20,51
110000010,40,60,-20
110000011,40,56,-16
110000012,521,283,238
110000013,35,615,-580
110000014,533,361,172
110000015,192,560,-368
110000016,266,1887,-1621
110000017,4370,242,4128
110000018,3102,356,2746
110000019,7,54,-47
110000020,416,183,233
110000021,465,460,5
110000022,1300,252,1048
110000023,7,86,-79
110000024,530,387,143
110000025,605,20,585
110000026,10,211,-201
110000027,1081,820,261
110000028,898,543,355
110000029,373,409,-36
110000030,322,366,-44
110000031,252,324,-72
110000032,790,339,451
110000033,272,251,21
110000034,612,635,-23
110000035,775,442,333
110000036,1094,970,124
110000037,239,846,-607
110000038,307,681,-374
110000039,900,4429,-3529
110000040,304,329,-25
110000041,325,2045,-1720
110000042,147,1112,-965
110000043,1031,331,700
110000044,173,3323,-3150
110000045,1051,554,497
110000046,6,34,-28
110000047,17,315,-298
110000048,12,93,-81
110000049,44,42,2
110000050,13,53,-40
110000051,23,23,0
110000052,32,33,-1
110000053,169,22,147
110000054,280,640,-360
110000055,780,87,693
110000056,190,127,63
110000057,367,467,-100
110000058,1150,538,612
110000059,986,462,524
110000060,1267,1026,241
110000061,788,656,132
110000062,637,789,-152
110000063,56,202,-146
110000064,58,45,13
110000065,94,79,15
110000066,131,23,108
110000067,105,110,-5
110000068,286,58,228
110000069,444,66,378
110000071,309,63,246
110000073,25,19,6
110000075,19,63,-44
110000076,325,460,-135
110000077,368,1308,-940
110000078,50,27,23
110000080,261,571,-310
110000081,88,246,-158
110000082,44,362,-318
110000083,221,464,-243
110000084,1584,981,603
110000085,1177,1384,-207
110000086,1209,2559,-1350
110000087,22,73,-51
110000088,124,198,-74
110000089,291,61,230
110000090,179,170,9
110000091,679,175,504
110000092,20,31,-11
110000093,48,31,17
110000094,477,181,296
110000095,189,642,-453
110000096,1373,1864,-491
110000097,1144,1596,-452
110000098,1914,617,1297
110000099,695,1452,-757
110000100,1319,314,1005
110000101,36,198,-162
110000102,74,27,47
110000104,419,150,269
110000105,46,191,-145
110000106,608,579,29
110000107,202,250,-48
110000108,163,156,7
110000109,194,275,-81
110000110,2058,4445,-2387
110000111,3752,3371,381
110000112,682,1215,-533
110000113,179,2483,-2304
110000114,298,954,-656
110000115,473,307,166
110000116,112,50,62
110000117,294,203,91
110000118,627,128,499
110000119,324,224,100
110000120,506,145,361
110000121,79,405,-326
110000122,414,385,29
110000123,667,694,-27
110000124,1,723,-722
110000125,1058,4,1054
110000126,318,30,288
110000127,1222,65,1157
110000128,43,975,-932
110000129,3,431,-428
110000130,279,219,60
110000131,63,198,-135
110000132,1,440,-439
110000133,50,437,-387
110000134,27,350,-323
110000135,155,26,129
110000136,63,231,-168
110000137,619,445,174
110000138,881,445,436
110000139,1106,638,468
110000140,800,757,43
110000143,517,352,165
110000144,4753,2022,2731
110000145,2230,1635,595
110000146,2658,1507,1151
110000147,646,773,-127
110000148,695,225,470
110000151,921,1019,-98
110000152,824,411,413
110000153,243,24,219
110000154,91,25,66
110000155,1497,3794,-2297
110000156,1114,2568,-1454
110000157,2304,2695,-391
110000160,387,233,154
110000161,205,171,34
110000166,667,69,598
110000167,1111,597,514
110000168,1213,646,567
110000169,1100,401,699
110000170,200,61,139
110000171,743,156,587
110000172,187,601,-414
110000173,814,731,83
110000174,144,521,-377
110000175,835,52,783
110000176,207,399,-192
110000177,255,902,-647
110000178,381,1717,-1336
110000179,998,305,693
110000180,226,303,-77
110000181,619,369,250
110000182,287,164,123
110000183,7304,8958,-1654
110000184,307,2877,-2570
110000185,1405,1251,154
110000186,737,708,29
110000191,1439,243,1196
110000192,865,26,839
110000193,1333,19,1314
110000194,18,533,-515
110000195,583,165,418
110000196,517,166,351
110000197,114,78,36
110000198,92,54,38
110000199,78,110,-32
110000200,896,353,543
110000201,1025,1078,-53
110000202,1482,641,841
110000203,544,437,107
110000204,3,139,-136
110000205,253,47,206
110000206,503,780,-277
110000207,1671,346,1325
110000208,282,277,5
110000209,106,919,-813
110000210,1739,408,1331
110000211,925,720,205
110000212,492,1190,-698
110000213,355,63,292
110000214,353,99,254
110000215,169,296,-127
110000216,148,210,-62
110000217,495,104,391
110000218,173,191,-18
110000219,448,51,397
110000220,93,140,-47
110000221,465,33,432
110000222,69,159,-90
110000223,1,94,-93
110000224,29,7,22
110000225,255,725,-470
110000226,276,53,223
110000227,867,1055,-188
110000228,218,139,79
110000229,2,176,-174
110000230,620,637,-17
110000231,194,209,-15
110000232,340,318,22
110000233,356,338,18
110000234,957,3635,-2678
110000235,1540,1476,64
110000236,716,473,243
110000237,2049,1333,716
110000238,1352,1159,193
110000239,2131,1009,1122
110000240,1,34,-33
110000242,0,25,-25
110000243,139,87,52
110000244,152,418,-266
110000245,42,357,-315
110000246,994,370,624
110000247,1043,2774,-1731
110000248,1776,1068,708
110000249,93,14,79
110000250,51,247,-196
110000251,434,286,148
110000252,401,139,262
110000253,1545,482,1063
110000254,610,619,-9
110000255,250,643,-393
110000256,586,322,264
110000257,487,284,203
110000258,2,273,-271
110000259,209,12,197
110000260,39,176,-137
110000263,496,66,430
110000264,457,270,187
110000265,1232,1784,-552
110000266,1493,2933,-1440
110000267,55,162,-107
110000268,333,418,-85
110000269,7,70,-63
110000270,87,5,82
110000271,925,255,670
110000272,1066,1091,-25
110000273,2452,1587,865
110000274,170,1914,-1744
110000275,1471,625,846
110000276,308,494,-186
110000277,351,311,40
110000278,409,533,-124
110000279,946,665,281
110000280,657,375,282
110000281,66,379,-313
110000282,210,39,171
110000283,29,109,-80
110000284,30,43,-13
110000285,7,912,-905
110000286,18,1,17
110000287,95,6,89
110000288,7,117,-110
110000289,456,2604,-2148
110000290,655,604,51
110000291,2940,1076,1864
110000292,1209,5784,-4575
110000293,646,567,79
110000294,1432,1185,247
110000295,160,520,-360
110000296,577,303,274
110000297,2767,261,2506
110000298,151,294,-143
110000299,109,98,11
110000301,351,18,333
110000302,477,620,-143
110000303,475,4,471
110000304,180,145,35
110000305,1509,24,1485
110000306,237,844,-607
110000307,1896,10,1886
110000308,571,12,559
110000309,4,548,-544
110000310,895,41,854
110000311,17,506,-489
110000312,446,106,340
110000313,2217,2072,145
110000314,0,138,-138
110000315,2580,2940,-360
110000316,498,1189,-691
110000317,409,963,-554
110000318,9,41,-32
110000319,35,18,17
110000320,44,20,24
110000321,44,41,3
110000322,330,297,33
110000323,625,147,478
110000324,2513,1627,886
110000325,2402,3665,-1263
110000327,577,316,261
110000328,157,408,-251
110000333,1211,819,392
110000334,699,1193,-494
110000335,925,456,469
110000336,763,852,-89
110000337,1923,515,1408
110000338,513,168,345
110000339,389,171,218
110000340,85,278,-193
110000341,464,328,136
110000342,314,3,311
110000343,0,18,-18
110000344,530,346,184
110000345,658,277,381
110000346,2410,1733,677
110000347,1267,709,558
110000348,12,21,-9
110000349,8,14,-6
110000350,78,3,75
110000351,1493,621,872
110000352,629,1378,-749
110000353,2847,526,2321
110000354,846,3015,-2169
110000355,171,71,100
110000356,2374,12,2362
110000357,486,7,479
110000361,60,36,24
110000362,111,23,88
110000363,552,84,468
110000364,324,575,-251
110000365,174,1,173
110000366,1,133,-132
110000367,519,218,301
110000368,3,74,-71
110000369,91,7,84
110000373,5,208,-203
110000374,136,9,127
110000375,124,851,-727
110000376,23,80,-57
110000377,97,445,-348
110000378,18,489,-471
110000379,2226,2261,-35
110000380,86,17,69
110000383,3,1273,-1270
110000384,1189,874,315
110000385,2,199,-197
110000387,125,3,122
110000388,57,140,-83
110000389,820,2,818
110000391,950,163,787
110000396,235,75,160
110000397,163,72,91
110000398,4,36,-32
110000399,159,5,154
110000587,171,104,67
110000589,226,123,103
110000640,154,17,137
110000652,48,344,-296
110000653,344,325,19
110000654,70,1055,-985
110000656,2,255,-253
110000674,25,61,-36
110000675,17,29,-12
110000676,10,54,-44
110000679,171,1367,-1196
110000682,97,201,-104
110000683,319,469,-150
110000684,3,30,-27
110000685,5,16,-11
110000686,0,42,-42
110000687,36,7,29
110000688,40,1236,-1196
110000689,50,35,15
110000692,58,173,-115
110000693,111,296,-185
110000694,1,133,-132
110000695,204,582,-378
110000696,47,59,-12
110900001,337,23,314
110900002,448,191,257
110900003,1091,270,821
110900004,485,100,385
110900005,1550,2896,-1346
110900006,61,25,36
110900007,211,55,156
110900008,7,21,-14
110900009,493,205,288
110900010,25,57,-32
110900011,34,58,-24
110900012,37,60,-23
110900013,1072,108,964
110900014,301,11,290
110900015,360,746,-386
110900016,112,100,12
110900017,527,32,495
110900018,543,34,509
110900019,352,25,327
110900020,137,139,-2
110900021,92,300,-208
110900022,71,175,-104
110900023,107,450,-343
110900024,18,204,-186
110900025,16,71,-55
110900027,33,179,-146
110900028,58,111,-53
110900029,21,175,-154
110900030,56,162,-106
110900031,8,119,-111
110900032,0,63,-63
110900033,59,172,-113
110900035,13,468,-455
110900036,167,32,135
110900037,95,17,78
110900038,666,167,499
110900039,9,281,-272
110900040,284,34,250
110900041,33,44,-11
110900042,159,62,97
110900043,3,35,-32
110900044,244,20,224
110900045,55,229,-174
110900046,22,111,-89
110900047,352,381,-29
110900049,136,104,32
110900050,30,10,20
110900051,43,136,-93
110900052,6,101,-95
110900053,116,26,90
110900054,53,135,-82
110900055,19,1,18
110900056,54,104,-50
110900057,1,58,-57
110900058,333,329,4
110900059,439,276,163
110900060,437,146,291
110900061,9,43,-34
110900062,187,185,2
110900063,43,144,-101
110900064,17,0,17
110900065,160,137,23
110900066,19,81,-62
110900067,456,671,-215
110900068,355,205,150
110900069,12,19,-7
110900071,211,924,-713
110900073,0,17,-17
110900074,536,126,410
110900075,440,81,359
110900077,1107,473,634
110900078,79,32,47
110900079,1457,1350,107
110900080,169,74,95
110900081,12,33,-21
110900082,151,58,93
110900083,139,47,92
110900084,73,61,12
110900085,69,236,-167
110900086,44,372,-328
110900087,450,68,382
110900088,12,5,7
110900090,41,70,-29
110900091,1,41,-40
110900093,271,89,182
110900095,70,52,18
110900097,17,18,-1
110900098,48,88,-40
110900099,78,297,-219
110900100,1,8,-7
110900102,58,13,45
110900105,1347,197,1150
110900108,13,38,-25
110900111,499,202,297
110900112,942,8,934
110900113,342,47,295
110900115,4,43,-39
110900116,1048,861,187
110900118,110,3809,-3699
110900119,1769,205,1564
110900120,23,66,-43
110900121,150,2,148
110900122,488,196,292
110900125,452,479,-27
110900127,511,1426,-915
110900128,226,284,-58
110900129,283,876,-593
110900130,581,541,40
110900131,465,33,432
110900132,400,102,298
110900133,195,128,67
110900135,61,183,-122
110900136,424,15,409
110900137,57,2,55
110900138,902,1130,-228
110900139,11,229,-218
110900140,58,5,53
110900141,9,300,-291
110900142,81,86,-5
110900143,195,83,112
110900144,1,433,-432
110900145,152,69,83
110900146,267,302,-35
110900147,66,352,-286
110900148,7,181,-174
110900149,6,59,-53
110900150,121,12,109
110900151,5,50,-45
110900152,54,102,-48
110900153,219,123,96
111000001,818,391,427
111000002,477,460,17
111000003,1399,744,655
111000004,390,662,-272
111000005,1358,1324,34
111000006,920,1606,-686
111000007,5398,3275,2123
111000008,1673,3045,-1372
111000009,410,735,-325
111000010,1109,284,825
111000011,309,1031,-722
111000012,610,417,193
111000013,389,967,-578
111000014,1562,462,1100
111000017,99,979,-880
111000018,239,332,-93
111000020,850,1687,-837
111000021,54,88,-34
111000023,88,107,-19
111000025,5274,4175,1099
111000029,104,118,-14
111000030,73,104,-31
111000031,2548,1325,1223
111000032,657,311,346
111000033,380,269,111
111000034,83,271,-188
111000037,1226,599,627
111000038,2990,1786,1204
111000039,1596,1707,-111
111000040,1784,1699,85
111000041,1116,1108,8
111000042,1956,2034,-78
111000043,2022,3864,-1842
111000044,1971,1113,858
111000045,2877,2360,517
111000046,1959,1661,298
111000047,3290,4932,-1642
111000049,450,415,35
111000050,1080,999,81
111000051,642,823,-181
111000052,622,1222,-600
111000053,343,699,-356
111000054,359,716,-357
111000055,1035,1207,-172
111000056,206,308,-102
111000057,159,355,-196
111000058,588,71,517
111000059,1062,259,803
111000060,4742,896,3846
111000061,638,342,296
111000062,1112,400,712
111000063,2013,1117,896
111000064,874,631,243
111000065,1494,981,513
111000066,586,394,192
111000067,615,444,171
111000068,661,817,-156
111000069,1607,1672,-65
111000070,851,623,228
111000071,224,431,-207
111000072,1489,579,910
111000073,293,1025,-732
111000074,1694,1659,35
111000075,1076,493,583
111000076,544,691,-147
111000077,1664,1536,128
111000078,2693,1218,1475
111000079,1181,622,559
111000080,490,486,4
111000081,1517,4483,-2966
111000082,808,481,327
111000084,949,558,391
111000085,871,942,-71
111000086,3001,843,2158
111000087,718,416,302
111000088,6082,2640,3442
111000089,737,642,95
111000090,690,1122,-432
111000091,851,279,572
111000092,1645,713,932
111000093,910,1097,-187
111000094,1945,942,1003
111000095,744,2321,-1577
111000096,1110,7948,-6838
111000097,4094,1578,2516
111000098,849,891,-42
111000099,521,1219,-698
111000100,376,857,-481
111000101,446,620,-174
111000102,423,463,-40
111000104,876,164,712
111000107,144,717,-573
111000109,1068,293,775
111000110,1808,674,1134
111000111,3061,416,2645
111000112,2303,621,1682
111000113,1083,1935,-852
111000114,2098,4040,-1942
111000115,3956,1192,2764
111000116,1031,776,255
111000117,399,855,-456
111000118,1402,641,761
111000119,1371,713,658
111000120,600,537,63
111000121,357,698,-341
111000122,586,846,-260
111000123,938,1535,-597
111000124,493,1505,-1012
111000125,237,748,-511
111000126,112,563,-451
111000127,1114,124,990
111000128,2356,299,2057
111000129,3262,480,2782
111000130,2819,640,2179
111000131,2364,536,1828
111000132,2212,1160,1052
111000133,186,89,97
111000134,162,97,65
111000135,63,161,-98
111000136,431,253,178
111000138,22,2,20
111000140,1,3,-2
111000141,199,437,-238
111000142,15,376,-361
111000143,12,563,-551
111000144,93,3042,-2949
111000145,383,15,368
111000146,131,13,118
111000147,179,33,146
111000148,168,116,52
111000149,6,23,-17
111000150,31,4,27
111000151,3,41,-38
111000153,523,691,-168
111000154,513,192,321
111000155,148,183,-35
111000156,629,667,-38
111000157,215,1108,-893
111000158,1100,870,230
111000159,4325,818,3507
111000160,610,391,219
111000161,29,567,-538
111000162,41,127,-86
111000163,779,683,96
111000164,526,2850,-2324
111000165,707,347,360
111000166,1169,241,928
111000167,144,354,-210
111000168,247,355,-108
111000169,267,520,-253
111000170,325,348,-23
111000171,452,399,53
111000172,216,293,-77
111000173,389,453,-64
111000174,264,110,154
111000175,45,523,-478
111000176,474,81,393
111000177,532,160,372
111000178,2045,200,1845
111000179,289,100,189
111000180,310,410,-100
111000181,1685,175,1510
111000182,230,140,90
111000183,348,229,119
111000184,361,180,181
111000185,386,279,107
111000186,379,166,213
111000187,158,148,10
111000188,287,297,-10
111000189,603,510,93
111000190,209,208,1
111000191,150,190,-40
111000192,197,305,-108
111000193,213,158,55
111000194,62,244,-182
111000195,189,217,-28
111000196,102,118,-16
111000197,533,94,439
111000198,746,67,679
111000199,306,112,194
111000200,523,236,287
111000201,852,179,673
111000202,365,197,168
111000203,430,333,97
111000204,436,1488,-1052
111000213,174,397,-223
111000214,1396,881,515
111000215,1186,932,254
111000217,1762,816,946
111000218,1365,958,407
111000219,312,183,129
111000220,847,637,210
111000221,386,143,243
111000224,0,192,-192
111000225,426,374,52
111000226,103,7,96
111000227,15,2,13
111000228,35,541,-506
111000229,170,1201,-1031
111000230,210,206,4
111000231,1138,379,759
111000232,937,679,258
111000233,1222,421,801
111000234,152,542,-390
111000239,82,89,-7
111000240,57,227,-170
111000241,31,214,-183
111000242,272,63,209
111000243,190,342,-152
111000244,634,67,567
111000245,1045,221,824
111000246,645,163,482
111000247,523,511,12
111000248,733,313,420
111000249,544,377,167
111000250,62,50,12
111000251,62,61,1
111000253,13,18,-5
111000255,46,8,38
111000257,82,17,65
111000260,95,969,-874
111000261,1643,104,1539
111000271,51,224,-173
111000273,2402,1035,1367
111000274,1437,2373,-936
111000275,234,44,190
111000276,336,951,-615
111000277,244,256,-12
111000278,653,242,411
111000291,882,8051,-7169
111000298,648,105,543
111000299,747,194,553
111000300,93,429,-336
111000302,392,51,341
111000303,54,141,-87
111000312,58,53,5
111000315,1,84,-83
111000320,203,483,-280
111000321,457,116,341
111000322,367,282,85
111000323,323,28,295
111000324,338,204,134
111000325,51,64,-13
111000326,268,203,65
111000327,523,212,311
111000328,327,455,-128
111000329,1,52,-51
111000330,63,8,55
111000331,20,1,19
111000332,590,1125,-535
111000334,347,877,-530
111000335,1113,245,868
111000337,1659,281,1378
111000338,66,71,-5
111000339,874,196,678
111000340,119,319,-200
111000341,1329,694,635
111000342,169,1701,-1532
111000344,1255,592,663
111000345,196,155,41
111000346,35,256,-221
111000347,169,3,166
111000350,221,126,95
111000351,124,296,-172
111000352,243,98,145
111000353,202,201,1
111000354,695,99,596
111000355,382,459,-77
111000358,204,534,-330
111000360,274,331,-57
111000361,166,146,20
111000546,1093,413,680
111000547,563,276,287
111000548,176,316,-140
111000549,401,193,208
111000550,53,943,-890
111000551,599,172,427
111000552,1007,331,676
111000907,483,76,407
111000908,53,0,53
111000916,2285,195,2090
111000917,45,306,-261
111000918,236,362,-126
111000920,687,14,673
111000921,21,137,-116
111000922,716,176,540
111000924,49,423,-374
111000925,3260,1861,1399
111000926,997,1056,-59
111000927,2829,4261,-1432
111000928,3994,2258,1736
111000929,2137,1313,824
111000930,881,1451,-570
111000931,2346,2676,-330
111000932,3418,1479,1939
111000933,3585,2710,875
111000934,1566,2550,-984
111000935,1909,1046,863
111000936,1190,1497,-307
111000937,1417,1414,3
111000938,1228,961,267
111000939,826,45,781
111000940,642,62,580
111000941,545,257,288
111000943,720,296,424
111000944,161,160,1
111000945,101,886,-785
111001109,592,641,-49
111001110,181,412,-231
111001111,123,6,117
111001112,87,6,81
111001113,2,123,-121
111001114,770,197,573
111001115,28,651,-623
111001116,3214,4576,-1362
111001117,413,2927,-2514
111001120,166,169,-3
111001121,161,139,22
111001122,234,235,-1
111001123,366,56,310
111001124,94,71,23
111900001,49,80,-31
111900002,25,400,-375
111900003,2,206,-204
111900004,28,91,-63
111900006,21,79,-58
111900007,171,11,160
111900008,358,3,355
111900009,285,87,198
111900010,232,304,-72
111900012,53,70,-17
111900013,16,56,-40
111900014,2579,5144,-2565
111900015,0,65,-65
111900016,0,55,-55
111900017,0,60,-60
111900018,174,8,166
111900019,1,166,-165
111900020,5,50,-45
111900021,38,77,-39
111900022,24,44,-20
111900023,62,66,-4
111900024,14,50,-36
111900025,0,41,-41
111900026,0,30,-30
111900027,3,83,-80
111900028,1,158,-157
111900029,3,52,-49
111900030,19,265,-246
111900031,20,31,-11
111900032,1,177,-176
111900033,8,38,-30
111900034,159,356,-197
111900035,53,156,-103
111900036,0,130,-130
111900038,212,423,-211
111900039,38,266,-228
111900040,2,225,-223
111900042,12,91,-79
111900043,2,181,-179
111900044,209,146,63
111900046,50,85,-35
111900048,323,298,25
111900049,24,133,-109
111900050,107,35,72
111900051,1,169,-168
111900052,256,285,-29
111900053,586,2301,-1715
111900054,213,9,204
111900055,16,189,-173
111900056,156,387,-231
111900057,191,22,169
111900058,568,296,272
111900059,1369,838,531
111900060,554,4,550
111900061,3,108,-105
111900062,45,64,-19
111900063,287,313,-26
111900064,61,124,-63
111900065,147,41,106
111900066,163,206,-43
111900067,3,270,-267
111900068,34,63,-29
111900069,114,36,78
111900070,216,60,156
111900071,0,164,-164
111900072,36,24,12
111900073,1242,169,1073
111900074,14,112,-98
111900075,72,11,61
111900076,270,75,195
111900077,36,3,33
111900078,395,43,352
111900079,53,52,1
111900080,192,325,-133
111900082,264,51,213
111900083,238,21,217
111900084,168,3,165
111900085,62,158,-96
111900086,83,7,76
111900087,85,4,81
111900088,722,17,705
111900089,190,3,187
111900090,51,48,3
111900091,333,2,331
111900092,171,1,170
111900093,631,16,615
111900094,169,2,167
111900095,314,38,276
111900096,205,9,196
111900097,66,0,66
111900098,375,3,372
111900099,96,0,96
111900100,188,6,182
111900101,161,41,120
111900102,797,223,574
111900103,71,95,-24
111900104,159,80,79
111900105,256,249,7
111900106,601,45,556
111900110,1077,419,658
111900111,227,66,161
111900112,431,3838,-3407
111900113,208,170,38
111900118,371,101,270
111900119,358,186,172
111900122,135,104,31
111900123,27,32,-5
111900124,61,51,10
111900125,624,72,552
111900126,421,4,417
111900127,1,387,-386
111900128,0,239,-239
111900129,377,13,364
111900130,284,63,221
111900131,663,1,662
111900132,19,533,-514
111900133,14,204,-190
111900134,6,131,-125
111900135,28,39,-11
111900136,68,143,-75
111900137,61,28,33
111900138,38,47,-9
111900139,15,63,-48
111900140,143,38,105
111900141,72,16,56
111900142,114,23,91
111900143,260,118,142
111900144,36,95,-59
111900145,10,219,-209
111900146,0,99,-99
111900147,78,230,-152
111900148,11,356,-345
111900149,6,173,-167
111900150,13,106,-93
111900151,7,21,-14
111900152,96,93,3
111900153,753,703,50
111900154,24,414,-390
111900155,77,123,-46
111900156,68,82,-14
111900157,181,18,163
111900158,616,88,528
111900159,332,30,302
111900160,447,2,445
111900161,262,5,257
111900162,97,209,-112
111900163,22,138,-116
111900164,123,66,57
111901113,685,83,602
111901114,298,224,74
111901115,99,5,94
111901116,70,3,67
111901117,71,45,26
111901118,19,405,-386
111901119,364,49,315
111901121,110,104,6
111901122,7,295,-288
111901123,315,197,118
111901124,267,2,265
111901125,576,184,392
111901127,337,729,-392
111901128,8,56,-48
111901129,8,101,-93
111901130,8,99,-91
111901131,2,219,-217
111901132,88,30,58
111901133,65,5,60
111901134,99,8,91
111901135,54,19,35
111901136,61,79,-18
111901137,1,33,-32
111901138,191,35,156
111901139,38,20,18
111901140,5,53,-48
111901141,8,98,-90
111901142,1,58,-57
111901143,1,68,-67
111901144,68,54,14
111901145,108,324,-216
111901146,226,11,215
112000001,2183,659,1524
112000002,595,1784,-1189
112000003,2250,1137,1113
112000004,752,489,263
112000005,4217,4141,76
112000006,1723,1083,640
112000007,4833,2845,1988
112000008,3048,4393,-1345
112000009,2497,2030,467
112000010,3521,4695,-1174
112000011,1416,1226,190
112000012,4680,6396,-1716
112000013,3049,4074,-1025
112000014,2375,3344,-969
112000015,3197,3786,-589
112000016,4504,3114,1390
112000017,1698,5367,-3669
112000024,2332,680,1652
112000026,2177,2363,-186
112000027,849,806,43
112000028,813,1049,-236
112000029,744,1002,-258
112000030,150,73,77
112000031,1585,5674,-4089
112000032,234,40,194
112000033,1856,3246,-1390
112000034,254,71,183
112000035,109,735,-626
112000036,546,1604,-1058
112000037,955,1129,-174
112000038,1335,1865,-530
112000039,118,66,52
112000040,55,178,-123
112000041,436,374,62
112000042,920,371,549
112000050,1311,1418,-107
112000051,1378,1879,-501
112000054,1496,1366,130
112000057,899,505,394
112000058,366,637,-271
112000059,493,636,-143
112000061,2903,1500,1403
112000062,1005,1370,-365
112000063,575,2532,-1957
112000064,3122,4387,-1265
112000065,1360,1752,-392
112000066,3648,1763,1885
112000067,556,544,12
112000068,3410,2845,565
112000069,654,1481,-827
112000070,3017,1066,1951
112000071,1133,2028,-895
112000072,2940,842,2098
112000073,1747,1828,-81
112000074,1641,1208,433
112000075,1718,1276,442
112000076,3487,2122,1365
112000077,917,391,526
112000078,2160,725,1435
112000079,1964,1272,692
112000080,1113,888,225
112000081,1455,2260,-805
112000082,1386,727,659
112000083,664,937,-273
112000084,1424,648,776
112000085,1572,909,663
112000086,1857,995,862
112000087,647,322,325
112000088,961,304,657
112000089,719,499,220
112000090,328,283,45
112000091,537,593,-56
112000092,2271,979,1292
112000093,1461,597,864
112000094,829,661,168
112000095,677,709,-32
112000096,683,510,173
112000097,1771,626,1145
112000098,839,570,269
112000099,980,1890,-910
112000100,2512,666,1846
112000101,586,565,21
112000102,1989,404,1585
112000103,432,642,-210
112000105,468,780,-312
112000106,2040,333,1707
112000107,36,227,-191
112000108,235,1629,-1394
112000109,70,41,29
112000110,2254,556,1698
112000111,999,8161,-7162
112000112,4732,995,3737
112000113,964,1628,-664
112000114,2868,1070,1798
112000115,357,339,18
112000116,674,696,-22
112000117,1060,700,360
112000118,1031,664,367
112000119,482,542,-60
112000120,66,238,-172
112000121,191,258,-67
112000122,436,120,316
112000123,917,156,761
112000124,482,73,409
112000125,327,313,14
112000126,346,288,58
112000127,1879,2703,-824
112000128,623,871,-248
112000129,147,104,43
112000130,233,134,99
112000131,44,195,-151
112000132,214,223,-9
112000133,498,160,338
112000134,445,231,214
112000135,1398,776,622
112000136,1027,1853,-826
112000137,2258,4750,-2492
112000138,1981,2730,-749
112000139,745,809,-64
112000140,600,952,-352
112000141,1189,401,788
112000142,133,362,-229
112000143,1294,183,1111
112000144,184,700,-516
112000145,3168,511,2657
112000146,525,1208,-683
112000147,2985,1753,1232
112000148,1372,1924,-552
112000149,605,458,147
112000150,269,407,-138
112000151,322,257,65
112000152,485,295,190
112000153,145,174,-29
112000154,164,261,-97
112000155,138,116,22
112000157,775,647,128
112000158,404,273,131
112000159,779,272,507
112000167,552,151,401
112000169,323,443,-120
112000173,1033,224,809
112000175,456,365,91
112000176,1521,1745,-224
112000177,1128,271,857
112000178,116,236,-120
112000179,318,111,207
112000180,336,268,68
112000181,1303,1160,143
112000182,1746,835,911
112000183,25,35,-10
112000184,528,246,282
112000185,677,310,367
112000187,4657,2719,1938
112000195,198,20,178
112000196,319,1,318
112000197,233,279,-46
112000198,71,332,-261
112000199,810,784,26
112000202,576,76,500
112000216,67,246,-179
112000230,159,7,152
112000231,6,172,-166
112000256,88,258,-170
112000313,66,93,-27
112000314,63,44,19
112000337,212,486,-274
112000352,260,433,-173
112000392,1371,1170,201
112000398,1915,805,1110
112000399,1848,3001,-1153
112000400,1913,1609,304
112000401,2367,1537,830
112000402,4383,4330,53
112000403,2080,3708,-1628
112000404,1458,1032,426
112000405,2773,3235,-462
112000406,2552,1403,1149
112000407,9355,9143,212
112000408,6571,3675,2896
112000409,1502,2742,-1240
112000410,521,390,131
112000411,3563,2250,1313
112000412,1200,528,672
112000413,5034,7901,-2867
112000414,90,36,54
112000415,127,44,83
112000416,3426,1311,2115
112000417,314,82,232
112000421,63,50,13
112000422,413,256,157
112000424,1560,3340,-1780
112000425,413,421,-8
112000426,215,297,-82
112000427,7,8,-1
112000428,426,286,140
112000429,2263,1859,404
112000430,3040,3205,-165
112000431,113,121,-8
112000432,579,575,4
112000433,325,705,-380
112000437,46,106,-60
112900001,122,1,121
112900002,667,500,167
112900003,139,261,-122
112900004,74,173,-99
112900005,335,142,193
112900006,35,176,-141
112900007,85,178,-93
112900008,1,48,-47
112900009,465,178,287
112900010,531,495,36
112900011,129,170,-41
112900012,1,45,-44
112900013,1,253,-252
112900014,3,202,-199
112900015,312,525,-213
112900016,0,156,-156
112900017,63,122,-59
112900018,0,118,-118
112900019,28,149,-121
112900020,317,902,-585
112900021,0,116,-116
112900022,19,57,-38
112900023,0,69,-69
112900024,18,155,-137
112900025,122,231,-109
112900026,17,153,-136
112900027,3,522,-519
112900028,23,112,-89
112900029,10,317,-307
112900030,59,113,-54
112900031,1,262,-261
112900032,189,223,-34
112900034,0,43,-43
112900035,1,223,-222
112900036,54,155,-101
112900037,190,207,-17
112900038,1025,108,917
112900039,11,169,-158
112900040,14,2321,-2307
112900041,586,1201,-615
112900042,234,194,40
112900043,79,57,22
112900044,403,361,42
112900045,148,265,-117
112900046,180,74,106
112900047,20,79,-59
112900049,364,68,296
112900050,31,430,-399
112900051,270,373,-103
112900052,10,468,-458
112900053,260,316,-56
112900054,492,70,422
112900055,122,48,74
112900056,440,219,221
112900057,26,320,-294
112900058,322,405,-83
112900059,132,191,-59
112900060,28,130,-102
112900061,123,84,39
112900062,87,90,-3
112900063,79,35,44
112900064,148,192,-44
112900065,47,60,-13
112900066,337,306,31
112900067,257,142,115
112900068,73,66,7
112900069,2469,1092,1377
112900071,64,6,58
112900072,530,2837,-2307
112900073,586,159,427
112900074,114,318,-204
112900075,1409,1215,194
112900076,96,52,44
112900078,396,485,-89
112900079,237,26,211
112900080,83,3,80
112900081,53,257,-204
112900082,591,33,558
112900083,162,120,42
112900084,272,153,119
112900086,102,0,102
112900087,1022,231,791
112900088,224,19,205
112900089,986,50,936
112900090,102,34,68
112900091,382,22,360
112900092,110,434,-324
112900093,1558,27,1531
112900095,62,0,62
112900096,579,198,381
112900097,118,246,-128
112900098,431,6,425
112900099,866,36,830
112900100,88,0,88
112900101,497,8,489
112900102,317,15,302
112900103,209,3,206
112900104,157,1,156
112900105,17,1,16
112900106,479,155,324
112900107,18,1,17
112900108,13,2,11
112900109,138,1,137
112900110,1762,27,1735
112900111,700,5,695
112900112,434,2,432
112900113,0,11,-11
112900114,227,38,189
112900115,1961,8,1953
112900116,199,48,151
112900117,54,33,21
112900118,28,59,-31
112900119,201,4,197
112900120,780,275,505
112900121,47,117,-70
112900122,12,60,-48
112900123,255,18,237
112900124,11,67,-56
112900125,76,493,-417
112900126,173,123,50
112900127,402,162,240
112900128,155,635,-480
112900129,3,484,-481
112900130,232,98,134
112900131,47,530,-483
112900132,93,535,-442
112900133,21,1229,-1208
112900134,1,192,-191
112900135,93,41,52
112900137,0,331,-331
112900138,8,149,-141
112900139,136,815,-679
112900141,998,43,955
112900142,94,233,-139
112900143,21,324,-303
112900144,1,180,-179
112900145,17,318,-301
112900146,4,655,-651
112900147,1,767,-766
112900148,78,4,74
112900149,317,434,-117
112900151,8,60,-52
112900152,3125,652,2473
112900153,1318,2715,-1397
112900154,1,90,-89
112900155,243,48,195
112900156,440,683,-243
112900157,464,62,402
112900158,118,16,102
112900159,240,160,80
112900160,74,198,-124
112900161,184,45,139
112900162,38,18,20
112900163,90,62,28
112900164,40,223,-183
112900165,122,24,98
112900166,27,103,-76
112900167,5,179,-174
112900168,6,7,-1
112900169,3,26,-23
112900170,263,237,26
112900172,43,19,24
112900173,159,107,52
112900174,325,59,266
112900175,113,250,-137
112900176,43,58,-15
112900177,254,86,168
112900178,796,3043,-2247
112900179,25,429,-404
112900180,2496,1152,1344
112900181,803,5,798
112900182,79,525,-446
112900183,118,349,-231
112900184,417,501,-84
112900185,215,805,-590
112900186,942,1275,-333
112900187,116,635,-519
112900188,648,2768,-2120
112900189,8,20,-12
112900190,27,31,-4
112900192,821,876,-55
112900193,1392,444,948
112900194,68,61,7
112900195,1185,62,1123
112900196,222,361,-139
112900197,194,283,-89
112900199,781,356,425
112900200,817,171,646
112900201,231,87,144
112900202,622,470,152
112900203,297,168,129
112900204,800,633,167
112900205,19,6,13
112900206,45,109,-64
112900207,31,0,31
112900208,111,335,-224
112900209,330,273,57
112900210,0,18,-18
112900211,99,42,57
112900212,5,123,-118
112900213,60,15,45
112900214,27,26,1
112900215,15,104,-89
112900216,13,45,-32
112900217,1,75,-74
112900218,63,9,54
112900219,106,9,97
112900220,3,0,3
112900221,69,104,-35
112900222,0,37,-37
112900223,1161,27,1134
112900224,493,290,203
112900225,561,277,284
112900226,194,350,-156
112900227,841,541,300
112900228,84,33,51
112900229,311,39,272
112900230,7634,4248,3386
112900232,373,349,24
112900233,62,107,-45
112900234,39,56,-17
112900235,98,26,72
112900236,469,16,453
112900237,258,105,153
112900238,10,24,-14
112900239,504,542,-38
113000001,7226,5315,1911
113000002,3771,3190,581
113000003,2051,1708,343
113000004,1457,2411,-954
113000005,2044,1001,1043
113000006,1067,1365,-298
113000007,2527,1007,1520
113000008,1905,1520,385
113000009,1611,782,829
113000010,1218,961,257
113000011,1051,1601,-550
113000012,2201,771,1430
113000013,2003,957,1046
113000014,1408,3494,-2086
113000015,656,735,-79
113000016,461,2198,-1737
113000017,101,477,-376
113000018,530,116,414
113000019,331,305,26
113000020,465,125,340
113000021,1370,404,966
113000022,844,1008,-164
113000025,312,2218,-1906
113000026,534,574,-40
113000027,617,775,-158
113000028,863,954,-91
113000029,936,704,232
113000030,298,541,-243
113000031,158,280,-122
113000032,265,303,-38
113000033,245,436,-191
113000034,289,314,-25
113000035,37,38,-1
113000036,33,50,-17
113000037,55,27,28
113000038,26,70,-44
113000039,67,328,-261
113000040,71,74,-3
113000042,729,463,266
113000051,918,2087,-1169
113000052,2024,715,1309
113000053,617,334,283
113000054,424,644,-220
113000055,1329,480,849
113000056,1357,728,629
113000058,656,868,-212
113000059,1101,507,594
113000060,332,556,-224
113000061,670,885,-215
113000062,542,380,162
113000063,276,60,216
113000064,65,164,-99
113000065,148,484,-336
113000066,854,78,776
113000067,2759,878,1881
113000068,359,694,-335
113000069,564,614,-50
113000070,3089,962,2127
113000071,491,523,-32
113000072,1039,484,555
113000073,320,1195,-875
113000074,1034,554,480
113000075,1748,876,872
113000076,500,2114,-1614
113000077,1070,867,203
113000078,533,2168,-1635
113000079,644,1098,-454
113000080,632,1273,-641
113000081,820,1059,-239
113000082,1129,1401,-272
113000083,578,842,-264
113000084,1706,1312,394
113000085,871,646,225
113000086,1149,1034,115
113000087,1104,910,194
113000088,2388,1397,991
113000089,941,1627,-686
113000090,285,810,-525
113000091,437,412,25
113000094,1434,226,1208
113000095,211,601,-390
113000096,93,639,-546
113000097,1203,372,831
113000098,133,39,94
113000099,1136,418,718
113000100,91,331,-240
113000101,271,563,-292
113000102,739,640,99
113000103,1533,327,1206
113000104,608,2451,-1843
113000105,882,431,451
113000106,282,330,-48
113000107,1112,814,298
113000108,562,707,-145
113000109,585,1413,-828
113000110,2060,435,1625
113000111,156,624,-468
113000112,326,301,25
113000113,1143,304,839
113000114,304,1532,-1228
113000116,798,330,468
113000117,1620,102,1518
113000118,62,536,-474
113000119,362,450,-88
113000120,72,262,-190
113000121,789,1991,-1202
113000124,274,90,184
113000125,69,961,-892
113000127,1469,234,1235
113000128,905,472,433
113000129,537,897,-360
113000133,1728,1501,227
113000134,8,1483,-1475
113000135,4515,5605,-1090
113000137,1370,3609,-2239
113000139,421,317,104
113000140,98,239,-141
113000141,233,214,19
113000142,473,1294,-821
113000143,326,149,177
113000144,275,485,-210
113000145,118,89,29
113000146,132,58,74
113000147,244,52,192
113000148,262,115,147
113000149,191,137,54
113000150,504,258,246
113000151,55,32,23
113000152,44,119,-75
113000153,1346,555,791
113000154,814,1714,-900
113000155,409,692,-283
113000156,155,351,-196
113000157,243,696,-453
113000158,736,302,434
113000159,1074,668,406
113000160,635,787,-152
113000161,310,369,-59
113000162,1056,409,647
113000163,98,56,42
113000164,15,68,-53
113000166,190,93,97
113000167,72,73,-1
113000168,81,107,-26
113000169,257,59,198
113000170,82,114,-32
113000171,37,81,-44
113000172,297,57,240
113000173,100,35,65
113000174,138,294,-156
113000175,413,97,316
113000176,580,174,406
113000177,156,308,-152
113000178,187,249,-62
113000179,345,169,176
113000180,743,1182,-439
113000181,1229,730,499
113000182,146,470,-324
113000183,123,639,-516
113000184,9,78,-69
113000189,368,819,-451
113000190,551,512,39
113000192,788,3126,-2338
113000193,2587,2272,315
113000194,933,992,-59
113000195,1665,1701,-36
113000196,251,57,194
113000197,1856,1563,293
113000198,103,494,-391
113000199,1705,482,1223
113000201,290,254,36
113000202,4312,1208,3104
113000203,117,115,2
113000204,766,2604,-1838
113000205,28,20,8
113000206,13,26,-13
113000207,95,9,86
113000208,67,55,12
113000209,13,20,-7
113000210,16,31,-15
113000211,122,250,-128
113000212,60,33,27
113000213,92,258,-166
113000214,198,240,-42
113000234,204,532,-328
113000410,923,411,512
113000411,2329,4444,-2115
113000412,4223,1925,2298
113000413,1513,3069,-1556
113000414,3952,13365,-9413
113000415,1987,2347,-360
113000416,5071,3367,1704
113000417,2043,2305,-262
113000418,4424,3910,514
113000419,1792,2242,-450
113000420,4103,6309,-2206
113000421,4642,7694,-3052
113000422,12025,10699,1326
113000423,2017,5953,-3936
113000424,3053,10026,-6973
113000425,4,92,-88
113000428,96,265,-169
113000430,23,1926,-1903
113000432,2390,200,2190
113000433,127,483,-356
113000434,33,66,-33
113000435,28,276,-248
113000436,30,631,-601
113000437,1429,14,1415
113000438,398,15,383
113000439,32,87,-55
113000440,194,43,151
113000441,301,158,143
113000442,155,106,49
113000443,422,103,319
113000444,227,97,130
113000445,168,66,102
113000446,48,75,-27
113000448,183,189,-6
113000449,152,835,-683
113000450,616,2426,-1810
113000451,1199,241,958
113000452,229,461,-232
113000453,45,493,-448
113000454,393,90,303
113000455,10,349,-339
113000456,2950,2318,632
113000468,903,114,789
113000469,94,277,-183
113000470,316,17,299
113000471,16,300,-284
113000472,136,253,-117
113000474,872,648,224
113000475,1341,1393,-52
113000476,1808,1627,181
113000477,4221,1707,2514
113000478,3398,3571,-173
113000479,98,121,-23
113000480,123,337,-214
113000483,0,0,0
113000484,0,0,0
113000485,0,0,0
113000486,9,6,3
113000487,0,3,-3
113000488,0,2,-2
113000489,0,8,-8
113000490,0,11,-11
113000491,27,3,24
113000492,4,2,2
113000493,0,3,-3
113000495,175,120,55
113000496,132,132,0
113000497,0,0,0
113000500,0,2,-2
113900001,1,303,-302
113900002,1,78,-77
113900003,0,56,-56
113900004,2,45,-43
113900005,3,61,-58
113900006,0,10,-10
113900007,56,23,33
113900008,23,0,23
113900009,44,1,43
113900010,65,0,65
113900011,87,0,87
113900012,36,2,34
113900013,111,3,108
113900014,617,3,614
113900015,0,47,-47
113900016,69,0,69
113900017,6,36,-30
113900018,325,329,-4
113900019,250,48,202
113900020,219,1,218
113900022,68,1,67
113900023,39,1,38
113900024,88,26,62
113900025,225,25,200
113900026,82,1,81
113900027,10,27,-17
113900028,25,301,-276
113900029,106,71,35
113900030,272,1,271
113900031,26,4,22
113900032,38,0,38
113900033,83,50,33
113900035,57,0,57
113900036,22,47,-25
113900037,152,290,-138
113900038,55,177,-122
113900039,164,40,124
113900040,22,28,-6
113900041,14,4,10
113900042,75,48,27
113900043,146,94,52
113900044,547,466,81
113900045,60,4,56
113900046,157,541,-384
113900047,61,85,-24
113900048,92,131,-39
113900049,375,417,-42
113900050,250,230,20
113900051,253,272,-19
113900052,110,99,11
113900053,720,729,-9
113900054,43,2,41
113900055,97,302,-205
113900056,39,170,-131
113900057,27,138,-111
113900058,80,57,23
113900059,293,200,93
113900060,125,165,-40
113900061,568,232,336
113900062,122,21,101
113900063,96,79,17
113900064,37,98,-61
113900065,562,11,551
113900066,497,192,305
113900067,227,141,86
113900068,542,590,-48
113900069,61,36,25
113900070,160,310,-150
113900071,132,48,84
113900072,77,111,-34
113900073,317,257,60
113900074,196,295,-99
113900075,1149,1498,-349
113900076,199,21,178
113900077,86,100,-14
113900078,31,21,10
113900079,1,28,-27
113900080,589,190,399
113900081,71,112,-41
113900082,148,154,-6
113900083,496,214,282
113900084,221,113,108
113900085,35,180,-145
113900086,40,7,33
113900087,84,85,-1
113900088,82,111,-29
113900089,429,53,376
113900090,636,376,260
113900091,32,16,16
113900092,21,68,-47
113900093,71,934,-863
113900094,564,222,342
113900095,129,136,-7
113900096,359,75,284
113900097,19,70,-51
113900098,730,107,623
113900099,0,38,-38
113900100,0,0,0
113900101,12,67,-55
113900102,105,168,-63
113900103,307,259,48
113900104,152,219,-67
113900105,196,119,77
113900106,0,33,-33
113900107,3,17,-14
113900108,151,234,-83
113900109,317,217,100
113900110,85,36,49
113900111,226,62,164
113900112,208,63,145
113900113,1167,378,789
113900114,3,58,-55
113900115,1,38,-37
113900116,88,154,-66
113900117,90,36,54
113900118,238,558,-320
113900119,158,440,-282
113900120,98,45,53
113900121,81,74,7
113900122,561,2477,-1916
113900123,574,160,414
113900124,1,55,-54
113900125,537,119,418
113900126,140,64,76
113900127,359,787,-428
113900128,152,72,80
113900129,10,148,-138
113900130,4,255,-251
113900131,289,62,227
113900132,49,91,-42
113900133,33,75,-42
113900135,342,204,138
113900136,99,63,36
113900137,378,308,70
113900138,38,274,-236
113900139,218,184,34
113900140,110,400,-290
113900141,641,172,469
113900142,151,53,98
113900143,19,46,-27
113900144,133,431,-298
113900145,395,109,286
113900146,196,63,133
113900148,91,388,-297
113900149,173,97,76
113900150,213,389,-176
113900151,516,126,390
113900152,93,59,34
113900153,141,655,-514
113900154,5,123,-118
113900155,144,259,-115
113900156,155,253,-98
113900157,56,323,-267
113900158,274,687,-413
113900159,14,273,-259
113900160,339,253,86
113900161,87,281,-194
113900162,374,1204,-830
113900163,218,202,16
113900164,361,65,296
113900165,573,203,370
113900166,99,188,-89
113900167,311,39,272
113900168,77,80,-3
113900169,186,362,-176
113900171,301,61,240
113900172,6,71,-65
113900173,23,250,-227
113900174,479,442,37
113900175,376,149,227
113900176,323,267,56
113900177,281,143,138
113900178,548,134,414
113900179,21,213,-192
113900180,174,50,124
113900181,756,146,610
113900182,735,632,103
113900183,49,61,-12
113900184,13,253,-240
113900185,157,51,106
113900186,46,16,30
113900187,46,89,-43
113900188,59,174,-115
113900189,307,137,170
113900190,168,111,57
113900191,136,165,-29
113900192,4,706,-702
113900193,18,99,-81
113900194,1120,666,454
113900195,269,306,-37
113900196,4,173,-169
113900197,1,79,-78
113900198,34,179,-145
113900199,93,522,-429
113900200,18,175,-157
113900201,1,81,-80
113900202,19,206,-187
113900203,0,30,-30
113900204,16,289,-273
113900205,9,114,-105
113900206,3,98,-95
113900207,9,39,-30
113900208,0,28,-28
113900209,1,57,-56
113900210,526,751,-225
113900211,227,64,163
113900212,226,332,-106
113900214,330,342,-12
113900215,58,87,-29
113900216,254,465,-211
113900217,96,128,-32
113900218,194,80,114
113900219,121,369,-248
113900220,119,143,-24
113900221,402,332,70
113900222,179,577,-398
113900223,210,405,-195
113900224,53,46,7
113900225,412,159,253
113900226,368,155,213
113900227,487,229,258
113900228,282,689,-407
113900229,43,1019,-976
113900230,2457,3479,-1022
113900231,147,102,45
113900232,119,64,55
113900233,138,46,92
113900234,403,459,-56
113900235,148,37,111
113900236,249,224,25
113900237,221,21,200
113900238,263,604,-341
113900239,46,134,-88
113900240,5,225,-220
113900241,148,32,116
113900242,42,153,-111
113900243,56,314,-258
113900244,194,183,11
113900245,853,268,585
113900246,11,28,-17
113900247,121,548,-427
113900248,1721,2097,-376
113900249,711,477,234
113900250,43,202,-159
113900251,845,89,756
113900252,552,13,539
113900253,582,60,522
113900254,790,147,643
113900255,601,19,582
113900256,389,24,365
113900257,21,243,-222
113900258,31,238,-207
113900259,587,91,496
113900260,284,12,272
113900261,33,51,-18
113900262,120,277,-157
113900263,120,486,-366
113900264,4,212,-208
113900265,195,236,-41
113900266,34,100,-66
113900267,89,424,-335
113900268,321,414,-93
113900269,48,145,-97
113900270,263,762,-499
113900271,638,521,117
113900273,53,19,34
113900274,99,41,58
113900275,15,61,-46
113900276,3,63,-60
113900277,205,6,199
113900278,231,183,48
113900279,127,118,9
113900280,1590,558,1032
113900281,453,1376,-923
113900282,517,702,-185
113900283,527,525,2
113900284,939,186,753
113900285,230,55,175
113900286,16,49,-33
113900287,80,75,5
113900288,4,156,-152
113900289,515,126,389
113900290,104,243,-139
113900291,78,101,-23
113900292,25,4,21
113900293,0,129,-129
113900294,583,44,539
113900295,436,291,145
113900296,1759,324,1435
113900297,2645,52,2593
113900298,11,1106,-1095
113900299,145,70,75
113900300,3203,4079,-876
113900301,556,444,112
113900302,1644,1000,644
113900303,270,610,-340
113900304,0,59,-59
113900305,179,0,179
113900306,78,1,77
113900307,34,1,33
113900308,114,138,-24
113900309,0,395,-395
113900310,0,11,-11
113900311,8,0,8
113900312,208,224,-16
113900313,8,5,3
114000001,980,1833,-853
114000002,339,243,96
114000003,62,222,-160
114000004,443,546,-103
114000005,352,223,129
114000006,1681,1341,340
114000007,713,1007,-294
114000008,1336,1693,-357
114000009,1155,214,941
114000011,3205,1831,1374
114000012,3410,1428,1982
114000013,2095,1139,956
114000014,371,201,170
114000015,2243,269,1974
114000016,230,160,70
114000017,169,456,-287
114000018,172,27,145
114000026,2528,919,1609
114000027,4423,1867,2556
114000028,2641,2838,-197
114000038,309,120,189
114000039,65,26,39
114000040,173,258,-85
114000042,190,150,40
114000043,77,53,24
114000044,406,21,385
114000045,23,33,-10
114000046,2892,3488,-596
114000047,9,38,-29
114000048,127,35,92
114000049,1804,1362,442
114000050,2044,1531,513
114000051,3249,1789,1460
114000052,4491,1827,2664
114000053,113,567,-454
114000054,182,659,-477
114000055,311,36,275
114000056,422,1162,-740
114000057,4047,1952,2095
114000058,205,1494,-1289
114000059,103,461,-358
114000060,532,700,-168
114000061,2109,3125,-1016
114000062,1105,1708,-603
114000063,1421,1215,206
114000064,2708,3431,-723
114000065,1282,1924,-642
114000066,501,539,-38
114000067,28,951,-923
114000068,489,841,-352
114000069,1162,581,581
114000070,2322,1840,482
114000071,897,371,526
114000072,644,165,479
114000073,22,41,-19
114000074,74,26,48
114000075,53,37,16
114000076,23,47,-24
114000077,8,18,-10
114000078,467,294,173
114000079,266,20,246
114000080,53,93,-40
114000081,96,75,21
114000082,48,290,-242
114000083,47,127,-80
114000084,324,90,234
114000085,106,295,-189
114000086,265,172,93
114000087,241,93,148
114000088,32,24,8
114000089,413,282,131
114000090,1173,1021,152
114000091,1535,822,713
114000092,956,446,510
114000093,1497,646,851
114000094,403,344,59
114000095,314,170,144
114000096,100,215,-115
114000097,102,291,-189
114000098,684,82,602
114000099,928,202,726
114000100,1771,360,1411
114000101,503,374,129
114000102,702,240,462
114000103,190,220,-30
114000104,72,163,-91
114000105,236,94,142
114000106,712,1549,-837
114000107,496,95,401
114000108,847,766,81
114000109,712,1372,-660
114000110,540,842,-302
114000111,2074,1076,998
114000112,501,1229,-728
114000113,1358,658,700
114000114,1006,815,191
114000115,2040,1198,842
114000116,1104,1769,-665
114000117,3935,642,3293
114000118,3280,519,2761
114000119,2375,601,1774
114000120,582,564,18
114000121,410,674,-264
114000122,370,360,10
114000123,2279,344,1935
114000124,1191,272,919
114000125,873,855,18
114000126,2175,213,1962
114000127,383,171,212
114000128,769,260,509
114000130,431,435,-4
114000131,343,110,233
114000132,643,336,307
114000133,905,984,-79
114000134,95,48,47
114000138,33,121,-88
114000139,528,288,240
114000144,985,540,445
114000145,79,84,-5
114000146,97,135,-38
114000147,1481,2304,-823
114000148,1485,1784,-299
114000149,406,383,23
114000150,308,525,-217
114000151,601,1819,-1218
114000152,168,40,128
114000153,621,1894,-1273
114000154,756,526,230
114000155,1856,2726,-870
114000156,937,675,262
114000157,250,940,-690
114000158,866,625,241
114000159,97,301,-204
114000160,82,364,-282
114000161,1213,3300,-2087
114000162,1116,2749,-1633
114000163,30,41,-11
114000165,847,362,485
114000166,882,494,388
114000167,2371,1382,989
114000168,543,562,-19
114000169,1380,1740,-360
114000170,1157,1299,-142
114000171,1349,4682,-3333
114000174,171,394,-223
114000176,363,397,-34
114000177,1105,613,492
114000178,55,52,3
114000179,1088,674,414
114000180,289,502,-213
114000181,1894,4301,-2407
114000182,1576,1985,-409
114000183,736,731,5
114000184,1244,724,520
114000185,1415,793,622
114000189,1452,176,1276
114000190,3534,481,3053
114000191,85,166,-81
114000192,148,857,-709
114000193,404,1318,-914
114000194,1282,707,575
114000195,215,45,170
114000196,2,98,-96
114000197,1725,21,1704
114000198,661,386,275
114000199,1698,1680,18
114000200,567,1174,-607
114000201,186,474,-288
114000202,1149,481,668
114000203,542,432,110
114000204,173,319,-146
114000205,223,989,-766
114000206,676,1201,-525
114000207,494,1014,-520
114000208,402,1474,-1072
114000209,387,1266,-879
114000210,214,761,-547
114000211,1288,1393,-105
114000212,993,823,170
114000213,1619,530,1089
114000214,104,124,-20
114000215,245,64,181
114000216,1524,342,1182
114000217,420,189,231
114000218,240,179,61
114000219,1543,164,1379
114000220,25,468,-443
114000221,1067,188,879
114000222,134,650,-516
114000223,623,154,469
114000224,75,463,-388
114000225,291,402,-111
114000226,214,225,-11
114000227,948,491,457
114000228,971,541,430
114000229,1361,981,380
114000230,1672,827,845
114000231,925,1085,-160
114000232,790,171,619
114000233,2301,140,2161
114000234,1333,716,617
114000235,1284,1123,161
114000236,1,254,-253
114000237,117,533,-416
114000238,195,203,-8
114000239,184,706,-522
114000240,864,792,72
114000241,265,607,-342
114000242,701,672,29
114000243,1866,748,1118
114000244,842,289,553
114000245,498,655,-157
114000246,138,46,92
114000247,810,472,338
114000248,1297,499,798
114000249,731,510,221
114000250,739,533,206
114000251,516,193,323
114000252,52,26,26
114000253,51,114,-63
114000254,63,38,25
114000255,497,171,326
114000256,629,2198,-1569
114000257,297,784,-487
114000258,760,239,521
114000259,405,206,199
114000260,0,31,-31
114000261,72,49,23
114000262,300,93,207
114000263,10,2,8
114000264,1558,309,1249
114000265,0,0,0
114000267,3,1774,-1771
114000268,11,760,-749
114000270,181,28,153
114000271,364,35,329
114000283,1830,352,1478
114000285,22,103,-81
114000288,94,198,-104
114000289,1584,117,1467
114000293,296,499,-203
114000294,275,275,0
114000395,1775,28,1747
114000396,679,572,107
114000402,786,255,531
114000403,368,227,141
114000405,220,261,-41
114000423,399,246,153
114000424,717,169,548
114000425,1119,263,856
114000426,377,795,-418
114000427,70,84,-14
114000428,174,215,-41
114000429,7,156,-149
114000432,120,55,65
114000434,20,66,-46
114000435,11,104,-93
114000436,492,194,298
114000437,176,1640,-1464
114900001,713,456,257
114900002,633,179,454
114900003,864,645,219
114900004,281,440,-159
114900005,611,429,182
114900006,101,95,6
114900007,360,32,328
114900008,269,112,157
114900010,1194,1810,-616
114900011,229,136,93
114900013,262,167,95
114900015,118,538,-420
114900018,1235,33,1202
114900020,189,67,122
114900022,60,449,-389
114900024,305,148,157
114900025,619,128,491
114900026,57,134,-77
114900027,218,194,24
114900029,36,44,-8
114900030,336,164,172
114900031,484,19,465
114900032,457,17,440
114900033,570,1358,-788
114900034,41,99,-58
114900035,112,213,-101
114900036,183,379,-196
114900037,129,106,23
114900038,174,364,-190
114900039,537,217,320
114900040,89,62,27
114900041,922,230,692
114900042,1091,345,746
114900043,394,181,213
114900044,149,50,99
114900046,44,99,-55
114900047,223,2424,-2201
114900048,102,196,-94
114900049,9,92,-83
114900050,66,179,-113
114900051,40,220,-180
114900052,118,297,-179
114900053,144,220,-76
114900054,61,71,-10
114900057,235,20,215
114900058,0,81,-81
114900059,139,83,56
114900060,566,788,-222
114900061,127,88,39
114900062,187,227,-40
114900063,65,91,-26
114900064,1908,232,1676
114900065,499,587,-88
114900067,47,366,-319
114900068,53,92,-39
114900069,155,78,77
114900070,632,217,415
114900072,7,305,-298
114900073,4,129,-125
114900074,882,310,572
114900075,508,10,498
114900076,7,352,-345
114900080,1085,246,839
114900082,2374,2501,-127
114900083,801,1055,-254
114900090,556,232,324
114900091,113,170,-57
114900095,260,80,180
114900096,394,469,-75
114900097,148,2,146
114900098,6,149,-143
114900099,217,5,212
115000001,4091,2191,1900
115000002,4568,4956,-388
115000003,4168,1760,2408
115000004,5338,6472,-1134
115000005,1410,1696,-286
115000006,1391,1449,-58
115000007,182,154,28
115000008,372,570,-198
115000009,269,247,22
115000010,253,175,78
115000013,58,219,-161
115000015,43,311,-268
115000016,213,344,-131
115000019,39,469,-430
115000020,117,977,-860
115000021,161,427,-266
115000022,515,331,184
115000023,327,718,-391
115000024,887,451,436
115000025,948,804,144
115000026,200,337,-137
115000027,347,342,5
115000028,264,615,-351
115000029,717,102,615
115000030,995,945,50
115000031,1380,358,1022
115000032,7,226,-219
115000033,151,50,101
115000034,72,1054,-982
115000035,1120,72,1048
115000036,2,327,-325
115000037,678,22,656
115000038,47,155,-108
115000039,2747,3261,-514
115000040,3489,2485,1004
115000041,1791,4325,-2534
115000042,738,583,155
115000043,4553,2638,1915
115000044,4339,2882,1457
115000045,2293,1101,1192
115000046,2832,2572,260
115000047,2666,1277,1389
115000048,1610,1582,28
115000049,1531,2598,-1067
115000050,3535,1461,2074
115000051,1566,3418,-1852
115000052,1426,1497,-71
115000053,1924,2084,-160
115000054,554,845,-291
115000055,199,710,-511
115000056,153,537,-384
115000057,733,967,-234
115000058,555,401,154
115000059,263,186,77
115000061,134,183,-49
115000062,189,208,-19
115000063,440,292,148
115000064,290,77,213
115000065,51,623,-572
115000067,203,18,185
115000069,103,218,-115
115000070,48,804,-756
115000071,92,19,73
115000072,14,55,-41
115000073,1420,119,1301
115000075,127,72,55
115000076,2424,2061,363
115000077,2153,1230,923
115000078,1564,939,625
115000079,1563,1206,357
115000080,2921,1432,1489
115000081,386,640,-254
115000082,4682,3462,1220
115000083,1945,1266,679
115000084,2938,956,1982
115000085,841,565,276
115000086,1269,573,696
115000087,344,1198,-854
115000088,1954,635,1319
115000089,1147,1079,68
115000090,524,950,-426
115000091,222,636,-414
115000092,800,417,383
115000093,561,8,553
115000094,4983,6475,-1492
115000095,3407,6413,-3006
115000096,852,919,-67
115000097,1319,1012,307
115000098,1391,537,854
115000099,2802,1741,1061
115000100,1296,293,1003
115000101,555,1040,-485
115000102,492,214,278
115000103,236,472,-236
115000105,98,98,0
115000106,733,334,399
115000107,198,293,-95
115000108,2169,1943,226
115000109,3627,5102,-1475
115000110,1410,2009,-599
115000111,631,1229,-598
115000112,900,990,-90
115000113,837,854,-17
115000114,1688,706,982
115000116,3536,2362,1174
115000117,2981,2807,174
115000118,2758,1853,905
115000119,2216,2131,85
115000120,691,1602,-911
115000121,994,823,171
115000122,1811,2165,-354
115000123,1111,2743,-1632
115000124,656,1062,-406
115000125,351,712,-361
115000126,152,293,-141
115000127,341,119,222
115000128,350,754,-404
115000129,282,445,-163
115000130,496,441,55
115000131,1006,221,785
115000132,373,251,122
115000133,675,151,524
115000134,399,259,140
115000135,349,157,192
115000136,289,221,68
115000137,118,204,-86
115000138,432,238,194
115000139,235,132,103
115000140,463,212,251
115000141,265,146,119
115000142,195,131,64
115000143,1010,521,489
115000144,482,65,417
115000145,315,187,128
115000146,651,414,237
115000147,369,341,28
115000148,315,549,-234
115000149,675,282,393
115000150,647,429,218
115000151,1418,459,959
115000152,712,499,213
115000153,1351,469,882
115000154,944,231,713
115000155,661,589,72
115000156,1017,679,338
115000157,616,667,-51
115000158,498,506,-8
115000159,562,673,-111
115000160,596,685,-89
115000161,618,421,197
115000162,595,859,-264
115000163,483,689,-206
115000164,652,580,72
115000165,312,554,-242
115000167,153,92,61
115000168,467,303,164
115000169,408,397,11
115000170,101,139,-38
115000171,205,248,-43
115000172,794,631,163
115000173,405,803,-398
115000174,120,358,-238
115000175,203,202,1
115000176,157,195,-38
115000177,219,231,-12
115000178,30,142,-112
115000179,105,65,40
115000180,138,361,-223
115000181,867,114,753
115000182,1096,227,869
115000183,527,538,-11
115000186,677,218,459
115000187,242,580,-338
115000188,403,459,-56
115000189,216,443,-227
115000190,665,483,182
115000191,171,557,-386
115000194,144,180,-36
115000195,261,266,-5
115000196,239,122,117
115000197,260,155,105
115000198,448,147,301
115000199,510,115,395
115000200,431,82,349
115000201,153,235,-82
115000206,556,64,492
115000207,242,224,18
115000208,288,507,-219
115000209,920,349,571
115000210,222,107,115
115000211,227,188,39
115000212,1237,384,853
115000224,404,51,353
115000225,61,96,-35
115000229,142,112,30
115000230,116,293,-177
115000231,263,834,-571
115000232,2152,343,1809
115000233,115,170,-55
115000234,31,299,-268
115000241,143,182,-39
115000242,135,163,-28
115000243,77,169,-92
115000244,13,116,-103
115000246,41,34,7
115000247,26,35,-9
115000248,43,15,28
115000249,29,26,3
115000250,337,29,308
115000251,269,52,217
115000252,122,167,-45
115000253,17,385,-368
115000258,354,96,258
115000259,384,128,256
115000261,20,25,-5
115000262,16,17,-1
115000263,21,28,-7
115000264,48,34,14
115000267,97,69,28
115000268,46,94,-48
115000269,111,73,38
115000270,5,33,-28
115000272,86,74,12
115000273,575,35,540
115000280,1930,426,1504
115000281,335,941,-606
115000282,915,1222,-307
115000284,184,162,22
115000296,1013,9,1004
115000297,167,240,-73
115000298,74,618,-544
115000300,289,192,97
115000302,651,99,552
115000303,823,75,748
115000304,1042,62,980
115000305,129,383,-254
115000306,249,197,52
115000307,114,166,-52
115000308,15,18,-3
115000309,21,81,-60
115000310,1220,432,788
115000311,1209,1004,205
115000313,99,327,-228
115000314,693,147,546
115000315,527,567,-40
115000316,95,177,-82
115000317,214,289,-75
115000318,828,339,489
115000319,76,243,-167
115000320,4,386,-382
115000321,359,8,351
115000322,55,164,-109
115000449,208,157,51
115000557,2,1881,-1879
115000558,402,98,304
115000587,686,277,409
115000588,1868,2291,-423
115000589,3807,2121,1686
115000590,1306,1405,-99
115000591,1811,786,1025
115000592,524,1945,-1421
115000593,1647,716,931
115000594,525,2733,-2208
115000609,187,144,43
115000617,873,3682,-2809
115000624,379,50,329
115000633,528,1833,-1305
115000634,2886,860,2026
115000635,650,124,526
115000638,405,499,-94
115000641,59,155,-96
115000642,355,239,116
115000643,113,342,-229
115000644,132,254,-122
115000646,913,1556,-643
115000647,237,446,-209
115000648,2334,1281,1053
115000893,1946,1443,503
115000894,143,759,-616
115000895,299,505,-206
115000896,1042,330,712
115000897,527,124,403
115000898,504,315,189
115000899,239,1113,-874
115000900,52,254,-202
115000901,36,131,-95
115000912,446,90,356
115000913,3,8,-5
115000915,13,0,13
115000916,14,7,7
115000917,0,4,-4
115000918,30,488,-458
115000919,6,25,-19
115000920,28,51,-23
115000921,350,128,222
115000922,452,756,-304
115000923,220,935,-715
115000925,154,89,65
115000927,54,65,-11
115000933,102,209,-107
115000934,223,162,61
115000935,124,62,62
115000936,90,935,-845
115000937,493,123,370
115000938,72,192,-120
115000939,15,138,-123
115900001,200,30,170
115900002,91,85,6
115900003,165,40,125
115900004,0,20,-20
115900005,247,12,235
115900006,190,170,20
115900008,93,6,87
115900009,75,137,-62
115900010,454,93,361
115900011,507,314,193
115900012,249,37,212
115900013,328,140,188
115900014,132,136,-4
115900015,171,40,131
115900016,133,34,99
115900017,23,13,10
115900018,177,38,139
115900019,121,15,106
115900020,147,5,142
115900021,870,267,603
115900022,747,13,734
115900023,37,23,14
115900025,30,229,-199
115900026,726,111,615
115900027,0,147,-147
115900028,465,55,410
115900029,20,263,-243
115900030,31,28,3
115900031,193,306,-113
115900032,540,571,-31
115900033,1,54,-53
115900034,34,198,-164
115900035,57,16,41
115900036,41,1195,-1154
115900037,60,175,-115
115900038,68,13,55
115900039,212,111,101
115900041,246,771,-525
115900042,33,2,31
115900043,110,46,64
115900044,210,295,-85
115900046,343,176,167
115900047,182,233,-51
115900049,214,131,83
115900051,0,23,-23
115900052,10,117,-107
115900053,310,105,205
115900054,332,30,302
115900055,11,96,-85
115900056,262,149,113
115900057,49,18,31
115900058,29,36,-7
115900060,161,170,-9
115900061,407,1,406
115900062,72,149,-77
115900063,81,8,73
115900064,133,181,-48
115900065,121,66,55
115900066,104,86,18
115900067,8,260,-252
115900068,1656,1278,378
115900069,49,174,-125
115900070,189,72,117
115900071,0,164,-164
115900072,59,126,-67
115900073,95,113,-18
115900074,6,179,-173
115900075,23,192,-169
115900076,6,48,-42
115900077,5,124,-119
115900078,71,91,-20
115900079,337,15,322
115900080,256,156,100
115900081,44,43,1
115900082,106,103,3
115900084,756,16,740
115900085,20,62,-42
115900086,958,475,483
115900088,25,77,-52
115900089,433,452,-19
115900090,467,5,462
115900091,14,20,-6
115900092,50,65,-15
115900093,14,21,-7
115900094,5,132,-127
115900096,12,12,0
115900097,17,175,-158
115900098,234,192,42
115900099,215,53,162
115900100,16,293,-277
115900101,179,130,49
115900102,120,39,81
115900103,345,137,208
115900104,97,90,7
115900105,389,328,61
115900106,88,13,75
115900107,170,75,95
115900108,184,46,138
115900109,36,201,-165
115900110,2,15,-13
115900111,1,69,-68
115900112,42,533,-491
115900113,94,25,69
115900114,3,89,-86
115900115,123,163,-40
115900116,80,543,-463
115900117,110,10,100
115900118,5,191,-186
115900119,180,114,66
115900120,30,171,-141
115900121,243,139,104
115900124,422,653,-231
115900125,356,57,299
115900126,846,65,781
115900127,755,61,694
115900128,7,82,-75
115900129,784,54,730
115900130,16,245,-229
115900131,419,26,393
115900132,661,7,654
115900134,345,14,331
115900135,324,1420,-1096
115900137,53,12,41
115900139,37,128,-91
115900140,352,44,308
115900141,8,55,-47
115900142,10,36,-26
115900143,284,500,-216
115900144,124,268,-144
115900146,39,47,-8
115900147,273,262,11
115900148,56,8,48
115900149,147,10,137
115900150,81,11,70
115900151,12,120,-108
115900152,163,232,-69
115900153,136,127,9
115900154,349,269,80
115900155,0,25,-25
115900156,773,1096,-323
115900157,200,478,-278
115900158,12,11,1
115900159,236,150,86
115900160,6,6,0
115900161,154,182,-28
115900163,259,129,130
115900164,684,22,662
115900165,3,143,-140
115900166,171,117,54
115900168,220,133,87
115900171,112,340,-228
115900172,55,138,-83
115900173,254,91,163
115900174,217,191,26
115900175,162,199,-37
115900178,5,280,-275
115900179,345,12,333
115900180,44,97,-53
115900181,265,80,185
115900182,529,88,441
115900183,68,60,8
115900184,656,3,653
115900187,6,159,-153
115900189,1,333,-332
115900190,340,1324,-984
115900191,21,177,-156
115900192,11,78,-67
115900193,212,102,110
115900194,798,78,720
115900195,471,2297,-1826
115900198,186,240,-54
115900199,197,124,73
115900200,244,235,9
115900201,330,357,-27
115900202,4,99,-95
115900203,11,26,-15
115900204,0,19,-19
115900205,63,17,46
115900206,331,122,209
115900207,62,8,54
115900208,115,44,71
115900209,7,87,-80
115900210,0,114,-114
115900211,6,114,-108
115900212,221,160,61
115900213,93,149,-56
115900214,614,121,493
115900215,36,214,-178
115900216,41,96,-55
115900217,61,42,19
115900218,0,34,-34
115900219,128,7,121
115900220,241,16,225
115900221,116,8,108
115900222,81,56,25
115900223,12,569,-557
115900224,658,1611,-953
115900225,65,66,-1
115900226,36,52,-16
115900227,12,51,-39
115900228,5,45,-40
115900229,9,34,-25
115900230,30,108,-78
115900231,145,0,145
115900232,81,2,79
115900233,90,16,74
115900234,68,41,27
115900235,41,31,10
115900236,118,41,77
115900237,63,19,44
115900238,127,10,117
115900239,27,28,-1
115900240,16,39,-23
115900241,314,78,236
115900242,242,370,-128
115900243,6,1,5
115900244,9,3,6
115900245,59,16,43
115900246,15,7,8
115900247,29,6,23
115900248,4,4,0
115900249,13,5,8
115900250,7,19,-12
115900251,3,11,-8
115900252,0,2,-2
115900253,7,20,-13
115900254,7,19,-12
115900255,2,16,-14
115900256,9,18,-9
115900257,2,2,0
115900258,0,2,-2
115900259,1,2,-1
115900260,11,0,11
115900261,13,3,10
115900262,10,0,10
115900263,11,2,9
115900264,6,0,6
115900265,3,4,-1
115900266,0,19,-19
115900267,10,19,-9
115900268,7,12,-5
115900269,812,231,581
115900270,328,137,191
115900271,202,1,201
115900272,56,3,53
115900273,14,29,-15
115900274,1,2,-1
115900275,1,12,-11
115900276,0,17,-17
115900277,0,16,-16
115900278,47,91,-44
115900279,22,185,-163
115900280,18,449,-431
115900281,196,265,-69
115900282,5,11,-6
115900283,9,12,-3
115900284,12,2,10
116000001,6329,3120,3209
116000002,4619,14120,-9501
116000003,1270,1147,123
116000004,3152,4780,-1628
116000005,1610,2875,-1265
116000006,2692,2969,-277
116000007,2287,2993,-706
116000008,5020,2850,2170
116000009,1130,1586,-456
116000010,2727,1756,971
116000011,710,1529,-819
116000012,1920,1296,624
116000013,5127,3546,1581
116000014,7095,13913,-6818
116000015,166,1526,-1360
116000016,4527,4317,210
116000017,27,788,-761
116000018,728,297,431
116000019,888,296,592
116000020,652,851,-199
116000021,690,317,373
116000022,422,331,91
116000023,1445,881,564
116000024,685,615,70
116000025,976,939,37
116000026,1693,2636,-943
116000027,856,756,100
116000028,500,1226,-726
116000029,519,682,-163
116000030,718,629,89
116000031,170,284,-114
116000032,348,187,161
116000033,429,442,-13
116000034,845,835,10
116000035,397,672,-275
116000036,1201,1591,-390
116000037,497,462,35
116000038,227,625,-398
116000039,453,523,-70
116000040,617,597,20
116000041,179,450,-271
116000042,619,412,207
116000043,105,692,-587
116000044,7,39,-32
116000045,1741,1549,192
116000046,960,1750,-790
116000047,1607,2275,-668
116000048,2162,1836,326
116000049,1500,3447,-1947
116000050,1650,1277,373
116000051,6433,2874,3559
116000052,6147,5043,1104
116000053,2387,788,1599
116000054,953,2425,-1472
116000055,867,793,74
116000056,1151,1088,63
116000057,2776,1281,1495
116000058,3023,2578,445
116000059,2693,4518,-1825
116000060,1892,980,912
116000061,568,1157,-589
116000062,475,173,302
116000063,650,1338,-688
116000066,293,783,-490
116000067,179,408,-229
116000068,218,311,-93
116000069,243,274,-31
116000078,559,1143,-584
116000080,1833,773,1060
116000082,2,32,-30
116000083,1890,427,1463
116000084,1696,2469,-773
116000085,2249,2059,190
116000086,1138,687,451
116000087,2637,1832,805
116000088,767,901,-134
116000089,173,65,108
116000090,106,182,-76
116000091,345,374,-29
116000093,897,728,169
116000094,791,464,327
116000095,997,584,413
116000096,938,1757,-819
116000097,1336,556,780
116000098,74,7870,-7796
116000099,4695,230,4465
116000100,241,20,221
116000101,1030,477,553
116000102,228,668,-440
116000103,558,315,243
116000104,254,837,-583
116000105,1264,149,1115
116000106,739,691,48
116000107,3782,300,3482
116000108,452,159,293
116000111,141,41,100
116000113,145,124,21
116000114,29,123,-94
116000115,394,131,263
116000116,275,292,-17
116000117,1775,1732,43
116000118,1745,981,764
116000119,4093,1870,2223
116000120,2837,2779,58
116000121,1135,502,633
116000122,1160,1065,95
116000123,1309,450,859
116000124,413,694,-281
116000125,3311,777,2534
116000126,290,901,-611
116000127,897,805,92
116000128,2159,903,1256
116000129,1657,214,1443
116000130,759,630,129
116000133,1529,737,792
116000134,1653,1219,434
116000135,3207,1409,1798
116000136,865,1378,-513
116000137,1297,773,524
116000138,849,673,176
116000139,1576,2302,-726
116000140,188,134,54
116000141,369,408,-39
116000142,2885,2041,844
116000143,1918,2131,-213
116000144,1413,1448,-35
116000145,2077,1107,970
116000146,791,107,684
116000147,201,139,62
116000148,782,618,164
116000149,799,751,48
116000151,551,361,190
116000153,110,312,-202
116000155,208,226,-18
116000156,656,937,-281
116000157,88,18,70
116000158,362,351,11
116000159,25,17,8
116000160,14,63,-49
116000161,4,53,-49
116000162,47,122,-75
116000163,45,31,14
116000164,18,24,-6
116000177,360,110,250
116000194,97,345,-248
116000195,1187,507,680
116000196,10,0,10
116000197,4,3,1
116000198,2387,1118,1269
116000200,586,643,-57
116000201,603,598,5
116000202,3,147,-144
116000203,2,79,-77
116000204,24,38,-14
116000205,0,111,-111
116000206,5,167,-162
116000207,17,45,-28
116000233,199,316,-117
116000287,196,246,-50
116000288,368,185,183
116000292,59,28,31
116000296,14,237,-223
116000297,120,13,107
116000304,191,26,165
116000305,25,69,-44
116000346,201,56,145
116000352,87,54,33
116000354,28,47,-19
116000357,3,87,-84
116000358,383,69,314
116000361,46,1,45
116000372,3030,5395,-2365
116000381,125,0,125
116000388,2,33,-31
116000389,913,522,391
116000445,590,300,290
116000446,762,279,483
116000447,18,522,-504
116000448,510,125,385
116000563,844,1003,-159
116000565,41,315,-274
116000568,78,353,-275
116000579,24,116,-92
116000584,36,1,35
116000585,49,17,32
116000586,65,83,-18
116000587,500,685,-185
116000589,34,41,-7
116000590,87,68,19
116000591,270,140,130
116000592,8,68,-60
116000593,0,20,-20
116000594,766,214,552
116000595,751,93,658
116000596,96,8,88
116000597,517,159,358
116000598,22,84,-62
116000602,23,436,-413
116000605,197,74,123
116000606,85,349,-264
116000607,0,8,-8
116000609,133,1164,-1031
116000611,190,265,-75
116000612,970,2004,-1034
116000613,726,309,417
116000614,412,372,40
116000615,2,385,-383
116000616,52,61,-9
116000617,130,18,112
116000618,2,46,-44
116000619,66,86,-20
116000620,218,120,98
116000621,110,117,-7
116000622,98,152,-54
116000624,370,128,242
116000627,80,16,64
116000628,57,173,-116
116000629,31,145,-114
116000630,530,26,504
116000631,230,32,198
116000632,725,159,566
116000633,85,176,-91
116000634,657,22,635
116000635,1932,2531,-599
116000636,419,1136,-717
116000637,426,26,400
116000638,37,220,-183
116900001,208,138,70
116900002,195,2,193
116900003,40,29,11
116900004,83,76,7
116900005,325,40,285
116900006,79,422,-343
116900007,131,225,-94
116900008,524,146,378
116900009,34,6,28
116900010,0,669,-669
116900011,22,28,-6
116900012,297,203,94
116900013,7,94,-87
116900014,226,89,137
116900015,560,49,511
116900016,278,5,273
116900017,2,308,-306
116900018,124,72,52
116900019,5,158,-153
116900020,713,1627,-914
116900023,167,21,146
116900024,697,42,655
116900025,1509,569,940
116900026,93,392,-299
116900027,44,52,-8
116900028,5,67,-62
116900029,0,104,-104
116900031,2,2,0
116900032,8,182,-174
116900033,36,7,29
116900034,8,60,-52
116900035,188,128,60
116900036,5,96,-91
116900038,30,3,27
116900041,62,9,53
116900042,318,208,110
116900043,29,81,-52
116900047,28,214,-186
116900049,27,216,-189
116900050,160,355,-195
116900051,230,71,159
116900052,149,54,95
116900055,2,7,-5
116900057,19,123,-104
116900058,27,318,-291
116900059,1,52,-51
116900060,181,172,9
116900062,2,8,-6
116900064,70,295,-225
116900065,24,93,-69
116900067,131,70,61
116900068,127,142,-15
116900070,3,4,-1
116900072,24,191,-167
116900073,18,60,-42
116900074,14,35,-21
116900076,17,31,-14
116900077,18,63,-45
116900078,164,77,87
116900079,24,132,-108
116900080,11,15,-4
116900081,357,745,-388
116900082,409,859,-450
116900083,20,20,0
116900084,90,42,48
116900085,32,111,-79
116900086,42,151,-109
116900088,316,88,228
116900090,74,35,39
116900091,451,19,432
116900092,84,564,-480
116900093,1721,1615,106
116900094,2749,4552,-1803
116900095,193,71,122
116900096,124,547,-423
116900097,1866,3605,-1739
116900098,729,336,393
116900099,481,792,-311
116900100,1197,52,1145
116900101,309,348,-39
116900103,4,2,2
116900104,56,87,-31
116900105,345,202,143
116900106,2761,153,2608
116900107,2081,2901,-820
116900110,6,3,3
116900111,801,375,426
116900112,308,524,-216
116900113,1086,1896,-810
116900116,79,618,-539
116900117,140,86,54
116900118,609,886,-277
116900120,496,52,444
116900121,158,22,136
116900122,1196,398,798
116900123,326,455,-129
116900124,157,759,-602
116900125,567,136,431
116900126,88,642,-554
116900128,2,51,-49
116900129,2,222,-220
116900130,455,4604,-4149
116900131,90,335,-245
116900132,60,100,-40
116900133,204,112,92
116900134,258,172,86
116900136,283,193,90
116900137,294,156,138
116900138,212,129,83
116900139,140,360,-220
116900140,193,149,44
116900141,690,377,313
116900142,3,77,-74
116900143,349,276,73
116900144,36,116,-80
116900145,82,147,-65
116900147,297,681,-384
116900148,17,47,-30
116900149,73,292,-219
116900150,9,11,-2
116900151,42,15,27
116900153,187,98,89
116900154,393,601,-208
116900155,86,64,22
116900157,771,114,657
116900158,116,313,-197
116900159,72,291,-219
116900160,981,954,27
116900161,3937,8155,-4218
116900162,21,58,-37
116900163,252,108,144
116900164,106,67,39
116900165,340,311,29
116900166,38,33,5
116900167,513,47,466
116900168,433,76,357
116900169,389,719,-330
116900170,395,602,-207
116900171,70,118,-48
116900172,178,435,-257
116900173,270,41,229
116900174,69,77,-8
116900175,243,301,-58
116900178,25,74,-49
116900179,74,364,-290
116900180,92,22,70
116900182,509,188,321
116900183,221,109,112
116900185,31,71,-40
116900186,140,138,2
116900187,71,57,14
116900188,182,42,140
116900189,101,3,98
116900191,375,505,-130
116900192,329,102,227
116900194,181,1715,-1534
116900195,51,37,14
116900196,30,80,-50
116900197,158,14,144
116900198,156,295,-139
116900200,112,16,96
116900201,188,6,182
116900202,85,46,39
116900203,202,16,186
116900204,57,113,-56
116900206,32,2,30
116900207,35,31,4
116900208,3,69,-66
116900209,24,64,-40
116900210,516,290,226
116900211,287,0,287
116900212,105,32,73
116900213,195,96,99
116900214,253,167,86
116900215,55,46,9
116900216,265,146,119
116900218,54,144,-90
116900219,1107,302,805
116900220,145,280,-135
116900221,97,297,-200
116900222,480,384,96
116900223,119,297,-178
116900226,115,31,84
116900227,249,47,202
116900228,393,124,269
116900230,64,170,-106
116900231,53,245,-192
116900232,9,231,-222
116900233,401,109,292
116900234,38,11,27
116900235,162,197,-35
116900238,1138,311,827
116900239,5,1281,-1276
116900240,3752,3824,-72
116900241,133,72,61
116900242,236,831,-595
116900243,7,52,-45
116900245,57,45,12
116900246,148,30,118
116900247,1028,50,978
116900248,127,37,90
116900249,501,53,448
116900250,357,34,323
116900251,347,717,-370
116900252,176,454,-278
116900253,136,51,85
116900254,48,66,-18
116900255,109,99,10
116900256,474,100,374
116900257,13,271,-258
116900258,7,119,-112
116900259,293,9,284
116900260,0,49,-49
116900261,108,4,104
116900262,175,81,94
116900263,0,11,-11
116900264,1,7,-6
116900265,82,1,81
116900266,19,14,5
116900267,2,0,2
116900268,364,150,214
116900269,330,613,-283
116900271,762,338,424
116900272,268,211,57
116900273,78,137,-59
116900274,153,52,101
116900275,200,62,138
116900276,551,200,351
116900277,278,22,256
116900278,7,7,0
116900279,0,6,-6
116900280,29,14,15
116900281,3534,5642,-2108
116900282,6,50,-44
116900283,11,49,-38
116900284,9,148,-139
116900285,149,234,-85
116900286,136,15,121
116900287,2,18,-16
116900288,93,81,12
116900289,14,5,9
116900290,7,24,-17
116900291,45,11,34
116900292,0,18,-18
116900293,72,23,49
116900294,24,117,-93
116900295,113,92,21
116900296,58,66,-8
116900297,10,102,-92
116900298,105,71,34
116900299,24,60,-36
116900300,0,119,-119
116900301,40,141,-101
116900302,19,99,-80
116900303,90,119,-29
116900304,0,167,-167
116900305,4,33,-29
116900306,220,36,184
117000001,2517,1910,607
117000002,1721,3441,-1720
117000003,6468,3481,2987
117000004,2780,4081,-1301
117000005,2757,1888,869
117000006,1113,2366,-1253
117000007,4933,1240,3693
117000008,868,2528,-1660
117000009,5038,2045,2993
117000010,2085,2847,-762
117000011,2662,1537,1125
117000012,1407,854,553
117000013,2004,709,1295
117000014,1290,1851,-561
117000015,2307,1335,972
117000016,256,154,102
117000017,108,126,-18
117000018,143,805,-662
117000019,69,1,68
117000020,365,2252,-1887
117000021,997,397,600
117000022,301,148,153
117000023,138,206,-68
117000024,181,312,-131
117000025,318,1174,-856
117000026,1872,1719,153
117000027,1290,5069,-3779
117000028,1566,2435,-869
117000030,293,403,-110
117000031,382,311,71
117000032,1425,1205,220
117000033,1220,694,526
117000034,593,286,307
117000035,477,414,63
117000036,362,273,89
117000037,393,227,166
117000038,145,514,-369
117000039,454,275,179
117000040,211,680,-469
117000041,1402,138,1264
117000044,10,449,-439
117000045,570,134,436
117000046,294,706,-412
117000047,935,599,336
117000048,1553,624,929
117000049,118,502,-384
117000050,228,1208,-980
117000051,2850,107,2743
117000052,76,241,-165
117000053,709,40,669
117000054,1834,21,1813
117000055,7,1768,-1761
117000056,681,37,644
117000057,396,1887,-1491
117000060,475,923,-448
117000061,2298,1045,1253
117000062,296,487,-191
117000063,2031,959,1072
117000064,462,523,-61
117000066,781,830,-49
117000067,89,596,-507
117000074,93,181,-88
117000076,74,29,45
117000077,128,167,-39
117000078,130,547,-417
117000079,470,215,255
117000080,0,264,-264
117000081,1167,115,1052
117000082,12,90,-78
117000083,122,7,115
117000084,128,2,126
117000085,443,817,-374
117000086,807,314,493
117000087,130,421,-291
117000088,273,153,120
117000089,1971,227,1744
117000090,274,820,-546
117000091,974,239,735
117000092,421,790,-369
117000093,1537,692,845
117000094,1223,1764,-541
117000095,4100,789,3311
117000096,637,1713,-1076
117000097,1933,936,997
117000098,1999,2952,-953
117000099,4546,1160,3386
117000100,240,345,-105
117000101,110,731,-621
117000102,2163,679,1484
117000103,513,1074,-561
117000104,1746,610,1136
117000105,735,998,-263
117000106,1592,738,854
117000107,484,1315,-831
117000108,2430,958,1472
117000109,1071,1881,-810
117000110,2079,1477,602
117000111,3750,3734,16
117000112,3939,1546,2393
117000113,127,174,-47
117000114,213,108,105
117000115,69,73,-4
117000116,161,179,-18
117000117,1541,1163,378
117000118,286,138,148
117000119,182,185,-3
117000120,143,630,-487
117000121,44,1133,-1089
117000122,301,853,-552
117000123,1422,54,1368
117000124,231,111,120
117000125,158,174,-16
117000126,29,14,15
117000127,156,259,-103
117000128,178,664,-486
117000129,229,767,-538
117000130,141,2,139
117000131,0,65,-65
117000132,4021,34,3987
117000133,2192,47,2145
117000134,2,84,-82
117000135,1,75,-74
117000136,1,25,-24
117000137,145,131,14
117000138,3,733,-730
117000140,413,1089,-676
117000141,2271,520,1751
117000181,402,202,200
117000182,641,1001,-360
117000195,175,591,-416
117000196,287,226,61
117000225,123,64,59
117000226,5,113,-108
117000276,389,32,357
117000277,0,156,-156
117000310,1462,2256,-794
117000315,79,717,-638
117000320,44,0,44
117000906,430,16,414
117000907,12,220,-208
117000908,9,87,-78
117000909,37,32,5
117000910,241,180,61
117000911,88,145,-57
117000915,3,306,-303
117000916,40,8,32
117000917,1493,48,1445
117000918,119,60,59
117000919,7,42,-35
117000920,1,822,-821
117000921,1,609,-608
117000922,22,45,-23
117000924,410,734,-324
117000926,533,135,398
117000927,769,1253,-484
117000928,1,98,-97
117000929,262,180,82
117000930,275,13,262
117000931,137,149,-12
117900002,82,474,-392
117900003,469,466,3
117900005,3,58,-55
117900006,1,110,-109
117900007,146,100,46
117900008,0,17,-17
117900010,290,65,225
117900011,30,156,-126
117900012,58,78,-20
117900013,0,135,-135
117900014,529,78,451
117900015,7,61,-54
117900016,1225,1047,178
117900017,505,193,312
117900018,137,172,-35
117900019,675,162,513
117900020,74,507,-433
117900021,28,45,-17
117900022,39,19,20
117900023,740,109,631
117900024,46,43,3
117900025,45,6,39
117900026,526,169,357
117900028,35,5,30
117900029,230,322,-92
117900030,493,223,270
117900031,121,93,28
117900032,1313,659,654
117900033,388,323,65
117900034,44,19,25
117900035,286,93,193
117900036,224,176,48
117900037,283,78,205
117900038,21,149,-128
117900039,0,32,-32
117900040,170,236,-66
117900041,0,61,-61
117900042,3307,330,2977
117900043,21,44,-23
117900044,41,3425,-3384
117900045,195,121,74
117900048,397,178,219
117900049,243,322,-79
117900050,5,111,-106
117900051,25,2,23
117900052,60,526,-466
117900053,1891,403,1488
117900054,0,34,-34
117900055,389,204,185
117900056,81,55,26
117900057,891,1071,-180
117900058,41,33,8
117900059,233,85,148
117900060,3214,3400,-186
117900061,17,248,-231
117900063,484,166,318
117900065,661,902,-241
117900066,19,108,-89
117900067,691,133,558
117900069,835,155,680
117900070,171,61,110
117900071,131,114,17
117900073,629,192,437
117900074,77,109,-32
117900075,85,76,9
117900076,30,54,-24
117900077,607,115,492
117900078,408,798,-390
117900080,138,34,104
117900081,387,385,2
117900082,518,376,142
117900083,437,250,187
117900086,129,27,102
117900087,196,20,176
117900088,2276,1721,555
117900089,2844,768,2076
117900090,368,246,122
117900091,85,134,-49
117900092,102,22,80
117900093,130,39,91
117900094,55,30,25
117900095,357,248,109
117900096,121,176,-55
117900097,490,92,398
117900098,61,12,49
117900099,148,181,-33
117900100,490,5,485
117900101,539,2224,-1685
117900102,98,34,64
117900103,65,1,64
117900104,7,204,-197
117900105,81,214,-133
117900106,145,24,121
117900107,59,0,59
117900109,778,439,339
117900110,165,2,163
117900111,551,33,518
117900112,115,19,96
117900113,1565,2064,-499
117900114,28,0,28
117900115,94,82,12
117900116,809,758,51
117900117,734,236,498
117900118,162,0,162
117900119,208,72,136
117900120,273,30,243
117900121,257,89,168
117900122,1123,5146,-4023
117900123,655,269,386
117900124,685,516,169
117900125,1725,1986,-261
117900126,213,427,-214
117900127,458,238,220
117900128,412,388,24
117900129,117,0,117
117900130,719,310,409
117900131,5,100,-95
117900132,20,82,-62
117900133,9,73,-64
117900134,79,233,-154
117900135,13,145,-132
117900136,0,28,-28
117900137,21,188,-167
117900138,0,22,-22
117900139,101,83,18
117900140,2389,247,2142
117900141,108,190,-82
117900142,46,73,-27
117900144,67,411,-344
117900145,40,51,-11
117900146,156,219,-63
117900147,64,44,20
117900148,1999,1912,87
117900149,110,106,4
117900150,42,35,7
117900151,49,50,-1
117900152,56,59,-3
117900153,13,101,-88
117900154,446,414,32
117900156,817,768,49
117900157,117,537,-420
117900158,392,150,242
117900160,926,890,36
117900161,1884,1483,401
117900162,552,342,210
117900163,26,196,-170
117900165,1,12,-11
117900166,113,528,-415
117900168,59,217,-158
117900169,0,94,-94
117900170,1,22,-21
117900171,4,18,-14
117900172,19,19,0
117900173,142,96,46
117900174,37,55,-18
117900175,10,23,-13
117900176,15,21,-6
117900177,16,29,-13
117900178,89,37,52
117900180,227,28,199
117900181,56,502,-446
117900182,3,47,-44
117900183,76,173,-97
117900184,35,51,-16
117900185,53,59,-6
117900186,45,13,32
117900187,33,11,22
117900188,215,48,167
117900189,86,29,57
117900190,26,3,23
117900191,91,1,90
117900192,265,1,264
117900193,16,55,-39
117900194,6,3,3
117900195,24,40,-16
117900196,17,25,-8
117900207,122,142,-20
117900208,31,26,5
117900209,140,130,10
117900210,115,191,-76
117900211,4,158,-154
117900212,116,136,-20
117900213,35,11,24
117900214,14,21,-7
117900215,35,47,-12
117900216,21,30,-9
117900217,34,342,-308
117900218,67,133,-66
117900219,9,132,-123
117900220,84,143,-59
117900222,206,182,24
117900223,86,290,-204
118000001,742,1144,-402
118000002,467,1514,-1047
118000003,2154,3549,-1395
118000004,1784,1970,-186
118000005,3269,5859,-2590
118000006,2935,8452,-5517
118000007,5646,4953,693
118000008,2880,3892,-1012
118000009,1525,2880,-1355
118000010,6323,4021,2302
118000011,1708,2033,-325
118000012,1176,1414,-238
118000013,2444,1913,531
118000014,1745,1482,263
118000016,182,251,-69
118000017,485,395,90
118000018,418,344,74
118000019,2106,1672,434
118000020,852,3474,-2622
118000021,645,3569,-2924
118000022,1295,859,436
118000023,687,274,413
118000024,940,1458,-518
118000027,9023,12997,-3974
118000029,751,1019,-268
118000032,593,4098,-3505
118000033,2743,6813,-4070
118000034,4052,2608,1444
118000035,1963,3156,-1193
118000036,913,1259,-346
118000037,746,784,-38
118000038,275,101,174
118000039,93,210,-117
118000040,1706,1155,551
118000041,2762,1244,1518
118000045,550,184,366
118000046,1112,840,272
118000047,735,1100,-365
118000048,2075,2111,-36
118000051,1672,2157,-485
118000052,966,1090,-124
118000053,424,760,-336
118000054,1659,1275,384
118000055,1411,1840,-429
118000056,215,541,-326
118000057,304,410,-106
118000058,3837,2362,1475
118000059,1923,1547,376
118000060,1533,407,1126
118000061,1472,1053,419
118000062,511,421,90
118000063,459,882,-423
118000064,868,1145,-277
118000065,2450,2437,13
118000066,1025,1814,-789
118000067,701,728,-27
118000068,1371,5607,-4236
118000069,2049,977,1072
118000070,4070,1918,2152
118000071,2794,7743,-4949
118000072,1354,1621,-267
118000073,928,772,156
118000074,550,417,133
118000075,619,307,312
118000076,1875,3373,-1498
118000077,1114,1135,-21
118000078,2040,2593,-553
118000079,236,582,-346
118000080,832,769,63
118000081,1696,1405,291
118000082,281,1215,-934
118000083,1473,1742,-269
118000084,2808,2024,784
118000086,220,598,-378
118000087,3336,2492,844
118000088,1541,1652,-111
118000089,3368,2451,917
118000090,2680,2968,-288
118000091,956,3144,-2188
118000092,848,604,244
118000093,107,803,-696
118000096,457,654,-197
118000097,781,709,72
118000098,221,136,85
118000099,816,578,238
118000101,1274,289,985
118000102,447,826,-379
118000107,1088,449,639
118000108,603,2718,-2115
118000110,0,30,-30
118000111,2,141,-139
118000112,692,5,687
118000113,1,281,-280
118000114,527,13,514
118000115,7,16,-9
118000116,23,0,23
118000117,801,706,95
118000118,1022,1149,-127
118000119,983,1187,-204
118000120,1420,983,437
118000121,67,596,-529
118000122,1028,282,746
118000123,51,256,-205
118000125,1126,782,344
118000126,744,1809,-1065
118000127,1577,760,817
118000128,422,1029,-607
118000129,1231,562,669
118000130,1599,2182,-583
118000131,347,510,-163
118000132,3478,2725,753
118000133,1101,442,659
118000135,650,463,187
118000136,108,419,-311
118000137,678,93,585
118000138,394,406,-12
118000139,571,69,502
118000140,2652,5836,-3184
118000141,2458,1494,964
118000142,1984,1301,683
118000143,2735,1323,1412
118000144,1054,568,486
118000145,1671,1081,590
118000146,1252,523,729
118000147,997,1004,-7
118000148,530,956,-426
118000149,927,700,227
118000150,581,221,360
118000151,680,357,323
118000153,1575,1011,564
118000154,1420,1343,77
118000155,1713,1243,470
118000156,2046,2633,-587
118000157,698,395,303
118000158,248,424,-176
118000159,35,148,-113
118000160,714,391,323
118000161,556,523,33
118000162,1823,812,1011
118000163,940,864,76
118000164,1800,1523,277
118000168,732,1043,-311
118000169,867,776,91
118000170,3149,3217,-68
118000171,446,448,-2
118000172,77,273,-196
118000173,938,1343,-405
118000175,311,446,-135
118000176,298,585,-287
118000177,283,726,-443
118000178,31,34,-3
118000179,1066,1781,-715
118000180,904,759,145
118000181,684,277,407
118000182,285,295,-10
118000183,229,324,-95
118000184,1037,604,433
118000185,1121,1543,-422
118000186,999,1473,-474
118000187,1777,548,1229
118000188,794,135,659
118000189,862,398,464
118000190,8,7,1
118000191,38,16,22
118000192,232,224,8
118000193,120,391,-271
118000194,1224,879,345
118000195,359,1398,-1039
118000196,266,198,68
118000197,131,182,-51
118000198,429,765,-336
118000199,556,469,87
118000200,71,230,-159
118000201,445,640,-195
118000202,87,69,18
118000203,563,752,-189
118000204,83,454,-371
118000205,89,336,-247
118000206,283,178,105
118000207,0,53,-53
118000208,1534,1427,107
118000209,2022,1019,1003
118000210,115,29,86
118000211,45,40,5
118000213,756,2325,-1569
118000214,417,573,-156
118000215,357,126,231
118000216,2730,1597,1133
118000217,30,64,-34
118000218,102,91,11
118000219,392,195,197
118000220,1,36,-35
118000221,407,377,30
118000222,69,8,61
118000223,57,40,17
118000224,102,62,40
118000225,135,458,-323
118000226,957,186,771
118000227,506,414,92
118000228,110,271,-161
118000229,124,147,-23
118000230,186,160,26
118000231,121,241,-120
118000232,875,492,383
118000233,1285,674,611
118000234,533,143,390
118000236,335,239,96
118000237,130,229,-99
118000238,275,112,163
118000239,286,245,41
118000240,181,145,36
118000241,161,119,42
118000242,487,324,163
118000243,339,143,196
118000244,60,46,14
118000246,1,17,-16
118000255,53,220,-167
118000256,133,166,-33
118000259,10,74,-64
118000260,258,74,184
118000261,45,25,20
118000263,84,202,-118
118000266,103,141,-38
118000267,0,92,-92
118000268,219,7,212
118000270,104,23,81
118000271,187,192,-5
118000272,110,30,80
118000273,162,70,92
118000274,106,195,-89
118000276,566,319,247
118000295,14,141,-127
118000298,203,175,28
118000299,49,61,-12
118000301,0,54,-54
118000302,114,45,69
118000311,736,72,664
118000312,385,157,228
118000313,58,66,-8
118000314,94,29,65
118000315,49,35,14
118000316,778,405,373
118000325,65,25,40
118000326,52,19,33
118000331,39,22,17
118000332,7,28,-21
118000333,29,26,3
118000335,418,1,417
118000336,0,105,-105
118000407,294,57,237
118000457,6,25,-19
118000465,1456,3847,-2391
118000480,39,60,-21
118000489,27,539,-512
118000490,17,202,-185
118000492,309,172,137
118000510,52,32,20
118000514,137,319,-182
118000515,762,719,43
118000517,331,153,178
118000524,263,388,-125
118000525,630,671,-41
118000530,34,100,-66
118000531,394,218,176
118000532,314,214,100
118000533,276,119,157
118000534,573,348,225
118000535,361,161,200
118000536,237,1599,-1362
118000537,19,187,-168
118000538,28,74,-46
118000539,30,131,-101
118000540,366,153,213
118000541,165,64,101
118000542,145,211,-66
118000543,261,283,-22
118000546,55,26,29
118000560,1429,2635,-1206
118000562,30,77,-47
118000563,1399,937,462
118000576,158,101,57
118000577,139,110,29
118000578,110,50,60
118000579,427,1295,-868
118000595,284,107,177
118000596,0,49,-49
118000597,100,66,34
118000598,32,0,32
118000599,81,59,22
118000600,6,24,-18
118000601,13,0,13
118000602,0,21,-21
118000603,0,10,-10
118900001,401,1420,-1019
118900002,724,921,-197
118900003,554,3,551
118900004,48,28,20
118900005,93,16,77
118900006,128,21,107
118900007,16,1,15
118900008,1561,73,1488
118900009,78,97,-19
118900010,66,10,56
118900011,187,39,148
118900012,430,188,242
118900013,473,248,225
118900015,353,114,239
118900016,16,8,8
118900017,160,340,-180
118900018,872,57,815
118900019,34,29,5
118900020,131,153,-22
118900021,173,367,-194
118900022,126,99,27
118900023,162,80,82
118900024,160,113,47
118900025,41,30,11
118900026,76,59,17
118900027,382,176,206
118900028,231,153,78
118900029,360,411,-51
118900030,536,34,502
118900031,183,70,113
118900032,227,119,108
118900033,433,377,56
118900034,243,10,233
118900035,125,113,12
118900036,1182,587,595
118900037,439,323,116
118900038,398,93,305
118900039,706,129,577
118900040,262,200,62
118900041,693,159,534
118900042,233,84,149
118900045,299,141,158
118900046,782,425,357
118900047,395,201,194
118900048,174,234,-60
118900049,48,42,6
118900050,56,40,16
118900051,64,92,-28
118900052,313,254,59
118900053,26,99,-73
118900054,135,61,74
118900055,172,68,104
118900056,36,352,-316
118900057,803,506,297
118900058,510,351,159
118900059,15,97,-82
118900060,88,89,-1
118900062,601,158,443
118900064,311,676,-365
118900065,53,147,-94
118900066,89,72,17
118900067,3189,4815,-1626
118900068,4,219,-215
118900069,509,157,352
118900071,3,76,-73
118900072,480,319,161
118900073,225,95,130
118900074,140,94,46
118900075,84,56,28
118900076,199,117,82
118900077,247,148,99
118900078,38,7,31
118900079,36,103,-67
118900080,48,121,-73
118900081,95,39,56
118900082,1082,184,898
118900083,44,4,40
118900084,14,12,2
118900085,715,523,192
118900086,34,113,-79
118900087,27,345,-318
118900088,3,12,-9
118900089,33,19,14
118900090,602,291,311
118900091,128,247,-119
118900092,304,60,244
118900093,103,21,82
118900096,51,8,43
118900097,291,278,13
118900099,63,174,-111
118900100,114,142,-28
118900101,246,341,-95
118900102,66,76,-10
118900103,68,156,-88
118900104,319,130,189
118900105,195,106,89
118900107,136,44,92
118900108,119,101,18
118900110,1166,988,178
118900111,594,362,232
118900112,94,147,-53
118900113,116,241,-125
118900114,18,66,-48
118900115,100,409,-309
118900116,133,217,-84
118900117,98,171,-73
118900118,345,201,144
118900119,154,155,-1
118900120,108,269,-161
118900121,22,88,-66
118900122,17,1239,-1222
118900123,195,188,7
118900124,110,116,-6
118900126,20,442,-422
118900129,262,207,55
118900130,70,192,-122
118900131,199,186,13
118900132,372,200,172
118900133,8,106,-98
118900135,230,181,49
118900136,240,308,-68
118900137,8,35,-27
118900139,240,180,60
118900140,514,418,96
118900141,96,74,22
118900144,148,277,-129
118900145,40,68,-28
118900146,392,554,-162
118900147,238,149,89
118900148,99,40,59
118900150,152,545,-393
118900152,713,497,216
118900157,70,134,-64
118900158,145,49,96
118900159,2,95,-93
118900161,50,7,43
118900163,44,65,-21
118900164,0,77,-77
118900165,89,88,1
118900166,76,4,72
118900167,91,140,-49
118900168,20,206,-186
118900169,185,162,23
118900170,282,53,229
118900171,44,29,15
118900174,60,46,14
118900175,537,485,52
118900176,175,244,-69
118900177,78,35,43
118900178,87,141,-54
118900179,4,35,-31
118900181,113,82,31
118900182,96,68,28
118900183,26,138,-112
118900184,381,151,230
118900185,149,57,92
118900186,129,113,16
118900187,269,325,-56
118900188,329,258,71
118900189,61,1012,-951
118900190,28,210,-182
118900191,225,21,204
118900192,257,10,247
118900193,765,7,758
118900195,256,400,-144
118900196,44,141,-97
118900197,233,35,198
118900198,31,18,13
118900199,130,34,96
118900200,20,19,1
118900201,44,43,1
118900202,16,38,-22
118900203,13,6,7
118900204,19,22,-3
118900205,3,10,-7
118900206,8,17,-9
119000001,1465,2368,-903
119000002,4698,5045,-347
119000003,3367,842,2525
119000004,2944,1380,1564
119000005,1882,1915,-33
119000006,3324,1373,1951
119000007,4000,3295,705
119000008,1964,1478,486
119000009,3778,5651,-1873
119000010,4676,4463,213
119000011,2910,3272,-362
119000012,1725,3664,-1939
119000013,2873,1786,1087
119000014,1480,2427,-947
119000019,280,158,122
119000020,2871,1558,1313
119000021,5626,2713,2913
119000022,1707,3483,-1776
119000023,295,236,59
119000024,2340,14213,-11873
119000025,4186,1159,3027
119000026,80,488,-408
119000027,228,359,-131
119000028,1576,610,966
119000029,130,313,-183
119000030,570,871,-301
119000031,1020,630,390
119000032,4234,2409,1825
119000033,2348,1069,1279
119000034,1157,857,300
119000035,31,259,-228
119000036,2337,646,1691
119000037,1369,989,380
119000038,189,450,-261
119000039,480,308,172
119000040,894,637,257
119000041,894,1219,-325
119000048,2323,1817,506
119000049,2009,1433,576
119000050,1793,1406,387
119000051,2450,872,1578
119000052,1583,2507,-924
119000053,1829,961,868
119000054,3477,1883,1594
119000055,5822,2549,3273
119000056,3209,1813,1396
119000057,1725,1382,343
119000058,2062,1298,764
119000059,1377,1185,192
119000060,1839,1018,821
119000061,1333,657,676
119000062,1249,1196,53
119000063,710,461,249
119000064,955,1291,-336
119000065,1892,3953,-2061
119000066,2678,1321,1357
119000067,2289,1602,687
119000068,1869,974,895
119000069,1753,2148,-395
119000070,3405,794,2611
119000071,540,685,-145
119000072,4492,4451,41
119000073,5292,8384,-3092
119000074,1442,1439,3
119000075,3545,2319,1226
119000076,414,2596,-2182
119000077,809,1291,-482
119000078,463,415,48
119000079,214,1457,-1243
119000080,483,225,258
119000081,419,2159,-1740
119000082,1072,352,720
119000083,710,403,307
119000084,334,778,-444
119000085,1842,202,1640
119000086,346,409,-63
119000087,1322,651,671
119000088,390,175,215
119000089,71,181,-110
119000090,132,101,31
119000091,79,374,-295
119000092,757,188,569
119000093,3183,2038,1145
119000094,3775,4638,-863
119000095,2189,2381,-192
119000097,1628,980,648
119000098,1000,3580,-2580
119000099,2288,1174,1114
119000100,4692,3267,1425
119000101,5083,2142,2941
119000102,784,1192,-408
119000103,1514,678,836
119000104,1818,1069,749
119000105,1184,2540,-1356
119000106,384,829,-445
119000107,1360,521,839
119000108,529,613,-84
119000109,200,1572,-1372
119000110,612,1716,-1104
119000111,45,850,-805
119000112,286,387,-101
119000113,2116,504,1612
119000114,1147,1264,-117
119000115,184,164,20
119000116,95,121,-26
119000117,215,411,-196
119000118,2,0,2
119000123,4269,1935,2334
119000124,912,218,694
119000125,4299,541,3758
119000126,1025,432,593
119000127,631,303,328
119000128,25,3,22
119000131,1095,409,686
119000132,8,4,4
119000133,0,10,-10
119000134,1648,457,1191
119000135,173,298,-125
119000136,394,110,284
119000137,329,169,160
119000138,694,206,488
119000139,387,148,239
119000140,408,443,-35
119000284,1133,2427,-1294
119000285,1837,1568,269
119000286,5642,4283,1359
119000287,1207,1573,-366
119000288,2123,801,1322
119000289,1514,1952,-438
119000290,234,301,-67
119000291,10,195,-185
119000293,133,174,-41
119000294,73,28,45
119000295,1093,227,866
119000296,239,131,108
119000302,1334,1215,119
119000303,42,141,-99
119000314,1387,11362,-9975
119000315,15,229,-214
119000316,207,103,104
119000317,167,159,8
119900001,290,1559,-1269
119900002,190,203,-13
119900003,37,538,-501
119900004,272,1542,-1270
119900005,247,89,158
119900006,249,449,-200
119900007,1130,294,836
119900008,271,54,217
119900009,724,603,121
119900010,1604,2089,-485
119900011,31,156,-125
119900012,15,121,-106
119900013,2558,1885,673
119900014,652,377,275
119900015,183,42,141
119900016,75,46,29
119900017,67,41,26
119900018,1662,1195,467
119900019,58,8,50
119900020,198,136,62
119900021,244,101,143
119900022,82,1207,-1125
119900023,415,2015,-1600
119900025,259,24,235
119900026,557,149,408
119900027,89,21,68
119900028,245,151,94
119900029,2,6,-4
119900030,703,307,396
119900031,105,477,-372
119900033,2394,355,2039
119900034,598,71,527
119900037,266,44,222
119900038,52,448,-396
119900039,69,25,44
119900040,123,9,114
119900041,166,21,145
119900042,140,157,-17
119900043,120,85,35
119900044,255,1183,-928
119900046,196,47,149
119900047,472,140,332
119900048,80,16,64
119900049,148,8,140
119900050,177,442,-265
119900051,745,14,731
119900052,78,16,62
119900053,274,100,174
119900054,177,4,173
119900055,1644,504,1140
119900057,349,50,299
119900058,341,5,336
119900059,114,58,56
119900060,407,36,371
119900062,116,16,100
119900063,9,73,-64
119900064,472,66,406
119900065,275,14,261
119900066,1,2,-1
119900067,124,15,109
119900068,649,1,648
119900069,153,40,113
119900070,1333,10,1323
119900071,989,36,953
119900073,1207,590,617
119900074,106,76,30
119900075,2637,2495,142
119900076,1100,232,868
119900077,1075,468,607
119900078,683,736,-53
119900079,448,133,315
119900080,1965,933,1032
119900081,416,32,384
119900082,2565,500,2065
119900083,342,107,235
119900084,640,426,214
119900085,33,52,-19
119900087,740,508,232
119900088,32,46,-14
119900089,92,283,-191
119900090,88,47,41
119900091,36,521,-485
119900092,90,297,-207
119900093,1403,292,1111
119900094,34,137,-103
119900095,207,107,100
119900096,39,111,-72
119900097,495,178,317
119900098,69,56,13
119900099,39,150,-111
119900100,1227,2868,-1641
119900101,153,1821,-1668
119900102,92,140,-48
119900103,61,215,-154
119900104,54,149,-95
119900105,1312,9210,-7898
119900106,15,94,-79
119900107,226,1494,-1268
119900108,6826,644,6182
119900109,15,100,-85
119900110,1002,339,663
119900111,163,196,-33
119900112,863,589,274
119900113,55,216,-161
119900114,345,699,-354
119900115,430,586,-156
119900116,168,473,-305
119900117,386,409,-23
119900118,127,530,-403
119900119,294,166,128
119900120,568,440,128
119900121,495,544,-49
119900122,334,270,64
119900123,264,295,-31
119900124,218,493,-275
119900125,57,223,-166
119900126,4113,307,3806
119900127,1509,803,706
119900128,598,412,186
119900129,258,259,-1
119900130,20,163,-143
119900131,60,194,-134
119900132,18,123,-105
119900133,93,119,-26
119900134,981,176,805
119900135,8,224,-216
119900136,168,202,-34
119900138,299,480,-181
119900139,72,124,-52
119900140,8,157,-149
119900141,57,815,-758
119900142,26,55,-29
119900143,29,410,-381
119900144,1066,172,894
119900145,134,112,22
119900146,191,192,-1
119900147,0,205,-205
119900148,319,75,244
119900149,668,5976,-5308
119900150,122,109,13
119900151,1906,776,1130
119900152,148,175,-27
119900153,258,42,216
119900154,48,122,-74
119900155,47,21,26
119900156,32,7,25
119900157,228,152,76
119900158,236,63,173
119900159,4,676,-672
119900160,29,107,-78
119900161,237,114,123
119900162,1121,1184,-63
119900163,127,201,-74
119900164,2,2,0
119900165,177,118,59
119900166,105,39,66
119900167,58,92,-34
119900168,1146,504,642
119900169,48,307,-259
119900170,271,284,-13
119900171,1272,291,981
119900172,134,27,107
119900173,12,227,-215
119900174,8,112,-104
119900175,1794,584,1210
119900177,15,136,-121
119900178,7,127,-120
119900179,144,717,-573
119900180,1300,961,339
119900181,63,121,-58
119900182,3,242,-239
119900183,137,444,-307
119900184,1168,419,749
119900185,55,249,-194
119900186,60,1422,-1362
119900187,15,248,-233
119900188,158,311,-153
119900189,360,420,-60
119900190,86,433,-347
119900191,224,304,-80
119900192,67,147,-80
119900193,587,177,410
119900194,57,99,-42
119900195,29,119,-90
119900196,767,344,423
119900197,363,242,121
119900198,210,192,18
119900199,148,26,122
119900200,759,593,166
119900201,297,153,144
119900202,98,383,-285
119900203,242,569,-327
119900204,492,289,203
119900205,977,418,559
119900206,309,137,172
119900208,219,199,20
119900209,688,1656,-968
119900210,35,19,16
119900211,60,2,58
119900212,235,207,28
119900213,7,87,-80
119900214,44,50,-6
119900215,47,45,2
119900216,12,31,-19
119900217,5,46,-41
119900218,15,47,-32
119900219,12,72,-60
119900220,1,41,-40
119900221,16,147,-131
119900222,9,81,-72
119900223,10,46,-36
119900224,6,11,-5
119900225,524,34,490
119900226,393,2355,-1962
119900227,698,274,424
119900228,235,232,3
119900229,307,366,-59
119900230,1009,439,570
119900231,379,137,242
119900232,250,155,95
119900233,85,6,79
119900234,25,150,-125
119900235,10,76,-66
119900236,26,125,-99
119900237,62,641,-579
119900238,31,69,-38
119900240,101,92,9
119900241,122,152,-30
119900242,1442,1600,-158
119900244,706,1388,-682
119900245,125,177,-52
119900246,288,684,-396
119900247,33,103,-70
119900248,76,300,-224
119900249,369,128,241
119900253,1545,492,1053
119900254,120,904,-784
119900255,143,786,-643
119900256,1242,580,662
119900257,175,6,169
119900258,502,35,467
119900259,20,68,-48
119900260,219,9,210
119900261,335,167,168
119900262,0,86,-86
119900263,1129,302,827
119900264,174,114,60
119900265,1019,283,736
119900266,488,179,309
119900267,288,303,-15
119900268,195,87,108
119900269,1746,778,968
119900271,34,101,-67
119900272,543,394,149
119900275,256,70,186
119900276,63,5,58
119900277,13,5,8
119900278,207,145,62
119900279,122,389,-267
119900280,494,117,377
119900281,4,309,-305
119900282,62,147,-85
119900283,21,139,-118
119900284,59,167,-108
119900285,10,59,-49
119900286,5,16,-11
119900288,1,17,-16
119900289,3,25,-22
119900290,5,12,-7
119900291,2,82,-80
119900292,55,55,0
119900293,53,10,43
119900294,27,0,27
119900295,0,0,0
119900296,2,0,2
119900299,66,87,-21
119900300,389,182,207
119900301,150,124,26
119900302,171,131,40
119900303,428,150,278
119900304,263,34,229
119900305,6,86,-80
119900306,33,8,25
119900307,91,60,31
119900308,5,22,-17
119900309,47,143,-96
119900310,216,185,31
119900311,129,61,68
119900312,153,64,89
119900313,310,235,75
119900314,328,449,-121
119900315,2330,1196,1134
119900318,20,59,-39
119900319,175,235,-60
119900320,384,384,0
119900321,99,9,90
119900322,21,60,-39
119900323,0,79,-79
119900324,0,40,-40
119900325,154,203,-49
119900326,26,52,-26
120000001,7190,18352,-11162
120000002,2454,2168,286
120000003,2626,1360,1266
120000004,2437,1365,1072
120000005,2851,1683,1168
120000006,1104,955,149
120000007,2867,3397,-530
120000008,1008,1206,-198
120000009,1738,927,811
120000010,1753,1927,-174
120000011,995,1274,-279
120000012,1769,2037,-268
120000013,3365,2464,901
120000014,757,1215,-458
120000015,2495,1374,1121
120000016,4123,2062,2061
120000017,3738,3071,667
120000018,3046,13937,-10891
120000019,1081,1606,-525
120000020,2968,3755,-787
120000021,1838,2349,-511
120000022,2697,4100,-1403
120000023,1100,1698,-598
120000024,1318,2469,-1151
120000025,2726,1786,940
120000026,2713,1636,1077
120000027,2333,2169,164
120000028,896,2730,-1834
120000029,2238,2563,-325
120000030,808,1106,-298
120000031,2358,6404,-4046
120000032,6420,3602,2818
120000033,5388,1607,3781
120000034,2664,1382,1282
120000035,2472,1703,769
120000036,3532,5155,-1623
120000037,681,1529,-848
120000038,4486,3597,889
120000039,820,834,-14
120000040,181,630,-449
120000041,1253,1300,-47
120000042,1985,1522,463
120000043,4951,1232,3719
120000044,6338,1557,4781
120000045,7611,1024,6587
120000046,4515,3071,1444
120000047,742,7226,-6484
120000048,5969,3972,1997
120000049,3684,2527,1157
120000050,3913,3194,719
120000051,2689,4069,-1380
120000052,6181,2093,4088
120000053,1369,1498,-129
120000054,1550,2708,-1158
120000055,1778,3485,-1707
120000056,4825,3263,1562
120000057,4101,1423,2678
120000058,2191,2393,-202
120000059,11,1922,-1911
120000061,141,388,-247
120000062,157,361,-204
120000063,1125,1763,-638
120000064,240,747,-507
120000065,649,952,-303
120000066,230,479,-249
120000067,43,428,-385
120000068,249,474,-225
120000069,712,604,108
120000070,106,440,-334
120000071,805,88,717
120000072,1054,433,621
120000073,1110,125,985
120000074,185,120,65
120000075,1171,314,857
120000076,2988,328,2660
120000077,2557,643,1914
120000078,3516,1275,2241
120000079,335,193,142
120000080,169,204,-35
120000081,500,161,339
120000082,297,250,47
120000083,100,751,-651
120000084,401,342,59
120000085,388,312,76
120000086,281,362,-81
120000087,177,309,-132
120000088,880,886,-6
120000089,1125,511,614
120000090,739,523,216
120000091,1239,864,375
120000092,1398,561,837
120000093,643,449,194
120000094,196,823,-627
120000095,981,328,653
120000096,350,572,-222
120000098,1040,606,434
120000099,432,578,-146
120000100,841,627,214
120000101,661,397,264
120000102,773,1043,-270
120000103,1774,975,799
120000104,2349,535,1814
120000105,3859,745,3114
120000106,3100,756,2344
120000107,5378,562,4816
120000108,1856,151,1705
120000109,1534,88,1446
120000110,79,760,-681
120000111,81,685,-604
120000112,597,1686,-1089
120000113,608,1271,-663
120000114,886,1667,-781
120000115,280,1410,-1130
120000116,619,1348,-729
120000117,798,1098,-300
120000118,49,62,-13
120000119,21,62,-41
120000120,131,110,21
120000121,15,49,-34
120000122,232,569,-337
120000123,2956,8272,-5316
120000124,507,343,164
120000125,713,593,120
120000126,477,1009,-532
120000127,2194,1278,916
120000128,2487,4472,-1985
120000129,261,244,17
120000130,801,480,321
120000131,452,636,-184
120000134,403,570,-167
120000135,891,494,397
120000137,319,668,-349
120000138,1434,295,1139
120000139,373,413,-40
120000140,1233,326,907
120000141,670,372,298
120000142,962,454,508
120000143,2,95,-93
120000144,190,5,185
120000145,558,3,555
120000146,864,877,-13
120000149,781,1005,-224
120000150,2524,11534,-9010
120000151,510,429,81
120000152,884,199,685
120000153,368,396,-28
120000154,617,535,82
120000155,193,284,-91
120000156,550,1384,-834
120000157,1279,643,636
120000158,947,659,288
120000159,1810,1972,-162
120000160,2688,1757,931
120000161,2910,2149,761
120000162,74,277,-203
120000163,929,733,196
120000164,802,253,549
120000165,769,503,266
120000166,1720,444,1276
120000167,296,308,-12
120000168,33,955,-922
120000169,61,2686,-2625
120000170,50,2381,-2331
120000171,23,799,-776
120000172,19,489,-470
120000173,1129,2655,-1526
120000174,246,84,162
120000175,170,30,140
120000176,203,57,146
120000177,1184,162,1022
120000178,74,26,48
120000179,178,58,120
120000180,606,128,478
120000181,241,2195,-1954
120000182,78,913,-835
120000183,16,689,-673
120000184,247,1893,-1646
120000186,44,831,-787
120000187,31,390,-359
120000188,97,826,-729
120000190,427,115,312
120000191,622,128,494
120000192,599,34,565
120000193,215,6,209
120000195,59,6,53
120000196,191,20,171
120000197,94,71,23
120000198,273,49,224
120000199,194,0,194
120000200,251,1,250
120000201,21,34,-13
120000202,1,50,-49
120000203,90,161,-71
120000207,2,58,-56
120000208,14,135,-121
120000209,9,56,-47
120000210,59,64,-5
120000211,272,1,271
120000212,316,0,316
120000213,259,180,79
120000214,0,161,-161
120000215,3,121,-118
120000216,168,31,137
120000217,449,942,-493
120000218,88,552,-464
120000219,5,310,-305
120000220,6,845,-839
120000225,2510,5,2505
120000226,598,10,588
120000227,1179,114,1065
120000228,12553,4270,8283
120000230,595,35,560
120000231,1968,1527,441
120000233,425,6,419
120000235,394,481,-87
120000236,1398,5,1393
120000237,4,736,-732
120000238,7,1561,-1554
120000241,1426,4276,-2850
120000412,404,12,392
120000413,396,115,281
120000414,220,8,212
120000415,2,42,-40
120000416,167,5,162
120000417,13,63,-50
120000418,287,14,273
120000419,8,126,-118
120000420,34,11,23
120000421,7129,4923,2206
120000422,93,1591,-1498
120000423,4,68,-64
120000424,144,145,-1
120000436,103,834,-731
120000437,146,108,38
120000438,1711,288,1423
120000439,311,645,-334
120000443,216,1,215
120000444,1645,336,1309
120000445,1889,935,954
120000446,671,176,495
120000447,235,1,234
120000449,166,6,160
120000450,10,89,-79
120000451,145,302,-157
120000452,490,5,485
120000453,1,228,-227
120000454,75,61,14
120000455,79,55,24
120000456,2573,4371,-1798
120000457,717,408,309
120000458,466,502,-36
120000459,167,101,66
120000665,1181,261,920
120000668,126,1592,-1466
120000669,159,113,46
120000670,167,1533,-1366
120000671,1977,686,1291
120000672,84,422,-338
120900001,97,109,-12
120900002,332,787,-455
120900003,213,27,186
120900004,16,140,-124
120900005,137,630,-493
120900006,554,247,307
120900007,239,75,164
120900008,810,1124,-314
120900009,662,39,623
120900010,589,149,440
120900011,126,245,-119
120900012,130,1588,-1458
120900013,456,147,309
120900014,15,351,-336
120900015,1058,72,986
120900016,1128,56,1072
120900017,2231,72,2159
120900018,206,318,-112
120900019,636,458,178
120900020,733,1714,-981
120900021,1241,273,968
120900022,30,223,-193
120900023,388,38,350
120900024,2342,474,1868
120900025,1357,1033,324
120900026,185,171,14
120900027,907,31,876
120900028,555,137,418
120900029,98,695,-597
120900030,1742,926,816
120900031,377,136,241
120900032,1561,84,1477
120900033,1497,94,1403
120900034,20,2780,-2760
120900035,79,155,-76
120900037,339,17,322
120900038,95,354,-259
120900039,187,63,124
120900040,468,15,453
120900041,72,37,35
120900042,766,40,726
120900043,167,50,117
120900044,21,354,-333
120900045,152,123,29
120900046,679,11,668
120900047,250,171,79
120900048,141,33,108
120900049,636,3,633
120900050,1284,2005,-721
120900051,445,70,375
120900052,840,5,835
120900053,518,60,458
120900054,1524,495,1029
120900055,567,7,560
120900056,693,29,664
120900057,216,18,198
120900058,775,3,772
120900059,154,0,154
120900060,133,29,104
120900061,233,227,6
120900062,347,2,345
120900063,829,12,817
120900064,795,5,790
120900065,825,7,818
120900066,557,205,352
120900067,208,77,131
120900068,374,2,372
120900069,309,32,277
120900071,162,7,155
120900072,971,16,955
120900073,778,89,689
120900074,791,8,783
120900076,470,0,470
120900077,2084,288,1796
120900078,867,298,569
120900079,1012,74,938
120900080,1034,827,207
120900081,1454,384,1070
120900082,346,436,-90
120900083,151,3,148
120900084,510,593,-83
120900085,80,123,-43
120900086,102,427,-325
120900087,581,373,208
120900088,272,733,-461
120900089,1890,3489,-1599
120900090,403,77,326
120900091,754,1027,-273
120900092,823,295,528
120900093,1122,115,1007
120900094,380,145,235
120900095,555,25,530
120900096,48,219,-171
120900097,632,481,151
120900098,235,138,97
120900099,81,77,4
120900100,97,157,-60
120900101,422,170,252
120900102,57,109,-52
120900103,85,267,-182
120900104,10,48,-38
120900105,52,274,-222
120900106,835,334,501
120900107,178,141,37
120900108,7,312,-305
120900109,29,424,-395
120900110,12,468,-456
120900111,169,219,-50
120900112,25,457,-432
120900113,22,505,-483
120900114,37,93,-56
120900115,172,334,-162
120900116,562,219,343
120900117,2,261,-259
120900118,23,385,-362
120900119,8659,3898,4761
120900120,55,286,-231
120900121,52,375,-323
120900122,899,261,638
120900123,2,203,-201
120900124,3,330,-327
120900125,5,368,-363
120900126,1373,796,577
120900127,6,235,-229
120900128,1081,1122,-41
120900129,30,210,-180
120900130,25,437,-412
120900131,150,157,-7
120900132,1266,151,1115
120900133,90,573,-483
120900134,620,313,307
120900135,11,377,-366
120900136,81,249,-168
120900137,376,97,279
120900138,17,185,-168
120900139,8,426,-418
120900140,10,277,-267
120900141,270,164,106
120900142,11,239,-228
120900143,4,516,-512
120900144,0,101,-101
120900145,285,628,-343
120900146,1,573,-572
120900147,3,423,-420
120900148,169,167,2
120900149,0,160,-160
120900150,64,348,-284
120900151,6,307,-301
120900152,6,18,-12
120900153,123,109,14
120900154,0,110,-110
120900155,248,591,-343
120900156,97,231,-134
120900157,97,213,-116
120900158,75,452,-377
120900159,346,319,27
120900160,49,626,-577
120900161,111,373,-262
120900162,123,710,-587
120900163,249,1762,-1513
120900164,2,150,-148
120900165,20,712,-692
120900166,181,629,-448
120900167,338,169,169
120900169,135,205,-70
120900170,673,3680,-3007
120900171,714,224,490
120900172,1673,2811,-1138
120900173,0,46,-46
120900174,15,116,-101
120900175,214,158,56
120900176,10,396,-386
120900177,2,1638,-1636
120900178,0,660,-660
120900179,571,340,231
120900180,91,192,-101
120900181,144,57,87
120900182,45,326,-281
120900183,874,219,655
120900184,291,69,222
120900185,52,481,-429
120900186,0,239,-239
120900187,681,976,-295
120900188,251,8,243
120900189,92,1829,-1737
120900190,130,3,127
120900191,22,18,4
120900192,5493,10474,-4981
120900194,89,122,-33
120900195,95,314,-219
120900196,651,50,601
120900197,908,135,773
120900198,256,446,-190
120900199,566,549,17
120900200,62,173,-111
120900201,340,116,224
120900202,0,99,-99
120900203,29,91,-62
120900204,106,201,-95
120900205,40,28,12
120900206,22,37,-15
120900207,98,888,-790
121000001,628,1162,-534
121000002,2220,1720,500
121000003,2512,1881,631
121000004,2582,3779,-1197
121000005,1679,2696,-1017
121000006,3368,2301,1067
121000007,2087,3064,-977
121000008,5391,4543,848
121000009,3965,5763,-1798
121000010,7960,6355,1605
121000011,6207,10548,-4341
121000012,13586,9517,4069
121000013,4524,5878,-1354
121000014,5739,5015,724
121000015,3905,6820,-2915
121000016,3910,3561,349
121000017,2321,3386,-1065
121000018,2929,2026,903
121000019,11715,11358,357
121000020,11076,20539,-9463
121000021,2548,2222,326
121000022,3777,4011,-234
121000023,3542,1815,1727
121000024,5435,4528,907
121000025,476,1575,-1099
121000026,412,176,236
121000027,1432,1232,200
121000028,931,485,446
121000029,958,538,420
121000030,723,476,247
121000031,626,634,-8
121000032,204,146,58
121000034,262,272,-10
121000035,178,151,27
121000036,874,848,26
121000037,549,553,-4
121000038,430,919,-489
121000039,232,337,-105
121000041,507,393,114
121000042,343,365,-22
121000043,557,560,-3
121000044,1339,1046,293
121000045,483,249,234
121000046,802,884,-82
121000047,44,77,-33
121000049,999,509,490
121000050,252,1307,-1055
121000051,585,271,314
121000052,414,736,-322
121000053,333,133,200
121000054,53,446,-393
121000055,853,1197,-344
121000056,831,1056,-225
121000057,502,511,-9
121000058,345,254,91
121000059,2229,1229,1000
121000060,612,1212,-600
121000061,146,418,-272
121000062,189,420,-231
121000063,902,867,35
121000064,845,1096,-251
121000065,272,424,-152
121000066,573,546,27
121000067,487,538,-51
121000068,617,373,244
121000069,270,782,-512
121000070,1651,1060,591
121000071,1490,1383,107
121000072,1180,646,534
121000073,1200,1057,143
121000074,107,128,-21
121000075,31,264,-233
121000076,333,286,47
121000077,130,166,-36
121000078,100,167,-67
121000080,1773,566,1207
121000081,3121,3710,-589
121000082,108,282,-174
121000083,114,143,-29
121000084,198,185,13
121000085,255,455,-200
121000086,370,522,-152
121000087,73,251,-178
121000088,547,430,117
121000089,233,424,-191
121000090,372,324,48
121000091,1073,898,175
121000092,223,69,154
121000093,199,185,14
121000094,531,864,-333
121000095,461,640,-179
121000096,2551,1948,603
121000097,581,2093,-1512
121000098,780,704,76
121000099,910,575,335
121000100,1189,255,934
121000101,463,219,244
121000102,449,155,294
121000103,249,126,123
121000104,374,131,243
121000105,657,172,485
121000106,426,231,195
121000107,1836,2689,-853
121000109,1053,986,67
121000110,219,657,-438
121000114,2974,1988,986
121000115,1221,607,614
121000116,300,769,-469
121000117,420,219,201
121000118,1992,208,1784
121000119,337,476,-139
121000120,291,323,-32
121000121,633,1240,-607
121000123,1309,673,636
121000126,69,290,-221
121000127,182,72,110
121000128,1144,249,895
121000129,1161,526,635
121000130,686,591,95
121000131,1661,1943,-282
121000132,1137,2208,-1071
121000135,353,1043,-690
121000136,1268,1332,-64
121000137,475,413,62
121000138,975,1518,-543
121000139,627,628,-1
121000141,294,152,142
121000142,650,786,-136
121000143,132,31,101
121000144,613,1874,-1261
121000145,526,655,-129
121000146,1577,949,628
121000147,1209,459,750
121000148,983,848,135
121000149,2363,1405,958
121000152,486,381,105
121000153,1632,522,1110
121000154,1010,559,451
121000155,1469,988,481
121000156,444,960,-516
121000157,739,1535,-796
121000158,471,408,63
121000159,245,310,-65
121000160,316,303,13
121000161,312,268,44
121000162,167,122,45
121000165,1275,2257,-982
121000166,30,468,-438
121000168,600,312,288
121000169,96,115,-19
121000170,427,69,358
121000171,64,166,-102
121000172,736,540,196
121000173,1324,1367,-43
121000174,444,535,-91
121000175,1199,264,935
121000176,353,267,86
121000177,905,560,345
121000178,106,39,67
121000179,62,44,18
121000181,526,422,104
121000182,147,277,-130
121000183,163,82,81
121000184,214,167,47
121000185,72,235,-163
121000186,255,530,-275
121000187,183,113,70
121000188,164,118,46
121000192,994,343,651
121000193,630,442,188
121000194,1744,2050,-306
121000195,186,878,-692
121000196,588,268,320
121000197,184,639,-455
121000198,201,279,-78
121000199,137,193,-56
121000200,780,143,637
121000201,8,116,-108
121000202,1173,131,1042
121000203,957,1397,-440
121000204,3600,697,2903
121000205,182,250,-68
121000206,229,58,171
121000207,2202,731,1471
121000208,3,307,-304
121000209,580,140,440
121000210,828,214,614
121000211,520,180,340
121000212,775,382,393
121000213,10033,2846,7187
121000214,730,2173,-1443
121000215,777,1236,-459
121000216,505,602,-97
121000217,3812,3212,600
121000218,418,1677,-1259
121000219,1517,630,887
121000220,123,69,54
121000221,124,359,-235
121000222,2531,2581,-50
121000223,327,512,-185
121000224,191,299,-108
121000225,865,2020,-1155
121000226,2992,1350,1642
121000227,13,139,-126
121000228,6,411,-405
121000229,354,383,-29
121000230,65,1251,-1186
121000231,1442,34,1408
121000232,321,325,-4
121000233,629,297,332
121000234,32,49,-17
121000235,62,60,2
121000236,13,86,-73
121000237,48,19,29
121000238,7,75,-68
121000239,81,12,69
121000240,9,155,-146
121000241,93,20,73
121000242,92,765,-673
121000243,317,93,224
121000244,34,106,-72
121000245,38,23,15
121000246,10,133,-123
121000247,121,9,112
121000248,567,1111,-544
121000249,118,242,-124
121000250,635,283,352
121000251,22,224,-202
121000252,119,81,38
121000253,416,346,70
121000254,853,157,696
121000255,160,242,-82
121000256,387,207,180
121000257,40,137,-97
121000258,125,104,21
121000259,56,59,-3
121000260,57,88,-31
121000261,96,69,27
121000262,834,505,329
121000263,610,348,262
121000271,422,1162,-740
121000273,38,9,29
121000274,21,67,-46
121000275,8,7,1
121000276,7,19,-12
121000278,49,25,24
121000279,34,48,-14
121000280,28,39,-11
121000289,257,21,236
121000290,873,955,-82
121000294,210,73,137
121000297,573,1171,-598
121000299,70,453,-383
121000300,791,599,192
121000302,33,1073,-1040
121000303,678,297,381
121000304,485,83,402
121000305,158,47,111
121000306,154,118,36
121000308,139,287,-148
121000309,275,426,-151
121000310,105,217,-112
121000311,90,576,-486
121000312,375,316,59
121000313,323,397,-74
121000314,67,97,-30
121000315,45,105,-60
121000530,1866,1178,688
121000531,1712,1327,385
121000532,6390,8439,-2049
121000533,3410,3913,-503
121000918,79,80,-1
121000919,36,78,-42
121000938,135,302,-167
121000939,78,346,-268
121000956,1623,978,645
121000957,12,14,-2
121000958,46,68,-22
121000959,1108,395,713
121000960,1447,1500,-53
121000961,316,77,239
121000962,569,503,66
121000973,2,195,-193
121000976,17,240,-223
121000979,401,185,216
121000981,378,112,266
121000982,338,111,227
121000983,574,208,366
121000984,81,69,12
121000985,802,307,495
121000986,564,111,453
121000987,251,485,-234
121000988,1096,116,980
121001302,279,80,199
121001308,7,31,-24
121001309,35,438,-403
121001313,279,92,187
121001314,1503,2183,-680
121001315,5766,3531,2235
121900001,162,127,35
121900002,43,35,8
121900003,478,12,466
121900004,79,286,-207
121900005,20,5,15
121900006,139,22,117
121900007,1745,1977,-232
121900008,250,369,-119
121900009,586,17,569
121900010,271,5,266
121900011,380,293,87
121900012,6,1,5
121900013,808,107,701
121900014,1423,391,1032
121900015,238,191,47
121900016,2,25,-23
121900017,1007,358,649
121900018,399,6,393
121900019,539,209,330
121900020,17,3,14
121900021,951,21,930
121900022,243,250,-7
121900023,157,314,-157
121900024,323,84,239
121900025,624,294,330
121900026,281,29,252
121900027,663,199,464
121900028,263,39,224
121900029,132,207,-75
121900030,436,535,-99
121900031,837,6802,-5965
121900032,71,39,32
121900033,209,240,-31
121900034,344,87,257
121900035,2514,2754,-240
121900036,98,250,-152
121900037,192,969,-777
121900038,35,103,-68
121900039,335,57,278
121900040,95,59,36
121900041,144,219,-75
121900042,389,175,214
121900043,14,11,3
121900044,94,60,34
121900046,281,343,-62
121900047,210,54,156
121900048,76,65,11
121900050,54,48,6
121900051,172,136,36
121900052,146,39,107
121900053,647,306,341
121900054,621,868,-247
121900055,22,14,8
121900058,343,114,229
121900059,439,185,254
121900060,137,340,-203
121900061,203,182,21
121900062,156,167,-11
121900063,1832,385,1447
121900064,348,453,-105
121900066,56,30,26
121900067,87,50,37
121900069,176,122,54
121900070,295,187,108
121900071,502,256,246
121900072,58,61,-3
121900073,316,263,53
121900074,602,1301,-699
121900075,455,848,-393
121900076,616,459,157
121900077,25,16,9
121900078,119,63,56
121900079,0,0,0
121900080,1067,335,732
121900082,85,73,12
121900084,52,92,-40
121900085,7,4,3
121900086,32,73,-41
121900087,153,132,21
121900088,1563,2870,-1307
121900089,309,287,22
121900090,109,58,51
121900091,102,53,49
121900092,133,130,3
121900093,94,73,21
121900094,20,13,7
121900095,415,182,233
121900096,1186,741,445
121900097,804,243,561
121900098,15,1,14
121900099,267,48,219
121900100,126,702,-576
121900101,147,155,-8
121900102,1,129,-128
121900103,521,216,305
121900104,1818,299,1519
121900105,396,275,121
121900106,3,12,-9
121900107,62,20,42
121900108,1,23,-22
121900109,260,140,120
121900110,753,457,296
121900111,807,279,528
121900112,233,140,93
121900113,116,555,-439
121900114,119,85,34
121900117,200,249,-49
121900118,1606,658,948
121900119,237,95,142
121900120,77,1261,-1184
121900121,418,17,401
121900122,40,101,-61
121900123,265,409,-144
121900124,167,169,-2
121900125,1566,912,654
121900127,8,92,-84
121900128,82,59,23
121900129,255,139,116
121900130,96,207,-111
121900131,272,101,171
121900132,69,61,8
121900133,84,1131,-1047
121900134,20,205,-185
121900135,3038,493,2545
121900136,715,216,499
121900137,42,317,-275
121900138,138,130,8
121900139,325,753,-428
121900140,99,161,-62
121900141,82,39,43
121900142,191,120,71
121900143,21,227,-206
121900144,83,277,-194
121900145,252,462,-210
121900146,601,616,-15
121900147,64,191,-127
121900148,152,332,-180
121900149,369,508,-139
121900150,44,157,-113
121900151,89,238,-149
121900152,122,107,15
121900153,61,921,-860
121900154,7,244,-237
121900155,0,147,-147
121900156,165,222,-57
121900157,4,261,-257
121900158,100,90,10
121900159,1,194,-193
121900160,47,203,-156
121900161,282,367,-85
121900162,77,191,-114
121900163,475,322,153
121900164,376,139,237
121900165,239,101,138
121900166,206,132,74
121900167,129,129,0
121900168,151,221,-70
121900169,5,142,-137
121900170,5,175,-170
121900171,755,547,208
121900172,566,215,351
121900173,784,225,559
121900174,62,85,-23
121900175,156,236,-80
121900176,471,1163,-692
121900177,189,73,116
121900178,46,35,11
121900179,516,222,294
121900180,2047,5596,-3549
121900182,762,350,412
121900183,825,1461,-636
121900184,144,593,-449
121900186,15,565,-550
121900187,23,162,-139
121900188,476,365,111
121900189,37,68,-31
121900190,231,427,-196
121900191,159,217,-58
121900192,301,1032,-731
121900193,62,120,-58
121900194,16,432,-416
121900195,28,79,-51
121900196,864,992,-128
121900197,317,905,-588
121900198,1277,1042,235
121900199,12,68,-56
121900200,103,195,-92
121900201,672,1011,-339
121900202,146,742,-596
121900203,137,1081,-944
121900204,559,1474,-915
121900205,24,83,-59
121900206,29,42,-13
121900207,111,54,57
121900208,141,291,-150
121900209,83,65,18
121900210,1383,1067,316
121900211,18,89,-71
121900212,95,108,-13
121900213,329,44,285
121900214,10,532,-522
121900215,53,137,-84
121900216,46,341,-295
121900217,244,245,-1
121900218,174,364,-190
121900220,113,12,101
121900221,255,536,-281
121900222,239,109,130
121900223,171,38,133
121900224,93,42,51
121900225,125,148,-23
121900226,287,122,165
121900227,314,464,-150
121900228,168,230,-62
121900230,76,308,-232
121900231,139,1367,-1228
121900232,203,293,-90
121900233,157,174,-17
121900234,502,201,301
121900235,630,144,486
121900236,348,153,195
121900237,148,277,-129
121900238,150,325,-175
121900239,252,41,211
121900240,296,143,153
121900241,101,68,33
121900242,7,2,5
121900243,33,0,33
121900244,31,15,16
121900245,221,49,172
121900246,2824,181,2643
121900247,406,210,196
121900248,976,1286,-310
121900250,236,335,-99
121900251,397,44,353
121900252,510,156,354
121900253,74,628,-554
121900254,457,257,200
121900255,419,95,324
121900258,3383,2065,1318
121900259,309,589,-280
121900260,214,68,146
121900261,184,653,-469
121900262,361,1066,-705
121900263,356,197,159
121900264,1216,1141,75
121900265,382,182,200
121900266,618,105,513
121900267,88,39,49
121900269,230,969,-739
121900270,45,171,-126
121900271,68,148,-80
121900273,439,1872,-1433
121900274,360,186,174
121900277,370,997,-627
121900278,141,709,-568
121900279,169,159,10
121900280,137,453,-316
121900281,173,408,-235
121900284,99,17,82
121900286,203,543,-340
121900287,34,34,0
121900288,4,2,2
121900290,188,563,-375
121900291,337,758,-421
121900292,122,120,2
121900293,726,2574,-1848
121900294,258,2,256
121900295,133,148,-15
121900296,90,379,-289
121900298,236,940,-704
121900299,0,10,-10
121900300,141,14,127
121900301,79,6,73
121900302,4,61,-57
121900303,452,378,74
121900304,2,18,-16
121900305,3,11,-8
121900306,231,1,230
121900307,111,6,105
121900308,8,154,-146
121900309,6,153,-147
121900310,26,214,-188
121900311,444,22,422
121900312,414,14,400
121900313,373,36,337
121900314,4,37,-33
121900315,14,0,14
121900316,0,10,-10
121900317,19,1,18
121900318,5,17,-12
121900319,44,155,-111
121900320,29,35,-6
121900321,30,0,30
121900322,2,12,-10
121900323,21,23,-2
121900324,7,35,-28
121900325,7,4,3
121900326,5,18,-13
121900327,2,38,-36
121900328,0,13,-13
121900329,3,81,-78
121900330,0,78,-78
121900331,99,108,-9
121900332,87,27,60
121900333,14,0,14
122000001,1521,4624,-3103
122000002,2869,1142,1727
122000003,1557,2834,-1277
122000004,2146,1427,719
122000005,2705,2257,448
122000006,1290,1096,194
122000007,804,1578,-774
122000008,1676,3565,-1889
122000009,357,381,-24
122000010,1981,2670,-689
122000011,3385,1635,1750
122000012,940,2070,-1130
122000013,881,1335,-454
122000014,1852,1155,697
122000015,1298,1110,188
122000016,567,845,-278
122000017,1165,1091,74
122000018,1593,1548,45
122000019,849,1080,-231
122000020,260,333,-73
122000021,182,402,-220
122000022,968,1065,-97
122000023,803,1615,-812
122000024,606,1713,-1107
122000025,747,2253,-1506
122000026,570,1386,-816
122000027,543,1309,-766
122000028,912,587,325
122000029,468,539,-71
122000030,230,186,44
122000031,201,409,-208
122000032,2212,2151,61
122000033,546,1771,-1225
122000034,593,690,-97
122000035,325,722,-397
122000036,514,431,83
122000037,385,234,151
122000038,249,340,-91
122000039,577,440,137
122000040,243,333,-90
122000041,503,576,-73
122000042,357,384,-27
122000043,116,129,-13
122000044,143,131,12
122000045,1331,515,816
122000046,846,674,172
122000047,244,269,-25
122000048,3148,4573,-1425
122000049,5337,3610,1727
122000050,1084,783,301
122000051,210,437,-227
122000052,442,522,-80
122000053,213,1017,-804
122000054,2309,2102,207
122000055,1941,3293,-1352
122000056,3444,3292,152
122000057,2638,3734,-1096
122000058,1307,1629,-322
122000059,1532,2339,-807
122000060,406,962,-556
122000061,349,720,-371
122000062,596,306,290
122000063,910,907,3
122000064,2940,3685,-745
122000065,2664,2280,384
122000066,1020,1056,-36
122000067,1424,1066,358
122000068,1619,1098,521
122000069,795,641,154
122000070,1008,1232,-224
122000071,2017,1077,940
122000072,504,498,6
122000073,319,916,-597
122000074,3180,1388,1792
122000075,956,1231,-275
122000076,3795,1394,2401
122000077,827,1274,-447
122000078,1241,3053,-1812
122000079,682,1635,-953
122000080,592,433,159
122000081,202,219,-17
122000082,424,1206,-782
122000083,2324,1272,1052
122000084,2040,950,1090
122000085,311,704,-393
122000086,2139,5637,-3498
122000087,370,514,-144
122000088,615,598,17
122000089,4236,2473,1763
122000090,212,552,-340
122000091,139,106,33
122000092,90,30,60
122000093,1712,2697,-985
122000094,4411,3241,1170
122000095,1445,4549,-3104
122000096,931,1891,-960
122000098,2296,3495,-1199
122000099,1106,794,312
122000100,798,538,260
122000101,370,517,-147
122000102,1933,939,994
122000103,1878,1355,523
122000104,484,195,289
122000105,418,268,150
122000106,348,768,-420
122000107,1137,455,682
122000108,564,803,-239
122000109,440,307,133
122000110,513,590,-77
122000111,2787,1533,1254
122000112,1097,1445,-348
122000113,685,660,25
122000114,2461,1725,736
122000115,1764,1279,485
122000116,497,548,-51
122000117,1204,452,752
122000118,620,797,-177
122000119,2221,1923,298
122000120,1136,2925,-1789
122000121,1125,2292,-1167
122000122,527,1283,-756
122000123,1364,1601,-237
122000124,841,518,323
122000125,494,752,-258
122000126,507,740,-233
122000127,723,931,-208
122000128,368,509,-141
122000129,534,1982,-1448
122000130,2534,1258,1276
122000131,1026,868,158
122000132,263,411,-148
122000133,969,971,-2
122000134,975,738,237
122000135,628,469,159
122000136,867,750,117
122000137,2058,828,1230
122000139,985,3652,-2667
122000140,593,626,-33
122000141,3087,1243,1844
122000142,237,867,-630
122000143,375,406,-31
122000144,1352,841,511
122000145,990,821,169
122000146,682,1497,-815
122000147,629,450,179
122000148,1111,2226,-1115
122000149,1893,1331,562
122000150,1317,953,364
122000151,144,343,-199
122000152,291,317,-26
122000153,308,267,41
122000154,263,195,68
122000155,1555,2719,-1164
122000156,2529,2738,-209
122000157,1124,2752,-1628
122000158,297,506,-209
122000159,590,922,-332
122000160,2337,1752,585
122000161,1024,1032,-8
122000162,1385,1680,-295
122000163,252,107,145
122000164,34,122,-88
122000165,745,630,115
122000166,765,1208,-443
122000167,321,298,23
122000168,183,643,-460
122000169,376,162,214
122000170,425,262,163
122000171,50,96,-46
122000172,1650,1382,268
122000173,1286,2449,-1163
122000174,2268,1031,1237
122000175,814,309,505
122000176,240,797,-557
122000177,1375,1582,-207
122000178,2868,2450,418
122000179,1552,2469,-917
122000180,1363,1409,-46
122000181,1256,3079,-1823
122000182,1309,1724,-415
122000183,2104,1008,1096
122000184,2597,2647,-50
122000185,1351,1932,-581
122000186,436,925,-489
122000187,2079,835,1244
122000188,419,288,131
122000189,239,342,-103
122000190,862,1308,-446
122000191,944,886,58
122000192,1382,390,992
122000193,560,706,-146
122000194,586,205,381
122000195,152,433,-281
122000196,1362,551,811
122000197,509,722,-213
122000198,486,1003,-517
122000199,387,314,73
122000200,875,702,173
122000201,1235,1608,-373
122000202,1298,1640,-342
122000203,2444,1269,1175
122000204,1126,1510,-384
122000205,852,1229,-377
122000206,2328,869,1459
122000207,2336,1149,1187
122000208,2594,1229,1365
122000209,1972,435,1537
122000210,1910,1324,586
122000211,1357,1137,220
122000212,825,577,248
122000213,1009,1615,-606
122000214,2198,1884,314
122000215,1998,1752,246
122000217,1577,1367,210
122000218,717,82,635
122000219,896,746,150
122000220,338,701,-363
122000221,51,375,-324
122000222,588,169,419
122000223,1253,513,740
122000225,927,298,629
122000226,1613,1599,14
122000227,240,2046,-1806
122000228,352,249,103
122000229,33,489,-456
122000230,96,352,-256
122000231,375,657,-282
122000232,538,655,-117
122000233,0,65,-65
122000234,447,70,377
122000235,518,92,426
122000236,1744,66,1678
122000237,120,98,22
122000238,401,402,-1
122000239,865,168,697
122000240,1378,626,752
122000241,2224,445,1779
122000242,846,140,706
122000243,242,46,196
122000244,44,281,-237
122000245,74,102,-28
122000246,249,155,94
122000247,587,362,225
122000248,899,1047,-148
122000249,1217,896,321
122000250,1943,1137,806
122000251,224,425,-201
122000252,448,134,314
122000253,62,206,-144
122000254,321,79,242
122000255,751,1011,-260
122000256,393,618,-225
122000257,226,160,66
122000258,362,264,98
122000259,32,296,-264
122000260,10,56,-46
122000261,6,267,-261
122000262,2,38,-36
122000263,289,446,-157
122000264,1450,273,1177
122000265,2325,915,1410
122000266,4169,615,3554
122000267,172,150,22
122000268,175,287,-112
122000269,941,312,629
122000270,552,156,396
122000271,256,867,-611
122000272,355,747,-392
122000273,381,321,60
122000274,227,181,46
122000275,74,167,-93
122000276,850,478,372
122000277,1197,1516,-319
122000278,1935,497,1438
122000279,218,355,-137
122000280,1025,496,529
122000281,987,793,194
122000282,254,388,-134
122000283,305,160,145
122000284,260,95,165
122000285,306,53,253
122000286,44,99,-55
122000287,1248,1208,40
122000288,418,241,177
122000291,2251,765,1486
122000293,201,170,31
122000294,130,265,-135
122000295,1227,171,1056
122000296,28,550,-522
122000297,2107,3750,-1643
122000299,415,520,-105
122000300,577,728,-151
122000301,6237,3489,2748
122000302,655,2277,-1622
122000303,2480,1178,1302
122000304,92,172,-80
122000305,1340,215,1125
122000306,40,372,-332
122000307,211,156,55
122000309,144,61,83
122000310,39,83,-44
122000311,144,98,46
122000312,140,180,-40
122000313,69,65,4
122000314,116,182,-66
122000315,307,55,252
122000316,1075,211,864
122000317,1846,237,1609
122000318,263,1019,-756
122000319,192,279,-87
122000320,261,769,-508
122000321,80,162,-82
122000322,1611,2274,-663
122000323,987,2505,-1518
122000324,1095,1276,-181
122000325,949,2237,-1288
122000326,113,95,18
122000327,397,597,-200
122000328,625,361,264
122000330,1473,1014,459
122000332,219,303,-84
122000333,20,80,-60
122000337,1139,751,388
122000338,647,314,333
122000340,253,808,-555
122000342,1263,799,464
122000343,489,589,-100
122000344,139,11,128
122000345,31,18,13
122000346,379,249,130
122000348,974,805,169
122000349,92,599,-507
122000351,145,188,-43
122000352,403,190,213
122000353,146,76,70
122000355,145,337,-192
122000356,933,1254,-321
122000357,123,26,97
122000358,0,28,-28
122000359,0,11,-11
122000360,1,38,-37
122000362,12,62,-50
122000364,253,289,-36
122000365,7,44,-37
122000366,12,4,8
122000368,497,604,-107
122000370,32,20,12
122000371,23,0,23
122000372,8,5,3
122000381,159,284,-125
122000382,126,180,-54
122000384,1683,999,684
122000385,63,0,63
122000386,260,1837,-1577
122000387,476,606,-130
122000388,1444,795,649
122000389,173,730,-557
122000390,310,278,32
122000391,303,356,-53
122000392,255,123,132
122000393,37,109,-72
122000394,604,225,379
122000395,143,116,27
122000396,285,74,211
122000397,47,33,14
122000398,20,41,-21
122000399,148,52,96
122000400,86,673,-587
122000401,130,53,77
122000402,457,112,345
122000403,436,418,18
122000404,191,155,36
122000408,817,1171,-354
122000503,15,129,-114
122000524,128,158,-30
122000544,109,2147,-2038
122000616,281,2,279
122000640,80,77,3
122000641,112,200,-88
122000642,1044,716,328
122000643,68,145,-77
122000644,106,31,75
122000645,90,237,-147
122000651,896,1198,-302
122000664,137,29,108
122000665,1199,467,732
122000666,665,1062,-397
122000673,36,126,-90
122000674,223,84,139
122000675,1989,538,1451
122000686,455,671,-216
122000687,1803,227,1576
122000688,263,345,-82
122000689,1100,225,875
122000690,2627,281,2346
122000691,753,874,-121
122000692,1898,367,1531
122000693,445,975,-530
122000695,478,283,195
122000696,638,138,500
122000698,423,324,99
122000699,194,72,122
122000701,1718,302,1416
122000702,442,811,-369
122000703,182,60,122
122000717,71,63,8
122000718,305,927,-622
122000719,119,91,28
122000720,630,108,522
122000724,155,40,115
122900001,30,12,18
122900002,959,6434,-5475
122900003,426,34,392
122900004,1822,100,1722
122900005,159,130,29
122900006,673,1036,-363
122900007,220,139,81
122900008,496,179,317
122900009,618,494,124
122900010,239,106,133
122900012,222,395,-173
122900014,173,194,-21
122900015,1079,1362,-283
122900016,147,234,-87
122900017,272,633,-361
122900018,192,26,166
122900019,17,143,-126
122900020,165,431,-266
122900021,43,397,-354
122900022,1226,676,550
122900023,668,171,497
122900024,141,126,15
122900025,10,351,-341
122900026,41,196,-155
122900027,47,519,-472
122900028,146,144,2
122900029,3858,2758,1100
122900030,1078,588,490
122900031,58,337,-279
122900032,138,457,-319
122900033,260,158,102
122900034,3473,4927,-1454
122900035,39,23,16
122900036,84,80,4
122900037,385,116,269
122900038,93,3033,-2940
122900039,124,599,-475
122900040,255,443,-188
122900041,357,327,30
122900042,209,281,-72
122900043,380,214,166
122900044,97,428,-331
122900045,104,96,8
122900046,198,285,-87
122900047,168,188,-20
122900048,49,209,-160
122900049,1125,184,941
122900051,86,154,-68
122900052,139,146,-7
122900053,21,41,-20
122900055,302,130,172
122900057,272,52,220
122900061,488,227,261
122900062,614,734,-120
122900063,183,214,-31
122900064,793,347,446
122900065,621,246,375
122900066,788,332,456
122900067,865,513,352
122900068,131,288,-157
122900069,410,1526,-1116
122900070,327,55,272
122900071,105,248,-143
122900072,20,301,-281
122900073,36,101,-65
122900074,889,390,499
122900075,4,77,-73
122900076,5,168,-163
122900077,0,84,-84
122900078,216,26,190
122900080,42,58,-16
122900081,198,180,18
122900082,1135,119,1016
122900083,152,108,44
122900084,13,153,-140
122900086,28,128,-100
122900087,303,377,-74
122900088,44,270,-226
122900089,28,294,-266
122900090,3,249,-246
122900091,354,4,350
122900092,0,113,-113
122900093,0,94,-94
122900094,0,116,-116
122900095,256,12,244
122900096,502,56,446
122900097,55,49,6
122900098,46,123,-77
122900099,133,33,100
122900100,210,461,-251
122900101,410,302,108
122900102,19,34,-15
122900103,146,7,139
122900104,236,4,232
122900105,24,10,14
122900106,4,26,-22
122900107,4,75,-71
122900108,6,82,-76
123000001,1007,486,521
123000002,2659,6069,-3410
123000003,4028,4736,-708
123000004,2465,3557,-1092
123000005,2756,3047,-291
123000006,2002,1685,317
123000007,4607,2711,1896
123000008,2423,2475,-52
123000009,4575,2741,1834
123000010,3117,3093,24
123000011,1976,821,1155
123000012,585,2048,-1463
123000013,3542,948,2594
123000014,814,3087,-2273
123000015,2373,1242,1131
123000016,3003,4601,-1598
123000017,3233,1825,1408
123000018,66,94,-28
123000019,571,59,512
123000020,338,49,289
123000021,195,249,-54
123000022,322,1957,-1635
123000023,1737,2074,-337
123000024,1654,658,996
123000025,93,111,-18
123000026,27,139,-112
123000027,130,699,-569
123000028,1585,846,739
123000029,754,1364,-610
123000030,335,181,154
123000031,355,192,163
123000032,545,109,436
123000033,312,44,268
123000034,1017,764,253
123000035,387,460,-73
123000036,246,1033,-787
123000037,208,180,28
123000038,103,212,-109
123000039,378,1819,-1441
123000040,642,271,371
123000041,984,1414,-430
123000042,551,634,-83
123000043,2255,12128,-9873
123000044,3287,2542,745
123000045,4122,2933,1189
123000046,476,1619,-1143
123000047,1261,1086,175
123000048,65,911,-846
123000049,4795,11013,-6218
123000050,1951,1592,359
123000051,85,203,-118
123000052,803,3303,-2500
123000053,2394,2782,-388
123000054,1684,1752,-68
123000055,1908,3565,-1657
123000056,1135,1582,-447
123000057,5518,6944,-1426
123000058,659,1295,-636
123000059,286,419,-133
123000060,1087,395,692
123000061,328,567,-239
123000063,857,920,-63
123000064,1214,231,983
123000065,3691,2808,883
123000066,535,531,4
123000067,892,379,513
123000068,2269,2369,-100
123000069,5064,2359,2705
123000070,172,473,-301
123000071,1477,614,863
123000072,1190,654,536
123000073,1645,701,944
123000074,1093,715,378
123000075,332,1273,-941
123000076,734,438,296
123000077,1805,1550,255
123000078,1996,1301,695
123000079,1783,1439,344
123000080,2375,1131,1244
123000081,154,234,-80
123000082,276,753,-477
123000083,1048,281,767
123000084,784,397,387
123000085,425,60,365
123000086,755,85,670
123000087,482,206,276
123000088,1212,531,681
123000089,567,847,-280
123000090,1149,745,404
123000091,1353,1270,83
123000092,852,1073,-221
123000094,593,217,376
123000095,691,550,141
123000096,946,303,643
123000097,560,465,95
123000098,917,425,492
123000099,699,471,228
123000100,435,745,-310
123000101,467,563,-96
123000102,462,662,-200
123000104,423,494,-71
123000105,489,432,57
123000106,340,509,-169
123000107,277,444,-167
123000108,385,941,-556
123000111,1052,384,668
123000112,1631,429,1202
123000113,530,739,-209
123000114,320,711,-391
123000115,386,265,121
123000116,39,76,-37
123000117,2159,1162,997
123000118,482,563,-81
123000119,257,628,-371
123000120,299,539,-240
123000121,425,442,-17
123000122,311,295,16
123000123,431,484,-53
123000124,352,385,-33
123000125,1229,1292,-63
123000126,1175,4507,-3332
123000127,521,592,-71
123000128,324,228,96
123000129,925,172,753
123000130,833,109,724
123000131,1182,794,388
123000132,260,516,-256
123000133,163,255,-92
123000134,253,131,122
123000135,3011,1002,2009
123000136,224,445,-221
123000137,107,179,-72
123000138,83,250,-167
123000139,693,98,595
123000140,130,441,-311
123000141,724,136,588
123000142,856,785,71
123000143,861,1374,-513
123000144,40,37,3
123000145,198,297,-99
123000146,36,84,-48
123000147,65,76,-11
123000149,409,387,22
123000150,165,201,-36
123000151,233,570,-337
123000152,105,456,-351
123000153,203,873,-670
123000154,1603,2179,-576
123000155,1939,1439,500
123000156,19,104,-85
123000157,564,819,-255
123000158,555,770,-215
123000159,3071,3167,-96
123000160,1129,926,203
123000161,1715,1315,400
123000162,1198,1653,-455
123000163,697,137,560
123000164,1941,292,1649
123000165,317,1046,-729
123000166,36,111,-75
123000167,169,196,-27
123000168,294,149,145
123000169,1051,126,925
123000170,106,64,42
123000171,1050,3,1047
123000172,184,447,-263
123000173,584,301,283
123000174,1115,460,655
123000175,391,827,-436
123000176,1205,252,953
123000177,294,829,-535
123000178,852,160,692
123000179,48,403,-355
123000180,1783,341,1442
123000181,255,925,-670
123000182,282,261,21
123000183,201,539,-338
123000184,94,323,-229
123000185,1071,303,768
123000186,9,370,-361
123000187,763,14,749
123000188,200,0,200
123000189,249,107,142
123000190,85,91,-6
123000192,17,279,-262
123000193,76,604,-528
123000194,417,274,143
123000195,334,30,304
123000196,351,19,332
123000197,85,104,-19
123000198,40,949,-909
123000199,18,578,-560
123000200,655,7,648
123000201,1390,19,1371
123000202,17,562,-545
123000203,1085,79,1006
123000204,63,589,-526
123000205,285,1004,-719
123000206,2438,255,2183
123000207,63,586,-523
123000208,586,212,374
123000209,2447,687,1760
123000210,370,1414,-1044
123000211,434,1674,-1240
123000212,3358,456,2902
123000213,640,70,570
123000215,89,258,-169
123000216,225,886,-661
123000217,198,36,162
123000218,66,753,-687
123000219,593,78,515
123000220,569,128,441
123000221,208,62,146
123000222,535,258,277
123000223,639,193,446
123000224,502,252,250
123000225,341,54,287
123000226,116,299,-183
123000227,81,205,-124
123000228,333,63,270
123000229,741,1136,-395
123000232,150,464,-314
123000233,880,145,735
123000234,201,452,-251
123000235,1736,269,1467
123000236,284,453,-169
123000237,358,126,232
123000238,68,326,-258
123000239,435,816,-381
123000240,51,624,-573
123000241,353,82,271
123000242,276,158,118
123000243,764,809,-45
123000244,869,803,66
123000245,31,156,-125
123000249,1006,505,501
123000252,991,272,719
123000253,1536,467,1069
123000254,766,756,10
123000255,1269,846,423
123000256,30,195,-165
123000257,2187,1365,822
123000258,952,577,375
123000259,451,375,76
123000260,565,330,235
123000261,353,117,236
123000262,85,137,-52
123000263,563,80,483
123000264,204,95,109
123000265,39,135,-96
123000266,691,579,112
123000267,780,309,471
123000268,49,72,-23
123000269,50,67,-17
123000270,64,53,11
123000271,50,53,-3
123000272,768,296,472
123000273,270,802,-532
123000274,1211,581,630
123000275,308,680,-372
123000278,2068,2390,-322
123000279,152,68,84
123000280,431,221,210
123000281,338,103,235
123000282,138,225,-87
123000283,154,62,92
123000284,53,61,-8
123000286,209,378,-169
123000287,468,290,178
123000288,1627,1235,392
123000289,385,1516,-1131
123000291,264,783,-519
123000294,129,197,-68
123000295,908,1104,-196
123000296,806,445,361
123000297,986,379,607
123000298,961,276,685
123000299,76,130,-54
123000300,1312,857,455
123000301,141,288,-147
123000302,88,118,-30
123000303,172,222,-50
123000305,765,873,-108
123000306,209,74,135
123000309,29,43,-14
123000310,59,39,20
123000311,0,67,-67
123000312,442,472,-30
123000313,625,349,276
123000315,176,200,-24
123000316,728,106,622
123000317,291,130,161
123000318,61,155,-94
123000329,16,11,5
123000337,627,553,74
123000338,359,195,164
123000339,360,78,282
123000340,103,283,-180
123000342,20,35,-15
123000343,35,9,26
123000344,741,298,443
123000345,314,460,-146
123000346,431,46,385
123000352,900,830,70
123000353,48,67,-19
123000354,206,7,199
123000355,1,259,-258
123000356,365,8,357
123000357,0,110,-110
123000359,6,87,-81
123000360,256,82,174
123000361,187,299,-112
123000362,588,79,509
123000363,140,157,-17
123000364,496,502,-6
123000365,21,431,-410
123000366,343,2221,-1878
123000367,271,741,-470
123000370,62,202,-140
123000371,896,51,845
123000372,334,34,300
123000373,5,291,-286
123000374,67,143,-76
123000375,392,41,351
123000376,895,609,286
123000377,663,5,658
123000378,24,197,-173
123000379,1,162,-161
123000380,38,493,-455
123000381,87,118,-31
123000382,672,161,511
123000383,58,1245,-1187
123000384,414,99,315
123000385,153,532,-379
123000436,56,1331,-1275
123000507,107,189,-82
123000508,153,1256,-1103
123000517,212,38,174
123000518,36,245,-209
123000519,171,85,86
123000520,50,214,-164
123000521,387,85,302
123000522,111,306,-195
123000541,8,1,7
123000542,0,12,-12
123000565,949,42,907
123000566,372,242,130
123000567,88,107,-19
123000573,52,453,-401
123000574,844,84,760
123000575,1581,678,903
123000576,1181,896,285
123000577,58,676,-618
123000578,303,77,226
123000579,1168,6688,-5520
123000580,151,56,95
123000582,571,27,544
123000583,16,229,-213
123000584,227,295,-68
123000585,0,128,-128
123000586,87,8,79
123000596,76,82,-6
123000597,62,134,-72
123000602,69,8,61
123000603,1055,409,646
123000604,598,357,241
123000605,840,201,639
123000606,4,454,-450
123000609,24,364,-340
123000610,206,93,113
123000613,46,130,-84
123000614,276,38,238
123000615,45,83,-38
123000616,1118,97,1021
123000617,104,206,-102
123000618,61,385,-324
123000619,550,58,492
123000620,45,331,-286
123000622,623,15,608
123000624,190,33,157
123000630,1380,470,910
123000631,232,605,-373
123000632,454,501,-47
123000633,1,147,-146
123000634,47,225,-178
123000635,50,89,-39
123000636,44,353,-309
123000637,327,39,288
123000638,596,30,566
123000639,818,5866,-5048
123000640,16,326,-310
123000648,40,18,22
123000649,0,40,-40
123900001,868,45,823
123900002,47,1418,-1371
123900003,204,280,-76
123900005,270,163,107
123900006,353,27,326
124000001,2013,189,1824
124000002,69,1029,-960
124000003,1136,126,1010
124000004,61,305,-244
124000005,1309,749,560
124000006,193,667,-474
124000007,399,108,291
124000008,23,385,-362
124000009,673,225,448
124000010,189,285,-96
124000011,1132,313,819
124000012,256,300,-44
124000017,230,148,82
124000018,117,54,63
124000019,143,131,12
124000020,46,88,-42
124000021,140,130,10
124000022,139,165,-26
124000023,1427,1570,-143
124000024,1189,375,814
124000025,1347,1827,-480
124000026,964,907,57
124000027,4656,4879,-223
124000028,1222,3568,-2346
124000030,1911,1281,630
124000031,1158,5011,-3853
124000032,1359,628,731
124000033,266,363,-97
124000034,543,577,-34
124000035,160,261,-101
124000036,68,256,-188
124000037,763,1116,-353
124000038,44,130,-86
124000039,851,445,406
124000040,422,1117,-695
124000041,544,113,431
124000042,108,368,-260
124000043,120,193,-73
124000044,57,181,-124
124000045,1064,428,636
124000046,323,522,-199
124000047,2337,750,1587
124000048,1069,638,431
124000049,2302,581,1721
124000050,889,998,-109
124000051,1268,654,614
124000052,540,585,-45
124000053,609,1987,-1378
124000054,729,406,323
124000055,1307,3357,-2050
124000056,1441,1055,386
124000057,1243,638,605
124000058,464,797,-333
124000059,708,1387,-679
124000060,779,533,246
124000061,1334,6406,-5072
124000062,2152,1518,634
124000063,1026,1319,-293
124000064,1722,955,767
124000065,25,533,-508
124000066,155,218,-63
124000067,249,133,116
124000068,79,128,-49
124000069,624,96,528
124000070,273,311,-38
124000071,862,123,739
124000072,377,305,72
124000073,1223,165,1058
124000074,191,506,-315
124000075,491,53,438
124000076,21,83,-62
124000077,1126,936,190
124000078,2749,1094,1655
124000079,249,1226,-977
124000080,719,230,489
124000081,223,378,-155
124000082,46,170,-124
124000083,57,82,-25
124000084,91,593,-502
124000085,112,51,61
124000086,45,142,-97
124000087,138,119,19
124000088,210,570,-360
124000089,1002,293,709
124000090,100,234,-134
124000091,562,134,428
124000092,130,552,-422
124000093,111,134,-23
124000094,190,573,-383
124000095,116,86,30
124000096,138,246,-108
124000097,99,111,-12
124000098,50,66,-16
124000099,369,150,219
124000100,96,134,-38
124000101,114,113,1
124000102,58,45,13
124000103,166,127,39
124000104,91,36,55
124000105,141,103,38
124000106,123,21,102
124000107,36,192,-156
124000108,40,19,21
124000109,118,102,16
124000110,122,63,59
124000111,218,170,48
124000112,817,472,345
124000113,117,78,39
124000114,323,263,60
124000115,351,465,-114
124000116,89,153,-64
124000117,47,92,-45
124000118,39,106,-67
124000119,939,464,475
124000120,564,444,120
124000121,1223,700,523
124000122,489,1239,-750
124000123,1058,560,498
124000124,387,855,-468
124000125,439,491,-52
124000126,269,473,-204
124000127,1024,327,697
124000128,570,703,-133
124000129,2465,1543,922
124000130,713,496,217
124000131,882,619,263
124000132,681,617,64
124000133,989,893,96
124000134,796,498,298
124000135,1760,2206,-446
124000136,734,882,-148
124000137,1086,1135,-49
124000138,1549,1174,375
124000139,521,22,499
124000140,23,315,-292
124000141,130,9,121
124000142,20,169,-149
124000143,64,20,44
124000144,24,42,-18
124000145,141,56,85
124000146,25,35,-10
124000148,29,128,-99
124000149,1413,443,970
124000150,322,517,-195
124000151,1226,551,675
124000152,683,912,-229
124000153,1199,1325,-126
124000154,469,870,-401
124000155,1397,1096,301
124000156,1144,1134,10
124000169,209,456,-247
124000170,380,377,3
124000171,359,219,140
124000172,414,360,54
124000173,548,170,378
124000174,374,429,-55
124000175,1,95,-94
124000176,67,44,23
124000177,7,29,-22
124000178,43,70,-27
124000190,43,77,-34
124000191,59,180,-121
124000192,1358,447,911
124000193,319,821,-502
124000194,313,331,-18
124000195,373,607,-234
124000196,865,762,103
124000197,47,41,6
124000198,73,57,16
124000201,264,520,-256
124000202,703,308,395
124000203,668,282,386
124000204,1290,212,1078
124000205,152,253,-101
124000206,983,249,734
124000207,0,23,-23
124000209,183,259,-76
124000210,615,182,433
124000211,812,5,807
124000212,0,197,-197
124000213,803,190,613
124000214,557,318,239
124000215,623,41,582
124000216,1,207,-206
124000329,113,923,-810
124000338,100,431,-331
124000339,1378,96,1282
124000341,1894,79,1815
124000344,77,29,48
124000357,1371,2723,-1352
124000358,1071,1665,-594
124000359,1460,654,806
124000360,1215,435,780
124000361,2396,994,1402
124000362,839,1145,-306
124000363,225,256,-31
124000364,445,492,-47
124000365,505,812,-307
124000366,1068,724,344
124000367,98,317,-219
124000368,473,596,-123
124000369,141,91,50
124000370,52,524,-472
124000402,17,15,2
124000403,181,31,150
124000404,13,65,-52
124000405,1044,820,224
124000406,649,640,9
124000407,0,28,-28
124000411,8,168,-160
124000412,510,13,497
124000413,158,26,132
124000414,101,97,4
124000415,56,62,-6
124000416,141,159,-18
124000417,205,92,113
124000418,231,93,138
124000419,109,132,-23
124000420,124,58,66
124000421,57,106,-49
124000422,21,11,10
124000423,133,33,100
124000424,5,42,-37
124000425,57,18,39
124000426,21,36,-15
124000427,38,9,29
124000428,7,53,-46
124000429,111,52,59
124000430,958,433,525
124000431,392,396,-4
124000432,317,451,-134
124000439,11,6,5
124000443,0,6,-6
124000445,171,1210,-1039
124000446,732,152,580
124900001,742,495,247
124900002,223,200,23
124900003,1278,553,725
124900004,863,303,560
124900005,186,98,88
124900006,924,291,633
124900008,1244,646,598
124900009,246,508,-262
124900010,280,214,66
124900011,900,497,403
124900012,502,93,409
124900013,699,165,534
124900014,480,67,413
124900015,155,456,-301
124900016,80,137,-57
124900017,491,2460,-1969
124900018,120,10,110
124900020,99,65,34
124900021,365,39,326
124900022,65,20,45
124900024,358,17,341
124900026,239,50,189
124900027,156,643,-487
124900028,352,82,270
124900029,32,556,-524
124900030,4,81,-77
124900031,37,206,-169
124900032,278,315,-37
124900033,125,229,-104
124900034,30,295,-265
124900035,163,318,-155
124900036,1,46,-45
124900037,216,208,8
124900038,281,223,58
124900039,0,115,-115
124900040,129,84,45
124900041,231,576,-345
124900042,111,4,107
124900043,482,564,-82
124900044,106,4,102
124900045,655,1046,-391
124900046,680,245,435
124900047,132,155,-23
124900048,204,77,127
124900050,158,153,5
124900052,127,280,-153
124900053,191,289,-98
124900054,918,510,408
124900055,1,129,-128
124900057,5,52,-47
124900060,74,184,-110
124900061,135,6,129
124900062,221,11,210
124900066,0,12,-12
124900067,5,85,-80
124900068,258,700,-442
124900070,44,25,19
124900072,185,54,131
124900074,182,48,134
124900075,344,225,119
124900076,25,1474,-1449
124900077,31,139,-108
124900078,44,16,28
124900079,352,200,152
124900080,304,358,-54
124900081,1161,320,841
124900082,339,518,-179
124900083,303,342,-39
124900084,1081,157,924
124900085,645,689,-44
124900086,88,1633,-1545
124900087,411,122,289
124900088,397,103,294
124900089,799,30,769
124900090,543,215,328
124900091,329,228,101
124900092,221,163,58
124900093,439,175,264
124900094,566,205,361
124900095,109,596,-487
124900096,468,287,181
124900097,439,66,373
124900098,136,272,-136
124900099,360,512,-152
124900100,402,64,338
124900101,58,348,-290
124900102,282,23,259
124900103,162,105,57
124900104,70,110,-40
124900105,86,103,-17
124900106,438,46,392
124900107,130,27,103
124900108,129,92,37
124900109,26,55,-29
124900110,114,98,16
124900111,6,116,-110
124900112,68,266,-198
124900113,86,300,-214
124900114,124,111,13
124900115,65,39,26
124900116,267,261,6
124900117,229,165,64
124900118,242,440,-198
124900119,557,247,310
124900120,49,226,-177
124900121,99,489,-390
124900122,165,143,22
124900123,254,134,120
124900124,124,301,-177
129000186,123,70,53
204000001,91,3,88
204000002,11,5,6
204000003,19,4,15
204000004,11,4,7
204000005,585,378,207
204000006,1177,986,191
204000011,9,22,-13
204000012,44,66,-22
204000019,782,399,383
204000020,742,639,103
204000021,1788,883,905
204000022,628,440,188
204000023,519,549,-30
204000031,79,21,58
204000032,402,38,364
204000034,12,117,-105
204000035,1,9,-8
204000036,5,23,-18
204000037,0,17,-17
204000038,1,23,-22
204000039,26,52,-26
204000040,8,16,-8
204000041,12,18,-6
204000042,53,21,32
204000043,57,5,52
204000044,59,4,55
204000045,70,9,61
204000046,22,6,16
204000057,6,16,-10
204000062,32,32,0
204000068,19,212,-193
204000069,82,354,-272
204000070,89,163,-74
204000080,52,48,4
204000085,1695,1105,590
204000086,1766,1446,320
204000087,50,9,41
204000088,6,103,-97
204000090,26,213,-187
204000093,544,59,485
204000096,1191,858,333
204000097,615,11,604
204000099,1167,1544,-377
204000100,1573,1659,-86
204000105,1533,986,547
204000110,657,1173,-516
204000111,492,576,-84
204000112,920,1625,-705
204000113,311,978,-667
204000114,811,755,56
204000115,663,291,372
204000116,1330,1145,185
204000119,2091,2096,-5
204000132,692,451,241
204000133,926,248,678
204000134,427,114,313
204000135,767,146,621
204000136,666,241,425
204000138,346,694,-348
204000140,236,127,109
204000141,160,63,97
204000144,10,33,-23
204000145,581,91,490
204000146,16,250,-234
204000147,21,110,-89
204000148,677,28,649
204000154,8,0,8
204000155,5,12,-7
204000177,76,50,26
204000179,87,6,81
204000180,0,24,-24
204000222,7,14,-7
204000235,28,23,5
204000236,57,120,-63
204000238,16,18,-2
204000240,429,82,347
204000263,541,650,-109
204000268,848,469,379
204000308,156,10,146
204000317,10,86,-76
204000322,10,67,-57
204000323,4,3,1
204000328,205,55,150
204000329,62,132,-70
204000330,171,12,159
204000331,11,77,-66
204010341,17,158,-141
205000001,650,1176,-526
205000013,8,53,-45
205000014,22,71,-49
205000015,25,124,-99
205000016,27,103,-76
205000017,20,59,-39
205000022,249,651,-402
205000025,972,749,223
205000029,265,10,255
205000045,131,726,-595
205000046,129,472,-343
205000047,108,613,-505
205000048,324,624,-300
205000049,177,541,-364
205000050,876,254,622
205000059,0,149,-149
205000060,2,84,-82
205000061,4,104,-100
205000062,1,106,-105
205000063,34,136,-102
205000064,24,51,-27
205000065,43,398,-355
205000066,81,387,-306
205000067,27,546,-519
205000069,215,13,202
205000082,156,192,-36
205000110,55,184,-129
205000111,215,166,49
205000112,175,168,7
205000113,210,383,-173
205000121,296,61,235
205000123,41,192,-151
205000126,433,68,365
205000127,856,115,741
205000128,381,51,330
205000129,671,52,619
205000130,107,24,83
205000131,49,3,46
205000132,91,2,89
205000133,83,1,82
205000134,256,0,256
205000137,61,162,-101
205000138,143,389,-246
205000139,30,128,-98
205000144,109,56,53
205000145,438,150,288
205000151,149,28,121
205000152,187,18,169
205000153,225,19,206
205000154,132,42,90
205000155,88,8,80
205000207,6,126,-120
205000233,14,2,12
205000234,0,0,0
205000243,0,0,0
205000244,0,1,-1
205000245,8,122,-114
205000249,1,13,-12
205000250,3,2,1
205000264,8,78,-70
206000027,11,5,6
206000028,2,0,2
206000043,3,28,-25
206000053,2,14,-12
206000054,0,26,-26
206000055,0,15,-15
206000075,12,22,-10
206000076,29,10,19
206000077,24,6,18
206000078,24,11,13
206000079,26,6,20
206000082,421,63,358
206000100,14,322,-308
206000103,2,5,-3
206000104,16,17,-1
206000105,12,13,-1
206000106,4,16,-12
206000108,648,43,605
206000125,75,0,75
206000157,28,488,-460
206000170,1,97,-96
206000171,1,153,-152
206000172,6,173,-167
206000173,1,100,-99
206000174,16,47,-31
206000175,2,63,-61
206000176,10,82,-72
206000177,0,65,-65
206000178,0,101,-101
206000179,2,57,-55
206000180,8,75,-67
206000181,24,50,-26
206000182,5,52,-47
206000183,13,154,-141
206000184,6,145,-139
206000185,6,57,-51
206000186,78,333,-255
206000223,6,119,-113
206000226,22,4,18
206000227,38,1,37
206000237,42,143,-101
206000238,10,262,-252
206000239,138,985,-847
206000240,0,46,-46
206000241,0,46,-46
206000242,12,102,-90
206000243,4,60,-56
206000244,35,211,-176
206000245,1522,55,1467
206000246,465,10,455
206000247,485,6,479
206000248,615,20,595
206000252,76,40,36
206000258,32,37,-5
206000315,24,3,21
206000317,970,111,859
206000318,946,78,868
206000319,2869,89,2780
206000320,427,36,391
206000321,471,23,448
206000322,764,14,750
206000323,223,3,220
206000324,289,13,276
206000325,214,9,205
206000326,219,23,196
206000327,121,4,117
206000328,312,7,305
206000329,411,14,397
206000330,102,9,93
206000331,300,6,294
206000332,109,4,105
206000333,1063,7,1056
206000334,445,5,440
206000335,0,18,-18
206000361,3,136,-133
206000392,3,24,-21
206000405,228,5,223
206000441,36,25,11
206000498,92,27,65
206000515,68,38,30
206000530,512,57,455
206000531,297,366,-69
206000532,1934,483,1451
206000535,93,1405,-1312
206000536,12,59,-47
206000537,17,105,-88
206000613,2117,209,1908
207000001,96,651,-555
207000002,106,341,-235
207000003,121,109,12
207000007,1473,225,1248
207000008,184,3,181
207000009,80,63,17
207000010,237,207,30
207000012,496,169,327
207000015,228,617,-389
207000019,217,64,153
207000021,553,209,344
207000022,207,141,66
207000023,282,49,233
207000024,4,12,-8
207000025,30,66,-36
207000026,89,47,42
207000027,14,65,-51
207000028,58,139,-81
207000029,158,327,-169
207000033,207,488,-281
207000034,306,133,173
207000039,683,74,609
207000040,669,50,619
207000041,186,24,162
207000042,364,37,327
207000043,254,176,78
207000051,89,156,-67
207000052,22,110,-88
207000053,389,436,-47
207000054,40,75,-35
207000055,180,78,102
207000056,344,236,108
207000057,121,314,-193
207000058,142,205,-63
207000059,89,271,-182
207000060,75,164,-89
207000061,199,864,-665
207000062,467,36,431
207000063,519,58,461
207000064,470,70,400
207000065,439,219,220
207000066,229,122,107
207000067,58,48,10
207000068,130,36,94
207000069,864,254,610
207000082,6,128,-122
207000083,81,176,-95
207000084,355,230,125
207000085,267,29,238
207000086,285,4,281
207000106,49,21,28
207000107,118,23,95
207000108,73,13,60
207000109,60,5,55
207000110,75,86,-11
207000111,139,113,26
207000112,132,668,-536
207000114,22,24,-2
207000115,29,44,-15
207000116,14,262,-248
207000117,5,65,-60
207000118,2,27,-25
207000119,25,56,-31
207000123,159,22,137
207000124,109,23,86
207000125,104,41,63
207000126,97,52,45
207000134,131,68,63
207000135,52,128,-76
207000148,113,306,-193
207000149,53,26,27
207000152,102,353,-251
207000153,579,1165,-586
207000154,325,168,157
207000159,100,108,-8
207000160,100,214,-114
207000238,1,150,-149
207000242,7,108,-101
207000248,43,50,-7
207000249,108,18,90
207000250,425,69,356
207000251,90,64,26
207000252,97,46,51
207000278,133,89,44
207000279,18,81,-63
207000280,818,54,764
207000281,94,422,-328
207000282,138,152,-14
207000283,57,204,-147
207000284,47,450,-403
207000285,76,88,-12
207000291,14,97,-83
207000304,95,41,54
207000306,73,273,-200
207000310,150,81,69
207000353,228,1,227
207000356,9,55,-46
207000357,19,43,-24
207000358,10,21,-11
207000415,1,94,-93
207000417,48,2,46
207000418,146,110,36
207000438,0,4,-4
207000439,614,795,-181
207000446,208,3,205
207000460,72,11,61
207000466,127,99,28
207000467,389,54,335
207000468,49,166,-117
207000476,6,34,-28
207000477,770,32,738
207000478,3,74,-71
207000523,1,17,-16
207000524,39,1,38
207000527,173,147,26
207000530,593,7,586
207000531,349,10,339
207000532,109,40,69
207000534,243,57,186
207000535,32,224,-192
207000537,14,58,-44
207000540,5,100,-95
207000541,3,201,-198
207000548,15,131,-116
207000549,390,14,376
207000561,168,247,-79
207000562,33,124,-91
207000567,141,184,-43
207000568,268,46,222
207000569,619,343,276
207000584,203,171,32
207000585,44,314,-270
207000616,0,79,-79
207000617,230,0,230
207900008,350,58,292
208000001,693,1149,-456
208000002,671,544,127
208000003,1198,347,851
208000004,1003,798,205
208000005,5,17,-12
208000019,741,798,-57
208000020,201,407,-206
208000021,282,291,-9
208000022,1070,413,657
208000028,987,1618,-631
208000033,578,536,42
208000034,943,1182,-239
208000037,241,15,226
208000040,128,121,7
208000041,722,540,182
208000042,903,525,378
208000047,156,143,13
208000064,2288,1253,1035
208000066,1552,2599,-1047
208000070,430,385,45
208000071,550,524,26
208000072,535,847,-312
208000080,284,403,-119
208000081,357,131,226
208000082,328,162,166
208000083,165,222,-57
208000084,7,11,-4
208000085,755,659,96
208000086,464,965,-501
208000087,440,616,-176
208000089,1166,283,883
208000090,988,427,561
208000093,120,114,6
208000094,498,313,185
208000095,634,439,195
208000104,1205,670,535
208000105,740,824,-84
208000114,96,365,-269
208000115,489,255,234
208000116,698,989,-291
208000117,156,115,41
208000118,168,179,-11
208000155,768,1049,-281
208000158,1316,3516,-2200
208000186,2368,3580,-1212
208000204,701,958,-257
208000205,1260,732,528
208000282,3519,2859,660
209000004,537,151,386
209000005,53,47,6
209000006,450,194,256
209000007,254,284,-30
209000010,318,123,195
209000011,144,225,-81
209000012,126,109,17
209000013,197,141,56
209000014,367,565,-198
209000025,459,75,384
209000026,846,108,738
209000027,342,473,-131
209000028,311,424,-113
209000029,371,489,-118
209000030,361,840,-479
209000031,1808,1357,451
209000034,239,293,-54
209000035,139,174,-35
209000036,287,96,191
209000037,402,178,224
209000038,176,118,58
209000039,88,104,-16
209000040,263,469,-206
209000041,198,414,-216
209000042,326,298,28
209000043,624,684,-60
209000044,272,792,-520
209000045,1023,315,708
209000046,520,342,178
209000047,375,142,233
209000048,616,301,315
209000049,74,76,-2
209000050,196,107,89
209000051,222,168,54
209000052,128,164,-36
209000062,57,36,21
209000063,55,39,16
209000064,34,42,-8
209000065,142,29,113
209000066,112,17,95
209000067,136,16,120
209000080,49,165,-116
209000082,87,26,61
209000091,30,81,-51
209000093,56,17,39
209000094,62,187,-125
209000110,40,122,-82
209000111,534,1737,-1203
209000112,1330,457,873
209000113,1925,446,1479
209000114,1048,452,596
209000115,50,92,-42
209000116,373,241,132
209000118,18,46,-28
209000119,19,11,8
209000121,96,300,-204
209000135,55,184,-129
209000142,818,1965,-1147
209000143,44,52,-8
209000144,59,106,-47
209000229,254,130,124
209000240,31,133,-102
209000259,46,56,-10
209000260,32,802,-770
209000261,2,321,-319
209000262,2,207,-205
209000263,0,165,-165
209000264,0,289,-289
209000265,308,0,308
209000266,134,0,134
209000267,1018,10,1008
209000268,585,67,518
210000037,80,20,60
210000047,82,11,71
210000048,136,19,117
210000049,70,3,67
210000052,74,42,32
210000053,32,27,5
210000054,49,45,4
210000070,180,3,177
210000071,87,0,87
210000072,20,0,20
210000073,0,21,-21
210000074,0,70,-70
210000075,2,92,-90
210000076,9,129,-120
210000077,7,51,-44
210000078,23,51,-28
210000079,24,11,13
210000080,44,67,-23
210000081,158,28,130
210000082,143,4,139
210000083,87,1,86
210000084,35,0,35
210000085,0,57,-57
210000086,1,105,-104
210000099,58,178,-120
210000100,45,161,-116
210000101,67,132,-65
210000105,37,185,-148
210000159,0,184,-184
210000163,83,188,-105
210000164,321,269,52
210000168,108,42,66
210000187,0,18,-18
210000188,0,10,-10
210000214,26,1,25
210000219,68,56,12
210000220,120,25,95
210000232,7,14,-7
210000233,38,27,11
210000234,26,107,-81
210000235,94,43,51
210000245,0,41,-41
210000246,64,23,41
210000258,8,88,-80
210000259,331,70,261
210000282,58,181,-123
210000285,6,135,-129
210000286,24,138,-114
210000290,5,5,0
210000295,62,111,-49
210000296,32,36,-4
210000320,204,55,149
210000321,169,46,123
210000338,46,50,-4
210000339,195,1143,-948
210000340,106,402,-296
210000341,241,276,-35
210000342,257,190,67
210000343,188,184,4
210000344,160,102,58
210000345,168,252,-84
210000346,56,121,-65
210000347,37,56,-19
210000348,137,34,103
210000349,53,34,19
210000350,176,58,118
210000351,203,93,110
210000352,75,45,30
210000353,52,38,14
210000354,70,50,20
210000355,25,41,-16
210000356,20,46,-26
210000357,34,51,-17
210000358,150,154,-4
210000359,59,92,-33
210000360,178,102,76
210000361,172,100,72
210000362,263,174,89
210000363,465,225,240
210000364,121,158,-37
210000365,125,75,50
210000366,107,52,55
210000367,92,19,73
210000368,137,44,93
210000369,16,24,-8
210000370,51,28,23
210000372,20,12,8
210000373,15,17,-2
210000374,79,34,45
210000375,46,38,8
210000376,52,66,-14
210000404,54,117,-63
210000439,43,22,21
210000472,76,2,74
210000482,89,150,-61
210000564,186,247,-61
210000567,0,41,-41
210000568,273,2,271
211000092,53,84,-31
211000094,39,9,30
211000169,217,27,190
211000172,11,155,-144
211000209,1,32,-31
211000226,14,20,-6
211000270,19,17,2
211000275,28,5,23
211000276,80,22,58
211000279,34,16,18
211000281,119,45,74
211507980,2,64,-62
211977296,47,11,36
212000003,138,32,106
212000004,17,35,-18
212000005,7,22,-15
212000006,39,42,-3
212000008,175,114,61
212000009,45,81,-36
212000012,105,53,52
212000013,44,32,12
212000014,246,136,110
212000015,284,177,107
212000016,504,457,47
212000027,659,307,352
212000028,446,305,141
212000029,294,167,127
212000030,49,23,26
212000031,62,29,33
212000048,32,199,-167
212000049,10,137,-127
212000050,24,11,13
212000051,237,129,108
212000052,211,184,27
212000053,368,356,12
212000054,435,61,374
212000055,379,102,277
212000056,18,16,2
212000057,8,25,-17
212000058,158,32,126
212000070,117,133,-16
212000077,150,466,-316
212000099,304,163,141
212000108,209,122,87
212000111,311,43,268
212000120,111,33,78
212000138,160,31,129
212000156,7,110,-103
212000158,12,22,-10
212000159,599,49,550
212000160,1021,178,843
212000161,82,5,77
212000310,61,14,47
212000311,30,23,7
212000374,36,20,16
213000001,47,298,-251
213000005,529,150,379
213000006,931,306,625
213000007,88,9,79
213000009,482,461,21
213000010,240,264,-24
213000011,208,86,122
213000012,202,238,-36
213000014,100,19,81
213000015,299,8,291
213000016,520,5,515
213000017,106,1,105
213000018,1,69,-68
213000019,2,82,-80
213000020,150,244,-94
213000021,3,89,-86
213000023,477,190,287
213000033,419,1552,-1133
213000034,642,207,435
213000035,137,242,-105
213000045,192,247,-55
213000046,226,154,72
213000047,422,1205,-783
213000056,109,27,82
213000069,83,6,77
213000073,6,55,-49
213000074,65,329,-264
213000075,564,6,558
213000076,34,5,29
213000085,14,32,-18
213000086,18,138,-120
213000091,314,18,296
213000092,73,11,62
213000099,164,1106,-942
213000100,1115,230,885
213000101,587,93,494
213000102,514,150,364
213000103,903,624,279
213000104,52,275,-223
213000105,6,231,-225
213000106,64,111,-47
213000107,180,265,-85
213000108,32,284,-252
213000109,17,154,-137
213000110,15,64,-49
213000111,4,49,-45
213000112,119,130,-11
213000115,69,16,53
213000116,77,249,-172
213000117,7,336,-329
213000118,649,255,394
213000119,61,461,-400
213000120,93,283,-190
213000122,110,359,-249
213000123,262,829,-567
213000124,167,1169,-1002
213000125,152,37,115
213000126,50,116,-66
213000127,85,242,-157
213000128,240,1066,-826
213000129,371,872,-501
213000130,846,368,478
213000132,693,85,608
213000133,827,79,748
213000134,989,12,977
213000136,548,25,523
213000137,687,51,636
213000139,166,25,141
213000147,43,5,38
213000148,18,9,9
213000149,32,7,25
213000150,1,174,-173
213000151,1,176,-175
213000152,0,136,-136
213000153,2,148,-146
213000154,47,462,-415
213000155,70,183,-113
213000156,157,318,-161
213000157,904,323,581
213000158,483,790,-307
213000159,764,362,402
213000163,1421,129,1292
213000165,984,291,693
213000171,1,27,-26
213000172,5,145,-140
213000173,0,115,-115
213000174,5,69,-64
213000175,9,25,-16
213000176,79,25,54
213000177,105,3,102
213000178,254,4,250
213000179,315,1,314
213000180,262,1,261
213000184,116,330,-214
213000188,420,93,327
213000189,510,50,460
213000190,816,662,154
213000191,498,273,225
213000192,292,227,65
213000193,538,274,264
213000194,0,117,-117
213000195,35,347,-312
213000196,334,1170,-836
213000197,529,522,7
213000198,29,3,26
213000200,142,588,-446
213000201,42,70,-28
213000202,18,390,-372
213000203,2406,565,1841
213000204,838,60,778
213000205,427,75,352
213000206,443,37,406
213000207,143,12,131
213000208,89,4,85
213000209,150,2,148
213000210,264,7,257
213000211,1,25,-24
213000212,10,32,-22
213000213,25,86,-61
213000218,247,336,-89
213000219,574,17,557
213000220,498,9,489
213000223,167,233,-66
213000224,29,41,-12
213000225,84,19,65
213000226,78,14,64
213000227,1059,143,916
213000228,626,78,548
213000229,112,19,93
213000230,348,22,326
213000232,61,843,-782
213000233,11,735,-724
213000234,2,89,-87
213000293,17,119,-102
213000294,114,20,94
213000295,17,114,-97
213000296,53,22,31
213000297,12,62,-50
213000298,22,75,-53
213000299,57,15,42
213000300,7,2,5
213000303,2,24,-22
213000304,3,18,-15
213000305,3,25,-22
213000306,43,61,-18
213000307,84,50,34
213000308,79,142,-63
213000309,163,51,112
213000310,587,166,421
213000311,207,648,-441
213000315,83,79,4
213000316,145,63,82
213000322,136,90,46
213000323,140,52,88
213000324,113,27,86
213000325,75,39,36
213000326,49,21,28
213000327,89,31,58
213000328,63,160,-97
213000329,94,22,72
213000340,167,309,-142
213000341,703,80,623
213000346,187,339,-152
213000347,540,580,-40
213000348,11,175,-164
213000349,29,11,18
213000350,302,653,-351
213000366,65,208,-143
213000367,243,13,230
213000379,45,86,-41
213000386,3,257,-254
213000406,149,361,-212
213000417,1407,448,959
213000425,273,44,229
213000426,243,55,188
213000427,65,112,-47
213000428,51,98,-47
213000429,11,5,6
213000430,120,371,-251
213000431,30,6,24
213000432,6,33,-27
213000433,35,102,-67
213000434,137,99,38
213000435,184,71,113
213000436,52,54,-2
213000437,2,9,-7
213000438,161,50,111
213000439,81,23,58
213000440,19,305,-286
213000441,7,2,5
213000442,5,28,-23
213000443,329,247,82
213000444,64,29,35
213000445,0,61,-61
213000446,2,26,-24
213000447,6,45,-39
213000448,9,131,-122
213000449,709,11,698
213000450,31,24,7
213000451,344,67,277
213000452,22,10,12
213000453,41,254,-213
213000455,230,3,227
213000456,0,366,-366
213000481,3,4,-1
213000482,21,2,19
213000489,245,54,191
213000491,5,191,-186
213000492,161,22,139
213000493,0,117,-117
213000494,290,98,192
213000495,0,30,-30
213000496,535,154,381
213000497,41,223,-182
213000498,214,98,116
213000499,213,226,-13
213000500,718,56,662
213000501,168,34,134
213000502,165,155,10
213000503,3,51,-48
213000504,19,40,-21
213000505,12,2,10
213000506,0,13,-13
213000507,0,88,-88
213900016,0,6,-6
213900244,73,0,73
213900245,1,13,-12
218000003,48,24,24
218000004,25,23,2
218000005,37,50,-13
218000006,59,36,23
218000007,40,24,16
218000012,89,109,-20
218000013,134,150,-16
218000014,352,319,33
218000019,538,499,39
218000020,238,317,-79
218000021,28,29,-1
218000022,17,19,-2
218000023,2,15,-13
218000024,2,7,-5
218000025,9,9,0
218000026,7,21,-14
218000027,1,6,-5
218000028,4,2,2
218000029,5,3,2
218000030,26,8,18
218000031,27,7,20
218000032,1,43,-42
218000040,6,4,2
218000046,56,64,-8
218000047,9,69,-60
218000048,66,42,24
218000049,91,62,29
218000050,332,110,222
218000051,80,143,-63
218000052,2,55,-53
218000053,1,7,-6
218000054,1,93,-92
218000055,6,40,-34
218000056,6,37,-31
218000057,1,12,-11
218000064,2,6,-4
218000065,61,36,25
218000066,16,38,-22
218000067,66,55,11
218000068,145,82,63
218000069,306,76,230
218000070,250,170,80
218000071,154,125,29
218000072,240,193,47
218000078,788,390,398
218000079,207,62,145
218000080,187,51,136
218000081,609,188,421
218000082,84,71,13
218000083,83,63,20
218000084,153,89,64
218000085,181,234,-53
218000086,85,96,-11
218000087,191,84,107
218000090,21,105,-84
218000091,1156,457,699
218000092,117,117,0
218000093,115,57,58
218000094,411,484,-73
218000099,297,650,-353
218000100,290,269,21
218000101,348,131,217
218000102,440,158,282
218000103,107,91,16
218000104,90,34,56
218000105,17,27,-10
218000106,4,8,-4
218000107,72,23,49
218000108,4,27,-23
218000112,40,36,4
218000117,63,61,2
218000134,456,323,133
218000135,12,80,-68
218000136,165,121,44
218000137,142,106,36
218000138,59,95,-36
218000139,173,223,-50
218000140,549,221,328
218000141,103,54,49
218000142,249,134,115
218000143,87,379,-292
218000144,32,128,-96
218000145,471,308,163
218000146,118,163,-45
218000151,8,12,-4
218000152,89,49,40
218000153,6,5,1
218000154,12,1,11
218000155,40,2,38
218000156,102,14,88
218000157,46,20,26
218000158,16,17,-1
218000159,1,5,-4
218000160,6,5,1
218000161,38,3,35
218000162,37,4,33
218000163,17,0,17
218000164,73,3,70
218000165,89,27,62
218000170,4,30,-26
218000171,41,7,34
218000172,7,8,-1
218000173,24,11,13
218000174,10,10,0
218000176,202,29,173
218000177,287,175,112
218000178,71,222,-151
218000179,56,50,6
218000180,76,24,52
218000181,167,40,127
218000187,8,35,-27
218000188,14,39,-25
218000189,35,70,-35
218000190,27,18,9
218000191,205,37,168
218000192,258,128,130
218000193,408,253,155
218000194,107,220,-113
218000195,170,43,127
218000196,402,200,202
218000197,560,216,344
218000198,25,70,-45
218000199,63,23,40
218000200,72,35,37
218000201,30,12,18
218000202,52,297,-245
218000207,3,11,-8
218000208,41,21,20
218000211,23,40,-17
218000212,1,13,-12
218000213,77,95,-18
218000214,6,28,-22
218000215,28,41,-13
218000217,2,42,-40
218000218,214,50,164
218000219,10,22,-12
218000220,34,335,-301
218000221,503,193,310
218000222,1,33,-32
218000223,37,420,-383
218000224,12,191,-179
218000225,151,19,132
218000226,169,55,114
218000230,2,8,-6
218000232,32,23,9
218000239,112,30,82
218000240,6,1,5
218000241,36,2,34
218000242,12,10,2
218000243,32,4,28
218000244,33,13,20
218000245,16,3,13
218000246,0,1,-1
218000247,1,0,1
218000248,0,25,-25
218000249,3,3,0
218000250,1,4,-3
218000251,6,69,-63
218000252,2,527,-525
218000253,7,365,-358
218000254,1,133,-132
218000255,3,51,-48
218000256,17,109,-92
218000267,366,833,-467
218000268,12,25,-13
218000269,7,8,-1
218000270,135,23,112
218000271,15,31,-16
218000273,32,4,28
218000274,19,3,16
218000275,29,43,-14
218000276,17,22,-5
218000278,18,25,-7
218000279,126,33,93
218000280,17,21,-4
218000281,13,26,-13
218000282,530,658,-128
218000284,75,2,73
218000301,107,104,3
218000302,117,37,80
218000303,32,67,-35
218000316,920,576,344
218000317,1567,537,1030
218000318,1153,442,711
218000319,1089,610,479
218000320,871,422,449
218000338,25,21,4
218000345,73,82,-9
218000346,32,160,-128
218000459,25,124,-99
218000490,21,49,-28
218000501,126,20,106
218000502,55,26,29
218000503,113,17,96
218000504,134,25,109
218000505,34,82,-48
218000506,23,152,-129
218000508,0,4,-4
218000510,126,13,113
218000520,110,102,8
218000521,9,42,-33
218000522,1,107,-106
218000523,137,2,135
218000524,18,336,-318
218000525,98,31,67
218000526,20,202,-182
218000529,36,80,-44
218000530,6,0,6
218000531,13,22,-9
218000532,20,13,7
218000534,207,18,189
218000537,28,59,-31
218000538,111,437,-326
218000540,197,106,91
218000543,147,56,91
218000544,24,43,-19
218000545,77,52,25
218000546,40,57,-17
218000547,110,145,-35
218000548,121,98,23
218000549,557,473,84
218000550,153,137,16
218000551,80,778,-698
218000552,267,45,222
218000553,42,116,-74
218000554,46,39,7
218000555,39,51,-12
218000556,206,130,76
218000557,452,87,365
218000558,51,0,51
218000559,0,34,-34
218000560,0,41,-41
218000561,15,0,15
218000562,24,184,-160
218000563,211,38,173
218000564,9,109,-100
218000565,103,69,34
218000566,124,55,69
218000567,3,95,-92
218000568,54,4,50
218000569,11,271,-260
218000570,98,23,75
218000571,0,109,-109
218000572,100,4,96
218000573,6,226,-220
218000574,40,37,3
218000575,93,0,93
218000576,0,91,-91
218000577,97,1,96
218000578,0,93,-93
218000579,37,25,12
218000581,4,38,-34
218000582,84,2,82
218000583,21,1,20
218000584,1,19,-18
218000585,39,10,29
218000586,12,54,-42
218000587,1,2,-1
218000588,2,2,0
218000589,0,13,-13
218000590,1,5,-4
218000591,1,4,-3
218000592,7,5,2
218000593,0,0,0
218000594,1,3,-2
218000595,0,0,0
218000596,0,0,0
218000597,0,1,-1
218000598,0,0,0
218000599,1,3,-2
218000600,0,0,0
218000601,0,7,-7
218000602,1,2,-1
218000603,0,5,-5
218000604,3,0,3
218000605,1,42,-41
218000606,84,2,82
218000607,12,26,-14
218000608,66,13,53
218000609,25,39,-14
218000610,76,4,72
218000611,26,2,24
218000612,5,22,-17
218000613,52,1,51
218000614,0,43,-43
218000615,171,2,169
218000616,9,140,-131
218000617,20,0,20
218000618,1,39,-38
218000619,89,16,73
218000620,41,26,15
218000621,2,2,0
218000622,1,36,-35
218000623,37,2,35
218000624,2,11,-9
218000625,5,3,2
218000626,0,8,-8
218000628,210,60,150
218000631,45,22,23
218000632,1,117,-116
218000633,119,4,115
218000634,17,24,-7
218000635,10,15,-5
218000636,734,549,185
218000637,1154,338,816
218000638,347,30,317
218000639,19,72,-53
218000640,461,21,440
218000641,84,177,-93
218000652,40,33,7
218000653,209,48,161
218000663,5,80,-75
218000675,52,48,4
218000676,8,10,-2
218000677,18,5,13
218000680,180,236,-56
218000681,450,120,330
218000691,211,127,84
218000693,345,92,253
218000703,3,16,-13
218000718,111,866,-755
218000719,259,586,-327
218000720,20,506,-486
218000721,142,22,120
218000725,12,6,6
218001214,10,165,-155
218001258,129,2,127
218001329,91,74,17
218001330,58,42,16
218001351,28,10,18
218001352,14,23,-9
218001353,7,5,2
218001354,9,22,-13
218001356,569,27,542
218001358,305,4,301
218001361,379,11,368
219000001,48,47,1
219000002,31,38,-7
219000003,61,37,24
219000004,27,42,-15
219000017,64,29,35
219000020,179,37,142
219000022,118,7,111
219000023,176,3,173
219000029,0,34,-34
219000034,24,29,-5
219000039,82,146,-64
219000040,77,95,-18
219000041,128,14,114
219000051,0,28,-28
219000052,0,27,-27
219000053,0,84,-84
219000054,33,68,-35
219000055,267,8,259
219000056,10,2,8
219000057,60,3,57
219000062,9,32,-23
219000063,129,4,125
219000064,1,45,-44
219000110,364,60,304
219000111,81,33,48
219000112,186,54,132
219000113,171,57,114
219000114,129,133,-4
219000116,110,33,77
219000117,114,43,71
219000118,226,43,183
219000123,140,49,91
219000124,69,56,13
219000125,9,10,-1
219000126,39,100,-61
219000127,0,8,-8
219000128,2,102,-100
219000129,24,105,-81
219000130,201,432,-231
219000131,559,867,-308
219000133,35,55,-20
219000134,11,18,-7
219000135,26,68,-42
219000136,93,172,-79
219000138,86,8,78
219000139,59,25,34
219000140,80,5,75
219000141,51,51,0
219000142,19,56,-37
219000143,7,43,-36
219000145,20,30,-10
219000146,4,12,-8
219000147,5,27,-22
219000148,3,9,-6
219000149,14,36,-22
219000150,2,31,-29
219000151,0,18,-18
219000157,183,76,107
219000158,128,122,6
219000161,161,3,158
219000163,1071,455,616
219000166,118,193,-75
219000167,91,126,-35
219000168,234,69,165
219000174,424,149,275
219000175,122,3,119
219000176,158,11,147
219000177,117,1,116
219000178,85,1,84
219000179,30,9,21
219000180,31,27,4
219000182,136,18,118
219000183,81,36,45
219000184,110,9,101
219000185,2,31,-29
219000186,83,19,64
219000187,59,47,12
219000189,60,173,-113
219000190,55,231,-176
219000191,306,1124,-818
219000192,170,123,47
219000193,134,135,-1
219000195,1,39,-38
219000196,4,70,-66
219000198,19,71,-52
219000199,30,103,-73
219000200,27,96,-69
219000201,42,104,-62
219000203,38,100,-62
219000204,107,244,-137
219000205,68,177,-109
219000207,74,170,-96
219000209,29,29,0
219000210,20,50,-30
219000213,5,99,-94
219000239,152,189,-37
219000240,223,311,-88
219000241,179,102,77
219000242,43,109,-66
219000243,73,185,-112
219000244,15,47,-32
219000245,24,25,-1
219000246,26,24,2
219000247,205,34,171
219000248,465,398,67
219000249,218,101,117
219000250,169,106,63
219000251,656,283,373
219000252,249,206,43
219000253,506,95,411
219000255,162,87,75
219000256,243,80,163
219000257,75,0,75
219000262,106,51,55
219000263,41,72,-31
219000267,3,44,-41
219000268,2,3,-1
219000269,5,2,3
219000270,3,0,3
219000271,117,1,116
219000278,0,6,-6
219000279,1,2,-1
219000283,0,11,-11
219000295,20,50,-30
219000296,57,214,-157
219000297,20,46,-26
219000298,11,62,-51
219000299,449,50,399
219000300,35,79,-44
219000301,172,253,-81
219000302,22,191,-169
219000307,34,23,11
219000308,53,53,0
219000311,220,61,159
219000312,614,127,487
219000313,395,47,348
219000314,45,178,-133
219000315,361,30,331
219000316,586,56,530
219000317,129,7,122
219000320,2,49,-47
219000321,0,19,-19
219000323,9,43,-34
219000325,1,6,-5
219000326,62,39,23
219000327,53,36,17
219000328,36,71,-35
219000329,343,127,216
219000330,52,31,21
219000331,56,22,34
219000332,160,88,72
219000333,31,1,30
219000335,84,1,83
219000337,30,1,29
219000338,37,0,37
219000344,18,34,-16
219000345,52,34,18
219000346,26,51,-25
219000348,161,50,111
219000349,56,113,-57
219000350,103,279,-176
219000351,2,11,-9
219000352,482,87,395
219000353,124,39,85
219000354,240,55,185
219000355,175,31,144
219000356,637,1380,-743
219000363,157,70,87
219000364,90,56,34
219000365,132,12,120
219000366,247,383,-136
219000368,335,619,-284
219000370,821,692,129
219000371,7,30,-23
219000382,7,18,-11
219000383,282,1327,-1045
219000385,319,399,-80
219000386,466,1322,-856
219000387,4,9,-5
219000390,5,1,4
219000391,3,0,3
219000397,44,23,21
219000398,61,62,-1
219000401,4,74,-70
219000402,42,64,-22
219000403,117,297,-180
219000404,8,115,-107
219000407,3,28,-25
219000409,54,64,-10
219000410,125,38,87
219000411,75,15,60
219000446,89,299,-210
219000447,0,31,-31
219000448,27,4,23
219000452,83,69,14
219000453,47,215,-168
219000454,147,285,-138
219000556,366,75,291
219000558,72,89,-17
219000590,22,172,-150
219000591,137,67,70
219000592,99,239,-140
219000595,5,11,-6
219000635,205,27,178
219000636,22,38,-16
219000657,30,40,-10
219000658,54,118,-64
219000673,1,70,-69
219000676,46,29,17
219000679,32,6,26
219000684,88,0,88
219000685,0,38,-38
219000686,1,2,-1
219000688,0,41,-41
219000689,17,162,-145
219000690,150,20,130
219000691,46,139,-93
219000692,154,42,112
219000693,1,18,-17
219000694,29,0,29
219000695,23,4,19
219000698,12,0,12
219000699,0,21,-21
219000727,2,60,-58
219000728,75,5,70
219000770,43,1,42
219000771,1,30,-29
219000788,325,257,68
219001150,1,49,-48
219001151,0,2,-2
219001166,32,39,-7
219001167,1,40,-39
219001178,69,1,68
220000001,54,62,-8
220000002,6,80,-74
220000003,278,148,130
220000004,402,292,110
220000005,957,2114,-1157
220000006,182,745,-563
220000007,363,311,52
220000008,395,486,-91
220000009,283,297,-14
220000010,121,105,16
220000011,397,3015,-2618
220000012,71,372,-301
220000014,158,52,106
220000015,56,290,-234
220000017,60,203,-143
220000018,3565,2258,1307
220000019,89,340,-251
220000020,404,214,190
220000021,789,150,639
220000022,952,298,654
220000023,390,162,228
220000024,1577,401,1176
220000025,1127,1889,-762
220000026,328,541,-213
220000027,31,86,-55
220000028,50,52,-2
220000029,55,73,-18
220000030,36,72,-36
220000031,542,311,231
220000064,21,732,-711
221000046,3,0,3
221000047,0,2,-2
221000048,0,2,-2
221000049,0,10,-10
221000050,13,0,13
221000055,17,52,-35
221000057,72,7,65
221000068,357,106,251
221000069,362,60,302
221000070,218,11,207
221000071,76,9,67
221000072,224,8,216
221000073,195,22,173
221000074,4,15,-11
221000075,7,26,-19
221000076,8,12,-4
221000077,17,56,-39
221000081,19,10,9
221000082,78,5,73
221000083,10,4,6
221000084,10,1,9
221000085,14,49,-35
221000086,7,48,-41
221000087,4,100,-96
221000088,10,141,-131
221000089,19,216,-197
221000090,60,486,-426
221000098,121,2,119
221000099,268,13,255
221000100,85,7,78
221000101,202,19,183
221000102,174,20,154
221000109,3,75,-72
221000110,12,38,-26
221000111,17,80,-63
221000112,8,74,-66
221000113,7,91,-84
221000114,8,80,-72
221000120,31,15,16
221000121,10,64,-54
221000122,42,56,-14
221000123,10,13,-3
221000124,17,109,-92
221000155,150,17,133
221000156,90,25,65
221000175,1,9,-8
221000176,0,7,-7
221000182,55,10,45
221000241,565,257,308
221000242,116,379,-263
221000243,573,172,401
221000244,283,359,-76
221000245,103,70,33
221000246,31,160,-129
221000247,136,96,40
221000248,91,89,2
221000267,61,492,-431
221000325,40,72,-32
221000331,10,48,-38
221000338,18,35,-17
221000378,305,24,281
221000381,24,32,-8
222000282,8,5,3
222000296,3,19,-16
222000568,396,21,375
222000569,301,47,254
222000570,177,19,158
222000571,661,25,636
222000577,9,78,-69
222000578,30,137,-107
222000579,36,116,-80
222000580,68,560,-492
222000599,0,108,-108
222000600,3,190,-187
222000601,9,698,-689
222000603,7,50,-43
222000604,1,52,-51
222000605,16,45,-29
222000606,1,19,-18
222000607,4,13,-9
222000608,18,9,9
222000609,62,97,-35
222000616,560,29,531
222000617,12,17,-5
222000618,7,5,2
222000620,16,14,2
222000621,34,13,21
222000623,676,5,671
222000624,430,6,424
222000625,855,34,821
222000636,78,3,75
222000686,29,18,11
222000687,48,26,22
222001066,358,3,355
222001067,24,0,24
222001068,83,20,63
222001069,112,26,86
222001082,29,25,4
222001083,31,31,0
222001084,2,23,-21
222001085,6,200,-194
222001111,88,72,16
222001112,233,26,207
222001313,44,15,29
222001314,3,83,-80
222001464,89,43,46
222001465,5,47,-42
222001484,189,42,147
222001485,20,59,-39
222001494,719,106,613
222001495,135,116,19
222001496,423,94,329
222001497,106,186,-80
222001502,11,62,-51
222001503,150,40,110
222001504,27,237,-210
222001505,424,22,402
222001506,42,260,-218
222001507,318,27,291
222001510,731,29,702
222001511,47,194,-147
222001514,979,155,824
222001515,189,317,-128
222001518,515,69,446
222001519,71,123,-52
222001527,262,44,218
222001528,36,91,-55
222001529,431,45,386
222001530,98,139,-41
222001533,88,158,-70
222001534,517,46,471
222001535,333,227,106
222001536,72,115,-43
222001537,436,52,384
222001538,64,303,-239
222001563,1086,123,963
222001564,39,279,-240
222001568,198,257,-59
222001576,1,1,0
222001579,0,15,-15
222001583,15,70,-55
222001584,110,4,106
222001596,718,1181,-463
222001597,2283,451,1832
222001626,0,108,-108
222001650,34,205,-171
222001651,50,657,-607
222001914,265,53,212
222001915,48,138,-90
222001968,554,207,347
222001969,288,365,-77
222001970,151,207,-56
222001971,68,7,61
222001972,4,21,-17
225000001,425,125,300
225000002,682,137,545
225000003,780,94,686
225000004,459,193,266
225000005,79,48,31
225000006,1,112,-111
225000007,888,1031,-143
225000010,344,22,322
225000011,329,1025,-696
225000012,251,568,-317
225000013,127,121,6
225000014,661,90,571
225000015,86,87,-1
225000021,745,125,620
225000027,168,316,-148
225000032,612,97,515
225000042,49,385,-336
225000049,75,50,25
225000050,84,16,68
225000053,3,209,-206
225000058,547,190,357
225000067,196,104,92
225000068,110,218,-108
225000069,87,311,-224
225000070,77,220,-143
225000071,33,94,-61
225000075,23,447,-424
225000076,43,108,-65
225000078,76,24,52
225000085,122,96,26
225000086,268,70,198
225000087,119,20,99
225000088,7,146,-139
225000089,138,849,-711
225000090,42,389,-347
225000091,163,104,59
225000092,30,66,-36
225000093,218,165,53
225000094,24,132,-108
225000095,256,222,34
225000096,232,286,-54
225000098,830,264,566
225000099,438,129,309
225000100,504,100,404
225000104,97,257,-160
225000110,3,211,-208
225000111,164,616,-452
225000112,168,783,-615
225000113,210,494,-284
225000114,54,183,-129
225000115,731,470,261
225000116,681,175,506
225000117,719,201,518
225000118,1046,210,836
225000119,259,66,193
225000120,728,35,693
225000121,201,8,193
225000123,451,15,436
225000125,453,127,326
225000126,637,143,494
225000127,527,1478,-951
225000128,469,877,-408
225000132,335,41,294
225000133,205,41,164
225000134,556,139,417
225000135,67,10,57
225000136,338,15,323
225000137,303,52,251
225000138,379,109,270
225000143,22,145,-123
225000144,2,212,-210
225000145,93,26,67
225000146,47,37,10
225000147,39,113,-74
225000148,1,132,-131
225000149,62,294,-232
225000151,32,114,-82
225000155,356,283,73
225000156,157,693,-536
225000157,247,269,-22
225000158,50,163,-113
225000171,3,117,-114
225000180,21,1,20
225000181,1,68,-67
225000182,82,14,68
225000185,4,321,-317
225000187,39,307,-268
225000191,92,4,88
225000194,0,17,-17
225000208,0,33,-33
225000209,107,9,98
225000210,6,212,-206
225000217,0,7,-7
225000218,7,5,2
225000223,0,28,-28
225000224,21,1,20
225000225,0,19,-19
225000226,31,2,29
225000227,28,36,-8
225000228,11,14,-3
225000229,0,36,-36
225000230,70,0,70
225000231,0,24,-24
225000232,151,0,151
225000241,51,2,49
225000242,0,34,-34
225000249,4,0,4
225000250,49,381,-332
225000251,380,15,365
225000254,3,1,2
225000256,3,19,-16
225000257,0,19,-19
226000042,189,301,-112
226000043,33,184,-151
226000044,100,254,-154
226000045,48,152,-104
226000046,479,82,397
226000047,415,67,348
226000048,384,103,281
226000049,295,198,97
226000070,0,43,-43
226000071,0,70,-70
226000072,0,14,-14
226000073,1,7,-6
226000074,0,16,-16
226000084,0,37,-37
226000085,1,7,-6
226000086,1,15,-14
226000087,8,13,-5
226000088,37,52,-15
226000090,225,118,107
226000091,18,64,-46
226000092,0,28,-28
226000093,20,5,15
226000094,8,8,0
226000095,21,1,20
226000105,7,1,6
226000106,11,0,11
226000107,9,0,9
226000108,35,1,34
226000109,74,0,74
226000124,132,57,75
226000134,1011,422,589
226000135,1839,461,1378
226000136,707,380,327
226000137,6,185,-179
226000138,14,103,-89
226000139,3,61,-58
226000156,216,2,214
226000157,184,9,175
226000163,142,168,-26
226000202,32,135,-103
226000231,454,10,444
226000232,65,14,51
227000033,421,50,371
227000036,432,38,394
227000037,461,22,439
227000038,149,14,135
227000084,1,60,-59
227000085,2,43,-41
227000088,44,1,43
227000089,63,2,61
227000090,29,1,28
227000091,13,0,13
227000092,24,0,24
227000093,125,1,124
227000094,10,0,10
227000130,15,96,-81
227000131,23,118,-95
227000132,12,113,-101
227000133,11,94,-83
227000134,26,188,-162
227000152,0,3,-3
227000153,0,50,-50
227000154,0,37,-37
227000155,2,22,-20
227000156,0,18,-18
227000165,2,46,-44
227000196,473,122,351
227000199,465,239,226
227000230,10,193,-183
227000232,617,15,602
227000242,44,308,-264
227000243,512,55,457
227000245,14,209,-195
227000246,75,228,-153
227000247,542,43,499
227000248,159,26,133
227000249,16,94,-78
227000250,324,166,158
227000251,88,141,-53
227000252,26,155,-129
227000253,196,14,182
227000262,470,29,441
227000266,1496,20,1476
227000267,13,806,-793
227000282,7,110,-103
227000284,859,18,841
227000286,1,43,-42
227000287,13,47,-34
227000291,5,253,-248
227000296,179,219,-40
227000484,248,12,236
227000485,17,487,-470
227000655,250,2,248
227000656,748,24,724
227000657,135,8,127
227000661,301,14,287
229000265,8,23,-15
229000296,3,18,-15
229000297,5,40,-35
229000298,7,91,-84
229000320,15,4,11
229000321,37,4,33
229000412,18,77,-59
229000414,8,30,-22
229000415,22,3,19
229000416,0,4,-4
229000417,0,9,-9
229000419,80,292,-212
229000440,298,69,229
229000442,26,13,13
229000443,7,3,4
229000444,0,16,-16
229000445,80,13,67
229000446,98,6,92
229000491,7,11,-4
229000492,9,41,-32
229000493,7,54,-47
229000494,60,4,56
229000495,155,1,154
229000496,116,6,110
229000507,0,65,-65
229000508,1,48,-47
229000509,0,51,-51
229000510,3,31,-28
229000511,4,51,-47
229000512,0,29,-29
229000513,0,4,-4
229000514,0,4,-4
229000517,1,7,-6
229000518,31,8,23
229000519,1,1,0
229000520,4,25,-21
229000521,51,15,36
229000522,8,1,7
229000523,19,2,17
229000524,4,2,2
229000527,1,2,-1
229000528,0,1,-1
229000529,8,0,8
229000530,62,2,60
229000531,32,0,32
229000532,22,0,22
229000533,61,0,61
229000534,38,0,38
229000564,74,0,74
229000565,20,1,19
229000566,0,4,-4
229000567,1,18,-17
229000582,63,3,60
229000583,3,1,2
229000584,0,32,-32
229000585,1,48,-47
229000718,0,3,-3
229000719,0,1,-1
229000720,0,2,-2
229000721,0,2,-2
229000722,0,4,-4
229000723,0,3,-3
229000724,0,1,-1
229000725,0,2,-2
229000738,1,0,1
229000739,1,0,1
229000740,1,0,1
229000741,24,0,24
229000742,9,0,9
229000743,16,1,15
229000744,4,0,4
229000745,2,0,2
229000746,16,0,16
229000847,44,0,44
229000848,11,1,10
229000849,104,2,102
229000851,48,1,47
229000854,0,1,-1
229000856,0,16,-16
229000857,0,12,-12
229000858,0,16,-16
229000919,10,36,-26
229000930,3,159,-156
229000937,90,15,75
229000966,44,25,19
229000981,23,16,7
229000985,10,23,-13
229000986,6,5,1
229000987,0,1,-1
229000988,3,3,0
229000989,13,5,8
229000990,1,2,-1
229000991,1,0,1
229000992,28,5,23
229000993,118,19,99
229000998,9,59,-50
229000999,87,6,81
229001034,0,15,-15
229001035,6,3,3
229001037,52,6,46
229001042,19,12,7
229001047,8,29,-21
229001050,32,33,-1
229001168,0,18,-18
229001200,16,3,13
229001338,3,27,-24
229001394,182,1,181
229001422,119,31,88
229001423,19,68,-49
229001431,37,23,14
229001432,32,46,-14
229001444,263,62,201
229001445,29,94,-65
229001479,24,3,21
229001503,164,47,117
229001504,59,104,-45
229001505,112,33,79
229001506,55,60,-5
229001509,26,11,15
229001545,95,4,91
229001546,14,41,-27
229001553,84,17,67
229001554,25,47,-22
229001630,74,9,65
229001631,6,34,-28
229001635,0,13,-13
229001636,5,0,5
229001658,0,64,-64
229001659,52,0,52
229001660,12,5,7
229001661,5,35,-30
229001662,20,0,20
229001663,0,15,-15
229002584,170,174,-4
229002831,83,116,-33
229002841,11,14,-3
229002842,17,19,-2
229002843,57,21,36
229002844,36,75,-39
229002845,9,106,-97
229002846,21,14,7
229002847,2,11,-9
229002848,12,15,-3
229002849,1,112,-111
229002850,4,1,3
229002851,27,165,-138
229002852,130,13,117
229002853,124,25,99
229002854,44,73,-29
229002855,4,63,-59
229002856,44,21,23
229002857,6,187,-181
229002858,18,3,15
229002859,13,144,-131
229002860,122,13,109
229002861,85,37,48
229002862,19,23,-4
229002863,35,10,25
229002864,47,26,21
229002865,12,8,4
229002866,20,16,4
229002867,1,26,-25
229002868,13,12,1
229002869,29,92,-63
229002870,70,18,52
235000066,311,32,279
235000067,74,63,11
235000072,44,52,-8
235000073,113,261,-148
235000074,54,39,15
235000080,10,77,-67
235000081,171,90,81
235000082,140,43,97
235000083,343,72,271
235000084,55,57,-2
235000085,208,46,162
235000089,42,12,30
235000092,47,78,-31
235000093,13,1,12
235000097,3,5,-2
235000098,73,2,71
235000099,31,15,16
235000116,34,14,20
235000117,427,16,411
235000133,11,622,-611
235000134,7,199,-192
235000206,5,5,0
235000207,3,3,0
235000208,0,5,-5
235000209,2,3,-1
235000210,7,4,3
235000212,4,10,-6
235000213,0,9,-9
235000220,2,9,-7
235000221,67,17,50
235000238,18,133,-115
235000239,7,18,-11
235000242,370,950,-580
235000245,352,158,194
235000246,15,80,-65
235000284,15,161,-146
235000295,89,10,79
235000305,317,26,291
235000306,282,17,265
235000307,21,0,21
235000308,20,0,20
235000309,69,2,67
235000310,44,1,43
235000311,116,21,95
235000322,1,28,-27
235000323,0,50,-50
235000324,1,13,-12
235000325,1,253,-252
235000326,9,111,-102
235000351,3,59,-56
235000352,9,36,-27
235000353,5,26,-21
235000354,7,119,-112
235000355,6,79,-73
235000356,67,7,60
235000357,35,4,31
235000358,64,11,53
235000359,12,2,10
235000360,57,11,46
235000361,54,12,42
235000381,87,46,41
235000382,163,32,131
235000390,22,5,17
235000391,201,18,183
235000392,261,232,29
235000393,199,127,72
235000395,146,37,109
235000396,563,44,519
235000400,77,36,41
235000401,1,116,-115
235000405,89,140,-51
235000406,42,131,-89
235000407,34,65,-31
235000409,107,72,35
235000410,34,158,-124
235000411,0,41,-41
235000485,0,14,-14
235000486,13,0,13
235000549,178,79,99
235000550,102,92,10
235000599,270,26,244
235000600,6,11,-5
235000601,12,15,-3
235000602,114,25,89
235000614,3,6,-3
235000648,3,5,-2
235000649,36,10,26
235000685,4,7,-3
235000815,21,271,-250
235000834,0,12,-12
235000855,66,32,34
235000862,25,62,-37
235000891,0,13,-13
235000892,33,5,28
235000901,105,52,53
235000907,8,10,-2
235001010,114,34,80
235001029,264,193,71
235001030,438,202,236
235001078,110,91,19
235001079,41,62,-21
235001147,4,50,-46
235001166,11,52,-41
235001167,55,23,32
235001169,34,329,-295
235001188,0,7,-7
235001189,3,0,3
235001197,8,10,-2
235001200,55,56,-1
235001207,171,24,147
235001210,12,79,-67
235001215,8,66,-58
235001239,2,34,-32
235001244,1,16,-15
235016267,0,81,-81
277101746,0,0,0
277102712,0,3,-3
277103813,0,0,0
277103814,0,0,0
277103898,0,2,-2
277104249,0,1,-1
277104250,0,5,-5
277104251,0,10,-10
277104252,0,1,-1
990011530,1,139,-138
990014944,0,239,-239
990015176,26,9,17
990015618,0,87,-87
990016032,1,242,-241
990032570,0,293,-293
990070001,40,4,36
990070103,0,5,-5
990070601,0,40,-40
990070751,1321,4,1317
990070766,1,261,-260
990071180,483,144,339
990071343,30,1,29
990071387,0,8,-8
990071823,541,5,536
990072600,3,1423,-1420
990072964,1,394,-393
990073285,0,0,0
990074393,0,484,-484
990074870,1481,13,1468
990075106,955,15,940
990075746,607,8,599
990076437,1837,5,1832
990076458,0,341,-341
997000007,410,7,403
997000041,0,224,-224
997000058,59,0,59
997000062,32,2,30
997000069,0,4,-4
997000070,0,15,-15
997000100,68,10,58
997000141,10,2679,-2669
997000198,4,1544,-1540
998000475,0,8,-8
998000736,0,80,-80
998000965,0,3,-3
998001031,0,61,-61
998001700,0,1,-1
998001899,0,3,-3
998001900,7,2,5
998003073,1199,4,1195
998101900,0,0,0
998102850,2,316,-314
998501927,673,1288,-615
998501929,112,1,111
998501930,28,0,28
998501931,134,12,122
998501932,2,0,2
998501933,75,2,73
998501937,18,2,16
998501944,8,1,7
998501970,142,15,127
998501971,1,81,-80
998501973,0,29,-29
998501974,0,144,-144
998501975,92,3,89
998501976,69,2,67
998501977,1,20,-19
998501978,7,0,7
998501979,0,10,-10
998501980,129,19,110
998501981,36,2,34
998501982,0,94,-94
998501983,0,0,0
998502006,0,0,0
998502024,0,3,-3
998502032,1,4,-3
998502062,10,2,8
998502063,0,0,0
998502173,8,0,8
998502269,0,7,-7
998601159,16,49,-33
998601292,0,8,-8
999033574,1,262,-261
999800001,82,2,80
999800002,0,6,-6
999800003,2,0,2
999800004,0,2,-2
999800005,0,5,-5
