ID,insum,outsum,diff
100000001,1041,748,293
100000002,7068,12475,-5407
100000003,6607,10809,-4202
100000004,436,1398,-962
100000005,4599,6987,-2388
100000006,904,1239,-335
100000007,3977,1052,2925
100000008,131,2613,-2482
100000009,415,986,-571
100000010,46,2113,-2067
100000011,756,398,358
100000012,54,647,-593
100000013,20,752,-732
100000014,500,1673,-1173
100000015,1748,2893,-1145
100000016,536,3833,-3297
100000017,495,4580,-4085
100000018,1373,1061,312
100000019,4800,5386,-586
100000020,2206,9827,-7621
100000021,11418,2652,8766
100000022,1234,8888,-7654
100000023,8659,4551,4108
100000025,675,3711,-3036
100000028,620,4782,-4162
100000029,69,1442,-1373
100000030,55,52,3
100000031,2931,12601,-9670
100000032,3879,9472,-5593
100000033,1653,7103,-5450
100000034,274,2836,-2562
100000035,1006,2766,-1760
100000036,1075,3032,-1957
100000037,1227,934,293
100000038,4320,1860,2460
100000039,234,1199,-965
100000040,920,331,589
100000041,2665,890,1775
100000042,2183,850,1333
100000043,920,299,621
100000044,367,516,-149
100000045,574,1169,-595
100000046,749,1026,-277
100000047,271,737,-466
100000048,243,1067,-824
100000049,2341,2479,-138
100000051,1014,648,366
100000053,125,10,115
100000054,407,44,363
100000055,942,318,624
100000056,542,988,-446
100000057,2821,1006,1815
100000058,1364,752,612
100000059,54,750,-696
100000060,1138,821,317
100000061,3281,1235,2046
100000062,2153,1392,761
100000063,1520,544,976
100000064,2208,975,1233
100000065,602,941,-339
100000066,284,719,-435
100000067,265,771,-506
100000068,564,3085,-2521
100000069,434,1685,-1251
100000072,193,529,-336
100000073,1759,1152,607
100000075,1502,294,1208
100000076,2292,8751,-6459
100000077,201,1114,-913
100000078,25,104,-79
100000079,32,44,-12
100000080,27,71,-44
100000081,41,231,-190
100000102,4642,13301,-8659
100000103,2846,3117,-271
100000104,8512,3802,4710
100000105,1517,5001,-3484
100000106,1179,7220,-6041
100000107,96,2410,-2314
100000108,392,2847,-2455
100000109,725,3622,-2897
100000116,281,1067,-786
100000117,95,281,-186
100000118,615,1986,-1371
100000119,1132,1542,-410
100000121,351,1094,-743
100000122,765,7097,-6332
100000123,2003,4281,-2278
100000124,3109,3795,-686
100000125,14278,3582,10696
100000126,821,2768,-1947
100000127,1709,2725,-1016
100000128,556,6327,-5771
100000129,407,1526,-1119
100000130,1114,340,774
100000131,1439,2621,-1182
100000132,1876,2471,-595
100000133,2111,1558,553
100000135,1127,1745,-618
100000139,148,726,-578
100000140,148,247,-99
100000142,693,980,-287
100000143,1315,435,880
100000144,2849,647,2202
100000147,2563,6848,-4285
100000150,169,1170,-1001
100000151,575,3676,-3101
100000153,106,1007,-901
100000154,33,1993,-1960
100000155,28,78,-50
100000156,206,317,-111
100000157,643,328,315
100000158,341,256,85
100000159,114,2900,-2786
100000165,1118,1265,-147
100000169,34,3381,-3347
100000174,352,2229,-1877
100000179,86,2232,-2146
100000180,932,8676,-7744
100000181,561,728,-167
100000188,110,648,-538
100000189,1172,927,245
100000190,688,2699,-2011
100000191,1474,1160,314
100000192,48,163,-115
100000193,372,215,157
100000330,1151,1563,-412
100000355,379,1189,-810
100000362,2965,1262,1703
100000363,8972,11928,-2956
100000364,116,357,-241
100000365,8833,13591,-4758
100000366,2300,1713,587
100000367,8356,11139,-2783
100000368,2398,1823,575
100000369,956,3914,-2958
100000370,388,1517,-1129
100000376,43,419,-376
100000379,1008,8015,-7007
100000380,4117,16415,-12298
100000384,7813,13611,-5798
100000385,2231,9289,-7058
100000386,2311,13193,-10882
100000387,6285,15090,-8805
100000388,2417,6357,-3940
100000389,7153,10996,-3843
100000390,4031,5462,-1431
100000391,3995,10797,-6802
100000392,895,4067,-3172
100000393,1067,7110,-6043
100000394,2636,8699,-6063
100000395,1277,8280,-7003
100000396,1362,2802,-1440
100000397,2114,10411,-8297
100000398,7753,5506,2247
100900002,25,54,-29
100900003,955,412,543
100900004,26,2793,-2767
100900005,275,5,270
100900006,106,30,76
100900007,293,1,292
100900008,8,558,-550
100900009,51,92,-41
100900010,107,19,88
100900011,406,114,292
100900012,5,36,-31
100900013,1687,21,1666
100900014,6,4,2
100900015,39,92,-53
100900016,0,27,-27
100900017,1917,280,1637
100900018,2,10,-8
100900019,89,145,-56
100900020,589,0,589
100900021,628,3,625
100900022,8,52,-44
100900023,1,68,-67
100900024,602,0,602
100900025,28,3,25
100900026,277,134,143
100900027,841,4372,-3531
100900028,77,697,-620
100900029,42,5,37
100900030,5,546,-541
100900031,1508,197,1311
100900032,884,4,880
100900033,149,990,-841
100900034,2410,4,2406
100900035,363,0,363
100900036,40,0,40
100900037,308,95,213
100900038,7,205,-198
100900039,392,180,212
100900040,881,458,423
100900041,2103,264,1839
100900042,402,3496,-3094
100900043,0,134,-134
100900044,1655,1232,423
100900045,11,7,4
100900046,1800,21,1779
100900047,1209,211,998
100900048,254,118,136
100900049,197,193,4
100900050,14,61,-47
100900051,57,359,-302
100900052,548,32,516
100900053,1074,54,1020
100900054,20,44,-24
100900055,1040,2066,-1026
100900056,53,135,-82
100900057,3965,887,3078
100900058,194,125,69
100900059,217,11,206
100900060,317,11,306
100900061,203,199,4
100900062,9,17,-8
100900063,497,1428,-931
100900064,957,33,924
100900065,60,227,-167
100900066,208,91,117
100900067,41,7,34
100900068,110,302,-192
100900069,249,26,223
100900070,1156,35,1121
100900071,340,185,155
100900072,0,35,-35
100900073,545,590,-45
100900074,1,20,-19
100900075,2757,370,2387
100900076,4,47,-43
100900077,108,8,100
100900078,481,439,42
100900079,8,21,-13
100900080,152,162,-10
100900081,85,259,-174
100900082,451,100,351
100900083,25,89,-64
100900085,2,697,-695
100900086,83,661,-578
100900088,467,126,341
100900089,10,35,-25
100900090,173,2600,-2427
100900091,8,13,-5
100900092,127,221,-94
100900093,466,941,-475
100900094,326,111,215
100900095,9,48,-39
100900096,52,456,-404
100900097,0,1,-1
100900098,24,43,-19
100900099,4,731,-727
100900100,16,374,-358
100900101,402,70,332
100900102,4,241,-237
100900103,29,20,9
100900104,4,279,-275
100900105,26,950,-924
100900106,15,10,5
100900107,4585,1462,3123
100900108,11,95,-84
100900109,26,63,-37
100900110,19,35,-16
100900111,30,409,-379
100900112,10,42,-32
100900113,26,23,3
100900114,7,62,-55
100900115,9,79,-70
100900116,2088,696,1392
100900117,351,1841,-1490
100900118,13,124,-111
100900119,26,22,4
100900120,27,24,3
100900121,1265,602,663
100900122,99,88,11
100900123,410,68,342
100900124,7,15,-8
100900125,4,57,-53
100900126,1038,308,730
100900127,19,1,18
100900128,188,1145,-957
100900129,7,416,-409
100900131,30,194,-164
100900133,112,20,92
100900134,4,8,-4
100900135,2,1260,-1258
100900137,445,493,-48
100900138,561,862,-301
100900139,0,27,-27
100900140,25,207,-182
100900141,1,964,-963
100900142,0,12,-12
100900143,420,1595,-1175
100900144,8,11,-3
100900145,66,1495,-1429
100900146,12,75,-63
100900147,28,4001,-3973
100900148,362,188,174
100900149,15,979,-964
100900150,31,120,-89
100900151,193,875,-682
100900152,934,35,899
100900153,9,444,-435
100900154,5,364,-359
100900155,14,16,-2
100900156,108,1,107
100900157,25,642,-617
100900158,1308,75,1233
100900159,11,142,-131
100900160,65,10,55
100900161,126,3,123
100900162,14,319,-305
100900163,276,68,208
100900164,244,102,142
100900165,23,36,-13
100900166,198,0,198
100900167,19,66,-47
100900168,67,150,-83
100900169,77,1510,-1433
100900170,29,43,-14
100900171,25,621,-596
100900172,0,104,-104
100900173,13,166,-153
100900174,68,46,22
100900176,2394,995,1399
100900177,664,446,218
100900178,517,274,243
100900179,288,480,-192
100900180,2,10,-8
100900181,171,97,74
100900182,151,13,138
100900184,45,169,-124
100900186,945,490,455
100900187,82,106,-24
100900188,95,14,81
100900189,4334,246,4088
100900191,813,1475,-662
100900192,170,601,-431
100900195,167,1302,-1135
100900197,50,96,-46
100900198,44,59,-15
100900199,16,6,10
100900200,1354,487,867
100900201,311,1365,-1054
100900202,141,0,141
100900203,1,190,-189
100900204,148,3618,-3470
100900205,325,752,-427
100900206,302,342,-40
100900207,505,261,244
100900210,166,126,40
100900211,1126,175,951
100900213,381,76,305
100900214,515,168,347
100900215,182,39,143
100900217,0,14,-14
101000001,1947,2883,-936
101000002,9367,12655,-3288
101000003,684,1329,-645
101000004,10863,8461,2402
101000005,6609,8664,-2055
101000006,14580,14885,-305
101000007,6368,8407,-2039
101000008,2443,3568,-1125
101000009,4447,1295,3152
101000010,1996,1192,804
101000011,2359,503,1856
101000012,709,1324,-615
101000013,680,2202,-1522
101000014,500,610,-110
101000015,3013,2743,270
101000016,324,1716,-1392
101000017,448,952,-504
101000018,1971,14770,-12799
101000020,2110,2612,-502
101000021,717,1664,-947
101000022,99,640,-541
101000023,1636,1571,65
101000025,559,1154,-595
101000026,276,44,232
101000027,2161,6140,-3979
101000028,1488,545,943
101000029,70,2042,-1972
101000030,1480,199,1281
101000031,112,966,-854
101000032,2663,6881,-4218
101000033,1924,10191,-8267
101000034,1043,4896,-3853
101000035,630,874,-244
101000036,552,4040,-3488
101000037,1400,5905,-4505
101000039,2581,7223,-4642
101000040,4488,10889,-6401
101000041,2984,9783,-6799
101000042,77,1668,-1591
101000043,4265,12601,-8336
101000045,390,991,-601
101000046,1625,3112,-1487
101000047,1341,6502,-5161
101000048,610,664,-54
101000049,696,3916,-3220
101000050,848,3586,-2738
101000051,773,3520,-2747
101000052,1857,3376,-1519
101000053,521,2158,-1637
101000054,3878,1396,2482
101000055,1768,2914,-1146
101000056,14,256,-242
101000057,686,4696,-4010
101000058,1241,4100,-2859
101000059,3195,4408,-1213
101000060,2782,2520,262
101000061,563,3637,-3074
101000062,261,951,-690
101000063,223,2904,-2681
101000064,420,1647,-1227
101000065,256,1997,-1741
101000066,432,2443,-2011
101000067,302,1096,-794
101000068,171,521,-350
101000069,277,163,114
101000070,468,1040,-572
101000071,6275,2725,3550
101000072,1103,3848,-2745
101000073,634,1479,-845
101000074,2685,4938,-2253
101000075,2492,4328,-1836
101000077,2591,3246,-655
101000078,980,1716,-736
101000079,1016,1476,-460
101000080,801,1762,-961
101000081,2874,2088,786
101000082,2800,2573,227
101000083,5146,3341,1805
101000084,1563,698,865
101000085,2386,1907,479
101000086,1152,1990,-838
101000087,1402,1749,-347
101000088,2889,1956,933
101000089,1598,2649,-1051
101000090,2703,958,1745
101000091,1039,563,476
101000092,3314,841,2473
101000093,2542,646,1896
101000094,1648,1130,518
101000095,1118,745,373
101000096,1109,430,679
101000097,645,1831,-1186
101000098,618,1764,-1146
101000099,879,2249,-1370
101000100,1073,2698,-1625
101000101,240,2518,-2278
101000102,770,2804,-2034
101000103,581,2038,-1457
101000104,361,1246,-885
101000105,128,1144,-1016
101000106,266,4218,-3952
101000107,402,1103,-701
101000108,1014,161,853
101000109,1410,253,1157
101000110,65,282,-217
101000111,105,407,-302
101000113,213,1751,-1538
101000114,2666,9797,-7131
101000115,53,26,27
101000116,26,78,-52
101000117,2277,461,1816
101000119,14,103,-89
101000120,71,164,-93
101000121,16,59,-43
101000122,114,136,-22
101000123,49,150,-101
101000124,627,741,-114
101000125,144,189,-45
101000128,234,2491,-2257
101000130,248,310,-62
101000131,2525,424,2101
101000132,1512,991,521
101000135,12,48,-36
101000136,105,212,-107
101000137,12,855,-843
101000141,745,7602,-6857
101000147,1284,447,837
101000148,1133,34,1099
101000149,42,196,-154
101000150,223,350,-127
101000151,605,89,516
101000152,676,679,-3
101000153,538,352,186
101000154,720,921,-201
101000155,977,407,570
101000156,31,1114,-1083
101000157,78,431,-353
101000160,11,15,-4
101000163,127,861,-734
101000164,522,119,403
101000165,397,925,-528
101000166,316,378,-62
101000168,1231,783,448
101000252,3998,1326,2672
101000254,34,53,-19
101000258,61,9,52
101000261,52,203,-151
101000262,3594,9223,-5629
101000263,576,2153,-1577
101000265,108,1039,-931
101000266,755,645,110
101000269,26,76,-50
101000290,456,5236,-4780
101000293,21,87,-66
101000294,1119,1106,13
101000295,456,236,220
101000301,175,1402,-1227
101000304,4221,7148,-2927
101000305,3950,3029,921
101900001,37,37,0
101900002,0,9,-9
101900003,22,493,-471
101900004,3,386,-383
101900005,1963,7356,-5393
101900006,3489,325,3164
101900007,914,484,430
101900008,135,741,-606
101900009,66,783,-717
101900010,654,1153,-499
101900011,87,2372,-2285
101900012,1088,160,928
101900013,1019,119,900
101900017,40,158,-118
101900018,1585,512,1073
101900019,182,297,-115
101900020,551,348,203
101900021,1,95,-94
101900022,416,1681,-1265
101900023,365,359,6
102000001,6290,12957,-6667
102000002,3576,9501,-5925
102000003,3128,9219,-6091
102000004,11078,6689,4389
102000005,2621,5743,-3122
102000006,1263,2418,-1155
102000007,4451,7788,-3337
102000008,10335,2539,7796
102000009,14090,14143,-53
102000010,6314,4108,2206
102000011,8683,9050,-367
102000012,5511,4739,772
102000018,5690,5813,-123
102000019,5440,3313,2127
102000026,1331,688,643
102000029,354,716,-362
102000030,278,755,-477
102000031,177,256,-79
102000032,1198,757,441
102000033,979,530,449
102000034,988,736,252
102000035,3378,1012,2366
102000036,55,462,-407
102000037,336,53,283
102000038,150,626,-476
102000039,70,261,-191
102000040,253,521,-268
102000041,44,989,-945
102000042,119,623,-504
102000043,118,1027,-909
102000044,738,1948,-1210
102000045,1388,1927,-539
102000046,2888,1795,1093
102000047,1634,1292,342
102000048,1393,962,431
102000049,1539,2541,-1002
102000050,2674,2063,611
102000051,368,1448,-1080
102000052,1878,2292,-414
102000053,1725,2654,-929
102000054,1551,1538,13
102000055,2545,266,2279
102000056,3394,387,3007
102000057,3109,754,2355
102000058,1569,975,594
102000059,1566,2229,-663
102000060,1399,1190,209
102000061,3151,2352,799
102000062,3690,1585,2105
102000063,2165,2409,-244
102000064,899,961,-62
102000065,57,219,-162
102000066,1185,1270,-85
102000067,10685,6341,4344
102000068,14234,5684,8550
102000069,168,3473,-3305
102000070,2475,65,2410
102000071,9685,16258,-6573
102000072,4143,6154,-2011
102000073,1348,958,390
102000074,1271,2535,-1264
102000075,363,492,-129
102000076,748,213,535
102000077,1501,621,880
102000078,2280,421,1859
102000079,431,233,198
102000080,691,374,317
102000081,474,1270,-796
102000082,981,519,462
102000083,1760,477,1283
102000084,975,312,663
102000085,5398,1094,4304
102000086,2469,1143,1326
102000087,1348,1837,-489
102000088,553,514,39
102000089,2347,502,1845
102000090,504,1870,-1366
102000091,1680,1032,648
102000092,438,915,-477
102000093,1463,716,747
102000094,658,437,221
102000095,1045,1488,-443
102000096,599,525,74
102000097,1800,570,1230
102000098,439,648,-209
102000099,1131,904,227
102000100,273,1199,-926
102000101,479,533,-54
102000102,637,1812,-1175
102000103,4972,639,4333
102000104,1119,707,412
102000105,454,641,-187
102000106,1418,596,822
102000107,3781,260,3521
102000108,1140,616,524
102000109,2189,824,1365
102000110,2809,1152,1657
102000111,21,1245,-1224
102000112,199,234,-35
102000113,38,92,-54
102000114,2290,614,1676
102000115,471,583,-112
102000116,455,1080,-625
102000117,115,1818,-1703
102000118,1310,2440,-1130
102000119,1088,2144,-1056
102000120,449,1039,-590
102000121,1665,665,1000
102000122,986,1340,-354
102000123,1704,1193,511
102000124,2189,2081,108
102000125,682,1513,-831
102000126,706,1540,-834
102000127,1875,1121,754
102000128,1023,1125,-102
102000129,2500,801,1699
102000130,857,1320,-463
102000131,2014,1500,514
102000132,607,1834,-1227
102000133,5762,2797,2965
102000134,1540,1418,122
102000135,1702,1070,632
102000136,2574,1034,1540
102000137,760,1785,-1025
102000138,461,826,-365
102000139,167,1723,-1556
102000140,228,1782,-1554
102000141,358,2826,-2468
102000142,635,526,109
102000143,649,362,287
102000144,728,326,402
102000145,567,452,115
102000146,892,631,261
102000147,1008,613,395
102000148,526,1187,-661
102000149,918,155,763
102000150,1104,163,941
102000151,208,196,12
102000152,571,251,320
102000153,1361,1132,229
102000154,243,492,-249
102000155,49,970,-921
102000156,324,326,-2
102000157,102,2287,-2185
102000158,117,444,-327
102000159,3781,1886,1895
102000161,5490,3635,1855
102000162,216,628,-412
102000163,203,576,-373
102000164,1128,1306,-178
102000165,272,923,-651
102000166,81,651,-570
102000167,298,421,-123
102000168,352,428,-76
102000169,357,973,-616
102000170,1653,246,1407
102000171,156,298,-142
102000172,20,678,-658
102000173,725,549,176
102000174,224,197,27
102000175,125,76,49
102000176,50,61,-11
102000178,319,1136,-817
102000179,642,559,83
102000180,1615,308,1307
102000181,1943,484,1459
102000182,956,499,457
102000183,3628,1412,2216
102000184,3311,1042,2269
102000185,4926,1132,3794
102000186,3201,1313,1888
102000187,1763,4330,-2567
102000188,2579,3818,-1239
102000189,5599,1525,4074
102000190,784,3419,-2635
102000191,1456,393,1063
102000192,3262,2324,938
102000193,251,207,44
102000194,96,575,-479
102000195,906,706,200
102000196,811,529,282
102000197,2093,239,1854
102000198,469,517,-48
102000199,2313,141,2172
102000200,660,730,-70
102000201,2571,666,1905
102000202,14,362,-348
102000203,1135,242,893
102000204,1645,955,690
102000205,2553,962,1591
102000206,1164,634,530
102000207,1487,998,489
102000208,956,1287,-331
102000209,110,336,-226
102000210,977,537,440
102000211,1075,434,641
102000212,1024,15,1009
102000213,7,330,-323
102000214,1106,15,1091
102000215,9,313,-304
102000216,245,247,-2
102000217,65,95,-30
102000218,362,380,-18
102000219,320,77,243
102000225,264,672,-408
102000226,235,465,-230
102000227,183,6,177
102000228,1,266,-265
102000229,116,167,-51
102000230,714,386,328
102000231,627,549,78
102000232,193,400,-207
102000233,2136,820,1316
102000234,170,1578,-1408
102000236,517,109,408
102000237,1417,969,448
102000238,440,575,-135
102000240,522,1141,-619
102000241,646,170,476
102000243,17,55,-38
102000245,24,144,-120
102000246,5,206,-201
102000247,285,416,-131
102000248,245,1510,-1265
102000249,237,205,32
102000250,147,288,-141
102000254,512,241,271
102000266,10,1507,-1497
102000271,47,2,45
102000286,738,519,219
102000297,4935,1991,2944
102000299,0,0,0
102000301,0,0,0
102000302,0,0,0
102000303,0,0,0
102000304,0,0,0
102000305,0,0,0
102000306,0,0,0
102000307,0,4,-4
102000308,0,0,0
102900001,1610,1025,585
102900002,426,88,338
102900003,206,192,14
102900005,1026,306,720
102900006,986,87,899
102900007,1565,13,1552
102900008,441,36,405
102900009,376,551,-175
102900010,298,1609,-1311
102900011,1045,1127,-82
102900012,644,274,370
102900013,161,11,150
102900015,1292,952,340
102900016,177,20,157
102900017,684,174,510
102900018,150,43,107
102900019,846,1007,-161
102900020,490,46,444
102900021,80,33,47
102900022,98,49,49
102900023,44,245,-201
102900024,124,71,53
102900025,99,69,30
102900026,823,3472,-2649
102900027,139,134,5
102900028,372,1798,-1426
102900029,322,759,-437
102900030,590,602,-12
102900031,524,248,276
102900032,233,74,159
102900033,206,217,-11
102900034,1482,55,1427
102900035,367,309,58
102900036,873,263,610
102900037,568,372,196
102900038,669,328,341
102900039,16,1254,-1238
102900040,670,442,228
102900041,274,158,116
102900042,685,113,572
102900043,561,180,381
102900044,843,2238,-1395
102900045,474,465,9
102900046,490,185,305
102900047,266,1335,-1069
102900048,1169,287,882
102900049,86,298,-212
102900050,346,738,-392
102900051,302,606,-304
102900052,55,71,-16
102900053,596,830,-234
102900054,305,2731,-2426
102900055,301,738,-437
102900056,176,556,-380
102900057,15,205,-190
102900058,612,146,466
102900059,64,47,17
102900060,166,561,-395
102900061,565,779,-214
102900062,765,787,-22
102900063,3029,707,2322
102900064,147,857,-710
102900065,1411,351,1060
102900066,624,12,612
102900068,132,447,-315
102900070,488,1163,-675
102900072,29,83,-54
102900073,76,4,72
102900074,214,197,17
102900075,15,87,-72
102900076,96,232,-136
102900077,55,21,34
102900078,52,36,16
102900079,527,4,523
102900080,780,41,739
102900081,124,210,-86
102900082,53,247,-194
102900083,121,26,95
102900084,4,82,-78
102900085,292,152,140
102900086,24,140,-116
102900087,342,228,114
102900088,92,70,22
102900089,404,332,72
102900090,3,308,-305
102900091,537,1,536
102900092,1214,286,928
102900093,565,318,247
102900094,8,282,-274
102900095,79,2,77
102900096,136,6,130
102900097,13,42,-29
103000001,2969,4507,-1538
103000002,3360,5484,-2124
103000003,4418,4768,-350
103000004,1017,744,273
103000005,2192,7229,-5037
103000006,1643,2287,-644
103000007,819,624,195
103000008,1745,2017,-272
103000009,4278,3041,1237
103000010,249,144,105
103000011,2005,1047,958
103000012,1943,2818,-875
103000013,5277,3589,1688
103000014,1835,6936,-5101
103000015,4445,1716,2729
103000016,888,3858,-2970
103000017,415,1313,-898
103000018,1205,295,910
103000019,551,891,-340
103000020,2011,2846,-835
103000021,2836,5812,-2976
103000022,1267,2336,-1069
103000023,1409,5244,-3835
103000024,163,79,84
103000025,160,2155,-1995
103000026,536,527,9
103000027,149,750,-601
103000028,293,428,-135
103000029,85,337,-252
103000030,3042,3011,31
103000031,1016,4718,-3702
103000032,3318,2083,1235
103000033,3867,4168,-301
103000034,2012,1350,662
103000035,329,2039,-1710
103000036,293,381,-88
103000037,1079,657,422
103000038,1026,1466,-440
103000039,1321,474,847
103000040,968,654,314
103000041,4831,1838,2993
103000042,4053,765,3288
103000043,1556,732,824
103000044,723,195,528
103000046,613,893,-280
103000047,1179,399,780
103000048,593,475,118
103000049,142,200,-58
103000050,1447,330,1117
103000051,1101,741,360
103000052,1295,272,1023
103000053,332,467,-135
103000054,3224,609,2615
103000055,3279,1677,1602
103000056,1838,912,926
103000057,2324,172,2152
103000058,1674,491,1183
103000059,1598,864,734
103000060,1559,352,1207
103000061,1310,951,359
103000062,1314,305,1009
103000063,1837,1234,603
103000064,166,89,77
103000065,16,338,-322
103000066,528,36,492
103000069,522,535,-13
103000070,1183,426,757
103000071,3092,1638,1454
103000072,210,801,-591
103000073,2060,212,1848
103000074,2180,369,1811
103000075,193,700,-507
103000076,666,1825,-1159
103000077,33,473,-440
103000078,2004,3080,-1076
103000079,965,1492,-527
103000080,741,621,120
103000081,515,1138,-623
103000082,868,439,429
103000083,210,938,-728
103000084,121,10,111
103000085,1,163,-162
103000086,587,864,-277
103000087,429,972,-543
103000088,432,643,-211
103000089,687,1380,-693
103000090,7239,1534,5705
103000091,2032,799,1233
103000092,547,419,128
103000093,504,779,-275
103000094,577,268,309
103000095,301,658,-357
103000096,1037,115,922
103000097,191,1103,-912
103000098,1008,207,801
103000099,162,1311,-1149
103000100,204,590,-386
103000101,2771,186,2585
103000102,165,406,-241
103000103,1408,217,1191
103000104,206,132,74
103000105,483,103,380
103000106,32,201,-169
103000107,406,245,161
103000108,2355,2104,251
103000109,1150,1305,-155
103000110,1154,1135,19
103000111,502,1498,-996
103000112,420,1032,-612
103000113,273,3136,-2863
103000114,2844,3109,-265
103000115,1590,1286,304
103000116,1227,576,651
103000117,557,631,-74
103000118,759,547,212
103000119,2268,722,1546
103000120,100,1061,-961
103000121,119,239,-120
103000122,722,757,-35
103000125,33,154,-121
103000126,1630,6,1624
103000127,0,88,-88
103000128,290,3,287
103000129,4,102,-98
103000130,201,104,97
103000131,166,169,-3
103000132,64,206,-142
103000133,28,106,-78
103000134,458,2296,-1838
103000135,1175,235,940
103000136,703,1003,-300
103000137,611,1102,-491
103000138,681,1206,-525
103000139,1,189,-188
103000140,316,42,274
103000141,62,356,-294
103000142,183,188,-5
103000143,97,276,-179
103000144,433,263,170
103000145,19,298,-279
103000150,178,79,99
103000152,304,795,-491
103000153,352,701,-349
103000156,12,155,-143
103000157,737,2,735
103000159,734,111,623
103000162,51,24,27
103000163,21,14,7
103000164,3,8,-5
103000165,162,199,-37
103000166,520,1509,-989
103000167,550,510,40
103000168,417,661,-244
103000169,231,1313,-1082
103000170,2139,293,1846
103000171,13,222,-209
103000172,2236,350,1886
103000173,2037,225,1812
103000174,967,359,608
103000175,696,134,562
103000176,1204,1762,-558
103000177,348,794,-446
103000178,168,376,-208
103000179,199,165,34
103000183,723,19,704
103000185,420,59,361
103000186,406,142,264
103000187,2559,178,2381
103000188,59,180,-121
103000189,1078,1165,-87
103000191,885,703,182
103000292,772,3266,-2494
103000293,1183,7446,-6263
103000295,161,250,-89
103000296,115,7,108
103000297,4,117,-113
103000504,28,9,19
103000505,5,33,-28
103000506,1,137,-136
103000507,408,3,405
103000508,108,105,3
103000509,535,532,3
103900001,126,51,75
103900002,1024,116,908
103900003,1374,454,920
103900004,317,2,315
103900005,0,138,-138
103900006,3,2,1
103900007,260,6,254
103900008,25,0,25
103900009,705,214,491
103900010,535,114,421
103900011,1044,74,970
103900012,13,69,-56
103900013,164,20,144
103900014,116,35,81
103900015,152,5,147
103900016,205,211,-6
103900017,150,165,-15
103900018,342,103,239
103900019,62,503,-441
103900020,791,545,246
103900021,131,78,53
103900022,552,467,85
103900023,380,1,379
103900024,134,474,-340
103900025,7,21,-14
103900026,25,0,25
103900027,611,267,344
103900028,151,566,-415
103900029,1840,194,1646
103900030,496,310,186
103900031,139,0,139
103900032,147,160,-13
103900033,110,88,22
103900034,99,40,59
103900035,190,50,140
103900036,103,97,6
103900037,392,219,173
103900038,102,203,-101
103900039,546,142,404
103900040,25,99,-74
103900041,127,86,41
103900042,352,82,270
103900043,312,72,240
103900044,74,1239,-1165
103900045,664,303,361
103900047,247,29,218
103900048,58,302,-244
103900049,190,1866,-1676
103900050,67,458,-391
103900051,4,86,-82
103900052,307,650,-343
103900053,525,235,290
103900054,542,157,385
103900055,879,292,587
103900056,78,108,-30
103900057,533,66,467
103900058,942,342,600
103900059,0,186,-186
103900060,185,93,92
103900061,436,19,417
103900062,2078,692,1386
103900063,2,1,1
103900064,317,6,311
103900065,258,391,-133
103900066,408,117,291
103900067,627,25,602
103900068,0,0,0
103900069,172,24,148
103900070,842,173,669
103900071,14,45,-31
103900072,114,115,-1
103900073,58,86,-28
103900074,228,203,25
103900075,244,53,191
103900076,1447,256,1191
103900077,69,298,-229
103900078,758,1027,-269
103900079,138,281,-143
103900080,1,25,-24
103900081,17,36,-19
103900082,88,120,-32
103900083,3001,4130,-1129
103900084,65,1421,-1356
103900085,142,105,37
103900086,2942,430,2512
103900087,55,165,-110
103900088,420,657,-237
103900089,61,226,-165
103900090,44,151,-107
103900091,1393,141,1252
103900092,1030,2198,-1168
103900093,259,779,-520
103900094,37,23,14
103900095,238,820,-582
103900096,430,60,370
103900097,61,384,-323
103900098,753,186,567
103900099,884,67,817
103900100,565,141,424
103900101,1582,1445,137
103900102,10,128,-118
103900104,2,24,-22
103900105,20,85,-65
103900106,7,1833,-1826
103900107,304,14,290
103900108,89,108,-19
103900109,345,0,345
103900110,767,81,686
103900111,411,181,230
103900112,31,151,-120
103900113,230,314,-84
103900114,2086,356,1730
103900115,130,270,-140
103900116,1951,3607,-1656
103900117,94,59,35
103900119,21,289,-268
103900120,67,58,9
103900122,766,91,675
103900123,560,1573,-1013
103900124,74,50,24
103900125,240,105,135
103900126,942,140,802
103900127,238,196,42
103900128,357,100,257
103900131,27,70,-43
103900133,1298,50,1248
103900134,1,18,-17
103900135,2,2,0
103900137,0,2,-2
103900138,388,42,346
103900139,259,6411,-6152
103900140,4,665,-661
103900141,296,66,230
103900142,502,62,440
103900143,417,0,417
103900144,2,4,-2
103900145,183,249,-66
103900146,731,132,599
103900147,1008,146,862
103900148,763,84,679
103900149,649,259,390
103900150,6726,10184,-3458
103900151,18,245,-227
103900152,2604,465,2139
103900153,16,5,11
103900154,339,4248,-3909
103900155,81,164,-83
103900156,139,83,56
103900157,579,87,492
103900158,636,56,580
103900159,824,38,786
103900160,43,53,-10
103900161,124,172,-48
103900162,89,42,47
103900163,19,905,-886
103900164,448,31,417
103900167,21,226,-205
103900168,124,113,11
103900169,26,130,-104
103900170,10,47,-37
103900171,0,28,-28
103900172,3,7,-4
103900173,57,40,17
103900174,872,46,826
103900175,67,255,-188
103900176,13,49,-36
103900177,58,21,37
103900178,117,10,107
103900179,166,33,133
103900180,34,56,-22
103900181,6,199,-193
103900182,41,62,-21
103900184,410,191,219
103900185,102,1654,-1552
103900187,13,359,-346
103900188,293,148,145
103900189,201,15,186
103900190,307,67,240
103900191,80,93,-13
103900192,20,89,-69
103900193,46,105,-59
103900194,128,130,-2
103900195,4,227,-223
103900196,137,260,-123
103900197,10,24,-14
103900198,13,34,-21
103900199,238,140,98
103900200,689,87,602
103900201,198,84,114
103900202,20,74,-54
103900203,105,57,48
103900204,3,33,-30
103900207,0,21,-21
103900208,320,1,319
103900209,14,89,-75
103900210,105,71,34
103900211,1489,132,1357
103900212,375,124,251
103900213,15,496,-481
103900214,401,926,-525
103900215,192,734,-542
103900216,92,314,-222
103900217,661,230,431
103900218,2,828,-826
103900219,896,224,672
103900233,822,80,742
103900235,56,553,-497
103900236,37,95,-58
103900242,3,2,1
103900243,1,0,1
103900244,289,183,106
103900245,334,66,268
103900246,61,97,-36
103900247,22,63,-41
103900248,15,166,-151
103900249,53,146,-93
103900250,279,153,126
103900251,2,162,-160
103900253,10,209,-199
103900254,0,117,-117
103900255,3,181,-178
103900256,85,106,-21
103900257,228,461,-233
103900258,29,17,12
103900259,10,78,-68
103900261,71,2,69
103900262,57,5,52
103900263,62,123,-61
103900264,46,5,41
103900265,24,3,21
103900266,16,552,-536
103900267,1,55,-54
103900268,0,2,-2
103900269,52,8,44
103900270,11,5,6
104000001,6159,3872,2287
104000002,3049,3213,-164
104000003,4138,3086,1052
104000004,4251,3170,1081
104000005,4415,3098,1317
104000006,5220,2986,2234
104000007,6731,5311,1420
104000008,395,532,-137
104000009,314,311,3
104000010,184,1129,-945
104000011,469,218,251
104000012,230,223,7
104000013,497,869,-372
104000014,309,399,-90
104000015,856,321,535
104000016,495,349,146
104000018,1152,489,663
104000019,940,734,206
104000020,159,300,-141
104000021,684,380,304
104000022,589,606,-17
104000023,1906,829,1077
104000024,499,471,28
104000026,81,242,-161
104000027,606,328,278
104000028,813,681,132
104000029,619,446,173
104000030,625,665,-40
104000031,2325,414,1911
104000032,401,214,187
104000033,1280,717,563
104000034,398,191,207
104000035,1966,449,1517
104000036,2230,505,1725
104000037,333,212,121
104000038,640,632,8
104000039,330,174,156
104000040,155,1063,-908
104000041,941,807,134
104000042,326,298,28
104000043,345,347,-2
104000044,643,902,-259
104000045,1139,674,465
104000046,1010,1056,-46
104000047,1139,978,161
104000048,1498,856,642
104000049,1547,745,802
104000050,195,1450,-1255
104000051,405,1583,-1178
104000052,3625,4388,-763
104000053,2127,615,1512
104000054,1373,346,1027
104000055,4068,3308,760
104000056,942,280,662
104000057,349,228,121
104000058,1981,1257,724
104000059,1561,1590,-29
104000060,2173,3202,-1029
104000061,1620,1193,427
104000062,396,206,190
104000064,1288,433,855
104000065,213,1008,-795
104000069,623,2933,-2310
104000070,91,865,-774
104000071,351,282,69
104000072,942,239,703
104000075,261,410,-149
104000076,822,107,715
104000082,2940,6972,-4032
104000083,878,387,491
104000084,206,465,-259
104000085,990,554,436
104000086,495,555,-60
104000087,410,3110,-2700
104000090,2112,1021,1091
104000092,3097,1235,1862
104000094,1382,943,439
104000095,5539,2235,3304
104000096,4535,199,4336
104000097,5093,706,4387
104000098,6793,687,6106
104000100,4664,1155,3509
104000101,3314,2275,1039
104000106,21,831,-810
104000107,945,230,715
104000108,380,382,-2
104000109,646,359,287
104000110,1234,2003,-769
104000111,3206,7555,-4349
104000112,788,610,178
104000116,4,843,-839
104000117,600,438,162
104000118,3212,238,2974
104000119,1735,436,1299
104000120,451,597,-146
104000121,601,617,-16
104000122,1453,675,778
104000123,1424,840,584
104000124,522,1583,-1061
104000125,3409,8455,-5046
104000126,869,773,96
104000127,2074,1781,293
104000128,1026,208,818
104000129,764,22,742
104000130,5,592,-587
104000131,456,594,-138
104000132,721,701,20
104000133,2349,1100,1249
104000134,1900,2428,-528
104000135,1217,1962,-745
104000136,1083,4173,-3090
104000137,3528,503,3025
104000138,2723,664,2059
104000139,3365,3594,-229
104000141,1169,828,341
104000142,1403,503,900
104000143,1580,436,1144
104000144,295,438,-143
104000145,409,323,86
104000146,233,773,-540
104000147,232,506,-274
104000148,597,400,197
104000149,309,91,218
104000150,1501,820,681
104000151,539,232,307
104000152,1081,415,666
104000153,1557,966,591
104000154,745,264,481
104000155,817,1320,-503
104000157,2696,1236,1460
104000158,220,1233,-1013
104000159,1195,1145,50
104000160,2326,3805,-1479
104000161,345,251,94
104000162,236,218,18
104000165,1345,853,492
104000167,1152,2555,-1403
104000168,1879,25,1854
104000169,360,128,232
104000170,379,408,-29
104000248,689,908,-219
104000251,149,255,-106
104000272,0,0,0
104000273,0,0,0
104000274,0,0,0
104000275,0,0,0
104000279,868,769,99
104000290,138,734,-596
104000291,661,2672,-2011
104000293,2925,1773,1152
104000294,217,2,215
104000295,1514,1757,-243
104000296,908,983,-75
104000297,1564,4101,-2537
104000298,2445,1278,1167
104000299,2085,1220,865
104900001,154,333,-179
104900002,109,439,-330
104900003,113,204,-91
104900004,120,135,-15
104900005,871,432,439
104900006,1300,84,1216
104900007,1013,220,793
104900009,321,268,53
104900010,183,16,167
104900011,35,188,-153
104900012,408,123,285
104900013,131,15,116
104900014,2048,463,1585
104900015,138,14,124
104900016,335,221,114
104900017,235,228,7
104900018,12,200,-188
104900019,335,9219,-8884
104900020,66,451,-385
104900021,2,38,-36
104900022,68,678,-610
104900023,0,29,-29
104900024,45,485,-440
104900025,176,210,-34
104900026,0,53,-53
104900027,1007,496,511
104900028,19,196,-177
104900029,29,21,8
104900030,894,224,670
104900031,58,467,-409
104900032,129,83,46
104900033,362,237,125
104900034,630,245,385
104900035,678,345,333
104900036,620,72,548
104900037,417,182,235
104900038,190,3035,-2845
104900039,351,546,-195
104900040,1025,87,938
104900041,768,213,555
104900042,347,328,19
104900043,44,640,-596
104900044,1549,181,1368
104900045,544,71,473
104900046,1153,120,1033
104900047,669,123,546
104900048,719,95,624
104900049,166,69,97
104900050,953,116,837
104900051,570,49,521
104900052,272,16,256
104900053,953,113,840
104900054,437,50,387
104900055,497,3,494
104900056,600,35,565
104900057,136,0,136
104900058,597,936,-339
104900059,245,72,173
104900060,0,527,-527
104900061,172,201,-29
104900063,4,473,-469
104900064,0,174,-174
104900065,2,673,-671
104900066,2,81,-79
104900067,7,623,-616
104900068,191,321,-130
104900070,150,219,-69
104900071,4,561,-557
104900072,149,248,-99
104900073,212,178,34
104900074,110,96,14
104900075,170,61,109
104900076,324,127,197
104900077,695,245,450
104900078,335,190,145
104900079,332,2297,-1965
104900080,362,303,59
104900082,4,290,-286
104900085,22,227,-205
104900087,613,14,599
104900089,703,1,702
104900090,2382,1869,513
104900091,757,664,93
104900093,291,346,-55
104900097,2010,6773,-4763
104900098,501,47,454
104900099,92,1733,-1641
104900100,667,191,476
104900102,140,88,52
104900103,316,81,235
104900104,2246,2604,-358
104900106,646,354,292
104900107,126,303,-177
104900108,61,321,-260
104900109,183,271,-88
104900110,25,48,-23
104900111,782,100,682
104900112,1053,364,689
104900113,1578,292,1286
104900114,1388,564,824
104900115,1926,214,1712
104900116,1329,466,863
104900118,47,152,-105
104900119,1,211,-210
104900120,16,1806,-1790
104900121,0,19,-19
104900122,0,36,-36
104900123,206,19,187
104900124,177,1,176
104900125,619,0,619
104900126,85,58,27
104900127,75,27,48
104900128,242,126,116
104900129,1246,5724,-4478
105000001,5748,1924,3824
105000002,4493,3486,1007
105000003,4486,7928,-3442
105000004,2110,1548,562
105000005,2994,2769,225
105000006,2122,4399,-2277
105000007,2688,5137,-2449
105000008,1452,7107,-5655
105000009,4850,7049,-2199
105000010,3946,1487,2459
105000011,4908,6972,-2064
105000012,2962,2512,450
105000013,2013,2846,-833
105000014,6134,6312,-178
105000015,12562,24455,-11893
105000016,1208,1341,-133
105000017,1930,1452,478
105000018,775,3416,-2641
105000019,1655,1988,-333
105000020,146,1090,-944
105000021,514,368,146
105000022,172,363,-191
105000023,1880,316,1564
105000028,30,113,-83
105000029,915,2337,-1422
105000030,5264,3092,2172
105000033,1889,1639,250
105000034,276,2554,-2278
105000037,1155,372,783
105000038,1856,3697,-1841
105000039,1886,1444,442
105000040,1526,3536,-2010
105000041,489,1419,-930
105000042,3343,2770,573
105000043,1161,3226,-2065
105000044,1462,771,691
105000045,467,424,43
105000046,3068,592,2476
105000047,908,593,315
105000048,1968,513,1455
105000049,613,599,14
105000050,1881,960,921
105000051,297,506,-209
105000052,1298,2377,-1079
105000053,297,262,35
105000054,784,3032,-2248
105000055,1251,520,731
105000056,3200,3333,-133
105000057,2852,1298,1554
105000058,2477,1571,906
105000059,2088,1426,662
105000060,886,600,286
105000061,2926,1216,1710
105000062,1029,796,233
105000063,609,676,-67
105000064,5075,1447,3628
105000065,733,858,-125
105000066,1693,2013,-320
105000067,3180,2224,956
105000068,526,1595,-1069
105000069,2322,5212,-2890
105000070,936,2333,-1397
105000071,266,3924,-3658
105000072,1858,10484,-8626
105000073,2457,1748,709
105000074,859,815,44
105000075,1040,1061,-21
105000076,1896,2040,-144
105000077,4529,1536,2993
105000078,1428,2403,-975
105000079,1537,3615,-2078
105000080,3168,4633,-1465
105000081,1761,1971,-210
105000082,1186,2694,-1508
105000083,3150,5172,-2022
105000084,1092,1382,-290
105000085,3976,3858,118
105000086,1525,1624,-99
105000087,4347,4278,69
105000088,3339,5340,-2001
105000089,3382,2568,814
105000090,839,910,-71
105000091,1237,1323,-86
105000092,852,1278,-426
105000093,628,703,-75
105000094,513,349,164
105000095,404,1591,-1187
105000096,2265,4361,-2096
105000097,678,1131,-453
105000098,2413,3326,-913
105000099,969,2523,-1554
105000100,3697,1825,1872
105000101,4695,2757,1938
105000102,3476,2849,627
105000103,2141,4402,-2261
105000104,4062,2252,1810
105000105,2162,2315,-153
105000106,3360,1710,1650
105000107,3405,1552,1853
105000108,3478,1823,1655
105000109,4908,1495,3413
105000110,1894,708,1186
105000111,2468,620,1848
105000112,2128,776,1352
105000113,734,1623,-889
105000114,2299,2291,8
105000115,556,4006,-3450
105000116,2323,1221,1102
105000117,1227,705,522
105000118,2260,969,1291
105000119,1302,984,318
105000120,3341,1268,2073
105000121,1829,712,1117
105000122,844,986,-142
105000123,847,854,-7
105000124,4431,1355,3076
105000125,2136,1685,451
105000126,3932,2561,1371
105000127,5470,2571,2899
105000128,1563,2597,-1034
105000129,2873,767,2106
105000130,297,5863,-5566
105000131,564,244,320
105000132,2497,1488,1009
105000133,786,1000,-214
105000134,2666,706,1960
105000135,342,591,-249
105000136,59,68,-9
105000137,973,290,683
105000138,105,50,55
105000139,1276,538,738
105000140,483,460,23
105000141,779,379,400
105000142,564,528,36
105000143,285,655,-370
105000144,537,781,-244
105000145,1592,484,1108
105000146,737,831,-94
105000147,1138,746,392
105000148,1040,1615,-575
105000149,4982,3266,1716
105000150,1895,1060,835
105000151,1309,733,576
105000152,288,952,-664
105000153,1643,984,659
105000154,960,855,105
105000155,645,833,-188
105000156,662,1144,-482
105000157,1099,1827,-728
105000158,4382,1158,3224
105000159,632,975,-343
105000160,5868,1185,4683
105000161,1276,1132,144
105000162,1149,5035,-3886
105000163,1819,1659,160
105000164,216,726,-510
105000165,1800,18420,-16620
105000166,7880,2849,5031
105000167,2305,6147,-3842
105000168,690,753,-63
105000169,1897,188,1709
105000170,693,1914,-1221
105000171,2884,398,2486
105000172,691,72,619
105000173,835,60,775
105000174,222,62,160
105000175,223,94,129
105000176,1311,252,1059
105000177,889,485,404
105000178,620,388,232
105000179,2095,171,1924
105000180,547,154,393
105000181,501,251,250
105000182,142,169,-27
105000183,3699,4627,-928
105000184,430,1900,-1470
105000185,869,1910,-1041
105000186,779,1217,-438
105000187,1452,932,520
105000188,194,612,-418
105000189,144,887,-743
105000190,372,513,-141
105000191,814,620,194
105000192,934,88,846
105000193,122,334,-212
105000194,1179,130,1049
105000195,761,1103,-342
105000196,108,401,-293
105000197,434,635,-201
105000198,480,230,250
105000199,96,780,-684
105000200,181,710,-529
105000201,143,175,-32
105000203,76,208,-132
105000204,101,89,12
105000205,105,214,-109
105000207,332,119,213
105000208,314,1281,-967
105000209,309,141,168
105000212,2087,700,1387
105000213,129,334,-205
105000214,172,412,-240
105000215,585,255,330
105000216,451,97,354
105000217,511,151,360
105000218,4144,1625,2519
105000221,265,497,-232
105000222,666,600,66
105000223,930,883,47
105000226,281,240,41
105000227,107,289,-182
105000228,125,2637,-2512
105000229,350,1431,-1081
105000231,1110,453,657
105000233,1799,1845,-46
105000234,673,975,-302
105000235,810,1438,-628
105000237,2955,221,2734
105000243,129,81,48
105000248,90,192,-102
105000262,1142,414,728
105000269,330,254,76
105000270,1290,29,1261
105000271,1,276,-275
105000282,97,130,-33
105000287,395,252,143
105000288,1596,790,806
105000289,767,2406,-1639
105000290,48,51,-3
105000402,2421,8137,-5716
105000426,399,768,-369
105000438,1241,1698,-457
105000446,11307,4818,6489
105000447,2678,1706,972
105000454,1785,245,1540
105000455,264,179,85
105000474,286,1,285
105000477,2047,927,1120
105000478,4246,9273,-5027
105000479,215,315,-100
105000480,6554,11499,-4945
105000481,7880,8589,-709
105000482,3158,3796,-638
105000483,3881,6427,-2546
105000484,2415,2764,-349
105000485,1509,5941,-4432
105000486,2414,3289,-875
105000488,3704,2320,1384
105000489,3389,1633,1756
105000549,181,1082,-901
105000550,534,1065,-531
105000551,38,164,-126
105000552,3476,1592,1884
105900001,15,5028,-5013
105900002,927,2316,-1389
105900003,8,247,-239
105900004,337,89,248
105900005,837,556,281
105900006,25,646,-621
105900007,103,346,-243
105900008,265,183,82
105900009,87,82,5
105900011,269,118,151
105900012,772,125,647
105900013,7,48,-41
105900014,14,105,-91
105900015,113,750,-637
105900016,1621,512,1109
105900017,3584,50,3534
105900018,219,282,-63
105900019,239,454,-215
105900020,75,113,-38
105900021,77,1914,-1837
105900022,426,615,-189
105900023,10,384,-374
105900024,9,608,-599
105900025,564,5,559
105900026,489,17,472
105900027,25967,6182,19785
105900028,360,1572,-1212
105900029,2934,398,2536
105900030,460,593,-133
105900031,891,240,651
105900032,211,146,65
105900033,149,228,-79
105900034,1015,664,351
105900035,899,376,523
105900036,250,201,49
105900037,496,79,417
105900038,319,335,-16
105900039,427,123,304
105900040,347,136,211
105900041,252,556,-304
105900042,248,396,-148
105900043,2433,41,2392
105900044,13,877,-864
105900045,2,2931,-2929
105900046,2,344,-342
105900047,71,91,-20
105900048,238,637,-399
105900050,1826,13974,-12148
105900051,74,1555,-1481
105900052,2318,198,2120
105900053,4475,7533,-3058
105900054,382,583,-201
105900056,1352,1006,346
105900057,25,195,-170
105900058,33,45,-12
105900059,2,320,-318
106000001,2879,3616,-737
106000002,1077,4051,-2974
106000003,5684,7167,-1483
106000004,1988,2480,-492
106000005,6805,6536,269
106000006,6545,2042,4503
106000007,799,530,269
106000008,556,466,90
106000009,707,348,359
106000010,417,544,-127
106000011,2934,1493,1441
106000012,1589,1221,368
106000013,3767,2301,1466
106000014,2415,1637,778
106000015,4218,1651,2567
106000016,2414,2161,253
106000017,1079,1295,-216
106000018,1024,887,137
106000019,860,792,68
106000020,631,602,29
106000021,588,827,-239
106000022,562,341,221
106000023,1449,900,549
106000024,1078,696,382
106000025,258,362,-104
106000026,170,255,-85
106000027,2718,2432,286
106000028,1382,371,1011
106000029,1200,1039,161
106000030,362,898,-536
106000034,170,428,-258
106000035,1486,2794,-1308
106000036,225,544,-319
106000037,1878,1908,-30
106000038,136,335,-199
106000039,117,305,-188
106000040,135,1083,-948
106000041,1010,625,385
106000043,514,384,130
106000046,789,128,661
106000047,51,727,-676
106000049,2159,346,1813
106000050,375,945,-570
106000051,1764,889,875
106000052,484,471,13
106000053,1076,231,845
106000054,654,342,312
106000055,1828,1205,623
106000056,764,297,467
106000057,1016,500,516
106000058,524,160,364
106000059,818,587,231
106000060,725,391,334
106000061,347,1474,-1127
106000062,276,464,-188
106000063,1631,1388,243
106000064,23,660,-637
106000065,789,349,440
106000066,200,1104,-904
106000067,1037,172,865
106000068,184,831,-647
106000069,994,135,859
106000070,542,712,-170
106000071,1258,384,874
106000072,4722,1906,2816
106000073,2400,9556,-7156
106000074,1343,1067,276
106000075,675,1701,-1026
106000076,2117,2253,-136
106000077,2706,1154,1552
106000078,2403,840,1563
106000079,1397,1156,241
106000080,2152,769,1383
106000081,1574,1132,442
106000082,2455,767,1688
106000083,519,1306,-787
106000084,1200,638,562
106000085,2181,1612,569
106000086,946,938,8
106000087,1268,591,677
106000088,671,818,-147
106000089,2213,434,1779
106000090,568,893,-325
106000091,329,618,-289
106000092,2444,770,1674
106000093,1086,221,865
106000094,87,442,-355
106000095,2029,1299,730
106000096,2550,792,1758
106000097,2476,1343,1133
106000098,2313,1110,1203
106000099,353,1349,-996
106000100,2725,388,2337
106000101,1778,924,854
106000102,184,1827,-1643
106000103,359,1333,-974
106000104,1581,723,858
106000105,762,1058,-296
106000106,1534,495,1039
106000107,195,358,-163
106000108,802,148,654
106000109,301,209,92
106000110,756,198,558
106000111,280,272,8
106000112,564,1336,-772
106000113,1100,548,552
106000114,849,1854,-1005
106000115,600,441,159
106000116,623,366,257
106000117,1719,591,1128
106000118,2521,1914,607
106000119,1660,682,978
106000120,1949,2709,-760
106000121,864,371,493
106000122,582,74,508
106000123,1740,206,1534
106000124,298,128,170
106000125,92,170,-78
106000126,859,126,733
106000127,3520,960,2560
106000128,2341,330,2011
106000129,1556,570,986
106000130,2508,612,1896
106000131,305,1346,-1041
106000132,1630,422,1208
106000133,3526,3449,77
106000134,1079,6779,-5700
106000135,271,983,-712
106000136,1618,2977,-1359
106000137,125,1470,-1345
106000138,4892,199,4693
106000139,273,78,195
106000140,51,90,-39
106000141,212,83,129
106000142,196,104,92
106000143,53,44,9
106000144,52,223,-171
106000145,1110,122,988
106000146,745,249,496
106000147,934,581,353
106000148,806,854,-48
106000149,1347,523,824
106000150,1597,3674,-2077
106000151,5392,838,4554
106000152,1682,4741,-3059
106000153,220,3170,-2950
106000154,2111,338,1773
106000155,348,447,-99
106000156,3624,353,3271
106000157,1317,2580,-1263
106000158,2650,911,1739
106000159,4413,4370,43
106000160,1587,7974,-6387
106000161,1538,524,1014
106000162,810,2466,-1656
106000163,762,333,429
106000164,1352,381,971
106000165,481,797,-316
106000166,2334,529,1805
106000167,849,1645,-796
106000168,1753,549,1204
106000169,649,727,-78
106000170,2316,1160,1156
106000171,397,1750,-1353
106000172,3785,2584,1201
106000173,1176,4270,-3094
106000174,2255,602,1653
106000175,327,634,-307
106000176,4674,1479,3195
106000177,1677,2697,-1020
106000178,4530,1980,2550
106000179,985,1812,-827
106000180,1281,782,499
106000181,3174,1675,1499
106000182,4029,691,3338
106000183,3942,454,3488
106000184,2697,842,1855
106000185,3436,2773,663
106000186,599,78,521
106000187,245,2530,-2285
106000188,0,10,-10
106000189,18,109,-91
106000190,68,11,57
106000191,978,180,798
106000192,0,12,-12
106000193,546,292,254
106000194,247,601,-354
106000195,429,411,18
106000196,169,904,-735
106000197,1479,415,1064
106000198,384,377,7
106000199,1205,2457,-1252
106000200,753,445,308
106000201,584,12154,-11570
106000202,4520,948,3572
106000203,50,253,-203
106000204,114,7,107
106000205,11,161,-150
106000206,132,22,110
106000207,36,281,-245
106000208,5583,527,5056
106000209,3811,1362,2449
106000210,593,849,-256
106000211,202,1256,-1054
106000212,2105,738,1367
106000213,276,1387,-1111
106000214,1989,726,1263
106000215,548,577,-29
106000216,1182,530,652
106000217,222,569,-347
106000218,470,365,105
106000219,282,273,9
106000220,809,369,440
106000221,829,169,660
106000222,199,172,27
106000223,836,237,599
106000224,629,86,543
106000225,233,238,-5
106000226,138,274,-136
106000228,114,132,-18
106000229,352,731,-379
106000231,2193,127,2066
106000232,136,436,-300
106000233,921,1464,-543
106000234,114,869,-755
106000235,568,1089,-521
106000236,159,845,-686
106000237,0,27,-27
106000238,4,96,-92
106000239,1,147,-146
106000240,64,19,45
106000241,32,887,-855
106000242,924,42,882
106000249,214,90,124
106000250,249,1431,-1182
106000251,278,25,253
106000252,41,102,-61
106000253,91,106,-15
106000254,396,41,355
106000255,111,282,-171
106000256,195,25,170
106000257,152,248,-96
106000258,136,321,-185
106000259,6,274,-268
106000260,103,36,67
106000261,6,109,-103
106000262,159,31,128
106000263,65,104,-39
106000264,398,46,352
106000265,47,182,-135
106000266,225,42,183
106000267,25,135,-110
106000268,423,66,357
106000269,47,45,2
106000270,145,277,-132
106000271,130,145,-15
106000272,223,90,133
106000273,29,293,-264
106000274,213,46,167
106000275,442,268,174
106000276,233,29,204
106000277,205,297,-92
106000278,178,31,147
106000279,59,8,51
106000280,232,33,199
106000281,118,31,87
106000282,186,88,98
106000283,232,44,188
106000284,277,143,134
106000285,213,109,104
106000286,289,117,172
106000287,139,81,58
106000288,210,112,98
106000289,228,122,106
106000290,165,86,79
106000291,199,101,98
106000292,224,154,70
106000293,221,87,134
106000294,150,61,89
106000295,71,117,-46
106000296,54,58,-4
106000297,71,282,-211
106000298,91,196,-105
106000299,93,90,3
106000300,47,151,-104
106000301,79,189,-110
106000303,61,40,21
106000304,87,17,70
106000305,144,35,109
106000306,50,58,-8
106000307,278,19,259
106000308,47,101,-54
106000309,32,76,-44
106000310,514,386,128
106000311,807,230,577
106000312,269,216,53
106000313,653,192,461
106000318,89,550,-461
106000319,4839,543,4296
106000320,6,173,-167
106000321,267,534,-267
106000322,688,76,612
106000324,151,148,3
106000325,3528,1250,2278
106000326,1284,1483,-199
106000327,461,125,336
106000328,32,676,-644
106000329,94,841,-747
106000330,75,336,-261
106000428,128,341,-213
106000429,180,275,-95
106000430,454,2215,-1761
106000431,3751,532,3219
106000432,1075,2999,-1924
106000433,3305,1543,1762
106000434,5876,1657,4219
106000435,1569,2415,-846
106000436,10,269,-259
106000437,1018,112,906
106000438,388,794,-406
106000439,119,1385,-1266
106000440,293,952,-659
106000441,3,6,-3
106000442,659,34,625
106000443,519,142,377
106000450,4,140,-136
106000451,55,223,-168
106000454,7,167,-160
106000455,9,128,-119
106000456,209,33,176
106000457,71,856,-785
106000458,2108,149,1959
106000459,974,100,874
106000460,3684,99,3585
106000461,676,278,398
106000462,8,63,-55
106000463,1,8,-7
106000464,3,280,-277
106000465,1214,13,1201
106000466,24,297,-273
106000467,182,367,-185
106000468,365,209,156
106000469,229,2,227
106000470,285,4420,-4135
106000471,5,463,-458
106000472,415,19,396
106000473,114,4,110
106000474,470,658,-188
106000475,694,279,415
106000476,266,312,-46
106000477,13,37,-24
106900001,0,14,-14
106900002,7,188,-181
106900003,92,3039,-2947
106900004,1,12,-11
106900006,0,22,-22
106900007,0,22,-22
106900008,1595,81,1514
106900009,1268,153,1115
106900010,841,400,441
106900012,1808,6188,-4380
106900013,1320,321,999
106900014,196,4,192
106900015,33,8,25
106900016,850,22,828
106900017,57,0,57
106900018,10,0,10
106900019,354,2,352
106900020,4077,5179,-1102
106900021,293,134,159
106900022,2694,3,2691
106900023,122,113,9
106900024,1150,109,1041
106900025,34,1408,-1374
106900026,2,220,-218
106900027,1815,8,1807
107000001,4851,6515,-1664
107000002,1903,2413,-510
107000003,16190,12610,3580
107000004,5456,2210,3246
107000005,15720,11488,4232
107000006,4902,3232,1670
107000007,10391,12773,-2382
107000008,6978,4269,2709
107000009,16291,11587,4704
107000010,8146,5097,3049
107000011,1107,1770,-663
107000012,3482,3260,222
107000013,204,55,149
107000014,179,119,60
107000015,776,456,320
107000016,1769,463,1306
107000017,1095,5349,-4254
107000018,14,4932,-4918
107000020,1061,4661,-3600
107000021,1484,694,790
107000022,1398,5176,-3778
107000023,2680,302,2378
107000024,854,6154,-5300
107000025,600,365,235
107000026,488,1004,-516
107000027,3127,928,2199
107000028,3225,712,2513
107000029,7844,4433,3411
107000030,4349,2071,2278
107000031,10149,4459,5690
107000032,351,860,-509
107000033,3410,6172,-2762
107000034,6847,1670,5177
107000035,934,439,495
107000036,1406,2543,-1137
107000037,157,1164,-1007
107000038,526,268,258
107000039,1910,1771,139
107000040,890,281,609
107000041,1761,1299,462
107000042,1147,3751,-2604
107000043,2398,1226,1172
107000044,451,782,-331
107000045,109,675,-566
107000046,1073,707,366
107000047,733,1758,-1025
107000048,918,697,221
107000049,676,1200,-524
107000050,1156,905,251
107000051,453,529,-76
107000052,1884,2913,-1029
107000053,702,893,-191
107000054,56,187,-131
107000055,228,219,9
107000056,727,608,119
107000057,1745,165,1580
107000058,2908,5296,-2388
107000059,2913,3725,-812
107000060,10304,8960,1344
107000061,6395,3508,2887
107000062,11612,6091,5521
107000063,5612,3754,1858
107000064,9891,8459,1432
107000065,4279,6392,-2113
107000066,2544,5819,-3275
107000067,2555,2204,351
107000068,1092,1871,-779
107000069,1900,1376,524
107000070,2614,34,2580
107000071,8346,94,8252
107000072,14,1311,-1297
107000073,2377,1286,1091
107000074,71,601,-530
107000075,4173,498,3675
107000076,534,912,-378
107000077,5638,1151,4487
107000078,789,1628,-839
107000079,5608,2214,3394
107000080,596,1957,-1361
107000081,5401,1183,4218
107000082,1199,912,287
107000083,2756,1452,1304
107000084,354,955,-601
107000085,5081,4301,780
107000086,4031,2706,1325
107000087,5731,4543,1188
107000088,4556,4996,-440
107000089,3700,5123,-1423
107000090,2434,1206,1228
107000091,3283,2067,1216
107000092,1466,1034,432
107000093,2418,2025,393
107000094,1735,1207,528
107000095,2687,1396,1291
107000096,1116,668,448
107000097,1189,1330,-141
107000098,349,920,-571
107000099,825,1034,-209
107000100,409,847,-438
107000101,245,567,-322
107000102,445,577,-132
107000103,802,507,295
107000104,257,508,-251
107000105,1092,419,673
107000106,288,337,-49
107000107,1695,340,1355
107000108,342,688,-346
107000109,2174,425,1749
107000110,125,242,-117
107000111,1261,128,1133
107000112,67,216,-149
107000113,2075,249,1826
107000114,59,444,-385
107000115,1581,1251,330
107000116,141,1091,-950
107000117,276,4899,-4623
107000118,158,249,-91
107000119,2466,2105,361
107000120,1165,1622,-457
107000121,1651,1062,589
107000122,1467,1000,467
107000123,1188,762,426
107000124,1175,446,729
107000125,2482,758,1724
107000126,3167,273,2894
107000127,38,769,-731
107000129,345,269,76
107000130,551,572,-21
107000131,601,509,92
107000132,1109,688,421
107000133,585,280,305
107000134,412,4,408
107000135,1,519,-518
107000136,825,17,808
107000137,7,719,-712
107000138,286,42,244
107000139,33,1233,-1200
107000140,3233,107,3126
107000141,183,1423,-1240
107000142,997,123,874
107000143,111,2561,-2450
107000144,1174,1126,48
107000145,432,1062,-630
107000146,323,683,-360
107000147,5493,837,4656
107000150,762,7827,-7065
107000151,23,76,-53
107000152,1407,4416,-3009
107000153,60,292,-232
107000154,19,394,-375
107000155,1778,60,1718
107000156,2155,30,2125
107000157,81,787,-706
107000158,1769,60,1709
107000159,19,533,-514
107000160,3643,339,3304
107000161,207,465,-258
107000162,695,1405,-710
107000163,535,7,528
107000164,2245,6,2239
107000165,3020,18,3002
107000166,254,250,4
107000167,1699,433,1266
107000168,1822,927,895
107000169,527,436,91
107000170,6758,1503,5255
107000171,1174,1082,92
107000172,2744,3175,-431
107000173,709,544,165
107000174,2429,11618,-9189
107000175,5224,939,4285
107000176,0,0,0
107000177,9,0,9
107000178,124,16,108
107000179,841,1210,-369
107000180,3840,375,3465
107000181,848,767,81
107000182,4118,938,3180
107000183,439,861,-422
107000184,3079,1113,1966
107000185,633,1606,-973
107000186,1990,805,1185
107000187,2299,2017,282
107000188,1211,436,775
107000189,1487,1221,266
107000190,1560,784,776
107000191,1418,1426,-8
107000192,2870,829,2041
107000193,776,1161,-385
107000194,789,707,82
107000197,1677,618,1059
107000198,586,944,-358
107000199,1900,1219,681
107000200,1911,1285,626
107000201,997,716,281
107000202,620,718,-98
107000203,724,2138,-1414
107000204,655,2716,-2061
107000205,1253,1121,132
107000206,609,1797,-1188
107000207,850,1631,-781
107000208,1245,852,393
107000209,814,1333,-519
107000210,149,230,-81
107000211,2,69,-67
107000212,10,179,-169
107000213,8,39,-31
107000214,13,121,-108
107000215,1109,324,785
107000216,933,821,112
107000217,380,583,-203
107000219,138,388,-250
107000220,203,373,-170
107000222,611,400,211
107000224,1503,725,778
107000225,328,493,-165
107000226,1104,754,350
107000227,192,199,-7
107000228,745,999,-254
107000229,119,245,-126
107000230,1974,799,1175
107000231,741,2131,-1390
107000232,88,36,52
107000233,258,881,-623
107000234,3,144,-141
107000235,160,50,110
107000236,26,745,-719
107000237,107,0,107
107000238,77,1,76
107000239,3368,937,2431
107000240,827,707,120
107000241,76,10,66
107000242,262,19,243
107000243,1,123,-122
107000244,13,224,-211
107000246,0,762,-762
107000249,1,766,-765
107000251,0,375,-375
107000252,8,1400,-1392
107000255,397,485,-88
107000257,8,1587,-1579
107000258,4,275,-271
107000259,23,221,-198
107000260,3985,43,3942
107000262,341,221,120
107000263,877,24,853
107000266,52,54,-2
107000267,67,180,-113
107000268,498,85,413
107000269,115,11,104
107000270,383,200,183
107000271,0,0,0
107000272,247,0,247
107000273,10,383,-373
107000274,932,862,70
107000275,57,3263,-3206
107000280,2524,34,2490
107000281,54,482,-428
107000282,39,564,-525
107000290,57,170,-113
107000291,47,23,24
107000292,2,822,-820
107000293,17,18,-1
107000294,0,290,-290
107000295,72,14,58
107000296,0,28,-28
107000444,415,3,412
107000496,33,5,28
107000497,1625,1519,106
107000500,799,712,87
107000501,188,296,-108
107000502,419,1010,-591
107000505,619,1141,-522
107000506,0,11,-11
107000508,72,353,-281
107000509,238,1164,-926
107000510,64,280,-216
107000514,88,781,-693
107000515,21,56,-35
107000516,1008,749,259
107000518,3527,5409,-1882
107000519,1880,684,1196
107000520,250,262,-12
107900001,265,35,230
107900002,146,19,127
107900003,1696,32,1664
107900004,521,2,519
107900005,4973,23,4950
107900006,442,13,429
107900007,680,102,578
107900008,91,2,89
107900009,192,12,180
107900010,129,5,124
107900012,767,152,615
107900013,574,13,561
107900014,315,37,278
107900015,3432,41,3391
107900016,721,122,599
107900017,125,4,121
107900018,87,587,-500
107900019,28,16,12
107900020,49,41,8
107900021,355,52,303
107900023,4,13,-9
107900024,0,17,-17
107900025,337,142,195
107900026,92,19,73
107900027,27,140,-113
107900028,722,35,687
107900030,512,73,439
107900031,246,108,138
107900032,46,32,14
107900033,41,17,24
107900034,548,40,508
107900035,3335,181,3154
107900036,142,54,88
107900037,0,20,-20
107900038,134,660,-526
107900039,48,11,37
107900040,6,273,-267
107900041,8,4,4
107900043,317,134,183
107900044,21,23,-2
107900045,240,70,170
107900046,536,571,-35
107900047,123,26,97
107900048,704,60,644
107900049,712,2103,-1391
107900050,72,437,-365
107900051,91,22,69
107900052,28,125,-97
107900053,181,92,89
107900055,1062,555,507
107900056,157,236,-79
107900057,8,0,8
107900058,35,826,-791
107900060,16,337,-321
107900061,7,43,-36
107900063,167,254,-87
107900064,256,1095,-839
107900065,944,23,921
107900066,80,21,59
107900067,1,0,1
107900068,178,1283,-1105
107900069,48,6167,-6119
107900070,261,276,-15
107900071,51,375,-324
107900072,428,50,378
107900073,227,198,29
107900074,145,690,-545
107900076,339,118,221
107900077,259,14,245
107900078,254,146,108
107900079,67,41,26
107900080,105,1164,-1059
107900081,164,70,94
107900082,4,4,0
107900083,600,230,370
107900084,354,356,-2
107900086,56,605,-549
107900087,512,67,445
107900088,163,17,146
107900089,367,1192,-825
107900090,1543,4241,-2698
107900091,195,163,32
107900092,2045,242,1803
107900093,97,152,-55
107900095,1897,1850,47
107900097,74,142,-68
107900098,173,1494,-1321
107900100,424,2335,-1911
107900101,731,63,668
107900102,168,12,156
107900103,158,151,7
107900104,537,3,534
107900105,48,152,-104
107900106,13,417,-404
107900107,1595,480,1115
107900108,275,89,186
107900109,3961,83,3878
107900110,235,111,124
107900111,7,340,-333
107900112,113,1001,-888
107900113,340,52,288
107900114,395,81,314
107900115,1,12,-11
107900116,504,74,430
107900117,459,282,177
107900118,101,202,-101
107900119,244,420,-176
107900120,110,47,63
107900121,6,191,-185
107900122,1,365,-364
107900123,44,206,-162
107900124,11,107,-96
107900125,15,294,-279
107900126,125,619,-494
107900127,808,349,459
107900128,145,139,6
107900129,232,22,210
107900130,271,29,242
107900131,119,264,-145
107900132,156,253,-97
107900133,1,26,-25
107900134,61,129,-68
107900135,5,28,-23
107900136,30,30,0
107900137,122,135,-13
107900138,200,16,184
107900139,232,65,167
107900140,122,102,20
107900141,54,40,14
107900142,169,567,-398
107900143,62,12,50
107900144,1,68,-67
107900145,5,55,-50
107900146,54,183,-129
107900147,33,27,6
107900148,323,179,144
107900149,759,51,708
107900150,165,448,-283
107900151,116,37,79
107900152,28,112,-84
107900153,383,381,2
107900154,39,72,-33
107900155,152,217,-65
107900156,17,67,-50
107900157,26,108,-82
107900158,2563,81,2482
107900159,112,415,-303
107900160,223,73,150
107900161,349,71,278
107900162,1,81,-80
107900163,44,88,-44
107900164,47,166,-119
107900165,18,433,-415
107900166,106,70,36
107900167,29,81,-52
107900168,151,122,29
107900169,3,5059,-5056
107900171,387,506,-119
107900172,4,331,-327
107900173,103,48,55
107900174,391,4,387
107900175,68,331,-263
107900176,149,35,114
107900177,0,269,-269
107900178,1,327,-326
107900179,96,174,-78
107900180,318,1769,-1451
107900181,453,504,-51
107900182,44,562,-518
107900183,184,33,151
107900184,360,630,-270
107900185,315,32,283
107900186,78,49,29
107900187,0,295,-295
107900188,964,118,846
107900189,135,214,-79
107900190,31,194,-163
107900191,141,217,-76
107900193,5,79,-74
107900194,341,40,301
107900195,2251,285,1966
107900196,169,37,132
107900197,325,405,-80
107900199,2,539,-537
107900201,253,249,4
107900203,62,51,11
107900204,337,468,-131
107900205,407,329,78
107900206,290,904,-614
107900207,1,336,-335
107900208,6,237,-231
107900209,581,154,427
107900210,65,59,6
107900213,946,609,337
107900214,21,426,-405
107900215,352,654,-302
107900216,7,31,-24
107900217,85,96,-11
107900218,24,2847,-2823
107900219,295,26,269
107900220,44,223,-179
107900221,313,441,-128
107900223,325,158,167
107900224,320,724,-404
107900225,1,707,-706
107900226,16,76,-60
107900227,313,524,-211
107900228,59,191,-132
107900229,3,98,-95
107900230,64,27,37
107900231,53,57,-4
107900232,550,72,478
107900233,17,51,-34
107900234,587,182,405
107900235,176,280,-104
107900236,775,88,687
107900237,18,518,-500
107900238,144,29,115
107900239,623,1163,-540
107900240,151,65,86
107900241,19,17,2
107900242,99,372,-273
107900243,0,50,-50
107900244,718,7,711
107900245,1746,145,1601
107900246,494,94,400
107900248,1117,187,930
107900249,2103,277,1826
107900250,0,261,-261
107900251,96,664,-568
107900252,1631,71,1560
107900253,418,50,368
107900254,127,330,-203
107900255,289,67,222
107900256,733,2683,-1950
107900257,785,223,562
107900258,248,54,194
107900259,37,6581,-6544
107900261,12,187,-175
107900262,219,101,118
107900264,864,41,823
107900265,208,498,-290
107900267,888,41,847
107900268,55,7,48
107900269,0,9,-9
107900270,2,2,0
107900271,6,92,-86
107900272,42,40,2
107900273,137,51,86
107900274,195,2,193
107900275,132,0,132
107900276,0,9,-9
107900277,0,40,-40
107900278,1134,173,961
107900279,32,59,-27
107900280,3558,1561,1997
107900281,1263,13214,-11951
107900282,23,1755,-1732
107900283,1083,1723,-640
107900284,1506,1626,-120
107900285,335,31,304
107900286,39,32,7
107900287,667,155,512
107900290,2,1339,-1337
107900291,1070,45,1025
107900292,328,131,197
107900293,211,253,-42
107900295,165,66,99
107900297,6,620,-614
107900298,832,742,90
107900299,3563,4807,-1244
107900300,137,1458,-1321
107900301,1667,1289,378
107900302,168,56,112
107900303,698,645,53
107900304,1225,155,1070
107900305,523,26,497
107900306,5,96,-91
107900307,15,310,-295
107900308,244,329,-85
107900309,102,0,102
107900310,63,0,63
107900311,5,445,-440
107900312,83,0,83
107900313,18,192,-174
107900314,0,206,-206
107900315,0,66,-66
107900316,20,6,14
107900317,129,6,123
107900318,1,316,-315
107900319,12,64,-52
107900320,6,73,-67
107900321,418,27,391
107900322,6,44,-38
107900323,23,101,-78
107900324,273,9,264
107900325,440,6,434
107900326,1194,90,1104
107900327,2,220,-218
107900328,47,0,47
107900329,60,583,-523
107900330,19,114,-95
107900331,977,97,880
107900332,845,29,816
107900333,144,60,84
107900334,27,62,-35
107900335,40,174,-134
107900336,46,290,-244
107900337,637,1544,-907
107900338,1,170,-169
107900339,3,15,-12
107900340,3,153,-150
107900341,142,1,141
107900342,237,112,125
107900343,37,6,31
107900344,1,92,-91
107900345,129,39,90
107900346,17,6,11
107900347,91,4,87
107900348,2,16,-14
107900349,82,6,76
107900350,86,358,-272
108000001,6718,5929,789
108000002,2065,1844,221
108000003,4514,5146,-632
108000004,12276,11679,597
108000005,11253,8844,2409
108000006,4727,5705,-978
108000007,9336,8611,725
108000008,4803,4882,-79
108000009,10099,9045,1054
108000010,3239,5523,-2284
108000011,20280,16307,3973
108000012,11624,10579,1045
108000014,878,1956,-1078
108000015,1855,287,1568
108000016,427,577,-150
108000017,2443,558,1885
108000018,3185,1521,1664
108000019,1554,1767,-213
108000020,1901,631,1270
108000021,348,1737,-1389
108000022,637,1012,-375
108000023,3138,419,2719
108000024,753,428,325
108000025,1040,191,849
108000026,1372,886,486
108000027,1711,335,1376
108000028,1260,480,780
108000029,1243,528,715
108000030,810,380,430
108000031,224,950,-726
108000032,4416,1070,3346
108000033,1127,840,287
108000034,3642,903,2739
108000035,887,1736,-849
108000036,969,841,128
108000037,4591,483,4108
108000038,6442,603,5839
108000039,954,1334,-380
108000040,3771,1590,2181
108000041,534,2094,-1560
108000042,1030,161,869
108000043,475,264,211
108000044,1491,158,1333
108000045,548,260,288
108000046,3609,655,2954
108000047,786,783,3
108000048,160,348,-188
108000049,1488,279,1209
108000050,143,306,-163
108000051,768,475,293
108000052,300,386,-86
108000053,691,494,197
108000054,428,1373,-945
108000055,1675,1026,649
108000056,708,1461,-753
108000057,1038,2058,-1020
108000058,2829,7932,-5103
108000059,2609,1553,1056
108000060,369,880,-511
108000061,145,267,-122
108000062,2226,1062,1164
108000063,790,580,210
108000064,704,370,334
108000065,1133,692,441
108000066,3598,2068,1530
108000067,4613,1425,3188
108000068,1574,854,720
108000069,219,845,-626
108000070,4220,1394,2826
108000071,877,1537,-660
108000072,2257,1292,965
108000073,1272,1211,61
108000074,1182,1006,176
108000075,566,481,85
108000076,1553,920,633
108000077,989,568,421
108000078,4583,1359,3224
108000079,862,844,18
108000080,3273,831,2442
108000081,1384,739,645
108000082,841,1351,-510
108000083,3588,1272,2316
108000084,863,1516,-653
108000085,2537,1248,1289
108000086,532,630,-98
108000087,228,4139,-3911
108000088,625,34,591
108000089,631,697,-66
108000090,1333,407,926
108000091,225,667,-442
108000092,612,273,339
108000093,541,560,-19
108000094,2197,274,1923
108000095,355,524,-169
108000096,1218,390,828
108000097,242,598,-356
108000098,5070,2021,3049
108000099,497,146,351
108000100,123,429,-306
108000101,2080,2213,-133
108000102,2018,4561,-2543
108000106,1410,0,1410
108000107,2,1304,-1302
108000108,1213,116,1097
108000109,8,560,-552
108000110,886,497,389
108000111,423,1151,-728
108000112,85,312,-227
108000113,483,290,193
108000115,421,399,22
108000117,681,583,98
108000118,41,777,-736
108000119,861,399,462
108000120,406,1541,-1135
108000121,546,730,-184
108000122,1793,624,1169
108000123,1403,526,877
108000124,594,1552,-958
108000125,1362,280,1082
108000126,347,463,-116
108000127,1576,579,997
108000128,1614,263,1351
108000129,561,1623,-1062
108000130,1106,673,433
108000131,1087,282,805
108000132,863,899,-36
108000133,2264,478,1786
108000134,920,357,563
108000135,1815,1226,589
108000136,792,655,137
108000137,913,186,727
108000138,1140,787,353
108000139,1196,339,857
108000140,1117,27,1090
108000141,153,21,132
108000142,145,113,32
108000143,123,37,86
108000144,190,11,179
108000145,203,10,193
108000146,271,22,249
108000147,57,21,36
108000148,217,44,173
108000149,66,12,54
108000150,129,17,112
108000151,14,7,7
108000152,417,267,150
108000153,1632,177,1455
108000154,104,1,103
108000155,64,77,-13
108000156,492,267,225
108000157,481,3880,-3399
108000158,108,1914,-1806
108000159,290,382,-92
108000160,2296,2224,72
108000161,2542,8627,-6085
108000165,5,727,-722
108000172,2,595,-593
108000173,804,3511,-2707
108000175,796,189,607
108000178,446,280,166
108000179,161,1488,-1327
108000181,162,36,126
108000182,134,14,120
108000183,12,27,-15
108000184,831,5766,-4935
108000185,862,319,543
108000186,526,126,400
108000187,359,380,-21
108000188,1946,174,1772
108000189,592,3064,-2472
108000190,45,83,-38
108000192,613,168,445
108000193,508,24,484
108000194,26,9,17
108000195,7,1121,-1114
108000196,491,629,-138
108000198,1057,78,979
108000199,0,358,-358
108000200,1314,414,900
108000202,3,632,-629
108000203,551,545,6
108000204,313,127,186
108000205,336,393,-57
108000339,1406,708,698
108000364,104,417,-313
108000365,101,711,-610
108000367,376,330,46
108000368,49,58,-9
108000369,641,109,532
108000371,1,590,-589
108000372,1301,2,1299
108000373,352,108,244
108000376,181,23,158
108000377,1432,98,1334
108000378,13104,21320,-8216
108000379,45,412,-367
108000381,302,11,291
108000382,87,5,82
108000383,0,311,-311
108900001,33,382,-349
108900002,462,88,374
108900003,168,620,-452
108900004,194,1044,-850
108900005,113,672,-559
108900006,1740,529,1211
108900007,619,259,360
108900008,350,153,197
108900009,295,413,-118
108900010,685,264,421
108900011,1671,328,1343
108900012,904,353,551
108900013,298,570,-272
108900014,104,168,-64
108900015,0,278,-278
108900016,3,177,-174
108900017,270,1171,-901
108900018,313,512,-199
108900019,60,391,-331
108900020,70,109,-39
108900021,232,174,58
108900022,235,33,202
108900023,42,145,-103
108900024,123,35,88
108900025,728,60,668
108900026,45,31,14
108900027,0,36,-36
108900028,306,100,206
108900029,189,209,-20
108900030,0,25,-25
108900031,777,120,657
108900032,7,166,-159
108900033,0,89,-89
108900034,0,42,-42
108900035,714,356,358
108900036,301,367,-66
108900037,51,213,-162
108900038,0,76,-76
108900039,0,63,-63
108900040,21,41,-20
108900041,6428,4452,1976
108900042,20,420,-400
108900043,198,930,-732
108900044,0,103,-103
108900045,183,150,33
108900046,13,211,-198
108900047,1,131,-130
108900048,270,299,-29
108900049,1470,4942,-3472
108900050,3,68,-65
108900051,0,56,-56
108900052,80,83,-3
108900053,212,1113,-901
108900054,89,123,-34
108900055,32,376,-344
108900056,0,43,-43
108900057,0,111,-111
108900058,101,130,-29
108900059,2346,102,2244
108900060,154,279,-125
108900061,143,19,124
108900062,5,251,-246
108900063,30,80,-50
108900064,939,22,917
108900065,81,105,-24
108900066,876,202,674
108900067,4,235,-231
108900068,0,27,-27
108900069,357,19,338
108900070,78,41,37
108900071,344,62,282
108900072,1740,267,1473
108900073,12,40,-28
108900074,1207,117,1090
108900075,12,15,-3
108900076,942,56,886
108900077,34,145,-111
108900078,127,63,64
108900079,331,301,30
108900080,20,1994,-1974
108900081,92,383,-291
108900082,211,28,183
108900083,33,543,-510
108900084,336,166,170
108900085,1836,275,1561
108900086,432,39,393
108900087,116,275,-159
108900088,1056,608,448
108900089,11,198,-187
108900090,266,61,205
108900091,191,113,78
108900092,767,471,296
108900093,140,157,-17
108900094,699,262,437
108900095,21,516,-495
108900096,334,14,320
108900097,449,153,296
108900098,1725,2381,-656
108900099,975,168,807
108900100,124,129,-5
108900101,477,928,-451
108900102,15,2366,-2351
108900103,211,437,-226
108900104,87,494,-407
108900105,10,4386,-4376
108900106,1052,192,860
108900108,559,47,512
108900109,129,158,-29
108900110,359,232,127
108900111,1070,320,750
108900112,679,46,633
108900113,38,112,-74
108900114,0,17,-17
108900115,243,290,-47
108900116,210,28,182
108900117,472,31,441
108900118,1583,58,1525
108900119,872,40,832
108900120,270,503,-233
108900121,403,174,229
108900122,552,53,499
108900123,610,150,460
108900124,2122,272,1850
108900125,1604,15,1589
108900126,314,131,183
108900127,605,97,508
108900128,469,127,342
108900129,2407,233,2174
108900130,1655,5,1650
108900131,953,20,933
108900132,1351,141,1210
108900133,730,60,670
108900134,1692,282,1410
108900135,712,21,691
108900136,47,2,45
108900137,638,12,626
108900138,2306,161,2145
108900139,1515,138,1377
108900140,1557,79,1478
108900141,1324,33,1291
108900142,126,15,111
108900143,240,0,240
108900144,390,9,381
108900145,939,90,849
108900146,331,0,331
108900147,774,11,763
108900148,151,23,128
108900149,871,1233,-362
108900150,506,11,495
108900151,52,19,33
108900152,241,334,-93
108900153,772,121,651
108900154,9977,506,9471
108900155,679,68,611
108900156,277,15,262
108900157,136,357,-221
108900158,1182,178,1004
108900159,271,134,137
108900160,19,192,-173
108900161,130,594,-464
108900162,477,20,457
108900163,6,549,-543
108900164,166,115,51
108900165,93,76,17
108900167,1464,20100,-18636
108900168,5232,3129,2103
108900169,101,210,-109
108900171,4531,5767,-1236
108900172,312,158,154
108900173,127,516,-389
108900174,1915,747,1168
108900176,307,339,-32
108900177,5269,16912,-11643
108900178,3377,9787,-6410
108900179,461,3271,-2810
108900180,97,428,-331
108900182,132,818,-686
108900183,251,451,-200
108900184,758,500,258
108900185,119,904,-785
108900186,181,620,-439
108900187,1289,74,1215
108900188,1845,160,1685
108900189,631,649,-18
108900190,110,3307,-3197
108900191,197,265,-68
108900192,177,264,-87
108900193,110,57,53
108900194,17,438,-421
108900195,159,173,-14
108900196,299,377,-78
108900198,5,299,-294
108900199,370,461,-91
108900200,1342,786,556
108900201,442,1243,-801
108900203,691,203,488
108900204,619,25,594
108900205,506,41,465
108900206,966,168,798
108900207,496,532,-36
108900208,41,504,-463
108900209,172,635,-463
108900210,120,156,-36
108900211,388,902,-514
108900212,120,3188,-3068
108900215,96,428,-332
108900216,287,642,-355
108900217,172,1,171
108900218,113,31,82
108900219,84,14,70
108900220,157,33,124
108900221,55,73,-18
108900222,579,29,550
108900223,9,99,-90
108900224,81,192,-111
108900225,1,233,-232
108900226,912,88,824
108900227,389,650,-261
108900230,105,287,-182
108900231,14,170,-156
108900232,1,108,-107
108900233,940,218,722
108900234,363,223,140
108900235,299,433,-134
108900236,45,521,-476
108900237,50,54,-4
108900240,275,167,108
108900241,139,78,61
108900245,4,4151,-4147
108900249,147,26,121
108900250,700,120,580
108900257,448,373,75
108900258,5,118,-113
108900259,71,38,33
108900260,13,44,-31
108900261,36,37,-1
108900262,89,236,-147
108900263,98,276,-178
108900264,183,316,-133
108900265,2123,1039,1084
108900266,175,3386,-3211
108900267,0,642,-642
108900268,35,84,-49
108900269,446,80,366
108900270,421,48,373
108900271,148,374,-226
108900272,884,141,743
108900273,420,2375,-1955
108900274,101,21,80
108900275,5,1,4
108900276,0,5,-5
109000001,6440,4569,1871
109000002,906,4170,-3264
109000003,6036,778,5258
109000004,726,2451,-1725
109000005,3875,892,2983
109000006,1327,2078,-751
109000007,4243,1271,2972
109000008,1020,1813,-793
109000009,6149,2091,4058
109000010,1067,3467,-2400
109000011,8179,3855,4324
109000012,2183,3732,-1549
109000013,9013,9130,-117
109000014,2677,2764,-87
109000015,5656,22846,-17190
109000016,5886,2868,3018
109000017,5956,2159,3797
109000018,2172,2326,-154
109000019,4720,2188,2532
109000020,1533,2975,-1442
109000023,500,30,470
109000024,3,335,-332
109000025,263,1165,-902
109000026,860,328,532
109000027,194,533,-339
109000028,214,82,132
109000029,129,679,-550
109000030,13,522,-509
109000031,573,183,390
109000032,187,635,-448
109000033,1013,344,669
109000034,62,69,-7
109000035,44,73,-29
109000036,83,502,-419
109000037,606,5292,-4686
109000038,457,427,30
109000039,1486,1348,138
109000040,5051,25030,-19979
109000041,2090,5245,-3155
109000042,702,3040,-2338
109000044,707,202,505
109000045,185,406,-221
109000046,865,192,673
109000047,109,439,-330
109000048,611,606,5
109000049,325,790,-465
109000050,461,487,-26
109000051,430,298,132
109000052,1003,639,364
109000053,944,131,813
109000054,270,410,-140
109000055,535,350,185
109000056,680,547,133
109000057,1909,918,991
109000058,450,156,294
109000059,248,1600,-1352
109000060,172,629,-457
109000061,549,3061,-2512
109000062,329,545,-216
109000063,466,249,217
109000064,898,223,675
109000065,426,561,-135
109000066,1015,87,928
109000067,163,681,-518
109000068,1079,41,1038
109000069,928,39,889
109000070,164,1470,-1306
109000071,616,157,459
109000072,185,301,-116
109000073,99,180,-81
109000074,13,265,-252
109000075,122,378,-256
109000076,133,463,-330
109000077,496,265,231
109000078,150,190,-40
109000079,249,84,165
109000080,461,82,379
109000081,265,438,-173
109000082,1790,172,1618
109000083,642,652,-10
109000088,284,303,-19
109000089,519,176,343
109000090,174,352,-178
109000091,891,246,645
109000092,393,360,33
109000093,450,282,168
109000094,1580,7,1573
109000095,382,387,-5
109000096,2169,308,1861
109000097,97,114,-17
109000098,159,183,-24
109000099,1384,210,1174
109000100,771,534,237
109000101,3513,602,2911
109000102,1131,524,607
109000103,1332,742,590
109000104,4945,543,4402
109000105,1072,875,197
109000106,3548,846,2702
109000107,1085,1631,-546
109000108,4404,927,3477
109000109,876,1271,-395
109000110,2448,745,1703
109000111,1320,1877,-557
109000112,709,223,486
109000113,421,702,-281
109000114,254,1004,-750
109000115,1538,19,1519
109000116,6,420,-414
109000117,565,52,513
109000118,10,256,-246
109000119,3456,190,3266
109000120,896,847,49
109000121,1300,63,1237
109000122,392,380,12
109000123,64,40,24
109000124,1990,486,1504
109000125,1966,409,1557
109000126,1277,596,681
109000127,3011,196,2815
109000128,1035,803,232
109000129,6292,703,5589
109000130,593,872,-279
109000131,1266,1000,266
109000132,576,1570,-994
109000133,391,569,-178
109000134,770,2401,-1631
109000135,765,2386,-1621
109000136,509,438,71
109000137,628,541,87
109000138,898,252,646
109000139,1294,713,581
109000140,473,305,168
109000141,1226,591,635
109000142,285,633,-348
109000143,213,219,-6
109000145,96,279,-183
109000146,31,76,-45
109000148,3026,3520,-494
109000149,60,88,-28
109000150,47,300,-253
109000155,1501,1170,331
109000156,1651,370,1281
109000158,97,316,-219
109000159,191,881,-690
109000160,2839,298,2541
109000161,1106,1622,-516
109000162,4185,707,3478
109000163,2379,1659,720
109000164,3039,2197,842
109000165,3293,705,2588
109000166,2751,166,2585
109000167,251,617,-366
109000170,45,41,4
109000171,244,51,193
109000172,31,59,-28
109000173,52,288,-236
109000174,335,93,242
109000175,82,169,-87
109000176,1227,382,845
109000177,103,215,-112
109000178,1060,73,987
109000179,3967,9642,-5675
109000180,4977,4659,318
109000181,38,11,27
109000182,177,19,158
109000183,92,48,44
109000184,92,3,89
109000185,55,27,28
109000188,501,2151,-1650
109000189,5626,2544,3082
109000190,1325,697,628
109000191,597,567,30
109000192,1263,197,1066
109000193,1182,116,1066
109000194,736,77,659
109000195,586,111,475
109000196,564,62,502
109000197,859,298,561
109000198,499,58,441
109000199,379,465,-86
109000206,336,43,293
109000207,372,48,324
109000208,248,200,48
109000209,253,130,123
109000210,304,549,-245
109000211,1129,656,473
109000214,846,191,655
109000215,156,68,88
109000216,586,544,42
109000217,172,1141,-969
109000218,421,637,-216
109000221,203,762,-559
109000222,1120,226,894
109000223,969,690,279
109000224,119,54,65
109000225,315,44,271
109000226,105,249,-144
109000227,3892,544,3348
109000228,4,1432,-1428
109000231,1,94,-93
109000232,1688,77,1611
109000236,481,589,-108
109000241,2928,1247,1681
109000242,1939,728,1211
109000293,105,537,-432
109000361,40,271,-231
109000364,156,1449,-1293
109000396,1,338,-337
109000397,1411,47,1364
109000399,185,361,-176
109000400,173,315,-142
109000403,46,2645,-2599
109000406,1012,7,1005
109000407,346,178,168
109000408,1,756,-755
109000410,1010,295,715
109000411,393,19,374
109900001,269,0,269
109900002,1869,17,1852
109900003,910,4,906
109900004,466,119,347
109900005,48,5,43
109900006,1233,189,1044
109900007,2562,107,2455
109900008,0,28,-28
109900009,354,307,47
109900010,1337,64,1273
109900011,48,61,-13
109900012,655,1712,-1057
109900013,579,456,123
109900014,748,132,616
109900015,185,100,85
109900016,144,12,132
109900017,638,462,176
109900018,340,21,319
109900019,505,121,384
109900020,145,57,88
109900021,106,30,76
109900022,107,469,-362
109900023,64,15,49
109900024,28,14,14
109900025,11,50,-39
109900026,9,139,-130
109900027,96,43,53
109900028,535,3359,-2824
109900029,10,177,-167
109900030,57,24,33
109900031,1,863,-862
109900032,9,190,-181
109900033,1,704,-703
109900034,59,11,48
109900035,102,208,-106
109900036,51,47,4
109900037,24,320,-296
109900038,133,384,-251
109900039,10,0,10
109900040,50,366,-316
109900041,79,381,-302
109900042,31,2165,-2134
109900044,134,337,-203
109900045,172,58,114
109900046,99,169,-70
109900047,420,375,45
109900048,4,125,-121
109900049,11,98,-87
109900050,1,44,-43
109900051,1,14,-13
109900052,76,221,-145
109900053,1,33,-32
109900054,1652,143,1509
109900055,166,240,-74
109900056,100,593,-493
109900057,3,92,-89
109900058,0,54,-54
109900059,2271,79,2192
109900060,1947,121,1826
109900061,150,138,12
109900062,0,85,-85
109900063,16,532,-516
109900064,1347,126,1221
109900065,149,117,32
109900066,492,596,-104
109900067,2,151,-149
109900068,108,10,98
109900069,146,40,106
109900070,83,149,-66
109900071,82,38,44
109900072,50,79,-29
109900073,1155,133,1022
109900074,59,16,43
109900075,55,68,-13
109900076,24,62,-38
109900077,94,27,67
109900078,160,170,-10
109900080,286,134,152
109900081,8,297,-289
109900082,110,187,-77
109900083,65,49,16
109900084,52,273,-221
109900085,112,294,-182
109900086,235,1820,-1585
109900087,69,432,-363
109900089,1692,241,1451
109900090,272,733,-461
109900091,832,183,649
109900092,416,131,285
109900093,2335,216,2119
109900094,143,92,51
109900095,100,205,-105
109900096,245,10,235
109900097,319,1,318
109900098,1211,60,1151
109900099,726,5,721
109900100,107,0,107
109900101,1864,9,1855
109900102,1052,30,1022
109900103,121,157,-36
109900104,2167,100,2067
109900105,1309,43,1266
109900106,752,30,722
109900107,1695,46,1649
109900108,354,363,-9
109900109,51,519,-468
109900110,99,208,-109
109900111,102,365,-263
109900112,167,216,-49
109900113,1213,547,666
109900114,898,2254,-1356
109900115,167,168,-1
109900117,2230,96,2134
109900118,240,209,31
109900119,154,511,-357
109900120,163,32,131
109900121,334,353,-19
109900122,1185,9,1176
109900123,27,58,-31
109900124,140,184,-44
109900125,3,216,-213
109900126,803,19,784
109900128,622,107,515
109900130,3591,6372,-2781
109900131,66,101,-35
109900132,31,65,-34
109900133,177,252,-75
109900134,61,589,-528
109900135,340,49,291
109900136,66,292,-226
109900137,403,320,83
109900138,869,191,678
109900140,341,177,164
109900141,874,180,694
109900142,3579,251,3328
109900145,12,993,-981
109900146,184,47,137
109900148,50,114,-64
109900149,74,66,8
109900150,148,122,26
109900151,22,49,-27
109900152,1,43,-42
109900153,2,478,-476
109900154,67,0,67
109900155,124,39,85
109900157,44,103,-59
109900158,119,184,-65
109900159,228,74,154
109900160,373,57,316
109900161,705,93,612
109900162,785,198,587
109900163,385,209,176
109900164,76,328,-252
109900165,506,10,496
109900166,0,97,-97
109900167,272,324,-52
109900168,239,588,-349
109900169,272,197,75
109900170,396,3209,-2813
109900171,666,118,548
109900172,569,598,-29
109900173,2052,4346,-2294
109900174,125,153,-28
109900175,163,187,-24
109900176,443,360,83
109900177,57,120,-63
109900178,5,897,-892
109900179,36,280,-244
109900180,22,27,-5
110000001,953,576,377
110000002,699,882,-183
110000003,766,1190,-424
110000004,531,894,-363
110000005,446,2708,-2262
110000006,361,299,62
110000007,271,174,97
110000008,21,483,-462
110000009,72,43,29
110000010,65,192,-127
110000011,78,51,27
110000012,1146,293,853
110000013,70,1451,-1381
110000014,685,506,179
110000015,293,1054,-761
110000016,529,2625,-2096
110000017,3834,497,3337
110000018,3076,341,2735
110000019,19,176,-157
110000020,1650,393,1257
110000021,183,668,-485
110000022,2356,138,2218
110000023,10,184,-174
110000024,679,654,25
110000025,2043,8,2035
110000026,5,268,-263
110000027,754,3169,-2415
110000028,1623,606,1017
110000029,694,679,15
110000030,626,632,-6
110000031,372,315,57
110000032,1873,250,1623
110000033,324,535,-211
110000034,946,760,186
110000035,803,614,189
110000036,2867,952,1915
110000037,487,548,-61
110000038,482,1158,-676
110000039,1647,11233,-9586
110000040,433,406,27
110000041,475,3855,-3380
110000042,122,989,-867
110000043,1395,642,753
110000044,85,1483,-1398
110000045,358,436,-78
110000046,7,106,-99
110000047,19,382,-363
110000048,6,161,-155
110000049,21,43,-22
110000050,10,277,-267
110000051,30,9,21
110000052,76,23,53
110000053,19,4,15
110000054,169,1932,-1763
110000055,208,353,-145
110000056,148,319,-171
110000057,459,727,-268
110000058,1564,764,800
110000059,1180,871,309
110000060,2225,1329,896
110000061,636,850,-214
110000062,718,1113,-395
110000063,84,459,-375
110000064,95,60,35
110000065,281,309,-28
110000066,154,45,109
110000067,104,168,-64
110000068,622,96,526
110000069,1258,41,1217
110000071,1177,43,1134
110000073,46,4,42
110000075,47,279,-232
110000076,721,866,-145
110000077,539,2380,-1841
110000078,217,13,204
110000080,314,404,-90
110000081,50,377,-327
110000082,9,481,-472
110000083,350,364,-14
110000084,2413,1666,747
110000085,989,1480,-491
110000086,1082,3886,-2804
110000087,35,72,-37
110000088,226,324,-98
110000089,718,78,640
110000090,117,331,-214
110000091,1113,247,866
110000092,28,43,-15
110000093,99,35,64
110000094,798,238,560
110000095,320,1051,-731
110000096,1440,3196,-1756
110000097,1249,2688,-1439
110000098,3339,1067,2272
110000099,1373,1984,-611
110000100,2845,272,2573
110000101,157,124,33
110000102,177,41,136
110000104,654,541,113
110000105,38,470,-432
110000106,957,642,315
110000107,166,481,-315
110000108,199,225,-26
110000109,274,403,-129
110000110,2739,5015,-2276
110000111,4747,4362,385
110000112,188,1500,-1312
110000113,103,4392,-4289
110000114,799,1159,-360
110000115,830,481,349
110000116,204,112,92
110000117,829,325,504
110000118,1220,192,1028
110000119,1068,302,766
110000120,767,232,535
110000121,122,614,-492
110000122,336,318,18
110000123,885,466,419
110000124,3,538,-535
110000125,1605,24,1581
110000126,441,28,413
110000127,1966,211,1755
110000128,28,832,-804
110000129,1,408,-407
110000130,438,734,-296
110000131,73,326,-253
110000132,2,370,-368
110000133,55,597,-542
110000134,23,504,-481
110000135,337,75,262
110000136,127,380,-253
110000137,1407,682,725
110000138,1555,782,773
110000139,2801,511,2290
110000140,1287,1028,259
110000143,730,509,221
110000144,2271,2589,-318
110000145,2195,2276,-81
110000146,1724,1685,39
110000147,653,2303,-1650
110000148,1316,344,972
110000151,632,2663,-2031
110000152,540,831,-291
110000153,559,21,538
110000154,146,30,116
110000155,1136,2978,-1842
110000156,948,2105,-1157
110000157,1283,3036,-1753
110000160,539,343,196
110000161,431,373,58
110000166,1587,159,1428
110000167,3045,825,2220
110000168,1426,1021,405
110000169,1467,514,953
110000170,415,145,270
110000171,1631,174,1457
110000172,706,610,96
110000173,700,787,-87
110000174,202,638,-436
110000175,1939,132,1807
110000176,66,1112,-1046
110000177,442,2689,-2247
110000178,639,4600,-3961
110000179,2165,395,1770
110000180,831,420,411
110000181,2023,496,1527
110000182,917,145,772
110000183,8854,13901,-5047
110000184,583,6145,-5562
110000185,796,1140,-344
110000186,693,1124,-431
110000191,2685,162,2523
110000192,1053,25,1028
110000193,2426,61,2365
110000194,3,582,-579
110000195,991,129,862
110000196,1415,90,1325
110000197,233,46,187
110000198,121,165,-44
110000199,131,914,-783
110000200,823,1291,-468
110000201,1553,3716,-2163
110000202,1706,762,944
110000203,446,636,-190
110000204,2,228,-226
110000205,636,40,596
110000206,485,1020,-535
110000207,2715,358,2357
110000208,374,497,-123
110000209,75,1071,-996
110000210,2778,734,2044
110000211,1397,1018,379
110000212,921,2150,-1229
110000213,666,71,595
110000214,822,71,751
110000215,398,192,206
110000216,193,119,74
110000217,1186,181,1005
110000218,426,141,285
110000219,974,41,933
110000220,134,94,40
110000221,1353,16,1337
110000222,138,140,-2
110000223,18,133,-115
110000224,9,8,1
110000225,310,1081,-771
110000226,738,106,632
110000227,974,1938,-964
110000228,695,184,511
110000229,0,133,-133
110000230,977,1017,-40
110000231,510,640,-130
110000232,267,595,-328
110000233,251,2290,-2039
110000234,740,2770,-2030
110000235,2736,1315,1421
110000236,1411,597,814
110000237,4296,2529,1767
110000238,1389,1791,-402
110000239,3169,1556,1613
110000240,1,22,-21
110000242,1,14,-13
110000243,429,77,352
110000244,287,564,-277
110000245,74,366,-292
110000246,1630,640,990
110000247,1307,3734,-2427
110000248,1327,1265,62
110000249,229,4,225
110000250,26,166,-140
110000251,765,274,491
110000252,1182,524,658
110000253,2828,516,2312
110000254,1015,753,262
110000255,281,682,-401
110000256,534,265,269
110000257,652,290,362
110000258,5,938,-933
110000259,510,40,470
110000260,93,151,-58
110000263,866,22,844
110000264,1210,573,637
110000265,2071,2773,-702
110000266,1324,2929,-1605
110000267,53,102,-49
110000268,435,312,123
110000269,5,215,-210
110000270,268,7,261
110000271,2306,367,1939
110000272,1796,1708,88
110000273,1516,1304,212
110000274,500,5447,-4947
110000275,2460,1221,1239
110000276,328,1477,-1149
110000277,564,562,2
110000278,644,889,-245
110000279,1177,799,378
110000280,1425,884,541
110000281,117,271,-154
110000282,190,26,164
110000283,15,91,-76
110000284,3,30,-27
110000285,2,543,-541
110000286,4,0,4
110000287,210,9,201
110000288,4,135,-131
110000289,740,4815,-4075
110000290,582,1106,-524
110000291,4480,1099,3381
110000292,1397,11672,-10275
110000293,958,567,391
110000294,2702,2490,212
110000295,262,893,-631
110000296,1276,555,721
110000297,3819,334,3485
110000298,81,534,-453
110000299,228,70,158
110000301,1009,28,981
110000302,612,2522,-1910
110000303,946,17,929
110000304,240,166,74
110000305,2728,44,2684
110000306,596,981,-385
110000307,4293,31,4262
110000308,1171,8,1163
110000309,3,840,-837
110000310,1413,24,1389
110000311,20,644,-624
110000312,725,76,649
110000313,2453,1834,619
110000314,0,152,-152
110000315,2148,1883,265
110000316,679,1234,-555
110000317,181,2571,-2390
110000318,2,44,-42
110000319,8,16,-8
110000320,30,72,-42
110000321,25,58,-33
110000322,467,384,83
110000323,1057,290,767
110000324,2866,1627,1239
110000325,2217,7435,-5218
110000327,680,376,304
110000328,167,566,-399
110000333,2117,2232,-115
110000334,537,1874,-1337
110000335,977,721,256
110000336,754,1695,-941
110000337,3142,1040,2102
110000338,846,419,427
110000339,795,326,469
110000340,40,434,-394
110000341,1244,501,743
110000342,188,1,187
110000343,0,17,-17
110000344,114,3162,-3048
110000345,335,3553,-3218
110000346,1775,2909,-1134
110000347,2609,1164,1445
110000348,40,15,25
110000349,3,35,-32
110000350,201,3,198
110000351,2648,826,1822
110000352,1073,2933,-1860
110000353,4031,519,3512
110000354,1951,7868,-5917
110000355,394,54,340
110000356,1624,25,1599
110000357,1262,16,1246
110000361,113,36,77
110000362,249,23,226
110000363,1667,128,1539
110000364,839,783,56
110000365,260,1,259
110000366,2,210,-208
110000367,1122,405,717
110000368,6,139,-133
110000369,141,24,117
110000373,4,1083,-1079
110000374,82,64,18
110000375,124,1405,-1281
110000376,45,103,-58
110000377,76,554,-478
110000378,9,653,-644
110000379,3047,4462,-1415
110000380,187,7,180
110000383,2,892,-890
110000384,1236,307,929
110000385,0,240,-240
110000387,328,7,321
110000388,93,197,-104
110000389,2162,3,2159
110000391,2188,369,1819
110000396,538,226,312
110000397,321,79,242
110000398,17,37,-20
110000399,494,0,494
110000587,229,703,-474
110000589,351,224,127
110000640,261,30,231
110000652,18,812,-794
110000653,563,317,246
110000654,16,474,-458
110000656,1,275,-274
110000674,76,64,12
110000675,54,58,-4
110000676,0,75,-75
110000679,75,1112,-1037
110000682,219,343,-124
110000683,331,448,-117
110000684,1,89,-88
110000685,16,32,-16
110000686,2,237,-235
110000687,17,3,14
110000688,63,2169,-2106
110000689,177,35,142
110000692,51,261,-210
110000693,35,881,-846
110000694,0,132,-132
110000695,169,928,-759
110000696,100,88,12
110900001,718,53,665
110900002,445,1103,-658
110900003,2483,206,2277
110900004,1092,34,1058
110900005,1938,8598,-6660
110900006,124,108,16
110900007,500,165,335
110900008,7,49,-42
110900009,603,669,-66
110900010,9,48,-39
110900011,50,128,-78
110900012,6,41,-35
110900013,2170,219,1951
110900014,410,41,369
110900015,404,995,-591
110900016,125,77,48
110900017,1111,98,1013
110900018,597,45,552
110900019,820,30,790
110900020,369,242,127
110900021,163,991,-828
110900022,117,169,-52
110900023,100,714,-614
110900024,100,234,-134
110900025,57,295,-238
110900027,71,121,-50
110900028,94,74,20
110900029,35,86,-51
110900030,55,84,-29
110900031,0,139,-139
110900032,2,58,-56
110900033,49,260,-211
110900035,45,929,-884
110900036,293,8,285
110900037,452,13,439
110900038,601,226,375
110900039,6,384,-378
110900040,515,19,496
110900041,50,51,-1
110900042,180,89,91
110900043,1,32,-31
110900044,610,40,570
110900045,139,277,-138
110900046,16,91,-75
110900047,318,1011,-693
110900049,251,193,58
110900050,55,8,47
110900051,41,98,-57
110900052,1,130,-129
110900053,415,26,389
110900054,108,240,-132
110900055,21,2,19
110900056,58,133,-75
110900057,2,125,-123
110900058,891,224,667
110900059,1196,168,1028
110900060,550,198,352
110900061,0,45,-45
110900062,415,77,338
110900063,153,98,55
110900064,28,1,27
110900065,71,110,-39
110900066,15,55,-40
110900067,277,1248,-971
110900068,460,271,189
110900069,9,17,-8
110900070,484,95,389
110900071,166,1821,-1655
110900073,0,18,-18
110900074,1014,128,886
110900075,965,113,852
110900077,2580,578,2002
110900078,357,7,350
110900079,765,1649,-884
110900080,258,114,144
110900081,41,7,34
110900082,442,79,363
110900083,241,68,173
110900084,243,72,171
110900085,278,199,79
110900086,168,483,-315
110900087,883,338,545
110900088,8,0,8
110900090,94,177,-83
110900091,1,24,-23
110900093,302,173,129
110900095,122,20,102
110900097,66,10,56
110900098,67,95,-28
110900099,69,355,-286
110900100,0,18,-18
110900102,115,20,95
110900105,2754,163,2591
110900108,72,28,44
110900111,2258,173,2085
110900112,1133,25,1108
110900113,300,151,149
110900115,15,118,-103
110900116,2242,809,1433
110900118,73,6970,-6897
110900119,1620,217,1403
110900120,314,36,278
110900121,160,5,155
110900122,913,332,581
110900125,567,1351,-784
110900127,265,1821,-1556
110900128,83,403,-320
110900129,252,1432,-1180
110900130,302,548,-246
110900131,695,266,429
110900132,799,128,671
110900133,165,289,-124
110900135,58,215,-157
110900136,552,34,518
110900137,7,0,7
110900138,469,1330,-861
110900139,2,626,-624
110900140,7,5,2
110900141,18,597,-579
110900142,94,240,-146
110900143,536,51,485
110900144,1,231,-230
110900145,345,267,78
110900146,135,823,-688
110900147,108,925,-817
110900148,0,357,-357
110900149,8,109,-101
110900150,59,16,43
110900151,15,57,-42
110900152,107,37,70
110900153,321,42,279
111000001,1058,1222,-164
111000002,459,686,-227
111000003,3486,2010,1476
111000004,1493,1687,-194
111000005,1752,2756,-1004
111000006,1355,3791,-2436
111000007,7069,7997,-928
111000008,5507,6214,-707
111000009,692,1678,-986
111000010,2649,496,2153
111000011,191,929,-738
111000012,322,495,-173
111000013,771,1742,-971
111000014,3305,974,2331
111000017,43,891,-848
111000018,267,404,-137
111000020,993,1189,-196
111000021,122,134,-12
111000023,269,242,27
111000025,4786,5746,-960
111000029,180,155,25
111000030,38,90,-52
111000031,2173,936,1237
111000032,774,524,250
111000033,397,173,224
111000034,51,217,-166
111000037,1751,484,1267
111000038,2328,2426,-98
111000039,2426,2589,-163
111000040,2334,1524,810
111000041,707,662,45
111000042,3535,3266,269
111000043,3315,10109,-6794
111000044,3385,1042,2343
111000045,5789,2970,2819
111000046,4537,2345,2192
111000047,4184,10590,-6406
111000049,844,482,362
111000050,1946,706,1240
111000051,1129,957,172
111000052,880,1693,-813
111000053,316,692,-376
111000054,528,919,-391
111000055,1403,1899,-496
111000056,256,1011,-755
111000057,254,256,-2
111000058,1437,132,1305
111000059,1327,493,834
111000060,9741,1484,8257
111000061,1465,572,893
111000062,2165,1007,1158
111000063,2168,1809,359
111000064,1935,845,1090
111000065,2560,1230,1330
111000066,1557,477,1080
111000067,2372,579,1793
111000068,1672,837,835
111000069,1662,2073,-411
111000070,857,458,399
111000071,246,234,12
111000072,2322,920,1402
111000073,318,2398,-2080
111000074,2952,2307,645
111000075,1170,1024,146
111000076,1342,1454,-112
111000077,1436,1129,307
111000078,2223,841,1382
111000079,1481,1086,395
111000080,1514,788,726
111000081,2470,9587,-7117
111000082,1570,961,609
111000084,1639,974,665
111000085,1799,1423,376
111000086,3409,1169,2240
111000087,1229,620,609
111000088,8633,6713,1920
111000089,1130,626,504
111000090,781,1076,-295
111000091,1184,336,848
111000092,3879,842,3037
111000093,1981,1704,277
111000094,3365,1859,1506
111000095,1825,5010,-3185
111000096,1257,14389,-13132
111000097,3835,1139,2696
111000098,589,1168,-579
111000099,796,2181,-1385
111000100,900,2123,-1223
111000101,640,1039,-399
111000102,417,768,-351
111000104,1881,976,905
111000107,138,1070,-932
111000109,1569,409,1160
111000110,3025,1035,1990
111000111,7667,654,7013
111000112,4366,459,3907
111000113,943,3611,-2668
111000114,1563,9202,-7639
111000115,3870,1553,2317
111000116,1303,1164,139
111000117,362,1107,-745
111000118,1199,1151,48
111000119,2986,1059,1927
111000120,1157,1034,123
111000121,462,1290,-828
111000122,639,848,-209
111000123,2201,1864,337
111000124,551,2639,-2088
111000125,471,1764,-1293
111000126,173,964,-791
111000127,2386,308,2078
111000128,5664,721,4943
111000129,6455,788,5667
111000130,5577,700,4877
111000131,6048,678,5370
111000132,3527,2893,634
111000133,408,158,250
111000134,534,69,465
111000135,101,257,-156
111000136,850,445,405
111000138,92,7,85
111000140,16,4,12
111000141,369,893,-524
111000142,11,142,-131
111000143,6,379,-373
111000144,46,1353,-1307
111000145,130,25,105
111000146,147,14,133
111000147,154,47,107
111000148,565,182,383
111000149,21,25,-4
111000150,97,5,92
111000151,30,140,-110
111000153,699,394,305
111000154,473,201,272
111000155,225,153,72
111000156,1473,532,941
111000157,399,724,-325
111000158,1342,906,436
111000159,4105,1616,2489
111000160,746,341,405
111000161,24,655,-631
111000162,5,88,-83
111000163,1754,1074,680
111000164,562,4624,-4062
111000165,783,276,507
111000166,438,155,283
111000167,170,305,-135
111000168,294,382,-88
111000169,683,288,395
111000170,441,301,140
111000171,559,512,47
111000172,376,511,-135
111000173,361,878,-517
111000174,512,245,267
111000175,71,907,-836
111000176,1100,79,1021
111000177,1796,251,1545
111000178,3443,261,3182
111000179,549,133,416
111000180,407,413,-6
111000181,4073,220,3853
111000182,481,195,286
111000183,394,570,-176
111000184,454,226,228
111000185,740,646,94
111000186,451,543,-92
111000187,409,165,244
111000188,882,567,315
111000189,419,286,133
111000190,477,149,328
111000191,330,169,161
111000192,165,210,-45
111000193,467,156,311
111000194,71,560,-489
111000195,191,1572,-1381
111000196,106,92,14
111000197,1394,219,1175
111000198,1184,197,987
111000199,716,479,237
111000200,1286,653,633
111000201,1688,147,1541
111000202,1008,94,914
111000203,669,315,354
111000204,577,2650,-2073
111000213,416,558,-142
111000214,2199,1183,1016
111000215,1516,1024,492
111000217,3064,769,2295
111000218,2915,1089,1826
111000219,445,238,207
111000220,1277,770,507
111000221,439,267,172
111000224,1,157,-156
111000225,1027,127,900
111000226,206,4,202
111000227,27,12,15
111000228,4,1170,-1166
111000229,34,2541,-2507
111000230,266,150,116
111000231,2723,526,2197
111000232,1822,1232,590
111000233,3362,808,2554
111000234,353,1563,-1210
111000239,164,52,112
111000240,153,772,-619
111000241,126,145,-19
111000242,655,106,549
111000243,363,430,-67
111000244,1599,600,999
111000245,1487,756,731
111000246,1222,195,1027
111000247,1156,458,698
111000248,1200,322,878
111000249,985,308,677
111000250,124,33,91
111000251,171,71,100
111000253,79,44,35
111000255,162,14,148
111000257,184,18,166
111000260,65,749,-684
111000261,3111,145,2966
111000271,41,474,-433
111000273,5209,1532,3677
111000274,2580,5143,-2563
111000275,442,61,381
111000276,441,1044,-603
111000277,449,376,73
111000278,679,251,428
111000291,3205,25094,-21889
111000298,861,321,540
111000299,1474,246,1228
111000300,85,612,-527
111000302,780,94,686
111000303,250,197,53
111000312,77,85,-8
111000315,0,55,-55
111000320,234,345,-111
111000321,745,253,492
111000322,1086,195,891
111000323,603,143,460
111000324,458,180,278
111000325,48,77,-29
111000326,409,213,196
111000327,590,350,240
111000328,619,1778,-1159
111000329,0,44,-44
111000330,236,23,213
111000331,11,5,6
111000332,821,1302,-481
111000334,355,1254,-899
111000335,2366,348,2018
111000337,3401,344,3057
111000338,286,119,167
111000339,1786,271,1515
111000340,232,1534,-1302
111000341,3155,1993,1162
111000342,132,997,-865
111000344,2155,612,1543
111000345,401,106,295
111000346,31,171,-140
111000347,455,5,450
111000350,355,118,237
111000351,216,533,-317
111000352,425,176,249
111000353,233,249,-16
111000354,983,590,393
111000355,780,943,-163
111000358,257,794,-537
111000360,338,211,127
111000361,332,127,205
111000546,2003,1612,391
111000547,795,1687,-892
111000548,430,345,85
111000549,462,350,112
111000550,56,1797,-1741
111000551,637,152,485
111000552,780,167,613
111000907,773,8,765
111000908,316,4,312
111000916,4600,472,4128
111000917,144,305,-161
111000918,436,591,-155
111000920,1287,20,1267
111000921,38,91,-53
111000922,1775,177,1598
111000924,65,569,-504
111000925,7142,3098,4044
111000926,1537,1755,-218
111000927,3147,7864,-4717
111000928,4954,1941,3013
111000929,3162,1621,1541
111000930,1856,1761,95
111000931,3505,2295,1210
111000932,3392,1502,1890
111000933,4899,5470,-571
111000934,1929,1991,-62
111000935,5064,1897,3167
111000936,2176,1401,775
111000937,2316,2474,-158
111000938,2029,1093,936
111000939,1792,69,1723
111000940,1952,71,1881
111000941,636,1545,-909
111000943,1106,224,882
111000944,240,213,27
111000945,395,1711,-1316
111001109,890,1753,-863
111001110,296,410,-114
111001111,317,41,276
111001112,105,40,65
111001113,3,970,-967
111001114,984,189,795
111001115,27,2263,-2236
111001116,4351,11382,-7031
111001117,491,4034,-3543
111001120,185,402,-217
111001121,771,85,686
111001122,622,147,475
111001123,566,142,424
111900001,74,36,38
111900002,245,168,77
111900003,2,133,-131
111900004,5,20,-15
111900006,23,138,-115
111900007,798,21,777
111900008,990,4,986
111900009,818,25,793
111900010,57,409,-352
111900012,26,84,-58
111900013,19,46,-27
111900014,2177,12939,-10762
111900015,0,145,-145
111900016,0,43,-43
111900017,0,26,-26
111900018,311,11,300
111900019,1,212,-211
111900020,3,45,-42
111900021,45,71,-26
111900022,15,44,-29
111900023,61,45,16
111900024,26,312,-286
111900025,0,180,-180
111900026,0,25,-25
111900027,4,248,-244
111900028,0,68,-68
111900029,49,33,16
111900030,86,421,-335
111900031,132,102,30
111900032,0,48,-48
111900033,131,50,81
111900034,56,270,-214
111900035,118,488,-370
111900036,0,48,-48
111900038,141,245,-104
111900039,62,320,-258
111900040,1,84,-83
111900042,59,167,-108
111900043,0,77,-77
111900044,146,201,-55
111900046,17,133,-116
111900048,1161,232,929
111900049,9,181,-172
111900050,347,59,288
111900051,1,67,-66
111900052,119,189,-70
111900053,567,4771,-4204
111900054,595,10,585
111900055,11,121,-110
111900056,150,712,-562
111900057,459,43,416
111900058,1822,400,1422
111900059,1595,1748,-153
111900060,692,11,681
111900061,4,68,-64
111900062,205,176,29
111900063,504,201,303
111900064,23,58,-35
111900065,505,42,463
111900066,307,269,38
111900067,3,360,-357
111900068,54,223,-169
111900069,214,24,190
111900070,496,79,417
111900071,1,138,-137
111900072,92,161,-69
111900073,2867,836,2031
111900074,4,254,-250
111900075,116,43,73
111900076,686,296,390
111900077,93,3,90
111900078,1032,154,878
111900079,96,94,2
111900080,204,155,49
111900081,661,291,370
111900082,438,159,279
111900083,619,98,521
111900084,268,9,259
111900085,151,144,7
111900086,187,30,157
111900087,196,3,193
111900088,1896,74,1822
111900089,249,6,243
111900090,136,296,-160
111900091,1644,30,1614
111900092,298,0,298
111900093,1546,58,1488
111900094,410,5,405
111900095,978,118,860
111900096,681,9,672
111900097,226,0,226
111900098,1215,26,1189
111900099,198,0,198
111900100,271,24,247
111900101,277,12,265
111900102,1843,848,995
111900103,134,218,-84
111900104,217,98,119
111900105,244,418,-174
111900106,414,14,400
111900107,47,190,-143
111900108,156,482,-326
111900109,209,1132,-923
111900110,2221,487,1734
111900111,491,48,443
111900112,486,10437,-9951
111900113,535,56,479
111900114,259,88,171
111900115,31,15,16
111900118,672,97,575
111900119,430,184,246
111900122,69,109,-40
111900123,6,44,-38
111900124,27,23,4
111900125,1341,171,1170
111900126,1100,17,1083
111900127,2,276,-274
111900128,54,283,-229
111900129,563,23,540
111900130,429,175,254
111900131,1376,6,1370
111900132,95,453,-358
111900133,4,307,-303
111900134,14,120,-106
111900135,13,80,-67
111900136,30,160,-130
111900137,42,22,20
111900138,42,38,4
111900139,78,42,36
111900140,270,84,186
111900141,200,10,190
111900142,187,46,141
111900143,190,106,84
111900144,0,26,-26
111900145,0,154,-154
111900146,1,55,-54
111900147,44,389,-345
111900148,22,458,-436
111900149,10,187,-177
111900150,79,108,-29
111900151,6,84,-78
111900152,113,101,12
111900153,584,1096,-512
111900154,49,1446,-1397
111900155,146,375,-229
111900156,160,107,53
111900157,357,41,316
111900158,1425,113,1312
111900159,1105,159,946
111900160,848,10,838
111900161,856,6,850
111900162,237,636,-399
111900163,36,145,-109
111900164,116,85,31
111901113,1620,153,1467
111901114,863,612,251
111901115,924,5,919
111901116,260,12,248
111901117,63,234,-171
111901118,31,1631,-1600
111901119,291,109,182
111901120,25,174,-149
111901121,21,58,-37
111901122,6,113,-107
111901123,1063,96,967
111901124,785,29,756
111901125,1958,254,1704
111901126,455,301,154
111901127,835,2943,-2108
111901128,9,131,-122
111901129,5,283,-278
111901130,31,81,-50
111901131,5,199,-194
111901132,188,51,137
111901133,227,4,223
111901134,326,28,298
111901135,76,28,48
111901136,110,61,49
111901137,2,58,-56
111901138,39,36,3
111901139,3,24,-21
111901140,7,54,-47
111901141,18,86,-68
111901142,9,40,-31
111901143,3,172,-169
111901144,58,53,5
111901145,58,531,-473
112000001,4333,1324,3009
112000002,1605,2682,-1077
112000003,6571,1879,4692
112000004,1704,504,1200
112000005,6284,7411,-1127
112000006,1056,710,346
112000007,8820,5416,3404
112000008,6921,6719,202
112000009,4504,1668,2836
112000010,8737,8317,420
112000011,2294,1553,741
112000012,6530,8114,-1584
112000013,2070,4465,-2395
112000014,1250,6221,-4971
112000015,1308,4661,-3353
112000016,4236,8354,-4118
112000017,680,7982,-7302
112000024,1139,366,773
112000026,2448,1723,725
112000027,1266,1086,180
112000028,914,1334,-420
112000029,1076,1246,-170
112000030,340,23,317
112000031,2342,5983,-3641
112000032,137,20,117
112000033,2246,6213,-3967
112000034,100,55,45
112000035,62,1941,-1879
112000036,274,2562,-2288
112000037,1075,1395,-320
112000038,1400,2269,-869
112000039,249,80,169
112000040,56,180,-124
112000041,409,472,-63
112000042,1330,297,1033
112000050,2179,1683,496
112000051,2179,6112,-3933
112000054,2302,1968,334
112000057,1168,330,838
112000058,375,391,-16
112000059,1033,684,349
112000061,4401,863,3538
112000062,711,2256,-1545
112000063,346,4595,-4249
112000064,4477,3868,609
112000065,1270,2066,-796
112000066,4406,1980,2426
112000067,624,932,-308
112000068,4794,3813,981
112000069,753,4137,-3384
112000070,2303,1954,349
112000071,1708,2880,-1172
112000072,4537,1495,3042
112000073,1673,4140,-2467
112000074,1099,2707,-1608
112000075,1579,2518,-939
112000076,4079,3205,874
112000077,1948,644,1304
112000078,3829,989,2840
112000079,3839,2123,1716
112000080,1391,1050,341
112000081,1380,1974,-594
112000082,2008,741,1267
112000083,1291,1159,132
112000084,1772,608,1164
112000085,2709,1264,1445
112000086,3191,1165,2026
112000087,1394,299,1095
112000088,1672,308,1364
112000089,782,443,339
112000090,481,429,52
112000091,850,438,412
112000092,4259,1287,2972
112000093,2255,539,1716
112000094,1245,897,348
112000095,1493,516,977
112000096,1208,713,495
112000097,4340,833,3507
112000098,369,596,-227
112000099,1303,3254,-1951
112000100,4211,1047,3164
112000101,873,420,453
112000102,3007,507,2500
112000103,760,362,398
112000105,569,509,60
112000106,4451,520,3931
112000107,106,228,-122
112000108,1150,1236,-86
112000109,171,98,73
112000110,3444,882,2562
112000111,943,6322,-5379
112000112,3852,1024,2828
112000113,1619,2036,-417
112000114,4042,1179,2863
112000115,692,583,109
112000116,1061,1441,-380
112000117,2005,915,1090
112000118,902,837,65
112000119,632,587,45
112000120,46,244,-198
112000121,662,269,393
112000122,1141,134,1007
112000123,1671,174,1497
112000124,1161,240,921
112000125,684,668,16
112000126,1086,163,923
112000127,3773,3747,26
112000128,929,835,94
112000129,282,64,218
112000130,707,187,520
112000131,80,166,-86
112000132,313,240,73
112000133,653,135,518
112000134,1099,424,675
112000135,2771,1650,1121
112000136,1426,3466,-2040
112000137,2996,7006,-4010
112000138,2051,2609,-558
112000139,693,1739,-1046
112000140,300,966,-666
112000141,2022,702,1320
112000142,231,349,-118
112000143,2829,308,2521
112000144,526,647,-121
112000145,5091,549,4542
112000146,1375,1014,361
112000147,3360,1708,1652
112000148,1431,1657,-226
112000149,1047,1191,-144
112000150,971,1013,-42
112000151,901,245,656
112000152,1999,329,1670
112000153,544,234,310
112000154,313,1016,-703
112000155,338,228,110
112000157,623,1791,-1168
112000158,529,310,219
112000159,2503,430,2073
112000167,656,391,265
112000169,262,2292,-2030
112000173,2419,250,2169
112000175,900,414,486
112000176,1301,1617,-316
112000177,1745,558,1187
112000178,140,301,-161
112000179,710,105,605
112000180,717,394,323
112000181,1696,923,773
112000182,3949,690,3259
112000183,19,22,-3
112000184,844,409,435
112000185,2742,300,2442
112000187,8319,4947,3372
112000195,404,6,398
112000196,196,9,187
112000197,162,185,-23
112000198,37,359,-322
112000199,762,601,161
112000202,1552,38,1514
112000216,70,190,-120
112000230,346,3,343
112000231,0,94,-94
112000256,149,824,-675
112000313,56,77,-21
112000314,162,181,-19
112000337,321,1741,-1420
112000352,211,1003,-792
112000392,3458,672,2786
112000398,4047,1076,2971
112000399,1766,13382,-11616
112000400,2169,1295,874
112000401,1577,1165,412
112000402,6399,7525,-1126
112000403,2706,12795,-10089
112000404,3055,2023,1032
112000405,5884,4936,948
112000406,3344,1253,2091
112000407,16496,10826,5670
112000408,6607,2557,4050
112000409,1814,1731,83
112000410,485,452,33
112000411,3079,2475,604
112000412,621,380,241
112000413,5296,10031,-4735
112000414,329,20,309
112000415,149,63,86
112000416,7055,1473,5582
112000417,634,208,426
112000421,113,52,61
112000422,438,256,182
112000424,1699,6128,-4429
112000425,683,456,227
112000426,579,569,10
112000427,0,11,-11
112000428,878,185,693
112000429,3627,3251,376
112000430,4149,6955,-2806
112000431,215,513,-298
112000432,819,725,94
112000433,473,626,-153
112000437,91,118,-27
112900001,114,0,114
112900002,1915,207,1708
112900003,100,85,15
112900004,122,165,-43
112900005,653,140,513
112900006,60,89,-29
112900007,72,41,31
112900008,1,238,-237
112900009,654,398,256
112900010,956,252,704
112900011,40,425,-385
112900012,6,9,-3
112900013,3,1198,-1195
112900014,10,130,-120
112900015,227,328,-101
112900016,6,601,-595
112900017,330,255,75
112900018,1,97,-96
112900019,36,238,-202
112900020,635,676,-41
112900021,1,111,-110
112900022,139,52,87
112900023,0,50,-50
112900024,18,60,-42
112900025,568,160,408
112900026,7,31,-24
112900027,5,291,-286
112900028,314,77,237
112900029,11,47,-36
112900030,65,35,30
112900031,22,1759,-1737
112900032,380,319,61
112900034,1,25,-24
112900035,7,257,-250
112900036,17,265,-248
112900037,579,305,274
112900038,1476,173,1303
112900039,10,233,-223
112900040,7,1675,-1668
112900041,1084,1510,-426
112900042,179,229,-50
112900043,23,56,-33
112900044,337,301,36
112900045,1240,211,1029
112900046,151,83,68
112900047,10,48,-38
112900049,842,58,784
112900050,28,597,-569
112900051,270,318,-48
112900052,16,409,-393
112900053,160,324,-164
112900054,337,139,198
112900055,85,95,-10
112900056,633,351,282
112900057,48,263,-215
112900058,417,683,-266
112900059,315,1396,-1081
112900060,71,54,17
112900061,239,409,-170
112900062,113,83,30
112900063,28,28,0
112900064,143,98,45
112900065,11,62,-51
112900066,321,582,-261
112900067,469,54,415
112900068,26,118,-92
112900069,3398,2375,1023
112900071,106,24,82
112900072,448,9810,-9362
112900073,398,390,8
112900074,218,679,-461
112900075,1673,3003,-1330
112900076,102,39,63
112900078,369,1047,-678
112900079,425,127,298
112900080,445,10,435
112900081,87,756,-669
112900082,774,76,698
112900083,443,340,103
112900084,597,436,161
112900085,1,18,-17
112900086,343,3,340
112900087,3146,259,2887
112900088,581,18,563
112900089,1241,164,1077
112900090,170,188,-18
112900091,687,34,653
112900092,94,2449,-2355
112900093,1721,43,1678
112900094,246,14,232
112900095,240,3,237
112900096,1342,540,802
112900097,126,340,-214
112900098,305,5,300
112900099,2092,141,1951
112900100,213,1,212
112900101,893,31,862
112900102,112,165,-53
112900103,341,8,333
112900104,89,3,86
112900105,53,0,53
112900106,997,198,799
112900107,6,1,5
112900108,7,7,0
112900109,384,5,379
112900110,3131,80,3051
112900111,1550,13,1537
112900112,587,1,586
112900113,0,30,-30
112900114,779,30,749
112900115,4121,17,4104
112900116,495,218,277
112900117,88,30,58
112900118,14,47,-33
112900119,946,23,923
112900120,572,351,221
112900121,48,107,-59
112900122,28,62,-34
112900123,1034,85,949
112900124,9,40,-31
112900125,28,463,-435
112900126,170,104,66
112900127,871,143,728
112900128,94,511,-417
112900129,5,684,-679
112900130,521,495,26
112900131,23,699,-676
112900132,641,610,31
112900133,8,1319,-1311
112900134,5,500,-495
112900135,277,270,7
112900136,0,42,-42
112900137,2,411,-409
112900138,28,83,-55
112900139,56,569,-513
112900140,1,91,-90
112900141,1470,30,1440
112900142,100,683,-583
112900143,5,292,-287
112900144,1,294,-293
112900145,2,276,-274
112900146,7,879,-872
112900147,1,458,-457
112900148,72,2,70
112900149,324,328,-4
112900151,2,31,-29
112900152,3548,407,3141
112900153,358,9891,-9533
112900154,2,66,-64
112900155,332,34,298
112900156,2015,524,1491
112900157,874,11,863
112900158,200,0,200
112900159,175,692,-517
112900160,44,263,-219
112900161,368,108,260
112900162,24,55,-31
112900163,41,88,-47
112900164,74,229,-155
112900165,63,68,-5
112900166,88,247,-159
112900167,6,997,-991
112900168,8,15,-7
112900169,5,47,-42
112900170,191,106,85
112900172,91,24,67
112900173,120,157,-37
112900174,903,78,825
112900175,197,459,-262
112900176,13,59,-46
112900177,291,112,179
112900178,884,5357,-4473
112900179,50,409,-359
112900180,3792,1359,2433
112900181,2511,11,2500
112900182,143,315,-172
112900183,126,338,-212
112900184,642,549,93
112900185,151,904,-753
112900186,1093,1266,-173
112900187,79,587,-508
112900188,833,4795,-3962
112900189,32,31,1
112900190,42,276,-234
112900192,751,779,-28
112900193,1205,542,663
112900194,146,6,140
112900195,947,64,883
112900196,781,392,389
112900197,153,551,-398
112900199,1738,126,1612
112900200,1148,57,1091
112900201,251,256,-5
112900202,1168,444,724
112900203,730,45,685
112900204,783,519,264
112900205,21,3,18
112900206,28,78,-50
112900207,76,0,76
112900208,71,1573,-1502
112900209,142,259,-117
112900210,0,0,0
112900211,200,7,193
112900212,0,16,-16
112900213,67,1,66
112900214,14,14,0
112900215,22,47,-25
112900216,24,19,5
112900217,1,53,-52
112900218,161,6,155
112900219,318,8,310
112900220,4,0,4
112900221,104,106,-2
112900222,3,257,-254
112900223,1655,36,1619
112900224,1376,211,1165
112900225,1163,224,939
112900226,532,420,112
112900227,1975,262,1713
112900228,235,45,190
112900229,927,18,909
112900230,12819,3530,9289
112900232,800,468,332
112900233,154,179,-25
112900234,54,2,52
112900235,21,12,9
112900236,1317,19,1298
112900237,786,103,683
112900238,28,3,25
112900239,264,1012,-748
113000001,9077,6518,2559
113000002,10113,5182,4931
113000003,4320,2768,1552
113000004,4908,2633,2275
113000005,4222,2559,1663
113000006,2674,1986,688
113000007,4925,2482,2443
113000008,3787,2539,1248
113000009,2830,1378,1452
113000010,2983,1637,1346
113000011,2658,1462,1196
113000012,2439,1091,1348
113000013,949,732,217
113000014,1811,2591,-780
113000015,149,316,-167
113000016,432,973,-541
113000017,123,765,-642
113000018,741,67,674
113000019,342,417,-75
113000020,372,80,292
113000021,2770,1376,1394
113000022,1436,6319,-4883
113000025,222,552,-330
113000026,1131,1430,-299
113000027,1028,2531,-1503
113000028,698,5157,-4459
113000029,1621,1308,313
113000030,246,842,-596
113000031,411,326,85
113000032,348,435,-87
113000033,425,577,-152
113000034,396,184,212
113000035,43,66,-23
113000036,35,133,-98
113000037,56,71,-15
113000038,41,79,-38
113000039,53,348,-295
113000040,54,135,-81
113000042,1477,1098,379
113000051,4318,4530,-212
113000052,4189,692,3497
113000053,1267,573,694
113000054,1466,1474,-8
113000055,3944,585,3359
113000056,3563,1414,2149
113000058,924,1318,-394
113000059,1198,393,805
113000060,885,984,-99
113000061,1009,1284,-275
113000062,784,680,104
113000063,871,105,766
113000064,299,255,44
113000065,355,561,-206
113000066,1957,209,1748
113000067,5498,944,4554
113000068,906,515,391
113000069,1009,620,389
113000070,4268,951,3317
113000071,1411,475,936
113000072,1892,909,983
113000073,761,1795,-1034
113000074,1574,582,992
113000075,3078,979,2099
113000076,641,4982,-4341
113000077,901,1404,-503
113000078,538,2067,-1529
113000079,425,1381,-956
113000080,797,1726,-929
113000081,1479,1853,-374
113000082,1366,1391,-25
113000083,841,1296,-455
113000084,3015,1736,1279
113000085,1488,920,568
113000086,1431,3316,-1885
113000087,1687,2395,-708
113000088,4402,2655,1747
113000089,1025,2515,-1490
113000090,191,1184,-993
113000091,260,637,-377
113000094,2410,505,1905
113000095,403,1296,-893
113000096,133,1554,-1421
113000097,2193,946,1247
113000098,189,82,107
113000099,1679,801,878
113000100,262,690,-428
113000101,233,1239,-1006
113000102,1041,899,142
113000103,7337,639,6698
113000104,1232,5211,-3979
113000105,2163,1072,1091
113000106,982,488,494
113000107,2161,1717,444
113000108,1693,1177,516
113000109,654,1624,-970
113000110,12616,1395,11221
113000111,374,627,-253
113000112,1308,557,751
113000113,4775,568,4207
113000114,300,1402,-1102
113000116,1057,534,523
113000117,1716,296,1420
113000118,59,1416,-1357
113000119,529,673,-144
113000120,128,656,-528
113000121,544,1999,-1455
113000124,602,254,348
113000125,74,2574,-2500
113000127,1986,233,1753
113000128,3443,381,3062
113000129,570,1380,-810
113000133,4635,782,3853
113000134,9,2504,-2495
113000135,7272,6650,622
113000137,1255,3679,-2424
113000139,434,186,248
113000140,101,158,-57
113000141,128,149,-21
113000142,335,591,-256
113000143,400,204,196
113000144,279,367,-88
113000145,200,194,6
113000146,139,74,65
113000147,341,72,269
113000148,491,178,313
113000149,349,379,-30
113000150,740,481,259
113000151,81,41,40
113000152,65,577,-512
113000153,1627,341,1286
113000154,680,3265,-2585
113000155,760,1231,-471
113000156,294,429,-135
113000157,341,384,-43
113000158,991,233,758
113000159,1822,301,1521
113000160,918,424,494
113000161,588,237,351
113000162,1768,194,1574
113000163,302,31,271
113000164,30,56,-26
113000166,548,108,440
113000167,161,69,92
113000168,319,109,210
113000169,386,52,334
113000170,169,98,71
113000171,80,148,-68
113000172,557,74,483
113000173,100,58,42
113000174,424,186,238
113000175,1058,85,973
113000176,1065,72,993
113000177,459,109,350
113000178,229,252,-23
113000179,631,91,540
113000180,1301,2709,-1408
113000181,2005,1167,838
113000182,170,1080,-910
113000183,378,984,-606
113000184,34,172,-138
113000189,370,1059,-689
113000190,228,222,6
113000192,584,7951,-7367
113000193,2106,4772,-2666
113000194,1263,6775,-5512
113000195,1775,7451,-5676
113000196,586,108,478
113000197,2292,6302,-4010
113000198,213,553,-340
113000199,3638,694,2944
113000201,1071,1050,21
113000202,24657,4385,20272
113000203,106,1092,-986
113000204,498,9353,-8855
113000205,58,16,42
113000206,13,113,-100
113000207,157,44,113
113000208,84,197,-113
113000209,38,37,1
113000210,4,43,-39
113000211,84,378,-294
113000212,21,65,-44
113000213,30,149,-119
113000214,391,520,-129
113000234,462,828,-366
113000410,63,283,-220
113000411,1705,2678,-973
113000412,10524,1755,8769
113000413,1602,3456,-1854
113000414,5466,16422,-10956
113000415,2946,1792,1154
113000416,2892,2519,373
113000417,1312,1770,-458
113000418,7205,5534,1671
113000419,2694,2605,89
113000420,4220,7151,-2931
113000421,7988,9189,-1201
113000422,12772,12853,-81
113000423,1570,6473,-4903
113000424,3286,15946,-12660
113000425,135,126,9
113000428,130,77,53
113000430,14,288,-274
113000432,4999,428,4571
113000433,128,1321,-1193
113000434,18,121,-103
113000435,53,126,-73
113000436,24,1206,-1182
113000437,3603,64,3539
113000438,996,16,980
113000439,103,36,67
113000440,306,39,267
113000441,257,181,76
113000442,435,39,396
113000443,507,130,377
113000444,715,55,660
113000445,115,104,11
113000446,108,183,-75
113000448,1389,656,733
113000449,241,1258,-1017
113000450,3211,4859,-1648
113000451,5635,826,4809
113000452,141,858,-717
113000453,39,1352,-1313
113000454,371,117,254
113000455,13,3334,-3321
113000456,2303,3130,-827
113000468,992,163,829
113000469,57,372,-315
113000470,1125,20,1105
113000471,21,799,-778
113000472,101,379,-278
113000474,2448,1225,1223
113000475,2184,1237,947
113000476,5639,3554,2085
113000477,8794,3309,5485
113000478,4051,3730,321
113000479,233,184,49
113000480,134,732,-598
113000481,0,0,0
113000482,0,0,0
113000483,0,0,0
113000484,0,0,0
113000485,0,0,0
113000486,0,0,0
113000487,0,0,0
113000488,0,0,0
113000489,0,0,0
113000490,0,0,0
113000491,0,0,0
113000492,0,0,0
113000493,0,0,0
113000495,398,63,335
113000496,197,113,84
113000500,0,1,-1
113900001,51,4495,-4444
113900002,48,255,-207
113900003,3,444,-441
113900004,9,713,-704
113900005,9,1117,-1108
113900006,4,131,-127
113900007,69,188,-119
113900008,40,0,40
113900009,154,0,154
113900010,119,2,117
113900011,377,2,375
113900012,180,10,170
113900013,157,17,140
113900014,1725,6,1719
113900015,0,31,-31
113900016,72,0,72
113900017,14,33,-19
113900018,142,236,-94
113900019,446,29,417
113900020,329,18,311
113900022,193,1,192
113900023,50,0,50
113900024,95,50,45
113900025,729,97,632
113900026,176,0,176
113900027,26,89,-63
113900028,70,237,-167
113900029,229,131,98
113900030,887,5,882
113900031,73,3,70
113900032,94,0,94
113900033,53,40,13
113900035,111,1,110
113900036,142,140,2
113900037,473,403,70
113900038,15,235,-220
113900039,677,22,655
113900040,29,58,-29
113900041,18,2,16
113900042,173,43,130
113900043,328,55,273
113900044,73,374,-301
113900045,294,2,292
113900046,356,1349,-993
113900047,386,108,278
113900048,345,267,78
113900049,137,663,-526
113900050,638,721,-83
113900051,513,177,336
113900052,223,179,44
113900053,639,1575,-936
113900054,66,1,65
113900055,165,605,-440
113900056,212,93,119
113900057,15,56,-41
113900058,298,32,266
113900059,537,255,282
113900060,102,567,-465
113900061,1182,147,1035
113900062,271,52,219
113900063,325,33,292
113900064,42,32,10
113900065,1240,26,1214
113900066,1657,298,1359
113900067,566,973,-407
113900068,435,1444,-1009
113900069,38,60,-22
113900070,179,321,-142
113900071,290,22,268
113900072,195,62,133
113900073,1224,405,819
113900074,498,1878,-1380
113900075,1170,4740,-3570
113900076,166,34,132
113900077,104,163,-59
113900078,106,14,92
113900079,3,44,-41
113900080,889,335,554
113900081,119,84,35
113900082,508,383,125
113900083,948,124,824
113900084,294,165,129
113900085,61,279,-218
113900086,208,59,149
113900087,207,246,-39
113900088,260,188,72
113900089,595,63,532
113900090,914,445,469
113900091,13,13,0
113900092,49,223,-174
113900093,83,3036,-2953
113900094,1482,296,1186
113900095,198,251,-53
113900096,600,168,432
113900097,48,251,-203
113900098,1069,459,610
113900099,0,39,-39
113900100,0,1,-1
113900101,10,328,-318
113900102,181,294,-113
113900103,324,724,-400
113900104,210,430,-220
113900105,510,19,491
113900106,0,14,-14
113900107,2,14,-12
113900108,90,532,-442
113900109,367,521,-154
113900110,63,37,26
113900111,427,74,353
113900112,461,77,384
113900113,2112,544,1568
113900114,1,19,-18
113900115,1,9,-8
113900116,35,386,-351
113900117,53,33,20
113900118,189,1512,-1323
113900119,90,326,-236
113900120,164,66,98
113900121,325,115,210
113900122,531,5977,-5446
113900123,1208,257,951
113900124,0,110,-110
113900125,1598,200,1398
113900126,84,65,19
113900127,545,1181,-636
113900128,504,119,385
113900129,2,230,-228
113900130,1,237,-236
113900131,403,52,351
113900132,35,163,-128
113900133,40,41,-1
113900135,461,745,-284
113900136,76,51,25
113900137,469,388,81
113900138,13,517,-504
113900139,403,533,-130
113900140,27,305,-278
113900141,1460,283,1177
113900142,157,46,111
113900143,18,95,-77
113900144,92,415,-323
113900145,563,232,331
113900146,420,224,196
113900148,63,361,-298
113900149,236,253,-17
113900150,356,191,165
113900151,719,222,497
113900152,57,217,-160
113900153,82,346,-264
113900154,1,119,-118
113900155,89,221,-132
113900156,350,340,10
113900157,107,728,-621
113900158,156,576,-420
113900159,13,163,-150
113900160,695,622,73
113900161,211,452,-241
113900162,249,810,-561
113900163,567,146,421
113900164,803,40,763
113900165,794,559,235
113900166,49,78,-29
113900167,614,61,553
113900168,72,49,23
113900169,313,394,-81
113900171,459,103,356
113900172,17,116,-99
113900173,13,243,-230
113900174,732,536,196
113900175,453,172,281
113900176,503,362,141
113900177,346,145,201
113900178,351,274,77
113900179,62,137,-75
113900180,234,108,126
113900181,1766,256,1510
113900182,877,690,187
113900183,149,45,104
113900184,28,493,-465
113900185,111,52,59
113900186,217,35,182
113900187,40,77,-37
113900188,38,130,-92
113900189,489,309,180
113900190,229,93,136
113900191,72,137,-65
113900192,2,1420,-1418
113900193,6,155,-149
113900194,1735,425,1310
113900195,450,306,144
113900196,6,908,-902
113900197,0,97,-97
113900198,40,928,-888
113900199,54,374,-320
113900200,18,180,-162
113900201,0,46,-46
113900202,58,81,-23
113900203,0,17,-17
113900204,7,363,-356
113900205,5,82,-77
113900206,3,95,-92
113900207,1,39,-38
113900208,0,24,-24
113900209,0,16,-16
113900210,1795,1322,473
113900211,233,41,192
113900212,600,317,283
113900214,337,392,-55
113900215,80,217,-137
113900216,328,324,4
113900217,278,63,215
113900218,121,119,2
113900219,246,1091,-845
113900220,218,351,-133
113900221,384,783,-399
113900222,325,1329,-1004
113900223,443,271,172
113900224,77,92,-15
113900225,2058,225,1833
113900226,567,188,379
113900227,391,711,-320
113900228,277,1014,-737
113900229,95,2188,-2093
113900230,2787,4991,-2204
113900231,235,121,114
113900232,391,19,372
113900233,239,120,119
113900234,710,708,2
113900235,189,38,151
113900236,576,124,452
113900237,358,183,175
113900238,185,845,-660
113900239,100,206,-106
113900240,20,337,-317
113900241,79,119,-40
113900242,46,446,-400
113900243,34,153,-119
113900244,158,197,-39
113900245,544,424,120
113900246,39,30,9
113900247,92,850,-758
113900248,2887,3391,-504
113900249,535,962,-427
113900250,78,1431,-1353
113900251,2298,118,2180
113900252,1940,68,1872
113900253,1115,60,1055
113900254,725,290,435
113900255,1848,13,1835
113900256,853,43,810
113900257,43,291,-248
113900258,44,215,-171
113900259,1435,100,1335
113900260,524,14,510
113900261,70,79,-9
113900262,293,262,31
113900263,12,352,-340
113900264,1,202,-201
113900265,222,665,-443
113900266,80,155,-75
113900267,101,1045,-944
113900268,292,507,-215
113900269,306,201,105
113900270,374,557,-183
113900271,971,414,557
113900273,32,29,3
113900274,91,89,2
113900275,21,283,-262
113900276,0,91,-91
113900277,632,12,620
113900278,147,230,-83
113900279,79,54,25
113900280,1502,858,644
113900281,176,1490,-1314
113900282,417,381,36
113900283,624,1106,-482
113900284,2138,116,2022
113900285,161,38,123
113900286,267,81,186
113900287,230,30,200
113900288,2,207,-205
113900289,414,239,175
113900290,389,886,-497
113900291,121,95,26
113900292,6,17,-11
113900293,3,396,-393
113900294,1460,19,1441
113900295,648,506,142
113900296,3188,469,2719
113900297,3467,68,3399
113900298,49,2682,-2633
113900299,231,17,214
113900300,6232,6648,-416
113900301,657,1542,-885
113900302,1603,1511,92
113900303,208,2210,-2002
113900304,1,157,-156
113900305,376,4,372
113900306,188,1,187
113900307,22,0,22
113900308,61,120,-59
113900309,3,481,-478
113900310,0,8,-8
113900311,66,0,66
113900312,205,335,-130
113900313,23,8,15
114000001,1384,1881,-497
114000002,774,345,429
114000003,298,271,27
114000004,1026,566,460
114000005,731,340,391
114000006,1541,1638,-97
114000007,1192,1190,2
114000008,2676,2496,180
114000009,2178,510,1668
114000011,4894,2273,2621
114000012,7301,1917,5384
114000013,3791,1300,2491
114000014,1047,139,908
114000015,3984,221,3763
114000016,810,111,699
114000017,255,1615,-1360
114000018,170,57,113
114000026,5330,1816,3514
114000027,6619,4517,2102
114000028,2779,6343,-3564
114000038,500,279,221
114000039,88,27,61
114000040,322,657,-335
114000042,433,264,169
114000043,93,52,41
114000044,594,46,548
114000045,37,50,-13
114000046,2056,5471,-3415
114000047,6,223,-217
114000048,198,53,145
114000049,3480,1987,1493
114000050,3106,2038,1068
114000051,5110,2739,2371
114000052,5402,3720,1682
114000053,58,865,-807
114000054,293,1049,-756
114000055,517,82,435
114000056,160,1399,-1239
114000057,4860,2198,2662
114000058,88,1828,-1740
114000059,53,2188,-2135
114000060,874,1202,-328
114000061,3400,5182,-1782
114000062,482,1781,-1299
114000063,1245,1364,-119
114000064,1862,6519,-4657
114000065,1364,2258,-894
114000066,1086,1338,-252
114000067,43,2046,-2003
114000068,565,1258,-693
114000069,1691,635,1056
114000070,4232,2203,2029
114000071,1771,940,831
114000072,1130,344,786
114000073,58,37,21
114000074,194,12,182
114000075,108,92,16
114000076,59,71,-12
114000077,9,21,-12
114000078,722,630,92
114000079,533,73,460
114000080,253,117,136
114000081,127,135,-8
114000082,50,501,-451
114000083,139,70,69
114000084,398,184,214
114000085,101,228,-127
114000086,340,230,110
114000087,536,82,454
114000088,72,47,25
114000089,605,272,333
114000090,1319,1825,-506
114000091,1271,1372,-101
114000092,726,485,241
114000093,2025,630,1395
114000094,961,646,315
114000095,423,296,127
114000096,83,497,-414
114000097,160,251,-91
114000098,1068,232,836
114000099,1874,189,1685
114000100,3030,478,2552
114000101,816,277,539
114000102,1197,277,920
114000103,188,171,17
114000104,36,196,-160
114000105,570,210,360
114000106,1034,4590,-3556
114000107,1036,251,785
114000108,1112,758,354
114000109,1359,3947,-2588
114000110,775,1010,-235
114000111,4246,2013,2233
114000112,618,1059,-441
114000113,1917,508,1409
114000114,487,1159,-672
114000115,2915,793,2122
114000116,1420,2651,-1231
114000117,7765,1108,6657
114000118,7342,688,6654
114000119,5375,694,4681
114000120,1041,916,125
114000121,979,852,127
114000122,657,474,183
114000123,4562,545,4017
114000124,2476,833,1643
114000125,1613,1663,-50
114000126,3545,424,3121
114000127,385,186,199
114000128,1647,305,1342
114000130,1045,688,357
114000131,647,121,526
114000132,1025,360,665
114000133,754,1201,-447
114000134,164,48,116
114000138,101,124,-23
114000139,699,777,-78
114000144,1098,1088,10
114000145,73,34,39
114000146,184,58,126
114000147,1825,3838,-2013
114000148,1140,2964,-1824
114000149,538,740,-202
114000150,304,687,-383
114000151,810,3268,-2458
114000152,76,65,11
114000153,699,3550,-2851
114000154,607,1004,-397
114000155,1327,5798,-4471
114000156,1033,1320,-287
114000157,581,3314,-2733
114000158,1092,827,265
114000159,105,381,-276
114000160,103,826,-723
114000161,1381,2880,-1499
114000162,2056,3460,-1404
114000163,22,41,-19
114000165,588,565,23
114000166,570,888,-318
114000167,2831,1502,1329
114000168,877,306,571
114000169,1556,1723,-167
114000170,1202,1007,195
114000171,1757,7267,-5510
114000174,431,392,39
114000176,364,621,-257
114000177,836,565,271
114000178,152,79,73
114000179,1447,1166,281
114000180,342,376,-34
114000181,1762,13042,-11280
114000182,1991,3335,-1344
114000183,1722,669,1053
114000184,677,927,-250
114000185,2507,1244,1263
114000189,2817,227,2590
114000190,6089,560,5529
114000191,179,786,-607
114000192,220,917,-697
114000193,193,1623,-1430
114000194,2684,1026,1658
114000195,397,473,-76
114000196,3,150,-147
114000197,4391,27,4364
114000198,1004,514,490
114000199,1629,1756,-127
114000200,1283,1427,-144
114000201,420,1050,-630
114000202,1304,909,395
114000203,943,944,-1
114000204,220,721,-501
114000205,479,2179,-1700
114000206,1464,3311,-1847
114000207,796,2445,-1649
114000208,933,1430,-497
114000209,661,1722,-1061
114000210,493,911,-418
114000211,2038,1918,120
114000212,1172,1484,-312
114000213,2876,565,2311
114000214,154,185,-31
114000215,229,124,105
114000216,3450,504,2946
114000217,687,295,392
114000218,806,129,677
114000219,3011,239,2772
114000220,24,911,-887
114000221,2296,354,1942
114000222,317,998,-681
114000223,1168,190,978
114000224,133,603,-470
114000225,660,285,375
114000226,466,284,182
114000227,1061,680,381
114000228,1431,788,643
114000229,2540,1630,910
114000230,2739,1123,1616
114000231,1703,2113,-410
114000232,2129,270,1859
114000233,4560,99,4461
114000234,2286,1052,1234
114000235,2541,1880,661
114000236,2,573,-571
114000237,277,887,-610
114000238,208,565,-357
114000239,201,1218,-1017
114000240,1400,2445,-1045
114000241,450,3158,-2708
114000242,1039,1104,-65
114000243,3947,1492,2455
114000244,927,478,449
114000245,819,1366,-547
114000246,263,85,178
114000247,983,1051,-68
114000248,2777,784,1993
114000249,927,737,190
114000250,1162,343,819
114000251,524,262,262
114000252,56,29,27
114000253,64,182,-118
114000254,106,121,-15
114000255,884,403,481
114000256,489,2552,-2063
114000257,795,1238,-443
114000258,1059,959,100
114000259,404,2369,-1965
114000260,0,42,-42
114000261,57,61,-4
114000262,734,143,591
114000263,54,2,52
114000264,2880,600,2280
114000265,0,2,-2
114000267,2,4861,-4859
114000268,22,918,-896
114000270,620,23,597
114000271,581,222,359
114000283,2992,462,2530
114000285,47,106,-59
114000288,261,687,-426
114000289,3456,162,3294
114000293,568,862,-294
114000294,464,597,-133
114000395,2894,30,2864
114000396,926,939,-13
114000402,2228,283,1945
114000403,804,268,536
114000405,408,349,59
114000423,1041,264,777
114000424,872,784,88
114000425,2276,257,2019
114000426,546,1258,-712
114000427,167,55,112
114000428,72,146,-74
114000429,19,112,-93
114000432,340,130,210
114000434,35,48,-13
114000435,11,58,-47
114000436,2919,536,2383
114000437,1988,21520,-19532
114900001,1430,324,1106
114900002,457,122,335
114900003,1582,497,1085
114900004,410,901,-491
114900005,1098,280,818
114900006,105,162,-57
114900007,433,36,397
114900008,794,216,578
114900010,1123,2476,-1353
114900011,579,185,394
114900013,669,215,454
114900015,161,1351,-1190
114900018,1448,52,1396
114900020,156,131,25
114900022,1,705,-704
114900024,236,172,64
114900025,1034,125,909
114900026,117,122,-5
114900027,241,137,104
114900029,35,18,17
114900030,532,264,268
114900031,1045,32,1013
114900032,884,23,861
114900033,1021,3791,-2770
114900034,38,42,-4
114900035,126,543,-417
114900036,416,306,110
114900037,134,64,70
114900038,523,404,119
114900039,1220,189,1031
114900040,235,31,204
114900041,2558,179,2379
114900042,2846,206,2640
114900043,398,133,265
114900044,221,112,109
114900046,48,80,-32
114900047,265,6965,-6700
114900048,41,194,-153
114900049,24,103,-79
114900050,106,210,-104
114900051,21,198,-177
114900052,53,273,-220
114900053,114,282,-168
114900054,81,68,13
114900057,326,36,290
114900058,0,41,-41
114900059,282,159,123
114900060,361,741,-380
114900061,113,38,75
114900062,196,601,-405
114900063,153,56,97
114900064,3814,181,3633
114900065,550,1177,-627
114900067,39,819,-780
114900068,45,79,-34
114900069,267,34,233
114900070,855,250,605
114900072,2,281,-279
114900073,2,51,-49
114900074,1968,329,1639
114900075,334,30,304
114900076,6,236,-230
114900080,1037,160,877
114900082,2339,4400,-2061
114900083,463,1026,-563
114900090,1041,228,813
114900091,100,130,-30
114900095,501,70,431
114900096,213,497,-284
114900097,329,4,325
114900098,3,468,-465
114900099,499,34,465
115000001,6327,3400,2927
115000002,8100,9667,-1567
115000003,5554,3412,2142
115000004,8734,10377,-1643
115000005,2967,4304,-1337
115000006,2667,3456,-789
115000007,507,564,-57
115000008,778,2020,-1242
115000009,896,800,96
115000010,454,469,-15
115000013,59,298,-239
115000015,55,468,-413
115000016,268,493,-225
115000019,57,1045,-988
115000020,574,2002,-1428
115000021,344,465,-121
115000022,763,257,506
115000023,489,780,-291
115000024,929,264,665
115000025,1437,958,479
115000026,257,290,-33
115000027,712,315,397
115000028,430,495,-65
115000029,1620,241,1379
115000030,844,935,-91
115000031,1001,449,552
115000032,13,332,-319
115000033,312,28,284
115000034,155,1699,-1544
115000035,1368,148,1220
115000036,2,602,-600
115000037,917,54,863
115000038,120,242,-122
115000039,3330,7212,-3882
115000040,5665,3499,2166
115000041,3248,8015,-4767
115000042,786,1109,-323
115000043,4680,4282,398
115000044,4001,4260,-259
115000045,4783,1573,3210
115000046,4864,4560,304
115000047,4841,2589,2252
115000048,5087,3166,1921
115000049,3180,4906,-1726
115000050,5162,1764,3398
115000051,2724,8234,-5510
115000052,1391,1299,92
115000053,4824,4204,620
115000054,795,1680,-885
115000055,253,1603,-1350
115000056,121,405,-284
115000057,750,2295,-1545
115000058,82,652,-570
115000059,175,493,-318
115000061,174,474,-300
115000062,547,1072,-525
115000063,802,566,236
115000064,512,233,279
115000065,125,703,-578
115000067,463,59,404
115000069,271,435,-164
115000070,47,2002,-1955
115000071,166,39,127
115000072,33,49,-16
115000073,3356,114,3242
115000075,156,112,44
115000076,3217,2514,703
115000077,3610,1535,2075
115000078,3349,1108,2241
115000079,3285,1385,1900
115000080,7164,1735,5429
115000081,336,658,-322
115000082,10662,7626,3036
115000083,4141,992,3149
115000084,5206,1171,4035
115000085,2459,1187,1272
115000086,2360,1322,1038
115000087,965,2626,-1661
115000088,2476,1157,1319
115000089,2714,1629,1085
115000090,701,1249,-548
115000091,476,597,-121
115000092,1459,1658,-199
115000093,1523,10,1513
115000094,6231,13860,-7629
115000095,5288,13535,-8247
115000096,2192,968,1224
115000097,3397,2676,721
115000098,3523,754,2769
115000099,4942,1673,3269
115000100,3149,579,2570
115000101,1264,1192,72
115000102,987,279,708
115000103,711,608,103
115000105,254,103,151
115000106,1644,1007,637
115000107,292,328,-36
115000108,2889,2036,853
115000109,4808,7911,-3103
115000110,1928,3892,-1964
115000111,586,1107,-521
115000112,1127,1242,-115
115000113,587,1066,-479
115000114,1160,865,295
115000116,3795,2475,1320
115000117,2615,3546,-931
115000118,3287,2424,863
115000119,2473,2906,-433
115000120,923,1541,-618
115000121,731,994,-263
115000122,879,2633,-1754
115000123,2448,2859,-411
115000124,1504,2374,-870
115000125,659,2919,-2260
115000126,245,1075,-830
115000127,778,319,459
115000128,502,1722,-1220
115000129,390,1115,-725
115000130,870,559,311
115000131,1315,391,924
115000132,776,738,38
115000133,1356,293,1063
115000134,575,1262,-687
115000135,267,389,-122
115000136,401,613,-212
115000137,111,407,-296
115000138,676,316,360
115000139,459,268,191
115000140,857,359,498
115000141,342,154,188
115000142,438,92,346
115000143,1671,1460,211
115000144,723,97,626
115000145,399,308,91
115000146,903,1586,-683
115000147,533,980,-447
115000148,699,890,-191
115000149,1398,485,913
115000150,1063,921,142
115000151,2486,461,2025
115000152,1684,2183,-499
115000153,2833,698,2135
115000154,1772,269,1503
115000155,1502,1945,-443
115000156,1261,1369,-108
115000157,745,2738,-1993
115000158,801,802,-1
115000159,640,2067,-1427
115000160,941,1239,-298
115000161,1382,601,781
115000162,628,1529,-901
115000163,804,872,-68
115000164,784,1290,-506
115000165,401,1013,-612
115000167,185,328,-143
115000168,642,1392,-750
115000169,403,2016,-1613
115000170,128,288,-160
115000171,331,879,-548
115000172,1273,1161,112
115000173,453,2416,-1963
115000174,126,1078,-952
115000175,249,267,-18
115000176,78,347,-269
115000177,39,446,-407
115000178,12,235,-223
115000179,44,176,-132
115000180,280,344,-64
115000181,1747,274,1473
115000182,2775,467,2308
115000183,892,938,-46
115000186,1226,227,999
115000187,290,517,-227
115000188,846,824,22
115000189,509,522,-13
115000190,1441,1618,-177
115000191,529,1111,-582
115000194,113,161,-48
115000195,244,686,-442
115000196,602,192,410
115000197,472,174,298
115000198,1184,283,901
115000199,1132,160,972
115000200,922,307,615
115000201,519,236,283
115000206,914,41,873
115000207,865,621,244
115000208,819,2108,-1289
115000209,1563,1012,551
115000210,346,614,-268
115000211,741,416,325
115000212,1751,593,1158
115000224,288,101,187
115000225,189,61,128
115000229,305,112,193
115000230,196,774,-578
115000231,430,1291,-861
115000232,4939,599,4340
115000233,143,355,-212
115000234,85,429,-344
115000241,306,393,-87
115000242,391,109,282
115000243,281,133,148
115000244,9,410,-401
115000246,78,63,15
115000247,31,93,-62
115000248,93,17,76
115000249,40,13,27
115000250,473,31,442
115000251,720,145,575
115000252,246,399,-153
115000253,31,900,-869
115000258,1051,84,967
115000259,742,162,580
115000261,75,20,55
115000262,56,50,6
115000263,65,99,-34
115000264,39,66,-27
115000267,126,91,35
115000268,49,142,-93
115000269,162,70,92
115000270,42,40,2
115000272,186,105,81
115000273,1170,51,1119
115000280,1630,438,1192
115000281,425,880,-455
115000282,986,2258,-1272
115000284,172,475,-303
115000296,533,9,524
115000297,163,628,-465
115000298,126,1049,-923
115000300,376,199,177
115000302,1137,206,931
115000303,2144,99,2045
115000304,2024,106,1918
115000305,175,378,-203
115000306,455,241,214
115000307,373,334,39
115000308,25,19,6
115000309,19,132,-113
115000310,4226,785,3441
115000311,2561,1493,1068
115000313,488,273,215
115000314,1147,419,728
115000315,1297,1514,-217
115000316,195,296,-101
115000317,422,872,-450
115000318,1922,793,1129
115000319,286,206,80
115000320,131,626,-495
115000321,1195,24,1171
115000322,90,185,-95
115000449,301,285,16
115000557,25,3897,-3872
115000558,137,269,-132
115000587,1567,477,1090
115000588,2984,4388,-1404
115000589,6962,5391,1571
115000590,1173,2885,-1712
115000591,2032,1837,195
115000592,561,2860,-2299
115000593,2283,2056,227
115000594,280,3402,-3122
115000609,463,180,283
115000617,565,3811,-3246
115000624,934,78,856
115000633,619,2074,-1455
115000634,5905,1177,4728
115000635,1259,191,1068
115000638,504,416,88
115000641,109,518,-409
115000642,551,363,188
115000643,149,401,-252
115000644,168,375,-207
115000646,1013,1966,-953
115000647,311,790,-479
115000648,5982,1213,4769
115000893,2876,1563,1313
115000894,237,1077,-840
115000895,315,1111,-796
115000896,2190,785,1405
115000897,649,196,453
115000898,991,687,304
115000899,316,1916,-1600
115000900,143,881,-738
115000901,91,304,-213
115000912,777,148,629
115000913,3,10,-7
115000915,16,0,16
115000916,8,0,8
115000917,0,14,-14
115000918,171,2716,-2545
115000919,17,134,-117
115000920,16,143,-127
115000921,645,212,433
115000922,471,1396,-925
115000923,74,2581,-2507
115000925,174,295,-121
115000927,58,154,-96
115000933,18,577,-559
115000934,205,264,-59
115000935,375,62,313
115900001,424,29,395
115900002,108,145,-37
115900003,397,174,223
115900004,2,43,-41
115900005,473,36,437
115900006,146,178,-32
115900008,236,1,235
115900009,62,855,-793
115900010,984,208,776
115900011,856,379,477
115900012,495,4,491
115900013,488,221,267
115900014,229,125,104
115900015,528,117,411
115900016,161,75,86
115900017,108,20,88
115900018,301,27,274
115900019,840,45,795
115900020,213,4,209
115900021,902,592,310
115900022,986,18,968
115900023,3,29,-26
115900025,47,335,-288
115900026,903,159,744
115900027,0,216,-216
115900028,300,47,253
115900029,61,231,-170
115900030,53,45,8
115900031,69,401,-332
115900032,534,988,-454
115900033,0,85,-85
115900034,35,151,-116
115900035,105,54,51
115900036,122,5296,-5174
115900037,79,110,-31
115900038,60,25,35
115900039,299,89,210
115900041,148,1745,-1597
115900042,81,19,62
115900043,259,60,199
115900044,274,1073,-799
115900046,1362,180,1182
115900047,143,299,-156
115900049,544,213,331
115900051,12,34,-22
115900052,68,62,6
115900053,1071,76,995
115900054,574,18,556
115900055,42,56,-14
115900056,473,132,341
115900057,33,22,11
115900058,6,49,-43
115900060,141,354,-213
115900061,765,6,759
115900062,191,99,92
115900063,45,4,41
115900064,462,405,57
115900065,373,173,200
115900066,99,139,-40
115900067,70,79,-9
115900068,1166,2520,-1354
115900069,79,298,-219
115900070,427,45,382
115900071,1,158,-157
115900072,46,173,-127
115900073,348,217,131
115900074,3,67,-64
115900075,87,147,-60
115900076,1,17,-16
115900077,2,53,-51
115900078,37,428,-391
115900079,770,18,752
115900080,220,98,122
115900081,167,16,151
115900082,238,1540,-1302
115900084,892,15,877
115900085,51,146,-95
115900086,1433,739,694
115900088,3,113,-110
115900089,926,329,597
115900090,1172,9,1163
115900091,8,146,-138
115900092,44,69,-25
115900093,9,34,-25
115900094,8,58,-50
115900096,11,0,11
115900097,34,74,-40
115900098,638,220,418
115900099,130,555,-425
115900100,43,297,-254
115900101,745,151,594
115900102,199,181,18
115900103,606,115,491
115900104,216,165,51
115900105,421,242,179
115900106,218,4,214
115900107,101,52,49
115900108,345,11,334
115900109,12,339,-327
115900110,86,4,82
115900111,0,35,-35
115900112,161,525,-364
115900113,142,95,47
115900114,92,52,40
115900115,161,138,23
115900116,243,574,-331
115900117,129,62,67
115900118,5,92,-87
115900119,291,76,215
115900120,90,195,-105
115900121,491,182,309
115900124,334,1501,-1167
115900125,985,224,761
115900126,1938,75,1863
115900127,1891,86,1805
115900128,11,261,-250
115900129,987,66,921
115900130,12,1329,-1317
115900131,767,42,725
115900132,1401,9,1392
115900134,709,15,694
115900135,1280,1025,255
115900137,23,17,6
115900139,13,107,-94
115900140,789,55,734
115900141,2,70,-68
115900142,6,77,-71
115900143,566,487,79
115900144,638,285,353
115900146,19,47,-28
115900147,339,575,-236
115900148,25,40,-15
115900149,432,13,419
115900150,190,40,150
115900151,173,128,45
115900152,521,140,381
115900153,262,111,151
115900154,597,619,-22
115900155,1,17,-16
115900156,1185,1255,-70
115900157,565,793,-228
115900158,47,5,42
115900159,654,319,335
115900160,8,13,-5
115900161,40,243,-203
115900163,711,184,527
115900164,1847,23,1824
115900165,7,435,-428
115900166,114,171,-57
115900168,505,127,378
115900171,205,397,-192
115900172,115,180,-65
115900173,385,153,232
115900174,204,495,-291
115900175,311,262,49
115900178,14,166,-152
115900179,764,21,743
115900180,231,65,166
115900181,680,81,599
115900182,1283,83,1200
115900183,3,245,-242
115900184,699,31,668
115900187,16,560,-544
115900189,0,281,-281
115900190,453,1835,-1382
115900191,39,300,-261
115900192,54,185,-131
115900193,245,286,-41
115900194,2174,93,2081
115900195,790,6197,-5407
115900198,808,349,459
115900199,671,81,590
115900200,490,131,359
115900201,284,590,-306
115900202,7,340,-333
115900203,3,12,-9
115900204,0,28,-28
115900205,12,8,4
115900206,736,170,566
115900207,180,7,173
115900208,189,83,106
115900209,6,133,-127
115900210,1,446,-445
115900211,1,202,-201
115900212,469,198,271
115900213,152,319,-167
115900214,1083,100,983
115900215,20,329,-309
115900216,1,37,-36
115900217,2,18,-16
115900218,2,15,-13
115900219,308,5,303
115900220,511,18,493
115900221,197,14,183
115900222,132,57,75
115900223,12,808,-796
115900224,859,3166,-2307
115900225,224,72,152
115900226,25,140,-115
115900227,2,57,-55
115900228,6,92,-86
115900229,60,125,-65
115900230,127,62,65
115900231,297,0,297
115900232,214,0,214
115900233,289,12,277
115900234,164,119,45
115900235,74,92,-18
115900236,63,761,-698
115900237,96,76,20
115900238,24,63,-39
115900239,22,98,-76
115900240,43,67,-24
115900241,349,31,318
115900242,699,983,-284
115900243,13,9,4
115900244,14,10,4
115900245,97,1,96
115900246,14,7,7
115900247,3,14,-11
115900248,13,4,9
115900249,13,7,6
115900250,74,9,65
115900251,24,4,20
115900252,29,3,26
115900253,60,15,45
115900254,24,67,-43
115900255,2,47,-45
115900256,83,136,-53
115900257,4,72,-68
115900258,0,0,0
115900259,2,3,-1
115900260,16,12,4
115900261,17,5,12
115900262,11,0,11
115900263,35,3,32
115900264,42,2,40
115900265,6,9,-3
115900266,4,5,-1
115900267,0,14,-14
115900268,13,16,-3
115900269,1793,283,1510
115900270,727,124,603
115900271,222,0,222
115900272,40,32,8
115900273,16,40,-24
115900274,0,2,-2
115900275,18,8,10
115900276,0,5,-5
115900277,0,56,-56
115900278,105,89,16
115900279,76,414,-338
115900280,41,1726,-1685
115900281,124,430,-306
116000001,10372,3045,7327
116000002,8552,23827,-15275
116000003,1786,2132,-346
116000004,5741,9416,-3675
116000005,1322,6866,-5544
116000006,4560,9712,-5152
116000007,2400,4506,-2106
116000008,9033,5336,3697
116000009,1101,1188,-87
116000010,5192,2600,2592
116000011,1023,1289,-266
116000012,3922,1882,2040
116000013,6522,8355,-1833
116000014,17184,38688,-21504
116000015,414,3343,-2929
116000016,8215,11191,-2976
116000017,132,988,-856
116000018,847,780,67
116000019,3147,431,2716
116000020,862,2245,-1383
116000021,1833,447,1386
116000022,1108,739,369
116000023,3322,2262,1060
116000024,1164,1549,-385
116000025,1865,1611,254
116000026,1668,7021,-5353
116000027,784,1444,-660
116000028,717,1621,-904
116000029,511,538,-27
116000030,870,1052,-182
116000031,38,259,-221
116000032,587,119,468
116000033,1395,778,617
116000034,1061,1203,-142
116000035,926,471,455
116000036,479,4595,-4116
116000037,237,763,-526
116000038,109,2077,-1968
116000039,514,2004,-1490
116000040,750,2670,-1920
116000041,135,1600,-1465
116000042,1156,1598,-442
116000043,262,578,-316
116000044,2,23,-21
116000045,1916,2160,-244
116000046,1271,2762,-1491
116000047,3719,5606,-1887
116000048,5367,1674,3693
116000049,3119,3506,-387
116000050,2448,1950,498
116000051,4638,3622,1016
116000052,4991,4650,341
116000053,4242,1210,3032
116000054,1905,3575,-1670
116000055,1948,1505,443
116000056,2798,1464,1334
116000057,4573,1536,3037
116000058,9041,5162,3879
116000059,4171,7429,-3258
116000060,5036,2392,2644
116000061,225,1913,-1688
116000062,1035,659,376
116000063,972,3518,-2546
116000066,656,1071,-415
116000067,576,642,-66
116000068,245,511,-266
116000069,689,375,314
116000078,1007,1227,-220
116000080,2841,669,2172
116000082,15,22,-7
116000083,3143,482,2661
116000084,1659,2159,-500
116000085,2619,3060,-441
116000086,1016,694,322
116000087,4440,2455,1985
116000088,2536,1427,1109
116000089,291,158,133
116000090,344,275,69
116000091,320,1000,-680
116000093,1386,363,1023
116000094,2763,640,2123
116000095,1419,802,617
116000096,3904,5337,-1433
116000097,1816,861,955
116000098,67,21915,-21848
116000099,10436,452,9984
116000100,553,57,496
116000101,2495,961,1534
116000102,426,852,-426
116000103,1314,514,800
116000104,376,1491,-1115
116000105,3099,206,2893
116000106,703,4645,-3942
116000107,5072,1175,3897
116000108,99,1015,-916
116000111,240,36,204
116000113,171,97,74
116000114,30,123,-93
116000115,452,183,269
116000116,433,215,218
116000117,2381,1933,448
116000118,2876,1252,1624
116000119,6019,2112,3907
116000120,3810,2721,1089
116000121,1812,546,1266
116000122,1129,899,230
116000123,2269,854,1415
116000124,839,510,329
116000125,6039,916,5123
116000126,531,476,55
116000127,1312,649,663
116000128,3937,1112,2825
116000129,2741,174,2567
116000130,1626,1043,583
116000133,3502,1189,2313
116000134,2200,1425,775
116000135,5231,1801,3430
116000136,1185,1964,-779
116000137,1898,1390,508
116000138,2533,1054,1479
116000139,3493,8734,-5241
116000140,256,606,-350
116000141,943,543,400
116000142,4491,2409,2082
116000143,3442,2204,1238
116000144,3648,2342,1306
116000145,4609,1230,3379
116000146,1795,210,1585
116000147,679,856,-177
116000148,1943,2835,-892
116000149,1239,1548,-309
116000151,911,1312,-401
116000153,266,510,-244
116000155,389,935,-546
116000156,1949,835,1114
116000157,118,15,103
116000158,877,196,681
116000159,12,15,-3
116000160,130,140,-10
116000161,14,139,-125
116000162,180,533,-353
116000163,170,72,98
116000164,56,156,-100
116000177,151,917,-766
116000194,132,468,-336
116000195,2676,915,1761
116000196,238,21,217
116000197,124,74,50
116000198,3238,1852,1386
116000200,1791,1573,218
116000201,968,856,112
116000202,17,373,-356
116000203,0,35,-35
116000204,32,26,6
116000205,0,124,-124
116000206,1,370,-369
116000207,37,98,-61
116000233,303,891,-588
116000287,558,157,401
116000288,676,362,314
116000292,207,295,-88
116000296,15,119,-104
116000297,107,19,88
116000304,488,16,472
116000305,27,212,-185
116000346,497,299,198
116000352,425,280,145
116000354,139,143,-4
116000357,56,42,14
116000358,1080,271,809
116000361,75,0,75
116000372,5031,14438,-9407
116000381,337,6,331
116000388,4,83,-79
116000389,1643,472,1171
116000445,1879,349,1530
116000446,1170,354,816
116000447,60,956,-896
116000448,929,96,833
116000563,1152,1376,-224
116000565,54,268,-214
116000568,87,1007,-920
116000579,12,110,-98
116000584,122,23,99
116000585,110,51,59
116000586,93,187,-94
116000587,466,492,-26
116000589,79,58,21
116000590,303,222,81
116000591,456,319,137
116000592,5,35,-30
116000593,1,19,-18
116000594,3065,148,2917
116000595,1584,71,1513
116000596,530,6,524
116000597,1262,552,710
116000598,54,110,-56
116000602,70,1584,-1514
116000605,275,254,21
116000606,148,1274,-1126
116000607,0,212,-212
116000609,140,2576,-2436
116000611,519,232,287
116000612,3038,2596,442
116000613,1166,403,763
116000614,927,316,611
116000615,1,891,-890
116000616,130,130,0
116000617,381,33,348
116000618,6,79,-73
116000619,49,191,-142
116000620,622,199,423
116000621,237,164,73
116000622,263,145,118
116000624,257,348,-91
116000627,63,62,1
116000628,68,146,-78
116000629,35,189,-154
116000630,1611,38,1573
116000631,936,15,921
116000632,1792,65,1727
116000633,27,319,-292
116000634,1417,8,1409
116000635,2521,4484,-1963
116900001,567,133,434
116900002,436,1,435
116900003,134,20,114
116900004,95,177,-82
116900005,501,53,448
116900006,150,891,-741
116900007,161,602,-441
116900008,1870,159,1711
116900009,37,23,14
116900010,28,806,-778
116900011,47,188,-141
116900012,437,738,-301
116900013,4,145,-141
116900014,442,94,348
116900015,1255,105,1150
116900016,302,6,296
116900017,7,439,-432
116900018,203,197,6
116900019,3,162,-159
116900020,643,3532,-2889
116900023,129,8,121
116900024,1731,67,1664
116900025,2818,1081,1737
116900026,230,670,-440
116900027,136,71,65
116900028,7,39,-32
116900029,5,272,-267
116900031,7,3,4
116900032,0,100,-100
116900033,74,31,43
116900034,77,26,51
116900035,253,356,-103
116900036,37,167,-130
116900038,23,2,21
116900041,385,46,339
116900042,260,171,89
116900043,19,92,-73
116900045,413,120,293
116900047,51,507,-456
116900049,38,462,-424
116900050,58,299,-241
116900051,837,26,811
116900052,452,99,353
116900055,1,120,-119
116900057,22,159,-137
116900058,9,384,-375
116900059,2,63,-61
116900060,700,564,136
116900062,5,34,-29
116900064,122,248,-126
116900065,13,165,-152
116900067,296,53,243
116900068,215,133,82
116900070,12,9,3
116900072,46,193,-147
116900073,20,116,-96
116900074,11,48,-37
116900076,34,146,-112
116900077,2,39,-37
116900078,157,37,120
116900079,82,162,-80
116900080,14,47,-33
116900081,309,859,-550
116900082,178,1337,-1159
116900083,33,7,26
116900084,58,61,-3
116900085,20,113,-93
116900086,66,384,-318
116900088,568,23,545
116900090,27,16,11
116900091,1111,64,1047
116900092,109,358,-249
116900093,4710,1767,2943
116900094,5869,11162,-5293
116900095,483,718,-235
116900096,218,655,-437
116900097,1647,7479,-5832
116900098,1402,444,958
116900099,308,1386,-1078
116900100,2075,188,1887
116900101,244,1027,-783
116900103,10,1,9
116900104,48,499,-451
116900105,788,381,407
116900106,6193,135,6058
116900107,2109,5690,-3581
116900110,17,0,17
116900111,1466,444,1022
116900112,447,529,-82
116900113,2116,4943,-2827
116900116,32,1566,-1534
116900117,470,855,-385
116900118,1974,1162,812
116900120,851,84,767
116900121,411,93,318
116900122,2204,385,1819
116900123,1348,353,995
116900124,234,406,-172
116900125,1235,170,1065
116900126,243,1232,-989
116900128,0,80,-80
116900129,1,306,-305
116900130,2215,9059,-6844
116900131,116,468,-352
116900132,170,151,19
116900133,385,207,178
116900134,434,434,0
116900136,458,474,-16
116900137,391,207,184
116900138,191,86,105
116900139,94,306,-212
116900140,278,96,182
116900141,580,112,468
116900142,9,79,-70
116900143,647,166,481
116900144,108,46,62
116900145,129,561,-432
116900147,204,2980,-2776
116900148,12,38,-26
116900149,44,558,-514
116900150,24,1,23
116900151,166,44,122
116900153,299,203,96
116900154,297,1096,-799
116900155,124,282,-158
116900157,1877,94,1783
116900158,203,550,-347
116900159,179,674,-495
116900160,1572,1184,388
116900161,6906,19013,-12107
116900162,20,112,-92
116900163,577,84,493
116900164,266,120,146
116900165,1518,643,875
116900166,194,72,122
116900167,990,39,951
116900168,1261,74,1187
116900169,409,3270,-2861
116900170,1191,551,640
116900171,101,157,-56
116900172,180,943,-763
116900173,624,24,600
116900174,85,238,-153
116900175,511,911,-400
116900178,144,121,23
116900179,51,817,-766
116900180,130,24,106
116900182,1910,446,1464
116900183,400,187,213
116900185,67,45,22
116900186,256,84,172
116900187,104,194,-90
116900188,290,53,237
116900189,28,2,26
116900191,209,405,-196
116900192,801,207,594
116900194,228,2938,-2710
116900195,62,15,47
116900196,41,39,2
116900197,264,42,222
116900198,40,951,-911
116900200,155,7,148
116900201,488,10,478
116900202,108,50,58
116900203,294,17,277
116900204,78,405,-327
116900206,57,6,51
116900207,28,52,-24
116900208,13,92,-79
116900209,50,31,19
116900210,1320,690,630
116900211,405,27,378
116900212,180,14,166
116900213,563,225,338
116900214,637,374,263
116900215,112,85,27
116900216,621,357,264
116900218,2,301,-299
116900219,419,216,203
116900220,229,466,-237
116900221,363,416,-53
116900222,591,392,199
116900223,121,266,-145
116900226,411,37,374
116900227,515,33,482
116900228,640,322,318
116900230,112,99,13
116900231,109,208,-99
116900232,32,377,-345
116900233,669,144,525
116900234,54,16,38
116900235,300,275,25
116900238,823,300,523
116900239,0,1167,-1167
116900240,5704,6970,-1266
116900241,326,48,278
116900242,508,2165,-1657
116900243,10,118,-108
116900245,106,92,14
116900246,182,56,126
116900247,1774,65,1709
116900248,91,33,58
116900249,1126,39,1087
116900250,943,102,841
116900251,590,2590,-2000
116900252,633,2375,-1742
116900253,269,108,161
116900254,154,247,-93
116900255,242,230,12
116900256,1683,262,1421
116900257,245,983,-738
116900258,22,27,-5
116900259,672,56,616
116900260,0,29,-29
116900261,180,5,175
116900262,412,442,-30
116900263,1,21,-20
116900264,1,13,-12
116900265,258,0,258
116900266,49,12,37
116900267,26,0,26
116900268,71,338,-267
116900269,703,2748,-2045
116900271,986,1062,-76
116900272,1003,628,375
116900273,77,1058,-981
116900274,421,104,317
116900275,771,82,689
116900276,536,897,-361
116900277,251,128,123
116900278,6,3,3
116900279,12,38,-26
116900280,207,24,183
116900281,4500,12882,-8382
116900282,3,35,-32
116900283,2,23,-21
116900284,30,139,-109
116900285,188,826,-638
116900286,156,15,141
116900287,3,35,-32
116900288,313,30,283
116900289,41,3,38
116900290,26,4,22
116900291,83,11,72
116900292,1,35,-34
116900293,171,9,162
116900294,30,160,-130
116900295,302,885,-583
116900296,43,429,-386
116900297,2,112,-110
116900298,93,221,-128
116900299,20,363,-343
116900300,2,159,-157
116900301,40,975,-935
116900302,9,280,-271
116900303,219,251,-32
116900304,1,248,-247
116900305,33,78,-45
116900306,461,47,414
117000001,5149,6653,-1504
117000002,2685,7080,-4395
117000003,10095,7473,2622
117000004,3027,10465,-7438
117000005,5893,5117,776
117000006,1512,3407,-1895
117000007,12738,2480,10258
117000008,1782,3984,-2202
117000009,7002,2580,4422
117000010,1655,3201,-1546
117000011,5695,2891,2804
117000012,3182,1825,1357
117000013,4510,2529,1981
117000014,2437,3314,-877
117000015,7443,3271,4172
117000016,417,1009,-592
117000017,95,3683,-3588
117000018,214,1918,-1704
117000019,136,4,132
117000020,1612,4309,-2697
117000021,4829,651,4178
117000022,318,1125,-807
117000023,112,973,-861
117000024,196,2329,-2133
117000025,195,8946,-8751
117000026,2456,7169,-4713
117000027,2335,5851,-3516
117000028,1602,4892,-3290
117000030,390,921,-531
117000031,560,646,-86
117000032,1914,2592,-678
117000033,3732,4979,-1247
117000034,443,461,-18
117000035,554,797,-243
117000036,985,595,390
117000037,551,402,149
117000038,606,1029,-423
117000039,526,598,-72
117000040,192,821,-629
117000041,2124,145,1979
117000044,11,950,-939
117000045,2391,635,1756
117000046,701,2195,-1494
117000047,1226,1807,-581
117000048,2077,1888,189
117000049,140,1472,-1332
117000050,936,2300,-1364
117000051,5251,106,5145
117000052,142,226,-84
117000053,1762,86,1676
117000054,3568,8,3560
117000055,3,1795,-1792
117000056,1252,28,1224
117000057,1105,2253,-1148
117000060,864,2078,-1214
117000061,4437,3156,1281
117000062,340,2068,-1728
117000063,3230,1456,1774
117000064,1019,1059,-40
117000066,876,1565,-689
117000067,114,889,-775
117000074,34,383,-349
117000076,97,99,-2
117000077,400,249,151
117000078,385,1358,-973
117000079,862,517,345
117000080,2,933,-931
117000081,1656,342,1314
117000082,36,182,-146
117000083,318,22,296
117000084,479,15,464
117000085,920,1639,-719
117000086,1692,604,1088
117000087,251,745,-494
117000088,640,302,338
117000089,5007,335,4672
117000090,710,850,-140
117000091,2994,453,2541
117000092,758,1082,-324
117000093,4033,731,3302
117000094,1440,1748,-308
117000095,6113,1188,4925
117000096,1358,1713,-355
117000097,4784,2030,2754
117000098,2625,2903,-278
117000099,9093,1874,7219
117000100,332,599,-267
117000101,245,932,-687
117000102,4650,1068,3582
117000103,971,1404,-433
117000104,3438,1117,2321
117000105,598,1447,-849
117000106,4465,1068,3397
117000107,1014,1664,-650
117000108,4553,2037,2516
117000109,1624,2840,-1216
117000110,2961,3299,-338
117000111,7550,8107,-557
117000112,7091,2208,4883
117000113,210,157,53
117000114,549,1184,-635
117000115,130,53,77
117000116,322,1267,-945
117000117,3077,2042,1035
117000118,775,798,-23
117000119,264,1387,-1123
117000120,80,3324,-3244
117000121,77,2014,-1937
117000122,2704,3012,-308
117000123,6626,143,6483
117000124,149,629,-480
117000125,78,2501,-2423
117000126,31,155,-124
117000127,217,1636,-1419
117000128,153,3464,-3311
117000129,289,747,-458
117000130,40,43,-3
117000131,0,178,-178
117000132,10357,22,10335
117000133,6270,52,6218
117000134,1,398,-397
117000135,0,412,-412
117000136,0,173,-173
117000137,391,181,210
117000138,4,1921,-1917
117000140,743,1137,-394
117000141,3931,1013,2918
117000181,1156,237,919
117000182,4687,2378,2309
117000195,308,786,-478
117000196,579,289,290
117000225,31,489,-458
117000226,16,518,-502
117000276,747,49,698
117000277,0,85,-85
117000310,2015,4601,-2586
117000315,577,1465,-888
117000320,126,0,126
117000906,1173,41,1132
117000907,4,261,-257
117000908,8,416,-408
117000909,152,202,-50
117000910,376,168,208
117000911,62,204,-142
117000915,9,216,-207
117000916,241,28,213
117000917,3430,230,3200
117000918,417,133,284
117000919,15,88,-73
117000920,1,2172,-2171
117000921,2,363,-361
117000922,89,169,-80
117000924,2161,868,1293
117000926,1817,1147,670
117000927,428,1023,-595
117000928,0,151,-151
117000929,1048,235,813
117000930,1528,32,1496
117000931,188,239,-51
117900002,78,1788,-1710
117900003,154,271,-117
117900005,6,397,-391
117900006,0,153,-153
117900007,392,114,278
117900008,0,15,-15
117900010,860,108,752
117900011,30,2461,-2431
117900012,155,69,86
117900013,0,401,-401
117900014,1247,305,942
117900015,35,194,-159
117900016,1932,2208,-276
117900017,1960,605,1355
117900018,815,1483,-668
117900019,1795,362,1433
117900020,64,541,-477
117900021,55,358,-303
117900022,24,6,18
117900023,5694,209,5485
117900024,190,199,-9
117900025,19,1,18
117900026,1290,348,942
117900028,189,32,157
117900029,859,1074,-215
117900030,757,934,-177
117900031,678,1684,-1006
117900032,1508,865,643
117900033,1376,744,632
117900034,95,45,50
117900035,461,1519,-1058
117900036,875,507,368
117900037,416,112,304
117900038,295,163,132
117900039,0,94,-94
117900040,495,153,342
117900041,3,35,-32
117900042,4218,1082,3136
117900043,1,19,-18
117900044,161,9783,-9622
117900045,715,195,520
117900048,668,215,453
117900049,893,848,45
117900050,13,1412,-1399
117900051,35,53,-18
117900052,135,1144,-1009
117900053,3041,239,2802
117900054,20,18,2
117900055,4277,627,3650
117900056,173,246,-73
117900057,1967,1197,770
117900058,60,196,-136
117900059,177,389,-212
117900060,5369,3216,2153
117900061,47,710,-663
117900063,1517,390,1127
117900065,383,1702,-1319
117900066,8,357,-349
117900067,1840,280,1560
117900069,2577,205,2372
117900070,58,713,-655
117900071,428,186,242
117900073,1941,527,1414
117900074,39,1380,-1341
117900075,325,165,160
117900076,87,310,-223
117900077,1455,153,1302
117900078,783,940,-157
117900080,380,83,297
117900081,393,499,-106
117900082,1506,457,1049
117900083,1370,1103,267
117900086,518,277,241
117900087,326,90,236
117900088,988,1314,-326
117900089,4350,760,3590
117900090,1377,1186,191
117900091,314,94,220
117900092,239,123,116
117900093,227,73,154
117900094,84,56,28
117900095,1241,1590,-349
117900096,454,1337,-883
117900097,291,92,199
117900098,196,20,176
117900099,601,1633,-1032
117900100,1337,7,1330
117900101,1570,4506,-2936
117900102,199,84,115
117900103,269,21,248
117900104,22,603,-581
117900105,174,322,-148
117900106,342,66,276
117900107,139,0,139
117900109,1843,655,1188
117900110,485,5,480
117900111,1933,219,1714
117900112,163,34,129
117900113,1601,4432,-2831
117900114,51,0,51
117900115,68,634,-566
117900116,1319,690,629
117900117,1619,293,1326
117900118,496,5,491
117900119,452,42,410
117900120,1916,47,1869
117900121,252,159,93
117900122,1304,10891,-9587
117900123,2108,755,1353
117900124,355,1975,-1620
117900125,2639,1754,885
117900126,312,400,-88
117900127,1473,417,1056
117900128,847,283,564
117900129,223,3,220
117900130,1628,1856,-228
117900131,11,314,-303
117900132,59,112,-53
117900133,60,47,13
117900134,228,288,-60
117900135,141,97,44
117900136,0,34,-34
117900137,464,454,10
117900138,0,6,-6
117900139,104,109,-5
117900140,11222,1583,9639
117900141,96,700,-604
117900142,34,1016,-982
117900144,77,2500,-2423
117900145,29,569,-540
117900146,55,778,-723
117900147,177,243,-66
117900148,6474,6586,-112
117900149,158,734,-576
117900150,193,147,46
117900151,99,524,-425
117900152,111,241,-130
117900153,44,257,-213
117900154,1296,1408,-112
117900156,610,564,46
117900157,105,708,-603
117900158,538,152,386
117900160,1492,1206,286
117900161,1454,1042,412
117900162,1619,684,935
117900163,30,1476,-1446
117900165,0,4,-4
117900166,28,679,-651
117900168,89,240,-151
117900169,2,65,-63
117900170,2,103,-101
117900171,26,8,18
117900172,79,12,67
117900173,89,70,19
117900174,72,68,4
117900175,6,16,-10
117900176,28,13,15
117900177,74,59,15
117900178,222,134,88
117900180,346,65,281
117900181,60,939,-879
117900182,1,110,-109
117900183,225,312,-87
117900184,96,134,-38
117900185,83,60,23
117900186,100,11,89
117900187,43,9,34
117900188,527,78,449
117900189,293,101,192
117900190,45,2,43
117900191,268,1,267
117900192,400,2,398
117900193,2,87,-85
117900194,56,17,39
117900195,34,524,-490
117900196,86,45,41
117900207,214,261,-47
117900208,125,71,54
117900209,523,99,424
117900210,169,102,67
117900211,3,73,-70
117900212,256,291,-35
117900213,42,22,20
117900214,20,13,7
117900215,85,23,62
117900216,16,155,-139
117900217,117,335,-218
117900218,56,167,-111
117900219,4,346,-342
117900220,11,877,-866
117900222,202,92,110
117900223,67,469,-402
118000001,1331,4868,-3537
118000002,941,2185,-1244
118000003,3185,8928,-5743
118000004,1632,12097,-10465
118000005,7064,4725,2339
118000006,9153,7115,2038
118000007,8432,20516,-12084
118000008,1312,13446,-12134
118000009,2402,6141,-3739
118000010,5347,6458,-1111
118000011,4580,2398,2182
118000012,1910,3536,-1626
118000013,5050,5503,-453
118000014,2980,3185,-205
118000016,601,329,272
118000017,1619,659,960
118000018,777,299,478
118000019,1512,3373,-1861
118000020,567,3511,-2944
118000021,1037,4896,-3859
118000022,1575,1040,535
118000023,792,628,164
118000024,722,1336,-614
118000027,20141,11329,8812
118000029,1127,971,156
118000032,275,3372,-3097
118000033,2507,7718,-5211
118000034,4637,6263,-1626
118000035,3367,3589,-222
118000036,1503,1999,-496
118000037,1466,5055,-3589
118000038,1381,194,1187
118000039,233,136,97
118000040,3322,3241,81
118000041,6973,2785,4188
118000045,249,455,-206
118000046,1595,2930,-1335
118000047,967,6229,-5262
118000048,2145,10458,-8313
118000051,2176,9545,-7369
118000052,1203,3495,-2292
118000053,841,3602,-2761
118000054,7899,2210,5689
118000055,5850,2809,3041
118000056,145,2017,-1872
118000057,233,915,-682
118000058,2879,12689,-9810
118000059,2126,6611,-4485
118000060,2512,1568,944
118000061,2288,2687,-399
118000062,648,363,285
118000063,770,1750,-980
118000064,999,2572,-1573
118000065,2679,3131,-452
118000066,2894,7056,-4162
118000067,657,1065,-408
118000068,1650,18308,-16658
118000069,1870,2696,-826
118000070,13620,4160,9460
118000071,9218,18168,-8950
118000072,1111,6600,-5489
118000073,618,3409,-2791
118000074,933,881,52
118000075,875,570,305
118000076,3551,15605,-12054
118000077,1700,3629,-1929
118000078,3141,5368,-2227
118000079,309,886,-577
118000080,562,2524,-1962
118000081,2396,3369,-973
118000082,735,2192,-1457
118000083,2160,3395,-1235
118000084,2700,4780,-2080
118000086,209,1405,-1196
118000087,10281,4832,5449
118000088,1893,3345,-1452
118000089,7058,6135,923
118000090,1563,6635,-5072
118000091,2862,8654,-5792
118000092,1589,1199,390
118000093,290,1180,-890
118000096,1304,1377,-73
118000097,1105,1522,-417
118000098,308,629,-321
118000099,1792,736,1056
118000101,3704,610,3094
118000102,823,878,-55
118000107,5264,1014,4250
118000108,1758,9058,-7300
118000110,0,51,-51
118000111,3,203,-200
118000112,2438,10,2428
118000113,35,728,-693
118000114,1975,40,1935
118000115,25,5,20
118000116,89,0,89
118000117,1009,2366,-1357
118000118,2149,3808,-1659
118000119,2215,3756,-1541
118000120,1900,1964,-64
118000121,10,850,-840
118000122,869,499,370
118000123,78,416,-338
118000125,1387,4734,-3347
118000126,1130,5311,-4181
118000127,1754,2625,-871
118000128,567,6166,-5599
118000129,3239,2023,1216
118000130,3970,5813,-1843
118000131,784,2154,-1370
118000132,5020,4458,562
118000133,2745,1864,881
118000135,1369,2607,-1238
118000136,207,2773,-2566
118000137,687,393,294
118000138,775,638,137
118000139,1124,217,907
118000140,8450,17426,-8976
118000141,5717,2740,2977
118000142,5870,2949,2921
118000143,5939,2387,3552
118000144,1336,682,654
118000145,2360,1717,643
118000146,2730,767,1963
118000147,2318,1334,984
118000148,1814,2328,-514
118000149,1708,707,1001
118000150,1632,333,1299
118000151,1595,518,1077
118000153,3785,1445,2340
118000154,2525,1940,585
118000155,4975,1654,3321
118000156,4339,7118,-2779
118000157,1206,596,610
118000158,546,956,-410
118000159,114,175,-61
118000160,1642,543,1099
118000161,1341,452,889
118000162,2214,1311,903
118000163,1992,1763,229
118000164,3636,2708,928
118000168,744,2634,-1890
118000169,1825,1134,691
118000170,5148,3999,1149
118000171,735,1037,-302
118000172,148,374,-226
118000173,1580,2574,-994
118000175,334,348,-14
118000176,792,611,181
118000177,736,1008,-272
118000178,111,65,46
118000179,1107,1151,-44
118000180,1162,868,294
118000181,861,312,549
118000182,499,308,191
118000183,362,459,-97
118000184,2581,725,1856
118000185,859,3258,-2399
118000186,625,2376,-1751
118000187,4798,653,4145
118000188,1880,133,1747
118000189,2429,755,1674
118000190,11,26,-15
118000191,22,59,-37
118000192,27,415,-388
118000193,19,247,-228
118000194,4432,1433,2999
118000195,396,11301,-10905
118000196,134,2332,-2198
118000197,68,508,-440
118000198,607,3167,-2560
118000199,502,3486,-2984
118000200,224,1644,-1420
118000201,142,1709,-1567
118000202,73,1294,-1221
118000203,353,2205,-1852
118000204,102,1090,-988
118000205,118,557,-439
118000206,487,773,-286
118000207,1,109,-108
118000208,2668,2612,56
118000209,4583,1050,3533
118000210,351,70,281
118000211,186,122,64
118000213,1134,12091,-10957
118000214,630,1731,-1101
118000215,887,183,704
118000216,17360,3726,13634
118000217,12,139,-127
118000218,302,82,220
118000219,488,494,-6
118000220,91,100,-9
118000221,1498,1437,61
118000222,111,13,98
118000223,243,65,178
118000224,271,99,172
118000225,405,2716,-2311
118000226,2498,404,2094
118000227,1956,862,1094
118000228,83,801,-718
118000229,88,1978,-1890
118000230,191,631,-440
118000231,140,972,-832
118000232,1891,405,1486
118000233,2522,1089,1433
118000234,1097,158,939
118000236,529,896,-367
118000237,371,500,-129
118000238,530,270,260
118000239,565,895,-330
118000240,178,150,28
118000241,767,318,449
118000242,1072,363,709
118000243,537,226,311
118000244,226,62,164
118000246,1,89,-88
118000255,41,677,-636
118000256,169,293,-124
118000259,49,185,-136
118000260,581,115,466
118000261,192,48,144
118000263,259,456,-197
118000266,489,321,168
118000267,2,752,-750
118000268,455,41,414
118000270,521,12,509
118000271,397,269,128
118000272,167,51,116
118000273,629,31,598
118000274,134,617,-483
118000276,827,457,370
118000295,61,240,-179
118000298,283,139,144
118000299,138,76,62
118000301,2,223,-221
118000302,260,42,218
118000311,2419,134,2285
118000312,879,118,761
118000313,215,88,127
118000314,372,21,351
118000315,257,12,245
118000316,1940,661,1279
118000325,221,96,125
118000326,121,40,81
118000331,94,41,53
118000332,33,56,-23
118000333,40,62,-22
118000335,1512,4,1508
118000336,0,298,-298
118000407,617,74,543
118000457,10,132,-122
118000465,954,4527,-3573
118000480,126,100,26
118000489,15,1125,-1110
118000490,5,585,-580
118000492,1240,205,1035
118000510,160,44,116
118000514,156,1092,-936
118000515,795,2303,-1508
118000517,897,301,596
118000524,138,1051,-913
118000525,833,911,-78
118000530,42,368,-326
118000531,880,292,588
118000532,484,332,152
118000533,445,170,275
118000534,1540,584,956
118000535,690,148,542
118000536,88,951,-863
118000537,34,290,-256
118000538,26,250,-224
118000539,61,247,-186
118000540,298,553,-255
118000541,126,170,-44
118000542,225,836,-611
118000543,551,806,-255
118000546,106,78,28
118000560,2138,4716,-2578
118000562,183,180,3
118000563,2263,1340,923
118000576,233,63,170
118000577,205,260,-55
118000578,87,46,41
118000579,671,4752,-4081
118000595,332,106,226
118000596,4,1112,-1108
118000597,199,63,136
118000598,56,4,52
118000599,515,76,439
118000600,1,19,-18
118000601,128,0,128
118000602,0,25,-25
118000603,0,17,-17
118900001,1023,2119,-1096
118900002,1448,1582,-134
118900003,1406,7,1399
118900004,447,88,359
118900005,210,28,182
118900006,470,17,453
118900007,1,1,0
118900008,2273,104,2169
118900009,267,262,5
118900010,254,61,193
118900011,269,20,249
118900012,443,537,-94
118900013,2777,1044,1733
118900015,612,60,552
118900016,10,2,8
118900017,30,338,-308
118900018,2080,74,2006
118900019,18,14,4
118900020,42,397,-355
118900021,169,1664,-1495
118900022,170,31,139
118900023,128,345,-217
118900024,152,220,-68
118900025,38,276,-238
118900026,133,21,112
118900027,1011,401,610
118900028,451,174,277
118900029,429,879,-450
118900030,1139,362,777
118900031,160,59,101
118900032,406,97,309
118900033,609,1419,-810
118900034,384,51,333
118900035,245,121,124
118900036,2237,630,1607
118900037,457,1338,-881
118900038,1079,95,984
118900039,1459,352,1107
118900040,385,161,224
118900041,1424,480,944
118900042,114,91,23
118900045,467,302,165
118900046,601,506,95
118900047,568,619,-51
118900048,230,1164,-934
118900049,219,71,148
118900050,212,5,207
118900051,61,327,-266
118900052,468,1149,-681
118900053,24,122,-98
118900054,354,44,310
118900055,343,17,326
118900056,46,793,-747
118900057,1318,842,476
118900058,928,1069,-141
118900059,44,223,-179
118900060,150,82,68
118900062,543,196,347
118900064,456,1126,-670
118900065,121,364,-243
118900066,219,140,79
118900067,6028,7358,-1330
118900068,9,819,-810
118900069,979,400,579
118900071,9,9,0
118900072,1602,1279,323
118900073,335,268,67
118900074,561,128,433
118900075,415,23,392
118900076,433,256,177
118900077,1054,214,840
118900078,7,3,4
118900079,52,263,-211
118900080,241,65,176
118900081,65,71,-6
118900082,3817,401,3416
118900083,55,2,53
118900084,9,16,-7
118900085,673,629,44
118900086,22,162,-140
118900087,221,1548,-1327
118900088,0,9,-9
118900089,18,37,-19
118900090,679,283,396
118900091,277,516,-239
118900092,725,74,651
118900093,302,36,266
118900096,78,47,31
118900097,603,749,-146
118900099,79,166,-87
118900100,118,451,-333
118900101,491,267,224
118900102,53,139,-86
118900103,41,218,-177
118900104,236,29,207
118900105,325,192,133
118900107,130,95,35
118900108,218,391,-173
118900110,2012,2017,-5
118900111,1700,803,897
118900112,412,728,-316
118900113,114,468,-354
118900114,5,246,-241
118900115,458,682,-224
118900116,105,258,-153
118900117,175,153,22
118900118,567,263,304
118900119,327,260,67
118900120,127,432,-305
118900121,91,203,-112
118900122,6,1714,-1708
118900123,187,451,-264
118900124,255,415,-160
118900126,82,446,-364
118900129,471,350,121
118900130,37,251,-214
118900131,824,448,376
118900132,614,314,300
118900133,14,355,-341
118900135,532,325,207
118900136,566,286,280
118900137,29,182,-153
118900139,691,376,315
118900140,1274,467,807
118900141,224,114,110
118900144,518,223,295
118900145,62,288,-226
118900146,733,499,234
118900147,170,1471,-1301
118900148,137,68,69
118900150,156,1039,-883
118900152,1154,636,518
118900157,78,508,-430
118900158,468,68,400
118900159,0,289,-289
118900161,67,42,25
118900163,61,76,-15
118900164,1,50,-49
118900165,225,70,155
118900166,12,0,12
118900167,145,47,98
118900168,75,224,-149
118900169,452,172,280
118900170,710,69,641
118900171,168,70,98
118900174,139,68,71
118900175,1092,516,576
118900176,305,314,-9
118900177,235,11,224
118900178,216,94,122
118900179,37,52,-15
118900181,319,110,209
118900182,42,136,-94
118900183,86,328,-242
118900184,285,71,214
118900185,225,74,151
118900186,86,458,-372
118900187,164,1257,-1093
118900188,583,394,189
118900189,52,1034,-982
118900190,264,299,-35
118900191,1009,90,919
118900192,999,29,970
118900193,1855,11,1844
118900195,234,854,-620
118900196,76,194,-118
118900197,577,155,422
118900198,86,9,77
118900199,171,15,156
118900200,53,52,1
118900201,38,123,-85
118900202,7,125,-118
118900203,113,12,101
118900204,71,15,56
118900205,10,1,9
118900206,5,1,4
119000001,2955,3783,-828
119000002,5450,7359,-1909
119000003,6410,1666,4744
119000004,4962,3805,1157
119000005,3859,5361,-1502
119000006,7439,3420,4019
119000007,7794,7579,215
119000008,3672,2802,870
119000009,3882,12084,-8202
119000010,6240,7267,-1027
119000011,3485,3988,-503
119000012,1848,6136,-4288
119000013,5639,2918,2721
119000014,2959,3822,-863
119000019,511,355,156
119000020,4949,2685,2264
119000021,9359,5744,3615
119000022,2509,8587,-6078
119000023,286,652,-366
119000024,3614,43062,-39448
119000025,6871,2115,4756
119000026,74,889,-815
119000027,234,693,-459
119000028,3391,843,2548
119000029,72,351,-279
119000030,865,1000,-135
119000031,2438,1105,1333
119000032,4870,2608,2262
119000033,3402,1341,2061
119000034,2853,1249,1604
119000035,80,283,-203
119000036,5280,529,4751
119000037,3528,1101,2427
119000038,624,454,170
119000039,1568,900,668
119000040,1446,2116,-670
119000041,1832,3890,-2058
119000048,3556,2214,1342
119000049,6005,3835,2170
119000050,1833,5337,-3504
119000051,4485,3161,1324
119000052,7440,3731,3709
119000053,3746,1918,1828
119000054,5932,1722,4210
119000055,11333,2163,9170
119000056,7760,2120,5640
119000057,3283,1153,2130
119000058,2817,1294,1523
119000059,1650,1718,-68
119000060,3977,1049,2928
119000061,1745,646,1099
119000062,1405,1262,143
119000063,1430,944,486
119000064,1345,1483,-138
119000065,1837,6203,-4366
119000066,3424,1585,1839
119000067,2989,1831,1158
119000068,3659,1264,2395
119000069,3902,2097,1805
119000070,6184,798,5386
119000071,2261,752,1509
119000072,6798,4923,1875
119000073,6562,20520,-13958
119000074,2998,1853,1145
119000075,7549,3575,3974
119000076,249,2186,-1937
119000077,1220,1535,-315
119000078,723,1912,-1189
119000079,220,963,-743
119000080,1845,366,1479
119000081,735,1529,-794
119000082,1803,347,1456
119000083,1149,698,451
119000084,539,648,-109
119000085,1343,193,1150
119000086,405,1467,-1062
119000087,1140,287,853
119000088,390,130,260
119000089,102,241,-139
119000090,214,65,149
119000091,144,275,-131
119000092,523,216,307
119000093,7627,4330,3297
119000094,8142,8928,-786
119000095,4713,11458,-6745
119000097,2321,1342,979
119000098,2093,12049,-9956
119000099,3289,1120,2169
119000100,8959,5381,3578
119000101,5417,3272,2145
119000102,400,2458,-2058
119000103,1065,979,86
119000104,2243,1235,1008
119000105,1964,5644,-3680
119000106,794,943,-149
119000107,2338,941,1397
119000108,1220,1093,127
119000109,275,1631,-1356
119000110,447,1671,-1224
119000111,77,1539,-1462
119000112,206,347,-141
119000113,1278,600,678
119000114,3082,2268,814
119000115,169,328,-159
119000116,179,230,-51
119000117,550,656,-106
119000118,17,1,16
119000123,2545,5902,-3357
119000124,2434,321,2113
119000125,10552,930,9622
119000126,2441,562,1879
119000127,1734,457,1277
119000128,42,0,42
119000131,2318,294,2024
119000132,1,2,-1
119000133,0,28,-28
119000134,1759,1152,607
119000135,366,481,-115
119000136,743,138,605
119000137,510,162,348
119000138,1713,79,1634
119000139,382,99,283
119000140,651,527,124
119000284,1660,2304,-644
119000285,2436,1667,769
119000286,4878,3928,950
119000287,2062,1948,114
119000288,3854,1112,2742
119000289,1899,3750,-1851
119000290,381,414,-33
119000291,367,537,-170
119000293,248,285,-37
119000294,134,58,76
119000295,3348,366,2982
119000296,529,157,372
119000302,3578,1619,1959
119000303,31,625,-594
119000314,3463,21403,-17940
119000315,1,256,-255
119000316,431,109,322
119000317,202,134,68
119900001,169,3120,-2951
119900002,532,534,-2
119900003,14,351,-337
119900004,215,5261,-5046
119900005,647,115,532
119900006,171,713,-542
119900007,825,488,337
119900008,27,107,-80
119900009,940,505,435
119900010,1014,1839,-825
119900011,38,553,-515
119900012,23,255,-232
119900013,2461,2465,-4
119900014,701,346,355
119900015,570,125,445
119900016,184,115,69
119900017,136,79,57
119900018,1425,2843,-1418
119900019,188,15,173
119900020,165,295,-130
119900021,450,75,375
119900022,147,1735,-1588
119900023,902,5849,-4947
119900025,952,38,914
119900026,887,194,693
119900027,13,16,-3
119900028,505,523,-18
119900029,7,1,6
119900030,1041,814,227
119900031,139,2064,-1925
119900033,1682,386,1296
119900034,1786,57,1729
119900037,251,18,233
119900038,52,906,-854
119900039,150,18,132
119900040,275,100,175
119900041,652,32,620
119900042,85,630,-545
119900043,245,174,71
119900044,300,1205,-905
119900046,617,35,582
119900047,883,435,448
119900048,137,11,126
119900049,322,8,314
119900050,460,430,30
119900051,2105,59,2046
119900052,385,35,350
119900053,593,242,351
119900054,984,54,930
119900055,1995,534,1461
119900057,930,34,896
119900058,913,13,900
119900059,132,53,79
119900060,481,120,361
119900062,337,6,331
119900063,9,157,-148
119900064,1850,226,1624
119900065,412,5,407
119900066,0,1,-1
119900067,337,55,282
119900068,1331,4,1327
119900069,233,20,213
119900070,1537,5,1532
119900071,1730,106,1624
119900073,2180,240,1940
119900074,39,97,-58
119900075,2173,1957,216
119900076,1756,324,1432
119900077,1874,394,1480
119900078,1302,617,685
119900079,1533,58,1475
119900080,3459,915,2544
119900081,1366,84,1282
119900082,3949,369,3580
119900083,962,140,822
119900084,751,1131,-380
119900085,188,65,123
119900086,23,40,-17
119900087,304,1948,-1644
119900088,65,43,22
119900089,119,155,-36
119900090,110,18,92
119900091,127,231,-104
119900092,73,2200,-2127
119900093,4810,343,4467
119900094,27,606,-579
119900095,181,87,94
119900096,71,156,-85
119900097,354,272,82
119900098,45,27,18
119900099,36,153,-117
119900100,877,3289,-2412
119900101,446,2092,-1646
119900102,70,127,-57
119900103,61,121,-60
119900104,98,144,-46
119900105,1442,7018,-5576
119900106,27,113,-86
119900107,629,1367,-738
119900108,6762,654,6108
119900109,21,131,-110
119900110,1197,509,688
119900111,436,92,344
119900112,905,1713,-808
119900113,46,243,-197
119900114,436,643,-207
119900115,1128,303,825
119900116,192,960,-768
119900117,815,350,465
119900118,312,188,124
119900119,550,221,329
119900120,838,416,422
119900121,1274,711,563
119900122,57,172,-115
119900123,277,470,-193
119900124,750,453,297
119900125,74,201,-127
119900126,4366,253,4113
119900127,665,450,215
119900128,990,1359,-369
119900129,687,174,513
119900130,23,213,-190
119900131,149,100,49
119900132,0,64,-64
119900133,246,92,154
119900134,706,99,607
119900135,0,231,-231
119900136,104,256,-152
119900138,263,338,-75
119900139,24,268,-244
119900140,10,171,-161
119900141,46,2074,-2028
119900142,36,84,-48
119900143,58,433,-375
119900144,1214,336,878
119900145,104,406,-302
119900146,309,271,38
119900147,8,299,-291
119900148,622,78,544
119900149,643,13926,-13283
119900150,158,185,-27
119900151,4528,2094,2434
119900152,529,124,405
119900153,435,38,397
119900154,212,431,-219
119900155,62,43,19
119900156,23,9,14
119900157,446,220,226
119900158,370,99,271
119900159,8,355,-347
119900160,39,236,-197
119900161,257,150,107
119900162,2176,1036,1140
119900163,116,313,-197
119900164,2,4,-2
119900165,363,104,259
119900166,198,30,168
119900167,5,111,-106
119900168,3631,382,3249
119900169,26,797,-771
119900170,273,331,-58
119900171,1595,548,1047
119900172,60,17,43
119900173,78,170,-92
119900174,23,229,-206
119900175,4118,460,3658
119900177,71,125,-54
119900178,2,185,-183
119900179,537,1906,-1369
119900180,2363,982,1381
119900181,57,144,-87
119900182,8,126,-118
119900183,221,753,-532
119900184,835,675,160
119900185,137,661,-524
119900186,26,3746,-3720
119900187,12,231,-219
119900188,314,387,-73
119900189,233,585,-352
119900190,203,601,-398
119900191,188,862,-674
119900192,97,177,-80
119900193,1310,192,1118
119900194,37,111,-74
119900195,20,226,-206
119900196,401,113,288
119900197,810,442,368
119900198,264,405,-141
119900199,438,33,405
119900200,1581,882,699
119900201,328,204,124
119900202,80,499,-419
119900203,249,1360,-1111
119900204,679,503,176
119900205,2460,512,1948
119900206,562,321,241
119900208,158,169,-11
119900209,1033,4933,-3900
119900210,145,18,127
119900211,74,14,60
119900212,776,346,430
119900213,15,95,-80
119900214,283,75,208
119900215,185,57,128
119900216,14,39,-25
119900217,11,22,-11
119900218,20,163,-143
119900219,69,52,17
119900220,14,14,0
119900221,116,64,52
119900222,37,63,-26
119900223,31,26,5
119900224,69,16,53
119900225,336,40,296
119900226,270,3698,-3428
119900227,426,253,173
119900228,21,573,-552
119900229,151,272,-121
119900230,1481,276,1205
119900231,697,132,565
119900232,275,149,126
119900233,228,18,210
119900234,7,301,-294
119900235,11,91,-80
119900236,41,366,-325
119900237,105,839,-734
119900238,5,484,-479
119900240,127,372,-245
119900241,392,166,226
119900242,2954,2026,928
119900244,1066,1154,-88
119900245,550,403,147
119900246,181,767,-586
119900247,16,121,-105
119900248,83,1057,-974
119900249,704,304,400
119900253,1742,383,1359
119900254,151,2899,-2748
119900255,280,988,-708
119900256,1569,397,1172
119900257,198,6,192
119900258,463,17,446
119900259,7,56,-49
119900260,420,27,393
119900261,1152,879,273
119900262,5,228,-223
119900263,2735,296,2439
119900264,466,69,397
119900265,1236,372,864
119900266,1335,259,1076
119900267,199,334,-135
119900268,649,113,536
119900269,3528,680,2848
119900271,141,158,-17
119900272,176,379,-203
119900275,265,5,260
119900276,186,11,175
119900277,16,14,2
119900278,984,91,893
119900279,178,540,-362
119900280,764,86,678
119900281,1,721,-720
119900282,42,149,-107
119900283,105,86,19
119900284,97,149,-52
119900285,66,380,-314
119900286,14,12,2
119900288,15,12,3
119900289,0,40,-40
119900290,7,0,7
119900291,1,120,-119
119900292,52,106,-54
119900293,49,40,9
119900294,34,52,-18
119900295,23,6,17
119900296,202,53,149
119900297,1,39,-38
119900298,2,28,-26
119900299,186,890,-704
119900300,478,648,-170
119900301,109,427,-318
119900302,104,597,-493
119900303,530,617,-87
119900304,425,30,395
119900305,6,146,-140
119900306,60,1,59
119900307,49,207,-158
119900308,4,39,-35
119900309,74,734,-660
119900310,453,403,50
119900311,343,44,299
119900312,427,63,364
119900313,420,375,45
119900314,517,713,-196
119900315,4514,1163,3351
119900318,50,192,-142
119900319,3,83,-80
119900320,603,330,273
119900321,413,17,396
119900322,2,7,-5
119900323,0,1,-1
119900324,0,2,-2
119900325,1,5,-4
120000001,16163,56760,-40597
120000002,4013,4479,-466
120000003,3488,1616,1872
120000004,4276,1506,2770
120000005,3580,1829,1751
120000006,2708,1409,1299
120000007,4344,8304,-3960
120000008,1958,1374,584
120000009,2143,1176,967
120000010,4231,4799,-568
120000011,2503,2315,188
120000012,3234,2701,533
120000013,7642,4458,3184
120000014,1839,3249,-1410
120000015,5169,3562,1607
120000016,7671,3999,3672
120000017,7623,7730,-107
120000018,5450,32454,-27004
120000019,2250,2610,-360
120000020,3511,6198,-2687
120000021,2913,2721,192
120000022,3442,4709,-1267
120000023,2794,2495,299
120000024,1801,3410,-1609
120000025,4620,2942,1678
120000026,6174,3103,3071
120000027,4333,2834,1499
120000028,1460,4670,-3210
120000029,2354,4280,-1926
120000030,240,1857,-1617
120000031,3178,9170,-5992
120000032,6478,3722,2756
120000033,6368,1515,4853
120000034,7029,1604,5425
120000035,6588,1968,4620
120000036,5894,8578,-2684
120000037,1026,2992,-1966
120000038,8611,5219,3392
120000039,1394,2242,-848
120000040,114,3231,-3117
120000041,795,2675,-1880
120000042,4147,2966,1181
120000043,9211,1124,8087
120000044,11542,1775,9767
120000045,13870,1021,12849
120000046,7123,7260,-137
120000047,1071,21438,-20367
120000048,17267,6803,10464
120000049,7764,8343,-579
120000050,6166,9470,-3304
120000051,3751,7322,-3571
120000052,8650,1309,7341
120000053,2044,1720,324
120000054,2449,2638,-189
120000055,2813,3796,-983
120000056,7673,5303,2370
120000057,6479,3435,3044
120000058,1856,2230,-374
120000059,21,2640,-2619
120000061,274,2124,-1850
120000062,303,418,-115
120000063,850,2246,-1396
120000064,608,747,-139
120000065,639,1357,-718
120000066,286,619,-333
120000067,44,226,-182
120000068,549,336,213
120000069,1579,397,1182
120000070,345,445,-100
120000071,1683,172,1511
120000072,2913,805,2108
120000073,2540,121,2419
120000074,164,424,-260
120000075,2377,1151,1226
120000076,5530,605,4925
120000077,5178,1014,4164
120000078,4145,1672,2473
120000079,319,207,112
120000080,119,372,-253
120000081,401,160,241
120000082,384,313,71
120000083,62,1021,-959
120000084,451,533,-82
120000085,531,787,-256
120000086,252,356,-104
120000087,344,390,-46
120000088,1496,1305,191
120000089,1637,795,842
120000090,1604,836,768
120000091,2442,987,1455
120000092,1684,491,1193
120000093,1357,657,700
120000094,650,1959,-1309
120000095,1430,201,1229
120000096,769,439,330
120000098,1742,626,1116
120000099,967,801,166
120000100,1455,682,773
120000101,1645,457,1188
120000102,1402,1995,-593
120000103,2775,1690,1085
120000104,4503,703,3800
120000105,5821,554,5267
120000106,7287,505,6782
120000107,12564,717,11847
120000108,4245,301,3944
120000109,2618,186,2432
120000110,108,807,-699
120000111,246,1168,-922
120000112,935,1619,-684
120000113,927,1270,-343
120000114,608,1226,-618
120000115,669,1193,-524
120000116,601,1792,-1191
120000117,684,1005,-321
120000118,48,121,-73
120000119,32,54,-22
120000120,311,444,-133
120000121,20,47,-27
120000122,516,1932,-1416
120000123,2694,18680,-15986
120000124,925,1056,-131
120000125,2326,838,1488
120000126,681,5222,-4541
120000127,1269,2623,-1354
120000128,3674,9837,-6163
120000129,609,265,344
120000130,1916,760,1156
120000131,969,1044,-75
120000134,1343,649,694
120000135,2224,996,1228
120000137,813,336,477
120000138,4322,391,3931
120000139,810,348,462
120000140,3399,227,3172
120000141,684,1689,-1005
120000142,1866,2516,-650
120000143,0,60,-60
120000144,320,25,295
120000145,1837,10,1827
120000146,1763,2707,-944
120000149,904,844,60
120000150,2856,19627,-16771
120000151,1111,686,425
120000152,2493,205,2288
120000153,1574,696,878
120000154,1346,1253,93
120000155,572,929,-357
120000156,872,5489,-4617
120000157,2242,772,1470
120000158,1808,809,999
120000159,3178,1741,1437
120000160,3660,2380,1280
120000161,6558,3681,2877
120000162,322,511,-189
120000163,1677,900,777
120000164,1485,221,1264
120000165,1860,571,1289
120000166,3072,615,2457
120000167,395,442,-47
120000168,9,1172,-1163
120000169,66,3065,-2999
120000170,22,2774,-2752
120000171,9,931,-922
120000172,5,515,-510
120000173,237,1857,-1620
120000174,39,87,-48
120000175,58,104,-46
120000176,32,60,-28
120000177,933,98,835
120000178,16,51,-35
120000179,40,117,-77
120000180,43,70,-27
120000181,164,2989,-2825
120000182,42,1522,-1480
120000183,2,581,-579
120000184,316,2205,-1889
120000186,12,1873,-1861
120000187,31,1511,-1480
120000188,44,926,-882
120000190,81,87,-6
120000191,67,200,-133
120000192,90,26,64
120000193,54,10,44
120000195,19,1,18
120000196,64,6,58
120000197,18,20,-2
120000198,724,24,700
120000199,807,1,806
120000200,601,4,597
120000201,128,196,-68
120000202,7,52,-45
120000203,476,238,238
120000207,2,54,-52
120000208,11,39,-28
120000209,15,25,-10
120000210,63,21,42
120000211,1086,11,1075
120000212,958,5,953
120000213,702,388,314
120000214,0,54,-54
120000215,10,88,-78
120000216,878,48,830
120000217,385,1285,-900
120000218,30,486,-456
120000219,7,311,-304
120000220,4,827,-823
120000225,5295,17,5278
120000226,1377,35,1342
120000227,1787,173,1614
120000228,17081,7355,9726
120000230,1160,53,1107
120000231,3796,899,2897
120000233,1472,32,1440
120000235,755,528,227
120000236,3689,9,3680
120000237,4,1467,-1463
120000238,4,890,-886
120000241,2126,8680,-6554
120000412,274,16,258
120000413,1518,297,1221
120000414,711,12,699
120000415,6,120,-114
120000416,336,8,328
120000417,44,382,-338
120000418,979,25,954
120000419,116,53,63
120000420,123,30,93
120000421,12260,5751,6509
120000422,201,6041,-5840
120000423,6,255,-249
120000424,668,80,588
120000436,141,2535,-2394
120000437,74,206,-132
120000438,2077,374,1703
120000439,585,1513,-928
120000443,377,0,377
120000444,3499,783,2716
120000445,4248,3162,1086
120000446,3899,297,3602
120000447,1007,2,1005
120000449,792,9,783
120000450,16,94,-78
120000451,408,312,96
120000452,1154,3,1151
120000453,0,60,-60
120000454,80,114,-34
120000455,379,103,276
120000456,3031,10297,-7266
120000457,624,398,226
120000458,688,703,-15
120000459,442,174,268
120000665,227,731,-504
120000668,198,6373,-6175
120000669,945,173,772
120000670,88,1673,-1585
120000671,7872,1615,6257
120000672,90,687,-597
120900001,163,75,88
120900002,133,1142,-1009
120900003,350,25,325
120900004,15,308,-293
120900005,201,306,-105
120900006,1522,285,1237
120900007,674,107,567
120900008,1164,991,173
120900009,385,47,338
120900010,1337,333,1004
120900011,56,848,-792
120900012,57,2322,-2265
120900013,786,371,415
120900014,1,459,-458
120900015,2113,622,1491
120900016,4074,272,3802
120900017,3196,327,2869
120900018,508,239,269
120900019,710,807,-97
120900020,439,1144,-705
120900021,791,283,508
120900022,12,363,-351
120900023,784,210,574
120900024,2236,542,1694
120900025,1584,1135,449
120900026,349,168,181
120900027,955,44,911
120900028,1208,392,816
120900029,44,1606,-1562
120900030,4462,949,3513
120900031,577,134,443
120900032,2820,98,2722
120900033,3053,586,2467
120900034,29,6878,-6849
120900035,703,184,519
120900037,904,73,831
120900038,357,846,-489
120900039,220,94,126
120900040,698,18,680
120900041,21,33,-12
120900042,1184,46,1138
120900043,237,281,-44
120900044,59,907,-848
120900045,490,117,373
120900046,1552,15,1537
120900047,237,366,-129
120900048,465,68,397
120900049,1245,11,1234
120900050,1297,6171,-4874
120900051,1081,148,933
120900052,2475,47,2428
120900053,1329,56,1273
120900054,2150,439,1711
120900055,1516,6,1510
120900056,1244,64,1180
120900057,883,38,845
120900058,1601,15,1586
120900059,445,7,438
120900060,165,23,142
120900061,454,223,231
120900062,972,1,971
120900063,2436,47,2389
120900064,1830,9,1821
120900065,1650,7,1643
120900066,2362,412,1950
120900067,581,207,374
120900068,1177,5,1172
120900069,1310,36,1274
120900071,49,1,48
120900072,2185,28,2157
120900073,2569,76,2493
120900074,2437,60,2377
120900076,1517,4,1513
120900077,1959,422,1537
120900078,1961,368,1593
120900079,3051,113,2938
120900080,2880,297,2583
120900081,4380,388,3992
120900082,493,948,-455
120900083,312,5,307
120900084,1181,961,220
120900085,61,138,-77
120900086,52,1454,-1402
120900087,975,417,558
120900088,422,1661,-1239
120900089,2135,7595,-5460
120900090,868,30,838
120900091,296,1272,-976
120900092,170,332,-162
120900093,1586,154,1432
120900094,306,115,191
120900095,822,58,764
120900096,207,174,33
120900097,1120,688,432
120900098,102,112,-10
120900099,105,70,35
120900100,115,219,-104
120900101,74,155,-81
120900102,263,161,102
120900103,266,391,-125
120900104,10,47,-37
120900105,66,841,-775
120900106,321,280,41
120900107,107,158,-51
120900108,77,361,-284
120900109,60,412,-352
120900110,45,289,-244
120900111,315,183,132
120900112,129,265,-136
120900113,44,442,-398
120900114,69,232,-163
120900115,208,380,-172
120900116,1704,145,1559
120900117,23,125,-102
120900118,93,188,-95
120900119,14600,3644,10956
120900120,155,883,-728
120900121,91,426,-335
120900122,2145,199,1946
120900123,90,83,7
120900124,5,137,-132
120900125,7,496,-489
120900126,308,659,-351
120900127,120,251,-131
120900128,378,672,-294
120900129,30,117,-87
120900130,18,327,-309
120900131,178,318,-140
120900132,2941,254,2687
120900133,119,787,-668
120900134,188,138,50
120900135,9,199,-190
120900136,130,302,-172
120900137,996,193,803
120900138,4,164,-160
120900139,15,178,-163
120900140,10,458,-448
120900141,772,348,424
120900142,26,146,-120
120900143,1,223,-222
120900144,0,35,-35
120900145,241,2044,-1803
120900146,2,188,-186
120900147,1,43,-42
120900148,490,227,263
120900149,1,151,-150
120900150,257,206,51
120900151,1,89,-88
120900152,1,11,-10
120900153,0,0,0
120900154,18,260,-242
120900155,501,280,221
120900156,611,165,446
120900157,2,4,-2
120900158,194,296,-102
120900159,2,75,-73
120900160,164,514,-350
120900161,77,430,-353
120900162,54,800,-746
120900163,147,1919,-1772
120900164,0,92,-92
120900165,0,165,-165
120900166,94,1616,-1522
120900167,166,109,57
120900169,474,314,160
120900170,233,9213,-8980
120900171,614,108,506
120900172,116,3207,-3091
120900173,42,127,-85
120900174,8,180,-172
120900175,414,178,236
120900176,37,929,-892
120900177,8,4519,-4511
120900178,2,2090,-2088
120900179,142,280,-138
120900180,94,618,-524
120900181,103,123,-20
120900182,106,516,-410
120900183,1205,68,1137
120900184,452,118,334
120900185,1071,2445,-1374
120900186,1,108,-107
120900187,1788,820,968
120900188,636,22,614
120900189,125,6447,-6322
120900190,568,6,562
120900191,486,7,479
120900192,6929,29433,-22504
120900194,219,494,-275
120900195,137,336,-199
120900196,543,187,356
120900197,1512,232,1280
120900198,188,448,-260
120900199,607,1398,-791
120900200,24,140,-116
120900201,265,101,164
120900202,1,171,-170
120900203,79,99,-20
120900204,147,216,-69
120900205,187,19,168
120900206,150,62,88
121000001,1105,4802,-3697
121000002,4086,4048,38
121000003,11335,3490,7845
121000004,3213,5508,-2295
121000005,3633,4564,-931
121000006,4596,5237,-641
121000007,4250,10317,-6067
121000008,5509,8878,-3369
121000009,7400,14652,-7252
121000010,9506,10133,-627
121000011,9450,12724,-3274
121000012,16118,7468,8650
121000013,10090,8730,1360
121000014,7655,5967,1688
121000015,8260,11298,-3038
121000016,5779,6090,-311
121000017,4474,2542,1932
121000018,5754,2982,2772
121000019,11431,10044,1387
121000020,13238,20991,-7753
121000021,2886,3376,-490
121000022,3974,6706,-2732
121000023,3970,1530,2440
121000024,7111,8441,-1330
121000025,830,2886,-2056
121000026,519,280,239
121000027,2821,2040,781
121000028,1397,1525,-128
121000029,1669,1175,494
121000030,1305,1128,177
121000031,659,1557,-898
121000032,300,283,17
121000034,626,2234,-1608
121000035,472,846,-374
121000036,2090,2030,60
121000037,995,2713,-1718
121000038,545,1681,-1136
121000039,351,733,-382
121000041,739,899,-160
121000042,272,691,-419
121000043,1045,1008,37
121000044,2331,1648,683
121000045,881,496,385
121000046,1533,1922,-389
121000047,78,136,-58
121000049,1681,1136,545
121000050,403,3291,-2888
121000051,1009,650,359
121000052,678,2051,-1373
121000053,935,498,437
121000054,114,1097,-983
121000055,1626,5748,-4122
121000056,1481,2228,-747
121000057,319,872,-553
121000058,298,153,145
121000059,5235,2213,3022
121000060,796,1670,-874
121000061,71,838,-767
121000062,174,2093,-1919
121000063,1422,1957,-535
121000064,1184,1349,-165
121000065,211,1157,-946
121000066,1245,2437,-1192
121000067,618,2328,-1710
121000068,605,946,-341
121000069,189,2517,-2328
121000070,1917,3341,-1424
121000071,3226,3561,-335
121000072,1161,3127,-1966
121000073,1392,2586,-1194
121000074,105,380,-275
121000075,21,378,-357
121000076,409,1046,-637
121000077,266,336,-70
121000078,193,510,-317
121000080,4940,1278,3662
121000081,8075,7271,804
121000082,94,586,-492
121000083,76,269,-193
121000084,299,418,-119
121000085,502,751,-249
121000086,2157,775,1382
121000087,140,421,-281
121000088,1394,611,783
121000089,302,1208,-906
121000090,315,710,-395
121000091,1566,1145,421
121000092,333,148,185
121000093,446,456,-10
121000094,419,1853,-1434
121000095,250,1274,-1024
121000096,10523,3385,7138
121000097,882,3950,-3068
121000098,1036,825,211
121000099,1331,694,637
121000100,1542,234,1308
121000101,729,241,488
121000102,754,160,594
121000103,515,218,297
121000104,550,106,444
121000105,854,285,569
121000106,624,369,255
121000107,2451,4202,-1751
121000109,2124,1324,800
121000110,199,1045,-846
121000114,6442,4142,2300
121000115,6675,1060,5615
121000116,522,1594,-1072
121000117,464,584,-120
121000118,2438,498,1940
121000119,640,408,232
121000120,1033,755,278
121000121,673,3814,-3141
121000123,1239,629,610
121000126,76,612,-536
121000127,141,278,-137
121000128,2228,225,2003
121000129,2016,291,1725
121000130,802,840,-38
121000131,2073,1186,887
121000132,806,1181,-375
121000135,463,841,-378
121000136,1303,2758,-1455
121000137,2146,688,1458
121000138,640,2691,-2051
121000139,295,905,-610
121000141,469,702,-233
121000142,856,772,84
121000143,197,37,160
121000144,772,1140,-368
121000145,1316,1076,240
121000146,2469,2279,190
121000147,3048,1144,1904
121000148,1443,1260,183
121000149,4331,3779,552
121000152,611,571,40
121000153,2540,874,1666
121000154,2574,1084,1490
121000155,5525,2073,3452
121000156,637,2119,-1482
121000157,1341,2079,-738
121000158,301,471,-170
121000159,483,739,-256
121000160,458,810,-352
121000161,498,466,32
121000162,235,119,116
121000165,1920,2802,-882
121000166,81,887,-806
121000168,695,342,353
121000169,273,289,-16
121000170,581,113,468
121000171,182,376,-194
121000172,1906,2499,-593
121000173,2501,2585,-84
121000174,1479,1211,268
121000175,3159,1432,1727
121000176,1202,435,767
121000177,1270,1429,-159
121000178,130,185,-55
121000179,59,129,-70
121000181,511,523,-12
121000182,536,826,-290
121000183,129,377,-248
121000184,61,590,-529
121000185,78,780,-702
121000186,618,1887,-1269
121000187,563,114,449
121000188,664,221,443
121000192,1613,653,960
121000193,1367,550,817
121000194,3097,3288,-191
121000195,412,2460,-2048
121000196,1094,1028,66
121000197,214,3249,-3035
121000198,244,630,-386
121000199,251,1104,-853
121000200,1188,557,631
121000201,33,901,-868
121000202,1043,388,655
121000203,1626,3073,-1447
121000204,5669,1160,4509
121000205,216,441,-225
121000206,156,258,-102
121000207,3866,826,3040
121000208,6,479,-473
121000209,1645,174,1471
121000210,1455,689,766
121000211,1156,237,919
121000212,654,1219,-565
121000213,31308,5637,25671
121000214,2618,3876,-1258
121000215,1014,4548,-3534
121000216,950,1248,-298
121000217,6191,5937,254
121000218,744,4616,-3872
121000219,2985,1924,1061
121000220,412,183,229
121000221,325,1296,-971
121000222,8531,6049,2482
121000223,277,1502,-1225
121000224,100,1004,-904
121000225,841,7320,-6479
121000226,1341,3717,-2376
121000227,17,161,-144
121000228,63,1233,-1170
121000229,1097,994,103
121000230,129,5639,-5510
121000231,3125,37,3088
121000232,972,511,461
121000233,1306,457,849
121000234,16,110,-94
121000235,128,87,41
121000236,2,101,-99
121000237,29,44,-15
121000238,10,117,-107
121000239,86,10,76
121000240,28,222,-194
121000241,138,24,114
121000242,48,494,-446
121000243,251,69,182
121000244,10,106,-96
121000245,29,29,0
121000246,0,132,-132
121000247,157,7,150
121000248,538,1108,-570
121000249,166,700,-534
121000250,997,806,191
121000251,14,377,-363
121000252,222,257,-35
121000253,848,976,-128
121000254,1314,425,889
121000255,328,1562,-1234
121000256,719,1919,-1200
121000257,158,453,-295
121000258,134,727,-593
121000259,36,283,-247
121000260,51,460,-409
121000261,70,474,-404
121000262,4690,587,4103
121000263,734,729,5
121000271,2012,2636,-624
121000273,67,63,4
121000274,46,371,-325
121000275,2,27,-25
121000276,33,125,-92
121000278,187,74,113
121000279,102,581,-479
121000280,102,170,-68
121000289,826,41,785
121000290,3233,3152,81
121000294,563,53,510
121000297,632,2308,-1676
121000299,229,8414,-8185
121000300,4050,1537,2513
121000302,27,1067,-1040
121000303,1101,416,685
121000304,818,144,674
121000305,449,202,247
121000306,429,583,-154
121000308,143,472,-329
121000309,395,641,-246
121000310,210,586,-376
121000311,116,559,-443
121000312,1269,859,410
121000313,569,608,-39
121000314,35,69,-34
121000315,24,100,-76
121000530,4474,3680,794
121000531,4239,2569,1670
121000532,8755,8300,455
121000533,6054,5868,186
121000918,21,64,-43
121000919,27,141,-114
121000938,132,114,18
121000939,62,371,-309
121000956,2503,3678,-1175
121000957,6,100,-94
121000958,12,674,-662
121000959,3011,468,2543
121000960,3240,2003,1237
121000961,753,61,692
121000962,609,533,76
121000973,3,601,-598
121000976,25,151,-126
121000979,761,338,423
121000981,805,137,668
121000982,603,332,271
121000983,1130,252,878
121000984,2,232,-230
121000985,2038,897,1141
121000986,1347,237,1110
121000987,641,981,-340
121000988,2219,214,2005
121001302,507,301,206
121001308,2,240,-238
121001309,33,452,-419
121001313,606,122,484
121001314,3402,2306,1096
121001315,7829,5704,2125
121900001,246,521,-275
121900002,52,247,-195
121900003,426,8,418
121900004,82,2247,-2165
121900005,31,16,15
121900006,291,57,234
121900007,4049,3036,1013
121900008,32,352,-320
121900009,2082,28,2054
121900010,431,7,424
121900011,457,233,224
121900012,2,0,2
121900013,217,176,41
121900014,6270,589,5681
121900015,215,394,-179
121900016,16,69,-53
121900017,914,1513,-599
121900018,1048,17,1031
121900019,1395,301,1094
121900020,128,2,126
121900021,2665,106,2559
121900022,372,407,-35
121900023,614,805,-191
121900024,1042,105,937
121900025,1109,902,207
121900026,822,218,604
121900027,697,463,234
121900028,390,23,367
121900029,268,1016,-748
121900030,799,1072,-273
121900031,3039,10668,-7629
121900032,215,148,67
121900033,259,475,-216
121900034,395,764,-369
121900035,13386,5930,7456
121900036,278,751,-473
121900037,160,2032,-1872
121900038,80,195,-115
121900039,340,58,282
121900040,95,204,-109
121900041,41,395,-354
121900042,769,341,428
121900043,1,12,-11
121900044,152,57,95
121900046,274,451,-177
121900047,368,131,237
121900048,159,127,32
121900050,36,111,-75
121900051,208,575,-367
121900052,400,88,312
121900053,890,1105,-215
121900054,402,2908,-2506
121900055,28,37,-9
121900058,783,788,-5
121900059,590,223,367
121900060,254,1787,-1533
121900061,254,258,-4
121900062,231,161,70
121900063,2996,1730,1266
121900064,650,1401,-751
121900066,211,53,158
121900067,104,102,2
121900069,241,432,-191
121900070,135,452,-317
121900071,1416,610,806
121900072,85,292,-207
121900073,252,469,-217
121900074,824,971,-147
121900075,461,1513,-1052
121900076,866,3366,-2500
121900077,65,41,24
121900078,321,70,251
121900079,1,1,0
121900080,1709,572,1137
121900082,113,317,-204
121900084,60,82,-22
121900085,7,7,0
121900086,56,59,-3
121900087,86,168,-82
121900088,2327,3281,-954
121900089,841,333,508
121900090,33,73,-40
121900091,156,20,136
121900092,484,155,329
121900093,161,106,55
121900094,16,28,-12
121900095,685,205,480
121900096,1861,1250,611
121900097,1556,174,1382
121900098,45,12,33
121900099,545,57,488
121900100,92,178,-86
121900101,114,226,-112
121900102,2,146,-144
121900103,758,612,146
121900104,3706,1172,2534
121900105,504,257,247
121900106,14,5,9
121900107,260,48,212
121900108,4,102,-98
121900109,351,223,128
121900110,1706,1112,594
121900111,1120,812,308
121900112,287,481,-194
121900113,146,1041,-895
121900114,81,114,-33
121900117,323,774,-451
121900118,4422,1349,3073
121900119,219,75,144
121900120,362,1821,-1459
121900121,783,32,751
121900122,124,90,34
121900123,545,517,28
121900124,409,367,42
121900125,6760,2480,4280
121900127,9,210,-201
121900128,147,128,19
121900129,350,154,196
121900130,163,660,-497
121900131,473,252,221
121900132,125,123,2
121900133,32,888,-856
121900134,33,888,-855
121900135,8407,611,7796
121900136,401,736,-335
121900137,80,603,-523
121900138,97,685,-588
121900139,527,5515,-4988
121900140,101,86,15
121900141,79,175,-96
121900142,241,74,167
121900143,37,204,-167
121900144,273,1083,-810
121900145,341,409,-68
121900146,592,933,-341
121900147,82,645,-563
121900148,489,785,-296
121900149,548,470,78
121900150,105,352,-247
121900151,41,599,-558
121900152,358,81,277
121900153,60,258,-198
121900154,25,799,-774
121900155,7,1088,-1081
121900156,390,343,47
121900157,6,411,-405
121900158,208,184,24
121900159,2,253,-251
121900160,73,232,-159
121900161,381,703,-322
121900162,157,398,-241
121900163,1148,234,914
121900164,277,489,-212
121900165,237,504,-267
121900166,193,284,-91
121900167,107,114,-7
121900168,194,83,111
121900169,23,535,-512
121900170,24,173,-149
121900171,1947,1168,779
121900172,1297,640,657
121900173,1661,742,919
121900174,139,65,74
121900175,165,1822,-1657
121900176,889,3402,-2513
121900177,250,145,105
121900178,103,121,-18
121900179,679,591,88
121900180,2439,9908,-7469
121900182,1158,1669,-511
121900183,358,2873,-2515
121900184,44,1783,-1739
121900186,18,1012,-994
121900187,28,234,-206
121900188,2882,278,2604
121900189,288,179,109
121900190,252,885,-633
121900191,49,624,-575
121900192,318,4142,-3824
121900193,108,733,-625
121900194,23,461,-438
121900195,23,67,-44
121900196,2121,1529,592
121900197,382,1695,-1313
121900198,5861,4625,1236
121900199,4,59,-55
121900200,73,375,-302
121900201,1990,1309,681
121900202,403,1967,-1564
121900203,137,2053,-1916
121900204,3066,2381,685
121900205,42,182,-140
121900206,20,362,-342
121900207,105,136,-31
121900208,194,1300,-1106
121900209,186,117,69
121900210,3816,1905,1911
121900211,45,161,-116
121900212,11,254,-243
121900213,937,34,903
121900214,9,960,-951
121900215,76,475,-399
121900216,24,905,-881
121900217,463,541,-78
121900218,154,981,-827
121900220,151,47,104
121900221,1173,858,315
121900222,691,103,588
121900223,316,332,-16
121900224,219,270,-51
121900225,225,1128,-903
121900226,459,25,434
121900227,561,5534,-4973
121900228,400,176,224
121900230,142,755,-613
121900231,104,2508,-2404
121900232,248,1088,-840
121900233,1082,426,656
121900234,709,1140,-431
121900235,1296,201,1095
121900236,611,399,212
121900237,352,1773,-1421
121900238,253,781,-528
121900239,258,119,139
121900240,252,525,-273
121900241,93,65,28
121900242,38,2,36
121900243,5,0,5
121900244,41,0,41
121900245,843,58,785
121900246,11771,697,11074
121900247,714,429,285
121900248,3518,1273,2245
121900250,204,369,-165
121900251,1266,39,1227
121900252,714,189,525
121900253,45,1498,-1453
121900254,387,561,-174
121900255,1074,325,749
121900258,8543,2716,5827
121900259,163,998,-835
121900260,309,222,87
121900261,146,1575,-1429
121900262,1217,2527,-1310
121900263,468,306,162
121900264,1743,1234,509
121900265,883,263,620
121900266,1146,257,889
121900267,385,44,341
121900269,703,1805,-1102
121900270,108,352,-244
121900271,201,413,-212
121900273,925,3439,-2514
121900274,843,426,417
121900277,390,3174,-2784
121900278,233,4743,-4510
121900279,397,430,-33
121900280,157,612,-455
121900281,164,684,-520
121900284,46,11,35
121900286,388,2074,-1686
121900287,19,130,-111
121900290,265,2260,-1995
121900291,628,2890,-2262
121900292,370,161,209
121900293,1101,12997,-11896
121900294,784,20,764
121900295,394,169,225
121900296,110,414,-304
121900298,255,2134,-1879
121900299,10,25,-15
121900300,103,6,97
121900301,48,5,43
121900302,15,141,-126
121900303,289,1878,-1589
121900304,80,51,29
121900305,52,41,11
121900306,714,4,710
121900307,341,12,329
121900308,28,270,-242
121900309,53,162,-109
121900310,18,181,-163
121900311,1056,65,991
121900312,1031,79,952
121900313,915,40,875
121900314,5,35,-30
121900315,74,8,66
121900316,0,8,-8
121900317,62,108,-46
121900318,11,2,9
121900319,103,498,-395
121900320,95,30,65
121900321,45,6,39
121900322,23,4,19
121900323,99,50,49
121900324,4,93,-89
121900325,84,0,84
121900326,2,7,-5
121900327,5,41,-36
121900328,1,110,-109
121900329,2,30,-28
121900330,1,74,-73
121900331,39,153,-114
121900332,99,52,47
121900333,97,0,97
122000001,2314,5588,-3274
122000002,3245,1219,2026
122000003,1296,3080,-1784
122000004,1543,1518,25
122000005,10013,3072,6941
122000006,760,1918,-1158
122000007,800,2128,-1328
122000008,1652,3968,-2316
122000009,710,653,57
122000010,3789,3995,-206
122000011,8086,2851,5235
122000012,1279,5311,-4032
122000013,789,3051,-2262
122000014,9275,2872,6403
122000015,1564,1217,347
122000016,530,914,-384
122000017,2218,2144,74
122000018,4959,3618,1341
122000019,1507,3704,-2197
122000020,272,1024,-752
122000021,225,499,-274
122000022,1959,2555,-596
122000023,1930,3880,-1950
122000024,597,4656,-4059
122000025,742,5251,-4509
122000026,290,1686,-1396
122000027,1221,1313,-92
122000028,3756,1328,2428
122000029,379,2831,-2452
122000030,187,582,-395
122000031,253,960,-707
122000032,8491,4239,4252
122000033,575,5750,-5175
122000034,393,1994,-1601
122000035,306,684,-378
122000036,728,1525,-797
122000037,1737,407,1330
122000038,425,971,-546
122000039,772,1302,-530
122000040,285,676,-391
122000041,2913,1541,1372
122000042,536,1395,-859
122000043,87,369,-282
122000044,101,250,-149
122000045,2938,1497,1441
122000046,1586,2393,-807
122000047,126,451,-325
122000048,2935,6603,-3668
122000049,11670,6865,4805
122000050,829,1168,-339
122000051,304,768,-464
122000052,730,831,-101
122000053,448,1918,-1470
122000054,2746,4026,-1280
122000055,2150,4694,-2544
122000056,4976,3080,1896
122000057,6392,4177,2215
122000058,945,2316,-1371
122000059,927,4402,-3475
122000060,315,1671,-1356
122000061,155,1217,-1062
122000062,764,382,382
122000063,355,1915,-1560
122000064,3798,9355,-5557
122000065,3149,6661,-3512
122000066,1054,4910,-3856
122000067,1897,3528,-1631
122000068,9037,2482,6555
122000069,2755,2262,493
122000070,3835,2853,982
122000071,6903,2066,4837
122000072,2631,1177,1454
122000073,260,2631,-2371
122000074,4134,3164,970
122000075,2212,1693,519
122000076,11548,3049,8499
122000077,979,3556,-2577
122000078,569,3932,-3363
122000079,214,4663,-4449
122000080,527,844,-317
122000081,120,481,-361
122000082,325,1996,-1671
122000083,19570,1589,17981
122000084,6806,3344,3462
122000085,630,1843,-1213
122000086,5521,15434,-9913
122000087,487,537,-50
122000088,76,558,-482
122000089,9695,5619,4076
122000090,1412,3608,-2196
122000091,171,2529,-2358
122000092,21,167,-146
122000093,2633,9878,-7245
122000094,12468,5404,7064
122000095,1062,10373,-9311
122000096,577,6228,-5651
122000098,9239,6516,2723
122000099,620,4258,-3638
122000100,1109,1294,-185
122000101,450,1205,-755
122000102,7350,2078,5272
122000103,1978,4211,-2233
122000104,2706,246,2460
122000105,342,910,-568
122000106,852,2792,-1940
122000107,2183,890,1293
122000108,1151,1356,-205
122000109,521,395,126
122000110,1186,903,283
122000111,4935,2387,2548
122000112,3001,3064,-63
122000113,975,1400,-425
122000114,2056,7413,-5357
122000115,3200,1949,1251
122000116,499,1083,-584
122000117,2650,750,1900
122000118,1324,847,477
122000119,2846,1548,1298
122000120,1205,2924,-1719
122000121,864,2048,-1184
122000122,375,993,-618
122000123,1709,2473,-764
122000124,965,714,251
122000125,444,716,-272
122000126,477,778,-301
122000127,438,647,-209
122000128,257,412,-155
122000129,758,3678,-2920
122000130,5364,1213,4151
122000131,2447,1236,1211
122000132,362,326,36
122000133,1442,1039,403
122000134,2120,1008,1112
122000135,707,285,422
122000136,1487,618,869
122000137,4509,1632,2877
122000139,1325,6624,-5299
122000140,191,3274,-3083
122000141,9824,4994,4830
122000142,103,5925,-5822
122000143,402,435,-33
122000144,2975,2370,605
122000145,1390,3702,-2312
122000146,826,7608,-6782
122000147,833,2221,-1388
122000148,395,2680,-2285
122000149,2881,1515,1366
122000150,2806,2208,598
122000151,232,573,-341
122000152,647,754,-107
122000153,815,827,-12
122000154,431,333,98
122000155,1824,5889,-4065
122000156,18353,7750,10603
122000157,989,18684,-17695
122000158,437,2352,-1915
122000159,1319,1830,-511
122000160,3299,2099,1200
122000161,1686,1441,245
122000162,1608,1479,129
122000163,1160,286,874
122000164,104,546,-442
122000165,2003,2865,-862
122000166,1169,4094,-2925
122000167,457,1209,-752
122000168,377,2281,-1904
122000169,973,457,516
122000170,447,646,-199
122000171,69,151,-82
122000172,3878,2548,1330
122000173,3188,5512,-2324
122000174,1650,3441,-1791
122000175,981,588,393
122000176,525,2929,-2404
122000177,1069,2737,-1668
122000178,8283,6536,1747
122000179,5616,5719,-103
122000180,800,1637,-837
122000181,851,2336,-1485
122000182,2162,1967,195
122000183,4227,1625,2602
122000184,4980,4422,558
122000185,1454,5314,-3860
122000186,1105,3783,-2678
122000187,2958,2930,28
122000188,685,650,35
122000189,385,504,-119
122000190,1000,3226,-2226
122000191,1193,1396,-203
122000192,2108,884,1224
122000193,895,1647,-752
122000194,772,549,223
122000195,285,2708,-2423
122000196,1851,515,1336
122000197,632,1258,-626
122000198,716,5053,-4337
122000199,482,724,-242
122000200,1316,1527,-211
122000201,1579,5422,-3843
122000202,1285,3686,-2401
122000203,3073,2046,1027
122000204,1719,1818,-99
122000205,1386,1030,356
122000206,10862,1953,8909
122000207,3012,4077,-1065
122000208,3743,5398,-1655
122000209,4081,1490,2591
122000210,2741,6119,-3378
122000211,1629,3919,-2290
122000212,1412,882,530
122000213,1627,3212,-1585
122000214,3239,2946,293
122000215,4661,3111,1550
122000217,2301,4853,-2552
122000218,1682,152,1530
122000219,3096,1668,1428
122000220,341,1206,-865
122000221,440,599,-159
122000222,940,190,750
122000223,904,1001,-97
122000225,858,1073,-215
122000226,1683,1890,-207
122000227,315,2246,-1931
122000228,521,407,114
122000229,20,958,-938
122000230,98,1263,-1165
122000231,460,1058,-598
122000232,754,823,-69
122000233,0,116,-116
122000234,1224,111,1113
122000235,919,192,727
122000236,2632,71,2561
122000237,176,511,-335
122000238,669,1773,-1104
122000239,1197,1057,140
122000240,2427,931,1496
122000241,4491,979,3512
122000242,1079,248,831
122000243,13,38,-25
122000244,5,463,-458
122000245,5,77,-72
122000246,28,198,-170
122000247,1056,551,505
122000248,1933,1094,839
122000249,2176,1793,383
122000250,3529,1403,2126
122000251,130,329,-199
122000252,324,136,188
122000253,136,264,-128
122000254,646,95,551
122000255,630,762,-132
122000256,514,893,-379
122000257,536,181,355
122000258,553,906,-353
122000259,78,573,-495
122000260,13,42,-29
122000261,25,474,-449
122000262,0,37,-37
122000263,459,473,-14
122000264,3082,814,2268
122000265,5380,2280,3100
122000266,6723,1275,5448
122000267,193,346,-153
122000268,347,533,-186
122000269,1611,727,884
122000270,1168,504,664
122000271,355,6029,-5674
122000272,613,1701,-1088
122000273,1177,829,348
122000274,753,574,179
122000275,92,534,-442
122000276,2152,823,1329
122000277,1711,2891,-1180
122000278,3809,308,3501
122000279,581,552,29
122000280,925,1516,-591
122000281,925,677,248
122000282,131,615,-484
122000283,339,312,27
122000284,134,135,-1
122000285,533,67,466
122000286,105,167,-62
122000287,2901,1765,1136
122000288,773,339,434
122000291,5492,1412,4080
122000293,322,136,186
122000294,259,644,-385
122000295,1940,350,1590
122000296,27,1864,-1837
122000297,3394,6089,-2695
122000299,1167,610,557
122000300,586,664,-78
122000301,13178,5663,7515
122000302,790,7411,-6621
122000303,3463,1443,2020
122000304,27,386,-359
122000305,3501,816,2685
122000306,206,406,-200
122000307,236,294,-58
122000309,113,85,28
122000310,28,107,-79
122000311,30,208,-178
122000312,348,354,-6
122000313,59,185,-126
122000314,232,782,-550
122000315,533,73,460
122000316,2763,658,2105
122000317,5241,424,4817
122000318,336,2913,-2577
122000319,216,615,-399
122000320,452,1570,-1118
122000321,156,239,-83
122000322,2522,4087,-1565
122000323,716,4325,-3609
122000324,2437,4146,-1709
122000325,1124,5936,-4812
122000326,263,178,85
122000327,523,2107,-1584
122000328,679,1559,-880
122000330,5132,4145,987
122000332,489,909,-420
122000333,31,71,-40
122000337,2737,633,2104
122000338,894,394,500
122000340,325,6792,-6467
122000342,3086,1539,1547
122000343,959,622,337
122000344,212,12,200
122000345,76,36,40
122000346,351,260,91
122000348,1167,1276,-109
122000349,128,887,-759
122000351,444,522,-78
122000352,342,334,8
122000353,351,111,240
122000355,221,528,-307
122000356,466,3764,-3298
122000357,100,35,65
122000358,8,4,4
122000359,0,15,-15
122000360,0,4,-4
122000362,25,27,-2
122000364,527,218,309
122000365,1,98,-97
122000366,33,25,8
122000368,613,1186,-573
122000370,41,33,8
122000371,90,0,90
122000372,41,13,28
122000381,407,649,-242
122000382,86,272,-186
122000384,1685,1769,-84
122000385,194,0,194
122000386,263,3847,-3584
122000387,589,3580,-2991
122000388,1947,3079,-1132
122000389,381,2527,-2146
122000390,408,1330,-922
122000391,103,3521,-3418
122000392,199,336,-137
122000393,88,196,-108
122000394,1675,388,1287
122000395,217,267,-50
122000396,804,120,684
122000397,40,113,-73
122000398,27,315,-288
122000399,184,110,74
122000400,23,2515,-2492
122000401,258,113,145
122000402,975,345,630
122000403,1099,742,357
122000404,619,363,256
122000408,703,1185,-482
122000503,6,164,-158
122000524,132,892,-760
122000544,100,5346,-5246
122000616,332,6,326
122000640,205,92,113
122000641,334,267,67
122000642,2472,756,1716
122000643,55,475,-420
122000644,374,127,247
122000645,40,232,-192
122000651,609,4553,-3944
122000664,262,212,50
122000665,3007,1078,1929
122000666,728,1390,-662
122000673,110,228,-118
122000674,1066,476,590
122000675,4125,917,3208
122000686,1339,4035,-2696
122000687,3455,415,3040
122000688,499,824,-325
122000689,2396,854,1542
122000690,6601,2730,3871
122000691,1856,2026,-170
122000692,2310,386,1924
122000693,548,1266,-718
122000695,720,399,321
122000696,1440,296,1144
122000698,843,289,554
122000699,972,329,643
122000701,4719,392,4327
122000702,849,1865,-1016
122000703,530,187,343
122000717,158,143,15
122000718,372,4664,-4292
122000719,44,182,-138
122000720,1460,190,1270
122000724,127,21,106
122900001,49,44,5
122900002,1215,13752,-12537
122900003,1133,46,1087
122900004,3392,298,3094
122900005,44,223,-179
122900006,405,1497,-1092
122900007,144,653,-509
122900008,260,260,0
122900009,1400,681,719
122900010,546,333,213
122900012,289,644,-355
122900014,167,107,60
122900015,1539,1623,-84
122900016,302,246,56
122900017,431,3546,-3115
122900018,446,13,433
122900019,39,101,-62
122900020,358,588,-230
122900021,51,620,-569
122900022,2533,1301,1232
122900023,1665,248,1417
122900024,129,216,-87
122900025,7,467,-460
122900026,27,195,-168
122900027,48,1149,-1101
122900028,103,132,-29
122900029,13729,3449,10280
122900030,7174,916,6258
122900031,28,576,-548
122900032,1992,787,1205
122900033,292,264,28
122900034,8760,7661,1099
122900035,82,31,51
122900036,64,90,-26
122900037,767,635,132
122900038,126,5123,-4997
122900039,52,817,-765
122900040,401,2623,-2222
122900041,225,748,-523
122900042,323,414,-91
122900043,725,586,139
122900044,240,595,-355
122900045,204,553,-349
122900046,186,584,-398
122900047,126,357,-231
122900048,27,684,-657
122900049,7068,317,6751
122900051,191,2154,-1963
122900052,198,106,92
122900053,25,26,-1
122900055,801,171,630
122900057,426,71,355
122900061,1043,141,902
122900062,880,1522,-642
122900063,372,167,205
122900064,1191,571,620
122900065,938,268,670
122900066,1000,499,501
122900067,959,562,397
122900068,160,316,-156
122900069,657,3456,-2799
122900070,717,174,543
122900071,141,459,-318
122900072,14,331,-317
122900073,26,149,-123
122900074,2080,161,1919
122900075,3,275,-272
122900076,3,600,-597
122900077,0,80,-80
122900078,439,29,410
122900080,37,92,-55
122900081,306,445,-139
122900082,3051,135,2916
122900083,577,91,486
122900084,11,154,-143
122900086,20,273,-253
122900087,779,751,28
122900088,46,1283,-1237
122900089,180,757,-577
122900090,26,315,-289
122900091,806,6,800
122900092,0,186,-186
122900093,2,109,-107
122900094,5,208,-203
122900095,404,68,336
122900096,855,253,602
122900097,53,99,-46
122900098,30,198,-168
122900099,269,104,165
122900100,132,1281,-1149
122900101,582,465,117
122900102,88,126,-38
122900103,451,8,443
122900104,671,15,656
122900105,26,24,2
122900106,1,57,-56
122900107,18,110,-92
122900108,3,171,-168
123000001,1183,1999,-816
123000002,4006,10043,-6037
123000003,9014,7527,1487
123000004,5349,5066,283
123000005,6878,3621,3257
123000006,4598,2747,1851
123000007,7064,4095,2969
123000008,4670,4681,-11
123000009,6437,5575,862
123000010,4230,7742,-3512
123000011,2333,3103,-770
123000012,1172,9053,-7881
123000013,9601,2661,6940
123000014,1294,5526,-4232
123000015,4594,1749,2845
123000016,4558,4984,-426
123000017,6089,2893,3196
123000018,154,192,-38
123000019,1443,72,1371
123000020,829,31,798
123000021,516,607,-91
123000022,802,3606,-2804
123000023,3555,5538,-1983
123000024,2937,1843,1094
123000025,24,406,-382
123000026,14,380,-366
123000027,61,1468,-1407
123000028,488,1980,-1492
123000029,346,2117,-1771
123000030,479,320,159
123000031,826,225,601
123000032,1407,229,1178
123000033,688,363,325
123000034,2166,1068,1098
123000035,1220,1024,196
123000036,326,2339,-2013
123000037,338,212,126
123000038,227,483,-256
123000039,786,2270,-1484
123000040,623,348,275
123000041,858,3056,-2198
123000042,535,1889,-1354
123000043,3060,26134,-23074
123000044,4030,4019,11
123000045,6934,3058,3876
123000046,335,2094,-1759
123000047,650,1863,-1213
123000048,204,2735,-2531
123000049,8523,17472,-8949
123000050,5384,3236,2148
123000051,139,427,-288
123000052,1551,5290,-3739
123000053,4734,4135,599
123000054,5962,3779,2183
123000055,3683,11220,-7537
123000056,2258,839,1419
123000057,6196,9725,-3529
123000058,1132,2721,-1589
123000059,337,640,-303
123000060,2123,548,1575
123000061,529,694,-165
123000063,2752,1807,945
123000064,2904,350,2554
123000065,6652,5920,732
123000066,702,854,-152
123000067,2299,1166,1133
123000068,2617,3139,-522
123000069,4802,1815,2987
123000070,383,843,-460
123000071,4915,1201,3714
123000072,2404,1207,1197
123000073,4521,1361,3160
123000074,2537,1848,689
123000075,698,3804,-3106
123000076,1795,701,1094
123000077,4248,2122,2126
123000078,6819,1886,4933
123000079,6952,3053,3899
123000080,5872,1829,4043
123000081,576,701,-125
123000082,659,1294,-635
123000083,2612,275,2337
123000084,1767,641,1126
123000085,1074,162,912
123000086,2029,336,1693
123000087,868,430,438
123000088,2595,897,1698
123000089,2005,2200,-195
123000090,3411,1498,1913
123000091,4287,2418,1869
123000092,1803,2595,-792
123000094,2009,282,1727
123000095,2382,1632,750
123000096,2832,771,2061
123000097,2050,543,1507
123000098,2051,892,1159
123000099,1684,417,1267
123000100,480,1492,-1012
123000101,692,605,87
123000102,925,2080,-1155
123000104,782,621,161
123000105,606,373,233
123000106,1169,661,508
123000107,684,433,251
123000108,1191,1659,-468
123000111,2171,731,1440
123000112,2943,707,2236
123000113,1208,1234,-26
123000114,884,1427,-543
123000115,685,692,-7
123000116,82,194,-112
123000117,5089,2314,2775
123000118,1044,676,368
123000119,486,695,-209
123000120,444,1171,-727
123000121,1084,1411,-327
123000122,615,601,14
123000123,1127,1028,99
123000124,668,646,22
123000125,2553,1723,830
123000126,1940,9101,-7161
123000127,715,693,22
123000128,619,444,175
123000129,2162,352,1810
123000130,2023,127,1896
123000131,3381,1451,1930
123000132,565,1119,-554
123000133,232,425,-193
123000134,433,154,279
123000135,5440,1545,3895
123000136,342,648,-306
123000137,414,356,58
123000138,331,460,-129
123000139,1259,481,778
123000140,76,673,-597
123000141,1377,239,1138
123000142,1814,1146,668
123000143,1015,2700,-1685
123000144,18,87,-69
123000145,267,776,-509
123000146,11,193,-182
123000147,161,367,-206
123000149,545,587,-42
123000150,193,410,-217
123000151,196,1001,-805
123000152,34,1349,-1315
123000153,98,1193,-1095
123000154,1526,2793,-1267
123000155,3260,2748,512
123000156,64,102,-38
123000157,1440,1396,44
123000158,859,1464,-605
123000159,5259,10406,-5147
123000160,2095,2777,-682
123000161,2747,1991,756
123000162,3686,3310,376
123000163,1999,765,1234
123000164,4840,616,4224
123000165,368,1501,-1133
123000166,64,168,-104
123000167,136,324,-188
123000168,636,265,371
123000169,1993,307,1686
123000170,204,145,59
123000171,3123,10,3113
123000172,159,738,-579
123000173,1193,1348,-155
123000174,1600,853,747
123000175,612,1391,-779
123000176,1971,1064,907
123000177,767,1337,-570
123000178,2252,469,1783
123000179,46,997,-951
123000180,3178,650,2528
123000181,333,1163,-830
123000182,464,915,-451
123000183,373,743,-370
123000184,96,1009,-913
123000185,2187,1135,1052
123000186,10,306,-296
123000187,1307,32,1275
123000188,946,6,940
123000189,525,132,393
123000190,130,95,35
123000192,10,486,-476
123000193,22,731,-709
123000194,406,307,99
123000195,796,43,753
123000196,1540,76,1464
123000197,202,216,-14
123000198,196,565,-369
123000199,30,631,-601
123000200,1421,35,1386
123000201,3119,36,3083
123000202,39,543,-504
123000203,2822,113,2709
123000204,73,562,-489
123000205,252,876,-624
123000206,5978,445,5533
123000207,129,962,-833
123000208,1535,186,1349
123000209,3421,984,2437
123000210,167,1754,-1587
123000211,667,2133,-1466
123000212,8595,925,7670
123000213,1330,91,1239
123000215,142,371,-229
123000216,356,2660,-2304
123000217,476,109,367
123000218,72,1284,-1212
123000219,1692,162,1530
123000220,1123,290,833
123000221,362,586,-224
123000222,888,605,283
123000223,1405,339,1066
123000224,1138,493,645
123000225,580,165,415
123000226,198,1856,-1658
123000227,106,437,-331
123000228,597,89,508
123000229,995,1736,-741
123000232,306,712,-406
123000233,1526,197,1329
123000234,232,797,-565
123000235,3174,433,2741
123000236,683,596,87
123000237,946,229,717
123000238,86,489,-403
123000239,534,1127,-593
123000240,110,1997,-1887
123000241,964,208,756
123000242,471,504,-33
123000243,1129,1285,-156
123000244,1147,704,443
123000245,110,216,-106
123000249,1086,1156,-70
123000252,1732,684,1048
123000253,3079,1173,1906
123000254,1163,1237,-74
123000255,2012,1465,547
123000256,67,290,-223
123000257,3573,1463,2110
123000258,1466,795,671
123000259,1045,588,457
123000260,1286,328,958
123000261,754,211,543
123000262,105,156,-51
123000263,908,109,799
123000264,244,192,52
123000265,40,193,-153
123000266,819,676,143
123000267,1432,656,776
123000268,91,83,8
123000269,81,263,-182
123000270,72,185,-113
123000271,35,93,-58
123000272,1047,421,626
123000273,537,2116,-1579
123000274,2007,1685,322
123000275,335,1017,-682
123000278,2542,7542,-5000
123000279,321,126,195
123000280,555,470,85
123000281,666,355,311
123000282,206,585,-379
123000283,420,149,271
123000284,105,88,17
123000286,154,1052,-898
123000287,517,929,-412
123000288,1119,2717,-1598
123000289,313,3450,-3137
123000291,185,1888,-1703
123000294,96,211,-115
123000295,1035,2029,-994
123000296,1275,957,318
123000297,1371,535,836
123000298,2189,430,1759
123000299,204,169,35
123000300,2567,1654,913
123000301,229,843,-614
123000302,272,148,124
123000303,112,612,-500
123000305,1862,1439,423
123000306,476,57,419
123000309,97,183,-86
123000310,127,129,-2
123000311,2,299,-297
123000312,682,636,46
123000313,885,786,99
123000315,310,380,-70
123000316,1348,400,948
123000317,433,178,255
123000318,82,473,-391
123000329,3,37,-34
123000337,524,594,-70
123000338,192,312,-120
123000339,809,40,769
123000340,144,402,-258
123000342,5,137,-132
123000343,368,39,329
123000344,630,248,382
123000345,627,456,171
123000346,1171,150,1021
123000352,3500,1609,1891
123000353,166,113,53
123000354,960,80,880
123000355,0,401,-401
123000356,1519,17,1502
123000357,18,207,-189
123000359,29,65,-36
123000360,1070,598,472
123000361,1319,516,803
123000362,1070,324,746
123000363,351,360,-9
123000364,862,901,-39
123000365,55,608,-553
123000366,640,6613,-5973
123000367,529,832,-303
123000370,70,2961,-2891
123000371,1117,900,217
123000372,846,185,661
123000373,22,590,-568
123000374,9,203,-194
123000375,1022,110,912
123000376,1656,1537,119
123000377,1759,55,1704
123000378,16,519,-503
123000379,10,1162,-1152
123000380,15,535,-520
123000381,70,256,-186
123000382,1080,244,836
123000383,247,1528,-1281
123000384,1417,388,1029
123000385,316,1159,-843
123000436,162,2734,-2572
123000507,92,220,-128
123000508,205,1948,-1743
123000517,330,23,307
123000518,33,124,-91
123000519,413,120,293
123000520,66,133,-67
123000521,931,99,832
123000522,331,310,21
123000541,27,2,25
123000542,0,9,-9
123000565,874,49,825
123000566,1719,165,1554
123000567,287,90,197
123000573,65,889,-824
123000574,1857,135,1722
123000575,3743,638,3105
123000576,1494,1101,393
123000577,189,1526,-1337
123000578,855,387,468
123000579,1424,14448,-13024
123000580,186,181,5
123000582,1558,82,1476
123000583,54,551,-497
123000584,329,367,-38
123000585,0,64,-64
123000586,764,2,762
123000596,128,138,-10
123000597,117,279,-162
123000602,240,40,200
123000603,2679,497,2182
123000604,1375,503,872
123000605,1917,183,1734
123000606,2,1074,-1072
123000609,51,571,-520
123000610,297,132,165
123000613,91,143,-52
123000614,741,89,652
123000615,113,174,-61
123000616,2594,72,2522
123000617,244,382,-138
123000618,38,806,-768
123000619,741,47,694
123000620,25,424,-399
123000622,901,21,880
123000624,405,97,308
123000630,3432,797,2635
123000631,581,651,-70
123000632,1254,1103,151
123000633,2,400,-398
123000634,116,1075,-959
123000635,137,330,-193
123000636,64,738,-674
123000637,447,83,364
123000638,1426,56,1370
123000639,1645,12922,-11277
123000640,20,613,-593
123900001,1745,234,1511
123900002,41,2637,-2596
123900003,250,671,-421
123900005,522,509,13
123900006,956,210,746
124000001,3333,326,3007
124000002,63,1718,-1655
124000003,2482,265,2217
124000004,159,516,-357
124000005,2199,2976,-777
124000006,231,637,-406
124000007,1924,221,1703
124000008,2,873,-871
124000009,1452,815,637
124000010,650,671,-21
124000011,1612,1675,-63
124000012,445,411,34
124000017,610,183,427
124000018,198,82,116
124000019,636,236,400
124000020,37,161,-124
124000021,288,124,164
124000022,88,251,-163
124000023,2656,2265,391
124000024,1773,405,1368
124000025,2335,2465,-130
124000026,1551,1125,426
124000027,5055,5147,-92
124000028,1726,4375,-2649
124000030,1901,1740,161
124000031,2204,15883,-13679
124000032,1981,774,1207
124000033,398,831,-433
124000034,1312,873,439
124000035,26,432,-406
124000036,50,358,-308
124000037,330,1215,-885
124000038,18,134,-116
124000039,563,479,84
124000040,271,1272,-1001
124000041,1284,340,944
124000042,266,549,-283
124000043,231,206,25
124000044,40,436,-396
124000045,3075,527,2548
124000046,347,1073,-726
124000047,5417,985,4432
124000048,1206,814,392
124000049,3826,615,3211
124000050,1605,1163,442
124000051,2476,625,1851
124000052,1094,796,298
124000053,555,4342,-3787
124000054,857,412,445
124000055,1577,11172,-9595
124000056,2129,807,1322
124000057,2934,583,2351
124000058,1176,1293,-117
124000059,2453,1789,664
124000060,680,705,-25
124000061,1822,9612,-7790
124000062,2315,1343,972
124000063,1476,1179,297
124000064,1981,1344,637
124000065,20,1707,-1687
124000066,146,48,98
124000067,403,361,42
124000068,44,51,-7
124000069,445,29,416
124000070,178,56,122
124000071,254,291,-37
124000072,662,771,-109
124000073,2000,254,1746
124000074,482,712,-230
124000075,1025,79,946
124000076,36,83,-47
124000077,348,1039,-691
124000078,1879,1410,469
124000079,337,1614,-1277
124000080,1693,409,1284
124000081,445,603,-158
124000082,132,325,-193
124000083,74,92,-18
124000084,67,1110,-1043
124000085,97,83,14
124000086,28,523,-495
124000087,52,388,-336
124000088,106,674,-568
124000089,1138,376,762
124000090,215,292,-77
124000091,1089,171,918
124000092,228,436,-208
124000093,220,291,-71
124000094,247,936,-689
124000095,401,148,253
124000096,363,282,81
124000097,308,208,100
124000098,152,142,10
124000099,420,126,294
124000100,73,52,21
124000101,351,439,-88
124000102,153,63,90
124000103,530,313,217
124000104,180,54,126
124000105,351,221,130
124000106,158,69,89
124000107,70,444,-374
124000108,97,17,80
124000109,271,208,63
124000110,106,60,46
124000111,445,123,322
124000112,1479,656,823
124000113,360,156,204
124000114,711,530,181
124000115,359,947,-588
124000116,172,298,-126
124000117,37,93,-56
124000118,51,183,-132
124000119,1490,1543,-53
124000120,1195,1224,-29
124000121,1045,1196,-151
124000122,559,1845,-1286
124000123,1364,574,790
124000124,510,873,-363
124000125,760,487,273
124000126,443,547,-104
124000127,1960,550,1410
124000128,962,1015,-53
124000129,2361,1740,621
124000130,578,672,-94
124000131,1029,1119,-90
124000132,641,1168,-527
124000133,2074,1559,515
124000134,1340,897,443
124000135,3057,3548,-491
124000136,1006,1243,-237
124000137,1380,2262,-882
124000138,1128,1287,-159
124000139,733,179,554
124000140,16,789,-773
124000141,25,27,-2
124000142,5,369,-364
124000143,89,53,36
124000144,21,53,-32
124000145,179,480,-301
124000146,60,375,-315
124000148,22,70,-48
124000149,2083,345,1738
124000150,353,925,-572
124000151,2033,763,1270
124000152,1120,1195,-75
124000153,1611,1477,134
124000154,798,863,-65
124000155,1850,1116,734
124000156,926,1282,-356
124000169,321,1351,-1030
124000170,1694,1041,653
124000171,537,780,-243
124000172,478,917,-439
124000173,1469,409,1060
124000174,908,773,135
124000175,9,174,-165
124000176,127,37,90
124000177,19,76,-57
124000178,45,103,-58
124000190,93,81,12
124000191,15,191,-176
124000192,2079,1799,280
124000193,321,6169,-5848
124000194,396,584,-188
124000195,661,679,-18
124000196,844,1048,-204
124000197,108,33,75
124000198,135,136,-1
124000201,111,744,-633
124000202,1076,184,892
124000203,1593,225,1368
124000204,3200,1239,1961
124000205,234,297,-63
124000206,2388,422,1966
124000207,0,18,-18
124000209,306,301,5
124000210,2369,396,1973
124000211,1993,4,1989
124000212,0,171,-171
124000213,1503,109,1394
124000214,1323,426,897
124000215,1146,28,1118
124000216,5,237,-232
124000329,679,800,-121
124000338,539,715,-176
124000339,4026,86,3940
124000341,4444,114,4330
124000344,97,66,31
124000357,1753,5263,-3510
124000358,747,2807,-2060
124000359,2372,1298,1074
124000360,2187,1019,1168
124000361,2984,1726,1258
124000362,2631,4763,-2132
124000363,793,416,377
124000364,950,1153,-203
124000365,915,1336,-421
124000366,2865,853,2012
124000367,74,446,-372
124000368,602,2159,-1557
124000369,72,225,-153
124000370,51,968,-917
124000402,54,62,-8
124000403,366,73,293
124000404,59,147,-88
124000405,1110,1053,57
124000406,649,611,38
124000407,9,28,-19
124000411,12,437,-425
124000412,975,6,969
124000413,228,540,-312
124000414,286,148,138
124000415,141,53,88
124000416,230,199,31
124000417,622,165,457
124000418,541,58,483
124000419,209,60,149
124000420,357,43,314
124000421,109,72,37
124000422,40,22,18
124000423,187,81,106
124000424,15,30,-15
124000425,59,57,2
124000426,16,99,-83
124000427,82,7,75
124000428,7,528,-521
124000429,262,27,235
124000430,1621,627,994
124000431,625,858,-233
124000432,546,1261,-715
124000439,15,1,14
124000442,37,55,-18
124000443,2,11,-9
124000445,91,2492,-2401
124000446,488,286,202
124900001,1618,519,1099
124900002,494,302,192
124900003,2221,474,1747
124900004,1880,321,1559
124900005,401,93,308
124900006,1691,337,1354
124900008,568,732,-164
124900009,122,738,-616
124900010,460,186,274
124900011,1656,479,1177
124900012,578,93,485
124900013,1043,281,762
124900014,690,261,429
124900015,362,615,-253
124900016,149,357,-208
124900017,768,7079,-6311
124900018,323,12,311
124900020,215,93,122
124900021,706,320,386
124900022,88,14,74
124900024,1036,15,1021
124900026,133,134,-1
124900027,231,600,-369
124900028,501,148,353
124900029,25,952,-927
124900030,2,166,-164
124900031,124,323,-199
124900032,520,264,256
124900033,233,212,21
124900034,18,365,-347
124900035,308,256,52
124900036,4,172,-168
124900037,187,216,-29
124900038,157,223,-66
124900039,1,96,-95
124900040,254,112,142
124900041,581,695,-114
124900042,72,0,72
124900043,981,447,534
124900044,196,9,187
124900045,476,1450,-974
124900046,751,209,542
124900047,42,323,-281
124900048,407,81,326
124900050,330,187,143
124900052,142,437,-295
124900053,377,600,-223
124900054,1073,809,264
124900055,0,119,-119
124900057,11,75,-64
124900060,59,341,-282
124900061,276,3,273
124900062,344,13,331
124900066,0,5,-5
124900067,5,83,-78
124900068,155,1224,-1069
124900070,98,53,45
124900072,382,41,341
124900074,766,314,452
124900075,1293,211,1082
124900076,45,4651,-4606
124900077,39,151,-112
124900078,201,16,185
124900079,313,458,-145
124900080,882,285,597
124900081,2184,269,1915
124900082,618,468,150
124900083,698,549,149
124900084,1358,104,1254
124900085,599,587,12
124900086,49,1351,-1302
124900087,326,100,226
124900088,123,117,6
124900089,676,23,653
124900090,1147,326,821
124900091,608,336,272
124900092,586,327,259
124900093,1225,337,888
124900094,1727,374,1353
124900095,364,1018,-654
124900096,413,188,225
124900097,1161,140,1021
124900098,269,394,-125
124900099,229,1082,-853
124900100,874,43,831
124900101,113,325,-212
124900102,782,12,770
124900103,285,221,64
124900104,106,229,-123
124900105,190,166,24
124900106,637,104,533
124900107,426,70,356
124900108,281,199,82
124900109,233,313,-80
124900110,993,254,739
124900111,4,219,-215
124900112,159,289,-130
124900113,77,342,-265
124900114,71,268,-197
124900115,87,197,-110
124900116,482,574,-92
124900117,210,315,-105
124900118,117,1457,-1340
124900119,714,335,379
124900120,20,279,-259
124900121,131,673,-542
124900122,191,226,-35
124900123,144,113,31
124900124,57,327,-270
129000186,255,264,-9
204000001,38,12,26
204000002,12,9,3
204000003,31,25,6
204000004,3,6,-3
204000005,783,401,382
204000006,1570,1284,286
204000011,13,50,-37
204000012,125,138,-13
204000013,1,34,-33
204000019,1632,529,1103
204000020,2006,1288,718
204000021,3260,1622,1638
204000022,2094,729,1365
204000023,971,611,360
204000031,67,19,48
204000032,621,66,555
204000034,92,189,-97
204000035,6,7,-1
204000036,10,80,-70
204000037,0,30,-30
204000038,1,6,-5
204000039,9,19,-10
204000040,20,22,-2
204000041,14,45,-31
204000042,108,16,92
204000043,86,21,65
204000044,89,17,72
204000045,138,3,135
204000046,23,3,20
204000057,25,18,7
204000062,31,16,15
204000068,33,839,-806
204000069,141,926,-785
204000070,118,402,-284
204000080,239,266,-27
204000085,1649,1090,559
204000086,2879,1386,1493
204000087,98,12,86
204000088,24,105,-81
204000090,123,438,-315
204000093,1212,77,1135
204000096,2996,920,2076
204000097,951,6,945
204000099,1408,3763,-2355
204000100,2560,1680,880
204000105,2153,738,1415
204000110,521,1576,-1055
204000111,946,923,23
204000112,1119,1721,-602
204000113,444,1368,-924
204000114,1729,1724,5
204000115,2286,1121,1165
204000116,968,2252,-1284
204000119,3907,2298,1609
204000132,1154,734,420
204000133,1264,138,1126
204000134,388,68,320
204000135,990,110,880
204000136,711,609,102
204000138,418,1427,-1009
204000140,418,175,243
204000141,230,90,140
204000144,15,65,-50
204000145,927,77,850
204000146,34,359,-325
204000147,52,1325,-1273
204000148,480,125,355
204000154,11,30,-19
204000155,7,18,-11
204000177,90,256,-166
204000179,103,32,71
204000180,1,57,-56
204000222,3,11,-8
204000235,156,65,91
204000236,75,287,-212
204000238,27,61,-34
204000240,531,105,426
204000263,574,1158,-584
204000268,881,501,380
204000308,252,73,179
204000317,51,214,-163
204000322,34,192,-158
204000323,33,7,26
204000328,415,81,334
204000329,89,175,-86
204000330,313,10,303
204000331,109,175,-66
204010341,7,194,-187
205000001,765,1443,-678
205000013,147,200,-53
205000014,220,118,102
205000015,270,83,187
205000016,110,191,-81
205000017,140,53,87
205000022,389,609,-220
205000025,2053,775,1278
205000029,841,64,777
205000045,423,412,11
205000046,390,552,-162
205000047,222,674,-452
205000048,871,413,458
205000049,372,523,-151
205000050,1598,271,1327
205000059,0,983,-983
205000060,4,1433,-1429
205000061,17,1942,-1925
205000062,5,2259,-2254
205000063,90,2319,-2229
205000064,208,551,-343
205000065,867,782,85
205000066,403,337,66
205000067,233,533,-300
205000069,153,22,131
205000082,239,430,-191
205000110,119,179,-60
205000111,288,118,170
205000112,193,180,13
205000113,131,342,-211
205000121,347,138,209
205000123,212,205,7
205000126,1064,93,971
205000127,982,121,861
205000128,879,89,790
205000129,1509,53,1456
205000130,72,25,47
205000131,24,39,-15
205000132,55,15,40
205000133,48,8,40
205000134,483,1,482
205000137,501,130,371
205000138,529,513,16
205000139,62,243,-181
205000144,103,128,-25
205000145,480,754,-274
205000151,410,103,307
205000152,259,228,31
205000153,311,232,79
205000154,156,277,-121
205000155,505,87,418
205000207,5,131,-126
205000233,40,10,30
205000234,0,2,-2
205000243,0,8,-8
205000244,0,7,-7
205000245,12,207,-195
205000249,0,37,-37
205000250,4,1,3
205000264,30,126,-96
206000027,19,25,-6
206000028,33,23,10
206000043,7,54,-47
206000053,1,18,-17
206000054,6,43,-37
206000055,0,30,-30
206000075,49,23,26
206000076,25,18,7
206000077,44,30,14
206000078,19,24,-5
206000079,39,6,33
206000082,342,204,138
206000100,37,946,-909
206000103,5,33,-28
206000104,7,26,-19
206000105,16,34,-18
206000106,1,11,-10
206000108,899,136,763
206000125,208,0,208
206000157,39,554,-515
206000170,1,225,-224
206000171,35,260,-225
206000172,27,244,-217
206000173,17,136,-119
206000174,71,31,40
206000175,14,71,-57
206000176,31,129,-98
206000177,3,98,-95
206000178,3,503,-500
206000179,3,777,-774
206000180,13,114,-101
206000181,7,56,-49
206000182,12,64,-52
206000183,25,158,-133
206000184,5,67,-62
206000185,36,33,3
206000186,182,330,-148
206000223,13,543,-530
206000226,41,12,29
206000227,54,37,17
206000237,50,153,-103
206000238,86,260,-174
206000239,297,1745,-1448
206000240,2,58,-56
206000241,0,69,-69
206000242,32,209,-177
206000243,30,69,-39
206000244,104,117,-13
206000245,2473,113,2360
206000246,689,30,659
206000247,980,17,963
206000248,1132,140,992
206000252,147,92,55
206000258,10,83,-73
206000315,111,19,92
206000317,748,227,521
206000318,1082,106,976
206000319,3495,171,3324
206000320,781,47,734
206000321,813,20,793
206000322,1331,98,1233
206000323,553,26,527
206000324,686,89,597
206000325,386,64,322
206000326,450,121,329
206000327,59,29,30
206000328,590,32,558
206000329,768,56,712
206000330,152,150,2
206000331,655,107,548
206000332,179,26,153
206000333,2348,12,2336
206000334,1198,3,1195
206000335,0,45,-45
206000361,5,147,-142
206000392,1,18,-17
206000405,317,0,317
206000441,126,46,80
206000498,60,23,37
206000515,79,81,-2
206000530,540,122,418
206000531,203,522,-319
206000532,1592,760,832
206000535,181,4388,-4207
206000536,34,61,-27
206000537,30,131,-101
206000613,1059,361,698
207000001,216,351,-135
207000002,238,332,-94
207000003,228,212,16
207000007,2511,318,2193
207000008,629,11,618
207000009,159,28,131
207000010,793,372,421
207000012,702,285,417
207000015,580,672,-92
207000019,532,136,396
207000021,548,664,-116
207000022,421,292,129
207000023,533,189,344
207000024,6,96,-90
207000025,24,203,-179
207000026,116,81,35
207000027,29,104,-75
207000028,110,174,-64
207000029,237,690,-453
207000033,415,385,30
207000034,543,162,381
207000039,1169,162,1007
207000040,1351,60,1291
207000041,326,599,-273
207000042,799,234,565
207000043,379,211,168
207000051,171,429,-258
207000052,19,556,-537
207000053,528,335,193
207000054,97,65,32
207000055,290,84,206
207000056,304,713,-409
207000057,189,333,-144
207000058,332,287,45
207000059,185,219,-34
207000060,108,453,-345
207000061,198,1408,-1210
207000062,1050,60,990
207000063,952,358,594
207000064,540,211,329
207000065,536,273,263
207000066,635,276,359
207000067,100,146,-46
207000068,271,90,181
207000069,1283,389,894
207000082,45,209,-164
207000083,206,312,-106
207000084,991,450,541
207000085,516,71,445
207000086,757,12,745
207000106,148,62,86
207000107,308,25,283
207000108,201,9,192
207000109,169,12,157
207000110,113,300,-187
207000111,150,179,-29
207000112,133,2644,-2511
207000114,51,18,33
207000115,120,175,-55
207000116,40,492,-452
207000117,11,183,-172
207000118,17,237,-220
207000119,46,123,-77
207000123,661,41,620
207000124,259,51,208
207000125,112,66,46
207000126,78,18,60
207000134,335,209,126
207000135,117,367,-250
207000148,147,1078,-931
207000149,103,47,56
207000152,220,656,-436
207000153,329,727,-398
207000154,573,336,237
207000159,413,244,169
207000160,599,210,389
207000238,0,83,-83
207000242,0,45,-45
207000248,78,150,-72
207000249,224,64,160
207000250,1005,176,829
207000251,289,205,84
207000252,105,54,51
207000278,269,243,26
207000279,111,119,-8
207000280,1568,89,1479
207000281,396,363,33
207000282,103,640,-537
207000283,36,198,-162
207000284,30,1985,-1955
207000285,93,78,15
207000291,32,124,-92
207000304,95,92,3
207000306,81,330,-249
207000310,250,144,106
207000353,215,4,211
207000356,9,210,-201
207000357,0,31,-31
207000358,2,26,-24
207000415,2,93,-91
207000417,166,10,156
207000418,76,99,-23
207000438,0,2,-2
207000439,530,443,87
207000446,470,2,468
207000460,202,27,175
207000466,214,492,-278
207000467,684,183,501
207000468,118,188,-70
207000476,5,14,-9
207000477,1324,40,1284
207000478,1,70,-69
207000523,0,9,-9
207000524,57,1,56
207000527,342,143,199
207000530,2031,8,2023
207000531,729,47,682
207000532,332,428,-96
207000534,279,37,242
207000535,15,537,-522
207000537,14,219,-205
207000540,2,105,-103
207000541,6,131,-125
207000548,5,973,-968
207000549,1009,220,789
207000561,601,280,321
207000562,63,73,-10
207000567,89,286,-197
207000568,724,101,623
207000569,1927,176,1751
207000584,79,259,-180
207000585,28,259,-231
207000616,0,209,-209
207000617,282,1,281
207900008,778,103,675
208000001,1014,2140,-1126
208000002,1309,1407,-98
208000003,1515,603,912
208000004,1283,1857,-574
208000005,1,247,-246
208000019,1865,576,1289
208000020,508,247,261
208000021,529,596,-67
208000022,2065,528,1537
208000028,1490,2899,-1409
208000033,919,443,476
208000034,1352,1948,-596
208000040,482,368,114
208000041,1816,766,1050
208000042,2642,879,1763
208000047,225,284,-59
208000064,2983,2611,372
208000066,1701,2461,-760
208000070,1112,605,507
208000071,1179,480,699
208000072,1183,781,402
208000080,532,1147,-615
208000081,661,197,464
208000082,1019,257,762
208000083,346,304,42
208000084,12,154,-142
208000085,969,822,147
208000086,855,1388,-533
208000087,659,949,-290
208000089,1837,459,1378
208000090,1818,610,1208
208000093,38,206,-168
208000094,1084,387,697
208000095,1604,857,747
208000104,2831,549,2282
208000105,1629,1231,398
208000114,172,748,-576
208000115,1027,596,431
208000116,2066,2785,-719
208000117,41,272,-231
208000118,266,474,-208
208000155,1026,1809,-783
208000158,2577,4548,-1971
208000186,1223,2762,-1539
208000204,1460,2550,-1090
208000205,2571,1529,1042
208000282,1096,1803,-707
209000004,1406,451,955
209000005,141,813,-672
209000006,489,840,-351
209000007,655,884,-229
209000010,342,675,-333
209000011,106,361,-255
209000012,271,667,-396
209000013,618,986,-368
209000014,846,1272,-426
209000025,942,134,808
209000026,1732,281,1451
209000027,589,423,166
209000028,541,392,149
209000029,1289,2383,-1094
209000030,1280,2518,-1238
209000031,5795,2092,3703
209000034,314,671,-357
209000035,287,558,-271
209000036,679,421,258
209000037,698,391,307
209000038,399,306,93
209000039,192,187,5
209000040,430,716,-286
209000041,477,640,-163
209000042,1591,392,1199
209000043,914,738,176
209000044,721,880,-159
209000045,805,258,547
209000046,855,390,465
209000047,682,423,259
209000048,820,912,-92
209000049,138,45,93
209000050,236,86,150
209000051,453,146,307
209000052,249,167,82
209000062,173,65,108
209000063,125,55,70
209000064,83,33,50
209000065,315,71,244
209000066,257,67,190
209000067,331,35,296
209000080,23,249,-226
209000082,91,77,14
209000091,56,147,-91
209000093,68,165,-97
209000094,61,215,-154
209000110,84,252,-168
209000111,689,3451,-2762
209000112,2028,1100,928
209000113,3468,2070,1398
209000114,1486,1463,23
209000115,138,91,47
209000116,435,352,83
209000118,20,320,-300
209000119,26,98,-72
209000121,236,477,-241
209000135,66,139,-73
209000142,1353,4976,-3623
209000143,116,240,-124
209000144,186,913,-727
209000229,294,131,163
209000240,111,364,-253
209000259,54,104,-50
209000260,30,1084,-1054
209000261,2,694,-692
209000262,3,515,-512
209000263,6,2034,-2028
209000264,2,248,-246
209000265,816,3,813
209000266,265,4,261
209000267,3383,19,3364
209000268,648,138,510
210000037,131,141,-10
210000047,207,30,177
210000048,196,21,175
210000049,166,4,162
210000052,163,92,71
210000053,72,76,-4
210000054,17,76,-59
210000070,451,9,442
210000071,392,3,389
210000072,72,0,72
210000073,0,109,-109
210000074,0,161,-161
210000075,3,242,-239
210000076,22,366,-344
210000077,13,387,-374
210000078,38,383,-345
210000079,53,83,-30
210000080,44,447,-403
210000081,474,40,434
210000082,31,16,15
210000083,89,3,86
210000084,169,1,168
210000085,0,392,-392
210000086,2,164,-162
210000099,174,329,-155
210000100,201,190,11
210000101,217,176,41
210000105,28,455,-427
210000159,1,299,-298
210000163,75,220,-145
210000164,315,282,33
210000168,535,141,394
210000187,0,81,-81
210000188,1,116,-115
210000214,8,0,8
210000219,115,75,40
210000220,328,40,288
210000232,4,17,-13
210000233,67,21,46
210000234,82,69,13
210000235,172,71,101
210000245,0,223,-223
210000246,9,2,7
210000258,59,72,-13
210000259,487,135,352
210000282,101,351,-250
210000285,2,150,-148
210000286,40,180,-140
210000290,0,8,-8
210000295,109,242,-133
210000296,185,78,107
210000320,420,71,349
210000321,300,26,274
210000338,110,116,-6
210000339,190,1124,-934
210000340,289,427,-138
210000341,374,337,37
210000342,483,269,214
210000343,355,299,56
210000344,150,393,-243
210000345,223,573,-350
210000346,104,311,-207
210000347,61,460,-399
210000348,291,316,-25
210000349,129,167,-38
210000350,321,375,-54
210000351,360,256,104
210000352,53,60,-7
210000353,48,68,-20
210000354,89,86,3
210000355,50,567,-517
210000356,16,826,-810
210000357,59,851,-792
210000358,1129,651,478
210000359,149,921,-772
210000360,408,832,-424
210000361,495,355,140
210000362,591,412,179
210000363,997,459,538
210000364,567,332,235
210000365,433,132,301
210000366,569,76,493
210000367,307,74,233
210000368,375,46,329
210000369,53,206,-153
210000370,98,309,-211
210000372,59,114,-55
210000373,35,343,-308
210000374,122,339,-217
210000375,34,63,-29
210000376,47,607,-560
210000404,103,225,-122
210000439,179,26,153
210000472,59,6,53
210000482,75,180,-105
210000564,398,329,69
210000567,0,29,-29
210000568,390,12,378
211000092,150,19,131
211000094,51,1,50
211000169,374,16,358
211000172,21,76,-55
211000209,0,52,-52
211000226,8,12,-4
211000270,46,3,43
211000275,53,21,32
211000276,297,28,269
211000279,45,88,-43
211000281,236,26,210
211507980,1,159,-158
211977296,83,1,82
212000003,468,168,300
212000004,13,203,-190
212000005,37,254,-217
212000006,73,273,-200
212000008,362,315,47
212000009,130,210,-80
212000012,271,79,192
212000013,90,64,26
212000014,662,115,547
212000015,640,168,472
212000016,966,434,532
212000027,694,354,340
212000028,426,280,146
212000029,414,226,188
212000030,69,26,43
212000031,117,53,64
212000048,106,869,-763
212000049,7,335,-328
212000050,26,20,6
212000051,559,141,418
212000052,435,177,258
212000053,426,292,134
212000054,858,82,776
212000055,702,130,572
212000056,23,68,-45
212000057,16,30,-14
212000058,239,51,188
212000070,261,164,97
212000077,373,307,66
212000099,700,264,436
212000108,328,490,-162
212000111,502,158,344
212000120,281,318,-37
212000138,385,116,269
212000156,1,58,-57
212000158,2,50,-48
212000159,1030,146,884
212000160,1207,252,955
212000161,118,15,103
212000310,99,19,80
212000311,31,64,-33
212000374,70,55,15
213000001,16,610,-594
213000005,879,649,230
213000006,1081,448,633
213000007,176,46,130
213000009,463,238,225
213000010,511,199,312
213000011,359,178,181
213000012,445,277,168
213000014,122,60,62
213000015,624,23,601
213000016,832,3,829
213000017,175,0,175
213000018,6,32,-26
213000019,4,390,-386
213000020,189,133,56
213000021,5,60,-55
213000023,487,685,-198
213000033,572,1587,-1015
213000034,567,323,244
213000035,244,420,-176
213000045,268,370,-102
213000046,133,133,0
213000047,411,1062,-651
213000056,276,115,161
213000069,330,40,290
213000073,1,68,-67
213000074,100,710,-610
213000075,1324,2,1322
213000076,25,4,21
213000085,9,59,-50
213000086,14,240,-226
213000091,494,7,487
213000092,46,20,26
213000099,406,1509,-1103
213000100,1081,740,341
213000101,1334,142,1192
213000102,1266,143,1123
213000103,842,474,368
213000104,71,261,-190
213000105,146,2271,-2125
213000106,65,511,-446
213000107,212,548,-336
213000108,53,486,-433
213000109,11,231,-220
213000110,12,179,-167
213000111,7,157,-150
213000112,61,140,-79
213000115,78,10,68
213000116,84,573,-489
213000117,16,534,-518
213000118,1748,613,1135
213000119,58,515,-457
213000120,167,359,-192
213000122,257,390,-133
213000123,159,565,-406
213000124,512,719,-207
213000125,227,74,153
213000126,250,240,10
213000127,74,312,-238
213000128,82,694,-612
213000129,289,3178,-2889
213000130,1624,1383,241
213000132,1758,343,1415
213000133,1854,134,1720
213000134,3779,26,3753
213000136,1073,56,1017
213000137,1013,108,905
213000139,217,51,166
213000147,89,38,51
213000148,29,52,-23
213000149,30,76,-46
213000150,2,1023,-1021
213000151,2,347,-345
213000152,3,556,-553
213000153,1,307,-306
213000154,213,790,-577
213000155,125,734,-609
213000156,319,420,-101
213000157,1661,277,1384
213000158,750,707,43
213000159,1175,522,653
213000163,2884,335,2549
213000165,1050,390,660
213000171,0,31,-31
213000172,0,152,-152
213000173,0,109,-109
213000174,1,80,-79
213000175,27,41,-14
213000176,369,69,300
213000177,350,13,337
213000178,598,2,596
213000179,613,2,611
213000180,424,0,424
213000184,170,653,-483
213000188,983,146,837
213000189,1320,79,1241
213000190,874,423,451
213000191,864,203,661
213000192,555,146,409
213000193,1214,394,820
213000194,2,314,-312
213000195,37,337,-300
213000196,572,2400,-1828
213000197,925,1148,-223
213000198,44,1,43
213000200,210,606,-396
213000201,21,103,-82
213000202,31,750,-719
213000203,1995,346,1649
213000204,1274,62,1212
213000205,947,112,835
213000206,1126,127,999
213000207,74,12,62
213000208,51,3,48
213000209,218,10,208
213000210,465,21,444
213000211,11,96,-85
213000212,33,125,-92
213000213,44,120,-76
213000218,770,750,20
213000219,1838,131,1707
213000220,2076,26,2050
213000223,375,282,93
213000224,21,70,-49
213000225,93,21,72
213000226,63,15,48
213000227,2459,189,2270
213000228,1310,1018,292
213000229,123,134,-11
213000230,2045,15,2030
213000232,246,25,221
213000233,90,206,-116
213000234,7,129,-122
213000293,19,148,-129
213000294,124,77,47
213000295,30,201,-171
213000296,148,16,132
213000297,20,131,-111
213000298,14,179,-165
213000299,134,49,85
213000300,6,3,3
213000303,2,10,-8
213000304,0,6,-6
213000305,0,66,-66
213000306,106,1057,-951
213000307,124,694,-570
213000308,221,234,-13
213000309,349,106,243
213000310,394,200,194
213000311,274,968,-694
213000315,180,366,-186
213000316,449,178,271
213000322,214,18,196
213000323,259,143,116
213000324,299,9,290
213000325,193,84,109
213000326,224,10,214
213000327,179,33,146
213000328,96,83,13
213000329,304,31,273
213000340,173,721,-548
213000341,1669,89,1580
213000347,291,1874,-1583
213000348,11,192,-181
213000349,8,21,-13
213000350,323,1233,-910
213000366,128,256,-128
213000367,926,18,908
213000379,33,182,-149
213000386,50,35,15
213000406,651,89,562
213000417,3259,737,2522
213000425,716,122,594
213000426,443,35,408
213000427,110,59,51
213000428,34,251,-217
213000429,27,8,19
213000430,278,499,-221
213000431,16,4,12
213000432,3,48,-45
213000433,28,52,-24
213000434,317,174,143
213000435,210,118,92
213000436,126,82,44
213000437,3,15,-12
213000438,240,73,167
213000439,86,36,50
213000440,25,156,-131
213000441,1,2,-1
213000442,11,23,-12
213000443,1153,722,431
213000444,57,28,29
213000445,0,92,-92
213000446,0,50,-50
213000447,2,144,-142
213000448,24,240,-216
213000449,1692,16,1676
213000450,34,53,-19
213000451,754,60,694
213000452,62,28,34
213000453,69,270,-201
213000455,223,142,81
213000456,3,213,-210
213000481,52,19,33
213000484,102,2,100
213000489,227,88,139
213900002,7,531,-524
213900003,176,20,156
213900013,8,92,-84
213900015,0,4,-4
213900016,10,3,7
213900020,77,72,5
213900030,1,73,-72
213900032,160,261,-101
213900033,525,168,357
213900034,1592,72,1520
213900035,460,163,297
213900036,330,119,211
213900037,98,173,-75
213900038,1085,195,890
213900039,0,93,-93
213900041,24,560,-536
213900042,237,514,-277
213900043,559,91,468
213900244,68,1,67
213900245,0,15,-15
218000003,148,77,71
218000004,125,212,-87
218000005,112,110,2
218000006,123,96,27
218000007,25,31,-6
218000012,407,324,83
218000013,523,334,189
218000014,590,360,230
218000019,544,545,-1
218000020,470,380,90
218000021,87,32,55
218000022,61,16,45
218000023,37,17,20
218000024,6,20,-14
218000025,18,32,-14
218000026,20,28,-8
218000027,5,5,0
218000028,4,4,0
218000029,1,19,-18
218000030,22,27,-5
218000031,9,13,-4
218000032,1,35,-34
218000040,3,11,-8
218000046,216,117,99
218000047,42,89,-47
218000048,80,40,40
218000049,66,46,20
218000050,207,82,125
218000051,85,234,-149
218000052,0,65,-65
218000053,7,29,-22
218000054,3,62,-59
218000055,22,38,-16
218000056,21,45,-24
218000057,6,33,-27
218000064,1,33,-32
218000065,226,29,197
218000066,27,141,-114
218000067,191,89,102
218000068,261,114,147
218000069,617,109,508
218000070,301,439,-138
218000071,324,288,36
218000072,192,428,-236
218000078,2088,492,1596
218000079,518,188,330
218000080,319,200,119
218000081,1190,179,1011
218000082,289,95,194
218000083,226,93,133
218000084,492,83,409
218000085,315,204,111
218000086,189,130,59
218000087,337,127,210
218000090,68,249,-181
218000091,1838,912,926
218000092,333,160,173
218000093,168,102,66
218000094,739,526,213
218000099,413,849,-436
218000100,668,398,270
218000101,580,226,354
218000102,890,510,380
218000103,223,116,107
218000104,307,45,262
218000105,25,21,4
218000106,25,6,19
218000107,261,55,206
218000108,16,30,-14
218000112,133,40,93
218000117,61,182,-121
218000134,1091,432,659
218000135,18,145,-127
218000136,354,165,189
218000137,564,248,316
218000138,119,127,-8
218000139,450,782,-332
218000140,1048,661,387
218000141,124,131,-7
218000142,311,233,78
218000143,68,747,-679
218000144,37,277,-240
218000145,1137,574,563
218000146,248,317,-69
218000151,7,70,-63
218000152,113,70,43
218000153,13,17,-4
218000154,22,2,20
218000155,93,4,89
218000156,199,23,176
218000157,137,20,117
218000158,26,85,-59
218000159,11,46,-35
218000160,15,10,5
218000161,130,6,124
218000162,116,22,94
218000163,40,14,26
218000164,224,10,214
218000165,218,40,178
218000170,3,59,-56
218000171,103,13,90
218000172,29,24,5
218000173,21,25,-4
218000174,23,27,-4
218000176,367,248,119
218000177,462,276,186
218000178,102,279,-177
218000179,243,68,175
218000180,291,76,215
218000181,642,44,598
218000187,8,77,-69
218000188,26,46,-20
218000189,31,112,-81
218000190,165,47,118
218000191,294,26,268
218000192,475,227,248
218000193,742,291,451
218000194,369,251,118
218000195,283,88,195
218000196,817,368,449
218000197,1183,308,875
218000198,229,119,110
218000199,101,22,79
218000200,107,119,-12
218000201,34,4,30
218000202,100,938,-838
218000207,9,15,-6
218000208,53,137,-84
218000211,61,37,24
218000212,1,22,-21
218000213,215,94,121
218000214,1,26,-25
218000215,119,55,64
218000217,3,64,-61
218000218,249,30,219
218000219,7,376,-369
218000220,65,2001,-1936
218000221,787,529,258
218000222,2,325,-323
218000223,128,1408,-1280
218000224,21,387,-366
218000225,288,35,253
218000226,389,92,297
218000230,0,4,-4
218000232,96,53,43
218000239,129,11,118
218000240,10,11,-1
218000241,81,1,80
218000242,7,3,4
218000243,14,16,-2
218000244,32,8,24
218000245,173,13,160
218000246,1,5,-4
218000247,1,1,0
218000248,1,171,-170
218000249,1,16,-15
218000250,15,1429,-1414
218000251,3,133,-130
218000252,3,161,-158
218000253,0,141,-141
218000254,0,44,-44
218000255,2,11,-9
218000256,9,31,-22
218000267,620,1163,-543
218000268,19,47,-28
218000269,2,41,-39
218000270,92,76,16
218000271,6,23,-17
218000273,129,1,128
218000274,16,4,12
218000275,146,72,74
218000276,47,21,26
218000278,1,141,-140
218000279,34,32,2
218000280,3,15,-12
218000281,29,37,-8
218000282,859,1423,-564
218000284,155,2,153
218000301,176,186,-10
218000302,109,50,59
218000303,24,93,-69
218000316,2312,1132,1180
218000317,3572,1019,2553
218000318,2046,762,1284
218000319,2526,613,1913
218000320,2099,691,1408
218000338,31,190,-159
218000345,276,206,70
218000346,64,369,-305
218000459,60,186,-126
218000490,23,98,-75
218000501,263,117,146
218000502,316,157,159
218000503,303,26,277
218000504,265,44,221
218000505,50,133,-83
218000506,45,321,-276
218000508,8,15,-7
218000510,68,7,61
218000520,277,181,96
218000521,4,26,-22
218000522,1,546,-545
218000523,171,1,170
218000524,4,365,-361
218000525,230,29,201
218000526,37,298,-261
218000529,45,56,-11
218000530,44,9,35
218000531,42,16,26
218000532,166,30,136
218000534,364,9,355
218000537,33,211,-178
218000538,94,818,-724
218000540,142,210,-68
218000543,291,146,145
218000544,43,86,-43
218000545,228,154,74
218000546,35,78,-43
218000547,198,414,-216
218000548,253,130,123
218000549,1328,233,1095
218000550,321,192,129
218000551,147,512,-365
218000552,382,333,49
218000553,32,164,-132
218000554,18,55,-37
218000555,50,53,-3
218000556,258,171,87
218000557,808,176,632
218000558,163,0,163
218000559,0,93,-93
218000560,0,43,-43
218000561,12,0,12
218000562,56,203,-147
218000563,357,59,298
218000564,20,191,-171
218000565,110,92,18
218000566,83,29,54
218000567,2,111,-109
218000568,47,1,46
218000569,3,263,-260
218000570,36,15,21
218000571,0,253,-253
218000572,162,50,112
218000573,16,160,-144
218000574,80,21,59
218000575,125,2,123
218000576,0,123,-123
218000577,222,9,213
218000578,0,378,-378
218000579,110,51,59
218000581,3,99,-96
218000582,86,7,79
218000583,15,0,15
218000584,0,46,-46
218000585,61,24,37
218000586,38,31,7
218000587,1,1,0
218000588,0,10,-10
218000589,1,8,-7
218000590,0,4,-4
218000591,1,7,-6
218000592,15,1,14
218000593,0,4,-4
218000594,0,1,-1
218000595,0,0,0
218000596,0,2,-2
218000597,0,0,0
218000598,0,1,-1
218000599,11,4,7
218000600,0,6,-6
218000601,0,2,-2
218000602,0,3,-3
218000603,0,15,-15
218000604,45,31,14
218000605,0,56,-56
218000606,92,1,91
218000607,29,126,-97
218000608,62,19,43
218000609,5,160,-155
218000610,64,6,58
218000611,52,1,51
218000612,3,126,-123
218000613,59,1,58
218000614,1,57,-56
218000615,444,53,391
218000616,9,224,-215
218000617,35,14,21
218000618,0,20,-20
218000619,98,52,46
218000620,36,126,-90
218000621,0,6,-6
218000622,0,101,-101
218000623,87,13,74
218000624,0,200,-200
218000625,1,8,-7
218000626,1,31,-30
218000628,320,324,-4
218000631,30,7,23
218000632,3,222,-219
218000633,209,13,196
218000634,19,21,-2
218000635,20,41,-21
218000636,1601,885,716
218000637,2186,876,1310
218000638,636,52,584
218000639,65,123,-58
218000640,941,193,748
218000641,134,211,-77
218000652,101,63,38
218000653,413,107,306
218000663,31,40,-9
218000675,25,76,-51
218000676,9,22,-13
218000677,57,9,48
218000680,261,206,55
218000681,645,381,264
218000691,406,203,203
218000693,720,140,580
218000703,23,16,7
218000718,49,233,-184
218000719,115,207,-92
218000720,3,219,-216
218000721,32,38,-6
218000725,19,21,-2
218001214,12,138,-126
218001329,117,173,-56
218001330,40,70,-30
218001351,12,16,-4
218001352,14,53,-39
218001353,9,8,1
218001354,11,45,-34
219000001,36,58,-22
219000002,66,81,-15
219000003,90,80,10
219000004,69,122,-53
219000017,99,419,-320
219000020,445,67,378
219000022,266,3,263
219000023,100,0,100
219000029,4,288,-284
219000034,95,58,37
219000039,37,351,-314
219000040,53,99,-46
219000041,235,112,123
219000051,0,357,-357
219000052,0,192,-192
219000053,1,169,-168
219000054,456,594,-138
219000055,588,1,587
219000056,2,0,2
219000057,162,1,161
219000062,19,224,-205
219000063,233,16,217
219000064,11,120,-109
219000110,329,686,-357
219000111,157,228,-71
219000112,471,102,369
219000113,697,89,608
219000114,370,62,308
219000116,236,75,161
219000117,252,88,164
219000118,271,102,169
219000123,312,164,148
219000124,111,93,18
219000125,49,10,39
219000126,89,231,-142
219000127,0,38,-38
219000128,93,165,-72
219000129,60,189,-129
219000130,236,809,-573
219000131,890,1428,-538
219000133,62,103,-41
219000134,24,74,-50
219000135,30,249,-219
219000136,131,385,-254
219000138,182,33,149
219000139,208,30,178
219000140,191,1,190
219000141,92,60,32
219000142,21,72,-51
219000143,59,73,-14
219000145,17,80,-63
219000146,4,25,-21
219000147,3,44,-41
219000148,8,44,-36
219000149,30,68,-38
219000150,1,62,-61
219000151,7,29,-22
219000157,391,316,75
219000158,426,475,-49
219000161,307,17,290
219000163,1415,444,971
219000166,257,405,-148
219000167,343,368,-25
219000168,340,134,206
219000174,859,267,592
219000175,305,7,298
219000176,291,20,271
219000177,227,1,226
219000178,175,14,161
219000179,101,9,92
219000180,167,33,134
219000182,263,12,251
219000183,203,30,173
219000184,197,26,171
219000185,3,45,-42
219000186,132,68,64
219000187,33,218,-185
219000189,102,270,-168
219000190,71,340,-269
219000191,181,2081,-1900
219000192,231,379,-148
219000193,885,214,671
219000195,5,427,-422
219000196,1,198,-197
219000198,97,373,-276
219000199,195,153,42
219000200,244,118,126
219000201,57,188,-131
219000203,36,247,-211
219000204,74,604,-530
219000205,73,279,-206
219000207,101,241,-140
219000209,38,61,-23
219000210,30,639,-609
219000213,10,292,-282
219000239,343,268,75
219000240,330,862,-532
219000241,245,303,-58
219000242,131,326,-195
219000243,153,323,-170
219000244,10,71,-61
219000245,5,66,-61
219000246,55,55,0
219000247,335,53,282
219000248,753,1078,-325
219000249,392,285,107
219000250,305,209,96
219000251,774,434,340
219000252,421,229,192
219000253,524,36,488
219000255,351,171,180
219000256,576,523,53
219000257,266,1,265
219000262,147,416,-269
219000263,135,165,-30
219000267,7,74,-67
219000268,37,40,-3
219000269,15,8,7
219000270,50,9,41
219000271,685,32,653
219000278,4,75,-71
219000279,0,20,-20
219000283,0,209,-209
219000295,11,99,-88
219000296,178,552,-374
219000297,157,55,102
219000298,170,52,118
219000299,699,61,638
219000300,132,114,18
219000301,74,410,-336
219000302,49,172,-123
219000307,111,42,69
219000308,142,237,-95
219000311,417,97,320
219000312,760,140,620
219000313,862,59,803
219000314,231,190,41
219000315,670,25,645
219000316,1247,86,1161
219000317,381,30,351
219000320,2,230,-228
219000321,1,36,-35
219000323,7,86,-79
219000325,3,11,-8
219000326,91,57,34
219000327,43,24,19
219000328,32,36,-4
219000329,293,114,179
219000330,28,68,-40
219000331,112,113,-1
219000332,429,296,133
219000333,130,11,119
219000335,151,6,145
219000337,90,3,87
219000338,33,4,29
219000344,39,163,-124
219000345,142,55,87
219000346,81,42,39
219000348,252,197,55
219000349,56,173,-117
219000350,93,472,-379
219000351,1,31,-30
219000352,152,124,28
219000353,261,63,198
219000354,428,73,355
219000355,304,120,184
219000356,477,2376,-1899
219000363,130,202,-72
219000364,236,98,138
219000365,138,74,64
219000366,200,1178,-978
219000368,408,841,-433
219000370,875,852,23
219000371,10,16,-6
219000382,37,37,0
219000383,348,1905,-1557
219000385,337,1082,-745
219000386,1088,2441,-1353
219000387,2,19,-17
219000390,32,6,26
219000391,6,3,3
219000397,90,41,49
219000398,59,89,-30
219000401,42,185,-143
219000402,73,102,-29
219000403,78,815,-737
219000404,48,180,-132
219000407,7,39,-32
219000409,147,63,84
219000410,451,74,377
219000411,255,41,214
219000446,83,515,-432
219000447,0,58,-58
219000448,10,17,-7
219000452,147,214,-67
219000453,54,336,-282
219000454,386,895,-509
219000556,609,317,292
219000558,195,290,-95
219000590,45,367,-322
219000591,270,822,-552
219000592,121,321,-200
219000595,2,17,-15
219000635,284,148,136
219000636,135,330,-195
219000657,76,12,64
219000658,98,297,-199
219000673,0,101,-101
219000676,25,11,14
219000679,31,75,-44
219000684,180,9,171
219000685,0,107,-107
219000686,1,23,-22
219000688,0,31,-31
219000689,32,177,-145
219000690,211,11,200
219000691,83,126,-43
219000692,280,17,263
219000693,2,26,-24
219000694,22,0,22
219000695,133,34,99
219000698,71,6,65
219000699,0,193,-193
219000727,24,776,-752
219000728,180,16,164
219000770,37,4,33
219000771,0,156,-156
219000788,16,34,-18
219001150,0,59,-59
219001151,4,4,0
219001166,21,40,-19
219001167,2,75,-73
220000001,62,330,-268
220000002,18,197,-179
220000003,496,371,125
220000004,461,1046,-585
220000005,623,2937,-2314
220000006,192,1162,-970
220000007,865,332,533
220000008,419,729,-310
220000009,849,638,211
220000010,167,118,49
220000011,783,6253,-5470
220000012,106,993,-887
220000014,307,70,237
220000015,48,642,-594
220000017,29,639,-610
220000018,11708,5737,5971
220000019,324,1043,-719
220000020,882,379,503
220000021,1368,472,896
220000022,1728,391,1337
220000023,470,295,175
220000024,1116,1027,89
220000025,865,3108,-2243
220000026,465,1514,-1049
220000027,22,378,-356
220000028,60,224,-164
220000029,42,88,-46
220000030,59,135,-76
220000031,886,945,-59
220000064,48,1698,-1650
221000046,4,0,4
221000047,1,0,1
221000048,0,2,-2
221000049,2,43,-41
221000050,33,2,31
221000055,84,186,-102
221000057,125,3,122
221000068,275,95,180
221000069,452,28,424
221000070,385,15,370
221000071,203,3,200
221000072,593,12,581
221000073,363,81,282
221000074,3,20,-17
221000075,16,35,-19
221000076,32,9,23
221000077,47,50,-3
221000081,30,23,7
221000082,82,13,69
221000083,18,7,11
221000084,1,18,-17
221000085,27,289,-262
221000086,22,173,-151
221000087,7,250,-243
221000088,11,215,-204
221000089,53,289,-236
221000090,79,507,-428
221000098,198,54,144
221000099,247,16,231
221000100,212,3,209
221000101,140,9,131
221000102,165,33,132
221000109,17,68,-51
221000110,8,30,-22
221000111,8,79,-71
221000112,2,97,-95
221000113,16,196,-180
221000114,14,160,-146
221000120,34,221,-187
221000121,18,58,-40
221000122,43,50,-7
221000123,10,12,-2
221000124,5,56,-51
221000155,194,34,160
221000156,56,51,5
221000175,0,5,-5
221000176,0,3,-3
221000182,46,26,20
221000241,313,315,-2
221000242,212,271,-59
221000243,468,369,99
221000244,382,576,-194
221000245,115,193,-78
221000246,88,408,-320
221000247,118,186,-68
221000248,230,164,66
221000267,17,964,-947
221000325,12,191,-179
221000331,6,58,-52
221000338,21,64,-43
221000378,538,72,466
221000381,89,65,24
222000282,5,16,-11
222000296,2,21,-19
222000568,559,16,543
222000569,143,71,72
222000570,269,112,157
222000571,570,77,493
222000577,20,46,-26
222000578,4,135,-131
222000579,12,77,-65
222000580,47,671,-624
222000599,0,99,-99
222000600,0,152,-152
222000601,5,874,-869
222000603,6,252,-246
222000604,1,289,-288
222000605,47,84,-37
222000606,4,14,-10
222000607,23,13,10
222000608,37,35,2
222000609,144,155,-11
222000616,733,114,619
222000617,13,133,-120
222000618,5,67,-62
222000620,27,44,-17
222000621,31,38,-7
222000623,981,27,954
222000624,730,9,721
222000625,2318,5,2313
222000636,89,14,75
222000686,36,53,-17
222000687,78,41,37
222001066,1262,7,1255
222001067,130,3,127
222001068,308,46,262
222001069,133,83,50
222001082,104,21,83
222001083,208,11,197
222001084,0,27,-27
222001085,2,642,-640
222001111,243,34,209
222001112,391,333,58
222001313,17,50,-33
222001314,0,165,-165
222001464,103,131,-28
222001465,18,157,-139
222001484,371,60,311
222001485,54,100,-46
222001494,1301,483,818
222001495,220,123,97
222001496,695,373,322
222001497,151,318,-167
222001502,19,47,-28
222001503,394,198,196
222001504,30,354,-324
222001505,1174,48,1126
222001506,83,233,-150
222001507,835,31,804
222001510,1361,102,1259
222001511,120,184,-64
222001514,1379,126,1253
222001515,171,297,-126
222001518,877,60,817
222001519,274,133,141
222001527,221,251,-30
222001528,32,235,-203
222001529,755,22,733
222001530,129,133,-4
222001533,262,426,-164
222001534,1003,378,625
222001535,484,653,-169
222001536,228,175,53
222001537,648,93,555
222001538,43,371,-328
222001563,1771,158,1613
222001564,123,284,-161
222001568,316,250,66
222001576,1,15,-14
222001579,0,23,-23
222001583,24,93,-69
222001584,307,55,252
222001596,771,1891,-1120
222001597,2044,690,1354
222001626,0,71,-71
222001650,27,153,-126
222001651,47,325,-278
222001914,493,58,435
222001915,63,161,-98
222900004,966,347,619
222900009,406,456,-50
222900019,198,405,-207
222900024,133,13,120
222900025,45,6,39
225000001,751,155,596
225000002,1343,512,831
225000003,1559,777,782
225000004,982,1301,-319
225000005,92,342,-250
225000006,0,354,-354
225000007,2803,1374,1429
225000010,785,30,755
225000011,482,2704,-2222
225000012,513,1166,-653
225000013,215,267,-52
225000014,1284,396,888
225000015,273,305,-32
225000021,1521,208,1313
225000027,583,695,-112
225000032,1288,189,1099
225000042,191,652,-461
225000049,225,471,-246
225000050,433,79,354
225000053,29,348,-319
225000058,941,521,420
225000067,572,199,373
225000068,347,739,-392
225000069,223,724,-501
225000070,291,399,-108
225000071,133,145,-12
225000075,149,3507,-3358
225000076,85,361,-276
225000078,103,193,-90
225000085,210,40,170
225000086,567,102,465
225000087,982,36,946
225000088,82,435,-353
225000089,137,579,-442
225000090,104,1107,-1003
225000091,133,338,-205
225000092,94,307,-213
225000093,823,598,225
225000094,41,292,-251
225000095,585,386,199
225000096,212,510,-298
225000098,1670,186,1484
225000099,825,203,622
225000100,997,257,740
225000104,327,530,-203
225000110,38,560,-522
225000111,646,699,-53
225000112,907,1166,-259
225000113,342,2190,-1848
225000114,259,870,-611
225000115,2066,757,1309
225000116,430,322,108
225000117,1051,624,427
225000118,2325,579,1746
225000119,936,200,736
225000120,2003,292,1711
225000121,254,30,224
225000123,1146,83,1063
225000125,1000,404,596
225000126,1277,673,604
225000127,720,4387,-3667
225000128,744,1590,-846
225000132,1125,40,1085
225000133,729,42,687
225000134,1345,185,1160
225000135,301,20,281
225000136,1152,17,1135
225000137,790,301,489
225000138,1670,248,1422
225000143,239,393,-154
225000144,31,340,-309
225000145,158,216,-58
225000146,158,532,-374
225000147,68,197,-129
225000148,5,119,-114
225000149,137,237,-100
225000151,188,127,61
225000155,298,358,-60
225000156,443,1284,-841
225000157,1023,533,490
225000158,106,302,-196
225000171,29,219,-190
225000180,26,0,26
225000181,1,310,-309
225000182,87,26,61
225000185,7,614,-607
225000187,302,574,-272
225000191,132,3,129
225000194,0,5,-5
225000208,1,113,-112
225000209,471,35,436
225000210,25,339,-314
225000217,0,70,-70
225000218,69,3,66
225000223,2,336,-334
225000224,277,24,253
225000225,4,150,-146
225000226,23,11,12
225000227,574,542,32
225000228,15,49,-34
225000229,0,455,-455
225000230,9,8,1
225000231,0,38,-38
225000232,452,4,448
225000241,234,1,233
225000242,1,64,-63
225000249,6,0,6
225000250,180,378,-198
225000251,1115,341,774
225000254,11,180,-169
225000256,5,1384,-1379
225000257,0,124,-124
226000042,410,679,-269
226000043,154,457,-303
226000044,472,1101,-629
226000045,234,556,-322
226000046,1093,358,735
226000047,903,295,608
226000048,667,290,377
226000049,1104,535,569
226000070,0,22,-22
226000071,0,99,-99
226000072,0,56,-56
226000073,0,16,-16
226000074,0,43,-43
226000084,1,46,-45
226000085,1,53,-52
226000086,0,57,-57
226000087,0,71,-71
226000088,21,64,-43
226000090,81,293,-212
226000091,15,175,-160
226000092,2,22,-20
226000093,55,1,54
226000094,11,16,-5
226000095,11,34,-23
226000105,22,2,20
226000106,31,0,31
226000107,19,5,14
226000108,26,0,26
226000109,325,2,323
226000124,374,244,130
226000134,1693,921,772
226000135,3082,856,2226
226000136,1331,1357,-26
226000137,11,623,-612
226000138,14,160,-146
226000139,3,148,-145
226000156,781,7,774
226000157,722,23,699
226000163,109,428,-319
226000202,2,407,-405
226000231,1348,59,1289
226000232,120,19,101
227000033,791,53,738
227000036,964,28,936
227000037,811,132,679
227000038,256,91,165
227000084,4,187,-183
227000085,1,152,-151
227000088,90,10,80
227000089,47,5,42
227000090,20,0,20
227000091,50,1,49
227000092,48,0,48
227000093,262,0,262
227000094,19,1,18
227000130,95,221,-126
227000131,46,231,-185
227000132,55,196,-141
227000133,48,100,-52
227000134,90,141,-51
227000152,0,7,-7
227000153,1,281,-280
227000154,0,122,-122
227000155,0,32,-32
227000156,3,50,-47
227000165,0,149,-149
227000196,1103,143,960
227000199,1059,320,739
227000230,39,216,-177
227000232,1317,59,1258
227000242,83,548,-465
227000243,400,59,341
227000245,31,277,-246
227000246,175,229,-54
227000247,712,42,670
227000248,220,114,106
227000249,30,69,-39
227000250,492,360,132
227000251,78,514,-436
227000252,91,168,-77
227000253,379,32,347
227000262,870,45,825
227000266,2637,75,2562
227000267,19,770,-751
227000282,7,158,-151
227000284,1435,21,1414
227000286,12,78,-66
227000291,11,394,-383
227000296,402,293,109
227000484,261,6,255
227000485,5,754,-749
227000655,581,1,580
227000656,1084,22,1062
227000657,318,15,303
227000704,844,30,814
229000265,14,22,-8
229000266,3,14,-11
229000267,27,0,27
229000268,54,3,51
229000269,53,8,45
229000274,0,420,-420
229000275,1,148,-147
229000276,3,149,-146
229000277,0,10,-10
229000278,4,26,-22
229000295,177,41,136
229000296,4,119,-115
229000297,84,28,56
229000298,31,131,-100
229000320,18,14,4
229000321,63,412,-349
229000412,41,67,-26
229000414,29,70,-41
229000415,12,6,6
229000416,3,2,1
229000417,3,13,-10
229000419,150,424,-274
229000440,370,277,93
229000442,49,27,22
229000443,4,15,-11
229000444,1,51,-50
229000445,203,8,195
229000446,227,53,174
229000491,1,16,-15
229000492,8,66,-58
229000493,15,148,-133
229000494,76,11,65
229000495,183,27,156
229000496,140,18,122
229000507,0,32,-32
229000508,2,43,-41
229000509,2,128,-126
229000510,3,89,-86
229000511,3,41,-38
229000512,0,33,-33
229000513,0,7,-7
229000514,0,1,-1
229000517,8,5,3
229000518,57,11,46
229000519,1,4,-3
229000520,24,26,-2
229000521,94,25,69
229000522,14,4,10
229000523,9,4,5
229000524,8,4,4
229000527,1,0,1
229000528,0,0,0
229000529,20,0,20
229000530,93,3,90
229000531,75,6,69
229000532,13,2,11
229000533,119,1,118
229000534,47,1,46
229000564,104,0,104
229000565,68,2,66
229000566,1,14,-13
229000567,0,17,-17
229000582,76,9,67
229000583,9,20,-11
229000584,4,16,-12
229000585,7,102,-95
229000718,0,3,-3
229000719,0,7,-7
229000720,0,39,-39
229000721,0,3,-3
229000722,1,2,-1
229000723,0,2,-2
229000724,0,13,-13
229000725,0,3,-3
229000738,8,0,8
229000739,1,7,-6
229000740,1,0,1
229000741,56,0,56
229000742,31,0,31
229000743,35,0,35
229000744,4,0,4
229000745,2,0,2
229000746,27,2,25
229000847,96,0,96
229000848,32,1,31
229000849,125,1,124
229000851,108,0,108
229000854,0,23,-23
229000856,3,64,-61
229000857,0,30,-30
229000858,1,50,-49
229000919,8,130,-122
229000930,8,193,-185
229000937,147,37,110
229000966,111,91,20
229000981,35,14,21
229000985,52,6,46
229000986,2,3,-1
229000987,0,7,-7
229000988,4,24,-20
229000989,18,34,-16
229000990,0,3,-3
229000991,1,1,0
229000992,38,16,22
229000993,298,24,274
229000998,51,62,-11
229000999,99,14,85
229001034,0,13,-13
229001035,4,29,-25
229001036,48,85,-37
229001037,126,3,123
229001038,0,64,-64
229001039,4,13,-9
229001040,0,68,-68
229001041,527,2,525
229001042,77,20,57
229001047,72,67,5
229001050,81,40,41
229001168,1,67,-66
229001200,85,11,74
229001338,2,34,-32
229001394,320,1,319
229001422,240,37,203
229001423,24,123,-99
229001431,103,101,2
229001432,37,126,-89
229001444,322,124,198
229001445,170,105,65
229001479,48,2,46
229001503,452,71,381
229001504,188,150,38
229001505,302,55,247
229001506,120,143,-23
229001509,132,14,118
229001510,74,61,13
229001545,208,19,189
229001546,5,60,-55
229001553,239,53,186
229001554,16,114,-98
229001630,146,38,108
229001631,101,41,60
229001635,2,63,-61
229001636,0,0,0
229001658,1,99,-98
229001659,141,6,135
229001660,1,49,-48
229001661,11,48,-37
229001662,52,0,52
229001663,0,178,-178
229002584,350,484,-134
229002831,225,147,78
229002841,10,55,-45
229002842,24,88,-64
229002843,75,51,24
229002844,48,134,-86
229002845,9,114,-105
229002846,12,8,4
229002847,1,24,-23
229002848,6,94,-88
229002849,14,69,-55
229002850,17,0,17
229002851,133,127,6
229002852,209,62,147
229002853,161,47,114
229002854,59,90,-31
229002855,19,151,-132
229002856,46,40,6
229002857,10,224,-214
229002858,16,25,-9
229002859,67,141,-74
229002860,200,84,116
229002861,89,185,-96
229002862,35,56,-21
229002863,30,23,7
229002864,42,45,-3
229002865,2,36,-34
229002866,29,27,2
229002867,2,48,-46
229002868,28,13,15
229002869,22,63,-41
229002870,57,25,32
235000066,481,51,430
235000067,460,205,255
235000072,51,117,-66
235000073,125,572,-447
235000074,147,100,47
235000080,32,73,-41
235000081,333,129,204
235000082,390,56,334
235000083,585,97,488
235000084,55,77,-22
235000085,251,110,141
235000089,61,219,-158
235000092,123,461,-338
235000093,21,23,-2
235000097,1,6,-5
235000098,219,3,216
235000099,98,141,-43
235000116,58,33,25
235000117,1123,40,1083
235000133,55,1413,-1358
235000134,33,393,-360
235000206,15,10,5
235000207,6,2,4
235000208,1,1,0
235000209,5,4,1
235000210,16,1,15
235000212,10,21,-11
235000213,5,9,-4
235000220,2,3,-1
235000221,8,82,-74
235000238,7,240,-233
235000239,1,86,-85
235000242,548,1097,-549
235000245,411,200,211
235000246,16,88,-72
235000284,9,123,-114
235000295,115,185,-70
235000305,590,64,526
235000306,761,11,750
235000307,76,1,75
235000308,55,2,53
235000309,165,1,164
235000310,102,1,101
235000311,121,71,50
235000322,0,32,-32
235000323,1,23,-22
235000324,0,22,-22
235000325,3,21,-18
235000326,22,41,-19
235000351,14,38,-24
235000352,40,35,5
235000353,16,53,-37
235000354,24,19,5
235000355,18,1471,-1453
235000356,271,5,266
235000357,307,5,302
235000358,51,7,44
235000359,33,1,32
235000360,231,11,220
235000361,119,14,105
235000381,527,167,360
235000382,230,165,65
235000390,8,5,3
235000391,232,42,190
235000392,362,248,114
235000393,242,817,-575
235000395,164,50,114
235000396,947,79,868
235000400,276,235,41
235000401,18,226,-208
235000405,415,138,277
235000406,197,108,89
235000407,150,65,85
235000409,236,158,78
235000410,172,176,-4
235000411,1,40,-39
235000485,0,21,-21
235000486,11,0,11
235000549,169,750,-581
235000550,296,221,75
235000599,404,53,351
235000600,6,28,-22
235000601,22,27,-5
235000602,176,55,121
235000614,0,5,-5
235000648,0,13,-13
235000649,222,21,201
235000685,0,3,-3
235000815,8,65,-57
235000834,0,14,-14
235000855,89,64,25
235000862,98,76,22
235000891,0,80,-80
235000892,47,0,47
235000901,177,716,-539
235000907,11,5,6
235001010,200,262,-62
235001029,212,256,-44
235001030,208,171,37
235001078,101,243,-142
235001079,160,58,102
235001147,13,83,-70
235001166,13,52,-39
235001167,167,71,96
235001169,50,231,-181
235001188,0,13,-13
235001189,13,5,8
235001197,3,16,-13
235001200,123,112,11
235001207,199,33,166
235001208,16,13,3
235001209,63,47,16
235001210,31,179,-148
235001215,65,85,-20
235001239,1,90,-89
235001244,0,25,-25
235016267,0,281,-281
241900007,88,0,88
277101746,0,1,-1
277102712,13,3,10
277103813,0,0,0
277103898,0,1,-1
277104249,0,2,-2
277104250,0,19,-19
277104251,0,1,-1
277104252,0,4,-4
990011530,0,601,-601
990014944,6,290,-284
990015176,96,0,96
990015618,0,204,-204
990016032,1,350,-349
990032570,1,1862,-1861
990070001,64,2,62
990070103,1,1,0
990070601,0,46,-46
990070751,3853,10,3843
990070766,1,150,-149
990071180,986,443,543
990071343,18,2,16
990071387,0,5,-5
990071823,727,1,726
990072600,5,832,-827
990072964,0,139,-139
990073285,0,0,0
990074393,3,607,-604
990074870,3117,29,3088
990075106,1579,168,1411
990075746,1266,57,1209
990076437,6491,26,6465
990076458,1,487,-486
997000007,632,11,621
997000041,4,489,-485
997000058,104,1,103
997000062,4,0,4
997000069,0,4,-4
997000070,1,26,-25
997000100,288,2,286
997000141,1,583,-582
997000198,0,284,-284
998000475,0,3,-3
998000736,0,346,-346
998000965,0,32,-32
998001031,0,116,-116
998001700,0,84,-84
998001899,0,1,-1
998001900,15,0,15
998003073,2085,136,1949
998101900,0,0,0
998102850,10,176,-166
998501927,636,1593,-957
998501929,296,7,289
998501930,101,1,100
998501931,457,6,451
998501932,37,0,37
998501933,139,5,134
998501937,12,0,12
998501944,3,0,3
998501950,0,0,0
998501970,515,131,384
998501971,1,410,-409
998501973,0,29,-29
998501974,0,132,-132
998501975,238,23,215
998501976,274,2,272
998501977,0,66,-66
998501978,27,0,27
998501979,0,2,-2
998501980,485,37,448
998501981,98,12,86
998501982,0,149,-149
998501983,0,0,0
998502006,0,0,0
998502024,0,30,-30
998502032,0,4,-4
998502062,12,1,11
998502063,0,0,0
998502173,14,2,12
998502269,0,8,-8
998601159,1,32,-31
998601292,1,58,-57
999033574,1,177,-176
999800001,148,90,58
999800002,0,0,0
999800003,10,4,6
999800004,0,3,-3
999800005,0,36,-36
