dong,insum,outsum,diff
강남구 개포1동,0,4,-4
강남구 개포2동,267,1139,-872
강남구 개포4동,2,88,-86
강남구 논현1동,1871,1276,595
강남구 논현2동,64,74,-10
강남구 대치1동,974,890,84
강남구 대치2동,1576,1306,270
강남구 대치4동,1385,1090,295
강남구 도곡1동,649,861,-212
강남구 도곡2동,335,329,6
강남구 삼성1동,994,824,170
강남구 삼성2동,956,1110,-154
강남구 세곡동,483,1310,-827
강남구 수서동,808,483,325
강남구 신사동,204,182,22
강남구 압구정동,380,401,-21
강남구 역삼1동,7759,4276,3483
강남구 역삼2동,957,1281,-324
강남구 일원1동,0,0,0
강남구 일원2동,1,1,0
강남구 일원본동,392,696,-304
강남구 청담동,901,1215,-314
강동구 강일동,704,1907,-1203
강동구 고덕제1동,54,233,-179
강동구 고덕제2동,207,530,-323
강동구 길동,480,525,-45
강동구 둔촌제1동,0,0,0
강동구 둔촌제2동,341,689,-348
강동구 명일제1동,658,940,-282
강동구 명일제2동,420,490,-70
강동구 상일동,1173,1070,103
강동구 성내제1동,156,455,-299
강동구 성내제2동,517,824,-307
강동구 성내제3동,502,876,-374
강동구 암사제1동,146,560,-414
강동구 암사제2동,0,0,0
강동구 암사제3동,0,0,0
강동구 천호제1동,172,311,-139
강동구 천호제2동,647,422,225
강동구 천호제3동,126,69,57
강북구 미아동,591,1497,-906
강북구 번1동,3117,5015,-1898
강북구 번2동,3,167,-164
강북구 번3동,48,289,-241
강북구 삼각산동,175,670,-495
강북구 삼양동,336,1348,-1012
강북구 송중동,3248,4473,-1225
강북구 송천동,913,1106,-193
강북구 수유1동,234,934,-700
강북구 수유2동,148,1072,-924
강북구 수유3동,1533,425,1108
강북구 우이동,172,748,-576
강북구 월곡제1동,0,0,0
강북구 인수동,83,605,-522
강서구 가양제1동,342,482,-140
강서구 가양제2동,12,29,-17
강서구 가양제3동,0,0,0
강서구 공항동,625,596,29
강서구 등촌제1동,379,1071,-692
강서구 등촌제2동,196,380,-184
강서구 등촌제3동,248,702,-454
강서구 발산제1동,1650,1131,519
강서구 방화제1동,621,904,-283
강서구 방화제2동,469,288,181
강서구 방화제3동,3,138,-135
강서구 염창동,0,0,0
강서구 우장산동,323,705,-382
강서구 화곡본동,31,29,2
강서구 화곡제1동,1045,2195,-1150
강서구 화곡제2동,0,0,0
강서구 화곡제3동,632,599,33
강서구 화곡제4동,86,231,-145
강서구 화곡제6동,698,392,306
강서구 화곡제8동,295,579,-284
관악구 낙성대동,648,451,197
관악구 난곡동,1,7,-6
관악구 난향동,2,7,-5
관악구 남현동,2578,1953,625
관악구 대학동,2,11,-9
관악구 미성동,52,61,-9
관악구 보라매동,125,274,-149
관악구 삼성동,0,2,-2
관악구 서림동,0,0,0
관악구 서원동,258,188,70
관악구 성현동,0,0,0
관악구 신림동,1196,1562,-366
관악구 신사동,264,486,-222
관악구 신원동,0,0,0
관악구 은천동,162,364,-202
관악구 인헌동,113,189,-76
관악구 조원동,318,604,-286
관악구 중앙동,730,515,215
관악구 청룡동,296,322,-26
관악구 청림동,0,0,0
관악구 행운동,399,762,-363
광진구 광장동,144,112,32
광진구 구의제1동,341,431,-90
광진구 구의제2동,263,622,-359
광진구 구의제3동,0,0,0
광진구 군자동,1008,1080,-72
광진구 능동,1315,1338,-23
광진구 자양제1동,175,149,26
광진구 자양제2동,44,192,-148
광진구 자양제3동,0,0,0
광진구 자양제4동,1426,1399,27
광진구 중곡제1동,657,829,-172
광진구 중곡제2동,182,830,-648
광진구 중곡제3동,193,441,-248
광진구 중곡제4동,0,0,0
광진구 화양동,2363,1528,835
구로구 가리봉동,76,239,-163
구로구 개봉제1동,437,595,-158
구로구 개봉제2동,378,339,39
구로구 개봉제3동,0,0,0
구로구 고척제1동,329,469,-140
구로구 고척제2동,108,474,-366
구로구 구로제1동,119,141,-22
구로구 구로제2동,124,369,-245
구로구 구로제3동,951,550,401
구로구 구로제4동,140,409,-269
구로구 구로제5동,199,427,-228
구로구 수궁동,215,484,-269
구로구 신도림동,1571,760,811
구로구 오류제1동,406,576,-170
구로구 오류제2동,0,0,0
구로구 항동,0,0,0
금천구 가산동,339,455,-116
금천구 독산제1동,171,738,-567
금천구 독산제2동,250,564,-314
금천구 독산제3동,428,537,-109
금천구 독산제4동,267,168,99
금천구 미성동,0,0,0
금천구 시흥제1동,400,1391,-991
금천구 시흥제2동,0,0,0
금천구 시흥제3동,29,322,-293
금천구 시흥제4동,0,0,0
금천구 시흥제5동,190,236,-46
노원구 공릉1동,1818,1563,255
노원구 공릉2동,13,14,-1
노원구 상계10동,782,843,-61
노원구 상계1동,344,1025,-681
노원구 상계2동,588,84,504
노원구 상계3.4동,11,290,-279
노원구 상계5동,38,36,2
노원구 상계6.7동,1175,1312,-137
노원구 상계8동,46,509,-463
노원구 상계9동,93,319,-226
노원구 월계1동,400,838,-438
노원구 월계2동,49,312,-263
노원구 월계3동,146,449,-303
노원구 중계1동,68,251,-183
노원구 중계2.3동,678,914,-236
노원구 중계4동,23,138,-115
노원구 중계본동,48,167,-119
노원구 하계1동,456,1171,-715
노원구 하계2동,624,943,-319
도봉구 도봉제1동,572,1431,-859
도봉구 도봉제2동,1374,3284,-1910
도봉구 방학제1동,1343,2890,-1547
도봉구 방학제2동,11,347,-336
도봉구 방학제3동,136,445,-309
도봉구 쌍문제1동,37,1021,-984
도봉구 쌍문제2동,388,265,123
도봉구 쌍문제3동,138,38,100
도봉구 쌍문제4동,10,225,-215
도봉구 창제1동,1001,1793,-792
도봉구 창제2동,195,1372,-1177
도봉구 창제3동,8,30,-22
도봉구 창제4동,2,0,2
도봉구 창제5동,609,2733,-2124
동대문구 답십리제1동,82,244,-162
동대문구 답십리제2동,159,310,-151
동대문구 면목제5동,0,0,0
동대문구 용신동,2585,3831,-1246
동대문구 이문제1동,361,1027,-666
동대문구 이문제2동,82,322,-240
동대문구 장안제1동,291,477,-186
동대문구 장안제2동,69,183,-114
동대문구 전농제1동,283,685,-402
동대문구 전농제2동,23,80,-57
동대문구 제기동,353,433,-80
동대문구 청량리동,1291,1776,-485
동대문구 회기동,398,822,-424
동대문구 휘경제1동,341,633,-292
동대문구 휘경제2동,847,2103,-1256
동작구 노량진제1동,425,569,-144
동작구 노량진제2동,271,368,-97
동작구 대방동,3,27,-24
동작구 사당제1동,1918,1136,782
동작구 사당제2동,992,1049,-57
동작구 사당제3동,0,0,0
동작구 사당제4동,0,0,0
동작구 사당제5동,0,0,0
동작구 상도제1동,0,0,0
동작구 상도제2동,172,284,-112
동작구 상도제3동,129,393,-264
동작구 상도제4동,0,0,0
동작구 신대방제1동,13,6,7
동작구 신대방제2동,189,359,-170
동작구 흑석동,288,315,-27
마포구 공덕동,355,430,-75
마포구 대흥동,311,296,15
마포구 도화동,34,12,22
마포구 망원제1동,5,48,-43
마포구 망원제2동,8,69,-61
마포구 상암동,321,915,-594
마포구 서강동,1,4,-3
마포구 서교동,5345,2620,2725
마포구 성산제1동,19,44,-25
마포구 성산제2동,127,584,-457
마포구 신수동,0,0,0
마포구 아현동,212,468,-256
마포구 연남동,36,37,-1
마포구 염리동,1,0,1
마포구 용강동,432,300,132
마포구 합정동,893,751,142
서대문구 남가좌제1동,321,638,-317
서대문구 남가좌제2동,8,35,-27
서대문구 북가좌제1동,179,519,-340
서대문구 북가좌제2동,114,407,-293
서대문구 북아현동,361,532,-171
서대문구 신촌동,3722,2519,1203
서대문구 연희동,535,1312,-777
서대문구 천연동,578,623,-45
서대문구 충현동,759,994,-235
서대문구 홍은제1동,218,509,-291
서대문구 홍은제2동,3,54,-51
서대문구 홍제제1동,411,318,93
서대문구 홍제제2동,725,1559,-834
서대문구 홍제제3동,1,3,-2
서초구 내곡동,165,739,-574
서초구 반포1동,1496,1799,-303
서초구 반포2동,190,59,131
서초구 반포3동,901,97,804
서초구 반포4동,883,474,409
서초구 반포본동,623,464,159
서초구 방배1동,20,54,-34
서초구 방배2동,170,230,-60
서초구 방배3동,635,601,34
서초구 방배4동,306,240,66
서초구 방배본동,94,165,-71
서초구 서초1동,725,311,414
서초구 서초2동,2236,2184,52
서초구 서초3동,669,709,-40
서초구 서초4동,3824,1424,2400
서초구 양재1동,1317,1831,-514
서초구 양재2동,326,927,-601
서초구 잠원동,668,1492,-824
성동구 금호1가동,0,2,-2
성동구 금호2.3가동,2,0,2
성동구 금호4가동,2,2,0
성동구 마장동,1,2,-1
성동구 사근동,124,72,52
성동구 성수1가제1동,0,0,0
성동구 성수1가제2동,207,369,-162
성동구 성수2가제1동,46,25,21
성동구 성수2가제3동,342,382,-40
성동구 송정동,0,0,0
성동구 옥수동,0,1,-1
성동구 왕십리도선동,29,34,-5
성동구 왕십리제2동,348,406,-58
성동구 용답동,580,484,96
성동구 응봉동,0,0,0
성동구 행당제1동,329,249,80
성동구 행당제2동,1,8,-7
성북구 길음제1동,1050,1352,-302
성북구 길음제2동,577,1576,-999
성북구 돈암제1동,862,1571,-709
성북구 돈암제2동,3,19,-16
성북구 동선동,3407,2804,603
성북구 보문동,347,741,-394
성북구 삼선동,2145,1569,576
성북구 석관동,418,1035,-617
성북구 성북동,174,169,5
성북구 안암동,7,9,-2
성북구 월곡제1동,234,329,-95
성북구 월곡제2동,74,148,-74
성북구 장위제1동,29,405,-376
성북구 장위제2동,127,349,-222
성북구 장위제3동,32,116,-84
성북구 정릉제1동,176,488,-312
성북구 정릉제2동,215,741,-526
성북구 정릉제3동,90,300,-210
성북구 정릉제4동,50,1291,-1241
성북구 종암동,228,429,-201
송파구 가락1동,52,213,-161
송파구 가락2동,15,149,-134
송파구 가락본동,1475,1889,-414
송파구 거여1동,0,17,-17
송파구 거여2동,0,48,-48
송파구 마천1동,0,0,0
송파구 마천2동,0,0,0
송파구 문정1동,42,288,-246
송파구 문정2동,4388,3995,393
송파구 방이1동,14,66,-52
송파구 방이2동,434,305,129
송파구 삼전동,91,94,-3
송파구 석촌동,1391,2855,-1464
송파구 송파1동,454,349,105
송파구 송파2동,113,100,13
송파구 오금동,13,93,-80
송파구 오륜동,169,198,-29
송파구 위례동,2293,2951,-658
송파구 잠실2동,362,234,128
송파구 잠실3동,1964,1634,330
송파구 잠실4동,6,16,-10
송파구 잠실6동,407,180,227
송파구 잠실7동,128,259,-131
송파구 잠실본동,1585,1256,329
송파구 장지동,302,385,-83
송파구 풍납1동,105,381,-276
송파구 풍납2동,48,314,-266
양천구 목1동,1041,456,585
양천구 목2동,889,926,-37
양천구 목3동,748,992,-244
양천구 목4동,366,427,-61
양천구 목5동,5,6,-1
양천구 신월1동,6,188,-182
양천구 신월2동,114,487,-373
양천구 신월3동,31,28,3
양천구 신월4동,195,532,-337
양천구 신월5동,97,275,-178
양천구 신월6동,7,27,-20
양천구 신월7동,207,704,-497
양천구 신정1동,10,21,-11
양천구 신정2동,0,0,0
양천구 신정3동,524,788,-264
양천구 신정4동,1412,1987,-575
양천구 신정6동,13,11,2
양천구 신정7동,14,42,-28
영등포구 당산제1동,295,192,103
영등포구 당산제2동,1373,1217,156
영등포구 대림제1동,84,95,-11
영등포구 대림제2동,141,325,-184
영등포구 대림제3동,207,246,-39
영등포구 도림동,3,7,-4
영등포구 문래동,378,465,-87
영등포구 신길제1동,0,1,-1
영등포구 신길제3동,54,123,-69
영등포구 신길제4동,7,44,-37
영등포구 신길제5동,50,74,-24
영등포구 신길제6동,0,0,0
영등포구 신길제7동,9,57,-48
영등포구 양평제1동,141,193,-52
영등포구 양평제2동,147,283,-136
영등포구 여의동,522,343,179
영등포구 영등포동,2445,1578,867
영등포구 영등포본동,435,168,267
용산구 남영동,1028,981,47
용산구 보광동,28,105,-77
용산구 서빙고동,30,65,-35
용산구 용문동,0,0,0
용산구 용산2가동,33,243,-210
용산구 원효로제1동,0,0,0
용산구 원효로제2동,0,0,0
용산구 이촌제1동,7,53,-46
용산구 이촌제2동,0,2,-2
용산구 이태원제1동,189,170,19
용산구 이태원제2동,81,338,-257
용산구 청파동,151,178,-27
용산구 필동,0,0,0
용산구 한강로동,1737,1219,518
용산구 한남동,1352,2206,-854
용산구 효창동,0,0,0
용산구 후암동,16,178,-162
은평구 갈현제1동,120,408,-288
은평구 갈현제2동,178,404,-226
은평구 구산동,3,70,-67
은평구 녹번동,855,1978,-1123
은평구 대조동,1083,2400,-1317
은평구 불광제1동,2747,2628,119
은평구 불광제2동,1269,2150,-881
은평구 수색동,627,703,-76
은평구 신사제1동,14,19,-5
은평구 신사제2동,23,52,-29
은평구 역촌동,5,15,-10
은평구 응암제1동,35,82,-47
은평구 응암제2동,70,101,-31
은평구 응암제3동,64,119,-55
은평구 증산동,665,549,116
은평구 진관동,1395,3062,-1667
종로구 가회동,0,0,0
종로구 교남동,288,432,-144
종로구 무악동,664,233,431
종로구 부암동,11,21,-10
종로구 사직동,2668,2331,337
종로구 삼청동,0,0,0
종로구 숭인제1동,0,0,0
종로구 숭인제2동,1726,1923,-197
종로구 이화동,1211,602,609
종로구 종로1.2.3.4가동,12795,6432,6363
종로구 종로5.6가동,2001,2165,-164
종로구 창신제1동,2742,1941,801
종로구 창신제2동,732,621,111
종로구 창신제3동,24,51,-27
종로구 청운효자동,0,0,0
종로구 충현동,103,84,19
종로구 평창동,27,46,-19
종로구 혜화동,1775,731,1044
중구 광희동,6027,2887,3140
중구 다산동,591,408,183
중구 동화동,13,20,-7
중구 명동,2160,1009,1151
중구 소공동,2754,1610,1144
중구 신당동,491,464,27
중구 신당제5동,303,312,-9
중구 약수동,60,228,-168
중구 을지로동,369,178,191
중구 장충동,291,266,25
중구 중림동,388,319,69
중구 청구동,25,16,9
중구 필동,493,239,254
중구 황학동,143,65,78
중구 회현동,5351,2571,2780
중랑구 망우본동,802,1382,-580
중랑구 망우제3동,76,692,-616
중랑구 면목본동,374,1124,-750
중랑구 면목제2동,509,1215,-706
중랑구 면목제3.8동,150,660,-510
중랑구 면목제4동,335,741,-406
중랑구 면목제5동,304,590,-286
중랑구 면목제7동,61,292,-231
중랑구 묵제1동,524,877,-353
중랑구 묵제2동,152,111,41
중랑구 상봉제1동,353,354,-1
중랑구 상봉제2동,1731,2312,-581
중랑구 신내1동,344,1978,-1634
중랑구 신내2동,259,570,-311
중랑구 중화제1동,542,718,-176
중랑구 중화제2동,466,532,-66
NA,41636,93382,-51746
