ID,insum,outsum,diff
100000001,790,1489,-699
100000002,6056,1436,4620
100000003,10101,4982,5119
100000004,2097,1620,477
100000005,2887,6636,-3749
100000006,1050,188,862
100000007,4876,901,3975
100000008,361,942,-581
100000009,943,865,78
100000010,100,105,-5
100000011,1300,121,1179
100000012,115,1047,-932
100000013,77,334,-257
100000014,618,392,226
100000015,2596,3503,-907
100000016,1627,2249,-622
100000017,1534,1467,67
100000018,2566,1025,1541
100000019,9785,3260,6525
100000020,3587,12947,-9360
100000021,9657,4408,5249
100000022,5088,2689,2399
100000023,11189,2506,8683
100000025,5560,1495,4065
100000028,4433,1624,2809
100000029,567,361,206
100000030,967,164,803
100000031,13230,14097,-867
100000032,5076,7507,-2431
100000033,2074,4790,-2716
100000034,1793,871,922
100000035,3675,1584,2091
100000036,4486,1645,2841
100000037,731,682,49
100000038,2755,1665,1090
100000039,2132,351,1781
100000040,593,292,301
100000041,1810,616,1194
100000042,1864,645,1219
100000043,1641,484,1157
100000044,452,924,-472
100000045,890,2182,-1292
100000046,1208,2023,-815
100000047,883,1381,-498
100000048,2084,1010,1074
100000049,3110,3752,-642
100000051,1029,1515,-486
100000053,116,13,103
100000054,504,66,438
100000055,1593,290,1303
100000056,712,868,-156
100000057,2912,1193,1719
100000058,1688,1776,-88
100000059,35,174,-139
100000060,507,871,-364
100000061,2804,934,1870
100000062,2652,875,1777
100000063,712,502,210
100000064,2315,637,1678
100000065,860,1634,-774
100000066,374,1337,-963
100000067,788,1404,-616
100000068,946,2482,-1536
100000069,551,2578,-2027
100000072,645,1632,-987
100000073,2624,2162,462
100000075,897,499,398
100000076,4830,4539,291
100000077,1337,330,1007
100000078,214,95,119
100000079,99,151,-52
100000080,62,50,12
100000081,184,99,85
100000102,10568,2379,8189
100000103,7802,1741,6061
100000104,8157,3467,4690
100000105,6171,1915,4256
100000106,5871,3603,2268
100000107,1866,1233,633
100000108,2394,1670,724
100000109,8981,2005,6976
100000116,2392,1501,891
100000117,144,65,79
100000118,3159,1566,1593
100000119,1333,1016,317
100000121,475,800,-325
100000122,4185,1657,2528
100000123,5747,9821,-4074
100000124,8504,15507,-7003
100000125,4789,1848,2941
100000126,2273,532,1741
100000127,4683,544,4139
100000128,2286,2951,-665
100000129,950,813,137
100000130,446,808,-362
100000131,4484,6832,-2348
100000132,2405,5064,-2659
100000133,9745,4845,4900
100000135,741,1220,-479
100000139,575,274,301
100000140,746,387,359
100000142,621,805,-184
100000143,2587,1272,1315
100000144,6194,1299,4895
100000147,1762,3930,-2168
100000150,103,678,-575
100000151,1431,1537,-106
100000153,1513,603,910
100000154,653,267,386
100000155,42,108,-66
100000156,330,169,161
100000157,59,94,-35
100000158,186,97,89
100000159,1436,856,580
100000165,2142,1184,958
100000169,1492,525,967
100000174,3264,713,2551
100000179,144,789,-645
100000180,7464,3108,4356
100000181,419,436,-17
100000188,167,662,-495
100000189,3362,571,2791
100000190,1160,724,436
100000191,1456,674,782
100000192,136,261,-125
100000193,269,208,61
100000330,2950,1419,1531
100000355,406,1259,-853
100000362,7922,5018,2904
100000363,4574,6542,-1968
100000364,834,190,644
100000365,5727,6648,-921
100000366,8398,3801,4597
100000367,6848,5580,1268
100000368,3772,2454,1318
100000369,2377,2870,-493
100000370,457,737,-280
100000376,202,233,-31
100000379,8532,2608,5924
100000380,13083,4640,8443
100000384,12442,7909,4533
100000385,10758,6840,3918
100000386,16378,10218,6160
100000387,14767,7906,6861
100000388,13135,12512,623
100000389,13606,10543,3063
100000390,13872,7364,6508
100000391,9424,11875,-2451
100000392,8054,4224,3830
100000393,4228,4874,-646
100000394,14544,8571,5973
100000395,8663,3110,5553
100000396,9730,3941,5789
100000397,6689,3930,2759
100000398,17038,11527,5511
100900002,49,74,-25
100900003,394,196,198
100900004,69,1322,-1253
100900005,245,35,210
100900006,20,268,-248
100900007,754,25,729
100900008,4,523,-519
100900009,116,105,11
100900010,230,209,21
100900011,114,505,-391
100900012,3,323,-320
100900013,1464,13,1451
100900014,4,29,-25
100900015,205,210,-5
100900016,0,63,-63
100900017,1377,142,1235
100900018,1,21,-20
100900019,49,341,-292
100900020,671,4,667
100900021,555,4,551
100900022,14,41,-27
100900023,0,84,-84
100900024,1621,12,1609
100900025,27,12,15
100900026,162,185,-23
100900027,862,4940,-4078
100900028,229,281,-52
100900029,105,34,71
100900030,24,41,-17
100900031,950,90,860
100900032,196,4,192
100900033,451,351,100
100900034,554,3,551
100900035,1305,4,1301
100900036,24,3,21
100900037,74,355,-281
100900038,392,28,364
100900039,543,884,-341
100900040,399,1193,-794
100900041,781,1175,-394
100900042,1159,425,734
100900043,0,28,-28
100900044,5360,866,4494
100900045,375,0,375
100900046,1932,12,1920
100900047,1209,313,896
100900048,220,93,127
100900049,97,301,-204
100900050,3,28,-25
100900051,119,94,25
100900052,455,55,400
100900053,401,27,374
100900054,22,141,-119
100900055,684,807,-123
100900056,245,399,-154
100900057,1039,1899,-860
100900058,643,81,562
100900059,173,9,164
100900060,170,12,158
100900061,511,476,35
100900062,7,87,-80
100900063,296,774,-478
100900064,1255,16,1239
100900065,365,149,216
100900066,102,184,-82
100900067,4,16,-12
100900068,194,190,4
100900069,2473,12,2461
100900070,320,7,313
100900071,909,546,363
100900072,2,64,-62
100900073,242,676,-434
100900074,2,12,-10
100900075,2988,631,2357
100900076,66,100,-34
100900077,28,176,-148
100900078,155,834,-679
100900079,7,45,-38
100900080,38,230,-192
100900081,92,391,-299
100900082,101,1005,-904
100900083,5,67,-62
100900085,8,162,-154
100900086,372,2629,-2257
100900088,98,1175,-1077
100900089,1,17,-16
100900090,276,729,-453
100900091,1,42,-41
100900092,504,500,4
100900093,264,787,-523
100900094,142,996,-854
100900095,1,17,-16
100900096,80,143,-63
100900097,0,11,-11
100900098,13,12,1
100900099,50,913,-863
100900100,21,507,-486
100900101,557,82,475
100900102,117,144,-27
100900103,12,29,-17
100900104,18,273,-255
100900105,39,386,-347
100900106,76,7,69
100900107,3364,1227,2137
100900108,5,39,-34
100900109,23,56,-33
100900110,2,54,-52
100900111,56,280,-224
100900112,6,23,-17
100900113,19,32,-13
100900114,10,32,-22
100900115,13,39,-26
100900116,1163,2121,-958
100900117,413,1157,-744
100900118,80,64,16
100900119,15,55,-40
100900120,6,17,-11
100900121,386,1251,-865
100900122,205,284,-79
100900123,116,252,-136
100900124,1,8,-7
100900125,39,142,-103
100900126,157,337,-180
100900127,4,9,-5
100900128,139,281,-142
100900129,0,192,-192
100900131,118,291,-173
100900133,117,89,28
100900134,6,4,2
100900135,2,291,-289
100900137,551,298,253
100900138,968,686,282
100900139,15,23,-8
100900140,12,1090,-1078
100900141,6,627,-621
100900142,5,22,-17
100900143,1683,524,1159
100900144,22,11,11
100900145,173,231,-58
100900146,3,53,-50
100900147,51,433,-382
100900148,35,1508,-1473
100900149,17,207,-190
100900150,4,34,-30
100900151,196,832,-636
100900152,249,26,223
100900153,12,312,-300
100900154,6,58,-52
100900155,3,15,-12
100900156,31,4,27
100900157,23,234,-211
100900159,9,55,-46
100900160,20,21,-1
100900161,158,8,150
100900162,31,309,-278
100900163,251,344,-93
100900164,58,88,-30
100900165,29,64,-35
100900166,77,7,70
100900167,34,126,-92
100900168,78,193,-115
100900169,219,1435,-1216
100900170,54,16,38
100900171,38,968,-930
100900172,0,20,-20
100900173,10,923,-913
100900174,583,59,524
100900176,2337,406,1931
100900177,1271,775,496
100900178,966,245,721
100900179,224,242,-18
100900180,1,2,-1
100900181,170,78,92
100900182,71,32,39
100900184,13,238,-225
100900186,1222,1370,-148
100900187,9,231,-222
100900188,36,33,3
100900189,2070,264,1806
100900191,2382,1732,650
100900192,447,377,70
100900195,268,259,9
100900197,253,352,-99
100900198,27,590,-563
100900199,14,22,-8
100900200,837,645,192
100900201,149,1430,-1281
100900202,38,0,38
100900203,0,99,-99
100900204,1351,1795,-444
100900205,288,653,-365
100900206,146,95,51
100900207,235,130,105
100900210,113,1229,-1116
100900211,779,325,454
100900213,116,67,49
100900214,1410,263,1147
100900215,24,87,-63
100900217,171,134,37
101000001,7059,2794,4265
101000002,6023,7850,-1827
101000003,1445,4309,-2864
101000004,15619,15827,-208
101000005,7031,9905,-2874
101000006,12202,16946,-4744
101000007,4951,5369,-418
101000008,9736,5516,4220
101000009,2669,2941,-272
101000010,1617,2298,-681
101000011,4096,1307,2789
101000012,3263,1000,2263
101000013,966,1935,-969
101000014,1213,1191,22
101000015,1850,1214,636
101000016,2188,872,1316
101000017,1774,975,799
101000018,11591,4378,7213
101000020,9760,1755,8005
101000021,4298,544,3754
101000022,992,95,897
101000023,3890,1303,2587
101000025,499,698,-199
101000026,598,41,557
101000027,5102,2434,2668
101000028,2558,279,2279
101000029,308,1353,-1045
101000030,2480,150,2330
101000031,1155,835,320
101000032,12653,4052,8601
101000033,6837,4678,2159
101000034,8687,2398,6289
101000035,2889,1101,1788
101000036,4457,870,3587
101000037,9757,2131,7626
101000039,7136,4506,2630
101000040,8525,5224,3301
101000041,21968,9395,12573
101000042,2365,1790,575
101000043,15184,9373,5811
101000045,2968,1090,1878
101000046,4677,1085,3592
101000047,3417,2632,785
101000048,2137,1361,776
101000049,1977,2057,-80
101000050,4621,4355,266
101000051,4139,3540,599
101000052,3123,1358,1765
101000053,2136,3123,-987
101000054,3152,2336,816
101000055,2662,3198,-536
101000056,122,155,-33
101000057,4766,1417,3349
101000058,4786,1710,3076
101000059,8036,2142,5894
101000060,3017,875,2142
101000061,1661,2004,-343
101000062,1655,1118,537
101000063,1068,1260,-192
101000064,2463,953,1510
101000065,634,572,62
101000066,754,492,262
101000067,1643,812,831
101000068,779,621,158
101000069,886,160,726
101000070,2391,1478,913
101000071,3644,1503,2141
101000072,2108,6466,-4358
101000073,1133,1076,57
101000074,8473,5569,2904
101000075,9507,4569,4938
101000077,2046,1712,334
101000078,1349,2905,-1556
101000079,659,568,91
101000080,805,438,367
101000081,1728,2310,-582
101000082,5093,3735,1358
101000083,3033,3288,-255
101000084,1972,1474,498
101000085,2415,1784,631
101000086,1633,1693,-60
101000087,1201,1905,-704
101000088,1325,1735,-410
101000089,1378,2496,-1118
101000090,3606,1879,1727
101000091,481,1961,-1480
101000092,974,1715,-741
101000093,2540,1392,1148
101000094,1014,2123,-1109
101000095,347,1277,-930
101000096,455,1050,-595
101000097,1717,579,1138
101000098,1409,1023,386
101000099,2337,2554,-217
101000100,1657,1406,251
101000101,916,614,302
101000102,3640,601,3039
101000103,1514,716,798
101000104,845,1101,-256
101000105,2646,507,2139
101000106,1826,676,1150
101000107,227,672,-445
101000108,2457,539,1918
101000109,312,144,168
101000110,61,1224,-1163
101000111,226,361,-135
101000113,454,1623,-1169
101000114,9072,4147,4925
101000115,297,225,72
101000116,318,559,-241
101000117,1609,468,1141
101000119,309,136,173
101000120,374,89,285
101000121,164,50,114
101000122,263,116,147
101000123,166,98,68
101000124,446,207,239
101000125,308,665,-357
101000128,2558,433,2125
101000130,432,460,-28
101000131,1002,1063,-61
101000132,710,3034,-2324
101000135,150,46,104
101000136,608,177,431
101000137,48,438,-390
101000141,4678,5415,-737
101000147,1368,711,657
101000148,2535,70,2465
101000149,197,151,46
101000150,138,1710,-1572
101000151,186,119,67
101000152,605,748,-143
101000153,955,742,213
101000154,333,2638,-2305
101000155,259,271,-12
101000156,52,433,-381
101000157,154,78,76
101000160,211,92,119
101000163,302,159,143
101000164,704,741,-37
101000165,300,599,-299
101000166,448,716,-268
101000168,1235,533,702
101000252,2199,1295,904
101000254,882,69,813
101000258,23,15,8
101000261,108,65,43
101000262,4405,1934,2471
101000263,815,1808,-993
101000265,164,926,-762
101000266,775,627,148
101000269,350,11,339
101000290,4118,6598,-2480
101000293,40,164,-124
101000294,966,648,318
101000295,221,968,-747
101000301,1648,638,1010
101000304,6962,4306,2656
101000305,5688,3284,2404
101000328,13,88,-75
101900001,32,86,-54
101900002,0,31,-31
101900003,226,160,66
101900004,20,60,-40
101900005,8830,2335,6495
101900006,1694,148,1546
101900007,1193,195,998
101900008,311,577,-266
101900009,185,1002,-817
101900010,1583,1009,574
101900011,644,2962,-2318
101900012,292,852,-560
101900013,2029,212,1817
101900017,54,260,-206
101900018,3442,504,2938
101900019,505,175,330
101900020,40,197,-157
101900021,0,77,-77
101900022,144,2208,-2064
101900023,160,338,-178
101900026,188,72,116
101900027,24,163,-139
102000001,10833,7066,3767
102000002,6684,2329,4355
102000003,5778,13069,-7291
102000004,12914,6211,6703
102000005,3299,4486,-1187
102000006,3716,4247,-531
102000007,2815,10824,-8009
102000008,9691,4031,5660
102000009,9263,12148,-2885
102000010,8894,8740,154
102000011,5908,4127,1781
102000012,7495,6902,593
102000018,6248,4677,1571
102000019,4848,3759,1089
102000026,585,2189,-1604
102000029,595,370,225
102000030,162,700,-538
102000031,62,341,-279
102000032,582,769,-187
102000033,324,723,-399
102000034,863,1147,-284
102000035,1910,1098,812
102000036,23,949,-926
102000037,297,148,149
102000038,740,344,396
102000039,940,168,772
102000040,1086,329,757
102000041,487,575,-88
102000042,565,400,165
102000043,911,454,457
102000044,2142,1107,1035
102000045,1537,2263,-726
102000046,2303,1164,1139
102000047,1081,2527,-1446
102000048,541,1639,-1098
102000049,2334,1326,1008
102000050,2589,2075,514
102000051,792,1208,-416
102000052,2550,1439,1111
102000053,2432,1603,829
102000054,650,1329,-679
102000055,1205,1508,-303
102000056,785,3401,-2616
102000057,1690,1204,486
102000058,1505,3338,-1833
102000059,2278,2598,-320
102000060,2161,1870,291
102000061,1945,3600,-1655
102000062,1962,2006,-44
102000063,1930,2754,-824
102000064,1013,1474,-461
102000065,63,260,-197
102000066,1369,3570,-2201
102000067,4248,6108,-1860
102000068,19732,5927,13805
102000069,90,2508,-2418
102000070,2470,112,2358
102000071,13881,15076,-1195
102000072,4784,9333,-4549
102000073,2136,1597,539
102000074,1123,1650,-527
102000075,364,618,-254
102000076,354,898,-544
102000077,603,1741,-1138
102000078,1006,1530,-524
102000079,139,384,-245
102000080,300,414,-114
102000081,520,1025,-505
102000082,1434,546,888
102000083,714,563,151
102000084,207,687,-480
102000085,3103,1968,1135
102000086,1621,2691,-1070
102000087,1670,2473,-803
102000088,412,459,-47
102000089,1696,741,955
102000090,705,1705,-1000
102000091,2900,814,2086
102000092,497,1514,-1017
102000093,702,920,-218
102000094,1486,933,553
102000095,1485,2301,-816
102000096,1186,1416,-230
102000097,1583,1988,-405
102000098,876,1547,-671
102000099,1881,1041,840
102000100,1171,1860,-689
102000101,2378,1154,1224
102000102,566,5849,-5283
102000103,2456,837,1619
102000104,1956,659,1297
102000105,443,1401,-958
102000106,980,1540,-560
102000107,1326,926,400
102000108,866,550,316
102000109,1076,1082,-6
102000110,937,2638,-1701
102000111,27,697,-670
102000112,242,164,78
102000113,9,52,-43
102000114,1790,632,1158
102000115,394,404,-10
102000116,1016,542,474
102000117,477,747,-270
102000118,3673,1505,2168
102000119,3902,997,2905
102000120,357,976,-619
102000121,1280,830,450
102000122,785,1366,-581
102000123,2183,1894,289
102000124,2350,1691,659
102000125,1092,1777,-685
102000126,940,1144,-204
102000127,1442,1247,195
102000128,825,1722,-897
102000129,1662,1335,327
102000130,715,1344,-629
102000131,3328,1322,2006
102000132,1366,1610,-244
102000133,1951,3688,-1737
102000134,919,1498,-579
102000135,1587,2461,-874
102000136,2048,1281,767
102000137,1612,1569,43
102000138,411,733,-322
102000139,234,758,-524
102000140,791,750,41
102000141,940,1169,-229
102000142,546,627,-81
102000143,213,735,-522
102000144,327,615,-288
102000145,471,711,-240
102000146,627,615,12
102000147,593,748,-155
102000148,341,852,-511
102000149,270,1096,-826
102000150,328,616,-288
102000151,222,549,-327
102000152,175,338,-163
102000153,1481,722,759
102000154,883,1113,-230
102000155,212,571,-359
102000156,1140,188,952
102000157,344,387,-43
102000158,1285,907,378
102000159,2689,757,1932
102000161,6712,3805,2907
102000162,342,224,118
102000163,229,833,-604
102000164,1887,1350,537
102000165,461,207,254
102000166,83,279,-196
102000167,370,278,92
102000168,338,169,169
102000169,182,1366,-1184
102000170,1243,269,974
102000171,363,177,186
102000172,434,673,-239
102000173,1317,444,873
102000174,67,108,-41
102000175,179,362,-183
102000176,62,92,-30
102000178,465,875,-410
102000179,817,362,455
102000180,975,985,-10
102000181,648,931,-283
102000182,615,948,-333
102000183,2031,3149,-1118
102000184,2043,1359,684
102000185,3134,2165,969
102000186,1357,3136,-1779
102000187,1007,2897,-1890
102000188,1228,2483,-1255
102000189,4815,1518,3297
102000190,940,4708,-3768
102000191,1925,909,1016
102000192,1442,1975,-533
102000193,70,276,-206
102000194,178,236,-58
102000195,1052,906,146
102000196,260,858,-598
102000197,707,819,-112
102000198,238,1442,-1204
102000199,1063,650,413
102000200,584,1893,-1309
102000201,867,860,7
102000202,3,224,-221
102000203,469,568,-99
102000204,512,1717,-1205
102000205,1662,1053,609
102000206,1385,1254,131
102000207,2214,764,1450
102000208,978,1012,-34
102000209,100,75,25
102000210,509,829,-320
102000211,834,693,141
102000212,279,24,255
102000213,3,569,-566
102000214,262,15,247
102000215,4,703,-699
102000216,59,100,-41
102000217,13,275,-262
102000218,240,238,2
102000219,616,504,112
102000225,968,1196,-228
102000226,9699,1569,8130
102000227,468,3,465
102000228,3,174,-171
102000229,66,70,-4
102000230,367,941,-574
102000231,483,826,-343
102000232,25,579,-554
102000233,748,1867,-1119
102000234,151,1549,-1398
102000236,486,160,326
102000237,1534,301,1233
102000238,293,716,-423
102000240,1090,742,348
102000241,381,205,176
102000243,10,176,-166
102000245,49,114,-65
102000246,28,62,-34
102000247,1130,1985,-855
102000248,968,1084,-116
102000249,163,270,-107
102000250,94,702,-608
102000254,101,666,-565
102000266,112,450,-338
102000271,107,0,107
102000286,746,675,71
102000297,3135,2134,1001
102000299,0,0,0
102000301,0,0,0
102000305,0,1,-1
102000307,0,6,-6
102000308,0,0,0
102900001,1586,1723,-137
102900002,370,74,296
102900003,58,385,-327
102900005,385,601,-216
102900006,610,438,172
102900007,418,29,389
102900008,240,190,50
102900009,644,430,214
102900010,1029,556,473
102900011,3232,788,2444
102900012,552,94,458
102900013,34,95,-61
102900015,1094,638,456
102900016,79,181,-102
102900017,183,975,-792
102900018,29,201,-172
102900019,969,1244,-275
102900020,148,62,86
102900021,35,151,-116
102900022,701,148,553
102900023,27,76,-49
102900024,46,70,-24
102900025,502,195,307
102900026,1437,2101,-664
102900027,77,124,-47
102900028,215,1161,-946
102900029,238,306,-68
102900030,712,522,190
102900031,164,219,-55
102900032,100,160,-60
102900033,133,377,-244
102900034,521,184,337
102900035,180,584,-404
102900036,314,897,-583
102900037,360,1119,-759
102900038,728,1366,-638
102900039,100,647,-547
102900040,191,415,-224
102900041,78,336,-258
102900042,257,643,-386
102900043,205,473,-268
102900044,1116,3125,-2009
102900045,148,1015,-867
102900046,115,526,-411
102900047,94,1026,-932
102900048,797,1058,-261
102900049,156,531,-375
102900050,483,631,-148
102900051,267,388,-121
102900052,92,45,47
102900053,555,1217,-662
102900054,1600,1576,24
102900055,203,219,-16
102900056,199,761,-562
102900057,8,54,-46
102900058,442,117,325
102900059,23,74,-51
102900060,176,712,-536
102900061,207,835,-628
102900062,253,1926,-1673
102900063,1352,722,630
102900064,211,893,-682
102900065,2725,537,2188
102900066,500,141,359
102900068,198,117,81
102900070,419,1068,-649
102900072,34,56,-22
102900073,223,7,216
102900075,35,63,-28
102900076,381,124,257
102900077,81,64,17
102900078,77,178,-101
102900079,368,22,346
102900080,449,42,407
102900081,108,422,-314
102900082,26,372,-346
102900083,497,11,486
102900084,11,36,-25
102900085,335,194,141
102900086,17,81,-64
102900087,165,163,2
102900088,87,53,34
102900089,481,251,230
102900090,1,756,-755
102900091,197,5,192
102900092,364,1617,-1253
102900093,410,455,-45
102900094,3,125,-122
102900095,337,3,334
102900096,80,25,55
102900097,1,167,-166
103000001,3467,4574,-1107
103000002,5059,4133,926
103000003,9306,4760,4546
103000004,1336,1182,154
103000005,3474,5688,-2214
103000006,1030,2540,-1510
103000007,633,1387,-754
103000008,2116,1612,504
103000009,2110,1965,145
103000010,193,189,4
103000011,2342,2087,255
103000012,1667,2276,-609
103000013,9856,3149,6707
103000014,2030,4940,-2910
103000015,4197,1241,2956
103000016,776,2563,-1787
103000017,240,678,-438
103000018,1827,672,1155
103000019,329,477,-148
103000020,4133,2464,1669
103000021,3403,2122,1281
103000022,1627,1842,-215
103000023,919,2994,-2075
103000024,155,298,-143
103000025,107,947,-840
103000026,2338,237,2101
103000027,480,1069,-589
103000028,1028,575,453
103000029,500,396,104
103000030,3294,1345,1949
103000031,2918,4041,-1123
103000032,2662,3012,-350
103000033,3999,4851,-852
103000034,2462,1629,833
103000035,658,2478,-1820
103000036,762,886,-124
103000037,949,754,195
103000038,801,1978,-1177
103000039,422,816,-394
103000040,679,2343,-1664
103000041,2211,4037,-1826
103000042,1395,1082,313
103000043,568,2237,-1669
103000044,180,363,-183
103000046,349,851,-502
103000047,965,987,-22
103000048,220,300,-80
103000049,149,294,-145
103000050,1317,1172,145
103000051,709,1036,-327
103000052,1169,744,425
103000053,277,955,-678
103000054,3362,1877,1485
103000055,2211,3342,-1131
103000056,728,2952,-2224
103000057,368,597,-229
103000058,792,1474,-682
103000059,502,1323,-821
103000060,1143,1278,-135
103000061,537,1619,-1082
103000062,1683,1105,578
103000063,1018,1210,-192
103000064,225,412,-187
103000065,3,541,-538
103000066,241,7,234
103000069,390,611,-221
103000070,1285,1731,-446
103000071,1476,526,950
103000072,124,1525,-1401
103000073,886,255,631
103000074,1090,171,919
103000075,134,1467,-1333
103000076,441,567,-126
103000077,99,620,-521
103000078,3181,990,2191
103000079,2423,959,1464
103000080,1838,654,1184
103000081,857,1475,-618
103000082,898,385,513
103000083,190,534,-344
103000084,231,3,228
103000085,2,146,-144
103000086,1605,736,869
103000087,359,940,-581
103000088,684,545,139
103000089,599,948,-349
103000090,2773,1107,1666
103000091,769,699,70
103000092,588,383,205
103000093,508,773,-265
103000094,221,176,45
103000095,109,708,-599
103000096,864,211,653
103000097,117,1062,-945
103000098,1313,298,1015
103000099,628,821,-193
103000100,183,1545,-1362
103000101,1350,269,1081
103000102,153,1002,-849
103000103,965,410,555
103000104,132,199,-67
103000105,174,247,-73
103000106,35,111,-76
103000107,488,122,366
103000108,874,889,-15
103000109,818,534,284
103000110,756,603,153
103000111,1383,723,660
103000112,830,320,510
103000113,1988,1191,797
103000114,3862,586,3276
103000115,553,874,-321
103000116,577,872,-295
103000117,348,831,-483
103000118,2902,1602,1300
103000119,3016,954,2062
103000120,213,150,63
103000121,626,1016,-390
103000122,836,523,313
103000125,24,584,-560
103000126,717,24,693
103000127,1,346,-345
103000128,209,4,205
103000129,3,176,-173
103000130,49,44,5
103000131,303,151,152
103000132,99,298,-199
103000133,19,185,-166
103000134,1004,1409,-405
103000135,1379,452,927
103000136,1408,674,734
103000137,1282,950,332
103000138,1454,1107,347
103000139,5,80,-75
103000140,316,34,282
103000141,66,216,-150
103000142,184,141,43
103000143,148,326,-178
103000144,241,144,97
103000145,107,84,23
103000150,131,118,13
103000152,727,399,328
103000153,618,260,358
103000156,20,656,-636
103000157,575,11,564
103000159,296,170,126
103000162,207,23,184
103000163,15,26,-11
103000164,62,35,27
103000165,373,633,-260
103000166,284,417,-133
103000167,681,136,545
103000168,128,200,-72
103000169,340,828,-488
103000170,735,867,-132
103000171,53,130,-77
103000172,476,539,-63
103000173,620,1377,-757
103000174,219,630,-411
103000175,263,634,-371
103000176,1661,812,849
103000177,1506,666,840
103000178,498,509,-11
103000179,241,37,204
103000183,164,39,125
103000185,106,174,-68
103000186,152,335,-183
103000187,584,1149,-565
103000188,19,77,-58
103000189,2599,1453,1146
103000191,945,1377,-432
103000292,4063,2315,1748
103000293,2031,2607,-576
103000295,161,146,15
103000296,590,10,580
103000297,222,81,141
103000504,460,132,328
103000505,23,35,-12
103000506,1,359,-358
103000507,217,2,215
103000508,94,68,26
103000509,341,893,-552
103900001,22,681,-659
103900002,3409,278,3131
103900003,3409,313,3096
103900004,121,1,120
103900005,3,449,-446
103900006,2,2,0
103900007,66,12,54
103900008,63,1,62
103900009,300,458,-158
103900010,180,447,-267
103900011,261,335,-74
103900012,15,47,-32
103900013,34,113,-79
103900014,44,56,-12
103900015,43,32,11
103900016,473,332,141
103900017,29,224,-195
103900018,990,380,610
103900019,98,445,-347
103900020,317,690,-373
103900021,1327,103,1224
103900022,1609,1028,581
103900023,130,2,128
103900024,232,1194,-962
103900025,22,71,-49
103900026,75,0,75
103900027,845,538,307
103900028,32,364,-332
103900029,1567,242,1325
103900030,803,73,730
103900031,31,0,31
103900032,90,70,20
103900033,563,18,545
103900034,43,448,-405
103900035,92,129,-37
103900036,128,51,77
103900037,189,56,133
103900038,125,264,-139
103900039,71,636,-565
103900040,28,363,-335
103900041,77,57,20
103900042,75,559,-484
103900043,188,255,-67
103900044,440,484,-44
103900045,365,292,73
103900047,103,32,71
103900048,84,34,50
103900049,290,2299,-2009
103900050,15,149,-134
103900051,1,47,-46
103900052,289,951,-662
103900053,287,1814,-1527
103900054,131,917,-786
103900055,668,312,356
103900056,60,77,-17
103900057,47,321,-274
103900058,241,1252,-1011
103900059,4,5,-1
103900060,63,372,-309
103900061,149,103,46
103900062,430,167,263
103900063,0,0,0
103900064,114,8,106
103900065,1006,689,317
103900066,199,22,177
103900067,221,6,215
103900068,4,0,4
103900069,195,19,176
103900070,230,525,-295
103900071,22,272,-250
103900072,11,411,-400
103900073,42,52,-10
103900074,68,150,-82
103900075,242,180,62
103900076,505,1233,-728
103900077,136,179,-43
103900078,262,214,48
103900079,140,380,-240
103900080,17,49,-32
103900081,159,29,130
103900082,14,195,-181
103900083,2723,1888,835
103900084,89,298,-209
103900085,112,175,-63
103900086,863,522,341
103900087,5,69,-64
103900088,562,521,41
103900089,50,319,-269
103900090,3,346,-343
103900091,1301,341,960
103900092,1746,716,1030
103900093,138,525,-387
103900094,17,200,-183
103900095,1370,234,1136
103900096,48,391,-343
103900097,22,888,-866
103900098,209,185,24
103900099,85,345,-260
103900100,278,636,-358
103900101,119,1636,-1517
103900102,0,49,-49
103900104,3,62,-59
103900105,162,340,-178
103900106,0,28,-28
103900107,133,416,-283
103900108,44,687,-643
103900109,135,147,-12
103900110,348,77,271
103900111,129,1444,-1315
103900112,47,72,-25
103900113,188,343,-155
103900114,900,567,333
103900115,333,432,-99
103900116,10514,3405,7109
103900117,241,193,48
103900119,44,64,-20
103900120,81,221,-140
103900122,91,487,-396
103900123,3092,901,2191
103900124,72,760,-688
103900125,118,132,-14
103900126,629,967,-338
103900127,178,1121,-943
103900128,124,280,-156
103900131,47,216,-169
103900133,1611,58,1553
103900134,0,3,-3
103900135,5,11,-6
103900137,0,62,-62
103900138,79,533,-454
103900139,360,2041,-1681
103900140,7,132,-125
103900141,365,136,229
103900142,314,496,-182
103900143,52,6,46
103900144,1,195,-194
103900145,240,564,-324
103900146,406,637,-231
103900147,570,211,359
103900148,256,362,-106
103900149,310,1253,-943
103900150,13800,5864,7936
103900151,75,277,-202
103900152,576,1003,-427
103900153,20,2,18
103900154,2332,3638,-1306
103900155,45,427,-382
103900156,21,362,-341
103900157,81,535,-454
103900158,106,411,-305
103900159,142,134,8
103900160,58,24,34
103900161,108,295,-187
103900162,78,441,-363
103900163,13,909,-896
103900167,27,167,-140
103900168,190,253,-63
103900169,77,72,5
103900170,0,145,-145
103900171,1,105,-104
103900172,10,85,-75
103900173,12,24,-12
103900174,178,112,66
103900175,106,84,22
103900176,15,33,-18
103900177,20,82,-62
103900178,61,162,-101
103900179,40,349,-309
103900180,36,386,-350
103900181,114,108,6
103900182,53,36,17
103900184,1016,132,884
103900185,626,360,266
103900187,154,94,60
103900188,63,27,36
103900189,125,18,107
103900190,205,103,102
103900191,50,96,-46
103900192,40,182,-142
103900193,267,327,-60
103900194,139,496,-357
103900195,3,54,-51
103900196,29,42,-13
103900197,26,50,-24
103900198,22,67,-45
103900199,227,96,131
103900200,148,238,-90
103900201,128,350,-222
103900202,13,94,-81
103900203,62,33,29
103900204,5,202,-197
103900207,5,288,-283
103900208,110,1,109
103900209,5,163,-158
103900210,122,22,100
103900211,697,1048,-351
103900212,119,674,-555
103900213,356,388,-32
103900214,955,219,736
103900215,986,385,601
103900216,15,650,-635
103900217,650,134,516
103900218,3,649,-646
103900219,262,723,-461
103900233,151,9,142
103900235,130,33,97
103900236,87,5,82
103900242,2,25,-23
103900243,22,41,-19
103900244,154,636,-482
103900245,196,334,-138
103900246,64,71,-7
103900247,125,196,-71
103900248,21,44,-23
103900249,53,86,-33
103900250,89,52,37
103900251,5,59,-54
103900253,82,107,-25
103900254,24,59,-35
103900255,106,33,73
103900256,140,51,89
103900257,320,423,-103
103900258,180,9,171
103900259,167,9,158
103900261,12,14,-2
103900262,63,19,44
103900263,112,227,-115
103900264,167,60,107
103900265,137,26,111
103900266,2,129,-127
103900267,11,73,-62
103900268,3,144,-141
103900269,175,55,120
103900270,83,250,-167
103900271,17,281,-264
103900272,57,183,-126
103900273,40,160,-120
103900274,77,27,50
103900275,65,24,41
103900276,5,448,-443
103900277,3,473,-470
103900278,1,15,-14
103900279,0,1,-1
104000001,3401,3807,-406
104000002,2815,5821,-3006
104000003,3566,4293,-727
104000004,4846,4938,-92
104000005,2244,3356,-1112
104000006,3791,5392,-1601
104000007,6597,6672,-75
104000008,582,681,-99
104000009,259,189,70
104000010,214,315,-101
104000011,1378,563,815
104000012,281,713,-432
104000013,225,248,-23
104000014,368,1216,-848
104000015,317,276,41
104000016,777,712,65
104000018,941,249,692
104000019,742,213,529
104000020,280,1015,-735
104000021,464,950,-486
104000022,209,384,-175
104000023,740,668,72
104000024,439,533,-94
104000026,92,531,-439
104000027,519,695,-176
104000028,489,496,-7
104000029,601,872,-271
104000030,338,375,-37
104000031,1326,561,765
104000032,343,561,-218
104000033,732,683,49
104000034,339,548,-209
104000035,1011,687,324
104000036,966,950,16
104000037,309,444,-135
104000038,455,519,-64
104000039,266,472,-206
104000040,846,693,153
104000041,742,608,134
104000042,330,676,-346
104000043,380,685,-305
104000044,303,1167,-864
104000045,1696,2091,-395
104000046,2350,2829,-479
104000047,1383,2147,-764
104000048,1723,2783,-1060
104000049,791,674,117
104000050,341,1379,-1038
104000051,179,945,-766
104000052,1889,2757,-868
104000053,1306,1087,219
104000054,867,842,25
104000055,7368,4351,3017
104000056,2351,439,1912
104000057,289,663,-374
104000058,1003,1345,-342
104000059,982,2251,-1269
104000060,1551,2034,-483
104000061,2280,2076,204
104000062,373,348,25
104000064,946,638,308
104000065,413,711,-298
104000069,2578,1659,919
104000070,149,759,-610
104000071,263,758,-495
104000072,821,537,284
104000075,93,562,-469
104000076,1032,188,844
104000082,4080,5072,-992
104000083,1152,415,737
104000084,187,804,-617
104000085,447,481,-34
104000086,285,667,-382
104000087,604,2766,-2162
104000090,1060,2615,-1555
104000092,1322,4697,-3375
104000094,1645,3199,-1554
104000095,2659,2438,221
104000096,1889,821,1068
104000097,2132,1833,299
104000098,2257,2117,140
104000100,2494,992,1502
104000101,1744,4895,-3151
104000106,345,904,-559
104000107,888,781,107
104000108,541,1062,-521
104000109,444,137,307
104000110,1224,1672,-448
104000111,8616,3920,4696
104000112,3633,929,2704
104000116,8,2141,-2133
104000117,181,1901,-1720
104000118,713,500,213
104000119,735,523,212
104000120,327,1882,-1555
104000121,241,1224,-983
104000122,697,1004,-307
104000123,1699,2029,-330
104000124,1649,4451,-2802
104000125,9122,5658,3464
104000126,516,752,-236
104000127,2282,5648,-3366
104000128,1366,704,662
104000129,824,61,763
104000130,14,506,-492
104000131,2501,758,1743
104000132,1554,951,603
104000133,1802,1699,103
104000134,1384,2917,-1533
104000135,564,2823,-2259
104000136,1048,5505,-4457
104000137,1933,606,1327
104000138,1780,845,935
104000139,12589,4743,7846
104000141,1505,2782,-1277
104000142,895,1327,-432
104000143,816,977,-161
104000144,132,367,-235
104000145,650,323,327
104000146,622,1082,-460
104000147,189,593,-404
104000148,409,249,160
104000149,260,549,-289
104000150,1576,845,731
104000151,610,824,-214
104000152,820,1082,-262
104000153,731,774,-43
104000154,1749,1177,572
104000155,562,660,-98
104000157,1599,2732,-1133
104000158,952,819,133
104000159,1252,692,560
104000160,2423,2746,-323
104000161,453,357,96
104000162,75,257,-182
104000165,2147,1761,386
104000167,819,1233,-414
104000168,1000,13,987
104000169,149,92,57
104000170,882,780,102
104000248,562,1582,-1020
104000251,113,489,-376
104000272,0,0,0
104000273,0,0,0
104000274,0,0,0
104000275,0,0,0
104000279,1074,725,349
104000290,171,549,-378
104000291,1036,2238,-1202
104000293,1389,1067,322
104000294,17,0,17
104000295,1021,1517,-496
104000296,623,1713,-1090
104000297,1521,2987,-1466
104000298,3205,1787,1418
104000299,1257,2938,-1681
104900001,198,786,-588
104900002,65,223,-158
104900003,86,600,-514
104900004,101,564,-463
104900005,355,403,-48
104900006,384,167,217
104900007,386,405,-19
104900009,193,723,-530
104900010,64,71,-7
104900011,15,4,11
104900012,318,26,292
104900013,237,26,211
104900014,5942,610,5332
104900015,194,7,187
104900016,270,536,-266
104900017,194,334,-140
104900018,18,335,-317
104900019,696,3540,-2844
104900020,89,522,-433
104900021,2,362,-360
104900022,24,167,-143
104900023,5,173,-168
104900024,30,167,-137
104900025,151,765,-614
104900026,2,245,-243
104900027,657,488,169
104900028,38,146,-108
104900029,52,185,-133
104900030,817,401,416
104900031,181,363,-182
104900032,49,361,-312
104900033,237,362,-125
104900034,488,210,278
104900035,302,244,58
104900036,196,127,69
104900037,165,638,-473
104900038,1069,1087,-18
104900039,1224,241,983
104900040,378,149,229
104900041,298,268,30
104900042,223,681,-458
104900043,5,85,-80
104900044,491,327,164
104900045,501,106,395
104900046,183,268,-85
104900047,321,194,127
104900048,399,159,240
104900049,27,12,15
104900050,237,175,62
104900051,353,68,285
104900052,43,0,43
104900053,600,113,487
104900054,184,135,49
104900055,61,1,60
104900056,259,13,246
104900057,45,1,44
104900058,1958,430,1528
104900059,55,45,10
104900060,2,625,-623
104900061,464,932,-468
104900063,1,192,-191
104900064,1,154,-153
104900065,2,277,-275
104900066,4,388,-384
104900067,8,482,-474
104900068,16,400,-384
104900070,237,396,-159
104900071,6,1254,-1248
104900072,67,368,-301
104900073,64,564,-500
104900074,117,409,-292
104900075,85,141,-56
104900076,138,653,-515
104900077,2558,302,2256
104900078,259,980,-721
104900079,261,681,-420
104900080,124,822,-698
104900082,7,612,-605
104900085,9,388,-379
104900087,556,8,548
104900089,150,0,150
104900090,997,875,122
104900091,698,1482,-784
104900093,372,1002,-630
104900097,5376,2749,2627
104900098,111,87,24
104900099,532,1045,-513
104900100,1608,530,1078
104900102,41,517,-476
104900103,723,243,480
104900104,6174,2740,3434
104900106,97,216,-119
104900107,161,509,-348
104900108,67,562,-495
104900109,170,747,-577
104900110,29,88,-59
104900111,209,264,-55
104900112,308,1569,-1261
104900113,877,720,157
104900114,444,1109,-665
104900115,777,925,-148
104900116,408,437,-29
104900118,35,130,-95
104900119,0,58,-58
104900120,120,140,-20
104900121,5,154,-149
104900122,8,173,-165
104900123,46,5,41
104900124,33,0,33
104900125,628,6,622
104900126,119,137,-18
104900127,55,59,-4
104900128,108,192,-84
104900129,4949,3049,1900
105000001,3735,2765,970
105000002,4432,3055,1377
105000003,6903,5960,943
105000004,892,2620,-1728
105000005,985,2172,-1187
105000006,2243,3053,-810
105000007,2321,2410,-89
105000008,3540,4316,-776
105000009,2681,4872,-2191
105000010,5771,5267,504
105000011,3459,4098,-639
105000012,6760,5352,1408
105000013,1406,1893,-487
105000014,2468,3824,-1356
105000015,12461,15113,-2652
105000016,6701,3817,2884
105000017,3800,1687,2113
105000018,2885,2341,544
105000019,3435,1679,1756
105000020,614,691,-77
105000021,787,289,498
105000022,408,110,298
105000023,638,368,270
105000028,115,241,-126
105000029,641,1994,-1353
105000030,6831,6526,305
105000033,1919,3873,-1954
105000034,444,1164,-720
105000037,979,791,188
105000038,3094,2918,176
105000039,4259,3405,854
105000040,1488,1829,-341
105000041,954,2755,-1801
105000042,5859,2292,3567
105000043,3235,3936,-701
105000044,528,660,-132
105000045,525,1564,-1039
105000046,1166,604,562
105000047,600,2470,-1870
105000048,1020,436,584
105000049,449,1480,-1031
105000050,854,682,172
105000051,414,1251,-837
105000052,790,1627,-837
105000053,225,421,-196
105000054,629,1696,-1067
105000055,1633,734,899
105000056,1713,4723,-3010
105000057,1803,1538,265
105000058,2747,2616,131
105000059,954,1067,-113
105000060,1108,1268,-160
105000061,893,1075,-182
105000062,1586,1902,-316
105000063,559,1155,-596
105000064,1879,1198,681
105000065,736,1525,-789
105000066,2101,3188,-1087
105000067,2072,1059,1013
105000068,1521,1653,-132
105000069,6929,2143,4786
105000070,1601,1243,358
105000071,1101,1206,-105
105000072,1767,3323,-1556
105000073,1601,1122,479
105000074,2125,1453,672
105000075,1586,1330,256
105000076,2889,1719,1170
105000077,4076,1450,2626
105000078,3000,2034,966
105000079,3499,2562,937
105000080,3874,1790,2084
105000081,3535,1207,2328
105000082,2229,1145,1084
105000083,3664,1688,1976
105000084,1435,1716,-281
105000085,2430,1899,531
105000086,827,1720,-893
105000087,4814,3300,1514
105000088,2528,2834,-306
105000089,5514,3953,1561
105000090,1530,1345,185
105000091,2485,2834,-349
105000092,1523,1924,-401
105000093,841,449,392
105000094,461,444,17
105000095,162,843,-681
105000096,2113,1201,912
105000097,2062,1154,908
105000098,2755,1015,1740
105000099,2995,1455,1540
105000100,1780,2260,-480
105000101,3153,4436,-1283
105000102,4731,2955,1776
105000103,3524,5129,-1605
105000104,3290,1968,1322
105000105,1668,3965,-2297
105000106,2062,3073,-1011
105000107,1627,1985,-358
105000108,1647,3379,-1732
105000109,1922,3130,-1208
105000110,810,1907,-1097
105000111,1013,1303,-290
105000112,1929,1895,34
105000113,618,1190,-572
105000114,7975,2161,5814
105000115,622,1503,-881
105000116,1062,913,149
105000117,1517,2286,-769
105000118,667,675,-8
105000119,906,2380,-1474
105000120,1271,1045,226
105000121,1410,2528,-1118
105000122,516,936,-420
105000123,2175,2635,-460
105000124,2500,1531,969
105000125,1423,3688,-2265
105000126,3353,3953,-600
105000127,3577,3587,-10
105000128,1217,2499,-1282
105000129,1742,650,1092
105000130,389,2953,-2564
105000131,1140,1027,113
105000132,1150,949,201
105000133,748,2229,-1481
105000134,1124,1028,96
105000135,760,1292,-532
105000136,177,695,-518
105000137,433,404,29
105000138,305,679,-374
105000139,1521,1748,-227
105000140,329,851,-522
105000141,348,1235,-887
105000142,198,820,-622
105000143,407,1419,-1012
105000144,604,1407,-803
105000145,1005,744,261
105000146,895,1467,-572
105000147,802,787,15
105000148,1740,1171,569
105000149,3219,3553,-334
105000150,3251,2781,470
105000151,714,585,129
105000152,359,1172,-813
105000153,1091,1039,52
105000154,1556,1734,-178
105000155,511,1322,-811
105000156,1629,1648,-19
105000157,1541,4059,-2518
105000158,3272,1323,1949
105000159,415,2351,-1936
105000160,2788,1100,1688
105000161,1268,2866,-1598
105000162,1327,2700,-1373
105000163,3560,1883,1677
105000164,272,489,-217
105000165,4223,8683,-4460
105000166,13368,906,12462
105000167,6465,2570,3895
105000168,493,1608,-1115
105000169,655,764,-109
105000170,273,2897,-2624
105000171,1782,712,1070
105000172,264,91,173
105000173,169,52,117
105000174,71,71,0
105000175,80,199,-119
105000176,379,170,209
105000177,448,272,176
105000178,162,1524,-1362
105000179,421,231,190
105000180,197,206,-9
105000181,122,875,-753
105000182,71,94,-23
105000183,5360,3495,1865
105000184,1543,1858,-315
105000185,2579,1373,1206
105000186,618,1536,-918
105000187,1172,401,771
105000188,803,250,553
105000189,546,888,-342
105000190,563,764,-201
105000191,527,477,50
105000192,639,136,503
105000193,273,242,31
105000194,246,115,131
105000195,522,1862,-1340
105000196,30,225,-195
105000197,380,1272,-892
105000198,908,606,302
105000199,657,883,-226
105000200,301,357,-56
105000201,284,43,241
105000203,22,505,-483
105000204,96,178,-82
105000205,144,380,-236
105000207,1051,309,742
105000208,500,892,-392
105000209,351,416,-65
105000212,1783,2829,-1046
105000213,284,298,-14
105000214,129,499,-370
105000215,414,492,-78
105000216,173,543,-370
105000217,273,499,-226
105000218,1308,1785,-477
105000221,339,529,-190
105000222,561,57,504
105000223,371,378,-7
105000226,113,681,-568
105000227,75,426,-351
105000228,562,1861,-1299
105000229,235,482,-247
105000231,377,529,-152
105000233,910,1107,-197
105000234,960,2318,-1358
105000235,609,895,-286
105000237,1236,112,1124
105000243,38,556,-518
105000248,303,101,202
105000262,396,3095,-2699
105000269,126,294,-168
105000270,585,121,464
105000271,3,448,-445
105000282,371,82,289
105000287,417,352,65
105000288,628,1013,-385
105000289,4450,2125,2325
105000290,15,3,12
105000402,7958,4655,3303
105000426,1177,735,442
105000438,3572,1191,2381
105000446,26368,9095,17273
105000447,13355,5710,7645
105000454,487,1497,-1010
105000455,374,366,8
105000474,35,5,30
105000477,509,818,-309
105000478,2667,4721,-2054
105000479,447,243,204
105000480,5546,4206,1340
105000481,4919,3988,931
105000482,9633,5925,3708
105000483,2280,2439,-159
105000484,4888,4585,303
105000485,2685,2778,-93
105000486,8379,4290,4089
105000488,8638,6948,1690
105000489,1421,1504,-83
105000549,111,281,-170
105000550,1016,2227,-1211
105000551,48,175,-127
105000552,6875,3541,3334
105000555,436,615,-179
105900001,16,2690,-2674
105900002,2808,765,2043
105900003,13,176,-163
105900004,728,185,543
105900005,24,449,-425
105900006,13,146,-133
105900007,277,37,240
105900008,81,1108,-1027
105900009,47,34,13
105900011,528,83,445
105900012,879,271,608
105900013,20,41,-21
105900014,6,107,-101
105900015,426,756,-330
105900016,614,1083,-469
105900017,1531,91,1440
105900018,320,571,-251
105900019,92,790,-698
105900020,56,98,-42
105900021,68,912,-844
105900022,341,611,-270
105900023,7,236,-229
105900024,15,311,-296
105900025,175,81,94
105900026,565,103,462
105900027,13487,11227,2260
105900028,525,229,296
105900029,3711,654,3057
105900030,458,489,-31
105900031,772,302,470
105900032,102,238,-136
105900033,213,241,-28
105900034,325,431,-106
105900035,308,346,-38
105900036,64,343,-279
105900037,128,116,12
105900038,262,617,-355
105900039,103,307,-204
105900040,131,142,-11
105900041,254,848,-594
105900042,134,210,-76
105900043,4228,217,4011
105900044,15,411,-396
105900045,4,1358,-1354
105900046,74,397,-323
105900047,19,65,-46
105900048,119,926,-807
105900050,7035,4220,2815
105900051,17,2393,-2376
105900052,753,301,452
105900053,7052,4212,2840
105900054,468,653,-185
105900056,1543,553,990
105900057,52,284,-232
105900058,15,112,-97
105900059,0,49,-49
106000001,6275,3639,2636
106000002,4312,8083,-3771
106000003,5100,5767,-667
106000004,3533,5137,-1604
106000005,3678,9273,-5595
106000006,9417,8519,898
106000007,560,866,-306
106000008,487,513,-26
106000009,647,571,76
106000010,826,809,17
106000011,1188,1591,-403
106000012,1257,2414,-1157
106000013,2321,2764,-443
106000014,3201,2985,216
106000015,1831,1824,7
106000016,1693,4036,-2343
106000017,924,1081,-157
106000018,974,929,45
106000019,470,693,-223
106000020,374,687,-313
106000021,382,693,-311
106000022,502,419,83
106000023,971,622,349
106000024,1275,1286,-11
106000025,146,373,-227
106000026,140,478,-338
106000027,1185,2151,-966
106000028,851,1070,-219
106000029,1170,1844,-674
106000030,1278,597,681
106000034,273,1079,-806
106000035,1248,2369,-1121
106000036,477,644,-167
106000037,2989,2584,405
106000038,724,159,565
106000039,396,115,281
106000040,354,1190,-836
106000041,1513,664,849
106000043,988,207,781
106000046,537,63,474
106000047,78,561,-483
106000049,1073,303,770
106000050,546,1612,-1066
106000051,1082,636,446
106000052,146,1102,-956
106000053,299,202,97
106000054,489,731,-242
106000055,1223,1990,-767
106000056,360,677,-317
106000057,279,487,-208
106000058,195,377,-182
106000059,404,423,-19
106000060,759,927,-168
106000061,211,805,-594
106000062,168,902,-734
106000063,740,949,-209
106000064,54,628,-574
106000065,546,466,80
106000066,185,605,-420
106000067,543,169,374
106000068,97,1058,-961
106000069,276,166,110
106000070,583,1297,-714
106000071,1301,526,775
106000072,8209,2752,5457
106000073,3116,4603,-1487
106000074,756,1262,-506
106000075,516,2122,-1606
106000076,2155,3043,-888
106000077,5934,2047,3887
106000078,1329,1534,-205
106000079,846,1713,-867
106000080,1551,1214,337
106000081,791,1689,-898
106000082,3411,1422,1989
106000083,461,2328,-1867
106000084,1645,1111,534
106000085,2407,2298,109
106000086,873,1300,-427
106000087,1266,893,373
106000088,448,1171,-723
106000089,1343,640,703
106000090,380,961,-581
106000091,381,1424,-1043
106000092,1037,382,655
106000093,354,194,160
106000094,150,555,-405
106000095,764,1937,-1173
106000096,1305,1110,195
106000097,1147,2065,-918
106000098,887,1677,-790
106000099,315,1534,-1219
106000100,1816,416,1400
106000101,1777,518,1259
106000102,369,1103,-734
106000103,357,1123,-766
106000104,1065,646,419
106000105,622,1341,-719
106000106,660,687,-27
106000107,163,681,-518
106000108,268,486,-218
106000109,116,590,-474
106000110,235,397,-162
106000111,162,927,-765
106000112,195,739,-544
106000113,1889,1043,846
106000114,720,709,11
106000115,426,899,-473
106000116,270,389,-119
106000117,1302,1386,-84
106000118,1539,1989,-450
106000119,3078,2107,971
106000120,1203,1664,-461
106000121,233,295,-62
106000122,213,511,-298
106000123,320,388,-68
106000124,62,495,-433
106000125,57,528,-471
106000126,243,289,-46
106000127,1293,1568,-275
106000128,925,484,441
106000129,682,1063,-381
106000130,1003,680,323
106000131,193,1564,-1371
106000132,1242,277,965
106000133,6140,2048,4092
106000134,1189,2793,-1604
106000135,302,1487,-1185
106000136,809,1169,-360
106000137,117,2303,-2186
106000138,1469,135,1334
106000139,45,236,-191
106000140,35,161,-126
106000141,124,158,-34
106000142,95,191,-96
106000143,62,123,-61
106000144,21,173,-152
106000145,323,534,-211
106000146,301,359,-58
106000147,685,956,-271
106000148,958,1443,-485
106000149,687,712,-25
106000150,973,3582,-2609
106000151,8047,1273,6774
106000152,2315,3540,-1225
106000153,142,2626,-2484
106000154,2427,506,1921
106000155,101,405,-304
106000156,1082,646,436
106000157,1103,3592,-2489
106000158,5151,1365,3786
106000159,7514,3036,4478
106000160,465,4688,-4223
106000161,2108,752,1356
106000162,260,1496,-1236
106000163,435,884,-449
106000164,417,617,-200
106000165,307,1222,-915
106000166,1707,536,1171
106000167,687,2206,-1519
106000168,539,462,77
106000169,272,1189,-917
106000170,1032,382,650
106000171,214,1863,-1649
106000172,4909,1799,3110
106000173,1871,4745,-2874
106000174,1554,574,980
106000175,480,1766,-1286
106000176,2128,1356,772
106000177,1188,4138,-2950
106000178,4495,2885,1610
106000179,1727,3770,-2043
106000180,1380,2810,-1430
106000181,956,3040,-2084
106000182,1330,1430,-100
106000183,1327,1687,-360
106000184,1953,1771,182
106000185,1214,1725,-511
106000186,1498,261,1237
106000187,355,1647,-1292
106000188,0,0,0
106000189,6,100,-94
106000190,10,4,6
106000191,906,306,600
106000192,0,49,-49
106000193,492,301,191
106000194,239,720,-481
106000195,1006,279,727
106000196,232,778,-546
106000197,649,590,59
106000198,237,477,-240
106000199,1544,1335,209
106000200,881,299,582
106000201,881,3724,-2843
106000202,12148,1209,10939
106000203,196,325,-129
106000204,112,10,102
106000205,37,220,-183
106000206,140,41,99
106000207,70,1450,-1380
106000208,1464,218,1246
106000209,1757,564,1193
106000210,370,2111,-1741
106000211,629,2210,-1581
106000212,1133,474,659
106000213,1328,2410,-1082
106000214,4529,950,3579
106000215,444,891,-447
106000216,495,603,-108
106000217,498,764,-266
106000218,516,675,-159
106000219,221,462,-241
106000220,587,462,125
106000221,160,408,-248
106000222,61,251,-190
106000223,164,211,-47
106000224,292,415,-123
106000225,145,109,36
106000226,227,509,-282
106000228,56,222,-166
106000229,119,1133,-1014
106000231,1015,285,730
106000232,111,567,-456
106000233,774,262,512
106000234,128,319,-191
106000235,739,201,538
106000236,304,95,209
106000237,1,5,-4
106000238,48,22,26
106000239,0,163,-163
106000240,104,6,98
106000241,13,1142,-1129
106000242,391,51,340
106000249,87,132,-45
106000250,115,735,-620
106000251,88,55,33
106000252,48,179,-131
106000253,48,99,-51
106000254,49,96,-47
106000255,32,218,-186
106000256,99,137,-38
106000257,315,468,-153
106000258,385,45,340
106000259,7,58,-51
106000260,43,13,30
106000261,7,69,-62
106000262,117,37,80
106000263,13,89,-76
106000264,255,22,233
106000265,8,213,-205
106000266,186,24,162
106000267,12,138,-126
106000268,840,51,789
106000269,81,89,-8
106000270,307,892,-585
106000271,105,332,-227
106000272,206,104,102
106000273,15,355,-340
106000274,323,81,242
106000275,294,363,-69
106000276,232,84,148
106000277,185,282,-97
106000278,274,64,210
106000279,16,114,-98
106000280,87,270,-183
106000281,77,172,-95
106000282,112,116,-4
106000283,158,208,-50
106000284,71,196,-125
106000285,150,264,-114
106000286,95,257,-162
106000287,140,202,-62
106000288,121,255,-134
106000289,94,147,-53
106000290,110,183,-73
106000291,116,167,-51
106000292,123,216,-93
106000293,186,150,36
106000294,173,237,-64
106000295,58,100,-42
106000296,93,172,-79
106000297,94,428,-334
106000298,287,106,181
106000299,112,259,-147
106000300,119,165,-46
106000301,113,196,-83
106000303,35,131,-96
106000304,70,89,-19
106000305,41,94,-53
106000306,81,171,-90
106000307,73,41,32
106000308,32,291,-259
106000309,31,136,-105
106000310,397,925,-528
106000311,419,270,149
106000312,131,338,-207
106000313,181,389,-208
106000318,292,534,-242
106000319,1359,282,1077
106000320,3,66,-63
106000321,693,110,583
106000322,126,257,-131
106000324,9,239,-230
106000325,1878,1406,472
106000326,1419,3154,-1735
106000327,153,225,-72
106000328,33,167,-134
106000329,224,560,-336
106000330,67,113,-46
106000428,71,277,-206
106000429,181,880,-699
106000430,597,2375,-1778
106000431,2658,662,1996
106000432,2655,4821,-2166
106000433,2615,1724,891
106000434,5396,2104,3292
106000435,3448,4570,-1122
106000436,44,576,-532
106000437,430,53,377
106000438,709,287,422
106000439,74,962,-888
106000440,312,833,-521
106000441,0,1,-1
106000442,260,7,253
106000443,164,730,-566
106000450,5,347,-342
106000451,38,47,-9
106000454,4,202,-198
106000455,15,247,-232
106000456,190,30,160
106000457,19,1647,-1628
106000458,648,339,309
106000459,180,655,-475
106000460,1269,77,1192
106000461,79,2796,-2717
106000462,3,33,-30
106000463,6,40,-34
106000464,6,804,-798
106000465,627,9,618
106000466,2,1205,-1203
106000467,769,1095,-326
106000468,51,404,-353
106000469,456,3,453
106000470,348,2542,-2194
106000471,51,1145,-1094
106000472,251,32,219
106000473,37,43,-6
106000474,434,1215,-781
106000475,323,263,60
106000476,210,216,-6
106000477,36,99,-63
106000480,0,126,-126
106900001,0,34,-34
106900002,8,885,-877
106900003,433,2138,-1705
106900004,2,140,-138
106900006,1,29,-28
106900007,0,41,-41
106900008,266,529,-263
106900009,449,649,-200
106900010,300,571,-271
106900012,4001,3374,627
106900013,942,137,805
106900014,38,0,38
106900015,18,0,18
106900016,306,5,301
106900017,13,0,13
106900018,1,1,0
106900019,29,2,27
106900020,5394,2068,3326
106900021,114,125,-11
106900022,608,0,608
106900023,48,360,-312
106900024,982,45,937
106900025,80,1130,-1050
106900026,10,1220,-1210
106900027,761,6,755
107000001,5687,3916,1771
107000002,7309,8442,-1133
107000003,6814,8251,-1437
107000004,8881,9765,-884
107000005,4353,8094,-3741
107000006,6345,11087,-4742
107000007,7035,16834,-9799
107000008,22931,17902,5029
107000009,7964,9942,-1978
107000010,16888,19136,-2248
107000011,1655,2270,-615
107000012,7220,6440,780
107000013,60,201,-141
107000014,53,404,-351
107000015,633,1317,-684
107000016,916,1798,-882
107000017,11692,2935,8757
107000018,83,1945,-1862
107000020,6006,1683,4323
107000021,2490,1141,1349
107000022,3011,2680,331
107000023,2823,699,2124
107000024,976,2727,-1751
107000025,342,856,-514
107000026,360,1110,-750
107000027,1584,2249,-665
107000028,1802,2776,-974
107000029,4321,4344,-23
107000030,4617,5693,-1076
107000031,4586,4215,371
107000032,605,1525,-920
107000033,6646,12007,-5361
107000034,9896,3852,6044
107000035,676,474,202
107000036,957,2803,-1846
107000037,130,1397,-1267
107000038,490,419,71
107000039,1453,1313,140
107000040,241,547,-306
107000041,2638,1162,1476
107000042,1150,2684,-1534
107000043,5246,1546,3700
107000044,1173,464,709
107000045,237,435,-198
107000046,1207,762,445
107000047,664,1272,-608
107000048,870,481,389
107000049,790,1293,-503
107000050,1352,815,537
107000051,859,655,204
107000052,1871,1397,474
107000053,594,399,195
107000054,59,488,-429
107000055,180,174,6
107000056,564,1239,-675
107000057,2441,417,2024
107000058,3219,3509,-290
107000059,3679,6092,-2413
107000060,5917,8780,-2863
107000061,9880,6518,3362
107000062,5039,4601,438
107000063,5774,9391,-3617
107000064,5811,3954,1857
107000065,6667,9295,-2628
107000066,3349,4592,-1243
107000067,1583,1756,-173
107000068,2818,1055,1763
107000069,1380,876,504
107000070,825,4,821
107000071,3084,75,3009
107000072,81,5694,-5613
107000073,671,391,280
107000074,199,1667,-1468
107000075,1872,742,1130
107000076,1188,2598,-1410
107000077,4196,1429,2767
107000078,3099,5058,-1959
107000079,3592,1004,2588
107000080,1947,5210,-3263
107000081,1696,867,829
107000082,800,3682,-2882
107000083,1403,600,803
107000084,728,3470,-2742
107000085,4031,4749,-718
107000086,5389,6276,-887
107000087,4866,3377,1489
107000088,4955,6607,-1652
107000089,1979,3335,-1356
107000090,1937,2336,-399
107000091,1623,1472,151
107000092,1162,2229,-1067
107000093,1733,1378,355
107000094,2369,2298,71
107000095,1091,1235,-144
107000096,1092,1739,-647
107000097,898,623,275
107000098,792,1296,-504
107000099,694,550,144
107000100,495,666,-171
107000101,80,355,-275
107000102,727,641,86
107000103,482,372,110
107000104,355,626,-271
107000105,491,228,263
107000106,295,667,-372
107000107,759,367,392
107000108,357,1266,-909
107000109,663,279,384
107000110,166,926,-760
107000111,352,53,299
107000112,48,650,-602
107000113,707,172,535
107000114,124,1349,-1225
107000115,704,207,497
107000116,122,1746,-1624
107000117,141,697,-556
107000118,179,505,-326
107000119,3566,2193,1373
107000120,4884,678,4206
107000121,879,1170,-291
107000122,1536,1753,-217
107000123,450,1534,-1084
107000124,694,1607,-913
107000125,980,1525,-545
107000126,1179,1617,-438
107000129,366,1494,-1128
107000130,706,411,295
107000131,719,1149,-430
107000132,784,555,229
107000133,945,147,798
107000134,452,13,439
107000135,5,448,-443
107000136,1051,9,1042
107000137,42,740,-698
107000138,518,28,490
107000139,33,695,-662
107000140,1928,116,1812
107000141,164,1455,-1291
107000142,491,127,364
107000143,74,1403,-1329
107000144,603,749,-146
107000145,236,1032,-796
107000146,223,548,-325
107000147,4529,1290,3239
107000150,1486,5998,-4512
107000151,80,168,-88
107000152,1144,1425,-281
107000153,818,707,111
107000154,312,249,63
107000155,1184,66,1118
107000156,1581,62,1519
107000157,106,3197,-3091
107000158,732,43,689
107000159,48,2029,-1981
107000160,908,227,681
107000161,151,2682,-2531
107000162,316,837,-521
107000163,103,0,103
107000164,549,2,547
107000165,837,6,831
107000166,74,2126,-2052
107000167,768,436,332
107000168,1258,773,485
107000169,1670,1320,350
107000170,2573,1243,1330
107000171,795,3731,-2936
107000172,1161,2135,-974
107000173,926,2239,-1313
107000174,1225,7979,-6754
107000175,13882,2991,10891
107000176,3,4,-1
107000177,10,2,8
107000178,7,55,-48
107000179,355,4289,-3934
107000180,1479,618,861
107000181,453,2215,-1762
107000182,1724,1525,199
107000183,147,1498,-1351
107000184,1128,1208,-80
107000185,602,2133,-1531
107000186,1534,586,948
107000187,1799,2310,-511
107000188,738,1020,-282
107000189,520,1779,-1259
107000190,791,1413,-622
107000191,959,1715,-756
107000192,2275,1684,591
107000193,554,764,-210
107000194,1643,1423,220
107000197,1083,385,698
107000198,342,1200,-858
107000199,1086,1427,-341
107000200,2204,1155,1049
107000201,518,435,83
107000202,419,965,-546
107000203,1550,1032,518
107000204,2424,1087,1337
107000205,3458,2090,1368
107000206,2221,2212,9
107000207,1556,2090,-534
107000208,2801,862,1939
107000209,3402,1711,1691
107000210,1323,752,571
107000211,13,60,-47
107000212,21,911,-890
107000213,12,74,-62
107000214,27,471,-444
107000215,676,743,-67
107000216,493,809,-316
107000217,204,247,-43
107000219,127,227,-100
107000220,358,554,-196
107000222,410,1383,-973
107000224,714,110,604
107000225,342,1082,-740
107000226,423,117,306
107000227,136,755,-619
107000228,135,267,-132
107000229,766,518,248
107000230,2221,1041,1180
107000231,2785,1548,1237
107000232,172,142,30
107000233,1873,1073,800
107000234,5,71,-66
107000235,105,18,87
107000236,12,1384,-1372
107000237,21,3,18
107000238,35,3,32
107000239,8534,1135,7399
107000240,166,1774,-1608
107000241,168,44,124
107000242,1128,83,1045
107000243,0,151,-151
107000244,8,106,-98
107000246,6,1653,-1647
107000249,7,1714,-1707
107000251,1,451,-450
107000252,10,1967,-1957
107000255,1430,147,1283
107000257,3,863,-860
107000258,0,256,-256
107000259,12,359,-347
107000260,673,12,661
107000262,9,1013,-1004
107000263,286,10,276
107000266,19,6,13
107000267,99,277,-178
107000268,241,259,-18
107000269,752,40,712
107000270,1,17,-16
107000271,21,1226,-1205
107000272,18,270,-252
107000273,22,373,-351
107000274,5723,643,5080
107000275,167,1794,-1627
107000280,747,44,703
107000281,44,1782,-1738
107000282,100,1539,-1439
107000290,11,32,-21
107000291,28,52,-24
107000292,2,95,-93
107000293,337,10,327
107000294,1,37,-36
107000295,76,5,71
107000296,0,21,-21
107000444,608,16,592
107000496,4,32,-28
107000497,1861,4473,-2612
107000500,634,600,34
107000501,184,268,-84
107000502,671,677,-6
107000505,1239,1363,-124
107000506,3,36,-33
107000508,17,1045,-1028
107000509,363,1167,-804
107000510,33,28,5
107000514,97,465,-368
107000515,43,439,-396
107000516,312,429,-117
107000518,1604,1433,171
107000519,5853,1819,4034
107000520,125,40,85
107000521,578,962,-384
107000522,925,1371,-446
107900001,40,296,-256
107900002,40,4,36
107900003,226,8,218
107900004,50,3,47
107900005,1201,6,1195
107900006,229,2,227
107900007,408,40,368
107900008,85,54,31
107900009,288,6,282
107900010,27,1,26
107900012,396,23,373
107900013,357,88,269
107900014,30,13,17
107900015,1102,13,1089
107900016,890,182,708
107900017,37,0,37
107900018,88,191,-103
107900019,25,97,-72
107900020,205,20,185
107900021,69,260,-191
107900023,0,4,-4
107900024,0,51,-51
107900025,335,564,-229
107900026,68,160,-92
107900027,115,145,-30
107900028,57,138,-81
107900030,206,36,170
107900031,78,355,-277
107900032,18,11,7
107900033,15,2,13
107900034,584,21,563
107900035,1011,74,937
107900036,38,14,24
107900037,0,38,-38
107900038,217,340,-123
107900039,51,114,-63
107900040,109,345,-236
107900041,0,0,0
107900043,65,390,-325
107900044,19,12,7
107900045,137,37,100
107900046,161,213,-52
107900047,19,96,-77
107900048,204,9,195
107900049,517,2090,-1573
107900050,124,564,-440
107900051,126,165,-39
107900052,20,21,-1
107900053,46,151,-105
107900055,1116,473,643
107900056,226,44,182
107900057,1,0,1
107900058,46,1139,-1093
107900060,29,111,-82
107900061,44,6,38
107900063,147,171,-24
107900064,632,124,508
107900065,231,33,198
107900066,6,14,-8
107900067,0,0,0
107900068,319,481,-162
107900069,45,2363,-2318
107900070,160,64,96
107900071,67,1509,-1442
107900072,107,353,-246
107900073,100,250,-150
107900074,1256,264,992
107900076,160,104,56
107900077,55,1,54
107900078,428,41,387
107900079,9,55,-46
107900080,253,546,-293
107900081,35,154,-119
107900082,39,32,7
107900083,660,179,481
107900084,190,204,-14
107900086,45,267,-222
107900087,874,153,721
107900088,39,23,16
107900089,513,1936,-1423
107900090,1019,3093,-2074
107900091,347,734,-387
107900092,2736,754,1982
107900093,124,101,23
107900095,4814,2677,2137
107900097,35,99,-64
107900098,68,214,-146
107900100,1464,1650,-186
107900101,1634,269,1365
107900102,30,11,19
107900103,71,292,-221
107900104,319,7,312
107900105,3,853,-850
107900106,3,2100,-2097
107900107,2375,530,1845
107900108,660,167,493
107900109,1392,27,1365
107900110,42,161,-119
107900111,14,1768,-1754
107900112,229,553,-324
107900113,227,240,-13
107900114,120,281,-161
107900115,2,80,-78
107900116,135,421,-286
107900117,487,713,-226
107900118,93,265,-172
107900119,121,278,-157
107900120,26,23,3
107900121,3,215,-212
107900122,4,106,-102
107900123,4,51,-47
107900124,53,52,1
107900125,25,262,-237
107900126,3,57,-54
107900127,765,310,455
107900128,174,123,51
107900129,68,44,24
107900130,116,53,63
107900131,831,217,614
107900132,132,714,-582
107900133,0,147,-147
107900134,27,28,-1
107900135,7,270,-263
107900136,67,74,-7
107900137,177,209,-32
107900138,60,65,-5
107900139,39,93,-54
107900140,125,121,4
107900141,73,78,-5
107900142,128,1819,-1691
107900143,78,46,32
107900144,3,214,-211
107900145,42,202,-160
107900146,55,286,-231
107900147,91,42,49
107900148,256,291,-35
107900149,2833,352,2481
107900150,110,1553,-1443
107900151,23,141,-118
107900152,20,445,-425
107900153,256,485,-229
107900154,81,27,54
107900155,82,76,6
107900156,6,534,-528
107900157,82,148,-66
107900158,975,37,938
107900159,54,2076,-2022
107900160,70,224,-154
107900161,44,317,-273
107900162,3,251,-248
107900163,167,136,31
107900164,13,50,-37
107900165,23,152,-129
107900166,31,375,-344
107900167,48,26,22
107900168,19,71,-52
107900169,2,231,-229
107900171,14,3342,-3328
107900172,4,569,-565
107900173,17,276,-259
107900174,89,11,78
107900175,49,18,31
107900176,28,71,-43
107900177,5,362,-357
107900178,0,354,-354
107900179,42,219,-177
107900180,1573,639,934
107900181,525,666,-141
107900182,5,2348,-2343
107900183,43,513,-470
107900184,102,338,-236
107900185,84,4,80
107900186,25,54,-29
107900187,0,285,-285
107900188,1195,185,1010
107900189,14,180,-166
107900190,172,121,51
107900191,95,207,-112
107900193,22,46,-24
107900194,339,9,330
107900195,6671,821,5850
107900196,112,103,9
107900197,1576,351,1225
107900199,3,1412,-1409
107900201,126,169,-43
107900203,34,112,-78
107900204,327,413,-86
107900205,252,650,-398
107900206,1035,264,771
107900207,2,982,-980
107900208,15,1060,-1045
107900209,603,216,387
107900210,128,239,-111
107900213,1104,972,132
107900214,17,257,-240
107900215,191,408,-217
107900216,171,133,38
107900217,28,84,-56
107900218,29,2378,-2349
107900219,55,222,-167
107900220,324,288,36
107900221,250,291,-41
107900223,101,731,-630
107900224,205,526,-321
107900225,8,1413,-1405
107900226,106,223,-117
107900227,200,710,-510
107900228,11,166,-155
107900229,3,493,-490
107900230,13,251,-238
107900231,20,302,-282
107900232,56,309,-253
107900233,13,265,-252
107900234,112,279,-167
107900235,27,142,-115
107900236,80,154,-74
107900237,181,845,-664
107900238,28,187,-159
107900239,1849,616,1233
107900240,21,227,-206
107900241,20,154,-134
107900242,34,586,-552
107900243,1,82,-81
107900244,403,3,400
107900245,608,85,523
107900246,272,12,260
107900248,547,839,-292
107900249,807,32,775
107900250,0,915,-915
107900251,132,2390,-2258
107900252,1337,21,1316
107900253,196,6,190
107900254,58,515,-457
107900255,513,95,418
107900256,2281,1274,1007
107900257,268,147,121
107900258,106,624,-518
107900259,160,2110,-1950
107900261,3,697,-694
107900262,63,267,-204
107900264,248,2,246
107900265,174,352,-178
107900267,246,24,222
107900268,71,28,43
107900269,0,6,-6
107900270,0,0,0
107900271,6,13,-7
107900272,191,15,176
107900273,25,112,-87
107900274,42,1,41
107900275,15,2,13
107900276,2,107,-105
107900277,0,403,-403
107900278,238,590,-352
107900279,224,204,20
107900280,3213,3388,-175
107900281,6277,2877,3400
107900282,172,569,-397
107900283,2578,763,1815
107900284,500,1167,-667
107900285,116,181,-65
107900286,168,175,-7
107900287,218,355,-137
107900290,0,117,-117
107900291,590,21,569
107900292,164,405,-241
107900293,100,896,-796
107900295,46,139,-93
107900297,1,441,-440
107900298,1092,1286,-194
107900299,6533,3369,3164
107900300,43,480,-437
107900301,893,726,167
107900302,170,51,119
107900303,148,448,-300
107900304,244,916,-672
107900305,335,17,318
107900306,34,18,16
107900307,63,411,-348
107900308,256,113,143
107900309,227,2,225
107900310,266,4,262
107900311,1,90,-89
107900312,166,0,166
107900313,2,130,-128
107900314,1,52,-51
107900315,0,71,-71
107900316,74,1,73
107900317,197,13,184
107900318,10,271,-261
107900319,5,423,-418
107900320,1,312,-311
107900321,147,11,136
107900322,2,202,-200
107900323,11,265,-254
107900324,258,3,255
107900325,128,0,128
107900326,336,562,-226
107900327,2,77,-75
107900328,120,2,118
107900329,221,79,142
107900330,15,847,-832
107900331,245,47,198
107900332,241,42,199
107900333,64,34,30
107900334,19,395,-376
107900335,81,127,-46
107900336,44,43,1
107900337,2201,1077,1124
107900338,3,218,-215
107900339,3,37,-34
107900340,0,78,-78
107900341,61,0,61
107900342,150,244,-94
107900343,93,2,91
107900344,7,161,-154
107900345,193,26,167
107900346,20,2,18
107900347,67,4,63
107900348,9,5,4
107900349,41,12,29
107900350,40,377,-337
108000001,3502,5834,-2332
108000002,3306,5048,-1742
108000003,6101,3665,2436
108000004,24483,25356,-873
108000005,9788,6118,3670
108000006,11444,11772,-328
108000007,6441,5420,1021
108000008,7999,10117,-2118
108000009,4897,6097,-1200
108000010,5543,8193,-2650
108000011,14092,16530,-2438
108000012,27138,27566,-428
108000014,1106,909,197
108000015,726,411,315
108000016,265,759,-494
108000017,1193,605,588
108000018,2245,944,1301
108000019,3342,1187,2155
108000020,1926,784,1142
108000021,587,2518,-1931
108000022,796,2365,-1569
108000023,1513,321,1192
108000024,223,1047,-824
108000025,296,394,-98
108000026,500,895,-395
108000027,704,743,-39
108000028,478,405,73
108000029,588,701,-113
108000030,879,326,553
108000031,387,830,-443
108000032,1638,843,795
108000033,899,1807,-908
108000034,1831,708,1123
108000035,1420,3817,-2397
108000036,510,2274,-1764
108000037,1889,520,1369
108000038,2950,680,2270
108000039,732,4184,-3452
108000040,2238,1261,977
108000041,1029,4515,-3486
108000042,325,347,-22
108000043,242,464,-222
108000044,400,236,164
108000045,343,994,-651
108000046,1556,446,1110
108000047,578,1670,-1092
108000048,167,622,-455
108000049,757,388,369
108000050,110,723,-613
108000051,299,147,152
108000052,315,1152,-837
108000053,337,215,122
108000054,776,1797,-1021
108000055,1496,651,845
108000056,1651,1740,-89
108000057,861,1393,-532
108000058,2743,4609,-1866
108000059,5578,3230,2348
108000060,268,600,-332
108000061,270,495,-225
108000062,796,794,2
108000063,552,1062,-510
108000064,221,387,-166
108000065,929,1248,-319
108000066,2945,1261,1684
108000067,2632,905,1727
108000068,839,529,310
108000069,330,1568,-1238
108000070,2103,917,1186
108000071,1146,2541,-1395
108000072,1863,1546,317
108000073,2070,2914,-844
108000074,493,547,-54
108000075,405,1235,-830
108000076,1081,858,223
108000077,1155,1016,139
108000078,2365,2151,214
108000079,1230,2818,-1588
108000080,1220,935,285
108000081,657,3767,-3110
108000082,1522,3110,-1588
108000083,2693,1230,1463
108000084,573,2128,-1555
108000085,672,685,-13
108000086,1266,1345,-79
108000087,203,2571,-2368
108000088,281,14,267
108000089,746,606,140
108000090,757,182,575
108000091,277,1007,-730
108000092,275,181,94
108000093,231,1442,-1211
108000094,857,243,614
108000095,323,838,-515
108000096,325,323,2
108000097,230,916,-686
108000098,1719,2368,-649
108000099,235,146,89
108000100,41,381,-340
108000101,1484,2063,-579
108000102,1991,3879,-1888
108000106,1165,3,1162
108000107,1,1231,-1230
108000108,739,72,667
108000109,10,1337,-1327
108000110,190,538,-348
108000111,264,1412,-1148
108000112,103,203,-100
108000113,796,468,328
108000115,544,727,-183
108000117,1466,638,828
108000118,378,335,43
108000119,1199,731,468
108000120,148,1251,-1103
108000121,376,1069,-693
108000122,497,625,-128
108000123,782,451,331
108000124,292,899,-607
108000125,363,537,-174
108000126,133,874,-741
108000127,520,601,-81
108000128,726,948,-222
108000129,344,1791,-1447
108000130,453,445,8
108000131,1215,580,635
108000132,2551,2172,379
108000133,1017,850,167
108000134,779,960,-181
108000135,1420,584,836
108000136,1347,1427,-80
108000137,498,731,-233
108000138,384,1747,-1363
108000139,340,560,-220
108000140,86,51,35
108000141,45,248,-203
108000142,105,274,-169
108000143,39,77,-38
108000144,50,36,14
108000145,58,81,-23
108000146,51,18,33
108000147,39,101,-62
108000148,73,16,57
108000149,56,62,-6
108000150,44,8,36
108000151,39,11,28
108000152,167,916,-749
108000153,420,208,212
108000154,82,24,58
108000155,45,44,1
108000156,547,221,326
108000157,230,1221,-991
108000158,161,870,-709
108000159,1114,272,842
108000160,7772,1375,6397
108000161,7628,2929,4699
108000165,3,237,-234
108000172,0,373,-373
108000173,4180,2836,1344
108000175,230,138,92
108000178,704,529,175
108000179,451,988,-537
108000181,83,60,23
108000182,235,19,216
108000183,45,51,-6
108000184,2013,2517,-504
108000185,356,1143,-787
108000186,117,88,29
108000187,93,1307,-1214
108000188,481,310,171
108000189,1174,1961,-787
108000190,45,191,-146
108000192,267,902,-635
108000193,1522,92,1430
108000194,42,20,22
108000195,6,2195,-2189
108000196,344,274,70
108000198,758,523,235
108000199,2,203,-201
108000200,423,961,-538
108000202,1,271,-270
108000203,146,1525,-1379
108000204,144,71,73
108000205,521,868,-347
108000339,2344,546,1798
108000364,192,492,-300
108000365,80,539,-459
108000367,255,545,-290
108000368,13,85,-72
108000369,2252,202,2050
108000371,2,911,-909
108000372,595,4,591
108000373,186,279,-93
108000376,66,49,17
108000377,370,524,-154
108000378,12519,15030,-2511
108000379,36,317,-281
108000381,56,16,40
108000382,121,1,120
108000383,0,146,-146
108900001,221,1636,-1415
108900002,346,105,241
108900003,475,1624,-1149
108900004,238,423,-185
108900005,81,459,-378
108900006,851,233,618
108900007,257,322,-65
108900008,103,204,-101
108900009,107,166,-59
108900010,181,243,-62
108900011,479,567,-88
108900012,335,690,-355
108900013,131,373,-242
108900014,2,147,-145
108900015,0,21,-21
108900016,3,321,-318
108900017,267,312,-45
108900018,101,806,-705
108900019,51,1684,-1633
108900020,57,376,-319
108900021,145,502,-357
108900022,198,66,132
108900023,6,33,-27
108900024,27,182,-155
108900025,94,220,-126
108900026,24,148,-124
108900027,2,133,-131
108900028,77,581,-504
108900029,116,402,-286
108900030,0,161,-161
108900031,119,720,-601
108900032,9,477,-468
108900033,0,155,-155
108900034,2,367,-365
108900035,411,2033,-1622
108900036,279,541,-262
108900037,60,795,-735
108900038,7,624,-617
108900039,1,820,-819
108900040,2,177,-175
108900041,8500,3783,4717
108900042,6,453,-447
108900043,118,712,-594
108900044,3,1033,-1030
108900045,41,865,-824
108900046,95,1751,-1656
108900047,0,134,-134
108900048,146,1629,-1483
108900049,8749,1594,7155
108900050,2,391,-389
108900051,0,376,-376
108900052,20,332,-312
108900053,164,260,-96
108900054,139,360,-221
108900055,116,708,-592
108900056,2,276,-274
108900057,2,268,-266
108900058,35,587,-552
108900059,491,56,435
108900060,151,203,-52
108900061,82,48,34
108900062,8,541,-533
108900063,38,503,-465
108900064,168,74,94
108900065,15,482,-467
108900066,287,215,72
108900067,27,330,-303
108900068,1,227,-226
108900069,51,176,-125
108900070,53,209,-156
108900071,100,87,13
108900072,4020,606,3414
108900073,34,541,-507
108900074,189,811,-622
108900075,68,70,-2
108900076,295,97,198
108900077,180,728,-548
108900078,21,288,-267
108900079,1237,451,786
108900080,35,1118,-1083
108900081,67,433,-366
108900082,73,159,-86
108900083,25,377,-352
108900084,660,206,454
108900085,3559,296,3263
108900086,137,465,-328
108900087,140,362,-222
108900088,1303,505,798
108900089,29,199,-170
108900090,37,649,-612
108900091,159,168,-9
108900092,503,471,32
108900093,142,94,48
108900094,290,131,159
108900095,111,843,-732
108900096,624,54,570
108900097,697,311,386
108900098,5066,784,4282
108900099,385,456,-71
108900100,81,251,-170
108900101,294,162,132
108900102,257,1397,-1140
108900103,98,126,-28
108900104,238,743,-505
108900105,21,1494,-1473
108900106,372,751,-379
108900108,572,75,497
108900109,314,82,232
108900110,235,652,-417
108900111,392,940,-548
108900112,217,21,196
108900113,56,70,-14
108900114,32,20,12
108900115,89,124,-35
108900116,48,15,33
108900117,152,30,122
108900118,621,8,613
108900119,187,55,132
108900120,216,192,24
108900121,502,107,395
108900122,169,42,127
108900123,127,123,4
108900124,467,274,193
108900125,376,4,372
108900126,160,26,134
108900127,227,55,172
108900128,111,44,67
108900129,870,181,689
108900130,239,3,236
108900131,513,18,495
108900132,495,92,403
108900133,240,81,159
108900134,298,342,-44
108900135,138,14,124
108900136,22,0,22
108900137,189,6,183
108900138,713,34,679
108900139,478,116,362
108900140,281,332,-51
108900141,329,18,311
108900142,50,4,46
108900143,46,0,46
108900144,111,0,111
108900145,152,6,146
108900146,73,0,73
108900147,232,1,231
108900148,77,43,34
108900149,777,792,-15
108900150,298,9,289
108900151,155,5,150
108900152,79,7,72
108900153,114,755,-641
108900154,5756,672,5084
108900155,482,148,334
108900156,66,17,49
108900157,24,954,-930
108900158,410,59,351
108900159,5,498,-493
108900160,11,360,-349
108900161,13,732,-719
108900162,78,1,77
108900163,10,346,-336
108900164,63,102,-39
108900165,239,107,132
108900167,3516,6577,-3061
108900168,14091,3217,10874
108900169,52,236,-184
108900171,14689,3376,11313
108900172,318,67,251
108900173,213,721,-508
108900174,823,840,-17
108900176,229,857,-628
108900177,13203,8089,5114
108900178,8492,3806,4686
108900179,1166,2106,-940
108900180,213,340,-127
108900182,36,367,-331
108900183,235,381,-146
108900184,633,274,359
108900185,113,541,-428
108900186,81,721,-640
108900187,362,128,234
108900188,486,80,406
108900189,463,226,237
108900190,88,5157,-5069
108900191,300,56,244
108900192,166,358,-192
108900193,313,90,223
108900194,15,508,-493
108900195,106,559,-453
108900196,36,900,-864
108900198,5,1063,-1058
108900199,270,528,-258
108900200,772,476,296
108900201,559,2048,-1489
108900203,631,88,543
108900204,518,30,488
108900205,280,58,222
108900206,544,66,478
108900207,187,102,85
108900208,16,652,-636
108900209,364,986,-622
108900210,220,352,-132
108900211,208,677,-469
108900212,1094,1914,-820
108900215,109,971,-862
108900216,796,282,514
108900217,128,0,128
108900218,155,9,146
108900219,72,4,68
108900220,45,20,25
108900221,52,191,-139
108900222,235,10,225
108900223,6,149,-143
108900224,42,214,-172
108900225,0,258,-258
108900226,292,12,280
108900227,219,350,-131
108900230,716,514,202
108900231,82,362,-280
108900232,4,693,-689
108900233,598,106,492
108900234,373,162,211
108900235,426,1111,-685
108900236,58,619,-561
108900237,96,449,-353
108900240,153,140,13
108900241,59,51,8
108900245,11,1798,-1787
108900249,185,33,152
108900250,287,192,95
108900257,255,811,-556
108900258,14,403,-389
108900259,113,128,-15
108900260,10,166,-156
108900261,185,234,-49
108900262,366,250,116
108900263,72,378,-306
108900264,690,456,234
108900265,2092,486,1606
108900266,2029,675,1354
108900267,5,133,-128
108900268,43,12,31
108900269,78,17,61
108900270,60,8,52
108900271,75,13,62
108900272,259,6,253
108900273,1387,860,527
108900274,27,121,-94
109000001,6618,1846,4772
109000002,3501,2471,1030
109000003,3452,906,2546
109000004,805,4233,-3428
109000005,3516,1328,2188
109000006,1335,3582,-2247
109000007,1957,1154,803
109000008,771,3048,-2277
109000009,4969,2149,2820
109000010,2032,6577,-4545
109000011,4418,3132,1286
109000012,2790,6320,-3530
109000013,4239,4696,-457
109000014,2500,6032,-3532
109000015,4289,8879,-4590
109000016,16249,7331,8918
109000017,3012,2051,961
109000018,1412,5773,-4361
109000019,4170,2052,2118
109000020,2039,3271,-1232
109000023,338,39,299
109000024,8,281,-273
109000025,573,611,-38
109000026,1507,474,1033
109000027,149,453,-304
109000028,202,139,63
109000029,208,309,-101
109000030,106,765,-659
109000031,333,214,119
109000032,205,630,-425
109000033,604,204,400
109000034,69,55,14
109000035,35,73,-38
109000036,116,515,-399
109000037,272,1447,-1175
109000038,818,561,257
109000039,1199,980,219
109000040,9455,8527,928
109000041,7292,1965,5327
109000042,1843,1839,4
109000044,682,110,572
109000045,198,601,-403
109000046,395,156,239
109000047,110,675,-565
109000048,1497,279,1218
109000049,628,796,-168
109000050,533,348,185
109000051,581,508,73
109000052,676,2614,-1938
109000053,266,141,125
109000054,500,1371,-871
109000055,417,489,-72
109000056,372,1103,-731
109000057,822,437,385
109000058,1248,445,803
109000059,1190,1337,-147
109000060,703,320,383
109000061,2343,1332,1011
109000062,220,395,-175
109000063,451,446,5
109000064,262,278,-16
109000065,162,583,-421
109000066,446,249,197
109000067,54,612,-558
109000068,1397,19,1378
109000069,1276,63,1213
109000070,12,1413,-1401
109000071,687,106,581
109000072,130,515,-385
109000073,73,168,-95
109000074,64,359,-295
109000075,137,532,-395
109000076,143,237,-94
109000077,546,390,156
109000078,59,215,-156
109000079,128,326,-198
109000080,160,189,-29
109000081,126,930,-804
109000082,728,381,347
109000083,356,1324,-968
109000088,164,747,-583
109000089,257,56,201
109000090,293,739,-446
109000091,352,224,128
109000092,462,911,-449
109000093,273,228,45
109000094,413,2,411
109000095,115,734,-619
109000096,728,339,389
109000097,109,223,-114
109000098,123,145,-22
109000099,848,731,117
109000100,226,925,-699
109000101,1584,1515,69
109000102,449,1304,-855
109000103,481,1116,-635
109000104,1842,1110,732
109000105,571,2359,-1788
109000106,2555,1274,1281
109000107,792,3382,-2590
109000108,2263,994,1269
109000109,607,3184,-2577
109000110,2286,862,1424
109000111,1848,3890,-2042
109000112,551,307,244
109000113,668,360,308
109000114,272,637,-365
109000115,1983,68,1915
109000116,4,313,-309
109000117,175,165,10
109000118,10,447,-437
109000119,1315,729,586
109000120,179,1695,-1516
109000121,385,84,301
109000122,148,1583,-1435
109000123,34,133,-99
109000124,694,693,1
109000125,893,653,240
109000126,531,1637,-1106
109000127,922,367,555
109000128,652,3499,-2847
109000129,2406,970,1436
109000130,731,4076,-3345
109000131,1038,647,391
109000132,838,3197,-2359
109000133,627,1745,-1118
109000134,1215,2463,-1248
109000135,1899,2249,-350
109000136,360,585,-225
109000137,465,496,-31
109000138,707,675,32
109000139,559,723,-164
109000140,321,951,-630
109000141,572,710,-138
109000142,141,913,-772
109000143,114,109,5
109000145,98,355,-257
109000146,93,218,-125
109000148,7276,2508,4768
109000149,56,95,-39
109000150,165,342,-177
109000155,880,1009,-129
109000156,2243,1235,1008
109000158,256,430,-174
109000159,207,1065,-858
109000160,1416,374,1042
109000161,471,2331,-1860
109000162,2516,1282,1234
109000163,1390,3220,-1830
109000164,1653,4004,-2351
109000165,1460,965,495
109000166,724,255,469
109000167,130,1440,-1310
109000170,55,106,-51
109000171,65,61,4
109000172,38,125,-87
109000173,22,140,-118
109000174,113,82,31
109000175,62,212,-150
109000176,330,398,-68
109000177,20,243,-223
109000178,950,887,63
109000179,12911,5988,6923
109000180,10380,5513,4867
109000181,16,99,-83
109000182,75,99,-24
109000183,35,53,-18
109000184,52,48,4
109000185,27,95,-68
109000188,714,4231,-3517
109000189,2820,1593,1227
109000190,794,833,-39
109000191,432,1005,-573
109000192,395,377,18
109000193,209,636,-427
109000194,247,178,69
109000195,198,700,-502
109000196,448,262,186
109000197,223,749,-526
109000198,390,149,241
109000199,171,902,-731
109000206,306,47,259
109000207,118,73,45
109000208,125,101,24
109000209,187,192,-5
109000210,276,938,-662
109000211,614,801,-187
109000214,402,896,-494
109000215,290,140,150
109000216,439,282,157
109000217,226,152,74
109000218,452,341,111
109000221,573,1513,-940
109000222,1040,270,770
109000223,273,415,-142
109000224,78,343,-265
109000225,98,78,20
109000226,76,436,-360
109000227,1012,2128,-1116
109000228,1,463,-462
109000231,5,582,-577
109000232,268,569,-301
109000236,415,1181,-766
109000241,2771,3258,-487
109000242,2054,2554,-500
109000293,22,65,-43
109000361,131,431,-300
109000364,287,1078,-791
109000396,7,1023,-1016
109000397,503,13,490
109000399,190,982,-792
109000400,116,456,-340
109000403,99,793,-694
109000406,636,6,630
109000407,361,330,31
109000408,1,1441,-1440
109000410,1485,436,1049
109000411,173,51,122
109900001,120,2,118
109900002,877,21,856
109900003,230,1,229
109900004,881,350,531
109900005,45,11,34
109900006,411,438,-27
109900007,725,1313,-588
109900008,0,55,-55
109900009,149,1296,-1147
109900010,528,20,508
109900011,159,49,110
109900012,313,291,22
109900013,573,222,351
109900014,392,104,288
109900015,665,223,442
109900016,155,91,64
109900017,195,232,-37
109900018,393,160,233
109900019,162,88,74
109900020,37,31,6
109900021,12,8,4
109900022,115,463,-348
109900023,8,2,6
109900024,17,3,14
109900025,7,134,-127
109900026,7,320,-313
109900027,35,11,24
109900028,3901,1063,2838
109900029,11,838,-827
109900030,29,4,25
109900031,0,160,-160
109900032,21,432,-411
109900033,5,986,-981
109900034,24,2,22
109900035,25,17,8
109900036,25,158,-133
109900037,40,885,-845
109900038,61,429,-368
109900039,24,0,24
109900040,23,961,-938
109900041,85,699,-614
109900042,85,786,-701
109900044,174,467,-293
109900045,52,54,-2
109900046,15,126,-111
109900047,529,603,-74
109900048,0,135,-135
109900049,12,44,-32
109900050,3,311,-308
109900051,1,70,-69
109900052,173,498,-325
109900053,4,623,-619
109900054,742,333,409
109900055,67,464,-397
109900056,25,250,-225
109900057,16,389,-373
109900058,0,157,-157
109900059,700,187,513
109900060,533,252,281
109900061,169,532,-363
109900062,2,451,-449
109900063,17,573,-556
109900064,550,425,125
109900065,222,178,44
109900066,375,1552,-1177
109900067,0,648,-648
109900068,52,8,44
109900069,2,68,-66
109900070,86,498,-412
109900071,11,53,-42
109900072,23,213,-190
109900073,415,1199,-784
109900074,4,67,-63
109900075,27,56,-29
109900076,46,397,-351
109900077,31,92,-61
109900078,198,420,-222
109900080,176,651,-475
109900081,49,169,-120
109900082,67,835,-768
109900083,42,92,-50
109900084,104,317,-213
109900085,292,1589,-1297
109900086,163,545,-382
109900087,353,679,-326
109900089,834,189,645
109900090,658,2107,-1449
109900091,356,144,212
109900092,2711,20,2691
109900093,983,159,824
109900094,86,158,-72
109900095,194,418,-224
109900096,64,6,58
109900097,99,1,98
109900098,430,55,375
109900099,200,0,200
109900100,85,0,85
109900101,431,26,405
109900102,442,35,407
109900103,64,90,-26
109900104,449,1450,-1001
109900105,612,45,567
109900106,793,126,667
109900107,1021,149,872
109900108,103,1119,-1016
109900109,32,303,-271
109900110,93,833,-740
109900111,415,2172,-1757
109900112,530,1458,-928
109900113,952,624,328
109900114,1317,757,560
109900115,186,140,46
109900117,1058,208,850
109900118,356,767,-411
109900119,1025,487,538
109900120,63,19,44
109900121,826,364,462
109900122,516,13,503
109900123,23,284,-261
109900124,60,1065,-1005
109900125,2,289,-287
109900126,256,337,-81
109900128,279,95,184
109900130,18984,2788,16196
109900131,78,231,-153
109900132,33,281,-248
109900133,98,677,-579
109900134,70,142,-72
109900135,631,108,523
109900136,90,259,-169
109900137,85,671,-586
109900140,249,543,-294
109900142,1328,524,804
109900145,7,377,-370
109900146,637,65,572
109900148,62,180,-118
109900149,50,88,-38
109900150,6,101,-95
109900151,0,63,-63
109900152,0,21,-21
109900153,0,44,-44
109900154,20,0,20
109900155,63,12,51
109900157,92,432,-340
109900158,71,216,-145
109900159,217,42,175
109900160,180,78,102
109900161,271,121,150
109900162,236,124,112
109900163,1342,742,600
109900164,75,401,-326
109900165,286,19,267
109900166,2,274,-272
109900167,241,957,-716
109900168,241,861,-620
109900169,212,294,-82
109900170,521,1229,-708
109900171,227,154,73
109900172,252,408,-156
109900173,6893,3071,3822
109900174,49,255,-206
109900175,130,100,30
109900176,130,323,-193
109900177,38,497,-459
109900178,1,161,-160
109900179,64,32,32
109900180,37,8,29
110000001,1204,886,318
110000002,902,934,-32
110000003,1536,1014,522
110000004,828,925,-97
110000005,878,2434,-1556
110000006,957,553,404
110000007,238,274,-36
110000008,16,74,-58
110000009,77,93,-16
110000010,74,80,-6
110000011,61,178,-117
110000012,1221,799,422
110000013,53,913,-860
110000014,883,567,316
110000015,463,1013,-550
110000016,450,2310,-1860
110000017,5111,407,4704
110000018,5381,741,4640
110000019,15,290,-275
110000020,1000,411,589
110000021,1990,807,1183
110000022,2010,444,1566
110000023,6,345,-339
110000024,1066,699,367
110000025,301,15,286
110000026,12,1043,-1031
110000027,1310,695,615
110000028,1141,1164,-23
110000029,764,1451,-687
110000030,298,627,-329
110000031,366,980,-614
110000032,1120,639,481
110000033,360,171,189
110000034,887,1135,-248
110000035,1512,1347,165
110000036,1423,1128,295
110000037,308,1136,-828
110000038,292,1091,-799
110000039,1191,4882,-3691
110000040,452,645,-193
110000041,345,2004,-1659
110000042,113,477,-364
110000043,1067,547,520
110000044,309,262,47
110000045,2059,213,1846
110000046,5,19,-14
110000047,36,46,-10
110000048,24,20,4
110000049,75,16,59
110000050,18,42,-24
110000051,80,12,68
110000052,48,43,5
110000053,477,8,469
110000054,272,449,-177
110000055,642,54,588
110000056,534,121,413
110000057,456,1249,-793
110000058,1620,1084,536
110000059,1220,714,506
110000060,981,1521,-540
110000061,1340,1153,187
110000062,972,1173,-201
110000063,51,124,-73
110000064,101,236,-135
110000065,121,125,-4
110000066,130,58,72
110000067,116,656,-540
110000068,373,892,-519
110000069,307,183,124
110000071,102,242,-140
110000073,4,23,-19
110000075,12,174,-162
110000076,446,639,-193
110000077,752,2986,-2234
110000078,21,85,-64
110000080,346,1079,-733
110000081,83,605,-522
110000082,74,662,-588
110000083,318,924,-606
110000084,1309,1116,193
110000085,3514,2228,1286
110000086,1939,2585,-646
110000087,7,131,-124
110000088,52,394,-342
110000089,348,271,77
110000090,204,580,-376
110000091,2992,539,2453
110000092,24,143,-119
110000093,51,16,35
110000094,836,352,484
110000095,262,1157,-895
110000096,4990,2542,2448
110000097,1294,1683,-389
110000098,2560,998,1562
110000099,1238,2469,-1231
110000100,831,1147,-316
110000101,13,754,-741
110000102,52,80,-28
110000104,356,144,212
110000105,152,366,-214
110000106,736,423,313
110000107,567,637,-70
110000108,249,54,195
110000109,407,510,-103
110000110,6398,6508,-110
110000111,11735,3555,8180
110000112,2128,1475,653
110000113,1181,3258,-2077
110000114,169,969,-800
110000115,307,562,-255
110000116,44,73,-29
110000117,195,798,-603
110000118,509,409,100
110000119,228,664,-436
110000120,474,343,131
110000121,218,593,-375
110000122,479,986,-507
110000123,610,1058,-448
110000124,6,1157,-1151
110000125,1226,8,1218
110000126,290,39,251
110000127,1427,83,1344
110000128,70,2233,-2163
110000129,8,833,-825
110000130,284,276,8
110000131,118,527,-409
110000132,3,917,-914
110000133,88,543,-455
110000134,27,549,-522
110000135,249,73,176
110000136,88,481,-393
110000137,873,1061,-188
110000138,1042,1143,-101
110000139,965,2197,-1232
110000140,1833,851,982
110000143,1263,610,653
110000144,6708,2139,4569
110000145,1803,1526,277
110000146,2867,1821,1046
110000147,495,1395,-900
110000148,511,566,-55
110000151,2111,948,1163
110000152,1435,640,795
110000153,129,93,36
110000154,79,66,13
110000155,3264,4758,-1494
110000156,1269,3163,-1894
110000157,2300,2763,-463
110000160,421,615,-194
110000161,198,822,-624
110000166,526,187,339
110000167,1044,882,162
110000168,1137,532,605
110000169,916,446,470
110000170,152,150,2
110000171,845,282,563
110000172,239,1412,-1173
110000173,1768,1906,-138
110000174,297,2116,-1819
110000175,575,167,408
110000176,126,448,-322
110000177,257,1285,-1028
110000178,830,1642,-812
110000179,2298,612,1686
110000180,196,514,-318
110000181,489,739,-250
110000182,473,394,79
110000183,21241,10319,10922
110000184,2364,4186,-1822
110000185,2903,1129,1774
110000186,1271,1249,22
110000191,771,585,186
110000192,493,8,485
110000193,1020,9,1011
110000194,21,1893,-1872
110000195,419,580,-161
110000196,396,735,-339
110000197,165,368,-203
110000198,199,147,52
110000199,75,226,-151
110000200,2131,786,1345
110000201,1210,1230,-20
110000202,1845,703,1142
110000203,1077,1340,-263
110000204,3,449,-446
110000205,144,78,66
110000206,982,2361,-1379
110000207,837,482,355
110000208,347,212,135
110000209,192,1593,-1401
110000210,1061,1094,-33
110000211,1509,1542,-33
110000212,696,1641,-945
110000213,184,119,65
110000214,211,184,27
110000215,152,947,-795
110000216,115,1015,-900
110000217,348,337,11
110000218,167,789,-622
110000219,344,143,201
110000220,103,572,-469
110000221,378,121,257
110000222,58,404,-346
110000223,16,152,-136
110000224,70,20,50
110000225,255,989,-734
110000226,341,103,238
110000227,1335,1161,174
110000228,739,496,243
110000229,4,437,-433
110000230,1201,883,318
110000231,239,326,-87
110000232,237,281,-44
110000233,227,485,-258
110000234,1464,986,478
110000235,2063,1574,489
110000236,752,1405,-653
110000237,3411,1917,1494
110000238,1516,2073,-557
110000239,2531,1900,631
110000240,1,133,-132
110000242,0,38,-38
110000243,109,251,-142
110000244,227,762,-535
110000245,66,773,-707
110000246,1058,989,69
110000247,2174,9655,-7481
110000248,3693,2944,749
110000249,96,29,67
110000250,64,492,-428
110000251,361,1111,-750
110000252,215,424,-209
110000253,1683,952,731
110000254,835,2707,-1872
110000255,297,1888,-1591
110000256,727,408,319
110000257,1043,694,349
110000258,9,855,-846
110000259,106,25,81
110000260,19,667,-648
110000263,935,196,739
110000264,320,1028,-708
110000265,1568,2908,-1340
110000266,3090,3857,-767
110000267,31,372,-341
110000268,354,858,-504
110000269,0,164,-164
110000270,79,8,71
110000271,3723,488,3235
110000272,1551,1606,-55
110000273,5160,2212,2948
110000274,327,1969,-1642
110000275,4922,777,4145
110000276,266,583,-317
110000277,364,780,-416
110000278,327,1410,-1083
110000279,922,956,-34
110000280,477,627,-150
110000281,36,350,-314
110000282,502,53,449
110000283,76,185,-109
110000284,64,76,-12
110000285,3,515,-512
110000286,34,1,33
110000287,75,6,69
110000288,4,225,-221
110000289,808,2386,-1578
110000290,1827,855,972
110000291,10721,2223,8498
110000292,1842,5867,-4025
110000293,696,1514,-818
110000294,980,1634,-654
110000295,174,1637,-1463
110000296,370,535,-165
110000297,3455,426,3029
110000298,454,1060,-606
110000299,712,87,625
110000301,416,43,373
110000302,483,2117,-1634
110000303,599,13,586
110000304,243,512,-269
110000305,1387,58,1329
110000306,236,2704,-2468
110000307,1825,13,1812
110000308,890,7,883
110000309,25,1887,-1862
110000310,807,143,664
110000311,30,1482,-1452
110000312,763,181,582
110000313,4831,5572,-741
110000314,4,501,-497
110000315,5225,3471,1754
110000316,997,1991,-994
110000317,1226,741,485
110000318,7,145,-138
110000319,15,30,-15
110000320,71,69,2
110000321,15,85,-70
110000322,453,869,-416
110000323,490,342,148
110000324,7771,2002,5769
110000325,3577,4027,-450
110000327,818,526,292
110000328,291,942,-651
110000333,1505,1128,377
110000334,1179,2387,-1208
110000335,1144,880,264
110000336,1045,1834,-789
110000337,2148,889,1259
110000338,530,314,216
110000339,347,370,-23
110000340,73,321,-248
110000341,671,745,-74
110000342,889,5,884
110000343,0,31,-31
110000344,214,275,-61
110000345,271,171,100
110000346,3628,2313,1315
110000347,1596,1245,351
110000348,1,1,0
110000349,1,1,0
110000350,64,6,58
110000351,1069,1211,-142
110000352,799,2978,-2179
110000353,5066,1072,3994
110000354,1512,5075,-3563
110000355,115,184,-69
110000356,1313,12,1301
110000357,643,24,619
110000361,29,99,-70
110000362,97,219,-122
110000363,400,200,200
110000364,233,730,-497
110000365,231,0,231
110000366,3,204,-201
110000367,519,409,110
110000368,4,114,-110
110000369,51,4,47
110000373,5,462,-457
110000374,413,12,401
110000375,235,1628,-1393
110000376,73,133,-60
110000377,97,985,-888
110000378,34,581,-547
110000379,4992,2210,2782
110000380,96,23,73
110000383,3,1243,-1240
110000384,2788,1033,1755
110000385,4,301,-297
110000387,88,7,81
110000388,47,349,-302
110000389,926,7,919
110000391,690,600,90
110000396,162,189,-27
110000397,151,328,-177
110000398,2,53,-51
110000399,256,1,255
110000587,142,62,80
110000589,211,254,-43
110000640,248,123,125
110000652,51,183,-132
110000653,341,744,-403
110000654,27,50,-23
110000656,4,1006,-1002
110000674,32,30,2
110000675,75,35,40
110000676,21,98,-77
110000679,590,1530,-940
110000682,117,251,-134
110000683,812,826,-14
110000684,21,114,-93
110000685,25,13,12
110000686,12,78,-66
110000687,34,10,24
110000688,94,1100,-1006
110000689,4,5,-1
110000692,448,491,-43
110000693,481,352,129
110000694,1,304,-303
110000695,327,1374,-1047
110000696,213,271,-58
110900001,377,21,356
110900002,773,737,36
110900003,802,1529,-727
110900004,405,370,35
110900005,5234,2517,2717
110900006,57,12,45
110900007,190,34,156
110900008,7,49,-42
110900009,514,136,378
110900010,9,122,-113
110900011,26,166,-140
110900012,19,180,-161
110900013,1172,240,932
110900014,202,19,183
110900015,1383,877,506
110900016,54,259,-205
110900017,404,59,345
110900018,597,71,526
110900019,176,29,147
110900020,132,689,-557
110900021,117,1030,-913
110900022,127,607,-480
110900023,185,1154,-969
110900024,51,842,-791
110900025,12,65,-53
110900027,77,338,-261
110900028,47,304,-257
110900029,42,794,-752
110900030,39,582,-543
110900031,1,236,-235
110900032,0,142,-142
110900033,47,465,-418
110900035,55,800,-745
110900036,166,36,130
110900037,123,62,61
110900038,2089,337,1752
110900039,16,360,-344
110900040,316,60,256
110900041,23,296,-273
110900042,198,97,101
110900043,5,298,-293
110900044,392,28,364
110900045,45,917,-872
110900046,151,522,-371
110900047,1326,327,999
110900049,173,102,71
110900050,26,3,23
110900051,59,361,-302
110900052,17,303,-286
110900053,132,82,50
110900054,45,401,-356
110900055,22,1,21
110900056,93,184,-91
110900057,8,374,-366
110900058,266,402,-136
110900059,895,1212,-317
110900060,610,232,378
110900061,41,97,-56
110900062,183,491,-308
110900063,61,254,-193
110900064,12,0,12
110900065,585,245,340
110900066,20,207,-187
110900067,817,1096,-279
110900068,914,364,550
110900069,1,47,-46
110900071,403,744,-341
110900073,1,34,-33
110900074,334,138,196
110900075,456,115,341
110900077,904,838,66
110900078,31,193,-162
110900079,2821,1369,1452
110900080,173,105,68
110900081,11,104,-93
110900082,140,398,-258
110900083,142,62,80
110900084,47,213,-166
110900085,65,677,-612
110900086,96,391,-295
110900087,394,136,258
110900088,16,1,15
110900090,60,57,3
110900091,2,85,-83
110900093,673,141,532
110900095,65,106,-41
110900097,21,53,-32
110900098,49,197,-148
110900099,94,1014,-920
110900100,1,32,-31
110900102,43,44,-1
110900105,1527,691,836
110900108,26,168,-142
110900111,568,247,321
110900112,907,15,892
110900113,745,67,678
110900115,26,174,-148
110900116,724,3968,-3244
110900118,157,3124,-2967
110900119,8942,677,8265
110900120,12,177,-165
110900121,101,2,99
110900122,463,213,250
110900125,380,587,-207
110900127,1004,1472,-468
110900128,318,273,45
110900129,546,736,-190
110900130,1844,820,1024
110900131,337,91,246
110900132,352,79,273
110900133,117,471,-354
110900135,168,862,-694
110900136,392,39,353
110900137,173,2,171
110900138,2378,565,1813
110900139,138,99,39
110900140,141,16,125
110900141,9,216,-207
110900142,103,390,-287
110900143,215,149,66
110900144,8,1189,-1181
110900145,150,49,101
110900146,779,218,561
110900147,301,466,-165
110900148,4,554,-550
110900149,1,157,-156
110900150,123,23,100
110900151,4,156,-152
110900152,31,589,-558
110900153,140,48,92
111000001,743,714,29
111000002,985,1257,-272
111000003,1818,1596,222
111000004,1167,1885,-718
111000005,2342,2073,269
111000006,1689,2115,-426
111000007,9059,6133,2926
111000008,6867,5831,1036
111000009,488,1301,-813
111000010,1079,468,611
111000011,468,1268,-800
111000012,854,662,192
111000013,487,1787,-1300
111000014,1598,1017,581
111000017,161,942,-781
111000018,316,518,-202
111000020,3819,3729,90
111000021,167,266,-99
111000023,164,298,-134
111000025,11411,4791,6620
111000029,69,152,-83
111000030,35,123,-88
111000031,2784,1669,1115
111000032,802,356,446
111000033,526,350,176
111000034,679,306,373
111000037,4603,2142,2461
111000038,5584,4634,950
111000039,2770,4350,-1580
111000040,2286,4689,-2403
111000041,1965,2970,-1005
111000042,9267,3834,5433
111000043,3739,3791,-52
111000044,1748,1430,318
111000045,2771,3186,-415
111000046,2227,2326,-99
111000047,3435,5014,-1579
111000049,657,921,-264
111000050,2974,2609,365
111000051,713,1946,-1233
111000052,879,2619,-1740
111000053,588,1852,-1264
111000054,493,1743,-1250
111000055,1426,3023,-1597
111000056,117,917,-800
111000057,62,997,-935
111000058,294,180,114
111000059,434,381,53
111000060,4452,1288,3164
111000061,748,523,225
111000062,1122,377,745
111000063,2430,1487,943
111000064,598,902,-304
111000065,1303,1236,67
111000066,555,576,-21
111000067,755,1032,-277
111000068,570,1345,-775
111000069,2376,3265,-889
111000070,3694,1728,1966
111000071,327,1298,-971
111000072,1240,659,581
111000073,323,1051,-728
111000074,2056,2598,-542
111000075,1011,1507,-496
111000076,613,1705,-1092
111000077,1662,2270,-608
111000078,3119,1690,1429
111000079,1935,1259,676
111000080,621,1130,-509
111000081,3591,7486,-3895
111000082,811,1134,-323
111000084,991,849,142
111000085,1632,2515,-883
111000086,6421,2187,4234
111000087,923,1309,-386
111000088,13704,3123,10581
111000089,1070,1226,-156
111000090,1555,1876,-321
111000091,949,946,3
111000092,1659,1588,71
111000093,766,1264,-498
111000094,2986,1294,1692
111000095,978,3339,-2361
111000096,3624,9727,-6103
111000097,9424,1681,7743
111000098,976,2204,-1228
111000099,623,3726,-3103
111000100,495,3290,-2795
111000101,595,1544,-949
111000102,216,1286,-1070
111000104,548,400,148
111000107,109,1349,-1240
111000109,630,410,220
111000110,1938,1037,901
111000111,2428,837,1591
111000112,1943,735,1208
111000113,1098,1658,-560
111000114,2739,4159,-1420
111000115,11062,1818,9244
111000116,1071,1601,-530
111000117,581,1326,-745
111000118,1962,1600,362
111000119,1215,2510,-1295
111000120,521,852,-331
111000121,345,999,-654
111000122,846,1544,-698
111000123,1377,4717,-3340
111000124,706,4985,-4279
111000125,283,2957,-2674
111000126,118,1436,-1318
111000127,857,267,590
111000128,1773,583,1190
111000129,3462,789,2673
111000130,2140,963,1177
111000131,1793,732,1061
111000132,1533,962,571
111000133,164,213,-49
111000134,160,175,-15
111000135,65,266,-201
111000136,473,557,-84
111000138,13,29,-16
111000140,1,7,-6
111000141,316,521,-205
111000142,15,161,-146
111000143,3,125,-122
111000144,27,131,-104
111000145,1306,12,1294
111000146,61,22,39
111000147,257,47,210
111000148,292,183,109
111000149,6,68,-62
111000150,17,8,9
111000151,6,28,-22
111000153,864,877,-13
111000154,1197,288,909
111000155,128,316,-188
111000156,649,853,-204
111000157,219,1309,-1090
111000158,1314,1083,231
111000159,4750,1136,3614
111000160,317,584,-267
111000161,17,434,-417
111000162,21,313,-292
111000163,644,1655,-1011
111000164,1366,6055,-4689
111000165,2056,749,1307
111000166,2540,630,1910
111000167,229,868,-639
111000168,392,699,-307
111000169,391,847,-456
111000170,615,730,-115
111000171,703,1379,-676
111000172,157,1054,-897
111000173,501,2222,-1721
111000174,263,1084,-821
111000175,88,692,-604
111000176,467,226,241
111000177,258,464,-206
111000178,1343,449,894
111000179,201,312,-111
111000180,308,553,-245
111000181,1008,505,503
111000182,154,354,-200
111000183,438,581,-143
111000184,426,463,-37
111000185,491,759,-268
111000186,490,415,75
111000187,163,371,-208
111000188,203,728,-525
111000189,2403,861,1542
111000190,245,681,-436
111000191,195,654,-459
111000192,355,886,-531
111000193,623,539,84
111000194,67,553,-486
111000195,172,643,-471
111000196,54,466,-412
111000197,395,276,119
111000198,558,165,393
111000199,231,227,4
111000200,341,464,-123
111000201,589,385,204
111000202,291,296,-5
111000203,276,293,-17
111000204,520,1146,-626
111000213,243,581,-338
111000214,1870,2919,-1049
111000215,1284,2290,-1006
111000217,1760,1771,-11
111000218,1311,1569,-258
111000219,695,354,341
111000220,4681,1344,3337
111000221,1590,259,1331
111000224,82,853,-771
111000225,349,237,112
111000226,302,2,300
111000227,95,4,91
111000228,18,345,-327
111000229,49,848,-799
111000230,387,927,-540
111000231,1110,1985,-875
111000232,448,1204,-756
111000233,819,1168,-349
111000234,107,403,-296
111000239,177,405,-228
111000240,51,265,-214
111000241,55,692,-637
111000242,178,140,38
111000243,131,1312,-1181
111000244,570,196,374
111000245,1353,975,378
111000246,423,978,-555
111000247,293,1368,-1075
111000248,662,788,-126
111000249,582,1238,-656
111000250,58,214,-156
111000251,56,194,-138
111000253,38,17,21
111000255,28,15,13
111000257,42,21,21
111000260,98,1825,-1727
111000261,1238,127,1111
111000271,90,496,-406
111000273,11851,2671,9180
111000274,1668,3494,-1826
111000275,172,158,14
111000276,394,3314,-2920
111000277,316,606,-290
111000278,800,371,429
111000291,784,7778,-6994
111000298,739,373,366
111000299,991,231,760
111000300,135,921,-786
111000302,305,152,153
111000303,103,395,-292
111000312,63,104,-41
111000315,19,523,-504
111000320,487,1121,-634
111000321,470,120,350
111000322,359,869,-510
111000323,194,32,162
111000324,469,429,40
111000325,67,123,-56
111000326,198,527,-329
111000327,459,982,-523
111000328,319,762,-443
111000329,0,32,-32
111000330,67,44,23
111000331,21,9,12
111000332,516,2042,-1526
111000334,461,2761,-2300
111000335,831,253,578
111000337,1092,530,562
111000338,42,190,-148
111000339,435,810,-375
111000340,148,1417,-1269
111000341,1177,789,388
111000342,261,478,-217
111000344,1252,1257,-5
111000345,334,83,251
111000346,25,138,-113
111000347,121,12,109
111000350,261,214,47
111000351,127,407,-280
111000352,194,277,-83
111000353,161,427,-266
111000354,697,382,315
111000355,411,1048,-637
111000358,190,2855,-2665
111000360,170,1513,-1343
111000361,111,674,-563
111000546,755,1092,-337
111000547,364,1370,-1006
111000548,128,353,-225
111000549,402,812,-410
111000550,95,858,-763
111000551,1031,317,714
111000552,1759,116,1643
111000907,656,122,534
111000908,20,3,17
111000916,1682,382,1300
111000917,43,717,-674
111000918,184,1865,-1681
111000920,478,16,462
111000921,1,618,-617
111000922,438,496,-58
111000924,28,1717,-1689
111000925,2433,3365,-932
111000926,1148,4007,-2859
111000927,3668,7213,-3545
111000928,8328,6402,1926
111000929,1221,1726,-505
111000930,1152,4237,-3085
111000931,2301,3160,-859
111000932,6287,3814,2473
111000933,4827,2811,2016
111000934,3945,5147,-1202
111000935,1846,1561,285
111000936,1619,3568,-1949
111000937,1021,1790,-769
111000938,2797,3455,-658
111000939,349,34,315
111000940,462,271,191
111000941,300,1099,-799
111000943,398,414,-16
111000944,184,767,-583
111000945,82,3413,-3331
111001109,694,359,335
111001110,324,875,-551
111001111,83,8,75
111001112,339,33,306
111001113,9,222,-213
111001114,1873,174,1699
111001115,104,525,-421
111001116,8982,5045,3937
111001117,1019,1976,-957
111001120,138,701,-563
111001121,241,596,-355
111001122,219,1010,-791
111001123,223,222,1
111001124,91,359,-268
111001125,1,15,-14
111900001,12,171,-159
111900002,29,1437,-1408
111900003,10,731,-721
111900004,58,339,-281
111900006,18,46,-28
111900007,101,8,93
111900008,175,5,170
111900009,186,325,-139
111900010,366,843,-477
111900012,193,270,-77
111900013,4,89,-85
111900014,10826,3766,7060
111900015,0,71,-71
111900016,1,189,-188
111900017,0,191,-191
111900018,233,5,228
111900019,5,159,-154
111900020,2,65,-63
111900021,39,138,-99
111900022,8,91,-83
111900023,147,91,56
111900024,2,108,-106
111900025,0,42,-42
111900026,0,118,-118
111900027,24,217,-193
111900028,4,591,-587
111900029,1,156,-155
111900030,82,692,-610
111900031,10,57,-47
111900032,2,616,-614
111900033,8,129,-121
111900034,315,1106,-791
111900035,67,345,-278
111900036,3,527,-524
111900038,462,1069,-607
111900039,95,735,-640
111900040,2,902,-900
111900042,69,226,-157
111900043,2,662,-660
111900044,433,529,-96
111900046,48,426,-378
111900048,184,1455,-1271
111900049,52,478,-426
111900050,165,27,138
111900051,1,480,-479
111900052,578,877,-299
111900053,2050,1261,789
111900054,167,9,158
111900055,61,984,-923
111900056,487,244,243
111900057,94,82,12
111900058,323,1088,-765
111900059,5373,656,4717
111900060,328,2,326
111900061,29,495,-466
111900062,19,65,-46
111900063,196,371,-175
111900064,185,423,-238
111900065,78,43,35
111900066,111,258,-147
111900067,2,515,-513
111900068,63,51,12
111900069,74,51,23
111900070,182,213,-31
111900071,2,478,-476
111900072,62,20,42
111900073,878,130,748
111900074,17,349,-332
111900075,83,18,65
111900076,151,67,84
111900077,41,6,35
111900078,247,21,226
111900079,26,11,15
111900080,337,239,98
111900082,156,24,132
111900083,106,18,88
111900084,62,4,58
111900085,53,123,-70
111900086,34,4,30
111900087,55,0,55
111900088,414,3,411
111900089,51,3,48
111900090,148,50,98
111900091,163,4,159
111900092,87,2,85
111900093,379,9,370
111900094,102,1,101
111900095,191,44,147
111900096,127,1,126
111900097,42,0,42
111900098,147,1,146
111900099,62,0,62
111900100,140,4,136
111900101,108,27,81
111900102,660,1179,-519
111900103,83,128,-45
111900104,258,116,142
111900105,381,217,164
111900106,2544,134,2410
111900110,4027,568,3459
111900111,227,397,-170
111900112,1614,2611,-997
111900113,457,134,323
111900118,424,86,338
111900119,377,150,227
111900122,114,28,86
111900123,16,31,-15
111900124,29,132,-103
111900125,572,31,541
111900126,337,3,334
111900127,3,893,-890
111900128,0,928,-928
111900129,232,12,220
111900130,340,25,315
111900131,404,6,398
111900132,59,2392,-2333
111900133,17,646,-629
111900134,24,473,-449
111900135,14,38,-24
111900136,93,162,-69
111900137,58,63,-5
111900138,8,118,-110
111900139,12,163,-151
111900140,118,28,90
111900141,69,19,50
111900142,114,35,79
111900143,95,252,-157
111900144,0,142,-142
111900145,2,779,-777
111900146,4,478,-474
111900147,244,704,-460
111900148,32,1170,-1138
111900149,8,525,-517
111900150,11,260,-249
111900151,0,33,-33
111900152,100,108,-8
111900153,1972,375,1597
111900154,21,322,-301
111900155,73,110,-37
111900156,50,50,0
111900157,92,28,64
111900158,470,39,431
111900159,277,15,262
111900160,310,0,310
111900161,112,0,112
111900162,121,234,-113
111900163,47,489,-442
111900164,157,79,78
111901113,342,429,-87
111901114,191,592,-401
111901115,78,0,78
111901116,59,2,57
111901117,19,29,-10
111901118,306,232,74
111901119,1817,166,1651
111901121,337,617,-280
111901122,6,896,-890
111901123,131,656,-525
111901124,131,1,130
111901125,350,348,2
111901127,1470,538,932
111901128,14,171,-157
111901129,10,283,-273
111901130,20,420,-400
111901131,2,317,-315
111901132,126,15,111
111901133,89,10,79
111901134,99,1,98
111901135,15,19,-4
111901136,30,54,-24
111901137,0,35,-35
111901138,142,85,57
111901139,25,87,-62
111901140,10,308,-298
111901141,17,680,-663
111901142,8,333,-325
111901143,2,158,-156
111901144,76,99,-23
111901145,296,432,-136
111901146,653,49,604
112000001,2649,1689,960
112000002,1114,4229,-3115
112000003,1540,1806,-266
112000004,1065,2833,-1768
112000005,3421,3868,-447
112000006,3001,3736,-735
112000007,2910,2526,384
112000008,3668,5744,-2076
112000009,6069,6891,-822
112000010,4091,5091,-1000
112000011,3386,4264,-878
112000012,9360,5043,4317
112000013,8751,5673,3078
112000014,4515,1664,2851
112000015,4465,5684,-1219
112000016,12015,2088,9927
112000017,5959,3969,1990
112000024,3155,1158,1997
112000026,6907,8248,-1341
112000027,1473,942,531
112000028,3183,2745,438
112000029,572,1362,-790
112000030,313,263,50
112000031,3195,7499,-4304
112000032,822,130,692
112000033,3556,2465,1091
112000034,445,125,320
112000035,224,690,-466
112000036,1867,1582,285
112000037,2874,1403,1471
112000038,2428,1853,575
112000039,70,127,-57
112000040,184,383,-199
112000041,808,773,35
112000042,2151,590,1561
112000050,1342,2781,-1439
112000051,1513,1952,-439
112000054,3568,4567,-999
112000057,877,652,225
112000058,671,1193,-522
112000059,849,1323,-474
112000061,6739,3380,3359
112000062,2603,1506,1097
112000063,2411,2434,-23
112000064,6761,9239,-2478
112000065,3158,4073,-915
112000066,4789,2387,2402
112000067,1065,1072,-7
112000068,4535,2851,1684
112000069,1180,3432,-2252
112000070,3202,1385,1817
112000071,1339,4284,-2945
112000072,2381,1539,842
112000073,3091,2874,217
112000074,2563,1524,1039
112000075,1897,1822,75
112000076,5049,4298,751
112000077,569,1060,-491
112000078,2267,1296,971
112000079,2218,2170,48
112000080,879,1438,-559
112000081,2040,3216,-1176
112000082,1880,1334,546
112000083,714,2095,-1381
112000084,1412,1391,21
112000085,1767,2007,-240
112000086,2403,2599,-196
112000087,398,689,-291
112000088,513,1105,-592
112000089,589,545,44
112000090,493,593,-100
112000091,776,1742,-966
112000092,1855,1517,338
112000093,2247,1530,717
112000094,684,1318,-634
112000095,792,1320,-528
112000096,494,1072,-578
112000097,1551,780,771
112000098,1372,2457,-1085
112000099,998,1531,-533
112000100,1767,1487,280
112000101,657,1472,-815
112000102,1107,1000,107
112000103,449,1842,-1393
112000105,687,2550,-1863
112000106,1571,656,915
112000107,26,423,-397
112000108,268,2512,-2244
112000109,60,106,-46
112000110,2322,809,1513
112000111,2425,6514,-4089
112000112,8005,1199,6806
112000113,1527,2861,-1334
112000114,6075,1889,4186
112000115,519,1012,-493
112000116,817,2001,-1184
112000117,1608,1384,224
112000118,1654,1446,208
112000119,703,1393,-690
112000120,85,653,-568
112000121,132,1054,-922
112000122,273,214,59
112000123,815,231,584
112000124,345,90,255
112000125,216,263,-47
112000126,194,1024,-830
112000127,4355,3009,1346
112000128,1422,1507,-85
112000129,128,176,-48
112000130,222,99,123
112000131,45,751,-706
112000132,154,383,-229
112000133,501,672,-171
112000134,771,533,238
112000135,2005,1208,797
112000136,2010,2045,-35
112000137,2901,4169,-1268
112000138,3552,2396,1156
112000139,1350,600,750
112000140,1431,1508,-77
112000141,1013,403,610
112000142,217,1357,-1140
112000143,1305,410,895
112000144,551,2701,-2150
112000145,2510,1079,1431
112000146,953,3429,-2476
112000147,2768,2502,266
112000148,2299,3651,-1352
112000149,372,1328,-956
112000150,215,1038,-823
112000151,459,1103,-644
112000152,306,719,-413
112000153,271,490,-219
112000154,145,412,-267
112000155,425,149,276
112000157,2191,935,1256
112000158,310,1458,-1148
112000159,599,577,22
112000167,570,74,496
112000169,1496,697,799
112000173,798,290,508
112000175,917,786,131
112000176,5522,3542,1980
112000177,920,223,697
112000178,121,976,-855
112000179,276,263,13
112000180,410,493,-83
112000181,1758,2943,-1185
112000182,1200,3160,-1960
112000183,84,104,-20
112000184,383,1113,-730
112000185,623,957,-334
112000187,5323,3616,1707
112000195,335,18,317
112000196,276,4,272
112000197,227,166,61
112000198,28,542,-514
112000199,1964,1687,277
112000202,456,1,455
112000216,80,351,-271
112000230,82,10,72
112000231,8,390,-382
112000256,63,318,-255
112000313,235,235,0
112000314,46,23,23
112000337,404,909,-505
112000352,648,488,160
112000392,2814,2681,133
112000398,1544,1321,223
112000399,12818,4365,8453
112000400,2791,6684,-3893
112000401,3991,4958,-967
112000402,3489,3614,-125
112000403,6829,4402,2427
112000404,734,1059,-325
112000405,1993,3753,-1760
112000406,5660,5077,583
112000407,6706,10540,-3834
112000408,12159,11739,420
112000409,2502,8650,-6148
112000410,662,259,403
112000411,9003,2414,6589
112000412,1969,801,1168
112000413,16203,6091,10112
112000414,143,228,-85
112000415,140,84,56
112000416,2616,1896,720
112000417,307,84,223
112000421,62,287,-225
112000422,539,1119,-580
112000424,5507,4373,1134
112000425,561,1746,-1185
112000426,208,599,-391
112000427,0,16,-16
112000428,188,853,-665
112000429,4634,5376,-742
112000430,5751,5328,423
112000431,114,210,-96
112000432,855,3014,-2159
112000433,865,1878,-1013
112000437,79,383,-304
112900001,80,1,79
112900002,325,1639,-1314
112900003,46,548,-502
112900004,76,424,-348
112900005,220,362,-142
112900006,7,678,-671
112900007,27,324,-297
112900008,0,36,-36
112900009,527,167,360
112900010,276,1138,-862
112900011,459,498,-39
112900012,3,70,-67
112900013,11,415,-404
112900014,6,514,-508
112900015,510,1530,-1020
112900016,1,427,-426
112900017,55,480,-425
112900018,5,447,-442
112900019,93,357,-264
112900020,610,2388,-1778
112900021,2,307,-305
112900022,32,159,-127
112900023,0,323,-323
112900024,28,406,-378
112900025,159,557,-398
112900026,13,424,-411
112900027,10,1857,-1847
112900028,36,242,-206
112900029,16,1181,-1165
112900030,341,351,-10
112900031,6,965,-959
112900032,174,501,-327
112900034,4,108,-104
112900035,19,743,-724
112900036,77,271,-194
112900037,342,204,138
112900038,786,280,506
112900039,29,498,-469
112900040,8,730,-722
112900041,2780,1887,893
112900042,68,781,-713
112900043,35,79,-44
112900044,1214,740,474
112900045,676,510,166
112900046,367,149,218
112900047,32,39,-7
112900049,187,159,28
112900050,141,934,-793
112900051,467,1342,-875
112900052,13,1864,-1851
112900053,507,219,288
112900054,382,51,331
112900055,272,43,229
112900056,674,302,372
112900057,15,1185,-1170
112900058,424,324,100
112900059,208,265,-57
112900060,21,541,-520
112900061,125,325,-200
112900062,92,218,-126
112900063,152,21,131
112900064,260,311,-51
112900065,78,38,40
112900066,220,168,52
112900067,904,307,597
112900068,51,60,-9
112900069,4455,1108,3347
112900071,25,5,20
112900072,555,2556,-2001
112900073,695,84,611
112900074,167,238,-71
112900075,3603,1272,2331
112900076,179,20,159
112900078,349,526,-177
112900079,263,29,234
112900080,37,3,34
112900081,65,292,-227
112900082,562,46,516
112900083,122,109,13
112900084,324,114,210
112900086,43,1,42
112900087,797,155,642
112900088,121,10,111
112900089,784,30,754
112900090,47,28,19
112900091,223,2,221
112900092,342,334,8
112900093,1963,31,1932
112900095,28,0,28
112900096,420,189,231
112900097,90,741,-651
112900098,251,0,251
112900099,846,21,825
112900100,65,1,64
112900101,282,3,279
112900102,406,13,393
112900103,168,3,165
112900104,182,6,176
112900105,15,0,15
112900106,603,178,425
112900107,1,1,0
112900108,13,1,12
112900109,90,0,90
112900110,960,3,957
112900111,656,2,654
112900112,367,1,366
112900113,0,26,-26
112900114,122,73,49
112900115,848,1,847
112900116,47,48,-1
112900117,209,146,63
112900118,48,142,-94
112900119,253,7,246
112900120,1252,407,845
112900121,479,281,198
112900122,27,275,-248
112900123,226,32,194
112900124,12,263,-251
112900125,118,859,-741
112900126,204,346,-142
112900127,451,95,356
112900128,793,1343,-550
112900129,9,1476,-1467
112900130,335,114,221
112900131,95,302,-207
112900132,135,727,-592
112900133,49,2036,-1987
112900134,0,462,-462
112900135,129,75,54
112900137,3,1124,-1121
112900138,5,731,-726
112900139,405,1836,-1431
112900141,1332,49,1283
112900142,126,214,-88
112900143,52,945,-893
112900144,0,676,-676
112900145,52,787,-735
112900146,17,2349,-2332
112900147,12,3598,-3586
112900148,82,1,81
112900149,302,996,-694
112900151,24,83,-59
112900152,6799,1482,5317
112900153,2877,2568,309
112900154,6,172,-166
112900155,335,21,314
112900156,407,2636,-2229
112900157,254,143,111
112900158,59,31,28
112900159,271,111,160
112900160,58,535,-477
112900161,116,48,68
112900162,49,26,23
112900163,227,52,175
112900164,34,229,-195
112900165,196,62,134
112900166,77,88,-11
112900167,14,99,-85
112900168,2,1,1
112900169,9,5,4
112900170,59,172,-113
112900172,98,8,90
112900173,404,222,182
112900174,443,59,384
112900175,248,274,-26
112900176,13,28,-15
112900177,313,82,231
112900178,1040,3938,-2898
112900179,65,830,-765
112900180,3346,2908,438
112900181,521,8,513
112900182,70,2176,-2106
112900183,339,567,-228
112900184,840,780,60
112900185,536,931,-395
112900186,2734,1624,1110
112900187,127,764,-637
112900188,1096,1202,-106
112900189,47,104,-57
112900190,102,94,8
112900192,913,899,14
112900193,2034,682,1352
112900194,86,232,-146
112900195,1828,76,1752
112900196,426,831,-405
112900197,266,654,-388
112900199,523,961,-438
112900200,783,458,325
112900201,59,170,-111
112900202,459,1609,-1150
112900203,249,618,-369
112900204,1449,881,568
112900205,2,18,-16
112900206,4,92,-88
112900207,13,0,13
112900208,66,315,-249
112900209,715,656,59
112900210,0,32,-32
112900211,204,160,44
112900212,1,141,-140
112900213,21,17,4
112900214,68,10,58
112900215,8,396,-388
112900216,40,142,-102
112900217,0,97,-97
112900218,20,30,-10
112900219,38,22,16
112900220,20,0,20
112900221,22,251,-229
112900222,0,131,-131
112900223,1690,24,1666
112900224,257,1297,-1040
112900225,455,922,-467
112900226,330,602,-272
112900227,585,2025,-1440
112900228,36,63,-27
112900229,148,98,50
112900230,13509,7193,6316
112900232,301,266,35
112900233,80,323,-243
112900234,27,227,-200
112900235,96,38,58
112900236,249,22,227
112900237,162,586,-424
112900238,9,84,-75
112900239,1518,713,805
113000001,8366,13927,-5561
113000002,5866,6864,-998
113000003,3133,5887,-2754
113000004,3232,5279,-2047
113000005,3028,2407,621
113000006,2459,3069,-610
113000007,3016,2696,320
113000008,3459,3836,-377
113000009,1572,1986,-414
113000010,1610,3015,-1405
113000011,1595,2247,-652
113000012,2028,2432,-404
113000013,2233,1125,1108
113000014,2295,1711,584
113000015,1063,338,725
113000016,1319,1023,296
113000017,153,430,-277
113000018,612,101,511
113000019,301,368,-67
113000020,322,79,243
113000021,4832,1104,3728
113000022,1054,2157,-1103
113000025,399,531,-132
113000026,1041,822,219
113000027,4540,715,3825
113000028,3601,781,2820
113000029,1187,1123,64
113000030,770,1033,-263
113000031,363,474,-111
113000032,391,479,-88
113000033,436,608,-172
113000034,626,615,11
113000035,81,83,-2
113000036,30,57,-27
113000037,127,70,57
113000038,12,87,-75
113000039,86,1506,-1420
113000040,102,151,-49
113000042,1633,1129,504
113000051,1285,4256,-2971
113000052,3842,2474,1368
113000053,606,1127,-521
113000054,493,1852,-1359
113000055,1653,1538,115
113000056,1441,2099,-658
113000058,1407,1109,298
113000059,1840,1198,642
113000060,302,777,-475
113000061,1178,1738,-560
113000062,2654,471,2183
113000063,160,635,-475
113000064,50,848,-798
113000065,245,1930,-1685
113000066,911,275,636
113000067,2260,2420,-160
113000068,508,3306,-2798
113000069,948,2560,-1612
113000070,2848,1922,926
113000071,492,1276,-784
113000072,914,1061,-147
113000073,1168,2766,-1598
113000074,1555,907,648
113000075,3877,1216,2661
113000076,2301,3076,-775
113000077,2029,980,1049
113000078,1485,4411,-2926
113000079,1465,1560,-95
113000080,1311,1009,302
113000081,1511,1561,-50
113000082,2711,1344,1367
113000083,855,1547,-692
113000084,2818,1800,1018
113000085,1106,1166,-60
113000086,1921,2244,-323
113000087,1324,1568,-244
113000088,5455,2335,3120
113000089,1448,2823,-1375
113000090,574,1295,-721
113000091,1090,692,398
113000094,2624,418,2206
113000095,750,1641,-891
113000096,409,1431,-1022
113000097,2304,658,1646
113000098,209,57,152
113000099,2964,571,2393
113000100,263,797,-534
113000101,800,1026,-226
113000102,1199,626,573
113000103,4665,954,3711
113000104,724,5702,-4978
113000105,1283,842,441
113000106,706,1011,-305
113000107,1455,1721,-266
113000108,1957,2860,-903
113000109,1356,10450,-9094
113000110,2600,1021,1579
113000111,407,2295,-1888
113000112,583,646,-63
113000113,2476,519,1957
113000114,412,3286,-2874
113000116,1464,375,1089
113000117,1528,209,1319
113000118,450,1045,-595
113000119,476,774,-298
113000120,109,414,-305
113000121,1374,1728,-354
113000124,436,244,192
113000125,150,1061,-911
113000127,5114,730,4384
113000128,972,1071,-99
113000129,987,2440,-1453
113000133,6517,2883,3634
113000134,25,2561,-2536
113000135,4906,6903,-1997
113000137,3127,4619,-1492
113000139,755,352,403
113000140,260,482,-222
113000141,674,299,375
113000142,1160,2252,-1092
113000143,443,384,59
113000144,409,1241,-832
113000145,82,247,-165
113000146,160,180,-20
113000147,252,238,14
113000148,196,212,-16
113000149,87,217,-130
113000150,865,806,59
113000151,210,169,41
113000152,60,255,-195
113000153,3072,942,2130
113000154,938,2814,-1876
113000155,474,1062,-588
113000156,259,863,-604
113000157,402,1638,-1236
113000158,904,475,429
113000159,1229,1248,-19
113000160,852,2170,-1318
113000161,327,1064,-737
113000162,991,942,49
113000163,144,90,54
113000164,36,154,-118
113000166,209,155,54
113000167,24,241,-217
113000168,80,221,-141
113000169,197,144,53
113000170,190,185,5
113000171,70,157,-87
113000172,320,137,183
113000173,60,42,18
113000174,108,744,-636
113000175,493,239,254
113000176,596,307,289
113000177,174,694,-520
113000178,254,597,-343
113000179,393,303,90
113000180,1616,2896,-1280
113000181,1417,1457,-40
113000182,385,1172,-787
113000183,290,906,-616
113000184,41,157,-116
113000189,712,1435,-723
113000190,1922,976,946
113000192,3984,2216,1768
113000193,11684,1615,10069
113000194,4809,1777,3032
113000195,6773,1085,5688
113000196,371,227,144
113000197,4786,1838,2948
113000198,72,526,-454
113000199,2664,873,1791
113000201,2976,384,2592
113000202,7876,9247,-1371
113000203,1048,560,488
113000204,3622,2594,1028
113000205,52,52,0
113000206,21,41,-20
113000207,133,34,99
113000208,97,71,26
113000209,70,38,32
113000210,12,47,-35
113000211,709,412,297
113000212,634,45,589
113000213,61,458,-397
113000214,367,694,-327
113000234,227,1816,-1589
113000410,2748,410,2338
113000411,4772,8191,-3419
113000412,14855,3748,11107
113000413,6379,5234,1145
113000414,12863,23773,-10910
113000415,4430,6211,-1781
113000416,14251,8058,6193
113000417,5224,6985,-1761
113000418,6213,4847,1366
113000419,2640,3612,-972
113000420,5998,8855,-2857
113000421,6122,10989,-4867
113000422,22189,18932,3257
113000423,4467,7777,-3310
113000424,6364,17597,-11233
113000425,70,352,-282
113000428,523,76,447
113000430,105,148,-43
113000432,3432,320,3112
113000433,150,1488,-1338
113000434,38,299,-261
113000435,47,1155,-1108
113000436,109,1977,-1868
113000437,1101,22,1079
113000438,355,12,343
113000439,53,245,-192
113000440,204,45,159
113000441,245,477,-232
113000442,230,350,-120
113000443,218,677,-459
113000444,281,458,-177
113000445,145,378,-233
113000446,50,171,-121
113000448,502,454,48
113000449,726,2539,-1813
113000450,2046,12523,-10477
113000451,3213,482,2731
113000452,775,1443,-668
113000453,183,552,-369
113000454,4451,66,4385
113000455,129,263,-134
113000456,6188,4252,1936
113000468,4724,459,4265
113000469,1534,647,887
113000470,1284,186,1098
113000471,21,1205,-1184
113000472,140,585,-445
113000474,555,1220,-665
113000475,2205,3509,-1304
113000476,1422,2915,-1493
113000477,3388,3343,45
113000478,6205,10076,-3871
113000479,137,383,-246
113000480,364,201,163
113000484,17,17,0
113000485,4,0,4
113000486,28,1,27
113000487,1,5,-4
113000488,0,2,-2
113000489,5,1,4
113000490,3,3,0
113000491,2,18,-16
113000492,10,5,5
113000493,0,0,0
113000495,354,460,-106
113000496,193,235,-42
113000497,0,0,0
113000499,0,0,0
113000500,0,2,-2
113900001,11,461,-450
113900002,5,499,-494
113900003,3,400,-397
113900004,3,154,-151
113900005,1,170,-169
113900006,13,87,-74
113900007,668,66,602
113900008,1097,3,1094
113900009,2031,2,2029
113900010,1325,11,1314
113900011,147,11,136
113900012,64,8,56
113900013,2991,49,2942
113900014,804,3,801
113900015,2,45,-43
113900016,30,0,30
113900017,5,84,-79
113900018,678,215,463
113900019,140,96,44
113900020,146,2,144
113900022,34,1,33
113900023,35,3,32
113900024,58,145,-87
113900025,542,50,492
113900026,93,1,92
113900027,1,161,-160
113900028,26,760,-734
113900029,69,398,-329
113900030,243,6,237
113900031,31,1,30
113900032,39,0,39
113900033,109,118,-9
113900035,87,2,85
113900036,28,195,-167
113900037,116,977,-861
113900038,113,163,-50
113900039,174,20,154
113900040,7,13,-6
113900041,8,7,1
113900042,145,74,71
113900043,359,204,155
113900044,393,269,124
113900045,107,5,102
113900046,344,879,-535
113900047,42,249,-207
113900048,354,103,251
113900049,1302,503,799
113900050,294,744,-450
113900051,456,726,-270
113900052,244,250,-6
113900053,1057,985,72
113900054,68,3,65
113900055,169,728,-559
113900056,139,307,-168
113900057,15,226,-211
113900058,113,366,-253
113900059,429,617,-188
113900060,146,428,-282
113900061,1672,365,1307
113900062,115,29,86
113900063,150,259,-109
113900064,52,342,-290
113900065,730,32,698
113900066,510,704,-194
113900067,155,570,-415
113900068,744,640,104
113900069,124,49,75
113900070,248,562,-314
113900071,108,117,-9
113900072,79,258,-179
113900073,413,627,-214
113900074,92,552,-460
113900075,1865,1636,229
113900076,267,15,252
113900077,72,312,-240
113900078,130,114,16
113900079,1,103,-102
113900080,614,359,255
113900081,78,378,-300
113900082,195,402,-207
113900083,271,952,-681
113900084,457,195,262
113900085,66,465,-399
113900086,32,31,1
113900087,74,238,-164
113900088,52,140,-88
113900089,598,80,518
113900090,1132,627,505
113900091,58,83,-25
113900092,69,157,-88
113900093,226,1364,-1138
113900094,463,674,-211
113900095,268,210,58
113900096,344,83,261
113900097,11,222,-211
113900098,993,145,848
113900099,0,169,-169
113900100,0,7,-7
113900101,15,106,-91
113900102,296,173,123
113900103,591,342,249
113900104,246,289,-43
113900105,134,584,-450
113900106,1,186,-185
113900107,0,58,-58
113900108,483,361,122
113900109,776,239,537
113900110,92,18,74
113900111,236,160,76
113900112,132,158,-26
113900113,1455,882,573
113900114,3,239,-236
113900115,0,150,-150
113900116,212,235,-23
113900117,220,43,177
113900118,406,465,-59
113900119,372,681,-309
113900120,202,50,152
113900121,58,142,-84
113900122,679,2631,-1952
113900123,951,362,589
113900124,2,89,-87
113900125,2792,310,2482
113900126,194,106,88
113900127,335,980,-645
113900128,214,101,113
113900129,18,210,-192
113900130,5,29,-24
113900131,303,171,132
113900132,116,110,6
113900133,14,51,-37
113900135,591,931,-340
113900136,185,149,36
113900137,756,499,257
113900138,98,340,-242
113900139,842,173,669
113900140,488,450,38
113900141,615,926,-311
113900142,186,192,-6
113900143,10,46,-36
113900144,501,377,124
113900145,606,430,176
113900146,151,120,31
113900148,318,588,-270
113900149,303,155,148
113900150,1237,994,243
113900151,499,418,81
113900152,45,121,-76
113900153,612,1102,-490
113900154,0,234,-234
113900155,333,195,138
113900156,348,930,-582
113900157,38,431,-393
113900158,1062,682,380
113900159,32,279,-247
113900160,913,1200,-287
113900161,143,387,-244
113900162,1052,1256,-204
113900163,561,445,116
113900164,436,92,344
113900165,1167,751,416
113900166,327,251,76
113900167,311,74,237
113900168,221,176,45
113900169,489,598,-109
113900171,170,94,76
113900172,11,317,-306
113900173,96,1023,-927
113900174,678,1045,-367
113900175,460,203,257
113900176,418,1031,-613
113900177,682,331,351
113900178,492,228,264
113900179,28,1008,-980
113900180,265,128,137
113900181,1298,179,1119
113900182,940,1389,-449
113900183,161,105,56
113900184,25,919,-894
113900185,308,139,169
113900186,41,74,-33
113900187,38,256,-218
113900188,78,275,-197
113900189,371,125,246
113900190,540,202,338
113900191,185,349,-164
113900192,14,828,-814
113900193,35,361,-326
113900194,3561,1827,1734
113900195,494,725,-231
113900196,3,205,-202
113900197,6,441,-435
113900198,61,226,-165
113900199,284,1192,-908
113900200,17,445,-428
113900201,1,394,-393
113900202,60,530,-470
113900203,2,271,-269
113900204,52,833,-781
113900205,14,316,-302
113900206,4,214,-210
113900207,0,81,-81
113900208,2,55,-53
113900209,3,138,-135
113900210,1024,1278,-254
113900211,272,106,166
113900212,219,969,-750
113900214,791,635,156
113900215,68,251,-183
113900216,119,2026,-1907
113900217,55,448,-393
113900218,147,50,97
113900219,164,771,-607
113900220,368,212,156
113900221,758,234,524
113900222,541,917,-376
113900223,170,1607,-1437
113900224,173,84,89
113900225,1105,373,732
113900226,529,286,243
113900227,540,338,202
113900228,503,613,-110
113900229,64,1282,-1218
113900230,7486,4899,2587
113900231,297,453,-156
113900232,135,178,-43
113900233,127,98,29
113900234,580,906,-326
113900235,135,52,83
113900236,177,662,-485
113900237,265,19,246
113900238,449,932,-483
113900239,227,160,67
113900240,10,247,-237
113900241,172,137,35
113900242,140,235,-95
113900243,178,817,-639
113900244,655,334,321
113900245,1893,449,1444
113900246,16,29,-13
113900247,255,599,-344
113900248,5314,3092,2222
113900249,1948,579,1369
113900250,83,207,-124
113900251,810,308,502
113900252,669,21,648
113900253,924,77,847
113900254,992,214,778
113900255,499,37,462
113900256,467,48,419
113900257,42,1118,-1076
113900258,20,896,-876
113900259,564,437,127
113900260,204,22,182
113900261,49,157,-108
113900262,204,1075,-871
113900263,304,942,-638
113900264,14,808,-794
113900265,272,463,-191
113900266,29,401,-372
113900267,201,676,-475
113900268,516,631,-115
113900269,83,297,-214
113900270,511,644,-133
113900271,961,2006,-1045
113900273,200,18,182
113900274,98,32,66
113900275,31,120,-89
113900276,6,396,-390
113900277,157,5,152
113900278,429,281,148
113900279,112,140,-28
113900280,1773,790,983
113900281,785,2101,-1316
113900282,1208,799,409
113900283,613,697,-84
113900284,1084,300,784
113900285,201,106,95
113900286,19,153,-134
113900287,58,158,-100
113900288,2,153,-151
113900289,2056,159,1897
113900290,758,231,527
113900291,150,290,-140
113900292,16,24,-8
113900293,2,504,-502
113900294,657,67,590
113900295,795,654,141
113900296,3841,512,3329
113900297,2482,42,2440
113900298,20,2415,-2395
113900299,81,320,-239
113900300,9360,5338,4022
113900301,1742,664,1078
113900302,4061,1577,2484
113900303,1004,432,572
113900304,2,218,-216
113900305,107,0,107
113900306,50,0,50
113900307,185,0,185
113900308,108,201,-93
113900309,9,1253,-1244
113900310,0,41,-41
113900311,14,0,14
113900312,298,250,48
113900313,44,12,32
114000001,1571,6732,-5161
114000002,255,795,-540
114000003,55,562,-507
114000004,326,615,-289
114000005,249,433,-184
114000006,4148,4109,39
114000007,1098,2530,-1432
114000008,2397,2281,116
114000009,912,335,577
114000011,3680,6056,-2376
114000012,3010,4886,-1876
114000013,2321,3680,-1359
114000014,572,714,-142
114000015,1861,975,886
114000016,232,658,-426
114000017,269,453,-184
114000018,898,107,791
114000026,1983,2946,-963
114000027,3561,3729,-168
114000028,3514,3983,-469
114000038,305,266,39
114000039,104,143,-39
114000040,95,309,-214
114000042,295,350,-55
114000043,93,301,-208
114000044,138,99,39
114000045,89,145,-56
114000046,4562,8973,-4411
114000047,53,136,-83
114000048,332,83,249
114000049,2481,2680,-199
114000050,2662,3419,-757
114000051,4398,3063,1335
114000052,5138,2233,2905
114000053,143,979,-836
114000054,242,2257,-2015
114000055,415,64,351
114000056,1820,1007,813
114000057,17507,4020,13487
114000058,1064,2068,-1004
114000059,492,470,22
114000060,1348,1279,69
114000061,6919,3447,3472
114000062,4127,2019,2108
114000063,4390,2615,1775
114000064,10075,5472,4603
114000065,2687,4482,-1795
114000066,693,1042,-349
114000067,54,1028,-974
114000068,580,1000,-420
114000069,1876,1013,863
114000070,3793,2530,1263
114000071,1120,1070,50
114000072,564,925,-361
114000073,15,171,-156
114000074,56,34,22
114000075,70,313,-243
114000076,16,264,-248
114000077,14,96,-82
114000078,313,1363,-1050
114000079,132,55,77
114000080,115,225,-110
114000081,90,126,-36
114000082,48,978,-930
114000083,69,472,-403
114000084,373,154,219
114000085,168,1433,-1265
114000086,340,948,-608
114000087,84,400,-316
114000088,68,98,-30
114000089,3286,983,2303
114000090,1249,1159,90
114000091,3067,1337,1730
114000092,1661,767,894
114000093,1512,1237,275
114000094,631,810,-179
114000095,405,160,245
114000096,229,695,-466
114000097,192,1142,-950
114000098,626,114,512
114000099,611,1470,-859
114000100,1400,1525,-125
114000101,418,1443,-1025
114000102,594,522,72
114000103,194,796,-602
114000104,32,726,-694
114000105,169,83,86
114000106,2426,1149,1277
114000107,357,188,169
114000108,4831,1895,2936
114000109,576,1263,-687
114000110,782,2830,-2048
114000111,1855,1074,781
114000112,533,2975,-2442
114000113,1344,633,711
114000114,1633,2539,-906
114000115,2444,1191,1253
114000116,839,1904,-1065
114000117,3291,657,2634
114000118,2946,715,2231
114000119,2174,621,1553
114000120,977,1259,-282
114000121,721,1136,-415
114000122,556,404,152
114000123,2057,560,1497
114000124,1894,576,1318
114000125,1015,2702,-1687
114000126,2118,376,1742
114000127,251,299,-48
114000128,1343,906,437
114000130,672,902,-230
114000131,289,147,142
114000132,909,1087,-178
114000133,1326,2637,-1311
114000134,106,328,-222
114000138,101,409,-308
114000139,649,281,368
114000144,1070,724,346
114000145,120,302,-182
114000146,167,516,-349
114000147,1730,2172,-442
114000148,3203,2744,459
114000149,543,366,177
114000150,1314,1129,185
114000151,1652,1501,151
114000152,252,54,198
114000153,1252,2685,-1433
114000154,1441,1087,354
114000155,1958,3737,-1779
114000156,1989,841,1148
114000157,502,1838,-1336
114000158,3766,1233,2533
114000159,254,656,-402
114000160,197,374,-177
114000161,2855,3451,-596
114000162,1547,3001,-1454
114000163,10,232,-222
114000165,721,344,377
114000166,1171,576,595
114000167,7697,1970,5727
114000168,1120,929,191
114000169,3462,1399,2063
114000170,1919,1563,356
114000171,1153,4246,-3093
114000174,343,766,-423
114000176,1284,607,677
114000177,3797,1192,2605
114000178,44,102,-58
114000179,2090,1408,682
114000180,789,1034,-245
114000181,2491,4706,-2215
114000182,10137,3727,6410
114000183,1590,1656,-66
114000184,10320,2105,8215
114000185,1496,1446,50
114000189,883,169,714
114000190,2686,463,2223
114000191,63,92,-29
114000192,485,3032,-2547
114000193,1218,4647,-3429
114000194,2040,1844,196
114000195,197,41,156
114000196,6,563,-557
114000197,1360,77,1283
114000198,1962,632,1330
114000199,3292,1842,1450
114000200,873,3564,-2691
114000201,478,1671,-1193
114000202,1546,1077,469
114000203,679,1382,-703
114000204,143,834,-691
114000205,309,2703,-2394
114000206,749,2036,-1287
114000207,1132,3646,-2514
114000208,809,5597,-4788
114000209,943,5033,-4090
114000210,516,2838,-2322
114000211,1494,2563,-1069
114000212,1352,1079,273
114000213,1928,1015,913
114000214,143,334,-191
114000215,293,111,182
114000216,2279,734,1545
114000217,255,630,-375
114000218,152,420,-268
114000219,1792,425,1367
114000220,37,2253,-2216
114000221,949,256,693
114000222,296,2166,-1870
114000223,609,197,412
114000224,227,1370,-1143
114000225,335,900,-565
114000226,148,366,-218
114000227,1167,711,456
114000228,1133,1539,-406
114000229,1429,2031,-602
114000230,2377,2267,110
114000231,1261,2096,-835
114000232,694,247,447
114000233,2699,210,2489
114000234,1430,1437,-7
114000235,1317,2358,-1041
114000236,5,960,-955
114000237,120,1609,-1489
114000238,164,413,-249
114000239,323,2167,-1844
114000240,959,962,-3
114000241,350,1853,-1503
114000242,1292,1734,-442
114000243,2731,1329,1402
114000244,1209,597,612
114000245,577,962,-385
114000246,250,52,198
114000247,1177,1134,43
114000248,1405,1061,344
114000249,692,820,-128
114000250,737,1073,-336
114000251,443,605,-162
114000252,132,213,-81
114000253,86,538,-452
114000254,35,143,-108
114000255,1615,404,1211
114000256,3772,2254,1518
114000257,735,2539,-1804
114000258,448,663,-215
114000259,149,403,-254
114000260,1,47,-46
114000261,103,72,31
114000262,190,299,-109
114000263,32,4,28
114000264,1374,1117,257
114000265,0,13,-13
114000267,6,2533,-2527
114000268,2,2500,-2498
114000270,156,6,150
114000271,817,110,707
114000283,1170,600,570
114000285,57,456,-399
114000288,104,625,-521
114000289,1564,181,1383
114000293,140,806,-666
114000294,185,384,-199
114000395,2447,137,2310
114000396,585,725,-140
114000402,593,474,119
114000403,316,990,-674
114000405,141,904,-763
114000423,313,801,-488
114000424,444,333,111
114000425,627,793,-166
114000426,417,1350,-933
114000427,64,169,-105
114000428,362,181,181
114000429,31,350,-319
114000432,132,245,-113
114000434,70,175,-105
114000435,15,285,-270
114900001,774,2183,-1409
114900002,824,125,699
114900003,602,3226,-2624
114900004,249,611,-362
114900005,545,1438,-893
114900006,65,123,-58
114900007,275,26,249
114900008,180,198,-18
114900010,4174,2950,1224
114900011,239,203,36
114900013,280,184,96
114900015,110,558,-448
114900018,1235,49,1186
114900020,337,94,243
114900022,7,1201,-1194
114900024,455,186,269
114900025,453,504,-51
114900026,56,170,-114
114900027,360,377,-17
114900029,28,46,-18
114900030,359,467,-108
114900031,447,44,403
114900032,381,66,315
114900033,3058,790,2268
114900034,108,346,-238
114900035,141,551,-410
114900036,507,1371,-864
114900037,130,315,-185
114900038,269,1213,-944
114900039,548,927,-379
114900040,81,566,-485
114900041,669,895,-226
114900042,828,1173,-345
114900043,1537,578,959
114900044,161,47,114
114900046,146,223,-77
114900047,380,2065,-1685
114900048,87,440,-353
114900049,23,394,-371
114900050,53,972,-919
114900051,32,784,-752
114900052,104,356,-252
114900053,124,401,-277
114900054,74,205,-131
114900057,339,27,312
114900058,0,133,-133
114900059,93,68,25
114900060,2007,937,1070
114900061,195,224,-29
114900062,534,655,-121
114900063,67,358,-291
114900064,1309,856,453
114900065,393,958,-565
114900067,78,527,-449
114900068,103,279,-176
114900069,348,323,25
114900070,567,993,-426
114900072,18,515,-497
114900073,3,316,-313
114900074,625,1487,-862
114900075,308,11,297
114900076,13,528,-515
114900080,4839,721,4118
114900082,6042,2338,3704
114900083,2002,1580,422
114900090,406,384,22
114900091,201,365,-164
114900095,759,200,559
114900096,679,1133,-454
114900097,198,1,197
114900098,8,405,-397
114900099,206,4,202
115000001,13174,9537,3637
115000002,5716,5883,-167
115000003,7607,6870,737
115000004,5845,8207,-2362
115000005,3254,4596,-1342
115000006,1730,2784,-1054
115000007,133,309,-176
115000008,1010,858,152
115000009,422,702,-280
115000010,719,267,452
115000013,162,381,-219
115000015,81,557,-476
115000016,339,347,-8
115000019,25,662,-637
115000020,333,830,-497
115000021,400,806,-406
115000022,914,596,318
115000023,468,850,-382
115000024,1887,957,930
115000025,1213,1010,203
115000026,179,698,-519
115000027,279,456,-177
115000028,290,1312,-1022
115000029,875,278,597
115000030,962,1565,-603
115000031,1594,638,956
115000032,10,331,-321
115000033,210,41,169
115000034,191,1685,-1494
115000035,1521,78,1443
115000036,0,497,-497
115000037,569,11,558
115000038,72,266,-194
115000039,5048,4174,874
115000040,10593,5443,5150
115000041,1933,4185,-2252
115000042,1479,1246,233
115000043,5176,3748,1428
115000044,5182,6531,-1349
115000045,4403,3789,614
115000046,2640,4390,-1750
115000047,2239,3185,-946
115000048,2103,4746,-2643
115000049,2107,5624,-3517
115000050,4365,3059,1306
115000051,3280,4105,-825
115000052,5227,3184,2043
115000053,2131,2699,-568
115000054,861,2453,-1592
115000055,222,636,-414
115000056,373,430,-57
115000057,805,845,-40
115000058,208,210,-2
115000059,188,192,-4
115000061,433,133,300
115000062,512,524,-12
115000063,351,569,-218
115000064,276,254,22
115000065,172,598,-426
115000067,370,65,305
115000069,93,550,-457
115000070,60,1546,-1486
115000071,176,17,159
115000072,12,112,-100
115000073,2403,120,2283
115000075,117,103,14
115000076,7350,5234,2116
115000077,2755,4940,-2185
115000078,1423,2794,-1371
115000079,2015,3699,-1684
115000080,3139,4593,-1454
115000081,570,1504,-934
115000082,4726,5598,-872
115000083,2947,4484,-1537
115000084,2447,2173,274
115000085,993,1475,-482
115000086,1431,1882,-451
115000087,697,2584,-1887
115000088,2653,1058,1595
115000089,2328,2196,132
115000090,1161,1465,-304
115000091,568,1779,-1211
115000092,508,544,-36
115000093,686,3,683
115000094,14006,7414,6592
115000095,10637,7308,3329
115000096,967,3546,-2579
115000097,926,1393,-467
115000098,1318,1372,-54
115000099,2826,5713,-2887
115000100,1325,903,422
115000101,689,2408,-1719
115000102,763,387,376
115000103,500,1267,-767
115000105,56,324,-268
115000106,572,516,56
115000107,218,1045,-827
115000108,6767,4091,2676
115000109,9223,5332,3891
115000110,2080,1702,378
115000111,974,2865,-1891
115000112,908,1025,-117
115000113,971,1400,-429
115000114,2280,1315,965
115000116,6150,2907,3243
115000117,6150,4097,2053
115000118,3014,2796,218
115000119,2958,3256,-298
115000120,881,1653,-772
115000121,2161,1518,643
115000122,5710,3844,1866
115000123,3208,3040,168
115000124,1537,1748,-211
115000125,958,897,61
115000126,387,462,-75
115000127,897,279,618
115000128,1784,1155,629
115000129,686,416,270
115000130,476,1712,-1236
115000131,1118,509,609
115000132,271,946,-675
115000133,760,624,136
115000134,447,405,42
115000135,504,350,154
115000136,368,369,-1
115000137,193,313,-120
115000138,255,387,-132
115000139,408,353,55
115000140,291,324,-33
115000141,265,534,-269
115000142,260,414,-154
115000143,746,912,-166
115000144,691,152,539
115000145,472,664,-192
115000146,796,435,361
115000147,1197,829,368
115000148,558,2503,-1945
115000149,1097,397,700
115000150,1110,2301,-1191
115000151,1217,930,287
115000152,1321,2627,-1306
115000153,2404,1048,1356
115000154,1143,715,428
115000155,1366,1892,-526
115000156,2938,1158,1780
115000157,2564,1501,1063
115000158,1856,717,1139
115000159,2004,925,1079
115000160,1161,1394,-233
115000161,965,1046,-81
115000162,1109,1060,49
115000163,1081,768,313
115000164,1034,744,290
115000165,703,722,-19
115000167,290,142,148
115000168,1637,537,1100
115000169,2294,489,1805
115000170,436,205,231
115000171,685,273,412
115000172,3321,1072,2249
115000173,802,882,-80
115000174,252,415,-163
115000175,382,166,216
115000176,344,144,200
115000177,326,174,152
115000178,40,460,-420
115000179,54,45,9
115000180,170,1332,-1162
115000181,772,230,542
115000182,919,775,144
115000183,348,1654,-1306
115000186,970,449,521
115000187,276,1362,-1086
115000188,657,988,-331
115000189,472,726,-254
115000190,1611,916,695
115000191,715,847,-132
115000194,267,269,-2
115000195,483,471,12
115000196,212,271,-59
115000197,247,597,-350
115000198,316,410,-94
115000199,405,475,-70
115000200,510,187,323
115000201,220,640,-420
115000206,512,153,359
115000207,282,640,-358
115000208,882,1172,-290
115000209,829,491,338
115000210,197,188,9
115000211,351,457,-106
115000212,4091,452,3639
115000224,558,102,456
115000225,80,88,-8
115000229,420,280,140
115000230,124,872,-748
115000231,435,4010,-3575
115000232,1868,497,1371
115000233,360,323,37
115000234,45,457,-412
115000241,80,423,-343
115000242,140,573,-433
115000243,68,409,-341
115000244,12,142,-130
115000246,75,43,32
115000247,41,25,16
115000248,34,34,0
115000249,65,35,30
115000250,774,72,702
115000251,303,301,2
115000252,116,386,-270
115000253,19,678,-659
115000258,332,375,-43
115000259,528,249,279
115000261,33,58,-25
115000262,17,46,-29
115000263,16,137,-121
115000264,18,105,-87
115000267,98,130,-32
115000268,27,176,-149
115000269,203,74,129
115000270,11,54,-43
115000272,63,280,-217
115000273,477,41,436
115000280,3414,267,3147
115000281,1024,669,355
115000282,2792,813,1979
115000284,514,263,251
115000296,1130,6,1124
115000297,814,166,648
115000298,242,456,-214
115000300,289,272,17
115000302,573,388,185
115000303,947,274,673
115000304,954,170,784
115000305,167,1754,-1587
115000306,262,1018,-756
115000307,128,420,-292
115000308,146,37,109
115000309,44,75,-31
115000310,1181,1510,-329
115000311,927,2641,-1714
115000313,209,1386,-1177
115000314,454,206,248
115000315,1785,470,1315
115000316,48,152,-104
115000317,218,1011,-793
115000318,1305,551,754
115000319,146,503,-357
115000320,29,491,-462
115000321,825,15,810
115000322,52,454,-402
115000449,487,392,95
115000557,2,1694,-1692
115000558,756,109,647
115000587,791,725,66
115000588,4703,5846,-1143
115000589,5689,4239,1450
115000590,1913,2813,-900
115000591,2428,1588,840
115000592,1275,3197,-1922
115000593,2429,1290,1139
115000594,1349,3777,-2428
115000609,171,203,-32
115000617,3024,4620,-1596
115000624,328,133,195
115000633,601,3469,-2868
115000634,5024,1541,3483
115000635,737,281,456
115000638,2214,1380,834
115000641,129,186,-57
115000642,574,527,47
115000643,173,1004,-831
115000644,275,683,-408
115000646,1106,2098,-992
115000647,335,884,-549
115000648,1872,2952,-1080
115000893,5381,2648,2733
115000894,165,1925,-1760
115000895,673,1306,-633
115000896,2208,585,1623
115000897,873,210,663
115000898,1364,380,984
115000899,1482,2230,-748
115000900,178,735,-557
115000901,150,246,-96
115000912,449,185,264
115000913,3,73,-70
115000915,109,5,104
115000916,33,1,32
115000917,0,16,-16
115000918,151,442,-291
115000919,28,22,6
115000920,219,135,84
115000921,1822,394,1428
115000922,2970,1381,1589
115000923,1184,1228,-44
115000925,112,117,-5
115000927,100,67,33
115000933,943,242,701
115000934,192,299,-107
115000935,122,183,-61
115000936,67,720,-653
115000937,1891,339,1552
115000938,182,312,-130
115000939,152,257,-105
115900001,79,94,-15
115900002,91,366,-275
115900003,201,198,3
115900004,0,94,-94
115900005,221,10,211
115900006,220,767,-547
115900008,58,16,42
115900009,100,605,-505
115900010,341,324,17
115900011,600,548,52
115900012,162,204,-42
115900013,625,320,305
115900014,117,290,-173
115900015,89,161,-72
115900016,83,89,-6
115900017,9,4,5
115900018,247,139,108
115900019,566,51,515
115900020,43,0,43
115900021,2740,250,2490
115900022,4777,30,4747
115900023,30,5,25
115900025,110,496,-386
115900026,1250,422,828
115900027,1,521,-520
115900028,756,108,648
115900029,23,767,-744
115900030,71,35,36
115900031,704,386,318
115900032,664,1435,-771
115900033,1,62,-61
115900034,64,780,-716
115900035,50,31,19
115900036,345,915,-570
115900037,74,780,-706
115900038,151,21,130
115900039,241,505,-264
115900041,618,706,-88
115900042,75,9,66
115900043,212,243,-31
115900044,482,457,25
115900046,285,456,-171
115900047,186,135,51
115900049,224,430,-206
115900051,7,147,-140
115900052,9,356,-347
115900053,256,483,-227
115900054,167,102,65
115900055,18,176,-158
115900056,219,515,-296
115900057,149,9,140
115900058,20,81,-61
115900060,101,280,-179
115900061,261,2,259
115900062,43,452,-409
115900063,41,16,25
115900064,230,659,-429
115900065,152,187,-35
115900066,305,313,-8
115900067,11,1271,-1260
115900068,4736,1035,3701
115900069,84,373,-289
115900070,303,371,-68
115900071,5,909,-904
115900072,75,303,-228
115900073,78,90,-12
115900074,10,503,-493
115900075,32,471,-439
115900076,5,125,-120
115900077,6,392,-386
115900078,34,206,-172
115900079,278,29,249
115900080,806,443,363
115900081,19,102,-83
115900082,251,248,3
115900084,307,39,268
115900085,138,104,34
115900086,2576,788,1788
115900088,54,87,-33
115900089,279,1006,-727
115900090,291,44,247
115900091,32,50,-18
115900092,32,351,-319
115900093,8,89,-81
115900094,4,574,-570
115900096,8,48,-40
115900097,6,751,-745
115900098,212,838,-626
115900099,112,91,21
115900100,12,920,-908
115900101,185,697,-512
115900102,58,120,-62
115900103,443,421,22
115900104,76,308,-232
115900105,189,1213,-1024
115900106,61,68,-7
115900107,84,270,-186
115900108,92,91,1
115900109,62,609,-547
115900110,0,42,-42
115900111,6,118,-112
115900112,74,1769,-1695
115900113,37,52,-15
115900114,7,156,-149
115900115,100,313,-213
115900116,126,1580,-1454
115900117,70,50,20
115900118,9,481,-472
115900119,505,204,301
115900120,33,737,-704
115900121,197,473,-276
115900124,266,783,-517
115900125,321,51,270
115900126,808,103,705
115900127,794,104,690
115900128,9,73,-64
115900129,885,54,831
115900130,26,336,-310
115900131,376,42,334
115900132,628,9,619
115900134,357,9,348
115900135,763,1268,-505
115900137,20,1,19
115900139,123,132,-9
115900140,206,47,159
115900141,26,80,-54
115900142,37,33,4
115900143,428,592,-164
115900144,98,439,-341
115900146,22,249,-227
115900147,462,369,93
115900148,27,4,23
115900149,69,46,23
115900150,66,100,-34
115900151,14,115,-101
115900152,120,714,-594
115900153,168,342,-174
115900154,1210,499,711
115900155,0,134,-134
115900156,916,1074,-158
115900157,177,770,-593
115900158,44,10,34
115900159,136,412,-276
115900160,11,14,-3
115900161,91,372,-281
115900163,211,281,-70
115900164,537,33,504
115900165,1,253,-252
115900166,289,501,-212
115900168,156,257,-101
115900171,177,769,-592
115900172,116,175,-59
115900173,378,231,147
115900174,682,246,436
115900175,127,377,-250
115900178,17,995,-978
115900179,270,23,247
115900180,70,600,-530
115900181,190,352,-162
115900182,401,501,-100
115900183,219,92,127
115900184,2259,23,2236
115900187,8,157,-149
115900189,1,226,-225
115900190,1094,1952,-858
115900191,75,664,-589
115900192,38,106,-68
115900193,176,146,30
115900194,603,71,532
115900195,838,2074,-1236
115900198,308,518,-210
115900199,215,437,-222
115900200,376,534,-158
115900201,464,369,95
115900202,2,33,-31
115900203,8,6,2
115900204,0,0,0
115900205,161,16,145
115900206,169,239,-70
115900207,37,45,-8
115900208,154,555,-401
115900209,8,222,-214
115900210,7,194,-187
115900211,6,333,-327
115900212,172,463,-291
115900213,134,91,43
115900214,409,373,36
115900215,30,82,-52
115900216,4,145,-141
115900217,2,94,-92
115900218,1,83,-82
115900219,94,9,85
115900220,115,37,78
115900221,107,37,70
115900222,47,41,6
115900223,17,255,-238
115900224,2811,942,1869
115900225,64,43,21
115900226,11,73,-62
115900227,10,69,-59
115900228,12,82,-70
115900229,17,92,-75
115900230,51,179,-128
115900231,196,9,187
115900232,105,5,100
115900233,88,21,67
115900234,74,39,35
115900235,20,64,-44
115900236,85,21,64
115900237,22,38,-16
115900238,35,44,-9
115900239,25,52,-27
115900240,12,89,-77
115900241,277,153,124
115900242,456,511,-55
115900243,24,10,14
115900244,8,18,-10
115900245,116,14,102
115900246,9,4,5
115900247,43,6,37
115900248,18,3,15
115900249,16,15,1
115900250,22,29,-7
115900251,0,11,-11
115900252,0,2,-2
115900253,17,15,2
115900254,55,23,32
115900255,18,45,-27
115900256,40,62,-22
115900257,5,5,0
115900258,0,4,-4
115900259,10,7,3
115900260,23,2,21
115900261,13,4,9
115900262,2,6,-4
115900263,6,11,-5
115900264,3,9,-6
115900265,0,14,-14
115900266,3,10,-7
115900267,12,21,-9
115900268,17,12,5
115900269,467,699,-232
115900270,517,1247,-730
115900271,118,0,118
115900272,55,2,53
115900273,6,39,-33
115900274,0,42,-42
115900275,1,64,-63
115900276,0,126,-126
115900277,0,215,-215
115900278,31,258,-227
115900279,25,254,-229
115900280,10,428,-418
115900281,951,276,675
115900282,22,11,11
115900283,6,42,-36
115900284,18,9,9
116000001,21548,11078,10470
116000002,6932,17338,-10406
116000003,2235,3477,-1242
116000004,5530,5357,173
116000005,8107,6180,1927
116000006,8019,2380,5639
116000007,5775,7219,-1444
116000008,6430,2964,3466
116000009,2896,4242,-1346
116000010,2620,1834,786
116000011,1318,3094,-1776
116000012,1328,1202,126
116000013,31918,8517,23401
116000014,30430,20058,10372
116000015,1056,2460,-1404
116000016,14299,6959,7340
116000017,60,1244,-1184
116000018,968,979,-11
116000019,1664,568,1096
116000020,860,2441,-1581
116000021,963,539,424
116000022,498,863,-365
116000023,2124,1316,808
116000024,1145,1846,-701
116000025,2015,957,1058
116000026,2835,3807,-972
116000027,1667,969,698
116000028,638,1527,-889
116000029,1521,942,579
116000030,897,714,183
116000031,205,362,-157
116000032,825,428,397
116000033,654,835,-181
116000034,1445,1661,-216
116000035,934,1156,-222
116000036,3139,956,2183
116000037,1211,1142,69
116000038,1247,811,436
116000039,1147,304,843
116000040,3083,434,2649
116000041,476,724,-248
116000042,957,439,518
116000043,89,800,-711
116000044,85,146,-61
116000045,3165,2339,826
116000046,2374,2074,300
116000047,3702,4584,-882
116000048,3875,2769,1106
116000049,1513,3719,-2206
116000050,1936,2697,-761
116000051,6688,3409,3279
116000052,6225,6711,-486
116000053,3485,1917,1568
116000054,1685,4271,-2586
116000055,772,2487,-1715
116000056,1206,2201,-995
116000057,6499,3200,3299
116000058,5191,3459,1732
116000059,3860,9475,-5615
116000060,3812,1386,2426
116000061,1536,2125,-589
116000062,1819,337,1482
116000063,1615,2067,-452
116000066,353,1055,-702
116000067,351,1158,-807
116000068,571,629,-58
116000069,491,790,-299
116000078,457,1573,-1116
116000080,2303,1748,555
116000082,13,134,-121
116000083,1791,594,1197
116000084,3525,6170,-2645
116000085,2535,2118,417
116000086,3296,2071,1225
116000087,1891,2006,-115
116000088,1344,2180,-836
116000089,352,188,164
116000090,284,297,-13
116000091,433,222,211
116000093,909,1368,-459
116000094,870,1087,-217
116000095,979,1579,-600
116000096,1191,2290,-1099
116000097,1095,1834,-739
116000098,788,8427,-7639
116000099,19372,756,18616
116000100,195,20,175
116000101,831,2520,-1689
116000102,365,2779,-2414
116000103,540,403,137
116000104,262,3294,-3032
116000105,1279,285,994
116000106,777,2113,-1336
116000107,2835,712,2123
116000108,728,269,459
116000111,187,31,156
116000113,117,117,0
116000114,45,191,-146
116000115,277,149,128
116000116,347,678,-331
116000117,1729,3764,-2035
116000118,1688,2700,-1012
116000119,3015,3076,-61
116000120,3934,7590,-3656
116000121,873,916,-43
116000122,2104,2963,-859
116000123,927,820,107
116000124,514,1586,-1072
116000125,2940,1106,1834
116000126,401,2126,-1725
116000127,1727,2523,-796
116000128,2102,1544,558
116000129,1333,277,1056
116000130,595,576,19
116000133,986,1788,-802
116000134,2442,4102,-1660
116000135,2760,2139,621
116000136,1695,3546,-1851
116000137,1283,1123,160
116000138,1073,745,328
116000139,2703,3162,-459
116000140,371,449,-78
116000141,528,1422,-894
116000142,6116,5734,382
116000143,2666,2967,-301
116000144,1871,4190,-2319
116000145,2199,2613,-414
116000146,462,525,-63
116000147,705,209,496
116000148,784,682,102
116000149,735,912,-177
116000151,1058,1427,-369
116000153,141,1203,-1062
116000155,518,490,28
116000156,904,1949,-1045
116000157,57,34,23
116000158,764,633,131
116000159,18,17,1
116000160,24,183,-159
116000161,3,216,-213
116000162,130,133,-3
116000163,32,29,3
116000164,13,32,-19
116000177,541,199,342
116000194,180,726,-546
116000195,3300,969,2331
116000196,10,2,8
116000197,0,8,-8
116000198,6596,2261,4335
116000200,1330,621,709
116000201,1056,1070,-14
116000202,17,538,-521
116000203,7,126,-119
116000204,15,86,-71
116000205,0,208,-208
116000206,0,127,-127
116000207,4,41,-37
116000233,327,1419,-1092
116000287,192,826,-634
116000288,258,503,-245
116000292,183,200,-17
116000296,17,499,-482
116000297,95,36,59
116000304,92,91,1
116000305,24,125,-101
116000346,268,323,-55
116000352,325,193,132
116000354,282,86,196
116000357,54,100,-46
116000358,315,61,254
116000361,174,0,174
116000372,17895,6010,11885
116000381,197,2,195
116000388,2,67,-65
116000389,1220,979,241
116000445,321,995,-674
116000446,629,1723,-1094
116000447,17,647,-630
116000448,1115,583,532
116000563,1418,1375,43
116000565,96,524,-428
116000568,72,422,-350
116000579,25,150,-125
116000584,52,15,37
116000585,27,28,-1
116000586,336,192,144
116000587,921,955,-34
116000589,27,83,-56
116000590,94,97,-3
116000591,185,491,-306
116000592,21,181,-160
116000593,0,72,-72
116000594,697,634,63
116000595,1150,255,895
116000596,99,4,95
116000597,268,94,174
116000598,27,236,-209
116000602,104,1052,-948
116000605,514,281,233
116000606,81,341,-260
116000607,2,60,-58
116000609,448,1246,-798
116000611,152,802,-650
116000612,801,3269,-2468
116000613,637,584,53
116000614,712,1131,-419
116000615,1,339,-338
116000616,125,243,-118
116000617,92,149,-57
116000618,5,282,-277
116000619,44,77,-33
116000620,100,120,-20
116000621,42,248,-206
116000622,74,285,-211
116000624,188,97,91
116000627,62,68,-6
116000628,63,1176,-1113
116000629,32,887,-855
116000630,383,176,207
116000631,135,196,-61
116000632,417,673,-256
116000633,64,960,-896
116000634,366,78,288
116000635,5554,2765,2789
116000636,3470,1660,1810
116000637,290,33,257
116000638,34,883,-849
116900001,278,290,-12
116900002,401,13,388
116900003,39,115,-76
116900004,65,94,-29
116900005,253,89,164
116900006,265,193,72
116900007,199,324,-125
116900008,383,618,-235
116900009,21,6,15
116900010,4,2882,-2878
116900011,19,82,-63
116900012,247,321,-74
116900013,23,231,-208
116900014,108,483,-375
116900015,380,123,257
116900016,168,1,167
116900017,2,1319,-1317
116900018,95,76,19
116900019,28,682,-654
116900020,3038,1000,2038
116900023,125,15,110
116900024,557,120,437
116900025,1181,1554,-373
116900026,331,1404,-1073
116900027,29,124,-95
116900028,6,237,-231
116900029,3,91,-88
116900031,0,10,-10
116900032,9,667,-658
116900033,19,11,8
116900034,7,138,-131
116900035,226,506,-280
116900036,6,208,-202
116900038,52,2,50
116900041,76,34,42
116900042,1292,383,909
116900043,19,194,-175
116900047,114,111,3
116900049,42,594,-552
116900050,140,942,-802
116900051,137,484,-347
116900052,375,91,284
116900055,0,12,-12
116900057,62,510,-448
116900058,41,902,-861
116900059,0,344,-344
116900060,429,362,67
116900062,1,4,-3
116900064,101,1718,-1617
116900065,18,273,-255
116900067,128,245,-117
116900068,166,464,-298
116900070,2,7,-5
116900072,19,706,-687
116900073,17,405,-388
116900074,25,111,-86
116900076,27,38,-11
116900077,9,307,-298
116900078,313,202,111
116900079,36,815,-779
116900080,10,39,-29
116900081,547,2681,-2134
116900082,498,1234,-736
116900083,58,138,-80
116900084,525,69,456
116900085,31,216,-185
116900086,67,443,-376
116900088,652,127,525
116900090,151,80,71
116900091,329,179,150
116900092,134,1502,-1368
116900093,2357,3941,-1584
116900094,9010,6403,2607
116900095,838,219,619
116900096,184,463,-279
116900097,8577,3770,4807
116900098,1259,382,877
116900099,990,1093,-103
116900100,974,35,939
116900101,354,1105,-751
116900103,3,0,3
116900104,66,151,-85
116900105,474,109,365
116900106,1551,872,679
116900107,7720,3042,4678
116900110,17,4,13
116900111,487,2091,-1604
116900112,284,2310,-2026
116900113,6231,1988,4243
116900116,251,460,-209
116900117,63,184,-121
116900118,1364,1249,115
116900120,234,237,-3
116900121,67,100,-33
116900122,714,1181,-467
116900123,223,1296,-1073
116900124,171,2207,-2036
116900125,420,419,1
116900126,451,854,-403
116900128,1,56,-55
116900129,4,523,-519
116900130,1818,4897,-3079
116900131,141,300,-159
116900132,72,99,-27
116900133,146,119,27
116900134,374,286,88
116900136,301,305,-4
116900137,847,261,586
116900138,220,362,-142
116900139,93,618,-525
116900140,161,194,-33
116900141,814,431,383
116900142,6,95,-89
116900143,290,595,-305
116900144,38,93,-55
116900145,260,483,-223
116900147,1349,464,885
116900148,2,60,-58
116900149,50,287,-237
116900150,13,14,-1
116900151,130,34,96
116900153,117,136,-19
116900154,1137,620,517
116900155,101,92,9
116900157,577,604,-27
116900158,700,281,419
116900159,62,476,-414
116900160,1951,629,1322
116900161,16787,8934,7853
116900162,33,205,-172
116900163,168,338,-170
116900164,119,61,58
116900165,349,267,82
116900166,21,209,-188
116900167,571,118,453
116900168,457,130,327
116900169,1641,567,1074
116900170,308,484,-176
116900171,54,428,-374
116900172,559,251,308
116900173,219,100,119
116900174,47,45,2
116900175,704,237,467
116900178,52,322,-270
116900179,211,308,-97
116900180,160,50,110
116900182,539,474,65
116900183,190,179,11
116900185,43,65,-22
116900186,186,550,-364
116900187,52,54,-2
116900188,185,32,153
116900189,83,3,80
116900191,467,787,-320
116900192,340,352,-12
116900194,116,1199,-1083
116900195,50,15,35
116900196,29,128,-99
116900197,98,11,87
116900198,464,320,144
116900200,56,37,19
116900201,100,13,87
116900202,225,71,154
116900203,195,8,187
116900204,58,124,-66
116900206,13,46,-33
116900207,34,58,-24
116900208,17,227,-210
116900209,31,250,-219
116900210,647,378,269
116900211,458,12,446
116900212,37,174,-137
116900213,227,359,-132
116900214,210,148,62
116900215,69,160,-91
116900216,739,416,323
116900218,5,411,-406
116900219,1292,536,756
116900220,101,389,-288
116900221,71,532,-461
116900222,524,546,-22
116900223,128,368,-240
116900226,64,150,-86
116900227,228,127,101
116900228,439,557,-118
116900230,59,647,-588
116900231,49,942,-893
116900232,22,1056,-1034
116900233,262,154,108
116900234,25,10,15
116900235,193,450,-257
116900238,2132,679,1453
116900239,103,1589,-1486
116900240,13181,5561,7620
116900241,63,456,-393
116900242,523,740,-217
116900243,23,183,-160
116900245,44,27,17
116900246,75,28,47
116900247,604,20,584
116900248,119,59,60
116900249,348,245,103
116900250,374,53,321
116900251,845,629,216
116900252,103,1930,-1827
116900253,150,218,-68
116900254,30,164,-134
116900255,130,91,39
116900256,372,165,207
116900257,39,955,-916
116900258,3,581,-578
116900259,159,19,140
116900260,1,256,-255
116900261,44,4,40
116900262,306,248,58
116900263,1,27,-26
116900264,0,16,-16
116900265,50,2,48
116900266,10,124,-114
116900267,1,1,0
116900268,315,11,304
116900269,731,1188,-457
116900271,2349,339,2010
116900272,785,1017,-232
116900273,860,96,764
116900274,120,248,-128
116900275,127,241,-114
116900276,1929,122,1807
116900277,1185,26,1159
116900278,7,44,-37
116900279,0,37,-37
116900280,30,71,-41
116900281,14774,5120,9654
116900282,8,241,-233
116900283,28,319,-291
116900284,14,414,-400
116900285,663,846,-183
116900286,415,26,389
116900287,5,167,-162
116900288,42,192,-150
116900289,26,57,-31
116900290,8,63,-55
116900291,15,12,3
116900292,0,10,-10
116900293,35,99,-64
116900294,110,280,-170
116900295,1085,90,995
116900296,268,148,120
116900297,21,198,-177
116900298,341,87,254
116900299,162,98,64
116900300,13,219,-206
116900301,222,174,48
116900302,190,93,97
116900303,1309,144,1165
116900304,0,246,-246
116900305,41,213,-172
116900306,135,223,-88
117000001,3384,3318,66
117000002,3812,9112,-5300
117000003,15164,5281,9883
117000004,8561,10721,-2160
117000005,3226,2868,358
117000006,2139,8165,-6026
117000007,5605,2202,3403
117000008,2467,9946,-7479
117000009,7421,3003,4418
117000010,4637,9073,-4436
117000011,3128,3536,-408
117000012,2450,3360,-910
117000013,3280,2105,1175
117000014,2915,4917,-2002
117000015,6946,2275,4671
117000016,2557,89,2468
117000017,1630,274,1356
117000018,504,805,-301
117000019,695,5,690
117000020,957,2855,-1898
117000021,4702,1370,3332
117000022,1718,111,1607
117000023,1945,306,1639
117000024,1863,148,1715
117000025,5345,716,4629
117000026,11537,1512,10025
117000027,4805,3160,1645
117000028,7688,2495,5193
117000030,1681,1269,412
117000031,644,383,261
117000032,5403,2280,3123
117000033,2448,1906,542
117000034,690,768,-78
117000035,520,455,65
117000036,621,935,-314
117000037,521,405,116
117000038,633,1276,-643
117000039,678,530,148
117000040,258,1996,-1738
117000041,960,307,653
117000044,61,1973,-1912
117000045,971,122,849
117000046,999,1128,-129
117000047,1362,1016,346
117000048,3697,2805,892
117000049,196,999,-803
117000050,264,4115,-3851
117000051,2680,244,2436
117000052,50,838,-788
117000053,386,154,232
117000054,1982,9,1973
117000055,38,6007,-5969
117000056,889,37,852
117000057,1110,4233,-3123
117000060,544,3225,-2681
117000061,3382,1961,1421
117000062,424,992,-568
117000063,3234,1433,1801
117000064,1396,1652,-256
117000066,2042,1397,645
117000067,419,716,-297
117000074,246,485,-239
117000076,119,105,14
117000077,203,189,14
117000078,185,1357,-1172
117000079,591,384,207
117000080,4,665,-661
117000081,1730,223,1507
117000082,25,114,-89
117000083,219,26,193
117000084,868,3,865
117000085,340,1041,-701
117000086,1842,1217,625
117000087,148,933,-785
117000088,364,497,-133
117000089,2069,610,1459
117000090,433,2620,-2187
117000091,850,599,251
117000092,535,2827,-2292
117000093,1456,1176,280
117000094,1577,4890,-3313
117000095,4116,1439,2677
117000096,839,4352,-3513
117000097,1615,2008,-393
117000098,4023,9292,-5269
117000099,3684,1739,1945
117000100,223,422,-199
117000101,310,2383,-2073
117000102,1838,1070,768
117000103,1194,3315,-2121
117000104,1797,1039,758
117000105,1338,2951,-1613
117000106,1491,1461,30
117000107,862,3361,-2499
117000108,1922,1607,315
117000109,3317,4521,-1204
117000110,1775,1471,304
117000111,6287,9352,-3065
117000112,4638,4066,572
117000113,166,486,-320
117000114,226,321,-95
117000115,96,280,-184
117000116,119,437,-318
117000117,3563,915,2648
117000118,959,221,738
117000119,983,205,778
117000120,1351,652,699
117000121,316,2135,-1819
117000122,1411,2515,-1104
117000123,5011,72,4939
117000124,1762,103,1659
117000125,1767,157,1610
117000126,205,60,145
117000127,562,675,-113
117000128,764,1345,-581
117000129,2127,677,1450
117000130,210,3,207
117000131,1,178,-177
117000132,3320,46,3274
117000133,1276,315,961
117000134,2,76,-74
117000135,7,32,-25
117000136,1,43,-42
117000137,156,107,49
117000138,10,997,-987
117000140,655,2987,-2332
117000141,2014,1064,950
117000181,1556,427,1129
117000182,399,674,-275
117000195,287,2136,-1849
117000196,280,119,161
117000225,410,22,388
117000226,21,433,-412
117000276,309,12,297
117000277,4,907,-903
117000310,4625,6017,-1392
117000315,74,2697,-2623
117000320,225,0,225
117000906,388,27,361
117000907,24,869,-845
117000908,261,28,233
117000909,215,58,157
117000910,302,227,75
117000911,159,435,-276
117000915,21,1286,-1265
117000916,31,20,11
117000917,1304,52,1252
117000918,108,139,-31
117000919,10,265,-255
117000920,8,2540,-2532
117000921,8,2614,-2606
117000922,127,311,-184
117000924,1547,1658,-111
117000926,1597,108,1489
117000927,3027,1044,1983
117000928,2,344,-342
117000929,224,1133,-909
117000930,222,37,185
117000931,707,243,464
117900002,629,708,-79
117900003,1077,933,144
117900005,19,371,-352
117900006,0,48,-48
117900007,340,233,107
117900008,10,65,-55
117900010,1145,151,994
117900011,72,28,44
117900012,72,247,-175
117900013,4,724,-720
117900014,1665,363,1302
117900015,65,280,-215
117900016,3309,1004,2305
117900017,899,703,196
117900018,539,80,459
117900019,608,748,-140
117900020,84,491,-407
117900021,32,162,-130
117900022,32,21,11
117900023,1030,1226,-196
117900024,94,193,-99
117900025,66,15,51
117900026,362,659,-297
117900028,508,29,479
117900029,261,1684,-1423
117900030,463,427,36
117900031,1019,214,805
117900032,1225,831,394
117900033,230,1464,-1234
117900034,117,160,-43
117900035,251,109,142
117900036,376,1125,-749
117900037,125,195,-70
117900038,38,613,-575
117900039,12,215,-203
117900040,202,1064,-862
117900041,17,106,-89
117900042,8664,1020,7644
117900043,76,105,-29
117900044,47,6852,-6805
117900045,440,263,177
117900048,286,444,-158
117900049,230,1048,-818
117900050,11,85,-74
117900051,176,6,170
117900052,135,564,-429
117900053,1614,1011,603
117900054,4,48,-44
117900055,253,752,-499
117900056,791,37,754
117900057,1576,2437,-861
117900058,442,37,405
117900059,1298,121,1177
117900060,1870,9244,-7374
117900061,50,534,-484
117900063,639,439,200
117900065,1173,2014,-841
117900066,21,74,-53
117900067,486,492,-6
117900069,1225,767,458
117900070,745,16,729
117900071,224,243,-19
117900073,483,751,-268
117900074,664,71,593
117900075,197,191,6
117900076,56,89,-33
117900077,355,261,94
117900078,363,863,-500
117900080,605,121,484
117900081,722,766,-44
117900082,452,527,-75
117900083,529,1186,-657
117900086,237,79,158
117900087,112,102,10
117900088,4079,4398,-319
117900089,2271,760,1511
117900090,868,1343,-475
117900091,477,322,155
117900092,123,48,75
117900093,75,122,-47
117900094,59,23,36
117900095,844,1023,-179
117900096,95,448,-353
117900097,227,159,68
117900098,28,11,17
117900099,266,571,-305
117900100,287,3,284
117900101,872,2107,-1235
117900102,66,77,-11
117900103,43,0,43
117900104,28,272,-244
117900105,190,527,-337
117900106,111,98,13
117900107,32,0,32
117900109,614,487,127
117900110,45,2,43
117900111,442,18,424
117900112,56,23,33
117900113,11563,3973,7590
117900114,13,0,13
117900115,358,101,257
117900116,1382,2111,-729
117900117,540,609,-69
117900118,73,1,72
117900119,97,482,-385
117900120,200,314,-114
117900121,176,46,130
117900122,2564,3931,-1367
117900123,1393,1059,334
117900124,1043,1232,-189
117900125,1992,1776,216
117900126,366,1261,-895
117900127,763,1151,-388
117900128,444,1587,-1143
117900129,107,1,106
117900130,1464,794,670
117900131,1,224,-223
117900132,11,220,-209
117900133,9,220,-211
117900134,83,371,-288
117900135,28,304,-276
117900136,0,70,-70
117900137,47,462,-415
117900138,0,89,-89
117900139,89,270,-181
117900140,9811,581,9230
117900141,1013,419,594
117900142,143,84,59
117900144,197,110,87
117900145,42,69,-27
117900146,896,130,766
117900147,88,122,-34
117900148,7132,1848,5284
117900149,68,314,-246
117900150,93,157,-64
117900151,135,184,-49
117900152,223,166,57
117900153,106,184,-78
117900154,902,1270,-368
117900156,1409,1884,-475
117900157,154,681,-527
117900158,232,214,18
117900160,858,673,185
117900161,4011,4745,-734
117900162,622,869,-247
117900163,440,42,398
117900165,0,35,-35
117900166,192,513,-321
117900168,37,287,-250
117900169,5,223,-218
117900170,0,83,-83
117900171,2,23,-21
117900172,26,67,-41
117900173,230,122,108
117900174,55,120,-65
117900175,4,109,-105
117900176,10,119,-109
117900177,12,68,-56
117900178,223,68,155
117900180,440,98,342
117900181,466,494,-28
117900182,7,56,-49
117900183,120,324,-204
117900184,27,94,-67
117900185,51,83,-32
117900186,34,25,9
117900187,42,34,8
117900188,324,78,246
117900189,123,29,94
117900190,18,6,12
117900191,161,4,157
117900192,325,4,321
117900193,11,146,-135
117900194,25,9,16
117900195,29,46,-17
117900196,10,31,-21
117900207,298,213,85
117900208,28,71,-43
117900209,238,327,-89
117900210,194,364,-170
117900211,20,439,-419
117900212,175,354,-179
117900213,36,19,17
117900214,5,82,-77
117900215,81,92,-11
117900216,126,31,95
117900217,413,284,129
117900218,587,568,19
117900219,22,134,-112
117900220,299,140,159
117900222,201,460,-259
117900223,204,479,-275
118000001,1720,1176,544
118000002,2622,4487,-1865
118000003,9748,3766,5982
118000004,8777,3373,5404
118000005,9008,8813,195
118000006,12322,18190,-5868
118000007,15507,4495,11012
118000008,12811,6183,6628
118000009,4545,6179,-1634
118000010,7330,7358,-28
118000011,1664,5051,-3387
118000012,2853,4988,-2135
118000013,7099,5651,1448
118000014,3018,5596,-2578
118000016,333,615,-282
118000017,296,738,-442
118000018,571,704,-133
118000019,3937,2231,1706
118000020,3357,3477,-120
118000021,2271,4249,-1978
118000022,4698,1312,3386
118000023,2660,550,2110
118000024,4021,1680,2341
118000027,29973,18548,11425
118000029,1764,1278,486
118000032,2194,7802,-5608
118000033,4939,7036,-2097
118000034,9040,3699,5341
118000035,2474,3903,-1429
118000036,4101,1795,2306
118000037,1855,1771,84
118000038,211,243,-32
118000039,253,987,-734
118000040,2959,3317,-358
118000041,4543,2935,1608
118000045,1833,302,1531
118000046,4227,957,3270
118000047,7241,915,6326
118000048,12932,2436,10496
118000051,6306,1674,4632
118000052,4959,1042,3917
118000053,3924,1770,2154
118000054,4261,6004,-1743
118000055,3081,6410,-3329
118000056,338,804,-466
118000057,330,1282,-952
118000058,12231,2823,9408
118000059,10122,1588,8534
118000060,2370,1168,1202
118000061,1312,2909,-1597
118000062,884,889,-5
118000063,879,990,-111
118000064,2220,2078,142
118000065,9769,5011,4758
118000066,2138,2693,-555
118000067,2505,1345,1160
118000068,4807,7601,-2794
118000069,6961,2423,4538
118000070,13426,3716,9710
118000071,6896,14371,-7475
118000072,6653,1481,5172
118000073,6185,847,5338
118000074,1083,618,465
118000075,970,457,513
118000076,4436,2570,1866
118000077,3048,2257,791
118000078,4882,3238,1644
118000079,668,814,-146
118000080,2509,1582,927
118000081,4139,1604,2535
118000082,594,1918,-1324
118000083,4194,2454,1740
118000084,5453,3146,2307
118000086,641,868,-227
118000087,11121,4054,7067
118000088,3834,3759,75
118000089,6825,4325,2500
118000090,3458,6035,-2577
118000091,3401,5163,-1762
118000092,2138,836,1302
118000093,210,1387,-1177
118000096,1139,1078,61
118000097,1912,1191,721
118000098,587,343,244
118000099,754,1521,-767
118000101,1373,572,801
118000102,446,2525,-2079
118000107,5847,920,4927
118000108,1456,4810,-3354
118000110,2,36,-34
118000111,6,948,-942
118000112,580,1,579
118000113,7,1736,-1729
118000114,536,8,528
118000115,13,37,-24
118000116,98,1,97
118000117,3346,1784,1562
118000118,3275,1146,2129
118000119,1826,1728,98
118000120,3079,2468,611
118000121,199,742,-543
118000122,2790,434,2356
118000123,126,463,-337
118000125,4314,2009,2305
118000126,3080,2530,550
118000127,5325,1372,3953
118000128,1597,2064,-467
118000129,2789,667,2122
118000130,5098,7874,-2776
118000131,1492,1658,-166
118000132,3351,2524,827
118000133,2920,778,2142
118000135,1508,685,823
118000136,257,889,-632
118000137,2978,202,2776
118000138,679,1307,-628
118000139,802,216,586
118000140,4276,7362,-3086
118000141,2994,3717,-723
118000142,2619,3673,-1054
118000143,2595,2190,405
118000144,2730,2069,661
118000145,2368,4261,-1893
118000146,1685,2049,-364
118000147,1455,2895,-1440
118000148,657,2649,-1992
118000149,1214,2160,-946
118000150,580,514,66
118000151,478,849,-371
118000153,1545,2420,-875
118000154,1544,3056,-1512
118000155,1425,2660,-1235
118000156,5580,4531,1049
118000157,1023,696,327
118000158,283,909,-626
118000159,51,158,-107
118000160,619,741,-122
118000161,600,1335,-735
118000162,1904,1539,365
118000163,1198,1517,-319
118000164,5007,2835,2172
118000168,3019,858,2161
118000169,1870,2762,-892
118000170,6715,11519,-4804
118000171,591,1269,-678
118000172,177,715,-538
118000173,1534,2431,-897
118000175,375,645,-270
118000176,402,711,-309
118000177,358,953,-595
118000178,265,89,176
118000179,2737,2192,545
118000180,1399,1619,-220
118000181,1496,490,1006
118000182,462,528,-66
118000183,357,563,-206
118000184,770,1828,-1058
118000185,1674,1546,128
118000186,1071,1464,-393
118000187,1705,1282,423
118000188,1622,506,1116
118000189,910,1889,-979
118000190,21,29,-8
118000191,30,86,-56
118000192,175,217,-42
118000193,155,885,-730
118000194,5635,2472,3163
118000195,2966,1185,1781
118000196,1680,252,1428
118000197,748,163,585
118000198,1368,990,378
118000199,3131,832,2299
118000200,154,440,-286
118000201,1314,885,429
118000202,185,112,73
118000203,3287,654,2633
118000204,452,619,-167
118000205,534,628,-94
118000206,434,345,89
118000207,0,161,-161
118000208,1978,3165,-1187
118000209,2481,3114,-633
118000210,85,66,19
118000211,18,59,-41
118000213,3715,2011,1704
118000214,1423,1470,-47
118000215,398,1160,-762
118000216,3375,9525,-6150
118000217,39,213,-174
118000218,93,175,-82
118000219,1129,979,150
118000220,13,47,-34
118000221,170,653,-483
118000222,195,23,172
118000223,44,59,-15
118000224,766,190,576
118000225,253,1634,-1381
118000226,3334,278,3056
118000227,1578,711,867
118000228,259,356,-97
118000229,753,108,645
118000230,231,463,-232
118000231,148,390,-242
118000232,1137,1847,-710
118000233,1156,1468,-312
118000234,543,510,33
118000236,902,612,290
118000237,85,888,-803
118000238,372,480,-108
118000239,434,608,-174
118000240,912,201,711
118000241,320,673,-353
118000242,678,1334,-656
118000243,312,398,-86
118000244,93,266,-173
118000246,1,21,-20
118000255,74,463,-389
118000256,158,393,-235
118000259,9,133,-124
118000260,485,249,236
118000261,40,242,-202
118000263,219,408,-189
118000266,149,830,-681
118000267,0,133,-133
118000268,1832,9,1823
118000270,97,91,6
118000271,179,633,-454
118000272,198,60,138
118000273,198,151,47
118000274,186,577,-391
118000276,459,604,-145
118000295,4,158,-154
118000298,252,758,-506
118000299,95,299,-204
118000301,0,148,-148
118000302,179,158,21
118000311,464,227,237
118000312,363,326,37
118000313,133,361,-228
118000314,93,141,-48
118000315,75,190,-115
118000316,1053,1138,-85
118000325,51,113,-62
118000326,44,102,-58
118000331,26,117,-91
118000332,19,95,-76
118000333,71,114,-43
118000335,325,1,324
118000336,1,571,-570
118000407,211,128,83
118000457,26,52,-26
118000465,5052,8140,-3088
118000480,62,333,-271
118000489,70,772,-702
118000490,48,809,-761
118000492,265,453,-188
118000510,213,19,194
118000514,355,672,-317
118000515,1722,1436,286
118000517,840,538,302
118000524,2074,402,1672
118000525,1446,1398,48
118000530,19,258,-239
118000531,312,448,-136
118000532,326,474,-148
118000533,765,264,501
118000534,1333,731,602
118000535,368,201,167
118000536,1391,2762,-1371
118000537,208,219,-11
118000538,79,255,-176
118000539,23,296,-273
118000540,790,476,314
118000541,656,145,511
118000542,344,363,-19
118000543,795,373,422
118000546,52,33,19
118000553,0,0,0
118000560,6024,2770,3254
118000562,63,698,-635
118000563,4614,2936,1678
118000576,265,317,-52
118000577,247,162,85
118000578,205,169,36
118000579,1338,2203,-865
118000583,0,0,0
118000595,225,145,80
118000596,1,107,-106
118000597,95,187,-92
118000598,23,0,23
118000599,20,74,-54
118000600,7,80,-73
118000601,21,0,21
118000602,0,89,-89
118000603,0,101,-101
118900001,1944,2218,-274
118900002,1822,1598,224
118900003,329,66,263
118900004,74,86,-12
118900005,93,10,83
118900006,174,10,164
118900007,13,2,11
118900008,2196,88,2108
118900009,47,40,7
118900010,70,4,66
118900011,267,66,201
118900012,605,455,150
118900013,1056,145,911
118900015,303,129,174
118900016,13,56,-43
118900017,279,285,-6
118900018,1943,34,1909
118900019,48,34,14
118900020,262,142,120
118900021,292,649,-357
118900022,214,121,93
118900023,419,201,218
118900024,164,381,-217
118900025,126,49,77
118900026,84,118,-34
118900027,855,556,299
118900028,305,299,6
118900029,456,804,-348
118900030,402,223,179
118900031,209,185,24
118900032,308,282,26
118900033,1699,1022,677
118900034,263,35,228
118900035,213,417,-204
118900036,1419,1399,20
118900037,838,424,414
118900038,501,416,85
118900039,620,328,292
118900040,244,334,-90
118900041,732,309,423
118900042,369,288,81
118900045,377,326,51
118900046,1537,408,1129
118900047,1557,541,1016
118900048,1512,246,1266
118900049,161,86,75
118900050,18,298,-280
118900051,84,123,-39
118900052,620,376,244
118900053,74,173,-99
118900054,157,141,16
118900055,90,211,-121
118900056,44,470,-426
118900057,883,618,265
118900058,1099,632,467
118900059,52,189,-137
118900060,85,245,-160
118900062,249,323,-74
118900064,925,947,-22
118900065,68,423,-355
118900066,150,222,-72
118900067,9099,4961,4138
118900068,14,1454,-1440
118900069,513,581,-68
118900071,11,97,-86
118900072,666,774,-108
118900073,109,229,-120
118900074,172,342,-170
118900075,85,159,-74
118900076,811,121,690
118900077,321,367,-46
118900078,22,12,10
118900079,89,330,-241
118900080,28,180,-152
118900081,117,47,70
118900082,1064,360,704
118900083,39,18,21
118900084,22,33,-11
118900085,835,1887,-1052
118900086,53,169,-116
118900087,26,431,-405
118900088,2,28,-26
118900089,75,29,46
118900090,692,852,-160
118900091,255,414,-159
118900092,142,154,-12
118900093,247,41,206
118900096,72,25,47
118900097,320,1330,-1010
118900099,68,678,-610
118900100,186,374,-188
118900101,130,1281,-1151
118900102,79,152,-73
118900103,52,227,-175
118900104,214,345,-131
118900105,351,178,173
118900107,310,167,143
118900108,152,136,16
118900110,2596,1311,1285
118900111,540,976,-436
118900112,154,204,-50
118900113,161,1168,-1007
118900114,48,164,-116
118900115,154,813,-659
118900116,156,266,-110
118900117,152,272,-120
118900118,332,817,-485
118900119,185,491,-306
118900120,155,556,-401
118900121,25,449,-424
118900122,25,1427,-1402
118900123,221,463,-242
118900124,209,351,-142
118900126,41,595,-554
118900129,529,388,141
118900130,111,264,-153
118900131,189,483,-294
118900132,1226,374,852
118900133,32,141,-109
118900135,299,382,-83
118900136,330,1209,-879
118900137,14,35,-21
118900139,307,1043,-736
118900140,646,1220,-574
118900141,86,350,-264
118900144,353,912,-559
118900145,54,291,-237
118900146,441,1401,-960
118900147,867,222,645
118900148,84,140,-56
118900150,259,900,-641
118900152,747,1554,-807
118900157,254,376,-122
118900158,94,154,-60
118900159,14,406,-392
118900161,329,17,312
118900163,501,130,371
118900164,8,168,-160
118900165,81,414,-333
118900166,43,9,34
118900167,144,212,-68
118900168,30,140,-110
118900169,136,795,-659
118900170,186,253,-67
118900171,23,36,-13
118900174,89,165,-76
118900175,460,634,-174
118900176,155,414,-259
118900177,59,97,-38
118900178,61,196,-135
118900179,4,78,-74
118900181,143,209,-66
118900182,199,75,124
118900183,36,180,-144
118900184,459,114,345
118900185,120,237,-117
118900186,110,138,-28
118900187,241,601,-360
118900188,450,459,-9
118900189,43,1345,-1302
118900190,20,940,-920
118900191,196,111,85
118900192,359,57,302
118900193,680,21,659
118900195,650,1836,-1186
118900196,41,377,-336
118900197,174,196,-22
118900198,30,68,-38
118900199,81,123,-42
118900200,53,34,19
118900201,66,32,34
118900202,16,170,-154
118900203,13,60,-47
118900204,26,60,-34
118900205,11,33,-22
118900206,7,24,-17
119000001,2211,3356,-1145
119000002,5040,6708,-1668
119000003,3096,2867,229
119000004,4690,3226,1464
119000005,5184,4343,841
119000006,3229,2647,582
119000007,6220,6329,-109
119000008,3443,3469,-26
119000009,6109,6759,-650
119000010,13441,7195,6246
119000011,9702,4348,5354
119000012,7365,5680,1685
119000013,3205,1943,1262
119000014,4706,6066,-1360
119000019,463,396,67
119000020,2736,2698,38
119000021,5421,4322,1099
119000022,7665,5112,2553
119000023,751,566,185
119000024,4209,15802,-11593
119000025,24928,2510,22418
119000026,375,479,-104
119000027,945,864,81
119000028,3780,3116,664
119000029,210,395,-185
119000030,857,2559,-1702
119000031,1330,1097,233
119000032,4105,4495,-390
119000033,3498,3417,81
119000034,1556,1707,-151
119000035,26,620,-594
119000036,1931,1875,56
119000037,1424,3610,-2186
119000038,220,1985,-1765
119000039,332,571,-239
119000040,2403,991,1412
119000041,2013,2323,-310
119000048,5131,5775,-644
119000049,2606,5258,-2652
119000050,2920,4952,-2032
119000051,3952,1731,2221
119000052,3733,5853,-2120
119000053,2575,1799,776
119000054,3953,7426,-3473
119000055,4221,5778,-1557
119000056,2641,3270,-629
119000057,1702,4899,-3197
119000058,2918,4374,-1456
119000059,1704,3480,-1776
119000060,2103,1662,441
119000061,1446,1631,-185
119000062,1848,2211,-363
119000063,565,620,-55
119000064,2846,3276,-430
119000065,3149,5873,-2724
119000066,4459,1734,2725
119000067,3074,4459,-1385
119000068,2215,1859,356
119000069,2058,5227,-3169
119000070,2683,1792,891
119000071,849,1516,-667
119000072,13956,6587,7369
119000073,11648,10568,1080
119000074,1776,6144,-4368
119000075,1954,4331,-2377
119000076,955,1659,-704
119000077,1647,1037,610
119000078,705,297,408
119000079,193,1136,-943
119000080,408,472,-64
119000081,769,974,-205
119000082,2136,544,1592
119000083,688,626,62
119000084,460,1044,-584
119000085,1137,525,612
119000086,317,706,-389
119000087,2738,1631,1107
119000088,312,347,-35
119000089,89,331,-242
119000090,214,286,-72
119000091,179,762,-583
119000092,947,340,607
119000093,7206,5938,1268
119000094,3223,12931,-9708
119000095,1905,5546,-3641
119000097,5055,3065,1990
119000098,1028,3940,-2912
119000099,3431,4187,-756
119000100,4638,3528,1110
119000101,7098,3408,3690
119000102,1588,1476,112
119000103,2616,770,1846
119000104,5784,2593,3191
119000105,1569,2223,-654
119000106,494,3630,-3136
119000107,974,903,71
119000108,582,2193,-1611
119000109,372,1115,-743
119000110,1578,1135,443
119000111,173,1173,-1000
119000112,336,247,89
119000113,5096,506,4590
119000114,1376,1662,-286
119000115,211,482,-271
119000116,261,182,79
119000117,248,688,-440
119000118,6,7,-1
119000123,10564,1148,9416
119000124,989,367,622
119000125,3564,1758,1806
119000126,1032,1613,-581
119000127,658,1478,-820
119000128,69,4,65
119000131,1199,1609,-410
119000132,3,5,-2
119000133,4,11,-7
119000134,6184,1139,5045
119000135,221,323,-102
119000136,187,328,-141
119000137,251,853,-602
119000138,388,582,-194
119000139,306,497,-191
119000140,209,523,-314
119000284,1959,5290,-3331
119000285,4184,3831,353
119000286,10741,9576,1165
119000287,1923,3776,-1853
119000288,3921,2595,1326
119000289,5435,7074,-1639
119000290,281,1156,-875
119000291,12,584,-572
119000293,108,420,-312
119000294,49,44,5
119000295,4603,1032,3571
119000296,157,261,-104
119000299,0,0,0
119000302,6136,2415,3721
119000303,102,437,-335
119000314,2287,12932,-10645
119000315,2,916,-914
119000316,127,221,-94
119000317,81,776,-695
119900001,334,1719,-1385
119900002,265,567,-302
119900003,103,2044,-1941
119900004,501,1005,-504
119900005,279,303,-24
119900006,355,585,-230
119900007,1154,191,963
119900008,118,60,58
119900009,936,894,42
119900010,3268,2771,497
119900011,35,111,-76
119900012,43,204,-161
119900013,2834,1531,1303
119900014,1053,529,524
119900015,109,33,76
119900016,51,220,-169
119900017,16,65,-49
119900018,2903,974,1929
119900019,47,12,35
119900020,200,261,-61
119900021,271,129,142
119900022,245,649,-404
119900023,1771,1472,299
119900025,166,40,126
119900026,1873,225,1648
119900027,36,66,-30
119900028,227,151,76
119900029,6,15,-9
119900030,675,951,-276
119900031,53,447,-394
119900033,3386,338,3048
119900034,426,252,174
119900037,136,89,47
119900038,60,456,-396
119900039,68,14,54
119900040,122,25,97
119900041,167,61,106
119900042,147,322,-175
119900043,114,357,-243
119900044,418,944,-526
119900046,92,95,-3
119900047,324,71,253
119900048,28,69,-41
119900049,103,16,87
119900050,126,205,-79
119900051,693,22,671
119900052,65,47,18
119900053,160,397,-237
119900054,115,7,108
119900055,1594,673,921
119900057,181,144,37
119900058,257,6,251
119900059,462,73,389
119900060,344,28,316
119900062,60,34,26
119900063,20,97,-77
119900065,288,8,280
119900066,0,1,-1
119900067,87,55,32
119900068,444,2,442
119900069,101,47,54
119900070,999,8,991
119900071,669,15,654
119900073,3604,859,2745
119900074,176,32,144
119900075,10628,3808,6820
119900076,709,801,-92
119900077,953,2247,-1294
119900078,530,1461,-931
119900079,225,548,-323
119900080,1848,2489,-641
119900081,283,79,204
119900082,1228,188,1040
119900083,605,197,408
119900084,2004,472,1532
119900085,253,152,101
119900087,2695,627,2068
119900088,69,85,-16
119900089,35,838,-803
119900090,315,112,203
119900091,119,2200,-2081
119900092,64,744,-680
119900093,1953,350,1603
119900094,88,385,-297
119900095,303,165,138
119900096,60,190,-130
119900097,1041,385,656
119900098,62,100,-38
119900099,35,498,-463
119900100,4595,4157,438
119900101,323,2412,-2089
119900102,53,571,-518
119900103,38,982,-944
119900104,55,509,-454
119900105,2494,6202,-3708
119900106,36,361,-325
119900107,665,6571,-5906
119900108,6457,1137,5320
119900109,63,697,-634
119900110,736,1763,-1027
119900111,91,637,-546
119900112,5268,1060,4208
119900113,149,689,-540
119900114,316,3418,-3102
119900115,299,2168,-1869
119900116,254,923,-669
119900117,374,1824,-1450
119900118,65,2055,-1990
119900119,373,568,-195
119900120,967,1234,-267
119900121,436,2689,-2253
119900122,478,608,-130
119900123,379,525,-146
119900124,251,2136,-1885
119900125,66,759,-693
119900126,11962,580,11382
119900127,4748,1764,2984
119900128,542,1599,-1057
119900129,330,1884,-1554
119900130,59,645,-586
119900131,42,574,-532
119900132,7,721,-714
119900133,64,86,-22
119900134,4452,525,3927
119900135,5,1005,-1000
119900136,278,950,-672
119900138,590,1266,-676
119900139,52,169,-117
119900140,4,247,-243
119900141,278,1251,-973
119900142,32,48,-16
119900143,32,375,-343
119900144,4295,548,3747
119900145,252,347,-95
119900146,228,336,-108
119900147,6,337,-331
119900148,257,96,161
119900149,3859,5812,-1953
119900150,277,267,10
119900151,4046,1774,2272
119900152,121,889,-768
119900153,173,131,42
119900154,11,611,-600
119900155,54,68,-14
119900156,5,9,-4
119900157,176,547,-371
119900158,192,99,93
119900159,18,3132,-3114
119900160,54,390,-336
119900161,297,635,-338
119900162,1158,1473,-315
119900163,275,303,-28
119900164,0,3,-3
119900165,200,492,-292
119900166,86,51,35
119900167,187,187,0
119900168,843,702,141
119900169,266,886,-620
119900170,288,316,-28
119900171,1405,930,475
119900172,199,27,172
119900173,9,1007,-998
119900174,7,450,-443
119900175,1387,1091,296
119900177,53,384,-331
119900178,33,409,-376
119900179,136,468,-332
119900180,1381,1206,175
119900181,74,122,-48
119900182,9,1131,-1122
119900183,213,1596,-1383
119900184,5744,1046,4698
119900185,63,234,-171
119900186,260,1121,-861
119900187,19,1087,-1068
119900188,109,487,-378
119900189,664,429,235
119900190,88,350,-262
119900191,720,212,508
119900192,38,395,-357
119900193,433,424,9
119900194,20,97,-77
119900195,40,459,-419
119900196,2917,763,2154
119900197,509,171,338
119900198,157,704,-547
119900199,232,46,186
119900200,721,1131,-410
119900201,586,336,250
119900202,281,296,-15
119900203,289,535,-246
119900204,298,570,-272
119900205,696,1237,-541
119900206,126,289,-163
119900208,318,323,-5
119900209,843,1631,-788
119900210,50,75,-25
119900211,166,29,137
119900212,168,490,-322
119900213,4,74,-70
119900214,21,212,-191
119900215,54,154,-100
119900216,13,145,-132
119900217,19,116,-97
119900218,56,123,-67
119900219,9,206,-197
119900220,8,195,-187
119900221,49,665,-616
119900222,28,471,-443
119900223,21,186,-165
119900224,20,48,-28
119900225,2045,116,1929
119900226,1489,2692,-1203
119900227,1885,670,1215
119900228,162,620,-458
119900229,405,1029,-624
119900230,2989,1186,1803
119900231,286,387,-101
119900232,266,134,132
119900233,114,63,51
119900234,44,126,-82
119900235,66,114,-48
119900236,31,447,-416
119900237,96,1227,-1131
119900238,7,153,-146
119900240,94,216,-122
119900241,288,397,-109
119900242,3478,5417,-1939
119900244,1729,2724,-995
119900245,240,344,-104
119900246,376,693,-317
119900247,33,165,-132
119900248,92,194,-102
119900249,263,143,120
119900253,7790,790,7000
119900254,107,809,-702
119900255,135,970,-835
119900256,596,2017,-1421
119900257,99,2,97
119900258,103,13,90
119900259,5,304,-299
119900260,174,15,159
119900261,286,381,-95
119900262,2,530,-528
119900263,1893,689,1204
119900264,94,473,-379
119900265,647,888,-241
119900266,334,593,-259
119900267,401,851,-450
119900268,176,436,-260
119900269,1375,3378,-2003
119900271,25,204,-179
119900272,720,112,608
119900275,199,25,174
119900276,51,5,46
119900277,12,7,5
119900278,748,164,584
119900279,261,579,-318
119900280,1804,363,1441
119900281,5,230,-225
119900282,75,73,2
119900283,8,544,-536
119900284,78,463,-385
119900285,44,161,-117
119900286,9,85,-76
119900288,7,41,-34
119900289,1,41,-40
119900290,0,58,-58
119900291,0,97,-97
119900292,17,13,4
119900293,24,7,17
119900294,21,0,21
119900295,0,0,0
119900296,0,0,0
119900299,85,512,-427
119900300,320,389,-69
119900301,369,133,236
119900302,294,269,25
119900303,279,522,-243
119900304,260,47,213
119900305,39,217,-178
119900306,46,4,42
119900307,55,354,-299
119900308,6,50,-44
119900309,51,119,-68
119900310,514,580,-66
119900311,68,360,-292
119900312,187,193,-6
119900313,363,699,-336
119900314,202,533,-331
119900315,1740,4943,-3203
119900318,8,39,-31
119900319,1,677,-676
119900320,305,1155,-850
119900321,55,2,53
119900322,61,109,-48
119900323,3,284,-281
119900324,0,91,-91
119900325,88,670,-582
119900326,349,135,214
120000001,18438,22615,-4177
120000002,3134,5299,-2165
120000003,4855,2764,2091
120000004,3835,3342,493
120000005,7451,3041,4410
120000006,2022,1978,44
120000007,5996,4164,1832
120000008,1368,2574,-1206
120000009,7720,1463,6257
120000010,2214,4642,-2428
120000011,1695,3691,-1996
120000012,2193,5377,-3184
120000013,3314,4680,-1366
120000014,893,3041,-2148
120000015,3932,2858,1074
120000016,5341,5195,146
120000017,4300,4662,-362
120000018,8537,16197,-7660
120000019,1314,2339,-1025
120000020,5202,4937,265
120000021,2918,3840,-922
120000022,4320,5738,-1418
120000023,1206,2954,-1748
120000024,2197,3658,-1461
120000025,2944,3644,-700
120000026,1664,3366,-1702
120000027,2116,2952,-836
120000028,1950,1124,826
120000029,12869,1317,11552
120000030,522,3626,-3104
120000031,3614,24531,-20917
120000032,17634,5896,11738
120000033,5652,3524,2128
120000034,2518,4342,-1824
120000035,2895,4751,-1856
120000036,4570,8530,-3960
120000037,930,2607,-1677
120000038,17013,5761,11252
120000039,823,1389,-566
120000040,184,376,-192
120000041,1468,3041,-1573
120000042,2560,6046,-3486
120000043,7363,4848,2515
120000044,6015,2385,3630
120000045,6129,1841,4288
120000046,2505,4303,-1798
120000047,3643,6762,-3119
120000048,14645,6545,8100
120000049,8507,4986,3521
120000050,8704,9033,-329
120000051,5708,9718,-4010
120000052,23464,4128,19336
120000053,1173,6305,-5132
120000054,1927,10556,-8629
120000055,2251,9381,-7130
120000056,4859,7384,-2525
120000057,3198,1075,2123
120000058,1853,449,1404
120000059,98,1479,-1381
120000061,283,1231,-948
120000062,241,573,-332
120000063,3101,4778,-1677
120000064,332,2728,-2396
120000065,954,3342,-2388
120000066,255,788,-533
120000067,63,916,-853
120000068,293,1897,-1604
120000069,1060,2754,-1694
120000070,86,1817,-1731
120000071,373,366,7
120000072,619,901,-282
120000073,830,202,628
120000074,153,121,32
120000075,730,446,284
120000076,2203,789,1414
120000077,1959,946,1013
120000078,5670,1508,4162
120000079,320,263,57
120000080,147,315,-168
120000081,435,235,200
120000082,222,273,-51
120000083,144,735,-591
120000084,610,913,-303
120000085,514,753,-239
120000086,483,1041,-558
120000087,274,1894,-1620
120000088,1094,2541,-1447
120000089,1582,1345,237
120000090,912,1003,-91
120000091,1118,2019,-901
120000092,1717,1049,668
120000093,445,899,-454
120000094,245,1052,-807
120000095,1448,1154,294
120000096,387,2025,-1638
120000098,1195,1874,-679
120000099,634,1330,-696
120000100,961,1551,-590
120000101,677,932,-255
120000102,560,1072,-512
120000103,1634,1003,631
120000104,2167,632,1535
120000105,3558,853,2705
120000106,2537,835,1702
120000107,3692,1051,2641
120000108,1207,207,1000
120000109,1207,105,1102
120000110,125,1673,-1548
120000111,203,2196,-1993
120000112,1106,6993,-5887
120000113,757,5554,-4797
120000114,1055,5634,-4579
120000115,560,4803,-4243
120000116,997,3678,-2681
120000117,2604,2772,-168
120000118,48,41,7
120000119,46,132,-86
120000120,94,130,-36
120000121,45,145,-100
120000122,582,596,-14
120000123,11017,7863,3154
120000124,539,922,-383
120000125,590,1732,-1142
120000126,620,1387,-767
120000127,4646,1569,3077
120000128,10261,4502,5759
120000129,491,579,-88
120000130,1308,1411,-103
120000131,388,904,-516
120000134,594,2440,-1846
120000135,552,621,-69
120000137,341,4204,-3863
120000138,946,846,100
120000139,361,1897,-1536
120000140,748,1303,-555
120000141,329,897,-568
120000142,510,1137,-627
120000143,2,188,-186
120000144,112,0,112
120000145,357,6,351
120000146,4944,1923,3021
120000149,818,1698,-880
120000150,8204,10878,-2674
120000151,601,947,-346
120000152,559,562,-3
120000153,269,1877,-1608
120000154,742,794,-52
120000155,149,463,-314
120000156,3025,1345,1680
120000157,1373,1275,98
120000158,1130,1988,-858
120000159,2482,4038,-1556
120000160,2972,2578,394
120000161,2845,5272,-2427
120000162,274,602,-328
120000163,784,2534,-1750
120000164,494,736,-242
120000165,566,1727,-1161
120000166,1411,1339,72
120000167,46,220,-174
120000168,20,979,-959
120000169,102,1064,-962
120000170,142,544,-402
120000171,32,206,-174
120000172,82,75,7
120000173,8779,538,8241
120000174,1311,20,1291
120000175,2060,17,2043
120000176,962,74,888
120000177,4131,267,3864
120000178,505,25,480
120000179,1125,74,1051
120000180,1315,193,1122
120000181,376,1159,-783
120000182,250,504,-254
120000183,54,484,-430
120000184,281,1661,-1380
120000186,185,161,24
120000187,265,89,176
120000188,1309,197,1112
120000190,3785,55,3730
120000191,3503,74,3429
120000192,2153,64,2089
120000193,1089,25,1064
120000195,140,9,131
120000196,366,251,115
120000197,150,790,-640
120000198,180,214,-34
120000199,121,6,115
120000200,139,4,135
120000201,30,23,7
120000202,0,120,-120
120000203,74,506,-432
120000207,1,122,-121
120000208,20,502,-482
120000209,15,108,-93
120000210,247,141,106
120000211,93,3,90
120000212,104,0,104
120000213,83,569,-486
120000214,4,665,-661
120000215,8,259,-251
120000216,63,10,53
120000217,1243,2051,-808
120000218,305,1524,-1219
120000219,17,994,-977
120000220,27,3564,-3537
120000225,1291,0,1291
120000226,288,3,285
120000227,804,44,760
120000228,11526,4538,6988
120000230,380,25,355
120000231,1447,4242,-2795
120000233,286,86,200
120000235,155,1350,-1195
120000236,1048,2,1046
120000237,8,3398,-3390
120000238,34,326,-292
120000241,1871,6447,-4576
120000412,3195,26,3169
120000413,324,790,-466
120000414,92,5,87
120000415,3,372,-369
120000416,150,9,141
120000417,2,220,-218
120000418,118,51,67
120000419,15,942,-927
120000420,105,72,33
120000421,23446,8942,14504
120000422,351,1218,-867
120000423,4,106,-102
120000424,119,284,-165
120000436,172,729,-557
120000437,223,302,-79
120000438,7986,944,7042
120000439,189,621,-432
120000443,208,0,208
120000444,1403,1468,-65
120000445,2893,2251,642
120000446,1943,623,1320
120000447,255,6,249
120000449,115,22,93
120000450,9,540,-531
120000451,206,541,-335
120000452,157,15,142
120000453,2,1055,-1053
120000454,235,70,165
120000455,144,117,27
120000456,4750,6158,-1408
120000457,2236,1488,748
120000458,943,1177,-234
120000459,128,181,-53
120000665,3960,416,3544
120000668,194,672,-478
120000669,98,605,-507
120000670,465,832,-367
120000671,2730,917,1813
120000672,185,803,-618
120900001,49,84,-35
120900002,1507,721,786
120900003,461,87,374
120900004,11,120,-109
120900005,28,2548,-2520
120900006,261,310,-49
120900007,155,312,-157
120900008,353,2136,-1783
120900009,1099,111,988
120900010,433,124,309
120900011,766,226,540
120900012,2051,1689,362
120900013,368,112,256
120900014,7,1641,-1634
120900015,728,229,499
120900016,800,97,703
120900017,5995,173,5822
120900018,149,983,-834
120900019,758,268,490
120900020,1404,1352,52
120900021,715,149,566
120900022,46,896,-850
120900023,244,87,157
120900024,2623,656,1967
120900025,3303,1955,1348
120900026,390,459,-69
120900027,1700,105,1595
120900028,384,88,296
120900029,270,453,-183
120900030,1481,944,537
120900031,262,106,156
120900032,973,288,685
120900033,1194,106,1088
120900034,93,4082,-3989
120900035,78,357,-279
120900037,360,11,349
120900038,73,214,-141
120900039,96,66,30
120900040,303,5,298
120900041,246,59,187
120900042,402,141,261
120900043,66,32,34
120900044,14,1018,-1004
120900045,280,318,-38
120900046,363,11,352
120900047,164,86,78
120900048,118,28,90
120900049,364,3,361
120900050,7125,2086,5039
120900051,357,245,112
120900052,602,3,599
120900053,261,211,50
120900054,2376,1637,739
120900055,315,2,313
120900056,475,13,462
120900057,121,22,99
120900058,430,0,430
120900059,78,1,77
120900060,114,81,33
120900061,254,918,-664
120900062,184,4,180
120900063,578,12,566
120900064,464,0,464
120900065,463,2,461
120900066,281,383,-102
120900067,270,74,196
120900068,204,3,201
120900069,198,96,102
120900071,9,0,9
120900072,554,1,553
120900073,478,436,42
120900074,761,12,749
120900076,266,1,265
120900077,7945,600,7345
120900078,640,1264,-624
120900079,714,158,556
120900080,538,3312,-2774
120900081,989,2023,-1034
120900082,1121,460,661
120900083,73,1,72
120900084,389,535,-146
120900085,250,207,43
120900086,320,322,-2
120900087,486,289,197
120900088,297,453,-156
120900089,8030,2803,5227
120900090,164,480,-316
120900091,775,769,6
120900092,1578,1159,419
120900093,6347,471,5876
120900094,810,444,366
120900095,927,84,843
120900096,101,519,-418
120900097,1048,1598,-550
120900098,361,291,70
120900099,107,111,-4
120900100,106,604,-498
120900101,921,470,451
120900102,40,467,-427
120900103,69,305,-236
120900104,35,64,-29
120900105,58,1185,-1127
120900106,2152,1109,1043
120900107,402,232,170
120900108,7,1549,-1542
120900109,53,1176,-1123
120900110,32,2795,-2763
120900111,260,726,-466
120900112,13,2442,-2429
120900113,33,1609,-1576
120900114,48,279,-231
120900115,216,347,-131
120900116,373,1076,-703
120900117,8,1101,-1093
120900118,20,1584,-1564
120900119,5817,14472,-8655
120900120,111,1260,-1149
120900121,175,781,-606
120900122,476,1163,-687
120900123,11,829,-818
120900124,6,1221,-1215
120900125,5,2367,-2362
120900126,1998,1645,353
120900127,5,1040,-1035
120900128,1393,1936,-543
120900129,63,610,-547
120900130,4,668,-664
120900131,58,185,-127
120900132,852,682,170
120900133,349,2089,-1740
120900134,735,745,-10
120900135,10,1108,-1098
120900136,90,85,5
120900137,290,201,89
120900138,26,330,-304
120900139,9,1307,-1298
120900140,0,139,-139
120900141,370,290,80
120900142,26,1689,-1663
120900143,7,1400,-1393
120900144,2,370,-368
120900145,96,1444,-1348
120900146,11,1720,-1709
120900147,1,691,-690
120900148,198,303,-105
120900149,4,671,-667
120900150,41,1076,-1035
120900151,9,1206,-1197
120900152,8,87,-79
120900153,25,144,-119
120900154,1,672,-671
120900155,207,1839,-1632
120900156,64,553,-489
120900157,101,317,-216
120900158,59,862,-803
120900159,201,655,-454
120900160,44,737,-693
120900161,82,997,-915
120900162,38,1100,-1062
120900163,43,742,-699
120900164,2,3,-1
120900165,39,11,28
120900166,621,541,80
120900167,925,241,684
120900169,102,1045,-943
120900170,4775,3110,1665
120900171,1851,679,1172
120900172,4726,724,4002
120900173,4,90,-86
120900174,9,262,-253
120900175,467,514,-47
120900176,22,546,-524
120900177,1,1459,-1458
120900178,1,649,-648
120900179,1287,867,420
120900180,366,188,178
120900181,127,157,-30
120900182,24,2136,-2112
120900183,534,306,228
120900184,234,184,50
120900185,27,919,-892
120900186,1,939,-938
120900187,664,1553,-889
120900188,163,54,109
120900189,399,1144,-745
120900190,52,62,-10
120900191,0,59,-59
120900192,22698,6048,16650
120900194,51,165,-114
120900195,193,464,-271
120900196,1444,85,1359
120900197,619,145,474
120900198,285,1002,-717
120900199,478,506,-28
120900200,131,189,-58
120900201,983,199,784
120900202,1,424,-423
120900203,65,123,-58
120900204,199,544,-345
120900205,105,181,-76
120900206,20,60,-40
120900207,102,2848,-2746
121000001,2548,1960,588
121000002,9007,4799,4208
121000003,6949,3649,3300
121000004,6170,17327,-11157
121000005,3919,5298,-1379
121000006,7383,3397,3986
121000007,6530,4505,2025
121000008,17000,7051,9949
121000009,11934,11589,345
121000010,20284,15302,4982
121000011,14390,25392,-11002
121000012,26599,23111,3488
121000013,9166,15052,-5886
121000014,11871,15129,-3258
121000015,12149,13132,-983
121000016,8685,9866,-1181
121000017,3750,6019,-2269
121000018,3692,3320,372
121000019,30125,16633,13492
121000020,19435,20515,-1080
121000021,5033,5706,-673
121000022,3440,3681,-241
121000023,5998,5568,430
121000024,5662,7129,-1467
121000025,1399,3143,-1744
121000026,598,294,304
121000027,2841,1620,1221
121000028,1611,740,871
121000029,2011,1351,660
121000030,1072,783,289
121000031,1547,1377,170
121000032,380,135,245
121000034,2091,305,1786
121000035,902,143,759
121000036,3281,1874,1407
121000037,1741,1013,728
121000038,1671,1418,253
121000039,1374,772,602
121000041,983,780,203
121000042,452,542,-90
121000043,1751,1226,525
121000044,4176,1408,2768
121000045,785,570,215
121000046,941,1628,-687
121000047,99,177,-78
121000049,3773,1097,2676
121000050,645,1974,-1329
121000051,1609,570,1039
121000052,726,1080,-354
121000053,1143,197,946
121000054,65,679,-614
121000055,2846,1953,893
121000056,1533,1763,-230
121000057,418,816,-398
121000058,493,184,309
121000059,4002,2176,1826
121000060,748,1443,-695
121000061,987,429,558
121000062,345,470,-125
121000063,1141,961,180
121000064,1344,1554,-210
121000065,1007,701,306
121000066,1175,821,354
121000067,2039,631,1408
121000068,1210,565,645
121000069,1410,968,442
121000070,4023,1963,2060
121000071,2543,2498,45
121000072,2927,1369,1558
121000073,4293,1361,2932
121000074,322,211,111
121000075,168,336,-168
121000076,2286,781,1505
121000077,309,306,3
121000078,219,155,64
121000080,4192,1193,2999
121000081,6428,7623,-1195
121000082,261,385,-124
121000083,614,234,380
121000084,392,195,197
121000085,450,988,-538
121000086,280,1305,-1025
121000087,136,416,-280
121000088,659,1369,-710
121000089,850,609,241
121000090,1055,657,398
121000091,2635,1468,1167
121000092,264,131,133
121000093,157,365,-208
121000094,541,1416,-875
121000095,558,850,-292
121000096,3174,4228,-1054
121000097,2206,3071,-865
121000098,694,1986,-1292
121000099,827,1468,-641
121000100,1243,886,357
121000101,492,457,35
121000102,291,611,-320
121000103,195,498,-303
121000104,338,280,58
121000105,514,404,110
121000106,347,574,-227
121000107,4943,6023,-1080
121000109,2615,1923,692
121000110,554,1315,-761
121000114,5789,3182,2607
121000115,1812,1322,490
121000116,539,1590,-1051
121000117,1309,481,828
121000118,2209,509,1700
121000119,516,715,-199
121000120,400,697,-297
121000121,971,1867,-896
121000123,2877,766,2111
121000126,202,623,-421
121000127,663,204,459
121000128,1176,706,470
121000129,1199,837,362
121000130,716,1717,-1001
121000131,3475,2757,718
121000132,2341,2295,46
121000135,692,1006,-314
121000136,2473,820,1653
121000137,701,459,242
121000138,1794,1411,383
121000139,1088,239,849
121000141,695,276,419
121000142,1650,1131,519
121000143,149,23,126
121000144,1393,2726,-1333
121000145,1157,1963,-806
121000146,2742,1730,1012
121000147,1714,1075,639
121000148,1897,1716,181
121000149,4897,2453,2444
121000152,1076,1655,-579
121000153,3517,1828,1689
121000154,1405,2558,-1153
121000155,2864,2352,512
121000156,664,2131,-1467
121000157,2122,4670,-2548
121000158,488,1691,-1203
121000159,311,1315,-1004
121000160,451,1168,-717
121000161,277,564,-287
121000162,106,386,-280
121000165,3310,2594,716
121000166,46,1200,-1154
121000168,989,689,300
121000169,158,229,-71
121000170,643,683,-40
121000171,120,326,-206
121000172,1207,948,259
121000173,2338,1625,713
121000174,437,535,-98
121000175,1647,811,836
121000176,647,323,324
121000177,3117,1102,2015
121000178,206,77,129
121000179,109,75,34
121000181,435,1020,-585
121000182,201,232,-31
121000183,99,93,6
121000184,318,105,213
121000185,83,287,-204
121000186,347,699,-352
121000187,294,445,-151
121000188,303,392,-89
121000192,1173,760,413
121000193,1117,871,246
121000194,4508,4001,507
121000195,1095,1705,-610
121000196,2882,478,2404
121000197,875,1362,-487
121000198,1135,208,927
121000199,527,831,-304
121000200,1884,146,1738
121000201,31,390,-359
121000202,4679,222,4457
121000203,1461,3784,-2323
121000204,4258,1148,3110
121000205,596,638,-42
121000206,693,83,610
121000207,2885,713,2172
121000208,25,770,-745
121000209,410,672,-262
121000210,493,1198,-705
121000211,452,339,113
121000212,477,1532,-1055
121000213,15908,5634,10274
121000214,1461,6699,-5238
121000215,2439,1766,673
121000216,1322,1676,-354
121000217,11978,5953,6025
121000218,1177,3275,-2098
121000219,5094,828,4266
121000220,586,83,503
121000221,308,608,-300
121000222,5004,3867,1137
121000223,1441,424,1017
121000224,601,252,349
121000225,4970,1756,3214
121000226,15723,1831,13892
121000227,9,526,-517
121000228,16,1217,-1201
121000229,480,743,-263
121000230,113,3018,-2905
121000231,1274,70,1204
121000232,577,654,-77
121000233,1069,422,647
121000234,12,43,-31
121000235,73,47,26
121000236,23,79,-56
121000237,38,11,27
121000238,8,139,-131
121000239,56,5,51
121000240,12,582,-570
121000241,82,14,68
121000242,64,253,-189
121000243,340,109,231
121000244,12,97,-85
121000245,22,18,4
121000246,2,135,-133
121000247,89,6,83
121000248,1137,843,294
121000249,217,443,-226
121000250,1048,176,872
121000251,33,942,-909
121000252,129,104,25
121000253,968,898,70
121000254,1656,557,1099
121000255,569,267,302
121000256,989,327,662
121000257,187,132,55
121000258,508,69,439
121000259,120,90,30
121000260,428,283,145
121000261,390,60,330
121000262,1777,1911,-134
121000263,430,758,-328
121000271,475,2773,-2298
121000273,494,7,487
121000274,98,63,35
121000275,6,44,-38
121000276,11,44,-33
121000278,273,114,159
121000279,181,39,142
121000280,468,99,369
121000289,305,28,277
121000290,2397,1112,1285
121000294,172,375,-203
121000297,2126,2619,-493
121000299,1142,386,756
121000300,1263,1061,202
121000302,212,1835,-1623
121000303,918,820,98
121000304,727,102,625
121000305,275,97,178
121000306,193,243,-50
121000308,285,962,-677
121000309,951,1213,-262
121000310,372,690,-318
121000311,123,1408,-1285
121000312,691,513,178
121000313,850,1235,-385
121000314,190,208,-18
121000315,61,151,-90
121000530,2037,2576,-539
121000531,2172,2600,-428
121000532,9992,9123,869
121000533,3844,5542,-1698
121000918,123,237,-114
121000919,69,113,-44
121000938,328,337,-9
121000939,472,329,143
121000956,1329,2850,-1521
121000957,15,19,-4
121000958,1058,98,960
121000959,949,1504,-555
121000960,3002,3292,-290
121000961,305,217,88
121000962,483,2255,-1772
121000963,0,0,0
121000973,1,219,-218
121000976,35,352,-317
121000979,687,237,450
121000981,437,296,141
121000982,325,391,-66
121000983,853,716,137
121000984,338,92,246
121000985,772,1551,-779
121000986,603,774,-171
121000987,346,2442,-2096
121000988,1254,233,1021
121001302,684,305,379
121001308,141,20,121
121001309,262,138,124
121001313,393,424,-31
121001314,5183,6213,-1030
121001315,6894,5158,1736
121900001,120,245,-125
121900002,227,16,211
121900003,603,30,573
121900004,444,762,-318
121900005,34,17,17
121900006,203,41,162
121900007,4052,4151,-99
121900008,1423,520,903
121900009,1001,30,971
121900010,297,4,293
121900011,490,725,-235
121900012,65,1,64
121900013,2741,92,2649
121900014,2512,611,1901
121900015,321,335,-14
121900016,10,78,-68
121900017,592,890,-298
121900018,393,12,381
121900019,556,487,69
121900020,74,3,71
121900021,1181,33,1148
121900022,358,388,-30
121900023,181,668,-487
121900024,723,127,596
121900025,915,796,119
121900026,672,60,612
121900027,598,237,361
121900028,461,41,420
121900029,244,329,-85
121900030,1228,1568,-340
121900031,2502,14751,-12249
121900032,160,146,14
121900033,243,269,-26
121900034,1242,148,1094
121900035,4650,4045,605
121900036,161,545,-384
121900037,217,962,-745
121900038,49,278,-229
121900039,652,86,566
121900040,86,117,-31
121900041,102,296,-194
121900042,556,249,307
121900043,2,15,-13
121900044,396,111,285
121900046,548,336,212
121900047,369,98,271
121900048,95,266,-171
121900050,44,54,-10
121900051,236,219,17
121900052,234,54,180
121900053,701,867,-166
121900054,1248,1410,-162
121900055,13,17,-4
121900058,835,466,369
121900059,636,311,325
121900060,162,511,-349
121900061,367,261,106
121900062,207,249,-42
121900063,2313,456,1857
121900064,435,1240,-805
121900066,84,27,57
121900067,61,56,5
121900069,227,269,-42
121900070,847,210,637
121900071,320,449,-129
121900072,40,315,-275
121900073,507,363,144
121900074,1098,1663,-565
121900075,1568,501,1067
121900076,1460,1044,416
121900077,40,71,-31
121900078,121,67,54
121900079,0,0,0
121900080,1532,676,856
121900082,109,248,-139
121900084,12,324,-312
121900085,1,22,-21
121900086,21,68,-47
121900087,265,164,101
121900088,3374,5475,-2101
121900089,254,729,-475
121900090,17,194,-177
121900091,61,219,-158
121900092,188,152,36
121900093,76,156,-80
121900094,27,11,16
121900095,353,210,143
121900096,2744,1041,1703
121900097,906,254,652
121900098,10,12,-2
121900099,305,91,214
121900100,315,635,-320
121900101,295,214,81
121900102,4,211,-207
121900103,1256,376,880
121900104,1797,560,1237
121900105,315,415,-100
121900106,9,8,1
121900107,74,65,9
121900108,8,55,-47
121900109,736,254,482
121900110,578,1746,-1168
121900111,1901,186,1715
121900112,222,183,39
121900113,180,1125,-945
121900114,64,184,-120
121900117,715,74,641
121900118,4209,789,3420
121900119,191,166,25
121900120,71,3061,-2990
121900121,1533,170,1363
121900122,22,84,-62
121900123,443,908,-465
121900124,141,178,-37
121900125,1895,2367,-472
121900127,28,171,-143
121900128,121,210,-89
121900129,1015,290,725
121900130,312,448,-136
121900131,475,64,411
121900132,110,154,-44
121900133,129,535,-406
121900134,19,273,-254
121900135,3634,534,3100
121900136,431,787,-356
121900137,86,614,-528
121900138,325,415,-90
121900139,739,836,-97
121900140,113,235,-122
121900141,96,27,69
121900142,156,250,-94
121900143,17,323,-306
121900144,232,478,-246
121900145,309,540,-231
121900146,1291,1227,64
121900147,101,269,-168
121900148,304,405,-101
121900149,791,1121,-330
121900150,118,251,-133
121900151,90,320,-230
121900152,144,227,-83
121900153,159,897,-738
121900154,14,332,-318
121900155,3,173,-170
121900156,281,181,100
121900157,6,680,-674
121900158,140,147,-7
121900159,2,300,-298
121900160,112,442,-330
121900161,751,554,197
121900162,180,231,-51
121900163,353,1033,-680
121900164,761,338,423
121900165,301,240,61
121900166,238,314,-76
121900167,220,193,27
121900168,414,244,170
121900169,19,556,-537
121900170,6,441,-435
121900171,891,1034,-143
121900172,688,470,218
121900173,1716,361,1355
121900174,40,121,-81
121900175,658,239,419
121900176,1104,2659,-1555
121900177,257,75,182
121900178,90,119,-29
121900179,726,209,517
121900180,8658,6078,2580
121900182,2201,485,1716
121900183,796,1495,-699
121900184,79,909,-830
121900186,24,528,-504
121900187,39,231,-192
121900188,819,1129,-310
121900189,86,183,-97
121900190,1029,824,205
121900191,94,735,-641
121900192,614,1155,-541
121900193,138,334,-196
121900194,4,311,-307
121900195,152,129,23
121900196,1837,2406,-569
121900197,752,3209,-2457
121900198,1820,2924,-1104
121900199,5,52,-47
121900200,470,400,70
121900201,1919,995,924
121900202,383,1108,-725
121900203,364,2136,-1772
121900204,1867,2503,-636
121900205,36,173,-137
121900206,15,24,-9
121900207,439,91,348
121900208,369,473,-104
121900209,47,40,7
121900210,3077,2396,681
121900211,61,132,-71
121900212,265,212,53
121900213,172,172,0
121900214,21,1277,-1256
121900215,100,145,-45
121900216,330,275,55
121900217,338,195,143
121900218,353,1134,-781
121900220,216,35,181
121900221,496,1335,-839
121900222,361,265,96
121900223,492,96,396
121900224,175,93,82
121900225,733,111,622
121900226,424,785,-361
121900227,261,717,-456
121900228,404,677,-273
121900230,347,480,-133
121900231,641,2342,-1701
121900232,815,650,165
121900233,449,370,79
121900234,685,641,44
121900235,642,416,226
121900236,452,254,198
121900237,341,448,-107
121900238,271,595,-324
121900239,304,85,219
121900240,329,287,42
121900241,42,111,-69
121900242,6,0,6
121900243,15,0,15
121900244,15,4,11
121900245,359,126,233
121900246,4326,788,3538
121900247,424,363,61
121900248,2292,1902,390
121900250,349,444,-95
121900251,462,73,389
121900252,899,261,638
121900253,190,1303,-1113
121900254,848,395,453
121900255,376,166,210
121900258,5030,3443,1587
121900259,475,1120,-645
121900260,252,370,-118
121900261,248,1157,-909
121900262,631,2561,-1930
121900263,178,778,-600
121900264,3488,2994,494
121900265,530,519,11
121900266,421,282,139
121900267,114,69,45
121900269,345,1028,-683
121900270,41,339,-298
121900271,100,254,-154
121900273,1187,3700,-2513
121900274,519,450,69
121900277,696,1801,-1105
121900278,520,1231,-711
121900279,198,320,-122
121900280,695,563,132
121900281,1141,447,694
121900284,152,19,133
121900286,236,237,-1
121900287,22,41,-19
121900288,1,3,-2
121900290,407,447,-40
121900291,805,996,-191
121900292,707,253,454
121900293,1712,5144,-3432
121900294,421,10,411
121900295,146,403,-257
121900296,323,314,9
121900298,817,935,-118
121900299,0,1,-1
121900300,78,42,36
121900301,34,4,30
121900302,2,25,-23
121900303,1380,717,663
121900304,16,7,9
121900305,1,3,-2
121900306,154,5,149
121900307,22,13,9
121900308,37,416,-379
121900309,16,346,-330
121900310,63,626,-563
121900311,385,30,355
121900312,259,21,238
121900313,681,39,642
121900314,9,116,-107
121900315,7,2,5
121900316,1,16,-15
121900317,5,4,1
121900318,1,17,-16
121900319,11,298,-287
121900320,71,134,-63
121900321,7,0,7
121900322,0,26,-26
121900323,46,46,0
121900324,33,137,-104
121900325,7,0,7
121900326,0,18,-18
121900327,0,42,-42
121900328,0,14,-14
121900329,0,133,-133
121900330,0,26,-26
121900331,208,66,142
121900332,163,79,84
121900333,23,2,21
122000001,3592,6087,-2495
122000002,7418,2757,4661
122000003,2970,2911,59
122000004,4849,2658,2191
122000005,4999,2147,2852
122000006,4592,1069,3523
122000007,2429,2990,-561
122000008,9265,8823,442
122000009,742,539,203
122000010,3313,5752,-2439
122000011,5306,2415,2891
122000012,2499,2126,373
122000013,6555,2553,4002
122000014,3334,4861,-1527
122000015,3127,1776,1351
122000016,1210,1375,-165
122000017,1702,1679,23
122000018,2355,1708,647
122000019,1752,2352,-600
122000020,359,425,-66
122000021,906,829,77
122000022,2806,2773,33
122000023,1068,6322,-5254
122000024,1745,1862,-117
122000025,4562,2303,2259
122000026,2201,1341,860
122000027,1077,9805,-8728
122000028,1221,852,369
122000029,1085,600,485
122000030,753,317,436
122000031,472,549,-77
122000032,4073,6880,-2807
122000033,2465,1709,756
122000034,2324,1171,1153
122000035,551,2124,-1573
122000036,1286,890,396
122000037,589,536,53
122000038,556,471,85
122000039,949,1049,-100
122000040,671,2001,-1330
122000041,1275,841,434
122000042,948,660,288
122000043,257,262,-5
122000044,255,373,-118
122000045,2933,883,2050
122000046,1702,2013,-311
122000047,722,382,340
122000048,6148,9421,-3273
122000049,10989,3549,7440
122000050,3669,1145,2524
122000051,1028,451,577
122000052,1029,365,664
122000053,373,870,-497
122000054,4436,3560,876
122000055,5890,4104,1786
122000056,8023,7308,715
122000057,5597,5546,51
122000058,7067,1562,5505
122000059,5403,2561,2842
122000060,1618,1152,466
122000061,872,783,89
122000062,2622,390,2232
122000063,2844,1316,1528
122000064,9873,3871,6002
122000065,13576,4299,9277
122000066,3412,1768,1644
122000067,6386,2360,4026
122000068,2980,3922,-942
122000069,1226,1362,-136
122000070,1388,11238,-9850
122000071,2008,4359,-2351
122000072,709,650,59
122000073,903,941,-38
122000074,5033,2678,2355
122000075,998,4213,-3215
122000076,3464,2026,1438
122000077,2604,1005,1599
122000078,4204,3361,843
122000079,3266,1667,1599
122000080,2367,654,1713
122000081,519,714,-195
122000082,1334,1084,250
122000083,2522,6461,-3939
122000084,2155,1606,549
122000085,444,6156,-5712
122000086,4035,11061,-7026
122000087,1049,391,658
122000088,461,650,-189
122000089,16210,7785,8425
122000090,605,902,-297
122000091,1187,130,1057
122000092,628,38,590
122000093,5126,1446,3680
122000094,17612,3285,14327
122000095,6537,5535,1002
122000096,4881,3906,975
122000098,6042,2578,3464
122000099,8816,1179,7637
122000100,2268,1532,736
122000101,503,3005,-2502
122000102,3015,1675,1340
122000103,3538,2104,1434
122000104,651,329,322
122000105,718,457,261
122000106,757,850,-93
122000107,1670,1045,625
122000108,590,1228,-638
122000109,559,777,-218
122000110,672,707,-35
122000111,5120,1738,3382
122000112,1495,2403,-908
122000113,1227,1252,-25
122000114,11166,2966,8200
122000115,2634,4831,-2197
122000116,739,831,-92
122000117,2313,735,1578
122000118,611,1109,-498
122000119,5459,3855,1604
122000120,3543,7322,-3779
122000121,5193,4882,311
122000122,1246,2493,-1247
122000123,3308,3209,99
122000124,1648,1054,594
122000125,990,1010,-20
122000126,1012,1713,-701
122000127,1923,1826,97
122000128,1134,1529,-395
122000129,648,2637,-1989
122000130,4926,1926,3000
122000131,2793,2412,381
122000132,1171,910,261
122000133,2042,3315,-1273
122000134,1179,1287,-108
122000135,1083,1181,-98
122000136,1159,852,307
122000137,2509,1486,1023
122000139,4228,7688,-3460
122000140,3523,994,2529
122000141,9264,2151,7113
122000142,1336,1415,-79
122000143,984,951,33
122000144,3773,2291,1482
122000145,4569,1552,3017
122000146,1610,2030,-420
122000147,2208,882,1326
122000148,4744,2125,2619
122000149,2896,2377,519
122000150,2080,1741,339
122000151,382,585,-203
122000152,826,641,185
122000153,689,606,83
122000154,484,350,134
122000155,2284,4268,-1984
122000156,2584,2913,-329
122000157,3047,1803,1244
122000158,1017,1083,-66
122000159,2240,3166,-926
122000160,7075,3986,3089
122000161,1670,1736,-66
122000162,3446,3021,425
122000163,368,106,262
122000164,43,93,-50
122000165,1345,1284,61
122000166,2478,2457,21
122000167,304,296,8
122000168,313,825,-512
122000169,1252,379,873
122000170,444,440,4
122000171,61,93,-32
122000172,2352,2828,-476
122000173,2118,3840,-1722
122000174,5042,1438,3604
122000175,2711,615,2096
122000176,570,1028,-458
122000177,2857,2210,647
122000178,5885,7830,-1945
122000179,3757,4903,-1146
122000180,2800,2111,689
122000181,3283,5899,-2616
122000182,3421,3398,23
122000183,2905,2687,218
122000184,3340,3107,233
122000185,1679,1931,-252
122000186,1309,1323,-14
122000187,4953,1811,3142
122000188,748,337,411
122000189,478,740,-262
122000190,2516,1656,860
122000191,2739,1605,1134
122000192,2019,646,1373
122000193,743,898,-155
122000194,2465,391,2074
122000195,616,601,15
122000196,1458,905,553
122000197,772,955,-183
122000198,1238,1298,-60
122000199,966,613,353
122000200,3032,1484,1548
122000201,1880,1861,19
122000202,1722,1562,160
122000203,5118,2155,2963
122000204,2679,3374,-695
122000205,2282,3254,-972
122000206,3911,1492,2419
122000207,2727,2424,303
122000208,6862,2448,4414
122000209,6396,794,5602
122000210,4932,3001,1931
122000211,4360,1736,2624
122000212,1718,834,884
122000213,2343,2267,76
122000214,3980,3641,339
122000215,3669,2269,1400
122000217,4699,2234,2465
122000218,1859,303,1556
122000219,2827,1535,1292
122000220,526,963,-437
122000221,182,895,-713
122000222,865,290,575
122000223,2310,693,1617
122000225,1819,523,1296
122000226,2939,3797,-858
122000227,659,6829,-6170
122000228,666,698,-32
122000229,53,821,-768
122000230,84,1151,-1067
122000231,559,1418,-859
122000232,1058,1923,-865
122000233,1,225,-224
122000234,461,413,48
122000235,1063,370,693
122000236,1358,314,1044
122000237,102,160,-58
122000238,391,524,-133
122000239,982,279,703
122000240,1976,899,1077
122000241,2098,834,1264
122000242,1099,205,894
122000243,343,115,228
122000244,106,784,-678
122000245,112,455,-343
122000246,278,320,-42
122000247,985,1335,-350
122000248,2568,3480,-912
122000249,1218,1406,-188
122000250,3218,1982,1236
122000251,325,712,-387
122000252,734,208,526
122000253,79,429,-350
122000254,345,152,193
122000255,1196,2989,-1793
122000256,604,2568,-1964
122000257,209,700,-491
122000258,310,445,-135
122000259,23,1110,-1087
122000260,14,162,-148
122000261,12,371,-359
122000262,1,130,-129
122000263,365,214,151
122000264,2725,739,1986
122000265,6992,1453,5539
122000266,15382,998,14384
122000267,186,201,-15
122000268,370,623,-253
122000269,2469,481,1988
122000270,4500,236,4264
122000271,1085,1766,-681
122000272,587,1943,-1356
122000273,689,744,-55
122000274,267,327,-60
122000275,75,418,-343
122000276,1169,1112,57
122000277,1696,2458,-762
122000278,1867,1473,394
122000279,366,775,-409
122000280,1576,1294,282
122000281,1505,1487,18
122000282,221,324,-103
122000283,510,125,385
122000284,274,183,91
122000285,648,157,491
122000286,180,250,-70
122000287,1601,2383,-782
122000288,741,433,308
122000291,2389,979,1410
122000293,575,455,120
122000294,229,416,-187
122000295,2353,350,2003
122000296,73,978,-905
122000297,5672,4227,1445
122000299,545,840,-295
122000300,759,1099,-340
122000301,24404,4644,19760
122000302,1711,2208,-497
122000303,7706,2277,5429
122000304,116,409,-293
122000305,1393,678,715
122000306,36,1269,-1233
122000307,277,199,78
122000309,180,94,86
122000310,86,114,-28
122000311,527,345,182
122000312,291,159,132
122000313,102,98,4
122000314,243,411,-168
122000315,365,35,330
122000316,867,416,451
122000317,1700,451,1249
122000318,437,1572,-1135
122000319,472,1166,-694
122000320,570,3925,-3355
122000321,303,522,-219
122000322,3708,6523,-2815
122000323,2380,4228,-1848
122000324,2744,2570,174
122000325,1779,2640,-861
122000326,71,287,-216
122000327,833,1274,-441
122000328,2762,1253,1509
122000330,3967,1344,2623
122000332,396,658,-262
122000333,8,217,-209
122000337,1348,2836,-1488
122000338,635,788,-153
122000340,1077,559,518
122000342,5317,1856,3461
122000343,676,2755,-2079
122000344,91,51,40
122000345,51,113,-62
122000346,418,1052,-634
122000348,922,1388,-466
122000349,156,1283,-1127
122000351,216,352,-136
122000352,536,266,270
122000353,132,182,-50
122000355,216,268,-52
122000356,5247,1285,3962
122000357,111,52,59
122000358,1,117,-116
122000359,0,47,-47
122000360,2,65,-63
122000362,17,158,-141
122000364,150,641,-491
122000365,8,77,-69
122000366,23,16,7
122000368,908,1053,-145
122000370,34,117,-83
122000371,35,0,35
122000372,11,3,8
122000381,81,847,-766
122000382,135,361,-226
122000384,9715,4064,5651
122000385,35,0,35
122000386,2339,2471,-132
122000387,2663,744,1919
122000388,7763,946,6817
122000389,626,1088,-462
122000390,1466,315,1151
122000391,929,192,737
122000392,301,375,-74
122000393,57,308,-251
122000394,796,619,177
122000395,262,314,-52
122000396,658,226,432
122000397,147,191,-44
122000398,98,183,-85
122000399,192,141,51
122000400,386,637,-251
122000401,275,142,133
122000402,471,320,151
122000403,870,2089,-1219
122000404,220,697,-477
122000408,1214,2444,-1230
122000503,16,323,-307
122000524,272,151,121
122000544,189,8889,-8700
122000616,500,11,489
122000640,75,221,-146
122000641,72,609,-537
122000642,1712,1924,-212
122000643,74,356,-282
122000644,387,21,366
122000645,133,654,-521
122000651,5174,1203,3971
122000664,565,94,471
122000665,1772,782,990
122000666,1061,1864,-803
122000673,53,567,-514
122000674,154,74,80
122000675,2445,2339,106
122000686,574,2209,-1635
122000687,4237,550,3687
122000688,348,1317,-969
122000689,1382,1147,235
122000690,1517,1080,437
122000691,683,4015,-3332
122000692,2223,727,1496
122000693,945,3542,-2597
122000695,364,1036,-672
122000696,512,639,-127
122000698,358,1823,-1465
122000699,296,280,16
122000701,1866,604,1262
122000702,687,3076,-2389
122000703,253,166,87
122000717,323,110,213
122000718,584,2077,-1493
122000719,294,126,168
122000720,389,487,-98
122000724,214,42,172
122900001,74,15,59
122900002,2294,7957,-5663
122900003,661,80,581
122900004,1967,80,1887
122900005,133,90,43
122900006,1408,867,541
122900007,363,69,294
122900008,1129,128,1001
122900009,1774,944,830
122900010,418,347,71
122900012,287,504,-217
122900014,237,551,-314
122900015,4277,1353,2924
122900016,228,548,-320
122900017,1201,1662,-461
122900018,519,25,494
122900019,12,243,-231
122900020,672,615,57
122900021,82,1332,-1250
122900022,920,1521,-601
122900023,687,488,199
122900024,179,170,9
122900025,9,385,-376
122900026,271,440,-169
122900027,121,1303,-1182
122900028,206,340,-134
122900029,7771,4661,3110
122900030,2655,758,1897
122900031,380,295,85
122900032,211,613,-402
122900033,329,199,130
122900034,6753,14339,-7586
122900035,129,16,113
122900036,95,613,-518
122900037,1007,204,803
122900038,351,5336,-4985
122900039,103,888,-785
122900040,891,575,316
122900041,385,297,88
122900042,311,393,-82
122900043,1185,285,900
122900044,197,630,-433
122900045,195,191,4
122900046,320,196,124
122900047,893,424,469
122900048,62,688,-626
122900049,2704,216,2488
122900051,131,228,-97
122900052,83,232,-149
122900053,27,51,-24
122900055,809,220,589
122900057,820,62,758
122900061,694,298,396
122900062,674,901,-227
122900063,300,579,-279
122900064,1889,939,950
122900065,1018,249,769
122900066,898,423,475
122900067,2965,1435,1530
122900068,228,615,-387
122900069,524,2489,-1965
122900070,457,77,380
122900071,243,610,-367
122900072,27,1012,-985
122900073,53,494,-441
122900074,972,1174,-202
122900075,0,118,-118
122900076,14,368,-354
122900077,1,260,-259
122900078,194,276,-82
122900080,108,33,75
122900081,976,251,725
122900082,1315,437,878
122900083,238,260,-22
122900084,30,478,-448
122900086,13,58,-45
122900087,309,667,-358
122900088,62,162,-100
122900089,173,277,-104
122900090,17,953,-936
122900091,306,0,306
122900092,4,337,-333
122900093,3,542,-539
122900094,8,453,-445
122900095,196,9,187
122900096,387,568,-181
122900097,62,31,31
122900098,144,228,-84
122900099,54,11,43
122900100,800,673,127
122900101,2049,584,1465
122900102,28,24,4
122900103,147,18,129
122900104,111,10,101
122900105,7,15,-8
122900106,6,178,-172
122900107,12,389,-377
122900108,7,381,-374
123000001,4182,559,3623
123000002,10788,5486,5302
123000003,6036,6266,-230
123000004,4678,8001,-3323
123000005,4191,5429,-1238
123000006,4695,5023,-328
123000007,5185,5153,32
123000008,4448,6362,-1914
123000009,8623,5239,3384
123000010,6308,6314,-6
123000011,11905,1684,10221
123000012,2644,3997,-1353
123000013,6703,1419,5284
123000014,2621,6800,-4179
123000015,8828,1689,7139
123000016,12301,6559,5742
123000017,5087,2229,2858
123000018,67,158,-91
123000019,360,439,-79
123000020,183,182,1
123000021,99,391,-292
123000022,689,3093,-2404
123000023,2308,2224,84
123000024,2625,850,1775
123000025,174,206,-32
123000026,5,37,-32
123000027,539,719,-180
123000028,1750,342,1408
123000029,1611,838,773
123000030,862,863,-1
123000031,223,700,-477
123000032,500,493,7
123000033,627,98,529
123000034,1466,1230,236
123000035,380,630,-250
123000036,373,1435,-1062
123000037,356,470,-114
123000038,189,440,-251
123000039,652,1885,-1233
123000040,2032,528,1504
123000041,2893,1462,1431
123000042,2331,664,1667
123000043,7202,12885,-5683
123000044,9500,3425,6075
123000045,17317,4295,13022
123000046,1704,2132,-428
123000047,3941,2167,1774
123000048,150,706,-556
123000049,13549,12085,1464
123000050,1559,2587,-1028
123000051,178,344,-166
123000052,1129,5512,-4383
123000053,3244,5860,-2616
123000054,2051,2391,-340
123000055,1579,2876,-1297
123000056,2419,3244,-825
123000057,30432,11398,19034
123000058,1260,1628,-368
123000059,683,930,-247
123000060,1362,603,759
123000061,304,1318,-1014
123000063,1253,1479,-226
123000064,1627,471,1156
123000065,13168,6551,6617
123000066,1583,1876,-293
123000067,1275,1026,249
123000068,5831,6477,-646
123000069,10738,6633,4105
123000070,403,1567,-1164
123000071,1410,1981,-571
123000072,1453,2546,-1093
123000073,1837,1515,322
123000074,1730,3280,-1550
123000075,608,1864,-1256
123000076,1145,1784,-639
123000077,3644,5884,-2240
123000078,2087,3119,-1032
123000079,2054,3743,-1689
123000080,3619,4053,-434
123000081,290,1108,-818
123000082,535,2074,-1539
123000083,1662,307,1355
123000084,969,1397,-428
123000085,324,171,153
123000086,695,585,110
123000087,555,723,-168
123000088,2079,1900,179
123000089,721,2643,-1922
123000090,2126,2157,-31
123000091,2741,2741,0
123000092,1719,2364,-645
123000094,951,566,385
123000095,702,1258,-556
123000096,987,684,303
123000097,813,1733,-920
123000098,994,1102,-108
123000099,901,1578,-677
123000100,738,1040,-302
123000101,908,1121,-213
123000102,966,1207,-241
123000104,569,758,-189
123000105,872,913,-41
123000106,663,726,-63
123000107,566,827,-261
123000108,976,2270,-1294
123000111,1161,505,656
123000112,1465,1076,389
123000113,1124,3345,-2221
123000114,771,1003,-232
123000115,413,582,-169
123000116,32,351,-319
123000117,2811,4507,-1696
123000118,799,1694,-895
123000119,455,1840,-1385
123000120,807,1741,-934
123000121,827,986,-159
123000122,747,376,371
123000123,757,1047,-290
123000124,1053,780,273
123000125,2240,2027,213
123000126,3025,5387,-2362
123000127,1732,1196,536
123000128,585,759,-174
123000129,836,466,370
123000130,862,184,678
123000131,1654,1294,360
123000132,776,1105,-329
123000133,607,743,-136
123000134,831,356,475
123000135,2881,2613,268
123000136,373,1808,-1435
123000137,209,710,-501
123000138,246,733,-487
123000139,972,300,672
123000140,180,1328,-1148
123000141,1466,219,1247
123000142,1574,1811,-237
123000143,2857,4010,-1153
123000144,39,53,-14
123000145,469,359,110
123000146,154,202,-48
123000147,270,256,14
123000149,639,711,-72
123000150,610,445,165
123000151,503,739,-236
123000152,150,830,-680
123000153,329,1136,-807
123000154,3352,3758,-406
123000155,4943,2206,2737
123000156,130,256,-126
123000157,1166,1634,-468
123000158,1417,1447,-30
123000159,7962,4219,3743
123000160,1514,1213,301
123000161,2255,2202,53
123000162,1137,2774,-1637
123000163,756,137,619
123000164,2018,419,1599
123000165,553,3108,-2555
123000166,36,251,-215
123000167,252,482,-230
123000168,325,432,-107
123000169,1120,195,925
123000170,109,716,-607
123000171,820,109,711
123000172,330,1096,-766
123000173,1178,352,826
123000174,1646,623,1023
123000175,1274,2252,-978
123000176,1305,409,896
123000177,512,1858,-1346
123000178,1443,231,1212
123000179,51,1192,-1141
123000180,2290,581,1709
123000181,608,2703,-2095
123000182,355,899,-544
123000183,209,643,-434
123000184,136,1157,-1021
123000185,701,891,-190
123000186,4,993,-989
123000187,713,9,704
123000188,362,3,359
123000189,241,346,-105
123000190,108,105,3
123000192,27,693,-666
123000193,79,1104,-1025
123000194,752,549,203
123000195,358,36,322
123000196,332,14,318
123000197,58,183,-125
123000198,66,305,-239
123000199,14,857,-843
123000200,808,21,787
123000201,1124,35,1089
123000202,36,1941,-1905
123000203,1059,101,958
123000204,101,1859,-1758
123000205,674,3344,-2670
123000206,2075,325,1750
123000207,145,1540,-1395
123000208,902,199,703
123000209,3059,663,2396
123000210,689,2799,-2110
123000211,938,4456,-3518
123000212,4127,653,3474
123000213,917,96,821
123000215,394,313,81
123000216,463,1860,-1397
123000217,328,79,249
123000218,226,944,-718
123000219,2044,172,1872
123000220,844,173,671
123000221,307,300,7
123000222,761,1115,-354
123000223,411,1002,-591
123000224,627,1056,-429
123000225,393,155,238
123000226,74,652,-578
123000227,132,565,-433
123000228,330,99,231
123000229,2454,3167,-713
123000232,122,1160,-1038
123000233,1136,334,802
123000234,276,1151,-875
123000235,982,586,396
123000236,402,1506,-1104
123000237,619,112,507
123000238,150,1129,-979
123000239,831,3133,-2302
123000240,99,805,-706
123000241,1837,238,1599
123000242,244,391,-147
123000243,1145,1425,-280
123000244,1518,1062,456
123000245,132,254,-122
123000249,869,1552,-683
123000252,1657,403,1254
123000253,1401,724,677
123000254,882,1783,-901
123000255,1552,1439,113
123000256,64,443,-379
123000257,6284,4246,2038
123000258,1542,2198,-656
123000259,446,744,-298
123000260,693,1053,-360
123000261,272,520,-248
123000262,217,410,-193
123000263,582,175,407
123000264,293,112,181
123000265,83,247,-164
123000266,906,1471,-565
123000267,723,517,206
123000268,40,135,-95
123000269,54,92,-38
123000270,35,57,-22
123000271,214,146,68
123000272,1596,441,1155
123000273,621,935,-314
123000274,1859,827,1032
123000275,528,1830,-1302
123000278,6234,4430,1804
123000279,265,313,-48
123000280,837,591,246
123000281,513,167,346
123000282,264,428,-164
123000283,154,104,50
123000284,72,193,-121
123000286,538,435,103
123000287,953,455,498
123000288,2640,1230,1410
123000289,1018,1702,-684
123000291,618,1311,-693
123000294,295,375,-80
123000295,1336,1385,-49
123000296,605,497,108
123000297,646,1654,-1008
123000298,769,1268,-499
123000299,56,394,-338
123000300,1575,1456,119
123000301,280,488,-208
123000302,110,359,-249
123000303,458,135,323
123000305,1817,1394,423
123000306,182,407,-225
123000309,69,89,-20
123000310,168,58,110
123000311,0,182,-182
123000312,1569,1674,-105
123000313,563,780,-217
123000315,104,633,-529
123000316,4316,111,4205
123000317,390,105,285
123000318,103,519,-416
123000329,35,26,9
123000337,391,368,23
123000338,959,56,903
123000339,296,363,-67
123000340,217,969,-752
123000342,14,22,-8
123000343,288,7,281
123000344,1742,833,909
123000345,442,1059,-617
123000346,538,170,368
123000352,4062,1420,2642
123000353,34,185,-151
123000354,540,50,490
123000355,3,1136,-1133
123000356,510,24,486
123000357,3,485,-482
123000359,6,403,-397
123000360,266,115,151
123000361,1159,508,651
123000362,515,214,301
123000363,146,408,-262
123000364,1123,787,336
123000365,45,609,-564
123000366,413,2880,-2467
123000367,491,2290,-1799
123000370,57,531,-474
123000371,603,26,577
123000372,472,35,437
123000373,36,720,-684
123000374,29,378,-349
123000375,432,75,357
123000376,1464,981,483
123000377,574,28,546
123000378,22,687,-665
123000379,5,464,-459
123000380,130,538,-408
123000381,433,65,368
123000382,2123,196,1927
123000383,557,1712,-1155
123000384,1172,149,1023
123000385,828,1015,-187
123000436,239,1878,-1639
123000507,151,972,-821
123000508,221,1326,-1105
123000517,391,45,346
123000518,20,361,-341
123000519,184,123,61
123000520,78,338,-260
123000521,478,168,310
123000522,203,745,-542
123000541,9,4,5
123000542,0,53,-53
123000565,663,43,620
123000566,233,1233,-1000
123000567,165,488,-323
123000573,64,1463,-1399
123000574,861,148,713
123000575,1605,2129,-524
123000576,975,4107,-3132
123000577,306,1539,-1233
123000578,1614,104,1510
123000579,7078,8013,-935
123000580,123,39,84
123000582,682,45,637
123000583,32,823,-791
123000584,282,629,-347
123000585,1,299,-298
123000586,108,3,105
123000596,208,251,-43
123000597,82,264,-182
123000602,33,3,30
123000603,580,1449,-869
123000604,674,1792,-1118
123000605,1815,359,1456
123000606,2,507,-505
123000609,34,767,-733
123000610,362,185,177
123000613,28,261,-233
123000614,216,116,100
123000615,40,219,-179
123000616,710,130,580
123000617,212,1145,-933
123000618,129,1222,-1093
123000619,1119,77,1042
123000620,26,1136,-1110
123000622,452,40,412
123000624,127,114,13
123000630,1044,837,207
123000631,593,3904,-3311
123000632,1811,2107,-296
123000633,0,548,-548
123000634,189,220,-31
123000635,476,208,268
123000636,51,1478,-1427
123000637,207,383,-176
123000638,854,225,629
123000639,1810,5113,-3303
123000640,27,1678,-1651
123000648,557,105,452
123000649,21,879,-858
123900001,2606,119,2487
123900002,28,2057,-2029
123900003,693,1258,-565
123900005,554,202,352
123900006,789,65,724
124000001,3010,245,2765
124000002,189,3162,-2973
124000003,1002,239,763
124000004,91,1234,-1143
124000005,1228,641,587
124000006,433,2137,-1704
124000007,1138,258,880
124000008,38,1180,-1142
124000009,866,548,318
124000010,204,920,-716
124000011,2677,633,2044
124000012,886,1209,-323
124000017,287,175,112
124000018,148,154,-6
124000019,184,163,21
124000020,91,315,-224
124000021,202,115,87
124000022,129,382,-253
124000023,2406,2168,238
124000024,1805,1097,708
124000025,1785,2485,-700
124000026,1938,1838,100
124000027,7629,7195,434
124000028,4107,6681,-2574
124000030,5479,1977,3502
124000031,1540,3372,-1832
124000032,7313,1475,5838
124000033,661,1048,-387
124000034,5353,1069,4284
124000035,219,243,-24
124000036,188,662,-474
124000037,1010,1373,-363
124000038,56,178,-122
124000039,1712,628,1084
124000040,882,1217,-335
124000041,459,198,261
124000042,142,709,-567
124000043,188,196,-8
124000044,83,508,-425
124000045,825,1166,-341
124000046,386,1442,-1056
124000047,1774,1580,194
124000048,1271,3210,-1939
124000049,2095,1147,948
124000050,989,3648,-2659
124000051,998,942,56
124000052,826,2138,-1312
124000053,744,1871,-1127
124000054,1207,1067,140
124000055,1718,3027,-1309
124000056,6453,2238,4215
124000057,1039,800,239
124000058,644,2239,-1595
124000059,904,1358,-454
124000060,2003,1503,500
124000061,2501,6205,-3704
124000062,9170,2886,6284
124000063,1998,3341,-1343
124000064,4651,2710,1941
124000065,310,401,-91
124000066,471,121,350
124000067,166,370,-204
124000068,98,190,-92
124000069,780,489,291
124000070,288,811,-523
124000071,314,163,151
124000072,249,772,-523
124000073,1398,241,1157
124000074,342,1287,-945
124000075,360,70,290
124000076,10,374,-364
124000077,2956,1216,1740
124000078,4103,1583,2520
124000079,983,1963,-980
124000080,870,261,609
124000081,381,1324,-943
124000082,22,240,-218
124000083,59,286,-227
124000084,73,765,-692
124000085,103,138,-35
124000086,103,185,-82
124000087,183,176,7
124000088,400,2101,-1701
124000089,1181,714,467
124000090,187,665,-478
124000091,1322,278,1044
124000092,323,1431,-1108
124000093,146,202,-56
124000094,189,923,-734
124000095,71,140,-69
124000096,156,644,-488
124000097,109,261,-152
124000098,81,174,-93
124000099,305,208,97
124000100,103,186,-83
124000101,122,205,-83
124000102,193,145,48
124000103,159,124,35
124000104,231,138,93
124000105,83,85,-2
124000106,254,183,71
124000107,23,188,-165
124000108,95,85,10
124000109,134,123,11
124000110,234,252,-18
124000111,288,236,52
124000112,1026,1306,-280
124000113,54,118,-64
124000114,381,926,-545
124000115,622,1244,-622
124000116,195,171,24
124000117,133,183,-50
124000118,57,104,-47
124000119,2896,1494,1402
124000120,1527,905,622
124000121,2740,953,1787
124000122,1033,2088,-1055
124000123,1417,782,635
124000124,789,1771,-982
124000125,683,809,-126
124000126,459,987,-528
124000127,1281,714,567
124000128,1076,1679,-603
124000129,2981,2249,732
124000130,1284,1056,228
124000131,1717,746,971
124000132,1550,1157,393
124000133,1272,1545,-273
124000134,1218,1363,-145
124000135,2786,3532,-746
124000136,1498,1674,-176
124000137,2196,2000,196
124000138,2887,1976,911
124000139,1115,38,1077
124000140,59,730,-671
124000141,215,12,203
124000142,18,191,-173
124000143,73,27,46
124000144,9,97,-88
124000145,104,73,31
124000146,31,138,-107
124000148,39,155,-116
124000149,1559,626,933
124000150,506,922,-416
124000151,1149,620,529
124000152,1217,2177,-960
124000153,797,1121,-324
124000154,589,1524,-935
124000155,2028,1234,794
124000156,2856,1637,1219
124000169,524,892,-368
124000170,1589,738,851
124000171,574,519,55
124000172,756,1051,-295
124000173,696,517,179
124000174,611,1528,-917
124000175,19,225,-206
124000176,70,22,48
124000177,9,79,-70
124000178,31,47,-16
124000190,269,75,194
124000191,1673,185,1488
124000192,4774,671,4103
124000193,1300,1743,-443
124000194,559,804,-245
124000195,447,945,-498
124000196,1937,1779,158
124000197,56,127,-71
124000198,29,71,-42
124000201,510,1677,-1167
124000202,1075,359,716
124000203,370,1635,-1265
124000204,777,1033,-256
124000205,85,1006,-921
124000206,677,840,-163
124000207,1,77,-76
124000209,593,1074,-481
124000210,453,407,46
124000211,600,1,599
124000212,2,815,-813
124000213,367,605,-238
124000214,370,1394,-1024
124000215,458,35,423
124000216,0,886,-886
124000329,192,4006,-3814
124000338,135,2087,-1952
124000339,920,183,737
124000341,1217,170,1047
124000344,98,65,33
124000357,1486,4204,-2718
124000358,1141,2307,-1166
124000359,1357,1150,207
124000360,759,931,-172
124000361,4079,1124,2955
124000362,2915,3888,-973
124000363,363,546,-183
124000364,776,1331,-555
124000365,1034,1614,-580
124000366,2820,1162,1658
124000367,278,1295,-1017
124000368,573,494,79
124000369,237,266,-29
124000370,144,1528,-1384
124000402,56,8,48
124000403,179,9,170
124000404,14,246,-232
124000405,1381,1326,55
124000406,1384,1350,34
124000407,19,54,-35
124000411,17,726,-709
124000412,588,19,569
124000413,1204,73,1131
124000414,148,208,-60
124000415,58,362,-304
124000416,203,578,-375
124000417,164,170,-6
124000418,174,144,30
124000419,104,277,-173
124000420,84,144,-60
124000421,72,489,-417
124000422,88,53,35
124000423,303,63,240
124000424,3,215,-212
124000425,49,94,-45
124000426,13,122,-109
124000427,42,21,21
124000428,79,41,38
124000429,67,86,-19
124000430,967,1167,-200
124000431,484,1170,-686
124000432,363,1837,-1474
124000439,3,30,-27
124000443,1,2,-1
124000445,457,1848,-1391
124000446,4649,193,4456
124900001,530,496,34
124900002,270,715,-445
124900003,1225,891,334
124900004,626,628,-2
124900005,483,474,9
124900006,638,626,12
124900008,1889,786,1103
124900009,207,371,-164
124900010,166,89,77
124900011,573,378,195
124900012,577,192,385
124900013,595,228,367
124900014,416,149,267
124900015,252,452,-200
124900016,74,208,-134
124900017,1118,1305,-187
124900018,47,21,26
124900020,104,114,-10
124900021,296,92,204
124900022,101,18,83
124900024,289,97,192
124900026,158,32,126
124900027,131,476,-345
124900028,1228,275,953
124900029,19,646,-627
124900030,8,321,-313
124900031,62,706,-644
124900032,352,246,106
124900033,157,683,-526
124900034,1,168,-167
124900035,365,834,-469
124900036,0,86,-86
124900037,327,684,-357
124900038,487,655,-168
124900039,0,26,-26
124900040,235,132,103
124900041,419,1988,-1569
124900042,80,2,78
124900043,650,1973,-1323
124900044,154,4,150
124900045,1061,1526,-465
124900046,2170,447,1723
124900047,174,433,-259
124900048,254,320,-66
124900050,260,541,-281
124900052,188,545,-357
124900053,107,619,-512
124900054,5709,496,5213
124900055,2,205,-203
124900057,18,132,-114
124900060,167,456,-289
124900061,43,12,31
124900062,199,36,163
124900066,0,20,-20
124900067,2,372,-370
124900068,270,658,-388
124900070,108,37,71
124900072,129,44,85
124900075,239,379,-140
124900076,40,1135,-1095
124900077,31,178,-147
124900078,104,38,66
124900079,1535,307,1228
124900080,422,1247,-825
124900081,1238,366,872
124900082,553,1752,-1199
124900083,248,1014,-766
124900084,3308,122,3186
124900085,1691,454,1237
124900086,190,1493,-1303
124900087,915,174,741
124900088,1002,183,819
124900089,2298,74,2224
124900090,330,365,-35
124900091,535,964,-429
124900092,464,640,-176
124900093,494,296,198
124900094,408,434,-26
124900095,130,716,-586
124900096,995,415,580
124900097,377,116,261
124900098,154,737,-583
124900099,1044,901,143
124900100,337,149,188
124900101,39,312,-273
124900102,298,83,215
124900103,200,444,-244
124900104,93,283,-190
124900105,172,235,-63
124900106,517,99,418
124900107,133,39,94
124900108,320,98,222
124900111,1,90,-89
124900112,96,1145,-1049
124900113,174,428,-254
124900114,351,185,166
124900115,98,74,24
124900116,309,224,85
124900117,1228,241,987
124900118,255,320,-65
124900119,511,230,281
124900120,52,679,-627
124900121,236,410,-174
124900122,892,432,460
124900123,463,159,304
124900124,182,407,-225
204000001,130,25,105
204000002,21,19,2
204000003,90,7,83
204000004,14,2,12
204000005,794,943,-149
204000006,1680,3825,-2145
204000011,23,103,-80
204000012,85,167,-82
204000019,711,841,-130
204000020,1131,1219,-88
204000021,3440,1320,2120
204000022,636,733,-97
204000023,702,1686,-984
204000031,239,38,201
204000032,944,76,868
204000034,31,406,-375
204000035,5,7,-2
204000036,28,43,-15
204000037,4,51,-47
204000038,1,20,-19
204000039,6,79,-73
204000040,16,43,-27
204000041,12,58,-46
204000042,96,27,69
204000043,35,7,28
204000044,48,17,31
204000045,200,9,191
204000046,32,10,22
204000057,15,59,-44
204000062,31,108,-77
204000068,93,352,-259
204000069,58,533,-475
204000070,68,225,-157
204000080,77,122,-45
204000085,2463,3140,-677
204000086,4717,4028,689
204000087,43,21,22
204000088,11,118,-107
204000090,27,605,-578
204000093,323,138,185
204000096,1328,1521,-193
204000097,411,57,354
204000099,1174,2576,-1402
204000100,1323,2548,-1225
204000105,2862,2826,36
204000110,1613,2296,-683
204000111,735,1371,-636
204000112,2046,1416,630
204000113,996,1523,-527
204000114,1297,1131,166
204000115,1106,607,499
204000116,2520,915,1605
204000119,2535,4200,-1665
204000132,710,567,143
204000133,869,489,380
204000134,717,262,455
204000135,903,182,721
204000136,418,393,25
204000138,454,1148,-694
204000140,296,198,98
204000141,221,137,84
204000144,5,46,-41
204000145,831,50,781
204000146,27,603,-576
204000147,71,305,-234
204000148,627,40,587
204000154,5,4,1
204000155,8,11,-3
204000177,83,148,-65
204000179,36,23,13
204000180,0,28,-28
204000222,10,8,2
204000235,31,18,13
204000236,121,544,-423
204000238,30,113,-83
204000240,483,138,345
204000263,792,2053,-1261
204000268,1571,1313,258
204000308,492,42,450
204000317,16,131,-115
204000322,7,77,-70
204000323,41,16,25
204000328,281,170,111
204000329,67,271,-204
204000330,362,78,284
204000331,36,191,-155
204010341,40,676,-636
205000001,1572,2509,-937
205000013,14,104,-90
205000014,32,136,-104
205000015,72,287,-215
205000016,45,248,-203
205000017,84,121,-37
205000022,387,1121,-734
205000025,2013,1650,363
205000029,356,12,344
205000045,312,351,-39
205000046,189,769,-580
205000047,117,818,-701
205000048,369,1592,-1223
205000049,218,1170,-952
205000050,1688,413,1275
205000059,1,419,-418
205000060,1,124,-123
205000061,10,46,-36
205000062,2,50,-48
205000063,40,299,-259
205000064,23,309,-286
205000065,77,835,-758
205000066,114,1197,-1083
205000067,42,1376,-1334
205000069,137,38,99
205000082,194,722,-528
205000110,100,339,-239
205000111,244,407,-163
205000112,248,318,-70
205000113,231,490,-259
205000121,355,296,59
205000123,91,305,-214
205000126,572,585,-13
205000127,918,762,156
205000128,835,574,261
205000129,1047,563,484
205000130,1620,166,1454
205000131,1990,39,1951
205000132,2416,15,2401
205000133,2216,5,2211
205000134,1271,3,1268
205000137,118,189,-71
205000138,217,553,-336
205000139,38,195,-157
205000144,96,154,-58
205000145,494,611,-117
205000151,292,247,45
205000152,279,151,128
205000153,244,246,-2
205000154,115,248,-133
205000155,222,77,145
205000207,10,240,-230
205000233,121,1,120
205000234,0,1,-1
205000243,0,0,0
205000244,0,4,-4
205000245,19,558,-539
205000249,0,58,-58
205000250,6,1,5
205000264,8,103,-95
206000027,16,9,7
206000028,7,7,0
206000043,17,154,-137
206000053,6,20,-14
206000054,15,33,-18
206000055,2,49,-47
206000075,13,11,2
206000076,42,16,26
206000077,28,8,20
206000078,17,6,11
206000079,20,14,6
206000082,1107,43,1064
206000100,126,1327,-1201
206000103,6,29,-23
206000104,17,41,-24
206000105,14,33,-19
206000106,10,41,-31
206000108,901,51,850
206000125,60,1,59
206000157,99,1121,-1022
206000170,1,317,-316
206000171,7,272,-265
206000172,7,1132,-1125
206000173,3,433,-430
206000174,9,164,-155
206000175,5,203,-198
206000176,33,386,-353
206000177,4,263,-259
206000178,13,219,-206
206000179,27,164,-137
206000180,28,283,-255
206000181,10,501,-491
206000182,24,410,-386
206000183,17,1476,-1459
206000184,7,506,-499
206000185,9,395,-386
206000186,216,1881,-1665
206000223,5,276,-271
206000226,23,5,18
206000227,35,2,33
206000237,29,501,-472
206000238,44,775,-731
206000239,790,2804,-2014
206000240,1,97,-96
206000241,0,181,-181
206000242,12,487,-475
206000243,7,402,-395
206000244,113,1136,-1023
206000245,496,70,426
206000246,98,24,74
206000247,140,3,137
206000248,602,41,561
206000252,111,52,59
206000258,41,76,-35
206000315,51,8,43
206000317,536,124,412
206000318,388,65,323
206000319,896,180,716
206000320,124,63,61
206000321,95,21,74
206000322,373,19,354
206000323,121,13,108
206000324,102,9,93
206000325,260,30,230
206000326,352,22,330
206000327,750,17,733
206000328,98,9,89
206000329,177,10,167
206000330,47,5,42
206000331,101,3,98
206000332,25,10,15
206000333,504,1,503
206000334,235,0,235
206000335,0,30,-30
206000361,7,397,-390
206000392,0,69,-69
206000405,207,1,206
206000441,17,24,-7
206000498,117,43,74
206000515,219,44,175
206000530,174,106,68
206000531,259,207,52
206000532,3684,326,3358
206000535,382,3381,-2999
206000536,27,308,-281
206000537,16,297,-281
206000613,1835,320,1515
207000001,277,814,-537
207000002,178,418,-240
207000003,251,263,-12
207000007,729,373,356
207000008,60,8,52
207000009,111,24,87
207000010,642,791,-149
207000012,456,439,17
207000015,519,2376,-1857
207000019,397,154,243
207000021,1005,236,769
207000022,187,136,51
207000023,277,94,183
207000024,4,23,-19
207000025,50,120,-70
207000026,193,68,125
207000027,51,130,-79
207000028,82,281,-199
207000029,447,620,-173
207000033,380,475,-95
207000034,482,161,321
207000039,404,228,176
207000040,282,202,80
207000041,165,89,76
207000042,373,91,282
207000043,338,217,121
207000051,206,455,-249
207000052,106,279,-173
207000053,567,1060,-493
207000054,102,201,-99
207000055,187,237,-50
207000056,580,572,8
207000057,205,404,-199
207000058,177,627,-450
207000059,119,1107,-988
207000060,149,420,-271
207000061,409,520,-111
207000062,312,36,276
207000063,294,165,129
207000064,566,224,342
207000065,390,360,30
207000066,242,282,-40
207000067,100,190,-90
207000068,155,111,44
207000069,938,551,387
207000082,16,396,-380
207000083,133,481,-348
207000084,273,424,-151
207000085,210,11,199
207000086,187,3,184
207000106,37,34,3
207000107,88,24,64
207000108,85,23,62
207000109,76,22,54
207000110,65,104,-39
207000111,82,105,-23
207000112,436,708,-272
207000114,37,95,-58
207000115,26,126,-100
207000116,18,527,-509
207000117,24,189,-165
207000118,8,171,-163
207000119,40,183,-143
207000123,201,45,156
207000124,100,34,66
207000125,90,97,-7
207000126,106,90,16
207000134,74,222,-148
207000135,26,381,-355
207000148,49,321,-272
207000149,155,94,61
207000152,227,605,-378
207000153,1354,1760,-406
207000154,662,183,479
207000159,183,341,-158
207000160,191,872,-681
207000238,1,200,-199
207000242,7,408,-401
207000248,48,82,-34
207000249,303,64,239
207000250,2108,140,1968
207000251,201,143,58
207000252,146,121,25
207000278,148,140,8
207000279,21,366,-345
207000280,410,90,320
207000281,160,1782,-1622
207000282,242,70,172
207000283,217,412,-195
207000284,60,190,-130
207000285,246,49,197
207000291,20,182,-162
207000304,201,123,78
207000306,119,685,-566
207000310,103,109,-6
207000353,260,3,257
207000356,17,27,-10
207000357,121,8,113
207000358,53,15,38
207000415,8,417,-409
207000417,50,4,46
207000418,177,210,-33
207000438,0,3,-3
207000439,1429,892,537
207000446,171,2,169
207000460,11,17,-6
207000466,276,238,38
207000467,225,185,40
207000468,83,714,-631
207000476,5,140,-135
207000477,718,186,532
207000478,3,42,-39
207000523,0,9,-9
207000524,30,0,30
207000527,98,331,-233
207000530,394,12,382
207000531,423,12,411
207000532,146,48,98
207000534,892,92,800
207000535,114,471,-357
207000537,55,253,-198
207000540,24,459,-435
207000541,4,638,-634
207000548,24,671,-647
207000549,466,19,447
207000561,183,264,-81
207000562,52,437,-385
207000567,297,404,-107
207000568,146,157,-11
207000569,526,1771,-1245
207000584,642,449,193
207000585,181,427,-246
207000616,1,314,-313
207000617,173,6,167
207900008,170,209,-39
208000001,818,1575,-757
208000002,939,1053,-114
208000003,1751,1064,687
208000004,2796,1498,1298
208000005,43,29,14
208000019,715,1465,-750
208000020,240,755,-515
208000021,275,999,-724
208000022,1117,1091,26
208000028,2602,1793,809
208000033,625,1249,-624
208000034,1998,3410,-1412
208000037,826,107,719
208000040,172,285,-113
208000041,1210,822,388
208000042,1519,992,527
208000047,248,694,-446
208000064,3850,2896,954
208000066,2634,3385,-751
208000070,473,633,-160
208000071,602,1371,-769
208000072,616,2143,-1527
208000080,341,840,-499
208000081,381,426,-45
208000082,442,488,-46
208000083,224,622,-398
208000084,152,22,130
208000085,2253,937,1316
208000086,974,1259,-285
208000087,578,1200,-622
208000089,1336,1339,-3
208000090,1217,1789,-572
208000093,159,217,-58
208000094,711,1088,-377
208000095,1209,772,437
208000104,1367,1854,-487
208000105,980,1945,-965
208000114,183,441,-258
208000115,805,598,207
208000116,752,1586,-834
208000117,130,220,-90
208000118,173,191,-18
208000155,1231,1420,-189
208000158,2480,5413,-2933
208000186,4402,5789,-1387
208000204,911,2067,-1156
208000205,1446,2497,-1051
208000282,6272,3573,2699
209000004,354,381,-27
209000005,46,68,-22
209000006,975,259,716
209000007,784,531,253
209000010,1202,223,979
209000011,296,424,-128
209000012,182,404,-222
209000013,348,919,-571
209000014,947,2321,-1374
209000025,432,129,303
209000026,1118,249,869
209000027,591,1910,-1319
209000028,697,1698,-1001
209000029,2324,1603,721
209000030,1385,3038,-1653
209000031,7345,4821,2524
209000034,371,500,-129
209000035,193,319,-126
209000036,379,234,145
209000037,342,426,-84
209000038,197,364,-167
209000039,130,328,-198
209000040,508,895,-387
209000041,259,659,-400
209000042,375,605,-230
209000043,1248,1207,41
209000044,305,1100,-795
209000045,1838,661,1177
209000046,704,734,-30
209000047,706,326,380
209000048,1088,369,719
209000049,128,185,-57
209000050,212,298,-86
209000051,410,654,-244
209000052,328,574,-246
209000062,75,279,-204
209000063,55,212,-157
209000064,47,255,-208
209000065,95,90,5
209000066,59,89,-30
209000067,86,134,-48
209000080,46,459,-413
209000082,116,91,25
209000091,74,206,-132
209000093,157,57,100
209000094,330,298,32
209000110,53,170,-117
209000111,580,2726,-2146
209000112,1208,1187,21
209000113,5045,1155,3890
209000114,621,817,-196
209000115,187,285,-98
209000116,1318,1073,245
209000118,133,76,57
209000119,188,32,156
209000121,236,1083,-847
209000135,121,271,-150
209000142,1200,3558,-2358
209000143,450,219,231
209000144,330,198,132
209000229,312,260,52
209000240,104,743,-639
209000259,124,202,-78
209000260,91,1761,-1670
209000261,7,993,-986
209000262,9,842,-833
209000263,2,204,-202
209000264,1,135,-134
209000265,541,3,538
209000266,90,1,89
209000267,797,32,765
209000268,1131,135,996
210000037,116,64,52
210000047,107,62,45
210000048,130,80,50
210000049,122,70,52
210000052,50,244,-194
210000053,53,113,-60
210000054,75,100,-25
210000070,225,5,220
210000071,107,1,106
210000072,50,0,50
210000073,0,79,-79
210000074,1,194,-193
210000075,3,77,-74
210000076,25,237,-212
210000077,174,55,119
210000078,84,36,48
210000079,175,41,134
210000080,607,86,521
210000081,411,25,386
210000082,324,6,318
210000083,208,0,208
210000084,56,1,55
210000085,0,138,-138
210000086,2,223,-221
210000099,64,470,-406
210000100,96,459,-363
210000101,161,573,-412
210000105,75,516,-441
210000159,2,261,-259
210000163,246,389,-143
210000164,542,332,210
210000168,244,47,197
210000187,0,33,-33
210000188,1,59,-58
210000214,43,0,43
210000219,26,86,-60
210000220,99,131,-32
210000232,2,35,-33
210000233,52,148,-96
210000234,44,264,-220
210000235,70,275,-205
210000245,0,128,-128
210000246,65,8,57
210000258,19,153,-134
210000259,444,51,393
210000282,124,425,-301
210000285,3,193,-190
210000286,21,302,-281
210000290,8,10,-2
210000295,91,341,-250
210000296,166,83,83
210000320,228,186,42
210000321,108,155,-47
210000338,311,141,170
210000339,685,2202,-1517
210000340,211,963,-752
210000341,359,579,-220
210000342,314,384,-70
210000343,578,352,226
210000344,1027,291,736
210000345,474,551,-77
210000346,222,256,-34
210000347,665,74,591
210000348,383,46,337
210000349,473,48,425
210000350,200,111,89
210000351,208,233,-25
210000352,104,213,-109
210000353,69,268,-199
210000354,106,256,-150
210000355,131,257,-126
210000356,309,120,189
210000357,151,92,59
210000358,704,217,487
210000359,406,174,232
210000360,418,237,181
210000361,318,296,22
210000362,373,332,41
210000363,1167,319,848
210000364,244,276,-32
210000365,196,140,56
210000366,242,139,103
210000367,125,59,66
210000368,205,66,139
210000369,122,33,89
210000370,206,109,97
210000372,148,66,82
210000373,284,25,259
210000374,138,22,116
210000375,41,186,-145
210000376,187,306,-119
210000404,100,373,-273
210000439,24,121,-97
210000472,363,31,332
210000482,124,153,-29
210000564,766,457,309
210000567,9,34,-25
210000568,1026,2,1024
211000092,72,79,-7
211000094,17,30,-13
211000169,364,21,343
211000172,9,393,-384
211000209,2,28,-26
211000226,40,39,1
211000270,14,25,-11
211000275,50,29,21
211000276,140,53,87
211000279,14,75,-61
211000281,51,93,-42
211507980,1,61,-60
211977296,85,11,74
212000003,373,179,194
212000004,256,44,212
212000005,71,64,7
212000006,97,135,-38
212000008,201,283,-82
212000009,41,207,-166
212000012,120,157,-37
212000013,21,100,-79
212000014,410,226,184
212000015,310,374,-64
212000016,664,736,-72
212000027,624,974,-350
212000028,346,867,-521
212000029,296,638,-342
212000030,40,75,-35
212000031,72,128,-56
212000048,83,243,-160
212000049,28,143,-115
212000050,22,11,11
212000051,227,313,-86
212000052,187,556,-369
212000053,410,851,-441
212000054,250,287,-37
212000055,250,458,-208
212000056,18,80,-62
212000057,33,55,-22
212000058,680,67,613
212000070,146,482,-336
212000077,122,1258,-1136
212000099,467,557,-90
212000108,552,526,26
212000111,289,264,25
212000120,267,123,144
212000138,397,39,358
212000156,11,293,-282
212000158,13,36,-23
212000159,398,89,309
212000160,601,476,125
212000161,75,19,56
212000310,39,16,23
212000311,19,152,-133
212000374,57,12,45
213000001,55,939,-884
213000005,625,278,347
213000006,1653,342,1311
213000007,370,25,345
213000009,871,666,205
213000010,240,457,-217
213000011,471,230,241
213000012,280,565,-285
213000014,87,23,64
213000015,273,12,261
213000016,502,8,494
213000017,120,0,120
213000018,0,310,-310
213000019,5,256,-251
213000020,168,680,-512
213000021,7,164,-157
213000023,405,432,-27
213000033,373,2143,-1770
213000034,891,584,307
213000035,116,713,-597
213000045,151,392,-241
213000046,185,333,-148
213000047,752,1393,-641
213000056,171,142,29
213000069,286,9,277
213000073,0,26,-26
213000074,134,750,-616
213000075,863,9,854
213000076,18,2,16
213000085,9,49,-40
213000086,19,399,-380
213000091,162,25,137
213000092,52,19,33
213000099,284,1469,-1185
213000100,1900,476,1424
213000101,371,201,170
213000102,489,538,-49
213000103,1313,1389,-76
213000104,68,719,-651
213000105,0,139,-139
213000106,43,345,-302
213000107,238,1123,-885
213000108,31,893,-862
213000109,12,388,-376
213000110,6,141,-135
213000111,28,130,-102
213000112,254,175,79
213000115,51,15,36
213000116,59,1353,-1294
213000117,13,1824,-1811
213000118,625,563,62
213000119,107,1629,-1522
213000120,174,1451,-1277
213000122,526,1274,-748
213000123,1197,2597,-1400
213000124,198,2215,-2017
213000125,244,15,229
213000126,172,156,16
213000127,280,240,40
213000128,1163,1257,-94
213000129,774,996,-222
213000130,466,552,-86
213000132,335,236,99
213000133,599,232,367
213000134,1254,21,1233
213000136,540,30,510
213000137,890,186,704
213000139,578,70,508
213000147,173,2,171
213000148,101,18,83
213000149,293,7,286
213000150,1,153,-152
213000151,15,146,-131
213000152,2,97,-95
213000153,1,54,-53
213000154,22,371,-349
213000155,70,682,-612
213000156,132,1267,-1135
213000157,1471,710,761
213000158,384,1399,-1015
213000159,611,1164,-553
213000163,566,200,366
213000165,1152,457,695
213000171,1,137,-136
213000172,4,423,-419
213000173,5,365,-360
213000174,1,239,-238
213000175,13,164,-151
213000176,29,46,-17
213000177,43,8,35
213000178,106,10,96
213000179,239,3,236
213000180,121,2,119
213000184,159,966,-807
213000188,594,165,429
213000189,429,72,357
213000190,1280,1525,-245
213000191,347,1069,-722
213000192,297,1075,-778
213000193,3244,342,2902
213000194,4,58,-54
213000195,16,720,-704
213000196,361,1717,-1356
213000197,365,1766,-1401
213000198,191,2,189
213000200,205,1785,-1580
213000201,128,93,35
213000202,33,1523,-1490
213000203,5641,1175,4466
213000204,599,197,402
213000205,430,436,-6
213000206,1094,247,847
213000207,299,40,259
213000208,342,3,339
213000209,401,4,397
213000210,1338,18,1320
213000211,58,21,37
213000212,38,10,28
213000213,27,43,-16
213000218,334,1390,-1056
213000219,656,36,620
213000220,743,16,727
213000223,495,368,127
213000224,130,64,66
213000225,98,22,76
213000226,111,29,82
213000227,1216,500,716
213000228,364,200,164
213000229,530,48,482
213000230,422,57,365
213000232,163,817,-654
213000233,11,79,-68
213000234,6,60,-54
213000293,49,60,-11
213000294,355,15,340
213000295,63,98,-35
213000296,89,53,36
213000297,8,213,-205
213000298,21,171,-150
213000299,132,102,30
213000300,20,3,17
213000303,7,46,-39
213000304,3,18,-15
213000305,7,15,-8
213000306,389,41,348
213000307,1480,119,1361
213000308,191,365,-174
213000309,202,99,103
213000310,1219,186,1033
213000311,496,1303,-807
213000315,124,231,-107
213000316,111,117,-6
213000322,104,249,-145
213000323,97,120,-23
213000324,60,78,-18
213000325,17,212,-195
213000326,53,43,10
213000327,27,114,-87
213000328,28,167,-139
213000329,75,64,11
213000340,227,1444,-1217
213000341,454,222,232
213000346,406,291,115
213000347,1376,541,835
213000348,11,168,-157
213000349,25,6,19
213000350,433,2401,-1968
213000366,67,539,-472
213000367,241,74,167
213000379,122,121,1
213000386,16,372,-356
213000406,110,744,-634
213000417,2084,833,1251
213000425,152,49,103
213000426,111,155,-44
213000427,68,636,-568
213000428,47,319,-272
213000429,30,7,23
213000430,145,1532,-1387
213000431,54,1,53
213000432,2,22,-20
213000433,27,316,-289
213000434,71,212,-141
213000435,105,162,-57
213000436,18,180,-162
213000437,1,34,-33
213000438,157,124,33
213000439,95,29,66
213000440,4,430,-426
213000441,0,0,0
213000442,3,51,-48
213000443,808,874,-66
213000444,48,95,-47
213000445,2,148,-146
213000446,2,18,-16
213000447,8,120,-112
213000448,8,146,-138
213000449,332,4,328
213000450,28,90,-62
213000451,360,137,223
213000452,36,62,-26
213000453,73,484,-411
213000455,496,3,493
213000456,0,285,-285
213000481,7,26,-19
213000482,28,5,23
213000489,542,327,215
213000491,1,216,-215
213000492,1285,6,1279
213000493,12,246,-234
213000494,229,287,-58
213000495,0,189,-189
213000496,403,445,-42
213000497,92,525,-433
213000498,135,428,-293
213000499,214,963,-749
213000500,462,141,321
213000501,103,36,67
213000502,545,158,387
213000503,0,103,-103
213000504,18,307,-289
213000505,15,4,11
213000506,0,12,-12
213000507,6,211,-205
213900016,0,16,-16
213900244,24,1,23
213900245,0,34,-34
218000003,47,22,25
218000004,45,44,1
218000005,101,85,16
218000006,161,27,134
218000007,29,23,6
218000012,788,460,328
218000013,145,225,-80
218000014,566,639,-73
218000019,996,970,26
218000020,375,990,-615
218000021,57,125,-68
218000022,21,63,-42
218000023,8,82,-74
218000024,3,41,-38
218000025,30,50,-20
218000026,10,113,-103
218000027,1,28,-27
218000028,12,5,7
218000029,7,8,-1
218000030,30,54,-24
218000031,13,78,-65
218000032,4,42,-38
218000040,3,2,1
218000046,87,142,-55
218000047,26,245,-219
218000048,98,254,-156
218000049,156,210,-54
218000050,580,446,134
218000051,100,418,-318
218000052,0,192,-192
218000053,3,16,-13
218000054,16,54,-38
218000055,5,14,-9
218000056,34,20,14
218000057,2,28,-26
218000064,0,35,-35
218000065,74,90,-16
218000066,22,140,-118
218000067,63,180,-117
218000068,203,213,-10
218000069,205,309,-104
218000070,192,460,-268
218000071,248,312,-64
218000072,381,416,-35
218000078,1158,2115,-957
218000079,58,158,-100
218000080,127,169,-42
218000081,406,461,-55
218000082,60,276,-216
218000083,62,94,-32
218000084,183,328,-145
218000085,149,784,-635
218000086,77,308,-231
218000087,245,414,-169
218000090,13,143,-130
218000091,1399,975,424
218000092,124,321,-197
218000093,168,108,60
218000094,720,1041,-321
218000099,418,835,-417
218000100,304,426,-122
218000101,338,220,118
218000102,380,437,-57
218000103,131,325,-194
218000104,147,67,80
218000105,72,22,50
218000106,22,15,7
218000107,42,99,-57
218000108,3,66,-63
218000112,147,26,121
218000117,90,109,-19
218000134,914,1820,-906
218000135,85,244,-159
218000136,449,104,345
218000137,365,147,218
218000138,35,142,-107
218000139,306,516,-210
218000140,646,415,231
218000141,162,97,65
218000142,248,313,-65
218000143,196,391,-195
218000144,137,167,-30
218000145,489,622,-133
218000146,68,281,-213
218000151,73,53,20
218000152,161,86,75
218000153,3,6,-3
218000154,23,2,21
218000155,8,1,7
218000156,54,33,21
218000157,36,28,8
218000158,4,18,-14
218000159,9,14,-5
218000160,5,11,-6
218000161,31,7,24
218000162,52,19,33
218000163,2,3,-1
218000164,42,21,21
218000165,108,45,63
218000170,2,73,-71
218000171,81,26,55
218000172,53,30,23
218000173,47,25,22
218000174,73,11,62
218000176,162,61,101
218000177,323,327,-4
218000178,78,386,-308
218000179,85,164,-79
218000180,78,102,-24
218000181,168,110,58
218000187,16,18,-2
218000188,97,69,28
218000189,16,95,-79
218000190,17,34,-17
218000191,115,106,9
218000192,240,586,-346
218000193,530,817,-287
218000194,138,810,-672
218000195,220,148,72
218000196,355,560,-205
218000197,310,580,-270
218000198,6,263,-257
218000199,98,53,45
218000200,118,63,55
218000201,22,7,15
218000202,367,497,-130
218000207,17,128,-111
218000208,121,113,8
218000211,125,13,112
218000212,1,11,-10
218000213,163,76,87
218000214,7,36,-29
218000215,57,131,-74
218000217,6,221,-215
218000218,388,211,177
218000219,243,55,188
218000220,615,492,123
218000221,4879,349,4530
218000222,124,48,76
218000223,49,393,-344
218000224,7,248,-241
218000225,262,50,212
218000226,107,98,9
218000230,1,11,-10
218000232,78,173,-95
218000239,141,9,132
218000240,21,6,15
218000241,23,2,21
218000242,109,1,108
218000243,32,2,30
218000244,21,1,20
218000245,39,1,38
218000246,1,1,0
218000247,0,0,0
218000248,1,27,-26
218000249,0,2,-2
218000250,10,21,-11
218000251,2,14,-12
218000252,3,22,-19
218000253,4,16,-12
218000254,0,17,-17
218000255,3,26,-23
218000256,8,47,-39
218000267,1344,1868,-524
218000268,24,104,-80
218000269,5,17,-12
218000270,67,89,-22
218000271,33,141,-108
218000273,14,25,-11
218000274,30,19,11
218000275,24,77,-53
218000276,5,66,-61
218000278,33,27,6
218000279,86,126,-40
218000280,2,46,-44
218000281,41,16,25
218000282,988,568,420
218000284,165,49,116
218000301,159,164,-5
218000302,132,76,56
218000303,54,109,-55
218000316,977,2416,-1439
218000317,1099,2489,-1390
218000318,551,1781,-1230
218000319,1605,2940,-1335
218000320,1121,1407,-286
218000338,175,26,149
218000345,312,76,236
218000346,153,299,-146
218000459,68,448,-380
218000490,199,93,106
218000501,98,104,-6
218000502,54,169,-115
218000503,161,58,103
218000504,316,34,282
218000505,93,263,-170
218000506,69,410,-341
218000508,0,7,-7
218000510,297,19,278
218000520,284,138,146
218000521,22,112,-90
218000522,1,180,-179
218000523,303,3,300
218000524,50,216,-166
218000525,181,19,162
218000526,70,153,-83
218000529,59,436,-377
218000530,12,4,8
218000531,12,59,-47
218000532,38,22,16
218000534,161,18,143
218000537,73,85,-12
218000538,398,287,111
218000540,929,105,824
218000543,207,80,127
218000544,91,168,-77
218000545,66,107,-41
218000546,112,197,-85
218000547,81,206,-125
218000548,161,303,-142
218000549,451,307,144
218000550,248,651,-403
218000551,269,864,-595
218000552,822,54,768
218000553,59,107,-48
218000554,73,25,48
218000555,28,95,-67
218000556,123,574,-451
218000557,246,298,-52
218000558,134,0,134
218000559,0,49,-49
218000560,0,21,-21
218000561,14,1,13
218000562,58,272,-214
218000563,272,31,241
218000564,34,165,-131
218000565,283,49,234
218000566,392,39,353
218000567,2,73,-71
218000568,11,6,5
218000569,8,176,-168
218000570,118,5,113
218000571,1,182,-181
218000572,187,7,180
218000573,21,74,-53
218000574,100,83,17
218000575,162,1,161
218000576,1,86,-85
218000577,472,1,471
218000578,2,75,-73
218000579,232,48,184
218000581,5,103,-98
218000582,79,5,74
218000583,7,0,7
218000584,0,23,-23
218000585,93,5,88
218000586,14,58,-44
218000587,4,0,4
218000588,0,6,-6
218000589,2,4,-2
218000590,6,0,6
218000591,0,5,-5
218000592,5,1,4
218000593,0,0,0
218000594,1,1,0
218000595,0,0,0
218000596,0,0,0
218000597,0,0,0
218000598,0,0,0
218000599,0,0,0
218000600,1,1,0
218000601,0,0,0
218000602,0,2,-2
218000603,0,6,-6
218000604,29,0,29
218000605,0,30,-30
218000606,110,0,110
218000607,8,80,-72
218000608,84,41,43
218000609,2,49,-47
218000610,317,7,310
218000611,87,3,84
218000612,1,34,-33
218000613,52,0,52
218000614,11,36,-25
218000615,305,1,304
218000616,13,139,-126
218000617,58,1,57
218000618,0,23,-23
218000619,58,70,-12
218000620,59,20,39
218000621,1,5,-4
218000622,0,22,-22
218000623,88,0,88
218000624,3,41,-38
218000625,12,6,6
218000626,0,2,-2
218000628,146,66,80
218000631,49,40,9
218000632,0,111,-111
218000633,145,2,143
218000634,4,19,-15
218000635,14,11,3
218000636,1317,2927,-1610
218000637,1084,1155,-71
218000638,145,93,52
218000639,23,306,-283
218000640,285,33,252
218000641,105,627,-522
218000652,80,188,-108
218000653,208,124,84
218000663,10,226,-216
218000675,79,72,7
218000676,2,42,-40
218000677,20,16,4
218000680,259,708,-449
218000681,421,349,72
218000691,152,574,-422
218000693,205,298,-93
218000703,16,80,-64
218000718,1056,1015,41
218000719,1889,405,1484
218000720,17,77,-60
218000721,74,14,60
218000725,12,16,-4
218001147,0,144,-144
218001214,25,46,-21
218001258,80,8,72
218001329,195,246,-51
218001330,202,135,67
218001351,46,17,29
218001352,18,20,-2
218001353,17,21,-4
218001354,4,14,-10
218001355,12,443,-431
218001356,226,4,222
218001357,4,230,-226
218001358,167,8,159
218001361,143,99,44
218001362,0,229,-229
219000001,48,87,-39
219000002,68,113,-45
219000003,58,35,23
219000004,73,63,10
219000017,645,52,593
219000020,171,75,96
219000022,168,7,161
219000023,199,2,197
219000029,0,145,-145
219000034,89,28,61
219000039,78,104,-26
219000040,114,50,64
219000041,228,41,187
219000051,0,60,-60
219000052,0,12,-12
219000053,2,297,-295
219000054,55,194,-139
219000055,169,3,166
219000056,99,3,96
219000057,257,1,256
219000062,25,331,-306
219000063,118,4,114
219000064,0,91,-91
219000110,452,89,363
219000111,119,48,71
219000112,271,59,212
219000113,173,98,75
219000114,414,164,250
219000116,88,58,30
219000117,182,117,65
219000118,159,102,57
219000123,378,178,200
219000124,133,97,36
219000125,23,43,-20
219000126,94,156,-62
219000127,0,8,-8
219000128,16,144,-128
219000129,34,210,-176
219000130,1094,1196,-102
219000131,1406,1220,186
219000133,77,61,16
219000134,10,29,-19
219000135,75,56,19
219000136,166,195,-29
219000138,80,33,47
219000139,36,63,-27
219000140,65,9,56
219000141,23,173,-150
219000142,30,185,-155
219000143,22,182,-160
219000145,23,106,-83
219000146,7,91,-84
219000147,5,90,-85
219000148,7,114,-107
219000149,26,271,-245
219000150,6,230,-224
219000151,4,109,-105
219000157,244,212,32
219000158,242,447,-205
219000161,294,8,286
219000163,2782,664,2118
219000166,196,321,-125
219000167,133,379,-246
219000168,424,178,246
219000174,464,162,302
219000175,108,6,102
219000176,65,15,50
219000177,32,8,24
219000178,33,4,29
219000179,34,20,14
219000180,64,29,35
219000182,132,16,116
219000183,52,49,3
219000184,119,24,95
219000185,3,107,-104
219000186,32,114,-82
219000187,11,155,-144
219000189,187,302,-115
219000190,208,431,-223
219000191,2282,1948,334
219000192,236,202,34
219000193,615,266,349
219000195,1,115,-114
219000196,15,219,-204
219000198,50,253,-203
219000199,143,442,-299
219000200,89,374,-285
219000201,148,418,-270
219000203,54,216,-162
219000204,220,258,-38
219000205,61,235,-174
219000207,257,433,-176
219000209,18,141,-123
219000210,405,205,200
219000213,11,477,-466
219000239,288,509,-221
219000240,347,611,-264
219000241,135,399,-264
219000242,190,301,-111
219000243,122,508,-386
219000244,68,172,-104
219000245,32,69,-37
219000246,89,32,57
219000247,106,53,53
219000248,872,507,365
219000249,237,99,138
219000250,213,115,98
219000251,798,294,504
219000252,333,187,146
219000253,369,61,308
219000255,134,157,-23
219000256,174,119,55
219000257,331,3,328
219000262,117,339,-222
219000263,71,368,-297
219000267,3,208,-205
219000268,4,19,-15
219000269,51,6,45
219000270,20,1,19
219000271,149,31,118
219000278,1,14,-13
219000279,1,14,-13
219000283,0,17,-17
219000295,11,183,-172
219000296,140,759,-619
219000297,18,239,-221
219000298,26,252,-226
219000299,584,184,400
219000300,36,425,-389
219000301,250,596,-346
219000302,33,329,-296
219000307,64,81,-17
219000308,53,46,7
219000311,269,52,217
219000312,575,103,472
219000313,356,74,282
219000314,109,921,-812
219000315,252,86,166
219000316,501,133,368
219000317,102,27,75
219000320,1,88,-87
219000321,1,33,-32
219000323,8,130,-122
219000325,8,37,-29
219000326,78,212,-134
219000327,162,47,115
219000328,67,106,-39
219000329,356,230,126
219000330,69,44,25
219000331,78,56,22
219000332,72,146,-74
219000333,17,7,10
219000335,130,10,120
219000337,24,0,24
219000338,177,2,175
219000344,48,111,-63
219000345,73,175,-102
219000346,95,251,-156
219000348,185,220,-35
219000349,40,312,-272
219000350,81,227,-146
219000351,12,12,0
219000352,358,132,226
219000353,194,91,103
219000354,170,184,-14
219000355,200,67,133
219000356,3197,1236,1961
219000363,499,90,409
219000364,119,45,74
219000365,182,28,154
219000366,473,657,-184
219000368,886,630,256
219000370,2167,553,1614
219000371,19,43,-24
219000382,16,17,-1
219000383,1169,1523,-354
219000385,881,849,32
219000386,1367,2609,-1242
219000387,16,13,3
219000390,26,16,10
219000391,6,2,4
219000397,119,119,0
219000398,81,67,14
219000401,19,205,-186
219000402,38,160,-122
219000403,154,339,-185
219000404,25,161,-136
219000407,8,68,-60
219000409,76,44,32
219000410,116,52,64
219000411,75,19,56
219000446,322,717,-395
219000447,1,34,-33
219000448,8,14,-6
219000452,182,94,88
219000453,139,242,-103
219000454,635,317,318
219000556,294,143,151
219000558,293,349,-56
219000590,57,379,-322
219000591,78,130,-52
219000592,217,661,-444
219000595,4,54,-50
219000635,104,98,6
219000636,41,150,-109
219000657,34,19,15
219000658,52,105,-53
219000673,0,22,-22
219000676,179,0,179
219000679,138,16,122
219000684,295,3,292
219000685,9,106,-97
219000686,1,0,1
219000688,0,176,-176
219000689,27,383,-356
219000690,240,39,201
219000691,93,265,-172
219000692,163,39,124
219000693,0,31,-31
219000694,5,1,4
219000695,27,12,15
219000698,88,1,87
219000699,0,17,-17
219000727,0,253,-253
219000728,148,5,143
219000770,83,4,79
219000771,2,79,-77
219000788,533,317,216
219001150,2,46,-44
219001151,1,3,-2
219001166,69,15,54
219001167,0,125,-125
219001178,47,2,45
220000001,131,131,0
220000002,35,285,-250
220000003,986,448,538
220000004,1798,973,825
220000005,2627,2690,-63
220000006,358,1466,-1108
220000007,491,889,-398
220000008,507,1682,-1175
220000009,458,866,-408
220000010,383,309,74
220000011,1551,5626,-4075
220000012,166,1084,-918
220000014,196,60,136
220000015,171,309,-138
220000017,58,711,-653
220000018,11336,5038,6298
220000019,194,516,-322
220000020,856,476,380
220000021,718,366,352
220000022,708,744,-36
220000023,304,306,-2
220000024,3070,540,2530
220000025,2123,1480,643
220000026,377,371,6
220000027,38,188,-150
220000028,66,77,-11
220000029,111,496,-385
220000030,191,136,55
220000031,624,620,4
220000064,55,1252,-1197
221000046,6,0,6
221000047,0,1,-1
221000048,0,2,-2
221000049,0,15,-15
221000050,26,1,25
221000055,83,91,-8
221000057,59,12,47
221000068,517,180,337
221000069,459,84,375
221000070,287,33,254
221000071,93,12,81
221000072,409,21,388
221000073,228,96,132
221000074,2,33,-31
221000075,59,24,35
221000076,5,43,-38
221000077,64,153,-89
221000081,63,18,45
221000082,73,13,60
221000083,58,9,49
221000084,9,7,2
221000085,25,110,-85
221000086,16,221,-205
221000087,2,281,-279
221000088,23,303,-280
221000089,42,487,-445
221000090,130,692,-562
221000098,142,16,126
221000099,170,15,155
221000100,101,12,89
221000101,229,26,203
221000102,176,26,150
221000109,4,142,-138
221000110,15,166,-151
221000111,22,302,-280
221000112,8,226,-218
221000113,30,249,-219
221000114,24,273,-249
221000120,28,61,-33
221000121,6,36,-30
221000122,108,45,63
221000123,5,25,-20
221000124,74,384,-310
221000155,118,25,93
221000156,74,65,9
221000175,0,11,-11
221000176,1,7,-6
221000182,60,10,50
221000241,800,351,449
221000242,271,611,-340
221000243,873,197,676
221000244,368,817,-449
221000245,170,145,25
221000246,51,418,-367
221000247,209,178,31
221000248,279,235,44
221000267,113,1077,-964
221000325,99,93,6
221000331,40,171,-131
221000338,136,44,92
221000378,315,45,270
221000381,84,80,4
222000282,20,0,20
222000296,3,71,-68
222000568,435,10,425
222000569,213,44,169
222000570,194,20,174
222000571,463,27,436
222000577,30,346,-316
222000578,31,301,-270
222000579,50,186,-136
222000580,153,1393,-1240
222000599,4,186,-182
222000600,2,521,-519
222000601,15,1555,-1540
222000603,25,42,-17
222000604,16,43,-27
222000605,46,24,22
222000606,5,7,-2
222000607,10,8,2
222000608,43,8,35
222000609,74,409,-335
222000616,265,57,208
222000617,9,28,-19
222000618,1,5,-4
222000620,87,10,77
222000621,183,8,175
222000623,625,11,614
222000624,326,5,321
222000625,488,76,412
222000636,136,3,133
222000686,73,13,60
222000687,49,40,9
222001066,508,1,507
222001067,18,10,8
222001068,26,81,-55
222001069,24,76,-52
222001082,36,70,-34
222001083,17,87,-70
222001084,0,92,-92
222001085,0,215,-215
222001111,55,279,-224
222001112,137,73,64
222001313,78,4,74
222001314,16,172,-156
222001464,103,83,20
222001465,55,157,-102
222001484,120,77,43
222001485,23,62,-39
222001494,328,224,104
222001495,150,472,-322
222001496,297,146,151
222001497,144,784,-640
222001502,19,122,-103
222001503,101,92,9
222001504,27,389,-362
222001505,400,42,358
222001506,21,383,-362
222001507,356,50,306
222001510,397,37,360
222001511,47,643,-596
222001514,741,277,464
222001515,327,962,-635
222001518,202,112,90
222001519,38,439,-401
222001527,374,124,250
222001528,92,247,-155
222001529,226,63,163
222001530,45,274,-229
222001533,178,500,-322
222001534,303,112,191
222001535,165,249,-84
222001536,126,478,-352
222001537,350,44,306
222001538,78,808,-730
222001563,475,97,378
222001564,68,955,-887
222001568,433,106,327
222001576,1,3,-2
222001579,1,13,-12
222001583,52,248,-196
222001584,127,25,102
222001596,1018,2094,-1076
222001597,2683,428,2255
222001626,1,297,-296
222001650,96,102,-6
222001651,105,211,-106
222001914,226,74,152
222001915,105,343,-238
222001968,470,292,178
222001969,619,1211,-592
222001970,324,427,-103
222001971,24,73,-49
222001972,1,32,-31
225000001,746,334,412
225000002,654,274,380
225000003,706,245,461
225000004,340,584,-244
225000005,44,129,-85
225000006,4,248,-244
225000007,4978,2111,2867
225000010,430,12,418
225000011,921,2239,-1318
225000012,253,934,-681
225000013,282,285,-3
225000014,2498,155,2343
225000015,148,374,-226
225000021,1149,472,677
225000027,433,855,-422
225000032,964,310,654
225000042,157,1218,-1061
225000049,47,77,-30
225000050,98,35,63
225000053,5,660,-655
225000058,1143,243,900
225000067,333,319,14
225000068,165,781,-616
225000069,164,868,-704
225000070,104,764,-660
225000071,57,408,-351
225000075,45,1721,-1676
225000076,138,238,-100
225000078,261,134,127
225000085,87,220,-133
225000086,919,94,825
225000087,354,70,284
225000088,21,315,-294
225000089,406,1401,-995
225000090,27,661,-634
225000091,249,387,-138
225000092,41,103,-62
225000093,220,579,-359
225000094,22,687,-665
225000095,471,788,-317
225000096,417,872,-455
225000098,940,367,573
225000099,444,231,213
225000100,357,218,139
225000104,188,685,-497
225000110,26,810,-784
225000111,498,1923,-1425
225000112,900,1638,-738
225000113,298,917,-619
225000114,138,541,-403
225000115,3588,933,2655
225000116,1503,306,1197
225000117,1375,744,631
225000118,1304,611,693
225000119,250,199,51
225000120,913,141,772
225000121,322,50,272
225000123,3275,33,3242
225000125,688,563,125
225000126,2170,422,1748
225000127,1469,1787,-318
225000128,540,1137,-597
225000132,278,55,223
225000133,397,40,357
225000134,823,202,621
225000135,68,15,53
225000136,241,62,179
225000137,193,95,98
225000138,621,84,537
225000143,173,350,-177
225000144,3,623,-620
225000145,90,106,-16
225000146,39,249,-210
225000147,35,567,-532
225000148,10,398,-388
225000149,109,817,-708
225000151,29,531,-502
225000155,413,882,-469
225000156,638,1609,-971
225000157,452,564,-112
225000158,175,642,-467
225000171,13,265,-252
225000180,20,0,20
225000181,0,118,-118
225000182,100,25,75
225000185,11,606,-595
225000187,72,707,-635
225000191,149,0,149
225000194,0,15,-15
225000208,0,80,-80
225000209,135,42,93
225000210,8,489,-481
225000217,0,40,-40
225000218,25,4,21
225000223,2,97,-95
225000224,350,1,349
225000225,11,51,-40
225000226,414,4,410
225000227,101,152,-51
225000228,22,15,7
225000229,0,167,-167
225000230,63,1,62
225000231,1,146,-145
225000232,203,0,203
225000241,160,0,160
225000242,0,53,-53
225000249,4,0,4
225000250,53,1409,-1356
225000251,510,43,467
225000254,16,1,15
225000256,43,166,-123
225000257,5,367,-362
226000042,803,810,-7
226000043,155,457,-302
226000044,472,1047,-575
226000045,151,698,-547
226000046,723,143,580
226000047,799,175,624
226000048,536,113,423
226000049,618,268,350
226000070,0,201,-201
226000071,1,123,-122
226000072,0,47,-47
226000073,8,33,-25
226000074,0,41,-41
226000084,0,97,-97
226000085,7,9,-2
226000086,7,27,-20
226000087,0,31,-31
226000088,100,71,29
226000090,587,109,478
226000091,47,33,14
226000092,6,9,-3
226000093,32,2,30
226000094,55,2,53
226000095,60,4,56
226000105,19,1,18
226000106,31,2,29
226000107,17,0,17
226000108,88,0,88
226000109,101,0,101
226000124,344,119,225
226000134,570,791,-221
226000135,1420,1282,138
226000136,465,759,-294
226000137,12,842,-830
226000138,25,496,-471
226000139,5,37,-32
226000156,180,2,178
226000157,162,12,150
226000163,98,84,14
226000202,10,915,-905
226000231,329,7,322
226000232,131,10,121
227000033,385,91,294
227000036,270,59,211
227000037,207,40,167
227000038,268,61,207
227000084,0,76,-76
227000085,0,67,-67
227000088,192,8,184
227000089,173,1,172
227000090,192,1,191
227000091,23,0,23
227000092,57,1,56
227000093,295,0,295
227000094,26,0,26
227000130,40,109,-69
227000131,35,339,-304
227000132,16,331,-315
227000133,23,366,-343
227000134,17,479,-462
227000152,0,2,-2
227000153,0,51,-51
227000154,0,31,-31
227000155,0,34,-34
227000156,0,20,-20
227000165,4,37,-33
227000196,299,489,-190
227000199,242,932,-690
227000230,55,993,-938
227000232,417,57,360
227000242,52,648,-596
227000243,668,102,566
227000245,7,456,-449
227000246,117,704,-587
227000247,384,149,235
227000248,264,35,229
227000249,36,301,-265
227000250,966,235,731
227000251,308,298,10
227000252,14,505,-491
227000253,98,43,55
227000262,339,65,274
227000266,1024,28,996
227000267,69,3751,-3682
227000282,5,439,-434
227000284,454,40,414
227000286,3,125,-122
227000287,11,186,-175
227000291,19,981,-962
227000296,524,582,-58
227000484,496,23,473
227000485,24,1350,-1326
227000655,126,54,72
227000656,730,47,683
227000657,65,52,13
227000661,573,24,549
227000680,487,102,385
229000265,27,92,-65
229000296,10,62,-52
229000297,5,88,-83
229000298,26,384,-358
229000320,20,8,12
229000321,26,7,19
229000412,40,90,-50
229000414,21,96,-75
229000415,14,0,14
229000416,2,8,-6
229000417,14,41,-27
229000419,135,614,-479
229000440,372,108,264
229000442,19,10,9
229000443,3,10,-7
229000444,6,46,-40
229000445,73,17,56
229000446,127,29,98
229000491,3,32,-29
229000492,15,196,-181
229000493,4,185,-181
229000494,38,8,30
229000495,121,9,112
229000496,75,12,63
229000507,0,94,-94
229000508,1,63,-62
229000509,0,79,-79
229000510,3,34,-31
229000511,5,64,-59
229000512,1,57,-56
229000513,0,9,-9
229000514,1,6,-5
229000517,4,14,-10
229000518,13,51,-38
229000519,3,22,-19
229000520,12,48,-36
229000521,39,41,-2
229000522,16,16,0
229000523,19,13,6
229000524,3,8,-5
229000527,11,1,10
229000528,2,0,2
229000529,13,1,12
229000530,95,7,88
229000531,73,3,70
229000532,57,4,53
229000533,117,2,115
229000534,104,0,104
229000564,49,0,49
229000565,8,0,8
229000566,0,18,-18
229000567,0,83,-83
229000582,186,3,183
229000583,10,5,5
229000584,0,60,-60
229000585,7,112,-105
229000718,0,3,-3
229000719,0,4,-4
229000720,0,13,-13
229000721,0,9,-9
229000722,0,27,-27
229000723,0,17,-17
229000724,0,1,-1
229000725,0,4,-4
229000738,1,0,1
229000739,5,0,5
229000740,1,0,1
229000741,20,0,20
229000742,5,0,5
229000743,24,0,24
229000744,0,0,0
229000745,1,0,1
229000746,33,0,33
229000847,48,1,47
229000848,21,0,21
229000849,145,1,144
229000851,30,0,30
229000854,0,58,-58
229000856,2,262,-260
229000857,0,67,-67
229000858,0,176,-176
229000919,14,137,-123
229000930,1,377,-376
229000937,94,33,61
229000966,60,29,31
229000981,18,63,-45
229000985,11,100,-89
229000986,9,13,-4
229000987,0,2,-2
229000988,3,1,2
229000989,33,39,-6
229000990,1,4,-3
229000991,3,1,2
229000992,14,10,4
229000993,340,18,322
229000998,7,124,-117
229000999,96,9,87
229001034,1,29,-28
229001035,18,3,15
229001037,44,19,25
229001042,6,37,-31
229001047,10,136,-126
229001050,72,122,-50
229001168,0,16,-16
229001200,11,10,1
229001338,4,41,-37
229001394,305,6,299
229001422,169,35,134
229001423,60,212,-152
229001431,64,72,-8
229001432,76,109,-33
229001444,143,102,41
229001445,100,399,-299
229001479,11,12,-1
229001503,187,132,55
229001504,163,304,-141
229001505,122,40,82
229001506,68,251,-183
229001509,82,58,24
229001545,79,11,68
229001546,11,121,-110
229001553,66,16,50
229001554,42,130,-88
229001559,3,6,-3
229001560,2,18,-16
229001630,103,11,92
229001631,6,85,-79
229001635,1,13,-12
229001636,1,5,-4
229001658,0,147,-147
229001659,58,7,51
229001660,2,4,-2
229001661,3,33,-30
229001662,55,0,55
229001663,0,23,-23
229002584,325,320,5
229002831,394,252,142
229002841,24,21,3
229002842,20,45,-25
229002843,126,31,95
229002844,174,57,117
229002845,30,112,-82
229002846,39,45,-6
229002847,54,14,40
229002848,56,25,31
229002849,28,105,-77
229002850,15,1,14
229002851,203,141,62
229002852,195,37,158
229002853,244,47,197
229002854,262,55,207
229002855,5,30,-25
229002856,72,44,28
229002857,5,47,-42
229002858,12,19,-7
229002859,162,20,142
229002860,213,22,191
229002861,110,68,42
229002862,65,195,-130
229002863,43,32,11
229002864,17,37,-20
229002865,7,25,-18
229002866,24,23,1
229002867,9,48,-39
229002868,33,10,23
229002869,43,207,-164
229002870,61,8,53
235000066,566,75,491
235000067,158,138,20
235000072,28,94,-66
235000073,103,544,-441
235000074,24,101,-77
235000080,54,116,-62
235000081,137,166,-29
235000082,144,129,15
235000083,167,175,-8
235000084,60,67,-7
235000085,82,85,-3
235000089,47,51,-4
235000092,18,225,-207
235000093,20,12,8
235000097,3,13,-10
235000098,53,17,36
235000099,30,40,-10
235000116,88,29,59
235000117,1219,35,1184
235000133,24,495,-471
235000134,15,219,-204
235000206,18,7,11
235000207,1,8,-7
235000208,3,2,1
235000209,7,1,6
235000210,15,4,11
235000212,6,39,-33
235000213,0,11,-11
235000220,1,6,-5
235000221,151,5,146
235000238,31,81,-50
235000239,1,5,-4
235000242,455,560,-105
235000245,992,252,740
235000246,37,116,-79
235000284,12,126,-114
235000295,105,22,83
235000305,166,28,138
235000306,107,8,99
235000307,17,9,8
235000308,51,1,50
235000309,74,0,74
235000310,126,0,126
235000311,339,10,329
235000322,0,33,-33
235000323,0,70,-70
235000324,2,21,-19
235000325,0,12,-12
235000326,4,328,-324
235000351,5,78,-73
235000352,33,43,-10
235000353,1,29,-28
235000354,7,23,-16
235000355,11,83,-72
235000356,173,7,166
235000357,39,16,23
235000358,28,7,21
235000359,19,1,18
235000360,135,20,115
235000361,94,18,76
235000381,92,308,-216
235000382,112,77,35
235000390,6,2,4
235000391,101,34,67
235000392,139,232,-93
235000393,123,183,-60
235000395,92,47,45
235000396,399,107,292
235000400,316,30,286
235000401,168,213,-45
235000405,135,350,-215
235000406,66,392,-326
235000407,103,128,-25
235000409,178,281,-103
235000410,66,338,-272
235000411,0,117,-117
235000485,0,19,-19
235000486,5,2,3
235000549,58,147,-89
235000550,46,232,-186
235000599,101,102,-1
235000600,8,9,-1
235000601,44,58,-14
235000602,80,241,-161
235000614,1,4,-3
235000648,2,25,-23
235000649,72,14,58
235000685,1,10,-9
235000815,3,39,-36
235000834,0,6,-6
235000855,44,71,-27
235000862,98,244,-146
235000891,0,18,-18
235000892,99,4,95
235000901,111,151,-40
235000907,5,20,-15
235001010,49,146,-97
235001029,743,653,90
235001030,449,342,107
235001078,101,130,-29
235001079,103,160,-57
235001147,9,90,-81
235001166,33,145,-112
235001167,25,90,-65
235001169,34,385,-351
235001188,1,14,-13
235001189,2,1,1
235001197,17,22,-5
235001200,63,51,12
235001207,149,24,125
235001210,75,165,-90
235001215,76,228,-152
235001239,1,96,-95
235001244,1,6,-5
235016267,0,33,-33
277101746,0,2,-2
277102712,24,31,-7
277103813,0,0,0
277103898,0,5,-5
277104249,0,8,-8
277104250,0,18,-18
277104251,0,18,-18
277104252,0,7,-7
990011530,0,372,-372
990014944,2,733,-731
990015176,203,142,61
990015618,0,172,-172
990016032,4,977,-973
990032570,3,320,-317
990070001,115,10,105
990070103,0,2,-2
990070601,0,105,-105
990070751,481,1,480
990070766,2,993,-991
990071180,1023,335,688
990071343,62,2,60
990071387,0,4,-4
990071823,617,2,615
990072600,0,858,-858
990072964,2,914,-912
990073285,0,2,-2
990074393,4,1770,-1766
990074870,1080,12,1068
990075106,980,4,976
990075746,430,7,423
990076437,1133,37,1096
990076458,2,1443,-1441
997000007,341,2,339
997000041,0,161,-161
997000058,49,2,47
997000062,201,3,198
997000069,0,2,-2
997000070,1,122,-121
997000100,33,1,32
997000141,28,3175,-3147
997000198,5,1743,-1738
998000475,14,35,-21
998000736,0,335,-335
998000965,0,36,-36
998001031,0,80,-80
998001700,0,40,-40
998001899,0,1,-1
998001900,82,41,41
998003073,4263,16,4247
998101900,0,0,0
998102850,7,105,-98
998501927,942,550,392
998501929,223,10,213
998501930,82,0,82
998501931,145,32,113
998501932,31,19,12
998501933,101,4,97
998501937,99,49,50
998501944,17,1,16
998501950,0,0,0
998501970,181,172,9
998501971,0,95,-95
998501973,0,100,-100
998501974,5,401,-396
998501975,754,0,754
998501976,181,23,158
998501977,0,16,-16
998501978,59,1,58
998501979,0,10,-10
998501980,480,10,470
998501981,18,10,8
998501982,0,152,-152
998502006,0,0,0
998502024,0,2,-2
998502032,1,4,-3
998502062,48,8,40
998502063,0,0,0
998502173,24,0,24
998502269,0,1,-1
998601159,1,230,-229
998601292,1,35,-34
999033574,3,1539,-1536
999800001,33,2,31
999800002,0,4,-4
999800003,2,0,2
999800004,0,3,-3
999800005,0,13,-13
