ID,insum,outsum,diff
100000001,677,1178,-501
100000002,5034,2133,2901
100000003,8987,4757,4230
100000004,1563,1367,196
100000005,2780,5289,-2509
100000006,868,233,635
100000007,2525,1037,1488
100000008,674,483,191
100000009,1395,744,651
100000010,284,120,164
100000011,1290,158,1132
100000012,210,977,-767
100000013,1447,300,1147
100000014,1293,382,911
100000015,2150,3151,-1001
100000016,1233,1612,-379
100000017,1290,1082,208
100000018,2406,775,1631
100000019,5574,2316,3258
100000020,2942,10158,-7216
100000021,6645,2570,4075
100000022,2172,2874,-702
100000023,6399,2183,4216
100000025,2145,1530,615
100000028,2543,1364,1179
100000029,303,400,-97
100000030,406,87,319
100000031,6176,9518,-3342
100000032,3493,4590,-1097
100000033,1244,3009,-1765
100000034,676,567,109
100000035,2174,1880,294
100000036,2942,1723,1219
100000037,886,576,310
100000038,2357,1151,1206
100000039,1526,402,1124
100000040,331,258,73
100000041,1461,704,757
100000042,1234,569,665
100000043,1312,485,827
100000044,511,933,-422
100000045,568,1322,-754
100000046,1041,1407,-366
100000047,608,842,-234
100000048,1669,794,875
100000049,2054,2549,-495
100000051,562,1265,-703
100000053,382,9,373
100000054,766,66,700
100000055,2160,379,1781
100000056,697,543,154
100000057,2603,774,1829
100000058,1318,1657,-339
100000059,26,179,-153
100000060,423,411,12
100000061,2737,642,2095
100000062,3589,752,2837
100000063,943,360,583
100000064,1560,351,1209
100000065,532,1179,-647
100000066,256,832,-576
100000067,823,911,-88
100000068,735,2290,-1555
100000069,317,1820,-1503
100000072,405,1683,-1278
100000073,1399,1501,-102
100000075,888,317,571
100000076,2807,3186,-379
100000077,420,263,157
100000078,31,35,-4
100000079,55,66,-11
100000080,41,60,-19
100000081,239,249,-10
100000102,3040,2489,551
100000103,4362,1746,2616
100000104,6055,3136,2919
100000105,3604,1929,1675
100000106,3373,2870,503
100000107,987,1183,-196
100000108,1023,1342,-319
100000109,3698,1645,2053
100000116,2112,1465,647
100000117,102,157,-55
100000118,2092,1530,562
100000119,786,1149,-363
100000121,415,518,-103
100000122,954,1185,-231
100000123,5045,5105,-60
100000124,8041,7465,576
100000125,4311,1780,2531
100000126,988,448,540
100000127,2045,414,1631
100000128,2548,2762,-214
100000129,613,493,120
100000130,542,696,-154
100000131,3945,3542,403
100000132,1843,3704,-1861
100000133,8279,2982,5297
100000135,719,1689,-970
100000139,574,387,187
100000140,603,447,156
100000142,593,725,-132
100000143,1142,535,607
100000144,4152,1048,3104
100000147,1345,3270,-1925
100000150,61,483,-422
100000151,1515,1341,174
100000153,283,594,-311
100000154,65,266,-201
100000155,27,59,-32
100000156,748,509,239
100000157,209,157,52
100000158,399,127,272
100000159,338,623,-285
100000165,2154,1189,965
100000169,688,535,153
100000174,1215,588,627
100000179,76,651,-575
100000180,8073,3023,5050
100000181,694,328,366
100000188,113,338,-225
100000189,2542,517,2025
100000190,1217,1273,-56
100000191,898,687,211
100000192,53,179,-126
100000193,320,255,65
100000330,1912,1117,795
100000355,347,874,-527
100000362,7144,4495,2649
100000363,5163,5669,-506
100000364,384,355,29
100000365,7213,7707,-494
100000366,8886,4361,4525
100000367,7032,7144,-112
100000368,4069,2151,1918
100000369,1861,2263,-402
100000370,406,895,-489
100000376,102,169,-67
100000379,3133,2001,1132
100000380,5838,4770,1068
100000384,7269,6206,1063
100000385,5986,5471,515
100000386,10637,5590,5047
100000387,6735,6688,47
100000388,9385,7334,2051
100000389,9520,7918,1602
100000390,10865,7367,3498
100000391,8814,9213,-399
100000392,5172,4886,286
100000393,4075,5651,-1576
100000394,10672,10263,409
100000395,7578,4756,2822
100000396,11240,4882,6358
100000397,7440,7855,-415
100000398,14037,10463,3574
100900002,5,45,-40
100900003,449,217,232
100900004,56,1072,-1016
100900005,188,21,167
100900006,27,145,-118
100900007,704,25,679
100900008,4,417,-413
100900009,95,236,-141
100900010,187,128,59
100900011,119,203,-84
100900012,2,254,-252
100900013,1841,13,1828
100900014,5,32,-27
100900015,149,130,19
100900016,0,45,-45
100900017,1053,114,939
100900018,1,25,-24
100900019,45,356,-311
100900020,451,16,435
100900021,600,2,598
100900022,34,94,-60
100900023,0,92,-92
100900024,940,3,937
100900025,17,22,-5
100900026,83,114,-31
100900027,836,3826,-2990
100900028,151,303,-152
100900029,63,24,39
100900030,4,79,-75
100900031,924,101,823
100900032,245,1,244
100900033,413,231,182
100900034,528,6,522
100900035,693,8,685
100900036,26,2,24
100900037,90,195,-105
100900038,165,57,108
100900039,253,680,-427
100900040,437,1009,-572
100900041,845,707,138
100900042,2012,1009,1003
100900043,0,24,-24
100900044,2858,713,2145
100900045,30,1,29
100900046,1838,22,1816
100900047,1065,444,621
100900048,208,48,160
100900049,195,218,-23
100900050,2,15,-13
100900051,119,121,-2
100900052,509,82,427
100900053,442,32,410
100900054,7,71,-64
100900055,509,705,-196
100900056,275,343,-68
100900057,1163,1564,-401
100900058,257,61,196
100900059,135,13,122
100900060,214,12,202
100900061,431,294,137
100900062,9,52,-43
100900063,269,668,-399
100900064,999,46,953
100900065,132,112,20
100900066,124,207,-83
100900067,9,11,-2
100900068,180,123,57
100900069,744,16,728
100900070,371,8,363
100900071,973,419,554
100900072,1,58,-57
100900073,172,506,-334
100900074,6,13,-7
100900075,2146,439,1707
100900076,35,52,-17
100900077,47,134,-87
100900078,123,400,-277
100900079,14,26,-12
100900080,82,254,-172
100900081,39,157,-118
100900082,145,614,-469
100900083,18,30,-12
100900085,28,285,-257
100900086,245,1242,-997
100900088,151,625,-474
100900089,12,26,-14
100900090,194,725,-531
100900091,2,34,-32
100900092,365,293,72
100900093,293,692,-399
100900094,189,545,-356
100900095,9,36,-27
100900096,89,125,-36
100900097,1,9,-8
100900098,22,24,-2
100900099,54,600,-546
100900100,18,680,-662
100900101,279,54,225
100900102,558,192,366
100900103,3,19,-16
100900104,7,165,-158
100900105,37,462,-425
100900106,51,5,46
100900107,2003,887,1116
100900108,14,66,-52
100900109,15,38,-23
100900110,16,40,-24
100900111,62,192,-130
100900112,7,14,-7
100900113,13,30,-17
100900114,6,15,-9
100900115,14,47,-33
100900116,950,840,110
100900117,386,983,-597
100900118,210,232,-22
100900119,13,21,-8
100900120,8,18,-10
100900121,419,742,-323
100900122,214,254,-40
100900123,83,300,-217
100900124,3,8,-5
100900125,22,85,-63
100900126,204,831,-627
100900127,8,33,-25
100900128,118,143,-25
100900129,1,168,-167
100900131,89,258,-169
100900133,71,116,-45
100900134,12,4,8
100900135,1,201,-200
100900137,395,251,144
100900138,597,681,-84
100900139,7,9,-2
100900140,6,567,-561
100900141,5,515,-510
100900142,0,35,-35
100900143,1878,477,1401
100900144,61,15,46
100900145,569,365,204
100900146,6,68,-62
100900147,18,490,-472
100900148,28,751,-723
100900149,59,204,-145
100900150,7,40,-33
100900151,155,673,-518
100900152,268,9,259
100900153,6,160,-154
100900154,16,126,-110
100900155,16,37,-21
100900156,43,2,41
100900157,16,212,-196
100900158,839,263,576
100900159,2,48,-46
100900160,15,16,-1
100900161,128,11,117
100900162,41,477,-436
100900163,316,305,11
100900164,48,74,-26
100900165,16,39,-23
100900166,38,4,34
100900167,22,77,-55
100900168,45,164,-119
100900169,229,1232,-1003
100900170,67,11,56
100900171,32,709,-677
100900172,0,17,-17
100900173,19,514,-495
100900174,636,68,568
100900176,1680,251,1429
100900177,684,385,299
100900178,265,142,123
100900179,240,413,-173
100900180,33,7,26
100900181,149,134,15
100900182,64,43,21
100900184,19,195,-176
100900186,1093,634,459
100900187,12,133,-121
100900188,41,18,23
100900189,1408,227,1181
100900191,1416,1443,-27
100900192,340,442,-102
100900195,168,189,-21
100900197,17,113,-96
100900198,51,297,-246
100900199,30,40,-10
100900200,809,579,230
100900201,209,971,-762
100900202,76,0,76
100900203,0,140,-140
100900204,1049,1051,-2
100900205,256,701,-445
100900206,176,123,53
100900207,279,191,88
100900210,155,572,-417
100900211,579,221,358
100900213,143,49,94
100900214,1234,148,1086
100900215,22,84,-62
101000001,5301,2943,2358
101000002,6365,6626,-261
101000003,728,2514,-1786
101000004,10624,8547,2077
101000005,5419,5820,-401
101000006,8822,8301,521
101000007,3922,5045,-1123
101000008,3930,3091,839
101000009,2185,1593,592
101000010,1002,1257,-255
101000011,1964,727,1237
101000012,1879,999,880
101000013,798,1410,-612
101000014,668,826,-158
101000015,1385,1205,180
101000016,464,573,-109
101000017,721,555,166
101000018,4517,3045,1472
101000020,4473,1459,3014
101000021,1026,525,501
101000022,359,161,198
101000023,1948,954,994
101000025,271,475,-204
101000026,410,49,361
101000027,2674,3187,-513
101000028,140,110,30
101000029,426,2179,-1753
101000030,2554,196,2358
101000031,1578,1099,479
101000032,12254,5562,6692
101000033,2839,3551,-712
101000034,2899,2140,759
101000035,1166,914,252
101000036,2298,1065,1233
101000037,3990,2065,1925
101000039,3151,2910,241
101000040,4239,3976,263
101000041,14857,10268,4589
101000042,1029,1804,-775
101000043,10353,9085,1268
101000045,2452,1194,1258
101000046,6249,2212,4037
101000047,3830,5169,-1339
101000048,1048,904,144
101000049,955,2453,-1498
101000050,3489,3772,-283
101000051,3280,3810,-530
101000052,1884,1332,552
101000053,1494,1916,-422
101000054,2761,1710,1051
101000055,1996,1618,378
101000056,84,146,-62
101000057,3005,1316,1689
101000058,1538,1508,30
101000059,3038,2687,351
101000060,1993,651,1342
101000061,1251,1481,-230
101000062,1073,719,354
101000063,673,1047,-374
101000064,1289,1065,224
101000065,525,483,42
101000066,1363,922,441
101000067,1592,1088,504
101000068,441,588,-147
101000069,399,151,248
101000070,1630,1284,346
101000071,2412,1118,1294
101000072,1131,3961,-2830
101000073,1266,1208,58
101000074,9434,4846,4588
101000075,7437,6445,992
101000077,2548,1415,1133
101000078,2181,2611,-430
101000079,1058,411,647
101000080,971,686,285
101000081,2275,1988,287
101000082,4271,4039,232
101000083,2968,2645,323
101000084,1807,1047,760
101000085,1982,1418,564
101000086,1363,1244,119
101000087,1097,1352,-255
101000088,1548,1459,89
101000089,1225,1982,-757
101000090,2307,1523,784
101000091,513,1119,-606
101000092,1081,1288,-207
101000093,1779,1104,675
101000094,1124,1265,-141
101000095,504,793,-289
101000096,414,719,-305
101000097,571,468,103
101000098,532,620,-88
101000099,1721,1333,388
101000100,1451,1002,449
101000101,406,497,-91
101000102,1252,604,648
101000103,1318,746,572
101000104,519,814,-295
101000105,425,423,2
101000106,1059,812,247
101000107,307,380,-73
101000108,1035,365,670
101000109,341,62,279
101000110,65,586,-521
101000111,166,463,-297
101000113,264,965,-701
101000114,11199,7784,3415
101000115,506,232,274
101000116,236,177,59
101000117,1690,374,1316
101000119,83,87,-4
101000120,149,60,89
101000121,84,45,39
101000122,187,136,51
101000123,95,122,-27
101000124,816,315,501
101000125,337,543,-206
101000128,759,522,237
101000130,370,374,-4
101000131,922,724,198
101000132,717,1217,-500
101000135,51,37,14
101000136,658,210,448
101000137,46,503,-457
101000141,1897,3895,-1998
101000147,757,449,308
101000148,1564,52,1512
101000149,308,271,37
101000150,85,816,-731
101000151,255,66,189
101000152,380,317,63
101000153,726,410,316
101000154,247,1253,-1006
101000155,400,185,215
101000156,23,346,-323
101000157,85,38,47
101000160,119,75,44
101000163,389,398,-9
101000164,478,361,117
101000165,339,557,-218
101000166,378,477,-99
101000168,1000,454,546
101000252,2067,1114,953
101000254,647,148,499
101000258,60,16,44
101000261,242,49,193
101000262,1559,2397,-838
101000263,548,1670,-1122
101000265,188,1209,-1021
101000266,370,325,45
101000269,58,11,47
101000290,1745,4658,-2913
101000293,35,85,-50
101000294,790,519,271
101000295,161,627,-466
101000301,881,510,371
101000304,2196,2825,-629
101000305,3599,1774,1825
101900001,19,72,-53
101900002,0,25,-25
101900003,83,117,-34
101900004,7,68,-61
101900005,4992,2510,2482
101900006,1238,75,1163
101900007,889,369,520
101900008,103,363,-260
101900009,66,575,-509
101900010,1191,911,280
101900011,383,1622,-1239
101900012,291,521,-230
101900013,1288,217,1071
101900017,20,177,-157
101900018,1405,395,1010
101900019,306,180,126
101900020,218,138,80
101900021,1,74,-73
101900022,256,1137,-881
101900023,288,342,-54
102000001,2869,5137,-2268
102000002,3491,1284,2207
102000003,4596,9051,-4455
102000004,8887,3926,4961
102000005,1679,2465,-786
102000006,1576,2271,-695
102000007,2005,5809,-3804
102000008,5523,1913,3610
102000009,7856,9148,-1292
102000010,8357,4110,4247
102000011,3813,3554,259
102000012,3836,3850,-14
102000018,3894,3445,449
102000019,2935,1982,953
102000026,316,632,-316
102000029,441,285,156
102000030,132,463,-331
102000031,75,169,-94
102000032,503,365,138
102000033,260,378,-118
102000034,829,524,305
102000035,1477,809,668
102000036,17,279,-262
102000037,241,51,190
102000038,216,338,-122
102000039,305,90,215
102000040,610,313,297
102000041,277,416,-139
102000042,342,363,-21
102000043,480,256,224
102000044,420,495,-75
102000045,1683,1079,604
102000046,1191,707,484
102000047,1038,1291,-253
102000048,467,892,-425
102000049,1215,777,438
102000050,1426,1747,-321
102000051,497,728,-231
102000052,1507,1153,354
102000053,1050,1131,-81
102000054,654,1612,-958
102000055,1366,679,687
102000056,926,1442,-516
102000057,1818,692,1126
102000058,1613,1898,-285
102000059,1802,1827,-25
102000060,1481,1249,232
102000061,1943,2524,-581
102000062,1881,1272,609
102000063,1496,1689,-193
102000064,569,795,-226
102000065,52,130,-78
102000066,1066,1209,-143
102000067,3020,3800,-780
102000068,10404,3140,7264
102000069,91,1942,-1851
102000070,2380,63,2317
102000071,8270,11185,-2915
102000072,4489,5284,-795
102000073,2020,1410,610
102000074,1044,1289,-245
102000075,198,437,-239
102000076,182,534,-352
102000077,635,1084,-449
102000078,978,970,8
102000079,260,352,-92
102000080,360,294,66
102000081,473,914,-441
102000082,875,400,475
102000083,765,457,308
102000084,325,324,1
102000085,2057,1143,914
102000086,1453,2221,-768
102000087,1120,1902,-782
102000088,475,451,24
102000089,1433,493,940
102000090,805,1459,-654
102000091,1751,767,984
102000092,480,1005,-525
102000093,643,809,-166
102000094,1366,1006,360
102000095,1407,1701,-294
102000096,1258,1251,7
102000097,1416,1191,225
102000098,717,1163,-446
102000099,1160,940,220
102000100,1008,1585,-577
102000101,1524,901,623
102000102,535,1823,-1288
102000103,2704,565,2139
102000104,778,357,421
102000105,285,537,-252
102000106,963,777,186
102000107,1281,610,671
102000108,1130,250,880
102000109,537,651,-114
102000110,948,1289,-341
102000111,12,266,-254
102000112,403,108,295
102000113,13,41,-28
102000114,810,475,335
102000115,294,345,-51
102000116,1608,1082,526
102000117,735,2759,-2024
102000118,2268,1343,925
102000119,2182,1824,358
102000120,227,591,-364
102000121,1281,774,507
102000122,950,1004,-54
102000123,1646,1695,-49
102000124,1945,1310,635
102000125,1432,1294,138
102000126,1393,842,551
102000127,1645,899,746
102000128,946,1173,-227
102000129,1774,1047,727
102000130,718,1176,-458
102000131,3486,1242,2244
102000132,1385,1618,-233
102000133,2060,1954,106
102000134,886,939,-53
102000135,826,1015,-189
102000136,1307,758,549
102000137,1491,980,511
102000138,573,457,116
102000139,334,502,-168
102000140,724,514,210
102000141,930,917,13
102000142,429,441,-12
102000143,143,402,-259
102000144,349,498,-149
102000145,562,590,-28
102000146,499,401,98
102000147,824,730,94
102000148,252,796,-544
102000149,174,604,-430
102000150,357,151,206
102000151,106,404,-298
102000152,191,163,28
102000153,1395,608,787
102000154,373,872,-499
102000155,142,353,-211
102000156,366,181,185
102000157,135,416,-281
102000158,434,421,13
102000159,1228,532,696
102000161,4375,2707,1668
102000162,206,180,26
102000163,92,654,-562
102000164,1183,1352,-169
102000165,408,170,238
102000166,136,209,-73
102000167,270,259,11
102000168,351,160,191
102000169,148,458,-310
102000170,718,262,456
102000171,341,387,-46
102000172,334,488,-154
102000173,513,388,125
102000174,78,90,-12
102000175,438,118,320
102000176,89,50,39
102000178,315,584,-269
102000179,317,261,56
102000180,1347,589,758
102000181,810,700,110
102000182,795,649,146
102000183,2138,2052,86
102000184,2168,1034,1134
102000185,2851,1640,1211
102000186,1397,2177,-780
102000187,1325,1808,-483
102000188,1563,1639,-76
102000189,2821,987,1834
102000190,867,3185,-2318
102000191,1534,658,876
102000192,1402,1613,-211
102000193,49,208,-159
102000194,71,136,-65
102000195,437,622,-185
102000196,205,495,-290
102000197,685,690,-5
102000198,211,950,-739
102000199,897,471,426
102000200,331,1273,-942
102000201,993,535,458
102000202,9,126,-117
102000203,370,334,36
102000204,520,775,-255
102000205,1238,487,751
102000206,692,935,-243
102000207,988,632,356
102000208,518,674,-156
102000209,158,80,78
102000210,389,422,-33
102000211,620,412,208
102000212,385,14,371
102000213,5,393,-388
102000214,337,8,329
102000215,10,443,-433
102000216,56,97,-41
102000217,11,163,-152
102000218,277,180,97
102000219,551,383,168
102000225,840,725,115
102000226,5916,1423,4493
102000227,193,2,191
102000228,0,139,-139
102000229,38,63,-25
102000230,263,555,-292
102000231,369,597,-228
102000232,43,162,-119
102000233,665,1042,-377
102000234,124,1451,-1327
102000236,465,80,385
102000237,498,168,330
102000238,176,278,-102
102000240,850,829,21
102000241,284,155,129
102000243,29,110,-81
102000245,29,89,-60
102000246,21,31,-10
102000247,388,852,-464
102000248,303,569,-266
102000249,142,163,-21
102000250,96,460,-364
102000254,101,428,-327
102000266,199,408,-209
102000271,30,0,30
102000286,492,472,20
102000297,2135,1221,914
102000299,0,7,-7
102000301,0,0,0
102000302,0,0,0
102000303,0,0,0
102000305,0,0,0
102000307,0,4,-4
102000308,0,1,-1
102900001,1525,898,627
102900002,486,52,434
102900003,54,205,-151
102900005,476,337,139
102900006,574,203,371
102900007,699,36,663
102900008,232,72,160
102900009,830,414,416
102900010,728,761,-33
102900011,2050,410,1640
102900012,421,114,307
102900013,46,91,-45
102900015,910,572,338
102900016,53,134,-81
102900017,208,706,-498
102900018,48,140,-92
102900019,558,630,-72
102900020,181,41,140
102900021,38,116,-78
102900022,814,265,549
102900023,44,88,-44
102900024,85,65,20
102900025,260,123,137
102900026,583,2024,-1441
102900027,97,87,10
102900028,238,826,-588
102900029,229,214,15
102900030,801,375,426
102900031,204,177,27
102900032,155,165,-10
102900033,161,216,-55
102900034,613,107,506
102900035,132,437,-305
102900036,352,530,-178
102900037,906,678,228
102900038,658,673,-15
102900039,31,673,-642
102900040,233,323,-90
102900041,101,239,-138
102900042,202,338,-136
102900043,181,301,-120
102900044,756,2356,-1600
102900045,129,559,-430
102900046,145,273,-128
102900047,99,687,-588
102900048,838,616,222
102900049,155,433,-278
102900050,529,379,150
102900051,281,237,44
102900052,80,50,30
102900053,455,704,-249
102900054,1095,1316,-221
102900055,135,229,-94
102900056,127,486,-359
102900057,8,61,-53
102900058,349,139,210
102900059,21,61,-40
102900060,156,592,-436
102900061,228,577,-349
102900062,304,1057,-753
102900063,1218,514,704
102900064,275,502,-227
102900065,1592,852,740
102900066,316,50,266
102900068,160,104,56
102900070,362,674,-312
102900072,43,47,-4
102900073,245,14,231
102900074,348,326,22
102900075,21,81,-60
102900076,199,148,51
102900077,58,62,-4
102900078,45,98,-53
102900079,201,14,187
102900080,399,56,343
102900081,126,474,-348
102900082,17,245,-228
102900083,319,38,281
102900084,10,38,-28
102900085,549,185,364
102900086,28,69,-41
102900087,116,108,8
102900088,39,42,-3
102900089,278,164,114
102900090,5,390,-385
102900091,145,7,138
102900092,325,979,-654
102900093,312,378,-66
102900094,2,118,-116
102900095,153,1,152
102900096,63,21,42
102900097,11,172,-161
103000001,2716,3112,-396
103000002,2510,2953,-443
103000003,4320,3409,911
103000004,1047,986,61
103000005,1937,3003,-1066
103000006,645,1578,-933
103000007,400,832,-432
103000008,1156,864,292
103000009,1069,1373,-304
103000010,139,123,16
103000011,1939,1875,64
103000012,1707,1907,-200
103000013,5231,2493,2738
103000014,1803,3139,-1336
103000015,2007,835,1172
103000016,545,1578,-1033
103000017,221,473,-252
103000018,910,504,406
103000019,305,321,-16
103000020,2810,1772,1038
103000021,2052,1886,166
103000022,886,1270,-384
103000023,744,1864,-1120
103000024,144,209,-65
103000025,223,661,-438
103000026,1544,199,1345
103000027,515,564,-49
103000028,553,484,69
103000029,352,342,10
103000030,2478,1282,1196
103000031,2418,1930,488
103000032,2867,2311,556
103000033,3619,3212,407
103000034,1960,1618,342
103000035,588,1802,-1214
103000036,547,736,-189
103000037,813,681,132
103000038,643,1283,-640
103000039,474,428,46
103000040,481,1211,-730
103000041,1800,2716,-916
103000042,1511,646,865
103000043,898,1307,-409
103000044,379,250,129
103000046,386,593,-207
103000047,617,770,-153
103000048,229,248,-19
103000049,283,189,94
103000050,668,602,66
103000051,645,660,-15
103000052,968,510,458
103000053,186,658,-472
103000054,3019,2177,842
103000055,2222,2864,-642
103000056,815,2014,-1199
103000057,624,385,239
103000058,757,1224,-467
103000059,495,1286,-791
103000060,1048,806,242
103000061,563,1235,-672
103000062,1344,802,542
103000063,889,1191,-302
103000064,115,312,-197
103000065,6,491,-485
103000066,211,18,193
103000069,740,452,288
103000070,1694,1061,633
103000071,1276,755,521
103000072,121,902,-781
103000073,580,118,462
103000074,690,100,590
103000075,154,856,-702
103000076,395,344,51
103000077,37,399,-362
103000078,1219,629,590
103000079,1058,744,314
103000080,1457,421,1036
103000081,637,1393,-756
103000082,815,265,550
103000083,175,409,-234
103000084,125,6,119
103000085,1,134,-133
103000086,919,443,476
103000087,197,700,-503
103000088,363,382,-19
103000089,237,432,-195
103000090,2136,909,1227
103000091,745,488,257
103000092,310,409,-99
103000093,338,517,-179
103000094,235,116,119
103000095,73,474,-401
103000096,754,111,643
103000097,78,836,-758
103000098,1058,286,772
103000099,401,848,-447
103000100,130,851,-721
103000101,931,167,764
103000102,127,714,-587
103000103,780,243,537
103000104,44,138,-94
103000105,126,89,37
103000106,8,119,-111
103000107,306,71,235
103000108,646,584,62
103000109,359,384,-25
103000110,563,491,72
103000111,572,513,59
103000112,423,261,162
103000113,751,766,-15
103000114,1407,527,880
103000115,585,453,132
103000116,629,498,131
103000117,360,560,-200
103000118,1086,907,179
103000119,1389,750,639
103000120,103,156,-53
103000121,479,841,-362
103000122,481,625,-144
103000125,19,288,-269
103000126,646,1,645
103000127,8,183,-175
103000128,227,5,222
103000129,6,141,-135
103000130,84,50,34
103000131,189,115,74
103000132,102,221,-119
103000133,20,136,-116
103000134,697,946,-249
103000135,796,319,477
103000136,825,534,291
103000137,595,726,-131
103000138,1000,804,196
103000139,6,61,-55
103000140,156,43,113
103000141,119,178,-59
103000142,276,98,178
103000143,55,220,-165
103000144,259,102,157
103000145,167,117,50
103000150,107,53,54
103000152,231,294,-63
103000153,227,186,41
103000156,8,385,-377
103000157,466,4,462
103000159,199,78,121
103000162,78,31,47
103000163,20,50,-30
103000164,63,11,52
103000165,129,382,-253
103000166,191,333,-142
103000167,159,111,48
103000168,122,257,-135
103000169,261,596,-335
103000170,795,529,266
103000171,111,113,-2
103000172,875,1131,-256
103000173,644,621,23
103000174,176,425,-249
103000175,303,356,-53
103000176,970,628,342
103000177,799,607,192
103000178,510,386,124
103000179,688,59,629
103000183,155,15,140
103000185,103,61,42
103000186,110,194,-84
103000187,489,489,0
103000188,13,124,-111
103000189,839,905,-66
103000191,728,708,20
103000292,1908,2049,-141
103000293,1261,2663,-1402
103000295,121,105,16
103000296,903,3,900
103000297,167,73,94
103000504,170,18,152
103000505,10,32,-22
103000506,1,259,-258
103000507,194,5,189
103000508,87,103,-16
103000509,257,694,-437
103900001,9,338,-329
103900002,1634,249,1385
103900003,1863,143,1720
103900004,162,1,161
103900005,10,236,-226
103900006,8,2,6
103900007,50,12,38
103900008,12,0,12
103900009,239,790,-551
103900010,149,651,-502
103900011,352,270,82
103900012,8,19,-11
103900013,145,109,36
103900014,57,24,33
103900015,49,11,38
103900016,869,258,611
103900017,66,107,-41
103900018,669,207,462
103900019,90,348,-258
103900020,260,583,-323
103900021,732,76,656
103900022,1196,760,436
103900023,146,1,145
103900024,84,535,-451
103900025,28,51,-23
103900026,221,2,219
103900027,814,301,513
103900028,25,391,-366
103900029,1149,130,1019
103900030,303,73,230
103900031,42,4,38
103900032,90,62,28
103900033,109,16,93
103900034,40,168,-128
103900035,96,58,38
103900036,49,51,-2
103900037,128,80,48
103900038,114,222,-108
103900039,60,444,-384
103900040,3,178,-175
103900041,64,57,7
103900042,70,427,-357
103900043,125,86,39
103900044,173,249,-76
103900045,505,194,311
103900047,92,36,56
103900048,727,66,661
103900049,371,1804,-1433
103900050,27,120,-93
103900051,3,41,-38
103900052,199,517,-318
103900053,133,798,-665
103900054,123,471,-348
103900055,486,256,230
103900056,136,71,65
103900057,45,249,-204
103900058,265,869,-604
103900059,0,20,-20
103900060,67,252,-185
103900061,155,63,92
103900062,309,106,203
103900063,35,0,35
103900064,91,6,85
103900065,1293,449,844
103900066,146,24,122
103900067,160,12,148
103900068,44,0,44
103900069,106,43,63
103900070,229,233,-4
103900071,23,135,-112
103900072,15,277,-262
103900073,47,28,19
103900074,96,106,-10
103900075,152,80,72
103900076,451,700,-249
103900077,49,105,-56
103900078,506,172,334
103900079,245,298,-53
103900080,14,37,-23
103900081,64,25,39
103900082,29,167,-138
103900083,1680,1012,668
103900084,139,267,-128
103900085,112,155,-43
103900086,658,468,190
103900087,22,96,-74
103900088,473,624,-151
103900089,91,208,-117
103900090,126,347,-221
103900091,1382,321,1061
103900092,671,605,66
103900093,116,448,-332
103900094,15,136,-121
103900095,317,245,72
103900096,36,338,-302
103900097,7,643,-636
103900098,253,110,143
103900099,129,184,-55
103900100,298,452,-154
103900101,148,1260,-1112
103900102,6,37,-31
103900104,4,36,-32
103900105,135,214,-79
103900106,2,103,-101
103900107,97,271,-174
103900108,25,400,-375
103900109,87,97,-10
103900110,263,77,186
103900111,129,794,-665
103900112,122,222,-100
103900113,141,297,-156
103900114,370,352,18
103900115,376,228,148
103900116,6093,2691,3402
103900117,207,87,120
103900119,39,108,-69
103900120,46,106,-60
103900122,96,364,-268
103900123,1703,667,1036
103900124,34,19,15
103900125,105,63,42
103900126,547,457,90
103900127,223,565,-342
103900128,505,201,304
103900131,35,105,-70
103900133,1180,136,1044
103900134,1,1,0
103900135,4,11,-7
103900137,0,46,-46
103900138,105,282,-177
103900139,239,2067,-1828
103900140,5,124,-119
103900141,305,104,201
103900142,125,148,-23
103900143,87,0,87
103900144,0,40,-40
103900145,263,317,-54
103900146,371,308,63
103900147,388,202,186
103900148,272,588,-316
103900149,262,678,-416
103900150,7856,4378,3478
103900151,61,222,-161
103900152,501,860,-359
103900153,11,0,11
103900154,1281,1562,-281
103900155,61,332,-271
103900156,50,205,-155
103900157,59,311,-252
103900158,86,202,-116
103900159,134,106,28
103900160,98,63,35
103900161,142,228,-86
103900162,77,262,-185
103900163,21,559,-538
103900164,298,67,231
103900167,24,114,-90
103900168,84,126,-42
103900169,62,47,15
103900170,3,124,-121
103900171,1,72,-71
103900172,6,30,-24
103900173,9,18,-9
103900174,195,81,114
103900175,99,64,35
103900176,23,36,-13
103900177,17,104,-87
103900178,60,107,-47
103900179,39,154,-115
103900180,13,124,-111
103900181,56,89,-33
103900182,89,29,60
103900184,620,126,494
103900185,216,398,-182
103900187,25,76,-51
103900188,40,30,10
103900189,137,9,128
103900190,82,69,13
103900191,37,71,-34
103900192,36,187,-151
103900193,183,225,-42
103900194,83,337,-254
103900195,13,92,-79
103900196,142,41,101
103900197,20,66,-46
103900198,26,90,-64
103900199,130,69,61
103900200,197,157,40
103900201,243,277,-34
103900202,29,95,-66
103900203,45,22,23
103900204,3,87,-84
103900207,0,113,-113
103900208,119,1,118
103900209,13,166,-153
103900210,43,51,-8
103900211,520,390,130
103900212,129,516,-387
103900213,150,262,-112
103900214,235,200,35
103900215,609,365,244
103900216,11,880,-869
103900217,473,68,405
103900218,2,320,-318
103900219,214,392,-178
103900233,193,6,187
103900235,33,32,1
103900236,23,7,16
103900242,22,19,3
103900243,8,12,-4
103900244,155,234,-79
103900245,106,288,-182
103900246,91,33,58
103900247,24,122,-98
103900248,8,70,-62
103900249,60,51,9
103900250,23,16,7
103900251,2,25,-23
103900253,27,92,-65
103900254,4,22,-18
103900255,7,16,-9
103900256,7,47,-40
103900257,24,152,-128
103900258,56,9,47
103900259,107,14,93
103900261,5,9,-4
103900262,21,4,17
103900263,31,59,-28
103900264,95,44,51
103900265,88,18,70
103900266,3,149,-146
103900267,11,63,-52
104000001,2348,2472,-124
104000002,1791,2934,-1143
104000003,2621,2931,-310
104000004,3064,3259,-195
104000005,1532,2545,-1013
104000006,3445,3286,159
104000007,4762,4642,120
104000008,296,329,-33
104000009,167,142,25
104000010,172,263,-91
104000011,506,382,124
104000012,161,490,-329
104000013,226,204,22
104000014,260,857,-597
104000015,336,173,163
104000016,658,539,119
104000018,848,183,665
104000019,657,212,445
104000020,185,809,-624
104000021,210,739,-529
104000022,126,289,-163
104000023,834,388,446
104000024,243,450,-207
104000026,72,524,-452
104000027,288,375,-87
104000028,392,248,144
104000029,396,487,-91
104000030,331,236,95
104000031,1348,427,921
104000032,256,287,-31
104000033,610,551,59
104000034,416,383,33
104000035,928,480,448
104000036,830,665,165
104000037,347,282,65
104000038,477,294,183
104000039,187,311,-124
104000040,329,371,-42
104000041,982,356,626
104000042,233,371,-138
104000043,294,339,-45
104000044,280,706,-426
104000045,1103,1350,-247
104000046,1302,2001,-699
104000047,1361,1537,-176
104000048,1341,2084,-743
104000049,1000,366,634
104000050,290,815,-525
104000051,135,618,-483
104000052,2111,1846,265
104000053,2000,596,1404
104000054,1027,544,483
104000055,4977,3217,1760
104000056,1501,216,1285
104000057,150,471,-321
104000058,995,740,255
104000059,542,1154,-612
104000060,1244,1340,-96
104000061,1608,1346,262
104000062,380,131,249
104000064,426,387,39
104000065,329,853,-524
104000069,1168,1167,1
104000070,84,599,-515
104000071,109,489,-380
104000072,594,204,390
104000075,121,372,-251
104000076,485,182,303
104000082,2815,3729,-914
104000083,1041,217,824
104000084,132,689,-557
104000085,322,391,-69
104000086,217,560,-343
104000087,637,2259,-1622
104000090,768,1533,-765
104000092,1298,2544,-1246
104000094,1198,1848,-650
104000095,1722,1579,143
104000096,1562,244,1318
104000097,1771,1019,752
104000098,2243,1214,1029
104000100,1913,750,1163
104000101,1354,1823,-469
104000106,66,739,-673
104000107,750,416,334
104000108,315,628,-313
104000109,386,113,273
104000110,873,1264,-391
104000111,4943,2925,2018
104000112,2877,697,2180
104000116,5,1218,-1213
104000117,163,623,-460
104000118,653,260,393
104000119,899,328,571
104000120,322,794,-472
104000121,202,763,-561
104000122,750,913,-163
104000123,992,1194,-202
104000124,1148,2452,-1304
104000125,3999,4686,-687
104000126,606,555,51
104000127,1714,3533,-1819
104000128,755,583,172
104000129,68,1,67
104000130,1,301,-300
104000131,719,563,156
104000132,499,597,-98
104000133,1481,956,525
104000134,1246,1773,-527
104000135,518,2089,-1571
104000136,1251,4353,-3102
104000137,1828,372,1456
104000138,1317,345,972
104000139,7997,3445,4552
104000141,1526,1656,-130
104000142,668,988,-320
104000143,573,760,-187
104000144,97,199,-102
104000145,407,228,179
104000146,323,623,-300
104000147,138,301,-163
104000148,366,157,209
104000149,206,366,-160
104000150,1284,637,647
104000151,487,630,-143
104000152,842,810,32
104000153,699,629,70
104000154,1115,796,319
104000155,454,541,-87
104000157,1287,2015,-728
104000158,767,694,73
104000159,850,518,332
104000160,1905,2134,-229
104000161,238,283,-45
104000162,65,176,-111
104000165,1129,1448,-319
104000167,767,1014,-247
104000168,640,7,633
104000169,73,65,8
104000170,633,696,-63
104000248,314,837,-523
104000251,59,305,-246
104000272,0,0,0
104000273,0,0,0
104000274,0,0,0
104000275,0,0,0
104000279,877,620,257
104000290,96,358,-262
104000291,642,1265,-623
104000293,746,855,-109
104000294,47,0,47
104000295,581,934,-353
104000296,397,982,-585
104000297,915,2177,-1262
104000298,3385,1055,2330
104000299,731,1647,-916
104900001,232,657,-425
104900002,102,194,-92
104900003,75,483,-408
104900004,139,408,-269
104900005,237,255,-18
104900006,352,188,164
104900007,288,310,-22
104900009,138,425,-287
104900010,106,91,15
104900011,120,39,81
104900012,330,20,310
104900013,185,14,171
104900014,3045,449,2596
104900015,92,14,78
104900016,303,265,38
104900017,167,256,-89
104900018,5,235,-230
104900019,378,2449,-2071
104900020,87,315,-228
104900021,2,197,-195
104900022,11,155,-144
104900023,1,90,-89
104900024,40,98,-58
104900025,64,345,-281
104900026,2,92,-90
104900027,548,330,218
104900028,46,149,-103
104900029,97,92,5
104900030,624,255,369
104900031,129,262,-133
104900032,47,153,-106
104900033,216,306,-90
104900034,424,195,229
104900035,381,227,154
104900036,225,111,114
104900037,195,224,-29
104900038,660,833,-173
104900039,923,464,459
104900040,456,143,313
104900041,252,184,68
104900042,177,271,-94
104900043,33,153,-120
104900044,610,264,346
104900045,410,59,351
104900046,210,168,42
104900047,338,152,186
104900048,302,78,224
104900049,38,29,9
104900050,436,145,291
104900051,335,63,272
104900052,63,5,58
104900053,511,187,324
104900054,196,52,144
104900055,96,2,94
104900056,310,44,266
104900057,53,1,52
104900058,1159,775,384
104900059,182,57,125
104900060,5,712,-707
104900061,258,766,-508
104900063,1,119,-118
104900064,0,103,-103
104900065,0,197,-197
104900066,3,259,-256
104900067,5,355,-350
104900068,29,208,-179
104900070,318,362,-44
104900071,2,569,-567
104900072,90,405,-315
104900073,97,307,-210
104900074,152,350,-198
104900075,89,84,5
104900076,110,475,-365
104900077,1301,360,941
104900078,252,766,-514
104900079,192,430,-238
104900080,86,715,-629
104900082,20,658,-638
104900085,10,235,-225
104900087,633,30,603
104900089,169,7,162
104900090,1162,805,357
104900091,2956,852,2104
104900093,259,664,-405
104900097,2962,2409,553
104900098,248,77,171
104900099,122,659,-537
104900100,537,360,177
104900102,61,231,-170
104900103,563,94,469
104900104,4010,2783,1227
104900106,113,187,-74
104900107,336,239,97
104900108,83,258,-175
104900109,155,272,-117
104900110,10,86,-76
104900111,214,208,6
104900112,339,806,-467
104900113,772,460,312
104900114,388,658,-270
104900115,813,593,220
104900116,233,278,-45
104900118,50,94,-44
104900119,20,57,-37
104900120,31,219,-188
104900121,1,114,-113
104900122,6,88,-82
104900123,60,11,49
104900124,40,0,40
104900125,560,6,554
104900126,63,61,2
104900127,22,87,-65
104900128,117,191,-74
104900129,2339,1983,356
105000001,2858,1692,1166
105000002,2580,1804,776
105000003,3881,4206,-325
105000004,758,1188,-430
105000005,939,1168,-229
105000006,1633,1887,-254
105000007,1266,1539,-273
105000008,2342,3457,-1115
105000009,2421,3296,-875
105000010,3419,2722,697
105000011,4026,2908,1118
105000012,5257,3622,1635
105000013,1038,1165,-127
105000014,2427,2838,-411
105000015,11940,17020,-5080
105000016,3814,2897,917
105000017,2253,1204,1049
105000018,1586,1646,-60
105000019,1719,1010,709
105000020,235,471,-236
105000021,384,105,279
105000022,359,82,277
105000023,708,510,198
105000028,64,116,-52
105000029,661,1467,-806
105000030,4948,3235,1713
105000033,1102,2151,-1049
105000034,165,1000,-835
105000037,873,463,410
105000038,2636,1968,668
105000039,3668,2210,1458
105000040,1346,1337,9
105000041,1898,1705,193
105000042,5459,1914,3545
105000043,2445,3080,-635
105000044,959,665,294
105000045,517,1385,-868
105000046,1157,538,619
105000047,559,2076,-1517
105000048,664,228,436
105000049,247,595,-348
105000050,633,369,264
105000051,173,515,-342
105000052,829,853,-24
105000053,168,177,-9
105000054,567,1053,-486
105000055,1603,341,1262
105000056,1704,2348,-644
105000057,1671,1059,612
105000058,1561,1566,-5
105000059,801,742,59
105000060,478,708,-230
105000061,745,682,63
105000062,681,943,-262
105000063,336,606,-270
105000064,1376,1052,324
105000065,413,718,-305
105000066,1256,1841,-585
105000067,1575,1024,551
105000068,596,1010,-414
105000069,2064,1802,262
105000070,816,1092,-276
105000071,286,890,-604
105000072,786,1913,-1127
105000073,932,773,159
105000074,1537,996,541
105000075,695,1088,-393
105000076,1471,1241,230
105000077,3565,1317,2248
105000078,1731,1627,104
105000079,1816,3745,-1929
105000080,2486,1844,642
105000081,4678,1677,3001
105000082,1359,2009,-650
105000083,5891,4251,1640
105000084,907,958,-51
105000085,2201,2296,-95
105000086,587,976,-389
105000087,1770,2194,-424
105000088,1928,1751,177
105000089,4261,2680,1581
105000090,1333,931,402
105000091,1679,1724,-45
105000092,947,1031,-84
105000093,362,281,81
105000094,303,257,46
105000095,132,549,-417
105000096,1467,1152,315
105000097,1350,863,487
105000098,949,862,87
105000099,1147,899,248
105000100,1492,1269,223
105000101,2426,2267,159
105000102,3925,1512,2413
105000103,2394,2826,-432
105000104,3326,1106,2220
105000105,1920,2405,-485
105000106,2717,2376,341
105000107,1667,1266,401
105000108,1878,2029,-151
105000109,1891,2238,-347
105000110,850,766,84
105000111,692,874,-182
105000112,1513,805,708
105000113,427,856,-429
105000114,3024,1254,1770
105000115,344,1170,-826
105000116,760,612,148
105000117,933,1153,-220
105000118,639,613,26
105000119,929,1454,-525
105000120,1246,790,456
105000121,1097,1566,-469
105000122,456,706,-250
105000123,1375,1602,-227
105000124,1925,917,1008
105000125,882,2164,-1282
105000126,2273,1969,304
105000127,2521,2384,137
105000128,765,1311,-546
105000129,951,427,524
105000130,591,3146,-2555
105000131,1193,472,721
105000132,901,702,199
105000133,736,1113,-377
105000134,757,601,156
105000135,586,625,-39
105000136,45,149,-104
105000137,320,368,-48
105000138,45,172,-127
105000139,1174,1215,-41
105000140,272,482,-210
105000141,347,762,-415
105000142,261,452,-191
105000143,309,987,-678
105000144,312,964,-652
105000145,683,482,201
105000146,523,1111,-588
105000147,701,398,303
105000148,1305,670,635
105000149,2551,2479,72
105000150,2568,1906,662
105000151,476,462,14
105000152,161,547,-386
105000153,586,828,-242
105000154,718,653,65
105000155,369,1126,-757
105000156,1003,725,278
105000157,939,1855,-916
105000158,2056,903,1153
105000159,257,1180,-923
105000160,1697,664,1033
105000161,759,1062,-303
105000162,592,1696,-1104
105000163,1195,982,213
105000164,257,317,-60
105000165,1206,4896,-3690
105000166,5893,885,5008
105000167,2517,1704,813
105000168,371,764,-393
105000169,500,770,-270
105000170,274,1773,-1499
105000171,1195,304,891
105000172,152,152,0
105000173,178,382,-204
105000174,80,170,-90
105000175,135,166,-31
105000176,442,155,287
105000177,238,195,43
105000178,150,566,-416
105000179,506,246,260
105000180,168,164,4
105000181,119,315,-196
105000182,73,79,-6
105000183,2874,2080,794
105000184,2081,1314,767
105000185,2348,1026,1322
105000186,1075,912,163
105000187,1283,227,1056
105000188,538,163,375
105000189,345,519,-174
105000190,367,579,-212
105000191,431,389,42
105000192,299,108,191
105000193,95,158,-63
105000194,302,119,183
105000195,474,959,-485
105000196,69,230,-161
105000197,274,721,-447
105000198,680,419,261
105000199,292,575,-283
105000200,237,340,-103
105000201,160,45,115
105000203,13,193,-180
105000204,77,114,-37
105000205,105,275,-170
105000207,873,353,520
105000208,378,597,-219
105000209,227,471,-244
105000212,1285,1494,-209
105000213,227,241,-14
105000214,189,324,-135
105000215,283,204,79
105000216,118,867,-749
105000217,175,604,-429
105000218,1333,1146,187
105000221,155,233,-78
105000222,1171,109,1062
105000223,719,196,523
105000226,138,286,-148
105000227,123,174,-51
105000228,340,2206,-1866
105000229,186,607,-421
105000231,281,295,-14
105000233,1001,750,251
105000234,1039,1468,-429
105000235,502,650,-148
105000237,695,103,592
105000243,35,204,-169
105000248,90,108,-18
105000262,408,1451,-1043
105000269,145,242,-97
105000270,494,73,421
105000271,3,259,-256
105000282,78,49,29
105000287,444,155,289
105000288,922,538,384
105000289,3527,2357,1170
105000290,30,6,24
105000402,4412,5092,-680
105000426,708,738,-30
105000438,4802,2030,2772
105000446,15115,7157,7958
105000447,8791,3798,4993
105000454,460,334,126
105000455,411,256,155
105000474,50,5,45
105000477,432,658,-226
105000478,1880,4875,-2995
105000479,155,127,28
105000480,10157,6840,3317
105000481,5480,3726,1754
105000482,6593,9360,-2767
105000483,1922,2141,-219
105000484,3096,3715,-619
105000485,2055,3426,-1371
105000486,4792,3045,1747
105000488,11545,6819,4726
105000489,997,1010,-13
105000549,278,153,125
105000550,689,1807,-1118
105000551,31,139,-108
105000552,2999,2029,970
105900001,11,1564,-1553
105900002,1552,776,776
105900003,3,152,-149
105900004,380,140,240
105900005,15,233,-218
105900006,34,134,-100
105900007,346,37,309
105900008,66,609,-543
105900009,23,35,-12
105900011,444,72,372
105900012,719,91,628
105900013,11,59,-48
105900014,16,84,-68
105900015,243,468,-225
105900016,574,717,-143
105900017,1235,62,1173
105900018,238,217,21
105900019,79,415,-336
105900020,50,78,-28
105900021,56,365,-309
105900022,601,253,348
105900023,9,127,-118
105900024,78,237,-159
105900025,347,72,275
105900026,336,30,306
105900027,9442,12282,-2840
105900028,830,357,473
105900029,1634,524,1110
105900030,266,274,-8
105900031,380,221,159
105900032,92,191,-99
105900033,137,139,-2
105900034,635,213,422
105900035,318,225,93
105900036,97,201,-104
105900037,105,86,19
105900038,159,283,-124
105900039,137,182,-45
105900040,72,129,-57
105900041,186,295,-109
105900042,53,193,-140
105900043,1640,96,1544
105900044,13,311,-298
105900045,9,1010,-1001
105900046,8,372,-364
105900047,8,71,-63
105900048,99,591,-492
105900050,9625,4538,5087
105900051,65,1205,-1140
105900052,639,415,224
105900053,3508,2885,623
105900054,359,248,111
105900056,806,473,333
105900057,66,161,-95
105900058,18,19,-1
105900059,0,33,-33
106000001,5187,2920,2267
106000002,2857,6023,-3166
106000003,3037,3719,-682
106000004,1823,2992,-1169
106000005,3607,6698,-3091
106000006,6268,4869,1399
106000007,542,662,-120
106000008,474,319,155
106000009,701,479,222
106000010,677,660,17
106000011,1134,1299,-165
106000012,935,1512,-577
106000013,1994,2334,-340
106000014,2164,1904,260
106000015,1802,1693,109
106000016,1330,2341,-1011
106000017,633,807,-174
106000018,667,575,92
106000019,399,550,-151
106000020,294,432,-138
106000021,290,541,-251
106000022,309,260,49
106000023,629,382,247
106000024,687,630,57
106000025,113,240,-127
106000026,146,267,-121
106000027,1293,1420,-127
106000028,597,627,-30
106000029,834,1286,-452
106000030,702,621,81
106000034,301,711,-410
106000035,1083,2242,-1159
106000036,248,562,-314
106000037,2209,1646,563
106000038,564,132,432
106000039,190,115,75
106000040,158,1111,-953
106000041,849,648,201
106000043,645,254,391
106000046,463,105,358
106000047,73,485,-412
106000049,882,210,672
106000050,334,979,-645
106000051,778,530,248
106000052,114,769,-655
106000053,390,138,252
106000054,425,529,-104
106000055,1208,1411,-203
106000056,284,476,-192
106000057,382,360,22
106000058,157,216,-59
106000059,317,522,-205
106000060,406,563,-157
106000061,226,604,-378
106000062,150,598,-448
106000063,668,623,45
106000064,45,455,-410
106000065,366,402,-36
106000066,113,379,-266
106000067,603,119,484
106000068,48,662,-614
106000069,192,72,120
106000070,507,865,-358
106000071,1142,381,761
106000072,3034,1664,1370
106000073,1703,3089,-1386
106000074,594,686,-92
106000075,343,1749,-1406
106000076,1976,2478,-502
106000077,4015,1456,2559
106000078,1145,1098,47
106000079,670,1020,-350
106000080,1355,816,539
106000081,637,1356,-719
106000082,2719,1062,1657
106000083,452,1645,-1193
106000084,1308,702,606
106000085,1662,1623,39
106000086,742,985,-243
106000087,1097,696,401
106000088,475,994,-519
106000089,1021,412,609
106000090,355,726,-371
106000091,272,656,-384
106000092,674,290,384
106000093,296,207,89
106000094,106,246,-140
106000095,780,825,-45
106000096,868,770,98
106000097,1053,924,129
106000098,700,1127,-427
106000099,274,887,-613
106000100,2354,302,2052
106000101,4748,321,4427
106000102,755,638,117
106000103,735,586,149
106000104,1531,482,1049
106000105,533,696,-163
106000106,537,497,40
106000107,108,320,-212
106000108,261,346,-85
106000109,161,283,-122
106000110,302,300,2
106000111,211,374,-163
106000112,179,567,-388
106000113,716,562,154
106000114,509,695,-186
106000115,230,469,-239
106000116,216,252,-36
106000117,1085,746,339
106000118,1261,1489,-228
106000119,1801,1164,637
106000120,1021,1280,-259
106000121,184,127,57
106000122,91,294,-203
106000123,412,202,210
106000124,56,262,-206
106000125,35,319,-284
106000126,258,120,138
106000127,756,953,-197
106000128,642,263,379
106000129,446,763,-317
106000130,768,377,391
106000131,138,918,-780
106000132,514,226,288
106000133,1973,1258,715
106000134,665,3328,-2663
106000135,222,710,-488
106000136,664,1182,-518
106000137,72,860,-788
106000138,1073,107,966
106000139,46,132,-86
106000140,40,53,-13
106000141,100,72,28
106000142,91,68,23
106000143,62,63,-1
106000144,39,61,-22
106000145,230,277,-47
106000146,298,172,126
106000147,530,475,55
106000148,705,914,-209
106000149,593,413,180
106000150,489,1874,-1385
106000151,4017,965,3052
106000152,1591,2071,-480
106000153,83,1827,-1744
106000154,1393,241,1152
106000155,114,268,-154
106000156,933,411,522
106000157,816,1998,-1182
106000158,2460,1059,1401
106000159,3283,2042,1241
106000160,483,2886,-2403
106000161,1971,441,1530
106000162,252,970,-718
106000163,500,402,98
106000164,343,363,-20
106000165,257,601,-344
106000166,716,439,277
106000167,407,1061,-654
106000168,497,340,157
106000169,310,691,-381
106000170,932,337,595
106000171,545,1461,-916
106000172,3300,1821,1479
106000173,1383,3050,-1667
106000174,1239,406,833
106000175,406,973,-567
106000176,1654,973,681
106000177,859,2622,-1763
106000178,3767,2013,1754
106000179,1231,2501,-1270
106000180,1015,1439,-424
106000181,855,2107,-1252
106000182,1217,919,298
106000183,1491,815,676
106000184,2539,958,1581
106000185,1297,1455,-158
106000186,947,302,645
106000187,276,1166,-890
106000188,0,4,-4
106000189,12,51,-39
106000190,20,5,15
106000191,663,257,406
106000192,5,44,-39
106000193,491,221,270
106000194,182,550,-368
106000195,1525,272,1253
106000196,328,894,-566
106000197,1040,365,675
106000198,266,288,-22
106000199,1652,900,752
106000200,314,288,26
106000201,462,2494,-2032
106000202,4699,785,3914
106000203,82,210,-128
106000204,55,10,45
106000205,18,188,-170
106000206,99,22,77
106000207,49,989,-940
106000208,1331,162,1169
106000209,1630,477,1153
106000210,448,1181,-733
106000211,370,1254,-884
106000212,856,492,364
106000213,786,2399,-1613
106000214,3210,922,2288
106000215,268,525,-257
106000216,315,397,-82
106000217,309,496,-187
106000218,436,453,-17
106000219,169,262,-93
106000220,600,302,298
106000221,170,268,-98
106000222,100,110,-10
106000223,203,137,66
106000224,206,299,-93
106000225,85,154,-69
106000226,146,320,-174
106000228,52,83,-31
106000229,97,741,-644
106000231,932,125,807
106000232,147,387,-240
106000233,940,85,855
106000234,855,235,620
106000235,1104,104,1000
106000236,510,86,424
106000237,5,16,-11
106000238,51,14,37
106000239,3,166,-163
106000240,46,2,44
106000241,33,758,-725
106000242,291,35,256
106000249,64,68,-4
106000250,89,620,-531
106000251,169,38,131
106000252,84,100,-16
106000253,59,96,-37
106000254,58,36,22
106000255,30,193,-163
106000256,58,72,-14
106000257,136,367,-231
106000258,585,19,566
106000259,16,74,-58
106000260,46,5,41
106000261,6,43,-37
106000262,198,6,192
106000263,20,61,-41
106000264,207,11,196
106000265,11,143,-132
106000266,142,48,94
106000267,7,116,-109
106000268,653,74,579
106000269,63,60,3
106000270,136,505,-369
106000271,94,272,-178
106000272,410,71,339
106000273,12,356,-344
106000274,193,50,143
106000275,150,312,-162
106000276,191,45,146
106000277,134,341,-207
106000278,215,41,174
106000279,11,56,-45
106000280,62,95,-33
106000281,100,73,27
106000282,60,79,-19
106000283,165,84,81
106000284,72,123,-51
106000285,155,117,38
106000286,103,158,-55
106000287,164,119,45
106000288,95,177,-82
106000289,116,65,51
106000290,61,100,-39
106000291,151,99,52
106000292,74,91,-17
106000293,145,100,45
106000294,156,136,20
106000295,71,74,-3
106000296,47,113,-66
106000297,107,281,-174
106000298,181,69,112
106000299,65,157,-92
106000300,64,131,-67
106000301,81,117,-36
106000303,52,84,-32
106000304,31,27,4
106000305,51,58,-7
106000306,28,69,-41
106000307,47,27,20
106000308,28,124,-96
106000309,13,79,-66
106000310,325,522,-197
106000311,403,224,179
106000312,93,213,-120
106000313,139,243,-104
106000318,111,522,-411
106000319,1085,248,837
106000320,8,65,-57
106000321,422,151,271
106000322,158,176,-18
106000324,17,149,-132
106000325,1647,1221,426
106000326,1080,2144,-1064
106000327,148,145,3
106000328,92,129,-37
106000329,292,315,-23
106000330,299,89,210
106000428,87,122,-35
106000429,112,427,-315
106000430,365,1234,-869
106000431,2858,497,2361
106000432,1822,3064,-1242
106000433,2500,1398,1102
106000434,3323,1633,1690
106000435,1626,2844,-1218
106000436,11,234,-223
106000437,338,60,278
106000438,489,174,315
106000439,109,504,-395
106000440,507,383,124
106000441,5,1,4
106000442,123,6,117
106000443,153,336,-183
106000450,6,190,-184
106000451,27,66,-39
106000454,8,266,-258
106000455,11,254,-243
106000456,95,81,14
106000457,12,1293,-1281
106000458,699,122,577
106000459,151,537,-386
106000460,1642,45,1597
106000461,113,1736,-1623
106000462,6,29,-23
106000463,3,30,-27
106000464,9,561,-552
106000465,698,10,688
106000466,4,747,-743
106000467,505,704,-199
106000468,76,215,-139
106000469,206,0,206
106000470,369,1793,-1424
106000471,34,720,-686
106000472,236,41,195
106000473,48,20,28
106000474,279,559,-280
106000475,300,200,100
106000476,122,168,-46
106000477,23,33,-10
106900001,0,18,-18
106900002,2,514,-512
106900003,261,1052,-791
106900004,0,50,-50
106900006,0,20,-20
106900007,0,14,-14
106900008,292,261,31
106900009,288,391,-103
106900010,175,349,-174
106900012,1970,4301,-2331
106900013,2078,139,1939
106900014,22,10,12
106900015,30,2,28
106900016,330,11,319
106900017,11,2,9
106900018,1,0,1
106900019,53,2,51
106900020,2586,1335,1251
106900021,115,74,41
106900022,729,5,724
106900023,65,273,-208
106900024,1870,43,1827
106900025,81,734,-653
106900026,3,578,-575
106900027,719,8,711
107000001,5113,4509,604
107000002,4508,6384,-1876
107000003,6725,7618,-893
107000004,6431,6848,-417
107000005,4839,6103,-1264
107000006,7009,5902,1107
107000007,7337,12393,-5056
107000008,14860,10896,3964
107000009,8643,8890,-247
107000010,13146,12662,484
107000011,1436,1784,-348
107000012,5404,3955,1449
107000013,76,144,-68
107000014,36,251,-215
107000015,436,893,-457
107000016,749,1060,-311
107000017,9312,2424,6888
107000018,116,1708,-1592
107000020,6408,1833,4575
107000021,2376,709,1667
107000022,1986,2177,-191
107000023,4034,385,3649
107000024,730,1816,-1086
107000025,232,658,-426
107000026,465,616,-151
107000027,1433,1901,-468
107000028,1732,1732,0
107000029,3692,3981,-289
107000030,4056,3859,197
107000031,4177,4046,131
107000032,673,1247,-574
107000033,3452,8054,-4602
107000034,4770,2163,2607
107000035,434,277,157
107000036,555,1326,-771
107000037,113,1104,-991
107000038,270,359,-89
107000039,1006,970,36
107000040,201,482,-281
107000041,2368,1175,1193
107000042,935,2420,-1485
107000043,3417,1445,1972
107000044,732,457,275
107000045,128,437,-309
107000046,1028,566,462
107000047,559,1105,-546
107000048,796,363,433
107000049,644,973,-329
107000050,1195,616,579
107000051,414,390,24
107000052,1385,1092,293
107000053,439,268,171
107000054,70,284,-214
107000055,158,107,51
107000056,469,892,-423
107000057,1294,250,1044
107000058,2874,2826,48
107000059,2819,4170,-1351
107000060,5191,6748,-1557
107000061,6017,4510,1507
107000062,4705,3417,1288
107000063,4938,6142,-1204
107000064,4793,2789,2004
107000065,6357,5750,607
107000066,2708,3592,-884
107000067,1454,1355,99
107000068,1719,905,814
107000069,923,580,343
107000070,1446,71,1375
107000071,3445,60,3385
107000072,79,3622,-3543
107000073,913,410,503
107000074,208,1249,-1041
107000075,1930,592,1338
107000076,813,1706,-893
107000077,4033,1559,2474
107000078,3691,4239,-548
107000079,3041,1216,1825
107000080,1533,4088,-2555
107000081,1767,634,1133
107000082,711,2505,-1794
107000083,1470,480,990
107000084,450,2578,-2128
107000085,3337,4067,-730
107000086,4211,4129,82
107000087,3322,2528,794
107000088,4222,4406,-184
107000089,1672,2064,-392
107000090,1367,1292,75
107000091,1458,1111,347
107000092,935,1263,-328
107000093,1252,1067,185
107000094,1167,1406,-239
107000095,835,704,131
107000096,629,1095,-466
107000097,962,291,671
107000098,940,627,313
107000099,753,416,337
107000100,426,416,10
107000101,121,222,-101
107000102,239,471,-232
107000103,327,232,95
107000104,217,337,-120
107000105,400,187,213
107000106,571,311,260
107000107,480,197,283
107000108,251,707,-456
107000109,591,194,397
107000110,88,527,-439
107000111,272,72,200
107000112,39,321,-282
107000113,591,156,435
107000114,125,588,-463
107000115,647,199,448
107000116,182,789,-607
107000117,171,535,-364
107000118,156,248,-92
107000119,1796,1544,252
107000120,1285,564,721
107000121,1026,910,116
107000122,1375,1154,221
107000123,520,698,-178
107000124,645,1031,-386
107000125,857,700,157
107000126,892,859,33
107000127,80,343,-263
107000129,332,176,156
107000130,388,347,41
107000131,558,406,152
107000132,677,511,166
107000133,1218,139,1079
107000134,522,3,519
107000135,3,362,-359
107000136,911,12,899
107000137,19,492,-473
107000138,449,35,414
107000139,46,566,-520
107000140,2688,135,2553
107000141,164,865,-701
107000142,505,126,379
107000143,76,866,-790
107000144,999,580,419
107000145,254,643,-389
107000146,236,430,-194
107000147,3421,1092,2329
107000150,880,6054,-5174
107000151,78,195,-117
107000152,553,1663,-1110
107000153,233,615,-382
107000154,345,339,6
107000155,986,48,938
107000156,1462,32,1430
107000157,110,1780,-1670
107000158,495,29,466
107000159,48,968,-920
107000160,1019,216,803
107000161,99,1801,-1702
107000162,295,790,-495
107000163,280,3,277
107000164,752,4,748
107000165,1003,32,971
107000166,75,1550,-1475
107000167,671,272,399
107000168,1027,607,420
107000169,800,1018,-218
107000170,2232,1228,1004
107000171,969,2461,-1492
107000172,1150,1505,-355
107000173,935,1158,-223
107000174,1248,6829,-5581
107000175,8304,2264,6040
107000176,0,0,0
107000177,8,7,1
107000178,12,44,-32
107000179,358,2477,-2119
107000180,1404,483,921
107000181,469,1247,-778
107000182,1969,1238,731
107000183,132,1026,-894
107000184,1005,904,101
107000185,594,1998,-1404
107000186,1465,635,830
107000187,1665,1517,148
107000188,713,769,-56
107000189,586,1340,-754
107000190,775,892,-117
107000191,721,1132,-411
107000192,1748,943,805
107000193,461,579,-118
107000194,1026,785,241
107000197,1114,424,690
107000198,379,860,-481
107000199,844,1030,-186
107000200,812,892,-80
107000201,534,417,117
107000202,380,625,-245
107000203,1807,1158,649
107000204,1820,1273,547
107000205,2989,1354,1635
107000206,1459,1793,-334
107000207,833,1228,-395
107000208,1710,606,1104
107000209,2610,1382,1228
107000210,1099,478,621
107000211,9,61,-52
107000212,31,449,-418
107000213,2,25,-23
107000214,18,164,-146
107000215,612,461,151
107000216,443,470,-27
107000217,352,129,223
107000219,129,196,-67
107000220,391,252,139
107000222,255,973,-718
107000224,683,80,603
107000225,1516,633,883
107000226,516,117,399
107000227,191,366,-175
107000228,139,206,-67
107000229,128,224,-96
107000230,1259,594,665
107000231,2137,2059,78
107000232,128,94,34
107000233,2380,1302,1078
107000234,2,66,-64
107000235,109,10,99
107000236,24,946,-922
107000237,35,2,33
107000238,72,2,70
107000239,3811,634,3177
107000240,102,1367,-1265
107000241,135,16,119
107000242,444,46,398
107000243,1,40,-39
107000244,8,76,-68
107000246,3,1135,-1132
107000249,4,1348,-1344
107000251,3,439,-436
107000252,12,1643,-1631
107000255,718,132,586
107000257,0,429,-429
107000258,0,122,-122
107000259,8,268,-260
107000260,532,30,502
107000262,8,624,-616
107000263,287,44,243
107000266,3,12,-9
107000267,161,207,-46
107000268,160,223,-63
107000269,995,81,914
107000270,3,42,-39
107000271,25,799,-774
107000272,16,162,-146
107000273,10,270,-260
107000274,5460,545,4915
107000275,205,1634,-1429
107000280,776,42,734
107000281,59,923,-864
107000282,65,1024,-959
107000290,25,47,-22
107000291,24,15,9
107000292,0,137,-137
107000293,203,6,197
107000294,0,35,-35
107000295,215,3,212
107000296,0,17,-17
107000444,449,14,435
107000496,1,24,-23
107000497,1753,3008,-1255
107000500,327,409,-82
107000501,150,197,-47
107000502,180,437,-257
107000505,453,1005,-552
107000506,6,113,-107
107000508,13,922,-909
107000509,337,1198,-861
107000510,127,29,98
107000514,55,425,-370
107000515,17,227,-210
107000516,265,334,-69
107000518,1022,1287,-265
107000519,2215,1244,971
107000520,69,31,38
107900001,85,194,-109
107900002,53,9,44
107900003,470,36,434
107900004,113,2,111
107900005,1371,11,1360
107900006,171,0,171
107900007,385,46,339
107900008,273,39,234
107900009,217,4,213
107900010,25,2,23
107900012,355,51,304
107900013,283,28,255
107900014,50,16,34
107900015,973,15,958
107900016,600,95,505
107900017,32,7,25
107900018,75,144,-69
107900019,21,40,-19
107900020,153,13,140
107900021,72,141,-69
107900023,6,1,5
107900024,0,41,-41
107900025,208,281,-73
107900026,80,83,-3
107900027,57,94,-37
107900028,95,119,-24
107900030,209,39,170
107900031,61,149,-88
107900032,25,10,15
107900033,14,8,6
107900034,466,43,423
107900035,875,88,787
107900036,74,23,51
107900037,0,40,-40
107900038,157,279,-122
107900039,35,62,-27
107900040,69,264,-195
107900041,1,1,0
107900043,39,189,-150
107900044,9,28,-19
107900045,132,61,71
107900046,142,250,-108
107900047,43,72,-29
107900048,205,13,192
107900049,365,3275,-2910
107900050,214,420,-206
107900051,110,86,24
107900052,35,32,3
107900053,25,106,-81
107900055,1051,543,508
107900056,146,88,58
107900057,1,0,1
107900058,77,666,-589
107900060,269,50,219
107900061,16,6,10
107900063,88,143,-55
107900064,439,203,236
107900065,168,43,125
107900066,44,4,40
107900067,0,1,-1
107900068,220,541,-321
107900069,49,1814,-1765
107900070,127,66,61
107900071,24,809,-785
107900072,99,260,-161
107900073,435,125,310
107900074,1059,374,685
107900076,122,78,44
107900077,59,3,56
107900078,267,109,158
107900079,16,52,-36
107900080,340,705,-365
107900081,58,121,-63
107900082,27,24,3
107900083,445,239,206
107900084,113,155,-42
107900086,128,210,-82
107900087,805,213,592
107900088,44,8,36
107900089,397,1282,-885
107900090,947,2763,-1816
107900091,310,522,-212
107900092,2500,639,1861
107900093,152,87,65
107900095,3834,2601,1233
107900097,39,85,-46
107900098,79,257,-178
107900100,1161,1279,-118
107900101,1240,355,885
107900102,58,12,46
107900103,69,260,-191
107900104,285,12,273
107900105,1,385,-384
107900106,7,1154,-1147
107900107,2337,748,1589
107900108,299,169,130
107900109,1322,20,1302
107900110,52,210,-158
107900111,15,986,-971
107900112,104,334,-230
107900113,226,128,98
107900114,200,220,-20
107900115,3,49,-46
107900116,173,326,-153
107900117,497,489,8
107900118,109,220,-111
107900119,83,396,-313
107900120,44,38,6
107900121,2,283,-281
107900122,4,113,-109
107900123,4,51,-47
107900124,29,26,3
107900125,37,210,-173
107900126,12,55,-43
107900127,705,365,340
107900128,83,114,-31
107900129,84,86,-2
107900130,77,54,23
107900131,1174,370,804
107900132,169,540,-371
107900133,3,85,-82
107900134,57,96,-39
107900135,12,189,-177
107900136,43,86,-43
107900137,172,119,53
107900138,56,120,-64
107900139,44,155,-111
107900140,143,69,74
107900141,56,56,0
107900142,120,1010,-890
107900143,358,32,326
107900144,0,198,-198
107900145,23,183,-160
107900146,98,124,-26
107900147,56,41,15
107900148,209,159,50
107900149,1126,375,751
107900150,93,802,-709
107900151,36,82,-46
107900152,18,261,-243
107900153,146,317,-171
107900154,52,27,25
107900155,66,105,-39
107900156,6,338,-332
107900157,74,61,13
107900158,965,44,921
107900159,50,1063,-1013
107900160,116,235,-119
107900161,28,246,-218
107900162,0,183,-183
107900163,94,200,-106
107900164,6,59,-53
107900165,26,103,-77
107900166,29,283,-254
107900167,28,33,-5
107900168,43,61,-18
107900169,2,213,-211
107900171,19,1452,-1433
107900172,3,366,-363
107900173,27,206,-179
107900174,119,3,116
107900175,121,39,82
107900176,21,67,-46
107900177,0,446,-446
107900178,0,182,-182
107900179,30,146,-116
107900180,748,579,169
107900181,1038,329,709
107900182,5,1175,-1170
107900183,55,309,-254
107900184,265,318,-53
107900185,110,9,101
107900186,43,89,-46
107900187,0,162,-162
107900188,813,177,636
107900189,25,163,-138
107900190,72,150,-78
107900191,100,158,-58
107900193,7,50,-43
107900194,306,16,290
107900195,3133,562,2571
107900196,68,111,-43
107900197,1267,493,774
107900199,1,900,-899
107900201,99,135,-36
107900203,56,66,-10
107900204,232,362,-130
107900205,289,464,-175
107900206,1147,276,871
107900207,5,659,-654
107900208,11,652,-641
107900209,430,190,240
107900210,90,114,-24
107900213,1292,1077,215
107900214,57,129,-72
107900215,218,436,-218
107900216,184,103,81
107900217,60,121,-61
107900218,14,1990,-1976
107900219,46,114,-68
107900220,325,312,13
107900221,281,245,36
107900223,100,657,-557
107900224,181,454,-273
107900225,23,886,-863
107900226,106,140,-34
107900227,145,514,-369
107900228,9,165,-156
107900229,1,401,-400
107900230,8,131,-123
107900231,28,249,-221
107900232,65,150,-85
107900233,13,151,-138
107900234,93,196,-103
107900235,40,136,-96
107900236,113,123,-10
107900237,90,571,-481
107900238,34,136,-102
107900239,992,588,404
107900240,33,119,-86
107900241,23,70,-47
107900242,39,264,-225
107900243,8,78,-70
107900244,311,2,309
107900245,611,42,569
107900246,718,15,703
107900248,294,521,-227
107900249,622,37,585
107900250,6,660,-654
107900251,113,1721,-1608
107900252,1041,85,956
107900253,141,4,137
107900254,78,772,-694
107900255,398,110,288
107900256,3570,2227,1343
107900257,269,189,80
107900258,142,268,-126
107900259,124,1983,-1859
107900261,3,378,-375
107900262,130,134,-4
107900264,253,17,236
107900265,388,190,198
107900267,164,21,143
107900268,48,7,41
107900269,0,3,-3
107900270,1,0,1
107900271,1,18,-17
107900272,143,35,108
107900273,48,130,-82
107900274,79,1,78
107900275,34,2,32
107900276,1,97,-96
107900277,2,198,-196
107900278,302,430,-128
107900279,130,265,-135
107900280,2206,2798,-592
107900281,1989,2534,-545
107900282,48,548,-500
107900283,1246,652,594
107900284,724,829,-105
107900285,83,117,-34
107900286,186,104,82
107900287,219,230,-11
107900290,1,153,-152
107900291,597,14,583
107900292,192,283,-91
107900293,58,506,-448
107900295,71,76,-5
107900297,7,545,-538
107900298,941,925,16
107900299,3839,2650,1189
107900300,68,291,-223
107900301,1180,627,553
107900302,145,55,90
107900303,384,344,40
107900304,324,660,-336
107900305,284,15,269
107900306,12,11,1
107900307,60,343,-283
107900308,185,171,14
107900309,92,1,91
107900310,756,8,748
107900311,7,396,-389
107900312,54,2,52
107900313,0,182,-182
107900314,2,77,-75
107900315,6,101,-95
107900316,51,12,39
107900317,130,25,105
107900318,12,163,-151
107900319,10,258,-248
107900320,13,214,-201
107900321,117,5,112
107900322,2,159,-157
107900323,60,218,-158
107900324,137,1,136
107900325,64,0,64
107900326,305,230,75
107900327,0,83,-83
107900328,121,2,119
107900329,128,114,14
107900330,14,554,-540
107900331,186,32,154
107900332,202,39,163
107900333,52,25,27
107900334,19,191,-172
107900335,105,36,69
107900336,113,63,50
107900337,1295,826,469
107900338,6,225,-219
107900339,3,43,-40
107900340,0,60,-60
107900341,85,5,80
107900342,98,129,-31
107900343,122,0,122
107900344,7,116,-109
107900345,130,27,103
107900346,52,3,49
107900347,40,2,38
107900348,26,6,20
107900349,25,11,14
107900350,28,269,-241
108000001,3125,4106,-981
108000002,2143,2896,-753
108000003,4164,3844,320
108000004,14184,18188,-4004
108000005,9902,6954,2948
108000006,10043,9763,280
108000007,5637,4443,1194
108000008,5052,7643,-2591
108000009,3991,5094,-1103
108000010,3605,5435,-1830
108000011,14084,13299,785
108000012,20520,19109,1411
108000014,1111,829,282
108000015,762,377,385
108000016,237,605,-368
108000017,1204,517,687
108000018,2917,831,2086
108000019,3340,1100,2240
108000020,1527,728,799
108000021,486,2014,-1528
108000022,490,1458,-968
108000023,1372,342,1030
108000024,281,756,-475
108000025,312,263,49
108000026,624,518,106
108000027,898,488,410
108000028,611,305,306
108000029,665,594,71
108000030,895,273,622
108000031,268,861,-593
108000032,1625,998,627
108000033,877,1267,-390
108000034,1813,763,1050
108000035,790,2604,-1814
108000036,392,1082,-690
108000037,1704,651,1053
108000038,2600,826,1774
108000039,599,2196,-1597
108000040,2119,1212,907
108000041,873,2952,-2079
108000042,260,296,-36
108000043,194,374,-180
108000044,473,235,238
108000045,273,563,-290
108000046,1628,501,1127
108000047,511,1148,-637
108000048,316,487,-171
108000049,1545,401,1144
108000050,118,467,-349
108000051,319,148,171
108000052,249,739,-490
108000053,490,267,223
108000054,604,1142,-538
108000055,1286,657,629
108000056,1209,1387,-178
108000057,591,1376,-785
108000058,2077,4144,-2067
108000059,3613,2263,1350
108000060,188,465,-277
108000061,155,371,-216
108000062,823,638,185
108000063,505,564,-59
108000064,250,294,-44
108000065,560,783,-223
108000066,1686,969,717
108000067,1938,717,1221
108000068,813,498,315
108000069,248,1150,-902
108000070,1947,992,955
108000071,740,1831,-1091
108000072,1710,1446,264
108000073,1481,2203,-722
108000074,603,535,68
108000075,499,1101,-602
108000076,867,696,171
108000077,732,831,-99
108000078,2381,1782,599
108000079,935,1831,-896
108000080,1412,685,727
108000081,830,2018,-1188
108000082,1094,2199,-1105
108000083,2033,1226,807
108000084,567,1326,-759
108000085,726,548,178
108000086,894,949,-55
108000087,180,2183,-2003
108000088,160,12,148
108000089,342,617,-275
108000090,600,262,338
108000091,337,538,-201
108000092,138,100,38
108000093,204,701,-497
108000094,507,107,400
108000095,157,484,-327
108000096,302,189,113
108000097,147,506,-359
108000098,1477,1843,-366
108000099,308,104,204
108000100,94,208,-114
108000101,1897,1682,215
108000102,1831,3425,-1594
108000106,1030,11,1019
108000107,3,873,-870
108000108,941,69,872
108000109,9,725,-716
108000110,194,399,-205
108000111,206,764,-558
108000112,84,142,-58
108000113,551,285,266
108000115,404,371,33
108000117,801,400,401
108000118,82,304,-222
108000119,795,410,385
108000120,152,805,-653
108000121,224,539,-315
108000122,669,374,295
108000123,2269,326,1943
108000124,570,687,-117
108000125,393,354,39
108000126,166,462,-296
108000127,598,520,78
108000128,639,603,36
108000129,625,1268,-643
108000130,869,305,564
108000131,869,814,55
108000132,2295,1677,618
108000133,1015,800,215
108000134,584,621,-37
108000135,1111,625,486
108000136,543,1079,-536
108000137,479,438,41
108000138,403,1085,-682
108000139,610,362,248
108000140,128,42,86
108000141,37,95,-58
108000142,103,106,-3
108000143,27,28,-1
108000144,55,19,36
108000145,64,19,45
108000146,70,10,60
108000147,80,50,30
108000148,91,29,62
108000149,29,27,2
108000150,34,18,16
108000151,37,33,4
108000152,105,527,-422
108000153,521,178,343
108000154,47,15,32
108000155,38,40,-2
108000156,368,135,233
108000157,246,1054,-808
108000158,89,841,-752
108000159,587,240,347
108000160,3230,1243,1987
108000161,3144,3009,135
108000165,8,220,-212
108000172,13,292,-279
108000173,2212,2372,-160
108000175,262,135,127
108000178,415,376,39
108000179,201,921,-720
108000181,46,35,11
108000182,117,29,88
108000183,61,33,28
108000184,1075,2439,-1364
108000185,344,487,-143
108000186,200,68,132
108000187,142,606,-464
108000188,648,349,299
108000189,716,1560,-844
108000190,57,153,-96
108000192,302,644,-342
108000193,956,44,912
108000194,44,4,40
108000195,5,1106,-1101
108000196,746,204,542
108000198,483,335,148
108000199,0,155,-155
108000200,525,728,-203
108000202,1,270,-269
108000203,150,667,-517
108000204,160,129,31
108000205,332,500,-168
108000339,1589,435,1154
108000364,124,352,-228
108000365,87,330,-243
108000367,206,549,-343
108000368,5,72,-67
108000369,813,199,614
108000371,0,574,-574
108000372,831,3,828
108000373,200,150,50
108000376,111,48,63
108000377,427,356,71
108000378,10685,11752,-1067
108000379,51,239,-188
108000381,52,24,28
108000382,74,4,70
108000383,1,94,-93
108900001,99,1103,-1004
108900002,180,55,125
108900003,373,764,-391
108900004,171,480,-309
108900005,79,382,-303
108900006,734,229,505
108900007,290,280,10
108900008,139,207,-68
108900009,79,159,-80
108900010,252,230,22
108900011,446,487,-41
108900012,333,535,-202
108900013,177,335,-158
108900014,11,147,-136
108900015,0,55,-55
108900016,0,275,-275
108900017,512,502,10
108900018,182,544,-362
108900019,60,1008,-948
108900020,38,255,-217
108900021,187,287,-100
108900022,93,5,88
108900023,3,65,-62
108900024,37,141,-104
108900025,103,202,-99
108900026,26,96,-70
108900027,0,89,-89
108900028,83,328,-245
108900029,76,245,-169
108900030,0,84,-84
108900031,122,419,-297
108900032,15,259,-244
108900033,0,144,-144
108900034,0,213,-213
108900035,399,1420,-1021
108900036,229,288,-59
108900037,53,408,-355
108900038,1,360,-359
108900039,3,461,-458
108900040,17,122,-105
108900041,5979,3356,2623
108900042,11,385,-374
108900043,70,540,-470
108900044,5,489,-484
108900045,70,603,-533
108900046,73,763,-690
108900047,0,58,-58
108900048,148,1014,-866
108900049,3667,1391,2276
108900050,3,234,-231
108900051,3,193,-190
108900052,40,253,-213
108900053,102,180,-78
108900054,83,221,-138
108900055,122,383,-261
108900056,4,157,-153
108900057,1,176,-175
108900058,23,395,-372
108900059,395,36,359
108900060,120,160,-40
108900061,99,28,71
108900062,4,261,-257
108900063,11,378,-367
108900064,193,101,92
108900065,10,255,-245
108900066,353,147,206
108900067,29,143,-114
108900068,0,90,-90
108900069,68,96,-28
108900070,38,112,-74
108900071,88,82,6
108900072,2510,946,1564
108900073,8,62,-54
108900074,232,407,-175
108900075,70,63,7
108900076,302,108,194
108900077,139,141,-2
108900078,12,179,-167
108900079,1123,285,838
108900080,42,973,-931
108900081,58,266,-208
108900082,52,101,-49
108900083,34,267,-233
108900084,459,156,303
108900085,2433,232,2201
108900086,88,322,-234
108900087,142,227,-85
108900088,1096,470,626
108900089,47,193,-146
108900090,39,272,-233
108900091,149,124,25
108900092,531,414,117
108900093,161,132,29
108900094,209,96,113
108900095,56,328,-272
108900096,374,27,347
108900097,256,261,-5
108900098,2555,852,1703
108900099,405,255,150
108900100,134,123,11
108900101,227,150,77
108900102,149,1024,-875
108900103,88,140,-52
108900104,208,414,-206
108900105,9,981,-972
108900106,388,390,-2
108900108,582,79,503
108900109,28,41,-13
108900110,249,534,-285
108900111,425,766,-341
108900112,299,36,263
108900113,45,71,-26
108900114,1,5,-4
108900115,93,107,-14
108900116,144,25,119
108900117,176,15,161
108900118,564,19,545
108900119,277,53,224
108900120,192,188,4
108900121,310,158,152
108900122,111,27,84
108900123,117,130,-13
108900124,465,255,210
108900125,390,4,386
108900126,106,38,68
108900127,181,17,164
108900128,95,52,43
108900129,861,241,620
108900130,351,4,347
108900131,515,12,503
108900132,508,102,406
108900133,244,71,173
108900134,355,336,19
108900135,152,19,133
108900136,62,0,62
108900137,183,1,182
108900138,639,65,574
108900139,726,187,539
108900140,271,328,-57
108900141,324,23,301
108900142,109,5,104
108900143,56,0,56
108900144,77,0,77
108900145,130,9,121
108900146,93,1,92
108900147,254,1,253
108900148,92,45,47
108900149,742,426,316
108900150,244,14,230
108900151,329,7,322
108900152,196,48,148
108900153,183,420,-237
108900154,5120,646,4474
108900155,232,114,118
108900156,90,13,77
108900157,28,484,-456
108900158,417,47,370
108900159,8,289,-281
108900160,22,312,-290
108900161,10,474,-464
108900162,78,1,77
108900163,11,236,-225
108900164,34,99,-65
108900165,212,122,90
108900167,1861,6188,-4327
108900168,8343,2997,5346
108900169,79,162,-83
108900171,9279,3079,6200
108900172,212,53,159
108900173,256,436,-180
108900174,790,674,116
108900176,135,488,-353
108900177,6447,6234,213
108900178,4502,3627,875
108900179,767,1731,-964
108900180,114,258,-144
108900182,38,279,-241
108900183,251,302,-51
108900184,451,262,189
108900185,368,491,-123
108900186,80,490,-410
108900187,374,79,295
108900188,545,107,438
108900189,642,227,415
108900190,55,2997,-2942
108900191,270,65,205
108900192,129,283,-154
108900193,348,85,263
108900194,38,403,-365
108900195,130,338,-208
108900196,37,457,-420
108900198,2,468,-466
108900199,264,442,-178
108900200,843,342,501
108900201,541,1774,-1233
108900203,599,53,546
108900204,383,31,352
108900205,178,23,155
108900206,569,37,532
108900207,158,83,75
108900208,12,363,-351
108900209,227,551,-324
108900210,232,244,-12
108900211,221,608,-387
108900212,781,1652,-871
108900215,116,499,-383
108900216,601,157,444
108900217,143,1,142
108900218,164,17,147
108900219,108,5,103
108900220,80,34,46
108900221,49,105,-56
108900222,326,28,298
108900223,8,143,-135
108900224,37,227,-190
108900225,3,181,-178
108900226,318,19,299
108900227,121,358,-237
108900230,296,289,7
108900231,53,242,-189
108900232,2,284,-282
108900233,542,171,371
108900234,364,215,149
108900235,195,637,-442
108900236,76,424,-348
108900237,98,291,-193
108900240,243,148,95
108900241,82,65,17
108900245,16,1639,-1623
108900249,189,58,131
108900250,283,161,122
108900257,253,679,-426
108900258,14,260,-246
108900259,238,87,151
108900260,4,89,-85
108900261,109,154,-45
108900262,183,144,39
108900263,25,176,-151
108900264,593,312,281
108900265,1266,415,851
108900266,840,565,275
108900267,0,85,-85
108900268,22,6,16
108900269,95,26,69
108900270,72,16,56
108900271,53,18,35
108900272,226,11,215
108900273,1034,859,175
108900274,52,71,-19
109000001,3447,1320,2127
109000002,1709,1522,187
109000003,2829,494,2335
109000004,541,2242,-1701
109000005,2582,686,1896
109000006,634,2149,-1515
109000007,1717,773,944
109000008,510,1934,-1424
109000009,4131,1560,2571
109000010,1486,3883,-2397
109000011,3386,2492,894
109000012,2050,3513,-1463
109000013,4330,3296,1034
109000014,2259,3692,-1433
109000015,4245,7242,-2997
109000016,6679,4091,2588
109000017,2418,1401,1017
109000018,885,3239,-2354
109000019,2739,1395,1344
109000020,940,2208,-1268
109000023,359,39,320
109000024,12,210,-198
109000025,373,508,-135
109000026,800,352,448
109000027,100,279,-179
109000028,151,121,30
109000029,158,227,-69
109000030,109,518,-409
109000031,324,212,112
109000032,142,476,-334
109000033,333,238,95
109000034,54,54,0
109000035,31,120,-89
109000036,171,436,-265
109000037,300,1203,-903
109000038,794,492,302
109000039,1052,798,254
109000040,5308,8542,-3234
109000041,3740,1855,1885
109000042,697,1532,-835
109000044,428,80,348
109000045,117,422,-305
109000046,438,93,345
109000047,92,510,-418
109000048,996,300,696
109000049,447,712,-265
109000050,444,351,93
109000051,398,294,104
109000052,603,1136,-533
109000053,272,161,111
109000054,1067,678,389
109000055,488,452,36
109000056,486,1018,-532
109000057,825,568,257
109000058,1406,568,838
109000059,1167,1651,-484
109000060,473,301,172
109000061,1046,1240,-194
109000062,300,408,-108
109000063,282,251,31
109000064,903,226,677
109000065,155,237,-82
109000066,457,141,316
109000067,70,373,-303
109000068,3137,14,3123
109000069,1344,50,1294
109000070,13,1212,-1199
109000071,383,77,306
109000072,165,377,-212
109000073,54,78,-24
109000074,39,238,-199
109000075,81,362,-281
109000076,90,243,-153
109000077,425,358,67
109000078,52,230,-178
109000079,110,232,-122
109000080,124,125,-1
109000081,109,554,-445
109000082,484,233,251
109000083,323,789,-466
109000088,135,568,-433
109000089,289,72,217
109000090,211,493,-282
109000091,371,188,183
109000092,408,546,-138
109000093,197,250,-53
109000094,482,9,473
109000095,118,501,-383
109000096,711,301,410
109000097,96,160,-64
109000098,55,159,-104
109000099,1188,385,803
109000100,359,646,-287
109000101,1836,854,982
109000102,451,934,-483
109000103,586,776,-190
109000104,1676,734,942
109000105,509,1454,-945
109000106,2262,1019,1243
109000107,694,2424,-1730
109000108,1884,741,1143
109000109,507,2231,-1724
109000110,1324,663,661
109000111,1119,2372,-1253
109000112,683,206,477
109000113,550,213,337
109000114,337,416,-79
109000115,1396,29,1367
109000116,8,318,-310
109000117,195,69,126
109000118,15,361,-346
109000119,1334,247,1087
109000120,212,1122,-910
109000121,450,48,402
109000122,193,932,-739
109000123,30,84,-54
109000124,663,582,81
109000125,984,426,558
109000126,405,992,-587
109000127,912,287,625
109000128,453,1600,-1147
109000129,2167,1012,1155
109000130,708,2220,-1512
109000131,997,675,322
109000132,910,2124,-1214
109000133,345,1127,-782
109000134,805,1641,-836
109000135,1612,1966,-354
109000136,383,391,-8
109000137,427,466,-39
109000138,569,440,129
109000139,506,427,79
109000140,386,423,-37
109000141,656,561,95
109000142,146,602,-456
109000143,178,85,93
109000145,105,213,-108
109000146,38,134,-96
109000148,3896,2169,1727
109000149,18,53,-35
109000150,133,333,-200
109000155,742,606,136
109000156,1186,833,353
109000158,226,375,-149
109000159,209,751,-542
109000160,909,383,526
109000161,308,1244,-936
109000162,1919,994,925
109000163,1143,2179,-1036
109000164,1108,2898,-1790
109000165,1418,740,678
109000166,700,193,507
109000167,117,638,-521
109000170,42,48,-6
109000171,71,49,22
109000172,52,87,-35
109000173,29,95,-66
109000174,73,59,14
109000175,64,107,-43
109000176,302,301,1
109000177,35,136,-101
109000178,343,126,217
109000179,5944,5441,503
109000180,6181,4045,2136
109000181,27,45,-18
109000182,39,50,-11
109000183,36,60,-24
109000184,68,18,50
109000185,35,71,-36
109000188,933,2198,-1265
109000189,3366,1235,2131
109000190,597,552,45
109000191,343,478,-135
109000192,327,528,-201
109000193,202,292,-90
109000194,276,271,5
109000195,153,440,-287
109000196,323,239,84
109000197,186,439,-253
109000198,356,142,214
109000199,138,478,-340
109000206,235,33,202
109000207,109,79,30
109000208,88,114,-26
109000209,188,129,59
109000210,172,617,-445
109000211,180,313,-133
109000214,440,417,23
109000215,177,94,83
109000216,284,308,-24
109000217,444,162,282
109000218,959,259,700
109000221,540,1258,-718
109000222,1100,333,767
109000223,292,396,-104
109000224,45,138,-93
109000225,120,67,53
109000226,50,233,-183
109000227,995,1474,-479
109000228,3,1004,-1001
109000231,1,337,-336
109000232,309,364,-55
109000236,296,825,-529
109000241,2379,2495,-116
109000242,2148,1775,373
109000293,60,92,-32
109000361,203,385,-182
109000364,481,713,-232
109000396,8,604,-596
109000397,574,11,563
109000399,131,494,-363
109000400,84,213,-129
109000403,236,933,-697
109000406,436,23,413
109000407,290,209,81
109000408,0,275,-275
109000410,1113,386,727
109000411,120,14,106
109900001,101,0,101
109900002,1094,33,1061
109900003,255,0,255
109900004,1463,203,1260
109900005,42,10,32
109900006,554,268,286
109900007,758,577,181
109900008,0,43,-43
109900009,155,752,-597
109900010,575,34,541
109900011,120,82,38
109900012,539,243,296
109900013,410,279,131
109900014,413,106,307
109900015,589,261,328
109900016,191,34,157
109900017,186,366,-180
109900018,388,105,283
109900019,583,85,498
109900020,19,54,-35
109900021,43,20,23
109900022,72,221,-149
109900023,14,11,3
109900024,26,12,14
109900025,31,69,-38
109900026,1,196,-195
109900027,43,47,-4
109900028,1737,762,975
109900029,8,376,-368
109900030,104,23,81
109900031,0,255,-255
109900032,12,411,-399
109900033,4,474,-470
109900034,23,2,21
109900035,30,34,-4
109900036,35,84,-49
109900037,13,546,-533
109900038,106,245,-139
109900039,10,1,9
109900040,27,574,-547
109900041,106,353,-247
109900042,185,806,-621
109900044,476,233,243
109900045,177,107,70
109900046,22,79,-57
109900047,410,360,50
109900048,6,117,-111
109900049,12,60,-48
109900050,2,136,-134
109900051,3,57,-54
109900052,202,369,-167
109900053,5,354,-349
109900054,586,276,310
109900055,79,346,-267
109900056,36,229,-193
109900057,5,221,-216
109900058,0,95,-95
109900059,614,159,455
109900060,386,184,202
109900061,48,342,-294
109900062,1,174,-173
109900063,11,518,-507
109900064,522,345,177
109900065,85,157,-72
109900066,370,908,-538
109900067,0,270,-270
109900068,73,4,69
109900069,6,60,-54
109900070,65,519,-454
109900071,6,39,-33
109900072,20,224,-204
109900073,461,546,-85
109900074,22,52,-30
109900075,39,59,-20
109900076,26,191,-165
109900077,41,72,-31
109900078,117,280,-163
109900080,176,389,-213
109900081,38,298,-260
109900082,56,441,-385
109900083,26,74,-48
109900084,53,167,-114
109900085,267,836,-569
109900086,177,447,-270
109900087,385,660,-275
109900089,770,351,419
109900090,592,1206,-614
109900091,346,112,234
109900092,2300,37,2263
109900093,915,204,711
109900094,85,141,-56
109900095,239,262,-23
109900096,40,1,39
109900097,70,4,66
109900098,382,41,341
109900099,173,1,172
109900100,30,0,30
109900101,448,16,432
109900102,547,31,516
109900103,38,78,-40
109900104,616,741,-125
109900105,549,18,531
109900106,635,64,571
109900107,704,96,608
109900108,145,561,-416
109900109,53,201,-148
109900110,87,442,-355
109900111,359,956,-597
109900112,323,671,-348
109900113,853,612,241
109900114,1747,1038,709
109900115,250,142,108
109900117,1121,175,946
109900118,283,576,-293
109900119,739,424,315
109900120,76,29,47
109900121,539,641,-102
109900122,447,13,434
109900123,11,163,-152
109900124,52,666,-614
109900125,5,199,-194
109900126,284,137,147
109900128,270,55,215
109900130,7900,2624,5276
109900131,72,200,-128
109900132,20,149,-129
109900133,72,345,-273
109900134,136,89,47
109900135,330,71,259
109900136,117,154,-37
109900137,86,399,-313
109900138,342,358,-16
109900140,228,226,2
109900141,379,267,112
109900142,1284,408,876
109900145,6,559,-553
109900146,572,48,524
109900148,55,116,-61
109900149,105,87,18
109900150,5,112,-107
109900151,30,78,-48
109900152,1,31,-30
109900153,1,43,-42
109900154,106,1,105
109900155,99,27,72
109900157,61,278,-217
109900158,82,165,-83
109900159,164,64,100
109900160,171,85,86
109900161,243,141,102
109900162,199,174,25
109900163,810,352,458
109900164,53,196,-143
109900165,216,4,212
109900166,1,146,-145
109900167,177,688,-511
109900168,215,790,-575
109900169,292,218,74
109900170,242,769,-527
109900171,207,151,56
109900172,304,266,38
109900173,3147,2161,986
109900174,67,152,-85
109900175,131,91,40
109900176,184,224,-40
109900177,43,221,-178
109900178,51,287,-236
109900179,245,19,226
109900180,19,12,7
110000001,987,545,442
110000002,626,895,-269
110000003,1049,793,256
110000004,571,824,-253
110000005,554,2402,-1848
110000006,453,423,30
110000007,120,158,-38
110000008,26,65,-39
110000009,31,21,10
110000010,57,78,-21
110000011,107,93,14
110000012,605,462,143
110000013,52,588,-536
110000014,679,455,224
110000015,265,914,-649
110000016,274,1961,-1687
110000017,3177,315,2862
110000018,2988,481,2507
110000019,9,123,-114
110000020,482,278,204
110000021,1238,579,659
110000022,1335,320,1015
110000023,5,160,-155
110000024,748,412,336
110000025,495,10,485
110000026,6,353,-347
110000027,1427,942,485
110000028,884,875,9
110000029,607,837,-230
110000030,226,540,-314
110000031,256,628,-372
110000032,761,521,240
110000033,321,141,180
110000034,528,912,-384
110000035,1293,670,623
110000036,1238,880,358
110000037,274,551,-277
110000038,370,879,-509
110000039,869,3825,-2956
110000040,377,412,-35
110000041,327,1536,-1209
110000042,200,401,-201
110000043,1001,377,624
110000044,513,388,125
110000045,2314,143,2171
110000046,4,23,-19
110000047,51,32,19
110000048,21,39,-18
110000049,87,14,73
110000050,9,118,-109
110000051,36,9,27
110000052,37,19,18
110000053,216,28,188
110000054,781,375,406
110000055,1741,109,1632
110000056,331,137,194
110000057,365,661,-296
110000058,1357,616,741
110000059,1161,626,535
110000060,957,1268,-311
110000061,1151,839,312
110000062,800,1007,-207
110000063,32,93,-61
110000064,87,82,5
110000065,129,111,18
110000066,83,58,25
110000067,120,227,-107
110000068,297,224,73
110000069,246,120,126
110000071,144,143,1
110000073,15,20,-5
110000075,15,110,-95
110000076,358,539,-181
110000077,495,2295,-1800
110000078,42,55,-13
110000080,298,810,-512
110000081,47,360,-313
110000082,23,504,-481
110000083,271,726,-455
110000084,1292,1013,279
110000085,2284,1854,430
110000086,1773,2678,-905
110000087,24,78,-54
110000088,79,292,-213
110000089,414,130,284
110000090,1405,406,999
110000091,1417,408,1009
110000092,23,66,-43
110000093,54,11,43
110000094,557,325,232
110000095,263,665,-402
110000096,2551,2262,289
110000097,1268,1433,-165
110000098,2443,785,1658
110000099,793,1860,-1067
110000100,938,700,238
110000101,17,437,-420
110000102,65,44,21
110000104,814,135,679
110000105,147,322,-175
110000106,780,463,317
110000107,306,495,-189
110000108,189,94,95
110000109,330,323,7
110000110,3573,5498,-1925
110000111,6822,3300,3522
110000112,1550,1329,221
110000113,460,2159,-1699
110000114,150,571,-421
110000115,407,390,17
110000116,49,84,-35
110000117,211,443,-232
110000118,518,345,173
110000119,294,373,-79
110000120,443,296,147
110000121,79,439,-360
110000122,430,741,-311
110000123,560,872,-312
110000124,6,1168,-1162
110000125,1087,36,1051
110000126,344,26,318
110000127,1251,81,1170
110000128,45,1791,-1746
110000129,5,561,-556
110000130,368,208,160
110000131,309,349,-40
110000132,4,956,-952
110000133,53,905,-852
110000134,27,509,-482
110000135,212,69,143
110000136,72,293,-221
110000137,558,750,-192
110000138,878,688,190
110000139,883,1268,-385
110000140,1037,729,308
110000143,717,565,152
110000144,6813,2428,4385
110000145,2618,1492,1126
110000146,2706,1178,1528
110000147,544,757,-213
110000148,1027,371,656
110000151,1348,1344,4
110000152,1014,339,675
110000153,90,52,38
110000154,55,37,18
110000155,2673,5162,-2489
110000156,1262,2980,-1718
110000157,2833,2623,210
110000160,407,318,89
110000161,193,318,-125
110000166,576,129,447
110000167,857,590,267
110000168,1287,516,771
110000169,1034,471,563
110000170,191,83,108
110000171,826,195,631
110000172,157,788,-631
110000173,1131,1396,-265
110000174,216,1082,-866
110000175,730,111,619
110000176,1149,345,804
110000177,260,840,-580
110000178,560,2314,-1754
110000179,1300,417,883
110000180,200,263,-63
110000181,448,845,-397
110000182,537,154,383
110000183,10675,8517,2158
110000184,433,2993,-2560
110000185,2207,932,1275
110000186,944,985,-41
110000191,963,345,618
110000192,726,9,717
110000193,1426,7,1419
110000194,14,1253,-1239
110000195,475,608,-133
110000196,329,333,-4
110000197,119,310,-191
110000198,550,123,427
110000199,286,180,106
110000200,3263,750,2513
110000201,2354,1071,1283
110000202,1416,641,775
110000203,1119,867,252
110000204,9,281,-272
110000205,159,79,80
110000206,870,1615,-745
110000207,1032,422,610
110000208,479,228,251
110000209,198,1061,-863
110000210,1199,609,590
110000211,1713,801,912
110000212,421,1371,-950
110000213,155,201,-46
110000214,261,254,7
110000215,220,455,-235
110000216,113,381,-268
110000217,275,235,40
110000218,184,371,-187
110000219,311,111,200
110000220,46,316,-270
110000221,386,102,284
110000222,89,235,-146
110000223,13,338,-325
110000224,172,31,141
110000225,486,821,-335
110000226,265,118,147
110000227,1090,896,194
110000228,378,370,8
110000229,1,273,-272
110000230,1102,650,452
110000231,188,311,-123
110000232,892,262,630
110000233,616,436,180
110000234,1432,973,459
110000235,1116,1373,-257
110000236,778,793,-15
110000237,3330,1425,1905
110000238,1933,1677,256
110000239,1985,1414,571
110000240,0,83,-83
110000242,1,14,-13
110000243,112,169,-57
110000244,179,369,-190
110000245,33,355,-322
110000246,850,648,202
110000247,1516,4590,-3074
110000248,2483,1623,860
110000249,80,11,69
110000250,95,263,-168
110000251,349,538,-189
110000252,434,227,207
110000253,1368,666,702
110000254,794,1536,-742
110000255,343,1278,-935
110000256,587,425,162
110000257,982,523,459
110000258,2,445,-443
110000259,119,18,101
110000260,21,318,-297
110000263,654,138,516
110000264,382,542,-160
110000265,1480,2799,-1319
110000266,2910,3959,-1049
110000267,37,270,-233
110000268,383,540,-157
110000269,17,127,-110
110000270,88,10,78
110000271,1811,339,1472
110000272,1686,1161,525
110000273,4774,1987,2787
110000274,274,1538,-1264
110000275,2311,633,1678
110000276,296,345,-49
110000277,368,493,-125
110000278,402,765,-363
110000279,865,827,38
110000280,547,550,-3
110000281,43,397,-354
110000282,497,42,455
110000283,93,173,-80
110000284,78,63,15
110000285,6,856,-850
110000286,50,0,50
110000287,57,2,55
110000288,13,114,-101
110000289,549,1930,-1381
110000290,1332,674,658
110000291,4998,1444,3554
110000292,1486,4852,-3366
110000293,927,843,84
110000294,1095,1217,-122
110000295,506,1113,-607
110000296,714,524,190
110000297,2475,379,2096
110000298,206,563,-357
110000299,323,119,204
110000301,357,31,326
110000302,249,1103,-854
110000303,641,14,627
110000304,207,258,-51
110000305,1362,18,1344
110000306,155,1514,-1359
110000307,1658,7,1651
110000308,725,7,718
110000309,5,938,-933
110000310,808,60,748
110000311,9,711,-702
110000312,386,102,284
110000313,3038,3074,-36
110000314,2,240,-238
110000315,4231,3586,645
110000316,609,1828,-1219
110000317,1084,601,483
110000318,7,62,-55
110000319,41,41,0
110000320,51,41,10
110000321,22,45,-23
110000322,324,436,-112
110000323,473,214,259
110000324,3776,1932,1844
110000325,3403,3107,296
110000327,771,497,274
110000328,227,522,-295
110000333,1048,706,342
110000334,935,1557,-622
110000335,1047,687,360
110000336,1418,1297,121
110000337,2042,706,1336
110000338,512,294,218
110000339,384,244,140
110000340,331,179,152
110000341,430,607,-177
110000342,720,11,709
110000343,1,29,-28
110000344,1695,188,1507
110000345,1622,219,1403
110000346,3267,2287,980
110000347,1281,932,349
110000348,27,24,3
110000349,5,37,-32
110000350,64,9,55
110000351,1072,921,151
110000352,650,1829,-1179
110000353,2801,805,1996
110000354,1253,3727,-2474
110000355,133,88,45
110000356,735,10,725
110000357,449,23,426
110000361,43,67,-24
110000362,52,79,-27
110000363,416,167,249
110000364,309,411,-102
110000365,207,5,202
110000366,2,102,-100
110000367,616,341,275
110000368,6,41,-35
110000369,167,2,165
110000373,4,326,-322
110000374,736,22,714
110000375,171,1766,-1595
110000376,46,102,-56
110000377,83,627,-544
110000378,37,391,-354
110000379,3157,2062,1095
110000380,108,18,90
110000383,3,1433,-1430
110000384,3857,1776,2081
110000385,0,309,-309
110000387,110,16,94
110000388,37,246,-209
110000389,833,17,816
110000391,988,402,586
110000396,174,145,29
110000397,157,249,-92
110000398,4,65,-61
110000399,148,8,140
110000587,286,66,220
110000589,204,178,26
110000640,229,82,147
110000652,53,390,-337
110000653,314,492,-178
110000654,88,181,-93
110000656,0,734,-734
110000674,46,35,11
110000675,36,23,13
110000676,7,59,-52
110000679,320,1307,-987
110000682,130,234,-104
110000683,522,570,-48
110000684,8,54,-46
110000685,25,14,11
110000686,4,44,-40
110000687,110,7,103
110000688,72,896,-824
110000689,42,45,-3
110000692,103,200,-97
110000693,205,369,-164
110000694,0,208,-208
110000695,364,737,-373
110000696,70,92,-22
110900001,383,37,346
110900002,1040,274,766
110900003,759,672,87
110900004,442,211,231
110900005,3057,2980,77
110900006,36,19,17
110900007,118,41,77
110900008,18,33,-15
110900009,469,126,343
110900010,8,99,-91
110900011,23,130,-107
110900012,6,92,-86
110900013,1399,208,1191
110900014,726,18,708
110900015,612,643,-31
110900016,45,133,-88
110900017,497,56,441
110900018,528,69,459
110900019,213,40,173
110900020,98,273,-175
110900021,154,812,-658
110900022,118,308,-190
110900023,108,575,-467
110900024,14,535,-521
110900025,1,50,-49
110900027,42,292,-250
110900028,49,174,-125
110900029,33,381,-348
110900030,28,256,-228
110900031,1,219,-218
110900032,0,77,-77
110900033,47,290,-243
110900035,28,691,-663
110900036,91,34,57
110900037,71,43,28
110900038,1120,208,912
110900039,7,329,-322
110900040,239,54,185
110900041,18,96,-78
110900042,132,55,77
110900043,8,121,-113
110900044,318,35,283
110900045,80,561,-481
110900046,48,253,-205
110900047,600,294,306
110900049,97,94,3
110900050,25,6,19
110900051,45,295,-250
110900052,13,159,-146
110900053,131,52,79
110900054,204,267,-63
110900055,60,7,53
110900056,53,119,-66
110900057,17,160,-143
110900058,257,224,33
110900059,668,678,-10
110900060,538,173,365
110900061,33,53,-20
110900062,142,269,-127
110900063,46,425,-379
110900064,22,0,22
110900065,345,153,192
110900066,15,95,-80
110900067,342,731,-389
110900068,213,317,-104
110900069,10,24,-14
110900070,152,116,36
110900071,248,756,-508
110900073,3,25,-22
110900074,376,93,283
110900075,403,94,309
110900077,933,977,-44
110900078,39,61,-22
110900079,2700,1578,1122
110900080,182,118,64
110900081,4,55,-51
110900082,130,188,-58
110900083,147,85,62
110900084,43,94,-51
110900085,84,337,-253
110900086,94,315,-221
110900087,502,133,369
110900088,10,2,8
110900090,23,48,-25
110900091,1,82,-81
110900093,497,180,317
110900095,65,79,-14
110900097,11,18,-7
110900098,31,97,-66
110900099,90,457,-367
110900100,1,29,-28
110900102,88,26,62
110900105,1064,283,781
110900108,29,74,-45
110900111,566,529,37
110900112,1003,11,992
110900113,547,62,485
110900115,29,82,-53
110900116,757,1979,-1222
110900118,114,2777,-2663
110900119,4297,474,3823
110900120,20,68,-48
110900121,187,4,183
110900122,473,232,241
110900125,398,508,-110
110900127,888,1547,-659
110900128,287,315,-28
110900129,594,853,-259
110900130,1131,553,578
110900131,1052,129,923
110900132,347,125,222
110900133,1138,271,867
110900135,140,401,-261
110900136,375,7,368
110900137,205,4,201
110900138,2267,571,1696
110900139,95,145,-50
110900140,208,14,194
110900141,8,184,-176
110900142,58,228,-170
110900143,180,102,78
110900144,4,709,-705
110900145,366,47,319
110900146,911,206,705
110900147,142,405,-263
110900148,6,349,-343
110900149,3,92,-89
110900150,56,25,31
110900151,11,134,-123
110900152,30,233,-203
110900153,163,54,109
111000001,378,262,116
111000002,459,555,-96
111000003,1072,789,283
111000004,519,1138,-619
111000005,1458,1322,136
111000006,1155,2088,-933
111000007,5103,3338,1765
111000008,2498,3746,-1248
111000009,395,1430,-1035
111000010,815,238,577
111000011,298,1014,-716
111000012,494,363,131
111000013,527,991,-464
111000014,1393,545,848
111000017,160,1308,-1148
111000018,298,534,-236
111000020,1113,2985,-1872
111000021,100,107,-7
111000023,105,92,13
111000025,4928,4547,381
111000029,134,184,-50
111000030,50,142,-92
111000031,2459,1657,802
111000032,870,546,324
111000033,318,509,-191
111000034,243,259,-16
111000037,1966,1272,694
111000038,4659,3316,1343
111000039,2351,2714,-363
111000040,2246,2915,-669
111000041,2235,2226,9
111000042,3747,2849,898
111000043,2149,3616,-1467
111000044,2176,1356,820
111000045,2378,2707,-329
111000046,1856,2100,-244
111000047,2716,4632,-1916
111000049,625,712,-87
111000050,1357,1487,-130
111000051,605,1176,-571
111000052,690,1713,-1023
111000053,365,1038,-673
111000054,395,924,-529
111000055,1114,1937,-823
111000056,191,544,-353
111000057,84,644,-560
111000058,336,101,235
111000059,1032,288,744
111000060,4813,867,3946
111000061,627,391,236
111000062,759,335,424
111000063,2685,1048,1637
111000064,640,701,-61
111000065,1116,1168,-52
111000066,500,586,-86
111000067,946,810,136
111000068,721,1478,-757
111000069,2397,3312,-915
111000070,1187,1182,5
111000071,316,785,-469
111000072,968,373,595
111000073,293,744,-451
111000074,1660,1940,-280
111000075,1331,850,481
111000076,624,853,-229
111000077,1933,1868,65
111000078,3469,1904,1565
111000079,1554,934,620
111000080,619,810,-191
111000081,2025,6780,-4755
111000082,618,790,-172
111000084,971,749,222
111000085,1217,1649,-432
111000086,2766,1328,1438
111000087,741,838,-97
111000088,6167,2577,3590
111000089,886,1114,-228
111000090,1147,1844,-697
111000091,931,672,259
111000092,1368,1025,343
111000093,1039,1150,-111
111000094,2183,1053,1130
111000095,693,2317,-1624
111000096,2366,8167,-5801
111000097,4831,1854,2977
111000098,812,1392,-580
111000099,728,2157,-1429
111000100,569,1594,-1025
111000101,454,943,-489
111000102,244,730,-486
111000104,882,217,665
111000107,212,774,-562
111000109,906,260,646
111000110,1366,666,700
111000111,3352,664,2688
111000112,2538,718,1820
111000113,949,1515,-566
111000114,1960,3521,-1561
111000115,6837,1430,5407
111000116,997,1080,-83
111000117,505,1002,-497
111000118,2121,1077,1044
111000119,1065,1235,-170
111000120,409,744,-335
111000121,312,801,-489
111000122,622,1702,-1080
111000123,1097,3371,-2274
111000124,536,3060,-2524
111000125,354,1682,-1328
111000126,128,841,-713
111000127,1075,223,852
111000128,2751,414,2337
111000129,3002,684,2318
111000130,2416,933,1483
111000131,1748,749,999
111000132,1407,950,457
111000133,235,198,37
111000134,158,160,-2
111000135,57,181,-124
111000136,317,308,9
111000138,16,6,10
111000140,2,14,-12
111000141,225,372,-147
111000142,20,128,-108
111000143,0,111,-111
111000144,45,303,-258
111000145,2064,15,2049
111000146,158,19,139
111000147,474,50,424
111000148,179,68,111
111000149,5,44,-39
111000150,20,11,9
111000151,3,31,-28
111000153,754,969,-215
111000154,851,271,580
111000155,74,238,-164
111000156,454,771,-317
111000157,288,1281,-993
111000158,1009,982,27
111000159,2880,834,2046
111000160,429,274,155
111000161,29,314,-285
111000162,119,226,-107
111000163,835,1313,-478
111000164,849,5654,-4805
111000165,1204,789,415
111000166,2675,539,2136
111000167,168,571,-403
111000168,261,564,-303
111000169,375,836,-461
111000170,599,503,96
111000171,573,884,-311
111000172,243,439,-196
111000173,372,905,-533
111000174,204,413,-209
111000175,46,398,-352
111000176,951,144,807
111000177,358,272,86
111000178,1205,367,838
111000179,218,284,-66
111000180,232,654,-422
111000181,1070,286,784
111000182,182,232,-50
111000183,908,358,550
111000184,419,253,166
111000185,423,437,-14
111000186,770,323,447
111000187,191,221,-30
111000188,246,377,-131
111000189,1199,746,453
111000190,188,443,-255
111000191,178,412,-234
111000192,214,577,-363
111000193,321,336,-15
111000194,53,350,-297
111000195,253,350,-97
111000196,45,185,-140
111000197,636,154,482
111000198,1665,141,1524
111000199,227,140,87
111000200,458,369,89
111000201,537,309,228
111000202,226,300,-74
111000203,318,569,-251
111000204,454,1168,-714
111000213,208,455,-247
111000214,2190,1657,533
111000215,1004,1460,-456
111000217,1529,1285,244
111000218,1415,1447,-32
111000219,452,219,233
111000220,1989,1532,457
111000221,897,129,768
111000224,1,215,-214
111000225,252,56,196
111000226,122,0,122
111000227,33,4,29
111000228,38,385,-347
111000229,53,927,-874
111000230,460,483,-23
111000231,1022,850,172
111000232,850,1114,-264
111000233,900,960,-60
111000234,169,518,-349
111000239,180,211,-31
111000240,50,232,-182
111000241,67,420,-353
111000242,190,69,121
111000243,395,724,-329
111000244,645,117,528
111000245,1983,531,1452
111000246,504,524,-20
111000247,317,922,-605
111000248,575,678,-103
111000249,480,755,-275
111000250,62,155,-93
111000251,63,164,-101
111000253,14,17,-3
111000255,19,13,6
111000257,48,32,16
111000260,128,1186,-1058
111000261,1220,163,1057
111000271,33,305,-272
111000273,4769,1908,2861
111000274,1294,2963,-1669
111000275,294,49,245
111000276,316,2231,-1915
111000277,226,473,-247
111000278,728,321,407
111000291,794,5875,-5081
111000298,704,299,405
111000299,611,205,406
111000300,185,638,-453
111000302,217,88,129
111000303,92,237,-145
111000312,80,76,4
111000315,0,47,-47
111000320,369,869,-500
111000321,491,120,371
111000322,376,579,-203
111000323,218,21,197
111000324,490,380,110
111000325,57,84,-27
111000326,180,368,-188
111000327,1165,515,650
111000328,278,603,-325
111000329,0,36,-36
111000330,65,5,60
111000331,72,8,64
111000332,588,1597,-1009
111000334,412,1525,-1113
111000335,1422,348,1074
111000337,1181,593,588
111000338,129,163,-34
111000339,808,501,307
111000340,525,701,-176
111000341,1160,760,400
111000342,193,669,-476
111000344,1273,856,417
111000345,300,53,247
111000346,23,103,-80
111000347,163,14,149
111000350,287,124,163
111000351,168,306,-138
111000352,184,109,75
111000353,120,287,-167
111000354,698,113,585
111000355,472,693,-221
111000358,344,1335,-991
111000360,210,722,-512
111000361,120,336,-216
111000546,1977,732,1245
111000547,541,580,-39
111000548,140,412,-272
111000549,369,460,-91
111000550,87,1046,-959
111000551,628,188,440
111000552,1929,127,1802
111000907,462,40,422
111000908,9,0,9
111000916,1654,441,1213
111000917,75,558,-483
111000918,206,904,-698
111000920,526,26,500
111000921,2,218,-216
111000922,590,355,235
111000924,102,822,-720
111000925,2597,2206,391
111000926,1187,1665,-478
111000927,3402,4681,-1279
111000928,4848,3866,982
111000929,2420,1740,680
111000930,1102,2659,-1557
111000931,2724,3496,-772
111000932,4942,3215,1727
111000933,3882,2938,944
111000934,2263,4451,-2188
111000935,1289,1488,-199
111000936,1096,2528,-1432
111000937,865,2017,-1152
111000938,1862,1825,37
111000939,443,31,412
111000940,461,172,289
111000941,651,509,142
111000943,395,414,-19
111000944,118,401,-283
111000945,145,1594,-1449
111001109,470,318,152
111001110,130,546,-416
111001111,69,14,55
111001112,143,40,103
111001113,1,141,-140
111001114,888,95,793
111001115,16,502,-486
111001116,5328,4065,1263
111001117,687,3102,-2415
111001120,86,399,-313
111001121,148,283,-135
111001122,26,269,-243
111001123,17,13,4
111900001,13,150,-137
111900002,31,794,-763
111900003,4,336,-332
111900004,106,159,-53
111900006,14,31,-17
111900007,101,9,92
111900008,219,8,211
111900009,184,236,-52
111900010,479,595,-116
111900012,82,118,-36
111900013,2,130,-128
111900014,5982,3551,2431
111900015,0,74,-74
111900016,1,120,-119
111900017,1,162,-161
111900018,253,11,242
111900019,2,185,-183
111900020,6,65,-59
111900021,50,143,-93
111900022,17,88,-71
111900023,161,120,41
111900024,0,77,-77
111900025,0,38,-38
111900026,2,118,-116
111900027,13,177,-164
111900028,1,430,-429
111900029,7,160,-153
111900030,66,424,-358
111900031,108,93,15
111900032,2,398,-396
111900033,11,114,-103
111900034,274,447,-173
111900035,115,264,-149
111900036,0,281,-281
111900038,351,652,-301
111900039,72,481,-409
111900040,3,552,-549
111900042,83,145,-62
111900043,0,368,-368
111900044,382,252,130
111900046,58,173,-115
111900048,207,694,-487
111900049,48,293,-245
111900050,129,64,65
111900051,0,219,-219
111900052,426,496,-70
111900053,1396,1602,-206
111900054,186,4,182
111900055,45,479,-434
111900056,291,381,-90
111900057,216,57,159
111900058,392,694,-302
111900059,1882,648,1234
111900060,490,6,484
111900061,11,262,-251
111900062,51,89,-38
111900063,475,255,220
111900064,113,285,-172
111900065,124,57,67
111900066,124,197,-73
111900067,0,442,-442
111900068,50,53,-3
111900069,70,62,8
111900070,160,171,-11
111900071,2,306,-304
111900072,47,20,27
111900073,798,139,659
111900074,17,229,-212
111900075,123,7,116
111900076,186,57,129
111900077,49,7,42
111900078,276,15,261
111900079,49,49,0
111900080,252,279,-27
111900081,741,241,500
111900082,130,32,98
111900083,112,16,96
111900084,143,16,127
111900085,78,179,-101
111900086,28,5,23
111900087,56,0,56
111900088,402,10,392
111900089,132,6,126
111900090,62,78,-16
111900091,225,3,222
111900092,96,0,96
111900093,373,8,365
111900094,144,0,144
111900095,326,55,271
111900096,152,3,149
111900097,60,0,60
111900098,183,0,183
111900099,80,0,80
111900100,168,6,162
111900101,116,22,94
111900102,909,575,334
111900103,86,76,10
111900104,251,86,165
111900105,447,447,0
111900106,1687,92,1595
111900107,124,155,-31
111900108,171,230,-59
111900109,485,485,0
111900110,2100,473,1627
111900111,250,170,80
111900112,671,2762,-2091
111900113,239,105,134
111900114,191,160,31
111900115,24,49,-25
111900118,283,104,179
111900119,374,180,194
111900122,189,82,107
111900123,29,51,-22
111900124,38,118,-80
111900125,551,28,523
111900126,266,6,260
111900127,8,659,-651
111900128,3,521,-518
111900129,332,14,318
111900130,353,44,309
111900131,459,4,455
111900132,28,1046,-1018
111900133,8,371,-363
111900134,15,252,-237
111900135,13,57,-44
111900136,86,198,-112
111900137,108,78,30
111900138,17,108,-91
111900139,18,157,-139
111900140,126,68,58
111900141,102,15,87
111900142,113,51,62
111900143,49,298,-249
111900144,0,68,-68
111900145,1,480,-479
111900146,6,304,-298
111900147,164,484,-320
111900148,75,646,-571
111900149,27,357,-330
111900150,8,198,-190
111900151,5,29,-24
111900152,96,114,-18
111900153,1820,560,1260
111900154,18,267,-249
111900155,55,77,-22
111900156,66,64,2
111900157,134,13,121
111900158,508,54,454
111900159,312,18,294
111900160,241,1,240
111900161,189,1,188
111900162,86,135,-49
111900163,38,195,-157
111900164,64,65,-1
111901113,442,249,193
111901114,901,249,652
111901115,108,9,99
111901116,84,7,77
111901117,39,41,-2
111901118,75,398,-323
111901119,843,181,662
111901120,130,246,-116
111901121,195,207,-12
111901122,9,468,-459
111901123,144,374,-230
111901124,117,2,115
111901125,264,148,116
111901126,98,65,33
111901127,629,474,155
111901128,19,110,-91
111901129,7,129,-122
111901130,14,191,-177
111901131,0,256,-256
111901132,151,16,135
111901133,31,1,30
111901134,61,19,42
111901135,18,6,12
111901136,24,44,-20
111901137,1,30,-29
111901138,267,56,211
111901139,25,26,-1
111901140,20,112,-92
111901141,18,138,-120
111901142,3,106,-103
111901143,5,87,-82
111901144,31,37,-6
112000001,1952,941,1011
112000002,763,2672,-1909
112000003,1500,1262,238
112000004,964,1231,-267
112000005,3729,4062,-333
112000006,2781,2564,217
112000007,2942,2153,789
112000008,2693,4053,-1360
112000009,3939,3676,263
112000010,3058,3793,-735
112000011,2137,2080,57
112000012,6716,5006,1710
112000013,6401,4606,1795
112000014,3715,2404,1311
112000015,4824,4464,360
112000016,9381,1888,7493
112000017,5003,3710,1293
112000024,3120,1461,1659
112000026,4315,5650,-1335
112000027,964,674,290
112000028,1846,1932,-86
112000029,639,926,-287
112000030,201,144,57
112000031,2055,5542,-3487
112000032,554,120,434
112000033,2668,2098,570
112000034,353,144,209
112000035,339,570,-231
112000036,1442,1303,139
112000037,3256,1086,2170
112000038,2186,1445,741
112000039,60,78,-18
112000040,124,399,-275
112000041,565,677,-112
112000042,1538,603,935
112000050,1429,2036,-607
112000051,1398,1484,-86
112000054,2029,2078,-49
112000057,716,597,119
112000058,542,908,-366
112000059,673,1125,-452
112000061,3667,2316,1351
112000062,1598,854,744
112000063,1126,1493,-367
112000064,4653,5652,-999
112000065,2274,2795,-521
112000066,3999,1781,2218
112000067,993,904,89
112000068,3619,2607,1012
112000069,981,2265,-1284
112000070,2301,982,1319
112000071,1279,3177,-1898
112000072,2588,1055,1533
112000073,2629,2945,-316
112000074,2402,1515,887
112000075,1647,1473,174
112000076,4397,3404,993
112000077,1613,713,900
112000078,2050,874,1176
112000079,1636,1722,-86
112000080,863,998,-135
112000081,1636,2992,-1356
112000082,1748,1058,690
112000083,598,1586,-988
112000084,1451,1088,363
112000085,1314,1278,36
112000086,2211,1723,488
112000087,490,511,-21
112000088,767,740,27
112000089,454,392,62
112000090,428,369,59
112000091,663,1244,-581
112000092,2035,1435,600
112000093,1798,1111,687
112000094,690,992,-302
112000095,669,1105,-436
112000096,624,712,-88
112000097,1309,1009,300
112000098,1300,1410,-110
112000099,886,1962,-1076
112000100,2146,982,1164
112000101,724,1247,-523
112000102,1261,598,663
112000103,371,1400,-1029
112000105,442,1907,-1465
112000106,1672,452,1220
112000107,34,445,-411
112000108,256,1752,-1496
112000109,90,129,-39
112000110,2043,787,1256
112000111,1735,4570,-2835
112000112,8238,791,7447
112000113,1091,2110,-1019
112000114,5290,1243,4047
112000115,532,558,-26
112000116,1084,1524,-440
112000117,1250,929,321
112000118,1602,1219,383
112000119,538,920,-382
112000120,101,460,-359
112000121,105,582,-477
112000122,298,253,45
112000123,773,231,542
112000124,356,111,245
112000125,246,376,-130
112000126,262,499,-237
112000127,3446,2762,684
112000128,1267,924,343
112000129,152,115,37
112000130,232,101,131
112000131,33,363,-330
112000132,175,281,-106
112000133,450,223,227
112000134,626,416,210
112000135,3788,855,2933
112000136,2769,1827,942
112000137,6151,2233,3918
112000138,7401,1627,5774
112000139,1063,576,487
112000140,1690,1366,324
112000141,856,317,539
112000142,195,796,-601
112000143,1125,258,867
112000144,374,1495,-1121
112000145,2580,803,1777
112000146,623,2307,-1684
112000147,2910,2014,896
112000148,1975,2528,-553
112000149,731,727,4
112000150,422,1011,-589
112000151,363,439,-76
112000152,385,607,-222
112000153,171,396,-225
112000154,157,441,-284
112000155,170,114,56
112000157,1090,703,387
112000158,322,593,-271
112000159,534,514,20
112000167,672,60,612
112000169,395,457,-62
112000173,933,336,597
112000175,616,532,84
112000176,3710,2644,1066
112000177,792,224,568
112000178,117,495,-378
112000179,266,142,124
112000180,264,531,-267
112000181,1603,2282,-679
112000182,1226,1854,-628
112000183,59,57,2
112000184,407,472,-65
112000185,556,787,-231
112000187,7867,5086,2781
112000195,275,36,239
112000196,322,1,321
112000197,233,242,-9
112000198,49,315,-266
112000199,176,1253,-1077
112000202,436,3,433
112000216,88,322,-234
112000230,133,2,131
112000231,2,294,-292
112000256,64,361,-297
112000313,109,261,-152
112000314,105,34,71
112000337,524,687,-163
112000352,547,447,100
112000392,1531,1418,113
112000398,1361,1143,218
112000399,2051,2777,-726
112000400,1999,4316,-2317
112000401,3781,3538,243
112000402,4449,3882,567
112000403,2646,3423,-777
112000404,799,1062,-263
112000405,2081,3329,-1248
112000406,3989,2967,1022
112000407,7618,10887,-3269
112000408,9954,8942,1012
112000409,1776,6166,-4390
112000410,586,304,282
112000411,4595,2708,1887
112000412,1898,838,1060
112000413,9866,6197,3669
112000414,93,106,-13
112000415,108,75,33
112000416,2647,1930,717
112000417,227,71,156
112000421,53,230,-177
112000422,466,492,-26
112000424,2452,3295,-843
112000425,482,823,-341
112000426,134,448,-314
112000427,1,22,-21
112000428,164,417,-253
112000429,2737,3066,-329
112000430,2818,3298,-480
112000431,71,196,-125
112000432,790,1449,-659
112000433,572,1153,-581
112000437,61,202,-141
112900001,55,1,54
112900002,443,1251,-808
112900003,75,414,-339
112900004,38,388,-350
112900005,263,241,22
112900006,8,407,-399
112900007,38,217,-179
112900008,2,76,-74
112900009,524,162,362
112900010,423,1177,-754
112900011,219,304,-85
112900012,2,52,-50
112900013,6,325,-319
112900014,11,562,-551
112900015,464,951,-487
112900016,5,300,-295
112900017,56,295,-239
112900018,0,336,-336
112900019,54,309,-255
112900020,426,1254,-828
112900021,2,242,-240
112900022,12,82,-70
112900023,3,200,-197
112900024,41,260,-219
112900025,163,324,-161
112900026,31,303,-272
112900027,10,1329,-1319
112900028,26,161,-135
112900029,10,564,-554
112900030,195,223,-28
112900031,15,585,-570
112900032,368,340,28
112900034,9,72,-63
112900035,8,484,-476
112900036,222,149,73
112900037,201,204,-3
112900038,809,268,541
112900039,31,355,-324
112900040,13,581,-568
112900041,1052,1342,-290
112900042,74,394,-320
112900043,33,61,-28
112900044,661,634,27
112900045,478,399,79
112900046,292,80,212
112900047,20,26,-6
112900049,228,134,94
112900050,61,577,-516
112900051,358,808,-450
112900052,7,1170,-1163
112900053,1959,200,1759
112900054,261,102,159
112900055,179,59,120
112900056,453,248,205
112900057,15,666,-651
112900058,389,364,25
112900059,298,189,109
112900060,34,241,-207
112900061,128,193,-65
112900062,90,195,-105
112900063,167,23,144
112900064,223,265,-42
112900065,72,25,47
112900066,401,173,228
112900067,574,227,347
112900068,66,23,43
112900069,2265,983,1282
112900071,35,8,27
112900072,188,2212,-2024
112900073,780,88,692
112900074,124,271,-147
112900075,1659,1024,635
112900076,102,40,62
112900078,308,520,-212
112900079,430,51,379
112900080,92,5,87
112900081,49,216,-167
112900082,614,31,583
112900083,166,96,70
112900084,263,141,122
112900085,2,24,-22
112900086,134,0,134
112900087,787,195,592
112900088,192,16,176
112900089,1270,58,1212
112900090,39,22,17
112900091,233,9,224
112900092,316,303,13
112900093,2024,29,1995
112900094,86,5,81
112900095,48,2,46
112900096,650,199,451
112900097,173,440,-267
112900098,264,3,261
112900099,791,16,775
112900100,109,2,107
112900101,729,14,715
112900102,440,20,420
112900103,251,3,248
112900104,37,0,37
112900105,17,0,17
112900106,503,197,306
112900107,12,0,12
112900108,27,0,27
112900109,129,3,126
112900110,1337,17,1320
112900111,766,5,761
112900112,359,7,352
112900113,0,8,-8
112900114,108,67,41
112900115,1176,4,1172
112900116,163,29,134
112900117,76,73,3
112900118,52,101,-49
112900119,208,10,198
112900120,927,359,568
112900121,146,261,-115
112900122,55,180,-125
112900123,149,25,124
112900124,16,145,-129
112900125,95,595,-500
112900126,263,307,-44
112900127,375,135,240
112900128,510,939,-429
112900129,3,1068,-1065
112900130,330,105,225
112900131,51,241,-190
112900132,345,495,-150
112900133,43,1335,-1292
112900134,2,354,-352
112900135,177,59,118
112900136,1,33,-32
112900137,2,538,-536
112900138,12,369,-357
112900139,274,1561,-1287
112900140,0,68,-68
112900141,841,87,754
112900142,142,172,-30
112900143,29,592,-563
112900144,2,270,-268
112900145,40,611,-571
112900146,5,1222,-1217
112900147,6,2055,-2049
112900148,51,0,51
112900149,385,579,-194
112900151,7,68,-61
112900152,3963,1152,2811
112900153,2415,2927,-512
112900154,0,140,-140
112900155,285,45,240
112900156,426,1878,-1452
112900157,180,17,163
112900158,82,47,35
112900159,284,143,141
112900160,103,366,-263
112900161,146,48,98
112900162,53,40,13
112900163,146,48,98
112900164,48,312,-264
112900165,805,62,743
112900166,34,72,-38
112900167,11,104,-93
112900168,4,1,3
112900169,17,13,4
112900170,164,121,43
112900172,63,20,43
112900173,307,132,175
112900174,316,56,260
112900175,204,186,18
112900176,14,52,-38
112900177,196,65,131
112900178,953,2918,-1965
112900179,34,483,-449
112900180,2387,1908,479
112900181,637,14,623
112900182,61,1351,-1290
112900183,230,346,-116
112900184,541,568,-27
112900185,486,788,-302
112900186,2091,1406,685
112900187,114,733,-619
112900188,961,641,320
112900189,13,35,-22
112900190,16,61,-45
112900192,762,736,26
112900193,1593,407,1186
112900194,50,119,-69
112900195,1291,73,1218
112900196,236,368,-132
112900197,321,470,-149
112900199,623,685,-62
112900200,552,295,257
112900201,161,121,40
112900202,390,1047,-657
112900203,248,335,-87
112900204,1223,826,397
112900205,13,24,-11
112900206,18,90,-72
112900207,19,0,19
112900208,92,294,-202
112900209,620,506,114
112900210,1,26,-25
112900211,150,123,27
112900212,0,85,-85
112900213,40,15,25
112900214,38,17,21
112900215,13,222,-209
112900216,50,87,-37
112900217,25,68,-43
112900218,100,25,75
112900219,314,44,270
112900220,10,0,10
112900221,40,170,-130
112900222,1,29,-28
112900223,1302,29,1273
112900224,308,587,-279
112900225,503,447,56
112900226,305,456,-151
112900227,827,1357,-530
112900228,54,48,6
112900229,197,89,108
112900230,8968,5357,3611
112900232,393,394,-1
112900233,83,241,-158
112900234,24,139,-115
112900235,140,44,96
112900236,308,28,280
112900237,174,251,-77
112900238,11,31,-20
113000001,6677,5334,1343
113000002,4001,4246,-245
113000003,2137,1825,312
113000004,2246,2699,-453
113000005,1868,1159,709
113000006,1250,1742,-492
113000007,2581,1480,1101
113000008,2069,2139,-70
113000009,1142,939,203
113000010,1592,1732,-140
113000011,839,1986,-1147
113000012,2177,890,1287
113000013,1644,851,793
113000014,1883,1998,-115
113000015,707,361,346
113000016,371,1020,-649
113000017,109,456,-347
113000018,558,81,477
113000019,213,321,-108
113000020,459,78,381
113000021,1669,645,1024
113000022,746,1274,-528
113000025,116,546,-430
113000026,362,662,-300
113000027,979,725,254
113000028,1356,708,648
113000029,990,693,297
113000030,598,815,-217
113000031,214,357,-143
113000032,338,277,61
113000033,455,490,-35
113000034,449,405,44
113000035,61,64,-3
113000036,33,84,-51
113000037,88,56,32
113000038,41,78,-37
113000039,90,379,-289
113000040,81,71,10
113000042,838,845,-7
113000051,1019,2606,-1587
113000052,2259,1135,1124
113000053,543,576,-33
113000054,377,835,-458
113000055,1342,727,615
113000056,1015,960,55
113000058,854,1114,-260
113000059,1357,988,369
113000060,189,672,-483
113000061,566,1107,-541
113000062,1078,290,788
113000063,198,136,62
113000064,39,462,-423
113000065,141,990,-849
113000066,709,146,563
113000067,2036,1630,406
113000068,407,1454,-1047
113000069,689,1304,-615
113000070,3091,1355,1736
113000071,796,742,54
113000072,771,615,156
113000073,599,1880,-1281
113000074,1109,659,450
113000075,2057,857,1200
113000076,724,2324,-1600
113000077,1502,673,829
113000078,930,3066,-2136
113000079,1153,911,242
113000080,856,718,138
113000081,1580,1011,569
113000082,2052,956,1096
113000083,670,972,-302
113000084,1826,1460,366
113000085,939,788,151
113000086,1469,1290,179
113000087,1872,1008,864
113000088,2814,1612,1202
113000089,1036,1935,-899
113000090,354,678,-324
113000091,760,417,343
113000094,1514,243,1271
113000095,279,996,-717
113000096,190,896,-706
113000097,1063,475,588
113000098,199,64,135
113000099,1057,477,580
113000100,216,438,-222
113000101,479,798,-319
113000102,659,488,171
113000103,2240,692,1548
113000104,545,2144,-1599
113000105,1018,583,435
113000106,617,889,-272
113000107,912,805,107
113000108,801,1511,-710
113000109,668,1824,-1156
113000110,1870,487,1383
113000111,147,619,-472
113000112,281,338,-57
113000113,1753,447,1306
113000114,349,1649,-1300
113000116,1001,359,642
113000117,999,177,822
113000118,162,712,-550
113000119,429,447,-18
113000120,101,281,-180
113000121,989,1152,-163
113000124,276,190,86
113000125,64,896,-832
113000127,3717,474,3243
113000128,517,734,-217
113000129,774,918,-144
113000133,2730,2488,242
113000134,17,1286,-1269
113000135,4280,5419,-1139
113000137,2494,3890,-1396
113000139,452,277,175
113000140,206,237,-31
113000141,657,268,389
113000142,1067,1621,-554
113000143,354,252,102
113000144,356,771,-415
113000145,76,243,-167
113000146,199,117,82
113000147,236,122,114
113000148,198,198,0
113000149,155,181,-26
113000150,722,359,363
113000151,98,65,33
113000152,45,133,-88
113000153,1756,714,1042
113000154,1076,1856,-780
113000155,453,705,-252
113000156,205,495,-290
113000157,343,1181,-838
113000158,871,325,546
113000159,1288,818,470
113000160,773,1457,-684
113000161,354,554,-200
113000162,1044,638,406
113000163,229,41,188
113000164,30,152,-122
113000166,152,138,14
113000167,65,135,-70
113000168,80,139,-59
113000169,188,135,53
113000170,65,150,-85
113000171,54,113,-59
113000172,299,77,222
113000173,71,26,45
113000174,122,483,-361
113000175,504,145,359
113000176,521,223,298
113000177,177,568,-391
113000178,234,431,-197
113000179,311,240,71
113000180,819,1222,-403
113000181,1157,1067,90
113000182,185,550,-365
113000183,180,634,-454
113000184,39,178,-139
113000189,616,1116,-500
113000190,1299,719,580
113000192,1740,2561,-821
113000193,4877,1318,3559
113000194,2436,1598,838
113000195,3408,1087,2321
113000196,163,127,36
113000197,2713,1207,1506
113000198,82,454,-372
113000199,1848,462,1386
113000201,260,297,-37
113000202,4063,1840,2223
113000203,282,157,125
113000204,1789,2362,-573
113000205,28,39,-11
113000206,8,54,-46
113000207,99,36,63
113000208,53,75,-22
113000209,13,33,-20
113000210,9,37,-28
113000211,165,210,-45
113000212,76,24,52
113000213,38,145,-107
113000214,149,313,-164
113000234,219,1121,-902
113000410,278,338,-60
113000411,3799,5699,-1900
113000412,7913,2890,5023
113000413,3511,3376,135
113000414,8567,19401,-10834
113000415,3083,4035,-952
113000416,11120,5742,5378
113000417,3299,4036,-737
113000418,5780,4010,1770
113000419,2336,2722,-386
113000420,5324,7359,-2035
113000421,4972,8075,-3103
113000422,15315,13118,2197
113000423,2678,6244,-3566
113000424,3922,9522,-5600
113000425,21,110,-89
113000428,113,41,72
113000430,12,102,-90
113000432,2318,199,2119
113000433,142,1053,-911
113000434,37,140,-103
113000435,29,825,-796
113000436,24,1508,-1484
113000437,1063,10,1053
113000438,279,11,268
113000439,25,142,-117
113000440,87,37,50
113000441,170,190,-20
113000442,132,197,-65
113000443,230,246,-16
113000444,185,193,-8
113000445,102,99,3
113000446,26,104,-78
113000448,133,231,-98
113000449,236,687,-451
113000450,646,1901,-1255
113000451,1049,167,882
113000452,388,357,31
113000453,54,344,-290
113000454,946,38,908
113000455,7,303,-296
113000456,4932,3520,1412
113000468,1982,368,1614
113000469,141,175,-34
113000470,486,32,454
113000471,19,370,-351
113000472,103,383,-280
113000474,554,608,-54
113000475,1735,2202,-467
113000476,1514,2286,-772
113000477,3496,2352,1144
113000478,4699,6568,-1869
113000479,390,261,129
113000480,127,196,-69
113000481,0,0,0
113000482,0,0,0
113000483,0,0,0
113000485,2,0,2
113000486,7,0,7
113000487,0,0,0
113000488,0,0,0
113000489,0,1,-1
113000490,0,0,0
113000491,4,1,3
113000492,0,4,-4
113000493,1,0,1
113000495,135,133,2
113000496,98,87,11
113000497,0,0,0
113000498,0,0,0
113000499,0,0,0
113000500,0,0,0
113900001,2,178,-176
113900002,0,116,-116
113900003,3,79,-76
113900004,1,54,-53
113900005,2,47,-45
113900006,3,16,-13
113900007,74,29,45
113900008,35,0,35
113900009,177,1,176
113900010,71,2,69
113900011,32,1,31
113900012,45,2,43
113900013,334,10,324
113900014,513,1,512
113900015,2,66,-64
113900016,43,0,43
113900017,2,92,-90
113900018,527,269,258
113900019,157,60,97
113900020,188,11,177
113900022,25,1,24
113900023,27,0,27
113900024,146,69,77
113900025,337,33,304
113900026,56,0,56
113900027,12,74,-62
113900028,29,558,-529
113900029,56,228,-172
113900030,219,6,213
113900031,21,2,19
113900032,36,0,36
113900033,83,76,7
113900035,62,1,61
113900036,25,181,-156
113900037,163,500,-337
113900038,37,106,-69
113900039,176,23,153
113900040,29,24,5
113900041,4,0,4
113900042,89,54,35
113900043,205,172,33
113900044,385,343,42
113900045,85,2,83
113900046,459,720,-261
113900047,52,121,-69
113900048,276,101,175
113900049,791,320,471
113900050,261,426,-165
113900051,213,448,-235
113900052,213,164,49
113900053,888,645,243
113900054,44,7,37
113900055,135,498,-363
113900056,41,185,-144
113900057,19,122,-103
113900058,81,186,-105
113900059,299,420,-121
113900060,260,255,5
113900061,1109,335,774
113900062,114,22,92
113900063,155,175,-20
113900064,29,163,-134
113900065,479,26,453
113900066,441,370,71
113900067,235,289,-54
113900068,583,483,100
113900069,78,22,56
113900070,211,644,-433
113900071,63,68,-5
113900072,97,233,-136
113900073,168,435,-267
113900074,146,307,-161
113900075,1515,1154,361
113900076,241,17,224
113900077,83,212,-129
113900078,55,71,-16
113900079,5,37,-32
113900080,691,282,409
113900081,96,279,-183
113900082,93,295,-202
113900083,307,440,-133
113900084,284,139,145
113900085,50,321,-271
113900086,41,16,25
113900087,99,288,-189
113900088,77,95,-18
113900089,567,53,514
113900090,759,449,310
113900091,43,22,21
113900092,47,75,-28
113900093,67,760,-693
113900094,502,545,-43
113900095,105,125,-20
113900096,352,111,241
113900097,47,121,-74
113900098,768,100,668
113900099,1,59,-58
113900100,0,4,-4
113900101,18,76,-58
113900102,141,208,-67
113900103,287,370,-83
113900104,175,228,-53
113900105,113,259,-146
113900106,1,64,-63
113900107,5,32,-27
113900108,266,305,-39
113900109,477,194,283
113900110,100,21,79
113900111,183,113,70
113900112,140,73,67
113900113,1194,636,558
113900114,3,101,-98
113900115,0,92,-92
113900116,165,194,-29
113900117,112,19,93
113900118,290,401,-111
113900119,247,593,-346
113900120,52,46,6
113900121,72,154,-82
113900122,498,2026,-1528
113900123,523,248,275
113900124,3,57,-54
113900125,1029,188,841
113900126,298,65,233
113900127,449,793,-344
113900128,137,70,67
113900129,15,138,-123
113900130,11,65,-54
113900131,280,108,172
113900132,52,63,-11
113900133,20,114,-94
113900135,244,383,-139
113900136,175,97,78
113900137,374,251,123
113900138,92,229,-137
113900139,392,173,219
113900140,375,472,-97
113900141,605,372,233
113900142,203,100,103
113900143,10,44,-34
113900144,367,308,59
113900145,618,243,375
113900146,167,71,96
113900148,156,333,-177
113900149,177,94,83
113900150,778,489,289
113900151,448,261,187
113900152,55,55,0
113900153,361,686,-325
113900154,10,175,-165
113900155,218,189,29
113900156,287,598,-311
113900157,55,333,-278
113900158,706,625,81
113900159,30,388,-358
113900160,973,708,265
113900161,62,256,-194
113900162,974,1009,-35
113900163,383,319,64
113900164,297,57,240
113900165,1332,593,739
113900166,344,210,134
113900167,281,51,230
113900168,153,126,27
113900169,258,429,-171
113900171,205,97,108
113900172,10,183,-173
113900173,91,686,-595
113900174,595,713,-118
113900175,396,183,213
113900176,644,821,-177
113900177,399,316,83
113900178,649,151,498
113900179,30,606,-576
113900180,230,128,102
113900181,700,174,526
113900182,1117,1366,-249
113900183,108,127,-19
113900184,9,625,-616
113900185,139,124,15
113900186,42,44,-2
113900187,45,198,-153
113900188,42,233,-191
113900189,301,164,137
113900190,350,146,204
113900191,153,365,-212
113900192,7,535,-528
113900193,30,309,-279
113900194,1668,1268,400
113900195,273,404,-131
113900196,25,179,-154
113900197,0,198,-198
113900198,43,239,-196
113900199,242,896,-654
113900200,25,302,-277
113900201,1,194,-193
113900202,35,343,-308
113900203,0,107,-107
113900204,54,566,-512
113900205,13,198,-185
113900206,11,171,-160
113900207,0,59,-59
113900208,1,95,-94
113900209,0,86,-86
113900210,671,1080,-409
113900211,252,72,180
113900212,204,491,-287
113900214,501,512,-11
113900215,51,157,-106
113900216,128,1046,-918
113900217,53,283,-230
113900218,255,76,179
113900219,120,502,-382
113900220,194,135,59
113900221,482,277,205
113900222,320,761,-441
113900223,172,1110,-938
113900224,77,88,-11
113900225,574,296,278
113900226,408,174,234
113900227,626,204,422
113900228,435,581,-146
113900229,78,879,-801
113900230,5133,4083,1050
113900231,239,263,-24
113900232,106,126,-20
113900233,148,108,40
113900234,360,565,-205
113900235,107,47,60
113900236,204,368,-164
113900237,229,15,214
113900238,289,580,-291
113900239,84,93,-9
113900240,9,191,-182
113900241,141,57,84
113900242,61,139,-78
113900243,153,475,-322
113900244,337,229,108
113900245,1486,421,1065
113900246,22,41,-19
113900247,182,575,-393
113900248,3310,2225,1085
113900249,1061,505,556
113900250,58,151,-93
113900251,682,267,415
113900252,579,29,550
113900253,819,69,750
113900254,1061,177,884
113900255,490,41,449
113900256,372,29,343
113900257,48,577,-529
113900258,25,546,-521
113900259,543,252,291
113900260,196,26,170
113900261,62,107,-45
113900262,148,499,-351
113900263,179,706,-527
113900264,16,433,-417
113900265,253,406,-153
113900266,24,212,-188
113900267,118,642,-524
113900268,440,568,-128
113900269,70,218,-148
113900270,491,1013,-522
113900271,797,1451,-654
113900273,110,22,88
113900274,84,34,50
113900275,45,137,-92
113900276,2,189,-187
113900277,152,7,145
113900278,357,244,113
113900279,136,114,22
113900280,1779,691,1088
113900281,696,1568,-872
113900282,948,797,151
113900283,424,665,-241
113900284,1013,315,698
113900285,181,72,109
113900286,105,132,-27
113900287,61,74,-13
113900288,9,152,-143
113900289,1072,109,963
113900290,314,185,129
113900291,151,248,-97
113900292,14,9,5
113900293,0,329,-329
113900294,459,20,439
113900295,532,496,36
113900296,2251,503,1748
113900297,2741,62,2679
113900298,14,1918,-1904
113900299,66,162,-96
113900300,5727,3767,1960
113900301,840,455,385
113900302,3093,1106,1987
113900303,631,511,120
113900304,5,143,-138
113900305,116,2,114
113900306,45,0,45
113900307,115,2,113
113900308,117,120,-3
113900309,5,873,-868
113900310,1,17,-16
113900311,4,0,4
113900312,205,237,-32
113900313,18,9,9
114000001,1215,3259,-2044
114000002,303,343,-40
114000003,47,333,-286
114000004,278,338,-60
114000005,273,248,25
114000006,2620,2314,306
114000007,924,1514,-590
114000008,1488,2011,-523
114000009,728,296,432
114000011,2873,3132,-259
114000012,2828,2281,547
114000013,1895,1811,84
114000014,604,364,240
114000015,1791,483,1308
114000016,210,365,-155
114000017,114,317,-203
114000018,257,82,175
114000026,1792,1479,313
114000027,3225,2490,735
114000028,2914,3073,-159
114000038,315,202,113
114000039,155,69,86
114000040,100,220,-120
114000042,124,175,-51
114000043,69,177,-108
114000044,207,77,130
114000045,58,72,-14
114000046,4643,5371,-728
114000047,28,87,-59
114000048,109,44,65
114000049,1717,1699,18
114000050,1515,2195,-680
114000051,3096,2053,1043
114000052,5347,1769,3578
114000053,128,657,-529
114000054,318,1082,-764
114000055,394,38,356
114000056,1570,1068,502
114000057,6220,2664,3556
114000058,738,1644,-906
114000059,391,340,51
114000060,657,852,-195
114000061,3311,3099,212
114000062,3048,1721,1327
114000063,3205,2000,1205
114000064,7800,4374,3426
114000065,2024,2896,-872
114000066,453,712,-259
114000067,39,729,-690
114000068,555,800,-245
114000069,1037,746,291
114000070,2558,1918,640
114000071,816,665,151
114000072,496,281,215
114000073,66,77,-11
114000074,42,19,23
114000075,57,132,-75
114000076,34,123,-89
114000077,7,47,-40
114000078,580,867,-287
114000079,133,39,94
114000080,102,112,-10
114000081,63,102,-39
114000082,53,532,-479
114000083,111,295,-184
114000084,370,111,259
114000085,147,745,-598
114000086,245,382,-137
114000087,124,165,-41
114000088,45,51,-6
114000089,1064,472,592
114000090,864,1078,-214
114000091,1795,909,886
114000092,1200,565,635
114000093,1600,926,674
114000094,396,408,-12
114000095,250,162,88
114000096,160,474,-314
114000097,151,760,-609
114000098,542,106,436
114000099,605,571,34
114000100,1505,853,652
114000101,452,1017,-565
114000102,454,419,35
114000103,185,394,-209
114000104,97,314,-217
114000105,175,96,79
114000106,988,1116,-128
114000107,423,149,274
114000108,1542,1263,279
114000109,510,1068,-558
114000110,696,1739,-1043
114000111,1955,1070,885
114000112,446,1760,-1314
114000113,953,465,488
114000114,1599,1529,70
114000115,2221,1221,1000
114000116,1419,1613,-194
114000117,3122,570,2552
114000118,2539,610,1929
114000119,1645,472,1173
114000120,578,1021,-443
114000121,371,863,-492
114000122,433,387,46
114000123,1985,640,1345
114000124,878,393,485
114000125,949,1561,-612
114000126,3323,261,3062
114000127,380,208,172
114000128,862,457,405
114000130,606,615,-9
114000131,358,161,197
114000132,678,631,47
114000133,1153,1567,-414
114000134,63,205,-142
114000138,47,232,-185
114000139,504,349,155
114000144,988,637,351
114000145,110,224,-114
114000146,101,332,-231
114000147,1646,1913,-267
114000148,2300,2202,98
114000149,356,407,-51
114000150,688,694,-6
114000151,809,1320,-511
114000152,160,41,119
114000153,837,2509,-1672
114000154,809,861,-52
114000155,1915,2310,-395
114000156,862,745,117
114000157,334,1184,-850
114000158,1787,899,888
114000159,186,504,-318
114000160,140,602,-462
114000161,1563,3519,-1956
114000162,1148,2657,-1509
114000163,13,121,-108
114000165,697,325,372
114000166,1088,546,542
114000167,3497,1838,1659
114000168,915,966,-51
114000169,1775,1407,368
114000170,1512,1639,-127
114000171,1090,3257,-2167
114000174,284,631,-347
114000176,650,594,56
114000177,2356,1191,1165
114000178,75,58,17
114000179,1337,854,483
114000180,518,920,-402
114000181,2061,3913,-1852
114000182,3371,2757,614
114000183,1261,1273,-12
114000184,4819,1485,3334
114000185,1734,986,748
114000189,1076,146,930
114000190,2936,342,2594
114000191,56,73,-17
114000192,364,1757,-1393
114000193,835,3329,-2494
114000194,1264,1296,-32
114000195,152,29,123
114000196,4,241,-237
114000197,1110,34,1076
114000198,906,423,483
114000199,2331,1946,385
114000200,649,1886,-1237
114000201,138,977,-839
114000202,1554,792,762
114000203,466,746,-280
114000204,187,455,-268
114000205,279,1726,-1447
114000206,702,1424,-722
114000207,775,2260,-1485
114000208,514,3108,-2594
114000209,706,2756,-2050
114000210,291,1554,-1263
114000211,955,2704,-1749
114000212,834,963,-129
114000213,1345,620,725
114000214,127,240,-113
114000215,225,123,102
114000216,1586,500,1086
114000217,300,295,5
114000218,135,295,-160
114000219,1172,283,889
114000220,27,900,-873
114000221,888,253,635
114000222,180,1100,-920
114000223,534,164,370
114000224,142,717,-575
114000225,274,654,-380
114000226,153,262,-109
114000227,841,623,218
114000228,959,898,61
114000229,1114,1515,-401
114000230,1926,1450,476
114000231,940,1344,-404
114000232,804,204,600
114000233,2304,177,2127
114000234,1143,1143,0
114000235,985,1634,-649
114000236,0,500,-500
114000237,114,946,-832
114000238,268,211,57
114000239,280,1189,-909
114000240,1003,871,132
114000241,302,1048,-746
114000242,1074,920,154
114000243,1909,918,991
114000244,1587,544,1043
114000245,445,681,-236
114000246,145,46,99
114000247,1897,842,1055
114000248,2474,655,1819
114000249,480,741,-261
114000250,634,972,-338
114000251,429,325,104
114000252,74,112,-38
114000253,69,168,-99
114000254,53,81,-28
114000255,631,207,424
114000256,2133,2446,-313
114000257,430,1525,-1095
114000258,591,554,37
114000259,287,236,51
114000260,0,43,-43
114000261,37,36,1
114000262,267,156,111
114000263,17,4,13
114000264,1303,637,666
114000265,0,14,-14
114000267,4,2195,-2191
114000268,0,1679,-1679
114000270,179,21,158
114000271,511,102,409
114000283,1642,507,1135
114000285,61,216,-155
114000288,89,293,-204
114000289,1301,170,1131
114000293,212,542,-330
114000294,181,306,-125
114000395,1986,48,1938
114000396,581,532,49
114000402,516,302,214
114000403,265,454,-189
114000405,143,514,-371
114000423,383,459,-76
114000424,574,243,331
114000425,803,531,272
114000426,286,934,-648
114000427,63,78,-15
114000428,166,185,-19
114000429,6,276,-270
114000432,86,112,-26
114000434,46,102,-56
114000435,13,226,-213
114900001,793,1167,-374
114900002,1351,170,1181
114900003,669,1468,-799
114900004,270,403,-133
114900005,509,866,-357
114900006,143,82,61
114900007,376,16,360
114900008,172,112,60
114900010,2029,1736,293
114900011,231,171,60
114900013,219,159,60
114900015,78,493,-415
114900018,907,34,873
114900020,181,60,121
114900021,278,330,-52
114900022,56,712,-656
114900024,245,158,87
114900025,455,241,214
114900026,50,161,-111
114900027,215,248,-33
114900029,25,35,-10
114900030,366,248,118
114900031,327,34,293
114900032,438,61,377
114900033,1206,711,495
114900034,67,199,-132
114900035,190,343,-153
114900036,294,745,-451
114900037,136,231,-95
114900038,214,752,-538
114900039,541,584,-43
114900040,109,153,-44
114900041,647,593,54
114900042,678,782,-104
114900043,666,340,326
114900044,335,58,277
114900045,201,413,-212
114900046,72,136,-64
114900047,271,1823,-1552
114900048,137,299,-162
114900049,9,200,-191
114900050,46,398,-352
114900051,22,415,-393
114900052,175,302,-127
114900053,230,325,-95
114900054,45,175,-130
114900057,251,17,234
114900058,0,88,-88
114900059,72,59,13
114900060,1374,906,468
114900061,155,181,-26
114900062,315,444,-129
114900063,60,254,-194
114900064,1339,655,684
114900065,406,729,-323
114900067,266,506,-240
114900068,76,192,-116
114900069,197,171,26
114900070,548,482,66
114900072,3,401,-398
114900073,4,211,-207
114900074,621,768,-147
114900075,365,26,339
114900076,13,444,-431
114900080,2094,453,1641
114900082,3714,1923,1791
114900083,1663,1372,291
114900084,86,58,28
114900090,355,240,115
114900091,203,257,-54
114900095,405,143,262
114900096,522,762,-240
114900097,141,1,140
114900098,6,248,-242
114900099,295,8,287
115000001,6751,4811,1940
115000002,3902,4370,-468
115000003,6155,4022,2133
115000004,3942,6834,-2892
115000005,2005,2619,-614
115000006,1047,1847,-800
115000007,82,182,-100
115000008,370,530,-160
115000009,155,309,-154
115000010,318,218,100
115000013,99,204,-105
115000015,69,286,-217
115000016,329,355,-26
115000019,66,541,-475
115000020,102,960,-858
115000021,301,615,-314
115000022,617,557,60
115000023,402,694,-292
115000024,1404,659,745
115000025,935,882,53
115000026,173,532,-359
115000027,312,425,-113
115000028,331,1144,-813
115000029,689,132,557
115000030,1193,1310,-117
115000031,1452,603,849
115000032,19,329,-310
115000033,230,59,171
115000034,149,1274,-1125
115000035,1307,83,1224
115000036,1,489,-488
115000037,662,12,650
115000038,51,198,-147
115000039,3972,3898,74
115000040,8870,3768,5102
115000041,1442,3525,-2083
115000042,1326,802,524
115000043,4270,2542,1728
115000044,4174,4847,-673
115000045,2895,2241,654
115000046,2279,2658,-379
115000047,2237,1806,431
115000048,1634,3051,-1417
115000049,1808,4037,-2229
115000050,3628,2625,1003
115000051,1764,3071,-1307
115000052,2514,1922,592
115000053,1823,1780,43
115000054,789,1520,-731
115000055,214,563,-349
115000056,287,747,-460
115000057,671,964,-293
115000058,673,316,357
115000059,376,203,173
115000061,228,182,46
115000062,169,316,-147
115000063,371,349,22
115000064,300,172,128
115000065,50,476,-426
115000067,215,29,186
115000069,86,375,-289
115000070,53,1275,-1222
115000071,168,28,140
115000072,13,126,-113
115000073,1519,78,1441
115000075,98,98,0
115000076,4057,3596,461
115000077,3826,2852,974
115000078,1470,1553,-83
115000079,1978,2217,-239
115000080,2860,2939,-79
115000081,578,1314,-736
115000082,4150,4277,-127
115000083,2339,2978,-639
115000084,2371,1350,1021
115000085,825,1456,-631
115000086,1146,1052,94
115000087,515,1765,-1250
115000088,2044,887,1157
115000089,1611,1513,98
115000090,650,1057,-407
115000091,270,1054,-784
115000092,543,390,153
115000093,582,9,573
115000094,7745,6282,1463
115000095,5306,6595,-1289
115000096,771,1756,-985
115000097,875,1012,-137
115000098,1181,933,248
115000099,2605,3304,-699
115000100,1007,482,525
115000101,525,1774,-1249
115000102,462,321,141
115000103,366,737,-371
115000105,63,165,-102
115000106,564,358,206
115000107,236,559,-323
115000108,3745,2889,856
115000109,5085,5058,27
115000110,1996,1559,437
115000111,833,2272,-1439
115000112,897,873,24
115000113,899,1174,-275
115000114,2301,1063,1238
115000116,5088,2913,2175
115000117,4935,4463,472
115000118,4070,2035,2035
115000119,4122,3118,1004
115000120,738,1567,-829
115000121,2051,1341,710
115000122,5896,2502,3394
115000123,2140,2889,-749
115000124,1210,1084,126
115000125,664,710,-46
115000126,262,435,-173
115000127,510,178,332
115000128,606,952,-346
115000129,370,408,-38
115000130,458,932,-474
115000131,958,311,647
115000132,467,485,-18
115000133,715,340,375
115000134,707,352,355
115000135,492,213,279
115000136,335,327,8
115000137,162,217,-55
115000138,320,315,5
115000139,229,295,-66
115000140,429,259,170
115000141,217,358,-141
115000142,204,346,-142
115000143,747,693,54
115000144,607,104,503
115000145,262,429,-167
115000146,789,346,443
115000147,714,523,191
115000148,324,1254,-930
115000149,597,315,282
115000150,901,1055,-154
115000151,1116,707,409
115000152,960,1291,-331
115000153,1123,853,270
115000154,740,446,294
115000155,813,1173,-360
115000156,1262,845,417
115000157,1087,1029,58
115000158,1023,460,563
115000159,926,735,191
115000160,717,676,41
115000161,552,623,-71
115000162,922,965,-43
115000163,683,805,-122
115000164,1005,660,345
115000165,480,629,-149
115000167,167,101,66
115000168,681,417,264
115000169,666,500,166
115000170,151,176,-25
115000171,279,281,-2
115000172,1734,1004,730
115000173,457,616,-159
115000174,670,651,19
115000175,451,521,-70
115000176,329,203,126
115000177,242,183,59
115000178,54,323,-269
115000179,49,58,-9
115000180,157,690,-533
115000181,666,204,462
115000182,1131,457,674
115000183,475,988,-513
115000186,750,348,402
115000187,258,868,-610
115000188,563,597,-34
115000189,291,503,-212
115000190,751,473,278
115000191,270,581,-311
115000194,216,235,-19
115000195,389,368,21
115000196,307,146,161
115000197,468,311,157
115000198,376,246,130
115000199,299,226,73
115000200,442,168,274
115000201,176,437,-261
115000206,795,105,690
115000207,151,442,-291
115000208,541,770,-229
115000209,1188,518,670
115000210,206,151,55
115000211,433,295,138
115000212,1726,427,1299
115000218,126,147,-21
115000219,53,63,-10
115000224,514,61,453
115000225,60,99,-39
115000229,201,169,32
115000230,150,478,-328
115000231,301,1734,-1433
115000232,1679,277,1402
115000233,133,221,-88
115000234,19,308,-289
115000241,75,302,-227
115000242,102,308,-206
115000243,39,236,-197
115000244,8,139,-131
115000246,36,31,5
115000247,63,16,47
115000248,21,31,-10
115000249,43,28,15
115000250,281,47,234
115000251,245,244,1
115000252,160,313,-153
115000253,34,494,-460
115000258,306,249,57
115000259,407,209,198
115000261,21,23,-2
115000262,20,19,1
115000263,10,41,-31
115000264,39,34,5
115000267,94,72,22
115000268,42,144,-102
115000269,143,97,46
115000270,77,25,52
115000272,67,193,-126
115000273,547,55,492
115000274,463,311,152
115000280,2593,218,2375
115000281,736,624,112
115000282,2286,862,1424
115000284,388,235,153
115000296,1370,19,1351
115000297,292,133,159
115000298,147,433,-286
115000300,213,241,-28
115000302,626,188,438
115000303,774,139,635
115000304,819,125,694
115000305,130,840,-710
115000306,231,331,-100
115000307,211,168,43
115000308,31,19,12
115000310,904,1235,-331
115000311,854,1421,-567
115000313,157,729,-572
115000314,516,152,364
115000315,953,392,561
115000316,73,170,-97
115000317,261,606,-345
115000318,882,357,525
115000319,54,360,-306
115000320,21,450,-429
115000321,435,19,416
115000322,36,252,-216
115000449,388,182,206
115000557,48,1075,-1027
115000558,459,103,356
115000587,517,505,12
115000588,2675,3411,-736
115000589,3671,2751,920
115000590,1376,1614,-238
115000591,1967,807,1160
115000592,744,1935,-1191
115000593,1720,722,998
115000594,1303,2441,-1138
115000609,132,178,-46
115000617,2485,3931,-1446
115000624,227,40,187
115000633,582,2523,-1941
115000634,3181,1168,2013
115000635,501,185,316
115000638,874,805,69
115000641,59,122,-63
115000642,406,389,17
115000643,137,616,-479
115000644,140,610,-470
115000646,1099,2004,-905
115000647,269,630,-361
115000648,1872,2420,-548
115000893,3682,1628,2054
115000894,184,1290,-1106
115000895,359,832,-473
115000896,1083,336,747
115000897,755,144,611
115000898,1047,239,808
115000899,574,1067,-493
115000900,151,421,-270
115000901,64,108,-44
115000912,384,98,286
115000913,1,20,-19
115000915,26,1,25
115000916,45,24,21
115000917,0,20,-20
115000918,234,648,-414
115000919,7,17,-10
115000920,29,58,-29
115000921,754,167,587
115000922,860,684,176
115000923,360,878,-518
115000925,106,89,17
115000927,35,52,-17
115000933,169,179,-10
115900001,98,37,61
115900002,112,161,-49
115900003,245,154,91
115900004,1,45,-44
115900005,139,10,129
115900006,216,297,-81
115900008,57,14,43
115900009,126,302,-176
115900010,388,197,191
115900011,795,368,427
115900012,162,77,85
115900013,486,229,257
115900014,147,202,-55
115900015,146,73,73
115900016,135,30,105
115900017,24,14,10
115900018,170,86,84
115900019,879,41,838
115900020,78,2,76
115900021,2062,565,1497
115900022,976,26,950
115900023,110,10,100
115900025,61,210,-149
115900026,1151,319,832
115900027,1,364,-363
115900028,990,82,908
115900029,29,526,-497
115900030,78,28,50
115900031,377,434,-57
115900032,634,858,-224
115900033,1,89,-88
115900034,30,493,-463
115900035,32,34,-2
115900036,80,710,-630
115900037,83,440,-357
115900038,57,14,43
115900039,198,253,-55
115900041,508,691,-183
115900042,15,13,2
115900043,142,90,52
115900044,415,388,27
115900046,242,347,-105
115900047,218,146,72
115900049,161,260,-99
115900051,3,54,-51
115900052,7,216,-209
115900053,242,251,-9
115900054,271,77,194
115900055,31,136,-105
115900056,226,410,-184
115900057,39,28,11
115900058,34,84,-50
115900060,198,264,-66
115900061,243,2,241
115900062,51,301,-250
115900063,84,11,73
115900064,201,331,-130
115900065,139,193,-54
115900066,195,153,42
115900067,23,684,-661
115900068,3266,857,2409
115900069,81,194,-113
115900070,153,295,-142
115900071,2,509,-507
115900072,59,182,-123
115900073,86,79,7
115900074,5,339,-334
115900075,67,269,-202
115900076,9,65,-56
115900077,7,298,-291
115900078,190,156,34
115900079,274,30,244
115900080,423,283,140
115900081,19,84,-65
115900082,153,208,-55
115900084,536,49,487
115900085,84,93,-9
115900086,1726,734,992
115900088,28,62,-34
115900089,311,802,-491
115900090,370,35,335
115900091,37,39,-2
115900092,31,190,-159
115900093,12,27,-15
115900094,3,356,-353
115900096,7,32,-25
115900097,11,399,-388
115900098,169,451,-282
115900099,261,78,183
115900100,27,553,-526
115900101,112,314,-202
115900102,98,70,28
115900103,322,209,113
115900104,73,104,-31
115900105,283,717,-434
115900106,60,51,9
115900107,148,120,28
115900108,120,71,49
115900109,63,458,-395
115900110,1,34,-33
115900111,1,120,-119
115900112,48,1049,-1001
115900113,53,54,-1
115900114,2,162,-160
115900115,98,225,-127
115900116,96,1071,-975
115900117,60,34,26
115900118,3,264,-261
115900119,151,141,10
115900120,33,381,-348
115900121,165,387,-222
115900124,704,791,-87
115900125,295,73,222
115900126,645,120,525
115900127,862,87,775
115900128,14,462,-448
115900129,1003,75,928
115900130,39,206,-167
115900131,869,52,817
115900132,667,12,655
115900134,387,24,363
115900135,593,1230,-637
115900137,43,5,38
115900139,187,207,-20
115900140,249,52,197
115900141,37,141,-104
115900142,75,93,-18
115900143,191,345,-154
115900144,75,272,-197
115900146,22,102,-80
115900147,328,310,18
115900148,87,14,73
115900149,63,28,35
115900150,87,27,60
115900151,21,118,-97
115900152,140,349,-209
115900153,154,230,-76
115900154,532,437,95
115900155,0,67,-67
115900156,782,1060,-278
115900157,173,548,-375
115900158,20,10,10
115900159,133,263,-130
115900160,7,12,-5
115900161,143,228,-85
115900163,238,175,63
115900164,578,40,538
115900165,3,132,-129
115900166,201,189,12
115900168,59,230,-171
115900171,160,482,-322
115900172,60,165,-105
115900173,235,202,33
115900174,267,288,-21
115900175,140,332,-192
115900178,6,727,-721
115900179,304,21,283
115900180,50,191,-141
115900181,162,273,-111
115900182,467,315,152
115900183,267,179,88
115900184,1998,16,1982
115900187,21,130,-109
115900189,2,347,-345
115900190,975,1420,-445
115900191,37,430,-393
115900192,21,112,-91
115900193,551,133,418
115900194,759,84,675
115900195,709,2262,-1553
115900198,243,376,-133
115900199,184,311,-127
115900200,438,496,-58
115900201,580,451,129
115900202,1,75,-74
115900203,10,10,0
115900204,0,6,-6
115900205,80,46,34
115900206,156,219,-63
115900207,24,31,-7
115900208,217,181,36
115900209,3,145,-142
115900210,8,178,-170
115900211,4,276,-272
115900212,116,337,-221
115900213,237,89,148
115900214,517,416,101
115900215,21,115,-94
115900216,22,138,-116
115900217,49,44,5
115900218,30,42,-12
115900219,69,3,66
115900220,144,29,115
115900221,79,25,54
115900222,75,29,46
115900223,7,345,-338
115900224,1324,1087,237
115900225,78,55,23
115900226,43,63,-20
115900227,9,45,-36
115900228,11,44,-33
115900229,5,75,-70
115900230,27,125,-98
115900231,122,4,118
115900232,47,2,45
115900233,88,20,68
115900234,53,46,7
115900235,45,37,8
115900236,225,63,162
115900237,73,34,39
115900238,169,28,141
115900239,30,43,-13
115900240,18,60,-42
115900241,300,178,122
115900242,290,363,-73
115900243,19,26,-7
115900244,34,36,-2
115900245,7,14,-7
115900246,23,5,18
115900247,52,12,40
115900248,19,3,16
115900249,4,20,-16
115900250,11,67,-56
115900251,1,20,-19
115900252,3,2,1
115900253,13,27,-14
115900254,13,39,-26
115900255,6,15,-9
115900256,22,23,-1
115900257,3,7,-4
115900258,0,1,-1
115900259,7,2,5
115900260,12,1,11
115900261,20,6,14
115900262,6,1,5
115900263,12,3,9
115900264,17,5,12
115900265,2,7,-5
115900266,6,27,-21
115900267,8,14,-6
115900268,10,16,-6
115900269,385,516,-131
115900270,475,421,54
116000001,14354,5700,8654
116000002,5797,11500,-5703
116000003,1961,1921,40
116000004,2567,4066,-1499
116000005,3758,3644,114
116000006,2919,2679,240
116000007,5232,4185,1047
116000008,7921,2535,5386
116000009,2273,3114,-841
116000010,2365,1781,584
116000011,1163,2573,-1410
116000012,1871,1188,683
116000013,10458,5292,5166
116000014,14022,10808,3214
116000015,499,1685,-1186
116000016,7581,3882,3699
116000017,39,832,-793
116000018,949,408,541
116000019,1238,390,848
116000020,766,1128,-362
116000021,457,304,153
116000022,428,403,25
116000023,1140,822,318
116000024,919,1042,-123
116000025,876,880,-4
116000026,2360,3114,-754
116000027,1136,745,391
116000028,548,809,-261
116000029,978,929,49
116000030,917,477,440
116000031,295,409,-114
116000032,211,194,17
116000033,211,275,-64
116000034,811,637,174
116000035,307,835,-528
116000036,2905,1917,988
116000037,979,846,133
116000038,591,527,64
116000039,687,510,177
116000040,974,363,611
116000041,257,651,-394
116000042,742,355,387
116000043,163,1133,-970
116000044,8,52,-44
116000045,2271,1589,682
116000046,1316,2033,-717
116000047,1895,2437,-542
116000048,2131,1970,161
116000049,1402,3309,-1907
116000050,1608,1635,-27
116000051,7169,3216,3953
116000052,6542,6161,381
116000053,2136,994,1142
116000054,784,3095,-2311
116000055,711,1142,-431
116000056,856,1134,-278
116000057,3765,2253,1512
116000058,4166,3327,839
116000059,4444,5958,-1514
116000060,2535,1128,1407
116000061,407,921,-514
116000062,712,308,404
116000063,617,1099,-482
116000066,302,673,-371
116000067,313,482,-169
116000068,265,354,-89
116000069,371,574,-203
116000078,556,1350,-794
116000080,2301,1248,1053
116000082,10,84,-74
116000083,1621,464,1157
116000084,2705,4475,-1770
116000085,2384,2216,168
116000086,2105,1371,734
116000087,1821,1650,171
116000088,779,1278,-499
116000089,212,115,97
116000090,109,158,-49
116000091,761,188,573
116000093,1111,591,520
116000094,874,858,16
116000095,957,704,253
116000096,809,1949,-1140
116000097,1555,896,659
116000098,36,6896,-6860
116000099,7380,290,7090
116000100,308,25,283
116000101,937,1152,-215
116000102,252,1711,-1459
116000103,511,362,149
116000104,276,1702,-1426
116000105,1260,239,1021
116000106,867,1010,-143
116000107,3721,469,3252
116000108,553,161,392
116000111,155,44,111
116000113,184,130,54
116000114,44,207,-163
116000115,382,144,238
116000116,378,763,-385
116000117,1556,2235,-679
116000118,1497,1645,-148
116000119,3762,2047,1715
116000120,3348,5417,-2069
116000121,918,574,344
116000122,1317,2249,-932
116000123,1023,516,507
116000124,431,1281,-850
116000125,3234,994,2240
116000126,354,1940,-1586
116000127,1131,1608,-477
116000128,1864,1072,792
116000129,1285,255,1030
116000130,514,488,26
116000133,987,1020,-33
116000134,1985,2784,-799
116000135,2663,1620,1043
116000136,1474,2534,-1060
116000137,1133,748,385
116000138,1233,768,465
116000139,2456,2446,10
116000140,149,219,-70
116000141,323,713,-390
116000142,3601,3308,293
116000143,1871,1802,69
116000144,1791,2481,-690
116000145,1631,1421,210
116000146,492,267,225
116000147,230,154,76
116000148,519,578,-59
116000149,754,883,-129
116000151,657,630,27
116000153,138,436,-298
116000155,232,309,-77
116000156,1083,1422,-339
116000157,50,13,37
116000158,232,404,-172
116000159,19,5,14
116000160,20,99,-79
116000161,8,159,-151
116000162,148,99,49
116000163,30,16,14
116000164,16,23,-7
116000177,642,96,546
116000194,102,586,-484
116000195,1599,777,822
116000196,42,15,27
116000197,12,11,1
116000198,3020,1398,1622
116000200,841,439,402
116000201,790,789,1
116000202,6,318,-312
116000203,3,115,-112
116000204,27,70,-43
116000205,0,174,-174
116000206,2,104,-102
116000207,8,64,-56
116000233,254,600,-346
116000287,215,532,-317
116000288,231,256,-25
116000292,76,181,-105
116000296,30,193,-163
116000297,89,23,66
116000304,309,15,294
116000305,17,259,-242
116000346,214,115,99
116000352,115,44,71
116000354,52,9,43
116000357,29,33,-4
116000358,432,55,377
116000361,101,1,100
116000372,5781,3761,2020
116000381,109,0,109
116000388,0,63,-63
116000389,1184,805,379
116000445,427,628,-201
116000446,584,751,-167
116000447,20,623,-603
116000448,535,293,242
116000563,1587,1162,425
116000565,64,518,-454
116000568,103,462,-359
116000579,56,182,-126
116000584,14,12,2
116000585,41,18,23
116000586,123,177,-54
116000587,454,610,-156
116000589,53,145,-92
116000590,159,138,21
116000591,265,268,-3
116000592,7,150,-143
116000593,0,27,-27
116000594,621,543,78
116000595,818,199,619
116000596,87,10,77
116000597,424,91,333
116000598,25,217,-192
116000602,83,494,-411
116000605,935,192,743
116000606,139,313,-174
116000607,9,75,-66
116000609,220,911,-691
116000611,168,604,-436
116000612,791,2039,-1248
116000613,587,390,197
116000614,467,709,-242
116000615,32,465,-433
116000616,74,106,-32
116000617,69,63,6
116000618,2,97,-95
116000619,83,98,-15
116000620,113,84,29
116000621,52,148,-96
116000622,65,149,-84
116000624,197,87,110
116000628,1,130,-129
116000629,3,158,-155
116000630,130,2,128
116000631,38,2,36
116000632,241,136,105
116000633,19,182,-163
116000634,182,5,177
116900001,338,239,99
116900002,229,1,228
116900003,44,78,-34
116900004,49,96,-47
116900005,324,102,222
116900006,173,286,-113
116900007,187,237,-50
116900008,418,421,-3
116900009,33,6,27
116900010,1,1563,-1562
116900011,34,43,-9
116900012,681,267,414
116900013,5,285,-280
116900014,107,211,-104
116900015,420,65,355
116900016,216,3,213
116900017,5,591,-586
116900018,61,34,27
116900019,11,437,-426
116900020,961,944,17
116900023,106,30,76
116900024,701,91,610
116900025,1261,1123,138
116900026,200,842,-642
116900027,35,53,-18
116900028,5,152,-147
116900029,1,41,-40
116900031,2,10,-8
116900032,24,423,-399
116900033,18,11,7
116900034,31,79,-48
116900035,172,219,-47
116900036,5,174,-169
116900038,121,1,120
116900041,78,37,41
116900042,897,339,558
116900043,31,78,-47
116900045,322,92,230
116900047,83,171,-88
116900049,62,369,-307
116900050,149,529,-380
116900051,124,268,-144
116900052,227,85,142
116900055,1,19,-18
116900057,11,338,-327
116900058,55,460,-405
116900059,3,188,-185
116900060,217,243,-26
116900062,4,38,-34
116900064,90,731,-641
116900065,68,122,-54
116900067,127,135,-8
116900068,163,274,-111
116900070,2,7,-5
116900072,42,419,-377
116900073,22,129,-107
116900074,8,45,-37
116900076,12,77,-65
116900077,7,168,-161
116900078,299,141,158
116900079,43,230,-187
116900080,33,47,-14
116900081,483,1449,-966
116900082,452,1161,-709
116900083,58,47,11
116900084,165,70,95
116900085,51,235,-184
116900086,54,230,-176
116900088,480,209,271
116900090,122,46,76
116900091,492,45,447
116900092,99,837,-738
116900093,1951,2256,-305
116900094,5608,3740,1868
116900095,233,122,111
116900096,190,569,-379
116900097,3967,2837,1130
116900098,862,433,429
116900099,1125,808,317
116900100,863,50,813
116900101,510,600,-90
116900103,6,0,6
116900104,147,92,55
116900105,284,153,131
116900106,1907,203,1704
116900107,4107,2712,1395
116900110,14,2,12
116900111,496,775,-279
116900112,239,1043,-804
116900113,2162,1266,896
116900116,181,555,-374
116900117,211,135,76
116900118,710,835,-125
116900120,483,102,381
116900121,269,28,241
116900122,1091,1013,78
116900123,273,1074,-801
116900124,197,1166,-969
116900125,434,341,93
116900126,219,734,-515
116900128,1,39,-38
116900129,1,393,-392
116900130,715,3390,-2675
116900131,142,376,-234
116900132,40,165,-125
116900133,146,176,-30
116900134,256,351,-95
116900136,499,254,245
116900137,382,176,206
116900138,287,207,80
116900139,156,467,-311
116900140,265,203,62
116900141,938,595,343
116900142,8,57,-49
116900143,485,793,-308
116900144,41,87,-46
116900145,159,265,-106
116900147,624,477,147
116900148,19,57,-38
116900149,50,312,-262
116900150,14,12,2
116900151,30,10,20
116900153,128,103,25
116900154,870,702,168
116900155,164,94,70
116900157,598,293,305
116900158,138,325,-187
116900159,169,315,-146
116900160,1115,890,225
116900161,7447,6221,1226
116900162,14,84,-70
116900163,186,168,18
116900164,116,81,35
116900165,229,291,-62
116900166,51,87,-36
116900167,501,129,372
116900168,326,112,214
116900169,738,581,157
116900170,334,715,-381
116900171,48,236,-188
116900172,197,282,-85
116900173,306,54,252
116900174,80,45,35
116900175,213,225,-12
116900178,17,155,-138
116900179,114,285,-171
116900180,170,26,144
116900182,638,520,118
116900183,165,174,-9
116900185,25,67,-42
116900186,73,308,-235
116900187,93,66,27
116900188,158,35,123
116900189,154,0,154
116900191,555,944,-389
116900192,326,172,154
116900194,200,1377,-1177
116900195,36,25,11
116900196,14,114,-100
116900197,132,49,83
116900198,254,188,66
116900200,60,29,31
116900201,100,13,87
116900202,160,64,96
116900203,226,31,195
116900204,35,106,-71
116900206,11,11,0
116900207,30,37,-7
116900208,15,114,-99
116900209,33,146,-113
116900210,557,362,195
116900211,334,8,326
116900212,60,69,-9
116900213,271,199,72
116900214,172,193,-21
116900215,63,84,-21
116900216,291,312,-21
116900218,19,279,-260
116900219,1821,608,1213
116900220,100,307,-207
116900221,90,451,-361
116900222,367,489,-122
116900223,133,442,-309
116900226,100,91,9
116900227,166,78,88
116900228,289,267,22
116900230,68,294,-226
116900231,22,439,-417
116900232,8,441,-433
116900233,257,126,131
116900234,39,17,22
116900235,169,486,-317
116900238,2042,439,1603
116900239,60,1881,-1821
116900240,6523,3530,2993
116900241,154,265,-111
116900242,428,693,-265
116900243,11,99,-88
116900245,24,25,-1
116900246,151,23,128
116900247,951,162,789
116900248,121,51,70
116900249,339,138,201
116900250,940,60,880
116900251,572,503,69
116900252,194,927,-733
116900253,110,103,7
116900254,29,78,-49
116900255,109,76,33
116900256,402,178,224
116900257,47,588,-541
116900258,7,272,-265
116900259,273,73,200
116900260,3,140,-137
116900261,63,10,53
116900262,627,218,409
116900263,1,21,-20
116900264,0,5,-5
116900265,48,4,44
116900266,12,63,-51
116900267,4,2,2
116900268,353,133,220
116900269,336,775,-439
116900271,1958,196,1762
116900272,375,380,-5
116900273,213,75,138
116900274,75,106,-31
116900275,155,117,38
116900276,402,151,251
116900277,748,44,704
116900278,4,16,-12
116900279,2,43,-41
116900280,56,52,4
116900281,7192,4368,2824
116900282,2,110,-108
116900283,21,101,-80
116900284,33,240,-207
116900285,313,165,148
116900286,253,36,217
116900287,12,37,-25
116900288,72,148,-76
116900289,5,18,-13
116900290,2,20,-18
116900291,21,6,15
116900292,1,15,-14
116900293,53,68,-15
116900294,40,149,-109
116900295,69,45,24
116900296,33,39,-6
116900297,4,53,-49
116900298,83,22,61
116900299,35,31,4
116900300,3,45,-42
116900301,38,64,-26
116900302,1811,1293,518
116900303,246,99,147
116900304,0,138,-138
116900305,17,49,-32
116900306,263,148,115
117000001,2172,1712,460
117000002,2302,5357,-3055
117000003,6841,3720,3121
117000004,4403,5943,-1540
117000005,2090,2144,-54
117000006,1404,3677,-2273
117000007,3670,1327,2343
117000008,1134,4357,-3223
117000009,5456,2201,3255
117000010,3375,4742,-1367
117000011,2917,1988,929
117000012,1565,1513,52
117000013,2045,1001,1044
117000014,1223,2393,-1170
117000015,3148,1514,1634
117000016,427,104,323
117000017,339,145,194
117000018,182,706,-524
117000019,88,2,86
117000020,418,1423,-1005
117000021,2117,511,1606
117000022,600,112,488
117000023,377,128,249
117000024,383,234,149
117000025,727,1137,-410
117000026,2732,1254,1478
117000027,2286,3321,-1035
117000028,3611,1049,2562
117000030,232,122,110
117000032,2347,1468,879
117000033,1758,1488,270
117000034,180,115,65
117000036,195,155,40
117000038,214,370,-156
117000039,34,77,-43
117000040,233,1240,-1007
117000041,958,211,747
117000044,22,820,-798
117000045,399,119,280
117000046,529,720,-191
117000047,901,767,134
117000048,2406,1288,1118
117000049,160,758,-598
117000050,113,2186,-2073
117000051,2232,151,2081
117000052,49,357,-308
117000053,482,46,436
117000054,2034,11,2023
117000055,7,3874,-3867
117000056,686,32,654
117000057,729,2737,-2008
117000060,618,1668,-1050
117000061,1754,1007,747
117000062,318,740,-422
117000063,1963,1107,856
117000064,871,1107,-236
117000066,1429,1065,364
117000067,179,614,-435
117000074,202,209,-7
117000076,206,63,143
117000077,244,207,37
117000078,165,833,-668
117000079,802,273,529
117000080,2,379,-377
117000081,1373,178,1195
117000082,14,111,-97
117000083,163,10,153
117000084,232,1,231
117000085,410,816,-406
117000086,1391,579,812
117000087,124,589,-465
117000088,252,206,46
117000089,1621,302,1319
117000090,345,1498,-1153
117000091,916,337,579
117000092,432,1508,-1076
117000093,1155,804,351
117000094,1657,3443,-1786
117000095,3761,1094,2667
117000096,824,2759,-1935
117000097,1349,1375,-26
117000098,2871,5471,-2600
117000099,3439,1431,2008
117000100,186,404,-218
117000101,227,1377,-1150
117000102,1684,792,892
117000103,766,2061,-1295
117000104,1295,723,572
117000105,932,1902,-970
117000106,1217,1070,147
117000107,655,2241,-1586
117000108,1632,966,666
117000109,1820,3109,-1289
117000110,1528,1166,362
117000111,4048,5008,-960
117000112,3898,2218,1680
117000113,366,334,32
117000114,257,190,67
117000115,212,149,63
117000116,159,298,-139
117000117,2327,1523,804
117000118,294,164,130
117000119,197,227,-30
117000120,217,568,-351
117000121,251,1219,-968
117000122,277,707,-430
117000123,1788,73,1715
117000124,1113,150,963
117000125,475,116,359
117000126,93,51,42
117000127,211,497,-286
117000128,606,1093,-487
117000129,242,88,154
117000130,145,2,143
117000131,1,78,-77
117000132,3535,65,3470
117000133,1421,164,1257
117000134,2,39,-37
117000135,2,51,-49
117000136,2,39,-37
117000137,134,166,-32
117000138,1,817,-816
117000140,520,1906,-1386
117000141,1669,626,1043
117000181,779,416,363
117000182,280,830,-550
117000195,315,1268,-953
117000196,337,128,209
117000225,89,21,68
117000226,38,174,-136
117000276,328,8,320
117000277,2,427,-425
117000310,2018,2593,-575
117000315,69,731,-662
117000320,48,0,48
117000906,327,16,311
117000907,30,365,-335
117000908,18,26,-8
117000909,47,56,-9
117000910,202,172,30
117000911,92,168,-76
117000915,21,587,-566
117000916,49,13,36
117000917,1345,60,1285
117000918,84,67,17
117000919,13,122,-109
117000920,3,1531,-1528
117000921,5,1445,-1440
117000922,59,131,-72
117000924,620,935,-315
117000926,1079,90,989
117000927,2518,1482,1036
117000928,0,162,-162
117000929,272,389,-117
117000930,163,14,149
117000931,1036,216,820
117900002,140,490,-350
117900003,1091,600,491
117900005,15,40,-25
117900006,0,35,-35
117900007,169,127,42
117900008,0,36,-36
117900010,244,143,101
117900011,48,121,-73
117900012,86,143,-57
117900013,2,237,-235
117900014,360,142,218
117900015,8,76,-68
117900016,1568,1111,457
117900017,530,284,246
117900018,238,130,108
117900019,398,302,96
117900020,112,552,-440
117900021,35,92,-57
117900022,46,23,23
117900023,830,111,719
117900024,60,71,-11
117900025,35,18,17
117900026,489,277,212
117900028,80,6,74
117900029,319,663,-344
117900030,564,354,210
117900031,139,111,28
117900032,1253,486,767
117900033,256,691,-435
117900034,26,28,-2
117900035,315,98,217
117900036,342,459,-117
117900037,144,339,-195
117900038,34,446,-412
117900039,3,72,-69
117900040,181,518,-337
117900041,5,69,-64
117900042,4913,556,4357
117900043,39,50,-11
117900044,29,2827,-2798
117900045,260,167,93
117900048,403,323,80
117900049,254,461,-207
117900050,13,55,-42
117900051,112,8,104
117900052,45,381,-336
117900053,1384,840,544
117900054,2,31,-29
117900055,256,155,101
117900056,547,6,541
117900057,1185,1464,-279
117900058,977,1336,-359
117900059,371,137,234
117900060,2364,7639,-5275
117900061,18,180,-162
117900063,406,220,186
117900065,1682,1602,80
117900066,10,75,-65
117900067,427,205,222
117900069,810,404,406
117900070,330,26,304
117900071,88,144,-56
117900073,479,360,119
117900074,137,38,99
117900075,69,97,-28
117900076,9,57,-48
117900077,504,244,260
117900078,322,855,-533
117900080,115,63,52
117900081,565,525,40
117900082,513,400,113
117900083,337,493,-156
117900086,110,30,80
117900087,255,193,62
117900088,4027,2636,1391
117900089,2365,816,1549
117900090,312,542,-230
117900091,200,236,-36
117900092,69,45,24
117900093,101,270,-169
117900094,48,18,30
117900095,249,322,-73
117900096,120,321,-201
117900097,253,292,-39
117900098,57,17,40
117900099,154,229,-75
117900100,198,8,190
117900101,456,1921,-1465
117900102,52,199,-147
117900103,89,1,88
117900104,17,109,-92
117900105,163,261,-98
117900106,131,87,44
117900107,34,1,33
117900109,718,435,283
117900110,497,25,472
117900111,549,29,520
117900112,120,26,94
117900113,3880,1871,2009
117900114,14,2,12
117900115,399,101,298
117900116,1058,1111,-53
117900117,650,586,64
117900118,115,1,114
117900119,170,202,-32
117900120,241,108,133
117900121,96,33,63
117900122,1975,3913,-1938
117900123,770,483,287
117900124,2419,950,1469
117900125,2275,2154,121
117900126,299,672,-373
117900127,509,619,-110
117900128,462,901,-439
117900129,123,4,119
117900130,2357,484,1873
117900131,12,206,-194
117900132,12,142,-130
117900133,16,155,-139
117900134,86,284,-198
117900135,52,215,-163
117900136,0,35,-35
117900137,45,442,-397
117900138,1,40,-39
117900139,182,209,-27
117900140,3682,139,3543
117900141,308,271,37
117900142,209,25,184
117900144,78,256,-178
117900145,71,26,45
117900146,178,174,4
117900147,76,81,-5
117900148,3013,1798,1215
117900149,242,267,-25
117900150,105,66,39
117900151,40,129,-89
117900152,97,93,4
117900153,28,115,-87
117900154,419,709,-290
117900156,1142,894,248
117900157,101,644,-543
117900158,352,236,116
117900160,800,704,96
117900161,3494,2734,760
117900162,345,497,-152
117900163,107,111,-4
117900165,0,9,-9
117900166,148,587,-439
117900168,36,207,-171
117900169,1,191,-190
117900170,6,70,-64
117900171,1,30,-29
117900172,38,58,-20
117900173,197,101,96
117900174,61,90,-29
117900175,3,58,-55
117900176,15,44,-29
117900177,55,38,17
117900178,313,56,257
117900180,278,66,212
117900181,125,433,-308
117900182,8,103,-95
117900183,56,236,-180
117900184,55,87,-32
117900185,52,63,-11
117900186,57,26,31
117900187,16,7,9
117900188,304,47,257
117900189,85,46,39
117900190,34,9,25
117900191,111,3,108
117900192,331,3,328
117900193,12,105,-93
117900194,7,16,-9
117900195,167,88,79
117900196,17,89,-72
117900207,223,167,56
117900208,44,64,-20
117900209,189,263,-74
117900210,192,270,-78
117900211,20,259,-239
117900212,127,195,-68
117900213,30,13,17
117900214,7,36,-29
117900216,19,54,-35
117900217,67,501,-434
117900218,159,196,-37
117900219,11,163,-152
117900220,138,98,40
117900221,28,8,20
118000001,990,962,28
118000002,1242,2350,-1108
118000003,2288,2896,-608
118000004,3414,2801,613
118000005,6352,6393,-41
118000006,8305,11271,-2966
118000007,6558,4010,2548
118000008,5426,4323,1103
118000009,2304,4561,-2257
118000010,7931,5708,2223
118000011,1624,3115,-1491
118000012,1432,2704,-1272
118000013,4127,2826,1301
118000014,3688,3616,72
118000016,261,511,-250
118000017,520,498,22
118000018,478,705,-227
118000019,2955,1705,1250
118000020,2104,4184,-2080
118000021,882,3697,-2815
118000022,2417,988,1429
118000023,1142,338,804
118000024,2336,1459,877
118000025,1578,2276,-698
118000027,16308,12420,3888
118000029,1343,886,457
118000032,1732,4274,-2542
118000033,4127,6752,-2625
118000034,7423,3150,4273
118000035,2081,3267,-1186
118000036,1280,1314,-34
118000037,943,1021,-78
118000038,242,125,117
118000039,117,312,-195
118000040,2109,1515,594
118000041,2599,1720,879
118000045,886,202,684
118000046,1638,639,999
118000047,1178,1242,-64
118000048,3728,1934,1794
118000051,2922,1713,1209
118000052,1967,933,1034
118000053,615,959,-344
118000054,2359,1896,463
118000055,1784,2175,-391
118000056,1979,508,1471
118000057,456,461,-5
118000058,4706,2087,2619
118000059,2719,1155,1564
118000060,1270,721,549
118000061,2180,1637,543
118000062,718,406,312
118000063,446,741,-295
118000064,839,1302,-463
118000065,5330,2228,3102
118000066,836,1693,-857
118000067,1570,1121,449
118000068,2297,4774,-2477
118000069,5832,1730,4102
118000070,6218,2254,3964
118000071,3893,7348,-3455
118000072,2046,1418,628
118000073,2794,749,2045
118000074,607,521,86
118000075,1324,368,956
118000076,1711,2329,-618
118000077,1492,1399,93
118000078,1944,2404,-460
118000079,431,571,-140
118000080,1335,1037,298
118000081,1973,1330,643
118000082,356,1252,-896
118000083,2200,2061,139
118000084,4323,1925,2398
118000086,339,628,-289
118000087,5413,2913,2500
118000088,2100,1775,325
118000089,4082,2204,1878
118000090,1767,3066,-1299
118000091,1421,2466,-1045
118000092,1295,605,690
118000093,111,878,-767
118000096,527,795,-268
118000097,908,699,209
118000098,281,218,63
118000099,671,955,-284
118000101,1119,405,714
118000102,393,1648,-1255
118000107,2361,601,1760
118000108,800,2068,-1268
118000110,3,27,-24
118000111,3,363,-360
118000112,427,2,425
118000113,7,663,-656
118000114,522,10,512
118000115,28,12,16
118000116,39,1,38
118000117,1298,865,433
118000118,1046,833,213
118000119,1261,1168,93
118000120,1963,1582,381
118000121,98,813,-715
118000122,1538,430,1108
118000123,98,267,-169
118000125,1834,1108,726
118000126,802,1545,-743
118000127,2102,690,1412
118000128,841,1322,-481
118000129,961,430,531
118000130,2915,3874,-959
118000131,876,940,-64
118000132,2713,1978,735
118000133,979,449,530
118000135,712,497,215
118000136,145,425,-280
118000137,668,131,537
118000138,542,705,-163
118000139,380,146,234
118000140,3204,4698,-1494
118000141,2255,2188,67
118000142,1783,1838,-55
118000143,2103,1425,678
118000144,1764,1080,684
118000145,2040,2363,-323
118000146,1611,1092,519
118000147,934,2069,-1135
118000148,609,1390,-781
118000149,1070,1058,12
118000150,459,218,241
118000151,634,585,49
118000153,1461,1390,71
118000154,1604,1878,-274
118000155,1394,1545,-151
118000156,2480,2910,-430
118000157,571,375,196
118000158,281,533,-252
118000159,27,116,-89
118000160,469,449,20
118000161,510,1036,-526
118000162,2203,967,1236
118000163,1005,959,46
118000164,2354,1709,645
118000168,1456,686,770
118000169,1255,1292,-37
118000170,5707,8091,-2384
118000171,392,964,-572
118000172,98,380,-282
118000173,1135,1530,-395
118000175,357,349,8
118000176,282,435,-153
118000177,266,552,-286
118000178,33,49,-16
118000179,1641,1222,419
118000180,1038,785,253
118000181,936,404,532
118000182,387,277,110
118000183,223,337,-114
118000184,878,776,102
118000185,1630,1230,400
118000186,948,1311,-363
118000187,1339,887,452
118000188,551,272,279
118000189,740,935,-195
118000190,20,28,-8
118000191,38,32,6
118000192,311,387,-76
118000193,229,557,-328
118000194,1484,1197,287
118000195,1130,1073,57
118000196,419,238,181
118000197,387,168,219
118000198,478,601,-123
118000199,534,485,49
118000200,93,313,-220
118000201,508,510,-2
118000202,70,84,-14
118000203,1393,625,768
118000204,162,342,-180
118000205,262,438,-176
118000206,253,200,53
118000207,0,73,-73
118000208,1472,1878,-406
118000209,2481,2287,194
118000210,78,51,27
118000211,20,55,-35
118000213,1485,1671,-186
118000214,652,674,-22
118000215,330,176,154
118000216,2421,3377,-956
118000217,32,185,-153
118000218,80,216,-136
118000219,505,320,185
118000220,4,27,-23
118000221,185,360,-175
118000222,80,16,64
118000223,36,56,-20
118000224,226,139,87
118000225,125,768,-643
118000226,1055,221,834
118000227,932,446,486
118000228,252,303,-51
118000229,266,99,167
118000230,148,287,-139
118000231,140,259,-119
118000232,870,1062,-192
118000233,1261,955,306
118000234,575,286,289
118000236,539,382,157
118000237,145,437,-292
118000238,276,258,18
118000239,319,310,9
118000240,533,219,314
118000241,145,218,-73
118000242,469,766,-297
118000243,295,322,-27
118000244,53,124,-71
118000246,0,19,-19
118000255,85,271,-186
118000256,97,256,-159
118000259,29,76,-47
118000260,208,116,92
118000261,35,95,-60
118000263,89,221,-132
118000266,122,318,-196
118000267,0,120,-120
118000268,419,2,417
118000270,91,32,59
118000271,142,345,-203
118000272,230,44,186
118000273,170,94,76
118000274,113,340,-227
118000276,563,368,195
118000295,13,131,-118
118000298,192,350,-158
118000299,67,173,-106
118000301,0,42,-42
118000302,131,128,3
118000311,446,153,293
118000312,300,234,66
118000313,51,198,-147
118000314,75,50,25
118000315,48,73,-25
118000316,813,597,216
118000325,67,91,-24
118000326,50,44,6
118000331,33,89,-56
118000332,9,65,-56
118000333,41,85,-44
118000335,297,2,295
118000336,1,272,-271
118000407,154,82,72
118000457,10,20,-10
118000465,4443,4690,-247
118000480,39,115,-76
118000489,74,362,-288
118000490,52,296,-244
118000492,325,184,141
118000510,83,15,68
118000514,157,382,-225
118000515,824,672,152
118000517,351,207,144
118000524,474,246,228
118000525,1068,965,103
118000530,29,107,-78
118000531,351,299,52
118000532,231,393,-162
118000533,340,153,187
118000534,564,575,-11
118000535,324,147,177
118000536,1032,1809,-777
118000537,22,191,-169
118000538,41,104,-63
118000539,27,123,-96
118000540,288,185,103
118000541,201,76,125
118000542,85,190,-105
118000543,204,217,-13
118000546,46,39,7
118000560,3309,2297,1012
118000562,41,188,-147
118000563,2140,1450,690
118000576,161,145,16
118000577,144,190,-46
118000578,123,98,25
118000579,605,1073,-468
118000595,235,106,129
118000596,0,77,-77
118000597,88,102,-14
118000598,19,2,17
118000599,50,44,6
118000600,2,40,-38
118000601,15,0,15
118000602,0,21,-21
118000603,0,16,-16
118900001,871,1587,-716
118900002,1048,987,61
118900003,541,24,517
118900004,80,92,-12
118900005,86,11,75
118900006,145,4,141
118900007,19,8,11
118900008,1907,82,1825
118900009,84,61,23
118900010,75,6,69
118900011,200,58,142
118900012,506,170,336
118900013,491,132,359
118900015,247,132,115
118900016,10,14,-4
118900017,311,399,-88
118900018,931,35,896
118900019,59,31,28
118900020,245,154,91
118900021,175,414,-239
118900022,144,134,10
118900023,205,103,102
118900024,105,217,-112
118900025,50,25,25
118900026,63,95,-32
118900027,455,230,225
118900028,148,195,-47
118900029,285,398,-113
118900030,358,51,307
118900031,190,156,34
118900032,233,218,15
118900033,521,398,123
118900034,265,17,248
118900035,146,191,-45
118900036,1312,823,489
118900037,472,302,170
118900038,444,246,198
118900039,569,188,381
118900040,209,251,-42
118900041,644,194,450
118900042,245,123,122
118900045,344,211,133
118900046,992,323,669
118900047,655,243,412
118900048,199,210,-11
118900049,51,65,-14
118900050,53,111,-58
118900051,73,88,-15
118900052,374,245,129
118900053,73,110,-37
118900054,122,53,69
118900055,90,115,-25
118900056,35,362,-327
118900057,826,621,205
118900058,451,354,97
118900059,20,62,-42
118900060,232,131,101
118900062,453,242,211
118900064,796,566,230
118900065,52,146,-94
118900066,96,92,4
118900067,5464,3299,2165
118900068,29,217,-188
118900069,446,304,142
118900071,7,113,-106
118900072,387,365,22
118900073,108,140,-32
118900074,119,187,-68
118900075,77,103,-26
118900076,204,92,112
118900077,296,253,43
118900078,49,16,33
118900079,52,256,-204
118900080,20,164,-144
118900081,100,41,59
118900082,656,237,419
118900083,50,9,41
118900084,26,19,7
118900085,756,1177,-421
118900086,26,79,-53
118900087,45,225,-180
118900088,0,32,-32
118900089,26,29,-3
118900090,521,527,-6
118900091,223,239,-16
118900092,172,133,39
118900093,123,36,87
118900096,72,16,56
118900097,275,568,-293
118900099,120,272,-152
118900100,149,224,-75
118900101,108,897,-789
118900102,43,146,-103
118900103,75,127,-52
118900104,272,186,86
118900105,334,158,176
118900107,307,149,158
118900108,111,137,-26
118900109,1206,429,777
118900110,1535,754,781
118900111,785,545,240
118900112,51,170,-119
118900113,140,496,-356
118900114,20,94,-74
118900115,148,551,-403
118900116,135,327,-192
118900117,127,214,-87
118900118,255,348,-93
118900119,138,292,-154
118900120,143,411,-268
118900121,5,203,-198
118900122,34,1106,-1072
118900123,198,311,-113
118900124,66,216,-150
118900126,30,451,-421
118900129,262,243,19
118900130,46,164,-118
118900131,178,307,-129
118900132,463,249,214
118900133,17,211,-194
118900135,235,343,-108
118900136,232,621,-389
118900137,49,60,-11
118900139,230,385,-155
118900140,442,678,-236
118900141,156,218,-62
118900144,137,467,-330
118900145,366,157,209
118900146,320,776,-456
118900147,259,126,133
118900148,108,70,38
118900150,120,530,-410
118900152,861,945,-84
118900157,109,175,-66
118900158,78,81,-3
118900159,3,264,-261
118900161,71,8,63
118900163,137,211,-74
118900164,6,234,-228
118900165,53,347,-294
118900166,45,2,43
118900167,109,173,-64
118900168,6,218,-212
118900169,134,521,-387
118900170,189,177,12
118900171,22,67,-45
118900174,83,84,-1
118900175,427,608,-181
118900176,151,296,-145
118900177,84,92,-8
118900178,61,262,-201
118900179,4,25,-21
118900181,119,75,44
118900182,183,45,138
118900183,43,141,-98
118900184,385,176,209
118900185,133,102,31
118900186,115,115,0
118900187,223,271,-48
118900188,388,319,69
118900189,50,949,-899
118900190,10,346,-336
118900191,119,65,54
118900192,182,17,165
118900193,425,18,407
118900195,309,750,-441
118900196,42,149,-107
118900197,150,64,86
118900198,37,21,16
118900199,88,69,19
118900200,29,12,17
118900201,20,39,-19
118900202,3,73,-70
118900203,10,38,-28
118900204,28,41,-13
118900205,1,11,-10
118900206,6,19,-13
119000001,1438,1892,-454
119000002,5366,3881,1485
119000003,2639,1343,1296
119000004,2973,1551,1422
119000005,1827,1958,-131
119000006,2853,1738,1115
119000007,3565,3455,110
119000008,2209,2420,-211
119000009,4219,4739,-520
119000010,7864,5311,2553
119000011,5082,3447,1635
119000012,3995,4078,-83
119000013,2818,1820,998
119000014,2596,4034,-1438
119000019,331,198,133
119000020,2400,1506,894
119000021,4494,2761,1733
119000022,3893,2828,1065
119000023,280,268,12
119000024,2013,10982,-8969
119000025,8571,1665,6906
119000026,164,452,-288
119000027,268,538,-270
119000028,2263,1307,956
119000029,123,388,-265
119000030,705,1158,-453
119000031,972,907,65
119000032,2481,3128,-647
119000033,2754,1824,930
119000034,1169,1119,50
119000035,49,408,-359
119000036,1606,969,637
119000037,1351,2191,-840
119000038,152,1100,-948
119000039,357,395,-38
119000040,1090,696,394
119000041,941,1218,-277
119000048,3758,3648,110
119000049,1916,2794,-878
119000050,2862,2213,649
119000051,3243,1143,2100
119000052,2149,3006,-857
119000053,2065,1325,740
119000054,3535,3762,-227
119000055,4528,3844,684
119000056,2577,2630,-53
119000057,1793,2385,-592
119000058,2275,2214,61
119000059,1635,1954,-319
119000060,1744,1505,239
119000061,1133,958,175
119000062,1497,1731,-234
119000063,594,362,232
119000064,1108,1513,-405
119000065,2631,4340,-1709
119000066,3036,1415,1621
119000067,2020,2728,-708
119000068,1789,1513,276
119000069,1421,2769,-1348
119000070,2860,1265,1595
119000071,587,792,-205
119000072,6826,3987,2839
119000073,7118,7888,-770
119000074,1211,2961,-1750
119000075,2155,2515,-360
119000076,748,1049,-301
119000077,1500,626,874
119000078,486,248,238
119000079,371,752,-381
119000080,401,284,117
119000081,533,690,-157
119000082,1442,352,1090
119000083,701,444,257
119000084,406,668,-262
119000085,740,279,461
119000086,378,570,-192
119000087,1840,1148,692
119000088,484,296,188
119000089,73,214,-141
119000090,189,190,-1
119000091,126,563,-437
119000092,710,258,452
119000093,3924,3180,744
119000094,2988,5918,-2930
119000095,1834,3135,-1301
119000097,2347,1729,618
119000098,1003,2714,-1711
119000099,2942,2077,865
119000100,3929,3140,789
119000101,6840,2463,4377
119000102,1202,1251,-49
119000103,2455,701,1754
119000104,3144,1718,1426
119000105,1285,1942,-657
119000106,378,1715,-1337
119000107,807,566,241
119000108,452,1078,-626
119000109,261,641,-380
119000110,1022,511,511
119000111,126,731,-605
119000112,278,165,113
119000113,4370,485,3885
119000114,1188,1128,60
119000115,197,195,2
119000116,143,120,23
119000117,179,515,-336
119000118,5,0,5
119000123,5007,1758,3249
119000124,695,198,497
119000125,3533,1040,2493
119000126,588,685,-97
119000127,468,736,-268
119000128,60,10,50
119000131,990,890,100
119000132,6,4,2
119000133,6,6,0
119000134,2185,694,1491
119000135,147,276,-129
119000136,240,208,32
119000137,259,471,-212
119000138,423,413,10
119000139,309,279,30
119000140,240,562,-322
119000284,1491,3022,-1531
119000285,2473,2662,-189
119000286,9008,7128,1880
119000287,1451,2946,-1495
119000288,2158,1854,304
119000289,2059,3847,-1788
119000290,202,506,-304
119000291,8,287,-279
119000293,120,218,-98
119000294,72,52,20
119000295,1857,523,1334
119000296,242,194,48
119000302,2557,1625,932
119000303,78,201,-123
119000314,1758,10267,-8509
119000315,3,559,-556
119000316,97,163,-66
119000317,62,326,-264
119900001,348,1387,-1039
119900002,174,282,-108
119900003,82,1450,-1368
119900004,369,1111,-742
119900005,205,133,72
119900006,291,471,-180
119900007,1420,253,1167
119900008,512,88,424
119900009,928,950,-22
119900010,2849,1777,1072
119900011,23,128,-105
119900012,17,144,-127
119900013,2089,1252,837
119900014,874,389,485
119900015,104,47,57
119900016,65,102,-37
119900017,41,80,-39
119900018,2313,925,1388
119900019,46,7,39
119900020,193,343,-150
119900021,184,260,-76
119900022,168,740,-572
119900023,700,1379,-679
119900025,157,41,116
119900026,1008,187,821
119900027,104,35,69
119900028,574,146,428
119900029,5,12,-7
119900030,831,548,283
119900031,77,349,-272
119900033,2958,426,2532
119900034,415,169,246
119900037,175,40,135
119900038,71,340,-269
119900039,39,19,20
119900040,611,31,580
119900041,132,62,70
119900042,1044,176,868
119900043,66,199,-133
119900044,244,933,-689
119900046,118,91,27
119900047,329,91,238
119900048,52,20,32
119900049,151,6,145
119900050,135,134,1
119900051,924,19,905
119900052,71,82,-11
119900053,251,212,39
119900054,124,4,120
119900055,1488,544,944
119900057,270,138,132
119900058,238,2,236
119900059,194,67,127
119900060,276,32,244
119900061,372,12,360
119900062,77,56,21
119900063,18,69,-51
119900064,503,113,390
119900065,283,27,256
119900066,0,2,-2
119900067,182,47,135
119900068,432,5,427
119900069,78,14,64
119900070,1271,41,1230
119900071,615,17,598
119900072,450,597,-147
119900073,1984,749,1235
119900074,158,42,116
119900075,6249,3397,2852
119900076,559,456,103
119900077,903,1268,-365
119900078,492,966,-474
119900079,240,334,-94
119900080,345,383,-38
119900081,58,55,3
119900082,1452,250,1202
119900083,524,224,300
119900084,873,438,435
119900085,95,112,-17
119900086,177,781,-604
119900087,896,438,458
119900088,33,100,-67
119900089,16,634,-618
119900090,197,120,77
119900091,127,987,-860
119900092,376,537,-161
119900093,1371,318,1053
119900094,75,282,-207
119900095,267,133,134
119900096,49,143,-94
119900097,754,274,480
119900098,64,75,-11
119900099,76,326,-250
119900100,2660,3497,-837
119900101,286,1498,-1212
119900102,98,365,-267
119900103,50,468,-418
119900104,72,313,-241
119900105,1578,2636,-1058
119900106,18,207,-189
119900107,380,3137,-2757
119900108,2932,887,2045
119900109,38,262,-224
119900110,804,688,116
119900111,128,369,-241
119900112,1866,637,1229
119900113,93,319,-226
119900114,286,1396,-1110
119900115,334,1135,-801
119900116,334,425,-91
119900117,416,929,-513
119900118,78,937,-859
119900119,326,297,29
119900120,859,770,89
119900121,374,1182,-808
119900122,606,476,130
119900123,330,407,-77
119900124,252,1027,-775
119900125,81,374,-293
119900126,5450,376,5074
119900127,2686,1382,1304
119900128,662,912,-250
119900129,271,611,-340
119900130,23,282,-259
119900131,45,272,-227
119900132,35,301,-266
119900133,47,161,-114
119900134,2046,341,1705
119900135,7,501,-494
119900136,239,425,-186
119900138,460,649,-189
119900139,170,163,7
119900140,1,154,-153
119900141,120,946,-826
119900142,30,88,-58
119900143,34,267,-233
119900144,1899,336,1563
119900145,144,235,-91
119900146,224,274,-50
119900147,3,238,-235
119900148,192,91,101
119900149,1752,5322,-3570
119900150,211,194,17
119900151,2315,1158,1157
119900152,123,508,-385
119900153,147,112,35
119900154,1,284,-283
119900155,47,52,-5
119900156,35,8,27
119900157,172,305,-133
119900158,179,122,57
119900159,4,1851,-1847
119900160,37,202,-165
119900161,157,253,-96
119900162,1018,1128,-110
119900163,178,189,-11
119900164,2,1,1
119900165,220,265,-45
119900166,105,56,49
119900167,110,143,-33
119900168,950,772,178
119900169,215,365,-150
119900170,287,387,-100
119900171,1916,628,1288
119900172,291,37,254
119900173,4,534,-530
119900174,4,229,-225
119900175,1250,918,332
119900177,33,247,-214
119900178,21,184,-163
119900179,125,439,-314
119900180,1046,1095,-49
119900181,64,135,-71
119900182,12,470,-458
119900183,202,803,-601
119900184,3009,792,2217
119900185,64,228,-164
119900186,121,968,-847
119900187,27,533,-506
119900188,98,518,-420
119900189,798,609,189
119900190,79,299,-220
119900191,358,248,110
119900192,104,238,-134
119900193,416,258,158
119900194,24,106,-82
119900195,126,265,-139
119900196,1862,737,1125
119900197,270,218,52
119900198,630,379,251
119900199,199,32,167
119900200,780,902,-122
119900201,448,296,152
119900202,128,264,-136
119900203,233,826,-593
119900204,314,380,-66
119900205,696,630,66
119900206,160,182,-22
119900208,239,234,5
119900209,519,1336,-817
119900210,46,90,-44
119900211,108,20,88
119900212,172,316,-144
119900213,8,108,-100
119900214,39,126,-87
119900215,65,108,-43
119900216,14,121,-107
119900217,14,75,-61
119900218,32,119,-87
119900219,20,187,-167
119900220,4,139,-135
119900221,45,353,-308
119900222,13,293,-280
119900223,15,101,-86
119900224,27,42,-15
119900225,1269,75,1194
119900226,705,2354,-1649
119900227,1338,449,889
119900228,410,418,-8
119900229,435,549,-114
119900230,1970,831,1139
119900231,271,234,37
119900232,311,145,166
119900233,78,17,61
119900234,28,116,-88
119900235,68,82,-14
119900236,51,245,-194
119900237,96,617,-521
119900238,13,114,-101
119900240,240,212,28
119900241,239,340,-101
119900242,1913,2133,-220
119900244,881,2662,-1781
119900245,157,220,-63
119900246,414,669,-255
119900247,55,149,-94
119900248,121,236,-115
119900249,277,100,177
119900253,3774,551,3223
119900254,102,680,-578
119900255,151,733,-582
119900256,584,1069,-485
119900257,53,6,47
119900258,205,38,167
119900259,1,177,-176
119900260,158,20,138
119900261,549,231,318
119900262,1,280,-279
119900263,1275,533,742
119900264,109,220,-111
119900265,595,623,-28
119900266,339,368,-29
119900267,365,698,-333
119900268,409,228,181
119900269,1159,1699,-540
119900271,52,131,-79
119900272,528,291,237
119900275,200,40,160
119900276,50,3,47
119900277,13,11,2
119900278,276,95,181
119900279,180,401,-221
119900280,878,239,639
119900281,1,202,-201
119900282,91,107,-16
119900283,21,312,-291
119900284,57,332,-275
119900285,26,53,-27
119900286,2,21,-19
119900288,4,25,-21
119900289,0,29,-29
119900290,4,41,-37
119900291,7,125,-118
119900292,41,36,5
119900293,34,94,-60
119900294,38,99,-61
119900295,11,36,-25
119900296,41,221,-180
119900297,1,23,-22
119900298,1,10,-9
119900299,113,210,-97
119900300,423,274,149
119900301,80,153,-73
119900302,128,152,-24
119900303,362,447,-85
119900304,424,92,332
119900305,39,174,-135
119900306,54,1,53
119900307,118,185,-67
119900308,10,37,-27
119900309,54,159,-105
119900310,362,407,-45
119900311,88,149,-61
119900312,126,128,-2
119900313,275,405,-130
119900314,193,565,-372
119900315,1786,2801,-1015
119900318,21,47,-26
119900319,6,348,-342
119900320,225,643,-418
119900321,92,12,80
120000001,7487,14571,-7084
120000002,3107,3482,-375
120000003,4123,2067,2056
120000004,3322,2654,668
120000005,5135,2547,2588
120000006,1359,1673,-314
120000007,4520,3745,775
120000008,1199,1742,-543
120000009,3912,1318,2594
120000010,2189,2989,-800
120000011,1705,2058,-353
120000012,1748,3265,-1517
120000013,3465,3312,153
120000014,864,1847,-983
120000015,3173,1794,1379
120000016,3938,2605,1333
120000017,4080,2710,1370
120000018,4342,11579,-7237
120000019,979,1547,-568
120000020,3388,3664,-276
120000021,1997,2447,-450
120000022,3569,4123,-554
120000023,1096,1824,-728
120000024,1795,2789,-994
120000025,2932,2531,401
120000026,1877,2122,-245
120000027,2316,2448,-132
120000028,1355,1082,273
120000029,6949,1207,5742
120000030,2197,1487,710
120000031,2834,9172,-6338
120000032,10095,5660,4435
120000033,5907,2569,3338
120000034,1901,2360,-459
120000035,1938,2628,-690
120000036,3374,6206,-2832
120000037,798,1676,-878
120000038,8224,4696,3528
120000039,657,1147,-490
120000040,590,475,115
120000041,2404,2001,403
120000042,2587,3146,-559
120000043,5922,2433,3489
120000044,5190,2054,3136
120000045,5578,1367,4211
120000046,3157,3220,-63
120000047,1626,5692,-4066
120000048,8789,5071,3718
120000049,3132,3285,-153
120000050,4734,5032,-298
120000051,3639,5466,-1827
120000052,10350,2970,7380
120000053,1236,3127,-1891
120000054,1658,5237,-3579
120000055,2063,5854,-3791
120000056,4676,4653,23
120000057,3169,902,2267
120000058,4674,849,3825
120000059,58,1793,-1735
120000061,199,648,-449
120000062,237,349,-112
120000063,1769,3176,-1407
120000064,254,1433,-1179
120000065,635,2212,-1577
120000066,479,698,-219
120000067,119,605,-486
120000068,205,980,-775
120000069,651,1470,-819
120000070,43,809,-766
120000071,407,165,242
120000072,729,504,225
120000073,767,131,636
120000074,363,156,207
120000075,986,370,616
120000076,1916,528,1388
120000077,1983,699,1284
120000078,3808,1344,2464
120000079,237,176,61
120000080,133,254,-121
120000081,273,141,132
120000082,178,231,-53
120000083,65,576,-511
120000084,459,394,65
120000085,394,334,60
120000086,274,537,-263
120000087,116,666,-550
120000088,773,1464,-691
120000089,1274,920,354
120000090,766,678,88
120000091,1157,1221,-64
120000092,1599,786,813
120000093,364,579,-215
120000094,175,888,-713
120000095,1775,667,1108
120000096,333,939,-606
120000098,1446,1252,194
120000099,649,1102,-453
120000100,870,1243,-373
120000101,593,602,-9
120000102,660,893,-233
120000103,1570,926,644
120000104,1891,563,1328
120000105,3175,770,2405
120000106,2746,788,1958
120000107,3887,664,3223
120000108,1560,141,1419
120000109,1228,73,1155
120000110,120,1119,-999
120000111,595,1278,-683
120000112,980,3678,-2698
120000113,975,2657,-1682
120000114,1100,3386,-2286
120000115,409,2761,-2352
120000116,940,2426,-1486
120000117,1350,1909,-559
120000118,44,28,16
120000119,29,83,-54
120000120,93,65,28
120000121,40,85,-45
120000122,326,324,2
120000123,6689,5325,1364
120000124,445,403,42
120000125,460,751,-291
120000126,316,988,-672
120000127,3424,1116,2308
120000128,4520,4608,-88
120000129,354,296,58
120000130,853,638,215
120000131,306,791,-485
120000134,519,1424,-905
120000135,540,825,-285
120000137,213,1713,-1500
120000138,872,608,264
120000139,271,897,-626
120000140,815,708,107
120000141,1704,620,1084
120000142,1380,739,641
120000143,4,142,-138
120000144,140,3,137
120000145,342,4,338
120000146,1432,973,459
120000149,849,1562,-713
120000150,4008,15642,-11634
120000151,457,560,-103
120000152,557,240,317
120000153,350,659,-309
120000154,563,451,112
120000155,122,258,-136
120000156,1100,1126,-26
120000157,1201,842,359
120000158,965,988,-23
120000159,2221,3140,-919
120000160,2662,1670,992
120000161,2196,2635,-439
120000162,87,284,-197
120000163,795,1854,-1059
120000164,579,696,-117
120000165,444,1115,-671
120000166,1337,815,522
120000167,134,205,-71
120000168,43,615,-572
120000169,116,1551,-1435
120000170,148,903,-755
120000171,65,360,-295
120000172,60,201,-141
120000173,5263,1232,4031
120000174,843,34,809
120000175,431,39,392
120000176,580,71,509
120000177,2598,242,2356
120000178,333,32,301
120000179,552,58,494
120000180,1576,121,1455
120000181,319,1132,-813
120000182,113,579,-466
120000183,30,489,-459
120000184,191,1614,-1423
120000186,90,408,-318
120000187,113,188,-75
120000188,164,286,-122
120000190,1785,75,1710
120000191,2149,162,1987
120000192,2230,60,2170
120000193,905,13,892
120000195,279,21,258
120000196,730,109,621
120000197,202,213,-11
120000198,179,93,86
120000199,135,0,135
120000200,142,0,142
120000201,13,27,-14
120000202,0,52,-52
120000203,45,254,-209
120000207,3,92,-89
120000208,12,267,-255
120000209,6,92,-86
120000210,83,118,-35
120000211,145,6,139
120000212,142,2,140
120000213,126,297,-171
120000214,2,403,-401
120000215,5,147,-142
120000216,72,11,61
120000217,869,1477,-608
120000218,186,798,-612
120000219,9,530,-521
120000220,13,1962,-1949
120000225,1816,5,1811
120000226,407,5,402
120000227,885,77,808
120000228,10256,3887,6369
120000230,333,19,314
120000231,1371,2594,-1223
120000233,349,4,345
120000235,284,877,-593
120000236,971,3,968
120000237,6,1655,-1649
120000238,13,946,-933
120000241,1351,4258,-2907
120000412,1204,18,1186
120000413,263,314,-51
120000414,132,4,128
120000415,2,110,-108
120000416,181,10,171
120000417,29,118,-89
120000418,186,21,165
120000419,16,381,-365
120000420,43,38,5
120000421,13441,7210,6231
120000422,211,1383,-1172
120000423,6,65,-59
120000424,69,146,-77
120000436,137,680,-543
120000437,156,184,-28
120000438,3285,374,2911
120000439,182,529,-347
120000443,299,2,297
120000444,1279,640,639
120000445,1959,1184,775
120000446,794,256,538
120000447,206,4,202
120000449,135,11,124
120000450,4,243,-239
120000451,305,266,39
120000452,79,3,76
120000453,1,525,-524
120000454,69,43,26
120000455,122,54,68
120000456,2929,4306,-1377
120000457,1629,710,919
120000458,640,858,-218
120000459,117,67,50
120000665,1907,340,1567
120000668,167,723,-556
120000669,59,208,-149
120000670,422,689,-267
120000671,2206,460,1746
120000672,109,576,-467
120900001,77,106,-29
120900002,630,748,-118
120900003,468,59,409
120900004,10,82,-72
120900005,17,1052,-1035
120900006,363,320,43
120900007,190,136,54
120900008,270,1397,-1127
120900009,402,44,358
120900010,509,88,421
120900011,355,195,160
120900012,608,1402,-794
120900013,435,127,308
120900014,7,690,-683
120900015,1439,149,1290
120900016,785,111,674
120900017,2812,103,2709
120900018,177,584,-407
120900019,804,354,450
120900020,895,1616,-721
120900021,916,245,671
120900022,36,376,-340
120900023,343,64,279
120900024,2630,754,1876
120900025,1901,1263,638
120900026,382,298,84
120900027,983,107,876
120900028,421,115,306
120900029,209,414,-205
120900030,1160,964,196
120900031,240,114,126
120900032,998,164,834
120900033,1209,88,1121
120900034,31,2984,-2953
120900035,71,244,-173
120900037,233,9,224
120900038,99,234,-135
120900039,93,58,35
120900040,372,10,362
120900041,168,39,129
120900042,494,60,434
120900043,127,57,70
120900044,11,488,-477
120900045,163,176,-13
120900046,631,3,628
120900047,136,80,56
120900048,104,20,84
120900049,486,4,482
120900050,2779,1499,1280
120900051,311,191,120
120900052,792,10,782
120900053,316,151,165
120900054,2091,764,1327
120900055,328,0,328
120900056,411,20,391
120900057,134,16,118
120900058,578,6,572
120900059,96,4,92
120900060,70,40,30
120900061,292,296,-4
120900062,228,0,228
120900063,509,5,504
120900064,599,2,597
120900065,437,9,428
120900066,354,385,-31
120900067,148,58,90
120900068,244,2,242
120900069,183,45,138
120900071,53,1,52
120900072,634,2,632
120900073,465,176,289
120900074,840,18,822
120900076,337,0,337
120900077,3756,348,3408
120900078,876,925,-49
120900079,705,134,571
120900080,708,2160,-1452
120900081,823,1012,-189
120900082,871,597,274
120900083,113,4,109
120900084,305,479,-174
120900085,111,159,-48
120900086,190,386,-196
120900087,483,400,83
120900088,207,417,-210
120900089,4138,3065,1073
120900090,238,205,33
120900091,752,935,-183
120900092,1667,710,957
120900093,2674,236,2438
120900094,710,238,472
120900095,753,38,715
120900096,51,288,-237
120900097,944,876,68
120900098,406,279,127
120900099,135,101,34
120900100,178,315,-137
120900101,919,391,528
120900102,38,182,-144
120900103,80,255,-175
120900104,30,72,-42
120900105,52,577,-525
120900106,1710,697,1013
120900107,319,221,98
120900108,11,679,-668
120900109,98,840,-742
120900110,15,1234,-1219
120900111,233,415,-182
120900112,22,943,-921
120900113,15,930,-915
120900114,50,168,-118
120900115,234,236,-2
120900116,380,551,-171
120900117,3,634,-631
120900118,12,866,-854
120900119,5050,8107,-3057
120900120,61,650,-589
120900121,421,764,-343
120900122,522,622,-100
120900123,6,444,-438
120900124,2,759,-757
120900125,3,950,-947
120900126,2041,1689,352
120900127,16,604,-588
120900128,1438,1900,-462
120900129,88,434,-346
120900130,10,608,-598
120900131,56,144,-88
120900132,866,417,449
120900133,341,1121,-780
120900134,969,564,405
120900135,57,673,-616
120900136,58,99,-41
120900137,319,194,125
120900138,22,263,-241
120900139,5,811,-806
120900140,3,121,-118
120900141,281,346,-65
120900142,17,688,-671
120900143,6,1149,-1143
120900144,0,197,-197
120900145,857,926,-69
120900146,6,1348,-1342
120900147,2,575,-573
120900148,142,146,-4
120900149,2,315,-313
120900150,78,663,-585
120900151,3,749,-746
120900152,0,29,-29
120900153,44,162,-118
120900154,1,354,-353
120900155,189,1236,-1047
120900156,46,320,-274
120900157,89,272,-183
120900158,56,777,-721
120900159,159,263,-104
120900160,59,928,-869
120900161,98,604,-506
120900162,74,849,-775
120900163,117,868,-751
120900164,1,13,-12
120900165,10,41,-31
120900166,237,613,-376
120900167,593,225,368
120900169,73,495,-422
120900170,1581,2762,-1181
120900171,1589,328,1261
120900172,2942,1276,1666
120900173,5,88,-83
120900174,14,157,-143
120900175,271,189,82
120900176,16,462,-446
120900177,4,1217,-1213
120900178,1,632,-631
120900179,1145,621,524
120900180,141,161,-20
120900181,148,105,43
120900182,31,455,-424
120900183,414,61,353
120900184,340,99,241
120900185,17,492,-475
120900186,0,543,-543
120900187,602,1644,-1042
120900188,211,26,185
120900189,148,1044,-896
120900190,72,16,56
120900191,12,28,-16
120900192,12472,6816,5656
120900194,41,111,-70
120900195,199,426,-227
120900196,985,113,872
120900197,733,165,568
120900198,354,702,-348
120900199,642,2157,-1515
120900200,122,121,1
120900201,547,263,284
120900202,4,239,-235
120900203,38,93,-55
120900204,200,469,-269
120900205,67,85,-18
120900206,19,44,-25
121000001,1094,1204,-110
121000002,3003,1445,1558
121000003,3860,2346,1514
121000004,3805,3695,110
121000005,2200,3264,-1064
121000006,4474,1962,2512
121000007,3052,3263,-211
121000008,6511,3957,2554
121000009,6684,6617,67
121000010,9893,6701,3192
121000011,10609,14979,-4370
121000012,19812,11729,8083
121000013,5693,8384,-2691
121000014,7735,6774,961
121000015,4971,8373,-3402
121000016,5599,3833,1766
121000017,2612,4671,-2059
121000018,3207,2066,1141
121000019,23543,14685,8858
121000020,17173,18753,-1580
121000021,5337,3767,1570
121000022,3801,3687,114
121000023,6844,3914,2930
121000024,5816,5970,-154
121000025,919,1556,-637
121000026,335,140,195
121000027,2026,1340,686
121000028,861,662,199
121000029,1362,935,427
121000030,773,558,215
121000031,813,862,-49
121000032,339,130,209
121000034,553,292,261
121000035,215,155,60
121000036,1205,962,243
121000037,643,840,-197
121000038,604,983,-379
121000039,442,546,-104
121000041,678,647,31
121000042,496,495,1
121000043,791,657,134
121000044,1456,988,468
121000045,711,391,320
121000046,798,1227,-429
121000047,78,104,-26
121000049,1977,632,1345
121000050,372,1286,-914
121000051,743,364,379
121000052,366,906,-540
121000053,568,114,454
121000054,80,412,-332
121000055,1290,1284,6
121000056,793,1280,-487
121000057,455,586,-131
121000058,487,236,251
121000059,2607,1639,968
121000060,755,1098,-343
121000061,173,340,-167
121000062,393,461,-68
121000063,860,781,79
121000064,662,572,90
121000065,539,641,-102
121000066,382,408,-26
121000067,844,815,29
121000068,965,525,440
121000069,1394,1248,146
121000070,3104,1599,1505
121000071,2476,1611,865
121000072,3491,972,2519
121000073,1783,1105,678
121000074,528,181,347
121000075,135,617,-482
121000076,1858,672,1186
121000077,226,277,-51
121000078,218,185,33
121000080,3046,819,2227
121000081,5226,3797,1429
121000082,129,289,-160
121000083,234,189,45
121000084,209,164,45
121000085,297,449,-152
121000086,276,1023,-747
121000087,59,431,-372
121000088,584,733,-149
121000089,595,469,126
121000090,500,453,47
121000091,1787,1026,761
121000092,207,120,87
121000093,170,288,-118
121000094,677,854,-177
121000095,415,919,-504
121000096,2633,2830,-197
121000097,1286,2617,-1331
121000098,706,1239,-533
121000099,585,886,-301
121000100,844,550,294
121000101,364,376,-12
121000102,299,416,-117
121000103,264,334,-70
121000104,314,237,77
121000105,719,359,360
121000106,491,488,3
121000107,2425,3821,-1396
121000109,1682,1342,340
121000110,414,708,-294
121000114,3110,2363,747
121000115,1067,943,124
121000116,278,1041,-763
121000117,1028,294,734
121000118,1579,304,1275
121000119,361,495,-134
121000120,311,591,-280
121000121,725,1468,-743
121000123,2176,803,1373
121000126,156,423,-267
121000127,246,108,138
121000128,1014,567,447
121000129,842,757,85
121000130,640,1108,-468
121000131,3541,2428,1113
121000132,2241,2370,-129
121000135,714,1271,-557
121000136,2485,1102,1383
121000137,734,365,369
121000138,1548,1203,345
121000139,846,436,410
121000141,264,225,39
121000142,813,1022,-209
121000143,194,38,156
121000144,1408,2245,-837
121000145,634,1677,-1043
121000146,1579,1185,394
121000147,1016,685,331
121000148,1115,1564,-449
121000149,2150,1581,569
121000152,711,688,23
121000153,2189,846,1343
121000154,1179,892,287
121000155,1740,1192,548
121000156,469,1104,-635
121000157,1526,2375,-849
121000158,580,736,-156
121000159,272,575,-303
121000160,343,533,-190
121000161,293,436,-143
121000162,132,287,-155
121000165,2292,2145,147
121000166,18,457,-439
121000168,464,310,154
121000169,69,217,-148
121000170,355,138,217
121000171,124,223,-99
121000172,921,677,244
121000173,1977,1243,734
121000174,460,484,-24
121000175,963,463,500
121000176,407,310,97
121000177,1437,792,645
121000178,180,95,85
121000179,107,81,26
121000181,588,589,-1
121000182,194,237,-43
121000183,219,155,64
121000184,160,157,3
121000185,49,222,-173
121000186,228,696,-468
121000187,259,257,2
121000188,191,304,-113
121000192,1128,518,610
121000193,709,627,82
121000194,2754,2789,-35
121000195,388,919,-531
121000196,568,255,313
121000197,362,965,-603
121000198,254,145,109
121000199,134,397,-263
121000200,650,99,551
121000201,6,225,-219
121000202,152,8,144
121000203,1227,2842,-1615
121000204,2892,1200,1692
121000205,216,309,-93
121000206,269,51,218
121000207,2913,444,2469
121000208,21,433,-412
121000209,398,411,-13
121000210,609,448,161
121000211,337,219,118
121000212,442,624,-182
121000213,11473,3541,7932
121000214,1056,2674,-1618
121000215,1289,1105,184
121000216,653,847,-194
121000217,5514,2856,2658
121000218,529,1883,-1354
121000219,1593,469,1124
121000220,265,71,194
121000221,215,211,4
121000222,3100,3088,12
121000223,896,486,410
121000224,380,227,153
121000225,1590,1905,-315
121000226,3171,1384,1787
121000227,9,190,-181
121000228,21,672,-651
121000229,281,364,-83
121000230,95,1625,-1530
121000231,979,49,930
121000232,402,342,60
121000233,587,398,189
121000234,32,61,-29
121000235,80,94,-14
121000236,12,43,-31
121000237,59,25,34
121000238,9,91,-82
121000239,84,4,80
121000240,12,165,-153
121000241,100,25,75
121000242,77,297,-220
121000243,761,272,489
121000244,33,105,-72
121000245,54,54,0
121000246,1,112,-111
121000247,77,8,69
121000248,2570,510,2060
121000249,224,286,-62
121000250,740,195,545
121000251,38,440,-402
121000252,133,108,25
121000253,300,390,-90
121000254,523,259,264
121000255,396,218,178
121000256,596,256,340
121000257,87,105,-18
121000258,202,75,127
121000259,72,76,-4
121000260,274,156,118
121000261,254,53,201
121000262,989,804,185
121000263,756,492,264
121000271,305,1610,-1305
121000273,74,9,65
121000274,17,53,-36
121000275,4,16,-12
121000276,8,17,-9
121000278,31,25,6
121000279,59,18,41
121000280,86,35,51
121000289,258,30,228
121000290,1400,1106,294
121000294,206,191,15
121000297,1233,1266,-33
121000299,272,454,-182
121000300,1093,737,356
121000302,74,1275,-1201
121000303,483,427,56
121000304,582,84,498
121000305,234,64,170
121000306,115,181,-66
121000308,213,483,-270
121000309,384,681,-297
121000310,97,418,-321
121000311,94,1088,-994
121000312,510,281,229
121000313,451,638,-187
121000314,144,159,-15
121000315,48,139,-91
121000530,1525,1670,-145
121000531,2233,1760,473
121000532,8129,8830,-701
121000533,3772,3972,-200
121000918,156,226,-70
121000919,101,69,32
121000938,181,291,-110
121000939,257,262,-5
121000956,1553,1357,196
121000957,4,16,-12
121000958,152,54,98
121000959,769,1105,-336
121000960,2889,2591,298
121000961,335,211,124
121000962,281,573,-292
121000973,2,228,-226
121000976,27,276,-249
121000979,627,228,399
121000981,466,420,46
121000982,401,188,213
121000983,500,602,-102
121000984,63,98,-35
121000985,596,555,41
121000986,335,235,100
121000987,446,1248,-802
121000988,771,132,639
121001302,365,140,225
121001308,1,17,-16
121001309,129,119,10
121001313,288,235,53
121001314,2537,3457,-920
121001315,5161,3106,2055
121900001,160,246,-86
121900002,77,42,35
121900003,394,22,372
121900004,161,484,-323
121900005,56,19,37
121900006,88,6,82
121900007,2432,2791,-359
121900008,3136,1249,1887
121900009,685,26,659
121900010,231,3,228
121900011,479,582,-103
121900012,40,4,36
121900013,1886,123,1763
121900014,1410,450,960
121900015,222,265,-43
121900016,3,33,-30
121900017,1909,556,1353
121900018,443,11,432
121900019,590,337,253
121900020,24,2,22
121900021,914,24,890
121900022,313,261,52
121900023,168,410,-242
121900024,407,120,287
121900025,701,441,260
121900026,477,77,400
121900027,428,287,141
121900028,332,11,321
121900029,150,279,-129
121900030,640,739,-99
121900031,1376,6341,-4965
121900032,173,144,29
121900033,217,212,5
121900034,375,91,284
121900035,3263,2737,526
121900036,84,364,-280
121900037,238,815,-577
121900038,83,170,-87
121900039,518,70,448
121900040,119,113,6
121900041,99,211,-112
121900042,406,181,225
121900043,5,5,0
121900044,228,56,172
121900046,354,506,-152
121900047,241,71,170
121900048,76,170,-94
121900050,58,74,-16
121900051,142,163,-21
121900052,167,68,99
121900053,1027,350,677
121900054,796,1017,-221
121900055,6,41,-35
121900058,223,263,-40
121900059,582,178,404
121900060,148,364,-216
121900061,320,254,66
121900062,248,133,115
121900063,1753,454,1299
121900064,300,746,-446
121900066,52,47,5
121900067,92,91,1
121900069,213,149,64
121900070,279,113,166
121900071,412,531,-119
121900072,48,199,-151
121900073,257,269,-12
121900074,1011,1219,-208
121900075,585,499,86
121900076,460,748,-288
121900077,11,43,-32
121900078,129,63,66
121900079,0,2,-2
121900080,1448,620,828
121900082,47,135,-88
121900084,27,207,-180
121900085,3,19,-16
121900086,31,75,-44
121900087,218,130,88
121900088,2404,3918,-1514
121900089,190,487,-297
121900090,100,169,-69
121900091,56,153,-97
121900092,133,109,24
121900093,104,139,-35
121900094,28,15,13
121900095,253,145,108
121900096,1513,1277,236
121900097,594,406,188
121900098,5,10,-5
121900099,250,109,141
121900100,412,640,-228
121900101,264,171,93
121900102,9,216,-207
121900103,644,337,307
121900104,1886,415,1471
121900105,303,382,-79
121900106,9,9,0
121900107,38,56,-18
121900108,12,53,-41
121900109,359,161,198
121900110,572,1105,-533
121900111,1027,228,799
121900112,214,174,40
121900113,103,409,-306
121900114,84,119,-35
121900115,226,382,-156
121900117,522,109,413
121900118,2708,950,1758
121900119,312,132,180
121900120,52,1592,-1540
121900121,550,57,493
121900122,37,100,-63
121900123,350,520,-170
121900124,184,214,-30
121900125,2394,1253,1141
121900127,19,112,-93
121900128,84,163,-79
121900129,773,214,559
121900130,122,270,-148
121900131,319,90,229
121900132,42,150,-108
121900133,111,1072,-961
121900134,70,210,-140
121900135,2964,535,2429
121900136,1153,402,751
121900137,70,437,-367
121900138,186,352,-166
121900139,402,547,-145
121900140,126,374,-248
121900141,99,69,30
121900142,207,327,-120
121900143,40,232,-192
121900144,169,289,-120
121900145,326,297,29
121900146,662,1148,-486
121900147,58,202,-144
121900148,208,408,-200
121900149,420,859,-439
121900150,109,151,-42
121900151,97,255,-158
121900152,119,208,-89
121900153,151,1000,-849
121900154,10,263,-253
121900155,1,267,-266
121900156,295,145,150
121900157,5,430,-425
121900158,143,147,-4
121900159,1,278,-277
121900160,83,354,-271
121900161,479,480,-1
121900162,81,217,-136
121900163,239,1228,-989
121900164,622,272,350
121900165,697,221,476
121900166,168,187,-19
121900167,63,159,-96
121900168,216,332,-116
121900169,3,235,-232
121900170,22,263,-241
121900171,953,772,181
121900172,883,323,560
121900173,1415,355,1060
121900174,37,96,-59
121900175,411,294,117
121900176,701,1753,-1052
121900177,370,88,282
121900179,830,204,626
121900180,5278,4894,384
121900182,688,327,361
121900183,859,1163,-304
121900184,124,772,-648
121900186,18,349,-331
121900187,52,244,-192
121900188,575,602,-27
121900189,68,175,-107
121900190,280,572,-292
121900191,163,192,-29
121900192,440,697,-257
121900194,7,210,-203
121900195,104,141,-37
121900196,1402,1354,48
121900197,509,1827,-1318
121900198,1273,969,304
121900199,2,38,-36
121900200,126,345,-219
121900201,1390,965,425
121900202,311,841,-530
121900203,292,997,-705
121900204,1029,1502,-473
121900205,166,284,-118
121900206,13,49,-36
121900207,168,61,107
121900208,195,368,-173
121900209,71,63,8
121900210,1234,1145,89
121900211,57,190,-133
121900212,377,134,243
121900213,154,88,66
121900214,9,537,-528
121900215,66,134,-68
121900216,52,251,-199
121900217,360,172,188
121900218,229,409,-180
121900219,323,98,225
121900220,192,15,177
121900221,295,714,-419
121900222,184,211,-27
121900223,238,80,158
121900224,109,69,40
121900225,110,124,-14
121900226,402,1402,-1000
121900227,351,713,-362
121900228,306,446,-140
121900229,333,352,-19
121900230,198,455,-257
121900231,718,2845,-2127
121900232,348,568,-220
121900233,292,308,-16
121900234,370,329,41
121900235,522,237,285
121900236,568,221,347
121900237,218,277,-59
121900238,173,363,-190
121900239,692,69,623
121900240,279,157,122
121900241,64,92,-28
121900242,11,0,11
121900243,28,0,28
121900244,104,11,93
121900245,230,123,107
121900246,2211,308,1903
121900247,811,352,459
121900248,1922,1535,387
121900250,312,381,-69
121900251,525,67,458
121900252,734,180,554
121900253,188,800,-612
121900254,611,344,267
121900255,334,144,190
121900258,3903,2463,1440
121900259,474,727,-253
121900260,149,242,-93
121900261,218,688,-470
121900262,430,1117,-687
121900263,378,338,40
121900264,2535,1907,628
121900265,308,350,-42
121900266,516,184,332
121900267,77,38,39
121900269,348,956,-608
121900270,49,248,-199
121900271,60,211,-151
121900273,486,1897,-1411
121900274,277,420,-143
121900276,694,169,525
121900277,853,1574,-721
121900278,167,1187,-1020
121900279,126,265,-139
121900280,198,407,-209
121900281,868,755,113
121900284,133,6,127
121900286,367,152,215
121900287,20,26,-6
121900290,349,434,-85
121900291,434,699,-265
121900292,131,138,-7
121900293,1152,3265,-2113
121900294,304,5,299
121900295,181,307,-126
121900296,94,259,-165
121900298,371,798,-427
121900299,3,2,1
121900300,164,7,157
121900301,52,10,42
121900302,3,48,-45
121900303,378,515,-137
121900304,1,105,-104
121900305,9,22,-13
121900306,293,4,289
121900307,124,37,87
121900308,53,290,-237
121900309,18,289,-271
121900310,30,556,-526
121900311,510,21,489
121900312,415,19,396
121900313,321,24,297
121900314,2,98,-96
121900315,14,0,14
121900316,0,12,-12
121900317,24,11,13
121900318,1,18,-17
121900319,32,133,-101
121900320,30,85,-55
121900321,8,5,3
121900322,1,21,-20
121900323,23,21,2
121900324,3,57,-54
121900325,20,1,19
121900326,10,9,1
121900327,2,96,-94
121900328,1,69,-68
121900329,1,221,-220
121900330,7,20,-13
121900331,111,39,72
121900332,137,51,86
122000001,2600,5189,-2589
122000002,4936,1947,2989
122000003,2554,2870,-316
122000004,3622,2010,1612
122000005,2911,1980,931
122000006,2132,1041,1091
122000007,1335,2100,-765
122000008,4632,5868,-1236
122000009,506,474,32
122000010,2472,3054,-582
122000011,4124,1663,2461
122000012,1379,1748,-369
122000013,1615,955,660
122000014,1729,1265,464
122000015,1742,1344,398
122000016,729,1089,-360
122000017,1285,1167,118
122000018,1764,1573,191
122000019,884,1359,-475
122000020,268,243,25
122000021,526,606,-80
122000022,1336,1271,65
122000023,767,1976,-1209
122000024,995,1461,-466
122000025,1672,2137,-465
122000026,1502,1253,249
122000027,799,2506,-1707
122000028,1166,540,626
122000029,609,532,77
122000030,462,149,313
122000031,549,325,224
122000032,1960,2386,-426
122000033,767,1323,-556
122000034,929,709,220
122000035,429,885,-456
122000036,684,652,32
122000037,378,320,58
122000038,339,433,-94
122000039,638,475,163
122000040,380,284,96
122000041,560,751,-191
122000042,333,572,-239
122000043,127,126,1
122000044,170,155,15
122000045,1342,579,763
122000046,831,904,-73
122000047,430,254,176
122000048,5429,5554,-125
122000049,7229,3860,3369
122000050,1842,1016,826
122000051,449,335,114
122000052,689,454,235
122000053,200,853,-653
122000054,2918,2496,422
122000055,2539,3514,-975
122000056,6020,4268,1752
122000057,4200,4039,161
122000058,3301,1472,1829
122000059,3893,1923,1970
122000060,753,741,12
122000061,593,638,-45
122000062,1470,414,1056
122000063,1825,838,987
122000064,3944,3238,706
122000065,4814,2965,1849
122000066,1545,1130,415
122000067,1617,1443,174
122000068,1848,1401,447
122000069,990,755,235
122000070,1205,1903,-698
122000071,1734,1441,293
122000072,489,404,85
122000073,432,658,-226
122000074,3249,1884,1365
122000075,1200,1415,-215
122000076,2459,1377,1082
122000077,1500,911,589
122000078,2899,3077,-178
122000079,2098,1465,633
122000080,907,417,490
122000081,231,341,-110
122000082,1067,950,117
122000083,1933,2330,-397
122000084,1996,1065,931
122000085,367,1262,-895
122000086,2271,5464,-3193
122000087,551,271,280
122000088,542,587,-45
122000089,6097,2718,3379
122000090,342,601,-259
122000091,289,117,172
122000092,141,21,120
122000093,2096,1949,147
122000094,7246,2986,4260
122000095,3792,4519,-727
122000096,2978,2136,842
122000098,4106,2537,1569
122000099,2248,702,1546
122000100,1059,587,472
122000101,460,765,-305
122000102,2398,1480,918
122000103,2385,2040,345
122000104,513,270,243
122000105,968,364,604
122000106,517,773,-256
122000107,1229,585,644
122000108,605,947,-342
122000109,484,360,124
122000110,584,643,-59
122000111,3070,1589,1481
122000112,1100,1509,-409
122000113,731,774,-43
122000114,3465,1577,1888
122000115,2044,1395,649
122000116,821,598,223
122000117,2779,535,2244
122000118,677,1123,-446
122000119,3856,3060,796
122000120,2345,5655,-3310
122000121,2284,4273,-1989
122000122,993,2695,-1702
122000123,2054,2334,-280
122000124,1131,794,337
122000125,875,952,-77
122000126,775,1720,-945
122000127,1279,1864,-585
122000128,606,1004,-398
122000129,897,1382,-485
122000130,3745,1854,1891
122000131,1543,1650,-107
122000132,701,889,-188
122000133,1144,2262,-1118
122000134,1056,1029,27
122000135,854,1170,-316
122000136,972,773,199
122000137,2252,1481,771
122000139,1581,3864,-2283
122000140,1157,844,313
122000141,5720,1209,4511
122000142,639,949,-310
122000143,606,428,178
122000144,1582,1626,-44
122000145,1754,924,830
122000146,2230,1261,969
122000147,720,533,187
122000148,2797,2323,474
122000149,2438,2057,381
122000150,1303,1131,172
122000151,218,433,-215
122000152,402,455,-53
122000153,404,427,-23
122000154,312,321,-9
122000155,2014,2713,-699
122000156,2967,2885,82
122000157,1959,2346,-387
122000158,405,782,-377
122000159,1063,1984,-921
122000160,3731,2797,934
122000161,1152,1090,62
122000162,2717,2009,708
122000163,323,103,220
122000164,40,101,-61
122000165,1341,824,517
122000166,1422,1043,379
122000167,331,255,76
122000168,246,653,-407
122000169,512,223,289
122000170,404,311,93
122000171,68,102,-34
122000172,1797,1709,88
122000173,1598,2837,-1239
122000174,2658,1058,1600
122000175,1233,329,904
122000176,413,920,-507
122000177,1686,1485,201
122000178,2931,2381,550
122000179,1903,2709,-806
122000180,1965,1601,364
122000181,2063,3341,-1278
122000182,2436,1746,690
122000183,2114,1109,1005
122000184,3697,2456,1241
122000185,1771,1720,51
122000186,577,790,-213
122000187,1900,1178,722
122000188,541,217,324
122000189,353,362,-9
122000190,1173,1193,-20
122000191,1011,853,158
122000192,1415,405,1010
122000193,547,815,-268
122000194,633,249,384
122000195,153,601,-448
122000196,1373,831,542
122000197,699,931,-232
122000198,588,1108,-520
122000199,487,432,55
122000200,1063,652,411
122000201,1711,1590,121
122000202,1529,1566,-37
122000203,4987,1660,3327
122000204,2021,2236,-215
122000205,1567,1598,-31
122000206,2481,1133,1348
122000207,2252,1613,639
122000208,2570,1688,882
122000209,2159,408,1751
122000210,2453,2171,282
122000211,1673,1446,227
122000212,834,620,214
122000213,1345,1590,-245
122000214,2380,1949,431
122000215,2268,1936,332
122000217,2524,1565,959
122000218,807,84,723
122000219,1506,1043,463
122000220,513,822,-309
122000221,122,517,-395
122000222,686,154,532
122000223,1847,635,1212
122000225,944,337,607
122000226,2752,2000,752
122000227,473,2553,-2080
122000228,515,466,49
122000229,147,570,-423
122000230,546,632,-86
122000231,1180,994,186
122000232,973,998,-25
122000233,0,95,-95
122000234,350,148,202
122000235,862,203,659
122000236,1194,151,1043
122000237,290,105,185
122000238,882,342,540
122000239,1688,243,1445
122000240,1463,921,542
122000241,877,467,410
122000242,869,205,664
122000243,25,39,-14
122000244,16,301,-285
122000245,33,103,-70
122000246,128,127,1
122000247,1505,290,1215
122000248,1134,1822,-688
122000249,2923,1131,1792
122000250,2660,1303,1357
122000251,311,491,-180
122000252,679,332,347
122000253,104,279,-175
122000254,401,237,164
122000255,965,2384,-1419
122000256,613,1193,-580
122000257,319,372,-53
122000258,377,372,5
122000259,24,508,-484
122000260,8,102,-94
122000261,20,254,-234
122000262,0,62,-62
122000263,611,153,458
122000264,1636,551,1085
122000265,2724,1199,1525
122000266,4789,767,4022
122000267,191,204,-13
122000268,192,695,-503
122000269,1002,546,456
122000270,772,200,572
122000271,370,1415,-1045
122000272,433,1281,-848
122000273,467,479,-12
122000274,250,223,27
122000275,208,245,-37
122000276,847,778,69
122000277,1522,1659,-137
122000278,2359,1218,1141
122000279,325,572,-247
122000280,1187,951,236
122000281,1024,1178,-154
122000282,384,256,128
122000283,591,203,388
122000284,275,113,162
122000285,545,129,416
122000286,120,175,-55
122000287,1303,1819,-516
122000288,529,368,161
122000291,2191,885,1306
122000293,454,317,137
122000294,169,210,-41
122000295,2086,257,1829
122000296,63,617,-554
122000297,3277,3108,169
122000299,517,490,27
122000300,604,700,-96
122000301,13136,3685,9451
122000302,971,1514,-543
122000303,4349,1522,2827
122000304,116,422,-306
122000305,1236,301,935
122000306,18,924,-906
122000307,199,181,18
122000309,125,59,66
122000310,24,87,-63
122000311,275,150,125
122000312,239,176,63
122000313,125,80,45
122000314,122,296,-174
122000315,306,61,245
122000316,944,224,720
122000317,1529,345,1184
122000318,313,876,-563
122000319,314,503,-189
122000320,452,2095,-1643
122000321,102,219,-117
122000322,2562,2270,292
122000323,1828,2393,-565
122000324,1310,1317,-7
122000325,2155,1607,548
122000326,60,123,-63
122000327,475,828,-353
122000328,973,791,182
122000330,2449,907,1542
122000332,379,452,-73
122000333,3,108,-105
122000337,1182,1936,-754
122000338,597,587,10
122000340,423,532,-109
122000342,1949,1065,884
122000343,346,621,-275
122000344,67,20,47
122000345,83,45,38
122000346,837,675,162
122000348,860,905,-45
122000349,164,753,-589
122000351,139,200,-61
122000352,389,142,247
122000353,78,132,-54
122000355,151,312,-161
122000356,1571,1381,190
122000357,104,27,77
122000358,0,60,-60
122000359,0,46,-46
122000360,0,58,-58
122000362,13,80,-67
122000364,191,473,-282
122000365,7,41,-34
122000366,19,16,3
122000368,466,837,-371
122000370,42,75,-33
122000371,22,0,22
122000372,14,0,14
122000381,103,384,-281
122000382,92,317,-225
122000384,4251,1510,2741
122000385,93,1,92
122000386,490,1385,-895
122000387,678,755,-77
122000388,1646,727,919
122000389,186,755,-569
122000390,459,285,174
122000391,411,281,130
122000392,646,319,327
122000393,130,242,-112
122000394,647,455,192
122000395,250,243,7
122000396,299,178,121
122000397,93,70,23
122000398,89,117,-28
122000399,157,101,56
122000400,150,526,-376
122000401,145,135,10
122000402,364,140,224
122000403,653,1053,-400
122000404,198,309,-111
122000408,1077,1400,-323
122000503,29,106,-77
122000524,999,159,840
122000544,195,2591,-2396
122000616,423,2,421
122000640,92,147,-55
122000641,107,365,-258
122000642,1179,1573,-394
122000643,72,203,-131
122000644,229,61,168
122000645,130,175,-45
122000651,1890,1035,855
122000664,154,59,95
122000665,1438,632,806
122000666,824,1270,-446
122000673,37,319,-282
122000674,191,85,106
122000675,1945,1321,624
122000686,795,1196,-401
122000687,1804,422,1382
122000688,426,758,-332
122000689,838,531,307
122000690,2186,626,1560
122000691,2027,2064,-37
122000692,1868,491,1377
122000693,498,2086,-1588
122000695,445,609,-164
122000696,384,383,1
122000698,434,1107,-673
122000699,231,226,5
122000701,1403,355,1048
122000702,536,1362,-826
122000703,187,75,112
122000717,159,61,98
122000718,402,834,-432
122000719,132,152,-20
122000720,373,250,123
122900001,68,13,55
122900002,1499,5185,-3686
122900003,523,92,431
122900004,1054,70,984
122900005,169,73,96
122900006,1375,513,862
122900007,677,91,586
122900008,892,75,817
122900009,995,528,467
122900010,317,142,175
122900012,274,497,-223
122900014,212,368,-156
122900015,2459,1158,1301
122900016,108,434,-326
122900017,472,1096,-624
122900018,215,31,184
122900019,27,242,-215
122900020,441,584,-143
122900021,104,799,-695
122900022,1067,894,173
122900023,568,292,276
122900024,173,120,53
122900025,23,407,-384
122900026,89,463,-374
122900027,75,1008,-933
122900028,159,242,-83
122900029,5019,3483,1536
122900030,1248,700,548
122900031,106,332,-226
122900032,198,490,-292
122900033,236,203,33
122900034,5937,5686,251
122900035,52,43,9
122900036,84,109,-25
122900037,385,212,173
122900038,141,3200,-3059
122900039,120,631,-511
122900040,323,520,-197
122900041,416,386,30
122900042,229,399,-170
122900043,503,293,210
122900044,114,408,-294
122900045,129,173,-44
122900046,290,228,62
122900047,167,266,-99
122900048,74,242,-168
122900049,1853,182,1671
122900051,122,195,-73
122900052,95,268,-173
122900053,49,45,4
122900055,859,256,603
122900057,339,101,238
122900061,597,199,398
122900062,707,811,-104
122900063,188,425,-237
122900064,1202,532,670
122900065,561,323,238
122900066,845,423,422
122900067,1752,1099,653
122900068,418,355,63
122900069,719,1701,-982
122900070,476,89,387
122900071,150,484,-334
122900072,31,709,-678
122900073,35,324,-289
122900074,845,787,58
122900075,2,92,-90
122900076,13,203,-190
122900077,1,198,-197
122900078,245,149,96
122900080,61,63,-2
122900081,202,280,-78
122900082,1022,718,304
122900083,189,686,-497
122900084,15,284,-269
122900086,23,158,-135
122900087,302,968,-666
122900088,35,216,-181
122900089,123,301,-178
122900090,16,540,-524
122900091,177,9,168
122900092,0,207,-207
122900093,1,340,-339
122900094,5,236,-231
122900095,175,7,168
122900096,451,189,262
122900097,31,37,-6
122900098,177,135,42
122900099,64,25,39
122900100,389,275,114
122900101,467,243,224
122900102,20,56,-36
122900103,44,6,38
122900104,73,9,64
122900105,13,32,-19
122900106,9,87,-78
122900107,8,146,-138
122900108,10,163,-153
123000001,1896,498,1398
123000002,4640,5491,-851
123000003,4308,4385,-77
123000004,3525,4507,-982
123000005,3013,3281,-268
123000006,2724,3094,-370
123000007,4781,3053,1728
123000008,3747,3497,250
123000009,5294,3296,1998
123000010,4066,4039,27
123000011,2919,983,1936
123000012,925,2488,-1563
123000013,3918,1024,2894
123000014,1110,3806,-2696
123000015,5363,1415,3948
123000016,5374,5570,-196
123000017,3363,1784,1579
123000018,71,147,-76
123000019,339,338,1
123000020,214,247,-33
123000021,105,268,-163
123000022,376,1762,-1386
123000023,1636,1810,-174
123000024,1506,702,804
123000025,172,164,8
123000026,678,102,576
123000027,280,543,-263
123000028,1883,352,1531
123000029,1342,1015,327
123000030,247,617,-370
123000031,243,297,-54
123000032,403,184,219
123000033,241,95,146
123000034,1032,804,228
123000035,446,442,4
123000036,366,975,-609
123000037,512,682,-170
123000038,140,180,-40
123000039,508,1497,-989
123000040,929,521,408
123000041,1264,1169,95
123000042,1339,713,626
123000043,3817,9803,-5986
123000044,5661,3292,2369
123000045,10075,3689,6386
123000046,981,1794,-813
123000047,2785,1060,1725
123000048,157,814,-657
123000049,8632,11012,-2380
123000050,1494,1593,-99
123000051,101,185,-84
123000052,904,3762,-2858
123000053,2916,4004,-1088
123000054,1444,1888,-444
123000055,1739,2383,-644
123000056,1339,2728,-1389
123000057,16366,8913,7453
123000058,887,1150,-263
123000059,522,701,-179
123000060,1065,659,406
123000061,420,1004,-584
123000063,985,1045,-60
123000064,1219,429,790
123000065,11535,3603,7932
123000066,912,747,165
123000067,929,662,267
123000068,3900,3416,484
123000069,8399,4517,3882
123000070,356,895,-539
123000071,1164,1110,54
123000072,1291,1503,-212
123000073,1307,976,331
123000074,1158,1538,-380
123000075,384,1289,-905
123000076,1312,879,433
123000077,2159,3443,-1284
123000078,1726,1835,-109
123000079,1679,2104,-425
123000080,2722,2653,69
123000081,193,530,-337
123000082,391,1540,-1149
123000083,1076,273,803
123000084,709,559,150
123000085,316,109,207
123000086,514,249,265
123000087,537,402,135
123000088,1912,1193,719
123000089,618,1168,-550
123000090,1324,1139,185
123000091,1554,1342,212
123000092,963,1234,-271
123000094,621,367,254
123000095,681,848,-167
123000096,700,563,137
123000097,558,906,-348
123000098,744,736,8
123000099,666,781,-115
123000100,718,882,-164
123000101,803,734,69
123000102,683,771,-88
123000104,469,424,45
123000105,773,503,270
123000106,529,428,101
123000107,487,537,-50
123000108,750,1217,-467
123000111,1015,443,572
123000112,1210,699,511
123000113,626,1679,-1053
123000114,580,681,-101
123000115,432,341,91
123000116,43,131,-88
123000117,2983,2441,542
123000118,527,1087,-560
123000119,399,977,-578
123000120,712,996,-284
123000121,520,593,-73
123000122,420,290,130
123000123,437,620,-183
123000124,555,519,36
123000125,1165,1134,31
123000126,1436,4359,-2923
123000127,926,749,177
123000128,285,295,-10
123000129,726,280,446
123000130,808,132,676
123000131,936,715,221
123000132,385,621,-236
123000133,343,405,-62
123000134,435,250,185
123000135,2579,1433,1146
123000136,295,992,-697
123000137,160,420,-260
123000138,129,483,-354
123000139,522,174,348
123000140,182,922,-740
123000141,987,154,833
123000142,1018,1281,-263
123000143,1207,2285,-1078
123000144,151,74,77
123000145,456,151,305
123000146,53,99,-46
123000147,113,154,-41
123000149,392,413,-21
123000150,181,254,-73
123000151,334,491,-157
123000152,360,550,-190
123000153,925,795,130
123000154,1957,1971,-14
123000155,2579,1471,1108
123000156,41,112,-71
123000157,549,943,-394
123000158,729,611,118
123000159,3771,2800,971
123000160,1015,847,168
123000161,1862,1350,512
123000162,1057,1994,-937
123000163,515,172,343
123000164,1740,436,1304
123000165,564,2119,-1555
123000166,52,164,-112
123000167,177,328,-151
123000168,256,299,-43
123000169,862,165,697
123000170,96,263,-167
123000171,786,42,744
123000172,750,683,67
123000173,821,316,505
123000174,1100,374,726
123000175,1347,1608,-261
123000176,1427,289,1138
123000177,862,1370,-508
123000178,782,174,608
123000179,57,807,-750
123000180,1827,392,1435
123000181,336,1677,-1341
123000182,329,647,-318
123000183,162,475,-313
123000184,377,827,-450
123000185,726,495,231
123000186,8,856,-848
123000187,646,10,636
123000188,201,1,200
123000189,188,228,-40
123000190,74,89,-15
123000192,28,682,-654
123000193,85,1278,-1193
123000194,545,442,103
123000195,436,41,395
123000196,393,28,365
123000197,36,137,-101
123000198,27,379,-352
123000199,18,801,-783
123000200,612,13,599
123000201,1063,27,1036
123000202,15,1509,-1494
123000203,1005,91,914
123000204,147,1689,-1542
123000205,704,2547,-1843
123000206,2454,286,2168
123000207,112,1273,-1161
123000208,539,250,289
123000209,2410,623,1787
123000210,649,3002,-2353
123000211,781,3788,-3007
123000212,3186,605,2581
123000213,791,87,704
123000215,132,201,-69
123000216,269,1778,-1509
123000217,245,37,208
123000218,100,742,-642
123000219,1314,120,1194
123000220,560,98,462
123000221,391,131,260
123000222,510,639,-129
123000223,458,479,-21
123000224,481,565,-84
123000225,358,99,259
123000226,131,461,-330
123000227,104,413,-309
123000228,265,96,169
123000229,1408,2012,-604
123000232,199,746,-547
123000233,909,223,686
123000234,184,763,-579
123000235,925,508,417
123000236,382,995,-613
123000237,302,91,211
123000238,118,558,-440
123000239,680,1855,-1175
123000240,78,445,-367
123000241,650,155,495
123000242,236,239,-3
123000243,847,988,-141
123000244,979,815,164
123000245,76,177,-101
123000249,466,630,-164
123000252,974,247,727
123000253,1164,583,581
123000254,927,1346,-419
123000255,1355,1190,165
123000256,43,366,-323
123000257,3363,2653,710
123000258,1697,1117,580
123000259,319,431,-112
123000260,543,532,11
123000261,302,246,56
123000262,93,220,-127
123000263,434,113,321
123000264,183,109,74
123000265,91,192,-101
123000266,715,977,-262
123000267,703,406,297
123000268,35,69,-34
123000269,57,62,-5
123000270,48,43,5
123000271,80,72,8
123000272,778,305,473
123000273,295,638,-343
123000274,1249,669,580
123000275,376,1014,-638
123000278,4578,3052,1526
123000279,97,81,16
123000280,732,380,352
123000281,395,148,247
123000282,177,328,-151
123000283,133,68,65
123000284,61,116,-55
123000286,356,355,1
123000287,686,331,355
123000288,1734,809,925
123000289,467,1081,-614
123000291,342,900,-558
123000294,133,244,-111
123000295,1083,1014,69
123000296,758,488,270
123000297,391,487,-96
123000298,450,339,111
123000299,34,141,-107
123000300,1086,893,193
123000301,170,258,-88
123000302,89,246,-157
123000303,117,133,-16
123000305,972,775,197
123000306,114,268,-154
123000309,57,83,-26
123000310,44,43,1
123000311,0,135,-135
123000312,575,1151,-576
123000313,532,328,204
123000315,105,438,-333
123000316,1318,74,1244
123000317,242,61,181
123000318,69,285,-216
123000329,23,15,8
123000337,1055,387,668
123000338,616,68,548
123000339,237,423,-186
123000340,187,574,-387
123000342,343,20,323
123000343,31,12,19
123000344,1540,957,583
123000345,474,1046,-572
123000346,309,61,248
123000352,1591,988,603
123000353,45,129,-84
123000354,365,3,362
123000355,0,567,-567
123000356,342,13,329
123000357,1,173,-172
123000359,7,176,-169
123000360,243,101,142
123000361,375,341,34
123000362,391,143,248
123000363,125,249,-124
123000364,610,538,72
123000365,27,455,-428
123000366,486,2163,-1677
123000367,298,1364,-1066
123000370,46,292,-246
123000371,768,31,737
123000372,379,27,352
123000373,12,437,-425
123000374,41,261,-220
123000375,494,56,438
123000376,933,619,314
123000377,470,21,449
123000378,21,372,-351
123000379,9,248,-239
123000380,86,528,-442
123000381,169,66,103
123000382,1532,133,1399
123000383,267,1555,-1288
123000384,500,97,403
123000385,232,638,-406
123000436,41,1033,-992
123000507,162,315,-153
123000508,143,1098,-955
123000517,336,42,294
123000518,36,267,-231
123000519,182,77,105
123000520,61,272,-211
123000521,367,103,264
123000522,142,456,-314
123000541,14,1,13
123000542,0,24,-24
123000565,685,66,619
123000566,233,716,-483
123000567,126,286,-160
123000573,58,988,-930
123000574,804,65,739
123000575,1361,1386,-25
123000576,995,1733,-738
123000577,111,767,-656
123000578,640,96,544
123000579,3473,5832,-2359
123000580,114,38,76
123000582,545,51,494
123000583,33,413,-380
123000584,213,303,-90
123000585,1,158,-157
123000586,110,0,110
123000596,143,127,16
123000597,100,157,-57
123000602,46,11,35
123000603,769,736,33
123000604,472,931,-459
123000605,827,108,719
123000606,1,376,-375
123000609,31,455,-424
123000610,256,213,43
123000613,30,202,-172
123000614,377,81,296
123000615,59,141,-82
123000616,755,66,689
123000617,133,549,-416
123000618,110,683,-573
123000619,622,51,571
123000620,37,491,-454
123000622,475,51,424
123000624,161,44,117
123000630,1009,498,511
123000631,278,1402,-1124
123000632,919,1088,-169
123000633,0,214,-214
123000634,68,139,-71
123000635,125,110,15
123000636,23,627,-604
123000637,133,124,9
123000638,576,67,509
123000639,1305,3945,-2640
123000640,29,875,-846
123900001,1451,68,1383
123900002,55,1273,-1218
123900003,562,436,126
123900005,261,167,94
123900006,274,38,236
124000001,2144,182,1962
124000002,136,1944,-1808
124000003,926,207,719
124000004,81,619,-538
124000005,1083,509,574
124000006,322,1345,-1023
124000007,548,124,424
124000008,18,628,-610
124000009,574,286,288
124000010,229,458,-229
124000011,1161,380,781
124000012,351,633,-282
124000017,208,250,-42
124000018,115,63,52
124000019,133,195,-62
124000020,83,182,-99
124000021,138,151,-13
124000022,147,247,-100
124000023,1713,1609,104
124000024,1240,516,724
124000025,1183,1766,-583
124000026,1126,1120,6
124000027,5456,5556,-100
124000028,2619,4987,-2368
124000030,3385,1567,1818
124000031,1341,2864,-1523
124000032,3093,1191,1902
124000033,197,342,-145
124000034,1079,730,349
124000035,53,223,-170
124000036,69,190,-121
124000037,936,1238,-302
124000038,83,89,-6
124000039,1626,533,1093
124000040,770,1314,-544
124000041,648,91,557
124000042,166,491,-325
124000043,155,125,30
124000044,62,239,-177
124000045,698,757,-59
124000046,305,665,-360
124000047,1730,1207,523
124000048,1004,1472,-468
124000049,2114,900,1214
124000050,981,1954,-973
124000051,1062,722,340
124000052,724,1226,-502
124000053,560,1612,-1052
124000054,964,695,269
124000055,1632,2722,-1090
124000056,2541,1892,649
124000057,868,779,89
124000058,562,1484,-922
124000059,659,1293,-634
124000060,1482,806,676
124000061,1560,5143,-3583
124000062,4531,2259,2272
124000063,1452,1985,-533
124000064,2700,1703,997
124000065,11,457,-446
124000066,103,67,36
124000067,206,240,-34
124000068,11,33,-22
124000069,284,12,272
124000070,67,156,-89
124000071,829,153,676
124000072,426,465,-39
124000073,943,196,747
124000074,231,848,-617
124000075,407,44,363
124000076,5,287,-282
124000077,1920,1039,881
124000078,3783,1348,2435
124000079,687,1583,-896
124000080,671,265,406
124000081,280,595,-315
124000082,93,209,-116
124000083,73,105,-32
124000084,61,252,-191
124000085,204,25,179
124000086,92,93,-1
124000087,478,159,319
124000088,474,510,-36
124000089,1166,688,478
124000090,130,365,-235
124000091,359,88,271
124000092,50,473,-423
124000093,157,129,28
124000094,274,502,-228
124000095,93,111,-18
124000096,124,364,-240
124000097,91,150,-59
124000098,58,113,-55
124000099,116,101,15
124000100,69,76,-7
124000101,77,167,-90
124000102,114,86,28
124000103,78,133,-55
124000104,105,60,45
124000105,73,108,-35
124000106,123,73,50
124000107,16,149,-133
124000108,71,35,36
124000109,107,122,-15
124000110,236,128,108
124000111,220,143,77
124000112,639,771,-132
124000113,102,101,1
124000114,287,525,-238
124000115,496,774,-278
124000116,130,143,-13
124000117,53,90,-37
124000118,47,84,-37
124000119,1130,696,434
124000120,635,473,162
124000121,1648,841,807
124000122,593,1251,-658
124000123,1201,564,637
124000124,521,1359,-838
124000125,438,549,-111
124000126,352,774,-422
124000127,1003,448,555
124000128,583,1124,-541
124000129,2261,1820,441
124000130,929,742,187
124000131,985,673,312
124000132,1095,925,170
124000133,827,898,-71
124000134,1140,765,375
124000135,2073,2184,-111
124000136,1195,1310,-115
124000137,1751,994,757
124000138,2163,1640,523
124000139,865,37,828
124000140,65,704,-639
124000141,196,19,177
124000142,8,213,-205
124000143,70,28,42
124000144,29,69,-40
124000145,193,75,118
124000146,161,103,58
124000148,128,125,3
124000149,1895,668,1227
124000150,653,794,-141
124000151,742,284,458
124000152,844,1177,-333
124000153,921,685,236
124000154,432,739,-307
124000155,1274,891,383
124000156,1463,1091,372
124000169,211,463,-252
124000170,620,554,66
124000171,339,289,50
124000172,503,738,-235
124000173,479,215,264
124000174,373,702,-329
124000175,30,142,-112
124000176,100,39,61
124000177,17,44,-27
124000178,60,92,-32
124000190,51,33,18
124000191,90,47,43
124000192,2566,413,2153
124000193,880,1066,-186
124000194,449,533,-84
124000195,256,626,-370
124000196,1102,1255,-153
124000197,98,51,47
124000198,73,69,4
124000201,405,1031,-626
124000202,802,616,186
124000203,986,746,240
124000204,888,490,398
124000205,197,549,-352
124000206,1002,405,597
124000207,0,65,-65
124000209,206,580,-374
124000210,480,251,229
124000211,670,6,664
124000212,2,556,-554
124000213,449,330,119
124000214,402,714,-312
124000215,351,65,286
124000216,2,453,-451
124000329,264,1817,-1553
124000338,268,945,-677
124000339,1093,380,713
124000341,1295,404,891
124000344,62,28,34
124000357,1080,2091,-1011
124000358,944,1345,-401
124000359,1396,818,578
124000360,907,607,300
124000361,2037,773,1264
124000362,1566,1906,-340
124000363,305,456,-151
124000364,693,1185,-492
124000365,645,1173,-528
124000366,1672,1070,602
124000367,145,568,-423
124000368,569,340,229
124000369,171,144,27
124000370,80,627,-547
124000402,53,40,13
124000403,169,59,110
124000404,27,152,-125
124000405,1362,990,372
124000406,812,981,-169
124000407,3,44,-41
124000411,9,401,-392
124000412,421,16,405
124000413,242,41,201
124000414,93,127,-34
124000415,61,128,-67
124000416,188,223,-35
124000417,171,105,66
124000418,159,126,33
124000419,85,138,-53
124000420,75,84,-9
124000421,45,207,-162
124000422,27,23,4
124000423,172,58,114
124000424,4,79,-75
124000425,36,29,7
124000426,10,48,-38
124000427,34,12,22
124000428,11,51,-40
124000429,67,59,8
124000430,653,600,53
124000431,469,806,-337
124000432,253,808,-555
124000439,2,1,1
124000442,10,120,-110
124000443,1,3,-2
124000445,185,366,-181
124000446,761,54,707
124900001,370,384,-14
124900002,254,343,-89
124900003,982,575,407
124900004,513,322,191
124900005,296,252,44
124900006,718,336,382
124900008,1591,705,886
124900009,258,557,-299
124900010,290,188,102
124900011,817,339,478
124900012,982,245,737
124900013,597,187,410
124900014,447,83,364
124900015,185,599,-414
124900016,102,119,-17
124900017,772,1419,-647
124900018,65,15,50
124900019,543,36,507
124900020,192,129,63
124900021,665,108,557
124900022,65,12,53
124900024,324,40,284
124900026,230,15,215
124900027,128,508,-380
124900028,722,150,572
124900029,15,536,-521
124900030,8,145,-137
124900031,90,453,-363
124900032,244,258,-14
124900033,252,478,-226
124900034,33,105,-72
124900035,156,627,-471
124900036,3,63,-60
124900037,139,381,-242
124900038,376,329,47
124900039,0,87,-87
124900040,172,106,66
124900041,254,918,-664
124900042,294,1,293
124900043,404,936,-532
124900044,72,4,68
124900045,920,1118,-198
124900046,1963,402,1561
124900047,162,285,-123
124900048,226,106,120
124900050,142,246,-104
124900052,211,887,-676
124900053,190,388,-198
124900054,2050,662,1388
124900055,1,262,-261
124900057,9,44,-35
124900060,149,229,-80
124900061,67,3,64
124900062,261,40,221
124900066,0,17,-17
124900067,5,169,-164
124900068,406,1076,-670
124900069,416,166,250
124900070,217,36,181
124900072,164,40,124
124900074,483,303,180
124900075,215,214,1
124900076,35,1210,-1175
124900077,35,126,-91
124900078,152,18,134
124900079,633,313,320
124900080,229,601,-372
124900081,800,353,447
124900082,387,827,-440
124900083,196,518,-322
124900084,1958,158,1800
124900085,1110,457,653
124900086,171,1406,-1235
124900087,780,143,637
124900088,844,158,686
124900089,1285,44,1241
124900090,404,367,37
124900091,352,535,-183
124900092,317,353,-36
124900093,413,313,100
124900094,414,416,-2
124900095,97,603,-506
124900096,726,394,332
124900097,332,117,215
124900098,157,431,-274
124900099,1122,607,515
124900100,410,138,272
124900101,115,599,-484
124900102,255,72,183
124900103,124,296,-172
124900104,65,216,-151
124900105,74,175,-101
124900106,408,78,330
124900107,137,18,119
124900108,149,88,61
124900109,81,158,-77
124900110,450,403,47
124900111,1,119,-118
124900112,97,1014,-917
124900113,10,13,-3
124900114,10,4,6
124900115,8,5,3
124900116,12,5,7
124900117,7,8,-1
124900118,3,7,-4
124900119,16,2,14
124900120,1,23,-22
124900121,5,17,-12
124900122,13,14,-1
124900123,13,4,9
124900124,1,7,-6
129000186,158,65,93
204000001,31,1,30
204000002,14,5,9
204000003,27,4,23
204000004,7,0,7
204000005,589,373,216
204000006,1336,1119,217
204000008,1096,550,546
204000011,14,68,-54
204000012,38,66,-28
204000013,3,30,-27
204000019,586,510,76
204000020,808,588,220
204000021,2372,893,1479
204000022,687,486,201
204000023,584,885,-301
204000031,20,26,-6
204000032,508,24,484
204000034,20,284,-264
204000035,0,13,-13
204000036,12,37,-25
204000037,2,23,-21
204000038,2,12,-10
204000039,10,27,-17
204000040,6,18,-12
204000041,5,34,-29
204000042,54,22,32
204000043,46,6,40
204000044,38,3,35
204000045,61,9,52
204000046,13,2,11
204000057,6,20,-14
204000062,7,15,-8
204000068,34,238,-204
204000069,16,276,-260
204000070,151,59,92
204000080,121,80,41
204000085,2135,2569,-434
204000086,2196,2172,24
204000087,39,9,30
204000088,6,111,-105
204000090,27,350,-323
204000093,358,42,316
204000096,738,906,-168
204000097,508,10,498
204000099,1278,1283,-5
204000100,1464,1878,-414
204000105,2373,2017,356
204000110,1271,1423,-152
204000111,522,809,-287
204000112,2215,718,1497
204000113,535,822,-287
204000114,857,969,-112
204000115,860,472,388
204000116,4213,705,3508
204000119,1870,2591,-721
204000132,572,291,281
204000133,678,275,403
204000134,498,159,339
204000135,665,92,573
204000136,705,190,515
204000138,395,606,-211
204000140,183,125,58
204000141,162,56,106
204000144,12,24,-12
204000145,557,30,527
204000146,27,333,-306
204000147,21,242,-221
204000148,362,20,342
204000154,5,5,0
204000155,6,3,3
204000177,95,45,50
204000179,17,7,10
204000180,0,32,-32
204000222,5,12,-7
204000235,17,22,-5
204000236,75,285,-210
204000238,42,24,18
204000240,320,95,225
204000263,105,295,-190
204000308,236,43,193
204000317,7,87,-80
204000322,4,47,-43
204000323,16,24,-8
204000328,263,31,232
204000329,50,191,-141
204000330,181,13,168
204000331,33,106,-73
204010341,8,153,-145
205000001,896,1872,-976
205000013,2,57,-55
205000014,12,83,-71
205000015,18,157,-139
205000016,54,153,-99
205000017,19,112,-93
205000022,274,840,-566
205000025,1202,1211,-9
205000029,164,10,154
205000045,125,354,-229
205000047,127,422,-295
205000048,331,933,-602
205000049,188,827,-639
205000050,595,322,273
205000059,0,201,-201
205000060,3,65,-62
205000061,8,64,-56
205000062,0,55,-55
205000063,5,95,-90
205000064,12,77,-65
205000065,23,503,-480
205000066,103,648,-545
205000067,28,783,-755
205000069,221,20,201
205000082,134,139,-5
205000110,47,251,-204
205000111,190,235,-45
205000112,238,231,7
205000113,178,431,-253
205000121,281,40,241
205000123,29,232,-203
205000126,391,101,290
205000127,696,140,556
205000128,450,61,389
205000129,557,63,494
205000130,294,21,273
205000131,110,10,100
205000132,222,7,215
205000133,169,1,168
205000134,240,0,240
205000137,63,180,-117
205000138,176,334,-158
205000139,29,125,-96
205000144,88,80,8
205000145,485,117,368
205000151,174,42,132
205000152,251,29,222
205000153,198,43,155
205000154,138,50,88
205000155,94,17,77
205000207,8,198,-190
205000233,4,1,3
205000234,0,0,0
205000243,0,0,0
205000244,0,9,-9
205000245,11,201,-190
205000249,1,27,-26
205000250,7,0,7
205000251,130,392,-262
205000264,2,91,-89
206000027,8,3,5
206000028,8,2,6
206000043,4,67,-63
206000053,5,6,-1
206000054,7,26,-19
206000055,3,22,-19
206000075,12,17,-5
206000076,20,9,11
206000077,48,1,47
206000078,29,3,26
206000079,17,10,7
206000082,412,44,368
206000100,36,564,-528
206000103,2,18,-16
206000104,13,20,-7
206000105,7,12,-5
206000106,10,20,-10
206000108,629,47,582
206000125,56,0,56
206000157,53,654,-601
206000170,0,211,-211
206000171,2,192,-190
206000172,3,516,-513
206000173,0,211,-211
206000174,6,84,-78
206000175,10,114,-104
206000176,19,194,-175
206000177,0,181,-181
206000178,1,214,-213
206000179,23,152,-129
206000180,17,130,-113
206000181,6,157,-151
206000182,11,167,-156
206000183,11,557,-546
206000184,1,393,-392
206000185,5,231,-226
206000186,99,1159,-1060
206000223,2,283,-281
206000226,33,0,33
206000227,34,2,32
206000237,45,437,-392
206000238,36,519,-483
206000239,270,2161,-1891
206000240,1,84,-83
206000241,1,98,-97
206000242,6,249,-243
206000243,4,191,-187
206000244,53,679,-626
206000245,750,90,660
206000246,188,11,177
206000247,217,12,205
206000248,352,15,337
206000252,84,32,52
206000258,33,46,-13
206000315,25,7,18
206000317,501,89,412
206000318,425,44,381
206000319,1222,78,1144
206000320,178,40,138
206000321,205,9,196
206000322,436,16,420
206000323,146,7,139
206000324,135,5,130
206000325,222,6,216
206000326,240,9,231
206000327,211,4,207
206000328,156,2,154
206000329,294,5,289
206000330,74,4,70
206000331,147,1,146
206000332,37,3,34
206000333,615,3,612
206000334,243,1,242
206000335,0,15,-15
206000361,3,209,-206
206000392,6,22,-16
206000405,103,0,103
206000441,41,18,23
206000498,24,2,22
206000515,123,18,105
206000530,228,41,187
206000531,198,196,2
206000532,1783,289,1494
206000535,355,2086,-1731
206000536,18,217,-199
206000537,18,229,-211
206000613,1567,190,1377
207000001,149,518,-369
207000002,121,293,-172
207000003,147,168,-21
207000007,826,256,570
207000008,103,9,94
207000009,34,47,-13
207000010,411,444,-33
207000012,323,269,54
207000015,262,1277,-1015
207000019,242,76,166
207000021,486,156,330
207000022,154,112,42
207000023,205,37,168
207000024,10,22,-12
207000025,40,59,-19
207000026,112,41,71
207000027,30,72,-42
207000028,78,201,-123
207000029,248,404,-156
207000033,208,351,-143
207000034,281,69,212
207000039,390,158,232
207000040,292,103,189
207000041,290,69,221
207000042,261,67,194
207000043,342,179,163
207000051,142,316,-174
207000052,139,171,-32
207000053,394,529,-135
207000054,44,90,-46
207000055,132,96,36
207000056,375,313,62
207000057,122,283,-161
207000058,123,264,-141
207000059,90,445,-355
207000060,45,193,-148
207000061,177,435,-258
207000062,237,40,197
207000063,251,118,133
207000064,559,204,355
207000065,510,243,267
207000066,187,173,14
207000067,64,60,4
207000068,130,58,72
207000069,660,364,296
207000082,11,214,-203
207000083,81,297,-216
207000084,213,213,0
207000085,192,14,178
207000086,141,3,138
207000106,32,33,-1
207000107,45,27,18
207000108,44,15,29
207000109,45,10,35
207000110,85,83,2
207000111,78,86,-8
207000112,150,405,-255
207000114,23,41,-18
207000115,32,98,-66
207000116,21,368,-347
207000117,8,119,-111
207000118,10,96,-86
207000119,50,77,-27
207000123,142,38,104
207000124,39,26,13
207000125,59,40,19
207000126,48,45,3
207000134,53,137,-84
207000135,25,172,-147
207000148,66,241,-175
207000149,77,45,32
207000152,101,424,-323
207000153,1002,1237,-235
207000154,422,135,287
207000159,88,193,-105
207000160,184,385,-201
207000238,2,169,-167
207000242,8,190,-182
207000248,44,49,-5
207000249,191,46,145
207000250,675,52,623
207000251,102,76,26
207000252,132,61,71
207000278,71,61,10
207000279,21,186,-165
207000280,444,67,377
207000281,123,993,-870
207000282,195,84,111
207000283,170,199,-29
207000284,148,168,-20
207000285,116,72,44
207000291,46,106,-60
207000304,124,58,66
207000306,76,413,-337
207000310,69,88,-19
207000353,260,8,252
207000356,14,49,-35
207000357,25,13,12
207000358,5,7,-2
207000415,3,213,-210
207000417,28,3,25
207000437,0,1,-1
207000439,1086,737,349
207000446,140,1,139
207000460,25,6,19
207000466,207,160,47
207000467,70,140,-70
207000468,11,256,-245
207000476,6,72,-66
207000477,633,112,521
207000523,0,12,-12
207000524,42,3,39
207000527,99,157,-58
207000530,347,9,338
207000531,281,14,267
207000532,133,25,108
207000534,474,57,417
207000535,23,324,-301
207000537,232,132,100
207000540,7,219,-212
207000541,5,369,-364
207000548,9,277,-268
207000549,350,15,335
207000561,168,168,0
207000562,46,227,-181
207000567,194,244,-50
207000568,166,105,61
207000569,431,938,-507
207000584,361,248,113
207000585,96,334,-238
207000616,0,125,-125
207000617,155,0,155
207900008,208,126,82
208000001,709,843,-134
208000002,823,472,351
208000003,1245,374,871
208000004,1331,598,733
208000005,4,23,-19
208000019,674,1123,-449
208000020,140,519,-379
208000021,259,491,-232
208000022,1092,541,551
208000028,1925,1038,887
208000033,657,982,-325
208000034,1215,1517,-302
208000040,224,189,35
208000041,1113,708,405
208000042,1551,802,749
208000047,122,314,-192
208000064,2780,1451,1329
208000066,2121,2343,-222
208000070,272,420,-148
208000071,354,913,-559
208000072,331,1350,-1019
208000080,290,298,-8
208000081,303,129,174
208000082,274,290,-16
208000083,121,419,-298
208000084,8,23,-15
208000085,870,576,294
208000086,465,942,-477
208000087,402,844,-442
208000089,1003,416,587
208000090,904,701,203
208000093,181,177,4
208000094,1331,432,899
208000095,682,437,245
208000104,973,957,16
208000105,1108,958,150
208000114,105,300,-195
208000115,519,416,103
208000116,556,1086,-530
208000117,151,181,-30
208000118,129,132,-3
208000155,810,1021,-211
208000158,1407,3633,-2226
208000186,3975,4187,-212
208000204,618,987,-369
208000205,1146,1141,5
208000282,6834,3274,3560
209000004,633,197,436
209000005,36,33,3
209000006,437,166,271
209000007,286,269,17
209000010,437,151,286
209000011,148,267,-119
209000012,195,168,27
209000013,512,365,147
209000014,583,1094,-511
209000025,270,47,223
209000026,548,102,446
209000027,399,939,-540
209000028,514,777,-263
209000029,602,754,-152
209000030,541,1354,-813
209000031,2521,2283,238
209000034,192,185,7
209000035,131,130,1
209000036,145,80,65
209000037,200,172,28
209000038,90,126,-36
209000039,56,120,-64
209000040,295,609,-314
209000041,179,437,-258
209000042,265,384,-119
209000043,780,818,-38
209000044,198,745,-547
209000045,1308,650,658
209000046,524,974,-450
209000047,428,239,189
209000048,506,326,180
209000049,97,99,-2
209000050,164,135,29
209000051,230,268,-38
209000052,125,251,-126
209000062,36,85,-49
209000063,42,70,-28
209000064,40,82,-42
209000065,100,21,79
209000066,66,30,36
209000067,68,45,23
209000080,34,248,-214
209000082,72,32,40
209000091,29,98,-69
209000093,40,19,21
209000094,183,194,-11
209000110,73,123,-50
209000111,441,1382,-941
209000112,917,1066,-149
209000113,1509,1114,395
209000114,626,556,70
209000115,56,106,-50
209000116,456,374,82
209000118,14,51,-37
209000119,58,26,32
209000121,110,471,-361
209000135,103,178,-75
209000142,588,1320,-732
209000143,79,74,5
209000144,52,121,-69
209000229,279,319,-40
209000240,34,371,-337
209000259,84,81,3
209000260,45,1158,-1113
209000261,6,746,-740
209000262,1,551,-550
209000263,0,130,-130
209000264,1,103,-102
209000265,1400,11,1389
209000266,667,9,658
209000267,1628,18,1610
209000268,581,90,491
210000037,60,31,29
210000047,61,25,36
210000048,116,30,86
210000049,51,15,36
210000052,47,102,-55
210000053,29,84,-55
210000054,43,71,-28
210000070,185,5,180
210000071,140,5,135
210000072,30,0,30
210000073,0,20,-20
210000074,0,114,-114
210000075,2,109,-107
210000076,9,140,-131
210000077,8,45,-37
210000078,34,40,-6
210000079,58,17,41
210000080,104,75,29
210000081,191,29,162
210000082,190,1,189
210000083,84,2,82
210000084,27,0,27
210000085,2,65,-63
210000086,1,95,-94
210000099,29,229,-200
210000100,46,152,-106
210000101,78,158,-80
210000105,45,201,-156
210000159,1,168,-167
210000163,170,233,-63
210000164,245,178,67
210000168,162,53,109
210000187,0,24,-24
210000188,0,21,-21
210000214,93,0,93
210000219,24,34,-10
210000220,95,34,61
210000232,3,24,-21
210000233,37,49,-12
210000234,31,121,-90
210000235,52,69,-17
210000245,0,42,-42
210000246,38,1,37
210000258,8,122,-114
210000259,386,75,311
210000282,95,212,-117
210000285,1,91,-90
210000286,9,172,-163
210000295,53,132,-79
210000296,32,28,4
210000320,140,107,33
210000321,120,75,45
210000338,62,66,-4
210000339,403,1074,-671
210000340,91,386,-295
210000341,208,228,-20
210000342,195,162,33
210000343,149,173,-24
210000344,190,112,78
210000345,128,200,-72
210000346,46,80,-34
210000347,59,40,19
210000348,81,30,51
210000349,56,25,31
210000350,101,65,36
210000351,122,100,22
210000352,86,63,23
210000353,55,115,-60
210000354,49,119,-70
210000355,72,67,5
210000356,34,45,-11
210000357,54,38,16
210000358,261,115,146
210000359,87,80,7
210000360,145,111,34
210000361,214,175,39
210000362,269,187,82
210000363,837,250,587
210000364,148,159,-11
210000365,125,77,48
210000366,127,53,74
210000367,95,30,65
210000368,113,42,71
210000369,18,21,-3
210000370,55,36,19
210000372,26,18,8
210000373,41,13,28
210000374,38,15,23
210000375,22,78,-56
210000376,94,127,-33
210000404,78,128,-50
210000439,21,30,-9
210000472,132,9,123
210000482,56,90,-34
210000564,442,271,171
210000568,344,4,340
211000092,48,45,3
211000094,53,5,48
211000169,165,21,144
211000172,10,166,-156
211000209,1,24,-23
211000275,18,26,-8
211000276,106,35,71
211000279,19,31,-12
211000281,55,44,11
211507980,0,48,-48
211977296,57,10,47
212000003,100,49,51
212000004,26,24,2
212000005,19,20,-1
212000006,29,47,-18
212000008,158,142,16
212000009,35,105,-70
212000012,84,91,-7
212000013,32,47,-15
212000014,269,186,83
212000015,255,250,5
212000016,512,581,-69
212000027,574,507,67
212000028,350,439,-89
212000029,266,214,52
212000030,82,30,52
212000031,57,53,4
212000048,37,127,-90
212000049,24,114,-90
212000050,25,24,1
212000051,150,208,-58
212000052,147,272,-125
212000053,411,552,-141
212000054,226,132,94
212000055,241,246,-5
212000056,20,45,-25
212000057,14,25,-11
212000058,251,36,215
212000070,115,199,-84
212000077,109,671,-562
212000099,323,292,31
212000108,116,125,-9
212000111,195,115,80
212000120,90,67,23
212000138,118,25,93
212000156,15,94,-79
212000158,12,19,-7
212000159,381,54,327
212000160,634,304,330
212000161,50,7,43
212000310,54,8,46
212000311,19,66,-47
212000374,37,9,28
213000001,32,492,-460
213000005,523,127,396
213000006,1186,319,867
213000007,173,9,164
213000009,849,503,346
213000010,196,286,-90
213000011,248,131,117
213000012,158,417,-259
213000014,104,11,93
213000015,284,5,279
213000016,484,5,479
213000017,75,0,75
213000018,3,139,-136
213000019,2,139,-137
213000020,113,454,-341
213000021,10,105,-95
213000023,319,134,185
213000033,359,1811,-1452
213000034,1018,371,647
213000035,175,262,-87
213000045,175,259,-84
213000046,254,227,27
213000047,699,1362,-663
213000056,282,40,242
213000069,127,13,114
213000073,1,56,-55
213000074,99,414,-315
213000075,655,21,634
213000085,10,44,-34
213000086,9,169,-160
213000091,203,23,180
213000092,81,23,58
213000099,130,1142,-1012
213000100,1176,209,967
213000101,404,156,248
213000102,461,365,96
213000103,987,1051,-64
213000104,48,486,-438
213000105,2,234,-232
213000106,39,147,-108
213000107,132,631,-499
213000108,29,611,-582
213000109,7,288,-281
213000110,14,79,-65
213000111,19,68,-49
213000112,184,119,65
213000115,84,15,69
213000116,64,489,-425
213000117,15,743,-728
213000118,386,231,155
213000119,47,666,-619
213000120,110,632,-522
213000122,151,684,-533
213000123,454,1611,-1157
213000124,134,1737,-1603
213000125,127,15,112
213000126,87,142,-55
213000127,125,264,-139
213000128,525,1307,-782
213000129,410,579,-169
213000130,585,265,320
213000132,366,128,238
213000133,554,129,425
213000134,734,35,699
213000136,521,20,501
213000137,693,74,619
213000139,261,20,241
213000147,88,9,79
213000148,18,10,8
213000149,68,4,64
213000150,2,170,-168
213000151,5,124,-119
213000152,3,82,-79
213000153,2,90,-88
213000154,106,317,-211
213000155,56,289,-233
213000156,137,625,-488
213000157,662,486,176
213000158,371,1118,-747
213000159,730,638,92
213000163,932,115,817
213000165,1010,286,724
213000171,2,120,-118
213000172,2,415,-413
213000173,5,277,-272
213000174,12,230,-218
213000175,18,233,-215
213000176,140,41,99
213000177,142,12,130
213000178,140,12,128
213000179,226,3,223
213000180,197,1,196
213000184,172,556,-384
213000188,451,110,341
213000189,358,56,302
213000190,1031,860,171
213000191,337,439,-102
213000192,260,408,-148
213000193,875,364,511
213000194,2,95,-93
213000195,19,411,-392
213000196,294,1521,-1227
213000197,395,649,-254
213000198,137,3,134
213000200,158,1068,-910
213000201,67,56,11
213000202,16,482,-466
213000203,3548,844,2704
213000204,612,117,495
213000205,441,108,333
213000206,588,77,511
213000207,225,13,212
213000208,105,2,103
213000209,170,1,169
213000210,575,7,568
213000211,8,24,-16
213000212,13,18,-5
213000213,18,74,-56
213000218,215,656,-441
213000219,551,28,523
213000220,479,15,464
213000223,224,197,27
213000224,95,35,60
213000225,99,14,85
213000226,96,14,82
213000227,808,188,620
213000228,422,74,348
213000229,399,29,370
213000230,386,18,368
213000232,101,900,-799
213000233,30,276,-246
213000234,5,43,-38
213000293,19,77,-58
213000294,151,34,117
213000295,36,110,-74
213000296,71,23,48
213000297,6,94,-88
213000298,31,100,-69
213000299,109,38,71
213000300,49,12,37
213000303,8,45,-37
213000304,11,15,-4
213000305,4,22,-18
213000306,80,30,50
213000307,177,104,73
213000308,116,220,-104
213000309,155,70,85
213000310,720,228,492
213000311,355,755,-400
213000315,89,118,-29
213000316,159,73,86
213000322,103,143,-40
213000323,92,70,22
213000324,128,106,22
213000325,105,152,-47
213000326,117,61,56
213000327,82,129,-47
213000328,85,208,-123
213000329,140,97,43
213000340,153,629,-476
213000341,466,107,359
213000347,806,387,419
213000348,20,119,-99
213000349,86,25,61
213000350,326,1117,-791
213000366,68,348,-280
213000367,240,19,221
213000379,119,43,76
213000386,28,330,-302
213000406,92,419,-327
213000417,1315,635,680
213000425,180,41,139
213000426,136,50,86
213000427,30,288,-258
213000428,69,227,-158
213000429,52,5,47
213000430,98,964,-866
213000431,255,8,247
213000432,5,94,-89
213000433,33,190,-157
213000434,80,137,-57
213000435,165,73,92
213000436,33,70,-37
213000437,1,45,-44
213000438,173,130,43
213000439,45,20,25
213000440,10,396,-386
213000441,4,3,1
213000442,9,53,-44
213000443,612,391,221
213000444,37,84,-47
213000445,0,93,-93
213000446,2,142,-140
213000447,6,49,-43
213000448,16,102,-86
213000449,337,7,330
213000450,28,51,-23
213000451,268,100,168
213000452,23,34,-11
213000453,44,340,-296
213000455,613,12,601
213000456,3,332,-329
213000481,7,7,0
213000484,50,2,48
213000489,526,68,458
213900002,0,124,-124
213900003,349,6,343
213900013,1,178,-177
213900015,0,9,-9
213900016,11,10,1
213900020,15,161,-146
213900030,2,80,-78
213900032,258,174,84
213900033,116,42,74
213900034,526,85,441
213900035,220,612,-392
213900036,115,252,-137
213900037,26,295,-269
213900038,367,151,216
213900039,0,101,-101
213900041,0,200,-200
213900042,249,238,11
213900043,204,155,49
213900244,27,0,27
213900245,0,48,-48
218000003,22,26,-4
218000004,52,33,19
218000005,283,30,253
218000006,49,21,28
218000007,16,19,-3
218000012,169,190,-21
218000013,98,131,-33
218000014,409,382,27
218000019,839,681,158
218000020,247,455,-208
218000021,69,66,3
218000022,10,43,-33
218000023,0,34,-34
218000024,7,15,-8
218000025,8,10,-2
218000026,12,35,-23
218000027,1,21,-20
218000028,5,2,3
218000029,18,3,15
218000030,14,34,-20
218000031,10,32,-22
218000032,2,27,-25
218000040,17,1,16
218000046,30,108,-78
218000047,15,151,-136
218000048,77,134,-57
218000049,137,149,-12
218000050,442,377,65
218000051,76,339,-263
218000052,1,112,-111
218000053,2,11,-9
218000054,14,39,-25
218000055,4,13,-9
218000056,13,49,-36
218000057,2,34,-32
218000064,2,61,-59
218000065,81,69,12
218000066,18,63,-45
218000067,43,58,-15
218000068,132,112,20
218000069,225,154,71
218000070,219,248,-29
218000071,179,163,16
218000072,288,224,64
218000078,762,983,-221
218000079,73,86,-13
218000080,125,76,49
218000081,476,309,167
218000082,84,107,-23
218000083,77,57,20
218000084,142,152,-10
218000085,174,402,-228
218000086,56,213,-157
218000087,204,199,5
218000090,11,110,-99
218000091,682,472,210
218000092,80,138,-58
218000093,50,66,-16
218000094,368,477,-109
218000099,330,735,-405
218000100,228,280,-52
218000101,299,168,131
218000102,334,258,76
218000103,102,150,-48
218000104,106,34,72
218000105,28,29,-1
218000106,9,12,-3
218000107,61,89,-28
218000108,5,47,-42
218000112,81,39,42
218000117,93,50,43
218000134,624,740,-116
218000135,59,101,-42
218000136,320,98,222
218000137,289,143,146
218000138,51,91,-40
218000139,229,313,-84
218000140,523,234,289
218000141,105,73,32
218000142,242,155,87
218000143,125,286,-161
218000144,59,72,-13
218000145,380,387,-7
218000146,108,240,-132
218000151,17,29,-12
218000152,153,67,86
218000153,5,5,0
218000154,36,1,35
218000155,24,4,20
218000156,61,12,49
218000157,17,12,5
218000158,7,5,2
218000159,1,0,1
218000160,4,3,1
218000161,36,3,33
218000162,30,6,24
218000163,7,5,2
218000164,36,4,32
218000165,60,22,38
218000170,9,69,-60
218000171,93,22,71
218000172,18,16,2
218000173,84,7,77
218000174,17,5,12
218000176,214,44,170
218000177,417,247,170
218000178,129,262,-133
218000179,110,64,46
218000180,97,39,58
218000181,198,60,138
218000187,10,34,-24
218000188,33,65,-32
218000189,23,67,-44
218000190,25,33,-8
218000191,151,60,91
218000192,195,303,-108
218000193,449,397,52
218000194,122,364,-242
218000195,154,96,58
218000196,330,389,-59
218000197,411,385,26
218000198,17,142,-125
218000199,49,70,-21
218000200,65,24,41
218000201,11,26,-15
218000202,93,214,-121
218000207,14,28,-14
218000208,49,49,0
218000211,41,12,29
218000212,1,8,-7
218000213,101,115,-14
218000214,5,30,-25
218000215,63,94,-31
218000217,2,75,-73
218000218,268,101,167
218000219,82,30,52
218000220,120,373,-253
218000221,736,168,568
218000222,22,38,-16
218000223,59,515,-456
218000224,7,202,-195
218000225,160,25,135
218000226,114,74,40
218000230,1,6,-5
218000232,44,52,-8
218000239,262,15,247
218000240,61,2,59
218000241,77,0,77
218000242,124,3,121
218000243,127,2,125
218000244,102,4,98
218000245,191,0,191
218000246,0,0,0
218000247,10,1,9
218000248,0,11,-11
218000249,0,2,-2
218000250,1,4,-3
218000251,9,22,-13
218000252,5,24,-19
218000253,8,19,-11
218000254,0,12,-12
218000255,2,12,-10
218000256,6,57,-51
218000267,436,952,-516
218000268,10,54,-44
218000269,4,11,-7
218000270,36,27,9
218000271,18,18,0
218000273,15,3,12
218000274,11,2,9
218000275,21,60,-39
218000276,18,39,-21
218000278,13,24,-11
218000279,50,24,26
218000280,16,11,5
218000281,24,15,9
218000282,448,298,150
218000284,79,7,72
218000301,111,119,-8
218000302,246,66,180
218000303,32,25,7
218000316,704,1044,-340
218000317,1053,1149,-96
218000318,606,836,-230
218000319,949,1084,-135
218000320,777,687,90
218000338,89,40,49
218000345,79,72,7
218000346,34,175,-141
218000459,52,303,-251
218000490,53,69,-16
218000501,101,207,-106
218000502,32,70,-38
218000503,98,29,69
218000504,138,40,98
218000505,77,116,-39
218000506,43,201,-158
218000508,12,2,10
218000510,123,21,102
218000520,125,77,48
218000521,2,45,-43
218000522,0,149,-149
218000523,150,1,149
218000524,56,159,-103
218000525,141,11,130
218000526,46,151,-105
218000529,10,138,-128
218000530,15,5,10
218000531,23,40,-17
218000532,40,25,15
218000534,85,10,75
218000537,12,45,-33
218000538,249,213,36
218000540,684,72,612
218000543,118,58,60
218000544,44,62,-18
218000545,39,82,-43
218000546,32,63,-31
218000547,102,180,-78
218000548,193,148,45
218000549,473,517,-44
218000550,190,330,-140
218000551,146,870,-724
218000552,449,54,395
218000553,25,79,-54
218000554,21,28,-7
218000555,26,29,-3
218000556,116,230,-114
218000557,215,90,125
218000558,76,1,75
218000559,0,33,-33
218000560,0,31,-31
218000561,25,0,25
218000562,38,189,-151
218000563,245,25,220
218000564,17,129,-112
218000565,191,35,156
218000566,625,19,606
218000567,2,89,-87
218000568,58,6,52
218000569,20,137,-117
218000570,68,4,64
218000571,20,104,-84
218000572,166,1,165
218000573,6,120,-114
218000574,181,38,143
218000575,96,2,94
218000576,0,94,-94
218000577,124,0,124
218000578,0,83,-83
218000579,136,11,125
218000581,5,87,-82
218000582,66,0,66
218000583,21,0,21
218000584,3,28,-25
218000585,22,10,12
218000586,10,43,-33
218000587,5,0,5
218000588,0,2,-2
218000589,1,5,-4
218000590,6,1,5
218000591,6,3,3
218000592,34,0,34
218000593,0,1,-1
218000594,3,0,3
218000595,0,0,0
218000596,0,0,0
218000597,0,0,0
218000598,2,0,2
218000599,0,0,0
218000600,3,0,3
218000601,0,1,-1
218000602,0,5,-5
218000603,0,2,-2
218000604,51,29,22
218000605,0,38,-38
218000606,57,0,57
218000607,18,55,-37
218000608,45,21,24
218000609,8,49,-41
218000610,47,7,40
218000611,31,12,19
218000612,0,35,-35
218000613,40,6,34
218000614,0,45,-45
218000615,195,0,195
218000616,2,138,-136
218000617,37,2,35
218000618,1,25,-24
218000619,38,46,-8
218000620,10,30,-20
218000621,0,3,-3
218000622,1,21,-20
218000623,262,5,257
218000624,18,44,-26
218000625,6,0,6
218000626,0,13,-13
218000628,106,49,57
218000631,32,20,12
218000632,8,97,-89
218000633,110,1,109
218000634,12,28,-16
218000635,30,14,16
218000636,727,1284,-557
218000637,844,579,265
218000638,155,29,126
218000639,26,208,-182
218000640,271,34,237
218000641,76,362,-286
218000652,68,102,-34
218000653,163,76,87
218000663,2,94,-92
218000675,82,43,39
218000676,4,24,-20
218000677,10,2,8
218000680,151,322,-171
218000681,290,88,202
218000691,87,177,-90
218000693,189,72,117
218000703,4,46,-42
218000718,680,1180,-500
218000719,1158,626,532
218000720,14,168,-154
218000721,239,15,224
218000725,7,11,-4
218001214,25,50,-25
218001329,51,62,-11
218001330,50,34,16
218001359,1,0,1
218001360,0,0,0
218001361,0,2,-2
218001362,0,0,0
219000001,65,50,15
219000002,63,60,3
219000003,68,31,37
219000004,28,32,-4
219000017,112,18,94
219000020,109,238,-129
219000022,102,43,59
219000023,676,11,665
219000029,0,84,-84
219000034,42,16,26
219000039,124,141,-17
219000040,59,73,-14
219000041,114,22,92
219000051,0,44,-44
219000052,0,24,-24
219000053,0,97,-97
219000054,587,262,325
219000055,132,0,132
219000056,13,1,12
219000057,58,0,58
219000062,12,93,-81
219000063,63,9,54
219000064,2,45,-43
219000110,631,62,569
219000111,161,40,121
219000112,160,64,96
219000113,116,128,-12
219000114,199,400,-201
219000116,63,61,2
219000117,125,44,81
219000118,429,52,377
219000123,220,88,132
219000124,224,66,158
219000125,10,13,-3
219000126,107,85,22
219000127,0,3,-3
219000128,7,127,-120
219000129,24,101,-77
219000130,473,504,-31
219000131,562,863,-301
219000133,84,43,41
219000134,6,22,-16
219000135,51,82,-31
219000136,79,175,-96
219000138,93,15,78
219000139,31,38,-7
219000140,60,2,58
219000141,23,105,-82
219000142,10,76,-66
219000143,10,72,-62
219000145,26,45,-19
219000146,4,20,-16
219000147,2,37,-35
219000148,5,44,-39
219000149,12,72,-60
219000150,3,96,-93
219000151,1,45,-44
219000157,200,133,67
219000158,398,243,155
219000161,148,9,139
219000163,1709,531,1178
219000166,290,203,87
219000167,147,187,-40
219000168,248,119,129
219000174,407,124,283
219000175,82,6,76
219000176,86,8,78
219000177,24,1,23
219000178,35,0,35
219000179,17,5,12
219000180,46,42,4
219000182,187,21,166
219000183,89,46,43
219000184,114,17,97
219000185,0,57,-57
219000186,88,44,44
219000187,77,82,-5
219000189,117,181,-64
219000190,124,257,-133
219000191,921,1359,-438
219000192,209,132,77
219000193,226,146,80
219000195,0,56,-56
219000196,7,116,-109
219000198,23,117,-94
219000199,72,213,-141
219000200,40,145,-105
219000201,51,212,-161
219000203,25,103,-78
219000204,145,180,-35
219000205,64,176,-112
219000207,102,238,-136
219000209,31,66,-35
219000210,70,91,-21
219000213,6,159,-153
219000239,240,218,22
219000240,222,405,-183
219000241,123,195,-72
219000242,50,121,-71
219000243,82,184,-102
219000244,24,98,-74
219000245,26,27,-1
219000246,25,31,-6
219000247,119,35,84
219000248,575,365,210
219000249,150,99,51
219000250,129,122,7
219000251,623,230,393
219000252,260,165,95
219000253,424,112,312
219000255,80,109,-29
219000256,176,70,106
219000257,108,0,108
219000262,81,140,-59
219000263,70,168,-98
219000267,3,72,-69
219000268,1,9,-8
219000269,8,2,6
219000270,9,1,8
219000271,126,4,122
219000278,13,6,7
219000279,7,5,2
219000283,0,7,-7
219000295,24,96,-72
219000296,112,471,-359
219000297,17,114,-97
219000298,9,142,-133
219000299,453,97,356
219000300,32,200,-168
219000301,257,362,-105
219000302,37,309,-272
219000307,34,37,-3
219000308,49,84,-35
219000311,221,72,149
219000312,659,109,550
219000313,302,71,231
219000314,47,412,-365
219000315,316,50,266
219000316,498,81,417
219000317,76,38,38
219000320,1,73,-72
219000321,0,36,-36
219000323,1,66,-65
219000325,0,13,-13
219000326,91,97,-6
219000327,40,37,3
219000328,14,47,-33
219000329,420,130,290
219000330,59,40,19
219000331,70,44,26
219000332,97,82,15
219000333,17,3,14
219000335,80,5,75
219000337,26,1,25
219000338,61,3,58
219000344,48,70,-22
219000345,49,88,-39
219000346,27,102,-75
219000348,113,129,-16
219000349,46,153,-107
219000350,180,213,-33
219000351,5,4,1
219000352,557,186,371
219000353,90,62,28
219000354,170,92,78
219000355,137,55,82
219000356,1310,1224,86
219000363,297,48,249
219000364,78,37,41
219000365,172,8,164
219000366,281,246,35
219000368,417,685,-268
219000370,1374,472,902
219000371,3,30,-27
219000382,25,21,4
219000383,737,1037,-300
219000385,518,551,-33
219000386,794,1566,-772
219000387,7,13,-6
219000390,22,0,22
219000391,2,0,2
219000397,65,65,0
219000398,75,80,-5
219000401,13,78,-65
219000402,22,78,-56
219000403,149,264,-115
219000404,30,119,-89
219000407,1,32,-31
219000409,60,55,5
219000410,111,34,77
219000411,58,15,43
219000446,151,379,-228
219000447,6,21,-15
219000448,20,9,11
219000452,177,63,114
219000453,65,164,-99
219000454,270,311,-41
219000556,271,61,210
219000558,200,147,53
219000590,32,163,-131
219000591,53,63,-10
219000592,98,339,-241
219000595,3,19,-16
219000635,269,47,222
219000636,24,58,-34
219000657,42,62,-20
219000658,44,135,-91
219000673,0,47,-47
219000676,163,14,149
219000679,46,12,34
219000684,104,0,104
219000685,0,66,-66
219000686,1,1,0
219000688,1,66,-65
219000689,24,198,-174
219000690,164,18,146
219000691,31,144,-113
219000692,195,14,181
219000693,0,32,-32
219000694,16,2,14
219000695,21,3,18
219000698,16,0,16
219000699,0,28,-28
219000727,2,102,-100
219000728,154,4,150
219000770,27,0,27
219000771,1,33,-32
219001150,1,28,-27
219001151,0,3,-3
219001166,7,22,-15
219001167,1,75,-74
220000001,58,52,6
220000002,9,96,-87
220000003,258,241,17
220000004,693,517,176
220000005,1430,1950,-520
220000006,236,872,-636
220000007,342,498,-156
220000008,314,826,-512
220000009,227,307,-80
220000010,211,120,91
220000011,562,3498,-2936
220000012,123,325,-202
220000014,117,71,46
220000015,39,140,-101
220000017,45,271,-226
220000018,4567,1346,3221
220000019,41,263,-222
220000020,360,378,-18
220000021,675,231,444
220000022,668,418,250
220000023,419,163,256
220000024,1963,327,1636
220000025,1100,1073,27
220000026,214,295,-81
220000027,39,95,-56
220000028,39,37,2
220000029,48,132,-84
220000030,117,77,40
220000031,394,282,112
220000064,14,1185,-1171
221000046,44,44,0
221000047,0,4,-4
221000048,0,0,0
221000049,0,7,-7
221000050,10,0,10
221000055,19,61,-42
221000057,51,15,36
221000068,335,115,220
221000069,276,61,215
221000070,176,18,158
221000071,99,8,91
221000072,161,6,155
221000073,203,49,154
221000074,1,14,-13
221000075,14,17,-3
221000076,11,41,-30
221000077,32,89,-57
221000081,45,8,37
221000082,61,1,60
221000083,10,3,7
221000084,3,4,-1
221000085,49,63,-14
221000086,10,130,-120
221000087,3,136,-133
221000088,14,163,-149
221000089,22,251,-229
221000090,110,468,-358
221000098,77,14,63
221000099,126,13,113
221000100,70,13,57
221000101,135,25,110
221000102,100,11,89
221000109,1,77,-76
221000110,14,89,-75
221000111,25,148,-123
221000112,8,166,-158
221000113,23,164,-141
221000114,8,143,-135
221000120,64,42,22
221000121,6,36,-30
221000122,46,22,24
221000123,14,5,9
221000124,46,232,-186
221000155,128,13,115
221000156,8,10,-2
221000175,0,2,-2
221000176,3,1,2
221000182,52,5,47
221000241,546,277,269
221000242,144,414,-270
221000243,586,121,465
221000244,285,389,-104
221000245,65,78,-13
221000246,25,221,-196
221000247,66,102,-36
221000248,123,104,19
221000267,51,645,-594
221000325,176,80,96
221000331,4,136,-132
221000338,7,32,-25
221000378,135,29,106
221000381,53,34,19
222000282,13,2,11
222000296,5,29,-24
222000568,248,16,232
222000569,132,37,95
222000570,169,20,149
222000571,190,26,164
222000577,14,172,-158
222000578,44,191,-147
222000579,32,159,-127
222000580,96,1111,-1015
222000599,0,146,-146
222000600,3,340,-337
222000601,12,1075,-1063
222000603,20,35,-15
222000604,6,35,-29
222000605,12,10,2
222000606,4,6,-2
222000607,2,2,0
222000608,26,16,10
222000609,59,178,-119
222000616,295,35,260
222000617,9,21,-12
222000618,16,6,10
222000620,20,19,1
222000621,65,15,50
222000623,509,7,502
222000624,299,1,298
222000625,418,33,385
222000636,48,4,44
222000686,33,21,12
222000687,34,27,7
222001066,257,3,254
222001067,16,0,16
222001068,33,24,9
222001069,33,49,-16
222001082,13,36,-23
222001083,23,50,-27
222001084,0,25,-25
222001085,1,195,-194
222001111,34,159,-125
222001112,77,38,39
222001313,35,9,26
222001314,6,154,-148
222001464,74,43,31
222001465,15,88,-73
222001484,72,69,3
222001485,29,56,-27
222001494,465,118,347
222001495,225,271,-46
222001496,333,82,251
222001497,165,485,-320
222001502,22,116,-94
222001503,75,56,19
222001504,26,364,-338
222001505,283,26,257
222001506,42,478,-436
222001507,348,38,310
222001510,368,47,321
222001511,61,426,-365
222001514,664,267,397
222001515,319,721,-402
222001518,330,84,246
222001519,84,337,-253
222001527,223,71,152
222001528,54,157,-103
222001529,311,63,248
222001530,84,291,-207
222001533,371,374,-3
222001534,395,70,325
222001535,175,182,-7
222001536,72,245,-173
222001537,270,71,199
222001538,73,530,-457
222001563,640,101,539
222001564,89,542,-453
222001568,659,127,532
222001576,1,4,-3
222001579,1,7,-6
222001583,7,213,-206
222001584,87,7,80
222001596,1404,1229,175
222001597,3761,361,3400
222001626,0,198,-198
222001650,529,116,413
222001651,370,155,215
222001914,203,64,139
222001915,60,238,-178
222900004,410,275,135
222900009,445,771,-326
222900019,216,228,-12
222900024,27,14,13
222900025,8,21,-13
225000001,381,170,211
225000002,494,152,342
225000003,581,73,508
225000004,317,229,88
225000005,141,62,79
225000006,0,200,-200
225000007,1483,1179,304
225000010,381,13,368
225000011,331,774,-443
225000012,177,462,-285
225000013,83,95,-12
225000014,879,105,774
225000015,57,131,-74
225000021,664,124,540
225000027,230,411,-181
225000032,601,127,474
225000042,54,628,-574
225000049,70,50,20
225000050,72,12,60
225000053,12,301,-289
225000058,494,127,367
225000067,307,168,139
225000068,88,267,-179
225000069,133,401,-268
225000070,63,363,-300
225000071,35,180,-145
225000075,13,639,-626
225000076,56,118,-62
225000078,56,26,30
225000085,40,130,-90
225000086,204,65,139
225000087,163,22,141
225000088,11,224,-213
225000089,194,863,-669
225000090,65,411,-346
225000091,150,165,-15
225000092,166,72,94
225000093,264,219,45
225000094,14,234,-220
225000095,272,366,-94
225000096,290,485,-195
225000098,578,286,292
225000099,279,190,89
225000100,251,124,127
225000104,135,367,-232
225000110,12,315,-303
225000111,185,1045,-860
225000112,268,1033,-765
225000113,236,475,-239
225000114,69,216,-147
225000115,1202,589,613
225000116,882,122,760
225000117,685,213,472
225000118,853,240,613
225000119,212,66,146
225000120,630,35,595
225000121,236,25,211
225000123,482,17,465
225000125,276,164,112
225000126,624,139,485
225000127,622,829,-207
225000128,385,546,-161
225000132,285,67,218
225000133,200,37,163
225000134,623,137,486
225000135,65,17,48
225000136,256,12,244
225000137,212,67,145
225000138,287,89,198
225000143,93,302,-209
225000144,2,352,-350
225000145,81,16,65
225000146,48,113,-65
225000147,24,248,-224
225000148,18,175,-157
225000149,43,490,-447
225000151,27,267,-240
225000155,299,457,-158
225000156,118,803,-685
225000157,199,377,-178
225000158,60,286,-226
225000171,7,195,-188
225000180,36,3,33
225000181,0,46,-46
225000182,101,7,94
225000185,12,352,-340
225000187,64,301,-237
225000191,144,2,142
225000194,0,10,-10
225000208,1,78,-77
225000209,104,12,92
225000210,5,287,-282
225000217,0,6,-6
225000218,10,0,10
225000223,2,22,-20
225000224,61,0,61
225000225,1,13,-12
225000226,34,2,32
225000227,24,88,-64
225000228,5,6,-1
225000229,0,51,-51
225000230,39,0,39
225000231,0,53,-53
225000232,91,0,91
225000241,68,0,68
225000242,0,32,-32
225000249,82,71,11
225000250,61,814,-753
225000251,293,30,263
225000254,3,0,3
225000256,1,13,-12
225000257,0,21,-21
226000042,338,377,-39
226000043,65,265,-200
226000044,150,397,-247
226000045,53,344,-291
226000046,302,120,182
226000047,318,102,216
226000048,309,68,241
226000049,255,173,82
226000070,0,51,-51
226000071,1,34,-33
226000072,0,17,-17
226000073,0,6,-6
226000074,0,15,-15
226000084,3,57,-54
226000085,1,7,-6
226000086,1,12,-11
226000087,0,17,-17
226000088,49,73,-24
226000090,314,64,250
226000091,25,78,-53
226000092,4,29,-25
226000093,31,1,30
226000094,10,1,9
226000095,18,1,17
226000105,13,2,11
226000106,9,0,9
226000107,7,0,7
226000108,26,0,26
226000109,98,0,98
226000124,148,72,76
226000134,583,401,182
226000135,1539,527,1012
226000136,2627,400,2227
226000137,17,315,-298
226000138,16,206,-190
226000139,1,34,-33
226000156,125,6,119
226000157,232,9,223
226000163,142,134,8
226000202,27,369,-342
226000231,289,13,276
226000232,54,1,53
227000033,294,58,236
227000036,282,36,246
227000037,241,36,205
227000038,220,27,193
227000084,2,91,-89
227000085,3,51,-48
227000088,35,3,32
227000089,113,2,111
227000090,36,2,34
227000091,12,1,11
227000092,33,0,33
227000093,171,2,169
227000094,13,0,13
227000130,26,80,-54
227000131,31,221,-190
227000132,7,211,-204
227000133,12,184,-172
227000134,18,340,-322
227000152,0,7,-7
227000153,0,42,-42
227000154,0,26,-26
227000155,0,14,-14
227000156,2,13,-11
227000165,1,28,-27
227000196,371,294,77
227000199,286,503,-217
227000230,22,393,-371
227000232,400,14,386
227000242,57,416,-359
227000243,374,72,302
227000245,11,418,-407
227000246,149,416,-267
227000247,298,63,235
227000248,117,17,100
227000249,9,127,-118
227000250,270,128,142
227000251,120,174,-54
227000252,29,298,-269
227000253,102,17,85
227000262,308,25,283
227000266,967,9,958
227000267,37,1365,-1328
227000282,6,154,-148
227000284,402,12,390
227000286,1,91,-90
227000291,16,474,-458
227000296,208,247,-39
227000484,217,20,197
227000485,13,796,-783
227000655,105,21,84
227000656,641,43,598
227000657,78,5,73
227000704,77,13,64
229000265,7,2,5
229000266,3,1,2
229000267,9,0,9
229000268,38,0,38
229000269,75,1,74
229000274,0,29,-29
229000275,0,22,-22
229000276,2,18,-16
229000277,1,3,-2
229000278,0,2,-2
229000295,9,19,-10
229000296,40,8,32
229000297,26,36,-10
229000298,12,160,-148
229000320,23,11,12
229000321,61,14,47
229000412,26,78,-52
229000414,8,71,-63
229000415,30,2,28
229000416,3,8,-5
229000417,7,24,-17
229000419,140,294,-154
229000440,500,52,448
229000442,23,11,12
229000443,8,4,4
229000444,9,27,-18
229000445,76,14,62
229000446,82,20,62
229000491,5,15,-10
229000492,10,119,-109
229000493,8,71,-63
229000494,46,4,42
229000495,109,2,107
229000496,57,5,52
229000507,0,71,-71
229000508,0,39,-39
229000509,2,72,-70
229000510,1,32,-31
229000511,2,56,-54
229000512,0,34,-34
229000513,0,12,-12
229000514,0,2,-2
229000517,2,7,-5
229000518,9,15,-6
229000519,2,11,-9
229000520,25,30,-5
229000521,43,16,27
229000522,8,16,-8
229000523,11,6,5
229000524,4,3,1
229000527,3,1,2
229000528,1,0,1
229000529,10,0,10
229000530,55,3,52
229000531,44,2,42
229000532,25,0,25
229000533,67,2,65
229000534,55,0,55
229000564,47,1,46
229000565,18,1,17
229000566,0,14,-14
229000567,0,41,-41
229000582,92,2,90
229000583,5,2,3
229000584,0,35,-35
229000585,5,63,-58
229000718,0,1,-1
229000719,0,2,-2
229000720,1,16,-15
229000721,0,8,-8
229000722,0,13,-13
229000723,0,6,-6
229000724,0,5,-5
229000725,0,2,-2
229000738,4,0,4
229000739,2,0,2
229000740,1,0,1
229000741,12,0,12
229000742,5,0,5
229000743,13,0,13
229000744,1,0,1
229000745,1,0,1
229000746,23,0,23
229000847,36,0,36
229000848,13,0,13
229000849,81,1,80
229000851,31,0,31
229000854,0,27,-27
229000856,0,78,-78
229000857,0,25,-25
229000858,1,61,-60
229000919,13,83,-70
229000930,4,225,-221
229000937,49,25,24
229000966,52,23,29
229000981,31,30,1
229000985,11,39,-28
229000986,4,7,-3
229000987,0,1,-1
229000988,2,4,-2
229000989,6,8,-2
229000990,0,1,-1
229000991,2,0,2
229000992,14,15,-1
229000993,162,34,128
229000998,16,69,-53
229000999,60,29,31
229001034,2,24,-22
229001035,7,1,6
229001036,12,64,-52
229001037,79,2,77
229001038,2,4,-2
229001039,2,0,2
229001040,1,128,-127
229001041,78,1,77
229001042,11,30,-19
229001047,15,54,-39
229001050,27,16,11
229001168,0,28,-28
229001200,21,1,20
229001338,10,40,-30
229001394,175,13,162
229001422,83,12,71
229001423,46,141,-95
229001431,61,39,22
229001432,49,88,-39
229001444,162,39,123
229001445,48,131,-83
229001479,16,7,9
229001503,129,68,61
229001504,150,188,-38
229001505,85,20,65
229001506,39,148,-109
229001509,57,12,45
229001510,7,47,-40
229001545,52,1,51
229001546,17,100,-83
229001553,61,15,46
229001554,125,92,33
229001630,66,13,53
229001631,22,35,-13
229001635,1,16,-15
229001636,10,3,7
229001658,0,160,-160
229001659,35,4,31
229001660,30,7,23
229001661,6,15,-9
229001662,30,1,29
229001663,0,20,-20
229002584,201,231,-30
229002831,261,144,117
229002841,11,26,-15
229002842,10,28,-18
229002843,99,21,78
229002844,44,78,-34
229002845,23,99,-76
229002846,46,20,26
229002847,2,8,-6
229002848,15,21,-6
229002849,3,82,-79
229002850,15,2,13
229002851,42,134,-92
229002852,182,29,153
229002853,160,19,141
229002854,34,67,-33
229002855,7,31,-24
229002856,43,26,17
229002857,14,91,-77
229002858,11,14,-3
229002859,24,50,-26
229002860,202,25,177
229002861,66,21,45
229002862,49,36,13
229002863,24,15,9
229002864,16,45,-29
229002865,11,19,-8
229002866,17,39,-22
229002867,3,23,-20
229002868,8,23,-15
229002869,24,134,-110
229002870,38,15,23
235000066,458,76,382
235000067,126,99,27
235000072,44,93,-49
235000073,87,419,-332
235000074,52,107,-55
235000080,4,128,-124
235000081,115,190,-75
235000082,149,94,55
235000083,210,134,76
235000084,46,82,-36
235000085,162,45,117
235000089,78,25,53
235000092,23,126,-103
235000093,17,7,10
235000097,9,7,2
235000098,58,13,45
235000099,26,22,4
235000116,64,29,35
235000117,789,11,778
235000133,11,368,-357
235000134,13,151,-138
235000206,8,4,4
235000207,2,3,-1
235000208,8,2,6
235000209,7,3,4
235000210,8,2,6
235000212,4,16,-12
235000213,2,10,-8
235000220,1,4,-3
235000221,88,23,65
235000238,20,68,-48
235000239,1,21,-20
235000242,347,492,-145
235000245,772,177,595
235000246,32,70,-38
235000284,49,110,-61
235000295,219,22,197
235000305,244,10,234
235000306,219,8,211
235000307,8,1,7
235000308,19,1,18
235000309,37,1,36
235000310,67,1,66
235000311,120,13,107
235000322,0,31,-31
235000323,0,51,-51
235000324,0,46,-46
235000325,1,12,-11
235000326,3,260,-257
235000351,4,49,-45
235000352,28,38,-10
235000353,2,12,-10
235000354,8,28,-20
235000355,3,51,-48
235000356,295,21,274
235000357,51,18,33
235000358,132,14,118
235000359,12,4,8
235000360,50,37,13
235000361,59,23,36
235000381,50,213,-163
235000382,151,59,92
235000390,6,3,3
235000391,127,26,101
235000392,142,251,-109
235000393,107,134,-27
235000395,112,31,81
235000396,455,90,365
235000400,231,51,180
235000401,20,208,-188
235000405,94,365,-271
235000406,60,344,-284
235000407,232,93,139
235000409,299,137,162
235000410,41,237,-196
235000411,1,81,-80
235000485,0,10,-10
235000486,7,0,7
235000549,177,181,-4
235000550,55,242,-187
235000599,57,26,31
235000600,7,7,0
235000601,34,38,-4
235000602,93,82,11
235000614,1,3,-2
235000648,1,18,-17
235000649,36,1,35
235000685,7,6,1
235000815,13,30,-17
235000834,0,10,-10
235000855,92,68,24
235000862,35,187,-152
235000891,0,12,-12
235000892,123,137,-14
235000901,291,92,199
235000907,6,7,-1
235001010,71,97,-26
235001029,549,416,133
235001030,296,246,50
235001078,89,63,26
235001079,53,120,-67
235001147,7,73,-66
235001166,16,69,-53
235001167,16,41,-25
235001169,26,292,-266
235001188,0,8,-8
235001189,7,0,7
235001197,7,11,-4
235001200,50,42,8
235001208,10,18,-8
235001209,28,101,-73
235001210,24,210,-186
235001239,1,36,-35
235001244,0,3,-3
235016267,0,53,-53
241900007,41,0,41
277101746,0,2,-2
277102712,6,0,6
277103813,0,0,0
277103814,0,0,0
277103898,0,2,-2
990011530,1,201,-200
990014944,4,685,-681
990015176,17,6,11
990015618,0,164,-164
990016032,0,377,-377
990032570,0,324,-324
990070001,60,6,54
990070103,0,3,-3
990070601,0,78,-78
990070751,775,2,773
990070766,2,479,-477
990071180,669,345,324
990071343,27,1,26
990071387,0,29,-29
990071823,794,10,784
990072600,3,884,-881
990072964,0,602,-602
990073285,0,7,-7
990074393,4,972,-968
990074870,1406,15,1391
990075106,1869,6,1863
990075746,532,4,528
990076437,1179,5,1174
990076458,2,829,-827
997000007,596,5,591
997000041,0,217,-217
997000058,61,2,59
997000062,45,2,43
997000069,0,6,-6
997000070,0,31,-31
997000100,49,3,46
997000141,11,2895,-2884
997000198,4,1571,-1567
998000475,2,36,-34
998000736,2,188,-186
998000965,0,21,-21
998001031,2,86,-84
998001700,0,29,-29
998001899,0,0,0
998001900,13,1,12
998003073,2167,4,2163
998101900,0,0,0
998102850,16,275,-259
998501927,1234,633,601
998501929,68,5,63
998501930,54,0,54
998501931,837,4,833
998501932,6,0,6
998501933,61,3,58
998501937,12,0,12
998501944,0,1,-1
998501970,191,3,188
998501971,0,97,-97
998501972,354,2,352
998501973,0,60,-60
998501974,2,327,-325
998501975,168,42,126
998501976,75,1,74
998501977,1,23,-22
998501978,14,2,12
998501979,0,13,-13
998501980,112,27,85
998501981,22,4,18
998501982,0,153,-153
998502006,0,0,0
998502024,0,4,-4
998502032,0,3,-3
998502062,31,1,30
998502063,0,0,0
998502173,4,2,2
998502269,0,2,-2
998601159,3,166,-163
998601292,0,14,-14
999033574,1,156,-155
999800001,32,3,29
999800002,0,6,-6
999800003,6,3,3
999800004,0,5,-5
999800005,0,8,-8
