ID,insum,outsum,diff
100000001,681,1064,-383
100000002,3625,2680,945
100000003,5965,5660,305
100000004,1040,1375,-335
100000005,2769,5622,-2853
100000006,709,236,473
100000007,2207,815,1392
100000008,228,585,-357
100000009,481,219,262
100000010,91,99,-8
100000011,887,115,772
100000012,74,778,-704
100000013,136,242,-106
100000014,302,349,-47
100000015,1834,2587,-753
100000016,818,1453,-635
100000017,607,906,-299
100000018,1229,673,556
100000019,3616,2264,1352
100000020,1935,7004,-5069
100000021,4603,2839,1764
100000022,1196,2959,-1763
100000023,4587,2220,2367
100000025,887,1668,-781
100000028,1306,1231,75
100000029,170,418,-248
100000030,155,91,64
100000031,3785,7461,-3676
100000032,1898,4145,-2247
100000033,1104,2648,-1544
100000034,242,831,-589
100000035,1045,1726,-681
100000036,1471,1539,-68
100000037,769,455,314
100000038,2639,1018,1621
100000039,766,361,405
100000040,347,196,151
100000041,1678,638,1040
100000042,1389,540,849
100000043,950,486,464
100000044,354,760,-406
100000045,468,1230,-762
100000046,663,890,-227
100000047,433,459,-26
100000048,637,598,39
100000049,1424,1356,68
100000051,421,831,-410
100000053,194,9,185
100000054,449,60,389
100000055,975,331,644
100000056,547,490,57
100000057,2386,631,1755
100000058,1012,1072,-60
100000059,24,164,-140
100000060,541,339,202
100000061,2985,555,2430
100000062,2616,580,2036
100000063,1158,304,854
100000064,1492,352,1140
100000065,355,694,-339
100000066,182,544,-362
100000067,497,613,-116
100000068,616,1460,-844
100000069,260,1092,-832
100000072,234,788,-554
100000073,985,980,5
100000075,784,260,524
100000076,1894,3516,-1622
100000077,181,346,-165
100000078,37,66,-29
100000079,51,89,-38
100000080,13,56,-43
100000081,178,264,-86
100000102,2595,3548,-953
100000103,2659,1768,891
100000104,3100,2987,113
100000105,2131,2343,-212
100000106,2428,3285,-857
100000107,412,1483,-1071
100000108,583,1041,-458
100000109,1716,1361,355
100000116,1039,1211,-172
100000117,70,201,-131
100000118,1104,1663,-559
100000119,615,937,-322
100000121,310,377,-67
100000122,782,1261,-479
100000123,2378,4327,-1949
100000124,4030,6681,-2651
100000125,3846,2165,1681
100000126,741,588,153
100000127,1248,466,782
100000128,1381,2615,-1234
100000129,419,546,-127
100000130,498,479,19
100000131,1863,2754,-891
100000132,1155,3421,-2266
100000133,4315,2307,2008
100000135,699,1368,-669
100000139,362,432,-70
100000140,410,451,-41
100000142,595,579,16
100000143,983,481,502
100000144,3328,770,2558
100000147,1187,3703,-2516
100000150,59,375,-316
100000151,995,1709,-714
100000153,218,564,-346
100000154,54,377,-323
100000155,19,61,-42
100000156,470,656,-186
100000157,399,158,241
100000158,349,135,214
100000159,177,590,-413
100000165,1188,935,253
100000169,172,1122,-950
100000174,549,1089,-540
100000179,75,619,-544
100000180,2512,2735,-223
100000181,1045,280,765
100000188,82,202,-120
100000189,1781,471,1310
100000190,620,1267,-647
100000191,717,772,-55
100000192,50,124,-74
100000193,365,206,159
100000330,1002,1099,-97
100000355,224,766,-542
100000362,3968,2260,1708
100000363,5491,4987,504
100000364,163,334,-171
100000365,6341,8982,-2641
100000366,4124,2993,1131
100000367,5272,7862,-2590
100000368,2569,1200,1369
100000369,936,2451,-1515
100000370,246,1057,-811
100000376,75,144,-69
100000379,2077,1911,166
100000380,4989,5518,-529
100000384,5708,6628,-920
100000385,3013,4664,-1651
100000386,5638,6361,-723
100000387,3904,6475,-2571
100000388,5414,8544,-3130
100000389,6791,7977,-1186
100000390,9274,8463,811
100000391,6170,10981,-4811
100000392,2885,5712,-2827
100000393,2511,6491,-3980
100000394,6245,10387,-4142
100000395,5190,5681,-491
100000396,5987,4088,1899
100000397,4383,8357,-3974
100000398,11021,7974,3047
100900002,12,53,-41
100900003,473,254,219
100900004,26,1004,-978
100900005,131,24,107
100900006,86,74,12
100900007,332,12,320
100900008,2,391,-389
100900009,63,172,-109
100900010,144,65,79
100900011,216,192,24
100900012,0,158,-158
100900013,999,11,988
100900014,11,8,3
100900015,118,84,34
100900016,2,24,-22
100900017,1607,142,1465
100900018,0,21,-21
100900019,36,161,-125
100900020,371,6,365
100900021,553,1,552
100900022,15,63,-48
100900023,0,56,-56
100900024,643,8,635
100900025,20,27,-7
100900026,108,102,6
100900027,792,3644,-2852
100900028,121,257,-136
100900029,32,2,30
100900030,14,100,-86
100900031,1010,60,950
100900032,343,2,341
100900033,313,285,28
100900034,655,4,651
100900035,444,1,443
100900036,20,1,19
100900037,164,140,24
100900038,117,53,64
100900039,201,320,-119
100900040,569,568,1
100900041,1268,471,797
100900042,1713,1739,-26
100900043,3,40,-37
100900044,1759,715,1044
100900045,11,0,11
100900046,1450,23,1427
100900047,788,293,495
100900048,148,71,77
100900049,63,155,-92
100900050,3,12,-9
100900051,86,125,-39
100900052,475,29,446
100900053,568,36,532
100900054,10,30,-20
100900055,345,840,-495
100900056,98,186,-88
100900057,1776,1420,356
100900058,667,73,594
100900059,140,7,133
100900060,270,13,257
100900061,428,237,191
100900062,11,33,-22
100900063,341,845,-504
100900064,881,33,848
100900065,115,168,-53
100900066,161,219,-58
100900067,2,26,-24
100900068,361,104,257
100900069,604,6,598
100900070,569,10,559
100900071,707,238,469
100900072,1,33,-32
100900073,174,428,-254
100900074,3,14,-11
100900075,1872,441,1431
100900076,13,42,-29
100900077,46,49,-3
100900078,101,514,-413
100900079,18,17,1
100900080,65,145,-80
100900081,27,200,-173
100900082,199,350,-151
100900083,19,18,1
100900085,17,343,-326
100900086,154,890,-736
100900088,124,404,-280
100900089,9,11,-2
100900090,105,694,-589
100900091,3,12,-9
100900092,216,226,-10
100900093,315,341,-26
100900094,168,384,-216
100900095,10,13,-3
100900096,51,113,-62
100900097,2,1,1
100900098,32,14,18
100900099,32,524,-492
100900100,33,774,-741
100900101,205,43,162
100900102,90,157,-67
100900103,12,7,5
100900104,7,178,-171
100900105,54,632,-578
100900106,31,5,26
100900107,2019,1006,1013
100900108,5,79,-74
100900109,26,25,1
100900110,9,32,-23
100900111,42,227,-185
100900112,1,8,-7
100900113,14,24,-10
100900114,11,9,2
100900115,6,26,-20
100900116,904,724,180
100900117,393,1122,-729
100900118,273,199,74
100900119,29,5,24
100900120,6,17,-11
100900121,455,691,-236
100900122,200,150,50
100900123,195,210,-15
100900124,4,8,-4
100900125,15,43,-28
100900126,221,271,-50
100900127,5,9,-4
100900128,99,178,-79
100900129,2,174,-172
100900131,148,236,-88
100900133,72,55,17
100900134,0,0,0
100900135,0,236,-236
100900137,421,188,233
100900138,514,507,7
100900139,9,2,7
100900140,1,481,-480
100900141,8,723,-715
100900142,0,28,-28
100900143,614,534,80
100900144,16,3,13
100900145,197,183,14
100900146,14,89,-75
100900147,15,720,-705
100900148,30,452,-422
100900149,20,380,-360
100900150,16,42,-26
100900151,141,506,-365
100900152,305,17,288
100900153,3,196,-193
100900154,0,71,-71
100900155,9,16,-7
100900156,43,4,39
100900157,17,252,-235
100900158,631,156,475
100900159,0,42,-42
100900160,40,3,37
100900161,52,13,39
100900162,43,409,-366
100900163,149,139,10
100900164,50,77,-27
100900165,50,37,13
100900166,26,2,24
100900167,20,62,-42
100900168,62,189,-127
100900169,112,872,-760
100900170,45,9,36
100900171,13,429,-416
100900172,1,56,-55
100900173,17,316,-299
100900174,356,39,317
100900176,1737,242,1495
100900177,716,301,415
100900178,283,119,164
100900179,271,423,-152
100900180,4,3,1
100900181,97,89,8
100900182,57,38,19
100900184,18,114,-96
100900186,709,472,237
100900187,13,73,-60
100900188,47,11,36
100900189,1780,236,1544
100900191,810,1270,-460
100900192,195,498,-303
100900195,99,176,-77
100900197,22,40,-18
100900198,46,167,-121
100900199,22,19,3
100900200,773,480,293
100900201,136,846,-710
100900202,48,0,48
100900203,2,156,-154
100900204,243,1015,-772
100900205,193,637,-444
100900206,226,118,108
100900207,379,162,217
100900210,79,382,-303
100900211,514,183,331
100900213,193,63,130
100900214,754,143,611
100900215,18,41,-23
101000001,2902,2184,718
101000002,6820,7167,-347
101000003,451,1339,-888
101000004,7308,6547,761
101000005,5514,5455,59
101000006,6935,7536,-601
101000007,3913,4702,-789
101000008,2376,2318,58
101000009,3154,1028,2126
101000010,1027,839,188
101000011,1115,510,605
101000012,915,978,-63
101000013,696,1119,-423
101000014,438,593,-155
101000015,1469,860,609
101000016,394,590,-196
101000017,496,437,59
101000018,1816,2317,-501
101000020,2016,1047,969
101000021,747,429,318
101000022,259,205,54
101000023,1053,648,405
101000025,322,507,-185
101000026,249,50,199
101000027,2663,3320,-657
101000028,60,49,11
101000029,279,2404,-2125
101000030,2198,186,2012
101000031,835,1505,-670
101000032,6363,5343,1020
101000033,1886,4561,-2675
101000034,1624,1979,-355
101000035,990,461,529
101000036,1272,990,282
101000037,1754,1753,1
101000039,1823,3340,-1517
101000040,2550,4695,-2145
101000041,6938,10202,-3264
101000042,380,1708,-1328
101000043,5754,10785,-5031
101000045,1194,1160,34
101000046,3183,2693,490
101000047,2182,5733,-3551
101000048,724,662,62
101000049,670,2467,-1797
101000050,1613,2907,-1294
101000051,1370,3492,-2122
101000052,1345,1380,-35
101000053,885,1428,-543
101000054,2104,1233,871
101000055,1384,1504,-120
101000056,43,95,-52
101000057,1425,1345,80
101000058,867,1475,-608
101000059,1741,2431,-690
101000060,1594,798,796
101000061,871,1459,-588
101000062,526,894,-368
101000063,530,1130,-600
101000064,835,1195,-360
101000065,367,649,-282
101000066,1186,1235,-49
101000067,1217,1298,-81
101000068,239,602,-363
101000069,215,89,126
101000070,816,1125,-309
101000071,2023,980,1043
101000072,699,3886,-3187
101000073,843,1451,-608
101000074,4682,4632,50
101000075,3539,6139,-2600
101000077,1999,1687,312
101000078,1064,1674,-610
101000079,1771,514,1257
101000080,1595,692,903
101000081,1937,1860,77
101000082,2759,2810,-51
101000083,2984,2403,581
101000084,1365,801,564
101000085,1547,1204,343
101000086,1015,1234,-219
101000087,838,979,-141
101000088,1345,1294,51
101000089,1244,1756,-512
101000090,2008,1183,825
101000091,445,655,-210
101000092,1315,747,568
101000093,1523,726,797
101000094,1162,1090,72
101000095,533,571,-38
101000096,452,403,49
101000097,479,480,-1
101000098,445,535,-90
101000099,905,1242,-337
101000100,1039,1111,-72
101000101,315,471,-156
101000102,769,668,101
101000103,876,692,184
101000104,460,697,-237
101000105,401,555,-154
101000106,731,1338,-607
101000107,342,390,-48
101000108,642,226,416
101000109,506,79,427
101000110,39,322,-283
101000111,100,241,-141
101000113,288,685,-397
101000114,8018,10707,-2689
101000115,106,96,10
101000116,68,102,-34
101000117,1327,239,1088
101000119,80,95,-15
101000120,147,58,89
101000121,61,86,-25
101000122,173,196,-23
101000123,49,142,-93
101000124,1578,357,1221
101000125,179,410,-231
101000128,404,828,-424
101000130,182,257,-75
101000131,909,446,463
101000132,945,807,138
101000135,52,43,9
101000136,396,233,163
101000137,30,375,-345
101000141,958,3822,-2864
101000147,636,380,256
101000148,744,49,695
101000149,94,224,-130
101000150,153,468,-315
101000151,372,77,295
101000152,324,308,16
101000153,463,274,189
101000154,317,852,-535
101000155,509,164,345
101000156,17,314,-297
101000157,57,31,26
101000160,56,33,23
101000163,192,403,-211
101000164,374,309,65
101000165,257,360,-103
101000166,301,349,-48
101000168,817,449,368
101000252,2591,1069,1522
101000254,183,222,-39
101000258,90,6,84
101000261,150,83,67
101000262,1406,3003,-1597
101000263,522,1437,-915
101000265,85,1042,-957
101000266,461,493,-32
101000269,38,29,9
101000290,1157,2908,-1751
101000293,50,63,-13
101000294,746,419,327
101000295,196,342,-146
101000301,495,614,-119
101000304,2082,2480,-398
101000305,2792,1272,1520
101900001,20,56,-36
101900002,0,11,-11
101900003,21,84,-63
101900004,1,64,-63
101900005,2730,3159,-429
101900006,1247,77,1170
101900007,823,248,575
101900008,88,299,-211
101900009,74,469,-395
101900010,699,781,-82
101900011,262,1267,-1005
101900012,478,185,293
101900013,653,201,452
101900017,18,105,-87
101900018,516,157,359
101900019,169,120,49
101900020,554,194,360
101900021,2,88,-86
101900022,214,735,-521
101900023,135,181,-46
102000001,2943,5187,-2244
102000002,2316,981,1335
102000003,2904,7637,-4733
102000004,4763,2966,1797
102000005,1328,2649,-1321
102000006,1050,1892,-842
102000007,1771,5186,-3415
102000008,3862,1512,2350
102000009,7386,8866,-1480
102000010,5088,3265,1823
102000011,3589,3384,205
102000012,3102,2932,170
102000018,2758,2862,-104
102000019,2171,1805,366
102000026,199,505,-306
102000029,301,169,132
102000030,100,393,-293
102000031,64,120,-56
102000032,604,287,317
102000033,285,299,-14
102000034,544,403,141
102000035,1140,757,383
102000036,9,223,-214
102000037,215,50,165
102000038,168,324,-156
102000039,193,95,98
102000040,362,242,120
102000041,164,444,-280
102000042,151,399,-248
102000043,197,214,-17
102000044,324,466,-142
102000045,781,726,55
102000046,1212,726,486
102000047,847,807,40
102000048,529,812,-283
102000049,1078,928,150
102000050,1019,1119,-100
102000051,530,717,-187
102000052,1201,799,402
102000053,940,966,-26
102000054,728,1139,-411
102000055,1474,555,919
102000056,1232,916,316
102000057,1491,551,940
102000058,1146,1167,-21
102000059,1434,1311,123
102000060,1087,867,220
102000061,2034,1627,407
102000062,2210,979,1231
102000063,947,1252,-305
102000064,483,624,-141
102000065,49,163,-114
102000066,881,881,0
102000067,2123,2703,-580
102000068,9689,2597,7092
102000069,111,2128,-2017
102000070,1326,44,1282
102000071,6026,7282,-1256
102000072,2940,3636,-696
102000073,2655,1455,1200
102000074,1032,2250,-1218
102000075,164,474,-310
102000076,319,361,-42
102000077,825,726,99
102000078,1149,703,446
102000079,247,269,-22
102000080,268,262,6
102000081,278,968,-690
102000082,605,428,177
102000083,694,244,450
102000084,433,220,213
102000085,2234,897,1337
102000086,1258,911,347
102000087,840,1279,-439
102000088,288,337,-49
102000089,1465,423,1042
102000090,563,1137,-574
102000091,1317,655,662
102000092,301,719,-418
102000093,426,596,-170
102000094,772,679,93
102000095,900,1208,-308
102000096,742,825,-83
102000097,735,997,-262
102000098,505,852,-347
102000099,800,788,12
102000100,390,1188,-798
102000101,594,800,-206
102000102,238,1324,-1086
102000103,1326,375,951
102000104,531,281,250
102000105,248,420,-172
102000106,933,488,445
102000107,1493,439,1054
102000108,787,162,625
102000109,584,478,106
102000110,1262,801,461
102000111,10,237,-227
102000112,177,107,70
102000113,9,41,-32
102000114,574,282,292
102000115,307,323,-16
102000116,253,479,-226
102000117,134,376,-242
102000118,1140,1234,-94
102000119,1281,734,547
102000120,203,502,-299
102000121,1194,796,398
102000122,922,942,-20
102000123,1408,1514,-106
102000124,1717,1253,464
102000125,1064,1151,-87
102000126,949,759,190
102000127,1503,819,684
102000128,971,893,78
102000129,1738,774,964
102000130,960,810,150
102000131,2882,673,2209
102000132,1038,1106,-68
102000133,2717,1611,1106
102000134,956,705,251
102000135,833,816,17
102000136,970,636,334
102000137,796,1066,-270
102000138,255,539,-284
102000139,132,658,-526
102000140,210,562,-352
102000141,315,898,-583
102000142,401,370,31
102000143,207,312,-105
102000144,375,320,55
102000145,360,460,-100
102000146,444,301,143
102000147,700,485,215
102000148,241,871,-630
102000149,244,281,-37
102000150,638,93,545
102000151,104,225,-121
102000152,225,123,102
102000153,1125,574,551
102000154,230,467,-237
102000155,69,307,-238
102000156,255,126,129
102000157,116,398,-282
102000158,209,303,-94
102000159,758,598,160
102000161,2469,2159,310
102000162,135,121,14
102000163,77,523,-446
102000164,672,1190,-518
102000165,223,113,110
102000166,83,158,-75
102000167,286,205,81
102000168,376,214,162
102000169,121,603,-482
102000170,422,275,147
102000171,217,266,-49
102000172,282,522,-240
102000173,431,326,105
102000174,113,47,66
102000175,171,78,93
102000176,125,21,104
102000178,373,396,-23
102000179,609,237,372
102000180,1486,453,1033
102000181,876,487,389
102000182,637,438,199
102000183,2080,1401,679
102000184,2142,624,1518
102000185,3288,1076,2212
102000186,1354,1365,-11
102000187,939,1085,-146
102000188,1287,1299,-12
102000189,1957,603,1354
102000190,654,3134,-2480
102000191,1462,498,964
102000192,1144,1512,-368
102000193,92,102,-10
102000194,58,97,-39
102000195,563,402,161
102000196,274,277,-3
102000197,958,314,644
102000198,306,544,-238
102000199,1227,302,925
102000200,329,835,-506
102000201,1285,467,818
102000202,2,79,-77
102000203,452,171,281
102000204,559,496,63
102000205,1513,360,1153
102000206,931,467,464
102000207,844,495,349
102000208,404,394,10
102000209,65,65,0
102000210,406,286,120
102000211,641,240,401
102000212,368,6,362
102000213,15,222,-207
102000214,357,9,348
102000215,6,245,-239
102000216,64,77,-13
102000217,7,86,-79
102000218,313,172,141
102000219,284,182,102
102000225,437,612,-175
102000226,2424,1152,1272
102000227,165,1,164
102000228,0,83,-83
102000229,48,82,-34
102000230,325,363,-38
102000231,274,311,-37
102000232,21,145,-124
102000233,463,628,-165
102000234,130,1072,-942
102000236,227,87,140
102000237,451,98,353
102000238,183,262,-79
102000240,407,622,-215
102000241,179,136,43
102000243,23,51,-28
102000245,10,92,-82
102000246,2,42,-40
102000247,226,367,-141
102000248,214,565,-351
102000249,136,126,10
102000250,101,285,-184
102000254,167,214,-47
102000266,33,436,-403
102000271,28,0,28
102000286,379,362,17
102000297,2029,1066,963
102000300,0,0,0
102000301,0,2,-2
102000305,0,0,0
102000306,0,0,0
102000307,0,2,-2
102000308,0,2,-2
102900001,1657,707,950
102900002,310,40,270
102900003,72,133,-61
102900005,447,250,197
102900006,613,108,505
102900007,542,31,511
102900008,242,47,195
102900009,631,313,318
102900010,332,894,-562
102900011,1542,408,1134
102900012,399,83,316
102900013,38,53,-15
102900015,678,502,176
102900016,67,98,-31
102900017,160,428,-268
102900018,30,62,-32
102900019,436,530,-94
102900020,168,47,121
102900021,32,75,-43
102900022,533,184,349
102900023,32,24,8
102900024,36,72,-36
102900025,184,91,93
102900026,413,2234,-1821
102900027,101,86,15
102900028,224,900,-676
102900029,175,233,-58
102900030,551,335,216
102900031,246,168,78
102900032,174,103,71
102900033,136,177,-41
102900034,664,79,585
102900035,188,256,-68
102900036,391,281,110
102900037,711,374,337
102900038,785,381,404
102900039,24,565,-541
102900040,230,290,-60
102900041,103,190,-87
102900042,242,231,11
102900043,197,202,-5
102900044,741,1684,-943
102900045,159,466,-307
102900046,171,225,-54
102900047,139,529,-390
102900048,645,411,234
102900049,128,382,-254
102900050,283,312,-29
102900051,225,173,52
102900052,69,47,22
102900053,357,581,-224
102900054,494,1319,-825
102900055,125,219,-94
102900056,130,370,-240
102900057,4,67,-63
102900058,431,85,346
102900059,30,63,-33
102900060,147,400,-253
102900061,257,364,-107
102900062,365,652,-287
102900063,1357,406,951
102900064,140,390,-250
102900065,1152,439,713
102900066,406,17,389
102900068,145,98,47
102900070,220,504,-284
102900072,17,67,-50
102900073,177,11,166
102900074,261,283,-22
102900075,17,64,-47
102900076,100,196,-96
102900077,41,50,-9
102900078,22,67,-45
102900079,189,7,182
102900080,471,38,433
102900081,70,260,-190
102900082,6,220,-214
102900083,147,23,124
102900084,14,44,-30
102900085,391,158,233
102900086,29,86,-57
102900087,135,96,39
102900088,73,19,54
102900089,195,99,96
102900090,2,270,-268
102900091,236,3,233
102900092,574,608,-34
102900093,366,202,164
102900094,1,131,-130
102900095,126,1,125
102900096,81,26,55
102900097,53,158,-105
103000001,2456,2224,232
103000002,2098,2343,-245
103000003,3257,3162,95
103000004,881,732,149
103000005,1807,2832,-1025
103000006,775,1467,-692
103000007,353,664,-311
103000008,1059,638,421
103000009,1582,1147,435
103000010,140,78,62
103000011,1726,1283,443
103000012,1809,1542,267
103000013,3329,1754,1575
103000014,1466,3047,-1581
103000015,1468,567,901
103000016,470,1554,-1084
103000017,214,491,-277
103000018,665,298,367
103000019,326,333,-7
103000020,2517,1547,970
103000021,2102,2312,-210
103000022,801,1022,-221
103000023,639,1909,-1270
103000024,102,113,-11
103000025,110,687,-577
103000026,822,153,669
103000027,242,611,-369
103000028,286,386,-100
103000029,190,289,-99
103000030,1430,1129,301
103000031,1158,1966,-808
103000032,2319,1687,632
103000033,3356,2823,533
103000034,1492,1217,275
103000035,516,1427,-911
103000036,373,485,-112
103000037,563,523,40
103000038,560,1124,-564
103000039,601,343,258
103000040,524,744,-220
103000041,1627,1679,-52
103000042,1480,442,1038
103000043,817,756,61
103000044,312,176,136
103000046,444,452,-8
103000047,602,425,177
103000048,222,156,66
103000049,86,107,-21
103000050,724,418,306
103000051,713,503,210
103000052,860,298,562
103000053,286,684,-398
103000054,2899,1257,1642
103000055,1888,1955,-67
103000056,826,1284,-458
103000057,772,184,588
103000058,749,790,-41
103000059,529,721,-192
103000060,902,530,372
103000061,420,826,-406
103000062,1312,464,848
103000063,825,995,-170
103000064,174,187,-13
103000065,5,328,-323
103000066,261,12,249
103000069,496,252,244
103000070,1244,694,550
103000071,1458,572,886
103000072,139,564,-425
103000073,706,140,566
103000074,957,108,849
103000075,148,542,-394
103000076,351,442,-91
103000077,21,363,-342
103000078,740,705,35
103000079,615,531,84
103000080,811,395,416
103000081,482,901,-419
103000082,467,168,299
103000083,117,218,-101
103000084,120,8,112
103000085,2,71,-69
103000086,596,379,217
103000087,174,495,-321
103000088,221,284,-63
103000089,304,485,-181
103000090,2380,831,1549
103000091,670,409,261
103000092,255,197,58
103000093,272,344,-72
103000094,236,101,135
103000095,82,291,-209
103000096,570,77,493
103000097,67,621,-554
103000098,826,200,626
103000099,287,655,-368
103000100,148,588,-440
103000101,1101,104,997
103000102,152,489,-337
103000103,783,164,619
103000104,67,125,-58
103000105,182,71,111
103000106,15,111,-96
103000107,250,58,192
103000108,913,552,361
103000109,411,347,64
103000110,525,509,16
103000111,438,482,-44
103000112,314,189,125
103000113,595,602,-7
103000114,1236,452,784
103000115,732,432,300
103000116,770,368,402
103000117,373,414,-41
103000118,465,574,-109
103000119,877,426,451
103000120,69,86,-17
103000121,122,321,-199
103000122,322,343,-21
103000125,30,185,-155
103000126,734,4,730
103000127,1,128,-127
103000128,214,6,208
103000129,0,98,-98
103000130,80,68,12
103000131,154,103,51
103000132,60,185,-125
103000133,6,108,-102
103000134,380,962,-582
103000135,507,204,303
103000136,562,430,132
103000137,483,620,-137
103000138,658,612,46
103000139,3,87,-84
103000140,108,23,85
103000141,42,130,-88
103000142,168,70,98
103000143,71,168,-97
103000144,198,48,150
103000145,57,276,-219
103000150,82,41,41
103000152,185,200,-15
103000153,203,169,34
103000156,16,203,-187
103000157,512,2,510
103000159,168,56,112
103000162,61,6,55
103000163,7,35,-28
103000164,11,10,1
103000165,91,177,-86
103000166,240,305,-65
103000167,119,111,8
103000168,124,145,-21
103000169,172,511,-339
103000170,1087,311,776
103000171,54,122,-68
103000172,975,651,324
103000173,779,348,431
103000174,266,264,2
103000175,380,188,192
103000176,812,606,206
103000177,540,409,131
103000178,292,369,-77
103000179,198,32,166
103000183,174,20,154
103000185,174,24,150
103000186,170,143,27
103000187,839,282,557
103000188,14,115,-101
103000189,663,588,75
103000191,531,585,-54
103000292,888,1625,-737
103000293,942,2842,-1900
103000295,125,95,30
103000296,210,6,204
103000297,44,76,-32
103000504,94,16,78
103000505,5,26,-21
103000506,1,166,-165
103000507,235,7,228
103000508,36,66,-30
103000509,215,527,-312
103900001,0,120,-120
103900002,833,140,693
103900003,1325,108,1217
103900004,209,1,208
103900005,8,159,-151
103900006,1,3,-2
103900007,23,19,4
103900008,11,1,10
103900009,339,478,-139
103900010,169,377,-208
103900011,417,133,284
103900012,27,16,11
103900013,69,41,28
103900014,91,11,80
103900015,86,6,80
103900016,264,197,67
103900017,57,67,-10
103900018,521,173,348
103900019,98,372,-274
103900020,230,484,-254
103900021,267,34,233
103900022,1105,527,578
103900023,201,3,198
103900024,87,399,-312
103900025,24,45,-21
103900026,77,1,76
103900027,992,232,760
103900028,30,294,-264
103900029,1060,114,946
103900030,340,124,216
103900031,47,0,47
103900032,62,48,14
103900033,120,24,96
103900034,39,82,-43
103900035,67,23,44
103900036,55,35,20
103900037,95,117,-22
103900038,84,205,-121
103900039,129,252,-123
103900040,15,121,-106
103900041,87,54,33
103900042,90,216,-126
103900043,211,57,154
103900044,111,300,-189
103900045,439,186,253
103900047,127,22,105
103900048,83,42,41
103900049,219,1056,-837
103900050,22,197,-175
103900051,1,53,-52
103900052,267,276,-9
103900053,231,413,-182
103900054,153,245,-92
103900055,598,215,383
103900056,32,33,-1
103900057,93,127,-34
103900058,328,411,-83
103900059,0,19,-19
103900060,70,121,-51
103900061,218,35,183
103900062,480,180,300
103900063,2,0,2
103900064,153,6,147
103900065,811,417,394
103900066,247,44,203
103900067,246,13,233
103900068,9,0,9
103900069,86,11,75
103900070,191,196,-5
103900071,11,100,-89
103900072,59,169,-110
103900073,33,44,-11
103900074,78,82,-4
103900075,137,60,77
103900076,693,447,246
103900077,71,147,-76
103900078,476,125,351
103900079,221,244,-23
103900080,8,22,-14
103900081,87,23,64
103900082,13,125,-112
103900083,1007,1411,-404
103900084,100,170,-70
103900085,48,156,-108
103900086,1056,450,606
103900087,33,79,-46
103900088,425,665,-240
103900089,54,91,-37
103900090,2,92,-90
103900091,1203,228,975
103900092,738,431,307
103900093,83,273,-190
103900094,4,90,-86
103900095,305,247,58
103900096,68,95,-27
103900097,15,402,-387
103900098,243,135,108
103900099,137,104,33
103900100,381,233,148
103900101,46,928,-882
103900102,3,18,-15
103900104,8,15,-7
103900105,82,104,-22
103900106,0,28,-28
103900107,186,145,41
103900108,57,234,-177
103900109,151,84,67
103900110,330,39,291
103900111,146,459,-313
103900112,61,98,-37
103900113,160,291,-131
103900114,360,207,153
103900115,290,197,93
103900116,3180,3067,113
103900117,93,70,23
103900119,28,100,-72
103900120,43,85,-42
103900122,179,138,41
103900123,969,628,341
103900124,61,16,45
103900125,128,51,77
103900126,638,294,344
103900127,204,357,-153
103900128,171,102,69
103900131,24,64,-40
103900133,1065,42,1023
103900134,0,14,-14
103900135,10,1,9
103900137,0,20,-20
103900138,236,154,82
103900139,211,2503,-2292
103900140,5,227,-222
103900141,293,55,238
103900142,287,65,222
103900143,183,4,179
103900144,8,21,-13
103900145,210,193,17
103900146,339,222,117
103900147,495,152,343
103900148,291,215,76
103900149,412,512,-100
103900150,4720,4955,-235
103900151,41,166,-125
103900152,706,332,374
103900153,6,3,3
103900154,608,1933,-1325
103900155,59,195,-136
103900156,74,108,-34
103900157,52,127,-75
103900158,183,129,54
103900159,248,58,190
103900160,95,44,51
103900161,126,151,-25
103900162,74,172,-98
103900163,4,513,-509
103900164,314,52,262
103900167,48,144,-96
103900168,176,73,103
103900169,77,43,34
103900170,0,97,-97
103900171,1,65,-64
103900172,9,12,-3
103900173,10,21,-11
103900174,272,79,193
103900175,58,75,-17
103900176,11,35,-24
103900177,16,90,-74
103900178,68,46,22
103900179,68,82,-14
103900180,11,54,-43
103900181,47,62,-15
103900182,21,20,1
103900184,392,139,253
103900185,133,501,-368
103900187,24,74,-50
103900188,42,23,19
103900189,130,4,126
103900190,82,55,27
103900191,42,46,-4
103900192,87,111,-24
103900193,145,193,-48
103900194,87,195,-108
103900195,5,110,-105
103900196,37,76,-39
103900197,19,39,-20
103900198,16,44,-28
103900199,144,56,88
103900200,219,103,116
103900201,200,178,22
103900202,8,63,-55
103900203,59,19,40
103900204,0,59,-59
103900207,0,65,-65
103900208,118,2,116
103900209,8,83,-75
103900210,56,31,25
103900211,770,437,333
103900212,189,279,-90
103900213,54,216,-162
103900214,170,175,-5
103900215,238,295,-57
103900216,18,632,-614
103900217,334,64,270
103900218,1,234,-233
103900219,157,176,-19
103900233,89,12,77
103900235,24,25,-1
103900236,7,7,0
103900242,2,2,0
103900243,5,9,-4
103900244,116,178,-62
103900245,111,170,-59
103900246,68,34,34
103900247,11,77,-66
103900248,0,33,-33
103900249,15,47,-32
103900250,10,12,-2
103900251,0,20,-20
103900253,12,94,-82
103900254,5,19,-14
103900255,4,19,-15
103900256,10,17,-7
103900257,9,74,-65
103900258,24,2,22
103900259,40,12,28
103900261,8,1,7
103900262,9,0,9
103900263,46,26,20
103900264,56,13,43
103900265,16,0,16
103900266,0,124,-124
103900267,7,39,-32
104000001,2548,2217,331
104000002,1720,2067,-347
104000003,2447,1826,621
104000004,2541,2360,181
104000005,1678,1840,-162
104000006,3131,2443,688
104000007,4061,3690,371
104000008,200,180,20
104000009,245,114,131
104000010,188,318,-130
104000011,337,214,123
104000012,139,233,-94
104000013,234,201,33
104000014,237,380,-143
104000015,390,127,263
104000016,586,248,338
104000018,895,160,735
104000019,767,217,550
104000020,95,365,-270
104000021,185,338,-153
104000022,108,221,-113
104000023,843,339,504
104000024,211,294,-83
104000026,49,299,-250
104000027,239,145,94
104000028,428,206,222
104000029,341,240,101
104000030,267,212,55
104000031,1698,328,1370
104000032,230,177,53
104000033,826,467,359
104000034,403,231,172
104000035,1027,397,630
104000036,877,481,396
104000037,302,204,98
104000038,541,289,252
104000039,235,161,74
104000040,210,277,-67
104000041,755,228,527
104000042,238,286,-48
104000043,230,280,-50
104000044,275,411,-136
104000045,861,720,141
104000046,833,1155,-322
104000047,626,891,-265
104000048,1170,1061,109
104000049,608,295,313
104000050,215,589,-374
104000051,134,408,-274
104000052,1593,1532,61
104000053,969,360,609
104000054,584,254,330
104000055,3414,2009,1405
104000056,783,245,538
104000057,147,278,-131
104000058,901,677,224
104000059,562,967,-405
104000060,1343,1069,274
104000061,1305,881,424
104000062,464,96,368
104000064,437,331,106
104000065,232,727,-495
104000069,632,1143,-511
104000070,70,546,-476
104000071,127,338,-211
104000072,698,183,515
104000075,123,241,-118
104000076,498,156,342
104000082,2393,3429,-1036
104000083,823,208,615
104000084,95,495,-400
104000085,289,414,-125
104000086,155,371,-216
104000087,319,2138,-1819
104000090,873,987,-114
104000092,1514,1452,62
104000094,866,1205,-339
104000095,2005,1151,854
104000096,1811,123,1688
104000097,2143,595,1548
104000098,2909,687,2222
104000100,2192,552,1640
104000101,1027,1263,-236
104000106,46,670,-624
104000107,569,325,244
104000108,198,467,-269
104000109,332,110,222
104000110,871,1085,-214
104000111,2757,2908,-151
104000112,1406,533,873
104000116,1,717,-716
104000117,170,461,-291
104000118,872,180,692
104000119,791,235,556
104000120,330,617,-287
104000121,253,564,-311
104000122,629,662,-33
104000123,656,652,4
104000124,602,1664,-1062
104000125,2903,4926,-2023
104000126,457,403,54
104000127,1228,1657,-429
104000128,600,352,248
104000129,56,0,56
104000130,0,356,-356
104000131,276,345,-69
104000132,308,358,-50
104000133,1303,759,544
104000134,1042,1549,-507
104000135,374,1924,-1550
104000136,740,4490,-3750
104000137,1549,475,1074
104000138,798,379,419
104000139,4125,2676,1449
104000141,888,1006,-118
104000142,587,489,98
104000143,625,342,283
104000144,139,192,-53
104000145,386,185,201
104000146,238,480,-242
104000147,122,297,-175
104000148,480,193,287
104000149,154,232,-78
104000150,1142,595,547
104000151,328,368,-40
104000152,700,474,226
104000153,908,628,280
104000154,765,501,264
104000155,540,472,68
104000157,956,900,56
104000158,255,637,-382
104000159,978,568,410
104000160,1946,2080,-134
104000161,178,171,7
104000162,83,165,-82
104000165,676,828,-152
104000167,743,1167,-424
104000168,722,16,706
104000169,152,35,117
104000170,342,623,-281
104000248,302,446,-144
104000251,54,168,-114
104000272,0,0,0
104000273,0,0,0
104000274,0,0,0
104000275,0,0,0
104000279,738,406,332
104000290,86,248,-162
104000291,451,870,-419
104000293,805,632,173
104000294,55,3,52
104000295,598,717,-119
104000296,433,619,-186
104000297,641,1819,-1178
104000298,2114,835,1279
104000299,611,1295,-684
104900001,166,297,-131
104900002,88,211,-123
104900003,50,322,-272
104900004,70,201,-131
104900005,429,272,157
104900006,416,72,344
104900007,359,218,141
104900009,173,289,-116
104900010,91,60,31
104900011,42,30,12
104900012,267,40,227
104900013,144,14,130
104900014,1890,317,1573
104900015,131,13,118
104900016,271,185,86
104900017,186,164,22
104900018,19,139,-120
104900019,311,3590,-3279
104900020,38,214,-176
104900021,1,99,-98
104900022,11,78,-67
104900023,0,68,-68
104900024,23,82,-59
104900025,83,184,-101
104900026,2,48,-46
104900027,735,278,457
104900028,55,94,-39
104900029,40,74,-34
104900030,560,263,297
104900031,81,203,-122
104900032,49,127,-78
104900033,200,257,-57
104900034,467,173,294
104900035,434,235,199
104900036,309,86,223
104900037,152,191,-39
104900038,402,1079,-677
104900039,575,576,-1
104900040,596,91,505
104900041,313,162,151
104900042,173,184,-11
104900043,18,231,-213
104900044,875,202,673
104900045,458,59,399
104900046,368,184,184
104900047,495,139,356
104900048,370,105,265
104900049,41,39,2
104900050,448,134,314
104900051,349,64,285
104900052,83,3,80
104900053,436,136,300
104900054,224,26,198
104900055,159,3,156
104900056,274,25,249
104900057,72,2,70
104900058,860,766,94
104900059,163,47,116
104900060,1,398,-397
104900061,193,377,-184
104900063,17,97,-80
104900064,1,52,-51
104900065,1,181,-180
104900066,5,131,-126
104900067,2,225,-223
104900068,24,164,-140
104900070,193,230,-37
104900071,1,552,-551
104900072,62,245,-183
104900073,121,127,-6
104900074,65,168,-103
104900075,83,34,49
104900076,88,175,-87
104900077,725,355,370
104900078,197,397,-200
104900079,161,510,-349
104900080,89,419,-330
104900082,13,314,-301
104900085,2,137,-135
104900087,493,8,485
104900089,296,0,296
104900090,1125,712,413
104900091,719,484,235
104900093,195,422,-227
104900097,2279,2323,-44
104900098,182,38,144
104900099,56,551,-495
104900100,282,285,-3
104900102,40,130,-90
104900103,487,80,407
104900104,2375,2323,52
104900106,114,117,-3
104900107,123,142,-19
104900108,45,161,-116
104900109,164,217,-53
104900110,4,44,-40
104900111,232,115,117
104900112,278,387,-109
104900113,788,356,432
104900114,387,349,38
104900115,916,330,586
104900116,291,184,107
104900118,19,35,-16
104900119,8,32,-24
104900120,15,209,-194
104900121,0,44,-44
104900122,2,48,-46
104900123,99,24,75
104900124,77,0,77
104900125,570,5,565
104900126,56,51,5
104900127,28,55,-27
104900128,112,187,-75
104900129,1322,2575,-1253
105000001,2731,1297,1434
105000002,2449,1462,987
105000003,3187,3908,-721
105000004,814,787,27
105000005,1202,1191,11
105000006,1631,1798,-167
105000007,1361,1875,-514
105000008,1457,3811,-2354
105000009,2720,2981,-261
105000010,2658,1605,1053
105000011,4392,2558,1834
105000012,3686,2306,1380
105000013,1092,1223,-131
105000014,2525,2897,-372
105000015,10770,18577,-7807
105000016,2222,2194,28
105000017,1529,959,570
105000018,1084,1431,-347
105000019,1047,909,138
105000020,119,458,-339
105000021,265,130,135
105000022,279,142,137
105000023,538,358,180
105000028,70,67,3
105000029,799,1608,-809
105000030,4115,2110,2005
105000033,911,1493,-582
105000034,145,1006,-861
105000037,630,243,387
105000038,1896,1805,91
105000039,2124,1561,563
105000040,1299,1442,-143
105000041,697,1301,-604
105000042,3398,1833,1565
105000043,1353,2506,-1153
105000044,1481,578,903
105000045,586,746,-160
105000046,1547,405,1142
105000047,628,950,-322
105000048,737,214,523
105000049,261,424,-163
105000050,824,421,403
105000051,156,382,-226
105000052,580,751,-171
105000053,99,131,-32
105000054,456,771,-315
105000055,695,353,342
105000056,2192,1836,356
105000057,1468,812,656
105000058,1226,1033,193
105000059,912,619,293
105000060,462,533,-71
105000061,873,550,323
105000062,536,594,-58
105000063,275,297,-22
105000064,1920,818,1102
105000065,373,422,-49
105000066,1110,1091,19
105000067,1609,744,865
105000068,380,682,-302
105000069,1474,2135,-661
105000070,501,980,-479
105000071,251,1108,-857
105000072,881,2395,-1514
105000073,1045,642,403
105000074,887,639,248
105000075,477,851,-374
105000076,1061,921,140
105000077,2293,1180,1113
105000078,996,1411,-415
105000079,1248,3449,-2201
105000080,2263,2000,263
105000081,3710,1578,2132
105000082,1292,2227,-935
105000083,5055,5165,-110
105000084,657,659,-2
105000085,2095,2801,-706
105000086,644,781,-137
105000087,1245,1636,-391
105000088,1262,1661,-399
105000089,2618,2091,527
105000090,1042,725,317
105000091,1168,1335,-167
105000092,829,756,73
105000093,379,270,109
105000094,275,343,-68
105000095,103,467,-364
105000096,1172,1139,33
105000097,888,767,121
105000098,1005,752,253
105000099,795,699,96
105000100,1673,1106,567
105000101,2041,1760,281
105000102,2165,1372,793
105000103,1606,2411,-805
105000104,3181,1009,2172
105000105,1708,1791,-83
105000106,2003,1698,305
105000107,2233,1085,1148
105000108,2419,1606,813
105000109,2101,1552,549
105000110,960,456,504
105000111,836,522,314
105000112,1262,592,670
105000113,400,650,-250
105000114,2143,1106,1037
105000115,335,1244,-909
105000116,932,548,384
105000117,809,618,191
105000118,897,659,238
105000119,877,878,-1
105000120,1496,729,767
105000121,1063,879,184
105000122,577,691,-114
105000123,1124,1080,44
105000124,2474,907,1567
105000125,950,1507,-557
105000126,2512,1269,1243
105000127,2525,1671,854
105000128,898,935,-37
105000129,1122,311,811
105000130,433,3551,-3118
105000131,985,335,650
105000132,964,846,118
105000133,628,798,-170
105000134,1030,606,424
105000135,456,475,-19
105000136,56,74,-18
105000137,498,232,266
105000138,51,81,-30
105000139,1065,691,374
105000140,407,400,7
105000141,341,379,-38
105000142,303,407,-104
105000143,235,559,-324
105000144,232,695,-463
105000145,867,387,480
105000146,355,784,-429
105000147,758,331,427
105000148,1263,514,749
105000149,3201,2300,901
105000150,1937,1374,563
105000151,527,360,167
105000152,232,436,-204
105000153,564,638,-74
105000154,630,518,112
105000155,323,1010,-687
105000156,748,562,186
105000157,802,1304,-502
105000158,2123,649,1474
105000159,412,943,-531
105000160,2195,598,1597
105000161,691,809,-118
105000162,613,1862,-1249
105000163,998,703,295
105000164,214,223,-9
105000165,681,5643,-4962
105000166,4130,1226,2904
105000167,1509,2234,-725
105000168,513,516,-3
105000169,746,286,460
105000170,328,1243,-915
105000171,1130,232,898
105000172,234,52,182
105000173,339,60,279
105000174,115,48,67
105000175,115,132,-17
105000176,638,152,486
105000177,387,215,172
105000178,254,410,-156
105000179,907,210,697
105000180,236,133,103
105000181,183,204,-21
105000182,80,52,28
105000183,1826,2039,-213
105000184,1153,1024,129
105000185,1374,1016,358
105000186,469,694,-225
105000187,955,261,694
105000188,302,153,149
105000189,170,428,-258
105000190,366,340,26
105000191,421,313,108
105000192,356,49,307
105000193,64,153,-89
105000194,390,110,280
105000195,367,641,-274
105000196,56,224,-168
105000197,334,485,-151
105000198,448,264,184
105000199,203,596,-393
105000200,146,388,-242
105000201,111,35,76
105000203,10,129,-119
105000204,92,81,11
105000205,74,188,-114
105000207,507,174,333
105000208,342,700,-358
105000209,192,235,-43
105000212,1391,1027,364
105000213,142,197,-55
105000214,207,193,14
105000215,364,199,165
105000216,203,270,-67
105000217,191,284,-93
105000218,1747,1050,697
105000221,154,121,33
105000222,326,113,213
105000223,245,172,73
105000226,99,210,-111
105000227,84,135,-51
105000228,180,2247,-2067
105000229,208,578,-370
105000231,411,327,84
105000233,898,673,225
105000234,516,960,-444
105000235,454,602,-148
105000237,802,97,705
105000243,39,80,-41
105000248,70,84,-14
105000262,373,826,-453
105000269,189,245,-56
105000270,606,48,558
105000271,0,146,-146
105000282,55,39,16
105000287,400,74,326
105000288,743,453,290
105000289,2201,2112,89
105000290,31,5,26
105000402,2789,4794,-2005
105000426,408,628,-220
105000438,4127,1800,2327
105000446,9123,5458,3665
105000447,5355,2524,2831
105000454,615,207,408
105000455,240,133,107
105000474,49,0,49
105000477,605,612,-7
105000478,2223,5998,-3775
105000479,101,119,-18
105000480,9261,8070,1191
105000481,5084,4018,1066
105000482,4268,7412,-3144
105000483,1919,2375,-456
105000484,2091,2970,-879
105000485,1620,3647,-2027
105000486,3071,2378,693
105000488,9083,4768,4315
105000489,1153,855,298
105000549,86,126,-40
105000550,356,1489,-1133
105000551,34,98,-64
105000552,1964,1287,677
105900001,9,1844,-1835
105900002,948,844,104
105900003,8,122,-114
105900004,205,105,100
105900005,20,214,-194
105900006,14,156,-142
105900007,90,43,47
105900008,79,436,-357
105900009,32,20,12
105900011,166,32,134
105900012,615,101,514
105900013,9,49,-40
105900014,10,62,-52
105900015,141,338,-197
105900016,694,428,266
105900017,1841,50,1791
105900018,187,164,23
105900019,92,553,-461
105900020,57,74,-17
105900021,31,448,-417
105900022,242,185,57
105900023,6,159,-153
105900024,13,175,-162
105900025,297,31,266
105900026,269,24,245
105900027,11332,7559,3773
105900028,374,488,-114
105900029,1591,439,1152
105900030,199,249,-50
105900031,352,188,164
105900032,102,132,-30
105900033,97,111,-14
105900034,252,173,79
105900035,222,162,60
105900036,130,126,4
105900037,108,60,48
105900038,149,228,-79
105900039,159,78,81
105900040,68,116,-48
105900041,134,228,-94
105900042,99,126,-27
105900043,1257,86,1171
105900044,1,294,-293
105900045,7,863,-856
105900046,5,202,-197
105900047,25,53,-28
105900048,125,514,-389
105900050,5403,5146,257
105900051,53,1057,-1004
105900052,603,248,355
105900053,2526,3335,-809
105900054,333,225,108
105900056,604,475,129
105900057,27,126,-99
105900058,31,20,11
105900059,0,68,-68
106000001,4149,2865,1284
106000002,1894,5086,-3192
106000003,3221,3739,-518
106000004,1382,2512,-1130
106000005,3957,4918,-961
106000006,5191,2854,2337
106000007,533,519,14
106000008,497,281,216
106000009,737,402,335
106000010,675,535,140
106000011,1285,1046,239
106000012,994,1138,-144
106000013,2157,1857,300
106000014,2080,1366,714
106000015,2187,1263,924
106000016,1366,1513,-147
106000017,707,666,41
106000018,564,386,178
106000019,453,434,19
106000020,361,227,134
106000021,374,423,-49
106000022,361,164,197
106000023,601,241,360
106000024,717,334,383
106000025,134,252,-118
106000026,73,149,-76
106000027,1700,1330,370
106000028,598,346,252
106000029,639,767,-128
106000030,397,560,-163
106000034,250,458,-208
106000035,946,1935,-989
106000036,166,460,-294
106000037,1909,1278,631
106000038,266,134,132
106000039,133,114,19
106000040,120,722,-602
106000041,691,653,38
106000043,499,254,245
106000046,385,73,312
106000047,43,399,-356
106000049,1107,292,815
106000050,276,494,-218
106000051,781,447,334
106000052,121,444,-323
106000053,548,120,428
106000054,380,401,-21
106000055,1308,860,448
106000056,253,308,-55
106000057,509,315,194
106000058,125,108,17
106000059,452,270,182
106000060,316,362,-46
106000061,231,461,-230
106000062,150,462,-312
106000063,727,468,259
106000064,51,339,-288
106000065,479,335,144
106000066,95,235,-140
106000067,507,107,400
106000068,71,484,-413
106000069,267,61,206
106000070,424,616,-192
106000071,1227,269,958
106000072,2399,1349,1050
106000073,1311,3230,-1919
106000074,566,589,-23
106000075,291,1327,-1036
106000076,1637,1871,-234
106000077,3223,1262,1961
106000078,1283,806,477
106000079,797,716,81
106000080,1386,564,822
106000081,844,1113,-269
106000082,2331,738,1593
106000083,485,1347,-862
106000084,1187,592,595
106000085,1433,1455,-22
106000086,719,797,-78
106000087,991,522,469
106000088,446,697,-251
106000089,1258,316,942
106000090,278,608,-330
106000091,281,413,-132
106000092,741,295,446
106000093,257,117,140
106000094,57,215,-158
106000095,934,578,356
106000096,926,612,314
106000097,1274,659,615
106000098,873,831,42
106000099,251,558,-307
106000100,1469,208,1261
106000101,908,224,684
106000102,124,438,-314
106000103,258,382,-124
106000104,686,291,395
106000105,502,478,24
106000106,800,315,485
106000107,152,184,-32
106000108,300,198,102
106000109,194,150,44
106000110,304,204,100
106000111,170,273,-103
106000112,257,498,-241
106000113,452,432,20
106000114,448,545,-97
106000115,162,304,-142
106000116,275,171,104
106000117,1091,531,560
106000118,1260,1512,-252
106000119,1245,814,431
106000120,1197,1362,-165
106000121,180,154,26
106000122,101,144,-43
106000123,592,108,484
106000124,58,147,-89
106000125,10,207,-197
106000126,310,59,251
106000127,1069,565,504
106000128,886,103,783
106000129,491,360,131
106000130,908,244,664
106000131,104,583,-479
106000132,477,154,323
106000133,1270,969,301
106000134,498,1677,-1179
106000135,134,442,-308
106000136,634,1021,-387
106000137,33,516,-483
106000138,1265,104,1161
106000139,63,99,-36
106000140,39,29,10
106000141,99,33,66
106000142,80,67,13
106000143,48,36,12
106000144,24,86,-62
106000145,343,199,144
106000146,458,130,328
106000147,390,359,31
106000148,473,740,-267
106000149,740,332,408
106000150,544,1830,-1286
106000151,3162,680,2482
106000152,1145,2019,-874
106000153,70,1531,-1461
106000154,938,150,788
106000155,111,268,-157
106000156,1284,280,1004
106000157,654,1323,-669
106000158,1856,834,1022
106000159,2255,2036,219
106000160,553,2979,-2426
106000161,1570,292,1278
106000162,321,1184,-863
106000163,429,271,158
106000164,612,295,317
106000165,286,362,-76
106000166,1025,278,747
106000167,488,726,-238
106000168,651,265,386
106000169,365,483,-118
106000170,927,209,718
106000171,225,1041,-816
106000172,2708,1379,1329
106000173,999,2248,-1249
106000174,1383,409,974
106000175,303,775,-472
106000176,2015,806,1209
106000177,903,2029,-1126
106000178,3607,1546,2061
106000179,975,1868,-893
106000180,897,941,-44
106000181,1077,1640,-563
106000182,1669,645,1024
106000183,1706,540,1166
106000184,2186,641,1545
106000185,1393,1286,107
106000186,972,164,808
106000187,230,1212,-982
106000188,1,3,-2
106000189,20,26,-6
106000190,28,2,26
106000191,767,204,563
106000192,5,13,-8
106000193,452,266,186
106000194,157,451,-294
106000195,1095,304,791
106000196,338,846,-508
106000197,771,358,413
106000198,237,276,-39
106000199,801,808,-7
106000200,179,268,-89
106000201,472,3465,-2993
106000202,2803,579,2224
106000203,28,135,-107
106000204,88,4,84
106000205,15,117,-102
106000206,82,17,65
106000207,46,538,-492
106000208,1887,222,1665
106000209,1857,461,1396
106000210,495,793,-298
106000211,291,907,-616
106000212,1030,435,595
106000213,544,1924,-1380
106000214,2121,906,1215
106000215,310,426,-116
106000216,342,314,28
106000217,238,280,-42
106000218,418,317,101
106000219,141,196,-55
106000220,360,176,184
106000221,227,189,38
106000222,56,55,1
106000223,347,90,257
106000224,206,165,41
106000225,69,122,-53
106000226,105,205,-100
106000228,75,62,13
106000229,105,466,-361
106000231,1037,86,951
106000232,70,308,-238
106000233,772,80,692
106000234,89,233,-144
106000235,1073,140,933
106000236,359,100,259
106000237,1,10,-9
106000238,14,30,-16
106000239,1,127,-126
106000240,66,3,63
106000241,24,448,-424
106000242,329,41,288
106000249,81,52,29
106000250,88,705,-617
106000251,115,21,94
106000252,19,87,-68
106000253,96,57,39
106000254,45,22,23
106000255,23,191,-168
106000256,62,32,30
106000257,155,255,-100
106000258,418,51,367
106000259,22,78,-56
106000260,49,5,44
106000261,6,49,-43
106000262,238,20,218
106000263,20,60,-40
106000264,388,13,375
106000265,16,111,-95
106000266,154,45,109
106000267,2,90,-88
106000268,434,84,350
106000269,80,49,31
106000270,140,444,-304
106000271,85,187,-102
106000272,247,41,206
106000273,10,253,-243
106000274,132,38,94
106000275,167,330,-163
106000276,187,21,166
106000277,128,234,-106
106000278,179,33,146
106000279,19,17,2
106000280,79,30,49
106000281,73,34,39
106000282,95,57,38
106000283,125,36,89
106000284,100,71,29
106000285,146,72,74
106000286,84,102,-18
106000287,119,55,64
106000288,85,88,-3
106000289,104,34,70
106000290,47,66,-19
106000291,116,68,48
106000292,60,70,-10
106000293,129,93,36
106000294,130,70,60
106000295,46,50,-4
106000296,44,88,-44
106000297,72,239,-167
106000298,124,70,54
106000299,79,128,-49
106000300,59,97,-38
106000301,68,112,-44
106000303,30,80,-50
106000304,26,14,12
106000305,47,39,8
106000306,40,53,-13
106000307,54,25,29
106000308,34,107,-73
106000309,18,56,-38
106000310,326,402,-76
106000311,390,186,204
106000312,152,107,45
106000313,199,178,21
106000318,69,508,-439
106000319,1166,285,881
106000320,3,61,-58
106000321,272,191,81
106000322,152,115,37
106000324,10,118,-108
106000325,1877,904,973
106000326,955,1571,-616
106000327,224,67,157
106000328,44,163,-119
106000329,84,253,-169
106000330,38,97,-59
106000428,103,95,8
106000429,154,274,-120
106000430,383,933,-550
106000431,2583,406,2177
106000432,1375,2316,-941
106000433,3033,1293,1740
106000434,3313,1981,1332
106000435,1226,2167,-941
106000436,12,159,-147
106000437,316,88,228
106000438,373,280,93
106000439,104,398,-294
106000440,272,308,-36
106000441,1,3,-2
106000442,169,6,163
106000443,182,224,-42
106000450,4,140,-136
106000451,27,77,-50
106000454,5,214,-209
106000455,2,132,-130
106000456,113,20,93
106000457,18,578,-560
106000458,1134,97,1037
106000459,171,267,-96
106000460,1961,34,1927
106000461,151,714,-563
106000462,1,34,-33
106000463,1,15,-14
106000464,2,327,-325
106000465,941,3,938
106000466,4,360,-356
106000467,246,367,-121
106000468,63,81,-18
106000469,153,9,144
106000470,284,1963,-1679
106000471,27,414,-387
106000472,146,9,137
106000473,56,7,49
106000474,249,324,-75
106000475,267,172,95
106000476,65,206,-141
106000477,16,25,-9
106900001,0,13,-13
106900002,3,249,-246
106900003,186,673,-487
106900004,0,16,-16
106900006,0,9,-9
106900007,0,25,-25
106900008,487,132,355
106900009,469,272,197
106900010,304,259,45
106900012,1217,2514,-1297
106900013,587,165,422
106900014,31,4,27
106900015,30,0,30
106900016,345,9,336
106900017,16,2,14
106900018,11,0,11
106900019,95,3,92
106900020,1431,1944,-513
106900021,116,60,56
106900022,962,10,952
106900023,75,185,-110
106900024,932,44,888
106900025,45,427,-382
106900026,0,338,-338
106900027,969,5,964
107000001,3744,5139,-1395
107000002,2342,4138,-1796
107000003,7738,7731,7
107000004,4685,3982,703
107000005,6449,6266,183
107000006,4034,3085,949
107000007,6693,11096,-4403
107000008,8836,6594,2242
107000009,9234,8435,799
107000010,9103,7509,1594
107000011,847,1126,-279
107000012,3889,2374,1515
107000013,63,65,-2
107000014,49,131,-82
107000015,411,546,-135
107000016,791,582,209
107000017,1918,2290,-372
107000018,19,1448,-1429
107000020,1429,1905,-476
107000021,1255,462,793
107000022,795,1467,-672
107000023,1896,197,1699
107000024,614,1241,-627
107000025,258,363,-105
107000026,257,446,-189
107000027,1544,894,650
107000028,1382,937,445
107000029,3988,2829,1159
107000030,2514,2322,192
107000031,5260,2904,2356
107000032,495,830,-335
107000033,2753,3735,-982
107000034,3910,1573,2337
107000035,388,280,108
107000036,454,1308,-854
107000037,117,841,-724
107000038,239,250,-11
107000039,681,786,-105
107000040,192,367,-175
107000041,1559,887,672
107000042,713,2151,-1438
107000043,2205,1176,1029
107000044,438,292,146
107000045,86,330,-244
107000046,815,484,331
107000047,430,833,-403
107000048,651,324,327
107000049,660,757,-97
107000050,1168,521,647
107000051,261,268,-7
107000052,1121,1073,48
107000053,417,233,184
107000054,54,218,-164
107000055,107,92,15
107000056,437,749,-312
107000057,1120,213,907
107000058,2469,2794,-325
107000059,2103,3086,-983
107000060,5472,5456,16
107000061,4609,3200,1409
107000062,6107,3066,3041
107000063,4782,4310,472
107000064,5284,2736,2548
107000065,3582,3850,-268
107000066,2125,3258,-1133
107000067,1479,1370,109
107000068,1599,904,695
107000069,1017,640,377
107000070,1129,30,1099
107000071,4331,61,4270
107000072,33,2268,-2235
107000073,995,480,515
107000074,181,753,-572
107000075,2408,651,1757
107000076,838,1310,-472
107000077,4426,1470,2956
107000078,2495,2713,-218
107000079,3612,1313,2299
107000080,988,2414,-1426
107000081,2746,709,2037
107000082,683,1422,-739
107000083,1985,589,1396
107000084,442,1530,-1088
107000085,3394,3290,104
107000086,3392,3212,180
107000087,3189,2084,1105
107000088,3191,3392,-201
107000089,1790,1834,-44
107000090,1254,918,336
107000091,1743,878,865
107000092,931,792,139
107000093,1329,963,366
107000094,1064,948,116
107000095,1059,637,422
107000096,551,597,-46
107000097,603,216,387
107000098,307,338,-31
107000099,529,359,170
107000100,343,244,99
107000101,140,171,-31
107000102,169,302,-133
107000103,237,143,94
107000104,206,205,1
107000105,416,106,310
107000106,210,249,-39
107000107,695,134,561
107000108,102,403,-301
107000109,672,138,534
107000110,61,269,-208
107000111,427,44,383
107000112,40,177,-137
107000113,684,135,549
107000114,76,343,-267
107000115,770,192,578
107000116,111,542,-431
107000117,215,688,-473
107000118,141,162,-21
107000119,1322,1488,-166
107000120,748,534,214
107000121,1160,607,553
107000122,1178,757,421
107000123,654,411,243
107000124,642,739,-97
107000125,811,398,413
107000126,660,434,226
107000127,62,299,-237
107000129,240,139,101
107000130,262,258,4
107000131,458,316,142
107000132,708,385,323
107000133,500,158,342
107000134,345,2,343
107000135,5,323,-318
107000136,920,7,913
107000137,15,444,-429
107000138,326,50,276
107000139,33,549,-516
107000140,1776,123,1653
107000141,134,809,-675
107000142,485,120,365
107000143,75,577,-502
107000144,610,562,48
107000145,155,412,-257
107000146,219,372,-153
107000147,3061,818,2243
107000150,713,3519,-2806
107000151,38,116,-78
107000152,399,1677,-1278
107000153,162,421,-259
107000154,149,317,-168
107000155,1244,38,1206
107000156,1519,26,1493
107000157,61,1116,-1055
107000158,497,18,479
107000159,21,531,-510
107000160,1522,195,1327
107000161,101,999,-898
107000162,341,601,-260
107000163,282,1,281
107000164,1028,5,1023
107000165,1662,16,1646
107000166,50,942,-892
107000167,889,181,708
107000168,1188,542,646
107000169,552,753,-201
107000170,3329,982,2347
107000171,787,1771,-984
107000172,1329,1810,-481
107000173,647,850,-203
107000174,1328,6333,-5005
107000175,5709,1472,4237
107000176,0,2,-2
107000177,12,1,11
107000178,43,20,23
107000179,372,1427,-1055
107000180,1874,255,1619
107000181,478,794,-316
107000182,2344,855,1489
107000183,197,791,-594
107000184,1220,656,564
107000185,625,1333,-708
107000186,1775,457,1318
107000187,1629,1273,356
107000188,903,614,289
107000189,712,1108,-396
107000190,835,657,178
107000191,805,839,-34
107000192,2080,654,1426
107000193,496,586,-90
107000194,865,631,234
107000197,1102,358,744
107000198,339,624,-285
107000199,822,747,75
107000200,656,785,-129
107000201,534,338,196
107000202,452,507,-55
107000203,1129,957,172
107000204,1358,1106,252
107000205,1992,1107,885
107000206,1028,1563,-535
107000207,725,1280,-555
107000208,1090,596,494
107000209,1777,1596,181
107000210,689,352,337
107000211,12,94,-82
107000212,25,368,-343
107000213,9,22,-13
107000214,21,159,-138
107000215,465,312,153
107000216,605,395,210
107000217,358,139,219
107000219,144,197,-53
107000220,314,194,120
107000222,264,573,-309
107000224,521,91,430
107000225,211,326,-115
107000226,711,137,574
107000227,121,187,-66
107000228,83,319,-236
107000229,92,94,-2
107000230,1070,431,639
107000231,1174,2008,-834
107000232,129,20,109
107000233,942,1050,-108
107000234,2,88,-86
107000235,67,6,61
107000236,5,530,-525
107000237,63,0,63
107000238,37,4,33
107000239,2447,507,1940
107000240,96,633,-537
107000241,87,20,67
107000242,276,36,240
107000243,0,36,-36
107000244,7,58,-51
107000246,2,982,-980
107000249,1,942,-941
107000251,0,275,-275
107000252,1,755,-754
107000255,309,144,165
107000257,1,243,-242
107000258,0,100,-100
107000259,3,133,-130
107000260,869,8,861
107000262,3,270,-267
107000263,422,5,417
107000266,15,6,9
107000267,52,133,-81
107000268,98,132,-34
107000269,1049,65,984
107000270,7,16,-9
107000271,43,388,-345
107000272,50,95,-45
107000273,3,152,-149
107000274,1518,330,1188
107000275,46,1257,-1211
107000280,1138,52,1086
107000281,39,468,-429
107000282,61,569,-508
107000290,8,17,-9
107000291,10,7,3
107000292,2,56,-54
107000293,35,2,33
107000294,0,26,-26
107000295,32,4,28
107000296,0,28,-28
107000444,414,2,412
107000496,4,23,-19
107000497,1341,1682,-341
107000500,343,279,64
107000501,128,158,-30
107000502,172,285,-113
107000505,259,705,-446
107000506,7,77,-70
107000508,7,490,-483
107000509,259,679,-420
107000510,53,36,17
107000514,87,385,-298
107000515,8,99,-91
107000516,493,362,131
107000518,1134,1954,-820
107000519,1141,770,371
107000520,96,39,57
107900001,94,92,2
107900002,97,10,87
107900003,523,27,496
107900004,174,1,173
107900005,1724,20,1704
107900006,338,2,336
107900007,521,50,471
107900008,131,27,104
107900009,221,10,211
107900010,51,1,50
107900012,283,49,234
107900013,249,32,217
107900014,61,11,50
107900015,1268,23,1245
107900016,417,115,302
107900017,49,8,41
107900018,89,269,-180
107900019,43,30,13
107900020,103,4,99
107900021,101,102,-1
107900023,6,3,3
107900024,0,26,-26
107900025,248,261,-13
107900026,96,34,62
107900027,39,67,-28
107900028,123,56,67
107900030,215,41,174
107900031,50,64,-14
107900032,29,4,25
107900033,27,15,12
107900034,504,27,477
107900035,1323,71,1252
107900036,105,26,79
107900037,0,18,-18
107900038,135,314,-179
107900039,59,34,25
107900040,38,256,-218
107900041,4,3,1
107900043,89,99,-10
107900044,20,6,14
107900045,144,47,97
107900046,215,263,-48
107900047,64,52,12
107900048,203,20,183
107900049,228,1453,-1225
107900050,100,243,-143
107900051,133,53,80
107900052,60,44,16
107900053,60,97,-37
107900055,1000,372,628
107900056,116,100,16
107900057,3,0,3
107900058,36,468,-432
107900060,24,47,-23
107900061,18,15,3
107900063,106,133,-27
107900064,400,285,115
107900065,420,14,406
107900066,28,11,17
107900067,0,0,0
107900068,113,485,-372
107900069,32,2757,-2725
107900070,164,95,69
107900071,28,501,-473
107900072,166,100,66
107900073,318,87,231
107900074,489,340,149
107900076,146,49,97
107900077,106,4,102
107900078,280,84,196
107900079,7,18,-11
107900080,238,551,-313
107900081,54,97,-43
107900082,14,14,0
107900083,439,239,200
107900084,142,155,-13
107900086,31,236,-205
107900087,512,144,368
107900088,58,22,36
107900089,246,1118,-872
107900090,728,3158,-2430
107900091,222,347,-125
107900092,1704,452,1252
107900093,95,83,12
107900095,2868,2339,529
107900097,39,75,-36
107900098,106,261,-155
107900100,834,1863,-1029
107900101,899,174,725
107900102,41,7,34
107900103,42,222,-180
107900104,214,4,210
107900105,1,273,-272
107900106,18,834,-816
107900107,1388,513,875
107900108,186,140,46
107900109,1721,32,1689
107900110,93,57,36
107900111,6,620,-614
107900112,67,391,-324
107900113,364,120,244
107900114,224,143,81
107900115,4,39,-35
107900116,223,111,112
107900117,389,297,92
107900118,82,111,-29
107900119,94,422,-328
107900120,32,30,2
107900121,0,180,-180
107900122,3,97,-94
107900123,9,57,-48
107900124,23,37,-14
107900125,35,212,-177
107900126,21,66,-45
107900127,536,371,165
107900128,89,85,4
107900129,89,17,72
107900130,109,33,76
107900131,534,432,102
107900132,129,271,-142
107900133,7,100,-93
107900134,55,101,-46
107900135,12,125,-113
107900136,50,51,-1
107900137,163,119,44
107900138,77,39,38
107900139,37,86,-49
107900140,117,60,57
107900141,52,36,16
107900142,93,644,-551
107900143,83,18,65
107900144,2,106,-104
107900145,19,85,-66
107900146,66,173,-107
107900147,58,39,19
107900148,149,108,41
107900149,874,215,659
107900150,59,421,-362
107900151,40,82,-42
107900152,17,156,-139
107900153,128,336,-208
107900154,96,23,73
107900155,107,82,25
107900156,17,176,-159
107900157,76,50,26
107900158,1204,40,1164
107900159,27,610,-583
107900160,154,143,11
107900161,40,124,-84
107900162,0,113,-113
107900163,69,67,2
107900164,15,64,-49
107900165,31,119,-88
107900166,38,139,-101
107900167,48,32,16
107900168,94,30,64
107900169,14,209,-195
107900171,8,882,-874
107900172,2,247,-245
107900173,39,77,-38
107900174,164,2,162
107900175,11,48,-37
107900176,87,21,66
107900177,4,211,-207
107900178,36,142,-106
107900179,18,110,-92
107900180,512,928,-416
107900181,382,283,99
107900182,2,788,-786
107900183,140,191,-51
107900184,126,223,-97
107900185,153,7,146
107900186,47,46,1
107900187,0,102,-102
107900188,573,165,408
107900189,33,93,-60
107900190,65,162,-97
107900191,106,66,40
107900193,4,84,-80
107900194,367,12,355
107900195,1899,382,1517
107900196,50,76,-26
107900197,541,545,-4
107900199,3,614,-611
107900201,100,44,56
107900203,46,107,-61
107900204,137,281,-144
107900205,317,409,-92
107900206,1003,282,721
107900207,2,321,-319
107900208,7,371,-364
107900209,292,138,154
107900210,64,104,-40
107900213,872,628,244
107900214,40,88,-48
107900215,196,464,-268
107900216,154,69,85
107900217,48,90,-42
107900218,22,1483,-1461
107900219,48,64,-16
107900220,178,305,-127
107900221,212,237,-25
107900223,127,379,-252
107900224,141,525,-384
107900225,16,543,-527
107900226,98,95,3
107900227,159,356,-197
107900228,20,93,-73
107900229,4,200,-196
107900230,19,67,-48
107900231,20,170,-150
107900232,127,96,31
107900233,5,108,-103
107900234,156,73,83
107900235,32,144,-112
107900236,147,29,118
107900237,46,353,-307
107900238,49,120,-71
107900239,609,631,-22
107900240,44,83,-39
107900241,12,66,-54
107900242,53,126,-73
107900243,2,46,-44
107900244,379,11,368
107900245,876,33,843
107900246,506,22,484
107900248,448,287,161
107900249,1105,79,1026
107900250,0,416,-416
107900251,79,1161,-1082
107900252,1274,27,1247
107900253,277,17,260
107900254,96,533,-437
107900255,249,129,120
107900256,1692,1459,233
107900257,336,174,162
107900258,156,178,-22
107900259,91,2649,-2558
107900261,5,313,-308
107900262,35,143,-108
107900264,531,22,509
107900265,384,133,251
107900267,438,10,428
107900268,30,6,24
107900269,0,10,-10
107900270,1,0,1
107900271,1,28,-27
107900272,89,40,49
107900273,48,77,-29
107900274,132,2,130
107900275,36,1,35
107900276,0,91,-91
107900277,0,207,-207
107900278,382,333,49
107900279,82,177,-95
107900280,2018,2428,-410
107900281,840,3650,-2810
107900282,56,669,-613
107900283,958,877,81
107900284,736,500,236
107900285,153,51,102
107900286,107,139,-32
107900287,339,212,127
107900290,0,166,-166
107900291,694,15,679
107900292,193,133,60
107900293,91,255,-164
107900295,45,31,14
107900297,3,289,-286
107900298,696,567,129
107900299,2131,2837,-706
107900300,130,356,-226
107900301,938,777,161
107900302,166,56,110
107900303,279,241,38
107900304,406,331,75
107900305,414,28,386
107900306,13,42,-29
107900307,35,189,-154
107900308,219,184,35
107900309,59,5,54
107900310,543,5,538
107900311,2,555,-553
107900312,63,1,62
107900313,1,171,-170
107900314,0,46,-46
107900315,7,27,-20
107900316,114,1,113
107900317,111,12,99
107900318,8,115,-107
107900319,4,144,-140
107900320,3,116,-113
107900321,154,5,149
107900322,2,75,-73
107900323,11,132,-121
107900324,168,1,167
107900325,112,0,112
107900326,394,163,231
107900327,0,73,-73
107900328,75,1,74
107900329,69,55,14
107900330,10,261,-251
107900331,298,27,271
107900332,285,11,274
107900333,79,20,59
107900334,14,111,-97
107900335,67,28,39
107900336,76,54,22
107900337,811,1255,-444
107900338,4,185,-181
107900339,6,18,-12
107900340,0,32,-32
107900341,57,1,56
107900342,62,56,6
107900343,63,1,62
107900344,1,63,-62
107900345,98,36,62
107900346,23,0,23
107900347,15,1,14
107900348,5,2,3
107900349,22,12,10
107900350,29,220,-191
108000001,3355,3969,-614
108000002,1682,1970,-288
108000003,4034,3944,90
108000004,10554,12493,-1939
108000005,9318,6725,2593
108000006,6937,6513,424
108000007,5832,4374,1458
108000008,3731,5060,-1329
108000009,4748,5130,-382
108000010,3145,3655,-510
108000011,13898,13295,603
108000012,13250,13224,26
108000014,688,924,-236
108000015,934,275,659
108000016,315,600,-285
108000017,1241,400,841
108000018,2110,806,1304
108000019,2000,1001,999
108000020,1526,640,886
108000021,359,1546,-1187
108000022,444,1157,-713
108000023,1414,276,1138
108000024,258,381,-123
108000025,327,281,46
108000026,911,354,557
108000027,867,397,470
108000028,722,233,489
108000029,661,412,249
108000030,730,194,536
108000031,271,678,-407
108000032,2062,705,1357
108000033,846,738,108
108000034,2143,570,1573
108000035,778,1726,-948
108000036,378,831,-453
108000037,2067,530,1537
108000038,3112,641,2471
108000039,581,1443,-862
108000040,2419,967,1452
108000041,657,1811,-1154
108000042,379,181,198
108000043,301,238,63
108000044,706,155,551
108000045,372,351,21
108000046,1832,344,1488
108000047,447,778,-331
108000048,204,275,-71
108000049,1234,306,928
108000050,99,361,-262
108000051,394,157,237
108000052,241,497,-256
108000053,483,248,235
108000054,531,1141,-610
108000055,1295,582,713
108000056,729,1209,-480
108000057,687,1371,-684
108000058,2134,3943,-1809
108000059,2460,1669,791
108000060,255,462,-207
108000061,149,207,-58
108000062,1028,777,251
108000063,537,354,183
108000064,328,251,77
108000065,582,384,198
108000066,1649,707,942
108000067,2130,745,1385
108000068,949,378,571
108000069,234,738,-504
108000070,2418,749,1669
108000071,639,1130,-491
108000072,2192,1095,1097
108000073,1248,1249,-1
108000074,785,394,391
108000075,383,659,-276
108000076,1212,600,612
108000077,669,537,132
108000078,3178,1306,1872
108000079,754,1188,-434
108000080,1786,507,1279
108000081,561,1200,-639
108000082,863,1455,-592
108000083,2295,1098,1197
108000084,392,981,-589
108000085,1006,520,486
108000086,653,546,107
108000087,212,2646,-2434
108000088,230,10,220
108000089,383,389,-6
108000090,396,121,275
108000091,210,373,-163
108000092,199,93,106
108000093,176,380,-204
108000094,678,94,584
108000095,204,270,-66
108000096,425,176,249
108000097,156,337,-181
108000098,2267,1262,1005
108000099,295,60,235
108000100,92,210,-118
108000101,1931,1549,382
108000102,1761,3500,-1739
108000106,904,1,903
108000107,1,809,-808
108000108,681,64,617
108000109,7,797,-790
108000110,311,293,18
108000111,172,557,-385
108000112,97,136,-39
108000113,438,211,227
108000115,327,266,61
108000117,646,446,200
108000118,55,204,-149
108000119,533,267,266
108000120,163,771,-608
108000121,185,289,-104
108000122,702,256,446
108000123,986,182,804
108000124,400,419,-19
108000125,587,236,351
108000126,174,278,-104
108000127,648,260,388
108000128,763,360,403
108000129,362,659,-297
108000130,653,249,404
108000131,1117,504,613
108000132,1659,958,701
108000133,1430,524,906
108000134,551,405,146
108000135,1527,469,1058
108000136,288,754,-466
108000137,515,255,260
108000138,343,350,-7
108000139,602,257,345
108000140,115,15,100
108000141,32,37,-5
108000142,54,50,4
108000143,43,16,27
108000144,58,10,48
108000145,57,8,49
108000146,101,27,74
108000147,50,18,32
108000148,105,25,80
108000149,31,20,11
108000150,61,6,55
108000151,9,6,3
108000152,115,300,-185
108000153,720,147,573
108000154,34,2,32
108000155,35,14,21
108000156,285,99,186
108000157,287,1341,-1054
108000158,66,759,-693
108000159,410,212,198
108000160,1970,1274,696
108000161,2080,3181,-1101
108000165,5,245,-240
108000172,2,290,-288
108000173,1193,2205,-1012
108000175,282,95,187
108000178,388,297,91
108000179,188,1067,-879
108000181,53,23,30
108000182,77,11,66
108000183,24,15,9
108000184,691,2625,-1934
108000185,367,372,-5
108000186,190,24,166
108000187,126,364,-238
108000188,791,197,594
108000189,554,1531,-977
108000190,33,129,-96
108000192,177,410,-233
108000193,837,44,793
108000194,40,25,15
108000195,1,752,-751
108000196,327,239,88
108000197,139,312,-173
108000198,534,228,306
108000199,1,229,-228
108000200,683,279,404
108000202,2,288,-286
108000203,174,408,-234
108000204,177,59,118
108000205,187,349,-162
108000339,1065,334,731
108000364,97,235,-138
108000365,101,273,-172
108000367,166,244,-78
108000368,8,47,-39
108000369,488,281,207
108000371,1,630,-629
108000372,701,4,697
108000373,255,122,133
108000376,105,46,59
108000377,574,187,387
108000378,10110,11512,-1402
108000379,25,193,-168
108000381,69,15,54
108000382,72,1,71
108000383,1,92,-91
108900001,89,689,-600
108900002,196,73,123
108900003,324,490,-166
108900004,124,482,-358
108900005,90,466,-376
108900006,739,169,570
108900007,414,258,156
108900008,221,168,53
108900009,81,138,-57
108900010,365,170,195
108900011,795,379,416
108900012,505,461,44
108900013,242,342,-100
108900014,36,145,-109
108900015,0,130,-130
108900016,0,196,-196
108900017,246,436,-190
108900018,242,366,-124
108900019,71,621,-550
108900020,95,163,-68
108900021,167,200,-33
108900022,225,26,199
108900023,2,46,-44
108900024,19,89,-70
108900025,179,109,70
108900026,19,136,-117
108900027,1,72,-71
108900028,145,250,-105
108900029,77,230,-153
108900030,0,46,-46
108900031,226,255,-29
108900032,20,193,-173
108900033,1,139,-138
108900034,0,101,-101
108900035,289,899,-610
108900036,236,224,12
108900037,57,267,-210
108900038,1,219,-218
108900039,1,291,-290
108900040,9,86,-77
108900041,4558,3686,872
108900042,5,452,-447
108900043,52,517,-465
108900044,5,338,-333
108900045,81,352,-271
108900046,29,518,-489
108900047,0,58,-58
108900048,121,646,-525
108900049,2001,1854,147
108900050,3,134,-131
108900051,0,126,-126
108900052,37,157,-120
108900053,56,229,-173
108900054,102,204,-102
108900055,52,442,-390
108900056,0,125,-125
108900057,0,126,-126
108900058,49,305,-256
108900059,707,62,645
108900060,125,127,-2
108900061,66,31,35
108900062,0,192,-192
108900063,29,211,-182
108900064,343,49,294
108900065,20,161,-141
108900066,502,141,361
108900067,25,117,-92
108900068,0,57,-57
108900069,62,68,-6
108900070,30,85,-55
108900071,117,129,-12
108900072,2072,700,1372
108900073,3,42,-39
108900074,310,256,54
108900075,60,32,28
108900076,497,68,429
108900077,79,122,-43
108900078,46,124,-78
108900079,646,167,479
108900080,42,1206,-1164
108900081,64,193,-129
108900082,106,92,14
108900083,30,356,-326
108900084,397,170,227
108900085,1626,208,1418
108900086,170,195,-25
108900087,118,178,-60
108900088,1092,437,655
108900089,42,171,-129
108900090,118,245,-127
108900091,125,72,53
108900092,601,310,291
108900093,179,107,72
108900094,414,97,317
108900095,43,225,-182
108900096,263,10,253
108900097,330,195,135
108900098,1737,1211,526
108900099,498,213,285
108900100,100,141,-41
108900101,261,261,0
108900102,100,1312,-1212
108900103,81,141,-60
108900104,134,339,-205
108900105,6,1271,-1265
108900106,548,244,304
108900108,475,80,395
108900109,33,49,-16
108900110,292,311,-19
108900111,546,400,146
108900112,359,42,317
108900113,52,62,-10
108900114,5,3,2
108900115,163,93,70
108900116,141,20,121
108900117,253,29,224
108900118,792,37,755
108900119,384,44,340
108900120,259,205,54
108900121,377,105,272
108900122,167,32,135
108900123,174,131,43
108900124,533,190,343
108900125,614,4,610
108900126,116,69,47
108900127,196,27,169
108900128,140,49,91
108900129,1058,194,864
108900130,455,1,454
108900131,537,10,527
108900132,622,73,549
108900133,317,63,254
108900134,643,218,425
108900135,173,8,165
108900136,95,1,94
108900137,270,6,264
108900138,1028,82,946
108900139,897,136,761
108900140,496,237,259
108900141,427,22,405
108900142,118,7,111
108900143,93,0,93
108900144,111,2,109
108900145,250,16,234
108900146,117,1,116
108900147,300,2,298
108900148,61,34,27
108900149,541,273,268
108900150,264,6,258
108900151,126,15,111
108900152,362,51,311
108900153,251,247,4
108900154,5822,483,5339
108900155,300,80,220
108900156,116,11,105
108900157,27,421,-394
108900158,481,24,457
108900159,11,155,-144
108900160,12,173,-161
108900161,12,272,-260
108900162,129,1,128
108900163,7,271,-264
108900164,39,55,-16
108900165,123,79,44
108900167,1247,8990,-7743
108900168,5621,3133,2488
108900169,50,154,-104
108900171,5105,3595,1510
108900172,237,41,196
108900173,181,365,-184
108900174,1208,638,570
108900176,169,341,-172
108900177,3598,6529,-2931
108900178,3188,4183,-995
108900179,512,2137,-1625
108900180,227,299,-72
108900182,55,491,-436
108900183,448,198,250
108900184,672,268,404
108900185,121,451,-330
108900186,104,364,-260
108900187,615,57,558
108900188,903,115,788
108900189,553,133,420
108900190,74,2015,-1941
108900191,183,46,137
108900192,130,207,-77
108900193,125,44,81
108900194,15,232,-217
108900195,81,224,-143
108900196,33,310,-277
108900198,5,294,-289
108900199,304,336,-32
108900200,670,400,270
108900201,602,1486,-884
108900203,655,139,516
108900204,373,13,360
108900205,194,46,148
108900206,760,119,641
108900207,287,168,119
108900208,20,310,-290
108900209,154,512,-358
108900210,338,197,141
108900211,188,646,-458
108900212,406,1511,-1105
108900215,66,325,-259
108900216,483,293,190
108900217,116,0,116
108900218,141,16,125
108900219,80,9,71
108900220,63,45,18
108900221,27,192,-165
108900222,420,26,394
108900223,8,166,-158
108900224,27,146,-119
108900225,3,97,-94
108900226,346,32,314
108900227,146,439,-293
108900230,186,240,-54
108900231,30,238,-208
108900232,1,189,-188
108900233,657,107,550
108900234,372,157,215
108900235,184,553,-369
108900236,91,355,-264
108900237,65,193,-128
108900240,185,140,45
108900241,60,66,-6
108900245,13,1914,-1901
108900249,139,30,109
108900250,273,116,157
108900257,508,238,270
108900258,17,152,-135
108900259,194,51,143
108900260,8,71,-63
108900261,57,96,-39
108900262,125,105,20
108900263,38,134,-96
108900264,362,268,94
108900265,818,523,295
108900266,536,782,-246
108900267,5,145,-140
108900268,9,7,2
108900269,92,20,72
108900270,101,10,91
108900271,73,30,43
108900272,270,24,246
108900273,616,941,-325
108900274,52,31,21
109000001,2237,1764,473
109000002,1014,1531,-517
109000003,2876,445,2431
109000004,542,1871,-1329
109000005,2273,511,1762
109000006,582,1795,-1213
109000007,1995,585,1410
109000008,697,1567,-870
109000009,4310,1261,3049
109000010,1047,3054,-2007
109000011,3950,1978,1972
109000012,1837,2591,-754
109000013,4919,3466,1453
109000014,2061,2479,-418
109000015,4172,7996,-3824
109000016,5023,2856,2167
109000017,3062,1206,1856
109000018,1056,2269,-1213
109000019,2946,1191,1755
109000020,861,1548,-687
109000023,324,31,293
109000024,12,190,-178
109000025,327,535,-208
109000026,449,288,161
109000027,133,351,-218
109000028,122,110,12
109000029,138,184,-46
109000030,88,490,-402
109000031,296,184,112
109000032,125,409,-284
109000033,344,183,161
109000034,47,39,8
109000035,14,59,-45
109000036,108,259,-151
109000037,311,2023,-1712
109000038,525,317,208
109000039,1343,1091,252
109000040,3541,12136,-8595
109000041,1950,1826,124
109000042,613,1334,-721
109000044,486,92,394
109000045,105,287,-182
109000046,427,79,348
109000047,48,420,-372
109000048,972,241,731
109000049,296,653,-357
109000050,468,288,180
109000051,288,227,61
109000052,700,746,-46
109000053,354,108,246
109000054,531,423,108
109000055,312,422,-110
109000056,436,412,24
109000057,1027,629,398
109000058,1052,373,679
109000059,666,1812,-1146
109000060,437,355,82
109000061,723,1717,-994
109000062,200,442,-242
109000063,261,174,87
109000064,393,193,200
109000065,203,213,-10
109000066,482,116,366
109000067,79,224,-145
109000068,1375,34,1341
109000069,661,38,623
109000070,8,1559,-1551
109000071,334,94,240
109000072,111,284,-173
109000073,65,100,-35
109000074,25,171,-146
109000075,54,383,-329
109000076,116,230,-114
109000077,414,197,217
109000078,39,183,-144
109000079,131,125,6
109000080,172,84,88
109000081,143,295,-152
109000082,704,137,567
109000083,327,359,-32
109000088,147,457,-310
109000089,324,109,215
109000090,152,442,-290
109000091,452,249,203
109000092,334,412,-78
109000093,286,265,21
109000094,837,3,834
109000095,99,336,-237
109000096,992,196,796
109000097,104,122,-18
109000098,43,173,-130
109000099,962,302,660
109000100,271,550,-279
109000101,2139,665,1474
109000102,445,809,-364
109000103,551,567,-16
109000104,2226,598,1628
109000105,561,1024,-463
109000106,2553,834,1719
109000107,699,1669,-970
109000108,2197,682,1515
109000109,538,1474,-936
109000110,1539,636,903
109000111,929,1824,-895
109000112,424,122,302
109000113,299,154,145
109000114,179,296,-117
109000115,1143,38,1105
109000116,11,254,-243
109000117,291,71,220
109000118,11,255,-244
109000119,1706,190,1516
109000120,278,599,-321
109000121,577,36,541
109000122,188,536,-348
109000123,19,56,-37
109000124,809,323,486
109000125,1082,296,786
109000126,457,635,-178
109000127,1358,182,1176
109000128,595,958,-363
109000129,3056,887,2169
109000130,500,1221,-721
109000131,928,667,261
109000132,756,1375,-619
109000133,282,799,-517
109000134,771,1146,-375
109000135,1122,1498,-376
109000136,378,257,121
109000137,420,414,6
109000138,592,287,305
109000139,675,379,296
109000140,222,306,-84
109000141,620,421,199
109000142,152,425,-273
109000143,126,62,64
109000145,109,197,-88
109000146,28,79,-51
109000148,2923,2285,638
109000149,17,50,-33
109000150,66,293,-227
109000155,1001,720,281
109000156,895,673,222
109000158,257,304,-47
109000159,195,590,-395
109000160,1173,224,949
109000161,395,856,-461
109000162,2339,664,1675
109000163,1340,1403,-63
109000164,1491,2049,-558
109000165,1508,448,1060
109000166,906,107,799
109000167,115,492,-377
109000170,23,37,-14
109000171,73,38,35
109000172,39,49,-10
109000173,18,78,-60
109000174,117,36,81
109000175,70,58,12
109000176,348,192,156
109000177,52,86,-34
109000178,387,87,300
109000179,3755,6261,-2506
109000180,4421,4276,145
109000181,29,13,16
109000182,45,31,14
109000183,46,26,20
109000184,53,18,35
109000185,16,48,-32
109000188,725,1459,-734
109000189,3806,889,2917
109000190,901,373,528
109000191,374,455,-81
109000192,508,241,267
109000193,275,200,75
109000194,354,125,229
109000195,201,266,-65
109000196,366,99,267
109000197,218,295,-77
109000198,510,95,415
109000199,168,358,-190
109000206,208,28,180
109000207,160,35,125
109000208,115,102,13
109000209,166,92,74
109000210,185,444,-259
109000211,269,268,1
109000214,459,256,203
109000215,180,69,111
109000216,339,307,32
109000217,303,172,131
109000218,457,263,194
109000221,389,772,-383
109000222,940,239,701
109000223,362,374,-12
109000224,46,95,-49
109000225,89,26,63
109000226,52,147,-95
109000227,1301,737,564
109000228,2,1475,-1473
109000231,0,234,-234
109000232,461,222,239
109000236,347,633,-286
109000241,2039,1638,401
109000242,1800,1001,799
109000293,17,85,-68
109000361,134,202,-68
109000364,257,589,-332
109000396,4,377,-373
109000397,715,18,697
109000399,154,321,-167
109000400,67,149,-82
109000403,149,1033,-884
109000406,261,2,259
109000407,246,132,114
109000408,1,172,-171
109000410,1135,243,892
109000411,146,7,139
109900001,149,7,142
109900002,937,24,913
109900003,322,0,322
109900004,890,157,733
109900005,44,14,30
109900006,623,164,459
109900007,1078,273,805
109900008,0,48,-48
109900009,170,404,-234
109900010,645,27,618
109900011,82,79,3
109900012,372,246,126
109900013,482,254,228
109900014,504,81,423
109900015,577,244,333
109900016,182,12,170
109900017,253,242,11
109900018,393,60,333
109900019,440,81,359
109900020,51,40,11
109900021,48,14,34
109900022,90,212,-122
109900023,43,4,39
109900024,42,12,30
109900025,44,61,-17
109900026,5,158,-153
109900027,47,31,16
109900028,775,1117,-342
109900029,5,219,-214
109900030,76,12,64
109900031,2,340,-338
109900032,10,275,-265
109900033,4,536,-532
109900034,53,3,50
109900035,29,64,-35
109900036,17,29,-12
109900037,27,322,-295
109900038,88,267,-179
109900039,3,1,2
109900040,35,367,-332
109900041,72,260,-188
109900042,24,632,-608
109900044,146,204,-58
109900045,144,57,87
109900046,35,75,-40
109900047,300,289,11
109900048,0,74,-74
109900049,33,38,-5
109900050,3,85,-82
109900051,0,20,-20
109900052,112,326,-214
109900053,3,165,-162
109900054,1000,283,717
109900055,94,280,-186
109900056,23,266,-243
109900057,5,78,-73
109900058,0,55,-55
109900059,1120,143,977
109900060,559,111,448
109900061,36,279,-243
109900062,0,100,-100
109900063,16,562,-546
109900064,694,203,491
109900065,54,134,-80
109900066,334,656,-322
109900067,0,131,-131
109900068,138,13,125
109900069,10,35,-25
109900070,30,270,-240
109900071,4,31,-27
109900072,32,157,-125
109900073,534,429,105
109900074,15,23,-8
109900075,19,27,-8
109900076,12,155,-143
109900077,21,48,-27
109900078,92,246,-154
109900080,169,305,-136
109900081,34,296,-262
109900082,42,325,-283
109900083,24,82,-58
109900084,66,141,-75
109900085,225,513,-288
109900086,141,570,-429
109900087,280,494,-214
109900089,928,266,662
109900090,587,1054,-467
109900091,528,96,432
109900092,569,30,539
109900093,1387,217,1170
109900094,99,72,27
109900095,210,237,-27
109900096,60,4,56
109900097,155,2,153
109900098,588,50,538
109900099,222,2,220
109900100,55,1,54
109900101,735,8,727
109900102,593,30,563
109900103,32,47,-15
109900104,719,391,328
109900105,697,25,672
109900106,499,68,431
109900107,856,109,747
109900108,142,213,-71
109900109,41,130,-89
109900110,76,302,-226
109900111,358,716,-358
109900112,376,466,-90
109900113,1045,682,363
109900114,1206,956,250
109900115,192,84,108
109900117,1361,140,1221
109900118,264,416,-152
109900119,633,289,344
109900120,100,31,69
109900121,423,523,-100
109900122,546,9,537
109900123,11,135,-124
109900124,46,343,-297
109900125,7,178,-171
109900126,428,89,339
109900128,502,39,463
109900130,5200,3150,2050
109900131,51,115,-64
109900132,36,111,-75
109900133,72,206,-134
109900134,70,87,-17
109900135,258,40,218
109900136,50,151,-101
109900137,143,220,-77
109900138,568,273,295
109900140,206,144,62
109900141,641,243,398
109900142,1760,363,1397
109900145,12,709,-697
109900146,523,40,483
109900148,33,74,-41
109900149,20,60,-40
109900150,9,73,-64
109900151,11,40,-29
109900152,0,27,-27
109900153,0,67,-67
109900154,75,0,75
109900155,78,21,57
109900157,85,183,-98
109900158,76,150,-74
109900159,192,61,131
109900160,217,77,140
109900161,293,80,213
109900162,333,141,192
109900163,833,302,531
109900164,77,190,-113
109900165,583,4,579
109900166,4,147,-143
109900167,223,426,-203
109900168,244,488,-244
109900169,268,129,139
109900170,265,1154,-889
109900171,238,113,125
109900172,396,319,77
109900173,2121,2767,-646
109900174,41,91,-50
109900175,109,107,2
109900176,194,199,-5
109900177,67,216,-149
109900178,22,168,-146
109900179,61,19,42
109900180,2,17,-15
110000001,790,431,359
110000002,684,753,-69
110000003,851,632,219
110000004,573,770,-197
110000005,370,2040,-1670
110000006,267,306,-39
110000007,140,88,52
110000008,12,65,-53
110000009,48,14,34
110000010,34,73,-39
110000011,47,54,-7
110000012,629,298,331
110000013,51,515,-464
110000014,509,352,157
110000015,246,537,-291
110000016,255,1680,-1425
110000017,2663,315,2348
110000018,2548,421,2127
110000019,5,62,-57
110000020,445,196,249
110000021,494,395,99
110000022,1402,282,1120
110000023,4,115,-111
110000024,752,413,339
110000025,487,10,477
110000026,17,229,-212
110000027,941,915,26
110000028,940,701,239
110000029,603,591,12
110000030,294,393,-99
110000031,361,356,5
110000032,909,378,531
110000033,321,82,239
110000034,579,762,-183
110000035,1059,419,640
110000036,1219,758,461
110000037,309,351,-42
110000038,314,806,-492
110000039,796,4059,-3263
110000040,373,280,93
110000041,407,1979,-1572
110000042,114,449,-335
110000043,955,303,652
110000044,86,587,-501
110000045,658,82,576
110000046,1,37,-36
110000047,24,59,-35
110000048,13,35,-22
110000049,17,15,2
110000050,35,149,-114
110000051,44,17,27
110000052,31,23,8
110000053,335,52,283
110000054,293,504,-211
110000055,774,138,636
110000056,161,129,32
110000057,468,592,-124
110000058,1403,503,900
110000059,1178,538,640
110000060,1127,1114,13
110000061,924,705,219
110000062,710,884,-174
110000063,36,148,-112
110000064,93,44,49
110000065,86,98,-12
110000066,103,32,71
110000067,181,146,35
110000068,306,98,208
110000069,376,100,276
110000071,195,78,117
110000073,9,12,-3
110000075,24,68,-44
110000076,319,438,-119
110000077,360,1391,-1031
110000078,30,49,-19
110000080,284,587,-303
110000081,59,244,-185
110000082,32,341,-309
110000083,267,601,-334
110000084,1343,916,427
110000085,1410,1577,-167
110000086,1388,2593,-1205
110000087,29,68,-39
110000088,113,262,-149
110000089,325,88,237
110000090,262,270,-8
110000091,887,206,681
110000092,26,47,-21
110000093,65,12,53
110000094,528,276,252
110000095,215,606,-391
110000096,1581,2016,-435
110000097,1231,1646,-415
110000098,2168,742,1426
110000099,800,1578,-778
110000100,1287,370,917
110000101,28,231,-203
110000102,113,20,93
110000104,355,142,213
110000105,47,277,-230
110000106,692,518,174
110000107,260,302,-42
110000108,144,136,8
110000109,362,270,92
110000110,2403,5216,-2813
110000111,5379,3397,1982
110000112,926,1397,-471
110000113,269,2486,-2217
110000114,195,652,-457
110000115,425,319,106
110000116,42,68,-26
110000117,228,282,-54
110000118,603,108,495
110000119,296,266,30
110000120,410,128,282
110000121,51,350,-299
110000122,416,588,-172
110000123,780,846,-66
110000124,3,742,-739
110000125,1209,6,1203
110000126,282,22,260
110000127,1337,51,1286
110000128,33,1212,-1179
110000129,4,471,-467
110000130,346,241,105
110000131,107,241,-134
110000132,1,532,-531
110000133,29,519,-490
110000134,32,387,-355
110000135,233,21,212
110000136,74,212,-138
110000137,601,606,-5
110000138,1041,559,482
110000139,1074,918,156
110000140,933,776,157
110000143,658,452,206
110000144,4869,2076,2793
110000145,2144,1227,917
110000146,2576,850,1726
110000147,710,726,-16
110000148,838,275,563
110000151,987,1100,-113
110000152,798,451,347
110000153,227,32,195
110000154,43,18,25
110000155,1734,4286,-2552
110000156,1266,2528,-1262
110000157,2294,2311,-17
110000160,555,220,335
110000161,251,232,19
110000166,839,146,693
110000167,1199,568,631
110000168,1377,500,877
110000169,1002,383,619
110000170,159,68,91
110000171,684,101,583
110000172,222,709,-487
110000173,1009,1060,-51
110000174,178,743,-565
110000175,937,76,861
110000176,248,475,-227
110000177,183,929,-746
110000178,424,1708,-1284
110000179,971,357,614
110000180,238,182,56
110000181,562,432,130
110000182,289,120,169
110000183,7045,8084,-1039
110000184,280,2816,-2536
110000185,949,812,137
110000186,774,643,131
110000191,1420,209,1211
110000192,795,14,781
110000193,1541,17,1524
110000194,15,776,-761
110000195,512,233,279
110000196,588,250,338
110000197,153,143,10
110000198,190,69,121
110000199,70,147,-77
110000200,1326,559,767
110000201,1624,1374,250
110000202,1606,631,975
110000203,709,606,103
110000204,3,156,-153
110000205,202,42,160
110000206,494,886,-392
110000207,1482,413,1069
110000208,198,233,-35
110000209,133,653,-520
110000210,1671,479,1192
110000211,890,690,200
110000212,522,1161,-639
110000213,315,71,244
110000214,349,116,233
110000215,178,303,-125
110000216,113,291,-178
110000217,494,113,381
110000218,150,264,-114
110000219,517,44,473
110000220,76,180,-104
110000221,448,65,383
110000222,62,123,-61
110000223,1,179,-178
110000224,24,4,20
110000225,318,789,-471
110000226,308,53,255
110000227,869,1048,-179
110000228,286,125,161
110000229,3,189,-186
110000230,618,524,94
110000231,170,248,-78
110000232,460,179,281
110000233,284,280,4
110000234,703,874,-171
110000235,855,1026,-171
110000236,723,591,132
110000237,2135,1220,915
110000238,1357,1193,164
110000239,2263,1153,1110
110000240,0,52,-52
110000242,0,13,-13
110000243,168,102,66
110000244,180,324,-144
110000245,31,355,-324
110000246,964,571,393
110000247,1390,5315,-3925
110000248,2231,1516,715
110000249,81,13,68
110000250,58,200,-142
110000251,464,554,-90
110000252,379,152,227
110000253,1557,868,689
110000254,797,1067,-270
110000255,277,909,-632
110000256,525,348,177
110000257,718,457,261
110000258,9,349,-340
110000259,186,30,156
110000260,31,165,-134
110000263,636,174,462
110000264,446,403,43
110000265,1490,2107,-617
110000266,2009,3491,-1482
110000267,29,219,-190
110000268,384,460,-76
110000269,7,71,-64
110000270,96,7,89
110000271,1158,279,879
110000272,1237,980,257
110000273,3301,1689,1612
110000274,291,1880,-1589
110000275,2153,644,1509
110000276,317,444,-127
110000277,496,415,81
110000278,441,771,-330
110000279,986,841,145
110000280,690,446,244
110000281,44,408,-364
110000282,253,18,235
110000283,45,143,-98
110000284,31,50,-19
110000285,4,840,-836
110000286,27,1,26
110000287,146,5,141
110000288,40,101,-61
110000289,405,1970,-1565
110000290,780,540,240
110000291,4425,1196,3229
110000292,1375,5815,-4440
110000293,931,596,335
110000294,1478,1414,64
110000295,390,948,-558
110000296,1019,412,607
110000297,2811,448,2363
110000298,168,409,-241
110000299,291,89,202
110000301,518,31,487
110000302,223,569,-346
110000303,507,10,497
110000304,82,182,-100
110000305,1726,26,1700
110000306,270,903,-633
110000307,2083,16,2067
110000308,960,10,950
110000309,6,748,-742
110000310,920,49,871
110000311,23,559,-536
110000312,634,135,499
110000313,2840,3129,-289
110000314,0,251,-251
110000315,3145,2999,146
110000316,564,1298,-734
110000317,367,620,-253
110000318,6,58,-52
110000319,18,23,-5
110000320,71,60,11
110000321,19,41,-22
110000322,344,303,41
110000323,662,158,504
110000324,2860,1834,1026
110000325,2659,3640,-981
110000327,640,326,314
110000328,233,441,-208
110000333,1283,850,433
110000334,1068,1215,-147
110000335,1281,609,672
110000336,1082,842,240
110000337,2206,677,1529
110000338,651,241,410
110000339,500,305,195
110000340,208,206,2
110000341,507,464,43
110000342,411,7,404
110000343,0,24,-24
110000344,165,184,-19
110000345,210,136,74
110000346,2192,2084,108
110000347,1182,752,430
110000348,38,20,18
110000349,13,18,-5
110000350,77,5,72
110000351,1372,720,652
110000352,845,1649,-804
110000353,2391,604,1787
110000354,1200,3182,-1982
110000355,147,75,72
110000356,719,11,708
110000357,679,26,653
110000361,52,57,-5
110000362,86,46,40
110000363,581,124,457
110000364,316,243,73
110000365,164,0,164
110000366,0,109,-109
110000367,509,243,266
110000368,1,51,-50
110000369,92,6,86
110000373,4,208,-204
110000374,264,16,248
110000375,129,1041,-912
110000376,11,53,-42
110000377,111,529,-418
110000378,13,450,-437
110000379,2118,2057,61
110000380,82,12,70
110000383,3,1142,-1139
110000384,1172,701,471
110000385,1,260,-259
110000387,109,6,103
110000388,47,197,-150
110000389,906,8,898
110000391,1094,292,802
110000396,280,108,172
110000397,184,139,45
110000398,6,28,-22
110000399,124,4,120
110000587,130,54,76
110000589,198,123,75
110000640,156,33,123
110000652,25,457,-432
110000653,428,387,41
110000654,36,344,-308
110000656,1,412,-411
110000674,60,25,35
110000675,23,9,14
110000676,8,23,-15
110000679,193,1284,-1091
110000682,200,208,-8
110000683,254,479,-225
110000684,4,33,-29
110000685,15,17,-2
110000686,2,44,-42
110000687,55,5,50
110000688,82,1251,-1169
110000689,28,50,-22
110000692,52,171,-119
110000693,75,305,-230
110000694,1,110,-109
110000695,344,677,-333
110000696,53,68,-15
110900001,284,9,275
110900002,441,200,241
110900003,1207,367,840
110900004,602,131,471
110900005,1991,3017,-1026
110900006,35,18,17
110900007,181,52,129
110900008,22,14,8
110900009,671,201,470
110900010,12,43,-31
110900011,35,49,-14
110900012,14,63,-49
110900013,1506,114,1392
110900014,317,23,294
110900015,460,878,-418
110900016,59,125,-66
110900017,631,35,596
110900018,616,72,544
110900019,238,38,200
110900020,192,133,59
110900021,124,448,-324
110900022,116,230,-114
110900023,117,448,-331
110900024,19,279,-260
110900025,0,42,-42
110900027,91,236,-145
110900028,46,170,-124
110900029,16,211,-195
110900030,51,232,-181
110900031,1,141,-140
110900032,2,74,-72
110900033,41,220,-179
110900035,8,536,-528
110900036,112,24,88
110900037,111,27,84
110900038,845,167,678
110900039,8,254,-246
110900040,216,39,177
110900041,39,60,-21
110900042,199,48,151
110900043,5,68,-63
110900044,217,14,203
110900045,73,319,-246
110900046,25,118,-93
110900047,376,346,30
110900049,133,124,9
110900050,25,7,18
110900051,30,177,-147
110900052,8,107,-99
110900053,103,28,75
110900054,44,167,-123
110900055,24,7,17
110900056,79,89,-10
110900057,7,82,-75
110900058,310,142,168
110900059,599,403,196
110900060,557,148,409
110900061,30,41,-11
110900062,203,195,8
110900063,38,157,-119
110900064,20,0,20
110900065,251,126,125
110900066,10,57,-47
110900067,237,717,-480
110900068,243,244,-1
110900069,2,20,-18
110900070,102,69,33
110900071,224,925,-701
110900073,1,30,-29
110900074,558,78,480
110900075,425,81,344
110900077,1041,695,346
110900078,34,33,1
110900079,1613,1543,70
110900080,177,118,59
110900081,24,17,7
110900082,174,108,66
110900083,196,79,117
110900084,81,45,36
110900085,42,224,-182
110900086,81,476,-395
110900087,437,87,350
110900088,12,1,11
110900090,55,52,3
110900091,2,35,-33
110900093,331,130,201
110900095,62,45,17
110900097,16,11,5
110900098,37,51,-14
110900099,80,343,-263
110900100,7,19,-12
110900102,86,13,73
110900105,1036,240,796
110900108,28,39,-11
110900111,433,198,235
110900112,1134,17,1117
110900113,398,66,332
110900115,2,59,-57
110900116,1021,1204,-183
110900118,154,3975,-3821
110900119,2377,303,2074
110900120,44,40,4
110900121,230,1,229
110900122,596,176,420
110900125,490,444,46
110900127,496,1408,-912
110900128,259,265,-6
110900129,444,974,-530
110900130,864,538,326
110900131,405,79,326
110900132,529,118,411
110900133,256,177,79
110900135,95,243,-148
110900136,394,22,372
110900137,42,2,40
110900138,1063,652,411
110900139,8,116,-108
110900140,46,9,37
110900141,3,194,-191
110900142,86,121,-35
110900143,253,121,132
110900144,0,474,-474
110900145,246,91,155
110900146,334,237,97
110900147,110,325,-215
110900148,5,227,-222
110900149,6,73,-67
110900150,107,23,84
110900151,21,77,-56
110900152,51,132,-81
110900153,140,54,86
111000001,406,384,22
111000002,301,410,-109
111000003,1231,756,475
111000004,447,773,-326
111000005,1868,1329,539
111000006,978,1523,-545
111000007,4586,3583,1003
111000008,1818,3073,-1255
111000009,404,794,-390
111000010,1080,266,814
111000011,188,908,-720
111000012,242,349,-107
111000013,417,709,-292
111000014,1076,440,636
111000017,138,1042,-904
111000018,243,343,-100
111000020,761,2019,-1258
111000021,51,71,-20
111000023,140,69,71
111000025,3481,4013,-532
111000029,122,112,10
111000030,44,115,-71
111000031,2167,1367,800
111000032,426,370,56
111000033,301,410,-109
111000034,81,273,-192
111000037,1223,733,490
111000038,2933,1860,1073
111000039,1949,1789,160
111000040,1877,1932,-55
111000041,1533,1356,177
111000042,2478,1988,490
111000043,2008,4280,-2272
111000044,2257,1213,1044
111000045,3052,2363,689
111000046,1976,1891,85
111000047,2691,4601,-1910
111000049,555,482,73
111000050,1285,969,316
111000051,537,932,-395
111000052,669,1417,-748
111000053,406,725,-319
111000054,384,627,-243
111000055,1074,1525,-451
111000056,204,401,-197
111000057,120,365,-245
111000058,467,66,401
111000059,740,286,454
111000060,5032,841,4191
111000061,740,304,436
111000062,1041,380,661
111000063,2097,1038,1059
111000064,898,580,318
111000065,1271,878,393
111000066,621,423,198
111000067,696,577,119
111000068,795,912,-117
111000069,2009,1969,40
111000070,594,618,-24
111000071,126,429,-303
111000072,1060,426,634
111000073,265,646,-381
111000074,1645,1518,127
111000075,1273,562,711
111000076,604,491,113
111000077,1877,1458,419
111000078,2928,1163,1765
111000079,1196,816,380
111000080,670,628,42
111000081,1430,3882,-2452
111000082,859,497,362
111000084,720,567,153
111000085,929,918,11
111000086,1986,787,1199
111000087,669,429,240
111000088,4256,2615,1641
111000089,879,749,130
111000090,764,1256,-492
111000091,907,433,474
111000092,1864,794,1070
111000093,991,1135,-144
111000094,2028,1134,894
111000095,721,2414,-1693
111000096,1482,8360,-6878
111000097,3600,1291,2309
111000098,684,909,-225
111000099,651,1396,-745
111000100,446,1053,-607
111000101,428,637,-209
111000102,291,701,-410
111000104,888,201,687
111000107,230,951,-721
111000109,1575,325,1250
111000110,1660,651,1009
111000111,3237,536,2701
111000112,2460,683,1777
111000113,1022,1886,-864
111000114,1807,3948,-2141
111000115,4855,1327,3528
111000116,990,968,22
111000117,468,948,-480
111000118,1402,732,670
111000119,1416,878,538
111000120,538,687,-149
111000121,361,711,-350
111000122,646,1094,-448
111000123,1413,2157,-744
111000124,598,1969,-1371
111000125,231,1098,-867
111000126,83,643,-560
111000127,1203,164,1039
111000128,2595,361,2234
111000129,3486,513,2973
111000130,2817,648,2169
111000131,2461,596,1865
111000132,2093,1026,1067
111000133,261,125,136
111000134,182,94,88
111000135,80,142,-62
111000136,435,291,144
111000138,22,5,17
111000140,1,3,-2
111000141,211,330,-119
111000142,13,163,-150
111000143,4,164,-160
111000144,12,645,-633
111000145,384,14,370
111000146,98,13,85
111000147,208,22,186
111000148,185,76,109
111000149,6,35,-29
111000150,11,8,3
111000151,5,17,-12
111000153,595,753,-158
111000154,625,253,372
111000155,115,156,-41
111000156,449,757,-308
111000157,260,1149,-889
111000158,945,801,144
111000159,2422,771,1651
111000160,673,287,386
111000161,19,352,-333
111000162,66,137,-71
111000163,786,718,68
111000164,554,2877,-2323
111000165,801,407,394
111000166,1322,323,999
111000167,158,338,-180
111000168,209,441,-232
111000169,329,553,-224
111000170,392,358,34
111000171,549,451,98
111000172,138,247,-109
111000173,312,468,-156
111000174,231,225,6
111000175,44,255,-211
111000176,499,81,418
111000177,433,211,222
111000178,1253,173,1080
111000179,345,168,177
111000180,315,399,-84
111000181,1512,212,1300
111000182,227,216,11
111000183,631,320,311
111000184,427,189,238
111000185,400,345,55
111000186,512,313,199
111000187,158,154,4
111000188,292,311,-19
111000189,684,512,172
111000190,220,171,49
111000191,174,214,-40
111000192,209,321,-112
111000193,348,180,168
111000194,63,276,-213
111000195,143,255,-112
111000196,54,118,-64
111000197,464,98,366
111000198,741,64,677
111000199,236,94,142
111000200,526,255,271
111000201,752,188,564
111000202,389,178,211
111000203,397,257,140
111000204,447,1137,-690
111000213,187,429,-242
111000214,1632,1060,572
111000215,1059,963,96
111000217,1704,791,913
111000218,1246,956,290
111000219,354,169,185
111000220,1173,608,565
111000221,540,88,452
111000224,0,148,-148
111000225,328,43,285
111000226,117,0,117
111000227,20,1,19
111000228,28,472,-444
111000229,66,1163,-1097
111000230,471,314,157
111000231,1179,503,676
111000232,886,708,178
111000233,1318,515,803
111000234,243,583,-340
111000239,72,130,-58
111000240,65,236,-171
111000241,25,195,-170
111000242,270,78,192
111000243,176,399,-223
111000244,736,104,632
111000245,1423,328,1095
111000246,717,297,420
111000247,514,577,-63
111000248,822,414,408
111000249,504,378,126
111000250,54,78,-24
111000251,75,90,-15
111000253,8,8,0
111000255,18,7,11
111000257,52,10,42
111000260,91,823,-732
111000261,1637,146,1491
111000271,42,192,-150
111000273,2626,1172,1454
111000274,1274,2258,-984
111000275,194,54,140
111000276,283,1237,-954
111000277,219,281,-62
111000278,737,242,495
111000291,877,7371,-6494
111000298,674,211,463
111000299,775,162,613
111000300,127,465,-338
111000302,375,98,277
111000303,75,145,-70
111000312,57,49,8
111000315,0,20,-20
111000320,238,563,-325
111000321,466,155,311
111000322,386,306,80
111000323,267,22,245
111000324,408,225,183
111000325,47,68,-21
111000326,223,221,2
111000327,391,250,141
111000328,283,411,-128
111000329,1,20,-19
111000330,44,5,39
111000331,15,1,14
111000332,709,1226,-517
111000334,386,1023,-637
111000335,982,256,726
111000337,1804,386,1418
111000338,79,91,-12
111000339,836,217,619
111000340,168,380,-212
111000341,1503,614,889
111000342,136,587,-451
111000344,1297,621,676
111000345,177,66,111
111000346,27,223,-196
111000347,166,16,150
111000350,115,106,9
111000351,166,212,-46
111000352,200,109,91
111000353,234,211,23
111000354,843,118,725
111000355,379,663,-284
111000358,229,714,-485
111000360,261,412,-151
111000361,279,151,128
111000546,832,521,311
111000547,547,341,206
111000548,189,289,-100
111000549,444,164,280
111000550,76,905,-829
111000551,608,142,466
111000552,898,125,773
111000907,182,10,172
111000908,21,0,21
111000916,2243,265,1978
111000917,30,373,-343
111000918,209,533,-324
111000920,644,10,634
111000921,7,147,-140
111000922,690,249,441
111000924,55,503,-448
111000925,2925,1827,1098
111000926,1122,991,131
111000927,3267,4342,-1075
111000928,3778,2402,1376
111000929,1798,1420,378
111000930,762,1653,-891
111000931,2623,2687,-64
111000932,3499,1690,1809
111000933,3456,2677,779
111000934,1500,2649,-1149
111000935,1791,899,892
111000936,1031,1516,-485
111000937,1158,1205,-47
111000938,1100,983,117
111000939,775,37,738
111000940,634,99,535
111000941,446,320,126
111000943,610,213,397
111000944,150,198,-48
111000945,116,1020,-904
111001109,612,561,51
111001110,195,409,-214
111001111,87,5,82
111001112,100,4,96
111001113,0,130,-130
111001114,701,107,594
111001115,20,732,-712
111001116,3425,4329,-904
111001117,573,2784,-2211
111001120,139,169,-30
111001121,167,152,15
111001122,25,167,-142
111900001,14,114,-100
111900002,43,460,-417
111900003,8,228,-220
111900004,22,116,-94
111900006,10,64,-54
111900007,223,13,210
111900008,375,8,367
111900009,355,152,203
111900010,365,348,17
111900012,157,85,72
111900013,13,23,-10
111900014,3534,5196,-1662
111900015,0,47,-47
111900016,0,77,-77
111900017,0,63,-63
111900018,249,0,249
111900019,2,152,-150
111900020,2,44,-42
111900021,31,69,-38
111900022,14,35,-21
111900023,79,73,6
111900024,1,66,-65
111900025,0,33,-33
111900026,1,65,-64
111900027,2,117,-115
111900028,0,295,-295
111900029,5,57,-52
111900030,33,301,-268
111900031,15,33,-18
111900032,0,234,-234
111900033,8,38,-30
111900034,178,281,-103
111900035,137,240,-103
111900036,0,169,-169
111900038,231,440,-209
111900039,46,342,-296
111900040,1,286,-285
111900042,19,111,-92
111900043,7,167,-160
111900044,241,184,57
111900046,38,149,-111
111900048,253,320,-67
111900049,36,218,-182
111900050,127,55,72
111900051,8,131,-123
111900052,304,377,-73
111900053,646,1895,-1249
111900054,275,7,268
111900055,14,206,-192
111900056,135,312,-177
111900057,191,34,157
111900058,681,420,261
111900059,1177,813,364
111900060,522,9,513
111900061,9,106,-97
111900062,24,64,-40
111900063,495,271,224
111900064,95,132,-37
111900065,113,22,91
111900066,176,157,19
111900067,1,299,-298
111900068,65,70,-5
111900069,67,21,46
111900070,261,98,163
111900071,1,175,-174
111900072,43,35,8
111900073,1394,241,1153
111900074,10,153,-143
111900075,112,9,103
111900076,270,72,198
111900077,68,6,62
111900078,492,32,460
111900079,66,43,23
111900080,247,282,-35
111900081,486,307,179
111900082,191,44,147
111900083,223,24,199
111900084,161,8,153
111900085,41,163,-122
111900086,46,6,40
111900087,105,3,102
111900088,720,13,707
111900089,159,10,149
111900090,53,122,-69
111900091,291,1,290
111900092,157,0,157
111900093,603,23,580
111900094,186,1,185
111900095,353,69,284
111900096,124,2,122
111900097,140,0,140
111900098,366,3,363
111900099,112,0,112
111900100,208,18,190
111900101,93,16,77
111900102,1191,371,820
111900103,82,88,-6
111900104,177,69,108
111900105,416,388,28
111900106,1142,65,1077
111900107,102,121,-19
111900108,140,255,-115
111900109,356,644,-288
111900110,1569,406,1163
111900111,173,53,120
111900112,491,4195,-3704
111900113,139,61,78
111900114,114,95,19
111900115,13,18,-5
111900118,236,96,140
111900119,361,199,162
111900122,65,63,2
111900123,18,39,-21
111900124,16,43,-27
111900125,743,56,687
111900126,343,7,336
111900127,0,459,-459
111900128,4,322,-318
111900129,348,2,346
111900130,276,50,226
111900131,577,2,575
111900132,22,605,-583
111900133,6,223,-217
111900134,8,215,-207
111900135,18,36,-18
111900136,69,163,-94
111900137,57,32,25
111900138,2,37,-35
111900139,24,47,-23
111900140,125,39,86
111900141,86,10,76
111900142,113,27,86
111900143,66,168,-102
111900144,2,64,-62
111900145,0,275,-275
111900146,1,177,-176
111900147,107,346,-239
111900148,30,429,-399
111900149,6,191,-185
111900150,13,82,-69
111900151,5,50,-45
111900152,69,69,0
111900153,1040,822,218
111900154,12,396,-384
111900155,88,113,-25
111900156,100,84,16
111900157,172,33,139
111900158,766,110,656
111900159,457,41,416
111900160,457,5,452
111900161,270,2,268
111900162,105,157,-52
111900163,40,163,-123
111900164,95,69,26
111901113,681,90,591
111901114,489,187,302
111901115,133,1,132
111901116,62,4,58
111901117,30,61,-31
111901118,45,453,-408
111901119,574,88,486
111901120,90,135,-45
111901121,106,130,-24
111901122,13,271,-258
111901123,268,221,47
111901124,302,4,298
111901125,448,67,381
111901126,214,119,95
111901127,475,1037,-562
111901128,7,88,-81
111901129,11,123,-112
111901130,5,108,-103
111901131,5,177,-172
111901132,75,23,52
111901133,41,3,38
111901134,150,6,144
111901135,64,7,57
111901136,37,74,-37
111901137,1,37,-36
111901138,154,46,108
111901139,69,32,37
111901140,16,69,-53
111901141,11,105,-94
111901142,1,75,-74
111901143,1,84,-83
111901144,22,43,-21
112000001,2183,723,1460
112000002,591,1859,-1268
112000003,2161,1272,889
112000004,765,681,84
112000005,4690,4065,625
112000006,2020,1402,618
112000007,4383,2700,1683
112000008,2744,3908,-1164
112000009,2672,2254,418
112000010,3332,3827,-495
112000011,1526,1346,180
112000012,5047,5817,-770
112000013,3522,3313,209
112000014,2668,2815,-147
112000015,3222,3865,-643
112000016,4563,2146,2417
112000017,1497,4005,-2508
112000024,2150,822,1328
112000026,2639,3025,-386
112000027,898,684,214
112000028,937,1336,-399
112000029,852,877,-25
112000030,128,60,68
112000031,1505,5173,-3668
112000032,247,45,202
112000033,2058,2560,-502
112000034,207,57,150
112000035,64,505,-441
112000036,517,1298,-781
112000037,1282,1060,222
112000038,1588,1467,121
112000039,118,65,53
112000040,72,193,-121
112000041,349,478,-129
112000042,1086,405,681
112000050,1491,1581,-90
112000051,1284,1465,-181
112000054,1377,1244,133
112000057,648,377,271
112000058,378,583,-205
112000059,624,723,-99
112000061,2308,1486,822
112000062,1478,1260,218
112000063,1015,2606,-1591
112000064,2910,4031,-1121
112000065,1529,2032,-503
112000066,3976,1548,2428
112000067,744,644,100
112000068,3516,2725,791
112000069,587,1913,-1326
112000070,2450,1151,1299
112000071,1077,2154,-1077
112000072,3095,1086,2009
112000073,1638,2052,-414
112000074,1506,1343,163
112000075,1459,1211,248
112000076,3437,2305,1132
112000077,900,494,406
112000078,2015,678,1337
112000079,1580,1345,235
112000080,752,618,134
112000081,1203,2175,-972
112000082,1583,690,893
112000083,676,1109,-433
112000084,1731,748,983
112000085,1472,807,665
112000086,2217,1052,1165
112000087,581,297,284
112000088,862,376,486
112000089,375,295,80
112000090,292,276,16
112000091,525,793,-268
112000092,2573,1110,1463
112000093,1588,784,804
112000094,870,696,174
112000095,794,695,99
112000096,764,550,214
112000097,1833,824,1009
112000098,1009,841,168
112000099,1165,2036,-871
112000100,2669,731,1938
112000101,614,688,-74
112000102,1984,455,1529
112000103,487,881,-394
112000105,498,1080,-582
112000106,2112,363,1749
112000107,46,302,-256
112000108,245,1281,-1036
112000109,87,84,3
112000110,1778,534,1244
112000111,786,3306,-2520
112000112,4399,599,3800
112000113,803,1318,-515
112000114,3053,935,2118
112000115,347,412,-65
112000116,977,1067,-90
112000117,1101,807,294
112000118,993,714,279
112000119,520,515,5
112000120,112,271,-159
112000121,182,271,-89
112000122,351,160,191
112000123,862,146,716
112000124,479,82,397
112000125,236,268,-32
112000126,372,303,69
112000127,2375,2534,-159
112000128,873,851,22
112000129,116,87,29
112000130,264,67,197
112000131,53,206,-153
112000132,189,194,-5
112000133,502,139,363
112000134,506,264,242
112000135,2267,680,1587
112000136,1463,1072,391
112000137,1917,1611,306
112000138,1678,1034,644
112000139,837,758,79
112000140,647,897,-250
112000141,1015,409,606
112000142,104,326,-222
112000143,1247,208,1039
112000144,255,641,-386
112000145,3249,563,2686
112000146,630,1328,-698
112000147,2790,1723,1067
112000148,1534,1589,-55
112000149,676,460,216
112000150,257,589,-332
112000151,324,281,43
112000152,526,424,102
112000153,145,223,-78
112000154,108,219,-111
112000155,111,96,15
112000157,549,516,33
112000158,321,336,-15
112000159,717,335,382
112000167,580,154,426
112000169,238,388,-150
112000173,1003,251,752
112000175,404,314,90
112000176,2097,2064,33
112000177,1019,300,719
112000178,124,267,-143
112000179,311,98,213
112000180,299,300,-1
112000181,1336,1539,-203
112000182,1765,1055,710
112000183,20,31,-11
112000184,404,302,102
112000185,679,468,211
112000187,6017,3751,2266
112000195,226,24,202
112000196,292,2,290
112000197,237,267,-30
112000198,47,333,-286
112000199,161,700,-539
112000202,546,1,545
112000216,68,203,-135
112000230,135,6,129
112000231,3,205,-202
112000256,58,313,-255
112000313,69,135,-66
112000314,100,49,51
112000337,276,622,-346
112000352,263,471,-208
112000392,1526,1475,51
112000398,1899,865,1034
112000399,1424,2620,-1196
112000400,1526,2005,-479
112000401,2489,1571,918
112000402,3800,3893,-93
112000403,1735,2987,-1252
112000404,1237,1003,234
112000405,2613,3086,-473
112000406,2907,1674,1233
112000407,9308,9582,-274
112000408,7267,4360,2907
112000409,1428,3157,-1729
112000410,564,341,223
112000411,2674,2128,546
112000412,1390,556,834
112000413,6558,7486,-928
112000414,69,64,5
112000415,109,19,90
112000416,3016,1409,1607
112000417,328,95,233
112000421,82,95,-13
112000422,392,231,161
112000424,1650,2924,-1274
112000425,501,489,12
112000426,226,362,-136
112000427,3,16,-13
112000428,293,240,53
112000429,2017,1928,89
112000430,2515,2640,-125
112000431,93,151,-58
112000432,768,839,-71
112000433,357,897,-540
112000437,61,139,-78
112900001,124,4,120
112900002,728,626,102
112900003,74,291,-217
112900004,59,202,-143
112900005,330,168,162
112900006,11,218,-207
112900007,82,130,-48
112900008,1,35,-34
112900009,423,196,227
112900010,528,857,-329
112900011,118,197,-79
112900012,3,34,-31
112900013,5,452,-447
112900014,7,311,-304
112900015,416,657,-241
112900016,11,215,-204
112900017,31,211,-180
112900018,0,174,-174
112900019,26,171,-145
112900020,486,1118,-632
112900021,6,151,-145
112900022,31,78,-47
112900023,0,99,-99
112900024,20,188,-168
112900025,150,292,-142
112900026,1,145,-144
112900027,2,703,-701
112900028,14,120,-106
112900029,30,346,-316
112900030,56,105,-49
112900031,3,344,-341
112900032,396,199,197
112900034,0,58,-58
112900035,1,281,-280
112900036,55,104,-49
112900037,113,200,-87
112900038,1122,209,913
112900039,17,281,-264
112900040,7,389,-382
112900041,831,1437,-606
112900042,117,234,-117
112900043,33,54,-21
112900044,529,507,22
112900045,225,292,-67
112900046,185,64,121
112900047,9,16,-7
112900049,382,90,292
112900050,51,609,-558
112900051,288,598,-310
112900052,4,527,-523
112900053,268,98,170
112900054,186,57,129
112900055,100,29,71
112900056,466,258,208
112900057,15,309,-294
112900058,440,414,26
112900059,131,115,16
112900060,42,126,-84
112900061,115,123,-8
112900062,53,143,-90
112900063,72,25,47
112900064,211,241,-30
112900065,55,44,11
112900066,440,322,118
112900067,308,135,173
112900068,33,46,-13
112900069,1371,913,458
112900071,43,7,36
112900072,122,2698,-2576
112900073,386,133,253
112900074,122,356,-234
112900075,1065,1020,45
112900076,76,49,27
112900078,379,464,-85
112900079,299,34,265
112900080,115,4,111
112900081,46,262,-216
112900082,732,30,702
112900083,169,122,47
112900084,321,187,134
112900085,3,12,-9
112900086,144,1,143
112900087,1120,188,932
112900088,198,23,175
112900089,1599,50,1549
112900090,101,57,44
112900091,294,8,286
112900092,166,428,-262
112900093,1672,31,1641
112900094,122,4,118
112900095,64,0,64
112900096,824,197,627
112900097,99,373,-274
112900098,421,4,417
112900099,1227,49,1178
112900100,113,3,110
112900101,571,8,563
112900102,107,18,89
112900103,310,9,301
112900104,47,1,46
112900105,12,0,12
112900106,459,148,311
112900107,8,5,3
112900108,16,0,16
112900109,165,1,164
112900110,1855,24,1831
112900111,891,8,883
112900112,428,1,427
112900113,1,3,-2
112900114,198,36,162
112900115,1822,15,1807
112900116,232,71,161
112900117,69,58,11
112900118,21,57,-36
112900119,195,1,194
112900120,722,239,483
112900121,100,176,-76
112900122,7,75,-68
112900123,96,26,70
112900124,16,67,-51
112900125,79,554,-475
112900126,183,126,57
112900127,439,84,355
112900128,218,652,-434
112900129,3,643,-640
112900130,310,127,183
112900131,49,191,-142
112900132,130,300,-170
112900133,27,826,-799
112900134,3,253,-250
112900135,100,43,57
112900136,1,23,-22
112900137,0,341,-341
112900138,3,200,-197
112900139,218,1321,-1103
112900140,0,47,-47
112900141,1149,56,1093
112900142,64,184,-120
112900143,29,431,-402
112900144,1,131,-130
112900145,48,374,-326
112900146,8,767,-759
112900147,3,1077,-1074
112900148,41,0,41
112900149,358,371,-13
112900151,16,46,-30
112900152,2954,740,2214
112900153,1622,2967,-1345
112900154,1,89,-88
112900155,209,33,176
112900156,475,934,-459
112900157,297,33,264
112900158,114,18,96
112900159,336,157,179
112900160,72,212,-140
112900161,121,62,59
112900162,38,17,21
112900163,71,63,8
112900164,38,215,-177
112900165,172,39,133
112900166,19,57,-38
112900167,12,72,-60
112900168,7,4,3
112900169,11,22,-11
112900170,288,155,133
112900172,55,21,34
112900173,326,114,212
112900174,347,67,280
112900175,189,165,24
112900176,4,36,-32
112900177,250,67,183
112900178,876,2893,-2017
112900179,28,341,-313
112900180,2334,1401,933
112900181,754,5,749
112900182,74,676,-602
112900183,140,357,-217
112900184,392,562,-170
112900185,247,847,-600
112900186,1412,1435,-23
112900187,102,639,-537
112900188,899,1344,-445
112900189,10,29,-19
112900190,17,53,-36
112900192,833,995,-162
112900193,1676,452,1224
112900194,81,63,18
112900195,1142,83,1059
112900196,276,328,-52
112900197,275,440,-165
112900199,838,448,390
112900200,734,236,498
112900201,186,119,67
112900202,562,604,-42
112900203,323,238,85
112900204,999,756,243
112900205,9,1,8
112900206,26,59,-33
112900207,22,0,22
112900208,107,362,-255
112900209,361,376,-15
112900210,3,11,-8
112900211,108,27,81
112900212,2,68,-66
112900213,48,17,31
112900214,13,12,1
112900215,21,109,-88
112900216,28,44,-16
112900217,2,54,-52
112900218,137,6,131
112900219,129,5,124
112900220,14,2,12
112900221,39,96,-57
112900222,0,49,-49
112900223,1412,26,1386
112900224,514,422,92
112900225,622,326,296
112900226,273,489,-216
112900227,906,708,198
112900228,60,48,12
112900229,287,31,256
112900230,6787,4501,2286
112900232,358,468,-110
112900233,83,137,-54
112900234,18,65,-47
112900235,89,27,62
112900236,430,17,413
112900237,211,118,93
112900238,5,23,-18
113000001,6452,4568,1884
113000002,4015,3431,584
113000003,1755,1434,321
113000004,1724,2086,-362
113000005,1887,1032,855
113000006,1087,1254,-167
113000007,2098,997,1101
113000008,1723,1499,224
113000009,1359,623,736
113000010,1273,1113,160
113000011,771,1254,-483
113000012,2113,743,1370
113000013,1333,752,581
113000014,1255,1498,-243
113000015,350,199,151
113000016,396,1006,-610
113000017,95,394,-299
113000018,372,43,329
113000019,263,478,-215
113000020,449,73,376
113000021,1246,431,815
113000022,823,1132,-309
113000025,101,289,-188
113000026,497,511,-14
113000027,660,798,-138
113000028,838,924,-86
113000029,1020,715,305
113000030,419,683,-264
113000031,163,282,-119
113000032,279,242,37
113000033,391,492,-101
113000034,381,363,18
113000035,56,45,11
113000036,36,91,-55
113000037,82,50,32
113000038,25,88,-63
113000039,72,462,-390
113000040,63,109,-46
113000042,733,606,127
113000051,1004,2510,-1506
113000052,2010,720,1290
113000053,529,360,169
113000054,432,707,-275
113000055,1449,470,979
113000056,1179,840,339
113000058,736,838,-102
113000059,1216,594,622
113000060,321,476,-155
113000061,491,782,-291
113000062,639,305,334
113000063,313,65,248
113000064,57,252,-195
113000065,266,599,-333
113000066,1024,107,917
113000067,3026,1034,1992
113000068,423,907,-484
113000069,677,880,-203
113000070,3303,1110,2193
113000071,665,570,95
113000072,1110,496,614
113000073,508,1385,-877
113000074,1186,539,647
113000075,1979,829,1150
113000076,659,2062,-1403
113000077,1224,659,565
113000078,694,2557,-1863
113000079,553,826,-273
113000080,609,761,-152
113000081,942,995,-53
113000082,1190,1087,103
113000083,614,918,-304
113000084,1713,1262,451
113000085,1011,732,279
113000086,1078,1144,-66
113000087,1068,915,153
113000088,2213,1430,783
113000089,939,1541,-602
113000090,273,618,-345
113000091,395,401,-6
113000094,1496,233,1263
113000095,304,663,-359
113000096,163,646,-483
113000097,1187,439,748
113000098,175,75,100
113000099,1710,509,1201
113000100,144,395,-251
113000101,332,557,-225
113000102,743,577,166
113000103,1993,491,1502
113000104,613,2095,-1482
113000105,1174,505,669
113000106,416,511,-95
113000107,1070,653,417
113000108,792,886,-94
113000109,633,1713,-1080
113000110,2069,483,1586
113000111,149,613,-464
113000112,238,285,-47
113000113,1293,248,1045
113000114,324,1818,-1494
113000116,786,350,436
113000117,1404,219,1185
113000118,71,615,-544
113000119,477,558,-81
113000120,84,282,-198
113000121,722,1594,-872
113000124,214,111,103
113000125,89,997,-908
113000127,1905,295,1610
113000128,578,495,83
113000129,580,812,-232
113000133,1925,1822,103
113000134,16,1209,-1193
113000135,4174,4712,-538
113000137,1603,3891,-2288
113000139,371,301,70
113000140,107,229,-122
113000141,215,259,-44
113000142,431,1238,-807
113000143,268,221,47
113000144,212,840,-628
113000145,107,145,-38
113000146,208,64,144
113000147,243,153,90
113000148,303,130,173
113000149,179,176,3
113000150,660,273,387
113000151,59,54,5
113000152,65,87,-22
113000153,1445,596,849
113000154,813,1551,-738
113000155,377,649,-272
113000156,169,379,-210
113000157,257,791,-534
113000158,805,245,560
113000159,1197,549,648
113000160,589,1038,-449
113000161,310,353,-43
113000162,893,335,558
113000163,152,53,99
113000164,27,91,-64
113000166,210,107,103
113000167,38,70,-32
113000168,100,120,-20
113000169,220,49,171
113000170,93,110,-17
113000171,67,86,-19
113000172,331,37,294
113000173,108,24,84
113000174,125,304,-179
113000175,413,100,313
113000176,541,130,411
113000177,181,391,-210
113000178,211,274,-63
113000179,402,215,187
113000180,748,1103,-355
113000181,1070,805,265
113000182,158,530,-372
113000183,121,588,-467
113000184,38,131,-93
113000189,436,1133,-697
113000190,615,538,77
113000192,854,2842,-1988
113000193,2988,2011,977
113000194,1058,1199,-141
113000195,2006,1510,496
113000196,201,80,121
113000197,1602,1512,90
113000198,100,282,-182
113000199,1848,505,1343
113000201,270,347,-77
113000202,4386,1220,3166
113000203,124,157,-33
113000204,900,2752,-1852
113000205,11,19,-8
113000206,18,27,-9
113000207,90,22,68
113000208,46,66,-20
113000209,14,29,-15
113000210,6,28,-22
113000211,125,203,-78
113000212,61,29,32
113000213,23,152,-129
113000214,161,245,-84
113000234,205,697,-492
113000410,148,318,-170
113000411,2437,4320,-1883
113000412,4898,2366,2532
113000413,1706,3068,-1362
113000414,4533,14222,-9689
113000415,2394,2663,-269
113000416,6959,4037,2922
113000417,2976,2928,48
113000418,4793,3748,1045
113000419,2338,2503,-165
113000420,4425,7226,-2801
113000421,4432,7852,-3420
113000422,10254,12509,-2255
113000423,1868,6091,-4223
113000424,2685,9526,-6841
113000425,5,82,-77
113000428,92,12,80
113000430,10,49,-39
113000432,2476,250,2226
113000433,85,695,-610
113000434,16,123,-107
113000435,16,442,-426
113000436,22,878,-856
113000437,1579,35,1544
113000438,320,11,309
113000439,38,86,-48
113000440,185,30,155
113000441,256,151,105
113000442,149,129,20
113000443,386,154,232
113000444,320,140,180
113000445,95,80,15
113000446,37,86,-49
113000448,259,278,-19
113000449,182,618,-436
113000450,670,1887,-1217
113000451,1296,199,1097
113000452,283,395,-112
113000453,50,412,-362
113000454,404,44,360
113000455,2,471,-469
113000456,3669,2810,859
113000468,1191,182,1009
113000469,93,261,-168
113000470,344,17,327
113000471,10,365,-355
113000472,124,280,-156
113000474,691,498,193
113000475,1543,1714,-171
113000476,1755,1848,-93
113000477,3961,1766,2195
113000478,3780,3691,89
113000479,103,121,-18
113000480,126,288,-162
113000482,0,1,-1
113000483,0,0,0
113000485,0,0,0
113000486,1,0,1
113000487,0,4,-4
113000488,0,0,0
113000489,0,0,0
113000490,0,1,-1
113000491,0,0,0
113000492,2,0,2
113000493,0,0,0
113000495,119,77,42
113000496,62,81,-19
113000497,0,0,0
113000500,0,3,-3
113900001,3,291,-288
113900002,1,52,-51
113900003,0,53,-53
113900004,1,72,-71
113900005,0,73,-73
113900006,1,18,-17
113900007,36,34,2
113900008,30,0,30
113900009,58,0,58
113900010,39,1,38
113900011,57,0,57
113900012,69,2,67
113900013,164,2,162
113900014,648,3,645
113900015,1,43,-42
113900016,37,0,37
113900017,2,29,-27
113900018,384,281,103
113900019,212,37,175
113900020,219,0,219
113900022,50,0,50
113900023,23,0,23
113900024,78,47,31
113900025,272,36,236
113900026,57,0,57
113900027,7,42,-35
113900028,41,343,-302
113900029,61,127,-66
113900030,295,0,295
113900031,19,1,18
113900032,53,2,51
113900033,79,55,24
113900035,72,0,72
113900036,27,74,-47
113900037,226,261,-35
113900038,28,115,-87
113900039,287,37,250
113900040,10,46,-36
113900041,12,4,8
113900042,76,59,17
113900043,193,128,65
113900044,271,356,-85
113900045,70,0,70
113900046,531,568,-37
113900047,59,103,-44
113900048,177,137,40
113900049,463,347,116
113900050,342,316,26
113900051,240,360,-120
113900052,125,129,-4
113900053,797,645,152
113900054,35,1,34
113900055,112,349,-237
113900056,61,153,-92
113900057,17,72,-55
113900058,103,99,4
113900059,305,281,24
113900060,131,252,-121
113900061,711,247,464
113900062,107,25,82
113900063,144,104,40
113900064,28,93,-65
113900065,557,10,547
113900066,495,225,270
113900067,316,358,-42
113900068,618,592,26
113900069,76,41,35
113900070,166,450,-284
113900071,79,58,21
113900072,91,154,-63
113900073,250,187,63
113900074,373,754,-381
113900075,1202,1362,-160
113900076,322,15,307
113900077,82,159,-77
113900078,45,71,-26
113900079,0,22,-22
113900080,809,208,601
113900081,82,158,-76
113900082,158,206,-48
113900083,479,232,247
113900084,258,153,105
113900085,45,205,-160
113900086,60,17,43
113900087,149,156,-7
113900088,72,105,-33
113900089,415,51,364
113900090,777,452,325
113900091,19,11,8
113900092,36,83,-47
113900093,80,980,-900
113900094,660,319,341
113900095,141,112,29
113900096,286,90,196
113900097,34,115,-81
113900098,829,116,713
113900099,0,28,-28
113900100,0,4,-4
113900101,14,72,-58
113900102,113,197,-84
113900103,367,354,13
113900104,196,211,-15
113900105,163,144,19
113900106,2,33,-31
113900107,1,23,-22
113900108,160,341,-181
113900109,337,231,106
113900110,76,15,61
113900111,177,91,86
113900112,151,51,100
113900113,1163,487,676
113900114,1,33,-32
113900115,1,56,-55
113900116,128,193,-65
113900117,77,34,43
113900118,256,553,-297
113900119,166,512,-346
113900120,56,25,31
113900121,102,137,-35
113900122,555,2605,-2050
113900123,634,216,418
113900124,1,34,-33
113900125,750,140,610
113900126,131,38,93
113900127,405,777,-372
113900128,164,128,36
113900129,20,236,-216
113900130,0,73,-73
113900131,327,69,258
113900132,61,92,-31
113900133,28,68,-40
113900135,249,165,84
113900136,146,81,65
113900137,368,303,65
113900138,76,266,-190
113900139,263,236,27
113900140,169,428,-259
113900141,673,195,478
113900142,209,68,141
113900143,16,77,-61
113900144,175,389,-214
113900145,410,147,263
113900146,252,58,194
113900148,116,366,-250
113900149,196,79,117
113900150,402,521,-119
113900151,567,208,359
113900152,65,58,7
113900153,187,680,-493
113900154,6,121,-115
113900155,176,272,-96
113900156,256,378,-122
113900157,81,336,-255
113900158,277,634,-357
113900159,33,234,-201
113900160,469,471,-2
113900161,71,214,-143
113900162,388,1061,-673
113900163,284,248,36
113900164,312,66,246
113900165,989,397,592
113900166,182,182,0
113900167,307,63,244
113900168,92,61,31
113900169,241,357,-116
113900171,248,74,174
113900172,12,105,-93
113900173,31,407,-376
113900174,508,534,-26
113900175,392,126,266
113900176,516,493,23
113900177,363,192,171
113900178,483,130,353
113900179,23,275,-252
113900180,161,72,89
113900181,1213,183,1030
113900182,921,818,103
113900183,87,67,20
113900184,10,292,-282
113900185,194,71,123
113900186,38,47,-9
113900187,43,108,-65
113900188,24,167,-143
113900189,278,115,163
113900190,242,96,146
113900191,88,198,-110
113900192,5,823,-818
113900193,17,145,-128
113900194,1443,834,609
113900195,264,271,-7
113900196,16,164,-148
113900197,3,114,-111
113900198,26,238,-212
113900199,115,676,-561
113900200,20,240,-220
113900201,0,102,-102
113900202,37,263,-226
113900203,1,62,-61
113900204,45,451,-406
113900205,11,118,-107
113900206,6,152,-146
113900207,0,40,-40
113900208,0,32,-32
113900209,0,56,-56
113900210,606,868,-262
113900211,220,84,136
113900212,270,384,-114
113900214,413,492,-79
113900215,79,117,-38
113900216,179,524,-345
113900217,126,174,-48
113900218,154,83,71
113900219,136,362,-226
113900220,141,146,-5
113900221,429,346,83
113900222,189,523,-334
113900223,188,515,-327
113900224,65,67,-2
113900225,791,297,494
113900226,438,179,259
113900227,486,243,243
113900228,315,590,-275
113900229,63,1025,-962
113900230,3778,4124,-346
113900231,215,169,46
113900232,128,69,59
113900233,168,60,108
113900234,497,492,5
113900235,120,24,96
113900236,221,183,38
113900237,235,18,217
113900238,276,611,-335
113900239,76,115,-39
113900240,6,221,-215
113900241,101,65,36
113900242,41,148,-107
113900243,84,352,-268
113900244,299,199,100
113900245,997,315,682
113900246,18,25,-7
113900247,155,533,-378
113900248,2096,2460,-364
113900249,615,500,115
113900250,72,161,-89
113900251,852,99,753
113900252,565,21,544
113900253,652,96,556
113900254,855,195,660
113900255,633,14,619
113900256,405,36,369
113900257,27,305,-278
113900258,16,295,-279
113900259,678,103,575
113900260,315,18,297
113900261,67,60,7
113900262,136,427,-291
113900263,119,627,-508
113900264,7,352,-345
113900265,203,328,-125
113900266,32,136,-104
113900267,77,460,-383
113900268,385,507,-122
113900269,82,126,-44
113900270,236,642,-406
113900271,757,930,-173
113900273,38,21,17
113900274,64,25,39
113900275,18,87,-69
113900276,2,99,-97
113900277,212,28,184
113900278,224,204,20
113900279,61,67,-6
113900280,1438,468,970
113900281,616,1443,-827
113900282,872,915,-43
113900283,454,458,-4
113900284,1064,182,882
113900285,155,23,132
113900286,120,102,18
113900287,108,89,19
113900288,1,147,-146
113900289,611,130,481
113900290,204,315,-111
113900291,92,196,-104
113900292,8,2,6
113900293,3,223,-220
113900294,535,17,518
113900295,361,458,-97
113900296,1694,476,1218
113900297,2723,58,2665
113900298,33,1658,-1625
113900299,104,81,23
113900300,3827,4624,-797
113900301,708,486,222
113900302,1947,1061,886
113900303,395,598,-203
113900304,0,117,-117
113900305,166,0,166
113900306,97,0,97
113900307,21,0,21
113900308,135,92,43
113900309,3,438,-435
113900310,0,7,-7
113900311,10,2,8
113900312,199,251,-52
113900313,7,9,-2
114000001,1124,2103,-979
114000002,342,253,89
114000003,60,350,-290
114000004,140,181,-41
114000005,405,288,117
114000006,2527,2157,370
114000007,756,1291,-535
114000008,1521,2515,-994
114000009,1112,340,772
114000011,3242,2116,1126
114000012,3445,1667,1778
114000013,2189,1411,778
114000014,686,246,440
114000015,2667,296,2371
114000016,285,199,86
114000017,118,150,-32
114000018,154,45,109
114000026,2399,1108,1291
114000027,4223,2135,2088
114000028,3056,2918,138
114000038,376,147,229
114000039,118,33,85
114000040,138,368,-230
114000042,267,155,112
114000043,75,66,9
114000044,358,55,303
114000045,70,49,21
114000046,3416,5091,-1675
114000047,10,95,-85
114000048,73,37,36
114000049,1822,1983,-161
114000050,2117,2397,-280
114000051,3617,2519,1098
114000052,5204,2527,2677
114000053,135,967,-832
114000054,276,815,-539
114000055,329,58,271
114000056,728,1152,-424
114000057,4202,2012,2190
114000058,375,1739,-1364
114000059,212,406,-194
114000060,693,867,-174
114000061,3136,3398,-262
114000062,1709,2331,-622
114000063,1928,1471,457
114000064,4119,4058,61
114000065,1407,2130,-723
114000066,422,594,-172
114000067,51,1006,-955
114000068,689,834,-145
114000069,1261,741,520
114000070,2170,1874,296
114000071,960,568,392
114000072,630,208,422
114000073,18,65,-47
114000074,110,19,91
114000075,51,62,-11
114000076,59,87,-28
114000077,4,36,-32
114000078,414,464,-50
114000079,173,44,129
114000080,81,97,-16
114000081,114,96,18
114000082,56,358,-302
114000083,81,205,-124
114000084,478,86,392
114000085,107,468,-361
114000086,296,346,-50
114000087,230,148,82
114000088,62,44,18
114000089,597,335,262
114000090,1000,1202,-202
114000091,1768,1196,572
114000092,1258,709,549
114000093,1842,877,965
114000094,429,368,61
114000095,269,188,81
114000096,120,252,-132
114000097,131,414,-283
114000098,646,122,524
114000099,893,331,562
114000100,2124,630,1494
114000101,471,559,-88
114000102,742,312,430
114000103,159,249,-90
114000104,23,196,-173
114000105,155,66,89
114000106,750,1590,-840
114000107,542,113,429
114000108,886,780,106
114000109,728,1122,-394
114000110,673,953,-280
114000111,2652,937,1715
114000112,329,1152,-823
114000113,1026,386,640
114000114,1271,1078,193
114000115,2516,1374,1142
114000116,924,2265,-1341
114000117,4267,569,3698
114000118,3523,585,2938
114000119,2175,504,1671
114000120,671,596,75
114000121,371,662,-291
114000122,440,289,151
114000123,2841,447,2394
114000124,1167,264,903
114000125,707,864,-157
114000126,3491,269,3222
114000127,201,132,69
114000128,1028,330,698
114000130,515,514,1
114000131,343,182,161
114000132,849,445,404
114000133,1115,1186,-71
114000134,102,85,17
114000138,39,157,-118
114000139,581,306,275
114000144,1115,585,530
114000145,113,112,1
114000146,115,228,-113
114000147,1747,2444,-697
114000148,1719,2048,-329
114000149,406,335,71
114000150,406,713,-307
114000151,693,1602,-909
114000152,135,46,89
114000153,755,2375,-1620
114000154,673,736,-63
114000155,1723,2413,-690
114000156,755,684,71
114000157,314,996,-682
114000158,1163,781,382
114000159,176,442,-266
114000160,161,327,-166
114000161,1317,3394,-2077
114000162,1344,3273,-1929
114000163,15,84,-69
114000165,592,350,242
114000166,613,528,85
114000167,2498,1643,855
114000168,635,515,120
114000169,1620,1534,86
114000170,1420,1405,15
114000171,1383,5072,-3689
114000174,198,429,-231
114000176,344,425,-81
114000177,1399,705,694
114000178,68,75,-7
114000179,1052,700,352
114000180,374,611,-237
114000181,1800,4371,-2571
114000182,1610,2338,-728
114000183,816,833,-17
114000184,2156,814,1342
114000185,1197,771,426
114000189,1495,158,1337
114000190,3702,529,3173
114000191,63,113,-50
114000192,218,1045,-827
114000193,511,1753,-1242
114000194,1562,747,815
114000195,185,80,105
114000196,2,138,-136
114000197,1896,27,1869
114000198,825,337,488
114000199,1800,1819,-19
114000200,499,1277,-778
114000201,177,582,-405
114000202,1098,385,713
114000203,541,551,-10
114000204,209,348,-139
114000205,199,1086,-887
114000206,606,1045,-439
114000207,611,1214,-603
114000208,550,1862,-1312
114000209,601,1540,-939
114000210,237,954,-717
114000211,1025,1539,-514
114000212,929,776,153
114000213,1456,530,926
114000214,131,163,-32
114000215,271,66,205
114000216,1769,404,1365
114000217,395,162,233
114000218,174,187,-13
114000219,1245,204,1041
114000220,37,593,-556
114000221,1001,203,798
114000222,114,723,-609
114000223,623,159,464
114000224,98,520,-422
114000225,324,502,-178
114000226,246,226,20
114000227,854,432,422
114000228,992,631,361
114000229,1434,1061,373
114000230,1917,1007,910
114000231,1259,1153,106
114000232,897,179,718
114000233,2803,132,2671
114000234,1053,830,223
114000235,1208,1003,205
114000236,0,311,-311
114000237,131,712,-581
114000238,98,209,-111
114000239,228,851,-623
114000240,832,719,113
114000241,279,668,-389
114000242,765,671,94
114000243,1853,879,974
114000244,847,271,576
114000245,452,765,-313
114000246,132,25,107
114000247,1084,568,516
114000248,1341,531,810
114000249,531,496,35
114000250,660,602,58
114000251,511,250,261
114000252,50,59,-9
114000253,33,83,-50
114000254,83,49,34
114000255,735,564,171
114000256,1066,2549,-1483
114000257,355,1004,-649
114000258,355,377,-22
114000259,85,183,-98
114000260,0,34,-34
114000261,42,56,-14
114000262,336,100,236
114000263,11,0,11
114000264,1743,460,1283
114000265,0,1,-1
114000267,4,1525,-1521
114000268,1,949,-948
114000270,150,6,144
114000271,423,64,359
114000283,1436,428,1008
114000285,28,146,-118
114000288,66,278,-212
114000289,1944,128,1816
114000293,255,405,-150
114000294,188,318,-130
114000395,1336,34,1302
114000396,820,590,230
114000402,606,218,388
114000403,325,190,135
114000405,198,244,-46
114000423,367,227,140
114000424,568,191,377
114000425,1151,254,897
114000426,368,867,-499
114000427,96,71,25
114000428,148,152,-4
114000429,14,166,-152
114000432,165,68,97
114000434,39,70,-31
114900001,784,535,249
114900002,1131,155,976
114900003,930,834,96
114900004,277,498,-221
114900005,664,592,72
114900006,110,76,34
114900007,364,23,341
114900008,246,94,152
114900010,1595,1782,-187
114900011,345,219,126
114900013,252,191,61
114900015,117,519,-402
114900018,1073,37,1036
114900020,206,87,119
114900021,351,282,69
114900022,2,570,-568
114900024,416,175,241
114900025,704,219,485
114900026,91,194,-103
114900027,336,226,110
114900029,35,20,15
114900030,446,191,255
114900031,445,19,426
114900032,569,28,541
114900033,765,1113,-348
114900034,65,190,-125
114900035,138,335,-197
114900036,233,471,-238
114900037,124,126,-2
114900038,222,399,-177
114900039,593,372,221
114900040,91,112,-21
114900041,981,328,653
114900042,1050,391,659
114900043,428,214,214
114900044,164,44,120
114900045,207,258,-51
114900046,43,107,-64
114900047,258,2574,-2316
114900048,121,208,-87
114900049,8,122,-114
114900050,67,295,-228
114900051,34,342,-308
114900052,149,250,-101
114900053,219,282,-63
114900054,48,115,-67
114900057,244,13,231
114900058,6,182,-176
114900059,107,73,34
114900060,746,919,-173
114900061,125,131,-6
114900062,276,343,-67
114900063,55,148,-93
114900064,1783,342,1441
114900065,443,684,-241
114900067,70,372,-302
114900068,48,175,-127
114900069,209,116,93
114900070,726,267,459
114900072,9,330,-321
114900073,1,196,-195
114900074,825,375,450
114900075,351,9,342
114900076,23,344,-321
114900080,1390,319,1071
114900082,3078,2440,638
114900083,1296,1067,229
114900084,351,150,201
114900090,496,261,235
114900091,94,206,-112
114900095,316,102,214
114900096,444,712,-268
114900097,176,65,111
114900098,9,166,-157
114900099,256,15,241
115000001,4365,2731,1634
115000002,4338,4878,-540
115000003,3973,2249,1724
115000004,5393,6648,-1255
115000005,1518,1722,-204
115000006,1047,1357,-310
115000007,161,197,-36
115000008,342,521,-179
115000009,171,190,-19
115000010,263,193,70
115000013,88,236,-148
115000015,54,265,-211
115000016,200,371,-171
115000019,42,473,-431
115000020,114,952,-838
115000021,270,406,-136
115000022,505,363,142
115000023,476,777,-301
115000024,1039,381,658
115000025,1081,759,322
115000026,211,358,-147
115000027,331,299,32
115000028,350,760,-410
115000029,781,125,656
115000030,1005,1010,-5
115000031,1584,408,1176
115000032,12,225,-213
115000033,167,48,119
115000034,69,1080,-1011
115000035,1144,82,1062
115000036,1,370,-369
115000037,665,31,634
115000038,82,172,-90
115000039,3167,3776,-609
115000040,4756,2374,2382
115000041,1402,3785,-2383
115000042,1310,593,717
115000043,4260,2395,1865
115000044,3616,3001,615
115000045,2498,1263,1235
115000046,2954,2295,659
115000047,2753,1293,1460
115000048,1686,1861,-175
115000049,1559,2796,-1237
115000050,3556,1684,1872
115000051,1569,3224,-1655
115000052,1753,1516,237
115000053,2075,1991,84
115000054,573,888,-315
115000055,210,1135,-925
115000056,325,547,-222
115000057,619,1397,-778
115000058,490,477,13
115000059,261,210,51
115000061,142,160,-18
115000062,247,254,-7
115000063,572,295,277
115000064,226,110,116
115000065,65,553,-488
115000067,172,10,162
115000069,65,314,-249
115000070,24,864,-840
115000071,150,17,133
115000072,4,68,-64
115000073,1552,84,1468
115000075,117,64,53
115000076,3233,2436,797
115000077,2647,1749,898
115000078,1582,1049,533
115000079,2011,1359,652
115000080,3660,1940,1720
115000081,462,747,-285
115000082,4788,3952,836
115000083,2107,1555,552
115000084,3174,1239,1935
115000085,856,808,48
115000086,1456,749,707
115000087,353,1270,-917
115000088,1928,580,1348
115000089,1262,1245,17
115000090,636,835,-199
115000091,255,664,-409
115000092,603,381,222
115000093,657,6,651
115000094,5560,5942,-382
115000095,4016,6775,-2759
115000096,963,943,20
115000097,1279,1022,257
115000098,1494,697,797
115000099,2790,2075,715
115000100,1352,372,980
115000101,492,1078,-586
115000102,558,283,275
115000103,377,594,-217
115000105,65,85,-20
115000106,745,317,428
115000107,268,345,-77
115000108,2632,1914,718
115000109,3749,5181,-1432
115000110,1620,1868,-248
115000111,704,1400,-696
115000112,994,714,280
115000113,883,775,108
115000114,1728,702,1026
115000116,4116,2658,1458
115000117,3617,3368,249
115000118,2808,1992,816
115000119,2390,2494,-104
115000120,637,1463,-826
115000121,967,954,13
115000122,2257,2357,-100
115000123,1108,2778,-1670
115000124,740,952,-212
115000125,425,577,-152
115000126,155,303,-148
115000127,365,184,181
115000128,392,789,-397
115000129,321,438,-117
115000130,515,670,-155
115000131,1096,260,836
115000132,397,255,142
115000133,844,277,567
115000134,876,224,652
115000135,386,141,245
115000136,311,280,31
115000137,140,161,-21
115000138,455,264,191
115000139,305,215,90
115000140,504,218,286
115000141,204,197,7
115000142,225,216,9
115000143,1068,622,446
115000144,559,65,494
115000145,270,218,52
115000146,617,425,192
115000147,371,353,18
115000148,277,644,-367
115000149,758,286,472
115000150,697,614,83
115000151,1528,613,915
115000152,785,749,36
115000153,1549,674,875
115000154,1074,308,766
115000155,644,686,-42
115000156,1399,866,533
115000157,699,753,-54
115000158,633,387,246
115000159,620,656,-36
115000160,605,708,-103
115000161,474,446,28
115000162,665,897,-232
115000163,480,651,-171
115000164,807,513,294
115000165,438,569,-131
115000167,160,67,93
115000168,451,309,142
115000169,560,431,129
115000170,100,129,-29
115000171,300,233,67
115000172,1000,783,217
115000173,375,837,-462
115000174,273,528,-255
115000175,263,308,-45
115000176,249,164,85
115000177,262,185,77
115000178,20,193,-173
115000179,23,41,-18
115000180,138,471,-333
115000181,876,117,759
115000182,1227,277,950
115000183,490,693,-203
115000186,619,231,388
115000187,271,642,-371
115000188,371,505,-134
115000189,262,467,-205
115000190,758,508,250
115000191,177,619,-442
115000194,190,241,-51
115000195,398,361,37
115000196,240,85,155
115000197,219,239,-20
115000198,563,142,421
115000199,572,166,406
115000200,504,105,399
115000201,210,331,-121
115000206,476,74,402
115000207,252,239,13
115000208,353,539,-186
115000209,926,357,569
115000210,221,128,93
115000211,291,217,74
115000212,1219,353,866
115000218,102,143,-41
115000219,40,34,6
115000224,343,55,288
115000225,60,94,-34
115000229,216,120,96
115000230,122,332,-210
115000231,248,1087,-839
115000232,1797,233,1564
115000233,129,200,-71
115000234,28,271,-243
115000241,111,144,-33
115000242,126,169,-43
115000243,72,146,-74
115000244,5,109,-104
115000246,35,27,8
115000247,80,53,27
115000248,33,16,17
115000249,17,20,-3
115000250,313,36,277
115000251,327,122,205
115000252,147,204,-57
115000253,27,493,-466
115000258,354,134,220
115000259,322,105,217
115000261,26,23,3
115000262,35,25,10
115000263,25,36,-11
115000264,30,27,3
115000267,72,80,-8
115000268,52,105,-53
115000269,132,56,76
115000270,11,26,-15
115000272,88,101,-13
115000273,524,60,464
115000274,468,148,320
115000280,1583,584,999
115000281,368,1268,-900
115000282,902,1048,-146
115000284,217,191,26
115000296,1250,11,1239
115000297,148,328,-180
115000298,65,699,-634
115000300,246,156,90
115000302,542,147,395
115000303,862,99,763
115000304,929,81,848
115000305,167,428,-261
115000306,301,225,76
115000307,119,163,-44
115000308,17,22,-5
115000310,1116,606,510
115000311,1229,1083,146
115000313,133,385,-252
115000314,565,139,426
115000315,612,384,228
115000316,91,148,-57
115000317,240,350,-110
115000318,1013,365,648
115000319,75,238,-163
115000320,18,356,-338
115000321,298,21,277
115000322,43,132,-89
115000449,238,186,52
115000557,36,1549,-1513
115000558,354,120,234
115000587,749,434,315
115000588,1784,2179,-395
115000589,3860,1924,1936
115000590,1294,1330,-36
115000591,1731,689,1042
115000592,788,1850,-1062
115000593,1618,735,883
115000594,615,2100,-1485
115000609,111,122,-11
115000617,1218,4074,-2856
115000624,267,26,241
115000633,616,1877,-1261
115000634,2805,820,1985
115000635,652,116,536
115000638,498,588,-90
115000641,57,110,-53
115000642,471,300,171
115000643,162,472,-310
115000644,170,386,-216
115000646,1011,1610,-599
115000647,159,442,-283
115000648,2429,1454,975
115000893,2018,1354,664
115000894,138,900,-762
115000895,295,612,-317
115000896,1009,235,774
115000897,468,134,334
115000898,710,239,471
115000899,277,1050,-773
115000900,87,285,-198
115000901,35,119,-84
115000912,514,102,412
115000913,3,12,-9
115000915,8,0,8
115000916,5,0,5
115000917,1,14,-13
115000918,99,612,-513
115000919,13,10,3
115000920,18,54,-36
115000921,416,117,299
115000922,402,689,-287
115000923,155,690,-535
115000925,91,98,-7
115000927,43,37,6
115000933,76,148,-72
115900001,177,22,155
115900002,128,126,2
115900003,221,74,147
115900004,1,28,-27
115900005,185,14,171
115900006,142,206,-64
115900008,83,6,77
115900009,102,176,-74
115900010,431,116,315
115900011,526,169,357
115900012,229,48,181
115900013,397,143,254
115900014,117,99,18
115900015,162,58,104
115900016,106,33,73
115900017,36,13,23
115900018,125,66,59
115900019,422,18,404
115900020,113,3,110
115900021,935,802,133
115900022,811,45,766
115900023,46,5,41
115900025,27,161,-134
115900026,883,178,705
115900027,0,196,-196
115900028,574,51,523
115900029,20,251,-231
115900030,61,33,28
115900031,187,360,-173
115900032,538,614,-76
115900033,1,32,-31
115900034,27,272,-245
115900035,68,25,43
115900036,33,959,-926
115900037,56,243,-187
115900038,61,9,52
115900039,226,143,83
115900041,338,725,-387
115900042,40,6,34
115900043,99,49,50
115900044,244,309,-65
115900046,370,186,184
115900047,185,198,-13
115900049,226,176,50
115900051,3,37,-34
115900052,13,128,-115
115900053,342,182,160
115900054,294,42,252
115900055,19,72,-53
115900056,240,201,39
115900057,68,15,53
115900058,23,50,-27
115900060,131,123,8
115900061,305,3,302
115900062,79,213,-134
115900063,80,6,74
115900064,184,229,-45
115900065,168,94,74
115900066,103,101,2
115900067,10,408,-398
115900068,2045,1047,998
115900069,60,187,-127
115900070,236,112,124
115900071,1,268,-267
115900072,36,150,-114
115900073,125,103,22
115900074,2,176,-174
115900075,61,213,-152
115900076,1,46,-45
115900077,3,179,-176
115900078,96,116,-20
115900079,365,23,342
115900080,263,225,38
115900081,16,42,-26
115900082,198,149,49
115900084,606,17,589
115900085,26,70,-44
115900086,1569,629,940
115900088,19,44,-25
115900089,443,468,-25
115900090,457,10,447
115900091,9,15,-6
115900092,37,107,-70
115900093,17,13,4
115900094,3,172,-169
115900096,7,14,-7
115900097,5,235,-230
115900098,266,243,23
115900099,72,49,23
115900100,21,411,-390
115900101,128,209,-81
115900102,110,70,40
115900103,340,182,158
115900104,116,82,34
115900105,408,407,1
115900106,117,17,100
115900107,104,100,4
115900108,221,20,201
115900109,45,318,-273
115900110,1,18,-17
115900111,1,86,-85
115900112,52,844,-792
115900113,77,17,60
115900114,3,98,-95
115900115,89,250,-161
115900116,154,851,-697
115900117,117,9,108
115900118,3,183,-180
115900119,203,174,29
115900120,36,260,-224
115900121,281,210,71
115900124,313,646,-333
115900125,421,38,383
115900126,917,100,817
115900127,924,63,861
115900128,14,184,-170
115900129,980,75,905
115900130,16,186,-170
115900131,425,41,384
115900132,714,8,706
115900134,526,17,509
115900135,377,1435,-1058
115900137,17,13,4
115900139,148,289,-141
115900140,314,27,287
115900141,30,147,-117
115900142,58,116,-58
115900143,240,263,-23
115900144,105,185,-80
115900146,14,48,-34
115900147,202,297,-95
115900148,99,10,89
115900149,185,16,169
115900150,87,18,69
115900151,19,102,-83
115900152,154,307,-153
115900153,134,183,-49
115900154,431,331,100
115900155,0,33,-33
115900156,788,1122,-334
115900157,198,535,-337
115900158,13,7,6
115900159,182,213,-31
115900160,1,11,-10
115900161,86,233,-147
115900163,303,137,166
115900164,819,50,769
115900165,1,133,-132
115900166,181,152,29
115900168,111,143,-32
115900171,129,431,-302
115900172,93,141,-48
115900173,279,119,160
115900174,229,187,42
115900175,169,206,-37
115900178,3,386,-383
115900179,399,8,391
115900180,16,95,-79
115900181,225,98,127
115900182,428,144,284
115900183,208,194,14
115900184,1045,18,1027
115900187,9,103,-94
115900189,0,286,-286
115900190,334,1426,-1092
115900191,28,320,-292
115900192,13,161,-148
115900193,410,122,288
115900194,928,85,843
115900195,541,2510,-1969
115900198,237,315,-78
115900199,253,217,36
115900200,307,344,-37
115900201,375,409,-34
115900202,10,76,-66
115900203,9,35,-26
115900204,0,6,-6
115900205,76,17,59
115900206,336,175,161
115900207,46,14,32
115900208,153,111,42
115900209,8,190,-182
115900210,3,143,-140
115900211,3,249,-246
115900212,225,185,40
115900213,150,152,-2
115900214,473,123,350
115900215,30,177,-147
115900216,6,87,-81
115900217,3,31,-28
115900218,13,48,-35
115900219,99,5,94
115900220,231,3,228
115900221,98,14,84
115900222,102,26,76
115900223,6,485,-479
115900224,705,1538,-833
115900225,68,56,12
115900226,20,43,-23
115900227,37,28,9
115900228,5,40,-35
115900229,11,40,-29
115900230,29,115,-86
115900231,136,2,134
115900232,51,0,51
115900233,105,32,73
115900234,70,27,43
115900235,47,23,24
115900236,50,18,32
115900237,18,22,-4
115900238,10,16,-6
115900239,23,27,-4
115900240,17,48,-31
115900241,309,112,197
115900242,208,367,-159
115900243,20,26,-6
115900244,36,26,10
115900245,0,11,-11
115900246,9,7,2
115900247,14,5,9
115900248,11,3,8
115900249,5,12,-7
115900250,13,27,-14
115900251,3,11,-8
115900252,2,3,-1
115900253,10,14,-4
115900254,16,29,-13
115900255,1,19,-18
115900256,5,20,-15
115900257,3,5,-2
115900258,1,0,1
115900259,3,0,3
115900260,6,0,6
115900261,29,0,29
115900262,3,0,3
115900263,18,1,17
115900264,40,4,36
115900265,4,11,-7
115900266,1,15,-14
115900267,4,11,-7
115900268,4,14,-10
115900269,589,394,195
115900270,425,266,159
116000001,7783,3647,4136
116000002,4981,13852,-8871
116000003,1608,1373,235
116000004,3160,4902,-1742
116000005,1626,2766,-1140
116000006,2605,3238,-633
116000007,2601,3082,-481
116000008,4688,2761,1927
116000009,1377,1695,-318
116000010,2808,1907,901
116000011,880,1635,-755
116000012,2354,1101,1253
116000013,6276,3863,2413
116000014,8519,14534,-6015
116000015,247,1576,-1329
116000016,5229,4465,764
116000017,43,842,-799
116000018,711,379,332
116000019,1119,391,728
116000020,650,1033,-383
116000021,580,350,230
116000022,402,333,69
116000023,1366,854,512
116000024,695,732,-37
116000025,957,873,84
116000026,1641,2344,-703
116000027,825,709,116
116000028,484,963,-479
116000029,633,720,-87
116000030,861,480,381
116000031,298,347,-49
116000032,244,161,83
116000033,244,204,40
116000034,869,508,361
116000035,242,720,-478
116000036,1679,2015,-336
116000037,645,588,57
116000038,329,496,-167
116000039,405,540,-135
116000040,663,409,254
116000041,210,464,-254
116000042,618,444,174
116000043,132,1186,-1054
116000045,1943,1854,89
116000046,1067,1825,-758
116000047,1727,2018,-291
116000048,2122,1859,263
116000049,1573,2902,-1329
116000050,1426,1245,181
116000051,6780,2708,4072
116000052,5864,5152,712
116000053,2538,814,1724
116000054,845,2379,-1534
116000055,849,774,75
116000056,951,1105,-154
116000057,2991,1577,1414
116000058,3423,3265,158
116000059,3331,5167,-1836
116000060,1873,999,874
116000061,322,1083,-761
116000062,616,240,376
116000063,599,1282,-683
116000066,266,717,-451
116000067,223,403,-180
116000068,207,285,-78
116000069,286,323,-37
116000078,697,1220,-523
116000080,2447,832,1615
116000082,12,32,-20
116000083,1999,481,1518
116000084,1930,2862,-932
116000085,2493,1902,591
116000086,1401,672,729
116000087,2293,1693,600
116000088,755,818,-63
116000089,182,87,95
116000090,120,146,-26
116000091,289,200,89
116000093,1300,687,613
116000094,889,502,387
116000095,1062,588,474
116000096,1007,1609,-602
116000097,1529,1111,418
116000098,33,7219,-7186
116000099,5312,187,5125
116000100,319,32,287
116000101,1265,580,685
116000102,42,234,-192
116000103,670,345,325
116000104,279,1241,-962
116000105,1459,172,1287
116000106,471,871,-400
116000107,2890,289,2601
116000108,381,190,191
116000111,142,35,107
116000113,177,106,71
116000114,85,148,-63
116000115,499,141,358
116000116,338,397,-59
116000117,1876,1822,54
116000118,1647,1138,509
116000119,4209,1881,2328
116000120,3081,3196,-115
116000121,1124,563,561
116000122,1115,1230,-115
116000123,1585,437,1148
116000124,566,796,-230
116000125,3745,836,2909
116000126,347,1084,-737
116000127,1011,971,40
116000128,2193,952,1241
116000129,1599,267,1332
116000130,826,660,166
116000133,1512,756,756
116000134,1786,1525,261
116000135,3444,1407,2037
116000136,889,1645,-756
116000137,1500,869,631
116000138,1115,667,448
116000139,2070,2321,-251
116000140,193,197,-4
116000141,382,480,-98
116000142,2721,2035,686
116000143,1931,1736,195
116000144,1590,1468,122
116000145,1983,1052,931
116000146,874,150,724
116000147,205,182,23
116000148,635,632,3
116000149,686,833,-147
116000151,520,407,113
116000153,146,338,-192
116000155,182,308,-126
116000156,966,1058,-92
116000157,2,0,2
116000158,313,425,-112
116000159,0,0,0
116000160,26,28,-2
116000161,4,76,-72
116000162,83,155,-72
116000163,36,10,26
116000164,5,26,-21
116000177,408,123,285
116000194,102,401,-299
116000195,1368,539,829
116000196,31,4,27
116000197,19,12,7
116000198,2374,1169,1205
116000200,817,609,208
116000201,728,635,93
116000202,8,254,-246
116000203,0,62,-62
116000204,11,59,-48
116000205,1,107,-106
116000206,1,97,-96
116000207,16,41,-25
116000233,232,366,-134
116000287,154,282,-128
116000288,469,214,255
116000292,80,123,-43
116000296,11,123,-112
116000297,79,9,70
116000304,220,5,215
116000305,9,178,-169
116000346,233,78,155
116000352,133,25,108
116000354,49,32,17
116000357,15,58,-43
116000358,541,72,469
116000361,41,4,37
116000372,3349,4817,-1468
116000381,139,2,137
116000388,0,33,-33
116000389,849,647,202
116000445,597,378,219
116000446,758,427,331
116000447,25,542,-517
116000448,460,160,300
116000563,1068,1189,-121
116000565,40,338,-298
116000568,60,405,-345
116000579,31,157,-126
116000584,20,2,18
116000585,39,19,20
116000586,90,141,-51
116000587,364,538,-174
116000589,55,54,1
116000590,143,122,21
116000591,225,178,47
116000592,12,94,-82
116000593,3,40,-37
116000594,933,451,482
116000595,755,135,620
116000596,156,5,151
116000597,555,148,407
116000598,29,162,-133
116000602,60,539,-479
116000605,252,123,129
116000606,79,227,-148
116000607,6,52,-46
116000609,146,1159,-1013
116000611,190,339,-149
116000612,1001,1877,-876
116000613,759,244,515
116000614,368,418,-50
116000615,69,465,-396
116000616,54,73,-19
116000617,76,28,48
116000618,17,56,-39
116000619,50,122,-72
116000620,194,143,51
116000621,71,128,-57
116000622,57,113,-56
116000624,200,107,93
116900001,284,193,91
116900002,267,6,261
116900003,41,25,16
116900004,43,83,-40
116900005,380,68,312
116900006,75,194,-119
116900007,153,188,-35
116900008,577,214,363
116900009,25,6,19
116900010,4,965,-961
116900011,23,39,-16
116900012,245,221,24
116900013,5,160,-155
116900014,175,125,50
116900015,463,54,409
116900016,290,1,289
116900017,1,427,-426
116900018,115,65,50
116900019,11,250,-239
116900020,449,748,-299
116900023,110,25,85
116900024,764,54,710
116900025,1489,730,759
116900026,116,510,-394
116900027,40,59,-19
116900028,4,147,-143
116900029,0,55,-55
116900031,0,1,-1
116900032,3,195,-192
116900033,43,19,24
116900034,11,46,-35
116900035,166,169,-3
116900036,8,108,-100
116900038,39,1,38
116900041,116,30,86
116900042,504,265,239
116900043,51,52,-1
116900045,239,86,153
116900047,16,203,-187
116900049,33,275,-242
116900050,135,334,-199
116900051,192,123,69
116900052,198,48,150
116900055,0,12,-12
116900057,15,194,-179
116900058,36,290,-254
116900059,1,154,-153
116900060,270,185,85
116900062,0,39,-39
116900064,123,423,-300
116900065,23,96,-73
116900067,98,70,28
116900068,134,166,-32
116900070,4,2,2
116900072,47,278,-231
116900073,34,93,-59
116900074,10,41,-31
116900076,10,33,-23
116900077,16,127,-111
116900078,208,79,129
116900079,38,169,-131
116900080,12,44,-32
116900081,402,906,-504
116900082,454,860,-406
116900083,33,21,12
116900084,102,62,40
116900085,40,135,-95
116900086,78,163,-85
116900088,342,119,223
116900090,61,29,32
116900091,412,38,374
116900092,105,620,-515
116900093,1952,1651,301
116900094,3344,4484,-1140
116900095,285,81,204
116900096,205,400,-195
116900097,2171,3744,-1573
116900098,263,253,10
116900099,699,865,-166
116900100,1157,72,1085
116900101,389,423,-34
116900103,11,0,11
116900104,58,93,-35
116900105,355,177,178
116900106,2746,123,2623
116900107,2481,3169,-688
116900110,31,1,30
116900111,787,517,270
116900112,320,939,-619
116900113,1716,1229,487
116900116,72,689,-617
116900117,195,116,79
116900118,493,808,-315
116900120,524,92,432
116900121,165,28,137
116900122,1185,630,555
116900123,283,728,-445
116900124,208,789,-581
116900125,564,223,341
116900126,123,765,-642
116900128,0,39,-39
116900129,2,406,-404
116900130,484,4401,-3917
116900131,172,420,-248
116900132,56,149,-93
116900133,167,143,24
116900134,258,295,-37
116900136,245,206,39
116900137,349,153,196
116900138,384,161,223
116900139,221,441,-220
116900140,223,150,73
116900141,985,425,560
116900142,5,82,-77
116900143,474,439,35
116900144,48,101,-53
116900145,113,188,-75
116900147,423,718,-295
116900148,8,70,-62
116900149,79,250,-171
116900150,12,10,2
116900151,480,133,347
116900153,236,92,144
116900154,360,766,-406
116900155,88,69,19
116900157,802,169,633
116900158,106,386,-280
116900159,43,320,-277
116900160,1011,849,162
116900161,4800,8363,-3563
116900162,20,74,-54
116900163,263,138,125
116900164,99,83,16
116900165,297,294,3
116900166,59,52,7
116900167,586,88,498
116900168,419,53,366
116900169,365,632,-267
116900170,500,546,-46
116900171,67,163,-96
116900172,180,372,-192
116900173,289,43,246
116900174,81,41,40
116900175,209,235,-26
116900178,45,100,-55
116900179,117,361,-244
116900180,107,20,87
116900182,655,332,323
116900183,207,120,87
116900185,40,60,-20
116900186,94,181,-87
116900187,72,49,23
116900188,160,23,137
116900189,57,0,57
116900191,481,607,-126
116900192,379,143,236
116900194,165,1564,-1399
116900195,68,27,41
116900196,41,70,-29
116900197,152,21,131
116900198,129,295,-166
116900200,76,23,53
116900201,168,6,162
116900202,117,44,73
116900203,218,3,215
116900204,51,124,-73
116900206,14,8,6
116900207,25,25,0
116900208,2,82,-80
116900209,31,110,-79
116900210,587,304,283
116900211,297,5,292
116900212,90,26,64
116900213,242,83,159
116900214,211,177,34
116900215,112,48,64
116900216,358,203,155
116900218,4,271,-267
116900219,1309,296,1013
116900220,139,260,-121
116900221,121,384,-263
116900222,393,365,28
116900223,155,325,-170
116900226,156,49,107
116900227,218,66,152
116900228,339,129,210
116900230,102,202,-100
116900231,43,283,-240
116900232,23,291,-268
116900233,388,71,317
116900234,38,6,32
116900235,124,269,-145
116900238,1336,267,1069
116900239,33,1298,-1265
116900240,4488,3389,1099
116900241,148,136,12
116900242,267,719,-452
116900243,10,95,-85
116900245,50,37,13
116900246,158,14,144
116900247,933,27,906
116900248,111,47,64
116900249,520,108,412
116900250,448,42,406
116900251,410,774,-364
116900252,163,671,-508
116900253,125,48,77
116900254,28,93,-65
116900255,114,88,26
116900256,468,145,323
116900257,13,339,-326
116900258,6,129,-123
116900259,244,7,237
116900260,3,65,-62
116900261,94,0,94
116900262,230,143,87
116900263,1,9,-8
116900264,0,7,-7
116900265,31,2,29
116900266,10,41,-31
116900267,4,3,1
116900268,193,285,-92
116900269,322,483,-161
116900271,1102,291,811
116900272,354,232,122
116900273,135,69,66
116900274,146,52,94
116900275,193,87,106
116900276,342,227,115
116900277,437,47,390
116900278,2,6,-4
116900279,2,15,-13
116900280,58,14,44
116900281,4442,5738,-1296
116900282,6,85,-79
116900283,16,86,-70
116900284,14,166,-152
116900285,188,253,-65
116900286,188,27,161
116900287,11,26,-15
116900288,78,80,-2
116900289,12,3,9
116900290,3,11,-8
116900291,25,12,13
116900292,0,24,-24
116900293,57,40,17
116900294,27,160,-133
116900295,52,26,26
116900296,13,35,-22
116900297,1,40,-39
116900298,26,24,2
116900299,10,29,-19
116900300,3,56,-53
116900301,24,34,-10
116900302,597,1280,-683
116900303,59,72,-13
116900304,0,175,-175
116900305,6,31,-25
116900306,163,82,81
117000001,2701,1870,831
117000002,1947,3762,-1815
117000003,6777,3451,3326
117000004,3623,4747,-1124
117000005,2421,2105,316
117000006,1117,2550,-1433
117000007,4436,1159,3277
117000008,990,2863,-1873
117000009,5071,2043,3028
117000010,2477,3292,-815
117000011,2695,1660,1035
117000012,1367,1203,164
117000013,2103,793,1310
117000014,1268,1900,-632
117000015,2696,1234,1462
117000016,235,125,110
117000017,138,96,42
117000018,147,810,-663
117000019,90,3,87
117000020,384,1927,-1543
117000021,1194,304,890
117000022,247,152,95
117000023,162,148,14
117000024,173,362,-189
117000025,392,1181,-789
117000026,1942,1783,159
117000027,1039,2893,-1854
117000028,1381,1593,-212
117000030,112,128,-16
117000032,1397,1201,196
117000033,1543,1273,270
117000034,158,85,73
117000036,171,79,92
117000038,134,218,-84
117000039,44,62,-18
117000040,263,953,-690
117000041,1450,221,1229
117000044,10,610,-600
117000045,499,160,339
117000046,414,797,-383
117000047,1149,842,307
117000048,1713,817,896
117000049,159,809,-650
117000050,145,1453,-1308
117000051,2775,94,2681
117000052,55,264,-209
117000053,702,34,668
117000054,2581,9,2572
117000055,10,2298,-2288
117000056,922,20,902
117000057,594,2197,-1603
117000060,489,1098,-609
117000061,2159,1061,1098
117000062,222,574,-352
117000063,1988,966,1022
117000064,540,586,-46
117000066,1009,882,127
117000067,128,760,-632
117000074,129,204,-75
117000076,120,41,79
117000077,203,236,-33
117000078,151,718,-567
117000079,545,248,297
117000080,0,301,-301
117000081,1188,109,1079
117000082,11,104,-93
117000083,142,1,141
117000084,180,1,179
117000085,331,879,-548
117000086,803,354,449
117000087,107,475,-368
117000088,320,142,178
117000089,2052,251,1801
117000090,327,923,-596
117000091,1088,297,791
117000092,477,1015,-538
117000093,1529,765,764
117000094,1408,2274,-866
117000095,4460,1003,3457
117000096,790,1738,-948
117000097,2229,1122,1107
117000098,2297,3162,-865
117000099,4692,1422,3270
117000100,255,426,-171
117000101,203,821,-618
117000102,2497,673,1824
117000103,766,1145,-379
117000104,1830,709,1121
117000105,785,1148,-363
117000106,1619,894,725
117000107,603,1335,-732
117000108,2402,1025,1377
117000109,1191,1986,-795
117000110,1821,1531,290
117000111,3606,3844,-238
117000112,4327,1674,2653
117000113,124,237,-113
117000114,298,98,200
117000115,102,103,-1
117000116,188,252,-64
117000117,1781,1610,171
117000118,311,122,189
117000119,346,290,56
117000120,223,803,-580
117000121,106,1228,-1122
117000122,177,600,-423
117000123,1568,50,1518
117000124,344,219,125
117000125,170,294,-124
117000126,86,47,39
117000127,170,491,-321
117000128,333,1105,-772
117000129,92,145,-53
117000130,65,0,65
117000131,1,54,-53
117000132,4220,36,4184
117000133,2405,20,2385
117000134,0,71,-71
117000135,0,92,-92
117000136,1,27,-26
117000137,79,137,-58
117000138,3,689,-686
117000140,466,1242,-776
117000141,2239,559,1680
117000181,448,166,282
117000182,517,1008,-491
117000195,213,846,-633
117000196,447,177,270
117000225,99,55,44
117000226,7,89,-82
117000276,366,21,345
117000277,1,233,-232
117000310,1342,1843,-501
117000315,36,589,-553
117000320,54,0,54
117000906,521,20,501
117000907,14,223,-209
117000908,7,81,-74
117000909,51,54,-3
117000910,245,193,52
117000911,92,131,-39
117000915,3,417,-414
117000916,75,19,56
117000917,1739,76,1663
117000918,94,72,22
117000919,11,61,-50
117000920,4,1071,-1067
117000921,4,800,-796
117000922,22,75,-53
117000924,811,882,-71
117000926,504,120,384
117000927,851,1531,-680
117000928,0,87,-87
117000929,339,227,112
117000930,249,15,234
117000931,236,158,78
117900002,102,404,-302
117900003,615,441,174
117900005,3,51,-48
117900006,1,187,-186
117900007,205,95,110
117900008,0,20,-20
117900010,263,71,192
117900011,32,127,-95
117900012,89,94,-5
117900013,0,193,-193
117900014,451,77,374
117900015,18,102,-84
117900016,1115,1079,36
117900017,620,168,452
117900018,126,159,-33
117900019,659,142,517
117900020,97,502,-405
117900021,36,63,-27
117900022,31,15,16
117900023,758,126,632
117900024,61,61,0
117900025,46,10,36
117900026,557,194,363
117900028,24,2,22
117900029,330,421,-91
117900030,559,192,367
117900031,168,116,52
117900032,1237,697,540
117900033,370,473,-103
117900034,29,15,14
117900035,254,130,124
117900036,270,294,-24
117900037,249,188,61
117900038,34,222,-188
117900039,2,50,-48
117900040,181,277,-96
117900041,3,47,-44
117900042,3122,357,2765
117900043,31,29,2
117900044,48,3322,-3274
117900045,169,161,8
117900048,484,230,254
117900049,263,402,-139
117900050,13,133,-120
117900051,39,4,35
117900052,121,471,-350
117900053,2338,575,1763
117900054,2,39,-37
117900055,351,159,192
117900056,82,16,66
117900057,1286,1131,155
117900058,286,1424,-1138
117900059,286,139,147
117900060,3058,4221,-1163
117900061,18,218,-200
117900063,540,189,351
117900065,692,1119,-427
117900066,4,84,-80
117900067,677,129,548
117900069,956,245,711
117900070,142,38,104
117900071,66,154,-88
117900073,695,231,464
117900074,72,71,1
117900075,109,88,21
117900076,11,53,-42
117900077,720,219,501
117900078,476,978,-502
117900080,131,61,70
117900081,529,368,161
117900082,557,483,74
117900083,473,349,124
117900086,161,24,137
117900087,188,72,116
117900088,2668,1795,873
117900089,2794,960,1834
117900090,480,377,103
117900091,162,145,17
117900092,101,33,68
117900093,139,74,65
117900094,58,39,19
117900095,251,180,71
117900096,129,320,-191
117900097,624,97,527
117900098,35,27,8
117900099,141,159,-18
117900100,430,0,430
117900101,492,2326,-1834
117900102,146,130,16
117900103,97,3,94
117900104,31,199,-168
117900105,189,262,-73
117900106,96,38,58
117900107,65,0,65
117900109,852,502,350
117900110,194,1,193
117900111,500,41,459
117900112,92,13,79
117900113,1976,1981,-5
117900114,43,0,43
117900115,179,88,91
117900116,888,655,233
117900117,854,442,412
117900118,105,0,105
117900119,266,92,174
117900120,238,24,214
117900121,401,188,213
117900122,1257,4909,-3652
117900123,851,368,483
117900124,937,646,291
117900125,1934,2125,-191
117900126,226,470,-244
117900127,561,400,161
117900128,485,583,-98
117900129,106,1,105
117900130,1014,439,575
117900131,9,136,-127
117900132,18,87,-69
117900133,24,108,-84
117900134,181,336,-155
117900135,51,171,-120
117900136,0,55,-55
117900137,80,284,-204
117900138,0,34,-34
117900139,176,126,50
117900140,2679,320,2359
117900141,100,154,-54
117900142,74,85,-11
117900144,52,232,-180
117900145,37,34,3
117900146,130,210,-80
117900147,58,69,-11
117900148,2445,2023,422
117900149,126,179,-53
117900150,73,49,24
117900151,57,74,-17
117900152,68,58,10
117900153,47,125,-78
117900154,488,493,-5
117900156,953,756,197
117900157,76,482,-406
117900158,384,187,197
117900160,931,998,-67
117900161,2610,1933,677
117900162,516,374,142
117900163,34,176,-142
117900165,1,29,-28
117900166,132,569,-437
117900168,47,218,-171
117900169,2,107,-105
117900170,0,14,-14
117900171,1,11,-10
117900172,13,28,-15
117900173,187,81,106
117900174,32,45,-13
117900175,7,19,-12
117900176,9,20,-11
117900177,15,32,-17
117900178,117,29,88
117900180,208,35,173
117900181,77,438,-361
117900182,2,54,-52
117900183,76,224,-148
117900184,21,90,-69
117900185,62,50,12
117900186,47,9,38
117900187,24,14,10
117900188,251,65,186
117900189,77,22,55
117900190,32,4,28
117900191,112,2,110
117900192,299,3,296
117900193,24,43,-19
117900194,13,1,12
117900195,16,88,-72
117900196,20,70,-50
117900207,259,172,87
117900208,35,26,9
117900209,144,187,-43
117900210,122,224,-102
117900211,41,257,-216
117900212,146,114,32
117900213,21,16,5
117900214,7,22,-15
117900216,7,71,-64
117900217,30,417,-387
117900218,94,134,-40
117900219,20,203,-183
117900220,44,117,-73
117900221,19,17,2
118000001,988,1001,-13
118000002,768,1696,-928
118000003,1485,3100,-1615
118000004,1604,1552,52
118000005,3998,6257,-2259
118000006,3852,9009,-5157
118000007,4523,4298,225
118000008,2533,3617,-1084
118000009,1689,3444,-1755
118000010,6144,3782,2362
118000011,1948,1853,95
118000012,1236,2089,-853
118000013,2205,2272,-67
118000014,2234,1796,438
118000016,245,241,4
118000017,441,447,-6
118000018,420,360,60
118000019,1762,1460,302
118000020,958,3779,-2821
118000021,568,3369,-2801
118000022,1408,939,469
118000023,746,305,441
118000024,1002,1556,-554
118000025,559,2405,-1846
118000027,9416,12227,-2811
118000029,674,823,-149
118000032,822,4344,-3522
118000033,2901,6809,-3908
118000034,4720,2743,1977
118000035,1763,3431,-1668
118000036,928,1318,-390
118000037,762,915,-153
118000038,263,113,150
118000039,98,207,-109
118000040,1813,1251,562
118000041,2735,1282,1453
118000045,306,239,67
118000046,1138,747,391
118000047,867,1374,-507
118000048,1968,1678,290
118000051,3922,1954,1968
118000052,3129,1328,1801
118000053,322,762,-440
118000054,1356,1222,134
118000055,1273,1287,-14
118000056,243,473,-230
118000057,233,341,-108
118000058,2947,2204,743
118000059,1980,1298,682
118000060,1296,520,776
118000061,1495,1109,386
118000062,749,390,359
118000063,511,694,-183
118000064,827,1149,-322
118000065,2958,1702,1256
118000066,833,1719,-886
118000067,463,633,-170
118000068,1070,4563,-3493
118000069,2008,1100,908
118000070,4122,1783,2339
118000071,2731,6996,-4265
118000072,960,1320,-360
118000073,853,602,251
118000074,451,304,147
118000075,633,303,330
118000076,1133,2735,-1602
118000077,1169,1181,-12
118000078,1769,2532,-763
118000079,249,557,-308
118000080,809,772,37
118000081,1764,1248,516
118000082,363,1211,-848
118000083,1830,1726,104
118000084,2627,2206,421
118000086,218,597,-379
118000087,3561,2389,1172
118000088,1547,1531,16
118000089,3777,2296,1481
118000090,1165,2740,-1575
118000091,1143,2839,-1696
118000092,960,524,436
118000093,77,726,-649
118000096,515,583,-68
118000097,789,625,164
118000098,417,225,192
118000099,796,617,179
118000101,1360,324,1036
118000102,390,851,-461
118000107,1334,538,796
118000108,843,2745,-1902
118000110,1,19,-18
118000111,1,157,-156
118000112,682,3,679
118000113,4,309,-305
118000114,594,8,586
118000115,11,6,5
118000116,29,0,29
118000117,809,546,263
118000118,995,1005,-10
118000119,1042,1194,-152
118000120,1620,1057,563
118000121,77,606,-529
118000122,1174,384,790
118000123,46,210,-164
118000125,1400,717,683
118000126,785,1829,-1044
118000127,1552,754,798
118000128,409,992,-583
118000129,1016,310,706
118000130,1721,2448,-727
118000131,297,506,-209
118000132,2761,2050,711
118000133,1142,377,765
118000135,618,447,171
118000136,112,346,-234
118000137,495,111,384
118000138,408,512,-104
118000139,532,80,452
118000140,3285,5452,-2167
118000141,2788,1663,1125
118000142,2195,1439,756
118000143,2678,1228,1450
118000144,1398,706,692
118000145,2221,1293,928
118000146,1418,545,873
118000147,992,1260,-268
118000148,539,1048,-509
118000149,1146,679,467
118000150,520,208,312
118000151,702,429,273
118000153,1565,1179,386
118000154,1617,1469,148
118000155,1524,1283,241
118000156,1702,2626,-924
118000157,648,353,295
118000158,212,433,-221
118000159,19,99,-80
118000160,612,374,238
118000161,634,643,-9
118000162,2054,787,1267
118000163,1237,781,456
118000164,2057,1323,734
118000168,923,1061,-138
118000169,948,873,75
118000170,3388,3804,-416
118000171,455,546,-91
118000172,79,203,-124
118000173,909,1107,-198
118000175,287,444,-157
118000176,318,549,-231
118000177,261,761,-500
118000178,43,45,-2
118000179,1024,1388,-364
118000180,930,692,238
118000181,765,308,457
118000182,285,283,2
118000183,230,346,-116
118000184,1109,592,517
118000185,1190,1462,-272
118000186,914,1293,-379
118000187,1670,579,1091
118000188,778,132,646
118000189,968,529,439
118000190,12,11,1
118000191,17,24,-7
118000192,49,87,-38
118000193,45,247,-202
118000194,1136,776,360
118000195,435,1211,-776
118000196,219,233,-14
118000197,95,166,-71
118000198,252,698,-446
118000199,341,390,-49
118000200,113,295,-182
118000201,428,460,-32
118000202,48,90,-42
118000203,392,660,-268
118000204,71,388,-317
118000205,135,262,-127
118000206,287,285,2
118000207,0,76,-76
118000208,1675,1624,51
118000209,2449,1299,1150
118000210,57,38,19
118000211,30,37,-7
118000213,1705,1921,-216
118000214,517,629,-112
118000215,399,120,279
118000216,2575,2205,370
118000217,36,88,-52
118000218,99,96,3
118000219,380,189,191
118000220,6,39,-33
118000221,320,370,-50
118000222,82,3,79
118000223,33,61,-28
118000224,137,83,54
118000225,114,516,-402
118000226,987,181,806
118000227,717,503,214
118000228,152,310,-158
118000229,138,110,28
118000230,140,182,-42
118000231,86,248,-162
118000232,915,600,315
118000233,1315,837,478
118000234,544,200,344
118000236,370,327,43
118000237,100,331,-231
118000238,340,153,187
118000239,369,268,101
118000240,310,170,140
118000241,171,132,39
118000242,552,383,169
118000243,316,184,132
118000244,56,94,-38
118000246,2,17,-15
118000255,63,223,-160
118000256,156,184,-28
118000259,12,62,-50
118000260,200,63,137
118000261,57,62,-5
118000263,83,150,-67
118000266,148,197,-49
118000267,0,134,-134
118000268,241,4,237
118000270,131,23,108
118000271,176,228,-52
118000272,123,30,93
118000273,163,62,101
118000274,82,207,-125
118000276,590,422,168
118000295,20,113,-93
118000298,179,203,-24
118000299,55,97,-42
118000301,0,48,-48
118000302,138,55,83
118000311,725,59,666
118000312,332,204,128
118000313,64,121,-57
118000314,113,43,70
118000315,62,21,41
118000316,824,361,463
118000325,67,50,17
118000326,29,48,-19
118000331,59,52,7
118000332,36,24,12
118000333,58,56,2
118000335,446,0,446
118000336,0,161,-161
118000407,233,46,187
118000457,4,27,-23
118000465,1997,4013,-2016
118000480,25,75,-50
118000489,46,402,-356
118000490,20,127,-107
118000492,186,172,14
118000510,35,53,-18
118000514,100,233,-133
118000515,818,826,-8
118000517,255,156,99
118000524,214,425,-211
118000525,730,748,-18
118000530,20,118,-98
118000531,437,285,152
118000532,326,308,18
118000533,355,159,196
118000534,613,430,183
118000535,358,146,212
118000536,503,1909,-1406
118000537,24,227,-203
118000538,37,97,-60
118000539,35,114,-79
118000540,337,132,205
118000541,213,102,111
118000542,112,183,-71
118000543,253,202,51
118000546,41,22,19
118000560,1576,2283,-707
118000562,34,153,-119
118000563,1223,1008,215
118000576,207,84,123
118000577,130,105,25
118000578,109,76,33
118000579,367,1205,-838
118000595,249,74,175
118000596,0,88,-88
118000597,147,55,92
118000598,14,2,12
118000599,91,35,56
118000600,2,35,-33
118000601,12,0,12
118000602,0,17,-17
118000603,0,8,-8
118900001,536,1185,-649
118900002,839,953,-114
118900003,607,14,593
118900004,67,43,24
118900005,103,7,96
118900006,175,9,166
118900007,4,3,1
118900008,1670,72,1598
118900009,98,67,31
118900010,93,4,89
118900011,189,29,160
118900012,546,243,303
118900013,461,245,216
118900015,307,54,253
118900016,19,9,10
118900017,210,311,-101
118900018,1041,39,1002
118900019,28,26,2
118900020,193,132,61
118900021,223,409,-186
118900022,133,90,43
118900023,199,81,118
118900024,148,204,-56
118900025,50,23,27
118900026,75,69,6
118900027,431,166,265
118900028,223,153,70
118900029,256,429,-173
118900030,500,66,434
118900031,196,68,128
118900032,225,135,90
118900033,328,388,-60
118900034,191,19,172
118900035,139,111,28
118900036,1717,732,985
118900037,425,312,113
118900038,465,106,359
118900039,669,176,493
118900040,233,214,19
118900041,745,128,617
118900042,251,98,153
118900045,363,143,220
118900046,623,373,250
118900047,394,268,126
118900048,110,242,-132
118900049,61,59,2
118900050,32,47,-15
118900051,74,117,-43
118900052,336,196,140
118900053,39,99,-60
118900054,167,52,115
118900055,152,64,88
118900056,16,382,-366
118900057,959,455,504
118900058,395,294,101
118900059,14,94,-80
118900060,87,91,-4
118900062,298,143,155
118900064,389,632,-243
118900065,83,131,-48
118900066,81,67,14
118900067,3657,4565,-908
118900068,5,196,-191
118900069,551,189,362
118900071,9,72,-63
118900072,455,313,142
118900073,226,110,116
118900074,137,117,20
118900075,100,50,50
118900076,219,85,134
118900077,432,285,147
118900078,28,4,24
118900079,57,149,-92
118900080,31,77,-46
118900081,45,29,16
118900082,1177,184,993
118900083,34,10,24
118900084,15,20,-5
118900085,848,687,161
118900086,27,62,-35
118900087,44,345,-301
118900088,0,6,-6
118900089,17,21,-4
118900090,561,310,251
118900091,254,198,56
118900092,226,76,150
118900093,124,35,89
118900096,59,24,35
118900097,335,365,-30
118900099,166,217,-51
118900100,140,188,-48
118900101,165,352,-187
118900102,65,108,-43
118900103,110,146,-36
118900104,433,142,291
118900105,290,90,200
118900107,123,65,58
118900108,120,119,1
118900109,714,562,152
118900110,1253,888,365
118900111,496,396,100
118900112,95,184,-89
118900113,110,341,-231
118900114,22,86,-64
118900115,145,373,-228
118900116,193,249,-56
118900117,101,176,-75
118900118,317,252,65
118900119,191,162,29
118900120,116,283,-167
118900121,22,118,-96
118900122,7,1129,-1122
118900123,169,225,-56
118900124,98,142,-44
118900126,39,476,-437
118900129,309,278,31
118900130,47,193,-146
118900131,104,215,-111
118900132,404,180,224
118900133,11,126,-115
118900135,203,251,-48
118900136,223,360,-137
118900137,16,43,-27
118900139,197,226,-29
118900140,401,482,-81
118900141,95,109,-14
118900144,165,284,-119
118900145,55,95,-40
118900146,396,526,-130
118900147,193,168,25
118900148,78,64,14
118900150,134,617,-483
118900152,664,631,33
118900157,62,135,-73
118900158,133,43,90
118900159,0,121,-121
118900161,66,6,60
118900163,89,126,-37
118900164,5,133,-128
118900165,96,139,-43
118900166,58,4,54
118900167,105,123,-18
118900168,32,225,-193
118900169,164,209,-45
118900170,318,97,221
118900171,44,68,-24
118900174,59,60,-1
118900175,511,484,27
118900176,199,207,-8
118900177,70,49,21
118900178,64,239,-175
118900179,8,25,-17
118900181,86,79,7
118900182,152,55,97
118900183,38,163,-125
118900184,299,121,178
118900185,144,86,58
118900186,120,98,22
118900187,233,334,-101
118900188,435,334,101
118900189,54,881,-827
118900190,27,262,-235
118900191,254,52,202
118900192,327,19,308
118900193,745,5,740
118900195,310,506,-196
118900196,34,109,-75
118900197,182,39,143
118900198,49,17,32
118900199,104,24,80
118900200,19,18,1
118900201,25,58,-33
118900202,6,41,-35
118900203,10,16,-6
118900204,31,18,13
118900205,3,12,-9
118900206,3,17,-14
119000001,1668,1788,-120
119000002,4711,2862,1849
119000003,3603,1056,2547
119000004,2750,1427,1323
119000005,2191,2042,149
119000006,2989,1395,1594
119000007,3696,3441,255
119000008,2048,1716,332
119000009,3699,5941,-2242
119000010,5532,4545,987
119000011,3829,3571,258
119000012,2661,3858,-1197
119000013,2977,1673,1304
119000014,1749,2704,-955
119000019,335,154,181
119000020,2390,1492,898
119000021,5203,2716,2487
119000022,2310,3317,-1007
119000023,209,274,-65
119000024,1821,13801,-11980
119000025,5012,1306,3706
119000026,87,513,-426
119000027,237,423,-186
119000028,1610,718,892
119000029,96,322,-226
119000030,507,709,-202
119000031,630,602,28
119000032,2202,2324,-122
119000033,2458,1203,1255
119000034,1181,853,328
119000035,31,243,-212
119000036,2423,655,1768
119000037,1421,1319,102
119000038,148,574,-426
119000039,420,381,39
119000040,727,612,115
119000041,624,1192,-568
119000048,2732,1924,808
119000049,1745,1372,373
119000050,1641,1598,43
119000051,1874,907,967
119000052,1715,2467,-752
119000053,1912,1150,762
119000054,3587,2111,1476
119000055,5660,2903,2757
119000056,3183,1888,1295
119000057,1674,1507,167
119000058,2087,1448,639
119000059,1329,1316,13
119000060,1830,1236,594
119000061,1209,703,506
119000062,1245,1307,-62
119000063,641,360,281
119000064,954,922,32
119000065,1829,2939,-1110
119000066,2568,1138,1430
119000067,1760,1513,247
119000068,2098,979,1119
119000069,1671,1988,-317
119000070,3131,778,2353
119000071,443,648,-205
119000072,4968,2783,2185
119000073,5270,8002,-2732
119000074,1706,1761,-55
119000075,3209,2117,1092
119000076,322,1067,-745
119000077,800,549,251
119000078,471,186,285
119000079,194,571,-377
119000080,555,155,400
119000081,397,507,-110
119000082,1000,234,766
119000083,662,435,227
119000084,310,461,-151
119000085,747,226,521
119000086,473,432,41
119000087,1361,731,630
119000088,535,174,361
119000089,81,192,-111
119000090,196,133,63
119000091,126,455,-329
119000092,460,198,262
119000093,3400,2128,1272
119000094,3753,5042,-1289
119000095,2312,2555,-243
119000097,1935,1115,820
119000098,997,3626,-2629
119000099,2625,1459,1166
119000100,4751,3364,1387
119000101,4547,2183,2364
119000102,735,1308,-573
119000103,1528,681,847
119000104,2082,1083,999
119000105,1232,2296,-1064
119000106,373,898,-525
119000107,1144,532,612
119000108,416,716,-300
119000109,191,643,-452
119000110,650,558,92
119000111,51,792,-741
119000112,186,152,34
119000113,1846,359,1487
119000114,1180,1152,28
119000115,147,187,-40
119000116,114,109,5
119000117,233,388,-155
119000118,3,0,3
119000123,4013,2017,1996
119000124,864,190,674
119000125,4526,662,3864
119000126,876,455,421
119000127,681,397,284
119000128,33,3,30
119000131,1081,433,648
119000132,0,0,0
119000133,3,2,1
119000134,1498,532,966
119000135,215,164,51
119000136,267,127,140
119000137,362,239,123
119000138,670,234,436
119000139,293,206,87
119000140,354,316,38
119000284,1097,2488,-1391
119000285,2050,1898,152
119000286,6032,4756,1276
119000287,1493,1757,-264
119000288,2146,1106,1040
119000289,1301,2119,-818
119000290,231,302,-71
119000291,9,184,-175
119000293,216,181,35
119000294,57,26,31
119000295,1157,327,830
119000296,306,121,185
119000302,1383,1190,193
119000303,41,145,-104
119000314,1717,12080,-10363
119000315,0,276,-276
119000316,123,102,21
119000317,66,198,-132
119900001,265,1281,-1016
119900002,185,231,-46
119900003,27,718,-691
119900004,285,1603,-1318
119900005,266,79,187
119900006,239,443,-204
119900007,1289,320,969
119900008,169,82,87
119900009,774,612,162
119900010,1399,1420,-21
119900011,17,160,-143
119900012,22,139,-117
119900013,2156,1419,737
119900014,590,276,314
119900015,160,45,115
119900016,67,70,-3
119900017,74,34,40
119900018,1707,1236,471
119900019,61,9,52
119900020,240,217,23
119900021,180,113,67
119900022,120,1042,-922
119900023,517,1605,-1088
119900025,303,32,271
119900026,766,134,632
119900027,147,37,110
119900028,265,221,44
119900029,0,7,-7
119900030,817,443,374
119900031,76,503,-427
119900033,2018,439,1579
119900034,583,126,457
119900037,199,26,173
119900038,59,392,-333
119900039,32,9,23
119900040,320,26,294
119900041,170,31,139
119900042,226,146,80
119900043,101,118,-17
119900044,220,1115,-895
119900046,163,69,94
119900047,382,114,268
119900048,54,13,41
119900049,157,0,157
119900050,286,172,114
119900051,1376,30,1346
119900052,90,33,57
119900053,259,150,109
119900054,221,25,196
119900055,1580,477,1103
119900057,315,64,251
119900058,353,6,347
119900059,125,38,87
119900060,326,30,296
119900061,479,9,470
119900062,108,39,69
119900063,22,60,-38
119900064,757,116,641
119900065,343,14,329
119900066,3,2,1
119900067,138,41,97
119900068,619,7,612
119900069,116,12,104
119900070,1600,38,1562
119900071,1019,31,988
119900072,465,343,122
119900073,1599,545,1054
119900074,56,55,1
119900075,3520,2534,986
119900076,818,284,534
119900077,1218,684,534
119900078,652,742,-90
119900079,367,159,208
119900080,310,244,66
119900081,53,21,32
119900082,2133,242,1891
119900083,427,167,260
119900084,667,354,313
119900085,47,49,-2
119900086,210,524,-314
119900087,719,499,220
119900088,34,52,-18
119900089,89,473,-384
119900090,114,102,12
119900091,73,671,-598
119900092,188,494,-306
119900093,1272,222,1050
119900094,14,148,-134
119900095,224,134,90
119900096,33,159,-126
119900097,512,201,311
119900098,51,70,-19
119900099,51,198,-147
119900100,1630,2913,-1283
119900101,187,1733,-1546
119900102,81,204,-123
119900103,50,267,-217
119900104,89,234,-145
119900105,1325,3226,-1901
119900106,16,136,-120
119900107,284,1822,-1538
119900108,3814,735,3079
119900109,10,147,-137
119900110,801,463,338
119900111,249,228,21
119900112,1005,545,460
119900113,64,243,-179
119900114,390,889,-499
119900115,521,673,-152
119900116,137,474,-337
119900117,347,553,-206
119900118,141,589,-448
119900119,270,190,80
119900120,977,575,402
119900121,440,681,-241
119900122,393,270,123
119900123,289,262,27
119900124,241,583,-342
119900125,56,280,-224
119900126,3753,417,3336
119900127,1737,967,770
119900128,492,505,-13
119900129,259,399,-140
119900130,39,203,-164
119900131,44,190,-146
119900132,3,147,-144
119900133,72,128,-56
119900134,1098,250,848
119900135,1,256,-255
119900136,198,280,-82
119900138,314,511,-197
119900139,53,198,-145
119900140,2,84,-82
119900141,88,875,-787
119900142,22,61,-39
119900143,28,231,-203
119900144,1240,227,1013
119900145,116,126,-10
119900146,231,220,11
119900147,1,203,-202
119900148,377,94,283
119900149,934,5675,-4741
119900150,172,173,-1
119900151,2072,964,1108
119900152,157,246,-89
119900153,230,90,140
119900154,36,162,-126
119900155,81,38,43
119900156,36,10,26
119900157,169,152,17
119900158,309,119,190
119900159,5,964,-959
119900160,35,109,-74
119900161,162,166,-4
119900162,1370,1371,-1
119900163,79,157,-78
119900164,1,2,-1
119900165,177,152,25
119900166,144,68,76
119900167,98,79,19
119900168,1207,629,578
119900169,120,313,-193
119900170,312,288,24
119900171,1103,316,787
119900172,254,41,213
119900173,13,319,-306
119900174,5,147,-142
119900175,1971,657,1314
119900177,20,148,-128
119900178,17,136,-119
119900179,115,723,-608
119900180,1052,823,229
119900181,99,192,-93
119900182,14,321,-307
119900183,144,520,-376
119900184,1678,527,1151
119900185,70,258,-188
119900186,41,1184,-1143
119900187,9,284,-275
119900188,160,365,-205
119900189,487,468,19
119900190,78,369,-291
119900191,188,223,-35
119900192,102,124,-22
119900193,564,182,382
119900194,56,102,-46
119900195,189,204,-15
119900196,1139,459,680
119900197,332,130,202
119900198,197,220,-23
119900199,204,33,171
119900200,782,760,22
119900201,410,209,201
119900202,185,312,-127
119900203,173,657,-484
119900204,382,245,137
119900205,1154,427,727
119900206,285,162,123
119900208,287,184,103
119900209,572,1507,-935
119900210,60,36,24
119900211,87,8,79
119900212,232,224,8
119900213,12,81,-69
119900214,57,60,-3
119900215,80,50,30
119900216,16,47,-31
119900217,17,47,-30
119900218,18,55,-37
119900219,11,97,-86
119900220,2,76,-74
119900221,32,171,-139
119900222,23,127,-104
119900223,25,53,-28
119900224,9,26,-17
119900225,664,41,623
119900226,499,2499,-2000
119900227,932,396,536
119900228,170,228,-58
119900229,366,419,-53
119900230,1183,472,711
119900231,399,191,208
119900232,338,119,219
119900233,84,5,79
119900234,35,92,-57
119900235,12,46,-34
119900236,30,181,-151
119900237,91,474,-383
119900238,26,51,-25
119900240,123,125,-2
119900241,182,246,-64
119900242,1353,1647,-294
119900244,828,1316,-488
119900245,137,163,-26
119900246,365,601,-236
119900247,82,167,-85
119900248,100,300,-200
119900249,239,128,111
119900253,2063,455,1608
119900254,102,957,-855
119900255,129,905,-776
119900256,943,830,113
119900257,104,5,99
119900258,290,24,266
119900259,4,87,-83
119900260,241,24,217
119900261,483,146,337
119900262,1,176,-175
119900263,1278,351,927
119900264,213,136,77
119900265,643,298,345
119900266,509,240,269
119900267,308,393,-85
119900268,244,119,125
119900269,1255,856,399
119900271,34,120,-86
119900272,386,238,148
119900275,217,101,116
119900276,70,1,69
119900277,9,11,-2
119900278,195,59,136
119900279,166,332,-166
119900280,560,117,443
119900281,0,306,-306
119900282,106,135,-29
119900283,35,193,-158
119900284,63,199,-136
119900285,22,98,-76
119900286,1,25,-24
119900288,2,12,-10
119900289,3,10,-7
119900290,7,15,-8
119900291,29,150,-121
119900292,30,111,-81
119900293,15,53,-38
119900294,29,65,-36
119900295,30,14,16
119900296,50,84,-34
119900297,2,24,-22
119900298,38,36,2
119900299,103,109,-6
119900300,273,167,106
119900301,105,242,-137
119900302,154,105,49
119900303,385,169,216
119900304,221,34,187
119900305,14,79,-65
119900306,37,8,29
119900307,99,101,-2
119900308,20,11,9
119900309,81,231,-150
119900310,273,268,5
119900311,146,89,57
119900312,153,89,64
119900313,175,234,-59
119900314,237,494,-257
119900315,2383,1855,528
119900318,29,59,-30
119900319,4,224,-220
119900320,284,401,-117
119900321,124,10,114
120000001,6202,18274,-12072
120000002,2731,2274,457
120000003,2740,1330,1410
120000004,2679,1536,1143
120000005,3154,2027,1127
120000006,1196,1140,56
120000007,3083,3176,-93
120000008,1012,1136,-124
120000009,2127,1094,1033
120000010,2009,2208,-199
120000011,1242,1479,-237
120000012,1842,2307,-465
120000013,3521,2947,574
120000014,846,1500,-654
120000015,2464,1437,1027
120000016,4350,2484,1866
120000017,3978,2752,1226
120000018,3521,14090,-10569
120000019,1148,1564,-416
120000020,3047,3844,-797
120000021,1691,2293,-602
120000022,3045,4066,-1021
120000023,1192,1545,-353
120000024,1437,2339,-902
120000025,2761,1834,927
120000026,2444,1637,807
120000027,2445,2344,101
120000028,808,1492,-684
120000029,2529,1509,1020
120000030,1193,1123,70
120000031,2507,6984,-4477
120000032,7111,3866,3245
120000033,5197,1639,3558
120000034,2634,1466,1168
120000035,2540,1678,862
120000036,3266,5189,-1923
120000037,644,1672,-1028
120000038,5205,4148,1057
120000039,780,945,-165
120000040,239,687,-448
120000041,1454,1316,138
120000042,2771,2170,601
120000043,6602,1580,5022
120000044,6219,1743,4476
120000045,7008,1080,5928
120000046,4393,3195,1198
120000047,1042,8301,-7259
120000048,6737,4344,2393
120000049,3603,2739,864
120000050,3941,3628,313
120000051,2900,4880,-1980
120000052,7552,2283,5269
120000053,1452,1766,-314
120000054,1326,2982,-1656
120000055,1812,4172,-2360
120000056,6359,4124,2235
120000057,4685,1037,3648
120000058,2648,1260,1388
120000059,10,1905,-1895
120000061,104,515,-411
120000062,232,374,-142
120000063,1420,2366,-946
120000064,288,949,-661
120000065,626,1303,-677
120000066,362,693,-331
120000067,77,538,-461
120000068,296,630,-334
120000069,696,796,-100
120000070,96,516,-420
120000071,790,97,693
120000072,1213,387,826
120000073,1271,113,1158
120000074,298,197,101
120000075,1183,375,808
120000076,3533,444,3089
120000077,2772,779,1993
120000078,4366,1372,2994
120000079,268,148,120
120000080,137,197,-60
120000081,421,175,246
120000082,269,283,-14
120000083,84,721,-637
120000084,402,382,20
120000085,371,257,114
120000086,274,355,-81
120000087,230,404,-174
120000088,877,1054,-177
120000089,1413,625,788
120000090,807,558,249
120000091,1079,1074,5
120000092,1504,552,952
120000093,687,430,257
120000094,228,779,-551
120000095,1182,337,845
120000096,323,595,-272
120000098,1241,711,530
120000099,472,681,-209
120000100,818,874,-56
120000101,784,489,295
120000102,859,1034,-175
120000103,1952,977,975
120000104,2585,556,2029
120000105,4078,854,3224
120000106,3180,738,2442
120000107,5397,651,4746
120000108,1791,158,1633
120000109,1400,110,1290
120000110,74,798,-724
120000111,127,749,-622
120000112,814,1991,-1177
120000113,749,1525,-776
120000114,870,1965,-1095
120000115,301,1818,-1517
120000116,701,1603,-902
120000117,933,1202,-269
120000118,59,44,15
120000119,25,48,-23
120000120,95,79,16
120000121,36,53,-17
120000122,225,429,-204
120000123,3293,7652,-4359
120000124,468,321,147
120000125,620,574,46
120000126,400,1155,-755
120000127,2156,1189,967
120000128,2930,4420,-1490
120000129,284,247,37
120000130,887,484,403
120000131,369,598,-229
120000134,457,699,-242
120000135,805,666,139
120000137,378,895,-517
120000138,1470,498,972
120000139,427,579,-152
120000140,1316,529,787
120000141,841,433,408
120000142,1205,679,526
120000143,4,62,-58
120000144,194,7,187
120000145,446,1,445
120000146,1018,934,84
120000149,815,1082,-267
120000150,2733,13511,-10778
120000151,500,342,158
120000152,836,189,647
120000153,494,491,3
120000154,558,526,32
120000155,129,240,-111
120000156,727,1631,-904
120000157,1179,609,570
120000158,1232,752,480
120000159,1971,2348,-377
120000160,2594,1902,692
120000161,3041,2243,798
120000162,106,283,-177
120000163,1108,1074,34
120000164,827,388,439
120000165,789,573,216
120000166,1875,487,1388
120000167,248,260,-12
120000168,22,874,-852
120000169,86,2192,-2106
120000170,53,1572,-1519
120000171,16,416,-400
120000172,98,329,-231
120000173,1214,1372,-158
120000174,196,48,148
120000175,226,69,157
120000176,157,44,113
120000177,1376,157,1219
120000178,61,29,32
120000179,145,81,64
120000180,657,111,546
120000181,143,1915,-1772
120000182,53,648,-595
120000183,12,390,-378
120000184,186,1631,-1445
120000186,77,752,-675
120000187,25,339,-314
120000188,83,544,-461
120000190,402,91,311
120000191,596,109,487
120000192,784,44,740
120000193,329,16,313
120000195,65,9,56
120000196,277,27,250
120000197,137,66,71
120000198,283,62,221
120000199,141,0,141
120000200,161,8,153
120000201,14,41,-27
120000202,1,50,-49
120000203,89,186,-97
120000207,4,48,-44
120000208,14,187,-173
120000209,2,48,-46
120000210,46,73,-27
120000211,267,6,261
120000212,292,0,292
120000213,207,190,17
120000214,1,228,-227
120000215,9,104,-95
120000216,204,32,172
120000217,564,1244,-680
120000218,137,535,-398
120000219,5,301,-296
120000220,8,974,-966
120000225,2651,5,2646
120000226,555,4,551
120000227,1226,98,1128
120000228,11376,4588,6788
120000230,574,29,545
120000231,1913,1860,53
120000233,563,26,537
120000235,237,499,-262
120000236,1927,4,1923
120000237,3,1021,-1018
120000238,1,832,-831
120000241,1343,4159,-2816
120000412,625,13,612
120000413,320,191,129
120000414,180,1,179
120000415,1,61,-60
120000416,218,3,215
120000417,10,109,-99
120000418,283,24,259
120000419,18,156,-138
120000420,33,19,14
120000421,8847,5767,3080
120000422,119,1795,-1676
120000423,5,97,-92
120000424,140,122,18
120000436,101,768,-667
120000437,95,98,-3
120000438,1934,267,1667
120000439,311,647,-336
120000443,214,1,213
120000444,1792,447,1345
120000445,1946,1096,850
120000446,630,188,442
120000447,312,1,311
120000449,125,4,121
120000450,5,186,-181
120000451,195,296,-101
120000452,342,0,342
120000453,2,210,-208
120000454,69,57,12
120000455,110,54,56
120000456,2352,4529,-2177
120000457,1049,380,669
120000458,494,656,-162
120000459,150,66,84
120000665,902,332,570
120000668,117,1202,-1085
120000669,125,176,-51
120000670,171,859,-688
120000671,1596,448,1148
120000672,79,561,-482
120900001,89,96,-7
120900002,378,735,-357
120900003,258,17,241
120900004,31,126,-95
120900005,57,805,-748
120900006,559,293,266
120900007,251,82,169
120900008,445,904,-459
120900009,327,22,305
120900010,606,163,443
120900011,221,256,-35
120900012,235,1544,-1309
120900013,504,234,270
120900014,4,422,-418
120900015,1210,111,1099
120900016,1172,72,1100
120900017,2038,122,1916
120900018,221,380,-159
120900019,891,440,451
120900020,668,1623,-955
120900021,1100,366,734
120900022,24,298,-274
120900023,451,35,416
120900024,2200,636,1564
120900025,1296,1075,221
120900026,295,244,51
120900027,1042,21,1021
120900028,669,141,528
120900029,91,694,-603
120900030,1684,885,799
120900031,381,198,183
120900032,1495,112,1383
120900033,1509,133,1376
120900034,12,2675,-2663
120900035,75,164,-89
120900037,320,15,305
120900038,82,371,-289
120900039,140,54,86
120900040,445,9,436
120900041,137,37,100
120900042,813,45,768
120900043,139,67,72
120900044,15,396,-381
120900045,185,119,66
120900046,812,10,802
120900047,126,161,-35
120900048,173,35,138
120900049,661,2,659
120900050,1740,1955,-215
120900051,420,118,302
120900052,833,6,827
120900053,566,65,501
120900054,1741,461,1280
120900055,499,8,491
120900056,632,40,592
120900057,239,22,217
120900058,809,5,804
120900059,173,6,167
120900060,112,49,63
120900061,256,206,50
120900062,352,1,351
120900063,755,4,751
120900064,998,2,996
120900065,777,9,768
120900066,497,238,259
120900067,167,49,118
120900068,446,2,444
120900069,285,44,241
120900071,36,0,36
120900072,920,8,912
120900073,696,119,577
120900074,984,29,955
120900076,521,18,503
120900077,2200,301,1899
120900078,992,684,308
120900079,1119,97,1022
120900080,1133,1311,-178
120900081,1248,546,702
120900082,456,407,49
120900083,155,0,155
120900084,451,578,-127
120900085,115,141,-26
120900086,107,447,-340
120900087,563,361,202
120900088,276,592,-316
120900089,2460,3763,-1303
120900090,407,95,312
120900091,786,949,-163
120900092,1082,419,663
120900093,1400,141,1259
120900094,467,210,257
120900095,517,15,502
120900096,73,205,-132
120900097,755,578,177
120900098,249,168,81
120900099,66,79,-13
120900100,74,194,-120
120900101,499,208,291
120900102,40,86,-46
120900103,62,258,-196
120900104,41,43,-2
120900105,36,305,-269
120900106,1141,479,662
120900107,240,159,81
120900108,8,317,-309
120900109,85,406,-321
120900110,6,509,-503
120900111,233,348,-115
120900112,22,577,-555
120900113,30,575,-545
120900114,36,148,-112
120900115,178,228,-50
120900116,532,304,228
120900117,11,299,-288
120900118,9,572,-563
120900119,7073,4279,2794
120900120,82,410,-328
120900121,204,449,-245
120900122,755,361,394
120900123,8,247,-239
120900124,2,509,-507
120900125,6,578,-572
120900126,1375,794,581
120900127,23,323,-300
120900128,999,1221,-222
120900129,54,174,-120
120900130,0,281,-281
120900131,104,80,24
120900132,1282,216,1066
120900133,145,534,-389
120900134,613,357,256
120900135,7,366,-359
120900136,48,90,-42
120900137,326,129,197
120900138,7,169,-162
120900139,3,417,-414
120900140,3,132,-129
120900141,284,252,32
120900142,13,280,-267
120900143,1,607,-606
120900144,0,130,-130
120900145,250,525,-275
120900146,5,690,-685
120900147,5,298,-293
120900148,167,185,-18
120900149,1,200,-199
120900150,62,377,-315
120900151,0,387,-387
120900152,1,35,-34
120900153,52,180,-128
120900154,4,149,-145
120900155,203,767,-564
120900156,99,241,-142
120900157,109,412,-303
120900158,75,500,-425
120900159,113,536,-423
120900160,28,498,-470
120900161,63,514,-451
120900162,87,652,-565
120900163,100,1204,-1104
120900164,0,60,-60
120900165,4,159,-155
120900166,203,577,-374
120900167,361,141,220
120900169,115,246,-131
120900170,699,3087,-2388
120900171,764,172,592
120900172,643,1692,-1049
120900173,0,31,-31
120900174,17,116,-99
120900175,228,138,90
120900176,9,478,-469
120900177,3,1554,-1551
120900178,3,675,-672
120900179,693,457,236
120900180,102,160,-58
120900181,89,35,54
120900182,37,390,-353
120900183,680,82,598
120900184,377,65,312
120900185,12,600,-588
120900186,1,305,-304
120900187,733,1196,-463
120900188,311,28,283
120900189,81,1894,-1813
120900190,119,5,114
120900191,40,18,22
120900192,6530,10026,-3496
120900194,51,82,-31
120900195,159,365,-206
120900196,1090,24,1066
120900197,1080,164,916
120900198,315,427,-112
120900199,617,1574,-957
120900200,80,144,-64
120900201,423,204,219
120900202,5,130,-125
120900203,30,85,-55
120900204,122,240,-118
120900205,86,61,25
120900206,20,37,-17
121000001,797,1010,-213
121000002,2309,1574,735
121000003,3315,2018,1297
121000004,2544,3911,-1367
121000005,1653,2502,-849
121000006,3532,2104,1428
121000007,2436,3028,-592
121000008,5295,4291,1004
121000009,4981,5909,-928
121000010,8173,7170,1003
121000011,8713,12691,-3978
121000012,16012,11598,4414
121000013,4684,6513,-1829
121000014,5931,5122,809
121000015,3915,6631,-2716
121000016,3943,3446,497
121000017,2483,3824,-1341
121000018,3403,1836,1567
121000019,14856,12181,2675
121000020,13705,19599,-5894
121000021,3116,2826,290
121000022,3316,3690,-374
121000023,3955,3160,795
121000024,5930,6010,-80
121000025,574,1390,-816
121000026,355,164,191
121000027,1360,1275,85
121000028,908,539,369
121000029,953,599,354
121000030,138,131,7
121000031,721,636,85
121000032,274,117,157
121000034,411,225,186
121000035,154,111,43
121000036,928,844,84
121000037,616,492,124
121000038,399,1009,-610
121000039,296,445,-149
121000041,735,586,149
121000042,310,403,-93
121000043,605,584,21
121000044,1415,932,483
121000045,488,325,163
121000046,870,902,-32
121000047,25,101,-76
121000049,1212,617,595
121000050,315,1154,-839
121000051,603,342,261
121000052,480,673,-193
121000053,335,121,214
121000054,44,342,-298
121000055,1073,1133,-60
121000056,697,1031,-334
121000057,214,478,-264
121000058,311,174,137
121000059,2261,1137,1124
121000060,476,1051,-575
121000061,96,419,-323
121000062,159,381,-222
121000063,870,730,140
121000064,666,519,147
121000065,266,460,-194
121000066,332,273,59
121000067,457,681,-224
121000068,679,425,254
121000069,557,1166,-609
121000070,1964,1244,720
121000071,1768,1411,357
121000072,1321,723,598
121000073,1110,1134,-24
121000074,166,162,4
121000075,46,370,-324
121000076,534,514,20
121000077,151,174,-23
121000078,91,145,-54
121000080,1829,654,1175
121000081,4296,3457,839
121000082,91,209,-118
121000083,152,112,40
121000084,183,146,37
121000085,205,383,-178
121000086,321,633,-312
121000087,58,276,-218
121000088,531,555,-24
121000089,411,540,-129
121000090,490,462,28
121000091,1351,1176,175
121000092,188,64,124
121000093,207,237,-30
121000094,566,802,-236
121000095,358,695,-337
121000096,2526,2555,-29
121000097,917,2744,-1827
121000098,831,793,38
121000099,717,589,128
121000100,1033,277,756
121000101,539,316,223
121000102,365,296,69
121000103,334,280,54
121000104,297,205,92
121000105,638,233,405
121000106,439,359,80
121000107,2046,2813,-767
121000109,1078,1168,-90
121000110,315,659,-344
121000114,2965,2077,888
121000115,1254,577,677
121000116,212,823,-611
121000117,542,203,339
121000118,1546,221,1325
121000119,357,412,-55
121000120,336,391,-55
121000121,704,1443,-739
121000123,1776,769,1007
121000126,72,351,-279
121000127,225,108,117
121000128,1298,404,894
121000129,1167,579,588
121000130,815,700,115
121000131,1844,2150,-306
121000132,1308,2546,-1238
121000135,425,1056,-631
121000136,1378,1112,266
121000137,530,369,161
121000138,1002,1480,-478
121000139,571,566,5
121000141,278,190,88
121000142,645,944,-299
121000143,161,37,124
121000144,931,2114,-1183
121000145,657,867,-210
121000146,1787,1225,562
121000147,1346,521,825
121000148,986,1014,-28
121000149,2405,1412,993
121000152,401,430,-29
121000153,1969,652,1317
121000154,1189,573,616
121000155,1524,920,604
121000156,406,1087,-681
121000157,865,1530,-665
121000158,354,432,-78
121000159,227,332,-105
121000160,286,337,-51
121000161,290,299,-9
121000162,210,157,53
121000165,1512,2235,-723
121000166,14,429,-415
121000168,540,206,334
121000169,84,145,-61
121000170,355,78,277
121000171,75,161,-86
121000172,840,584,256
121000173,1347,1396,-49
121000174,487,451,36
121000175,1432,356,1076
121000176,387,274,113
121000177,648,293,355
121000178,149,46,103
121000179,98,37,61
121000181,482,367,115
121000182,183,211,-28
121000183,129,178,-49
121000184,148,229,-81
121000185,47,246,-199
121000186,272,652,-380
121000187,243,138,105
121000188,235,177,58
121000192,1119,496,623
121000193,747,509,238
121000194,1988,1919,69
121000195,239,779,-540
121000196,272,175,97
121000197,221,674,-453
121000198,205,138,67
121000199,133,266,-133
121000200,556,125,431
121000201,10,171,-161
121000202,230,9,221
121000203,994,1672,-678
121000204,3424,745,2679
121000205,113,270,-157
121000206,169,60,109
121000207,2479,410,2069
121000208,17,236,-219
121000209,530,178,352
121000210,930,301,629
121000211,458,109,349
121000212,687,481,206
121000213,9502,2825,6677
121000214,946,1874,-928
121000215,1013,894,119
121000216,540,553,-13
121000217,4524,2657,1867
121000218,363,1445,-1082
121000219,1336,550,786
121000220,158,130,28
121000221,170,338,-168
121000222,2488,2909,-421
121000223,337,439,-102
121000224,271,384,-113
121000225,972,2715,-1743
121000226,2211,1338,873
121000227,20,164,-144
121000228,25,502,-477
121000229,435,400,35
121000230,64,1306,-1242
121000231,1293,48,1245
121000232,417,348,69
121000233,609,347,262
121000234,27,56,-29
121000235,70,79,-9
121000236,11,52,-41
121000237,49,34,15
121000238,12,65,-53
121000239,56,7,49
121000240,12,167,-155
121000241,116,15,101
121000242,56,411,-355
121000243,342,89,253
121000244,14,82,-68
121000245,41,23,18
121000246,0,100,-100
121000247,123,3,120
121000248,601,599,2
121000249,128,303,-175
121000250,786,294,492
121000251,28,303,-275
121000252,153,96,57
121000253,356,305,51
121000254,676,211,465
121000255,105,311,-206
121000256,421,294,127
121000257,38,100,-62
121000258,79,90,-11
121000259,48,63,-15
121000260,73,81,-8
121000261,93,66,27
121000262,1025,812,213
121000263,479,319,160
121000271,352,1305,-953
121000273,52,4,48
121000274,19,78,-59
121000275,1,9,-8
121000276,7,30,-23
121000278,25,27,-2
121000279,29,25,4
121000280,26,70,-44
121000289,282,24,258
121000290,1030,869,161
121000294,177,57,120
121000297,688,1099,-411
121000299,112,614,-502
121000300,739,507,232
121000302,30,933,-903
121000303,509,323,186
121000304,547,92,455
121000305,225,58,167
121000306,144,159,-15
121000308,181,339,-158
121000309,364,506,-142
121000310,132,280,-148
121000311,62,680,-618
121000312,445,312,133
121000313,304,580,-276
121000314,39,68,-29
121000315,24,75,-51
121000530,2057,1249,808
121000531,2368,1497,871
121000532,7362,8277,-915
121000533,3519,3469,50
121000918,50,114,-64
121000919,43,63,-20
121000938,55,131,-76
121000939,43,188,-145
121000956,1929,997,932
121000957,6,23,-17
121000958,49,67,-18
121000959,1004,550,454
121000960,1540,1533,7
121000961,330,60,270
121000962,341,390,-49
121000973,0,164,-164
121000976,22,230,-208
121000979,505,177,328
121000981,318,110,208
121000982,366,131,235
121000983,478,268,210
121000984,19,89,-70
121000985,852,357,495
121000986,541,124,417
121000987,336,753,-417
121000988,1045,113,932
121001302,259,94,165
121001308,3,15,-12
121001309,106,190,-84
121001313,248,97,151
121001314,1530,2569,-1039
121001315,5064,2893,2171
121900001,137,201,-64
121900002,45,36,9
121900003,505,19,486
121900004,113,388,-275
121900005,31,5,26
121900006,142,7,135
121900007,1918,2138,-220
121900008,1142,813,329
121900009,662,33,629
121900010,252,2,250
121900011,398,402,-4
121900012,9,5,4
121900013,1048,81,967
121900014,1332,354,978
121900015,192,151,41
121900016,2,44,-42
121900017,858,451,407
121900018,378,13,365
121900019,609,256,353
121900020,36,2,34
121900021,1266,14,1252
121900022,292,275,17
121900023,186,358,-172
121900024,350,80,270
121900025,748,480,268
121900026,392,55,337
121900027,683,259,424
121900028,302,19,283
121900029,146,239,-93
121900030,560,576,-16
121900031,1101,7204,-6103
121900032,148,86,62
121900033,211,322,-111
121900034,317,80,237
121900035,3214,2516,698
121900036,163,270,-107
121900037,225,1155,-930
121900038,53,108,-55
121900039,415,53,362
121900040,119,155,-36
121900041,147,225,-78
121900042,498,168,330
121900043,0,8,-8
121900044,112,91,21
121900045,668,274,394
121900046,358,307,51
121900047,219,77,142
121900048,128,112,16
121900050,74,61,13
121900051,202,172,30
121900052,245,51,194
121900053,669,356,313
121900054,535,1026,-491
121900055,9,6,3
121900058,431,144,287
121900059,421,200,221
121900060,256,369,-113
121900061,237,192,45
121900062,176,180,-4
121900063,1904,531,1373
121900064,313,611,-298
121900066,66,29,37
121900067,49,34,15
121900069,195,125,70
121900070,247,202,45
121900071,437,299,138
121900072,57,106,-49
121900073,223,231,-8
121900074,726,1319,-593
121900075,494,611,-117
121900076,489,639,-150
121900077,39,30,9
121900078,119,51,68
121900079,0,0,0
121900080,961,512,449
121900082,91,107,-16
121900083,268,216,52
121900084,26,66,-40
121900085,8,17,-9
121900086,19,82,-63
121900087,195,133,62
121900088,2074,3679,-1605
121900089,283,256,27
121900090,58,73,-15
121900091,125,79,46
121900092,84,157,-73
121900093,81,92,-11
121900094,17,9,8
121900095,301,164,137
121900096,1556,908,648
121900097,836,199,637
121900098,9,4,5
121900099,238,45,193
121900100,158,590,-432
121900101,169,156,13
121900102,8,160,-152
121900103,524,225,299
121900104,1896,357,1539
121900105,432,286,146
121900106,11,13,-2
121900107,76,60,16
121900108,0,32,-32
121900109,238,142,96
121900110,682,591,91
121900111,709,287,422
121900112,156,136,20
121900113,78,550,-472
121900114,79,84,-5
121900115,192,326,-134
121900117,234,241,-7
121900118,1810,772,1038
121900119,269,60,209
121900120,66,1380,-1314
121900121,487,36,451
121900122,39,74,-35
121900123,257,364,-107
121900124,253,162,91
121900125,1790,973,817
121900127,27,110,-83
121900128,67,88,-21
121900129,422,234,188
121900130,149,234,-85
121900131,232,74,158
121900132,43,70,-27
121900133,56,1231,-1175
121900134,26,188,-162
121900135,3380,530,2850
121900136,447,256,191
121900137,52,286,-234
121900138,143,215,-72
121900139,315,623,-308
121900140,80,167,-87
121900141,49,32,17
121900142,179,110,69
121900143,24,197,-173
121900144,114,245,-131
121900145,269,398,-129
121900146,752,679,73
121900147,60,164,-104
121900148,187,372,-185
121900149,419,568,-149
121900150,68,95,-27
121900151,92,267,-175
121900152,134,151,-17
121900153,93,856,-763
121900154,20,266,-246
121900155,5,189,-184
121900156,211,176,35
121900157,5,295,-290
121900158,58,138,-80
121900159,2,198,-196
121900160,19,323,-304
121900161,407,345,62
121900162,107,198,-91
121900163,417,446,-29
121900164,355,264,91
121900165,320,117,203
121900166,212,139,73
121900167,149,172,-23
121900168,164,230,-66
121900169,8,132,-124
121900170,16,238,-222
121900171,959,784,175
121900172,676,284,392
121900173,837,257,580
121900174,52,73,-21
121900175,350,379,-29
121900176,613,1301,-688
121900177,198,83,115
121900178,9,2,7
121900179,412,230,182
121900180,2936,5978,-3042
121900182,740,313,427
121900183,657,1476,-819
121900184,64,597,-533
121900185,231,108,123
121900186,8,424,-416
121900187,37,186,-149
121900188,663,310,353
121900189,28,111,-83
121900190,251,360,-109
121900191,97,227,-130
121900192,300,715,-415
121900193,12,31,-19
121900194,14,291,-277
121900195,80,137,-57
121900196,683,903,-220
121900197,461,1231,-770
121900198,1167,913,254
121900199,2,42,-40
121900200,43,225,-182
121900201,884,877,7
121900202,116,656,-540
121900203,241,1322,-1081
121900204,757,1513,-756
121900205,109,212,-103
121900206,38,71,-33
121900207,109,53,56
121900208,152,280,-128
121900209,123,46,77
121900210,1140,1038,102
121900211,5,101,-96
121900212,148,100,48
121900213,228,69,159
121900214,12,570,-558
121900215,55,148,-93
121900216,28,364,-336
121900217,266,194,72
121900218,172,342,-170
121900219,312,101,211
121900220,172,6,166
121900221,196,580,-384
121900222,176,114,62
121900223,273,52,221
121900224,167,53,114
121900225,83,142,-59
121900226,444,507,-63
121900227,276,601,-325
121900228,219,265,-46
121900229,330,308,22
121900230,72,366,-294
121900231,251,2091,-1840
121900232,207,327,-120
121900233,201,199,2
121900234,518,234,284
121900235,731,112,619
121900236,439,178,261
121900237,204,300,-96
121900238,110,280,-170
121900239,278,55,223
121900240,286,123,163
121900241,63,43,20
121900242,3,0,3
121900243,5,0,5
121900244,19,6,13
121900245,182,61,121
121900246,2838,325,2513
121900247,321,287,34
121900248,1269,1296,-27
121900250,242,331,-89
121900251,498,73,425
121900252,657,180,477
121900253,135,676,-541
121900254,501,277,224
121900255,491,113,378
121900258,4214,2131,2083
121900259,333,722,-389
121900260,223,128,95
121900261,161,552,-391
121900262,349,1049,-700
121900263,349,246,103
121900264,1643,1391,252
121900265,433,263,170
121900266,550,116,434
121900267,95,63,32
121900269,239,936,-697
121900270,46,238,-192
121900271,59,159,-100
121900273,433,1919,-1486
121900274,320,208,112
121900276,825,135,690
121900277,539,1087,-548
121900278,160,901,-741
121900279,142,221,-79
121900280,117,472,-355
121900281,341,608,-267
121900284,137,10,127
121900286,243,173,70
121900287,29,46,-17
121900290,341,436,-95
121900291,360,738,-378
121900292,145,177,-32
121900293,1006,2688,-1682
121900294,252,2,250
121900295,171,200,-29
121900296,116,237,-121
121900298,247,915,-668
121900299,8,9,-1
121900300,120,13,107
121900301,80,4,76
121900302,7,51,-44
121900303,327,345,-18
121900304,2,16,-14
121900305,6,6,0
121900306,249,1,248
121900307,104,9,95
121900308,41,194,-153
121900309,11,144,-133
121900310,22,339,-317
121900311,665,27,638
121900312,450,20,430
121900313,418,37,381
121900314,6,37,-31
121900315,6,1,5
121900316,0,9,-9
121900317,10,5,5
121900318,0,11,-11
121900319,48,117,-69
121900320,41,47,-6
121900321,25,7,18
121900322,1,19,-18
121900323,15,16,-1
121900324,3,41,-38
121900325,13,0,13
121900326,1,12,-11
121900327,11,28,-17
121900328,1,16,-15
121900329,4,77,-73
121900330,3,42,-39
121900331,84,91,-7
121900332,71,36,35
122000001,1809,4541,-2732
122000002,3262,1432,1830
122000003,2116,2873,-757
122000004,2978,1625,1353
122000005,2558,2368,190
122000006,1477,1092,385
122000007,963,1617,-654
122000008,2365,4428,-2063
122000009,439,401,38
122000010,1944,2760,-816
122000011,2899,1586,1313
122000012,1021,1609,-588
122000013,1015,992,23
122000014,1842,1105,737
122000015,1284,1167,117
122000016,527,847,-320
122000017,1204,1045,159
122000018,1463,1401,62
122000019,819,943,-124
122000020,194,233,-39
122000021,234,495,-261
122000022,1034,1089,-55
122000023,724,1714,-990
122000024,559,1312,-753
122000025,717,1951,-1234
122000026,660,1330,-670
122000027,602,1434,-832
122000028,898,500,398
122000029,545,491,54
122000030,250,137,113
122000031,212,336,-124
122000032,1908,1892,16
122000033,568,1440,-872
122000034,585,627,-42
122000035,300,696,-396
122000036,627,507,120
122000037,364,210,154
122000038,262,298,-36
122000039,475,349,126
122000040,196,236,-40
122000041,527,541,-14
122000042,328,407,-79
122000043,112,114,-2
122000044,128,182,-54
122000045,1100,439,661
122000046,755,651,104
122000047,182,212,-30
122000048,3474,4561,-1087
122000049,5770,3384,2386
122000050,1237,768,469
122000051,199,324,-125
122000052,487,419,68
122000053,203,848,-645
122000054,2272,1982,290
122000055,1892,3120,-1228
122000056,4016,3355,661
122000057,2661,3741,-1080
122000058,1795,1709,86
122000059,1812,2011,-199
122000060,460,710,-250
122000061,378,460,-82
122000062,728,356,372
122000063,1003,653,350
122000064,3169,3159,10
122000065,3107,2422,685
122000066,941,941,0
122000067,1514,1076,438
122000068,1729,1029,700
122000069,786,709,77
122000070,1061,1328,-267
122000071,2282,1103,1179
122000072,445,335,110
122000073,288,799,-511
122000074,2990,1588,1402
122000075,940,1169,-229
122000076,2830,1428,1402
122000077,847,1263,-416
122000078,1456,2778,-1322
122000079,672,1267,-595
122000080,520,373,147
122000081,143,209,-66
122000082,357,1041,-684
122000083,2425,1345,1080
122000084,1708,1041,667
122000085,251,829,-578
122000086,2294,5215,-2921
122000087,322,329,-7
122000088,423,525,-102
122000089,3955,2372,1583
122000090,161,609,-448
122000091,158,95,63
122000092,85,11,74
122000093,1650,2567,-917
122000094,4416,3126,1290
122000095,1535,4504,-2969
122000096,1431,1785,-354
122000098,2607,2990,-383
122000099,1123,740,383
122000100,722,576,146
122000101,385,731,-346
122000102,1885,1171,714
122000103,2320,1665,655
122000104,531,191,340
122000105,681,296,385
122000106,532,639,-107
122000107,917,435,482
122000108,491,764,-273
122000109,385,270,115
122000110,508,529,-21
122000111,2605,1506,1099
122000112,1054,1371,-317
122000113,641,601,40
122000114,2383,1687,696
122000115,1717,1269,448
122000116,692,747,-55
122000117,1637,476,1161
122000118,826,904,-78
122000119,3907,2992,915
122000120,2433,6062,-3629
122000121,2590,3731,-1141
122000122,733,1765,-1032
122000123,2357,2199,158
122000124,1619,717,902
122000125,619,956,-337
122000126,818,1323,-505
122000127,1293,1242,51
122000128,451,692,-241
122000129,518,1390,-872
122000130,4185,1660,2525
122000131,1898,1717,181
122000132,741,753,-12
122000133,1045,1258,-213
122000134,1266,842,424
122000135,649,689,-40
122000136,1152,758,394
122000137,2345,1024,1321
122000139,995,3971,-2976
122000140,646,616,30
122000141,3701,1206,2495
122000142,271,866,-595
122000143,616,812,-196
122000144,1951,2000,-49
122000145,1148,794,354
122000146,787,1507,-720
122000147,652,501,151
122000148,1185,2289,-1104
122000149,2126,1745,381
122000150,1331,1278,53
122000151,187,459,-272
122000152,385,500,-115
122000153,427,423,4
122000154,276,302,-26
122000155,1397,2723,-1326
122000156,2341,2710,-369
122000157,1086,2419,-1333
122000158,368,805,-437
122000159,976,2373,-1397
122000160,5618,3515,2103
122000161,1627,1335,292
122000162,2009,2228,-219
122000163,234,87,147
122000164,58,80,-22
122000165,803,675,128
122000166,916,1001,-85
122000167,273,296,-23
122000168,217,637,-420
122000169,263,213,50
122000170,380,300,80
122000171,59,89,-30
122000172,1728,1226,502
122000173,1592,2265,-673
122000174,2063,1050,1013
122000175,757,307,450
122000176,401,850,-449
122000177,1436,1380,56
122000178,2573,2391,182
122000179,1551,2423,-872
122000180,1540,1250,290
122000181,1303,3153,-1850
122000182,1909,2212,-303
122000183,2162,1038,1124
122000184,2751,2629,122
122000185,1269,1755,-486
122000186,484,806,-322
122000187,1937,894,1043
122000188,544,240,304
122000189,256,272,-16
122000190,802,1186,-384
122000191,865,951,-86
122000192,1119,400,719
122000193,410,705,-295
122000194,585,190,395
122000195,176,491,-315
122000196,1368,678,690
122000197,481,686,-205
122000198,500,989,-489
122000199,255,312,-57
122000200,869,632,237
122000201,1125,1559,-434
122000202,1431,1574,-143
122000203,2652,1651,1001
122000204,1618,2024,-406
122000205,1053,1443,-390
122000206,2518,1112,1406
122000207,2492,1515,977
122000208,2256,1451,805
122000209,1878,471,1407
122000210,2520,1565,955
122000211,1586,1235,351
122000212,896,629,267
122000213,1261,1489,-228
122000214,2260,2022,238
122000215,2050,1614,436
122000217,1874,1339,535
122000218,732,79,653
122000219,1133,856,277
122000220,431,728,-297
122000221,98,417,-319
122000222,571,148,423
122000223,1295,623,672
122000225,913,387,526
122000226,2290,1773,517
122000227,364,2161,-1797
122000228,378,343,35
122000229,37,535,-498
122000230,69,406,-337
122000231,330,727,-397
122000232,830,496,334
122000233,0,49,-49
122000234,401,45,356
122000235,578,106,472
122000236,1658,115,1543
122000237,143,103,40
122000238,578,293,285
122000239,862,201,661
122000240,1366,742,624
122000241,337,351,-14
122000242,747,119,628
122000243,45,34,11
122000244,10,312,-302
122000245,11,63,-52
122000246,41,117,-76
122000247,670,258,412
122000248,955,1337,-382
122000249,1373,967,406
122000250,2835,1044,1791
122000251,178,545,-367
122000252,518,179,339
122000253,68,256,-188
122000254,389,109,280
122000255,732,1181,-449
122000256,322,660,-338
122000257,209,216,-7
122000258,414,301,113
122000259,23,351,-328
122000260,5,60,-55
122000261,10,212,-202
122000262,0,40,-40
122000263,631,332,299
122000264,1855,351,1504
122000265,2567,987,1580
122000266,4204,627,3577
122000267,133,131,2
122000268,158,365,-207
122000269,955,378,577
122000270,569,151,418
122000271,274,966,-692
122000272,450,860,-410
122000273,506,396,110
122000274,274,217,57
122000275,95,215,-120
122000276,1303,618,685
122000277,1722,1788,-66
122000278,2640,687,1953
122000279,295,430,-135
122000280,857,795,62
122000281,1164,655,509
122000282,194,461,-267
122000283,260,157,103
122000284,323,64,259
122000285,370,78,292
122000286,67,157,-90
122000287,1649,1448,201
122000288,471,249,222
122000291,2325,829,1496
122000293,201,268,-67
122000294,196,303,-107
122000295,1343,178,1165
122000296,41,388,-347
122000297,2409,3849,-1440
122000299,640,413,227
122000300,454,716,-262
122000301,7363,3064,4299
122000302,544,2086,-1542
122000303,2684,1257,1427
122000304,124,261,-137
122000305,1625,213,1412
122000306,45,477,-432
122000307,257,103,154
122000309,137,34,103
122000310,15,125,-110
122000311,186,137,49
122000312,160,195,-35
122000313,190,76,114
122000314,112,260,-148
122000315,361,69,292
122000316,1350,231,1119
122000317,1928,316,1612
122000318,279,1176,-897
122000319,205,282,-77
122000320,328,964,-636
122000321,106,159,-53
122000322,1838,1916,-78
122000323,1142,2264,-1122
122000324,1080,1126,-46
122000325,997,1828,-831
122000326,142,86,56
122000327,753,1080,-327
122000328,940,662,278
122000330,2255,1012,1243
122000332,263,407,-144
122000333,8,84,-76
122000337,1432,1173,259
122000338,735,441,294
122000340,354,510,-156
122000342,1002,888,114
122000343,299,279,20
122000344,49,23,26
122000345,33,29,4
122000346,268,71,197
122000348,1289,583,706
122000349,235,558,-323
122000351,195,224,-29
122000352,343,164,179
122000353,155,61,94
122000355,141,365,-224
122000356,1015,1253,-238
122000357,83,31,52
122000358,0,42,-42
122000359,0,16,-16
122000360,1,48,-47
122000362,11,71,-60
122000364,164,308,-144
122000365,3,27,-24
122000366,15,21,-6
122000368,415,582,-167
122000370,27,50,-23
122000371,40,0,40
122000372,22,4,18
122000381,155,313,-158
122000382,119,246,-127
122000384,2007,1145,862
122000385,103,1,102
122000386,318,1593,-1275
122000387,549,723,-174
122000388,1678,718,960
122000389,181,660,-479
122000390,354,205,149
122000391,252,302,-50
122000392,334,215,119
122000393,42,126,-84
122000394,717,251,466
122000395,155,111,44
122000396,339,104,235
122000397,27,32,-5
122000398,14,51,-37
122000399,194,103,91
122000400,104,649,-545
122000401,158,59,99
122000402,427,93,334
122000403,555,545,10
122000404,245,202,43
122000408,641,953,-312
122000503,22,111,-89
122000524,303,190,113
122000544,111,2116,-2005
122000616,364,0,364
122000640,115,104,11
122000641,171,219,-48
122000642,1077,735,342
122000643,57,174,-117
122000644,144,35,109
122000645,115,161,-46
122000651,951,1009,-58
122000664,140,26,114
122000665,1343,545,798
122000666,734,1043,-309
122000673,43,168,-125
122000674,313,88,225
122000675,2169,780,1389
122000686,522,725,-203
122000687,1928,336,1592
122000688,402,435,-33
122000689,1171,346,825
122000690,2827,373,2454
122000691,1052,1076,-24
122000692,1791,355,1436
122000693,625,1289,-664
122000695,458,331,127
122000696,621,242,379
122000698,504,405,99
122000699,208,114,94
122000701,1603,428,1175
122000702,499,806,-307
122000703,202,57,145
122000717,107,76,31
122000718,345,1013,-668
122000719,182,98,84
122000720,572,157,415
122900001,41,10,31
122900002,1135,6179,-5044
122900003,498,40,458
122900004,2293,108,2185
122900005,122,104,18
122900006,621,967,-346
122900007,143,75,68
122900008,651,371,280
122900009,842,620,222
122900010,234,98,136
122900012,193,404,-211
122900014,124,224,-100
122900015,1404,1452,-48
122900016,122,254,-132
122900017,373,883,-510
122900018,183,26,157
122900019,22,146,-124
122900020,189,392,-203
122900021,42,486,-444
122900022,1144,596,548
122900023,712,172,540
122900024,159,100,59
122900025,17,371,-354
122900026,42,246,-204
122900027,62,591,-529
122900028,289,424,-135
122900029,4377,3344,1033
122900030,1088,593,495
122900031,60,283,-223
122900032,149,457,-308
122900033,228,140,88
122900034,4036,4816,-780
122900035,57,48,9
122900036,85,89,-4
122900037,466,125,341
122900038,115,3108,-2993
122900039,109,485,-376
122900040,275,440,-165
122900041,312,328,-16
122900042,206,272,-66
122900043,411,251,160
122900044,131,312,-181
122900045,102,97,5
122900046,218,236,-18
122900047,112,240,-128
122900048,43,236,-193
122900049,1245,179,1066
122900051,95,108,-13
122900052,108,118,-10
122900053,60,26,34
122900055,418,141,277
122900057,268,77,191
122900061,493,206,287
122900062,699,728,-29
122900063,130,236,-106
122900064,881,435,446
122900065,644,311,333
122900066,848,349,499
122900067,916,662,254
122900068,87,273,-186
122900069,464,1484,-1020
122900070,434,66,368
122900071,113,351,-238
122900072,9,456,-447
122900073,13,168,-155
122900074,1088,378,710
122900075,4,47,-43
122900076,8,115,-107
122900077,1,101,-100
122900078,340,59,281
122900080,37,39,-2
122900081,236,177,59
122900082,1203,267,936
122900083,185,196,-11
122900084,9,148,-139
122900086,21,136,-115
122900087,328,553,-225
122900088,30,216,-186
122900089,70,213,-143
122900090,11,361,-350
122900091,291,4,287
122900092,0,149,-149
122900093,2,193,-191
122900094,2,118,-116
122900095,191,26,165
122900096,462,108,354
122900097,16,46,-30
122900098,72,91,-19
122900099,34,24,10
122900100,308,500,-192
122900101,406,271,135
123000001,1018,509,509
123000002,2875,5914,-3039
123000003,4402,4351,51
123000004,2857,3541,-684
123000005,3233,2796,437
123000006,2153,2236,-83
123000007,3133,2671,462
123000008,2391,2557,-166
123000009,4567,2937,1630
123000010,3358,3226,132
123000011,2055,838,1217
123000012,722,1888,-1166
123000013,3970,883,3087
123000014,757,3340,-2583
123000015,2892,1189,1703
123000016,3620,4868,-1248
123000017,3335,1705,1630
123000018,88,94,-6
123000019,528,191,337
123000020,326,62,264
123000021,159,226,-67
123000022,350,1861,-1511
123000023,1963,2023,-60
123000024,1692,671,1021
123000025,112,111,1
123000026,3,126,-123
123000027,121,795,-674
123000028,1532,855,677
123000029,678,1619,-941
123000030,299,223,76
123000031,336,231,105
123000032,557,134,423
123000033,299,68,231
123000034,1248,731,517
123000035,629,478,151
123000036,418,1047,-629
123000037,328,364,-36
123000038,140,213,-73
123000039,560,1818,-1258
123000040,606,374,232
123000041,1147,1346,-199
123000042,643,565,78
123000043,2487,12997,-10510
123000044,3948,2736,1212
123000045,5287,3089,2198
123000046,599,1930,-1331
123000047,1502,983,519
123000048,111,1234,-1123
123000049,6138,12600,-6462
123000050,2042,1782,260
123000051,84,287,-203
123000052,1039,3719,-2680
123000053,3165,3016,149
123000054,1764,1627,137
123000055,1502,2960,-1458
123000056,1227,1684,-457
123000057,7542,7852,-310
123000058,731,1177,-446
123000059,441,595,-154
123000060,1106,444,662
123000061,289,754,-465
123000063,1211,1155,56
123000064,1297,273,1024
123000065,4086,2626,1460
123000066,530,603,-73
123000067,1282,526,756
123000068,2405,2414,-9
123000069,6665,2865,3800
123000070,244,680,-436
123000071,1597,917,680
123000072,1424,757,667
123000073,1685,761,924
123000074,1199,813,386
123000075,373,1355,-982
123000076,849,664,185
123000077,1957,1815,142
123000078,1959,1335,624
123000079,2263,1611,652
123000080,2818,1385,1433
123000081,155,444,-289
123000082,342,1012,-670
123000083,1193,299,894
123000084,787,417,370
123000085,513,55,458
123000086,765,134,631
123000087,513,237,276
123000088,1704,628,1076
123000089,783,990,-207
123000090,1339,784,555
123000091,1442,1127,315
123000092,828,1083,-255
123000094,626,190,436
123000095,770,692,78
123000096,761,359,402
123000097,615,496,119
123000098,760,429,331
123000099,553,453,100
123000100,520,732,-212
123000101,564,538,26
123000102,376,695,-319
123000104,563,498,65
123000105,672,516,156
123000106,528,480,48
123000107,399,434,-35
123000108,593,1039,-446
123000111,1161,371,790
123000112,1557,525,1032
123000113,593,910,-317
123000114,390,676,-286
123000115,419,273,146
123000116,53,83,-30
123000117,2166,1588,578
123000118,551,652,-101
123000119,287,607,-320
123000120,390,697,-307
123000121,493,483,10
123000122,381,245,136
123000123,498,460,38
123000124,395,424,-29
123000125,1394,1269,125
123000126,1257,4836,-3579
123000127,565,567,-2
123000128,272,283,-11
123000129,965,276,689
123000130,950,88,862
123000131,1322,885,437
123000132,271,539,-268
123000133,199,326,-127
123000134,320,160,160
123000135,2983,1417,1566
123000136,180,595,-415
123000137,142,267,-125
123000138,99,303,-204
123000139,603,148,455
123000140,144,589,-445
123000141,988,189,799
123000142,1023,950,73
123000143,943,1539,-596
123000144,53,28,25
123000145,143,144,-1
123000146,24,71,-47
123000147,64,71,-7
123000149,376,480,-104
123000150,157,242,-85
123000151,240,482,-242
123000152,95,402,-307
123000153,256,698,-442
123000154,1459,1863,-404
123000155,1918,1200,718
123000156,45,178,-133
123000157,550,761,-211
123000158,598,863,-265
123000159,3608,3342,266
123000160,1363,890,473
123000161,2528,1268,1260
123000162,1918,1793,125
123000163,633,164,469
123000164,1998,368,1630
123000165,400,1099,-699
123000166,39,108,-69
123000167,157,246,-89
123000168,268,185,83
123000169,1043,191,852
123000170,84,261,-177
123000171,1236,33,1203
123000172,157,448,-291
123000173,737,308,429
123000174,1186,571,615
123000175,527,1087,-560
123000176,1730,351,1379
123000177,374,896,-522
123000178,975,186,789
123000179,40,487,-447
123000180,2082,305,1777
123000181,384,983,-599
123000182,403,344,59
123000183,114,616,-502
123000184,116,425,-309
123000185,1101,346,755
123000186,3,502,-499
123000187,865,17,848
123000188,233,1,232
123000189,201,105,96
123000190,79,85,-6
123000192,18,353,-335
123000193,72,701,-629
123000194,367,258,109
123000195,464,49,415
123000196,525,19,506
123000197,73,101,-28
123000198,38,620,-582
123000199,10,603,-593
123000200,663,11,652
123000201,1383,22,1361
123000202,19,695,-676
123000203,1456,82,1374
123000204,76,856,-780
123000205,446,1265,-819
123000206,2763,284,2479
123000207,96,669,-573
123000208,672,219,453
123000209,2381,726,1655
123000210,462,1507,-1045
123000211,509,1852,-1343
123000212,3749,608,3141
123000213,689,111,578
123000215,67,289,-222
123000216,218,607,-389
123000217,251,41,210
123000218,59,772,-713
123000219,769,76,693
123000220,565,107,458
123000221,188,100,88
123000222,482,428,54
123000223,579,204,375
123000224,429,325,104
123000225,295,75,220
123000226,87,329,-242
123000227,55,299,-244
123000228,327,52,275
123000229,754,1059,-305
123000232,105,548,-443
123000233,934,164,770
123000234,164,605,-441
123000235,1594,316,1278
123000236,370,667,-297
123000237,342,121,221
123000238,78,396,-318
123000239,453,1124,-671
123000240,70,551,-481
123000241,357,90,267
123000242,292,174,118
123000243,891,791,100
123000244,885,704,181
123000245,37,135,-98
123000249,268,558,-290
123000252,1075,339,736
123000253,1773,564,1209
123000254,762,886,-124
123000255,1529,956,573
123000256,28,227,-199
123000257,2665,1732,933
123000258,1125,792,333
123000259,472,404,68
123000260,582,365,217
123000261,412,178,234
123000262,115,137,-22
123000263,507,85,422
123000264,216,114,102
123000265,41,127,-86
123000266,647,687,-40
123000267,1037,501,536
123000268,58,55,3
123000269,45,59,-14
123000270,40,56,-16
123000271,80,85,-5
123000272,715,264,451
123000273,302,745,-443
123000274,1297,666,631
123000275,297,689,-392
123000278,2742,2617,125
123000279,91,78,13
123000280,384,301,83
123000281,317,131,186
123000282,117,294,-177
123000283,150,56,94
123000284,75,57,18
123000286,170,328,-158
123000287,362,268,94
123000288,1292,1191,101
123000289,386,1248,-862
123000291,258,775,-517
123000294,194,197,-3
123000295,964,1065,-101
123000296,878,462,416
123000297,118,190,-72
123000298,206,163,43
123000299,7,68,-61
123000300,1245,870,375
123000301,175,330,-155
123000302,112,140,-28
123000303,154,210,-56
123000305,902,810,92
123000306,195,118,77
123000309,51,44,7
123000310,31,31,0
123000311,1,93,-92
123000312,466,651,-185
123000313,759,340,419
123000315,276,279,-3
123000316,1027,72,955
123000317,178,52,126
123000318,49,135,-86
123000329,33,25,8
123000337,819,417,402
123000338,372,71,301
123000339,334,84,250
123000340,148,311,-163
123000342,41,15,26
123000343,68,9,59
123000344,1047,418,629
123000345,379,620,-241
123000346,425,54,371
123000352,1204,827,377
123000353,59,87,-28
123000354,244,2,242
123000355,0,245,-245
123000356,521,10,511
123000357,0,145,-145
123000359,4,138,-134
123000360,199,62,137
123000361,204,286,-82
123000362,572,84,488
123000363,136,179,-43
123000364,646,642,4
123000365,33,431,-398
123000366,504,2262,-1758
123000367,319,898,-579
123000370,21,329,-308
123000371,709,53,656
123000372,421,24,397
123000373,4,283,-279
123000374,12,178,-166
123000375,456,33,423
123000376,898,574,324
123000377,567,8,559
123000378,19,285,-266
123000379,3,202,-199
123000380,38,462,-424
123000381,112,125,-13
123000382,895,141,754
123000383,130,1383,-1253
123000384,502,136,366
123000385,153,617,-464
123000436,61,1287,-1226
123000507,62,158,-96
123000508,121,1123,-1002
123000517,265,46,219
123000518,44,206,-162
123000519,178,76,102
123000520,38,220,-182
123000521,444,93,351
123000522,123,341,-218
123000541,11,1,10
123000542,0,15,-15
123000565,909,44,865
123000566,345,336,9
123000567,106,170,-64
123000573,41,693,-652
123000574,1087,62,1025
123000575,1642,926,716
123000576,1328,1187,141
123000577,79,650,-571
123000578,460,134,326
123000579,1431,6410,-4979
123000580,128,58,70
123000582,588,22,566
123000583,26,291,-265
123000584,162,322,-160
123000585,0,75,-75
123000586,104,2,102
123000596,66,64,2
123000597,84,104,-20
123000602,59,17,42
123000603,1015,594,421
123000604,477,451,26
123000605,691,128,563
123000606,1,337,-336
123000609,12,329,-317
123000610,298,159,139
123000613,19,224,-205
123000614,295,56,239
123000615,43,99,-56
123000616,1137,83,1054
123000617,169,249,-80
123000618,120,636,-516
123000619,665,75,590
123000620,38,375,-337
123000622,589,38,551
123000624,228,32,196
123000630,1551,497,1054
123000631,234,651,-417
123000632,669,482,187
123000633,1,169,-168
123000634,40,189,-149
123000635,59,72,-13
123000636,35,584,-549
123000637,128,38,90
123000638,461,20,441
123000639,851,5021,-4170
123000640,9,280,-271
123900001,845,29,816
123900002,16,1105,-1089
123900003,242,370,-128
123900005,266,235,31
123900006,365,59,306
124000001,2242,209,2033
124000002,61,1281,-1220
124000003,1125,160,965
124000004,76,442,-366
124000005,1396,708,688
124000006,283,830,-547
124000007,458,117,341
124000008,14,437,-423
124000009,807,286,521
124000010,232,351,-119
124000011,1216,379,837
124000012,401,410,-9
124000017,217,168,49
124000018,145,59,86
124000019,213,153,60
124000020,51,122,-71
124000021,175,104,71
124000022,130,198,-68
124000023,1345,1498,-153
124000024,953,337,616
124000025,1020,1667,-647
124000026,789,794,-5
124000027,4728,5311,-583
124000028,1518,3707,-2189
124000030,1926,1148,778
124000031,1566,4602,-3036
124000032,1812,858,954
124000033,196,272,-76
124000034,668,473,195
124000035,26,250,-224
124000036,48,127,-79
124000037,566,1222,-656
124000038,46,83,-37
124000039,1031,650,381
124000040,550,1370,-820
124000041,695,76,619
124000042,190,425,-235
124000043,122,89,33
124000044,49,185,-136
124000045,1041,623,418
124000046,361,484,-123
124000047,2398,827,1571
124000048,995,980,15
124000049,2238,640,1598
124000050,796,1225,-429
124000051,1172,535,637
124000052,663,688,-25
124000053,610,1809,-1199
124000054,880,383,497
124000055,1386,3377,-1991
124000056,1832,1110,722
124000057,1099,534,565
124000058,411,910,-499
124000059,728,1207,-479
124000060,836,528,308
124000061,1203,5556,-4353
124000062,2605,1603,1002
124000063,1095,1356,-261
124000064,1906,1163,743
124000065,16,421,-405
124000066,79,30,49
124000067,224,184,40
124000068,16,19,-3
124000069,193,13,180
124000070,64,148,-84
124000071,276,123,153
124000072,203,291,-88
124000073,1116,137,979
124000074,196,522,-326
124000075,506,34,472
124000076,8,146,-138
124000077,1318,788,530
124000078,2999,1368,1631
124000079,419,1351,-932
124000080,682,272,410
124000081,292,422,-130
124000082,46,162,-116
124000083,63,55,8
124000084,40,368,-328
124000085,118,22,96
124000086,63,117,-54
124000087,151,98,53
124000088,288,468,-180
124000089,999,475,524
124000090,143,274,-131
124000091,502,66,436
124000092,61,262,-201
124000093,146,93,53
124000094,331,509,-178
124000095,118,73,45
124000096,165,203,-38
124000097,107,164,-57
124000098,92,47,45
124000099,122,116,6
124000100,65,65,0
124000101,125,86,39
124000102,111,60,51
124000103,118,110,8
124000104,75,37,38
124000105,118,63,55
124000106,99,37,62
124000107,22,174,-152
124000108,37,23,14
124000109,131,96,35
124000110,145,82,63
124000111,206,159,47
124000112,765,477,288
124000113,133,88,45
124000114,320,324,-4
124000115,332,529,-197
124000116,120,178,-58
124000117,50,92,-42
124000118,38,93,-55
124000119,891,518,373
124000120,799,513,286
124000121,1229,695,534
124000122,510,1076,-566
124000123,1130,576,554
124000124,408,885,-477
124000125,496,590,-94
124000126,290,585,-295
124000127,913,425,488
124000128,640,841,-201
124000129,2143,1466,677
124000130,826,522,304
124000131,885,596,289
124000132,748,599,149
124000133,1035,898,137
124000134,1270,524,746
124000135,1829,1829,0
124000136,718,836,-118
124000137,1288,785,503
124000138,1530,1264,266
124000139,540,35,505
124000140,34,334,-300
124000141,331,18,313
124000142,55,142,-87
124000143,76,16,60
124000144,12,52,-40
124000145,226,54,172
124000146,73,68,5
124000148,68,137,-69
124000149,1560,566,994
124000150,399,665,-266
124000151,798,247,551
124000152,657,995,-338
124000153,1008,619,389
124000154,504,504,0
124000155,1281,720,561
124000156,979,798,181
124000169,228,581,-353
124000170,514,350,164
124000171,336,246,90
124000172,426,379,47
124000173,766,173,593
124000174,321,535,-214
124000175,28,74,-46
124000176,88,36,52
124000177,19,40,-21
124000178,111,115,-4
124000190,24,27,-3
124000191,39,47,-8
124000192,1624,459,1165
124000193,281,926,-645
124000194,364,395,-31
124000195,296,593,-297
124000196,702,870,-168
124000197,37,34,3
124000198,69,78,-9
124000201,349,667,-318
124000202,722,360,362
124000203,661,384,277
124000204,1170,253,917
124000205,121,311,-190
124000206,937,278,659
124000207,0,51,-51
124000209,214,301,-87
124000210,769,209,560
124000211,926,4,922
124000212,2,270,-268
124000213,614,213,401
124000214,482,389,93
124000215,477,48,429
124000216,4,285,-281
124000329,271,958,-687
124000338,184,496,-312
124000339,1379,152,1227
124000341,1955,113,1842
124000344,56,40,16
124000357,1277,2564,-1287
124000358,884,1445,-561
124000359,1721,696,1025
124000360,1402,518,884
124000361,1991,1070,921
124000362,893,1117,-224
124000363,297,319,-22
124000364,505,759,-254
124000365,515,824,-309
124000366,1047,762,285
124000367,91,339,-248
124000368,428,435,-7
124000369,116,80,36
124000370,71,335,-264
124000402,23,7,16
124000403,213,16,197
124000404,19,108,-89
124000405,1159,991,168
124000406,673,780,-107
124000407,0,26,-26
124000411,3,228,-225
124000412,512,15,497
124000413,119,31,88
124000414,77,90,-13
124000415,56,53,3
124000416,123,117,6
124000417,134,85,49
124000418,189,72,117
124000419,94,71,23
124000420,132,43,89
124000421,42,74,-32
124000422,17,9,8
124000423,144,34,110
124000424,2,52,-50
124000425,54,19,35
124000426,4,33,-29
124000427,47,8,39
124000428,1,52,-51
124000429,119,66,53
124000430,804,411,393
124000431,328,581,-253
124000432,243,507,-264
124000439,3,6,-3
124000442,16,80,-64
124000443,3,11,-8
124000445,80,537,-457
124000446,317,48,269
124900001,567,345,222
124900002,234,286,-52
124900003,1159,453,706
124900004,721,272,449
124900005,286,135,151
124900006,705,251,454
124900008,1154,502,652
124900009,255,736,-481
124900010,327,170,157
124900011,1113,266,847
124900012,1044,159,885
124900013,465,128,337
124900014,304,58,246
124900015,189,698,-509
124900016,73,169,-96
124900017,591,2099,-1508
124900018,55,10,45
124900019,624,57,567
124900020,240,118,122
124900021,475,89,386
124900022,50,8,42
124900024,374,14,360
124900026,101,20,81
124900027,163,534,-371
124900028,543,115,428
124900029,18,535,-517
124900030,8,134,-126
124900031,74,355,-281
124900032,194,204,-10
124900033,111,303,-192
124900034,13,107,-94
124900035,169,475,-306
124900036,1,54,-53
124900037,177,260,-83
124900038,234,156,78
124900039,2,59,-57
124900040,137,107,30
124900041,192,548,-356
124900042,110,2,108
124900043,432,553,-121
124900044,87,5,82
124900045,589,880,-291
124900046,1233,445,788
124900047,121,169,-48
124900048,155,72,83
124900050,101,145,-44
124900052,166,604,-438
124900053,159,243,-84
124900054,1088,546,542
124900055,1,202,-201
124900057,3,46,-43
124900060,82,190,-108
124900061,97,10,87
124900062,224,24,200
124900066,0,11,-11
124900067,7,96,-89
124900068,331,1245,-914
124900069,158,170,-12
124900070,131,33,98
124900072,186,23,163
124900074,500,216,284
124900075,238,157,81
124900076,32,1337,-1305
124900077,32,109,-77
124900078,97,10,87
124900079,367,217,150
124900080,247,364,-117
124900081,1075,251,824
124900082,274,411,-137
124900083,267,339,-72
124900084,962,132,830
124900085,672,606,66
124900086,89,1318,-1229
124900087,379,113,266
124900088,440,80,360
124900089,953,37,916
124900090,565,291,274
124900091,370,245,125
124900092,316,232,84
124900093,559,238,321
124900094,572,306,266
124900095,141,656,-515
124900096,671,427,244
124900097,440,82,358
124900098,160,336,-176
124900099,674,497,177
124900100,455,42,413
124900101,131,489,-358
124900102,254,26,228
124900103,98,155,-57
124900104,50,121,-71
124900105,136,98,38
124900106,506,68,438
124900107,137,25,112
124900108,113,101,12
124900109,93,95,-2
124900110,372,242,130
124900111,0,68,-68
124900112,106,513,-407
129000186,178,55,123
204000001,29,2,27
204000002,6,0,6
204000003,28,5,23
204000004,4,2,2
204000005,610,390,220
204000006,1293,1106,187
204000008,827,518,309
204000011,8,41,-33
204000012,65,51,14
204000013,2,11,-9
204000019,732,407,325
204000020,776,396,380
204000021,1046,655,391
204000022,668,391,277
204000023,588,561,27
204000031,17,3,14
204000032,370,29,341
204000034,33,227,-194
204000035,5,0,5
204000036,3,15,-12
204000037,0,17,-17
204000038,2,10,-8
204000039,27,18,9
204000040,4,15,-11
204000041,11,13,-2
204000042,47,11,36
204000043,53,3,50
204000044,63,3,60
204000045,116,3,113
204000046,13,8,5
204000057,11,15,-4
204000062,3,13,-10
204000068,25,158,-133
204000069,5,275,-270
204000070,71,66,5
204000080,43,59,-16
204000085,1869,1626,243
204000086,1754,1449,305
204000087,47,3,44
204000088,7,62,-55
204000090,24,245,-221
204000093,500,63,437
204000096,1010,873,137
204000097,731,9,722
204000099,1106,1229,-123
204000100,1594,1699,-105
204000105,2129,1245,884
204000110,447,854,-407
204000111,458,520,-62
204000112,568,477,91
204000113,752,723,29
204000114,1289,725,564
204000115,623,357,266
204000116,500,449,51
204000119,2010,2499,-489
204000132,765,341,424
204000133,1015,182,833
204000134,237,99,138
204000135,499,74,425
204000136,572,193,379
204000138,445,386,59
204000140,250,110,140
204000141,146,58,88
204000144,4,27,-23
204000145,537,49,488
204000146,29,306,-277
204000147,15,109,-94
204000148,333,21,312
204000154,6,2,4
204000155,2,4,-2
204000177,88,39,49
204000179,49,3,46
204000180,0,28,-28
204000222,3,13,-10
204000235,27,15,12
204000236,67,154,-87
204000238,32,16,16
204000240,432,60,372
204000308,135,11,124
204000317,12,64,-52
204000322,8,66,-58
204000323,9,4,5
204000328,311,36,275
204000329,46,182,-136
204000330,197,10,187
204000331,27,47,-20
204010341,8,262,-254
205000001,637,1221,-584
205000013,2,50,-48
205000014,19,70,-51
205000015,30,160,-130
205000016,14,134,-120
205000017,21,99,-78
205000022,174,656,-482
205000025,957,851,106
205000029,262,14,248
205000045,126,485,-359
205000047,47,334,-287
205000048,277,512,-235
205000049,202,567,-365
205000050,393,246,147
205000059,0,155,-155
205000060,4,86,-82
205000061,3,96,-93
205000062,3,96,-93
205000063,21,119,-98
205000064,25,63,-38
205000065,51,476,-425
205000066,101,458,-357
205000067,34,536,-502
205000069,214,22,192
205000082,191,141,50
205000110,39,186,-147
205000111,145,181,-36
205000112,215,217,-2
205000113,191,268,-77
205000121,285,52,233
205000123,40,238,-198
205000126,450,72,378
205000127,759,134,625
205000128,395,47,348
205000129,663,89,574
205000130,149,28,121
205000131,76,8,68
205000132,130,2,128
205000133,75,4,71
205000134,261,1,260
205000137,44,161,-117
205000138,181,235,-54
205000139,16,83,-67
205000144,90,105,-15
205000145,403,177,226
205000151,165,30,135
205000152,233,16,217
205000153,247,16,231
205000154,184,50,134
205000155,117,17,100
205000207,9,130,-121
205000233,11,0,11
205000234,0,2,-2
205000243,0,0,0
205000244,0,3,-3
205000245,2,121,-119
205000249,1,16,-15
205000250,7,0,7
205000251,102,323,-221
205000264,6,108,-102
206000027,6,3,3
206000028,19,6,13
206000043,5,42,-37
206000053,4,13,-9
206000054,5,24,-19
206000055,3,17,-14
206000075,21,18,3
206000076,31,21,10
206000077,21,8,13
206000078,20,7,13
206000079,17,6,11
206000082,402,96,306
206000100,31,394,-363
206000103,1,15,-14
206000104,13,15,-2
206000105,14,8,6
206000106,3,17,-14
206000108,697,40,657
206000125,70,0,70
206000157,44,525,-481
206000170,1,120,-119
206000171,1,165,-164
206000172,26,296,-270
206000173,1,115,-114
206000174,18,60,-42
206000175,4,78,-74
206000176,22,99,-77
206000177,1,88,-87
206000178,2,141,-139
206000179,12,89,-77
206000180,11,102,-91
206000181,10,72,-62
206000182,8,81,-73
206000183,20,272,-252
206000184,1,192,-191
206000185,3,84,-81
206000186,89,445,-356
206000223,11,161,-150
206000226,21,3,18
206000227,24,6,18
206000237,23,171,-148
206000238,12,288,-276
206000239,179,1272,-1093
206000240,3,41,-38
206000241,0,50,-50
206000242,8,97,-89
206000243,4,75,-71
206000244,59,263,-204
206000245,1161,66,1095
206000246,344,15,329
206000247,403,7,396
206000248,580,22,558
206000252,55,46,9
206000258,16,37,-21
206000315,34,9,25
206000317,715,142,573
206000318,575,86,489
206000319,2386,100,2286
206000320,337,43,294
206000321,340,15,325
206000322,909,19,890
206000323,245,7,238
206000324,280,5,275
206000325,315,23,292
206000326,320,22,298
206000327,118,8,110
206000328,228,7,221
206000329,350,7,343
206000330,90,5,85
206000331,327,1,326
206000332,70,3,67
206000333,939,9,930
206000334,394,1,393
206000335,0,17,-17
206000361,3,166,-163
206000392,1,9,-8
206000405,134,1,133
206000441,39,29,10
206000498,35,3,32
206000515,85,30,55
206000530,359,92,267
206000531,250,327,-77
206000532,1717,379,1338
206000535,170,1272,-1102
206000536,20,84,-64
206000537,23,110,-87
206000613,1862,275,1587
207000001,90,512,-422
207000002,110,270,-160
207000003,137,100,37
207000007,1348,259,1089
207000008,180,8,172
207000009,63,47,16
207000010,396,317,79
207000012,482,231,251
207000015,249,723,-474
207000019,230,66,164
207000021,614,152,462
207000022,240,118,122
207000023,272,30,242
207000024,3,9,-6
207000025,24,92,-68
207000026,83,29,54
207000027,19,47,-28
207000028,35,130,-95
207000029,169,277,-108
207000033,281,436,-155
207000034,255,126,129
207000039,629,112,517
207000040,539,89,450
207000041,194,37,157
207000042,423,59,364
207000043,216,165,51
207000051,116,178,-62
207000052,62,95,-33
207000053,374,387,-13
207000054,41,77,-36
207000055,180,113,67
207000056,315,226,89
207000057,126,181,-55
207000058,145,196,-51
207000059,81,283,-202
207000060,58,133,-75
207000061,141,566,-425
207000062,346,30,316
207000063,416,68,348
207000064,465,147,318
207000065,477,192,285
207000066,271,147,124
207000067,60,76,-16
207000068,149,37,112
207000069,797,300,497
207000082,11,129,-118
207000083,62,191,-129
207000084,392,235,157
207000085,295,30,265
207000086,297,3,294
207000106,45,23,22
207000107,94,16,78
207000108,46,13,33
207000109,57,27,30
207000110,56,96,-40
207000111,89,85,4
207000112,135,693,-558
207000114,23,40,-17
207000115,11,57,-46
207000116,32,327,-295
207000117,8,65,-57
207000118,11,65,-54
207000119,51,48,3
207000123,205,17,188
207000124,69,41,28
207000125,66,46,20
207000126,79,29,50
207000134,111,111,0
207000135,34,121,-87
207000148,101,362,-261
207000149,59,28,31
207000152,69,329,-260
207000153,595,1165,-570
207000154,308,160,148
207000159,107,177,-70
207000160,157,242,-85
207000238,0,131,-131
207000242,7,102,-95
207000248,21,23,-2
207000249,125,21,104
207000250,397,51,346
207000251,78,83,-5
207000252,70,40,30
207000278,134,88,46
207000279,15,93,-78
207000280,836,79,757
207000281,134,459,-325
207000282,106,101,5
207000283,47,140,-93
207000284,31,275,-244
207000285,65,55,10
207000291,14,101,-87
207000304,110,36,74
207000306,81,382,-301
207000310,92,80,12
207000353,177,1,176
207000356,9,59,-50
207000357,8,8,0
207000415,1,136,-135
207000417,44,2,42
207000437,1,2,-1
207000439,730,879,-149
207000446,199,3,196
207000460,69,12,57
207000466,238,106,132
207000476,13,45,-32
207000477,942,63,879
207000523,0,10,-10
207000524,34,0,34
207000527,129,132,-3
207000530,559,5,554
207000531,447,10,437
207000532,125,24,101
207000534,245,36,209
207000535,25,365,-340
207000537,11,77,-66
207000540,5,130,-125
207000541,5,187,-182
207000548,7,128,-121
207000549,320,12,308
207000561,189,191,-2
207000562,27,110,-83
207000567,114,173,-59
207000568,354,66,288
207000569,644,498,146
207000584,254,175,79
207000585,53,351,-298
207000616,0,73,-73
207000617,219,0,219
207900008,339,64,275
208000001,665,1046,-381
208000002,745,417,328
208000003,1159,335,824
208000004,1020,587,433
208000005,6,22,-16
208000019,788,863,-75
208000020,219,488,-269
208000021,247,293,-46
208000022,1041,440,601
208000028,923,1313,-390
208000033,620,477,143
208000034,1201,1243,-42
208000040,331,159,172
208000041,839,595,244
208000042,965,641,324
208000047,142,203,-61
208000064,2252,1373,879
208000066,1629,2702,-1073
208000070,410,315,95
208000071,502,617,-115
208000072,460,1014,-554
208000080,346,294,52
208000081,354,89,265
208000082,359,187,172
208000083,138,290,-152
208000084,15,21,-6
208000085,701,512,189
208000086,529,832,-303
208000087,461,623,-162
208000089,1158,322,836
208000090,1002,444,558
208000093,209,193,16
208000094,531,383,148
208000095,850,415,435
208000104,1277,692,585
208000105,783,800,-17
208000114,136,348,-212
208000115,602,349,253
208000116,695,1008,-313
208000117,151,147,4
208000118,101,150,-49
208000155,738,922,-184
208000158,1304,3698,-2394
208000186,3014,3973,-959
208000204,752,964,-212
208000205,1291,850,441
208000282,4207,3102,1105
209000004,351,185,166
209000005,64,35,29
209000006,499,144,355
209000007,289,289,0
209000010,383,118,265
209000011,175,254,-79
209000012,94,92,2
209000013,231,230,1
209000014,402,625,-223
209000025,436,39,397
209000026,848,80,768
209000027,447,534,-87
209000028,481,490,-9
209000029,396,479,-83
209000030,341,868,-527
209000031,1558,1243,315
209000034,199,208,-9
209000035,129,140,-11
209000036,185,83,102
209000037,331,164,167
209000038,190,118,72
209000039,73,132,-59
209000040,314,503,-189
209000041,227,364,-137
209000042,347,338,9
209000043,779,755,24
209000044,309,757,-448
209000045,1149,449,700
209000046,593,541,52
209000047,396,226,170
209000048,585,395,190
209000049,107,51,56
209000050,140,56,84
209000051,234,112,122
209000052,129,127,2
209000062,44,68,-24
209000063,71,51,20
209000064,29,42,-13
209000065,83,41,42
209000066,102,27,75
209000067,118,26,92
209000080,26,145,-119
209000082,111,17,94
209000091,38,88,-50
209000093,62,16,46
209000094,96,172,-76
209000110,28,94,-66
209000111,664,1592,-928
209000112,1351,441,910
209000113,2060,477,1583
209000114,1008,404,604
209000115,53,63,-10
209000116,274,244,30
209000118,25,29,-4
209000119,14,15,-1
209000121,102,318,-216
209000135,88,153,-65
209000142,649,2077,-1428
209000143,48,44,4
209000144,63,122,-59
209000229,276,173,103
209000240,35,162,-127
209000259,57,63,-6
209000260,29,1001,-972
209000261,12,880,-868
209000262,3,576,-573
209000263,0,135,-135
209000264,1,235,-234
209000265,402,0,402
209000266,192,0,192
209000267,1817,12,1805
209000268,944,98,846
210000037,89,56,33
210000047,92,17,75
210000048,131,28,103
210000049,59,10,49
210000052,84,80,4
210000053,31,36,-5
210000054,56,57,-1
210000070,157,5,152
210000071,120,0,120
210000072,24,0,24
210000073,0,18,-18
210000074,1,96,-95
210000075,2,97,-95
210000076,13,114,-101
210000077,14,49,-35
210000078,25,57,-32
210000079,27,18,9
210000080,90,78,12
210000081,185,20,165
210000082,67,2,65
210000083,52,1,51
210000084,60,0,60
210000085,0,56,-56
210000086,2,88,-86
210000099,69,207,-138
210000100,48,136,-88
210000101,85,155,-70
210000105,39,160,-121
210000159,1,218,-217
210000163,162,270,-108
210000164,240,200,40
210000168,141,57,84
210000187,0,28,-28
210000188,1,12,-11
210000214,19,0,19
210000219,54,59,-5
210000220,144,52,92
210000232,3,15,-12
210000233,49,58,-9
210000234,24,100,-76
210000235,89,66,23
210000245,0,45,-45
210000246,20,1,19
210000258,21,111,-90
210000259,382,70,312
210000282,65,201,-136
210000285,0,131,-131
210000286,26,136,-110
210000295,56,130,-74
210000296,50,48,2
210000320,244,64,180
210000321,156,39,117
210000338,67,58,9
210000339,294,1102,-808
210000340,107,366,-259
210000341,263,236,27
210000342,187,193,-6
210000343,196,169,27
210000344,138,96,42
210000345,142,198,-56
210000346,68,109,-41
210000347,59,38,21
210000348,110,26,84
210000349,47,29,18
210000350,126,45,81
210000351,193,101,92
210000352,61,48,13
210000353,47,63,-16
210000354,69,52,17
210000355,58,54,4
210000356,22,43,-21
210000357,46,47,-1
210000358,192,98,94
210000359,71,83,-12
210000360,130,108,22
210000361,184,107,77
210000362,278,166,112
210000363,507,212,295
210000364,94,140,-46
210000365,150,30,120
210000366,127,45,82
210000367,98,36,62
210000368,125,43,82
210000369,15,34,-19
210000370,52,29,23
210000372,31,30,1
210000373,18,19,-1
210000374,62,19,43
210000375,27,31,-4
210000376,64,94,-30
210000404,53,93,-40
210000439,53,25,28
210000472,64,3,61
210000482,70,121,-51
210000564,225,346,-121
210000568,284,3,281
211000092,36,30,6
211000094,32,6,26
211000169,178,11,167
211000172,10,92,-82
211000209,24,14,10
211000275,20,9,11
211000276,107,35,72
211000279,15,17,-2
211000281,95,19,76
211507980,0,32,-32
211977296,66,1,65
212000003,141,52,89
212000004,26,31,-5
212000005,12,26,-14
212000006,37,41,-4
212000008,180,120,60
212000009,41,74,-33
212000012,93,66,27
212000013,46,48,-2
212000014,331,134,197
212000015,290,230,60
212000016,549,482,67
212000027,627,307,320
212000028,394,287,107
212000029,239,183,56
212000030,56,21,35
212000031,86,29,57
212000048,30,215,-185
212000049,18,165,-147
212000050,39,15,24
212000051,276,156,120
212000052,210,205,5
212000053,378,331,47
212000054,376,73,303
212000055,318,145,173
212000056,21,26,-5
212000057,10,12,-2
212000058,174,29,145
212000070,120,181,-61
212000077,142,365,-223
212000099,345,218,127
212000108,213,141,72
212000111,283,79,204
212000120,102,63,39
212000138,156,31,125
212000156,7,75,-68
212000158,12,20,-8
212000159,574,36,538
212000160,777,210,567
212000161,70,9,61
212000310,63,7,56
212000311,10,59,-49
212000374,45,11,34
213000001,43,397,-354
213000005,661,154,507
213000006,1154,284,870
213000007,92,5,87
213000009,627,439,188
213000010,234,287,-53
213000011,228,115,113
213000012,136,240,-104
213000014,99,13,86
213000015,306,2,304
213000016,543,5,538
213000017,59,0,59
213000018,0,97,-97
213000019,2,125,-123
213000020,126,303,-177
213000021,16,94,-78
213000023,514,158,356
213000033,336,1715,-1379
213000034,787,236,551
213000035,109,177,-68
213000045,170,268,-98
213000046,215,157,58
213000047,516,1351,-835
213000056,121,32,89
213000069,48,2,46
213000073,1,25,-24
213000074,60,328,-268
213000075,595,6,589
213000085,7,38,-31
213000086,19,162,-143
213000091,424,13,411
213000092,22,3,19
213000099,154,1078,-924
213000100,1185,272,913
213000101,580,151,429
213000102,688,264,424
213000103,1077,886,191
213000104,82,333,-251
213000105,2,200,-198
213000106,23,95,-72
213000107,159,332,-173
213000108,32,341,-309
213000109,6,165,-159
213000110,20,67,-47
213000111,14,67,-53
213000112,135,91,44
213000115,54,6,48
213000116,48,306,-258
213000117,6,567,-561
213000118,572,191,381
213000119,47,521,-474
213000120,125,397,-272
213000122,94,407,-313
213000123,311,881,-570
213000124,123,1117,-994
213000125,178,19,159
213000126,81,203,-122
213000127,83,258,-175
213000128,299,1024,-725
213000129,332,798,-466
213000130,1009,309,700
213000132,664,113,551
213000133,663,115,548
213000134,1178,20,1158
213000136,644,8,636
213000137,896,83,813
213000139,173,20,153
213000147,64,13,51
213000148,19,6,13
213000149,42,2,40
213000150,0,136,-136
213000151,2,121,-119
213000152,1,95,-94
213000153,6,82,-76
213000154,39,429,-390
213000155,92,217,-125
213000156,164,393,-229
213000157,651,331,320
213000158,491,892,-401
213000159,896,447,449
213000163,1385,141,1244
213000165,1110,288,822
213000171,1,48,-47
213000172,1,207,-206
213000173,12,177,-165
213000174,7,147,-140
213000175,34,122,-88
213000176,320,60,260
213000177,223,12,211
213000178,267,9,258
213000179,315,3,312
213000180,334,0,334
213000184,90,418,-328
213000188,429,124,305
213000189,636,36,600
213000190,1104,665,439
213000191,521,283,238
213000192,299,252,47
213000193,562,288,274
213000194,2,106,-104
213000195,39,316,-277
213000196,306,1246,-940
213000197,552,449,103
213000198,72,8,64
213000200,148,674,-526
213000201,37,42,-5
213000202,17,381,-364
213000203,2947,560,2387
213000204,801,69,732
213000205,558,74,484
213000206,397,39,358
213000207,63,4,59
213000208,67,7,60
213000209,138,18,120
213000210,296,3,293
213000211,20,23,-3
213000212,6,36,-30
213000213,9,33,-24
213000218,246,406,-160
213000219,677,15,662
213000220,696,12,684
213000223,205,187,18
213000224,39,59,-20
213000225,155,12,143
213000226,83,6,77
213000227,1157,187,970
213000228,455,57,398
213000229,98,22,76
213000230,513,29,484
213000232,48,935,-887
213000233,8,841,-833
213000234,1,19,-18
213000293,26,69,-43
213000294,87,21,66
213000295,10,102,-92
213000296,47,12,35
213000297,11,67,-56
213000298,9,71,-62
213000299,56,21,35
213000300,5,9,-4
213000303,2,27,-25
213000304,6,11,-5
213000305,1,10,-9
213000306,53,34,19
213000307,125,39,86
213000308,93,173,-80
213000309,206,31,175
213000310,536,143,393
213000311,254,829,-575
213000315,73,86,-13
213000316,193,49,144
213000322,107,102,5
213000323,104,52,52
213000324,192,76,116
213000325,145,75,70
213000326,168,60,108
213000327,159,89,70
213000328,149,205,-56
213000329,183,63,120
213000340,148,365,-217
213000341,721,106,615
213000347,627,620,7
213000348,9,135,-126
213000349,9,10,-1
213000350,250,843,-593
213000366,81,226,-145
213000367,261,15,246
213000379,70,48,22
213000386,8,332,-324
213000406,69,369,-300
213000417,1542,549,993
213000425,327,41,286
213000426,146,55,91
213000427,64,184,-120
213000428,78,157,-79
213000429,23,5,18
213000430,153,466,-313
213000431,27,2,25
213000432,26,58,-32
213000433,19,110,-91
213000434,100,111,-11
213000435,158,86,72
213000436,48,34,14
213000437,5,20,-15
213000438,144,121,23
213000439,43,12,31
213000440,22,296,-274
213000441,6,0,6
213000442,5,56,-51
213000443,421,315,106
213000444,56,47,9
213000445,0,95,-95
213000446,2,52,-50
213000447,5,43,-38
213000448,14,143,-129
213000449,643,8,635
213000450,15,28,-13
213000451,361,87,274
213000452,27,21,6
213000453,37,263,-226
213000455,211,15,196
213000456,2,333,-331
213000481,3,8,-5
213000484,54,5,49
213000489,312,51,261
213900002,0,102,-102
213900003,121,1,120
213900013,1,91,-90
213900015,0,7,-7
213900016,10,13,-3
213900020,20,72,-52
213900030,0,41,-41
213900032,226,161,65
213900033,139,39,100
213900034,762,78,684
213900035,227,320,-93
213900036,146,134,12
213900037,30,251,-221
213900038,564,157,407
213900039,0,56,-56
213900041,1,159,-158
213900042,243,298,-55
213900043,392,152,240
213900244,96,0,96
213900245,0,17,-17
218000003,21,18,3
218000004,10,13,-3
218000005,30,40,-10
218000006,63,30,33
218000007,16,23,-7
218000012,155,133,22
218000013,199,206,-7
218000014,593,637,-44
218000019,1020,911,109
218000020,428,546,-118
218000021,46,47,-1
218000022,12,8,4
218000023,9,12,-3
218000024,2,10,-8
218000025,10,10,0
218000026,8,15,-7
218000027,1,5,-4
218000028,3,3,0
218000029,3,6,-3
218000030,22,12,10
218000031,3,14,-11
218000032,0,16,-16
218000039,37,58,-21
218000040,6,4,2
218000046,48,72,-24
218000047,17,119,-102
218000048,75,59,16
218000049,95,92,3
218000050,378,191,187
218000051,86,199,-113
218000052,6,58,-52
218000053,5,17,-12
218000054,6,77,-71
218000055,1,22,-21
218000056,15,32,-17
218000057,3,40,-37
218000064,14,30,-16
218000065,234,51,183
218000066,17,131,-114
218000067,86,106,-20
218000068,225,125,100
218000069,376,151,225
218000070,295,260,35
218000071,335,191,144
218000072,323,245,78
218000078,842,477,365
218000079,270,164,106
218000080,271,69,202
218000081,821,231,590
218000082,115,115,0
218000083,102,61,41
218000084,313,103,210
218000085,287,396,-109
218000086,92,167,-75
218000087,278,170,108
218000090,15,121,-106
218000091,757,220,537
218000092,125,192,-67
218000093,96,57,39
218000094,262,214,48
218000099,374,1216,-842
218000100,388,464,-76
218000101,448,178,270
218000102,707,288,419
218000103,191,191,0
218000104,137,70,67
218000105,116,37,79
218000107,130,91,39
218000108,17,55,-38
218000112,143,93,50
218000117,221,226,-5
218000134,636,423,213
218000135,24,71,-47
218000136,191,117,74
218000137,216,94,122
218000138,60,62,-2
218000139,215,238,-23
218000140,631,216,415
218000141,96,82,14
218000142,169,137,32
218000143,100,301,-201
218000144,33,108,-75
218000145,583,451,132
218000146,220,291,-71
218000151,25,39,-14
218000152,156,62,94
218000153,12,5,7
218000154,12,4,8
218000155,28,6,22
218000156,46,11,35
218000157,39,9,30
218000158,11,2,9
218000159,7,5,2
218000160,5,7,-2
218000161,34,2,32
218000162,23,0,23
218000163,14,1,13
218000164,42,7,35
218000165,86,12,74
218000170,10,43,-33
218000171,75,15,60
218000172,13,15,-2
218000173,37,18,19
218000174,32,11,21
218000176,269,39,230
218000177,450,243,207
218000178,95,208,-113
218000179,155,50,105
218000180,129,20,109
218000181,264,33,231
218000187,18,22,-4
218000188,36,38,-2
218000189,21,63,-42
218000190,22,16,6
218000191,189,26,163
218000192,350,172,178
218000193,667,282,385
218000194,156,294,-138
218000195,154,63,91
218000196,496,379,117
218000197,548,396,152
218000198,17,66,-49
218000199,52,24,28
218000200,83,22,61
218000201,16,9,7
218000202,56,289,-233
218000207,6,19,-13
218000208,20,21,-1
218000211,42,19,23
218000212,0,8,-8
218000213,113,127,-14
218000214,10,36,-26
218000215,36,32,4
218000217,2,46,-44
218000218,198,54,144
218000219,23,24,-1
218000220,60,444,-384
218000221,524,222,302
218000222,2,48,-46
218000223,41,537,-496
218000224,27,201,-174
218000225,255,21,234
218000226,217,59,158
218000230,1,4,-3
218000232,65,69,-4
218000234,37,9,28
218000239,107,11,96
218000240,11,1,10
218000241,35,0,35
218000242,20,7,13
218000243,13,5,8
218000244,37,5,32
218000245,16,1,15
218000246,0,0,0
218000247,0,0,0
218000248,1,36,-35
218000249,1,5,-4
218000250,2,14,-12
218000251,6,22,-16
218000252,2,41,-39
218000253,3,49,-46
218000254,0,30,-30
218000255,0,16,-16
218000256,9,58,-49
218000267,119,390,-271
218000268,10,28,-18
218000269,1,10,-9
218000270,38,29,9
218000271,12,13,-1
218000273,23,2,21
218000274,17,0,17
218000275,19,36,-17
218000276,19,17,2
218000278,5,28,-23
218000279,35,33,2
218000280,7,10,-3
218000281,14,16,-2
218000282,270,180,90
218000284,55,7,48
218000301,179,113,66
218000302,172,80,92
218000303,13,27,-14
218000316,797,767,30
218000317,1500,856,644
218000318,926,577,349
218000319,1148,574,574
218000320,838,475,363
218000338,22,16,6
218000339,15,14,1
218000342,101,79,22
218000343,200,64,136
218000345,5,6,-1
218000346,4,44,-40
218000353,76,13,63
218000354,62,72,-10
218000459,23,190,-167
218000490,32,45,-13
218000501,270,89,181
218000502,107,78,29
218000503,250,71,179
218000504,307,103,204
218000505,128,177,-49
218000506,94,487,-393
218000508,7,6,1
218000510,327,50,277
218000520,166,174,-8
218000522,0,130,-130
218000523,106,0,106
218000524,12,261,-249
218000525,126,8,118
218000526,27,180,-153
218000530,12,3,9
218000531,66,30,36
218000532,58,42,16
218000537,9,4,5
218000538,131,251,-120
218000539,92,29,63
218000540,211,85,126
218000543,156,45,111
218000544,32,54,-22
218000545,75,43,32
218000546,60,58,2
218000547,116,110,6
218000548,168,95,73
218000549,690,505,185
218000550,219,255,-36
218000551,85,915,-830
218000552,269,45,224
218000553,8,55,-47
218000554,16,21,-5
218000555,21,21,0
218000556,51,174,-123
218000557,350,45,305
218000558,46,0,46
218000559,0,43,-43
218000560,0,38,-38
218000561,12,0,12
218000562,35,152,-117
218000563,208,19,189
218000564,9,137,-128
218000565,137,46,91
218000566,140,41,99
218000567,2,105,-103
218000568,34,6,28
218000569,12,294,-282
218000570,88,9,79
218000571,1,67,-66
218000572,136,1,135
218000573,17,166,-149
218000574,56,20,36
218000575,122,1,121
218000576,0,88,-88
218000577,133,6,127
218000578,3,90,-87
218000579,48,9,39
218000581,2,37,-35
218000582,40,3,37
218000583,1,0,1
218000584,0,11,-11
218000585,53,4,49
218000586,12,18,-6
218000587,0,0,0
218000588,2,9,-7
218000589,1,12,-11
218000590,7,0,7
218000591,2,8,-6
218000592,18,1,17
218000593,1,0,1
218000594,3,0,3
218000595,0,0,0
218000596,3,0,3
218000597,0,1,-1
218000598,0,0,0
218000599,0,0,0
218000600,0,0,0
218000601,0,0,0
218000602,0,5,-5
218000603,0,3,-3
218000604,3,1,2
218000605,0,16,-16
218000606,56,0,56
218000607,7,44,-37
218000608,64,23,41
218000609,3,32,-29
218000610,60,4,56
218000611,30,0,30
218000612,0,7,-7
218000613,32,0,32
218000614,2,43,-41
218000615,199,3,196
218000616,4,126,-122
218000617,20,1,19
218000618,0,8,-8
218000619,38,22,16
218000620,12,42,-30
218000621,0,2,-2
218000622,0,31,-31
218000623,108,4,104
218000624,3,23,-20
218000625,0,1,-1
218000626,0,4,-4
218000628,128,30,98
218000632,7,101,-94
218000633,134,1,133
218000634,4,21,-17
218000635,5,5,0
218000636,928,805,123
218000637,1048,407,641
218000638,320,25,295
218000639,47,110,-63
218000640,432,24,408
218000641,57,189,-132
218000652,37,50,-13
218000653,215,54,161
218000675,14,10,4
218000676,4,23,-19
218000677,10,3,7
218000703,3,29,-26
218000718,148,1113,-965
218000719,304,678,-374
218000720,1,216,-215
218000721,86,19,67
218000725,4,4,0
218001214,5,45,-40
219000001,36,56,-20
219000002,36,44,-8
219000003,91,39,52
219000004,75,60,15
219000017,76,47,29
219000020,171,53,118
219000022,144,11,133
219000023,108,0,108
219000029,4,43,-39
219000034,52,36,16
219000039,76,131,-55
219000040,43,62,-19
219000041,122,16,106
219000051,0,42,-42
219000052,0,39,-39
219000053,1,64,-63
219000054,347,309,38
219000055,220,1,219
219000056,8,1,7
219000057,100,0,100
219000062,9,59,-50
219000063,88,8,80
219000110,339,87,252
219000111,172,56,116
219000112,171,46,125
219000113,190,40,150
219000114,235,87,148
219000116,108,51,57
219000117,126,48,78
219000118,158,52,106
219000123,182,62,120
219000124,184,65,119
219000125,21,8,13
219000126,41,124,-83
219000127,3,4,-1
219000128,14,112,-98
219000129,14,116,-102
219000130,240,394,-154
219000131,562,921,-359
219000133,30,50,-20
219000134,14,26,-12
219000135,58,125,-67
219000136,82,221,-139
219000138,92,18,74
219000139,56,30,26
219000140,98,0,98
219000141,42,78,-36
219000142,18,76,-58
219000143,9,75,-66
219000145,21,39,-18
219000146,11,22,-11
219000147,0,16,-16
219000148,1,21,-20
219000149,9,70,-61
219000150,6,43,-37
219000151,4,26,-22
219000157,235,122,113
219000158,167,173,-6
219000161,95,22,73
219000163,1048,512,536
219000166,116,210,-94
219000167,100,188,-88
219000168,380,97,283
219000174,536,122,414
219000175,146,7,139
219000176,152,9,143
219000177,75,1,74
219000178,85,1,84
219000179,39,7,32
219000180,64,46,18
219000182,136,17,119
219000183,86,37,49
219000184,118,14,104
219000185,1,50,-49
219000186,55,21,34
219000187,22,93,-71
219000189,82,191,-109
219000190,55,174,-119
219000191,409,1346,-937
219000192,162,141,21
219000193,170,132,38
219000195,2,55,-53
219000196,4,95,-91
219000198,26,87,-61
219000199,72,218,-146
219000200,31,147,-116
219000201,63,135,-72
219000203,28,71,-43
219000204,78,264,-186
219000205,51,228,-177
219000207,120,220,-100
219000209,37,64,-27
219000210,47,92,-45
219000213,4,124,-120
219000239,178,259,-81
219000240,215,260,-45
219000241,119,129,-10
219000242,30,98,-68
219000243,55,186,-131
219000244,16,73,-57
219000245,22,26,-4
219000246,24,33,-9
219000247,163,48,115
219000248,472,415,57
219000249,172,99,73
219000250,163,86,77
219000251,601,214,387
219000252,278,153,125
219000253,457,107,350
219000255,173,111,62
219000256,310,84,226
219000257,102,0,102
219000262,97,73,24
219000263,77,121,-44
219000267,0,43,-43
219000268,5,1,4
219000269,1,6,-5
219000270,3,1,2
219000271,125,9,116
219000278,1,9,-8
219000279,0,0,0
219000283,0,7,-7
219000295,9,72,-63
219000296,83,307,-224
219000297,13,103,-90
219000298,11,78,-67
219000299,481,40,441
219000300,26,115,-89
219000301,213,264,-51
219000302,28,219,-191
219000307,42,21,21
219000308,48,36,12
219000311,205,32,173
219000312,636,160,476
219000313,380,57,323
219000314,41,217,-176
219000315,368,35,333
219000316,719,80,639
219000317,145,46,99
219000320,0,50,-50
219000321,0,14,-14
219000323,4,55,-51
219000325,1,13,-12
219000326,65,47,18
219000327,96,33,63
219000328,44,77,-33
219000329,304,120,184
219000330,37,28,9
219000331,43,50,-7
219000332,169,78,91
219000333,43,2,41
219000335,111,2,109
219000337,17,0,17
219000338,46,2,44
219000344,24,42,-18
219000345,35,39,-4
219000346,56,45,11
219000348,166,45,121
219000349,39,81,-42
219000350,83,290,-207
219000351,3,11,-8
219000352,364,89,275
219000353,78,42,36
219000354,241,63,178
219000355,168,45,123
219000356,833,1425,-592
219000363,174,57,117
219000364,99,52,47
219000365,103,17,86
219000366,179,330,-151
219000368,354,611,-257
219000370,981,604,377
219000371,15,29,-14
219000382,6,26,-20
219000383,376,1279,-903
219000385,399,449,-50
219000386,585,1457,-872
219000387,2,7,-5
219000390,6,1,5
219000391,2,1,1
219000397,77,43,34
219000398,72,66,6
219000401,4,86,-82
219000402,13,71,-58
219000403,154,342,-188
219000404,33,134,-101
219000409,87,53,34
219000410,113,33,80
219000411,79,7,72
219000446,84,330,-246
219000447,0,18,-18
219000448,3,6,-3
219000452,110,64,46
219000453,48,203,-155
219000454,238,234,4
219000556,308,96,212
219000558,112,74,38
219000590,25,108,-83
219000591,124,97,27
219000592,101,235,-134
219000595,6,11,-5
219000635,239,34,205
219000636,27,67,-40
219000657,40,17,23
219000658,59,167,-108
219000673,0,30,-30
219000676,31,16,15
219000679,29,5,24
219000684,98,0,98
219000685,1,31,-30
219000686,0,0,0
219000688,0,27,-27
219000689,36,362,-326
219000690,262,50,212
219000693,1,20,-19
219000694,30,0,30
219000695,36,3,33
219000698,24,0,24
219000699,0,21,-21
219000727,13,76,-63
219000728,64,3,61
219000770,34,0,34
219000771,0,29,-29
219001150,0,45,-45
219001151,0,14,-14
220000001,24,59,-35
220000002,9,74,-65
220000003,295,135,160
220000004,416,315,101
220000005,834,1430,-596
220000006,188,612,-424
220000007,394,301,93
220000008,247,443,-196
220000009,241,289,-48
220000010,133,100,33
220000011,381,3233,-2852
220000012,62,299,-237
220000014,120,54,66
220000015,19,159,-140
220000017,56,200,-144
220000018,3594,1481,2113
220000019,67,309,-242
220000020,345,206,139
220000021,672,170,502
220000022,1046,411,635
220000023,351,204,147
220000024,1874,380,1494
220000025,1005,1138,-133
220000026,364,404,-40
220000027,21,116,-95
220000028,40,33,7
220000029,27,93,-66
220000030,44,43,1
220000031,644,374,270
220000064,21,904,-883
221000046,3,0,3
221000047,0,1,-1
221000048,0,1,-1
221000049,0,10,-10
221000050,16,0,16
221000055,34,35,-1
221000057,73,12,61
221000068,387,133,254
221000069,393,63,330
221000070,273,25,248
221000071,129,8,121
221000072,261,9,252
221000073,194,36,158
221000074,0,19,-19
221000075,13,12,1
221000076,6,26,-20
221000077,15,62,-47
221000081,19,7,12
221000082,89,7,82
221000083,25,0,25
221000084,9,6,3
221000085,26,68,-42
221000086,11,67,-56
221000087,7,98,-91
221000088,9,120,-111
221000089,25,223,-198
221000090,97,429,-332
221000098,82,8,74
221000099,161,14,147
221000100,83,4,79
221000101,199,17,182
221000102,150,10,140
221000109,6,90,-84
221000110,15,68,-53
221000111,15,115,-100
221000112,6,89,-83
221000113,13,130,-117
221000114,7,126,-119
221000120,41,45,-4
221000121,6,48,-42
221000122,58,58,0
221000123,5,4,1
221000124,32,148,-116
221000155,167,3,164
221000156,16,29,-13
221000175,2,2,0
221000176,1,1,0
221000182,46,9,37
221000241,549,260,289
221000242,127,294,-167
221000243,471,164,307
221000244,235,349,-114
221000245,78,87,-9
221000246,29,156,-127
221000247,72,94,-22
221000248,100,105,-5
221000267,72,677,-605
221000325,71,91,-20
221000331,9,70,-61
221000338,11,50,-39
221000378,254,32,222
221000381,49,27,22
222000282,9,2,7
222000296,3,16,-13
222000568,371,34,337
222000569,258,55,203
222000570,179,25,154
222000571,447,34,413
222000577,22,72,-50
222000578,44,122,-78
222000579,28,113,-85
222000580,69,626,-557
222000599,0,125,-125
222000600,1,189,-188
222000601,7,622,-615
222000603,15,51,-36
222000604,7,41,-34
222000605,18,33,-15
222000606,3,12,-9
222000607,2,9,-7
222000608,21,13,8
222000609,60,99,-39
222000616,529,33,496
222000617,7,13,-6
222000618,5,2,3
222000620,11,10,1
222000621,51,13,38
222000623,597,3,594
222000624,373,5,368
222000625,687,21,666
222000636,62,6,56
222000686,11,16,-5
222000687,32,20,12
222001066,377,4,373
222001067,32,3,29
222001068,66,27,39
222001069,60,24,36
222001082,14,23,-9
222001083,35,30,5
222001084,0,20,-20
222001085,0,244,-244
222001111,83,69,14
222001112,176,14,162
222001313,42,11,31
222001314,14,108,-94
222001464,78,35,43
222001465,9,56,-47
222001484,185,39,146
222001485,18,56,-38
222001494,797,129,668
222001495,145,108,37
222001496,499,70,429
222001497,105,257,-152
222001502,25,82,-57
222001503,161,50,111
222001504,44,300,-256
222001505,533,19,514
222001506,48,375,-327
222001507,430,32,398
222001510,724,57,667
222001511,54,252,-198
222001514,868,252,616
222001515,277,370,-93
222001518,500,92,408
222001519,78,145,-67
222001527,230,70,160
222001528,45,125,-80
222001529,433,50,383
222001530,100,128,-28
222001533,190,283,-93
222001534,506,76,430
222001535,276,264,12
222001536,87,90,-3
222001537,452,64,388
222001538,99,343,-244
222001563,1009,105,904
222001564,75,342,-267
222001568,264,207,57
222001576,2,4,-2
222001579,2,24,-22
222001583,22,126,-104
222001584,139,9,130
222001596,619,1398,-779
222001597,1906,364,1542
222001626,2,68,-66
222001650,76,199,-123
222001651,76,866,-790
222001914,229,79,150
222001915,65,133,-68
222900004,478,276,202
222900009,373,453,-80
222900019,168,198,-30
222900024,28,24,4
222900025,5,16,-11
225000001,435,176,259
225000002,584,161,423
225000003,689,104,585
225000004,408,201,207
225000005,36,72,-36
225000006,2,136,-134
225000007,1045,1075,-30
225000010,340,17,323
225000011,258,1070,-812
225000012,203,577,-374
225000013,90,79,11
225000014,770,72,698
225000015,93,97,-4
225000021,813,177,636
225000027,271,426,-155
225000032,664,106,558
225000042,75,426,-351
225000049,48,47,1
225000050,153,11,142
225000053,9,256,-247
225000058,579,162,417
225000067,242,94,148
225000068,99,188,-89
225000069,97,341,-244
225000070,111,239,-128
225000071,43,120,-77
225000075,24,1027,-1003
225000076,46,96,-50
225000078,70,32,38
225000085,94,114,-20
225000086,360,80,280
225000087,179,16,163
225000088,6,162,-156
225000089,189,994,-805
225000090,88,396,-308
225000091,149,145,4
225000092,41,51,-10
225000093,210,154,56
225000094,18,138,-120
225000095,314,248,66
225000096,215,297,-82
225000098,798,224,574
225000099,458,120,338
225000100,377,117,260
225000104,86,248,-162
225000110,20,284,-264
225000111,231,661,-430
225000112,279,763,-484
225000113,180,485,-305
225000114,64,241,-177
225000115,1021,529,492
225000116,724,239,485
225000117,688,223,465
225000118,1064,216,848
225000119,272,98,174
225000120,788,51,737
225000121,160,41,119
225000123,581,26,555
225000125,368,114,254
225000126,447,142,305
225000127,515,1290,-775
225000128,393,820,-427
225000132,338,22,316
225000133,229,37,192
225000134,637,139,498
225000135,54,25,29
225000136,320,8,312
225000137,266,60,206
225000138,337,137,200
225000143,51,119,-68
225000144,4,220,-216
225000145,51,29,22
225000146,44,59,-15
225000147,22,135,-113
225000148,6,159,-153
225000149,98,379,-281
225000151,24,104,-80
225000155,289,241,48
225000156,134,672,-538
225000157,233,226,7
225000158,72,195,-123
225000171,4,104,-100
225000180,22,1,21
225000181,0,47,-47
225000182,78,8,70
225000185,4,401,-397
225000187,72,328,-256
225000191,46,0,46
225000194,0,4,-4
225000208,0,49,-49
225000209,92,9,83
225000210,8,231,-223
225000217,0,14,-14
225000218,17,0,17
225000223,0,24,-24
225000224,77,4,73
225000225,1,27,-26
225000226,20,3,17
225000227,80,84,-4
225000228,8,21,-13
225000229,0,82,-82
225000230,113,1,112
225000231,0,62,-62
225000232,179,1,178
225000241,58,0,58
225000242,1,30,-29
225000249,14,2,12
225000250,37,442,-405
225000251,357,19,338
225000254,2,23,-21
225000256,0,143,-143
225000257,1,22,-21
226000042,269,266,3
226000043,68,229,-161
226000044,126,262,-136
226000045,49,188,-139
226000046,479,69,410
226000047,368,101,267
226000048,394,93,301
226000049,297,159,138
226000070,0,29,-29
226000071,0,52,-52
226000072,0,10,-10
226000073,0,7,-7
226000074,1,15,-14
226000084,3,51,-48
226000085,2,7,-5
226000086,4,8,-4
226000087,1,6,-5
226000088,31,54,-23
226000090,276,94,182
226000091,21,59,-38
226000092,17,20,-3
226000093,15,2,13
226000094,6,4,2
226000095,12,5,7
226000105,10,3,7
226000106,4,0,4
226000107,6,1,5
226000108,22,0,22
226000109,110,0,110
226000124,211,54,157
226000134,923,430,493
226000135,1905,507,1398
226000136,643,428,215
226000137,9,222,-213
226000138,10,133,-123
226000139,0,30,-30
226000156,192,4,188
226000157,356,23,333
226000163,123,210,-87
226000202,16,230,-214
226000231,183,15,168
226000232,39,5,34
227000033,377,58,319
227000036,418,38,380
227000037,381,31,350
227000038,156,17,139
227000084,0,40,-40
227000085,1,33,-32
227000088,46,1,45
227000089,70,2,68
227000090,40,0,40
227000091,17,0,17
227000092,25,1,24
227000093,108,0,108
227000094,9,0,9
227000130,16,69,-53
227000131,13,96,-83
227000132,7,121,-114
227000133,7,80,-73
227000134,7,166,-159
227000152,0,1,-1
227000153,0,35,-35
227000154,0,17,-17
227000155,0,11,-11
227000156,0,8,-8
227000165,1,45,-44
227000196,548,197,351
227000199,406,282,124
227000230,11,264,-253
227000232,665,26,639
227000242,50,221,-171
227000243,505,72,433
227000245,13,251,-238
227000246,95,185,-90
227000247,521,66,455
227000248,140,16,124
227000249,13,57,-44
227000250,281,124,157
227000251,32,82,-50
227000252,24,113,-89
227000253,215,16,199
227000262,488,42,446
227000266,1455,31,1424
227000267,38,882,-844
227000282,9,101,-92
227000284,539,20,519
227000286,3,48,-45
227000291,19,343,-324
227000296,124,436,-312
227000484,153,13,140
227000485,14,640,-626
227000655,230,0,230
227000656,603,21,582
227000657,81,8,73
229000265,10,9,1
229000266,3,0,3
229000267,8,0,8
229000268,22,2,20
229000269,38,0,38
229000274,0,32,-32
229000275,0,17,-17
229000276,0,8,-8
229000277,1,5,-4
229000278,1,4,-3
229000295,8,14,-6
229000296,25,12,13
229000297,9,16,-7
229000298,10,108,-98
229000320,42,8,34
229000321,39,12,27
229000412,32,46,-14
229000414,18,44,-26
229000415,25,4,21
229000416,0,2,-2
229000417,3,11,-8
229000419,97,309,-212
229000440,443,69,374
229000442,27,9,18
229000443,6,1,5
229000444,2,26,-24
229000445,60,4,56
229000446,101,13,88
229000491,7,13,-6
229000492,17,69,-52
229000493,6,42,-36
229000494,44,1,43
229000495,114,12,102
229000496,69,3,66
229000507,2,74,-72
229000508,0,32,-32
229000509,0,48,-48
229000510,7,24,-17
229000511,2,45,-43
229000512,0,19,-19
229000513,0,2,-2
229000514,0,5,-5
229000517,3,8,-5
229000518,25,14,11
229000519,4,10,-6
229000520,15,27,-12
229000521,47,12,35
229000522,6,3,3
229000523,4,3,1
229000524,9,4,5
229000527,2,0,2
229000528,0,0,0
229000529,7,0,7
229000530,77,4,73
229000531,26,4,22
229000532,18,2,16
229000533,56,1,55
229000534,70,1,69
229000564,74,0,74
229000565,29,0,29
229000566,0,8,-8
229000567,0,41,-41
229000582,73,1,72
229000583,9,5,4
229000584,0,22,-22
229000585,1,64,-63
229000718,0,3,-3
229000719,0,3,-3
229000720,0,3,-3
229000721,0,11,-11
229000722,0,9,-9
229000723,0,3,-3
229000724,0,0,0
229000725,0,3,-3
229000738,5,0,5
229000739,0,0,0
229000740,0,0,0
229000741,33,0,33
229000742,12,0,12
229000743,11,0,11
229000744,2,0,2
229000745,0,0,0
229000746,11,1,10
229000847,61,0,61
229000848,32,1,31
229000849,147,0,147
229000851,80,2,78
229000854,0,9,-9
229000856,3,51,-48
229000857,0,27,-27
229000858,0,25,-25
229000919,20,42,-22
229000930,1,229,-228
229000937,83,14,69
229000966,53,32,21
229000981,28,19,9
229000985,26,13,13
229000986,0,3,-3
229000987,0,1,-1
229000988,3,3,0
229000989,7,8,-1
229000990,2,1,1
229000991,0,0,0
229000992,4,10,-6
229000993,171,18,153
229000998,21,48,-27
229000999,63,21,42
229001034,1,22,-21
229001035,4,7,-3
229001036,0,31,-31
229001037,26,2,24
229001038,0,6,-6
229001039,3,0,3
229001040,0,49,-49
229001041,54,0,54
229001042,25,21,4
229001047,17,38,-21
229001050,47,19,28
229001168,0,15,-15
229001200,21,2,19
229001338,5,21,-16
229001394,185,0,185
229001422,139,17,122
229001423,31,112,-81
229001431,65,46,19
229001432,50,76,-26
229001444,244,71,173
229001445,47,153,-106
229001479,24,1,23
229001503,259,66,193
229001504,130,132,-2
229001505,129,30,99
229001506,78,89,-11
229001509,35,10,25
229001510,13,40,-27
229001545,111,13,98
229001546,13,76,-63
229001553,115,16,99
229001554,48,75,-27
229001630,63,14,49
229001631,17,26,-9
229001635,1,15,-14
229001636,5,1,4
229001658,1,132,-131
229001659,88,3,85
229001660,25,9,16
229001661,12,30,-18
229001662,8,0,8
229001663,0,12,-12
229002584,217,196,21
229002831,136,148,-12
229002841,15,14,1
229002842,11,19,-8
229002843,59,24,35
229002844,59,38,21
229002845,19,78,-59
229002846,31,21,10
229002847,1,6,-5
229002848,10,11,-1
229002849,3,64,-61
229002850,19,1,18
229002851,43,97,-54
229002852,205,37,168
229002853,170,25,145
229002854,64,51,13
229002855,9,17,-8
229002856,42,11,31
229002857,16,155,-139
229002858,17,13,4
229002859,24,120,-96
229002860,242,16,226
229002861,116,44,72
229002862,49,49,0
229002863,26,15,11
229002864,27,30,-3
229002865,16,19,-3
229002866,21,30,-9
229002867,10,13,-3
229002868,5,14,-9
229002869,24,132,-108
229002870,64,18,46
235000067,369,51,318
235000072,116,384,-268
235000080,11,77,-66
235000081,97,98,-1
235000082,195,31,164
235000083,345,55,290
235000084,92,50,42
235000085,334,52,282
235000093,11,2,9
235000097,3,4,-1
235000098,134,7,127
235000115,93,81,12
235000116,59,6,53
235000117,404,9,395
235000133,15,528,-513
235000134,10,143,-133
235000206,11,5,6
235000207,0,1,-1
235000210,5,3,2
235000212,0,4,-4
235000220,2,5,-3
235000221,34,33,1
235000238,18,117,-99
235000239,1,35,-34
235000242,272,845,-573
235000245,578,117,461
235000246,7,43,-36
235000284,38,118,-80
235000295,122,19,103
235000305,225,10,215
235000306,294,5,289
235000307,14,2,12
235000308,13,1,12
235000309,57,0,57
235000310,30,0,30
235000311,166,93,73
235000322,0,41,-41
235000323,0,46,-46
235000324,0,10,-10
235000325,1,4,-3
235000326,3,87,-84
235000351,5,48,-43
235000352,20,42,-22
235000353,6,32,-26
235000354,21,25,-4
235000355,10,73,-63
235000356,82,3,79
235000357,32,6,26
235000358,69,6,63
235000359,12,4,8
235000360,49,21,28
235000361,43,27,16
235000381,47,95,-48
235000382,187,28,159
235000390,13,7,6
235000391,172,17,155
235000392,261,328,-67
235000393,187,163,24
235000395,177,29,148
235000396,603,66,537
235000399,132,43,89
235000400,86,39,47
235000401,15,174,-159
235000402,16,86,-70
235000405,114,252,-138
235000406,41,224,-183
235000407,57,65,-8
235000409,209,66,143
235000411,5,36,-31
235000485,0,10,-10
235000486,8,0,8
235000549,164,133,31
235000550,73,133,-60
235000599,97,12,85
235000600,3,14,-11
235000601,15,15,0
235000602,71,27,44
235000614,0,3,-3
235000648,0,15,-15
235000649,34,10,24
235000815,33,37,-4
235000834,0,19,-19
235000855,96,56,40
235000862,45,102,-57
235000891,0,16,-16
235000892,19,0,19
235000901,98,40,58
235000907,5,8,-3
235001010,141,51,90
235001030,373,297,76
235001078,94,111,-17
235001079,62,85,-23
235001147,2,40,-38
235001166,13,62,-49
235001167,47,10,37
235001169,47,207,-160
235001200,56,33,23
235001239,12,24,-12
235016266,3,13,-10
235016267,0,52,-52
235900013,4,2,2
235900014,2,3,-1
241900007,51,0,51
277101746,0,1,-1
277102712,0,0,0
277103813,0,0,0
277103814,0,0,0
277103898,0,1,-1
990010990,25,181,-156
990011530,2,183,-181
990014944,2,372,-370
990015176,54,1,53
990015618,0,92,-92
990015888,37,113,-76
990016032,0,265,-265
990032570,3,379,-376
990070001,65,3,62
990070103,0,4,-4
990070601,0,60,-60
990070751,1181,1,1180
990070766,1,308,-307
990071180,534,147,387
990071343,17,3,14
990071387,1,16,-15
990071823,605,11,594
990072600,22,1059,-1037
990072964,1,373,-372
990073285,0,2,-2
990074393,0,594,-594
990074714,27,21,6
990074870,1574,11,1563
990075106,1532,16,1516
990075746,631,4,627
990076437,1836,6,1830
990076458,1,408,-407
997000007,620,7,613
997000041,1,292,-291
997000058,70,6,64
997000062,16,1,15
997000069,0,10,-10
997000070,0,33,-33
997000100,41,0,41
997000141,2,1588,-1586
997000198,0,838,-838
998000475,4,41,-37
998000736,0,158,-158
998000965,0,21,-21
998001031,0,67,-67
998001072,493,281,212
998001091,6,2,4
998001093,8,0,8
998001103,2,0,2
998001105,3,14,-11
998001700,0,0,0
998001899,0,1,-1
998001900,7,1,6
998003073,1108,2,1106
998003124,38,10,28
998003125,41,124,-83
998101900,0,0,0
998102850,5,276,-271
998501819,1,0,1
998501820,0,4,-4
998501832,192,61,131
998501927,1118,935,183
998501929,57,4,53
998501930,66,1,65
998501931,121,4,117
998501932,4,0,4
998501933,83,1,82
998501937,10,2,8
998501944,5,0,5
998501950,0,1,-1
998501970,85,2,83
998501971,0,100,-100
998501972,353,5,348
998501973,0,42,-42
998501974,0,142,-142
998501975,97,1,96
998501976,62,2,60
998501977,0,34,-34
998501978,11,0,11
998501979,0,14,-14
998501980,44,3,41
998501981,27,1,26
998501982,0,153,-153
998501983,0,0,0
998502006,0,0,0
998502024,0,5,-5
998502032,0,2,-2
998502062,2,0,2
998502063,0,0,0
998502173,1,0,1
998502269,0,3,-3
998601159,3,83,-80
998601292,0,13,-13
999033574,0,89,-89
999800001,80,4,76
999800002,0,2,-2
999800003,3,2,1
999800004,0,3,-3
999800005,0,7,-7
