ID,insum,outsum,diff
100000001,660,786,-126
100000002,5107,6635,-1528
100000003,4520,7260,-2740
100000004,295,1746,-1451
100000005,2985,5868,-2883
100000006,778,427,351
100000007,3207,1071,2136
100000008,141,804,-663
100000009,533,604,-71
100000010,21,195,-174
100000011,544,123,421
100000012,44,746,-702
100000013,15,207,-192
100000014,318,661,-343
100000015,1703,2768,-1065
100000016,508,1841,-1333
100000017,577,1674,-1097
100000018,908,841,67
100000019,3697,2982,715
100000020,1332,7717,-6385
100000021,6065,1982,4083
100000022,888,4351,-3463
100000023,4595,1822,2773
100000025,357,1966,-1609
100000028,450,2064,-1614
100000029,54,745,-691
100000030,82,52,30
100000031,2140,7309,-5169
100000032,2009,4645,-2636
100000033,1208,4007,-2799
100000034,134,1568,-1434
100000035,719,1670,-951
100000036,687,2150,-1463
100000037,842,693,149
100000038,2930,1388,1542
100000039,314,485,-171
100000040,476,216,260
100000041,1723,662,1061
100000042,1290,568,722
100000043,866,549,317
100000044,204,732,-528
100000045,274,948,-674
100000046,410,700,-290
100000047,224,482,-258
100000048,273,803,-530
100000049,1610,1177,433
100000051,455,629,-174
100000053,105,5,100
100000054,321,33,288
100000055,494,314,180
100000056,412,856,-444
100000057,2407,743,1664
100000058,762,880,-118
100000059,41,205,-164
100000060,682,370,312
100000061,2400,587,1813
100000062,1641,873,768
100000063,1147,331,816
100000064,1457,660,797
100000065,253,749,-496
100000066,198,579,-381
100000067,215,644,-429
100000068,404,1420,-1016
100000069,329,1092,-763
100000072,136,543,-407
100000073,1084,809,275
100000075,716,198,518
100000076,1401,6294,-4893
100000077,120,589,-469
100000078,6,29,-23
100000079,33,70,-37
100000080,13,44,-31
100000081,59,210,-151
100000102,3256,7467,-4211
100000103,1486,2155,-669
100000104,3520,2715,805
100000105,1233,2436,-1203
100000106,1011,5001,-3990
100000107,118,1700,-1582
100000108,228,1142,-914
100000109,654,1874,-1220
100000116,437,808,-371
100000117,93,205,-112
100000118,496,1207,-711
100000119,682,1069,-387
100000121,328,653,-325
100000122,540,2341,-1801
100000123,1199,3076,-1877
100000124,2279,3223,-944
100000125,6259,2618,3641
100000126,710,1375,-665
100000127,1000,912,88
100000128,799,3193,-2394
100000129,335,1070,-735
100000130,617,232,385
100000131,841,2103,-1262
100000132,927,1993,-1066
100000133,1704,1142,562
100000135,779,1703,-924
100000139,155,522,-367
100000140,101,239,-138
100000142,756,652,104
100000143,896,321,575
100000144,1535,542,993
100000147,1465,4452,-2987
100000150,95,664,-569
100000151,562,2561,-1999
100000153,113,713,-600
100000154,13,647,-634
100000155,4,71,-67
100000156,261,328,-67
100000157,433,324,109
100000158,256,198,58
100000159,56,1341,-1285
100000165,509,695,-186
100000169,44,1697,-1653
100000174,278,1442,-1164
100000179,76,1089,-1013
100000180,597,3345,-2748
100000181,366,373,-7
100000188,64,350,-286
100000189,1040,709,331
100000190,452,1831,-1379
100000191,811,1054,-243
100000192,2,154,-152
100000193,243,207,36
100000330,540,920,-380
100000355,198,1126,-928
100000362,2155,1147,1008
100000363,7045,7418,-373
100000364,91,373,-282
100000365,6893,10789,-3896
100000366,1791,1323,468
100000367,5029,7638,-2609
100000368,2044,687,1357
100000369,650,3065,-2415
100000370,152,1156,-1004
100000376,28,212,-184
100000379,898,2949,-2051
100000380,3430,7838,-4408
100000384,5534,8179,-2645
100000385,1154,4717,-3563
100000386,2219,8333,-6114
100000387,3095,7968,-4873
100000388,1836,7121,-5285
100000389,3778,8882,-5104
100000390,3283,5999,-2716
100000391,2666,12363,-9697
100000392,824,3491,-2667
100000393,663,6568,-5905
100000394,2626,6796,-4170
100000395,1424,5752,-4328
100000396,1760,2749,-989
100000397,1831,8257,-6426
100000398,5820,4417,1403
100900002,19,10,9
100900003,531,257,274
100900004,10,1175,-1165
100900005,122,20,102
100900006,49,26,23
100900007,207,7,200
100900008,5,503,-498
100900009,52,94,-42
100900010,81,14,67
100900011,223,65,158
100900012,1,53,-52
100900013,1067,8,1059
100900014,9,1,8
100900015,26,141,-115
100900016,2,55,-53
100900017,1387,117,1270
100900018,1,11,-10
100900019,38,120,-82
100900020,465,8,457
100900021,417,1,416
100900022,25,25,0
100900023,1,28,-27
100900024,405,2,403
100900025,5,13,-8
100900026,185,74,111
100900027,555,2980,-2425
100900028,122,455,-333
100900029,71,6,65
100900030,3,308,-305
100900031,954,60,894
100900032,514,1,513
100900033,85,577,-492
100900034,1167,2,1165
100900035,221,1,220
100900036,17,3,14
100900037,183,129,54
100900038,47,106,-59
100900039,243,191,52
100900040,754,288,466
100900041,1380,200,1180
100900042,807,2671,-1864
100900043,0,45,-45
100900044,1286,753,533
100900045,2,0,2
100900046,1305,23,1282
100900047,621,264,357
100900048,96,53,43
100900049,82,85,-3
100900050,17,8,9
100900051,80,198,-118
100900052,328,39,289
100900053,851,43,808
100900054,34,33,1
100900055,229,1280,-1051
100900056,43,90,-47
100900057,2754,848,1906
100900058,151,126,25
100900059,123,5,118
100900060,266,5,261
100900061,213,193,20
100900062,11,44,-33
100900063,387,1086,-699
100900064,787,19,768
100900065,142,193,-51
100900066,180,154,26
100900067,2,6,-4
100900068,144,183,-39
100900069,213,4,209
100900070,627,13,614
100900071,277,177,100
100900072,2,57,-55
100900073,188,331,-143
100900074,5,15,-10
100900075,1975,199,1776
100900076,44,58,-14
100900077,56,16,40
100900078,58,254,-196
100900079,9,62,-53
100900080,91,118,-27
100900081,28,170,-142
100900082,249,97,152
100900083,15,26,-11
100900085,7,560,-553
100900086,62,391,-329
100900088,200,187,13
100900089,4,12,-8
100900090,145,1124,-979
100900091,20,11,9
100900092,107,166,-59
100900093,430,382,48
100900094,235,156,79
100900095,5,46,-41
100900096,39,289,-250
100900097,2,0,2
100900098,27,23,4
100900099,15,470,-455
100900100,20,760,-740
100900101,247,47,200
100900102,46,247,-201
100900103,11,19,-8
100900104,8,209,-201
100900105,27,561,-534
100900106,16,2,14
100900107,2861,1035,1826
100900108,4,85,-81
100900109,15,47,-32
100900110,3,24,-21
100900111,24,226,-202
100900112,5,26,-21
100900113,26,46,-20
100900114,10,17,-7
100900115,28,15,13
100900116,1009,520,489
100900117,249,1401,-1152
100900118,73,105,-32
100900119,17,16,1
100900120,41,4,37
100900121,346,421,-75
100900122,53,110,-57
100900123,167,102,65
100900124,1,10,-9
100900125,9,48,-39
100900126,308,143,165
100900127,2,1,1
100900128,96,795,-699
100900129,2,286,-284
100900131,28,221,-193
100900133,106,32,74
100900134,2,0,2
100900135,8,1276,-1268
100900137,307,305,2
100900138,364,414,-50
100900139,2,8,-6
100900140,2,258,-256
100900141,7,757,-750
100900142,0,11,-11
100900143,343,926,-583
100900144,10,7,3
100900145,96,387,-291
100900146,13,62,-49
100900147,14,1022,-1008
100900148,49,158,-109
100900149,17,368,-351
100900150,2,40,-38
100900151,90,584,-494
100900152,225,15,210
100900153,4,232,-228
100900154,7,133,-126
100900155,38,7,31
100900156,21,7,14
100900157,25,1305,-1280
100900158,509,69,440
100900159,5,52,-47
100900160,22,25,-3
100900161,28,3,25
100900162,30,573,-543
100900163,69,82,-13
100900164,97,38,59
100900165,7,23,-16
100900166,31,0,31
100900167,26,60,-34
100900168,20,288,-268
100900169,100,764,-664
100900170,15,2,13
100900171,34,549,-515
100900172,0,38,-38
100900173,18,118,-100
100900174,38,20,18
100900176,1988,253,1735
100900177,462,224,238
100900178,220,346,-126
100900179,379,337,42
100900180,1,1,0
100900181,64,79,-15
100900182,46,53,-7
100900184,10,79,-69
100900186,679,286,393
100900187,42,78,-36
100900188,33,48,-15
100900189,3099,223,2876
100900191,611,1525,-914
100900192,128,653,-525
100900195,157,271,-114
100900197,36,39,-3
100900198,24,79,-55
100900199,22,9,13
100900200,1132,361,771
100900201,118,1047,-929
100900202,78,0,78
100900203,1,160,-159
100900204,72,1093,-1021
100900205,207,758,-551
100900206,307,159,148
100900207,329,207,122
100900210,67,144,-77
100900211,469,141,328
100900213,203,41,162
100900214,507,89,418
100900215,48,68,-20
101000001,1597,2195,-598
101000002,7198,8463,-1265
101000003,416,1083,-667
101000004,6760,6254,506
101000005,5121,6150,-1029
101000006,5906,10872,-4966
101000007,3627,6029,-2402
101000008,1598,2872,-1274
101000009,2699,786,1913
101000010,1069,520,549
101000011,1130,212,918
101000012,392,668,-276
101000013,584,1292,-708
101000014,391,429,-38
101000015,2054,1277,777
101000016,313,923,-610
101000017,317,696,-379
101000018,1416,4594,-3178
101000020,1410,752,658
101000021,421,1056,-635
101000022,158,479,-321
101000023,790,1058,-268
101000025,357,668,-311
101000026,273,27,246
101000027,2189,4946,-2757
101000028,18,30,-12
101000029,100,1573,-1473
101000030,1052,211,841
101000031,123,836,-713
101000032,2112,4912,-2800
101000033,1285,4706,-3421
101000034,768,2324,-1556
101000035,468,387,81
101000036,644,1750,-1106
101000037,767,3348,-2581
101000039,1487,3816,-2329
101000040,2630,5946,-3316
101000041,2144,7324,-5180
101000042,97,1161,-1064
101000043,3126,8638,-5512
101000045,236,809,-573
101000046,955,2735,-1780
101000047,974,5216,-4242
101000048,550,455,95
101000049,681,2414,-1733
101000050,795,2787,-1992
101000051,590,2817,-2227
101000052,983,2038,-1055
101000053,467,1248,-781
101000054,1691,893,798
101000055,901,1927,-1026
101000056,35,218,-183
101000057,698,2466,-1768
101000058,623,1710,-1087
101000059,1804,2570,-766
101000060,1437,1273,164
101000061,390,2381,-1991
101000062,323,699,-376
101000063,236,1735,-1499
101000064,383,932,-549
101000065,235,1146,-911
101000066,396,1588,-1192
101000067,301,789,-488
101000068,74,461,-387
101000069,141,75,66
101000070,496,750,-254
101000071,2564,1207,1357
101000072,719,2926,-2207
101000073,471,1282,-811
101000074,1898,3719,-1821
101000075,1810,3658,-1848
101000077,1925,1802,123
101000078,692,1197,-505
101000079,893,1086,-193
101000080,905,1113,-208
101000081,1852,1657,195
101000082,1960,2059,-99
101000083,3364,2379,985
101000084,954,506,448
101000085,1579,1139,440
101000086,919,1367,-448
101000087,890,1039,-149
101000088,2001,1257,744
101000089,1022,1873,-851
101000090,1515,858,657
101000091,617,608,9
101000092,2243,620,1623
101000093,1519,599,920
101000094,1167,989,178
101000095,551,606,-55
101000096,752,296,456
101000097,340,806,-466
101000098,368,679,-311
101000099,663,1125,-462
101000100,794,1195,-401
101000101,239,588,-349
101000102,503,1129,-626
101000103,388,917,-529
101000104,503,1145,-642
101000105,155,610,-455
101000106,312,1690,-1378
101000107,276,592,-316
101000108,459,116,343
101000109,757,149,608
101000110,31,162,-131
101000111,49,207,-158
101000113,112,969,-857
101000114,2656,9614,-6958
101000115,12,18,-6
101000116,19,38,-19
101000117,925,184,741
101000119,23,76,-53
101000120,77,119,-42
101000121,46,60,-14
101000122,88,93,-5
101000123,37,136,-99
101000124,545,532,13
101000125,120,162,-42
101000128,213,1288,-1075
101000130,143,225,-82
101000131,1687,258,1429
101000132,1019,755,264
101000135,11,32,-21
101000136,102,215,-113
101000137,23,563,-540
101000141,506,4134,-3628
101000147,569,266,303
101000148,909,10,899
101000149,13,68,-55
101000150,131,229,-98
101000151,514,54,460
101000152,385,378,7
101000153,279,118,161
101000154,433,386,47
101000155,674,260,414
101000156,15,612,-597
101000157,79,56,23
101000160,6,0,6
101000163,113,508,-395
101000164,352,144,208
101000165,397,452,-55
101000166,191,285,-94
101000168,951,565,386
101000252,2826,1083,1743
101000254,34,44,-10
101000258,43,8,35
101000261,70,142,-72
101000262,1112,4998,-3886
101000263,282,1554,-1272
101000265,35,902,-867
101000266,371,372,-1
101000269,29,33,-4
101000290,455,3194,-2739
101000293,30,32,-2
101000294,578,561,17
101000295,268,222,46
101000301,198,529,-331
101000304,2082,3339,-1257
101000305,2395,1050,1345
101900001,26,21,5
101900002,0,2,-2
101900003,25,164,-139
101900004,0,223,-223
101900005,1205,4071,-2866
101900006,2091,82,2009
101900007,618,173,445
101900008,30,225,-195
101900009,26,454,-428
101900010,476,740,-264
101900011,118,1075,-957
101900012,538,109,429
101900013,371,94,277
101900017,7,114,-107
101900018,447,233,214
101900019,59,196,-137
101900020,274,147,127
101900021,3,66,-63
101900022,197,452,-255
101900023,243,97,146
102000001,3647,7207,-3560
102000002,2660,1463,1197
102000003,2489,7698,-5209
102000004,3368,2890,478
102000005,1214,3774,-2560
102000006,778,1602,-824
102000007,2097,5404,-3307
102000008,4566,1600,2966
102000009,7442,9617,-2175
102000010,3457,2623,834
102000011,4911,4955,-44
102000012,3434,2757,677
102000018,3496,3479,17
102000019,2309,2092,217
102000026,420,393,27
102000029,223,145,78
102000030,164,412,-248
102000031,109,108,1
102000032,786,480,306
102000033,560,299,261
102000034,418,480,-62
102000035,1285,615,670
102000036,22,199,-177
102000037,421,34,387
102000038,81,624,-543
102000039,79,307,-228
102000040,151,481,-330
102000041,49,965,-916
102000042,59,680,-621
102000043,65,626,-561
102000044,402,1181,-779
102000045,670,1059,-389
102000046,1362,981,381
102000047,811,889,-78
102000048,671,785,-114
102000049,881,1170,-289
102000050,1122,1477,-355
102000051,298,875,-577
102000052,1344,1379,-35
102000053,977,1767,-790
102000054,1143,1350,-207
102000055,1717,213,1504
102000056,1640,277,1363
102000057,1991,577,1414
102000058,1403,658,745
102000059,1196,1172,24
102000060,1072,921,151
102000061,2066,1312,754
102000062,2616,1052,1564
102000063,1110,1195,-85
102000064,377,475,-98
102000065,37,165,-128
102000066,751,835,-84
102000067,4561,3495,1066
102000068,10623,3592,7031
102000069,154,2932,-2778
102000070,2070,69,2001
102000071,7322,10028,-2706
102000072,2685,4854,-2169
102000073,763,940,-177
102000074,739,1813,-1074
102000075,219,331,-112
102000076,331,216,115
102000077,1210,337,873
102000078,1477,209,1268
102000079,202,129,73
102000080,403,315,88
102000081,277,897,-620
102000082,589,389,200
102000083,1128,244,884
102000084,667,234,433
102000085,2401,701,1700
102000086,1618,815,803
102000087,813,1145,-332
102000088,222,312,-90
102000089,1542,347,1195
102000090,294,1116,-822
102000091,1283,671,612
102000092,291,503,-212
102000093,753,505,248
102000094,497,359,138
102000095,673,895,-222
102000096,444,488,-44
102000097,759,611,148
102000098,306,986,-680
102000099,876,1160,-284
102000100,179,1841,-1662
102000101,407,608,-201
102000102,781,1262,-481
102000103,3238,442,2796
102000104,920,370,550
102000105,309,642,-333
102000106,1066,502,564
102000107,2146,293,1853
102000108,758,286,472
102000109,763,371,392
102000110,1882,550,1332
102000111,9,419,-410
102000112,113,189,-76
102000113,23,31,-8
102000114,751,314,437
102000115,237,369,-132
102000116,291,743,-452
102000117,86,1152,-1066
102000118,867,1750,-883
102000119,940,1880,-940
102000120,293,779,-486
102000121,1097,546,551
102000122,848,1268,-420
102000123,1119,980,139
102000124,1824,1743,81
102000125,543,700,-157
102000126,563,983,-420
102000127,1258,693,565
102000128,875,1175,-300
102000129,1544,531,1013
102000130,706,943,-237
102000131,1064,880,184
102000132,426,1225,-799
102000133,3646,1490,2156
102000134,1417,874,543
102000135,690,724,-34
102000136,1345,607,738
102000137,440,1133,-693
102000138,196,236,-40
102000139,47,620,-573
102000140,108,1018,-910
102000141,191,932,-741
102000142,428,228,200
102000143,378,224,154
102000144,578,239,339
102000145,503,371,132
102000146,413,412,1
102000147,504,380,124
102000148,394,607,-213
102000149,366,139,227
102000150,726,112,614
102000151,151,111,40
102000152,297,151,146
102000153,966,825,141
102000154,182,492,-310
102000155,39,808,-769
102000156,237,269,-32
102000157,23,1179,-1156
102000158,122,286,-164
102000159,1774,1232,542
102000161,2063,2317,-254
102000162,174,215,-41
102000163,92,393,-301
102000164,591,824,-233
102000165,202,227,-25
102000166,44,166,-122
102000167,249,275,-26
102000168,235,212,23
102000169,112,744,-632
102000170,727,192,535
102000171,111,183,-72
102000172,24,510,-486
102000173,539,394,145
102000174,107,95,12
102000175,92,92,0
102000176,80,28,52
102000178,223,306,-83
102000179,485,246,239
102000180,1149,289,860
102000181,1178,275,903
102000182,780,461,319
102000183,2329,989,1340
102000184,2507,652,1855
102000185,3580,794,2786
102000186,2576,1117,1459
102000187,1339,1053,286
102000188,1486,1299,187
102000189,1990,430,1560
102000190,623,2484,-1861
102000191,1083,370,713
102000192,2444,1827,617
102000193,129,105,24
102000194,78,225,-147
102000195,526,495,31
102000196,306,258,48
102000197,1114,236,878
102000198,283,462,-179
102000199,1541,248,1293
102000200,423,549,-126
102000201,1745,379,1366
102000202,0,130,-130
102000203,575,187,388
102000204,791,628,163
102000205,1607,546,1061
102000206,853,392,461
102000207,816,567,249
102000208,437,522,-85
102000209,164,92,72
102000210,631,321,310
102000211,691,320,371
102000212,611,13,598
102000213,6,181,-175
102000214,572,14,558
102000215,4,177,-173
102000216,71,118,-47
102000217,11,67,-56
102000218,323,220,103
102000219,233,129,104
102000225,234,608,-374
102000226,178,389,-211
102000227,190,1,189
102000228,1,198,-197
102000229,60,48,12
102000230,333,366,-33
102000231,410,349,61
102000232,111,216,-105
102000233,899,421,478
102000234,80,1087,-1007
102000236,268,92,176
102000237,470,318,152
102000238,186,470,-284
102000240,369,852,-483
102000241,209,136,73
102000243,11,45,-34
102000245,29,68,-39
102000246,4,73,-69
102000247,161,315,-154
102000248,192,765,-573
102000249,216,106,110
102000250,99,146,-47
102000254,238,176,62
102000266,7,599,-592
102000271,12,0,12
102000286,411,237,174
102000297,2293,1595,698
102000299,0,0,0
102000302,0,0,0
102000305,0,1,-1
102000306,0,0,0
102000307,0,2,-2
102000308,0,1,-1
102900001,1374,665,709
102900002,310,32,278
102900003,114,123,-9
102900005,569,240,329
102900006,602,42,560
102900007,845,11,834
102900008,306,20,286
102900009,329,519,-190
102900010,155,1050,-895
102900011,1023,719,304
102900012,459,108,351
102900013,84,45,39
102900015,616,558,58
102900016,84,49,35
102900017,422,165,257
102900018,70,50,20
102900019,485,576,-91
102900020,245,42,203
102900021,87,28,59
102900022,153,100,53
102900023,15,94,-79
102900024,137,62,75
102900025,106,73,33
102900026,546,2285,-1739
102900027,88,77,11
102900028,162,1031,-869
102900029,87,316,-229
102900030,420,393,27
102900031,352,155,197
102900032,189,72,117
102900033,136,118,18
102900034,687,38,649
102900035,226,217,9
102900036,524,228,296
102900037,241,271,-30
102900038,536,252,284
102900039,20,817,-797
102900040,279,269,10
102900041,131,100,31
102900042,342,152,190
102900043,360,144,216
102900044,656,1202,-546
102900045,212,344,-132
102900046,329,137,192
102900047,157,663,-506
102900048,718,252,466
102900049,76,433,-357
102900050,165,354,-189
102900051,243,220,23
102900052,44,81,-37
102900053,342,518,-176
102900054,336,1635,-1299
102900055,239,331,-92
102900056,108,361,-253
102900057,10,78,-68
102900058,517,69,448
102900059,37,32,5
102900060,110,318,-208
102900061,242,241,1
102900062,474,448,26
102900063,2041,348,1693
102900064,101,547,-446
102900065,831,266,565
102900066,443,11,432
102900068,63,159,-96
102900070,219,515,-296
102900072,11,54,-43
102900073,92,26,66
102900074,201,231,-30
102900075,8,80,-72
102900076,79,190,-111
102900077,35,28,7
102900078,27,39,-12
102900079,304,5,299
102900080,525,17,508
102900081,74,253,-179
102900082,36,273,-237
102900083,99,30,69
102900084,9,72,-63
102900085,279,99,180
102900086,11,160,-149
102900087,164,167,-3
102900088,73,46,27
102900089,247,169,78
102900090,2,261,-259
102900091,255,7,248
102900092,568,197,371
102900093,459,119,340
102900094,3,361,-358
102900095,150,2,148
102900096,112,10,102
102900097,59,87,-28
103000001,1991,2335,-344
103000002,2464,2852,-388
103000003,3016,2854,162
103000004,786,455,331
103000005,1972,3859,-1887
103000006,1042,1667,-625
103000007,448,534,-86
103000008,1166,774,392
103000009,2119,1258,861
103000010,165,59,106
103000011,1117,916,201
103000012,1264,1934,-670
103000013,2537,2013,524
103000014,1291,4130,-2839
103000015,1557,780,777
103000016,570,1823,-1253
103000017,353,674,-321
103000018,979,225,754
103000019,400,578,-178
103000020,1563,1263,300
103000021,1972,2553,-581
103000022,780,944,-164
103000023,1115,2942,-1827
103000024,53,73,-20
103000025,143,1114,-971
103000026,439,119,320
103000027,231,542,-311
103000028,135,264,-129
103000029,97,263,-166
103000030,1589,1489,100
103000031,745,2628,-1883
103000032,2218,1450,768
103000033,2975,3179,-204
103000034,1032,1030,2
103000035,316,1429,-1113
103000036,220,298,-78
103000037,655,447,208
103000038,584,1237,-653
103000039,736,284,452
103000040,767,469,298
103000041,2098,1252,846
103000042,2089,198,1891
103000043,1113,554,559
103000044,376,96,280
103000046,432,373,59
103000047,705,232,473
103000048,312,118,194
103000049,126,105,21
103000050,823,210,613
103000051,669,417,252
103000052,673,260,413
103000053,224,381,-157
103000054,2177,707,1470
103000055,2051,1448,603
103000056,800,773,27
103000057,1520,149,1371
103000058,751,455,296
103000059,961,553,408
103000060,880,238,642
103000061,742,692,50
103000062,912,254,658
103000063,1108,901,207
103000064,185,95,90
103000065,8,192,-184
103000066,331,13,318
103000069,415,175,240
103000070,1024,519,505
103000071,1923,660,1263
103000072,198,430,-232
103000073,1301,167,1134
103000074,1248,149,1099
103000075,155,670,-515
103000076,531,1074,-543
103000077,16,332,-316
103000078,926,1802,-876
103000079,582,934,-352
103000080,522,438,84
103000081,305,1026,-721
103000082,670,226,444
103000083,166,473,-307
103000084,120,15,105
103000085,2,105,-103
103000086,506,623,-117
103000087,319,531,-212
103000088,300,442,-142
103000089,343,833,-490
103000090,5616,1342,4274
103000091,1834,533,1301
103000092,393,312,81
103000093,295,672,-377
103000094,332,139,193
103000095,144,321,-177
103000096,644,59,585
103000097,90,713,-623
103000098,681,103,578
103000099,136,686,-550
103000100,247,361,-114
103000101,1613,121,1492
103000102,159,314,-155
103000103,1050,135,915
103000104,110,72,38
103000105,261,56,205
103000106,19,167,-148
103000107,221,96,125
103000108,1665,1153,512
103000109,687,626,61
103000110,923,657,266
103000111,385,764,-379
103000112,292,658,-366
103000113,248,1436,-1188
103000114,1456,1372,84
103000115,1097,687,410
103000116,1149,378,771
103000117,655,442,213
103000118,377,318,59
103000119,954,363,591
103000120,83,210,-127
103000121,57,158,-101
103000122,259,260,-1
103000125,40,73,-33
103000126,1011,3,1008
103000127,10,94,-84
103000128,197,1,196
103000129,1,104,-103
103000130,120,60,60
103000131,121,121,0
103000132,64,131,-67
103000133,32,71,-39
103000134,198,1246,-1048
103000135,741,172,569
103000136,442,685,-243
103000137,479,761,-282
103000138,625,784,-159
103000139,0,110,-110
103000140,174,34,140
103000141,35,229,-194
103000142,108,108,0
103000143,82,174,-92
103000144,141,125,16
103000145,38,316,-278
103000150,76,44,32
103000152,193,276,-83
103000153,278,225,53
103000156,16,91,-75
103000157,569,1,568
103000159,205,162,43
103000162,29,5,24
103000163,2,16,-14
103000164,2,3,-1
103000165,79,122,-43
103000166,241,631,-390
103000167,224,168,56
103000168,230,153,77
103000169,148,649,-501
103000170,1325,170,1155
103000171,37,115,-78
103000172,1360,281,1079
103000173,1165,149,1016
103000174,419,154,265
103000175,340,153,187
103000176,872,820,52
103000177,262,401,-139
103000178,120,305,-185
103000179,173,43,130
103000183,329,13,316
103000185,293,57,236
103000186,271,81,190
103000187,1345,127,1218
103000188,62,186,-124
103000189,952,648,304
103000191,495,679,-184
103000292,473,2161,-1688
103000293,745,4120,-3375
103000295,80,167,-87
103000296,87,2,85
103000297,3,108,-105
103000504,163,17,146
103000505,5,56,-51
103000506,1,71,-70
103000507,230,5,225
103000508,83,96,-13
103000509,236,335,-99
103900001,2,43,-41
103900002,687,143,544
103900003,1049,191,858
103900004,226,2,224
103900005,0,63,-63
103900006,7,5,2
103900007,132,9,123
103900008,40,2,38
103900009,529,280,249
103900010,269,165,104
103900011,674,62,612
103900012,19,58,-39
103900013,119,21,98
103900014,129,21,108
103900015,201,12,189
103900016,216,115,101
103900017,85,66,19
103900018,293,118,175
103900019,49,376,-327
103900020,304,639,-335
103900021,239,36,203
103900022,545,408,137
103900023,309,0,309
103900024,113,306,-193
103900025,14,23,-9
103900026,17,0,17
103900027,457,204,253
103900028,79,414,-335
103900029,1113,108,1005
103900030,513,196,317
103900031,65,9,56
103900032,106,88,18
103900033,103,16,87
103900034,51,32,19
103900035,114,65,49
103900036,78,54,24
103900037,188,89,99
103900038,112,186,-74
103900039,214,84,130
103900040,22,79,-57
103900041,92,32,60
103900042,191,79,112
103900043,431,17,414
103900044,75,866,-791
103900045,469,110,359
103900047,122,15,107
103900048,18,57,-39
103900049,115,1525,-1410
103900050,32,215,-183
103900051,0,67,-67
103900052,227,385,-158
103900053,307,200,107
103900054,216,127,89
103900055,556,191,365
103900056,49,26,23
103900057,175,69,106
103900058,504,176,328
103900059,0,66,-66
103900060,106,74,32
103900061,308,15,293
103900062,891,252,639
103900063,13,0,13
103900064,274,2,272
103900065,328,325,3
103900066,399,100,299
103900067,314,8,306
103900068,25,1,24
103900069,137,17,120
103900070,170,172,-2
103900071,30,67,-37
103900072,34,53,-19
103900073,33,93,-60
103900074,158,22,136
103900075,237,29,208
103900076,983,182,801
103900077,60,294,-234
103900078,395,79,316
103900079,155,265,-110
103900080,1,30,-29
103900081,10,39,-29
103900082,40,171,-131
103900083,1341,2112,-771
103900084,79,328,-249
103900085,57,151,-94
103900086,1496,402,1094
103900087,18,108,-90
103900088,313,658,-345
103900089,84,104,-20
103900090,3,62,-59
103900091,579,147,432
103900092,814,651,163
103900093,89,331,-242
103900094,22,44,-22
103900095,246,210,36
103900096,106,91,15
103900097,25,253,-228
103900098,467,130,337
103900099,292,42,250
103900100,513,97,416
103900101,186,686,-500
103900102,1,22,-21
103900104,1,29,-28
103900105,11,68,-57
103900106,0,176,-176
103900107,327,47,280
103900108,59,104,-45
103900109,209,17,192
103900110,492,32,460
103900111,202,191,11
103900112,75,171,-96
103900113,103,255,-152
103900114,607,219,388
103900115,156,286,-130
103900116,1317,2315,-998
103900117,59,31,28
103900119,29,118,-89
103900120,53,44,9
103900122,295,66,229
103900123,376,745,-369
103900124,31,18,13
103900125,147,38,109
103900126,863,110,753
103900127,236,197,39
103900128,203,50,153
103900131,33,36,-3
103900133,1153,31,1122
103900134,0,12,-12
103900135,4,1,3
103900137,0,10,-10
103900138,157,38,119
103900139,149,4284,-4135
103900140,8,349,-341
103900141,226,40,186
103900142,525,59,466
103900143,198,1,197
103900144,0,9,-9
103900145,157,203,-46
103900146,241,115,126
103900147,539,95,444
103900148,526,154,372
103900149,409,180,229
103900150,4161,6711,-2550
103900151,15,175,-160
103900152,1308,260,1048
103900153,16,9,7
103900154,236,2645,-2409
103900155,59,76,-17
103900156,89,28,61
103900157,114,68,46
103900158,280,31,249
103900159,344,25,319
103900160,57,18,39
103900161,72,149,-77
103900162,65,73,-8
103900163,14,312,-298
103900164,302,12,290
103900167,15,197,-182
103900168,169,49,120
103900169,11,105,-94
103900170,1,80,-79
103900171,7,44,-37
103900172,3,5,-2
103900173,17,25,-8
103900174,502,50,452
103900175,32,147,-115
103900176,24,21,3
103900177,32,14,18
103900178,81,10,71
103900179,79,18,61
103900180,14,31,-17
103900181,34,63,-29
103900182,10,33,-23
103900184,180,118,62
103900185,85,857,-772
103900187,29,111,-82
103900188,93,48,45
103900189,98,11,87
103900190,92,52,40
103900191,57,80,-23
103900192,79,96,-17
103900193,49,153,-104
103900194,113,86,27
103900195,4,165,-161
103900196,44,48,-4
103900197,13,20,-7
103900198,13,17,-4
103900199,150,64,86
103900200,297,62,235
103900201,108,97,11
103900202,15,54,-39
103900203,47,56,-9
103900204,0,21,-21
103900207,0,35,-35
103900208,233,1,232
103900209,6,61,-55
103900210,70,36,34
103900211,816,109,707
103900212,317,126,191
103900213,44,248,-204
103900214,255,293,-38
103900215,159,369,-210
103900216,10,265,-255
103900217,275,73,202
103900218,3,473,-470
103900219,265,121,144
103900233,443,78,365
103900235,33,293,-260
103900236,12,34,-22
103900242,1,1,0
103900243,0,0,0
103900244,187,78,109
103900245,126,75,51
103900246,23,66,-43
103900247,12,49,-37
103900248,6,112,-106
103900249,5,87,-82
103900250,29,35,-6
103900251,2,76,-74
103900253,13,49,-36
103900254,8,16,-8
103900255,9,23,-14
103900256,18,34,-16
103900257,67,192,-125
103900258,39,8,31
103900259,21,1,20
103900261,25,2,23
103900262,31,4,27
103900263,66,98,-32
103900264,52,15,37
103900265,18,1,17
103900266,0,93,-93
103900267,4,22,-18
104000001,3327,2182,1145
104000002,2233,1807,426
104000003,2700,2416,284
104000004,2310,2295,15
104000005,2342,2439,-97
104000006,3341,2384,957
104000007,4419,3447,972
104000008,169,185,-16
104000009,356,131,225
104000010,127,569,-442
104000011,280,177,103
104000012,141,191,-50
104000013,504,551,-47
104000014,228,277,-49
104000015,583,195,388
104000016,313,210,103
104000018,1043,283,760
104000019,719,352,367
104000020,89,309,-220
104000021,400,264,136
104000022,216,338,-122
104000023,1281,419,862
104000024,206,263,-57
104000026,94,243,-149
104000027,360,165,195
104000028,392,278,114
104000029,222,178,44
104000030,434,262,172
104000031,1748,319,1429
104000032,233,148,85
104000033,1010,532,478
104000034,333,138,195
104000035,1476,400,1076
104000036,1587,363,1224
104000037,232,133,99
104000038,535,346,189
104000039,248,110,138
104000040,112,477,-365
104000041,722,465,257
104000042,167,193,-26
104000043,218,271,-53
104000044,256,413,-157
104000045,767,629,138
104000046,722,875,-153
104000047,529,670,-141
104000048,915,739,176
104000049,787,340,447
104000050,135,799,-664
104000051,252,556,-304
104000052,2578,1989,589
104000053,1143,447,696
104000054,633,166,467
104000055,2951,2024,927
104000056,625,179,446
104000057,330,213,117
104000058,1061,785,276
104000059,829,905,-76
104000060,1373,1596,-223
104000061,1237,883,354
104000062,452,121,331
104000064,643,346,297
104000065,249,848,-599
104000069,515,1661,-1146
104000070,99,567,-468
104000071,147,358,-211
104000072,550,221,329
104000075,194,233,-39
104000076,461,76,385
104000082,2524,4258,-1734
104000083,620,201,419
104000084,112,413,-301
104000085,558,458,100
104000086,344,470,-126
104000087,328,2101,-1773
104000090,1287,696,591
104000092,1811,976,835
104000094,1003,688,315
104000095,3376,1314,2062
104000096,2550,63,2487
104000097,3126,516,2610
104000098,4399,546,3853
104000100,2763,741,2022
104000101,1630,1286,344
104000106,59,664,-605
104000107,745,194,551
104000108,257,319,-62
104000109,352,209,143
104000110,671,1126,-455
104000111,2438,3729,-1291
104000112,644,454,190
104000116,0,447,-447
104000117,274,300,-26
104000118,1418,119,1299
104000119,1057,287,770
104000120,293,347,-54
104000121,338,522,-184
104000122,1076,788,288
104000123,906,503,403
104000124,416,1166,-750
104000125,2435,5418,-2983
104000126,683,589,94
104000127,1266,1304,-38
104000128,752,219,533
104000129,48,2,46
104000130,0,409,-409
104000131,305,285,20
104000132,245,398,-153
104000133,1516,898,618
104000134,1058,1720,-662
104000135,664,1726,-1062
104000136,853,3224,-2371
104000137,2427,328,2099
104000138,1022,451,571
104000139,2478,2637,-159
104000141,742,671,71
104000142,638,383,255
104000143,720,261,459
104000144,157,172,-15
104000145,430,231,199
104000146,195,400,-205
104000147,89,321,-232
104000148,523,194,329
104000149,122,92,30
104000150,1330,717,613
104000151,326,202,124
104000152,590,335,255
104000153,969,789,180
104000154,702,321,381
104000155,570,888,-318
104000157,1467,930,537
104000158,169,581,-412
104000159,870,559,311
104000160,1717,2613,-896
104000161,274,182,92
104000162,125,159,-34
104000165,574,762,-188
104000167,856,1565,-709
104000168,996,18,978
104000169,239,54,185
104000170,157,461,-304
104000248,396,377,19
104000251,102,92,10
104000272,0,0,0
104000273,0,0,0
104000274,0,0,0
104000275,0,0,0
104000279,576,506,70
104000290,84,303,-219
104000291,469,1068,-599
104000293,1335,993,342
104000294,213,1,212
104000295,871,684,187
104000296,691,565,126
104000297,828,1889,-1061
104000298,1819,838,981
104000299,746,1119,-373
104900001,143,220,-77
104900002,130,302,-172
104900003,77,225,-148
104900004,113,106,7
104900005,584,404,180
104900006,651,130,521
104900007,481,217,264
104900009,142,177,-35
104900010,93,49,44
104900011,20,54,-34
104900012,290,66,224
104900013,106,19,87
104900014,1582,359,1223
104900015,125,8,117
104900016,375,163,212
104900017,181,159,22
104900018,20,147,-127
104900019,192,6778,-6586
104900020,35,255,-220
104900021,0,39,-39
104900022,13,188,-175
104900023,2,22,-20
104900024,25,244,-219
104900025,58,134,-76
104900026,0,78,-78
104900027,868,408,460
104900028,38,147,-109
104900029,10,27,-17
104900030,655,172,483
104900031,48,317,-269
104900032,76,58,18
104900033,294,210,84
104900034,507,198,309
104900035,601,236,365
104900036,457,45,412
104900037,191,186,5
104900038,181,1346,-1165
104900039,401,625,-224
104900040,763,55,708
104900041,560,146,414
104900042,255,324,-69
104900043,19,300,-281
104900044,1220,157,1063
104900045,459,80,379
104900046,674,79,595
104900047,663,119,544
104900048,567,91,476
104900049,62,55,7
104900050,497,52,445
104900051,420,65,355
104900052,207,5,202
104900053,614,103,511
104900054,275,27,248
104900055,334,7,327
104900056,306,33,273
104900057,68,0,68
104900058,442,1024,-582
104900059,140,25,115
104900060,2,315,-313
104900061,150,252,-102
104900063,0,283,-283
104900064,1,194,-193
104900065,0,353,-353
104900066,5,128,-123
104900067,10,307,-297
104900068,59,161,-102
104900070,127,204,-77
104900071,1,438,-437
104900072,56,207,-151
104900073,137,68,69
104900074,103,122,-19
104900075,114,30,84
104900076,120,177,-57
104900077,470,345,125
104900078,299,182,117
104900079,174,859,-685
104900080,164,273,-109
104900082,10,267,-257
104900085,10,88,-78
104900087,440,5,435
104900089,489,2,487
104900090,1662,901,761
104900091,502,467,35
104900093,251,275,-24
104900097,1215,3881,-2666
104900098,437,50,387
104900099,80,992,-912
104900100,279,202,77
104900102,70,66,4
104900103,385,64,321
104900104,1729,2615,-886
104900106,221,117,104
104900107,133,114,19
104900108,76,113,-37
104900109,100,176,-76
104900110,27,35,-8
104900111,675,93,582
104900112,497,261,236
104900113,1016,205,811
104900114,771,323,448
104900115,1103,179,924
104900116,651,87,564
104900118,39,45,-6
104900119,0,76,-76
104900120,5,674,-669
104900121,0,24,-24
104900122,0,38,-38
104900123,107,25,82
104900124,92,0,92
104900125,469,7,462
104900126,26,14,12
104900127,16,68,-52
104900128,97,60,37
104900129,1008,3525,-2517
105000001,3246,1345,1901
105000002,2962,1848,1114
105000003,2731,4134,-1403
105000004,980,643,337
105000005,1687,1331,356
105000006,1649,1956,-307
105000007,1883,2646,-763
105000008,955,4770,-3815
105000009,3281,4363,-1082
105000010,2344,1156,1188
105000011,4017,3500,517
105000012,2286,1706,580
105000013,1457,1434,23
105000014,3286,4674,-1388
105000015,9434,16154,-6720
105000016,1020,1167,-147
105000017,1291,789,502
105000018,845,2060,-1215
105000019,967,1153,-186
105000020,89,610,-521
105000021,197,192,5
105000022,160,245,-85
105000023,678,192,486
105000028,26,50,-24
105000029,594,1846,-1252
105000030,2831,1784,1047
105000033,954,1131,-177
105000034,117,1508,-1391
105000037,706,252,454
105000038,1409,1634,-225
105000039,1252,1035,217
105000040,992,1919,-927
105000041,301,917,-616
105000042,2501,1966,535
105000043,806,1465,-659
105000044,1309,531,778
105000045,395,419,-24
105000046,1445,368,1077
105000047,606,381,225
105000048,1004,282,722
105000049,224,425,-201
105000050,908,517,391
105000051,98,306,-208
105000052,751,1096,-345
105000053,74,113,-39
105000054,501,1008,-507
105000055,894,407,487
105000056,1976,1438,538
105000057,1352,572,780
105000058,1248,771,477
105000059,1049,595,454
105000060,500,398,102
105000061,1311,575,736
105000062,629,461,168
105000063,304,267,37
105000064,2744,808,1936
105000065,457,355,102
105000066,938,1021,-83
105000067,2072,1114,958
105000068,319,642,-323
105000069,1367,2988,-1621
105000070,476,1373,-897
105000071,232,1864,-1632
105000072,943,4331,-3388
105000073,1141,789,352
105000074,554,423,131
105000075,603,433,170
105000076,935,688,247
105000077,1758,908,850
105000078,960,1537,-577
105000079,950,2502,-1552
105000080,2075,1880,195
105000081,1355,1153,202
105000082,789,2071,-1282
105000083,2096,3776,-1680
105000084,568,600,-32
105000085,2580,2419,161
105000086,795,858,-63
105000087,1318,1481,-163
105000088,1583,2333,-750
105000089,1905,1404,501
105000090,593,477,116
105000091,862,1094,-232
105000092,548,1030,-482
105000093,359,469,-110
105000094,273,241,32
105000095,126,653,-527
105000096,1256,1882,-626
105000097,545,643,-98
105000098,1173,1071,102
105000099,666,894,-228
105000100,2194,1182,1012
105000101,2382,1343,1039
105000102,1706,1538,168
105000103,1334,2287,-953
105000104,2380,1064,1316
105000105,1212,1645,-433
105000106,2033,1382,651
105000107,2312,1025,1287
105000108,2547,1336,1211
105000109,2738,1162,1576
105000110,1225,522,703
105000111,1697,474,1223
105000112,1314,679,635
105000113,499,815,-316
105000114,1839,1451,388
105000115,292,1601,-1309
105000116,1354,781,573
105000117,583,450,133
105000118,1205,492,713
105000119,712,760,-48
105000120,1917,948,969
105000121,910,923,-13
105000122,448,767,-319
105000123,717,624,93
105000124,2637,633,2004
105000125,1024,1021,3
105000126,2488,1362,1126
105000127,3101,1430,1671
105000128,857,1218,-361
105000129,1504,287,1217
105000130,284,3885,-3601
105000131,633,231,402
105000132,1626,1011,615
105000133,643,754,-111
105000134,1546,730,816
105000135,308,459,-151
105000136,72,47,25
105000137,565,170,395
105000138,74,32,42
105000139,1026,453,573
105000140,424,290,134
105000141,369,284,85
105000142,310,312,-2
105000143,192,401,-209
105000144,294,511,-217
105000145,865,162,703
105000146,327,603,-276
105000147,767,341,426
105000148,934,710,224
105000149,3180,2789,391
105000150,1295,961,334
105000151,761,531,230
105000152,232,419,-187
105000153,827,679,148
105000154,671,421,250
105000155,287,848,-561
105000156,383,547,-164
105000157,638,1292,-654
105000158,2256,922,1334
105000159,371,864,-493
105000160,3594,826,2768
105000161,755,1040,-285
105000162,860,2883,-2023
105000163,952,999,-47
105000164,159,438,-279
105000165,684,9073,-8389
105000166,4497,1726,2771
105000167,1297,3269,-1972
105000168,659,335,324
105000169,987,136,851
105000170,394,1267,-873
105000171,1527,239,1288
105000172,231,36,195
105000173,441,48,393
105000174,144,75,69
105000175,122,81,41
105000176,833,93,740
105000177,597,296,301
105000178,373,336,37
105000179,1307,99,1208
105000180,359,102,257
105000181,309,176,133
105000182,78,46,32
105000183,1874,2751,-877
105000184,514,882,-368
105000185,647,1187,-540
105000186,454,518,-64
105000187,819,284,535
105000188,137,249,-112
105000189,76,574,-498
105000190,278,292,-14
105000191,363,276,87
105000192,560,45,515
105000193,74,127,-53
105000194,769,105,664
105000195,366,904,-538
105000196,88,284,-196
105000197,236,596,-360
105000198,334,224,110
105000199,81,457,-376
105000200,138,394,-256
105000201,82,66,16
105000203,16,88,-72
105000204,97,49,48
105000205,54,127,-73
105000207,195,107,88
105000208,170,692,-522
105000209,142,156,-14
105000212,1363,558,805
105000213,78,230,-152
105000214,132,191,-59
105000215,392,159,233
105000216,186,95,91
105000217,305,154,151
105000218,2365,1064,1301
105000221,222,242,-20
105000222,398,146,252
105000223,326,159,167
105000226,118,178,-60
105000227,77,116,-39
105000228,103,2472,-2369
105000229,210,731,-521
105000231,561,408,153
105000233,926,877,49
105000234,404,696,-292
105000235,556,545,11
105000237,1410,96,1314
105000243,86,75,11
105000248,59,107,-48
105000262,660,531,129
105000269,196,204,-8
105000270,678,31,647
105000271,0,124,-124
105000282,57,75,-18
105000287,281,124,157
105000288,831,566,265
105000289,738,2068,-1330
105000290,14,18,-4
105000402,2315,4506,-2191
105000426,236,505,-269
105000438,1140,1221,-81
105000446,6915,4428,2487
105000447,2432,1528,904
105000454,942,135,807
105000455,187,124,63
105000474,132,0,132
105000477,921,663,258
105000478,2992,6739,-3747
105000479,156,203,-47
105000480,5243,7958,-2715
105000481,4662,5270,-608
105000482,2242,3533,-1291
105000483,1902,3749,-1847
105000484,1251,1869,-618
105000485,1094,3492,-2398
105000486,1458,1987,-529
105000488,3422,2130,1292
105000489,1406,816,590
105000549,65,152,-87
105000550,285,1102,-817
105000551,33,65,-32
105000552,1865,1161,704
105900001,7,2071,-2064
105900002,731,1121,-390
105900003,20,125,-105
105900004,191,73,118
105900005,46,169,-123
105900006,28,187,-159
105900007,64,49,15
105900008,77,249,-172
105900009,36,31,5
105900011,156,50,106
105900012,647,92,555
105900013,4,47,-43
105900014,26,74,-48
105900015,111,339,-228
105900016,953,368,585
105900017,1810,41,1769
105900018,150,180,-30
105900019,85,371,-286
105900020,42,73,-31
105900021,34,587,-553
105900022,353,165,188
105900023,19,155,-136
105900024,5,369,-364
105900025,322,7,315
105900026,221,10,211
105900027,13953,4957,8996
105900028,265,431,-166
105900029,2158,357,1801
105900030,218,268,-50
105900031,249,176,73
105900032,139,108,31
105900033,95,77,18
105900034,368,162,206
105900035,360,129,231
105900036,170,95,75
105900037,110,30,80
105900038,279,191,88
105900039,178,58,120
105900040,113,67,46
105900041,194,151,43
105900042,116,105,11
105900043,979,37,942
105900044,3,317,-314
105900045,4,1264,-1260
105900046,1,266,-265
105900047,4,78,-74
105900048,131,298,-167
105900050,2910,8471,-5561
105900051,74,1040,-966
105900052,708,148,560
105900053,2085,3783,-1698
105900054,157,193,-36
105900056,542,639,-97
105900057,13,127,-114
105900058,33,13,20
105900059,0,94,-94
106000001,1964,2418,-454
106000002,737,3283,-2546
106000003,2979,4080,-1101
106000004,1240,1771,-531
106000005,4458,4267,191
106000006,4230,1529,2701
106000007,557,384,173
106000008,366,228,138
106000009,507,293,214
106000010,562,495,67
106000011,2260,1237,1023
106000012,1098,960,138
106000013,2284,2053,231
106000014,2021,1221,800
106000015,2803,1354,1449
106000016,1522,1301,221
106000017,723,776,-53
106000018,700,467,233
106000019,540,495,45
106000020,429,208,221
106000021,344,448,-104
106000022,421,134,287
106000023,784,384,400
106000024,647,336,311
106000025,161,246,-85
106000026,50,102,-52
106000027,2084,1629,455
106000028,855,151,704
106000029,656,562,94
106000030,225,557,-332
106000034,145,276,-131
106000035,963,2051,-1088
106000036,160,340,-180
106000037,1145,1246,-101
106000038,68,169,-101
106000039,40,116,-76
106000040,114,934,-820
106000041,678,548,130
106000043,418,264,154
106000046,346,90,256
106000047,45,573,-528
106000049,1317,241,1076
106000050,189,338,-149
106000051,1098,654,444
106000052,154,229,-75
106000053,577,137,440
106000054,358,187,171
106000055,999,581,418
106000056,291,200,91
106000057,553,226,327
106000058,167,131,36
106000059,445,291,154
106000060,194,298,-104
106000061,178,744,-566
106000062,188,263,-75
106000063,1124,807,317
106000064,32,229,-197
106000065,527,197,330
106000066,98,209,-111
106000067,583,59,524
106000068,96,392,-296
106000069,442,73,369
106000070,394,483,-89
106000071,891,297,594
106000072,2604,1493,1111
106000073,1214,4445,-3231
106000074,739,721,18
106000075,408,1129,-721
106000076,1607,1371,236
106000077,2298,917,1381
106000078,1469,546,923
106000079,1047,617,430
106000080,1371,425,946
106000081,1005,742,263
106000082,1781,529,1252
106000083,483,1218,-735
106000084,928,536,392
106000085,1548,1281,267
106000086,493,648,-155
106000087,952,410,542
106000088,369,642,-273
106000089,1291,219,1072
106000090,439,457,-18
106000091,209,299,-90
106000092,1098,253,845
106000093,355,124,231
106000094,81,187,-106
106000095,1308,448,860
106000096,1341,470,871
106000097,1478,531,947
106000098,1171,462,709
106000099,287,548,-261
106000100,1460,174,1286
106000101,861,309,552
106000102,95,539,-444
106000103,273,443,-170
106000104,1032,317,715
106000105,503,460,43
106000106,947,255,692
106000107,181,171,10
106000108,444,112,332
106000109,255,134,121
106000110,462,126,336
106000111,238,135,103
106000112,389,693,-304
106000113,458,407,51
106000114,518,816,-298
106000115,272,276,-4
106000116,465,257,208
106000117,958,432,526
106000118,1591,1468,123
106000119,1040,546,494
106000120,1221,1753,-532
106000121,388,159,229
106000122,297,94,203
106000123,1011,84,927
106000124,154,130,24
106000125,52,120,-68
106000126,485,42,443
106000127,1411,473,938
106000128,992,114,878
106000129,606,303,303
106000130,1120,291,829
106000131,110,667,-557
106000132,466,147,319
106000133,1545,1604,-59
106000134,422,2987,-2565
106000135,86,580,-494
106000136,765,1487,-722
106000137,82,727,-645
106000138,2248,69,2179
106000139,44,64,-20
106000140,45,41,4
106000141,189,21,168
106000142,153,39,114
106000143,12,33,-21
106000144,47,112,-65
106000145,517,128,389
106000146,507,138,369
106000147,368,268,100
106000148,415,484,-69
106000149,838,312,526
106000150,674,2192,-1518
106000151,3073,652,2421
106000152,862,2517,-1655
106000153,79,1761,-1682
106000154,1094,120,974
106000155,150,301,-151
106000156,1994,184,1810
106000157,846,1550,-704
106000158,1487,711,776
106000159,2191,2172,19
106000160,653,4652,-3999
106000161,1042,229,813
106000162,437,1580,-1143
106000163,531,210,321
106000164,947,277,670
106000165,366,290,76
106000166,1404,244,1160
106000167,454,728,-274
106000168,954,203,751
106000169,446,330,116
106000170,1389,258,1131
106000171,250,881,-631
106000172,3017,1209,1808
106000173,933,2371,-1438
106000174,1537,366,1171
106000175,237,606,-369
106000176,2597,986,1611
106000177,942,1786,-844
106000178,3000,1498,1502
106000179,658,1216,-558
106000180,720,675,45
106000181,1417,1389,28
106000182,2157,551,1606
106000183,2175,434,1741
106000184,1975,614,1361
106000185,1525,1423,102
106000186,529,62,467
106000187,118,1066,-948
106000188,0,0,0
106000189,15,41,-26
106000190,52,3,49
106000191,687,84,603
106000192,0,10,-10
106000193,407,224,183
106000194,124,442,-318
106000195,595,350,245
106000196,144,782,-638
106000197,925,447,478
106000198,326,175,151
106000199,721,961,-240
106000200,327,221,106
106000201,421,4954,-4533
106000202,2137,532,1605
106000203,56,103,-47
106000204,132,11,121
106000205,11,114,-103
106000206,103,28,75
106000207,9,286,-277
106000208,1925,246,1679
106000209,2384,601,1783
106000210,271,631,-360
106000211,166,939,-773
106000212,1130,603,527
106000213,157,998,-841
106000214,1154,430,724
106000215,408,390,18
106000216,510,353,157
106000217,256,370,-114
106000218,309,214,95
106000219,191,237,-46
106000220,569,172,397
106000221,386,88,298
106000222,149,60,89
106000223,473,114,359
106000224,339,73,266
106000225,107,194,-87
106000226,85,91,-6
106000228,133,92,41
106000229,76,440,-364
106000231,1370,91,1279
106000232,68,128,-60
106000233,626,73,553
106000234,55,272,-217
106000235,480,177,303
106000236,90,126,-36
106000237,0,8,-8
106000238,7,30,-23
106000239,2,88,-86
106000240,38,6,32
106000241,13,405,-392
106000242,203,31,172
106000249,129,43,86
106000250,86,592,-506
106000251,147,11,136
106000252,23,82,-59
106000253,87,80,7
106000254,94,33,61
106000255,36,184,-148
106000256,54,33,21
106000257,183,198,-15
106000258,175,58,117
106000259,1,74,-73
106000260,39,18,21
106000261,4,66,-62
106000262,64,16,48
106000263,32,46,-14
106000264,216,14,202
106000265,14,114,-100
106000266,119,24,95
106000267,7,126,-119
106000268,254,47,207
106000269,43,44,-1
106000270,85,257,-172
106000271,113,105,8
106000272,168,30,138
106000273,30,165,-135
106000274,140,35,105
106000275,235,209,26
106000276,105,33,72
106000277,112,189,-77
106000278,137,31,106
106000279,30,16,14
106000280,110,32,78
106000281,114,30,84
106000282,95,56,39
106000283,191,33,158
106000284,200,75,125
106000285,148,70,78
106000286,140,152,-12
106000287,107,60,47
106000288,143,81,62
106000289,131,59,72
106000290,65,88,-23
106000291,113,127,-14
106000292,75,50,25
106000293,117,148,-31
106000294,123,80,43
106000295,76,74,2
106000296,46,67,-21
106000297,45,253,-208
106000298,104,93,11
106000299,75,81,-6
106000300,57,91,-34
106000301,69,100,-31
106000303,21,71,-50
106000304,50,22,28
106000305,57,45,12
106000306,49,32,17
106000307,127,24,103
106000308,45,115,-70
106000309,29,72,-43
106000310,440,236,204
106000311,435,134,301
106000312,154,81,73
106000313,387,141,246
106000318,48,483,-435
106000319,1671,379,1292
106000320,1,58,-57
106000321,137,158,-21
106000322,358,42,316
106000324,22,65,-43
106000325,2337,1000,1337
106000326,1050,1246,-196
106000327,273,41,232
106000328,37,60,-23
106000329,105,275,-170
106000330,76,86,-10
106000428,88,212,-124
106000429,160,183,-23
106000430,344,753,-409
106000431,2570,446,2124
106000432,852,2042,-1190
106000433,2447,1350,1097
106000434,3526,1326,2200
106000435,1028,2037,-1009
106000436,13,145,-132
106000437,468,100,368
106000438,270,324,-54
106000439,86,433,-347
106000440,198,415,-217
106000441,3,2,1
106000442,250,33,217
106000443,366,165,201
106000450,0,90,-90
106000451,12,131,-119
106000454,1,137,-136
106000455,11,115,-104
106000456,66,30,36
106000457,34,339,-305
106000458,1231,59,1172
106000459,343,84,259
106000460,2233,21,2212
106000461,269,268,1
106000462,1,64,-63
106000463,5,7,-2
106000464,16,160,-144
106000465,1158,2,1156
106000466,5,239,-234
106000467,154,180,-26
106000468,132,136,-4
106000469,80,2,78
106000470,244,2248,-2004
106000471,6,324,-318
106000472,161,25,136
106000473,38,7,31
106000474,257,307,-50
106000475,402,157,245
106000476,161,201,-40
106000477,19,12,7
106900001,0,37,-37
106900002,2,188,-186
106900003,144,988,-844
106900004,0,11,-11
106900006,0,5,-5
106900007,0,14,-14
106900008,759,57,702
106900009,497,177,320
106900010,263,231,32
106900012,976,3196,-2220
106900013,670,206,464
106900014,48,7,41
106900015,13,2,11
106900016,472,28,444
106900017,27,1,26
106900018,5,0,5
106900019,196,2,194
106900020,1449,2374,-925
106900021,173,89,84
106900022,1422,7,1415
106900023,27,101,-74
106900024,818,65,753
106900025,34,447,-413
106900026,0,186,-186
106900027,1260,5,1255
107000001,2666,6324,-3658
107000002,1384,2348,-964
107000003,9018,7257,1761
107000004,3865,1962,1903
107000005,9045,6875,2170
107000006,3083,1564,1519
107000007,6208,9905,-3697
107000008,4512,3218,1294
107000009,11162,9080,2082
107000010,5931,4421,1510
107000011,568,737,-169
107000012,2008,1701,307
107000013,124,49,75
107000014,132,71,61
107000015,459,285,174
107000016,1062,357,705
107000017,788,3283,-2495
107000018,12,3304,-3292
107000020,729,3335,-2606
107000021,1199,396,803
107000022,1031,2234,-1203
107000023,1857,223,1634
107000024,724,1677,-953
107000025,211,304,-93
107000026,351,460,-109
107000027,1847,899,948
107000028,1460,640,820
107000029,4454,3458,996
107000030,2037,1441,596
107000031,6269,3304,2965
107000032,309,637,-328
107000033,2529,3560,-1031
107000034,5625,1214,4411
107000035,524,254,270
107000036,678,1506,-828
107000037,118,973,-855
107000038,281,210,71
107000039,1003,930,73
107000040,379,253,126
107000041,1497,961,536
107000042,599,2090,-1491
107000043,1788,953,835
107000044,334,336,-2
107000045,65,345,-280
107000046,1078,424,654
107000047,451,745,-294
107000048,708,330,378
107000049,478,615,-137
107000050,999,510,489
107000051,182,284,-102
107000052,1016,1050,-34
107000053,356,409,-53
107000054,31,166,-135
107000055,165,135,30
107000056,379,423,-44
107000057,1149,112,1037
107000058,2088,2760,-672
107000059,2044,2555,-511
107000060,6090,5647,443
107000061,4220,2063,2157
107000062,7283,3280,4003
107000063,4131,2647,1484
107000064,6139,3594,2545
107000065,2906,2558,348
107000066,1975,3457,-1482
107000067,1500,1597,-97
107000068,973,1169,-196
107000069,1231,783,448
107000070,1334,8,1326
107000071,5154,85,5069
107000072,12,1242,-1230
107000073,1281,803,478
107000074,86,549,-463
107000075,2608,696,1912
107000076,361,831,-470
107000077,4362,1359,3003
107000078,1062,1520,-458
107000079,3709,1181,2528
107000080,675,1604,-929
107000081,3477,615,2862
107000082,677,609,68
107000083,2034,879,1155
107000084,326,851,-525
107000085,3189,3405,-216
107000086,2775,2446,329
107000087,3672,2820,852
107000088,2890,2912,-22
107000089,2409,2481,-72
107000090,1393,796,597
107000091,1909,1086,823
107000092,1138,722,416
107000093,1740,1083,657
107000094,872,729,143
107000095,1216,595,621
107000096,489,433,56
107000097,417,292,125
107000098,206,294,-88
107000099,431,533,-102
107000100,296,261,35
107000101,162,230,-68
107000102,178,243,-65
107000103,286,245,41
107000104,204,162,42
107000105,537,145,392
107000106,174,111,63
107000107,689,127,562
107000108,120,263,-143
107000109,965,134,831
107000110,71,100,-29
107000111,618,67,551
107000112,27,100,-73
107000113,912,70,842
107000114,107,236,-129
107000115,934,311,623
107000116,99,384,-285
107000117,222,1359,-1137
107000118,68,86,-18
107000119,1337,1668,-331
107000120,554,573,-19
107000121,1253,598,655
107000122,896,452,444
107000123,654,431,223
107000124,767,388,379
107000125,1133,419,714
107000126,779,212,567
107000127,29,197,-168
107000129,188,100,88
107000130,348,289,59
107000131,416,217,199
107000132,714,340,374
107000133,401,256,145
107000134,346,2,344
107000135,1,490,-489
107000136,704,5,699
107000137,1,655,-654
107000138,162,30,132
107000139,7,973,-966
107000140,2127,112,2015
107000141,109,951,-842
107000142,686,109,577
107000143,72,578,-506
107000144,744,747,-3
107000145,170,398,-228
107000146,211,411,-200
107000147,4446,745,3701
107000150,422,3929,-3507
107000151,24,61,-37
107000152,826,2618,-1792
107000153,45,275,-230
107000154,17,504,-487
107000155,1421,12,1409
107000156,2008,18,1990
107000157,59,478,-419
107000158,803,20,783
107000159,34,310,-276
107000160,2194,301,1893
107000161,126,445,-319
107000162,373,903,-530
107000163,270,6,264
107000164,1282,3,1279
107000165,1948,14,1934
107000166,35,306,-271
107000167,1087,267,820
107000168,1123,589,534
107000169,332,431,-99
107000170,4410,888,3522
107000171,748,748,0
107000172,1922,2141,-219
107000173,432,459,-27
107000174,1383,7514,-6131
107000175,3139,823,2316
107000176,6,1,5
107000177,16,1,15
107000178,43,4,39
107000179,377,921,-544
107000180,2271,175,2096
107000181,641,648,-7
107000182,2570,480,2090
107000183,204,489,-285
107000184,1900,437,1463
107000185,489,957,-468
107000186,1725,365,1360
107000187,1308,1099,209
107000188,829,452,377
107000189,838,745,93
107000190,903,525,378
107000191,1137,872,265
107000192,2124,566,1558
107000193,516,581,-65
107000194,734,504,230
107000197,1161,294,867
107000198,415,408,7
107000199,1296,713,583
107000200,831,810,21
107000201,466,541,-75
107000202,384,483,-99
107000203,633,1737,-1104
107000204,670,1815,-1145
107000205,1176,680,496
107000206,461,1641,-1180
107000207,604,1414,-810
107000208,556,601,-45
107000209,791,1351,-560
107000210,107,220,-113
107000211,3,67,-64
107000212,5,159,-154
107000213,8,36,-28
107000214,17,74,-57
107000215,596,139,457
107000216,684,412,272
107000217,223,95,128
107000219,108,354,-246
107000220,213,86,127
107000222,266,364,-98
107000224,892,115,777
107000225,172,264,-92
107000226,863,144,719
107000227,98,122,-24
107000228,253,437,-184
107000229,62,111,-49
107000230,1184,450,734
107000231,420,2023,-1603
107000232,128,20,108
107000233,224,1479,-1255
107000234,4,100,-96
107000235,95,11,84
107000236,9,495,-486
107000237,84,0,84
107000238,29,2,27
107000239,2103,628,1475
107000240,101,289,-188
107000241,66,5,61
107000242,235,38,197
107000243,0,48,-48
107000244,7,71,-64
107000246,1,748,-747
107000249,1,740,-739
107000251,0,136,-136
107000252,2,407,-405
107000255,242,227,15
107000257,3,457,-454
107000258,13,187,-174
107000259,15,149,-134
107000260,2351,25,2326
107000262,20,213,-193
107000263,692,12,680
107000266,11,16,-5
107000267,24,65,-41
107000268,113,71,42
107000269,84,1,83
107000270,124,30,94
107000271,4,0,4
107000272,73,1,72
107000273,16,220,-204
107000274,610,262,348
107000275,13,1528,-1515
107000280,1460,40,1420
107000281,26,277,-251
107000282,40,370,-330
107000290,23,37,-14
107000291,23,23,0
107000292,1,266,-265
107000293,12,11,1
107000294,0,67,-67
107000295,57,1,56
107000296,0,5,-5
107000444,253,5,248
107000496,2,4,-2
107000497,961,1198,-237
107000500,534,324,210
107000501,88,158,-70
107000502,192,291,-99
107000505,201,621,-420
107000506,0,0,0
107000508,5,155,-150
107000509,223,921,-698
107000510,47,40,7
107000514,73,496,-423
107000515,32,69,-37
107000516,794,414,380
107000518,1480,3064,-1584
107000519,1203,476,727
107000520,114,52,62
107900001,136,46,90
107900002,96,13,83
107900003,898,20,878
107900004,276,0,276
107900005,2667,16,2651
107900006,253,12,241
107900007,632,57,575
107900008,56,7,49
107900009,129,10,119
107900010,68,7,61
107900012,429,134,295
107900013,279,17,262
107900014,145,8,137
107900015,1973,22,1951
107900016,285,78,207
107900017,83,2,81
107900018,124,372,-248
107900019,6,23,-17
107900020,29,12,17
107900021,245,58,187
107900023,2,3,-1
107900024,0,3,-3
107900025,227,118,109
107900026,97,10,87
107900027,11,123,-112
107900028,212,56,156
107900030,249,62,187
107900031,83,112,-29
107900032,16,16,0
107900033,25,15,10
107900034,380,30,350
107900035,1946,124,1822
107900036,83,56,27
107900037,0,2,-2
107900038,84,347,-263
107900039,46,21,25
107900040,6,309,-303
107900041,7,5,2
107900043,77,124,-47
107900044,14,17,-3
107900045,126,104,22
107900046,355,314,41
107900047,68,13,55
107900048,343,51,292
107900049,356,1357,-1001
107900050,35,223,-188
107900051,62,74,-12
107900052,12,38,-26
107900053,92,99,-7
107900055,738,314,424
107900056,124,142,-18
107900057,3,0,3
107900058,20,380,-360
107900060,14,54,-40
107900061,7,19,-12
107900063,72,115,-43
107900064,298,496,-198
107900065,587,14,573
107900066,19,0,19
107900067,1,0,1
107900068,127,1059,-932
107900069,30,3360,-3330
107900070,271,176,95
107900071,23,286,-263
107900072,273,56,217
107900073,183,58,125
107900074,216,376,-160
107900076,179,51,128
107900077,123,6,117
107900078,211,76,135
107900079,35,16,19
107900080,141,982,-841
107900081,114,39,75
107900082,2,15,-13
107900083,472,243,229
107900084,207,166,41
107900086,26,273,-247
107900087,169,117,52
107900088,133,25,108
107900089,230,690,-460
107900090,463,3048,-2585
107900091,120,93,27
107900092,1264,163,1101
107900093,108,64,44
107900095,1276,1743,-467
107900097,48,75,-27
107900098,114,223,-109
107900100,920,1921,-1001
107900101,367,60,307
107900102,64,8,56
107900103,59,152,-93
107900104,242,2,240
107900105,23,132,-109
107900106,3,364,-361
107900107,1045,395,650
107900108,139,74,65
107900109,2626,61,2565
107900110,106,31,75
107900111,9,284,-275
107900112,71,583,-512
107900113,351,82,269
107900114,288,84,204
107900115,0,18,-18
107900116,299,63,236
107900117,296,96,200
107900118,29,95,-66
107900119,110,428,-318
107900120,74,31,43
107900121,2,103,-101
107900122,0,96,-96
107900123,17,72,-55
107900124,22,41,-19
107900125,42,215,-173
107900126,43,55,-12
107900127,338,335,3
107900128,80,85,-5
107900129,141,5,136
107900130,117,16,101
107900131,114,730,-616
107900132,72,246,-174
107900133,0,30,-30
107900134,55,150,-95
107900135,13,76,-63
107900136,18,31,-13
107900137,135,114,21
107900138,77,30,47
107900139,77,34,43
107900140,85,41,44
107900141,36,29,7
107900142,54,411,-357
107900143,47,2,45
107900144,0,65,-65
107900145,7,66,-59
107900146,70,150,-80
107900147,50,28,22
107900148,162,90,72
107900149,536,81,455
107900150,25,232,-207
107900151,44,24,20
107900152,16,69,-53
107900153,71,407,-336
107900154,41,27,14
107900155,85,41,44
107900156,20,59,-39
107900157,31,36,-5
107900158,1450,47,1403
107900159,19,288,-269
107900160,175,60,115
107900161,81,43,38
107900162,3,105,-102
107900163,10,87,-77
107900164,39,43,-4
107900165,28,208,-180
107900166,61,51,10
107900167,8,35,-27
107900168,72,18,54
107900169,1,383,-382
107900171,19,286,-267
107900172,0,158,-158
107900173,78,45,33
107900174,179,2,177
107900175,9,70,-61
107900176,72,5,67
107900177,9,174,-165
107900178,0,51,-51
107900179,28,45,-17
107900180,368,1156,-788
107900181,375,236,139
107900182,0,310,-310
107900183,106,59,47
107900184,153,85,68
107900185,229,10,219
107900186,37,39,-2
107900187,0,146,-146
107900188,332,81,251
107900189,41,68,-27
107900190,39,157,-118
107900191,82,86,-4
107900193,6,99,-93
107900194,299,23,276
107900195,676,202,474
107900196,105,27,78
107900197,230,455,-225
107900199,1,291,-290
107900201,81,50,31
107900203,42,25,17
107900204,118,253,-135
107900205,250,214,36
107900206,482,518,-36
107900207,2,220,-218
107900208,24,158,-134
107900209,165,128,37
107900210,24,48,-24
107900213,371,473,-102
107900214,19,56,-37
107900215,86,500,-414
107900216,33,34,-1
107900217,36,50,-14
107900218,12,897,-885
107900219,37,30,7
107900220,68,210,-142
107900221,154,137,17
107900223,150,113,37
107900224,97,524,-427
107900225,12,253,-241
107900226,36,85,-49
107900227,113,201,-88
107900228,46,67,-21
107900229,4,97,-93
107900230,38,36,2
107900231,43,60,-17
107900232,162,62,100
107900233,27,53,-26
107900234,170,134,36
107900235,26,82,-56
107900236,374,41,333
107900237,30,195,-165
107900238,37,15,22
107900239,233,582,-349
107900240,50,48,2
107900241,18,27,-9
107900242,43,57,-14
107900243,1,31,-30
107900244,451,7,444
107900245,977,31,946
107900246,339,67,272
107900248,406,68,338
107900249,1244,128,1116
107900250,6,273,-267
107900251,59,500,-441
107900252,1075,45,1030
107900253,388,16,372
107900254,79,293,-214
107900255,130,67,63
107900256,594,1245,-651
107900257,501,211,290
107900258,151,75,76
107900259,66,3691,-3625
107900261,1,122,-121
107900262,64,38,26
107900264,648,38,610
107900265,175,111,64
107900267,446,9,437
107900268,2,0,2
107900269,0,2,-2
107900270,0,0,0
107900271,3,40,-37
107900272,21,35,-14
107900273,71,55,16
107900274,192,2,190
107900275,40,0,40
107900276,1,44,-43
107900277,0,63,-63
107900278,559,154,405
107900279,52,120,-68
107900280,2471,1331,1140
107900281,653,6213,-5560
107900282,35,1130,-1095
107900283,694,1056,-362
107900284,892,370,522
107900285,168,25,143
107900286,62,44,18
107900287,405,154,251
107900290,0,399,-399
107900291,712,29,683
107900292,89,60,29
107900293,116,166,-50
107900295,67,22,45
107900297,6,283,-277
107900298,555,243,312
107900299,1696,3136,-1440
107900300,167,408,-241
107900301,859,882,-23
107900302,120,42,78
107900303,417,260,157
107900304,692,125,567
107900305,404,35,369
107900306,5,65,-60
107900307,21,174,-153
107900308,191,252,-61
107900309,73,0,73
107900310,103,1,102
107900311,6,867,-861
107900312,58,12,46
107900313,3,349,-346
107900314,0,157,-157
107900315,0,57,-57
107900316,45,0,45
107900317,91,6,85
107900318,7,199,-192
107900319,6,71,-65
107900320,13,67,-54
107900321,213,9,204
107900322,0,19,-19
107900323,77,60,17
107900324,132,0,132
107900325,85,1,84
107900326,650,115,535
107900327,3,141,-138
107900328,66,7,59
107900329,74,176,-102
107900330,13,106,-93
107900331,540,19,521
107900332,561,10,551
107900333,93,28,65
107900334,9,44,-35
107900335,22,40,-18
107900336,32,72,-40
107900337,448,1208,-760
107900338,2,67,-65
107900339,4,9,-5
107900340,0,76,-76
107900341,71,0,71
107900342,101,31,70
107900343,29,0,29
107900344,1,72,-71
107900345,128,26,102
107900346,31,0,31
107900347,7,5,2
107900348,5,1,4
107900349,20,4,16
107900350,20,155,-135
108000001,4250,3571,679
108000002,1676,1439,237
108000003,3219,3890,-671
108000004,9057,9926,-869
108000005,7866,5797,2069
108000006,4054,4266,-212
108000007,5525,4544,981
108000008,3126,3542,-416
108000009,5710,5704,6
108000010,2655,2932,-277
108000011,12796,12262,534
108000012,8138,8523,-385
108000014,446,1204,-758
108000015,1002,162,840
108000016,271,503,-232
108000017,1487,357,1130
108000018,2231,693,1538
108000019,1010,891,119
108000020,1382,478,904
108000021,277,1151,-874
108000022,460,842,-382
108000023,1971,317,1654
108000024,363,239,124
108000025,485,143,342
108000026,997,196,801
108000027,996,164,832
108000028,918,175,743
108000029,808,273,535
108000030,594,155,439
108000031,215,467,-252
108000032,2518,698,1820
108000033,722,526,196
108000034,2155,571,1584
108000035,597,1161,-564
108000036,300,613,-313
108000037,2693,364,2329
108000038,4223,496,3727
108000039,481,1006,-525
108000040,2725,1088,1637
108000041,495,1643,-1148
108000042,420,152,268
108000043,199,128,71
108000044,980,143,837
108000045,296,169,127
108000046,2118,429,1689
108000047,439,547,-108
108000048,113,215,-102
108000049,1129,215,914
108000050,74,275,-201
108000051,470,265,205
108000052,127,340,-213
108000053,490,319,171
108000054,387,994,-607
108000055,1373,894,479
108000056,444,1362,-918
108000057,689,1627,-938
108000058,1940,4853,-2913
108000059,1760,1254,506
108000060,307,632,-325
108000061,93,166,-73
108000062,1402,677,725
108000063,521,321,200
108000064,328,157,171
108000065,638,296,342
108000066,1322,804,518
108000067,2244,823,1421
108000068,976,483,493
108000069,136,502,-366
108000070,2666,742,1924
108000071,547,1088,-541
108000072,2055,901,1154
108000073,783,878,-95
108000074,945,447,498
108000075,355,392,-37
108000076,1099,572,527
108000077,587,350,237
108000078,2904,1092,1812
108000079,478,845,-367
108000080,2073,555,1518
108000081,664,684,-20
108000082,516,1094,-578
108000083,2189,950,1239
108000084,445,698,-253
108000085,1620,543,1077
108000086,379,402,-23
108000087,218,2805,-2587
108000088,343,7,336
108000089,407,371,36
108000090,691,202,489
108000091,281,303,-22
108000092,243,60,183
108000093,275,367,-92
108000094,1000,89,911
108000095,199,216,-17
108000096,572,194,378
108000097,193,239,-46
108000098,2532,876,1656
108000099,286,61,225
108000100,129,218,-89
108000101,1687,1685,2
108000102,1481,3687,-2206
108000106,898,2,896
108000107,2,807,-805
108000108,767,89,678
108000109,2,491,-489
108000110,501,292,209
108000111,258,505,-247
108000112,41,245,-204
108000113,316,136,180
108000115,268,355,-87
108000117,411,443,-32
108000118,59,376,-317
108000119,494,182,312
108000120,161,796,-635
108000121,263,326,-63
108000122,806,352,454
108000123,854,107,747
108000124,488,442,46
108000125,854,179,675
108000126,252,235,17
108000127,882,262,620
108000128,982,223,759
108000129,458,320,138
108000130,717,217,500
108000131,853,442,411
108000132,594,764,-170
108000133,1480,524,956
108000134,497,322,175
108000135,1487,727,760
108000136,263,402,-139
108000137,702,154,548
108000138,520,248,272
108000139,726,196,530
108000140,336,14,322
108000141,66,23,43
108000142,68,31,37
108000143,47,13,34
108000144,120,9,111
108000145,80,3,77
108000146,165,17,148
108000147,40,18,22
108000148,103,19,84
108000149,36,14,22
108000150,60,11,49
108000151,13,6,7
108000152,168,150,18
108000153,905,112,793
108000154,43,6,37
108000155,59,30,29
108000156,241,159,82
108000157,198,1825,-1627
108000158,73,1011,-938
108000159,165,251,-86
108000160,1330,1173,157
108000161,1599,5022,-3423
108000165,3,428,-425
108000172,3,438,-435
108000173,519,2518,-1999
108000175,500,114,386
108000178,323,405,-82
108000179,187,1096,-909
108000181,96,28,68
108000182,75,10,65
108000183,7,7,0
108000184,621,3582,-2961
108000185,346,213,133
108000186,279,40,239
108000187,144,162,-18
108000188,1150,147,1003
108000189,291,1806,-1515
108000190,16,63,-47
108000192,328,133,195
108000193,379,14,365
108000194,16,21,-5
108000195,1,524,-523
108000196,282,107,175
108000197,180,99,81
108000198,773,73,700
108000199,1,262,-261
108000200,781,211,570
108000202,4,337,-333
108000203,213,212,1
108000204,254,116,138
108000205,133,178,-45
108000339,896,439,457
108000364,51,268,-217
108000365,107,245,-138
108000367,194,228,-34
108000368,15,70,-55
108000369,224,129,95
108000371,0,468,-468
108000372,857,2,855
108000373,211,76,135
108000376,147,36,111
108000377,734,90,644
108000378,9116,13309,-4193
108000379,41,117,-76
108000381,172,3,169
108000382,72,2,70
108000383,0,177,-177
108900001,76,226,-150
108900002,255,97,158
108900003,169,542,-373
108900004,39,562,-523
108900005,103,566,-463
108900006,984,209,775
108900007,395,127,268
108900008,244,72,172
108900009,161,107,54
108900010,504,120,384
108900011,906,241,665
108900012,598,346,252
108900013,182,244,-62
108900014,28,128,-100
108900015,0,97,-97
108900016,2,171,-169
108900017,213,475,-262
108900018,192,318,-126
108900019,42,368,-326
108900020,62,91,-29
108900021,160,141,19
108900022,163,16,147
108900023,4,105,-101
108900024,89,34,55
108900025,329,59,270
108900026,31,38,-7
108900027,1,23,-22
108900028,170,87,83
108900029,116,165,-49
108900030,1,29,-28
108900031,216,119,97
108900032,6,137,-131
108900033,0,53,-53
108900034,1,39,-38
108900035,297,317,-20
108900036,128,238,-110
108900037,46,139,-93
108900038,1,64,-63
108900039,0,77,-77
108900040,19,36,-17
108900041,3267,3727,-460
108900042,5,351,-346
108900043,40,271,-231
108900044,2,114,-112
108900045,145,116,29
108900046,29,188,-159
108900047,0,148,-148
108900048,140,303,-163
108900049,997,2680,-1683
108900050,1,53,-52
108900051,0,82,-82
108900052,32,74,-42
108900053,72,454,-382
108900054,86,101,-15
108900055,36,468,-432
108900056,11,57,-46
108900057,0,53,-53
108900058,49,118,-69
108900059,920,70,850
108900060,95,250,-155
108900061,66,30,36
108900062,6,158,-152
108900063,21,126,-105
108900064,440,14,426
108900065,14,126,-112
108900066,642,162,480
108900067,22,149,-127
108900068,0,21,-21
108900069,106,7,99
108900070,36,55,-19
108900071,168,44,124
108900072,1361,455,906
108900073,10,24,-14
108900074,614,78,536
108900075,16,19,-3
108900076,675,49,626
108900077,52,107,-55
108900078,92,49,43
108900079,211,139,72
108900080,16,1325,-1309
108900081,57,233,-176
108900082,143,31,112
108900083,9,379,-370
108900084,219,122,97
108900085,989,128,861
108900086,252,45,207
108900087,59,144,-85
108900088,909,420,489
108900089,11,232,-221
108900090,146,75,71
108900091,116,60,56
108900092,694,290,404
108900093,143,134,9
108900094,384,106,278
108900095,23,164,-141
108900096,186,18,168
108900097,309,75,234
108900098,1067,1766,-699
108900099,635,96,539
108900100,92,88,4
108900101,279,482,-203
108900102,53,1663,-1610
108900103,92,194,-102
108900104,71,309,-238
108900105,6,2213,-2207
108900106,690,83,607
108900108,471,39,432
108900109,53,59,-6
108900110,260,129,131
108900111,696,173,523
108900112,422,20,402
108900113,34,88,-54
108900114,2,6,-4
108900115,291,119,172
108900116,162,16,146
108900117,263,12,251
108900118,954,42,912
108900119,494,44,450
108900120,260,210,50
108900121,402,128,274
108900122,270,39,231
108900123,279,137,142
108900124,963,334,629
108900125,1015,12,1003
108900126,231,80,151
108900127,321,27,294
108900128,293,87,206
108900129,1454,239,1215
108900130,676,8,668
108900131,644,21,623
108900132,781,68,713
108900133,428,42,386
108900134,1029,147,882
108900135,426,12,414
108900136,45,0,45
108900137,336,7,329
108900138,1306,78,1228
108900139,743,79,664
108900140,575,83,492
108900141,795,16,779
108900142,125,8,117
108900143,139,1,138
108900144,186,0,186
108900145,386,40,346
108900146,188,0,188
108900147,420,3,417
108900148,46,33,13
108900149,378,156,222
108900150,361,11,350
108900151,52,22,30
108900152,164,212,-48
108900153,312,87,225
108900154,5835,376,5459
108900155,329,74,255
108900156,170,9,161
108900157,30,181,-151
108900158,782,42,740
108900159,1,71,-70
108900160,42,126,-84
108900161,20,153,-133
108900162,283,5,278
108900163,9,386,-377
108900164,69,44,25
108900165,57,35,22
108900167,726,11407,-10681
108900168,3429,2797,632
108900169,44,157,-113
108900171,2739,4091,-1352
108900172,203,54,149
108900173,70,349,-279
108900174,1383,400,983
108900176,168,255,-87
108900177,2977,9410,-6433
108900178,2464,5290,-2826
108900179,403,2516,-2113
108900180,119,441,-322
108900182,49,556,-507
108900183,175,201,-26
108900184,704,270,434
108900185,132,425,-293
108900186,126,253,-127
108900187,823,37,786
108900188,977,61,916
108900189,611,102,509
108900190,39,1303,-1264
108900191,146,81,65
108900192,131,147,-16
108900193,49,19,30
108900194,4,227,-223
108900195,93,71,22
108900196,59,213,-154
108900198,3,172,-169
108900199,251,262,-11
108900200,651,337,314
108900201,394,839,-445
108900203,572,123,449
108900204,470,27,443
108900205,343,47,296
108900206,623,118,505
108900207,285,310,-25
108900208,5,269,-264
108900209,149,429,-280
108900210,108,164,-56
108900211,220,798,-578
108900212,146,1910,-1764
108900215,74,349,-275
108900216,243,371,-128
108900217,108,1,107
108900218,71,23,48
108900219,115,9,106
108900220,71,40,31
108900221,17,89,-72
108900222,383,22,361
108900223,1,64,-63
108900224,32,113,-81
108900225,0,105,-105
108900226,494,32,462
108900227,218,497,-279
108900230,108,162,-54
108900231,16,176,-160
108900232,2,81,-79
108900233,756,187,569
108900234,399,183,216
108900235,101,317,-216
108900236,51,270,-219
108900237,44,99,-55
108900240,194,119,75
108900241,68,70,-2
108900245,5,2460,-2455
108900249,135,25,110
108900250,395,95,300
108900257,385,167,218
108900258,3,81,-78
108900259,53,20,33
108900260,19,13,6
108900261,35,34,1
108900262,49,102,-53
108900263,22,139,-117
108900264,105,201,-96
108900265,799,647,152
108900266,182,1603,-1421
108900267,2,317,-315
108900268,1,35,-34
108900269,135,21,114
108900270,209,9,200
108900271,79,13,66
108900272,459,26,433
108900273,240,1146,-906
108900274,119,7,112
109000001,2444,2432,12
109000002,734,1848,-1114
109000003,3751,465,3286
109000004,450,1619,-1169
109000005,2433,485,1948
109000006,748,1442,-694
109000007,2295,599,1696
109000008,637,1312,-675
109000009,3821,1250,2571
109000010,754,2245,-1491
109000011,4812,2652,2160
109000012,1589,2467,-878
109000013,5035,4785,250
109000014,1738,2233,-495
109000015,4020,10364,-6344
109000016,4239,2250,1989
109000017,3464,1177,2287
109000018,1152,1781,-629
109000019,3073,1148,1925
109000020,747,1449,-702
109000023,316,23,293
109000024,9,148,-139
109000025,354,617,-263
109000026,487,267,220
109000027,136,458,-322
109000028,103,62,41
109000029,147,444,-297
109000030,16,286,-270
109000031,299,167,132
109000032,120,355,-235
109000033,491,229,262
109000034,53,68,-15
109000035,3,83,-80
109000036,50,356,-306
109000037,467,3135,-2668
109000038,302,357,-55
109000039,1322,1336,-14
109000040,3109,16859,-13750
109000041,1446,2584,-1138
109000042,385,1555,-1170
109000044,494,86,408
109000045,94,360,-266
109000046,640,119,521
109000047,77,312,-235
109000048,585,370,215
109000049,248,458,-210
109000050,356,301,55
109000051,210,132,78
109000052,663,400,263
109000053,454,92,362
109000054,217,295,-78
109000055,360,422,-62
109000056,347,292,55
109000057,1084,528,556
109000058,421,132,289
109000059,211,1329,-1118
109000060,193,376,-183
109000061,388,2443,-2055
109000062,163,452,-289
109000063,292,153,139
109000064,501,212,289
109000065,268,135,133
109000066,515,73,442
109000067,119,199,-80
109000068,721,45,676
109000069,639,30,609
109000070,90,1329,-1239
109000071,630,126,504
109000072,137,217,-80
109000073,60,141,-81
109000074,13,115,-102
109000075,79,358,-279
109000076,125,307,-182
109000077,219,183,36
109000078,89,110,-21
109000079,168,85,83
109000080,372,41,331
109000081,189,255,-66
109000082,1082,158,924
109000083,385,360,25
109000088,212,232,-20
109000089,373,133,240
109000090,120,263,-143
109000091,622,212,410
109000092,270,295,-25
109000093,369,285,84
109000094,1297,6,1291
109000095,185,284,-99
109000096,1323,220,1103
109000097,55,53,2
109000098,58,136,-78
109000099,874,117,757
109000100,303,441,-138
109000101,2239,532,1707
109000102,559,527,32
109000103,749,504,245
109000104,2912,440,2472
109000105,516,704,-188
109000106,2341,608,1733
109000107,680,1083,-403
109000108,2885,577,2308
109000109,573,821,-248
109000110,1812,537,1275
109000111,615,1515,-900
109000112,377,131,246
109000113,253,133,120
109000114,181,233,-52
109000115,1052,26,1026
109000116,9,276,-267
109000117,291,37,254
109000118,7,201,-194
109000119,2172,106,2066
109000120,470,309,161
109000121,682,20,662
109000122,215,249,-34
109000123,31,42,-11
109000124,987,197,790
109000125,1024,202,822
109000126,470,384,86
109000127,1493,139,1354
109000128,678,560,118
109000129,3669,821,2848
109000130,352,641,-289
109000131,1004,899,105
109000132,445,1070,-625
109000133,276,529,-253
109000134,613,829,-216
109000135,580,947,-367
109000136,301,213,88
109000137,462,324,138
109000138,622,154,468
109000139,780,345,435
109000140,268,177,91
109000141,714,344,370
109000142,177,568,-391
109000143,166,64,102
109000145,89,197,-108
109000146,38,66,-28
109000148,1554,2360,-806
109000149,21,134,-113
109000150,51,399,-348
109000155,1212,769,443
109000156,1152,397,755
109000158,97,244,-147
109000159,105,436,-331
109000160,1640,175,1465
109000161,678,767,-89
109000162,2637,373,2264
109000163,1666,1179,487
109000164,1678,1501,177
109000165,1807,393,1414
109000166,1566,121,1445
109000167,144,274,-130
109000170,44,58,-14
109000171,92,45,47
109000172,13,29,-16
109000173,31,134,-103
109000174,154,32,122
109000175,59,67,-8
109000176,507,118,389
109000177,53,103,-50
109000178,546,44,502
109000179,2685,6849,-4164
109000180,3291,3725,-434
109000181,35,10,25
109000182,61,20,41
109000183,56,11,45
109000184,64,10,54
109000185,61,13,48
109000188,545,1013,-468
109000189,3072,806,2266
109000190,851,436,415
109000191,346,367,-21
109000192,693,106,587
109000193,405,104,301
109000194,409,37,372
109000195,193,133,60
109000196,320,45,275
109000197,223,171,52
109000198,417,53,364
109000199,187,264,-77
109000206,354,27,327
109000207,298,33,265
109000208,225,196,29
109000209,156,69,87
109000210,106,428,-322
109000211,465,213,252
109000214,512,151,361
109000215,180,77,103
109000216,462,419,43
109000217,200,125,75
109000218,299,291,8
109000221,190,605,-415
109000222,917,214,703
109000223,512,434,78
109000224,102,35,67
109000225,207,33,174
109000226,104,93,11
109000227,2180,521,1659
109000228,2,1631,-1629
109000231,3,103,-100
109000232,741,120,621
109000236,365,413,-48
109000241,1996,1044,952
109000242,1366,666,700
109000293,14,58,-44
109000361,125,170,-45
109000364,119,288,-169
109000396,0,220,-220
109000397,1023,15,1008
109000399,134,261,-127
109000400,121,125,-4
109000403,58,1170,-1112
109000406,331,79,252
109000407,421,130,291
109000408,1,121,-120
109000410,1035,194,841
109000411,286,27,259
109900001,192,4,188
109900002,1041,30,1011
109900003,406,2,404
109900004,315,100,215
109900005,47,1,46
109900006,645,262,383
109900007,1545,144,1401
109900008,0,22,-22
109900009,202,243,-41
109900010,953,21,932
109900011,76,73,3
109900012,448,212,236
109900013,426,208,218
109900014,446,55,391
109900015,293,123,170
109900016,163,18,145
109900017,257,277,-20
109900018,287,36,251
109900019,337,42,295
109900020,67,36,31
109900021,56,12,44
109900022,62,203,-141
109900023,66,2,64
109900024,33,2,31
109900025,32,18,14
109900026,8,146,-138
109900027,39,26,13
109900028,430,1840,-1410
109900029,11,149,-138
109900030,63,9,54
109900031,2,494,-492
109900032,14,229,-215
109900033,0,372,-372
109900034,80,1,79
109900035,37,26,11
109900036,26,45,-19
109900037,9,302,-293
109900038,135,228,-93
109900039,1,0,1
109900040,43,324,-281
109900041,65,239,-174
109900042,29,649,-620
109900044,167,164,3
109900045,66,65,1
109900046,36,59,-23
109900047,170,222,-52
109900048,1,56,-55
109900049,11,22,-11
109900050,0,54,-54
109900051,0,4,-4
109900052,87,113,-26
109900053,1,99,-98
109900054,1337,191,1146
109900055,96,170,-74
109900056,39,370,-331
109900057,3,93,-90
109900058,4,55,-51
109900059,1659,134,1525
109900060,979,72,907
109900061,70,113,-43
109900062,0,83,-83
109900063,11,471,-460
109900064,893,169,724
109900065,112,86,26
109900066,255,346,-91
109900067,1,56,-55
109900068,151,10,141
109900069,7,18,-11
109900070,42,124,-82
109900071,8,12,-4
109900072,40,70,-30
109900073,717,143,574
109900074,16,10,6
109900075,37,38,-1
109900076,10,66,-56
109900077,37,19,18
109900078,78,163,-85
109900080,137,150,-13
109900081,32,218,-186
109900082,97,149,-52
109900083,12,48,-36
109900084,79,87,-8
109900085,95,245,-150
109900086,162,821,-659
109900087,107,432,-325
109900089,993,222,771
109900090,259,661,-402
109900091,690,71,619
109900092,335,31,304
109900093,1436,206,1230
109900094,95,50,45
109900095,79,227,-148
109900096,138,7,131
109900097,191,5,186
109900098,845,51,794
109900099,453,4,449
109900100,132,1,131
109900101,948,4,944
109900102,687,26,661
109900103,46,57,-11
109900104,1168,143,1025
109900105,808,28,780
109900106,509,42,467
109900107,686,81,605
109900108,242,166,76
109900109,53,204,-151
109900110,71,237,-166
109900111,138,307,-169
109900112,149,193,-44
109900113,1267,834,433
109900114,911,1460,-549
109900115,233,90,143
109900117,1759,111,1648
109900118,151,233,-82
109900119,206,312,-106
109900120,70,19,51
109900121,341,419,-78
109900122,845,6,839
109900123,9,59,-50
109900124,73,143,-70
109900125,2,128,-126
109900126,514,23,491
109900128,598,40,558
109900130,3119,3771,-652
109900131,22,225,-203
109900132,32,141,-109
109900133,149,160,-11
109900134,67,128,-61
109900135,182,20,162
109900136,72,118,-46
109900137,232,157,75
109900138,661,200,461
109900140,248,103,145
109900141,926,196,730
109900142,1971,271,1700
109900145,10,729,-719
109900146,214,52,162
109900148,24,85,-61
109900149,16,35,-19
109900150,1,40,-39
109900151,16,20,-4
109900152,0,15,-15
109900153,0,22,-22
109900154,53,1,52
109900155,99,23,76
109900157,65,140,-75
109900158,38,114,-76
109900159,172,64,108
109900160,170,43,127
109900161,327,67,260
109900162,385,150,235
109900163,293,268,25
109900164,57,175,-118
109900165,436,3,433
109900166,7,80,-73
109900167,174,246,-72
109900168,256,325,-69
109900169,204,87,117
109900170,234,1435,-1201
109900171,337,61,276
109900172,359,343,16
109900173,1320,3281,-1961
109900174,60,123,-63
109900175,123,103,20
109900176,160,112,48
109900177,63,81,-18
109900178,4,234,-230
109900179,17,23,-6
109900180,4,11,-7
110000001,650,424,226
110000002,687,786,-99
110000003,680,548,132
110000004,411,673,-262
110000005,290,2173,-1883
110000006,210,272,-62
110000007,189,111,78
110000008,33,112,-79
110000009,61,29,32
110000010,40,101,-61
110000011,77,55,22
110000012,729,199,530
110000013,77,792,-715
110000014,468,368,100
110000015,225,625,-400
110000016,282,1453,-1171
110000017,3155,313,2842
110000018,2335,312,2023
110000019,6,102,-96
110000020,669,185,484
110000021,227,400,-173
110000022,1244,129,1115
110000023,8,104,-96
110000024,538,340,198
110000025,620,4,616
110000026,2,164,-162
110000027,658,1272,-614
110000028,1051,558,493
110000029,580,540,40
110000030,435,381,54
110000031,388,285,103
110000032,1039,279,760
110000033,231,237,-6
110000034,708,421,287
110000035,925,377,548
110000036,1275,412,863
110000037,276,371,-95
110000038,271,685,-414
110000039,897,5589,-4692
110000040,352,238,114
110000041,388,2120,-1732
110000042,98,570,-472
110000043,700,362,338
110000044,35,881,-846
110000045,330,142,188
110000046,2,36,-34
110000047,25,116,-91
110000048,7,50,-43
110000049,16,14,2
110000050,11,166,-155
110000051,39,9,30
110000052,28,30,-2
110000053,42,16,26
110000054,147,1378,-1231
110000055,275,149,126
110000056,74,151,-77
110000057,377,503,-126
110000058,1175,511,664
110000059,1138,480,658
110000060,1361,987,374
110000061,594,607,-13
110000062,712,883,-171
110000063,61,243,-182
110000064,133,74,59
110000065,159,153,6
110000066,124,36,88
110000067,150,131,19
110000068,376,83,293
110000069,632,58,574
110000071,493,38,455
110000073,44,8,36
110000075,35,69,-34
110000076,356,460,-104
110000077,210,956,-746
110000078,96,30,66
110000080,204,393,-189
110000081,31,240,-209
110000082,27,314,-287
110000083,183,336,-153
110000084,1438,1178,260
110000085,596,1162,-566
110000086,1014,2757,-1743
110000087,15,44,-29
110000088,151,202,-51
110000089,465,44,421
110000090,83,150,-67
110000091,828,148,680
110000092,36,50,-14
110000093,76,18,58
110000094,413,165,248
110000095,191,810,-619
110000096,1084,2036,-952
110000097,1005,1906,-901
110000098,2149,842,1307
110000099,804,1277,-473
110000100,1632,139,1493
110000101,65,89,-24
110000102,99,36,63
110000104,462,212,250
110000105,41,165,-124
110000106,642,576,66
110000107,139,297,-158
110000108,212,99,113
110000109,165,252,-87
110000110,1661,4166,-2505
110000111,2928,3183,-255
110000112,177,1197,-1020
110000113,84,2514,-2430
110000114,337,746,-409
110000115,494,298,196
110000116,96,71,25
110000117,442,216,226
110000118,897,140,757
110000119,447,207,240
110000120,449,179,270
110000121,90,329,-239
110000122,342,238,104
110000123,725,650,75
110000124,2,458,-456
110000125,1164,9,1155
110000126,354,28,326
110000127,1762,108,1654
110000128,42,612,-570
110000129,3,256,-253
110000130,316,358,-42
110000131,75,272,-197
110000132,2,424,-422
110000133,35,411,-376
110000134,41,341,-300
110000135,236,48,188
110000136,97,223,-126
110000137,827,323,504
110000138,1153,465,688
110000139,1465,467,998
110000140,1026,980,46
110000143,562,300,262
110000144,2224,2670,-446
110000145,1510,2154,-644
110000146,1564,1638,-74
110000147,553,822,-269
110000148,854,240,614
110000151,670,1729,-1059
110000152,607,519,88
110000153,340,10,330
110000154,90,42,48
110000155,856,3209,-2353
110000156,783,2174,-1391
110000157,1594,2937,-1343
110000160,336,283,53
110000161,199,165,34
110000166,947,65,882
110000167,1348,700,648
110000168,1215,626,589
110000169,1012,322,690
110000170,246,55,191
110000171,750,89,661
110000172,292,507,-215
110000173,514,526,-12
110000174,174,469,-295
110000175,1235,50,1185
110000176,65,612,-547
110000177,213,1271,-1058
110000178,438,2348,-1910
110000179,930,257,673
110000180,318,215,103
110000181,1021,434,587
110000182,360,147,213
110000183,5693,8764,-3071
110000184,337,3179,-2842
110000185,611,819,-208
110000186,641,692,-51
110000191,1602,94,1508
110000192,873,18,855
110000193,1437,21,1416
110000194,7,531,-524
110000195,703,93,610
110000196,688,98,590
110000197,156,38,118
110000198,70,18,52
110000199,73,163,-90
110000200,617,370,247
110000201,1070,1463,-393
110000202,1303,592,711
110000203,346,415,-69
110000204,6,182,-176
110000205,301,43,258
110000206,368,467,-99
110000207,1646,296,1350
110000208,261,338,-77
110000209,71,581,-510
110000210,1688,328,1360
110000211,664,598,66
110000212,659,1321,-662
110000213,469,69,400
110000214,477,40,437
110000215,171,131,40
110000216,152,113,39
110000217,566,95,471
110000218,168,133,35
110000219,703,51,652
110000220,72,104,-32
110000221,750,18,732
110000222,112,205,-93
110000223,6,157,-151
110000224,2,2,0
110000225,241,785,-544
110000226,333,62,271
110000227,869,1155,-286
110000228,308,77,231
110000229,0,72,-72
110000230,479,591,-112
110000231,184,278,-94
110000232,249,167,82
110000233,194,300,-106
110000234,470,1378,-908
110000235,968,948,20
110000236,779,385,394
110000237,2234,1438,796
110000238,1183,925,258
110000239,2342,739,1603
110000240,0,41,-41
110000242,0,12,-12
110000243,229,48,181
110000244,104,338,-234
110000245,43,269,-226
110000246,1039,331,708
110000247,825,3615,-2790
110000248,1109,1217,-108
110000249,89,5,84
110000250,24,191,-167
110000251,537,306,231
110000252,487,220,267
110000253,1497,482,1015
110000254,507,623,-116
110000255,151,536,-385
110000256,472,222,250
110000257,452,294,158
110000258,5,318,-313
110000259,269,14,255
110000260,39,111,-72
110000263,452,90,362
110000264,584,394,190
110000265,1195,2117,-922
110000266,1189,2558,-1369
110000267,23,138,-115
110000268,298,297,1
110000269,5,68,-63
110000270,136,14,122
110000271,1355,280,1075
110000272,1323,1214,109
110000273,1614,1516,98
110000274,230,2655,-2425
110000275,1602,761,841
110000276,315,644,-329
110000277,333,380,-47
110000278,435,538,-103
110000279,879,656,223
110000280,785,547,238
110000281,56,294,-238
110000282,176,37,139
110000283,34,105,-71
110000284,8,16,-8
110000285,3,621,-618
110000286,2,0,2
110000287,157,4,153
110000288,3,57,-54
110000289,497,3064,-2567
110000290,431,590,-159
110000291,3520,883,2637
110000292,1038,6293,-5255
110000293,790,451,339
110000294,1700,1226,474
110000295,253,793,-540
110000296,741,315,426
110000297,2549,302,2247
110000298,96,369,-273
110000299,81,92,-11
110000301,486,38,448
110000302,264,574,-310
110000303,529,17,512
110000304,117,183,-66
110000305,1765,20,1745
110000306,289,606,-317
110000307,2267,21,2246
110000308,766,4,762
110000309,3,517,-514
110000310,1064,49,1015
110000311,15,546,-531
110000312,491,110,381
110000313,1884,2447,-563
110000314,0,128,-128
110000315,1928,2160,-232
110000316,492,955,-463
110000317,240,1178,-938
110000318,2,47,-45
110000319,2,37,-35
110000320,46,34,12
110000321,14,42,-28
110000322,278,308,-30
110000323,639,112,527
110000324,2502,1390,1112
110000325,1564,4065,-2501
110000327,375,356,19
110000328,155,418,-263
110000333,1120,1085,35
110000334,548,1160,-612
110000335,763,400,363
110000336,776,855,-79
110000337,2435,639,1796
110000338,648,286,362
110000339,461,120,341
110000340,22,107,-85
110000341,706,331,375
110000342,149,0,149
110000343,0,6,-6
110000344,272,413,-141
110000345,352,387,-35
110000346,1357,1436,-79
110000347,1574,738,836
110000348,15,18,-3
110000349,21,9,12
110000350,119,3,116
110000351,1523,512,1011
110000352,964,1816,-852
110000353,2576,339,2237
110000354,1313,3962,-2649
110000355,184,45,139
110000356,853,17,836
110000357,646,7,639
110000361,30,29,1
110000362,141,22,119
110000363,958,58,900
110000364,321,213,108
110000365,156,1,155
110000366,0,162,-162
110000367,581,160,421
110000368,2,50,-48
110000369,119,5,114
110000373,0,260,-260
110000374,125,39,86
110000375,125,1072,-947
110000376,57,54,3
110000377,56,474,-418
110000378,21,444,-423
110000379,1854,2275,-421
110000380,75,6,69
110000383,2,951,-949
110000384,574,454,120
110000385,1,290,-289
110000387,110,1,109
110000388,58,161,-103
110000389,1407,8,1399
110000391,1124,183,941
110000396,293,44,249
110000397,228,45,183
110000398,2,13,-11
110000399,255,0,255
110000587,186,151,35
110000589,300,112,188
110000640,304,13,291
110000652,32,757,-725
110000653,389,313,76
110000654,11,654,-643
110000656,0,155,-155
110000674,63,35,28
110000675,8,32,-24
110000676,1,68,-67
110000679,58,891,-833
110000682,72,175,-103
110000683,239,358,-119
110000684,2,81,-79
110000685,12,12,0
110000686,4,112,-108
110000687,32,16,16
110000688,55,1455,-1400
110000689,44,15,29
110000692,8,158,-150
110000693,14,329,-315
110000694,0,134,-134
110000695,116,610,-494
110000696,67,72,-5
110900001,458,25,433
110900002,404,437,-33
110900003,1241,236,1005
110900004,789,62,727
110900005,1275,4545,-3270
110900006,72,44,28
110900007,222,80,142
110900008,7,17,-10
110900009,450,273,177
110900010,11,33,-22
110900011,46,60,-14
110900012,14,16,-2
110900013,1388,85,1303
110900014,229,28,201
110900015,283,860,-577
110900016,44,47,-3
110900017,653,19,634
110900018,572,64,508
110900019,405,26,379
110900020,218,83,135
110900021,107,217,-110
110900022,74,118,-44
110900023,72,396,-324
110900024,21,157,-136
110900025,5,34,-29
110900027,63,176,-113
110900028,51,97,-46
110900029,12,76,-64
110900030,72,104,-32
110900031,2,120,-118
110900032,0,55,-55
110900033,55,166,-111
110900035,48,542,-494
110900036,121,5,116
110900037,145,20,125
110900038,567,110,457
110900039,6,300,-294
110900040,382,36,346
110900041,14,54,-40
110900042,161,70,91
110900043,3,53,-50
110900044,189,32,157
110900045,69,148,-79
110900046,25,82,-57
110900047,277,467,-190
110900049,159,127,32
110900050,38,1,37
110900051,40,87,-47
110900052,11,75,-64
110900053,178,19,159
110900054,37,110,-73
110900055,19,0,19
110900056,27,98,-71
110900057,18,48,-30
110900058,368,126,242
110900059,437,161,276
110900060,422,164,258
110900061,8,38,-30
110900062,239,76,163
110900063,85,108,-23
110900064,13,0,13
110900065,60,150,-90
110900066,12,46,-34
110900067,202,674,-472
110900068,283,120,163
110900069,6,8,-2
110900070,191,43,148
110900071,141,1116,-975
110900073,0,30,-30
110900074,688,150,538
110900075,463,47,416
110900077,1583,513,1070
110900078,159,28,131
110900079,794,1591,-797
110900080,215,79,136
110900081,22,6,16
110900082,169,53,116
110900083,142,76,66
110900084,128,24,104
110900085,44,202,-158
110900086,104,365,-261
110900087,425,84,341
110900088,5,3,2
110900090,65,102,-37
110900091,6,30,-24
110900093,203,90,113
110900095,105,31,74
110900097,27,21,6
110900098,44,61,-17
110900099,52,290,-238
110900100,0,13,-13
110900102,93,18,75
110900105,1569,146,1423
110900108,19,20,-1
110900111,485,139,346
110900112,915,10,905
110900113,228,88,140
110900115,18,50,-32
110900116,1302,774,528
110900118,79,4078,-3999
110900119,1116,154,962
110900120,91,38,53
110900121,166,4,162
110900122,809,174,635
110900125,496,572,-76
110900127,417,1432,-1015
110900128,118,279,-161
110900129,176,1087,-911
110900130,207,558,-351
110900131,403,72,331
110900132,655,122,533
110900133,61,126,-65
110900135,53,183,-130
110900136,462,19,443
110900137,5,0,5
110900138,311,876,-565
110900139,0,271,-271
110900140,8,1,7
110900141,0,315,-315
110900142,59,101,-42
110900143,314,85,229
110900144,1,201,-200
110900145,205,128,77
110900146,105,326,-221
110900147,57,381,-324
110900148,2,123,-121
110900149,25,48,-23
110900150,30,20,10
110900151,11,94,-83
110900152,23,61,-38
110900153,250,61,189
111000001,443,345,98
111000002,230,350,-120
111000003,1822,1041,781
111000004,720,736,-16
111000005,2011,1696,315
111000006,1039,1967,-928
111000007,4857,4299,558
111000008,2913,3240,-327
111000009,368,752,-384
111000010,1338,294,1044
111000011,98,501,-403
111000012,154,286,-132
111000013,364,584,-220
111000014,1404,544,860
111000017,67,784,-717
111000018,117,297,-180
111000020,480,1199,-719
111000021,94,98,-4
111000023,145,52,93
111000025,3549,4051,-502
111000029,64,147,-83
111000030,35,63,-28
111000031,1752,994,758
111000032,697,316,381
111000033,353,178,175
111000034,74,196,-122
111000037,1132,477,655
111000038,2016,1782,234
111000039,1566,1897,-331
111000040,1661,1356,305
111000041,529,556,-27
111000042,1942,1722,220
111000043,2345,5617,-3272
111000044,1805,999,806
111000045,3416,2621,795
111000046,2427,2089,338
111000047,3187,6553,-3366
111000049,392,397,-5
111000050,1046,659,387
111000051,569,608,-39
111000052,502,986,-484
111000053,312,522,-210
111000054,307,557,-250
111000055,1229,1219,10
111000056,212,356,-144
111000057,131,337,-206
111000058,804,85,719
111000059,902,292,610
111000060,5456,838,4618
111000061,889,347,542
111000062,1272,518,754
111000063,1640,1102,538
111000064,1208,505,703
111000065,1528,866,662
111000066,935,462,473
111000067,1106,345,761
111000068,700,558,142
111000069,1620,1450,170
111000070,374,412,-38
111000071,226,275,-49
111000072,1395,559,836
111000073,311,1151,-840
111000074,1674,1614,60
111000075,652,534,118
111000076,826,520,306
111000077,1359,1059,300
111000078,2061,890,1171
111000079,907,587,320
111000080,733,496,237
111000081,1658,4409,-2751
111000082,1052,443,609
111000084,992,544,448
111000085,900,799,101
111000086,1859,674,1185
111000087,668,296,372
111000088,4257,3360,897
111000089,893,584,309
111000090,630,1001,-371
111000091,781,298,483
111000092,2269,767,1502
111000093,1025,1244,-219
111000094,1983,1292,691
111000095,996,3165,-2169
111000096,787,8500,-7713
111000097,2500,951,1549
111000098,394,679,-285
111000099,475,903,-428
111000100,530,660,-130
111000101,389,548,-159
111000102,356,579,-223
111000104,1072,208,864
111000107,122,608,-486
111000109,975,251,724
111000110,1783,538,1245
111000111,4488,478,4010
111000112,2993,521,2472
111000113,1028,2290,-1262
111000114,1143,4698,-3555
111000115,3140,1033,2107
111000116,1009,826,183
111000117,294,709,-415
111000118,929,646,283
111000119,1670,647,1023
111000120,705,590,115
111000121,411,546,-135
111000122,579,759,-180
111000123,1351,1467,-116
111000124,444,1571,-1127
111000125,373,642,-269
111000126,114,384,-270
111000127,1650,105,1545
111000128,3542,376,3166
111000129,4021,503,3518
111000130,3634,520,3114
111000131,3704,523,3181
111000132,2927,1627,1300
111000133,373,96,277
111000134,194,65,129
111000135,84,146,-62
111000136,486,313,173
111000138,38,4,34
111000140,0,2,-2
111000141,174,324,-150
111000142,5,214,-209
111000143,1,351,-350
111000144,26,1506,-1480
111000145,104,7,97
111000146,108,18,90
111000147,129,32,97
111000148,220,82,138
111000149,19,18,1
111000150,48,5,43
111000151,2,39,-37
111000153,553,495,58
111000154,418,214,204
111000155,207,190,17
111000156,770,526,244
111000157,258,909,-651
111000158,900,1008,-108
111000159,3705,1091,2614
111000160,581,351,230
111000161,14,655,-641
111000162,6,98,-92
111000163,979,730,249
111000164,431,2644,-2213
111000165,581,271,310
111000166,466,137,329
111000167,122,214,-92
111000168,316,312,4
111000169,364,317,47
111000170,265,265,0
111000171,440,478,-38
111000172,220,257,-37
111000173,274,500,-226
111000174,372,173,199
111000175,55,219,-164
111000176,499,56,443
111000177,768,105,663
111000178,1648,166,1482
111000179,621,133,488
111000180,345,455,-110
111000181,2615,153,2462
111000182,345,136,209
111000183,201,262,-61
111000184,392,180,212
111000185,567,298,269
111000186,269,217,52
111000187,211,97,114
111000188,538,295,243
111000189,346,424,-78
111000190,214,179,35
111000191,170,154,16
111000192,154,178,-24
111000193,238,105,133
111000194,71,171,-100
111000195,117,179,-62
111000196,51,60,-9
111000197,720,112,608
111000198,654,79,575
111000199,438,159,279
111000200,835,259,576
111000201,968,105,863
111000202,543,129,414
111000203,463,301,162
111000204,360,1409,-1049
111000213,281,403,-122
111000214,1380,819,561
111000215,990,764,226
111000217,1812,687,1125
111000218,1507,877,630
111000219,199,158,41
111000220,888,938,-50
111000221,299,172,127
111000224,0,143,-143
111000225,338,62,276
111000226,117,0,117
111000227,19,8,11
111000228,22,754,-732
111000229,27,1396,-1369
111000230,383,138,245
111000231,1264,242,1022
111000232,935,543,392
111000233,1688,448,1240
111000234,219,812,-593
111000239,65,85,-20
111000240,99,363,-264
111000241,48,140,-92
111000242,428,60,368
111000243,218,254,-36
111000244,972,100,872
111000245,1112,209,903
111000246,896,167,729
111000247,710,296,414
111000248,922,348,574
111000249,696,211,485
111000250,100,71,29
111000251,144,96,48
111000253,29,52,-23
111000255,42,36,6
111000257,74,21,53
111000260,92,616,-524
111000261,1887,95,1792
111000271,29,180,-151
111000273,2759,1061,1698
111000274,1627,2676,-1049
111000275,174,29,145
111000276,328,748,-420
111000277,302,211,91
111000278,521,183,338
111000291,1315,12142,-10827
111000298,631,178,453
111000299,790,215,575
111000300,44,397,-353
111000302,464,62,402
111000303,132,114,18
111000312,28,63,-35
111000315,0,25,-25
111000320,127,298,-171
111000321,638,251,387
111000322,485,153,332
111000323,374,46,328
111000324,422,137,285
111000325,121,74,47
111000326,255,140,115
111000327,391,264,127
111000328,388,499,-111
111000329,0,29,-29
111000330,96,6,90
111000331,23,4,19
111000332,588,1007,-419
111000334,243,705,-462
111000335,1534,243,1291
111000337,2150,188,1962
111000338,79,74,5
111000339,1130,131,999
111000340,194,487,-293
111000341,1954,854,1100
111000342,51,722,-671
111000344,1325,543,782
111000345,175,63,112
111000346,16,235,-219
111000347,239,13,226
111000350,157,60,97
111000351,128,169,-41
111000352,234,125,109
111000353,154,154,0
111000354,617,251,366
111000355,332,662,-330
111000358,173,407,-234
111000360,254,165,89
111000361,203,84,119
111000546,1051,269,782
111000547,582,223,359
111000548,318,304,14
111000549,316,162,154
111000550,40,1032,-992
111000551,381,134,247
111000552,361,119,242
111000907,115,4,111
111000908,70,0,70
111000916,2657,237,2420
111000917,43,345,-302
111000918,301,249,52
111000920,719,10,709
111000921,6,84,-78
111000922,1080,142,938
111000924,51,314,-263
111000925,4192,2170,2022
111000926,1031,740,291
111000927,2898,4825,-1927
111000928,2880,1488,1392
111000929,2389,1550,839
111000930,905,1515,-610
111000931,2476,2727,-251
111000932,2416,1227,1189
111000933,3277,3600,-323
111000934,1217,1931,-714
111000935,2723,1183,1540
111000936,1173,1198,-25
111000937,1186,1475,-289
111000938,1061,642,419
111000939,917,28,889
111000940,731,42,689
111000941,446,151,295
111000943,835,273,562
111000944,160,121,39
111000945,105,640,-535
111001109,632,1010,-378
111001110,193,348,-155
111001111,123,8,115
111001112,42,2,40
111001113,0,129,-129
111001114,611,157,454
111001115,28,1621,-1593
111001116,1828,6008,-4180
111001117,279,2705,-2426
111001120,100,198,-98
111001121,128,116,12
111001122,30,94,-64
111900001,47,39,8
111900002,77,140,-63
111900003,18,140,-122
111900004,19,39,-20
111900006,35,51,-16
111900007,313,8,305
111900008,479,2,477
111900009,357,32,325
111900010,107,274,-167
111900012,45,65,-20
111900013,10,8,2
111900014,2110,7684,-5574
111900015,0,32,-32
111900016,1,16,-15
111900017,1,29,-28
111900018,279,10,269
111900019,3,125,-122
111900020,7,44,-37
111900021,6,103,-97
111900022,25,25,0
111900023,45,36,9
111900024,2,61,-59
111900025,1,22,-21
111900026,0,14,-14
111900027,3,47,-44
111900028,0,113,-113
111900029,5,35,-30
111900030,22,291,-269
111900031,21,32,-11
111900032,0,95,-95
111900033,5,62,-57
111900034,73,258,-185
111900035,61,350,-289
111900036,1,65,-64
111900038,115,350,-235
111900039,36,215,-179
111900040,0,120,-120
111900042,34,81,-47
111900043,3,117,-114
111900044,59,149,-90
111900046,12,54,-42
111900048,540,214,326
111900049,27,150,-123
111900050,129,36,93
111900051,0,92,-92
111900052,92,230,-138
111900053,426,2932,-2506
111900054,276,4,272
111900055,157,253,-96
111900056,83,455,-372
111900057,251,13,238
111900058,965,191,774
111900059,1110,963,147
111900060,497,8,489
111900061,3,83,-80
111900062,55,122,-67
111900063,390,165,225
111900064,43,80,-37
111900065,176,59,117
111900066,301,137,164
111900067,2,171,-169
111900068,59,95,-36
111900069,82,30,52
111900070,331,111,220
111900071,1,80,-79
111900072,42,49,-7
111900073,1668,295,1373
111900074,6,121,-115
111900075,150,33,117
111900076,391,112,279
111900077,69,6,63
111900078,594,85,509
111900079,108,66,42
111900080,111,167,-56
111900081,340,215,125
111900082,318,76,242
111900083,343,48,295
111900084,286,10,276
111900085,39,121,-82
111900086,142,21,121
111900087,166,2,164
111900088,1066,38,1028
111900089,219,10,209
111900090,58,94,-36
111900091,703,22,681
111900092,217,0,217
111900093,767,10,757
111900094,317,1,316
111900095,583,48,535
111900096,329,15,314
111900097,130,1,129
111900098,546,5,541
111900099,161,2,159
111900100,158,9,149
111900101,125,30,95
111900102,1031,447,584
111900103,92,141,-49
111900104,145,118,27
111900105,279,413,-134
111900106,343,31,312
111900107,13,105,-92
111900108,99,321,-222
111900109,181,693,-512
111900110,1389,247,1142
111900111,293,32,261
111900112,302,6061,-5759
111900113,238,80,158
111900114,115,67,48
111900115,7,13,-6
111900118,313,150,163
111900119,409,245,164
111900122,64,120,-56
111900123,7,32,-25
111900124,35,26,9
111900125,880,75,805
111900126,589,6,583
111900127,0,145,-145
111900128,21,157,-136
111900129,389,4,385
111900130,252,95,157
111900131,899,8,891
111900132,8,304,-296
111900133,4,175,-171
111900134,2,111,-109
111900135,23,95,-72
111900136,69,213,-144
111900137,24,34,-10
111900138,35,39,-4
111900139,24,40,-16
111900140,146,20,126
111900141,171,10,161
111900142,86,24,62
111900143,152,54,98
111900144,0,22,-22
111900145,2,104,-102
111900146,0,53,-53
111900147,23,261,-238
111900148,5,275,-270
111900149,17,125,-108
111900150,26,69,-43
111900151,3,37,-34
111900152,59,95,-36
111900153,427,1117,-690
111900154,56,839,-783
111900155,110,199,-89
111900156,102,113,-11
111900157,357,27,330
111900158,1070,165,905
111900159,566,87,479
111900160,575,5,570
111900161,500,1,499
111900162,126,306,-180
111900163,21,119,-98
111900164,90,51,39
111901113,895,20,875
111901114,371,320,51
111901115,214,5,209
111901116,62,5,57
111901117,35,102,-67
111901118,20,615,-595
111901119,216,54,162
111901120,13,81,-68
111901121,29,67,-38
111901122,2,115,-113
111901123,485,70,415
111901124,551,10,541
111901125,661,186,475
111901126,257,170,87
111901127,389,1502,-1113
111901128,23,71,-48
111901129,2,68,-66
111901130,4,94,-90
111901131,3,132,-129
111901132,115,44,71
111901133,48,3,45
111901134,216,7,209
111901135,56,37,19
111901136,50,80,-30
111901137,0,48,-48
111901138,40,39,1
111901139,9,22,-13
111901140,2,36,-34
111901141,1,41,-40
111901142,4,24,-20
111901143,1,79,-78
111901144,32,66,-34
112000001,2831,874,1957
112000002,816,1745,-929
112000003,3205,1264,1941
112000004,920,364,556
112000005,4393,4385,8
112000006,868,708,160
112000007,6260,3710,2550
112000008,3539,4407,-868
112000009,2827,1360,1467
112000010,4485,5523,-1038
112000011,1483,1142,341
112000012,4442,7072,-2630
112000013,1697,4126,-2429
112000014,1122,4451,-3329
112000015,1662,3754,-2092
112000016,2780,3654,-874
112000017,598,4667,-4069
112000024,895,447,448
112000026,1879,1821,58
112000027,834,731,103
112000028,617,895,-278
112000029,1010,1042,-32
112000030,162,23,139
112000031,1735,5044,-3309
112000032,117,29,88
112000033,1296,3981,-2685
112000034,89,29,60
112000035,51,1022,-971
112000036,272,1509,-1237
112000037,788,1022,-234
112000038,1264,1597,-333
112000039,134,50,84
112000040,50,164,-114
112000041,259,371,-112
112000042,806,317,489
112000050,1487,1160,327
112000051,1396,2667,-1271
112000054,1462,1315,147
112000057,733,258,475
112000058,289,497,-208
112000059,484,702,-218
112000061,2364,906,1458
112000062,591,1767,-1176
112000063,234,3698,-3464
112000064,2432,2747,-315
112000065,928,1957,-1029
112000066,3565,1651,1914
112000067,403,503,-100
112000068,3459,3259,200
112000069,495,1740,-1245
112000070,2020,1025,995
112000071,1185,1527,-342
112000072,3086,975,2111
112000073,1309,1710,-401
112000074,1270,1147,123
112000075,1316,1398,-82
112000076,2989,2154,835
112000077,1304,422,882
112000078,2539,726,1813
112000079,2185,1245,940
112000080,812,617,195
112000081,960,1621,-661
112000082,1223,508,715
112000083,816,890,-74
112000084,1480,441,1039
112000085,1885,726,1159
112000086,2153,802,1351
112000087,752,284,468
112000088,1103,246,857
112000089,299,294,5
112000090,242,186,56
112000091,632,490,142
112000092,3125,857,2268
112000093,1539,421,1118
112000094,934,716,218
112000095,942,471,471
112000096,846,532,314
112000097,2218,933,1285
112000098,484,372,112
112000099,897,2262,-1365
112000100,2772,674,2098
112000101,688,313,375
112000102,2181,447,1734
112000103,417,410,7
112000105,495,480,15
112000106,2654,387,2267
112000107,35,172,-137
112000108,385,834,-449
112000109,103,54,49
112000110,2039,499,1540
112000111,513,2399,-1886
112000112,3220,491,2729
112000113,761,1169,-408
112000114,3201,909,2292
112000115,372,417,-45
112000116,686,795,-109
112000117,1142,526,616
112000118,836,611,225
112000119,348,414,-66
112000120,58,195,-137
112000121,122,259,-137
112000122,440,111,329
112000123,1014,63,951
112000124,755,77,678
112000125,351,342,9
112000126,547,181,366
112000127,2090,3108,-1018
112000128,515,569,-54
112000129,163,79,84
112000130,367,90,277
112000131,60,118,-58
112000132,234,184,50
112000133,452,97,355
112000134,647,315,332
112000135,1292,712,580
112000136,936,1321,-385
112000137,1803,2292,-489
112000138,865,1005,-140
112000139,659,877,-218
112000140,240,896,-656
112000141,1459,552,907
112000142,163,315,-152
112000143,1546,182,1364
112000144,286,576,-290
112000145,3481,474,3007
112000146,622,825,-203
112000147,2854,1552,1302
112000148,858,994,-136
112000149,697,454,243
112000150,389,261,128
112000151,365,120,245
112000152,926,296,630
112000153,113,141,-28
112000154,275,340,-65
112000155,167,137,30
112000157,514,1149,-635
112000158,337,230,107
112000159,1189,195,994
112000167,420,216,204
112000169,187,537,-350
112000173,1577,321,1256
112000175,578,236,342
112000176,780,1272,-492
112000177,1284,464,820
112000178,76,246,-170
112000179,383,103,280
112000180,388,190,198
112000181,1208,945,263
112000182,2592,483,2109
112000183,41,10,31
112000184,635,166,469
112000185,1202,249,953
112000187,5780,3967,1813
112000195,262,20,242
112000196,186,0,186
112000197,98,288,-190
112000198,44,230,-186
112000199,57,449,-392
112000202,702,0,702
112000216,90,157,-67
112000230,146,5,141
112000231,3,92,-89
112000256,119,295,-176
112000313,55,38,17
112000314,93,81,12
112000337,150,608,-458
112000352,161,381,-220
112000392,2300,992,1308
112000398,2144,760,1384
112000399,1230,6620,-5390
112000400,1400,1022,378
112000401,1287,893,394
112000402,4903,6064,-1161
112000403,1628,6281,-4653
112000404,1711,1479,232
112000405,3224,3153,71
112000406,2215,920,1295
112000407,11056,8875,2181
112000408,5420,2419,3001
112000409,1358,1815,-457
112000410,488,453,35
112000411,1839,1950,-111
112000412,629,538,91
112000413,3725,9366,-5641
112000414,150,36,114
112000415,109,50,59
112000416,4094,1221,2873
112000417,349,89,260
112000421,70,48,22
112000422,393,144,249
112000424,849,3829,-2980
112000425,504,219,285
112000426,203,312,-109
112000427,0,10,-10
112000428,416,114,302
112000429,2335,1942,393
112000430,2781,3555,-774
112000431,137,146,-9
112000432,710,395,315
112000433,313,593,-280
112000437,46,91,-45
112900001,104,4,100
112900002,1107,341,766
112900003,76,86,-10
112900004,143,103,40
112900005,407,38,369
112900006,10,179,-169
112900007,71,70,1
112900008,0,52,-52
112900009,707,245,462
112900010,963,291,672
112900011,57,164,-107
112900012,8,16,-8
112900013,5,245,-240
112900014,6,117,-111
112900015,112,538,-426
112900016,9,118,-109
112900017,103,116,-13
112900018,0,86,-86
112900019,16,147,-131
112900020,276,848,-572
112900021,5,112,-107
112900022,26,31,-5
112900023,1,37,-36
112900024,33,76,-43
112900025,127,120,7
112900026,1,37,-36
112900027,9,206,-197
112900028,15,80,-65
112900029,31,88,-57
112900030,68,54,14
112900031,1,174,-173
112900032,267,196,71
112900034,6,22,-16
112900035,0,109,-109
112900036,20,119,-99
112900037,254,224,30
112900038,1011,128,883
112900039,5,120,-115
112900040,7,425,-418
112900041,416,1458,-1042
112900042,111,167,-56
112900043,42,75,-33
112900044,275,329,-54
112900045,139,125,14
112900046,123,75,48
112900047,26,22,4
112900049,440,44,396
112900050,22,633,-611
112900051,148,309,-161
112900052,3,212,-209
112900053,191,175,16
112900054,95,51,44
112900055,103,60,43
112900056,424,248,176
112900057,22,116,-94
112900058,383,404,-21
112900059,155,313,-158
112900060,51,22,29
112900061,147,127,20
112900062,95,81,14
112900063,28,18,10
112900064,27,196,-169
112900065,21,45,-24
112900066,330,367,-37
112900067,232,70,162
112900068,35,62,-27
112900069,1166,1293,-127
112900071,52,12,40
112900072,79,4885,-4806
112900073,350,304,46
112900074,198,445,-247
112900075,656,1760,-1104
112900076,50,46,4
112900078,378,736,-358
112900079,338,30,308
112900080,154,9,145
112900081,92,455,-363
112900082,765,82,683
112900083,280,209,71
112900084,446,364,82
112900085,1,12,-11
112900086,126,0,126
112900087,1964,194,1770
112900088,304,14,290
112900089,1602,50,1552
112900090,224,97,127
112900091,422,14,408
112900092,94,823,-729
112900093,1633,59,1574
112900094,195,3,192
112900095,104,0,104
112900096,949,269,680
112900097,128,221,-93
112900098,117,1,116
112900099,1450,50,1400
112900100,194,3,191
112900101,552,18,534
112900102,142,49,93
112900103,322,5,317
112900104,29,0,29
112900105,32,0,32
112900106,465,167,298
112900107,12,0,12
112900108,11,1,10
112900109,293,5,288
112900110,2387,46,2341
112900111,1071,15,1056
112900112,430,1,429
112900113,0,8,-8
112900114,539,34,505
112900115,2414,15,2399
112900116,175,23,152
112900117,72,22,50
112900118,6,91,-85
112900119,203,5,198
112900120,396,225,171
112900121,36,92,-56
112900122,16,44,-28
112900123,147,50,97
112900124,19,29,-10
112900125,25,518,-493
112900126,94,109,-15
112900127,572,175,397
112900128,83,417,-334
112900129,6,532,-526
112900130,316,141,175
112900131,37,472,-435
112900132,93,276,-183
112900133,18,791,-773
112900134,2,211,-209
112900135,83,104,-21
112900136,0,7,-7
112900137,0,293,-293
112900138,3,116,-113
112900139,48,673,-625
112900140,0,21,-21
112900141,1032,44,988
112900142,67,387,-320
112900143,9,213,-204
112900144,4,93,-89
112900145,8,336,-328
112900146,8,300,-292
112900147,0,368,-368
112900148,74,3,71
112900149,348,194,154
112900151,2,19,-17
112900152,2187,396,1791
112900153,442,3829,-3387
112900154,1,18,-17
112900155,218,14,204
112900156,847,345,502
112900157,477,15,462
112900158,151,8,143
112900159,230,253,-23
112900160,37,139,-102
112900161,213,90,123
112900162,14,15,-1
112900163,16,58,-42
112900164,76,205,-129
112900165,110,67,43
112900166,17,91,-74
112900167,4,139,-135
112900168,2,8,-6
112900169,5,31,-26
112900170,77,244,-167
112900172,56,15,41
112900173,164,126,38
112900174,456,98,358
112900175,119,321,-202
112900176,9,25,-16
112900177,204,69,135
112900178,652,3536,-2884
112900179,16,313,-297
112900180,2515,1151,1364
112900181,1343,6,1337
112900182,85,248,-163
112900183,84,340,-256
112900184,291,632,-341
112900185,66,732,-666
112900186,836,1408,-572
112900187,80,627,-547
112900188,664,3695,-3031
112900189,11,4,7
112900190,5,22,-17
112900192,922,672,250
112900193,1237,403,834
112900194,101,3,98
112900195,950,44,906
112900196,407,388,19
112900197,117,243,-126
112900199,1092,360,732
112900200,693,84,609
112900201,246,137,109
112900202,639,386,253
112900203,437,139,298
112900204,527,489,38
112900205,6,2,4
112900206,7,56,-49
112900207,25,0,25
112900208,55,330,-275
112900209,140,277,-137
112900210,0,34,-34
112900211,89,7,82
112900212,0,24,-24
112900213,54,6,48
112900214,14,17,-3
112900215,21,27,-6
112900216,66,47,19
112900217,5,50,-45
112900218,114,32,82
112900219,179,12,167
112900220,2,0,2
112900221,41,210,-169
112900222,1,73,-72
112900223,1125,25,1100
112900224,693,213,480
112900225,819,219,600
112900226,159,464,-305
112900227,1313,277,1036
112900228,121,65,56
112900229,589,7,582
112900230,8871,3306,5565
112900232,474,464,10
112900233,71,83,-12
112900234,40,7,33
112900235,16,16,0
112900236,660,11,649
112900237,455,154,301
112900238,7,5,2
113000001,6147,5230,917
113000002,4797,3654,1143
113000003,2067,1748,319
113000004,1899,2086,-187
113000005,2051,1550,501
113000006,1257,1557,-300
113000007,2687,1477,1210
113000008,2030,1795,235
113000009,1526,688,838
113000010,1576,979,597
113000011,1461,1054,407
113000012,1797,757,1040
113000013,860,584,276
113000014,782,1437,-655
113000015,108,190,-82
113000016,295,811,-516
113000017,103,351,-248
113000018,383,22,361
113000019,325,291,34
113000020,326,68,258
113000021,1698,1040,658
113000022,817,3168,-2351
113000025,151,255,-104
113000026,718,967,-249
113000027,541,1794,-1253
113000028,730,3200,-2470
113000029,955,858,97
113000030,218,439,-221
113000031,139,211,-72
113000032,277,321,-44
113000033,259,378,-119
113000034,136,150,-14
113000035,14,33,-19
113000036,24,78,-54
113000037,55,35,20
113000038,27,74,-47
113000039,43,186,-143
113000040,39,98,-59
113000042,832,656,176
113000051,1471,2380,-909
113000052,2458,543,1915
113000053,772,492,280
113000054,609,693,-84
113000055,2100,465,1635
113000056,1825,988,837
113000058,513,755,-242
113000059,1057,294,763
113000060,473,538,-65
113000061,592,754,-162
113000062,431,328,103
113000063,508,59,449
113000064,108,184,-76
113000065,170,415,-245
113000066,1095,122,973
113000067,3511,892,2619
113000068,618,434,184
113000069,681,408,273
113000070,3144,873,2271
113000071,736,394,342
113000072,1322,362,960
113000073,427,1427,-1000
113000074,1093,470,623
113000075,1924,835,1089
113000076,504,3245,-2741
113000077,680,996,-316
113000078,469,1916,-1447
113000079,333,1017,-684
113000080,588,1042,-454
113000081,676,1202,-526
113000082,842,976,-134
113000083,731,816,-85
113000084,1889,1193,696
113000085,952,556,396
113000086,851,1236,-385
113000087,828,1373,-545
113000088,1760,1340,420
113000089,788,1687,-899
113000090,173,812,-639
113000091,243,486,-243
113000094,1589,328,1261
113000095,272,731,-459
113000096,132,1036,-904
113000097,1293,596,697
113000098,181,67,114
113000099,1427,669,758
113000100,191,717,-526
113000101,181,1137,-956
113000102,672,752,-80
113000103,2587,303,2284
113000104,763,2864,-2101
113000105,1081,708,373
113000106,414,356,58
113000107,1077,1012,65
113000108,960,790,170
113000109,504,1159,-655
113000110,4760,828,3932
113000111,153,581,-428
113000112,366,297,69
113000113,1290,325,965
113000114,240,1401,-1161
113000116,587,312,275
113000117,1271,156,1115
113000118,50,705,-655
113000119,371,427,-56
113000120,82,386,-304
113000121,467,1309,-842
113000124,277,118,159
113000125,38,1189,-1151
113000127,1647,234,1413
113000128,1694,277,1417
113000129,398,906,-508
113000133,2763,802,1961
113000134,9,1470,-1461
113000135,4719,5377,-658
113000137,921,3803,-2882
113000139,273,203,70
113000140,71,99,-28
113000141,127,172,-45
113000142,204,511,-307
113000143,311,140,171
113000144,221,366,-145
113000145,102,116,-14
113000146,183,41,142
113000147,255,100,155
113000148,273,174,99
113000149,259,265,-6
113000150,549,448,101
113000151,36,34,2
113000152,42,211,-169
113000153,1491,339,1152
113000154,459,1810,-1351
113000155,438,849,-411
113000156,207,378,-171
113000157,378,447,-69
113000158,694,214,480
113000159,1012,471,541
113000160,599,414,185
113000161,441,191,250
113000162,1262,274,988
113000163,164,42,122
113000164,15,82,-67
113000166,318,55,263
113000167,83,66,17
113000168,181,108,73
113000169,309,45,264
113000170,86,67,19
113000171,58,88,-30
113000172,380,45,335
113000173,90,40,50
113000174,236,113,123
113000175,617,114,503
113000176,674,80,594
113000177,171,169,2
113000178,172,126,46
113000179,418,109,309
113000180,1050,1559,-509
113000181,1135,707,428
113000182,139,468,-329
113000183,203,645,-442
113000184,19,124,-105
113000189,246,644,-398
113000190,146,246,-100
113000192,539,6982,-6443
113000193,1778,4521,-2743
113000194,903,4215,-3312
113000195,1539,3942,-2403
113000196,339,92,247
113000197,1466,3131,-1665
113000198,175,266,-91
113000199,1856,423,1433
113000201,332,707,-375
113000202,13785,2215,11570
113000203,88,603,-515
113000204,529,7516,-6987
113000205,12,42,-30
113000206,12,54,-42
113000207,41,8,33
113000208,32,57,-25
113000209,19,12,7
113000210,11,15,-4
113000211,58,316,-258
113000212,24,54,-30
113000213,13,145,-132
113000214,137,369,-232
113000234,310,627,-317
113000410,27,210,-183
113000411,1377,2699,-1322
113000412,4383,1603,2780
113000413,867,2948,-2081
113000414,3291,12308,-9017
113000415,2197,1328,869
113000416,2526,2152,374
113000417,1077,1648,-571
113000418,4254,4040,214
113000419,1473,2853,-1380
113000420,2497,6281,-3784
113000421,4784,7417,-2633
113000422,8254,9263,-1009
113000423,1215,5320,-4105
113000424,2006,9422,-7416
113000425,2,65,-63
113000428,24,2,22
113000430,5,85,-80
113000432,2841,196,2645
113000433,51,452,-401
113000434,11,81,-70
113000435,21,155,-134
113000436,14,510,-496
113000437,1556,27,1529
113000438,510,14,496
113000439,15,52,-37
113000440,156,50,106
113000441,289,176,113
113000442,193,62,131
113000443,291,138,153
113000444,401,45,356
113000445,98,79,19
113000446,53,102,-49
113000448,1075,371,704
113000449,153,756,-603
113000450,1789,2355,-566
113000451,4488,374,4114
113000452,104,514,-410
113000453,54,996,-942
113000454,358,97,261
113000455,11,2496,-2485
113000456,2118,2484,-366
113000468,687,84,603
113000469,79,304,-225
113000470,458,29,429
113000471,14,377,-363
113000472,80,219,-139
113000474,1321,754,567
113000475,1476,1172,304
113000476,2352,2016,336
113000477,5019,1654,3365
113000478,2740,2507,233
113000479,123,93,30
113000480,105,856,-751
113000482,0,0,0
113000484,0,0,0
113000485,0,0,0
113000486,0,0,0
113000487,0,0,0
113000489,0,0,0
113000490,0,0,0
113000491,0,0,0
113000492,0,0,0
113000493,0,0,0
113000495,229,65,164
113000496,131,94,37
113000498,0,0,0
113000499,0,0,0
113000500,0,0,0
113900001,20,2831,-2811
113900002,1,70,-69
113900003,0,206,-206
113900004,2,410,-408
113900005,5,770,-765
113900006,7,46,-39
113900007,71,75,-4
113900008,15,1,14
113900009,57,0,57
113900010,53,0,53
113900011,135,2,133
113900012,73,1,72
113900013,140,4,136
113900014,962,3,959
113900015,0,46,-46
113900016,42,0,42
113900017,12,82,-70
113900018,184,320,-136
113900019,222,28,194
113900020,266,5,261
113900022,105,2,103
113900023,27,7,20
113900024,57,45,12
113900025,369,23,346
113900026,114,0,114
113900027,7,123,-116
113900028,49,180,-131
113900029,107,123,-16
113900030,379,11,368
113900031,88,9,79
113900032,53,0,53
113900033,81,43,38
113900035,71,2,69
113900036,33,101,-68
113900037,266,210,56
113900038,36,196,-160
113900039,291,58,233
113900040,10,41,-31
113900041,25,18,7
113900042,124,25,99
113900043,238,44,194
113900044,107,326,-219
113900045,88,2,86
113900046,552,1445,-893
113900047,129,76,53
113900048,107,116,-9
113900049,213,400,-187
113900050,356,430,-74
113900051,209,176,33
113900052,109,68,41
113900053,639,1018,-379
113900054,54,0,54
113900055,135,409,-274
113900056,57,67,-10
113900057,15,30,-15
113900058,119,46,73
113900059,255,210,45
113900060,63,310,-247
113900061,494,156,338
113900062,154,28,126
113900063,132,68,64
113900064,49,62,-13
113900065,570,19,551
113900066,666,164,502
113900067,339,181,158
113900068,575,910,-335
113900069,33,31,2
113900070,85,322,-237
113900071,102,21,81
113900072,46,98,-52
113900073,313,213,100
113900074,197,389,-192
113900075,966,2189,-1223
113900076,182,27,155
113900077,48,187,-139
113900078,58,10,48
113900079,3,37,-34
113900080,610,198,412
113900081,72,85,-13
113900082,187,204,-17
113900083,669,125,544
113900084,214,167,47
113900085,63,131,-68
113900086,78,10,68
113900087,171,135,36
113900088,74,110,-36
113900089,576,56,520
113900090,753,358,395
113900091,6,8,-2
113900092,24,94,-70
113900093,61,1306,-1245
113900094,790,235,555
113900095,235,264,-29
113900096,422,120,302
113900097,24,46,-22
113900098,1058,221,837
113900099,0,8,-8
113900100,0,1,-1
113900101,17,88,-71
113900102,78,151,-73
113900103,220,539,-319
113900104,143,381,-238
113900105,244,53,191
113900106,0,16,-16
113900107,10,15,-5
113900108,87,255,-168
113900109,246,189,57
113900110,57,22,35
113900111,232,78,154
113900112,299,45,254
113900113,1189,423,766
113900114,4,10,-6
113900115,0,29,-29
113900116,39,229,-190
113900117,71,21,50
113900118,178,698,-520
113900119,51,394,-343
113900120,41,64,-23
113900121,133,66,67
113900122,335,3717,-3382
113900123,607,197,410
113900124,0,46,-46
113900125,1092,152,940
113900126,97,49,48
113900127,330,870,-540
113900128,171,64,107
113900129,4,224,-220
113900130,4,144,-140
113900131,313,64,249
113900132,34,115,-81
113900133,4,43,-39
113900135,198,387,-189
113900136,133,75,58
113900137,322,362,-40
113900138,34,254,-220
113900139,261,261,0
113900140,29,350,-321
113900141,823,242,581
113900142,148,62,86
113900143,53,73,-20
113900144,63,252,-189
113900145,380,138,242
113900146,221,76,145
113900148,67,261,-194
113900149,133,104,29
113900150,300,266,34
113900151,479,134,345
113900152,36,82,-46
113900153,126,406,-280
113900154,6,110,-104
113900155,131,236,-105
113900156,216,214,2
113900157,93,445,-352
113900158,109,324,-215
113900159,9,186,-177
113900160,392,268,124
113900161,91,334,-243
113900162,134,668,-534
113900163,300,166,134
113900164,574,37,537
113900165,728,481,247
113900166,39,95,-56
113900167,371,36,335
113900168,44,51,-7
113900169,223,293,-70
113900171,312,93,219
113900172,8,67,-59
113900173,32,265,-233
113900174,552,434,118
113900175,336,219,117
113900176,303,292,11
113900177,268,228,40
113900178,297,249,48
113900179,44,164,-120
113900180,110,135,-25
113900181,1408,261,1147
113900182,656,469,187
113900183,95,58,37
113900184,9,149,-140
113900185,103,59,44
113900186,54,35,19
113900187,32,84,-52
113900188,18,101,-83
113900189,353,219,134
113900190,183,79,104
113900191,70,95,-25
113900192,4,926,-922
113900193,3,89,-86
113900194,1086,401,685
113900195,204,439,-235
113900196,3,150,-147
113900197,2,93,-91
113900198,19,418,-399
113900199,70,410,-340
113900200,8,135,-127
113900201,1,50,-49
113900202,38,141,-103
113900203,0,23,-23
113900204,15,200,-185
113900205,32,43,-11
113900206,11,54,-43
113900207,1,28,-27
113900208,0,36,-36
113900209,0,23,-23
113900210,397,635,-238
113900211,225,68,157
113900212,248,234,14
113900214,286,509,-223
113900215,96,104,-8
113900216,202,490,-288
113900217,173,80,93
113900218,110,77,33
113900219,151,1122,-971
113900220,124,146,-22
113900221,305,368,-63
113900222,87,569,-482
113900223,228,199,29
113900224,43,74,-31
113900225,618,109,509
113900226,487,156,331
113900227,391,249,142
113900228,246,513,-267
113900229,52,1008,-956
113900230,1858,3073,-1215
113900231,201,83,118
113900232,168,32,136
113900233,120,78,42
113900234,434,430,4
113900235,104,38,66
113900236,409,97,312
113900237,219,16,203
113900238,245,791,-546
113900239,40,189,-149
113900240,7,246,-239
113900241,52,149,-97
113900242,19,352,-333
113900243,41,181,-140
113900244,126,148,-22
113900245,648,478,170
113900246,11,35,-24
113900247,79,649,-570
113900248,2129,2079,50
113900249,320,578,-258
113900250,55,309,-254
113900251,1279,55,1224
113900252,1029,27,1002
113900253,974,69,905
113900254,721,227,494
113900255,933,24,909
113900256,424,39,385
113900257,24,194,-170
113900258,46,230,-184
113900259,958,74,884
113900260,304,5,299
113900261,79,40,39
113900262,175,247,-72
113900263,32,314,-282
113900264,16,171,-155
113900265,135,477,-342
113900266,19,112,-93
113900267,71,869,-798
113900268,258,550,-292
113900269,80,132,-52
113900270,163,769,-606
113900271,752,460,292
113900273,8,11,-3
113900274,84,37,47
113900275,12,99,-87
113900276,2,114,-112
113900277,288,9,279
113900278,212,147,65
113900279,48,59,-11
113900280,1110,570,540
113900281,221,1357,-1136
113900282,241,422,-181
113900283,380,642,-262
113900284,1188,92,1096
113900285,120,62,58
113900286,143,77,66
113900287,151,48,103
113900288,8,67,-59
113900289,274,94,180
113900290,276,352,-76
113900291,89,100,-11
113900292,6,16,-10
113900293,2,173,-171
113900294,628,20,608
113900295,283,440,-157
113900296,2172,348,1824
113900297,2951,46,2905
113900298,34,1124,-1090
113900299,157,19,138
113900300,5244,5152,92
113900301,533,607,-74
113900302,1251,1008,243
113900303,209,868,-659
113900304,2,99,-97
113900305,174,2,172
113900306,134,0,134
113900307,14,1,13
113900308,95,128,-33
113900309,0,219,-219
113900310,1,3,-2
113900311,25,5,20
113900312,121,172,-51
113900313,6,4,2
114000001,988,2239,-1251
114000002,572,259,313
114000003,127,245,-118
114000004,180,157,23
114000005,358,193,165
114000006,1241,1934,-693
114000007,752,1086,-334
114000008,1635,2328,-693
114000009,1246,378,868
114000011,3630,1913,1717
114000012,4254,1325,2929
114000013,2517,1004,1513
114000014,705,152,553
114000015,2453,195,2258
114000016,437,87,350
114000017,130,723,-593
114000018,126,23,103
114000026,3202,1019,2183
114000027,5532,2694,2838
114000028,2159,4014,-1855
114000038,384,100,284
114000039,145,18,127
114000040,159,333,-174
114000042,226,173,53
114000043,89,47,42
114000044,408,13,395
114000045,62,34,28
114000046,1861,4799,-2938
114000047,33,86,-53
114000048,100,44,56
114000049,1803,2094,-291
114000050,1965,2633,-668
114000051,3018,2676,342
114000052,3574,2694,880
114000053,80,849,-769
114000054,259,689,-430
114000055,210,80,130
114000056,173,1124,-951
114000057,4017,2092,1925
114000058,55,1169,-1114
114000059,58,632,-574
114000060,793,818,-25
114000061,2828,3458,-630
114000062,491,1834,-1343
114000063,1097,1268,-171
114000064,1634,3923,-2289
114000065,912,1875,-963
114000066,465,757,-292
114000067,38,1044,-1006
114000068,587,848,-261
114000069,1111,675,436
114000070,1909,2039,-130
114000071,860,460,400
114000072,834,150,684
114000073,16,21,-5
114000074,101,17,84
114000075,60,26,34
114000076,45,22,23
114000077,8,9,-1
114000078,423,377,46
114000079,304,17,287
114000080,125,69,56
114000081,99,74,25
114000082,68,239,-171
114000083,96,92,4
114000084,362,116,246
114000085,81,218,-137
114000086,372,145,227
114000087,236,69,167
114000088,50,10,40
114000089,477,207,270
114000090,1142,1477,-335
114000091,1251,1166,85
114000092,686,524,162
114000093,1639,656,983
114000094,440,419,21
114000095,201,256,-55
114000096,57,266,-209
114000097,110,197,-87
114000098,673,132,541
114000099,1155,103,1052
114000100,2270,357,1913
114000101,524,237,287
114000102,830,289,541
114000103,84,114,-30
114000104,20,161,-141
114000105,249,82,167
114000106,889,2446,-1557
114000107,1028,151,877
114000108,589,673,-84
114000109,886,1633,-747
114000110,496,765,-269
114000111,2712,1015,1697
114000112,225,741,-516
114000113,1181,377,804
114000114,493,573,-80
114000115,2120,1051,1069
114000116,1216,4194,-2978
114000117,5347,668,4679
114000118,4193,602,3591
114000119,3367,578,2789
114000120,733,551,182
114000121,472,662,-190
114000122,429,310,119
114000123,3098,459,2639
114000124,1364,483,881
114000125,1021,824,197
114000126,2166,271,1895
114000127,188,88,100
114000128,883,178,705
114000130,445,359,86
114000131,379,144,235
114000132,636,287,349
114000133,632,1296,-664
114000134,99,26,73
114000138,29,114,-85
114000139,367,493,-126
114000144,809,802,7
114000145,68,80,-12
114000146,127,87,40
114000147,1584,3385,-1801
114000148,883,1789,-906
114000149,299,483,-184
114000150,283,735,-452
114000151,566,1829,-1263
114000152,58,37,21
114000153,494,2678,-2184
114000154,620,563,57
114000155,1265,2904,-1639
114000156,615,824,-209
114000157,349,1381,-1032
114000158,948,665,283
114000159,125,448,-323
114000160,64,531,-467
114000161,996,3372,-2376
114000162,1433,3502,-2069
114000163,15,23,-8
114000165,484,528,-44
114000166,470,706,-236
114000167,2259,1603,656
114000168,364,425,-61
114000169,1037,1610,-573
114000170,1073,1657,-584
114000171,1847,9479,-7632
114000174,166,362,-196
114000176,267,533,-266
114000177,714,355,359
114000178,69,62,7
114000179,997,769,228
114000180,242,331,-89
114000181,1632,6222,-4590
114000182,725,2473,-1748
114000183,549,716,-167
114000184,1853,450,1403
114000185,1132,678,454
114000189,1814,235,1579
114000190,4583,579,4004
114000191,128,397,-269
114000192,83,611,-528
114000193,175,778,-603
114000194,1797,549,1248
114000195,332,213,119
114000196,1,60,-59
114000197,2918,17,2901
114000198,571,273,298
114000199,1393,1630,-237
114000200,529,742,-213
114000201,241,511,-270
114000202,830,449,381
114000203,567,542,25
114000204,147,323,-176
114000205,178,921,-743
114000206,750,881,-131
114000207,436,713,-277
114000208,459,1061,-602
114000209,312,1071,-759
114000210,178,605,-427
114000211,1470,967,503
114000212,929,777,152
114000213,1762,394,1368
114000214,66,82,-16
114000215,286,97,189
114000216,1923,346,1577
114000217,540,155,385
114000218,294,87,207
114000219,1284,164,1120
114000220,49,361,-312
114000221,1317,182,1135
114000222,133,443,-310
114000223,800,135,665
114000224,63,346,-283
114000225,401,265,136
114000226,342,210,132
114000227,809,519,290
114000228,981,412,569
114000229,1778,1126,652
114000230,1772,742,1030
114000231,1366,1329,37
114000232,1193,186,1007
114000233,2865,92,2773
114000234,1230,466,764
114000235,1524,985,539
114000236,1,279,-278
114000237,186,551,-365
114000238,113,279,-166
114000239,187,683,-496
114000240,1011,1114,-103
114000241,286,586,-300
114000242,632,504,128
114000243,2177,804,1373
114000244,472,254,218
114000245,488,813,-325
114000246,127,40,87
114000247,512,466,46
114000248,1683,728,955
114000249,612,360,252
114000250,688,381,307
114000251,368,171,197
114000252,79,30,49
114000253,33,88,-55
114000254,72,35,37
114000255,698,263,435
114000256,412,2253,-1841
114000257,347,760,-413
114000258,393,165,228
114000259,177,190,-13
114000260,0,46,-46
114000261,51,19,32
114000262,380,116,264
114000263,20,2,18
114000264,1920,344,1576
114000265,0,3,-3
114000267,5,1748,-1743
114000268,0,417,-417
114000270,280,2,278
114000271,275,65,210
114000283,1561,247,1314
114000285,14,52,-38
114000288,91,212,-121
114000289,2114,127,1987
114000293,269,503,-234
114000294,203,250,-47
114000395,1310,22,1288
114000396,740,826,-86
114000402,1029,164,865
114000403,493,186,307
114000405,284,139,145
114000423,580,147,433
114000424,591,154,437
114000425,1479,200,1279
114000426,333,816,-483
114000427,98,110,-12
114000428,41,131,-90
114000429,18,114,-96
114000432,107,34,73
114000434,34,62,-28
114000435,0,1,-1
114900001,757,341,416
114900002,360,167,193
114900003,1066,355,711
114900004,277,536,-259
114900005,930,269,661
114900006,117,71,46
114900007,395,41,354
114900008,329,110,219
114900010,1259,1678,-419
114900011,342,161,181
114900013,330,130,200
114900015,136,517,-381
114900018,956,33,923
114900020,205,111,94
114900021,291,176,115
114900022,0,602,-602
114900024,241,85,156
114900025,679,119,560
114900026,135,149,-14
114900027,197,145,52
114900029,31,17,14
114900030,416,222,194
114900031,587,31,556
114900032,571,24,547
114900033,617,1655,-1038
114900034,58,55,3
114900035,115,336,-221
114900036,244,242,2
114900037,79,80,-1
114900038,282,256,26
114900039,572,203,369
114900040,124,52,72
114900041,1273,158,1115
114900042,1730,261,1469
114900043,228,130,98
114900044,202,85,117
114900045,161,136,25
114900046,42,43,-1
114900047,214,3817,-3603
114900048,45,126,-81
114900049,6,60,-54
114900050,62,122,-60
114900051,42,167,-125
114900052,33,203,-170
114900053,46,140,-94
114900054,20,40,-20
114900057,134,25,109
114900058,2,34,-32
114900059,150,84,66
114900060,288,840,-552
114900061,151,39,112
114900062,142,315,-173
114900063,79,81,-2
114900064,2958,164,2794
114900065,732,693,39
114900067,49,411,-362
114900068,17,55,-38
114900069,146,74,72
114900070,789,290,499
114900072,2,165,-163
114900073,1,29,-28
114900074,1088,186,902
114900075,445,13,432
114900076,11,184,-173
114900080,924,171,753
114900082,2123,2991,-868
114900083,531,1053,-522
114900084,359,100,259
114900090,588,183,405
114900091,71,127,-56
114900095,171,30,141
114900096,268,539,-271
114900097,216,11,205
114900098,4,74,-70
114900099,341,15,326
115000001,3862,1843,2019
115000002,4545,6090,-1545
115000003,4057,1680,2377
115000004,5509,7106,-1597
115000005,2051,2118,-67
115000006,1341,1747,-406
115000007,229,260,-31
115000008,532,395,137
115000009,379,280,99
115000010,374,199,175
115000013,43,180,-137
115000015,23,212,-189
115000016,159,451,-292
115000019,40,492,-452
115000020,142,1271,-1129
115000021,304,303,1
115000022,468,303,165
115000023,313,605,-292
115000024,879,337,542
115000025,1101,760,341
115000026,237,252,-15
115000027,471,351,120
115000028,295,514,-219
115000029,909,92,817
115000030,602,902,-300
115000031,909,357,552
115000032,10,176,-166
115000033,138,44,94
115000034,62,1002,-940
115000035,1048,79,969
115000036,0,287,-287
115000037,638,26,612
115000038,114,125,-11
115000039,2908,3986,-1078
115000040,3216,2187,1029
115000041,1902,4816,-2914
115000042,434,631,-197
115000043,4155,3095,1060
115000044,3171,2935,236
115000045,2439,1044,1395
115000046,3436,3101,335
115000047,3366,1571,1795
115000048,2395,1807,588
115000049,1361,2834,-1473
115000050,3580,1585,1995
115000051,1677,4085,-2408
115000052,1074,1217,-143
115000053,2742,2602,140
115000054,575,697,-122
115000055,176,755,-579
115000056,159,322,-163
115000057,459,1381,-922
115000058,174,362,-188
115000059,263,427,-164
115000061,116,149,-33
115000062,304,428,-124
115000063,547,353,194
115000064,184,137,47
115000065,86,471,-385
115000067,234,36,198
115000069,182,258,-76
115000070,12,1073,-1061
115000071,88,19,69
115000072,4,30,-26
115000073,1744,105,1639
115000075,128,61,67
115000076,2461,2018,443
115000077,2542,1292,1250
115000078,2134,836,1298
115000079,1805,1094,711
115000080,3961,1246,2715
115000081,344,491,-147
115000082,6280,4831,1449
115000083,2503,1006,1497
115000084,4094,994,3100
115000085,1288,710,578
115000086,1728,675,1053
115000087,390,1438,-1048
115000088,1993,788,1205
115000089,1360,989,371
115000090,542,898,-356
115000091,270,507,-237
115000092,905,763,142
115000093,882,4,878
115000094,4888,7295,-2407
115000095,3687,7779,-4092
115000096,1289,725,564
115000097,2310,1380,930
115000098,1924,504,1420
115000099,3128,1479,1649
115000100,1737,317,1420
115000101,733,784,-51
115000102,628,188,440
115000103,340,516,-176
115000105,85,80,5
115000106,788,436,352
115000107,228,237,-9
115000108,1809,1686,123
115000109,3412,6083,-2671
115000110,1332,2426,-1094
115000111,402,1242,-840
115000112,821,1005,-184
115000113,484,1044,-560
115000114,1378,647,731
115000116,2434,2309,125
115000117,2032,2320,-288
115000118,2088,1863,225
115000119,1581,2156,-575
115000120,518,1241,-723
115000121,592,807,-215
115000122,719,1677,-958
115000123,834,2055,-1221
115000124,761,1048,-287
115000125,325,874,-549
115000126,177,507,-330
115000127,338,221,117
115000128,316,827,-511
115000129,191,558,-367
115000130,522,437,85
115000131,1020,202,818
115000132,458,424,34
115000133,764,181,583
115000134,412,423,-11
115000135,228,219,9
115000136,239,299,-60
115000137,97,245,-148
115000138,436,199,237
115000139,203,199,4
115000140,520,156,364
115000141,304,127,177
115000142,221,101,120
115000143,1232,717,515
115000144,590,70,520
115000145,311,134,177
115000146,548,483,65
115000147,299,364,-65
115000148,407,421,-14
115000149,924,235,689
115000150,739,400,339
115000151,1620,516,1104
115000152,888,594,294
115000153,1883,446,1437
115000154,1139,319,820
115000155,768,855,-87
115000156,870,1125,-255
115000157,459,1253,-794
115000158,410,380,30
115000159,501,816,-315
115000160,548,679,-131
115000161,992,414,578
115000162,424,977,-553
115000163,428,737,-309
115000164,462,873,-411
115000165,280,830,-550
115000167,89,169,-80
115000168,357,663,-306
115000169,326,945,-619
115000170,40,159,-119
115000171,196,413,-217
115000172,822,650,172
115000173,210,1076,-866
115000174,47,428,-381
115000175,156,148,8
115000176,89,137,-48
115000177,64,195,-131
115000178,27,178,-151
115000179,27,57,-30
115000180,169,265,-96
115000181,1136,132,1004
115000182,1371,223,1148
115000183,611,422,189
115000186,676,221,455
115000187,262,448,-186
115000188,431,648,-217
115000189,278,303,-25
115000190,758,614,144
115000191,287,561,-274
115000194,97,162,-65
115000195,233,400,-167
115000196,316,103,213
115000197,335,128,207
115000198,780,127,653
115000199,570,102,468
115000200,489,164,325
115000201,184,219,-35
115000206,487,76,411
115000207,324,199,125
115000208,318,590,-272
115000209,714,392,322
115000210,165,179,-14
115000211,345,241,104
115000212,860,374,486
115000218,37,84,-47
115000219,59,34,25
115000224,227,39,188
115000225,97,56,41
115000229,219,58,161
115000230,84,704,-620
115000231,342,792,-450
115000232,2616,300,2316
115000233,147,222,-75
115000234,51,268,-217
115000241,94,89,5
115000242,201,65,136
115000243,80,110,-30
115000244,4,138,-134
115000246,53,37,16
115000247,52,53,-1
115000248,49,14,35
115000249,4,22,-18
115000250,355,22,333
115000251,419,53,366
115000252,61,140,-79
115000253,10,449,-439
115000258,370,82,288
115000259,268,102,166
115000261,21,10,11
115000262,10,35,-25
115000263,19,25,-6
115000264,13,15,-2
115000267,77,74,3
115000268,34,108,-74
115000269,143,61,82
115000270,1,14,-13
115000272,58,108,-50
115000273,719,65,654
115000274,632,102,530
115000280,1484,188,1296
115000281,345,428,-83
115000282,1079,998,81
115000284,90,161,-71
115000296,575,6,569
115000297,181,180,1
115000298,65,410,-345
115000300,275,84,191
115000302,655,115,540
115000303,1056,61,995
115000304,1093,75,1018
115000305,135,257,-122
115000306,306,144,162
115000307,187,157,30
115000308,9,23,-14
115000310,1922,465,1457
115000311,1723,1129,594
115000313,138,153,-15
115000314,927,253,674
115000315,763,732,31
115000316,143,174,-31
115000317,181,499,-318
115000318,1000,386,614
115000319,117,169,-52
115000320,33,545,-512
115000321,373,4,369
115000322,60,122,-62
115000449,214,173,41
115000557,20,1914,-1894
115000558,142,116,26
115000587,768,333,435
115000588,1817,2461,-644
115000589,3961,2708,1253
115000590,663,1796,-1133
115000591,1263,893,370
115000592,439,2071,-1632
115000593,1523,1168,355
115000594,294,2324,-2030
115000609,196,127,69
115000617,371,2875,-2504
115000624,311,17,294
115000633,320,1254,-934
115000634,3527,869,2658
115000635,716,99,617
115000638,230,326,-96
115000641,66,315,-249
115000642,245,189,56
115000643,128,208,-80
115000644,137,213,-76
115000646,733,1629,-896
115000647,239,548,-309
115000648,3102,934,2168
115000893,1676,1348,328
115000894,100,527,-427
115000895,187,542,-355
115000896,1053,311,742
115000897,377,121,256
115000898,622,342,280
115000899,183,1769,-1586
115000900,32,348,-316
115000901,59,207,-148
115000912,510,106,404
115000913,9,14,-5
115000915,8,0,8
115000916,3,0,3
115000917,0,4,-4
115000918,50,876,-826
115000919,4,28,-24
115000920,10,39,-29
115000921,387,102,285
115000922,265,923,-658
115000923,69,1220,-1151
115000925,90,148,-58
115000927,37,73,-36
115000933,17,327,-310
115900001,204,4,200
115900002,89,78,11
115900003,269,52,217
115900004,0,17,-17
115900005,316,28,288
115900006,149,97,52
115900008,117,1,116
115900009,85,131,-46
115900010,551,51,500
115900011,536,206,330
115900012,329,4,325
115900013,314,155,159
115900014,137,101,36
115900015,253,19,234
115900016,96,67,29
115900017,13,13,0
115900018,163,53,110
115900019,177,17,160
115900020,140,1,139
115900021,700,1346,-646
115900022,397,11,386
115900023,1,5,-4
115900025,27,303,-276
115900026,762,124,638
115900027,0,163,-163
115900028,327,52,275
115900029,12,149,-137
115900030,37,55,-18
115900031,54,329,-275
115900032,392,650,-258
115900033,2,91,-89
115900034,26,133,-107
115900035,32,80,-48
115900036,21,2204,-2183
115900037,33,138,-105
115900038,34,42,-8
115900039,253,95,158
115900041,137,1078,-941
115900042,71,5,66
115900043,170,20,150
115900044,172,359,-187
115900046,539,146,393
115900047,109,300,-191
115900049,252,168,84
115900051,6,24,-18
115900052,18,82,-64
115900053,472,94,378
115900054,616,36,580
115900055,38,69,-31
115900056,325,140,185
115900057,8,24,-16
115900058,20,54,-34
115900060,59,89,-30
115900061,394,0,394
115900062,188,103,85
115900063,25,4,21
115900064,192,284,-92
115900065,193,54,139
115900066,60,71,-11
115900067,9,115,-106
115900068,1083,1267,-184
115900069,59,210,-151
115900070,248,60,188
115900071,0,88,-88
115900072,50,111,-61
115900073,183,158,25
115900074,13,95,-82
115900075,58,120,-62
115900076,21,20,1
115900077,0,52,-52
115900078,31,165,-134
115900079,530,9,521
115900080,168,86,82
115900081,31,20,11
115900082,106,136,-30
115900084,798,56,742
115900085,47,82,-35
115900086,966,426,540
115900088,1,81,-80
115900089,522,300,222
115900090,820,7,813
115900091,6,19,-13
115900092,32,55,-23
115900093,11,21,-10
115900094,7,79,-72
115900096,9,2,7
115900097,32,95,-63
115900098,375,188,187
115900099,68,109,-41
115900100,26,145,-119
115900101,323,121,202
115900102,126,55,71
115900103,425,122,303
115900104,156,48,108
115900105,349,196,153
115900106,156,4,152
115900107,150,46,104
115900108,291,19,272
115900109,32,254,-222
115900110,31,7,24
115900111,4,55,-51
115900112,61,650,-589
115900113,62,17,45
115900114,7,127,-120
115900115,88,154,-66
115900116,100,435,-335
115900117,115,21,94
115900118,7,109,-102
115900119,209,133,76
115900120,48,122,-74
115900121,310,95,215
115900124,328,1028,-700
115900125,559,84,475
115900126,1336,76,1260
115900127,1257,55,1202
115900128,6,127,-121
115900129,833,41,792
115900130,11,510,-499
115900131,547,62,485
115900132,1020,13,1007
115900134,476,13,463
115900135,392,984,-592
115900137,31,5,26
115900139,66,379,-313
115900140,627,58,569
115900141,15,193,-178
115900142,49,139,-90
115900143,350,514,-164
115900144,256,292,-36
115900146,15,50,-35
115900147,255,310,-55
115900148,79,6,73
115900149,269,13,256
115900150,143,7,136
115900151,21,112,-91
115900152,223,266,-43
115900153,174,139,35
115900154,351,470,-119
115900155,0,8,-8
115900156,796,1025,-229
115900157,353,677,-324
115900158,5,3,2
115900159,205,110,95
115900160,0,6,-6
115900161,47,54,-7
115900163,395,132,263
115900164,837,11,826
115900165,10,159,-149
115900166,115,78,37
115900168,200,108,92
115900171,140,419,-279
115900172,112,75,37
115900173,341,85,256
115900174,193,347,-154
115900175,250,217,33
115900178,8,149,-141
115900179,564,13,551
115900180,39,56,-17
115900181,243,66,177
115900182,678,70,608
115900183,111,304,-193
115900184,551,6,545
115900187,11,263,-252
115900189,0,229,-229
115900190,202,1015,-813
115900191,18,190,-172
115900192,23,114,-91
115900193,110,129,-19
115900194,1299,65,1234
115900195,414,3420,-3006
115900198,359,323,36
115900199,391,135,256
115900200,221,185,36
115900201,304,359,-55
115900202,4,75,-71
115900203,11,10,1
115900204,0,6,-6
115900205,22,16,6
115900206,388,78,310
115900207,90,9,81
115900208,155,54,101
115900209,9,70,-61
115900210,5,166,-161
115900211,3,166,-163
115900212,181,71,110
115900213,74,168,-94
115900214,582,71,511
115900215,29,276,-247
115900216,4,70,-66
115900217,2,22,-20
115900218,2,18,-16
115900219,189,4,185
115900220,425,12,413
115900221,220,20,200
115900222,159,71,88
115900223,6,688,-682
115900224,451,2199,-1748
115900225,39,63,-24
115900226,8,53,-45
115900227,11,58,-47
115900228,8,43,-35
115900229,9,30,-21
115900230,25,48,-23
115900231,157,4,153
115900232,89,2,87
115900233,155,15,140
115900234,120,39,81
115900235,20,48,-28
115900236,43,82,-39
115900237,25,12,13
115900238,42,14,28
115900239,18,22,-4
115900240,19,18,1
115900241,267,33,234
115900242,355,538,-183
115900243,64,7,57
115900244,36,21,15
115900245,0,12,-12
115900246,21,30,-9
115900247,6,18,-12
115900248,20,3,17
115900249,33,5,28
115900250,35,19,16
115900251,10,6,4
115900252,3,0,3
115900253,18,27,-9
115900254,17,47,-30
115900255,0,55,-55
115900256,20,42,-22
115900257,1,2,-1
115900258,0,1,-1
115900259,3,1,2
115900260,11,1,10
115900261,10,0,10
115900262,11,1,10
115900263,11,1,10
115900264,34,0,34
115900265,8,24,-16
115900266,2,16,-14
115900267,1,14,-13
115900268,1,15,-14
115900269,835,136,699
115900270,453,88,365
116000001,5637,1734,3903
116000002,4793,16013,-11220
116000003,1233,1159,74
116000004,3594,5998,-2404
116000005,943,3260,-2317
116000006,2899,5032,-2133
116000007,1641,2128,-487
116000008,5352,3540,1812
116000009,891,1086,-195
116000010,3339,1915,1424
116000011,705,1073,-368
116000012,2502,1408,1094
116000013,4162,4618,-456
116000014,8740,23424,-14684
116000015,234,1936,-1702
116000016,5517,5797,-280
116000017,33,681,-648
116000018,513,594,-81
116000019,1410,373,1037
116000020,752,1996,-1244
116000021,780,299,481
116000022,526,398,128
116000023,1951,1383,568
116000024,762,1126,-364
116000025,1432,1122,310
116000026,1538,3328,-1790
116000027,531,980,-449
116000028,459,1030,-571
116000029,451,478,-27
116000030,689,592,97
116000031,133,171,-38
116000032,177,123,54
116000033,468,201,267
116000034,902,380,522
116000035,304,424,-120
116000036,724,5580,-4856
116000037,256,785,-529
116000038,217,1521,-1304
116000039,320,2040,-1720
116000040,659,1427,-768
116000041,98,1263,-1165
116000042,1176,1000,176
116000043,351,1003,-652
116000044,3,3,0
116000045,1842,1913,-71
116000046,1164,2028,-864
116000047,1816,2697,-881
116000048,2978,1398,1580
116000049,2156,3018,-862
116000050,1640,1127,513
116000051,4760,3093,1667
116000052,4192,4208,-16
116000053,3217,604,2613
116000054,1275,2341,-1066
116000055,1281,873,408
116000056,1708,1073,635
116000057,2631,1655,976
116000058,3945,3725,220
116000059,2829,5069,-2240
116000060,2747,1417,1330
116000061,247,1449,-1202
116000062,604,328,276
116000063,687,2131,-1444
116000066,277,763,-486
116000067,308,310,-2
116000068,180,312,-132
116000069,294,249,45
116000078,633,1324,-691
116000080,1932,667,1265
116000082,3,20,-17
116000083,2239,569,1670
116000084,1213,1776,-563
116000085,1979,1836,143
116000086,712,460,252
116000087,3154,1915,1239
116000088,1047,926,121
116000089,192,66,126
116000090,198,150,48
116000091,201,331,-130
116000093,912,362,550
116000094,1038,343,695
116000095,956,647,309
116000096,1660,2019,-359
116000097,1263,626,637
116000098,46,9712,-9666
116000099,5359,177,5182
116000100,346,21,325
116000101,1551,471,1080
116000102,324,799,-475
116000103,477,415,62
116000104,209,935,-726
116000105,1926,189,1737
116000106,478,1083,-605
116000107,2825,291,2534
116000108,77,379,-302
116000111,164,19,145
116000113,190,130,60
116000114,18,106,-88
116000115,455,134,321
116000116,260,204,56
116000117,1766,1588,178
116000118,1966,966,1000
116000119,4626,1933,2693
116000120,3049,2347,702
116000121,1066,511,555
116000122,826,875,-49
116000123,1741,519,1222
116000124,526,462,64
116000125,4130,759,3371
116000126,257,635,-378
116000127,826,621,205
116000128,2836,990,1846
116000129,1918,193,1725
116000130,974,842,132
116000133,1969,646,1323
116000134,1507,1066,441
116000135,3569,1224,2345
116000136,829,1253,-424
116000137,1299,768,531
116000138,1740,914,826
116000139,2123,3825,-1702
116000140,230,277,-47
116000141,467,320,147
116000142,3305,1765,1540
116000143,2231,1566,665
116000144,1823,1472,351
116000145,2719,890,1829
116000146,1082,99,983
116000147,303,327,-24
116000148,1159,1392,-233
116000149,1246,1046,200
116000151,478,538,-60
116000153,191,447,-256
116000155,217,409,-192
116000156,777,959,-182
116000157,88,21,67
116000158,369,248,121
116000159,4,13,-9
116000160,43,81,-38
116000161,5,102,-97
116000162,59,270,-211
116000163,62,25,37
116000164,16,31,-15
116000177,57,224,-167
116000194,102,232,-130
116000195,1375,381,994
116000196,23,3,20
116000197,30,8,22
116000198,2212,1180,1032
116000200,757,848,-91
116000201,665,509,156
116000202,14,133,-119
116000203,0,43,-43
116000204,6,36,-30
116000205,1,69,-68
116000206,0,76,-76
116000207,9,31,-22
116000233,249,496,-247
116000287,315,160,155
116000288,597,158,439
116000292,127,151,-24
116000296,8,50,-42
116000297,73,7,66
116000304,315,4,311
116000305,15,122,-107
116000346,289,133,156
116000352,217,105,112
116000354,20,33,-13
116000357,11,23,-12
116000358,512,115,397
116000361,58,1,57
116000372,3308,8334,-5026
116000381,171,1,170
116000388,0,31,-31
116000389,1014,448,566
116000445,968,202,766
116000446,892,277,615
116000447,34,571,-537
116000448,592,128,464
116000563,777,1024,-247
116000565,41,200,-159
116000568,60,684,-624
116000579,21,108,-87
116000584,43,9,34
116000585,39,35,4
116000586,58,164,-106
116000587,264,274,-10
116000589,62,104,-42
116000590,161,86,75
116000591,278,188,90
116000592,4,25,-21
116000593,0,20,-20
116000594,1614,198,1416
116000595,1124,65,1059
116000596,218,7,211
116000597,707,255,452
116000598,36,127,-91
116000602,31,666,-635
116000605,133,150,-17
116000606,70,211,-141
116000607,2,211,-209
116000609,116,1372,-1256
116000611,255,178,77
116000612,1630,2109,-479
116000613,917,310,607
116000614,448,209,239
116000615,73,661,-588
116000616,85,61,24
116000617,247,16,231
116000618,5,29,-24
116000619,66,108,-42
116000620,240,127,113
116000621,95,91,4
116000622,114,96,18
116000624,195,106,89
116900001,493,140,353
116900002,313,1,312
116900003,56,29,27
116900004,40,116,-76
116900005,327,31,296
116900006,55,194,-139
116900007,139,321,-182
116900008,875,135,740
116900009,29,17,12
116900010,3,556,-553
116900011,10,33,-23
116900012,323,421,-98
116900013,5,94,-89
116900014,323,39,284
116900015,824,38,786
116900016,378,9,369
116900017,2,429,-427
116900018,178,82,96
116900019,4,120,-116
116900020,271,1317,-1046
116900023,62,20,42
116900024,1044,37,1007
116900025,2001,410,1591
116900026,93,449,-356
116900027,42,35,7
116900028,1,50,-49
116900029,1,117,-116
116900031,1,0,1
116900032,2,127,-125
116900033,51,12,39
116900034,12,13,-1
116900035,101,111,-10
116900036,3,89,-86
116900038,21,2,19
116900041,171,32,139
116900042,195,130,65
116900043,23,53,-30
116900045,327,107,220
116900047,12,292,-280
116900049,23,208,-185
116900050,74,234,-160
116900051,323,29,294
116900052,270,79,191
116900055,0,21,-21
116900057,14,100,-86
116900058,14,240,-226
116900059,1,47,-46
116900060,133,329,-196
116900062,1,28,-27
116900064,105,185,-80
116900065,12,127,-115
116900067,226,46,180
116900068,136,159,-23
116900070,9,12,-3
116900072,61,182,-121
116900073,43,84,-41
116900074,15,38,-23
116900076,28,32,-4
116900077,16,52,-36
116900078,139,34,105
116900079,40,116,-76
116900080,12,35,-23
116900081,286,692,-406
116900082,147,782,-635
116900083,5,21,-16
116900084,52,53,-1
116900085,34,66,-32
116900086,93,198,-105
116900088,393,76,317
116900090,42,15,27
116900091,514,44,470
116900092,150,358,-208
116900093,3567,1467,2100
116900094,3603,7250,-3647
116900095,213,612,-399
116900096,99,661,-562
116900097,1532,4385,-2853
116900098,849,524,325
116900099,249,1144,-895
116900100,1388,163,1225
116900101,144,656,-512
116900103,14,0,14
116900104,28,196,-168
116900105,306,302,4
116900106,3795,102,3693
116900107,1295,3441,-2146
116900110,24,0,24
116900111,1163,198,965
116900112,356,476,-120
116900113,1075,1441,-366
116900116,27,1556,-1529
116900117,323,109,214
116900118,1328,1153,175
116900120,528,87,441
116900121,237,26,211
116900122,1426,227,1199
116900123,409,217,192
116900124,151,407,-256
116900125,812,124,688
116900126,118,672,-554
116900128,2,85,-83
116900129,1,247,-246
116900130,1279,5292,-4013
116900131,75,412,-337
116900132,80,95,-15
116900133,210,162,48
116900134,355,278,77
116900136,214,230,-16
116900137,226,197,29
116900138,208,193,15
116900139,85,309,-224
116900140,228,74,154
116900141,526,221,305
116900142,7,82,-75
116900143,627,351,276
116900144,92,83,9
116900145,135,213,-78
116900147,219,2338,-2119
116900148,6,53,-47
116900149,48,245,-197
116900150,23,13,10
116900151,88,42,46
116900153,200,108,92
116900154,158,652,-494
116900155,97,108,-11
116900157,1031,106,925
116900158,86,362,-276
116900159,101,587,-486
116900160,1172,1264,-92
116900161,4624,10805,-6181
116900162,44,64,-20
116900163,345,49,296
116900164,122,69,53
116900165,771,543,228
116900166,106,35,71
116900167,642,38,604
116900168,564,49,515
116900169,213,2217,-2004
116900170,778,516,262
116900171,76,128,-52
116900172,103,503,-400
116900173,383,28,355
116900174,93,65,28
116900175,317,672,-355
116900178,62,60,2
116900179,51,427,-376
116900180,102,13,89
116900182,1885,385,1500
116900183,221,78,143
116900185,59,94,-35
116900186,139,104,35
116900187,39,97,-58
116900188,131,20,111
116900189,33,0,33
116900191,246,448,-202
116900192,430,125,305
116900194,155,2245,-2090
116900195,55,39,16
116900196,41,25,16
116900197,140,20,120
116900198,96,372,-276
116900200,170,9,161
116900201,222,4,218
116900202,84,20,64
116900203,203,22,181
116900204,50,195,-145
116900206,23,6,17
116900207,37,33,4
116900208,8,29,-21
116900209,18,50,-32
116900210,903,359,544
116900211,266,6,260
116900212,100,30,70
116900213,348,88,260
116900214,361,174,187
116900215,93,38,55
116900216,468,171,297
116900218,5,275,-270
116900219,500,222,278
116900220,176,355,-179
116900221,285,345,-60
116900222,518,349,169
116900223,103,207,-104
116900226,209,70,139
116900227,234,23,211
116900228,394,209,185
116900230,106,159,-53
116900231,111,201,-90
116900232,32,219,-187
116900233,471,97,374
116900234,52,12,40
116900235,153,272,-119
116900238,720,205,515
116900239,30,1065,-1035
116900240,3759,4047,-288
116900241,246,78,168
116900242,407,1261,-854
116900243,1,67,-66
116900245,64,54,10
116900246,232,17,215
116900247,1140,76,1064
116900248,104,35,69
116900249,728,55,673
116900250,729,58,671
116900251,338,1530,-1192
116900252,279,461,-182
116900253,216,51,165
116900254,53,108,-55
116900255,172,191,-19
116900256,865,132,733
116900257,21,179,-158
116900258,3,48,-45
116900259,438,19,419
116900260,6,19,-13
116900261,152,2,150
116900262,209,91,118
116900263,0,23,-23
116900264,1,12,-11
116900265,63,1,62
116900266,37,27,10
116900267,12,1,11
116900268,220,239,-19
116900269,396,947,-551
116900271,627,535,92
116900272,560,348,212
116900273,41,470,-429
116900274,237,55,182
116900275,367,74,293
116900276,314,384,-70
116900277,192,29,163
116900278,0,3,-3
116900279,1,18,-17
116900280,86,31,55
116900281,3298,7439,-4141
116900282,16,27,-11
116900283,7,52,-45
116900284,23,65,-42
116900285,113,266,-153
116900286,151,24,127
116900287,11,14,-3
116900288,190,51,139
116900289,44,2,42
116900290,31,1,30
116900291,58,11,47
116900292,1,25,-24
116900293,121,12,109
116900294,14,97,-83
116900295,117,547,-430
116900296,20,242,-222
116900297,2,80,-78
116900298,44,214,-170
116900299,30,346,-316
116900300,1,185,-184
116900301,19,571,-552
116900302,304,1143,-839
116900303,116,267,-151
116900304,2,237,-235
116900305,14,38,-24
116900306,342,58,284
117000001,4111,3306,805
117000002,2165,3577,-1412
117000003,6326,3936,2390
117000004,2118,4874,-2756
117000005,3821,2582,1239
117000006,910,1848,-938
117000007,6839,1374,5465
117000008,958,2208,-1250
117000009,4543,1789,2754
117000010,1541,2226,-685
117000011,3486,1578,1908
117000012,1714,837,877
117000013,2523,1059,1464
117000014,1237,2017,-780
117000015,3668,1702,1966
117000016,370,476,-106
117000017,117,1143,-1026
117000018,166,1583,-1417
117000019,96,1,95
117000020,822,3317,-2495
117000021,1860,507,1353
117000022,169,687,-518
117000023,80,575,-495
117000024,203,1119,-916
117000025,184,3551,-3367
117000026,2095,4746,-2651
117000027,649,2366,-1717
117000028,1046,2876,-1830
117000030,111,153,-42
117000032,1073,1509,-436
117000033,2082,2470,-388
117000034,156,51,105
117000036,278,78,200
117000038,244,252,-8
117000039,21,106,-85
117000040,201,637,-436
117000041,1632,132,1500
117000044,8,457,-449
117000045,982,299,683
117000046,359,714,-355
117000047,1024,1016,8
117000048,1442,820,622
117000049,95,890,-795
117000050,241,1163,-922
117000051,3710,62,3648
117000052,53,125,-72
117000053,1007,28,979
117000054,2271,9,2262
117000055,8,1616,-1608
117000056,863,37,826
117000057,464,1922,-1458
117000060,492,1117,-625
117000061,3028,1491,1537
117000062,228,714,-486
117000063,2526,1066,1460
117000064,482,588,-106
117000066,765,769,-4
117000067,152,889,-737
117000074,19,156,-137
117000076,54,49,5
117000077,346,189,157
117000078,147,583,-436
117000079,535,310,225
117000080,0,413,-413
117000081,1174,190,984
117000082,16,76,-60
117000083,131,8,123
117000084,195,0,195
117000085,401,1200,-799
117000086,895,305,590
117000087,70,527,-457
117000088,349,157,192
117000089,2810,237,2573
117000090,399,623,-224
117000091,1793,185,1608
117000092,693,684,9
117000093,2392,650,1742
117000094,1123,1237,-114
117000095,4574,719,3855
117000096,872,1483,-611
117000097,2946,989,1957
117000098,1758,2281,-523
117000099,6256,1147,5109
117000100,297,541,-244
117000101,149,553,-404
117000102,2786,722,2064
117000103,561,852,-291
117000104,2156,730,1426
117000105,590,907,-317
117000106,2515,673,1842
117000107,586,1041,-455
117000108,3409,1191,2218
117000109,951,1416,-465
117000110,2569,2230,339
117000111,4630,3962,668
117000112,4646,1489,3157
117000113,169,89,80
117000114,340,188,152
117000115,73,37,36
117000116,250,237,13
117000117,2243,1723,520
117000118,443,258,185
117000119,229,968,-739
117000120,98,2285,-2187
117000121,31,1510,-1479
117000122,325,1709,-1384
117000123,3103,146,2957
117000124,134,374,-240
117000125,100,1226,-1126
117000126,38,57,-19
117000127,165,772,-607
117000128,116,1626,-1510
117000129,157,301,-144
117000130,12,0,12
117000131,1,77,-76
117000132,5269,184,5085
117000133,3225,27,3198
117000134,0,227,-227
117000135,4,418,-414
117000136,0,78,-78
117000137,239,231,8
117000138,2,1178,-1176
117000140,397,809,-412
117000141,2836,677,2159
117000181,481,169,312
117000182,2648,1559,1089
117000195,164,829,-665
117000196,448,228,220
117000225,49,367,-318
117000226,4,376,-372
117000276,553,41,512
117000277,0,232,-232
117000310,1249,2039,-790
117000315,300,860,-560
117000320,34,0,34
117000906,690,18,672
117000907,20,135,-115
117000908,6,388,-382
117000909,94,154,-60
117000910,304,174,130
117000911,39,168,-129
117000915,17,225,-208
117000916,148,15,133
117000917,2237,79,2158
117000918,214,122,92
117000919,38,18,20
117000920,1,837,-836
117000921,1,437,-436
117000922,46,59,-13
117000924,1275,693,582
117000926,878,550,328
117000927,273,1419,-1146
117000928,1,133,-132
117000929,442,98,344
117000930,581,31,550
117000931,128,187,-59
117900002,64,882,-818
117900003,199,397,-198
117900005,11,210,-199
117900006,0,50,-50
117900007,183,81,102
117900008,0,12,-12
117900010,626,116,510
117900011,26,976,-950
117900012,113,63,50
117900013,0,156,-156
117900014,724,98,626
117900015,19,45,-26
117900016,942,1179,-237
117900017,1318,272,1046
117900018,363,1325,-962
117900019,1142,186,956
117900020,109,487,-378
117900021,62,110,-48
117900022,33,10,23
117900023,3464,109,3355
117900024,70,60,10
117900025,22,3,19
117900026,723,169,554
117900028,83,8,75
117900029,628,480,148
117900030,695,360,335
117900031,203,781,-578
117900032,968,826,142
117900033,768,524,244
117900034,50,18,32
117900035,289,229,60
117900036,768,246,522
117900037,252,65,187
117900038,75,81,-6
117900039,1,29,-28
117900040,162,138,24
117900041,0,21,-21
117900042,2759,472,2287
117900043,3,20,-17
117900044,101,5859,-5758
117900045,315,141,174
117900048,574,137,437
117900049,494,244,250
117900050,14,945,-931
117900051,30,32,-2
117900052,112,628,-516
117900053,2299,166,2133
117900054,0,23,-23
117900055,2754,448,2306
117900056,36,41,-5
117900057,932,862,70
117900058,125,1396,-1271
117900059,118,110,8
117900060,3666,2050,1616
117900061,23,585,-562
117900063,695,197,498
117900065,310,1007,-697
117900066,8,135,-127
117900067,1170,135,1035
117900069,1379,252,1127
117900070,73,290,-217
117900071,192,177,15
117900073,1028,253,775
117900074,55,698,-643
117900075,111,58,53
117900076,2,122,-120
117900077,896,154,742
117900078,580,866,-286
117900080,245,49,196
117900081,306,227,79
117900082,677,400,277
117900083,813,284,529
117900086,242,37,205
117900087,166,37,129
117900088,1075,1323,-248
117900089,2944,814,2130
117900090,799,395,404
117900091,142,38,104
117900092,149,33,116
117900093,176,48,128
117900094,62,59,3
117900095,374,191,183
117900096,189,490,-301
117900097,277,65,212
117900098,63,12,51
117900099,178,397,-219
117900100,759,16,743
117900101,989,2838,-1849
117900102,136,30,106
117900103,121,14,107
117900104,20,222,-202
117900105,100,208,-108
117900106,192,46,146
117900107,124,1,123
117900109,1309,405,904
117900110,266,0,266
117900111,637,66,571
117900112,83,11,72
117900113,1294,2351,-1057
117900114,44,1,43
117900115,65,388,-323
117900116,805,644,161
117900117,1118,143,975
117900118,154,2,152
117900119,312,39,273
117900120,787,69,718
117900121,162,46,116
117900122,926,6380,-5454
117900123,1314,354,960
117900124,386,494,-108
117900125,1693,1461,232
117900126,141,309,-168
117900127,821,330,491
117900128,506,247,259
117900129,135,0,135
117900130,762,454,308
117900131,23,87,-64
117900132,24,70,-46
117900133,51,36,15
117900134,52,133,-81
117900135,39,60,-21
117900136,0,14,-14
117900137,73,252,-179
117900138,0,3,-3
117900139,102,77,25
117900140,3954,711,3243
117900141,85,300,-215
117900142,34,494,-460
117900144,54,1784,-1730
117900145,11,169,-158
117900146,82,460,-378
117900147,112,114,-2
117900148,3210,3228,-18
117900149,113,132,-19
117900150,72,71,1
117900151,42,150,-108
117900152,84,132,-48
117900153,14,155,-141
117900154,755,461,294
117900156,427,606,-179
117900157,129,417,-288
117900158,429,145,284
117900160,946,1033,-87
117900161,1070,1218,-148
117900162,1039,468,571
117900163,18,1010,-992
117900165,0,5,-5
117900166,35,541,-506
117900168,102,156,-54
117900169,2,41,-39
117900170,1,26,-25
117900171,6,10,-4
117900172,19,5,14
117900173,72,161,-89
117900174,20,75,-55
117900175,2,26,-24
117900176,26,22,4
117900177,57,25,32
117900178,147,39,108
117900180,192,28,164
117900181,89,476,-387
117900182,2,71,-69
117900183,99,185,-86
117900184,38,95,-57
117900185,104,30,74
117900186,62,14,48
117900187,43,14,29
117900188,185,57,128
117900189,94,36,58
117900190,41,2,39
117900191,109,0,109
117900192,250,5,245
117900193,53,62,-9
117900194,13,1,12
117900195,10,105,-95
117900196,39,39,0
117900207,90,142,-52
117900208,39,40,-1
117900209,148,80,68
117900210,169,141,28
117900211,4,85,-81
117900212,103,173,-70
117900213,40,5,35
117900214,17,15,2
117900216,1,114,-113
117900217,67,554,-487
117900218,730,296,434
117900219,8,315,-307
117900220,24,483,-459
117900221,16,78,-62
118000001,746,2272,-1526
118000002,548,1461,-913
118000003,2032,4999,-2967
118000004,1139,4024,-2885
118000005,3635,4460,-825
118000006,2695,5947,-3252
118000007,4816,8763,-3947
118000008,1063,5087,-4024
118000009,1605,3358,-1753
118000010,4211,4351,-140
118000011,2432,1765,667
118000012,1164,1763,-599
118000013,2647,2377,270
118000014,1958,1276,682
118000016,290,245,45
118000017,1101,487,614
118000018,364,307,57
118000019,1212,2112,-900
118000020,671,3181,-2510
118000021,570,3690,-3120
118000022,931,957,-26
118000023,361,333,28
118000024,501,1382,-881
118000025,294,1092,-798
118000027,8175,8538,-363
118000029,441,896,-455
118000032,244,2776,-2532
118000033,2226,6527,-4301
118000034,3517,4260,-743
118000035,2165,3000,-835
118000036,926,1267,-341
118000037,741,1566,-825
118000038,832,112,720
118000039,104,104,0
118000040,1767,1457,310
118000041,3097,1453,1644
118000045,308,228,80
118000046,889,1593,-704
118000047,537,3886,-3349
118000048,1381,2976,-1595
118000051,739,4503,-3764
118000052,434,2150,-1716
118000053,439,928,-489
118000054,2808,932,1876
118000055,2407,1586,821
118000056,172,670,-498
118000057,172,360,-188
118000058,2047,5300,-3253
118000059,1423,2907,-1484
118000060,1275,652,623
118000061,1214,1059,155
118000062,438,347,91
118000063,439,1234,-795
118000064,737,1658,-921
118000065,1665,1679,-14
118000066,1364,4084,-2720
118000067,456,645,-189
118000068,770,9336,-8566
118000069,1226,1564,-338
118000070,5595,2463,3132
118000071,3692,10067,-6375
118000072,757,3071,-2314
118000073,497,1498,-1001
118000074,472,411,61
118000075,545,322,223
118000076,1779,5446,-3667
118000077,1235,2231,-996
118000078,1725,3483,-1758
118000079,313,679,-366
118000080,544,1171,-627
118000081,1353,2245,-892
118000082,462,1487,-1025
118000083,1634,2188,-554
118000084,2227,2905,-678
118000086,191,643,-452
118000087,3652,2616,1036
118000088,1143,1738,-595
118000089,4121,3152,969
118000090,821,3346,-2525
118000091,1166,4454,-3288
118000092,952,787,165
118000093,81,782,-701
118000096,550,966,-416
118000097,665,919,-254
118000098,338,280,58
118000099,1239,505,734
118000101,2435,446,1989
118000102,565,607,-42
118000107,3219,785,2434
118000108,692,4079,-3387
118000110,0,27,-27
118000111,4,135,-131
118000112,1022,4,1018
118000113,2,281,-279
118000114,901,8,893
118000115,18,11,7
118000116,21,0,21
118000117,682,1018,-336
118000118,1094,2063,-969
118000119,1108,2168,-1060
118000120,1415,1526,-111
118000121,11,424,-413
118000122,425,269,156
118000123,39,262,-223
118000125,1161,1345,-184
118000126,589,2286,-1697
118000127,1337,1153,184
118000128,318,2022,-1704
118000129,1595,734,861
118000130,2084,2676,-592
118000131,308,572,-264
118000132,3217,2581,636
118000133,1499,694,805
118000135,738,1149,-411
118000136,91,686,-595
118000137,367,92,275
118000138,477,346,131
118000139,469,87,382
118000140,4063,9838,-5775
118000141,3556,1885,1671
118000142,2977,1807,1170
118000143,3750,1618,2132
118000144,961,557,404
118000145,1353,1215,138
118000146,1657,480,1177
118000147,1409,992,417
118000148,749,1285,-536
118000149,1041,527,514
118000150,723,168,555
118000151,1195,374,821
118000153,2630,1055,1575
118000154,1843,1431,412
118000155,3457,1516,1941
118000156,2577,3615,-1038
118000157,768,344,424
118000158,344,484,-140
118000159,80,83,-3
118000160,1139,282,857
118000161,1039,343,696
118000162,1697,1112,585
118000163,1304,1138,166
118000164,2500,1637,863
118000168,534,1176,-642
118000169,951,783,168
118000170,3185,2532,653
118000171,490,454,36
118000172,88,167,-79
118000173,921,1656,-735
118000175,278,351,-73
118000176,485,576,-91
118000177,465,780,-315
118000178,36,56,-20
118000179,919,1037,-118
118000180,845,616,229
118000181,794,262,532
118000182,324,207,117
118000183,302,298,4
118000184,1681,550,1131
118000185,793,2135,-1342
118000186,553,1625,-1072
118000187,2638,434,2204
118000188,960,97,863
118000189,1167,427,740
118000190,19,7,12
118000191,17,40,-23
118000192,20,102,-82
118000193,12,130,-118
118000194,1698,723,975
118000195,233,3581,-3348
118000196,136,600,-464
118000197,64,230,-166
118000198,333,1472,-1139
118000199,292,1027,-735
118000200,57,636,-579
118000201,217,955,-738
118000202,24,296,-272
118000203,286,1208,-922
118000204,80,593,-513
118000205,64,342,-278
118000206,278,306,-28
118000207,1,49,-48
118000208,1492,1724,-232
118000209,3151,930,2221
118000210,170,58,112
118000211,121,78,43
118000213,380,4734,-4354
118000214,421,760,-339
118000215,466,127,339
118000216,6673,1726,4947
118000217,12,77,-65
118000218,189,35,154
118000219,290,303,-13
118000220,9,80,-71
118000221,630,508,122
118000222,68,17,51
118000223,107,68,39
118000224,158,63,95
118000225,118,1723,-1605
118000226,1256,169,1087
118000227,906,436,470
118000228,91,525,-434
118000229,48,557,-509
118000230,201,224,-23
118000231,72,300,-228
118000232,1202,324,878
118000233,1685,705,980
118000234,685,232,453
118000236,340,379,-39
118000237,156,281,-125
118000238,360,166,194
118000239,409,333,76
118000240,179,110,69
118000241,239,208,31
118000242,713,251,462
118000243,377,225,152
118000244,78,87,-9
118000246,1,41,-40
118000255,44,245,-201
118000256,205,184,21
118000259,42,86,-44
118000260,209,80,129
118000261,88,24,64
118000263,176,209,-33
118000266,203,270,-67
118000267,0,340,-340
118000268,180,3,177
118000270,212,15,197
118000271,189,178,11
118000272,101,38,63
118000273,298,58,240
118000274,74,327,-253
118000276,704,361,343
118000295,16,93,-77
118000298,179,119,60
118000299,53,82,-29
118000301,0,114,-114
118000302,120,26,94
118000311,1034,73,961
118000312,427,109,318
118000313,150,81,69
118000314,197,28,169
118000315,100,23,77
118000316,1316,428,888
118000325,128,40,88
118000326,85,8,77
118000331,41,49,-8
118000332,12,17,-5
118000333,35,43,-8
118000335,634,0,634
118000336,1,119,-118
118000407,403,33,370
118000457,9,83,-74
118000465,797,3273,-2476
118000480,55,46,9
118000489,4,509,-505
118000490,13,131,-118
118000492,365,182,183
118000510,57,44,13
118000514,88,843,-755
118000515,618,1195,-577
118000517,276,143,133
118000524,117,447,-330
118000525,535,639,-104
118000530,47,206,-159
118000531,628,222,406
118000532,317,182,135
118000533,244,121,123
118000534,864,282,582
118000535,359,133,226
118000536,102,775,-673
118000537,39,115,-76
118000538,22,81,-59
118000539,44,188,-144
118000540,223,207,16
118000541,119,91,28
118000542,140,418,-278
118000543,265,292,-27
118000546,82,22,60
118000560,1202,2652,-1450
118000562,49,80,-31
118000563,1331,927,404
118000576,194,58,136
118000577,162,120,42
118000578,73,69,4
118000579,620,2235,-1615
118000595,237,97,140
118000596,1,570,-569
118000597,111,67,44
118000598,26,1,25
118000599,123,24,99
118000600,1,36,-35
118000601,31,0,31
118000602,0,7,-7
118000603,0,6,-6
118900001,552,1283,-731
118900002,638,1142,-504
118900003,752,14,738
118900004,77,26,51
118900005,98,8,90
118900006,318,15,303
118900007,3,0,3
118900008,1286,80,1206
118900009,53,95,-42
118900010,120,25,95
118900011,195,23,172
118900012,337,221,116
118900013,689,496,193
118900015,367,57,310
118900016,16,2,14
118900017,24,210,-186
118900018,1298,38,1260
118900019,8,10,-2
118900020,65,219,-154
118900021,161,697,-536
118900022,195,60,135
118900023,123,156,-33
118900024,139,188,-49
118900025,33,40,-7
118900026,75,41,34
118900027,388,169,219
118900028,189,118,71
118900029,230,443,-213
118900030,786,62,724
118900031,193,37,156
118900032,347,117,230
118900033,303,693,-390
118900034,239,34,205
118900035,120,97,23
118900036,1366,436,930
118900037,305,677,-372
118900038,598,102,496
118900039,929,115,814
118900040,337,140,197
118900041,852,258,594
118900042,179,87,92
118900045,268,158,110
118900046,426,280,146
118900047,328,383,-55
118900048,89,676,-587
118900049,89,38,51
118900050,55,6,49
118900051,52,176,-124
118900052,279,560,-281
118900053,23,71,-48
118900054,281,25,256
118900055,183,24,159
118900056,31,374,-343
118900057,1230,635,595
118900058,405,492,-87
118900059,16,114,-98
118900060,40,93,-53
118900062,376,95,281
118900064,165,670,-505
118900065,72,115,-43
118900066,92,70,22
118900067,3032,4630,-1598
118900068,12,239,-227
118900069,769,231,538
118900071,5,17,-12
118900072,680,437,243
118900073,324,99,225
118900074,304,69,235
118900075,140,36,104
118900076,246,157,89
118900077,428,164,264
118900078,3,1,2
118900079,82,133,-51
118900080,72,61,11
118900081,48,77,-29
118900082,1862,239,1623
118900083,38,1,37
118900084,22,12,10
118900085,590,429,161
118900086,55,179,-124
118900087,96,601,-505
118900088,0,4,-4
118900089,22,27,-5
118900090,599,228,371
118900091,104,371,-267
118900092,287,43,244
118900093,106,45,61
118900096,38,32,6
118900097,371,593,-222
118900099,108,162,-54
118900100,52,380,-328
118900101,237,190,47
118900102,55,99,-44
118900103,30,220,-190
118900104,467,115,352
118900105,258,78,180
118900107,141,47,94
118900108,118,104,14
118900109,217,530,-313
118900110,1129,1042,87
118900111,915,369,546
118900112,162,207,-45
118900113,130,322,-192
118900114,20,276,-256
118900115,160,445,-285
118900116,111,175,-64
118900117,131,120,11
118900118,420,269,151
118900119,207,189,18
118900120,118,311,-193
118900121,62,69,-7
118900122,6,1195,-1189
118900123,227,295,-68
118900124,115,133,-18
118900126,48,484,-436
118900129,374,262,112
118900130,17,160,-143
118900131,347,132,215
118900132,347,176,171
118900133,8,168,-160
118900135,277,121,156
118900136,286,259,27
118900137,22,82,-60
118900139,279,178,101
118900140,670,461,209
118900141,134,72,62
118900144,189,209,-20
118900145,32,74,-42
118900146,536,471,65
118900147,76,400,-324
118900148,74,63,11
118900150,100,551,-451
118900152,605,526,79
118900157,44,234,-190
118900158,180,85,95
118900159,1,90,-89
118900161,45,15,30
118900163,63,78,-15
118900164,0,37,-37
118900165,103,81,22
118900166,15,2,13
118900167,123,50,73
118900168,24,276,-252
118900169,152,173,-21
118900170,341,33,308
118900171,63,36,27
118900174,137,37,100
118900175,933,467,466
118900176,308,320,-12
118900177,150,18,132
118900178,71,145,-74
118900179,6,28,-22
118900181,112,71,41
118900182,52,61,-9
118900183,26,190,-164
118900184,245,67,178
118900185,141,69,72
118900186,93,146,-53
118900187,157,440,-283
118900188,398,248,150
118900189,43,833,-790
118900190,64,180,-116
118900191,376,25,351
118900192,422,6,416
118900193,966,22,944
118900195,184,465,-281
118900196,71,196,-125
118900197,401,26,375
118900198,15,2,13
118900199,92,8,84
118900200,33,34,-1
118900201,35,74,-39
118900202,9,42,-33
118900203,23,6,17
118900204,25,7,18
118900205,1,3,-2
118900206,3,7,-4
119000001,1952,3230,-1278
119000002,4165,5450,-1285
119000003,4433,917,3516
119000004,3174,2284,890
119000005,2615,3205,-590
119000006,4297,1927,2370
119000007,4591,4125,466
119000008,2398,1676,722
119000009,3200,7091,-3891
119000010,4391,4573,-182
119000011,2527,3293,-766
119000012,1218,3619,-2401
119000013,3677,2228,1449
119000014,1418,2411,-993
119000019,371,145,226
119000020,2922,2073,849
119000021,6476,4087,2389
119000022,1514,4541,-3027
119000023,199,305,-106
119000024,1927,21052,-19125
119000025,3859,1090,2769
119000026,29,691,-662
119000027,171,445,-274
119000028,1716,603,1113
119000029,63,371,-308
119000030,611,810,-199
119000031,823,527,296
119000032,2233,1741,492
119000033,2641,1193,1448
119000034,1472,542,930
119000035,35,179,-144
119000036,3232,418,2814
119000037,1977,768,1209
119000038,212,349,-137
119000039,773,443,330
119000040,767,904,-137
119000041,776,1356,-580
119000048,2401,1693,708
119000049,3262,1421,1841
119000050,1427,1406,21
119000051,2333,1018,1315
119000052,3154,2278,876
119000053,2350,1178,1172
119000054,4278,1617,2661
119000055,7151,2550,4601
119000056,4666,1896,2770
119000057,2352,1132,1220
119000058,2016,1307,709
119000059,1180,1216,-36
119000060,2010,1044,966
119000061,1206,633,573
119000062,1191,1320,-129
119000063,878,491,387
119000064,786,840,-54
119000065,1440,3032,-1592
119000066,2452,1175,1277
119000067,2014,1454,560
119000068,2232,921,1311
119000069,2102,1450,652
119000070,3918,609,3309
119000071,406,496,-90
119000072,5146,2797,2349
119000073,4064,10653,-6589
119000074,1995,1545,450
119000075,4485,2169,2316
119000076,212,1274,-1062
119000077,542,619,-77
119000078,576,205,371
119000079,171,640,-469
119000080,878,169,709
119000081,317,718,-401
119000082,1159,235,924
119000083,884,510,374
119000084,324,442,-118
119000085,854,112,742
119000086,425,646,-221
119000087,811,410,401
119000088,445,162,283
119000089,88,199,-111
119000090,155,99,56
119000091,74,327,-253
119000092,366,136,230
119000093,3826,2218,1608
119000094,4761,5826,-1065
119000095,3103,3532,-429
119000097,1686,933,753
119000098,1614,5331,-3717
119000099,2437,1178,1259
119000100,5722,3538,2184
119000101,3727,1854,1873
119000102,510,1756,-1246
119000103,1022,844,178
119000104,1344,813,531
119000105,1123,3640,-2517
119000106,474,580,-106
119000107,1486,765,721
119000108,642,428,214
119000109,224,848,-624
119000110,419,599,-180
119000111,55,1011,-956
119000112,127,215,-88
119000113,1239,493,746
119000114,2069,1289,780
119000115,155,174,-19
119000116,112,164,-52
119000117,233,478,-245
119000118,6,0,6
119000123,2680,3915,-1235
119000124,1353,181,1172
119000125,6556,449,6107
119000126,1385,367,1018
119000127,979,346,633
119000128,20,10,10
119000131,1433,284,1149
119000132,0,2,-2
119000133,2,18,-16
119000134,1201,565,636
119000135,265,251,14
119000136,528,107,421
119000137,402,155,247
119000138,1107,89,1018
119000139,279,88,191
119000140,458,406,52
119000284,867,1834,-967
119000285,1648,1259,389
119000286,3570,2852,718
119000287,1398,1411,-13
119000288,2225,795,1430
119000289,1182,2636,-1454
119000290,289,219,70
119000291,63,210,-147
119000293,170,192,-22
119000294,66,25,41
119000295,1412,223,1189
119000296,317,145,172
119000302,1484,1205,279
119000303,34,296,-262
119000314,1561,16592,-15031
119000315,0,118,-118
119000316,264,72,192
119000317,103,112,-9
119900001,201,2033,-1832
119900002,261,269,-8
119900003,22,299,-277
119900004,157,2881,-2724
119900005,323,55,268
119900006,253,471,-218
119900007,785,253,532
119900008,8,58,-50
119900009,518,337,181
119900010,766,917,-151
119900011,56,305,-249
119900012,25,202,-177
119900013,2059,1828,231
119900014,439,251,188
119900015,419,78,341
119900016,97,78,19
119900017,54,42,12
119900018,957,1792,-835
119900019,80,9,71
119900020,122,181,-59
119900021,261,62,199
119900022,117,1796,-1679
119900023,304,3212,-2908
119900025,600,30,570
119900026,657,149,508
119900027,21,15,6
119900028,261,256,5
119900029,0,6,-6
119900030,656,342,314
119900031,98,1047,-949
119900033,1486,440,1046
119900034,1056,41,1015
119900037,242,25,217
119900038,86,563,-477
119900039,42,33,9
119900040,270,39,231
119900041,282,21,261
119900042,90,154,-64
119900043,175,161,14
119900044,215,1179,-964
119900046,319,21,298
119900047,664,229,435
119900048,70,9,61
119900049,241,4,237
119900050,343,224,119
119900051,1816,29,1787
119900052,127,30,97
119900053,403,109,294
119900054,319,17,302
119900055,2029,497,1532
119900057,439,25,414
119900058,543,6,537
119900059,152,33,119
119900060,418,45,373
119900061,715,7,708
119900062,181,21,160
119900063,21,92,-71
119900064,1027,128,899
119900065,291,6,285
119900066,5,3,2
119900067,166,13,153
119900068,1019,12,1007
119900069,152,4,148
119900070,2151,23,2128
119900071,1293,68,1225
119900072,552,201,351
119900073,1002,402,600
119900074,22,32,-10
119900075,1677,2055,-378
119900076,1362,247,1115
119900077,1536,307,1229
119900078,915,533,382
119900079,552,189,363
119900080,446,253,193
119900081,227,23,204
119900082,2869,281,2588
119900083,491,62,429
119900084,507,350,157
119900085,60,39,21
119900086,263,263,0
119900087,433,776,-343
119900088,46,27,19
119900089,56,175,-119
119900090,58,38,20
119900091,88,196,-108
119900092,33,325,-292
119900093,1820,267,1553
119900094,19,128,-109
119900095,135,99,36
119900096,19,103,-84
119900097,207,162,45
119900098,112,38,74
119900099,38,128,-90
119900100,638,3048,-2410
119900101,152,1688,-1536
119900102,91,142,-51
119900103,91,128,-37
119900104,88,167,-79
119900105,790,3626,-2836
119900106,7,128,-121
119900107,238,1039,-801
119900108,4485,596,3889
119900109,31,105,-74
119900110,780,316,464
119900111,261,107,154
119900112,595,857,-262
119900113,66,205,-139
119900114,357,562,-205
119900115,655,318,337
119900116,138,488,-350
119900117,547,337,210
119900118,223,245,-22
119900119,455,131,324
119900120,538,315,223
119900121,770,369,401
119900122,77,180,-103
119900123,164,380,-216
119900124,298,357,-59
119900125,58,192,-134
119900126,2797,218,2579
119900127,798,523,275
119900128,545,371,174
119900129,461,193,268
119900130,5,146,-141
119900131,49,90,-41
119900132,6,117,-111
119900133,154,64,90
119900134,540,100,440
119900135,0,158,-158
119900136,125,210,-85
119900138,210,319,-109
119900139,10,163,-153
119900140,1,95,-94
119900141,66,1077,-1011
119900142,13,47,-34
119900143,27,337,-310
119900144,1009,255,754
119900145,123,124,-1
119900146,154,187,-33
119900147,4,209,-205
119900148,525,30,495
119900149,542,7114,-6572
119900150,138,99,39
119900151,1475,1146,329
119900152,245,129,116
119900153,309,57,252
119900154,10,159,-149
119900155,69,10,59
119900156,10,8,2
119900157,240,135,105
119900158,333,55,278
119900159,2,427,-425
119900160,36,68,-32
119900161,139,82,57
119900162,1612,1009,603
119900163,61,178,-117
119900164,0,2,-2
119900165,256,68,188
119900166,135,50,85
119900167,3,55,-52
119900168,1723,401,1322
119900169,36,292,-256
119900170,163,228,-65
119900171,1138,347,791
119900172,74,47,27
119900173,45,111,-66
119900174,1,100,-99
119900175,2293,418,1875
119900177,30,85,-55
119900178,14,125,-111
119900179,225,1029,-804
119900180,1174,749,425
119900181,39,150,-111
119900182,4,113,-109
119900183,161,498,-337
119900184,670,351,319
119900185,126,376,-250
119900186,19,1680,-1661
119900187,15,140,-125
119900188,252,261,-9
119900189,159,382,-223
119900190,89,392,-303
119900191,157,462,-305
119900192,71,139,-68
119900193,737,119,618
119900194,62,77,-15
119900195,59,132,-73
119900196,355,114,241
119900197,452,182,270
119900198,223,225,-2
119900199,160,29,131
119900200,913,602,311
119900201,233,154,79
119900202,45,350,-305
119900203,169,696,-527
119900204,485,280,205
119900205,1368,234,1134
119900206,365,126,239
119900208,196,136,60
119900209,705,2162,-1457
119900210,88,25,63
119900211,64,7,57
119900212,458,276,182
119900213,15,73,-58
119900214,129,21,108
119900215,74,32,42
119900216,39,26,13
119900217,26,27,-1
119900218,17,98,-81
119900219,12,57,-45
119900220,6,28,-22
119900221,57,74,-17
119900222,28,53,-25
119900223,23,43,-20
119900224,25,8,17
119900225,279,36,243
119900226,293,2378,-2085
119900227,307,239,68
119900228,21,271,-250
119900229,175,297,-122
119900230,1038,285,753
119900231,501,73,428
119900232,252,119,133
119900233,101,12,89
119900234,10,133,-123
119900235,3,46,-43
119900236,28,134,-106
119900237,94,695,-601
119900238,0,65,-65
119900240,97,74,23
119900241,225,151,74
119900242,1664,1527,137
119900244,747,1058,-311
119900245,271,177,94
119900246,224,579,-355
119900247,41,117,-76
119900248,47,546,-499
119900249,375,166,209
119900253,1206,421,785
119900254,71,1473,-1402
119900255,207,1245,-1038
119900256,1558,491,1067
119900257,185,17,168
119900258,555,45,510
119900259,13,31,-18
119900260,284,18,266
119900261,593,208,385
119900262,7,90,-83
119900263,1975,259,1716
119900264,236,70,166
119900265,541,156,385
119900266,569,166,403
119900267,205,310,-105
119900268,230,102,128
119900269,1513,438,1075
119900271,70,93,-23
119900272,219,471,-252
119900275,216,52,164
119900276,126,7,119
119900277,16,6,10
119900278,332,100,232
119900279,100,279,-179
119900280,530,101,429
119900281,0,386,-386
119900282,50,199,-149
119900283,49,103,-54
119900284,69,107,-38
119900285,4,133,-129
119900286,1,23,-22
119900288,7,2,5
119900289,1,0,1
119900290,3,0,3
119900291,9,123,-114
119900292,31,67,-36
119900293,37,50,-13
119900294,29,40,-11
119900295,17,12,5
119900296,97,44,53
119900297,1,9,-8
119900298,16,9,7
119900299,108,109,-1
119900300,327,235,92
119900301,57,224,-167
119900302,66,125,-59
119900303,389,226,163
119900304,260,15,245
119900305,3,75,-72
119900306,27,3,24
119900307,75,52,23
119900308,8,16,-8
119900309,62,321,-259
119900310,364,269,95
119900311,194,38,156
119900312,213,109,104
119900313,289,252,37
119900314,318,481,-163
119900315,2748,948,1800
119900318,13,92,-79
119900319,18,101,-83
119900320,321,252,69
119900321,176,19,157
120000001,9428,31348,-21920
120000002,3009,2378,631
120000003,2391,1293,1098
120000004,2627,1160,1467
120000005,2421,1538,883
120000006,1228,986,242
120000007,2923,5093,-2170
120000008,910,1090,-180
120000009,1695,1005,690
120000010,2493,2461,32
120000011,1170,1162,8
120000012,1875,2041,-166
120000013,4161,2806,1355
120000014,810,1520,-710
120000015,3130,1588,1542
120000016,5208,2362,2846
120000017,5407,4187,1220
120000018,3865,20474,-16609
120000019,1377,2141,-764
120000020,2852,4455,-1603
120000021,2017,2588,-571
120000022,3091,4453,-1362
120000023,1716,1807,-91
120000024,1405,2594,-1189
120000025,3595,1859,1736
120000026,4353,2048,2305
120000027,3276,2620,656
120000028,1194,3364,-2170
120000029,980,2789,-1809
120000030,309,1131,-822
120000031,2420,6358,-3938
120000032,4816,3066,1750
120000033,4533,1536,2997
120000034,3767,1043,2724
120000035,4302,2037,2265
120000036,4521,6527,-2006
120000037,740,2202,-1462
120000038,4857,3594,1263
120000039,925,1153,-228
120000040,86,1484,-1398
120000041,568,1990,-1422
120000042,2684,1480,1204
120000043,6287,959,5328
120000044,8113,1731,6382
120000045,10404,1048,9356
120000046,7187,4671,2516
120000047,493,12120,-11627
120000048,8303,5067,3236
120000049,4432,3447,985
120000050,4130,4964,-834
120000051,2623,5154,-2531
120000052,7478,1531,5947
120000053,1558,1627,-69
120000054,1523,2557,-1034
120000055,1734,3446,-1712
120000056,6739,4181,2558
120000057,6611,1951,4660
120000058,1477,2124,-647
120000059,32,1900,-1868
120000061,126,574,-448
120000062,140,410,-270
120000063,636,1815,-1179
120000064,372,587,-215
120000065,459,1076,-617
120000066,208,442,-234
120000067,29,304,-275
120000068,253,254,-1
120000069,727,297,430
120000070,135,366,-231
120000071,989,76,913
120000072,1447,374,1073
120000073,1431,99,1332
120000074,107,177,-70
120000075,1715,442,1273
120000076,3527,474,3053
120000077,3317,819,2498
120000078,3220,1343,1877
120000079,401,201,200
120000080,116,230,-114
120000081,344,127,217
120000082,394,295,99
120000083,80,917,-837
120000084,371,340,31
120000085,287,366,-79
120000086,220,290,-70
120000087,340,263,77
120000088,1041,943,98
120000089,1386,401,985
120000090,1139,407,732
120000091,1570,770,800
120000092,1607,448,1159
120000093,1229,679,550
120000094,397,1060,-663
120000095,1090,336,754
120000096,454,374,80
120000098,1300,407,893
120000099,484,484,0
120000100,1026,670,356
120000101,1120,436,684
120000102,1021,1307,-286
120000103,2133,1255,878
120000104,3250,585,2665
120000105,4067,533,3534
120000106,4178,707,3471
120000107,6993,659,6334
120000108,2693,151,2542
120000109,1774,102,1672
120000110,95,596,-501
120000111,141,630,-489
120000112,578,1370,-792
120000113,494,1152,-658
120000114,533,1440,-907
120000115,326,1209,-883
120000116,581,1176,-595
120000117,486,926,-440
120000118,48,43,5
120000119,15,30,-15
120000120,216,185,31
120000121,25,41,-16
120000122,275,961,-686
120000123,2522,11472,-8950
120000124,646,527,119
120000125,1307,531,776
120000126,407,1924,-1517
120000127,1192,2471,-1279
120000128,2234,5919,-3685
120000129,242,257,-15
120000130,1013,489,524
120000131,475,764,-289
120000134,392,267,125
120000135,1242,587,655
120000137,400,299,101
120000138,2114,187,1927
120000139,457,233,224
120000140,1792,172,1620
120000141,447,505,-58
120000142,1173,426,747
120000143,2,61,-59
120000144,226,16,210
120000145,838,6,832
120000146,1062,1761,-699
120000149,756,648,108
120000150,1910,14329,-12419
120000151,479,374,105
120000152,1241,133,1108
120000153,864,498,366
120000154,916,732,184
120000155,228,496,-268
120000156,433,2727,-2294
120000157,1166,579,587
120000158,1415,569,846
120000159,1738,1733,5
120000160,2653,2053,600
120000161,4063,2585,1478
120000162,193,359,-166
120000163,991,501,490
120000164,1022,144,878
120000165,1054,324,730
120000166,1994,257,1737
120000167,601,330,271
120000168,28,1410,-1382
120000169,139,4695,-4556
120000170,54,4124,-4070
120000171,29,1258,-1229
120000172,16,727,-711
120000173,263,3419,-3156
120000174,46,76,-30
120000175,55,108,-53
120000176,28,96,-68
120000177,693,86,607
120000178,9,35,-26
120000179,37,86,-49
120000180,55,112,-57
120000181,105,2178,-2073
120000182,105,1178,-1073
120000183,5,642,-637
120000184,338,1892,-1554
120000186,42,2650,-2608
120000187,23,1079,-1056
120000188,41,1381,-1340
120000190,60,164,-104
120000191,157,291,-134
120000192,144,88,56
120000193,85,9,76
120000195,30,3,27
120000196,59,11,48
120000197,15,26,-11
120000198,556,51,505
120000199,575,0,575
120000200,417,5,412
120000201,43,124,-81
120000202,1,54,-53
120000203,180,136,44
120000207,2,30,-28
120000208,21,55,-34
120000209,30,50,-20
120000210,143,96,47
120000211,455,5,450
120000212,424,2,422
120000213,304,95,209
120000214,2,74,-72
120000215,4,94,-90
120000216,350,40,310
120000217,221,1002,-781
120000218,48,445,-397
120000219,1,325,-324
120000220,0,605,-605
120000225,3446,12,3434
120000226,908,20,888
120000227,1448,226,1222
120000228,15867,5805,10062
120000230,781,23,758
120000231,2654,689,1965
120000233,779,43,736
120000235,399,307,92
120000236,2013,1,2012
120000237,1,668,-667
120000238,5,1683,-1678
120000241,1681,5167,-3486
120000412,275,12,263
120000413,611,131,480
120000414,382,1,381
120000415,6,17,-11
120000416,148,1,147
120000417,4,72,-68
120000418,427,24,403
120000419,13,82,-69
120000420,20,13,7
120000421,7710,4609,3101
120000422,143,2625,-2482
120000423,3,118,-115
120000424,215,75,140
120000436,124,1208,-1084
120000437,87,163,-76
120000438,1608,269,1339
120000439,328,799,-471
120000443,154,1,153
120000444,2173,318,1855
120000445,2766,1273,1493
120000446,1594,175,1419
120000447,396,7,389
120000449,408,1,407
120000450,12,80,-68
120000451,197,184,13
120000452,610,4,606
120000453,0,45,-45
120000454,68,84,-16
120000455,113,40,73
120000456,3397,6146,-2749
120000457,510,418,92
120000458,396,398,-2
120000459,235,81,154
120000665,241,338,-97
120000668,174,2807,-2633
120000669,279,155,124
120000670,57,2123,-2066
120000671,2865,711,2154
120000672,75,265,-190
120900001,90,64,26
120900002,136,931,-795
120900003,236,24,212
120900004,21,282,-261
120900005,287,412,-125
120900006,1049,317,732
120900007,358,57,301
120900008,778,574,204
120900009,242,23,219
120900010,1081,256,825
120900011,49,301,-252
120900012,80,1753,-1673
120900013,535,217,318
120900014,147,460,-313
120900015,1233,167,1066
120900016,2252,89,2163
120900017,1799,88,1711
120900018,313,200,113
120900019,748,536,212
120900020,602,1268,-666
120900021,894,255,639
120900022,18,266,-248
120900023,587,61,526
120900024,1917,569,1348
120900025,1161,1179,-18
120900026,146,198,-52
120900027,809,31,778
120900028,924,239,685
120900029,51,1291,-1240
120900030,3270,1120,2150
120900031,506,169,337
120900032,2219,88,2131
120900033,2044,222,1822
120900034,22,4695,-4673
120900035,89,118,-29
120900037,500,20,480
120900038,162,721,-559
120900039,157,109,48
120900040,687,18,669
120900041,37,29,8
120900042,1001,42,959
120900043,150,94,56
120900044,30,630,-600
120900045,115,57,58
120900046,1147,18,1129
120900047,252,280,-28
120900048,359,63,296
120900049,917,14,903
120900050,1176,3490,-2314
120900051,478,63,415
120900052,1223,19,1204
120900053,766,32,734
120900054,751,308,443
120900055,945,8,937
120900056,1358,59,1299
120900057,447,47,400
120900058,1083,6,1077
120900059,280,12,268
120900060,82,29,53
120900061,245,137,108
120900062,549,8,541
120900063,1883,29,1854
120900064,1345,7,1338
120900065,1206,0,1206
120900066,918,372,546
120900067,341,119,222
120900068,656,1,655
120900069,725,18,707
120900071,33,0,33
120900072,1760,23,1737
120900073,1513,64,1449
120900074,1852,74,1778
120900076,733,0,733
120900077,1404,268,1136
120900078,1452,329,1123
120900079,1886,102,1784
120900080,1818,464,1354
120900081,1616,263,1353
120900082,314,539,-225
120900083,95,7,88
120900084,736,767,-31
120900085,81,98,-17
120900086,65,791,-726
120900087,662,361,301
120900088,271,1044,-773
120900089,1816,5453,-3637
120900090,425,25,400
120900091,458,1116,-658
120900092,278,341,-63
120900093,1064,154,910
120900094,227,144,83
120900095,430,40,390
120900096,83,133,-50
120900097,765,528,237
120900098,100,208,-108
120900099,101,49,52
120900100,61,309,-248
120900101,124,133,-9
120900102,92,65,27
120900103,106,241,-135
120900104,12,52,-40
120900105,24,215,-191
120900106,393,215,178
120900107,117,109,8
120900108,17,194,-177
120900109,60,286,-226
120900110,21,169,-148
120900111,178,241,-63
120900112,74,312,-238
120900113,43,298,-255
120900114,74,129,-55
120900115,113,252,-139
120900116,855,218,637
120900117,21,135,-114
120900118,21,262,-241
120900119,11828,2899,8929
120900120,47,289,-242
120900121,45,297,-252
120900122,1349,168,1181
120900123,33,123,-90
120900124,1,183,-182
120900125,7,392,-385
120900126,483,526,-43
120900127,37,160,-123
120900128,405,681,-276
120900129,16,148,-132
120900130,8,224,-216
120900131,222,98,124
120900132,1751,134,1617
120900133,52,314,-262
120900134,142,212,-70
120900135,10,243,-233
120900136,55,79,-24
120900137,592,105,487
120900138,8,125,-117
120900139,1,204,-203
120900140,9,100,-91
120900141,445,230,215
120900142,13,117,-104
120900143,4,245,-241
120900144,0,45,-45
120900145,240,400,-160
120900146,1,234,-233
120900147,2,333,-331
120900148,221,122,99
120900149,0,99,-99
120900150,76,237,-161
120900151,0,143,-143
120900152,1,11,-10
120900153,0,0,0
120900154,0,93,-93
120900155,352,255,97
120900156,258,185,73
120900157,0,2,-2
120900158,105,143,-38
120900159,0,47,-47
120900160,47,309,-262
120900161,120,316,-196
120900162,76,563,-487
120900163,407,1485,-1078
120900164,1,74,-73
120900165,5,254,-249
120900166,57,1004,-947
120900167,206,61,145
120900169,168,158,10
120900170,268,5456,-5188
120900171,354,147,207
120900172,343,2933,-2590
120900173,0,21,-21
120900174,3,128,-125
120900175,163,100,63
120900176,45,483,-438
120900177,3,2291,-2288
120900178,1,1045,-1044
120900179,190,305,-115
120900180,83,285,-202
120900181,39,62,-23
120900182,55,106,-51
120900183,1213,71,1142
120900184,486,103,383
120900185,789,1967,-1178
120900186,0,143,-143
120900187,727,926,-199
120900188,393,21,372
120900189,91,4665,-4574
120900190,397,2,395
120900191,84,18,66
120900192,4787,17666,-12879
120900194,122,132,-10
120900195,125,245,-120
120900196,645,55,590
120900197,903,232,671
120900198,181,252,-71
120900199,552,1235,-683
120900200,34,135,-101
120900201,257,66,191
120900202,1,93,-92
120900203,55,77,-22
120900204,72,223,-151
120900205,75,21,54
120900206,69,67,2
121000001,564,2224,-1660
121000002,2845,2398,447
121000003,5548,2211,3337
121000004,2764,3900,-1136
121000005,1698,2787,-1089
121000006,3745,3698,47
121000007,2378,7081,-4703
121000008,4412,7007,-2595
121000009,3919,9580,-5661
121000010,6752,8910,-2158
121000011,6612,12655,-6043
121000012,12576,8678,3898
121000013,7001,7744,-743
121000014,5906,5225,681
121000015,5942,9419,-3477
121000016,4737,4702,35
121000017,2744,2137,607
121000018,4375,2057,2318
121000019,8202,7939,263
121000020,11448,17579,-6131
121000021,1935,1946,-11
121000022,2873,4089,-1216
121000023,2526,1360,1166
121000024,5208,5760,-552
121000025,421,1397,-976
121000026,401,155,246
121000027,2066,1684,382
121000028,1006,1165,-159
121000029,826,488,338
121000030,387,237,150
121000031,450,818,-368
121000032,193,217,-24
121000034,359,383,-24
121000035,232,269,-37
121000036,927,1273,-346
121000037,695,2084,-1389
121000038,375,1240,-865
121000039,264,411,-147
121000041,575,680,-105
121000042,268,380,-112
121000043,446,804,-358
121000044,1479,1362,117
121000045,568,232,336
121000046,1084,1082,2
121000047,58,98,-40
121000049,1039,837,202
121000050,304,2396,-2092
121000051,761,436,325
121000052,589,1486,-897
121000053,314,238,76
121000054,44,539,-495
121000055,889,3683,-2794
121000056,947,1553,-606
121000057,221,657,-436
121000058,170,190,-20
121000059,4010,1469,2541
121000060,542,1241,-699
121000061,72,518,-446
121000062,184,811,-627
121000063,835,1267,-432
121000064,561,778,-217
121000065,250,971,-721
121000066,286,847,-561
121000067,394,910,-516
121000068,512,645,-133
121000069,151,1832,-1681
121000070,1536,1742,-206
121000071,1982,2431,-449
121000072,1137,1209,-72
121000073,1195,2028,-833
121000074,88,311,-223
121000075,17,199,-182
121000076,366,320,46
121000077,138,176,-38
121000078,90,247,-157
121000080,2220,723,1497
121000081,4378,4589,-211
121000082,108,485,-377
121000083,104,166,-62
121000084,223,359,-136
121000085,366,514,-148
121000086,1105,582,523
121000087,62,348,-286
121000088,855,689,166
121000089,220,878,-658
121000090,259,631,-372
121000091,1233,1123,110
121000092,262,73,189
121000093,224,282,-58
121000094,313,1139,-826
121000095,179,1465,-1286
121000096,6377,3400,2977
121000097,456,4224,-3768
121000098,736,488,248
121000099,877,559,318
121000100,1184,133,1051
121000101,486,229,257
121000102,420,133,287
121000103,310,143,167
121000104,382,58,324
121000105,463,121,342
121000106,443,204,239
121000107,2220,3023,-803
121000109,1424,921,503
121000110,273,919,-646
121000114,5462,2811,2651
121000115,5298,939,4359
121000116,491,1525,-1034
121000117,278,335,-57
121000118,1641,338,1303
121000119,239,217,22
121000120,536,351,185
121000121,642,2441,-1799
121000123,966,662,304
121000126,67,544,-477
121000127,185,142,43
121000128,1306,188,1118
121000129,1086,373,713
121000130,866,568,298
121000131,1075,1043,32
121000132,755,1421,-666
121000135,322,708,-386
121000136,871,1485,-614
121000137,904,341,563
121000138,579,1956,-1377
121000139,247,732,-485
121000141,328,384,-56
121000142,567,960,-393
121000143,175,19,156
121000144,407,1254,-847
121000145,721,965,-244
121000146,1415,1934,-519
121000147,1211,987,224
121000148,973,927,46
121000149,2571,3384,-813
121000152,368,304,64
121000153,1856,604,1252
121000154,2261,578,1683
121000155,2852,1273,1579
121000156,407,1383,-976
121000157,835,1504,-669
121000158,247,279,-32
121000159,270,377,-107
121000160,407,410,-3
121000161,384,411,-27
121000162,222,117,105
121000165,1765,2460,-695
121000166,29,441,-412
121000168,477,261,216
121000169,124,190,-66
121000170,301,81,220
121000171,41,238,-197
121000172,1301,1301,0
121000173,2339,1882,457
121000174,905,844,61
121000175,2225,704,1521
121000176,573,380,193
121000177,695,489,206
121000178,67,106,-39
121000179,47,112,-65
121000181,405,412,-7
121000182,296,404,-108
121000183,92,276,-184
121000184,42,507,-465
121000185,47,539,-492
121000186,333,871,-538
121000187,400,110,290
121000188,438,118,320
121000192,1067,567,500
121000193,928,456,472
121000194,1940,2195,-255
121000195,332,1605,-1273
121000196,459,441,18
121000197,152,2204,-2052
121000198,142,288,-146
121000199,173,210,-37
121000200,750,186,564
121000201,4,262,-258
121000202,177,10,167
121000203,874,2073,-1199
121000204,4144,1149,2995
121000205,112,419,-307
121000206,158,92,66
121000207,2654,628,2026
121000208,9,198,-189
121000209,974,103,871
121000210,1104,256,848
121000211,535,230,305
121000212,599,436,163
121000213,18546,3562,14984
121000214,1245,2388,-1143
121000215,861,2610,-1749
121000216,684,750,-66
121000217,4445,3901,544
121000218,376,2566,-2190
121000219,1805,973,832
121000220,210,118,92
121000221,162,638,-476
121000222,3857,3651,206
121000223,187,1656,-1469
121000224,133,795,-662
121000225,429,3843,-3414
121000226,1122,1923,-801
121000227,16,177,-161
121000228,35,732,-697
121000229,604,660,-56
121000230,64,2754,-2690
121000231,1861,35,1826
121000232,644,417,227
121000233,686,369,317
121000234,26,84,-58
121000235,61,48,13
121000236,15,74,-59
121000237,34,29,5
121000238,9,85,-76
121000239,65,2,63
121000240,7,171,-164
121000241,138,20,118
121000242,38,528,-490
121000243,200,53,147
121000244,3,70,-67
121000245,42,12,30
121000246,3,137,-134
121000247,171,3,168
121000248,559,1566,-1007
121000249,54,287,-233
121000250,679,426,253
121000251,19,247,-228
121000252,209,186,23
121000253,334,360,-26
121000254,866,168,698
121000255,132,312,-180
121000256,447,233,214
121000257,17,107,-90
121000258,78,200,-122
121000259,37,131,-94
121000260,29,140,-111
121000261,93,135,-42
121000262,2166,609,1557
121000263,570,496,74
121000271,1482,2318,-836
121000273,36,7,29
121000274,26,113,-87
121000275,3,15,-12
121000276,22,49,-27
121000278,32,45,-13
121000279,37,56,-19
121000280,49,48,1
121000289,561,25,536
121000290,2341,1895,446
121000294,288,18,270
121000297,431,1232,-801
121000299,141,1731,-1590
121000300,2076,981,1095
121000302,12,840,-828
121000303,557,373,184
121000304,544,121,423
121000305,331,95,236
121000306,235,263,-28
121000308,136,411,-275
121000309,336,565,-229
121000310,148,423,-275
121000311,71,458,-387
121000312,793,618,175
121000313,522,340,182
121000314,22,57,-35
121000315,15,52,-37
121000530,2403,2374,29
121000531,2299,1975,324
121000532,6739,8066,-1327
121000533,4072,4095,-23
121000918,33,62,-29
121000919,32,121,-89
121000938,76,165,-89
121000939,30,212,-182
121000956,2299,1388,911
121000957,4,51,-47
121000958,13,237,-224
121000959,1426,332,1094
121000960,1741,1124,617
121000961,344,63,281
121000962,1020,421,599
121000973,0,272,-272
121000976,5,159,-154
121000979,739,194,545
121000981,329,141,188
121000982,498,193,305
121000983,492,274,218
121000984,5,71,-66
121000985,1222,315,907
121000986,711,74,637
121000987,340,641,-301
121000988,1506,134,1372
121001302,252,184,68
121001308,0,67,-67
121001309,44,357,-313
121001313,265,66,199
121001314,1518,1804,-286
121001315,6072,3820,2252
121900001,194,429,-235
121900002,22,74,-52
121900003,587,44,543
121900004,58,683,-625
121900005,37,10,27
121900006,145,54,91
121900007,2671,2196,475
121900008,71,365,-294
121900009,1735,34,1701
121900010,326,6,320
121900011,313,258,55
121900012,6,0,6
121900013,289,90,199
121900014,2407,389,2018
121900015,169,265,-96
121900016,6,39,-33
121900017,612,1386,-774
121900018,683,13,670
121900019,790,338,452
121900020,64,4,60
121900021,1557,31,1526
121900022,273,313,-40
121900023,192,560,-368
121900024,578,60,518
121900025,767,658,109
121900026,492,124,368
121900027,576,382,194
121900028,272,14,258
121900029,119,393,-274
121900030,427,667,-240
121900031,1486,7730,-6244
121900032,147,117,30
121900033,166,452,-286
121900034,327,178,149
121900035,5544,3996,1548
121900036,196,550,-354
121900037,177,1504,-1327
121900038,50,125,-75
121900039,266,54,212
121900040,78,119,-41
121900041,75,452,-377
121900042,510,300,210
121900043,0,10,-10
121900044,59,42,17
121900045,528,232,296
121900046,239,360,-121
121900047,215,108,107
121900048,117,83,34
121900050,23,157,-134
121900051,190,458,-268
121900052,198,59,139
121900053,578,402,176
121900054,313,2029,-1716
121900055,12,18,-6
121900058,580,621,-41
121900059,445,165,280
121900060,111,808,-697
121900061,209,179,30
121900062,191,164,27
121900063,1933,549,1384
121900064,439,822,-383
121900066,118,28,90
121900067,67,44,23
121900069,155,201,-46
121900070,154,234,-80
121900071,776,323,453
121900072,71,201,-130
121900073,197,443,-246
121900074,461,738,-277
121900075,332,1093,-761
121900076,511,1031,-520
121900077,40,7,33
121900078,274,46,228
121900079,1,0,1
121900080,1234,347,887
121900082,93,151,-58
121900084,44,13,31
121900085,2,31,-29
121900086,57,66,-9
121900087,81,177,-96
121900088,1415,3234,-1819
121900089,385,160,225
121900090,63,19,44
121900091,145,43,102
121900092,169,142,27
121900093,116,66,50
121900094,15,8,7
121900095,460,174,286
121900096,1396,1008,388
121900097,980,184,796
121900098,5,1,4
121900099,340,34,306
121900100,81,226,-145
121900101,132,156,-24
121900102,1,106,-105
121900103,666,550,116
121900104,2303,610,1693
121900105,330,215,115
121900106,7,8,-1
121900107,136,23,113
121900108,1,29,-28
121900109,203,252,-49
121900110,968,593,375
121900111,538,338,200
121900112,157,300,-143
121900113,62,535,-473
121900114,173,60,113
121900115,205,367,-162
121900117,164,171,-7
121900118,3286,947,2339
121900119,178,55,123
121900120,90,956,-866
121900121,535,51,484
121900122,55,54,1
121900123,279,465,-186
121900124,346,265,81
121900125,3381,1690,1691
121900127,9,157,-148
121900128,103,78,25
121900129,219,241,-22
121900130,147,386,-239
121900131,337,151,186
121900132,78,70,8
121900133,16,551,-535
121900134,12,711,-699
121900135,6915,725,6190
121900136,490,460,30
121900137,55,312,-257
121900138,77,238,-161
121900139,368,4768,-4400
121900140,48,152,-104
121900141,74,76,-2
121900142,166,52,114
121900143,15,218,-203
121900144,187,948,-761
121900145,291,406,-115
121900146,459,943,-484
121900147,67,324,-257
121900148,369,548,-179
121900149,365,496,-131
121900150,59,227,-168
121900151,61,454,-393
121900152,184,99,85
121900153,40,326,-286
121900154,6,544,-538
121900155,5,253,-248
121900156,132,127,5
121900157,5,425,-420
121900158,113,207,-94
121900159,1,249,-248
121900160,88,390,-302
121900161,265,782,-517
121900162,98,205,-107
121900163,556,234,322
121900164,301,528,-227
121900165,249,228,21
121900166,138,293,-155
121900167,72,126,-54
121900168,115,186,-71
121900169,39,365,-326
121900170,17,170,-153
121900171,1326,1060,266
121900172,779,346,433
121900173,785,378,407
121900174,79,59,20
121900175,76,685,-609
121900176,612,2223,-1611
121900177,140,83,57
121900179,419,428,-9
121900180,1684,6923,-5239
121900182,859,722,137
121900183,471,2172,-1701
121900184,45,2309,-2264
121900185,135,46,89
121900186,5,678,-673
121900187,12,209,-197
121900188,1445,249,1196
121900189,189,74,115
121900190,354,545,-191
121900191,93,393,-300
121900192,273,2809,-2536
121900194,18,383,-365
121900195,32,94,-62
121900196,796,1031,-235
121900197,310,1469,-1159
121900198,4149,2564,1585
121900199,2,45,-43
121900200,37,205,-168
121900201,962,847,115
121900202,160,948,-788
121900203,115,2294,-2179
121900204,1554,1364,190
121900205,297,406,-109
121900206,13,182,-169
121900207,38,117,-79
121900208,151,652,-501
121900209,96,53,43
121900210,2733,1756,977
121900211,6,155,-149
121900212,56,189,-133
121900213,464,34,430
121900214,8,656,-648
121900215,45,200,-155
121900216,62,468,-406
121900217,309,324,-15
121900218,170,919,-749
121900219,353,53,300
121900220,153,30,123
121900221,496,571,-75
121900222,307,143,164
121900223,255,194,61
121900224,132,151,-19
121900225,112,306,-194
121900226,305,68,237
121900227,368,1845,-1477
121900228,170,158,12
121900229,390,821,-431
121900230,48,426,-378
121900231,60,1926,-1866
121900232,199,515,-316
121900233,388,209,179
121900234,485,349,136
121900235,721,220,501
121900236,329,207,122
121900237,198,716,-518
121900238,140,322,-182
121900239,289,83,206
121900240,236,248,-12
121900241,81,38,43
121900242,7,0,7
121900243,22,0,22
121900244,51,4,47
121900245,383,95,288
121900246,8609,520,8089
121900247,451,297,154
121900248,1944,1070,874
121900250,212,630,-418
121900251,766,42,724
121900252,470,265,205
121900253,52,1421,-1369
121900254,429,723,-294
121900255,685,255,430
121900258,6478,1965,4513
121900259,136,698,-562
121900260,222,208,14
121900261,147,903,-756
121900262,899,1555,-656
121900263,332,238,94
121900264,1026,969,57
121900265,429,150,279
121900266,670,77,593
121900267,94,45,49
121900269,276,1041,-765
121900270,78,240,-162
121900271,47,245,-198
121900273,567,2327,-1760
121900274,459,310,149
121900276,630,277,353
121900277,332,1010,-678
121900278,100,2023,-1923
121900279,228,258,-30
121900280,100,863,-763
121900281,135,585,-450
121900284,44,11,33
121900286,226,78,148
121900287,10,29,-19
121900290,191,2033,-1842
121900291,434,2026,-1592
121900292,194,171,23
121900293,788,6429,-5641
121900294,450,2,448
121900295,218,129,89
121900296,73,312,-239
121900298,117,1449,-1332
121900299,1,7,-6
121900300,67,8,59
121900301,49,1,48
121900302,6,151,-145
121900303,198,644,-446
121900304,3,19,-16
121900305,2,15,-13
121900306,423,0,423
121900307,199,6,193
121900308,10,79,-69
121900309,2,83,-81
121900310,14,110,-96
121900311,850,31,819
121900312,796,34,762
121900313,661,68,593
121900314,5,18,-13
121900315,84,2,82
121900316,0,4,-4
121900317,71,21,50
121900318,0,1,-1
121900319,75,509,-434
121900320,29,27,2
121900321,45,2,43
121900322,7,17,-10
121900323,45,30,15
121900324,0,26,-26
121900325,33,8,25
121900326,7,3,4
121900327,2,34,-32
121900328,0,13,-13
121900329,1,42,-41
121900330,2,89,-87
121900331,23,71,-48
121900332,49,40,9
122000001,1519,5975,-4456
122000002,2510,1410,1100
122000003,1085,3141,-2056
122000004,1507,1799,-292
122000005,7381,3197,4184
122000006,820,2108,-1288
122000007,836,2928,-2092
122000008,1185,4630,-3445
122000009,723,742,-19
122000010,3720,3979,-259
122000011,8786,3476,5310
122000012,918,6432,-5514
122000013,591,2790,-2199
122000014,7264,2354,4910
122000015,1229,1149,80
122000016,539,690,-151
122000017,1415,1524,-109
122000018,3252,2550,702
122000019,1256,3019,-1763
122000020,176,503,-327
122000021,155,457,-302
122000022,1441,2292,-851
122000023,1560,2544,-984
122000024,607,4392,-3785
122000025,583,5241,-4658
122000026,281,1794,-1513
122000027,651,1044,-393
122000028,2146,893,1253
122000029,382,1133,-751
122000030,181,261,-80
122000031,131,426,-295
122000032,10410,3996,6414
122000033,470,6847,-6377
122000034,334,1266,-932
122000035,190,648,-458
122000036,566,742,-176
122000037,1454,413,1041
122000038,213,748,-535
122000039,663,1329,-666
122000040,231,375,-144
122000041,1067,982,85
122000042,504,1066,-562
122000043,100,288,-188
122000044,102,159,-57
122000045,2708,1428,1280
122000046,1227,2106,-879
122000047,100,237,-137
122000048,2525,4119,-1594
122000049,9061,4081,4980
122000050,903,1491,-588
122000051,137,568,-431
122000052,356,581,-225
122000053,355,1056,-701
122000054,1679,2547,-868
122000055,1592,4705,-3113
122000056,2902,3222,-320
122000057,5062,5368,-306
122000058,754,3067,-2313
122000059,775,5531,-4756
122000060,207,1378,-1171
122000061,139,1024,-885
122000062,506,226,280
122000063,347,2445,-2098
122000064,3413,8463,-5050
122000065,2684,3668,-984
122000066,694,2194,-1500
122000067,1338,1877,-539
122000068,3817,1438,2379
122000069,1896,1192,704
122000070,1375,1676,-301
122000071,5452,1544,3908
122000072,2385,1404,981
122000073,264,2940,-2676
122000074,2639,1686,953
122000075,1498,1194,304
122000076,12703,2995,9708
122000077,679,3174,-2495
122000078,574,5819,-5245
122000079,295,4121,-3826
122000080,404,972,-568
122000081,95,242,-147
122000082,255,1578,-1323
122000083,8748,1255,7493
122000084,6119,2128,3991
122000085,401,843,-442
122000086,3545,9320,-5775
122000087,246,685,-439
122000088,91,424,-333
122000089,5342,3226,2116
122000090,451,1977,-1526
122000091,105,859,-754
122000092,45,145,-100
122000093,2028,5922,-3894
122000094,7701,4128,3573
122000095,729,6362,-5633
122000096,480,3325,-2845
122000098,4968,5048,-80
122000099,616,2466,-1850
122000100,915,1228,-313
122000101,364,621,-257
122000102,3213,1080,2133
122000103,1519,1683,-164
122000104,2525,227,2298
122000105,506,774,-268
122000106,579,2523,-1944
122000107,1430,630,800
122000108,855,854,1
122000109,537,298,239
122000110,905,973,-68
122000111,4463,1882,2581
122000112,2302,1895,407
122000113,968,1034,-66
122000114,1579,4516,-2937
122000115,1978,1492,486
122000116,479,727,-248
122000117,1574,495,1079
122000118,716,555,161
122000119,3542,2319,1223
122000120,901,4693,-3792
122000121,728,2650,-1922
122000122,384,934,-550
122000123,1095,1740,-645
122000124,810,563,247
122000125,484,617,-133
122000126,379,660,-281
122000127,433,747,-314
122000128,231,414,-183
122000129,429,1397,-968
122000130,3404,1554,1850
122000131,1089,1712,-623
122000132,219,670,-451
122000133,890,1143,-253
122000134,1320,844,476
122000135,518,239,279
122000136,1139,650,489
122000137,2722,1170,1552
122000139,712,4433,-3721
122000140,300,1929,-1629
122000141,5144,2999,2145
122000142,113,2695,-2582
122000143,297,639,-342
122000144,1674,1947,-273
122000145,908,1566,-658
122000146,548,4568,-4020
122000147,633,976,-343
122000148,402,1936,-1534
122000149,1782,1249,533
122000150,1484,1199,285
122000151,80,485,-405
122000152,414,508,-94
122000153,445,585,-140
122000154,232,257,-25
122000155,1356,2845,-1489
122000156,11352,5379,5973
122000157,659,11286,-10627
122000158,355,1450,-1095
122000159,737,1956,-1219
122000160,2501,2591,-90
122000161,1201,1283,-82
122000162,1070,1673,-603
122000163,358,160,198
122000164,57,283,-226
122000165,1559,2082,-523
122000166,837,3411,-2574
122000167,301,701,-400
122000168,254,1441,-1187
122000169,402,303,99
122000170,463,483,-20
122000171,48,120,-72
122000172,2367,1952,415
122000173,1818,3601,-1783
122000174,1608,1986,-378
122000175,773,558,215
122000176,333,1683,-1350
122000177,1061,2061,-1000
122000178,7020,4377,2643
122000179,3704,4917,-1213
122000180,717,1165,-448
122000181,799,2309,-1510
122000182,1998,1714,284
122000183,3229,1379,1850
122000184,3539,4488,-949
122000185,1192,4856,-3664
122000186,689,2887,-2198
122000187,2171,1537,634
122000188,533,441,92
122000189,226,443,-217
122000190,707,2445,-1738
122000191,856,1131,-275
122000192,1401,521,880
122000193,480,970,-490
122000194,440,280,160
122000195,131,878,-747
122000196,1309,467,842
122000197,551,754,-203
122000198,507,3145,-2638
122000199,286,488,-202
122000200,1093,1069,24
122000201,1188,3497,-2309
122000202,1046,3154,-2108
122000203,2205,1445,760
122000204,1330,1554,-224
122000205,643,1030,-387
122000206,5681,1484,4197
122000207,2324,2126,198
122000208,2361,2485,-124
122000209,2591,884,1707
122000210,2338,2696,-358
122000211,1232,2048,-816
122000212,887,646,241
122000213,1094,1826,-732
122000214,2158,1902,256
122000215,2685,2108,577
122000217,1508,3130,-1622
122000218,887,85,802
122000219,1373,908,465
122000220,289,882,-593
122000221,145,421,-276
122000222,522,199,323
122000223,1112,679,433
122000225,754,555,199
122000226,1637,1741,-104
122000227,294,1598,-1304
122000228,272,274,-2
122000229,48,459,-411
122000230,31,294,-263
122000231,249,714,-465
122000232,616,490,126
122000233,0,52,-52
122000234,598,38,560
122000235,638,79,559
122000236,1913,57,1856
122000237,141,128,13
122000238,403,335,68
122000239,1007,134,873
122000240,1110,706,404
122000241,310,519,-209
122000242,602,189,413
122000243,19,35,-16
122000244,13,363,-350
122000245,5,49,-44
122000246,32,162,-130
122000247,622,263,359
122000248,832,874,-42
122000249,1460,1318,142
122000250,2571,1121,1450
122000251,110,431,-321
122000252,272,117,155
122000253,127,259,-132
122000254,523,84,439
122000255,616,632,-16
122000256,267,497,-230
122000257,248,118,130
122000258,407,369,38
122000259,21,289,-268
122000260,1,30,-29
122000261,33,373,-340
122000262,2,43,-41
122000263,172,573,-401
122000264,1802,478,1324
122000265,3338,1430,1908
122000266,4496,930,3566
122000267,117,130,-13
122000268,186,373,-187
122000269,1181,419,762
122000270,598,286,312
122000271,254,2429,-2175
122000272,545,1859,-1314
122000273,558,515,43
122000274,357,205,152
122000275,64,193,-129
122000276,1333,492,841
122000277,1399,1555,-156
122000278,2479,258,2221
122000279,362,212,150
122000280,706,506,200
122000281,773,707,66
122000282,103,508,-405
122000283,122,207,-85
122000284,132,45,87
122000285,261,77,184
122000286,47,128,-81
122000287,2134,1492,642
122000288,574,241,333
122000291,3894,971,2923
122000293,202,119,83
122000294,219,425,-206
122000295,1586,249,1337
122000296,23,672,-649
122000297,2341,4877,-2536
122000299,701,546,155
122000300,418,566,-148
122000301,6747,3748,2999
122000302,422,3158,-2736
122000303,2120,1141,979
122000304,41,240,-199
122000305,1658,436,1222
122000306,44,355,-311
122000307,142,139,3
122000309,63,23,40
122000310,16,80,-64
122000311,59,103,-44
122000312,70,294,-224
122000313,39,180,-141
122000314,108,499,-391
122000315,325,70,255
122000316,2111,345,1766
122000317,2718,332,2386
122000318,381,1736,-1355
122000319,112,395,-283
122000320,330,928,-598
122000321,106,96,10
122000322,1619,2691,-1072
122000323,627,4737,-4110
122000324,1976,3055,-1079
122000325,739,6672,-5933
122000326,222,78,144
122000327,547,1154,-607
122000328,516,380,136
122000330,3881,2531,1350
122000332,242,327,-85
122000333,12,62,-50
122000337,1428,399,1029
122000338,724,310,414
122000340,177,3844,-3667
122000342,1333,784,549
122000343,284,163,121
122000344,51,14,37
122000345,56,24,32
122000346,209,65,144
122000348,840,948,-108
122000349,57,605,-548
122000351,241,233,8
122000352,193,157,36
122000353,249,70,179
122000355,92,297,-205
122000356,488,2643,-2155
122000357,134,16,118
122000358,1,10,-9
122000359,0,23,-23
122000360,0,16,-16
122000362,3,32,-29
122000364,252,220,32
122000365,1,19,-18
122000366,7,13,-6
122000368,535,736,-201
122000370,36,19,17
122000371,27,0,27
122000372,20,3,17
122000381,238,438,-200
122000382,93,159,-66
122000384,1415,1576,-161
122000385,132,1,131
122000386,164,2516,-2352
122000387,514,1367,-853
122000388,1217,1405,-188
122000389,265,1905,-1640
122000390,316,442,-126
122000391,91,1948,-1857
122000392,244,125,119
122000393,45,87,-42
122000394,758,184,574
122000395,176,103,73
122000396,320,75,245
122000397,15,25,-10
122000398,4,91,-87
122000399,175,65,110
122000400,45,1329,-1284
122000401,189,56,133
122000402,602,135,467
122000403,583,369,214
122000404,317,164,153
122000408,544,860,-316
122000503,14,96,-82
122000524,118,586,-468
122000544,133,2654,-2521
122000616,356,0,356
122000640,120,68,52
122000641,260,177,83
122000642,1500,522,978
122000643,40,270,-230
122000644,70,24,46
122000645,61,193,-132
122000651,405,3572,-3167
122000664,149,91,58
122000665,1604,616,988
122000666,653,1149,-496
122000673,56,187,-131
122000674,435,113,322
122000675,2725,614,2111
122000686,418,1651,-1233
122000687,2091,379,1712
122000688,417,324,93
122000689,1503,175,1328
122000690,4120,241,3879
122000691,1331,553,778
122000692,1636,245,1391
122000693,413,936,-523
122000695,531,268,263
122000696,972,159,813
122000698,446,182,264
122000699,243,105,138
122000701,2173,331,1842
122000702,451,1124,-673
122000703,311,72,239
122000717,64,91,-27
122000718,247,1569,-1322
122000719,100,135,-35
122000720,923,84,839
122900001,44,17,27
122900002,717,8488,-7771
122900003,529,34,495
122900004,2770,141,2629
122900005,75,132,-57
122900006,307,1198,-891
122900007,88,138,-50
122900008,199,226,-27
122900009,1306,482,824
122900010,332,139,193
122900012,201,417,-216
122900014,122,176,-54
122900015,769,1319,-550
122900016,155,183,-28
122900017,246,1419,-1173
122900018,174,14,160
122900019,10,109,-99
122900020,116,445,-329
122900021,48,396,-348
122900022,1753,772,981
122900023,1082,213,869
122900024,165,161,4
122900025,2,433,-431
122900026,12,142,-130
122900027,69,482,-413
122900028,126,169,-43
122900029,8302,3192,5110
122900030,2634,662,1972
122900031,65,426,-361
122900032,821,526,295
122900033,230,222,8
122900034,3572,4928,-1356
122900035,40,16,24
122900036,80,80,0
122900037,452,393,59
122900038,103,3922,-3819
122900039,57,573,-516
122900040,237,1332,-1095
122900041,220,391,-171
122900042,217,300,-83
122900043,443,230,213
122900044,149,369,-220
122900045,171,345,-174
122900046,140,325,-185
122900047,158,234,-76
122900048,40,294,-254
122900049,3237,208,3029
122900051,20,634,-614
122900052,162,63,99
122900053,23,34,-11
122900055,341,64,277
122900057,355,82,273
122900061,516,121,395
122900062,678,821,-143
122900063,275,165,110
122900064,810,467,343
122900065,669,319,350
122900066,833,327,506
122900067,745,435,310
122900068,121,292,-171
122900069,498,1725,-1227
122900070,402,53,349
122900071,104,187,-83
122900072,15,227,-212
122900073,5,90,-85
122900074,1441,134,1307
122900075,0,99,-99
122900076,1,284,-283
122900077,0,63,-63
122900078,370,29,341
122900080,17,95,-78
122900081,175,243,-68
122900082,1399,206,1193
122900083,85,126,-41
122900084,10,99,-89
122900086,20,158,-138
122900087,510,320,190
122900088,33,907,-874
122900089,44,147,-103
122900090,22,330,-308
122900091,451,1,450
122900092,0,111,-111
122900093,0,90,-90
122900094,2,104,-102
122900095,262,19,243
122900096,605,82,523
122900097,43,58,-15
122900098,19,175,-156
122900099,116,62,54
122900100,60,1080,-1020
122900101,316,315,1
123000001,768,1853,-1085
123000002,2660,9227,-6567
123000003,6329,5606,723
123000004,3150,4202,-1052
123000005,4254,2990,1264
123000006,2664,2310,354
123000007,3079,2731,348
123000008,2265,2663,-398
123000009,4311,3434,877
123000010,3282,4415,-1133
123000011,1789,1614,175
123000012,720,4357,-3637
123000013,5484,1460,4024
123000014,576,4138,-3562
123000015,2555,1229,1326
123000016,2748,4269,-1521
123000017,4250,2068,2182
123000018,128,100,28
123000019,904,72,832
123000020,613,45,568
123000021,279,320,-41
123000022,433,2355,-1922
123000023,2567,2909,-342
123000024,1821,903,918
123000025,22,74,-52
123000026,1,246,-245
123000027,51,1097,-1046
123000028,652,1309,-657
123000029,320,1561,-1241
123000030,383,97,286
123000031,481,193,288
123000032,798,102,696
123000033,303,141,162
123000034,1240,726,514
123000035,812,590,222
123000036,389,1348,-959
123000037,347,185,162
123000038,238,443,-205
123000039,648,1849,-1201
123000040,458,249,209
123000041,751,1806,-1055
123000042,416,1571,-1155
123000043,2158,18007,-15849
123000044,2848,2972,-124
123000045,3997,2422,1575
123000046,261,1464,-1203
123000047,951,1469,-518
123000048,157,1914,-1757
123000049,6373,11979,-5606
123000050,2761,2207,554
123000051,95,300,-205
123000052,978,4688,-3710
123000053,3012,3818,-806
123000054,2571,2082,489
123000055,2590,6352,-3762
123000056,1129,924,205
123000057,3862,7136,-3274
123000058,735,1752,-1017
123000059,348,604,-256
123000060,1421,448,973
123000061,377,685,-308
123000063,1501,1329,172
123000064,1831,293,1538
123000065,4565,3177,1388
123000066,444,676,-232
123000067,1492,532,960
123000068,1944,2323,-379
123000069,3988,1642,2346
123000070,198,754,-556
123000071,3211,1048,2163
123000072,1699,607,1092
123000073,3239,1209,2030
123000074,1214,1039,175
123000075,478,2585,-2107
123000076,937,510,427
123000077,2591,1672,919
123000078,4304,1543,2761
123000079,3823,1958,1865
123000080,3456,1158,2298
123000081,231,366,-135
123000082,400,1029,-629
123000083,1498,350,1148
123000084,1037,323,714
123000085,627,70,557
123000086,1171,96,1075
123000087,739,474,265
123000088,1906,789,1117
123000089,1356,1142,214
123000090,2092,987,1105
123000091,2380,1498,882
123000092,860,1559,-699
123000094,1285,198,1087
123000095,1345,848,497
123000096,1466,482,984
123000097,1139,494,645
123000098,1029,614,415
123000099,808,397,411
123000100,391,1006,-615
123000101,596,638,-42
123000102,475,1110,-635
123000104,625,736,-111
123000105,371,450,-79
123000106,638,681,-43
123000107,330,355,-25
123000108,592,1116,-524
123000111,1467,441,1026
123000112,1813,588,1225
123000113,668,624,44
123000114,496,723,-227
123000115,405,340,65
123000116,39,66,-27
123000117,2512,1387,1125
123000118,745,529,216
123000119,359,482,-123
123000120,309,606,-297
123000121,697,917,-220
123000122,420,343,77
123000123,690,662,28
123000124,499,421,78
123000125,1826,1531,295
123000126,1445,6041,-4596
123000127,530,625,-95
123000128,265,273,-8
123000129,1342,391,951
123000130,1121,126,995
123000131,2126,1120,1006
123000132,351,619,-268
123000133,126,249,-123
123000134,282,82,200
123000135,3549,1307,2242
123000136,245,522,-277
123000137,143,257,-114
123000138,171,241,-70
123000139,922,196,726
123000140,48,462,-414
123000141,829,179,650
123000142,1085,762,323
123000143,809,1619,-810
123000144,9,64,-55
123000145,157,476,-319
123000146,14,155,-141
123000147,120,192,-72
123000149,388,429,-41
123000150,89,308,-219
123000151,126,563,-437
123000152,37,437,-400
123000153,82,731,-649
123000154,978,1638,-660
123000155,1593,1270,323
123000156,37,122,-85
123000157,677,737,-60
123000158,530,964,-434
123000159,3610,4940,-1330
123000160,1193,1516,-323
123000161,1995,1341,654
123000162,1986,2315,-329
123000163,1159,288,871
123000164,2875,281,2594
123000165,438,909,-471
123000166,50,100,-50
123000167,93,163,-70
123000168,413,140,273
123000169,1357,207,1150
123000170,111,65,46
123000171,1692,17,1675
123000172,142,416,-274
123000173,916,409,507
123000174,1138,607,531
123000175,390,969,-579
123000176,1167,377,790
123000177,233,1041,-808
123000178,1212,214,998
123000179,55,327,-272
123000180,1995,390,1605
123000181,244,762,-518
123000182,259,180,79
123000183,154,609,-455
123000184,96,414,-318
123000185,1478,399,1079
123000186,8,322,-314
123000187,817,17,800
123000188,406,1,405
123000189,304,143,161
123000190,104,86,18
123000192,11,331,-320
123000193,35,644,-609
123000194,219,210,9
123000195,418,43,375
123000196,558,28,530
123000197,113,92,21
123000198,50,608,-558
123000199,51,481,-430
123000200,983,17,966
123000201,1825,19,1806
123000202,41,429,-388
123000203,1496,43,1453
123000204,80,394,-314
123000205,193,770,-577
123000206,3623,313,3310
123000207,47,428,-381
123000208,948,300,648
123000209,2623,858,1765
123000210,238,1155,-917
123000211,445,1600,-1155
123000212,5502,627,4875
123000213,766,98,668
123000215,102,234,-132
123000216,239,1144,-905
123000217,295,40,255
123000218,53,807,-754
123000219,838,139,699
123000220,603,135,468
123000221,173,116,57
123000222,671,347,324
123000223,1016,145,871
123000224,532,273,259
123000225,350,68,282
123000226,125,376,-251
123000227,84,219,-135
123000228,322,58,264
123000229,705,1308,-603
123000232,98,413,-315
123000233,1197,226,971
123000234,215,488,-273
123000235,1794,412,1382
123000236,400,478,-78
123000237,602,136,466
123000238,91,331,-240
123000239,427,573,-146
123000240,73,1273,-1200
123000241,336,51,285
123000242,363,203,160
123000243,916,811,105
123000244,843,458,385
123000245,31,128,-97
123000249,453,518,-65
123000252,1357,430,927
123000253,2046,696,1350
123000254,813,727,86
123000255,1348,1070,278
123000256,12,230,-218
123000257,2152,1283,869
123000258,1215,640,575
123000259,650,433,217
123000260,720,343,377
123000261,446,145,301
123000262,63,94,-31
123000263,703,125,578
123000264,214,156,58
123000265,29,123,-94
123000266,554,566,-12
123000267,943,512,431
123000268,60,35,25
123000269,58,86,-28
123000270,47,103,-56
123000271,57,46,11
123000272,773,379,394
123000273,292,1056,-764
123000274,1396,1051,345
123000275,207,902,-695
123000278,1700,3146,-1446
123000279,142,71,71
123000280,372,247,125
123000281,400,145,255
123000282,106,266,-160
123000283,214,101,113
123000284,59,54,5
123000286,191,574,-383
123000287,417,413,4
123000288,1333,1600,-267
123000289,203,1872,-1669
123000291,203,981,-778
123000294,137,168,-31
123000295,704,1361,-657
123000296,901,695,206
123000297,304,177,127
123000298,414,187,227
123000299,25,116,-91
123000300,1802,1036,766
123000301,149,514,-365
123000302,135,94,41
123000303,85,343,-258
123000305,975,919,56
123000306,352,37,315
123000309,28,76,-48
123000310,51,77,-26
123000311,1,116,-115
123000312,304,389,-85
123000313,813,387,426
123000315,182,329,-147
123000316,888,158,730
123000317,301,84,217
123000318,51,161,-110
123000329,23,17,6
123000337,329,462,-133
123000338,124,197,-73
123000339,482,28,454
123000340,71,330,-259
123000342,3,40,-37
123000343,118,39,79
123000344,601,320,281
123000345,378,514,-136
123000346,632,34,598
123000352,1134,809,325
123000353,71,70,1
123000354,323,2,321
123000355,0,181,-181
123000356,574,7,567
123000357,3,122,-119
123000359,32,71,-39
123000360,332,136,196
123000361,265,253,12
123000362,699,102,597
123000363,179,175,4
123000364,673,726,-53
123000365,26,522,-496
123000366,382,3471,-3089
123000367,336,676,-340
123000370,16,263,-247
123000371,646,110,536
123000372,538,51,487
123000373,8,303,-295
123000374,17,171,-154
123000375,558,58,500
123000376,1057,826,231
123000377,861,31,830
123000378,12,231,-219
123000379,2,206,-204
123000380,18,336,-318
123000381,52,171,-119
123000382,497,144,353
123000383,134,1148,-1014
123000384,583,134,449
123000385,222,468,-246
123000436,42,1393,-1351
123000507,62,128,-66
123000508,166,2048,-1882
123000517,285,31,254
123000518,45,158,-113
123000519,203,73,130
123000520,39,106,-67
123000521,707,92,615
123000522,201,230,-29
123000541,12,1,11
123000542,0,5,-5
123000565,1189,35,1154
123000566,548,107,441
123000567,118,71,47
123000573,34,435,-401
123000574,1196,67,1129
123000575,2155,652,1503
123000576,1359,856,503
123000577,55,900,-845
123000578,320,239,81
123000579,962,9429,-8467
123000580,137,61,76
123000582,732,33,699
123000583,20,320,-300
123000584,243,275,-32
123000585,0,26,-26
123000586,148,0,148
123000596,77,57,20
123000597,100,242,-142
123000602,154,17,137
123000603,1579,263,1316
123000604,716,298,418
123000605,736,70,666
123000606,0,412,-412
123000609,33,298,-265
123000610,121,81,40
123000613,33,180,-147
123000614,348,30,318
123000615,35,46,-11
123000616,1409,54,1355
123000617,177,115,62
123000618,44,537,-493
123000619,624,135,489
123000620,35,307,-272
123000622,656,23,633
123000624,304,57,247
123000630,2064,409,1655
123000631,218,407,-189
123000632,617,688,-71
123000633,0,145,-145
123000634,43,330,-287
123000635,32,105,-73
123000636,27,338,-311
123000637,132,30,102
123000638,609,10,599
123000639,801,6641,-5840
123000640,4,300,-296
123900001,1158,63,1095
123900002,36,1415,-1379
123900003,219,377,-158
123900005,401,300,101
123900006,437,101,336
124000001,1953,206,1747
124000002,54,1224,-1170
124000003,1803,217,1586
124000004,101,453,-352
124000005,1727,1225,502
124000006,240,467,-227
124000007,571,126,445
124000008,7,488,-481
124000009,980,337,643
124000010,356,311,45
124000011,1347,497,850
124000012,312,286,26
124000017,264,129,135
124000018,126,52,74
124000019,209,153,56
124000020,58,85,-27
124000021,152,72,80
124000022,91,137,-46
124000023,1368,1494,-126
124000024,1083,385,698
124000025,1081,1766,-685
124000026,1002,860,142
124000027,3875,4535,-660
124000028,1094,3237,-2143
124000030,1296,1368,-72
124000031,1657,6047,-4390
124000032,1209,492,717
124000033,252,302,-50
124000034,674,364,310
124000035,21,330,-309
124000036,19,168,-149
124000037,424,1157,-733
124000038,35,139,-104
124000039,455,395,60
124000040,191,1396,-1205
124000041,590,214,376
124000042,144,407,-263
124000043,96,134,-38
124000044,37,131,-94
124000045,1493,331,1162
124000046,301,576,-275
124000047,2906,562,2344
124000048,1081,646,435
124000049,2871,377,2494
124000050,1047,933,114
124000051,1534,441,1093
124000052,893,577,316
124000053,605,2420,-1815
124000054,835,272,563
124000055,1194,5429,-4235
124000056,1424,759,665
124000057,1466,489,977
124000058,606,729,-123
124000059,1229,1495,-266
124000060,473,284,189
124000061,1567,7025,-5458
124000062,1405,1239,166
124000063,1117,975,142
124000064,1392,880,512
124000065,14,658,-644
124000066,69,40,29
124000067,234,167,67
124000068,12,22,-10
124000069,291,11,280
124000070,105,48,57
124000071,356,148,208
124000072,309,365,-56
124000073,1117,198,919
124000074,222,406,-184
124000075,643,65,578
124000076,4,55,-51
124000077,282,890,-608
124000078,1600,1260,340
124000079,188,1435,-1247
124000080,928,181,747
124000081,292,374,-82
124000082,141,151,-10
124000083,29,79,-50
124000084,51,583,-532
124000085,49,33,16
124000086,33,253,-220
124000087,108,152,-44
124000088,126,550,-424
124000089,856,387,469
124000090,140,143,-3
124000091,518,50,468
124000092,74,214,-140
124000093,125,149,-24
124000094,191,613,-422
124000095,195,90,105
124000096,208,239,-31
124000097,161,128,33
124000098,89,80,9
124000099,149,101,48
124000100,46,78,-32
124000101,118,127,-9
124000102,94,30,64
124000103,256,130,126
124000104,101,43,58
124000105,225,128,97
124000106,165,41,124
124000107,34,245,-211
124000108,61,13,48
124000109,154,92,62
124000110,60,46,14
124000111,291,97,194
124000112,1052,377,675
124000113,183,148,35
124000114,457,271,186
124000115,270,767,-497
124000116,110,244,-134
124000117,36,131,-95
124000118,53,90,-37
124000119,797,902,-105
124000120,773,638,135
124000121,1002,771,231
124000122,418,1225,-807
124000123,1173,446,727
124000124,351,630,-279
124000125,522,381,141
124000126,322,542,-220
124000127,1223,286,937
124000128,627,669,-42
124000129,1723,1520,203
124000130,424,425,-1
124000131,764,785,-21
124000132,562,625,-63
124000133,1541,1134,407
124000134,984,499,485
124000135,1993,2458,-465
124000136,594,902,-308
124000137,915,1459,-544
124000138,989,1120,-131
124000139,404,36,368
124000140,11,234,-223
124000141,83,8,75
124000142,7,189,-182
124000143,93,17,76
124000144,12,45,-33
124000145,171,105,66
124000146,43,61,-18
124000148,15,143,-128
124000149,1071,330,741
124000150,256,836,-580
124000151,894,239,655
124000152,742,891,-149
124000153,891,794,97
124000154,438,529,-91
124000155,1086,634,452
124000156,676,683,-7
124000169,208,733,-525
124000170,704,519,185
124000171,390,345,45
124000172,316,557,-241
124000173,955,214,741
124000174,427,570,-143
124000175,15,66,-51
124000176,65,40,25
124000177,14,24,-10
124000178,68,89,-21
124000190,9,55,-46
124000191,19,82,-63
124000192,938,705,233
124000193,132,1935,-1803
124000194,255,351,-96
124000195,432,671,-239
124000196,533,636,-103
124000197,33,36,-3
124000198,77,49,28
124000201,162,594,-432
124000202,644,252,392
124000203,837,159,678
124000204,1523,150,1373
124000205,124,233,-109
124000206,1298,236,1062
124000207,0,23,-23
124000209,248,148,100
124000210,1105,199,906
124000211,1227,3,1224
124000212,0,158,-158
124000213,928,75,853
124000214,742,240,502
124000215,666,28,638
124000216,5,160,-155
124000329,145,466,-321
124000338,133,256,-123
124000339,1918,110,1808
124000341,2374,113,2261
124000344,85,5,80
124000357,1209,2984,-1775
124000358,755,1871,-1116
124000359,1697,1128,569
124000360,1475,605,870
124000361,1872,974,898
124000362,1195,1907,-712
124000363,399,341,58
124000364,517,804,-287
124000365,553,839,-286
124000366,1710,697,1013
124000367,58,262,-204
124000368,511,907,-396
124000369,62,108,-46
124000370,59,501,-442
124000402,33,24,9
124000403,233,18,215
124000404,27,50,-23
124000405,1015,705,310
124000406,452,589,-137
124000407,4,30,-26
124000411,12,141,-129
124000412,429,2,427
124000413,90,94,-4
124000414,183,96,87
124000415,48,35,13
124000416,137,128,9
124000417,249,102,147
124000418,456,45,411
124000419,173,54,119
124000420,195,37,158
124000421,52,39,13
124000422,19,29,-10
124000423,174,54,120
124000424,4,16,-12
124000425,45,16,29
124000426,11,38,-27
124000427,52,9,43
124000428,7,133,-126
124000429,108,38,70
124000430,935,477,458
124000431,330,547,-217
124000432,356,571,-215
124000439,5,0,5
124000442,18,39,-21
124000443,0,5,-5
124000445,37,988,-951
124000446,224,63,161
124900001,974,346,628
124900002,335,232,103
124900003,1419,382,1037
124900004,1181,228,953
124900005,428,84,344
124900006,1112,192,920
124900008,777,506,271
124900009,159,833,-674
124900010,352,289,63
124900011,1290,426,864
124900012,915,233,682
124900013,664,126,538
124900014,489,65,424
124900015,218,697,-479
124900016,156,229,-73
124900017,543,2990,-2447
124900018,171,11,160
124900019,517,17,500
124900020,181,115,66
124900021,486,91,395
124900022,51,12,39
124900024,392,4,388
124900026,80,29,51
124900027,144,607,-463
124900028,418,145,273
124900029,27,708,-681
124900030,9,163,-154
124900031,76,341,-265
124900032,310,166,144
124900033,104,254,-150
124900034,7,120,-113
124900035,211,408,-197
124900036,3,74,-71
124900037,194,252,-58
124900038,153,164,-11
124900039,4,84,-80
124900040,223,132,91
124900041,260,307,-47
124900042,42,2,40
124900043,538,301,237
124900044,146,7,139
124900045,393,1024,-631
124900046,705,291,414
124900047,93,242,-149
124900048,275,94,181
124900050,191,93,98
124900052,144,450,-306
124900053,272,181,91
124900054,561,632,-71
124900055,0,139,-139
124900057,2,25,-23
124900060,41,146,-105
124900061,159,4,155
124900062,280,11,269
124900066,0,6,-6
124900067,1,71,-70
124900068,230,1226,-996
124900069,71,239,-168
124900070,118,51,67
124900072,202,57,145
124900074,485,144,341
124900075,497,161,336
124900076,17,2376,-2359
124900077,13,69,-56
124900078,103,25,78
124900079,248,236,12
124900080,400,229,171
124900081,1465,211,1254
124900082,322,267,55
124900083,225,338,-113
124900084,682,99,583
124900085,380,523,-143
124900086,56,1479,-1423
124900087,179,132,47
124900088,115,72,43
124900089,507,13,494
124900090,817,321,496
124900091,508,208,300
124900092,502,153,349
124900093,702,246,456
124900094,955,381,574
124900095,171,740,-569
124900096,385,368,17
124900097,707,89,618
124900098,228,405,-177
124900099,325,854,-529
124900100,478,51,427
124900101,42,246,-204
124900102,347,16,331
124900103,190,99,91
124900104,63,126,-63
124900105,108,127,-19
124900106,501,36,465
124900107,156,80,76
124900108,200,158,42
124900109,80,130,-50
124900110,690,139,551
124900111,0,76,-76
124900112,121,296,-175
129000186,156,117,39
204000001,60,6,54
204000002,3,11,-8
204000003,39,10,29
204000004,5,0,5
204000005,505,343,162
204000006,931,972,-41
204000008,528,306,222
204000011,8,25,-17
204000012,120,74,46
204000013,1,35,-34
204000019,1129,282,847
204000020,968,683,285
204000021,1204,708,496
204000022,1147,435,712
204000023,655,277,378
204000031,12,6,6
204000032,199,54,145
204000034,34,120,-86
204000035,0,1,-1
204000036,6,23,-17
204000037,1,17,-16
204000038,2,23,-21
204000039,6,12,-6
204000040,28,18,10
204000041,12,20,-8
204000042,47,22,25
204000043,45,10,35
204000044,47,2,45
204000045,74,6,68
204000046,7,2,5
204000057,11,18,-7
204000062,10,10,0
204000068,10,479,-469
204000069,28,468,-440
204000070,55,28,27
204000080,70,47,23
204000085,1383,1409,-26
204000086,1527,1085,442
204000087,50,11,39
204000088,7,66,-59
204000090,28,176,-148
204000093,692,68,624
204000096,1412,719,693
204000097,697,9,688
204000099,1100,1953,-853
204000100,2258,1321,937
204000105,1296,856,440
204000110,263,717,-454
204000111,561,501,60
204000112,433,817,-384
204000113,306,664,-358
204000114,1046,971,75
204000115,855,475,380
204000116,479,822,-343
204000119,2288,1608,680
204000132,595,359,236
204000133,717,115,602
204000134,209,87,122
204000135,547,45,502
204000136,421,148,273
204000138,339,441,-102
204000140,185,111,74
204000141,117,47,70
204000144,2,22,-20
204000145,503,52,451
204000146,17,234,-217
204000147,15,170,-155
204000148,115,31,84
204000154,11,2,9
204000155,4,3,1
204000177,55,38,17
204000179,85,16,69
204000180,1,16,-15
204000222,9,5,4
204000235,35,30,5
204000236,64,158,-94
204000238,26,33,-7
204000240,268,76,192
204000308,152,14,138
204000317,7,85,-78
204000322,9,59,-50
204000323,14,11,3
204000328,254,73,181
204000329,25,174,-149
204000330,117,12,105
204000331,53,58,-5
204010341,5,168,-163
205000001,480,776,-296
205000013,14,58,-44
205000014,29,83,-54
205000015,43,78,-35
205000016,21,81,-60
205000017,41,62,-21
205000022,155,557,-402
205000025,1063,634,429
205000029,349,11,338
205000045,103,545,-442
205000047,78,239,-161
205000048,417,330,87
205000049,132,398,-266
205000050,572,226,346
205000059,0,163,-163
205000060,0,158,-158
205000061,6,332,-326
205000062,1,555,-554
205000063,14,495,-481
205000064,30,96,-66
205000065,136,524,-388
205000066,107,275,-168
205000067,80,454,-374
205000069,155,18,137
205000082,132,216,-84
205000110,67,100,-33
205000111,155,123,32
205000112,156,143,13
205000113,136,157,-21
205000121,175,42,133
205000123,52,169,-117
205000126,595,85,510
205000127,807,94,713
205000128,463,46,417
205000129,791,50,741
205000130,76,16,60
205000131,24,15,9
205000132,42,27,15
205000133,49,1,48
205000134,295,2,293
205000137,91,67,24
205000138,129,215,-86
205000139,45,101,-56
205000144,69,80,-11
205000145,294,228,66
205000151,160,40,120
205000152,156,21,135
205000153,263,28,235
205000154,104,43,61
205000155,140,9,131
205000207,5,102,-97
205000233,8,0,8
205000234,0,1,-1
205000243,0,10,-10
205000244,0,7,-7
205000245,3,145,-142
205000249,2,25,-23
205000250,1,3,-2
205000251,208,266,-58
205000264,11,57,-46
206000027,5,4,1
206000028,4,7,-3
206000043,5,48,-43
206000053,4,6,-2
206000054,4,27,-23
206000055,0,13,-13
206000075,35,26,9
206000076,16,15,1
206000077,31,6,25
206000078,20,10,10
206000079,23,12,11
206000082,337,110,227
206000100,20,516,-496
206000103,7,5,2
206000104,13,7,6
206000105,7,3,4
206000106,1,22,-21
206000108,604,71,533
206000125,93,0,93
206000157,24,412,-388
206000170,1,101,-100
206000171,4,184,-180
206000172,28,132,-104
206000173,3,110,-107
206000174,35,46,-11
206000175,1,26,-25
206000176,24,62,-38
206000177,3,33,-30
206000178,0,127,-127
206000179,1,142,-141
206000180,3,116,-113
206000181,10,39,-29
206000182,10,33,-23
206000183,2,102,-100
206000184,6,107,-101
206000185,5,41,-36
206000186,83,258,-175
206000223,8,220,-212
206000226,26,2,24
206000227,70,2,68
206000237,27,109,-82
206000238,55,168,-113
206000239,159,1261,-1102
206000240,0,42,-42
206000241,0,79,-79
206000242,12,104,-92
206000243,3,65,-62
206000244,60,180,-120
206000245,1326,72,1254
206000246,449,15,434
206000247,492,9,483
206000248,636,46,590
206000252,73,36,37
206000258,9,41,-32
206000315,67,9,58
206000317,644,190,454
206000318,856,92,764
206000319,2728,140,2588
206000320,580,43,537
206000321,548,13,535
206000322,915,19,896
206000323,284,14,270
206000324,342,10,332
206000325,333,12,321
206000326,282,33,249
206000327,35,10,25
206000328,286,7,279
206000329,477,9,468
206000330,57,7,50
206000331,441,11,430
206000332,95,4,91
206000333,1282,4,1278
206000334,526,2,524
206000335,0,15,-15
206000361,3,125,-122
206000392,0,10,-10
206000405,142,10,132
206000441,119,25,94
206000498,52,1,51
206000515,63,59,4
206000530,423,92,331
206000531,245,534,-289
206000532,1259,856,403
206000535,112,3993,-3881
206000536,15,99,-84
206000537,11,143,-132
206000613,1217,276,941
207000001,124,370,-246
207000002,90,394,-304
207000003,128,154,-26
207000007,1632,226,1406
207000008,183,11,172
207000009,94,35,59
207000010,251,228,23
207000012,555,234,321
207000015,258,419,-161
207000019,247,74,173
207000021,399,220,179
207000022,221,169,52
207000023,321,64,257
207000024,6,35,-29
207000025,30,97,-67
207000026,70,41,29
207000027,21,67,-46
207000028,55,104,-49
207000029,111,319,-208
207000033,253,411,-158
207000034,396,108,288
207000039,718,95,623
207000040,627,80,547
207000041,182,41,141
207000042,285,78,207
207000043,267,152,115
207000051,112,165,-53
207000052,14,114,-100
207000053,266,278,-12
207000054,54,76,-22
207000055,180,70,110
207000056,245,135,110
207000057,138,161,-23
207000058,165,153,12
207000059,101,153,-52
207000060,51,108,-57
207000061,93,822,-729
207000062,576,30,546
207000063,598,49,549
207000064,379,134,245
207000065,388,206,182
207000066,400,183,217
207000067,71,72,-1
207000068,127,43,84
207000069,782,292,490
207000082,13,86,-73
207000083,87,171,-84
207000084,522,243,279
207000085,294,35,259
207000086,414,7,407
207000106,57,31,26
207000107,120,13,107
207000108,78,10,68
207000109,91,5,86
207000110,42,53,-11
207000111,95,119,-24
207000112,99,1077,-978
207000114,30,19,11
207000115,42,39,3
207000116,28,371,-343
207000117,13,78,-65
207000118,6,27,-21
207000119,26,19,7
207000123,244,7,237
207000124,76,20,56
207000125,60,22,38
207000126,50,26,24
207000134,141,92,49
207000135,32,103,-71
207000148,93,424,-331
207000149,50,24,26
207000152,82,368,-286
207000153,205,728,-523
207000154,298,150,148
207000159,127,189,-62
207000160,219,162,57
207000238,0,98,-98
207000242,4,50,-46
207000248,20,14,6
207000249,117,11,106
207000250,317,96,221
207000251,64,108,-44
207000252,34,29,5
207000278,159,110,49
207000279,25,67,-42
207000280,1173,126,1047
207000281,152,226,-74
207000282,51,317,-266
207000283,30,167,-137
207000284,18,641,-623
207000285,43,91,-48
207000291,10,65,-55
207000304,111,59,52
207000306,69,267,-198
207000310,101,71,30
207000353,93,0,93
207000356,17,129,-112
207000357,4,30,-26
207000415,9,97,-88
207000417,83,11,72
207000437,0,1,-1
207000439,463,427,36
207000446,227,2,225
207000460,75,6,69
207000466,175,59,116
207000467,0,1,-1
207000468,0,8,-8
207000476,4,15,-11
207000477,976,24,952
207000523,0,3,-3
207000524,21,0,21
207000527,196,141,55
207000530,629,4,625
207000531,411,5,406
207000532,143,25,118
207000534,158,36,122
207000535,15,310,-295
207000537,19,33,-14
207000540,9,107,-98
207000541,4,145,-141
207000548,4,90,-86
207000549,294,5,289
207000561,258,209,49
207000562,29,98,-69
207000567,88,147,-59
207000568,327,21,306
207000569,981,190,791
207000584,71,136,-65
207000585,53,221,-168
207000616,0,26,-26
207000617,192,0,192
207000628,0,0,0
207900008,313,66,247
208000001,481,1102,-621
208000002,681,674,7
208000003,766,418,348
208000004,740,666,74
208000005,2,18,-16
208000019,1002,501,501
208000020,306,264,42
208000021,334,225,109
208000022,1089,430,659
208000028,994,1348,-354
208000033,651,313,338
208000034,1003,1806,-803
208000040,218,87,131
208000041,888,576,312
208000042,1302,503,799
208000047,215,145,70
208000064,1807,1638,169
208000066,1166,2015,-849
208000070,508,328,180
208000071,701,334,367
208000072,457,667,-210
208000080,371,443,-72
208000081,452,113,339
208000082,369,104,265
208000083,172,157,15
208000084,21,10,11
208000085,689,318,371
208000086,432,870,-438
208000087,361,650,-289
208000089,1095,280,815
208000090,998,372,626
208000093,49,92,-43
208000094,446,351,95
208000095,915,455,460
208000104,1361,433,928
208000105,892,657,235
208000114,93,341,-248
208000115,622,359,263
208000116,1010,1126,-116
208000117,69,77,-8
208000118,123,163,-40
208000155,535,1044,-509
208000158,1582,3045,-1463
208000186,1147,2683,-1536
208000204,894,1153,-259
208000205,1831,754,1077
208000282,1160,2009,-849
209000004,616,225,391
209000005,43,46,-3
209000006,443,265,178
209000007,417,559,-142
209000010,339,205,134
209000011,142,305,-163
209000012,102,121,-19
209000013,298,190,108
209000014,498,588,-90
209000025,502,99,403
209000026,986,113,873
209000027,275,326,-51
209000028,248,283,-35
209000029,333,1042,-709
209000030,352,1254,-902
209000031,2418,1310,1108
209000034,276,269,7
209000035,196,286,-90
209000036,357,132,225
209000037,411,253,158
209000038,202,163,39
209000039,70,135,-65
209000040,331,446,-115
209000041,209,243,-34
209000042,364,215,149
209000043,676,556,120
209000044,280,724,-444
209000045,629,276,353
209000046,564,366,198
209000047,285,191,94
209000048,557,561,-4
209000049,94,34,60
209000050,156,62,94
209000051,242,107,135
209000052,171,106,65
209000062,79,26,53
209000063,67,51,16
209000064,50,30,20
209000065,201,39,162
209000066,158,21,137
209000067,232,38,194
209000080,36,163,-127
209000082,120,43,77
209000091,32,80,-48
209000093,40,14,26
209000094,28,136,-108
209000110,36,156,-120
209000111,709,2005,-1296
209000112,1526,621,905
209000113,2076,874,1202
209000114,1043,693,350
209000115,41,59,-18
209000116,281,170,111
209000118,21,62,-41
209000119,5,17,-12
209000121,87,331,-244
209000135,60,156,-96
209000142,516,2490,-1974
209000143,47,49,-2
209000144,85,268,-183
209000229,134,134,0
209000240,50,180,-130
209000259,44,36,8
209000260,60,1219,-1159
209000261,17,751,-734
209000262,4,203,-199
209000263,0,265,-265
209000264,1,308,-307
209000265,385,1,384
209000266,139,1,138
209000267,1881,10,1871
209000268,416,87,329
210000037,119,56,63
210000047,119,16,103
210000048,191,30,161
210000049,78,5,73
210000052,120,61,59
210000053,58,23,35
210000054,18,72,-54
210000070,224,7,217
210000071,190,0,190
210000072,46,0,46
210000073,0,31,-31
210000074,0,124,-124
210000075,0,232,-232
210000076,17,248,-231
210000077,5,144,-139
210000078,39,142,-103
210000079,6,28,-22
210000080,58,174,-116
210000081,197,21,176
210000082,35,0,35
210000083,52,2,50
210000084,84,0,84
210000085,5,70,-65
210000086,2,71,-69
210000099,81,186,-105
210000100,87,137,-50
210000101,99,173,-74
210000105,22,308,-286
210000159,1,294,-293
210000163,62,315,-253
210000164,231,319,-88
210000168,264,69,195
210000187,1,54,-53
210000188,0,33,-33
210000214,9,0,9
210000219,100,76,24
210000220,179,30,149
210000232,2,14,-12
210000233,47,42,5
210000234,63,78,-15
210000235,117,47,70
210000245,1,162,-161
210000246,6,1,5
210000258,26,102,-76
210000259,261,38,223
210000282,60,198,-138
210000285,1,155,-154
210000286,22,166,-144
210000295,59,199,-140
210000296,78,56,22
210000320,329,43,286
210000321,205,22,183
210000338,47,89,-42
210000339,176,994,-818
210000340,187,306,-119
210000341,229,272,-43
210000342,327,178,149
210000343,160,166,-6
210000344,104,211,-107
210000345,145,294,-149
210000346,61,155,-94
210000347,73,67,6
210000348,114,42,72
210000349,46,27,19
210000350,151,67,84
210000351,195,44,151
210000352,48,35,13
210000353,35,30,5
210000354,53,34,19
210000355,30,96,-66
210000356,31,89,-58
210000357,38,103,-65
210000358,189,206,-17
210000359,73,192,-119
210000360,198,240,-42
210000361,181,172,9
210000362,225,300,-75
210000363,371,322,49
210000364,163,204,-41
210000365,161,89,72
210000366,194,57,137
210000367,117,30,87
210000368,144,53,91
210000369,20,169,-149
210000370,59,169,-110
210000372,10,21,-11
210000373,6,56,-50
210000374,56,61,-5
210000375,30,21,9
210000376,70,111,-41
210000404,35,133,-98
210000439,84,23,61
210000472,20,0,20
210000482,33,193,-160
210000564,168,317,-149
210000568,190,3,187
211000092,62,22,40
211000094,63,5,58
211000169,188,16,172
211000172,18,104,-86
211000209,0,99,-99
211000275,10,14,-4
211000276,176,21,155
211000279,25,22,3
211000281,134,14,120
211507980,1,43,-42
211977296,41,2,39
212000003,152,34,118
212000004,5,59,-54
212000005,19,46,-27
212000006,31,69,-38
212000008,288,187,101
212000009,54,90,-36
212000012,125,37,88
212000013,32,54,-22
212000014,379,90,289
212000015,286,167,119
212000016,634,437,197
212000027,441,275,166
212000028,369,266,103
212000029,202,171,31
212000030,75,23,52
212000031,80,36,44
212000048,41,426,-385
212000049,17,272,-255
212000050,29,13,16
212000051,292,110,182
212000052,280,106,174
212000053,277,230,47
212000054,539,60,479
212000055,331,102,229
212000056,16,45,-29
212000057,10,21,-11
212000058,179,40,139
212000070,131,107,24
212000077,124,202,-78
212000099,410,205,205
212000108,200,94,106
212000111,285,85,200
212000120,162,72,90
212000138,191,34,157
212000156,1,33,-32
212000158,5,25,-20
212000159,701,35,666
212000160,753,128,625
212000161,58,6,52
212000310,86,21,65
212000311,23,54,-31
212000374,58,14,44
213000001,38,427,-389
213000005,671,182,489
213000006,759,352,407
213000007,51,18,33
213000009,367,230,137
213000010,354,204,150
213000011,190,102,88
213000012,233,183,50
213000014,72,34,38
213000015,314,23,291
213000016,439,1,438
213000017,98,0,98
213000018,0,23,-23
213000019,3,92,-89
213000020,139,144,-5
213000021,2,45,-43
213000023,469,260,209
213000033,400,1314,-914
213000034,474,211,263
213000035,142,289,-147
213000045,299,294,5
213000046,179,167,12
213000047,334,896,-562
213000056,172,13,159
213000069,129,15,114
213000073,0,55,-55
213000074,283,591,-308
213000075,635,5,630
213000085,4,34,-30
213000086,24,116,-92
213000091,359,9,350
213000092,33,20,13
213000099,180,1339,-1159
213000100,761,254,507
213000101,727,65,662
213000102,768,120,648
213000103,770,615,155
213000104,45,276,-231
213000105,94,1777,-1683
213000106,11,76,-65
213000107,117,182,-65
213000108,44,211,-167
213000109,2,127,-125
213000110,10,97,-87
213000111,6,71,-65
213000112,45,94,-49
213000115,72,1,71
213000116,76,432,-356
213000117,10,520,-510
213000118,1004,289,715
213000119,45,399,-354
213000120,111,189,-78
213000122,210,309,-99
213000123,201,404,-203
213000124,261,814,-553
213000125,226,46,180
213000126,57,138,-81
213000127,30,302,-272
213000128,70,1213,-1143
213000129,145,987,-842
213000130,1268,384,884
213000132,843,132,711
213000133,1203,77,1126
213000134,1636,16,1620
213000136,622,19,603
213000137,758,54,704
213000139,98,24,74
213000147,39,10,29
213000148,15,9,6
213000149,42,19,23
213000150,0,346,-346
213000151,1,126,-125
213000152,0,146,-146
213000153,5,165,-160
213000154,65,350,-285
213000155,38,198,-160
213000156,104,258,-154
213000157,976,244,732
213000158,648,599,49
213000159,1083,276,807
213000163,1937,164,1773
213000165,1061,351,710
213000171,2,18,-16
213000172,1,98,-97
213000173,0,102,-102
213000174,5,77,-72
213000175,23,75,-52
213000176,467,47,420
213000177,293,10,283
213000178,288,4,284
213000179,322,0,322
213000180,286,0,286
213000184,127,452,-325
213000188,566,70,496
213000189,878,33,845
213000190,727,510,217
213000191,671,243,428
213000192,357,98,259
213000193,508,245,263
213000194,0,106,-106
213000195,33,260,-227
213000196,199,1289,-1090
213000197,688,688,0
213000198,63,3,60
213000200,86,482,-396
213000201,21,58,-37
213000202,16,519,-503
213000203,1784,364,1420
213000204,1087,29,1058
213000205,716,63,653
213000206,518,37,481
213000207,83,12,71
213000208,53,4,49
213000209,113,5,108
213000210,184,2,182
213000211,5,17,-12
213000212,25,46,-21
213000213,13,47,-34
213000218,374,331,43
213000219,1017,30,987
213000220,1092,16,1076
213000223,188,217,-29
213000224,14,52,-38
213000225,97,20,77
213000226,52,28,24
213000227,1330,154,1176
213000228,689,82,607
213000229,76,21,55
213000230,534,12,522
213000232,61,146,-85
213000233,9,386,-377
213000234,4,87,-83
213000293,15,41,-26
213000294,68,43,25
213000295,31,82,-51
213000296,28,12,16
213000297,2,95,-93
213000298,20,52,-32
213000299,55,15,40
213000300,4,6,-2
213000303,2,11,-9
213000304,2,5,-3
213000305,3,40,-37
213000306,48,214,-166
213000307,55,144,-89
213000308,81,144,-63
213000309,170,42,128
213000310,415,230,185
213000311,122,944,-822
213000315,115,150,-35
213000316,299,53,246
213000322,143,45,98
213000323,161,110,51
213000324,200,39,161
213000325,263,59,204
213000326,204,28,176
213000327,255,32,223
213000328,140,68,72
213000329,294,43,251
213000340,181,205,-24
213000341,962,67,895
213000347,257,630,-373
213000348,6,526,-520
213000349,6,28,-22
213000350,227,944,-717
213000366,85,163,-78
213000367,431,4,427
213000379,53,378,-325
213000386,32,66,-34
213000406,176,132,44
213000417,1814,532,1282
213000425,386,73,313
213000426,253,65,188
213000427,99,75,24
213000428,62,78,-16
213000429,7,6,1
213000430,100,309,-209
213000431,21,8,13
213000432,4,56,-52
213000433,27,56,-29
213000434,143,122,21
213000435,187,116,71
213000436,82,28,54
213000437,9,12,-3
213000438,180,61,119
213000439,73,13,60
213000440,35,186,-151
213000441,0,1,-1
213000442,29,19,10
213000443,437,337,100
213000444,73,28,45
213000445,0,71,-71
213000446,0,51,-51
213000447,3,75,-72
213000448,28,231,-203
213000449,1051,7,1044
213000450,38,44,-6
213000451,460,75,385
213000452,20,19,1
213000453,36,211,-175
213000455,150,34,116
213000456,3,176,-173
213000481,5,1,4
213000484,44,3,41
213000489,227,81,146
213900002,2,174,-172
213900003,65,5,60
213900013,2,65,-63
213900015,0,26,-26
213900016,16,8,8
213900020,37,37,0
213900030,0,35,-35
213900032,138,250,-112
213900033,206,63,143
213900034,808,63,745
213900035,332,125,207
213900036,188,75,113
213900037,45,197,-152
213900038,797,117,680
213900039,0,14,-14
213900041,10,172,-162
213900042,176,336,-160
213900043,391,108,283
213900244,87,0,87
213900245,0,13,-13
218000003,19,15,4
218000004,29,28,1
218000005,15,42,-27
218000006,86,71,15
218000007,4,18,-14
218000012,189,131,58
218000013,272,212,60
218000014,494,345,149
218000019,405,553,-148
218000020,302,354,-52
218000021,29,45,-16
218000022,23,8,15
218000023,5,9,-4
218000024,2,3,-1
218000025,4,15,-11
218000026,12,20,-8
218000027,0,5,-5
218000028,1,2,-1
218000029,4,2,2
218000030,9,13,-4
218000031,6,14,-8
218000032,0,17,-17
218000039,30,34,-4
218000040,5,7,-2
218000046,73,83,-10
218000047,19,54,-35
218000048,66,46,20
218000049,31,45,-14
218000050,251,85,166
218000051,52,92,-40
218000052,0,25,-25
218000053,6,9,-3
218000054,1,79,-78
218000055,6,31,-25
218000056,12,37,-25
218000057,7,25,-18
218000064,3,30,-27
218000065,181,76,105
218000066,18,49,-31
218000067,120,52,68
218000068,135,81,54
218000069,375,112,263
218000070,256,220,36
218000071,238,187,51
218000072,180,314,-134
218000078,1337,279,1058
218000079,336,128,208
218000080,283,66,217
218000081,1017,172,845
218000082,134,84,50
218000083,137,78,59
218000084,294,83,211
218000085,255,169,86
218000086,102,93,9
218000087,339,80,259
218000090,22,121,-99
218000091,884,293,591
218000092,185,81,104
218000093,83,52,31
218000094,296,262,34
218000099,332,878,-546
218000100,549,453,96
218000101,409,216,193
218000102,767,207,560
218000103,130,145,-15
218000104,188,30,158
218000105,65,45,20
218000106,11,7,4
218000107,122,27,95
218000108,6,25,-19
218000112,206,104,102
218000117,165,213,-48
218000134,730,261,469
218000135,15,44,-29
218000136,177,83,94
218000137,202,74,128
218000138,67,115,-48
218000139,233,242,-9
218000140,655,213,442
218000141,134,114,20
218000142,179,115,64
218000143,63,319,-256
218000144,27,171,-144
218000145,688,376,312
218000146,250,272,-22
218000151,2,29,-27
218000152,112,46,66
218000153,9,8,1
218000154,9,2,7
218000155,86,2,84
218000156,120,19,101
218000157,56,22,34
218000158,29,10,19
218000159,2,7,-5
218000160,5,2,3
218000161,75,11,64
218000162,72,4,68
218000163,19,2,17
218000164,103,2,101
218000165,127,56,71
218000170,7,39,-32
218000171,78,12,66
218000172,24,10,14
218000173,25,33,-8
218000174,29,41,-12
218000176,345,52,293
218000177,531,193,338
218000178,92,248,-156
218000179,223,76,147
218000180,162,15,147
218000181,326,51,275
218000187,27,75,-48
218000188,33,38,-5
218000189,36,78,-42
218000190,43,25,18
218000191,286,31,255
218000192,414,185,229
218000193,641,290,351
218000194,265,267,-2
218000195,197,49,148
218000196,463,305,158
218000197,863,233,630
218000198,37,67,-30
218000199,49,17,32
218000200,71,39,32
218000201,23,11,12
218000202,50,343,-293
218000207,1,12,-11
218000208,25,20,5
218000211,23,29,-6
218000212,2,4,-2
218000213,126,118,8
218000214,2,37,-35
218000215,60,24,36
218000217,3,41,-38
218000218,150,43,107
218000219,10,91,-81
218000220,44,825,-781
218000221,399,217,182
218000222,2,62,-60
218000223,77,721,-644
218000224,24,269,-245
218000225,224,47,177
218000226,250,107,143
218000230,1,4,-3
218000232,77,79,-2
218000234,21,6,15
218000239,149,8,141
218000240,5,3,2
218000241,25,0,25
218000242,12,2,10
218000243,3,6,-3
218000244,19,6,13
218000245,35,5,30
218000246,0,1,-1
218000247,0,0,0
218000248,1,11,-10
218000249,0,4,-4
218000250,6,52,-46
218000251,4,32,-28
218000252,3,155,-152
218000253,0,84,-84
218000254,0,23,-23
218000255,0,12,-12
218000256,4,44,-40
218000267,159,525,-366
218000268,13,36,-23
218000269,2,19,-17
218000270,35,41,-6
218000271,6,14,-8
218000273,59,0,59
218000274,19,7,12
218000275,35,41,-6
218000276,20,13,7
218000278,3,74,-71
218000279,29,33,-4
218000280,4,11,-7
218000281,15,18,-3
218000282,377,323,54
218000284,55,10,45
218000301,122,139,-17
218000302,87,62,25
218000303,9,45,-36
218000316,1021,571,450
218000317,1727,599,1128
218000318,1231,348,883
218000319,1473,569,904
218000320,1514,524,990
218000338,18,97,-79
218000339,20,11,9
218000342,85,30,55
218000343,105,18,87
218000345,20,23,-3
218000346,12,165,-153
218000353,51,2,49
218000354,67,37,30
218000459,23,140,-117
218000490,17,78,-61
218000501,173,49,124
218000502,118,43,75
218000503,222,16,206
218000504,146,43,103
218000505,74,96,-22
218000506,33,170,-137
218000508,1,4,-3
218000510,122,38,84
218000520,151,164,-13
218000521,0,10,-10
218000522,0,230,-230
218000523,136,1,135
218000524,10,717,-707
218000525,95,21,74
218000526,27,380,-353
218000529,3,11,-8
218000530,37,3,34
218000531,23,37,-14
218000532,61,15,46
218000534,77,6,71
218000537,5,73,-68
218000538,96,317,-221
218000539,81,16,65
218000540,91,72,19
218000543,161,37,124
218000544,37,30,7
218000545,120,80,40
218000546,66,24,42
218000547,158,236,-78
218000548,124,89,35
218000549,679,402,277
218000550,184,179,5
218000551,58,509,-451
218000552,230,191,39
218000553,11,43,-32
218000554,13,43,-30
218000555,18,21,-3
218000556,94,136,-42
218000557,495,73,422
218000558,52,1,51
218000559,0,57,-57
218000560,0,31,-31
218000561,7,0,7
218000562,26,163,-137
218000563,201,15,186
218000564,4,134,-130
218000565,96,118,-22
218000566,110,28,82
218000567,0,88,-88
218000568,6,1,5
218000569,2,381,-379
218000570,9,15,-6
218000571,2,97,-95
218000572,97,4,93
218000573,5,171,-166
218000574,34,36,-2
218000575,116,1,115
218000576,0,65,-65
218000577,114,5,109
218000578,4,206,-202
218000579,19,17,2
218000581,4,25,-21
218000582,54,11,43
218000583,4,0,4
218000584,0,33,-33
218000585,57,10,47
218000586,16,59,-43
218000587,0,8,-8
218000588,0,2,-2
218000589,0,3,-3
218000590,2,0,2
218000591,2,3,-1
218000592,9,0,9
218000593,0,2,-2
218000594,0,1,-1
218000595,0,0,0
218000596,0,0,0
218000597,0,0,0
218000598,1,3,-2
218000599,0,0,0
218000600,0,2,-2
218000601,0,0,0
218000602,0,6,-6
218000603,1,5,-4
218000604,10,1,9
218000605,0,28,-28
218000606,76,2,74
218000607,11,54,-43
218000608,96,25,71
218000609,3,26,-23
218000610,124,7,117
218000611,66,0,66
218000612,13,36,-23
218000613,55,1,54
218000614,2,78,-76
218000615,198,11,187
218000616,2,148,-146
218000617,10,1,9
218000618,0,24,-24
218000619,67,25,42
218000620,11,46,-35
218000621,0,10,-10
218000622,0,74,-74
218000623,34,3,31
218000624,0,103,-103
218000625,0,4,-4
218000626,0,42,-42
218000628,175,69,106
218000631,4,3,1
218000632,1,146,-145
218000633,68,2,66
218000634,2,18,-16
218000635,11,13,-2
218000636,892,477,415
218000637,1009,276,733
218000638,319,36,283
218000639,40,56,-16
218000640,486,19,467
218000641,77,117,-40
218000652,58,14,44
218000653,299,94,205
218000663,0,4,-4
218000675,8,22,-14
218000676,7,15,-8
218000677,20,2,18
218000680,48,29,19
218000681,154,26,128
218000691,33,28,5
218000693,143,16,127
218000703,6,20,-14
218000718,41,240,-199
218000719,69,307,-238
218000720,1,172,-171
218000721,30,38,-8
218000725,4,8,-4
218001214,14,60,-46
218001329,9,15,-6
218001330,11,1,10
219000001,22,44,-22
219000002,36,83,-47
219000003,94,74,20
219000004,64,100,-36
219000017,73,93,-20
219000020,201,49,152
219000022,147,10,137
219000023,94,3,91
219000029,2,64,-62
219000034,36,51,-15
219000039,40,254,-214
219000040,41,85,-44
219000041,122,24,98
219000051,0,62,-62
219000052,0,46,-46
219000053,0,64,-64
219000054,265,471,-206
219000055,262,1,261
219000056,6,0,6
219000057,93,0,93
219000062,9,84,-75
219000063,91,25,66
219000064,0,17,-17
219000110,249,175,74
219000111,56,45,11
219000112,201,36,165
219000113,197,32,165
219000114,168,69,99
219000116,152,69,83
219000117,238,81,157
219000118,172,91,81
219000123,161,44,117
219000124,41,62,-21
219000125,15,14,1
219000126,42,96,-54
219000127,0,10,-10
219000128,23,129,-106
219000129,22,133,-111
219000130,212,603,-391
219000131,601,1142,-541
219000133,29,73,-44
219000134,23,41,-18
219000135,30,113,-83
219000136,107,212,-105
219000138,132,21,111
219000139,111,16,95
219000140,105,1,104
219000141,36,40,-4
219000142,23,42,-19
219000143,15,36,-21
219000145,17,48,-31
219000146,18,7,11
219000147,5,31,-26
219000148,13,11,2
219000149,34,42,-8
219000150,1,59,-58
219000151,2,18,-16
219000157,246,97,149
219000158,173,175,-2
219000161,176,6,170
219000163,918,344,574
219000166,132,209,-77
219000167,156,138,18
219000168,216,66,150
219000174,523,94,429
219000175,220,6,214
219000176,256,16,240
219000177,118,3,115
219000178,78,2,76
219000179,52,8,44
219000180,39,19,20
219000182,227,19,208
219000183,104,24,80
219000184,146,12,134
219000185,6,23,-17
219000186,76,19,57
219000187,14,57,-43
219000189,45,247,-202
219000190,46,218,-172
219000191,135,1849,-1714
219000192,165,225,-60
219000193,137,129,8
219000195,5,80,-75
219000196,2,126,-124
219000198,23,66,-43
219000199,53,189,-136
219000200,84,124,-40
219000201,42,154,-112
219000203,20,153,-133
219000204,66,331,-265
219000205,36,241,-205
219000207,64,251,-187
219000209,39,40,-1
219000210,10,151,-141
219000213,19,156,-137
219000239,216,174,42
219000240,202,431,-229
219000241,200,116,84
219000242,67,160,-93
219000243,69,192,-123
219000244,25,48,-23
219000245,17,58,-41
219000246,35,54,-19
219000247,162,53,109
219000248,394,671,-277
219000249,166,145,21
219000250,235,148,87
219000251,634,288,346
219000252,368,115,253
219000253,333,60,273
219000255,159,169,-10
219000256,389,86,303
219000257,174,0,174
219000262,71,67,4
219000263,61,97,-36
219000267,6,42,-36
219000268,2,3,-1
219000269,1,0,1
219000270,22,0,22
219000271,239,10,229
219000278,0,11,-11
219000279,0,14,-14
219000283,0,32,-32
219000295,30,60,-30
219000296,89,187,-98
219000297,17,73,-56
219000298,66,34,32
219000299,425,63,362
219000300,29,92,-63
219000301,62,226,-164
219000302,21,123,-102
219000307,27,18,9
219000308,82,79,3
219000311,237,90,147
219000312,481,137,344
219000313,502,48,454
219000314,51,169,-118
219000315,396,28,368
219000316,682,85,597
219000317,144,20,124
219000320,3,80,-77
219000321,2,18,-16
219000323,6,44,-38
219000325,11,6,5
219000326,55,45,10
219000327,54,27,27
219000328,21,43,-22
219000329,199,97,102
219000330,36,40,-4
219000331,39,46,-7
219000332,157,87,70
219000333,56,6,50
219000335,80,1,79
219000337,36,2,34
219000338,38,1,37
219000344,23,61,-38
219000345,107,54,53
219000346,52,63,-11
219000348,170,95,75
219000349,74,105,-31
219000350,67,423,-356
219000351,0,1,-1
219000352,209,82,127
219000353,155,46,109
219000354,194,75,119
219000355,206,59,147
219000356,367,1844,-1477
219000363,98,100,-2
219000364,136,78,58
219000365,102,32,70
219000366,198,481,-283
219000368,335,601,-266
219000370,613,762,-149
219000371,17,19,-2
219000382,12,19,-7
219000383,196,1697,-1501
219000385,282,659,-377
219000386,600,1469,-869
219000387,0,22,-22
219000390,4,4,0
219000391,1,0,1
219000397,44,19,25
219000398,53,75,-22
219000401,11,103,-92
219000402,15,58,-43
219000403,77,250,-173
219000404,44,105,-61
219000407,2,6,-4
219000409,98,45,53
219000410,169,33,136
219000411,83,13,70
219000446,67,413,-346
219000447,0,8,-8
219000448,8,6,2
219000452,78,74,4
219000453,36,226,-190
219000454,141,425,-284
219000556,285,147,138
219000558,70,88,-18
219000590,41,226,-185
219000591,178,104,74
219000592,76,216,-140
219000595,7,8,-1
219000635,228,52,176
219000636,39,50,-11
219000657,22,16,6
219000658,34,175,-141
219000673,1,96,-95
219000676,1,23,-22
219000679,40,2,38
219000684,140,9,131
219000685,0,37,-37
219000686,0,2,-2
219000688,0,65,-65
219000689,12,268,-256
219000690,178,42,136
219000691,5,33,-28
219000692,31,1,30
219000693,17,9,8
219000694,79,1,78
219000695,34,3,31
219000698,16,2,14
219000699,0,52,-52
219000727,0,111,-111
219000728,53,2,51
219000770,46,0,46
219000771,0,34,-34
219001150,0,43,-43
219001151,2,5,-3
219001166,29,29,0
219001167,3,29,-26
220000001,36,109,-73
220000002,17,89,-72
220000003,289,151,138
220000004,301,270,31
220000005,558,1586,-1028
220000006,141,678,-537
220000007,420,200,220
220000008,356,363,-7
220000009,304,389,-85
220000010,119,53,66
220000011,441,4076,-3635
220000012,38,388,-350
220000014,197,87,110
220000015,49,323,-274
220000017,21,408,-387
220000018,6127,2156,3971
220000019,105,425,-320
220000020,494,166,328
220000021,774,136,638
220000022,1128,262,866
220000023,338,143,195
220000024,1012,548,464
220000025,780,1923,-1143
220000026,275,532,-257
220000027,11,156,-145
220000028,46,74,-28
220000029,13,64,-51
220000030,43,75,-32
220000031,630,407,223
220000064,16,1036,-1020
221000046,2,0,2
221000047,0,0,0
221000048,0,0,0
221000049,0,6,-6
221000050,13,0,13
221000055,56,39,17
221000057,89,6,83
221000068,210,95,115
221000069,367,40,327
221000070,320,21,299
221000071,122,4,118
221000072,353,3,350
221000073,163,24,139
221000074,1,12,-11
221000075,11,26,-15
221000076,8,20,-12
221000077,3,66,-63
221000081,5,4,1
221000082,59,2,57
221000083,6,12,-6
221000084,26,15,11
221000085,21,29,-8
221000086,19,76,-57
221000087,7,94,-87
221000088,6,116,-110
221000089,21,160,-139
221000090,63,468,-405
221000098,136,11,125
221000099,214,7,207
221000100,110,2,108
221000101,128,9,119
221000102,121,14,107
221000109,7,101,-94
221000110,0,50,-50
221000111,10,79,-69
221000112,7,69,-62
221000113,16,61,-45
221000114,8,73,-65
221000120,39,54,-15
221000121,18,93,-75
221000122,40,90,-50
221000123,0,9,-9
221000124,22,86,-64
221000155,203,35,168
221000156,2,73,-71
221000175,1,7,-6
221000176,0,7,-7
221000182,34,11,23
221000241,285,266,19
221000242,104,277,-173
221000243,300,219,81
221000244,193,349,-156
221000245,91,60,31
221000246,37,173,-136
221000247,80,76,4
221000248,154,88,66
221000267,46,832,-786
221000325,22,154,-132
221000331,10,55,-45
221000338,10,47,-37
221000378,262,48,214
221000381,46,27,19
222000282,0,2,-2
222000296,0,8,-8
222000568,446,33,413
222000569,227,79,148
222000570,220,69,151
222000571,568,44,524
222000577,16,64,-48
222000578,17,81,-64
222000579,12,70,-58
222000580,42,490,-448
222000599,0,55,-55
222000600,1,120,-119
222000601,5,388,-383
222000603,12,55,-43
222000604,2,82,-80
222000605,7,63,-56
222000606,1,21,-20
222000607,7,11,-4
222000608,15,23,-8
222000609,53,64,-11
222000616,575,51,524
222000617,11,36,-25
222000618,5,4,1
222000620,20,31,-11
222000621,37,73,-36
222000623,707,18,689
222000624,530,12,518
222000625,1050,46,1004
222000636,50,4,46
222000686,30,20,10
222000687,31,28,3
222001066,302,0,302
222001067,77,3,74
222001068,74,17,57
222001069,162,19,143
222001082,21,14,7
222001083,42,2,40
222001084,0,26,-26
222001085,0,237,-237
222001111,93,54,39
222001112,273,16,257
222001313,13,25,-12
222001314,1,106,-105
222001464,66,31,35
222001465,13,47,-34
222001484,164,70,94
222001485,31,70,-39
222001494,945,122,823
222001495,91,67,24
222001496,434,75,359
222001497,97,160,-63
222001502,21,57,-36
222001503,204,30,174
222001504,40,196,-156
222001505,457,12,445
222001506,38,305,-267
222001507,272,15,257
222001510,920,57,863
222001511,78,142,-64
222001514,866,176,690
222001515,110,313,-203
222001518,605,78,527
222001519,93,129,-36
222001527,143,82,61
222001528,39,152,-113
222001529,625,34,591
222001530,83,149,-66
222001533,156,142,14
222001534,606,53,553
222001535,304,348,-44
222001536,45,96,-51
222001537,553,64,489
222001538,49,324,-275
222001563,1316,165,1151
222001564,95,160,-65
222001568,208,208,0
222001576,1,8,-7
222001579,0,8,-8
222001583,3,61,-58
222001584,171,17,154
222001596,658,1682,-1024
222001597,1937,613,1324
222001626,0,43,-43
222001650,13,218,-205
222001651,32,471,-439
222001914,285,77,208
222001915,20,224,-204
222900004,453,253,200
222900009,177,393,-216
222900019,148,324,-176
222900024,33,18,15
222900025,8,7,1
225000001,469,118,351
225000002,716,176,540
225000003,818,76,742
225000004,511,245,266
225000005,78,79,-1
225000006,0,151,-151
225000007,897,895,2
225000010,324,15,309
225000011,224,1410,-1186
225000012,315,771,-456
225000013,148,83,65
225000014,668,104,564
225000015,71,93,-22
225000021,792,99,693
225000027,131,298,-167
225000032,760,108,652
225000042,67,435,-368
225000049,39,39,0
225000050,167,19,148
225000053,7,236,-229
225000058,578,197,381
225000067,171,84,87
225000068,97,145,-48
225000069,54,223,-169
225000070,95,170,-75
225000071,37,30,7
225000075,20,650,-630
225000076,25,79,-54
225000078,57,40,17
225000085,122,61,61
225000086,344,87,257
225000087,176,16,160
225000088,5,171,-166
225000089,49,778,-729
225000090,21,422,-401
225000091,152,77,75
225000092,38,34,4
225000093,226,148,78
225000094,11,79,-68
225000095,193,163,30
225000096,97,314,-217
225000098,945,246,699
225000099,535,107,428
225000100,538,141,397
225000104,106,273,-167
225000110,9,318,-309
225000111,197,598,-401
225000112,220,785,-565
225000113,184,455,-271
225000114,156,249,-93
225000115,926,487,439
225000116,329,159,170
225000117,595,314,281
225000118,1221,351,870
225000119,327,76,251
225000120,799,41,758
225000121,166,16,150
225000123,564,3,561
225000125,602,118,484
225000126,672,204,468
225000127,480,1708,-1228
225000128,427,940,-513
225000132,630,41,589
225000133,312,32,280
225000134,698,134,564
225000135,157,16,141
225000136,550,13,537
225000137,291,65,226
225000138,521,131,390
225000143,54,129,-75
225000144,1,206,-205
225000145,47,39,8
225000146,68,28,40
225000147,39,103,-64
225000148,13,84,-71
225000149,62,176,-114
225000151,20,98,-78
225000155,226,224,2
225000156,195,719,-524
225000157,383,219,164
225000158,86,118,-32
225000171,1,88,-87
225000180,12,0,12
225000181,0,26,-26
225000182,52,8,44
225000185,2,247,-245
225000187,63,313,-250
225000191,60,2,58
225000194,0,5,-5
225000208,1,51,-50
225000209,164,7,157
225000210,8,222,-214
225000217,1,34,-33
225000218,12,2,10
225000223,0,51,-51
225000224,49,1,48
225000225,2,22,-20
225000226,12,1,11
225000227,73,76,-3
225000228,9,11,-2
225000229,0,84,-84
225000230,5,0,5
225000231,0,32,-32
225000232,153,0,153
225000241,58,0,58
225000242,0,21,-21
225000249,0,0,0
225000250,85,390,-305
225000251,647,72,575
225000254,3,25,-22
225000256,1,117,-116
225000257,0,23,-23
226000042,176,228,-52
226000043,38,207,-169
226000044,116,331,-215
226000045,58,219,-161
226000046,586,75,511
226000047,451,135,316
226000048,441,107,334
226000049,319,240,79
226000070,0,15,-15
226000071,0,40,-40
226000072,0,8,-8
226000073,0,6,-6
226000074,0,9,-9
226000084,1,20,-19
226000085,3,15,-12
226000086,5,16,-11
226000087,0,35,-35
226000088,6,88,-82
226000090,76,152,-76
226000091,9,110,-101
226000092,5,37,-32
226000093,28,3,25
226000094,11,6,5
226000095,10,5,5
226000105,24,0,24
226000106,24,0,24
226000107,10,0,10
226000108,13,0,13
226000109,206,2,204
226000124,169,69,100
226000134,1053,567,486
226000135,1973,559,1414
226000136,734,476,258
226000137,6,124,-118
226000138,2,63,-61
226000139,0,30,-30
226000156,399,0,399
226000157,357,0,357
226000163,72,213,-141
226000202,10,160,-150
226000231,349,9,340
226000232,42,9,33
227000033,374,39,335
227000036,554,41,513
227000037,435,30,405
227000038,87,19,68
227000084,5,84,-79
227000085,1,46,-45
227000088,50,1,49
227000089,108,0,108
227000090,38,0,38
227000091,15,2,13
227000092,24,1,23
227000093,118,0,118
227000094,8,1,7
227000130,25,128,-103
227000131,10,91,-81
227000132,15,74,-59
227000133,5,66,-61
227000134,19,157,-138
227000152,0,2,-2
227000153,0,58,-58
227000154,0,28,-28
227000155,2,13,-11
227000156,0,31,-31
227000165,8,73,-65
227000196,574,114,460
227000199,590,229,361
227000230,9,111,-102
227000232,731,39,692
227000242,41,369,-328
227000243,345,49,296
227000245,9,192,-183
227000246,79,154,-75
227000247,496,39,457
227000248,113,42,71
227000249,20,39,-19
227000250,280,236,44
227000251,33,188,-155
227000252,46,86,-40
227000253,222,13,209
227000262,597,42,555
227000266,1709,38,1671
227000267,17,435,-418
227000282,7,52,-45
227000284,736,34,702
227000286,1,44,-43
227000291,2,266,-264
227000296,156,322,-166
227000484,151,13,138
227000485,21,607,-586
227000655,289,3,286
227000656,638,50,588
227000657,86,6,80
227000704,57,1,56
229000265,14,10,4
229000266,2,0,2
229000267,8,0,8
229000268,39,0,39
229000269,29,5,24
229000274,1,70,-69
229000275,0,34,-34
229000276,0,27,-27
229000277,2,4,-2
229000278,2,8,-6
229000295,26,9,17
229000296,13,8,5
229000297,13,17,-4
229000298,6,94,-88
229000320,22,17,5
229000321,17,34,-17
229000412,23,19,4
229000414,20,26,-6
229000415,5,2,3
229000416,2,1,1
229000417,4,2,2
229000419,53,216,-163
229000440,297,98,199
229000442,20,27,-7
229000443,9,1,8
229000444,0,19,-19
229000445,91,9,82
229000446,116,26,90
229000491,6,13,-7
229000492,14,28,-14
229000493,7,44,-37
229000494,55,2,53
229000495,111,5,106
229000496,74,10,64
229000507,0,43,-43
229000508,1,45,-44
229000509,0,59,-59
229000510,2,42,-40
229000511,4,28,-24
229000512,0,24,-24
229000513,0,6,-6
229000514,0,1,-1
229000517,17,5,12
229000518,12,4,8
229000519,0,4,-4
229000520,17,11,6
229000521,50,33,17
229000522,11,2,9
229000523,6,3,3
229000524,2,2,0
229000527,3,1,2
229000528,0,1,-1
229000529,16,0,16
229000530,55,3,52
229000531,53,0,53
229000532,14,0,14
229000533,50,2,48
229000534,47,2,45
229000564,89,2,87
229000565,35,0,35
229000566,1,5,-4
229000567,0,25,-25
229000582,89,5,84
229000583,4,3,1
229000584,0,9,-9
229000585,1,51,-50
229000718,0,4,-4
229000719,0,2,-2
229000720,0,4,-4
229000721,0,7,-7
229000722,0,7,-7
229000723,0,1,-1
229000724,0,14,-14
229000725,0,0,0
229000738,3,0,3
229000739,0,0,0
229000740,0,0,0
229000741,46,1,45
229000742,16,0,16
229000743,34,0,34
229000744,2,0,2
229000745,2,0,2
229000746,20,2,18
229000847,124,0,124
229000848,41,2,39
229000849,224,8,216
229000851,133,0,133
229000854,0,6,-6
229000856,0,13,-13
229000857,0,7,-7
229000858,0,12,-12
229000919,9,44,-35
229000930,0,211,-211
229000937,87,10,77
229000966,58,72,-14
229000981,12,25,-13
229000985,25,19,6
229000986,0,4,-4
229000987,0,2,-2
229000988,3,1,2
229000989,16,10,6
229000990,6,6,0
229000991,1,2,-1
229000992,14,5,9
229000993,157,16,141
229000998,26,25,1
229000999,70,11,59
229001034,0,16,-16
229001035,1,13,-12
229001036,7,26,-19
229001037,75,0,75
229001038,0,3,-3
229001039,2,0,2
229001040,0,49,-49
229001041,165,0,165
229001042,25,19,6
229001047,5,30,-25
229001050,55,26,29
229001168,0,27,-27
229001200,20,32,-12
229001338,2,16,-14
229001394,177,0,177
229001422,188,28,160
229001423,22,72,-50
229001431,56,55,1
229001432,29,72,-43
229001444,258,51,207
229001445,52,122,-70
229001479,43,1,42
229001503,379,78,301
229001504,125,95,30
229001505,151,30,121
229001506,62,69,-7
229001509,47,5,42
229001510,4,20,-16
229001545,121,1,120
229001546,13,33,-20
229001553,90,12,78
229001554,22,51,-29
229001630,101,5,96
229001631,20,21,-1
229001635,0,22,-22
229001636,0,2,-2
229001658,0,109,-109
229001659,59,1,58
229001660,6,10,-4
229001661,1,47,-46
229001662,26,0,26
229001663,0,6,-6
229002584,244,199,45
229002831,96,126,-30
229002841,14,17,-3
229002842,28,26,2
229002843,118,9,109
229002844,43,61,-18
229002845,15,77,-62
229002846,36,35,1
229002847,0,24,-24
229002848,23,23,0
229002849,2,60,-58
229002850,13,1,12
229002851,37,120,-83
229002852,218,26,192
229002853,174,18,156
229002854,54,47,7
229002855,4,23,-19
229002856,54,13,41
229002857,10,99,-89
229002858,28,8,20
229002859,27,92,-65
229002860,181,19,162
229002861,55,26,29
229002862,30,20,10
229002863,45,49,-4
229002864,31,17,14
229002865,11,9,2
229002866,32,15,17
229002867,2,31,-29
229002868,10,23,-13
229002869,21,70,-49
229002870,79,48,31
235000066,33,11,22
235000067,128,39,89
235000072,50,202,-152
235000073,16,80,-64
235000074,18,5,13
235000080,5,34,-29
235000081,53,71,-18
235000082,201,6,195
235000083,296,30,266
235000084,89,41,48
235000085,232,12,220
235000089,3,2,1
235000092,18,12,6
235000093,8,4,4
235000097,2,3,-1
235000098,80,2,78
235000099,3,2,1
235000115,36,28,8
235000116,14,9,5
235000117,261,20,241
235000133,17,404,-387
235000134,8,113,-105
235000206,5,73,-68
235000207,2,10,-8
235000208,0,0,0
235000209,0,0,0
235000210,5,3,2
235000212,1,17,-16
235000213,1,3,-2
235000220,1,4,-3
235000221,13,16,-3
235000238,14,172,-158
235000239,0,50,-50
235000242,341,1061,-720
235000245,265,116,149
235000246,11,38,-27
235000284,21,107,-86
235000295,60,20,40
235000305,311,31,280
235000306,555,14,541
235000307,21,5,16
235000308,20,0,20
235000309,85,3,82
235000310,51,0,51
235000311,203,6,197
235000322,0,61,-61
235000323,0,58,-58
235000324,0,8,-8
235000325,0,11,-11
235000326,6,44,-38
235000351,5,34,-29
235000352,17,62,-45
235000353,3,21,-18
235000354,18,34,-16
235000355,14,36,-22
235000356,96,4,92
235000357,56,2,54
235000358,32,6,26
235000359,10,6,4
235000360,55,12,43
235000361,46,13,33
235000381,82,25,57
235000382,267,54,213
235000390,6,7,-1
235000391,179,27,152
235000392,204,299,-95
235000393,178,177,1
235000395,140,78,62
235000396,759,48,711
235000399,124,40,84
235000400,149,89,60
235000401,13,72,-59
235000402,23,92,-69
235000405,103,82,21
235000406,44,77,-33
235000407,29,44,-15
235000409,88,26,62
235000410,7,20,-13
235000411,0,16,-16
235000485,0,4,-4
235000486,4,0,4
235000549,107,70,37
235000550,66,67,-1
235000599,102,20,82
235000600,0,17,-17
235000601,9,18,-9
235000602,35,12,23
235000614,1,5,-4
235000648,0,5,-5
235000649,25,4,21
235000685,0,4,-4
235000815,23,63,-40
235000834,0,11,-11
235000855,45,17,28
235000862,63,48,15
235000891,1,30,-29
235000892,15,3,12
235000901,63,16,47
235000907,3,11,-8
235001010,114,21,93
235001029,25,30,-5
235001030,216,172,44
235001078,98,88,10
235001079,39,50,-11
235001147,1,58,-57
235001166,8,18,-10
235001167,51,10,41
235001169,35,215,-180
235001188,1,7,-6
235001189,1,0,1
235001197,1,10,-9
235001200,76,37,39
235001208,6,4,2
235001209,6,20,-14
235001210,4,18,-14
235001239,0,37,-37
235001244,0,2,-2
235016267,0,46,-46
235900013,2,7,-5
235900014,6,9,-3
241900007,70,1,69
277101746,0,1,-1
277102712,0,0,0
277103813,0,0,0
277103814,0,0,0
277103898,0,1,-1
990010990,13,58,-45
990011530,2,236,-234
990014944,3,206,-203
990015176,84,3,81
990015618,3,119,-116
990015888,18,48,-30
990016032,0,314,-314
990032570,8,600,-592
990070001,47,0,47
990070103,0,3,-3
990070601,0,63,-63
990070751,2303,6,2297
990070766,1,190,-189
990071180,574,165,409
990071343,13,1,12
990071387,0,3,-3
990071823,459,3,456
990072600,0,1069,-1069
990072964,4,216,-212
990073285,0,3,-3
990074393,0,409,-409
990074714,10,28,-18
990074870,1960,20,1940
990075106,728,1,727
990075746,790,2,788
990076437,3301,8,3293
990076458,0,225,-225
997000007,361,11,350
997000041,1,270,-269
997000058,48,0,48
997000062,20,3,17
997000069,0,6,-6
997000070,0,31,-31
997000100,84,0,84
997000141,1,556,-555
997000198,1,333,-332
998000475,0,0,0
998000736,0,120,-120
998000965,0,26,-26
998001031,2,50,-48
998001072,67,81,-14
998001091,6,3,3
998001093,1,3,-2
998001103,1,20,-19
998001105,1,9,-8
998001700,0,28,-28
998001899,0,1,-1
998001900,19,0,19
998003073,1181,40,1141
998003124,9,25,-16
998003125,32,81,-49
998101900,0,0,0
998102850,3,404,-401
998501819,0,0,0
998501820,0,5,-5
998501832,50,16,34
998501927,458,999,-541
998501929,94,2,92
998501930,46,0,46
998501931,153,39,114
998501932,5,0,5
998501933,69,0,69
998501937,10,2,8
998501944,10,0,10
998501950,0,0,0
998501970,142,1,141
998501971,1,76,-75
998501972,417,0,417
998501973,0,17,-17
998501974,1,109,-108
998501975,82,2,80
998501976,169,59,110
998501977,3,31,-28
998501978,9,0,9
998501979,0,5,-5
998501980,93,1,92
998501981,78,3,75
998501982,0,169,-169
998502006,0,0,0
998502024,0,9,-9
998502032,0,0,0
998502062,8,1,7
998502063,0,0,0
998502173,8,0,8
998502269,0,3,-3
998601159,1,30,-29
998601292,2,33,-31
999033574,1,120,-119
999800001,44,4,40
999800002,0,1,-1
999800003,9,3,6
999800004,0,2,-2
999800005,0,6,-6
