ID,insum,outsum,diff
100000001,681,1011,-330
100000002,4454,1753,2701
100000003,8236,4696,3540
100000004,1467,1360,107
100000005,2735,5269,-2534
100000006,952,246,706
100000007,2914,1090,1824
100000008,673,584,89
100000009,1691,951,740
100000010,396,117,279
100000011,1509,164,1345
100000012,169,998,-829
100000013,1632,357,1275
100000014,1389,368,1021
100000015,2060,2980,-920
100000016,1237,1587,-350
100000017,1319,1152,167
100000018,2015,811,1204
100000019,5435,2454,2981
100000020,2823,9497,-6674
100000021,6303,2911,3392
100000022,2327,2799,-472
100000023,5893,2152,3741
100000025,2179,1431,748
100000028,2583,1287,1296
100000029,370,406,-36
100000030,333,71,262
100000031,5171,7977,-2806
100000032,3247,4463,-1216
100000033,965,2925,-1960
100000034,555,505,50
100000035,1979,1754,225
100000036,2816,1517,1299
100000037,727,479,248
100000038,2401,1132,1269
100000039,1310,331,979
100000040,280,175,105
100000041,1555,677,878
100000042,1528,553,975
100000043,1264,487,777
100000044,541,1073,-532
100000045,668,1475,-807
100000046,1007,1228,-221
100000047,509,884,-375
100000048,1386,822,564
100000049,2220,2638,-418
100000051,514,1200,-686
100000053,340,13,327
100000054,725,54,671
100000055,1931,374,1557
100000056,626,607,19
100000057,2476,800,1676
100000058,1347,1654,-307
100000059,24,198,-174
100000060,396,419,-23
100000061,2765,611,2154
100000062,2934,742,2192
100000063,997,294,703
100000064,1531,323,1208
100000065,529,1171,-642
100000066,211,779,-568
100000067,772,913,-141
100000068,682,2280,-1598
100000069,408,1807,-1399
100000072,393,1266,-873
100000073,1326,1324,2
100000075,788,359,429
100000076,2839,2930,-91
100000077,432,227,205
100000078,54,35,19
100000079,50,75,-25
100000080,46,94,-48
100000081,221,293,-72
100000102,2828,2209,619
100000103,4242,1792,2450
100000104,5579,2932,2647
100000105,3351,1807,1544
100000106,3395,2651,744
100000107,1105,1176,-71
100000108,996,1442,-446
100000109,3516,1610,1906
100000116,1975,1430,545
100000117,129,138,-9
100000118,2139,1503,636
100000119,722,1003,-281
100000121,425,550,-125
100000122,937,1112,-175
100000123,4826,4798,28
100000124,7118,7089,29
100000125,4102,1688,2414
100000126,966,462,504
100000127,1978,399,1579
100000128,2450,2516,-66
100000129,588,569,19
100000130,533,629,-96
100000131,3358,3460,-102
100000132,1753,3692,-1939
100000133,7549,2682,4867
100000135,825,1495,-670
100000139,594,312,282
100000140,571,431,140
100000142,534,697,-163
100000143,875,525,350
100000144,4188,1065,3123
100000147,1279,3090,-1811
100000150,34,473,-439
100000151,1624,1198,426
100000153,305,473,-168
100000154,80,241,-161
100000155,36,49,-13
100000156,656,550,106
100000157,190,175,15
100000158,367,121,246
100000159,335,718,-383
100000165,1951,1008,943
100000169,585,404,181
100000174,919,438,481
100000179,122,649,-527
100000180,6929,3060,3869
100000181,647,333,314
100000188,112,336,-224
100000189,1977,525,1452
100000190,1048,1096,-48
100000191,864,654,210
100000192,84,185,-101
100000193,387,218,169
100000330,1746,1150,596
100000355,348,823,-475
100000362,6081,3946,2135
100000363,4555,5294,-739
100000364,370,313,57
100000365,6613,7361,-748
100000366,7687,3888,3799
100000367,6358,6454,-96
100000368,3634,2096,1538
100000369,1681,2081,-400
100000370,406,840,-434
100000376,132,160,-28
100000379,3104,1857,1247
100000380,5831,4449,1382
100000384,6572,5579,993
100000385,5335,4833,502
100000386,10294,5375,4919
100000387,6770,6613,157
100000388,9247,7177,2070
100000389,9525,7271,2254
100000390,10439,7324,3115
100000391,8213,8725,-512
100000392,5061,4349,712
100000393,3671,5377,-1706
100000394,10153,9378,775
100000395,7049,4277,2772
100000396,10245,4481,5764
100000397,7134,7087,47
100000398,13326,9874,3452
100900002,9,50,-41
100900003,464,216,248
100900004,50,1078,-1028
100900005,212,25,187
100900006,33,160,-127
100900007,778,18,760
100900008,4,421,-417
100900009,115,189,-74
100900010,159,157,2
100900011,131,235,-104
100900012,9,253,-244
100900013,1448,18,1430
100900014,5,16,-11
100900015,112,120,-8
100900016,2,83,-81
100900017,985,118,867
100900018,1,24,-23
100900019,35,298,-263
100900020,410,25,385
100900021,499,4,495
100900022,47,114,-67
100900023,1,99,-98
100900024,1054,7,1047
100900025,28,17,11
100900026,124,157,-33
100900027,790,3626,-2836
100900028,148,334,-186
100900029,119,19,100
100900030,1,88,-87
100900031,836,102,734
100900032,253,1,252
100900033,401,259,142
100900034,541,4,537
100900035,734,4,730
100900036,29,4,25
100900037,129,216,-87
100900038,144,72,72
100900039,304,632,-328
100900040,494,941,-447
100900041,763,756,7
100900042,2098,1109,989
100900043,0,28,-28
100900044,2653,674,1979
100900045,12,1,11
100900046,1828,24,1804
100900047,1256,526,730
100900048,308,67,241
100900049,208,214,-6
100900050,9,17,-8
100900051,94,137,-43
100900052,618,82,536
100900053,439,40,399
100900054,13,133,-120
100900055,451,732,-281
100900056,231,312,-81
100900057,1172,1563,-391
100900058,319,92,227
100900059,136,13,123
100900060,191,15,176
100900061,358,264,94
100900062,9,62,-53
100900063,299,816,-517
100900064,921,35,886
100900065,109,106,3
100900066,110,213,-103
100900067,11,16,-5
100900068,174,103,71
100900069,874,19,855
100900070,423,6,417
100900071,843,318,525
100900072,12,86,-74
100900073,163,470,-307
100900074,5,18,-13
100900075,2096,440,1656
100900076,59,40,19
100900077,46,156,-110
100900078,118,415,-297
100900079,15,38,-23
100900080,45,268,-223
100900081,55,183,-128
100900082,128,566,-438
100900083,23,38,-15
100900085,64,321,-257
100900086,181,1247,-1066
100900088,119,699,-580
100900089,14,31,-17
100900090,215,666,-451
100900091,0,36,-36
100900092,349,280,69
100900093,218,532,-314
100900094,154,576,-422
100900095,17,51,-34
100900096,72,157,-85
100900097,0,10,-10
100900098,91,35,56
100900099,58,641,-583
100900100,38,597,-559
100900101,355,40,315
100900102,484,254,230
100900103,39,35,4
100900104,15,192,-177
100900105,51,423,-372
100900106,71,5,66
100900107,2168,958,1210
100900108,10,81,-71
100900109,15,60,-45
100900110,4,38,-34
100900111,63,234,-171
100900112,11,29,-18
100900113,15,30,-15
100900114,10,43,-33
100900115,14,52,-38
100900116,952,927,25
100900117,409,969,-560
100900118,19,68,-49
100900119,33,35,-2
100900120,5,9,-4
100900121,403,721,-318
100900122,186,265,-79
100900123,121,254,-133
100900124,26,18,8
100900125,26,97,-71
100900126,223,563,-340
100900127,6,19,-13
100900128,175,224,-49
100900129,2,192,-190
100900131,100,312,-212
100900133,77,72,5
100900134,9,11,-2
100900135,0,212,-212
100900137,432,266,166
100900138,622,602,20
100900139,8,10,-2
100900140,3,629,-626
100900141,6,544,-538
100900142,0,12,-12
100900143,1618,490,1128
100900144,48,8,40
100900145,310,296,14
100900146,9,130,-121
100900147,19,601,-582
100900148,38,739,-701
100900149,50,282,-232
100900150,7,56,-49
100900151,189,676,-487
100900152,303,6,297
100900153,2,175,-173
100900154,13,96,-83
100900155,28,43,-15
100900156,75,7,68
100900157,11,213,-202
100900158,865,262,603
100900159,11,71,-60
100900160,29,15,14
100900161,139,12,127
100900162,46,508,-462
100900163,329,313,16
100900164,40,70,-30
100900165,16,43,-27
100900166,49,9,40
100900167,22,87,-65
100900168,56,226,-170
100900169,218,1043,-825
100900170,54,15,39
100900171,29,662,-633
100900172,0,18,-18
100900173,9,482,-473
100900174,741,81,660
100900176,1708,233,1475
100900177,823,387,436
100900178,311,191,120
100900179,237,423,-186
100900180,27,9,18
100900181,194,135,59
100900182,94,37,57
100900184,16,270,-254
100900186,1034,583,451
100900187,20,119,-99
100900188,65,16,49
100900189,1605,220,1385
100900191,1379,1241,138
100900192,390,469,-79
100900195,123,209,-86
100900197,21,86,-65
100900198,56,278,-222
100900199,29,25,4
100900200,698,560,138
100900201,196,913,-717
100900202,75,3,72
100900203,2,113,-111
100900204,836,932,-96
100900205,212,628,-416
100900206,198,116,82
100900207,303,176,127
100900210,108,622,-514
100900211,565,253,312
100900213,170,83,87
100900214,1019,140,879
100900215,13,48,-35
100900217,4,10,-6
101000001,5230,2910,2320
101000002,6467,6627,-160
101000003,673,2351,-1678
101000004,10187,8168,2019
101000005,5173,5722,-549
101000006,8648,8427,221
101000007,3522,4799,-1277
101000008,3620,3191,429
101000009,2306,1631,675
101000010,1029,1318,-289
101000011,2031,803,1228
101000012,1786,959,827
101000013,899,1439,-540
101000014,586,815,-229
101000015,1331,1105,226
101000016,503,598,-95
101000017,714,591,123
101000018,4160,3243,917
101000020,4020,1328,2692
101000021,996,535,461
101000022,400,112,288
101000023,1795,834,961
101000025,280,497,-217
101000026,353,27,326
101000027,2041,2946,-905
101000028,850,240,610
101000029,460,2288,-1828
101000030,2281,164,2117
101000031,1514,935,579
101000032,12186,5619,6567
101000033,2915,3568,-653
101000034,3016,1886,1130
101000035,1210,830,380
101000036,2304,1293,1011
101000037,3931,2094,1837
101000039,3068,2718,350
101000040,4102,3465,637
101000041,15017,9868,5149
101000042,958,1745,-787
101000043,10204,8978,1226
101000045,2506,1195,1311
101000046,5964,2276,3688
101000047,3556,4747,-1191
101000048,1070,887,183
101000049,1025,2339,-1314
101000050,3519,3450,69
101000051,3261,3738,-477
101000052,1803,1339,464
101000053,1449,1906,-457
101000054,2594,1930,664
101000055,1949,1845,104
101000056,60,128,-68
101000057,2920,1377,1543
101000058,1528,1475,53
101000059,2907,2373,534
101000060,2019,627,1392
101000061,1126,1492,-366
101000062,899,690,209
101000063,642,1006,-364
101000064,1277,1059,218
101000065,532,476,56
101000066,1226,935,291
101000067,1427,924,503
101000068,446,558,-112
101000069,386,111,275
101000070,1567,1286,281
101000071,2412,1055,1357
101000072,1123,3837,-2714
101000073,1194,1101,93
101000074,9522,4544,4978
101000075,7249,6327,922
101000077,2021,1401,620
101000078,1621,2482,-861
101000079,1050,519,531
101000080,857,578,279
101000081,2101,1866,235
101000082,4153,3914,239
101000083,2907,2493,414
101000084,1715,1161,554
101000085,1781,1477,304
101000086,1287,1324,-37
101000087,1037,1309,-272
101000088,1430,1389,41
101000089,1309,1862,-553
101000090,2317,1472,845
101000091,465,1131,-666
101000092,1007,1174,-167
101000093,1634,1068,566
101000094,1204,1238,-34
101000095,528,765,-237
101000096,402,625,-223
101000097,606,469,137
101000098,582,665,-83
101000099,1483,1291,192
101000100,1345,1021,324
101000101,408,549,-141
101000102,1188,530,658
101000103,1297,711,586
101000104,462,750,-288
101000105,626,452,174
101000106,1062,991,71
101000107,277,398,-121
101000108,1071,413,658
101000109,360,71,289
101000110,41,639,-598
101000111,180,419,-239
101000113,266,953,-687
101000114,10725,7281,3444
101000115,170,105,65
101000116,308,114,194
101000117,1724,401,1323
101000119,62,61,1
101000120,173,52,121
101000121,83,56,27
101000122,181,128,53
101000123,77,118,-41
101000124,1017,325,692
101000125,304,530,-226
101000128,809,529,280
101000130,387,423,-36
101000131,834,665,169
101000132,724,1224,-500
101000135,71,38,33
101000136,653,217,436
101000137,46,397,-351
101000141,1877,3800,-1923
101000147,953,521,432
101000148,1456,59,1397
101000149,264,296,-32
101000150,97,899,-802
101000151,239,68,171
101000152,509,437,72
101000153,816,462,354
101000154,258,1311,-1053
101000155,371,182,189
101000156,26,356,-330
101000157,66,59,7
101000160,116,45,71
101000163,400,442,-42
101000164,619,472,147
101000165,331,455,-124
101000166,362,498,-136
101000168,1102,432,670
101000252,2064,1120,944
101000254,552,112,440
101000258,67,15,52
101000261,222,68,154
101000262,1429,2141,-712
101000263,545,1599,-1054
101000265,253,1321,-1068
101000266,469,405,64
101000269,65,21,44
101000290,1601,3462,-1861
101000293,32,95,-63
101000294,738,500,238
101000295,163,595,-432
101000301,936,502,434
101000304,2262,2733,-471
101000305,3415,1740,1675
101900001,43,93,-50
101900002,0,23,-23
101900003,91,114,-23
101900004,21,82,-61
101900005,4409,2484,1925
101900006,1167,88,1079
101900007,883,330,553
101900008,135,499,-364
101900009,77,622,-545
101900010,1032,735,297
101900011,407,1632,-1225
101900012,281,508,-227
101900013,1265,229,1036
101900017,27,182,-155
101900018,1279,278,1001
101900019,278,200,78
101900020,511,287,224
101900021,2,58,-56
101900022,181,1185,-1004
101900023,190,367,-177
102000001,2958,5216,-2258
102000002,3390,1317,2073
102000003,4757,9398,-4641
102000004,9182,3883,5299
102000005,1513,2290,-777
102000006,1494,2226,-732
102000007,2091,5479,-3388
102000008,5792,1961,3831
102000009,7321,8929,-1608
102000010,7381,3931,3450
102000011,3490,3247,243
102000012,3706,3535,171
102000018,3714,3215,499
102000019,2763,1875,888
102000026,290,668,-378
102000029,422,303,119
102000030,156,467,-311
102000031,80,182,-102
102000032,496,349,147
102000033,254,432,-178
102000034,646,469,177
102000035,1544,809,735
102000036,28,291,-263
102000037,149,69,80
102000038,176,332,-156
102000039,270,79,191
102000040,553,366,187
102000041,297,369,-72
102000042,375,385,-10
102000043,557,290,267
102000044,323,471,-148
102000045,1357,1134,223
102000046,1207,640,567
102000047,996,1280,-284
102000048,485,900,-415
102000049,1164,836,328
102000050,1428,1546,-118
102000051,514,659,-145
102000052,1456,1096,360
102000053,943,1092,-149
102000054,612,1262,-650
102000055,1249,747,502
102000056,977,1523,-546
102000057,1923,733,1190
102000058,1566,1827,-261
102000059,1749,1768,-19
102000060,1585,1255,330
102000061,1878,2425,-547
102000062,1863,1326,537
102000063,1427,1648,-221
102000064,691,952,-261
102000065,49,205,-156
102000066,975,1068,-93
102000067,2472,3637,-1165
102000068,10238,3239,6999
102000069,109,1953,-1844
102000070,2449,66,2383
102000071,8101,10626,-2525
102000072,4271,4851,-580
102000073,2243,1628,615
102000074,1185,1266,-81
102000075,206,459,-253
102000076,249,586,-337
102000077,691,952,-261
102000078,1006,908,98
102000079,249,353,-104
102000080,363,350,13
102000081,540,879,-339
102000082,900,498,402
102000083,729,440,289
102000084,304,313,-9
102000085,2133,1257,876
102000086,1353,1836,-483
102000087,1155,1997,-842
102000088,454,475,-21
102000089,1501,550,951
102000090,1042,1530,-488
102000091,2039,854,1185
102000092,448,946,-498
102000093,714,783,-69
102000094,1360,865,495
102000095,1526,1622,-96
102000096,1207,1171,36
102000097,1371,1140,231
102000098,759,1081,-322
102000099,1156,973,183
102000100,1212,1404,-192
102000101,1661,974,687
102000102,521,1734,-1213
102000103,2105,589,1516
102000104,774,380,394
102000105,314,696,-382
102000106,931,831,100
102000107,1338,593,745
102000108,1343,277,1066
102000109,560,597,-37
102000110,1070,1411,-341
102000111,12,243,-231
102000112,395,134,261
102000113,18,27,-9
102000114,950,415,535
102000115,248,386,-138
102000116,1055,783,272
102000117,534,1619,-1085
102000118,1962,1273,689
102000119,2194,1381,813
102000120,255,597,-342
102000121,1165,710,455
102000122,817,1143,-326
102000123,1585,1610,-25
102000124,1936,1280,656
102000125,1271,1238,33
102000126,1197,843,354
102000127,1532,992,540
102000128,929,1113,-184
102000129,1620,985,635
102000130,901,1110,-209
102000131,3577,1258,2319
102000132,1714,1748,-34
102000133,2117,1961,156
102000134,831,845,-14
102000135,928,1031,-103
102000136,1184,657,527
102000137,1354,1209,145
102000138,559,563,-4
102000139,327,591,-264
102000140,608,631,-23
102000141,851,965,-114
102000142,468,450,18
102000143,169,437,-268
102000144,336,518,-182
102000145,592,618,-26
102000146,544,483,61
102000147,788,686,102
102000148,256,931,-675
102000149,156,541,-385
102000150,395,137,258
102000151,118,358,-240
102000152,187,164,23
102000153,1258,668,590
102000154,396,743,-347
102000155,153,399,-246
102000156,392,177,215
102000157,159,380,-221
102000158,410,397,13
102000159,1234,515,719
102000161,4962,2884,2078
102000162,236,200,36
102000163,117,683,-566
102000164,1460,1391,69
102000165,367,236,131
102000166,120,246,-126
102000167,261,233,28
102000168,287,149,138
102000169,179,545,-366
102000170,767,328,439
102000171,461,449,12
102000172,457,601,-144
102000173,484,401,83
102000174,80,75,5
102000175,397,120,277
102000176,97,42,55
102000178,272,543,-271
102000179,355,275,80
102000180,1001,531,470
102000181,747,634,113
102000182,756,637,119
102000183,1952,2123,-171
102000184,2122,1008,1114
102000185,2752,1775,977
102000186,1440,2108,-668
102000187,1327,1805,-478
102000188,1718,1668,50
102000189,2796,975,1821
102000190,843,3266,-2423
102000191,1463,710,753
102000192,1261,1550,-289
102000193,45,175,-130
102000194,76,151,-75
102000195,455,574,-119
102000196,169,490,-321
102000197,728,528,200
102000198,191,920,-729
102000199,1016,447,569
102000200,344,1357,-1013
102000201,1162,566,596
102000202,8,157,-149
102000203,387,357,30
102000204,457,769,-312
102000205,1200,514,686
102000206,797,941,-144
102000207,968,590,378
102000208,513,626,-113
102000209,139,61,78
102000210,487,476,11
102000211,577,399,178
102000212,420,16,404
102000213,10,427,-417
102000214,336,9,327
102000215,12,511,-499
102000216,79,66,13
102000217,16,142,-126
102000218,359,224,135
102000219,515,423,92
102000225,781,685,96
102000226,5611,1402,4209
102000227,191,3,188
102000228,1,138,-137
102000229,33,67,-34
102000230,338,506,-168
102000231,324,535,-211
102000232,41,157,-116
102000233,562,913,-351
102000234,151,1401,-1250
102000236,434,77,357
102000237,527,216,311
102000238,196,278,-82
102000240,784,799,-15
102000241,294,155,139
102000243,37,88,-51
102000245,26,115,-89
102000246,34,48,-14
102000247,339,764,-425
102000248,277,618,-341
102000249,123,186,-63
102000250,102,480,-378
102000254,96,395,-299
102000266,149,486,-337
102000271,40,3,37
102000286,546,482,64
102000297,2207,1280,927
102000299,0,0,0
102000301,0,0,0
102000302,0,0,0
102000303,0,0,0
102000304,0,0,0
102000305,0,0,0
102000306,0,0,0
102000307,0,1,-1
102000308,0,0,0
102900001,1654,1035,619
102900002,549,94,455
102900003,83,271,-188
102900005,476,363,113
102900006,591,246,345
102900007,666,58,608
102900008,214,98,116
102900009,828,363,465
102900010,905,787,118
102900011,2095,398,1697
102900012,423,92,331
102900013,45,90,-45
102900015,1041,691,350
102900016,87,138,-51
102900017,173,700,-527
102900018,28,143,-115
102900019,602,529,73
102900020,199,55,144
102900021,21,131,-110
102900022,733,242,491
102900023,59,42,17
102900024,64,77,-13
102900025,281,134,147
102900026,575,2086,-1511
102900027,132,84,48
102900028,270,793,-523
102900029,265,237,28
102900030,835,356,479
102900031,207,176,31
102900032,141,167,-26
102900033,182,218,-36
102900034,596,116,480
102900035,164,424,-260
102900036,376,529,-153
102900037,970,601,369
102900038,702,599,103
102900039,24,640,-616
102900040,197,292,-95
102900041,86,216,-130
102900042,218,342,-124
102900043,228,288,-60
102900044,815,2216,-1401
102900045,143,602,-459
102900046,125,280,-155
102900047,146,672,-526
102900048,721,666,55
102900049,173,443,-270
102900050,505,394,111
102900051,326,248,78
102900052,72,59,13
102900053,456,733,-277
102900054,865,1381,-516
102900055,128,223,-95
102900056,171,456,-285
102900057,7,47,-40
102900058,408,95,313
102900059,23,69,-46
102900060,134,582,-448
102900061,186,519,-333
102900062,266,1034,-768
102900063,1233,508,725
102900064,211,555,-344
102900065,1646,609,1037
102900066,402,38,364
102900068,152,105,47
102900070,352,698,-346
102900072,95,64,31
102900073,271,21,250
102900074,267,323,-56
102900075,12,82,-70
102900076,227,163,64
102900077,60,76,-16
102900078,48,80,-32
102900079,208,16,192
102900080,372,67,305
102900081,109,500,-391
102900082,19,285,-266
102900083,270,19,251
102900084,15,48,-33
102900085,529,171,358
102900086,17,75,-58
102900087,143,153,-10
102900088,53,28,25
102900089,270,151,119
102900090,4,406,-402
102900091,223,12,211
102900092,506,1148,-642
102900093,348,365,-17
102900094,1,89,-88
102900095,198,5,193
102900096,70,26,44
102900097,7,186,-179
103000001,2739,2919,-180
103000002,2421,2796,-375
103000003,3959,3300,659
103000004,991,911,80
103000005,1828,3049,-1221
103000006,749,1623,-874
103000007,459,843,-384
103000008,1142,802,340
103000009,1086,1281,-195
103000010,192,136,56
103000011,1888,1674,214
103000012,1710,1773,-63
103000013,5009,2511,2498
103000014,1619,2885,-1266
103000015,1828,798,1030
103000016,582,1544,-962
103000017,247,458,-211
103000018,837,467,370
103000019,329,328,1
103000020,2619,1568,1051
103000021,1875,1759,116
103000022,890,1189,-299
103000023,767,1707,-940
103000024,121,188,-67
103000025,168,679,-511
103000026,1401,175,1226
103000027,524,565,-41
103000028,566,469,97
103000029,348,350,-2
103000030,2333,1265,1068
103000031,2108,1924,184
103000032,2679,2195,484
103000033,3587,2914,673
103000034,1644,1396,248
103000035,545,1698,-1153
103000036,485,655,-170
103000037,784,650,134
103000038,684,1242,-558
103000039,476,472,4
103000040,498,1161,-663
103000041,1959,2727,-768
103000042,1339,576,763
103000043,815,1131,-316
103000044,331,241,90
103000046,353,544,-191
103000047,641,763,-122
103000048,226,254,-28
103000049,297,201,96
103000050,750,687,63
103000051,570,567,3
103000052,954,519,435
103000053,165,530,-365
103000054,2910,2033,877
103000055,2126,2736,-610
103000056,819,1988,-1169
103000057,617,335,282
103000058,839,1350,-511
103000059,495,1114,-619
103000060,907,742,165
103000061,435,1132,-697
103000062,1296,713,583
103000063,866,1130,-264
103000064,131,286,-155
103000065,10,497,-487
103000066,257,15,242
103000069,490,453,37
103000070,1562,1047,515
103000071,1288,671,617
103000072,143,883,-740
103000073,652,126,526
103000074,709,117,592
103000075,197,783,-586
103000076,470,392,78
103000077,94,446,-352
103000078,1169,665,504
103000079,1000,728,272
103000080,1476,503,973
103000081,675,1274,-599
103000082,654,250,404
103000083,197,400,-203
103000084,198,15,183
103000085,6,127,-121
103000086,797,419,378
103000087,168,766,-598
103000088,340,408,-68
103000089,260,446,-186
103000090,2140,839,1301
103000091,696,475,221
103000092,294,373,-79
103000093,330,474,-144
103000094,274,102,172
103000095,87,449,-362
103000096,792,125,667
103000097,89,754,-665
103000098,1007,252,755
103000099,384,743,-359
103000100,130,854,-724
103000101,896,160,736
103000102,131,637,-506
103000103,716,249,467
103000104,63,135,-72
103000105,125,130,-5
103000106,9,188,-179
103000107,282,87,195
103000108,761,570,191
103000109,330,350,-20
103000110,488,505,-17
103000111,573,466,107
103000112,378,181,197
103000113,764,657,107
103000114,1378,513,865
103000115,486,431,55
103000116,662,435,227
103000117,365,538,-173
103000118,1053,844,209
103000119,1544,738,806
103000120,83,189,-106
103000121,607,1029,-422
103000122,693,771,-78
103000125,23,308,-285
103000126,834,13,821
103000127,2,177,-175
103000128,190,6,184
103000129,5,140,-135
103000130,94,44,50
103000131,227,146,81
103000132,144,249,-105
103000133,34,149,-115
103000134,715,999,-284
103000135,879,455,424
103000136,831,506,325
103000137,582,695,-113
103000138,1050,958,92
103000139,3,94,-91
103000140,149,36,113
103000141,108,202,-94
103000142,185,98,87
103000143,104,206,-102
103000144,206,84,122
103000145,107,115,-8
103000150,144,56,88
103000152,216,296,-80
103000153,202,150,52
103000156,17,436,-419
103000157,445,9,436
103000159,221,80,141
103000162,135,36,99
103000163,31,77,-46
103000164,44,33,11
103000165,134,356,-222
103000166,239,324,-85
103000167,153,91,62
103000168,102,226,-124
103000169,232,509,-277
103000170,803,544,259
103000171,81,110,-29
103000172,731,922,-191
103000173,625,651,-26
103000174,183,424,-241
103000175,291,452,-161
103000176,997,602,395
103000177,846,614,232
103000178,619,384,235
103000179,672,61,611
103000183,166,23,143
103000185,109,68,41
103000186,126,182,-56
103000187,544,521,23
103000188,19,84,-65
103000189,888,841,47
103000191,643,724,-81
103000292,1944,2051,-107
103000293,1285,2364,-1079
103000295,127,111,16
103000296,581,11,570
103000297,199,106,93
103000504,111,17,94
103000505,16,37,-21
103000506,1,241,-240
103000507,217,12,205
103000508,84,87,-3
103000509,213,684,-471
103900001,2,196,-194
103900002,1631,213,1418
103900003,1792,258,1534
103900004,141,2,139
103900005,2,281,-279
103900006,7,0,7
103900007,120,19,101
103900008,26,3,23
103900009,268,651,-383
103900010,139,572,-433
103900011,298,239,59
103900012,9,25,-16
103900013,136,94,42
103900014,65,20,45
103900015,37,11,26
103900016,707,263,444
103900017,65,86,-21
103900018,735,250,485
103900019,161,339,-178
103900020,201,604,-403
103900021,708,95,613
103900022,1051,747,304
103900023,135,0,135
103900024,100,517,-417
103900025,19,63,-44
103900026,128,0,128
103900027,922,346,576
103900028,25,368,-343
103900029,1240,132,1108
103900030,334,85,249
103900031,53,5,48
103900032,75,58,17
103900033,113,19,94
103900034,43,182,-139
103900035,81,62,19
103900036,46,46,0
103900037,102,70,32
103900038,112,221,-109
103900039,75,426,-351
103900040,3,183,-180
103900041,63,67,-4
103900042,55,410,-355
103900043,132,90,42
103900044,167,227,-60
103900045,444,198,246
103900047,74,47,27
103900048,793,63,730
103900049,418,1641,-1223
103900050,28,130,-102
103900051,1,46,-45
103900052,231,501,-270
103900053,153,686,-533
103900054,110,482,-372
103900055,433,269,164
103900056,129,60,69
103900057,41,215,-174
103900058,214,735,-521
103900059,0,32,-32
103900060,73,218,-145
103900061,169,53,116
103900062,294,111,183
103900063,6,0,6
103900064,108,4,104
103900065,1126,486,640
103900066,138,32,106
103900067,206,10,196
103900068,31,4,27
103900069,111,22,89
103900070,232,240,-8
103900071,27,133,-106
103900072,21,266,-245
103900073,55,46,9
103900074,64,107,-43
103900075,151,64,87
103900076,573,659,-86
103900077,45,82,-37
103900078,520,121,399
103900079,229,292,-63
103900080,17,44,-27
103900081,73,28,45
103900082,22,187,-165
103900083,1729,1014,715
103900084,137,226,-89
103900085,88,152,-64
103900086,677,513,164
103900087,24,116,-92
103900088,450,675,-225
103900089,80,145,-65
103900090,7,195,-188
103900091,1201,291,910
103900092,729,546,183
103900093,127,445,-318
103900094,23,137,-114
103900095,406,267,139
103900096,29,327,-298
103900097,24,559,-535
103900098,258,116,142
103900099,100,244,-144
103900100,251,386,-135
103900101,124,1100,-976
103900102,4,63,-59
103900104,2,41,-39
103900105,122,265,-143
103900106,0,64,-64
103900107,113,236,-123
103900108,50,428,-378
103900109,112,106,6
103900110,261,73,188
103900111,108,724,-616
103900112,95,240,-145
103900113,169,264,-95
103900114,430,416,14
103900115,346,268,78
103900116,6355,2878,3477
103900117,215,113,102
103900119,39,110,-71
103900120,49,118,-69
103900122,93,341,-248
103900123,1860,887,973
103900124,38,122,-84
103900125,101,60,41
103900126,481,491,-10
103900127,223,541,-318
103900128,552,171,381
103900131,29,93,-64
103900133,1045,73,972
103900134,1,2,-1
103900135,6,5,1
103900137,0,38,-38
103900138,93,400,-307
103900139,267,1911,-1644
103900140,13,148,-135
103900141,340,88,252
103900142,143,175,-32
103900143,62,4,58
103900144,1,61,-60
103900145,199,303,-104
103900146,302,295,7
103900147,371,184,187
103900148,222,574,-352
103900149,342,841,-499
103900150,7543,4089,3454
103900151,61,167,-106
103900152,489,865,-376
103900153,9,0,9
103900154,1202,1569,-367
103900155,74,308,-234
103900156,46,219,-173
103900157,46,270,-224
103900158,102,299,-197
103900159,138,100,38
103900160,121,54,67
103900161,145,233,-88
103900162,84,297,-213
103900163,27,484,-457
103900164,272,70,202
103900167,25,121,-96
103900168,103,141,-38
103900169,74,60,14
103900170,5,113,-108
103900171,1,69,-68
103900172,3,27,-24
103900173,11,18,-7
103900174,239,90,149
103900175,96,78,18
103900176,24,31,-7
103900177,4,85,-81
103900178,55,77,-22
103900179,43,123,-80
103900180,14,126,-112
103900181,68,75,-7
103900182,69,17,52
103900184,488,124,364
103900185,230,384,-154
103900187,23,83,-60
103900188,47,29,18
103900189,104,12,92
103900190,69,42,27
103900191,39,63,-24
103900192,33,132,-99
103900193,187,287,-100
103900194,78,367,-289
103900195,16,85,-69
103900196,96,58,38
103900197,17,58,-41
103900198,24,91,-67
103900199,188,65,123
103900200,196,142,54
103900201,219,278,-59
103900202,33,79,-46
103900203,55,30,25
103900204,1,126,-125
103900207,0,121,-121
103900208,156,1,155
103900209,13,137,-124
103900210,34,51,-17
103900211,554,436,118
103900212,134,517,-383
103900213,111,240,-129
103900214,317,207,110
103900215,601,384,217
103900216,24,785,-761
103900217,543,75,468
103900218,0,363,-363
103900219,197,382,-185
103900233,167,4,163
103900235,55,22,33
103900236,15,9,6
103900242,14,12,2
103900243,14,4,10
103900244,135,243,-108
103900245,116,295,-179
103900246,61,49,12
103900247,31,123,-92
103900248,29,73,-44
103900249,54,61,-7
103900250,46,20,26
103900251,2,26,-24
103900253,16,97,-81
103900254,4,20,-16
103900255,5,17,-12
103900256,15,74,-59
103900257,53,141,-88
103900258,63,2,61
103900259,93,14,79
103900261,17,10,7
103900262,10,1,9
103900263,33,45,-12
103900264,81,45,36
103900265,142,33,109
103900266,3,119,-116
103900267,17,60,-43
103900268,2,11,-9
103900269,27,29,-2
103900270,21,22,-1
104000001,2347,2328,19
104000002,1762,2550,-788
104000003,2555,2862,-307
104000004,2947,3025,-78
104000005,1516,2388,-872
104000006,3359,3293,66
104000007,4526,4423,103
104000008,240,410,-170
104000009,212,122,90
104000010,185,293,-108
104000011,504,397,107
104000012,173,431,-258
104000013,216,212,4
104000014,240,788,-548
104000015,342,156,186
104000016,657,530,127
104000018,813,195,618
104000019,651,225,426
104000020,226,819,-593
104000021,230,772,-542
104000022,133,304,-171
104000023,883,419,464
104000024,244,392,-148
104000026,84,493,-409
104000027,242,324,-82
104000028,380,221,159
104000029,461,492,-31
104000030,326,252,74
104000031,1296,450,846
104000032,202,291,-89
104000033,614,568,46
104000034,295,357,-62
104000035,892,496,396
104000036,784,630,154
104000037,275,290,-15
104000038,474,311,163
104000039,224,305,-81
104000040,361,442,-81
104000041,960,446,514
104000042,250,395,-145
104000043,333,372,-39
104000044,318,637,-319
104000045,1052,1193,-141
104000046,1191,1835,-644
104000047,1238,1525,-287
104000048,1331,2019,-688
104000049,1164,389,775
104000050,301,787,-486
104000051,132,618,-486
104000052,2080,1655,425
104000053,1806,567,1239
104000054,893,478,415
104000055,4594,3136,1458
104000056,1465,236,1229
104000057,133,519,-386
104000058,910,691,219
104000059,537,1155,-618
104000060,1112,1196,-84
104000061,1463,1394,69
104000062,424,148,276
104000064,479,341,138
104000065,360,788,-428
104000069,1170,1075,95
104000070,85,612,-527
104000071,180,533,-353
104000072,592,215,377
104000075,141,362,-221
104000076,513,201,312
104000082,2511,3470,-959
104000083,940,236,704
104000084,135,577,-442
104000085,301,367,-66
104000086,220,556,-336
104000087,547,2020,-1473
104000090,819,1530,-711
104000092,1278,2348,-1070
104000094,1051,1824,-773
104000095,1809,1474,335
104000096,1681,257,1424
104000097,1747,945,802
104000098,2260,1144,1116
104000100,1811,781,1030
104000101,1248,1790,-542
104000106,71,636,-565
104000107,696,554,142
104000108,396,616,-220
104000109,358,109,249
104000110,916,1209,-293
104000111,4617,2754,1863
104000112,2731,647,2084
104000116,6,1217,-1211
104000117,149,677,-528
104000118,539,250,289
104000119,793,325,468
104000120,334,820,-486
104000121,235,835,-600
104000122,709,811,-102
104000123,1026,1148,-122
104000124,1206,2564,-1358
104000125,4064,4400,-336
104000126,622,469,153
104000127,1636,3317,-1681
104000128,759,501,258
104000129,475,37,438
104000130,20,341,-321
104000131,650,472,178
104000132,526,603,-77
104000133,1477,990,487
104000134,1186,1673,-487
104000135,549,2111,-1562
104000136,1111,4386,-3275
104000137,1903,477,1426
104000138,1214,344,870
104000139,7495,3619,3876
104000141,1262,1616,-354
104000142,631,988,-357
104000143,539,677,-138
104000144,121,202,-81
104000145,373,217,156
104000146,346,668,-322
104000147,144,351,-207
104000148,370,151,219
104000149,193,362,-169
104000150,1268,570,698
104000151,441,621,-180
104000152,772,835,-63
104000153,776,646,130
104000154,1149,714,435
104000155,488,549,-61
104000157,1245,1914,-669
104000158,798,664,134
104000159,862,624,238
104000160,1929,2045,-116
104000161,241,255,-14
104000162,40,185,-145
104000165,1155,1272,-117
104000167,712,1047,-335
104000168,701,18,683
104000169,104,43,61
104000170,579,568,11
104000248,373,736,-363
104000251,69,325,-256
104000272,0,0,0
104000273,0,0,0
104000274,0,0,0
104000275,0,0,0
104000279,885,578,307
104000290,98,361,-263
104000291,632,1140,-508
104000293,765,941,-176
104000294,45,0,45
104000295,647,843,-196
104000296,362,978,-616
104000297,875,2073,-1198
104000298,3352,1045,2307
104000299,836,1505,-669
104900001,208,647,-439
104900002,85,168,-83
104900003,70,461,-391
104900004,133,422,-289
104900005,245,330,-85
104900006,301,112,189
104900007,247,332,-85
104900009,151,411,-260
104900010,74,75,-1
104900011,63,17,46
104900012,313,33,280
104900013,145,12,133
104900014,3260,414,2846
104900015,84,5,79
104900016,267,261,6
104900017,151,309,-158
104900018,10,206,-196
104900019,401,2663,-2262
104900020,145,336,-191
104900021,1,232,-231
104900022,12,140,-128
104900023,2,108,-106
104900024,40,128,-88
104900025,68,317,-249
104900026,5,97,-92
104900027,489,341,148
104900028,34,163,-129
104900029,79,90,-11
104900030,559,304,255
104900031,112,245,-133
104900032,52,159,-107
104900033,221,346,-125
104900034,391,234,157
104900035,356,223,133
104900036,241,125,116
104900037,226,281,-55
104900038,662,870,-208
104900039,1032,541,491
104900040,497,132,365
104900041,317,206,111
104900042,181,269,-88
104900043,34,163,-129
104900044,605,267,338
104900045,419,71,348
104900046,183,186,-3
104900047,376,150,226
104900048,309,80,229
104900049,39,27,12
104900050,427,164,263
104900051,323,48,275
104900052,80,1,79
104900053,458,112,346
104900054,194,50,144
104900055,120,1,119
104900056,312,37,275
104900057,55,2,53
104900058,1356,746,610
104900059,214,71,143
104900060,5,598,-593
104900061,286,639,-353
104900063,4,146,-142
104900064,1,96,-95
104900065,1,234,-233
104900066,3,231,-228
104900067,7,373,-366
104900068,22,223,-201
104900070,198,344,-146
104900071,0,626,-626
104900072,75,362,-287
104900073,125,262,-137
104900074,118,255,-137
104900075,103,58,45
104900076,192,456,-264
104900077,1258,303,955
104900078,292,724,-432
104900079,120,446,-326
104900080,105,647,-542
104900082,17,510,-493
104900085,10,238,-228
104900087,533,21,512
104900089,204,4,200
104900090,1068,732,336
104900091,2395,893,1502
104900093,283,645,-362
104900097,3091,2376,715
104900098,181,48,133
104900099,71,616,-545
104900100,612,303,309
104900102,61,223,-162
104900103,562,104,458
104900104,3656,2444,1212
104900106,131,152,-21
104900107,352,268,84
104900108,100,287,-187
104900109,130,318,-188
104900110,13,63,-50
104900111,287,160,127
104900112,287,753,-466
104900113,671,485,186
104900114,345,582,-237
104900115,729,519,210
104900116,229,233,-4
104900118,51,121,-70
104900119,23,64,-41
104900120,50,193,-143
104900121,0,99,-99
104900122,7,97,-90
104900123,59,14,45
104900124,40,1,39
104900125,464,12,452
104900126,58,86,-28
104900127,22,69,-47
104900128,105,157,-52
104900129,2162,1834,328
105000001,2582,1512,1070
105000002,2426,1780,646
105000003,3409,4045,-636
105000004,654,1066,-412
105000005,885,1175,-290
105000006,1462,1766,-304
105000007,1306,1482,-176
105000008,2007,3115,-1108
105000009,2219,3056,-837
105000010,3082,2455,627
105000011,3711,2945,766
105000012,4675,3477,1198
105000013,1123,1129,-6
105000014,2490,2860,-370
105000015,11519,15825,-4306
105000016,3608,2800,808
105000017,2125,1056,1069
105000018,1386,1554,-168
105000019,1703,876,827
105000020,223,425,-202
105000021,295,123,172
105000022,313,92,221
105000023,757,527,230
105000028,100,125,-25
105000029,766,1415,-649
105000030,4428,3068,1360
105000033,1126,2193,-1067
105000034,196,930,-734
105000037,801,438,363
105000038,2443,1803,640
105000039,3435,2202,1233
105000040,1282,1218,64
105000041,1773,1662,111
105000042,4925,1883,3042
105000043,2363,2763,-400
105000044,702,536,166
105000045,425,1210,-785
105000046,1098,394,704
105000047,594,2064,-1470
105000048,692,186,506
105000049,240,562,-322
105000050,635,406,229
105000051,160,483,-323
105000052,763,918,-155
105000053,125,187,-62
105000054,596,1036,-440
105000055,848,366,482
105000056,1597,2305,-708
105000057,1376,930,446
105000058,1336,1323,13
105000059,870,674,196
105000060,534,671,-137
105000061,691,657,34
105000062,596,868,-272
105000063,311,552,-241
105000064,1379,935,444
105000065,371,688,-317
105000066,1203,1749,-546
105000067,1529,981,548
105000068,587,1019,-432
105000069,2238,1788,450
105000070,814,974,-160
105000071,269,877,-608
105000072,717,1929,-1212
105000073,938,724,214
105000074,1432,953,479
105000075,631,1024,-393
105000076,1398,1226,172
105000077,3111,1256,1855
105000078,1606,1524,82
105000079,1666,3277,-1611
105000080,2507,1811,696
105000081,4238,1562,2676
105000082,1341,1910,-569
105000083,5167,3912,1255
105000084,921,984,-63
105000085,2205,2141,64
105000086,518,1091,-573
105000087,1601,2097,-496
105000088,1795,1663,132
105000089,3884,2570,1314
105000090,1247,959,288
105000091,1627,1685,-58
105000092,959,1065,-106
105000093,356,283,73
105000094,288,274,14
105000095,147,466,-319
105000096,1336,1145,191
105000097,1313,805,508
105000098,1042,859,183
105000099,1030,803,227
105000100,1467,1064,403
105000101,2312,2239,73
105000102,3568,1472,2096
105000103,2197,2705,-508
105000104,2579,1184,1395
105000105,1420,2233,-813
105000106,2298,2121,177
105000107,1500,1275,225
105000108,1798,1988,-190
105000109,1843,2157,-314
105000110,855,712,143
105000111,789,825,-36
105000112,1333,870,463
105000113,432,834,-402
105000114,3115,1190,1925
105000115,337,1117,-780
105000116,782,611,171
105000117,854,1168,-314
105000118,675,590,85
105000119,917,1184,-267
105000120,1090,754,336
105000121,987,1287,-300
105000122,418,666,-248
105000123,1168,1542,-374
105000124,1908,822,1086
105000125,916,1957,-1041
105000126,2037,1897,140
105000127,2525,2388,137
105000128,731,1238,-507
105000129,962,340,622
105000130,428,2585,-2157
105000131,927,385,542
105000132,931,615,316
105000133,555,1030,-475
105000134,721,644,77
105000135,461,582,-121
105000136,50,123,-73
105000137,329,315,14
105000138,57,146,-89
105000139,1183,1072,111
105000140,287,571,-284
105000141,362,665,-303
105000142,199,472,-273
105000143,360,791,-431
105000144,266,844,-578
105000145,736,510,226
105000146,457,988,-531
105000147,565,376,189
105000148,1409,622,787
105000149,2616,2455,161
105000150,2482,1870,612
105000151,470,457,13
105000152,198,531,-333
105000153,573,823,-250
105000154,646,667,-21
105000155,377,1089,-712
105000156,925,720,205
105000157,1011,1818,-807
105000158,1999,823,1176
105000159,213,1064,-851
105000160,1580,670,910
105000161,799,1160,-361
105000162,641,1626,-985
105000163,1126,973,153
105000164,241,316,-75
105000165,1084,4801,-3717
105000166,5826,1022,4804
105000167,2452,1614,838
105000168,427,770,-343
105000169,467,643,-176
105000170,221,1362,-1141
105000171,1077,313,764
105000172,198,150,48
105000173,176,334,-158
105000174,83,140,-57
105000175,99,151,-52
105000176,469,126,343
105000177,228,186,42
105000178,155,589,-434
105000179,536,192,344
105000180,255,120,135
105000181,153,364,-211
105000182,92,74,18
105000183,2530,1745,785
105000184,1720,1142,578
105000185,2060,1014,1046
105000186,1101,856,245
105000187,1065,231,834
105000188,525,170,355
105000189,382,528,-146
105000190,357,505,-148
105000191,416,365,51
105000192,351,85,266
105000193,110,238,-128
105000194,313,127,186
105000195,476,976,-500
105000196,64,254,-190
105000197,308,689,-381
105000198,694,423,271
105000199,285,589,-304
105000200,218,331,-113
105000201,155,41,114
105000203,12,235,-223
105000204,71,121,-50
105000205,116,235,-119
105000207,741,361,380
105000208,344,602,-258
105000209,237,528,-291
105000212,1250,1392,-142
105000213,243,269,-26
105000214,217,330,-113
105000215,315,233,82
105000216,150,787,-637
105000217,176,539,-363
105000218,1213,1088,125
105000221,172,213,-41
105000222,967,80,887
105000223,399,189,210
105000226,126,291,-165
105000227,119,206,-87
105000228,308,2125,-1817
105000229,161,584,-423
105000231,342,339,3
105000233,895,756,139
105000234,1063,1297,-234
105000235,430,582,-152
105000237,729,79,650
105000243,39,207,-168
105000248,65,87,-22
105000262,329,1392,-1063
105000269,177,249,-72
105000270,484,63,421
105000271,2,241,-239
105000282,69,55,14
105000287,421,124,297
105000288,857,444,413
105000289,3174,2215,959
105000290,61,9,52
105000402,4258,4537,-279
105000426,655,749,-94
105000438,4493,1826,2667
105000446,13983,7049,6934
105000447,8313,3632,4681
105000454,488,444,44
105000455,343,221,122
105000474,42,3,39
105000477,446,517,-71
105000478,1851,4537,-2686
105000479,142,145,-3
105000480,9460,6533,2927
105000481,5244,3465,1779
105000482,6402,8426,-2024
105000483,1692,2019,-327
105000484,2607,3349,-742
105000485,1941,2933,-992
105000486,4406,2902,1504
105000488,10400,6451,3949
105000489,948,907,41
105000549,188,166,22
105000550,636,1730,-1094
105000551,36,127,-91
105000552,2812,1926,886
105900001,20,1624,-1604
105900002,1887,791,1096
105900003,18,148,-130
105900004,492,146,346
105900005,16,260,-244
105900006,24,92,-68
105900007,252,41,211
105900008,71,677,-606
105900009,37,23,14
105900011,446,74,372
105900012,755,146,609
105900013,7,51,-44
105900014,17,100,-83
105900015,228,466,-238
105900016,502,753,-251
105900017,1260,53,1207
105900018,190,187,3
105900019,83,500,-417
105900020,52,68,-16
105900021,42,466,-424
105900022,609,258,351
105900023,4,157,-153
105900024,62,246,-184
105900025,332,68,264
105900026,342,24,318
105900027,9116,10835,-1719
105900028,931,281,650
105900029,1753,458,1295
105900030,205,305,-100
105900031,424,244,180
105900032,122,170,-48
105900033,123,119,4
105900034,578,267,311
105900035,251,203,48
105900036,108,227,-119
105900037,85,72,13
105900038,197,302,-105
105900039,158,146,12
105900040,85,117,-32
105900041,161,245,-84
105900042,87,176,-89
105900043,1412,87,1325
105900044,9,282,-273
105900045,12,957,-945
105900046,11,419,-408
105900047,19,117,-98
105900048,100,628,-528
105900050,8857,4154,4703
105900051,59,1138,-1079
105900052,629,435,194
105900053,3620,2956,664
105900054,423,272,151
105900056,909,487,422
105900057,116,182,-66
105900058,17,15,2
105900059,0,44,-44
106000001,4928,2667,2261
106000002,2760,5765,-3005
106000003,2844,3652,-808
106000004,1740,2766,-1026
106000005,3256,6327,-3071
106000006,6115,4383,1732
106000007,521,636,-115
106000008,434,337,97
106000009,581,372,209
106000010,609,663,-54
106000011,1056,1217,-161
106000012,933,1451,-518
106000013,1955,2363,-408
106000014,1980,1795,185
106000015,1707,1467,240
106000016,1254,2328,-1074
106000017,593,746,-153
106000018,630,576,54
106000019,393,564,-171
106000020,309,393,-84
106000021,293,530,-237
106000022,299,237,62
106000023,592,395,197
106000024,707,599,108
106000025,127,217,-90
106000026,129,239,-110
106000027,1389,1444,-55
106000028,668,576,92
106000029,895,1288,-393
106000030,740,580,160
106000034,230,661,-431
106000035,1145,2130,-985
106000036,324,516,-192
106000037,2077,1676,401
106000038,632,134,498
106000039,204,107,97
106000040,165,1045,-880
106000041,827,594,233
106000043,600,191,409
106000046,413,91,322
106000047,65,449,-384
106000049,833,234,599
106000050,347,916,-569
106000051,707,507,200
106000052,85,802,-717
106000053,340,130,210
106000054,407,572,-165
106000055,1126,1296,-170
106000056,277,460,-183
106000057,343,398,-55
106000058,132,227,-95
106000059,353,435,-82
106000060,371,607,-236
106000061,217,638,-421
106000062,160,594,-434
106000063,573,606,-33
106000064,40,409,-369
106000065,366,397,-31
106000066,115,421,-306
106000067,684,122,562
106000068,66,670,-604
106000069,210,81,129
106000070,489,804,-315
106000071,1080,356,724
106000072,2898,1692,1206
106000073,1719,3011,-1292
106000074,708,702,6
106000075,339,1566,-1227
106000076,2014,2373,-359
106000077,3815,1583,2232
106000078,1064,1030,34
106000079,685,1049,-364
106000080,1353,794,559
106000081,696,1206,-510
106000082,2576,984,1592
106000083,449,1684,-1235
106000084,1257,720,537
106000085,1551,1684,-133
106000086,705,1017,-312
106000087,1117,633,484
106000088,390,901,-511
106000089,1006,396,610
106000090,357,764,-407
106000091,253,586,-333
106000092,638,299,339
106000093,312,186,126
106000094,124,269,-145
106000095,754,738,16
106000096,852,781,71
106000097,1048,951,97
106000098,695,1077,-382
106000099,236,910,-674
106000100,1805,275,1530
106000101,3377,340,3037
106000102,457,668,-211
106000103,514,572,-58
106000104,1156,530,626
106000105,602,741,-139
106000106,721,519,202
106000107,118,351,-233
106000108,249,322,-73
106000109,187,277,-90
106000110,259,359,-100
106000111,245,455,-210
106000112,218,581,-363
106000113,824,574,250
106000114,607,713,-106
106000115,239,499,-260
106000116,237,268,-31
106000117,1074,765,309
106000118,1235,1440,-205
106000119,1641,1145,496
106000120,937,1221,-284
106000121,189,181,8
106000122,117,301,-184
106000123,400,208,192
106000124,63,289,-226
106000125,20,267,-247
106000126,273,183,90
106000127,740,972,-232
106000128,610,227,383
106000129,431,688,-257
106000130,752,324,428
106000131,159,842,-683
106000132,568,191,377
106000133,2102,1173,929
106000134,620,2779,-2159
106000135,236,652,-416
106000136,646,1091,-445
106000137,80,906,-826
106000138,1072,99,973
106000139,55,148,-93
106000140,50,71,-21
106000141,82,48,34
106000142,68,81,-13
106000143,57,53,4
106000144,26,72,-46
106000145,279,257,22
106000146,362,159,203
106000147,474,464,10
106000148,596,880,-284
106000149,500,382,118
106000150,504,1800,-1296
106000151,3882,826,3056
106000152,1647,2031,-384
106000153,87,1577,-1490
106000154,1398,229,1169
106000155,104,265,-161
106000156,895,402,493
106000157,778,1898,-1120
106000158,2380,1115,1265
106000159,3323,1933,1390
106000160,435,2698,-2263
106000161,1599,420,1179
106000162,259,1000,-741
106000163,518,464,54
106000164,397,409,-12
106000165,274,565,-291
106000166,752,461,291
106000167,442,1077,-635
106000168,448,356,92
106000169,315,633,-318
106000170,904,296,608
106000171,453,1326,-873
106000172,3174,1680,1494
106000173,1354,3092,-1738
106000174,1119,435,684
106000175,371,951,-580
106000176,1524,916,608
106000177,862,2443,-1581
106000178,3687,1941,1746
106000179,1332,2421,-1089
106000180,866,1469,-603
106000181,837,2096,-1259
106000182,1278,979,299
106000183,1394,823,571
106000184,2526,1000,1526
106000185,1293,1407,-114
106000186,992,308,684
106000187,269,1131,-862
106000188,4,4,0
106000189,16,47,-31
106000190,26,3,23
106000191,589,255,334
106000192,4,36,-32
106000193,570,230,340
106000194,188,576,-388
106000195,1438,335,1103
106000196,316,813,-497
106000197,911,419,492
106000198,253,252,1
106000199,1817,905,912
106000200,311,220,91
106000201,450,2523,-2073
106000202,4482,743,3739
106000203,85,221,-136
106000204,54,6,48
106000205,9,157,-148
106000206,118,27,91
106000207,52,839,-787
106000208,1272,150,1122
106000209,1540,465,1075
106000210,432,1107,-675
106000211,433,1295,-862
106000212,875,451,424
106000213,840,2304,-1464
106000214,3002,945,2057
106000215,316,526,-210
106000216,329,414,-85
106000217,260,432,-172
106000218,450,453,-3
106000219,156,266,-110
106000220,570,332,238
106000221,134,286,-152
106000222,99,111,-12
106000223,204,144,60
106000224,190,266,-76
106000225,61,122,-61
106000226,145,284,-139
106000228,46,71,-25
106000229,66,757,-691
106000231,905,139,766
106000232,157,413,-256
106000233,870,116,754
106000234,619,255,364
106000235,1012,96,916
106000236,421,122,299
106000237,4,27,-23
106000238,134,32,102
106000239,6,173,-167
106000240,69,10,59
106000241,20,735,-715
106000242,228,22,206
106000249,56,85,-29
106000250,90,587,-497
106000251,167,39,128
106000252,66,105,-39
106000253,52,101,-49
106000254,66,37,29
106000255,20,224,-204
106000256,48,41,7
106000257,115,342,-227
106000258,493,16,477
106000259,21,37,-16
106000260,33,8,25
106000261,7,51,-44
106000262,135,9,126
106000263,21,64,-43
106000264,213,2,211
106000265,11,175,-164
106000266,127,22,105
106000267,6,92,-86
106000268,596,68,528
106000269,68,61,7
106000270,154,552,-398
106000271,103,267,-164
106000272,355,64,291
106000273,11,343,-332
106000274,209,35,174
106000275,126,297,-171
106000276,192,35,157
106000277,164,311,-147
106000278,264,27,237
106000279,22,50,-28
106000280,62,93,-31
106000281,88,93,-5
106000282,57,70,-13
106000283,150,67,83
106000284,49,117,-68
106000285,130,107,23
106000286,107,160,-53
106000287,143,103,40
106000288,103,182,-79
106000289,95,68,27
106000290,42,93,-51
106000291,122,100,22
106000292,74,99,-25
106000293,167,116,51
106000294,121,123,-2
106000295,68,62,6
106000296,41,122,-81
106000297,117,247,-130
106000298,166,77,89
106000299,87,151,-64
106000300,60,91,-31
106000301,73,91,-18
106000303,54,113,-59
106000304,23,45,-22
106000305,59,65,-6
106000306,35,59,-24
106000307,69,28,41
106000308,45,146,-101
106000309,28,83,-55
106000310,337,476,-139
106000311,400,211,189
106000312,81,173,-92
106000313,184,259,-75
106000318,122,506,-384
106000319,965,231,734
106000320,9,73,-64
106000321,568,139,429
106000322,158,188,-30
106000324,19,131,-112
106000325,1757,1161,596
106000326,969,1918,-949
106000327,148,129,19
106000328,115,134,-19
106000329,293,280,13
106000330,180,80,100
106000428,110,167,-57
106000429,102,405,-303
106000430,369,1219,-850
106000431,2390,392,1998
106000432,1926,2908,-982
106000433,2369,1391,978
106000434,3169,1619,1550
106000435,1569,2757,-1188
106000436,10,228,-218
106000437,335,53,282
106000438,552,182,370
106000439,91,478,-387
106000440,425,471,-46
106000441,2,0,2
106000442,116,7,109
106000443,137,390,-253
106000450,3,174,-171
106000451,23,55,-32
106000454,13,239,-226
106000455,6,234,-228
106000456,101,69,32
106000457,14,1095,-1081
106000458,803,153,650
106000459,145,531,-386
106000460,1630,58,1572
106000461,110,1461,-1351
106000462,7,33,-26
106000463,3,25,-22
106000464,2,517,-515
106000465,669,2,667
106000466,3,725,-722
106000467,515,776,-261
106000468,87,193,-106
106000469,247,3,244
106000470,343,1792,-1449
106000471,24,690,-666
106000472,203,30,173
106000473,31,24,7
106000474,254,549,-295
106000475,266,230,36
106000476,188,229,-41
106000477,24,45,-21
106900001,0,12,-12
106900002,3,516,-513
106900003,354,1219,-865
106900004,1,49,-48
106900006,0,16,-16
106900007,0,16,-16
106900008,308,304,4
106900009,352,399,-47
106900010,248,368,-120
106900012,1989,3293,-1304
106900013,1443,134,1309
106900014,34,3,31
106900015,19,8,11
106900016,304,11,293
106900017,12,0,12
106900018,0,1,-1
106900019,55,3,52
106900020,2876,1451,1425
106900021,126,78,48
106900022,682,9,673
106900023,73,307,-234
106900024,1288,61,1227
106900025,74,780,-706
106900026,4,619,-615
106900027,667,7,660
107000001,4737,4339,398
107000002,4261,5814,-1553
107000003,6198,7253,-1055
107000004,5927,6464,-537
107000005,4604,6007,-1403
107000006,6593,5803,790
107000007,6405,11588,-5183
107000008,13767,10256,3511
107000009,8018,8069,-51
107000010,12651,11887,764
107000011,1400,1700,-300
107000012,5170,3840,1330
107000013,69,136,-67
107000014,42,252,-210
107000015,487,881,-394
107000016,761,957,-196
107000017,7033,2427,4606
107000018,77,1802,-1725
107000020,4198,2149,2049
107000021,2161,669,1492
107000022,1612,2073,-461
107000023,3834,346,3488
107000024,774,1752,-978
107000025,249,667,-418
107000026,520,735,-215
107000027,1537,1969,-432
107000028,1746,1818,-72
107000029,3468,3715,-247
107000030,3973,3794,179
107000031,4095,3371,724
107000032,717,1235,-518
107000033,3382,6649,-3267
107000034,4637,2054,2583
107000035,479,242,237
107000036,555,1333,-778
107000037,91,906,-815
107000038,301,393,-92
107000039,885,862,23
107000040,219,448,-229
107000041,2101,999,1102
107000042,850,2351,-1501
107000043,3029,1340,1689
107000044,577,483,94
107000045,120,349,-229
107000046,1044,455,589
107000047,564,1055,-491
107000048,821,354,467
107000049,643,886,-243
107000050,1124,597,527
107000051,468,447,21
107000052,1271,1106,165
107000053,418,213,205
107000054,66,268,-202
107000055,160,89,71
107000056,419,904,-485
107000057,1334,237,1097
107000058,2607,2856,-249
107000059,2581,3801,-1220
107000060,4688,6327,-1639
107000061,5959,4424,1535
107000062,4472,3389,1083
107000063,4689,6228,-1539
107000064,4766,2732,2034
107000065,6644,5634,1010
107000066,2486,3377,-891
107000067,1341,1331,10
107000068,1681,859,822
107000069,871,525,346
107000070,1501,4,1497
107000071,3264,53,3211
107000072,93,3404,-3311
107000073,899,367,532
107000074,185,1189,-1004
107000075,1760,607,1153
107000076,863,1755,-892
107000077,3970,1504,2466
107000078,3439,4058,-619
107000079,3004,1160,1844
107000080,1562,3914,-2352
107000081,1866,704,1162
107000082,701,2583,-1882
107000083,1516,476,1040
107000084,474,2596,-2122
107000085,3133,3782,-649
107000086,3968,3933,35
107000087,3147,2424,723
107000088,4031,4070,-39
107000089,1579,1977,-398
107000090,1380,1267,113
107000091,1548,1056,492
107000092,893,1147,-254
107000093,1257,921,336
107000094,1195,1280,-85
107000095,889,744,145
107000096,647,1169,-522
107000097,897,291,606
107000098,875,538,337
107000099,649,321,328
107000100,335,393,-58
107000101,95,163,-68
107000102,281,346,-65
107000103,290,229,61
107000104,228,266,-38
107000105,364,173,191
107000106,292,273,19
107000107,610,224,386
107000108,221,620,-399
107000109,717,206,511
107000110,67,551,-484
107000111,314,45,269
107000112,41,287,-246
107000113,617,143,474
107000114,140,525,-385
107000115,577,167,410
107000116,132,818,-686
107000117,163,614,-451
107000118,142,226,-84
107000119,1712,1693,19
107000120,1323,481,842
107000121,1051,834,217
107000122,1264,1153,111
107000123,484,765,-281
107000124,584,976,-392
107000125,922,733,189
107000126,923,949,-26
107000127,75,358,-283
107000129,322,236,86
107000130,462,316,146
107000131,520,408,112
107000132,694,461,233
107000133,1215,210,1005
107000134,424,2,422
107000135,6,355,-349
107000136,944,15,929
107000137,34,518,-484
107000138,533,30,503
107000139,30,559,-529
107000140,2574,152,2422
107000141,209,918,-709
107000142,634,143,491
107000143,106,808,-702
107000144,959,611,348
107000145,252,561,-309
107000146,275,472,-197
107000147,3535,1010,2525
107000150,853,4615,-3762
107000151,60,161,-101
107000152,562,1455,-893
107000153,237,596,-359
107000154,304,294,10
107000155,1017,29,988
107000156,1354,54,1300
107000157,99,1670,-1571
107000158,556,33,523
107000159,47,1139,-1092
107000160,1006,256,750
107000161,117,1860,-1743
107000162,349,688,-339
107000163,285,8,277
107000164,725,5,720
107000165,982,16,966
107000166,84,1563,-1479
107000167,771,295,476
107000168,1018,601,417
107000169,907,1025,-118
107000170,2354,1324,1030
107000171,1037,2579,-1542
107000172,1058,1585,-527
107000173,780,1266,-486
107000174,1191,6125,-4934
107000175,8775,2136,6639
107000176,0,2,-2
107000177,11,1,10
107000178,14,51,-37
107000179,333,2502,-2169
107000180,1342,455,887
107000181,420,1247,-827
107000182,1893,1268,625
107000183,129,962,-833
107000184,965,817,148
107000185,538,1759,-1221
107000186,1425,646,779
107000187,1699,1662,37
107000188,726,737,-11
107000189,514,1295,-781
107000190,811,911,-100
107000191,706,1150,-444
107000192,1737,1037,700
107000193,460,570,-110
107000194,918,835,83
107000197,1082,379,703
107000198,331,832,-501
107000199,883,781,102
107000200,804,836,-32
107000201,541,370,171
107000202,398,605,-207
107000203,1647,1043,604
107000204,1848,1276,572
107000205,2700,1276,1424
107000206,1271,1748,-477
107000207,884,1285,-401
107000208,1475,638,837
107000209,2701,1460,1241
107000210,1165,462,703
107000211,5,61,-56
107000212,21,408,-387
107000213,5,21,-16
107000214,38,188,-150
107000215,585,475,110
107000216,449,450,-1
107000217,359,162,197
107000219,112,208,-96
107000220,417,294,123
107000222,295,1000,-705
107000224,752,95,657
107000225,1138,579,559
107000226,568,121,447
107000227,140,348,-208
107000228,169,253,-84
107000229,129,228,-99
107000230,1260,561,699
107000231,2205,1934,271
107000232,158,95,63
107000233,2468,1080,1388
107000234,5,65,-60
107000235,85,8,77
107000236,26,848,-822
107000237,53,2,51
107000238,62,3,59
107000239,3919,633,3286
107000240,126,1361,-1235
107000241,92,24,68
107000242,401,44,357
107000243,0,51,-51
107000244,10,87,-77
107000246,6,1204,-1198
107000249,4,1277,-1273
107000251,1,456,-455
107000252,3,1502,-1499
107000255,637,135,502
107000257,1,449,-448
107000258,0,111,-111
107000259,4,243,-239
107000260,655,21,634
107000262,18,642,-624
107000263,288,36,252
107000266,12,21,-9
107000267,119,240,-121
107000268,199,220,-21
107000269,942,70,872
107000270,5,39,-34
107000271,18,744,-726
107000272,25,148,-123
107000273,9,301,-292
107000274,4323,556,3767
107000275,210,1766,-1556
107000280,779,39,740
107000281,63,1076,-1013
107000282,71,945,-874
107000290,41,47,-6
107000291,21,14,7
107000292,4,156,-152
107000293,183,3,180
107000294,2,58,-56
107000295,147,2,145
107000296,0,16,-16
107000444,445,9,436
107000496,4,11,-7
107000497,1901,2869,-968
107000500,299,381,-82
107000501,160,159,1
107000502,190,382,-192
107000505,452,982,-530
107000506,6,98,-92
107000508,5,895,-890
107000509,290,1245,-955
107000510,90,37,53
107000514,53,475,-422
107000515,20,239,-219
107000516,275,321,-46
107000518,1033,1353,-320
107000519,2392,1175,1217
107000520,62,30,32
107900001,73,186,-113
107900002,69,7,62
107900003,551,34,517
107900004,119,2,117
107900005,1423,17,1406
107900006,200,0,200
107900007,442,47,395
107900008,337,46,291
107900009,201,3,198
107900010,34,2,32
107900012,350,49,301
107900013,280,34,246
107900014,33,17,16
107900015,1046,17,1029
107900016,567,135,432
107900017,50,10,40
107900018,93,176,-83
107900019,33,59,-26
107900020,130,14,116
107900021,80,203,-123
107900023,9,2,7
107900024,0,44,-44
107900025,197,287,-90
107900026,105,60,45
107900027,62,92,-30
107900028,92,110,-18
107900030,164,29,135
107900031,63,163,-100
107900032,19,8,11
107900033,27,8,19
107900034,461,26,435
107900035,840,76,764
107900036,78,23,55
107900037,0,44,-44
107900038,146,308,-162
107900039,21,60,-39
107900040,96,648,-552
107900041,2,1,1
107900043,42,175,-133
107900044,10,27,-17
107900045,106,107,-1
107900046,160,217,-57
107900047,30,81,-51
107900048,123,9,114
107900049,481,2417,-1936
107900050,176,349,-173
107900051,99,100,-1
107900052,23,69,-46
107900053,42,103,-61
107900055,1183,533,650
107900056,190,89,101
107900057,0,0,0
107900058,51,665,-614
107900060,296,63,233
107900061,19,9,10
107900063,88,137,-49
107900064,348,182,166
107900065,185,32,153
107900066,33,10,23
107900067,1,0,1
107900068,240,546,-306
107900069,46,1658,-1612
107900070,114,53,61
107900071,20,907,-887
107900072,125,298,-173
107900073,415,85,330
107900074,1051,342,709
107900076,129,89,40
107900077,59,8,51
107900078,210,73,137
107900079,19,42,-23
107900080,379,644,-265
107900081,54,121,-67
107900082,40,33,7
107900083,397,207,190
107900084,112,185,-73
107900086,126,180,-54
107900087,785,229,556
107900088,32,6,26
107900089,337,1296,-959
107900090,1065,3116,-2051
107900091,288,516,-228
107900092,2394,566,1828
107900093,144,124,20
107900095,3644,2501,1143
107900097,20,94,-74
107900098,58,228,-170
107900100,1268,1314,-46
107900101,1189,323,866
107900102,54,9,45
107900103,60,270,-210
107900104,390,9,381
107900105,4,411,-407
107900106,3,1266,-1263
107900107,2134,650,1484
107900108,334,206,128
107900109,1108,13,1095
107900110,54,245,-191
107900111,8,864,-856
107900112,109,342,-233
107900113,213,155,58
107900114,216,231,-15
107900115,4,43,-39
107900116,137,220,-83
107900117,458,460,-2
107900118,113,261,-148
107900119,91,403,-312
107900120,38,29,9
107900121,2,231,-229
107900122,5,121,-116
107900123,3,42,-39
107900124,23,38,-15
107900125,45,246,-201
107900126,17,47,-30
107900127,644,390,254
107900128,96,104,-8
107900129,67,111,-44
107900130,96,54,42
107900131,1146,400,746
107900132,131,543,-412
107900133,5,89,-84
107900134,44,101,-57
107900135,13,180,-167
107900136,43,77,-34
107900137,175,119,56
107900138,48,188,-140
107900139,26,225,-199
107900140,124,56,68
107900141,75,43,32
107900142,135,1071,-936
107900143,399,44,355
107900144,0,172,-172
107900145,26,170,-144
107900146,99,121,-22
107900147,50,69,-19
107900148,186,146,40
107900149,1166,359,807
107900150,69,828,-759
107900151,38,144,-106
107900152,9,289,-280
107900153,133,329,-196
107900154,52,27,25
107900155,69,128,-59
107900156,35,452,-417
107900157,55,49,6
107900158,851,33,818
107900159,48,935,-887
107900160,114,207,-93
107900161,24,192,-168
107900162,4,171,-167
107900163,84,455,-371
107900164,15,49,-34
107900165,85,126,-41
107900166,20,243,-223
107900167,33,58,-25
107900168,52,69,-17
107900169,4,205,-201
107900171,7,1398,-1391
107900172,2,399,-397
107900173,30,168,-138
107900174,131,5,126
107900175,89,49,40
107900176,34,53,-19
107900177,4,369,-365
107900178,1,187,-186
107900179,24,163,-139
107900180,825,533,292
107900181,972,292,680
107900182,13,1268,-1255
107900183,47,297,-250
107900184,245,372,-127
107900185,144,5,139
107900186,41,80,-39
107900187,0,189,-189
107900188,758,186,572
107900189,20,163,-143
107900190,114,141,-27
107900191,102,147,-45
107900193,26,57,-31
107900194,273,15,258
107900195,2971,524,2447
107900196,121,128,-7
107900197,1132,532,600
107900199,0,1025,-1025
107900201,129,103,26
107900203,62,78,-16
107900204,212,332,-120
107900205,258,422,-164
107900206,1125,321,804
107900207,4,626,-622
107900208,27,688,-661
107900209,480,183,297
107900210,89,119,-30
107900213,1125,889,236
107900214,45,136,-91
107900215,211,375,-164
107900216,218,100,118
107900217,50,120,-70
107900218,17,2025,-2008
107900219,27,137,-110
107900220,334,369,-35
107900221,262,264,-2
107900223,101,746,-645
107900224,163,446,-283
107900225,22,865,-843
107900226,105,156,-51
107900227,134,550,-416
107900228,25,157,-132
107900229,8,310,-302
107900230,13,123,-110
107900231,15,258,-243
107900232,68,185,-117
107900233,5,159,-154
107900234,124,157,-33
107900235,46,110,-64
107900236,69,141,-72
107900237,84,523,-439
107900238,56,128,-72
107900239,892,534,358
107900240,22,142,-120
107900241,15,104,-89
107900242,34,271,-237
107900243,7,92,-85
107900244,326,2,324
107900245,705,52,653
107900246,821,36,785
107900248,281,572,-291
107900249,752,60,692
107900250,1,627,-626
107900251,81,1336,-1255
107900252,1015,71,944
107900253,157,14,143
107900254,92,682,-590
107900255,392,146,246
107900256,2898,2102,796
107900257,260,154,106
107900258,173,272,-99
107900259,136,2155,-2019
107900261,22,703,-681
107900262,123,132,-9
107900264,360,21,339
107900265,360,177,183
107900267,223,27,196
107900268,40,9,31
107900269,0,9,-9
107900270,6,2,4
107900271,3,19,-16
107900272,174,21,153
107900273,42,105,-63
107900274,70,1,69
107900275,51,1,50
107900276,0,108,-108
107900277,1,203,-202
107900278,281,446,-165
107900279,128,207,-79
107900280,2237,2751,-514
107900281,1988,2571,-583
107900282,78,544,-466
107900283,1214,613,601
107900284,781,723,58
107900285,112,129,-17
107900286,203,110,93
107900287,258,218,40
107900290,2,115,-113
107900291,534,19,515
107900292,241,256,-15
107900293,68,537,-469
107900295,71,66,5
107900297,6,418,-412
107900298,932,917,15
107900299,3328,2509,819
107900300,70,286,-216
107900301,1318,679,639
107900302,143,46,97
107900303,464,312,152
107900304,294,646,-352
107900305,325,18,307
107900306,21,23,-2
107900307,50,334,-284
107900308,185,142,43
107900309,99,5,94
107900310,814,6,808
107900311,7,446,-439
107900312,80,1,79
107900313,1,198,-197
107900314,0,64,-64
107900315,4,98,-94
107900316,71,3,68
107900317,155,44,111
107900318,23,220,-197
107900319,9,266,-257
107900320,1,167,-166
107900321,134,1,133
107900322,9,167,-158
107900323,5,192,-187
107900324,177,2,175
107900325,69,1,68
107900326,354,271,83
107900327,0,102,-102
107900328,163,4,159
107900329,209,111,98
107900330,8,402,-394
107900331,197,34,163
107900332,202,46,156
107900333,50,21,29
107900334,17,163,-146
107900335,130,48,82
107900336,80,92,-12
107900337,1062,825,237
107900338,4,170,-166
107900339,0,17,-17
107900340,7,64,-57
107900341,69,0,69
107900342,89,148,-59
107900343,66,5,61
107900344,24,103,-79
107900345,156,40,116
107900346,55,4,51
107900347,40,4,36
107900348,9,2,7
107900349,25,14,11
107900350,40,292,-252
108000001,3109,4171,-1062
108000002,2319,3082,-763
108000003,3961,3623,338
108000004,13892,17050,-3158
108000005,9094,6703,2391
108000006,9360,8796,564
108000007,5406,4469,937
108000008,4874,7163,-2289
108000009,3877,4792,-915
108000010,3511,5118,-1607
108000011,13433,13138,295
108000012,20004,18426,1578
108000014,1357,747,610
108000015,830,358,472
108000016,285,677,-392
108000017,1184,500,684
108000018,2711,783,1928
108000019,3322,1109,2213
108000020,1632,772,860
108000021,434,1908,-1474
108000022,584,1446,-862
108000023,1457,353,1104
108000024,370,718,-348
108000025,337,302,35
108000026,647,532,115
108000027,788,495,293
108000028,615,250,365
108000029,792,626,166
108000030,763,273,490
108000031,333,890,-557
108000032,1621,958,663
108000033,806,1240,-434
108000034,1795,720,1075
108000035,807,2445,-1638
108000036,388,999,-611
108000037,1642,705,937
108000038,2680,786,1894
108000039,652,2170,-1518
108000040,2012,1200,812
108000041,807,2737,-1930
108000042,347,328,19
108000043,205,341,-136
108000044,582,245,337
108000045,323,641,-318
108000046,1595,540,1055
108000047,564,1165,-601
108000048,333,485,-152
108000049,1351,354,997
108000050,98,436,-338
108000051,273,138,135
108000052,268,746,-478
108000053,487,278,209
108000054,556,1106,-550
108000055,1336,691,645
108000056,1131,1358,-227
108000057,594,1317,-723
108000058,2222,4269,-2047
108000059,3780,2203,1577
108000060,156,410,-254
108000061,177,338,-161
108000062,844,656,188
108000063,579,613,-34
108000064,241,280,-39
108000065,558,692,-134
108000066,1671,924,747
108000067,1722,647,1075
108000068,763,508,255
108000069,189,1098,-909
108000070,2053,981,1072
108000071,671,1833,-1162
108000072,1802,1611,191
108000073,1515,2115,-600
108000074,665,473,192
108000075,470,1041,-571
108000076,865,712,153
108000077,750,811,-61
108000078,2309,2012,297
108000079,905,1935,-1030
108000080,1357,728,629
108000081,724,1915,-1191
108000082,1146,2042,-896
108000083,2026,1170,856
108000084,592,1331,-739
108000085,700,543,157
108000086,892,957,-65
108000087,162,2053,-1891
108000088,168,16,152
108000089,371,562,-191
108000090,467,256,211
108000091,344,530,-186
108000092,147,92,55
108000093,230,628,-398
108000094,542,124,418
108000095,124,385,-261
108000096,296,196,100
108000097,182,479,-297
108000098,1662,1623,39
108000099,310,90,220
108000100,65,207,-142
108000101,1710,1543,167
108000102,1907,3306,-1399
108000106,1237,5,1232
108000107,1,1038,-1037
108000108,1082,82,1000
108000109,9,739,-730
108000110,212,354,-142
108000111,232,656,-424
108000112,70,155,-85
108000113,515,259,256
108000115,399,343,56
108000117,840,414,426
108000118,90,302,-212
108000119,735,383,352
108000120,128,808,-680
108000121,248,534,-286
108000122,692,375,317
108000123,2171,236,1935
108000124,559,598,-39
108000125,367,367,0
108000126,157,436,-279
108000127,498,565,-67
108000128,621,591,30
108000129,511,1230,-719
108000130,777,351,426
108000131,883,809,74
108000132,2321,1674,647
108000133,867,658,209
108000134,528,596,-68
108000135,1122,555,567
108000136,512,1107,-595
108000137,442,471,-29
108000138,455,1049,-594
108000139,529,366,163
108000140,138,33,105
108000141,41,122,-81
108000142,81,115,-34
108000143,48,30,18
108000144,50,12,38
108000145,59,20,39
108000146,84,19,65
108000147,63,55,8
108000148,72,38,34
108000149,29,25,4
108000150,32,10,22
108000151,70,28,42
108000152,115,610,-495
108000153,520,174,346
108000154,49,16,33
108000155,31,19,12
108000156,376,124,252
108000157,236,1031,-795
108000158,133,909,-776
108000159,580,295,285
108000160,3286,1284,2002
108000161,3321,2892,429
108000165,11,197,-186
108000172,2,323,-321
108000173,2178,2332,-154
108000175,292,174,118
108000178,357,364,-7
108000179,212,900,-688
108000181,60,37,23
108000182,129,17,112
108000183,114,32,82
108000184,1131,2355,-1224
108000185,317,685,-368
108000186,228,99,129
108000187,145,681,-536
108000188,710,334,376
108000189,739,1584,-845
108000190,59,152,-93
108000192,238,699,-461
108000193,1021,52,969
108000194,56,10,46
108000195,3,1057,-1054
108000196,784,236,548
108000198,520,373,147
108000199,0,169,-169
108000200,487,584,-97
108000202,1,281,-280
108000203,155,787,-632
108000204,153,101,52
108000205,383,598,-215
108000339,1671,439,1232
108000364,127,346,-219
108000365,103,316,-213
108000367,264,454,-190
108000368,13,66,-53
108000369,1149,249,900
108000371,4,600,-596
108000372,770,3,767
108000373,214,193,21
108000376,126,37,89
108000377,425,318,107
108000378,9866,11255,-1389
108000379,48,265,-217
108000381,55,25,30
108000382,135,1,134
108000383,0,137,-137
108900001,135,1107,-972
108900002,236,69,167
108900003,401,740,-339
108900004,246,433,-187
108900005,73,422,-349
108900006,855,217,638
108900007,338,313,25
108900008,151,192,-41
108900009,79,105,-26
108900010,245,214,31
108900011,453,525,-72
108900012,311,466,-155
108900013,152,314,-162
108900014,8,145,-137
108900015,0,81,-81
108900016,1,306,-305
108900017,480,467,13
108900018,203,484,-281
108900019,58,1029,-971
108900020,47,234,-187
108900021,105,280,-175
108900022,129,41,88
108900023,26,65,-39
108900024,30,125,-95
108900025,112,163,-51
108900026,39,103,-64
108900027,0,84,-84
108900028,75,368,-293
108900029,69,252,-183
108900030,0,79,-79
108900031,116,400,-284
108900032,32,250,-218
108900033,0,127,-127
108900034,0,231,-231
108900035,391,1409,-1018
108900036,234,276,-42
108900037,105,415,-310
108900038,6,315,-309
108900039,4,489,-485
108900040,12,122,-110
108900041,5879,3393,2486
108900042,12,448,-436
108900043,75,539,-464
108900044,1,518,-517
108900045,77,604,-527
108900046,62,757,-695
108900047,1,55,-54
108900048,136,973,-837
108900049,3638,1564,2074
108900050,2,211,-209
108900051,0,180,-180
108900052,35,262,-227
108900053,124,179,-55
108900054,80,203,-123
108900055,99,475,-376
108900056,1,159,-158
108900057,1,210,-209
108900058,29,406,-377
108900059,462,30,432
108900060,147,105,42
108900061,114,41,73
108900062,4,243,-239
108900063,20,334,-314
108900064,216,91,125
108900065,15,299,-284
108900066,367,162,205
108900067,44,196,-152
108900068,0,97,-97
108900069,78,83,-5
108900070,43,107,-64
108900071,80,105,-25
108900072,2416,1051,1365
108900073,6,72,-66
108900074,236,415,-179
108900075,70,49,21
108900076,311,98,213
108900077,114,180,-66
108900078,20,202,-182
108900079,1179,294,885
108900080,111,974,-863
108900081,62,246,-184
108900082,62,123,-61
108900083,50,295,-245
108900084,527,162,365
108900085,2459,258,2201
108900086,93,310,-217
108900087,116,257,-141
108900088,1120,464,656
108900089,37,176,-139
108900090,52,289,-237
108900091,131,124,7
108900092,515,361,154
108900093,145,144,1
108900094,192,112,80
108900095,57,343,-286
108900096,361,49,312
108900097,255,288,-33
108900098,2701,826,1875
108900099,410,291,119
108900100,102,119,-17
108900101,254,139,115
108900102,133,1051,-918
108900103,107,125,-18
108900104,208,403,-195
108900105,4,1034,-1030
108900106,401,391,10
108900108,586,144,442
108900109,44,35,9
108900110,247,533,-286
108900111,453,656,-203
108900112,369,56,313
108900113,57,65,-8
108900114,1,5,-4
108900115,100,105,-5
108900116,158,38,120
108900117,149,26,123
108900118,502,14,488
108900119,275,42,233
108900120,171,189,-18
108900121,295,133,162
108900122,106,34,72
108900123,168,173,-5
108900124,410,222,188
108900125,366,5,361
108900126,102,32,70
108900127,184,21,163
108900128,103,50,53
108900129,744,172,572
108900130,287,1,286
108900131,532,13,519
108900132,539,92,447
108900133,249,105,144
108900134,325,276,49
108900135,115,17,98
108900136,79,1,78
108900137,169,3,166
108900138,737,67,670
108900139,609,229,380
108900140,320,290,30
108900141,354,16,338
108900142,175,13,162
108900143,49,0,49
108900144,109,4,105
108900145,168,16,152
108900146,64,0,64
108900147,235,2,233
108900148,98,46,52
108900149,707,393,314
108900150,268,8,260
108900151,333,14,319
108900152,189,101,88
108900153,194,458,-264
108900154,5108,746,4362
108900155,243,124,119
108900156,86,11,75
108900157,24,493,-469
108900158,444,39,405
108900159,5,298,-293
108900160,24,296,-272
108900161,27,540,-513
108900162,131,1,130
108900163,11,267,-256
108900164,37,89,-52
108900165,193,100,93
108900167,2032,6158,-4126
108900168,8207,2817,5390
108900169,62,142,-80
108900171,9013,3266,5747
108900172,248,73,175
108900173,269,451,-182
108900174,729,738,-9
108900176,143,492,-349
108900177,6126,5879,247
108900178,4479,3612,867
108900179,667,1710,-1043
108900180,115,247,-132
108900182,62,281,-219
108900183,172,283,-111
108900184,593,235,358
108900185,235,500,-265
108900186,113,451,-338
108900187,354,78,276
108900188,496,111,385
108900189,541,220,321
108900190,68,2966,-2898
108900191,306,42,264
108900192,82,260,-178
108900193,486,78,408
108900194,52,539,-487
108900195,116,348,-232
108900196,33,443,-410
108900198,11,465,-454
108900199,266,393,-127
108900200,819,330,489
108900201,538,1591,-1053
108900203,504,82,422
108900204,372,24,348
108900205,198,22,176
108900206,583,67,516
108900207,196,79,117
108900208,13,388,-375
108900209,214,544,-330
108900210,220,228,-8
108900211,203,518,-315
108900212,718,1500,-782
108900215,105,416,-311
108900216,576,203,373
108900217,206,3,203
108900218,367,46,321
108900219,134,5,129
108900220,78,42,36
108900221,49,130,-81
108900222,249,29,220
108900223,7,173,-166
108900224,48,249,-201
108900225,1,195,-194
108900226,353,25,328
108900227,143,357,-214
108900230,293,289,4
108900231,56,244,-188
108900232,2,328,-326
108900233,535,167,368
108900234,390,282,108
108900235,227,692,-465
108900236,94,348,-254
108900237,148,269,-121
108900240,207,160,47
108900241,73,58,15
108900245,26,1454,-1428
108900249,235,58,177
108900250,259,182,77
108900257,226,614,-388
108900258,19,221,-202
108900259,242,92,150
108900260,10,97,-87
108900261,88,152,-64
108900262,162,192,-30
108900263,49,210,-161
108900264,613,357,256
108900265,1228,464,764
108900266,975,613,362
108900267,5,118,-113
108900268,15,10,5
108900269,89,30,59
108900270,88,14,74
108900271,65,12,53
108900272,232,8,224
108900273,1132,866,266
108900274,50,52,-2
108900275,5,1,4
108900276,0,7,-7
109000001,3687,1363,2324
109000002,1728,1584,144
109000003,2718,468,2250
109000004,533,2218,-1685
109000005,2486,742,1744
109000006,716,2113,-1397
109000007,1676,689,987
109000008,537,1818,-1281
109000009,3975,1490,2485
109000010,1501,3750,-2249
109000011,3288,2475,813
109000012,2080,3577,-1497
109000013,3988,3402,586
109000014,2251,3492,-1241
109000015,3840,7392,-3552
109000016,6908,3906,3002
109000017,2437,1361,1076
109000018,950,3113,-2163
109000019,2723,1374,1349
109000020,998,2029,-1031
109000023,325,43,282
109000024,10,176,-166
109000025,364,453,-89
109000026,750,335,415
109000027,87,322,-235
109000028,134,101,33
109000029,116,250,-134
109000030,107,539,-432
109000031,232,224,8
109000032,124,501,-377
109000033,354,213,141
109000034,75,77,-2
109000035,25,112,-87
109000036,158,418,-260
109000037,297,1325,-1028
109000038,856,520,336
109000039,1126,868,258
109000040,5356,8603,-3247
109000041,3972,1839,2133
109000042,716,1495,-779
109000044,388,91,297
109000045,110,403,-293
109000046,392,104,288
109000047,65,515,-450
109000048,989,332,657
109000049,445,659,-214
109000050,446,291,155
109000051,373,335,38
109000052,555,1163,-608
109000053,272,105,167
109000054,1154,630,524
109000055,456,446,10
109000056,491,893,-402
109000057,751,608,143
109000058,1388,527,861
109000059,982,1542,-560
109000060,427,335,92
109000061,1088,1191,-103
109000062,224,366,-142
109000063,261,270,-9
109000064,745,218,527
109000065,167,248,-81
109000066,470,160,310
109000067,92,356,-264
109000068,3446,16,3430
109000069,1068,41,1027
109000070,15,1246,-1231
109000071,351,90,261
109000072,152,336,-184
109000073,34,89,-55
109000074,29,199,-170
109000075,81,348,-267
109000076,128,255,-127
109000077,397,392,5
109000078,65,223,-158
109000079,165,224,-59
109000080,152,129,23
109000081,126,533,-407
109000082,600,249,351
109000083,268,767,-499
109000088,176,592,-416
109000089,362,69,293
109000090,190,506,-316
109000091,400,224,176
109000092,423,581,-158
109000093,255,283,-28
109000094,527,6,521
109000095,116,491,-375
109000096,731,299,432
109000097,139,173,-34
109000098,46,152,-106
109000099,1165,368,797
109000100,249,699,-450
109000101,1805,808,997
109000102,462,897,-435
109000103,540,755,-215
109000104,1648,714,934
109000105,455,1443,-988
109000106,2174,1087,1087
109000107,687,2457,-1770
109000108,1827,767,1060
109000109,517,2196,-1679
109000110,1316,663,653
109000111,1033,2228,-1195
109000112,610,169,441
109000113,423,248,175
109000114,280,485,-205
109000115,1403,54,1349
109000116,5,322,-317
109000117,256,87,169
109000118,15,393,-378
109000119,1327,269,1058
109000120,224,1037,-813
109000121,535,71,464
109000122,200,975,-775
109000123,38,73,-35
109000124,615,519,96
109000125,988,386,602
109000126,441,953,-512
109000127,834,301,533
109000128,511,1740,-1229
109000129,2222,1008,1214
109000130,727,2273,-1546
109000131,965,700,265
109000132,945,2131,-1186
109000133,438,1052,-614
109000134,883,1665,-782
109000135,1573,2126,-553
109000136,361,351,10
109000137,330,410,-80
109000138,502,409,93
109000139,510,447,63
109000140,327,510,-183
109000141,751,587,164
109000142,152,573,-421
109000143,134,109,25
109000145,128,238,-110
109000146,61,117,-56
109000148,4021,2301,1720
109000149,27,52,-25
109000150,116,301,-185
109000155,773,623,150
109000156,1150,812,338
109000158,230,375,-145
109000159,227,797,-570
109000160,958,314,644
109000161,295,1267,-972
109000162,1981,987,994
109000163,1116,2059,-943
109000164,1169,2739,-1570
109000165,1324,682,642
109000166,700,212,488
109000167,145,655,-510
109000170,64,59,5
109000171,77,50,27
109000172,48,71,-23
109000173,36,79,-43
109000174,96,62,34
109000175,74,118,-44
109000176,308,306,2
109000177,32,163,-131
109000178,505,118,387
109000179,5894,5208,686
109000180,5881,4008,1873
109000181,20,47,-27
109000182,28,43,-15
109000183,34,41,-7
109000184,63,24,39
109000185,31,52,-21
109000188,851,2100,-1249
109000189,3237,1328,1909
109000190,573,488,85
109000191,429,530,-101
109000192,408,518,-110
109000193,166,365,-199
109000194,263,268,-5
109000195,138,410,-272
109000196,349,246,103
109000197,200,481,-281
109000198,392,156,236
109000199,142,555,-413
109000206,217,38,179
109000207,99,66,33
109000208,90,122,-32
109000209,205,141,64
109000210,196,607,-411
109000211,339,376,-37
109000214,470,459,11
109000215,148,96,52
109000216,248,320,-72
109000217,523,165,358
109000218,802,271,531
109000221,479,1236,-757
109000222,1105,283,822
109000223,348,416,-68
109000224,55,149,-94
109000225,79,64,15
109000226,47,197,-150
109000227,1082,1366,-284
109000228,2,1080,-1078
109000231,2,326,-324
109000232,288,340,-52
109000236,333,877,-544
109000241,2298,2380,-82
109000242,2127,1713,414
109000293,80,110,-30
109000361,145,355,-210
109000364,340,739,-399
109000396,6,572,-566
109000397,566,8,558
109000399,121,552,-431
109000400,85,228,-143
109000403,228,935,-707
109000406,421,7,414
109000407,251,231,20
109000408,3,451,-448
109000410,1057,324,733
109000411,145,33,112
109900001,102,1,101
109900002,971,21,950
109900003,262,1,261
109900004,1191,178,1013
109900005,30,3,27
109900006,528,302,226
109900007,705,568,137
109900008,0,48,-48
109900009,160,720,-560
109900010,606,26,580
109900011,117,66,51
109900012,472,251,221
109900013,411,279,132
109900014,480,91,389
109900015,518,261,257
109900016,186,54,132
109900017,188,285,-97
109900018,368,88,280
109900019,450,69,381
109900020,41,49,-8
109900021,21,28,-7
109900022,120,247,-127
109900023,9,7,2
109900024,22,18,4
109900025,36,81,-45
109900026,4,198,-194
109900027,58,66,-8
109900028,1822,858,964
109900029,6,342,-336
109900030,68,30,38
109900031,1,246,-245
109900032,9,489,-480
109900033,5,596,-591
109900034,37,4,33
109900035,28,18,10
109900036,40,93,-53
109900037,19,604,-585
109900038,124,245,-121
109900039,18,1,17
109900040,18,540,-522
109900041,71,386,-315
109900042,256,861,-605
109900044,480,296,184
109900045,317,141,176
109900046,16,100,-84
109900047,465,365,100
109900048,9,102,-93
109900049,12,54,-42
109900050,2,163,-161
109900051,0,60,-60
109900052,157,363,-206
109900053,12,335,-323
109900054,662,243,419
109900055,53,297,-244
109900056,26,245,-219
109900057,6,197,-191
109900058,0,86,-86
109900059,621,172,449
109900060,354,224,130
109900061,125,385,-260
109900062,0,194,-194
109900063,11,634,-623
109900064,568,330,238
109900065,90,164,-74
109900066,362,880,-518
109900067,1,300,-299
109900068,60,4,56
109900069,6,48,-42
109900070,41,427,-386
109900071,5,39,-34
109900072,34,207,-173
109900073,480,534,-54
109900074,18,45,-27
109900075,34,39,-5
109900076,23,232,-209
109900077,57,82,-25
109900078,102,271,-169
109900080,226,356,-130
109900081,30,263,-233
109900082,69,397,-328
109900083,25,100,-75
109900084,35,167,-132
109900085,232,749,-517
109900086,187,469,-282
109900087,379,631,-252
109900089,782,301,481
109900090,612,1142,-530
109900091,321,102,219
109900092,1960,48,1912
109900093,950,275,675
109900094,112,128,-16
109900095,281,199,82
109900096,39,3,36
109900097,95,1,94
109900098,432,48,384
109900099,202,2,200
109900100,39,3,36
109900101,419,10,409
109900102,602,39,563
109900103,35,78,-43
109900104,622,769,-147
109900105,524,56,468
109900106,524,90,434
109900107,699,140,559
109900108,160,476,-316
109900109,48,190,-142
109900110,83,408,-325
109900111,421,917,-496
109900112,347,680,-333
109900113,888,646,242
109900114,1615,1122,493
109900115,166,92,74
109900117,981,172,809
109900118,329,565,-236
109900119,771,421,350
109900120,69,47,22
109900121,557,616,-59
109900122,479,11,468
109900123,29,188,-159
109900124,37,683,-646
109900125,1,206,-205
109900126,273,76,197
109900128,293,58,235
109900130,7570,2564,5006
109900131,97,238,-141
109900132,47,151,-104
109900133,90,383,-293
109900134,134,121,13
109900135,400,69,331
109900136,118,149,-31
109900137,125,349,-224
109900138,551,407,144
109900140,242,202,40
109900141,274,177,97
109900142,1245,366,879
109900145,11,557,-546
109900146,516,68,448
109900148,59,109,-50
109900149,78,89,-11
109900150,16,104,-88
109900151,20,42,-22
109900152,0,28,-28
109900153,1,64,-63
109900154,113,0,113
109900155,80,51,29
109900157,76,259,-183
109900158,57,132,-75
109900159,179,59,120
109900160,184,83,101
109900161,234,139,95
109900162,224,171,53
109900163,859,291,568
109900164,99,235,-136
109900165,302,5,297
109900166,2,172,-170
109900167,181,617,-436
109900168,261,795,-534
109900169,225,239,-14
109900170,247,824,-577
109900171,168,123,45
109900172,327,272,55
109900173,3381,2271,1110
109900174,52,142,-90
109900175,142,99,43
109900176,202,208,-6
109900177,67,258,-191
109900178,49,251,-202
109900179,300,23,277
109900180,9,34,-25
110000001,897,507,390
110000002,613,842,-229
110000003,1013,762,251
110000004,584,829,-245
110000005,483,2101,-1618
110000006,411,353,58
110000007,123,153,-30
110000008,29,83,-54
110000009,35,28,7
110000010,41,76,-35
110000011,71,78,-7
110000012,667,491,176
110000013,39,618,-579
110000014,596,441,155
110000015,301,818,-517
110000016,258,1651,-1393
110000017,3135,304,2831
110000018,2970,509,2461
110000019,11,115,-104
110000020,577,241,336
110000021,865,550,315
110000022,1250,318,932
110000023,8,190,-182
110000024,684,459,225
110000025,499,17,482
110000026,8,437,-429
110000027,1472,984,488
110000028,874,902,-28
110000029,515,710,-195
110000030,268,492,-224
110000031,304,591,-287
110000032,762,564,198
110000033,338,169,169
110000034,599,935,-336
110000035,1182,598,584
110000036,1141,995,146
110000037,267,552,-285
110000038,326,868,-542
110000039,813,3579,-2766
110000040,362,413,-51
110000041,277,1420,-1143
110000042,247,443,-196
110000043,971,305,666
110000044,407,403,4
110000045,1966,146,1820
110000046,6,33,-27
110000047,45,54,-9
110000048,9,33,-24
110000049,110,16,94
110000050,9,94,-85
110000051,24,9,15
110000052,44,39,5
110000053,115,14,101
110000054,551,294,257
110000055,1165,89,1076
110000056,373,86,287
110000057,382,607,-225
110000058,1288,552,736
110000059,1046,546,500
110000060,883,1358,-475
110000061,971,757,214
110000062,820,992,-172
110000063,32,121,-89
110000064,104,93,11
110000065,80,108,-28
110000066,107,63,44
110000067,124,237,-113
110000068,322,257,65
110000069,256,117,139
110000071,166,154,12
110000073,4,39,-35
110000075,14,113,-99
110000076,290,552,-262
110000077,451,1985,-1534
110000078,20,75,-55
110000080,291,776,-485
110000081,55,325,-270
110000082,23,467,-444
110000083,208,677,-469
110000084,1205,880,325
110000085,2051,1728,323
110000086,1548,2446,-898
110000087,10,51,-41
110000088,115,228,-113
110000089,400,129,271
110000090,1091,385,706
110000091,1533,337,1196
110000092,21,88,-67
110000093,57,15,42
110000094,610,271,339
110000095,233,568,-335
110000096,2408,2101,307
110000097,1239,1373,-134
110000098,2295,673,1622
110000099,861,1727,-866
110000100,901,672,229
110000101,29,471,-442
110000102,62,51,11
110000104,630,107,523
110000105,147,377,-230
110000106,658,469,189
110000107,302,512,-210
110000108,169,88,81
110000109,324,299,25
110000110,3412,5040,-1628
110000111,6859,3360,3499
110000112,1606,1316,290
110000113,475,2035,-1560
110000114,205,631,-426
110000115,365,389,-24
110000116,57,77,-20
110000117,216,400,-184
110000118,431,267,164
110000119,299,340,-41
110000120,426,280,146
110000121,106,417,-311
110000122,437,678,-241
110000123,561,860,-299
110000124,4,1086,-1082
110000125,978,22,956
110000126,313,28,285
110000127,1225,70,1155
110000128,58,1538,-1480
110000129,9,570,-561
110000130,327,219,108
110000131,336,337,-1
110000132,5,887,-882
110000133,56,762,-706
110000134,37,472,-435
110000135,165,59,106
110000136,72,324,-252
110000137,596,724,-128
110000138,876,742,134
110000139,859,1287,-428
110000140,1017,680,337
110000143,709,580,129
110000144,6331,2225,4106
110000145,2421,1433,988
110000146,2858,1211,1647
110000147,551,780,-229
110000148,656,373,283
110000151,1166,1253,-87
110000152,991,352,639
110000153,110,78,32
110000154,63,37,26
110000155,2368,4643,-2275
110000156,1160,2677,-1517
110000157,2743,2562,181
110000160,475,350,125
110000161,191,299,-108
110000166,648,153,495
110000167,838,587,251
110000168,1185,493,692
110000169,961,436,525
110000170,212,112,100
110000171,803,194,609
110000172,176,793,-617
110000173,1082,1288,-206
110000174,215,1114,-899
110000175,779,81,698
110000176,1049,348,701
110000177,223,935,-712
110000178,495,2149,-1654
110000179,1309,387,922
110000180,215,271,-56
110000181,443,844,-401
110000182,448,165,283
110000183,9906,7626,2280
110000184,410,2710,-2300
110000185,1896,854,1042
110000186,872,916,-44
110000191,910,321,589
110000192,740,8,732
110000193,1298,8,1290
110000194,21,1219,-1198
110000195,435,515,-80
110000196,364,384,-20
110000197,99,313,-214
110000198,601,107,494
110000199,374,129,245
110000200,2717,588,2129
110000201,2248,960,1288
110000202,1390,597,793
110000203,1269,946,323
110000204,6,263,-257
110000205,170,71,99
110000206,910,1783,-873
110000207,1110,453,657
110000208,405,245,160
110000209,194,1256,-1062
110000210,1179,645,534
110000211,1290,910,380
110000212,386,1370,-984
110000213,155,207,-52
110000214,309,262,47
110000215,193,409,-216
110000216,107,393,-286
110000217,361,165,196
110000218,220,373,-153
110000219,345,118,227
110000220,47,324,-277
110000221,342,111,231
110000222,62,211,-149
110000223,3,237,-234
110000224,72,8,64
110000225,414,795,-381
110000226,269,120,149
110000227,1024,891,133
110000228,359,283,76
110000229,0,304,-304
110000230,960,741,219
110000231,169,286,-117
110000232,860,228,632
110000233,506,346,160
110000234,1155,1009,146
110000235,1050,1428,-378
110000236,740,770,-30
110000237,2860,1364,1496
110000238,1870,1694,176
110000239,2103,1334,769
110000240,0,89,-89
110000242,0,16,-16
110000243,122,174,-52
110000244,199,425,-226
110000245,40,377,-337
110000246,909,630,279
110000247,1440,4681,-3241
110000248,2374,1465,909
110000249,80,19,61
110000250,126,197,-71
110000251,358,521,-163
110000252,477,238,239
110000253,1345,720,625
110000254,839,1466,-627
110000255,332,1184,-852
110000256,474,413,61
110000257,961,515,446
110000258,10,557,-547
110000259,126,32,94
110000260,43,321,-278
110000263,675,139,536
110000264,361,558,-197
110000265,1446,2263,-817
110000266,2939,3487,-548
110000267,36,263,-227
110000268,368,542,-174
110000269,6,95,-89
110000270,95,9,86
110000271,1580,355,1225
110000272,1391,1090,301
110000273,4482,1874,2608
110000274,279,1613,-1334
110000275,2288,583,1705
110000276,330,373,-43
110000277,413,443,-30
110000278,468,810,-342
110000279,944,798,146
110000280,525,489,36
110000281,65,438,-373
110000282,441,27,414
110000283,134,183,-49
110000284,64,55,9
110000285,5,736,-731
110000286,44,0,44
110000287,82,3,79
110000288,25,118,-93
110000289,514,1880,-1366
110000290,1171,679,492
110000291,4908,1393,3515
110000292,1510,4592,-3082
110000293,883,818,65
110000294,1024,1191,-167
110000295,313,1130,-817
110000296,597,463,134
110000297,2488,414,2074
110000298,210,552,-342
110000299,305,123,182
110000301,344,33,311
110000302,245,984,-739
110000303,569,8,561
110000304,163,259,-96
110000305,1267,24,1243
110000306,187,1525,-1338
110000307,1713,12,1701
110000308,671,8,663
110000309,7,914,-907
110000310,824,47,777
110000311,22,708,-686
110000312,400,80,320
110000313,2941,3105,-164
110000314,1,225,-224
110000315,3932,3145,787
110000316,547,1452,-905
110000317,828,677,151
110000318,8,92,-84
110000319,37,47,-10
110000320,64,49,15
110000321,43,62,-19
110000322,331,401,-70
110000323,502,243,259
110000324,3509,1690,1819
110000325,3257,3079,178
110000327,789,475,314
110000328,224,445,-221
110000333,1063,724,339
110000334,955,1466,-511
110000335,1110,600,510
110000336,1458,1220,238
110000337,2098,674,1424
110000338,582,310,272
110000339,481,296,185
110000340,264,200,64
110000341,420,523,-103
110000342,678,10,668
110000343,0,17,-17
110000344,1161,175,986
110000345,1232,180,1052
110000346,3160,2280,880
110000347,1376,968,408
110000348,22,28,-6
110000349,12,34,-22
110000350,71,9,62
110000351,990,900,90
110000352,669,1724,-1055
110000353,2972,878,2094
110000354,1184,3749,-2565
110000355,139,93,46
110000356,720,11,709
110000357,531,19,512
110000361,43,54,-11
110000362,61,101,-40
110000363,393,169,224
110000364,312,379,-67
110000365,204,8,196
110000366,1,121,-120
110000367,539,291,248
110000368,2,69,-67
110000369,171,8,163
110000373,6,320,-314
110000374,590,23,567
110000375,133,1579,-1446
110000376,39,94,-55
110000377,100,569,-469
110000378,17,369,-352
110000379,3136,2106,1030
110000380,89,15,74
110000383,2,1120,-1118
110000384,2896,1198,1698
110000385,3,283,-280
110000387,98,18,80
110000388,45,223,-178
110000389,792,14,778
110000391,990,350,640
110000396,204,159,45
110000397,144,182,-38
110000398,0,76,-76
110000399,203,3,200
110000587,227,75,152
110000589,208,177,31
110000640,253,89,164
110000652,23,270,-247
110000653,301,479,-178
110000654,104,181,-77
110000656,1,769,-768
110000674,36,50,-14
110000675,59,82,-23
110000676,13,54,-41
110000679,341,1204,-863
110000682,103,190,-87
110000683,479,621,-142
110000684,11,53,-42
110000685,14,18,-4
110000686,1,52,-51
110000687,88,11,77
110000688,82,988,-906
110000689,30,37,-7
110000692,76,189,-113
110000693,159,446,-287
110000694,0,192,-192
110000695,389,690,-301
110000696,96,116,-20
110900001,359,30,329
110900002,453,233,220
110900003,728,657,71
110900004,491,237,254
110900005,3076,2894,182
110900006,58,15,43
110900007,151,30,121
110900008,14,44,-30
110900009,493,117,376
110900010,12,107,-95
110900011,22,111,-89
110900012,9,78,-69
110900013,1437,221,1216
110900014,713,22,691
110900015,631,613,18
110900016,52,122,-70
110900017,446,63,383
110900018,530,71,459
110900019,202,47,155
110900020,116,253,-137
110900021,136,753,-617
110900022,121,429,-308
110900023,148,508,-360
110900024,27,554,-527
110900025,5,67,-62
110900027,46,251,-205
110900028,63,146,-83
110900029,30,403,-373
110900030,47,301,-254
110900031,2,193,-191
110900032,0,92,-92
110900033,51,274,-223
110900035,29,618,-589
110900036,107,36,71
110900037,72,43,29
110900038,1061,213,848
110900039,11,321,-310
110900040,246,56,190
110900041,20,104,-84
110900042,138,50,88
110900043,7,112,-105
110900044,260,13,247
110900045,45,596,-551
110900046,41,281,-240
110900047,618,329,289
110900049,119,109,10
110900050,34,9,25
110900051,50,260,-210
110900052,4,153,-149
110900053,110,62,48
110900054,217,250,-33
110900055,56,3,53
110900056,68,148,-80
110900057,7,157,-150
110900058,310,266,44
110900059,644,633,11
110900060,486,145,341
110900061,29,81,-52
110900062,162,321,-159
110900063,57,359,-302
110900064,34,0,34
110900065,325,137,188
110900066,18,116,-98
110900067,437,640,-203
110900068,202,287,-85
110900069,11,43,-32
110900070,144,132,12
110900071,245,720,-475
110900073,2,46,-44
110900074,366,84,282
110900075,445,97,348
110900077,950,946,4
110900078,44,75,-31
110900079,2642,1579,1063
110900080,136,115,21
110900081,6,68,-62
110900082,175,171,4
110900083,136,62,74
110900084,60,101,-41
110900085,85,323,-238
110900086,101,361,-260
110900087,538,151,387
110900088,13,4,9
110900090,32,44,-12
110900091,0,69,-69
110900093,386,136,250
110900095,69,66,3
110900097,11,20,-9
110900098,37,89,-52
110900099,89,417,-328
110900100,0,37,-37
110900102,68,42,26
110900105,1138,294,844
110900108,30,95,-65
110900111,513,383,130
110900112,893,11,882
110900113,544,75,469
110900115,43,71,-28
110900116,742,1912,-1170
110900118,172,3158,-2986
110900119,4597,444,4153
110900120,29,69,-40
110900121,199,2,197
110900122,411,230,181
110900125,413,493,-80
110900127,870,1353,-483
110900128,273,293,-20
110900129,542,906,-364
110900130,1235,625,610
110900131,1037,145,892
110900132,361,139,222
110900133,885,294,591
110900135,143,403,-260
110900136,369,16,353
110900137,125,5,120
110900138,1635,727,908
110900139,54,161,-107
110900140,110,8,102
110900141,7,168,-161
110900142,72,229,-157
110900143,189,108,81
110900144,2,760,-758
110900145,354,45,309
110900146,673,167,506
110900147,151,353,-202
110900148,6,299,-293
110900149,21,111,-90
110900150,94,35,59
110900151,8,83,-75
110900152,36,202,-166
110900153,164,63,101
111000001,361,245,116
111000002,508,602,-94
111000003,964,684,280
111000004,545,964,-419
111000005,1416,1182,234
111000006,1021,1824,-803
111000007,5007,3066,1941
111000008,2381,3695,-1314
111000009,464,1265,-801
111000010,807,292,515
111000011,466,1165,-699
111000012,737,474,263
111000013,478,1261,-783
111000014,1830,619,1211
111000017,140,1131,-991
111000018,293,480,-187
111000020,1113,2626,-1513
111000021,79,108,-29
111000023,124,83,41
111000025,5107,4618,489
111000029,99,168,-69
111000030,61,142,-81
111000031,2442,1736,706
111000032,664,466,198
111000033,363,416,-53
111000034,285,275,10
111000037,1940,1177,763
111000038,4426,3037,1389
111000039,2317,2615,-298
111000040,2008,2858,-850
111000041,2105,2046,59
111000042,3587,2726,861
111000043,2155,3772,-1617
111000044,2113,1268,845
111000045,2402,2526,-124
111000046,1645,1931,-286
111000047,2882,4317,-1435
111000049,588,636,-48
111000050,1510,1499,11
111000051,569,1084,-515
111000052,798,1768,-970
111000053,432,971,-539
111000054,348,912,-564
111000055,1136,1860,-724
111000056,152,555,-403
111000057,65,605,-540
111000058,379,96,283
111000059,882,324,558
111000060,4729,938,3791
111000061,652,390,262
111000062,820,417,403
111000063,2862,1045,1817
111000064,581,762,-181
111000065,1167,1251,-84
111000066,562,686,-124
111000067,685,652,33
111000068,726,1197,-471
111000069,2169,2852,-683
111000070,1257,1071,186
111000071,113,620,-507
111000072,948,421,527
111000073,288,770,-482
111000074,1663,1938,-275
111000075,1164,823,341
111000076,566,701,-135
111000077,1965,1877,88
111000078,3315,1765,1550
111000079,1416,939,477
111000080,669,755,-86
111000081,1904,6177,-4273
111000082,615,660,-45
111000084,853,625,228
111000085,1163,1570,-407
111000086,2898,1328,1570
111000087,769,832,-63
111000088,6045,2516,3529
111000089,799,1182,-383
111000090,1238,1650,-412
111000091,814,559,255
111000092,1310,1039,271
111000093,974,1113,-139
111000094,2322,1203,1119
111000095,733,2142,-1409
111000096,2241,7855,-5614
111000097,4742,1620,3122
111000098,845,1356,-511
111000099,749,1997,-1248
111000100,501,1648,-1147
111000101,499,919,-420
111000102,302,728,-426
111000104,859,233,626
111000107,137,840,-703
111000109,929,318,611
111000110,1446,713,733
111000111,3156,662,2494
111000112,2369,721,1648
111000113,835,1498,-663
111000114,1669,3523,-1854
111000115,6370,1498,4872
111000116,990,1141,-151
111000117,501,994,-493
111000118,2252,1026,1226
111000119,1058,1201,-143
111000120,469,679,-210
111000121,313,710,-397
111000122,560,1440,-880
111000123,1092,3177,-2085
111000124,478,2948,-2470
111000125,337,1625,-1288
111000126,121,1003,-882
111000127,1033,219,814
111000128,2733,429,2304
111000129,2932,571,2361
111000130,2240,945,1295
111000131,1621,760,861
111000132,1435,890,545
111000133,220,202,18
111000134,137,148,-11
111000135,36,201,-165
111000136,318,367,-49
111000138,12,10,2
111000140,3,11,-8
111000141,235,411,-176
111000142,14,133,-119
111000143,4,128,-124
111000144,18,391,-373
111000145,2309,24,2285
111000146,132,11,121
111000147,356,49,307
111000148,202,84,118
111000149,4,46,-42
111000150,28,8,20
111000151,3,27,-24
111000153,730,906,-176
111000154,825,305,520
111000155,103,255,-152
111000156,458,770,-312
111000157,252,1430,-1178
111000158,1024,930,94
111000159,2930,785,2145
111000160,407,369,38
111000161,20,316,-296
111000162,108,216,-108
111000163,802,1114,-312
111000164,880,4855,-3975
111000165,1270,712,558
111000166,2544,499,2045
111000167,191,557,-366
111000168,246,528,-282
111000169,349,772,-423
111000170,590,509,81
111000171,573,760,-187
111000172,186,456,-270
111000173,420,931,-511
111000174,220,407,-187
111000175,36,336,-300
111000176,663,151,512
111000177,379,228,151
111000178,1316,382,934
111000179,174,234,-60
111000180,253,515,-262
111000181,1152,289,863
111000182,194,234,-40
111000183,895,355,540
111000184,469,235,234
111000185,523,524,-1
111000186,767,295,472
111000187,145,204,-59
111000188,243,393,-150
111000189,1180,703,477
111000190,196,385,-189
111000191,186,398,-212
111000192,234,583,-349
111000193,344,331,13
111000194,72,368,-296
111000195,221,348,-127
111000196,59,189,-130
111000197,578,177,401
111000198,1296,154,1142
111000199,256,183,73
111000200,354,357,-3
111000201,586,338,248
111000202,226,271,-45
111000203,293,420,-127
111000204,406,1034,-628
111000213,217,454,-237
111000214,1966,1479,487
111000215,1013,1331,-318
111000217,1394,1209,185
111000218,1289,1480,-191
111000219,386,249,137
111000220,1900,1200,700
111000221,887,146,741
111000224,1,231,-230
111000225,274,69,205
111000226,142,1,141
111000227,44,11,33
111000228,46,399,-353
111000229,77,920,-843
111000230,309,474,-165
111000231,1081,927,154
111000232,783,1012,-229
111000233,1062,1004,58
111000234,168,453,-285
111000239,200,215,-15
111000240,50,233,-183
111000241,57,373,-316
111000242,241,79,162
111000243,376,639,-263
111000244,721,102,619
111000245,1971,513,1458
111000246,434,477,-43
111000247,310,864,-554
111000248,620,731,-111
111000249,483,707,-224
111000250,45,148,-103
111000251,59,157,-98
111000253,7,26,-19
111000255,40,9,31
111000257,32,30,2
111000260,126,1148,-1022
111000261,1309,164,1145
111000271,51,288,-237
111000273,4393,1680,2713
111000274,1253,2727,-1474
111000275,213,59,154
111000276,324,2154,-1830
111000277,252,474,-222
111000278,758,286,472
111000291,710,5948,-5238
111000298,626,299,327
111000299,637,192,445
111000300,189,640,-451
111000302,306,71,235
111000303,72,281,-209
111000312,72,114,-42
111000315,0,70,-70
111000320,439,826,-387
111000321,419,91,328
111000322,377,594,-217
111000323,233,26,207
111000324,420,367,53
111000325,57,67,-10
111000326,204,360,-156
111000327,1065,423,642
111000328,214,555,-341
111000329,1,29,-28
111000330,71,10,61
111000331,46,9,37
111000332,628,1501,-873
111000334,404,1508,-1104
111000335,1358,334,1024
111000337,1162,488,674
111000338,135,184,-49
111000339,741,503,238
111000340,352,695,-343
111000341,1091,786,305
111000342,292,767,-475
111000344,1259,830,429
111000345,386,71,315
111000346,36,114,-78
111000347,176,25,151
111000350,259,124,135
111000351,208,300,-92
111000352,229,122,107
111000353,175,297,-122
111000354,737,125,612
111000355,523,732,-209
111000358,301,1317,-1016
111000360,242,773,-531
111000361,117,325,-208
111000546,1836,727,1109
111000547,622,625,-3
111000548,145,428,-283
111000549,360,405,-45
111000550,96,1140,-1044
111000551,865,214,651
111000552,2457,191,2266
111000907,361,13,348
111000908,17,0,17
111000916,1600,373,1227
111000917,70,471,-401
111000918,188,911,-723
111000920,535,18,517
111000921,3,233,-230
111000922,680,361,319
111000924,70,838,-768
111000925,2362,2154,208
111000926,1173,1710,-537
111000927,3167,4685,-1518
111000928,4778,3639,1139
111000929,1984,1611,373
111000930,1029,2541,-1512
111000931,2250,3226,-976
111000932,4382,2814,1568
111000933,3964,2836,1128
111000934,2149,4169,-2020
111000935,1397,1286,111
111000936,1109,2413,-1304
111000937,866,1717,-851
111000938,1686,1735,-49
111000939,503,70,433
111000940,501,196,305
111000941,577,627,-50
111000943,422,330,92
111000944,142,372,-230
111000945,139,1669,-1530
111001109,541,389,152
111001110,140,531,-391
111001111,85,12,73
111001112,113,6,107
111001113,0,166,-166
111001114,969,95,874
111001115,24,479,-455
111001116,5661,4160,1501
111001117,801,3231,-2430
111001120,119,316,-197
111001121,152,232,-80
111001122,241,423,-182
111001123,141,54,87
111900001,13,125,-112
111900002,25,899,-874
111900003,5,423,-418
111900004,91,152,-61
111900006,21,53,-32
111900007,117,8,109
111900008,219,9,210
111900009,234,256,-22
111900010,448,576,-128
111900012,77,111,-34
111900013,45,139,-94
111900014,5919,3699,2220
111900015,0,61,-61
111900016,3,123,-120
111900017,0,133,-133
111900018,223,5,218
111900019,3,175,-172
111900020,6,64,-58
111900021,49,96,-47
111900022,19,62,-43
111900023,183,116,67
111900024,3,92,-89
111900025,0,28,-28
111900026,0,103,-103
111900027,9,185,-176
111900028,2,422,-420
111900029,8,93,-85
111900030,38,428,-390
111900031,123,65,58
111900032,4,354,-350
111900033,9,129,-120
111900034,297,517,-220
111900035,98,253,-155
111900036,3,270,-267
111900038,349,633,-284
111900039,81,535,-454
111900040,2,475,-473
111900042,84,175,-91
111900043,3,350,-347
111900044,360,230,130
111900046,45,171,-126
111900048,215,682,-467
111900049,38,264,-226
111900050,121,47,74
111900051,5,252,-247
111900052,459,510,-51
111900053,1378,1576,-198
111900054,210,10,200
111900055,38,467,-429
111900056,214,277,-63
111900057,189,47,142
111900058,401,627,-226
111900059,1788,596,1192
111900060,536,6,530
111900061,17,251,-234
111900062,39,88,-49
111900063,542,302,240
111900064,117,268,-151
111900065,112,56,56
111900066,145,203,-58
111900067,3,441,-438
111900068,53,43,10
111900069,96,51,45
111900070,127,123,4
111900071,3,292,-289
111900072,56,18,38
111900073,803,124,679
111900074,16,262,-246
111900075,107,10,97
111900076,186,43,143
111900077,32,4,28
111900078,290,19,271
111900079,56,36,20
111900080,267,280,-13
111900081,804,240,564
111900082,120,17,103
111900083,104,14,90
111900084,91,10,81
111900085,69,125,-56
111900086,49,2,47
111900087,50,0,50
111900088,461,7,454
111900089,137,10,127
111900090,77,101,-24
111900091,230,3,227
111900092,73,2,71
111900093,331,5,326
111900094,114,1,113
111900095,310,56,254
111900096,145,4,141
111900097,57,0,57
111900098,197,3,194
111900099,101,0,101
111900100,180,11,169
111900101,110,41,69
111900102,994,673,321
111900103,109,82,27
111900104,343,96,247
111900105,374,217,157
111900106,1811,91,1720
111900107,172,139,33
111900108,193,265,-72
111900109,664,556,108
111900110,1988,484,1504
111900111,281,200,81
111900112,744,2865,-2121
111900113,282,103,179
111900114,210,151,59
111900115,10,39,-29
111900118,341,116,225
111900119,331,173,158
111900122,217,110,107
111900123,30,63,-33
111900124,66,139,-73
111900125,563,21,542
111900126,303,10,293
111900127,4,671,-667
111900128,3,492,-489
111900129,293,6,287
111900130,347,34,313
111900131,459,8,451
111900132,61,1067,-1006
111900133,17,380,-363
111900134,15,243,-228
111900135,23,43,-20
111900136,98,158,-60
111900137,63,83,-20
111900138,13,99,-86
111900139,23,164,-141
111900140,137,55,82
111900141,94,24,70
111900142,124,49,75
111900143,24,186,-162
111900144,1,146,-145
111900145,3,509,-506
111900146,2,286,-284
111900147,194,445,-251
111900148,53,663,-610
111900149,16,280,-264
111900150,19,189,-170
111900151,2,36,-34
111900152,104,102,2
111900153,1757,584,1173
111900154,23,251,-228
111900155,90,64,26
111900156,46,63,-17
111900157,123,20,103
111900158,592,66,526
111900159,307,18,289
111900160,260,0,260
111900161,186,11,175
111900162,47,174,-127
111900163,70,210,-140
111900164,101,105,-4
111901113,433,250,183
111901114,868,323,545
111901115,110,6,104
111901116,85,14,71
111901117,25,55,-30
111901118,75,373,-298
111901119,863,109,754
111901120,158,250,-92
111901121,226,282,-56
111901122,6,501,-495
111901123,161,370,-209
111901124,209,2,207
111901125,407,147,260
111901126,135,70,65
111901127,734,565,169
111901128,32,100,-68
111901129,16,170,-154
111901130,7,227,-220
111901131,4,301,-297
111901132,110,14,96
111901133,48,0,48
111901134,70,3,67
111901135,19,24,-5
111901136,28,56,-28
111901137,1,36,-35
111901138,245,49,196
111901139,29,42,-13
111901140,6,119,-113
111901141,16,176,-160
111901142,12,106,-94
111901143,2,108,-106
111901144,45,38,7
111901145,95,286,-191
112000001,2063,918,1145
112000002,767,2588,-1821
112000003,1424,1085,339
112000004,786,1235,-449
112000005,3278,3697,-419
112000006,2507,2312,195
112000007,2918,2063,855
112000008,2491,3673,-1182
112000009,3558,3290,268
112000010,3060,3582,-522
112000011,2017,1977,40
112000012,5850,4670,1180
112000013,5582,4058,1524
112000014,3424,2351,1073
112000015,4405,3988,417
112000016,8239,2003,6236
112000017,4134,3506,628
112000024,2811,1352,1459
112000026,4136,5126,-990
112000027,981,641,340
112000028,1678,1847,-169
112000029,599,759,-160
112000030,224,157,67
112000031,1630,5280,-3650
112000032,568,112,456
112000033,2536,2136,400
112000034,378,129,249
112000035,329,575,-246
112000036,1247,1318,-71
112000037,2594,1070,1524
112000038,1990,1312,678
112000039,70,88,-18
112000040,140,450,-310
112000041,505,699,-194
112000042,1434,562,872
112000050,1222,1803,-581
112000051,1184,1464,-280
112000054,1976,2020,-44
112000057,717,537,180
112000058,564,881,-317
112000059,630,1018,-388
112000061,3515,2177,1338
112000062,1757,818,939
112000063,1158,1469,-311
112000064,4676,5571,-895
112000065,2321,2819,-498
112000066,3878,1450,2428
112000067,875,843,32
112000068,3397,2513,884
112000069,826,2133,-1307
112000070,2351,854,1497
112000071,1357,3113,-1756
112000072,2621,990,1631
112000073,2265,2861,-596
112000074,2213,1385,828
112000075,1569,1638,-69
112000076,4385,3262,1123
112000077,1707,648,1059
112000078,1944,888,1056
112000079,1785,1738,47
112000080,782,929,-147
112000081,1620,2731,-1111
112000082,1662,1064,598
112000083,642,1445,-803
112000084,1308,934,374
112000085,1356,1105,251
112000086,2295,1585,710
112000087,541,447,94
112000088,814,728,86
112000089,450,371,79
112000090,391,358,33
112000091,678,1194,-516
112000092,1945,1342,603
112000093,1725,1134,591
112000094,670,908,-238
112000095,616,1044,-428
112000096,617,737,-120
112000097,1262,937,325
112000098,1312,1400,-88
112000099,793,1761,-968
112000100,2121,956,1165
112000101,854,1231,-377
112000102,1265,608,657
112000103,399,1362,-963
112000105,502,1831,-1329
112000106,1608,447,1161
112000107,21,413,-392
112000108,246,1572,-1326
112000109,111,146,-35
112000110,1990,782,1208
112000111,1572,4601,-3029
112000112,6820,816,6004
112000113,1077,2138,-1061
112000114,4695,1206,3489
112000115,536,635,-99
112000116,1048,1601,-553
112000117,1137,953,184
112000118,1548,1098,450
112000119,523,876,-353
112000120,84,444,-360
112000121,118,457,-339
112000122,344,180,164
112000123,663,196,467
112000124,375,127,248
112000125,263,350,-87
112000126,291,473,-182
112000127,3192,2568,624
112000128,1198,951,247
112000129,130,128,2
112000130,179,101,78
112000131,32,311,-279
112000132,169,311,-142
112000133,457,216,241
112000134,608,438,170
112000135,3432,924,2508
112000136,2564,1654,910
112000137,4165,2050,2115
112000138,5008,1556,3452
112000139,1223,611,612
112000140,1593,1310,283
112000141,918,347,571
112000142,232,761,-529
112000143,1136,228,908
112000144,373,1483,-1110
112000145,2529,777,1752
112000146,655,2149,-1494
112000147,2643,2140,503
112000148,1996,2388,-392
112000149,752,828,-76
112000150,406,1009,-603
112000151,305,529,-224
112000152,438,657,-219
112000153,198,435,-237
112000154,168,308,-140
112000155,169,155,14
112000157,1133,640,493
112000158,327,596,-269
112000159,550,508,42
112000167,424,78,346
112000169,324,454,-130
112000173,885,309,576
112000175,650,530,120
112000176,3596,2337,1259
112000177,798,223,575
112000178,103,498,-395
112000179,323,134,189
112000180,303,502,-199
112000181,1575,2330,-755
112000182,1184,1921,-737
112000183,60,73,-13
112000184,430,530,-100
112000185,603,783,-180
112000187,4671,3099,1572
112000195,196,16,180
112000196,328,3,325
112000197,191,192,-1
112000198,59,317,-258
112000199,1801,1198,603
112000202,432,1,431
112000216,62,327,-265
112000230,86,3,83
112000231,3,257,-254
112000256,36,269,-233
112000313,91,203,-112
112000314,70,31,39
112000337,595,712,-117
112000352,458,433,25
112000392,1467,1216,251
112000398,1332,1090,242
112000399,1948,2567,-619
112000400,1931,3816,-1885
112000401,3289,2999,290
112000402,3406,3415,-9
112000403,2308,3268,-960
112000404,748,863,-115
112000405,1967,3133,-1166
112000406,3848,2875,973
112000407,7202,9932,-2730
112000408,9006,7927,1079
112000409,1733,5351,-3618
112000410,644,332,312
112000411,4634,2267,2367
112000412,1721,798,923
112000413,9501,6178,3323
112000414,79,126,-47
112000415,130,64,66
112000416,2548,1926,622
112000417,246,95,151
112000421,49,211,-162
112000422,471,414,57
112000424,2450,3015,-565
112000425,574,832,-258
112000426,149,460,-311
112000427,1,13,-12
112000428,249,390,-141
112000429,2682,2914,-232
112000430,2702,3068,-366
112000431,100,155,-55
112000432,719,1479,-760
112000433,539,1055,-516
112000437,49,194,-145
112900001,54,0,54
112900002,424,1179,-755
112900003,83,387,-304
112900004,48,381,-333
112900005,207,283,-76
112900006,10,338,-328
112900007,46,257,-211
112900008,2,56,-54
112900009,411,129,282
112900010,445,1130,-685
112900011,227,301,-74
112900012,2,63,-61
112900013,18,300,-282
112900014,6,465,-459
112900015,491,899,-408
112900016,9,314,-305
112900017,53,243,-190
112900018,0,330,-330
112900019,65,333,-268
112900020,458,1252,-794
112900021,1,246,-245
112900022,21,105,-84
112900023,9,175,-166
112900024,22,291,-269
112900025,159,258,-99
112900026,8,286,-278
112900027,84,1328,-1244
112900028,37,140,-103
112900029,22,611,-589
112900030,204,214,-10
112900031,19,619,-600
112900032,309,322,-13
112900034,5,48,-43
112900035,13,500,-487
112900036,201,168,33
112900037,217,232,-15
112900038,758,256,502
112900039,18,381,-363
112900040,5,561,-556
112900041,939,1396,-457
112900042,82,404,-322
112900043,54,73,-19
112900044,630,677,-47
112900045,420,375,45
112900046,341,81,260
112900047,12,43,-31
112900049,219,123,96
112900050,49,603,-554
112900051,462,835,-373
112900052,15,1073,-1058
112900053,1499,185,1314
112900054,255,83,172
112900055,191,55,136
112900056,475,267,208
112900057,18,637,-619
112900058,377,357,20
112900059,226,169,57
112900060,27,267,-240
112900061,132,183,-51
112900062,97,225,-128
112900063,198,27,171
112900064,234,241,-7
112900065,59,40,19
112900066,385,209,176
112900067,609,227,382
112900068,50,27,23
112900069,2186,966,1220
112900071,47,5,42
112900072,219,2210,-1991
112900073,784,86,698
112900074,124,270,-146
112900075,1604,975,629
112900076,134,26,108
112900078,385,570,-185
112900079,404,49,355
112900080,112,2,110
112900081,51,235,-184
112900082,583,25,558
112900083,146,112,34
112900084,258,133,125
112900085,4,14,-10
112900086,135,0,135
112900087,774,229,545
112900088,181,30,151
112900089,1079,24,1055
112900090,59,28,31
112900091,238,3,235
112900092,305,294,11
112900093,2054,44,2010
112900094,201,7,194
112900095,63,4,59
112900096,563,222,341
112900097,133,416,-283
112900098,342,12,330
112900099,860,17,843
112900100,110,1,109
112900101,819,7,812
112900102,409,18,391
112900103,319,8,311
112900104,7,0,7
112900105,20,2,18
112900106,436,142,294
112900107,7,0,7
112900108,56,3,53
112900109,168,2,166
112900110,1247,23,1224
112900111,799,3,796
112900112,388,7,381
112900113,0,10,-10
112900114,147,53,94
112900115,1298,2,1296
112900116,169,42,127
112900117,103,127,-24
112900118,37,101,-64
112900119,170,4,166
112900120,986,344,642
112900121,163,255,-92
112900122,151,127,24
112900123,151,30,121
112900124,13,175,-162
112900125,98,693,-595
112900126,255,297,-42
112900127,403,144,259
112900128,422,805,-383
112900129,5,1031,-1026
112900130,357,107,250
112900131,48,279,-231
112900132,413,479,-66
112900133,41,1436,-1395
112900134,0,333,-333
112900135,185,73,112
112900136,0,35,-35
112900137,1,546,-545
112900138,8,360,-352
112900139,264,1271,-1007
112900140,0,74,-74
112900141,842,93,749
112900142,125,167,-42
112900143,40,624,-584
112900144,3,306,-303
112900145,35,522,-487
112900146,7,1341,-1334
112900147,7,1918,-1911
112900148,69,0,69
112900149,328,1394,-1066
112900151,16,73,-57
112900152,4278,1153,3125
112900153,2462,2950,-488
112900154,0,154,-154
112900155,216,33,183
112900156,379,1734,-1355
112900157,226,4,222
112900158,65,37,28
112900159,241,118,123
112900160,81,398,-317
112900161,148,48,100
112900162,43,33,10
112900163,143,63,80
112900164,45,353,-308
112900165,546,46,500
112900166,43,102,-59
112900167,9,82,-73
112900168,11,9,2
112900169,14,14,0
112900170,139,129,10
112900172,53,16,37
112900173,218,98,120
112900174,273,59,214
112900175,223,158,65
112900176,11,57,-46
112900177,269,62,207
112900178,1132,3102,-1970
112900179,38,502,-464
112900180,2591,1908,683
112900181,569,9,560
112900182,66,1349,-1283
112900183,186,380,-194
112900184,551,512,39
112900185,427,793,-366
112900186,1873,1285,588
112900187,101,782,-681
112900188,877,665,212
112900189,10,48,-38
112900190,21,47,-26
112900192,706,774,-68
112900193,1548,446,1102
112900194,52,144,-92
112900195,1172,69,1103
112900196,215,336,-121
112900197,253,465,-212
112900199,530,531,-1
112900200,592,288,304
112900201,149,120,29
112900202,375,919,-544
112900203,277,340,-63
112900204,1073,942,131
112900205,13,19,-6
112900206,20,93,-73
112900207,26,0,26
112900208,78,346,-268
112900209,493,479,14
112900210,1,20,-19
112900211,126,137,-11
112900212,1,119,-118
112900213,40,25,15
112900214,31,14,17
112900215,24,231,-207
112900216,42,67,-25
112900217,4,57,-53
112900218,95,59,36
112900219,381,13,368
112900220,9,1,8
112900221,71,134,-63
112900222,0,45,-45
112900223,1305,35,1270
112900224,316,551,-235
112900225,493,420,73
112900226,275,497,-222
112900227,793,1326,-533
112900228,65,51,14
112900229,199,85,114
112900230,8465,5085,3380
112900232,427,287,140
112900233,96,218,-122
112900234,28,163,-135
112900235,176,40,136
112900236,328,19,309
112900237,186,245,-59
112900238,6,60,-54
112900239,654,353,301
113000001,6522,5421,1101
113000002,4108,4328,-220
113000003,2075,1898,177
113000004,2358,2641,-283
113000005,1874,1202,672
113000006,1212,1655,-443
113000007,2334,1350,984
113000008,2177,2093,84
113000009,1075,905,170
113000010,1552,1711,-159
113000011,727,1795,-1068
113000012,2320,920,1400
113000013,1671,777,894
113000014,1927,1886,41
113000015,891,361,530
113000016,489,1135,-646
113000017,111,502,-391
113000018,503,82,421
113000019,249,335,-86
113000020,515,62,453
113000021,1536,597,939
113000022,825,1375,-550
113000025,176,539,-363
113000026,416,645,-229
113000027,869,722,147
113000028,1264,806,458
113000029,1100,661,439
113000030,527,795,-268
113000031,310,377,-67
113000032,368,374,-6
113000033,466,478,-12
113000034,431,437,-6
113000035,47,65,-18
113000036,31,78,-47
113000037,92,57,35
113000038,31,70,-39
113000039,93,425,-332
113000040,78,77,1
113000042,853,817,36
113000051,956,2574,-1618
113000052,2089,1036,1053
113000053,510,522,-12
113000054,380,873,-493
113000055,1219,793,426
113000056,944,990,-46
113000058,751,1054,-303
113000059,1376,867,509
113000060,204,663,-459
113000061,460,1002,-542
113000062,1079,294,785
113000063,171,138,33
113000064,40,407,-367
113000065,169,1053,-884
113000066,761,113,648
113000067,1981,1508,473
113000068,419,1525,-1106
113000069,665,1275,-610
113000070,3006,1363,1643
113000071,757,740,17
113000072,802,518,284
113000073,558,1751,-1193
113000074,1171,556,615
113000075,2111,804,1307
113000076,718,2127,-1409
113000077,1491,679,812
113000078,970,2685,-1715
113000079,1064,904,160
113000080,847,732,115
113000081,1417,1042,375
113000082,2088,973,1115
113000083,686,925,-239
113000084,1736,1357,379
113000085,872,874,-2
113000086,1513,1296,217
113000087,1702,1059,643
113000088,2781,1668,1113
113000089,1093,1679,-586
113000090,364,674,-310
113000091,681,507,174
113000094,1358,208,1150
113000095,246,959,-713
113000096,174,753,-579
113000097,1140,413,727
113000098,242,70,172
113000099,1205,423,782
113000100,179,377,-198
113000101,447,721,-274
113000102,640,433,207
113000103,2239,631,1608
113000104,508,2027,-1519
113000105,1038,550,488
113000106,450,724,-274
113000107,802,714,88
113000108,728,1313,-585
113000109,610,1987,-1377
113000110,1724,502,1222
113000111,140,608,-468
113000112,272,326,-54
113000113,1706,416,1290
113000114,404,1746,-1342
113000116,973,359,614
113000117,1124,172,952
113000118,130,747,-617
113000119,383,457,-74
113000120,68,308,-240
113000121,1035,1293,-258
113000124,278,155,123
113000125,75,843,-768
113000127,3184,439,2745
113000128,467,697,-230
113000129,658,899,-241
113000133,2738,2460,278
113000134,11,1271,-1260
113000135,4500,4718,-218
113000137,2436,3736,-1300
113000139,489,303,186
113000140,156,290,-134
113000141,530,305,225
113000142,869,1531,-662
113000143,336,241,95
113000144,323,742,-419
113000145,94,213,-119
113000146,199,96,103
113000147,231,153,78
113000148,147,139,8
113000149,131,136,-5
113000150,663,393,270
113000151,117,64,53
113000152,45,143,-98
113000153,1556,728,828
113000154,1036,1837,-801
113000155,458,687,-229
113000156,196,441,-245
113000157,337,1090,-753
113000158,847,322,525
113000159,1247,827,420
113000160,614,1182,-568
113000161,288,498,-210
113000162,946,593,353
113000163,246,57,189
113000164,33,145,-112
113000166,174,127,47
113000167,78,153,-75
113000168,103,137,-34
113000169,186,103,83
113000170,95,105,-10
113000171,52,91,-39
113000172,248,88,160
113000173,69,28,41
113000174,134,558,-424
113000175,442,152,290
113000176,602,213,389
113000177,183,525,-342
113000178,251,462,-211
113000179,395,251,144
113000180,819,1229,-410
113000181,1129,1046,83
113000182,182,478,-296
113000183,152,690,-538
113000184,56,183,-127
113000189,555,1024,-469
113000190,1322,760,562
113000192,1634,2445,-811
113000193,4614,1423,3191
113000194,2270,1336,934
113000195,3086,1166,1920
113000196,190,117,73
113000197,2771,1255,1516
113000198,117,429,-312
113000199,2235,568,1667
113000201,307,294,13
113000202,3912,1740,2172
113000203,424,125,299
113000204,1677,2237,-560
113000205,29,42,-13
113000206,14,56,-42
113000207,80,34,46
113000208,59,75,-16
113000209,13,28,-15
113000210,9,49,-40
113000211,162,234,-72
113000212,123,44,79
113000213,46,159,-113
113000214,186,338,-152
113000234,268,1025,-757
113000410,215,286,-71
113000411,3397,5142,-1745
113000412,7677,3009,4668
113000413,3225,3283,-58
113000414,7770,17658,-9888
113000415,2882,3709,-827
113000416,10353,5167,5186
113000417,3362,3757,-395
113000418,5266,4092,1174
113000419,2239,2756,-517
113000420,5151,7089,-1938
113000421,4970,7595,-2625
113000422,14901,12898,2003
113000423,2640,5687,-3047
113000424,3610,9294,-5684
113000425,8,102,-94
113000428,165,139,26
113000430,18,498,-480
113000432,2227,205,2022
113000433,154,946,-792
113000434,21,173,-152
113000435,44,743,-699
113000436,26,1410,-1384
113000437,1111,18,1093
113000438,356,10,346
113000439,21,115,-94
113000440,101,27,74
113000441,197,211,-14
113000442,144,206,-62
113000443,223,235,-12
113000444,172,214,-42
113000445,90,110,-20
113000446,19,101,-82
113000448,199,220,-21
113000449,223,672,-449
113000450,715,2187,-1472
113000451,986,221,765
113000452,415,360,55
113000453,46,286,-240
113000454,951,24,927
113000455,11,252,-241
113000456,4634,3310,1324
113000468,1951,317,1634
113000469,142,186,-44
113000470,476,29,447
113000471,35,435,-400
113000472,110,351,-241
113000474,612,638,-26
113000475,1893,2039,-146
113000476,1460,2171,-711
113000477,3268,2387,881
113000478,4637,6124,-1487
113000479,77,215,-138
113000480,126,173,-47
113000481,0,0,0
113000482,0,0,0
113000483,0,0,0
113000484,0,0,0
113000485,0,0,0
113000486,11,0,11
113000487,0,1,-1
113000488,0,0,0
113000489,0,5,-5
113000490,0,32,-32
113000491,8,8,0
113000492,4,4,0
113000493,2,0,2
113000495,151,140,11
113000496,65,104,-39
113000500,0,1,-1
113900001,5,191,-186
113900002,2,77,-75
113900003,1,69,-68
113900004,1,45,-44
113900005,0,47,-47
113900006,1,32,-31
113900007,76,21,55
113900008,24,0,24
113900009,135,0,135
113900010,156,0,156
113900011,46,4,42
113900012,38,0,38
113900013,334,8,326
113900014,611,3,608
113900015,0,71,-71
113900016,27,0,27
113900017,5,89,-84
113900018,496,314,182
113900019,170,77,93
113900020,136,2,134
113900022,24,0,24
113900023,23,0,23
113900024,130,66,64
113900025,330,21,309
113900026,75,2,73
113900027,5,99,-94
113900028,35,521,-486
113900029,78,191,-113
113900030,202,0,202
113900031,14,0,14
113900032,21,0,21
113900033,49,130,-81
113900035,76,1,75
113900036,28,137,-109
113900037,183,499,-316
113900038,39,111,-72
113900039,147,27,120
113900040,9,13,-4
113900041,8,4,4
113900042,81,72,9
113900043,221,173,48
113900044,348,298,50
113900045,113,5,108
113900046,359,681,-322
113900047,51,133,-82
113900048,234,112,122
113900049,643,285,358
113900050,267,382,-115
113900051,268,416,-148
113900052,191,174,17
113900053,791,585,206
113900054,31,2,29
113900055,124,475,-351
113900056,40,179,-139
113900057,9,88,-79
113900058,70,176,-106
113900059,295,399,-104
113900060,215,267,-52
113900061,1134,380,754
113900062,110,14,96
113900063,159,164,-5
113900064,23,154,-131
113900065,433,19,414
113900066,465,380,85
113900067,259,282,-23
113900068,478,450,28
113900069,85,52,33
113900070,226,681,-455
113900071,81,55,26
113900072,84,196,-112
113900073,219,403,-184
113900074,165,327,-162
113900075,1420,1240,180
113900076,201,27,174
113900077,59,219,-160
113900078,54,53,1
113900079,6,67,-61
113900080,607,266,341
113900081,100,263,-163
113900082,123,298,-175
113900083,321,483,-162
113900084,240,129,111
113900085,69,308,-239
113900086,32,23,9
113900087,114,292,-178
113900088,86,118,-32
113900089,534,43,491
113900090,646,453,193
113900091,38,34,4
113900092,58,88,-30
113900093,98,835,-737
113900094,433,533,-100
113900095,111,108,3
113900096,345,89,256
113900097,58,126,-68
113900098,667,108,559
113900099,1,71,-70
113900100,1,7,-6
113900101,27,99,-72
113900102,174,191,-17
113900103,409,414,-5
113900104,135,235,-100
113900105,80,207,-127
113900106,1,79,-78
113900107,2,46,-44
113900108,237,279,-42
113900109,423,213,210
113900110,72,13,59
113900111,168,117,51
113900112,91,74,17
113900113,1226,550,676
113900114,1,98,-97
113900115,1,98,-97
113900116,132,170,-38
113900117,143,38,105
113900118,276,366,-90
113900119,275,625,-350
113900120,40,43,-3
113900121,73,111,-38
113900122,552,1913,-1361
113900123,506,226,280
113900124,1,78,-77
113900125,994,138,856
113900126,277,95,182
113900127,342,807,-465
113900128,152,78,74
113900129,13,138,-125
113900130,15,112,-97
113900131,320,102,218
113900132,37,54,-17
113900133,26,94,-68
113900135,322,410,-88
113900136,126,102,24
113900137,373,288,85
113900138,98,227,-129
113900139,432,186,246
113900140,387,506,-119
113900141,585,409,176
113900142,166,129,37
113900143,17,41,-24
113900144,345,338,7
113900145,397,190,207
113900146,169,73,96
113900148,189,307,-118
113900149,170,115,55
113900150,813,543,270
113900151,458,237,221
113900152,39,52,-13
113900153,398,682,-284
113900154,5,208,-203
113900155,258,229,29
113900156,230,541,-311
113900157,43,266,-223
113900158,541,646,-105
113900159,33,343,-310
113900160,1082,709,373
113900161,112,179,-67
113900162,916,1093,-177
113900163,364,283,81
113900164,301,62,239
113900165,1119,527,592
113900166,399,218,181
113900167,264,44,220
113900168,140,113,27
113900169,246,416,-170
113900171,205,74,131
113900172,20,203,-183
113900173,66,605,-539
113900174,533,686,-153
113900175,447,152,295
113900176,513,727,-214
113900177,387,248,139
113900178,436,143,293
113900179,21,521,-500
113900180,183,110,73
113900181,783,169,614
113900182,931,1355,-424
113900183,73,107,-34
113900184,15,664,-649
113900185,197,122,75
113900186,35,51,-16
113900187,45,145,-100
113900188,40,232,-192
113900189,346,143,203
113900190,322,122,200
113900191,153,300,-147
113900192,10,552,-542
113900193,29,287,-258
113900194,1909,1197,712
113900195,240,430,-190
113900196,14,208,-194
113900197,3,193,-190
113900198,52,225,-173
113900199,252,779,-527
113900200,26,305,-279
113900201,0,188,-188
113900202,48,304,-256
113900203,0,132,-132
113900204,74,657,-583
113900205,22,173,-151
113900206,10,186,-176
113900207,4,100,-96
113900208,0,74,-74
113900209,2,109,-107
113900210,609,1006,-397
113900211,282,74,208
113900212,190,533,-343
113900214,486,499,-13
113900215,55,140,-85
113900216,135,1067,-932
113900217,105,310,-205
113900218,225,70,155
113900219,130,459,-329
113900220,174,149,25
113900221,487,315,172
113900222,372,761,-389
113900223,198,1021,-823
113900224,88,98,-10
113900225,599,267,332
113900226,410,128,282
113900227,607,245,362
113900228,380,493,-113
113900229,80,973,-893
113900230,5046,3817,1229
113900231,251,177,74
113900232,103,111,-8
113900233,96,79,17
113900234,380,569,-189
113900235,124,38,86
113900236,199,375,-176
113900237,200,13,187
113900238,322,604,-282
113900239,55,73,-18
113900240,11,191,-180
113900241,138,60,78
113900242,45,135,-90
113900243,139,454,-315
113900244,401,265,136
113900245,1547,360,1187
113900246,21,36,-15
113900247,195,571,-376
113900248,3212,2059,1153
113900249,1074,451,623
113900250,64,164,-100
113900251,629,296,333
113900252,550,22,528
113900253,809,75,734
113900254,898,150,748
113900255,488,29,459
113900256,367,25,342
113900257,44,552,-508
113900258,12,484,-472
113900259,512,180,332
113900260,222,16,206
113900261,36,120,-84
113900262,135,605,-470
113900263,262,682,-420
113900264,18,519,-501
113900265,259,353,-94
113900266,40,163,-123
113900267,100,543,-443
113900268,379,529,-150
113900269,84,171,-87
113900270,355,778,-423
113900271,771,1295,-524
113900273,103,21,82
113900274,74,25,49
113900275,52,93,-41
113900276,3,232,-229
113900277,157,7,150
113900278,396,218,178
113900279,166,113,53
113900280,1537,652,885
113900281,770,1484,-714
113900282,1006,789,217
113900283,468,644,-176
113900284,992,313,679
113900285,154,52,102
113900286,141,151,-10
113900287,45,84,-39
113900288,3,177,-174
113900289,1133,99,1034
113900290,367,240,127
113900291,129,257,-128
113900292,29,6,23
113900293,5,336,-331
113900294,419,24,395
113900295,555,498,57
113900296,2258,557,1701
113900297,2573,83,2490
113900298,20,1728,-1708
113900299,57,170,-113
113900300,5448,3692,1756
113900301,800,461,339
113900302,2876,1117,1759
113900303,598,503,95
113900304,2,167,-165
113900305,110,2,108
113900306,57,2,55
113900307,82,0,82
113900308,113,146,-33
113900309,3,1080,-1077
113900310,3,11,-8
113900311,8,2,6
113900312,241,238,3
113900313,17,12,5
114000001,1128,3249,-2121
114000002,307,392,-85
114000003,60,329,-269
114000004,388,424,-36
114000005,319,256,63
114000006,2677,2311,366
114000007,809,1428,-619
114000008,1490,2000,-510
114000009,722,300,422
114000011,2759,2945,-186
114000012,2538,2012,526
114000013,1723,1768,-45
114000014,574,397,177
114000015,1846,510,1336
114000016,232,355,-123
114000017,95,383,-288
114000018,303,80,223
114000026,1675,1437,238
114000027,3196,2116,1080
114000028,2747,2891,-144
114000038,337,222,115
114000039,84,74,10
114000040,126,219,-93
114000042,156,206,-50
114000043,75,154,-79
114000044,164,56,108
114000045,67,87,-20
114000046,4716,5544,-828
114000047,27,98,-71
114000048,119,64,55
114000049,1687,1564,123
114000050,1634,2110,-476
114000051,3021,2093,928
114000052,5703,1848,3855
114000053,160,657,-497
114000054,270,972,-702
114000055,378,63,315
114000056,1487,1007,480
114000057,6231,2678,3553
114000058,812,1753,-941
114000059,562,338,224
114000060,594,1026,-432
114000061,3391,3184,207
114000062,2952,1743,1209
114000063,3283,1920,1363
114000064,7520,3882,3638
114000065,2054,2828,-774
114000066,401,705,-304
114000067,43,751,-708
114000068,526,726,-200
114000069,1058,679,379
114000070,2587,1853,734
114000071,762,684,78
114000072,468,317,151
114000073,15,86,-71
114000074,53,18,35
114000075,39,113,-74
114000076,44,116,-72
114000077,3,56,-53
114000078,529,895,-366
114000079,158,47,111
114000080,93,104,-11
114000081,70,117,-47
114000082,63,491,-428
114000083,81,350,-269
114000084,362,107,255
114000085,156,738,-582
114000086,233,559,-326
114000087,127,187,-60
114000088,26,48,-22
114000089,1175,518,657
114000090,867,1015,-148
114000091,1839,982,857
114000092,1213,579,634
114000093,1451,929,522
114000094,353,439,-86
114000095,245,161,84
114000096,175,507,-332
114000097,152,777,-625
114000098,610,94,516
114000099,566,695,-129
114000100,1506,880,626
114000101,426,920,-494
114000102,603,407,196
114000103,181,416,-235
114000104,89,319,-230
114000105,222,95,127
114000106,908,1095,-187
114000107,341,162,179
114000108,1492,1314,178
114000109,545,1046,-501
114000110,682,1651,-969
114000111,1838,1027,811
114000112,640,2017,-1377
114000113,1183,739,444
114000114,1592,1499,93
114000115,2095,1268,827
114000116,1462,715,747
114000117,3137,533,2604
114000118,2459,605,1854
114000119,1626,558,1068
114000120,601,1050,-449
114000121,425,839,-414
114000122,427,406,21
114000123,1877,616,1261
114000124,945,325,620
114000125,862,1523,-661
114000126,2975,319,2656
114000127,299,218,81
114000128,860,457,403
114000130,618,645,-27
114000131,349,151,198
114000132,700,694,6
114000133,1198,1659,-461
114000134,87,205,-118
114000138,58,265,-207
114000139,496,288,208
114000144,976,625,351
114000145,109,267,-158
114000146,127,324,-197
114000147,1563,1852,-289
114000148,2131,2023,108
114000149,459,340,119
114000150,748,732,16
114000151,908,1370,-462
114000152,154,60,94
114000153,895,2421,-1526
114000154,817,860,-43
114000155,1735,2246,-511
114000156,888,694,194
114000157,351,1028,-677
114000158,1698,866,832
114000159,219,467,-248
114000160,141,458,-317
114000161,1497,3546,-2049
114000162,1202,2704,-1502
114000163,22,145,-123
114000165,678,312,366
114000166,892,533,359
114000167,3422,1594,1828
114000168,1010,860,150
114000169,1785,1405,380
114000170,1272,1057,215
114000171,1214,1901,-687
114000174,240,600,-360
114000176,580,557,23
114000177,2085,1121,964
114000178,66,62,4
114000179,1169,753,416
114000180,580,868,-288
114000181,2034,3906,-1872
114000182,4768,2617,2151
114000183,1020,860,160
114000184,593,1320,-727
114000185,1743,930,813
114000189,1090,168,922
114000190,2725,426,2299
114000191,68,96,-28
114000192,326,1672,-1346
114000193,809,3145,-2336
114000194,1193,1073,120
114000195,189,44,145
114000196,1,233,-232
114000197,1179,33,1146
114000198,903,382,521
114000199,2207,1797,410
114000200,656,1888,-1232
114000201,186,974,-788
114000202,1591,747,844
114000203,438,647,-209
114000204,220,512,-292
114000205,251,1737,-1486
114000206,762,1384,-622
114000207,742,2136,-1394
114000208,540,3056,-2516
114000209,758,2485,-1727
114000210,304,1478,-1174
114000211,1035,2354,-1319
114000212,786,976,-190
114000213,1338,612,726
114000214,129,245,-116
114000215,276,95,181
114000216,1697,501,1196
114000217,315,287,28
114000218,140,297,-157
114000219,1314,345,969
114000220,34,862,-828
114000221,803,217,586
114000222,174,1085,-911
114000223,520,162,358
114000224,134,679,-545
114000225,218,649,-431
114000226,165,277,-112
114000227,924,574,350
114000228,944,886,58
114000229,1140,1393,-253
114000230,1804,1312,492
114000231,984,1286,-302
114000232,756,182,574
114000233,2143,197,1946
114000234,1200,1111,89
114000235,1144,1566,-422
114000236,0,436,-436
114000237,140,946,-806
114000238,210,169,41
114000239,244,1251,-1007
114000240,891,900,-9
114000241,335,950,-615
114000242,972,844,128
114000243,1874,961,913
114000244,1402,499,903
114000245,388,631,-243
114000246,149,41,108
114000247,1527,763,764
114000248,2455,571,1884
114000249,463,661,-198
114000250,627,930,-303
114000251,446,283,163
114000252,64,99,-35
114000253,61,204,-143
114000254,46,122,-76
114000255,624,237,387
114000256,2070,2438,-368
114000257,469,1497,-1028
114000258,345,501,-156
114000259,192,232,-40
114000260,0,26,-26
114000261,48,60,-12
114000262,272,156,116
114000263,17,3,14
114000264,1139,610,529
114000265,0,20,-20
114000267,4,1895,-1891
114000268,8,1654,-1646
114000270,188,2,186
114000271,476,100,376
114000283,1324,553,771
114000285,53,229,-176
114000288,108,307,-199
114000289,1180,149,1031
114000293,185,455,-270
114000294,210,303,-93
114000395,1698,71,1627
114000396,554,553,1
114000402,484,342,142
114000403,240,424,-184
114000405,197,510,-313
114000423,438,499,-61
114000424,551,245,306
114000425,753,373,380
114000426,370,959,-589
114000427,53,81,-28
114000428,247,194,53
114000429,14,323,-309
114000432,114,120,-6
114000434,43,102,-59
114000435,35,236,-201
114000436,3456,1112,2344
114000437,482,2820,-2338
114900001,791,1172,-381
114900002,1172,167,1005
114900003,621,1510,-889
114900004,265,502,-237
114900005,589,851,-262
114900006,133,103,30
114900007,352,24,328
114900008,201,112,89
114900010,1950,1862,88
114900011,233,177,56
114900013,264,127,137
114900015,87,479,-392
114900018,927,22,905
114900020,202,78,124
114900022,51,682,-631
114900024,298,160,138
114900025,454,208,246
114900026,76,166,-90
114900027,269,221,48
114900029,17,22,-5
114900030,350,218,132
114900031,327,34,293
114900032,421,32,389
114900033,1291,730,561
114900034,49,221,-172
114900035,199,347,-148
114900036,294,847,-553
114900037,127,164,-37
114900038,177,722,-545
114900039,585,598,-13
114900040,78,191,-113
114900041,663,525,138
114900042,758,715,43
114900043,636,296,340
114900044,364,56,308
114900046,54,132,-78
114900047,218,1886,-1668
114900048,149,315,-166
114900049,8,229,-221
114900050,58,470,-412
114900051,21,407,-386
114900052,198,270,-72
114900053,214,285,-71
114900054,55,188,-133
114900057,248,10,238
114900058,0,111,-111
114900059,77,59,18
114900060,1368,1043,325
114900061,117,190,-73
114900062,359,434,-75
114900063,59,216,-157
114900064,1417,534,883
114900065,401,792,-391
114900067,297,526,-229
114900068,89,203,-114
114900069,218,147,71
114900070,526,499,27
114900072,2,365,-363
114900073,2,244,-242
114900074,692,775,-83
114900075,382,18,364
114900076,15,462,-447
114900080,2223,435,1788
114900082,3730,2102,1628
114900083,1463,1200,263
114900090,383,246,137
114900091,216,236,-20
114900095,377,122,255
114900096,511,784,-273
114900097,120,1,119
114900098,6,228,-222
114900099,314,7,307
115000001,6617,4561,2056
115000002,3620,4104,-484
115000003,5271,3877,1394
115000004,3809,6052,-2243
115000005,1918,2501,-583
115000006,1004,1694,-690
115000007,89,185,-96
115000008,998,645,353
115000009,169,215,-46
115000010,284,194,90
115000013,92,173,-81
115000015,82,364,-282
115000016,284,322,-38
115000019,61,556,-495
115000020,136,856,-720
115000021,302,509,-207
115000022,598,493,105
115000023,394,721,-327
115000024,1393,691,702
115000025,978,851,127
115000026,216,549,-333
115000027,321,407,-86
115000028,309,1042,-733
115000029,640,177,463
115000030,1156,1367,-211
115000031,1435,553,882
115000032,9,339,-330
115000033,140,39,101
115000034,122,1410,-1288
115000035,1279,78,1201
115000036,1,533,-532
115000037,782,9,773
115000038,32,198,-166
115000039,3963,3678,285
115000040,8426,3509,4917
115000041,1449,3665,-2216
115000042,1253,792,461
115000043,3841,2425,1416
115000044,4016,4584,-568
115000045,2840,2111,729
115000046,2274,2501,-227
115000047,2110,1758,352
115000048,1596,2735,-1139
115000049,1683,3847,-2164
115000050,3359,2699,660
115000051,1929,3327,-1398
115000052,2255,2023,232
115000053,1804,1840,-36
115000054,685,1352,-667
115000055,166,553,-387
115000056,262,663,-401
115000057,666,871,-205
115000058,499,281,218
115000059,294,146,148
115000061,235,157,78
115000062,214,340,-126
115000063,309,314,-5
115000064,196,161,35
115000065,50,454,-404
115000067,237,22,215
115000069,105,323,-218
115000070,52,1119,-1067
115000071,159,17,142
115000072,20,110,-90
115000073,1435,58,1377
115000075,92,100,-8
115000076,4066,3522,544
115000077,3897,2853,1044
115000078,1461,1503,-42
115000079,1955,2122,-167
115000080,2675,2702,-27
115000081,516,1216,-700
115000082,4014,4044,-30
115000083,2345,3079,-734
115000084,2462,1300,1162
115000085,880,1361,-481
115000086,1267,999,268
115000087,527,1690,-1163
115000088,1962,936,1026
115000089,1476,1516,-40
115000090,593,949,-356
115000091,294,1049,-755
115000092,521,352,169
115000093,479,4,475
115000094,7390,5996,1394
115000095,5500,6138,-638
115000096,722,1595,-873
115000097,866,965,-99
115000098,1080,849,231
115000099,2591,3019,-428
115000100,1124,483,641
115000101,513,1698,-1185
115000102,455,297,158
115000103,356,761,-405
115000105,67,186,-119
115000106,585,364,221
115000107,245,568,-323
115000108,3647,2719,928
115000109,4995,4829,166
115000110,1793,1568,225
115000111,860,2247,-1387
115000112,963,889,74
115000113,853,1095,-242
115000114,2282,1058,1224
115000116,4763,2893,1870
115000117,4921,4272,649
115000118,4109,2072,2037
115000119,4490,3129,1361
115000120,921,1480,-559
115000121,1979,1340,639
115000122,5435,1914,3521
115000123,2199,2881,-682
115000124,1260,1299,-39
115000125,636,750,-114
115000126,235,352,-117
115000127,444,179,265
115000128,707,876,-169
115000129,374,419,-45
115000130,478,938,-460
115000131,913,292,621
115000132,575,484,91
115000133,755,349,406
115000134,879,325,554
115000135,512,243,269
115000136,311,302,9
115000137,171,220,-49
115000138,431,323,108
115000139,240,284,-44
115000140,385,243,142
115000141,181,358,-177
115000142,176,279,-103
115000143,747,657,90
115000144,591,83,508
115000145,277,377,-100
115000146,931,426,505
115000147,784,547,237
115000148,342,1201,-859
115000149,581,289,292
115000150,828,1103,-275
115000151,1162,773,389
115000152,890,1303,-413
115000153,1140,865,275
115000154,727,457,270
115000155,771,1095,-324
115000156,1152,829,323
115000157,991,920,71
115000158,908,381,527
115000159,839,738,101
115000160,787,711,76
115000161,495,642,-147
115000162,965,894,71
115000163,674,767,-93
115000164,778,631,147
115000165,480,595,-115
115000167,161,80,81
115000168,755,428,327
115000169,639,418,221
115000170,167,106,61
115000171,304,245,59
115000172,1592,750,842
115000173,413,536,-123
115000174,259,356,-97
115000175,240,176,64
115000176,241,161,80
115000177,240,227,13
115000178,34,295,-261
115000179,42,70,-28
115000180,163,658,-495
115000181,660,201,459
115000182,943,396,547
115000183,465,906,-441
115000186,727,369,358
115000187,211,861,-650
115000188,446,586,-140
115000189,260,468,-208
115000190,826,453,373
115000191,246,594,-348
115000194,176,235,-59
115000195,365,344,21
115000196,252,106,146
115000197,492,284,208
115000198,407,248,159
115000199,300,213,87
115000200,389,135,254
115000201,191,482,-291
115000206,477,95,382
115000207,156,406,-250
115000208,572,805,-233
115000209,1108,394,714
115000210,272,208,64
115000211,502,287,215
115000212,1548,419,1129
115000224,493,67,426
115000225,58,115,-57
115000229,179,192,-13
115000230,121,444,-323
115000231,287,1804,-1517
115000232,1614,288,1326
115000233,171,252,-81
115000234,23,283,-260
115000241,94,305,-211
115000242,118,324,-206
115000243,43,248,-205
115000244,8,120,-112
115000246,27,50,-23
115000247,53,35,18
115000248,26,24,2
115000249,49,24,25
115000250,259,51,208
115000251,290,192,98
115000252,148,285,-137
115000253,17,527,-510
115000258,353,244,109
115000259,374,226,148
115000261,28,22,6
115000262,22,28,-6
115000263,20,54,-34
115000264,41,37,4
115000267,121,66,55
115000268,48,148,-100
115000269,117,87,30
115000270,73,25,48
115000272,75,155,-80
115000273,389,41,348
115000280,2571,209,2362
115000281,832,675,157
115000282,2233,957,1276
115000284,372,165,207
115000296,1211,18,1193
115000297,258,144,114
115000298,163,379,-216
115000300,247,218,29
115000302,638,205,433
115000303,670,198,472
115000304,703,117,586
115000305,132,853,-721
115000306,269,386,-117
115000307,168,242,-74
115000308,45,23,22
115000309,8,44,-36
115000310,979,1305,-326
115000311,864,1368,-504
115000313,115,734,-619
115000314,473,150,323
115000315,959,383,576
115000316,90,131,-41
115000317,195,617,-422
115000318,857,377,480
115000319,74,386,-312
115000320,24,438,-414
115000321,479,11,468
115000322,44,239,-195
115000449,362,235,127
115000557,44,1133,-1089
115000558,419,97,322
115000587,542,485,57
115000588,2299,3073,-774
115000589,3275,2499,776
115000590,1344,1475,-131
115000591,2133,796,1337
115000592,708,1783,-1075
115000593,1536,686,850
115000594,1197,2321,-1124
115000609,139,188,-49
115000617,2605,3878,-1273
115000624,393,110,283
115000633,546,2461,-1915
115000634,2862,1152,1710
115000635,485,138,347
115000638,855,748,107
115000641,48,125,-77
115000642,390,400,-10
115000643,164,598,-434
115000644,212,570,-358
115000646,1063,2016,-953
115000647,238,584,-346
115000648,1751,2241,-490
115000893,3461,1462,1999
115000894,142,1231,-1089
115000895,391,791,-400
115000896,1081,353,728
115000897,629,168,461
115000898,1072,246,826
115000899,676,1121,-445
115000900,149,430,-281
115000901,102,136,-34
115000912,352,109,243
115000913,0,31,-31
115000915,23,0,23
115000916,26,8,18
115000917,0,17,-17
115000918,155,799,-644
115000919,15,21,-6
115000920,75,50,25
115000921,978,156,822
115000922,775,747,28
115000923,368,784,-416
115000925,109,98,11
115000927,37,71,-34
115000933,165,186,-21
115000934,175,244,-69
115000935,158,116,42
115900001,109,52,57
115900002,71,144,-73
115900003,193,110,83
115900004,4,77,-73
115900005,170,11,159
115900006,193,298,-105
115900008,48,5,43
115900009,104,226,-122
115900010,380,199,181
115900011,574,349,225
115900012,130,78,52
115900013,469,204,265
115900014,140,215,-75
115900015,149,83,66
115900016,169,31,138
115900017,20,14,6
115900018,238,154,84
115900019,679,24,655
115900020,100,3,97
115900021,1661,228,1433
115900022,1175,30,1145
115900023,73,2,71
115900025,71,306,-235
115900026,952,284,668
115900027,0,334,-334
115900028,968,97,871
115900029,20,472,-452
115900030,73,45,28
115900031,412,402,10
115900032,569,787,-218
115900033,1,92,-91
115900034,33,487,-454
115900035,38,28,10
115900036,88,723,-635
115900037,62,423,-361
115900038,41,16,25
115900039,216,264,-48
115900041,529,632,-103
115900042,21,5,16
115900043,124,96,28
115900044,381,346,35
115900046,293,398,-105
115900047,184,164,20
115900049,142,215,-73
115900051,10,43,-33
115900052,13,249,-236
115900053,225,216,9
115900054,237,59,178
115900055,31,132,-101
115900056,268,397,-129
115900057,66,15,51
115900058,39,94,-55
115900060,136,219,-83
115900061,216,3,213
115900062,43,328,-285
115900063,79,27,52
115900064,178,352,-174
115900065,126,177,-51
115900066,195,196,-1
115900067,10,667,-657
115900068,3254,917,2337
115900069,105,216,-111
115900070,166,252,-86
115900071,1,504,-503
115900072,84,257,-173
115900073,76,81,-5
115900074,2,262,-260
115900075,68,304,-236
115900076,4,64,-60
115900077,6,240,-234
115900078,176,177,-1
115900079,186,12,174
115900080,512,244,268
115900081,22,61,-39
115900082,145,223,-78
115900084,523,28,495
115900085,58,75,-17
115900086,1622,724,898
115900088,24,82,-58
115900089,317,694,-377
115900090,385,34,351
115900091,16,58,-42
115900092,23,169,-146
115900093,10,24,-14
115900094,5,388,-383
115900096,1,24,-23
115900097,7,375,-368
115900098,151,409,-258
115900099,279,107,172
115900100,14,525,-511
115900101,122,261,-139
115900102,110,87,23
115900103,366,204,162
115900104,69,138,-69
115900105,266,721,-455
115900106,66,57,9
115900107,162,140,22
115900108,106,115,-9
115900109,57,477,-420
115900110,2,28,-26
115900111,4,111,-107
115900112,48,987,-939
115900113,67,123,-56
115900114,7,164,-157
115900115,79,247,-168
115900116,111,1018,-907
115900117,70,47,23
115900118,7,301,-294
115900119,121,127,-6
115900120,37,349,-312
115900121,140,378,-238
115900124,731,721,10
115900125,250,61,189
115900126,686,97,589
115900127,734,60,674
115900128,9,158,-149
115900129,951,68,883
115900130,28,233,-205
115900131,620,34,586
115900132,718,10,708
115900134,331,32,299
115900135,475,1233,-758
115900137,53,7,46
115900139,40,62,-22
115900140,266,45,221
115900141,9,50,-41
115900142,47,31,16
115900143,215,344,-129
115900144,70,222,-152
115900146,29,118,-89
115900147,309,339,-30
115900148,120,13,107
115900149,88,34,54
115900150,72,48,24
115900151,12,135,-123
115900152,157,296,-139
115900153,143,265,-122
115900154,545,443,102
115900155,0,66,-66
115900156,779,964,-185
115900157,199,540,-341
115900158,16,16,0
115900159,145,303,-158
115900160,21,11,10
115900161,125,235,-110
115900163,273,194,79
115900164,486,40,446
115900165,3,180,-177
115900166,231,248,-17
115900168,108,224,-116
115900171,138,438,-300
115900172,63,133,-70
115900173,321,207,114
115900174,261,241,20
115900175,151,293,-142
115900178,11,670,-659
115900179,276,10,266
115900180,86,192,-106
115900181,149,297,-148
115900182,480,353,127
115900183,97,52,45
115900184,2129,31,2098
115900187,11,101,-90
115900189,2,328,-326
115900190,454,1412,-958
115900191,33,429,-396
115900192,7,102,-95
115900193,516,161,355
115900194,567,64,503
115900195,797,2124,-1327
115900198,256,395,-139
115900199,164,304,-140
115900200,518,541,-23
115900201,608,334,274
115900202,2,84,-82
115900203,12,22,-10
115900204,0,3,-3
115900205,90,40,50
115900206,176,173,3
115900207,31,46,-15
115900208,137,200,-63
115900209,8,123,-115
115900210,7,150,-143
115900211,5,228,-223
115900212,174,341,-167
115900213,122,67,55
115900214,443,316,127
115900215,22,156,-134
115900216,13,106,-93
115900217,40,53,-13
115900218,11,30,-19
115900219,81,8,73
115900220,180,48,132
115900221,93,33,60
115900222,94,26,68
115900223,16,395,-379
115900224,1254,1087,167
115900225,82,52,30
115900226,51,84,-33
115900227,19,44,-25
115900228,6,44,-38
115900229,24,61,-37
115900230,51,144,-93
115900231,115,8,107
115900232,50,4,46
115900233,121,23,98
115900234,71,43,28
115900235,25,32,-7
115900236,271,66,205
115900237,100,31,69
115900238,259,34,225
115900239,36,47,-11
115900240,12,66,-54
115900241,282,145,137
115900242,211,389,-178
115900243,6,14,-8
115900244,22,15,7
115900245,50,16,34
115900246,27,19,8
115900247,42,28,14
115900248,14,10,4
115900249,2,26,-24
115900250,7,59,-52
115900251,1,14,-13
115900252,3,9,-6
115900253,8,10,-2
115900254,16,28,-12
115900255,1,16,-15
115900256,30,16,14
115900257,10,12,-2
115900258,1,3,-2
115900259,8,2,6
115900260,8,5,3
115900261,2,0,2
115900262,2,1,1
115900263,9,2,7
115900264,17,3,14
115900265,5,12,-7
115900266,1,20,-19
115900267,16,14,2
115900268,11,7,4
115900269,444,441,3
115900270,476,438,38
115900271,69,1,68
115900272,42,5,37
115900273,22,19,3
115900274,0,16,-16
115900275,1,36,-35
115900276,0,52,-52
115900277,0,53,-53
115900278,27,124,-97
115900279,8,173,-165
115900280,18,320,-302
115900281,439,193,246
116000001,13878,5458,8420
116000002,5491,11361,-5870
116000003,1726,1940,-214
116000004,2387,3605,-1218
116000005,3525,3439,86
116000006,2845,2541,304
116000007,3893,4194,-301
116000008,5671,2698,2973
116000009,2137,2752,-615
116000010,2387,1781,606
116000011,1070,2245,-1175
116000012,1649,1159,490
116000013,9879,4836,5043
116000014,13698,10525,3173
116000015,468,1707,-1239
116000016,7401,4030,3371
116000017,42,825,-783
116000018,902,390,512
116000019,1314,371,943
116000020,729,1064,-335
116000021,462,305,157
116000022,438,373,65
116000023,1108,842,266
116000024,895,1031,-136
116000025,901,869,32
116000026,2080,3027,-947
116000027,1048,715,333
116000028,503,918,-415
116000029,973,962,11
116000030,939,552,387
116000031,251,440,-189
116000032,386,226,160
116000033,405,614,-209
116000034,727,977,-250
116000035,395,769,-374
116000036,2272,1333,939
116000037,706,646,60
116000038,595,445,150
116000039,701,475,226
116000040,878,335,543
116000041,256,551,-295
116000042,545,278,267
116000043,98,732,-634
116000044,13,71,-58
116000045,1973,1276,697
116000046,1457,1890,-433
116000047,1817,2392,-575
116000048,2015,2000,15
116000049,1432,3220,-1788
116000050,1629,1570,59
116000051,6805,3114,3691
116000052,6384,5982,402
116000053,2202,1006,1196
116000054,746,2884,-2138
116000055,648,1159,-511
116000056,916,1388,-472
116000057,3717,2316,1401
116000058,4210,3319,891
116000059,4277,5910,-1633
116000060,2513,1127,1386
116000061,411,839,-428
116000062,709,249,460
116000063,623,1066,-443
116000066,347,642,-295
116000067,330,532,-202
116000068,281,340,-59
116000069,256,493,-237
116000078,551,1151,-600
116000080,2046,1167,879
116000082,7,68,-61
116000083,1626,422,1204
116000084,2647,4309,-1662
116000085,2579,2192,387
116000086,2082,1396,686
116000087,1779,1634,145
116000088,798,1293,-495
116000089,273,118,155
116000090,126,153,-27
116000091,644,282,362
116000093,1072,554,518
116000094,860,894,-34
116000095,955,691,264
116000096,816,1701,-885
116000097,1412,848,564
116000098,76,6787,-6711
116000099,7264,291,6973
116000100,270,23,247
116000101,998,1148,-150
116000102,303,1692,-1389
116000103,624,325,299
116000104,268,1737,-1469
116000105,1121,181,940
116000106,672,1117,-445
116000107,2938,437,2501
116000108,599,184,415
116000111,139,40,99
116000113,190,119,71
116000114,54,212,-158
116000115,421,138,283
116000116,363,656,-293
116000117,1511,2136,-625
116000118,1600,1645,-45
116000119,3572,2254,1318
116000120,3143,5123,-1980
116000121,979,617,362
116000122,1377,2165,-788
116000123,1101,539,562
116000124,432,1326,-894
116000125,3005,946,2059
116000126,389,1806,-1417
116000127,1064,1471,-407
116000128,1737,1013,724
116000129,1340,288,1052
116000130,559,451,108
116000133,1091,980,111
116000134,1937,2570,-633
116000135,2449,1550,899
116000136,1414,2535,-1121
116000137,1335,803,532
116000138,1137,765,372
116000139,2379,2235,144
116000140,147,197,-50
116000141,341,775,-434
116000142,3313,3120,193
116000143,1695,1785,-90
116000144,1607,2343,-736
116000145,1427,1303,124
116000146,491,285,206
116000147,208,128,80
116000148,547,658,-111
116000149,841,866,-25
116000151,604,622,-18
116000153,127,373,-246
116000155,274,283,-9
116000156,1090,1377,-287
116000157,46,32,14
116000158,433,408,25
116000159,19,11,8
116000160,29,113,-84
116000161,10,146,-136
116000162,194,123,71
116000163,31,31,0
116000164,8,41,-33
116000177,663,153,510
116000194,96,517,-421
116000195,1531,788,743
116000196,32,16,16
116000197,15,13,2
116000198,2904,1326,1578
116000200,873,393,480
116000201,808,746,62
116000202,13,255,-242
116000203,1,133,-132
116000204,23,79,-56
116000205,0,197,-197
116000206,4,154,-150
116000207,8,76,-68
116000233,236,598,-362
116000287,198,542,-344
116000288,241,224,17
116000292,58,195,-137
116000296,29,204,-175
116000297,139,29,110
116000304,149,22,127
116000305,8,113,-105
116000346,246,172,74
116000352,112,56,56
116000354,39,16,23
116000357,22,34,-12
116000358,397,53,344
116000361,92,3,89
116000372,6062,4006,2056
116000381,88,0,88
116000388,2,82,-80
116000389,1153,762,391
116000445,404,591,-187
116000446,580,774,-194
116000447,21,571,-550
116000448,599,266,333
116000563,1426,1016,410
116000565,76,486,-410
116000568,90,353,-263
116000579,52,157,-105
116000584,15,14,1
116000585,34,32,2
116000586,113,192,-79
116000587,708,878,-170
116000589,46,83,-37
116000590,110,72,38
116000591,246,291,-45
116000592,17,141,-124
116000593,0,24,-24
116000594,577,554,23
116000595,821,228,593
116000596,83,7,76
116000597,386,102,284
116000598,33,207,-174
116000602,76,508,-432
116000605,732,140,592
116000606,163,255,-92
116000607,17,75,-58
116000609,257,874,-617
116000611,126,582,-456
116000612,672,1832,-1160
116000613,583,356,227
116000614,495,652,-157
116000615,1,302,-301
116000616,99,95,4
116000617,79,52,27
116000618,7,111,-104
116000619,113,99,14
116000620,97,95,2
116000621,68,149,-81
116000622,63,189,-126
116000624,263,116,147
116000627,33,33,0
116000628,71,270,-199
116000629,13,393,-380
116000630,313,21,292
116000631,65,26,39
116000632,481,212,269
116000633,56,467,-411
116000634,536,36,500
116000635,2308,1789,519
116900001,311,244,67
116900002,282,3,279
116900003,31,93,-62
116900004,46,77,-31
116900005,332,73,259
116900006,136,268,-132
116900007,147,244,-97
116900008,424,368,56
116900009,33,8,25
116900010,3,1292,-1289
116900011,28,50,-22
116900012,493,258,235
116900013,4,275,-271
116900014,93,284,-191
116900015,376,61,315
116900016,225,2,223
116900017,3,608,-605
116900018,81,63,18
116900019,14,418,-404
116900020,1171,1097,74
116900023,120,20,100
116900024,623,65,558
116900025,1153,1026,127
116900026,176,679,-503
116900027,38,67,-29
116900028,5,124,-119
116900029,1,48,-47
116900031,1,11,-10
116900032,6,410,-404
116900033,16,14,2
116900034,22,57,-35
116900035,161,183,-22
116900036,4,132,-128
116900038,71,7,64
116900041,38,33,5
116900042,796,319,477
116900043,30,77,-47
116900045,257,82,175
116900047,44,160,-116
116900049,41,359,-318
116900050,103,467,-364
116900051,161,213,-52
116900052,223,80,143
116900055,3,14,-11
116900057,37,264,-227
116900058,56,417,-361
116900059,0,178,-178
116900060,243,200,43
116900062,0,70,-70
116900064,66,757,-691
116900065,64,115,-51
116900067,123,121,2
116900068,137,277,-140
116900070,3,13,-10
116900072,26,377,-351
116900073,11,128,-117
116900074,7,58,-51
116900076,12,73,-61
116900077,7,173,-166
116900078,248,164,84
116900079,62,234,-172
116900080,20,43,-23
116900081,449,1500,-1051
116900082,504,1109,-605
116900083,84,49,35
116900084,180,68,112
116900085,41,215,-174
116900086,63,269,-206
116900088,456,196,260
116900090,222,60,162
116900091,560,37,523
116900092,113,808,-695
116900093,1894,2229,-335
116900094,5117,3644,1473
116900095,201,134,67
116900096,179,494,-315
116900097,3864,2992,872
116900098,919,393,526
116900099,1021,856,165
116900100,912,49,863
116900101,463,620,-157
116900103,4,1,3
116900104,170,102,68
116900105,287,134,153
116900106,1897,490,1407
116900107,3933,2705,1228
116900110,21,1,20
116900111,469,829,-360
116900112,325,1093,-768
116900113,2308,1454,854
116900116,191,549,-358
116900117,171,143,28
116900118,679,914,-235
116900120,560,106,454
116900121,197,33,164
116900122,1109,958,151
116900123,244,861,-617
116900124,201,1061,-860
116900125,411,288,123
116900126,216,696,-480
116900128,5,48,-43
116900129,4,373,-369
116900130,784,3347,-2563
116900131,166,435,-269
116900132,51,142,-91
116900133,145,178,-33
116900134,224,392,-168
116900136,432,241,191
116900137,346,202,144
116900138,265,190,75
116900139,202,503,-301
116900140,273,159,114
116900141,994,566,428
116900142,5,81,-76
116900143,405,422,-17
116900144,37,101,-64
116900145,137,299,-162
116900147,620,537,83
116900148,15,54,-39
116900149,70,289,-219
116900150,19,10,9
116900151,27,9,18
116900153,116,109,7
116900154,864,702,162
116900155,175,93,82
116900157,607,325,282
116900158,135,317,-182
116900159,142,326,-184
116900160,1023,814,209
116900161,7076,5906,1170
116900162,9,96,-87
116900163,201,196,5
116900164,89,92,-3
116900165,253,302,-49
116900166,39,93,-54
116900167,539,126,413
116900168,406,124,282
116900169,745,539,206
116900170,332,683,-351
116900171,50,219,-169
116900172,219,293,-74
116900173,299,52,247
116900174,51,66,-15
116900175,226,215,11
116900178,42,140,-98
116900179,115,274,-159
116900180,164,27,137
116900182,452,436,16
116900183,193,165,28
116900185,22,41,-19
116900186,90,314,-224
116900187,67,69,-2
116900188,136,30,106
116900189,159,1,158
116900191,480,888,-408
116900192,339,217,122
116900194,177,1284,-1107
116900195,53,29,24
116900196,30,108,-78
116900197,109,27,82
116900198,265,227,38
116900200,63,38,25
116900201,126,6,120
116900202,144,67,77
116900203,148,27,121
116900204,61,98,-37
116900206,7,24,-17
116900207,36,41,-5
116900208,9,114,-105
116900209,22,126,-104
116900210,573,351,222
116900211,334,9,325
116900212,53,79,-26
116900213,328,221,107
116900214,196,258,-62
116900215,64,77,-13
116900216,322,265,57
116900218,19,293,-274
116900219,1592,513,1079
116900220,104,298,-194
116900221,99,445,-346
116900222,397,455,-58
116900223,120,419,-299
116900226,126,88,38
116900227,165,76,89
116900228,297,284,13
116900230,78,261,-183
116900231,28,400,-372
116900232,15,465,-450
116900233,282,110,172
116900234,43,16,27
116900235,159,376,-217
116900238,1848,431,1417
116900239,39,1631,-1592
116900240,6378,3624,2754
116900241,148,184,-36
116900242,340,744,-404
116900243,4,112,-108
116900245,26,28,-2
116900246,110,17,93
116900247,842,134,708
116900248,102,39,63
116900249,408,117,291
116900250,843,75,768
116900251,545,499,46
116900252,220,982,-762
116900253,116,109,7
116900254,33,89,-56
116900255,137,71,66
116900256,462,176,286
116900257,36,541,-505
116900258,15,251,-236
116900259,388,54,334
116900260,1,129,-128
116900261,92,3,89
116900262,561,217,344
116900263,0,13,-13
116900264,0,4,-4
116900265,26,1,25
116900266,10,80,-70
116900267,4,2,2
116900268,407,121,286
116900269,323,709,-386
116900271,1834,195,1639
116900272,349,395,-46
116900273,259,63,196
116900274,93,88,5
116900275,180,116,64
116900276,594,150,444
116900277,644,35,609
116900278,4,23,-19
116900279,5,46,-41
116900280,38,71,-33
116900281,6824,4167,2657
116900282,5,139,-134
116900283,23,103,-80
116900284,28,245,-217
116900285,372,179,193
116900286,287,35,252
116900287,9,68,-59
116900288,92,153,-61
116900289,13,18,-5
116900290,8,58,-50
116900291,25,13,12
116900292,0,15,-15
116900293,67,65,2
116900294,38,161,-123
116900295,69,23,46
116900296,35,36,-1
116900297,5,57,-52
116900298,90,34,56
116900299,24,29,-5
116900300,0,51,-51
116900301,35,65,-30
116900302,20,50,-30
116900303,299,97,202
116900304,0,196,-196
116900305,18,54,-36
116900306,148,85,63
117000001,2010,1597,413
117000002,2185,5101,-2916
117000003,6522,3606,2916
117000004,4177,5671,-1494
117000005,2119,1923,196
117000006,1448,3588,-2140
117000007,3658,1362,2296
117000008,1207,4145,-2938
117000009,5337,2215,3122
117000010,3103,4607,-1504
117000011,2690,1891,799
117000012,1356,1484,-128
117000013,1997,981,1016
117000014,1195,2423,-1228
117000015,3076,1385,1691
117000016,380,103,277
117000017,360,115,245
117000018,200,575,-375
117000019,149,1,148
117000020,438,1546,-1108
117000021,1951,447,1504
117000022,600,81,519
117000023,398,149,249
117000024,317,265,52
117000025,528,1013,-485
117000026,2390,1281,1109
117000027,3324,5167,-1843
117000028,4904,2022,2882
117000030,634,598,36
117000031,382,226,156
117000032,2205,1328,877
117000033,1679,1428,251
117000034,436,414,22
117000035,370,296,74
117000036,436,406,30
117000037,278,191,87
117000038,291,666,-375
117000039,397,256,141
117000040,214,1194,-980
117000041,1019,230,789
117000044,15,818,-803
117000045,368,113,255
117000046,433,715,-282
117000047,815,698,117
117000048,2299,1235,1064
117000049,185,688,-503
117000050,154,2115,-1961
117000051,2080,169,1911
117000052,55,381,-326
117000053,611,65,546
117000054,1881,11,1870
117000055,16,3442,-3426
117000056,711,32,679
117000057,756,2688,-1932
117000060,614,1738,-1124
117000061,1554,1021,533
117000062,333,801,-468
117000063,1939,1047,892
117000064,895,922,-27
117000066,1409,1144,265
117000067,163,639,-476
117000074,267,191,76
117000076,133,50,83
117000077,184,232,-48
117000078,116,867,-751
117000079,682,284,398
117000080,1,393,-392
117000081,1391,152,1239
117000082,21,89,-68
117000083,152,13,139
117000084,241,2,239
117000085,515,812,-297
117000086,1380,501,879
117000087,119,559,-440
117000088,250,237,13
117000089,1561,339,1222
117000090,313,1352,-1039
117000091,876,364,512
117000092,478,1488,-1010
117000093,1093,796,297
117000094,1523,3261,-1738
117000095,3708,1075,2633
117000096,745,2501,-1756
117000097,1417,1329,88
117000098,2902,5283,-2381
117000099,3500,1385,2115
117000100,200,378,-178
117000101,213,1332,-1119
117000102,1587,712,875
117000103,775,1922,-1147
117000104,1413,755,658
117000105,967,1965,-998
117000106,1283,974,309
117000107,761,2398,-1637
117000108,1604,1007,597
117000109,1756,3207,-1451
117000110,1420,1088,332
117000111,3817,4668,-851
117000112,3556,2065,1491
117000113,341,339,2
117000114,278,249,29
117000115,295,158,137
117000116,152,290,-138
117000117,1852,1252,600
117000118,213,140,73
117000119,316,189,127
117000120,169,491,-322
117000121,208,1146,-938
117000122,293,605,-312
117000123,1929,96,1833
117000124,1012,66,946
117000125,422,115,307
117000126,62,25,37
117000127,190,430,-240
117000128,575,935,-360
117000129,278,96,182
117000130,125,22,103
117000131,2,49,-47
117000132,3470,51,3419
117000133,1432,103,1329
117000134,1,62,-61
117000135,7,36,-29
117000136,1,29,-28
117000137,143,188,-45
117000138,5,736,-731
117000140,509,1859,-1350
117000141,1631,636,995
117000181,806,552,254
117000182,298,776,-478
117000195,250,1275,-1025
117000196,339,123,216
117000225,96,27,69
117000226,39,174,-135
117000276,314,9,305
117000277,2,402,-400
117000310,1999,2491,-492
117000315,62,586,-524
117000320,51,0,51
117000906,296,25,271
117000907,16,387,-371
117000908,19,31,-12
117000909,28,38,-10
117000910,180,189,-9
117000911,117,168,-51
117000915,9,570,-561
117000916,47,3,44
117000917,1267,52,1215
117000918,85,93,-8
117000919,12,138,-126
117000920,3,1549,-1546
117000921,1,1521,-1520
117000922,64,188,-124
117000924,424,816,-392
117000926,1068,125,943
117000927,2393,1249,1144
117000928,0,162,-162
117000929,271,358,-87
117000930,214,23,191
117000931,791,191,600
117900002,148,511,-363
117900003,1158,648,510
117900005,3,34,-31
117900006,0,50,-50
117900007,214,110,104
117900008,0,37,-37
117900010,234,118,116
117900011,131,73,58
117900012,102,152,-50
117900013,3,273,-270
117900014,503,149,354
117900015,19,105,-86
117900016,1543,1080,463
117900017,543,308,235
117900018,321,132,189
117900019,482,325,157
117900020,113,519,-406
117900021,43,90,-47
117900022,53,26,27
117900023,788,122,666
117900024,75,106,-31
117900025,38,17,21
117900026,492,289,203
117900028,74,7,67
117900029,291,686,-395
117900030,545,340,205
117900031,190,113,77
117900032,1099,567,532
117900033,236,574,-338
117900034,41,24,17
117900035,272,79,193
117900036,254,433,-179
117900037,184,283,-99
117900038,26,408,-382
117900039,1,95,-94
117900040,237,501,-264
117900041,18,59,-41
117900042,4678,478,4200
117900043,42,56,-14
117900044,57,2923,-2866
117900045,228,151,77
117900048,306,336,-30
117900049,233,440,-207
117900050,11,44,-33
117900051,51,2,49
117900052,59,409,-350
117900053,1516,816,700
117900054,1,43,-42
117900055,236,142,94
117900056,452,52,400
117900057,1352,1363,-11
117900058,222,21,201
117900059,395,97,298
117900060,2380,6954,-4574
117900061,20,182,-162
117900063,407,235,172
117900065,1374,1554,-180
117900066,17,92,-75
117900067,432,247,185
117900069,797,336,461
117900070,316,19,297
117900071,59,156,-97
117900073,433,373,60
117900074,127,55,72
117900075,64,113,-49
117900076,14,45,-31
117900077,459,256,203
117900078,385,854,-469
117900080,127,54,73
117900081,629,468,161
117900082,441,427,14
117900083,350,447,-97
117900086,94,26,68
117900087,297,216,81
117900088,3794,2792,1002
117900089,2414,757,1657
117900090,435,478,-43
117900091,210,205,5
117900092,63,37,26
117900093,102,299,-197
117900094,54,19,35
117900095,253,343,-90
117900096,129,279,-150
117900097,257,359,-102
117900098,55,13,42
117900099,131,228,-97
117900100,220,4,216
117900101,412,1905,-1493
117900102,65,233,-168
117900103,96,4,92
117900104,20,123,-103
117900105,156,260,-104
117900106,121,117,4
117900107,44,1,43
117900109,686,449,237
117900110,409,19,390
117900111,526,33,493
117900112,105,71,34
117900113,3972,1898,2074
117900114,28,0,28
117900115,386,70,316
117900116,1130,1128,2
117900117,604,442,162
117900118,101,3,98
117900119,187,285,-98
117900120,190,96,94
117900121,230,65,165
117900122,1884,3808,-1924
117900123,742,536,206
117900124,2121,1000,1121
117900125,2107,1993,114
117900126,253,700,-447
117900127,502,607,-105
117900128,447,795,-348
117900129,168,3,165
117900130,2705,532,2173
117900131,8,167,-159
117900132,15,134,-119
117900133,21,175,-154
117900134,69,327,-258
117900135,37,276,-239
117900136,0,40,-40
117900137,88,486,-398
117900138,0,37,-37
117900139,160,188,-28
117900140,3384,282,3102
117900141,256,217,39
117900142,136,43,93
117900144,98,224,-126
117900145,78,37,41
117900146,201,188,13
117900147,75,69,6
117900148,3226,1581,1645
117900149,270,300,-30
117900150,75,65,10
117900151,44,99,-55
117900152,85,103,-18
117900153,28,101,-73
117900154,355,690,-335
117900156,1176,1000,176
117900157,108,699,-591
117900158,268,272,-4
117900160,736,746,-10
117900161,3190,2668,522
117900162,341,472,-131
117900163,73,88,-15
117900165,0,17,-17
117900166,134,545,-411
117900168,22,213,-191
117900169,1,143,-142
117900170,5,57,-52
117900171,2,51,-49
117900172,18,50,-32
117900173,160,83,77
117900174,76,87,-11
117900175,10,53,-43
117900176,11,50,-39
117900177,38,65,-27
117900178,250,64,186
117900180,279,75,204
117900181,157,534,-377
117900182,12,71,-59
117900183,65,205,-140
117900184,57,65,-8
117900185,38,74,-36
117900186,84,22,62
117900187,11,11,0
117900188,224,38,186
117900189,71,39,32
117900190,32,6,26
117900191,107,2,105
117900192,292,11,281
117900193,32,109,-77
117900194,11,14,-3
117900195,230,85,145
117900196,17,68,-51
117900207,215,119,96
117900208,26,31,-5
117900209,199,277,-78
117900210,196,271,-75
117900211,25,278,-253
117900212,159,176,-17
117900213,22,12,10
117900214,9,38,-29
117900215,8,23,-15
117900216,12,28,-16
117900217,100,373,-273
117900218,110,93,17
117900219,14,161,-147
117900220,112,70,42
117900222,109,245,-136
117900223,77,207,-130
118000001,834,893,-59
118000002,1182,2246,-1064
118000003,2433,2827,-394
118000004,3491,2816,675
118000005,6145,5970,175
118000006,7845,11677,-3832
118000007,7070,4366,2704
118000008,5599,4798,801
118000009,2240,4286,-2046
118000010,7678,5266,2412
118000011,1627,2876,-1249
118000012,1559,2548,-989
118000013,3098,2824,274
118000014,2943,3426,-483
118000016,200,518,-318
118000017,539,666,-127
118000018,532,708,-176
118000019,2759,1696,1063
118000020,1999,3881,-1882
118000021,839,3513,-2674
118000022,2300,994,1306
118000023,1119,243,876
118000024,2269,1461,808
118000027,17869,14131,3738
118000029,1414,991,423
118000032,1625,3905,-2280
118000033,3865,6442,-2577
118000034,6924,2951,3973
118000035,2161,3125,-964
118000036,1426,1247,179
118000037,951,974,-23
118000038,196,104,92
118000039,137,311,-174
118000040,1989,1418,571
118000041,2461,1606,855
118000045,987,200,787
118000046,1674,609,1065
118000047,1109,881,228
118000048,3800,1987,1813
118000051,3118,1874,1244
118000052,2022,956,1066
118000053,760,1031,-271
118000054,2561,2110,451
118000055,1899,2288,-389
118000056,1799,582,1217
118000057,553,528,25
118000058,4692,2115,2577
118000059,2672,1280,1392
118000060,1241,733,508
118000061,1978,1553,425
118000062,823,407,416
118000063,467,779,-312
118000064,956,1331,-375
118000065,5257,2165,3092
118000066,1017,1676,-659
118000067,1520,970,550
118000068,2575,4796,-2221
118000069,5813,1521,4292
118000070,5859,2186,3673
118000071,3904,7065,-3161
118000072,2293,1490,803
118000073,2936,714,2222
118000074,666,541,125
118000075,1318,358,960
118000076,1696,2313,-617
118000077,1546,1445,101
118000078,1908,2317,-409
118000079,410,534,-124
118000080,1337,1099,238
118000081,2047,1287,760
118000082,360,1345,-985
118000083,2032,2011,21
118000084,4189,1923,2266
118000086,365,687,-322
118000087,5200,2926,2274
118000088,2102,1718,384
118000089,3755,2189,1566
118000090,2028,2994,-966
118000091,1423,2279,-856
118000092,1230,566,664
118000093,106,823,-717
118000096,531,763,-232
118000097,850,751,99
118000098,274,243,31
118000099,619,867,-248
118000101,1096,423,673
118000102,401,1573,-1172
118000107,2169,620,1549
118000108,819,2135,-1316
118000110,0,25,-25
118000111,3,391,-388
118000112,455,5,450
118000113,2,695,-693
118000114,470,9,461
118000115,18,16,2
118000116,53,2,51
118000117,1114,921,193
118000118,1060,867,193
118000119,1125,1134,-9
118000120,1778,1518,260
118000121,110,757,-647
118000122,1428,407,1021
118000123,61,260,-199
118000125,1820,1105,715
118000126,657,1566,-909
118000127,1950,643,1307
118000128,820,1266,-446
118000129,1065,417,648
118000130,2706,3723,-1017
118000131,840,925,-85
118000132,2523,1841,682
118000133,900,516,384
118000135,694,415,279
118000136,171,490,-319
118000137,756,102,654
118000138,581,788,-207
118000139,326,126,200
118000140,3119,4676,-1557
118000141,2193,2057,136
118000142,1782,1615,167
118000143,2281,1270,1011
118000144,1651,1007,644
118000145,1875,2295,-420
118000146,1308,1104,204
118000147,983,1944,-961
118000148,667,1287,-620
118000149,1035,1103,-68
118000150,591,241,350
118000151,516,467,49
118000153,1446,1399,47
118000154,1508,1740,-232
118000155,1403,1516,-113
118000156,2479,2808,-329
118000157,616,457,159
118000158,265,522,-257
118000159,18,92,-74
118000160,584,436,148
118000161,533,987,-454
118000162,2226,962,1264
118000163,1026,915,111
118000164,2198,1597,601
118000168,1525,597,928
118000169,1176,1258,-82
118000170,5366,7914,-2548
118000171,442,1011,-569
118000172,93,387,-294
118000173,1117,1581,-464
118000175,422,321,101
118000176,327,476,-149
118000177,239,565,-326
118000178,37,63,-26
118000179,1590,1371,219
118000180,1075,772,303
118000181,878,415,463
118000182,329,298,31
118000183,240,333,-93
118000184,892,832,60
118000185,1576,1354,222
118000186,1060,1417,-357
118000187,1373,849,524
118000188,597,267,330
118000189,750,1040,-290
118000190,18,32,-14
118000191,33,42,-9
118000192,333,388,-55
118000193,251,509,-258
118000194,1486,1149,337
118000195,1090,1005,85
118000196,454,237,217
118000197,447,203,244
118000198,570,738,-168
118000199,577,429,148
118000200,115,251,-136
118000201,453,519,-66
118000202,90,86,4
118000203,1395,690,705
118000204,181,330,-149
118000205,301,366,-65
118000206,260,209,51
118000207,0,64,-64
118000208,1344,1684,-340
118000209,2229,1992,237
118000210,75,54,21
118000211,19,32,-13
118000213,1389,1847,-458
118000214,723,639,84
118000215,420,206,214
118000216,2342,3357,-1015
118000217,33,174,-141
118000218,86,215,-129
118000219,488,400,88
118000220,2,55,-53
118000221,236,348,-112
118000222,83,11,72
118000223,25,57,-32
118000224,246,149,97
118000225,143,753,-610
118000226,1104,195,909
118000227,1010,450,560
118000228,197,289,-92
118000229,182,64,118
118000230,126,259,-133
118000231,120,220,-100
118000232,890,1067,-177
118000233,1164,848,316
118000234,529,303,226
118000236,506,389,117
118000237,131,512,-381
118000238,254,224,30
118000239,305,345,-40
118000240,548,179,369
118000241,180,238,-58
118000242,430,839,-409
118000243,317,272,45
118000244,52,142,-90
118000246,0,28,-28
118000255,75,249,-174
118000256,90,235,-145
118000259,11,68,-57
118000260,223,125,98
118000261,30,71,-41
118000263,138,202,-64
118000266,124,294,-170
118000267,0,141,-141
118000268,401,5,396
118000270,97,39,58
118000271,161,337,-176
118000272,245,40,205
118000273,142,101,41
118000274,109,369,-260
118000276,487,389,98
118000295,16,134,-118
118000298,187,344,-157
118000299,74,189,-115
118000301,0,67,-67
118000302,125,109,16
118000311,421,122,299
118000312,321,224,97
118000313,75,179,-104
118000314,69,81,-12
118000315,94,67,27
118000316,788,574,214
118000325,71,74,-3
118000326,47,43,4
118000331,32,59,-27
118000332,22,60,-38
118000333,33,95,-62
118000335,310,0,310
118000336,2,287,-285
118000407,164,99,65
118000457,7,35,-28
118000465,4050,4692,-642
118000480,18,93,-75
118000489,49,371,-322
118000490,73,339,-266
118000492,362,202,160
118000510,79,22,57
118000514,186,366,-180
118000515,741,652,89
118000517,396,216,180
118000524,475,248,227
118000525,966,990,-24
118000530,24,115,-91
118000531,252,282,-30
118000532,223,376,-153
118000533,370,143,227
118000534,609,558,51
118000535,301,158,143
118000536,1079,1805,-726
118000537,22,179,-157
118000538,19,89,-70
118000539,26,107,-81
118000540,341,182,159
118000541,235,87,148
118000542,97,196,-99
118000543,212,198,14
118000546,51,28,23
118000560,3481,2253,1228
118000562,33,149,-116
118000563,2034,1458,576
118000576,156,139,17
118000577,117,136,-19
118000578,121,97,24
118000579,663,1186,-523
118000595,200,92,108
118000596,0,79,-79
118000597,99,100,-1
118000598,15,1,14
118000599,71,45,26
118000600,2,45,-43
118000601,24,1,23
118000602,0,32,-32
118000603,0,21,-21
118900001,839,1526,-687
118900002,1035,849,186
118900003,504,11,493
118900004,95,70,25
118900005,98,15,83
118900006,152,5,147
118900007,13,0,13
118900008,1669,69,1600
118900009,78,43,35
118900010,89,8,81
118900011,234,64,170
118900012,520,243,277
118900013,518,155,363
118900015,280,154,126
118900016,13,9,4
118900017,280,374,-94
118900018,883,44,839
118900019,64,35,29
118900020,301,146,155
118900021,194,403,-209
118900022,146,106,40
118900023,197,108,89
118900024,134,259,-125
118900025,65,39,26
118900026,54,98,-44
118900027,442,220,222
118900028,173,204,-31
118900029,319,330,-11
118900030,391,96,295
118900031,151,143,8
118900032,198,177,21
118900033,409,437,-28
118900034,247,14,233
118900035,120,221,-101
118900036,1232,883,349
118900037,484,307,177
118900038,393,241,152
118900039,543,243,300
118900040,195,233,-38
118900041,626,220,406
118900042,301,94,207
118900045,380,191,189
118900046,1094,428,666
118900047,624,241,383
118900048,193,197,-4
118900049,58,49,9
118900050,45,166,-121
118900051,72,120,-48
118900052,350,275,75
118900053,53,97,-44
118900054,97,54,43
118900055,91,116,-25
118900056,60,336,-276
118900057,697,537,160
118900058,400,352,48
118900059,22,86,-64
118900060,342,144,198
118900062,432,205,227
118900064,785,633,152
118900065,71,156,-85
118900066,106,127,-21
118900067,5259,3213,2046
118900068,23,213,-190
118900069,386,359,27
118900071,14,101,-87
118900072,389,410,-21
118900073,109,151,-42
118900074,95,167,-72
118900075,101,88,13
118900076,208,115,93
118900077,278,234,44
118900078,47,17,30
118900079,53,256,-203
118900080,21,170,-149
118900081,100,47,53
118900082,670,200,470
118900083,45,9,36
118900084,28,38,-10
118900085,733,969,-236
118900086,54,95,-41
118900087,16,214,-198
118900088,0,25,-25
118900089,22,33,-11
118900090,473,419,54
118900091,260,190,70
118900092,204,153,51
118900093,133,29,104
118900096,65,36,29
118900097,271,566,-295
118900099,95,239,-144
118900100,151,281,-130
118900101,134,968,-834
118900102,70,103,-33
118900103,93,99,-6
118900104,92,38,54
118900105,292,190,102
118900107,340,148,192
118900108,110,150,-40
118900110,1660,761,899
118900111,570,564,6
118900112,60,142,-82
118900113,105,576,-471
118900114,22,95,-73
118900115,150,600,-450
118900116,167,280,-113
118900117,94,248,-154
118900118,303,399,-96
118900119,162,289,-127
118900120,131,379,-248
118900121,5,246,-241
118900122,16,973,-957
118900123,192,297,-105
118900124,65,226,-161
118900126,36,394,-358
118900129,238,255,-17
118900130,58,180,-122
118900131,187,298,-111
118900132,428,212,216
118900133,17,186,-169
118900135,209,276,-67
118900136,237,560,-323
118900137,25,47,-22
118900139,159,336,-177
118900140,392,651,-259
118900141,157,202,-45
118900144,161,475,-314
118900145,381,158,223
118900146,417,780,-363
118900147,221,154,67
118900148,116,91,25
118900150,137,539,-402
118900152,691,928,-237
118900157,105,174,-69
118900158,104,94,10
118900159,4,266,-262
118900161,95,12,83
118900163,155,201,-46
118900164,4,210,-206
118900165,72,336,-264
118900166,55,2,53
118900167,112,153,-41
118900168,9,215,-206
118900169,129,533,-404
118900170,169,207,-38
118900171,38,58,-20
118900174,90,85,5
118900175,378,584,-206
118900176,150,272,-122
118900177,99,114,-15
118900178,89,261,-172
118900179,9,43,-34
118900181,126,98,28
118900182,256,48,208
118900183,40,159,-119
118900184,342,219,123
118900185,141,140,1
118900186,133,98,35
118900187,260,345,-85
118900188,329,334,-5
118900189,49,797,-748
118900190,21,311,-290
118900191,141,57,84
118900192,146,24,122
118900193,401,21,380
118900195,294,760,-466
118900196,28,184,-156
118900197,132,69,63
118900198,29,20,9
118900199,132,65,67
118900200,34,14,20
118900201,33,39,-6
118900202,8,111,-103
118900203,12,50,-38
118900204,31,61,-30
118900205,2,18,-16
118900206,5,27,-22
119000001,1465,1869,-404
119000002,5065,3722,1343
119000003,2708,1366,1342
119000004,3247,1412,1835
119000005,1674,1861,-187
119000006,2742,1649,1093
119000007,3532,3371,161
119000008,2160,2218,-58
119000009,3984,4533,-549
119000010,7306,4744,2562
119000011,4917,3104,1813
119000012,3890,3985,-95
119000013,2694,1868,826
119000014,2521,4031,-1510
119000019,378,201,177
119000020,2371,1535,836
119000021,4678,2848,1830
119000022,3710,2749,961
119000023,316,245,71
119000024,1976,10612,-8636
119000025,8238,1518,6720
119000026,170,478,-308
119000027,327,473,-146
119000028,2183,1191,992
119000029,151,427,-276
119000030,657,1160,-503
119000031,984,912,72
119000032,2479,2849,-370
119000033,2417,1736,681
119000034,1153,1199,-46
119000035,35,362,-327
119000036,1691,975,716
119000037,1250,2023,-773
119000038,171,1032,-861
119000039,341,441,-100
119000040,1342,737,605
119000041,1157,1403,-246
119000048,3304,3488,-184
119000049,1793,2824,-1031
119000050,2087,2195,-108
119000051,2595,1040,1555
119000052,2218,3149,-931
119000053,1988,1403,585
119000054,3533,3702,-169
119000055,4522,3908,614
119000056,2599,2609,-10
119000057,1656,2297,-641
119000058,2249,2105,144
119000059,1514,2110,-596
119000060,1735,1381,354
119000061,1101,1015,86
119000062,1561,1640,-79
119000063,495,445,50
119000064,1063,1353,-290
119000065,2628,4397,-1769
119000066,2913,1278,1635
119000067,1936,2402,-466
119000068,1770,1387,383
119000069,1502,2814,-1312
119000070,2653,1292,1361
119000071,722,824,-102
119000072,6044,4027,2017
119000073,6575,7599,-1024
119000074,1155,2912,-1757
119000075,2231,2462,-231
119000076,707,1272,-565
119000077,1359,732,627
119000078,525,265,260
119000079,363,841,-478
119000080,419,268,151
119000081,513,719,-206
119000082,1488,346,1142
119000083,679,449,230
119000084,390,627,-237
119000085,827,273,554
119000086,391,651,-260
119000087,1708,1197,511
119000088,392,276,116
119000089,80,256,-176
119000090,183,156,27
119000091,163,548,-385
119000092,735,254,481
119000093,3942,3161,781
119000094,2970,5998,-3028
119000095,2076,3107,-1031
119000097,2314,1687,627
119000098,974,2529,-1555
119000099,2794,1998,796
119000100,3798,3167,631
119000101,6377,2577,3800
119000102,1103,1276,-173
119000103,2332,664,1668
119000104,3058,1847,1211
119000105,1388,1977,-589
119000106,417,1859,-1442
119000107,756,479,277
119000108,456,1176,-720
119000109,259,669,-410
119000110,889,579,310
119000111,111,716,-605
119000112,249,127,122
119000113,3711,434,3277
119000114,1185,1149,36
119000115,176,214,-38
119000116,131,117,14
119000117,202,513,-311
119000118,6,1,5
119000123,5556,1772,3784
119000124,760,219,541
119000125,3585,1033,2552
119000126,510,722,-212
119000127,469,653,-184
119000128,59,2,57
119000131,947,842,105
119000132,5,3,2
119000133,3,10,-7
119000134,2254,630,1624
119000135,129,257,-128
119000136,263,218,45
119000137,252,441,-189
119000138,438,359,79
119000139,368,307,61
119000140,238,478,-240
119000284,1369,2877,-1508
119000285,2470,2598,-128
119000286,8151,6684,1467
119000287,1370,2708,-1338
119000288,2156,1825,331
119000289,1869,3911,-2042
119000290,195,538,-343
119000291,14,329,-315
119000293,112,157,-45
119000294,61,56,5
119000295,1874,529,1345
119000296,194,173,21
119000302,2721,1527,1194
119000303,59,159,-100
119000314,1756,9875,-8119
119000315,10,560,-550
119000316,115,148,-33
119000317,75,376,-301
119900001,328,1265,-937
119900002,176,394,-218
119900003,77,1425,-1348
119900004,359,1160,-801
119900005,196,150,46
119900006,235,471,-236
119900007,1273,240,1033
119900008,473,63,410
119900009,1069,1078,-9
119900010,2421,1794,627
119900011,36,89,-53
119900012,20,137,-117
119900013,2140,1262,878
119900014,703,376,327
119900015,122,46,76
119900016,66,117,-51
119900017,44,53,-9
119900018,2268,872,1396
119900019,45,12,33
119900020,217,251,-34
119900021,216,328,-112
119900022,177,823,-646
119900023,768,1341,-573
119900025,191,53,138
119900026,883,210,673
119900027,81,29,52
119900028,661,133,528
119900029,0,10,-10
119900030,660,669,-9
119900031,76,396,-320
119900033,2804,352,2452
119900034,395,186,209
119900037,200,35,165
119900038,43,346,-303
119900039,52,19,33
119900040,371,19,352
119900041,116,66,50
119900042,767,212,555
119900043,93,220,-127
119900044,215,1080,-865
119900046,105,105,0
119900047,341,122,219
119900048,40,31,9
119900049,229,14,215
119900050,185,143,42
119900051,500,11,489
119900052,84,78,6
119900053,228,200,28
119900054,119,7,112
119900055,1498,527,971
119900057,302,132,170
119900058,260,5,255
119900059,179,60,119
119900060,286,24,262
119900062,104,51,53
119900063,23,65,-42
119900064,484,96,388
119900065,302,14,288
119900066,1,2,-1
119900067,240,58,182
119900068,450,3,447
119900069,105,48,57
119900070,832,15,817
119900071,677,24,653
119900073,2069,752,1317
119900074,154,52,102
119900075,6068,3158,2910
119900076,585,366,219
119900077,915,1224,-309
119900078,473,1096,-623
119900079,293,284,9
119900080,1827,1543,284
119900081,205,46,159
119900082,1532,323,1209
119900083,456,176,280
119900084,882,364,518
119900085,102,82,20
119900086,13,108,-95
119900087,735,446,289
119900088,52,77,-25
119900089,100,612,-512
119900090,189,90,99
119900091,77,1045,-968
119900092,383,563,-180
119900093,1239,280,959
119900094,124,236,-112
119900095,299,136,163
119900096,73,171,-98
119900097,766,289,477
119900098,67,108,-41
119900099,42,269,-227
119900100,2419,3287,-868
119900101,230,1409,-1179
119900102,82,375,-293
119900103,75,473,-398
119900104,57,316,-259
119900105,1670,3284,-1614
119900106,13,172,-159
119900107,332,3273,-2941
119900108,3234,833,2401
119900109,43,181,-138
119900110,754,777,-23
119900111,112,412,-300
119900112,1932,646,1286
119900113,106,411,-305
119900114,270,1358,-1088
119900115,319,1124,-805
119900116,242,449,-207
119900117,441,907,-466
119900118,86,918,-832
119900119,324,314,10
119900120,887,756,131
119900121,391,1223,-832
119900122,675,445,230
119900123,332,402,-70
119900124,211,1017,-806
119900125,64,357,-293
119900126,5251,404,4847
119900127,2814,1305,1509
119900128,586,930,-344
119900129,267,668,-401
119900130,45,278,-233
119900131,30,308,-278
119900132,24,284,-260
119900133,89,137,-48
119900134,2075,336,1739
119900135,0,472,-472
119900136,245,412,-167
119900138,460,630,-170
119900139,156,193,-37
119900140,3,130,-127
119900141,158,978,-820
119900142,26,83,-57
119900143,28,250,-222
119900144,1881,317,1564
119900145,132,232,-100
119900146,193,333,-140
119900147,5,193,-188
119900148,226,103,123
119900149,1610,4991,-3381
119900150,161,255,-94
119900151,2128,987,1141
119900152,138,564,-426
119900153,153,118,35
119900154,37,266,-229
119900155,59,62,-3
119900156,24,13,11
119900157,184,309,-125
119900158,181,157,24
119900159,13,1531,-1518
119900160,29,249,-220
119900161,199,311,-112
119900162,1081,1078,3
119900163,145,235,-90
119900164,0,3,-3
119900165,277,250,27
119900166,117,75,42
119900167,136,170,-34
119900168,858,689,169
119900169,171,399,-228
119900170,284,337,-53
119900171,2065,528,1537
119900172,313,45,268
119900173,6,438,-432
119900174,20,286,-266
119900175,1242,1051,191
119900177,27,251,-224
119900178,28,212,-184
119900179,111,506,-395
119900180,1036,1076,-40
119900181,66,138,-72
119900182,8,483,-475
119900183,182,780,-598
119900184,3016,769,2247
119900185,38,189,-151
119900186,103,924,-821
119900187,54,558,-504
119900188,140,525,-385
119900189,902,555,347
119900190,71,297,-226
119900191,404,253,151
119900192,70,203,-133
119900193,428,245,183
119900194,27,90,-63
119900195,126,318,-192
119900196,2153,806,1347
119900197,245,184,61
119900198,387,415,-28
119900199,217,39,178
119900200,834,850,-16
119900201,457,255,202
119900202,135,272,-137
119900203,243,760,-517
119900204,292,382,-90
119900205,681,630,51
119900206,156,192,-36
119900208,250,203,47
119900209,598,1365,-767
119900210,76,94,-18
119900211,127,16,111
119900212,210,398,-188
119900213,11,134,-123
119900214,39,117,-78
119900215,83,78,5
119900216,38,82,-44
119900217,12,66,-54
119900218,49,111,-62
119900219,12,139,-127
119900220,10,115,-105
119900221,53,305,-252
119900222,26,288,-262
119900223,20,76,-56
119900224,21,35,-14
119900225,1062,54,1008
119900226,709,2253,-1544
119900227,1299,415,884
119900228,420,380,40
119900229,390,565,-175
119900230,1856,779,1077
119900231,220,249,-29
119900232,356,167,189
119900233,129,20,109
119900234,39,110,-71
119900235,55,75,-20
119900236,96,224,-128
119900237,99,758,-659
119900238,14,115,-101
119900240,190,255,-65
119900241,240,318,-78
119900242,1977,2016,-39
119900244,886,2145,-1259
119900245,145,260,-115
119900246,424,701,-277
119900247,42,158,-116
119900248,95,221,-126
119900249,308,98,210
119900253,3686,562,3124
119900254,91,743,-652
119900255,159,647,-488
119900256,686,1306,-620
119900257,73,2,71
119900258,170,6,164
119900259,14,188,-174
119900260,145,12,133
119900261,441,245,196
119900262,2,252,-250
119900263,1305,472,833
119900264,74,227,-153
119900265,757,631,126
119900266,344,389,-45
119900267,342,646,-304
119900268,543,255,288
119900269,1226,1710,-484
119900271,81,125,-44
119900272,484,259,225
119900275,181,39,142
119900276,31,1,30
119900277,6,7,-1
119900278,310,95,215
119900279,208,372,-164
119900280,868,249,619
119900281,1,185,-184
119900282,85,117,-32
119900283,10,291,-281
119900284,82,447,-365
119900285,203,230,-27
119900286,14,30,-16
119900288,2,30,-28
119900289,0,38,-38
119900290,7,34,-27
119900291,1,112,-111
119900292,65,62,3
119900293,40,132,-92
119900294,25,123,-98
119900295,17,34,-17
119900296,97,261,-164
119900297,0,27,-27
119900298,6,24,-18
119900299,176,214,-38
119900300,458,265,193
119900301,99,153,-54
119900302,157,117,40
119900303,414,500,-86
119900304,487,86,401
119900305,21,155,-134
119900306,36,5,31
119900307,134,154,-20
119900308,10,30,-20
119900309,64,179,-115
119900310,377,351,26
119900311,89,176,-87
119900312,144,98,46
119900313,294,431,-137
119900314,191,433,-242
119900315,1695,2878,-1183
119900318,18,29,-11
119900319,42,360,-318
119900320,237,575,-338
119900321,116,17,99
119900322,6,7,-1
119900323,0,7,-7
119900324,0,4,-4
119900325,2,30,-28
120000001,7006,14333,-7327
120000002,2993,3482,-489
120000003,4061,2057,2004
120000004,3320,2689,631
120000005,4810,2497,2313
120000006,1378,1511,-133
120000007,3984,3461,523
120000008,1236,1747,-511
120000009,3671,1107,2564
120000010,1993,3075,-1082
120000011,1515,2118,-603
120000012,1651,3299,-1648
120000013,3248,3301,-53
120000014,756,1683,-927
120000015,2854,1738,1116
120000016,3688,2427,1261
120000017,3415,2557,858
120000018,4374,11340,-6966
120000019,1140,1499,-359
120000020,3504,3270,234
120000021,2168,2527,-359
120000022,3416,4141,-725
120000023,1064,1817,-753
120000024,1720,2749,-1029
120000025,3031,2550,481
120000026,1954,2114,-160
120000027,2155,2507,-352
120000028,1250,1215,35
120000029,6637,1310,5327
120000030,1405,1336,69
120000031,2771,8488,-5717
120000032,9845,5149,4696
120000033,5473,2487,2986
120000034,1921,2446,-525
120000035,1976,2444,-468
120000036,3298,5501,-2203
120000037,744,1540,-796
120000038,8152,4548,3604
120000039,722,1041,-319
120000040,424,414,10
120000041,2488,1947,541
120000042,2694,3144,-450
120000043,5685,2278,3407
120000044,5079,2013,3066
120000045,5533,1356,4177
120000046,3044,3195,-151
120000047,1713,5591,-3878
120000048,8846,4966,3880
120000049,3189,3227,-38
120000050,4544,4595,-51
120000051,3689,5450,-1761
120000052,10111,2700,7411
120000053,1351,2966,-1615
120000054,1728,5065,-3337
120000055,2120,5516,-3396
120000056,4713,4422,291
120000057,3057,1024,2033
120000058,5574,954,4620
120000059,60,1949,-1889
120000061,102,682,-580
120000062,229,391,-162
120000063,1718,3219,-1501
120000064,310,1433,-1123
120000065,661,2104,-1443
120000066,448,741,-293
120000067,137,593,-456
120000068,191,986,-795
120000069,718,1447,-729
120000070,71,863,-792
120000071,450,175,275
120000072,862,475,387
120000073,844,162,682
120000074,470,180,290
120000075,1097,351,746
120000076,1990,547,1443
120000077,2029,715,1314
120000078,3714,1220,2494
120000079,253,192,61
120000080,140,225,-85
120000081,257,120,137
120000082,226,241,-15
120000083,78,632,-554
120000084,471,425,46
120000085,338,352,-14
120000086,271,522,-251
120000087,150,731,-581
120000088,876,1345,-469
120000089,1222,934,288
120000090,773,703,70
120000091,971,1277,-306
120000092,1502,769,733
120000093,426,582,-156
120000094,204,918,-714
120000095,1451,697,754
120000096,297,980,-683
120000098,1330,1257,73
120000099,531,964,-433
120000100,945,1135,-190
120000101,537,589,-52
120000102,626,852,-226
120000103,1640,951,689
120000104,1861,535,1326
120000105,3170,724,2446
120000106,2868,820,2048
120000107,3807,709,3098
120000108,1365,166,1199
120000109,1231,78,1153
120000110,108,1121,-1013
120000111,513,1348,-835
120000112,962,3506,-2544
120000113,956,2600,-1644
120000114,1128,3366,-2238
120000115,401,2580,-2179
120000116,997,2364,-1367
120000117,1358,1775,-417
120000118,45,25,20
120000119,22,82,-60
120000120,78,88,-10
120000121,48,84,-36
120000122,296,376,-80
120000123,6323,5277,1046
120000124,550,463,87
120000125,606,818,-212
120000126,407,927,-520
120000127,3418,1070,2348
120000128,4720,4629,91
120000129,347,306,41
120000130,907,631,276
120000131,325,715,-390
120000134,510,1504,-994
120000135,555,711,-156
120000137,254,1830,-1576
120000138,916,679,237
120000139,350,911,-561
120000140,811,733,78
120000141,1548,702,846
120000142,1258,745,513
120000143,3,163,-160
120000144,118,5,113
120000145,328,2,326
120000146,1362,1043,319
120000149,839,1538,-699
120000150,4104,14392,-10288
120000151,422,529,-107
120000152,569,242,327
120000153,381,719,-338
120000154,553,438,115
120000155,90,253,-163
120000156,1052,1191,-139
120000157,1087,917,170
120000158,991,1072,-81
120000159,2363,2891,-528
120000160,2757,1643,1114
120000161,2178,2743,-565
120000162,97,268,-171
120000163,665,1742,-1077
120000164,555,694,-139
120000165,495,1088,-593
120000166,1298,772,526
120000167,154,217,-63
120000168,20,646,-626
120000169,73,1660,-1587
120000170,74,1084,-1010
120000171,36,396,-360
120000172,42,155,-113
120000173,4219,1183,3036
120000174,612,43,569
120000175,515,44,471
120000176,706,70,636
120000177,2174,170,2004
120000178,276,39,237
120000179,496,50,446
120000180,1303,119,1184
120000181,215,1134,-919
120000182,88,555,-467
120000183,41,541,-500
120000184,181,1403,-1222
120000186,130,434,-304
120000187,66,191,-125
120000188,190,347,-157
120000190,1644,51,1593
120000191,1729,105,1624
120000192,1536,47,1489
120000193,690,5,685
120000195,168,12,156
120000196,577,55,522
120000197,191,197,-6
120000198,170,91,79
120000199,147,0,147
120000200,145,3,142
120000201,8,29,-21
120000202,1,48,-47
120000203,45,234,-189
120000207,2,119,-117
120000208,10,292,-282
120000209,1,113,-112
120000210,93,128,-35
120000211,188,3,185
120000212,160,0,160
120000213,168,371,-203
120000214,0,407,-407
120000215,3,187,-184
120000216,72,19,53
120000217,875,1298,-423
120000218,203,838,-635
120000219,10,505,-495
120000220,8,1840,-1832
120000225,1607,4,1603
120000226,421,4,417
120000227,868,52,816
120000228,10019,3713,6306
120000230,426,21,405
120000231,1257,2565,-1308
120000233,318,3,315
120000235,264,774,-510
120000236,1073,3,1070
120000237,2,1606,-1604
120000238,1,794,-793
120000241,1414,3853,-2439
120000412,1096,14,1082
120000413,270,258,12
120000414,149,12,137
120000415,1,138,-137
120000416,196,13,183
120000417,25,123,-98
120000418,181,23,158
120000419,13,341,-328
120000420,84,37,47
120000421,12605,6818,5787
120000422,173,1442,-1269
120000423,4,59,-55
120000424,99,148,-49
120000436,147,650,-503
120000437,140,184,-44
120000438,3116,331,2785
120000439,250,519,-269
120000443,257,0,257
120000444,1422,631,791
120000445,1724,1085,639
120000446,762,268,494
120000447,197,12,185
120000449,121,8,113
120000450,7,239,-232
120000451,259,241,18
120000452,173,1,172
120000453,0,431,-431
120000454,63,47,16
120000455,99,59,40
120000456,2773,4139,-1366
120000457,1744,698,1046
120000458,736,818,-82
120000459,101,59,42
120000665,1651,354,1297
120000668,171,850,-679
120000669,64,231,-167
120000670,317,646,-329
120000671,1450,426,1024
120000672,102,539,-437
120900001,76,112,-36
120900002,621,718,-97
120900003,329,57,272
120900004,17,83,-66
120900005,9,1519,-1510
120900006,397,265,132
120900007,151,130,21
120900008,249,1312,-1063
120900009,387,43,344
120900010,505,96,409
120900011,348,192,156
120900012,581,1482,-901
120900013,376,108,268
120900014,9,715,-706
120900015,1299,117,1182
120900016,831,73,758
120900017,2982,239,2743
120900018,144,612,-468
120900019,655,325,330
120900020,875,1559,-684
120900021,806,216,590
120900022,40,438,-398
120900023,321,64,257
120900024,2586,697,1889
120900025,2067,1364,703
120900026,331,283,48
120900027,898,45,853
120900028,389,94,295
120900029,194,472,-278
120900030,1170,874,296
120900031,241,99,142
120900032,962,143,819
120900033,1160,76,1084
120900034,23,2906,-2883
120900035,89,282,-193
120900037,247,11,236
120900038,80,219,-139
120900039,102,68,34
120900040,327,4,323
120900041,165,54,111
120900042,533,78,455
120900043,166,37,129
120900044,12,531,-519
120900045,189,193,-4
120900046,406,5,401
120900047,171,96,75
120900048,102,24,78
120900049,468,3,465
120900050,2867,1593,1274
120900051,397,196,201
120900052,717,4,713
120900053,323,183,140
120900054,2071,798,1273
120900055,356,1,355
120900056,509,20,489
120900057,121,18,103
120900058,571,2,569
120900059,136,0,136
120900060,55,35,20
120900061,333,336,-3
120900062,225,2,223
120900063,504,11,493
120900064,550,3,547
120900065,446,4,442
120900066,377,260,117
120900067,173,45,128
120900068,245,2,243
120900069,195,61,134
120900071,32,1,31
120900072,679,3,676
120900073,541,235,306
120900074,743,9,734
120900076,425,1,424
120900077,3797,523,3274
120900078,856,1058,-202
120900079,661,132,529
120900080,702,2046,-1344
120900081,909,641,268
120900082,776,550,226
120900083,80,4,76
120900084,296,457,-161
120900085,104,150,-46
120900086,161,298,-137
120900087,563,319,244
120900088,214,424,-210
120900089,4001,2720,1281
120900090,262,173,89
120900091,684,956,-272
120900092,1634,734,900
120900093,2783,257,2526
120900094,718,206,512
120900095,802,28,774
120900096,59,275,-216
120900097,826,883,-57
120900098,454,274,180
120900099,132,108,24
120900100,212,313,-101
120900101,908,340,568
120900102,63,150,-87
120900103,75,241,-166
120900104,41,51,-10
120900105,44,643,-599
120900106,1605,719,886
120900107,302,207,95
120900108,9,734,-725
120900109,83,795,-712
120900110,12,952,-940
120900111,208,396,-188
120900112,41,1064,-1023
120900113,13,1024,-1011
120900114,70,158,-88
120900115,152,272,-120
120900116,435,564,-129
120900117,6,623,-617
120900118,26,886,-860
120900119,5120,7522,-2402
120900120,86,618,-532
120900121,339,708,-369
120900122,519,696,-177
120900123,3,464,-461
120900124,0,644,-644
120900125,5,904,-899
120900126,2055,1614,441
120900127,11,545,-534
120900128,1290,1775,-485
120900129,85,414,-329
120900130,1,353,-352
120900131,45,139,-94
120900132,975,412,563
120900133,331,1156,-825
120900134,899,543,356
120900135,33,703,-670
120900136,104,163,-59
120900137,302,168,134
120900138,25,305,-280
120900139,5,883,-878
120900140,11,174,-163
120900141,229,333,-104
120900142,27,579,-552
120900143,8,1058,-1050
120900144,0,205,-205
120900145,770,967,-197
120900146,2,1340,-1338
120900147,1,539,-538
120900148,144,152,-8
120900149,0,365,-365
120900150,53,631,-578
120900151,3,741,-738
120900152,4,68,-64
120900153,55,162,-107
120900154,0,332,-332
120900155,224,1217,-993
120900156,62,436,-374
120900157,92,229,-137
120900158,69,718,-649
120900159,140,257,-117
120900160,55,950,-895
120900161,125,617,-492
120900162,60,795,-735
120900163,68,918,-850
120900164,0,15,-15
120900165,20,24,-4
120900166,195,538,-343
120900167,614,208,406
120900169,86,474,-388
120900170,1528,2766,-1238
120900171,1461,405,1056
120900172,2242,1323,919
120900173,3,84,-81
120900174,13,191,-178
120900175,287,185,102
120900176,13,395,-382
120900177,1,1160,-1159
120900178,0,490,-490
120900179,1168,650,518
120900180,153,214,-61
120900181,291,82,209
120900182,30,357,-327
120900183,455,120,335
120900184,274,113,161
120900185,11,512,-501
120900186,1,457,-456
120900187,558,1787,-1229
120900188,261,28,233
120900189,144,1043,-899
120900190,74,17,57
120900191,13,33,-20
120900192,12299,6922,5377
120900194,36,130,-94
120900195,177,370,-193
120900196,945,73,872
120900197,760,192,568
120900198,327,756,-429
120900199,630,2062,-1432
120900200,88,145,-57
120900201,573,283,290
120900202,4,204,-200
120900203,32,115,-83
120900204,166,344,-178
120900205,55,82,-27
120900206,23,46,-23
121000001,1008,1297,-289
121000002,2798,1333,1465
121000003,3629,2261,1368
121000004,3420,3733,-313
121000005,2075,3170,-1095
121000006,4364,1960,2404
121000007,3088,3128,-40
121000008,6007,3880,2127
121000009,6493,6464,29
121000010,9198,6280,2918
121000011,11267,14627,-3360
121000012,19163,11840,7323
121000013,5469,8337,-2868
121000014,7296,6279,1017
121000015,4645,8059,-3414
121000016,5211,3788,1423
121000017,2523,4679,-2156
121000018,3193,2132,1061
121000019,22618,14624,7994
121000020,16475,19238,-2763
121000021,5016,3719,1297
121000022,3883,3517,366
121000023,6958,3809,3149
121000024,5820,5737,83
121000025,817,1570,-753
121000026,351,142,209
121000027,1976,1278,698
121000028,901,575,326
121000029,1148,847,301
121000030,814,583,231
121000031,762,815,-53
121000032,260,126,134
121000034,564,265,299
121000035,192,154,38
121000036,1188,1045,143
121000037,625,849,-224
121000038,578,1024,-446
121000039,379,529,-150
121000041,780,551,229
121000042,464,471,-7
121000043,816,659,157
121000044,1607,989,618
121000045,622,396,226
121000046,892,1169,-277
121000047,123,121,2
121000049,1814,654,1160
121000050,319,1294,-975
121000051,743,352,391
121000052,402,765,-363
121000053,566,134,432
121000054,104,404,-300
121000055,1369,1209,160
121000056,914,1290,-376
121000057,496,601,-105
121000058,534,265,269
121000059,2510,1521,989
121000060,722,1121,-399
121000061,162,364,-202
121000062,331,425,-94
121000063,981,827,154
121000064,846,966,-120
121000065,522,619,-97
121000066,742,745,-3
121000067,823,706,117
121000068,1074,494,580
121000069,997,961,36
121000070,3034,1625,1409
121000071,2279,1539,740
121000072,3111,948,2163
121000073,1622,1085,537
121000074,347,178,169
121000075,113,394,-281
121000076,1495,578,917
121000077,221,271,-50
121000078,184,214,-30
121000080,3057,850,2207
121000081,5281,3614,1667
121000082,129,314,-185
121000083,284,179,105
121000084,223,184,39
121000085,388,404,-16
121000086,251,945,-694
121000087,59,399,-340
121000088,613,721,-108
121000089,531,499,32
121000090,555,404,151
121000091,1767,1135,632
121000092,219,95,124
121000093,202,275,-73
121000094,694,1026,-332
121000095,405,893,-488
121000096,2539,2940,-401
121000097,1238,2576,-1338
121000098,678,1303,-625
121000099,565,811,-246
121000100,834,524,310
121000101,384,432,-48
121000102,327,431,-104
121000103,319,319,0
121000104,285,276,9
121000105,626,369,257
121000106,489,490,-1
121000107,2338,3726,-1388
121000109,1700,1367,333
121000110,416,782,-366
121000114,2985,2202,783
121000115,1088,940,148
121000116,294,1182,-888
121000117,920,284,636
121000118,1562,254,1308
121000119,461,524,-63
121000120,329,522,-193
121000121,817,1434,-617
121000123,2149,799,1350
121000126,146,375,-229
121000127,281,107,174
121000128,980,606,374
121000129,831,785,46
121000130,736,1137,-401
121000131,3551,2397,1154
121000132,2401,2298,103
121000135,618,1131,-513
121000136,2349,1082,1267
121000137,666,393,273
121000138,1474,1194,280
121000139,808,404,404
121000141,287,208,79
121000142,874,1114,-240
121000143,189,35,154
121000144,1527,2141,-614
121000145,694,1566,-872
121000146,1391,1079,312
121000147,1057,674,383
121000148,1007,1459,-452
121000149,2246,1571,675
121000152,694,673,21
121000153,2133,857,1276
121000154,1066,730,336
121000155,1652,1235,417
121000156,503,1094,-591
121000157,1447,2252,-805
121000158,521,617,-96
121000159,241,489,-248
121000160,303,499,-196
121000161,270,415,-145
121000162,151,268,-117
121000165,2017,2233,-216
121000166,25,531,-506
121000168,440,369,71
121000169,72,187,-115
121000170,370,120,250
121000171,109,220,-111
121000172,854,643,211
121000173,1911,1260,651
121000174,465,449,16
121000175,885,463,422
121000176,457,246,211
121000177,1287,751,536
121000178,143,110,33
121000179,112,95,17
121000181,558,523,35
121000182,234,244,-10
121000183,192,188,4
121000184,108,322,-214
121000185,45,181,-136
121000186,223,655,-432
121000187,270,303,-33
121000188,249,330,-81
121000192,1078,498,580
121000193,743,617,126
121000194,2871,2658,213
121000195,401,964,-563
121000196,842,342,500
121000197,271,906,-635
121000198,294,144,150
121000199,186,431,-245
121000200,714,106,608
121000201,5,225,-220
121000202,822,156,666
121000203,1099,2634,-1535
121000204,2958,1089,1869
121000205,232,317,-85
121000206,260,47,213
121000207,2831,477,2354
121000208,12,405,-393
121000209,404,352,52
121000210,525,454,71
121000211,373,183,190
121000212,429,651,-222
121000213,11416,3737,7679
121000214,1022,2632,-1610
121000215,1181,1133,48
121000216,595,727,-132
121000217,4393,2670,1723
121000218,537,1825,-1288
121000219,1717,425,1292
121000220,238,86,152
121000221,141,239,-98
121000222,2616,2825,-209
121000223,867,497,370
121000224,348,174,174
121000225,1711,1945,-234
121000226,3168,1296,1872
121000227,14,161,-147
121000228,31,676,-645
121000229,284,363,-79
121000230,68,1647,-1579
121000231,929,39,890
121000232,400,300,100
121000233,672,433,239
121000234,32,35,-3
121000235,95,122,-27
121000236,17,69,-52
121000237,78,33,45
121000238,12,81,-69
121000239,120,12,108
121000240,8,172,-164
121000241,109,26,83
121000242,51,332,-281
121000243,779,278,501
121000244,14,94,-80
121000245,159,47,112
121000246,1,141,-140
121000247,81,12,69
121000248,2284,536,1748
121000249,189,332,-143
121000250,879,231,648
121000251,36,446,-410
121000252,114,78,36
121000253,366,399,-33
121000254,564,289,275
121000255,407,255,152
121000256,635,293,342
121000257,86,118,-32
121000258,227,95,132
121000259,91,63,28
121000260,242,133,109
121000261,316,59,257
121000262,950,928,22
121000263,743,474,269
121000271,335,1736,-1401
121000273,84,13,71
121000274,19,42,-23
121000275,1,8,-7
121000276,11,12,-1
121000278,31,22,9
121000279,78,22,56
121000280,106,53,53
121000289,292,30,262
121000290,1230,1135,95
121000294,204,177,27
121000297,1284,1179,105
121000299,256,507,-251
121000300,1058,785,273
121000302,117,1549,-1432
121000303,506,611,-105
121000304,654,69,585
121000305,216,72,144
121000306,82,182,-100
121000308,208,425,-217
121000309,433,717,-284
121000310,129,424,-295
121000311,111,1133,-1022
121000312,397,248,149
121000313,426,623,-197
121000314,193,218,-25
121000315,72,136,-64
121000530,1530,1661,-131
121000531,2085,1673,412
121000532,7638,8655,-1017
121000533,3720,3849,-129
121000918,112,179,-67
121000919,61,69,-8
121000938,257,517,-260
121000939,343,383,-40
121000956,1528,1370,158
121000957,8,11,-3
121000958,81,68,13
121000959,693,1039,-346
121000960,2748,2369,379
121000961,290,281,9
121000962,297,655,-358
121000973,1,173,-172
121000976,27,296,-269
121000979,609,226,383
121000981,464,519,-55
121000982,384,200,184
121000983,520,533,-13
121000984,53,105,-52
121000985,681,581,100
121000986,437,284,153
121000987,339,1169,-830
121000988,773,133,640
121001302,403,141,262
121001308,11,26,-15
121001309,122,83,39
121001313,325,212,113
121001314,2461,3322,-861
121001315,5010,2576,2434
121900001,198,215,-17
121900002,61,30,31
121900003,467,12,455
121900004,191,443,-252
121900005,75,8,67
121900006,170,22,148
121900007,2363,2645,-282
121900008,2430,886,1544
121900009,696,29,667
121900010,285,8,277
121900011,510,585,-75
121900012,23,5,18
121900013,1762,119,1643
121900014,1404,392,1012
121900015,232,296,-64
121900016,10,44,-34
121900017,1682,529,1153
121900018,365,13,352
121900019,519,335,184
121900020,46,13,33
121900021,873,27,846
121900022,368,283,85
121900023,175,397,-222
121900024,478,138,340
121900025,770,465,305
121900026,462,62,400
121900027,531,288,243
121900028,334,16,318
121900029,123,257,-134
121900030,605,678,-73
121900031,1263,6104,-4841
121900032,118,102,16
121900033,194,206,-12
121900034,370,87,283
121900035,3363,2623,740
121900036,108,358,-250
121900037,261,1016,-755
121900038,72,188,-116
121900039,496,95,401
121900040,94,151,-57
121900041,110,165,-55
121900042,416,163,253
121900043,23,12,11
121900044,213,47,166
121900046,416,559,-143
121900047,198,101,97
121900048,74,134,-60
121900050,53,84,-31
121900051,158,195,-37
121900052,195,57,138
121900053,1001,409,592
121900054,732,1102,-370
121900055,0,22,-22
121900058,226,234,-8
121900059,569,230,339
121900060,238,378,-140
121900061,270,206,64
121900062,300,148,152
121900063,1674,440,1234
121900064,299,800,-501
121900066,89,60,29
121900067,122,84,38
121900069,234,177,57
121900070,295,149,146
121900071,438,516,-78
121900072,58,164,-106
121900073,336,264,72
121900074,1196,1303,-107
121900075,544,530,14
121900076,451,786,-335
121900077,23,47,-24
121900078,134,63,71
121900079,2,2,0
121900080,1422,577,845
121900082,69,171,-102
121900084,26,184,-158
121900085,4,20,-16
121900086,15,81,-66
121900087,214,141,73
121900088,2614,3884,-1270
121900089,183,452,-269
121900090,147,145,2
121900091,68,173,-105
121900092,163,116,47
121900093,106,115,-9
121900094,30,12,18
121900095,313,219,94
121900096,1593,1170,423
121900097,561,415,146
121900098,9,14,-5
121900099,247,116,131
121900100,325,524,-199
121900101,244,154,90
121900102,8,216,-208
121900103,647,375,272
121900104,1804,383,1421
121900105,315,299,16
121900106,6,18,-12
121900107,40,62,-22
121900108,8,31,-23
121900109,363,172,191
121900110,626,1090,-464
121900111,1096,218,878
121900112,263,233,30
121900113,63,379,-316
121900114,96,87,9
121900117,462,114,348
121900118,2521,810,1711
121900119,275,122,153
121900120,79,1586,-1507
121900121,580,58,522
121900122,44,86,-42
121900123,296,496,-200
121900124,236,210,26
121900125,2098,1262,836
121900127,22,111,-89
121900128,71,157,-86
121900129,751,234,517
121900130,135,251,-116
121900131,393,90,303
121900132,60,150,-90
121900133,122,1029,-907
121900134,55,215,-160
121900135,3246,507,2739
121900136,1125,402,723
121900137,69,438,-369
121900138,199,315,-116
121900139,378,536,-158
121900140,129,295,-166
121900141,81,80,1
121900142,222,289,-67
121900143,33,206,-173
121900144,174,300,-126
121900145,234,340,-106
121900146,640,1146,-506
121900147,55,166,-111
121900148,260,461,-201
121900149,411,970,-559
121900150,116,183,-67
121900151,100,247,-147
121900152,106,184,-78
121900153,141,942,-801
121900154,24,244,-220
121900155,5,233,-228
121900156,249,144,105
121900157,10,410,-400
121900158,102,127,-25
121900159,2,264,-262
121900160,87,331,-244
121900161,509,450,59
121900162,110,235,-125
121900163,293,1088,-795
121900164,646,296,350
121900165,812,246,566
121900166,191,204,-13
121900167,90,137,-47
121900168,179,309,-130
121900169,4,215,-211
121900170,10,242,-232
121900171,937,780,157
121900172,754,306,448
121900173,1263,273,990
121900174,35,95,-60
121900175,374,323,51
121900176,771,1718,-947
121900177,296,84,212
121900178,53,37,16
121900179,658,188,470
121900180,4999,4641,358
121900182,669,305,364
121900183,939,1179,-240
121900184,133,863,-730
121900186,16,436,-420
121900187,50,229,-179
121900188,670,516,154
121900189,52,160,-108
121900190,274,583,-309
121900191,154,181,-27
121900192,421,764,-343
121900193,50,163,-113
121900194,22,319,-297
121900195,110,155,-45
121900196,1215,1209,6
121900197,491,1719,-1228
121900198,1390,1084,306
121900199,5,48,-43
121900200,126,364,-238
121900201,1279,986,293
121900202,307,881,-574
121900203,322,1118,-796
121900204,1067,1499,-432
121900205,27,128,-101
121900206,26,56,-30
121900207,170,51,119
121900208,223,349,-126
121900209,113,41,72
121900210,1295,1172,123
121900211,19,116,-97
121900212,154,150,4
121900213,193,97,96
121900214,7,546,-539
121900215,68,129,-61
121900216,52,230,-178
121900217,342,213,129
121900218,270,426,-156
121900220,266,5,261
121900221,336,647,-311
121900222,199,223,-24
121900223,247,84,163
121900224,94,63,31
121900225,151,113,38
121900226,384,1109,-725
121900227,358,716,-358
121900228,252,425,-173
121900230,149,408,-259
121900231,587,2693,-2106
121900232,327,579,-252
121900233,257,307,-50
121900234,342,369,-27
121900235,487,198,289
121900236,510,230,280
121900237,237,272,-35
121900238,167,373,-206
121900239,630,76,554
121900240,305,166,139
121900241,41,75,-34
121900242,15,0,15
121900243,24,1,23
121900244,73,1,72
121900245,192,116,76
121900246,2081,359,1722
121900247,697,311,386
121900248,1875,1641,234
121900250,268,302,-34
121900251,446,81,365
121900252,701,185,516
121900253,201,731,-530
121900254,598,328,270
121900255,332,131,201
121900258,3842,2597,1245
121900259,497,690,-193
121900260,163,182,-19
121900261,167,690,-523
121900262,474,1018,-544
121900263,413,335,78
121900264,2466,1736,730
121900265,337,321,16
121900266,581,189,392
121900267,88,39,49
121900269,315,900,-585
121900270,31,256,-225
121900271,72,214,-142
121900273,497,1812,-1315
121900274,253,350,-97
121900277,751,1412,-661
121900278,160,1091,-931
121900279,123,201,-78
121900280,261,452,-191
121900281,664,566,98
121900284,162,11,151
121900286,460,145,315
121900287,19,50,-31
121900290,322,426,-104
121900291,474,749,-275
121900292,189,151,38
121900293,1231,3018,-1787
121900294,320,5,315
121900295,251,266,-15
121900296,78,198,-120
121900298,337,833,-496
121900299,4,10,-6
121900300,204,9,195
121900301,119,9,110
121900302,2,32,-30
121900303,416,560,-144
121900304,0,113,-113
121900305,3,20,-17
121900306,317,0,317
121900307,90,30,60
121900308,49,355,-306
121900309,31,330,-299
121900310,51,507,-456
121900311,476,15,461
121900312,433,21,412
121900313,301,40,261
121900314,6,84,-78
121900315,14,0,14
121900316,2,15,-13
121900317,9,14,-5
121900318,2,20,-18
121900319,38,116,-78
121900320,59,68,-9
121900321,13,4,9
121900322,5,16,-11
121900323,26,24,2
121900324,3,52,-49
121900325,28,6,22
121900326,20,27,-7
121900327,10,73,-63
121900328,2,36,-34
121900329,2,240,-238
121900330,0,32,-32
121900331,160,120,40
121900332,100,49,51
121900333,22,3,19
122000001,3113,5305,-2192
122000002,5204,2258,2946
122000003,2642,3012,-370
122000004,3564,1996,1568
122000005,3046,1982,1064
122000006,2286,959,1327
122000007,1224,2224,-1000
122000008,5233,6034,-801
122000009,515,434,81
122000010,2390,3016,-626
122000011,4019,1779,2240
122000012,1579,1743,-164
122000013,1652,1069,583
122000014,1668,1403,265
122000015,1751,1297,454
122000016,757,1031,-274
122000017,1406,1198,208
122000018,1748,1504,244
122000019,786,1353,-567
122000020,244,292,-48
122000021,440,602,-162
122000022,1391,1183,208
122000023,764,1821,-1057
122000024,1050,1517,-467
122000025,1556,2024,-468
122000026,1454,1351,103
122000027,801,2642,-1841
122000028,1094,523,571
122000029,613,507,106
122000030,506,195,311
122000031,458,289,169
122000032,1976,2324,-348
122000033,773,1311,-538
122000034,928,814,114
122000035,433,844,-411
122000036,644,624,20
122000037,388,294,94
122000038,312,413,-101
122000039,632,487,145
122000040,354,356,-2
122000041,592,652,-60
122000042,338,627,-289
122000043,174,143,31
122000044,193,163,30
122000045,1272,564,708
122000046,874,915,-41
122000047,416,262,154
122000048,5234,5451,-217
122000049,7450,4198,3252
122000050,1805,958,847
122000051,449,296,153
122000052,711,486,225
122000053,212,802,-590
122000054,2903,2562,341
122000055,2636,3605,-969
122000056,6203,4368,1835
122000057,4362,4252,110
122000058,3239,1491,1748
122000059,3909,1848,2061
122000060,818,833,-15
122000061,649,608,41
122000062,1383,457,926
122000063,1840,905,935
122000064,3708,3038,670
122000065,4734,2833,1901
122000066,1450,1116,334
122000067,1622,1464,158
122000068,1902,1365,537
122000069,838,774,64
122000070,1183,1941,-758
122000071,1694,1498,196
122000072,460,492,-32
122000073,497,700,-203
122000074,3150,1949,1201
122000075,1157,1463,-306
122000076,2489,1419,1070
122000077,1384,878,506
122000078,2819,2840,-21
122000079,2435,1588,847
122000080,916,437,479
122000081,245,438,-193
122000082,1008,979,29
122000083,1886,2360,-474
122000084,1869,1008,861
122000085,431,1359,-928
122000086,2432,5877,-3445
122000087,632,211,421
122000088,507,597,-90
122000089,6498,2806,3692
122000090,284,598,-314
122000091,275,76,199
122000092,168,40,128
122000093,2154,1993,161
122000094,7230,3136,4094
122000095,4094,4830,-736
122000096,3284,2169,1115
122000098,4668,2760,1908
122000099,2324,799,1525
122000100,1066,532,534
122000101,502,758,-256
122000102,2395,1552,843
122000103,2376,2101,275
122000104,519,254,265
122000105,1193,361,832
122000106,520,826,-306
122000107,1264,562,702
122000108,550,950,-400
122000109,524,336,188
122000110,613,693,-80
122000111,2983,1560,1423
122000112,1139,1608,-469
122000113,753,778,-25
122000114,3465,1617,1848
122000115,2101,1496,605
122000116,761,600,161
122000117,2382,553,1829
122000118,709,1185,-476
122000119,4073,3221,852
122000120,2529,5574,-3045
122000121,2539,4340,-1801
122000122,1147,2567,-1420
122000123,2109,2347,-238
122000124,1228,764,464
122000125,910,909,1
122000126,871,1669,-798
122000127,1252,2023,-771
122000128,667,1014,-347
122000129,869,1523,-654
122000130,3513,1703,1810
122000131,1636,1617,19
122000132,706,877,-171
122000133,1212,2080,-868
122000134,1025,1043,-18
122000135,962,1209,-247
122000136,1031,774,257
122000137,1975,1447,528
122000139,1527,3937,-2410
122000140,1177,746,431
122000141,5746,1305,4441
122000142,588,1131,-543
122000143,696,472,224
122000144,1740,1651,89
122000145,1957,871,1086
122000146,2276,1270,1006
122000147,831,476,355
122000148,2724,2454,270
122000149,2539,1869,670
122000150,1343,1123,220
122000151,200,415,-215
122000152,417,486,-69
122000153,441,398,43
122000154,323,306,17
122000155,1953,2669,-716
122000156,3093,2905,188
122000157,2010,2442,-432
122000158,383,798,-415
122000159,1037,2168,-1131
122000160,4248,2687,1561
122000161,1246,1136,110
122000162,2881,2101,780
122000163,325,101,224
122000164,60,108,-48
122000165,1363,731,632
122000166,1283,1049,234
122000167,383,269,114
122000168,251,606,-355
122000169,496,166,330
122000170,427,314,113
122000171,53,126,-73
122000172,1674,1672,2
122000173,1830,2625,-795
122000174,2567,1048,1519
122000175,1260,355,905
122000176,483,878,-395
122000177,1653,1673,-20
122000178,2974,2499,475
122000179,1944,2543,-599
122000180,2011,1565,446
122000181,2179,3446,-1267
122000182,2215,1921,294
122000183,2141,1089,1052
122000184,3754,2349,1405
122000185,1821,1748,73
122000186,527,850,-323
122000187,2022,1171,851
122000188,583,216,367
122000189,305,370,-65
122000190,1124,1232,-108
122000191,1124,951,173
122000192,1369,373,996
122000193,581,905,-324
122000194,686,193,493
122000195,165,576,-411
122000196,1582,842,740
122000197,580,943,-363
122000198,587,970,-383
122000199,417,385,32
122000200,1151,696,455
122000201,1709,1663,46
122000202,1522,1640,-118
122000203,4682,1739,2943
122000204,2039,2394,-355
122000205,1642,1767,-125
122000206,2580,1116,1464
122000207,2260,1670,590
122000208,2614,1739,875
122000209,2067,416,1651
122000210,2359,2129,230
122000211,1861,1466,395
122000212,881,639,242
122000213,1263,1462,-199
122000214,2393,1911,482
122000215,2196,1956,240
122000217,2390,1543,847
122000218,840,116,724
122000219,1522,1104,418
122000220,512,850,-338
122000221,100,496,-396
122000222,602,176,426
122000223,1780,646,1134
122000225,981,335,646
122000226,2787,2065,722
122000227,410,2512,-2102
122000228,585,525,60
122000229,97,580,-483
122000230,634,648,-14
122000231,1186,973,213
122000232,954,1317,-363
122000233,3,146,-143
122000234,403,179,224
122000235,950,165,785
122000236,1252,173,1079
122000237,311,117,194
122000238,926,435,491
122000239,1734,204,1530
122000240,1397,888,509
122000241,1586,627,959
122000242,994,278,716
122000243,88,54,34
122000244,22,362,-340
122000245,8,88,-80
122000246,92,121,-29
122000247,1380,326,1054
122000248,1185,1810,-625
122000249,2547,1143,1404
122000250,2452,1409,1043
122000251,352,459,-107
122000252,616,327,289
122000253,109,320,-211
122000254,366,216,150
122000255,1001,2347,-1346
122000256,565,1279,-714
122000257,258,392,-134
122000258,402,384,18
122000259,33,563,-530
122000260,3,91,-88
122000261,31,259,-228
122000262,1,61,-60
122000263,503,163,340
122000264,1493,490,1003
122000265,2543,1110,1433
122000266,4939,787,4152
122000267,211,224,-13
122000268,173,661,-488
122000269,983,498,485
122000270,732,206,526
122000271,417,1382,-965
122000272,438,1157,-719
122000273,430,483,-53
122000274,299,224,75
122000275,199,255,-56
122000276,894,780,114
122000277,1626,1631,-5
122000278,2162,1230,932
122000279,347,660,-313
122000280,1222,1097,125
122000281,1022,1208,-186
122000282,369,292,77
122000283,646,188,458
122000284,302,143,159
122000285,513,120,393
122000286,135,212,-77
122000287,1338,1780,-442
122000288,556,358,198
122000291,2188,888,1300
122000293,367,304,63
122000294,169,240,-71
122000295,2298,265,2033
122000296,95,576,-481
122000297,3232,3060,172
122000299,616,546,70
122000300,625,721,-96
122000301,12667,3976,8691
122000302,1014,1506,-492
122000303,4435,1722,2713
122000304,127,349,-222
122000305,1191,325,866
122000306,29,894,-865
122000307,184,168,16
122000309,96,74,22
122000310,18,102,-84
122000311,294,137,157
122000312,183,141,42
122000313,126,91,35
122000314,126,246,-120
122000315,258,78,180
122000316,757,250,507
122000317,1550,312,1238
122000318,309,845,-536
122000319,328,497,-169
122000320,480,1862,-1382
122000321,131,233,-102
122000322,2752,2305,447
122000323,1855,2520,-665
122000324,1254,1336,-82
122000325,1916,1677,239
122000326,94,140,-46
122000327,545,831,-286
122000328,981,876,105
122000330,2396,940,1456
122000332,323,449,-126
122000333,10,87,-77
122000337,1104,1865,-761
122000338,572,587,-15
122000340,411,543,-132
122000342,2160,1106,1054
122000343,495,1262,-767
122000344,76,30,46
122000345,63,48,15
122000346,727,636,91
122000348,908,1017,-109
122000349,155,988,-833
122000351,109,191,-82
122000352,477,172,305
122000353,104,101,3
122000355,191,265,-74
122000356,1646,1441,205
122000357,119,21,98
122000358,1,79,-78
122000359,0,55,-55
122000360,0,58,-58
122000362,22,95,-73
122000364,224,456,-232
122000365,3,65,-62
122000366,21,7,14
122000368,549,881,-332
122000370,46,89,-43
122000371,30,0,30
122000372,14,1,13
122000381,119,414,-295
122000382,100,273,-173
122000384,4505,1567,2938
122000385,83,0,83
122000386,526,1397,-871
122000387,718,758,-40
122000388,1641,756,885
122000389,185,738,-553
122000390,438,296,142
122000391,451,331,120
122000392,644,284,360
122000393,131,253,-122
122000394,621,438,183
122000395,205,220,-15
122000396,335,181,154
122000397,88,56,32
122000398,61,72,-11
122000399,198,96,102
122000400,157,486,-329
122000401,138,106,32
122000402,341,144,197
122000403,683,1047,-364
122000404,179,343,-164
122000408,1036,1433,-397
122000503,11,102,-91
122000524,699,141,558
122000544,199,2554,-2355
122000616,394,5,389
122000640,98,167,-69
122000641,98,377,-279
122000642,1230,1409,-179
122000643,79,165,-86
122000644,182,36,146
122000645,117,194,-77
122000651,1967,1004,963
122000664,146,57,89
122000665,1380,757,623
122000666,864,1243,-379
122000673,26,314,-288
122000674,145,87,58
122000675,1946,1164,782
122000686,880,1300,-420
122000687,1789,465,1324
122000688,401,788,-387
122000689,862,500,362
122000690,2306,650,1656
122000691,1573,1929,-356
122000692,1806,501,1305
122000693,537,2230,-1693
122000695,383,544,-161
122000696,395,330,65
122000698,402,1005,-603
122000699,257,156,101
122000701,1433,382,1051
122000702,560,1383,-823
122000703,179,91,88
122000717,200,79,121
122000718,477,723,-246
122000719,129,113,16
122000720,410,282,128
122000724,158,23,135
122900001,57,8,49
122900002,1483,5147,-3664
122900003,471,83,388
122900004,982,54,928
122900005,137,75,62
122900006,1386,464,922
122900007,504,76,428
122900008,954,80,874
122900009,949,619,330
122900010,371,168,203
122900012,330,579,-249
122900014,253,389,-136
122900015,2523,1214,1309
122900016,133,347,-214
122900017,524,1137,-613
122900018,224,32,192
122900019,28,184,-156
122900020,415,482,-67
122900021,105,684,-579
122900022,1053,923,130
122900023,595,324,271
122900024,206,154,52
122900025,35,350,-315
122900026,150,529,-379
122900027,99,798,-699
122900028,157,269,-112
122900029,4983,3549,1434
122900030,1226,696,530
122900031,99,319,-220
122900032,167,476,-309
122900033,276,196,80
122900034,5242,5675,-433
122900035,61,29,32
122900036,105,114,-9
122900037,431,174,257
122900038,163,2909,-2746
122900039,133,602,-469
122900040,315,584,-269
122900041,397,417,-20
122900042,186,464,-278
122900043,453,243,210
122900044,121,372,-251
122900045,107,150,-43
122900046,316,204,112
122900047,130,249,-119
122900048,78,217,-139
122900049,1910,179,1731
122900051,111,180,-69
122900052,108,206,-98
122900053,40,41,-1
122900055,625,208,417
122900057,270,86,184
122900061,518,259,259
122900062,674,802,-128
122900063,170,378,-208
122900064,1295,524,771
122900065,582,314,268
122900066,823,439,384
122900067,1657,1036,621
122900068,426,375,51
122900069,554,1836,-1282
122900070,438,91,347
122900071,131,456,-325
122900072,29,559,-530
122900073,97,284,-187
122900074,834,879,-45
122900075,1,72,-71
122900076,10,178,-168
122900077,1,176,-175
122900078,206,132,74
122900080,73,50,23
122900081,241,214,27
122900082,905,565,340
122900083,220,436,-216
122900084,15,324,-309
122900086,21,169,-148
122900087,339,829,-490
122900088,38,227,-189
122900089,110,317,-207
122900090,9,526,-517
122900091,216,10,206
122900092,0,246,-246
122900093,0,371,-371
122900094,4,230,-226
122900095,179,10,169
122900096,471,219,252
122900097,23,33,-10
122900098,199,226,-27
122900099,78,25,53
122900100,439,236,203
122900101,559,305,254
122900102,33,77,-44
122900103,82,4,78
122900104,141,13,128
122900105,13,35,-22
122900106,2,107,-105
122900107,5,228,-223
122900108,3,249,-246
123000001,1547,529,1018
123000002,4655,5189,-534
123000003,4209,3973,236
123000004,3249,4391,-1142
123000005,2900,2791,109
123000006,2629,2917,-288
123000007,5048,3025,2023
123000008,3500,3565,-65
123000009,4808,3176,1632
123000010,3692,3669,23
123000011,2625,848,1777
123000012,1061,2336,-1275
123000013,4084,1047,3037
123000014,1094,3700,-2606
123000015,5004,1300,3704
123000016,5649,4783,866
123000017,3292,1789,1503
123000018,62,154,-92
123000019,385,338,47
123000020,194,167,27
123000021,104,238,-134
123000022,405,1814,-1409
123000023,1648,1683,-35
123000024,1453,725,728
123000025,248,139,109
123000026,477,129,348
123000027,250,616,-366
123000028,2037,409,1628
123000029,1445,1153,292
123000030,264,608,-344
123000031,250,336,-86
123000032,403,209,194
123000033,247,67,180
123000034,1148,909,239
123000035,426,443,-17
123000036,376,1035,-659
123000037,438,606,-168
123000038,180,162,18
123000039,474,1380,-906
123000040,1043,510,533
123000041,1402,1237,165
123000042,1525,813,712
123000043,3852,9569,-5717
123000044,5498,3059,2439
123000045,9908,3844,6064
123000046,1078,1822,-744
123000047,2893,1189,1704
123000048,171,834,-663
123000049,8756,10960,-2204
123000050,1427,1596,-169
123000051,113,206,-93
123000052,945,3796,-2851
123000053,3134,3916,-782
123000054,1582,2207,-625
123000055,1764,3115,-1351
123000056,1413,2471,-1058
123000057,16142,8909,7233
123000058,786,1107,-321
123000059,515,673,-158
123000060,969,629,340
123000061,362,927,-565
123000063,936,942,-6
123000064,1382,435,947
123000065,9700,3955,5745
123000066,971,740,231
123000067,951,760,191
123000068,3740,3460,280
123000069,7974,4378,3596
123000070,338,889,-551
123000071,1167,1171,-4
123000072,1235,1339,-104
123000073,1217,936,281
123000074,1069,1541,-472
123000075,378,1242,-864
123000076,1402,918,484
123000077,2150,3386,-1236
123000078,1697,1834,-137
123000079,1496,1868,-372
123000080,2486,2460,26
123000081,180,525,-345
123000082,509,1400,-891
123000083,1011,283,728
123000084,700,540,160
123000085,358,125,233
123000086,573,301,272
123000087,517,394,123
123000088,2239,1062,1177
123000089,550,1121,-571
123000090,1275,1050,225
123000091,1511,1304,207
123000092,972,1264,-292
123000094,567,325,242
123000095,730,801,-71
123000096,718,528,190
123000097,536,803,-267
123000098,876,691,185
123000099,736,851,-115
123000100,636,868,-232
123000101,729,734,-5
123000102,780,804,-24
123000104,459,427,32
123000105,698,483,215
123000106,517,428,89
123000107,456,484,-28
123000108,739,1163,-424
123000111,991,414,577
123000112,1186,709,477
123000113,581,1690,-1109
123000114,557,645,-88
123000115,368,292,76
123000116,45,124,-79
123000117,2742,2515,227
123000118,486,1073,-587
123000119,385,997,-612
123000120,737,930,-193
123000121,518,553,-35
123000122,361,258,103
123000123,447,584,-137
123000124,567,537,30
123000125,1158,1082,76
123000126,1440,4416,-2976
123000127,987,720,267
123000128,401,311,90
123000129,739,284,455
123000130,667,131,536
123000131,865,668,197
123000132,411,890,-479
123000133,362,482,-120
123000134,390,212,178
123000135,2479,1408,1071
123000136,271,929,-658
123000137,213,381,-168
123000138,120,472,-352
123000139,596,172,424
123000140,193,944,-751
123000141,1015,157,858
123000142,1129,1399,-270
123000143,1426,2130,-704
123000144,123,56,67
123000145,376,170,206
123000146,69,90,-21
123000147,103,122,-19
123000149,462,474,-12
123000150,212,292,-80
123000151,406,487,-81
123000152,279,598,-319
123000153,546,798,-252
123000154,2030,2091,-61
123000155,2751,1626,1125
123000156,37,130,-93
123000157,629,1050,-421
123000158,723,784,-61
123000159,3881,2857,1024
123000160,1036,844,192
123000161,1822,1337,485
123000162,1088,1925,-837
123000163,607,136,471
123000164,1732,368,1364
123000165,613,2054,-1441
123000166,51,194,-143
123000167,152,345,-193
123000168,302,307,-5
123000169,904,159,745
123000170,65,261,-196
123000171,801,43,758
123000172,526,667,-141
123000173,689,319,370
123000174,1108,401,707
123000175,1340,1491,-151
123000176,1408,346,1062
123000177,935,1412,-477
123000178,880,201,679
123000179,70,759,-689
123000180,1719,441,1278
123000181,382,1756,-1374
123000182,291,617,-326
123000183,209,518,-309
123000184,328,864,-536
123000185,831,454,377
123000186,0,738,-738
123000187,623,13,610
123000188,216,1,215
123000189,249,224,25
123000190,66,102,-36
123000192,38,667,-629
123000193,88,1166,-1078
123000194,506,382,124
123000195,325,35,290
123000196,355,58,297
123000197,51,124,-73
123000198,40,473,-433
123000199,9,760,-751
123000200,642,8,634
123000201,1076,33,1043
123000202,28,1486,-1458
123000203,1028,79,949
123000204,158,1586,-1428
123000205,709,2362,-1653
123000206,2290,316,1974
123000207,120,1150,-1030
123000208,535,231,304
123000209,2209,624,1585
123000210,602,2593,-1991
123000211,809,3361,-2552
123000212,3083,628,2455
123000213,739,88,651
123000215,133,230,-97
123000216,234,1569,-1335
123000217,257,44,213
123000218,90,814,-724
123000219,1226,105,1121
123000220,677,124,553
123000221,407,154,253
123000222,509,661,-152
123000223,432,455,-23
123000224,508,571,-63
123000225,355,102,253
123000226,126,447,-321
123000227,93,370,-277
123000228,316,102,214
123000229,1295,1920,-625
123000232,177,702,-525
123000233,912,269,643
123000234,177,684,-507
123000235,1049,495,554
123000236,374,923,-549
123000237,371,95,276
123000238,98,616,-518
123000239,578,1774,-1196
123000240,72,524,-452
123000241,758,150,608
123000242,248,238,10
123000243,818,866,-48
123000244,946,744,202
123000245,56,183,-127
123000249,433,674,-241
123000252,972,307,665
123000253,1196,619,577
123000254,825,1320,-495
123000255,1524,1147,377
123000256,32,330,-298
123000257,3384,2559,825
123000258,1623,1059,564
123000259,336,444,-108
123000260,514,492,22
123000261,263,226,37
123000262,99,255,-156
123000263,419,112,307
123000264,210,105,105
123000265,122,214,-92
123000266,775,962,-187
123000267,720,420,300
123000268,54,88,-34
123000269,68,52,16
123000270,46,46,0
123000271,83,102,-19
123000272,728,276,452
123000273,312,720,-408
123000274,1245,704,541
123000275,432,1059,-627
123000278,4443,2978,1465
123000279,146,112,34
123000280,627,410,217
123000281,341,149,192
123000282,183,339,-156
123000283,153,77,76
123000284,49,131,-82
123000286,371,357,14
123000287,705,339,366
123000288,1608,928,680
123000289,479,1205,-726
123000291,346,891,-545
123000294,144,234,-90
123000295,967,928,39
123000296,655,441,214
123000297,572,645,-73
123000298,623,550,73
123000299,48,189,-141
123000300,950,894,56
123000301,133,274,-141
123000302,81,264,-183
123000303,133,170,-37
123000305,1004,887,117
123000306,161,230,-69
123000309,29,85,-56
123000310,42,56,-14
123000311,0,120,-120
123000312,597,1202,-605
123000313,624,329,295
123000315,113,425,-312
123000316,1352,80,1272
123000317,205,90,115
123000318,66,278,-212
123000329,13,9,4
123000337,1236,449,787
123000338,749,44,705
123000339,276,346,-70
123000340,207,560,-353
123000342,297,18,279
123000343,36,7,29
123000344,1446,849,597
123000345,426,1000,-574
123000346,364,42,322
123000352,1773,904,869
123000353,48,128,-80
123000354,406,39,367
123000355,1,422,-421
123000356,377,25,352
123000357,2,210,-208
123000359,2,193,-191
123000360,269,78,191
123000361,399,372,27
123000362,449,136,313
123000363,129,274,-145
123000364,627,514,113
123000365,25,467,-442
123000366,534,2070,-1536
123000367,366,1336,-970
123000370,39,324,-285
123000371,1141,34,1107
123000372,440,38,402
123000373,8,498,-490
123000374,43,275,-232
123000375,505,60,445
123000376,984,670,314
123000377,472,23,449
123000378,19,358,-339
123000379,8,250,-242
123000380,64,496,-432
123000381,203,54,149
123000382,1585,143,1442
123000383,280,1482,-1202
123000384,470,99,371
123000385,229,558,-329
123000436,47,1049,-1002
123000507,160,278,-118
123000508,198,905,-707
123000517,356,47,309
123000518,42,236,-194
123000519,227,72,155
123000520,68,242,-174
123000521,417,119,298
123000522,138,440,-302
123000541,19,2,17
123000542,0,22,-22
123000565,366,26,340
123000566,540,824,-284
123000567,104,257,-153
123000573,52,915,-863
123000574,873,99,774
123000575,1383,1368,15
123000576,1041,1747,-706
123000577,106,729,-623
123000578,583,83,500
123000579,3472,5772,-2300
123000580,90,26,64
123000582,557,60,497
123000583,35,463,-428
123000584,238,335,-97
123000585,0,157,-157
123000586,83,0,83
123000596,117,121,-4
123000597,72,121,-49
123000602,37,16,21
123000603,719,745,-26
123000604,476,896,-420
123000605,815,106,709
123000606,1,394,-393
123000609,26,395,-369
123000610,271,183,88
123000613,28,193,-165
123000614,275,79,196
123000615,40,138,-98
123000616,779,83,696
123000617,132,468,-336
123000618,83,716,-633
123000619,613,56,557
123000620,15,533,-518
123000622,478,37,441
123000624,161,34,127
123000630,962,465,497
123000631,307,1405,-1098
123000632,803,1019,-216
123000633,2,192,-190
123000634,72,131,-59
123000635,130,149,-19
123000636,36,634,-598
123000637,188,149,39
123000638,495,65,430
123000639,1245,3900,-2655
123000640,7,935,-928
123900001,1458,65,1393
123900002,53,1282,-1229
123900003,520,495,25
123900005,263,154,109
123900006,243,42,201
124000001,2088,147,1941
124000002,126,1912,-1786
124000003,903,196,707
124000004,97,572,-475
124000005,1081,473,608
124000006,266,1349,-1083
124000007,593,97,496
124000008,14,583,-569
124000009,666,275,391
124000010,194,515,-321
124000011,1120,366,754
124000012,377,685,-308
124000017,193,217,-24
124000018,129,80,49
124000019,188,179,9
124000020,71,231,-160
124000021,121,108,13
124000022,94,262,-168
124000023,1687,1649,38
124000024,1193,494,699
124000025,1336,1938,-602
124000026,1010,1090,-80
124000027,5151,5390,-239
124000028,2373,4623,-2250
124000030,3262,1582,1680
124000031,1321,2868,-1547
124000032,3071,1016,2055
124000033,169,312,-143
124000034,1171,574,597
124000035,54,196,-142
124000036,70,221,-151
124000037,893,1143,-250
124000038,64,140,-76
124000039,1390,537,853
124000040,721,1366,-645
124000041,572,117,455
124000042,132,524,-392
124000043,175,109,66
124000044,39,228,-189
124000045,725,724,1
124000046,337,719,-382
124000047,1647,1160,487
124000048,1272,1641,-369
124000049,1922,843,1079
124000050,996,2151,-1155
124000051,1099,691,408
124000052,786,1316,-530
124000053,576,1542,-966
124000054,989,636,353
124000055,1584,2665,-1081
124000056,2676,1743,933
124000057,997,740,257
124000058,523,1444,-921
124000059,665,1272,-607
124000060,1456,817,639
124000061,1487,5069,-3582
124000062,4594,2155,2439
124000063,1353,1829,-476
124000064,2635,1599,1036
124000065,20,395,-375
124000066,56,48,8
124000067,261,279,-18
124000068,20,14,6
124000069,200,23,177
124000070,62,115,-53
124000071,725,132,593
124000072,377,598,-221
124000073,1082,215,867
124000074,274,856,-582
124000075,363,44,319
124000076,8,235,-227
124000077,1789,1014,775
124000078,3824,1306,2518
124000079,599,1606,-1007
124000080,685,247,438
124000081,249,626,-377
124000082,94,200,-106
124000083,101,155,-54
124000084,53,292,-239
124000085,134,39,95
124000086,83,117,-34
124000087,325,90,235
124000088,345,470,-125
124000089,962,450,512
124000090,114,352,-238
124000091,349,111,238
124000092,82,410,-328
124000093,188,129,59
124000094,279,577,-298
124000095,116,112,4
124000096,179,331,-152
124000097,120,173,-53
124000098,55,143,-88
124000099,218,134,84
124000100,85,90,-5
124000101,88,126,-38
124000102,117,90,27
124000103,124,114,10
124000104,88,63,25
124000105,117,100,17
124000106,154,74,80
124000107,26,189,-163
124000108,80,39,41
124000109,110,138,-28
124000110,202,157,45
124000111,213,146,67
124000112,710,768,-58
124000113,116,114,2
124000114,301,508,-207
124000115,451,773,-322
124000116,126,220,-94
124000117,69,95,-26
124000118,56,108,-52
124000119,1169,702,467
124000120,627,511,116
124000121,1690,795,895
124000122,590,1241,-651
124000123,1201,566,635
124000124,550,1337,-787
124000125,479,584,-105
124000126,378,715,-337
124000127,985,451,534
124000128,617,1222,-605
124000129,2353,1741,612
124000130,939,836,103
124000131,939,648,291
124000132,1060,949,111
124000133,935,864,71
124000134,1194,727,467
124000135,1964,1931,33
124000136,1188,1205,-17
124000137,1695,986,709
124000138,2217,1554,663
124000139,866,54,812
124000140,61,685,-624
124000141,156,21,135
124000142,12,191,-179
124000143,66,38,28
124000144,16,53,-37
124000145,198,72,126
124000146,170,79,91
124000148,115,134,-19
124000149,1495,589,906
124000150,544,822,-278
124000151,956,486,470
124000152,1020,1432,-412
124000153,1017,781,236
124000154,685,909,-224
124000155,1513,1041,472
124000156,1964,1390,574
124000169,207,499,-292
124000170,603,634,-31
124000171,295,292,3
124000172,486,741,-255
124000173,468,262,206
124000174,415,717,-302
124000175,17,171,-154
124000176,86,39,47
124000177,20,47,-27
124000178,37,72,-35
124000190,61,33,28
124000191,76,67,9
124000192,2419,394,2025
124000193,849,1015,-166
124000194,347,611,-264
124000195,280,606,-326
124000196,1204,1179,25
124000197,106,56,50
124000198,62,54,8
124000201,473,1045,-572
124000202,728,611,117
124000203,902,699,203
124000204,824,442,382
124000205,149,555,-406
124000206,931,437,494
124000207,0,69,-69
124000209,266,570,-304
124000210,501,228,273
124000211,614,3,611
124000212,4,530,-526
124000213,455,371,84
124000214,363,756,-393
124000215,479,33,446
124000216,4,409,-405
124000329,275,1851,-1576
124000338,262,934,-672
124000339,1060,302,758
124000341,1265,298,967
124000344,36,19,17
124000357,1051,1926,-875
124000358,878,1302,-424
124000359,1344,763,581
124000360,903,585,318
124000361,1765,831,934
124000362,1542,1828,-286
124000363,311,483,-172
124000364,610,1156,-546
124000365,812,1154,-342
124000366,1606,1055,551
124000367,137,579,-442
124000368,544,389,155
124000369,146,134,12
124000370,71,594,-523
124000402,48,21,27
124000403,204,48,156
124000404,17,162,-145
124000405,1280,903,377
124000406,883,1060,-177
124000407,2,60,-58
124000411,16,397,-381
124000412,468,10,458
124000413,224,45,179
124000414,74,107,-33
124000415,99,139,-40
124000416,196,247,-51
124000417,193,96,97
124000418,178,124,54
124000419,81,144,-63
124000420,84,69,15
124000421,75,185,-110
124000422,26,25,1
124000423,146,39,107
124000424,8,96,-88
124000425,17,30,-13
124000426,7,42,-35
124000427,36,19,17
124000428,12,43,-31
124000429,72,71,1
124000430,712,610,102
124000431,330,735,-405
124000432,290,664,-374
124000439,14,7,7
124000442,11,143,-132
124000443,1,4,-3
124000445,237,476,-239
124000446,897,78,819
124900001,461,377,84
124900002,169,344,-175
124900003,1095,699,396
124900004,546,402,144
124900005,264,268,-4
124900006,776,413,363
124900008,1394,729,665
124900009,180,422,-242
124900010,212,169,43
124900011,652,320,332
124900012,553,132,421
124900013,600,174,426
124900014,521,72,449
124900015,193,452,-259
124900016,83,104,-21
124900017,722,1433,-711
124900018,76,9,67
124900020,157,80,77
124900021,509,78,431
124900022,80,10,70
124900024,344,38,306
124900026,212,69,143
124900027,159,443,-284
124900028,604,106,498
124900029,27,556,-529
124900030,11,182,-171
124900031,86,342,-256
124900032,242,264,-22
124900033,277,433,-156
124900034,28,125,-97
124900035,192,506,-314
124900036,0,63,-63
124900037,258,387,-129
124900038,357,325,32
124900039,1,107,-106
124900040,148,86,62
124900041,245,1027,-782
124900042,354,1,353
124900043,488,1032,-544
124900044,139,4,135
124900045,964,1181,-217
124900046,1388,286,1102
124900047,181,226,-45
124900048,231,136,95
124900050,134,258,-124
124900052,134,561,-427
124900053,260,485,-225
124900054,2024,628,1396
124900055,4,253,-249
124900057,6,67,-61
124900060,163,308,-145
124900061,75,16,59
124900062,253,43,210
124900066,0,18,-18
124900067,13,172,-159
124900068,248,649,-401
124900070,93,29,64
124900072,128,47,81
124900074,601,247,354
124900075,216,263,-47
124900076,31,1135,-1104
124900077,33,156,-123
124900078,118,18,100
124900079,609,318,291
124900080,268,634,-366
124900081,823,346,477
124900082,346,791,-445
124900083,267,520,-253
124900084,2087,165,1922
124900085,1303,453,850
124900086,179,1511,-1332
124900087,731,154,577
124900088,833,130,703
124900089,1375,55,1320
124900090,326,345,-19
124900091,396,569,-173
124900092,277,315,-38
124900093,348,273,75
124900094,445,373,72
124900095,91,549,-458
124900096,635,320,315
124900097,342,107,235
124900098,133,364,-231
124900099,868,572,296
124900100,402,123,279
124900101,195,670,-475
124900102,276,81,195
124900103,172,268,-96
124900104,72,202,-130
124900105,128,184,-56
124900106,419,87,332
124900107,174,19,155
124900108,181,113,68
124900109,88,125,-37
124900110,396,448,-52
124900111,2,149,-147
124900112,81,753,-672
124900113,119,282,-163
124900114,218,117,101
124900115,239,65,174
124900116,259,195,64
124900117,426,168,258
124900118,244,248,-4
124900119,432,215,217
124900120,54,467,-413
124900121,124,414,-290
124900122,380,304,76
124900123,378,143,235
124900124,198,335,-137
129000186,144,47,97
204000001,33,1,32
204000002,17,2,15
204000003,32,4,28
204000004,4,1,3
204000005,523,416,107
204000006,1351,960,391
204000011,14,43,-29
204000012,65,97,-32
204000013,3,32,-29
204000019,545,575,-30
204000020,787,551,236
204000021,1861,845,1016
204000022,646,507,139
204000023,554,837,-283
204000031,100,20,80
204000032,546,16,530
204000034,20,237,-217
204000035,0,6,-6
204000036,10,21,-11
204000037,1,19,-18
204000038,3,7,-4
204000039,12,40,-28
204000040,4,26,-22
204000041,11,30,-19
204000042,75,18,57
204000043,31,4,27
204000044,44,3,41
204000045,39,5,34
204000046,14,4,10
204000057,3,28,-25
204000062,4,13,-9
204000068,27,265,-238
204000069,27,297,-270
204000070,160,85,75
204000080,122,70,52
204000085,2021,1879,142
204000086,2255,2064,191
204000087,34,9,25
204000088,3,98,-95
204000090,51,343,-292
204000093,335,56,279
204000096,794,917,-123
204000097,486,5,481
204000099,1123,1288,-165
204000100,1383,1800,-417
204000105,2179,1611,568
204000110,938,1533,-595
204000111,494,749,-255
204000112,2036,700,1336
204000113,514,731,-217
204000114,807,829,-22
204000115,617,423,194
204000116,3321,705,2616
204000119,2037,2707,-670
204000132,575,347,228
204000133,738,256,482
204000134,451,123,328
204000135,624,121,503
204000136,835,247,588
204000138,374,655,-281
204000140,192,148,44
204000141,189,47,142
204000144,14,19,-5
204000145,688,51,637
204000146,23,361,-338
204000147,20,165,-145
204000148,331,28,303
204000154,13,3,10
204000155,5,0,5
204000177,108,63,45
204000179,19,5,14
204000180,1,24,-23
204000222,6,21,-15
204000235,35,22,13
204000236,122,246,-124
204000238,51,36,15
204000240,355,99,256
204000263,494,926,-432
204000268,1135,673,462
204000308,227,12,215
204000317,10,61,-51
204000322,2,54,-52
204000323,13,22,-9
204000328,235,40,195
204000329,36,204,-168
204000330,223,22,201
204000331,39,122,-83
204010341,7,166,-159
205000001,919,1780,-861
205000013,7,80,-73
205000014,19,103,-84
205000015,40,175,-135
205000016,73,174,-101
205000017,24,107,-83
205000022,246,791,-545
205000025,1124,1151,-27
205000029,186,14,172
205000045,159,344,-185
205000046,141,485,-344
205000047,84,429,-345
205000048,266,834,-568
205000049,165,681,-516
205000050,582,307,275
205000059,1,205,-204
205000060,0,81,-81
205000061,3,59,-56
205000062,0,42,-42
205000063,16,103,-87
205000064,11,118,-107
205000065,35,544,-509
205000066,102,674,-572
205000067,38,766,-728
205000069,172,19,153
205000082,174,178,-4
205000110,53,217,-164
205000111,212,243,-31
205000112,205,273,-68
205000113,193,398,-205
205000121,319,59,260
205000123,63,252,-189
205000126,391,90,301
205000127,724,110,614
205000128,455,49,406
205000129,514,55,459
205000130,188,16,172
205000131,129,3,126
205000132,181,6,175
205000133,157,0,157
205000134,223,0,223
205000137,67,177,-110
205000138,153,334,-181
205000139,34,126,-92
205000144,103,90,13
205000145,449,189,260
205000151,201,40,161
205000152,285,34,251
205000153,246,40,206
205000154,166,44,122
205000155,127,6,121
205000207,19,183,-164
205000233,89,80,9
205000234,0,1,-1
205000243,0,0,0
205000244,0,3,-3
205000245,19,197,-178
205000249,2,28,-26
205000250,2,0,2
205000264,1,92,-91
206000027,1,4,-3
206000028,6,3,3
206000043,7,72,-65
206000053,3,9,-6
206000054,1,11,-10
206000055,1,27,-26
206000075,6,18,-12
206000076,13,14,-1
206000077,36,3,33
206000078,22,9,13
206000079,14,3,11
206000082,329,22,307
206000100,28,568,-540
206000103,6,20,-14
206000104,8,14,-6
206000105,4,11,-7
206000106,8,18,-10
206000108,549,47,502
206000125,64,0,64
206000157,41,635,-594
206000170,2,172,-170
206000171,5,211,-206
206000172,11,443,-432
206000173,0,220,-220
206000174,10,104,-94
206000175,2,121,-119
206000176,19,200,-181
206000177,1,204,-203
206000178,4,150,-146
206000179,20,120,-100
206000180,10,174,-164
206000181,14,140,-126
206000182,13,134,-121
206000183,19,479,-460
206000184,10,407,-397
206000185,5,216,-211
206000186,99,1101,-1002
206000223,0,236,-236
206000226,23,1,22
206000227,19,2,17
206000237,23,377,-354
206000238,20,513,-493
206000239,240,2151,-1911
206000240,1,57,-56
206000241,0,72,-72
206000242,4,267,-263
206000243,4,224,-220
206000244,40,613,-573
206000245,742,67,675
206000246,206,12,194
206000247,195,13,182
206000248,330,24,306
206000252,95,33,62
206000258,32,54,-22
206000315,29,5,24
206000317,525,71,454
206000318,386,50,336
206000319,1248,93,1155
206000320,156,26,130
206000321,206,12,194
206000322,418,21,397
206000323,133,8,125
206000324,149,6,143
206000325,223,11,212
206000326,256,12,244
206000327,274,12,262
206000328,137,4,133
206000329,266,4,262
206000330,78,4,74
206000331,182,1,181
206000332,39,5,34
206000333,598,2,596
206000334,276,0,276
206000335,0,18,-18
206000361,3,230,-227
206000392,2,27,-25
206000405,127,1,126
206000441,29,18,11
206000498,34,2,32
206000515,96,31,65
206000530,237,60,177
206000531,154,222,-68
206000532,1560,304,1256
206000535,344,2022,-1678
206000536,18,193,-175
206000537,11,181,-170
206000613,1427,211,1216
207000001,148,563,-415
207000002,111,279,-168
207000003,140,175,-35
207000007,845,235,610
207000008,76,14,62
207000009,48,53,-5
207000010,405,409,-4
207000012,358,200,158
207000015,246,1168,-922
207000019,244,72,172
207000021,504,154,350
207000022,180,123,57
207000023,192,54,138
207000024,4,13,-9
207000025,21,58,-37
207000026,73,38,35
207000027,35,64,-29
207000028,73,167,-94
207000029,211,411,-200
207000033,186,321,-135
207000034,350,67,283
207000039,407,127,280
207000040,316,99,217
207000041,195,71,124
207000042,261,74,187
207000043,343,217,126
207000051,132,245,-113
207000052,80,144,-64
207000053,407,532,-125
207000054,36,96,-60
207000055,172,119,53
207000056,389,315,74
207000057,132,283,-151
207000058,128,274,-146
207000059,88,473,-385
207000060,69,195,-126
207000061,182,378,-196
207000062,200,43,157
207000063,251,117,134
207000064,475,125,350
207000065,440,232,208
207000066,185,142,43
207000067,62,101,-39
207000068,132,50,82
207000069,745,285,460
207000082,9,234,-225
207000083,74,249,-175
207000084,209,261,-52
207000085,183,13,170
207000086,137,1,136
207000106,37,41,-4
207000107,78,29,49
207000108,57,22,35
207000109,75,22,53
207000110,94,82,12
207000111,97,86,11
207000112,161,506,-345
207000114,21,45,-24
207000115,14,94,-80
207000116,30,400,-370
207000117,12,119,-107
207000118,4,106,-102
207000119,32,80,-48
207000123,212,28,184
207000124,84,37,47
207000125,71,48,23
207000126,68,48,20
207000134,69,142,-73
207000135,29,200,-171
207000148,66,245,-179
207000149,67,43,24
207000152,124,382,-258
207000153,895,1318,-423
207000154,386,158,228
207000159,87,186,-99
207000160,154,407,-253
207000238,1,173,-172
207000242,7,207,-200
207000248,62,46,16
207000249,168,40,128
207000250,735,69,666
207000251,118,79,39
207000252,124,77,47
207000278,75,68,7
207000279,15,172,-157
207000280,487,62,425
207000281,112,794,-682
207000282,183,76,107
207000283,170,256,-86
207000284,79,179,-100
207000285,98,66,32
207000291,35,142,-107
207000304,123,55,68
207000306,74,419,-345
207000310,99,104,-5
207000353,265,5,260
207000356,13,58,-45
207000357,40,9,31
207000358,22,15,7
207000415,4,218,-214
207000417,27,2,25
207000418,91,122,-31
207000438,0,2,-2
207000439,1044,684,360
207000446,134,9,125
207000460,29,5,24
207000466,236,169,67
207000467,233,148,85
207000468,34,360,-326
207000476,17,101,-84
207000477,591,102,489
207000478,7,63,-56
207000523,0,13,-13
207000524,44,0,44
207000527,119,160,-41
207000530,417,4,413
207000531,329,16,313
207000532,179,25,154
207000534,519,68,451
207000535,33,310,-277
207000537,315,108,207
207000540,5,218,-213
207000541,8,385,-377
207000548,14,269,-255
207000549,316,16,300
207000561,162,199,-37
207000562,56,220,-164
207000567,206,239,-33
207000568,187,85,102
207000569,429,865,-436
207000584,343,230,113
207000585,81,395,-314
207000616,1,135,-134
207000617,155,0,155
207900008,227,114,113
208000001,638,835,-197
208000002,712,454,258
208000003,1147,377,770
208000004,1264,541,723
208000005,4,14,-10
208000019,609,1141,-532
208000020,186,508,-322
208000021,296,386,-90
208000022,1000,545,455
208000028,1672,1111,561
208000033,672,972,-300
208000034,1189,1553,-364
208000040,206,203,3
208000041,995,645,350
208000042,1400,697,703
208000047,139,298,-159
208000064,2696,1368,1328
208000066,1942,2277,-335
208000070,301,358,-57
208000071,383,850,-467
208000072,305,1214,-909
208000080,315,330,-15
208000081,369,130,239
208000082,295,282,13
208000083,140,413,-273
208000084,19,23,-4
208000085,827,597,230
208000086,451,975,-524
208000087,362,739,-377
208000089,892,357,535
208000090,819,697,122
208000093,182,150,32
208000094,1453,444,1009
208000095,670,409,261
208000104,1003,988,15
208000105,995,961,34
208000114,114,302,-188
208000115,508,452,56
208000116,547,1024,-477
208000117,150,179,-29
208000118,105,134,-29
208000155,846,1055,-209
208000158,1491,3312,-1821
208000186,4076,4120,-44
208000204,580,970,-390
208000205,1081,1142,-61
208000282,6451,3035,3416
209000004,598,210,388
209000005,42,33,9
209000006,429,152,277
209000007,288,327,-39
209000010,418,171,247
209000011,224,308,-84
209000012,143,198,-55
209000013,916,348,568
209000014,555,1199,-644
209000025,270,38,232
209000026,591,96,495
209000027,424,944,-520
209000028,534,755,-221
209000029,582,664,-82
209000030,556,1360,-804
209000031,2519,2328,191
209000034,214,193,21
209000035,125,132,-7
209000036,147,59,88
209000037,206,164,42
209000038,85,122,-37
209000039,70,114,-44
209000040,294,616,-322
209000041,197,475,-278
209000042,233,372,-139
209000043,833,787,46
209000044,228,726,-498
209000045,1220,634,586
209000046,503,924,-421
209000047,410,238,172
209000048,533,337,196
209000049,113,102,11
209000050,150,132,18
209000051,267,244,23
209000052,123,232,-109
209000062,44,104,-60
209000063,45,71,-26
209000064,24,103,-79
209000065,98,39,59
209000066,65,39,26
209000067,87,63,24
209000080,41,241,-200
209000082,104,31,73
209000091,26,114,-88
209000093,38,15,23
209000094,211,187,24
209000110,52,115,-63
209000111,455,1459,-1004
209000112,866,1197,-331
209000113,1426,1102,324
209000114,660,563,97
209000115,58,130,-72
209000116,514,414,100
209000118,25,48,-23
209000119,46,24,22
209000121,133,516,-383
209000135,103,217,-114
209000142,652,1338,-686
209000143,70,87,-17
209000144,37,122,-85
209000229,219,285,-66
209000240,27,329,-302
209000259,90,104,-14
209000260,46,1219,-1173
209000261,4,752,-748
209000262,2,484,-482
209000263,0,162,-162
209000264,0,139,-139
209000265,1434,16,1418
209000266,472,5,467
209000267,1484,26,1458
209000268,897,71,826
210000037,68,26,42
210000047,94,29,65
210000048,128,28,100
210000049,64,15,49
210000052,57,73,-16
210000053,48,66,-18
210000054,45,118,-73
210000070,160,2,158
210000071,95,0,95
210000072,25,0,25
210000073,0,22,-22
210000074,1,101,-100
210000075,4,106,-102
210000076,21,120,-99
210000077,9,38,-29
210000078,25,19,6
210000079,36,18,18
210000080,123,47,76
210000081,215,20,195
210000082,181,1,180
210000083,129,1,128
210000084,30,0,30
210000085,2,53,-51
210000086,4,113,-109
210000099,36,250,-214
210000100,38,172,-134
210000101,82,178,-96
210000105,65,192,-127
210000159,2,171,-169
210000163,149,172,-23
210000164,283,229,54
210000168,131,55,76
210000187,0,14,-14
210000188,0,22,-22
210000214,39,0,39
210000219,26,37,-11
210000220,75,38,37
210000232,4,24,-20
210000233,42,60,-18
210000234,30,107,-77
210000235,44,60,-16
210000245,5,40,-35
210000246,28,0,28
210000258,10,98,-88
210000259,349,81,268
210000282,126,203,-77
210000285,1,141,-140
210000286,14,185,-171
210000290,0,2,-2
210000295,57,106,-49
210000296,57,44,13
210000320,156,99,57
210000321,121,61,60
210000338,55,58,-3
210000339,391,1191,-800
210000340,131,369,-238
210000341,191,268,-77
210000342,205,181,24
210000343,147,147,0
210000344,192,97,95
210000345,154,227,-73
210000346,64,116,-52
210000347,79,39,40
210000348,118,25,93
210000349,57,22,35
210000350,209,75,134
210000351,145,139,6
210000352,66,68,-2
210000353,49,80,-31
210000354,119,117,2
210000355,56,95,-39
210000356,35,63,-28
210000357,62,42,20
210000358,296,129,167
210000359,91,73,18
210000360,153,93,60
210000361,196,131,65
210000362,268,198,70
210000363,737,209,528
210000364,147,155,-8
210000365,132,71,61
210000366,106,67,39
210000367,82,33,49
210000368,130,48,82
210000369,28,15,13
210000370,38,35,3
210000372,21,28,-7
210000373,37,14,23
210000374,42,13,29
210000375,35,73,-38
210000376,78,110,-32
210000404,63,120,-57
210000439,18,64,-46
210000472,149,8,141
210000482,69,108,-39
210000564,473,292,181
210000567,0,15,-15
210000568,378,4,374
211000092,50,55,-5
211000094,32,0,32
211000169,199,20,179
211000172,18,201,-183
211000209,1,22,-21
211000226,8,16,-8
211000270,25,11,14
211000275,24,18,6
211000276,61,37,24
211000279,27,35,-8
211000281,61,44,17
211507980,0,64,-64
211977296,46,6,40
212000003,85,42,43
212000004,35,23,12
212000005,14,13,1
212000006,22,58,-36
212000008,163,130,33
212000009,32,102,-70
212000012,82,92,-10
212000013,20,61,-41
212000014,272,178,94
212000015,268,251,17
212000016,479,553,-74
212000027,547,428,119
212000028,293,375,-82
212000029,192,222,-30
212000030,65,22,43
212000031,76,44,32
212000048,36,134,-98
212000049,13,120,-107
212000050,38,8,30
212000051,184,222,-38
212000052,152,289,-137
212000053,369,660,-291
212000054,219,97,122
212000055,203,175,28
212000056,19,46,-27
212000057,13,26,-13
212000058,262,38,224
212000070,127,235,-108
212000077,129,585,-456
212000099,224,243,-19
212000108,128,144,-16
212000111,179,106,73
212000120,69,74,-5
212000138,123,35,88
212000156,18,116,-98
212000158,7,15,-8
212000159,351,49,302
212000160,515,231,284
212000161,47,7,40
212000310,35,19,16
212000311,26,57,-31
212000374,32,13,19
213000001,36,516,-480
213000005,516,152,364
213000006,1301,311,990
213000007,192,10,182
213000009,805,585,220
213000010,176,320,-144
213000011,228,118,110
213000012,151,440,-289
213000014,107,14,93
213000015,276,7,269
213000016,564,2,562
213000017,84,0,84
213000018,1,182,-181
213000019,2,153,-151
213000020,106,418,-312
213000021,6,130,-124
213000023,353,190,163
213000033,324,1810,-1486
213000034,929,365,564
213000035,138,259,-121
213000045,204,242,-38
213000046,222,200,22
213000047,736,1300,-564
213000056,308,46,262
213000069,103,6,97
213000073,4,57,-53
213000074,100,444,-344
213000075,603,18,585
213000076,36,8,28
213000085,6,55,-49
213000086,12,194,-182
213000091,204,28,176
213000092,123,23,100
213000099,157,1137,-980
213000100,1199,228,971
213000101,384,129,255
213000102,491,330,161
213000103,915,955,-40
213000104,65,438,-373
213000105,6,171,-165
213000106,66,153,-87
213000107,145,640,-495
213000108,29,563,-534
213000109,9,240,-231
213000110,13,96,-83
213000111,14,72,-58
213000112,176,103,73
213000115,124,15,109
213000116,69,412,-343
213000117,11,682,-671
213000118,371,234,137
213000119,75,707,-632
213000120,122,568,-446
213000122,169,728,-559
213000123,483,1643,-1160
213000124,175,1646,-1471
213000125,128,25,103
213000126,98,166,-68
213000127,166,260,-94
213000128,523,1154,-631
213000129,425,558,-133
213000130,562,246,316
213000132,301,88,213
213000133,501,109,392
213000134,678,31,647
213000136,539,26,513
213000137,669,64,605
213000139,273,26,247
213000147,93,9,84
213000148,35,12,23
213000149,46,4,42
213000150,1,128,-127
213000151,5,122,-117
213000152,4,92,-88
213000153,9,120,-111
213000154,63,348,-285
213000155,54,256,-202
213000156,152,514,-362
213000157,618,449,169
213000158,356,1019,-663
213000159,710,573,137
213000163,826,126,700
213000165,902,248,654
213000171,2,87,-85
213000172,2,364,-362
213000173,2,230,-228
213000174,4,207,-203
213000175,13,157,-144
213000176,72,44,28
213000177,97,7,90
213000178,144,3,141
213000179,220,1,219
213000180,181,0,181
213000184,168,530,-362
213000188,479,118,361
213000189,371,46,325
213000190,999,1037,-38
213000191,320,533,-213
213000192,286,413,-127
213000193,853,332,521
213000194,2,62,-60
213000195,28,375,-347
213000196,260,1257,-997
213000197,372,681,-309
213000198,126,1,125
213000200,154,1012,-858
213000201,86,47,39
213000202,7,510,-503
213000203,3343,756,2587
213000204,669,114,555
213000205,401,137,264
213000206,620,50,570
213000207,209,16,193
213000208,120,2,118
213000209,180,5,175
213000210,488,5,483
213000211,9,15,-6
213000212,18,24,-6
213000213,30,65,-35
213000218,221,684,-463
213000219,502,21,481
213000220,520,25,495
213000223,189,202,-13
213000224,78,44,34
213000225,220,15,205
213000226,100,14,86
213000227,804,173,631
213000228,420,69,351
213000229,386,32,354
213000230,360,26,334
213000232,105,746,-641
213000233,22,297,-275
213000234,7,41,-34
213000293,14,64,-50
213000294,124,16,108
213000295,17,89,-72
213000296,71,32,39
213000297,9,82,-73
213000298,55,98,-43
213000299,104,48,56
213000300,84,8,76
213000303,15,27,-12
213000304,4,25,-21
213000305,15,26,-11
213000306,82,36,46
213000307,210,114,96
213000308,106,205,-99
213000309,156,58,98
213000310,696,211,485
213000311,296,755,-459
213000315,73,135,-62
213000316,149,68,81
213000322,114,153,-39
213000323,80,73,7
213000324,87,83,4
213000325,46,144,-98
213000326,74,36,38
213000327,64,86,-22
213000328,57,196,-139
213000329,139,67,72
213000340,197,590,-393
213000341,523,101,422
213000347,794,453,341
213000348,28,135,-107
213000349,98,17,81
213000350,376,1204,-828
213000366,66,334,-268
213000367,250,25,225
213000379,149,69,80
213000386,21,323,-302
213000406,112,438,-326
213000417,1151,498,653
213000425,180,48,132
213000426,154,60,94
213000427,50,270,-220
213000428,66,240,-174
213000429,50,1,49
213000430,134,926,-792
213000431,214,2,212
213000432,5,93,-88
213000433,17,182,-165
213000434,62,126,-64
213000435,157,102,55
213000436,47,90,-43
213000437,5,40,-35
213000438,180,98,82
213000439,52,33,19
213000440,14,289,-275
213000441,2,2,0
213000442,3,35,-32
213000443,668,394,274
213000444,33,49,-16
213000445,0,74,-74
213000446,2,134,-132
213000447,4,60,-56
213000448,2,132,-130
213000449,330,9,321
213000450,15,43,-28
213000451,306,119,187
213000452,38,25,13
213000453,38,280,-242
213000455,740,31,709
213000456,2,408,-406
213000481,7,4,3
213000484,29,4,25
213000489,498,67,431
213900002,0,128,-128
213900003,326,1,325
213900013,4,134,-130
213900015,0,6,-6
213900016,13,16,-3
213900020,22,144,-122
213900030,1,93,-92
213900032,270,233,37
213900033,158,39,119
213900034,459,82,377
213900035,232,548,-316
213900036,192,233,-41
213900037,48,348,-300
213900038,361,141,220
213900039,0,100,-100
213900041,1,168,-167
213900042,285,290,-5
213900043,268,144,124
213900244,42,0,42
213900245,0,27,-27
218000003,19,26,-7
218000004,35,34,1
218000005,234,41,193
218000006,44,33,11
218000007,24,16,8
218000012,211,182,29
218000013,130,159,-29
218000014,412,399,13
218000019,839,723,116
218000020,230,479,-249
218000021,32,53,-21
218000022,15,25,-10
218000023,3,28,-25
218000024,3,10,-7
218000025,4,16,-12
218000026,13,29,-16
218000027,1,13,-12
218000028,2,5,-3
218000029,20,7,13
218000030,17,48,-31
218000031,5,28,-23
218000032,4,37,-33
218000040,5,5,0
218000046,39,95,-56
218000047,14,165,-151
218000048,74,134,-60
218000049,132,128,4
218000050,417,323,94
218000051,86,307,-221
218000052,1,127,-126
218000053,7,13,-6
218000054,17,63,-46
218000055,8,29,-21
218000056,18,42,-24
218000057,2,45,-43
218000064,5,34,-29
218000065,63,70,-7
218000066,11,68,-57
218000067,48,74,-26
218000068,110,97,13
218000069,249,132,117
218000070,249,246,3
218000071,154,177,-23
218000072,323,243,80
218000078,787,964,-177
218000079,74,93,-19
218000080,115,71,44
218000081,487,303,184
218000082,75,143,-68
218000083,96,68,28
218000084,148,123,25
218000085,131,418,-287
218000086,71,175,-104
218000087,204,205,-1
218000090,15,102,-87
218000091,829,492,337
218000092,94,170,-76
218000093,66,64,2
218000094,421,508,-87
218000099,321,683,-362
218000100,214,314,-100
218000101,307,164,143
218000102,362,268,94
218000103,82,142,-60
218000104,88,38,50
218000105,19,28,-9
218000106,22,13,9
218000107,66,64,2
218000108,5,42,-37
218000112,78,38,40
218000117,112,54,58
218000134,567,706,-139
218000135,42,119,-77
218000136,314,109,205
218000137,317,154,163
218000138,39,115,-76
218000139,259,360,-101
218000140,651,228,423
218000141,94,73,21
218000142,230,145,85
218000143,112,300,-188
218000144,81,93,-12
218000145,307,350,-43
218000146,76,195,-119
218000151,15,25,-10
218000152,180,78,102
218000153,9,2,7
218000154,27,2,25
218000155,19,1,18
218000156,72,14,58
218000157,41,13,28
218000158,3,4,-1
218000159,2,3,-1
218000160,3,4,-1
218000161,32,1,31
218000162,41,8,33
218000163,9,2,7
218000164,41,8,33
218000165,64,19,45
218000170,5,50,-45
218000171,69,13,56
218000172,8,16,-8
218000173,128,14,114
218000174,30,4,26
218000176,211,39,172
218000177,403,253,150
218000178,113,286,-173
218000179,101,62,39
218000180,101,26,75
218000181,166,42,124
218000187,7,26,-19
218000188,36,55,-19
218000189,23,69,-46
218000190,7,38,-31
218000191,152,55,97
218000192,206,292,-86
218000193,450,394,56
218000194,100,334,-234
218000195,151,102,49
218000196,351,403,-52
218000197,378,370,8
218000198,18,126,-108
218000199,74,52,22
218000200,98,44,54
218000201,17,24,-7
218000202,92,230,-138
218000207,6,28,-22
218000208,43,45,-2
218000211,58,28,30
218000212,2,3,-1
218000213,93,112,-19
218000214,5,25,-20
218000215,56,75,-19
218000217,14,102,-88
218000218,232,108,124
218000219,88,32,56
218000220,119,362,-243
218000221,715,194,521
218000222,24,39,-15
218000223,56,471,-415
218000224,6,132,-126
218000225,169,46,123
218000226,160,85,75
218000230,1,4,-3
218000232,39,81,-42
218000239,326,23,303
218000240,39,34,5
218000241,99,6,93
218000242,178,4,174
218000243,240,4,236
218000244,103,13,90
218000245,106,3,103
218000246,2,0,2
218000247,1,2,-1
218000248,0,12,-12
218000249,0,2,-2
218000250,0,4,-4
218000251,0,7,-7
218000252,18,35,-17
218000253,4,38,-34
218000254,2,32,-30
218000255,0,23,-23
218000256,7,58,-51
218000267,553,941,-388
218000268,11,61,-50
218000269,4,13,-9
218000270,35,28,7
218000271,26,34,-8
218000273,19,5,14
218000274,18,4,14
218000275,31,48,-17
218000276,9,36,-27
218000278,14,33,-19
218000279,62,26,36
218000280,8,6,2
218000281,17,11,6
218000282,389,387,2
218000284,83,4,79
218000301,111,131,-20
218000302,132,59,73
218000303,51,46,5
218000316,727,1107,-380
218000317,942,1098,-156
218000318,666,837,-171
218000319,1006,1025,-19
218000320,725,621,104
218000338,49,31,18
218000345,88,50,38
218000346,36,147,-111
218000459,51,334,-283
218000490,43,51,-8
218000501,97,177,-80
218000502,40,93,-53
218000503,81,34,47
218000504,135,27,108
218000505,61,115,-54
218000506,38,241,-203
218000508,12,5,7
218000510,138,17,121
218000520,128,128,0
218000521,18,43,-25
218000522,0,136,-136
218000523,134,1,133
218000524,50,144,-94
218000525,142,19,123
218000526,35,167,-132
218000529,22,140,-118
218000530,19,2,17
218000531,21,26,-5
218000532,34,19,15
218000534,125,18,107
218000537,16,42,-26
218000538,184,280,-96
218000540,456,84,372
218000543,104,40,64
218000544,33,77,-44
218000545,47,66,-19
218000546,28,72,-44
218000547,101,146,-45
218000548,198,132,66
218000549,435,422,13
218000550,190,361,-171
218000551,114,844,-730
218000552,495,62,433
218000553,34,93,-59
218000554,39,22,17
218000555,34,32,2
218000556,123,207,-84
218000557,256,77,179
218000558,50,1,49
218000559,0,45,-45
218000560,0,42,-42
218000561,24,0,24
218000562,26,176,-150
218000563,228,15,213
218000564,8,118,-110
218000565,187,23,164
218000566,654,25,629
218000567,0,113,-113
218000568,58,1,57
218000569,10,119,-109
218000570,152,10,142
218000571,13,113,-100
218000572,156,3,153
218000573,10,137,-127
218000574,192,34,158
218000575,84,0,84
218000576,0,85,-85
218000577,124,0,124
218000578,1,80,-79
218000579,132,25,107
218000581,4,61,-57
218000582,38,2,36
218000583,21,0,21
218000584,0,21,-21
218000585,34,7,27
218000586,7,47,-40
218000587,10,3,7
218000588,3,5,-2
218000589,3,7,-4
218000590,5,1,4
218000591,6,3,3
218000592,22,2,20
218000593,1,0,1
218000594,2,0,2
218000595,0,0,0
218000596,2,0,2
218000597,0,0,0
218000598,0,0,0
218000599,2,0,2
218000600,1,0,1
218000601,0,0,0
218000602,0,4,-4
218000603,0,9,-9
218000604,12,6,6
218000605,0,39,-39
218000606,63,1,62
218000607,7,40,-33
218000608,40,16,24
218000609,5,49,-44
218000610,49,5,44
218000611,46,3,43
218000612,0,22,-22
218000613,46,2,44
218000614,0,44,-44
218000615,180,5,175
218000616,5,139,-134
218000617,39,1,38
218000618,1,25,-24
218000619,63,35,28
218000620,16,30,-14
218000621,1,2,-1
218000622,2,27,-25
218000623,241,3,238
218000624,22,34,-12
218000625,14,1,13
218000626,2,13,-11
218000628,144,37,107
218000631,41,6,35
218000632,12,120,-108
218000633,136,1,135
218000634,12,17,-5
218000635,28,17,11
218000636,801,1311,-510
218000637,855,535,320
218000638,196,32,164
218000639,32,246,-214
218000640,273,31,242
218000641,70,437,-367
218000652,71,109,-38
218000653,185,63,122
218000663,3,81,-78
218000675,84,38,46
218000676,1,22,-21
218000677,12,5,7
218000680,187,356,-169
218000681,294,94,200
218000691,112,180,-68
218000693,208,86,122
218000703,10,34,-24
218000718,734,1098,-364
218000719,1190,579,611
218000720,39,219,-180
218000721,309,20,289
218000725,13,16,-3
218001214,19,84,-65
218001329,77,62,15
218001330,71,56,15
218001351,19,9,10
218001352,13,19,-6
218001353,22,5,17
218001354,7,19,-12
219000001,62,31,31
219000002,47,54,-7
219000003,77,22,55
219000004,49,29,20
219000017,133,46,87
219000020,129,220,-91
219000022,107,34,73
219000023,604,15,589
219000029,1,82,-81
219000034,46,20,26
219000039,103,126,-23
219000040,56,83,-27
219000041,83,41,42
219000051,0,46,-46
219000052,0,25,-25
219000053,0,112,-112
219000054,528,307,221
219000055,149,2,147
219000056,13,1,12
219000057,55,3,52
219000062,20,93,-73
219000063,83,10,73
219000064,0,44,-44
219000110,579,62,517
219000111,133,37,96
219000112,147,65,82
219000113,150,139,11
219000114,197,407,-210
219000116,88,56,32
219000117,166,51,115
219000118,413,57,356
219000123,212,76,136
219000124,133,68,65
219000125,5,16,-11
219000126,84,88,-4
219000127,2,8,-6
219000128,12,95,-83
219000129,20,120,-100
219000130,484,459,25
219000131,566,810,-244
219000133,107,45,62
219000134,23,23,0
219000135,59,63,-4
219000136,98,230,-132
219000138,133,23,110
219000139,32,35,-3
219000140,65,0,65
219000141,19,96,-77
219000142,18,102,-84
219000143,13,100,-87
219000145,28,59,-31
219000146,4,15,-11
219000147,4,36,-32
219000148,3,29,-26
219000149,11,53,-42
219000150,1,66,-65
219000151,6,43,-37
219000157,217,171,46
219000158,389,263,126
219000161,135,3,132
219000163,1765,584,1181
219000166,292,196,96
219000167,150,192,-42
219000168,282,127,155
219000174,332,145,187
219000175,79,9,70
219000176,81,6,75
219000177,45,2,43
219000178,28,6,22
219000179,21,9,12
219000180,53,36,17
219000182,183,28,155
219000183,100,27,73
219000184,124,21,103
219000185,2,64,-62
219000186,73,36,37
219000187,64,67,-3
219000189,96,178,-82
219000190,71,250,-179
219000191,1077,1286,-209
219000192,197,156,41
219000193,239,116,123
219000195,2,51,-49
219000196,12,104,-92
219000198,14,94,-80
219000199,62,205,-143
219000200,58,178,-120
219000201,61,263,-202
219000203,31,144,-113
219000204,172,205,-33
219000205,92,164,-72
219000207,98,279,-181
219000209,28,56,-28
219000210,70,83,-13
219000213,3,144,-141
219000239,228,256,-28
219000240,211,359,-148
219000241,136,174,-38
219000242,74,146,-72
219000243,75,220,-145
219000244,33,105,-72
219000245,53,34,19
219000246,36,26,10
219000247,127,44,83
219000248,590,359,231
219000249,199,105,94
219000250,144,136,8
219000251,600,235,365
219000252,185,207,-22
219000253,444,73,371
219000255,78,100,-22
219000256,180,78,102
219000257,106,0,106
219000262,92,158,-66
219000263,63,139,-76
219000267,2,71,-69
219000268,2,3,-1
219000269,1,0,1
219000270,12,0,12
219000271,87,3,84
219000278,12,1,11
219000279,7,3,4
219000283,0,16,-16
219000295,13,94,-81
219000296,92,475,-383
219000297,27,112,-85
219000298,4,118,-114
219000299,441,111,330
219000300,22,210,-188
219000301,228,405,-177
219000302,29,255,-226
219000307,41,38,3
219000308,44,88,-44
219000311,255,72,183
219000312,601,126,475
219000313,339,55,284
219000314,31,409,-378
219000315,272,45,227
219000316,505,63,442
219000317,88,29,59
219000320,1,59,-58
219000321,1,23,-22
219000323,1,64,-63
219000325,2,10,-8
219000326,76,72,4
219000327,78,46,32
219000328,24,65,-41
219000329,456,131,325
219000330,69,20,49
219000331,69,37,32
219000332,100,84,16
219000333,13,8,5
219000335,59,2,57
219000337,26,0,26
219000338,59,2,57
219000344,36,71,-35
219000345,48,108,-60
219000346,35,129,-94
219000348,113,96,17
219000349,42,162,-120
219000350,138,232,-94
219000351,2,5,-3
219000352,598,177,421
219000353,92,46,46
219000354,189,101,88
219000355,146,66,80
219000356,1436,1196,240
219000363,255,54,201
219000364,68,33,35
219000365,161,20,141
219000366,291,252,39
219000368,392,629,-237
219000370,1239,448,791
219000371,9,42,-33
219000382,18,14,4
219000383,610,972,-362
219000385,510,475,35
219000386,763,1554,-791
219000387,8,16,-8
219000390,14,0,14
219000391,2,0,2
219000397,65,91,-26
219000398,86,67,19
219000401,11,105,-94
219000402,48,70,-22
219000403,197,298,-101
219000404,25,153,-128
219000407,4,59,-55
219000409,50,50,0
219000410,101,38,63
219000411,55,17,38
219000446,158,343,-185
219000447,15,22,-7
219000448,47,9,38
219000452,157,62,95
219000453,80,140,-60
219000454,277,283,-6
219000556,257,85,172
219000558,201,190,11
219000590,45,172,-127
219000591,63,87,-24
219000592,174,319,-145
219000595,2,23,-21
219000635,223,42,181
219000636,23,58,-35
219000657,67,46,21
219000658,41,117,-76
219000673,1,50,-49
219000676,112,16,96
219000679,37,7,30
219000684,81,3,78
219000685,2,65,-63
219000686,5,0,5
219000688,0,74,-74
219000689,32,209,-177
219000690,208,25,183
219000691,71,196,-125
219000692,215,40,175
219000693,0,15,-15
219000694,15,0,15
219000695,22,2,20
219000698,22,0,22
219000699,1,16,-15
219000727,4,84,-80
219000728,145,1,144
219000770,40,2,38
219000771,4,60,-56
219000788,25,13,12
219001150,9,25,-16
219001151,1,1,0
219001166,23,22,1
219001167,1,97,-96
220000001,68,36,32
220000002,9,97,-88
220000003,303,241,62
220000004,607,504,103
220000005,1470,1948,-478
220000006,224,848,-624
220000007,352,559,-207
220000008,259,834,-575
220000009,251,395,-144
220000010,265,116,149
220000011,563,2957,-2394
220000012,108,315,-207
220000014,111,46,65
220000015,42,189,-147
220000017,54,262,-208
220000018,4773,1945,2828
220000019,62,253,-191
220000020,350,278,72
220000021,607,190,417
220000022,675,375,300
220000023,398,142,256
220000024,1795,347,1448
220000025,1069,1005,64
220000026,225,294,-69
220000027,42,108,-66
220000028,32,38,-6
220000029,61,161,-100
220000030,133,68,65
220000031,379,275,104
220000064,28,1075,-1047
221000046,5,0,5
221000047,1,6,-5
221000048,0,0,0
221000049,0,16,-16
221000050,20,0,20
221000055,39,47,-8
221000057,64,22,42
221000068,305,129,176
221000069,288,74,214
221000070,184,31,153
221000071,76,4,72
221000072,184,16,168
221000073,178,34,144
221000074,0,11,-11
221000075,22,21,1
221000076,6,29,-23
221000077,28,101,-73
221000081,58,7,51
221000082,45,5,40
221000083,18,12,6
221000084,6,2,4
221000085,41,59,-18
221000086,14,111,-97
221000087,3,117,-114
221000088,7,139,-132
221000089,25,251,-226
221000090,104,459,-355
221000098,84,12,72
221000099,184,16,168
221000100,86,8,78
221000101,142,12,130
221000102,94,15,79
221000109,1,109,-108
221000110,13,66,-53
221000111,21,166,-145
221000112,7,139,-132
221000113,17,136,-119
221000114,15,133,-118
221000120,37,29,8
221000121,10,58,-48
221000122,36,22,14
221000123,2,9,-7
221000124,18,210,-192
221000155,74,12,62
221000156,33,16,17
221000175,0,5,-5
221000176,0,3,-3
221000182,43,12,31
221000241,473,295,178
221000242,146,342,-196
221000243,389,191,198
221000244,336,410,-74
221000245,58,97,-39
221000246,28,166,-138
221000247,56,80,-24
221000248,113,105,8
221000267,43,574,-531
221000325,139,60,79
221000331,5,82,-77
221000338,10,27,-17
221000378,152,15,137
221000381,29,51,-22
222000282,36,1,35
222000296,2,15,-13
222000568,256,20,236
222000569,123,40,83
222000570,140,29,111
222000571,242,25,217
222000577,20,179,-159
222000578,59,170,-111
222000579,30,116,-86
222000580,122,950,-828
222000599,0,176,-176
222000600,2,327,-325
222000601,9,998,-989
222000603,17,51,-34
222000604,9,31,-22
222000605,19,18,1
222000606,3,9,-6
222000607,3,4,-1
222000608,27,12,15
222000609,71,254,-183
222000616,314,31,283
222000617,4,16,-12
222000618,9,5,4
222000620,30,9,21
222000621,69,12,57
222000623,452,1,451
222000624,269,8,261
222000625,508,27,481
222000636,52,1,51
222000686,22,15,7
222000687,50,28,22
222001066,299,3,296
222001067,17,7,10
222001068,57,27,30
222001069,20,47,-27
222001082,16,58,-42
222001083,28,58,-30
222001084,1,22,-21
222001085,1,212,-211
222001111,50,167,-117
222001112,73,46,27
222001313,21,5,16
222001314,17,171,-154
222001464,57,40,17
222001465,35,97,-62
222001484,88,67,21
222001485,29,48,-19
222001494,393,114,279
222001495,239,283,-44
222001496,309,93,216
222001497,181,440,-259
222001502,21,122,-101
222001503,118,42,76
222001504,25,345,-320
222001505,296,29,267
222001506,47,467,-420
222001507,285,37,248
222001510,341,40,301
222001511,71,393,-322
222001514,697,274,423
222001515,284,639,-355
222001518,307,118,189
222001519,57,298,-241
222001527,213,91,122
222001528,79,171,-92
222001529,279,72,207
222001530,70,250,-180
222001533,344,397,-53
222001534,437,73,364
222001535,192,190,2
222001536,121,227,-106
222001537,276,62,214
222001538,70,624,-554
222001563,539,126,413
222001564,95,530,-435
222001568,657,103,554
222001576,5,0,5
222001579,2,7,-5
222001583,10,165,-155
222001584,103,10,93
222001596,1001,1138,-137
222001597,3094,354,2740
222001626,0,202,-202
222001650,483,109,374
222001651,356,155,201
222001914,207,92,115
222001915,80,246,-166
222900004,402,271,131
222900009,414,739,-325
222900019,196,236,-40
222900024,28,28,0
222900025,9,29,-20
225000001,389,149,240
225000002,487,161,326
225000003,527,58,469
225000004,305,197,108
225000005,219,62,157
225000006,0,163,-163
225000007,1542,1111,431
225000010,319,19,300
225000011,327,827,-500
225000012,164,408,-244
225000013,113,95,18
225000014,753,72,681
225000015,78,154,-76
225000021,581,139,442
225000027,187,423,-236
225000032,613,112,501
225000042,49,549,-500
225000049,42,70,-28
225000050,67,7,60
225000053,8,277,-269
225000058,497,160,337
225000067,249,155,94
225000068,106,259,-153
225000069,127,398,-271
225000070,62,361,-299
225000071,17,139,-122
225000075,16,649,-633
225000076,51,105,-54
225000078,55,40,15
225000085,55,128,-73
225000086,206,70,136
225000087,177,17,160
225000088,13,181,-168
225000089,234,804,-570
225000090,64,432,-368
225000091,147,144,3
225000092,238,65,173
225000093,275,220,55
225000094,18,238,-220
225000095,274,356,-82
225000096,257,454,-197
225000098,517,273,244
225000099,242,135,107
225000100,244,131,113
225000104,87,387,-300
225000110,17,340,-323
225000111,218,943,-725
225000112,266,1031,-765
225000113,214,536,-322
225000114,64,222,-158
225000115,1264,571,693
225000116,915,166,749
225000117,702,233,469
225000118,849,185,664
225000119,201,68,133
225000120,671,29,642
225000121,191,23,168
225000123,451,13,438
225000125,288,143,145
225000126,596,152,444
225000127,539,811,-272
225000128,382,501,-119
225000132,302,49,253
225000133,208,55,153
225000134,643,150,493
225000135,45,26,19
225000136,226,12,214
225000137,248,57,191
225000138,276,81,195
225000143,54,356,-302
225000144,2,386,-384
225000145,73,31,42
225000146,47,88,-41
225000147,20,229,-209
225000148,16,208,-192
225000149,55,491,-436
225000151,38,227,-189
225000155,281,352,-71
225000156,150,787,-637
225000157,189,319,-130
225000158,59,274,-215
225000171,3,154,-151
225000180,26,1,25
225000181,0,52,-52
225000182,75,7,68
225000185,5,323,-318
225000187,75,281,-206
225000191,162,4,158
225000194,0,5,-5
225000208,1,62,-61
225000209,95,16,79
225000210,3,205,-202
225000217,0,17,-17
225000218,25,1,24
225000223,0,23,-23
225000224,55,2,53
225000225,0,12,-12
225000226,48,1,47
225000227,33,65,-32
225000228,17,14,3
225000229,1,61,-60
225000230,98,2,96
225000231,0,58,-58
225000232,93,0,93
225000241,63,0,63
225000242,0,50,-50
225000249,15,0,15
225000250,49,772,-723
225000251,261,33,228
225000254,3,2,1
225000256,5,16,-11
225000257,0,46,-46
226000042,305,454,-149
226000043,44,282,-238
226000044,144,513,-369
226000045,58,346,-288
226000046,294,82,212
226000047,366,93,273
226000048,311,74,237
226000049,211,127,84
226000070,1,47,-46
226000071,1,56,-55
226000072,0,15,-15
226000073,0,2,-2
226000074,0,6,-6
226000084,1,51,-50
226000085,4,18,-14
226000086,4,15,-11
226000087,3,10,-7
226000088,77,50,27
226000090,209,84,125
226000091,28,72,-44
226000092,4,33,-29
226000093,30,1,29
226000094,8,1,7
226000095,19,21,-2
226000105,4,0,4
226000106,6,1,5
226000107,4,0,4
226000108,19,0,19
226000109,59,0,59
226000124,97,68,29
226000134,562,431,131
226000135,1554,479,1075
226000136,2404,385,2019
226000137,10,284,-274
226000138,8,188,-180
226000139,0,19,-19
226000156,143,3,140
226000157,210,12,198
226000163,78,123,-45
226000202,12,281,-269
226000231,342,5,337
226000232,74,9,65
227000033,266,60,206
227000036,278,43,235
227000037,235,41,194
227000038,222,41,181
227000084,5,54,-49
227000085,0,38,-38
227000088,40,3,37
227000089,124,2,122
227000090,50,2,48
227000091,21,1,20
227000092,45,0,45
227000093,170,1,169
227000094,21,1,20
227000130,29,70,-41
227000131,28,213,-185
227000132,6,165,-159
227000133,16,258,-242
227000134,20,291,-271
227000152,0,7,-7
227000153,1,40,-39
227000154,1,31,-30
227000155,1,20,-19
227000156,0,17,-17
227000165,6,31,-25
227000196,382,249,133
227000199,221,514,-293
227000230,27,390,-363
227000232,437,18,419
227000242,47,486,-439
227000243,373,72,301
227000245,11,292,-281
227000246,94,350,-256
227000247,298,83,215
227000248,114,17,97
227000249,14,157,-143
227000250,257,111,146
227000251,109,138,-29
227000252,29,260,-231
227000253,123,14,109
227000262,273,46,227
227000266,831,20,811
227000267,38,1489,-1451
227000282,10,173,-163
227000284,398,34,364
227000286,2,65,-63
227000291,12,535,-523
227000296,218,204,14
227000484,198,15,183
227000485,22,799,-777
227000655,149,16,133
227000656,557,36,521
227000657,77,15,62
227000704,171,19,152
229000265,11,4,7
229000266,2,1,1
229000267,7,3,4
229000268,23,1,22
229000269,61,2,59
229000274,6,37,-31
229000275,0,17,-17
229000276,1,17,-16
229000277,1,7,-6
229000278,3,6,-3
229000295,18,22,-4
229000296,40,10,30
229000297,13,25,-12
229000298,9,163,-154
229000320,16,12,4
229000321,48,14,34
229000412,19,50,-31
229000414,9,54,-45
229000415,14,2,12
229000416,1,1,0
229000417,0,11,-11
229000419,127,307,-180
229000440,405,74,331
229000442,21,18,3
229000443,3,1,2
229000444,3,29,-26
229000445,112,14,98
229000446,62,21,41
229000491,4,19,-15
229000492,14,93,-79
229000493,8,86,-78
229000494,21,2,19
229000495,113,8,105
229000496,59,4,55
229000507,2,58,-56
229000508,0,41,-41
229000509,0,52,-52
229000510,3,43,-40
229000511,5,47,-42
229000512,0,41,-41
229000513,0,10,-10
229000514,1,5,-4
229000517,2,9,-7
229000518,6,22,-16
229000519,1,13,-12
229000520,21,34,-13
229000521,39,9,30
229000522,8,1,7
229000523,10,7,3
229000524,5,1,4
229000527,1,1,0
229000528,0,0,0
229000529,10,2,8
229000530,45,0,45
229000531,37,2,35
229000532,19,0,19
229000533,55,2,53
229000534,48,2,46
229000564,60,0,60
229000565,15,0,15
229000566,0,19,-19
229000567,1,41,-40
229000582,84,2,82
229000583,4,5,-1
229000584,0,19,-19
229000585,2,58,-56
229000718,1,4,-3
229000719,0,4,-4
229000720,0,10,-10
229000721,0,10,-10
229000722,0,15,-15
229000723,0,12,-12
229000724,0,0,0
229000725,0,6,-6
229000738,3,0,3
229000739,1,0,1
229000740,1,0,1
229000741,13,0,13
229000742,8,0,8
229000743,13,0,13
229000744,5,0,5
229000745,3,0,3
229000746,28,0,28
229000847,36,0,36
229000848,23,0,23
229000849,74,1,73
229000851,25,0,25
229000854,0,23,-23
229000856,0,63,-63
229000857,0,30,-30
229000858,0,63,-63
229000919,23,84,-61
229000930,2,207,-205
229000937,49,16,33
229000966,48,32,16
229000981,21,32,-11
229000985,7,38,-31
229000986,10,10,0
229000987,0,2,-2
229000988,0,7,-7
229000989,5,5,0
229000990,1,6,-5
229000991,5,2,3
229000992,8,10,-2
229000993,147,35,112
229000998,20,54,-34
229000999,55,22,33
229001034,4,44,-40
229001035,9,2,7
229001036,8,60,-52
229001037,68,6,62
229001038,0,5,-5
229001039,17,1,16
229001040,1,134,-133
229001041,70,0,70
229001042,22,24,-2
229001047,9,56,-47
229001050,44,15,29
229001168,0,12,-12
229001200,13,1,12
229001338,13,31,-18
229001394,183,10,173
229001422,80,13,67
229001423,42,128,-86
229001431,54,38,16
229001432,50,74,-24
229001444,131,41,90
229001445,55,172,-117
229001479,14,3,11
229001503,138,82,56
229001504,144,136,8
229001505,84,31,53
229001506,51,131,-80
229001509,33,4,29
229001510,10,34,-24
229001545,60,5,55
229001546,12,83,-71
229001553,66,24,42
229001554,102,96,6
229001630,80,22,58
229001631,32,34,-2
229001635,0,17,-17
229001636,4,0,4
229001658,2,116,-114
229001659,58,6,52
229001660,15,3,12
229001661,9,25,-16
229001662,36,0,36
229001663,0,16,-16
229002584,222,192,30
229002831,194,115,79
229002841,18,18,0
229002842,13,25,-12
229002843,90,22,68
229002844,36,59,-23
229002845,5,91,-86
229002846,28,24,4
229002847,7,10,-3
229002848,28,22,6
229002849,2,71,-69
229002850,12,2,10
229002851,41,142,-101
229002852,205,40,165
229002853,130,15,115
229002854,21,68,-47
229002855,12,18,-6
229002856,62,22,40
229002857,8,86,-78
229002858,15,6,9
229002859,12,43,-31
229002860,187,12,175
229002861,65,21,44
229002862,51,37,14
229002863,19,17,2
229002864,21,37,-16
229002865,10,9,1
229002866,23,28,-5
229002867,2,18,-16
229002868,22,22,0
229002869,9,124,-115
229002870,58,7,51
235000066,502,71,431
235000067,93,118,-25
235000072,16,78,-62
235000073,59,398,-339
235000074,30,103,-73
235000080,28,85,-57
235000081,176,167,9
235000082,125,54,71
235000083,164,119,45
235000084,30,69,-39
235000085,129,72,57
235000089,68,31,37
235000092,27,138,-111
235000093,11,9,2
235000097,6,12,-6
235000098,64,19,45
235000099,48,29,19
235000116,56,27,29
235000117,749,12,737
235000133,8,379,-371
235000134,14,170,-156
235000206,5,3,2
235000207,7,1,6
235000208,13,1,12
235000209,4,0,4
235000210,3,6,-3
235000212,3,16,-13
235000213,1,10,-9
235000220,0,8,-8
235000221,73,19,54
235000238,14,59,-45
235000239,0,16,-16
235000242,321,431,-110
235000245,458,162,296
235000246,18,66,-48
235000284,54,95,-41
235000295,197,17,180
235000305,310,13,297
235000306,227,7,220
235000307,14,2,12
235000308,14,0,14
235000309,32,0,32
235000310,64,1,63
235000311,162,20,142
235000322,0,39,-39
235000323,0,59,-59
235000324,0,49,-49
235000325,1,11,-10
235000326,16,205,-189
235000351,8,37,-29
235000352,22,48,-26
235000353,4,24,-20
235000354,2,26,-24
235000355,7,36,-29
235000356,191,6,185
235000357,22,19,3
235000358,152,9,143
235000359,8,3,5
235000360,48,33,15
235000361,73,33,40
235000381,102,150,-48
235000382,123,37,86
235000390,8,7,1
235000391,173,30,143
235000392,119,192,-73
235000393,122,106,16
235000395,73,23,50
235000396,390,82,308
235000400,125,58,67
235000401,20,158,-138
235000405,86,239,-153
235000406,52,234,-182
235000407,154,76,78
235000409,160,128,32
235000410,34,190,-156
235000411,4,59,-55
235000485,1,6,-5
235000486,15,0,15
235000549,99,121,-22
235000550,110,181,-71
235000599,73,33,40
235000600,7,11,-4
235000601,21,53,-32
235000602,111,72,39
235000614,2,4,-2
235000648,0,22,-22
235000649,32,6,26
235000685,2,3,-1
235000815,23,32,-9
235000834,0,8,-8
235000855,44,82,-38
235000862,37,131,-94
235000891,0,9,-9
235000892,20,1,19
235000901,230,130,100
235000907,2,8,-6
235001010,61,92,-31
235001029,478,344,134
235001030,299,241,58
235001078,62,72,-10
235001079,76,98,-22
235001147,41,33,8
235001166,8,82,-74
235001167,32,52,-20
235001169,25,295,-270
235001188,4,9,-5
235001189,6,0,6
235001197,12,17,-5
235001200,52,48,4
235001207,65,11,54
235001208,5,5,0
235001209,16,25,-9
235001210,14,105,-91
235001215,16,36,-20
235001239,3,35,-32
235001244,0,8,-8
235016267,1,68,-67
241900007,77,1,76
277101746,0,2,-2
277102712,0,0,0
277103813,0,0,0
277103898,0,2,-2
277104249,0,2,-2
277104250,0,3,-3
277104251,0,2,-2
277104252,0,1,-1
990011530,0,140,-140
990014944,1,644,-643
990015176,21,12,9
990015618,1,163,-162
990016032,0,335,-335
990032570,1,297,-296
990070001,43,1,42
990070103,0,1,-1
990070601,1,53,-52
990070751,733,5,728
990070766,0,509,-509
990071180,508,238,270
990071343,26,2,24
990071387,0,16,-16
990071823,937,21,916
990072600,2,949,-947
990072964,1,432,-431
990073285,0,0,0
990074393,1,886,-885
990074870,1351,7,1344
990075106,1851,67,1784
990075746,543,7,536
990076437,1187,3,1184
990076458,2,713,-711
997000007,741,11,730
997000041,2,246,-244
997000058,53,0,53
997000062,64,1,63
997000069,0,2,-2
997000070,0,24,-24
997000100,26,0,26
997000141,9,2862,-2853
997000198,40,1370,-1330
998000475,2,47,-45
998000736,0,133,-133
998000965,1,18,-17
998001031,0,82,-82
998001700,0,35,-35
998001899,0,0,0
998001900,9,1,8
998003073,2142,87,2055
998101900,0,0,0
998102850,0,254,-254
998501927,1390,647,743
998501929,124,26,98
998501930,76,17,59
998501931,476,7,469
998501932,7,2,5
998501933,68,1,67
998501937,64,46,18
998501944,4,2,2
998501950,0,0,0
998501970,116,6,110
998501971,0,92,-92
998501973,0,79,-79
998501974,2,298,-296
998501975,171,9,162
998501976,60,0,60
998501977,0,34,-34
998501978,54,2,52
998501979,0,26,-26
998501980,169,51,118
998501981,32,9,23
998501982,0,111,-111
998501983,0,0,0
998502006,0,0,0
998502024,0,10,-10
998502032,0,5,-5
998502062,12,0,12
998502063,0,0,0
998502173,28,1,27
998502269,0,1,-1
998601159,2,184,-182
998601292,1,19,-18
999033574,0,196,-196
999800001,50,2,48
999800002,0,3,-3
999800003,1,2,-1
999800004,0,4,-4
999800005,0,5,-5
