ID,insum,outsum,diff
100000001,414,208,206
100000002,1633,3613,-1980
100000003,2439,3396,-957
100000004,161,967,-806
100000005,1722,2407,-685
100000006,325,305,20
100000007,1086,1042,44
100000008,43,188,-145
100000009,132,734,-602
100000010,17,122,-105
100000011,159,37,122
100000012,35,169,-134
100000013,6,65,-59
100000014,31,225,-194
100000015,611,1096,-485
100000016,162,773,-611
100000017,110,1089,-979
100000018,347,189,158
100000019,1112,1288,-176
100000020,545,2816,-2271
100000021,2403,626,1777
100000022,285,1733,-1448
100000023,1366,647,719
100000025,237,1080,-843
100000028,403,1120,-717
100000029,8,516,-508
100000030,44,16,28
100000031,1176,4257,-3081
100000032,909,2651,-1742
100000033,492,1774,-1282
100000034,48,732,-684
100000035,177,552,-375
100000036,190,847,-657
100000037,437,235,202
100000038,1737,758,979
100000039,211,172,39
100000040,208,142,66
100000041,979,384,595
100000042,752,233,519
100000043,372,143,229
100000044,55,108,-53
100000045,99,211,-112
100000046,149,303,-154
100000047,72,304,-232
100000048,145,299,-154
100000049,611,701,-90
100000051,250,223,27
100000053,42,1,41
100000054,159,11,148
100000055,258,194,64
100000056,209,242,-33
100000057,1556,235,1321
100000058,401,251,150
100000059,18,140,-122
100000060,446,207,239
100000061,1709,371,1338
100000062,1038,422,616
100000063,621,277,344
100000064,859,355,504
100000065,230,371,-141
100000066,66,262,-196
100000067,163,192,-29
100000068,174,581,-407
100000069,156,615,-459
100000072,91,186,-95
100000073,547,393,154
100000075,492,103,389
100000076,530,3402,-2872
100000077,77,427,-350
100000078,5,22,-17
100000079,9,52,-43
100000080,3,69,-66
100000081,6,38,-32
100000102,1450,2907,-1457
100000103,843,1653,-810
100000104,1673,1551,122
100000105,613,947,-334
100000106,464,2028,-1564
100000107,46,818,-772
100000108,145,390,-245
100000109,270,687,-417
100000116,224,268,-44
100000117,7,127,-120
100000118,435,479,-44
100000119,452,475,-23
100000121,55,362,-307
100000122,242,1140,-898
100000123,686,1080,-394
100000124,1056,1533,-477
100000125,2564,1680,884
100000126,212,244,-32
100000127,437,476,-39
100000128,121,2042,-1921
100000129,113,500,-387
100000130,494,146,348
100000131,482,631,-149
100000132,432,934,-502
100000133,832,415,417
100000135,430,830,-400
100000139,138,418,-280
100000140,83,105,-22
100000142,396,294,102
100000143,305,190,115
100000144,852,242,610
100000147,912,3057,-2145
100000150,35,245,-210
100000151,69,937,-868
100000153,37,282,-245
100000154,4,532,-528
100000155,1,26,-25
100000156,23,189,-166
100000157,207,179,28
100000158,112,90,22
100000159,76,698,-622
100000165,590,205,385
100000169,15,785,-770
100000174,205,540,-335
100000179,25,407,-382
100000180,364,692,-328
100000181,103,187,-84
100000188,15,62,-47
100000189,438,156,282
100000190,251,674,-423
100000191,474,245,229
100000192,2,101,-99
100000193,144,61,83
100000330,202,583,-381
100000355,107,308,-201
100000362,1115,556,559
100000363,4406,4150,256
100000364,99,123,-24
100000365,3837,5002,-1165
100000366,1080,678,402
100000367,3703,3626,77
100000368,577,657,-80
100000369,229,1459,-1230
100000370,51,785,-734
100000376,30,360,-330
100000379,357,2136,-1779
100000380,1615,4781,-3166
100000384,2757,3930,-1173
100000385,549,2752,-2203
100000386,881,3701,-2820
100000387,1406,4054,-2648
100000388,1317,2489,-1172
100000389,2094,3464,-1370
100000390,1508,1427,81
100000391,1792,4358,-2566
100000392,311,1074,-763
100000393,268,2282,-2014
100000394,686,2451,-1765
100000395,421,2188,-1767
100000396,615,980,-365
100000397,715,3316,-2601
100000398,4486,2279,2207
100900002,21,6,15
100900003,380,242,138
100900004,8,189,-181
100900005,126,2,124
100900006,27,1,26
100900007,53,0,53
100900008,2,70,-68
100900009,7,8,-1
100900010,59,6,53
100900011,144,123,21
100900012,1,29,-28
100900013,831,11,820
100900014,1,0,1
100900015,35,16,19
100900016,1,23,-22
100900017,583,87,496
100900018,0,8,-8
100900019,6,37,-31
100900020,183,3,180
100900021,398,4,394
100900022,2,6,-4
100900023,0,6,-6
100900024,189,0,189
100900025,1,1,0
100900026,149,21,128
100900027,155,1444,-1289
100900028,44,128,-84
100900029,49,1,48
100900030,0,34,-34
100900031,616,36,580
100900032,212,0,212
100900033,53,223,-170
100900034,654,0,654
100900035,113,2,111
100900036,7,0,7
100900037,129,47,82
100900038,6,2,4
100900039,241,60,181
100900040,481,164,317
100900041,1172,129,1043
100900042,97,1460,-1363
100900043,0,10,-10
100900044,306,330,-24
100900045,0,0,0
100900046,675,5,670
100900047,584,134,450
100900048,65,2,63
100900049,19,34,-15
100900050,0,9,-9
100900051,51,44,7
100900052,117,1,116
100900053,672,13,659
100900054,23,25,-2
100900055,103,657,-554
100900056,20,19,1
100900057,861,109,752
100900058,161,57,104
100900059,74,0,74
100900060,229,9,220
100900061,47,50,-3
100900062,16,2,14
100900063,163,478,-315
100900064,274,4,270
100900065,33,119,-86
100900066,59,12,47
100900067,2,1,1
100900068,77,60,17
100900069,18,1,17
100900070,461,13,448
100900071,94,34,60
100900072,0,0,0
100900073,74,109,-35
100900074,2,21,-19
100900075,827,31,796
100900076,3,6,-3
100900077,48,19,29
100900078,31,102,-71
100900079,5,0,5
100900080,66,68,-2
100900081,1,82,-81
100900082,194,81,113
100900083,2,22,-20
100900085,0,187,-187
100900086,10,207,-197
100900088,116,74,42
100900089,4,37,-33
100900090,36,225,-189
100900091,1,7,-6
100900092,37,119,-82
100900093,221,278,-57
100900094,136,35,101
100900095,1,9,-8
100900096,4,33,-29
100900097,2,0,2
100900098,46,14,32
100900099,1,56,-55
100900100,0,34,-34
100900101,99,4,95
100900102,1,39,-38
100900103,0,8,-8
100900104,0,31,-31
100900105,1,48,-47
100900106,8,0,8
100900107,686,333,353
100900108,3,19,-16
100900109,13,3,10
100900110,0,16,-16
100900111,22,26,-4
100900112,0,6,-6
100900113,12,29,-17
100900114,3,11,-8
100900115,10,2,8
100900116,348,179,169
100900117,127,810,-683
100900118,9,30,-21
100900119,4,46,-42
100900120,10,1,9
100900121,186,168,18
100900122,8,22,-14
100900123,135,44,91
100900124,0,21,-21
100900125,1,9,-8
100900126,223,45,178
100900127,0,0,0
100900128,12,146,-134
100900129,0,109,-109
100900131,4,38,-34
100900133,18,17,1
100900134,4,0,4
100900135,0,131,-131
100900137,80,48,32
100900138,154,133,21
100900139,0,0,0
100900140,0,28,-28
100900141,0,165,-165
100900142,1,4,-3
100900143,117,157,-40
100900144,1,1,0
100900145,4,72,-68
100900146,21,50,-29
100900147,15,589,-574
100900148,12,84,-72
100900149,3,296,-293
100900150,0,38,-38
100900151,11,185,-174
100900152,37,1,36
100900153,5,152,-147
100900154,1,31,-30
100900155,10,7,3
100900156,2,0,2
100900157,16,169,-153
100900158,212,14,198
100900159,1,5,-4
100900160,24,0,24
100900161,10,1,9
100900162,1,91,-90
100900163,12,13,-1
100900164,86,2,84
100900165,61,30,31
100900166,2,0,2
100900167,5,12,-7
100900168,2,49,-47
100900169,23,295,-272
100900170,1,1,0
100900171,1,217,-216
100900172,2,131,-129
100900173,1,50,-49
100900174,15,7,8
100900176,405,29,376
100900177,78,15,63
100900178,145,240,-95
100900179,54,48,6
100900180,0,3,-3
100900181,11,6,5
100900182,3,6,-3
100900184,25,53,-28
100900186,264,121,143
100900187,9,46,-37
100900188,58,3,55
100900189,1006,168,838
100900191,131,561,-430
100900192,39,211,-172
100900195,41,55,-14
100900197,16,75,-59
100900198,21,22,-1
100900199,2,2,0
100900200,522,79,443
100900201,14,596,-582
100900202,22,0,22
100900203,0,23,-23
100900204,16,52,-36
100900205,37,434,-397
100900206,137,158,-21
100900207,125,77,48
100900210,3,41,-38
100900211,69,65,4
100900213,45,25,20
100900214,118,36,82
100900215,19,17,2
100900217,15,19,-4
101000001,1010,2002,-992
101000002,2763,3538,-775
101000003,66,773,-707
101000004,3091,5379,-2288
101000005,2861,4553,-1692
101000006,2497,7382,-4885
101000007,1011,3189,-2178
101000008,1173,1741,-568
101000009,1397,355,1042
101000010,566,401,165
101000011,244,204,40
101000012,150,282,-132
101000013,267,793,-526
101000014,259,315,-56
101000015,2316,778,1538
101000016,151,412,-261
101000017,166,174,-8
101000018,786,2010,-1224
101000020,605,577,28
101000021,206,235,-29
101000022,79,341,-262
101000023,383,454,-71
101000025,192,359,-167
101000026,185,9,176
101000027,984,2366,-1382
101000028,413,291,122
101000029,10,685,-675
101000030,404,171,233
101000031,18,520,-502
101000032,1263,2677,-1414
101000033,397,2294,-1897
101000034,287,1667,-1380
101000035,171,256,-85
101000036,139,1105,-966
101000037,267,1658,-1391
101000039,599,1354,-755
101000040,1190,2590,-1400
101000041,1037,3478,-2441
101000042,30,588,-558
101000043,1680,3069,-1389
101000045,115,558,-443
101000046,501,1833,-1332
101000047,689,3496,-2807
101000048,159,245,-86
101000049,241,548,-307
101000050,244,811,-567
101000051,410,1683,-1273
101000052,485,1349,-864
101000053,145,526,-381
101000054,320,214,106
101000055,601,864,-263
101000056,11,141,-130
101000057,300,1564,-1264
101000058,211,1100,-889
101000059,733,2285,-1552
101000060,693,540,153
101000061,95,1702,-1607
101000062,87,287,-200
101000063,28,860,-832
101000064,127,624,-497
101000065,38,515,-477
101000066,178,855,-677
101000067,206,460,-254
101000068,85,297,-212
101000069,115,19,96
101000070,333,349,-16
101000071,1783,714,1069
101000072,334,1308,-974
101000073,282,1034,-752
101000074,1163,2009,-846
101000075,1662,1344,318
101000077,1336,1316,20
101000078,524,697,-173
101000079,596,644,-48
101000080,554,314,240
101000081,751,1064,-313
101000082,1073,853,220
101000083,2022,1216,806
101000084,520,306,214
101000085,1078,824,254
101000086,479,426,53
101000087,496,539,-43
101000088,951,659,292
101000089,516,891,-375
101000090,735,358,377
101000091,315,279,36
101000092,1325,377,948
101000093,844,262,582
101000094,367,332,35
101000095,431,305,126
101000096,445,248,197
101000097,182,243,-61
101000098,236,297,-61
101000099,349,582,-233
101000100,659,814,-155
101000101,74,388,-314
101000102,238,479,-241
101000103,247,296,-49
101000104,110,441,-331
101000105,492,418,74
101000106,85,1271,-1186
101000107,160,249,-89
101000108,188,53,135
101000109,473,50,423
101000110,12,99,-87
101000111,11,67,-56
101000113,26,459,-433
101000114,1075,3287,-2212
101000115,0,0,0
101000116,0,0,0
101000117,0,0,0
101000119,25,94,-69
101000120,17,38,-21
101000121,8,31,-23
101000122,36,127,-91
101000123,15,65,-50
101000124,765,345,420
101000125,48,90,-42
101000128,77,844,-767
101000130,93,130,-37
101000131,955,239,716
101000132,492,263,229
101000135,1,12,-11
101000136,27,92,-65
101000137,26,364,-338
101000141,299,2682,-2383
101000147,538,162,376
101000148,456,4,452
101000149,0,0,0
101000150,68,153,-85
101000151,402,15,387
101000152,213,161,52
101000153,145,102,43
101000154,452,244,208
101000155,483,68,415
101000156,7,170,-163
101000157,51,47,4
101000160,0,0,0
101000163,35,537,-502
101000164,118,72,46
101000165,157,209,-52
101000166,81,164,-83
101000168,630,92,538
101000252,1583,526,1057
101000254,23,4,19
101000258,90,0,90
101000261,123,33,90
101000262,730,3143,-2413
101000263,104,954,-850
101000265,56,449,-393
101000266,218,229,-11
101000269,6,13,-7
101000290,85,1847,-1762
101000293,0,0,0
101000294,164,214,-50
101000295,146,151,-5
101000301,190,565,-375
101000304,1128,1930,-802
101000305,1235,734,501
101900001,11,38,-27
101900002,0,2,-2
101900003,43,34,9
101900004,2,64,-62
101900005,795,2002,-1207
101900006,461,29,432
101900007,95,132,-37
101900008,10,135,-125
101900009,4,217,-213
101900010,260,353,-93
101900011,43,558,-515
101900012,104,34,70
101900013,87,33,54
101900017,21,49,-28
101900018,314,98,216
101900019,24,19,5
101900020,137,50,87
101900021,0,15,-15
101900022,73,272,-199
101900023,46,51,-5
102000001,1700,4779,-3079
102000002,1504,802,702
102000003,1039,4793,-3754
102000004,1538,1959,-421
102000005,525,2869,-2344
102000006,310,917,-607
102000007,669,3355,-2686
102000008,2817,1219,1598
102000009,4311,4821,-510
102000010,1998,1237,761
102000011,2863,2978,-115
102000012,2090,1568,522
102000018,1186,1866,-680
102000019,943,955,-12
102000026,154,230,-76
102000029,147,110,37
102000030,76,295,-219
102000031,46,88,-42
102000032,509,211,298
102000033,221,205,16
102000034,230,173,57
102000035,300,199,101
102000036,5,176,-171
102000037,66,13,53
102000038,65,73,-8
102000039,26,61,-35
102000040,56,126,-70
102000041,16,249,-233
102000042,24,129,-105
102000043,10,163,-153
102000044,174,404,-230
102000045,266,376,-110
102000046,946,207,739
102000047,291,242,49
102000048,419,358,61
102000049,549,395,154
102000050,414,625,-211
102000051,161,217,-56
102000052,580,501,79
102000053,535,684,-149
102000054,526,311,215
102000055,487,116,371
102000056,852,129,723
102000057,802,301,501
102000058,366,283,83
102000059,456,647,-191
102000060,580,846,-266
102000061,1191,720,471
102000062,1414,588,826
102000063,710,779,-69
102000064,464,586,-122
102000065,46,138,-92
102000066,283,257,26
102000067,1498,2740,-1242
102000068,3763,2910,853
102000069,43,1055,-1012
102000070,931,31,900
102000071,3572,8854,-5282
102000072,1415,2123,-708
102000073,208,291,-83
102000074,269,293,-24
102000075,88,93,-5
102000076,293,135,158
102000077,429,216,213
102000078,928,251,677
102000079,118,48,70
102000080,255,86,169
102000081,97,616,-519
102000082,285,400,-115
102000083,436,111,325
102000084,712,56,656
102000085,591,302,289
102000086,1201,394,807
102000087,213,537,-324
102000088,237,156,81
102000089,1121,172,949
102000090,223,921,-698
102000091,771,475,296
102000092,134,413,-279
102000093,343,510,-167
102000094,364,144,220
102000095,356,502,-146
102000096,772,221,551
102000097,506,232,274
102000098,280,273,7
102000099,680,372,308
102000100,134,439,-305
102000101,138,293,-155
102000102,77,510,-433
102000103,999,444,555
102000104,370,146,224
102000105,195,227,-32
102000106,432,221,211
102000107,1252,79,1173
102000108,363,168,195
102000109,313,193,120
102000110,929,278,651
102000111,4,164,-160
102000112,87,102,-15
102000113,1,15,-14
102000114,326,212,114
102000115,120,175,-55
102000116,203,652,-449
102000117,24,339,-315
102000118,455,1785,-1330
102000119,392,798,-406
102000120,208,383,-175
102000121,672,250,422
102000122,421,705,-284
102000123,468,376,92
102000124,841,606,235
102000125,309,299,10
102000126,283,293,-10
102000127,649,191,458
102000128,501,399,102
102000129,571,202,369
102000130,364,696,-332
102000131,657,824,-167
102000132,357,1437,-1080
102000133,2492,603,1889
102000134,939,385,554
102000135,184,456,-272
102000136,334,251,83
102000137,246,154,92
102000138,117,55,62
102000139,25,85,-60
102000140,45,81,-36
102000141,49,132,-83
102000142,189,70,119
102000143,174,141,33
102000144,230,77,153
102000145,240,63,177
102000146,336,118,218
102000147,207,201,6
102000148,45,186,-141
102000149,187,39,148
102000150,500,33,467
102000151,45,20,25
102000152,138,68,70
102000153,456,267,189
102000154,96,243,-147
102000155,14,248,-234
102000156,148,73,75
102000157,7,173,-166
102000158,79,318,-239
102000159,436,599,-163
102000161,921,1048,-127
102000162,46,104,-58
102000163,38,250,-212
102000164,167,435,-268
102000165,84,91,-7
102000166,7,92,-85
102000167,69,96,-27
102000168,70,103,-33
102000169,40,455,-415
102000170,191,23,168
102000171,3,47,-44
102000172,5,150,-145
102000173,325,220,105
102000174,116,43,73
102000175,80,19,61
102000176,7,41,-34
102000178,126,201,-75
102000179,204,190,14
102000180,603,205,398
102000181,1000,212,788
102000182,440,222,218
102000183,1396,460,936
102000184,1008,411,597
102000185,1950,302,1648
102000186,910,432,478
102000187,477,343,134
102000188,822,583,239
102000189,1106,157,949
102000190,411,1496,-1085
102000191,574,177,397
102000192,673,881,-208
102000193,59,65,-6
102000194,51,60,-9
102000195,376,238,138
102000196,200,177,23
102000197,774,108,666
102000198,136,157,-21
102000199,1001,65,936
102000200,127,261,-134
102000201,1107,177,930
102000202,4,18,-14
102000203,222,74,148
102000204,549,158,391
102000205,794,166,628
102000206,314,94,220
102000207,407,273,134
102000208,181,243,-62
102000209,45,24,21
102000210,272,59,213
102000211,418,48,370
102000212,441,7,434
102000213,16,59,-43
102000214,356,4,352
102000215,12,102,-90
102000216,101,75,26
102000217,5,67,-62
102000218,187,146,41
102000219,56,22,34
102000225,177,512,-335
102000226,75,0,75
102000227,63,0,63
102000228,0,17,-17
102000229,65,75,-10
102000230,179,188,-9
102000231,210,283,-73
102000232,6,176,-170
102000233,353,148,205
102000234,37,880,-843
102000236,66,13,53
102000237,254,105,149
102000238,75,115,-40
102000240,60,230,-170
102000241,50,19,31
102000243,4,23,-19
102000245,3,34,-31
102000246,6,84,-78
102000247,69,216,-147
102000248,164,655,-491
102000249,100,24,76
102000250,49,110,-61
102000254,330,31,299
102000266,2,54,-52
102000271,19,0,19
102000286,145,266,-121
102000297,1027,231,796
102000301,0,0,0
102000303,0,0,0
102000305,0,0,0
102000307,0,8,-8
102000308,0,0,0
102900001,691,276,415
102900002,188,16,172
102900003,74,45,29
102900005,250,142,108
102900006,346,53,293
102900007,373,4,369
102900008,144,19,125
102900009,113,123,-10
102900010,83,734,-651
102900011,335,148,187
102900012,325,37,288
102900013,13,5,8
102900015,543,178,365
102900016,61,11,50
102900017,192,44,148
102900018,11,23,-12
102900019,126,184,-58
102900020,83,5,78
102900021,48,13,35
102900022,27,5,22
102900023,1,9,-8
102900024,10,35,-25
102900025,31,6,25
102900026,133,1298,-1165
102900027,51,41,10
102900028,70,572,-502
102900029,11,84,-73
102900030,167,243,-76
102900031,213,23,190
102900032,42,19,23
102900033,37,18,19
102900034,456,16,440
102900035,102,71,31
102900036,186,80,106
102900037,53,66,-13
102900038,114,76,38
102900039,54,369,-315
102900040,81,119,-38
102900041,24,40,-16
102900042,114,40,74
102900043,202,56,146
102900044,146,348,-202
102900045,98,108,-10
102900046,204,42,162
102900047,40,136,-96
102900048,273,87,186
102900049,35,92,-57
102900050,53,69,-16
102900051,69,33,36
102900052,16,25,-9
102900053,150,76,74
102900054,112,425,-313
102900055,18,228,-210
102900056,73,56,17
102900057,15,31,-16
102900058,394,72,322
102900059,11,10,1
102900060,15,133,-118
102900061,110,93,17
102900062,165,184,-19
102900063,1194,80,1114
102900064,21,192,-171
102900065,419,116,303
102900066,106,5,101
102900068,10,56,-46
102900070,86,116,-30
102900072,0,11,-11
102900073,9,0,9
102900074,101,88,13
102900075,4,8,-4
102900076,9,21,-12
102900077,0,0,0
102900078,9,6,3
102900079,118,3,115
102900080,355,1,354
102900081,12,77,-65
102900082,4,43,-39
102900083,16,9,7
102900084,1,1,0
102900085,40,4,36
102900086,1,3,-2
102900087,131,37,94
102900088,34,11,23
102900089,57,18,39
102900090,0,15,-15
102900091,188,0,188
102900092,328,66,262
102900093,220,112,108
102900094,0,29,-29
102900095,69,1,68
102900096,20,1,19
102900097,5,16,-11
103000001,1608,1197,411
103000002,1899,1640,259
103000003,1895,1588,307
103000004,478,258,220
103000005,954,2001,-1047
103000006,830,866,-36
103000007,322,221,101
103000008,651,351,300
103000009,965,708,257
103000010,97,27,70
103000011,836,299,537
103000012,763,904,-141
103000013,1511,988,523
103000014,954,1952,-998
103000015,731,367,364
103000016,379,710,-331
103000017,187,534,-347
103000018,204,166,38
103000019,152,363,-211
103000020,941,716,225
103000021,1625,2509,-884
103000022,361,760,-399
103000023,767,1728,-961
103000024,62,70,-8
103000025,62,801,-739
103000026,117,76,41
103000027,34,479,-445
103000028,191,166,25
103000029,83,118,-35
103000030,1066,828,238
103000031,546,1540,-994
103000032,1271,624,647
103000033,2602,2273,329
103000034,686,456,230
103000035,139,670,-531
103000036,164,200,-36
103000037,317,289,28
103000038,273,564,-291
103000039,320,154,166
103000040,648,290,358
103000041,1123,839,284
103000042,878,108,770
103000043,561,288,273
103000044,246,86,160
103000046,127,289,-162
103000047,375,121,254
103000048,231,76,155
103000049,81,53,28
103000050,471,109,362
103000051,436,220,216
103000052,467,106,361
103000053,172,115,57
103000054,1032,235,797
103000055,1348,598,750
103000056,423,557,-134
103000057,936,92,844
103000058,478,145,333
103000059,555,224,331
103000060,439,167,272
103000061,553,430,123
103000062,359,84,275
103000063,691,337,354
103000064,74,73,1
103000065,1,62,-61
103000066,94,4,90
103000069,194,96,98
103000070,322,166,156
103000071,750,336,414
103000072,92,238,-146
103000073,590,29,561
103000074,751,55,696
103000075,59,177,-118
103000076,235,528,-293
103000077,22,156,-134
103000078,398,662,-264
103000079,289,603,-314
103000080,281,264,17
103000081,164,1160,-996
103000082,310,66,244
103000083,41,201,-160
103000084,39,4,35
103000085,3,105,-102
103000086,452,342,110
103000087,122,536,-414
103000088,198,212,-14
103000089,194,535,-341
103000090,2972,1377,1595
103000091,547,447,100
103000092,308,98,210
103000093,190,313,-123
103000094,238,38,200
103000095,73,196,-123
103000096,380,12,368
103000097,7,321,-314
103000098,322,12,310
103000099,62,224,-162
103000100,136,169,-33
103000101,976,49,927
103000102,127,100,27
103000103,601,48,553
103000104,136,60,76
103000105,183,60,123
103000106,6,82,-76
103000107,196,23,173
103000108,856,842,14
103000109,252,437,-185
103000110,325,591,-266
103000111,190,437,-247
103000112,127,221,-94
103000113,154,747,-593
103000114,814,354,460
103000115,604,702,-98
103000116,854,330,524
103000117,527,356,171
103000118,255,235,20
103000119,482,194,288
103000120,78,163,-85
103000121,18,216,-198
103000122,453,863,-410
103000125,19,63,-44
103000126,408,2,406
103000127,0,105,-105
103000128,98,2,96
103000129,0,102,-102
103000130,60,24,36
103000131,85,96,-11
103000132,22,58,-36
103000133,27,160,-133
103000134,168,510,-342
103000135,292,156,136
103000136,179,120,59
103000137,139,355,-216
103000138,262,453,-191
103000139,0,14,-14
103000140,23,11,12
103000141,7,42,-35
103000142,26,21,5
103000143,14,91,-77
103000144,158,15,143
103000145,11,108,-97
103000150,64,32,32
103000152,94,140,-46
103000153,153,238,-85
103000156,2,94,-92
103000157,362,1,361
103000159,125,28,97
103000162,42,19,23
103000163,3,22,-19
103000164,8,13,-5
103000165,30,110,-80
103000166,185,370,-185
103000167,128,99,29
103000168,78,43,35
103000169,200,454,-254
103000170,1331,216,1115
103000171,40,78,-38
103000172,672,87,585
103000173,528,125,403
103000174,320,192,128
103000175,204,87,117
103000176,551,516,35
103000177,111,246,-135
103000178,76,162,-86
103000179,33,0,33
103000183,265,1,264
103000185,101,63,38
103000186,237,42,195
103000187,716,70,646
103000188,12,90,-78
103000189,534,713,-179
103000191,255,232,23
103000292,289,944,-655
103000293,357,1968,-1611
103000295,42,27,15
103000296,44,1,43
103000297,7,42,-35
103000504,92,19,73
103000505,2,8,-6
103000506,1,29,-28
103000507,117,1,116
103000508,35,31,4
103000509,136,149,-13
103900001,29,30,-1
103900002,192,27,165
103900003,261,93,168
103900004,31,0,31
103900005,1,18,-17
103900006,0,0,0
103900007,98,1,97
103900008,2,0,2
103900009,280,45,235
103900010,174,19,155
103900011,299,36,263
103900012,3,59,-56
103900013,8,1,7
103900014,39,4,35
103900015,56,2,54
103900016,51,44,7
103900017,52,26,26
103900018,117,42,75
103900019,4,289,-285
103900020,137,275,-138
103900021,102,14,88
103900022,339,121,218
103900023,226,0,226
103900024,14,95,-81
103900025,2,7,-5
103900026,3,1,2
103900027,179,42,137
103900028,8,141,-133
103900029,922,92,830
103900030,162,63,99
103900031,51,0,51
103900032,62,100,-38
103900033,41,10,31
103900034,4,13,-9
103900035,51,36,15
103900036,19,16,3
103900037,33,9,24
103900038,15,193,-178
103900039,133,82,51
103900040,5,125,-120
103900041,70,12,58
103900042,121,72,49
103900043,224,7,217
103900044,33,229,-196
103900045,219,130,89
103900047,128,7,121
103900048,8,13,-5
103900049,45,402,-357
103900050,3,104,-101
103900051,1,37,-36
103900052,120,98,22
103900053,343,96,247
103900054,127,62,65
103900055,187,79,108
103900056,4,4,0
103900057,101,46,55
103900058,346,78,268
103900059,0,16,-16
103900060,47,42,5
103900061,215,10,205
103900062,385,140,245
103900063,1,0,1
103900064,205,1,204
103900065,135,79,56
103900066,140,48,92
103900067,184,7,177
103900068,0,0,0
103900069,22,8,14
103900070,97,47,50
103900071,2,10,-8
103900072,15,65,-50
103900073,13,28,-15
103900074,71,5,66
103900075,195,21,174
103900076,491,198,293
103900077,11,93,-82
103900078,147,40,107
103900079,49,19,30
103900080,2,5,-3
103900081,5,2,3
103900082,51,34,17
103900083,1022,1048,-26
103900084,40,31,9
103900085,17,48,-31
103900086,851,115,736
103900087,6,53,-47
103900088,104,258,-154
103900089,14,52,-38
103900090,120,38,82
103900091,282,23,259
103900092,440,249,191
103900093,20,114,-94
103900094,11,40,-29
103900095,48,148,-100
103900096,42,18,24
103900097,3,78,-75
103900098,126,62,64
103900099,190,19,171
103900100,297,20,277
103900101,125,226,-101
103900102,0,3,-3
103900104,0,5,-5
103900105,40,19,21
103900106,0,91,-91
103900107,133,36,97
103900108,21,54,-33
103900109,148,12,136
103900110,100,9,91
103900111,229,128,101
103900112,9,17,-8
103900113,21,80,-59
103900114,276,98,178
103900115,89,120,-31
103900116,356,720,-364
103900117,28,4,24
103900119,10,148,-138
103900120,41,12,29
103900122,137,45,92
103900123,144,388,-244
103900124,21,86,-65
103900125,106,23,83
103900126,404,19,385
103900127,82,38,44
103900128,109,18,91
103900131,5,17,-12
103900133,500,6,494
103900134,0,17,-17
103900135,1,2,-1
103900137,4,28,-24
103900138,201,25,176
103900139,69,2028,-1959
103900140,1,304,-303
103900141,102,46,56
103900142,389,52,337
103900143,199,1,198
103900144,0,1,-1
103900145,92,72,20
103900146,197,31,166
103900147,350,33,317
103900148,199,28,171
103900149,146,62,84
103900150,1357,2899,-1542
103900151,9,24,-15
103900152,667,103,564
103900153,20,1,19
103900154,104,1337,-1233
103900155,8,38,-30
103900156,5,23,-18
103900157,46,16,30
103900158,134,11,123
103900159,210,5,205
103900160,16,5,11
103900161,16,51,-35
103900162,35,6,29
103900163,14,102,-88
103900167,10,33,-23
103900168,29,10,19
103900169,5,40,-35
103900170,0,11,-11
103900171,0,2,-2
103900172,1,1,0
103900173,19,1,18
103900174,229,2,227
103900175,6,133,-127
103900176,1,7,-6
103900177,5,2,3
103900178,25,0,25
103900179,36,7,29
103900180,2,10,-8
103900181,10,12,-2
103900182,9,0,9
103900184,56,16,40
103900185,13,241,-228
103900187,5,124,-119
103900188,54,44,10
103900189,71,6,65
103900190,77,2,75
103900191,2,1,1
103900192,19,17,2
103900193,23,11,12
103900194,9,14,-5
103900195,3,59,-56
103900196,8,4,4
103900197,14,9,5
103900198,1,3,-2
103900199,100,7,93
103900200,249,25,224
103900201,33,30,3
103900202,2,11,-9
103900203,45,9,36
103900204,0,8,-8
103900207,0,16,-16
103900208,74,0,74
103900209,3,30,-27
103900210,34,25,9
103900211,489,82,407
103900212,47,18,29
103900213,2,89,-87
103900214,55,163,-108
103900215,41,139,-98
103900216,4,49,-45
103900217,90,12,78
103900218,1,104,-103
103900219,150,10,140
103900233,34,2,32
103900235,3,20,-17
103900236,1,11,-10
103900242,0,1,-1
103900243,0,8,-8
103900244,76,25,51
103900245,65,28,37
103900246,4,25,-21
103900247,0,6,-6
103900248,0,15,-15
103900249,1,31,-30
103900250,1,4,-3
103900251,0,15,-15
103900253,1,23,-22
103900254,1,17,-16
103900255,1,10,-9
103900256,2,28,-26
103900257,14,33,-19
103900258,2,3,-1
103900259,2,0,2
103900261,10,0,10
103900262,14,0,14
103900263,10,12,-2
103900264,1,8,-7
103900265,1,0,1
103900266,3,49,-46
103900267,0,21,-21
103900268,7,5,2
103900269,101,3,98
103900270,30,5,25
103900271,3,1,2
104000001,1657,1013,644
104000002,1488,1276,212
104000003,1380,994,386
104000004,2028,1450,578
104000005,1226,1077,149
104000006,1639,1214,425
104000007,3539,2489,1050
104000008,194,190,4
104000009,312,166,146
104000010,133,336,-203
104000011,122,111,11
104000012,100,146,-46
104000013,193,406,-213
104000014,141,175,-34
104000015,370,115,255
104000016,142,127,15
104000018,694,78,616
104000019,645,139,506
104000020,57,219,-162
104000021,197,161,36
104000022,94,180,-86
104000023,1027,242,785
104000024,91,108,-17
104000026,29,36,-7
104000027,250,90,160
104000028,544,162,382
104000029,211,154,57
104000030,477,255,222
104000031,757,111,646
104000032,89,126,-37
104000033,797,168,629
104000034,289,126,163
104000035,1231,115,1116
104000036,783,204,579
104000037,126,49,77
104000038,361,166,195
104000039,162,126,36
104000040,59,312,-253
104000041,440,208,232
104000042,231,150,81
104000043,86,137,-51
104000044,198,234,-36
104000045,386,263,123
104000046,412,409,3
104000047,243,366,-123
104000048,506,507,-1
104000049,405,164,241
104000050,51,290,-239
104000051,97,297,-200
104000052,1393,969,424
104000053,728,194,534
104000054,434,92,342
104000055,1460,843,617
104000056,359,84,275
104000057,121,74,47
104000058,447,591,-144
104000059,412,537,-125
104000060,915,779,136
104000061,722,400,322
104000062,239,46,193
104000064,366,110,256
104000065,59,337,-278
104000069,290,1084,-794
104000070,14,325,-311
104000071,57,52,5
104000072,380,90,290
104000075,4,88,-84
104000076,172,30,142
104000082,1442,1933,-491
104000083,301,84,217
104000084,49,158,-109
104000085,291,143,148
104000086,192,222,-30
104000087,170,448,-278
104000090,513,277,236
104000092,1004,441,563
104000094,340,324,16
104000095,1654,832,822
104000096,1768,40,1728
104000097,1551,248,1303
104000098,2670,171,2499
104000100,2032,261,1771
104000101,794,740,54
104000106,34,376,-342
104000107,369,135,234
104000108,91,129,-38
104000109,134,56,78
104000110,341,696,-355
104000111,1096,1999,-903
104000112,249,203,46
104000116,0,355,-355
104000117,260,182,78
104000118,796,59,737
104000119,485,108,377
104000120,292,187,105
104000121,113,202,-89
104000122,455,359,96
104000123,522,377,145
104000124,187,639,-452
104000125,884,1977,-1093
104000126,313,412,-99
104000127,1052,976,76
104000128,446,71,375
104000129,182,9,173
104000130,3,327,-324
104000131,234,239,-5
104000132,326,214,112
104000133,989,621,368
104000134,585,1227,-642
104000135,222,896,-674
104000136,417,1335,-918
104000137,1311,205,1106
104000138,629,274,355
104000139,1547,1385,162
104000141,432,372,60
104000142,392,239,153
104000143,557,190,367
104000144,89,115,-26
104000145,234,115,119
104000146,78,249,-171
104000147,94,179,-85
104000148,279,95,184
104000149,81,62,19
104000150,654,259,395
104000151,215,203,12
104000152,366,252,114
104000153,574,380,194
104000154,473,190,283
104000155,331,502,-171
104000157,920,615,305
104000158,73,244,-171
104000159,474,200,274
104000160,1155,1670,-515
104000161,64,67,-3
104000162,86,33,53
104000165,458,355,103
104000167,392,1127,-735
104000168,646,5,641
104000169,211,36,175
104000170,108,190,-82
104000248,324,296,28
104000251,25,40,-15
104000272,0,0,0
104000273,0,0,0
104000274,0,0,0
104000275,0,0,0
104000279,449,480,-31
104000290,29,296,-267
104000291,455,668,-213
104000293,576,619,-43
104000294,61,0,61
104000295,713,1036,-323
104000296,346,397,-51
104000297,752,1664,-912
104000298,1142,550,592
104000299,670,695,-25
104900001,25,34,-9
104900002,65,146,-81
104900003,11,113,-102
104900004,13,47,-34
104900005,228,108,120
104900006,279,22,257
104900007,277,90,187
104900009,91,65,26
104900010,41,9,32
104900011,1,3,-2
104900012,84,4,80
104900013,28,2,26
104900014,750,105,645
104900015,49,2,47
104900016,93,62,31
104900017,41,26,15
104900018,0,17,-17
104900019,89,3474,-3385
104900020,12,46,-34
104900021,1,12,-11
104900022,7,318,-311
104900023,2,6,-4
104900024,9,361,-352
104900025,40,79,-39
104900026,0,22,-22
104900027,614,204,410
104900028,20,103,-83
104900029,9,103,-94
104900030,335,103,232
104900031,20,45,-25
104900032,19,15,4
104900033,205,153,52
104900034,317,88,229
104900035,374,159,215
104900036,423,15,408
104900037,97,48,49
104900038,51,697,-646
104900039,262,864,-602
104900040,737,57,680
104900041,280,65,215
104900042,126,72,54
104900043,18,297,-279
104900044,866,59,807
104900045,123,41,82
104900046,354,21,333
104900047,495,56,439
104900048,394,57,337
104900049,86,54,32
104900050,355,6,349
104900051,274,32,242
104900052,164,0,164
104900053,350,25,325
104900054,248,21,227
104900055,302,0,302
104900056,255,5,250
104900057,16,0,16
104900058,216,122,94
104900059,111,23,88
104900060,0,133,-133
104900061,76,69,7
104900063,0,47,-47
104900064,0,48,-48
104900065,0,76,-76
104900066,0,25,-25
104900067,0,64,-64
104900068,24,48,-24
104900070,23,54,-31
104900071,0,55,-55
104900072,6,49,-43
104900073,49,12,37
104900074,26,19,7
104900075,18,4,14
104900076,59,27,32
104900077,96,37,59
104900078,83,102,-19
104900079,71,402,-331
104900080,49,95,-46
104900082,1,51,-50
104900085,4,34,-30
104900087,215,5,210
104900089,590,1,589
104900090,931,441,490
104900091,202,157,45
104900093,72,104,-32
104900097,522,1629,-1107
104900098,74,1,73
104900099,8,245,-237
104900100,120,56,64
104900102,32,27,5
104900103,41,25,16
104900104,575,1400,-825
104900106,73,48,25
104900107,54,81,-27
104900108,6,30,-24
104900109,28,103,-75
104900110,0,31,-31
104900111,211,58,153
104900112,294,113,181
104900113,319,36,283
104900114,401,99,302
104900115,493,28,465
104900116,271,34,237
104900118,1,10,-9
104900119,1,18,-17
104900120,15,281,-266
104900121,0,23,-23
104900122,0,15,-15
104900123,154,1,153
104900124,112,0,112
104900125,176,1,175
104900126,3,17,-14
104900127,4,1,3
104900128,51,53,-2
104900129,524,1924,-1400
105000001,1662,621,1041
105000002,1313,881,432
105000003,1286,1950,-664
105000004,726,498,228
105000005,929,900,29
105000006,681,1260,-579
105000007,799,1088,-289
105000008,470,1350,-880
105000009,2385,2158,227
105000010,1394,610,784
105000011,2079,2039,40
105000012,1017,947,70
105000013,508,654,-146
105000014,2111,1766,345
105000015,4750,8782,-4032
105000016,721,749,-28
105000017,1058,731,327
105000018,392,666,-274
105000019,590,601,-11
105000020,41,351,-310
105000021,156,73,83
105000022,58,80,-22
105000023,629,120,509
105000028,14,56,-42
105000029,386,613,-227
105000030,1835,1190,645
105000033,461,666,-205
105000034,67,732,-665
105000037,407,72,335
105000038,535,888,-353
105000039,422,500,-78
105000040,616,661,-45
105000041,225,376,-151
105000042,1082,866,216
105000043,383,409,-26
105000044,335,199,136
105000045,59,164,-105
105000046,591,161,430
105000047,196,225,-29
105000048,793,174,619
105000049,155,201,-46
105000050,844,325,519
105000051,123,200,-77
105000052,337,398,-61
105000053,61,46,15
105000054,283,363,-80
105000055,420,97,323
105000056,1317,1012,305
105000057,914,291,623
105000058,734,518,216
105000059,893,497,396
105000060,410,202,208
105000061,1120,301,819
105000062,421,289,132
105000063,182,207,-25
105000064,1985,323,1662
105000065,304,169,135
105000066,561,381,180
105000067,1467,483,984
105000068,249,326,-77
105000069,821,1569,-748
105000070,369,847,-478
105000071,158,1370,-1212
105000072,688,3014,-2326
105000073,886,492,394
105000074,174,238,-64
105000075,319,286,33
105000076,608,459,149
105000077,1156,323,833
105000078,408,522,-114
105000079,571,1277,-706
105000080,1516,1446,70
105000081,759,677,82
105000082,530,1250,-720
105000083,1677,2318,-641
105000084,307,456,-149
105000085,1795,1433,362
105000086,324,468,-144
105000087,604,808,-204
105000088,1043,1488,-445
105000089,1061,655,406
105000090,182,282,-100
105000091,350,470,-120
105000092,343,282,61
105000093,191,203,-12
105000094,78,79,-1
105000095,91,289,-198
105000096,618,1136,-518
105000097,256,310,-54
105000098,821,1103,-282
105000099,401,514,-113
105000100,1326,454,872
105000101,1293,719,574
105000102,1273,711,562
105000103,672,657,15
105000104,1522,557,965
105000105,702,602,100
105000106,967,352,615
105000107,1254,320,934
105000108,1242,384,858
105000109,1521,342,1179
105000110,839,177,662
105000111,1110,190,920
105000112,594,170,424
105000113,568,386,182
105000114,637,973,-336
105000115,265,1208,-943
105000116,1049,339,710
105000117,472,278,194
105000118,723,197,526
105000119,270,210,60
105000120,1392,292,1100
105000121,595,199,396
105000122,288,356,-68
105000123,283,383,-100
105000124,1552,360,1192
105000125,787,453,334
105000126,1475,572,903
105000127,1757,540,1217
105000128,454,687,-233
105000129,814,144,670
105000130,140,2305,-2165
105000131,148,113,35
105000132,1075,616,459
105000133,185,373,-188
105000134,1207,241,966
105000135,180,134,46
105000136,27,23,4
105000137,434,43,391
105000138,36,25,11
105000139,459,183,276
105000140,657,105,552
105000141,166,132,34
105000142,288,191,97
105000143,99,237,-138
105000144,205,204,1
105000145,568,198,370
105000146,224,200,24
105000147,681,189,492
105000148,400,536,-136
105000149,2262,1083,1179
105000150,675,319,356
105000151,513,169,344
105000152,131,227,-96
105000153,671,240,431
105000154,410,207,203
105000155,194,241,-47
105000156,151,255,-104
105000157,437,561,-124
105000158,1537,345,1192
105000159,211,470,-259
105000160,2444,322,2122
105000161,440,472,-32
105000162,551,1686,-1135
105000163,600,314,286
105000164,50,88,-38
105000165,259,5463,-5204
105000166,2159,1225,934
105000167,598,2247,-1649
105000168,260,130,130
105000169,591,74,517
105000170,346,614,-268
105000171,665,108,557
105000172,268,2,266
105000173,490,9,481
105000174,69,19,50
105000175,72,65,7
105000176,544,54,490
105000177,248,131,117
105000178,254,114,140
105000179,1082,28,1054
105000180,223,36,187
105000181,122,77,45
105000182,62,16,46
105000183,966,1705,-739
105000184,95,197,-102
105000185,136,688,-552
105000186,294,346,-52
105000187,360,229,131
105000188,145,176,-31
105000189,43,203,-160
105000190,197,138,59
105000191,162,128,34
105000192,247,40,207
105000193,64,87,-23
105000194,383,24,359
105000195,196,201,-5
105000196,34,129,-95
105000197,103,162,-59
105000198,69,78,-9
105000199,47,245,-198
105000200,102,309,-207
105000201,42,12,30
105000203,6,87,-81
105000204,43,31,12
105000205,40,116,-76
105000207,58,23,35
105000208,109,263,-154
105000209,27,52,-25
105000212,770,390,380
105000213,26,55,-29
105000214,94,78,16
105000215,135,58,77
105000216,102,41,61
105000217,70,29,41
105000218,2186,503,1683
105000221,97,99,-2
105000222,158,51,107
105000223,265,50,215
105000226,36,49,-13
105000227,23,77,-54
105000228,22,887,-865
105000229,109,353,-244
105000231,379,97,282
105000233,541,391,150
105000234,272,417,-145
105000235,440,309,131
105000237,768,44,724
105000243,47,69,-22
105000248,2,23,-21
105000262,290,155,135
105000269,124,57,67
105000270,514,17,497
105000271,0,156,-156
105000282,29,23,6
105000287,93,60,33
105000288,705,313,392
105000289,636,1142,-506
105000290,25,9,16
105000402,792,2051,-1259
105000426,172,250,-78
105000438,807,828,-21
105000446,2898,2581,317
105000447,1190,957,233
105000454,525,122,403
105000455,99,51,48
105000474,52,2,50
105000477,787,328,459
105000478,1549,3241,-1692
105000479,42,58,-16
105000480,3775,4609,-834
105000481,2739,2060,679
105000482,1202,2131,-929
105000483,851,1056,-205
105000484,672,906,-234
105000485,932,1442,-510
105000486,731,795,-64
105000488,1552,1443,109
105000489,1074,271,803
105000549,106,61,45
105000550,150,469,-319
105000551,8,46,-38
105000552,847,423,424
105900001,1,411,-410
105900002,608,629,-21
105900003,0,65,-65
105900004,39,5,34
105900005,0,60,-60
105900006,18,41,-23
105900007,29,15,14
105900008,53,90,-37
105900009,65,13,52
105900011,127,24,103
105900012,326,75,251
105900013,7,15,-8
105900014,0,12,-12
105900015,55,94,-39
105900016,375,150,225
105900017,1383,38,1345
105900018,22,94,-72
105900019,36,64,-28
105900020,16,32,-16
105900021,21,178,-157
105900022,114,95,19
105900023,20,90,-70
105900024,0,67,-67
105900025,141,0,141
105900026,123,10,113
105900027,3298,1412,1886
105900028,141,59,82
105900029,696,192,504
105900030,124,87,37
105900031,223,46,177
105900032,48,24,24
105900033,49,33,16
105900034,127,69,58
105900035,134,67,67
105900036,75,45,30
105900037,83,25,58
105900038,71,93,-22
105900039,41,21,20
105900040,50,7,43
105900041,75,57,18
105900042,17,30,-13
105900043,434,59,375
105900044,0,151,-151
105900045,1,457,-456
105900046,0,32,-32
105900047,3,0,3
105900048,118,108,10
105900050,314,1372,-1058
105900051,12,213,-201
105900052,276,15,261
105900053,857,2454,-1597
105900054,63,91,-28
105900056,250,256,-6
105900057,4,44,-40
105900058,8,1,7
105900059,0,89,-89
106000001,1324,1043,281
106000002,381,1482,-1101
106000003,2093,2117,-24
106000004,1168,1672,-504
106000005,3028,2550,478
106000006,2410,1120,1290
106000007,519,94,425
106000008,195,207,-12
106000009,331,76,255
106000010,194,355,-161
106000011,1129,474,655
106000012,544,429,115
106000013,1745,892,853
106000014,708,618,90
106000015,2009,597,1412
106000016,842,881,-39
106000017,953,404,549
106000018,281,342,-61
106000019,431,197,234
106000020,190,130,60
106000021,376,134,242
106000022,249,131,118
106000023,883,243,640
106000024,426,285,141
106000025,156,143,13
106000026,40,89,-49
106000027,1961,798,1163
106000028,345,155,190
106000029,338,277,61
106000030,75,267,-192
106000034,35,141,-106
106000035,634,1099,-465
106000036,32,295,-263
106000037,363,398,-35
106000038,37,57,-20
106000039,30,135,-105
106000040,43,810,-767
106000041,492,347,145
106000043,256,121,135
106000046,192,20,172
106000047,40,312,-272
106000049,830,57,773
106000050,94,208,-114
106000051,879,435,444
106000052,0,0,0
106000053,523,103,420
106000054,0,0,0
106000055,762,240,522
106000056,0,0,0
106000057,448,91,357
106000058,0,0,0
106000059,462,155,307
106000060,19,68,-49
106000061,195,570,-375
106000062,59,104,-45
106000063,651,588,63
106000064,0,0,0
106000065,515,157,358
106000066,39,18,21
106000067,436,32,404
106000068,89,44,45
106000069,418,19,399
106000070,166,47,119
106000071,618,129,489
106000072,1073,681,392
106000073,1037,3178,-2141
106000074,408,380,28
106000075,255,470,-215
106000076,735,425,310
106000077,1143,340,803
106000078,957,259,698
106000079,740,243,497
106000080,694,223,471
106000081,653,305,348
106000082,1103,303,800
106000083,287,557,-270
106000084,503,280,223
106000085,968,588,380
106000086,190,128,62
106000087,522,223,299
106000088,331,176,155
106000089,755,101,654
106000090,327,213,114
106000091,223,240,-17
106000092,459,157,302
106000093,359,41,318
106000094,65,85,-20
106000095,1161,354,807
106000096,1371,193,1178
106000097,1117,440,677
106000098,951,127,824
106000099,129,130,-1
106000100,1175,121,1054
106000101,716,77,639
106000102,80,177,-97
106000103,225,227,-2
106000104,740,268,472
106000105,303,439,-136
106000106,736,218,518
106000107,74,245,-171
106000108,466,105,361
106000109,149,112,37
106000110,399,85,314
106000111,124,92,32
106000112,232,537,-305
106000113,240,274,-34
106000114,330,504,-174
106000115,186,227,-41
106000116,315,85,230
106000117,481,261,220
106000118,769,777,-8
106000119,425,258,167
106000120,595,1004,-409
106000121,186,79,107
106000122,221,142,79
106000123,806,41,765
106000124,111,67,44
106000125,10,127,-117
106000126,448,40,408
106000127,801,296,505
106000128,778,100,678
106000129,382,239,143
106000130,923,182,741
106000131,35,454,-419
106000132,371,80,291
106000133,668,926,-258
106000134,268,2124,-1856
106000135,152,362,-210
106000136,687,1142,-455
106000137,98,375,-277
106000138,1721,38,1683
106000139,92,70,22
106000140,1,6,-5
106000141,7,5,2
106000142,150,133,17
106000143,1,1,0
106000144,57,148,-91
106000145,148,38,110
106000146,532,42,490
106000147,252,321,-69
106000148,286,593,-307
106000149,665,358,307
106000150,797,1240,-443
106000151,1601,407,1194
106000152,685,948,-263
106000153,35,824,-789
106000154,662,125,537
106000155,144,187,-43
106000156,1299,82,1217
106000157,322,845,-523
106000158,730,481,249
106000159,982,1134,-152
106000160,431,2335,-1904
106000161,394,77,317
106000162,366,1114,-748
106000163,245,116,129
106000164,626,64,562
106000165,147,157,-10
106000166,830,58,772
106000167,336,275,61
106000168,633,40,593
106000169,146,164,-18
106000170,802,89,713
106000171,120,399,-279
106000172,1491,378,1113
106000173,549,696,-147
106000174,1131,103,1028
106000175,114,158,-44
106000176,1561,270,1291
106000177,603,436,167
106000178,2053,420,1633
106000179,366,373,-7
106000180,559,328,231
106000181,1437,718,719
106000182,1552,128,1424
106000183,1338,193,1145
106000184,838,265,573
106000185,886,907,-21
106000186,190,58,132
106000187,34,540,-506
106000188,0,0,0
106000189,14,7,7
106000190,38,2,36
106000191,356,51,305
106000192,0,1,-1
106000193,128,94,34
106000194,41,193,-152
106000195,245,106,139
106000196,112,374,-262
106000197,402,159,243
106000198,119,79,40
106000199,492,1033,-541
106000200,144,128,16
106000201,150,4563,-4413
106000202,1344,362,982
106000203,6,67,-61
106000204,79,2,77
106000205,18,112,-94
106000206,78,10,68
106000207,9,93,-84
106000208,1398,45,1353
106000209,1901,147,1754
106000210,187,269,-82
106000211,180,374,-194
106000212,1204,206,998
106000213,109,813,-704
106000214,834,238,596
106000215,274,266,8
106000216,421,113,308
106000217,146,185,-39
106000218,355,70,285
106000219,81,146,-65
106000220,638,75,563
106000221,205,67,138
106000222,83,28,55
106000223,296,33,263
106000224,176,80,96
106000225,80,84,-4
106000226,51,57,-6
106000228,1,7,-6
106000229,92,165,-73
106000231,854,40,814
106000232,32,77,-45
106000233,453,57,396
106000234,4,101,-97
106000235,132,98,34
106000236,45,110,-65
106000237,1,58,-57
106000238,19,22,-3
106000239,0,105,-105
106000240,2,3,-1
106000241,1,406,-405
106000242,151,7,144
106000249,93,61,32
106000250,45,323,-278
106000251,78,11,67
106000252,9,10,-1
106000253,62,13,49
106000254,42,12,30
106000255,47,38,9
106000256,21,12,9
106000257,39,151,-112
106000258,31,26,5
106000259,1,45,-44
106000260,2,1,1
106000261,9,31,-22
106000262,74,1,73
106000263,20,34,-14
106000264,102,1,101
106000265,9,21,-12
106000266,134,5,129
106000267,8,48,-40
106000268,198,8,190
106000269,20,23,-3
106000270,57,81,-24
106000271,56,25,31
106000272,79,20,59
106000273,2,68,-66
106000274,96,11,85
106000275,150,87,63
106000276,15,2,13
106000277,115,93,22
106000278,55,3,52
106000279,9,8,1
106000280,43,13,30
106000281,58,14,44
106000282,57,19,38
106000283,54,13,41
106000284,186,30,156
106000285,67,28,39
106000286,99,19,80
106000287,26,21,5
106000288,73,19,54
106000289,60,44,16
106000290,116,12,104
106000291,51,12,39
106000292,22,12,10
106000293,48,13,35
106000294,62,6,56
106000295,40,4,36
106000296,12,8,4
106000297,17,63,-46
106000298,21,30,-9
106000299,32,23,9
106000300,21,50,-29
106000301,34,56,-22
106000303,45,16,29
106000304,24,3,21
106000305,63,19,44
106000306,19,10,9
106000307,124,0,124
106000308,8,34,-26
106000309,19,39,-20
106000310,243,130,113
106000311,423,52,371
106000312,119,68,51
106000313,145,74,71
106000318,12,158,-146
106000319,558,185,373
106000320,2,155,-153
106000321,43,302,-259
106000322,206,47,159
106000324,109,152,-43
106000325,1722,368,1354
106000326,380,574,-194
106000327,242,46,196
106000328,15,28,-13
106000329,31,118,-87
106000330,13,74,-61
106000428,65,169,-104
106000429,93,212,-119
106000430,298,539,-241
106000431,1825,168,1657
106000432,391,921,-530
106000433,1776,746,1030
106000434,2678,801,1877
106000435,596,853,-257
106000436,2,64,-62
106000437,582,76,506
106000438,138,361,-223
106000439,7,357,-350
106000440,129,187,-58
106000441,12,1,11
106000442,149,3,146
106000443,171,100,71
106000450,0,56,-56
106000451,29,71,-42
106000454,1,41,-40
106000455,2,114,-112
106000456,50,62,-12
106000457,11,110,-99
106000458,1192,112,1080
106000459,122,64,58
106000460,1930,42,1888
106000461,60,118,-58
106000462,1,30,-29
106000463,6,27,-21
106000464,3,264,-261
106000465,814,2,812
106000466,1,233,-232
106000467,23,123,-100
106000468,134,75,59
106000469,210,10,200
106000470,86,962,-876
106000471,2,153,-151
106000472,181,25,156
106000473,10,1,9
106000474,183,279,-96
106000475,292,168,124
106000476,151,240,-89
106000477,1,3,-2
106900001,0,2,-2
106900002,1,85,-84
106900003,41,329,-288
106900004,0,1,-1
106900006,0,2,-2
106900007,0,4,-4
106900008,395,18,377
106900009,346,86,260
106900010,285,61,224
106900012,385,2175,-1790
106900013,455,251,204
106900014,101,1,100
106900015,7,0,7
106900016,392,32,360
106900017,5,0,5
106900018,22,0,22
106900019,141,1,140
106900020,604,1123,-519
106900021,201,54,147
106900022,1638,10,1628
106900023,22,48,-26
106900024,587,26,561
106900025,4,161,-157
106900026,1,113,-112
106900027,829,17,812
107000001,2138,2141,-3
107000002,895,643,252
107000003,5848,5202,646
107000004,1912,910,1002
107000005,5979,3780,2199
107000006,1736,861,875
107000007,3454,3978,-524
107000008,2182,1317,865
107000009,6712,4842,1870
107000010,3187,2273,914
107000011,278,368,-90
107000012,1160,806,354
107000013,31,16,15
107000014,40,18,22
107000015,258,180,78
107000016,434,221,213
107000017,513,479,34
107000018,4,408,-404
107000020,520,511,9
107000021,507,192,315
107000022,768,684,84
107000023,1011,166,845
107000024,646,1025,-379
107000025,213,223,-10
107000026,345,235,110
107000027,934,336,598
107000028,937,380,557
107000029,2863,1878,985
107000030,1310,966,344
107000031,3427,1375,2052
107000032,182,412,-230
107000033,1143,1604,-461
107000034,1442,421,1021
107000035,241,130,111
107000036,231,656,-425
107000037,61,489,-428
107000038,120,110,10
107000039,452,516,-64
107000040,151,116,35
107000041,630,268,362
107000042,216,1040,-824
107000043,690,309,381
107000044,283,98,185
107000045,32,100,-68
107000046,486,107,379
107000047,213,302,-89
107000048,323,114,209
107000049,207,324,-117
107000050,415,260,155
107000051,166,165,1
107000052,592,1066,-474
107000053,274,241,33
107000054,24,82,-58
107000055,107,60,47
107000056,319,395,-76
107000057,719,138,581
107000058,1893,1497,396
107000059,964,1255,-291
107000060,4680,3169,1511
107000061,2174,1058,1116
107000062,5210,1732,3478
107000063,1444,1384,60
107000064,4160,2391,1769
107000065,1398,1628,-230
107000066,911,1858,-947
107000067,663,453,210
107000068,567,494,73
107000069,809,626,183
107000070,1007,37,970
107000071,2990,16,2974
107000072,2,642,-640
107000073,768,389,379
107000074,94,230,-136
107000075,1718,76,1642
107000076,170,464,-294
107000077,2346,240,2106
107000078,276,527,-251
107000079,2678,528,2150
107000080,219,678,-459
107000081,3196,385,2811
107000082,301,370,-69
107000083,1355,510,845
107000084,105,252,-147
107000085,1690,1473,217
107000086,1354,1000,354
107000087,1849,1173,676
107000088,1197,1046,151
107000089,1134,986,148
107000090,512,273,239
107000091,1190,482,708
107000092,368,320,48
107000093,888,547,341
107000094,348,392,-44
107000095,1224,529,695
107000096,359,447,-88
107000097,546,267,279
107000098,117,456,-339
107000099,336,298,38
107000100,92,240,-148
107000101,108,142,-34
107000102,147,316,-169
107000103,328,146,182
107000104,164,181,-17
107000105,416,92,324
107000106,87,99,-12
107000107,728,122,606
107000108,100,172,-72
107000109,742,104,638
107000110,21,150,-129
107000111,343,17,326
107000112,4,160,-156
107000113,930,30,900
107000114,13,329,-316
107000115,885,162,723
107000116,48,274,-226
107000117,128,883,-755
107000118,11,59,-48
107000119,753,1510,-757
107000120,595,446,149
107000121,635,234,401
107000122,359,321,38
107000123,559,248,311
107000124,438,197,241
107000125,994,207,787
107000126,831,263,568
107000129,322,233,89
107000130,1032,759,273
107000131,211,616,-405
107000132,368,195,173
107000133,284,54,230
107000134,179,1,178
107000135,0,173,-173
107000136,246,1,245
107000137,3,145,-142
107000138,40,5,35
107000139,1,295,-294
107000140,1018,25,993
107000141,50,314,-264
107000142,331,31,300
107000143,16,319,-303
107000144,210,506,-296
107000145,82,146,-64
107000146,179,232,-53
107000147,1905,341,1564
107000150,109,2958,-2849
107000151,16,10,6
107000152,179,2199,-2020
107000153,49,124,-75
107000154,4,60,-56
107000155,852,3,849
107000156,1012,6,1006
107000157,2,325,-323
107000158,747,1,746
107000159,18,205,-187
107000160,1571,96,1475
107000161,16,308,-292
107000162,162,550,-388
107000163,171,1,170
107000164,847,0,847
107000165,1390,20,1370
107000166,8,193,-185
107000167,562,96,466
107000168,741,214,527
107000169,145,184,-39
107000170,3003,512,2491
107000171,256,312,-56
107000172,1221,1546,-325
107000173,255,210,45
107000174,935,4617,-3682
107000175,1740,438,1302
107000176,0,0,0
107000177,4,1,3
107000178,12,2,10
107000179,511,655,-144
107000180,1888,292,1596
107000181,215,290,-75
107000182,1744,302,1442
107000183,86,280,-194
107000184,1191,224,967
107000185,138,550,-412
107000186,743,75,668
107000187,767,561,206
107000188,404,182,222
107000189,644,238,406
107000190,558,256,302
107000191,647,343,304
107000192,1085,189,896
107000193,318,164,154
107000194,263,103,160
107000197,632,83,549
107000198,266,573,-307
107000199,212,264,-52
107000200,482,353,129
107000201,143,128,15
107000202,163,272,-109
107000203,160,412,-252
107000204,179,1030,-851
107000205,335,162,173
107000206,117,622,-505
107000207,112,177,-65
107000208,96,129,-33
107000209,247,247,0
107000210,67,96,-29
107000211,21,29,-8
107000212,94,25,69
107000213,1,4,-3
107000214,2,20,-18
107000215,379,76,303
107000216,410,92,318
107000217,134,45,89
107000219,17,112,-95
107000220,44,60,-16
107000222,111,142,-31
107000224,324,58,266
107000225,76,208,-132
107000226,457,60,397
107000227,47,78,-31
107000228,31,194,-163
107000229,48,52,-4
107000230,338,200,138
107000231,263,432,-169
107000232,43,10,33
107000233,44,317,-273
107000234,11,85,-74
107000235,29,13,16
107000236,0,135,-135
107000237,42,2,40
107000238,24,2,22
107000239,915,284,631
107000240,24,114,-90
107000241,9,10,-1
107000242,61,8,53
107000243,0,40,-40
107000244,6,7,-1
107000246,0,268,-268
107000249,1,495,-494
107000251,0,62,-62
107000252,0,95,-95
107000255,152,109,43
107000257,0,446,-446
107000258,11,170,-159
107000259,0,77,-77
107000260,1632,10,1622
107000262,27,126,-99
107000263,502,4,498
107000266,15,10,5
107000267,31,57,-26
107000268,103,26,77
107000269,14,6,8
107000270,143,46,97
107000271,8,0,8
107000272,110,0,110
107000273,1,69,-68
107000274,315,29,286
107000275,4,266,-262
107000280,1198,7,1191
107000281,2,124,-122
107000282,5,277,-272
107000290,23,17,6
107000291,10,9,1
107000292,0,72,-72
107000293,5,8,-3
107000294,0,48,-48
107000295,29,4,25
107000296,0,12,-12
107000444,156,0,156
107000496,3,2,1
107000497,491,554,-63
107000500,297,52,245
107000501,64,90,-26
107000502,157,105,52
107000505,74,340,-266
107000506,0,3,-3
107000508,1,40,-39
107000509,65,292,-227
107000510,11,52,-41
107000514,53,431,-378
107000515,5,47,-42
107000516,513,172,341
107000518,1228,1620,-392
107000519,430,240,190
107000520,177,32,145
107900001,53,19,34
107900002,26,1,25
107900003,416,4,412
107900004,254,3,251
107900005,2070,19,2051
107900006,118,12,106
107900007,278,14,264
107900008,38,5,33
107900009,238,11,227
107900010,39,1,38
107900012,166,11,155
107900013,150,9,141
107900014,53,1,52
107900015,1755,18,1737
107900016,81,41,40
107900017,51,0,51
107900018,56,355,-299
107900019,26,24,2
107900020,3,31,-28
107900021,95,13,82
107900023,3,5,-2
107900024,0,3,-3
107900025,81,51,30
107900026,33,17,16
107900027,4,203,-199
107900028,193,7,186
107900030,213,2,211
107900031,136,35,101
107900032,36,1,35
107900033,30,8,22
107900034,181,6,175
107900035,1424,65,1359
107900036,67,30,37
107900037,0,5,-5
107900038,17,202,-185
107900039,12,23,-11
107900040,3,562,-559
107900041,3,0,3
107900043,110,62,48
107900044,4,4,0
107900045,69,44,25
107900046,415,118,297
107900047,74,14,60
107900048,291,16,275
107900049,52,871,-819
107900050,25,89,-64
107900051,56,12,44
107900052,0,97,-97
107900053,89,42,47
107900055,235,142,93
107900056,56,86,-30
107900057,0,0,0
107900058,10,142,-132
107900060,6,23,-17
107900061,5,39,-34
107900063,86,90,-4
107900064,75,355,-280
107900065,595,3,592
107900066,12,4,8
107900067,0,0,0
107900068,40,295,-255
107900069,20,2347,-2327
107900070,204,125,79
107900071,13,180,-167
107900072,141,32,109
107900073,68,21,47
107900074,90,138,-48
107900076,128,12,116
107900077,81,0,81
107900078,97,10,87
107900079,23,8,15
107900080,10,106,-96
107900081,16,20,-4
107900082,1,0,1
107900083,368,128,240
107900084,93,126,-33
107900086,15,153,-138
107900087,92,38,54
107900088,54,1,53
107900089,95,282,-187
107900090,150,1267,-1117
107900091,64,65,-1
107900092,574,92,482
107900093,34,19,15
107900095,546,870,-324
107900097,26,28,-2
107900098,64,174,-110
107900100,154,1160,-1006
107900101,107,21,86
107900102,29,1,28
107900103,24,58,-34
107900104,361,1,360
107900105,0,66,-66
107900106,0,132,-132
107900107,387,163,224
107900108,36,8,28
107900109,1562,17,1545
107900110,59,4,55
107900111,1,124,-123
107900112,42,263,-221
107900113,223,5,218
107900114,299,36,263
107900115,0,11,-11
107900116,214,38,176
107900117,99,95,4
107900118,2,50,-48
107900119,66,135,-69
107900120,31,0,31
107900121,0,66,-66
107900122,0,13,-13
107900123,3,23,-20
107900124,9,26,-17
107900125,5,27,-22
107900126,22,10,12
107900127,453,112,341
107900128,36,11,25
107900129,87,3,84
107900130,163,7,156
107900131,4,50,-46
107900132,8,69,-61
107900133,0,18,-18
107900134,4,45,-41
107900135,9,24,-15
107900136,12,16,-4
107900137,7,11,-4
107900138,89,18,71
107900139,67,3,64
107900140,43,41,2
107900141,13,8,5
107900142,4,118,-114
107900143,7,8,-1
107900144,0,9,-9
107900145,2,18,-16
107900146,23,34,-11
107900147,14,12,2
107900148,172,63,109
107900149,224,25,199
107900150,3,95,-92
107900151,79,11,68
107900152,2,119,-117
107900153,16,117,-101
107900154,38,4,34
107900155,70,6,64
107900156,2,34,-32
107900157,8,34,-26
107900158,1021,59,962
107900159,4,115,-111
107900160,94,55,39
107900161,59,25,34
107900162,0,34,-34
107900163,5,13,-8
107900164,9,5,4
107900165,5,105,-100
107900166,38,30,8
107900167,8,93,-85
107900168,36,1,35
107900169,10,168,-158
107900171,0,132,-132
107900172,16,53,-37
107900173,84,16,68
107900174,112,9,103
107900175,0,53,-53
107900176,24,1,23
107900177,0,28,-28
107900178,0,50,-50
107900179,23,20,3
107900180,122,823,-701
107900181,104,241,-137
107900182,0,88,-88
107900183,34,23,11
107900184,67,44,23
107900185,80,11,69
107900186,16,6,10
107900187,0,33,-33
107900188,161,24,137
107900189,8,26,-18
107900190,15,34,-19
107900191,10,21,-11
107900193,0,50,-50
107900194,90,5,85
107900195,406,81,325
107900196,46,12,34
107900197,51,62,-11
107900199,0,112,-112
107900201,59,41,18
107900203,20,16,4
107900204,105,91,14
107900205,99,93,6
107900206,34,321,-287
107900207,0,62,-62
107900208,1,124,-123
107900209,84,36,48
107900210,12,25,-13
107900213,129,113,16
107900214,19,33,-14
107900215,51,175,-124
107900216,4,10,-6
107900217,41,34,7
107900218,0,200,-200
107900219,2,8,-6
107900220,9,54,-45
107900221,22,88,-66
107900223,86,49,37
107900224,19,205,-186
107900225,0,71,-71
107900226,4,42,-38
107900227,45,122,-77
107900228,26,37,-11
107900229,0,12,-12
107900230,42,10,32
107900231,35,36,-1
107900232,158,34,124
107900233,1,51,-50
107900234,130,27,103
107900235,7,44,-37
107900236,261,11,250
107900237,6,104,-98
107900238,19,14,5
107900239,103,280,-177
107900240,20,13,7
107900241,2,35,-33
107900242,7,51,-44
107900243,1,14,-13
107900244,241,15,226
107900245,747,50,697
107900246,185,47,138
107900248,421,47,374
107900249,885,84,801
107900250,0,71,-71
107900251,0,125,-125
107900252,531,39,492
107900253,134,17,117
107900254,11,115,-104
107900255,36,29,7
107900256,130,461,-331
107900257,267,101,166
107900258,80,27,53
107900259,9,2194,-2185
107900261,1,88,-87
107900262,35,28,7
107900264,484,13,471
107900265,45,41,4
107900267,319,16,303
107900268,4,0,4
107900269,1,0,1
107900270,1,0,1
107900271,0,17,-17
107900272,36,56,-20
107900273,56,63,-7
107900274,142,0,142
107900275,11,2,9
107900276,0,9,-9
107900277,0,11,-11
107900278,297,117,180
107900279,18,39,-21
107900280,755,395,360
107900281,353,4803,-4450
107900282,37,819,-782
107900283,406,438,-32
107900284,523,221,302
107900285,108,18,90
107900286,10,22,-12
107900287,420,49,371
107900290,2,288,-286
107900291,508,6,502
107900292,95,49,46
107900293,24,154,-130
107900295,19,16,3
107900297,1,114,-113
107900298,316,329,-13
107900299,1569,2453,-884
107900300,104,224,-120
107900301,265,378,-113
107900302,64,11,53
107900303,336,131,205
107900304,376,42,334
107900305,275,4,271
107900306,4,17,-13
107900307,22,88,-66
107900308,276,65,211
107900309,16,3,13
107900310,11,0,11
107900311,234,288,-54
107900312,32,0,32
107900313,0,78,-78
107900314,0,75,-75
107900315,0,42,-42
107900316,34,1,33
107900317,52,6,46
107900318,7,188,-181
107900319,1,36,-35
107900320,35,43,-8
107900321,125,0,125
107900322,6,5,1
107900323,100,57,43
107900324,71,0,71
107900325,117,1,116
107900326,513,77,436
107900327,1,43,-42
107900328,1,0,1
107900329,4,56,-52
107900330,28,79,-51
107900331,447,15,432
107900332,362,4,358
107900333,85,6,79
107900334,16,36,-20
107900335,31,7,24
107900336,36,51,-15
107900337,285,753,-468
107900338,1,107,-106
107900339,0,13,-13
107900340,0,76,-76
107900341,31,0,31
107900342,146,123,23
107900343,42,0,42
107900344,5,316,-311
107900345,17,11,6
107900346,6,0,6
107900347,19,1,18
107900348,0,3,-3
107900349,5,17,-12
107900350,4,61,-57
108000001,3307,1694,1613
108000002,544,781,-237
108000003,2103,1203,900
108000004,4601,4782,-181
108000005,6298,2795,3503
108000006,1882,1842,40
108000007,4251,2019,2232
108000008,1591,1551,40
108000009,4271,2237,2034
108000010,1249,1574,-325
108000011,9428,5702,3726
108000012,4250,4606,-356
108000014,305,1032,-727
108000015,563,133,430
108000016,141,347,-206
108000017,998,156,842
108000018,1262,375,887
108000019,392,276,116
108000020,680,262,418
108000021,168,441,-273
108000022,299,400,-101
108000023,1124,126,998
108000024,278,152,126
108000025,318,74,244
108000026,672,70,602
108000027,633,99,534
108000028,814,86,728
108000029,480,105,375
108000030,348,131,217
108000031,103,238,-135
108000032,1900,313,1587
108000033,397,222,175
108000034,1882,231,1651
108000035,362,471,-109
108000036,204,394,-190
108000037,1871,147,1724
108000038,3174,141,3033
108000039,226,451,-225
108000040,1778,462,1316
108000041,238,622,-384
108000042,514,56,458
108000043,55,106,-51
108000044,882,50,832
108000045,70,95,-25
108000046,1449,158,1291
108000047,146,205,-59
108000048,46,85,-39
108000049,723,80,643
108000050,28,166,-138
108000051,314,133,181
108000052,73,181,-108
108000053,364,116,248
108000054,187,399,-212
108000055,646,216,430
108000056,193,420,-227
108000057,580,804,-224
108000058,1122,2714,-1592
108000059,1075,573,502
108000060,185,251,-66
108000061,53,111,-58
108000062,787,259,528
108000063,353,181,172
108000064,230,142,88
108000065,481,369,112
108000066,954,363,591
108000067,1666,585,1081
108000068,904,165,739
108000069,85,324,-239
108000070,2049,215,1834
108000071,374,423,-49
108000072,1280,327,953
108000073,378,428,-50
108000074,635,198,437
108000075,172,156,16
108000076,807,213,594
108000077,275,164,111
108000078,2441,476,1965
108000079,206,271,-65
108000080,1678,197,1481
108000081,171,366,-195
108000082,275,399,-124
108000083,1475,349,1126
108000084,109,277,-168
108000085,864,245,619
108000086,152,169,-17
108000087,127,1627,-1500
108000088,188,8,180
108000089,158,171,-13
108000090,723,45,678
108000091,56,253,-197
108000092,443,32,411
108000093,238,198,40
108000094,1007,20,987
108000095,99,116,-17
108000096,675,77,598
108000097,38,142,-104
108000098,1796,561,1235
108000099,281,24,257
108000100,146,146,0
108000101,1092,502,590
108000102,1184,2036,-852
108000106,637,0,637
108000107,3,606,-603
108000108,605,76,529
108000109,0,293,-293
108000110,376,105,271
108000111,113,222,-109
108000112,18,104,-86
108000113,155,149,6
108000115,132,110,22
108000117,241,293,-52
108000118,14,156,-142
108000119,356,130,226
108000120,156,617,-461
108000121,274,194,80
108000122,689,185,504
108000123,625,149,476
108000124,188,110,78
108000125,481,140,341
108000126,191,129,62
108000127,533,106,427
108000128,642,77,565
108000129,116,143,-27
108000130,460,94,366
108000131,550,72,478
108000132,130,184,-54
108000133,1350,144,1206
108000134,219,117,102
108000135,1345,370,975
108000136,119,116,3
108000137,518,88,430
108000138,277,189,88
108000139,568,139,429
108000140,523,8,515
108000141,23,25,-2
108000142,16,33,-17
108000143,5,10,-5
108000144,155,1,154
108000145,49,1,48
108000146,170,3,167
108000147,45,3,42
108000148,153,17,136
108000149,6,16,-10
108000150,92,14,78
108000151,4,16,-12
108000152,52,85,-33
108000153,671,58,613
108000154,8,5,3
108000155,57,47,10
108000156,199,76,123
108000157,74,1250,-1176
108000158,9,437,-428
108000159,67,75,-8
108000160,1062,860,202
108000161,893,2707,-1814
108000165,9,286,-277
108000172,14,159,-145
108000173,450,1261,-811
108000175,383,77,306
108000178,209,125,84
108000179,76,554,-478
108000181,87,9,78
108000182,84,6,78
108000183,1,7,-6
108000184,149,1983,-1834
108000185,150,118,32
108000186,431,21,410
108000187,77,130,-53
108000188,1122,54,1068
108000189,156,1384,-1228
108000190,5,38,-33
108000192,175,112,63
108000193,173,35,138
108000194,8,0,8
108000195,1,364,-363
108000196,113,173,-60
108000198,300,30,270
108000199,0,63,-63
108000200,857,53,804
108000202,1,88,-87
108000203,104,165,-61
108000204,237,59,178
108000205,78,113,-35
108000339,363,262,101
108000364,56,116,-60
108000365,28,228,-200
108000367,34,85,-51
108000368,7,39,-32
108000369,164,82,82
108000371,0,447,-447
108000372,550,3,547
108000373,187,75,112
108000376,126,22,104
108000377,649,124,525
108000378,6995,8551,-1556
108000379,15,63,-48
108000381,148,16,132
108000382,59,0,59
108000383,0,74,-74
108900001,9,162,-153
108900002,84,33,51
108900003,44,157,-113
108900004,4,251,-247
108900005,45,161,-116
108900006,528,96,432
108900007,318,53,265
108900008,201,31,170
108900009,112,93,19
108900010,501,57,444
108900011,968,64,904
108900012,515,71,444
108900013,186,74,112
108900014,13,46,-33
108900015,1,171,-170
108900016,3,132,-129
108900017,25,146,-121
108900018,151,215,-64
108900019,3,106,-103
108900020,53,32,21
108900021,62,63,-1
108900022,124,49,75
108900023,2,41,-39
108900024,29,37,-8
108900025,188,14,174
108900026,54,61,-7
108900027,0,33,-33
108900028,89,57,32
108900029,34,69,-35
108900030,0,15,-15
108900031,41,60,-19
108900032,1,28,-27
108900033,0,21,-21
108900034,1,42,-41
108900035,157,378,-221
108900036,61,111,-50
108900037,47,92,-45
108900038,1,87,-86
108900039,0,77,-77
108900040,5,54,-49
108900041,1948,1633,315
108900042,1,280,-279
108900043,42,268,-226
108900044,1,111,-110
108900045,105,108,-3
108900046,13,103,-90
108900047,0,77,-77
108900048,24,121,-97
108900049,563,1533,-970
108900050,0,107,-107
108900051,0,62,-62
108900052,24,76,-52
108900053,34,196,-162
108900054,76,46,30
108900055,15,101,-86
108900056,2,49,-47
108900057,0,30,-30
108900058,59,127,-68
108900059,593,69,524
108900060,44,75,-31
108900061,23,5,18
108900062,1,73,-72
108900063,35,57,-22
108900064,356,27,329
108900065,16,49,-33
108900066,322,37,285
108900067,4,66,-62
108900068,0,31,-31
108900069,140,33,107
108900070,13,25,-12
108900071,244,21,223
108900072,889,178,711
108900073,4,204,-200
108900074,387,68,319
108900075,0,8,-8
108900076,454,23,431
108900077,60,840,-780
108900078,38,36,2
108900079,157,43,114
108900080,5,652,-647
108900081,41,92,-51
108900082,104,45,59
108900083,19,172,-153
108900084,119,51,68
108900085,658,71,587
108900086,144,60,84
108900087,57,68,-11
108900088,253,162,91
108900089,14,62,-48
108900090,68,55,13
108900091,70,29,41
108900092,308,105,203
108900093,97,30,67
108900094,196,60,136
108900095,32,48,-16
108900096,96,6,90
108900097,95,91,4
108900098,625,964,-339
108900099,237,77,160
108900100,61,35,26
108900101,125,148,-23
108900102,11,809,-798
108900103,118,88,30
108900104,54,71,-17
108900105,3,1550,-1547
108900106,371,57,314
108900108,190,13,177
108900109,53,13,40
108900110,61,49,12
108900111,264,95,169
108900112,188,8,180
108900113,54,29,25
108900114,2,6,-4
108900115,224,64,160
108900116,79,5,74
108900117,216,2,214
108900118,640,17,623
108900119,478,9,469
108900120,143,168,-25
108900121,251,34,217
108900122,313,2,311
108900123,271,43,228
108900124,716,52,664
108900125,670,4,666
108900126,105,40,65
108900127,287,51,236
108900128,195,18,177
108900129,855,31,824
108900130,413,1,412
108900131,525,6,519
108900132,450,28,422
108900133,313,13,300
108900134,539,31,508
108900135,317,5,312
108900136,40,7,33
108900137,279,0,279
108900138,583,12,571
108900139,599,25,574
108900140,570,24,546
108900141,501,20,481
108900142,45,0,45
108900143,140,0,140
108900144,100,1,99
108900145,209,5,204
108900146,84,0,84
108900147,283,0,283
108900148,60,3,57
108900149,206,178,28
108900150,160,6,154
108900151,37,14,23
108900152,119,81,38
108900153,177,50,127
108900154,3798,154,3644
108900155,148,45,103
108900156,82,0,82
108900157,3,69,-66
108900158,414,17,397
108900159,13,113,-100
108900160,0,134,-134
108900161,10,116,-106
108900162,196,20,176
108900163,2,322,-320
108900164,28,23,5
108900165,49,26,23
108900167,315,7583,-7268
108900168,2931,1512,1419
108900169,21,21,0
108900171,1505,3019,-1514
108900172,151,58,93
108900173,95,114,-19
108900174,923,103,820
108900176,21,205,-184
108900177,1322,6089,-4767
108900178,1137,3380,-2243
108900179,105,1002,-897
108900180,103,147,-44
108900182,63,212,-149
108900183,59,73,-14
108900184,261,153,108
108900185,42,132,-90
108900186,29,110,-81
108900187,568,15,553
108900188,762,20,742
108900189,142,21,121
108900190,5,517,-512
108900191,66,140,-74
108900192,38,123,-85
108900193,14,10,4
108900194,4,79,-75
108900195,43,50,-7
108900196,11,92,-81
108900198,1,89,-88
108900199,92,110,-18
108900200,625,198,427
108900201,134,287,-153
108900203,386,31,355
108900204,290,7,283
108900205,190,16,174
108900206,282,46,236
108900207,209,168,41
108900208,21,96,-75
108900209,121,181,-60
108900210,148,86,62
108900211,77,289,-212
108900212,58,853,-795
108900215,36,121,-85
108900216,127,203,-76
108900217,74,0,74
108900218,35,17,18
108900219,25,4,21
108900220,11,16,-5
108900221,30,46,-16
108900222,154,13,141
108900223,4,78,-74
108900224,65,164,-99
108900225,0,115,-115
108900226,397,16,381
108900227,58,98,-40
108900230,59,72,-13
108900231,7,53,-46
108900232,7,71,-64
108900233,361,80,281
108900234,154,78,76
108900235,78,160,-82
108900236,12,158,-146
108900237,11,41,-30
108900240,95,28,67
108900241,66,47,19
108900245,2,1164,-1162
108900249,60,9,51
108900250,277,46,231
108900257,191,51,140
108900258,3,51,-48
108900259,2,25,-23
108900260,5,13,-8
108900261,9,15,-6
108900262,81,15,66
108900263,14,29,-15
108900264,43,55,-12
108900265,204,321,-117
108900266,83,609,-526
108900267,0,147,-147
108900268,8,9,-1
108900269,39,8,31
108900270,81,4,77
108900271,22,3,19
108900272,151,3,148
108900273,156,354,-198
108900274,24,10,14
109000001,2514,2230,284
109000002,247,1180,-933
109000003,2479,313,2166
109000004,186,797,-611
109000005,1561,273,1288
109000006,267,663,-396
109000007,1878,228,1650
109000008,308,558,-250
109000009,2835,434,2401
109000010,344,810,-466
109000011,3756,1155,2601
109000012,760,792,-32
109000013,4427,2940,1487
109000014,777,649,128
109000015,2715,7860,-5145
109000016,1124,755,369
109000017,3128,554,2574
109000018,458,707,-249
109000019,2043,567,1476
109000020,524,528,-4
109000023,86,5,81
109000024,15,130,-115
109000025,185,367,-182
109000026,165,98,67
109000027,79,266,-187
109000028,43,30,13
109000029,102,283,-181
109000030,25,99,-74
109000031,420,35,385
109000032,30,97,-67
109000033,632,85,547
109000034,25,19,6
109000035,3,7,-4
109000036,13,317,-304
109000037,233,2449,-2216
109000038,189,180,9
109000039,736,611,125
109000040,1434,12463,-11029
109000041,915,2156,-1241
109000042,341,1346,-1005
109000044,471,10,461
109000045,70,51,19
109000046,521,13,508
109000047,34,45,-11
109000048,268,117,151
109000049,53,31,22
109000050,319,114,205
109000051,44,8,36
109000052,356,356,0
109000053,291,86,205
109000054,32,210,-178
109000055,148,166,-18
109000056,94,92,2
109000057,831,324,507
109000058,164,70,94
109000059,34,618,-584
109000060,77,435,-358
109000061,132,1210,-1078
109000062,39,213,-174
109000063,129,30,99
109000064,445,30,415
109000065,219,61,158
109000066,431,38,393
109000067,51,45,6
109000068,376,23,353
109000069,341,10,331
109000070,6,330,-324
109000071,185,33,152
109000072,23,114,-91
109000073,24,115,-91
109000074,5,80,-75
109000075,31,41,-10
109000076,90,117,-27
109000077,195,133,62
109000078,46,72,-26
109000079,62,87,-25
109000080,146,44,102
109000081,110,127,-17
109000082,655,93,562
109000083,278,199,79
109000088,149,109,40
109000089,431,37,394
109000090,75,140,-65
109000091,557,39,518
109000092,134,89,45
109000093,429,66,363
109000094,951,2,949
109000095,142,195,-53
109000096,960,44,916
109000097,16,48,-32
109000098,42,87,-45
109000099,607,89,518
109000100,241,262,-21
109000101,1547,287,1260
109000102,352,190,162
109000103,503,109,394
109000104,2229,177,2052
109000105,259,306,-47
109000106,1462,201,1261
109000107,343,276,67
109000108,2067,243,1824
109000109,282,220,62
109000110,959,260,699
109000111,480,331,149
109000112,106,49,57
109000113,156,70,86
109000114,92,77,15
109000115,402,11,391
109000116,6,153,-147
109000117,117,39,78
109000118,1,140,-139
109000119,1687,67,1620
109000120,221,223,-2
109000121,744,9,735
109000122,119,220,-101
109000123,11,33,-22
109000124,716,72,644
109000125,986,131,855
109000126,270,219,51
109000127,1200,56,1144
109000128,378,324,54
109000129,2919,120,2799
109000130,228,304,-76
109000131,581,557,24
109000132,235,577,-342
109000133,74,259,-185
109000134,247,421,-174
109000135,204,362,-158
109000136,110,109,1
109000137,229,134,95
109000138,212,76,136
109000139,428,119,309
109000140,119,126,-7
109000141,361,163,198
109000142,39,175,-136
109000143,46,17,29
109000145,40,69,-29
109000146,22,30,-8
109000148,859,1118,-259
109000149,3,35,-32
109000150,23,95,-72
109000155,605,574,31
109000156,503,100,403
109000158,20,166,-146
109000159,33,128,-95
109000160,1261,90,1171
109000161,447,328,119
109000162,1735,154,1581
109000163,849,401,448
109000164,814,742,72
109000165,1179,277,902
109000166,909,79,830
109000167,57,95,-38
109000170,7,22,-15
109000171,66,6,60
109000172,12,16,-4
109000173,2,87,-85
109000174,242,21,221
109000175,32,33,-1
109000176,206,78,128
109000177,11,31,-20
109000178,415,13,402
109000179,1556,4134,-2578
109000180,1550,2039,-489
109000181,44,6,38
109000182,42,4,38
109000183,69,10,59
109000184,49,5,44
109000185,17,3,14
109000188,177,409,-232
109000189,2327,360,1967
109000190,373,215,158
109000191,300,212,88
109000192,505,58,447
109000193,305,63,242
109000194,220,19,201
109000195,276,46,230
109000196,171,10,161
109000197,173,99,74
109000198,337,22,315
109000199,39,61,-22
109000206,177,3,174
109000207,138,10,128
109000208,153,84,69
109000209,146,54,92
109000210,22,136,-114
109000211,1108,181,927
109000214,166,125,41
109000215,120,29,91
109000216,307,363,-56
109000217,40,55,-15
109000218,150,120,30
109000221,103,251,-148
109000222,455,32,423
109000223,378,322,56
109000224,93,49,44
109000225,208,10,198
109000226,21,37,-16
109000227,1775,141,1634
109000228,0,312,-312
109000231,0,52,-52
109000232,532,53,479
109000236,131,251,-120
109000241,1238,316,922
109000242,891,268,623
109000293,30,39,-9
109000361,47,106,-59
109000364,46,123,-77
109000396,3,181,-178
109000397,619,0,619
109000399,38,141,-103
109000400,63,90,-27
109000403,7,793,-786
109000406,495,2,493
109000407,22,48,-26
109000408,0,0,0
109000410,503,25,478
109000411,144,41,103
109900001,76,0,76
109900002,643,11,632
109900003,590,2,588
109900004,84,78,6
109900005,14,0,14
109900006,399,42,357
109900007,1159,107,1052
109900008,0,7,-7
109900009,69,170,-101
109900010,514,3,511
109900011,49,28,21
109900012,313,63,250
109900013,266,31,235
109900014,96,40,56
109900015,95,11,84
109900016,104,3,101
109900017,158,48,110
109900018,122,6,116
109900019,122,9,113
109900020,75,12,63
109900021,10,2,8
109900022,51,95,-44
109900023,30,1,29
109900024,12,0,12
109900025,0,10,-10
109900026,0,58,-58
109900027,20,5,15
109900028,243,1428,-1185
109900029,2,55,-53
109900030,3,15,-12
109900031,2,416,-414
109900032,8,59,-51
109900033,3,114,-111
109900034,4,6,-2
109900035,70,43,27
109900036,1,24,-23
109900037,12,138,-126
109900038,61,69,-8
109900039,4,0,4
109900040,6,131,-125
109900041,17,73,-56
109900042,18,130,-112
109900044,10,75,-65
109900045,83,48,35
109900046,94,16,78
109900047,76,115,-39
109900048,0,31,-31
109900049,15,22,-7
109900050,0,21,-21
109900051,0,5,-5
109900052,21,90,-69
109900053,0,54,-54
109900054,1309,64,1245
109900055,133,106,27
109900056,15,179,-164
109900057,1,28,-27
109900058,0,7,-7
109900059,1502,55,1447
109900060,711,25,686
109900061,33,33,0
109900062,0,31,-31
109900063,16,238,-222
109900064,420,30,390
109900065,69,44,25
109900066,62,165,-103
109900067,1,59,-58
109900068,65,8,57
109900069,0,7,-7
109900070,13,32,-19
109900071,0,8,-8
109900072,4,46,-42
109900073,527,79,448
109900074,3,8,-5
109900075,17,2,15
109900076,0,45,-45
109900077,10,13,-3
109900078,52,39,13
109900080,73,42,31
109900081,1,95,-94
109900082,28,52,-24
109900083,4,22,-18
109900084,27,78,-51
109900085,45,83,-38
109900086,77,636,-559
109900087,35,119,-84
109900089,618,34,584
109900090,166,198,-32
109900091,589,39,550
109900092,174,22,152
109900093,1019,64,955
109900094,11,34,-23
109900095,53,94,-41
109900096,27,7,20
109900097,90,1,89
109900098,600,6,594
109900099,387,1,386
109900100,38,0,38
109900101,1421,4,1417
109900102,280,19,261
109900103,0,28,-28
109900104,1057,129,928
109900105,597,19,578
109900106,373,34,339
109900107,575,28,547
109900108,78,91,-13
109900109,19,25,-6
109900110,33,73,-40
109900111,45,149,-104
109900112,119,86,33
109900113,724,232,492
109900114,99,791,-692
109900115,79,55,24
109900117,1258,39,1219
109900118,111,71,40
109900119,93,73,20
109900120,28,9,19
109900121,160,54,106
109900122,727,0,727
109900123,1,21,-20
109900124,29,50,-21
109900125,1,95,-94
109900126,460,5,455
109900128,355,6,349
109900130,1500,2411,-911
109900131,5,55,-50
109900132,4,81,-77
109900133,101,77,24
109900134,7,26,-19
109900135,61,8,53
109900136,10,20,-10
109900137,188,51,137
109900138,460,56,404
109900140,56,53,3
109900142,1931,128,1803
109900145,1,426,-425
109900146,15,46,-31
109900148,3,31,-28
109900149,11,20,-9
109900150,6,32,-26
109900151,14,29,-15
109900152,0,5,-5
109900153,1,13,-12
109900154,6,0,6
109900155,6,6,0
109900157,35,59,-24
109900158,27,8,19
109900159,77,6,71
109900160,64,17,47
109900161,232,40,192
109900162,177,25,152
109900163,181,79,102
109900164,75,130,-55
109900165,21,1,20
109900166,3,16,-13
109900167,79,109,-30
109900168,101,164,-63
109900169,171,31,140
109900170,62,1031,-969
109900171,298,62,236
109900172,186,144,42
109900173,685,1745,-1060
109900174,11,45,-34
109900175,33,29,4
109900176,33,21,12
109900177,18,18,0
109900178,0,30,-30
109900179,6,25,-19
109900180,0,5,-5
110000001,188,175,13
110000002,445,308,137
110000003,261,399,-138
110000004,330,371,-41
110000005,215,1889,-1674
110000006,159,213,-54
110000007,59,22,37
110000008,8,110,-102
110000009,2,3,-1
110000010,23,65,-42
110000011,10,9,1
110000012,225,135,90
110000013,58,343,-285
110000014,465,321,144
110000015,103,334,-231
110000016,217,894,-677
110000017,1508,182,1326
110000018,1332,204,1128
110000019,6,26,-20
110000020,164,100,64
110000021,80,87,-7
110000022,932,51,881
110000023,1,16,-15
110000024,310,211,99
110000025,710,5,705
110000026,0,67,-67
110000027,298,345,-47
110000028,685,169,516
110000029,228,147,81
110000030,201,300,-99
110000031,120,105,15
110000032,877,97,780
110000033,56,107,-51
110000034,785,173,612
110000035,286,179,107
110000036,1200,321,879
110000037,80,177,-97
110000038,174,567,-393
110000039,476,3955,-3479
110000040,263,176,87
110000041,363,2244,-1881
110000042,22,117,-95
110000043,620,237,383
110000044,44,69,-25
110000045,75,79,-4
110000046,1,38,-37
110000047,26,27,-1
110000048,1,73,-72
110000049,2,6,-4
110000050,5,60,-55
110000051,15,6,9
110000052,39,39,0
110000053,3,4,-1
110000054,71,249,-178
110000055,90,44,46
110000056,67,35,32
110000057,161,187,-26
110000058,417,232,185
110000059,340,216,124
110000060,843,383,460
110000061,304,324,-20
110000062,538,330,208
110000063,31,138,-107
110000064,55,23,32
110000065,167,96,71
110000066,63,5,58
110000067,46,29,17
110000068,179,33,146
110000069,584,8,576
110000071,495,9,486
110000073,4,6,-2
110000075,40,13,27
110000076,363,303,60
110000077,99,681,-582
110000078,94,7,87
110000080,94,95,-1
110000081,17,123,-106
110000082,4,148,-144
110000083,87,147,-60
110000084,920,754,166
110000085,405,494,-89
110000086,390,1440,-1050
110000087,23,4,19
110000088,174,79,95
110000089,267,23,244
110000090,90,150,-60
110000091,268,107,161
110000092,3,36,-33
110000093,10,12,-2
110000094,131,71,60
110000095,81,673,-592
110000096,647,1652,-1005
110000097,501,1515,-1014
110000098,1003,228,775
110000099,607,927,-320
110000100,1644,90,1554
110000101,99,55,44
110000102,68,49,19
110000104,246,90,156
110000105,86,106,-20
110000106,257,367,-110
110000107,95,167,-72
110000108,45,128,-83
110000109,67,112,-45
110000110,832,2008,-1176
110000111,1412,1975,-563
110000112,120,337,-217
110000113,66,1684,-1618
110000114,249,452,-203
110000115,485,116,369
110000116,47,30,17
110000117,475,73,402
110000118,780,74,706
110000119,553,74,479
110000120,247,35,212
110000121,51,329,-278
110000122,174,142,32
110000123,373,202,171
110000124,0,363,-363
110000125,364,9,355
110000126,158,3,155
110000127,579,5,574
110000128,3,377,-374
110000129,1,88,-87
110000130,192,85,107
110000131,94,62,32
110000132,0,144,-144
110000133,31,128,-97
110000134,37,174,-137
110000135,162,16,146
110000136,34,52,-18
110000137,631,167,464
110000138,654,144,510
110000139,937,175,762
110000140,488,307,181
110000143,174,175,-1
110000144,973,903,70
110000145,707,471,236
110000146,513,251,262
110000147,157,503,-346
110000148,575,124,451
110000151,257,614,-357
110000152,235,264,-29
110000153,424,6,418
110000154,15,58,-43
110000155,454,944,-490
110000156,370,557,-187
110000157,292,1301,-1009
110000160,136,115,21
110000161,89,92,-3
110000166,844,17,827
110000167,1408,339,1069
110000168,444,434,10
110000169,486,242,244
110000170,123,43,80
110000171,321,69,252
110000172,200,199,1
110000173,223,167,56
110000174,29,124,-95
110000175,1171,25,1146
110000176,18,573,-555
110000177,105,1076,-971
110000178,169,1979,-1810
110000179,686,126,560
110000180,201,117,84
110000181,791,150,641
110000182,86,75,11
110000183,2910,5968,-3058
110000184,149,2362,-2213
110000185,222,248,-26
110000186,300,437,-137
110000191,1262,241,1021
110000192,646,5,641
110000193,1159,4,1155
110000194,14,169,-155
110000195,501,36,465
110000196,526,42,484
110000197,121,15,106
110000198,57,16,41
110000199,42,54,-12
110000200,249,187,62
110000201,538,733,-195
110000202,732,300,432
110000203,119,143,-24
110000204,0,55,-55
110000205,343,45,298
110000206,152,231,-79
110000207,1417,99,1318
110000208,98,221,-123
110000209,52,170,-118
110000210,1304,189,1115
110000211,587,444,143
110000212,293,1110,-817
110000213,216,13,203
110000214,442,7,435
110000215,35,68,-33
110000216,50,73,-23
110000217,459,15,444
110000218,74,32,42
110000219,352,10,342
110000220,13,20,-7
110000221,452,4,448
110000222,52,62,-10
110000223,5,27,-22
110000224,2,0,2
110000225,132,228,-96
110000226,346,37,309
110000227,154,355,-201
110000228,266,31,235
110000229,0,59,-59
110000230,253,371,-118
110000231,180,204,-24
110000232,73,83,-10
110000233,65,146,-81
110000234,313,154,159
110000235,569,353,216
110000236,312,171,141
110000237,1227,560,667
110000238,698,358,340
110000239,967,298,669
110000240,0,14,-14
110000242,0,5,-5
110000243,118,38,80
110000244,38,101,-63
110000245,12,186,-174
110000246,888,150,738
110000247,690,648,42
110000248,802,279,523
110000249,153,11,142
110000250,8,61,-53
110000251,323,60,263
110000252,522,72,450
110000253,1461,147,1314
110000254,695,168,527
110000255,74,161,-87
110000256,369,105,264
110000257,133,107,26
110000258,0,102,-102
110000259,202,20,182
110000260,74,63,11
110000263,602,24,578
110000264,532,94,438
110000265,723,682,41
110000266,778,894,-116
110000267,16,27,-11
110000268,185,37,148
110000269,0,28,-28
110000270,72,0,72
110000271,731,74,657
110000272,627,458,169
110000273,547,484,63
110000274,172,2068,-1896
110000275,580,454,126
110000276,115,436,-321
110000277,377,96,281
110000278,248,260,-12
110000279,763,197,566
110000280,659,122,537
110000281,52,27,25
110000282,80,4,76
110000283,5,41,-36
110000284,0,3,-3
110000285,1,99,-98
110000286,23,0,23
110000287,113,2,111
110000288,0,49,-49
110000289,225,2111,-1886
110000290,285,594,-309
110000291,1295,525,770
110000292,339,5312,-4973
110000293,448,239,209
110000294,1412,1439,-27
110000295,59,232,-173
110000296,686,172,514
110000297,1906,89,1817
110000298,25,156,-131
110000299,164,28,136
110000301,391,13,378
110000302,309,234,75
110000303,564,6,558
110000304,141,59,82
110000305,1621,11,1610
110000306,388,265,123
110000307,2057,6,2051
110000308,603,4,599
110000309,0,220,-220
110000310,997,11,986
110000311,2,205,-203
110000312,479,36,443
110000313,1375,496,879
110000314,1,41,-40
110000315,754,922,-168
110000316,152,423,-271
110000317,116,210,-94
110000318,1,24,-23
110000319,5,3,2
110000320,1,33,-32
110000321,11,21,-10
110000322,109,149,-40
110000323,686,72,614
110000324,704,554,150
110000325,1077,3190,-2113
110000327,232,145,87
110000328,53,114,-61
110000333,786,671,115
110000334,162,383,-221
110000335,565,181,384
110000336,203,381,-178
110000337,1434,239,1195
110000338,300,150,150
110000339,543,73,470
110000340,36,48,-12
110000341,431,102,329
110000342,16,0,16
110000343,0,4,-4
110000344,22,139,-117
110000345,48,175,-127
110000346,718,869,-151
110000347,783,234,549
110000348,46,8,38
110000349,19,3,16
110000350,36,2,34
110000351,1440,202,1238
110000352,425,991,-566
110000353,1593,197,1396
110000354,416,1998,-1582
110000355,222,34,188
110000356,200,13,187
110000357,568,2,566
110000361,67,13,54
110000362,160,40,120
110000363,653,10,643
110000364,298,295,3
110000365,47,0,47
110000366,10,86,-76
110000367,262,106,156
110000368,2,65,-63
110000369,78,7,71
110000373,0,112,-112
110000374,58,20,38
110000375,29,349,-320
110000376,12,24,-12
110000377,89,244,-155
110000378,6,391,-385
110000379,1039,2081,-1042
110000380,113,11,102
110000383,0,177,-177
110000384,456,25,431
110000385,0,87,-87
110000387,175,1,174
110000388,26,79,-53
110000389,382,11,371
110000391,829,110,719
110000396,195,12,183
110000397,45,17,28
110000398,0,14,-14
110000399,91,1,90
110000587,243,101,142
110000589,243,36,207
110000640,103,16,87
110000652,5,197,-192
110000653,261,143,118
110000654,1,299,-298
110000656,0,109,-109
110000674,77,23,54
110000675,16,14,2
110000676,0,23,-23
110000679,24,312,-288
110000682,45,99,-54
110000683,136,96,40
110000684,0,35,-35
110000685,10,11,-1
110000686,1,44,-43
110000687,12,1,11
110000688,12,1053,-1041
110000689,37,15,22
110000692,4,49,-45
110000693,7,162,-155
110000694,0,35,-35
110000695,42,143,-101
110000696,15,30,-15
110900001,273,10,263
110900002,226,106,120
110900003,1365,78,1287
110900004,428,23,405
110900005,882,3371,-2489
110900006,58,34,24
110900007,208,114,94
110900008,2,36,-34
110900009,203,452,-249
110900010,3,15,-12
110900011,0,4,-4
110900012,5,40,-35
110900013,913,35,878
110900014,203,3,200
110900015,92,380,-288
110900016,71,64,7
110900017,475,11,464
110900018,430,7,423
110900019,345,18,327
110900020,273,58,215
110900021,113,108,5
110900022,96,85,11
110900023,15,94,-79
110900024,58,62,-4
110900025,6,10,-4
110900027,18,30,-12
110900028,2,13,-11
110900029,5,95,-90
110900030,0,13,-13
110900031,1,63,-62
110900032,0,25,-25
110900033,28,54,-26
110900035,8,349,-341
110900036,65,5,60
110900037,138,12,126
110900038,113,31,82
110900039,0,173,-173
110900040,170,5,165
110900041,15,5,10
110900042,39,30,9
110900043,16,12,4
110900044,46,3,43
110900045,57,92,-35
110900046,6,27,-21
110900047,53,342,-289
110900049,123,65,58
110900050,37,0,37
110900051,3,45,-42
110900052,0,110,-110
110900053,119,9,110
110900054,50,64,-14
110900055,4,0,4
110900056,8,70,-62
110900057,1,121,-120
110900058,288,27,261
110900059,252,156,96
110900060,259,40,219
110900061,1,25,-24
110900062,117,79,38
110900063,8,27,-19
110900064,12,0,12
110900065,43,22,21
110900066,5,8,-3
110900067,118,451,-333
110900068,90,52,38
110900069,5,11,-6
110900070,82,17,65
110900071,51,976,-925
110900073,0,5,-5
110900074,481,48,433
110900075,582,27,555
110900077,1281,66,1215
110900078,118,13,105
110900079,418,274,144
110900080,131,19,112
110900081,3,10,-7
110900082,184,39,145
110900083,86,39,47
110900084,73,13,60
110900085,33,99,-66
110900086,52,150,-98
110900087,322,33,289
110900088,4,0,4
110900090,12,94,-82
110900091,0,7,-7
110900093,113,71,42
110900095,47,7,40
110900097,15,1,14
110900098,2,21,-19
110900099,3,70,-67
110900100,0,5,-5
110900102,40,40,0
110900105,307,72,235
110900108,20,53,-33
110900111,138,27,111
110900112,509,3,506
110900113,102,47,55
110900115,1,22,-21
110900116,1250,335,915
110900118,27,3428,-3401
110900119,1061,44,1017
110900120,167,23,144
110900121,52,1,51
110900122,365,71,294
110900125,198,465,-267
110900127,92,377,-285
110900128,38,64,-26
110900129,40,484,-444
110900130,89,221,-132
110900131,242,24,218
110900132,534,5,529
110900133,41,34,7
110900135,28,76,-48
110900136,405,17,388
110900137,3,0,3
110900138,140,200,-60
110900139,0,45,-45
110900140,5,0,5
110900141,3,65,-62
110900142,23,32,-9
110900143,312,23,289
110900144,0,128,-128
110900145,162,86,76
110900146,146,218,-72
110900147,23,60,-37
110900148,0,20,-20
110900149,0,8,-8
110900150,16,8,8
110900151,1,16,-15
110900152,24,32,-8
110900153,140,20,120
111000001,407,431,-24
111000002,339,509,-170
111000003,1636,836,800
111000004,397,877,-480
111000005,616,835,-219
111000006,602,1328,-726
111000007,2723,2279,444
111000008,1919,2955,-1036
111000009,299,648,-349
111000010,1104,363,741
111000011,76,551,-475
111000012,211,402,-191
111000013,225,635,-410
111000014,1563,308,1255
111000017,12,523,-511
111000018,61,265,-204
111000020,237,640,-403
111000021,28,60,-32
111000023,45,56,-11
111000025,1515,1966,-451
111000029,42,18,24
111000030,11,20,-9
111000031,1238,658,580
111000032,426,157,269
111000033,162,65,97
111000034,171,88,83
111000037,451,462,-11
111000038,882,636,246
111000039,748,569,179
111000040,822,573,249
111000041,114,189,-75
111000042,1145,1129,16
111000043,1574,2730,-1156
111000044,1437,307,1130
111000045,2520,1109,1411
111000046,1450,948,502
111000047,2231,5055,-2824
111000049,65,127,-62
111000050,343,283,60
111000051,266,191,75
111000052,223,295,-72
111000053,115,235,-120
111000054,117,206,-89
111000055,466,568,-102
111000056,134,265,-131
111000057,65,237,-172
111000058,702,48,654
111000059,569,191,378
111000060,3562,413,3149
111000061,647,115,532
111000062,1024,195,829
111000063,1073,629,444
111000064,1087,223,864
111000065,1249,365,884
111000066,696,191,505
111000067,1002,132,870
111000068,655,158,497
111000069,665,830,-165
111000070,408,253,155
111000071,96,95,1
111000072,1187,450,737
111000073,129,990,-861
111000074,1272,673,599
111000075,550,159,391
111000076,592,191,401
111000077,796,408,388
111000078,1041,231,810
111000079,611,207,404
111000080,392,230,162
111000081,1176,3789,-2613
111000082,719,197,522
111000084,644,261,383
111000085,565,552,13
111000086,1026,337,689
111000087,538,241,297
111000088,2139,2571,-432
111000089,529,384,145
111000090,338,461,-123
111000091,502,148,354
111000092,1573,321,1252
111000093,919,507,412
111000094,946,476,470
111000095,606,1814,-1208
111000096,581,5510,-4929
111000097,1359,460,899
111000098,112,293,-181
111000099,175,521,-346
111000100,372,442,-70
111000101,212,362,-150
111000102,98,143,-45
111000104,1045,36,1009
111000107,33,260,-227
111000109,836,74,762
111000110,1182,380,802
111000111,3112,111,3001
111000112,2238,85,2153
111000113,753,1724,-971
111000114,658,2800,-2142
111000115,2005,530,1475
111000116,481,246,235
111000117,260,254,6
111000118,585,332,253
111000119,1221,336,885
111000120,590,299,291
111000121,285,302,-17
111000122,204,237,-33
111000123,648,700,-52
111000124,363,803,-440
111000125,175,320,-145
111000126,80,155,-75
111000127,949,37,912
111000128,2475,124,2351
111000129,2828,148,2680
111000130,2523,142,2381
111000131,2398,180,2218
111000132,1963,1241,722
111000133,67,19,48
111000134,80,18,62
111000135,103,108,-5
111000136,372,74,298
111000138,24,10,14
111000140,0,0,0
111000141,100,203,-103
111000142,2,75,-73
111000143,0,120,-120
111000144,4,264,-260
111000145,11,1,10
111000146,124,0,124
111000147,33,12,21
111000148,100,40,60
111000149,1,85,-84
111000150,63,12,51
111000151,1,6,-5
111000153,242,111,131
111000154,174,95,79
111000155,109,52,57
111000156,439,128,311
111000157,140,285,-145
111000158,590,375,215
111000159,1347,434,913
111000160,364,93,271
111000161,1,226,-225
111000162,1,52,-51
111000163,584,393,191
111000164,209,1409,-1200
111000165,420,114,306
111000166,125,69,56
111000167,81,101,-20
111000168,167,110,57
111000169,145,116,29
111000170,112,101,11
111000171,226,147,79
111000172,57,143,-86
111000173,142,414,-272
111000174,288,73,215
111000175,66,66,0
111000176,464,40,424
111000177,1082,104,978
111000178,2082,105,1977
111000179,349,30,319
111000180,347,222,125
111000181,1696,107,1589
111000182,289,83,206
111000183,101,249,-148
111000184,263,58,205
111000185,124,87,37
111000186,153,197,-44
111000187,107,49,58
111000188,246,96,150
111000189,99,129,-30
111000190,92,53,39
111000191,100,65,35
111000192,64,183,-119
111000193,120,73,47
111000194,55,44,11
111000195,40,88,-48
111000196,57,41,16
111000197,494,21,473
111000198,365,22,343
111000199,369,112,257
111000200,704,197,507
111000201,757,25,732
111000202,390,39,351
111000203,328,67,261
111000204,191,1068,-877
111000213,124,157,-33
111000214,686,598,88
111000215,572,349,223
111000217,1339,295,1044
111000218,1359,435,924
111000219,149,87,62
111000220,493,396,97
111000221,80,100,-20
111000224,2,100,-98
111000225,386,158,228
111000226,14,1,13
111000227,26,0,26
111000228,3,755,-752
111000229,1,1895,-1894
111000230,77,79,-2
111000231,558,98,460
111000232,648,159,489
111000233,1435,186,1249
111000234,202,290,-88
111000239,30,22,8
111000240,53,321,-268
111000241,37,91,-54
111000242,310,50,260
111000243,141,119,22
111000244,788,58,730
111000245,496,64,432
111000246,763,69,694
111000247,419,104,315
111000248,609,88,521
111000249,429,114,315
111000250,53,30,23
111000251,111,62,49
111000253,44,4,40
111000255,30,3,27
111000257,37,5,32
111000260,35,410,-375
111000261,1396,18,1378
111000271,29,137,-108
111000273,1393,525,868
111000274,1015,1491,-476
111000275,74,9,65
111000276,136,342,-206
111000277,192,114,78
111000278,303,84,219
111000291,951,8774,-7823
111000298,370,87,283
111000299,482,82,400
111000300,18,86,-68
111000302,309,48,261
111000303,183,37,146
111000312,48,39,9
111000315,1,102,-101
111000320,73,91,-18
111000321,399,79,320
111000322,373,95,278
111000323,382,41,341
111000324,253,81,172
111000325,18,32,-14
111000326,155,96,59
111000327,279,148,131
111000328,370,308,62
111000329,0,7,-7
111000330,20,6,14
111000331,10,6,4
111000332,348,259,89
111000334,138,357,-219
111000335,990,61,929
111000337,1736,62,1674
111000338,39,16,23
111000339,777,46,731
111000340,59,202,-143
111000341,1491,590,901
111000342,7,567,-560
111000344,827,238,589
111000345,54,158,-104
111000346,10,88,-78
111000347,103,0,103
111000350,56,137,-81
111000351,74,227,-153
111000352,174,55,119
111000353,71,120,-49
111000354,338,31,307
111000355,184,137,47
111000358,116,254,-138
111000360,99,203,-104
111000361,197,89,108
111000546,536,68,468
111000547,475,69,406
111000548,110,44,66
111000549,181,31,150
111000550,4,477,-473
111000551,84,33,51
111000552,184,94,90
111000907,317,7,310
111000908,45,2,43
111000916,2449,63,2386
111000917,29,204,-175
111000918,85,162,-77
111000920,435,11,424
111000921,0,28,-28
111000922,613,22,591
111000924,5,200,-195
111000925,3319,1306,2013
111000926,883,544,339
111000927,2106,2754,-648
111000928,2289,702,1587
111000929,1962,495,1467
111000930,769,705,64
111000931,2139,800,1339
111000932,1723,761,962
111000933,2309,1790,519
111000934,640,801,-161
111000935,2197,737,1460
111000936,585,605,-20
111000937,1124,799,325
111000938,551,490,61
111000939,643,6,637
111000940,1051,17,1034
111000941,425,46,379
111000943,918,99,819
111000944,99,78,21
111000945,132,326,-194
111001109,343,629,-286
111001110,65,116,-51
111001111,116,1,115
111001112,184,3,181
111001113,2,119,-117
111001114,248,58,190
111001115,1,218,-217
111001116,836,4875,-4039
111001117,84,1508,-1424
111001120,65,52,13
111001121,98,42,56
111001122,196,72,124
111001123,454,40,414
111001124,37,14,23
111900001,103,7,96
111900002,54,53,1
111900003,1,60,-59
111900004,0,18,-18
111900006,25,35,-10
111900007,232,1,231
111900008,331,0,331
111900009,255,1,254
111900010,32,147,-115
111900012,44,21,23
111900013,35,7,28
111900014,1032,5102,-4070
111900015,0,42,-42
111900016,0,24,-24
111900017,0,13,-13
111900018,221,3,218
111900019,1,142,-141
111900020,5,20,-15
111900021,8,17,-9
111900022,15,2,13
111900023,99,9,90
111900024,8,7,1
111900025,0,28,-28
111900026,0,32,-32
111900027,0,9,-9
111900028,0,48,-48
111900029,0,17,-17
111900030,10,177,-167
111900031,49,20,29
111900032,0,69,-69
111900033,1,11,-10
111900034,26,164,-138
111900035,64,479,-415
111900036,0,48,-48
111900038,45,129,-84
111900039,8,94,-86
111900040,4,118,-114
111900042,12,45,-33
111900043,0,60,-60
111900044,31,74,-43
111900046,11,45,-34
111900048,352,128,224
111900049,8,75,-67
111900050,222,8,214
111900051,0,52,-52
111900052,104,97,7
111900053,341,2158,-1817
111900054,324,4,320
111900055,4,69,-65
111900056,45,343,-298
111900057,182,3,179
111900058,601,183,418
111900059,678,599,79
111900060,379,1,378
111900061,4,36,-32
111900062,16,43,-27
111900063,187,85,102
111900064,41,71,-30
111900065,257,18,239
111900066,204,82,122
111900067,0,81,-81
111900068,26,34,-8
111900069,57,7,50
111900070,208,36,172
111900071,0,35,-35
111900072,21,32,-11
111900073,1170,114,1056
111900074,0,33,-33
111900075,27,1,26
111900076,243,40,203
111900077,75,0,75
111900078,449,55,394
111900079,23,30,-7
111900080,57,64,-7
111900081,106,94,12
111900082,178,23,155
111900083,184,32,152
111900084,95,1,94
111900085,33,35,-2
111900086,190,4,186
111900087,163,3,160
111900088,660,6,654
111900089,71,5,66
111900090,62,37,25
111900091,843,11,832
111900092,234,0,234
111900093,523,5,518
111900094,99,2,97
111900095,366,5,361
111900096,362,2,360
111900097,144,0,144
111900098,433,4,429
111900099,71,0,71
111900100,129,2,127
111900101,218,4,214
111900102,774,112,662
111900103,42,33,9
111900104,92,18,74
111900105,63,180,-117
111900106,163,14,149
111900107,2,41,-39
111900108,124,293,-169
111900109,136,535,-399
111900110,881,147,734
111900111,339,19,320
111900112,192,3746,-3554
111900113,204,41,163
111900114,64,22,42
111900115,2,8,-6
111900118,238,27,211
111900119,88,47,41
111900122,12,34,-22
111900123,36,13,23
111900124,16,29,-13
111900125,523,75,448
111900126,408,2,406
111900127,0,89,-89
111900128,1,92,-91
111900129,378,34,344
111900130,153,64,89
111900131,453,0,453
111900132,3,188,-185
111900133,0,69,-69
111900134,18,52,-34
111900135,2,30,-28
111900136,10,40,-30
111900137,45,15,30
111900138,34,25,9
111900139,17,37,-20
111900140,66,4,62
111900141,124,1,123
111900142,58,8,50
111900143,56,33,23
111900144,0,16,-16
111900145,0,78,-78
111900146,1,38,-37
111900147,7,74,-67
111900148,2,123,-121
111900149,8,59,-51
111900150,1,20,-19
111900151,2,14,-12
111900152,23,12,11
111900153,202,531,-329
111900154,19,605,-586
111900155,42,69,-27
111900156,66,60,6
111900157,187,15,172
111900158,541,40,501
111900159,525,49,476
111900160,286,2,284
111900161,470,2,468
111900162,65,231,-166
111900163,5,74,-69
111900164,36,12,24
111901113,665,11,654
111901114,282,285,-3
111901115,228,3,225
111901116,47,1,46
111901117,12,58,-46
111901118,6,415,-409
111901119,202,12,190
111901120,13,42,-29
111901121,19,48,-29
111901122,2,85,-83
111901123,402,78,324
111901124,375,5,370
111901125,1153,143,1010
111901126,152,117,35
111901127,508,1396,-888
111901128,8,22,-14
111901129,6,44,-38
111901130,3,75,-72
111901131,0,272,-272
111901132,59,20,39
111901133,67,0,67
111901134,217,2,215
111901135,43,2,41
111901136,106,42,64
111901137,0,10,-10
111901138,13,11,2
111901139,0,35,-35
111901140,12,42,-30
111901141,1,42,-41
111901142,0,41,-41
111901143,1,67,-66
111901144,26,8,18
111901145,15,120,-105
111901146,6,0,6
112000001,2731,717,2014
112000002,895,1755,-860
112000003,3048,522,2526
112000004,709,202,507
112000005,3115,2849,266
112000006,403,259,144
112000007,4054,2631,1423
112000008,2373,3150,-777
112000009,1623,892,731
112000010,2374,3041,-667
112000011,845,677,168
112000012,2536,2987,-451
112000013,1180,1118,62
112000014,551,2150,-1599
112000015,960,1736,-776
112000016,1261,2023,-762
112000017,344,1772,-1428
112000024,772,175,597
112000026,1642,1205,437
112000027,467,311,156
112000028,562,421,141
112000029,496,468,28
112000030,131,15,116
112000031,580,1987,-1407
112000032,126,9,117
112000033,804,1975,-1171
112000034,119,38,81
112000035,50,351,-301
112000036,170,635,-465
112000037,280,422,-142
112000038,526,507,19
112000039,84,37,47
112000040,10,85,-75
112000041,96,239,-143
112000042,219,57,162
112000050,1002,413,589
112000051,762,1206,-444
112000054,610,472,138
112000057,198,69,129
112000058,111,152,-41
112000059,301,217,84
112000061,1276,369,907
112000062,349,557,-208
112000063,172,1151,-979
112000064,1338,1166,172
112000065,581,618,-37
112000066,1600,798,802
112000067,231,227,4
112000068,1887,1213,674
112000069,294,673,-379
112000070,694,482,212
112000071,507,710,-203
112000072,1911,576,1335
112000073,444,908,-464
112000074,642,459,183
112000075,840,671,169
112000076,1546,934,612
112000077,704,272,432
112000078,1538,463,1075
112000079,1361,830,531
112000080,527,381,146
112000081,440,741,-301
112000082,853,239,614
112000083,530,705,-175
112000084,1222,263,959
112000085,1085,1060,25
112000086,1642,531,1111
112000087,778,135,643
112000088,583,282,301
112000089,127,139,-12
112000090,91,156,-65
112000091,301,217,84
112000092,2361,367,1994
112000093,797,246,551
112000094,562,359,203
112000095,631,112,519
112000096,640,188,452
112000097,1731,254,1477
112000098,232,325,-93
112000099,601,1414,-813
112000100,2060,286,1774
112000101,384,154,230
112000102,1727,279,1448
112000103,291,221,70
112000105,257,301,-44
112000106,2083,275,1808
112000107,46,116,-70
112000108,284,749,-465
112000109,70,56,14
112000110,1631,341,1290
112000111,285,719,-434
112000112,1699,207,1492
112000113,357,537,-180
112000114,1815,255,1560
112000115,282,112,170
112000116,480,235,245
112000117,573,243,330
112000118,156,307,-151
112000119,168,221,-53
112000120,30,119,-89
112000121,119,104,15
112000122,435,22,413
112000123,690,37,653
112000124,463,50,413
112000125,116,100,16
112000126,458,239,219
112000127,1056,1364,-308
112000128,366,261,105
112000129,96,30,66
112000130,238,49,189
112000131,18,25,-7
112000132,133,81,52
112000133,360,39,321
112000134,422,145,277
112000135,913,299,614
112000136,479,429,50
112000137,1172,586,586
112000138,768,316,452
112000139,247,326,-79
112000140,80,280,-200
112000141,867,139,728
112000142,64,180,-116
112000143,1134,100,1034
112000144,231,376,-145
112000145,2545,218,2327
112000146,480,855,-375
112000147,1776,808,968
112000148,500,1261,-761
112000149,360,199,161
112000150,210,120,90
112000151,253,112,141
112000152,566,124,442
112000153,79,54,25
112000154,87,193,-106
112000155,56,43,13
112000157,214,399,-185
112000158,193,86,107
112000159,951,149,802
112000167,126,144,-18
112000169,69,563,-494
112000173,1265,138,1127
112000175,398,123,275
112000176,816,572,244
112000177,911,184,727
112000178,32,126,-94
112000179,314,52,262
112000180,342,111,231
112000181,619,350,269
112000182,1803,278,1525
112000183,42,9,33
112000184,542,150,392
112000185,819,104,715
112000187,2291,1492,799
112000195,98,6,92
112000196,70,0,70
112000197,40,136,-96
112000198,16,88,-72
112000199,248,229,19
112000202,501,0,501
112000216,34,75,-41
112000230,159,0,159
112000231,0,60,-60
112000256,50,215,-165
112000313,30,15,15
112000314,14,39,-25
112000337,81,372,-291
112000352,29,80,-51
112000392,691,328,363
112000398,1460,212,1248
112000399,530,3112,-2582
112000400,597,388,209
112000401,752,541,211
112000402,3076,3158,-82
112000403,694,3557,-2863
112000404,977,573,404
112000405,2727,2108,619
112000406,1002,778,224
112000407,7035,5846,1189
112000408,2855,1038,1817
112000409,676,834,-158
112000410,75,233,-158
112000411,1698,1109,589
112000412,321,144,177
112000413,1906,5054,-3148
112000414,106,74,32
112000415,74,9,65
112000416,2795,348,2447
112000417,195,32,163
112000421,77,51,26
112000422,215,71,144
112000424,373,1436,-1063
112000425,251,1111,-860
112000426,213,255,-42
112000427,7,11,-4
112000428,306,100,206
112000429,1221,857,364
112000430,1490,1603,-113
112000431,65,105,-40
112000432,223,999,-776
112000433,186,239,-53
112000437,28,84,-56
112900001,117,0,117
112900002,788,138,650
112900003,98,21,77
112900004,59,135,-76
112900005,250,5,245
112900006,7,31,-24
112900007,66,37,29
112900008,0,21,-21
112900009,314,172,142
112900010,264,121,143
112900011,42,27,15
112900012,0,12,-12
112900013,0,179,-179
112900014,1,30,-29
112900015,64,173,-109
112900016,10,44,-34
112900017,35,109,-74
112900018,0,57,-57
112900019,5,30,-25
112900020,154,211,-57
112900021,0,84,-84
112900022,28,13,15
112900023,0,15,-15
112900024,2,20,-18
112900025,34,102,-68
112900026,2,35,-33
112900027,2,142,-140
112900028,10,26,-16
112900029,7,72,-65
112900030,51,16,35
112900031,6,79,-73
112900032,48,45,3
112900034,1,23,-22
112900035,2,43,-41
112900036,12,23,-11
112900037,41,152,-111
112900038,610,37,573
112900039,3,64,-61
112900040,1,136,-135
112900041,86,559,-473
112900042,88,166,-78
112900043,10,21,-11
112900044,86,83,3
112900045,51,55,-4
112900046,60,22,38
112900047,0,15,-15
112900049,161,18,143
112900050,22,236,-214
112900051,50,141,-91
112900052,6,814,-808
112900053,25,76,-51
112900054,52,44,8
112900055,60,5,55
112900056,134,142,-8
112900057,6,214,-208
112900058,259,153,106
112900059,68,63,5
112900060,15,44,-29
112900061,45,27,18
112900062,38,65,-27
112900063,4,18,-14
112900064,34,14,20
112900065,14,9,5
112900066,217,277,-60
112900067,247,9,238
112900068,30,57,-27
112900069,473,630,-157
112900071,13,5,8
112900072,19,2623,-2604
112900073,309,125,184
112900074,40,351,-311
112900075,261,790,-529
112900076,27,19,8
112900078,163,495,-332
112900079,267,9,258
112900080,127,6,121
112900081,67,233,-166
112900082,553,3,550
112900083,118,117,1
112900084,192,206,-14
112900085,0,1,-1
112900086,135,0,135
112900087,1104,70,1034
112900088,237,5,232
112900089,837,10,827
112900090,93,60,33
112900091,221,5,216
112900092,38,390,-352
112900093,965,12,953
112900094,138,3,135
112900095,116,1,115
112900096,485,100,385
112900097,53,63,-10
112900098,42,0,42
112900099,1003,4,999
112900100,119,7,112
112900101,332,2,330
112900102,48,55,-7
112900103,248,0,248
112900104,70,0,70
112900105,10,0,10
112900106,217,61,156
112900107,12,1,11
112900108,0,2,-2
112900109,179,0,179
112900110,1341,12,1329
112900111,638,1,637
112900112,336,0,336
112900113,0,4,-4
112900114,332,24,308
112900115,1903,5,1898
112900116,66,1,65
112900117,126,4,122
112900118,2,6,-4
112900119,144,2,142
112900120,207,117,90
112900121,304,5,299
112900122,2,11,-9
112900123,108,25,83
112900124,0,10,-10
112900125,7,74,-67
112900126,25,53,-28
112900127,253,38,215
112900128,22,154,-132
112900129,0,229,-229
112900130,84,23,61
112900131,12,379,-367
112900132,23,207,-184
112900133,16,807,-791
112900134,0,86,-86
112900135,58,17,41
112900136,0,132,-132
112900137,1,251,-250
112900138,0,34,-34
112900139,10,308,-298
112900140,3,307,-304
112900141,508,5,503
112900142,23,84,-61
112900143,9,293,-284
112900144,11,1248,-1237
112900145,2,130,-128
112900146,0,52,-52
112900147,1,188,-187
112900148,28,1,27
112900149,69,172,-103
112900151,0,15,-15
112900152,4140,161,3979
112900153,133,1319,-1186
112900154,0,28,-28
112900155,54,2,52
112900156,350,252,98
112900157,395,1,394
112900158,74,0,74
112900159,131,141,-10
112900160,32,77,-45
112900161,86,11,75
112900162,3,16,-13
112900163,1,47,-46
112900164,4,79,-75
112900165,23,9,14
112900166,3,40,-37
112900167,9,24,-15
112900168,14,0,14
112900169,17,13,4
112900170,167,6,161
112900172,39,23,16
112900173,59,16,43
112900174,234,32,202
112900175,56,120,-64
112900176,19,73,-54
112900177,220,51,169
112900178,263,2379,-2116
112900179,8,422,-414
112900180,1615,1811,-196
112900181,808,5,803
112900182,31,170,-139
112900183,40,45,-5
112900184,107,183,-76
112900185,50,140,-90
112900186,545,382,163
112900187,11,277,-266
112900188,395,691,-296
112900189,9,0,9
112900190,8,0,8
112900192,329,175,154
112900193,392,74,318
112900194,78,2,76
112900195,315,17,298
112900196,201,110,91
112900197,25,194,-169
112900199,410,50,360
112900200,324,23,301
112900201,187,35,152
112900202,252,209,43
112900203,176,48,128
112900204,164,65,99
112900205,14,1,13
112900206,30,14,16
112900207,50,0,50
112900208,45,131,-86
112900209,41,69,-28
112900210,0,2,-2
112900211,20,9,11
112900212,0,7,-7
112900213,17,0,17
112900214,1,4,-3
112900215,24,8,16
112900216,34,7,27
112900217,0,2,-2
112900218,70,1,69
112900219,102,2,100
112900220,0,0,0
112900221,25,21,4
112900222,0,21,-21
112900223,464,9,455
112900224,735,84,651
112900225,393,47,346
112900226,77,50,27
112900227,839,269,570
112900228,165,34,131
112900229,373,28,345
112900230,2881,1111,1770
112900232,254,251,3
112900233,20,24,-4
112900234,80,1,79
112900235,1,4,-3
112900236,619,2,617
112900237,258,82,176
112900238,21,0,21
112900239,83,385,-302
113000001,2643,2006,637
113000002,2615,1853,762
113000003,743,794,-51
113000004,848,1008,-160
113000005,909,445,464
113000006,689,682,7
113000007,1337,382,955
113000008,889,512,377
113000009,746,240,506
113000010,779,398,381
113000011,369,592,-223
113000012,615,306,309
113000013,286,293,-7
113000014,272,517,-245
113000015,57,107,-50
113000016,114,362,-248
113000017,138,189,-51
113000018,384,59,325
113000019,144,82,62
113000020,164,38,126
113000021,1009,351,658
113000022,702,806,-104
113000025,17,64,-47
113000026,449,513,-64
113000027,413,770,-357
113000028,386,417,-31
113000029,366,330,36
113000030,68,243,-175
113000031,65,122,-57
113000032,135,93,42
113000033,179,155,24
113000034,74,77,-3
113000035,7,3,4
113000036,34,18,16
113000037,21,9,12
113000038,5,32,-27
113000039,7,140,-133
113000040,35,20,15
113000042,281,188,93
113000051,603,1394,-791
113000052,953,162,791
113000053,318,160,158
113000054,258,435,-177
113000055,1299,127,1172
113000056,1535,337,1198
113000058,198,343,-145
113000059,758,114,644
113000060,157,253,-96
113000061,250,380,-130
113000062,202,164,38
113000063,316,30,286
113000064,140,78,62
113000065,113,176,-63
113000066,765,51,714
113000067,2168,264,1904
113000068,339,213,126
113000069,298,191,107
113000070,2261,169,2092
113000071,309,129,180
113000072,705,97,608
113000073,235,436,-201
113000074,517,195,322
113000075,1319,308,1011
113000076,109,1080,-971
113000077,348,404,-56
113000078,224,676,-452
113000079,131,262,-131
113000080,180,365,-185
113000081,536,510,26
113000082,489,249,240
113000083,458,403,55
113000084,544,330,214
113000085,681,268,413
113000086,383,348,35
113000087,598,674,-76
113000088,643,566,77
113000089,400,649,-249
113000090,120,335,-215
113000091,108,118,-10
113000094,747,138,609
113000095,120,141,-21
113000096,27,241,-214
113000097,493,148,345
113000098,27,3,24
113000099,528,124,404
113000100,73,107,-34
113000101,47,155,-108
113000102,351,155,196
113000103,1739,234,1505
113000104,473,1311,-838
113000105,543,143,400
113000106,223,83,140
113000107,631,511,120
113000108,555,256,299
113000109,219,818,-599
113000110,1907,404,1503
113000111,129,258,-129
113000112,312,133,179
113000113,945,260,685
113000114,118,493,-375
113000116,198,236,-38
113000117,226,178,48
113000118,25,354,-329
113000119,178,215,-37
113000120,43,257,-214
113000121,326,302,24
113000124,203,51,152
113000125,20,859,-839
113000127,587,70,517
113000128,909,178,731
113000129,163,345,-182
113000133,834,118,716
113000134,2,798,-796
113000135,2322,2192,130
113000137,521,1806,-1285
113000139,123,77,46
113000140,65,37,28
113000141,103,36,67
113000142,145,86,59
113000143,208,52,156
113000144,46,69,-23
113000145,122,58,64
113000146,17,6,11
113000147,107,17,90
113000148,274,39,235
113000149,98,96,2
113000150,155,138,17
113000151,3,9,-6
113000152,19,198,-179
113000153,379,98,281
113000154,220,767,-547
113000155,217,351,-134
113000156,81,91,-10
113000157,93,177,-84
113000158,195,28,167
113000159,471,86,385
113000160,223,184,39
113000161,194,151,43
113000162,443,32,411
113000163,76,17,59
113000164,3,6,-3
113000166,158,5,153
113000167,57,17,40
113000168,142,29,113
113000169,181,7,174
113000170,80,21,59
113000171,23,31,-8
113000172,238,8,230
113000173,34,19,15
113000174,26,51,-25
113000175,385,9,376
113000176,557,15,542
113000177,76,51,25
113000178,55,60,-5
113000179,193,40,153
113000180,739,1085,-346
113000181,1121,623,498
113000182,46,149,-103
113000183,210,392,-182
113000184,1,9,-8
113000189,97,167,-70
113000190,257,67,190
113000192,471,1915,-1444
113000193,997,1157,-160
113000194,393,1022,-629
113000195,919,988,-69
113000196,405,89,316
113000197,953,1265,-312
113000198,13,147,-134
113000199,737,248,489
113000201,168,242,-74
113000202,3000,762,2238
113000203,38,393,-355
113000204,146,1485,-1339
113000205,9,2,7
113000206,9,7,2
113000207,31,12,19
113000208,34,10,24
113000209,12,11,1
113000210,6,11,-5
113000211,28,26,2
113000212,16,2,14
113000213,8,43,-35
113000214,67,61,6
113000234,86,189,-103
113000410,35,119,-84
113000411,653,1228,-575
113000412,2436,897,1539
113000413,1292,1236,56
113000414,1947,6096,-4149
113000415,859,535,324
113000416,1270,1020,250
113000417,363,537,-174
113000418,2418,2078,340
113000419,822,1088,-266
113000420,1776,2572,-796
113000421,2581,3894,-1313
113000422,5542,4047,1495
113000423,778,1717,-939
113000424,896,4926,-4030
113000425,3,48,-45
113000428,95,20,75
113000430,21,92,-71
113000432,2163,120,2043
113000433,111,315,-204
113000434,6,57,-51
113000435,19,91,-72
113000436,5,370,-365
113000437,965,28,937
113000438,243,10,233
113000439,3,30,-27
113000440,112,9,103
113000441,163,104,59
113000442,59,21,38
113000443,336,39,297
113000444,214,23,191
113000445,124,43,81
113000446,17,61,-44
113000448,123,106,17
113000449,78,519,-441
113000450,162,1475,-1313
113000451,851,157,694
113000452,54,271,-217
113000453,3,205,-202
113000454,75,89,-14
113000455,1,295,-294
113000456,372,842,-470
113000468,496,119,377
113000469,50,205,-155
113000470,115,9,106
113000471,2,183,-181
113000472,41,37,4
113000474,1034,439,595
113000475,646,646,0
113000476,1296,1161,135
113000477,4638,1116,3522
113000478,1426,1695,-269
113000479,46,45,1
113000480,84,101,-17
113000485,0,0,0
113000486,0,0,0
113000487,0,0,0
113000488,0,0,0
113000489,0,0,0
113000490,0,0,0
113000491,0,0,0
113000492,0,0,0
113000493,0,0,0
113000495,90,35,55
113000496,68,67,1
113000497,0,0,0
113000499,0,0,0
113000500,0,0,0
113900001,0,205,-205
113900002,1,23,-22
113900003,0,23,-23
113900004,1,36,-35
113900005,1,62,-61
113900006,2,11,-9
113900007,9,64,-55
113900008,21,0,21
113900009,24,0,24
113900010,14,1,13
113900011,71,0,71
113900012,22,1,21
113900013,13,1,12
113900014,343,2,341
113900015,0,5,-5
113900016,24,0,24
113900017,0,20,-20
113900018,45,102,-57
113900019,211,9,202
113900020,162,0,162
113900022,18,0,18
113900023,16,0,16
113900024,31,3,28
113900025,102,16,86
113900026,48,1,47
113900027,0,11,-11
113900028,4,108,-104
113900029,45,32,13
113900030,303,2,301
113900031,30,0,30
113900032,20,0,20
113900033,14,2,12
113900035,35,3,32
113900036,15,7,8
113900037,95,247,-152
113900038,21,103,-82
113900039,232,4,228
113900040,10,4,6
113900041,2,0,2
113900042,38,1,37
113900043,60,24,36
113900044,16,142,-126
113900045,65,14,51
113900046,28,264,-236
113900047,86,8,78
113900048,25,39,-14
113900049,55,366,-311
113900050,77,56,21
113900051,97,31,66
113900052,70,20,50
113900053,216,409,-193
113900054,10,0,10
113900055,18,142,-124
113900056,50,14,36
113900057,4,16,-12
113900058,51,13,38
113900059,55,32,23
113900060,41,146,-105
113900061,181,35,146
113900062,60,6,54
113900063,43,8,35
113900064,6,9,-3
113900065,352,9,343
113900066,298,30,268
113900067,173,38,135
113900068,229,516,-287
113900069,10,5,5
113900070,60,96,-36
113900071,80,15,65
113900072,3,12,-9
113900073,269,124,145
113900074,108,105,3
113900075,213,1203,-990
113900076,107,4,103
113900077,11,72,-61
113900078,34,50,-16
113900079,0,7,-7
113900080,250,52,198
113900081,10,9,1
113900082,49,56,-7
113900083,356,70,286
113900084,34,9,25
113900085,5,46,-41
113900086,46,17,29
113900087,38,97,-59
113900088,74,135,-61
113900089,197,9,188
113900090,143,123,20
113900091,4,1,3
113900092,1,7,-6
113900093,11,426,-415
113900094,363,97,266
113900095,97,14,83
113900096,202,35,167
113900097,12,12,0
113900098,558,67,491
113900099,0,4,-4
113900100,0,0,0
113900101,1,28,-27
113900102,2,48,-46
113900103,78,218,-140
113900104,58,19,39
113900105,144,26,118
113900106,0,1,-1
113900107,0,5,-5
113900108,17,47,-30
113900109,33,51,-18
113900110,9,2,7
113900111,55,23,32
113900112,87,6,81
113900113,378,47,331
113900114,0,8,-8
113900115,0,6,-6
113900116,0,77,-77
113900117,25,1,24
113900118,60,385,-325
113900119,62,149,-87
113900120,100,21,79
113900121,72,11,61
113900122,128,2274,-2146
113900123,252,19,233
113900124,1,15,-14
113900125,284,37,247
113900126,8,11,-3
113900127,84,327,-243
113900128,93,12,81
113900129,1,79,-78
113900130,0,12,-12
113900131,71,8,63
113900132,11,18,-7
113900133,13,9,4
113900135,197,87,110
113900136,16,2,14
113900137,159,92,67
113900138,5,78,-73
113900139,61,99,-38
113900140,41,119,-78
113900141,302,93,209
113900142,55,9,46
113900143,1,37,-36
113900144,36,46,-10
113900145,154,10,144
113900146,147,18,129
113900148,44,76,-32
113900149,56,28,28
113900150,447,73,374
113900151,278,26,252
113900152,10,39,-29
113900153,100,91,9
113900154,0,36,-36
113900155,9,41,-32
113900156,29,61,-32
113900157,20,189,-169
113900158,59,64,-5
113900159,0,64,-64
113900160,127,60,67
113900161,28,129,-101
113900162,37,84,-47
113900163,165,44,121
113900164,289,20,269
113900165,109,96,13
113900166,8,11,-3
113900167,231,48,183
113900168,11,15,-4
113900169,47,78,-31
113900171,140,28,112
113900172,4,16,-12
113900173,15,86,-71
113900174,53,132,-79
113900175,137,78,59
113900176,72,82,-10
113900177,52,45,7
113900178,153,54,99
113900179,5,146,-141
113900180,35,19,16
113900181,614,77,537
113900182,200,69,131
113900183,13,7,6
113900184,5,228,-223
113900185,14,6,8
113900186,2,5,-3
113900187,7,13,-6
113900188,2,39,-37
113900189,160,85,75
113900190,67,14,53
113900191,11,45,-34
113900192,0,261,-261
113900193,0,99,-99
113900194,444,90,354
113900195,82,51,31
113900196,0,26,-26
113900197,0,52,-52
113900198,0,57,-57
113900199,15,67,-52
113900200,2,19,-17
113900201,0,41,-41
113900202,24,43,-19
113900203,0,31,-31
113900204,3,87,-84
113900205,2,27,-25
113900206,1,51,-50
113900207,1,51,-50
113900208,0,9,-9
113900209,0,12,-12
113900210,87,162,-75
113900211,148,8,140
113900212,239,103,136
113900214,59,66,-7
113900215,126,8,118
113900216,83,60,23
113900217,56,78,-22
113900218,35,49,-14
113900219,64,125,-61
113900220,46,70,-24
113900221,76,193,-117
113900222,9,254,-245
113900223,145,90,55
113900224,7,7,0
113900225,205,32,173
113900226,104,30,74
113900227,104,80,24
113900228,93,203,-110
113900229,3,357,-354
113900230,676,1035,-359
113900231,58,36,22
113900232,42,14,28
113900233,57,25,32
113900234,121,164,-43
113900235,32,4,28
113900236,402,38,364
113900237,76,16,60
113900238,79,225,-146
113900239,24,26,-2
113900240,3,52,-49
113900241,8,4,4
113900242,7,10,-3
113900243,5,29,-24
113900244,96,54,42
113900245,179,39,140
113900246,3,19,-16
113900247,28,270,-242
113900248,425,827,-402
113900249,90,350,-260
113900250,8,79,-71
113900251,765,32,733
113900252,439,14,425
113900253,315,24,291
113900254,281,47,234
113900255,543,12,531
113900256,352,15,337
113900257,8,97,-89
113900258,2,210,-208
113900259,428,77,351
113900260,116,7,109
113900261,52,15,37
113900262,167,97,70
113900263,3,41,-38
113900264,0,64,-64
113900265,41,81,-40
113900266,30,52,-22
113900267,23,152,-129
113900268,81,121,-40
113900269,22,71,-49
113900270,34,180,-146
113900271,154,98,56
113900273,8,16,-8
113900274,66,26,40
113900275,0,15,-15
113900276,0,56,-56
113900277,172,0,172
113900278,48,30,18
113900279,9,6,3
113900280,241,144,97
113900281,42,533,-491
113900282,120,130,-10
113900283,100,176,-76
113900284,659,77,582
113900285,74,19,55
113900286,44,56,-12
113900287,38,9,29
113900288,0,21,-21
113900289,122,91,31
113900290,64,242,-178
113900291,24,43,-19
113900292,0,3,-3
113900293,7,43,-36
113900294,521,6,515
113900295,116,54,62
113900296,573,191,382
113900297,1067,7,1060
113900298,3,194,-191
113900299,123,43,80
113900300,1855,2380,-525
113900301,110,323,-213
113900302,775,261,514
113900303,49,480,-431
113900304,0,30,-30
113900305,138,0,138
113900306,45,0,45
113900307,0,0,0
113900308,5,11,-6
113900309,0,218,-218
113900310,0,3,-3
113900311,11,0,11
113900312,30,58,-28
113900313,3,0,3
114000001,484,617,-133
114000002,242,164,78
114000003,72,53,19
114000004,488,81,407
114000005,396,47,349
114000006,578,287,291
114000007,415,416,-1
114000008,837,606,231
114000009,1173,102,1071
114000011,2086,817,1269
114000012,3487,673,2814
114000013,1676,566,1110
114000014,164,30,134
114000015,1504,60,1444
114000016,161,25,136
114000017,68,717,-649
114000018,56,8,48
114000026,2500,523,1977
114000027,3622,1221,2401
114000028,1239,1984,-745
114000038,293,65,228
114000039,30,11,19
114000040,78,308,-230
114000042,56,119,-63
114000043,23,36,-13
114000044,384,7,377
114000045,5,5,0
114000046,580,1475,-895
114000047,2,60,-58
114000048,77,35,42
114000049,1514,592,922
114000050,1157,450,707
114000051,1820,1052,768
114000052,1771,1482,289
114000053,6,335,-329
114000054,126,256,-130
114000055,227,20,207
114000056,23,180,-157
114000057,1491,867,624
114000058,23,334,-311
114000059,21,424,-403
114000060,221,233,-12
114000061,910,958,-48
114000062,180,402,-222
114000063,387,402,-15
114000064,890,1742,-852
114000065,556,664,-108
114000066,456,370,86
114000067,3,723,-720
114000068,163,385,-222
114000069,907,200,707
114000070,1053,821,232
114000071,623,103,520
114000072,717,88,629
114000073,28,40,-12
114000074,76,7,69
114000075,117,45,72
114000076,19,32,-13
114000077,1,24,-23
114000078,252,138,114
114000079,325,27,298
114000080,57,38,19
114000081,41,53,-12
114000082,39,86,-47
114000083,50,14,36
114000084,92,99,-7
114000085,53,162,-109
114000086,215,91,124
114000087,162,5,157
114000088,81,12,69
114000089,196,100,96
114000090,626,486,140
114000091,386,440,-54
114000092,258,139,119
114000093,904,189,715
114000094,426,160,266
114000095,245,195,50
114000096,42,187,-145
114000097,52,125,-73
114000098,878,66,812
114000099,481,60,421
114000100,1858,201,1657
114000101,302,162,140
114000102,822,144,678
114000103,80,120,-40
114000104,6,53,-47
114000105,172,46,126
114000106,348,1197,-849
114000107,395,51,344
114000108,919,326,593
114000109,531,1038,-507
114000110,413,297,116
114000111,1736,615,1121
114000112,199,1077,-878
114000113,1214,483,731
114000114,179,1032,-853
114000115,1299,805,494
114000116,940,582,358
114000117,3756,280,3476
114000118,2864,214,2650
114000119,2516,239,2277
114000120,701,475,226
114000121,280,259,21
114000122,306,65,241
114000123,2091,135,1956
114000124,1104,194,910
114000125,678,643,35
114000126,1220,150,1070
114000127,141,66,75
114000128,755,179,576
114000130,311,358,-47
114000131,451,18,433
114000132,388,107,281
114000133,409,311,98
114000134,25,0,25
114000138,2,5,-3
114000139,303,75,228
114000144,464,276,188
114000145,19,2,17
114000146,41,13,28
114000147,580,1534,-954
114000148,755,819,-64
114000149,156,121,35
114000150,65,80,-15
114000151,156,1395,-1239
114000152,32,7,25
114000153,231,571,-340
114000154,233,131,102
114000155,484,1997,-1513
114000156,502,305,197
114000157,181,764,-583
114000158,300,241,59
114000159,119,88,31
114000160,59,143,-84
114000161,482,824,-342
114000162,769,1167,-398
114000163,14,1,13
114000165,178,120,58
114000166,150,197,-47
114000167,1349,890,459
114000168,230,111,119
114000169,548,751,-203
114000170,512,532,-20
114000171,1568,4173,-2605
114000174,96,130,-34
114000176,154,112,42
114000177,379,195,184
114000178,43,34,9
114000179,555,343,212
114000180,211,156,55
114000181,837,3279,-2442
114000182,622,1033,-411
114000183,325,214,111
114000184,251,273,-22
114000185,941,544,397
114000189,1573,119,1454
114000190,2952,367,2585
114000191,65,331,-266
114000192,88,365,-277
114000193,167,515,-348
114000194,1500,668,832
114000195,381,187,194
114000196,0,68,-68
114000197,1924,8,1916
114000198,265,156,109
114000199,448,830,-382
114000200,331,486,-155
114000201,168,327,-159
114000202,582,494,88
114000203,583,810,-227
114000204,52,117,-65
114000205,250,585,-335
114000206,405,576,-171
114000207,285,451,-166
114000208,426,468,-42
114000209,264,473,-209
114000210,189,447,-258
114000211,1637,635,1002
114000212,1068,1000,68
114000213,1899,370,1529
114000214,83,25,58
114000215,96,32,64
114000216,1422,487,935
114000217,373,180,193
114000218,284,81,203
114000219,1335,121,1214
114000220,22,243,-221
114000221,1276,146,1130
114000222,155,334,-179
114000223,599,67,532
114000224,51,278,-227
114000225,269,149,120
114000226,349,128,221
114000227,1105,442,663
114000228,940,320,620
114000229,1362,821,541
114000230,1528,534,994
114000231,886,952,-66
114000232,961,123,838
114000233,2049,68,1981
114000234,1260,434,826
114000235,1471,879,592
114000236,0,193,-193
114000237,89,356,-267
114000238,42,257,-215
114000239,66,463,-397
114000240,711,1138,-427
114000241,255,358,-103
114000242,576,379,197
114000243,1545,1008,537
114000244,357,189,168
114000245,442,791,-349
114000246,47,32,15
114000247,441,397,44
114000248,1254,440,814
114000249,953,298,655
114000250,791,224,567
114000251,228,114,114
114000252,38,12,26
114000253,31,63,-32
114000254,20,2,18
114000255,162,176,-14
114000256,146,379,-233
114000257,404,471,-67
114000258,306,114,192
114000259,147,124,23
114000260,0,3,-3
114000261,94,13,81
114000262,241,28,213
114000263,0,2,-2
114000264,1383,111,1272
114000265,0,8,-8
114000267,3,1618,-1615
114000268,4,544,-540
114000270,171,3,168
114000271,159,167,-8
114000283,1392,186,1206
114000285,6,63,-57
114000288,105,78,27
114000289,1583,63,1520
114000293,258,96,162
114000294,162,303,-141
114000395,1499,32,1467
114000396,377,147,230
114000402,704,184,520
114000403,461,113,348
114000405,321,131,190
114000423,493,116,377
114000424,618,134,484
114000425,1273,95,1178
114000426,394,665,-271
114000427,79,16,63
114000428,30,64,-34
114000429,24,47,-23
114000432,77,16,61
114000434,18,14,4
114000435,1,13,-12
114000436,1125,187,938
114000437,515,5718,-5203
114900001,502,104,398
114900002,201,47,154
114900003,611,215,396
114900004,214,331,-117
114900005,297,186,111
114900006,35,76,-41
114900007,116,3,113
114900008,453,26,427
114900010,383,1045,-662
114900011,354,37,317
114900013,217,33,184
114900015,54,359,-305
114900018,459,13,446
114900020,34,39,-5
114900022,12,266,-254
114900024,97,78,19
114900025,557,63,494
114900026,61,117,-56
114900027,157,74,83
114900029,35,17,18
114900030,270,58,212
114900031,485,10,475
114900032,559,7,552
114900033,244,1554,-1310
114900034,8,29,-21
114900035,28,115,-87
114900036,112,97,15
114900037,73,17,56
114900038,120,142,-22
114900039,578,50,528
114900040,144,35,109
114900041,1031,27,1004
114900042,865,70,795
114900043,513,34,479
114900044,99,28,71
114900046,15,27,-12
114900047,37,2328,-2291
114900048,12,183,-171
114900049,15,45,-30
114900050,17,41,-24
114900051,11,86,-75
114900052,14,66,-52
114900053,24,97,-73
114900054,10,28,-18
114900057,51,5,46
114900058,0,26,-26
114900059,196,34,162
114900060,76,225,-149
114900061,11,11,0
114900062,36,81,-45
114900063,43,7,36
114900064,1312,68,1244
114900065,256,496,-240
114900067,21,49,-28
114900068,14,67,-53
114900069,73,32,41
114900070,455,85,370
114900072,4,38,-34
114900073,2,22,-20
114900074,948,52,896
114900075,222,2,220
114900076,8,40,-32
114900080,331,96,235
114900082,1210,1210,0
114900083,48,178,-130
114900090,588,62,526
114900091,36,69,-33
114900095,48,41,7
114900096,25,129,-104
114900097,112,0,112
114900098,1,45,-44
114900099,195,26,169
115000001,1697,1188,509
115000002,2623,4519,-1896
115000003,1830,900,930
115000004,3346,4221,-875
115000005,847,1125,-278
115000006,1087,718,369
115000007,58,169,-111
115000008,229,267,-38
115000009,140,116,24
115000010,173,144,29
115000013,5,62,-57
115000015,5,69,-64
115000016,62,170,-108
115000019,36,491,-455
115000020,49,648,-599
115000021,51,275,-224
115000022,200,102,98
115000023,393,337,56
115000024,271,82,189
115000025,612,317,295
115000026,161,81,80
115000027,288,191,97
115000028,225,120,105
115000029,722,41,681
115000030,287,229,58
115000031,481,97,384
115000032,1,26,-25
115000033,48,12,36
115000034,62,286,-224
115000035,541,74,467
115000036,0,123,-123
115000037,553,81,472
115000038,34,120,-86
115000039,1119,1950,-831
115000040,1566,1316,250
115000041,646,2481,-1835
115000042,294,249,45
115000043,2113,1330,783
115000044,1607,1440,167
115000045,1664,518,1146
115000046,2514,1359,1155
115000047,2384,799,1585
115000048,1341,875,466
115000049,946,1282,-336
115000050,2090,739,1351
115000051,941,2915,-1974
115000052,620,846,-226
115000053,1803,2056,-253
115000054,516,531,-15
115000055,131,574,-443
115000056,172,159,13
115000057,461,831,-370
115000058,48,306,-258
115000059,143,322,-179
115000061,125,150,-25
115000062,218,337,-119
115000063,461,170,291
115000064,187,59,128
115000065,68,396,-328
115000067,139,17,122
115000069,90,183,-93
115000070,24,916,-892
115000071,99,14,85
115000072,17,44,-27
115000073,1183,81,1102
115000075,68,51,17
115000076,1145,742,403
115000077,1183,571,612
115000078,1017,383,634
115000079,941,512,429
115000080,2466,630,1836
115000081,157,228,-71
115000082,3299,2486,813
115000083,1732,585,1147
115000084,2866,378,2488
115000085,667,262,405
115000086,913,298,615
115000087,394,787,-393
115000088,1005,355,650
115000089,873,615,258
115000090,278,514,-236
115000091,162,274,-112
115000092,696,408,288
115000093,587,2,585
115000094,2527,5589,-3062
115000095,1824,4325,-2501
115000096,729,347,382
115000097,1479,967,512
115000098,1238,263,975
115000099,1980,745,1235
115000100,1504,269,1235
115000101,352,425,-73
115000102,467,136,331
115000103,255,320,-65
115000105,128,43,85
115000106,716,211,505
115000107,94,156,-62
115000108,1026,839,187
115000109,1715,4413,-2698
115000110,715,1383,-668
115000111,158,366,-208
115000112,454,297,157
115000113,254,298,-44
115000114,340,187,153
115000116,983,945,38
115000117,853,901,-48
115000118,798,788,10
115000119,615,913,-298
115000120,273,743,-470
115000121,326,294,32
115000122,408,837,-429
115000123,353,864,-511
115000124,434,611,-177
115000125,268,489,-221
115000126,72,310,-238
115000127,259,121,138
115000128,204,563,-359
115000129,166,363,-197
115000130,281,202,79
115000131,525,124,401
115000132,261,110,151
115000133,549,94,455
115000134,273,50,223
115000135,105,57,48
115000136,104,77,27
115000137,54,40,14
115000138,202,106,96
115000139,108,36,72
115000140,407,82,325
115000141,97,63,34
115000142,77,54,23
115000143,661,292,369
115000144,288,35,253
115000145,134,80,54
115000146,285,143,142
115000147,184,99,85
115000148,134,237,-103
115000149,405,165,240
115000150,298,118,180
115000151,880,188,692
115000152,410,180,230
115000153,884,195,689
115000154,777,162,615
115000155,434,311,123
115000156,300,408,-108
115000157,166,193,-27
115000158,123,113,10
115000159,130,218,-88
115000160,240,354,-114
115000161,428,234,194
115000162,364,725,-361
115000163,165,237,-72
115000164,180,265,-85
115000165,143,325,-182
115000167,35,4,31
115000168,377,148,229
115000169,154,386,-232
115000170,35,203,-168
115000171,220,385,-165
115000172,579,545,34
115000173,173,695,-522
115000174,45,309,-264
115000175,75,148,-73
115000176,23,144,-121
115000177,26,226,-200
115000178,5,171,-166
115000179,9,98,-89
115000180,77,189,-112
115000181,650,122,528
115000182,958,166,792
115000183,492,167,325
115000186,305,48,257
115000187,238,89,149
115000188,283,153,130
115000189,252,311,-59
115000190,434,332,102
115000191,195,360,-165
115000194,70,21,49
115000195,64,47,17
115000196,188,22,166
115000197,150,76,74
115000198,580,41,539
115000199,479,76,403
115000200,374,32,342
115000201,107,66,41
115000206,559,11,548
115000207,118,45,73
115000208,94,283,-189
115000209,535,355,180
115000210,187,69,118
115000211,71,124,-53
115000212,565,369,196
115000224,207,14,193
115000225,69,16,53
115000229,102,74,28
115000230,22,126,-104
115000231,311,392,-81
115000232,2070,249,1821
115000233,66,59,7
115000234,32,111,-79
115000241,45,50,-5
115000242,194,57,137
115000243,29,39,-10
115000244,1,56,-55
115000246,35,10,25
115000247,3,5,-2
115000248,28,2,26
115000249,4,4,0
115000250,253,2,251
115000251,279,24,255
115000252,53,99,-46
115000253,18,327,-309
115000258,175,32,143
115000259,64,16,48
115000261,17,5,12
115000262,1,6,-5
115000263,0,20,-20
115000264,1,9,-8
115000267,4,11,-7
115000268,32,37,-5
115000269,42,27,15
115000270,1,25,-24
115000272,45,17,28
115000273,346,14,332
115000280,538,482,56
115000281,89,925,-836
115000282,380,1821,-1441
115000284,78,146,-68
115000296,258,15,243
115000297,28,494,-466
115000298,9,531,-522
115000300,101,182,-81
115000302,303,12,291
115000303,734,31,703
115000304,847,47,800
115000305,103,80,23
115000306,308,57,251
115000307,187,76,111
115000308,22,4,18
115000309,2,70,-68
115000310,1361,245,1116
115000311,1034,426,608
115000313,55,121,-66
115000314,413,125,288
115000315,239,534,-295
115000316,20,98,-78
115000317,113,190,-77
115000318,881,224,657
115000319,57,66,-9
115000320,8,428,-420
115000321,468,21,447
115000322,69,46,23
115000449,130,107,23
115000557,1,1851,-1850
115000558,49,58,-9
115000587,657,168,489
115000588,1086,1202,-116
115000589,2242,1545,697
115000590,305,671,-366
115000591,837,378,459
115000592,389,700,-311
115000593,1365,277,1088
115000594,405,1392,-987
115000609,163,42,121
115000617,257,2102,-1845
115000624,302,6,296
115000633,369,877,-508
115000634,1923,332,1591
115000635,336,50,286
115000638,168,222,-54
115000641,46,121,-75
115000642,227,109,118
115000643,30,157,-127
115000644,82,166,-84
115000646,329,573,-244
115000647,57,207,-150
115000648,1847,386,1461
115000893,698,381,317
115000894,80,500,-420
115000895,127,376,-249
115000896,502,193,309
115000897,187,27,160
115000898,162,160,2
115000899,96,867,-771
115000900,13,113,-100
115000901,25,219,-194
115000912,240,55,185
115000913,1,3,-2
115000915,10,0,10
115000916,15,7,8
115000917,0,16,-16
115000918,18,623,-605
115000919,1,31,-30
115000920,5,19,-14
115000921,92,24,68
115000922,169,351,-182
115000923,30,995,-965
115000925,83,89,-6
115000927,25,28,-3
115000933,14,256,-242
115000934,85,180,-95
115000935,95,21,74
115000936,10,588,-578
115000937,92,125,-33
115000938,4,22,-18
115000939,2,24,-22
115900001,271,4,267
115900002,21,40,-19
115900003,196,20,176
115900004,0,15,-15
115900005,291,5,286
115900006,90,40,50
115900008,208,1,207
115900009,30,27,3
115900010,502,10,492
115900011,217,51,166
115900012,314,2,312
115900013,320,45,275
115900014,88,44,44
115900015,226,7,219
115900016,36,10,26
115900017,46,29,17
115900018,105,6,99
115900019,71,7,64
115900020,135,0,135
115900021,279,136,143
115900022,210,4,206
115900023,6,36,-30
115900025,24,58,-34
115900026,457,32,425
115900027,0,66,-66
115900028,159,12,147
115900029,3,76,-73
115900030,24,7,17
115900031,22,168,-146
115900032,85,158,-73
115900033,0,21,-21
115900034,22,49,-27
115900035,38,2,36
115900036,11,944,-933
115900037,18,115,-97
115900038,17,3,14
115900039,156,42,114
115900041,61,564,-503
115900042,75,1,74
115900043,68,28,40
115900044,51,274,-223
115900046,387,59,328
115900047,51,174,-123
115900049,151,67,84
115900051,4,9,-5
115900052,3,108,-105
115900053,283,21,262
115900054,387,20,367
115900055,18,66,-48
115900056,121,31,90
115900057,1,29,-28
115900058,7,35,-28
115900060,15,27,-12
115900061,262,2,260
115900062,27,76,-49
115900063,24,0,24
115900064,75,121,-46
115900065,97,9,88
115900066,45,30,15
115900067,15,54,-39
115900068,1009,1431,-422
115900069,14,98,-84
115900070,121,18,103
115900071,0,183,-183
115900072,7,39,-32
115900073,156,75,81
115900074,1,65,-64
115900075,28,69,-41
115900076,1,31,-30
115900077,2,46,-44
115900078,11,61,-50
115900079,479,6,473
115900080,81,16,65
115900081,12,14,-2
115900082,74,108,-34
115900084,713,10,703
115900085,13,20,-7
115900086,422,115,307
115900088,0,48,-48
115900089,346,120,226
115900090,528,9,519
115900091,0,13,-13
115900092,46,22,24
115900093,1,4,-3
115900094,10,75,-65
115900096,0,2,-2
115900097,6,186,-180
115900098,269,47,222
115900099,46,94,-48
115900100,6,199,-193
115900101,169,65,104
115900102,93,34,59
115900103,206,43,163
115900104,84,29,55
115900105,262,90,172
115900106,78,5,73
115900107,102,34,68
115900108,163,8,155
115900109,3,177,-174
115900110,8,0,8
115900111,0,24,-24
115900112,30,173,-143
115900113,57,1,56
115900114,1,44,-43
115900115,103,22,81
115900116,56,190,-134
115900117,71,2,69
115900118,2,101,-99
115900119,141,38,103
115900120,27,52,-25
115900121,221,47,174
115900124,142,605,-463
115900125,400,69,331
115900126,824,13,811
115900127,643,8,635
115900128,0,126,-126
115900129,244,6,238
115900130,2,342,-340
115900131,338,6,332
115900132,482,5,477
115900134,268,4,264
115900135,206,349,-143
115900137,44,2,42
115900139,7,42,-35
115900140,513,26,487
115900141,1,15,-14
115900142,2,9,-7
115900143,160,81,79
115900144,104,60,44
115900146,11,44,-33
115900147,58,260,-202
115900148,21,9,12
115900149,101,7,94
115900150,136,7,129
115900151,32,32,0
115900152,95,75,20
115900153,90,62,28
115900154,83,161,-78
115900155,0,11,-11
115900156,285,304,-19
115900157,245,240,5
115900158,12,1,11
115900159,201,45,156
115900160,0,0,0
115900161,17,77,-60
115900163,231,56,175
115900164,691,8,683
115900165,1,149,-148
115900166,23,23,0
115900168,327,22,305
115900171,68,123,-55
115900172,56,30,26
115900173,84,80,4
115900174,64,77,-13
115900175,136,43,93
115900178,39,137,-98
115900179,305,3,302
115900180,67,49,18
115900181,121,24,97
115900182,532,38,494
115900183,9,82,-73
115900184,111,2,109
115900187,0,228,-228
115900189,0,71,-71
115900190,107,436,-329
115900191,13,58,-45
115900192,5,75,-70
115900193,55,38,17
115900194,575,12,563
115900195,139,1849,-1710
115900198,125,88,37
115900199,182,32,150
115900200,96,28,68
115900201,127,179,-52
115900202,8,136,-128
115900203,0,8,-8
115900204,0,41,-41
115900205,1,4,-3
115900206,378,18,360
115900207,42,2,40
115900208,106,15,91
115900209,29,32,-3
115900210,0,106,-106
115900211,0,24,-24
115900212,144,38,106
115900213,37,173,-136
115900214,457,102,355
115900215,8,180,-172
115900216,1,34,-33
115900217,13,9,4
115900218,0,4,-4
115900219,180,10,170
115900220,291,4,287
115900221,280,5,275
115900222,132,16,116
115900223,0,339,-339
115900224,294,1504,-1210
115900225,69,30,39
115900226,10,9,1
115900227,7,8,-1
115900228,1,5,-4
115900229,4,4,0
115900230,30,27,3
115900231,112,0,112
115900232,21,1,20
115900233,110,2,108
115900234,28,12,16
115900235,9,15,-6
115900236,3,51,-48
115900237,16,8,8
115900238,9,8,1
115900239,4,9,-5
115900240,6,7,-1
115900241,245,12,233
115900242,233,274,-41
115900243,1,7,-6
115900244,4,5,-1
115900245,72,1,71
115900246,0,1,-1
115900247,1,0,1
115900248,1,0,1
115900249,1,3,-2
115900250,43,9,34
115900251,2,0,2
115900252,1,0,1
115900253,3,2,1
115900254,7,14,-7
115900255,0,7,-7
115900256,13,18,-5
115900257,6,12,-6
115900258,0,0,0
115900259,25,2,23
115900260,1,0,1
115900261,1,0,1
115900262,10,0,10
115900263,1,0,1
115900264,2,0,2
115900265,14,1,13
115900266,31,11,20
115900267,1,1,0
115900268,0,2,-2
115900269,943,42,901
115900270,262,68,194
115900271,189,1,188
115900272,68,1,67
115900273,19,21,-2
115900274,1,0,1
115900275,0,2,-2
115900276,0,2,-2
115900277,0,27,-27
115900278,52,10,42
115900279,10,116,-106
115900280,13,516,-503
115900281,54,178,-124
115900282,5,20,-15
116000001,2520,1023,1497
116000002,2526,11188,-8662
116000003,500,428,72
116000004,2703,4718,-2015
116000005,463,1372,-909
116000006,1262,2379,-1117
116000007,860,982,-122
116000008,2835,1474,1361
116000009,516,826,-310
116000010,2403,893,1510
116000011,384,685,-301
116000012,1264,576,688
116000013,2759,1470,1289
116000014,5340,14023,-8683
116000015,33,584,-551
116000016,1733,4532,-2799
116000017,28,359,-331
116000018,127,93,34
116000019,729,160,569
116000020,271,282,-11
116000021,571,140,431
116000022,291,135,156
116000023,850,678,172
116000024,485,219,266
116000025,559,404,155
116000026,767,1117,-350
116000027,260,399,-139
116000028,391,677,-286
116000029,332,209,123
116000030,465,468,-3
116000031,15,16,-1
116000032,239,28,211
116000033,544,154,390
116000034,474,429,45
116000035,152,110,42
116000036,81,377,-296
116000037,130,181,-51
116000038,42,284,-242
116000039,132,272,-140
116000040,285,384,-99
116000041,31,252,-221
116000042,500,345,155
116000043,30,172,-142
116000044,0,22,-22
116000045,830,711,119
116000046,712,554,158
116000047,1007,1385,-378
116000048,1865,740,1125
116000049,1579,1034,545
116000050,908,523,385
116000051,2051,951,1100
116000052,1822,1289,533
116000053,2193,275,1918
116000054,734,797,-63
116000055,408,294,114
116000056,1371,643,728
116000057,1079,237,842
116000058,1557,1693,-136
116000059,1224,3751,-2527
116000060,1068,606,462
116000061,137,1151,-1014
116000062,273,188,85
116000063,292,1122,-830
116000066,158,565,-407
116000067,125,201,-76
116000068,119,243,-124
116000069,125,111,14
116000078,370,703,-333
116000080,816,337,479
116000082,1,29,-28
116000083,1410,204,1206
116000084,773,1008,-235
116000085,996,1206,-210
116000086,611,280,331
116000087,2526,1162,1364
116000088,704,506,198
116000089,110,49,61
116000090,161,138,23
116000091,159,400,-241
116000093,642,137,505
116000094,783,235,548
116000095,574,156,418
116000096,1068,1444,-376
116000097,629,271,358
116000098,67,6112,-6045
116000099,2922,169,2753
116000100,248,10,238
116000101,1145,126,1019
116000102,264,285,-21
116000103,307,211,96
116000104,179,455,-276
116000105,1033,75,958
116000106,398,637,-239
116000107,1711,233,1478
116000108,10,579,-569
116000111,149,32,117
116000113,122,11,111
116000114,13,71,-58
116000115,232,49,183
116000116,175,124,51
116000117,1290,689,601
116000118,917,400,517
116000119,3182,1020,2162
116000120,1280,1324,-44
116000121,1043,297,746
116000122,486,326,160
116000123,1844,206,1638
116000124,268,242,26
116000125,2565,204,2361
116000126,185,289,-104
116000127,381,368,13
116000128,2014,322,1692
116000129,984,111,873
116000130,684,270,414
116000133,1523,163,1360
116000134,825,437,388
116000135,2504,568,1936
116000136,397,582,-185
116000137,863,371,492
116000138,403,147,256
116000139,1305,2398,-1093
116000140,201,217,-16
116000141,342,458,-116
116000142,3079,1800,1279
116000143,1889,1373,516
116000144,1789,1290,499
116000145,2466,837,1629
116000146,678,90,588
116000147,181,186,-5
116000148,600,491,109
116000149,239,246,-7
116000151,575,312,263
116000153,108,276,-168
116000155,114,294,-180
116000156,460,310,150
116000157,65,1,64
116000158,255,65,190
116000159,1,3,-2
116000160,69,34,35
116000161,10,70,-60
116000162,34,204,-170
116000163,69,17,52
116000164,13,5,8
116000177,45,429,-384
116000194,45,211,-166
116000195,1249,264,985
116000196,38,5,33
116000197,37,33,4
116000198,1117,665,452
116000200,352,525,-173
116000201,490,184,306
116000202,10,71,-61
116000203,0,16,-16
116000204,1,15,-14
116000205,0,87,-87
116000206,0,84,-84
116000207,2,29,-27
116000233,48,102,-54
116000287,238,74,164
116000288,324,115,209
116000292,33,44,-11
116000296,14,95,-81
116000297,71,2,69
116000304,327,41,286
116000305,1,87,-86
116000346,324,78,246
116000352,150,37,113
116000354,39,12,27
116000357,5,5,0
116000358,360,127,233
116000361,51,0,51
116000372,1866,4043,-2177
116000381,218,20,198
116000388,10,9,1
116000389,556,108,448
116000445,852,98,754
116000446,652,73,579
116000447,11,367,-356
116000448,273,39,234
116000563,368,636,-268
116000565,70,143,-73
116000568,34,384,-350
116000579,14,108,-94
116000584,32,3,29
116000585,39,41,-2
116000586,36,86,-50
116000587,359,186,173
116000589,44,35,9
116000590,134,40,94
116000591,298,67,231
116000592,3,13,-10
116000593,0,6,-6
116000594,1030,173,857
116000595,684,18,666
116000596,214,1,213
116000597,679,191,488
116000598,29,96,-67
116000602,10,420,-410
116000605,137,48,89
116000606,72,240,-168
116000607,1,41,-40
116000609,63,950,-887
116000611,305,85,220
116000612,1582,2326,-744
116000613,634,215,419
116000614,435,156,279
116000615,0,0,0
116000616,65,34,31
116000617,133,11,122
116000618,0,31,-31
116000619,19,86,-67
116000620,305,133,172
116000621,98,78,20
116000622,118,60,58
116000624,98,112,-14
116000627,98,13,85
116000628,28,120,-92
116000629,24,298,-274
116000630,755,12,743
116000631,269,10,259
116000632,962,51,911
116000633,12,301,-289
116000634,990,2,988
116000635,1022,1042,-20
116000636,112,565,-453
116000637,259,0,259
116000638,1,645,-644
116900001,95,32,63
116900002,106,0,106
116900003,87,20,67
116900004,39,98,-59
116900005,286,3,283
116900006,97,116,-19
116900007,29,41,-12
116900008,504,71,433
116900009,6,29,-23
116900010,0,190,-190
116900011,2,18,-16
116900012,38,65,-27
116900013,0,50,-50
116900014,266,38,228
116900015,573,21,552
116900016,292,5,287
116900017,0,275,-275
116900018,76,40,36
116900019,1,62,-61
116900020,919,1495,-576
116900023,10,11,-1
116900024,677,22,655
116900025,1172,225,947
116900026,48,209,-161
116900027,35,21,14
116900028,0,8,-8
116900029,2,155,-153
116900031,2,1,1
116900032,1,93,-92
116900033,9,5,4
116900034,18,13,5
116900035,68,51,17
116900036,7,42,-35
116900038,26,1,25
116900041,125,2,123
116900042,85,71,14
116900043,24,36,-12
116900047,14,260,-246
116900049,8,48,-40
116900050,48,47,1
116900051,384,5,379
116900052,79,42,37
116900055,0,6,-6
116900057,35,30,5
116900058,9,62,-53
116900059,0,7,-7
116900060,67,156,-89
116900062,1,37,-36
116900064,14,53,-39
116900065,1,40,-39
116900067,33,14,19
116900068,69,138,-69
116900070,18,0,18
116900072,9,52,-43
116900073,6,33,-27
116900074,1,6,-5
116900076,18,23,-5
116900077,1,28,-27
116900078,80,37,43
116900079,21,73,-52
116900080,1,4,-3
116900081,55,210,-155
116900082,102,486,-384
116900083,17,13,4
116900084,14,27,-13
116900085,10,33,-23
116900086,6,233,-227
116900088,74,9,65
116900090,10,9,1
116900091,356,22,334
116900092,82,129,-47
116900093,729,792,-63
116900094,1866,4062,-2196
116900095,237,29,208
116900096,261,232,29
116900097,701,2390,-1689
116900098,167,80,87
116900099,79,357,-278
116900100,956,38,918
116900101,94,195,-101
116900103,14,0,14
116900104,10,244,-234
116900105,359,194,165
116900106,2837,35,2802
116900107,946,2970,-2024
116900110,12,0,12
116900111,598,266,332
116900112,274,193,81
116900113,534,1844,-1310
116900116,6,107,-101
116900117,149,35,114
116900118,319,713,-394
116900120,435,24,411
116900121,159,23,136
116900122,1264,119,1145
116900123,266,188,78
116900124,49,128,-79
116900125,450,77,373
116900126,9,418,-409
116900128,5,7,-2
116900129,0,59,-59
116900130,220,3693,-3473
116900131,20,98,-78
116900132,47,68,-21
116900133,71,52,19
116900134,161,129,32
116900136,147,42,105
116900137,102,19,83
116900138,100,27,73
116900139,13,53,-40
116900140,69,34,35
116900141,254,44,210
116900142,0,22,-22
116900143,181,66,115
116900144,20,3,17
116900145,27,58,-31
116900147,37,250,-213
116900148,1,1,0
116900149,53,124,-71
116900150,16,0,16
116900151,7,11,-4
116900153,114,33,81
116900154,69,290,-221
116900155,46,39,7
116900157,979,24,955
116900158,153,265,-112
116900159,41,182,-141
116900160,633,372,261
116900161,1624,6272,-4648
116900162,22,34,-12
116900163,358,18,340
116900164,128,19,109
116900165,540,167,373
116900166,119,45,74
116900167,477,10,467
116900168,432,10,422
116900169,68,184,-116
116900170,602,206,396
116900171,103,105,-2
116900172,73,395,-322
116900173,418,21,397
116900174,54,117,-63
116900175,175,103,72
116900178,55,55,0
116900179,35,425,-390
116900180,96,4,92
116900182,439,110,329
116900183,192,39,153
116900185,36,16,20
116900186,101,123,-22
116900187,26,26,0
116900188,131,9,122
116900189,84,0,84
116900191,98,99,-1
116900192,237,55,182
116900194,27,634,-607
116900195,37,6,31
116900196,3,39,-36
116900197,116,5,111
116900198,30,467,-437
116900200,130,1,129
116900201,332,5,327
116900202,39,14,25
116900203,151,1,150
116900204,77,208,-131
116900206,5,3,2
116900207,7,17,-10
116900208,1,36,-35
116900209,35,28,7
116900210,135,35,100
116900211,245,3,242
116900212,104,3,101
116900213,126,30,96
116900214,245,81,164
116900215,29,21,8
116900216,74,53,21
116900218,0,116,-116
116900219,262,116,146
116900220,41,161,-120
116900221,153,231,-78
116900222,232,106,126
116900223,44,46,-2
116900226,202,6,196
116900227,276,18,258
116900228,328,45,283
116900230,38,80,-42
116900231,60,106,-46
116900232,39,109,-70
116900233,252,53,199
116900234,47,5,42
116900235,33,76,-43
116900238,256,64,192
116900239,6,1374,-1368
116900240,2146,2915,-769
116900241,101,46,55
116900242,225,662,-437
116900243,1,28,-27
116900245,24,35,-11
116900246,102,17,85
116900247,1050,6,1044
116900248,151,9,142
116900249,506,61,445
116900250,275,10,265
116900251,181,635,-454
116900252,121,207,-86
116900253,84,51,33
116900254,42,59,-17
116900255,133,104,29
116900256,416,92,324
116900257,17,46,-29
116900258,1,15,-14
116900259,268,3,265
116900260,2,15,-13
116900261,65,1,64
116900262,74,53,21
116900263,0,7,-7
116900264,3,0,3
116900265,8,2,6
116900266,1,3,-2
116900267,0,2,-2
116900268,5,166,-161
116900269,203,461,-258
116900271,253,450,-197
116900272,181,98,83
116900273,33,54,-21
116900274,161,52,109
116900275,154,38,116
116900276,312,199,113
116900277,159,75,84
116900278,1,1,0
116900279,0,7,-7
116900280,7,6,1
116900281,1615,4798,-3183
116900282,1,14,-13
116900283,4,12,-8
116900284,31,115,-84
116900285,31,288,-257
116900286,42,4,38
116900287,4,10,-6
116900288,283,45,238
116900289,19,3,16
116900290,28,0,28
116900291,63,3,60
116900292,0,47,-47
116900293,73,4,69
116900294,3,28,-25
116900295,60,45,15
116900296,20,34,-14
116900297,1,18,-17
116900298,29,108,-79
116900299,3,190,-187
116900300,0,48,-48
116900301,25,35,-10
116900302,2,36,-34
116900303,85,38,47
116900304,1,54,-53
116900305,5,6,-1
116900306,274,171,103
117000001,2462,1523,939
117000002,1298,1619,-321
117000003,4001,1654,2347
117000004,1620,1910,-290
117000005,2533,949,1584
117000006,756,1664,-908
117000007,4543,1019,3524
117000008,789,1589,-800
117000009,2826,1048,1778
117000010,848,1186,-338
117000011,2367,609,1758
117000012,1271,527,744
117000013,1804,495,1309
117000014,1089,1818,-729
117000015,2047,1116,931
117000016,141,226,-85
117000017,77,316,-239
117000018,34,1226,-1192
117000019,8,2,6
117000020,206,2684,-2478
117000021,1166,132,1034
117000022,111,308,-197
117000023,92,86,6
117000024,125,260,-135
117000025,173,1529,-1356
117000026,941,1594,-653
117000027,268,1233,-965
117000028,312,470,-158
117000030,154,279,-125
117000031,339,97,242
117000032,780,1230,-450
117000033,1049,536,513
117000034,179,207,-28
117000035,256,188,68
117000036,237,195,42
117000037,203,82,121
117000038,95,252,-157
117000039,86,138,-52
117000040,60,296,-236
117000041,1261,45,1216
117000044,24,258,-234
117000045,519,201,318
117000046,185,540,-355
117000047,485,671,-186
117000048,671,530,141
117000049,37,175,-138
117000050,215,724,-509
117000051,2601,34,2567
117000052,73,213,-140
117000053,1171,23,1148
117000054,1382,6,1376
117000055,0,663,-663
117000056,524,32,492
117000057,322,928,-606
117000060,327,791,-464
117000061,1861,824,1037
117000062,161,444,-283
117000063,1058,644,414
117000064,266,232,34
117000066,317,458,-141
117000067,75,417,-342
117000074,8,92,-84
117000076,5,17,-12
117000077,70,51,19
117000078,161,200,-39
117000079,132,59,73
117000080,1,276,-275
117000081,351,48,303
117000082,24,56,-32
117000083,73,3,70
117000084,94,0,94
117000085,350,351,-1
117000086,330,262,68
117000087,50,301,-251
117000088,334,85,249
117000089,2201,108,2093
117000090,270,488,-218
117000091,1302,75,1227
117000092,397,476,-79
117000093,1818,123,1695
117000094,508,623,-115
117000095,2883,162,2721
117000096,372,674,-302
117000097,1701,422,1279
117000098,1065,1271,-206
117000099,5016,526,4490
117000100,272,197,75
117000101,73,327,-254
117000102,1952,196,1756
117000103,291,574,-283
117000104,1782,186,1596
117000105,244,632,-388
117000106,1958,225,1733
117000107,259,712,-453
117000108,2432,715,1717
117000109,552,1104,-552
117000110,1588,1316,272
117000111,2888,2851,37
117000112,2983,933,2050
117000113,38,79,-41
117000114,251,50,201
117000115,30,28,2
117000116,206,97,109
117000117,983,680,303
117000118,276,300,-24
117000119,65,322,-257
117000120,9,295,-286
117000121,3,425,-422
117000122,210,746,-536
117000123,478,88,390
117000124,29,35,-6
117000125,31,99,-68
117000126,12,5,7
117000127,143,141,2
117000128,55,203,-148
117000129,125,309,-184
117000130,64,40,24
117000131,0,45,-45
117000132,2875,61,2814
117000133,3248,18,3230
117000134,0,0,0
117000135,0,48,-48
117000136,0,1,-1
117000137,271,60,211
117000138,0,0,0
117000140,239,439,-200
117000141,2072,189,1883
117000181,86,31,55
117000182,865,1048,-183
117000195,98,313,-215
117000196,454,122,332
117000225,5,56,-51
117000226,0,71,-71
117000276,433,31,402
117000277,0,139,-139
117000310,684,2320,-1636
117000315,18,376,-358
117000320,22,0,22
117000906,705,14,691
117000907,0,89,-89
117000908,11,144,-133
117000909,21,77,-56
117000910,252,97,155
117000911,26,68,-42
117000915,6,166,-160
117000916,46,3,43
117000917,1423,15,1408
117000918,104,55,49
117000919,1,20,-19
117000920,3,437,-434
117000921,2,562,-560
117000922,5,5,0
117000924,866,527,339
117000926,518,161,357
117000927,204,327,-123
117000928,1,15,-14
117000929,341,81,260
117000930,477,17,460
117000931,75,86,-11
117900002,29,454,-425
117900003,47,22,25
117900005,1,76,-75
117900006,0,52,-52
117900007,123,48,75
117900008,0,8,-8
117900010,395,116,279
117900011,2,134,-132
117900012,49,29,20
117900013,0,124,-124
117900014,446,111,335
117900015,9,139,-130
117900016,541,877,-336
117900017,490,355,135
117900018,152,172,-20
117900019,720,233,487
117900020,62,105,-43
117900021,34,38,-4
117900022,14,2,12
117900023,594,21,573
117900024,26,44,-18
117900025,21,2,19
117900026,462,117,345
117900028,1,3,-2
117900029,268,248,20
117900030,202,282,-80
117900031,144,95,49
117900032,813,225,588
117900033,464,217,247
117900034,6,12,-6
117900035,163,44,119
117900036,289,169,120
117900037,230,41,189
117900038,65,77,-12
117900039,0,18,-18
117900040,84,74,10
117900041,0,29,-29
117900042,1073,222,851
117900043,1,16,-15
117900044,11,3156,-3145
117900045,181,55,126
117900048,229,59,170
117900049,274,220,54
117900050,1,143,-142
117900051,15,4,11
117900052,57,729,-672
117900053,1879,121,1758
117900054,0,19,-19
117900055,240,103,137
117900056,29,24,5
117900057,424,529,-105
117900058,21,34,-13
117900059,53,60,-7
117900060,2170,987,1183
117900061,0,166,-166
117900063,330,139,191
117900065,153,409,-256
117900066,2,116,-114
117900067,592,72,520
117900069,616,101,515
117900070,24,221,-197
117900071,114,59,55
117900073,645,71,574
117900074,21,159,-138
117900075,188,19,169
117900076,12,34,-22
117900077,635,36,599
117900078,528,290,238
117900080,145,24,121
117900081,144,121,23
117900082,682,220,462
117900083,764,118,646
117900086,174,77,97
117900087,186,8,178
117900088,438,402,36
117900089,1998,364,1634
117900090,310,1060,-750
117900091,297,42,255
117900092,181,38,143
117900093,153,3,150
117900094,53,57,-4
117900095,362,1084,-722
117900096,114,191,-77
117900097,226,63,163
117900098,141,8,133
117900099,180,619,-439
117900100,523,0,523
117900101,756,2129,-1373
117900102,112,21,91
117900103,81,6,75
117900104,9,277,-268
117900105,63,58,5
117900106,56,20,36
117900107,68,0,68
117900109,936,445,491
117900110,143,0,143
117900111,676,66,610
117900112,52,1,51
117900113,622,1996,-1374
117900114,65,0,65
117900115,23,61,-38
117900116,437,266,171
117900117,617,270,347
117900118,243,1,242
117900119,384,47,337
117900120,372,4,368
117900121,108,21,87
117900122,283,4808,-4525
117900123,666,347,319
117900124,143,251,-108
117900125,1153,620,533
117900126,90,154,-64
117900127,429,137,292
117900128,330,123,207
117900129,87,0,87
117900130,471,139,332
117900131,1,9,-8
117900132,2,6,-4
117900133,22,26,-4
117900134,34,208,-174
117900135,23,61,-38
117900136,0,6,-6
117900137,3,40,-37
117900138,0,4,-4
117900139,39,13,26
117900140,3846,236,3610
117900141,26,111,-85
117900142,17,181,-164
117900144,4,104,-100
117900145,3,79,-76
117900146,11,212,-201
117900147,97,84,13
117900148,1011,1598,-587
117900149,70,47,23
117900150,48,35,13
117900151,18,65,-47
117900152,10,60,-50
117900153,15,94,-79
117900154,381,293,88
117900156,325,276,49
117900157,103,122,-19
117900158,390,40,350
117900160,909,386,523
117900161,639,385,254
117900162,466,320,146
117900163,31,289,-258
117900165,2,1,1
117900166,2,90,-88
117900168,182,53,129
117900169,0,23,-23
117900170,0,11,-11
117900171,5,0,5
117900172,2,11,-9
117900173,52,9,43
117900174,9,23,-14
117900175,0,5,-5
117900176,14,11,3
117900177,8,6,2
117900178,31,16,15
117900180,80,13,67
117900181,6,722,-716
117900182,1,94,-93
117900183,177,124,53
117900184,67,25,42
117900185,87,4,83
117900186,78,8,70
117900187,28,4,24
117900188,115,3,112
117900189,49,33,16
117900190,43,1,42
117900191,74,0,74
117900192,156,1,155
117900193,37,47,-10
117900194,9,0,9
117900195,12,27,-15
117900196,6,8,-2
117900207,39,106,-67
117900208,33,34,-1
117900209,112,73,39
117900210,55,58,-3
117900211,3,93,-90
117900212,89,80,9
117900213,45,3,42
117900214,2,4,-2
117900215,61,53,8
117900216,0,8,-8
117900217,44,25,19
117900218,15,50,-35
117900219,1,85,-84
117900220,3,79,-76
117900222,89,61,28
117900223,42,212,-170
118000001,434,900,-466
118000002,470,942,-472
118000003,1005,2161,-1156
118000004,917,1196,-279
118000005,1971,1941,30
118000006,935,2319,-1384
118000007,3434,6189,-2755
118000008,878,3868,-2990
118000009,1029,2109,-1080
118000010,1577,2072,-495
118000011,1502,624,878
118000012,544,698,-154
118000013,940,1156,-216
118000014,835,908,-73
118000016,144,112,32
118000017,499,297,202
118000018,202,113,89
118000019,786,1399,-613
118000020,266,1536,-1270
118000021,292,1859,-1567
118000022,753,457,296
118000023,266,217,49
118000024,449,514,-65
118000027,3953,4583,-630
118000029,419,683,-264
118000032,125,1107,-982
118000033,1225,2440,-1215
118000034,1460,1412,48
118000035,1065,1224,-159
118000036,529,461,68
118000037,360,746,-386
118000038,301,31,270
118000039,44,70,-26
118000040,1055,786,269
118000041,1461,1025,436
118000045,79,196,-117
118000046,210,679,-469
118000047,263,909,-646
118000048,616,1389,-773
118000051,1160,1761,-601
118000052,556,1072,-516
118000053,163,781,-618
118000054,1692,1003,689
118000055,991,878,113
118000056,90,269,-179
118000057,95,302,-207
118000058,871,2382,-1511
118000059,391,2017,-1626
118000060,649,247,402
118000061,785,654,131
118000062,290,126,164
118000063,195,774,-579
118000064,237,636,-399
118000065,1148,693,455
118000066,639,1670,-1031
118000067,295,378,-83
118000068,383,5946,-5563
118000069,590,726,-136
118000070,1909,1624,285
118000071,1628,6297,-4669
118000072,411,2937,-2526
118000073,271,1498,-1227
118000074,328,738,-410
118000075,530,1049,-519
118000076,1057,3632,-2575
118000077,604,504,100
118000078,1373,1583,-210
118000079,81,288,-207
118000080,202,283,-81
118000081,766,773,-7
118000082,110,606,-496
118000083,595,947,-352
118000084,657,1141,-484
118000086,226,326,-100
118000087,1747,1540,207
118000088,1055,843,212
118000089,1913,1988,-75
118000090,641,1837,-1196
118000091,577,2651,-2074
118000092,341,272,69
118000093,31,530,-499
118000096,364,456,-92
118000097,205,275,-70
118000098,173,59,114
118000099,395,138,257
118000101,1289,203,1086
118000102,293,342,-49
118000107,656,159,497
118000108,196,2663,-2467
118000110,0,9,-9
118000111,1,59,-58
118000112,780,2,778
118000113,2,81,-79
118000114,681,1,680
118000115,5,5,0
118000116,4,1,3
118000117,319,387,-68
118000118,797,759,38
118000119,756,847,-91
118000120,636,497,139
118000121,19,139,-120
118000122,157,92,65
118000123,49,141,-92
118000125,414,588,-174
118000126,427,1223,-796
118000127,657,562,95
118000128,182,967,-785
118000129,597,389,208
118000130,925,1618,-693
118000131,176,286,-110
118000132,2107,1747,360
118000133,882,455,427
118000135,354,417,-63
118000136,43,243,-200
118000137,183,49,134
118000138,333,148,185
118000139,289,72,217
118000140,2001,6132,-4131
118000141,2676,1266,1410
118000142,1930,1056,874
118000143,2666,940,1726
118000144,523,214,309
118000145,645,476,169
118000146,798,251,547
118000147,639,480,159
118000148,666,1334,-668
118000149,573,238,335
118000150,706,134,572
118000151,772,140,632
118000153,1579,575,1004
118000154,1058,946,112
118000155,2114,593,1521
118000156,1333,2307,-974
118000157,307,200,107
118000158,111,419,-308
118000159,82,128,-46
118000160,567,245,322
118000161,543,248,295
118000162,836,857,-21
118000163,871,952,-81
118000164,1489,1492,-3
118000168,348,552,-204
118000169,418,431,-13
118000170,1478,1591,-113
118000171,290,317,-27
118000172,81,134,-53
118000173,559,1168,-609
118000175,128,110,18
118000176,266,246,20
118000177,264,282,-18
118000178,1,34,-33
118000179,568,442,126
118000180,399,294,105
118000181,391,131,260
118000182,240,113,127
118000183,148,111,37
118000184,1076,380,696
118000185,319,1072,-753
118000186,188,777,-589
118000187,1652,184,1468
118000188,752,21,731
118000189,716,88,628
118000190,1,1,0
118000191,18,3,15
118000192,6,79,-73
118000193,4,143,-139
118000194,811,744,67
118000195,120,828,-708
118000196,25,130,-105
118000197,47,805,-758
118000198,225,1723,-1498
118000199,157,1139,-982
118000200,35,211,-176
118000201,107,352,-245
118000202,31,79,-48
118000203,44,923,-879
118000204,12,255,-243
118000205,39,102,-63
118000206,192,85,107
118000207,0,39,-39
118000208,1064,1049,15
118000209,1667,544,1123
118000210,207,14,193
118000211,104,54,50
118000213,275,1609,-1334
118000214,131,234,-103
118000215,285,52,233
118000216,3875,805,3070
118000217,3,20,-17
118000218,73,32,41
118000219,170,95,75
118000220,3,25,-22
118000221,603,431,172
118000222,37,1,36
118000223,48,13,35
118000224,74,21,53
118000225,62,300,-238
118000226,876,64,812
118000227,170,183,-13
118000228,5,109,-104
118000229,8,70,-62
118000230,80,81,-1
118000231,21,74,-53
118000232,500,134,366
118000233,928,286,642
118000234,275,41,234
118000236,262,137,125
118000237,147,108,39
118000238,285,49,236
118000239,239,124,115
118000240,55,82,-27
118000241,161,64,97
118000242,335,73,262
118000243,141,61,80
118000244,51,30,21
118000246,0,8,-8
118000255,8,144,-136
118000256,126,171,-45
118000259,3,63,-60
118000260,155,41,114
118000261,21,8,13
118000263,66,104,-38
118000266,70,92,-22
118000267,0,97,-97
118000268,99,0,99
118000270,104,0,104
118000271,173,45,128
118000272,58,5,53
118000273,171,25,146
118000274,33,84,-51
118000276,244,85,159
118000295,19,44,-25
118000298,99,169,-70
118000299,40,96,-56
118000301,0,55,-55
118000302,34,10,24
118000311,926,23,903
118000312,371,54,317
118000313,49,46,3
118000314,187,7,180
118000315,39,5,34
118000316,814,147,667
118000325,98,1,97
118000326,17,24,-7
118000331,69,5,64
118000332,40,12,28
118000333,33,9,24
118000335,633,0,633
118000336,0,71,-71
118000407,380,46,334
118000457,0,34,-34
118000465,336,1545,-1209
118000480,22,23,-1
118000489,3,360,-357
118000490,4,99,-95
118000492,530,48,482
118000510,13,1,12
118000514,15,166,-151
118000515,362,663,-301
118000517,119,101,18
118000524,144,291,-147
118000525,171,290,-119
118000530,30,89,-59
118000531,360,99,261
118000532,104,135,-31
118000533,140,56,84
118000534,327,136,191
118000535,383,13,370
118000536,56,256,-200
118000537,37,34,3
118000538,14,29,-15
118000539,22,83,-61
118000540,134,43,91
118000541,57,67,-10
118000542,79,154,-75
118000543,158,116,42
118000546,21,12,9
118000560,475,1315,-840
118000562,60,24,36
118000563,1024,715,309
118000576,68,24,44
118000577,98,74,24
118000578,33,19,14
118000579,286,1071,-785
118000595,215,38,177
118000596,0,42,-42
118000597,87,36,51
118000598,10,0,10
118000599,193,8,185
118000600,1,63,-62
118000601,3,0,3
118000602,0,4,-4
118000603,1,0,1
118900001,269,321,-52
118900002,321,394,-73
118900003,519,11,508
118900004,51,14,37
118900005,30,4,26
118900006,78,0,78
118900007,1,0,1
118900008,460,16,444
118900009,89,100,-11
118900010,62,2,60
118900011,63,11,52
118900012,137,55,82
118900013,220,267,-47
118900015,289,12,277
118900016,4,4,0
118900017,4,51,-47
118900018,600,63,537
118900019,1,11,-10
118900020,6,46,-40
118900021,115,232,-117
118900022,108,19,89
118900023,11,50,-39
118900024,79,48,31
118900025,5,40,-35
118900026,13,16,-3
118900027,224,67,157
118900028,157,36,121
118900029,141,115,26
118900030,719,23,696
118900031,73,12,61
118900032,191,29,162
118900033,238,288,-50
118900034,156,18,138
118900035,39,32,7
118900036,879,214,665
118900037,176,261,-85
118900038,365,21,344
118900039,452,50,402
118900040,169,68,101
118900041,374,99,275
118900042,98,19,79
118900045,88,118,-30
118900046,317,289,28
118900047,217,310,-93
118900048,35,232,-197
118900049,13,16,-3
118900050,26,1,25
118900051,28,38,-10
118900052,91,282,-191
118900053,5,20,-15
118900054,100,41,59
118900055,112,26,86
118900056,9,55,-46
118900057,561,239,322
118900058,161,193,-32
118900059,3,18,-15
118900060,86,51,35
118900062,103,38,65
118900064,88,280,-192
118900065,11,43,-32
118900066,53,4,49
118900067,1441,3648,-2207
118900068,2,92,-90
118900069,536,34,502
118900071,0,6,-6
118900072,144,144,0
118900073,214,61,153
118900074,58,11,47
118900075,36,15,21
118900076,116,10,106
118900077,218,92,126
118900078,9,1,8
118900079,32,19,13
118900080,29,20,9
118900081,10,16,-6
118900082,1089,85,1004
118900083,3,5,-2
118900084,0,2,-2
118900085,276,131,145
118900086,20,25,-5
118900087,39,449,-410
118900088,0,2,-2
118900089,8,6,2
118900090,160,44,116
118900091,168,77,91
118900092,154,20,134
118900093,10,4,6
118900096,2,1,1
118900097,171,159,12
118900099,52,93,-41
118900100,17,41,-24
118900101,164,178,-14
118900102,13,33,-20
118900103,4,79,-75
118900104,187,43,144
118900105,82,10,72
118900107,77,45,32
118900108,41,55,-14
118900110,392,647,-255
118900111,255,95,160
118900112,148,41,107
118900113,27,64,-37
118900114,1,16,-15
118900115,47,154,-107
118900116,50,24,26
118900117,106,39,67
118900118,231,158,73
118900119,71,117,-46
118900120,15,92,-77
118900121,1,226,-225
118900122,0,373,-373
118900123,45,61,-16
118900124,36,30,6
118900126,3,106,-103
118900129,167,41,126
118900130,14,37,-23
118900131,177,74,103
118900132,162,50,112
118900133,1,30,-29
118900135,155,80,75
118900136,183,101,82
118900137,0,14,-14
118900139,79,110,-31
118900140,261,169,92
118900141,31,28,3
118900144,104,137,-33
118900145,3,60,-57
118900146,150,170,-20
118900147,10,128,-118
118900148,43,32,11
118900150,23,316,-293
118900152,299,244,55
118900157,12,18,-6
118900158,86,13,73
118900159,4,70,-66
118900161,23,44,-21
118900163,3,27,-24
118900164,0,8,-8
118900165,35,60,-25
118900166,28,0,28
118900167,21,73,-52
118900168,24,36,-12
118900169,130,93,37
118900170,300,14,286
118900171,40,2,38
118900174,44,9,35
118900175,378,81,297
118900176,143,90,53
118900177,144,8,136
118900178,70,35,35
118900179,0,23,-23
118900181,66,8,58
118900182,15,13,2
118900183,1,66,-65
118900184,131,9,122
118900185,140,16,124
118900186,104,45,59
118900187,113,161,-48
118900188,144,107,37
118900189,7,326,-319
118900190,23,46,-23
118900191,283,13,270
118900192,320,3,317
118900193,1008,3,1005
118900195,131,172,-41
118900196,6,45,-39
118900197,313,4,309
118900198,15,14,1
118900199,48,5,43
118900200,32,23,9
118900201,12,28,-16
118900202,1,30,-29
118900203,23,1,22
118900204,15,0,15
118900205,1,8,-7
118900206,1,21,-20
119000001,1177,754,423
119000002,2726,1778,948
119000003,2601,410,2191
119000004,1941,1177,764
119000005,1652,1616,36
119000006,2440,1146,1294
119000007,3074,2586,488
119000008,1107,712,395
119000009,2052,4323,-2271
119000010,2650,3113,-463
119000011,2038,2060,-22
119000012,878,2051,-1173
119000013,3016,1998,1018
119000014,988,1660,-672
119000019,174,114,60
119000020,1874,1234,640
119000021,3946,2694,1252
119000022,723,2019,-1296
119000023,152,139,13
119000024,1331,12196,-10865
119000025,2004,619,1385
119000026,22,603,-581
119000027,64,283,-219
119000028,1030,294,736
119000029,90,142,-52
119000030,372,429,-57
119000031,599,448,151
119000032,658,827,-169
119000033,1554,600,954
119000034,793,270,523
119000035,13,58,-45
119000036,1757,212,1545
119000037,1107,387,720
119000038,138,280,-142
119000039,604,268,336
119000040,250,574,-324
119000041,595,1097,-502
119000048,1399,815,584
119000049,1420,778,642
119000050,613,829,-216
119000051,1240,585,655
119000052,1086,982,104
119000053,1412,505,907
119000054,1974,656,1318
119000055,3927,902,3025
119000056,3446,860,2586
119000057,883,452,431
119000058,773,509,264
119000059,604,443,161
119000060,1189,332,857
119000061,428,303,125
119000062,813,425,388
119000063,497,301,196
119000064,307,333,-26
119000065,638,1087,-449
119000066,1371,612,759
119000067,973,644,329
119000068,1140,358,782
119000069,1274,564,710
119000070,2034,290,1744
119000071,313,170,143
119000072,1856,1121,735
119000073,2735,4910,-2175
119000074,1243,487,756
119000075,3375,944,2431
119000076,114,366,-252
119000077,532,205,327
119000078,253,189,64
119000079,141,595,-454
119000080,330,73,257
119000081,253,212,41
119000082,519,70,449
119000083,408,136,272
119000084,213,140,73
119000085,455,54,401
119000086,229,182,47
119000087,385,223,162
119000088,269,23,246
119000089,90,78,12
119000090,51,65,-14
119000091,53,211,-158
119000092,151,122,29
119000093,1702,1124,578
119000094,3349,2548,801
119000095,1828,1447,381
119000097,603,499,104
119000098,763,3262,-2499
119000099,1045,491,554
119000100,3395,1755,1640
119000101,1982,1005,977
119000102,131,1035,-904
119000103,564,270,294
119000104,464,296,168
119000105,618,1681,-1063
119000106,311,276,35
119000107,1075,386,689
119000108,427,392,35
119000109,72,146,-74
119000110,94,92,2
119000111,23,246,-223
119000112,102,26,76
119000113,362,100,262
119000114,462,788,-326
119000115,51,97,-46
119000116,21,81,-60
119000117,65,171,-106
119000118,29,5,24
119000123,724,1383,-659
119000124,665,136,529
119000125,3553,312,3241
119000126,830,241,589
119000127,754,81,673
119000128,25,2,23
119000131,943,135,808
119000132,3,0,3
119000133,0,23,-23
119000134,493,312,181
119000135,214,89,125
119000136,275,27,248
119000137,333,117,216
119000138,784,44,740
119000139,115,36,79
119000140,182,157,25
119000284,443,1096,-653
119000285,769,513,256
119000286,1967,1343,624
119000287,985,725,260
119000288,1210,307,903
119000289,596,581,15
119000290,205,126,79
119000291,10,148,-138
119000293,78,176,-98
119000294,23,44,-21
119000295,629,227,402
119000296,239,77,162
119000302,798,861,-63
119000303,4,82,-78
119000314,964,8979,-8015
119000315,1,83,-82
119000316,87,26,61
119000317,67,84,-17
119900001,69,448,-379
119900002,119,32,87
119900003,4,88,-84
119900004,49,1543,-1494
119900005,153,14,139
119900006,71,180,-109
119900007,296,155,141
119900008,37,49,-12
119900009,176,91,85
119900010,420,274,146
119900011,9,291,-282
119900012,1,98,-97
119900013,989,694,295
119900014,351,53,298
119900015,262,25,237
119900016,15,22,-7
119900017,45,29,16
119900018,523,1073,-550
119900019,43,4,39
119900020,58,54,4
119900021,30,10,20
119900022,49,804,-755
119900023,188,1679,-1491
119900025,374,5,369
119900026,187,67,120
119900027,6,25,-19
119900028,142,143,-1
119900029,7,1,6
119900030,392,145,247
119900031,42,481,-439
119900033,335,201,134
119900034,583,30,553
119900037,134,2,132
119900038,34,168,-134
119900039,69,17,52
119900040,92,20,72
119900041,103,5,98
119900042,36,34,2
119900043,117,19,98
119900044,103,541,-438
119900046,141,14,127
119900047,255,132,123
119900048,39,13,26
119900049,134,0,134
119900050,163,87,76
119900051,1072,10,1062
119900052,70,17,53
119900053,231,49,182
119900054,336,22,314
119900055,1076,165,911
119900057,468,45,423
119900058,256,0,256
119900059,65,15,50
119900060,483,21,462
119900062,82,2,80
119900063,6,32,-26
119900064,606,53,553
119900065,263,0,263
119900066,0,0,0
119900067,37,12,25
119900068,724,2,722
119900069,151,4,147
119900070,793,1,792
119900071,915,27,888
119900073,522,107,415
119900074,7,35,-28
119900075,835,1014,-179
119900076,661,168,493
119900077,1012,136,876
119900078,478,182,296
119900079,432,34,398
119900080,1509,290,1219
119900081,416,9,407
119900082,1505,144,1361
119900083,200,49,151
119900084,144,45,99
119900085,28,19,9
119900087,67,143,-76
119900088,22,32,-10
119900089,11,128,-117
119900090,85,11,74
119900091,7,173,-166
119900092,21,181,-160
119900093,592,72,520
119900094,2,73,-71
119900095,57,17,40
119900096,44,42,2
119900097,29,95,-66
119900098,21,1,20
119900099,9,61,-52
119900100,404,1464,-1060
119900101,48,326,-278
119900102,34,43,-9
119900103,35,48,-13
119900104,48,53,-5
119900105,328,801,-473
119900106,2,39,-37
119900107,117,670,-553
119900108,1267,302,965
119900109,24,89,-65
119900110,306,96,210
119900111,153,64,89
119900112,509,530,-21
119900113,8,66,-58
119900114,226,157,69
119900115,337,160,177
119900116,88,211,-123
119900117,180,180,0
119900118,115,202,-87
119900119,166,36,130
119900120,221,215,6
119900121,375,171,204
119900122,15,72,-57
119900123,44,102,-58
119900124,177,260,-83
119900125,7,51,-44
119900126,1010,142,868
119900127,369,186,183
119900128,233,143,90
119900129,238,91,147
119900130,9,19,-10
119900131,21,66,-45
119900132,3,12,-9
119900133,57,26,31
119900134,239,37,202
119900135,0,54,-54
119900136,49,64,-15
119900138,38,105,-67
119900139,10,55,-45
119900140,0,17,-17
119900141,14,499,-485
119900142,15,7,8
119900143,5,209,-204
119900144,453,65,388
119900145,19,34,-15
119900146,96,50,46
119900147,0,136,-136
119900148,486,6,480
119900149,229,3655,-3426
119900150,94,25,69
119900151,652,522,130
119900152,115,29,86
119900153,229,14,215
119900154,63,82,-19
119900155,27,12,15
119900156,13,3,10
119900157,210,67,143
119900158,151,31,120
119900159,1,213,-212
119900160,20,22,-2
119900161,81,35,46
119900162,866,603,263
119900163,19,63,-44
119900164,1,4,-3
119900165,145,43,102
119900166,104,15,89
119900167,4,13,-9
119900168,806,177,629
119900169,28,165,-137
119900170,138,74,64
119900171,337,190,147
119900172,24,13,11
119900173,0,80,-80
119900174,0,26,-26
119900175,1602,116,1486
119900177,10,37,-27
119900178,2,39,-37
119900179,130,830,-700
119900180,783,235,548
119900181,12,29,-17
119900182,12,51,-39
119900183,22,227,-205
119900184,354,138,216
119900185,35,217,-182
119900186,12,926,-914
119900187,21,115,-94
119900188,75,106,-31
119900189,67,64,3
119900190,45,186,-141
119900191,66,87,-21
119900192,11,65,-54
119900193,526,57,469
119900194,26,28,-2
119900195,1,62,-61
119900196,149,75,74
119900197,321,52,269
119900198,88,99,-11
119900199,123,12,111
119900200,520,193,327
119900201,110,67,43
119900202,23,139,-116
119900203,45,261,-216
119900204,146,72,74
119900205,786,83,703
119900206,237,58,179
119900208,87,26,61
119900209,462,922,-460
119900210,56,2,54
119900211,37,3,34
119900212,334,176,158
119900213,2,32,-30
119900214,44,13,31
119900215,69,15,54
119900216,2,15,-13
119900217,3,24,-21
119900218,20,8,12
119900219,3,15,-12
119900220,4,12,-8
119900221,24,33,-9
119900222,1,46,-45
119900223,2,11,-9
119900224,5,8,-3
119900225,156,10,146
119900226,148,1257,-1109
119900227,258,107,151
119900228,10,208,-198
119900229,54,98,-44
119900230,387,104,283
119900231,255,28,227
119900232,114,14,100
119900233,171,3,168
119900234,3,62,-59
119900235,11,19,-8
119900236,8,25,-17
119900237,23,173,-150
119900238,6,47,-41
119900240,62,41,21
119900241,151,107,44
119900242,768,406,362
119900244,283,436,-153
119900245,72,68,4
119900246,113,127,-14
119900247,6,27,-21
119900248,16,187,-171
119900249,197,22,175
119900253,530,353,177
119900254,62,622,-560
119900255,68,193,-125
119900256,954,233,721
119900257,181,9,172
119900258,283,24,259
119900259,7,33,-26
119900260,264,9,255
119900261,211,44,167
119900262,1,69,-68
119900263,666,77,589
119900264,118,53,65
119900265,342,86,256
119900266,397,59,338
119900267,71,111,-40
119900268,83,10,73
119900269,648,234,414
119900271,9,11,-2
119900272,24,51,-27
119900275,74,0,74
119900276,139,0,139
119900277,15,1,14
119900278,253,58,195
119900279,49,184,-135
119900280,237,32,205
119900281,1,179,-178
119900282,13,57,-44
119900283,6,57,-51
119900284,14,39,-25
119900285,1,97,-96
119900286,0,14,-14
119900288,0,0,0
119900289,6,3,3
119900290,8,0,8
119900291,0,14,-14
119900292,17,65,-48
119900293,20,8,12
119900294,18,0,18
119900295,34,1,33
119900296,117,13,104
119900299,21,36,-15
119900300,284,94,190
119900301,36,135,-99
119900302,20,101,-81
119900303,308,163,145
119900304,198,3,195
119900305,0,12,-12
119900306,2,4,-2
119900307,74,20,54
119900308,0,2,-2
119900309,30,186,-156
119900310,86,47,39
119900311,150,28,122
119900312,163,5,158
119900313,89,111,-22
119900314,201,215,-14
119900315,2135,560,1575
119900318,19,60,-41
119900319,103,102,1
119900320,193,153,40
119900321,134,1,133
119900322,5,30,-25
119900323,1,51,-50
119900324,0,17,-17
119900325,3,65,-62
119900326,23,18,5
120000001,5231,16619,-11388
120000002,1953,1032,921
120000003,1235,613,622
120000004,1560,675,885
120000005,1629,605,1024
120000006,813,413,400
120000007,1463,2386,-923
120000008,506,496,10
120000009,1027,563,464
120000010,1485,1287,198
120000011,664,627,37
120000012,1332,872,460
120000013,2382,1422,960
120000014,481,662,-181
120000015,1850,916,934
120000016,3026,1589,1437
120000017,2944,2347,597
120000018,2130,11689,-9559
120000019,736,742,-6
120000020,1567,2175,-608
120000021,1272,1099,173
120000022,2517,3539,-1022
120000023,1195,990,205
120000024,909,1169,-260
120000025,2441,876,1565
120000026,2971,1299,1672
120000027,1766,1512,254
120000028,578,729,-151
120000029,591,862,-271
120000030,98,446,-348
120000031,1065,2767,-1702
120000032,2386,1140,1246
120000033,2589,509,2080
120000034,2355,437,1918
120000035,2518,485,2033
120000036,2063,2506,-443
120000037,491,1327,-836
120000038,1578,1423,155
120000039,262,856,-594
120000040,33,1383,-1350
120000041,414,608,-194
120000042,1383,794,589
120000043,3461,545,2916
120000044,5544,1157,4387
120000045,6559,460,6099
120000046,5015,3016,1999
120000047,324,4109,-3785
120000048,3985,1895,2090
120000049,2947,1326,1621
120000050,1970,1690,280
120000051,1463,2394,-931
120000052,4448,690,3758
120000053,797,1184,-387
120000054,827,2027,-1200
120000055,1018,1446,-428
120000056,2591,1835,756
120000057,2409,640,1769
120000058,879,655,224
120000059,19,1629,-1610
120000061,17,264,-247
120000062,76,217,-141
120000063,337,957,-620
120000064,260,517,-257
120000065,254,518,-264
120000066,134,216,-82
120000067,27,292,-265
120000068,161,236,-75
120000069,551,208,343
120000070,128,250,-122
120000071,831,43,788
120000072,1096,268,828
120000073,943,79,864
120000074,107,27,80
120000075,1096,100,996
120000076,2411,197,2214
120000077,2124,219,1905
120000078,1706,475,1231
120000079,338,124,214
120000080,92,82,10
120000081,277,63,214
120000082,374,125,249
120000083,18,702,-684
120000084,191,174,17
120000085,121,223,-102
120000086,117,204,-87
120000087,139,191,-52
120000088,548,542,6
120000089,755,187,568
120000090,504,187,317
120000091,1087,239,848
120000092,943,196,747
120000093,776,275,501
120000094,300,406,-106
120000095,483,156,327
120000096,209,225,-16
120000098,479,273,206
120000099,128,344,-216
120000100,513,289,224
120000101,368,162,206
120000102,553,942,-389
120000103,1040,547,493
120000104,1970,148,1822
120000105,2298,147,2151
120000106,2916,167,2749
120000107,5028,144,4884
120000108,1863,56,1807
120000109,945,30,915
120000110,22,322,-300
120000111,47,384,-337
120000112,235,938,-703
120000113,168,717,-549
120000114,164,404,-240
120000115,139,549,-410
120000116,148,565,-417
120000117,339,514,-175
120000118,42,9,33
120000119,1,20,-19
120000120,99,74,25
120000121,4,10,-6
120000122,78,467,-389
120000123,1534,7729,-6195
120000124,432,228,204
120000125,571,278,293
120000126,207,432,-225
120000127,401,261,140
120000128,1106,1519,-413
120000129,127,146,-19
120000130,458,204,254
120000131,388,183,205
120000134,134,95,39
120000135,924,410,514
120000137,254,120,134
120000138,1343,93,1250
120000139,192,124,68
120000140,1457,71,1386
120000141,270,202,68
120000142,750,307,443
120000143,0,48,-48
120000144,96,5,91
120000145,570,0,570
120000146,504,704,-200
120000149,232,259,-27
120000150,612,8166,-7554
120000151,375,170,205
120000152,1158,83,1075
120000153,591,146,445
120000154,291,356,-65
120000155,138,219,-81
120000156,245,1332,-1087
120000157,784,188,596
120000158,517,172,345
120000159,1147,763,384
120000160,1542,1420,122
120000161,2701,1707,994
120000162,133,272,-139
120000163,580,205,375
120000164,514,67,447
120000165,872,147,725
120000166,1785,197,1588
120000167,56,93,-37
120000168,6,198,-192
120000169,4,551,-547
120000170,5,471,-466
120000171,0,164,-164
120000172,5,202,-197
120000173,169,190,-21
120000174,35,19,16
120000175,41,47,-6
120000176,30,32,-2
120000177,304,56,248
120000178,46,20,26
120000179,39,26,13
120000180,56,29,27
120000181,8,378,-370
120000182,31,331,-300
120000183,0,158,-158
120000184,55,428,-373
120000186,7,269,-262
120000187,23,61,-38
120000188,35,45,-10
120000190,133,26,107
120000191,128,31,97
120000192,89,23,66
120000193,36,2,34
120000195,2,1,1
120000196,60,8,52
120000197,15,29,-14
120000198,259,5,254
120000199,355,0,355
120000200,215,1,214
120000201,37,63,-26
120000202,0,28,-28
120000203,76,28,48
120000207,1,26,-25
120000208,6,29,-23
120000209,1,8,-7
120000210,10,6,4
120000211,203,4,199
120000212,345,0,345
120000213,231,56,175
120000214,1,54,-53
120000215,2,18,-16
120000216,162,18,144
120000217,178,276,-98
120000218,24,277,-253
120000219,0,261,-261
120000220,1,563,-562
120000225,2600,3,2597
120000226,433,32,401
120000227,981,86,895
120000228,4848,3104,1744
120000230,406,25,381
120000231,1291,390,901
120000233,629,33,596
120000235,83,167,-84
120000236,1489,5,1484
120000237,0,279,-279
120000238,1,208,-207
120000241,1190,2742,-1552
120000412,280,81,199
120000413,371,40,331
120000414,193,9,184
120000415,0,16,-16
120000416,157,0,157
120000417,3,42,-39
120000418,357,4,353
120000419,11,37,-26
120000420,23,4,19
120000421,4715,2831,1884
120000422,75,1632,-1557
120000423,0,53,-53
120000424,70,17,53
120000436,81,1151,-1070
120000437,38,49,-11
120000438,901,166,735
120000439,128,436,-308
120000443,172,2,170
120000444,1508,203,1305
120000445,1441,719,722
120000446,291,90,201
120000447,443,1,442
120000449,180,2,178
120000450,1,24,-23
120000451,83,74,9
120000452,173,3,170
120000453,0,31,-31
120000454,24,28,-4
120000455,77,33,44
120000456,745,2638,-1893
120000457,391,228,163
120000458,182,148,34
120000459,167,23,144
120000665,106,225,-119
120000668,56,649,-593
120000669,125,100,25
120000670,41,339,-298
120000671,1139,456,683
120000672,19,158,-139
120900001,162,16,146
120900002,98,162,-64
120900003,70,3,67
120900004,6,104,-98
120900005,101,152,-51
120900006,597,55,542
120900007,47,47,0
120900008,523,251,272
120900009,90,3,87
120900010,698,73,625
120900011,21,120,-99
120900012,28,1080,-1052
120900013,334,88,246
120900014,0,119,-119
120900015,1193,32,1161
120900016,1603,36,1567
120900017,918,52,866
120900018,138,121,17
120900019,299,260,39
120900020,341,394,-53
120900021,484,57,427
120900022,12,68,-56
120900023,680,45,635
120900024,796,191,605
120900025,551,402,149
120900026,84,65,19
120900027,329,15,314
120900028,681,117,564
120900029,16,856,-840
120900030,1887,261,1626
120900031,479,111,368
120900032,1856,87,1769
120900033,1170,51,1119
120900034,14,1924,-1910
120900035,49,48,1
120900037,352,1,351
120900038,81,610,-529
120900039,105,50,55
120900040,547,2,545
120900041,9,2,7
120900042,487,49,438
120900043,67,23,44
120900044,7,225,-218
120900045,32,26,6
120900046,792,1,791
120900047,109,251,-142
120900048,147,24,123
120900049,876,2,874
120900050,433,2128,-1695
120900051,307,76,231
120900052,1272,3,1269
120900053,518,35,483
120900054,403,90,313
120900055,727,7,720
120900056,825,14,811
120900057,230,23,207
120900058,871,0,871
120900059,101,0,101
120900060,72,13,59
120900061,131,22,109
120900062,284,1,283
120900063,821,8,813
120900064,912,0,912
120900065,1069,5,1064
120900066,729,69,660
120900067,195,50,145
120900068,504,5,499
120900069,411,5,406
120900071,71,0,71
120900072,1068,5,1063
120900073,946,38,908
120900074,1063,42,1021
120900076,468,0,468
120900077,756,259,497
120900078,750,122,628
120900079,972,37,935
120900080,1464,338,1126
120900081,1569,215,1354
120900082,237,169,68
120900083,194,58,136
120900084,354,446,-92
120900085,18,34,-16
120900086,31,470,-439
120900087,499,153,346
120900088,98,745,-647
120900089,1102,3360,-2258
120900090,273,50,223
120900091,126,683,-557
120900092,64,142,-78
120900093,830,90,740
120900094,99,61,38
120900095,205,3,202
120900096,38,152,-114
120900097,289,272,17
120900098,109,67,42
120900099,14,16,-2
120900100,29,35,-6
120900101,33,57,-24
120900102,12,19,-7
120900103,66,69,-3
120900104,5,9,-4
120900105,1,170,-169
120900106,217,99,118
120900107,146,68,78
120900108,2,172,-170
120900109,18,154,-136
120900110,5,140,-135
120900111,68,107,-39
120900112,12,223,-211
120900113,9,137,-128
120900114,29,47,-18
120900115,60,148,-88
120900116,556,107,449
120900117,0,91,-91
120900118,8,184,-176
120900119,2555,1504,1051
120900120,22,201,-179
120900121,30,189,-159
120900122,886,181,705
120900123,0,76,-76
120900124,8,196,-188
120900125,4,212,-208
120900126,202,186,16
120900127,2,123,-121
120900128,113,289,-176
120900129,1,110,-109
120900130,5,161,-156
120900131,20,77,-57
120900132,1229,61,1168
120900133,17,239,-222
120900134,41,195,-154
120900135,2,195,-193
120900136,13,85,-72
120900137,418,17,401
120900138,0,141,-141
120900139,0,196,-196
120900140,0,75,-75
120900141,321,54,267
120900142,1,107,-106
120900143,1,189,-188
120900144,0,45,-45
120900145,90,240,-150
120900146,0,182,-182
120900147,2,3,-1
120900148,68,49,19
120900149,0,72,-72
120900150,57,75,-18
120900151,0,76,-76
120900152,22,0,22
120900153,20,1,19
120900154,0,37,-37
120900155,141,231,-90
120900156,139,88,51
120900157,0,0,0
120900158,8,130,-122
120900159,0,41,-41
120900160,2,213,-211
120900161,9,297,-288
120900162,1,203,-202
120900163,15,174,-159
120900164,1,52,-51
120900165,3,98,-95
120900166,18,386,-368
120900167,34,29,5
120900169,73,189,-116
120900170,244,4081,-3837
120900171,322,57,265
120900172,62,380,-318
120900173,2,26,-24
120900174,4,65,-61
120900175,50,25,25
120900176,2,330,-328
120900177,1,1283,-1282
120900178,0,780,-780
120900179,67,52,15
120900180,34,115,-81
120900181,12,11,1
120900182,13,34,-21
120900183,299,62,237
120900184,44,48,-4
120900185,86,550,-464
120900186,0,115,-115
120900187,588,246,342
120900188,309,23,286
120900189,22,2160,-2138
120900190,173,38,135
120900191,52,1,51
120900192,3471,10518,-7047
120900194,84,18,66
120900195,44,88,-44
120900196,262,6,256
120900197,737,39,698
120900198,81,301,-220
120900199,167,608,-441
120900200,23,99,-76
120900201,204,44,160
120900202,2,45,-43
120900203,38,17,21
120900204,48,51,-3
120900205,24,7,17
120900206,43,7,36
120900207,0,25,-25
121000001,553,593,-40
121000002,981,1288,-307
121000003,2812,1465,1347
121000004,1108,2165,-1057
121000005,1787,2445,-658
121000006,1273,2037,-764
121000007,1399,2396,-997
121000008,2009,2738,-729
121000009,2932,4044,-1112
121000010,2833,2725,108
121000011,3451,4702,-1251
121000012,6107,2809,3298
121000013,3406,3265,141
121000014,3335,1953,1382
121000015,2782,4167,-1385
121000016,2002,1621,381
121000017,1406,1751,-345
121000018,2013,1025,988
121000019,3438,4700,-1262
121000020,5186,9743,-4557
121000021,947,840,107
121000022,1082,2010,-928
121000023,1162,444,718
121000024,2633,2679,-46
121000025,143,697,-554
121000026,109,50,59
121000027,771,783,-12
121000028,370,393,-23
121000029,388,339,49
121000030,284,283,1
121000031,264,332,-68
121000032,88,91,-3
121000034,129,171,-42
121000035,63,156,-93
121000036,573,431,142
121000037,257,668,-411
121000038,205,615,-410
121000039,81,190,-109
121000041,140,315,-175
121000042,106,190,-84
121000043,286,542,-256
121000044,431,443,-12
121000045,200,255,-55
121000046,361,498,-137
121000047,37,83,-46
121000049,461,641,-180
121000050,89,1347,-1258
121000051,433,126,307
121000052,260,1004,-744
121000053,120,102,18
121000054,17,232,-215
121000055,431,673,-242
121000056,613,921,-308
121000057,61,133,-72
121000058,100,63,37
121000059,2189,581,1608
121000060,500,756,-256
121000061,8,396,-388
121000062,64,268,-204
121000063,634,1112,-478
121000064,393,561,-168
121000065,135,290,-155
121000066,275,397,-122
121000067,211,222,-11
121000068,227,499,-272
121000069,91,1005,-914
121000070,520,553,-33
121000071,864,1163,-299
121000072,417,305,112
121000073,509,802,-293
121000074,48,102,-54
121000075,18,44,-26
121000076,268,139,129
121000077,63,65,-2
121000078,37,200,-163
121000080,631,305,326
121000081,859,2110,-1251
121000082,76,134,-58
121000083,60,71,-11
121000084,101,148,-47
121000085,195,209,-14
121000086,327,295,32
121000087,37,166,-129
121000088,316,221,95
121000089,170,308,-138
121000090,122,280,-158
121000091,551,603,-52
121000092,110,16,94
121000093,171,72,99
121000094,180,336,-156
121000095,114,509,-395
121000096,2816,704,2112
121000097,264,816,-552
121000098,127,222,-95
121000099,436,216,220
121000100,709,143,566
121000101,215,63,152
121000102,175,43,132
121000103,99,88,11
121000104,187,40,147
121000105,156,38,118
121000106,87,87,0
121000107,937,1473,-536
121000109,729,796,-67
121000110,125,377,-252
121000114,1764,1213,551
121000115,481,237,244
121000116,126,217,-91
121000117,276,67,209
121000118,1210,50,1160
121000119,263,189,74
121000120,196,425,-229
121000121,414,1643,-1229
121000123,214,106,108
121000126,21,343,-322
121000127,57,180,-123
121000128,758,128,630
121000129,759,189,570
121000130,255,1019,-764
121000131,585,570,15
121000132,151,606,-455
121000135,174,513,-339
121000136,349,1177,-828
121000137,220,238,-18
121000138,224,2447,-2223
121000139,54,412,-358
121000141,191,125,66
121000142,207,388,-181
121000143,11,13,-2
121000144,212,898,-686
121000145,307,403,-96
121000146,626,599,27
121000147,707,294,413
121000148,367,273,94
121000149,1126,762,364
121000152,135,134,1
121000153,993,252,741
121000154,713,224,489
121000155,1246,449,797
121000156,324,419,-95
121000157,388,533,-145
121000158,161,178,-17
121000159,141,205,-64
121000160,272,160,112
121000161,167,218,-51
121000162,106,67,39
121000165,470,1670,-1200
121000166,19,320,-301
121000168,254,232,22
121000169,12,75,-63
121000170,110,27,83
121000171,62,58,4
121000172,509,387,122
121000173,1047,921,126
121000174,447,490,-43
121000175,973,191,782
121000176,217,205,12
121000177,401,326,75
121000178,68,18,50
121000179,57,33,24
121000181,167,217,-50
121000182,210,484,-274
121000183,28,432,-404
121000184,25,354,-329
121000185,25,408,-383
121000186,190,523,-333
121000187,195,61,134
121000188,262,25,237
121000192,308,232,76
121000193,339,107,232
121000194,824,1216,-392
121000195,229,616,-387
121000196,310,155,155
121000197,60,247,-187
121000198,71,156,-85
121000199,197,147,50
121000200,450,94,356
121000201,10,216,-206
121000202,591,77,514
121000203,434,522,-88
121000204,2504,307,2197
121000205,197,307,-110
121000206,42,159,-117
121000207,1673,732,941
121000208,3,235,-232
121000209,923,83,840
121000210,702,222,480
121000211,226,80,146
121000212,324,294,30
121000213,5330,1694,3636
121000214,449,1291,-842
121000215,606,593,13
121000216,250,469,-219
121000217,1820,2309,-489
121000218,357,832,-475
121000219,816,356,460
121000220,191,47,144
121000221,278,420,-142
121000222,3260,2118,1142
121000223,142,458,-316
121000224,68,242,-174
121000225,287,4650,-4363
121000226,543,1509,-966
121000227,21,145,-124
121000228,41,309,-268
121000229,106,281,-175
121000230,101,791,-690
121000231,1433,37,1396
121000232,164,94,70
121000233,531,207,324
121000234,5,81,-76
121000235,35,109,-74
121000236,0,31,-31
121000237,3,18,-15
121000238,0,34,-34
121000239,78,15,63
121000240,0,61,-61
121000241,85,18,67
121000242,3,133,-130
121000243,118,22,96
121000244,0,52,-52
121000245,30,3,27
121000246,0,46,-46
121000247,140,3,137
121000248,236,332,-96
121000249,88,210,-122
121000250,520,629,-109
121000251,6,182,-176
121000252,85,131,-46
121000253,162,428,-266
121000254,731,269,462
121000255,63,421,-358
121000256,192,298,-106
121000257,24,217,-193
121000258,32,266,-234
121000259,6,99,-93
121000260,10,74,-64
121000261,40,291,-251
121000262,516,290,226
121000263,209,255,-46
121000271,177,729,-552
121000273,27,14,13
121000274,13,240,-227
121000275,0,4,-4
121000276,5,111,-106
121000278,46,21,25
121000279,9,66,-57
121000280,8,158,-150
121000289,217,61,156
121000290,416,641,-225
121000294,222,48,174
121000297,138,684,-546
121000299,91,1059,-968
121000300,659,401,258
121000302,10,333,-323
121000303,217,79,138
121000304,321,28,293
121000305,231,33,198
121000306,122,98,24
121000308,81,78,3
121000309,178,128,50
121000310,87,66,21
121000311,21,127,-106
121000312,433,215,218
121000313,85,136,-51
121000314,0,12,-12
121000315,2,30,-28
121000530,1367,641,726
121000531,1411,724,687
121000532,2875,4024,-1149
121000533,2363,1565,798
121000918,25,108,-83
121000919,14,76,-62
121000938,23,110,-87
121000939,27,162,-135
121000956,1415,775,640
121000957,16,40,-24
121000958,13,92,-79
121000959,926,291,635
121000960,1170,595,575
121000961,331,24,307
121000962,172,158,14
121000973,0,209,-209
121000976,0,34,-34
121000979,165,196,-31
121000981,252,49,203
121000982,363,203,160
121000983,304,89,215
121000984,1,24,-23
121000985,816,287,529
121000986,563,170,393
121000987,116,347,-231
121000988,921,55,866
121001302,97,62,35
121001308,0,22,-22
121001309,4,293,-289
121001313,159,184,-25
121001314,550,1357,-807
121001315,3201,2110,1091
121900001,91,325,-234
121900002,39,0,39
121900003,166,3,163
121900004,16,218,-202
121900005,16,2,14
121900006,78,5,73
121900007,1825,668,1157
121900008,41,42,-1
121900009,700,66,634
121900010,85,2,83
121900011,175,124,51
121900012,9,0,9
121900013,25,21,4
121900014,670,143,527
121900015,119,74,45
121900016,1,2,-1
121900017,192,352,-160
121900018,219,1,218
121900019,241,59,182
121900020,20,1,19
121900021,720,15,705
121900022,77,47,30
121900023,115,315,-200
121900024,124,55,69
121900025,313,58,255
121900026,67,15,52
121900027,174,193,-19
121900028,124,3,121
121900029,44,317,-273
121900030,119,202,-83
121900031,280,3449,-3169
121900032,38,19,19
121900033,67,78,-11
121900034,171,71,100
121900035,1318,829,489
121900036,43,126,-83
121900037,73,1234,-1161
121900038,9,10,-1
121900039,103,24,79
121900040,14,20,-6
121900041,36,227,-191
121900042,296,62,234
121900043,1,0,1
121900044,18,63,-45
121900046,92,62,30
121900047,49,41,8
121900048,49,37,12
121900050,36,11,25
121900051,87,211,-124
121900052,49,30,19
121900053,292,212,80
121900054,138,371,-233
121900055,3,22,-19
121900058,196,15,181
121900059,121,40,81
121900060,83,177,-94
121900061,66,1219,-1153
121900062,103,80,23
121900063,1024,200,824
121900064,177,196,-19
121900066,26,22,4
121900067,3,3,0
121900069,80,84,-4
121900070,54,151,-97
121900071,401,86,315
121900072,11,33,-22
121900073,24,121,-97
121900074,156,263,-107
121900075,128,482,-354
121900076,197,198,-1
121900077,3,19,-16
121900078,61,52,9
121900079,0,0,0
121900080,258,113,145
121900082,79,34,45
121900084,30,12,18
121900085,0,1,-1
121900086,2,26,-24
121900087,24,47,-23
121900088,508,562,-54
121900089,126,89,37
121900090,5,24,-19
121900091,22,3,19
121900092,151,81,70
121900093,59,31,28
121900094,0,5,-5
121900095,148,64,84
121900096,411,281,130
121900097,206,61,145
121900098,0,0,0
121900099,121,16,105
121900100,6,61,-55
121900101,54,38,16
121900102,2,16,-14
121900103,198,131,67
121900104,819,154,665
121900105,64,55,9
121900106,0,0,0
121900107,50,23,27
121900108,0,0,0
121900109,89,41,48
121900110,352,127,225
121900111,86,100,-14
121900112,38,27,11
121900113,14,141,-127
121900114,20,1,19
121900117,18,17,1
121900118,388,107,281
121900119,117,8,109
121900120,19,204,-185
121900121,41,3,38
121900122,68,37,31
121900123,101,87,14
121900124,45,27,18
121900125,800,374,426
121900127,4,80,-76
121900128,24,8,16
121900129,135,71,64
121900130,16,1312,-1296
121900131,91,8,83
121900132,12,21,-9
121900133,0,255,-255
121900134,4,238,-234
121900135,4131,363,3768
121900136,65,52,13
121900137,8,90,-82
121900138,32,64,-32
121900139,166,700,-534
121900140,7,7,0
121900141,56,6,50
121900142,18,4,14
121900143,7,38,-31
121900144,66,90,-24
121900145,74,119,-45
121900146,64,59,5
121900147,9,43,-34
121900148,28,63,-35
121900149,50,30,20
121900150,32,18,14
121900151,10,42,-32
121900152,60,7,53
121900153,10,134,-124
121900154,0,19,-19
121900155,0,44,-44
121900156,4,8,-4
121900157,0,23,-23
121900158,1,3,-2
121900159,0,21,-21
121900160,2,41,-39
121900161,42,71,-29
121900162,4,23,-19
121900163,189,92,97
121900164,105,74,31
121900165,67,40,27
121900166,159,45,114
121900167,56,5,51
121900168,30,21,9
121900169,1,1,0
121900170,2,30,-28
121900171,464,143,321
121900172,120,91,29
121900173,218,105,113
121900174,92,12,80
121900175,16,74,-58
121900176,220,655,-435
121900177,34,33,1
121900178,9,4,5
121900179,98,216,-118
121900180,670,4159,-3489
121900182,357,208,149
121900183,126,1080,-954
121900184,22,814,-792
121900186,0,264,-264
121900187,1,59,-58
121900188,333,24,309
121900189,17,18,-1
121900190,57,264,-207
121900191,79,146,-67
121900192,97,443,-346
121900193,9,100,-91
121900194,1,105,-104
121900195,7,21,-14
121900196,106,593,-487
121900197,232,347,-115
121900198,2405,673,1732
121900199,0,24,-24
121900200,7,46,-39
121900201,280,258,22
121900202,35,246,-211
121900203,32,412,-380
121900204,279,446,-167
121900205,2,52,-50
121900206,2,50,-48
121900207,4,12,-8
121900208,15,170,-155
121900209,31,33,-2
121900210,758,503,255
121900211,13,23,-10
121900212,6,58,-52
121900213,185,11,174
121900214,0,188,-188
121900215,10,65,-55
121900216,4,110,-106
121900217,62,144,-82
121900218,41,272,-231
121900220,48,6,42
121900221,152,166,-14
121900222,153,11,142
121900223,14,15,-1
121900224,25,27,-2
121900225,31,89,-58
121900226,91,16,75
121900227,98,300,-202
121900228,35,50,-15
121900230,27,133,-106
121900231,39,167,-128
121900232,40,100,-60
121900233,38,36,2
121900234,104,39,65
121900235,256,59,197
121900236,158,15,143
121900237,21,93,-72
121900238,23,69,-46
121900239,65,12,53
121900240,120,69,51
121900241,4,16,-12
121900242,0,0,0
121900243,0,0,0
121900244,7,1,6
121900245,83,13,70
121900246,1799,72,1727
121900247,125,65,60
121900248,281,240,41
121900250,101,235,-134
121900251,184,28,156
121900252,109,58,51
121900253,28,292,-264
121900254,53,181,-128
121900255,246,32,214
121900258,2321,871,1450
121900259,83,140,-57
121900260,100,18,82
121900261,8,162,-154
121900262,100,153,-53
121900263,34,66,-32
121900264,246,180,66
121900265,124,44,80
121900266,273,66,207
121900267,28,19,9
121900269,107,394,-287
121900270,76,121,-45
121900271,3,139,-136
121900273,220,1184,-964
121900274,275,95,180
121900277,105,254,-149
121900278,103,256,-153
121900279,56,83,-27
121900280,23,119,-96
121900281,34,165,-131
121900284,18,4,14
121900286,94,39,55
121900287,8,27,-19
121900288,0,0,0
121900290,31,199,-168
121900291,243,203,40
121900292,57,62,-5
121900293,364,1119,-755
121900294,88,0,88
121900295,48,14,34
121900296,73,107,-34
121900298,36,508,-472
121900299,0,32,-32
121900300,14,12,2
121900301,9,0,9
121900302,2,61,-59
121900303,30,68,-38
121900304,1,3,-2
121900305,0,4,-4
121900306,219,0,219
121900307,128,1,127
121900308,4,38,-34
121900309,1,21,-20
121900310,17,88,-71
121900311,273,10,263
121900312,203,4,199
121900313,252,4,248
121900314,0,8,-8
121900315,15,0,15
121900316,0,0,0
121900317,10,2,8
121900318,0,0,0
121900319,57,82,-25
121900320,0,0,0
121900321,26,2,24
121900322,0,0,0
121900323,10,37,-27
121900324,1,2,-1
121900325,9,0,9
121900326,0,0,0
121900327,0,10,-10
121900328,0,2,-2
121900329,0,10,-10
121900330,1,45,-44
121900331,1,129,-128
121900332,38,16,22
121900333,22,0,22
122000001,451,1230,-779
122000002,1250,367,883
122000003,402,736,-334
122000004,573,493,80
122000005,1745,1777,-32
122000006,344,676,-332
122000007,271,758,-487
122000008,466,1097,-631
122000009,138,162,-24
122000010,1293,1401,-108
122000011,1062,639,423
122000012,370,795,-425
122000013,167,773,-606
122000014,1805,512,1293
122000015,528,426,102
122000016,319,364,-45
122000017,485,741,-256
122000018,913,658,255
122000019,463,1027,-564
122000020,127,262,-135
122000021,73,158,-85
122000022,341,589,-248
122000023,161,531,-370
122000024,246,684,-438
122000025,349,577,-228
122000026,193,470,-277
122000027,252,379,-127
122000028,477,411,66
122000029,112,242,-130
122000030,76,22,54
122000031,62,451,-389
122000032,941,768,173
122000033,180,652,-472
122000034,137,456,-319
122000035,110,200,-90
122000036,172,164,8
122000037,157,160,-3
122000038,118,222,-104
122000039,283,143,140
122000040,161,83,78
122000041,265,702,-437
122000042,342,516,-174
122000043,72,53,19
122000044,60,59,1
122000045,445,351,94
122000046,511,336,175
122000047,34,60,-26
122000048,1289,2020,-731
122000049,2614,1379,1235
122000050,316,458,-142
122000051,100,512,-412
122000052,231,427,-196
122000053,150,1430,-1280
122000054,1173,864,309
122000055,1303,2041,-738
122000056,1534,1095,439
122000057,1192,1792,-600
122000058,324,766,-442
122000059,406,953,-547
122000060,210,284,-74
122000061,162,134,28
122000062,394,149,245
122000063,168,449,-281
122000064,1596,3061,-1465
122000065,1327,1382,-55
122000066,373,497,-124
122000067,468,1186,-718
122000068,936,926,10
122000069,458,314,144
122000070,418,758,-340
122000071,1413,669,744
122000072,201,172,29
122000073,59,401,-342
122000074,1008,720,288
122000075,437,419,18
122000076,1447,562,885
122000077,364,841,-477
122000078,355,1002,-647
122000079,186,1062,-876
122000080,182,177,5
122000081,12,110,-98
122000082,172,535,-363
122000083,1761,733,1028
122000084,1301,568,733
122000085,63,169,-106
122000086,1116,3487,-2371
122000087,129,293,-164
122000088,120,266,-146
122000089,2035,1345,690
122000090,139,551,-412
122000091,105,341,-236
122000092,36,28,8
122000093,773,2003,-1230
122000094,2728,1480,1248
122000095,458,1725,-1267
122000096,364,1056,-692
122000098,1428,2341,-913
122000099,206,904,-698
122000100,392,258,134
122000101,147,259,-112
122000102,849,530,319
122000103,503,862,-359
122000104,331,127,204
122000105,153,216,-63
122000106,274,530,-256
122000107,641,310,331
122000108,230,304,-74
122000109,198,163,35
122000110,201,297,-96
122000111,1116,684,432
122000112,576,840,-264
122000113,244,203,41
122000114,624,1682,-1058
122000115,980,1256,-276
122000116,126,280,-154
122000117,307,187,120
122000118,532,131,401
122000119,664,443,221
122000120,417,691,-274
122000121,581,586,-5
122000122,236,370,-134
122000123,434,818,-384
122000124,215,174,41
122000125,57,350,-293
122000126,100,277,-177
122000127,187,196,-9
122000128,222,191,31
122000129,119,973,-854
122000130,898,304,594
122000131,351,112,239
122000132,155,76,79
122000133,554,327,227
122000134,639,556,83
122000135,316,186,130
122000136,310,172,138
122000137,953,329,624
122000139,377,1292,-915
122000140,89,439,-350
122000141,1804,552,1252
122000142,69,431,-362
122000143,234,151,83
122000144,987,245,742
122000145,323,317,6
122000146,163,969,-806
122000147,225,240,-15
122000148,302,493,-191
122000149,683,294,389
122000150,803,316,487
122000151,26,62,-36
122000152,102,75,27
122000153,210,122,88
122000154,92,53,39
122000155,498,846,-348
122000156,2181,1879,302
122000157,401,2224,-1823
122000158,180,298,-118
122000159,602,434,168
122000160,1076,523,553
122000161,473,334,139
122000162,263,543,-280
122000163,117,49,68
122000164,5,61,-56
122000165,207,701,-494
122000166,231,1286,-1055
122000167,123,279,-156
122000168,115,819,-704
122000169,175,78,97
122000170,139,127,12
122000171,23,41,-18
122000172,984,809,175
122000173,999,1421,-422
122000174,462,1402,-940
122000175,249,100,149
122000176,132,1279,-1147
122000177,601,987,-386
122000178,2326,1597,729
122000179,1437,1618,-181
122000180,296,539,-243
122000181,336,1073,-737
122000182,385,618,-233
122000183,739,337,402
122000184,1445,1275,170
122000185,405,1067,-662
122000186,152,548,-396
122000187,1331,436,895
122000188,96,98,-2
122000189,71,111,-40
122000190,389,801,-412
122000191,227,303,-76
122000192,490,205,285
122000193,467,424,43
122000194,219,66,153
122000195,69,521,-452
122000196,577,154,423
122000197,316,463,-147
122000198,193,905,-712
122000199,216,134,82
122000200,375,313,62
122000201,542,1482,-940
122000202,433,1303,-870
122000203,1080,468,612
122000204,627,511,116
122000205,227,308,-81
122000206,1679,604,1075
122000207,1404,673,731
122000208,1367,721,646
122000209,820,159,661
122000210,756,760,-4
122000211,410,606,-196
122000212,396,344,52
122000213,428,808,-380
122000214,955,1132,-177
122000215,1530,1636,-106
122000217,673,711,-38
122000218,293,49,244
122000219,1246,356,890
122000220,170,470,-300
122000221,149,309,-160
122000222,238,98,140
122000223,226,441,-215
122000225,356,192,164
122000226,632,661,-29
122000227,47,468,-421
122000228,87,174,-87
122000229,3,238,-235
122000230,15,291,-276
122000231,109,469,-360
122000232,220,385,-165
122000233,0,48,-48
122000234,358,217,141
122000235,255,79,176
122000236,976,39,937
122000237,58,44,14
122000238,143,328,-185
122000239,466,79,387
122000240,640,134,506
122000241,1085,164,921
122000242,221,57,164
122000243,14,60,-46
122000244,8,366,-358
122000245,1,406,-405
122000246,8,94,-86
122000247,225,685,-460
122000248,1483,400,1083
122000249,597,580,17
122000250,875,276,599
122000251,13,54,-41
122000252,116,39,77
122000253,27,36,-9
122000254,238,62,176
122000255,252,472,-220
122000256,209,228,-19
122000257,182,152,30
122000258,144,267,-123
122000259,41,496,-455
122000260,12,258,-246
122000261,15,209,-194
122000262,0,67,-67
122000263,87,153,-66
122000264,994,175,819
122000265,1238,459,779
122000266,2088,244,1844
122000267,34,294,-260
122000268,138,51,87
122000269,608,79,529
122000270,291,49,242
122000271,146,419,-273
122000272,121,178,-57
122000273,241,95,146
122000274,129,121,8
122000275,17,265,-248
122000276,827,322,505
122000277,493,1080,-587
122000278,1132,102,1030
122000279,140,143,-3
122000280,287,233,54
122000281,362,175,187
122000282,36,692,-656
122000283,39,174,-135
122000284,66,57,9
122000285,341,93,248
122000286,21,145,-124
122000287,1071,1454,-383
122000288,156,165,-9
122000291,1291,459,832
122000293,105,53,52
122000294,35,286,-251
122000295,979,209,770
122000296,15,738,-723
122000297,971,3505,-2534
122000299,290,230,60
122000300,120,324,-204
122000301,3055,2874,181
122000302,182,1942,-1760
122000303,893,530,363
122000304,5,246,-241
122000305,1317,168,1149
122000306,55,262,-207
122000307,51,48,3
122000309,39,67,-28
122000310,15,109,-94
122000311,51,70,-19
122000312,128,241,-113
122000313,10,176,-166
122000314,123,413,-290
122000315,259,53,206
122000316,941,169,772
122000317,2003,130,1873
122000318,285,1378,-1093
122000319,68,199,-131
122000320,153,301,-148
122000321,56,107,-51
122000322,720,731,-11
122000323,295,716,-421
122000324,520,1106,-586
122000325,404,795,-391
122000326,121,67,54
122000327,124,317,-193
122000328,296,209,87
122000330,937,627,310
122000332,112,1943,-1831
122000333,44,54,-10
122000337,686,244,442
122000338,294,143,151
122000340,24,510,-486
122000342,877,463,414
122000343,385,275,110
122000344,120,7,113
122000345,53,132,-79
122000346,67,23,44
122000348,313,477,-164
122000349,6,108,-102
122000351,187,241,-54
122000352,143,56,87
122000353,61,11,50
122000355,84,308,-224
122000356,158,513,-355
122000357,50,17,33
122000358,0,1,-1
122000359,0,4,-4
122000360,0,0,0
122000362,1,11,-10
122000364,315,86,229
122000365,0,21,-21
122000366,14,0,14
122000368,288,191,97
122000370,3,0,3
122000371,82,0,82
122000372,23,0,23
122000381,175,130,45
122000382,15,235,-220
122000384,566,527,39
122000385,50,15,35
122000386,77,785,-708
122000387,132,651,-519
122000388,523,349,174
122000389,63,289,-226
122000390,112,417,-305
122000391,23,489,-466
122000392,90,49,41
122000393,11,360,-349
122000394,340,137,203
122000395,114,62,52
122000396,163,19,144
122000397,7,44,-37
122000398,5,133,-128
122000399,66,25,41
122000400,8,307,-299
122000401,51,35,16
122000402,347,93,254
122000403,122,213,-91
122000404,327,72,255
122000408,229,631,-402
122000503,4,105,-101
122000524,36,110,-74
122000544,52,1152,-1100
122000616,91,0,91
122000640,108,55,53
122000641,144,158,-14
122000642,935,259,676
122000643,47,73,-26
122000644,52,19,33
122000645,41,95,-54
122000651,218,694,-476
122000664,117,15,102
122000665,314,203,111
122000666,158,254,-96
122000673,15,126,-111
122000674,453,185,268
122000675,1427,400,1027
122000686,256,509,-253
122000687,1514,174,1340
122000688,371,260,111
122000689,1062,162,900
122000690,2506,149,2357
122000691,919,368,551
122000692,1000,104,896
122000693,400,480,-80
122000695,292,170,122
122000696,516,114,402
122000698,183,118,65
122000699,310,112,198
122000701,1157,222,935
122000702,255,543,-288
122000703,45,37,8
122000717,10,81,-71
122000718,30,866,-836
122000719,2,40,-38
122000720,574,59,515
122000724,57,38,19
122900001,20,12,8
122900002,325,4614,-4289
122900003,313,6,307
122900004,2800,144,2656
122900005,60,240,-180
122900006,71,1337,-1266
122900007,24,78,-54
122900008,97,295,-198
122900009,63,77,-14
122900010,281,84,197
122900012,233,219,14
122900014,69,34,35
122900015,756,308,448
122900016,49,69,-20
122900017,197,323,-126
122900018,67,4,63
122900019,22,128,-106
122900020,48,563,-515
122900021,40,239,-199
122900022,842,555,287
122900023,429,99,330
122900024,70,75,-5
122900025,1,71,-70
122900026,6,24,-18
122900027,11,438,-427
122900028,50,50,0
122900029,2494,1159,1335
122900030,461,70,391
122900031,14,241,-227
122900032,115,179,-64
122900033,141,72,69
122900034,1429,1982,-553
122900035,13,23,-10
122900036,64,11,53
122900037,108,54,54
122900038,34,1042,-1008
122900039,35,268,-233
122900040,174,414,-240
122900041,58,275,-217
122900042,130,154,-24
122900043,180,135,45
122900044,36,247,-211
122900045,30,100,-70
122900046,49,219,-170
122900047,63,45,18
122900048,22,193,-171
122900049,1391,85,1306
122900051,8,150,-142
122900052,101,51,50
122900053,4,6,-2
122900055,112,26,86
122900057,177,10,167
122900061,292,4,288
122900062,223,413,-190
122900063,164,82,82
122900064,654,407,247
122900065,232,131,101
122900066,334,88,246
122900067,331,117,214
122900068,22,40,-18
122900069,168,815,-647
122900070,238,19,219
122900071,27,95,-68
122900072,10,138,-128
122900073,65,38,27
122900074,1175,113,1062
122900075,0,17,-17
122900076,0,41,-41
122900077,0,2,-2
122900078,279,5,274
122900080,17,32,-15
122900081,105,33,72
122900082,982,39,943
122900083,16,48,-32
122900084,1,83,-82
122900086,3,76,-73
122900087,272,539,-267
122900088,14,154,-140
122900089,0,270,-270
122900090,0,50,-50
122900091,397,4,393
122900092,0,50,-50
122900093,0,38,-38
122900094,0,64,-64
122900095,181,6,175
122900096,445,29,416
122900097,14,17,-3
122900098,12,78,-66
122900099,74,56,18
122900100,13,558,-545
122900101,109,139,-30
122900102,34,45,-11
122900103,363,4,359
122900104,191,3,188
122900105,30,7,23
122900106,3,12,-9
122900107,1,10,-9
122900108,0,8,-8
123000001,475,383,92
123000002,1639,4408,-2769
123000003,2588,2016,572
123000004,1459,2332,-873
123000005,2309,1404,905
123000006,1310,1234,76
123000007,2188,1279,909
123000008,1169,1984,-815
123000009,2548,2525,23
123000010,1658,2284,-626
123000011,897,743,154
123000012,279,1209,-930
123000013,2631,550,2081
123000014,251,1815,-1564
123000015,1579,593,986
123000016,1651,1767,-116
123000017,4467,1924,2543
123000018,146,56,90
123000019,492,26,466
123000020,380,17,363
123000021,234,270,-36
123000022,681,1243,-562
123000023,1832,1585,247
123000024,1073,591,482
123000025,3,63,-60
123000026,9,261,-252
123000027,5,456,-451
123000028,73,3123,-3050
123000029,69,1377,-1308
123000030,213,91,122
123000031,494,141,353
123000032,838,145,693
123000033,217,76,141
123000034,571,407,164
123000035,163,270,-107
123000036,81,521,-440
123000037,93,101,-8
123000038,26,217,-191
123000039,355,1194,-839
123000040,340,81,259
123000041,254,505,-251
123000042,257,352,-95
123000043,845,7786,-6941
123000044,2528,1109,1419
123000045,2209,964,1245
123000046,131,460,-329
123000047,203,557,-354
123000048,122,1433,-1311
123000049,3074,5018,-1944
123000050,1342,808,534
123000051,17,75,-58
123000052,437,1246,-809
123000053,1185,1341,-156
123000054,936,1373,-437
123000055,1447,3052,-1605
123000056,516,450,66
123000057,2323,2588,-265
123000058,304,854,-550
123000059,64,230,-166
123000060,622,200,422
123000061,181,304,-123
123000063,760,468,292
123000064,1007,117,890
123000065,1764,1774,-10
123000066,177,209,-32
123000067,460,251,209
123000068,773,754,19
123000069,1837,623,1214
123000070,118,160,-42
123000071,1339,362,977
123000072,684,234,450
123000073,1486,454,1032
123000074,499,374,125
123000075,164,836,-672
123000076,434,138,296
123000077,999,674,325
123000078,1321,506,815
123000079,1649,746,903
123000080,1492,368,1124
123000081,175,207,-32
123000082,112,465,-353
123000083,647,90,557
123000084,511,189,322
123000085,328,36,292
123000086,652,39,613
123000087,267,117,150
123000088,606,271,335
123000089,551,454,97
123000090,850,388,462
123000091,773,729,44
123000092,453,514,-61
123000094,452,76,376
123000095,533,296,237
123000096,691,111,580
123000097,332,112,220
123000098,559,134,425
123000099,618,170,448
123000100,164,512,-348
123000101,254,125,129
123000102,285,684,-399
123000104,178,152,26
123000105,227,71,156
123000106,308,158,150
123000107,185,86,99
123000108,355,504,-149
123000111,521,94,427
123000112,756,146,610
123000113,352,220,132
123000114,211,347,-136
123000115,152,253,-101
123000116,32,35,-3
123000117,1511,692,819
123000118,383,231,152
123000119,102,198,-96
123000120,131,256,-125
123000121,380,234,146
123000122,237,71,166
123000123,311,201,110
123000124,232,88,144
123000125,867,692,175
123000126,782,2571,-1789
123000127,320,343,-23
123000128,140,114,26
123000129,898,30,868
123000130,658,12,646
123000131,1133,388,745
123000132,117,221,-104
123000133,90,40,50
123000134,201,30,171
123000135,1622,303,1319
123000136,141,190,-49
123000137,66,78,-12
123000138,51,145,-94
123000139,640,75,565
123000140,40,172,-132
123000141,261,46,215
123000142,645,349,296
123000143,438,813,-375
123000144,3,20,-17
123000145,141,442,-301
123000146,21,243,-222
123000147,11,329,-318
123000149,115,246,-131
123000150,42,127,-85
123000151,86,246,-160
123000152,7,285,-278
123000153,26,625,-599
123000154,658,1404,-746
123000155,1281,1084,197
123000156,10,18,-8
123000157,343,659,-316
123000158,196,476,-280
123000159,1195,2512,-1317
123000160,547,625,-78
123000161,853,876,-23
123000162,972,1105,-133
123000163,885,105,780
123000164,1801,99,1702
123000165,149,562,-413
123000166,10,45,-35
123000167,100,45,55
123000168,204,127,77
123000169,787,45,742
123000170,102,44,58
123000171,1006,25,981
123000172,92,168,-76
123000173,416,103,313
123000174,462,198,264
123000175,153,343,-190
123000176,676,179,497
123000177,106,536,-430
123000178,695,145,550
123000179,4,367,-363
123000180,1151,123,1028
123000181,270,432,-162
123000182,189,143,46
123000183,102,273,-171
123000184,43,238,-195
123000185,793,328,465
123000186,52,209,-157
123000187,403,17,386
123000188,350,0,350
123000189,522,144,378
123000190,50,167,-117
123000192,8,173,-165
123000193,6,160,-154
123000194,176,118,58
123000195,249,3,246
123000196,450,4,446
123000197,46,61,-15
123000198,58,512,-454
123000199,39,305,-266
123000200,592,14,578
123000201,1025,41,984
123000202,2,247,-245
123000203,914,33,881
123000204,60,315,-255
123000205,126,386,-260
123000206,2615,138,2477
123000207,42,382,-340
123000208,617,59,558
123000209,1314,254,1060
123000210,108,530,-422
123000211,201,638,-437
123000212,3358,280,3078
123000213,384,68,316
123000215,37,92,-55
123000216,150,559,-409
123000217,143,22,121
123000218,76,204,-128
123000219,423,99,324
123000220,248,66,182
123000221,89,26,63
123000222,367,186,181
123000223,521,144,377
123000224,364,148,216
123000225,165,16,149
123000226,172,92,80
123000227,58,96,-38
123000228,369,26,343
123000229,419,242,177
123000232,26,168,-142
123000233,833,47,786
123000234,77,163,-86
123000235,858,175,683
123000236,199,224,-25
123000237,463,54,409
123000238,30,166,-136
123000239,152,253,-101
123000240,25,444,-419
123000241,167,16,151
123000242,230,113,117
123000243,466,563,-97
123000244,502,189,313
123000245,4,36,-32
123000249,186,313,-127
123000252,559,105,454
123000253,1289,310,979
123000254,536,286,250
123000255,465,379,86
123000256,16,101,-85
123000257,721,520,201
123000258,502,257,245
123000259,367,279,88
123000260,516,80,436
123000261,295,80,215
123000262,26,28,-2
123000263,334,10,324
123000264,212,39,173
123000265,7,35,-28
123000266,281,252,29
123000267,614,189,425
123000268,12,21,-9
123000269,30,38,-8
123000270,12,42,-30
123000271,26,8,18
123000272,535,195,340
123000273,202,736,-534
123000274,954,393,561
123000275,85,251,-166
123000278,807,1824,-1017
123000279,137,36,101
123000280,208,187,21
123000281,221,58,163
123000282,48,140,-92
123000283,287,17,270
123000284,13,26,-13
123000286,46,273,-227
123000287,92,150,-58
123000288,566,846,-280
123000289,87,1068,-981
123000291,74,236,-162
123000294,151,137,14
123000295,653,1423,-770
123000296,737,750,-13
123000297,580,226,354
123000298,921,131,790
123000299,97,73,24
123000300,787,307,480
123000301,88,208,-120
123000302,217,54,163
123000303,24,637,-613
123000305,241,349,-108
123000306,208,47,161
123000309,30,40,-10
123000310,85,5,80
123000311,0,208,-208
123000312,238,241,-3
123000313,475,327,148
123000315,374,87,287
123000316,594,30,564
123000317,145,150,-5
123000318,21,132,-111
123000329,5,10,-5
123000337,193,528,-335
123000338,76,344,-268
123000339,317,39,278
123000340,64,129,-65
123000342,0,384,-384
123000343,118,14,104
123000344,246,134,112
123000345,116,211,-95
123000346,314,54,260
123000352,398,261,137
123000353,75,253,-178
123000354,505,2,503
123000355,1,831,-830
123000356,327,2,325
123000357,0,47,-47
123000359,0,37,-37
123000360,82,163,-81
123000361,582,80,502
123000362,283,45,238
123000363,140,55,85
123000364,307,211,96
123000365,17,156,-139
123000366,162,1337,-1175
123000367,123,189,-66
123000370,8,53,-45
123000371,544,19,525
123000372,224,8,216
123000373,1,41,-40
123000374,1,19,-18
123000375,343,27,316
123000376,752,423,329
123000377,711,7,704
123000378,7,137,-130
123000379,2,169,-167
123000380,1,68,-67
123000381,68,193,-125
123000382,709,89,620
123000383,28,231,-203
123000384,508,172,336
123000385,66,111,-45
123000436,74,1194,-1120
123000507,57,111,-54
123000508,81,986,-905
123000517,98,4,94
123000518,21,59,-38
123000519,83,37,46
123000520,22,55,-33
123000521,314,44,270
123000522,108,143,-35
123000541,13,1,12
123000542,0,0,0
123000565,0,0,0
123000566,1009,319,690
123000567,233,145,88
123000573,3,24,-21
123000574,790,35,755
123000575,2176,76,2100
123000576,706,292,414
123000577,55,171,-116
123000578,346,143,203
123000579,550,3570,-3020
123000580,104,24,80
123000582,382,18,364
123000583,6,172,-166
123000584,107,101,6
123000585,0,11,-11
123000586,103,17,86
123000596,25,10,15
123000597,78,98,-20
123000602,87,21,66
123000603,1427,143,1284
123000604,540,139,401
123000605,338,97,241
123000606,0,125,-125
123000609,8,193,-185
123000610,31,30,1
123000613,9,75,-66
123000614,354,35,319
123000615,35,31,4
123000616,919,38,881
123000617,53,94,-41
123000618,8,335,-327
123000619,421,12,409
123000620,6,179,-173
123000622,499,11,488
123000624,228,9,219
123000630,1568,279,1289
123000631,103,267,-164
123000632,329,233,96
123000633,0,200,-200
123000634,1,174,-173
123000635,15,61,-46
123000636,23,266,-243
123000637,100,22,78
123000638,420,115,305
123000639,771,4272,-3501
123000640,7,228,-221
123900001,774,52,722
123900002,33,728,-695
123900003,37,237,-200
123900005,173,171,2
123900006,286,38,248
124000001,1497,142,1355
124000002,2,517,-515
124000003,1145,152,993
124000004,4,142,-138
124000005,1029,974,55
124000006,123,148,-25
124000007,891,123,768
124000008,137,411,-274
124000009,688,464,224
124000010,157,445,-288
124000011,914,511,403
124000012,147,601,-454
124000017,156,115,41
124000018,14,10,4
124000019,167,41,126
124000020,6,24,-18
124000021,96,46,50
124000022,24,30,-6
124000023,652,930,-278
124000024,581,197,384
124000025,729,970,-241
124000026,1142,1163,-21
124000027,2558,1564,994
124000028,1242,3951,-2709
124000030,1033,490,543
124000031,715,7328,-6613
124000032,1251,258,993
124000033,0,212,-212
124000034,1698,609,1089
124000035,9,277,-268
124000036,6,370,-364
124000037,90,560,-470
124000038,0,26,-26
124000039,246,87,159
124000040,132,275,-143
124000041,495,32,463
124000042,147,66,81
124000043,101,38,63
124000044,33,18,15
124000045,1064,111,953
124000046,111,186,-75
124000047,1837,231,1606
124000048,520,194,326
124000049,1573,173,1400
124000050,342,427,-85
124000051,1255,171,1084
124000052,241,380,-139
124000053,516,1469,-953
124000054,342,120,222
124000055,735,2707,-1972
124000056,837,325,512
124000057,1152,315,837
124000058,284,386,-102
124000059,869,790,79
124000060,244,362,-118
124000061,672,3658,-2986
124000062,1113,695,418
124000063,839,490,349
124000064,972,488,484
124000065,0,201,-201
124000066,842,1027,-185
124000067,159,334,-175
124000068,0,0,0
124000069,135,105,30
124000070,0,0,0
124000071,67,57,10
124000072,65,190,-125
124000073,653,44,609
124000074,82,114,-32
124000075,505,39,466
124000076,0,0,0
124000077,174,695,-521
124000078,725,630,95
124000079,69,582,-513
124000080,735,62,673
124000081,128,155,-27
124000082,57,100,-43
124000083,6,35,-29
124000084,33,591,-558
124000085,18,35,-17
124000086,19,262,-243
124000087,32,147,-115
124000088,100,276,-176
124000089,474,47,427
124000090,67,115,-48
124000091,424,34,390
124000092,214,253,-39
124000093,117,128,-11
124000094,47,219,-172
124000095,147,51,96
124000096,79,51,28
124000097,96,62,34
124000098,172,66,106
124000099,157,63,94
124000100,52,80,-28
124000101,109,122,-13
124000102,66,29,37
124000103,141,48,93
124000104,67,44,23
124000105,87,47,40
124000106,48,28,20
124000107,15,186,-171
124000108,23,10,13
124000109,170,52,118
124000110,86,52,34
124000111,172,73,99
124000112,690,309,381
124000113,128,115,13
124000114,357,201,156
124000115,380,668,-288
124000116,46,171,-125
124000117,66,38,28
124000118,15,35,-20
124000119,561,268,293
124000120,382,145,237
124000121,581,399,182
124000122,317,1009,-692
124000123,349,211,138
124000124,507,237,270
124000125,366,118,248
124000126,234,135,99
124000127,849,133,716
124000128,479,253,226
124000129,949,660,289
124000130,185,129,56
124000131,494,318,176
124000132,207,268,-61
124000133,912,513,399
124000134,388,217,171
124000135,1060,1243,-183
124000136,166,330,-164
124000137,490,589,-99
124000138,279,577,-298
124000139,167,49,118
124000140,6,335,-329
124000141,21,18,3
124000142,4,1209,-1205
124000143,57,8,49
124000144,3,180,-177
124000145,178,21,157
124000146,10,47,-37
124000148,6,37,-31
124000149,595,131,464
124000150,250,330,-80
124000151,861,377,484
124000152,346,465,-119
124000153,1004,870,134
124000154,665,407,258
124000155,603,352,251
124000156,384,428,-44
124000169,64,272,-208
124000170,216,162,54
124000171,171,145,26
124000172,118,270,-152
124000173,455,112,343
124000174,368,260,108
124000175,0,0,0
124000176,73,23,50
124000177,0,0,0
124000178,42,78,-36
124000190,28,89,-61
124000191,72,197,-125
124000192,700,419,281
124000193,67,1617,-1550
124000194,143,184,-41
124000195,322,241,81
124000196,279,411,-132
124000197,85,9,76
124000198,59,33,26
124000201,22,707,-685
124000202,554,23,531
124000203,503,73,430
124000204,1420,29,1391
124000205,73,25,48
124000206,1309,122,1187
124000207,0,61,-61
124000209,241,25,216
124000210,1197,201,996
124000211,1020,7,1013
124000212,0,120,-120
124000213,638,104,534
124000214,635,35,600
124000215,685,26,659
124000216,14,837,-823
124000329,6,476,-470
124000338,6,266,-260
124000339,2059,8,2051
124000341,2336,23,2313
124000344,45,18,27
124000357,912,1773,-861
124000358,668,1433,-765
124000359,1106,395,711
124000360,1187,297,890
124000361,1716,1051,665
124000362,882,1744,-862
124000363,237,102,135
124000364,273,277,-4
124000365,457,528,-71
124000366,1068,614,454
124000367,18,155,-137
124000368,268,694,-426
124000369,61,57,4
124000370,37,599,-562
124000402,26,15,11
124000403,118,29,89
124000404,10,38,-28
124000405,442,250,192
124000406,312,133,179
124000407,1,14,-13
124000411,3,151,-148
124000412,506,1,505
124000413,21,75,-54
124000414,174,32,142
124000415,38,62,-24
124000416,142,138,4
124000417,229,37,192
124000418,244,13,231
124000419,102,38,64
124000420,183,7,176
124000421,50,53,-3
124000422,23,22,1
124000423,89,21,68
124000424,1,126,-125
124000425,32,25,7
124000426,2,409,-407
124000427,21,1,20
124000428,1,266,-265
124000429,134,36,98
124000430,446,186,260
124000431,225,124,101
124000432,185,585,-400
124000439,12,18,-6
124000443,0,0,0
124000445,20,1126,-1106
124000446,508,184,324
124900001,526,70,456
124900002,126,42,84
124900003,522,132,390
124900004,488,111,377
124900005,146,32,114
124900006,448,102,346
124900008,186,256,-70
124900009,8,271,-263
124900010,171,65,106
124900011,712,121,591
124900012,153,47,106
124900013,474,42,432
124900014,322,37,285
124900015,106,348,-242
124900016,91,145,-54
124900017,293,1968,-1675
124900018,77,7,70
124900020,122,15,107
124900021,385,9,376
124900022,71,1,70
124900024,419,2,417
124900026,70,26,44
124900027,51,101,-50
124900028,215,11,204
124900029,14,249,-235
124900030,0,31,-31
124900031,11,79,-68
124900032,64,29,35
124900033,27,30,-3
124900034,40,40,0
124900035,37,25,12
124900036,0,66,-66
124900037,72,71,1
124900038,125,49,76
124900039,0,37,-37
124900040,25,28,-3
124900041,220,139,81
124900042,16,1,15
124900043,265,171,94
124900044,36,0,36
124900045,136,254,-118
124900046,113,41,72
124900047,14,42,-28
124900048,194,41,153
124900050,95,45,50
124900052,19,70,-51
124900053,81,59,22
124900054,411,94,317
124900055,0,3,-3
124900057,0,0,0
124900060,0,30,-30
124900061,133,1,132
124900062,131,3,128
124900066,0,2,-2
124900067,0,0,0
124900068,89,501,-412
124900070,4,3,1
124900072,153,17,136
124900074,298,508,-210
124900075,207,52,155
124900076,49,532,-483
124900077,2,39,-37
124900078,51,6,45
124900079,92,54,38
124900080,167,90,77
124900081,733,58,675
124900082,202,89,113
124900083,206,91,115
124900084,446,40,406
124900085,186,169,17
124900086,9,268,-259
124900087,67,27,40
124900088,55,15,40
124900089,213,6,207
124900090,557,63,494
124900091,100,75,25
124900092,132,47,85
124900093,453,66,387
124900094,584,63,521
124900095,87,383,-296
124900096,162,69,93
124900097,452,9,443
124900098,72,135,-63
124900099,69,178,-109
124900100,228,9,219
124900101,100,27,73
124900102,305,10,295
124900103,21,74,-53
124900104,24,75,-51
124900105,40,12,28
124900106,238,19,219
124900107,191,3,188
124900108,72,18,54
124900109,14,48,-34
124900110,238,90,148
124900111,0,0,0
124900112,46,74,-28
124900113,5,31,-26
124900114,2,25,-23
124900115,0,6,-6
124900116,233,244,-11
124900117,128,151,-23
124900118,12,414,-402
124900119,136,143,-7
124900120,0,27,-27
124900121,11,242,-231
124900122,59,50,9
124900123,34,20,14
124900124,11,45,-34
129000186,76,169,-93
204000001,55,2,53
204000002,4,18,-14
204000003,31,0,31
204000004,8,1,7
204000005,303,157,146
204000006,1029,769,260
204000011,0,0,0
204000012,7,6,1
204000013,0,1,-1
204000019,1083,237,846
204000020,659,158,501
204000021,515,473,42
204000022,1023,309,714
204000023,133,433,-300
204000031,43,27,16
204000032,125,48,77
204000034,3,16,-13
204000035,0,6,-6
204000036,0,7,-7
204000037,0,10,-10
204000038,0,30,-30
204000039,9,30,-21
204000040,5,4,1
204000041,6,10,-4
204000042,31,15,16
204000043,14,7,7
204000044,52,6,46
204000045,56,1,55
204000046,28,1,27
204000057,5,37,-32
204000062,6,135,-129
204000068,1,65,-64
204000069,13,82,-69
204000070,86,24,62
204000080,31,19,12
204000085,429,227,202
204000086,405,549,-144
204000087,29,7,22
204000088,0,0,0
204000090,1,21,-20
204000093,545,31,514
204000096,892,282,610
204000097,419,8,411
204000099,709,1314,-605
204000100,1405,509,896
204000105,358,142,216
204000110,134,357,-223
204000111,111,230,-119
204000112,107,164,-57
204000113,109,211,-102
204000114,877,792,85
204000115,476,156,320
204000116,342,59,283
204000119,2095,632,1463
204000132,465,386,79
204000133,682,96,586
204000134,115,44,71
204000135,407,24,383
204000136,538,136,402
204000138,213,614,-401
204000140,181,72,109
204000141,123,24,99
204000144,0,25,-25
204000145,385,10,375
204000146,2,8,-6
204000147,2,48,-46
204000148,65,28,37
204000154,28,2,26
204000155,0,45,-45
204000177,45,29,16
204000179,24,23,1
204000180,0,8,-8
204000222,21,38,-17
204000235,21,10,11
204000236,26,25,1
204000238,16,23,-7
204000240,217,34,183
204000263,139,180,-41
204000268,404,126,278
204000308,47,7,40
204000317,0,31,-31
204000322,6,43,-37
204000323,6,24,-18
204000328,293,11,282
204000329,40,50,-10
204000330,173,14,159
204000331,1,2,-1
204010341,21,143,-122
205000001,138,285,-147
205000013,2,12,-10
205000014,0,5,-5
205000015,7,7,0
205000016,8,20,-12
205000017,15,8,7
205000022,81,168,-87
205000025,197,108,89
205000029,459,3,456
205000045,79,75,4
205000046,37,36,1
205000047,45,19,26
205000048,179,63,116
205000049,53,43,10
205000050,75,18,57
205000059,0,20,-20
205000060,2,22,-20
205000061,0,80,-80
205000062,0,30,-30
205000063,8,92,-84
205000064,2,54,-52
205000065,16,183,-167
205000066,58,90,-32
205000067,35,145,-110
205000069,87,15,72
205000082,79,57,22
205000110,16,23,-7
205000111,29,30,-1
205000112,66,79,-13
205000113,33,38,-5
205000121,86,84,2
205000123,12,18,-6
205000126,462,104,358
205000127,431,42,389
205000128,258,30,228
205000129,497,51,446
205000130,122,18,104
205000131,9,12,-3
205000132,63,10,53
205000133,52,2,50
205000134,223,0,223
205000137,7,18,-11
205000138,15,44,-29
205000139,0,20,-20
205000144,38,40,-2
205000145,140,23,117
205000151,54,40,14
205000152,85,35,50
205000153,117,41,76
205000154,29,42,-13
205000155,37,33,4
205000207,0,0,0
205000233,16,1,15
205000234,0,0,0
205000243,0,1,-1
205000244,0,2,-2
205000245,0,36,-36
205000249,0,18,-18
205000250,2,1,1
205000264,1,10,-9
206000027,10,23,-13
206000028,3,1,2
206000043,3,31,-28
206000053,0,2,-2
206000054,0,2,-2
206000055,2,2,0
206000075,8,36,-28
206000076,15,10,5
206000077,28,9,19
206000078,2,0,2
206000079,28,8,20
206000082,336,113,223
206000100,2,171,-169
206000103,0,0,0
206000104,0,0,0
206000105,0,0,0
206000106,0,0,0
206000108,550,65,485
206000125,140,0,140
206000157,1,52,-51
206000170,1,107,-106
206000171,1,112,-111
206000172,24,88,-64
206000173,2,30,-28
206000174,7,26,-19
206000175,1,30,-29
206000176,14,44,-30
206000177,0,26,-26
206000178,0,115,-115
206000179,3,39,-36
206000180,4,26,-22
206000181,2,36,-34
206000182,8,26,-18
206000183,6,82,-76
206000184,1,20,-19
206000185,2,25,-23
206000186,3,176,-173
206000223,0,67,-67
206000226,60,2,58
206000227,17,2,15
206000237,7,52,-45
206000238,0,124,-124
206000239,54,559,-505
206000240,0,0,0
206000241,0,58,-58
206000242,4,46,-42
206000243,2,36,-34
206000244,14,88,-74
206000245,2288,37,2251
206000246,742,12,730
206000247,865,1,864
206000248,747,10,737
206000252,18,55,-37
206000258,0,0,0
206000315,28,8,20
206000317,657,206,451
206000318,668,70,598
206000319,3566,44,3522
206000320,1151,28,1123
206000321,1290,7,1283
206000322,1703,6,1697
206000323,509,1,508
206000324,727,1,726
206000325,422,4,418
206000326,483,18,465
206000327,30,3,27
206000328,421,1,420
206000329,914,0,914
206000330,195,2,193
206000331,471,1,470
206000332,137,1,136
206000333,1871,3,1868
206000334,1092,4,1088
206000335,0,9,-9
206000361,1,28,-27
206000392,0,4,-4
206000405,191,0,191
206000441,151,27,124
206000498,54,4,50
206000515,42,41,1
206000530,506,22,484
206000531,241,201,40
206000532,732,166,566
206000535,22,652,-630
206000536,2,59,-57
206000537,1,92,-91
206000613,1168,334,834
207000001,18,164,-146
207000002,27,82,-55
207000003,31,107,-76
207000007,1747,115,1632
207000008,392,2,390
207000009,38,7,31
207000010,41,130,-89
207000012,451,77,374
207000015,38,273,-235
207000019,288,35,253
207000021,247,213,34
207000022,176,116,60
207000023,201,28,173
207000024,5,17,-12
207000025,15,47,-32
207000026,0,0,0
207000027,0,0,0
207000028,0,35,-35
207000029,11,97,-86
207000033,196,209,-13
207000034,243,40,203
207000039,774,30,744
207000040,967,13,954
207000041,197,4,193
207000042,443,20,423
207000043,283,129,154
207000051,1,25,-24
207000052,0,12,-12
207000053,116,208,-92
207000054,13,55,-42
207000055,23,39,-16
207000056,69,148,-79
207000057,50,72,-22
207000058,39,86,-47
207000059,35,113,-78
207000060,8,260,-252
207000061,93,982,-889
207000062,565,24,541
207000063,564,36,528
207000064,409,34,375
207000065,288,90,198
207000066,457,101,356
207000067,84,25,59
207000068,123,32,91
207000069,643,158,485
207000082,8,50,-42
207000083,25,145,-120
207000084,540,152,388
207000085,345,32,313
207000086,662,7,655
207000106,116,12,104
207000107,198,2,196
207000108,164,1,163
207000109,81,0,81
207000110,27,15,12
207000111,82,42,40
207000112,29,270,-241
207000114,0,0,0
207000115,0,0,0
207000116,0,0,0
207000117,0,0,0
207000118,0,0,0
207000119,0,0,0
207000123,237,3,234
207000124,118,11,107
207000125,70,3,67
207000126,78,1,77
207000134,262,63,199
207000135,53,133,-80
207000148,91,176,-85
207000149,0,0,0
207000152,5,159,-154
207000153,28,300,-272
207000154,242,70,172
207000159,6,11,-5
207000160,12,16,-4
207000238,0,0,0
207000242,0,0,0
207000248,0,0,0
207000249,0,0,0
207000250,0,0,0
207000251,0,0,0
207000252,0,0,0
207000278,178,56,122
207000279,1,7,-6
207000280,1069,35,1034
207000281,40,271,-231
207000282,30,466,-436
207000283,13,88,-75
207000284,35,1358,-1323
207000285,38,93,-55
207000291,0,0,0
207000304,42,25,17
207000306,23,170,-147
207000310,157,65,92
207000353,42,0,42
207000356,0,35,-35
207000357,2,17,-15
207000358,0,25,-25
207000415,0,0,0
207000417,40,0,40
207000418,66,52,14
207000438,0,1,-1
207000439,307,143,164
207000446,72,0,72
207000460,108,14,94
207000466,0,6,-6
207000467,755,44,711
207000468,3,27,-24
207000476,4,13,-9
207000477,272,32,240
207000478,0,21,-21
207000523,0,0,0
207000524,35,0,35
207000527,181,49,132
207000530,250,2,248
207000531,110,1,109
207000532,51,25,26
207000534,93,13,80
207000535,0,0,0
207000537,0,0,0
207000540,0,0,0
207000541,0,0,0
207000548,0,0,0
207000549,173,4,169
207000561,126,51,75
207000562,0,0,0
207000567,13,104,-91
207000568,262,41,221
207000569,730,100,630
207000584,0,0,0
207000585,25,65,-40
207000616,0,33,-33
207000617,221,0,221
207900008,757,78,679
208000001,426,621,-195
208000002,461,551,-90
208000003,669,265,404
208000004,572,322,250
208000005,0,0,0
208000019,859,237,622
208000020,246,130,116
208000021,193,215,-22
208000022,365,177,188
208000028,506,1149,-643
208000033,210,109,101
208000034,331,617,-286
208000040,197,68,129
208000041,486,345,141
208000042,939,265,674
208000047,88,92,-4
208000064,1231,1154,77
208000066,824,701,123
208000070,538,345,193
208000071,552,207,345
208000072,811,322,489
208000080,201,173,28
208000081,349,70,279
208000082,93,47,46
208000083,84,58,26
208000084,7,76,-69
208000085,305,110,195
208000086,288,170,118
208000087,241,220,21
208000089,677,112,565
208000090,400,217,183
208000093,8,69,-61
208000094,142,213,-71
208000095,475,384,91
208000104,1216,336,880
208000105,645,443,202
208000114,63,303,-240
208000115,409,198,211
208000116,1170,978,192
208000117,13,66,-53
208000118,75,196,-121
208000155,336,458,-122
208000158,880,1368,-488
208000186,593,1165,-572
208000204,440,701,-261
208000205,990,374,616
208000282,522,462,60
209000004,585,105,480
209000005,45,22,23
209000006,432,158,274
209000007,277,333,-56
209000010,0,0,0
209000011,0,0,0
209000012,18,17,1
209000013,32,31,1
209000014,14,43,-29
209000025,616,57,559
209000026,1366,100,1266
209000027,60,32,28
209000028,29,50,-21
209000029,59,56,3
209000030,29,52,-23
209000031,290,223,67
209000034,181,175,6
209000035,197,133,64
209000036,357,81,276
209000037,526,107,419
209000038,319,57,262
209000039,95,99,-4
209000040,225,189,36
209000041,155,110,45
209000042,219,123,96
209000043,369,357,12
209000044,344,429,-85
209000045,362,146,216
209000046,412,141,271
209000047,285,101,184
209000048,345,367,-22
209000049,18,31,-13
209000050,127,48,79
209000051,47,25,22
209000052,32,40,-8
209000062,0,0,0
209000063,0,0,0
209000064,0,0,0
209000065,309,17,292
209000066,289,23,266
209000067,277,36,241
209000080,2,21,-19
209000082,120,62,58
209000091,0,0,0
209000093,0,0,0
209000094,0,0,0
209000110,88,59,29
209000111,506,1747,-1241
209000112,1313,303,1010
209000113,2136,237,1899
209000114,1081,327,754
209000115,6,23,-17
209000116,49,94,-45
209000118,3,64,-61
209000119,0,0,0
209000121,6,80,-74
209000135,75,34,41
209000142,910,1707,-797
209000143,0,0,0
209000144,43,267,-224
209000229,135,40,95
209000240,3,11,-8
209000259,5,15,-10
209000260,12,207,-195
209000261,0,276,-276
209000262,4,256,-252
209000263,0,80,-80
209000264,0,51,-51
209000265,212,1,211
209000266,73,0,73
209000267,1096,6,1090
209000268,329,41,288
210000037,202,12,190
210000047,47,6,41
210000048,88,21,67
210000049,80,3,77
210000052,23,4,19
210000053,7,4,3
210000054,7,13,-6
210000070,118,16,102
210000071,151,1,150
210000072,37,0,37
210000073,0,0,0
210000074,0,1,-1
210000075,0,0,0
210000076,0,5,-5
210000077,1,30,-29
210000078,2,49,-47
210000079,6,9,-3
210000080,54,128,-74
210000081,81,13,68
210000082,28,0,28
210000083,27,0,27
210000084,68,0,68
210000085,0,4,-4
210000086,0,2,-2
210000099,3,10,-7
210000100,10,17,-7
210000101,3,17,-14
210000105,1,20,-19
210000159,0,1,-1
210000163,7,15,-8
210000164,271,129,142
210000168,207,27,180
210000187,0,0,0
210000188,0,0,0
210000214,22,0,22
210000219,206,66,140
210000220,157,19,138
210000232,0,1,-1
210000233,3,1,2
210000234,2,1,1
210000235,8,7,1
210000245,0,0,0
210000246,14,1,13
210000258,0,5,-5
210000259,167,29,138
210000282,2,5,-3
210000285,0,5,-5
210000286,2,8,-6
210000290,0,2,-2
210000295,9,18,-9
210000296,7,2,5
210000320,264,26,238
210000321,155,18,137
210000338,21,14,7
210000339,18,88,-70
210000340,5,16,-11
210000341,34,25,9
210000342,69,24,45
210000343,74,44,30
210000344,17,25,-8
210000345,15,94,-79
210000346,12,42,-30
210000347,2,31,-29
210000348,22,18,4
210000349,11,16,-5
210000350,42,17,25
210000351,70,7,63
210000352,46,17,29
210000353,38,22,16
210000354,15,35,-20
210000355,14,72,-58
210000356,44,85,-41
210000357,26,104,-78
210000358,181,185,-4
210000359,93,153,-60
210000360,180,133,47
210000361,319,63,256
210000362,279,113,166
210000363,393,106,287
210000364,202,65,137
210000365,137,17,120
210000366,201,33,168
210000367,70,8,62
210000368,113,17,96
210000369,47,26,21
210000370,136,37,99
210000372,22,17,5
210000373,5,12,-7
210000374,89,27,62
210000375,32,26,6
210000376,15,95,-80
210000404,5,9,-4
210000439,73,11,62
210000472,22,2,20
210000482,106,69,37
210000564,229,109,120
210000567,0,43,-43
210000568,210,0,210
211000092,34,29,5
211000094,18,6,12
211000169,263,2,261
211000172,38,169,-131
211000209,0,65,-65
211000226,3,2,1
211000270,36,19,17
211000275,61,8,53
211000276,135,33,102
211000279,41,14,27
211000281,72,9,63
211507980,0,82,-82
211977296,30,1,29
212000003,316,49,267
212000004,0,16,-16
212000005,2,47,-45
212000006,5,60,-55
212000008,61,67,-6
212000009,4,28,-24
212000012,52,21,31
212000013,6,0,6
212000014,75,32,43
212000015,68,65,3
212000016,137,206,-69
212000027,521,171,350
212000028,368,190,178
212000029,166,221,-55
212000030,39,12,27
212000031,34,26,8
212000048,2,100,-98
212000049,0,72,-72
212000050,5,4,1
212000051,111,30,81
212000052,91,42,49
212000053,41,109,-68
212000054,543,42,501
212000055,528,70,458
212000056,26,49,-23
212000057,22,37,-15
212000058,183,40,143
212000070,76,42,34
212000077,70,65,5
212000099,459,97,362
212000108,324,178,146
212000111,412,27,385
212000120,15,60,-45
212000138,51,11,40
212000156,1,36,-35
212000158,2,72,-70
212000159,575,48,527
212000160,611,74,537
212000161,129,2,127
212000310,23,1,22
212000311,5,53,-48
212000374,7,4,3
213000001,16,221,-205
213000005,621,44,577
213000006,587,59,528
213000007,69,7,62
213000009,136,99,37
213000010,236,41,195
213000011,165,24,141
213000012,191,160,31
213000014,58,21,37
213000015,172,4,168
213000016,214,2,212
213000017,37,0,37
213000018,0,14,-14
213000019,1,32,-31
213000020,91,45,46
213000021,0,30,-30
213000023,435,147,288
213000033,220,481,-261
213000034,451,98,353
213000035,174,233,-59
213000045,124,115,9
213000046,73,70,3
213000047,102,533,-431
213000056,170,8,162
213000069,59,2,57
213000073,1,78,-77
213000074,80,245,-165
213000075,519,4,515
213000076,7,0,7
213000085,0,2,-2
213000086,2,20,-18
213000091,255,7,248
213000092,33,0,33
213000099,97,631,-534
213000100,534,114,420
213000101,591,66,525
213000102,485,114,371
213000103,283,199,84
213000104,35,161,-126
213000105,29,703,-674
213000106,23,68,-45
213000107,81,217,-136
213000108,20,166,-146
213000109,4,125,-121
213000110,6,60,-54
213000111,3,49,-46
213000112,26,267,-241
213000115,20,2,18
213000116,18,179,-161
213000117,5,165,-160
213000118,966,242,724
213000119,9,198,-189
213000120,12,125,-113
213000122,77,242,-165
213000123,38,284,-246
213000124,82,390,-308
213000125,217,40,177
213000126,15,35,-20
213000127,10,70,-60
213000128,66,318,-252
213000129,178,925,-747
213000130,956,326,630
213000132,928,59,869
213000133,797,58,739
213000134,861,9,852
213000136,502,20,482
213000137,525,45,480
213000139,103,17,86
213000147,5,11,-6
213000148,23,39,-16
213000149,8,1,7
213000150,0,163,-163
213000151,0,138,-138
213000152,2,183,-181
213000153,2,154,-152
213000154,56,160,-104
213000155,63,95,-32
213000156,110,199,-89
213000157,863,128,735
213000158,343,298,45
213000159,859,186,673
213000163,1917,161,1756
213000165,531,143,388
213000171,0,5,-5
213000172,0,29,-29
213000173,0,14,-14
213000174,0,15,-15
213000175,2,9,-7
213000176,124,30,94
213000177,204,4,200
213000178,354,1,353
213000179,328,0,328
213000180,469,1,468
213000184,28,217,-189
213000188,616,53,563
213000189,796,26,770
213000190,631,114,517
213000191,597,55,542
213000192,240,53,187
213000193,218,132,86
213000194,0,131,-131
213000195,33,180,-147
213000196,260,513,-253
213000197,456,319,137
213000198,6,1,5
213000200,68,339,-271
213000201,2,104,-102
213000202,8,202,-194
213000203,971,165,806
213000204,862,12,850
213000205,377,12,365
213000206,394,38,356
213000207,28,2,26
213000208,30,1,29
213000209,71,0,71
213000210,128,1,127
213000211,0,35,-35
213000212,0,65,-65
213000213,1,61,-60
213000218,295,317,-22
213000219,1028,8,1020
213000220,1021,7,1014
213000223,216,139,77
213000224,17,61,-44
213000225,53,26,27
213000226,41,9,32
213000227,1172,82,1090
213000228,585,27,558
213000229,87,12,75
213000230,402,18,384
213000232,49,1013,-964
213000233,12,62,-50
213000234,2,11,-9
213000293,3,246,-243
213000294,84,11,73
213000295,5,189,-184
213000296,113,29,84
213000297,6,20,-14
213000298,0,35,-35
213000299,29,26,3
213000300,3,7,-4
213000303,0,12,-12
213000304,0,21,-21
213000305,2,12,-10
213000306,22,36,-14
213000307,42,63,-21
213000308,19,37,-18
213000309,116,17,99
213000310,139,39,100
213000311,25,391,-366
213000315,24,41,-17
213000316,239,70,169
213000322,114,33,81
213000323,159,19,140
213000324,113,14,99
213000325,94,33,61
213000326,93,20,73
213000327,68,36,32
213000328,23,71,-48
213000329,41,19,22
213000340,42,312,-270
213000341,1134,17,1117
213000346,62,243,-181
213000347,151,393,-242
213000348,2,90,-88
213000349,4,31,-27
213000350,215,304,-89
213000366,37,170,-133
213000367,357,9,348
213000379,66,53,13
213000386,11,115,-104
213000406,101,225,-124
213000417,1284,345,939
213000425,360,18,342
213000426,216,20,196
213000427,108,101,7
213000428,59,30,29
213000429,1,1,0
213000430,39,64,-25
213000431,8,3,5
213000432,0,295,-295
213000433,21,55,-34
213000434,201,37,164
213000435,121,19,102
213000436,91,23,68
213000437,1,9,-8
213000438,116,38,78
213000439,86,9,77
213000440,16,113,-97
213000441,1,6,-5
213000442,2,15,-13
213000443,228,334,-106
213000444,58,12,46
213000445,1,83,-82
213000446,0,280,-280
213000447,0,66,-66
213000448,8,115,-107
213000449,842,11,831
213000450,39,5,34
213000451,340,34,306
213000452,12,5,7
213000453,3,37,-34
213000455,161,71,90
213000456,0,222,-222
213000481,0,2,-2
213000482,35,0,35
213000489,66,25,41
213000491,4,340,-336
213000492,43,2,41
213000493,2,451,-449
213000494,342,46,296
213000495,0,15,-15
213000496,460,110,350
213000497,18,198,-180
213000498,75,82,-7
213000499,106,183,-77
213000500,634,20,614
213000501,134,12,122
213000502,44,57,-13
213000503,1,39,-38
213000504,2,84,-82
213000505,35,0,35
213000506,0,1,-1
213000507,4,39,-35
213900016,0,3,-3
213900244,108,0,108
213900245,0,5,-5
218000003,63,11,52
218000004,43,24,19
218000005,11,52,-41
218000006,60,29,31
218000007,12,10,2
218000012,71,155,-84
218000013,51,61,-10
218000014,90,56,34
218000019,379,170,209
218000020,138,176,-38
218000021,14,9,5
218000022,7,4,3
218000023,0,15,-15
218000024,0,9,-9
218000025,4,17,-13
218000026,17,9,8
218000027,21,8,13
218000028,2,5,-3
218000029,5,4,1
218000030,7,1,6
218000031,9,2,7
218000032,0,3,-3
218000040,1,1,0
218000046,121,102,19
218000047,8,79,-71
218000048,147,104,43
218000049,51,100,-49
218000050,404,125,279
218000051,76,121,-45
218000052,0,38,-38
218000053,1,8,-7
218000054,16,37,-21
218000055,1,28,-27
218000056,18,36,-18
218000057,10,29,-19
218000064,0,0,0
218000065,38,8,30
218000066,14,54,-40
218000067,93,34,59
218000068,128,72,56
218000069,465,59,406
218000070,270,170,100
218000071,210,140,70
218000072,104,96,8
218000078,611,271,340
218000079,297,23,274
218000080,183,19,164
218000081,717,27,690
218000082,223,18,205
218000083,24,6,18
218000084,24,45,-21
218000085,48,40,8
218000086,22,21,1
218000087,44,18,26
218000090,30,130,-100
218000091,1108,403,705
218000092,134,54,80
218000093,40,27,13
218000094,350,159,191
218000099,136,68,68
218000100,156,34,122
218000101,100,27,73
218000102,171,42,129
218000103,33,35,-2
218000104,23,15,8
218000105,18,4,14
218000106,32,4,28
218000107,56,37,19
218000108,0,35,-35
218000112,14,12,2
218000117,67,50,17
218000134,325,177,148
218000135,15,85,-70
218000136,126,148,-22
218000137,86,99,-13
218000138,62,46,16
218000139,150,173,-23
218000140,322,164,158
218000141,72,54,18
218000142,145,64,81
218000143,22,140,-118
218000144,9,153,-144
218000145,462,152,310
218000146,62,29,33
218000151,1,20,-19
218000152,38,43,-5
218000153,2,13,-11
218000154,10,10,0
218000155,43,3,40
218000156,131,10,121
218000157,76,0,76
218000158,20,0,20
218000159,11,3,8
218000160,8,2,6
218000161,81,2,79
218000162,101,0,101
218000163,73,6,67
218000164,135,6,129
218000165,156,16,140
218000170,3,24,-21
218000171,51,11,40
218000172,11,8,3
218000173,14,5,9
218000174,15,4,11
218000176,207,10,197
218000177,374,40,334
218000178,125,27,98
218000179,174,38,136
218000180,72,4,68
218000181,259,25,234
218000187,7,16,-9
218000188,2,12,-10
218000189,3,52,-49
218000190,29,8,21
218000191,22,6,16
218000192,65,33,32
218000193,117,81,36
218000194,69,81,-12
218000195,128,41,87
218000196,335,102,233
218000197,718,69,649
218000198,67,21,46
218000199,31,4,27
218000200,38,9,29
218000201,13,2,11
218000202,4,194,-190
218000207,35,4,31
218000208,11,61,-50
218000211,17,5,12
218000212,0,6,-6
218000213,206,150,56
218000214,9,72,-63
218000215,65,58,7
218000217,5,40,-35
218000218,437,68,369
218000219,9,35,-26
218000220,82,320,-238
218000221,601,269,332
218000222,0,49,-49
218000223,33,304,-271
218000224,1,186,-185
218000225,154,26,128
218000226,316,33,283
218000230,0,10,-10
218000232,65,24,41
218000239,101,0,101
218000240,7,1,6
218000241,0,0,0
218000242,1,0,1
218000243,0,1,-1
218000244,19,0,19
218000245,2,12,-10
218000246,0,2,-2
218000247,0,0,0
218000248,0,12,-12
218000249,0,2,-2
218000250,0,7,-7
218000251,0,27,-27
218000252,0,42,-42
218000253,0,19,-19
218000254,0,6,-6
218000255,2,17,-15
218000256,31,86,-55
218000267,380,390,-10
218000268,0,11,-11
218000269,0,10,-10
218000270,31,8,23
218000271,1,9,-8
218000273,63,2,61
218000274,8,8,0
218000275,62,65,-3
218000276,23,18,5
218000278,13,33,-20
218000279,87,7,80
218000280,0,7,-7
218000281,2,6,-4
218000282,366,601,-235
218000284,43,5,38
218000301,17,69,-52
218000302,25,25,0
218000303,4,41,-37
218000316,1141,365,776
218000317,2232,204,2028
218000318,1226,159,1067
218000319,485,268,217
218000320,307,159,148
218000338,11,34,-23
218000345,188,8,180
218000346,14,107,-93
218000459,46,106,-60
218000490,3,27,-24
218000501,72,7,65
218000502,54,13,41
218000503,118,2,116
218000504,40,2,38
218000505,20,24,-4
218000506,4,61,-57
218000508,0,8,-8
218000510,57,12,45
218000520,165,99,66
218000521,0,22,-22
218000522,6,189,-183
218000523,77,0,77
218000524,0,170,-170
218000525,26,14,12
218000526,2,174,-172
218000529,9,44,-35
218000530,49,2,47
218000531,7,14,-7
218000532,67,15,52
218000534,437,18,419
218000537,5,75,-70
218000538,71,128,-57
218000540,48,112,-64
218000543,130,17,113
218000544,1,15,-14
218000545,203,46,157
218000546,11,14,-3
218000547,122,162,-40
218000548,43,97,-54
218000549,770,87,683
218000550,65,147,-82
218000551,49,246,-197
218000552,318,40,278
218000553,33,41,-8
218000554,11,9,2
218000555,8,14,-6
218000556,100,20,80
218000557,583,56,527
218000558,12,1,11
218000559,0,64,-64
218000560,0,46,-46
218000561,5,1,4
218000562,4,102,-98
218000563,57,26,31
218000564,0,88,-88
218000565,84,16,68
218000566,53,14,39
218000567,1,108,-107
218000568,2,0,2
218000569,2,129,-127
218000570,36,23,13
218000571,1,103,-102
218000572,22,2,20
218000573,1,132,-131
218000574,13,3,10
218000575,49,0,49
218000576,0,130,-130
218000577,22,0,22
218000578,0,67,-67
218000579,4,5,-1
218000581,1,32,-31
218000582,114,0,114
218000583,3,0,3
218000584,0,49,-49
218000585,30,7,23
218000586,5,24,-19
218000587,17,0,17
218000588,0,31,-31
218000589,0,49,-49
218000590,0,0,0
218000591,0,93,-93
218000592,7,65,-58
218000593,0,0,0
218000594,1,22,-21
218000595,0,20,-20
218000596,0,0,0
218000597,0,8,-8
218000598,0,7,-7
218000599,1,97,-96
218000600,1,9,-8
218000601,1,22,-21
218000602,0,1,-1
218000603,0,7,-7
218000604,35,0,35
218000605,1,289,-288
218000606,262,1,261
218000607,3,39,-36
218000608,8,9,-1
218000609,2,40,-38
218000610,81,3,78
218000611,5,0,5
218000612,0,17,-17
218000613,22,1,21
218000614,1,24,-23
218000615,153,2,151
218000616,14,246,-232
218000617,3,0,3
218000618,1,21,-20
218000619,18,14,4
218000620,3,30,-27
218000621,0,2,-2
218000622,0,87,-87
218000623,6,0,6
218000624,1,51,-50
218000625,11,2,9
218000626,1,34,-33
218000628,172,108,64
218000631,101,12,89
218000632,2,126,-124
218000633,67,0,67
218000634,0,9,-9
218000635,16,9,7
218000636,308,170,138
218000637,1019,96,923
218000638,380,6,374
218000639,32,28,4
218000640,567,11,556
218000641,59,49,10
218000652,46,41,5
218000653,224,16,208
218000663,0,20,-20
218000675,4,57,-53
218000676,2,6,-4
218000677,31,0,31
218000680,119,88,31
218000681,698,22,676
218000691,190,131,59
218000693,647,45,602
218000703,1,6,-5
218000718,9,112,-103
218000719,19,71,-52
218000720,0,140,-140
218000721,6,9,-3
218000725,13,4,9
218001214,28,24,4
218001258,13,0,13
218001329,55,71,-16
218001330,24,95,-71
218001351,3,5,-2
218001352,4,5,-1
218001353,0,5,-5
218001354,2,47,-45
218001355,41,2,39
218001356,173,4,169
218001357,67,3,64
218001358,172,3,169
218001361,131,4,127
219000001,0,0,0
219000002,0,0,0
219000003,36,23,13
219000004,17,46,-29
219000017,69,23,46
219000020,168,15,153
219000022,158,2,156
219000023,40,1,39
219000029,0,0,0
219000034,63,41,22
219000039,0,0,0
219000040,22,34,-12
219000041,102,46,56
219000051,0,1,-1
219000052,0,1,-1
219000053,0,1,-1
219000054,0,0,0
219000055,289,3,286
219000056,1,0,1
219000057,41,0,41
219000062,8,32,-24
219000063,309,4,305
219000064,0,13,-13
219000110,126,158,-32
219000111,82,62,20
219000112,173,9,164
219000113,173,17,156
219000114,150,13,137
219000116,92,49,43
219000117,73,20,53
219000118,44,16,28
219000123,66,9,57
219000124,10,0,10
219000125,0,0,0
219000126,0,0,0
219000127,0,0,0
219000128,1,5,-4
219000129,0,3,-3
219000130,55,72,-17
219000131,584,675,-91
219000133,21,47,-26
219000134,4,28,-24
219000135,3,58,-55
219000136,51,184,-133
219000138,86,4,82
219000139,51,3,48
219000140,121,0,121
219000141,33,1,32
219000142,14,4,10
219000143,16,0,16
219000145,4,11,-7
219000146,0,0,0
219000147,0,0,0
219000148,0,0,0
219000149,0,0,0
219000150,0,0,0
219000151,0,0,0
219000157,231,42,189
219000158,195,34,161
219000161,172,2,170
219000163,622,235,387
219000166,64,61,3
219000167,50,25,25
219000168,191,37,154
219000174,563,69,494
219000175,153,3,150
219000176,168,6,162
219000177,104,0,104
219000178,105,1,104
219000179,66,51,15
219000180,32,0,32
219000182,45,16,29
219000183,43,4,39
219000184,69,3,66
219000185,0,0,0
219000186,20,12,8
219000187,16,9,7
219000189,14,3,11
219000190,1,0,1
219000191,17,131,-114
219000192,235,141,94
219000193,13,4,9
219000195,0,0,0
219000196,0,0,0
219000198,0,0,0
219000199,0,1,-1
219000200,0,0,0
219000201,1,2,-1
219000203,0,2,-2
219000204,2,25,-23
219000205,13,38,-25
219000207,3,63,-60
219000209,0,0,0
219000210,0,1,-1
219000213,0,31,-31
219000239,91,109,-18
219000240,43,161,-118
219000241,88,43,45
219000242,36,84,-48
219000243,64,361,-297
219000244,8,164,-156
219000245,14,37,-23
219000246,20,28,-8
219000247,246,32,214
219000248,315,350,-35
219000249,164,135,29
219000250,150,46,104
219000251,459,89,370
219000252,186,69,117
219000253,242,7,235
219000255,162,140,22
219000256,368,24,344
219000257,106,0,106
219000262,10,8,2
219000263,26,11,15
219000267,0,0,0
219000268,0,0,0
219000269,0,2,-2
219000270,16,0,16
219000271,140,13,127
219000278,0,0,0
219000279,0,0,0
219000283,0,1,-1
219000295,1,23,-22
219000296,38,62,-24
219000297,8,2,6
219000298,3,1,2
219000299,182,34,148
219000300,7,8,-1
219000301,15,50,-35
219000302,4,15,-11
219000307,0,0,0
219000308,60,18,42
219000311,73,18,55
219000312,262,52,210
219000313,319,44,275
219000314,5,9,-4
219000315,312,17,295
219000316,441,24,417
219000317,136,4,132
219000320,0,0,0
219000321,0,0,0
219000323,0,0,0
219000325,0,0,0
219000326,7,11,-4
219000327,0,0,0
219000328,0,0,0
219000329,216,122,94
219000330,11,7,4
219000331,43,7,36
219000332,181,20,161
219000333,30,16,14
219000335,57,1,56
219000337,5,0,5
219000338,21,0,21
219000344,0,0,0
219000345,0,0,0
219000346,0,0,0
219000348,9,17,-8
219000349,0,13,-13
219000350,0,2,-2
219000351,0,0,0
219000352,11,60,-49
219000353,140,66,74
219000354,647,54,593
219000355,95,6,89
219000356,281,548,-267
219000363,121,20,101
219000364,136,21,115
219000365,58,11,47
219000366,141,652,-511
219000368,202,289,-87
219000370,405,297,108
219000371,0,0,0
219000382,1,6,-5
219000383,57,199,-142
219000385,42,157,-115
219000386,94,367,-273
219000387,0,1,-1
219000390,2,10,-8
219000391,0,0,0
219000397,0,0,0
219000398,31,18,13
219000401,5,34,-29
219000402,4,21,-17
219000403,67,84,-17
219000404,11,19,-8
219000407,3,4,-1
219000409,77,24,53
219000410,84,2,82
219000411,79,1,78
219000446,2,49,-47
219000447,0,0,0
219000448,11,14,-3
219000452,34,83,-49
219000453,9,94,-85
219000454,227,247,-20
219000556,531,28,503
219000558,9,55,-46
219000590,4,114,-110
219000591,270,29,241
219000592,4,56,-52
219000595,0,0,0
219000635,34,41,-7
219000636,1,1,0
219000657,1,4,-3
219000658,0,0,0
219000673,0,0,0
219000676,16,1,15
219000679,39,1,38
219000684,122,0,122
219000685,0,5,-5
219000686,0,5,-5
219000688,0,6,-6
219000689,6,60,-54
219000690,98,10,88
219000691,10,17,-7
219000692,80,3,77
219000693,0,0,0
219000694,38,0,38
219000695,171,1,170
219000698,5,0,5
219000699,0,0,0
219000727,0,0,0
219000728,43,0,43
219000770,1,1,0
219000771,0,0,0
219000788,62,213,-151
219001150,0,97,-97
219001151,0,0,0
219001166,7,20,-13
219001167,0,18,-18
219001178,58,0,58
220000001,5,56,-51
220000002,2,20,-18
220000003,39,41,-2
220000004,49,99,-50
220000005,108,332,-224
220000006,38,203,-165
220000007,138,99,39
220000008,61,160,-99
220000009,77,32,45
220000010,24,90,-66
220000011,247,2489,-2242
220000012,21,313,-292
220000014,100,65,35
220000015,43,316,-273
220000017,35,140,-105
220000018,4230,957,3273
220000019,102,410,-308
220000020,248,158,90
220000021,544,119,425
220000022,965,117,848
220000023,136,103,33
220000024,590,368,222
220000025,482,1200,-718
220000026,245,479,-234
220000027,7,253,-246
220000028,23,411,-388
220000029,11,13,-2
220000030,1,16,-15
220000031,523,338,185
220000064,30,419,-389
221000046,0,0,0
221000047,0,0,0
221000048,0,1,-1
221000049,0,3,-3
221000050,6,0,6
221000055,10,34,-24
221000057,134,2,132
221000068,202,62,140
221000069,268,18,250
221000070,248,2,246
221000071,59,1,58
221000072,256,4,252
221000073,219,6,213
221000074,0,1,-1
221000075,0,8,-8
221000076,1,3,-2
221000077,1,15,-14
221000081,8,2,6
221000082,59,0,59
221000083,3,2,1
221000084,0,6,-6
221000085,4,42,-38
221000086,3,74,-71
221000087,0,106,-106
221000088,2,82,-80
221000089,7,107,-100
221000090,18,129,-111
221000098,138,14,124
221000099,173,4,169
221000100,146,0,146
221000101,121,5,116
221000102,112,5,107
221000109,2,8,-6
221000110,5,9,-4
221000111,3,29,-26
221000112,0,11,-11
221000113,2,9,-7
221000114,0,38,-38
221000120,3,69,-66
221000121,2,33,-31
221000122,7,50,-43
221000123,9,44,-35
221000124,20,173,-153
221000155,114,9,105
221000156,64,12,52
221000175,7,7,0
221000176,0,5,-5
221000182,63,0,63
221000241,303,310,-7
221000242,44,123,-79
221000243,241,128,113
221000244,49,262,-213
221000245,45,27,18
221000246,11,199,-188
221000247,82,46,36
221000248,87,73,14
221000267,28,250,-222
221000325,40,86,-46
221000331,2,71,-69
221000338,9,46,-37
221000378,349,20,329
221000381,48,93,-45
222000282,4,1,3
222000296,10,44,-34
222000568,274,19,255
222000569,106,24,82
222000570,175,11,164
222000571,390,5,385
222000577,5,43,-38
222000578,0,92,-92
222000579,16,90,-74
222000580,16,856,-840
222000599,1,55,-54
222000600,0,65,-65
222000601,0,175,-175
222000603,12,26,-14
222000604,0,27,-27
222000605,0,21,-21
222000606,1,24,-23
222000607,0,10,-10
222000608,6,14,-8
222000609,45,24,21
222000616,675,30,645
222000617,3,4,-1
222000618,2,12,-10
222000620,32,3,29
222000621,5,13,-8
222000623,474,7,467
222000624,417,19,398
222000625,890,11,879
222000636,53,8,45
222000686,9,37,-28
222000687,18,8,10
222001066,493,0,493
222001067,82,0,82
222001068,306,14,292
222001069,130,20,110
222001082,18,20,-2
222001083,120,1,119
222001084,1,9,-8
222001085,0,266,-266
222001111,120,13,107
222001112,333,8,325
222001313,3,0,3
222001314,1,38,-37
222001464,65,13,52
222001465,5,178,-173
222001484,212,27,185
222001485,5,16,-11
222001494,925,131,794
222001495,42,100,-58
222001496,501,81,420
222001497,49,185,-136
222001502,1,19,-18
222001503,197,16,181
222001504,4,45,-41
222001505,396,12,384
222001506,0,10,-10
222001507,248,5,243
222001510,744,17,727
222001511,5,51,-46
222001514,789,25,764
222001515,10,78,-68
222001518,746,47,699
222001519,25,49,-24
222001527,167,13,154
222001528,3,23,-20
222001529,570,16,554
222001530,11,39,-28
222001533,2,90,-88
222001534,687,14,673
222001535,288,86,202
222001536,38,162,-124
222001537,319,12,307
222001538,1,102,-101
222001563,989,27,962
222001564,18,101,-83
222001568,114,27,87
222001576,0,1,-1
222001579,1,42,-41
222001583,15,52,-37
222001584,232,55,177
222001596,100,328,-228
222001597,1433,67,1366
222001626,0,27,-27
222001650,25,16,9
222001651,42,167,-125
222001914,385,29,356
222001915,3,42,-39
222001968,380,81,299
222001969,94,271,-177
222001970,88,185,-97
222001971,127,1,126
222001972,3,2,1
225000001,311,93,218
225000002,631,79,552
225000003,817,51,766
225000004,439,37,402
225000005,39,35,4
225000006,0,0,0
225000007,104,344,-240
225000010,211,33,178
225000011,123,869,-746
225000012,177,519,-342
225000013,58,41,17
225000014,512,37,475
225000015,28,83,-55
225000021,363,51,312
225000027,54,74,-20
225000032,524,40,484
225000042,30,93,-63
225000049,8,13,-5
225000050,109,9,100
225000053,0,0,0
225000058,301,74,227
225000067,34,15,19
225000068,17,19,-2
225000069,14,24,-10
225000070,8,25,-17
225000071,1,39,-38
225000075,27,247,-220
225000076,0,0,0
225000078,25,30,-5
225000085,99,10,89
225000086,213,19,194
225000087,102,2,100
225000088,1,19,-18
225000089,0,0,0
225000090,0,0,0
225000091,0,0,0
225000092,2,24,-22
225000093,60,14,46
225000094,4,12,-8
225000095,28,31,-3
225000096,9,31,-22
225000098,679,56,623
225000099,405,29,376
225000100,516,69,447
225000104,31,122,-91
225000110,0,32,-32
225000111,98,128,-30
225000112,163,227,-64
225000113,35,335,-300
225000114,67,162,-95
225000115,526,336,190
225000116,226,41,185
225000117,419,307,112
225000118,685,155,530
225000119,206,41,165
225000120,432,15,417
225000121,87,8,79
225000123,707,3,704
225000125,449,130,319
225000126,360,134,226
225000127,311,1651,-1340
225000128,336,1071,-735
225000132,530,10,520
225000133,80,13,67
225000134,498,57,441
225000135,105,12,93
225000136,410,8,402
225000137,320,36,284
225000138,364,70,294
225000143,0,0,0
225000144,0,0,0
225000145,49,24,25
225000146,0,0,0
225000147,0,0,0
225000148,0,0,0
225000149,0,0,0
225000151,0,0,0
225000155,4,26,-22
225000156,87,492,-405
225000157,114,123,-9
225000158,7,10,-3
225000171,0,37,-37
225000180,6,0,6
225000181,0,5,-5
225000182,16,2,14
225000185,1,75,-74
225000187,0,61,-61
225000191,9,0,9
225000194,0,4,-4
225000208,0,9,-9
225000209,52,12,40
225000210,0,0,0
225000217,0,1,-1
225000218,7,0,7
225000223,0,29,-29
225000224,11,0,11
225000225,0,15,-15
225000226,85,7,78
225000227,2,49,-47
225000228,6,26,-20
225000229,0,5,-5
225000230,3,0,3
225000231,0,1,-1
225000232,106,2,104
225000241,50,0,50
225000242,0,4,-4
225000249,3,0,3
225000250,0,0,0
225000251,596,21,575
225000254,0,53,-53
225000256,4,204,-200
225000257,0,133,-133
226000042,12,11,1
226000043,0,17,-17
226000044,8,19,-11
226000045,4,37,-33
226000046,714,22,692
226000047,337,40,297
226000048,400,43,357
226000049,335,163,172
226000070,0,0,0
226000071,0,0,0
226000072,0,0,0
226000073,0,0,0
226000074,0,0,0
226000084,0,1,-1
226000085,0,0,0
226000086,0,0,0
226000087,0,3,-3
226000088,0,2,-2
226000090,14,71,-57
226000091,0,14,-14
226000092,1,21,-20
226000093,3,24,-21
226000094,10,5,5
226000095,25,8,17
226000105,1,0,1
226000106,1,0,1
226000107,35,0,35
226000108,1,0,1
226000109,144,0,144
226000124,282,36,246
226000134,1255,229,1026
226000135,1973,246,1727
226000136,822,163,659
226000137,0,0,0
226000138,0,0,0
226000139,0,0,0
226000156,276,3,273
226000157,336,2,334
226000163,1,1,0
226000202,0,1,-1
226000231,423,3,420
226000232,36,0,36
227000033,421,9,412
227000036,750,6,744
227000037,677,3,674
227000038,154,12,142
227000084,0,0,0
227000085,0,0,0
227000088,35,0,35
227000089,55,0,55
227000090,47,0,47
227000091,98,0,98
227000092,33,0,33
227000093,89,0,89
227000094,5,0,5
227000130,0,0,0
227000131,0,0,0
227000132,0,0,0
227000133,0,0,0
227000134,0,0,0
227000152,0,0,0
227000153,0,0,0
227000154,0,0,0
227000155,0,0,0
227000156,0,0,0
227000165,0,0,0
227000196,879,34,845
227000199,681,89,592
227000230,0,88,-88
227000232,1217,73,1144
227000242,0,0,0
227000243,343,21,322
227000245,0,3,-3
227000246,2,11,-9
227000247,552,15,537
227000248,138,41,97
227000249,5,22,-17
227000250,262,213,49
227000251,1,44,-43
227000252,2,6,-4
227000253,337,30,307
227000262,665,17,648
227000266,1877,14,1863
227000267,2,190,-188
227000282,0,1,-1
227000284,788,17,771
227000286,0,0,0
227000287,0,0,0
227000291,0,11,-11
227000296,130,120,10
227000484,242,15,227
227000485,0,34,-34
227000655,472,22,450
227000656,818,22,796
227000657,248,5,243
227000661,510,54,456
229000265,37,22,15
229000266,0,0,0
229000267,0,0,0
229000268,2,0,2
229000269,5,0,5
229000274,2,1,1
229000275,0,5,-5
229000276,0,3,-3
229000277,0,1,-1
229000278,0,0,0
229000295,0,3,-3
229000296,0,22,-22
229000297,1,29,-28
229000298,2,196,-194
229000320,33,0,33
229000321,15,2,13
229000412,17,30,-13
229000414,17,30,-13
229000415,3,2,1
229000416,0,0,0
229000417,0,2,-2
229000419,137,113,24
229000440,208,72,136
229000442,28,10,18
229000443,5,1,4
229000444,0,31,-31
229000445,59,10,49
229000446,69,16,53
229000491,0,1,-1
229000492,1,0,1
229000493,0,4,-4
229000494,106,0,106
229000495,159,2,157
229000496,249,2,247
229000507,0,0,0
229000508,0,0,0
229000509,0,0,0
229000510,0,0,0
229000511,0,0,0
229000512,0,0,0
229000513,0,0,0
229000514,0,0,0
229000517,1,1,0
229000518,1,1,0
229000519,0,1,-1
229000520,2,10,-8
229000521,80,15,65
229000522,6,0,6
229000523,8,0,8
229000524,18,0,18
229000527,5,0,5
229000528,0,1,-1
229000529,19,0,19
229000530,146,2,144
229000531,42,1,41
229000532,15,0,15
229000533,66,0,66
229000534,33,1,32
229000564,117,1,116
229000565,70,0,70
229000566,0,0,0
229000567,0,0,0
229000582,52,1,51
229000583,20,6,14
229000584,0,0,0
229000585,0,0,0
229000718,0,0,0
229000719,0,0,0
229000720,0,0,0
229000721,0,0,0
229000722,0,0,0
229000723,0,0,0
229000724,0,0,0
229000725,0,0,0
229000738,0,0,0
229000739,5,0,5
229000740,0,0,0
229000741,45,0,45
229000742,8,0,8
229000743,31,0,31
229000744,0,0,0
229000745,2,0,2
229000746,14,0,14
229000847,150,0,150
229000848,191,0,191
229000849,213,1,212
229000851,237,1,236
229000854,0,0,0
229000856,0,0,0
229000857,0,0,0
229000858,0,0,0
229000919,0,0,0
229000930,0,0,0
229000937,41,13,28
229000966,18,18,0
229000981,0,0,0
229000985,0,27,-27
229000986,0,3,-3
229000987,0,2,-2
229000988,5,5,0
229000989,3,9,-6
229000990,0,4,-4
229000991,0,0,0
229000992,11,4,7
229000993,158,17,141
229000998,26,50,-24
229000999,104,7,97
229001034,0,18,-18
229001035,16,9,7
229001036,2,1,1
229001037,58,0,58
229001038,0,0,0
229001039,0,0,0
229001040,0,8,-8
229001041,8,0,8
229001042,9,12,-3
229001047,3,46,-43
229001050,82,20,62
229001168,0,0,0
229001200,23,1,22
229001338,0,1,-1
229001394,159,1,158
229001422,89,8,81
229001423,0,0,0
229001431,21,11,10
229001432,0,0,0
229001444,179,10,169
229001445,132,29,103
229001479,42,2,40
229001503,222,19,203
229001504,0,0,0
229001505,114,5,109
229001506,0,0,0
229001509,74,1,73
229001510,1,0,1
229001545,41,12,29
229001546,0,0,0
229001553,51,6,45
229001554,0,0,0
229001630,198,5,193
229001631,3,15,-12
229001635,0,3,-3
229001636,0,0,0
229001658,0,0,0
229001659,48,2,46
229001660,0,1,-1
229001661,0,5,-5
229001662,23,1,22
229001663,0,0,0
229002584,230,171,59
229002831,120,54,66
229002841,4,44,-40
229002842,34,11,23
229002843,81,10,71
229002844,19,57,-38
229002845,4,84,-80
229002846,0,18,-18
229002847,0,6,-6
229002848,4,13,-9
229002849,0,62,-62
229002850,19,30,-11
229002851,13,126,-113
229002852,79,54,25
229002853,34,6,28
229002854,24,26,-2
229002855,0,58,-58
229002856,33,4,29
229002857,45,41,4
229002858,40,2,38
229002859,26,30,-4
229002860,26,19,7
229002861,60,35,25
229002862,4,9,-5
229002863,5,40,-35
229002864,48,19,29
229002865,2,28,-26
229002866,15,30,-15
229002867,1,13,-12
229002868,4,0,4
229002869,0,30,-30
229002870,33,0,33
235000066,103,11,92
235000067,90,31,59
235000072,0,0,0
235000073,0,0,0
235000074,0,0,0
235000080,0,0,0
235000081,0,0,0
235000082,291,45,246
235000083,180,81,99
235000084,15,46,-31
235000085,197,51,146
235000089,62,7,55
235000092,0,0,0
235000093,0,0,0
235000097,0,0,0
235000098,65,5,60
235000099,12,5,7
235000116,11,19,-8
235000117,355,13,342
235000133,0,0,0
235000134,0,0,0
235000206,2,2,0
235000207,2,3,-1
235000208,0,1,-1
235000209,0,6,-6
235000210,6,3,3
235000212,0,0,0
235000213,0,0,0
235000220,0,0,0
235000221,0,0,0
235000238,9,351,-342
235000239,0,33,-33
235000242,165,1182,-1017
235000245,0,0,0
235000246,0,0,0
235000284,0,46,-46
235000295,19,5,14
235000305,221,17,204
235000306,461,7,454
235000307,22,1,21
235000308,2,0,2
235000309,62,0,62
235000310,41,0,41
235000311,38,15,23
235000322,0,16,-16
235000323,0,13,-13
235000324,0,12,-12
235000325,0,11,-11
235000326,7,40,-33
235000351,0,71,-71
235000352,10,34,-24
235000353,12,21,-9
235000354,1,22,-21
235000355,1,47,-46
235000356,55,0,55
235000357,21,5,16
235000358,22,9,13
235000359,1,2,-1
235000360,40,3,37
235000361,16,1,15
235000381,0,0,0
235000382,287,11,276
235000390,1,1,0
235000391,152,32,120
235000392,140,102,38
235000393,139,79,60
235000395,129,39,90
235000396,729,32,697
235000400,48,26,22
235000401,0,0,0
235000405,0,0,0
235000406,0,0,0
235000407,0,0,0
235000409,0,0,0
235000410,0,0,0
235000411,0,0,0
235000485,0,0,0
235000486,6,0,6
235000549,70,97,-27
235000550,0,0,0
235000599,0,0,0
235000600,0,0,0
235000601,45,8,37
235000602,99,13,86
235000614,0,0,0
235000648,0,0,0
235000649,15,6,9
235000685,0,0,0
235000815,13,8,5
235000834,0,11,-11
235000855,29,30,-1
235000862,0,0,0
235000891,0,0,0
235000892,1,0,1
235000901,0,0,0
235000907,0,0,0
235001010,50,31,19
235001029,0,0,0
235001030,194,23,171
235001078,164,32,132
235001079,0,0,0
235001147,1,40,-39
235001166,10,29,-19
235001167,0,0,0
235001169,5,87,-82
235001188,0,0,0
235001189,1,2,-1
235001197,0,0,0
235001200,0,0,0
235001207,178,34,144
235001210,0,0,0
235001215,0,0,0
235001239,0,0,0
235001244,1,1,0
235016267,0,52,-52
277101746,0,2,-2
277102712,0,0,0
277103813,0,0,0
277103898,0,0,0
277104249,0,0,0
277104250,0,8,-8
277104251,0,0,0
277104252,0,2,-2
990011530,0,105,-105
990014944,0,71,-71
990015176,11,19,-8
990015618,0,86,-86
990016032,1,91,-90
990032570,18,283,-265
990070001,37,1,36
990070103,0,1,-1
990070601,0,12,-12
990070751,1847,1,1846
990070766,0,75,-75
990071180,396,25,371
990071343,0,0,0
990071387,0,0,0
990071823,475,14,461
990072600,3,670,-667
990072964,1,166,-165
990073285,0,0,0
990074393,0,311,-311
990074870,1330,5,1325
990075106,248,9,239
990075746,534,2,532
990076437,3042,1,3041
990076458,0,303,-303
997000007,156,2,154
997000041,0,256,-256
997000058,55,1,54
997000062,86,6,80
997000069,0,2,-2
997000070,0,9,-9
997000100,39,0,39
997000141,0,0,0
997000198,0,0,0
998000475,0,1,-1
998000736,0,44,-44
998000965,0,63,-63
998001031,1,62,-61
998001700,0,17,-17
998001899,0,0,0
998001900,1,5,-4
998003073,1614,47,1567
998101900,0,0,0
998102850,0,89,-89
998501927,238,158,80
998501929,183,1,182
998501930,59,0,59
998501931,78,5,73
998501932,14,15,-1
998501933,45,0,45
998501937,14,1,13
998501944,2,0,2
998501950,1,0,1
998501970,82,0,82
998501971,0,14,-14
998501973,0,8,-8
998501974,1,64,-63
998501975,88,1,87
998501976,45,0,45
998501977,0,40,-40
998501978,7,1,6
998501979,0,2,-2
998501980,48,5,43
998501981,83,21,62
998501982,0,38,-38
998502006,0,0,0
998502024,0,1,-1
998502032,0,2,-2
998502062,12,1,11
998502063,0,0,0
998502173,3,0,3
998502269,0,0,0
998601159,0,15,-15
998601292,1,7,-6
999033574,1,416,-415
999800001,22,4,18
999800002,0,1,-1
999800003,3,6,-3
999800004,0,6,-6
999800005,0,0,0
