ID,insum,outsum,diff
100000001,547,1136,-589
100000002,5542,1201,4341
100000003,6944,3920,3024
100000004,1700,1164,536
100000005,2338,5216,-2878
100000006,799,134,665
100000007,4356,805,3551
100000008,271,773,-502
100000009,669,500,169
100000010,50,89,-39
100000011,846,83,763
100000012,123,883,-760
100000013,30,252,-222
100000014,450,313,137
100000015,2751,2779,-28
100000016,1523,1845,-322
100000017,1214,1265,-51
100000018,1844,700,1144
100000019,6648,2362,4286
100000020,2935,8485,-5550
100000021,8023,3558,4465
100000022,4142,1746,2396
100000023,9302,2067,7235
100000025,4530,1278,3252
100000028,3507,1225,2282
100000029,353,306,47
100000030,827,123,704
100000031,11201,9438,1763
100000032,3715,4772,-1057
100000033,1648,3645,-1997
100000034,1289,574,715
100000035,2547,1162,1385
100000036,3739,1378,2361
100000037,605,610,-5
100000038,1992,1139,853
100000039,1247,172,1075
100000040,298,189,109
100000041,1375,472,903
100000042,1821,460,1361
100000043,1265,376,889
100000044,464,927,-463
100000045,774,1770,-996
100000046,1034,1700,-666
100000047,553,1094,-541
100000048,816,858,-42
100000049,2180,2896,-716
100000051,698,1325,-627
100000053,106,10,96
100000054,488,38,450
100000055,1472,235,1237
100000056,626,686,-60
100000057,2222,902,1320
100000058,1239,1510,-271
100000059,9,140,-131
100000060,484,516,-32
100000061,2724,667,2057
100000062,2199,611,1588
100000063,783,337,446
100000064,1839,516,1323
100000065,565,1060,-495
100000066,254,937,-683
100000067,597,985,-388
100000068,821,2068,-1247
100000069,346,1943,-1597
100000072,435,1307,-872
100000073,2009,1857,152
100000075,686,383,303
100000076,4765,3884,881
100000077,1021,207,814
100000078,133,97,36
100000079,51,96,-45
100000080,53,42,11
100000081,187,113,74
100000102,8624,2032,6592
100000103,6376,1215,5161
100000104,7019,2484,4535
100000105,5359,1598,3761
100000106,4775,2820,1955
100000107,1311,831,480
100000108,2112,1279,833
100000109,7476,1596,5880
100000116,2238,1140,1098
100000117,91,60,31
100000118,2381,1313,1068
100000119,1161,597,564
100000121,334,598,-264
100000122,3599,1136,2463
100000123,4909,7580,-2671
100000124,7216,12149,-4933
100000125,4114,1345,2769
100000126,1993,374,1619
100000127,4178,415,3763
100000128,2013,2271,-258
100000129,1116,469,647
100000130,367,642,-275
100000131,3518,4601,-1083
100000132,1874,3759,-1885
100000133,7988,4023,3965
100000135,674,942,-268
100000139,585,190,395
100000140,585,358,227
100000142,531,680,-149
100000143,1166,624,542
100000144,5310,1029,4281
100000147,1347,2954,-1607
100000150,55,460,-405
100000151,1221,1205,16
100000153,1165,549,616
100000154,410,188,222
100000155,64,64,0
100000156,313,150,163
100000157,67,63,4
100000158,216,65,151
100000159,1159,609,550
100000165,1896,965,931
100000169,1353,397,956
100000174,2980,647,2333
100000179,106,522,-416
100000180,2508,1660,848
100000181,297,274,23
100000188,82,545,-463
100000189,1537,381,1156
100000190,1109,571,538
100000191,1121,538,583
100000192,113,193,-80
100000193,160,166,-6
100000330,2643,1085,1558
100000355,359,694,-335
100000362,6519,4372,2147
100000363,4121,5421,-1300
100000364,684,202,482
100000365,5257,5748,-491
100000366,8088,3195,4893
100000367,5963,4812,1151
100000368,2954,2192,762
100000369,1857,2206,-349
100000370,347,566,-219
100000376,136,154,-18
100000379,7131,1955,5176
100000380,11653,3679,7974
100000384,10320,6127,4193
100000385,9391,5435,3956
100000386,13804,8115,5689
100000387,11655,6652,5003
100000388,11362,10751,611
100000389,11420,8768,2652
100000390,12665,6898,5767
100000391,8846,10216,-1370
100000392,6155,3647,2508
100000393,3692,4309,-617
100000394,13069,6802,6267
100000395,7981,2737,5244
100000396,8438,2961,5477
100000397,5955,3766,2189
100000398,14461,9695,4766
100900002,41,58,-17
100900003,374,156,218
100900004,22,899,-877
100900005,178,16,162
100900006,18,152,-134
100900007,749,19,730
100900008,2,411,-409
100900009,101,85,16
100900010,60,147,-87
100900011,125,420,-295
100900012,4,282,-278
100900013,711,8,703
100900014,2,19,-17
100900015,142,266,-124
100900016,7,54,-47
100900017,1378,113,1265
100900018,0,20,-20
100900019,35,121,-86
100900020,529,10,519
100900021,437,5,432
100900022,4,20,-16
100900023,0,20,-20
100900024,1588,4,1584
100900025,10,24,-14
100900026,171,180,-9
100900027,639,3636,-2997
100900028,184,213,-29
100900029,80,10,70
100900030,3,91,-88
100900031,697,110,587
100900032,216,2,214
100900033,345,212,133
100900034,504,3,501
100900035,1164,1,1163
100900036,29,0,29
100900037,80,286,-206
100900038,261,29,232
100900039,444,636,-192
100900040,367,864,-497
100900041,748,918,-170
100900042,1166,340,826
100900043,0,18,-18
100900044,4512,658,3854
100900045,193,0,193
100900046,1056,14,1042
100900047,977,167,810
100900048,206,47,159
100900049,66,269,-203
100900050,0,16,-16
100900051,174,130,44
100900052,550,38,512
100900053,422,23,399
100900054,24,150,-126
100900055,422,697,-275
100900056,193,356,-163
100900057,1136,1661,-525
100900058,530,54,476
100900059,112,7,105
100900060,132,15,117
100900061,393,431,-38
100900062,6,80,-74
100900063,198,703,-505
100900064,1011,28,983
100900065,175,148,27
100900066,53,178,-125
100900067,2,10,-8
100900068,96,195,-99
100900069,2359,12,2347
100900070,285,9,276
100900071,916,600,316
100900072,2,43,-41
100900073,101,687,-586
100900074,5,10,-5
100900075,2596,526,2070
100900076,48,69,-21
100900077,10,154,-144
100900078,117,710,-593
100900079,7,21,-14
100900080,30,214,-184
100900081,57,255,-198
100900082,86,778,-692
100900083,9,57,-48
100900085,12,140,-128
100900086,370,1912,-1542
100900088,121,892,-771
100900089,0,16,-16
100900090,207,561,-354
100900091,2,31,-29
100900092,425,300,125
100900093,200,360,-160
100900094,163,936,-773
100900095,6,14,-8
100900096,44,141,-97
100900097,3,7,-4
100900098,11,23,-12
100900099,34,817,-783
100900100,8,371,-363
100900101,570,73,497
100900102,123,108,15
100900103,13,18,-5
100900104,12,231,-219
100900105,22,207,-185
100900106,51,13,38
100900107,2614,957,1657
100900108,9,24,-15
100900109,15,28,-13
100900110,7,52,-45
100900111,48,234,-186
100900112,0,11,-11
100900113,33,34,-1
100900114,25,26,-1
100900115,17,50,-33
100900116,871,1491,-620
100900117,377,971,-594
100900118,240,150,90
100900119,25,24,1
100900120,3,15,-12
100900121,317,987,-670
100900122,159,213,-54
100900123,81,175,-94
100900124,3,12,-9
100900125,27,105,-78
100900126,138,266,-128
100900127,3,8,-5
100900128,180,210,-30
100900129,0,108,-108
100900131,94,298,-204
100900133,96,65,31
100900134,3,5,-2
100900135,0,163,-163
100900137,504,256,248
100900138,698,671,27
100900139,10,11,-1
100900140,5,926,-921
100900141,10,420,-410
100900142,1,20,-19
100900143,1194,510,684
100900144,19,13,6
100900145,46,195,-149
100900146,8,106,-98
100900147,29,285,-256
100900148,22,1176,-1154
100900149,14,157,-143
100900150,5,41,-36
100900151,118,737,-619
100900152,78,5,73
100900153,2,170,-168
100900154,13,38,-25
100900155,29,15,14
100900156,35,9,26
100900157,17,248,-231
100900158,910,367,543
100900159,0,38,-38
100900160,26,25,1
100900161,100,5,95
100900162,28,281,-253
100900163,230,226,4
100900164,66,60,6
100900165,41,50,-9
100900166,31,2,29
100900167,23,110,-87
100900168,32,131,-99
100900169,191,1042,-851
100900170,17,7,10
100900171,17,853,-836
100900172,0,18,-18
100900173,4,714,-710
100900174,430,42,388
100900176,1863,308,1555
100900177,1076,632,444
100900178,805,167,638
100900179,134,152,-18
100900180,1,8,-7
100900181,100,29,71
100900182,38,33,5
100900184,10,193,-183
100900186,1104,971,133
100900187,17,201,-184
100900188,48,29,19
100900189,1040,230,810
100900191,1982,1483,499
100900192,386,301,85
100900195,199,149,50
100900197,42,169,-127
100900198,26,444,-418
100900199,18,32,-14
100900200,666,473,193
100900201,124,1178,-1054
100900202,31,0,31
100900203,1,73,-72
100900204,615,308,307
100900205,261,507,-246
100900206,175,75,100
100900207,230,103,127
100900210,86,841,-755
100900211,459,197,262
100900213,54,42,12
100900214,1166,85,1081
100900215,15,58,-43
101000001,5971,2238,3733
101000002,5053,6024,-971
101000003,1236,3034,-1798
101000004,13022,12676,346
101000005,6524,8099,-1575
101000006,11052,13308,-2256
101000007,4068,4271,-203
101000008,7774,4223,3551
101000009,2319,2358,-39
101000010,1274,1906,-632
101000011,2779,900,1879
101000012,2698,783,1915
101000013,751,1443,-692
101000014,957,1023,-66
101000015,1696,988,708
101000016,1901,596,1305
101000017,1496,827,669
101000018,9266,3416,5850
101000020,7335,1401,5934
101000021,3438,510,2928
101000022,868,159,709
101000023,3073,888,2185
101000025,277,535,-258
101000026,573,44,529
101000027,4622,1998,2624
101000028,55,52,3
101000029,236,1131,-895
101000030,2307,87,2220
101000031,1056,563,493
101000032,10807,3290,7517
101000033,4852,3298,1554
101000034,6986,1775,5211
101000035,2114,552,1562
101000036,3307,715,2592
101000037,7341,1592,5749
101000039,5472,3118,2354
101000040,6639,4019,2620
101000041,19486,8367,11119
101000042,1857,1385,472
101000043,13201,7872,5329
101000045,2462,1002,1460
101000046,3884,950,2934
101000047,2710,2120,590
101000048,1360,1180,180
101000049,1454,1529,-75
101000050,4040,2995,1045
101000051,3588,2702,886
101000052,2569,992,1577
101000053,1784,1964,-180
101000054,2646,1919,727
101000055,2028,2409,-381
101000056,88,124,-36
101000057,3717,1120,2597
101000058,3338,1356,1982
101000059,6838,1761,5077
101000060,2679,696,1983
101000061,1634,1336,298
101000062,1375,890,485
101000063,776,845,-69
101000064,1892,649,1243
101000065,459,407,52
101000066,792,463,329
101000067,1591,675,916
101000068,663,480,183
101000069,778,87,691
101000070,2067,1208,859
101000071,2948,1245,1703
101000072,1512,5238,-3726
101000073,906,846,60
101000074,7510,4734,2776
101000075,7931,3691,4240
101000077,1467,1308,159
101000078,1142,2422,-1280
101000079,529,381,148
101000080,601,337,264
101000081,1443,1989,-546
101000082,4515,3490,1025
101000083,2694,2771,-77
101000084,1803,1075,728
101000085,2169,1452,717
101000086,1441,1280,161
101000087,1099,1591,-492
101000088,1254,1480,-226
101000089,1050,2169,-1119
101000090,2885,1730,1155
101000091,427,1713,-1286
101000092,767,1412,-645
101000093,2195,1145,1050
101000094,943,1707,-764
101000095,318,1080,-762
101000096,327,871,-544
101000097,1298,533,765
101000098,1176,805,371
101000099,1657,1987,-330
101000100,1355,1080,275
101000101,754,441,313
101000102,3098,449,2649
101000103,1309,559,750
101000104,593,805,-212
101000105,2048,360,1688
101000106,1578,564,1014
101000107,215,451,-236
101000108,1725,487,1238
101000109,284,103,181
101000110,29,867,-838
101000111,161,230,-69
101000113,341,1290,-949
101000114,8125,3438,4687
101000115,125,156,-31
101000116,254,215,39
101000117,1529,321,1208
101000119,295,112,183
101000120,321,45,276
101000121,160,60,100
101000122,179,86,93
101000123,103,85,18
101000124,343,209,134
101000125,284,626,-342
101000128,2178,427,1751
101000130,354,318,36
101000131,845,758,87
101000132,625,2246,-1621
101000135,123,28,95
101000136,528,107,421
101000137,46,344,-298
101000141,3611,4401,-790
101000147,816,532,284
101000148,2443,50,2393
101000149,88,103,-15
101000150,105,1211,-1106
101000151,167,85,82
101000152,467,469,-2
101000153,693,627,66
101000154,198,2136,-1938
101000155,324,173,151
101000156,12,301,-289
101000157,130,60,70
101000160,125,38,87
101000163,313,184,129
101000164,581,556,25
101000165,228,485,-257
101000166,342,483,-141
101000168,1036,470,566
101000252,1920,1131,789
101000254,816,74,742
101000258,28,12,16
101000261,59,43,16
101000262,3135,1488,1647
101000263,612,1472,-860
101000265,124,743,-619
101000266,638,384,254
101000269,272,16,256
101000290,3011,3753,-742
101000293,51,89,-38
101000294,782,593,189
101000295,192,865,-673
101000301,1272,508,764
101000304,5072,3265,1807
101000305,4249,2665,1584
101900001,42,65,-23
101900002,0,21,-21
101900003,172,159,13
101900004,15,60,-45
101900005,7823,2399,5424
101900006,1269,117,1152
101900007,908,130,778
101900008,251,399,-148
101900009,162,757,-595
101900010,1258,904,354
101900011,564,2453,-1889
101900012,245,755,-510
101900013,1721,205,1516
101900017,33,184,-151
101900018,1992,290,1702
101900019,396,228,168
101900020,810,215,595
101900021,1,79,-78
101900022,130,1677,-1547
101900023,132,272,-140
102000001,8584,5755,2829
102000002,5618,1484,4134
102000003,4959,10405,-5446
102000004,11448,4803,6645
102000005,2634,3420,-786
102000006,2995,3266,-271
102000007,2320,6965,-4645
102000008,8020,3043,4977
102000009,7326,9929,-2603
102000010,7301,6737,564
102000011,4775,3391,1384
102000012,5998,5384,614
102000018,5580,3931,1649
102000019,4078,3224,854
102000026,457,1500,-1043
102000029,504,300,204
102000030,142,524,-382
102000031,63,250,-187
102000032,451,550,-99
102000033,236,602,-366
102000034,628,921,-293
102000035,1263,898,365
102000036,34,662,-628
102000037,252,133,119
102000038,574,236,338
102000039,869,139,730
102000040,1029,226,803
102000041,308,438,-130
102000042,616,372,244
102000043,693,320,373
102000044,1531,858,673
102000045,1168,1757,-589
102000046,1958,954,1004
102000047,980,1899,-919
102000048,454,1209,-755
102000049,2084,1143,941
102000050,2028,1776,252
102000051,797,992,-195
102000052,2128,1210,918
102000053,1875,1391,484
102000054,609,1180,-571
102000055,1041,1288,-247
102000056,681,2433,-1752
102000057,1757,1005,752
102000058,1440,2723,-1283
102000059,1923,2156,-233
102000060,1709,1504,205
102000061,1613,3150,-1537
102000062,1525,1691,-166
102000063,1497,1974,-477
102000064,645,1052,-407
102000065,54,175,-121
102000066,1117,2426,-1309
102000067,3732,4879,-1147
102000068,15007,4513,10494
102000069,102,2055,-1953
102000070,2170,165,2005
102000071,11471,11697,-226
102000072,4298,7229,-2931
102000073,1910,1191,719
102000074,952,1282,-330
102000075,292,387,-95
102000076,252,751,-499
102000077,505,1419,-914
102000078,821,1318,-497
102000079,305,353,-48
102000080,379,324,55
102000081,387,861,-474
102000082,1064,417,647
102000083,559,518,41
102000084,185,479,-294
102000085,2229,1794,435
102000086,1254,1604,-350
102000087,1363,2080,-717
102000088,263,389,-126
102000089,1330,617,713
102000090,569,1316,-747
102000091,2450,584,1866
102000092,421,1373,-952
102000093,634,899,-265
102000094,1502,831,671
102000095,1469,1996,-527
102000096,1126,1278,-152
102000097,1626,1774,-148
102000098,773,1551,-778
102000099,1589,889,700
102000100,1160,1648,-488
102000101,1918,901,1017
102000102,483,4238,-3755
102000103,1954,680,1274
102000104,1416,469,947
102000105,303,998,-695
102000106,966,1252,-286
102000107,1324,785,539
102000108,785,501,284
102000109,958,803,155
102000110,798,2207,-1409
102000111,24,560,-536
102000112,162,137,25
102000113,11,33,-22
102000114,1510,553,957
102000115,200,363,-163
102000116,1153,435,718
102000117,587,865,-278
102000118,3308,1191,2117
102000119,3328,947,2381
102000120,360,646,-286
102000121,1141,663,478
102000122,649,1107,-458
102000123,1764,1812,-48
102000124,1985,1475,510
102000125,891,1629,-738
102000126,741,840,-99
102000127,1440,987,453
102000128,792,1407,-615
102000129,1608,1019,589
102000130,679,1012,-333
102000131,3007,1036,1971
102000132,1021,1281,-260
102000133,1664,2953,-1289
102000134,829,1112,-283
102000135,1026,1835,-809
102000136,1601,1155,446
102000137,1233,1051,182
102000138,305,587,-282
102000139,105,417,-312
102000140,430,287,143
102000141,451,656,-205
102000142,387,473,-86
102000143,165,594,-429
102000144,289,587,-298
102000145,386,597,-211
102000146,486,402,84
102000147,510,517,-7
102000148,238,518,-280
102000149,255,826,-571
102000150,287,380,-93
102000151,211,476,-265
102000152,189,245,-56
102000153,1406,539,867
102000154,702,995,-293
102000155,202,407,-205
102000156,831,141,690
102000157,269,342,-73
102000158,598,500,98
102000159,2103,797,1306
102000161,5629,2848,2781
102000162,298,161,137
102000163,123,672,-549
102000164,1488,1503,-15
102000165,331,149,182
102000166,41,155,-114
102000167,375,255,120
102000168,275,102,173
102000169,146,1059,-913
102000170,983,207,776
102000171,459,141,318
102000172,563,592,-29
102000173,966,315,651
102000174,37,95,-58
102000175,157,198,-41
102000176,27,45,-18
102000178,403,722,-319
102000179,650,261,389
102000180,774,781,-7
102000181,651,883,-232
102000182,468,797,-329
102000183,1818,2461,-643
102000184,2033,1267,766
102000185,2663,1945,718
102000186,1316,2831,-1515
102000187,763,2402,-1639
102000188,819,2026,-1207
102000189,4158,1361,2797
102000190,816,3829,-3013
102000191,1559,723,836
102000192,1195,1566,-371
102000193,70,198,-128
102000194,140,156,-16
102000195,858,686,172
102000196,315,634,-319
102000197,650,602,48
102000198,241,1134,-893
102000199,999,463,536
102000200,407,1547,-1140
102000201,876,687,189
102000202,4,191,-187
102000203,496,448,48
102000204,549,1376,-827
102000205,1484,816,668
102000206,1280,1128,152
102000207,1791,600,1191
102000208,797,792,5
102000209,57,52,5
102000210,393,697,-304
102000211,749,615,134
102000212,248,18,230
102000213,1,518,-517
102000214,229,31,198
102000215,5,661,-656
102000216,47,96,-49
102000217,8,243,-235
102000218,235,221,14
102000219,611,418,193
102000225,682,949,-267
102000226,6232,1589,4643
102000227,435,3,432
102000228,0,137,-137
102000229,45,53,-8
102000230,354,739,-385
102000231,326,605,-279
102000232,29,468,-439
102000233,597,1244,-647
102000234,112,1440,-1328
102000236,290,125,165
102000237,1221,228,993
102000238,219,480,-261
102000240,882,669,213
102000241,236,177,59
102000243,13,88,-75
102000245,47,78,-31
102000246,18,46,-28
102000247,312,1278,-966
102000248,162,480,-318
102000249,157,239,-82
102000250,64,478,-414
102000254,57,611,-554
102000266,53,274,-221
102000271,41,0,41
102000286,609,516,93
102000297,2599,1560,1039
102000299,0,0,0
102000302,0,2,-2
102000305,0,0,0
102000306,0,0,0
102000307,0,5,-5
102000308,0,0,0
102900001,1659,1313,346
102900002,371,58,313
102900003,57,303,-246
102900005,361,465,-104
102900006,533,298,235
102900007,427,40,387
102900008,249,153,96
102900009,614,339,275
102900010,1001,498,503
102900011,2864,680,2184
102900012,415,96,319
102900013,34,72,-38
102900015,1163,664,499
102900016,75,142,-67
102900017,153,656,-503
102900018,30,152,-122
102900019,823,998,-175
102900020,167,53,114
102900021,21,137,-116
102900022,605,125,480
102900023,18,64,-46
102900024,56,98,-42
102900025,317,143,174
102900026,985,2062,-1077
102900027,75,109,-34
102900028,216,864,-648
102900029,180,297,-117
102900030,752,400,352
102900031,156,203,-47
102900032,137,169,-32
102900033,106,227,-121
102900034,508,173,335
102900035,149,476,-327
102900036,315,669,-354
102900037,242,1038,-796
102900038,483,1018,-535
102900039,41,544,-503
102900040,200,361,-161
102900041,78,286,-208
102900042,201,430,-229
102900043,189,384,-195
102900044,863,2586,-1723
102900045,137,811,-674
102900046,124,398,-274
102900047,42,834,-792
102900048,714,955,-241
102900049,136,546,-410
102900050,273,473,-200
102900051,220,252,-32
102900052,64,34,30
102900053,569,1053,-484
102900054,1414,1334,80
102900055,147,200,-53
102900056,217,676,-459
102900057,4,65,-61
102900058,351,179,172
102900059,21,48,-27
102900060,185,554,-369
102900061,170,661,-491
102900062,225,1560,-1335
102900063,1176,670,506
102900064,273,753,-480
102900065,2346,856,1490
102900066,390,73,317
102900068,148,118,30
102900070,345,818,-473
102900072,25,42,-17
102900073,169,12,157
102900074,449,356,93
102900075,32,41,-9
102900076,292,108,184
102900077,47,33,14
102900078,61,102,-41
102900079,313,26,287
102900080,398,63,335
102900081,122,381,-259
102900082,19,310,-291
102900083,357,18,339
102900084,12,29,-17
102900085,237,131,106
102900086,19,55,-36
102900087,197,160,37
102900088,126,44,82
102900089,344,220,124
102900090,1,593,-592
102900091,255,4,251
102900092,468,1326,-858
102900093,291,382,-91
102900094,5,100,-95
102900095,216,7,209
102900096,43,13,30
102900097,16,257,-241
103000001,3136,3773,-637
103000002,4128,3375,753
103000003,8235,3960,4275
103000004,1131,951,180
103000005,2835,4360,-1525
103000006,694,1846,-1152
103000007,477,1044,-567
103000008,1784,1156,628
103000009,1783,1426,357
103000010,186,190,-4
103000011,2106,1704,402
103000012,1479,1887,-408
103000013,8340,2917,5423
103000014,1778,3962,-2184
103000015,3322,977,2345
103000016,566,1873,-1307
103000017,217,594,-377
103000018,1640,621,1019
103000019,337,355,-18
103000020,3766,2064,1702
103000021,3165,1859,1306
103000022,1261,1738,-477
103000023,744,2550,-1806
103000024,141,256,-115
103000025,81,645,-564
103000026,1816,212,1604
103000027,287,761,-474
103000028,714,496,218
103000029,455,288,167
103000030,2441,1044,1397
103000031,2005,3217,-1212
103000032,2271,2522,-251
103000033,3120,3831,-711
103000034,2161,1515,646
103000035,594,2228,-1634
103000036,631,700,-69
103000037,711,569,142
103000038,721,1640,-919
103000039,433,672,-239
103000040,590,2036,-1446
103000041,1947,3549,-1602
103000042,1274,934,340
103000043,602,1806,-1204
103000044,164,322,-158
103000046,268,779,-511
103000047,815,933,-118
103000048,192,289,-97
103000049,122,269,-147
103000050,1099,1012,87
103000051,669,778,-109
103000052,1113,634,479
103000053,250,809,-559
103000054,3238,1651,1587
103000055,2052,2990,-938
103000056,687,2496,-1809
103000057,429,413,16
103000058,664,1202,-538
103000059,398,1207,-809
103000060,942,1082,-140
103000061,520,1388,-868
103000062,1416,950,466
103000063,767,1086,-319
103000064,158,389,-231
103000065,5,493,-488
103000066,243,9,234
103000069,309,498,-189
103000070,1205,1312,-107
103000071,1286,526,760
103000072,198,1205,-1007
103000073,931,187,744
103000074,1141,127,1014
103000075,162,1129,-967
103000076,358,500,-142
103000077,44,602,-558
103000078,2110,953,1157
103000079,1975,677,1298
103000080,1455,464,991
103000081,654,1092,-438
103000082,758,301,457
103000083,194,458,-264
103000084,205,10,195
103000085,4,116,-112
103000086,1336,649,687
103000087,338,802,-464
103000088,533,462,71
103000089,563,878,-315
103000090,2159,898,1261
103000091,654,580,74
103000092,478,395,83
103000093,392,634,-242
103000094,240,161,79
103000095,57,524,-467
103000096,883,181,702
103000097,103,918,-815
103000098,1298,325,973
103000099,542,795,-253
103000100,167,1189,-1022
103000101,1133,238,895
103000102,151,1004,-853
103000103,821,384,437
103000104,62,204,-142
103000105,161,172,-11
103000106,27,114,-87
103000107,443,85,358
103000108,882,735,147
103000109,716,441,275
103000110,452,487,-35
103000111,1161,530,631
103000112,857,296,561
103000113,1969,872,1097
103000114,3493,514,2979
103000115,555,734,-179
103000116,566,673,-107
103000117,409,647,-238
103000118,2363,1296,1067
103000119,2543,863,1680
103000120,231,135,96
103000121,321,790,-469
103000122,490,307,183
103000125,9,485,-476
103000126,482,6,476
103000127,0,242,-242
103000128,165,7,158
103000129,0,152,-152
103000130,59,34,25
103000131,203,142,61
103000132,124,163,-39
103000133,25,100,-75
103000134,738,1183,-445
103000135,1094,374,720
103000136,1295,549,746
103000137,1170,782,388
103000138,1360,1025,335
103000139,7,115,-108
103000140,251,37,214
103000141,39,155,-116
103000142,206,112,94
103000143,153,232,-79
103000144,203,150,53
103000145,79,32,47
103000150,99,95,4
103000152,657,331,326
103000153,546,234,312
103000156,8,528,-520
103000157,324,2,322
103000159,215,81,134
103000162,120,15,105
103000163,6,31,-25
103000164,38,13,25
103000165,284,529,-245
103000166,274,350,-76
103000167,407,116,291
103000168,97,196,-99
103000169,264,605,-341
103000170,666,684,-18
103000171,55,92,-37
103000172,751,1367,-616
103000173,505,892,-387
103000174,195,524,-329
103000175,201,570,-369
103000176,1307,576,731
103000177,1181,602,579
103000178,430,452,-22
103000179,223,30,193
103000183,118,46,72
103000185,139,154,-15
103000186,103,289,-186
103000187,552,951,-399
103000188,18,71,-53
103000189,2321,1195,1126
103000191,825,982,-157
103000292,3579,1755,1824
103000293,1543,2413,-870
103000295,132,121,11
103000296,446,2,444
103000297,128,23,105
103000504,173,53,120
103000505,8,7,1
103000506,2,269,-267
103000507,187,6,181
103000508,57,49,8
103000509,208,691,-483
103900001,26,585,-559
103900002,2828,321,2507
103900003,3022,121,2901
103900004,97,0,97
103900005,7,295,-288
103900006,0,0,0
103900007,21,7,14
103900008,17,2,15
103900009,310,470,-160
103900010,168,434,-266
103900011,250,254,-4
103900012,14,42,-28
103900013,44,102,-58
103900014,59,34,25
103900015,50,20,30
103900016,295,291,4
103900017,46,161,-115
103900018,666,260,406
103900019,53,255,-202
103900020,302,583,-281
103900021,1073,54,1019
103900022,1169,763,406
103900023,144,2,142
103900024,179,1099,-920
103900025,7,77,-70
103900026,14,0,14
103900027,775,477,298
103900028,28,327,-299
103900029,1121,99,1022
103900030,549,56,493
103900031,20,1,19
103900032,92,45,47
103900033,457,10,447
103900034,15,364,-349
103900035,55,81,-26
103900036,85,44,41
103900037,134,78,56
103900038,104,156,-52
103900039,73,572,-499
103900040,34,238,-204
103900041,64,49,15
103900042,62,502,-440
103900043,202,203,-1
103900044,342,402,-60
103900045,284,245,39
103900047,86,37,49
103900048,42,26,16
103900049,189,1745,-1556
103900050,19,139,-120
103900051,1,35,-34
103900052,249,686,-437
103900053,154,1551,-1397
103900054,96,769,-673
103900055,689,287,402
103900056,20,50,-30
103900057,46,318,-272
103900058,266,1077,-811
103900059,0,5,-5
103900060,61,291,-230
103900061,138,73,65
103900062,413,129,284
103900063,4,0,4
103900064,101,16,85
103900065,989,555,434
103900066,159,28,131
103900067,166,8,158
103900068,6,0,6
103900069,160,27,133
103900070,201,407,-206
103900071,14,221,-207
103900072,15,414,-399
103900073,28,43,-15
103900074,62,125,-63
103900075,101,132,-31
103900076,474,1124,-650
103900077,88,119,-31
103900078,228,217,11
103900079,172,366,-194
103900080,10,39,-29
103900081,109,18,91
103900082,13,192,-179
103900083,2391,1548,843
103900084,80,258,-178
103900085,81,146,-65
103900086,749,402,347
103900087,21,147,-126
103900088,417,428,-11
103900089,41,223,-182
103900090,115,538,-423
103900091,1133,292,841
103900092,1562,664,898
103900093,126,467,-341
103900094,19,185,-166
103900095,1090,241,849
103900096,57,342,-285
103900097,17,661,-644
103900098,260,175,85
103900099,82,316,-234
103900100,237,486,-249
103900101,70,1537,-1467
103900102,3,31,-28
103900104,1,63,-62
103900105,92,196,-104
103900106,0,21,-21
103900107,261,356,-95
103900108,26,454,-428
103900109,90,139,-49
103900110,369,77,292
103900111,99,1154,-1055
103900112,42,81,-39
103900113,168,347,-179
103900114,610,430,180
103900115,388,414,-26
103900116,7768,3258,4510
103900117,157,208,-51
103900119,43,54,-11
103900120,26,146,-120
103900122,67,359,-292
103900123,2308,667,1641
103900124,47,30,17
103900125,110,87,23
103900126,664,758,-94
103900127,192,1152,-960
103900128,78,209,-131
103900131,17,127,-110
103900133,1506,44,1462
103900134,1,5,-4
103900135,27,26,1
103900137,0,157,-157
103900138,63,305,-242
103900139,350,1915,-1565
103900140,20,112,-92
103900141,315,111,204
103900142,191,335,-144
103900143,22,3,19
103900144,0,101,-101
103900145,186,499,-313
103900146,393,561,-168
103900147,438,182,256
103900148,197,325,-128
103900149,193,852,-659
103900150,11260,4753,6507
103900151,80,247,-167
103900152,517,747,-230
103900153,14,12,2
103900154,1748,2698,-950
103900155,34,379,-345
103900156,33,298,-265
103900157,54,405,-351
103900158,82,313,-231
103900159,128,145,-17
103900160,85,48,37
103900161,118,328,-210
103900162,64,384,-320
103900163,16,744,-728
103900164,228,63,165
103900167,40,136,-96
103900168,120,224,-104
103900169,41,68,-27
103900170,3,163,-160
103900171,2,103,-101
103900172,12,38,-26
103900173,10,24,-14
103900174,187,87,100
103900175,65,73,-8
103900176,8,37,-29
103900177,14,69,-55
103900178,68,126,-58
103900179,54,356,-302
103900180,15,151,-136
103900181,73,81,-8
103900182,19,33,-14
103900184,899,102,797
103900185,463,356,107
103900187,83,82,1
103900188,43,42,1
103900189,129,4,125
103900190,105,82,23
103900191,41,98,-57
103900192,30,178,-148
103900193,291,252,39
103900194,119,469,-350
103900195,4,53,-49
103900196,36,29,7
103900197,22,30,-8
103900198,13,76,-63
103900199,183,69,114
103900200,169,156,13
103900201,154,264,-110
103900202,10,77,-67
103900203,55,47,8
103900204,2,142,-140
103900207,0,237,-237
103900208,86,2,84
103900209,33,134,-101
103900210,84,30,54
103900211,678,861,-183
103900212,124,566,-442
103900213,358,323,35
103900214,863,191,672
103900215,653,285,368
103900216,34,1001,-967
103900217,596,63,533
103900218,2,609,-607
103900219,177,617,-440
103900233,289,5,284
103900235,135,34,101
103900236,68,1,67
103900242,2,18,-16
103900243,4,27,-23
103900244,102,485,-383
103900245,116,255,-139
103900246,98,90,8
103900247,62,127,-65
103900248,5,36,-31
103900249,52,70,-18
103900250,74,44,30
103900251,4,32,-28
103900253,41,95,-54
103900254,11,45,-34
103900255,85,28,57
103900256,135,40,95
103900257,50,396,-346
103900258,153,8,145
103900259,110,16,94
103900261,20,13,7
103900262,36,7,29
103900263,99,131,-32
103900264,121,69,52
103900265,88,24,64
103900266,2,95,-93
103900267,3,42,-39
104000001,3046,2938,108
104000002,2414,4568,-2154
104000003,2918,3495,-577
104000004,3905,4222,-317
104000005,1668,2603,-935
104000006,3433,4343,-910
104000007,5640,5693,-53
104000008,567,599,-32
104000009,260,157,103
104000010,182,352,-170
104000011,1129,491,638
104000012,225,584,-359
104000013,213,214,-1
104000014,366,1037,-671
104000015,339,219,120
104000016,687,684,3
104000018,884,272,612
104000019,689,180,509
104000020,247,887,-640
104000021,366,772,-406
104000022,193,390,-197
104000023,602,460,142
104000024,334,566,-232
104000026,85,472,-387
104000027,532,643,-111
104000028,433,348,85
104000029,510,695,-185
104000030,327,360,-33
104000031,1246,481,765
104000032,314,486,-172
104000033,683,602,81
104000034,393,467,-74
104000035,968,575,393
104000036,840,845,-5
104000037,326,385,-59
104000038,399,410,-11
104000039,241,388,-147
104000040,583,499,84
104000041,476,466,10
104000042,254,525,-271
104000043,296,626,-330
104000044,328,874,-546
104000045,1419,1602,-183
104000046,1996,2239,-243
104000047,939,1761,-822
104000048,1385,2430,-1045
104000049,664,534,130
104000050,216,891,-675
104000051,142,843,-701
104000052,1600,2136,-536
104000053,1039,820,219
104000054,653,807,-154
104000055,6359,3752,2607
104000056,1964,398,1566
104000057,171,517,-346
104000058,822,1080,-258
104000059,876,1911,-1035
104000060,1367,1728,-361
104000061,1938,1867,71
104000062,401,296,105
104000064,667,488,179
104000065,224,666,-442
104000069,2187,1318,869
104000070,75,605,-530
104000071,167,572,-405
104000072,746,414,332
104000075,79,444,-365
104000076,673,199,474
104000082,3445,3964,-519
104000083,1003,293,710
104000084,184,727,-543
104000085,363,433,-70
104000086,165,543,-378
104000087,511,2510,-1999
104000090,930,2256,-1326
104000092,1304,3707,-2403
104000094,1405,2917,-1512
104000095,2108,1962,146
104000096,1797,681,1116
104000097,1862,1601,261
104000098,2017,1866,151
104000100,2112,920,1192
104000101,1475,3921,-2446
104000106,208,774,-566
104000107,910,645,265
104000108,374,890,-516
104000109,342,112,230
104000110,1231,1502,-271
104000111,7212,3697,3515
104000112,3308,858,2450
104000116,11,1727,-1716
104000117,97,1412,-1315
104000118,636,394,242
104000119,652,359,293
104000120,287,1578,-1291
104000121,200,918,-718
104000122,565,929,-364
104000123,1949,1738,211
104000124,1496,3971,-2475
104000125,7560,5175,2385
104000126,505,638,-133
104000127,2051,4793,-2742
104000128,1162,665,497
104000129,96,8,88
104000130,2,398,-396
104000131,1861,714,1147
104000132,1361,896,465
104000133,1362,1501,-139
104000134,1059,2534,-1475
104000135,409,2341,-1932
104000136,896,5145,-4249
104000137,1793,509,1284
104000138,1353,702,651
104000139,10514,4626,5888
104000141,1302,2118,-816
104000142,852,1265,-413
104000143,783,971,-188
104000144,96,243,-147
104000145,555,304,251
104000146,538,925,-387
104000147,204,507,-303
104000148,377,175,202
104000149,245,502,-257
104000150,1184,639,545
104000151,518,725,-207
104000152,685,880,-195
104000153,719,653,66
104000154,1389,981,408
104000155,423,484,-61
104000157,1287,2025,-738
104000158,452,532,-80
104000159,993,510,483
104000160,2153,2265,-112
104000161,372,264,108
104000162,33,213,-180
104000165,1635,1521,114
104000167,710,1050,-340
104000168,879,10,869
104000169,121,84,37
104000170,799,757,42
104000248,435,1270,-835
104000251,78,370,-292
104000272,0,0,0
104000273,0,0,0
104000274,0,0,0
104000275,0,0,0
104000279,1017,647,370
104000290,139,422,-283
104000291,998,1641,-643
104000293,1024,907,117
104000294,36,0,36
104000295,763,1254,-491
104000296,476,1210,-734
104000297,981,2411,-1430
104000298,2592,1249,1343
104000299,1018,2490,-1472
104900001,191,638,-447
104900002,64,185,-121
104900003,66,478,-412
104900004,110,483,-373
104900005,286,310,-24
104900006,337,156,181
104900007,356,422,-66
104900009,181,610,-429
104900010,70,64,6
104900011,22,11,11
104900012,272,43,229
104900013,142,13,129
104900014,4889,515,4374
104900015,224,6,218
104900016,250,474,-224
104900017,144,258,-114
104900018,15,343,-328
104900019,558,2997,-2439
104900020,55,414,-359
104900021,2,370,-368
104900022,17,161,-144
104900023,4,189,-185
104900024,27,140,-113
104900025,134,593,-459
104900026,8,205,-197
104900027,662,354,308
104900028,35,116,-81
104900029,77,163,-86
104900030,643,310,333
104900031,150,269,-119
104900032,48,250,-202
104900033,140,339,-199
104900034,445,141,304
104900035,380,192,188
104900036,199,81,118
104900037,129,469,-340
104900038,1022,950,72
104900039,1614,422,1192
104900040,316,141,175
104900041,295,221,74
104900042,150,486,-336
104900043,12,104,-92
104900044,515,296,219
104900045,458,106,352
104900046,203,175,28
104900047,310,200,110
104900048,293,125,168
104900049,34,31,3
104900050,199,163,36
104900051,311,91,220
104900052,70,5,65
104900053,522,95,427
104900054,182,150,32
104900055,114,0,114
104900056,156,30,126
104900057,62,5,57
104900058,1802,293,1509
104900059,46,62,-16
104900060,5,514,-509
104900061,322,872,-550
104900063,1,138,-137
104900064,0,137,-137
104900065,2,230,-228
104900066,3,291,-288
104900067,2,374,-372
104900068,21,300,-279
104900070,257,361,-104
104900071,5,1130,-1125
104900072,63,359,-296
104900073,75,395,-320
104900074,68,328,-260
104900075,71,147,-76
104900076,98,506,-408
104900077,1927,276,1651
104900078,200,824,-624
104900079,195,552,-357
104900080,99,681,-582
104900082,9,548,-539
104900085,3,248,-245
104900087,393,9,384
104900089,197,0,197
104900090,1035,826,209
104900091,612,1259,-647
104900093,315,841,-526
104900097,4781,2426,2355
104900098,111,61,50
104900099,192,695,-503
104900100,1115,438,677
104900102,18,457,-439
104900103,716,189,527
104900104,5677,2424,3253
104900106,89,201,-112
104900107,153,424,-271
104900108,22,418,-396
104900109,129,625,-496
104900110,17,88,-71
104900111,153,160,-7
104900112,292,1300,-1008
104900113,773,635,138
104900114,366,998,-632
104900115,783,739,44
104900116,318,340,-22
104900118,25,79,-54
104900119,3,43,-40
104900120,54,163,-109
104900121,4,122,-118
104900122,2,138,-136
104900123,68,10,58
104900124,36,2,34
104900125,638,7,631
104900126,80,97,-17
104900127,25,75,-50
104900128,103,217,-114
104900129,4595,2766,1829
105000001,3174,2320,854
105000002,3710,2584,1126
105000003,5671,4847,824
105000004,745,1989,-1244
105000005,911,1700,-789
105000006,1943,2321,-378
105000007,2137,2143,-6
105000008,3074,3684,-610
105000009,2159,3769,-1610
105000010,4207,3970,237
105000011,2833,3184,-351
105000012,5060,4208,852
105000013,1009,1360,-351
105000014,1730,2631,-901
105000015,11063,12397,-1334
105000016,5740,3217,2523
105000017,3494,1264,2230
105000018,2154,1707,447
105000019,2469,1343,1126
105000020,532,510,22
105000021,575,162,413
105000022,310,59,251
105000023,669,314,355
105000028,68,185,-117
105000029,513,1690,-1177
105000030,5510,5084,426
105000033,1340,3011,-1671
105000034,330,1101,-771
105000037,886,637,249
105000038,2055,1871,184
105000039,3446,2608,838
105000040,912,1245,-333
105000041,649,1924,-1275
105000042,2922,1648,1274
105000043,2157,3232,-1075
105000044,719,733,-14
105000045,592,1600,-1008
105000046,961,680,281
105000047,553,1615,-1062
105000048,848,320,528
105000049,403,1189,-786
105000050,623,512,111
105000051,304,929,-625
105000052,552,1286,-734
105000053,122,272,-150
105000054,453,1409,-956
105000055,1228,617,611
105000056,1312,3837,-2525
105000057,1397,1391,6
105000058,2171,2064,107
105000059,942,829,113
105000060,822,1073,-251
105000061,767,807,-40
105000062,1330,1548,-218
105000063,506,952,-446
105000064,1682,1140,542
105000065,648,1318,-670
105000066,2095,2834,-739
105000067,1847,850,997
105000068,1304,1403,-99
105000069,5194,1873,3321
105000070,1465,1119,346
105000071,952,1062,-110
105000072,772,2605,-1833
105000073,1401,901,500
105000074,1928,1240,688
105000075,1280,957,323
105000076,2362,1423,939
105000077,3633,1144,2489
105000078,2365,1605,760
105000079,3129,2399,730
105000080,3301,1625,1676
105000081,3450,1164,2286
105000082,1884,912,972
105000083,3651,1579,2072
105000084,1298,1388,-90
105000085,2053,1613,440
105000086,740,1480,-740
105000087,3682,2600,1082
105000088,1763,2095,-332
105000089,3340,2671,669
105000090,1258,1012,246
105000091,2137,2180,-43
105000092,1310,1562,-252
105000093,518,251,267
105000094,349,364,-15
105000095,115,590,-475
105000096,1656,1076,580
105000097,1885,962,923
105000098,2329,828,1501
105000099,2508,1180,1328
105000100,1252,1834,-582
105000101,2208,3191,-983
105000102,2608,2026,582
105000103,2266,3415,-1149
105000104,2534,1397,1137
105000105,1391,3301,-1910
105000106,2020,3041,-1021
105000107,1626,1981,-355
105000108,1687,3202,-1515
105000109,2163,2972,-809
105000110,723,1449,-726
105000111,782,821,-39
105000112,1445,1223,222
105000113,425,862,-437
105000114,6295,1715,4580
105000115,447,1233,-786
105000116,924,700,224
105000117,1145,1684,-539
105000118,626,663,-37
105000119,859,2085,-1226
105000120,1397,1045,352
105000121,1494,2135,-641
105000122,372,687,-315
105000123,1696,2211,-515
105000124,2163,1261,902
105000125,1304,3207,-1903
105000126,2786,3111,-325
105000127,3256,3137,119
105000128,721,1838,-1117
105000129,1381,456,925
105000130,366,2483,-2117
105000131,1146,814,332
105000132,1021,752,269
105000133,600,1909,-1309
105000134,1119,726,393
105000135,526,957,-431
105000136,58,225,-167
105000137,248,387,-139
105000138,92,234,-142
105000139,1341,1503,-162
105000140,165,638,-473
105000141,274,937,-663
105000142,128,660,-532
105000143,309,1077,-768
105000144,507,1052,-545
105000145,776,576,200
105000146,701,1198,-497
105000147,631,569,62
105000148,1390,860,530
105000149,2954,2668,286
105000150,3009,2315,694
105000151,621,548,73
105000152,275,965,-690
105000153,1000,751,249
105000154,1291,1362,-71
105000155,526,981,-455
105000156,1326,1325,1
105000157,1354,3241,-1887
105000158,2899,1039,1860
105000159,334,2003,-1669
105000160,2583,839,1744
105000161,1260,2302,-1042
105000162,1124,2348,-1224
105000163,2739,1682,1057
105000164,216,436,-220
105000165,3031,7565,-4534
105000166,10710,833,9877
105000167,4951,2316,2635
105000168,384,1191,-807
105000169,654,561,93
105000170,315,1956,-1641
105000171,1437,563,874
105000172,134,80,54
105000173,167,53,114
105000174,79,51,28
105000175,110,178,-68
105000176,381,150,231
105000177,359,221,138
105000178,157,1201,-1044
105000179,377,211,166
105000180,177,169,8
105000181,159,712,-553
105000182,49,54,-5
105000183,4112,2867,1245
105000184,1203,1164,39
105000185,1473,982,491
105000186,525,1043,-518
105000187,800,272,528
105000188,757,186,571
105000189,390,721,-331
105000190,507,385,122
105000191,493,410,83
105000192,496,90,406
105000193,222,213,9
105000194,242,75,167
105000195,333,1651,-1318
105000196,29,197,-168
105000197,366,1042,-676
105000198,779,549,230
105000199,538,682,-144
105000200,214,269,-55
105000201,199,40,159
105000203,7,394,-387
105000204,83,133,-50
105000205,86,239,-153
105000207,676,281,395
105000208,341,712,-371
105000209,244,336,-92
105000212,1507,2340,-833
105000213,306,188,118
105000214,118,315,-197
105000215,339,345,-6
105000216,153,402,-249
105000217,218,378,-160
105000218,1224,1402,-178
105000221,293,443,-150
105000222,500,62,438
105000223,290,234,56
105000226,89,570,-481
105000227,60,352,-292
105000228,401,1624,-1223
105000229,184,404,-220
105000231,233,451,-218
105000233,750,688,62
105000234,693,2011,-1318
105000235,522,761,-239
105000237,1020,124,896
105000243,24,405,-381
105000248,234,103,131
105000262,378,2539,-2161
105000269,161,256,-95
105000270,566,118,448
105000271,6,349,-343
105000282,286,69,217
105000287,362,255,107
105000288,516,892,-376
105000289,3744,1742,2002
105000290,14,8,6
105000402,7109,3790,3319
105000426,940,737,203
105000438,3418,1008,2410
105000446,21299,8121,13178
105000447,11691,5016,6675
105000454,379,687,-308
105000455,429,272,157
105000474,43,1,42
105000477,510,671,-161
105000478,2118,3979,-1861
105000479,292,201,91
105000480,5584,3541,2043
105000481,4110,3235,875
105000482,8234,5248,2986
105000483,2049,1888,161
105000484,4005,3515,490
105000485,2231,2345,-114
105000486,7100,3536,3564
105000488,8099,6312,1787
105000489,1098,1239,-141
105000549,58,161,-103
105000550,946,1967,-1021
105000551,26,132,-106
105000552,4906,2743,2163
105900001,15,1575,-1560
105900002,2190,664,1526
105900003,12,147,-135
105900004,420,160,260
105900005,3,261,-258
105900006,13,87,-74
105900007,91,29,62
105900008,73,1071,-998
105900009,17,17,0
105900011,258,53,205
105900012,518,116,402
105900013,7,36,-29
105900014,15,115,-100
105900015,214,527,-313
105900016,493,984,-491
105900017,1215,75,1140
105900018,277,498,-221
105900019,79,548,-469
105900020,74,86,-12
105900021,36,421,-385
105900022,346,460,-114
105900023,8,185,-177
105900024,19,182,-163
105900025,214,68,146
105900026,534,78,456
105900027,8291,7222,1069
105900028,476,279,197
105900029,2986,573,2413
105900030,361,358,3
105900031,580,247,333
105900032,116,170,-54
105900033,146,199,-53
105900034,247,293,-46
105900035,257,277,-20
105900036,53,244,-191
105900037,125,79,46
105900038,146,635,-489
105900039,106,246,-140
105900040,65,117,-52
105900041,244,777,-533
105900042,82,176,-94
105900043,3478,123,3355
105900044,3,299,-296
105900045,12,1001,-989
105900046,3,309,-306
105900047,20,49,-29
105900048,163,787,-624
105900050,4751,1841,2910
105900051,16,2132,-2116
105900052,550,222,328
105900053,5862,3422,2440
105900054,386,449,-63
105900056,1102,416,686
105900057,54,161,-107
105900058,16,65,-49
105900059,0,49,-49
106000001,5566,3314,2252
106000002,3917,7254,-3337
106000003,3723,4765,-1042
106000004,2877,4056,-1179
106000005,3211,7759,-4548
106000006,8149,6940,1209
106000007,549,671,-122
106000008,489,461,28
106000009,539,468,71
106000010,747,714,33
106000011,1055,1595,-540
106000012,1105,2209,-1104
106000013,2006,2561,-555
106000014,2797,2781,16
106000015,1617,1622,-5
106000016,1691,3475,-1784
106000017,866,913,-47
106000018,864,875,-11
106000019,500,573,-73
106000020,401,556,-155
106000021,297,592,-295
106000022,418,435,-17
106000023,741,476,265
106000024,864,1025,-161
106000025,108,259,-151
106000026,119,318,-199
106000027,1246,1603,-357
106000028,748,828,-80
106000029,1023,1598,-575
106000030,1111,551,560
106000034,302,904,-602
106000035,1080,2112,-1032
106000036,445,586,-141
106000037,3035,2246,789
106000038,744,149,595
106000039,275,109,166
106000040,266,1033,-767
106000041,1194,643,551
106000043,771,196,575
106000046,433,57,376
106000047,58,492,-434
106000049,893,222,671
106000050,519,1197,-678
106000051,1147,559,588
106000052,137,938,-801
106000053,333,163,170
106000054,486,658,-172
106000055,1255,1666,-411
106000056,364,604,-240
106000057,255,372,-117
106000058,178,320,-142
106000059,351,335,16
106000060,610,789,-179
106000061,201,694,-493
106000062,168,815,-647
106000063,710,752,-42
106000064,44,558,-514
106000065,460,339,121
106000066,174,521,-347
106000067,350,145,205
106000068,63,872,-809
106000069,251,113,138
106000070,469,1166,-697
106000071,1142,448,694
106000072,6503,2322,4181
106000073,2435,3581,-1146
106000074,568,1057,-489
106000075,429,1792,-1363
106000076,1975,2809,-834
106000077,5031,1939,3092
106000078,1153,1356,-203
106000079,790,1360,-570
106000080,1467,1017,450
106000081,662,1602,-940
106000082,3103,1380,1723
106000083,342,2022,-1680
106000084,1365,1007,358
106000085,1943,1975,-32
106000086,735,1023,-288
106000087,1140,854,286
106000088,502,1062,-560
106000089,1132,574,558
106000090,294,751,-457
106000091,288,1059,-771
106000092,731,352,379
106000093,279,159,120
106000094,88,401,-313
106000095,640,1375,-735
106000096,1163,1026,137
106000097,995,1516,-521
106000098,667,1279,-612
106000099,206,1064,-858
106000100,1037,357,680
106000101,899,285,614
106000102,162,712,-550
106000103,305,746,-441
106000104,838,617,221
106000105,516,1083,-567
106000106,595,591,4
106000107,124,533,-409
106000108,233,415,-182
106000109,141,436,-295
106000110,178,311,-133
106000111,167,646,-479
106000112,163,547,-384
106000113,1227,812,415
106000114,553,603,-50
106000115,254,798,-544
106000116,224,299,-75
106000117,1179,1201,-22
106000118,1475,1618,-143
106000119,2937,1755,1182
106000120,1003,1223,-220
106000121,194,191,3
106000122,156,436,-280
106000123,335,246,89
106000124,53,434,-381
106000125,33,459,-426
106000126,257,192,65
106000127,1146,1195,-49
106000128,693,362,331
106000129,634,900,-266
106000130,816,537,279
106000131,183,1145,-962
106000132,1000,223,777
106000133,4646,1631,3015
106000134,1014,1842,-828
106000135,284,1105,-821
106000136,665,936,-271
106000137,93,1923,-1830
106000138,1367,86,1281
106000139,54,174,-120
106000140,51,125,-74
106000141,61,151,-90
106000142,87,103,-16
106000143,54,91,-37
106000144,35,104,-69
106000145,217,481,-264
106000146,391,319,72
106000147,676,739,-63
106000148,866,1224,-358
106000149,579,545,34
106000150,658,2746,-2088
106000151,6231,1076,5155
106000152,1896,2841,-945
106000153,92,2283,-2191
106000154,1742,347,1395
106000155,83,301,-218
106000156,1121,606,515
106000157,948,2884,-1936
106000158,4079,1285,2794
106000159,5924,2100,3824
106000160,443,4154,-3711
106000161,1943,653,1290
106000162,248,1240,-992
106000163,414,767,-353
106000164,416,471,-55
106000165,249,1053,-804
106000166,1396,410,986
106000167,498,1808,-1310
106000168,490,420,70
106000169,223,996,-773
106000170,879,317,562
106000171,274,1632,-1358
106000172,4375,1389,2986
106000173,1423,3833,-2410
106000174,1346,431,915
106000175,396,1359,-963
106000176,1911,1164,747
106000177,981,3672,-2691
106000178,4227,2255,1972
106000179,1458,3424,-1966
106000180,1235,2192,-957
106000181,748,2636,-1888
106000182,1204,1137,67
106000183,1242,1301,-59
106000184,2023,1532,491
106000185,1171,1529,-358
106000186,1435,215,1220
106000187,306,1299,-993
106000188,1,1,0
106000189,38,132,-94
106000190,14,1,13
106000191,736,248,488
106000192,1,35,-34
106000193,480,255,225
106000194,222,503,-281
106000195,911,217,694
106000196,311,711,-400
106000197,494,527,-33
106000198,166,379,-213
106000199,1137,1076,61
106000200,652,308,344
106000201,714,3088,-2374
106000202,9390,930,8460
106000203,119,241,-122
106000204,61,3,58
106000205,21,181,-160
106000206,114,25,89
106000207,72,1105,-1033
106000208,1318,172,1146
106000209,1592,441,1151
106000210,295,1767,-1472
106000211,442,1857,-1415
106000212,948,501,447
106000213,1192,1990,-798
106000214,3990,907,3083
106000215,350,670,-320
106000216,362,483,-121
106000217,384,637,-253
106000218,568,551,17
106000219,126,343,-217
106000220,405,351,54
106000221,120,380,-260
106000222,27,131,-104
106000223,166,177,-11
106000224,220,415,-195
106000225,119,107,12
106000226,205,460,-255
106000228,50,177,-127
106000229,85,977,-892
106000231,1010,183,827
106000232,86,523,-437
106000233,681,169,512
106000234,85,245,-160
106000235,333,134,199
106000236,167,85,82
106000237,1,9,-8
106000238,15,18,-3
106000239,3,131,-128
106000240,131,4,127
106000241,17,944,-927
106000242,294,53,241
106000249,71,108,-37
106000250,116,690,-574
106000251,83,62,21
106000252,26,150,-124
106000253,41,76,-35
106000254,56,92,-36
106000255,19,205,-186
106000256,82,143,-61
106000257,282,400,-118
106000258,189,39,150
106000259,1,23,-22
106000260,25,18,7
106000261,15,59,-44
106000262,64,23,41
106000263,10,92,-82
106000264,232,12,220
106000265,10,199,-189
106000266,152,26,126
106000267,3,127,-124
106000268,737,50,687
106000269,80,107,-27
106000270,212,623,-411
106000271,36,285,-249
106000272,203,74,129
106000273,18,275,-257
106000274,312,67,245
106000275,224,367,-143
106000276,252,54,198
106000277,201,259,-58
106000278,246,53,193
106000279,9,91,-82
106000280,79,219,-140
106000281,84,102,-18
106000282,116,76,40
106000283,133,149,-16
106000284,59,129,-70
106000285,157,179,-22
106000286,116,209,-93
106000287,129,133,-4
106000288,114,219,-105
106000289,114,144,-30
106000290,77,141,-64
106000291,128,134,-6
106000292,81,184,-103
106000293,159,115,44
106000294,173,208,-35
106000295,52,79,-27
106000296,74,157,-83
106000297,107,326,-219
106000298,163,69,94
106000299,91,185,-94
106000300,73,157,-84
106000301,83,156,-73
106000303,40,108,-68
106000304,60,69,-9
106000305,47,69,-22
106000306,45,97,-52
106000307,62,17,45
106000308,34,229,-195
106000309,23,105,-82
106000310,372,733,-361
106000311,396,251,145
106000312,68,276,-208
106000313,183,278,-95
106000318,262,488,-226
106000319,1258,189,1069
106000320,6,53,-47
106000321,435,126,309
106000322,87,278,-191
106000324,12,170,-158
106000325,1807,1179,628
106000326,1440,2797,-1357
106000327,114,162,-48
106000328,14,159,-145
106000329,171,458,-287
106000330,36,96,-60
106000428,51,183,-132
106000429,138,607,-469
106000430,430,1849,-1419
106000431,1823,505,1318
106000432,2477,3920,-1443
106000433,2571,1349,1222
106000434,4518,1911,2607
106000435,2851,3831,-980
106000436,23,422,-399
106000437,362,46,316
106000438,474,224,250
106000439,79,695,-616
106000440,259,563,-304
106000441,1,1,0
106000442,189,9,180
106000443,143,537,-394
106000450,5,327,-322
106000451,30,59,-29
106000454,9,114,-105
106000455,18,230,-212
106000456,181,25,156
106000457,11,1369,-1358
106000458,657,259,398
106000459,174,463,-289
106000460,1122,53,1069
106000461,107,2191,-2084
106000462,2,21,-19
106000463,2,40,-38
106000464,0,650,-650
106000465,523,0,523
106000466,3,866,-863
106000467,540,817,-277
106000468,75,302,-227
106000469,360,9,351
106000470,321,2653,-2332
106000471,47,896,-849
106000472,196,10,186
106000473,47,39,8
106000474,304,864,-560
106000475,224,184,40
106000476,174,185,-11
106000477,18,59,-41
106900001,0,35,-35
106900002,5,879,-874
106900003,346,1185,-839
106900004,0,139,-139
106900006,1,31,-30
106900007,1,33,-32
106900008,281,353,-72
106900009,412,566,-154
106900010,326,548,-222
106900012,3317,2449,868
106900013,676,125,551
106900014,35,3,32
106900015,43,3,40
106900016,264,9,255
106900017,7,0,7
106900018,2,0,2
106900019,34,0,34
106900020,4140,1919,2221
106900021,62,79,-17
106900022,652,5,647
106900023,49,364,-315
106900024,562,31,531
106900025,88,903,-815
106900026,0,1121,-1121
106900027,820,4,816
107000001,4817,3444,1373
107000002,6248,6609,-361
107000003,6214,7448,-1234
107000004,8139,7806,333
107000005,3951,6340,-2389
107000006,5428,8712,-3284
107000007,5681,11878,-6197
107000008,18803,15260,3543
107000009,6729,7868,-1139
107000010,13731,16248,-2517
107000011,1233,1872,-639
107000012,5870,5389,481
107000013,36,172,-136
107000014,60,272,-212
107000015,415,984,-569
107000016,699,1407,-708
107000017,4146,1279,2867
107000018,22,392,-370
107000020,2267,586,1681
107000021,1331,801,530
107000022,1033,1453,-420
107000023,1945,395,1550
107000024,587,2346,-1759
107000025,244,534,-290
107000026,151,874,-723
107000027,1602,1418,184
107000028,1451,2333,-882
107000029,2939,2625,314
107000030,3517,4561,-1044
107000031,4190,2918,1272
107000032,587,1293,-706
107000033,5310,6780,-1470
107000034,7126,3154,3972
107000035,451,373,78
107000036,555,2169,-1614
107000037,107,1022,-915
107000038,321,309,12
107000039,1013,826,187
107000040,222,395,-173
107000041,2244,956,1288
107000042,1031,2419,-1388
107000043,3846,1176,2670
107000044,767,345,422
107000045,132,415,-283
107000046,843,468,375
107000047,647,1112,-465
107000048,799,338,461
107000049,655,1041,-386
107000050,1236,583,653
107000051,703,524,179
107000052,1505,1167,338
107000053,506,317,189
107000054,86,383,-297
107000055,106,100,6
107000056,439,1034,-595
107000057,1882,251,1631
107000058,2666,2896,-230
107000059,3372,4984,-1612
107000060,4627,6971,-2344
107000061,8222,5529,2693
107000062,4154,3973,181
107000063,5604,8285,-2681
107000064,4469,2845,1624
107000065,5112,7388,-2276
107000066,2183,2882,-699
107000067,1103,1404,-301
107000068,1908,792,1116
107000069,1009,582,427
107000070,747,5,742
107000071,2953,80,2873
107000072,55,4702,-4647
107000073,552,306,246
107000074,182,1344,-1162
107000075,1610,668,942
107000076,1101,2160,-1059
107000077,3693,1259,2434
107000078,2785,4455,-1670
107000079,2982,1011,1971
107000080,1540,4493,-2953
107000081,1644,707,937
107000082,708,3002,-2294
107000083,1410,505,905
107000084,568,3079,-2511
107000085,3609,4199,-590
107000086,4396,4947,-551
107000087,3842,2907,935
107000088,4286,5389,-1103
107000089,1647,2764,-1117
107000090,1437,1732,-295
107000091,1499,1159,340
107000092,1088,1665,-577
107000093,1511,1095,416
107000094,1939,1768,171
107000095,964,782,182
107000096,805,1252,-447
107000097,614,292,322
107000098,417,653,-236
107000099,517,480,37
107000100,471,366,105
107000101,178,276,-98
107000102,490,518,-28
107000103,366,285,81
107000104,314,503,-189
107000105,401,216,185
107000106,266,533,-267
107000107,532,282,250
107000108,274,1047,-773
107000109,546,196,350
107000110,87,739,-652
107000111,271,44,227
107000112,26,490,-464
107000113,557,152,405
107000114,104,879,-775
107000115,473,140,333
107000116,108,1310,-1202
107000117,137,451,-314
107000118,159,395,-236
107000119,2307,1586,721
107000120,2860,507,2353
107000121,811,1008,-197
107000122,1220,1385,-165
107000123,461,893,-432
107000124,612,1290,-678
107000125,667,804,-137
107000126,591,842,-251
107000127,12,425,-413
107000129,255,203,52
107000130,358,322,36
107000131,645,453,192
107000132,691,482,209
107000133,858,149,709
107000134,423,5,418
107000135,5,441,-436
107000136,834,11,823
107000137,22,558,-536
107000138,514,33,481
107000139,18,589,-571
107000140,1797,134,1663
107000141,137,1084,-947
107000142,408,123,285
107000143,64,1182,-1118
107000144,560,686,-126
107000145,193,881,-688
107000146,232,533,-301
107000147,3919,1011,2908
107000150,1242,3152,-1910
107000151,84,93,-9
107000152,886,1161,-275
107000153,604,600,4
107000154,278,193,85
107000155,926,25,901
107000156,1273,44,1229
107000157,37,2796,-2759
107000158,540,29,511
107000159,31,1163,-1132
107000160,966,152,814
107000161,112,2329,-2217
107000162,254,478,-224
107000163,129,3,126
107000164,505,3,502
107000165,912,4,908
107000166,75,1765,-1690
107000167,523,308,215
107000168,1034,506,528
107000169,1147,1090,57
107000170,2499,956,1543
107000171,759,3188,-2429
107000172,1037,1548,-511
107000173,823,1733,-910
107000174,1000,5429,-4429
107000175,11810,2494,9316
107000176,2,0,2
107000177,5,2,3
107000178,8,118,-110
107000179,334,3408,-3074
107000180,1422,392,1030
107000181,433,1730,-1297
107000182,1783,1318,465
107000183,140,1360,-1220
107000184,936,968,-32
107000185,635,2081,-1446
107000186,1542,516,1026
107000187,1493,2022,-529
107000188,650,711,-61
107000189,415,1459,-1044
107000190,698,1092,-394
107000191,876,1470,-594
107000192,1921,1305,616
107000193,483,702,-219
107000194,1470,1160,310
107000197,979,319,660
107000198,365,865,-500
107000199,836,1199,-363
107000200,1610,888,722
107000201,399,332,67
107000202,299,709,-410
107000203,1104,761,343
107000204,1911,714,1197
107000205,2490,1289,1201
107000206,1242,1597,-355
107000207,1051,1642,-591
107000208,1891,565,1326
107000209,3318,1552,1766
107000210,1292,660,632
107000211,8,49,-41
107000212,29,541,-512
107000213,17,56,-39
107000214,15,332,-317
107000215,496,692,-196
107000216,499,599,-100
107000217,138,183,-45
107000219,85,187,-102
107000220,174,372,-198
107000222,373,1042,-669
107000224,355,70,285
107000225,250,801,-551
107000226,377,105,272
107000227,128,500,-372
107000228,65,257,-192
107000229,518,235,283
107000230,1594,744,850
107000231,2303,1258,1045
107000232,122,89,33
107000233,1677,873,804
107000234,2,75,-73
107000235,92,3,89
107000236,18,675,-657
107000237,15,3,12
107000238,17,2,15
107000239,6082,985,5097
107000240,108,1381,-1273
107000241,130,33,97
107000242,906,61,845
107000243,2,164,-162
107000244,5,81,-76
107000246,4,1376,-1372
107000249,5,1383,-1378
107000251,1,300,-299
107000252,4,1573,-1569
107000255,1004,158,846
107000257,4,621,-617
107000258,2,194,-192
107000259,1,326,-325
107000260,583,6,577
107000262,9,826,-817
107000263,270,7,263
107000266,13,11,2
107000267,99,269,-170
107000268,228,215,13
107000269,733,39,694
107000270,1,18,-17
107000271,22,1009,-987
107000272,25,238,-213
107000273,3,197,-194
107000274,1827,260,1567
107000275,61,903,-842
107000280,683,25,658
107000281,44,1246,-1202
107000282,19,1279,-1260
107000290,3,28,-25
107000291,11,8,3
107000292,0,17,-17
107000293,126,0,126
107000294,0,33,-33
107000295,20,1,19
107000296,1,38,-37
107000444,277,5,272
107000496,3,74,-71
107000497,1748,3773,-2025
107000500,527,465,62
107000501,109,267,-158
107000502,648,522,126
107000505,765,1028,-263
107000506,3,36,-33
107000508,8,885,-877
107000509,310,1084,-774
107000510,29,24,5
107000514,55,337,-282
107000515,16,331,-315
107000516,246,338,-92
107000518,1063,1169,-106
107000519,4725,1378,3347
107000520,109,39,70
107900001,98,271,-173
107900002,73,12,61
107900003,627,28,599
107900004,49,0,49
107900005,1143,3,1140
107900006,236,2,234
107900007,343,36,307
107900008,59,57,2
107900009,182,3,179
107900010,26,0,26
107900012,319,20,299
107900013,351,66,285
107900014,27,7,20
107900015,928,19,909
107900016,519,169,350
107900017,23,3,20
107900018,77,147,-70
107900019,16,90,-74
107900020,90,8,82
107900021,71,232,-161
107900023,3,5,-2
107900024,0,28,-28
107900025,192,468,-276
107900026,70,147,-77
107900027,61,56,5
107900028,54,145,-91
107900030,195,30,165
107900031,58,203,-145
107900032,10,8,2
107900033,21,11,10
107900034,537,19,518
107900035,979,39,940
107900036,53,13,40
107900037,0,67,-67
107900038,162,285,-123
107900039,30,91,-61
107900040,73,111,-38
107900041,4,1,3
107900043,39,249,-210
107900044,12,5,7
107900045,99,40,59
107900046,128,204,-76
107900047,36,103,-67
107900048,166,11,155
107900049,396,1201,-805
107900050,100,538,-438
107900051,96,131,-35
107900052,20,27,-7
107900053,35,131,-96
107900055,1063,387,676
107900056,171,55,116
107900057,3,0,3
107900058,43,975,-932
107900060,23,58,-35
107900061,31,12,19
107900063,159,200,-41
107900064,508,102,406
107900065,233,11,222
107900066,20,3,17
107900067,0,0,0
107900068,275,372,-97
107900069,38,1973,-1935
107900070,162,71,91
107900071,68,1145,-1077
107900072,117,301,-184
107900073,97,156,-59
107900074,1133,240,893
107900076,128,116,12
107900077,77,0,77
107900078,383,56,327
107900079,7,11,-4
107900080,215,378,-163
107900081,21,104,-83
107900082,35,31,4
107900083,449,184,265
107900084,176,175,1
107900086,22,173,-151
107900087,848,137,711
107900088,20,32,-12
107900089,403,1248,-845
107900090,733,2838,-2105
107900091,227,723,-496
107900092,2576,655,1921
107900093,107,88,19
107900095,3976,2263,1713
107900097,188,103,85
107900098,89,222,-133
107900100,1407,1514,-107
107900101,1520,225,1295
107900102,15,7,8
107900103,71,182,-111
107900104,191,8,183
107900105,3,667,-664
107900106,6,1761,-1755
107900107,1710,500,1210
107900108,461,210,251
107900109,1125,10,1115
107900110,41,134,-93
107900111,14,1379,-1365
107900112,94,494,-400
107900113,187,175,12
107900114,152,260,-108
107900115,5,58,-53
107900116,153,295,-142
107900117,421,672,-251
107900118,75,222,-147
107900119,125,217,-92
107900120,29,26,3
107900121,1,190,-189
107900122,0,56,-56
107900123,5,33,-28
107900124,20,24,-4
107900125,38,317,-279
107900126,17,41,-24
107900127,583,263,320
107900128,140,99,41
107900129,59,53,6
107900130,67,37,30
107900131,784,260,524
107900132,100,610,-510
107900133,5,114,-109
107900134,52,39,13
107900135,8,226,-218
107900136,51,58,-7
107900137,103,164,-61
107900138,41,45,-4
107900139,42,56,-14
107900140,103,110,-7
107900141,55,83,-28
107900142,75,1613,-1538
107900143,57,47,10
107900144,5,191,-186
107900145,10,114,-104
107900146,46,220,-174
107900147,95,28,67
107900148,250,269,-19
107900149,2519,311,2208
107900150,75,1226,-1151
107900151,28,138,-110
107900152,10,369,-359
107900153,213,408,-195
107900154,67,19,48
107900155,61,64,-3
107900156,9,380,-371
107900157,87,89,-2
107900158,822,22,800
107900159,55,1655,-1600
107900160,65,211,-146
107900161,36,254,-218
107900162,1,260,-259
107900163,103,35,68
107900164,8,50,-42
107900165,59,119,-60
107900166,60,364,-304
107900167,27,38,-11
107900168,30,43,-13
107900169,0,164,-164
107900171,16,2576,-2560
107900172,1,488,-487
107900173,33,275,-242
107900174,113,2,111
107900175,18,22,-4
107900176,24,54,-30
107900177,1,319,-318
107900178,5,294,-289
107900179,21,149,-128
107900180,1262,569,693
107900181,404,457,-53
107900182,5,1742,-1737
107900183,28,409,-381
107900184,78,283,-205
107900185,127,5,122
107900186,34,58,-24
107900187,1,183,-182
107900188,978,179,799
107900189,13,148,-135
107900190,123,142,-19
107900191,75,152,-77
107900193,6,40,-34
107900194,278,10,268
107900195,5467,729,4738
107900196,58,106,-48
107900197,1356,359,997
107900199,2,1248,-1246
107900201,80,194,-114
107900203,67,119,-52
107900204,231,459,-228
107900205,262,651,-389
107900206,766,225,541
107900207,5,857,-852
107900208,11,990,-979
107900209,500,188,312
107900210,105,213,-108
107900213,1091,869,222
107900214,16,173,-157
107900215,190,410,-220
107900216,161,151,10
107900217,44,87,-43
107900218,11,1996,-1985
107900219,29,160,-131
107900220,338,300,38
107900221,193,252,-59
107900223,82,752,-670
107900224,227,532,-305
107900225,9,1089,-1080
107900226,75,182,-107
107900227,210,654,-444
107900228,17,103,-86
107900229,4,423,-419
107900230,6,217,-211
107900231,13,273,-260
107900232,62,217,-155
107900233,5,177,-172
107900234,105,201,-96
107900235,38,140,-102
107900236,77,106,-29
107900237,109,585,-476
107900238,37,184,-147
107900239,1509,610,899
107900240,24,180,-156
107900241,17,115,-98
107900242,28,407,-379
107900243,3,60,-57
107900244,306,6,300
107900245,686,57,629
107900246,202,10,192
107900248,121,707,-586
107900249,602,25,577
107900250,1,788,-787
107900251,65,1981,-1916
107900252,1236,15,1221
107900253,195,6,189
107900254,83,253,-170
107900255,449,115,334
107900256,1000,598,402
107900257,203,111,92
107900258,95,440,-345
107900259,105,1958,-1853
107900261,3,562,-559
107900262,52,199,-147
107900264,363,9,354
107900265,126,271,-145
107900267,217,29,188
107900268,62,6,56
107900269,0,11,-11
107900270,0,0,0
107900271,4,22,-18
107900272,150,15,135
107900273,27,135,-108
107900274,52,0,52
107900275,15,1,14
107900276,2,100,-98
107900277,0,360,-360
107900278,261,450,-189
107900279,209,194,15
107900280,2500,2538,-38
107900281,4563,2514,2049
107900282,114,508,-394
107900283,2060,629,1431
107900284,443,1040,-597
107900285,93,154,-61
107900286,208,158,50
107900287,168,241,-73
107900290,1,107,-106
107900291,628,13,615
107900292,130,368,-238
107900293,73,688,-615
107900295,70,140,-70
107900297,1,312,-311
107900298,1012,1034,-22
107900299,4746,2814,1932
107900300,48,326,-278
107900301,787,577,210
107900302,130,44,86
107900303,167,404,-237
107900304,242,809,-567
107900305,335,13,322
107900306,27,20,7
107900307,59,274,-215
107900308,227,115,112
107900309,235,0,235
107900310,187,2,185
107900311,9,56,-47
107900312,152,2,150
107900313,4,87,-83
107900314,0,64,-64
107900315,0,71,-71
107900316,94,3,91
107900317,146,23,123
107900318,1,211,-210
107900319,4,378,-374
107900320,21,268,-247
107900321,144,3,141
107900322,2,208,-206
107900323,115,288,-173
107900324,153,2,151
107900325,65,0,65
107900326,309,440,-131
107900327,2,65,-63
107900328,130,0,130
107900329,179,62,117
107900330,24,879,-855
107900331,267,45,222
107900332,209,59,150
107900333,64,25,39
107900334,17,318,-301
107900335,65,106,-41
107900336,35,52,-17
107900337,1749,932,817
107900338,6,194,-188
107900339,1,35,-34
107900340,0,65,-65
107900341,42,0,42
107900342,55,96,-41
107900343,68,1,67
107900344,5,129,-124
107900345,132,45,87
107900346,32,1,31
107900347,41,7,34
107900348,9,3,6
107900349,28,9,19
107900350,42,336,-294
108000001,3316,5162,-1846
108000002,3059,4237,-1178
108000003,5577,3419,2158
108000004,20986,22915,-1929
108000005,8379,5591,2788
108000006,10349,10087,262
108000007,6011,4948,1063
108000008,7406,8750,-1344
108000009,4310,5473,-1163
108000010,4738,7114,-2376
108000011,12985,14678,-1693
108000012,23798,23535,263
108000014,843,724,119
108000015,726,363,363
108000016,296,618,-322
108000017,1114,518,596
108000018,1738,707,1031
108000019,2060,978,1082
108000020,1514,698,816
108000021,485,2137,-1652
108000022,626,1989,-1363
108000023,1497,306,1191
108000024,286,925,-639
108000025,260,311,-51
108000026,540,745,-205
108000027,648,675,-27
108000028,427,327,100
108000029,488,670,-182
108000030,769,245,524
108000031,364,728,-364
108000032,1391,772,619
108000033,913,1671,-758
108000034,1931,516,1415
108000035,1240,3325,-2085
108000036,394,1894,-1500
108000037,1912,486,1426
108000038,2709,685,2024
108000039,678,3553,-2875
108000040,2004,1000,1004
108000041,776,3602,-2826
108000042,277,287,-10
108000043,216,387,-171
108000044,405,259,146
108000045,310,814,-504
108000046,1398,448,950
108000047,536,1404,-868
108000048,189,534,-345
108000049,695,333,362
108000050,97,650,-553
108000051,217,138,79
108000052,291,994,-703
108000053,339,185,154
108000054,694,1543,-849
108000055,1361,590,771
108000056,1359,1439,-80
108000057,852,1191,-339
108000058,2434,4098,-1664
108000059,4669,2618,2051
108000060,210,451,-241
108000061,187,424,-237
108000062,769,724,45
108000063,529,930,-401
108000064,198,315,-117
108000065,708,921,-213
108000066,2853,1090,1763
108000067,2180,688,1492
108000068,819,425,394
108000069,279,1353,-1074
108000070,1816,898,918
108000071,896,2202,-1306
108000072,1695,1444,251
108000073,1922,2670,-748
108000074,432,479,-47
108000075,386,1151,-765
108000076,917,647,270
108000077,872,882,-10
108000078,2147,1774,373
108000079,1079,2412,-1333
108000080,1072,747,325
108000081,637,2980,-2343
108000082,1408,2731,-1323
108000083,2350,1108,1242
108000084,452,1761,-1309
108000085,610,483,127
108000086,1128,1190,-62
108000087,196,2137,-1941
108000088,231,16,215
108000089,662,469,193
108000090,543,166,377
108000091,203,741,-538
108000092,137,111,26
108000093,195,1200,-1005
108000094,726,161,565
108000095,228,652,-424
108000096,286,276,10
108000097,192,786,-594
108000098,1672,1883,-211
108000099,231,108,123
108000100,71,290,-219
108000101,1157,1556,-399
108000102,1721,3072,-1351
108000106,1068,2,1066
108000107,2,983,-981
108000108,715,64,651
108000109,2,1024,-1022
108000110,191,358,-167
108000111,222,1250,-1028
108000112,117,166,-49
108000113,780,417,363
108000115,558,589,-31
108000117,1306,452,854
108000118,265,274,-9
108000119,981,601,380
108000120,147,951,-804
108000121,233,824,-591
108000122,492,485,7
108000123,605,290,315
108000124,282,758,-476
108000125,369,447,-78
108000126,195,682,-487
108000127,472,490,-18
108000128,672,800,-128
108000129,350,1517,-1167
108000130,323,360,-37
108000131,971,515,456
108000132,2461,1924,537
108000133,968,644,324
108000134,651,824,-173
108000135,1181,464,717
108000136,1121,1384,-263
108000137,390,555,-165
108000138,275,769,-494
108000139,357,458,-101
108000140,81,31,50
108000141,55,194,-139
108000142,101,194,-93
108000143,54,65,-11
108000144,21,22,-1
108000145,54,50,4
108000146,43,25,18
108000147,79,66,13
108000148,63,16,47
108000149,27,56,-29
108000150,21,5,16
108000151,32,19,13
108000152,122,688,-566
108000153,425,152,273
108000154,101,20,81
108000155,26,32,-6
108000156,359,137,222
108000157,268,1092,-824
108000158,122,837,-715
108000159,859,305,554
108000160,6522,1274,5248
108000161,6246,2736,3510
108000165,10,202,-192
108000172,2,311,-309
108000173,3558,2329,1229
108000175,198,122,76
108000178,643,407,236
108000179,355,823,-468
108000181,71,37,34
108000182,167,20,147
108000183,49,39,10
108000184,1541,2525,-984
108000185,312,820,-508
108000186,95,62,33
108000187,95,940,-845
108000188,520,298,222
108000189,913,1662,-749
108000190,58,140,-82
108000192,216,798,-582
108000193,1190,77,1113
108000194,25,16,9
108000195,3,1955,-1952
108000196,191,243,-52
108000197,155,652,-497
108000198,635,391,244
108000199,1,172,-171
108000200,280,862,-582
108000202,1,212,-211
108000203,120,1003,-883
108000204,90,54,36
108000205,366,589,-223
108000339,2062,516,1546
108000364,204,357,-153
108000365,60,438,-378
108000367,292,596,-304
108000368,9,60,-51
108000369,1293,173,1120
108000371,4,819,-815
108000372,545,5,540
108000373,209,173,36
108000376,84,24,60
108000377,397,422,-25
108000378,11394,12872,-1478
108000379,37,299,-262
108000381,50,14,36
108000382,60,1,59
108000383,0,91,-91
108900001,141,1378,-1237
108900002,300,74,226
108900003,474,1290,-816
108900004,206,394,-188
108900005,101,337,-236
108900006,708,235,473
108900007,289,289,0
108900008,101,202,-101
108900009,117,138,-21
108900010,183,219,-36
108900011,431,450,-19
108900012,389,645,-256
108900013,112,399,-287
108900014,5,130,-125
108900015,0,13,-13
108900016,3,306,-303
108900017,231,278,-47
108900018,146,658,-512
108900019,78,1598,-1520
108900020,55,314,-259
108900021,145,417,-272
108900022,157,10,147
108900023,1,28,-27
108900024,18,164,-146
108900025,104,222,-118
108900026,15,114,-99
108900027,1,109,-108
108900028,79,558,-479
108900029,49,309,-260
108900030,0,73,-73
108900031,110,654,-544
108900032,9,354,-345
108900033,1,151,-150
108900034,0,284,-284
108900035,351,1777,-1426
108900036,234,449,-215
108900037,92,598,-506
108900038,0,543,-543
108900039,1,649,-648
108900040,9,175,-166
108900041,7361,3837,3524
108900042,11,385,-374
108900043,79,669,-590
108900044,4,934,-930
108900045,63,810,-747
108900046,66,1411,-1345
108900047,0,84,-84
108900048,136,1515,-1379
108900049,7354,1498,5856
108900050,0,314,-314
108900051,0,352,-352
108900052,21,327,-306
108900053,127,255,-128
108900054,98,339,-241
108900055,96,674,-578
108900056,1,240,-239
108900057,1,320,-319
108900058,31,573,-542
108900059,453,57,396
108900060,178,221,-43
108900061,82,62,20
108900062,11,379,-368
108900063,15,521,-506
108900064,182,103,79
108900065,19,426,-407
108900066,286,135,151
108900067,48,276,-228
108900068,1,149,-148
108900069,68,115,-47
108900070,44,217,-173
108900071,98,97,1
108900072,3633,605,3028
108900073,9,83,-74
108900074,157,589,-432
108900075,43,80,-37
108900076,345,100,245
108900077,157,158,-1
108900078,30,259,-229
108900079,1173,389,784
108900080,35,977,-942
108900081,56,351,-295
108900082,72,130,-58
108900083,30,356,-326
108900084,531,197,334
108900085,2823,246,2577
108900086,155,346,-191
108900087,142,337,-195
108900088,1173,364,809
108900089,22,165,-143
108900090,36,517,-481
108900091,195,179,16
108900092,565,361,204
108900093,125,99,26
108900094,299,121,178
108900095,78,799,-721
108900096,487,48,439
108900097,571,263,308
108900098,4287,878,3409
108900099,392,386,6
108900100,75,220,-145
108900101,254,165,89
108900102,245,1148,-903
108900103,94,112,-18
108900104,214,570,-356
108900105,7,1104,-1097
108900106,353,570,-217
108900108,512,67,445
108900109,38,37,1
108900110,212,666,-454
108900111,414,796,-382
108900112,256,34,222
108900113,61,57,4
108900114,7,6,1
108900115,104,93,11
108900116,70,15,55
108900117,314,10,304
108900118,572,21,551
108900119,230,48,182
108900120,180,214,-34
108900121,478,90,388
108900122,111,44,67
108900123,130,111,19
108900124,439,197,242
108900125,394,9,385
108900126,126,35,91
108900127,178,38,140
108900128,126,32,94
108900129,728,157,571
108900130,289,1,288
108900131,424,7,417
108900132,462,92,370
108900133,216,57,159
108900134,280,319,-39
108900135,160,15,145
108900136,32,2,30
108900137,189,1,188
108900138,632,48,584
108900139,692,122,570
108900140,256,329,-73
108900141,349,15,334
108900142,102,6,96
108900143,51,0,51
108900144,104,0,104
108900145,148,13,135
108900146,68,0,68
108900147,197,1,196
108900148,111,50,61
108900149,586,493,93
108900150,274,7,267
108900151,86,3,83
108900152,93,57,36
108900153,134,608,-474
108900154,5426,580,4846
108900155,277,94,183
108900156,60,12,48
108900157,21,764,-743
108900158,340,36,304
108900159,17,446,-429
108900160,5,365,-360
108900161,4,596,-592
108900162,77,3,74
108900163,9,316,-307
108900164,69,106,-37
108900165,271,132,139
108900167,2888,6346,-3458
108900168,11893,3011,8882
108900169,33,160,-127
108900171,13137,3195,9942
108900172,211,49,162
108900173,231,556,-325
108900174,915,678,237
108900176,170,689,-519
108900177,10319,4582,5737
108900178,7418,3767,3651
108900179,901,1838,-937
108900180,228,270,-42
108900182,43,383,-340
108900183,269,263,6
108900184,565,240,325
108900185,57,437,-380
108900186,88,497,-409
108900187,347,101,246
108900188,539,81,458
108900189,402,160,242
108900190,58,4781,-4723
108900191,217,40,177
108900192,104,327,-223
108900193,316,69,247
108900194,32,380,-348
108900195,144,441,-297
108900196,33,829,-796
108900198,5,861,-856
108900199,324,447,-123
108900200,616,424,192
108900201,541,1871,-1330
108900203,601,39,562
108900204,468,18,450
108900205,268,47,221
108900206,494,57,437
108900207,229,82,147
108900208,29,570,-541
108900209,261,881,-620
108900210,223,374,-151
108900211,286,583,-297
108900212,936,1255,-319
108900215,127,807,-680
108900216,541,136,405
108900217,87,0,87
108900218,158,15,143
108900219,77,10,67
108900220,47,20,27
108900221,69,152,-83
108900222,232,17,215
108900223,13,132,-119
108900224,44,166,-122
108900225,0,226,-226
108900226,281,14,267
108900227,158,319,-161
108900230,486,415,71
108900231,54,410,-356
108900232,3,524,-521
108900233,523,114,409
108900234,352,161,191
108900235,284,914,-630
108900236,69,545,-476
108900237,81,395,-314
108900240,134,117,17
108900241,29,34,-5
108900245,5,1691,-1686
108900249,164,29,135
108900250,285,177,108
108900257,265,874,-609
108900258,5,340,-335
108900259,54,91,-37
108900260,9,149,-140
108900261,197,197,0
108900262,307,191,116
108900263,58,332,-274
108900264,600,401,199
108900265,1674,378,1296
108900266,1620,532,1088
108900267,1,104,-103
108900268,4,10,-6
108900269,82,16,66
108900270,63,9,54
108900271,38,8,30
108900272,181,16,165
108900273,1214,648,566
108900274,28,98,-70
109000001,4214,1410,2804
109000002,2924,1685,1239
109000003,3264,662,2602
109000004,826,3411,-2585
109000005,3204,1012,2192
109000006,1007,2850,-1843
109000007,1871,962,909
109000008,608,2538,-1930
109000009,4599,1776,2823
109000010,1627,5460,-3833
109000011,3991,2435,1556
109000012,2373,5061,-2688
109000013,4185,3750,435
109000014,2301,5230,-2929
109000015,4197,7943,-3746
109000016,12792,6124,6668
109000017,2604,1816,788
109000018,1257,4859,-3602
109000019,3619,1532,2087
109000020,1300,2782,-1482
109000023,359,40,319
109000024,5,294,-289
109000025,508,543,-35
109000026,1223,443,780
109000027,121,333,-212
109000028,150,146,4
109000029,237,248,-11
109000030,92,877,-785
109000031,245,133,112
109000032,204,748,-544
109000033,560,158,402
109000034,64,43,21
109000035,12,75,-63
109000036,94,429,-335
109000037,269,1368,-1099
109000038,846,509,337
109000039,1194,877,317
109000040,8370,7871,499
109000041,6397,1786,4611
109000042,1411,1681,-270
109000044,686,98,588
109000045,169,559,-390
109000046,399,127,272
109000047,112,525,-413
109000048,1403,204,1199
109000049,529,696,-167
109000050,528,310,218
109000051,505,378,127
109000052,630,2030,-1400
109000053,209,110,99
109000054,337,1174,-837
109000055,245,325,-80
109000056,357,999,-642
109000057,735,467,268
109000058,1330,458,872
109000059,1079,1320,-241
109000060,722,269,453
109000061,2037,1290,747
109000062,207,327,-120
109000063,323,330,-7
109000064,250,247,3
109000065,180,432,-252
109000066,404,202,202
109000067,47,468,-421
109000068,1497,32,1465
109000069,919,42,877
109000070,8,1213,-1205
109000071,564,112,452
109000072,149,469,-320
109000073,73,171,-98
109000074,28,275,-247
109000075,93,499,-406
109000076,54,203,-149
109000077,464,362,102
109000078,41,145,-104
109000079,113,255,-142
109000080,118,130,-12
109000081,124,675,-551
109000082,472,324,148
109000083,346,955,-609
109000088,173,675,-502
109000089,254,51,203
109000090,276,596,-320
109000091,317,198,119
109000092,455,738,-283
109000093,196,204,-8
109000094,436,4,432
109000095,121,765,-644
109000096,702,261,441
109000097,70,184,-114
109000098,105,123,-18
109000099,786,529,257
109000100,181,690,-509
109000101,1626,1203,423
109000102,361,1214,-853
109000103,424,1034,-610
109000104,1681,977,704
109000105,593,1822,-1229
109000106,2475,1096,1379
109000107,744,2975,-2231
109000108,2218,899,1319
109000109,579,2897,-2318
109000110,1896,596,1300
109000111,1484,3316,-1832
109000112,435,222,213
109000113,343,275,68
109000114,154,408,-254
109000115,1800,56,1744
109000116,3,293,-290
109000117,151,136,15
109000118,10,380,-370
109000119,1131,524,607
109000120,166,1440,-1274
109000121,361,73,288
109000122,123,1386,-1263
109000123,23,102,-79
109000124,694,569,125
109000125,737,443,294
109000126,360,1275,-915
109000127,896,321,575
109000128,601,2732,-2131
109000129,2337,918,1419
109000130,728,3472,-2744
109000131,825,511,314
109000132,853,2676,-1823
109000133,477,1519,-1042
109000134,1006,2109,-1103
109000135,1418,1641,-223
109000136,303,546,-243
109000137,363,484,-121
109000138,592,506,86
109000139,555,526,29
109000140,200,670,-470
109000141,497,601,-104
109000142,91,795,-704
109000143,128,90,38
109000145,78,219,-141
109000146,49,113,-64
109000148,5718,1808,3910
109000149,51,41,10
109000150,127,248,-121
109000155,763,895,-132
109000156,1993,1024,969
109000158,194,378,-184
109000159,203,810,-607
109000160,1183,318,865
109000161,347,1796,-1449
109000162,2335,982,1353
109000163,1262,2704,-1442
109000164,1329,3703,-2374
109000165,1285,818,467
109000166,745,175,570
109000167,125,1168,-1043
109000170,56,61,-5
109000171,58,60,-2
109000172,36,80,-44
109000173,13,93,-80
109000174,81,80,1
109000175,96,159,-63
109000176,283,308,-25
109000177,31,176,-145
109000178,383,126,257
109000179,10435,5166,5269
109000180,8368,5045,3323
109000181,21,58,-37
109000182,44,89,-45
109000183,53,71,-18
109000184,37,27,10
109000185,22,82,-60
109000188,545,3465,-2920
109000189,2233,1275,958
109000190,708,665,43
109000191,314,754,-440
109000192,363,284,79
109000193,188,625,-437
109000194,254,132,122
109000195,148,629,-481
109000196,364,170,194
109000197,209,647,-438
109000198,355,84,271
109000199,154,793,-639
109000206,284,57,227
109000207,150,47,103
109000208,104,124,-20
109000209,155,148,7
109000210,203,778,-575
109000211,149,257,-108
109000214,416,688,-272
109000215,268,113,155
109000216,395,225,170
109000217,192,98,94
109000218,220,202,18
109000221,491,1595,-1104
109000222,1021,218,803
109000223,306,406,-100
109000224,55,265,-210
109000225,82,54,28
109000226,52,421,-369
109000227,1198,1898,-700
109000228,0,421,-421
109000231,3,449,-446
109000232,259,515,-256
109000236,343,1074,-731
109000241,2502,2742,-240
109000242,2034,2240,-206
109000293,25,71,-46
109000361,121,389,-268
109000364,272,810,-538
109000396,4,916,-912
109000397,544,9,535
109000399,118,853,-735
109000400,68,316,-248
109000403,149,650,-501
109000406,419,12,407
109000407,378,270,108
109000408,1,553,-552
109000410,1383,285,1098
109000411,81,15,66
109900001,104,0,104
109900002,827,5,822
109900003,190,1,189
109900004,997,303,694
109900005,31,7,24
109900006,319,370,-51
109900007,795,1127,-332
109900008,0,56,-56
109900009,118,833,-715
109900010,536,11,525
109900011,130,56,74
109900012,196,258,-62
109900013,503,182,321
109900014,420,82,338
109900015,619,214,405
109900016,138,56,82
109900017,168,221,-53
109900018,276,149,127
109900019,160,91,69
109900020,32,30,2
109900021,29,9,20
109900022,44,373,-329
109900023,17,1,16
109900024,20,0,20
109900025,10,110,-100
109900026,6,232,-226
109900027,44,22,22
109900028,3340,899,2441
109900029,7,676,-669
109900030,39,6,33
109900031,2,201,-199
109900032,25,435,-410
109900033,5,874,-869
109900034,35,1,34
109900035,12,33,-21
109900036,18,95,-77
109900037,26,752,-726
109900038,49,295,-246
109900039,1,0,1
109900040,31,880,-849
109900041,72,569,-497
109900042,19,549,-530
109900044,133,386,-253
109900045,64,42,22
109900046,11,88,-77
109900047,409,534,-125
109900048,10,96,-86
109900049,10,30,-20
109900050,2,284,-282
109900051,2,29,-27
109900052,197,495,-298
109900053,5,580,-575
109900054,600,294,306
109900055,69,436,-367
109900056,29,145,-116
109900057,25,277,-252
109900058,0,145,-145
109900059,610,142,468
109900060,434,203,231
109900061,121,444,-323
109900062,0,385,-385
109900063,9,453,-444
109900064,520,385,135
109900065,206,190,16
109900066,375,1373,-998
109900067,2,503,-501
109900068,115,7,108
109900069,3,42,-39
109900070,64,396,-332
109900071,2,39,-37
109900072,29,219,-190
109900073,379,916,-537
109900074,10,50,-40
109900075,26,27,-1
109900076,16,319,-303
109900077,14,108,-94
109900078,162,412,-250
109900080,177,490,-313
109900081,53,189,-136
109900082,57,587,-530
109900083,21,122,-101
109900084,57,210,-153
109900085,285,1370,-1085
109900086,163,416,-253
109900087,365,646,-281
109900089,756,155,601
109900090,653,1739,-1086
109900091,340,93,247
109900092,540,14,526
109900093,762,172,590
109900094,81,117,-36
109900095,140,331,-191
109900096,37,3,34
109900097,73,3,70
109900098,352,39,313
109900099,170,2,168
109900100,31,1,30
109900101,413,12,401
109900102,398,38,360
109900103,21,53,-32
109900104,532,1305,-773
109900105,659,33,626
109900106,377,102,275
109900107,470,107,363
109900108,124,564,-440
109900109,27,214,-187
109900110,96,743,-647
109900111,337,1739,-1402
109900112,497,1148,-651
109900113,946,496,450
109900114,1101,687,414
109900115,136,107,29
109900117,941,201,740
109900118,336,668,-332
109900119,832,456,376
109900120,43,17,26
109900121,682,410,272
109900122,388,1,387
109900123,22,230,-208
109900124,36,845,-809
109900125,1,241,-240
109900126,229,202,27
109900128,278,98,180
109900130,15725,2634,13091
109900131,77,249,-172
109900132,45,275,-230
109900133,67,494,-427
109900134,85,100,-15
109900135,431,99,332
109900136,75,223,-148
109900137,84,548,-464
109900138,436,575,-139
109900140,209,458,-249
109900141,403,403,0
109900142,1312,427,885
109900145,12,403,-391
109900146,677,61,616
109900148,39,140,-101
109900149,44,70,-26
109900150,2,73,-71
109900151,4,66,-62
109900152,0,21,-21
109900153,0,48,-48
109900154,20,0,20
109900155,69,12,57
109900157,74,366,-292
109900158,99,161,-62
109900159,184,46,138
109900160,160,84,76
109900161,316,97,219
109900162,273,128,145
109900163,1067,498,569
109900164,62,279,-217
109900165,232,5,227
109900166,2,207,-205
109900167,216,822,-606
109900168,245,772,-527
109900169,232,226,6
109900170,411,1005,-594
109900171,197,108,89
109900172,182,291,-109
109900173,5442,2727,2715
109900174,59,237,-178
109900175,71,98,-27
109900176,125,240,-115
109900177,44,342,-298
109900178,0,136,-136
109900179,10,34,-24
109900180,12,12,0
110000001,1112,879,233
110000002,811,803,8
110000003,1275,921,354
110000004,652,730,-78
110000005,720,1869,-1149
110000006,685,405,280
110000007,173,275,-102
110000008,12,62,-50
110000009,50,54,-4
110000010,86,89,-3
110000011,53,163,-110
110000012,768,752,16
110000013,51,610,-559
110000014,710,470,240
110000015,404,666,-262
110000016,374,1679,-1305
110000017,4099,362,3737
110000018,4782,665,4117
110000019,10,136,-126
110000020,607,276,331
110000021,1028,587,441
110000022,1302,304,998
110000023,4,231,-227
110000024,799,542,257
110000025,221,7,214
110000026,6,684,-678
110000027,1115,525,590
110000028,1042,873,169
110000029,633,1150,-517
110000030,307,463,-156
110000031,287,884,-597
110000032,904,617,287
110000033,335,92,243
110000034,700,963,-263
110000035,893,1015,-122
110000036,946,960,-14
110000037,317,779,-462
110000038,238,899,-661
110000039,879,3067,-2188
110000040,449,562,-113
110000041,356,1377,-1021
110000042,77,419,-342
110000043,608,327,281
110000044,92,207,-115
110000045,868,110,758
110000046,3,14,-11
110000047,39,20,19
110000048,16,15,1
110000049,100,2,98
110000050,16,28,-12
110000051,72,10,62
110000052,33,31,2
110000053,443,6,437
110000054,144,318,-174
110000055,575,39,536
110000056,321,76,245
110000057,412,972,-560
110000058,1278,746,532
110000059,1131,592,539
110000060,756,1330,-574
110000061,1308,1094,214
110000062,854,1127,-273
110000063,43,118,-75
110000064,95,176,-81
110000065,75,128,-53
110000066,106,48,58
110000067,131,519,-388
110000068,270,680,-410
110000069,228,128,100
110000071,95,230,-135
110000073,10,37,-27
110000075,11,124,-113
110000076,351,416,-65
110000077,544,1615,-1071
110000078,28,78,-50
110000080,319,899,-580
110000081,40,483,-443
110000082,26,472,-446
110000083,243,763,-520
110000084,1015,954,61
110000085,3016,1926,1090
110000086,1437,2440,-1003
110000087,12,113,-101
110000088,105,362,-257
110000089,265,250,15
110000090,104,466,-362
110000091,2443,409,2034
110000092,32,130,-98
110000093,66,19,47
110000094,603,282,321
110000095,190,890,-700
110000096,4438,2451,1987
110000097,1179,1598,-419
110000098,2246,913,1333
110000099,1141,2247,-1106
110000100,905,983,-78
110000101,14,598,-584
110000102,38,33,5
110000104,241,114,127
110000105,110,317,-207
110000106,679,331,348
110000107,431,548,-117
110000108,250,69,181
110000109,341,364,-23
110000110,5414,6932,-1518
110000111,10299,3479,6820
110000112,1707,1133,574
110000113,843,2659,-1816
110000114,121,659,-538
110000115,261,368,-107
110000116,61,50,11
110000117,168,706,-538
110000118,425,333,92
110000119,221,505,-284
110000120,407,270,137
110000121,138,444,-306
110000122,391,917,-526
110000123,605,945,-340
110000124,4,1112,-1108
110000125,1085,11,1074
110000126,302,23,279
110000127,1309,101,1208
110000128,54,1954,-1900
110000129,4,647,-643
110000130,236,232,4
110000131,75,436,-361
110000132,1,819,-818
110000133,64,442,-378
110000134,34,426,-392
110000135,204,38,166
110000136,59,415,-356
110000137,637,1050,-413
110000138,842,977,-135
110000139,908,2021,-1113
110000140,1275,825,450
110000143,898,557,341
110000144,6541,1927,4614
110000145,1607,1252,355
110000146,2340,1552,788
110000147,437,1016,-579
110000148,390,420,-30
110000151,1880,681,1199
110000152,1340,467,873
110000153,91,71,20
110000154,78,30,48
110000155,2951,4630,-1679
110000156,1154,2550,-1396
110000157,2009,2507,-498
110000160,309,457,-148
110000161,137,622,-485
110000166,587,210,377
110000167,959,756,203
110000168,1037,458,579
110000169,888,361,527
110000170,143,119,24
110000171,640,227,413
110000172,216,1213,-997
110000173,1448,1739,-291
110000174,217,1791,-1574
110000175,634,121,513
110000176,19,403,-384
110000177,208,1117,-909
110000178,650,1273,-623
110000179,1704,496,1208
110000180,167,430,-263
110000181,358,602,-244
110000182,455,329,126
110000183,17690,7680,10010
110000184,1414,2634,-1220
110000185,1258,777,481
110000186,932,854,78
110000191,652,478,174
110000192,504,9,495
110000193,909,7,902
110000194,23,1481,-1458
110000195,404,438,-34
110000196,352,655,-303
110000197,127,309,-182
110000198,137,118,19
110000199,77,152,-75
110000200,1736,651,1085
110000201,881,1034,-153
110000202,1559,583,976
110000203,920,1070,-150
110000204,6,380,-374
110000205,133,65,68
110000206,708,1948,-1240
110000207,792,369,423
110000208,186,142,44
110000209,176,1057,-881
110000210,901,851,50
110000211,752,1230,-478
110000212,547,1300,-753
110000213,163,74,89
110000214,215,120,95
110000215,155,817,-662
110000216,105,902,-797
110000217,295,252,43
110000218,151,599,-448
110000219,315,108,207
110000220,54,468,-414
110000221,351,110,241
110000222,50,345,-295
110000223,2,97,-95
110000224,60,21,39
110000225,226,807,-581
110000226,259,66,193
110000227,1023,815,208
110000228,502,423,79
110000229,1,310,-309
110000230,589,602,-13
110000231,163,268,-105
110000232,216,250,-34
110000233,130,416,-286
110000234,803,558,245
110000235,1229,1252,-23
110000236,696,1023,-327
110000237,1968,1357,611
110000238,1180,1499,-319
110000239,2257,1486,771
110000240,1,99,-98
110000242,1,16,-15
110000243,107,221,-114
110000244,148,522,-374
110000245,36,591,-555
110000246,847,733,114
110000247,1997,7377,-5380
110000248,3472,2509,963
110000249,81,10,71
110000250,63,326,-263
110000251,347,851,-504
110000252,269,339,-70
110000253,1373,704,669
110000254,794,2099,-1305
110000255,288,1435,-1147
110000256,554,348,206
110000257,1038,495,543
110000258,10,753,-743
110000259,87,19,68
110000260,29,543,-514
110000263,690,115,575
110000264,306,882,-576
110000265,1064,2581,-1517
110000266,2920,3559,-639
110000267,13,330,-317
110000268,405,818,-413
110000269,4,196,-192
110000270,57,7,50
110000271,2896,361,2535
110000272,1297,1390,-93
110000273,5099,1983,3116
110000274,261,1724,-1463
110000275,3973,603,3370
110000276,203,421,-218
110000277,235,578,-343
110000278,301,1075,-774
110000279,898,860,38
110000280,400,485,-85
110000281,34,263,-229
110000282,514,57,457
110000283,55,145,-90
110000284,74,79,-5
110000285,4,492,-488
110000286,22,0,22
110000287,96,1,95
110000288,0,140,-140
110000289,599,2289,-1690
110000290,1363,825,538
110000291,8697,1869,6828
110000292,1677,5818,-4141
110000293,596,1176,-580
110000294,1004,1332,-328
110000295,138,1414,-1276
110000296,496,498,-2
110000297,3608,401,3207
110000298,253,722,-469
110000299,600,78,522
110000301,284,30,254
110000302,234,1572,-1338
110000303,525,9,516
110000304,121,390,-269
110000305,1391,13,1378
110000306,185,2157,-1972
110000307,1683,2,1681
110000308,782,7,775
110000309,10,1451,-1441
110000310,802,68,734
110000311,17,1128,-1111
110000312,612,101,511
110000313,4778,3974,804
110000314,1,319,-318
110000315,4689,2769,1920
110000316,720,1466,-746
110000317,823,321,502
110000318,6,98,-92
110000319,7,26,-19
110000320,58,35,23
110000321,20,56,-36
110000322,307,657,-350
110000323,335,257,78
110000324,5436,1668,3768
110000325,3288,3465,-177
110000327,623,405,218
110000328,277,638,-361
110000333,1057,934,123
110000334,966,1712,-746
110000335,1097,684,413
110000336,802,1381,-579
110000337,1768,703,1065
110000338,444,275,169
110000339,293,338,-45
110000340,20,240,-220
110000341,567,641,-74
110000342,769,8,761
110000343,0,26,-26
110000344,50,210,-160
110000345,103,100,3
110000346,3119,2166,953
110000347,1261,994,267
110000348,36,23,13
110000349,15,18,-3
110000350,61,8,53
110000351,978,1226,-248
110000352,715,2172,-1457
110000353,3936,914,3022
110000354,1517,3252,-1735
110000355,140,180,-40
110000356,776,5,771
110000357,489,14,475
110000361,27,81,-54
110000362,53,178,-125
110000363,429,157,272
110000364,204,381,-177
110000365,203,1,202
110000366,0,129,-129
110000367,408,391,17
110000368,0,96,-96
110000369,43,3,40
110000373,8,380,-372
110000374,240,14,226
110000375,187,1127,-940
110000376,31,93,-62
110000377,64,629,-565
110000378,21,406,-385
110000379,4150,1798,2352
110000380,56,15,41
110000383,1,1016,-1015
110000384,2276,661,1615
110000385,1,363,-362
110000387,104,8,96
110000388,38,270,-232
110000389,1001,4,997
110000391,515,428,87
110000396,167,176,-9
110000397,126,308,-182
110000398,5,48,-43
110000399,217,1,216
110000587,119,93,26
110000589,169,187,-18
110000640,194,128,66
110000652,78,155,-77
110000653,215,519,-304
110000654,33,46,-13
110000656,5,869,-864
110000674,59,39,20
110000675,48,20,28
110000676,5,67,-62
110000679,472,1496,-1024
110000682,117,200,-83
110000683,426,698,-272
110000684,9,113,-104
110000685,9,12,-3
110000686,9,68,-59
110000687,36,4,32
110000688,81,1027,-946
110000689,34,84,-50
110000692,255,315,-60
110000693,370,306,64
110000694,1,208,-207
110000695,221,830,-609
110000696,158,235,-77
110900001,321,15,306
110900002,668,388,280
110900003,848,1281,-433
110900004,481,268,213
110900005,5839,2163,3676
110900006,21,16,5
110900007,171,39,132
110900008,9,31,-22
110900009,508,129,379
110900010,4,134,-130
110900011,21,155,-134
110900012,10,160,-150
110900013,1207,160,1047
110900014,159,14,145
110900015,1122,670,452
110900016,28,245,-217
110900017,426,27,399
110900018,570,67,503
110900019,124,25,99
110900020,93,620,-527
110900021,100,983,-883
110900022,119,516,-397
110900023,149,903,-754
110900024,24,714,-690
110900025,9,57,-48
110900027,53,383,-330
110900028,57,286,-229
110900029,38,651,-613
110900030,32,507,-475
110900031,0,224,-224
110900032,0,131,-131
110900033,45,399,-354
110900035,36,716,-680
110900036,128,29,99
110900037,89,29,60
110900038,2127,296,1831
110900039,11,364,-353
110900040,246,55,191
110900041,14,251,-237
110900042,156,87,69
110900043,4,224,-220
110900044,338,27,311
110900045,43,854,-811
110900046,138,452,-314
110900047,1074,232,842
110900049,145,87,58
110900050,20,4,16
110900051,46,294,-248
110900052,2,301,-299
110900053,86,53,33
110900054,31,342,-311
110900055,17,2,15
110900056,42,148,-106
110900057,7,284,-277
110900058,211,319,-108
110900059,899,964,-65
110900060,595,156,439
110900061,29,47,-18
110900062,170,385,-215
110900063,52,216,-164
110900064,13,0,13
110900065,371,150,221
110900066,5,162,-157
110900067,651,868,-217
110900068,255,442,-187
110900069,8,31,-23
110900070,148,65,83
110900071,375,723,-348
110900073,0,28,-28
110900074,392,201,191
110900075,474,111,363
110900077,886,712,174
110900078,34,113,-79
110900079,2859,1197,1662
110900080,142,108,34
110900081,4,111,-107
110900082,138,282,-144
110900083,123,61,62
110900084,54,178,-124
110900085,51,536,-485
110900086,72,440,-368
110900087,307,98,209
110900088,12,0,12
110900090,69,30,39
110900091,1,73,-72
110900093,397,152,245
110900095,72,60,12
110900097,30,20,10
110900098,51,166,-115
110900099,59,825,-766
110900100,0,17,-17
110900102,45,21,24
110900105,900,520,380
110900108,9,187,-178
110900111,471,140,331
110900112,839,16,823
110900113,686,87,599
110900115,8,128,-120
110900116,604,3597,-2993
110900118,115,3114,-2999
110900119,7561,608,6953
110900120,28,129,-101
110900121,120,1,119
110900122,402,212,190
110900125,340,438,-98
110900127,952,1303,-351
110900128,238,276,-38
110900129,529,736,-207
110900130,1440,559,881
110900131,250,67,183
110900132,330,56,274
110900133,89,345,-256
110900135,161,759,-598
110900136,337,14,323
110900137,105,4,101
110900138,1035,255,780
110900139,56,31,25
110900140,100,5,95
110900141,3,88,-85
110900142,91,299,-208
110900143,203,119,84
110900144,5,1011,-1006
110900145,152,51,101
110900146,411,163,248
110900147,260,368,-108
110900148,17,437,-420
110900149,2,81,-79
110900150,50,36,14
110900151,7,93,-86
110900152,20,389,-369
110900153,145,52,93
111000001,460,251,209
111000002,596,681,-85
111000003,1553,1310,243
111000004,981,1323,-342
111000005,2245,2002,243
111000006,1345,2268,-923
111000007,7447,5406,2041
111000008,4671,4699,-28
111000009,315,1053,-738
111000010,990,384,606
111000011,320,949,-629
111000012,487,500,-13
111000013,366,970,-604
111000014,891,737,154
111000017,127,915,-788
111000018,266,417,-151
111000020,2697,3319,-622
111000021,142,205,-63
111000023,127,173,-46
111000025,9492,3828,5664
111000029,77,122,-45
111000030,32,120,-88
111000031,2501,1372,1129
111000032,530,305,225
111000033,392,261,131
111000034,576,191,385
111000037,3872,1551,2321
111000038,4796,3451,1345
111000039,2570,3429,-859
111000040,2220,3912,-1692
111000041,2014,2689,-675
111000042,7663,3392,4271
111000043,2742,3545,-803
111000044,1648,1296,352
111000045,2348,2495,-147
111000046,2167,1657,510
111000047,3006,3990,-984
111000049,598,779,-181
111000050,2410,1983,427
111000051,624,1544,-920
111000052,733,2196,-1463
111000053,535,1609,-1074
111000054,386,1520,-1134
111000055,1445,2647,-1202
111000056,94,762,-668
111000057,67,1044,-977
111000058,352,168,184
111000059,338,386,-48
111000060,3671,1078,2593
111000061,558,440,118
111000062,842,326,516
111000063,1859,1160,699
111000064,557,789,-232
111000065,1180,1018,162
111000066,531,408,123
111000067,759,816,-57
111000068,613,1123,-510
111000069,1999,2610,-611
111000070,2311,1360,951
111000071,225,981,-756
111000072,766,416,350
111000073,307,785,-478
111000074,1654,2092,-438
111000075,925,1185,-260
111000076,548,1021,-473
111000077,1682,1999,-317
111000078,2970,1594,1376
111000079,1663,1113,550
111000080,468,949,-481
111000081,2725,4687,-1962
111000082,668,919,-251
111000084,849,757,92
111000085,1213,2018,-805
111000086,4324,1666,2658
111000087,829,1111,-282
111000088,9408,2557,6851
111000089,960,1008,-48
111000090,1449,1577,-128
111000091,931,893,38
111000092,1499,1342,157
111000093,787,1035,-248
111000094,2456,1107,1349
111000095,877,2877,-2000
111000096,2991,9361,-6370
111000097,7307,1357,5950
111000098,789,1659,-870
111000099,649,2960,-2311
111000100,458,2541,-2083
111000101,508,1141,-633
111000102,165,1040,-875
111000104,570,285,285
111000107,93,1108,-1015
111000109,547,326,221
111000110,1659,822,837
111000111,2132,739,1393
111000112,1919,593,1326
111000113,795,1342,-547
111000114,1505,3272,-1767
111000115,9846,1682,8164
111000116,995,1372,-377
111000117,568,1264,-696
111000118,1654,1403,251
111000119,1075,2136,-1061
111000120,483,751,-268
111000121,317,772,-455
111000122,768,1436,-668
111000123,1314,4042,-2728
111000124,551,4012,-3461
111000125,229,2444,-2215
111000126,123,1228,-1105
111000127,766,219,547
111000128,1650,422,1228
111000129,3281,616,2665
111000130,2073,782,1291
111000131,1585,710,875
111000132,1331,875,456
111000133,140,184,-44
111000134,207,156,51
111000135,59,155,-96
111000136,417,430,-13
111000138,7,15,-8
111000140,0,9,-9
111000141,332,477,-145
111000142,12,140,-128
111000143,2,95,-93
111000144,26,130,-104
111000145,758,5,753
111000146,80,8,72
111000147,228,49,179
111000148,320,126,194
111000149,1,69,-68
111000150,18,19,-1
111000151,0,15,-15
111000153,633,867,-234
111000154,990,264,726
111000155,136,278,-142
111000156,472,705,-233
111000157,204,1069,-865
111000158,1116,847,269
111000159,3857,1006,2851
111000160,324,489,-165
111000161,8,351,-343
111000162,11,252,-241
111000163,590,1162,-572
111000164,1055,4198,-3143
111000165,1662,615,1047
111000166,2628,580,2048
111000167,200,701,-501
111000168,290,656,-366
111000169,380,889,-509
111000170,676,548,128
111000171,605,1037,-432
111000172,113,673,-560
111000173,342,1217,-875
111000174,186,917,-731
111000175,38,339,-301
111000176,260,175,85
111000177,250,263,-13
111000178,1111,350,761
111000179,238,267,-29
111000180,239,432,-193
111000181,896,408,488
111000182,191,272,-81
111000183,257,433,-176
111000184,323,366,-43
111000185,402,562,-160
111000186,318,351,-33
111000187,142,346,-204
111000188,183,566,-383
111000189,1836,705,1131
111000190,208,580,-372
111000191,158,547,-389
111000192,328,717,-389
111000193,545,429,116
111000194,45,481,-436
111000195,137,617,-480
111000196,62,351,-289
111000197,315,207,108
111000198,342,136,206
111000199,198,189,9
111000200,275,435,-160
111000201,488,308,180
111000202,210,214,-4
111000203,276,240,36
111000204,323,695,-372
111000213,221,535,-314
111000214,1859,2162,-303
111000215,1051,1674,-623
111000217,1364,1292,72
111000218,1225,1363,-138
111000219,640,289,351
111000220,3892,843,3049
111000221,1412,268,1144
111000224,0,509,-509
111000225,233,46,187
111000226,301,1,300
111000227,62,8,54
111000228,28,344,-316
111000229,63,816,-753
111000230,464,818,-354
111000231,954,1626,-672
111000232,423,1126,-703
111000233,760,982,-222
111000234,172,479,-307
111000239,143,355,-212
111000240,46,270,-224
111000241,51,587,-536
111000242,124,133,-9
111000243,134,915,-781
111000244,414,156,258
111000245,920,862,58
111000246,432,830,-398
111000247,276,1205,-929
111000248,709,722,-13
111000249,517,1075,-558
111000250,58,197,-139
111000251,99,159,-60
111000253,30,20,10
111000255,28,20,8
111000257,49,19,30
111000260,122,1422,-1300
111000261,1137,108,1029
111000271,31,365,-334
111000273,9058,1999,7059
111000274,1446,2358,-912
111000275,139,93,46
111000276,329,2914,-2585
111000277,227,589,-362
111000278,806,402,404
111000291,601,6239,-5638
111000298,709,369,340
111000299,840,174,666
111000300,97,828,-731
111000302,324,114,210
111000303,105,360,-255
111000312,51,66,-15
111000315,0,24,-24
111000320,429,880,-451
111000321,416,139,277
111000322,286,592,-306
111000323,147,27,120
111000324,394,370,24
111000325,50,93,-43
111000326,171,446,-275
111000327,361,725,-364
111000328,255,594,-339
111000329,2,23,-21
111000330,27,23,4
111000331,5,17,-12
111000332,501,1808,-1307
111000334,401,2067,-1666
111000335,598,239,359
111000337,1036,474,562
111000338,44,135,-91
111000339,390,667,-277
111000340,80,1178,-1098
111000341,999,580,419
111000342,137,323,-186
111000344,1112,952,160
111000345,226,38,188
111000346,23,129,-106
111000347,150,1,149
111000350,166,129,37
111000351,135,296,-161
111000352,124,213,-89
111000353,138,324,-186
111000354,596,207,389
111000355,363,889,-526
111000358,174,2327,-2153
111000360,232,1238,-1006
111000361,152,556,-404
111000546,567,906,-339
111000547,414,1093,-679
111000548,112,283,-171
111000549,372,657,-285
111000550,71,731,-660
111000551,730,285,445
111000552,1102,96,1006
111000907,508,46,462
111000908,13,0,13
111000916,1540,374,1166
111000917,37,542,-505
111000918,177,1468,-1291
111000920,460,17,443
111000921,1,314,-313
111000922,439,397,42
111000924,47,1278,-1231
111000925,1747,2758,-1011
111000926,1017,2634,-1617
111000927,2985,5984,-2999
111000928,6553,5325,1228
111000929,1018,1245,-227
111000930,815,3663,-2848
111000931,2218,2672,-454
111000932,5542,3391,2151
111000933,4034,2348,1686
111000934,2839,4302,-1463
111000935,1470,1198,272
111000936,1351,2769,-1418
111000937,840,1333,-493
111000938,2179,2484,-305
111000939,389,63,326
111000940,372,232,140
111000941,346,868,-522
111000943,396,330,66
111000944,158,690,-532
111000945,88,2753,-2665
111001109,671,344,327
111001110,230,708,-478
111001111,42,8,34
111001112,179,7,172
111001113,0,190,-190
111001114,1917,143,1774
111001115,38,462,-424
111001116,7381,4051,3330
111001117,870,2042,-1172
111001120,121,537,-416
111001121,155,409,-254
111001122,35,502,-467
111900001,37,254,-217
111900002,14,1051,-1037
111900003,3,581,-578
111900004,29,223,-194
111900006,11,31,-20
111900007,85,2,83
111900008,122,1,121
111900009,123,180,-57
111900010,376,759,-383
111900012,103,188,-85
111900013,7,97,-90
111900014,9927,3883,6044
111900015,4,100,-96
111900016,2,192,-190
111900017,2,153,-151
111900018,137,2,135
111900019,4,123,-119
111900020,8,56,-48
111900021,22,140,-118
111900022,14,72,-58
111900023,105,68,37
111900024,1,83,-82
111900025,0,69,-69
111900026,0,86,-86
111900027,0,170,-170
111900028,0,556,-556
111900029,0,112,-112
111900030,77,501,-424
111900031,23,103,-80
111900032,1,539,-538
111900033,6,107,-101
111900034,351,528,-177
111900035,17,294,-277
111900036,2,475,-473
111900038,436,767,-331
111900039,79,619,-540
111900040,3,877,-874
111900042,65,181,-116
111900043,4,564,-560
111900044,339,402,-63
111900046,74,301,-227
111900048,210,1291,-1081
111900049,33,379,-346
111900050,121,24,97
111900051,4,375,-371
111900052,529,708,-179
111900053,1850,1222,628
111900054,140,4,136
111900055,53,866,-813
111900056,366,230,136
111900057,87,46,41
111900058,422,1049,-627
111900059,3561,575,2986
111900060,371,2,369
111900061,33,473,-440
111900062,12,44,-32
111900063,233,407,-174
111900064,155,388,-233
111900065,69,58,11
111900066,139,202,-63
111900067,1,392,-391
111900068,52,69,-17
111900069,45,33,12
111900070,167,205,-38
111900071,1,365,-364
111900072,42,17,25
111900073,809,154,655
111900074,29,268,-239
111900075,66,7,59
111900076,145,62,83
111900077,25,5,20
111900078,281,18,263
111900079,25,24,1
111900080,317,242,75
111900081,1088,196,892
111900082,143,18,125
111900083,122,18,104
111900084,55,9,46
111900085,56,138,-82
111900086,49,5,44
111900087,49,2,47
111900088,479,4,475
111900089,48,6,42
111900090,102,49,53
111900091,191,4,187
111900092,76,0,76
111900093,335,4,331
111900094,109,1,108
111900095,168,20,148
111900096,113,0,113
111900097,61,0,61
111900098,169,2,167
111900099,65,0,65
111900100,80,5,75
111900101,79,16,63
111900102,371,890,-519
111900103,95,78,17
111900104,170,55,115
111900105,452,395,57
111900106,2393,106,2287
111900107,116,184,-68
111900108,233,133,100
111900109,808,368,440
111900110,3472,477,2995
111900111,109,158,-49
111900112,1139,2293,-1154
111900113,322,46,276
111900114,160,95,65
111900115,16,47,-31
111900118,249,81,168
111900119,311,153,158
111900122,87,31,56
111900123,21,20,1
111900124,32,91,-59
111900125,566,20,546
111900126,245,10,235
111900127,7,855,-848
111900128,9,822,-813
111900129,255,5,250
111900130,281,23,258
111900131,395,4,391
111900132,30,1921,-1891
111900133,10,586,-576
111900134,24,326,-302
111900135,14,41,-27
111900136,74,186,-112
111900137,57,50,7
111900138,23,74,-51
111900139,8,120,-112
111900140,77,22,55
111900141,72,13,59
111900142,77,43,34
111900143,43,344,-301
111900144,0,131,-131
111900145,4,687,-683
111900146,3,451,-448
111900147,217,628,-411
111900148,30,1097,-1067
111900149,7,503,-496
111900150,11,261,-250
111900151,5,33,-28
111900152,111,100,11
111900153,2152,389,1763
111900154,15,279,-264
111900155,74,101,-27
111900156,43,57,-14
111900157,81,15,66
111900158,545,34,511
111900159,301,20,281
111900160,262,2,260
111900161,161,1,160
111900162,85,204,-119
111900163,41,385,-344
111900164,78,72,6
111901113,391,230,161
111901114,109,435,-326
111901115,92,0,92
111901116,47,1,46
111901117,33,27,6
111901118,152,173,-21
111901119,1426,129,1297
111901120,109,348,-239
111901121,256,428,-172
111901122,6,686,-680
111901123,158,490,-332
111901124,105,3,102
111901125,209,139,70
111901126,131,46,85
111901127,1250,511,739
111901128,13,168,-155
111901129,0,212,-212
111901130,18,398,-380
111901131,7,272,-265
111901132,104,14,90
111901133,38,6,32
111901134,84,5,79
111901135,19,22,-3
111901136,70,72,-2
111901137,0,32,-32
111901138,129,73,56
111901139,35,71,-36
111901140,5,223,-218
111901141,5,446,-441
111901142,12,239,-227
111901143,5,102,-97
111901144,47,54,-7
112000001,2236,1479,757
112000002,911,3434,-2523
112000003,1472,1549,-77
112000004,947,2191,-1244
112000005,3049,2971,78
112000006,2523,3106,-583
112000007,2555,1949,606
112000008,2939,4741,-1802
112000009,4914,5203,-289
112000010,3235,3916,-681
112000011,2643,3225,-582
112000012,6600,4199,2401
112000013,6578,4381,2197
112000014,3760,1235,2525
112000015,4050,4298,-248
112000016,7297,1303,5994
112000017,3347,2480,867
112000024,2864,1064,1800
112000026,5628,6755,-1127
112000027,1334,753,581
112000028,2530,2310,220
112000029,541,1183,-642
112000030,245,177,68
112000031,2299,5757,-3458
112000032,477,86,391
112000033,2523,1695,828
112000034,314,85,229
112000035,71,372,-301
112000036,1056,1052,4
112000037,1418,1039,379
112000038,1557,1141,416
112000039,74,81,-7
112000040,199,303,-104
112000041,651,655,-4
112000042,1951,431,1520
112000050,1210,2043,-833
112000051,1049,1395,-346
112000054,2895,3745,-850
112000057,597,450,147
112000058,485,804,-319
112000059,712,1027,-315
112000061,5393,2600,2793
112000062,2194,1024,1170
112000063,2094,2079,15
112000064,5510,7743,-2233
112000065,2590,3484,-894
112000066,4035,1530,2505
112000067,1010,814,196
112000068,3551,2204,1347
112000069,932,2642,-1710
112000070,2513,1049,1464
112000071,1251,3341,-2090
112000072,2238,1183,1055
112000073,2531,2211,320
112000074,2114,1216,898
112000075,1516,1475,41
112000076,4035,3289,746
112000077,515,845,-330
112000078,1805,878,927
112000079,1887,1621,266
112000080,743,1092,-349
112000081,1553,2799,-1246
112000082,1792,972,820
112000083,651,1899,-1248
112000084,1369,1017,352
112000085,1300,1741,-441
112000086,1941,1926,15
112000087,332,568,-236
112000088,499,860,-361
112000089,344,373,-29
112000090,343,388,-45
112000091,633,1541,-908
112000092,1835,1357,478
112000093,2000,1357,643
112000094,607,1197,-590
112000095,790,1083,-293
112000096,531,993,-462
112000097,1119,687,432
112000098,1337,2072,-735
112000099,992,1245,-253
112000100,1594,1272,322
112000101,607,1335,-728
112000102,1040,826,214
112000103,404,1610,-1206
112000105,526,2235,-1709
112000106,1405,524,881
112000107,22,295,-273
112000108,230,1945,-1715
112000109,107,94,13
112000110,1393,531,862
112000111,1451,4505,-3054
112000112,4194,821,3373
112000113,1162,2349,-1187
112000114,2746,1362,1384
112000115,331,649,-318
112000116,798,1477,-679
112000117,1530,1250,280
112000118,1363,1130,233
112000119,636,1109,-473
112000120,92,506,-414
112000121,133,843,-710
112000122,248,249,-1
112000123,632,191,441
112000124,264,93,171
112000125,180,201,-21
112000126,199,906,-707
112000127,3120,2199,921
112000128,1079,975,104
112000129,111,188,-77
112000130,180,79,101
112000131,43,522,-479
112000132,146,373,-227
112000133,348,422,-74
112000134,481,483,-2
112000135,929,847,82
112000136,1332,1327,5
112000137,1442,1896,-454
112000138,1552,1304,248
112000139,1164,436,728
112000140,1190,1296,-106
112000141,1013,335,678
112000142,215,1045,-830
112000143,1051,324,727
112000144,355,2021,-1666
112000145,2221,834,1387
112000146,755,2760,-2005
112000147,1971,1901,70
112000148,1878,2702,-824
112000149,334,944,-610
112000150,154,828,-674
112000151,336,860,-524
112000152,326,617,-291
112000153,214,422,-208
112000154,148,194,-46
112000155,372,185,187
112000157,1418,722,696
112000158,279,1170,-891
112000159,482,435,47
112000167,476,65,411
112000169,1254,476,778
112000173,718,286,432
112000175,417,592,-175
112000176,5167,3103,2064
112000177,775,182,593
112000178,102,717,-615
112000179,231,159,72
112000180,340,432,-92
112000181,1676,2508,-832
112000182,1104,2746,-1642
112000183,68,72,-4
112000184,353,907,-554
112000185,504,765,-261
112000187,6824,4145,2679
112000195,213,48,165
112000196,390,1,389
112000197,229,179,50
112000198,22,408,-386
112000199,183,1121,-938
112000202,358,2,356
112000216,57,282,-225
112000230,90,6,84
112000231,11,323,-312
112000256,77,214,-137
112000313,185,215,-30
112000314,58,27,31
112000337,370,732,-362
112000352,391,379,12
112000392,2135,2083,52
112000398,1286,959,327
112000399,10471,3317,7154
112000400,2383,5003,-2620
112000401,3211,3761,-550
112000402,2875,2939,-64
112000403,5302,3084,2218
112000404,661,920,-259
112000405,1851,3154,-1303
112000406,4604,4032,572
112000407,6307,8956,-2649
112000408,11293,9442,1851
112000409,2100,6630,-4530
112000410,547,190,357
112000411,7008,1409,5599
112000412,1840,669,1171
112000413,13128,5637,7491
112000414,84,145,-61
112000415,109,77,32
112000416,2438,1549,889
112000417,229,67,162
112000421,51,240,-189
112000422,383,906,-523
112000424,4055,3231,824
112000425,568,1310,-742
112000426,176,420,-244
112000427,0,13,-13
112000428,182,637,-455
112000429,3594,4389,-795
112000430,4620,4161,459
112000431,88,169,-81
112000432,810,2421,-1611
112000433,671,1442,-771
112000437,60,322,-262
112900001,58,0,58
112900002,373,1457,-1084
112900003,44,449,-405
112900004,54,355,-301
112900005,187,254,-67
112900006,6,598,-592
112900007,30,264,-234
112900008,0,38,-38
112900009,439,148,291
112900010,362,1029,-667
112900011,317,366,-49
112900012,2,58,-56
112900013,2,312,-310
112900014,10,358,-348
112900015,464,1251,-787
112900016,3,316,-313
112900017,50,382,-332
112900018,1,415,-414
112900019,103,312,-209
112900020,528,1946,-1418
112900021,2,310,-308
112900022,11,134,-123
112900023,0,263,-263
112900024,48,305,-257
112900025,138,447,-309
112900026,7,380,-373
112900027,11,1623,-1612
112900028,19,190,-171
112900029,5,827,-822
112900030,246,279,-33
112900031,15,689,-674
112900032,174,455,-281
112900034,3,107,-104
112900035,7,537,-530
112900036,35,248,-213
112900037,265,167,98
112900038,738,249,489
112900039,14,434,-420
112900040,6,472,-466
112900041,1955,1607,348
112900042,36,696,-660
112900043,24,91,-67
112900044,862,656,206
112900045,546,495,51
112900046,285,135,150
112900047,20,32,-12
112900049,176,109,67
112900050,109,874,-765
112900051,406,1176,-770
112900052,7,1450,-1443
112900053,426,211,215
112900054,290,55,235
112900055,211,36,175
112900056,477,172,305
112900057,6,936,-930
112900058,380,309,71
112900059,177,157,20
112900060,21,385,-364
112900061,132,223,-91
112900062,112,255,-143
112900063,118,2,116
112900064,293,284,9
112900065,52,26,26
112900066,294,206,88
112900067,712,218,494
112900068,49,18,31
112900069,3468,809,2659
112900071,22,3,19
112900072,411,1732,-1321
112900073,503,116,387
112900074,139,269,-130
112900075,2898,969,1929
112900076,135,25,110
112900078,404,476,-72
112900079,319,23,296
112900080,20,6,14
112900081,37,194,-157
112900082,521,20,501
112900083,176,76,100
112900084,255,142,113
112900085,0,7,-7
112900086,48,0,48
112900087,754,151,603
112900088,104,9,95
112900089,1100,30,1070
112900090,80,29,51
112900091,239,4,235
112900092,171,304,-133
112900093,1367,24,1343
112900094,106,3,103
112900095,44,0,44
112900096,430,160,270
112900097,89,609,-520
112900098,139,3,136
112900099,751,26,725
112900100,60,1,59
112900101,259,1,258
112900102,161,11,150
112900103,156,3,153
112900104,25,2,23
112900105,12,0,12
112900106,441,127,314
112900107,6,1,5
112900108,14,1,13
112900109,94,0,94
112900110,958,3,955
112900111,659,7,652
112900112,394,1,393
112900113,0,6,-6
112900114,97,39,58
112900115,984,8,976
112900116,64,36,28
112900117,126,130,-4
112900118,47,115,-68
112900119,137,7,130
112900120,939,320,619
112900121,359,315,44
112900122,23,180,-157
112900123,127,19,108
112900124,9,217,-208
112900125,107,802,-695
112900126,208,267,-59
112900127,397,87,310
112900128,520,1040,-520
112900129,5,1363,-1358
112900130,324,90,234
112900131,67,288,-221
112900132,100,488,-388
112900133,37,1644,-1607
112900134,1,391,-390
112900135,68,56,12
112900136,1,66,-65
112900137,6,897,-891
112900138,7,592,-585
112900139,338,2014,-1676
112900140,0,81,-81
112900141,1056,55,1001
112900142,98,154,-56
112900143,76,898,-822
112900144,4,387,-383
112900145,30,790,-760
112900146,7,1799,-1792
112900147,5,2707,-2702
112900148,48,0,48
112900149,250,468,-218
112900151,15,53,-38
112900152,5456,1223,4233
112900153,2604,2449,155
112900154,0,111,-111
112900155,306,24,282
112900156,447,2090,-1643
112900157,196,6,190
112900158,80,26,54
112900159,302,92,210
112900160,76,399,-323
112900161,131,33,98
112900162,32,26,6
112900163,167,46,121
112900164,49,145,-96
112900165,191,61,130
112900166,59,62,-3
112900167,3,54,-51
112900168,9,1,8
112900169,12,18,-6
112900170,47,118,-71
112900172,94,10,84
112900173,287,196,91
112900174,354,67,287
112900175,150,205,-55
112900176,5,27,-22
112900177,190,52,138
112900178,921,2982,-2061
112900179,51,693,-642
112900180,2488,2218,270
112900181,531,7,524
112900182,55,1638,-1583
112900183,194,366,-172
112900184,681,560,121
112900185,505,774,-269
112900186,2070,1379,691
112900187,139,514,-375
112900188,1002,472,530
112900189,15,56,-41
112900190,19,77,-58
112900192,775,826,-51
112900193,1783,505,1278
112900194,56,162,-106
112900195,1668,50,1618
112900196,345,693,-348
112900197,206,554,-348
112900199,553,956,-403
112900200,573,366,207
112900201,81,159,-78
112900202,470,1198,-728
112900203,176,468,-292
112900204,1289,639,650
112900205,4,38,-34
112900206,8,91,-83
112900207,26,0,26
112900208,75,276,-201
112900209,604,603,1
112900210,1,40,-39
112900211,110,83,27
112900212,2,80,-78
112900213,20,26,-6
112900214,53,11,42
112900215,3,292,-289
112900216,35,128,-93
112900217,18,81,-63
112900218,42,9,33
112900219,63,13,50
112900220,28,1,27
112900221,23,212,-189
112900222,2,56,-54
112900223,1384,20,1364
112900224,312,1055,-743
112900225,461,739,-278
112900226,328,509,-181
112900227,519,1654,-1135
112900228,42,49,-7
112900229,167,45,122
112900230,10631,5719,4912
112900232,293,308,-15
112900233,74,288,-214
112900234,14,174,-160
112900235,127,31,96
112900236,218,22,196
112900237,144,444,-300
112900238,3,60,-57
113000001,7479,11509,-4030
113000002,4605,5596,-991
113000003,2676,4576,-1900
113000004,2846,4342,-1496
113000005,2757,2060,697
113000006,2315,2535,-220
113000007,2777,2113,664
113000008,2899,2846,53
113000009,1257,1492,-235
113000010,1269,2462,-1193
113000011,1035,1775,-740
113000012,1810,1696,114
113000013,1707,1020,687
113000014,1928,1452,476
113000015,735,238,497
113000016,680,748,-68
113000017,81,359,-278
113000018,439,113,326
113000019,208,271,-63
113000020,221,45,176
113000021,4530,915,3615
113000022,906,1555,-649
113000025,73,335,-262
113000026,772,568,204
113000027,3399,567,2832
113000028,3221,640,2581
113000029,1224,955,269
113000030,651,910,-259
113000031,356,425,-69
113000032,390,477,-87
113000033,502,674,-172
113000034,553,574,-21
113000035,54,66,-12
113000036,32,56,-24
113000037,114,48,66
113000038,17,96,-79
113000039,124,1218,-1094
113000040,61,106,-45
113000042,1267,891,376
113000051,1135,3447,-2312
113000052,3205,2098,1107
113000053,472,872,-400
113000054,406,1424,-1018
113000055,1356,1214,142
113000056,1104,1724,-620
113000058,1184,1005,179
113000059,1584,941,643
113000060,210,615,-405
113000061,896,1269,-373
113000062,1802,382,1420
113000063,99,394,-295
113000064,42,605,-563
113000065,193,1584,-1391
113000066,843,216,627
113000067,2314,2023,291
113000068,465,2581,-2116
113000069,744,1830,-1086
113000070,2692,1397,1295
113000071,397,1025,-628
113000072,804,716,88
113000073,1046,2437,-1391
113000074,1277,801,476
113000075,2936,1123,1813
113000076,1800,2338,-538
113000077,1882,746,1136
113000078,1185,3782,-2597
113000079,861,1101,-240
113000080,837,684,153
113000081,1090,1295,-205
113000082,2012,1003,1009
113000083,620,1117,-497
113000084,2413,1675,738
113000085,1137,1007,130
113000086,1393,1754,-361
113000087,979,1211,-232
113000088,4321,1866,2455
113000089,1072,2281,-1209
113000090,418,988,-570
113000091,858,537,321
113000094,2257,236,2021
113000095,496,1427,-931
113000096,257,1180,-923
113000097,1930,488,1442
113000098,261,63,198
113000099,2193,476,1717
113000100,217,648,-431
113000101,672,815,-143
113000102,1020,547,473
113000103,4133,891,3242
113000104,550,4490,-3940
113000105,1121,737,384
113000106,763,872,-109
113000107,1176,1324,-148
113000108,1515,1990,-475
113000109,977,8005,-7028
113000110,2027,651,1376
113000111,303,1492,-1189
113000112,307,390,-83
113000113,2058,372,1686
113000114,384,2854,-2470
113000116,965,357,608
113000117,1338,156,1182
113000118,290,683,-393
113000119,345,548,-203
113000120,95,346,-251
113000121,714,1322,-608
113000124,278,173,105
113000125,77,892,-815
113000127,4772,733,4039
113000128,723,994,-271
113000129,781,2040,-1259
113000133,5767,2624,3143
113000134,11,2016,-2005
113000135,4412,5340,-928
113000137,2700,4023,-1323
113000139,529,253,276
113000140,160,395,-235
113000141,523,275,248
113000142,789,1584,-795
113000143,311,264,47
113000144,385,964,-579
113000145,65,212,-147
113000146,137,130,7
113000147,243,309,-66
113000148,199,296,-97
113000149,111,322,-211
113000150,855,669,186
113000151,154,139,15
113000152,36,200,-164
113000153,2295,817,1478
113000154,954,2577,-1623
113000155,418,843,-425
113000156,163,588,-425
113000157,299,1338,-1039
113000158,805,310,495
113000159,1088,912,176
113000160,594,1833,-1239
113000161,281,783,-502
113000162,922,656,266
113000163,141,69,72
113000164,34,155,-121
113000166,158,123,35
113000167,34,222,-188
113000168,84,216,-132
113000169,213,121,92
113000170,144,159,-15
113000171,70,99,-29
113000172,319,96,223
113000173,83,35,48
113000174,110,701,-591
113000175,516,171,345
113000176,691,225,466
113000177,156,643,-487
113000178,205,557,-352
113000179,455,254,201
113000180,1208,2118,-910
113000181,1116,1218,-102
113000182,265,951,-686
113000183,243,813,-570
113000184,37,168,-131
113000189,690,1071,-381
113000190,1609,816,793
113000192,3533,1876,1657
113000193,9717,1229,8488
113000194,4193,1400,2793
113000195,5844,980,4864
113000196,248,194,54
113000197,3815,1505,2310
113000198,81,392,-311
113000199,1866,646,1220
113000201,1834,250,1584
113000202,6102,7329,-1227
113000203,824,307,517
113000204,3358,2163,1195
113000205,43,57,-14
113000206,21,43,-22
113000207,125,32,93
113000208,45,73,-28
113000209,84,40,44
113000210,13,49,-36
113000211,438,259,179
113000212,426,40,386
113000213,35,355,-320
113000214,306,556,-250
113000234,208,1975,-1767
113000410,259,357,-98
113000411,3687,6505,-2818
113000412,11797,3207,8590
113000413,5478,3986,1492
113000414,11713,17458,-5745
113000415,3636,5146,-1510
113000416,12804,6855,5949
113000417,4441,6154,-1713
113000418,4767,3580,1187
113000419,2354,3029,-675
113000420,5054,7516,-2462
113000421,5020,8413,-3393
113000422,19349,16901,2448
113000423,3921,7163,-3242
113000424,5254,14184,-8930
113000425,7,195,-188
113000428,136,21,115
113000430,30,22,8
113000432,3118,164,2954
113000433,136,1283,-1147
113000434,23,282,-259
113000435,18,967,-949
113000436,51,1844,-1793
113000437,871,9,862
113000438,291,11,280
113000439,18,169,-151
113000440,100,25,75
113000441,151,289,-138
113000442,140,257,-117
113000443,177,440,-263
113000444,185,295,-110
113000445,93,245,-152
113000446,20,128,-108
113000448,200,632,-432
113000449,496,1352,-856
113000450,1436,9267,-7831
113000451,2240,348,1892
113000452,492,1100,-608
113000453,66,439,-373
113000454,3863,85,3778
113000455,21,230,-209
113000456,5657,3566,2091
113000468,3801,396,3405
113000469,995,446,549
113000470,872,126,746
113000471,32,861,-829
113000472,141,378,-237
113000474,362,950,-588
113000475,1963,2817,-854
113000476,1201,2489,-1288
113000477,2718,2503,215
113000478,5001,8175,-3174
113000479,85,291,-206
113000480,346,112,234
113000482,0,0,0
113000484,0,0,0
113000485,0,0,0
113000486,0,0,0
113000487,0,0,0
113000489,2,1,1
113000490,0,0,0
113000491,1,0,1
113000492,0,0,0
113000493,0,0,0
113000495,183,245,-62
113000496,79,121,-42
113000498,0,0,0
113000499,0,0,0
113000500,0,3,-3
113900001,4,503,-499
113900002,2,297,-295
113900003,0,267,-267
113900004,2,114,-112
113900005,0,86,-86
113900006,127,52,75
113900007,580,32,548
113900008,669,1,668
113900009,1529,2,1527
113900010,761,3,758
113900011,77,5,72
113900012,48,6,42
113900013,2221,23,2198
113900014,630,2,628
113900015,2,77,-75
113900016,56,0,56
113900017,2,58,-56
113900018,678,237,441
113900019,114,85,29
113900020,119,2,117
113900022,38,1,37
113900023,27,0,27
113900024,40,120,-80
113900025,474,34,440
113900026,72,0,72
113900027,4,123,-119
113900028,44,679,-635
113900029,52,324,-272
113900030,274,8,266
113900031,21,3,18
113900032,23,2,21
113900033,71,139,-68
113900035,68,1,67
113900036,17,157,-140
113900037,138,631,-493
113900038,98,171,-73
113900039,207,20,187
113900040,11,10,1
113900041,1,7,-6
113900042,109,76,33
113900043,332,194,138
113900044,270,190,80
113900045,84,4,80
113900046,368,864,-496
113900047,72,176,-104
113900048,361,105,256
113900049,1032,475,557
113900050,328,600,-272
113900051,400,761,-361
113900052,182,171,11
113900053,776,781,-5
113900054,34,3,31
113900055,141,705,-564
113900056,116,265,-149
113900057,15,213,-198
113900058,123,333,-210
113900059,451,574,-123
113900060,99,308,-209
113900061,1461,255,1206
113900062,113,24,89
113900063,112,214,-102
113900064,56,282,-226
113900065,515,36,479
113900066,493,575,-82
113900067,154,498,-344
113900068,617,563,54
113900069,70,48,22
113900070,312,562,-250
113900071,95,85,10
113900072,112,291,-179
113900073,297,357,-60
113900074,108,490,-382
113900075,1618,1333,285
113900076,236,11,225
113900077,52,254,-202
113900078,42,115,-73
113900079,1,90,-89
113900080,679,304,375
113900081,60,370,-310
113900082,192,399,-207
113900083,321,744,-423
113900084,347,161,186
113900085,32,378,-346
113900086,42,28,14
113900087,60,258,-198
113900088,55,105,-50
113900089,569,67,502
113900090,801,463,338
113900091,26,65,-39
113900092,39,139,-100
113900093,142,1331,-1189
113900094,519,604,-85
113900095,199,130,69
113900096,300,88,212
113900097,17,135,-118
113900098,888,145,743
113900099,1,160,-159
113900100,0,4,-4
113900101,15,93,-78
113900102,226,177,49
113900103,550,331,219
113900104,231,244,-13
113900105,107,357,-250
113900106,0,156,-156
113900107,0,43,-43
113900108,404,369,35
113900109,645,225,420
113900110,133,18,115
113900111,128,108,20
113900112,185,112,73
113900113,1098,630,468
113900114,1,208,-207
113900115,3,144,-141
113900116,185,218,-33
113900117,192,53,139
113900118,402,475,-73
113900119,371,667,-296
113900120,123,49,74
113900121,46,120,-74
113900122,529,2248,-1719
113900123,713,269,444
113900124,1,105,-104
113900125,2354,255,2099
113900126,191,60,131
113900127,312,914,-602
113900128,169,91,78
113900129,17,193,-176
113900130,2,29,-27
113900131,268,118,150
113900132,112,78,34
113900133,25,53,-28
113900135,381,544,-163
113900136,136,109,27
113900137,597,339,258
113900138,118,256,-138
113900139,686,167,519
113900140,514,380,134
113900141,584,767,-183
113900142,187,150,37
113900143,19,53,-34
113900144,369,269,100
113900145,518,340,178
113900146,153,91,62
113900148,246,473,-227
113900149,254,142,112
113900150,1301,989,312
113900151,545,388,157
113900152,29,74,-45
113900153,529,966,-437
113900154,7,144,-137
113900155,263,188,75
113900156,318,830,-512
113900157,37,311,-274
113900158,659,524,135
113900159,15,274,-259
113900160,561,750,-189
113900161,80,312,-232
113900162,652,1017,-365
113900163,459,320,139
113900164,369,65,304
113900165,1087,692,395
113900166,324,217,107
113900167,271,48,223
113900168,192,166,26
113900169,386,500,-114
113900171,206,113,93
113900172,12,250,-238
113900173,99,977,-878
113900174,679,824,-145
113900175,437,188,249
113900176,342,981,-639
113900177,694,326,368
113900178,397,173,224
113900179,19,899,-880
113900180,260,137,123
113900181,1374,156,1218
113900182,940,1318,-378
113900183,187,89,98
113900184,18,671,-653
113900185,279,121,158
113900186,51,46,5
113900187,37,178,-141
113900188,55,200,-145
113900189,382,122,260
113900190,441,164,277
113900191,200,340,-140
113900192,13,791,-778
113900193,41,286,-245
113900194,3008,1664,1344
113900195,353,604,-251
113900196,3,165,-162
113900197,1,352,-351
113900198,56,166,-110
113900199,217,1129,-912
113900200,26,340,-314
113900201,3,349,-346
113900202,36,473,-437
113900203,0,224,-224
113900204,59,865,-806
113900205,10,231,-221
113900206,10,158,-148
113900207,0,61,-61
113900208,1,53,-52
113900209,0,94,-94
113900210,741,1205,-464
113900211,195,70,125
113900212,195,830,-635
113900214,740,549,191
113900215,50,215,-165
113900216,128,1497,-1369
113900217,53,407,-354
113900218,162,59,103
113900219,140,611,-471
113900220,234,136,98
113900221,660,249,411
113900222,357,649,-292
113900223,148,1295,-1147
113900224,118,99,19
113900225,943,381,562
113900226,398,254,144
113900227,455,322,133
113900228,402,503,-101
113900229,71,880,-809
113900230,6911,4593,2318
113900231,271,372,-101
113900232,120,154,-34
113900233,121,85,36
113900234,499,602,-103
113900235,90,31,59
113900236,194,523,-329
113900237,148,18,130
113900238,489,756,-267
113900239,237,128,109
113900240,8,217,-209
113900241,163,96,67
113900242,51,201,-150
113900243,184,736,-552
113900244,675,308,367
113900245,1710,451,1259
113900246,24,25,-1
113900247,219,504,-285
113900248,4529,2701,1828
113900249,1720,540,1180
113900250,104,205,-101
113900251,754,240,514
113900252,551,28,523
113900253,1054,84,970
113900254,1136,217,919
113900255,496,29,467
113900256,411,47,364
113900257,44,812,-768
113900258,17,746,-729
113900259,535,358,177
113900260,175,22,153
113900261,60,141,-81
113900262,178,987,-809
113900263,247,959,-712
113900264,10,770,-760
113900265,195,445,-250
113900266,32,301,-269
113900267,141,611,-470
113900268,472,485,-13
113900269,67,216,-149
113900270,537,515,22
113900271,800,1699,-899
113900273,122,11,111
113900274,62,20,42
113900275,41,67,-26
113900276,4,333,-329
113900277,182,6,176
113900278,347,245,102
113900279,77,130,-53
113900280,1506,618,888
113900281,562,1678,-1116
113900282,1064,664,400
113900283,466,607,-141
113900284,918,189,729
113900285,143,27,116
113900286,181,170,11
113900287,37,126,-89
113900288,1,109,-108
113900289,1829,187,1642
113900290,641,221,420
113900291,149,254,-105
113900292,22,20,2
113900293,3,404,-401
113900294,546,43,503
113900295,523,566,-43
113900296,3294,536,2758
113900297,2149,50,2099
113900298,15,2051,-2036
113900299,97,251,-154
113900300,8689,5037,3652
113900301,1369,543,826
113900302,3208,1126,2082
113900303,841,486,355
113900304,1,229,-228
113900305,100,0,100
113900306,29,0,29
113900307,99,1,98
113900308,161,162,-1
113900309,4,1030,-1026
113900310,1,23,-22
113900311,8,0,8
113900312,175,191,-16
113900313,31,16,15
114000001,1449,5790,-4341
114000002,288,646,-358
114000003,48,440,-392
114000004,84,190,-106
114000005,277,391,-114
114000006,4068,3261,807
114000007,1023,2014,-991
114000008,2178,2027,151
114000009,761,280,481
114000011,3275,5137,-1862
114000012,2843,3979,-1136
114000013,1872,2986,-1114
114000014,562,544,18
114000015,1823,747,1076
114000016,248,520,-272
114000017,219,360,-141
114000018,750,77,673
114000026,1814,2187,-373
114000027,3440,3200,240
114000028,3315,3516,-201
114000038,282,212,70
114000039,122,130,-8
114000040,109,319,-210
114000042,131,247,-116
114000043,96,246,-150
114000044,148,78,70
114000045,82,117,-35
114000046,4017,6490,-2473
114000047,45,76,-31
114000048,238,76,162
114000049,2013,1956,57
114000050,2341,2426,-85
114000051,4272,2407,1865
114000052,4409,1934,2475
114000053,127,730,-603
114000054,231,1788,-1557
114000055,306,44,262
114000056,1771,890,881
114000057,13969,3564,10405
114000058,967,2018,-1051
114000059,449,448,1
114000060,1075,1111,-36
114000061,5415,3153,2262
114000062,3907,1834,2073
114000063,4001,2495,1506
114000064,9673,4952,4721
114000065,2298,3880,-1582
114000066,394,844,-450
114000067,75,1028,-953
114000068,486,932,-446
114000069,1806,803,1003
114000070,3097,2299,798
114000071,1084,800,284
114000072,420,594,-174
114000073,21,151,-130
114000074,46,32,14
114000075,46,226,-180
114000076,20,202,-182
114000077,14,107,-93
114000078,269,1220,-951
114000079,98,36,62
114000080,112,168,-56
114000081,69,100,-31
114000082,68,772,-704
114000083,66,416,-350
114000084,384,122,262
114000085,109,1172,-1063
114000086,276,705,-429
114000087,103,324,-221
114000088,69,93,-24
114000089,2218,665,1553
114000090,972,835,137
114000091,2783,877,1906
114000092,1617,532,1085
114000093,1499,884,615
114000094,461,539,-78
114000095,337,129,208
114000096,220,488,-268
114000097,153,935,-782
114000098,529,73,456
114000099,567,1025,-458
114000100,1409,1243,166
114000101,407,1207,-800
114000102,392,452,-60
114000103,162,581,-419
114000104,10,539,-529
114000105,122,95,27
114000106,1978,1117,861
114000107,338,193,145
114000108,3143,1554,1589
114000109,449,1047,-598
114000110,717,2435,-1718
114000111,1661,824,837
114000112,337,2079,-1742
114000113,943,475,468
114000114,1481,2023,-542
114000115,2425,1027,1398
114000116,763,1937,-1174
114000117,3352,623,2729
114000118,2564,576,1988
114000119,1876,595,1281
114000120,895,1253,-358
114000121,550,911,-361
114000122,498,344,154
114000123,1920,374,1546
114000124,1412,404,1008
114000125,869,2067,-1198
114000126,1636,262,1374
114000127,157,288,-131
114000128,1220,716,504
114000130,541,712,-171
114000131,305,113,192
114000132,796,937,-141
114000133,1293,2094,-801
114000134,98,256,-158
114000138,96,344,-248
114000139,630,223,407
114000144,1043,649,394
114000145,136,331,-195
114000146,149,408,-259
114000147,1542,2219,-677
114000148,3035,2292,743
114000149,373,331,42
114000150,1132,918,214
114000151,1360,1353,7
114000152,210,39,171
114000153,1132,2224,-1092
114000154,1243,842,401
114000155,1565,2968,-1403
114000156,1497,702,795
114000157,415,1316,-901
114000158,2990,1064,1926
114000159,226,532,-306
114000160,139,284,-145
114000161,2357,3358,-1001
114000162,1177,2630,-1453
114000163,16,203,-187
114000165,708,259,449
114000166,1160,382,778
114000167,5904,1755,4149
114000168,1086,930,156
114000169,2783,1100,1683
114000170,1610,1387,223
114000171,1247,3480,-2233
114000174,281,706,-425
114000176,1092,510,582
114000177,3247,1120,2127
114000178,50,87,-37
114000179,1701,987,714
114000180,702,947,-245
114000181,1884,3991,-2107
114000182,7603,3363,4240
114000183,1290,1361,-71
114000184,8541,1733,6808
114000185,1215,1209,6
114000189,851,167,684
114000190,2562,372,2190
114000191,64,101,-37
114000192,391,2576,-2185
114000193,1092,4624,-3532
114000194,1678,1459,219
114000195,145,37,108
114000196,0,461,-461
114000197,1462,23,1439
114000198,1592,506,1086
114000199,2778,1701,1077
114000200,691,2939,-2248
114000201,369,1331,-962
114000202,1400,1102,298
114000203,640,1128,-488
114000204,149,701,-552
114000205,263,2386,-2123
114000206,725,1607,-882
114000207,813,3071,-2258
114000208,711,4797,-4086
114000209,862,4120,-3258
114000210,413,2199,-1786
114000211,1145,2130,-985
114000212,1034,946,88
114000213,1448,854,594
114000214,90,215,-125
114000215,283,122,161
114000216,1639,441,1198
114000217,256,485,-229
114000218,131,350,-219
114000219,1293,293,1000
114000220,34,1380,-1346
114000221,823,258,565
114000222,234,1529,-1295
114000223,556,160,396
114000224,144,1038,-894
114000225,328,715,-387
114000226,132,289,-157
114000227,1001,574,427
114000228,950,1156,-206
114000229,1310,1631,-321
114000230,1978,1856,122
114000231,1122,1749,-627
114000232,692,202,490
114000233,2261,173,2088
114000234,1283,1210,73
114000235,1221,1956,-735
114000236,2,702,-700
114000237,112,1523,-1411
114000238,143,393,-250
114000239,251,1760,-1509
114000240,877,930,-53
114000241,343,1395,-1052
114000242,1251,1472,-221
114000243,2171,1131,1040
114000244,1004,440,564
114000245,438,747,-309
114000246,235,53,182
114000247,969,955,14
114000248,1358,856,502
114000249,601,616,-15
114000250,488,903,-415
114000251,371,435,-64
114000252,97,154,-57
114000253,47,458,-411
114000254,37,146,-109
114000255,1292,281,1011
114000256,3342,2269,1073
114000257,595,2212,-1617
114000258,314,555,-241
114000259,85,370,-285
114000260,1,25,-24
114000261,63,39,24
114000262,173,218,-45
114000263,27,4,23
114000264,1292,964,328
114000265,0,5,-5
114000267,2,1945,-1943
114000268,6,2221,-2215
114000270,103,1,102
114000271,704,126,578
114000283,1067,515,552
114000285,72,374,-302
114000288,49,582,-533
114000289,1451,184,1267
114000293,164,619,-455
114000294,134,362,-228
114000395,1994,62,1932
114000396,573,648,-75
114000402,484,360,124
114000403,302,776,-474
114000405,142,660,-518
114000423,323,577,-254
114000424,413,287,126
114000425,571,676,-105
114000426,396,1110,-714
114000427,50,130,-80
114000428,270,171,99
114000429,35,296,-261
114000432,94,172,-78
114000434,36,138,-102
114000435,0,39,-39
114900001,760,1786,-1026
114900002,623,95,528
114900003,729,2806,-2077
114900004,195,427,-232
114900005,555,1291,-736
114900006,85,64,21
114900007,195,21,174
114900008,178,119,59
114900010,3272,2564,708
114900011,225,167,58
114900013,214,111,103
114900015,91,444,-353
114900018,1189,32,1157
114900020,316,92,224
114900021,279,172,107
114900022,2,991,-989
114900024,490,165,325
114900025,413,379,34
114900026,93,116,-23
114900027,239,315,-76
114900029,29,33,-4
114900030,374,321,53
114900031,333,44,289
114900032,347,33,314
114900033,2113,771,1342
114900034,74,306,-232
114900035,212,413,-201
114900036,367,1139,-772
114900037,117,279,-162
114900038,280,931,-651
114900039,551,836,-285
114900040,69,313,-244
114900041,614,718,-104
114900042,835,982,-147
114900043,1050,440,610
114900044,172,62,110
114900045,154,447,-293
114900046,102,198,-96
114900047,366,1928,-1562
114900048,104,331,-227
114900049,24,284,-260
114900050,40,779,-739
114900051,29,669,-640
114900052,64,283,-219
114900053,100,412,-312
114900054,117,205,-88
114900057,224,9,215
114900058,4,176,-172
114900059,86,58,28
114900060,1816,841,975
114900061,159,204,-45
114900062,411,445,-34
114900063,88,314,-226
114900064,1298,863,435
114900065,426,998,-572
114900067,66,487,-421
114900068,112,269,-157
114900069,331,244,87
114900070,568,737,-169
114900072,13,340,-327
114900073,4,298,-294
114900074,599,1245,-646
114900075,271,1,270
114900076,17,455,-438
114900080,4073,645,3428
114900082,5158,2186,2972
114900083,1685,1459,226
114900084,292,245,47
114900090,423,264,159
114900091,192,324,-132
114900095,496,168,328
114900096,645,914,-269
114900097,120,98,22
114900098,5,394,-389
114900099,223,9,214
115000001,11193,7562,3631
115000002,4948,4608,340
115000003,6816,5723,1093
115000004,4930,6734,-1804
115000005,2787,3858,-1071
115000006,1570,1960,-390
115000007,98,304,-206
115000008,730,556,174
115000009,333,518,-185
115000010,574,233,341
115000013,129,297,-168
115000015,60,495,-435
115000016,273,297,-24
115000019,36,717,-681
115000020,261,857,-596
115000021,382,730,-348
115000022,739,553,186
115000023,402,684,-282
115000024,1619,803,816
115000025,1176,857,319
115000026,170,596,-426
115000027,287,366,-79
115000028,267,1063,-796
115000029,752,242,510
115000030,864,1240,-376
115000031,1381,542,839
115000032,7,282,-275
115000033,156,48,108
115000034,166,1398,-1232
115000035,1302,72,1230
115000036,0,451,-451
115000037,664,15,649
115000038,41,212,-171
115000039,4433,3679,754
115000040,8852,4544,4308
115000041,1356,3350,-1994
115000042,1091,1130,-39
115000043,4446,3457,989
115000044,4583,5905,-1322
115000045,4041,3160,881
115000046,2265,3603,-1338
115000047,2107,2555,-448
115000048,1964,4207,-2243
115000049,1893,5450,-3557
115000050,4103,2614,1489
115000051,2582,3618,-1036
115000052,4094,2743,1351
115000053,1769,2219,-450
115000054,807,1922,-1115
115000055,166,482,-316
115000056,222,422,-200
115000057,577,669,-92
115000058,214,142,72
115000059,241,143,98
115000061,351,109,242
115000062,331,431,-100
115000063,331,492,-161
115000064,250,238,12
115000065,147,474,-327
115000067,341,37,304
115000069,63,420,-357
115000070,57,1579,-1522
115000071,176,21,155
115000072,12,101,-89
115000073,2104,64,2040
115000075,136,105,31
115000076,6659,4359,2300
115000077,2424,4170,-1746
115000078,1207,2330,-1123
115000079,1554,3212,-1658
115000080,2887,4065,-1178
115000081,511,1229,-718
115000082,4560,4620,-60
115000083,2679,3686,-1007
115000084,2189,1744,445
115000085,851,1376,-525
115000086,1244,1460,-216
115000087,534,2135,-1601
115000088,2341,999,1342
115000089,2148,1946,202
115000090,903,1146,-243
115000091,417,1399,-982
115000092,482,406,76
115000093,646,4,642
115000094,12229,6633,5596
115000095,8880,6621,2259
115000096,888,2799,-1911
115000097,836,1163,-327
115000098,1203,1191,12
115000099,2534,4812,-2278
115000100,1209,747,462
115000101,537,1941,-1404
115000102,614,307,307
115000103,396,1071,-675
115000105,66,248,-182
115000106,490,373,117
115000107,212,823,-611
115000108,5460,3312,2148
115000109,7619,4764,2855
115000110,1792,1540,252
115000111,837,2226,-1389
115000112,918,879,39
115000113,838,1270,-432
115000114,2047,1234,813
115000116,5328,2721,2607
115000117,5670,3714,1956
115000118,2709,2254,455
115000119,2615,2771,-156
115000120,663,1503,-840
115000121,1908,1449,459
115000122,5293,3212,2081
115000123,2701,2922,-221
115000124,1155,1335,-180
115000125,739,747,-8
115000126,381,441,-60
115000127,714,194,520
115000128,1450,1088,362
115000129,570,398,172
115000130,498,1539,-1041
115000131,862,365,497
115000132,170,648,-478
115000133,553,515,38
115000134,290,340,-50
115000135,417,342,75
115000136,338,321,17
115000137,255,248,7
115000138,229,318,-89
115000139,286,325,-39
115000140,288,245,43
115000141,241,378,-137
115000142,179,418,-239
115000143,701,759,-58
115000144,629,132,497
115000145,374,595,-221
115000146,681,336,345
115000147,1224,681,543
115000148,462,1806,-1344
115000149,1009,366,643
115000150,1033,1656,-623
115000151,1050,694,356
115000152,1093,2010,-917
115000153,1661,770,891
115000154,910,533,377
115000155,1246,1712,-466
115000156,2423,914,1509
115000157,2170,1331,839
115000158,1520,552,968
115000159,1537,791,746
115000160,978,964,14
115000161,744,862,-118
115000162,928,931,-3
115000163,929,665,264
115000164,943,690,253
115000165,713,639,74
115000167,223,89,134
115000168,1330,477,853
115000169,1799,454,1345
115000170,316,170,146
115000171,630,296,334
115000172,2613,755,1858
115000173,487,713,-226
115000174,160,342,-182
115000175,236,115,121
115000176,328,144,184
115000177,245,125,120
115000178,52,394,-342
115000179,85,65,20
115000180,176,1206,-1030
115000181,760,227,533
115000182,781,596,185
115000183,300,1541,-1241
115000186,848,363,485
115000187,240,961,-721
115000188,541,777,-236
115000189,454,571,-117
115000190,1211,832,379
115000191,719,645,74
115000194,296,222,74
115000195,423,456,-33
115000196,162,137,25
115000197,189,440,-251
115000198,332,298,34
115000199,326,395,-69
115000200,359,179,180
115000201,227,537,-310
115000206,353,148,205
115000207,144,581,-437
115000208,798,972,-174
115000209,651,385,266
115000210,163,176,-13
115000211,309,369,-60
115000212,3115,401,2714
115000218,174,98,76
115000219,60,60,0
115000224,450,113,337
115000225,76,101,-25
115000229,402,217,185
115000230,112,767,-655
115000231,329,3293,-2964
115000232,1645,358,1287
115000233,257,257,0
115000234,42,425,-383
115000241,94,336,-242
115000242,121,428,-307
115000243,46,331,-285
115000244,2,93,-91
115000246,44,32,12
115000247,36,24,12
115000248,20,22,-2
115000249,37,36,1
115000250,742,69,673
115000251,282,232,50
115000252,106,323,-217
115000253,24,584,-560
115000258,348,357,-9
115000259,445,246,199
115000261,22,29,-7
115000262,16,38,-22
115000263,11,94,-83
115000264,15,76,-61
115000267,65,73,-8
115000268,46,179,-133
115000269,189,93,96
115000270,9,29,-20
115000272,67,228,-161
115000273,371,53,318
115000274,421,360,61
115000280,2915,279,2636
115000281,926,662,264
115000282,2399,791,1608
115000284,342,169,173
115000296,1175,14,1161
115000297,888,175,713
115000298,320,399,-79
115000300,211,321,-110
115000302,442,326,116
115000303,800,289,511
115000304,765,178,587
115000305,142,1278,-1136
115000306,224,663,-439
115000307,147,291,-144
115000308,98,21,77
115000310,1168,1232,-64
115000311,828,2000,-1172
115000313,183,1018,-835
115000314,488,168,320
115000315,1354,369,985
115000316,72,116,-44
115000317,203,1014,-811
115000318,1135,479,656
115000319,86,430,-344
115000320,20,409,-389
115000321,538,16,522
115000322,52,373,-321
115000449,432,271,161
115000557,190,1165,-975
115000558,560,84,476
115000587,619,572,47
115000588,4209,4825,-616
115000589,4919,3523,1396
115000590,1487,2146,-659
115000591,1642,1230,412
115000592,1345,2617,-1272
115000593,2058,979,1079
115000594,1221,2964,-1743
115000609,127,143,-16
115000617,3081,4363,-1282
115000624,169,42,127
115000633,656,2995,-2339
115000634,4518,1483,3035
115000635,624,216,408
115000638,1839,1053,786
115000641,126,186,-60
115000642,571,419,152
115000643,133,749,-616
115000644,250,559,-309
115000646,992,1578,-586
115000647,245,776,-531
115000648,1878,2665,-787
115000893,4302,2351,1951
115000894,227,1705,-1478
115000895,572,1262,-690
115000896,1544,434,1110
115000897,718,168,550
115000898,1745,355,1390
115000899,972,1505,-533
115000900,234,715,-481
115000901,86,150,-64
115000912,417,125,292
115000913,2,43,-41
115000915,59,0,59
115000916,125,102,23
115000917,0,7,-7
115000918,150,582,-432
115000919,33,14,19
115000920,200,122,78
115000921,1593,308,1285
115000922,2094,1006,1088
115000923,840,1002,-162
115000925,72,118,-46
115000927,38,59,-21
115000933,436,140,296
115900001,58,71,-13
115900002,103,330,-227
115900003,216,189,27
115900004,0,73,-73
115900005,135,12,123
115900006,188,617,-429
115900008,45,14,31
115900009,67,442,-375
115900010,340,292,48
115900011,416,317,99
115900012,111,86,25
115900013,621,363,258
115900014,132,204,-72
115900015,88,139,-51
115900016,93,83,10
115900017,10,1,9
115900018,206,149,57
115900019,1986,78,1908
115900020,28,0,28
115900021,2389,528,1861
115900022,1900,21,1879
115900023,6,1,5
115900025,54,302,-248
115900026,1251,416,835
115900027,1,466,-465
115900028,705,81,624
115900029,17,549,-532
115900030,104,22,82
115900031,634,357,277
115900032,618,1194,-576
115900033,1,43,-42
115900034,41,671,-630
115900035,41,22,19
115900036,178,705,-527
115900037,76,642,-566
115900038,147,11,136
115900039,196,363,-167
115900041,462,559,-97
115900042,51,5,46
115900043,161,180,-19
115900044,386,381,5
115900046,278,405,-127
115900047,187,115,72
115900049,149,320,-171
115900051,0,87,-87
115900052,11,324,-313
115900053,241,376,-135
115900054,229,91,138
115900055,19,180,-161
115900056,223,550,-327
115900057,70,9,61
115900058,22,80,-58
115900060,73,165,-92
115900061,218,1,217
115900062,101,395,-294
115900063,48,15,33
115900064,170,542,-372
115900065,108,144,-36
115900066,223,256,-33
115900067,4,828,-824
115900068,3950,745,3205
115900069,47,361,-314
115900070,233,270,-37
115900071,0,746,-746
115900072,63,276,-213
115900073,65,67,-2
115900074,4,469,-465
115900075,28,378,-350
115900076,6,88,-82
115900077,6,340,-334
115900078,26,161,-135
115900079,263,33,230
115900080,651,310,341
115900081,19,91,-72
115900082,153,187,-34
115900084,292,43,249
115900085,127,86,41
115900086,2484,671,1813
115900088,26,72,-46
115900089,237,752,-515
115900090,287,51,236
115900091,37,36,1
115900092,36,229,-193
115900093,6,62,-56
115900094,6,482,-476
115900096,4,34,-30
115900097,11,622,-611
115900098,175,773,-598
115900099,31,65,-34
115900100,15,835,-820
115900101,160,676,-516
115900102,56,91,-35
115900103,277,327,-50
115900104,49,172,-123
115900105,224,1100,-876
115900106,59,21,38
115900107,68,238,-170
115900108,93,54,39
115900109,57,650,-593
115900110,1,30,-29
115900111,1,115,-114
115900112,53,1591,-1538
115900113,31,35,-4
115900114,2,162,-160
115900115,68,206,-138
115900116,98,1460,-1362
115900117,53,33,20
115900118,6,336,-330
115900119,311,170,141
115900120,35,644,-609
115900121,156,394,-238
115900124,266,625,-359
115900125,312,58,254
115900126,729,128,601
115900127,671,85,586
115900128,4,53,-49
115900129,882,67,815
115900130,29,282,-253
115900131,400,50,350
115900132,614,6,608
115900134,313,21,292
115900135,580,1115,-535
115900137,43,1,42
115900139,281,247,34
115900140,203,29,174
115900141,38,222,-184
115900142,73,128,-55
115900143,165,365,-200
115900144,109,390,-281
115900146,12,214,-202
115900147,416,343,73
115900148,28,13,15
115900149,77,34,43
115900150,53,82,-29
115900151,18,94,-76
115900152,132,558,-426
115900153,195,322,-127
115900154,889,372,517
115900155,0,99,-99
115900156,834,1182,-348
115900157,190,638,-448
115900158,26,10,16
115900159,86,369,-283
115900160,15,12,3
115900161,38,246,-208
115900163,216,186,30
115900164,612,60,552
115900165,4,185,-181
115900166,255,412,-157
115900168,98,194,-96
115900171,175,642,-467
115900172,81,160,-79
115900173,243,185,58
115900174,587,249,338
115900175,108,328,-220
115900178,9,872,-863
115900179,190,29,161
115900180,51,411,-360
115900181,143,310,-167
115900182,408,440,-32
115900183,344,134,210
115900184,2472,34,2438
115900187,12,146,-134
115900189,1,278,-277
115900190,620,1652,-1032
115900191,63,655,-592
115900192,14,131,-117
115900193,88,116,-28
115900194,841,76,765
115900195,809,2061,-1252
115900198,329,422,-93
115900199,203,382,-179
115900200,328,478,-150
115900201,482,317,165
115900202,1,34,-33
115900203,14,1,13
115900204,1,1,0
115900205,112,11,101
115900206,161,204,-43
115900207,28,14,14
115900208,141,383,-242
115900209,8,204,-196
115900210,8,225,-217
115900211,3,360,-357
115900212,110,328,-218
115900213,120,91,29
115900214,237,296,-59
115900215,34,69,-35
115900216,2,140,-138
115900217,0,65,-65
115900218,0,63,-63
115900219,40,5,35
115900220,126,25,101
115900221,96,23,73
115900222,36,41,-5
115900223,11,250,-239
115900224,2135,791,1344
115900225,79,66,13
115900226,16,80,-64
115900227,13,66,-53
115900228,7,73,-66
115900229,10,79,-69
115900230,55,149,-94
115900231,178,6,172
115900232,84,1,83
115900233,78,18,60
115900234,50,37,13
115900235,10,59,-49
115900236,27,44,-17
115900237,18,26,-8
115900238,11,27,-16
115900239,12,33,-21
115900240,11,74,-63
115900241,175,90,85
115900242,324,418,-94
115900243,24,31,-7
115900244,25,23,2
115900245,3,28,-25
115900246,7,3,4
115900247,20,5,15
115900248,28,6,22
115900249,21,29,-8
115900250,34,49,-15
115900251,0,9,-9
115900252,3,6,-3
115900253,8,27,-19
115900254,79,35,44
115900255,26,65,-39
115900256,24,68,-44
115900257,10,3,7
115900258,0,1,-1
115900259,7,2,5
115900260,12,4,8
115900261,6,4,2
115900262,0,7,-7
115900263,9,5,4
115900264,25,10,15
115900265,2,16,-14
115900266,6,10,-4
115900267,2,17,-15
115900268,2,15,-13
115900269,381,513,-132
115900270,428,1014,-586
116000001,16632,8326,8306
116000002,5560,13689,-8129
116000003,2079,2226,-147
116000004,4534,4318,216
116000005,7120,4312,2808
116000006,6951,2232,4719
116000007,4260,5288,-1028
116000008,3929,2265,1664
116000009,2334,3408,-1074
116000010,2164,1565,599
116000011,1152,2808,-1656
116000012,1221,1066,155
116000013,24988,7524,17464
116000014,23761,16312,7449
116000015,990,2180,-1190
116000016,11885,6219,5666
116000017,51,1030,-979
116000018,863,751,112
116000019,1661,481,1180
116000020,715,1728,-1013
116000021,732,398,334
116000022,526,790,-264
116000023,1988,1176,812
116000024,964,1758,-794
116000025,1731,888,843
116000026,2528,3190,-662
116000027,1449,878,571
116000028,550,1099,-549
116000029,1366,859,507
116000030,900,547,353
116000031,205,360,-155
116000032,239,271,-32
116000033,320,382,-62
116000034,1138,837,301
116000035,466,918,-452
116000036,3226,1477,1749
116000037,2237,1161,1076
116000038,918,650,268
116000039,645,396,249
116000040,2115,340,1775
116000041,319,780,-461
116000042,708,307,401
116000043,129,821,-692
116000044,2,21,-19
116000045,2838,1884,954
116000046,2151,1946,205
116000047,3173,3385,-212
116000048,3577,2324,1253
116000049,1391,2936,-1545
116000050,1892,2330,-438
116000051,6003,2885,3118
116000052,5550,5928,-378
116000053,3162,1565,1597
116000054,1384,3537,-2153
116000055,635,1745,-1110
116000056,759,1658,-899
116000057,5206,2734,2472
116000058,4960,3454,1506
116000059,4252,8684,-4432
116000060,3307,1175,2132
116000061,806,1691,-885
116000062,1415,284,1131
116000063,1292,1627,-335
116000066,304,857,-553
116000067,298,707,-409
116000068,520,448,72
116000069,419,590,-171
116000078,421,1367,-946
116000080,2014,1401,613
116000082,20,133,-113
116000083,1437,520,917
116000084,3052,5098,-2046
116000085,2374,1861,513
116000086,2597,1572,1025
116000087,1468,1525,-57
116000088,1029,1802,-773
116000089,220,128,92
116000090,116,222,-106
116000091,172,173,-1
116000093,867,1251,-384
116000094,966,1003,-37
116000095,839,1264,-425
116000096,1056,1959,-903
116000097,780,1549,-769
116000098,78,6932,-6854
116000099,15359,676,14683
116000100,170,18,152
116000101,801,1963,-1162
116000102,361,2385,-2024
116000103,436,392,44
116000104,237,2704,-2467
116000105,1319,299,1020
116000106,376,1521,-1145
116000107,1919,608,1311
116000108,336,253,83
116000111,191,21,170
116000113,133,96,37
116000114,47,249,-202
116000115,222,97,125
116000116,364,707,-343
116000117,1652,3008,-1356
116000118,1487,2102,-615
116000119,3014,2635,379
116000120,3654,6590,-2936
116000121,779,729,50
116000122,1554,2740,-1186
116000123,969,621,348
116000124,441,1346,-905
116000125,2837,901,1936
116000126,381,2000,-1619
116000127,1497,2139,-642
116000128,1748,1226,522
116000129,1147,243,904
116000130,497,451,46
116000133,826,1502,-676
116000134,2198,3544,-1346
116000135,2553,1805,748
116000136,1449,2866,-1417
116000137,1260,944,316
116000138,1040,738,302
116000139,2843,2722,121
116000140,259,326,-67
116000141,539,1252,-713
116000142,5095,4867,228
116000143,2219,2417,-198
116000144,1645,3521,-1876
116000145,1845,2123,-278
116000146,462,464,-2
116000147,664,196,468
116000148,780,566,214
116000149,733,670,63
116000151,969,1140,-171
116000153,112,839,-727
116000155,402,457,-55
116000156,857,1792,-935
116000157,51,35,16
116000158,305,478,-173
116000159,9,14,-5
116000160,23,236,-213
116000161,13,244,-231
116000162,154,129,25
116000163,38,20,18
116000164,20,31,-11
116000177,108,151,-43
116000194,112,605,-493
116000195,2728,920,1808
116000196,29,17,12
116000197,18,33,-15
116000198,5551,1946,3605
116000200,1026,586,440
116000201,999,1018,-19
116000202,10,405,-395
116000203,3,152,-149
116000204,3,66,-63
116000205,1,223,-222
116000206,1,123,-122
116000207,7,41,-34
116000233,249,1145,-896
116000287,191,677,-486
116000288,253,447,-194
116000292,196,251,-55
116000296,14,99,-85
116000297,99,17,82
116000304,222,3,219
116000305,11,296,-285
116000346,317,237,80
116000352,302,73,229
116000354,331,27,304
116000357,59,39,20
116000358,243,64,179
116000361,143,10,133
116000372,13130,4930,8200
116000381,154,0,154
116000388,0,55,-55
116000389,1145,723,422
116000445,332,784,-452
116000446,548,1285,-737
116000447,13,547,-534
116000448,791,464,327
116000563,1666,1433,233
116000565,112,545,-433
116000568,104,454,-350
116000579,59,154,-95
116000584,33,8,25
116000585,34,36,-2
116000586,304,252,52
116000587,421,692,-271
116000589,47,117,-70
116000590,69,90,-21
116000591,221,413,-192
116000592,9,165,-156
116000593,0,32,-32
116000594,790,707,83
116000595,865,264,601
116000596,152,7,145
116000597,252,82,170
116000598,20,246,-226
116000602,75,1157,-1082
116000605,479,295,184
116000606,55,230,-175
116000607,10,102,-92
116000609,367,1093,-726
116000611,126,666,-540
116000612,714,2574,-1860
116000613,573,493,80
116000614,659,959,-300
116000615,93,323,-230
116000616,68,146,-78
116000617,96,115,-19
116000618,3,269,-266
116000619,25,66,-41
116000620,101,104,-3
116000621,39,199,-160
116000622,36,206,-170
116000624,111,82,29
116900001,237,203,34
116900002,339,6,333
116900003,29,90,-61
116900004,33,68,-35
116900005,257,77,180
116900006,162,191,-29
116900007,229,305,-76
116900008,375,587,-212
116900009,35,7,28
116900010,5,2714,-2709
116900011,9,98,-89
116900012,150,271,-121
116900013,17,371,-354
116900014,95,426,-331
116900015,356,125,231
116900016,185,2,183
116900017,8,1121,-1113
116900018,90,57,33
116900019,25,632,-607
116900020,1310,582,728
116900023,106,19,87
116900024,576,101,475
116900025,1224,1356,-132
116900026,300,1381,-1081
116900027,26,67,-41
116900028,4,221,-217
116900029,6,42,-36
116900031,5,9,-4
116900032,5,563,-558
116900033,25,12,13
116900034,7,99,-92
116900035,176,403,-227
116900036,5,161,-156
116900038,30,5,25
116900041,94,33,61
116900042,1099,343,756
116900043,21,117,-96
116900045,536,84,452
116900047,139,125,14
116900049,49,458,-409
116900050,160,863,-703
116900051,123,409,-286
116900052,330,101,229
116900055,0,7,-7
116900057,27,434,-407
116900058,53,736,-683
116900059,0,324,-324
116900060,526,285,241
116900062,1,11,-10
116900064,117,1461,-1344
116900065,12,257,-245
116900067,102,190,-88
116900068,189,412,-223
116900070,0,3,-3
116900072,37,665,-628
116900073,16,331,-315
116900074,13,76,-63
116900076,12,27,-15
116900077,11,308,-297
116900078,294,225,69
116900079,46,652,-606
116900080,18,28,-10
116900081,462,2358,-1896
116900082,469,1192,-723
116900083,45,113,-68
116900084,461,65,396
116900085,36,225,-189
116900086,51,393,-342
116900088,631,106,525
116900090,136,98,38
116900091,226,190,36
116900092,89,1331,-1242
116900093,1989,3768,-1779
116900094,8316,5986,2330
116900095,741,144,597
116900096,185,475,-290
116900097,7389,3362,4027
116900098,1119,359,760
116900099,904,867,37
116900100,969,58,911
116900101,405,902,-497
116900103,9,1,8
116900104,56,82,-26
116900105,496,137,359
116900106,1600,370,1230
116900107,5973,2987,2986
116900110,18,2,16
116900111,461,1555,-1094
116900112,240,1886,-1646
116900113,4969,1155,3814
116900116,175,459,-284
116900117,60,179,-119
116900118,1218,1047,171
116900120,279,193,86
116900121,51,59,-8
116900122,747,1160,-413
116900123,255,1315,-1060
116900124,177,1701,-1524
116900125,438,387,51
116900126,392,888,-496
116900128,21,50,-29
116900129,2,506,-504
116900130,1504,4271,-2767
116900131,94,228,-134
116900132,47,113,-66
116900133,110,144,-34
116900134,302,304,-2
116900136,233,228,5
116900137,663,213,450
116900138,232,255,-23
116900139,111,549,-438
116900140,216,246,-30
116900141,687,443,244
116900142,3,94,-91
116900143,526,979,-453
116900144,35,82,-47
116900145,229,366,-137
116900147,1324,340,984
116900148,5,46,-41
116900149,39,223,-184
116900150,25,15,10
116900151,50,17,33
116900153,116,86,30
116900154,823,571,252
116900155,148,92,56
116900157,579,391,188
116900158,466,249,217
116900159,79,496,-417
116900160,1597,543,1054
116900161,13398,7972,5426
116900162,39,200,-161
116900163,171,238,-67
116900164,84,69,15
116900165,352,192,160
116900166,24,160,-136
116900167,501,115,386
116900168,430,124,306
116900169,1523,493,1030
116900170,342,570,-228
116900171,47,374,-327
116900172,392,206,186
116900173,192,72,120
116900174,26,44,-18
116900175,794,192,602
116900178,30,236,-206
116900179,194,239,-45
116900180,148,29,119
116900182,893,435,458
116900183,163,123,40
116900185,27,30,-3
116900186,139,447,-308
116900187,56,46,10
116900188,198,28,170
116900189,78,1,77
116900191,481,688,-207
116900192,297,302,-5
116900194,118,1056,-938
116900195,76,19,57
116900196,17,155,-138
116900197,91,6,85
116900198,329,221,108
116900200,31,32,-1
116900201,105,7,98
116900202,169,88,81
116900203,114,6,108
116900204,42,125,-83
116900206,7,34,-27
116900207,19,48,-29
116900208,17,183,-166
116900209,35,218,-183
116900210,585,396,189
116900211,314,29,285
116900212,53,123,-70
116900213,228,278,-50
116900214,139,158,-19
116900215,44,137,-93
116900216,500,393,107
116900218,16,494,-478
116900219,1338,505,833
116900220,134,277,-143
116900221,67,456,-389
116900222,370,532,-162
116900223,121,365,-244
116900226,109,130,-21
116900227,217,88,129
116900228,403,435,-32
116900230,72,614,-542
116900231,35,732,-697
116900232,19,782,-763
116900233,320,152,168
116900234,30,10,20
116900235,189,485,-296
116900238,2027,600,1427
116900239,163,1743,-1580
116900240,11151,4325,6826
116900241,113,312,-199
116900242,666,776,-110
116900243,5,211,-206
116900245,27,25,2
116900246,88,13,75
116900247,484,26,458
116900248,120,60,60
116900249,399,242,157
116900250,344,92,252
116900251,723,594,129
116900252,113,1715,-1602
116900253,134,124,10
116900254,19,121,-102
116900255,140,80,60
116900256,381,259,122
116900257,20,733,-713
116900258,4,410,-406
116900259,160,5,155
116900260,5,229,-224
116900261,41,6,35
116900262,194,202,-8
116900263,2,23,-21
116900264,0,6,-6
116900265,47,2,45
116900266,20,90,-70
116900267,2,5,-3
116900268,300,12,288
116900269,538,837,-299
116900271,2301,235,2066
116900272,461,838,-377
116900273,780,81,699
116900274,104,125,-21
116900275,147,218,-71
116900276,313,100,213
116900277,963,42,921
116900278,1,34,-33
116900279,6,31,-25
116900280,45,69,-24
116900281,13349,5117,8232
116900282,6,200,-194
116900283,22,212,-190
116900284,22,346,-324
116900285,438,738,-300
116900286,321,26,295
116900287,18,144,-126
116900288,22,188,-166
116900289,8,47,-39
116900290,2,47,-45
116900291,10,11,-1
116900292,0,7,-7
116900293,29,80,-51
116900294,43,241,-198
116900295,520,43,477
116900296,110,80,30
116900297,5,170,-165
116900298,67,40,27
116900299,90,51,39
116900300,12,159,-147
116900301,85,86,-1
116900302,2255,1024,1231
116900303,894,111,783
116900304,1,194,-193
116900305,37,133,-96
116900306,128,233,-105
117000001,3021,2952,69
117000002,3229,7798,-4569
117000003,12505,4343,8162
117000004,7862,8181,-319
117000005,2579,2365,214
117000006,1998,6071,-4073
117000007,4655,1694,2961
117000008,1874,7755,-5881
117000009,5933,2514,3419
117000010,3780,7505,-3725
117000011,2549,2848,-299
117000012,1834,2486,-652
117000013,2756,1597,1159
117000014,2374,3890,-1516
117000015,6065,1793,4272
117000016,2212,68,2144
117000017,1339,291,1048
117000018,438,808,-370
117000019,670,2,668
117000020,758,2549,-1791
117000021,4239,1036,3203
117000022,1321,103,1218
117000023,1664,210,1454
117000024,1599,145,1454
117000025,4256,733,3523
117000026,9151,1221,7930
117000027,2825,1335,1490
117000028,4988,997,3991
117000030,409,293,116
117000032,3235,1904,1331
117000033,2946,2321,625
117000034,170,213,-43
117000036,233,274,-41
117000038,335,657,-322
117000039,75,152,-77
117000040,236,1692,-1456
117000041,959,230,729
117000044,36,1526,-1490
117000045,567,115,452
117000046,853,900,-47
117000047,1213,953,260
117000048,3133,2298,835
117000049,229,1467,-1238
117000050,202,2993,-2791
117000051,2269,163,2106
117000052,34,628,-594
117000053,365,132,233
117000054,1880,7,1873
117000055,28,5560,-5532
117000056,734,26,708
117000057,851,3655,-2804
117000060,553,2613,-2060
117000061,2770,1588,1182
117000062,335,794,-459
117000063,2438,1249,1189
117000064,1299,1474,-175
117000066,2094,1361,733
117000067,270,687,-417
117000074,178,337,-159
117000076,77,110,-33
117000077,166,169,-3
117000078,222,1105,-883
117000079,498,309,189
117000080,2,485,-483
117000081,1696,176,1520
117000082,22,79,-57
117000083,190,7,183
117000084,561,4,557
117000085,375,1033,-658
117000086,1473,892,581
117000087,162,772,-610
117000088,398,419,-21
117000089,1676,461,1215
117000090,340,2208,-1868
117000091,873,431,442
117000092,464,2241,-1777
117000093,1312,952,360
117000094,1488,4157,-2669
117000095,3845,1235,2610
117000096,829,3728,-2899
117000097,1534,1535,-1
117000098,3593,7787,-4194
117000099,3402,1375,2027
117000100,191,280,-89
117000101,221,1997,-1776
117000102,1658,954,704
117000103,1023,2617,-1594
117000104,1552,912,640
117000105,1288,2520,-1232
117000106,1492,1276,216
117000107,758,2812,-2054
117000108,1769,1324,445
117000109,3015,3740,-725
117000110,1505,1222,283
117000111,5313,7511,-2198
117000112,3965,3304,661
117000113,133,451,-318
117000114,234,243,-9
117000115,57,240,-183
117000116,124,428,-304
117000117,3702,1124,2578
117000118,1257,200,1057
117000119,786,154,632
117000120,1406,522,884
117000121,457,1736,-1279
117000122,1181,2645,-1464
117000123,3949,43,3906
117000124,1678,147,1531
117000125,1395,142,1253
117000126,153,98,55
117000127,486,797,-311
117000128,832,1486,-654
117000129,709,107,602
117000130,215,0,215
117000131,0,80,-80
117000132,2635,52,2583
117000133,1419,160,1259
117000134,0,53,-53
117000135,12,21,-9
117000136,2,50,-48
117000137,85,94,-9
117000138,4,816,-812
117000140,604,2291,-1687
117000141,1755,909,846
117000181,1658,562,1096
117000182,321,658,-337
117000195,234,1853,-1619
117000196,223,101,122
117000225,390,9,381
117000226,35,403,-368
117000276,247,21,226
117000277,0,751,-751
117000310,3349,4547,-1198
117000315,63,2791,-2728
117000320,163,0,163
117000906,311,18,293
117000907,24,648,-624
117000908,302,17,285
117000909,281,73,208
117000910,219,178,41
117000911,115,286,-171
117000915,15,1111,-1096
117000916,26,24,2
117000917,1151,41,1110
117000918,85,125,-40
117000919,14,287,-273
117000920,7,2251,-2244
117000921,7,2436,-2429
117000922,102,185,-83
117000924,1572,1187,385
117000926,1455,125,1330
117000927,3110,1016,2094
117000928,1,283,-282
117000929,233,712,-479
117000930,246,31,215
117000931,955,192,763
117900002,576,719,-143
117900003,1095,698,397
117900005,32,190,-158
117900006,0,45,-45
117900007,352,194,158
117900008,1,54,-53
117900010,835,130,705
117900011,69,28,41
117900012,118,272,-154
117900013,7,539,-532
117900014,600,205,395
117900015,42,175,-133
117900016,2773,976,1797
117900017,798,458,340
117900018,547,73,474
117900019,585,573,12
117900020,63,502,-439
117900021,68,135,-67
117900022,26,11,15
117900023,962,1027,-65
117900024,110,152,-42
117900025,38,19,19
117900026,448,514,-66
117900028,398,26,372
117900029,362,1358,-996
117900030,540,449,91
117900031,877,187,690
117900032,820,544,276
117900033,265,1230,-965
117900034,49,87,-38
117900035,179,74,105
117900036,226,861,-635
117900037,82,139,-57
117900038,27,492,-465
117900039,4,117,-113
117900040,146,753,-607
117900041,8,64,-56
117900042,7388,1041,6347
117900043,53,77,-24
117900044,9,5008,-4999
117900045,260,259,1
117900048,270,349,-79
117900049,245,916,-671
117900050,40,55,-15
117900051,275,11,264
117900052,77,418,-341
117900053,1646,878,768
117900054,1,29,-28
117900055,197,568,-371
117900056,772,20,752
117900057,1179,1865,-686
117900058,1263,764,499
117900059,1070,113,957
117900060,1776,7656,-5880
117900061,37,551,-514
117900063,522,431,91
117900065,765,1674,-909
117900066,25,88,-63
117900067,529,466,63
117900069,1128,697,431
117900070,732,14,718
117900071,184,248,-64
117900073,508,746,-238
117900074,881,23,858
117900075,226,186,40
117900076,11,71,-60
117900077,294,165,129
117900078,296,814,-518
117900080,608,102,506
117900081,666,627,39
117900082,396,456,-60
117900083,481,1046,-565
117900086,232,68,164
117900087,148,62,86
117900088,3846,3694,152
117900089,2015,660,1355
117900090,695,1357,-662
117900091,370,221,149
117900092,85,62,23
117900093,73,65,8
117900094,7,22,-15
117900095,406,703,-297
117900096,145,373,-228
117900097,199,86,113
117900098,15,8,7
117900099,245,496,-251
117900100,270,3,267
117900101,735,1817,-1082
117900102,57,62,-5
117900103,30,1,29
117900104,15,208,-193
117900105,149,415,-266
117900106,62,64,-2
117900107,37,0,37
117900109,680,475,205
117900110,57,0,57
117900111,335,24,311
117900112,36,29,7
117900113,9271,3071,6200
117900114,17,0,17
117900115,381,90,291
117900116,1213,1715,-502
117900117,553,719,-166
117900118,38,0,38
117900119,134,460,-326
117900120,202,347,-145
117900121,121,28,93
117900122,2098,3621,-1523
117900123,1340,890,450
117900124,843,1029,-186
117900125,2123,1769,354
117900126,303,867,-564
117900127,761,923,-162
117900128,488,1337,-849
117900129,91,1,90
117900130,971,655,316
117900131,2,173,-171
117900132,7,152,-145
117900133,9,130,-121
117900134,103,245,-142
117900135,20,221,-201
117900136,1,68,-67
117900137,61,350,-289
117900138,0,54,-54
117900139,66,172,-106
117900140,8895,666,8229
117900141,782,308,474
117900142,212,70,142
117900144,231,97,134
117900145,40,70,-30
117900146,767,140,627
117900147,91,109,-18
117900148,5548,1526,4022
117900149,62,243,-181
117900150,69,123,-54
117900151,192,213,-21
117900152,182,151,31
117900153,57,201,-144
117900154,754,1168,-414
117900156,1185,1635,-450
117900157,139,691,-552
117900158,210,146,64
117900160,773,628,145
117900161,3733,3955,-222
117900162,561,720,-159
117900163,416,49,367
117900165,0,14,-14
117900166,113,527,-414
117900168,37,216,-179
117900169,1,173,-172
117900170,1,57,-56
117900171,5,29,-24
117900172,27,36,-9
117900173,233,90,143
117900174,44,75,-31
117900175,6,64,-58
117900176,9,95,-86
117900177,18,88,-70
117900178,148,49,99
117900180,340,39,301
117900181,335,378,-43
117900182,1,52,-51
117900183,100,241,-141
117900184,8,64,-56
117900185,28,63,-35
117900186,53,24,29
117900187,20,22,-2
117900188,237,79,158
117900189,73,34,39
117900190,15,3,12
117900191,124,3,121
117900192,258,1,257
117900193,16,96,-80
117900194,7,21,-14
117900195,6,61,-55
117900196,19,36,-17
117900207,242,148,94
117900208,40,59,-19
117900209,204,262,-58
117900210,182,294,-112
117900211,14,359,-345
117900212,155,250,-95
117900213,20,9,11
117900214,4,81,-77
117900216,60,79,-19
117900217,173,432,-259
117900218,339,400,-61
117900219,36,135,-99
117900220,460,155,305
117900221,161,23,138
118000001,1432,912,520
118000002,2042,3382,-1340
118000003,6748,2947,3801
118000004,6575,2361,4214
118000005,8125,7611,514
118000006,10893,14614,-3721
118000007,13285,3698,9587
118000008,9146,5147,3999
118000009,3556,5288,-1732
118000010,5921,6075,-154
118000011,1725,4083,-2358
118000012,2397,3953,-1556
118000013,5665,4803,862
118000014,2765,4678,-1913
118000016,272,486,-214
118000017,315,547,-232
118000018,402,590,-188
118000019,3563,1954,1609
118000020,2834,2940,-106
118000021,1820,3504,-1684
118000022,4059,1042,3017
118000023,2343,452,1891
118000024,3229,1421,1808
118000025,2361,1941,420
118000027,22772,14003,8769
118000029,1411,1065,346
118000032,2288,6420,-4132
118000033,4387,5929,-1542
118000034,8137,3014,5123
118000035,2244,3127,-883
118000036,3114,1525,1589
118000037,1493,1355,138
118000038,161,143,18
118000039,209,662,-453
118000040,2642,2475,167
118000041,3924,2237,1687
118000045,1466,179,1287
118000046,3264,671,2593
118000047,6563,1033,5530
118000048,10310,1856,8454
118000051,5305,1271,4034
118000052,4207,844,3363
118000053,3017,1361,1656
118000054,3324,4355,-1031
118000055,2416,5223,-2807
118000056,245,581,-336
118000057,200,1114,-914
118000058,10457,2225,8232
118000059,8778,1337,7441
118000060,1684,1000,684
118000061,1099,2115,-1016
118000062,695,688,7
118000063,677,799,-122
118000064,1737,1844,-107
118000065,8273,4234,4039
118000066,1645,1999,-354
118000067,1931,948,983
118000068,4074,6248,-2174
118000069,6289,2243,4046
118000070,11373,3441,7932
118000071,5523,11625,-6102
118000072,5402,1292,4110
118000073,4949,723,4226
118000074,899,533,366
118000075,738,451,287
118000076,3563,2152,1411
118000077,2470,1721,749
118000078,3803,2709,1094
118000079,603,742,-139
118000080,2421,1221,1200
118000081,3436,1227,2209
118000082,585,1523,-938
118000083,3187,1998,1189
118000084,4201,2533,1668
118000086,468,745,-277
118000087,8551,3414,5137
118000088,3128,2924,204
118000089,5716,3114,2602
118000090,2801,5345,-2544
118000091,2525,3889,-1364
118000092,1744,753,991
118000093,146,1106,-960
118000096,1150,871,279
118000097,1711,862,849
118000098,388,306,82
118000099,613,1305,-692
118000101,1197,383,814
118000102,427,1870,-1443
118000107,4500,779,3721
118000108,1325,4249,-2924
118000110,0,24,-24
118000111,4,765,-761
118000112,517,9,508
118000113,14,1513,-1499
118000114,399,6,393
118000115,36,35,1
118000116,98,0,98
118000117,2739,1429,1310
118000118,2541,858,1683
118000119,1684,1469,215
118000120,2841,2047,794
118000121,115,622,-507
118000122,2278,375,1903
118000123,89,277,-188
118000125,3364,1547,1817
118000126,2136,2164,-28
118000127,4131,1061,3070
118000128,1351,1672,-321
118000129,2241,481,1760
118000130,4292,6368,-2076
118000131,1109,1263,-154
118000132,2786,2187,599
118000133,1913,548,1365
118000135,1270,602,668
118000136,185,652,-467
118000137,2397,134,2263
118000138,519,1126,-607
118000139,763,157,606
118000140,3173,6599,-3426
118000141,2556,3124,-568
118000142,2224,3023,-799
118000143,2224,1689,535
118000144,2286,1760,526
118000145,2100,3231,-1131
118000146,1420,1463,-43
118000147,1252,2406,-1154
118000148,463,2229,-1766
118000149,1020,1324,-304
118000150,412,301,111
118000151,462,715,-253
118000153,1435,1960,-525
118000154,1592,2501,-909
118000155,1246,2248,-1002
118000156,4181,3782,399
118000157,715,596,119
118000158,191,675,-484
118000159,48,117,-69
118000160,602,682,-80
118000161,601,1234,-633
118000162,1572,1266,306
118000163,1010,1191,-181
118000164,4135,2268,1867
118000168,2456,674,1782
118000169,1576,2099,-523
118000170,5852,8940,-3088
118000171,450,965,-515
118000172,166,563,-397
118000173,1259,1970,-711
118000175,340,516,-176
118000176,337,542,-205
118000177,272,726,-454
118000178,207,69,138
118000179,2288,1445,843
118000180,1198,1286,-88
118000181,1099,479,620
118000182,322,427,-105
118000183,247,443,-196
118000184,818,1522,-704
118000185,1331,1325,6
118000186,885,1272,-387
118000187,1637,1035,602
118000188,1218,380,838
118000189,851,1377,-526
118000190,11,10,1
118000191,36,102,-66
118000192,129,155,-26
118000193,120,600,-480
118000194,4261,2005,2256
118000195,2214,933,1281
118000196,2043,233,1810
118000197,596,149,447
118000198,1024,716,308
118000199,2406,572,1834
118000200,105,365,-260
118000201,1303,709,594
118000202,124,85,39
118000203,2802,580,2222
118000204,407,471,-64
118000205,488,432,56
118000206,498,262,236
118000207,0,154,-154
118000208,1676,2680,-1004
118000209,2679,2636,43
118000210,81,68,13
118000211,22,37,-15
118000213,3165,1440,1725
118000214,1138,1086,52
118000215,314,760,-446
118000216,2732,8678,-5946
118000217,36,167,-131
118000218,95,180,-85
118000219,896,649,247
118000220,2,48,-46
118000221,196,582,-386
118000222,107,14,93
118000223,37,63,-26
118000224,506,145,361
118000225,207,1273,-1066
118000226,3176,239,2937
118000227,1218,568,650
118000228,231,328,-97
118000229,869,87,782
118000230,193,384,-191
118000231,147,300,-153
118000232,957,1562,-605
118000233,1048,1250,-202
118000234,503,476,27
118000236,914,564,350
118000237,72,941,-869
118000238,365,366,-1
118000239,455,487,-32
118000240,706,196,510
118000241,283,407,-124
118000242,560,1000,-440
118000243,304,293,11
118000244,46,216,-170
118000246,0,22,-22
118000255,59,318,-259
118000256,160,287,-127
118000259,7,118,-111
118000260,374,169,205
118000261,31,191,-160
118000263,141,322,-181
118000266,103,660,-557
118000267,1,92,-91
118000268,1606,108,1498
118000270,92,84,8
118000271,142,494,-352
118000272,129,44,85
118000273,167,136,31
118000274,118,407,-289
118000276,499,553,-54
118000295,3,145,-142
118000298,176,394,-218
118000299,82,209,-127
118000301,0,72,-72
118000302,165,116,49
118000311,470,186,284
118000312,310,255,55
118000313,61,301,-240
118000314,92,142,-50
118000315,55,105,-50
118000316,971,829,142
118000325,58,162,-104
118000326,47,63,-16
118000331,53,124,-71
118000332,30,92,-62
118000333,67,139,-72
118000335,225,0,225
118000336,3,504,-501
118000407,172,113,59
118000457,12,41,-29
118000465,4915,6678,-1763
118000480,34,241,-207
118000489,59,492,-433
118000490,45,664,-619
118000492,199,304,-105
118000510,168,42,126
118000514,196,514,-318
118000515,1216,1175,41
118000517,592,421,171
118000524,1244,346,898
118000525,1214,1135,79
118000530,17,211,-194
118000531,258,352,-94
118000532,275,481,-206
118000533,585,268,317
118000534,965,718,247
118000535,199,198,1
118000536,1393,2799,-1406
118000537,141,240,-99
118000538,47,228,-181
118000539,54,283,-229
118000540,525,381,144
118000541,692,139,553
118000542,331,315,16
118000543,607,314,293
118000546,43,48,-5
118000560,4986,2342,2644
118000562,44,671,-627
118000563,3515,2298,1217
118000576,218,301,-83
118000577,209,138,71
118000578,165,145,20
118000579,927,1660,-733
118000595,197,115,82
118000596,0,92,-92
118000597,99,146,-47
118000598,10,2,8
118000599,24,65,-41
118000600,1,75,-74
118000601,19,1,18
118000602,0,44,-44
118000603,0,35,-35
118900001,1711,1942,-231
118900002,1535,1429,106
118900003,305,51,254
118900004,102,85,17
118900005,65,8,57
118900006,119,2,117
118900007,21,2,19
118900008,2139,61,2078
118900009,49,50,-1
118900010,46,7,39
118900011,229,49,180
118900012,467,309,158
118900013,731,119,612
118900015,197,75,122
118900016,9,29,-20
118900017,258,327,-69
118900018,1555,22,1533
118900019,33,12,21
118900020,221,142,79
118900021,323,701,-378
118900022,157,113,44
118900023,375,211,164
118900024,221,266,-45
118900025,162,48,114
118900026,57,112,-55
118900027,703,422,281
118900028,277,329,-52
118900029,395,596,-201
118900030,392,144,248
118900031,159,174,-15
118900032,302,291,11
118900033,1229,705,524
118900034,279,35,244
118900035,164,369,-205
118900036,1110,1196,-86
118900037,952,286,666
118900038,483,389,94
118900039,735,288,447
118900040,286,328,-42
118900041,786,244,542
118900042,253,210,43
118900045,316,304,12
118900046,1161,286,875
118900047,1062,444,618
118900048,1203,202,1001
118900049,77,69,8
118900050,24,157,-133
118900051,95,98,-3
118900052,726,345,381
118900053,66,169,-103
118900054,144,99,45
118900055,72,126,-54
118900056,32,375,-343
118900057,933,490,443
118900058,976,503,473
118900059,24,119,-95
118900060,26,140,-114
118900062,276,319,-43
118900064,936,892,44
118900065,37,396,-359
118900066,160,169,-9
118900067,7172,4390,2782
118900068,12,1348,-1336
118900069,555,444,111
118900071,15,91,-76
118900072,640,712,-72
118900073,120,157,-37
118900074,116,306,-190
118900075,90,156,-66
118900076,682,117,565
118900077,324,303,21
118900078,25,8,17
118900079,97,325,-228
118900080,22,160,-138
118900081,88,42,46
118900082,944,257,687
118900083,32,24,8
118900084,12,21,-9
118900085,771,1708,-937
118900086,37,133,-96
118900087,34,379,-345
118900088,0,16,-16
118900089,44,9,35
118900090,589,837,-248
118900091,244,356,-112
118900092,110,110,0
118900093,186,30,156
118900096,68,21,47
118900097,271,1042,-771
118900099,55,492,-437
118900100,199,324,-125
118900101,108,902,-794
118900102,76,141,-65
118900103,85,157,-72
118900104,242,294,-52
118900105,312,149,163
118900107,247,182,65
118900108,115,165,-50
118900109,1555,339,1216
118900110,2285,1108,1177
118900111,496,944,-448
118900112,150,180,-30
118900113,212,1025,-813
118900114,53,138,-85
118900115,97,672,-575
118900116,163,262,-99
118900117,130,213,-83
118900118,294,614,-320
118900119,182,383,-201
118900120,119,527,-408
118900121,21,442,-421
118900122,31,1345,-1314
118900123,205,362,-157
118900124,205,356,-151
118900126,42,526,-484
118900129,477,316,161
118900130,52,195,-143
118900131,157,352,-195
118900132,1157,291,866
118900133,20,127,-107
118900135,275,354,-79
118900136,292,1012,-720
118900137,24,50,-26
118900139,265,870,-605
118900140,606,1083,-477
118900141,69,309,-240
118900144,244,825,-581
118900145,37,241,-204
118900146,388,1012,-624
118900147,685,177,508
118900148,79,99,-20
118900150,205,839,-634
118900152,638,1417,-779
118900157,260,262,-2
118900158,96,142,-46
118900159,2,307,-305
118900161,248,6,242
118900163,373,106,267
118900164,6,149,-143
118900165,66,331,-265
118900166,25,4,21
118900167,74,176,-102
118900168,11,131,-120
118900169,168,691,-523
118900170,191,196,-5
118900171,14,33,-19
118900174,73,93,-20
118900175,457,586,-129
118900176,161,332,-171
118900177,35,91,-56
118900178,63,185,-122
118900179,7,64,-57
118900181,109,157,-48
118900182,203,82,121
118900183,40,176,-136
118900184,279,108,171
118900185,138,185,-47
118900186,103,113,-10
118900187,323,490,-167
118900188,437,454,-17
118900189,39,1203,-1164
118900190,9,777,-768
118900191,198,102,96
118900192,268,50,218
118900193,599,37,562
118900195,600,1394,-794
118900196,27,250,-223
118900197,164,137,27
118900198,22,60,-38
118900199,74,58,16
118900200,24,13,11
118900201,23,18,5
118900202,21,89,-68
118900203,10,64,-54
118900204,11,56,-45
118900205,2,15,-13
118900206,3,42,-39
119000001,1675,2462,-787
119000002,4388,5073,-685
119000003,2688,2335,353
119000004,4057,2546,1511
119000005,4472,3635,837
119000006,2841,2203,638
119000007,4915,5013,-98
119000008,3831,3017,814
119000009,4857,5299,-442
119000010,10154,5133,5021
119000011,8365,4261,4104
119000012,6399,4837,1562
119000013,2746,1776,970
119000014,3854,5065,-1211
119000019,350,305,45
119000020,2366,2153,213
119000021,4645,3614,1031
119000022,5832,4403,1429
119000023,676,485,191
119000024,3107,12452,-9345
119000025,19838,2194,17644
119000026,227,363,-136
119000027,791,754,37
119000028,3142,2455,687
119000029,172,395,-223
119000030,505,1724,-1219
119000031,739,778,-39
119000032,2597,3317,-720
119000033,2964,2811,153
119000034,1301,1451,-150
119000035,33,510,-477
119000036,1762,1540,222
119000037,1283,2963,-1680
119000038,184,1737,-1553
119000039,305,510,-205
119000040,1655,763,892
119000041,1485,1869,-384
119000048,4596,4738,-142
119000049,2148,4132,-1984
119000050,2685,3924,-1239
119000051,3014,1529,1485
119000052,2933,4748,-1815
119000053,2254,1592,662
119000054,3525,5736,-2211
119000055,4031,5203,-1172
119000056,2478,3041,-563
119000057,1682,3740,-2058
119000058,2481,3437,-956
119000059,1413,2668,-1255
119000060,1802,1306,496
119000061,1305,1301,4
119000062,1235,1749,-514
119000063,506,387,119
119000064,2110,2253,-143
119000065,2463,4191,-1728
119000066,2305,1279,1026
119000067,2396,3689,-1293
119000068,1639,1345,294
119000069,1773,4082,-2309
119000070,2190,1351,839
119000071,556,1198,-642
119000072,10135,4779,5356
119000073,6620,8605,-1985
119000074,1475,4841,-3366
119000075,1751,3441,-1690
119000076,517,1085,-568
119000077,833,551,282
119000078,364,265,99
119000079,136,842,-706
119000080,317,301,16
119000081,345,483,-138
119000082,1078,380,698
119000083,585,483,102
119000084,345,727,-382
119000085,688,398,290
119000086,263,454,-191
119000087,2218,1422,796
119000088,338,245,93
119000089,64,208,-144
119000090,142,233,-91
119000091,129,465,-336
119000092,683,333,350
119000093,5865,4833,1032
119000094,2972,11156,-8184
119000095,1819,4409,-2590
119000097,4120,2654,1466
119000098,989,3159,-2170
119000099,3309,3437,-128
119000100,4091,3197,894
119000101,4167,2842,1325
119000102,1058,1119,-61
119000103,2044,708,1336
119000104,4640,2001,2639
119000105,1227,1831,-604
119000106,440,2866,-2426
119000107,840,677,163
119000108,431,1648,-1217
119000109,157,350,-193
119000110,673,371,302
119000111,83,697,-614
119000112,219,105,114
119000113,2799,367,2432
119000114,1011,1307,-296
119000115,185,506,-321
119000116,215,151,64
119000117,222,502,-280
119000118,2,6,-4
119000123,9442,1051,8391
119000124,811,370,441
119000125,3332,1554,1778
119000126,493,1232,-739
119000127,672,1322,-650
119000128,32,8,24
119000131,1038,1397,-359
119000132,10,6,4
119000133,3,23,-20
119000134,4515,1002,3513
119000135,197,238,-41
119000136,210,292,-82
119000137,192,694,-502
119000138,347,565,-218
119000139,273,374,-101
119000140,183,368,-185
119000284,1562,4702,-3140
119000285,3106,3283,-177
119000286,9364,8579,785
119000287,1782,3459,-1677
119000288,3349,2182,1167
119000289,4324,5632,-1308
119000290,257,908,-651
119000291,4,515,-511
119000293,79,237,-158
119000294,34,23,11
119000295,3582,994,2588
119000296,134,132,2
119000302,4152,2016,2136
119000303,55,327,-272
119000314,2049,11535,-9486
119000315,3,755,-752
119000316,57,153,-96
119000317,42,472,-430
119900001,376,1411,-1035
119900002,176,400,-224
119900003,78,1714,-1636
119900004,485,934,-449
119900005,221,189,32
119900006,329,573,-244
119900007,1053,182,871
119900008,63,38,25
119900009,634,724,-90
119900010,1853,1412,441
119900011,28,96,-68
119900012,37,125,-88
119900013,1947,1030,917
119900014,750,345,405
119900015,97,35,62
119900016,48,172,-124
119900017,20,55,-35
119900018,2500,953,1547
119900019,41,15,26
119900020,147,219,-72
119900021,238,93,145
119900022,249,647,-398
119900023,1381,1326,55
119900025,176,47,129
119900026,1546,158,1388
119900027,9,29,-20
119900028,178,94,84
119900029,4,11,-7
119900030,588,816,-228
119900031,67,394,-327
119900033,2463,343,2120
119900034,297,178,119
119900037,178,82,96
119900038,78,342,-264
119900039,32,12,20
119900040,180,25,155
119900041,144,70,74
119900042,75,249,-174
119900043,92,262,-170
119900044,370,861,-491
119900046,120,86,34
119900047,292,69,223
119900048,41,46,-5
119900049,76,18,58
119900050,125,166,-41
119900051,1105,22,1083
119900052,52,99,-47
119900053,145,293,-148
119900054,99,7,92
119900055,1438,509,929
119900057,198,163,35
119900058,228,5,223
119900059,279,71,208
119900060,240,16,224
119900061,307,12,295
119900062,65,56,9
119900063,20,93,-73
119900064,413,87,326
119900065,276,7,269
119900066,1,1,0
119900067,71,40,31
119900068,386,6,380
119900069,91,10,81
119900070,1145,48,1097
119900071,582,28,554
119900072,354,720,-366
119900073,2810,767,2043
119900074,100,35,65
119900075,9017,3460,5557
119900076,586,673,-87
119900077,832,1930,-1098
119900078,384,1048,-664
119900079,185,388,-203
119900080,346,461,-115
119900081,52,57,-5
119900082,1535,424,1111
119900083,555,107,448
119900084,1773,360,1413
119900085,241,103,138
119900086,143,932,-789
119900087,2155,504,1651
119900088,70,99,-29
119900089,39,777,-738
119900090,237,96,141
119900091,97,1761,-1664
119900092,56,764,-708
119900093,1412,309,1103
119900094,28,282,-254
119900095,269,139,130
119900096,60,152,-92
119900097,890,261,629
119900098,95,81,14
119900099,29,391,-362
119900100,4035,3201,834
119900101,261,1540,-1279
119900102,34,480,-446
119900103,24,789,-765
119900104,66,403,-337
119900105,1208,1627,-419
119900106,35,381,-346
119900107,591,5141,-4550
119900108,3193,1019,2174
119900109,53,523,-470
119900110,634,1335,-701
119900111,123,532,-409
119900112,4103,886,3217
119900113,131,602,-471
119900114,291,2597,-2306
119900115,296,1729,-1433
119900116,129,678,-549
119900117,362,1569,-1207
119900118,73,1697,-1624
119900119,245,426,-181
119900120,864,1165,-301
119900121,326,1857,-1531
119900122,490,510,-20
119900123,306,457,-151
119900124,208,1651,-1443
119900125,62,613,-551
119900126,8835,545,8290
119900127,3957,1536,2421
119900128,518,1298,-780
119900129,240,1404,-1164
119900130,50,504,-454
119900131,42,550,-508
119900132,3,525,-522
119900133,51,62,-11
119900134,3535,383,3152
119900135,2,796,-794
119900136,217,711,-494
119900138,586,1174,-588
119900139,38,132,-94
119900140,5,203,-198
119900141,187,882,-695
119900142,18,43,-25
119900143,18,263,-245
119900144,3284,426,2858
119900145,173,378,-205
119900146,185,332,-147
119900147,2,311,-309
119900148,178,97,81
119900149,3038,4246,-1208
119900150,316,286,30
119900151,2988,1524,1464
119900152,106,741,-635
119900153,171,96,75
119900154,51,562,-511
119900155,41,62,-21
119900156,7,9,-2
119900157,100,450,-350
119900158,155,95,60
119900159,7,2686,-2679
119900160,46,311,-265
119900161,175,549,-374
119900162,1028,1332,-304
119900163,190,208,-18
119900164,0,3,-3
119900165,117,424,-307
119900166,88,40,48
119900167,145,194,-49
119900168,879,643,236
119900169,179,731,-552
119900170,295,285,10
119900171,958,762,196
119900172,221,25,196
119900173,11,894,-883
119900174,5,338,-333
119900175,1157,895,262
119900177,54,362,-308
119900178,8,288,-280
119900179,111,378,-267
119900180,1096,947,149
119900181,67,114,-47
119900182,19,930,-911
119900183,200,1253,-1053
119900184,5038,883,4155
119900185,64,199,-135
119900186,164,987,-823
119900187,18,917,-899
119900188,113,474,-361
119900189,597,403,194
119900190,89,250,-161
119900191,463,138,325
119900192,48,346,-298
119900193,285,313,-28
119900194,33,88,-55
119900195,52,389,-337
119900196,2521,655,1866
119900197,434,171,263
119900198,95,518,-423
119900199,217,54,163
119900200,626,824,-198
119900201,480,339,141
119900202,215,218,-3
119900203,271,582,-311
119900204,263,504,-241
119900205,700,1009,-309
119900206,158,256,-98
119900208,257,246,11
119900209,583,1491,-908
119900210,41,68,-27
119900211,128,17,111
119900212,157,407,-250
119900213,13,88,-75
119900214,28,127,-99
119900215,70,135,-65
119900216,24,134,-110
119900217,14,106,-92
119900218,33,78,-45
119900219,14,206,-192
119900220,5,179,-174
119900221,66,549,-483
119900222,35,426,-391
119900223,33,185,-152
119900224,19,51,-32
119900225,1734,87,1647
119900226,1282,2435,-1153
119900227,1991,740,1251
119900228,68,391,-323
119900229,410,825,-415
119900230,2454,1026,1428
119900231,222,314,-92
119900232,264,118,146
119900233,81,2,79
119900234,25,95,-70
119900235,71,70,1
119900236,47,443,-396
119900237,135,1042,-907
119900238,0,135,-135
119900240,105,180,-75
119900241,233,380,-147
119900242,2913,4424,-1511
119900244,1299,1936,-637
119900245,191,256,-65
119900246,446,580,-134
119900247,38,117,-79
119900248,85,184,-99
119900249,191,118,73
119900253,6293,696,5597
119900254,118,670,-552
119900255,121,799,-678
119900256,532,1487,-955
119900257,52,2,50
119900258,94,60,34
119900259,7,296,-289
119900260,131,8,123
119900261,252,280,-28
119900262,0,487,-487
119900263,1408,583,825
119900264,101,363,-262
119900265,388,453,-65
119900266,269,502,-233
119900267,300,701,-401
119900268,118,372,-254
119900269,1038,1729,-691
119900271,52,165,-113
119900272,545,141,404
119900275,148,2,146
119900276,60,2,58
119900277,3,5,-2
119900278,485,105,380
119900279,223,557,-334
119900280,1381,357,1024
119900281,0,213,-213
119900282,62,71,-9
119900283,16,498,-482
119900284,51,286,-235
119900285,35,108,-73
119900286,7,22,-15
119900288,7,25,-18
119900289,1,41,-40
119900290,8,50,-42
119900291,27,115,-88
119900292,30,31,-1
119900293,11,114,-103
119900294,21,83,-62
119900295,8,53,-45
119900296,37,237,-200
119900297,2,20,-18
119900298,4,13,-9
119900299,52,391,-339
119900300,267,323,-56
119900301,462,110,352
119900302,238,149,89
119900303,244,231,13
119900304,207,36,171
119900305,41,204,-163
119900306,30,5,25
119900307,40,309,-269
119900308,8,27,-19
119900309,45,132,-87
119900310,420,474,-54
119900311,58,251,-193
119900312,113,151,-38
119900313,289,562,-273
119900314,236,459,-223
119900315,1429,3842,-2413
119900318,12,35,-23
119900319,13,480,-467
119900320,208,817,-609
119900321,78,3,75
120000001,14757,19333,-4576
120000002,2804,4186,-1382
120000003,4148,2284,1864
120000004,3495,3002,493
120000005,6172,2531,3641
120000006,1813,1625,188
120000007,5068,3506,1562
120000008,1235,1975,-740
120000009,6372,1245,5127
120000010,1848,3863,-2015
120000011,1442,3335,-1893
120000012,1975,4498,-2523
120000013,3151,4033,-882
120000014,807,2645,-1838
120000015,3259,2439,820
120000016,4676,4064,612
120000017,3097,3615,-518
120000018,6956,14395,-7439
120000019,1030,1930,-900
120000020,4040,3781,259
120000021,2268,2913,-645
120000022,3492,4900,-1408
120000023,1032,2343,-1311
120000024,1708,3049,-1341
120000025,2569,2962,-393
120000026,1498,2457,-959
120000027,1695,2443,-748
120000028,1415,795,620
120000029,8120,868,7252
120000030,238,1877,-1639
120000031,2809,16171,-13362
120000032,14309,4851,9458
120000033,5421,2966,2455
120000034,2184,3555,-1371
120000035,2578,3654,-1076
120000036,3485,7135,-3650
120000037,803,2137,-1334
120000038,14225,4667,9558
120000039,621,1199,-578
120000040,106,255,-149
120000041,1148,2546,-1398
120000042,2350,5558,-3208
120000043,6924,4602,2322
120000044,5368,1903,3465
120000045,5408,1414,3994
120000046,2737,3264,-527
120000047,3197,6196,-2999
120000048,12939,5697,7242
120000049,6959,4059,2900
120000050,7376,7409,-33
120000051,4738,8654,-3916
120000052,19350,3764,15586
120000053,1089,5196,-4107
120000054,1595,8646,-7051
120000055,1828,7998,-6170
120000056,4653,6876,-2223
120000057,3096,992,2104
120000058,1423,376,1047
120000059,82,1550,-1468
120000061,171,768,-597
120000062,251,466,-215
120000063,2457,4191,-1734
120000064,256,2214,-1958
120000065,668,2534,-1866
120000066,195,610,-415
120000067,89,820,-731
120000068,288,1538,-1250
120000069,800,2087,-1287
120000070,56,1326,-1270
120000071,389,277,112
120000072,619,743,-124
120000073,735,152,583
120000074,151,112,39
120000075,708,329,379
120000076,1922,563,1359
120000077,1684,860,824
120000078,4746,1198,3548
120000079,256,158,98
120000080,99,231,-132
120000081,289,200,89
120000082,197,214,-17
120000083,109,557,-448
120000084,625,619,6
120000085,420,416,4
120000086,380,722,-342
120000087,212,1409,-1197
120000088,792,2172,-1380
120000089,1417,1140,277
120000090,829,817,12
120000091,949,1614,-665
120000092,1559,937,622
120000093,441,816,-375
120000094,162,925,-763
120000095,1247,821,426
120000096,251,1337,-1086
120000098,1004,1396,-392
120000099,568,963,-395
120000100,869,1267,-398
120000101,576,687,-111
120000102,662,965,-303
120000103,1354,863,491
120000104,1966,571,1395
120000105,3294,706,2588
120000106,2261,681,1580
120000107,3282,790,2492
120000108,1189,182,1007
120000109,1332,132,1200
120000110,98,1371,-1273
120000111,149,1836,-1687
120000112,969,5704,-4735
120000113,761,4312,-3551
120000114,1097,4710,-3613
120000115,435,3870,-3435
120000116,817,3076,-2259
120000117,2305,2308,-3
120000118,39,42,-3
120000119,38,131,-93
120000120,100,83,17
120000121,44,113,-69
120000122,506,471,35
120000123,9001,6836,2165
120000124,435,687,-252
120000125,479,1383,-904
120000126,480,1233,-753
120000127,3868,1349,2519
120000128,8957,3811,5146
120000129,425,473,-48
120000130,1022,1110,-88
120000131,290,695,-405
120000134,527,1940,-1413
120000135,371,475,-104
120000137,309,3101,-2792
120000138,778,735,43
120000139,321,1527,-1206
120000140,760,964,-204
120000141,264,711,-447
120000142,421,920,-499
120000143,0,132,-132
120000144,83,1,82
120000145,288,2,286
120000146,4046,1795,2251
120000149,690,1480,-790
120000150,6357,11265,-4908
120000151,480,732,-252
120000152,585,462,123
120000153,391,1381,-990
120000154,697,699,-2
120000155,94,338,-244
120000156,2452,1146,1306
120000157,1275,931,344
120000158,1069,1573,-504
120000159,2020,3433,-1413
120000160,2540,1797,743
120000161,2639,4598,-1959
120000162,276,522,-246
120000163,711,1924,-1213
120000164,497,586,-89
120000165,601,1336,-735
120000166,1446,925,521
120000167,68,94,-26
120000168,40,293,-253
120000169,163,807,-644
120000170,280,405,-125
120000171,65,152,-87
120000172,87,53,34
120000173,5266,422,4844
120000174,768,24,744
120000175,1995,31,1964
120000176,1017,43,974
120000177,2627,345,2282
120000178,197,13,184
120000179,846,66,780
120000180,898,107,791
120000181,167,392,-225
120000182,159,138,21
120000183,15,181,-166
120000184,180,1032,-852
120000186,165,124,41
120000187,220,73,147
120000188,1093,135,958
120000190,2776,24,2752
120000191,3394,61,3333
120000192,2175,60,2115
120000193,1172,10,1162
120000195,70,5,65
120000196,328,167,161
120000197,136,548,-412
120000198,166,209,-43
120000199,98,3,95
120000200,95,3,92
120000201,26,15,11
120000202,0,102,-102
120000203,49,435,-386
120000207,6,154,-148
120000208,12,417,-405
120000209,12,93,-81
120000210,196,132,64
120000211,89,1,88
120000212,117,0,117
120000213,75,428,-353
120000214,2,589,-587
120000215,6,264,-258
120000216,82,7,75
120000217,1024,1841,-817
120000218,260,1256,-996
120000219,11,877,-866
120000220,18,2894,-2876
120000225,1198,2,1196
120000226,322,5,317
120000227,918,35,883
120000228,8096,3584,4512
120000230,406,15,391
120000231,1434,3489,-2055
120000233,387,81,306
120000235,207,1222,-1015
120000236,1091,2,1089
120000237,8,3045,-3037
120000238,0,314,-314
120000241,1531,5467,-3936
120000412,2581,26,2555
120000413,268,693,-425
120000414,136,3,133
120000415,2,300,-298
120000416,67,10,57
120000417,3,175,-172
120000418,147,30,117
120000419,6,625,-619
120000420,88,49,39
120000421,20137,7719,12418
120000422,270,941,-671
120000423,5,78,-73
120000424,86,242,-156
120000436,159,697,-538
120000437,191,182,9
120000438,6041,976,5065
120000439,167,558,-391
120000443,255,4,251
120000444,1358,1206,152
120000445,2182,1781,401
120000446,1481,413,1068
120000447,172,10,162
120000449,118,23,95
120000450,8,435,-427
120000451,146,458,-312
120000452,107,2,105
120000453,1,811,-810
120000454,115,50,65
120000455,96,109,-13
120000456,4075,5016,-941
120000457,2705,1333,1372
120000458,773,1021,-248
120000459,38,140,-102
120000665,3321,254,3067
120000668,169,354,-185
120000669,106,502,-396
120000670,277,528,-251
120000671,1773,463,1310
120000672,127,622,-495
120900001,65,106,-41
120900002,1347,555,792
120900003,547,58,489
120900004,5,128,-123
120900005,19,1462,-1443
120900006,286,270,16
120900007,121,267,-146
120900008,250,1782,-1532
120900009,525,47,478
120900010,497,88,409
120900011,571,219,352
120900012,1561,1435,126
120900013,360,100,260
120900014,1,1194,-1193
120900015,523,135,388
120900016,807,63,744
120900017,4793,122,4671
120900018,129,805,-676
120900019,914,291,623
120900020,1055,1333,-278
120900021,763,166,597
120900022,38,672,-634
120900023,225,65,160
120900024,2411,640,1771
120900025,2640,1614,1026
120900026,258,304,-46
120900027,1140,106,1034
120900028,418,110,308
120900029,216,471,-255
120900030,1296,811,485
120900031,252,109,143
120900032,986,208,778
120900033,1126,94,1032
120900034,43,3040,-2997
120900035,54,278,-224
120900037,263,14,249
120900038,70,240,-170
120900039,94,68,26
120900040,237,5,232
120900041,190,52,138
120900042,414,103,311
120900043,52,34,18
120900044,16,797,-781
120900045,187,231,-44
120900046,323,3,320
120900047,134,90,44
120900048,93,24,69
120900049,359,2,357
120900050,5564,2042,3522
120900051,284,208,76
120900052,563,10,553
120900053,231,162,69
120900054,1978,1273,705
120900055,399,3,396
120900056,497,18,479
120900057,126,21,105
120900058,470,1,469
120900059,78,1,77
120900060,108,78,30
120900061,319,863,-544
120900062,225,1,224
120900063,540,8,532
120900064,477,1,476
120900065,437,2,435
120900066,418,467,-49
120900067,206,77,129
120900068,217,0,217
120900069,191,87,104
120900071,18,0,18
120900072,703,3,700
120900073,398,369,29
120900074,1023,9,1014
120900076,272,1,271
120900077,6856,497,6359
120900078,813,1205,-392
120900079,647,177,470
120900080,533,2908,-2375
120900081,855,1977,-1122
120900082,960,498,462
120900083,222,104,118
120900084,340,490,-150
120900085,229,189,40
120900086,235,308,-73
120900087,516,224,292
120900088,297,394,-97
120900089,7011,3125,3886
120900090,170,389,-219
120900091,620,573,47
120900092,1650,1032,618
120900093,5321,467,4854
120900094,710,373,337
120900095,869,50,819
120900096,75,389,-314
120900097,901,1370,-469
120900098,324,283,41
120900099,71,112,-41
120900100,100,496,-396
120900101,844,390,454
120900102,28,376,-348
120900103,58,264,-206
120900104,40,78,-38
120900105,48,945,-897
120900106,1623,920,703
120900107,400,207,193
120900108,7,1253,-1246
120900109,40,1117,-1077
120900110,6,1839,-1833
120900111,252,592,-340
120900112,15,1910,-1895
120900113,42,1330,-1288
120900114,34,239,-205
120900115,205,367,-162
120900116,410,892,-482
120900117,6,855,-849
120900118,19,1363,-1344
120900119,3915,9814,-5899
120900120,87,994,-907
120900121,212,717,-505
120900122,452,1058,-606
120900123,1,717,-716
120900124,3,1039,-1036
120900125,8,1911,-1903
120900126,1934,1585,349
120900127,17,799,-782
120900128,1244,1757,-513
120900129,37,487,-450
120900130,0,481,-481
120900131,32,149,-117
120900132,869,615,254
120900133,292,1661,-1369
120900134,816,754,62
120900135,7,930,-923
120900136,38,65,-27
120900137,239,193,46
120900138,21,329,-308
120900139,7,1101,-1094
120900140,2,101,-99
120900141,371,208,163
120900142,42,1287,-1245
120900143,9,1426,-1417
120900144,0,288,-288
120900145,101,1086,-985
120900146,5,1549,-1544
120900147,0,633,-633
120900148,155,258,-103
120900149,0,562,-562
120900150,50,980,-930
120900151,0,1045,-1045
120900152,0,51,-51
120900153,15,124,-109
120900154,1,546,-545
120900155,200,1719,-1519
120900156,69,510,-441
120900157,67,240,-173
120900158,38,752,-714
120900159,105,264,-159
120900160,46,699,-653
120900161,23,673,-650
120900162,13,784,-771
120900163,21,338,-317
120900164,0,1,-1
120900165,0,5,-5
120900166,466,350,116
120900167,784,199,585
120900169,72,890,-818
120900170,3807,2545,1262
120900171,1809,560,1249
120900172,3131,391,2740
120900173,0,108,-108
120900174,18,243,-225
120900175,350,438,-88
120900176,19,423,-404
120900177,3,1236,-1233
120900178,1,707,-706
120900179,1175,783,392
120900180,277,124,153
120900181,59,79,-20
120900182,32,1540,-1508
120900183,306,197,109
120900184,114,140,-26
120900185,14,610,-596
120900186,3,729,-726
120900187,620,1227,-607
120900188,160,60,100
120900189,245,1054,-809
120900190,47,51,-4
120900191,6,47,-41
120900192,19101,6061,13040
120900194,28,128,-100
120900195,204,429,-225
120900196,672,63,609
120900197,631,151,480
120900198,299,893,-594
120900199,491,2742,-2251
120900200,121,175,-54
120900201,934,233,701
120900202,6,374,-368
120900203,31,132,-101
120900204,149,388,-239
120900205,76,137,-61
120900206,22,69,-47
121000001,2095,1618,477
121000002,7124,3695,3429
121000003,5722,3096,2626
121000004,5441,13884,-8443
121000005,3610,4355,-745
121000006,6212,2677,3535
121000007,5879,3820,2059
121000008,14024,5850,8174
121000009,10186,8753,1433
121000010,16962,12931,4031
121000011,14095,21419,-7324
121000012,23746,20093,3653
121000013,7294,12285,-4991
121000014,9931,12390,-2459
121000015,10097,10463,-366
121000016,7054,7823,-769
121000017,2921,5289,-2368
121000018,3329,2606,723
121000019,27195,14571,12624
121000020,17256,17911,-655
121000021,4726,4629,97
121000022,3019,3044,-25
121000023,6108,4968,1140
121000024,5391,5982,-591
121000025,1155,2140,-985
121000026,485,244,241
121000027,2524,1523,1001
121000028,1341,753,588
121000029,1531,979,552
121000030,387,346,41
121000031,1288,938,350
121000032,341,114,227
121000034,1421,286,1135
121000035,752,117,635
121000036,2782,1451,1331
121000037,1238,760,478
121000038,1251,1191,60
121000039,1070,880,190
121000041,744,706,38
121000042,351,527,-176
121000043,1365,952,413
121000044,3669,1231,2438
121000045,704,566,138
121000046,828,1288,-460
121000047,157,109,48
121000049,3028,868,2160
121000050,510,1660,-1150
121000051,1322,505,817
121000052,599,926,-327
121000053,825,192,633
121000054,75,506,-431
121000055,2280,1399,881
121000056,1230,1598,-368
121000057,342,624,-282
121000058,406,160,246
121000059,3181,1910,1271
121000060,604,1166,-562
121000061,793,305,488
121000062,316,422,-106
121000063,894,700,194
121000064,828,809,19
121000065,800,581,219
121000066,534,349,185
121000067,1751,587,1164
121000068,1088,468,620
121000069,1648,972,676
121000070,3388,1633,1755
121000071,2347,1905,442
121000072,2420,1025,1395
121000073,3435,1165,2270
121000074,351,175,176
121000075,162,401,-239
121000076,1949,633,1316
121000077,261,292,-31
121000078,153,134,19
121000080,3823,1040,2783
121000081,5916,6484,-568
121000082,150,320,-170
121000083,464,198,266
121000084,427,170,257
121000085,330,817,-487
121000086,198,1084,-886
121000087,106,401,-295
121000088,482,1146,-664
121000089,745,486,259
121000090,848,554,294
121000091,2343,1174,1169
121000092,203,139,64
121000093,186,290,-104
121000094,520,1118,-598
121000095,405,644,-239
121000096,2586,3990,-1404
121000097,1771,3029,-1258
121000098,580,1692,-1112
121000099,574,1141,-567
121000100,982,712,270
121000101,408,396,12
121000102,327,454,-127
121000103,228,427,-199
121000104,315,225,90
121000105,521,287,234
121000106,315,544,-229
121000107,3927,5207,-1280
121000109,2402,1689,713
121000110,498,1040,-542
121000114,4857,2771,2086
121000115,1565,1115,450
121000116,503,1383,-880
121000117,1134,375,759
121000118,1736,321,1415
121000119,294,521,-227
121000120,331,506,-175
121000121,756,1423,-667
121000123,2565,691,1874
121000126,150,423,-273
121000127,574,114,460
121000128,1043,531,512
121000129,920,714,206
121000130,565,1410,-845
121000131,3109,2208,901
121000132,1906,1887,19
121000135,637,989,-352
121000136,2363,562,1801
121000137,585,363,222
121000138,1633,1135,498
121000139,917,186,731
121000141,623,160,463
121000142,1364,793,571
121000143,182,45,137
121000144,1475,2437,-962
121000145,872,1631,-759
121000146,2861,1438,1423
121000147,1332,854,478
121000148,1596,1390,206
121000149,3926,1869,2057
121000152,1005,1187,-182
121000153,2983,1408,1575
121000154,1292,1960,-668
121000155,2347,1867,480
121000156,565,1935,-1370
121000157,1742,3898,-2156
121000158,455,1268,-813
121000159,246,1031,-785
121000160,351,964,-613
121000161,237,441,-204
121000162,111,334,-223
121000165,2819,2320,499
121000166,43,773,-730
121000168,729,473,256
121000169,100,186,-86
121000170,475,600,-125
121000171,150,240,-90
121000172,909,735,174
121000173,1684,1386,298
121000174,405,566,-161
121000175,1519,519,1000
121000176,518,293,225
121000177,2730,837,1893
121000178,180,54,126
121000179,85,65,20
121000181,385,825,-440
121000182,196,173,23
121000183,88,117,-29
121000184,119,108,11
121000185,60,178,-118
121000186,247,534,-287
121000187,221,371,-150
121000188,225,341,-116
121000192,1048,664,384
121000193,1131,689,442
121000194,3907,3370,537
121000195,707,1300,-593
121000196,1560,303,1257
121000197,693,1097,-404
121000198,970,140,830
121000199,327,661,-334
121000200,1278,119,1159
121000201,25,357,-332
121000202,697,9,688
121000203,1375,3119,-1744
121000204,3681,923,2758
121000205,479,471,8
121000206,442,30,412
121000207,2103,512,1591
121000208,17,636,-619
121000209,328,480,-152
121000210,404,963,-559
121000211,444,245,199
121000212,372,1242,-870
121000213,12960,4959,8001
121000214,1219,5210,-3991
121000215,2083,1357,726
121000216,1058,1312,-254
121000217,10070,4952,5118
121000218,979,2630,-1651
121000219,4501,722,3779
121000220,574,74,500
121000221,351,380,-29
121000222,3993,3144,849
121000223,1348,350,998
121000224,772,232,540
121000225,4117,1651,2466
121000226,14415,1529,12886
121000227,4,367,-363
121000228,30,892,-862
121000229,458,581,-123
121000230,87,2582,-2495
121000231,1210,71,1139
121000232,492,443,49
121000233,911,479,432
121000234,21,40,-19
121000235,111,37,74
121000236,22,82,-60
121000237,38,17,21
121000238,3,98,-95
121000239,23,5,18
121000240,4,429,-425
121000241,95,8,87
121000242,43,198,-155
121000243,321,114,207
121000244,6,88,-82
121000245,29,14,15
121000246,2,113,-111
121000247,56,3,53
121000248,940,494,446
121000249,212,395,-183
121000250,849,117,732
121000251,20,749,-729
121000252,149,104,45
121000253,366,655,-289
121000254,706,374,332
121000255,492,238,254
121000256,888,260,628
121000257,126,105,21
121000258,319,60,259
121000259,115,54,61
121000260,279,233,46
121000261,292,51,241
121000262,1495,1779,-284
121000263,351,578,-227
121000271,336,2161,-1825
121000273,390,18,372
121000274,70,67,3
121000275,11,16,-5
121000276,6,20,-14
121000278,92,102,-10
121000279,113,26,87
121000280,400,67,333
121000289,300,33,267
121000290,2298,885,1413
121000294,114,215,-101
121000297,2038,2303,-265
121000299,989,327,662
121000300,1177,999,178
121000302,106,1259,-1153
121000303,728,590,138
121000304,597,96,501
121000305,282,84,198
121000306,213,165,48
121000308,266,818,-552
121000309,729,1045,-316
121000310,265,613,-348
121000311,127,1440,-1313
121000312,591,550,41
121000313,910,1220,-310
121000314,161,144,17
121000315,57,107,-50
121000530,1768,2141,-373
121000531,1650,2065,-415
121000532,9057,7284,1773
121000533,3295,4006,-711
121000918,147,252,-105
121000919,103,68,35
121000938,255,249,6
121000939,231,207,24
121000956,1160,2112,-952
121000957,5,11,-6
121000958,842,58,784
121000959,829,1222,-393
121000960,2337,2561,-224
121000961,240,114,126
121000962,255,1495,-1240
121000973,0,202,-202
121000976,31,258,-227
121000979,500,156,344
121000981,365,255,110
121000982,286,318,-32
121000983,626,582,44
121000984,356,69,287
121000985,638,1136,-498
121000986,284,535,-251
121000987,375,2306,-1931
121000988,1083,190,893
121001302,563,220,343
121001308,130,16,114
121001309,305,169,136
121001313,242,368,-126
121001314,3873,5385,-1512
121001315,5084,3447,1637
121900001,128,198,-70
121900002,233,29,204
121900003,560,22,538
121900004,663,534,129
121900005,30,5,25
121900006,77,6,71
121900007,3486,3897,-411
121900008,2849,925,1924
121900009,856,23,833
121900010,267,2,265
121900011,403,522,-119
121900012,46,1,45
121900013,2289,82,2207
121900014,1749,477,1272
121900015,248,313,-65
121900016,7,55,-48
121900017,508,772,-264
121900018,358,12,346
121900019,502,348,154
121900020,42,3,39
121900021,1031,16,1015
121900022,213,289,-76
121900023,160,577,-417
121900024,482,160,322
121900025,684,567,117
121900026,695,71,624
121900027,635,145,490
121900028,425,45,380
121900029,219,316,-97
121900030,1045,1165,-120
121900031,2143,12021,-9878
121900032,144,155,-11
121900033,195,182,13
121900034,1540,106,1434
121900035,3700,3152,548
121900036,140,492,-352
121900037,232,615,-383
121900038,41,243,-202
121900039,747,68,679
121900040,61,103,-42
121900041,101,218,-117
121900042,494,196,298
121900043,7,8,-1
121900044,269,109,160
121900045,568,391,177
121900046,452,310,142
121900047,240,101,139
121900048,76,194,-118
121900050,27,44,-17
121900051,158,217,-59
121900052,192,73,119
121900053,512,789,-277
121900054,931,988,-57
121900055,10,9,1
121900058,631,352,279
121900059,520,223,297
121900060,176,365,-189
121900061,226,257,-31
121900062,158,201,-43
121900063,1790,342,1448
121900064,393,936,-543
121900066,69,27,42
121900067,47,66,-19
121900069,201,221,-20
121900070,739,154,585
121900071,283,361,-78
121900072,44,235,-191
121900073,330,227,103
121900074,946,1611,-665
121900075,1549,465,1084
121900076,1662,695,967
121900077,33,85,-52
121900078,65,39,26
121900079,1,0,1
121900080,1293,575,718
121900082,40,170,-130
121900084,15,272,-257
121900085,3,25,-22
121900086,8,49,-41
121900087,206,86,120
121900088,3273,5771,-2498
121900089,258,468,-210
121900090,23,160,-137
121900091,81,176,-95
121900092,145,116,29
121900093,91,142,-51
121900094,20,11,9
121900095,266,200,66
121900096,2604,910,1694
121900097,634,193,441
121900098,10,9,1
121900099,248,68,180
121900100,278,439,-161
121900101,152,161,-9
121900102,13,159,-146
121900103,1117,243,874
121900104,1952,464,1488
121900105,243,315,-72
121900106,9,9,0
121900107,55,52,3
121900108,6,50,-44
121900109,661,194,467
121900110,460,1553,-1093
121900111,1464,155,1309
121900112,204,152,52
121900113,113,1098,-985
121900114,59,138,-79
121900115,143,470,-327
121900117,723,77,646
121900118,3442,751,2691
121900119,156,150,6
121900120,36,2390,-2354
121900121,1022,141,881
121900122,26,75,-49
121900123,280,746,-466
121900124,144,183,-39
121900125,1900,2094,-194
121900127,7,125,-118
121900128,132,151,-19
121900129,1043,230,813
121900130,218,327,-109
121900131,425,73,352
121900132,99,165,-66
121900133,117,572,-455
121900134,24,167,-143
121900135,3054,440,2614
121900136,226,524,-298
121900137,84,583,-499
121900138,264,404,-140
121900139,546,570,-24
121900140,112,240,-128
121900141,97,24,73
121900142,190,194,-4
121900143,12,224,-212
121900144,191,371,-180
121900145,315,401,-86
121900146,1092,1083,9
121900147,71,205,-134
121900148,210,320,-110
121900149,723,919,-196
121900150,102,178,-76
121900151,85,282,-197
121900152,155,224,-69
121900153,95,774,-679
121900154,14,259,-245
121900155,1,222,-221
121900156,222,107,115
121900157,4,511,-507
121900158,134,94,40
121900159,1,249,-248
121900160,37,333,-296
121900161,497,469,28
121900162,124,165,-41
121900163,274,853,-579
121900164,591,248,343
121900165,272,213,59
121900166,224,211,13
121900167,171,154,17
121900168,315,161,154
121900169,12,298,-286
121900170,6,453,-447
121900171,811,909,-98
121900172,602,417,185
121900173,1470,381,1089
121900174,31,60,-29
121900175,535,197,338
121900176,978,2287,-1309
121900177,217,101,116
121900179,483,154,329
121900180,7207,4776,2431
121900182,1880,336,1544
121900183,734,1093,-359
121900184,98,827,-729
121900185,123,139,-16
121900186,20,417,-397
121900187,31,230,-199
121900188,588,765,-177
121900189,49,127,-78
121900190,632,771,-139
121900191,59,567,-508
121900192,492,872,-380
121900194,9,202,-193
121900195,121,95,26
121900196,1454,2105,-651
121900197,555,2700,-2145
121900198,1481,1863,-382
121900199,2,37,-35
121900200,271,266,5
121900201,1711,863,848
121900202,221,835,-614
121900203,333,1844,-1511
121900204,1352,2146,-794
121900205,325,314,11
121900206,22,16,6
121900207,318,75,243
121900208,270,359,-89
121900209,40,42,-2
121900210,1999,2209,-210
121900211,3,159,-156
121900212,164,165,-1
121900213,130,128,2
121900214,18,1299,-1281
121900215,82,125,-43
121900216,251,199,52
121900217,278,147,131
121900218,335,911,-576
121900219,623,92,531
121900220,184,28,156
121900221,325,1050,-725
121900222,310,252,58
121900223,426,75,351
121900224,192,63,129
121900225,599,131,468
121900226,541,1432,-891
121900227,212,574,-362
121900228,290,476,-186
121900229,287,285,2
121900230,293,477,-184
121900231,671,2830,-2159
121900232,639,490,149
121900233,333,333,0
121900234,929,473,456
121900235,641,282,359
121900236,438,191,247
121900237,368,341,27
121900238,251,524,-273
121900239,281,96,185
121900240,235,274,-39
121900241,42,81,-39
121900242,8,2,6
121900243,11,2,9
121900244,22,0,22
121900245,318,134,184
121900246,3559,609,2950
121900247,303,362,-59
121900248,1920,1555,365
121900250,333,298,35
121900251,379,55,324
121900252,897,231,666
121900253,181,1015,-834
121900254,609,335,274
121900255,251,185,66
121900258,4027,3145,882
121900259,401,1042,-641
121900260,221,290,-69
121900261,169,770,-601
121900262,438,2201,-1763
121900263,164,720,-556
121900264,2824,2616,208
121900265,410,489,-79
121900266,316,255,61
121900267,60,67,-7
121900269,236,734,-498
121900270,39,266,-227
121900271,51,190,-139
121900273,1117,2968,-1851
121900274,385,363,22
121900276,3618,138,3480
121900277,548,1539,-991
121900278,484,991,-507
121900279,180,209,-29
121900280,468,425,43
121900281,1173,555,618
121900284,70,16,54
121900286,212,250,-38
121900287,14,26,-12
121900290,302,429,-127
121900291,569,955,-386
121900292,451,206,245
121900293,1387,4048,-2661
121900294,345,6,339
121900295,137,377,-240
121900296,247,207,40
121900298,647,789,-142
121900299,0,0,0
121900300,24,0,24
121900301,65,2,63
121900302,0,61,-61
121900303,1148,461,687
121900304,2,3,-1
121900305,5,5,0
121900306,83,4,79
121900307,25,21,4
121900308,19,310,-291
121900309,18,344,-326
121900310,30,560,-530
121900311,297,30,267
121900312,238,12,226
121900313,345,36,309
121900314,1,92,-91
121900315,9,0,9
121900316,0,11,-11
121900317,7,3,4
121900318,1,15,-14
121900319,15,99,-84
121900320,74,119,-45
121900321,6,4,2
121900322,0,29,-29
121900323,27,24,3
121900324,15,101,-86
121900325,9,2,7
121900326,1,19,-18
121900327,7,45,-38
121900328,0,15,-15
121900329,4,157,-153
121900330,9,27,-18
121900331,395,28,367
121900332,115,72,43
122000001,3392,4917,-1525
122000002,6265,2320,3945
122000003,2579,2486,93
122000004,3993,2028,1965
122000005,3858,1722,2136
122000006,3798,857,2941
122000007,2017,2353,-336
122000008,8926,7817,1109
122000009,627,477,150
122000010,2553,4716,-2163
122000011,4700,1983,2717
122000012,2177,1607,570
122000013,4837,1798,3039
122000014,2507,3677,-1170
122000015,2546,1454,1092
122000016,857,1222,-365
122000017,1512,1422,90
122000018,2049,1295,754
122000019,1558,1846,-288
122000020,311,305,6
122000021,809,793,16
122000022,2484,2360,124
122000023,824,5168,-4344
122000024,1527,1462,65
122000025,3688,1939,1749
122000026,1968,1041,927
122000027,779,7420,-6641
122000028,972,662,310
122000029,944,485,459
122000030,602,202,400
122000031,390,365,25
122000032,2985,5151,-2166
122000033,1780,1292,488
122000034,1771,930,841
122000035,463,1581,-1118
122000036,1073,747,326
122000037,528,401,127
122000038,350,480,-130
122000039,851,800,51
122000040,470,1335,-865
122000041,883,708,175
122000042,798,549,249
122000043,212,177,35
122000044,233,232,1
122000045,2554,672,1882
122000046,1276,1653,-377
122000047,479,234,245
122000048,5055,7325,-2270
122000049,8819,3001,5818
122000050,2866,925,1941
122000051,798,417,381
122000052,831,335,496
122000053,337,651,-314
122000054,3503,2922,581
122000055,4934,3530,1404
122000056,6750,5858,892
122000057,4635,4688,-53
122000058,5484,1358,4126
122000059,4947,1956,2991
122000060,1265,826,439
122000061,632,513,119
122000062,2006,359,1647
122000063,2538,997,1541
122000064,7936,3006,4930
122000065,10865,3274,7591
122000066,2047,1351,696
122000067,4288,1785,2503
122000068,2384,2974,-590
122000069,926,971,-45
122000070,1088,8870,-7782
122000071,1623,3465,-1842
122000072,523,500,23
122000073,643,711,-68
122000074,4214,2190,2024
122000075,811,3015,-2204
122000076,2525,1573,952
122000077,2213,789,1424
122000078,3635,2602,1033
122000079,2867,1106,1761
122000080,1773,475,1298
122000081,318,487,-169
122000082,1218,830,388
122000083,2292,5939,-3647
122000084,1760,1333,427
122000085,424,4557,-4133
122000086,3425,7790,-4365
122000087,682,270,412
122000088,482,506,-24
122000089,13248,5917,7331
122000090,407,712,-305
122000091,955,78,877
122000092,499,24,475
122000093,3989,1363,2626
122000094,13857,2761,11096
122000095,5583,4567,1016
122000096,4390,3331,1059
122000098,4574,1987,2587
122000099,7751,921,6830
122000100,1797,1190,607
122000101,428,2405,-1977
122000102,2438,1397,1041
122000103,3065,1773,1292
122000104,463,279,184
122000105,491,370,121
122000106,677,680,-3
122000107,1444,841,603
122000108,607,976,-369
122000109,436,663,-227
122000110,598,587,11
122000111,3857,1532,2325
122000112,1174,1913,-739
122000113,1165,991,174
122000114,9310,2243,7067
122000115,2054,4342,-2288
122000116,657,749,-92
122000117,1596,597,999
122000118,555,973,-418
122000119,4283,2853,1430
122000120,3201,5424,-2223
122000121,4077,3951,126
122000122,934,2407,-1473
122000123,2965,2774,191
122000124,1650,992,658
122000125,718,863,-145
122000126,777,1619,-842
122000127,1872,1359,513
122000128,773,1376,-603
122000129,536,1774,-1238
122000130,4382,1345,3037
122000131,2254,1528,726
122000132,1019,750,269
122000133,1810,3191,-1381
122000134,1016,857,159
122000135,998,980,18
122000136,953,653,300
122000137,2299,1163,1136
122000139,3479,7179,-3700
122000140,2570,921,1649
122000141,7828,1738,6090
122000142,979,1030,-51
122000143,855,698,157
122000144,3344,1549,1795
122000145,4087,1222,2865
122000146,1249,1392,-143
122000147,2086,627,1459
122000148,4031,2067,1964
122000149,2688,1938,750
122000150,1904,1439,465
122000151,340,460,-120
122000152,772,511,261
122000153,766,453,313
122000154,353,290,63
122000155,1638,3710,-2072
122000156,2491,2664,-173
122000157,2951,1608,1343
122000158,806,777,29
122000159,2062,2510,-448
122000160,6485,2981,3504
122000161,1577,1353,224
122000162,2803,2510,293
122000163,305,76,229
122000164,34,91,-57
122000165,1418,1139,279
122000166,1939,1925,14
122000167,191,286,-95
122000168,342,648,-306
122000169,1167,321,846
122000170,487,353,134
122000171,53,79,-26
122000172,1887,2236,-349
122000173,1763,3381,-1618
122000174,4337,1079,3258
122000175,2102,489,1613
122000176,395,887,-492
122000177,2632,1583,1049
122000178,4868,6569,-1701
122000179,2846,4411,-1565
122000180,2375,1776,599
122000181,2774,5093,-2319
122000182,3175,3027,148
122000183,2711,2113,598
122000184,3125,2848,277
122000185,1551,1424,127
122000186,1101,997,104
122000187,4253,1464,2789
122000188,535,295,240
122000189,377,464,-87
122000190,2137,1370,767
122000191,2375,1332,1043
122000192,1744,527,1217
122000193,613,722,-109
122000194,1837,293,1544
122000195,363,563,-200
122000196,1445,708,737
122000197,634,786,-152
122000198,1079,1041,38
122000199,830,529,301
122000200,2190,1219,971
122000201,1810,1566,244
122000202,1794,1338,456
122000203,3745,1745,2000
122000204,1893,2666,-773
122000205,1830,2534,-704
122000206,3323,1231,2092
122000207,2394,1795,599
122000208,5826,2150,3676
122000209,5304,568,4736
122000210,4180,2544,1636
122000211,3495,1489,2006
122000212,1418,740,678
122000213,1905,1725,180
122000214,3193,3029,164
122000215,2946,1860,1086
122000217,3655,1748,1907
122000218,1553,211,1342
122000219,2135,1257,878
122000220,488,886,-398
122000221,159,720,-561
122000222,757,190,567
122000223,1998,602,1396
122000225,1550,381,1169
122000226,2281,2951,-670
122000227,546,5265,-4719
122000228,487,449,38
122000229,18,621,-603
122000230,67,905,-838
122000231,287,1098,-811
122000232,1057,624,433
122000233,1,80,-79
122000234,376,268,108
122000235,897,327,570
122000236,1171,233,938
122000237,157,126,31
122000238,348,351,-3
122000239,772,183,589
122000240,1515,817,698
122000241,322,394,-72
122000242,806,102,704
122000243,145,49,96
122000244,31,333,-302
122000245,21,97,-76
122000246,30,96,-66
122000247,712,353,359
122000248,1468,2790,-1322
122000249,713,1153,-440
122000250,2443,1639,804
122000251,257,586,-329
122000252,713,194,519
122000253,49,402,-353
122000254,284,177,107
122000255,1041,2405,-1364
122000256,520,2238,-1718
122000257,217,642,-425
122000258,261,337,-76
122000259,10,928,-918
122000260,13,152,-139
122000261,7,297,-290
122000262,3,92,-89
122000263,304,153,151
122000264,2187,660,1527
122000265,5975,1120,4855
122000266,13926,870,13056
122000267,139,135,4
122000268,264,489,-225
122000269,2168,408,1760
122000270,4191,196,3995
122000271,905,1632,-727
122000272,590,1603,-1013
122000273,696,580,116
122000274,264,290,-26
122000275,88,322,-234
122000276,860,924,-64
122000277,1230,1939,-709
122000278,1567,1407,160
122000279,313,700,-387
122000280,1104,1049,55
122000281,1195,1168,27
122000282,200,242,-42
122000283,509,108,401
122000284,209,121,88
122000285,488,169,319
122000286,158,239,-81
122000287,1561,2103,-542
122000288,535,334,201
122000291,1819,855,964
122000293,553,390,163
122000294,159,353,-194
122000295,1753,252,1501
122000296,62,668,-606
122000297,4601,3601,1000
122000299,497,749,-252
122000300,597,902,-305
122000301,19405,3563,15842
122000302,1168,1799,-631
122000303,6015,1932,4083
122000304,112,315,-203
122000305,1285,533,752
122000306,52,1096,-1044
122000307,274,159,115
122000309,165,58,107
122000310,45,72,-27
122000311,434,231,203
122000312,252,123,129
122000313,98,93,5
122000314,145,276,-131
122000315,326,37,289
122000316,867,359,508
122000317,1512,456,1056
122000318,416,1241,-825
122000319,266,893,-627
122000320,367,3242,-2875
122000321,139,419,-280
122000322,3072,4242,-1170
122000323,2203,3425,-1222
122000324,2596,1780,816
122000325,1377,1875,-498
122000326,62,185,-123
122000327,743,945,-202
122000328,2444,1059,1385
122000330,3520,1036,2484
122000332,300,478,-178
122000333,4,181,-177
122000337,1272,2356,-1084
122000338,630,636,-6
122000340,858,475,383
122000342,2598,1515,1083
122000343,452,429,23
122000344,28,38,-10
122000345,80,90,-10
122000346,368,267,101
122000348,831,1123,-292
122000349,120,615,-495
122000351,117,311,-194
122000352,400,226,174
122000353,104,140,-36
122000355,185,200,-15
122000356,4081,1150,2931
122000357,68,24,44
122000358,1,68,-67
122000359,0,76,-76
122000360,0,43,-43
122000362,12,120,-108
122000364,178,584,-406
122000365,6,34,-28
122000366,10,7,3
122000368,815,985,-170
122000370,14,89,-75
122000371,20,0,20
122000372,17,0,17
122000381,71,557,-486
122000382,109,293,-184
122000384,7979,3096,4883
122000385,56,0,56
122000386,1793,1989,-196
122000387,2027,644,1383
122000388,6348,770,5578
122000389,458,913,-455
122000390,978,292,686
122000391,758,172,586
122000392,213,333,-120
122000393,65,305,-240
122000394,757,415,342
122000395,232,229,3
122000396,689,177,512
122000397,85,80,5
122000398,73,126,-53
122000399,222,98,124
122000400,325,571,-246
122000401,270,120,150
122000402,367,188,179
122000403,705,1682,-977
122000404,197,526,-329
122000408,877,1814,-937
122000503,27,292,-265
122000524,202,133,69
122000544,138,8266,-8128
122000616,551,10,541
122000640,67,222,-155
122000641,62,561,-499
122000642,1534,1720,-186
122000643,48,228,-180
122000644,197,22,175
122000645,117,655,-538
122000651,4061,828,3233
122000664,325,83,242
122000665,1343,630,713
122000666,874,1577,-703
122000673,38,465,-427
122000674,155,64,91
122000675,2571,1770,801
122000686,445,1767,-1322
122000687,2759,461,2298
122000688,262,1078,-816
122000689,1055,822,233
122000690,1376,786,590
122000691,541,3406,-2865
122000692,1569,569,1000
122000693,527,2564,-2037
122000695,332,811,-479
122000696,381,609,-228
122000698,375,1271,-896
122000699,289,243,46
122000701,1602,465,1137
122000702,558,2543,-1985
122000703,245,109,136
122000717,264,99,165
122000718,425,1256,-831
122000719,261,125,136
122000720,357,499,-142
122900001,54,8,46
122900002,1724,6280,-4556
122900003,579,59,520
122900004,1783,65,1718
122900005,87,71,16
122900006,1354,830,524
122900007,183,78,105
122900008,1172,135,1037
122900009,1574,847,727
122900010,261,227,34
122900012,241,413,-172
122900014,241,479,-238
122900015,3748,1202,2546
122900016,209,493,-284
122900017,898,1302,-404
122900018,491,23,468
122900019,11,194,-183
122900020,514,645,-131
122900021,94,1177,-1083
122900022,915,1206,-291
122900023,639,450,189
122900024,158,132,26
122900025,13,279,-266
122900026,209,418,-209
122900027,91,948,-857
122900028,306,787,-481
122900029,7000,4575,2425
122900030,1928,624,1304
122900031,309,286,23
122900032,143,503,-360
122900033,258,223,35
122900034,5529,12600,-7071
122900035,119,17,102
122900036,97,585,-488
122900037,925,143,782
122900038,317,5201,-4884
122900039,83,640,-557
122900040,566,466,100
122900041,281,273,8
122900042,250,368,-118
122900043,935,244,691
122900044,188,515,-327
122900045,142,149,-7
122900046,237,143,94
122900047,812,310,502
122900048,50,481,-431
122900049,2230,167,2063
122900051,135,200,-65
122900052,81,179,-98
122900053,28,37,-9
122900055,708,176,532
122900057,820,48,772
122900061,659,337,322
122900062,494,906,-412
122900063,240,547,-307
122900064,1547,790,757
122900065,750,235,515
122900066,795,375,420
122900067,2119,1207,912
122900068,193,497,-304
122900069,409,2507,-2098
122900070,419,76,343
122900071,95,601,-506
122900072,20,900,-880
122900073,18,434,-416
122900074,592,914,-322
122900075,0,78,-78
122900076,6,220,-214
122900077,1,225,-224
122900078,164,179,-15
122900080,82,22,60
122900081,713,227,486
122900082,1109,274,835
122900083,211,139,72
122900084,18,364,-346
122900086,13,63,-50
122900087,240,614,-374
122900088,81,156,-75
122900089,327,190,137
122900090,28,939,-911
122900091,243,1,242
122900092,0,268,-268
122900093,1,402,-401
122900094,2,309,-307
122900095,182,15,167
122900096,364,347,17
122900097,33,41,-8
122900098,83,185,-102
122900099,12,7,5
122900100,861,524,337
122900101,1013,421,592
123000001,3393,543,2850
123000002,8661,4864,3797
123000003,5670,5378,292
123000004,4067,6466,-2399
123000005,4036,4459,-423
123000006,3699,4070,-371
123000007,4133,3690,443
123000008,3627,4408,-781
123000009,7618,4391,3227
123000010,5566,5451,115
123000011,9517,1359,8158
123000012,1857,3422,-1565
123000013,5903,1108,4795
123000014,1906,5468,-3562
123000015,7774,1196,6578
123000016,8679,5594,3085
123000017,4027,1702,2325
123000018,53,129,-76
123000019,320,324,-4
123000020,202,166,36
123000021,90,326,-236
123000022,567,2294,-1727
123000023,2135,1940,195
123000024,2247,638,1609
123000025,152,178,-26
123000026,3,62,-59
123000027,369,572,-203
123000028,1717,237,1480
123000029,1223,674,549
123000030,611,751,-140
123000031,206,542,-336
123000032,448,392,56
123000033,500,101,399
123000034,1236,989,247
123000035,450,579,-129
123000036,366,1345,-979
123000037,343,507,-164
123000038,210,385,-175
123000039,678,1539,-861
123000040,1284,528,756
123000041,2208,1139,1069
123000042,1681,628,1053
123000043,6416,11869,-5453
123000044,8585,3390,5195
123000045,14925,3821,11104
123000046,1417,2023,-606
123000047,3475,1755,1720
123000048,161,724,-563
123000049,12081,11267,814
123000050,1648,2211,-563
123000051,102,205,-103
123000052,897,5448,-4551
123000053,2920,5563,-2643
123000054,1729,1953,-224
123000055,1335,2579,-1244
123000056,1697,2653,-956
123000057,26299,10709,15590
123000058,1010,1386,-376
123000059,582,763,-181
123000060,1193,511,682
123000061,232,1192,-960
123000063,1166,1385,-219
123000064,1507,397,1110
123000065,10727,5389,5338
123000066,1285,1435,-150
123000067,969,753,216
123000068,4874,5582,-708
123000069,10333,6100,4233
123000070,337,1342,-1005
123000071,1217,1771,-554
123000072,1428,2238,-810
123000073,1530,1289,241
123000074,1225,2571,-1346
123000075,527,1630,-1103
123000076,986,1611,-625
123000077,2889,4768,-1879
123000078,1885,2619,-734
123000079,2009,3313,-1304
123000080,3240,3607,-367
123000081,300,1008,-708
123000082,606,1866,-1260
123000083,1740,274,1466
123000084,765,970,-205
123000085,346,120,226
123000086,588,478,110
123000087,497,634,-137
123000088,1577,1590,-13
123000089,570,1986,-1416
123000090,1940,1601,339
123000091,2183,2305,-122
123000092,1131,1923,-792
123000094,912,379,533
123000095,765,1105,-340
123000096,853,693,160
123000097,926,1181,-255
123000098,739,807,-68
123000099,707,740,-33
123000100,759,961,-202
123000101,881,728,153
123000102,608,886,-278
123000104,547,632,-85
123000105,704,720,-16
123000106,632,533,99
123000107,615,698,-83
123000108,937,1973,-1036
123000111,1092,557,535
123000112,1460,1043,417
123000113,859,2528,-1669
123000114,700,739,-39
123000115,421,418,3
123000116,20,224,-204
123000117,2427,3455,-1028
123000118,662,1276,-614
123000119,341,1401,-1060
123000120,557,1370,-813
123000121,672,901,-229
123000122,591,312,279
123000123,690,803,-113
123000124,987,669,318
123000125,2338,1570,768
123000126,2367,4770,-2403
123000127,1362,947,415
123000128,520,568,-48
123000129,911,395,516
123000130,754,148,606
123000131,1513,1003,510
123000132,644,919,-275
123000133,511,647,-136
123000134,611,242,369
123000135,2550,2051,499
123000136,321,1543,-1222
123000137,221,618,-397
123000138,194,623,-429
123000139,820,202,618
123000140,166,1246,-1080
123000141,1264,133,1131
123000142,1046,1379,-333
123000143,2278,3251,-973
123000144,54,45,9
123000145,298,417,-119
123000146,129,140,-11
123000147,155,216,-61
123000149,634,494,140
123000150,422,336,86
123000151,385,585,-200
123000152,120,613,-493
123000153,230,885,-655
123000154,2178,2575,-397
123000155,3197,1061,2136
123000156,59,187,-128
123000157,787,1216,-429
123000158,861,1110,-249
123000159,6595,3499,3096
123000160,1318,957,361
123000161,2022,1689,333
123000162,1107,2168,-1061
123000163,700,177,523
123000164,1861,413,1448
123000165,567,2506,-1939
123000166,42,199,-157
123000167,215,398,-183
123000168,241,388,-147
123000169,958,222,736
123000170,94,502,-408
123000171,751,92,659
123000172,223,885,-662
123000173,1086,367,719
123000174,1458,546,912
123000175,1094,1959,-865
123000176,1402,373,1029
123000177,467,1638,-1171
123000178,1296,249,1047
123000179,36,1128,-1092
123000180,1935,416,1519
123000181,425,2179,-1754
123000182,202,737,-535
123000183,205,579,-374
123000184,142,1149,-1007
123000185,683,480,203
123000186,11,1011,-1000
123000187,641,8,633
123000188,307,0,307
123000189,203,260,-57
123000190,77,115,-38
123000192,21,562,-541
123000193,57,1139,-1082
123000194,574,383,191
123000195,368,34,334
123000196,355,16,339
123000197,76,133,-57
123000198,29,280,-251
123000199,7,753,-746
123000200,650,19,631
123000201,1109,34,1075
123000202,23,1657,-1634
123000203,906,88,818
123000204,111,1398,-1287
123000205,706,2685,-1979
123000206,1931,277,1654
123000207,108,1330,-1222
123000208,687,183,504
123000209,2749,622,2127
123000210,568,2355,-1787
123000211,820,4129,-3309
123000212,4045,648,3397
123000213,878,88,790
123000215,215,191,24
123000216,410,1006,-596
123000217,305,53,252
123000218,142,909,-767
123000219,1603,144,1459
123000220,802,135,667
123000221,185,249,-64
123000222,691,976,-285
123000223,365,824,-459
123000224,525,862,-337
123000225,293,128,165
123000226,73,549,-476
123000227,110,469,-359
123000228,288,85,203
123000229,2049,2757,-708
123000232,123,933,-810
123000233,1167,303,864
123000234,257,1065,-808
123000235,1032,579,453
123000236,401,1235,-834
123000237,437,118,319
123000238,143,835,-692
123000239,670,2752,-2082
123000240,69,671,-602
123000241,1506,192,1314
123000242,270,325,-55
123000243,958,1260,-302
123000244,1201,825,376
123000245,126,200,-74
123000249,624,1090,-466
123000252,1371,318,1053
123000253,1306,606,700
123000254,827,1577,-750
123000255,1572,1310,262
123000256,34,329,-295
123000257,5180,4015,1165
123000258,1267,1697,-430
123000259,353,561,-208
123000260,634,872,-238
123000261,286,388,-102
123000262,106,317,-211
123000263,523,115,408
123000264,286,76,210
123000265,85,218,-133
123000266,793,1237,-444
123000267,680,453,227
123000268,46,63,-17
123000269,53,65,-12
123000270,39,56,-17
123000271,168,73,95
123000272,1122,333,789
123000273,386,855,-469
123000274,1840,758,1082
123000275,493,1488,-995
123000278,5031,3969,1062
123000279,122,184,-62
123000280,586,461,125
123000281,516,177,339
123000282,222,370,-148
123000283,132,105,27
123000284,106,154,-48
123000286,446,347,99
123000287,777,381,396
123000288,2162,1171,991
123000289,774,1534,-760
123000291,527,1125,-598
123000294,192,314,-122
123000295,1178,1179,-1
123000296,518,423,95
123000297,307,416,-109
123000298,322,348,-26
123000299,26,166,-140
123000300,1247,1188,59
123000301,258,362,-104
123000302,101,335,-234
123000303,341,83,258
123000305,1614,1167,447
123000306,117,312,-195
123000309,61,56,5
123000310,113,44,69
123000311,1,202,-201
123000312,780,1374,-594
123000313,540,400,140
123000315,73,504,-431
123000316,2154,108,2046
123000317,277,90,187
123000318,52,356,-304
123000329,18,34,-16
123000337,434,305,129
123000338,796,41,755
123000339,232,357,-125
123000340,202,843,-641
123000342,23,5,18
123000343,209,2,207
123000344,1883,741,1142
123000345,460,906,-446
123000346,450,98,352
123000352,3268,1097,2171
123000353,15,141,-126
123000354,549,35,514
123000355,0,875,-875
123000356,425,16,409
123000357,3,355,-352
123000359,3,300,-297
123000360,316,152,164
123000361,914,396,518
123000362,496,201,295
123000363,124,325,-201
123000364,1101,560,541
123000365,34,508,-474
123000366,391,3006,-2615
123000367,396,1776,-1380
123000370,38,466,-428
123000371,345,23,322
123000372,349,21,328
123000373,24,646,-622
123000374,11,289,-278
123000375,348,50,298
123000376,1334,727,607
123000377,641,32,609
123000378,21,634,-613
123000379,8,318,-310
123000380,105,516,-411
123000381,366,60,306
123000382,2007,144,1863
123000383,384,1529,-1145
123000384,904,139,765
123000385,600,836,-236
123000436,73,1403,-1330
123000507,114,705,-591
123000508,137,925,-788
123000517,382,42,340
123000518,36,436,-400
123000519,181,97,84
123000520,109,429,-320
123000521,448,173,275
123000522,246,734,-488
123000541,7,1,6
123000542,0,33,-33
123000565,469,48,421
123000566,193,810,-617
123000567,146,322,-176
123000573,59,1329,-1270
123000574,704,114,590
123000575,1422,1875,-453
123000576,1051,2882,-1831
123000577,200,1145,-945
123000578,1379,112,1267
123000579,6022,6736,-714
123000580,95,24,71
123000582,617,44,573
123000583,23,687,-664
123000584,303,395,-92
123000585,1,231,-230
123000586,117,0,117
123000596,169,208,-39
123000597,100,213,-113
123000602,35,16,19
123000603,628,850,-222
123000604,549,1422,-873
123000605,1140,184,956
123000606,0,354,-354
123000609,24,502,-478
123000610,242,164,78
123000613,41,220,-179
123000614,285,94,191
123000615,38,165,-127
123000616,585,101,484
123000617,145,641,-496
123000618,158,978,-820
123000619,859,59,800
123000620,31,877,-846
123000622,442,25,417
123000624,119,85,34
123000630,803,487,316
123000631,282,2449,-2167
123000632,1411,1651,-240
123000633,2,331,-329
123000634,118,152,-34
123000635,268,136,132
123000636,33,806,-773
123000637,118,125,-7
123000638,526,102,424
123000639,1614,4189,-2575
123000640,42,1316,-1274
123900001,1983,64,1919
123900002,32,1809,-1777
123900003,694,936,-242
123900005,411,245,166
123900006,656,74,582
124000001,2684,206,2478
124000002,169,2599,-2430
124000003,913,200,713
124000004,50,1086,-1036
124000005,1084,610,474
124000006,313,1866,-1553
124000007,976,229,747
124000008,30,1139,-1109
124000009,662,525,137
124000010,157,709,-552
124000011,2382,494,1888
124000012,803,1006,-203
124000017,163,166,-3
124000018,147,97,50
124000019,125,150,-25
124000020,102,212,-110
124000021,178,93,85
124000022,134,302,-168
124000023,2009,1880,129
124000024,1331,779,552
124000025,1332,2016,-684
124000026,1460,1337,123
124000027,6658,6800,-142
124000028,3786,5800,-2014
124000030,4299,1706,2593
124000031,1582,3196,-1614
124000032,7115,1441,5674
124000033,253,791,-538
124000034,3746,798,2948
124000035,34,195,-161
124000036,109,215,-106
124000037,665,1044,-379
124000038,63,63,0
124000039,1559,502,1057
124000040,792,1303,-511
124000041,455,115,340
124000042,65,613,-548
124000043,114,137,-23
124000044,62,355,-293
124000045,721,842,-121
124000046,289,964,-675
124000047,1655,1243,412
124000048,1084,2603,-1519
124000049,1770,925,845
124000050,882,3157,-2275
124000051,976,719,257
124000052,821,1855,-1034
124000053,607,1586,-979
124000054,1046,910,136
124000055,1417,2659,-1242
124000056,5452,2090,3362
124000057,878,654,224
124000058,566,2038,-1472
124000059,631,1243,-612
124000060,1662,1215,447
124000061,2116,4926,-2810
124000062,6577,2800,3777
124000063,1723,2876,-1153
124000064,4013,2384,1629
124000065,44,395,-351
124000066,197,111,86
124000067,194,426,-232
124000068,8,27,-19
124000069,198,19,179
124000070,75,207,-132
124000071,122,133,-11
124000072,202,533,-331
124000073,1033,180,853
124000074,227,980,-753
124000075,330,39,291
124000076,6,325,-319
124000077,2537,985,1552
124000078,3499,1096,2403
124000079,679,1755,-1076
124000080,370,204,166
124000081,234,913,-679
124000082,24,158,-134
124000083,40,225,-185
124000084,52,222,-170
124000085,93,59,34
124000086,138,182,-44
124000087,150,119,31
124000088,399,518,-119
124000089,1030,774,256
124000090,137,473,-336
124000091,659,109,550
124000092,130,745,-615
124000093,100,124,-24
124000094,208,816,-608
124000095,63,124,-61
124000096,185,457,-272
124000097,78,176,-98
124000098,83,135,-52
124000099,128,93,35
124000100,69,124,-55
124000101,100,115,-15
124000102,146,117,29
124000103,127,138,-11
124000104,209,94,115
124000105,67,76,-9
124000106,204,109,95
124000107,20,148,-128
124000108,65,64,1
124000109,140,122,18
124000110,236,182,54
124000111,216,171,45
124000112,856,1070,-214
124000113,77,98,-21
124000114,288,765,-477
124000115,546,915,-369
124000116,146,101,45
124000117,90,144,-54
124000118,45,90,-45
124000119,2313,983,1330
124000120,1680,650,1030
124000121,2002,902,1100
124000122,753,1595,-842
124000123,1281,610,671
124000124,547,1304,-757
124000125,471,599,-128
124000126,388,784,-396
124000127,1165,513,652
124000128,830,1360,-530
124000129,2687,1958,729
124000130,1159,1015,144
124000131,1282,684,598
124000132,1211,1018,193
124000133,963,1215,-252
124000134,1140,1133,7
124000135,2238,2274,-36
124000136,1268,1576,-308
124000137,1983,830,1153
124000138,2564,1827,737
124000139,697,26,671
124000140,35,520,-485
124000141,178,10,168
124000142,13,176,-163
124000143,55,20,35
124000144,1,78,-77
124000145,118,50,68
124000146,30,154,-124
124000148,26,97,-71
124000149,1226,521,705
124000150,412,871,-459
124000151,693,269,424
124000152,777,1584,-807
124000153,601,750,-149
124000154,342,1062,-720
124000155,1155,832,323
124000156,1542,1084,458
124000169,424,1068,-644
124000170,1201,580,621
124000171,512,477,35
124000172,704,793,-89
124000173,670,398,272
124000174,453,1038,-585
124000175,18,203,-185
124000176,53,26,27
124000177,10,48,-38
124000178,22,85,-63
124000190,90,30,60
124000191,382,65,317
124000192,3502,510,2992
124000193,1002,1260,-258
124000194,463,764,-301
124000195,321,710,-389
124000196,1514,1594,-80
124000197,78,101,-23
124000198,40,45,-5
124000201,417,1485,-1068
124000202,966,267,699
124000203,326,1306,-980
124000204,723,745,-22
124000205,81,879,-798
124000206,584,507,77
124000207,2,85,-83
124000209,385,898,-513
124000210,399,296,103
124000211,543,1,542
124000212,0,811,-811
124000213,326,479,-153
124000214,322,945,-623
124000215,411,21,390
124000216,8,781,-773
124000329,140,2851,-2711
124000338,67,1583,-1516
124000339,812,188,624
124000341,1115,129,986
124000344,32,1,31
124000357,1128,3406,-2278
124000358,847,1677,-830
124000359,1608,967,641
124000360,852,707,145
124000361,3023,911,2112
124000362,2158,2493,-335
124000363,445,550,-105
124000364,902,1476,-574
124000365,877,1387,-510
124000366,2284,984,1300
124000367,218,896,-678
124000368,411,295,116
124000369,160,158,2
124000370,66,877,-811
124000402,33,13,20
124000403,117,9,108
124000404,13,155,-142
124000405,1236,975,261
124000406,1238,1082,156
124000407,4,42,-38
124000411,13,477,-464
124000412,486,18,468
124000413,784,65,719
124000414,69,178,-109
124000415,46,258,-212
124000416,133,413,-280
124000417,159,135,24
124000418,138,180,-42
124000419,101,219,-118
124000420,56,98,-42
124000421,42,360,-318
124000422,57,35,22
124000423,232,69,163
124000424,4,114,-110
124000425,26,42,-16
124000426,4,45,-41
124000427,52,25,27
124000428,83,42,41
124000429,65,97,-32
124000430,816,1140,-324
124000431,334,1124,-790
124000432,229,1168,-939
124000439,5,17,-12
124000442,2,170,-168
124000443,0,5,-5
124000445,126,390,-264
124000446,1768,85,1683
124900001,435,366,69
124900002,316,727,-411
124900003,882,659,223
124900004,605,399,206
124900005,435,377,58
124900006,643,394,249
124900008,1517,500,1017
124900009,224,500,-276
124900010,192,120,72
124900011,864,296,568
124900012,971,217,754
124900013,505,168,337
124900014,280,158,122
124900015,249,625,-376
124900016,39,198,-159
124900017,1356,1200,156
124900018,44,16,28
124900019,473,59,414
124900020,146,148,-2
124900021,274,72,202
124900022,69,14,55
124900024,302,33,269
124900026,105,7,98
124900027,131,427,-296
124900028,969,241,728
124900029,7,485,-478
124900030,7,406,-399
124900031,73,620,-547
124900032,258,223,35
124900033,115,676,-561
124900034,15,128,-113
124900035,254,757,-503
124900036,2,40,-38
124900037,196,527,-331
124900038,416,422,-6
124900039,1,21,-20
124900040,186,114,72
124900041,272,1468,-1196
124900042,53,3,50
124900043,489,1441,-952
124900044,180,5,175
124900045,878,1073,-195
124900046,2977,327,2650
124900047,182,362,-180
124900048,161,233,-72
124900050,136,418,-282
124900052,152,879,-727
124900053,106,409,-303
124900054,3781,600,3181
124900055,2,177,-175
124900057,19,79,-60
124900060,108,283,-175
124900061,46,14,32
124900062,120,29,91
124900066,0,15,-15
124900067,2,238,-236
124900068,385,1132,-747
124900069,184,169,15
124900070,97,43,54
124900072,162,41,121
124900074,482,460,22
124900075,214,273,-59
124900076,43,872,-829
124900077,23,147,-124
124900078,145,26,119
124900079,1505,309,1196
124900080,246,893,-647
124900081,821,288,533
124900082,394,1053,-659
124900083,129,697,-568
124900084,2913,147,2766
124900085,1267,365,902
124900086,170,1352,-1182
124900087,625,127,498
124900088,834,118,716
124900089,1960,50,1910
124900090,404,392,12
124900091,497,692,-195
124900092,393,599,-206
124900093,432,294,138
124900094,451,384,67
124900095,136,630,-494
124900096,906,374,532
124900097,345,97,248
124900098,200,689,-489
124900099,1616,743,873
124900100,347,84,263
124900101,34,289,-255
124900102,285,37,248
124900103,200,366,-166
124900104,87,274,-187
124900105,122,194,-72
124900106,609,62,547
124900107,103,44,59
124900108,258,92,166
124900109,79,138,-59
124900110,382,421,-39
124900111,0,84,-84
124900112,95,1187,-1092
129000186,448,56,392
204000001,26,1,25
204000002,21,7,14
204000003,105,0,105
204000004,8,4,4
204000005,656,842,-186
204000006,1544,3063,-1519
204000008,1273,1139,134
204000011,14,72,-58
204000012,46,95,-49
204000013,0,30,-30
204000019,579,621,-42
204000020,795,979,-184
204000021,2192,999,1193
204000022,489,598,-109
204000023,689,1368,-679
204000031,77,17,60
204000032,696,33,663
204000034,26,394,-368
204000035,0,9,-9
204000036,34,34,0
204000037,1,26,-25
204000038,6,4,2
204000039,2,61,-59
204000040,7,49,-42
204000041,10,65,-55
204000042,97,22,75
204000043,48,3,45
204000044,56,2,54
204000045,167,0,167
204000046,29,3,26
204000057,11,43,-32
204000062,17,30,-13
204000068,50,209,-159
204000069,17,273,-256
204000070,89,155,-66
204000080,13,62,-49
204000085,2328,3127,-799
204000086,3468,3174,294
204000087,40,30,10
204000088,7,142,-135
204000090,37,465,-428
204000093,294,90,204
204000096,1077,1227,-150
204000097,430,23,407
204000099,1098,1985,-887
204000100,1283,2255,-972
204000105,2820,2555,265
204000110,692,1576,-884
204000111,617,1011,-394
204000112,1273,946,327
204000113,649,1032,-383
204000114,1012,756,256
204000115,768,472,296
204000116,975,659,316
204000119,2042,3681,-1639
204000132,569,284,285
204000133,670,412,258
204000134,405,220,185
204000135,514,119,395
204000136,467,299,168
204000138,380,428,-48
204000140,259,154,105
204000141,152,107,45
204000144,7,31,-24
204000145,537,50,487
204000146,25,441,-416
204000147,34,156,-122
204000148,352,41,311
204000154,4,2,2
204000155,10,8,2
204000177,63,77,-14
204000179,25,9,16
204000180,0,31,-31
204000222,33,7,26
204000235,23,20,3
204000236,100,350,-250
204000238,31,48,-17
204000240,425,98,327
204000308,341,23,318
204000317,10,116,-106
204000322,2,84,-82
204000323,28,12,16
204000328,291,91,200
204000329,44,225,-181
204000330,255,39,216
204000331,40,137,-97
204010341,7,362,-355
205000001,1147,2170,-1023
205000013,12,67,-55
205000014,17,106,-89
205000015,54,215,-161
205000016,22,189,-167
205000017,34,114,-80
205000022,387,963,-576
205000025,1917,1346,571
205000029,241,11,230
205000045,249,287,-38
205000047,61,524,-463
205000048,264,1132,-868
205000049,133,945,-812
205000050,936,360,576
205000059,0,270,-270
205000060,0,128,-128
205000061,2,113,-111
205000062,4,39,-35
205000063,15,205,-190
205000064,17,188,-171
205000065,88,770,-682
205000066,107,1063,-956
205000067,63,1339,-1276
205000069,138,37,101
205000082,220,579,-359
205000110,54,266,-212
205000111,175,346,-171
205000112,193,301,-108
205000113,273,350,-77
205000121,376,205,171
205000123,51,273,-222
205000126,543,512,31
205000127,937,681,256
205000128,868,504,364
205000129,953,475,478
205000130,1362,152,1210
205000131,1835,33,1802
205000132,1842,19,1823
205000133,1846,15,1831
205000134,884,5,879
205000137,81,202,-121
205000138,241,456,-215
205000139,23,122,-99
205000144,65,149,-84
205000145,417,467,-50
205000151,288,185,103
205000152,227,141,86
205000153,224,206,18
205000154,113,218,-105
205000155,212,63,149
205000207,6,204,-198
205000233,64,2,62
205000234,0,3,-3
205000243,0,0,0
205000244,1,4,-3
205000245,6,358,-352
205000249,1,62,-61
205000250,9,2,7
205000251,76,501,-425
205000264,6,104,-98
206000027,4,4,0
206000028,4,6,-2
206000043,11,157,-146
206000053,3,27,-24
206000054,3,41,-38
206000055,1,36,-35
206000075,3,11,-8
206000076,31,17,14
206000077,18,10,8
206000078,29,2,27
206000079,23,3,20
206000082,834,29,805
206000100,74,949,-875
206000103,5,25,-20
206000104,21,24,-3
206000105,10,13,-3
206000106,3,34,-31
206000108,803,56,747
206000125,26,0,26
206000157,95,970,-875
206000170,0,255,-255
206000171,2,282,-280
206000172,21,910,-889
206000173,3,351,-348
206000174,12,137,-125
206000175,6,209,-203
206000176,33,320,-287
206000177,0,230,-230
206000178,6,234,-228
206000179,31,168,-137
206000180,25,252,-227
206000181,4,369,-365
206000182,16,336,-320
206000183,34,1216,-1182
206000184,4,417,-413
206000185,10,306,-296
206000186,162,1687,-1525
206000223,9,243,-234
206000226,27,3,24
206000227,23,1,22
206000237,49,528,-479
206000238,48,666,-618
206000239,560,2743,-2183
206000240,0,55,-55
206000241,0,134,-134
206000242,7,380,-373
206000243,12,335,-323
206000244,90,855,-765
206000245,499,100,399
206000246,86,17,69
206000247,127,9,118
206000248,507,32,475
206000252,129,31,98
206000258,20,71,-51
206000315,48,9,39
206000317,538,130,408
206000318,296,69,227
206000319,812,74,738
206000320,102,53,49
206000321,101,20,81
206000322,398,21,377
206000323,116,9,107
206000324,116,6,110
206000325,229,6,223
206000326,312,11,301
206000327,465,8,457
206000328,101,6,95
206000329,154,5,149
206000330,26,4,22
206000331,100,1,99
206000332,24,7,17
206000333,416,6,410
206000334,181,3,178
206000335,0,24,-24
206000361,1,286,-285
206000392,2,54,-52
206000405,114,0,114
206000441,33,24,9
206000498,44,4,40
206000515,115,24,91
206000530,133,72,61
206000531,167,238,-71
206000532,3166,293,2873
206000535,556,2768,-2212
206000536,22,241,-219
206000537,16,264,-248
206000613,1629,256,1373
207000001,223,561,-338
207000002,156,343,-187
207000003,205,249,-44
207000007,701,340,361
207000008,58,11,47
207000009,59,40,19
207000010,515,701,-186
207000012,384,368,16
207000015,394,1978,-1584
207000019,341,149,192
207000021,802,189,613
207000022,168,146,22
207000023,215,63,152
207000024,5,20,-15
207000025,47,68,-21
207000026,147,63,84
207000027,28,113,-85
207000028,74,310,-236
207000029,313,646,-333
207000033,375,426,-51
207000034,385,106,279
207000039,435,220,215
207000040,262,151,111
207000041,124,71,53
207000042,349,69,280
207000043,274,232,42
207000051,186,416,-230
207000052,18,204,-186
207000053,527,788,-261
207000054,74,148,-74
207000055,194,213,-19
207000056,370,480,-110
207000057,172,347,-175
207000058,151,504,-353
207000059,100,786,-686
207000060,91,249,-158
207000061,261,370,-109
207000062,207,56,151
207000063,298,130,168
207000064,426,315,111
207000065,373,337,36
207000066,203,231,-28
207000067,67,163,-96
207000068,121,83,38
207000069,817,532,285
207000082,22,298,-276
207000083,130,426,-296
207000084,257,323,-66
207000085,135,19,116
207000086,127,3,124
207000106,16,54,-38
207000107,82,22,60
207000108,61,17,44
207000109,73,11,62
207000110,57,71,-14
207000111,81,59,22
207000112,353,452,-99
207000114,23,49,-26
207000115,26,86,-60
207000116,26,376,-350
207000117,4,131,-127
207000118,12,114,-102
207000119,47,121,-74
207000123,221,44,177
207000124,48,36,12
207000125,54,57,-3
207000126,46,54,-8
207000134,55,217,-162
207000135,19,302,-283
207000148,68,216,-148
207000149,95,33,62
207000152,220,579,-359
207000153,1414,1668,-254
207000154,531,147,384
207000159,102,521,-419
207000160,203,713,-510
207000238,0,174,-174
207000242,6,282,-276
207000248,47,59,-12
207000249,202,51,151
207000250,1660,87,1573
207000251,157,100,57
207000252,56,80,-24
207000278,153,137,16
207000279,15,267,-252
207000280,404,81,323
207000281,103,1404,-1301
207000282,178,50,128
207000283,171,299,-128
207000284,47,123,-76
207000285,206,29,177
207000291,8,145,-137
207000304,232,73,159
207000306,84,600,-516
207000310,65,101,-36
207000353,253,9,244
207000356,18,35,-17
207000357,160,8,152
207000415,1,287,-286
207000417,24,4,20
207000437,0,1,-1
207000439,1150,692,458
207000446,135,5,130
207000460,19,9,10
207000466,231,232,-1
207000467,0,10,-10
207000468,0,13,-13
207000476,2,113,-111
207000477,676,163,513
207000523,0,8,-8
207000524,16,0,16
207000527,131,242,-111
207000530,357,3,354
207000531,238,11,227
207000532,83,25,58
207000534,766,76,690
207000535,60,363,-303
207000537,19,218,-199
207000540,15,325,-310
207000541,2,487,-485
207000548,2,471,-469
207000549,178,5,173
207000561,148,156,-8
207000562,40,315,-275
207000567,199,246,-47
207000568,172,161,11
207000569,412,1464,-1052
207000584,547,405,142
207000585,192,317,-125
207000616,1,201,-200
207000617,88,10,78
207000628,0,0,0
207900008,152,180,-28
208000001,710,1277,-567
208000002,756,766,-10
208000003,1389,767,622
208000004,1921,1044,877
208000005,18,32,-14
208000019,600,1235,-635
208000020,198,676,-478
208000021,285,765,-480
208000022,1221,913,308
208000028,1668,1259,409
208000033,580,902,-322
208000034,1600,2684,-1084
208000040,131,246,-115
208000041,1006,712,294
208000042,1035,810,225
208000047,237,593,-356
208000064,3442,2459,983
208000066,2256,2762,-506
208000070,416,504,-88
208000071,493,1155,-662
208000072,493,1814,-1321
208000080,237,573,-336
208000081,329,250,79
208000082,322,355,-33
208000083,159,513,-354
208000084,115,26,89
208000085,1654,655,999
208000086,894,1065,-171
208000087,444,912,-468
208000089,1133,994,139
208000090,903,1282,-379
208000093,118,231,-113
208000094,698,768,-70
208000095,1035,596,439
208000104,1136,1474,-338
208000105,811,1583,-772
208000114,110,338,-228
208000115,665,469,196
208000116,550,1328,-778
208000117,103,217,-114
208000118,124,114,10
208000155,959,1116,-157
208000158,1958,4508,-2550
208000186,4515,4976,-461
208000204,724,1624,-900
208000205,1428,1992,-564
208000282,5796,3163,2633
209000004,220,349,-129
209000005,49,65,-16
209000006,822,194,628
209000007,686,380,306
209000010,1040,226,814
209000011,299,368,-69
209000012,161,314,-153
209000013,275,739,-464
209000014,817,1910,-1093
209000025,401,60,341
209000026,909,206,703
209000027,452,1416,-964
209000028,584,1299,-715
209000029,1678,1245,433
209000030,1108,2467,-1359
209000031,5602,3679,1923
209000034,240,277,-37
209000035,150,229,-79
209000036,217,187,30
209000037,242,300,-58
209000038,91,204,-113
209000039,43,198,-155
209000040,372,704,-332
209000041,230,483,-253
209000042,349,492,-143
209000043,1039,956,83
209000044,263,853,-590
209000045,1541,505,1036
209000046,658,602,56
209000047,487,247,240
209000048,744,360,384
209000049,107,143,-36
209000050,188,204,-16
209000051,337,436,-99
209000052,199,424,-225
209000062,42,209,-167
209000063,43,178,-135
209000064,38,198,-160
209000065,52,63,-11
209000066,47,45,2
209000067,72,100,-28
209000080,64,382,-318
209000082,66,60,6
209000091,59,206,-147
209000093,130,50,80
209000094,253,305,-52
209000110,76,140,-64
209000111,500,2082,-1582
209000112,1069,909,160
209000113,3964,865,3099
209000114,561,647,-86
209000115,126,220,-94
209000116,963,818,145
209000118,134,60,74
209000119,134,17,117
209000121,213,900,-687
209000135,96,266,-170
209000142,868,2957,-2089
209000143,404,183,221
209000144,221,152,69
209000229,266,223,43
209000240,75,588,-513
209000259,110,150,-40
209000260,85,1535,-1450
209000261,3,909,-906
209000262,3,723,-720
209000263,0,161,-161
209000264,0,127,-127
209000265,483,2,481
209000266,117,2,115
209000267,1123,21,1102
209000268,933,86,847
210000037,97,33,64
210000047,95,44,51
210000048,114,76,38
210000049,92,64,28
210000052,81,209,-128
210000053,32,122,-90
210000054,78,97,-19
210000070,185,4,181
210000071,89,1,88
210000072,32,0,32
210000073,0,47,-47
210000074,3,171,-168
210000075,1,82,-81
210000076,17,240,-223
210000077,130,57,73
210000078,98,37,61
210000079,174,22,152
210000080,488,56,432
210000081,370,25,345
210000082,321,2,319
210000083,123,2,121
210000084,39,0,39
210000085,0,121,-121
210000086,3,213,-210
210000099,58,449,-391
210000100,81,391,-310
210000101,120,524,-404
210000105,71,655,-584
210000159,4,207,-203
210000163,192,387,-195
210000164,390,235,155
210000168,271,57,214
210000187,0,33,-33
210000188,0,38,-38
210000214,46,1,45
210000219,23,92,-69
210000220,64,98,-34
210000232,5,28,-23
210000233,44,120,-76
210000234,38,250,-212
210000235,72,265,-193
210000245,0,93,-93
210000246,54,2,52
210000258,23,145,-122
210000259,340,64,276
210000282,120,377,-257
210000285,1,144,-143
210000286,29,215,-186
210000295,77,298,-221
210000296,153,114,39
210000320,215,137,78
210000321,103,122,-19
210000338,329,130,199
210000339,694,2191,-1497
210000340,205,879,-674
210000341,286,529,-243
210000342,278,343,-65
210000343,384,331,53
210000344,928,229,699
210000345,384,535,-151
210000346,137,252,-115
210000347,563,69,494
210000348,439,30,409
210000349,403,32,371
210000350,117,62,55
210000351,190,106,84
210000352,68,151,-83
210000353,48,167,-119
210000354,71,165,-94
210000355,151,213,-62
210000356,208,131,77
210000357,147,94,53
210000358,609,187,422
210000359,402,134,268
210000360,328,144,184
210000361,262,227,35
210000362,411,255,156
210000363,1249,268,981
210000364,159,258,-99
210000365,186,106,80
210000366,166,92,74
210000367,142,45,97
210000368,217,51,166
210000369,86,24,62
210000370,156,57,99
210000372,115,59,56
210000373,264,34,230
210000374,136,12,124
210000375,44,132,-88
210000376,173,278,-105
210000404,82,284,-202
210000439,40,81,-41
210000472,344,8,336
210000482,99,159,-60
210000564,712,425,287
210000568,768,10,758
211000092,22,71,-49
211000094,22,8,14
211000169,187,28,159
211000172,20,305,-285
211000209,0,19,-19
211000275,27,40,-13
211000276,83,36,47
211000279,26,60,-34
211000281,43,68,-25
211507980,1,43,-42
211977296,84,8,76
212000003,264,96,168
212000004,398,57,341
212000005,107,37,70
212000006,90,113,-23
212000008,181,212,-31
212000009,35,200,-165
212000012,95,96,-1
212000013,27,95,-68
212000014,394,226,168
212000015,414,341,73
212000016,797,770,27
212000027,574,900,-326
212000028,326,787,-461
212000029,246,640,-394
212000030,42,59,-17
212000031,87,128,-41
212000048,59,261,-202
212000049,29,143,-114
212000050,31,19,12
212000051,212,324,-112
212000052,198,510,-312
212000053,413,853,-440
212000054,161,247,-86
212000055,215,413,-198
212000056,35,78,-43
212000057,11,50,-39
212000058,602,53,549
212000070,165,436,-271
212000077,130,944,-814
212000099,294,487,-193
212000108,378,334,44
212000111,249,206,43
212000120,203,107,96
212000138,322,42,280
212000156,9,168,-159
212000158,9,28,-19
212000159,320,83,237
212000160,552,399,153
212000161,85,11,74
212000310,46,19,27
212000311,16,187,-171
212000374,81,35,46
213000001,69,801,-732
213000005,601,202,399
213000006,1579,281,1298
213000007,277,16,261
213000009,878,537,341
213000010,265,387,-122
213000011,467,197,270
213000012,236,526,-290
213000014,97,6,91
213000015,233,11,222
213000016,393,8,385
213000017,117,0,117
213000018,1,254,-253
213000019,1,181,-180
213000020,136,476,-340
213000021,10,129,-119
213000023,367,282,85
213000033,329,1660,-1331
213000034,771,591,180
213000035,95,500,-405
213000045,156,345,-189
213000046,146,254,-108
213000047,691,1164,-473
213000056,115,105,10
213000069,230,2,228
213000073,1,34,-33
213000074,149,571,-422
213000075,795,10,785
213000085,8,49,-41
213000086,26,313,-287
213000091,124,9,115
213000092,25,14,11
213000099,235,1239,-1004
213000100,1427,316,1111
213000101,305,181,124
213000102,385,462,-77
213000103,1156,1204,-48
213000104,43,681,-638
213000105,2,118,-116
213000106,24,215,-191
213000107,192,895,-703
213000108,41,867,-826
213000109,8,373,-365
213000110,9,129,-120
213000111,12,119,-107
213000112,244,131,113
213000115,50,17,33
213000116,55,1219,-1164
213000117,17,1563,-1546
213000118,548,448,100
213000119,109,1122,-1013
213000120,135,993,-858
213000122,357,1062,-705
213000123,881,2271,-1390
213000124,129,1859,-1730
213000125,182,29,153
213000126,150,107,43
213000127,223,182,41
213000128,920,1334,-414
213000129,592,847,-255
213000130,395,432,-37
213000132,268,171,97
213000133,411,175,236
213000134,1094,42,1052
213000136,406,27,379
213000137,703,151,552
213000139,522,47,475
213000147,125,21,104
213000148,84,1,83
213000149,233,9,224
213000150,0,125,-125
213000151,7,111,-104
213000152,7,107,-100
213000153,10,49,-39
213000154,17,244,-227
213000155,44,492,-448
213000156,119,1059,-940
213000157,989,663,326
213000158,406,1149,-743
213000159,630,958,-328
213000163,620,123,497
213000165,943,430,513
213000171,0,146,-146
213000172,5,406,-401
213000173,4,350,-346
213000174,4,414,-410
213000175,27,310,-283
213000176,189,49,140
213000177,106,10,96
213000178,129,14,115
213000179,202,4,198
213000180,183,1,182
213000184,155,771,-616
213000188,526,137,389
213000189,445,70,375
213000190,1067,1309,-242
213000191,354,695,-341
213000192,249,686,-437
213000193,2177,356,1821
213000194,0,45,-45
213000195,14,541,-527
213000196,195,1548,-1353
213000197,366,1447,-1081
213000198,142,5,137
213000200,154,1422,-1268
213000201,80,64,16
213000202,13,1057,-1044
213000203,4678,1047,3631
213000204,629,168,461
213000205,350,220,130
213000206,1043,150,893
213000207,235,23,212
213000208,220,0,220
213000209,262,1,261
213000210,1202,9,1193
213000211,59,20,39
213000212,39,12,27
213000213,24,20,4
213000218,395,1207,-812
213000219,684,18,666
213000220,635,8,627
213000223,426,268,158
213000224,105,50,55
213000225,98,24,74
213000226,125,27,98
213000227,1086,375,711
213000228,308,110,198
213000229,495,49,446
213000230,416,59,357
213000232,156,652,-496
213000233,21,47,-26
213000234,2,69,-67
213000293,33,48,-15
213000294,221,18,203
213000295,39,91,-52
213000296,54,37,17
213000297,16,161,-145
213000298,24,129,-105
213000299,70,76,-6
213000300,7,7,0
213000303,6,39,-33
213000304,9,9,0
213000305,5,33,-28
213000306,324,39,285
213000307,1302,119,1183
213000308,159,332,-173
213000309,263,81,182
213000310,971,149,822
213000311,312,1001,-689
213000315,84,209,-125
213000316,174,70,104
213000322,129,227,-98
213000323,65,119,-54
213000324,102,248,-146
213000325,70,289,-219
213000326,118,110,8
213000327,137,313,-176
213000328,80,214,-134
213000329,123,167,-44
213000340,181,1013,-832
213000341,441,159,282
213000347,1189,434,755
213000348,14,156,-142
213000349,29,8,21
213000350,360,1871,-1511
213000366,81,567,-486
213000367,187,37,150
213000379,108,119,-11
213000386,24,297,-273
213000406,64,544,-480
213000417,1722,753,969
213000425,120,58,62
213000426,93,112,-19
213000427,49,534,-485
213000428,57,277,-220
213000429,19,4,15
213000430,113,1335,-1222
213000431,38,2,36
213000432,4,28,-24
213000433,33,250,-217
213000434,88,148,-60
213000435,109,161,-52
213000436,27,103,-76
213000437,9,128,-119
213000438,163,215,-52
213000439,79,20,59
213000440,19,435,-416
213000441,0,0,0
213000442,10,91,-81
213000443,697,646,51
213000444,29,129,-100
213000445,0,133,-133
213000446,0,9,-9
213000447,5,50,-45
213000448,15,102,-87
213000449,313,3,310
213000450,16,44,-28
213000451,274,141,133
213000452,49,43,6
213000453,41,364,-323
213000455,454,46,408
213000456,0,223,-223
213000481,8,11,-3
213000484,55,4,51
213000489,481,199,282
213900002,0,202,-202
213900003,1001,10,991
213900013,1,186,-185
213900015,0,5,-5
213900016,9,22,-13
213900020,22,227,-205
213900030,2,92,-90
213900032,501,119,382
213900033,107,28,79
213900034,382,136,246
213900035,207,809,-602
213900036,107,326,-219
213900037,59,482,-423
213900038,263,313,-50
213900039,0,182,-182
213900041,6,160,-154
213900042,346,251,95
213900043,213,204,9
213900244,15,0,15
213900245,0,35,-35
218000003,42,18,24
218000004,28,39,-11
218000005,43,60,-17
218000006,124,37,87
218000007,15,9,6
218000012,550,343,207
218000013,163,195,-32
218000014,586,696,-110
218000019,1148,1083,65
218000020,434,831,-397
218000021,42,126,-84
218000022,26,49,-23
218000023,6,57,-51
218000024,2,16,-14
218000025,18,48,-30
218000026,22,85,-63
218000027,3,31,-28
218000028,7,11,-4
218000029,6,6,0
218000030,43,57,-14
218000031,3,51,-48
218000032,9,29,-20
218000039,12,32,-20
218000040,0,4,-4
218000046,81,189,-108
218000047,35,205,-170
218000048,82,233,-151
218000049,228,252,-24
218000050,501,436,65
218000051,110,464,-354
218000052,5,177,-172
218000053,3,19,-16
218000054,11,42,-31
218000055,13,21,-8
218000056,25,60,-35
218000057,0,25,-25
218000064,3,15,-12
218000065,112,112,0
218000066,16,186,-170
218000067,77,184,-107
218000068,157,181,-24
218000069,212,227,-15
218000070,230,391,-161
218000071,248,356,-108
218000072,438,360,78
218000078,876,1564,-688
218000079,108,200,-92
218000080,98,145,-47
218000081,424,438,-14
218000082,63,267,-204
218000083,62,116,-54
218000084,198,283,-85
218000085,155,733,-578
218000086,59,343,-284
218000087,288,412,-124
218000090,15,166,-151
218000091,750,452,298
218000092,112,253,-141
218000093,115,104,11
218000094,362,661,-299
218000099,408,1127,-719
218000100,367,567,-200
218000101,371,233,138
218000102,418,399,19
218000103,123,290,-167
218000104,102,102,0
218000105,99,28,71
218000106,11,10,1
218000107,59,123,-64
218000108,9,110,-101
218000112,284,104,180
218000117,233,283,-50
218000134,1082,1271,-189
218000135,146,181,-35
218000136,342,97,245
218000137,294,140,154
218000138,56,115,-59
218000139,216,397,-181
218000140,540,241,299
218000141,199,88,111
218000142,136,225,-89
218000143,114,286,-172
218000144,91,112,-21
218000145,411,567,-156
218000146,95,338,-243
218000151,53,32,21
218000152,125,78,47
218000153,6,5,1
218000154,15,1,14
218000155,16,4,12
218000156,53,30,23
218000157,32,32,0
218000158,7,11,-4
218000159,4,4,0
218000160,4,9,-5
218000161,36,4,32
218000162,52,25,27
218000163,12,2,10
218000164,44,14,30
218000165,71,59,12
218000170,5,45,-40
218000171,106,15,91
218000172,51,15,36
218000173,54,23,31
218000174,59,9,50
218000176,152,40,112
218000177,335,290,45
218000178,91,306,-215
218000179,106,157,-51
218000180,90,58,32
218000181,238,110,128
218000187,23,18,5
218000188,71,34,37
218000189,32,108,-76
218000190,17,33,-16
218000191,130,77,53
218000192,233,491,-258
218000193,666,631,35
218000194,141,637,-496
218000195,165,141,24
218000196,404,501,-97
218000197,340,577,-237
218000198,9,229,-220
218000199,58,28,30
218000200,62,35,27
218000201,18,7,11
218000202,228,324,-96
218000207,4,61,-57
218000208,77,61,16
218000211,55,7,48
218000212,2,16,-14
218000213,166,87,79
218000214,9,25,-16
218000215,63,94,-31
218000217,6,187,-181
218000218,425,302,123
218000219,280,66,214
218000220,579,411,168
218000221,3834,272,3562
218000222,113,47,66
218000223,41,401,-360
218000224,10,153,-143
218000225,216,25,191
218000226,133,85,48
218000230,0,3,-3
218000232,65,127,-62
218000234,23,5,18
218000239,126,8,118
218000240,30,9,21
218000241,8,2,6
218000242,46,1,45
218000243,18,1,17
218000244,20,3,17
218000245,51,6,45
218000246,1,0,1
218000247,1,0,1
218000248,0,29,-29
218000249,0,4,-4
218000250,9,38,-29
218000251,2,14,-12
218000252,4,19,-15
218000253,6,15,-9
218000254,4,9,-5
218000255,1,7,-6
218000256,7,36,-29
218000267,511,1205,-694
218000268,11,105,-94
218000269,4,19,-15
218000270,28,41,-13
218000271,30,31,-1
218000273,21,9,12
218000274,19,9,10
218000275,19,45,-26
218000276,9,65,-56
218000278,9,54,-45
218000279,35,41,-6
218000280,0,13,-13
218000281,28,13,15
218000282,409,192,217
218000284,142,38,104
218000301,145,140,5
218000302,149,75,74
218000303,42,58,-16
218000316,821,1799,-978
218000317,1016,1847,-831
218000318,482,1198,-716
218000319,1175,1987,-812
218000320,867,1078,-211
218000338,149,35,114
218000339,14,12,2
218000342,29,69,-40
218000343,108,67,41
218000345,100,39,61
218000346,69,203,-134
218000353,37,13,24
218000354,35,68,-33
218000459,62,397,-335
218000490,141,52,89
218000501,125,77,48
218000502,47,135,-88
218000503,137,62,75
218000504,245,52,193
218000505,106,241,-135
218000506,70,392,-322
218000508,2,3,-1
218000510,320,26,294
218000520,210,172,38
218000521,3,48,-45
218000522,0,159,-159
218000523,281,5,276
218000524,51,208,-157
218000525,129,21,108
218000526,51,122,-71
218000529,8,120,-112
218000530,12,3,9
218000531,29,56,-27
218000532,58,31,27
218000534,42,7,35
218000537,12,78,-66
218000538,140,192,-52
218000539,58,38,20
218000540,345,69,276
218000543,131,75,56
218000544,88,137,-49
218000545,55,111,-56
218000546,74,165,-91
218000547,117,121,-4
218000548,158,237,-79
218000549,516,355,161
218000550,249,491,-242
218000551,304,773,-469
218000552,851,50,801
218000553,14,66,-52
218000554,34,20,14
218000555,11,34,-23
218000556,73,419,-346
218000557,268,93,175
218000558,84,0,84
218000559,0,30,-30
218000560,1,18,-17
218000561,13,1,12
218000562,33,257,-224
218000563,279,25,254
218000564,32,136,-104
218000565,218,22,196
218000566,423,28,395
218000567,0,66,-66
218000568,15,2,13
218000569,14,123,-109
218000570,14,1,13
218000571,1,86,-85
218000572,133,6,127
218000573,9,95,-86
218000574,59,63,-4
218000575,147,0,147
218000576,0,84,-84
218000577,386,2,384
218000578,7,93,-86
218000579,57,45,12
218000581,2,84,-82
218000582,58,2,56
218000583,2,0,2
218000584,0,13,-13
218000585,53,9,44
218000586,26,34,-8
218000587,2,0,2
218000588,5,3,2
218000589,0,5,-5
218000590,8,0,8
218000591,1,4,-3
218000592,5,0,5
218000593,0,0,0
218000594,1,0,1
218000595,0,0,0
218000596,0,0,0
218000597,0,0,0
218000598,0,1,-1
218000599,0,1,-1
218000600,1,1,0
218000601,0,0,0
218000602,0,4,-4
218000603,0,3,-3
218000604,24,0,24
218000605,0,35,-35
218000606,63,0,63
218000607,19,42,-23
218000608,72,28,44
218000609,1,37,-36
218000610,224,4,220
218000611,27,0,27
218000612,0,39,-39
218000613,51,3,48
218000614,16,58,-42
218000615,288,1,287
218000616,18,152,-134
218000617,20,1,19
218000618,0,13,-13
218000619,46,73,-27
218000620,15,46,-31
218000621,0,13,-13
218000622,0,14,-14
218000623,79,3,76
218000624,34,28,6
218000625,9,5,4
218000626,0,3,-3
218000628,131,53,78
218000631,12,10,2
218000632,0,89,-89
218000633,107,1,106
218000634,2,21,-19
218000635,9,7,2
218000636,1204,2263,-1059
218000637,746,935,-189
218000638,150,75,75
218000639,34,318,-284
218000640,259,39,220
218000641,90,558,-468
218000652,109,190,-81
218000653,170,104,66
218000663,0,63,-63
218000675,56,24,32
218000676,3,50,-47
218000677,6,21,-15
218000680,46,217,-171
218000681,140,55,85
218000691,27,147,-120
218000693,60,53,7
218000703,7,69,-62
218000718,1244,987,257
218000719,2054,423,1631
218000720,2,63,-61
218000721,135,20,115
218000725,21,12,9
218001214,20,45,-25
218001329,43,39,4
218001330,27,18,9
219000001,33,55,-22
219000002,72,67,5
219000003,53,37,16
219000004,86,64,22
219000017,596,24,572
219000020,115,48,67
219000022,151,12,139
219000023,99,7,92
219000029,0,81,-81
219000034,72,16,56
219000039,69,88,-19
219000040,76,50,26
219000041,122,40,82
219000051,0,73,-73
219000052,1,27,-26
219000053,3,162,-159
219000054,584,348,236
219000055,163,3,160
219000056,45,2,43
219000057,252,0,252
219000062,22,236,-214
219000063,70,5,65
219000064,0,19,-19
219000110,392,66,326
219000111,98,38,60
219000112,290,75,215
219000113,159,73,86
219000114,259,97,162
219000116,100,34,66
219000117,207,94,113
219000118,156,97,59
219000123,279,128,151
219000124,188,115,73
219000125,12,30,-18
219000126,86,112,-26
219000127,0,8,-8
219000128,8,130,-122
219000129,24,162,-138
219000130,992,1010,-18
219000131,1026,1243,-217
219000133,91,44,47
219000134,20,25,-5
219000135,51,55,-4
219000136,134,245,-111
219000138,97,22,75
219000139,35,63,-28
219000140,35,3,32
219000141,27,156,-129
219000142,16,125,-109
219000143,15,95,-80
219000145,20,95,-75
219000146,2,80,-78
219000147,1,106,-105
219000148,8,92,-84
219000149,11,185,-174
219000150,2,124,-122
219000151,6,73,-67
219000157,270,181,89
219000158,217,311,-94
219000161,229,8,221
219000163,2178,548,1630
219000166,126,206,-80
219000167,90,239,-149
219000168,383,154,229
219000174,479,128,351
219000175,124,7,117
219000176,82,3,79
219000177,29,6,23
219000178,22,4,18
219000179,19,11,8
219000180,47,34,13
219000182,142,16,126
219000183,70,58,12
219000184,135,23,112
219000185,2,118,-116
219000186,44,89,-45
219000187,18,159,-141
219000189,146,187,-41
219000190,151,265,-114
219000191,2006,1708,298
219000192,227,154,73
219000193,465,151,314
219000195,4,95,-91
219000196,5,171,-166
219000198,39,133,-94
219000199,122,292,-170
219000200,47,275,-228
219000201,72,321,-249
219000203,37,138,-101
219000204,165,238,-73
219000205,81,179,-98
219000207,238,278,-40
219000209,39,85,-46
219000210,263,143,120
219000213,11,344,-333
219000239,242,306,-64
219000240,258,480,-222
219000241,151,319,-168
219000242,141,238,-97
219000243,100,296,-196
219000244,75,120,-45
219000245,50,63,-13
219000246,59,15,44
219000247,153,32,121
219000248,710,432,278
219000249,158,94,64
219000250,215,103,112
219000251,892,220,672
219000252,383,223,160
219000253,326,64,262
219000255,118,139,-21
219000256,155,80,75
219000257,219,1,218
219000262,98,246,-148
219000263,42,251,-209
219000267,2,175,-173
219000268,5,11,-6
219000269,21,7,14
219000270,16,1,15
219000271,155,27,128
219000278,1,10,-9
219000279,1,1,0
219000283,0,28,-28
219000295,10,154,-144
219000296,81,630,-549
219000297,15,222,-207
219000298,13,226,-213
219000299,528,130,398
219000300,31,357,-326
219000301,256,475,-219
219000302,59,245,-186
219000307,48,66,-18
219000308,31,23,8
219000311,168,52,116
219000312,634,105,529
219000313,323,51,272
219000314,103,759,-656
219000315,242,74,168
219000316,571,113,458
219000317,116,51,65
219000320,1,66,-65
219000321,2,26,-24
219000323,10,127,-117
219000325,1,26,-25
219000326,61,127,-66
219000327,102,52,50
219000328,75,85,-10
219000329,354,169,185
219000330,52,27,25
219000331,107,55,52
219000332,104,160,-56
219000333,12,7,5
219000335,102,4,98
219000337,32,2,30
219000338,165,2,163
219000344,27,86,-59
219000345,60,182,-122
219000346,72,236,-164
219000348,168,195,-27
219000349,58,278,-220
219000350,71,172,-101
219000351,13,7,6
219000352,408,85,323
219000353,161,72,89
219000354,145,180,-35
219000355,134,55,79
219000356,2485,1277,1208
219000363,419,56,363
219000364,104,53,51
219000365,134,25,109
219000366,345,493,-148
219000368,631,539,92
219000370,1584,461,1123
219000371,14,27,-13
219000382,6,46,-40
219000383,848,1200,-352
219000385,653,716,-63
219000386,1197,1828,-631
219000387,5,6,-1
219000390,6,4,2
219000391,6,1,5
219000397,128,109,19
219000398,74,29,45
219000401,9,160,-151
219000402,32,126,-94
219000403,148,234,-86
219000404,23,130,-107
219000407,0,20,-20
219000409,96,55,41
219000410,112,33,79
219000411,61,19,42
219000446,252,538,-286
219000447,0,31,-31
219000448,15,16,-1
219000452,173,66,107
219000453,85,174,-89
219000454,429,260,169
219000556,273,115,158
219000558,166,230,-64
219000590,32,227,-195
219000591,62,80,-18
219000592,159,538,-379
219000595,3,47,-44
219000635,129,74,55
219000636,24,110,-86
219000657,46,10,36
219000658,70,120,-50
219000673,0,8,-8
219000676,181,9,172
219000679,98,12,86
219000684,190,5,185
219000685,3,107,-104
219000686,5,2,3
219000688,0,110,-110
219000689,42,434,-392
219000690,315,60,255
219000691,9,45,-36
219000692,52,8,44
219000693,2,35,-33
219000694,14,17,-3
219000695,11,5,6
219000698,71,0,71
219000699,1,16,-15
219000727,1,183,-182
219000728,115,7,108
219000770,36,4,32
219000771,0,32,-32
219001150,2,34,-32
219001151,3,3,0
219001166,41,17,24
219001167,6,80,-74
220000001,108,69,39
220000002,20,198,-178
220000003,761,288,473
220000004,1386,669,717
220000005,1971,2203,-232
220000006,237,1054,-817
220000007,391,734,-343
220000008,445,1156,-711
220000009,291,507,-216
220000010,270,210,60
220000011,1260,6141,-4881
220000012,100,842,-742
220000014,149,64,85
220000015,77,171,-94
220000017,51,510,-459
220000018,8809,2914,5895
220000019,96,345,-249
220000020,520,275,245
220000021,461,227,234
220000022,531,629,-98
220000023,236,222,14
220000024,2130,400,1730
220000025,1518,1149,369
220000026,213,243,-30
220000027,33,133,-100
220000028,25,29,-4
220000029,75,348,-273
220000030,145,119,26
220000031,454,401,53
220000064,20,1189,-1169
221000046,1,0,1
221000047,0,4,-4
221000048,0,4,-4
221000049,0,14,-14
221000050,24,0,24
221000055,64,69,-5
221000057,80,14,66
221000068,387,189,198
221000069,360,92,268
221000070,256,38,218
221000071,114,9,105
221000072,372,11,361
221000073,218,62,156
221000074,3,38,-35
221000075,39,25,14
221000076,6,36,-30
221000077,44,120,-76
221000081,48,15,33
221000082,74,12,62
221000083,53,7,46
221000084,1,4,-3
221000085,23,94,-71
221000086,12,227,-215
221000087,7,268,-261
221000088,22,245,-223
221000089,46,378,-332
221000090,197,623,-426
221000098,133,30,103
221000099,171,23,148
221000100,87,17,70
221000101,219,13,206
221000102,137,25,112
221000109,9,119,-110
221000110,10,147,-137
221000111,19,237,-218
221000112,13,189,-176
221000113,31,210,-179
221000114,19,233,-214
221000120,64,45,19
221000121,8,26,-18
221000122,129,35,94
221000123,38,3,35
221000124,78,272,-194
221000155,133,15,118
221000156,81,38,43
221000175,0,2,-2
221000176,0,3,-3
221000182,35,11,24
221000241,701,345,356
221000242,245,566,-321
221000243,693,177,516
221000244,324,567,-243
221000245,103,136,-33
221000246,38,292,-254
221000247,92,132,-40
221000248,233,184,49
221000267,82,992,-910
221000325,72,73,-1
221000331,73,152,-79
221000338,100,40,60
221000378,182,28,154
221000381,90,27,63
222000282,2,0,2
222000296,4,49,-45
222000568,289,27,262
222000569,156,30,126
222000570,113,14,99
222000571,391,29,362
222000577,25,262,-237
222000578,34,237,-203
222000579,48,188,-140
222000580,127,1280,-1153
222000599,3,153,-150
222000600,0,417,-417
222000601,10,1194,-1184
222000603,31,27,4
222000604,6,32,-26
222000605,49,21,28
222000606,0,6,-6
222000607,11,7,4
222000608,42,12,30
222000609,48,307,-259
222000616,266,52,214
222000617,20,13,7
222000618,3,2,1
222000620,76,17,59
222000621,105,24,81
222000623,546,4,542
222000624,396,6,390
222000625,362,50,312
222000636,75,6,69
222000686,18,11,7
222000687,38,65,-27
222001066,435,3,432
222001067,11,14,-3
222001068,23,67,-44
222001069,20,77,-57
222001082,15,56,-41
222001083,15,61,-46
222001084,0,21,-21
222001085,0,275,-275
222001111,48,209,-161
222001112,54,76,-22
222001313,62,10,52
222001314,2,148,-146
222001464,113,70,43
222001465,32,117,-85
222001484,162,92,70
222001485,30,44,-14
222001494,346,168,178
222001495,94,409,-315
222001496,300,76,224
222001497,70,651,-581
222001502,21,123,-102
222001503,131,77,54
222001504,14,338,-324
222001505,270,32,238
222001506,39,329,-290
222001507,344,31,313
222001510,409,31,378
222001511,49,515,-466
222001514,673,206,467
222001515,342,895,-553
222001518,165,100,65
222001519,57,373,-316
222001527,294,92,202
222001528,67,222,-155
222001529,228,80,148
222001530,68,299,-231
222001533,144,494,-350
222001534,340,87,253
222001535,149,209,-60
222001536,78,363,-285
222001537,233,27,206
222001538,79,662,-583
222001563,483,110,373
222001564,59,863,-804
222001568,428,111,317
222001576,3,3,0
222001579,1,2,-1
222001583,45,339,-294
222001584,129,15,114
222001596,777,1949,-1172
222001597,1616,320,1296
222001626,0,200,-200
222001650,57,101,-44
222001651,41,260,-219
222001914,195,95,100
222001915,81,268,-187
222900004,469,261,208
222900009,504,922,-418
222900019,386,322,64
222900024,28,53,-25
222900025,0,34,-34
225000001,650,286,364
225000002,569,226,343
225000003,476,155,321
225000004,303,391,-88
225000005,61,97,-36
225000006,0,215,-215
225000007,3832,1823,2009
225000010,318,7,311
225000011,672,2058,-1386
225000012,221,916,-695
225000013,205,271,-66
225000014,1953,130,1823
225000015,110,263,-153
225000021,1007,431,576
225000027,309,805,-496
225000032,829,265,564
225000042,120,954,-834
225000049,45,56,-11
225000050,72,17,55
225000053,5,525,-520
225000058,961,191,770
225000067,162,255,-93
225000068,133,578,-445
225000069,162,712,-550
225000070,80,651,-571
225000071,34,366,-332
225000075,45,1249,-1204
225000076,111,172,-61
225000078,178,50,128
225000085,38,124,-86
225000086,697,77,620
225000087,303,80,223
225000088,22,226,-204
225000089,386,1232,-846
225000090,34,516,-482
225000091,155,315,-160
225000092,30,59,-29
225000093,154,563,-409
225000094,16,508,-492
225000095,403,741,-338
225000096,396,752,-356
225000098,789,287,502
225000099,435,239,196
225000100,253,238,15
225000104,114,604,-490
225000110,15,591,-576
225000111,466,1743,-1277
225000112,639,1395,-756
225000113,280,750,-470
225000114,143,443,-300
225000115,3015,788,2227
225000116,1151,285,866
225000117,1123,555,568
225000118,1303,488,815
225000119,250,152,98
225000120,835,96,739
225000121,330,51,279
225000123,3324,29,3295
225000125,473,398,75
225000126,1515,296,1219
225000127,1114,1504,-390
225000128,451,878,-427
225000132,310,47,263
225000133,402,30,372
225000134,583,146,437
225000135,52,6,46
225000136,228,17,211
225000137,166,74,92
225000138,381,91,290
225000143,153,222,-69
225000144,12,465,-453
225000145,68,93,-25
225000146,35,172,-137
225000147,13,465,-452
225000148,13,303,-290
225000149,84,607,-523
225000151,32,464,-432
225000155,375,584,-209
225000156,471,1274,-803
225000157,444,535,-91
225000158,117,489,-372
225000171,9,231,-222
225000180,32,4,28
225000181,0,124,-124
225000182,110,26,84
225000185,4,441,-437
225000187,66,528,-462
225000191,143,3,140
225000194,0,4,-4
225000208,0,73,-73
225000209,92,30,62
225000210,6,411,-405
225000217,0,14,-14
225000218,12,0,12
225000223,3,92,-89
225000224,224,1,223
225000225,12,85,-73
225000226,300,0,300
225000227,72,105,-33
225000228,35,10,25
225000229,0,100,-100
225000230,16,0,16
225000231,0,114,-114
225000232,107,0,107
225000241,67,0,67
225000242,1,47,-46
225000249,8,0,8
225000250,66,1148,-1082
225000251,347,39,308
225000254,58,8,50
225000256,54,90,-36
225000257,1,268,-267
226000042,727,539,188
226000043,118,343,-225
226000044,334,774,-440
226000045,108,535,-427
226000046,598,134,464
226000047,532,118,414
226000048,450,106,344
226000049,512,152,360
226000070,0,122,-122
226000071,1,117,-116
226000072,0,29,-29
226000073,1,17,-16
226000074,0,28,-28
226000084,6,94,-88
226000085,6,8,-2
226000086,2,9,-7
226000087,0,8,-8
226000088,55,35,20
226000090,447,59,388
226000091,22,23,-1
226000092,7,3,4
226000093,24,1,23
226000094,57,1,56
226000095,45,3,42
226000105,59,2,57
226000106,32,0,32
226000107,8,0,8
226000108,35,0,35
226000109,84,0,84
226000124,301,100,201
226000134,485,631,-146
226000135,978,923,55
226000136,420,529,-109
226000137,19,651,-632
226000138,7,299,-292
226000139,0,26,-26
226000156,155,3,152
226000157,156,8,148
226000163,159,88,71
226000202,17,854,-837
226000231,189,13,176
226000232,114,8,106
227000033,273,62,211
227000036,236,41,195
227000037,180,42,138
227000038,180,52,128
227000084,1,39,-38
227000085,2,43,-41
227000088,153,4,149
227000089,188,5,183
227000090,106,3,103
227000091,12,0,12
227000092,39,0,39
227000093,227,0,227
227000094,16,0,16
227000130,23,67,-44
227000131,12,193,-181
227000132,12,245,-233
227000133,6,240,-234
227000134,13,419,-406
227000152,0,2,-2
227000153,0,47,-47
227000154,0,18,-18
227000155,1,10,-9
227000156,1,17,-16
227000165,6,30,-24
227000196,407,400,7
227000199,287,928,-641
227000230,24,704,-680
227000232,434,23,411
227000242,51,463,-412
227000243,472,81,391
227000245,17,413,-396
227000246,68,525,-457
227000247,297,110,187
227000248,110,31,79
227000249,20,244,-224
227000250,630,123,507
227000251,144,185,-41
227000252,37,380,-343
227000253,79,24,55
227000262,234,55,179
227000266,967,23,944
227000267,40,2533,-2493
227000282,9,308,-299
227000284,358,22,336
227000286,2,91,-89
227000291,24,871,-847
227000296,372,312,60
227000484,312,18,294
227000485,23,1183,-1160
227000655,89,13,76
227000656,688,36,652
227000657,56,35,21
227000704,23,3,20
229000265,11,16,-5
229000266,2,0,2
229000267,43,0,43
229000268,77,0,77
229000269,57,0,57
229000274,1,84,-83
229000275,1,53,-52
229000276,1,37,-36
229000277,0,2,-2
229000278,3,9,-6
229000295,18,58,-40
229000296,5,10,-5
229000297,7,84,-77
229000298,14,305,-291
229000320,29,34,-5
229000321,21,19,2
229000412,62,92,-30
229000414,7,88,-81
229000415,12,0,12
229000416,2,18,-16
229000417,17,29,-12
229000419,154,471,-317
229000440,413,117,296
229000442,15,12,3
229000443,4,3,1
229000444,11,56,-45
229000445,61,13,48
229000446,92,23,69
229000491,1,20,-19
229000492,18,164,-146
229000493,2,131,-129
229000494,31,5,26
229000495,81,13,68
229000496,53,11,42
229000507,1,82,-81
229000508,2,46,-44
229000509,1,84,-83
229000510,3,54,-51
229000511,1,70,-69
229000512,0,57,-57
229000513,0,9,-9
229000514,0,5,-5
229000517,2,18,-16
229000518,16,29,-13
229000519,7,26,-19
229000520,11,55,-44
229000521,31,25,6
229000522,9,25,-16
229000523,13,11,2
229000524,3,7,-4
229000527,1,1,0
229000528,0,0,0
229000529,11,0,11
229000530,67,3,64
229000531,46,8,38
229000532,74,2,72
229000533,98,3,95
229000534,70,6,64
229000564,58,1,57
229000565,17,2,15
229000566,0,17,-17
229000567,0,81,-81
229000582,159,2,157
229000583,14,3,11
229000584,0,33,-33
229000585,11,74,-63
229000718,0,2,-2
229000719,0,2,-2
229000720,0,4,-4
229000721,0,11,-11
229000722,0,23,-23
229000723,0,16,-16
229000724,0,2,-2
229000725,1,10,-9
229000738,2,0,2
229000739,3,0,3
229000740,3,0,3
229000741,13,0,13
229000742,3,0,3
229000743,38,0,38
229000744,13,0,13
229000745,3,0,3
229000746,17,0,17
229000847,56,0,56
229000848,19,0,19
229000849,122,1,121
229000851,43,1,42
229000854,0,43,-43
229000856,4,213,-209
229000857,0,80,-80
229000858,1,201,-200
229000919,21,104,-83
229000930,1,294,-293
229000937,101,20,81
229000966,72,28,44
229000981,14,45,-31
229000985,13,85,-72
229000986,2,13,-11
229000987,0,2,-2
229000988,12,9,3
229000989,39,21,18
229000990,11,3,8
229000991,3,4,-1
229000992,20,20,0
229000993,288,33,255
229000998,30,83,-53
229000999,77,36,41
229001034,0,36,-36
229001035,15,6,9
229001036,5,67,-62
229001037,44,3,41
229001038,0,4,-4
229001039,6,1,5
229001040,0,158,-158
229001041,84,0,84
229001042,20,40,-20
229001047,14,130,-116
229001050,68,22,46
229001168,0,15,-15
229001200,19,6,13
229001338,2,34,-32
229001394,235,10,225
229001422,120,32,88
229001423,70,188,-118
229001431,53,70,-17
229001432,68,88,-20
229001444,153,80,73
229001445,74,330,-256
229001479,5,6,-1
229001503,190,117,73
229001504,112,217,-105
229001505,91,45,46
229001506,55,194,-139
229001509,103,7,96
229001510,15,95,-80
229001545,74,4,70
229001546,12,109,-97
229001553,72,30,42
229001554,32,117,-85
229001630,81,21,60
229001631,20,57,-37
229001635,0,11,-11
229001636,2,1,1
229001658,1,139,-138
229001659,73,5,68
229001660,1,2,-1
229001661,9,47,-38
229001662,44,2,42
229001663,0,14,-14
229002584,324,348,-24
229002831,382,271,111
229002841,21,24,-3
229002842,30,30,0
229002843,149,42,107
229002844,141,64,77
229002845,58,71,-13
229002846,17,35,-18
229002847,42,7,35
229002848,23,20,3
229002849,13,96,-83
229002850,5,2,3
229002851,172,146,26
229002852,158,40,118
229002853,212,30,182
229002854,124,57,67
229002855,15,36,-21
229002856,68,23,45
229002857,4,53,-49
229002858,25,25,0
229002859,214,29,185
229002860,166,20,146
229002861,101,46,55
229002862,33,50,-17
229002863,29,49,-20
229002864,12,62,-50
229002865,17,28,-11
229002866,25,23,2
229002867,12,17,-5
229002868,11,7,4
229002869,25,234,-209
229002870,51,13,38
235000066,119,25,94
235000067,307,94,213
235000072,42,308,-266
235000073,13,96,-83
235000074,7,21,-14
235000080,26,107,-81
235000081,91,201,-110
235000082,215,68,147
235000083,226,109,117
235000084,72,62,10
235000085,112,51,61
235000089,2,16,-14
235000092,1,34,-33
235000093,14,4,10
235000097,3,12,-9
235000098,37,12,25
235000099,13,8,5
235000115,77,73,4
235000116,40,18,22
235000117,713,38,675
235000133,11,390,-379
235000134,22,97,-75
235000206,7,7,0
235000207,9,1,8
235000208,4,0,4
235000209,3,2,1
235000210,3,2,1
235000212,5,18,-13
235000213,0,2,-2
235000220,1,1,0
235000221,116,12,104
235000238,24,54,-30
235000239,0,8,-8
235000242,393,511,-118
235000245,928,188,740
235000246,20,77,-57
235000284,4,110,-106
235000295,84,14,70
235000305,186,34,152
235000306,122,16,106
235000307,31,7,24
235000308,33,4,29
235000309,65,2,63
235000310,67,0,67
235000311,153,1,152
235000322,0,33,-33
235000323,1,84,-83
235000324,0,24,-24
235000325,2,20,-18
235000326,10,271,-261
235000351,8,74,-66
235000352,47,62,-15
235000353,4,41,-37
235000354,11,58,-47
235000355,14,106,-92
235000356,136,3,133
235000357,51,2,49
235000358,52,11,41
235000359,4,8,-4
235000360,139,58,81
235000361,60,19,41
235000381,28,241,-213
235000382,141,41,100
235000390,4,2,2
235000391,85,20,65
235000392,111,231,-120
235000393,67,139,-72
235000395,89,28,61
235000396,383,87,296
235000399,82,8,74
235000400,180,40,140
235000401,92,234,-142
235000402,49,148,-99
235000405,146,354,-208
235000406,92,355,-263
235000407,92,141,-49
235000409,195,150,45
235000410,7,76,-69
235000411,1,92,-91
235000485,0,2,-2
235000486,3,1,2
235000549,70,174,-104
235000550,60,271,-211
235000599,47,48,-1
235000600,13,12,1
235000601,19,23,-4
235000602,46,62,-16
235000614,0,2,-2
235000648,0,22,-22
235000649,22,13,9
235000685,1,1,0
235000815,10,21,-11
235000834,0,4,-4
235000855,37,53,-16
235000862,57,258,-201
235000891,0,32,-32
235000892,69,2,67
235000901,49,102,-53
235000907,3,14,-11
235001010,53,116,-63
235001029,167,153,14
235001030,337,302,35
235001078,93,84,9
235001079,86,142,-56
235001147,13,79,-66
235001166,21,62,-41
235001167,26,59,-33
235001169,31,393,-362
235001188,0,0,0
235001189,0,1,-1
235001197,21,15,6
235001200,64,24,40
235001208,5,2,3
235001209,7,20,-13
235001210,12,44,-32
235001239,3,30,-27
235001244,0,4,-4
235016267,0,30,-30
235900013,0,0,0
235900014,0,2,-2
241900007,59,0,59
277101746,0,3,-3
277102712,3,0,3
277103813,0,0,0
277103814,0,0,0
277103898,0,2,-2
990010990,35,206,-171
990011530,1,295,-294
990014944,2,615,-613
990015176,83,10,73
990015618,1,120,-119
990015888,21,43,-22
990016032,1,666,-665
990032570,8,379,-371
990070001,149,20,129
990070103,0,4,-4
990070601,1,79,-78
990070751,474,0,474
990070766,2,656,-654
990071180,888,233,655
990071343,28,1,27
990071387,0,15,-15
990071823,567,3,564
990072600,2,797,-795
990072964,5,655,-650
990073285,0,2,-2
990074393,4,1437,-1433
990074714,9,24,-15
990074870,980,8,972
990075106,830,9,821
990075746,449,43,406
990076437,996,1,995
990076458,6,1397,-1391
997000007,276,8,268
997000041,0,169,-169
997000058,32,0,32
997000062,153,2,151
997000069,0,5,-5
997000070,0,112,-112
997000100,30,0,30
997000141,9,3107,-3098
997000198,2,1023,-1021
998000475,10,44,-34
998000736,2,292,-290
998000965,0,29,-29
998001031,0,51,-51
998001072,497,373,124
998001091,1,4,-3
998001093,1,0,1
998001103,5,7,-2
998001105,4,26,-22
998001700,0,39,-39
998001899,0,2,-2
998001900,7,1,6
998003073,1105,2,1103
998003124,18,17,1
998003125,10,101,-91
998101900,0,0,0
998102850,0,114,-114
998501819,9,0,9
998501820,0,0,0
998501832,62,105,-43
998501927,721,516,205
998501929,86,6,80
998501930,72,0,72
998501931,142,24,118
998501932,8,1,7
998501933,109,18,91
998501937,5,0,5
998501944,9,2,7
998501950,0,0,0
998501970,44,7,37
998501971,0,116,-116
998501972,609,4,605
998501973,1,75,-74
998501974,0,313,-313
998501975,664,2,662
998501976,260,35,225
998501977,0,10,-10
998501978,51,0,51
998501979,0,17,-17
998501980,79,0,79
998501981,21,5,16
998501982,1,224,-223
998502006,0,0,0
998502024,0,4,-4
998502032,0,3,-3
998502062,13,2,11
998502063,0,0,0
998502173,8,0,8
998502269,0,2,-2
998601159,0,205,-205
998601292,1,26,-25
999033574,2,59,-57
999800001,47,4,43
999800002,0,8,-8
999800003,2,2,0
999800004,0,2,-2
999800005,0,14,-14
