dong,insum,outsum,diff
강남구 개포1동,1291,1830,-539
강남구 개포2동,21471,26782,-5311
강남구 개포4동,20410,13782,6628
강남구 논현1동,54390,57272,-2882
강남구 논현2동,41509,40343,1166
강남구 대치1동,32900,34074,-1174
강남구 대치2동,65581,43655,21926
강남구 대치4동,40966,37595,3371
강남구 도곡1동,35391,32630,2761
강남구 도곡2동,12023,16029,-4006
강남구 삼성1동,79490,56618,22872
강남구 삼성2동,32553,19884,12669
강남구 세곡동,31291,43630,-12339
강남구 수서동,43074,26299,16775
강남구 신사동,39860,31272,8588
강남구 압구정동,68715,49046,19669
강남구 역삼1동,124140,97263,26877
강남구 역삼2동,46174,32509,13665
강남구 일원1동,13126,14189,-1063
강남구 일원2동,6320,4703,1617
강남구 일원본동,15565,16796,-1231
강남구 청담동,61085,43407,17678
강동구 강일동,16106,25025,-8919
강동구 고덕제1동,7919,11232,-3313
강동구 고덕제2동,11565,11594,-29
강동구 길동,16816,17694,-878
강동구 둔촌제1동,491,419,72
강동구 둔촌제2동,16086,13676,2410
강동구 명일제1동,17759,20085,-2326
강동구 명일제2동,15667,12730,2937
강동구 상일동,32061,17226,14835
강동구 성내제1동,16929,13419,3510
강동구 성내제2동,12203,14329,-2126
강동구 성내제3동,18031,16716,1315
강동구 암사제1동,10217,15562,-5345
강동구 암사제2동,4595,5347,-752
강동구 암사제3동,2209,1438,771
강동구 천호제1동,6608,11036,-4428
강동구 천호제2동,27864,25620,2244
강동구 천호제3동,11648,12559,-911
강북구 미아동,31067,23921,7146
강북구 번1동,62128,50256,11872
강북구 번2동,10964,16452,-5488
강북구 번3동,19826,27688,-7862
강북구 삼각산동,7901,11806,-3905
강북구 삼양동,19204,24563,-5359
강북구 송중동,95129,76151,18978
강북구 송천동,31269,42342,-11073
강북구 수유1동,22915,22959,-44
강북구 수유2동,15178,19868,-4690
강북구 수유3동,56589,55421,1168
강북구 우이동,21490,18195,3295
강북구 월곡제1동,2411,2621,-210
강북구 인수동,16605,23240,-6635
강서구 가양제1동,29055,20535,8520
강서구 가양제2동,4253,4339,-86
강서구 가양제3동,5775,4749,1026
강서구 공항동,20324,18193,2131
강서구 등촌제1동,30513,29578,935
강서구 등촌제2동,13730,15387,-1657
강서구 등촌제3동,36610,33033,3577
강서구 발산제1동,37363,34120,3243
강서구 방화제1동,17579,21093,-3514
강서구 방화제2동,17000,15107,1893
강서구 방화제3동,3193,2861,332
강서구 염창동,17241,19588,-2347
강서구 우장산동,22690,26812,-4122
강서구 화곡본동,11272,15952,-4680
강서구 화곡제1동,49782,50488,-706
강서구 화곡제2동,8299,11994,-3695
강서구 화곡제3동,14420,15185,-765
강서구 화곡제4동,10457,13981,-3524
강서구 화곡제6동,27811,26746,1065
강서구 화곡제8동,23814,18030,5784
관악구 낙성대동,42211,75429,-33218
관악구 난곡동,15383,24359,-8976
관악구 난향동,9305,13310,-4005
관악구 남현동,14831,19333,-4502
관악구 대학동,70202,35702,34500
관악구 미성동,27844,39381,-11537
관악구 보라매동,34696,28617,6079
관악구 삼성동,20350,37930,-17580
관악구 서림동,24326,28363,-4037
관악구 서원동,68729,57213,11516
관악구 성현동,16461,31632,-15171
관악구 신림동,76432,59024,17408
관악구 신사동,14579,22761,-8182
관악구 신원동,6234,7886,-1652
관악구 은천동,33853,32990,863
관악구 인헌동,13639,15477,-1838
관악구 조원동,48986,44934,4052
관악구 중앙동,11130,9198,1932
관악구 청룡동,43938,26957,16981
관악구 청림동,5362,9932,-4570
관악구 행운동,56883,48902,7981
광진구 광장동,10433,10551,-118
광진구 구의제1동,18837,17703,1134
광진구 구의제2동,17136,23942,-6806
광진구 구의제3동,21482,15750,5732
광진구 군자동,20316,23616,-3300
광진구 능동,14786,17968,-3182
광진구 자양제1동,5456,5730,-274
광진구 자양제2동,23635,33071,-9436
광진구 자양제3동,8865,10851,-1986
광진구 자양제4동,31184,28409,2775
광진구 중곡제1동,9321,9808,-487
광진구 중곡제2동,12525,15085,-2560
광진구 중곡제3동,10180,11842,-1662
광진구 중곡제4동,8888,12109,-3221
광진구 화양동,25756,25928,-172
구로구 가리봉동,18755,15311,3444
구로구 개봉제1동,50931,47188,3743
구로구 개봉제2동,30376,27818,2558
구로구 개봉제3동,7580,14364,-6784
구로구 고척제1동,27783,31295,-3512
구로구 고척제2동,19379,28130,-8751
구로구 구로제1동,16775,13188,3587
구로구 구로제2동,54269,49003,5266
구로구 구로제3동,98481,52236,46245
구로구 구로제4동,33032,26791,6241
구로구 구로제5동,49466,42784,6682
구로구 수궁동,39603,34729,4874
구로구 신도림동,44558,44625,-67
구로구 오류제1동,16494,19103,-2609
구로구 오류제2동,17315,17369,-54
구로구 항동,2499,5555,-3056
금천구 가산동,99722,55578,44144
금천구 독산제1동,64025,68648,-4623
금천구 독산제2동,18687,24846,-6159
금천구 독산제3동,29941,34735,-4794
금천구 독산제4동,21498,13733,7765
금천구 미성동,193,474,-281
금천구 시흥제1동,51720,65648,-13928
금천구 시흥제2동,12602,21737,-9135
금천구 시흥제3동,20299,16184,4115
금천구 시흥제4동,9759,10999,-1240
금천구 시흥제5동,24739,26660,-1921
노원구 공릉1동,25353,29325,-3972
노원구 공릉2동,32788,30454,2334
노원구 상계10동,15553,9636,5917
노원구 상계1동,19582,20348,-766
노원구 상계2동,24665,26424,-1759
노원구 상계3.4동,4457,6068,-1611
노원구 상계5동,17701,16538,1163
노원구 상계6.7동,29275,26633,2642
노원구 상계8동,6699,7745,-1046
노원구 상계9동,9581,10960,-1379
노원구 월계1동,61655,41820,19835
노원구 월계2동,14099,17686,-3587
노원구 월계3동,16399,17996,-1597
노원구 중계1동,12945,20270,-7325
노원구 중계2.3동,23724,21912,1812
노원구 중계4동,13372,12855,517
노원구 중계본동,16995,18737,-1742
노원구 하계1동,28834,22074,6760
노원구 하계2동,16907,17507,-600
도봉구 도봉제1동,20617,15155,5462
도봉구 도봉제2동,21093,19634,1459
도봉구 방학제1동,23826,28029,-4203
도봉구 방학제2동,7301,14761,-7460
도봉구 방학제3동,13035,17473,-4438
도봉구 쌍문제1동,18179,22028,-3849
도봉구 쌍문제2동,16283,21656,-5373
도봉구 쌍문제3동,16847,15657,1190
도봉구 쌍문제4동,10654,15829,-5175
도봉구 창제1동,48294,26389,21905
도봉구 창제2동,11023,19754,-8731
도봉구 창제3동,12606,16927,-4321
도봉구 창제4동,35928,28705,7223
도봉구 창제5동,24643,24706,-63
동대문구 답십리제1동,23057,28916,-5859
동대문구 답십리제2동,27748,27090,658
동대문구 면목제5동,467,55,412
동대문구 용신동,102570,70787,31783
동대문구 이문제1동,19536,20804,-1268
동대문구 이문제2동,9697,9156,541
동대문구 장안제1동,52005,38965,13040
동대문구 장안제2동,30000,37715,-7715
동대문구 전농제1동,29996,43904,-13908
동대문구 전농제2동,22710,23264,-554
동대문구 제기동,55063,40452,14611
동대문구 청량리동,70281,54813,15468
동대문구 회기동,17987,18054,-67
동대문구 휘경제1동,38368,35117,3251
동대문구 휘경제2동,22056,24775,-2719
동작구 노량진제1동,90245,74330,15915
동작구 노량진제2동,42576,27012,15564
동작구 대방동,67925,70051,-2126
동작구 사당제1동,20557,24691,-4134
동작구 사당제2동,45922,36116,9806
동작구 사당제3동,10265,17674,-7409
동작구 사당제4동,2262,2517,-255
동작구 사당제5동,11565,14223,-2658
동작구 상도제1동,81292,80575,717
동작구 상도제2동,29748,37638,-7890
동작구 상도제3동,18437,27201,-8764
동작구 상도제4동,13027,25777,-12750
동작구 신대방제1동,13250,18772,-5522
동작구 신대방제2동,46562,40313,6249
동작구 흑석동,46389,43379,3010
마포구 공덕동,23053,26314,-3261
마포구 대흥동,37148,32896,4252
마포구 도화동,14816,16955,-2139
마포구 망원제1동,13786,17032,-3246
마포구 망원제2동,11555,13234,-1679
마포구 상암동,95710,67438,28272
마포구 서강동,14682,23908,-9226
마포구 서교동,146120,138623,7497
마포구 성산제1동,22236,20839,1397
마포구 성산제2동,30483,37974,-7491
마포구 신수동,6778,10235,-3457
마포구 아현동,33827,33869,-42
마포구 연남동,11072,13150,-2078
마포구 염리동,5061,6759,-1698
마포구 용강동,22715,26903,-4188
마포구 합정동,20748,28496,-7748
서대문구 남가좌제1동,16050,17108,-1058
서대문구 남가좌제2동,24979,29429,-4450
서대문구 북가좌제1동,6699,13235,-6536
서대문구 북가좌제2동,16813,25226,-8413
서대문구 북아현동,19897,23750,-3853
서대문구 신촌동,139064,106821,32243
서대문구 연희동,71895,79536,-7641
서대문구 천연동,32269,31681,588
서대문구 충현동,68972,49621,19351
서대문구 홍은제1동,20866,27943,-7077
서대문구 홍은제2동,42272,46597,-4325
서대문구 홍제제1동,41708,36399,5309
서대문구 홍제제2동,19023,26397,-7374
서대문구 홍제제3동,23687,22058,1629
서초구 내곡동,34724,17621,17103
서초구 반포1동,33093,30496,2597
서초구 반포2동,12868,13336,-468
서초구 반포3동,38473,30829,7644
서초구 반포4동,44342,37740,6602
서초구 반포본동,14840,16001,-1161
서초구 방배1동,27104,29720,-2616
서초구 방배2동,27290,27484,-194
서초구 방배3동,21415,20213,1202
서초구 방배4동,24652,26846,-2194
서초구 방배본동,18959,16573,2386
서초구 서초1동,31003,24357,6646
서초구 서초2동,54078,49120,4958
서초구 서초3동,64658,48972,15686
서초구 서초4동,39325,49961,-10636
서초구 양재1동,101984,99653,2331
서초구 양재2동,58587,37066,21521
서초구 잠원동,30208,33909,-3701
성동구 금호1가동,9927,13901,-3974
성동구 금호2.3가동,19499,20540,-1041
성동구 금호4가동,10291,13043,-2752
성동구 마장동,17233,16519,714
성동구 사근동,12667,10205,2462
성동구 성수1가제1동,13926,10627,3299
성동구 성수1가제2동,10336,8754,1582
성동구 성수2가제1동,9208,8390,818
성동구 성수2가제3동,14602,9259,5343
성동구 송정동,8567,5779,2788
성동구 옥수동,23545,23763,-218
성동구 왕십리도선동,22287,17613,4674
성동구 왕십리제2동,11706,21295,-9589
성동구 용답동,20305,14157,6148
성동구 응봉동,6402,13423,-7021
성동구 행당제1동,26417,22937,3480
성동구 행당제2동,15921,17225,-1304
성북구 길음제1동,35075,39854,-4779
성북구 길음제2동,27636,29328,-1692
성북구 돈암제1동,36487,34684,1803
성북구 돈암제2동,8348,13143,-4795
성북구 동선동,46895,51818,-4923
성북구 보문동,14634,16086,-1452
성북구 삼선동,56250,57814,-1564
성북구 석관동,14298,20366,-6068
성북구 성북동,31942,33785,-1843
성북구 안암동,24340,21287,3053
성북구 월곡제1동,25402,30927,-5525
성북구 월곡제2동,19191,13214,5977
성북구 장위제1동,12571,23678,-11107
성북구 장위제2동,17637,17182,455
성북구 장위제3동,7862,8783,-921
성북구 정릉제1동,18162,25519,-7357
성북구 정릉제2동,23108,34949,-11841
성북구 정릉제3동,27455,16369,11086
성북구 정릉제4동,30384,30114,270
성북구 종암동,41167,47190,-6023
송파구 가락1동,6173,6901,-728
송파구 가락2동,23068,26653,-3585
송파구 가락본동,30037,24422,5615
송파구 거여1동,5682,7332,-1650
송파구 거여2동,1759,1797,-38
송파구 마천1동,5871,6331,-460
송파구 마천2동,13414,16233,-2819
송파구 문정1동,8621,10978,-2357
송파구 문정2동,46779,33556,13223
송파구 방이1동,11296,12324,-1028
송파구 방이2동,22171,22218,-47
송파구 삼전동,18669,23564,-4895
송파구 석촌동,27482,37144,-9662
송파구 송파1동,19017,24297,-5280
송파구 송파2동,7769,8893,-1124
송파구 오금동,28271,26430,1841
송파구 오륜동,11888,11940,-52
송파구 위례동,14421,21559,-7138
송파구 잠실2동,5462,12621,-7159
송파구 잠실3동,75976,48164,27812
송파구 잠실4동,1183,1629,-446
송파구 잠실6동,30904,23278,7626
송파구 잠실7동,15112,10195,4917
송파구 잠실본동,32944,37272,-4328
송파구 장지동,17854,15436,2418
송파구 풍납1동,7443,5938,1505
송파구 풍납2동,16369,13670,2699
양천구 목1동,67639,42308,25331
양천구 목2동,34316,36341,-2025
양천구 목3동,28193,28614,-421
양천구 목4동,17237,29943,-12706
양천구 목5동,30010,33742,-3732
양천구 신월1동,7359,6554,805
양천구 신월2동,8929,14556,-5627
양천구 신월3동,8536,9608,-1072
양천구 신월4동,9189,15046,-5857
양천구 신월5동,8599,12784,-4185
양천구 신월6동,6405,6817,-412
양천구 신월7동,13974,22599,-8625
양천구 신정1동,13182,16286,-3104
양천구 신정2동,7881,7790,91
양천구 신정3동,38820,38772,48
양천구 신정4동,44571,32073,12498
양천구 신정6동,9240,8883,357
양천구 신정7동,13240,15686,-2446
영등포구 당산제1동,24244,17505,6739
영등포구 당산제2동,52270,42930,9340
영등포구 대림제1동,15477,18207,-2730
영등포구 대림제2동,9881,11078,-1197
영등포구 대림제3동,21686,22746,-1060
영등포구 도림동,11457,20240,-8783
영등포구 문래동,40970,31403,9567
영등포구 신길제1동,11612,15071,-3459
영등포구 신길제3동,15356,22224,-6868
영등포구 신길제4동,5713,8464,-2751
영등포구 신길제5동,17235,16364,871
영등포구 신길제6동,18539,24056,-5517
영등포구 신길제7동,16221,24318,-8097
영등포구 양평제1동,18128,12064,6064
영등포구 양평제2동,32013,19831,12182
영등포구 여의동,182349,97001,85348
영등포구 영등포동,114050,95275,18775
영등포구 영등포본동,31948,31552,396
용산구 남영동,53338,51416,1922
용산구 보광동,10143,11019,-876
용산구 서빙고동,16156,17202,-1046
용산구 용문동,5636,7089,-1453
용산구 용산2가동,15002,22440,-7438
용산구 원효로제1동,21466,22504,-1038
용산구 원효로제2동,17198,14239,2959
용산구 이촌제1동,15028,17048,-2020
용산구 이촌제2동,4560,5520,-960
용산구 이태원제1동,19070,23241,-4171
용산구 이태원제2동,9274,11308,-2034
용산구 청파동,20081,26205,-6124
용산구 필동,6342,1861,4481
용산구 한강로동,77264,66931,10333
용산구 한남동,68910,61306,7604
용산구 효창동,8969,12866,-3897
용산구 후암동,13374,17451,-4077
은평구 갈현제1동,10598,18273,-7675
은평구 갈현제2동,24447,24063,384
은평구 구산동,14636,14320,316
은평구 녹번동,41916,32622,9294
은평구 대조동,45421,45166,255
은평구 불광제1동,39852,35241,4611
은평구 불광제2동,20919,31059,-10140
은평구 수색동,12292,14866,-2574
은평구 신사제1동,21409,25836,-4427
은평구 신사제2동,23770,22917,853
은평구 역촌동,28068,26353,1715
은평구 응암제1동,25064,39264,-14200
은평구 응암제2동,9614,15109,-5495
은평구 응암제3동,17337,24466,-7129
은평구 증산동,30906,25321,5585
은평구 진관동,45369,48054,-2685
종로구 가회동,5687,6473,-786
종로구 교남동,12470,8980,3490
종로구 무악동,6380,7142,-762
종로구 부암동,31127,20918,10209
종로구 사직동,97619,67557,30062
종로구 삼청동,13240,6654,6586
종로구 숭인제1동,1726,3010,-1284
종로구 숭인제2동,21319,15337,5982
종로구 이화동,30654,30032,622
종로구 종로1.2.3.4가동,206176,128058,78118
종로구 종로5.6가동,38007,17936,20071
종로구 창신제1동,24319,14730,9589
종로구 창신제2동,5969,7349,-1380
종로구 창신제3동,5266,6517,-1251
종로구 청운효자동,17425,14528,2897
종로구 충현동,5204,2965,2239
종로구 평창동,22628,21046,1582
종로구 혜화동,42223,43727,-1504
중구 광희동,34918,26690,8228
중구 다산동,8407,11976,-3569
중구 동화동,1876,2738,-862
중구 명동,65959,43900,22059
중구 소공동,107103,44745,62358
중구 신당동,7580,7497,83
중구 신당제5동,18747,11613,7134
중구 약수동,8132,8784,-652
중구 을지로동,10617,7464,3153
중구 장충동,13847,7450,6397
중구 중림동,17957,10559,7398
중구 청구동,7472,6536,936
중구 필동,9908,6672,3236
중구 황학동,8794,9982,-1188
중구 회현동,85263,69570,15693
중랑구 망우본동,33597,30076,3521
중랑구 망우제3동,7988,11159,-3171
중랑구 면목본동,35466,35187,279
중랑구 면목제2동,8582,12792,-4210
중랑구 면목제3.8동,27922,28725,-803
중랑구 면목제4동,10620,12602,-1982
중랑구 면목제5동,8973,10834,-1861
중랑구 면목제7동,6553,10717,-4164
중랑구 묵제1동,18321,21069,-2748
중랑구 묵제2동,5297,6147,-850
중랑구 상봉제1동,15457,17068,-1611
중랑구 상봉제2동,37250,36547,703
중랑구 신내1동,23440,36164,-12724
중랑구 신내2동,31518,23700,7818
중랑구 중화제1동,8471,15792,-7321
중랑구 중화제2동,23788,25020,-1232
NA,621168,680916,-59748
