dong,insum,outsum,diff
강남구 개포1동,40,163,-123
강남구 개포2동,1186,4334,-3148
강남구 개포4동,192,1155,-963
강남구 논현1동,8947,7569,1378
강남구 논현2동,2683,2893,-210
강남구 대치1동,4650,3845,805
강남구 대치2동,6290,4766,1524
강남구 대치4동,4838,3773,1065
강남구 도곡1동,2572,3180,-608
강남구 도곡2동,1281,1119,162
강남구 삼성1동,5437,3978,1459
강남구 삼성2동,2395,3283,-888
강남구 세곡동,1641,6493,-4852
강남구 수서동,5055,1495,3560
강남구 신사동,4168,2856,1312
강남구 압구정동,8373,6165,2208
강남구 역삼1동,22105,11445,10660
강남구 역삼2동,2732,4245,-1513
강남구 일원1동,371,413,-42
강남구 일원2동,102,116,-14
강남구 일원본동,1243,3023,-1780
강남구 청담동,4864,5304,-440
강동구 강일동,576,6443,-5867
강동구 고덕제1동,321,1579,-1258
강동구 고덕제2동,600,1537,-937
강동구 길동,1699,2255,-556
강동구 둔촌제1동,2,22,-20
강동구 둔촌제2동,1314,2748,-1434
강동구 명일제1동,2002,3179,-1177
강동구 명일제2동,1024,1958,-934
강동구 상일동,4268,4137,131
강동구 성내제1동,1441,2629,-1188
강동구 성내제2동,3351,3025,326
강동구 성내제3동,1827,2735,-908
강동구 암사제1동,759,3366,-2607
강동구 암사제2동,19,1,18
강동구 암사제3동,0,0,0
강동구 천호제1동,695,1403,-708
강동구 천호제2동,5055,3224,1831
강동구 천호제3동,1162,624,538
강북구 미아동,2098,3844,-1746
강북구 번1동,12395,12072,323
강북구 번2동,521,2911,-2390
강북구 번3동,708,4561,-3853
강북구 삼각산동,904,2769,-1865
강북구 삼양동,1292,4954,-3662
강북구 송중동,13743,14273,-530
강북구 송천동,2463,4509,-2046
강북구 수유1동,844,3639,-2795
강북구 수유2동,1093,5358,-4265
강북구 수유3동,6435,3555,2880
강북구 우이동,612,3988,-3376
강북구 월곡제1동,12,40,-28
강북구 인수동,881,5450,-4569
강서구 가양제1동,2362,2048,314
강서구 가양제2동,268,964,-696
강서구 가양제3동,109,667,-558
강서구 공항동,1943,2683,-740
강서구 등촌제1동,2551,5123,-2572
강서구 등촌제2동,1101,2922,-1821
강서구 등촌제3동,3065,4884,-1819
강서구 발산제1동,2607,4412,-1805
강서구 방화제1동,1499,3468,-1969
강서구 방화제2동,1049,1046,3
강서구 방화제3동,11,553,-542
강서구 염창동,495,1672,-1177
강서구 우장산동,2520,4302,-1782
강서구 화곡본동,758,1249,-491
강서구 화곡제1동,5114,9452,-4338
강서구 화곡제2동,184,1185,-1001
강서구 화곡제3동,2793,2279,514
강서구 화곡제4동,717,2076,-1359
강서구 화곡제6동,2863,4112,-1249
강서구 화곡제8동,2420,1761,659
관악구 낙성대동,2415,3306,-891
관악구 난곡동,571,4833,-4262
관악구 난향동,555,2943,-2388
관악구 남현동,5952,4629,1323
관악구 대학동,1940,5215,-3275
관악구 미성동,1279,5042,-3763
관악구 보라매동,1283,2194,-911
관악구 삼성동,1479,7451,-5972
관악구 서림동,993,4213,-3220
관악구 서원동,7886,3595,4291
관악구 성현동,239,1258,-1019
관악구 신림동,12214,6967,5247
관악구 신사동,1453,4363,-2910
관악구 신원동,70,415,-345
관악구 은천동,1440,3783,-2343
관악구 인헌동,214,607,-393
관악구 조원동,4605,3707,898
관악구 중앙동,2936,1510,1426
관악구 청룡동,4029,1643,2386
관악구 청림동,73,657,-584
관악구 행운동,5322,3817,1505
광진구 광장동,826,670,156
광진구 구의제1동,1784,2355,-571
광진구 구의제2동,1050,2261,-1211
광진구 구의제3동,580,268,312
광진구 군자동,2482,4694,-2212
광진구 능동,2761,2127,634
광진구 자양제1동,594,755,-161
광진구 자양제2동,496,2644,-2148
광진구 자양제3동,362,838,-476
광진구 자양제4동,3915,3064,851
광진구 중곡제1동,1384,2360,-976
광진구 중곡제2동,714,1427,-713
광진구 중곡제3동,705,2186,-1481
광진구 중곡제4동,424,832,-408
광진구 화양동,6713,3416,3297
구로구 가리봉동,1011,2005,-994
구로구 개봉제1동,2122,4797,-2675
구로구 개봉제2동,2261,3582,-1321
구로구 개봉제3동,167,1253,-1086
구로구 고척제1동,2220,4566,-2346
구로구 고척제2동,938,4851,-3913
구로구 구로제1동,638,2092,-1454
구로구 구로제2동,4903,5931,-1028
구로구 구로제3동,11486,3451,8035
구로구 구로제4동,1142,1641,-499
구로구 구로제5동,2463,1938,525
구로구 수궁동,1946,3403,-1457
구로구 신도림동,11520,3388,8132
구로구 오류제1동,948,2214,-1266
구로구 오류제2동,348,733,-385
구로구 항동,2,8,-6
금천구 가산동,2779,4189,-1410
금천구 독산제1동,3185,8132,-4947
금천구 독산제2동,1089,4009,-2920
금천구 독산제3동,1505,4582,-3077
금천구 독산제4동,889,1053,-164
금천구 미성동,4,62,-58
금천구 시흥제1동,3007,8462,-5455
금천구 시흥제2동,320,2270,-1950
금천구 시흥제3동,681,2102,-1421
금천구 시흥제4동,101,905,-804
금천구 시흥제5동,720,3523,-2803
노원구 공릉1동,4103,3839,264
노원구 공릉2동,2268,3739,-1471
노원구 상계10동,2718,1568,1150
노원구 상계1동,1885,2955,-1070
노원구 상계2동,4418,2535,1883
노원구 상계3.4동,43,1891,-1848
노원구 상계5동,973,1867,-894
노원구 상계6.7동,3852,3504,348
노원구 상계8동,392,1409,-1017
노원구 상계9동,842,1611,-769
노원구 월계1동,5527,5416,111
노원구 월계2동,640,3711,-3071
노원구 월계3동,627,2623,-1996
노원구 중계1동,1118,3195,-2077
노원구 중계2.3동,2350,3460,-1110
노원구 중계4동,2009,1753,256
노원구 중계본동,626,4386,-3760
노원구 하계1동,2931,4604,-1673
노원구 하계2동,2133,3035,-902
도봉구 도봉제1동,1584,3262,-1678
도봉구 도봉제2동,5486,5402,84
도봉구 방학제1동,2857,7337,-4480
도봉구 방학제2동,332,3498,-3166
도봉구 방학제3동,627,3155,-2528
도봉구 쌍문제1동,479,4759,-4280
도봉구 쌍문제2동,1643,3652,-2009
도봉구 쌍문제3동,1063,634,429
도봉구 쌍문제4동,474,3355,-2881
도봉구 창제1동,9378,4234,5144
도봉구 창제2동,928,3692,-2764
도봉구 창제3동,831,3125,-2294
도봉구 창제4동,3389,2558,831
도봉구 창제5동,4034,5784,-1750
동대문구 답십리제1동,1365,2644,-1279
동대문구 답십리제2동,1427,2881,-1454
동대문구 면목제5동,5,12,-7
동대문구 용신동,10081,11539,-1458
동대문구 이문제1동,1789,4791,-3002
동대문구 이문제2동,578,1797,-1219
동대문구 장안제1동,4024,3958,66
동대문구 장안제2동,1798,5214,-3416
동대문구 전농제1동,2367,4805,-2438
동대문구 전농제2동,854,2477,-1623
동대문구 제기동,4591,6271,-1680
동대문구 청량리동,8935,5501,3434
동대문구 회기동,923,1597,-674
동대문구 휘경제1동,2497,3399,-902
동대문구 휘경제2동,2924,5306,-2382
동작구 노량진제1동,8835,5495,3340
동작구 노량진제2동,4129,3418,711
동작구 대방동,2644,3842,-1198
동작구 사당제1동,4262,4097,165
동작구 사당제2동,3799,4099,-300
동작구 사당제3동,59,877,-818
동작구 사당제4동,20,73,-53
동작구 사당제5동,155,1004,-849
동작구 상도제1동,2794,5446,-2652
동작구 상도제2동,1617,3342,-1725
동작구 상도제3동,537,1985,-1448
동작구 상도제4동,347,2448,-2101
동작구 신대방제1동,329,545,-216
동작구 신대방제2동,1698,3361,-1663
동작구 흑석동,3248,5320,-2072
마포구 공덕동,1520,2126,-606
마포구 대흥동,2854,3389,-535
마포구 도화동,1658,1014,644
마포구 망원제1동,683,2205,-1522
마포구 망원제2동,826,1819,-993
마포구 상암동,5138,8039,-2901
마포구 서강동,968,1207,-239
마포구 서교동,27628,9341,18287
마포구 성산제1동,1165,3310,-2145
마포구 성산제2동,1905,6150,-4245
마포구 신수동,215,527,-312
마포구 아현동,3012,3345,-333
마포구 연남동,220,583,-363
마포구 염리동,235,380,-145
마포구 용강동,2127,2074,53
마포구 합정동,4266,2500,1766
서대문구 남가좌제1동,1809,3309,-1500
서대문구 남가좌제2동,924,5809,-4885
서대문구 북가좌제1동,766,2418,-1652
서대문구 북가좌제2동,1288,4809,-3521
서대문구 북아현동,1861,2462,-601
서대문구 신촌동,22163,12755,9408
서대문구 연희동,8153,16349,-8196
서대문구 천연동,2155,2706,-551
서대문구 충현동,3152,5534,-2382
서대문구 홍은제1동,1856,4744,-2888
서대문구 홍은제2동,1931,6899,-4968
서대문구 홍제제1동,1255,1555,-300
서대문구 홍제제2동,3752,5262,-1510
서대문구 홍제제3동,1196,2169,-973
서초구 내곡동,803,2674,-1871
서초구 반포1동,5880,4951,929
서초구 반포2동,1220,1096,124
서초구 반포3동,6021,2428,3593
서초구 반포4동,5084,2002,3082
서초구 반포본동,2576,2936,-360
서초구 방배1동,2101,1186,915
서초구 방배2동,1265,1382,-117
서초구 방배3동,797,1473,-676
서초구 방배4동,1946,1724,222
서초구 방배본동,638,1437,-799
서초구 서초1동,2013,1395,618
서초구 서초2동,8291,6992,1299
서초구 서초3동,2840,2887,-47
서초구 서초4동,12192,5916,6276
서초구 양재1동,8228,9337,-1109
서초구 양재2동,2222,6177,-3955
서초구 잠원동,4121,7037,-2916
성동구 금호1가동,271,917,-646
성동구 금호2.3가동,535,554,-19
성동구 금호4가동,530,862,-332
성동구 마장동,499,1013,-514
성동구 사근동,947,214,733
성동구 성수1가제1동,476,1067,-591
성동구 성수1가제2동,887,713,174
성동구 성수2가제1동,198,1328,-1130
성동구 성수2가제3동,1938,1198,740
성동구 송정동,123,163,-40
성동구 옥수동,420,870,-450
성동구 왕십리도선동,3663,1494,2169
성동구 왕십리제2동,995,1654,-659
성동구 용답동,2198,1824,374
성동구 응봉동,319,1310,-991
성동구 행당제1동,2853,1260,1593
성동구 행당제2동,1197,1572,-375
성북구 길음제1동,4586,6417,-1831
성북구 길음제2동,2310,5457,-3147
성북구 돈암제1동,5055,5794,-739
성북구 돈암제2동,157,3118,-2961
성북구 동선동,14519,9254,5265
성북구 보문동,1595,2369,-774
성북구 삼선동,9585,9244,341
성북구 석관동,1046,3485,-2439
성북구 성북동,1808,2329,-521
성북구 안암동,1534,1405,129
성북구 월곡제1동,2259,3573,-1314
성북구 월곡제2동,1770,2173,-403
성북구 장위제1동,375,5175,-4800
성북구 장위제2동,1650,3045,-1395
성북구 장위제3동,511,1245,-734
성북구 정릉제1동,1326,3935,-2609
성북구 정릉제2동,1648,6485,-4837
성북구 정릉제3동,1192,3671,-2479
성북구 정릉제4동,1285,6904,-5619
성북구 종암동,3287,7000,-3713
송파구 가락1동,453,370,83
송파구 가락2동,1939,4102,-2163
송파구 가락본동,4792,5917,-1125
송파구 거여1동,453,1112,-659
송파구 거여2동,108,678,-570
송파구 마천1동,158,1709,-1551
송파구 마천2동,633,3476,-2843
송파구 문정1동,396,2650,-2254
송파구 문정2동,7905,7783,122
송파구 방이1동,696,2078,-1382
송파구 방이2동,3683,3265,418
송파구 삼전동,1834,3341,-1507
송파구 석촌동,5043,7905,-2862
송파구 송파1동,2417,3484,-1067
송파구 송파2동,578,917,-339
송파구 오금동,1653,4330,-2677
송파구 오륜동,1557,1521,36
송파구 위례동,1411,6967,-5556
송파구 잠실2동,1178,853,325
송파구 잠실3동,11367,4631,6736
송파구 잠실4동,121,278,-157
송파구 잠실6동,4358,1666,2692
송파구 잠실7동,2387,1153,1234
송파구 잠실본동,8484,5738,2746
송파구 장지동,971,2698,-1727
송파구 풍납1동,1111,1048,63
송파구 풍납2동,678,2437,-1759
양천구 목1동,8112,4101,4011
양천구 목2동,4783,5813,-1030
양천구 목3동,2088,4740,-2652
양천구 목4동,1944,4970,-3026
양천구 목5동,1979,3587,-1608
양천구 신월1동,387,1416,-1029
양천구 신월2동,610,3320,-2710
양천구 신월3동,765,1430,-665
양천구 신월4동,906,3908,-3002
양천구 신월5동,635,2434,-1799
양천구 신월6동,193,870,-677
양천구 신월7동,1199,5670,-4471
양천구 신정1동,606,1108,-502
양천구 신정2동,440,687,-247
양천구 신정3동,3089,8126,-5037
양천구 신정4동,5026,4831,195
양천구 신정6동,519,1002,-483
양천구 신정7동,1044,2352,-1308
영등포구 당산제1동,1398,1106,292
영등포구 당산제2동,6241,3499,2742
영등포구 대림제1동,913,1689,-776
영등포구 대림제2동,590,935,-345
영등포구 대림제3동,1137,1828,-691
영등포구 도림동,453,2166,-1713
영등포구 문래동,2267,3066,-799
영등포구 신길제1동,570,1203,-633
영등포구 신길제3동,703,2134,-1431
영등포구 신길제4동,346,647,-301
영등포구 신길제5동,796,1280,-484
영등포구 신길제6동,1110,2256,-1146
영등포구 신길제7동,1063,2334,-1271
영등포구 양평제1동,846,1065,-219
영등포구 양평제2동,911,1708,-797
영등포구 여의동,6796,3275,3521
영등포구 영등포동,11745,6722,5023
영등포구 영등포본동,2885,2424,461
용산구 남영동,5267,3785,1482
용산구 보광동,607,1798,-1191
용산구 서빙고동,951,1736,-785
용산구 용문동,108,382,-274
용산구 용산2가동,547,1815,-1268
용산구 원효로제1동,619,909,-290
용산구 원효로제2동,352,1341,-989
용산구 이촌제1동,887,784,103
용산구 이촌제2동,78,257,-179
용산구 이태원제1동,2919,3549,-630
용산구 이태원제2동,866,1480,-614
용산구 청파동,519,1358,-839
용산구 필동,34,28,6
용산구 한강로동,7427,4627,2800
용산구 한남동,7477,6899,578
용산구 효창동,278,622,-344
용산구 후암동,184,983,-799
은평구 갈현제1동,601,3050,-2449
은평구 갈현제2동,2718,4701,-1983
은평구 구산동,513,2459,-1946
은평구 녹번동,4077,5782,-1705
은평구 대조동,4400,7956,-3556
은평구 불광제1동,9656,7012,2644
은평구 불광제2동,2117,5643,-3526
은평구 수색동,1511,2776,-1265
은평구 신사제1동,2253,4585,-2332
은평구 신사제2동,1368,3267,-1899
은평구 역촌동,3006,4130,-1124
은평구 응암제1동,1109,3007,-1898
은평구 응암제2동,337,1120,-783
은평구 응암제3동,1576,2867,-1291
은평구 증산동,3179,3263,-84
은평구 진관동,5469,10146,-4677
종로구 가회동,0,0,0
종로구 교남동,1015,1407,-392
종로구 무악동,1444,1035,409
종로구 부암동,686,2463,-1777
종로구 사직동,7772,4532,3240
종로구 삼청동,169,220,-51
종로구 숭인제1동,58,200,-142
종로구 숭인제2동,4042,3008,1034
종로구 이화동,4241,2619,1622
종로구 종로1.2.3.4가동,32623,11888,20735
종로구 종로5.6가동,4881,3875,1006
종로구 창신제1동,5982,4011,1971
종로구 창신제2동,1378,1135,243
종로구 창신제3동,197,702,-505
종로구 청운효자동,136,849,-713
종로구 충현동,347,417,-70
종로구 평창동,971,2570,-1599
종로구 혜화동,7891,4145,3746
중구 광희동,9454,3292,6162
중구 다산동,604,780,-176
중구 동화동,595,348,247
중구 명동,7779,2153,5626
중구 소공동,8188,2807,5381
중구 신당동,1309,982,327
중구 신당제5동,1808,1124,684
중구 약수동,570,850,-280
중구 을지로동,2167,563,1604
중구 장충동,854,571,283
중구 중림동,1214,576,638
중구 청구동,952,568,384
중구 필동,1045,683,362
중구 황학동,579,744,-165
중구 회현동,13435,5392,8043
중랑구 망우본동,2522,5002,-2480
중랑구 망우제3동,267,2170,-1903
중랑구 면목본동,3136,5073,-1937
중랑구 면목제2동,727,2036,-1309
중랑구 면목제3.8동,2444,3775,-1331
중랑구 면목제4동,1288,2573,-1285
중랑구 면목제5동,762,1816,-1054
중랑구 면목제7동,411,1921,-1510
중랑구 묵제1동,2459,3387,-928
중랑구 묵제2동,336,391,-55
중랑구 상봉제1동,1379,2424,-1045
중랑구 상봉제2동,6300,6633,-333
중랑구 신내1동,1324,8920,-7596
중랑구 신내2동,3348,3229,119
중랑구 중화제1동,1372,2642,-1270
중랑구 중화제2동,3091,2742,349
NA,105817,202535,-96718
