dong,insum,outsum,diff
강남구 개포1동,1358,2156,-798
강남구 개포2동,23535,29991,-6456
강남구 개포4동,24206,14939,9267
강남구 논현1동,66357,70388,-4031
강남구 논현2동,52060,49185,2875
강남구 대치1동,36870,37945,-1075
강남구 대치2동,81789,53995,27794
강남구 대치4동,50355,43989,6366
강남구 도곡1동,42627,38890,3737
강남구 도곡2동,14219,18329,-4110
강남구 삼성1동,100981,70306,30675
강남구 삼성2동,41665,25018,16647
강남구 세곡동,35517,48507,-12990
강남구 수서동,47516,29678,17838
강남구 신사동,47710,36855,10855
강남구 압구정동,85588,58506,27082
강남구 역삼1동,156587,120759,35828
강남구 역삼2동,57204,38405,18799
강남구 일원1동,15322,16801,-1479
강남구 일원2동,7412,5647,1765
강남구 일원본동,18253,18999,-746
강남구 청담동,71375,50905,20470
강동구 강일동,18169,26680,-8511
강동구 고덕제1동,8649,12215,-3566
강동구 고덕제2동,12572,13513,-941
강동구 길동,20761,19984,777
강동구 둔촌제1동,474,532,-58
강동구 둔촌제2동,16407,14330,2077
강동구 명일제1동,19924,21616,-1692
강동구 명일제2동,16640,13445,3195
강동구 상일동,34759,18059,16700
강동구 성내제1동,19474,15257,4217
강동구 성내제2동,13627,15953,-2326
강동구 성내제3동,20135,18205,1930
강동구 암사제1동,11165,17012,-5847
강동구 암사제2동,4743,5917,-1174
강동구 암사제3동,2531,1537,994
강동구 천호제1동,7277,12053,-4776
강동구 천호제2동,30342,28601,1741
강동구 천호제3동,12191,14531,-2340
강북구 미아동,32583,25897,6686
강북구 번1동,67256,55828,11428
강북구 번2동,11835,18167,-6332
강북구 번3동,21908,30093,-8185
강북구 삼각산동,8632,12842,-4210
강북구 삼양동,20383,26319,-5936
강북구 송중동,104999,83223,21776
강북구 송천동,33944,44846,-10902
강북구 수유1동,23495,23961,-466
강북구 수유2동,16085,20977,-4892
강북구 수유3동,59958,54725,5233
강북구 우이동,21612,20104,1508
강북구 월곡제1동,2268,2551,-283
강북구 인수동,17787,24188,-6401
강서구 가양제1동,33701,23131,10570
강서구 가양제2동,4585,4615,-30
강서구 가양제3동,6973,5213,1760
강서구 공항동,23172,19895,3277
강서구 등촌제1동,35065,33716,1349
강서구 등촌제2동,15745,17070,-1325
강서구 등촌제3동,41442,37737,3705
강서구 발산제1동,41825,37644,4181
강서구 방화제1동,18571,22988,-4417
강서구 방화제2동,19113,16919,2194
강서구 방화제3동,3431,2914,517
강서구 염창동,20471,21465,-994
강서구 우장산동,25142,30464,-5322
강서구 화곡본동,12170,16921,-4751
강서구 화곡제1동,55035,55447,-412
강서구 화곡제2동,9233,12828,-3595
강서구 화곡제3동,15949,17614,-1665
강서구 화곡제4동,11268,15158,-3890
강서구 화곡제6동,29931,30327,-396
강서구 화곡제8동,26041,19466,6575
관악구 낙성대동,42652,76546,-33894
관악구 난곡동,16794,26374,-9580
관악구 난향동,10305,14561,-4256
관악구 남현동,16115,22271,-6156
관악구 대학동,70873,36896,33977
관악구 미성동,29227,43479,-14252
관악구 보라매동,40450,32292,8158
관악구 삼성동,21777,41105,-19328
관악구 서림동,26348,31271,-4923
관악구 서원동,76123,63205,12918
관악구 성현동,17947,34238,-16291
관악구 신림동,84084,65698,18386
관악구 신사동,16718,25340,-8622
관악구 신원동,6808,8435,-1627
관악구 은천동,36932,36093,839
관악구 인헌동,15258,17173,-1915
관악구 조원동,56820,51807,5013
관악구 중앙동,12552,10056,2496
관악구 청룡동,46136,27695,18441
관악구 청림동,5687,10473,-4786
관악구 행운동,62974,53225,9749
광진구 광장동,11759,11890,-131
광진구 구의제1동,21826,19703,2123
광진구 구의제2동,18542,26208,-7666
광진구 구의제3동,23936,17418,6518
광진구 군자동,22135,26204,-4069
광진구 능동,15572,20047,-4475
광진구 자양제1동,5856,6363,-507
광진구 자양제2동,27260,37736,-10476
광진구 자양제3동,9688,11910,-2222
광진구 자양제4동,35135,32614,2521
광진구 중곡제1동,10892,10484,408
광진구 중곡제2동,14495,16386,-1891
광진구 중곡제3동,11103,13133,-2030
광진구 중곡제4동,9763,12833,-3070
광진구 화양동,28777,29244,-467
구로구 가리봉동,19806,16666,3140
구로구 개봉제1동,54663,51900,2763
구로구 개봉제2동,32754,31744,1010
구로구 개봉제3동,8419,15740,-7321
구로구 고척제1동,28718,34828,-6110
구로구 고척제2동,21543,30706,-9163
구로구 구로제1동,20127,15176,4951
구로구 구로제2동,63377,54967,8410
구로구 구로제3동,118895,61138,57757
구로구 구로제4동,37801,30538,7263
구로구 구로제5동,58302,50728,7574
구로구 수궁동,41731,37692,4039
구로구 신도림동,49663,49450,213
구로구 오류제1동,17996,21340,-3344
구로구 오류제2동,18925,19324,-399
구로구 항동,2351,5106,-2755
금천구 가산동,117945,65415,52530
금천구 독산제1동,73409,77991,-4582
금천구 독산제2동,21193,27367,-6174
금천구 독산제3동,32971,38529,-5558
금천구 독산제4동,24524,15082,9442
금천구 미성동,217,581,-364
금천구 시흥제1동,56953,73407,-16454
금천구 시흥제2동,13366,23922,-10556
금천구 시흥제3동,23145,18015,5130
금천구 시흥제4동,10753,11936,-1183
금천구 시흥제5동,26532,29575,-3043
노원구 공릉1동,26525,29714,-3189
노원구 공릉2동,30803,29626,1177
노원구 상계10동,16796,10490,6306
노원구 상계1동,21608,23348,-1740
노원구 상계2동,27464,29368,-1904
노원구 상계3.4동,4869,6657,-1788
노원구 상계5동,19369,17727,1642
노원구 상계6.7동,33283,29468,3815
노원구 상계8동,7555,8474,-919
노원구 상계9동,10295,12270,-1975
노원구 월계1동,60657,41677,18980
노원구 월계2동,14596,18838,-4242
노원구 월계3동,17368,18691,-1323
노원구 중계1동,14331,20226,-5895
노원구 중계2.3동,25762,24007,1755
노원구 중계4동,14887,14178,709
노원구 중계본동,18730,19452,-722
노원구 하계1동,28644,23156,5488
노원구 하계2동,17854,16851,1003
도봉구 도봉제1동,22426,15837,6589
도봉구 도봉제2동,22574,21176,1398
도봉구 방학제1동,26339,30064,-3725
도봉구 방학제2동,7917,15300,-7383
도봉구 방학제3동,14255,18519,-4264
도봉구 쌍문제1동,15401,22556,-7155
도봉구 쌍문제2동,18238,23767,-5529
도봉구 쌍문제3동,18656,17329,1327
도봉구 쌍문제4동,10650,17408,-6758
도봉구 창제1동,53981,29035,24946
도봉구 창제2동,11781,20873,-9092
도봉구 창제3동,13589,18697,-5108
도봉구 창제4동,37633,30760,6873
도봉구 창제5동,26737,26350,387
동대문구 답십리제1동,25934,31084,-5150
동대문구 답십리제2동,31593,29745,1848
동대문구 면목제5동,727,95,632
동대문구 용신동,114088,78613,35475
동대문구 이문제1동,17403,21141,-3738
동대문구 이문제2동,10591,9675,916
동대문구 장안제1동,60713,45115,15598
동대문구 장안제2동,33895,43222,-9327
동대문구 전농제1동,31742,47101,-15359
동대문구 전농제2동,23205,25412,-2207
동대문구 제기동,57207,42294,14913
동대문구 청량리동,75165,58028,17137
동대문구 회기동,15535,14753,782
동대문구 휘경제1동,37627,35439,2188
동대문구 휘경제2동,23200,26704,-3504
동작구 노량진제1동,100040,82032,18008
동작구 노량진제2동,45965,28569,17396
동작구 대방동,75870,78355,-2485
동작구 사당제1동,23453,28039,-4586
동작구 사당제2동,52238,40732,11506
동작구 사당제3동,10613,19579,-8966
동작구 사당제4동,2549,2625,-76
동작구 사당제5동,12039,15009,-2970
동작구 상도제1동,78594,78132,462
동작구 상도제2동,32680,41506,-8826
동작구 상도제3동,19780,30074,-10294
동작구 상도제4동,14333,27827,-13494
동작구 신대방제1동,14280,21045,-6765
동작구 신대방제2동,55628,47273,8355
동작구 흑석동,44244,47023,-2779
마포구 공덕동,25166,30017,-4851
마포구 대흥동,38340,34732,3608
마포구 도화동,16968,20056,-3088
마포구 망원제1동,14576,18680,-4104
마포구 망원제2동,12582,14927,-2345
마포구 상암동,114540,76913,37627
마포구 서강동,16529,27998,-11469
마포구 서교동,161580,151001,10579
마포구 성산제1동,25277,22882,2395
마포구 성산제2동,32231,43478,-11247
마포구 신수동,7727,11467,-3740
마포구 아현동,40270,39113,1157
마포구 연남동,12453,14246,-1793
마포구 염리동,5680,7617,-1937
마포구 용강동,26500,31976,-5476
마포구 합정동,24495,33342,-8847
서대문구 남가좌제1동,17723,18564,-841
서대문구 남가좌제2동,22638,29842,-7204
서대문구 북가좌제1동,7502,14376,-6874
서대문구 북가좌제2동,18358,27217,-8859
서대문구 북아현동,21500,26579,-5079
서대문구 신촌동,145688,113683,32005
서대문구 연희동,78191,88456,-10265
서대문구 천연동,34854,34492,362
서대문구 충현동,81467,54659,26808
서대문구 홍은제1동,22684,29643,-6959
서대문구 홍은제2동,38404,45968,-7564
서대문구 홍제제1동,44176,38229,5947
서대문구 홍제제2동,20799,30173,-9374
서대문구 홍제제3동,24034,21754,2280
서초구 내곡동,39061,19124,19937
서초구 반포1동,39144,34977,4167
서초구 반포2동,14168,12863,1305
서초구 반포3동,43120,35192,7928
서초구 반포4동,51730,41660,10070
서초구 반포본동,16275,16714,-439
서초구 방배1동,29632,33806,-4174
서초구 방배2동,30987,32055,-1068
서초구 방배3동,24210,22852,1358
서초구 방배4동,26672,29505,-2833
서초구 방배본동,22098,18474,3624
서초구 서초1동,38893,29314,9579
서초구 서초2동,66793,58488,8305
서초구 서초3동,79059,57669,21390
서초구 서초4동,48615,62182,-13567
서초구 양재1동,120741,116051,4690
서초구 양재2동,71172,41330,29842
서초구 잠원동,35325,39850,-4525
성동구 금호1가동,10893,15337,-4444
성동구 금호2.3가동,21784,22883,-1099
성동구 금호4가동,11270,15286,-4016
성동구 마장동,20593,18160,2433
성동구 사근동,13060,10630,2430
성동구 성수1가제1동,15369,11803,3566
성동구 성수1가제2동,12465,9575,2890
성동구 성수2가제1동,10170,8994,1176
성동구 성수2가제3동,17620,10475,7145
성동구 송정동,10599,6373,4226
성동구 옥수동,26610,26015,595
성동구 왕십리도선동,26323,19789,6534
성동구 왕십리제2동,13449,23563,-10114
성동구 용답동,23106,16260,6846
성동구 응봉동,7461,15125,-7664
성동구 행당제1동,30127,27110,3017
성동구 행당제2동,17724,18974,-1250
성북구 길음제1동,38313,41707,-3394
성북구 길음제2동,29341,31674,-2333
성북구 돈암제1동,38003,33827,4176
성북구 돈암제2동,9529,14147,-4618
성북구 동선동,48867,51062,-2195
성북구 보문동,16449,17367,-918
성북구 삼선동,60558,63533,-2975
성북구 석관동,15184,20429,-5245
성북구 성북동,35030,36650,-1620
성북구 안암동,24182,20804,3378
성북구 월곡제1동,28160,32833,-4673
성북구 월곡제2동,20185,14431,5754
성북구 장위제1동,13090,24869,-11779
성북구 장위제2동,18787,17333,1454
성북구 장위제3동,7884,8531,-647
성북구 정릉제1동,18342,25373,-7031
성북구 정릉제2동,22457,36099,-13642
성북구 정릉제3동,16435,12646,3789
성북구 정릉제4동,26897,30600,-3703
성북구 종암동,44923,50799,-5876
송파구 가락1동,6552,7840,-1288
송파구 가락2동,25707,29722,-4015
송파구 가락본동,34626,27220,7406
송파구 거여1동,6127,8231,-2104
송파구 거여2동,1939,1904,35
송파구 마천1동,6472,6934,-462
송파구 마천2동,14367,17844,-3477
송파구 문정1동,10079,12200,-2121
송파구 문정2동,54190,37461,16729
송파구 방이1동,12647,13952,-1305
송파구 방이2동,25997,25496,501
송파구 삼전동,21751,26910,-5159
송파구 석촌동,30465,42265,-11800
송파구 송파1동,22323,27447,-5124
송파구 송파2동,8809,10221,-1412
송파구 오금동,32869,29483,3386
송파구 오륜동,12409,13560,-1151
송파구 위례동,15790,22935,-7145
송파구 잠실2동,6438,14527,-8089
송파구 잠실3동,86306,55335,30971
송파구 잠실4동,1390,1814,-424
송파구 잠실6동,36238,27012,9226
송파구 잠실7동,16052,13143,2909
송파구 잠실본동,37635,44095,-6460
송파구 장지동,20698,17233,3465
송파구 풍납1동,8157,6933,1224
송파구 풍납2동,19164,16023,3141
양천구 목1동,78005,49676,28329
양천구 목2동,39276,39786,-510
양천구 목3동,31648,31830,-182
양천구 목4동,19404,33374,-13970
양천구 목5동,33864,35544,-1680
양천구 신월1동,7901,7106,795
양천구 신월2동,10007,16394,-6387
양천구 신월3동,9417,10244,-827
양천구 신월4동,10208,16424,-6216
양천구 신월5동,9550,14123,-4573
양천구 신월6동,7532,7416,116
양천구 신월7동,14862,24170,-9308
양천구 신정1동,15281,18273,-2992
양천구 신정2동,9155,8089,1066
양천구 신정3동,41537,43439,-1902
양천구 신정4동,50483,35786,14697
양천구 신정6동,10881,9292,1589
양천구 신정7동,14588,17119,-2531
영등포구 당산제1동,28705,20195,8510
영등포구 당산제2동,59134,49170,9964
영등포구 대림제1동,17420,20137,-2717
영등포구 대림제2동,10925,12844,-1919
영등포구 대림제3동,24273,25357,-1084
영등포구 도림동,12543,22656,-10113
영등포구 문래동,48674,36073,12601
영등포구 신길제1동,13221,16951,-3730
영등포구 신길제3동,16659,24315,-7656
영등포구 신길제4동,6047,9452,-3405
영등포구 신길제5동,18933,18563,370
영등포구 신길제6동,21137,27780,-6643
영등포구 신길제7동,19198,30620,-11422
영등포구 양평제1동,21726,13781,7945
영등포구 양평제2동,36778,22580,14198
영등포구 여의동,230357,112615,117742
영등포구 영등포동,125349,112953,12396
영등포구 영등포본동,34653,34821,-168
용산구 남영동,59594,58531,1063
용산구 보광동,10712,11672,-960
용산구 서빙고동,17402,18649,-1247
용산구 용문동,6592,7432,-840
용산구 용산2가동,15921,24324,-8403
용산구 원효로제1동,25937,25688,249
용산구 원효로제2동,19436,15961,3475
용산구 이촌제1동,15912,18366,-2454
용산구 이촌제2동,5015,5865,-850
용산구 이태원제1동,21336,26075,-4739
용산구 이태원제2동,10773,12598,-1825
용산구 청파동,19703,27584,-7881
용산구 필동,5070,1581,3489
용산구 한강로동,90503,74663,15840
용산구 한남동,80166,69722,10444
용산구 효창동,9285,13278,-3993
용산구 후암동,15907,18602,-2695
은평구 갈현제1동,11059,19345,-8286
은평구 갈현제2동,26151,25837,314
은평구 구산동,15704,15610,94
은평구 녹번동,46524,35268,11256
은평구 대조동,49735,49862,-127
은평구 불광제1동,42632,36883,5749
은평구 불광제2동,22129,32845,-10716
은평구 수색동,13488,15308,-1820
은평구 신사제1동,23196,27555,-4359
은평구 신사제2동,24988,24132,856
은평구 역촌동,31518,29169,2349
은평구 응암제1동,27874,43214,-15340
은평구 응암제2동,10565,16002,-5437
은평구 응암제3동,18383,25335,-6952
은평구 증산동,32329,27405,4924
은평구 진관동,48802,51615,-2813
종로구 가회동,5033,6368,-1335
종로구 교남동,14177,10271,3906
종로구 무악동,7139,8275,-1136
종로구 부암동,22034,19860,2174
종로구 사직동,111615,67668,43947
종로구 삼청동,15362,7827,7535
종로구 숭인제1동,1955,3820,-1865
종로구 숭인제2동,22108,17086,5022
종로구 이화동,36978,34528,2450
종로구 종로1.2.3.4가동,242460,143783,98677
종로구 종로5.6가동,45374,20106,25268
종로구 창신제1동,26554,16550,10004
종로구 창신제2동,6509,7924,-1415
종로구 창신제3동,4073,5779,-1706
종로구 청운효자동,19769,15921,3848
종로구 충현동,5703,3429,2274
종로구 평창동,23227,20725,2502
종로구 혜화동,41659,44103,-2444
중구 광희동,41373,30590,10783
중구 다산동,9487,12864,-3377
중구 동화동,2151,2917,-766
중구 명동,78988,48113,30875
중구 소공동,128954,50068,78886
중구 신당동,8181,7835,346
중구 신당제5동,21523,12934,8589
중구 약수동,9324,10434,-1110
중구 을지로동,13512,8618,4894
중구 장충동,14167,7318,6849
중구 중림동,20242,11857,8385
중구 청구동,8407,7481,926
중구 필동,11321,6759,4562
중구 황학동,9700,11267,-1567
중구 회현동,99789,77116,22673
중랑구 망우본동,35173,33209,1964
중랑구 망우제3동,8793,12211,-3418
중랑구 면목본동,37528,36064,1464
중랑구 면목제2동,9937,13923,-3986
중랑구 면목제3.8동,28474,31328,-2854
중랑구 면목제4동,11610,13468,-1858
중랑구 면목제5동,10081,11377,-1296
중랑구 면목제7동,6987,11550,-4563
중랑구 묵제1동,19782,23083,-3301
중랑구 묵제2동,5783,6382,-599
중랑구 상봉제1동,16954,18295,-1341
중랑구 상봉제2동,40758,40182,576
중랑구 신내1동,24926,38210,-13284
중랑구 신내2동,34234,25480,8754
중랑구 중화제1동,9784,17666,-7882
중랑구 중화제2동,25333,26301,-968
NA,691088,758012,-66924
