ID,insum,outsum,diff
100000001,988,579,409
100000002,4376,7086,-2710
100000003,5377,5730,-353
100000004,291,1349,-1058
100000005,4576,5518,-942
100000006,891,2024,-1133
100000007,3242,1986,1256
100000008,134,823,-689
100000009,376,1925,-1549
100000010,67,3502,-3435
100000011,571,554,17
100000012,40,306,-266
100000013,8,343,-335
100000014,102,4150,-4048
100000015,1427,2648,-1221
100000016,442,2685,-2243
100000017,383,4369,-3986
100000018,900,1288,-388
100000019,3127,2972,155
100000020,1257,7271,-6014
100000021,9822,1853,7969
100000022,802,4612,-3810
100000023,5857,1990,3867
100000025,526,1886,-1360
100000028,433,2767,-2334
100000029,65,1198,-1133
100000030,67,30,37
100000031,2151,9026,-6875
100000032,2072,5537,-3465
100000033,1501,4366,-2865
100000034,83,1504,-1421
100000035,885,1882,-997
100000036,574,2900,-2326
100000037,1052,456,596
100000038,4357,1263,3094
100000039,210,798,-588
100000040,1218,402,816
100000041,3084,1336,1748
100000042,1801,496,1305
100000043,801,129,672
100000044,203,240,-37
100000045,384,505,-121
100000046,469,554,-85
100000047,152,289,-137
100000048,220,645,-425
100000049,1328,1166,162
100000051,665,480,185
100000053,75,11,64
100000054,306,37,269
100000055,656,174,482
100000056,405,459,-54
100000057,3518,576,2942
100000058,1394,393,1001
100000059,140,184,-44
100000060,1283,459,824
100000061,3752,707,3045
100000062,2297,1019,1278
100000063,2127,550,1577
100000064,2938,491,2447
100000065,385,468,-83
100000066,193,416,-223
100000067,318,638,-320
100000068,380,2105,-1725
100000069,533,1042,-509
100000072,202,509,-307
100000073,1271,736,535
100000075,1172,136,1036
100000076,1689,12376,-10687
100000077,100,703,-603
100000078,2,85,-83
100000079,5,57,-52
100000080,1,47,-46
100000081,11,81,-70
100000102,2401,5812,-3411
100000103,1626,6728,-5102
100000104,4048,3385,663
100000105,1573,2123,-550
100000106,768,3428,-2660
100000107,46,1494,-1448
100000108,489,1046,-557
100000109,601,1746,-1145
100000116,244,553,-309
100000117,28,139,-111
100000118,618,1308,-690
100000119,1042,945,97
100000121,177,540,-363
100000122,545,2375,-1830
100000123,1412,2290,-878
100000124,2090,2335,-245
100000125,6894,2344,4550
100000126,549,912,-363
100000127,1662,1073,589
100000128,552,3408,-2856
100000129,273,989,-716
100000130,1185,286,899
100000131,854,1302,-448
100000132,1078,1558,-480
100000133,1486,950,536
100000135,820,1032,-212
100000139,182,604,-422
100000140,127,171,-44
100000142,1025,656,369
100000143,1017,438,579
100000144,1390,404,986
100000147,1721,5466,-3745
100000150,246,503,-257
100000151,245,1644,-1399
100000153,44,657,-613
100000154,26,819,-793
100000155,0,78,-78
100000156,68,192,-124
100000157,253,221,32
100000158,184,175,9
100000159,126,1339,-1213
100000165,624,520,104
100000169,44,3223,-3179
100000174,468,1829,-1361
100000179,60,977,-917
100000180,1318,5164,-3846
100000181,532,182,350
100000188,128,109,19
100000189,1266,872,394
100000190,539,1648,-1109
100000191,828,468,360
100000192,12,212,-200
100000193,341,217,124
100000330,686,1027,-341
100000355,257,578,-321
100000362,2192,814,1378
100000363,8381,8893,-512
100000364,109,332,-223
100000365,6037,8954,-2917
100000366,1713,1006,707
100000367,5729,6727,-998
100000368,1774,1315,459
100000369,521,2745,-2224
100000370,79,1255,-1176
100000376,18,521,-503
100000379,668,4783,-4115
100000380,3020,8897,-5877
100000384,5177,7207,-2030
100000385,1187,4936,-3749
100000386,1171,7375,-6204
100000387,3223,8320,-5097
100000388,1597,4066,-2469
100000389,5010,6549,-1539
100000390,2609,2548,61
100000391,2547,6500,-3953
100000392,366,2068,-1702
100000393,552,3832,-3280
100000394,1527,4692,-3165
100000395,602,3924,-3322
100000396,675,1587,-912
100000397,1366,6355,-4989
100000398,5567,3951,1616
100900002,27,6,21
100900003,857,393,464
100900004,10,559,-549
100900005,267,25,242
100900006,36,18,18
100900007,388,6,382
100900008,0,253,-253
100900009,56,18,38
100900010,33,11,22
100900011,267,189,78
100900012,0,28,-28
100900013,1482,8,1474
100900014,15,2,13
100900015,69,35,34
100900016,0,8,-8
100900017,2174,105,2069
100900018,0,9,-9
100900019,63,80,-17
100900020,586,5,581
100900021,853,4,849
100900022,3,14,-11
100900023,6,65,-59
100900024,461,3,458
100900025,86,3,83
100900026,80,49,31
100900027,390,3813,-3423
100900028,132,432,-300
100900029,16,1,15
100900030,0,177,-177
100900031,1713,76,1637
100900032,700,1,699
100900033,80,806,-726
100900034,2212,3,2209
100900035,212,8,204
100900036,216,2,214
100900037,202,66,136
100900038,44,53,-9
100900039,302,110,192
100900040,1109,392,717
100900041,2707,108,2599
100900042,256,2181,-1925
100900043,0,30,-30
100900044,1220,1193,27
100900045,45,2,43
100900046,1876,10,1866
100900047,1290,151,1139
100900048,104,27,77
100900049,178,42,136
100900050,18,14,4
100900051,12,77,-65
100900052,491,18,473
100900053,1223,71,1152
100900054,4,13,-9
100900055,357,2116,-1759
100900056,40,65,-25
100900057,1882,260,1622
100900058,165,21,144
100900059,192,2,190
100900060,347,1,346
100900061,275,149,126
100900062,7,5,2
100900063,594,1793,-1199
100900064,894,18,876
100900065,31,264,-233
100900066,67,32,35
100900067,135,2,133
100900068,398,1276,-878
100900069,168,1,167
100900070,996,3,993
100900071,414,92,322
100900072,0,6,-6
100900073,181,293,-112
100900074,1,10,-9
100900075,1715,125,1590
100900076,14,3,11
100900077,192,20,172
100900078,55,217,-162
100900079,5,2,3
100900080,318,767,-449
100900081,7,120,-113
100900082,388,80,308
100900083,35,7,28
100900085,0,434,-434
100900086,29,665,-636
100900088,449,67,382
100900089,0,6,-6
100900090,108,1637,-1529
100900091,4,27,-23
100900092,82,266,-184
100900093,751,940,-189
100900094,1040,64,976
100900095,2,10,-8
100900096,12,103,-91
100900097,1,19,-18
100900098,22,14,8
100900099,2,245,-243
100900100,5,223,-218
100900101,619,21,598
100900102,2,180,-178
100900103,4,7,-3
100900104,1,141,-140
100900105,10,397,-387
100900106,5,3,2
100900107,2415,1113,1302
100900108,7,46,-39
100900109,30,4,26
100900110,4,15,-11
100900111,20,288,-268
100900112,2,68,-66
100900113,25,18,7
100900114,4,6,-2
100900115,74,32,42
100900116,1328,425,903
100900117,479,1512,-1033
100900118,39,89,-50
100900119,15,22,-7
100900120,94,10,84
100900121,665,343,322
100900122,60,75,-15
100900123,474,14,460
100900124,2,6,-4
100900125,2,41,-39
100900126,1094,994,100
100900127,0,0,0
100900128,112,432,-320
100900129,0,182,-182
100900131,4,103,-99
100900133,169,102,67
100900134,1,0,1
100900135,5,479,-474
100900137,287,152,135
100900138,1706,341,1365
100900139,1,45,-44
100900140,2,77,-75
100900141,0,539,-539
100900142,0,9,-9
100900143,338,1268,-930
100900144,7,12,-5
100900145,67,2418,-2351
100900146,9,72,-63
100900147,13,1830,-1817
100900148,230,87,143
100900149,4,938,-934
100900150,10,84,-74
100900151,26,396,-370
100900152,582,4,578
100900153,0,256,-256
100900154,0,162,-162
100900155,30,12,18
100900156,33,3,30
100900157,26,949,-923
100900158,964,25,939
100900159,0,30,-30
100900160,66,0,66
100900161,111,1,110
100900162,3,471,-468
100900163,55,66,-11
100900164,263,4,259
100900165,16,8,8
100900166,48,0,48
100900167,0,17,-17
100900168,4,188,-184
100900169,42,593,-551
100900170,5,3,2
100900171,4,524,-520
100900172,0,122,-122
100900173,9,98,-89
100900174,21,19,2
100900176,1229,209,1020
100900177,231,136,95
100900178,276,237,39
100900179,237,142,95
100900180,0,0,0
100900181,117,84,33
100900182,83,6,77
100900184,132,674,-542
100900186,1094,413,681
100900187,50,73,-23
100900188,57,10,47
100900189,3632,428,3204
100900191,358,1365,-1007
100900192,77,437,-360
100900195,60,298,-238
100900197,103,42,61
100900198,5,9,-4
100900199,3,3,0
100900200,914,176,738
100900201,48,1664,-1616
100900202,133,0,133
100900203,0,50,-50
100900204,112,533,-421
100900205,177,582,-405
100900206,295,410,-115
100900207,660,154,506
100900210,69,130,-61
100900211,458,107,351
100900213,170,35,135
100900214,207,87,120
100900215,69,34,35
101000001,1955,2602,-647
101000002,8011,9417,-1406
101000003,310,1117,-807
101000004,7383,8769,-1386
101000005,6303,8016,-1713
101000006,7067,13037,-5970
101000007,3556,5455,-1899
101000008,1678,2340,-662
101000009,3420,1281,2139
101000010,1558,726,832
101000011,1072,323,749
101000012,251,631,-380
101000013,527,1620,-1093
101000014,465,447,18
101000015,3623,1388,2235
101000016,281,743,-462
101000017,278,369,-91
101000018,1263,6692,-5429
101000020,1472,1340,132
101000021,579,745,-166
101000022,103,597,-494
101000023,991,858,133
101000025,367,759,-392
101000026,451,40,411
101000027,1860,3729,-1869
101000028,88,28,60
101000029,44,1078,-1034
101000030,742,143,599
101000031,55,667,-612
101000032,2307,3565,-1258
101000033,1251,5048,-3797
101000034,387,2688,-2301
101000035,442,357,85
101000036,365,2499,-2134
101000037,552,3449,-2897
101000039,1965,3353,-1388
101000040,2710,7490,-4780
101000041,1859,6692,-4833
101000042,68,761,-693
101000043,2787,7191,-4404
101000045,182,650,-468
101000046,1208,1713,-505
101000047,905,4550,-3645
101000048,446,333,113
101000049,582,2066,-1484
101000050,513,2533,-2020
101000051,763,1980,-1217
101000052,1194,1880,-686
101000053,343,1251,-908
101000054,1743,699,1044
101000055,1359,1357,2
101000056,8,127,-119
101000057,511,3444,-2933
101000058,529,2152,-1623
101000059,2253,3897,-1644
101000060,1488,957,531
101000061,202,2666,-2464
101000062,112,526,-414
101000063,113,1275,-1162
101000064,131,889,-758
101000065,132,867,-735
101000066,266,1143,-877
101000067,184,708,-524
101000068,101,400,-299
101000069,49,68,-19
101000070,269,699,-430
101000071,3277,1192,2085
101000072,481,2511,-2030
101000073,446,889,-443
101000074,1693,2783,-1090
101000075,1597,2296,-699
101000077,1515,3557,-2042
101000078,789,1134,-345
101000079,813,896,-83
101000080,846,830,16
101000081,1620,2041,-421
101000082,1481,1407,74
101000083,3636,2343,1293
101000084,1111,575,536
101000085,2188,921,1267
101000086,823,745,78
101000087,718,769,-51
101000088,2227,1198,1029
101000089,1153,2170,-1017
101000090,1305,568,737
101000091,621,462,159
101000092,2226,573,1653
101000093,1826,523,1303
101000094,788,884,-96
101000095,816,621,195
101000096,1042,210,832
101000097,533,648,-115
101000098,361,736,-375
101000099,423,1026,-603
101000100,886,1128,-242
101000101,229,796,-567
101000102,325,1154,-829
101000103,397,1183,-786
101000104,224,729,-505
101000105,146,458,-312
101000106,198,1568,-1370
101000107,387,662,-275
101000108,658,113,545
101000109,1358,253,1105
101000110,39,149,-110
101000111,40,194,-154
101000113,93,1399,-1306
101000114,1923,5670,-3747
101000115,17,11,6
101000116,51,28,23
101000117,759,105,654
101000119,8,124,-116
101000120,63,160,-97
101000121,23,73,-50
101000122,58,105,-47
101000123,60,176,-116
101000124,554,660,-106
101000125,132,97,35
101000128,249,1947,-1698
101000130,132,382,-250
101000131,2161,289,1872
101000132,1097,541,556
101000135,7,15,-8
101000136,55,170,-115
101000137,16,505,-489
101000141,568,4826,-4258
101000147,761,322,439
101000148,951,23,928
101000149,12,63,-51
101000150,159,272,-113
101000151,722,44,678
101000152,518,446,72
101000153,357,220,137
101000154,853,480,373
101000155,1032,342,690
101000156,6,1614,-1608
101000157,34,251,-217
101000160,5,21,-16
101000163,78,658,-580
101000164,338,98,240
101000165,334,469,-135
101000166,130,243,-113
101000168,1426,338,1088
101000252,3810,738,3072
101000254,21,24,-3
101000258,94,4,90
101000261,93,72,21
101000262,1414,7357,-5943
101000263,269,1266,-997
101000265,99,628,-529
101000266,538,129,409
101000269,7,52,-45
101000290,218,3823,-3605
101000293,0,5,-5
101000294,279,424,-145
101000295,356,212,144
101000301,142,738,-596
101000304,2135,4920,-2785
101000305,2443,1489,954
101900001,17,51,-34
101900002,0,16,-16
101900003,69,57,12
101900004,0,140,-140
101900005,1072,5627,-4555
101900006,1639,131,1508
101900007,356,172,184
101900008,50,217,-167
101900009,16,509,-493
101900010,1231,1024,207
101900011,32,1691,-1659
101900012,317,66,251
101900013,278,94,184
101900017,30,119,-89
101900018,2751,337,2414
101900019,47,248,-201
101900020,522,151,371
101900021,2,80,-78
101900022,210,2645,-2435
101900023,195,333,-138
102000001,5505,9591,-4086
102000002,3082,2908,174
102000003,1822,6845,-5023
102000004,4769,3849,920
102000005,1510,4302,-2792
102000006,824,1253,-429
102000007,2098,5618,-3520
102000008,5558,1436,4122
102000009,9925,12542,-2617
102000010,3646,2694,952
102000011,5750,5087,663
102000012,4351,2810,1541
102000018,3001,4070,-1069
102000019,3759,2425,1334
102000026,486,518,-32
102000029,450,355,95
102000030,143,431,-288
102000031,179,64,115
102000032,1011,380,631
102000033,861,304,557
102000034,535,302,233
102000035,1144,642,502
102000036,20,196,-176
102000037,130,37,93
102000038,170,209,-39
102000039,80,81,-1
102000040,218,192,26
102000041,8,296,-288
102000042,90,210,-120
102000043,67,290,-223
102000044,571,1131,-560
102000045,888,735,153
102000046,2041,790,1251
102000047,1584,539,1045
102000048,1087,615,472
102000049,1222,982,240
102000050,1760,869,891
102000051,286,475,-189
102000052,1727,1225,502
102000053,1254,973,281
102000054,1185,1301,-116
102000055,1453,252,1201
102000056,2066,286,1780
102000057,2192,542,1650
102000058,877,996,-119
102000059,933,934,-1
102000060,808,891,-83
102000061,3191,1295,1896
102000062,2908,1013,1895
102000063,1176,1468,-292
102000064,636,739,-103
102000065,43,183,-140
102000066,984,418,566
102000067,6506,4903,1603
102000068,9302,3268,6034
102000069,120,2947,-2827
102000070,2060,54,2006
102000071,6388,12709,-6321
102000072,3125,3593,-468
102000073,605,472,133
102000074,969,610,359
102000075,278,186,92
102000076,626,161,465
102000077,1148,1464,-316
102000078,1971,575,1396
102000079,198,42,156
102000080,398,159,239
102000081,402,642,-240
102000082,741,631,110
102000083,1298,172,1126
102000084,1127,139,988
102000085,2251,640,1611
102000086,1981,687,1294
102000087,803,1314,-511
102000088,354,245,109
102000089,1860,188,1672
102000090,352,1491,-1139
102000091,979,832,147
102000092,290,840,-550
102000093,792,631,161
102000094,529,445,84
102000095,869,810,59
102000096,631,375,256
102000097,598,246,352
102000098,387,304,83
102000099,843,369,474
102000100,246,433,-187
102000101,361,315,46
102000102,142,1404,-1262
102000103,3025,545,2480
102000104,541,315,226
102000105,392,332,60
102000106,1303,455,848
102000107,2806,104,2702
102000108,927,1479,-552
102000109,873,1608,-735
102000110,1970,432,1538
102000111,17,2698,-2681
102000112,160,223,-63
102000113,17,166,-149
102000114,3614,638,2976
102000115,310,543,-233
102000116,188,803,-615
102000117,37,905,-868
102000118,759,2317,-1558
102000119,500,952,-452
102000120,290,456,-166
102000121,1482,275,1207
102000122,914,810,104
102000123,938,861,77
102000124,1984,1498,486
102000125,643,676,-33
102000126,626,1231,-605
102000127,1637,1487,150
102000128,992,793,199
102000129,1993,672,1321
102000130,748,946,-198
102000131,1124,975,149
102000132,433,1131,-698
102000133,5870,3230,2640
102000134,1901,804,1097
102000135,727,917,-190
102000136,1003,708,295
102000137,492,490,2
102000138,291,197,94
102000139,89,561,-472
102000140,194,349,-155
102000141,371,796,-425
102000142,435,211,224
102000143,523,78,445
102000144,515,112,403
102000145,380,191,189
102000146,1137,214,923
102000147,615,406,209
102000148,291,463,-172
102000149,719,111,608
102000150,1321,61,1260
102000151,167,70,97
102000152,588,63,525
102000153,1157,422,735
102000154,165,190,-25
102000155,144,406,-262
102000156,314,96,218
102000157,17,527,-510
102000158,94,394,-300
102000159,1202,1512,-310
102000161,3165,2768,397
102000162,223,487,-264
102000163,144,324,-180
102000164,624,915,-291
102000165,253,1036,-783
102000166,72,501,-429
102000167,253,200,53
102000168,327,298,29
102000169,253,821,-568
102000170,814,161,653
102000171,96,61,35
102000172,7,470,-463
102000173,554,406,148
102000174,197,61,136
102000175,244,57,187
102000176,88,34,54
102000178,300,545,-245
102000179,584,309,275
102000180,1356,290,1066
102000181,2015,362,1653
102000182,1278,1856,-578
102000183,2749,953,1796
102000184,2675,854,1821
102000185,4206,401,3805
102000186,2784,691,2093
102000187,1336,529,807
102000188,1999,1517,482
102000189,1823,269,1554
102000190,588,2835,-2247
102000191,1036,216,820
102000192,2269,1641,628
102000193,277,156,121
102000194,50,406,-356
102000195,1051,454,597
102000196,669,334,335
102000197,2031,135,1896
102000198,394,317,77
102000199,2548,156,2392
102000200,741,327,414
102000201,2930,472,2458
102000202,12,336,-324
102000203,787,108,679
102000204,1642,753,889
102000205,2229,1418,811
102000206,1269,808,461
102000207,1014,1540,-526
102000208,540,1566,-1026
102000209,157,311,-154
102000210,1062,622,440
102000211,1181,497,684
102000212,943,15,928
102000213,2,486,-484
102000214,952,12,940
102000215,0,163,-163
102000216,274,218,56
102000217,37,57,-20
102000218,419,321,98
102000219,216,104,112
102000225,284,968,-684
102000226,117,551,-434
102000227,224,6,218
102000228,0,109,-109
102000229,137,62,75
102000230,500,357,143
102000231,627,388,239
102000232,42,206,-164
102000233,1390,437,953
102000234,83,1190,-1107
102000236,334,61,273
102000237,1114,277,837
102000238,429,268,161
102000240,269,1022,-753
102000241,132,171,-39
102000243,4,69,-65
102000245,7,65,-58
102000246,4,49,-45
102000247,163,404,-241
102000248,189,1274,-1085
102000249,240,63,177
102000250,75,267,-192
102000254,655,146,509
102000266,6,450,-444
102000271,55,1,54
102000286,430,322,108
102000297,3236,1010,2226
102000299,0,0,0
102000301,0,0,0
102000302,0,0,0
102000303,0,0,0
102000305,0,0,0
102000307,0,5,-5
102000308,0,0,0
102900001,1657,840,817
102900002,239,63,176
102900003,161,45,116
102900005,832,204,628
102900006,789,70,719
102900007,995,2,993
102900008,526,31,495
102900009,264,334,-70
102900010,246,1966,-1720
102900011,1318,599,719
102900012,1076,109,967
102900013,86,11,75
102900015,1688,479,1209
102900016,183,11,172
102900017,473,69,404
102900018,100,17,83
102900019,912,372,540
102900020,164,8,156
102900021,100,9,91
102900022,90,40,50
102900023,9,7,2
102900024,48,31,17
102900025,33,6,27
102900026,256,2977,-2721
102900027,68,57,11
102900028,224,1496,-1272
102900029,26,491,-465
102900030,530,892,-362
102900031,439,185,254
102900032,137,29,108
102900033,141,127,14
102900034,1087,53,1034
102900035,280,97,183
102900036,368,136,232
102900037,287,460,-173
102900038,378,224,154
102900039,35,1028,-993
102900040,317,240,77
102900041,260,89,171
102900042,530,92,438
102900043,598,117,481
102900044,625,2275,-1650
102900045,334,439,-105
102900046,292,107,185
102900047,303,1728,-1425
102900048,1078,154,924
102900049,53,264,-211
102900050,303,1489,-1186
102900051,352,335,17
102900052,17,77,-60
102900053,494,476,18
102900054,397,1802,-1405
102900055,109,687,-578
102900056,129,186,-57
102900057,4,152,-148
102900058,923,127,796
102900059,6,16,-10
102900060,78,566,-488
102900061,352,1315,-963
102900062,431,370,61
102900063,2852,520,2332
102900064,70,645,-575
102900065,1578,360,1218
102900066,375,12,363
102900068,85,132,-47
102900070,405,212,193
102900072,3,118,-115
102900073,29,2,27
102900074,616,236,380
102900075,3,51,-48
102900076,27,165,-138
102900077,40,4,36
102900078,24,25,-1
102900079,288,2,286
102900080,636,13,623
102900081,16,68,-52
102900082,33,83,-50
102900083,85,3,82
102900084,3,28,-25
102900085,105,69,36
102900086,5,18,-13
102900087,346,49,297
102900088,93,34,59
102900089,383,141,242
102900090,0,181,-181
102900091,497,0,497
102900092,1287,93,1194
102900093,367,159,208
102900094,0,121,-121
102900095,85,1,84
102900096,113,17,96
102900097,40,32,8
103000001,2730,2361,369
103000002,3135,2804,331
103000003,3625,2230,1395
103000004,935,288,647
103000005,1718,4743,-3025
103000006,1572,2676,-1104
103000007,488,364,124
103000008,1141,711,430
103000009,3333,1426,1907
103000010,168,72,96
103000011,1441,506,935
103000012,1685,1728,-43
103000013,2917,1617,1300
103000014,1643,3562,-1919
103000015,1719,865,854
103000016,670,1939,-1269
103000017,458,1183,-725
103000018,1352,212,1140
103000019,758,853,-95
103000020,1312,1323,-11
103000021,2924,3398,-474
103000022,792,1228,-436
103000023,1659,2588,-929
103000024,116,83,33
103000025,208,2314,-2106
103000026,360,559,-199
103000027,227,619,-392
103000028,167,214,-47
103000029,79,274,-195
103000030,1689,1708,-19
103000031,826,3550,-2724
103000032,2117,1739,378
103000033,4653,4250,403
103000034,1463,791,672
103000035,228,1126,-898
103000036,282,311,-29
103000037,665,357,308
103000038,910,944,-34
103000039,1125,290,835
103000040,1256,391,865
103000041,4071,1385,2686
103000042,2930,126,2804
103000043,1587,463,1124
103000044,584,118,466
103000046,361,698,-337
103000047,1003,482,521
103000048,417,703,-286
103000049,173,127,46
103000050,1443,182,1261
103000051,1066,420,646
103000052,1423,161,1262
103000053,368,311,57
103000054,2283,216,2067
103000055,2746,816,1930
103000056,1048,780,268
103000057,1893,95,1798
103000058,1583,319,1264
103000059,1424,345,1079
103000060,1019,206,813
103000061,1207,700,507
103000062,996,126,870
103000063,1656,621,1035
103000064,221,56,165
103000065,9,90,-81
103000066,271,16,255
103000069,403,809,-406
103000070,919,174,745
103000071,2631,790,1841
103000072,206,404,-198
103000073,2172,95,2077
103000074,1360,51,1309
103000075,109,393,-284
103000076,635,1395,-760
103000077,8,234,-226
103000078,1285,2091,-806
103000079,386,913,-527
103000080,427,636,-209
103000081,381,938,-557
103000082,819,172,647
103000083,168,340,-172
103000084,338,6,332
103000085,0,148,-148
103000086,696,764,-68
103000087,344,860,-516
103000088,138,232,-94
103000089,568,1009,-441
103000090,4571,961,3610
103000091,927,530,397
103000092,535,160,375
103000093,385,625,-240
103000094,623,151,472
103000095,167,328,-161
103000096,1073,56,1017
103000097,57,629,-572
103000098,907,51,856
103000099,92,884,-792
103000100,197,332,-135
103000101,2442,97,2345
103000102,235,236,-1
103000103,1231,132,1099
103000104,296,73,223
103000105,634,80,554
103000106,19,143,-124
103000107,468,96,372
103000108,1837,1510,327
103000109,717,824,-107
103000110,382,898,-516
103000111,396,716,-320
103000112,420,556,-136
103000113,527,1060,-533
103000114,2373,1177,1196
103000115,1368,776,592
103000116,1140,363,777
103000117,569,464,105
103000118,402,319,83
103000119,1246,262,984
103000120,86,289,-203
103000121,78,147,-69
103000122,507,1360,-853
103000125,11,50,-39
103000126,1508,1,1507
103000127,6,95,-89
103000128,198,4,194
103000129,0,60,-60
103000130,121,94,27
103000131,60,177,-117
103000132,32,108,-76
103000133,40,75,-35
103000134,323,1690,-1367
103000135,680,158,522
103000136,299,393,-94
103000137,434,546,-112
103000138,672,684,-12
103000139,1,37,-36
103000140,105,32,73
103000141,27,320,-293
103000142,162,186,-24
103000143,52,110,-58
103000144,338,30,308
103000145,13,82,-69
103000150,93,76,17
103000152,186,379,-193
103000153,192,284,-92
103000156,6,75,-69
103000157,526,1,525
103000159,303,108,195
103000162,45,70,-25
103000163,16,24,-8
103000164,5,1,4
103000165,103,70,33
103000166,341,843,-502
103000167,263,174,89
103000168,320,235,85
103000169,482,1454,-972
103000170,2550,252,2298
103000171,43,121,-78
103000172,2144,240,1904
103000173,1983,115,1868
103000174,738,175,563
103000175,554,64,490
103000176,898,1074,-176
103000177,249,850,-601
103000178,103,382,-279
103000179,249,67,182
103000183,629,1,628
103000185,439,39,400
103000186,524,64,460
103000187,2680,123,2557
103000188,35,149,-114
103000189,977,476,501
103000191,575,263,312
103000292,512,2628,-2116
103000293,513,5269,-4756
103000295,40,146,-106
103000296,120,1,119
103000297,0,31,-31
103000504,83,8,75
103000505,0,12,-12
103000506,1,91,-90
103000507,283,3,280
103000508,104,68,36
103000509,271,275,-4
103900001,41,16,25
103900002,694,90,604
103900003,1094,263,831
103900004,234,0,234
103900005,0,41,-41
103900006,0,7,-7
103900007,302,3,299
103900008,3,0,3
103900009,713,108,605
103900010,338,86,252
103900011,1361,73,1288
103900012,23,120,-97
103900013,72,25,47
103900014,211,19,192
103900015,169,4,165
103900016,283,114,169
103900017,147,102,45
103900018,335,52,283
103900019,72,767,-695
103900020,428,384,44
103900021,40,17,23
103900022,577,304,273
103900023,533,2,531
103900024,193,185,8
103900025,3,5,-2
103900026,2,0,2
103900027,494,176,318
103900028,93,441,-348
103900029,1518,137,1381
103900030,422,141,281
103900031,83,1,82
103900032,113,144,-31
103900033,286,55,231
103900034,160,24,136
103900035,221,309,-88
103900036,59,59,0
103900037,311,152,159
103900038,94,183,-89
103900039,329,106,223
103900040,29,100,-71
103900041,153,41,112
103900042,292,36,256
103900043,691,25,666
103900044,78,985,-907
103900045,551,283,268
103900047,154,18,136
103900048,3,180,-177
103900049,62,1061,-999
103900050,28,330,-302
103900051,3,132,-129
103900052,414,320,94
103900053,432,96,336
103900054,415,91,324
103900055,749,94,655
103900056,77,164,-87
103900057,427,86,341
103900058,859,153,706
103900059,0,232,-232
103900060,183,50,133
103900061,402,3,399
103900062,1813,397,1416
103900063,1,0,1
103900064,296,4,292
103900065,143,709,-566
103900066,488,66,422
103900067,549,35,514
103900068,3,0,3
103900069,120,11,109
103900070,280,124,156
103900071,61,45,16
103900072,104,87,17
103900073,206,67,139
103900074,203,46,157
103900075,246,17,229
103900076,1505,220,1285
103900077,67,159,-92
103900078,644,193,451
103900079,92,105,-13
103900080,2,36,-34
103900081,2,13,-11
103900082,56,114,-58
103900083,938,3986,-3048
103900084,15,241,-226
103900085,30,56,-26
103900086,2568,387,2181
103900087,89,101,-12
103900088,284,803,-519
103900089,62,115,-53
103900090,0,41,-41
103900091,846,51,795
103900092,993,427,566
103900093,98,263,-165
103900094,2,34,-32
103900095,163,344,-181
103900096,428,25,403
103900097,20,182,-162
103900098,486,90,396
103900099,855,43,812
103900100,445,62,383
103900101,1971,866,1105
103900102,7,132,-125
103900104,1,1,0
103900105,99,27,72
103900106,5,2481,-2476
103900107,402,27,375
103900108,67,86,-19
103900109,496,6,490
103900110,596,40,556
103900111,574,115,459
103900112,10,46,-36
103900113,33,67,-34
103900114,542,240,302
103900115,150,222,-72
103900116,1342,2677,-1335
103900117,30,12,18
103900119,12,358,-346
103900120,26,25,1
103900122,433,83,350
103900123,202,1131,-929
103900124,28,2,26
103900125,176,48,128
103900126,1138,89,1049
103900127,276,146,130
103900128,339,32,307
103900131,12,70,-58
103900133,1289,12,1277
103900134,15,39,-24
103900135,2,2,0
103900137,0,5,-5
103900138,451,24,427
103900139,223,5925,-5702
103900140,4,727,-723
103900141,340,70,270
103900142,886,56,830
103900143,360,0,360
103900144,0,3,-3
103900145,217,193,24
103900146,364,162,202
103900147,776,65,711
103900148,836,175,661
103900149,598,197,401
103900150,3968,8160,-4192
103900151,3,47,-44
103900152,2295,102,2193
103900153,21,18,3
103900154,187,2888,-2701
103900155,18,38,-20
103900156,59,11,48
103900157,451,31,420
103900158,537,16,521
103900159,778,9,769
103900160,48,33,15
103900161,102,129,-27
103900162,41,32,9
103900163,38,386,-348
103900164,261,6,255
103900167,3,101,-98
103900168,119,9,110
103900169,28,45,-17
103900170,0,28,-28
103900171,1,15,-14
103900172,2,4,-2
103900173,24,36,-12
103900174,879,24,855
103900175,26,218,-192
103900176,4,20,-16
103900177,3,3,0
103900178,116,1,115
103900179,97,9,88
103900180,12,27,-15
103900181,3,58,-55
103900182,17,12,5
103900184,134,48,86
103900185,47,1759,-1712
103900187,7,259,-252
103900188,202,115,87
103900189,358,19,339
103900190,256,70,186
103900191,6,29,-23
103900192,20,51,-31
103900193,44,24,20
103900194,156,64,92
103900195,16,244,-228
103900196,96,37,59
103900197,11,40,-29
103900198,10,14,-4
103900199,114,34,80
103900200,503,46,457
103900201,171,69,102
103900202,5,139,-134
103900203,81,84,-3
103900204,0,11,-11
103900207,0,34,-34
103900208,416,0,416
103900209,2,31,-29
103900210,81,16,65
103900211,1428,158,1270
103900212,321,68,253
103900213,10,157,-147
103900214,191,457,-266
103900215,96,350,-254
103900216,34,288,-254
103900217,500,144,356
103900218,0,621,-621
103900219,631,53,578
103900233,200,15,185
103900235,37,149,-112
103900236,41,19,22
103900242,16,1,15
103900243,0,1,-1
103900244,176,70,106
103900245,370,96,274
103900246,27,59,-32
103900247,14,27,-13
103900248,0,96,-96
103900249,2,36,-34
103900250,18,33,-15
103900251,2,19,-17
103900253,25,53,-28
103900254,1,19,-18
103900255,2,28,-26
103900256,42,12,30
103900257,85,295,-210
103900258,25,14,11
103900259,6,6,0
103900261,86,1,85
103900262,40,1,39
103900263,38,128,-90
103900264,28,12,16
103900265,1,8,-7
103900266,2,61,-59
103900267,1,17,-16
104000001,4330,1908,2422
104000002,3380,1747,1633
104000003,2639,1456,1183
104000004,5093,2091,3002
104000005,3065,1851,1214
104000006,3490,2471,1019
104000007,6286,4264,2022
104000008,348,138,210
104000009,377,97,280
104000010,245,715,-470
104000011,240,162,78
104000012,157,96,61
104000013,406,798,-392
104000014,281,159,122
104000015,651,121,530
104000016,354,74,280
104000018,1124,175,949
104000019,1247,384,863
104000020,124,171,-47
104000021,479,266,213
104000022,428,471,-43
104000023,2375,511,1864
104000024,228,228,0
104000026,82,112,-30
104000027,401,162,239
104000028,765,227,538
104000029,466,235,231
104000030,766,285,481
104000031,2180,139,2041
104000032,193,76,117
104000033,1153,286,867
104000034,243,147,96
104000035,1769,339,1430
104000036,1963,330,1633
104000037,240,114,126
104000038,584,396,188
104000039,223,98,125
104000040,87,774,-687
104000041,992,878,114
104000042,232,113,119
104000043,128,306,-178
104000044,420,3249,-2829
104000045,791,783,8
104000046,1045,603,442
104000047,804,523,281
104000048,1220,552,668
104000049,1018,385,633
104000050,129,677,-548
104000051,273,1229,-956
104000052,3001,4642,-1641
104000053,1936,821,1115
104000054,773,452,321
104000055,2452,2370,82
104000056,607,119,488
104000057,247,116,131
104000058,2004,877,1127
104000059,963,1228,-265
104000060,1677,3915,-2238
104000061,1532,780,752
104000062,384,104,280
104000064,676,258,418
104000065,236,674,-438
104000069,314,1890,-1576
104000070,83,705,-622
104000071,222,131,91
104000072,1237,179,1058
104000075,36,367,-331
104000076,874,70,804
104000082,2316,3613,-1297
104000083,571,104,467
104000084,151,217,-66
104000085,779,185,594
104000086,354,228,126
104000087,439,1775,-1336
104000090,1582,535,1047
104000092,2477,515,1962
104000094,857,615,242
104000095,3922,1670,2252
104000096,4432,34,4398
104000097,4660,349,4311
104000098,6484,457,6027
104000100,4482,1465,3017
104000101,2628,1215,1413
104000106,19,531,-512
104000107,872,174,698
104000108,354,413,-59
104000109,479,142,337
104000110,910,1789,-879
104000111,2487,6472,-3985
104000112,844,857,-13
104000116,0,402,-402
104000117,466,222,244
104000118,3119,159,2960
104000119,1846,230,1616
104000120,755,916,-161
104000121,336,347,-11
104000122,903,429,474
104000123,1109,523,586
104000124,260,1242,-982
104000125,1899,7006,-5107
104000126,830,516,314
104000127,1445,1327,118
104000128,1011,148,863
104000129,99,0,99
104000130,0,654,-654
104000131,206,300,-94
104000132,442,333,109
104000133,2449,918,1531
104000134,989,1610,-621
104000135,440,1437,-997
104000136,726,2918,-2192
104000137,1885,392,1493
104000138,1348,330,1018
104000139,2035,2647,-612
104000141,708,334,374
104000142,750,315,435
104000143,1036,159,877
104000144,231,196,35
104000145,309,194,115
104000146,245,675,-430
104000147,344,499,-155
104000148,540,215,325
104000149,250,65,185
104000150,1952,280,1672
104000151,841,107,734
104000152,1250,200,1050
104000153,1466,581,885
104000154,735,190,545
104000155,639,918,-279
104000157,1513,531,982
104000158,191,358,-167
104000159,1440,336,1104
104000160,2301,3030,-729
104000161,174,98,76
104000162,61,48,13
104000165,1329,744,585
104000167,865,2053,-1188
104000168,1639,5,1634
104000169,339,44,295
104000170,199,285,-86
104000248,742,513,229
104000251,103,100,3
104000272,0,0,0
104000273,0,0,0
104000274,0,0,0
104000275,0,0,0
104000279,760,499,261
104000290,102,404,-302
104000291,422,1416,-994
104000293,1832,882,950
104000294,246,0,246
104000295,1286,999,287
104000296,938,623,315
104000297,1363,2493,-1130
104000298,2286,804,1482
104000299,2021,697,1324
104900001,60,96,-36
104900002,104,432,-328
104900003,203,84,119
104900004,306,56,250
104900005,1226,248,978
104900006,1313,123,1190
104900007,992,375,617
104900009,394,141,253
104900010,218,5,213
104900011,10,91,-81
104900012,381,100,281
104900013,139,36,103
104900014,1425,234,1191
104900015,142,5,137
104900016,221,95,126
104900017,142,86,56
104900018,3,92,-89
104900019,165,7429,-7264
104900020,32,264,-232
104900021,2,33,-31
104900022,28,52,-24
104900023,1,38,-37
104900024,62,151,-89
104900025,120,195,-75
104900026,2,34,-32
104900027,1089,433,656
104900028,46,130,-84
104900029,13,30,-17
104900030,707,185,522
104900031,23,183,-160
104900032,28,89,-61
104900033,690,98,592
104900034,415,222,193
104900035,603,318,285
104900036,532,54,478
104900037,614,73,541
104900038,127,2895,-2768
104900039,227,1144,-917
104900040,1118,46,1072
104900041,1008,121,887
104900042,349,126,223
104900043,31,687,-656
104900044,2263,73,2190
104900045,812,70,742
104900046,1335,65,1270
104900047,1165,97,1068
104900048,1064,44,1020
104900049,140,78,62
104900050,1378,185,1193
104900051,813,16,797
104900052,411,2,409
104900053,1038,51,987
104900054,470,40,430
104900055,578,1,577
104900056,764,3,761
104900057,113,0,113
104900058,638,353,285
104900059,314,14,300
104900060,1,308,-307
104900061,414,105,309
104900063,0,127,-127
104900064,0,90,-90
104900065,1,265,-264
104900066,0,63,-63
104900067,5,1377,-1372
104900068,89,737,-648
104900070,79,196,-117
104900071,0,233,-233
104900072,55,80,-25
104900073,200,148,52
104900074,107,52,55
104900075,140,31,109
104900076,384,81,303
104900077,649,149,500
104900078,414,89,325
104900079,128,1915,-1787
104900080,401,88,313
104900082,9,151,-142
104900085,0,132,-132
104900087,580,2,578
104900089,1019,3,1016
104900090,2910,3202,-292
104900091,337,860,-523
104900093,306,276,30
104900097,1148,5083,-3935
104900098,462,152,310
104900099,61,974,-913
104900100,238,103,135
104900102,112,121,-9
104900103,397,76,321
104900104,1859,2124,-265
104900106,435,83,352
104900107,159,150,9
104900108,24,466,-442
104900109,203,216,-13
104900110,12,30,-18
104900111,257,38,219
104900112,741,195,546
104900113,1241,150,1091
104900114,1127,534,593
104900115,1886,100,1786
104900116,1071,91,980
104900118,7,41,-34
104900119,0,71,-71
104900120,27,1503,-1476
104900121,0,35,-35
104900122,0,26,-26
104900123,501,28,473
104900124,306,18,288
104900125,451,4,447
104900126,14,12,2
104900127,31,13,18
104900128,257,87,170
104900129,788,4997,-4209
105000001,3386,1119,2267
105000002,2740,1537,1203
105000003,2825,3798,-973
105000004,1642,764,878
105000005,2625,1475,1150
105000006,1598,2085,-487
105000007,2114,2626,-512
105000008,796,3844,-3048
105000009,5610,5410,200
105000010,2983,903,2080
105000011,4020,4392,-372
105000012,2429,1593,836
105000013,1549,2076,-527
105000014,5265,4921,344
105000015,8916,17405,-8489
105000016,993,1012,-19
105000017,1813,1028,785
105000018,703,2264,-1561
105000019,1153,1557,-404
105000020,79,638,-559
105000021,238,156,82
105000022,116,149,-33
105000023,1097,123,974
105000028,37,67,-30
105000029,803,1329,-526
105000030,3441,3227,214
105000033,1193,815,378
105000034,161,2170,-2009
105000037,1255,120,1135
105000038,1124,2356,-1232
105000039,725,969,-244
105000040,1369,3307,-1938
105000041,408,1109,-701
105000042,2702,1889,813
105000043,869,776,93
105000044,2232,334,1898
105000045,319,291,28
105000046,2514,191,2323
105000047,631,254,377
105000048,2160,315,1845
105000049,445,488,-43
105000050,1455,774,681
105000051,202,264,-62
105000052,1104,2232,-1128
105000053,109,63,46
105000054,706,1436,-730
105000055,1254,749,505
105000056,3081,3903,-822
105000057,2724,4052,-1328
105000058,2025,1646,379
105000059,2617,756,1861
105000060,901,506,395
105000061,2342,509,1833
105000062,1061,519,542
105000063,573,342,231
105000064,4848,798,4050
105000065,875,307,568
105000066,1851,871,980
105000067,2691,905,1786
105000068,330,593,-263
105000069,1264,4861,-3597
105000070,473,1458,-985
105000071,230,2594,-2364
105000072,1323,8953,-7630
105000073,2021,1019,1002
105000074,631,402,229
105000075,757,447,310
105000076,1447,751,696
105000077,2117,747,1370
105000078,1190,1216,-26
105000079,849,1840,-991
105000080,2176,2448,-272
105000081,936,1212,-276
105000082,1243,1414,-171
105000083,2008,3008,-1000
105000084,627,1296,-669
105000085,3460,2462,998
105000086,911,772,139
105000087,1962,1818,144
105000088,2447,4507,-2060
105000089,2273,1162,1111
105000090,575,410,165
105000091,759,600,159
105000092,583,444,139
105000093,284,422,-138
105000094,232,131,101
105000095,249,639,-390
105000096,1892,2214,-322
105000097,704,544,160
105000098,2046,1603,443
105000099,791,923,-132
105000100,3308,2640,668
105000101,4195,1091,3104
105000102,3092,1658,1434
105000103,1553,2017,-464
105000104,4216,5992,-1776
105000105,1921,5338,-3417
105000106,2813,657,2156
105000107,3306,2014,1292
105000108,3948,1319,2629
105000109,4852,670,4182
105000110,2306,275,2031
105000111,2579,304,2275
105000112,1912,388,1524
105000113,538,992,-454
105000114,1348,1544,-196
105000115,349,2926,-2577
105000116,2423,760,1663
105000117,1765,333,1432
105000118,2414,481,1933
105000119,1682,570,1112
105000120,4114,729,3385
105000121,2138,672,1466
105000122,703,1517,-814
105000123,858,675,183
105000124,4255,587,3668
105000125,1887,961,926
105000126,4103,1251,2852
105000127,4327,1521,2806
105000128,1561,1912,-351
105000129,2319,2263,56
105000130,192,5421,-5229
105000131,312,101,211
105000132,2750,1255,1495
105000133,668,411,257
105000134,2904,223,2681
105000135,305,332,-27
105000136,31,17,14
105000137,1123,135,988
105000138,13,21,-8
105000139,1382,362,1020
105000140,664,260,404
105000141,725,241,484
105000142,456,346,110
105000143,368,244,124
105000144,570,338,232
105000145,1314,202,1112
105000146,789,351,438
105000147,1001,276,725
105000148,917,562,355
105000149,5698,1319,4379
105000150,2139,624,1515
105000151,1620,367,1253
105000152,518,694,-176
105000153,2016,238,1778
105000154,1730,481,1249
105000155,547,329,218
105000156,831,452,379
105000157,1534,604,930
105000158,4388,599,3789
105000159,572,452,120
105000160,6657,616,6041
105000161,1538,554,984
105000162,1110,4586,-3476
105000163,1414,582,832
105000164,187,366,-179
105000165,754,16124,-15370
105000166,3416,3488,-72
105000167,1384,6271,-4887
105000168,1934,433,1501
105000169,1853,142,1711
105000170,1100,1215,-115
105000171,2601,455,2146
105000172,779,10,769
105000173,1267,6,1261
105000174,256,27,229
105000175,318,48,270
105000176,1500,100,1400
105000177,815,371,444
105000178,746,122,624
105000179,2610,95,2515
105000180,1016,68,948
105000181,353,122,231
105000182,106,44,62
105000183,2451,4711,-2260
105000184,214,665,-451
105000185,460,1383,-923
105000186,483,1035,-552
105000187,1178,1108,70
105000188,149,133,16
105000189,66,561,-495
105000190,420,276,144
105000191,762,260,502
105000192,482,102,380
105000193,85,99,-14
105000194,836,129,707
105000195,754,545,209
105000196,69,327,-258
105000197,132,410,-278
105000198,163,100,63
105000199,88,796,-708
105000200,174,1002,-828
105000201,141,135,6
105000203,56,134,-78
105000204,145,62,83
105000205,63,68,-5
105000207,178,44,134
105000208,169,431,-262
105000209,294,60,234
105000212,2279,508,1771
105000213,75,133,-58
105000214,254,114,140
105000215,1185,240,945
105000216,405,113,292
105000217,449,78,371
105000218,4740,1196,3544
105000221,167,145,22
105000222,697,190,507
105000223,837,299,538
105000226,253,111,142
105000227,112,91,21
105000228,55,1937,-1882
105000229,231,925,-694
105000231,599,219,380
105000233,1712,1822,-110
105000234,361,759,-398
105000235,840,697,143
105000237,2154,93,2061
105000243,102,61,41
105000248,98,71,27
105000262,946,300,646
105000269,175,295,-120
105000270,1498,13,1485
105000271,0,218,-218
105000282,88,69,19
105000287,215,107,108
105000288,1795,2008,-213
105000289,507,1297,-790
105000290,66,7,59
105000402,1835,5807,-3972
105000426,250,336,-86
105000438,724,889,-165
105000446,7341,3774,3567
105000447,1933,1318,615
105000454,1146,89,1057
105000455,260,75,185
105000474,364,2,362
105000477,2226,606,1620
105000478,3315,6823,-3508
105000479,225,130,95
105000480,4166,6320,-2154
105000481,5444,4867,577
105000482,2470,2189,281
105000483,2281,3859,-1578
105000484,1631,1474,157
105000485,1208,4442,-3234
105000486,1497,1703,-206
105000488,2153,1598,555
105000489,2471,812,1659
105000549,236,597,-361
105000550,574,536,38
105000551,33,68,-35
105000552,1871,861,1010
105900001,13,3435,-3422
105900002,801,2116,-1315
105900003,5,199,-194
105900004,309,42,267
105900005,179,1157,-978
105900006,10,104,-94
105900007,90,154,-64
105900008,155,133,22
105900009,156,62,94
105900011,224,54,170
105900012,617,90,527
105900013,7,66,-59
105900014,2,59,-57
105900015,79,560,-481
105900016,1498,228,1270
105900017,3688,52,3636
105900018,260,183,77
105900019,146,167,-21
105900020,179,40,139
105900021,72,186,-114
105900022,647,140,507
105900023,12,112,-100
105900024,7,1016,-1009
105900025,591,11,580
105900026,107,3,104
105900027,13351,4470,8881
105900028,250,644,-394
105900029,1585,253,1332
105900030,222,232,-10
105900031,529,76,453
105900032,172,77,95
105900033,143,124,19
105900034,791,135,656
105900035,1183,326,857
105900036,194,90,104
105900037,310,16,294
105900038,251,317,-66
105900039,271,62,209
105900040,228,71,157
105900041,400,66,334
105900042,207,217,-10
105900043,896,36,860
105900044,1,651,-650
105900045,1,2393,-2392
105900046,1,126,-125
105900047,7,63,-56
105900048,212,379,-167
105900050,967,4915,-3948
105900051,23,1043,-1020
105900052,1706,174,1532
105900053,3801,6913,-3112
105900054,253,178,75
105900056,708,967,-259
105900057,0,169,-169
105900058,7,21,-14
105900059,1,286,-285
106000001,2163,2883,-720
106000002,1270,2596,-1326
106000003,4362,5245,-883
106000004,1963,2153,-190
106000005,5841,4042,1799
106000006,6755,1275,5480
106000007,832,184,648
106000008,346,421,-75
106000009,761,168,593
106000010,306,357,-51
106000011,3070,1053,2017
106000012,1454,589,865
106000013,2377,1501,876
106000014,2321,1334,987
106000015,3886,1004,2882
106000016,2438,1116,1322
106000017,1302,629,673
106000018,765,521,244
106000019,645,305,340
106000020,647,279,368
106000021,502,323,179
106000022,465,203,262
106000023,1009,297,712
106000024,1089,378,711
106000025,222,214,8
106000026,163,132,31
106000027,3122,1229,1893
106000028,1522,315,1207
106000029,1104,747,357
106000030,197,541,-344
106000034,60,317,-257
106000035,1549,1628,-79
106000036,86,489,-403
106000037,1274,895,379
106000038,98,360,-262
106000039,41,267,-226
106000040,77,1005,-928
106000041,799,554,245
106000043,337,198,139
106000046,403,57,346
106000047,86,379,-293
106000049,1910,113,1797
106000050,311,318,-7
106000051,1815,827,988
106000052,315,142,173
106000053,1196,135,1061
106000054,533,116,417
106000055,1873,487,1386
106000056,609,153,456
106000057,1008,201,807
106000058,333,36,297
106000059,826,303,523
106000060,146,180,-34
106000061,302,1106,-804
106000062,184,138,46
106000063,1420,1190,230
106000064,14,263,-249
106000065,918,240,678
106000066,186,1051,-865
106000067,1030,60,970
106000068,208,187,21
106000069,899,71,828
106000070,564,164,400
106000071,1287,150,1137
106000072,3025,1473,1552
106000073,1556,8727,-7171
106000074,1004,626,378
106000075,447,859,-412
106000076,1248,1146,102
106000077,2197,463,1734
106000078,2297,340,1957
106000079,1398,382,1016
106000080,2333,362,1971
106000081,1594,441,1153
106000082,2104,383,1721
106000083,761,857,-96
106000084,1171,459,712
106000085,1393,916,477
106000086,483,258,225
106000087,1218,273,945
106000088,408,310,98
106000089,1802,146,1656
106000090,642,279,363
106000091,296,384,-88
106000092,1238,127,1111
106000093,972,48,924
106000094,212,186,26
106000095,2385,337,2048
106000096,2717,412,2305
106000097,3179,978,2201
106000098,1749,563,1186
106000099,193,382,-189
106000100,3271,196,3075
106000101,1619,401,1218
106000102,175,679,-504
106000103,358,734,-376
106000104,1864,708,1156
106000105,660,721,-61
106000106,1933,174,1759
106000107,349,182,167
106000108,665,82,583
106000109,466,123,343
106000110,813,161,652
106000111,441,127,314
106000112,510,1166,-656
106000113,789,409,380
106000114,697,1464,-767
106000115,312,250,62
106000116,611,176,435
106000117,1487,618,869
106000118,2304,1511,793
106000119,986,555,431
106000120,1597,2582,-985
106000121,745,150,595
106000122,584,94,490
106000123,1753,59,1694
106000124,576,94,482
106000125,101,123,-22
106000126,806,44,762
106000127,3453,564,2889
106000128,2803,253,2550
106000129,1643,240,1403
106000130,2969,187,2782
106000131,499,942,-443
106000132,1189,107,1082
106000133,1525,2596,-1071
106000134,897,6068,-5171
106000135,258,655,-397
106000136,1735,2778,-1043
106000137,278,1310,-1032
106000138,5496,86,5410
106000139,137,80,57
106000140,93,23,70
106000141,190,41,149
106000142,331,34,297
106000143,45,32,13
106000144,125,61,64
106000145,1308,232,1076
106000146,1122,147,975
106000147,896,320,576
106000148,625,547,78
106000149,1538,242,1296
106000150,2090,3198,-1108
106000151,4258,679,3579
106000152,1302,2945,-1643
106000153,126,2349,-2223
106000154,1310,143,1167
106000155,344,304,40
106000156,3515,134,3381
106000157,851,2112,-1261
106000158,1513,500,1013
106000159,2650,3360,-710
106000160,1290,7343,-6053
106000161,951,170,781
106000162,800,2448,-1648
106000163,651,183,468
106000164,1400,283,1117
106000165,292,232,60
106000166,2647,133,2514
106000167,1276,454,822
106000168,1909,160,1749
106000169,630,799,-169
106000170,2174,424,1750
106000171,380,1547,-1167
106000172,4436,1614,2822
106000173,1542,1616,-74
106000174,2491,263,2228
106000175,252,333,-81
106000176,5044,635,4409
106000177,2213,1259,954
106000178,5840,810,5030
106000179,1514,1091,423
106000180,2186,542,1644
106000181,4401,1325,3076
106000182,3677,378,3299
106000183,3630,228,3402
106000184,2623,479,2144
106000185,4225,2370,1855
106000186,506,55,451
106000187,159,2529,-2370
106000188,0,0,0
106000189,46,21,25
106000190,42,1,41
106000191,683,92,591
106000192,0,3,-3
106000193,397,454,-57
106000194,266,779,-513
106000195,395,313,82
106000196,153,1952,-1799
106000197,1306,1129,177
106000198,465,660,-195
106000199,909,3934,-3025
106000200,394,458,-64
106000201,668,13907,-13239
106000202,3057,1016,2041
106000203,10,95,-85
106000204,124,8,116
106000205,5,111,-106
106000206,132,18,114
106000207,4,273,-269
106000208,3597,78,3519
106000209,4103,188,3915
106000210,695,386,309
106000211,248,1249,-1001
106000212,2291,390,1901
106000213,315,1097,-782
106000214,1756,464,1292
106000215,604,880,-276
106000216,1161,542,619
106000217,242,452,-210
106000218,457,208,249
106000219,193,198,-5
106000220,1139,388,751
106000221,583,98,485
106000222,189,57,132
106000223,907,100,807
106000224,631,69,562
106000225,145,252,-107
106000226,138,96,42
106000228,78,92,-14
106000229,439,403,36
106000231,2742,75,2667
106000232,148,558,-410
106000233,1487,270,1217
106000234,72,2679,-2607
106000235,502,2807,-2305
106000236,182,3347,-3165
106000237,0,35,-35
106000238,17,240,-223
106000239,0,192,-192
106000240,83,26,57
106000241,9,709,-700
106000242,720,29,691
106000249,242,49,193
106000250,213,1217,-1004
106000251,245,16,229
106000252,87,582,-495
106000253,187,73,114
106000254,313,102,211
106000255,121,205,-84
106000256,137,29,108
106000257,228,207,21
106000258,172,1690,-1518
106000259,17,1569,-1552
106000260,63,22,41
106000261,14,221,-207
106000262,123,33,90
106000263,119,518,-399
106000264,398,6,392
106000265,58,233,-175
106000266,448,49,399
106000267,47,83,-36
106000268,690,46,644
106000269,253,36,217
106000270,206,284,-78
106000271,71,77,-6
106000272,221,123,98
106000273,4,155,-151
106000274,251,36,215
106000275,393,103,290
106000276,62,10,52
106000277,231,125,106
106000278,136,4,132
106000279,51,12,39
106000280,349,16,333
106000281,108,10,98
106000282,181,55,126
106000283,156,27,129
106000284,335,31,304
106000285,169,70,99
106000286,243,40,203
106000287,62,32,30
106000288,280,71,209
106000289,140,23,117
106000290,186,74,112
106000291,189,46,143
106000292,246,49,197
106000293,210,110,100
106000294,194,15,179
106000295,46,119,-73
106000296,80,48,32
106000297,17,134,-117
106000298,24,188,-164
106000299,49,21,28
106000300,30,66,-36
106000301,40,135,-95
106000303,203,20,183
106000304,233,11,222
106000305,318,50,268
106000306,253,61,192
106000307,527,11,516
106000308,112,76,36
106000309,91,21,70
106000310,656,205,451
106000311,651,118,533
106000312,319,165,154
106000313,431,45,386
106000318,106,528,-422
106000319,5044,871,4173
106000320,10,518,-508
106000321,236,1483,-1247
106000322,547,41,506
106000324,228,184,44
106000325,3137,552,2585
106000326,887,781,106
106000327,652,49,603
106000328,16,1052,-1036
106000329,56,1264,-1208
106000330,42,560,-518
106000428,120,267,-147
106000429,221,165,56
106000430,425,1609,-1184
106000431,3887,397,3490
106000432,768,1636,-868
106000433,3220,1078,2142
106000434,5345,993,4352
106000435,1358,1387,-29
106000436,2,308,-306
106000437,1776,92,1684
106000438,250,1004,-754
106000439,77,957,-880
106000440,275,293,-18
106000441,2,0,2
106000442,3142,19,3123
106000443,423,97,326
106000450,17,108,-91
106000451,42,267,-225
106000454,3,184,-181
106000455,1,139,-138
106000456,456,56,400
106000457,66,289,-223
106000458,3170,60,3110
106000459,1315,45,1270
106000460,5687,43,5644
106000461,1204,196,1008
106000462,2,82,-80
106000463,3,3,0
106000464,0,139,-139
106000465,2248,23,2225
106000466,2,147,-145
106000467,74,243,-169
106000468,593,108,485
106000469,98,0,98
106000470,308,3922,-3614
106000471,10,224,-214
106000472,644,18,626
106000473,81,5,76
106000474,430,361,69
106000475,706,255,451
106000476,208,377,-169
106000477,21,10,11
106900001,0,2,-2
106900002,1,152,-151
106900003,93,1615,-1522
106900004,0,6,-6
106900006,0,10,-10
106900007,0,5,-5
106900008,1658,68,1590
106900009,1209,91,1118
106900010,916,142,774
106900012,735,5900,-5165
106900013,1311,291,1020
106900014,158,4,154
106900015,31,1,30
106900016,963,84,879
106900017,60,0,60
106900018,45,0,45
106900019,505,4,501
106900020,1500,4517,-3017
106900021,359,61,298
106900022,3525,19,3506
106900023,214,72,142
106900024,1341,108,1233
106900025,6,340,-334
106900026,0,118,-118
106900027,2927,5,2922
107000001,3489,3562,-73
107000002,1793,1555,238
107000003,14137,9897,4240
107000004,4218,1482,2736
107000005,15687,10238,5449
107000006,4836,2085,2751
107000007,6896,9687,-2791
107000008,4210,2944,1266
107000009,12942,10317,2625
107000010,6019,4102,1917
107000011,559,1036,-477
107000012,2518,5420,-2902
107000013,302,40,262
107000014,189,57,132
107000015,911,263,648
107000016,1640,507,1133
107000017,847,1406,-559
107000018,5,1040,-1035
107000020,833,1000,-167
107000021,1257,448,809
107000022,1367,3348,-1981
107000023,2563,171,2392
107000024,960,4775,-3815
107000025,603,218,385
107000026,413,878,-465
107000027,3828,549,3279
107000028,2529,430,2099
107000029,6636,3251,3385
107000030,3558,1273,2285
107000031,9400,4310,5090
107000032,357,620,-263
107000033,2439,5270,-2831
107000034,3882,967,2915
107000035,571,188,383
107000036,721,1726,-1005
107000037,277,639,-362
107000038,345,82,263
107000039,2091,865,1226
107000040,514,167,347
107000041,1315,463,852
107000042,994,2905,-1911
107000043,1385,527,858
107000044,274,152,122
107000045,50,166,-116
107000046,1196,252,944
107000047,520,562,-42
107000048,611,159,452
107000049,561,361,200
107000050,948,269,679
107000051,308,306,2
107000052,775,2180,-1405
107000053,414,505,-91
107000054,42,237,-195
107000055,204,93,111
107000056,688,766,-78
107000057,1647,151,1496
107000058,2814,2392,422
107000059,2568,2090,478
107000060,10212,4325,5887
107000061,4800,1717,3083
107000062,12490,3734,8756
107000063,4272,1804,2468
107000064,9779,8118,1661
107000065,2602,3246,-644
107000066,2026,4168,-2142
107000067,1772,1121,651
107000068,918,1003,-85
107000069,1473,1271,202
107000070,2064,11,2053
107000071,9635,99,9536
107000072,5,732,-727
107000073,2691,1529,1162
107000074,92,410,-318
107000075,3527,172,3355
107000076,245,488,-243
107000077,5080,477,4603
107000078,611,666,-55
107000079,5687,974,4713
107000080,356,973,-617
107000081,7754,923,6831
107000082,577,788,-211
107000083,2955,2389,566
107000084,222,1014,-792
107000085,3104,3495,-391
107000086,3466,2482,984
107000087,4030,3904,126
107000088,3147,2689,458
107000089,1966,2892,-926
107000090,1738,748,990
107000091,2741,804,1937
107000092,1247,637,610
107000093,2333,1085,1248
107000094,1248,536,712
107000095,3252,1141,2111
107000096,861,835,26
107000097,1157,1213,-56
107000098,223,634,-411
107000099,1062,406,656
107000100,392,403,-11
107000101,188,301,-113
107000102,249,285,-36
107000103,655,476,179
107000104,275,297,-22
107000105,934,1335,-401
107000106,298,219,79
107000107,1804,278,1526
107000108,302,394,-92
107000109,2757,235,2522
107000110,225,179,46
107000111,1417,34,1383
107000112,34,130,-96
107000113,2429,75,2354
107000114,131,212,-81
107000115,1398,1019,379
107000116,150,348,-198
107000117,281,4139,-3858
107000118,100,103,-3
107000119,1831,2532,-701
107000120,568,1067,-499
107000121,1339,631,708
107000122,754,514,240
107000123,1038,322,716
107000124,1126,241,885
107000125,2063,291,1772
107000126,1573,198,1375
107000127,112,551,-439
107000129,302,197,105
107000130,413,361,52
107000131,627,285,342
107000132,1216,213,1003
107000133,506,164,342
107000134,346,3,343
107000135,0,236,-236
107000136,700,3,697
107000137,0,289,-289
107000138,137,39,98
107000139,2,517,-515
107000140,2731,128,2603
107000141,84,2323,-2239
107000142,946,62,884
107000143,9,1241,-1232
107000144,925,935,-10
107000145,87,1460,-1373
107000146,198,440,-242
107000147,4123,792,3331
107000150,185,6724,-6539
107000151,5,25,-20
107000152,451,4671,-4220
107000153,70,246,-176
107000154,14,122,-108
107000155,1940,11,1929
107000156,2482,12,2470
107000157,9,430,-421
107000158,1759,33,1726
107000159,32,217,-185
107000160,3683,364,3319
107000161,93,351,-258
107000162,384,1328,-944
107000163,903,4,899
107000164,2740,5,2735
107000165,3774,14,3760
107000166,18,185,-167
107000167,2073,416,1657
107000168,1731,702,1029
107000169,280,282,-2
107000170,7659,933,6726
107000171,1098,437,661
107000172,2909,3316,-407
107000173,797,237,560
107000174,1934,11275,-9341
107000175,2855,450,2405
107000176,0,0,0
107000177,3,0,3
107000178,413,30,383
107000179,858,875,-17
107000180,3375,209,3166
107000181,1144,324,820
107000182,3586,343,3243
107000183,493,366,127
107000184,3386,351,3035
107000185,814,587,227
107000186,1605,157,1448
107000187,1969,1582,387
107000188,1143,654,489
107000189,1763,457,1306
107000190,1500,544,956
107000191,1578,431,1147
107000192,3097,275,2822
107000193,620,368,252
107000194,666,229,437
107000197,1505,159,1346
107000198,848,356,492
107000199,793,705,88
107000200,1578,884,694
107000201,355,321,34
107000202,566,461,105
107000203,551,915,-364
107000204,630,3845,-3215
107000205,635,590,45
107000206,281,1188,-907
107000207,557,602,-45
107000208,1827,650,1177
107000209,853,746,107
107000210,113,127,-14
107000211,3,100,-97
107000212,11,145,-134
107000213,4,18,-14
107000214,17,67,-50
107000215,867,468,399
107000216,776,181,595
107000217,469,2935,-2466
107000219,105,297,-192
107000220,133,537,-404
107000222,343,325,18
107000224,863,325,538
107000225,212,196,16
107000226,1330,943,387
107000227,224,102,122
107000228,220,745,-525
107000229,92,225,-133
107000230,855,394,461
107000231,262,765,-503
107000232,190,26,164
107000233,166,279,-113
107000234,7,115,-108
107000235,142,25,117
107000236,8,752,-744
107000237,154,0,154
107000238,38,2,36
107000239,2570,872,1698
107000240,129,216,-87
107000241,49,2,47
107000242,210,12,198
107000243,1,32,-31
107000244,16,263,-247
107000246,8,375,-367
107000249,1,393,-392
107000251,0,70,-70
107000252,2,221,-219
107000255,316,359,-43
107000257,6,1220,-1214
107000258,3,212,-209
107000259,12,68,-56
107000260,3673,31,3642
107000262,124,171,-47
107000263,1266,24,1242
107000266,69,25,44
107000267,91,50,41
107000268,475,39,436
107000269,30,10,20
107000270,536,117,419
107000271,1,0,1
107000272,218,0,218
107000273,1,1137,-1136
107000274,742,301,441
107000275,8,1607,-1599
107000280,2787,46,2741
107000281,62,487,-425
107000282,22,637,-615
107000290,4,51,-47
107000291,27,12,15
107000292,0,144,-144
107000293,8,3,5
107000294,3,721,-718
107000295,20,3,17
107000296,0,54,-54
107000444,435,1,434
107000496,70,12,58
107000497,1242,865,377
107000500,721,167,554
107000501,136,125,11
107000502,327,188,139
107000505,283,511,-228
107000506,0,6,-6
107000508,0,121,-121
107000509,170,928,-758
107000510,104,753,-649
107000514,34,431,-397
107000515,43,56,-13
107000516,943,508,435
107000518,2871,6324,-3453
107000519,603,419,184
107000520,354,108,246
107900001,176,19,157
107900002,62,6,56
107900003,2204,18,2186
107900004,740,1,739
107900005,6990,61,6929
107900006,447,23,424
107900007,430,70,360
107900008,11,6,5
107900009,240,11,229
107900010,166,10,156
107900012,717,77,640
107900013,523,7,516
107900014,508,8,500
107900015,5185,54,5131
107900016,156,35,121
107900017,167,3,164
107900018,55,618,-563
107900019,1,6,-5
107900020,42,31,11
107900021,580,24,556
107900023,21,6,15
107900024,0,3,-3
107900025,233,113,120
107900026,183,25,158
107900027,30,64,-34
107900028,716,20,696
107900030,468,50,418
107900031,329,67,262
107900032,219,4,215
107900033,72,17,55
107900034,549,10,539
107900035,3684,303,3381
107900036,63,99,-36
107900037,0,17,-17
107900038,52,630,-578
107900039,76,15,61
107900040,6,261,-255
107900041,7,1,6
107900043,195,92,103
107900044,7,24,-17
107900045,232,63,169
107900046,483,621,-138
107900047,164,18,146
107900048,780,32,748
107900049,352,2266,-1914
107900050,50,106,-56
107900051,90,47,43
107900052,3,181,-178
107900053,201,70,131
107900055,970,206,764
107900056,128,262,-134
107900057,2,0,2
107900058,66,310,-244
107900060,9,106,-97
107900061,3,12,-9
107900063,116,117,-1
107900064,191,1500,-1309
107900065,1410,26,1384
107900066,40,15,25
107900067,6,0,6
107900068,177,801,-624
107900069,15,5834,-5819
107900070,354,287,67
107900071,56,150,-94
107900072,302,52,250
107900073,137,628,-491
107900074,105,699,-594
107900076,362,23,339
107900077,201,2,199
107900078,184,32,152
107900079,17,66,-49
107900080,123,537,-414
107900081,27,13,14
107900082,2,2,0
107900083,509,187,322
107900084,342,189,153
107900086,10,1025,-1015
107900087,583,50,533
107900088,246,0,246
107900089,145,630,-485
107900090,1358,3763,-2405
107900091,100,150,-50
107900092,1233,157,1076
107900093,102,91,11
107900095,2458,1608,850
107900097,100,49,51
107900098,212,437,-225
107900100,326,2770,-2444
107900101,413,42,371
107900102,53,1,52
107900103,85,100,-15
107900104,702,4,698
107900105,1,80,-79
107900106,0,196,-196
107900107,1121,378,743
107900108,135,8,127
107900109,3831,47,3784
107900110,157,11,146
107900111,2,152,-150
107900112,87,790,-703
107900113,397,35,362
107900114,461,49,412
107900115,2,8,-6
107900116,557,81,476
107900117,327,180,147
107900118,64,168,-104
107900119,408,645,-237
107900120,51,11,40
107900121,2,239,-237
107900122,0,119,-119
107900123,24,383,-359
107900124,1,41,-40
107900125,6,92,-86
107900126,44,194,-150
107900127,1016,297,719
107900128,156,72,84
107900129,252,1,251
107900130,362,13,349
107900131,104,73,31
107900132,29,680,-651
107900133,0,28,-28
107900134,13,54,-41
107900135,1,24,-23
107900136,22,29,-7
107900137,96,48,48
107900138,203,14,189
107900139,178,13,165
107900140,35,49,-14
107900141,74,15,59
107900142,22,832,-810
107900143,47,19,28
107900144,0,34,-34
107900145,4,25,-21
107900146,72,62,10
107900147,87,20,67
107900148,120,152,-32
107900149,575,44,531
107900150,12,217,-205
107900151,62,11,51
107900152,7,74,-67
107900153,515,242,273
107900154,55,43,12
107900155,321,37,284
107900156,0,28,-28
107900157,9,66,-57
107900158,3602,189,3413
107900159,10,294,-284
107900160,258,36,222
107900161,190,48,142
107900162,0,104,-104
107900163,28,25,3
107900164,65,68,-3
107900165,10,513,-503
107900166,42,56,-14
107900167,36,89,-53
107900168,145,28,117
107900169,12,4071,-4059
107900171,29,250,-221
107900172,1,214,-213
107900173,88,27,61
107900174,256,8,248
107900175,1,185,-184
107900176,131,14,117
107900177,1,241,-240
107900178,45,293,-248
107900179,112,69,43
107900180,173,2027,-1854
107900181,218,436,-218
107900182,13,233,-220
107900183,174,30,144
107900184,347,1194,-847
107900185,245,9,236
107900186,47,23,24
107900187,9,116,-107
107900188,1672,73,1599
107900189,170,423,-253
107900190,20,123,-103
107900191,90,57,33
107900193,7,109,-102
107900194,304,6,298
107900195,3174,218,2956
107900196,144,25,119
107900197,163,156,7
107900199,0,305,-305
107900201,62,34,28
107900203,40,33,7
107900204,87,137,-50
107900205,289,177,112
107900206,167,716,-549
107900207,2,134,-132
107900208,2,155,-153
107900209,463,211,252
107900210,74,23,51
107900213,543,225,318
107900214,9,78,-69
107900215,128,270,-142
107900216,10,10,0
107900217,63,62,1
107900218,59,1306,-1247
107900219,370,19,351
107900220,259,150,109
107900221,91,107,-16
107900223,544,103,441
107900224,205,504,-299
107900225,2,267,-265
107900226,8,21,-13
107900227,56,168,-112
107900228,141,108,33
107900229,1,33,-32
107900230,139,12,127
107900231,109,38,71
107900232,539,29,510
107900233,0,34,-34
107900234,592,30,562
107900235,32,26,6
107900236,862,46,816
107900237,8,175,-167
107900238,201,14,187
107900239,247,742,-495
107900240,251,11,240
107900241,12,18,-6
107900242,33,59,-26
107900243,0,25,-25
107900244,430,7,423
107900245,1837,59,1778
107900246,443,208,235
107900248,685,145,540
107900249,1905,242,1663
107900250,0,223,-223
107900251,44,310,-266
107900252,1477,77,1400
107900253,406,45,361
107900254,106,447,-341
107900255,333,35,298
107900256,1026,2807,-1781
107900257,730,286,444
107900258,173,36,137
107900259,35,6920,-6885
107900261,0,96,-96
107900262,282,38,244
107900264,977,34,943
107900265,183,1059,-876
107900267,898,9,889
107900268,10,1,9
107900269,0,0,0
107900270,1,3,-2
107900271,1,78,-77
107900272,15,92,-77
107900273,68,22,46
107900274,302,0,302
107900275,74,4,70
107900276,0,8,-8
107900277,1,26,-25
107900278,866,56,810
107900279,11,16,-5
107900280,4978,1085,3893
107900281,1405,14894,-13489
107900282,20,1632,-1612
107900283,497,1327,-830
107900284,1416,515,901
107900285,347,41,306
107900286,5,46,-41
107900287,1067,180,887
107900290,6,1229,-1223
107900291,1067,26,1041
107900292,211,51,160
107900293,118,112,6
107900295,185,27,158
107900297,2,420,-418
107900298,716,475,241
107900299,1975,5576,-3601
107900300,32,654,-622
107900301,1193,1557,-364
107900302,151,31,120
107900303,914,354,560
107900304,1556,43,1513
107900305,920,14,906
107900306,3,52,-49
107900307,3,148,-145
107900308,190,155,35
107900309,32,1,31
107900310,18,0,18
107900311,265,271,-6
107900312,23,0,23
107900313,3,115,-112
107900314,2,140,-138
107900315,0,70,-70
107900316,61,1,60
107900317,169,1,168
107900318,2,188,-186
107900319,8,27,-19
107900320,32,54,-22
107900321,450,4,446
107900322,9,60,-51
107900323,88,111,-23
107900324,172,2,170
107900325,406,5,401
107900326,1782,91,1691
107900327,2,68,-66
107900328,14,0,14
107900329,9,131,-122
107900330,24,70,-46
107900331,1121,27,1094
107900332,850,3,847
107900333,109,19,90
107900334,2,72,-70
107900335,14,218,-204
107900336,43,103,-60
107900337,665,1997,-1332
107900338,0,34,-34
107900339,4,38,-34
107900340,0,128,-128
107900341,73,0,73
107900342,139,9,130
107900343,30,0,30
107900344,7,203,-196
107900345,216,118,98
107900346,27,1,26
107900347,7,1,6
107900348,16,0,16
107900349,28,14,14
107900350,4,89,-85
108000001,6867,3322,3545
108000002,955,1022,-67
108000003,3525,2048,1477
108000004,8036,8566,-530
108000005,10373,5071,5302
108000006,3186,2209,977
108000007,7886,3969,3917
108000008,2794,3220,-426
108000009,8952,5691,3261
108000010,2407,2824,-417
108000011,16947,13130,3817
108000012,6486,9384,-2898
108000014,611,1499,-888
108000015,1351,207,1144
108000016,372,286,86
108000017,2299,229,2070
108000018,2655,715,1940
108000019,1115,497,618
108000020,1751,329,1422
108000021,332,969,-637
108000022,736,527,209
108000023,2832,473,2359
108000024,938,173,765
108000025,1043,152,891
108000026,1896,154,1742
108000027,1758,118,1640
108000028,1261,107,1154
108000029,1264,213,1051
108000030,1008,144,864
108000031,311,528,-217
108000032,4932,698,4234
108000033,696,391,305
108000034,3594,564,3030
108000035,471,818,-347
108000036,728,346,382
108000037,5088,249,4839
108000038,7194,295,6899
108000039,772,719,53
108000040,4472,1183,3289
108000041,398,1041,-643
108000042,1127,75,1052
108000043,275,153,122
108000044,1228,76,1152
108000045,146,163,-17
108000046,4137,276,3861
108000047,332,304,28
108000048,60,550,-490
108000049,1168,368,800
108000050,116,339,-223
108000051,526,341,185
108000052,277,191,86
108000053,699,334,365
108000054,441,536,-95
108000055,1734,433,1301
108000056,672,708,-36
108000057,1021,1468,-447
108000058,2409,7168,-4759
108000059,1413,797,616
108000060,406,394,12
108000061,87,137,-50
108000062,2312,604,1708
108000063,895,344,551
108000064,568,189,379
108000065,903,423,480
108000066,3269,1302,1967
108000067,4644,1177,3467
108000068,1851,463,1388
108000069,105,453,-348
108000070,4411,427,3984
108000071,526,651,-125
108000072,2485,551,1934
108000073,709,641,68
108000074,1519,338,1181
108000075,340,243,97
108000076,1532,334,1198
108000077,556,311,245
108000078,4944,1231,3713
108000079,637,482,155
108000080,4010,1308,2702
108000081,978,1176,-198
108000082,524,490,34
108000083,3570,826,2744
108000084,550,973,-423
108000085,2123,779,1344
108000086,570,493,77
108000087,150,4717,-4567
108000088,570,13,557
108000089,639,510,129
108000090,1572,49,1523
108000091,162,353,-191
108000092,1051,136,915
108000093,427,285,142
108000094,2717,155,2562
108000095,381,203,178
108000096,1641,277,1364
108000097,267,383,-116
108000098,5159,1240,3919
108000099,518,62,456
108000100,105,266,-161
108000101,2326,1743,583
108000102,1324,3429,-2105
108000106,1570,0,1570
108000107,1,391,-390
108000108,1320,147,1173
108000109,2,285,-283
108000110,1103,212,891
108000111,386,498,-112
108000112,50,184,-134
108000113,697,145,552
108000115,493,194,299
108000117,541,310,231
108000118,29,378,-349
108000119,800,164,636
108000120,436,1373,-937
108000121,545,277,268
108000122,2213,292,1921
108000123,2625,1616,1009
108000124,808,1640,-832
108000125,1402,290,1112
108000126,572,804,-232
108000127,1623,1870,-247
108000128,1685,260,1425
108000129,507,1405,-898
108000130,1396,941,455
108000131,1095,99,996
108000132,556,232,324
108000133,2292,131,2161
108000134,838,207,631
108000135,2553,1005,1548
108000136,1290,653,637
108000137,1041,187,854
108000138,1119,348,771
108000139,1252,185,1067
108000140,1336,13,1323
108000141,59,23,36
108000142,43,43,0
108000143,51,18,33
108000144,339,4,335
108000145,113,8,105
108000146,357,5,352
108000147,93,21,72
108000148,316,35,281
108000149,12,10,2
108000150,123,30,93
108000151,0,9,-9
108000152,192,108,84
108000153,1901,223,1678
108000154,57,3,54
108000155,88,26,62
108000156,466,115,351
108000157,227,3436,-3209
108000158,44,1526,-1482
108000159,136,98,38
108000160,2078,2314,-236
108000161,2133,7710,-5577
108000165,8,1071,-1063
108000172,1,529,-528
108000173,640,3392,-2752
108000175,726,320,406
108000178,341,110,231
108000179,113,979,-866
108000181,134,5,129
108000182,93,5,88
108000183,1,1,0
108000184,388,6407,-6019
108000185,1193,89,1104
108000186,747,62,685
108000187,289,288,1
108000188,2509,347,2162
108000189,316,3154,-2838
108000190,12,77,-65
108000192,449,134,315
108000193,460,32,428
108000194,9,8,1
108000195,0,1042,-1042
108000196,202,2301,-2099
108000198,1011,93,918
108000199,1,334,-333
108000200,1886,182,1704
108000202,3,405,-402
108000203,758,310,448
108000204,407,90,317
108000205,127,614,-487
108000339,601,368,233
108000364,62,157,-95
108000365,130,635,-505
108000367,121,103,18
108000368,63,48,15
108000369,391,57,334
108000371,1,419,-418
108000372,1627,4,1623
108000373,329,60,269
108000376,384,13,371
108000377,1722,105,1617
108000378,12509,18433,-5924
108000379,92,286,-194
108000381,352,28,324
108000382,62,0,62
108000383,0,112,-112
108900001,11,124,-113
108900002,214,36,178
108900003,346,333,13
108900004,11,556,-545
108900005,70,330,-260
108900006,1333,234,1099
108900007,667,155,512
108900008,345,44,301
108900009,330,269,61
108900010,975,133,842
108900011,1578,126,1452
108900012,918,140,778
108900013,265,230,35
108900014,55,147,-92
108900015,0,99,-99
108900016,1,111,-110
108900017,114,504,-390
108900018,195,232,-37
108900019,58,178,-120
108900020,98,56,42
108900021,147,82,65
108900022,223,2,221
108900023,3,42,-39
108900024,53,18,35
108900025,783,15,768
108900026,20,36,-16
108900027,2,17,-15
108900028,278,73,205
108900029,118,159,-41
108900030,0,12,-12
108900031,258,71,187
108900032,4,70,-66
108900033,0,94,-94
108900034,0,39,-39
108900035,421,305,116
108900036,253,160,93
108900037,69,139,-70
108900038,2,82,-80
108900039,0,48,-48
108900040,8,26,-18
108900041,3456,4271,-815
108900042,7,368,-361
108900043,39,510,-471
108900044,1,103,-102
108900045,129,82,47
108900046,8,139,-131
108900047,0,82,-82
108900048,82,181,-99
108900049,624,4545,-3921
108900050,0,61,-61
108900051,0,33,-33
108900052,72,46,26
108900053,125,845,-720
108900054,60,62,-2
108900055,34,502,-468
108900056,1,38,-37
108900057,0,39,-39
108900058,81,69,12
108900059,1954,71,1883
108900060,116,110,6
108900061,43,9,34
108900062,2,97,-95
108900063,55,168,-113
108900064,949,21,928
108900065,81,61,20
108900066,885,67,818
108900067,0,102,-102
108900068,0,92,-92
108900069,194,17,177
108900070,56,16,40
108900071,276,13,263
108900072,1691,146,1545
108900073,28,105,-77
108900074,846,49,797
108900075,26,11,15
108900076,1104,19,1085
108900077,46,266,-220
108900078,129,28,101
108900079,584,65,519
108900080,2,1630,-1628
108900081,10,118,-108
108900082,183,53,130
108900083,10,434,-424
108900084,185,108,77
108900085,920,77,843
108900086,496,78,418
108900087,93,91,2
108900088,710,785,-75
108900089,23,132,-109
108900090,116,117,-1
108900091,213,35,178
108900092,668,414,254
108900093,148,80,68
108900094,685,68,617
108900095,6,105,-99
108900096,276,16,260
108900097,409,70,339
108900098,978,3017,-2039
108900099,821,116,705
108900100,80,57,23
108900101,466,1054,-588
108900102,9,2202,-2193
108900103,257,263,-6
108900104,164,335,-171
108900105,9,4204,-4195
108900106,961,60,901
108900108,431,15,416
108900109,159,99,60
108900110,353,126,227
108900111,946,128,818
108900112,648,12,636
108900113,79,64,15
108900114,5,11,-6
108900115,295,201,94
108900116,195,11,184
108900117,697,13,684
108900118,1960,56,1904
108900119,1091,38,1053
108900120,372,347,25
108900121,346,88,258
108900122,544,25,519
108900123,706,79,627
108900124,1768,124,1644
108900125,1982,15,1967
108900126,267,141,126
108900127,755,86,669
108900128,616,36,580
108900129,3218,120,3098
108900130,1940,7,1933
108900131,1228,18,1210
108900132,1278,163,1115
108900133,753,59,694
108900134,1366,161,1205
108900135,761,32,729
108900136,12,2,10
108900137,613,1,612
108900138,1849,40,1809
108900139,1782,75,1707
108900140,1652,58,1594
108900141,1011,12,999
108900142,78,23,55
108900143,236,4,232
108900144,321,0,321
108900145,492,22,470
108900146,278,10,268
108900147,920,0,920
108900148,69,3,66
108900149,343,140,203
108900150,434,8,426
108900151,42,3,39
108900152,394,140,254
108900153,350,46,304
108900154,12263,448,11815
108900155,1025,48,977
108900156,263,9,254
108900157,86,160,-74
108900158,1494,152,1342
108900159,194,175,19
108900160,36,262,-226
108900161,382,1010,-628
108900162,532,1,531
108900163,8,507,-499
108900164,91,9,82
108900165,95,62,33
108900167,951,22495,-21544
108900168,4212,2458,1754
108900169,28,86,-58
108900171,3375,6011,-2636
108900172,220,102,118
108900173,171,200,-29
108900174,1816,434,1382
108900176,149,131,18
108900177,2428,15745,-13317
108900178,1444,9449,-8005
108900179,221,2447,-2226
108900180,98,253,-155
108900182,98,566,-468
108900183,254,133,121
108900184,590,276,314
108900185,79,156,-77
108900186,187,191,-4
108900187,1769,56,1713
108900188,2108,52,2056
108900189,598,105,493
108900190,67,1013,-946
108900191,156,356,-200
108900192,81,139,-58
108900193,4,52,-48
108900194,5,50,-45
108900195,177,68,109
108900196,18,87,-69
108900198,1,163,-162
108900199,428,259,169
108900200,1396,647,749
108900201,569,633,-64
108900203,908,104,804
108900204,635,8,627
108900205,379,26,353
108900206,1012,225,787
108900207,493,628,-135
108900208,14,136,-122
108900209,84,253,-169
108900210,141,108,33
108900211,291,896,-605
108900212,92,2815,-2723
108900215,142,186,-44
108900216,348,599,-251
108900217,100,0,100
108900218,65,22,43
108900219,31,4,27
108900220,68,8,60
108900221,36,102,-66
108900222,342,2,340
108900223,4,122,-118
108900224,36,109,-73
108900225,0,124,-124
108900226,1151,97,1054
108900227,258,336,-78
108900230,46,75,-29
108900231,21,121,-100
108900232,1,83,-82
108900233,818,208,610
108900234,492,348,144
108900235,165,321,-156
108900236,83,215,-132
108900237,11,54,-43
108900240,278,62,216
108900241,216,31,185
108900245,19,5360,-5341
108900249,258,13,245
108900250,856,62,794
108900257,752,114,638
108900258,2,68,-66
108900259,7,19,-12
108900260,28,8,20
108900261,28,54,-26
108900262,99,77,22
108900263,31,136,-105
108900264,103,178,-75
108900265,386,609,-223
108900266,132,3317,-3185
108900267,1,651,-650
108900268,23,32,-9
108900269,335,32,303
108900270,442,26,416
108900271,125,2,123
108900272,933,24,909
108900273,158,641,-483
108900274,103,11,92
109000001,5068,5830,-762
109000002,737,4325,-3588
109000003,5800,446,5354
109000004,779,2481,-1702
109000005,3008,358,2650
109000006,1378,1066,312
109000007,3978,482,3496
109000008,1492,817,675
109000009,5580,840,4740
109000010,1485,1591,-106
109000011,8978,2143,6835
109000012,1598,1666,-68
109000013,8751,7367,1384
109000014,1802,1073,729
109000015,4775,19559,-14784
109000016,2591,1473,1118
109000017,5503,943,4560
109000018,1483,1359,124
109000019,4606,1153,3453
109000020,1939,885,1054
109000023,268,10,258
109000024,3,415,-412
109000025,154,1095,-941
109000026,487,233,254
109000027,183,503,-320
109000028,196,38,158
109000029,80,618,-538
109000030,347,328,19
109000031,782,46,736
109000032,173,372,-199
109000033,884,170,714
109000034,76,41,35
109000035,0,7,-7
109000036,56,337,-281
109000037,535,5956,-5421
109000038,244,116,128
109000039,1617,1238,379
109000040,2688,27735,-25047
109000041,1019,5536,-4517
109000042,1074,2978,-1904
109000044,895,17,878
109000045,156,169,-13
109000046,986,21,965
109000047,169,277,-108
109000048,611,212,399
109000049,340,427,-87
109000050,683,191,492
109000051,503,189,314
109000052,713,315,398
109000053,759,227,532
109000054,121,1149,-1028
109000055,1351,4079,-2728
109000056,358,568,-210
109000057,2372,741,1631
109000058,226,119,107
109000059,162,1268,-1106
109000060,170,691,-521
109000061,631,3126,-2495
109000062,268,523,-255
109000063,377,219,158
109000064,1519,74,1445
109000065,878,132,746
109000066,1069,109,960
109000067,244,325,-81
109000068,730,14,716
109000069,769,31,738
109000070,11,3356,-3345
109000071,548,81,467
109000072,82,217,-135
109000073,142,83,59
109000074,9,120,-111
109000075,139,139,0
109000076,144,279,-135
109000077,333,126,207
109000078,273,91,182
109000079,184,75,109
109000080,530,42,488
109000081,329,149,180
109000082,2113,107,2006
109000083,740,148,592
109000088,259,109,150
109000089,586,183,403
109000090,125,159,-34
109000091,1061,314,747
109000092,255,119,136
109000093,765,104,661
109000094,2326,14,2312
109000095,661,194,467
109000096,2747,113,2634
109000097,86,28,58
109000098,127,191,-64
109000099,1718,123,1595
109000100,724,233,491
109000101,4187,361,3826
109000102,848,296,552
109000103,1521,362,1159
109000104,6554,171,6383
109000105,867,439,428
109000106,4448,322,4126
109000107,784,619,165
109000108,5214,489,4725
109000109,626,459,167
109000110,2495,460,2035
109000111,763,836,-73
109000112,838,107,731
109000113,1050,588,462
109000114,136,548,-412
109000115,989,20,969
109000116,8,415,-407
109000117,540,32,508
109000118,21,276,-255
109000119,4383,80,4303
109000120,1058,247,811
109000121,1381,29,1352
109000122,527,255,272
109000123,49,25,24
109000124,2175,433,1742
109000125,1942,534,1408
109000126,794,885,-91
109000127,2702,91,2611
109000128,979,412,567
109000129,7067,305,6762
109000130,530,285,245
109000131,1525,818,707
109000132,522,546,-24
109000133,213,347,-134
109000134,647,687,-40
109000135,524,704,-180
109000136,469,190,279
109000137,537,241,296
109000138,532,183,349
109000139,1288,291,997
109000140,215,399,-184
109000141,1125,1061,64
109000142,226,303,-77
109000143,202,147,55
109000145,135,226,-91
109000146,17,31,-14
109000148,1836,3859,-2023
109000149,15,129,-114
109000150,18,158,-140
109000155,1755,1326,429
109000156,1040,244,796
109000158,73,317,-244
109000159,118,254,-136
109000160,3533,176,3357
109000161,1870,613,1257
109000162,4069,287,3782
109000163,3547,657,2890
109000164,3175,1521,1654
109000165,3094,403,2691
109000166,2668,99,2569
109000167,248,171,77
109000170,55,37,18
109000171,211,28,183
109000172,19,32,-13
109000173,3,259,-256
109000174,587,33,554
109000175,50,41,9
109000176,880,120,760
109000177,24,72,-48
109000178,1048,29,1019
109000179,3689,11109,-7420
109000180,4293,5830,-1537
109000181,58,10,48
109000182,96,17,79
109000183,108,10,98
109000184,151,6,145
109000185,22,16,6
109000188,1158,4359,-3201
109000189,6457,4945,1512
109000190,1486,523,963
109000191,460,1639,-1179
109000192,1600,68,1532
109000193,1026,76,950
109000194,722,23,699
109000195,598,48,550
109000196,418,28,390
109000197,743,150,593
109000198,573,48,525
109000199,650,212,438
109000206,386,13,373
109000207,510,17,493
109000208,293,177,116
109000209,222,21,201
109000210,458,217,241
109000211,861,263,598
109000214,1303,93,1210
109000215,218,43,175
109000216,510,492,18
109000217,254,304,-50
109000218,426,460,-34
109000221,253,266,-13
109000222,1037,133,904
109000223,1312,645,667
109000224,221,30,191
109000225,491,14,477
109000226,201,115,86
109000227,5140,285,4855
109000228,1,392,-391
109000231,0,74,-74
109000232,2240,121,2119
109000236,422,330,92
109000241,2462,446,2016
109000242,2118,337,1781
109000293,87,162,-75
109000361,230,70,160
109000364,199,1024,-825
109000396,10,167,-157
109000397,1616,46,1570
109000399,197,185,12
109000400,121,156,-35
109000403,20,2589,-2569
109000406,1329,17,1312
109000407,258,141,117
109000408,0,240,-240
109000410,1439,128,1311
109000411,415,5,410
109900001,304,0,304
109900002,1707,5,1702
109900003,1184,13,1171
109900004,214,67,147
109900005,150,87,63
109900006,1685,118,1567
109900007,3026,107,2919
109900008,1,8,-7
109900009,339,232,107
109900010,1582,101,1481
109900011,34,14,20
109900012,896,329,567
109900013,811,105,706
109900014,319,72,247
109900015,213,31,182
109900016,200,5,195
109900017,483,92,391
109900018,347,28,319
109900019,344,59,285
109900020,200,22,178
109900021,143,12,131
109900022,62,104,-42
109900023,39,5,34
109900024,16,0,16
109900025,14,226,-212
109900026,0,56,-56
109900027,13,83,-70
109900028,513,5305,-4792
109900029,0,109,-109
109900030,152,13,139
109900031,2,1435,-1433
109900032,10,102,-92
109900033,1,269,-268
109900034,35,0,35
109900035,335,219,116
109900036,169,572,-403
109900037,4,165,-161
109900038,103,91,12
109900039,3,1,2
109900040,20,213,-193
109900041,97,359,-262
109900042,11,2697,-2686
109900044,155,1390,-1235
109900045,331,8,323
109900046,129,175,-46
109900047,332,424,-92
109900048,2,151,-149
109900049,118,105,13
109900050,1,6,-5
109900051,0,3,-3
109900052,141,969,-828
109900053,1,26,-25
109900054,2205,145,2060
109900055,386,267,119
109900056,429,499,-70
109900057,0,71,-71
109900058,2,30,-28
109900059,3204,70,3134
109900060,1853,71,1782
109900061,433,134,299
109900062,0,77,-77
109900063,14,549,-535
109900064,1300,52,1248
109900065,138,40,98
109900066,911,244,667
109900067,0,79,-79
109900068,172,3,169
109900069,4,7,-3
109900070,18,63,-45
109900071,1,5,-4
109900072,5,34,-29
109900073,1482,157,1325
109900074,3,6,-3
109900075,111,207,-96
109900076,59,60,-1
109900077,19,15,4
109900078,302,51,251
109900080,178,98,80
109900081,8,181,-173
109900082,87,92,-5
109900083,4,8,-4
109900084,102,167,-65
109900085,63,156,-93
109900086,138,1805,-1667
109900087,64,212,-148
109900089,1394,212,1182
109900090,215,364,-149
109900091,1030,568,462
109900092,456,508,-52
109900093,2427,117,2310
109900094,106,46,60
109900095,51,134,-83
109900096,219,3,216
109900097,287,0,287
109900098,1740,99,1641
109900099,1028,11,1017
109900100,188,1,187
109900101,2212,75,2137
109900102,1283,29,1254
109900103,38,108,-70
109900104,2455,112,2343
109900105,1211,27,1184
109900106,740,26,714
109900107,1684,43,1641
109900108,339,163,176
109900109,47,190,-143
109900110,39,224,-185
109900111,74,199,-125
109900112,127,140,-13
109900113,1442,448,994
109900114,433,1333,-900
109900115,367,183,184
109900117,3402,72,3330
109900118,248,147,101
109900119,177,201,-24
109900120,165,16,149
109900121,340,106,234
109900122,2114,5,2109
109900123,9,34,-25
109900124,57,85,-28
109900125,0,79,-79
109900126,936,7,929
109900128,874,111,763
109900130,3955,6373,-2418
109900131,9,22,-13
109900132,41,32,9
109900133,185,112,73
109900134,87,135,-48
109900135,535,71,464
109900136,95,97,-2
109900137,472,91,381
109900138,1485,133,1352
109900140,118,64,54
109900141,2708,194,2514
109900142,4898,592,4306
109900145,6,1078,-1072
109900146,216,47,169
109900148,3,38,-35
109900149,1,26,-25
109900150,1,15,-14
109900151,2,8,-6
109900152,0,6,-6
109900153,0,2,-2
109900154,4,0,4
109900155,142,28,114
109900157,198,75,123
109900158,103,43,60
109900159,90,16,74
109900160,247,11,236
109900161,671,19,652
109900162,586,35,551
109900163,283,70,213
109900164,51,107,-56
109900165,488,2,486
109900166,4,838,-834
109900167,158,236,-78
109900168,96,333,-237
109900169,454,84,370
109900170,614,3238,-2624
109900171,754,126,628
109900172,956,683,273
109900173,3096,4498,-1402
109900174,92,80,12
109900175,227,844,-617
109900176,253,111,142
109900177,63,49,14
109900178,2,403,-401
109900179,1,25,-24
109900180,9,10,-1
110000001,1288,266,1022
110000002,696,502,194
110000003,869,727,142
110000004,384,522,-138
110000005,396,3652,-3256
110000006,640,359,281
110000007,161,34,127
110000008,24,563,-539
110000009,187,6,181
110000010,58,211,-153
110000011,130,28,102
110000012,1529,168,1361
110000013,71,920,-849
110000014,734,478,256
110000015,172,856,-684
110000016,441,1793,-1352
110000017,2979,335,2644
110000018,3185,746,2439
110000019,16,33,-17
110000020,930,592,338
110000021,140,280,-140
110000022,2433,85,2348
110000023,5,67,-62
110000024,1233,259,974
110000025,2507,6,2501
110000026,2,178,-176
110000027,923,1341,-418
110000028,2006,172,1834
110000029,1500,227,1273
110000030,691,522,169
110000031,1015,177,838
110000032,1798,138,1660
110000033,324,158,166
110000034,1778,335,1443
110000035,2047,366,1681
110000036,3097,403,2694
110000037,1060,213,847
110000038,507,1334,-827
110000039,1383,12744,-11361
110000040,626,422,204
110000041,480,3997,-3517
110000042,126,498,-372
110000043,1089,591,498
110000044,50,382,-332
110000045,182,162,20
110000046,2,135,-133
110000047,18,95,-77
110000048,6,143,-137
110000049,5,9,-4
110000050,14,145,-131
110000051,22,14,8
110000052,52,17,35
110000053,12,24,-12
110000054,81,2346,-2265
110000055,163,493,-330
110000056,138,240,-102
110000057,949,221,728
110000058,3790,471,3319
110000059,1567,812,755
110000060,1855,890,965
110000061,979,511,468
110000062,731,647,84
110000063,93,618,-525
110000064,438,12,426
110000065,229,367,-138
110000066,162,23,139
110000067,271,88,183
110000068,1124,127,997
110000069,1541,17,1524
110000071,1851,40,1811
110000073,54,2,52
110000075,39,130,-91
110000076,744,961,-217
110000077,271,2698,-2427
110000078,177,10,167
110000080,142,329,-187
110000081,17,741,-724
110000082,24,906,-882
110000083,395,242,153
110000084,2314,2677,-363
110000085,703,2568,-1865
110000086,871,2948,-2077
110000087,54,106,-52
110000088,230,367,-137
110000089,963,26,937
110000090,200,2144,-1944
110000091,868,387,481
110000092,42,48,-6
110000093,134,16,118
110000094,720,122,598
110000095,201,943,-742
110000096,1445,3734,-2289
110000097,1408,2689,-1281
110000098,3465,712,2753
110000099,1926,1629,297
110000100,3800,85,3715
110000101,574,127,447
110000102,159,65,94
110000104,643,340,303
110000105,85,1622,-1537
110000106,1194,630,564
110000107,163,404,-241
110000108,232,227,5
110000109,386,188,198
110000110,1555,4027,-2472
110000111,3984,3681,303
110000112,147,1487,-1340
110000113,68,4558,-4490
110000114,1172,1067,105
110000115,1663,169,1494
110000116,205,195,10
110000117,1454,178,1276
110000118,2131,124,2007
110000119,1501,144,1357
110000120,1079,108,971
110000121,177,838,-661
110000122,728,172,556
110000123,956,319,637
110000124,1,505,-504
110000125,1759,1,1758
110000126,424,45,379
110000127,2483,109,2374
110000128,23,496,-473
110000129,2,176,-174
110000130,548,360,188
110000131,95,81,14
110000132,0,209,-209
110000133,36,672,-636
110000134,36,378,-342
110000135,527,16,511
110000136,181,134,47
110000137,1752,160,1592
110000138,1888,206,1682
110000139,3075,370,2705
110000140,1675,1474,201
110000143,1321,506,815
110000144,1998,1795,203
110000145,2314,1292,1022
110000146,1589,852,737
110000147,435,1339,-904
110000148,1308,349,959
110000151,809,1604,-795
110000152,470,783,-313
110000153,1154,42,1112
110000154,114,68,46
110000155,944,1899,-955
110000156,1642,1022,620
110000157,1579,2331,-752
110000160,672,240,432
110000161,473,344,129
110000166,2280,60,2220
110000167,3301,1152,2149
110000168,1008,1598,-590
110000169,1019,998,21
110000170,320,301,19
110000171,882,202,680
110000172,718,327,391
110000173,578,472,106
110000174,252,194,58
110000175,2908,341,2567
110000176,75,2847,-2772
110000177,380,3540,-3160
110000178,560,5326,-4766
110000179,2437,394,2043
110000180,1359,317,1042
110000181,2217,256,1961
110000182,1397,131,1266
110000183,7293,12332,-5039
110000184,311,5530,-5219
110000185,524,573,-49
110000186,616,1158,-542
110000191,2540,185,2355
110000192,1584,27,1557
110000193,2341,30,2311
110000194,2,1954,-1952
110000195,1257,39,1218
110000196,1781,109,1672
110000197,312,21,291
110000198,87,41,46
110000199,119,624,-505
110000200,855,4142,-3287
110000201,1939,5802,-3863
110000202,1651,430,1221
110000203,474,752,-278
110000204,5,85,-80
110000205,762,55,707
110000206,364,351,13
110000207,3273,285,2988
110000208,306,449,-143
110000209,74,330,-256
110000210,2257,662,1595
110000211,1145,612,533
110000212,977,2079,-1102
110000213,838,39,799
110000214,959,57,902
110000215,316,99,217
110000216,245,106,139
110000217,1103,90,1013
110000218,514,52,462
110000219,915,60,855
110000220,46,63,-17
110000221,1125,20,1105
110000222,80,83,-3
110000223,54,92,-38
110000224,2,16,-14
110000225,328,752,-424
110000226,547,99,448
110000227,1549,1672,-123
110000228,616,127,489
110000229,0,66,-66
110000230,637,639,-2
110000231,458,945,-487
110000232,234,677,-443
110000233,296,2258,-1962
110000234,551,760,-209
110000235,1931,1000,931
110000236,1436,965,471
110000237,3766,2188,1578
110000238,1681,723,958
110000239,3634,826,2808
110000240,0,46,-46
110000242,0,19,-19
110000243,560,164,396
110000244,158,606,-448
110000245,24,364,-340
110000246,2573,1089,1484
110000247,1919,4344,-2425
110000248,1750,1289,461
110000249,410,56,354
110000250,6,550,-544
110000251,865,257,608
110000252,1197,349,848
110000253,3986,561,3425
110000254,2030,782,1248
110000255,330,487,-157
110000256,841,403,438
110000257,456,632,-176
110000258,20,670,-650
110000259,575,92,483
110000260,199,134,65
110000263,1441,21,1420
110000264,1597,545,1052
110000265,1923,1809,114
110000266,1440,1868,-428
110000267,109,93,16
110000268,486,149,337
110000269,4,94,-90
110000270,282,11,271
110000271,2136,261,1875
110000272,1862,1704,158
110000273,2698,1109,1589
110000274,663,6148,-5485
110000275,2617,1761,856
110000276,331,2074,-1743
110000277,864,1758,-894
110000278,1118,1522,-404
110000279,1480,412,1068
110000280,1358,620,738
110000281,131,83,48
110000282,238,46,192
110000283,18,116,-98
110000284,31,22,9
110000285,2,162,-160
110000286,23,0,23
110000287,271,111,160
110000288,3,349,-346
110000289,513,4314,-3801
110000290,335,1610,-1275
110000291,4932,928,4004
110000292,1337,14292,-12955
110000293,1208,947,261
110000294,2392,4368,-1976
110000295,374,833,-459
110000296,1413,543,870
110000297,5060,214,4846
110000298,115,801,-686
110000299,307,40,267
110000301,980,23,957
110000302,987,5392,-4405
110000303,1472,80,1392
110000304,419,769,-350
110000305,3166,111,3055
110000306,891,598,293
110000307,6604,19,6585
110000308,1615,12,1603
110000309,3,1284,-1281
110000310,2020,105,1915
110000311,9,404,-395
110000312,1362,93,1269
110000313,3889,2183,1706
110000314,5,149,-144
110000315,2326,1735,591
110000316,466,1107,-641
110000317,307,1931,-1624
110000318,7,334,-327
110000319,9,39,-30
110000320,33,85,-52
110000321,71,94,-23
110000322,297,1161,-864
110000323,1589,386,1203
110000324,2491,1329,1162
110000325,2284,8251,-5967
110000327,970,558,412
110000328,85,633,-548
110000333,2230,2741,-511
110000334,496,2896,-2400
110000335,1103,516,587
110000336,761,2297,-1536
110000337,3356,1411,1945
110000338,686,2409,-1723
110000339,997,241,756
110000340,91,363,-272
110000341,1182,419,763
110000342,166,18,148
110000343,0,5,-5
110000344,100,3537,-3437
110000345,143,3446,-3303
110000346,2136,2853,-717
110000347,1995,753,1242
110000348,141,51,90
110000349,40,3,37
110000350,279,0,279
110000351,2711,388,2323
110000352,1540,2828,-1288
110000353,4059,396,3663
110000354,2953,7574,-4621
110000355,522,66,456
110000356,1027,23,1004
110000357,1451,32,1419
110000361,271,7,264
110000362,501,30,471
110000363,1726,61,1665
110000364,737,398,339
110000365,215,4,211
110000366,10,553,-543
110000367,1104,397,707
110000368,12,141,-129
110000369,52,29,23
110000373,7,1369,-1362
110000374,132,81,51
110000375,297,1171,-874
110000376,95,47,48
110000377,139,363,-224
110000378,44,562,-518
110000379,2538,3777,-1239
110000380,256,10,246
110000383,0,610,-610
110000384,1609,114,1495
110000385,0,96,-96
110000387,766,7,759
110000388,112,125,-13
110000389,2166,87,2079
110000391,1894,1596,298
110000396,731,322,409
110000397,102,37,65
110000398,12,19,-7
110000399,612,2,610
110000587,357,741,-384
110000589,392,132,260
110000640,408,7,401
110000652,8,660,-652
110000653,925,294,631
110000654,1,218,-217
110000656,1,274,-273
110000674,199,11,188
110000675,32,24,8
110000676,0,33,-33
110000679,190,1205,-1015
110000682,239,369,-130
110000683,316,161,155
110000684,1,68,-67
110000685,3,50,-47
110000686,1,217,-216
110000687,27,16,11
110000688,65,1946,-1881
110000689,34,7,27
110000692,19,328,-309
110000693,15,368,-353
110000694,0,59,-59
110000695,266,1389,-1123
110000696,198,13,185
110900001,921,54,867
110900002,519,237,282
110900003,3981,156,3825
110900004,1230,23,1207
110900005,2931,10949,-8018
110900006,176,178,-2
110900007,599,340,259
110900008,5,10,-5
110900009,453,1522,-1069
110900010,2,18,-16
110900011,11,42,-31
110900012,10,46,-36
110900013,2420,111,2309
110900014,608,121,487
110900015,276,912,-636
110900016,104,68,36
110900017,1209,40,1169
110900018,973,10,963
110900019,1165,29,1136
110900020,779,73,706
110900021,361,279,82
110900022,104,86,18
110900023,88,289,-201
110900024,217,132,85
110900025,4,32,-28
110900027,274,49,225
110900028,32,59,-27
110900029,30,72,-42
110900030,40,66,-26
110900031,2,62,-60
110900032,0,26,-26
110900033,42,82,-40
110900035,25,477,-452
110900036,250,3,247
110900037,258,5,253
110900038,547,222,325
110900039,8,277,-269
110900040,550,8,542
110900041,5,26,-21
110900042,275,88,187
110900043,6,32,-26
110900044,285,23,262
110900045,339,213,126
110900046,6,70,-64
110900047,208,1048,-840
110900049,342,84,258
110900050,120,8,112
110900051,79,62,17
110900052,1,1131,-1130
110900053,464,36,428
110900054,61,1046,-985
110900055,37,0,37
110900056,112,59,53
110900057,2,194,-192
110900058,762,65,697
110900059,684,735,-51
110900060,480,82,398
110900061,49,18,31
110900062,387,65,322
110900063,95,114,-19
110900064,14,0,14
110900065,107,27,80
110900066,6,73,-67
110900067,113,1000,-887
110900068,417,42,375
110900069,14,4,10
110900070,544,14,530
110900071,142,2482,-2340
110900073,0,1,-1
110900074,1517,92,1425
110900075,1403,46,1357
110900077,3673,358,3315
110900078,515,14,501
110900079,772,1659,-887
110900080,369,100,269
110900081,39,6,33
110900082,645,49,596
110900083,297,22,275
110900084,328,33,295
110900085,42,52,-10
110900086,129,339,-210
110900087,772,573,199
110900088,5,0,5
110900090,146,192,-46
110900091,0,28,-28
110900093,289,74,215
110900095,74,23,51
110900097,105,5,100
110900098,34,12,22
110900099,73,114,-41
110900100,0,11,-11
110900102,79,28,51
110900105,1541,83,1458
110900108,89,40,49
110900111,2624,139,2485
110900112,998,7,991
110900113,886,257,629
110900115,6,19,-13
110900116,3667,951,2716
110900118,75,7012,-6937
110900119,1814,88,1726
110900120,433,76,357
110900121,125,0,125
110900122,759,172,587
110900125,466,1613,-1147
110900127,787,2317,-1530
110900128,40,183,-143
110900129,97,1118,-1021
110900130,100,218,-118
110900131,751,2176,-1425
110900132,1338,42,1296
110900133,146,2082,-1936
110900135,104,131,-27
110900136,541,70,471
110900137,11,1,10
110900138,190,491,-301
110900139,0,55,-55
110900140,2,3,-1
110900141,8,352,-344
110900142,58,104,-46
110900143,791,27,764
110900144,0,154,-154
110900145,529,239,290
110900146,220,868,-648
110900147,322,721,-399
110900148,0,481,-481
110900149,3,46,-43
110900150,35,22,13
110900151,6,58,-52
110900152,11,89,-78
110900153,316,16,300
111000001,582,618,-36
111000002,315,528,-213
111000003,3958,1562,2396
111000004,785,876,-91
111000005,2146,2116,30
111000006,982,2391,-1409
111000007,5299,7536,-2237
111000008,3086,6339,-3253
111000009,393,961,-568
111000010,3220,660,2560
111000011,99,885,-786
111000012,282,545,-263
111000013,552,1798,-1246
111000014,2685,1207,1478
111000017,19,712,-693
111000018,240,414,-174
111000020,591,1263,-672
111000021,57,197,-140
111000023,148,986,-838
111000025,3842,6677,-2835
111000029,125,100,25
111000030,39,34,5
111000031,2103,1262,841
111000032,1018,1622,-604
111000033,319,50,269
111000034,64,111,-47
111000037,1400,317,1083
111000038,2832,1184,1648
111000039,3051,907,2144
111000040,2638,699,1939
111000041,858,500,358
111000042,2842,2407,435
111000043,2461,10689,-8228
111000044,2866,685,2181
111000045,5724,1139,4585
111000046,4625,974,3651
111000047,4156,8950,-4794
111000049,852,232,620
111000050,1706,332,1374
111000051,1056,922,134
111000052,1003,2840,-1837
111000053,323,492,-169
111000054,386,760,-374
111000055,804,3253,-2449
111000056,251,3229,-2978
111000057,253,105,148
111000058,1737,205,1532
111000059,1017,779,238
111000060,10088,1283,8805
111000061,1548,361,1187
111000062,2120,899,1221
111000063,1425,2056,-631
111000064,1810,245,1565
111000065,1937,369,1568
111000066,1612,227,1385
111000067,3014,246,2768
111000068,1783,366,1417
111000069,1802,1906,-104
111000070,558,400,158
111000071,654,141,513
111000072,2511,970,1541
111000073,207,2315,-2108
111000074,3571,2354,1217
111000075,1130,532,598
111000076,1177,1255,-78
111000077,1422,559,863
111000078,2153,402,1751
111000079,1111,533,578
111000080,1052,595,457
111000081,1544,9763,-8219
111000082,1359,331,1028
111000084,1205,378,827
111000085,2426,1064,1362
111000086,2694,1068,1626
111000087,1330,492,838
111000088,5867,7099,-1232
111000089,1513,432,1081
111000090,772,685,87
111000091,1308,243,1065
111000092,3680,800,2880
111000093,1883,3629,-1746
111000094,2873,1592,1281
111000095,1650,4668,-3018
111000096,1717,12428,-10711
111000097,2332,734,1598
111000098,411,532,-121
111000099,1062,1088,-26
111000100,1093,916,177
111000101,500,554,-54
111000102,641,300,341
111000104,1823,166,1657
111000107,226,419,-193
111000109,1855,267,1588
111000110,2676,530,2146
111000111,8173,233,7940
111000112,4291,498,3793
111000113,742,3975,-3233
111000114,1498,9240,-7742
111000115,3372,1063,2309
111000116,976,662,314
111000117,301,1075,-774
111000118,1077,1848,-771
111000119,3012,416,2596
111000120,1231,720,511
111000121,411,916,-505
111000122,941,467,474
111000123,2738,1237,1501
111000124,946,1579,-633
111000125,590,1728,-1138
111000126,124,509,-385
111000127,2718,158,2560
111000128,5699,378,5321
111000129,6799,391,6408
111000130,6680,390,6290
111000131,6687,433,6254
111000132,3523,3221,302
111000133,174,79,95
111000134,338,30,308
111000135,240,177,63
111000136,827,236,591
111000138,89,2,87
111000140,0,2,-2
111000141,286,355,-69
111000142,1,74,-73
111000143,10,195,-185
111000144,0,316,-316
111000145,53,7,46
111000146,270,6,264
111000147,153,34,119
111000148,241,56,185
111000149,4,73,-69
111000150,262,1,261
111000151,0,409,-409
111000153,517,285,232
111000154,415,92,323
111000155,411,67,344
111000156,992,139,853
111000157,500,459,41
111000158,1924,574,1350
111000159,3246,742,2504
111000160,905,123,782
111000161,9,260,-251
111000162,1,56,-55
111000163,1817,871,946
111000164,433,3392,-2959
111000165,896,163,733
111000166,470,99,371
111000167,184,249,-65
111000168,249,147,102
111000169,566,129,437
111000170,443,269,174
111000171,1062,285,777
111000172,557,323,234
111000173,321,445,-124
111000174,811,132,679
111000175,94,1097,-1003
111000176,1576,20,1556
111000177,2266,90,2176
111000178,2758,112,2646
111000179,813,62,751
111000180,470,268,202
111000181,3666,263,3403
111000182,488,542,-54
111000183,338,2593,-2255
111000184,465,121,344
111000185,499,814,-315
111000186,268,2662,-2394
111000187,330,172,158
111000188,730,610,120
111000189,284,245,39
111000190,675,89,586
111000191,464,171,293
111000192,375,222,153
111000193,403,125,278
111000194,172,435,-263
111000195,340,696,-356
111000196,239,88,151
111000197,1628,71,1557
111000198,1081,42,1039
111000199,792,538,254
111000200,1371,942,429
111000201,1986,64,1922
111000202,889,110,779
111000203,870,310,560
111000204,407,2079,-1672
111000213,483,224,259
111000214,2085,1163,922
111000215,1182,616,566
111000217,2406,681,1725
111000218,3228,1154,2074
111000219,507,96,411
111000220,1432,670,762
111000221,193,78,115
111000224,1,191,-190
111000225,502,145,357
111000226,412,2,410
111000227,7,4,3
111000228,15,916,-901
111000229,33,2511,-2478
111000230,530,130,400
111000231,1972,290,1682
111000232,1901,3173,-1272
111000233,3613,320,3293
111000234,419,821,-402
111000239,82,41,41
111000240,61,756,-695
111000241,79,186,-107
111000242,717,66,651
111000243,403,651,-248
111000244,2250,492,1758
111000245,1172,1212,-40
111000246,1378,82,1296
111000247,1040,538,502
111000248,1151,156,995
111000249,721,197,524
111000250,217,19,198
111000251,350,45,305
111000253,72,16,56
111000255,200,3,197
111000257,166,7,159
111000260,288,519,-231
111000261,4103,115,3988
111000271,119,325,-206
111000273,2779,855,1924
111000274,1925,3995,-2070
111000275,151,13,138
111000276,597,543,54
111000277,553,167,386
111000278,650,131,519
111000291,2060,24057,-21997
111000298,917,205,712
111000299,1304,156,1148
111000300,66,308,-242
111000302,592,52,540
111000303,448,83,365
111000312,138,60,78
111000315,0,90,-90
111000320,405,271,134
111000321,634,222,412
111000322,1277,121,1156
111000323,540,75,465
111000324,287,129,158
111000325,68,73,-5
111000326,381,200,181
111000327,604,261,343
111000328,546,681,-135
111000329,0,3,-3
111000330,388,6,382
111000331,29,1,28
111000332,409,688,-279
111000334,168,1240,-1072
111000335,2474,1090,1384
111000337,4831,257,4574
111000338,267,30,237
111000339,2136,108,2028
111000340,149,2781,-2632
111000341,4267,2507,1760
111000342,96,590,-494
111000344,2007,328,1679
111000345,162,67,95
111000346,13,95,-82
111000347,426,32,394
111000350,179,142,37
111000351,232,974,-742
111000352,281,119,162
111000353,189,270,-81
111000354,953,250,703
111000355,1013,511,502
111000358,193,340,-147
111000360,374,116,258
111000361,430,103,327
111000546,2550,699,1851
111000547,1170,756,414
111000548,616,187,429
111000549,752,213,539
111000550,37,1802,-1765
111000551,245,50,195
111000552,545,219,326
111000907,516,14,502
111000908,54,2,52
111000916,6207,651,5556
111000917,119,541,-422
111000918,355,185,170
111000920,1925,9,1916
111000921,3,74,-71
111000922,2434,94,2340
111000924,100,233,-133
111000925,6943,3275,3668
111000926,1871,4257,-2386
111000927,2263,6664,-4401
111000928,5479,2385,3094
111000929,3051,1651,1400
111000930,2069,7038,-4969
111000931,3002,1017,1985
111000932,3373,1896,1477
111000933,3020,4253,-1233
111000934,1913,1280,633
111000935,4883,1271,3612
111000936,2805,876,1929
111000937,1872,1286,586
111000938,3142,959,2183
111000939,2152,57,2095
111000940,2640,29,2611
111000941,886,395,491
111000943,1419,122,1297
111000944,494,182,312
111000945,772,2481,-1709
111001109,646,1723,-1077
111001110,332,269,63
111001111,446,16,430
111001112,144,10,134
111001113,0,236,-236
111001114,847,57,790
111001115,13,667,-654
111001116,3759,11632,-7873
111001117,266,4928,-4662
111001120,107,271,-164
111001121,590,61,529
111001122,79,47,32
111001123,121,27,94
111900001,99,30,69
111900002,292,74,218
111900003,2,113,-111
111900004,3,29,-26
111900006,106,60,46
111900007,862,8,854
111900008,898,2,896
111900009,720,8,712
111900010,30,175,-145
111900012,55,73,-18
111900013,42,12,30
111900014,1985,12766,-10781
111900015,0,56,-56
111900016,0,22,-22
111900017,0,22,-22
111900018,263,12,251
111900019,0,114,-114
111900020,1,19,-18
111900021,1,23,-22
111900022,20,32,-12
111900023,71,29,42
111900024,1,506,-505
111900025,0,49,-49
111900026,0,34,-34
111900027,0,28,-28
111900028,0,66,-66
111900029,0,34,-34
111900030,25,261,-236
111900031,82,191,-109
111900032,0,85,-85
111900033,23,16,7
111900034,27,185,-158
111900035,132,2115,-1983
111900036,0,69,-69
111900038,47,144,-97
111900039,21,548,-527
111900040,0,82,-82
111900042,16,59,-43
111900043,0,84,-84
111900044,47,100,-53
111900046,4,52,-48
111900048,1078,876,202
111900049,9,70,-61
111900050,415,38,377
111900051,0,95,-95
111900052,110,63,47
111900053,511,5007,-4496
111900054,900,6,894
111900055,7,67,-60
111900056,72,441,-369
111900057,708,16,692
111900058,1955,345,1610
111900059,1000,1582,-582
111900060,1329,5,1324
111900061,4,52,-48
111900062,143,665,-522
111900063,591,76,515
111900064,21,57,-36
111900065,377,58,319
111900066,444,116,328
111900067,1,115,-114
111900068,59,136,-77
111900069,103,17,86
111900070,644,59,585
111900071,0,56,-56
111900072,57,66,-9
111900073,3082,385,2697
111900074,0,99,-99
111900075,96,2,94
111900076,841,170,671
111900077,101,1,100
111900078,1214,95,1119
111900079,50,82,-32
111900080,62,169,-107
111900081,227,130,97
111900082,563,98,465
111900083,685,95,590
111900084,309,35,274
111900085,66,67,-1
111900086,248,26,222
111900087,288,23,265
111900088,1927,59,1868
111900089,196,1,195
111900090,84,243,-159
111900091,1676,51,1625
111900092,394,2,392
111900093,1354,39,1315
111900094,321,0,321
111900095,1070,34,1036
111900096,636,8,628
111900097,231,0,231
111900098,1156,46,1110
111900099,175,0,175
111900100,252,19,233
111900101,250,10,240
111900102,1874,1585,289
111900103,90,92,-2
111900104,215,26,189
111900105,272,849,-577
111900106,266,24,242
111900107,5,36,-31
111900108,616,591,25
111900109,634,1310,-676
111900110,3791,179,3612
111900111,807,21,786
111900112,173,9199,-9026
111900113,589,35,554
111900114,259,48,211
111900115,38,15,23
111900118,497,116,381
111900119,286,138,148
111900122,20,61,-41
111900123,9,7,2
111900124,86,31,55
111900125,1552,115,1437
111900126,1510,1,1509
111900127,2,111,-109
111900128,33,115,-82
111900129,783,8,775
111900130,243,109,134
111900131,1361,1,1360
111900132,40,369,-329
111900133,2,168,-166
111900134,0,82,-82
111900135,25,29,-4
111900136,69,111,-42
111900137,32,5,27
111900138,20,11,9
111900139,146,30,116
111900140,174,20,154
111900141,196,1,195
111900142,172,3,169
111900143,349,205,144
111900144,6,21,-15
111900145,0,133,-133
111900146,0,71,-71
111900147,13,313,-300
111900148,9,695,-686
111900149,22,238,-216
111900150,8,48,-40
111900151,3,26,-23
111900152,65,32,33
111900153,582,810,-228
111900154,41,1436,-1395
111900155,85,265,-180
111900156,165,79,86
111900157,289,26,263
111900158,1127,157,970
111900159,1122,137,985
111900160,903,15,888
111900161,860,7,853
111900162,190,627,-437
111900163,8,55,-47
111900164,107,40,67
111901113,2237,61,2176
111901114,843,2817,-1974
111901115,775,5,770
111901116,82,23,59
111901117,69,174,-105
111901118,16,1535,-1519
111901119,185,17,168
111901120,19,42,-23
111901121,43,45,-2
111901122,10,84,-74
111901123,1240,66,1174
111901124,766,32,734
111901125,2590,232,2358
111901126,404,183,221
111901127,3023,3216,-193
111901128,22,69,-47
111901129,7,61,-54
111901130,9,348,-339
111901131,2,134,-132
111901132,136,42,94
111901133,250,0,250
111901134,486,4,482
111901135,93,6,87
111901136,110,10,100
111901137,0,24,-24
111901138,4,12,-8
111901139,0,24,-24
111901140,2,22,-20
111901141,0,50,-50
111901142,0,25,-25
111901143,3,76,-73
111901144,65,30,35
112000001,4794,982,3812
112000002,1087,2430,-1343
112000003,7964,1341,6623
112000004,2366,616,1750
112000005,6042,5903,139
112000006,796,605,191
112000007,8135,5221,2914
112000008,6113,5507,606
112000009,3118,1031,2087
112000010,7259,6032,1227
112000011,1704,984,720
112000012,4848,5168,-320
112000013,1486,2038,-552
112000014,839,4163,-3324
112000015,1129,3228,-2099
112000016,3059,5180,-2121
112000017,503,5449,-4946
112000024,485,166,319
112000026,2391,1068,1323
112000027,919,523,396
112000028,755,867,-112
112000029,1078,869,209
112000030,139,12,127
112000031,1362,4300,-2938
112000032,109,5,104
112000033,2452,4922,-2470
112000034,114,10,104
112000035,77,881,-804
112000036,138,1408,-1270
112000037,877,3701,-2824
112000038,1045,2596,-1551
112000039,313,56,257
112000040,35,164,-129
112000041,397,409,-12
112000042,566,77,489
112000050,1594,591,1003
112000051,1455,4723,-3268
112000054,1343,1305,38
112000057,666,186,480
112000058,399,321,78
112000059,741,498,243
112000061,3152,435,2717
112000062,468,1270,-802
112000063,225,4109,-3884
112000064,2955,1934,1021
112000065,870,993,-123
112000066,3621,1267,2354
112000067,671,499,172
112000068,3812,2108,1704
112000069,691,1823,-1132
112000070,2072,873,1199
112000071,1820,1341,479
112000072,4771,705,4066
112000073,1526,1973,-447
112000074,1321,1017,304
112000075,1655,1513,142
112000076,4475,2532,1943
112000077,1812,479,1333
112000078,3793,965,2828
112000079,3901,1453,2448
112000080,1537,683,854
112000081,1143,1232,-89
112000082,2350,384,1966
112000083,1783,594,1189
112000084,2138,340,1798
112000085,2883,304,2579
112000086,4452,539,3913
112000087,1721,129,1592
112000088,1801,255,1546
112000089,436,229,207
112000090,298,253,45
112000091,1006,343,663
112000092,3867,688,3179
112000093,2440,353,2087
112000094,1066,437,629
112000095,1460,223,1237
112000096,1222,303,919
112000097,5272,499,4773
112000098,681,461,220
112000099,1395,2677,-1282
112000100,5246,723,4523
112000101,1115,488,627
112000102,3931,243,3688
112000103,795,419,376
112000105,518,424,94
112000106,5109,241,4868
112000107,166,145,21
112000108,1776,718,1058
112000109,205,45,160
112000110,3910,673,3237
112000111,730,1716,-986
112000112,3572,240,3332
112000113,1639,2480,-841
112000114,4265,569,3696
112000115,452,194,258
112000116,1183,477,706
112000117,2242,487,1755
112000118,930,526,404
112000119,712,328,384
112000120,89,103,-14
112000121,581,186,395
112000122,958,95,863
112000123,1738,55,1683
112000124,1116,88,1028
112000125,543,408,135
112000126,1825,189,1636
112000127,2666,2867,-201
112000128,887,673,214
112000129,378,32,346
112000130,874,80,794
112000131,75,86,-11
112000132,300,78,222
112000133,1033,94,939
112000134,1287,205,1082
112000135,2324,2403,-79
112000136,1244,7299,-6055
112000137,2632,4974,-2342
112000138,1747,1437,310
112000139,659,672,-13
112000140,201,546,-345
112000141,1978,353,1625
112000142,350,291,59
112000143,2608,267,2341
112000144,529,545,-16
112000145,5722,320,5402
112000146,1404,581,823
112000147,3392,1400,1992
112000148,1271,627,644
112000149,2113,558,1555
112000150,957,218,739
112000151,1125,154,971
112000152,1500,252,1248
112000153,1328,93,1235
112000154,330,740,-410
112000155,197,103,94
112000157,520,1021,-501
112000158,479,133,346
112000159,2758,203,2555
112000167,994,256,738
112000169,104,1008,-904
112000173,3017,170,2847
112000175,1108,333,775
112000176,846,1058,-212
112000177,2531,512,2019
112000178,81,130,-49
112000179,798,150,648
112000180,592,108,484
112000181,1357,445,912
112000182,4299,273,4026
112000183,157,33,124
112000184,1134,215,919
112000185,2404,230,2174
112000187,7472,6675,797
112000195,351,9,342
112000196,173,0,173
112000197,73,70,3
112000198,12,309,-297
112000199,251,383,-132
112000202,2219,13,2206
112000216,37,128,-91
112000230,426,6,420
112000231,1,52,-51
112000256,144,473,-329
112000313,232,28,204
112000314,104,89,15
112000337,284,623,-339
112000352,237,300,-63
112000392,2007,474,1533
112000398,4014,519,3495
112000399,1057,6674,-5617
112000400,1721,724,997
112000401,1333,877,456
112000402,4986,5598,-612
112000403,1883,11046,-9163
112000404,2947,1421,1526
112000405,5180,2769,2411
112000406,3707,1397,2310
112000407,16562,9597,6965
112000408,6826,1372,5454
112000409,2041,1103,938
112000410,237,316,-79
112000411,1501,2228,-727
112000412,391,232,159
112000413,4242,11606,-7364
112000414,266,23,243
112000415,239,6,233
112000416,7358,715,6643
112000417,480,76,404
112000421,160,28,132
112000422,558,140,418
112000424,1024,5201,-4177
112000425,771,238,533
112000426,661,486,175
112000427,0,40,-40
112000428,557,413,144
112000429,2033,1411,622
112000430,2743,3746,-1003
112000431,396,227,169
112000432,1291,436,855
112000433,210,372,-162
112000437,68,92,-24
112900001,77,0,77
112900002,1733,182,1551
112900003,30,44,-14
112900004,199,89,110
112900005,656,54,602
112900006,135,50,85
112900007,69,23,46
112900008,1,118,-117
112900009,814,313,501
112900010,964,135,829
112900011,139,112,27
112900012,6,6,0
112900013,16,339,-323
112900014,20,33,-13
112900015,47,191,-144
112900016,1,248,-247
112900017,126,156,-30
112900018,3,778,-775
112900019,44,176,-132
112900020,192,415,-223
112900021,0,102,-102
112900022,61,33,28
112900023,1,82,-81
112900024,17,48,-31
112900025,205,86,119
112900026,0,38,-38
112900027,4,179,-175
112900028,81,50,31
112900029,19,75,-56
112900030,415,47,368
112900031,2,450,-448
112900032,325,94,231
112900034,0,21,-21
112900035,2,145,-143
112900036,25,68,-43
112900037,112,207,-95
112900038,1741,58,1683
112900039,9,169,-160
112900040,0,226,-226
112900041,515,1023,-508
112900042,448,129,319
112900043,31,31,0
112900044,101,164,-63
112900045,316,86,230
112900046,47,31,16
112900047,5,19,-14
112900049,865,16,849
112900050,21,226,-205
112900051,229,182,47
112900052,6,316,-310
112900053,66,326,-260
112900054,81,72,9
112900055,56,9,47
112900056,306,181,125
112900057,148,114,34
112900058,427,468,-41
112900059,132,164,-32
112900060,51,32,19
112900061,50,31,19
112900062,69,23,46
112900063,15,19,-4
112900064,39,37,2
112900065,45,14,31
112900066,535,869,-334
112900067,215,18,197
112900068,64,188,-124
112900069,781,1746,-965
112900071,45,12,33
112900072,60,9637,-9577
112900073,480,485,-5
112900074,247,699,-452
112900075,573,2707,-2134
112900076,48,12,36
112900078,307,1026,-719
112900079,546,179,367
112900080,460,2,458
112900081,52,726,-674
112900082,772,35,737
112900083,456,279,177
112900084,498,519,-21
112900085,1,27,-26
112900086,248,0,248
112900087,3467,291,3176
112900088,608,12,596
112900089,2374,35,2339
112900090,232,145,87
112900091,970,31,939
112900092,49,1177,-1128
112900093,1730,42,1688
112900094,187,4,183
112900095,407,1,406
112900096,1388,214,1174
112900097,226,204,22
112900098,248,1,247
112900099,2759,24,2735
112900100,228,3,225
112900101,917,15,902
112900102,75,81,-6
112900103,436,15,421
112900104,93,0,93
112900105,75,0,75
112900106,824,142,682
112900107,23,2,21
112900108,1,6,-5
112900109,390,3,387
112900110,3208,34,3174
112900111,1452,22,1430
112900112,639,0,639
112900113,0,4,-4
112900114,1022,18,1004
112900115,4800,19,4781
112900116,165,13,152
112900117,248,20,228
112900118,2,22,-20
112900119,842,17,825
112900120,428,208,220
112900121,67,35,32
112900122,2,43,-41
112900123,1105,37,1068
112900124,17,18,-1
112900125,15,249,-234
112900126,38,79,-41
112900127,1129,40,1089
112900128,54,218,-164
112900129,2,273,-271
112900130,377,69,308
112900131,7,161,-154
112900132,78,943,-865
112900133,25,2798,-2773
112900134,1,198,-197
112900135,132,84,48
112900136,2,21,-19
112900137,0,167,-167
112900138,3,87,-84
112900139,41,494,-453
112900140,0,74,-74
112900141,1382,16,1366
112900142,29,536,-507
112900143,1,264,-263
112900144,2,119,-117
112900145,7,139,-132
112900146,8,165,-157
112900147,0,213,-213
112900148,27,0,27
112900149,292,132,160
112900151,0,6,-6
112900152,3116,313,2803
112900153,648,7973,-7325
112900154,0,26,-26
112900155,192,21,171
112900156,1545,202,1343
112900157,1023,14,1009
112900158,141,2,139
112900159,169,403,-234
112900160,13,79,-66
112900161,282,28,254
112900162,0,28,-28
112900163,8,80,-72
112900164,33,148,-115
112900165,43,22,21
112900166,22,107,-85
112900167,7,1889,-1882
112900168,3,3,0
112900169,8,6,2
112900170,184,29,155
112900172,32,36,-4
112900173,115,74,41
112900174,899,34,865
112900175,207,293,-86
112900176,36,39,-3
112900177,289,96,193
112900178,395,4573,-4178
112900179,5,420,-415
112900180,3441,997,2444
112900181,1957,11,1946
112900182,34,282,-248
112900183,16,202,-186
112900184,223,251,-28
112900185,64,449,-385
112900186,780,769,11
112900187,64,236,-172
112900188,484,2226,-1742
112900189,40,2,38
112900190,12,4,8
112900192,725,412,313
112900193,1002,203,799
112900194,111,7,104
112900195,996,42,954
112900196,314,274,40
112900197,80,268,-188
112900199,1544,187,1357
112900200,955,85,870
112900201,286,208,78
112900202,1375,316,1059
112900203,744,77,667
112900204,791,151,640
112900205,19,2,17
112900206,48,8,40
112900207,18,0,18
112900208,64,747,-683
112900209,75,114,-39
112900210,1,1,0
112900211,118,5,113
112900212,1,8,-7
112900213,44,0,44
112900214,5,9,-4
112900215,15,24,-9
112900216,23,15,8
112900217,70,12,58
112900218,130,8,122
112900219,303,66,237
112900220,2,0,2
112900221,34,86,-52
112900222,1,1117,-1116
112900223,1232,40,1192
112900224,2225,128,2097
112900225,1142,137,1005
112900226,85,267,-182
112900227,2304,2106,198
112900228,178,28,150
112900229,883,23,860
112900230,8060,2932,5128
112900232,634,449,185
112900233,125,46,79
112900234,102,2,100
112900235,7,5,2
112900236,1701,11,1690
112900237,1182,84,1098
112900238,28,6,22
113000001,7475,4230,3245
113000002,7373,3285,4088
113000003,2669,1414,1255
113000004,2869,1689,1180
113000005,2893,1246,1647
113000006,2305,1212,1093
113000007,3412,1403,2009
113000008,3070,1070,2000
113000009,2126,775,1351
113000010,2745,767,1978
113000011,986,800,186
113000012,1826,1005,821
113000013,518,517,1
113000014,789,1042,-253
113000015,184,215,-31
113000016,236,528,-292
113000017,141,357,-216
113000018,702,30,672
113000019,427,557,-130
113000020,313,49,264
113000021,3448,885,2563
113000022,1585,2508,-923
113000025,88,237,-149
113000026,1378,479,899
113000027,1244,678,566
113000028,870,1305,-435
113000029,644,389,255
113000030,157,537,-380
113000031,231,219,12
113000032,192,101,91
113000033,295,169,126
113000034,140,69,71
113000035,40,14,26
113000036,23,43,-20
113000037,36,30,6
113000038,17,43,-26
113000039,31,225,-194
113000040,51,17,34
113000042,1267,660,607
113000051,2309,3429,-1120
113000052,3184,367,2817
113000053,1070,273,797
113000054,1395,1051,344
113000055,3454,407,3047
113000056,3246,887,2359
113000058,638,758,-120
113000059,997,209,788
113000060,559,508,51
113000061,1018,1060,-42
113000062,395,345,50
113000063,909,27,882
113000064,209,194,15
113000065,376,303,73
113000066,2329,137,2192
113000067,6933,447,6486
113000068,957,362,595
113000069,1424,365,1059
113000070,5951,478,5473
113000071,1132,483,649
113000072,2352,299,2053
113000073,746,814,-68
113000074,1356,630,726
113000075,2574,810,1764
113000076,541,1692,-1151
113000077,516,450,66
113000078,289,1302,-1013
113000079,377,563,-186
113000080,453,753,-300
113000081,1551,2685,-1134
113000082,931,581,350
113000083,1004,906,98
113000084,1622,1255,367
113000085,1479,812,667
113000086,879,2652,-1773
113000087,1983,2404,-421
113000088,2004,1580,424
113000089,952,1236,-284
113000090,90,1018,-928
113000091,155,241,-86
113000094,2435,222,2213
113000095,336,465,-129
113000096,129,459,-330
113000097,1349,539,810
113000098,53,85,-32
113000099,1649,1012,637
113000100,211,447,-236
113000101,126,411,-285
113000102,999,435,564
113000103,3914,330,3584
113000104,1070,3041,-1971
113000105,1667,422,1245
113000106,782,217,565
113000107,1986,975,1011
113000108,1436,494,942
113000109,526,1139,-613
113000110,8014,795,7219
113000111,371,400,-29
113000112,993,302,691
113000113,2365,291,2074
113000114,167,782,-615
113000116,588,218,370
113000117,646,194,452
113000118,45,1036,-991
113000119,423,395,28
113000120,75,484,-409
113000121,419,969,-550
113000124,277,103,174
113000125,15,1831,-1816
113000127,851,73,778
113000128,1460,252,1208
113000129,349,1081,-732
113000133,1865,378,1487
113000134,10,2651,-2641
113000135,5523,4928,595
113000137,933,3082,-2149
113000139,285,208,77
113000140,42,67,-25
113000141,116,57,59
113000142,179,202,-23
113000143,459,98,361
113000144,166,185,-19
113000145,225,47,178
113000146,211,20,191
113000147,296,51,245
113000148,588,57,531
113000149,311,205,106
113000150,674,198,476
113000151,33,20,13
113000152,40,292,-252
113000153,1037,190,847
113000154,454,2426,-1972
113000155,407,988,-581
113000156,279,146,133
113000157,352,167,185
113000158,697,64,633
113000159,1391,145,1246
113000160,653,321,332
113000161,553,110,443
113000162,1409,102,1307
113000163,153,14,139
113000164,17,285,-268
113000166,538,15,523
113000167,142,19,123
113000168,319,80,239
113000169,422,12,410
113000170,129,34,95
113000171,114,67,47
113000172,600,14,586
113000173,88,26,62
113000174,234,124,110
113000175,1172,42,1130
113000176,1104,38,1066
113000177,245,97,148
113000178,229,98,131
113000179,414,32,382
113000180,1204,1781,-577
113000181,2509,1042,1467
113000182,134,798,-664
113000183,157,819,-662
113000184,2,151,-149
113000189,356,299,57
113000190,234,144,90
113000192,601,2960,-2359
113000193,1645,2097,-452
113000194,1093,6122,-5029
113000195,2123,2061,62
113000196,1013,83,930
113000197,2223,3811,-1588
113000198,178,305,-127
113000199,2987,639,2348
113000201,1204,345,859
113000202,9004,2699,6305
113000203,248,580,-332
113000204,446,3739,-3293
113000205,3,1,2
113000206,0,23,-23
113000207,110,14,96
113000208,43,24,19
113000209,10,14,-4
113000210,14,16,-2
113000211,57,102,-45
113000212,16,15,1
113000213,11,108,-97
113000214,266,235,31
113000234,305,232,73
113000410,36,140,-104
113000411,1219,1470,-251
113000412,6284,958,5326
113000413,1151,1259,-108
113000414,3707,13673,-9966
113000415,2114,910,1204
113000416,1766,2048,-282
113000417,693,1249,-556
113000418,4895,3477,1418
113000419,1793,1617,176
113000420,3078,5834,-2756
113000421,5598,6956,-1358
113000422,7853,9925,-2072
113000423,1128,3300,-2172
113000424,1608,9609,-8001
113000425,20,100,-80
113000428,19,5,14
113000430,3,54,-51
113000432,5656,300,5356
113000433,64,385,-321
113000434,13,111,-98
113000435,33,133,-100
113000436,4,483,-479
113000437,3317,44,3273
113000438,991,7,984
113000439,41,26,15
113000440,266,18,248
113000441,328,122,206
113000442,411,27,384
113000443,646,124,522
113000444,1281,36,1245
113000445,55,66,-11
113000446,65,188,-123
113000448,281,795,-514
113000449,85,1360,-1275
113000450,806,5317,-4511
113000451,3227,881,2346
113000452,51,745,-694
113000453,6,619,-613
113000454,180,55,125
113000455,3,887,-884
113000456,894,1883,-989
113000468,641,121,520
113000469,95,341,-246
113000470,355,14,341
113000471,16,545,-529
113000472,92,189,-97
113000474,1858,798,1060
113000475,1663,808,855
113000476,4170,2856,1314
113000477,6160,2849,3311
113000478,3105,3121,-16
113000479,259,99,160
113000480,288,249,39
113000481,0,0,0
113000482,0,0,0
113000483,0,0,0
113000485,0,0,0
113000486,0,0,0
113000487,0,0,0
113000488,0,0,0
113000489,0,0,0
113000490,0,0,0
113000491,0,0,0
113000492,0,0,0
113000493,0,0,0
113000495,243,52,191
113000496,99,109,-10
113000497,0,0,0
113000498,0,0,0
113000499,0,0,0
113000500,0,2,-2
113900001,19,2277,-2258
113900002,12,121,-109
113900003,1,122,-121
113900004,3,199,-196
113900005,5,608,-603
113900006,5,174,-169
113900007,11,212,-201
113900008,9,0,9
113900009,50,0,50
113900010,61,0,61
113900011,509,3,506
113900012,221,1,220
113900013,86,2,84
113900014,1377,3,1374
113900015,0,6,-6
113900016,45,0,45
113900017,0,15,-15
113900018,80,164,-84
113900019,460,16,444
113900020,514,0,514
113900022,121,4,117
113900023,103,0,103
113900024,12,3,9
113900025,636,75,561
113900026,237,0,237
113900027,4,33,-29
113900028,24,205,-181
113900029,121,28,93
113900030,962,1,961
113900031,101,7,94
113900032,84,1,83
113900033,70,12,58
113900035,164,6,158
113900036,78,101,-23
113900037,193,1350,-1157
113900038,19,212,-193
113900039,650,50,600
113900040,3,35,-32
113900041,76,1,75
113900042,99,11,88
113900043,118,22,96
113900044,58,249,-191
113900045,169,1,168
113900046,187,437,-250
113900047,325,46,279
113900048,252,211,41
113900049,112,676,-564
113900050,298,165,133
113900051,376,51,325
113900052,73,182,-109
113900053,601,1560,-959
113900054,12,0,12
113900055,125,555,-430
113900056,158,8,150
113900057,6,12,-6
113900058,164,17,147
113900059,365,97,268
113900060,97,2054,-1957
113900061,529,63,466
113900062,133,42,91
113900063,266,26,240
113900064,19,36,-17
113900065,1107,16,1091
113900066,1272,44,1228
113900067,809,238,571
113900068,368,1604,-1236
113900069,52,42,10
113900070,92,116,-24
113900071,252,7,245
113900072,29,30,-1
113900073,923,164,759
113900074,649,683,-34
113900075,436,3692,-3256
113900076,144,1,143
113900077,68,68,0
113900078,89,10,79
113900079,3,8,-5
113900080,739,147,592
113900081,182,48,134
113900082,412,290,122
113900083,1130,156,974
113900084,228,59,169
113900085,18,113,-95
113900086,152,20,132
113900087,172,253,-81
113900088,139,79,60
113900089,603,38,565
113900090,410,216,194
113900091,1,21,-20
113900092,37,96,-59
113900093,32,2383,-2351
113900094,1439,302,1137
113900095,278,121,157
113900096,575,228,347
113900097,30,118,-88
113900098,1333,324,1009
113900099,2,14,-12
113900100,0,1,-1
113900101,3,54,-51
113900102,67,106,-39
113900103,274,495,-221
113900104,140,96,44
113900105,557,22,535
113900106,0,16,-16
113900107,8,2,6
113900108,60,195,-135
113900109,347,394,-47
113900110,44,77,-33
113900111,434,46,388
113900112,407,55,352
113900113,1580,605,975
113900114,0,35,-35
113900115,0,8,-8
113900116,2,242,-240
113900117,15,21,-6
113900118,102,1758,-1656
113900119,51,213,-162
113900120,173,28,145
113900121,330,68,262
113900122,135,6679,-6544
113900123,783,62,721
113900124,3,54,-51
113900125,646,64,582
113900126,29,77,-48
113900127,413,809,-396
113900128,488,41,447
113900129,1,81,-80
113900130,1,36,-35
113900131,288,45,243
113900132,39,86,-47
113900133,32,20,12
113900135,310,133,177
113900136,57,15,42
113900137,379,166,213
113900138,4,205,-201
113900139,485,387,98
113900140,33,171,-138
113900141,950,159,791
113900142,125,55,70
113900143,8,104,-96
113900144,23,68,-45
113900145,330,58,272
113900146,422,216,206
113900148,12,89,-77
113900149,197,204,-7
113900150,457,127,330
113900151,793,101,692
113900152,29,53,-24
113900153,106,121,-15
113900154,0,98,-98
113900155,149,202,-53
113900156,218,231,-13
113900157,59,465,-406
113900158,117,174,-57
113900159,1,336,-335
113900160,356,855,-499
113900161,182,289,-107
113900162,150,195,-45
113900163,526,46,480
113900164,738,10,728
113900165,499,245,254
113900166,12,44,-32
113900167,755,46,709
113900168,57,57,0
113900169,191,172,19
113900171,352,79,273
113900172,68,68,0
113900173,11,148,-137
113900174,377,226,151
113900175,326,317,9
113900176,245,143,102
113900177,181,65,116
113900178,336,420,-84
113900179,6,184,-178
113900180,95,18,77
113900181,1731,197,1534
113900182,1045,258,787
113900183,78,16,62
113900184,28,192,-164
113900185,58,17,41
113900186,30,25,5
113900187,10,68,-58
113900188,12,38,-26
113900189,328,175,153
113900190,132,18,114
113900191,26,38,-12
113900192,6,1017,-1011
113900193,4,59,-55
113900194,739,215,524
113900195,138,117,21
113900196,1,49,-48
113900197,4,82,-78
113900198,3,177,-174
113900199,21,139,-118
113900200,2,19,-17
113900201,0,45,-45
113900202,16,30,-14
113900203,0,23,-23
113900204,6,162,-156
113900205,2,39,-37
113900206,1,66,-65
113900207,0,41,-41
113900208,0,5,-5
113900209,0,12,-12
113900210,485,951,-466
113900211,278,20,258
113900212,755,136,619
113900214,161,201,-40
113900215,196,52,144
113900216,277,225,52
113900217,240,78,162
113900218,65,49,16
113900219,146,208,-62
113900220,308,195,113
113900221,426,1094,-668
113900222,29,670,-641
113900223,652,130,522
113900224,28,19,9
113900225,1810,127,1683
113900226,360,148,212
113900227,267,506,-239
113900228,387,576,-189
113900229,22,1559,-1537
113900230,2462,3789,-1327
113900231,100,37,63
113900232,71,10,61
113900233,201,22,179
113900234,628,435,193
113900235,96,29,67
113900236,739,97,642
113900237,411,27,384
113900238,67,362,-295
113900239,65,104,-39
113900240,4,209,-205
113900241,32,60,-28
113900242,28,71,-43
113900243,3,125,-122
113900244,147,50,97
113900245,367,201,166
113900246,13,59,-46
113900247,37,738,-701
113900248,1624,2708,-1084
113900249,268,915,-647
113900250,66,562,-496
113900251,1975,49,1926
113900252,1325,36,1289
113900253,929,31,898
113900254,556,208,348
113900255,1749,4,1745
113900256,861,28,833
113900257,10,209,-199
113900258,31,145,-114
113900259,1229,78,1151
113900260,431,7,424
113900261,97,53,44
113900262,233,118,115
113900263,7,94,-87
113900264,1,168,-167
113900265,136,3582,-3446
113900266,7,103,-96
113900267,146,328,-182
113900268,103,2922,-2819
113900269,68,261,-193
113900270,178,256,-78
113900271,884,279,605
113900273,13,11,2
113900274,66,58,8
113900275,16,10,6
113900276,0,57,-57
113900277,689,4,685
113900278,424,88,336
113900279,37,12,25
113900280,556,457,99
113900281,72,1013,-941
113900282,133,235,-102
113900283,418,566,-148
113900284,2160,119,2041
113900285,117,19,98
113900286,278,70,208
113900287,251,30,221
113900288,1,71,-70
113900289,199,179,20
113900290,464,1034,-570
113900291,254,62,192
113900292,1,14,-13
113900293,1,189,-188
113900294,1462,15,1447
113900295,397,107,290
113900296,816,234,582
113900297,3459,39,3420
113900298,45,1908,-1863
113900299,231,24,207
113900300,6270,6239,31
113900301,334,1297,-963
113900302,2218,1455,763
113900303,133,1698,-1565
113900304,1,127,-126
113900305,360,0,360
113900306,189,0,189
113900307,12,0,12
113900308,30,61,-31
113900309,0,219,-219
113900310,0,0,0
113900311,12,0,12
113900312,38,231,-193
113900313,2,0,2
114000001,1359,1023,336
114000002,621,229,392
114000003,315,182,133
114000004,1042,139,903
114000005,1187,147,1040
114000006,1685,665,1020
114000007,1886,528,1358
114000008,3113,1330,1783
114000009,3162,231,2931
114000011,4792,1479,3313
114000012,7323,2146,5177
114000013,4411,2474,1937
114000014,1761,81,1680
114000015,4726,237,4489
114000016,1002,69,933
114000017,184,1790,-1606
114000018,135,6,129
114000026,6779,1163,5616
114000027,9167,3797,5370
114000028,2641,3889,-1248
114000038,691,129,562
114000039,292,8,284
114000040,241,765,-524
114000042,295,126,169
114000043,42,39,3
114000044,1094,8,1086
114000045,94,38,56
114000046,2006,4518,-2512
114000047,26,123,-97
114000048,294,25,269
114000049,3844,1071,2773
114000050,3103,857,2246
114000051,5286,1925,3361
114000052,5138,5822,-684
114000053,53,1074,-1021
114000054,418,1039,-621
114000055,679,414,265
114000056,182,537,-355
114000057,4287,1356,2931
114000058,142,1172,-1030
114000059,50,2738,-2688
114000060,1379,773,606
114000061,3233,2618,615
114000062,529,889,-360
114000063,1697,1397,300
114000064,2208,5273,-3065
114000065,1563,1229,334
114000066,1308,762,546
114000067,77,2321,-2244
114000068,515,1252,-737
114000069,2487,302,2185
114000070,2547,1122,1425
114000071,1792,245,1547
114000072,2499,708,1791
114000073,36,12,24
114000074,166,3,163
114000075,153,65,88
114000076,57,35,22
114000077,20,8,12
114000078,1096,833,263
114000079,621,318,303
114000080,376,104,272
114000081,125,82,43
114000082,509,211,298
114000083,122,62,60
114000084,485,238,247
114000085,127,164,-37
114000086,466,807,-341
114000087,807,81,726
114000088,133,16,117
114000089,650,279,371
114000090,989,869,120
114000091,1206,757,449
114000092,976,363,613
114000093,2657,535,2122
114000094,971,381,590
114000095,361,345,16
114000096,120,126,-6
114000097,196,204,-8
114000098,1536,125,1411
114000099,2334,106,2228
114000100,3972,277,3695
114000101,1259,273,986
114000102,2008,322,1686
114000103,415,104,311
114000104,52,421,-369
114000105,677,224,453
114000106,952,5105,-4153
114000107,997,278,719
114000108,506,427,79
114000109,1231,3777,-2546
114000110,2369,364,2005
114000111,5018,1902,3116
114000112,531,457,74
114000113,1709,196,1513
114000114,549,401,148
114000115,2999,491,2508
114000116,892,7980,-7088
114000117,8018,1076,6942
114000118,7985,408,7577
114000119,6654,460,6194
114000120,2073,577,1496
114000121,587,347,240
114000122,714,355,359
114000123,5373,288,5085
114000124,3539,307,3232
114000125,1481,1594,-113
114000126,3598,517,3081
114000127,359,103,256
114000128,2075,202,1873
114000130,898,452,446
114000131,812,119,693
114000132,2053,233,1820
114000133,1467,668,799
114000134,336,6,330
114000138,103,65,38
114000139,735,475,260
114000144,993,1065,-72
114000145,289,14,275
114000146,563,29,534
114000147,1505,3733,-2228
114000148,773,2846,-2073
114000149,517,305,212
114000150,354,504,-150
114000151,480,2983,-2503
114000152,144,70,74
114000153,903,1607,-704
114000154,1338,305,1033
114000155,947,6450,-5503
114000156,1039,786,253
114000157,755,2452,-1697
114000158,631,436,195
114000159,622,173,449
114000160,235,191,44
114000161,1144,1268,-124
114000162,1441,2196,-755
114000163,116,35,81
114000165,563,458,105
114000166,618,272,346
114000167,2860,4413,-1553
114000168,510,158,352
114000169,1071,1256,-185
114000170,1865,1493,372
114000171,3155,21209,-18054
114000174,132,723,-591
114000176,235,590,-355
114000177,590,279,311
114000178,294,205,89
114000179,1084,956,128
114000180,176,167,9
114000181,1506,11319,-9813
114000182,873,2881,-2008
114000183,1007,1976,-969
114000184,2275,378,1897
114000185,2122,845,1277
114000189,3689,179,3510
114000190,7106,513,6593
114000191,269,957,-688
114000192,129,360,-231
114000193,113,553,-440
114000194,5043,649,4394
114000195,632,786,-154
114000196,3,42,-39
114000197,3878,32,3846
114000198,1037,242,795
114000199,1881,1447,434
114000200,1590,671,919
114000201,429,1163,-734
114000202,1590,629,961
114000203,1325,404,921
114000204,422,312,110
114000205,1001,6739,-5738
114000206,1846,889,957
114000207,459,823,-364
114000208,1293,612,681
114000209,890,924,-34
114000210,299,574,-275
114000211,3532,1023,2509
114000212,1732,3411,-1679
114000213,3391,573,2818
114000214,242,38,204
114000215,292,114,178
114000216,3789,466,3323
114000217,896,179,717
114000218,1065,579,486
114000219,2954,163,2791
114000220,96,450,-354
114000221,2732,186,2546
114000222,294,381,-87
114000223,1427,164,1263
114000224,63,298,-235
114000225,930,217,713
114000226,414,129,285
114000227,1586,948,638
114000228,1841,331,1510
114000229,3097,818,2279
114000230,2535,493,2042
114000231,1464,1832,-368
114000232,2219,145,2074
114000233,4772,133,4639
114000234,2159,516,1643
114000235,3402,828,2574
114000236,0,209,-209
114000237,208,464,-256
114000238,184,543,-359
114000239,259,920,-661
114000240,1524,8473,-6949
114000241,497,1060,-563
114000242,904,1453,-549
114000243,3877,1319,2558
114000244,657,532,125
114000245,709,3001,-2292
114000246,187,543,-356
114000247,804,486,318
114000248,3057,604,2453
114000249,1381,291,1090
114000250,1869,167,1702
114000251,505,80,425
114000252,176,28,148
114000253,336,165,171
114000254,109,12,97
114000255,730,375,355
114000256,501,661,-160
114000257,1662,1119,543
114000258,1531,275,1256
114000259,466,605,-139
114000260,0,70,-70
114000261,64,33,31
114000262,912,866,46
114000263,4,3,1
114000264,4157,334,3823
114000265,0,3,-3
114000267,10,6201,-6191
114000268,4,465,-461
114000270,661,19,642
114000271,344,111,233
114000283,3017,381,2636
114000285,24,86,-62
114000288,270,448,-178
114000289,3872,184,3688
114000293,578,672,-94
114000294,324,557,-233
114000395,6239,47,6192
114000396,937,569,368
114000402,1873,145,1728
114000403,960,135,825
114000405,777,187,590
114000423,1567,116,1451
114000424,1084,218,866
114000425,3172,140,3032
114000426,632,1164,-532
114000427,158,88,70
114000428,82,132,-50
114000429,30,104,-74
114000432,254,21,233
114000434,60,26,34
114000435,25,27,-2
114900001,1465,175,1290
114900002,543,1266,-723
114900003,1312,262,1050
114900004,220,1418,-1198
114900005,706,141,565
114900006,111,329,-218
114900007,302,6,296
114900008,713,96,617
114900010,1061,2756,-1695
114900011,918,120,798
114900013,689,74,615
114900015,92,1264,-1172
114900018,1688,44,1644
114900020,150,95,55
114900021,321,81,240
114900022,13,879,-866
114900024,214,169,45
114900025,1159,98,1061
114900026,147,179,-32
114900027,271,142,129
114900029,37,7,30
114900030,697,191,506
114900031,1450,6,1444
114900032,1393,14,1379
114900033,389,3505,-3116
114900034,78,42,36
114900035,135,111,24
114900036,387,142,245
114900037,270,54,216
114900038,692,247,445
114900039,1737,118,1619
114900040,330,10,320
114900041,2980,142,2838
114900042,3045,305,2740
114900043,672,105,567
114900044,318,85,233
114900045,312,54,258
114900046,57,35,22
114900047,284,7472,-7188
114900048,94,54,40
114900049,6,53,-47
114900050,88,83,5
114900051,18,213,-195
114900052,15,2199,-2184
114900053,77,650,-573
114900054,60,33,27
114900057,337,11,326
114900058,1,18,-17
114900059,342,102,240
114900060,221,523,-302
114900061,185,36,149
114900062,256,156,100
114900063,211,26,185
114900064,3814,198,3616
114900065,452,1203,-751
114900067,69,209,-140
114900068,30,65,-35
114900069,447,13,434
114900070,1137,149,988
114900072,1,124,-123
114900073,1,37,-36
114900074,2594,72,2522
114900075,821,9,812
114900076,1,155,-154
114900080,580,65,515
114900082,1703,3597,-1894
114900083,173,904,-731
114900084,212,30,182
114900090,1305,180,1125
114900091,225,125,100
114900095,189,56,133
114900096,56,245,-189
114900097,922,0,922
114900098,4,102,-98
114900099,474,12,462
115000001,5159,1907,3252
115000002,6074,9404,-3330
115000003,5698,1436,4262
115000004,7724,7644,80
115000005,2264,2502,-238
115000006,2295,1274,1021
115000007,209,162,47
115000008,454,365,89
115000009,363,409,-46
115000010,206,312,-106
115000013,35,238,-203
115000015,36,349,-313
115000016,157,220,-63
115000019,49,755,-706
115000020,275,2035,-1760
115000021,79,405,-326
115000022,149,134,15
115000023,372,601,-229
115000024,560,159,401
115000025,1082,637,445
115000026,258,143,115
115000027,620,358,262
115000028,434,155,279
115000029,1710,88,1622
115000030,851,433,418
115000031,738,275,463
115000032,24,520,-496
115000033,274,14,260
115000034,43,1902,-1859
115000035,942,214,728
115000036,0,237,-237
115000037,1187,180,1007
115000038,106,115,-9
115000039,2337,7946,-5609
115000040,4695,3763,932
115000041,1550,9758,-8208
115000042,791,985,-194
115000043,4087,3713,374
115000044,3288,2984,304
115000045,4607,650,3957
115000046,4718,2319,2399
115000047,4574,1115,3459
115000048,4654,2011,2643
115000049,2741,3522,-781
115000050,4703,987,3716
115000051,2347,8012,-5665
115000052,1382,1084,298
115000053,4165,4003,162
115000054,997,949,48
115000055,250,1384,-1134
115000056,179,281,-102
115000057,634,1460,-826
115000058,78,741,-663
115000059,70,443,-373
115000061,206,252,-46
115000062,552,733,-181
115000063,1032,221,811
115000064,569,112,457
115000065,140,757,-617
115000067,354,35,319
115000069,61,512,-451
115000070,38,1520,-1482
115000071,147,98,49
115000072,13,44,-31
115000073,2707,180,2527
115000075,168,84,84
115000076,3087,1388,1699
115000077,3881,959,2922
115000078,4022,828,3194
115000079,3504,1781,1723
115000080,7760,1380,6380
115000081,303,300,3
115000082,9626,6335,3291
115000083,4854,737,4117
115000084,5124,605,4519
115000085,2941,581,2360
115000086,2451,392,2059
115000087,1039,2317,-1278
115000088,1727,471,1256
115000089,2116,850,1266
115000090,698,998,-300
115000091,324,318,6
115000092,1049,1502,-453
115000093,1788,1,1787
115000094,6504,14507,-8003
115000095,3528,13301,-9773
115000096,2274,563,1711
115000097,3762,2763,999
115000098,3538,416,3122
115000099,5082,826,4256
115000100,3633,429,3204
115000101,1150,605,545
115000102,1091,171,920
115000103,541,398,143
115000105,210,26,184
115000106,1732,823,909
115000107,222,169,53
115000108,1879,1474,405
115000109,4314,8803,-4489
115000110,1357,3462,-2105
115000111,257,492,-235
115000112,836,824,12
115000113,501,371,130
115000114,776,376,400
115000116,2822,2624,198
115000117,1749,3199,-1450
115000118,2808,3791,-983
115000119,2192,5898,-3706
115000120,782,957,-175
115000121,493,1029,-536
115000122,621,2446,-1825
115000123,1494,1387,107
115000124,1206,1119,87
115000125,551,813,-262
115000126,139,276,-137
115000127,566,153,413
115000128,815,868,-53
115000129,141,1223,-1082
115000130,709,533,176
115000131,2027,356,1671
115000132,1184,1503,-319
115000133,1908,1421,487
115000134,583,1430,-847
115000135,293,1128,-835
115000136,360,252,108
115000137,49,369,-320
115000138,734,323,411
115000139,207,130,77
115000140,621,155,466
115000141,230,97,133
115000142,166,39,127
115000143,1450,493,957
115000144,864,63,801
115000145,401,101,300
115000146,725,947,-222
115000147,596,1517,-921
115000148,758,421,337
115000149,1241,345,896
115000150,1446,229,1217
115000151,2381,228,2153
115000152,2460,397,2063
115000153,3199,312,2887
115000154,2030,217,1813
115000155,2084,821,1263
115000156,1070,551,519
115000157,514,679,-165
115000158,349,265,84
115000159,502,353,149
115000160,529,593,-64
115000161,1137,1010,127
115000162,499,2034,-1535
115000163,544,310,234
115000164,410,346,64
115000165,260,665,-405
115000167,148,100,48
115000168,725,515,210
115000169,453,822,-369
115000170,36,130,-94
115000171,275,346,-71
115000172,695,599,96
115000173,333,2147,-1814
115000174,72,519,-447
115000175,190,142,48
115000176,73,211,-138
115000177,28,285,-257
115000178,5,183,-178
115000179,113,208,-95
115000180,388,200,188
115000181,2121,150,1971
115000182,2345,229,2116
115000183,812,443,369
115000186,852,136,716
115000187,371,221,150
115000188,551,343,208
115000189,527,837,-310
115000190,759,1107,-348
115000191,284,1251,-967
115000194,199,76,123
115000195,284,550,-266
115000196,808,704,104
115000197,639,487,152
115000198,1368,333,1035
115000199,1656,80,1576
115000200,1091,152,939
115000201,588,649,-61
115000206,982,50,932
115000207,1367,400,967
115000208,506,1172,-666
115000209,1264,930,334
115000210,558,295,263
115000211,523,232,291
115000212,1013,271,742
115000218,11,162,-151
115000219,20,38,-18
115000224,236,17,219
115000225,181,43,138
115000229,118,35,83
115000230,215,198,17
115000231,706,524,182
115000232,5650,385,5265
115000233,229,159,70
115000234,39,186,-147
115000241,252,38,214
115000242,575,32,543
115000243,564,39,525
115000244,6,150,-144
115000246,60,52,8
115000247,43,106,-63
115000248,54,8,46
115000249,20,40,-20
115000250,396,11,385
115000251,715,54,661
115000252,211,321,-110
115000253,54,991,-937
115000258,822,59,763
115000259,291,42,249
115000261,107,33,74
115000262,38,95,-57
115000263,36,89,-53
115000264,4,21,-17
115000267,12,35,-23
115000268,22,34,-12
115000269,106,9,97
115000270,3,159,-156
115000272,211,58,153
115000273,1498,13,1485
115000274,807,14,793
115000280,1016,417,599
115000281,204,1124,-920
115000282,780,2630,-1850
115000284,111,267,-156
115000296,457,9,448
115000297,60,352,-292
115000298,62,884,-822
115000300,491,52,439
115000302,1161,307,854
115000303,2026,50,1976
115000304,2146,174,1972
115000305,236,205,31
115000306,649,209,440
115000307,428,330,98
115000308,27,60,-33
115000310,5089,243,4846
115000311,2925,695,2230
115000313,397,120,277
115000314,1065,536,529
115000315,371,1474,-1103
115000316,113,318,-205
115000317,437,463,-26
115000318,2145,620,1525
115000319,247,80,167
115000320,13,615,-602
115000321,789,16,773
115000322,170,66,104
115000449,131,197,-66
115000557,21,4812,-4791
115000558,57,102,-45
115000587,1733,289,1444
115000588,2435,3106,-671
115000589,6922,3456,3466
115000590,1055,2936,-1881
115000591,2284,1269,1015
115000592,766,1243,-477
115000593,2674,772,1902
115000594,264,1879,-1615
115000609,224,52,172
115000617,412,4136,-3724
115000624,487,23,464
115000633,678,1778,-1100
115000634,4346,759,3587
115000635,1291,129,1162
115000638,136,344,-208
115000641,81,443,-362
115000642,599,248,351
115000643,437,212,225
115000644,284,235,49
115000646,855,2553,-1698
115000647,466,519,-53
115000648,6344,543,5801
115000893,1595,759,836
115000894,273,627,-354
115000895,498,630,-132
115000896,1619,345,1274
115000897,556,110,446
115000898,898,406,492
115000899,284,1721,-1437
115000900,48,278,-230
115000901,81,199,-118
115000912,1115,134,981
115000913,42,12,30
115000915,12,0,12
115000916,8,9,-1
115000917,0,74,-74
115000918,148,1831,-1683
115000919,32,94,-62
115000920,22,69,-47
115000921,321,103,218
115000922,270,626,-356
115000923,30,1284,-1254
115000925,306,259,47
115000927,56,148,-92
115000933,22,167,-145
115900001,575,6,569
115900002,105,46,59
115900003,555,118,437
115900004,0,5,-5
115900005,698,35,663
115900006,476,145,331
115900008,386,4,382
115900009,126,59,67
115900010,1423,111,1312
115900011,639,69,570
115900012,551,4,547
115900013,761,78,683
115900014,193,42,151
115900015,487,24,463
115900016,246,50,196
115900017,215,70,145
115900018,228,57,171
115900019,167,8,159
115900020,652,1,651
115900021,450,2011,-1561
115900022,455,19,436
115900023,6,23,-17
115900025,23,351,-328
115900026,1487,63,1424
115900027,0,105,-105
115900028,163,30,133
115900029,18,125,-107
115900030,109,10,99
115900031,70,307,-237
115900032,706,740,-34
115900033,0,45,-45
115900034,10,89,-79
115900035,74,10,64
115900036,31,5910,-5879
115900037,45,111,-66
115900038,70,7,63
115900039,782,92,690
115900041,181,1815,-1634
115900042,86,3,83
115900043,405,62,343
115900044,219,1327,-1108
115900046,1566,74,1492
115900047,54,270,-216
115900049,527,201,326
115900051,2,29,-27
115900052,88,49,39
115900053,1254,77,1177
115900054,872,15,857
115900055,22,61,-39
115900056,907,51,856
115900057,1,23,-22
115900058,5,16,-11
115900060,91,42,49
115900061,771,8,763
115900062,106,46,60
115900063,14,1,13
115900064,190,333,-143
115900065,483,67,416
115900066,50,26,24
115900067,19,53,-34
115900068,1952,3044,-1092
115900069,25,337,-312
115900070,809,36,773
115900071,1,117,-116
115900072,16,69,-53
115900073,411,208,203
115900074,1,62,-61
115900075,124,86,38
115900076,2,21,-19
115900077,1,35,-34
115900078,86,1658,-1572
115900079,1055,12,1043
115900080,154,69,85
115900081,81,11,70
115900082,252,1220,-968
115900084,1867,20,1847
115900085,68,55,13
115900086,1063,463,600
115900088,0,178,-178
115900089,982,189,793
115900090,1822,5,1817
115900091,45,22,23
115900092,100,29,71
115900093,5,17,-12
115900094,2,52,-50
115900096,6,8,-2
115900097,16,53,-37
115900098,883,146,737
115900099,254,607,-353
115900100,32,140,-108
115900101,747,79,668
115900102,241,116,125
115900103,637,90,547
115900104,160,95,65
115900105,520,63,457
115900106,265,6,259
115900107,168,67,101
115900108,405,5,400
115900109,21,164,-143
115900110,33,0,33
115900111,1,30,-29
115900112,92,228,-136
115900113,88,10,78
115900114,25,40,-15
115900115,196,60,136
115900116,343,370,-27
115900117,278,5,273
115900118,9,89,-80
115900119,456,40,416
115900120,93,96,-3
115900121,563,48,515
115900124,195,1528,-1333
115900125,912,374,538
115900126,2282,92,2190
115900127,2175,102,2073
115900128,3,141,-138
115900129,1296,39,1257
115900130,7,289,-282
115900131,1203,263,940
115900132,1566,35,1531
115900134,1116,25,1091
115900135,275,549,-274
115900137,19,5,14
115900139,35,516,-481
115900140,1058,48,1010
115900141,3,190,-187
115900142,21,49,-28
115900143,459,106,353
115900144,360,135,225
115900146,36,50,-14
115900147,275,491,-216
115900148,27,28,-1
115900149,566,7,559
115900150,246,11,235
115900151,111,94,17
115900152,439,107,332
115900153,249,187,62
115900154,194,273,-79
115900155,0,17,-17
115900156,933,728,205
115900157,623,519,104
115900158,38,1,37
115900159,715,82,633
115900160,1,2,-1
115900161,33,24,9
115900163,737,32,705
115900164,2189,18,2171
115900165,4,597,-593
115900166,167,42,125
115900168,875,81,794
115900171,178,94,84
115900172,53,99,-46
115900173,538,122,416
115900174,78,110,-32
115900175,504,92,412
115900178,30,121,-91
115900179,1027,6,1021
115900180,69,64,5
115900181,648,83,565
115900182,1461,72,1389
115900183,49,1101,-1052
115900184,508,5,503
115900187,5,224,-219
115900189,0,297,-297
115900190,133,937,-804
115900191,7,113,-106
115900192,36,154,-118
115900193,146,974,-828
115900194,2347,44,2303
115900195,724,5763,-5039
115900198,1130,690,440
115900199,666,74,592
115900200,439,89,350
115900201,363,262,101
115900202,0,536,-536
115900203,0,1,-1
115900204,0,30,-30
115900205,2,12,-10
115900206,1064,79,985
115900207,97,9,88
115900208,308,53,255
115900209,8,101,-93
115900210,18,1691,-1673
115900211,2,231,-229
115900212,492,72,420
115900213,93,323,-230
115900214,1603,45,1558
115900215,43,385,-342
115900216,1,24,-23
115900217,1,12,-11
115900218,0,28,-28
115900219,371,12,359
115900220,663,9,654
115900221,309,7,302
115900222,172,86,86
115900223,10,772,-762
115900224,1158,4203,-3045
115900225,115,95,20
115900226,2,13,-11
115900227,26,12,14
115900228,0,37,-37
115900229,6,5,1
115900230,221,29,192
115900231,357,3,354
115900232,244,2,242
115900233,413,16,397
115900234,97,52,45
115900235,64,34,30
115900236,33,882,-849
115900237,34,74,-40
115900238,18,44,-26
115900239,36,43,-7
115900240,18,34,-16
115900241,627,22,605
115900242,277,1086,-809
115900243,265,21,244
115900244,217,12,205
115900245,1,13,-12
115900246,1,2,-1
115900247,0,1,-1
115900248,3,0,3
115900249,17,0,17
115900250,101,3,98
115900251,25,1,24
115900252,37,0,37
115900253,65,13,52
115900254,7,38,-31
115900255,1,85,-84
115900256,18,152,-134
115900257,0,2,-2
115900258,0,5,-5
115900259,108,16,92
115900260,32,0,32
115900261,63,0,63
115900262,10,0,10
115900263,52,0,52
115900264,146,1,145
115900265,30,11,19
115900266,6,7,-1
115900267,5,44,-39
115900268,4,381,-377
115900269,2006,68,1938
115900270,989,88,901
116000001,4567,1391,3176
116000002,6716,24064,-17348
116000003,1266,895,371
116000004,6413,8775,-2362
116000005,1003,3213,-2210
116000006,3242,8781,-5539
116000007,1922,1838,84
116000008,7922,3721,4201
116000009,1282,830,452
116000010,5447,3794,1653
116000011,1178,908,270
116000012,3121,1875,1246
116000013,4102,2194,1908
116000014,9176,35352,-26176
116000015,155,3116,-2961
116000016,4071,10788,-6717
116000017,111,719,-608
116000018,530,258,272
116000019,2369,122,2247
116000020,489,937,-448
116000021,2241,146,2095
116000022,793,405,388
116000023,3553,2089,1464
116000024,837,801,36
116000025,1711,1030,681
116000026,1687,3182,-1495
116000027,844,1031,-187
116000028,719,917,-198
116000029,415,234,181
116000030,920,537,383
116000031,53,86,-33
116000032,170,74,96
116000033,643,118,525
116000034,630,377,253
116000035,429,343,86
116000036,398,2360,-1962
116000037,184,758,-574
116000038,124,824,-700
116000039,201,862,-661
116000040,633,870,-237
116000041,129,577,-448
116000042,1603,753,850
116000043,287,743,-456
116000044,5,18,-13
116000045,1660,1799,-139
116000046,899,1207,-308
116000047,2294,2764,-470
116000048,3687,1673,2014
116000049,2771,2081,690
116000050,1686,1107,579
116000051,4053,2454,1599
116000052,3725,2293,1432
116000053,3553,672,2881
116000054,1274,2337,-1063
116000055,1220,1080,140
116000056,2384,1309,1075
116000057,2463,949,1514
116000058,4415,3147,1268
116000059,3336,6152,-2816
116000060,2538,1732,806
116000061,157,1906,-1749
116000062,1169,275,894
116000063,886,2542,-1656
116000066,917,850,67
116000067,314,343,-29
116000068,173,290,-117
116000069,305,207,98
116000078,932,1180,-248
116000080,1573,398,1175
116000082,2,20,-18
116000083,3072,325,2747
116000084,2316,1392,924
116000085,2096,2848,-752
116000086,1137,384,753
116000087,5062,1948,3114
116000088,3392,916,2476
116000089,275,142,133
116000090,370,152,218
116000091,311,732,-421
116000093,1293,281,1012
116000094,1941,869,1072
116000095,1532,372,1160
116000096,4232,7783,-3551
116000097,2248,563,1685
116000098,43,20288,-20245
116000099,12143,300,11843
116000100,595,37,558
116000101,3772,308,3464
116000102,575,626,-51
116000103,861,716,145
116000104,398,1630,-1232
116000105,3360,239,3121
116000106,1050,7118,-6068
116000107,5472,1448,4024
116000108,107,5377,-5270
116000111,378,26,352
116000113,307,59,248
116000114,39,84,-45
116000115,550,176,374
116000116,599,154,445
116000117,2881,1387,1494
116000118,2698,724,1974
116000119,7893,1566,6327
116000120,3109,1855,1254
116000121,2156,393,1763
116000122,1258,560,698
116000123,2831,674,2157
116000124,1250,297,953
116000125,6052,577,5475
116000126,773,401,372
116000127,1623,580,1043
116000128,4419,829,3590
116000129,2720,69,2651
116000130,1816,927,889
116000133,4801,597,4204
116000134,2434,614,1820
116000135,5358,802,4556
116000136,1267,1119,148
116000137,1719,730,989
116000138,1110,385,725
116000139,3077,3699,-622
116000140,463,613,-150
116000141,1448,512,936
116000142,4521,2400,2121
116000143,3276,2750,526
116000144,3624,1648,1976
116000145,5380,874,4506
116000146,1822,186,1636
116000147,501,321,180
116000148,1824,1480,344
116000149,720,519,201
116000151,1288,765,523
116000153,210,672,-462
116000155,351,598,-247
116000156,1723,690,1033
116000157,151,12,139
116000158,443,162,281
116000159,10,19,-9
116000160,124,45,79
116000161,22,98,-76
116000162,58,533,-475
116000163,143,12,131
116000164,50,9,41
116000177,158,4057,-3899
116000194,83,330,-247
116000195,5022,618,4404
116000196,238,111,127
116000197,181,73,108
116000198,2840,1309,1531
116000200,855,1394,-539
116000201,1077,428,649
116000202,14,767,-753
116000203,6,35,-29
116000204,2,23,-21
116000205,0,135,-135
116000206,1,752,-751
116000207,22,569,-547
116000233,178,263,-85
116000287,724,117,607
116000288,840,269,571
116000292,252,180,72
116000296,52,152,-100
116000297,225,10,215
116000304,1060,5,1055
116000305,3,248,-245
116000346,721,155,566
116000352,241,85,156
116000354,75,30,45
116000357,13,50,-37
116000358,1073,334,739
116000361,8,2,6
116000372,3779,10907,-7128
116000381,483,4,479
116000388,12,73,-61
116000389,1419,141,1278
116000445,3032,234,2798
116000446,1671,116,1555
116000447,52,925,-873
116000448,706,57,649
116000563,724,1058,-334
116000565,269,245,24
116000568,123,1039,-916
116000579,144,193,-49
116000584,130,4,126
116000585,202,74,128
116000586,58,163,-105
116000587,382,138,244
116000589,263,90,173
116000590,362,103,259
116000591,535,183,352
116000592,21,36,-15
116000593,0,27,-27
116000594,3878,191,3687
116000595,1841,55,1786
116000596,601,11,590
116000597,1599,485,1114
116000598,414,170,244
116000602,14,1599,-1585
116000605,338,60,278
116000606,100,426,-326
116000607,0,84,-84
116000609,76,2694,-2618
116000611,553,158,395
116000612,3028,3305,-277
116000613,1298,379,919
116000614,1093,165,928
116000615,45,439,-394
116000616,189,61,128
116000617,368,4,364
116000618,7,44,-37
116000619,38,248,-210
116000620,811,243,568
116000621,198,75,123
116000622,183,106,77
116000624,108,801,-693
116000628,1,26,-25
116000629,2,102,-100
116000630,597,14,583
116000631,312,6,306
116000632,1144,49,1095
116000633,4,133,-129
116000634,699,5,694
116900001,258,92,166
116900002,369,3,366
116900003,229,4,225
116900004,76,230,-154
116900005,682,42,640
116900006,104,516,-412
116900007,116,157,-41
116900008,1722,108,1614
116900009,21,62,-41
116900010,28,356,-328
116900011,7,22,-15
116900012,182,503,-321
116900013,9,93,-84
116900014,447,18,429
116900015,1661,74,1587
116900016,680,7,673
116900017,0,222,-222
116900018,201,152,49
116900019,1,132,-131
116900020,534,3644,-3110
116900023,53,33,20
116900024,2139,28,2111
116900025,3284,485,2799
116900026,47,250,-203
116900027,216,26,190
116900028,0,28,-28
116900029,1,271,-270
116900031,6,9,-3
116900032,2,82,-80
116900033,49,5,44
116900034,22,16,6
116900035,291,92,199
116900036,9,139,-130
116900038,16,5,11
116900041,506,7,499
116900042,294,181,113
116900043,61,48,13
116900045,226,86,140
116900047,77,593,-516
116900049,55,177,-122
116900050,55,141,-86
116900051,882,42,840
116900052,382,216,166
116900055,1,45,-44
116900057,30,96,-66
116900058,29,136,-107
116900059,8,38,-30
116900060,339,238,101
116900062,9,406,-397
116900064,198,111,87
116900065,7,68,-61
116900067,202,14,188
116900068,231,126,105
116900070,8,8,0
116900072,128,78,50
116900073,29,95,-66
116900074,0,41,-41
116900076,41,339,-298
116900077,12,35,-23
116900078,238,27,211
116900079,126,75,51
116900080,0,41,-41
116900081,206,577,-371
116900082,253,1231,-978
116900083,18,4,14
116900084,113,22,91
116900085,2,58,-56
116900086,14,177,-163
116900088,437,11,426
116900090,13,10,3
116900091,1304,24,1280
116900092,154,239,-85
116900093,2338,1885,453
116900094,4687,10681,-5994
116900095,554,148,406
116900096,251,848,-597
116900097,1483,8124,-6641
116900098,474,232,242
116900099,310,418,-108
116900100,3307,212,3095
116900101,206,575,-369
116900103,2,0,2
116900104,14,205,-191
116900105,911,482,429
116900106,8504,103,8401
116900107,1236,5820,-4584
116900110,64,0,64
116900111,1913,420,1493
116900112,623,323,300
116900113,1285,3019,-1734
116900116,18,530,-512
116900117,615,1075,-460
116900118,797,1610,-813
116900120,976,89,887
116900121,552,18,534
116900122,2995,902,2093
116900123,1411,521,890
116900124,150,204,-54
116900125,1294,44,1250
116900126,113,1688,-1575
116900128,0,11,-11
116900129,2,356,-354
116900130,943,10127,-9184
116900131,106,404,-298
116900132,243,141,102
116900133,658,163,495
116900134,518,132,386
116900136,346,1157,-811
116900137,256,271,-15
116900138,160,75,85
116900139,68,140,-72
116900140,205,39,166
116900141,982,60,922
116900142,24,63,-39
116900143,1888,237,1651
116900144,163,31,132
116900145,311,161,150
116900147,249,1113,-864
116900148,6,17,-11
116900149,61,284,-223
116900150,25,0,25
116900151,34,6,28
116900153,304,192,112
116900154,368,1129,-761
116900155,157,157,0
116900157,2280,72,2208
116900158,223,492,-269
116900159,145,536,-391
116900160,1418,773,645
116900161,3524,19005,-15481
116900162,39,108,-69
116900163,767,57,710
116900164,145,53,92
116900165,1066,390,676
116900166,240,96,144
116900167,1271,16,1255
116900168,1591,13,1578
116900169,138,888,-750
116900170,1102,395,707
116900171,132,146,-14
116900172,143,1249,-1106
116900173,1307,9,1298
116900174,70,170,-100
116900175,822,376,446
116900178,113,89,24
116900179,64,928,-864
116900180,174,1,173
116900182,1404,190,1214
116900183,361,174,187
116900185,71,8,63
116900186,283,94,189
116900187,85,132,-47
116900188,426,7,419
116900189,48,1,47
116900191,152,112,40
116900192,901,241,660
116900194,149,2495,-2346
116900195,54,7,47
116900196,51,37,14
116900197,367,14,353
116900198,51,1376,-1325
116900200,275,2,273
116900201,792,17,775
116900202,87,24,63
116900203,523,6,517
116900204,64,644,-580
116900206,29,2,27
116900207,26,38,-12
116900208,3,57,-54
116900209,38,25,13
116900210,503,221,282
116900211,394,17,377
116900212,386,4,382
116900213,260,96,164
116900214,668,195,473
116900215,92,37,55
116900216,473,163,310
116900218,1,221,-220
116900219,1028,110,918
116900220,140,224,-84
116900221,298,336,-38
116900222,465,244,221
116900223,49,50,-1
116900226,611,24,587
116900227,667,36,631
116900228,794,107,687
116900230,119,75,44
116900231,154,170,-16
116900232,80,262,-182
116900233,982,138,844
116900234,70,12,58
116900235,202,154,48
116900238,449,160,289
116900239,78,2163,-2085
116900240,4158,6928,-2770
116900241,432,143,289
116900242,1234,2051,-817
116900243,2,77,-75
116900245,68,127,-59
116900246,236,13,223
116900247,2051,47,2004
116900248,135,27,108
116900249,1787,116,1671
116900250,1054,138,916
116900251,405,3060,-2655
116900252,770,696,74
116900253,335,49,286
116900254,121,183,-62
116900255,244,321,-77
116900256,1161,315,846
116900257,137,953,-816
116900258,10,37,-27
116900259,710,47,663
116900260,0,17,-17
116900261,73,0,73
116900262,198,232,-34
116900263,0,18,-18
116900264,2,11,-9
116900265,209,0,209
116900266,33,6,27
116900267,14,0,14
116900268,33,507,-474
116900269,428,1051,-623
116900271,618,1615,-997
116900272,369,308,61
116900273,74,200,-126
116900274,305,33,272
116900275,695,86,609
116900276,321,799,-478
116900277,260,192,68
116900278,4,3,1
116900279,6,12,-6
116900280,183,21,162
116900281,2716,15670,-12954
116900282,3,42,-39
116900283,0,18,-18
116900284,12,80,-68
116900285,98,852,-754
116900286,139,1,138
116900287,2,24,-22
116900288,291,36,255
116900289,129,1,128
116900290,12,0,12
116900291,55,26,29
116900292,1,24,-23
116900293,279,4,275
116900294,26,106,-80
116900295,230,181,49
116900296,36,100,-64
116900297,2,33,-31
116900298,26,40,-14
116900299,0,78,-78
116900300,0,92,-92
116900301,26,205,-179
116900302,473,710,-237
116900303,239,282,-43
116900304,0,311,-311
116900305,11,47,-36
116900306,907,112,795
117000001,4808,4535,273
117000002,2934,3584,-650
117000003,7509,2483,5026
117000004,2816,3907,-1091
117000005,5509,2146,3363
117000006,1667,1975,-308
117000007,11057,1395,9662
117000008,1758,2561,-803
117000009,6183,1828,4355
117000010,1262,2353,-1091
117000011,6247,2136,4111
117000012,2831,1957,874
117000013,4274,1531,2743
117000014,2276,2849,-573
117000015,6030,2311,3719
117000016,393,389,4
117000017,75,356,-281
117000018,134,1796,-1662
117000019,71,0,71
117000020,426,4764,-4338
117000021,1528,395,1133
117000022,138,541,-403
117000023,100,524,-424
117000024,252,856,-604
117000025,274,3473,-3199
117000026,2384,3887,-1503
117000027,422,1396,-974
117000028,636,1386,-750
117000030,107,121,-14
117000032,1690,1556,134
117000033,2856,2382,474
117000034,390,42,348
117000036,738,77,661
117000038,384,231,153
117000039,25,89,-64
117000040,26,454,-428
117000041,3061,80,2981
117000044,6,377,-371
117000045,1946,815,1131
117000046,240,894,-654
117000047,828,1200,-372
117000048,1499,899,600
117000049,66,1320,-1254
117000050,1424,2944,-1520
117000051,5692,156,5536
117000052,195,178,17
117000053,2970,20,2950
117000054,3029,6,3023
117000055,0,862,-862
117000056,967,36,931
117000057,1953,2195,-242
117000060,527,830,-303
117000061,4308,2374,1934
117000062,237,663,-426
117000063,2461,853,1608
117000064,561,525,36
117000066,363,579,-216
117000067,156,755,-599
117000074,18,257,-239
117000076,53,108,-55
117000077,253,423,-170
117000078,115,1694,-1579
117000079,532,212,320
117000080,1,529,-528
117000081,1005,278,727
117000082,47,179,-132
117000083,95,39,56
117000084,289,1,288
117000085,868,2451,-1583
117000086,1018,817,201
117000087,142,874,-732
117000088,849,215,634
117000089,5820,269,5551
117000090,700,560,140
117000091,3255,169,3086
117000092,949,507,442
117000093,4709,252,4457
117000094,1747,635,1112
117000095,6744,325,6419
117000096,1695,724,971
117000097,4880,700,4180
117000098,3312,1339,1973
117000099,9437,942,8495
117000100,463,338,125
117000101,362,474,-112
117000102,3863,383,3480
117000103,961,701,260
117000104,3651,362,3289
117000105,998,842,156
117000106,4194,310,3884
117000107,1068,928,140
117000108,4831,1211,3620
117000109,880,1465,-585
117000110,2563,2848,-285
117000111,6248,4694,1554
117000112,7686,1132,6554
117000113,190,88,102
117000114,828,1562,-734
117000115,140,48,92
117000116,350,605,-255
117000117,2148,1267,881
117000118,799,528,271
117000119,240,520,-280
117000120,30,706,-676
117000121,9,1112,-1103
117000122,944,1918,-974
117000123,2478,59,2419
117000124,49,247,-198
117000125,65,555,-490
117000126,79,114,-35
117000127,251,894,-643
117000128,177,1348,-1171
117000129,115,237,-122
117000130,43,3,40
117000131,0,60,-60
117000132,10528,107,10421
117000133,7787,18,7769
117000134,0,94,-94
117000135,1,191,-190
117000136,0,20,-20
117000137,512,163,349
117000138,0,1002,-1002
117000140,740,634,106
117000141,3468,379,3089
117000181,373,116,257
117000182,2625,3338,-713
117000195,435,319,116
117000196,831,308,523
117000225,101,414,-313
117000226,2,296,-294
117000276,1204,57,1147
117000277,0,128,-128
117000310,1250,4618,-3368
117000315,249,1218,-969
117000320,90,0,90
117000906,1170,19,1151
117000907,28,81,-53
117000908,4,267,-263
117000909,192,177,15
117000910,419,179,240
117000911,61,244,-183
117000915,3,153,-150
117000916,113,24,89
117000917,2727,181,2546
117000918,336,374,-38
117000919,5,109,-104
117000920,9,3254,-3245
117000921,0,373,-373
117000922,121,30,91
117000924,2791,600,2191
117000926,617,232,385
117000927,277,795,-518
117000928,0,127,-127
117000929,957,119,838
117000930,1735,36,1699
117000931,173,96,77
117900002,227,1418,-1191
117900003,66,122,-56
117900005,3,274,-271
117900006,0,44,-44
117900007,506,87,419
117900008,0,14,-14
117900010,939,89,850
117900011,14,726,-712
117900012,301,80,221
117900013,2,1257,-1255
117900014,1323,100,1223
117900015,26,64,-38
117900016,1811,2273,-462
117900017,1683,210,1473
117900018,569,484,85
117900019,1931,183,1748
117900020,48,280,-232
117900021,85,136,-51
117900022,30,4,26
117900023,3133,144,2989
117900024,231,167,64
117900025,42,3,39
117900026,1052,300,752
117900028,149,20,129
117900029,1052,309,743
117900030,558,671,-113
117900031,632,476,156
117900032,1879,886,993
117900033,1137,343,794
117900034,124,36,88
117900035,673,1998,-1325
117900036,716,284,432
117900037,540,62,478
117900038,239,65,174
117900039,0,118,-118
117900040,821,56,765
117900041,0,23,-23
117900042,3638,972,2666
117900043,2,16,-14
117900044,129,8173,-8044
117900045,716,147,569
117900048,633,367,266
117900049,587,342,245
117900050,5,351,-346
117900051,118,81,37
117900052,141,1074,-933
117900053,3925,217,3708
117900054,0,14,-14
117900055,1215,356,859
117900056,58,55,3
117900057,2280,1186,1094
117900058,77,975,-898
117900059,185,240,-55
117900060,6357,2761,3596
117900061,3,487,-484
117900063,1196,331,865
117900065,481,1653,-1172
117900066,3,289,-286
117900067,1822,175,1647
117900069,2386,105,2281
117900070,11,428,-417
117900071,430,174,256
117900073,2240,122,2118
117900074,15,592,-577
117900075,313,128,185
117900076,4,145,-141
117900077,1655,102,1553
117900078,902,768,134
117900080,412,34,378
117900081,648,155,493
117900082,1619,341,1278
117900083,1929,574,1355
117900086,415,80,335
117900087,421,13,408
117900088,1157,899,258
117900089,5376,556,4820
117900090,1516,793,723
117900091,240,45,195
117900092,369,75,294
117900093,330,32,298
117900094,234,49,185
117900095,1428,492,936
117900096,433,467,-34
117900097,385,75,310
117900098,217,26,191
117900099,752,584,168
117900100,1979,5,1974
117900101,1375,4123,-2748
117900102,183,19,164
117900103,276,9,267
117900104,7,409,-402
117900105,88,336,-248
117900106,186,10,176
117900107,252,0,252
117900109,3149,900,2249
117900110,695,1,694
117900111,2630,237,2393
117900112,247,11,236
117900113,2424,4272,-1848
117900114,112,0,112
117900115,24,189,-165
117900116,2012,429,1583
117900117,1941,210,1731
117900118,506,8,498
117900119,693,6,687
117900120,1688,25,1663
117900121,206,39,167
117900122,1289,12175,-10886
117900123,1989,727,1262
117900124,419,2496,-2077
117900125,2496,1055,1441
117900126,209,220,-11
117900127,1684,650,1034
117900128,1092,397,695
117900129,461,0,461
117900130,1613,1764,-151
117900131,24,160,-136
117900132,22,39,-17
117900133,20,34,-14
117900134,215,224,-9
117900135,149,99,50
117900136,0,3,-3
117900137,289,119,170
117900138,0,4,-4
117900139,69,108,-39
117900140,5134,826,4308
117900141,44,292,-248
117900142,10,627,-617
117900144,13,609,-596
117900145,20,426,-406
117900146,24,707,-683
117900147,200,179,21
117900148,3107,5182,-2075
117900149,168,109,59
117900150,186,70,116
117900151,209,230,-21
117900152,73,122,-49
117900153,62,343,-281
117900154,1086,611,475
117900156,302,316,-14
117900157,157,460,-303
117900158,813,97,716
117900160,2056,956,1100
117900161,1474,561,913
117900162,1156,397,759
117900163,34,1330,-1296
117900165,0,5,-5
117900166,18,207,-189
117900168,174,192,-18
117900169,0,54,-54
117900170,1,74,-73
117900171,8,3,5
117900172,17,8,9
117900173,35,22,13
117900174,39,21,18
117900175,15,78,-63
117900176,56,3,53
117900177,101,7,94
117900178,264,57,207
117900180,350,42,308
117900181,142,1043,-901
117900182,2,137,-135
117900183,397,109,288
117900184,90,634,-544
117900185,87,41,46
117900186,80,6,74
117900187,57,7,50
117900188,573,138,435
117900189,312,103,209
117900190,58,1,57
117900191,328,0,328
117900192,1076,2,1074
117900193,18,12,6
117900194,39,2,37
117900195,39,484,-445
117900196,77,39,38
117900207,94,333,-239
117900208,150,61,89
117900209,365,109,256
117900210,189,45,144
117900211,0,35,-35
117900212,305,92,213
117900213,43,25,18
117900214,52,1,51
117900216,1,24,-23
117900217,141,267,-126
117900218,301,381,-80
117900219,5,296,-291
117900220,6,288,-282
117900221,4,24,-20
118000001,975,2017,-1042
118000002,749,1206,-457
118000003,2078,3865,-1787
118000004,1113,3410,-2297
118000005,4716,2733,1983
118000006,2506,3277,-771
118000007,7253,11889,-4636
118000008,1001,9074,-8073
118000009,1995,4700,-2705
118000010,4163,4374,-211
118000011,4828,1424,3404
118000012,1529,3430,-1901
118000013,2903,3467,-564
118000014,2172,1932,240
118000016,460,178,282
118000017,1117,494,623
118000018,521,199,322
118000019,1298,1927,-629
118000020,329,2057,-1728
118000021,552,2097,-1545
118000022,1251,517,734
118000023,569,332,237
118000024,640,695,-55
118000025,436,628,-192
118000027,8900,5853,3047
118000029,518,874,-356
118000032,472,2072,-1600
118000033,2355,4294,-1939
118000034,2830,2978,-148
118000035,2013,2272,-259
118000036,1451,1130,321
118000037,1119,1548,-429
118000038,1030,101,929
118000039,169,110,59
118000040,3506,1449,2057
118000041,5402,2070,3332
118000045,149,250,-101
118000046,698,1267,-569
118000047,675,3366,-2691
118000048,1744,3236,-1492
118000051,1071,3800,-2729
118000052,483,1318,-835
118000053,377,2008,-1631
118000054,4413,2301,2112
118000055,2470,1899,571
118000056,110,993,-883
118000057,142,1596,-1454
118000058,2239,8106,-5867
118000059,1386,4810,-3424
118000060,1975,1792,183
118000061,2367,1856,511
118000062,693,207,486
118000063,504,1078,-574
118000064,809,1674,-865
118000065,2552,2263,289
118000066,1389,2961,-1572
118000067,471,769,-298
118000068,929,12992,-12063
118000069,1367,1487,-120
118000070,9875,2965,6910
118000071,4967,15363,-10396
118000072,744,5371,-4627
118000073,409,2463,-2054
118000074,507,1364,-857
118000075,821,621,200
118000076,2136,10469,-8333
118000077,1396,1142,254
118000078,3081,2617,464
118000079,263,649,-386
118000080,446,653,-207
118000081,1651,1516,135
118000082,484,1128,-644
118000083,1272,1378,-106
118000084,1608,4711,-3103
118000086,163,955,-792
118000087,3912,2855,1057
118000088,1695,1852,-157
118000089,4308,4483,-175
118000090,1367,5081,-3714
118000091,1676,8322,-6646
118000092,928,745,183
118000093,149,863,-714
118000096,1006,449,557
118000097,1225,684,541
118000098,422,274,148
118000099,1174,266,908
118000101,3091,347,2744
118000102,565,409,156
118000107,2032,414,1618
118000108,903,10679,-9776
118000110,1,15,-14
118000111,0,97,-97
118000112,2927,33,2894
118000113,10,444,-434
118000114,2852,82,2770
118000115,20,21,-1
118000116,70,0,70
118000117,804,738,66
118000118,1955,1127,828
118000119,2275,1572,703
118000120,1608,1338,270
118000121,34,490,-456
118000122,419,272,147
118000123,51,236,-185
118000125,1000,1240,-240
118000126,1140,3313,-2173
118000127,1676,1167,509
118000128,463,2291,-1828
118000129,2217,1348,869
118000130,2133,3536,-1403
118000131,416,861,-445
118000132,3260,2968,292
118000133,2681,883,1798
118000135,1194,1255,-61
118000136,59,1074,-1015
118000137,528,155,373
118000138,776,316,460
118000139,839,191,648
118000140,5293,13602,-8309
118000141,4840,1924,2916
118000142,4608,2521,2087
118000143,4844,3045,1799
118000144,779,550,229
118000145,1705,1166,539
118000146,2069,228,1841
118000147,2003,680,1323
118000148,1423,1973,-550
118000149,962,524,438
118000150,1358,170,1188
118000151,1205,211,994
118000153,3166,649,2517
118000154,2803,866,1937
118000155,4069,1109,2960
118000156,2310,5352,-3042
118000157,879,444,435
118000158,294,684,-390
118000159,87,133,-46
118000160,1214,333,881
118000161,1049,271,778
118000162,2522,1125,1397
118000163,1860,1132,728
118000164,2674,1567,1107
118000168,690,2794,-2104
118000169,1252,903,349
118000170,3983,2587,1396
118000171,577,551,26
118000172,111,231,-120
118000173,1062,1383,-321
118000175,239,238,1
118000176,558,219,339
118000177,604,373,231
118000178,11,37,-26
118000179,693,696,-3
118000180,706,394,312
118000181,508,161,347
118000182,317,91,226
118000183,288,191,97
118000184,2512,386,2126
118000185,489,2896,-2407
118000186,489,1606,-1117
118000187,4206,322,3884
118000188,2187,88,2099
118000189,2688,198,2490
118000190,4,3,1
118000191,23,27,-4
118000192,5,121,-116
118000193,6,172,-166
118000194,2372,1565,807
118000195,279,3922,-3643
118000196,96,892,-796
118000197,113,386,-273
118000198,476,1977,-1501
118000199,355,1531,-1176
118000200,71,1123,-1052
118000201,157,1228,-1071
118000202,32,754,-722
118000203,322,2052,-1730
118000204,34,701,-667
118000205,53,384,-331
118000206,380,235,145
118000207,0,117,-117
118000208,2401,1890,511
118000209,3522,604,2918
118000210,505,19,486
118000211,360,60,300
118000213,447,4805,-4358
118000214,360,803,-443
118000215,519,139,380
118000216,13608,2393,11215
118000217,14,82,-68
118000218,194,55,139
118000219,326,316,10
118000220,122,33,89
118000221,2115,1733,382
118000222,178,1,177
118000223,126,48,78
118000224,112,78,34
118000225,391,844,-453
118000226,3055,213,2842
118000227,609,676,-67
118000228,145,353,-208
118000229,22,786,-764
118000230,263,150,113
118000231,48,162,-114
118000232,1180,170,1010
118000233,2737,445,2292
118000234,851,118,733
118000236,476,422,54
118000237,267,117,150
118000238,445,85,360
118000239,677,222,455
118000240,100,138,-38
118000241,740,110,630
118000242,1418,116,1302
118000243,431,158,273
118000244,148,40,108
118000246,2,64,-62
118000255,35,395,-360
118000256,282,142,140
118000259,52,142,-90
118000260,458,58,400
118000261,164,7,157
118000263,220,182,38
118000266,221,120,101
118000267,0,105,-105
118000268,471,22,449
118000270,369,6,363
118000271,450,108,342
118000272,73,38,35
118000273,860,41,819
118000274,120,169,-49
118000276,790,134,656
118000295,57,179,-122
118000298,142,152,-10
118000299,104,39,65
118000301,0,34,-34
118000302,154,6,148
118000311,2976,103,2873
118000312,776,92,684
118000313,205,57,148
118000314,263,21,242
118000315,190,34,156
118000316,1391,204,1187
118000325,198,7,191
118000326,93,57,36
118000331,149,10,139
118000332,34,7,27
118000333,152,46,106
118000335,1730,9,1721
118000336,0,199,-199
118000407,714,28,686
118000457,5,33,-28
118000465,734,3220,-2486
118000480,171,41,130
118000489,10,1023,-1013
118000490,6,183,-177
118000492,744,263,481
118000510,102,15,87
118000514,82,316,-234
118000515,1177,2608,-1431
118000517,453,192,261
118000524,255,629,-374
118000525,490,710,-220
118000530,12,161,-149
118000531,868,218,650
118000532,348,135,213
118000533,275,87,188
118000534,886,276,610
118000535,603,35,568
118000536,61,557,-496
118000537,43,112,-69
118000538,56,85,-29
118000539,53,184,-131
118000540,376,184,192
118000541,202,64,138
118000542,194,246,-52
118000543,663,221,442
118000546,130,10,120
118000560,658,4003,-3345
118000562,196,62,134
118000563,1829,2055,-226
118000576,266,33,233
118000577,298,242,56
118000578,97,21,76
118000579,504,3127,-2623
118000595,300,58,242
118000596,0,161,-161
118000597,295,92,203
118000598,17,2,15
118000599,281,34,247
118000600,0,29,-29
118000601,145,0,145
118000602,0,29,-29
118000603,0,12,-12
118900001,651,1835,-1184
118900002,894,1236,-342
118900003,1636,3,1633
118900004,357,54,303
118900005,90,7,83
118900006,419,3,416
118900007,2,0,2
118900008,974,14,960
118900009,191,241,-50
118900010,318,27,291
118900011,230,23,207
118900012,358,179,179
118900013,1533,1235,298
118900015,763,28,735
118900016,9,5,4
118900017,59,265,-206
118900018,1627,38,1589
118900019,2,4,-2
118900020,35,124,-89
118900021,259,742,-483
118900022,205,15,190
118900023,73,180,-107
118900024,241,213,28
118900025,53,279,-226
118900026,118,13,105
118900027,407,337,70
118900028,455,167,288
118900029,298,399,-101
118900030,1790,157,1633
118900031,271,33,238
118900032,402,75,327
118900033,476,876,-400
118900034,510,102,408
118900035,247,91,156
118900036,1784,342,1442
118900037,485,1111,-626
118900038,1043,40,1003
118900039,2001,566,1435
118900040,471,98,373
118900041,1390,115,1275
118900042,165,94,71
118900045,194,306,-112
118900046,294,217,77
118900047,215,556,-341
118900048,83,576,-493
118900049,89,20,69
118900050,199,5,194
118900051,132,102,30
118900052,393,569,-176
118900053,27,61,-34
118900054,209,94,115
118900055,345,16,329
118900056,42,245,-203
118900057,1112,815,297
118900058,944,536,408
118900059,42,76,-34
118900060,125,229,-104
118900062,440,73,367
118900064,123,956,-833
118900065,162,266,-104
118900066,205,80,125
118900067,2828,7074,-4246
118900068,25,696,-671
118900069,1132,131,1001
118900071,11,29,-18
118900072,853,1443,-590
118900073,659,45,614
118900074,257,61,196
118900075,594,7,587
118900076,329,44,285
118900077,936,123,813
118900078,8,0,8
118900079,58,81,-23
118900080,348,97,251
118900081,45,43,2
118900082,4061,296,3765
118900083,27,5,22
118900084,22,7,15
118900085,317,180,137
118900086,85,113,-28
118900087,237,1623,-1386
118900088,1,2,-1
118900089,16,13,3
118900090,317,73,244
118900091,256,302,-46
118900092,651,23,628
118900093,132,27,105
118900096,235,14,221
118900097,472,217,255
118900099,37,109,-72
118900100,42,121,-79
118900101,749,173,576
118900102,81,74,7
118900103,14,66,-52
118900104,1100,94,1006
118900105,249,75,174
118900107,110,60,50
118900108,194,168,26
118900109,125,226,-101
118900110,1710,2043,-333
118900111,1547,1006,541
118900112,571,333,238
118900113,242,430,-188
118900114,15,80,-65
118900115,323,225,98
118900116,200,65,135
118900117,219,47,172
118900118,799,132,667
118900119,340,159,181
118900120,78,202,-124
118900121,62,141,-79
118900122,0,883,-883
118900123,79,327,-248
118900124,246,274,-28
118900126,43,228,-185
118900129,486,67,419
118900130,62,87,-25
118900131,789,253,536
118900132,480,141,339
118900133,8,163,-155
118900135,313,105,208
118900136,420,173,247
118900137,5,124,-119
118900139,844,517,327
118900140,781,314,467
118900141,135,212,-77
118900144,256,113,143
118900145,5,343,-338
118900146,673,417,256
118900147,141,380,-239
118900148,41,45,-4
118900150,120,857,-737
118900152,759,293,466
118900157,43,127,-84
118900158,559,64,495
118900159,1,101,-100
118900161,79,32,47
118900163,64,37,27
118900164,1,27,-26
118900165,228,112,116
118900166,7,0,7
118900167,87,72,15
118900168,83,201,-118
118900169,439,167,272
118900170,947,65,882
118900171,178,27,151
118900174,40,45,-5
118900175,940,395,545
118900176,307,468,-161
118900177,170,17,153
118900178,133,65,68
118900179,9,22,-13
118900181,191,154,37
118900182,27,39,-12
118900183,24,363,-339
118900184,259,32,227
118900185,194,37,157
118900186,150,41,109
118900187,178,428,-250
118900188,526,228,298
118900189,56,628,-572
118900190,226,116,110
118900191,938,61,877
118900192,1301,52,1249
118900193,2685,16,2669
118900195,251,580,-329
118900196,52,99,-47
118900197,908,6,902
118900198,131,0,131
118900199,160,2,158
118900200,50,42,8
118900201,60,88,-28
118900202,1,30,-29
118900203,150,6,144
118900204,61,18,43
118900205,6,1,5
118900206,1,4,-3
119000001,2833,1814,1019
119000002,5223,3840,1383
119000003,9465,1105,8360
119000004,5688,2795,2893
119000005,3913,4891,-978
119000006,7321,3875,3446
119000007,6275,5749,526
119000008,2993,2595,398
119000009,3061,11021,-7960
119000010,5802,7761,-1959
119000011,2782,3959,-1177
119000012,1501,5606,-4105
119000013,4538,2005,2533
119000014,3674,3929,-255
119000019,516,289,227
119000020,5104,2331,2773
119000021,8824,4749,4075
119000022,2229,7066,-4837
119000023,190,460,-270
119000024,2219,33261,-31042
119000025,4518,1718,2800
119000026,24,613,-589
119000027,82,608,-526
119000028,2456,780,1676
119000029,30,187,-157
119000030,982,876,106
119000031,2193,875,1318
119000032,2053,1502,551
119000033,4204,970,3234
119000034,3100,684,2416
119000035,47,159,-112
119000036,5721,308,5413
119000037,3348,666,2682
119000038,489,322,167
119000039,1134,740,394
119000040,751,1207,-456
119000041,1441,2745,-1304
119000048,2761,1104,1657
119000049,5077,1673,3404
119000050,1265,4535,-3270
119000051,3739,2318,1421
119000052,3244,2582,662
119000053,3204,1382,1822
119000054,5526,988,4538
119000055,10141,1119,9022
119000056,6497,1316,5181
119000057,2917,514,2403
119000058,1979,740,1239
119000059,1020,604,416
119000060,3713,523,3190
119000061,1210,311,899
119000062,1399,623,776
119000063,1178,737,441
119000064,781,650,131
119000065,1698,3176,-1478
119000066,2457,1244,1213
119000067,2241,782,1459
119000068,3248,502,2746
119000069,3622,1059,2563
119000070,6889,323,6566
119000071,876,327,549
119000072,5596,2659,2937
119000073,6776,14273,-7497
119000074,3227,961,2266
119000075,8877,2311,6566
119000076,112,548,-436
119000077,1477,401,1076
119000078,908,306,602
119000079,270,321,-51
119000080,1271,235,1036
119000081,534,348,186
119000082,1677,223,1454
119000083,1096,514,582
119000084,646,374,272
119000085,752,131,621
119000086,592,815,-223
119000087,948,170,778
119000088,631,40,591
119000089,126,164,-38
119000090,181,79,102
119000091,77,258,-181
119000092,242,156,86
119000093,3871,1754,2117
119000094,7717,5657,2060
119000095,4802,2824,1978
119000097,1206,717,489
119000098,1601,9838,-8237
119000099,2223,634,1589
119000100,7059,3517,3542
119000101,5740,1687,4053
119000102,374,2228,-1854
119000103,1132,728,404
119000104,1405,571,834
119000105,1849,4512,-2663
119000106,732,466,266
119000107,2595,847,1748
119000108,1167,459,708
119000109,181,296,-115
119000110,254,235,19
119000111,71,772,-701
119000112,133,95,38
119000113,878,178,700
119000114,1937,2415,-478
119000115,75,161,-86
119000116,122,86,36
119000117,448,333,115
119000118,54,3,51
119000123,2167,2230,-63
119000124,2134,180,1954
119000125,9785,536,9249
119000126,2711,415,2296
119000127,1501,294,1207
119000128,33,2,31
119000131,1839,146,1693
119000132,2,0,2
119000133,14,10,4
119000134,841,1169,-328
119000135,394,149,245
119000136,663,45,618
119000137,629,92,537
119000138,1790,46,1744
119000139,207,76,131
119000140,540,441,99
119000284,1357,2063,-706
119000285,1714,872,842
119000286,4331,2681,1650
119000287,2569,3601,-1032
119000288,3409,890,2519
119000289,1833,1783,50
119000290,587,362,225
119000291,73,451,-378
119000293,285,229,56
119000294,32,52,-20
119000295,1968,251,1717
119000296,553,73,480
119000302,1409,1547,-138
119000303,16,168,-152
119000314,2874,19854,-16980
119000315,1,74,-73
119000316,356,56,300
119000317,288,77,211
119900001,119,2782,-2663
119900002,594,153,441
119900003,21,171,-150
119900004,161,4732,-4571
119900005,625,107,518
119900006,101,488,-387
119900007,474,336,138
119900008,38,900,-862
119900009,648,195,453
119900010,1183,331,852
119900011,18,559,-541
119900012,20,245,-225
119900013,1978,1263,715
119900014,851,85,766
119900015,708,98,610
119900016,190,87,103
119900017,57,73,-16
119900018,718,3603,-2885
119900019,121,7,114
119900020,184,96,88
119900021,242,59,183
119900022,121,3009,-2888
119900023,401,4677,-4276
119900025,898,30,868
119900026,790,80,710
119900027,3,22,-19
119900028,414,600,-186
119900029,4,3,1
119900030,1217,1449,-232
119900031,80,1606,-1526
119900033,1108,342,766
119900034,1869,22,1847
119900037,395,14,381
119900038,63,951,-888
119900039,183,9,174
119900040,299,55,244
119900041,559,14,545
119900042,110,1560,-1450
119900043,145,282,-137
119900044,174,1423,-1249
119900046,488,17,471
119900047,1495,470,1025
119900048,156,14,142
119900049,311,2,309
119900050,402,233,169
119900051,3731,21,3710
119900052,342,22,320
119900053,1009,331,678
119900054,875,9,866
119900055,2266,250,2016
119900057,862,23,839
119900058,957,13,944
119900059,205,20,185
119900060,533,51,482
119900061,1818,17,1801
119900062,381,13,368
119900063,65,107,-42
119900064,1662,217,1445
119900065,386,4,382
119900066,0,1,-1
119900067,181,638,-457
119900068,1873,1,1872
119900069,246,1,245
119900070,3291,14,3277
119900071,1959,41,1918
119900072,741,205,536
119900073,3599,120,3479
119900074,110,34,76
119900075,2384,1669,715
119900076,1417,289,1128
119900077,2458,321,2137
119900078,1220,1389,-169
119900079,1555,33,1522
119900080,624,217,407
119900081,900,19,881
119900082,4867,244,4623
119900083,743,138,605
119900084,934,322,612
119900085,88,13,75
119900086,291,173,118
119900087,337,565,-228
119900088,179,15,164
119900089,44,126,-82
119900090,107,6,101
119900091,60,149,-89
119900092,25,689,-664
119900093,1918,165,1753
119900094,17,246,-229
119900095,289,16,273
119900096,78,76,2
119900097,83,205,-122
119900098,66,13,53
119900099,22,81,-59
119900100,419,3110,-2691
119900101,102,743,-641
119900102,103,91,12
119900103,64,53,11
119900104,37,71,-34
119900105,806,1562,-756
119900106,16,82,-66
119900107,318,727,-409
119900108,3350,653,2697
119900109,27,71,-44
119900110,724,274,450
119900111,531,107,424
119900112,458,1314,-856
119900113,170,149,21
119900114,543,284,259
119900115,1301,218,1083
119900116,392,533,-141
119900117,591,218,373
119900118,282,165,117
119900119,731,144,587
119900120,532,217,315
119900121,1269,197,1072
119900122,169,64,105
119900123,164,146,18
119900124,585,240,345
119900125,128,61,67
119900126,1773,309,1464
119900127,722,249,473
119900128,1042,1831,-789
119900129,821,113,708
119900130,38,40,-2
119900131,77,53,24
119900132,28,47,-19
119900133,379,71,308
119900134,314,60,254
119900135,4,151,-147
119900136,180,126,54
119900138,263,181,82
119900139,23,1452,-1429
119900140,2,26,-24
119900141,31,1082,-1051
119900142,33,32,1
119900143,16,161,-145
119900144,691,192,499
119900145,56,273,-217
119900146,464,266,198
119900147,2,248,-246
119900148,650,26,624
119900149,403,12120,-11717
119900150,171,71,100
119900151,2466,1281,1185
119900152,408,64,344
119900153,474,56,418
119900154,65,139,-74
119900155,122,14,108
119900156,35,9,26
119900157,281,70,211
119900158,361,52,309
119900159,0,268,-268
119900160,12,55,-43
119900161,203,51,152
119900162,2504,743,1761
119900163,328,230,98
119900164,0,2,-2
119900165,242,31,211
119900166,150,19,131
119900167,2,29,-27
119900168,3218,198,3020
119900169,28,348,-320
119900170,407,156,251
119900171,1440,935,505
119900172,50,27,23
119900173,9,72,-63
119900174,0,88,-88
119900175,4365,264,4101
119900177,18,63,-45
119900178,1,91,-90
119900179,534,2085,-1551
119900180,2547,545,2002
119900181,29,64,-35
119900182,1,75,-74
119900183,128,352,-224
119900184,611,524,87
119900185,124,535,-411
119900186,10,2858,-2848
119900187,2,131,-129
119900188,229,363,-134
119900189,232,191,41
119900190,117,506,-389
119900191,162,273,-111
119900192,29,81,-52
119900193,1730,143,1587
119900194,68,50,18
119900195,5,99,-94
119900196,313,181,132
119900197,670,129,541
119900198,126,1112,-986
119900199,193,14,179
119900200,1183,2376,-1193
119900201,113,118,-5
119900202,44,457,-413
119900203,280,990,-710
119900204,603,178,425
119900205,2631,280,2351
119900206,741,720,21
119900208,675,86,589
119900209,853,3355,-2502
119900210,217,7,210
119900211,116,3,113
119900212,957,569,388
119900213,10,89,-79
119900214,191,38,153
119900215,114,9,105
119900216,42,11,31
119900217,12,2,10
119900218,6,400,-394
119900219,55,62,-7
119900220,3,16,-13
119900221,74,38,36
119900222,50,37,13
119900223,21,22,-1
119900224,17,5,12
119900225,331,38,293
119900226,187,3431,-3244
119900227,216,120,96
119900228,23,2788,-2765
119900229,82,149,-67
119900230,2406,228,2178
119900231,865,84,781
119900232,183,114,69
119900233,106,6,100
119900234,5,133,-128
119900235,7,29,-22
119900236,205,154,51
119900237,346,345,1
119900238,1,51,-50
119900240,346,52,294
119900241,470,195,275
119900242,2086,2052,34
119900244,771,1105,-334
119900245,322,199,123
119900246,226,478,-252
119900247,17,26,-9
119900248,25,873,-848
119900249,571,54,517
119900253,1756,384,1372
119900254,115,2667,-2552
119900255,180,521,-341
119900256,2006,251,1755
119900257,290,3,287
119900258,861,32,829
119900259,10,45,-35
119900260,421,8,413
119900261,947,2947,-2000
119900262,0,63,-63
119900263,2357,332,2025
119900264,416,31,385
119900265,1132,334,798
119900266,1238,199,1039
119900267,312,408,-96
119900268,370,71,299
119900269,2891,467,2424
119900271,195,129,66
119900272,183,115,68
119900275,346,31,315
119900276,192,5,187
119900277,12,4,8
119900278,718,46,672
119900279,195,343,-148
119900280,698,75,623
119900281,1,570,-569
119900282,22,108,-86
119900283,35,53,-18
119900284,46,108,-62
119900285,0,56,-56
119900286,2,4,-2
119900288,7,6,1
119900289,0,10,-10
119900290,35,1,34
119900291,9,33,-24
119900292,19,107,-88
119900293,29,44,-15
119900294,56,77,-21
119900295,13,15,-2
119900296,120,24,96
119900297,1,8,-7
119900298,5,5,0
119900299,687,235,452
119900300,1539,1000,539
119900301,102,143,-41
119900302,35,258,-223
119900303,825,1837,-1012
119900304,536,2,534
119900305,6,58,-52
119900306,34,2,32
119900307,93,80,13
119900308,15,28,-13
119900309,79,371,-292
119900310,824,140,684
119900311,411,41,370
119900312,194,45,149
119900313,325,367,-42
119900314,482,613,-131
119900315,4965,686,4279
119900318,50,138,-88
119900319,0,82,-82
119900320,630,142,488
119900321,593,34,559
120000001,11649,43354,-31705
120000002,4049,3148,901
120000003,2969,829,2140
120000004,3421,864,2557
120000005,3441,1153,2288
120000006,1905,862,1043
120000007,3403,6214,-2811
120000008,1710,647,1063
120000009,1488,990,498
120000010,3416,6529,-3113
120000011,1658,1490,168
120000012,2823,1096,1727
120000013,5543,2795,2748
120000014,1494,1426,68
120000015,3977,1409,2568
120000016,6206,2998,3208
120000017,7121,6395,726
120000018,4116,28855,-24739
120000019,1775,1621,154
120000020,2578,3972,-1394
120000021,2048,1165,883
120000022,3034,3304,-270
120000023,2301,1364,937
120000024,1589,1812,-223
120000025,4444,1731,2713
120000026,6053,1375,4678
120000027,3609,2124,1485
120000028,815,1880,-1065
120000029,1861,1301,560
120000030,291,1950,-1659
120000031,2609,6466,-3857
120000032,5151,2014,3137
120000033,5993,881,5112
120000034,7648,881,6767
120000035,7457,1137,6320
120000036,6078,6724,-646
120000037,800,2995,-2195
120000038,5525,2658,2867
120000039,848,3258,-2410
120000040,108,17234,-17126
120000041,911,2160,-1249
120000042,5693,1556,4137
120000043,10656,960,9696
120000044,13378,2166,11212
120000045,13925,694,13231
120000046,8949,7707,1242
120000047,869,19264,-18395
120000048,8040,3875,4165
120000049,7300,2294,5006
120000050,5728,4460,1268
120000051,3128,5964,-2836
120000052,7374,781,6593
120000053,3287,1220,2067
120000054,2809,2539,270
120000055,2338,2897,-559
120000056,5510,3567,1943
120000057,5452,3116,2336
120000058,2005,991,1014
120000059,24,2914,-2890
120000061,133,1286,-1153
120000062,161,154,7
120000063,716,2025,-1309
120000064,591,1171,-580
120000065,788,5202,-4414
120000066,299,191,108
120000067,72,174,-102
120000068,645,218,427
120000069,1715,253,1462
120000070,508,550,-42
120000071,2461,235,2226
120000072,3077,781,2296
120000073,2588,31,2557
120000074,352,124,228
120000075,2483,740,1743
120000076,6149,2068,4081
120000077,5553,550,5003
120000078,3367,1023,2344
120000079,358,161,197
120000080,56,199,-143
120000081,358,65,293
120000082,421,143,278
120000083,66,825,-759
120000084,485,410,75
120000085,622,1117,-495
120000086,290,190,100
120000087,392,236,156
120000088,1007,599,408
120000089,1497,212,1285
120000090,1288,421,867
120000091,2941,1802,1139
120000092,1639,325,1314
120000093,2096,434,1662
120000094,747,891,-144
120000095,1420,165,1255
120000096,669,306,363
120000098,1758,2642,-884
120000099,613,327,286
120000100,1246,531,715
120000101,1201,575,626
120000102,1438,1534,-96
120000103,2589,1299,1290
120000104,4645,525,4120
120000105,4737,193,4544
120000106,7371,453,6918
120000107,13458,864,12594
120000108,4689,176,4513
120000109,2660,68,2592
120000110,68,655,-587
120000111,229,530,-301
120000112,863,1125,-262
120000113,817,1982,-1165
120000114,747,732,15
120000115,572,619,-47
120000116,485,1172,-687
120000117,642,606,36
120000118,98,49,49
120000119,9,42,-33
120000120,304,414,-110
120000121,21,19,2
120000122,267,1601,-1334
120000123,2121,16270,-14149
120000124,633,419,214
120000125,2122,574,1548
120000126,670,1541,-871
120000127,976,896,80
120000128,2756,3611,-855
120000129,223,234,-11
120000130,1282,490,792
120000131,811,437,374
120000134,1042,168,874
120000135,2288,903,1385
120000137,631,238,393
120000138,4580,155,4425
120000139,821,455,366
120000140,4013,168,3845
120000141,851,2387,-1536
120000142,1743,2219,-476
120000143,0,32,-32
120000144,253,35,218
120000145,1515,1,1514
120000146,981,1123,-142
120000149,652,413,239
120000150,1660,17185,-15525
120000151,1283,310,973
120000152,3167,129,3038
120000153,2307,527,1780
120000154,1171,1005,166
120000155,512,602,-90
120000156,955,4188,-3233
120000157,2858,501,2357
120000158,2320,1005,1315
120000159,2896,1047,1849
120000160,2375,1446,929
120000161,6967,3527,3440
120000162,245,295,-50
120000163,2474,366,2108
120000164,2116,171,1945
120000165,2942,275,2667
120000166,3974,424,3550
120000167,144,244,-100
120000168,4,451,-447
120000169,16,1243,-1227
120000170,12,1050,-1038
120000171,2,452,-450
120000172,2,226,-224
120000173,105,566,-461
120000174,9,85,-76
120000175,13,48,-35
120000176,17,27,-10
120000177,461,90,371
120000178,8,39,-31
120000179,25,75,-50
120000180,11,135,-124
120000181,24,829,-805
120000182,14,594,-580
120000183,0,209,-209
120000184,67,780,-713
120000186,18,502,-484
120000187,6,566,-560
120000188,15,238,-223
120000190,42,22,20
120000191,57,38,19
120000192,74,12,62
120000193,37,5,32
120000195,9,0,9
120000196,19,8,11
120000197,5,14,-9
120000198,729,12,717
120000199,808,1,807
120000200,646,3,643
120000201,59,202,-143
120000202,6,53,-47
120000203,456,110,346
120000207,1,14,-13
120000208,17,40,-23
120000209,52,10,42
120000210,61,23,38
120000211,1281,12,1269
120000212,1018,1,1017
120000213,850,397,453
120000214,0,48,-48
120000215,10,34,-24
120000216,893,36,857
120000217,226,662,-436
120000218,33,380,-347
120000219,15,318,-303
120000220,2,734,-732
120000225,5530,14,5516
120000226,1339,34,1305
120000227,1633,268,1365
120000228,14535,7157,7378
120000230,874,31,843
120000231,4241,460,3781
120000233,1899,39,1860
120000235,907,488,419
120000236,4813,2,4811
120000237,3,694,-691
120000238,1,296,-295
120000241,1775,7810,-6035
120000412,1392,10,1382
120000413,1520,97,1423
120000414,749,7,742
120000415,0,24,-24
120000416,373,20,353
120000417,18,2011,-1993
120000418,857,16,841
120000419,21,32,-11
120000420,127,25,102
120000421,8600,4907,3693
120000422,100,5240,-5140
120000423,7,251,-244
120000424,937,33,904
120000436,80,2144,-2064
120000437,87,64,23
120000438,1570,286,1284
120000439,334,1048,-714
120000443,387,2,385
120000444,4135,535,3600
120000445,4163,1975,2188
120000446,1331,83,1248
120000447,1344,4,1340
120000449,551,14,537
120000450,4,123,-119
120000451,317,92,225
120000452,284,1,283
120000453,0,15,-15
120000454,71,199,-128
120000455,192,40,152
120000456,2196,8517,-6321
120000457,667,228,439
120000458,934,436,498
120000459,613,115,498
120000665,118,685,-567
120000668,117,1397,-1280
120000669,1037,81,956
120000670,43,513,-470
120000671,5301,1227,4074
120000672,52,447,-395
120900001,126,22,104
120900002,206,892,-686
120900003,217,13,204
120900004,38,277,-239
120900005,715,319,396
120900006,1731,134,1597
120900007,296,193,103
120900008,1211,559,652
120900009,251,6,245
120900010,1554,193,1361
120900011,10,103,-93
120900012,42,1746,-1704
120900013,514,102,412
120900014,1,179,-178
120900015,2342,179,2163
120900016,4073,56,4017
120900017,1987,164,1823
120900018,778,164,614
120900019,641,385,256
120900020,408,584,-176
120900021,593,112,481
120900022,5,77,-72
120900023,1064,1679,-615
120900024,1995,858,1137
120900025,1720,621,1099
120900026,251,94,157
120900027,486,28,458
120900028,1370,297,1073
120900029,24,1831,-1807
120900030,3504,488,3016
120900031,795,86,709
120900032,3615,409,3206
120900033,3195,197,2998
120900034,10,5269,-5259
120900035,354,51,303
120900037,973,29,944
120900038,123,990,-867
120900039,167,74,93
120900040,1029,17,1012
120900041,14,22,-8
120900042,1449,53,1396
120900043,373,99,274
120900044,8,783,-775
120900045,290,30,260
120900046,1817,5,1812
120900047,216,366,-150
120900048,392,42,350
120900049,1755,16,1739
120900050,627,6204,-5577
120900051,1218,81,1137
120900052,3266,7,3259
120900053,1358,66,1292
120900054,1307,199,1108
120900055,2033,105,1928
120900056,1612,85,1527
120900057,871,25,846
120900058,2030,12,2018
120900059,388,10,378
120900060,238,9,229
120900061,347,120,227
120900062,1029,0,1029
120900063,2612,35,2577
120900064,1938,12,1926
120900065,1482,7,1475
120900066,3728,798,2930
120900067,399,190,209
120900068,1369,2,1367
120900069,1343,44,1299
120900071,79,3,76
120900072,2615,38,2577
120900073,2115,48,2067
120900074,3535,142,3393
120900076,1592,1,1591
120900077,1351,449,902
120900078,2032,294,1738
120900079,3221,213,3008
120900080,2791,315,2476
120900081,3682,333,3349
120900082,1078,559,519
120900083,203,5,198
120900084,859,652,207
120900085,68,56,12
120900086,44,1563,-1519
120900087,781,252,529
120900088,293,1266,-973
120900089,4908,7385,-2477
120900090,552,6,546
120900091,140,1222,-1082
120900092,259,195,64
120900093,1062,149,913
120900094,358,143,215
120900095,442,12,430
120900096,203,147,56
120900097,999,286,713
120900098,42,111,-69
120900099,232,22,210
120900100,45,52,-7
120900101,38,106,-68
120900102,140,35,105
120900103,168,199,-31
120900104,10,43,-33
120900105,24,494,-470
120900106,309,151,158
120900107,229,98,131
120900108,21,238,-217
120900109,70,285,-215
120900110,5,165,-160
120900111,246,199,47
120900112,30,172,-142
120900113,20,845,-825
120900114,74,77,-3
120900115,119,257,-138
120900116,2279,121,2158
120900117,0,79,-79
120900118,40,3429,-3389
120900119,6201,1975,4226
120900120,209,214,-5
120900121,41,205,-164
120900122,2499,155,2344
120900123,8,49,-41
120900124,1,164,-163
120900125,10,446,-436
120900126,185,297,-112
120900127,28,116,-88
120900128,381,456,-75
120900129,52,145,-93
120900130,46,218,-172
120900131,42,98,-56
120900132,2964,181,2783
120900133,20,622,-602
120900134,88,183,-95
120900135,2,916,-914
120900136,45,102,-57
120900137,1051,74,977
120900138,1,124,-123
120900139,5,234,-229
120900140,3,134,-131
120900141,845,156,689
120900142,8,114,-106
120900143,13,221,-208
120900144,0,25,-25
120900145,235,3530,-3295
120900146,0,123,-123
120900147,0,2,-2
120900148,515,140,375
120900149,1,70,-69
120900150,185,125,60
120900151,0,99,-99
120900152,1,0,1
120900153,0,0,0
120900154,0,49,-49
120900155,542,270,272
120900156,784,130,654
120900157,0,0,0
120900158,115,194,-79
120900159,1,56,-55
120900160,48,558,-510
120900161,35,483,-448
120900162,26,425,-399
120900163,35,518,-483
120900164,0,31,-31
120900165,0,40,-40
120900166,65,603,-538
120900167,190,19,171
120900169,437,136,301
120900170,665,7239,-6574
120900171,399,80,319
120900172,23,961,-938
120900173,0,31,-31
120900174,23,114,-91
120900175,170,114,56
120900176,28,747,-719
120900177,5,4238,-4233
120900178,1,1526,-1525
120900179,113,107,6
120900180,39,158,-119
120900181,8,20,-12
120900182,38,71,-33
120900183,458,62,396
120900184,196,65,131
120900185,277,1304,-1027
120900186,1,132,-131
120900187,1668,856,812
120900188,910,26,884
120900189,29,6965,-6936
120900190,712,37,675
120900191,334,8,326
120900192,6364,26603,-20239
120900194,228,120,108
120900195,273,124,149
120900196,250,6,244
120900197,1217,102,1115
120900198,118,554,-436
120900199,454,1537,-1083
120900200,32,89,-57
120900201,166,61,105
120900202,0,93,-93
120900203,41,23,18
120900204,27,90,-63
120900205,563,24,539
120900206,127,109,18
121000001,987,1411,-424
121000002,2993,2517,476
121000003,5827,2067,3760
121000004,2233,4464,-2231
121000005,2824,3654,-830
121000006,2783,3376,-593
121000007,3819,4870,-1051
121000008,4832,6130,-1298
121000009,5849,9981,-4132
121000010,6179,8364,-2185
121000011,5843,7423,-1580
121000012,13435,5386,8049
121000013,6158,5244,914
121000014,5174,3368,1806
121000015,5513,7863,-2350
121000016,3951,4617,-666
121000017,5318,2191,3127
121000018,4609,1934,2675
121000019,9907,9286,621
121000020,8521,15321,-6800
121000021,2376,4729,-2353
121000022,3597,4737,-1140
121000023,3743,2382,1361
121000024,6729,9336,-2607
121000025,406,2278,-1872
121000026,236,144,92
121000027,1365,1436,-71
121000028,1019,699,320
121000029,1597,603,994
121000030,1091,485,606
121000031,415,547,-132
121000032,192,110,82
121000034,465,646,-181
121000035,154,200,-46
121000036,2167,1309,858
121000037,732,995,-263
121000038,428,1335,-907
121000039,172,474,-302
121000041,482,463,19
121000042,276,392,-116
121000043,448,651,-203
121000044,1042,1453,-411
121000045,1060,354,706
121000046,1939,934,1005
121000047,26,80,-54
121000049,1205,680,525
121000050,226,1702,-1476
121000051,1129,359,770
121000052,678,903,-225
121000053,368,241,127
121000054,40,602,-562
121000055,858,2660,-1802
121000056,909,2005,-1096
121000057,198,447,-249
121000058,277,61,216
121000059,4577,1014,3563
121000060,695,1105,-410
121000061,13,598,-585
121000062,101,678,-577
121000063,1069,1556,-487
121000064,670,760,-90
121000065,353,624,-271
121000066,463,377,86
121000067,434,969,-535
121000068,477,521,-44
121000069,207,1181,-974
121000070,1423,2062,-639
121000071,2726,1891,835
121000072,900,2408,-1508
121000073,1237,3740,-2503
121000074,72,920,-848
121000075,35,63,-28
121000076,491,273,218
121000077,141,151,-10
121000078,71,162,-91
121000080,2263,689,1574
121000081,3123,4385,-1262
121000082,138,166,-28
121000083,64,102,-38
121000084,167,242,-75
121000085,148,695,-547
121000086,1022,820,202
121000087,68,274,-206
121000088,1090,1148,-58
121000089,300,645,-345
121000090,301,371,-70
121000091,1530,796,734
121000092,372,43,329
121000093,610,158,452
121000094,598,1286,-688
121000095,313,803,-490
121000096,7053,1721,5332
121000097,564,2150,-1586
121000098,1454,458,996
121000099,1566,569,997
121000100,1981,170,1811
121000101,881,165,716
121000102,823,181,642
121000103,668,297,371
121000104,859,128,731
121000105,739,85,654
121000106,867,199,668
121000107,2317,2297,20
121000109,1309,914,395
121000110,207,686,-479
121000114,3450,1906,1544
121000115,1865,550,1315
121000116,434,677,-243
121000117,283,229,54
121000118,1965,241,1724
121000119,772,253,519
121000120,847,1484,-637
121000121,1147,1843,-696
121000123,1321,317,1004
121000126,135,346,-211
121000127,586,118,468
121000128,2708,147,2561
121000129,2735,250,2485
121000130,1679,1001,678
121000131,2864,1144,1720
121000132,1205,625,580
121000135,541,658,-117
121000136,780,1651,-871
121000137,799,572,227
121000138,467,3288,-2821
121000139,160,966,-806
121000141,224,208,16
121000142,709,429,280
121000143,116,10,106
121000144,608,978,-370
121000145,1224,759,465
121000146,1828,1144,684
121000147,2647,623,2024
121000148,1273,649,624
121000149,4380,2086,2294
121000152,387,674,-287
121000153,1602,487,1115
121000154,1856,538,1318
121000155,2748,1012,1736
121000156,472,834,-362
121000157,533,1191,-658
121000158,364,275,89
121000159,447,314,133
121000160,414,251,163
121000161,329,445,-116
121000162,311,98,213
121000165,1213,2475,-1262
121000166,87,333,-246
121000168,812,139,673
121000169,116,69,47
121000170,442,74,368
121000171,45,122,-77
121000172,1190,2231,-1041
121000173,1846,1940,-94
121000174,1421,667,754
121000175,3076,366,2710
121000176,755,181,574
121000177,1229,639,590
121000178,93,151,-58
121000179,55,407,-352
121000181,332,310,22
121000182,273,655,-382
121000183,53,422,-369
121000184,10,205,-195
121000185,17,366,-349
121000186,208,742,-534
121000187,467,300,167
121000188,594,46,548
121000192,1480,321,1159
121000193,1310,305,1005
121000194,1960,1877,83
121000195,402,1234,-832
121000196,479,400,79
121000197,116,913,-797
121000198,184,257,-73
121000199,287,245,42
121000200,1120,185,935
121000201,17,214,-197
121000202,317,3,314
121000203,1324,1135,189
121000204,5075,555,4520
121000205,240,395,-155
121000206,206,73,133
121000207,4430,1128,3302
121000208,20,363,-343
121000209,1442,111,1331
121000210,1884,365,1519
121000211,774,111,663
121000212,843,463,380
121000213,15537,4483,11054
121000214,1390,3773,-2383
121000215,821,1664,-843
121000216,547,1024,-477
121000217,5173,5495,-322
121000218,595,1881,-1286
121000219,2144,1068,1076
121000220,337,88,249
121000221,1011,714,297
121000222,8211,3288,4923
121000223,125,561,-436
121000224,139,520,-381
121000225,592,12797,-12205
121000226,882,3828,-2946
121000227,10,168,-158
121000228,48,655,-607
121000229,999,322,677
121000230,74,2635,-2561
121000231,3291,42,3249
121000232,451,280,171
121000233,1285,549,736
121000234,27,64,-37
121000235,170,241,-71
121000236,1,74,-73
121000237,12,89,-77
121000238,16,111,-95
121000239,232,20,212
121000240,2,108,-106
121000241,157,3,154
121000242,10,198,-188
121000243,259,56,203
121000244,0,59,-59
121000245,53,10,43
121000246,1,70,-69
121000247,194,6,188
121000248,337,241,96
121000249,144,174,-30
121000250,1039,935,104
121000251,36,185,-149
121000252,283,193,90
121000253,634,490,144
121000254,1421,319,1102
121000255,90,641,-551
121000256,487,511,-24
121000257,51,303,-252
121000258,66,420,-354
121000259,35,193,-158
121000260,25,125,-100
121000261,89,257,-168
121000262,1662,504,1158
121000263,837,1734,-897
121000271,1082,1987,-905
121000273,83,10,73
121000274,25,381,-356
121000275,1,30,-29
121000276,32,157,-125
121000278,167,19,148
121000279,99,110,-11
121000280,38,62,-24
121000289,850,19,831
121000290,1343,1274,69
121000294,819,33,786
121000297,391,1311,-920
121000299,150,5009,-4859
121000300,1990,808,1182
121000302,21,670,-649
121000303,1088,272,816
121000304,1129,53,1076
121000305,637,51,586
121000306,470,155,315
121000308,136,194,-58
121000309,261,318,-57
121000310,209,151,58
121000311,111,277,-166
121000312,629,461,168
121000313,241,293,-52
121000314,15,41,-26
121000315,11,87,-76
121000530,4121,1411,2710
121000531,3456,3093,363
121000532,6917,7879,-962
121000533,5426,2789,2637
121000918,49,120,-71
121000919,49,160,-111
121000938,80,181,-101
121000939,43,310,-267
121000956,3896,2554,1342
121000957,20,42,-22
121000958,3,135,-132
121000959,2630,299,2331
121000960,2626,1580,1046
121000961,903,36,867
121000962,187,253,-66
121000973,1,744,-743
121000976,27,106,-79
121000979,440,98,342
121000981,726,70,656
121000982,924,592,332
121000983,1170,115,1055
121000984,1,56,-55
121000985,2553,714,1839
121000986,2009,100,1909
121000987,708,466,242
121000988,2513,110,2403
121001302,293,116,177
121001308,1,23,-22
121001309,39,597,-558
121001313,379,156,223
121001314,2788,2967,-179
121001315,6450,4113,2337
121900001,300,888,-588
121900002,79,128,-49
121900003,947,6,941
121900004,44,693,-649
121900005,26,11,15
121900006,235,4,231
121900007,1908,2263,-355
121900008,44,113,-69
121900009,1669,27,1642
121900010,556,0,556
121900011,316,96,220
121900012,20,0,20
121900013,62,89,-27
121900014,3170,451,2719
121900015,134,96,38
121900016,9,19,-10
121900017,908,2149,-1241
121900018,1102,7,1095
121900019,1080,218,862
121900020,54,15,39
121900021,2323,32,2291
121900022,620,155,465
121900023,287,461,-174
121900024,619,31,588
121900025,1140,396,744
121900026,308,59,249
121900027,548,276,272
121900028,464,7,457
121900029,205,468,-263
121900030,641,452,189
121900031,1472,10936,-9464
121900032,217,97,120
121900033,183,171,12
121900034,341,185,156
121900035,6165,3466,2699
121900036,218,210,8
121900037,281,835,-554
121900038,45,33,12
121900039,338,40,298
121900040,94,92,2
121900041,34,188,-154
121900042,775,92,683
121900043,0,0,0
121900044,59,81,-22
121900046,343,149,194
121900047,242,58,184
121900048,130,52,78
121900050,26,177,-151
121900051,296,352,-56
121900052,214,21,193
121900053,632,477,155
121900054,663,3738,-3075
121900055,21,29,-8
121900058,640,184,456
121900059,480,147,333
121900060,204,604,-400
121900061,148,135,13
121900062,233,84,149
121900063,3395,344,3051
121900064,928,653,275
121900066,208,85,123
121900067,159,468,-309
121900069,148,202,-54
121900070,204,346,-142
121900071,1081,346,735
121900072,37,106,-69
121900073,297,178,119
121900074,419,655,-236
121900075,553,941,-388
121900076,651,1148,-497
121900077,55,23,32
121900078,220,173,47
121900079,0,0,0
121900080,1451,307,1144
121900082,73,113,-40
121900084,48,20,28
121900085,0,9,-9
121900086,67,51,16
121900087,164,38,126
121900088,1291,2160,-869
121900089,807,139,668
121900090,47,165,-118
121900091,149,9,140
121900092,366,146,220
121900093,154,72,82
121900094,9,33,-24
121900095,546,114,432
121900096,1747,671,1076
121900097,1137,67,1070
121900098,8,2,6
121900099,793,39,754
121900100,61,151,-90
121900101,192,102,90
121900102,1,43,-42
121900103,743,218,525
121900104,3250,792,2458
121900105,270,220,50
121900106,2,15,-13
121900107,343,36,307
121900108,1,14,-13
121900109,274,138,136
121900110,1436,437,999
121900111,419,282,137
121900112,255,95,160
121900113,60,790,-730
121900114,271,108,163
121900115,268,455,-187
121900117,157,56,101
121900118,1603,712,891
121900119,240,309,-69
121900120,42,951,-909
121900121,427,32,395
121900122,272,75,197
121900123,363,452,-89
121900124,157,334,-177
121900125,2899,1694,1205
121900127,60,56,4
121900128,183,52,131
121900129,196,66,130
121900130,108,432,-324
121900131,430,226,204
121900132,194,70,124
121900133,15,660,-645
121900134,7,249,-242
121900135,4831,404,4427
121900136,320,1089,-769
121900137,46,421,-375
121900138,67,261,-194
121900139,532,2197,-1665
121900140,85,46,39
121900141,95,52,43
121900142,116,20,96
121900143,9,202,-193
121900144,101,515,-414
121900145,248,1292,-1044
121900146,515,390,125
121900147,86,162,-76
121900148,79,181,-102
121900149,411,361,50
121900150,86,63,23
121900151,17,231,-214
121900152,222,61,161
121900153,26,275,-249
121900154,3,282,-279
121900155,1,308,-307
121900156,176,120,56
121900157,3,50,-47
121900158,141,153,-12
121900159,0,83,-83
121900160,35,109,-74
121900161,112,232,-120
121900162,76,112,-36
121900163,890,194,696
121900164,196,166,30
121900165,191,144,47
121900166,188,112,76
121900167,58,27,31
121900168,120,32,88
121900169,15,98,-83
121900170,49,94,-45
121900171,1797,489,1308
121900172,869,186,683
121900173,773,408,365
121900174,301,29,272
121900175,75,708,-633
121900176,1165,1555,-390
121900177,337,100,237
121900179,486,572,-86
121900180,1282,9219,-7937
121900182,623,424,199
121900183,238,2911,-2673
121900184,47,860,-813
121900186,19,497,-478
121900187,23,99,-76
121900188,1762,158,1604
121900189,68,116,-48
121900190,165,444,-279
121900191,96,299,-203
121900192,282,2176,-1894
121900194,8,196,-188
121900195,11,60,-49
121900196,952,945,7
121900197,462,928,-466
121900198,2818,3178,-360
121900199,0,26,-26
121900200,107,668,-561
121900201,693,1147,-454
121900202,194,2038,-1844
121900203,47,1045,-998
121900204,905,2188,-1283
121900205,512,179,333
121900206,8,47,-39
121900207,61,78,-17
121900208,105,475,-370
121900209,347,107,240
121900210,3162,1533,1629
121900211,19,116,-97
121900212,64,384,-320
121900213,767,15,752
121900214,1,1068,-1067
121900215,103,183,-80
121900216,1,509,-508
121900217,185,281,-96
121900218,169,592,-423
121900219,267,33,234
121900220,230,15,215
121900221,485,426,59
121900222,442,55,387
121900223,124,107,17
121900224,203,117,86
121900225,138,486,-348
121900226,315,40,275
121900227,373,2628,-2255
121900228,200,273,-73
121900229,413,399,14
121900230,81,313,-232
121900231,28,732,-704
121900232,131,387,-256
121900233,438,192,246
121900234,502,306,196
121900235,1278,97,1181
121900236,438,249,189
121900237,135,548,-413
121900238,106,301,-195
121900239,231,57,174
121900240,207,104,103
121900241,86,46,40
121900242,57,2,55
121900243,22,0,22
121900244,29,1,28
121900245,404,68,336
121900246,8118,270,7848
121900247,245,679,-434
121900248,1562,845,717
121900250,414,184,230
121900251,471,44,427
121900252,491,95,396
121900253,29,630,-601
121900254,295,263,32
121900255,580,120,460
121900258,5443,2330,3113
121900259,350,480,-130
121900260,356,73,283
121900261,183,635,-452
121900262,370,1390,-1020
121900263,420,304,116
121900264,870,1011,-141
121900265,806,76,730
121900266,1150,171,979
121900267,205,47,158
121900269,380,1414,-1034
121900270,109,375,-266
121900271,140,156,-16
121900273,573,2679,-2106
121900274,1037,238,799
121900276,813,161,652
121900277,270,816,-546
121900278,186,981,-795
121900279,354,287,67
121900280,183,810,-627
121900281,116,114,2
121900284,26,3,23
121900286,411,265,146
121900287,2,97,-95
121900290,142,1065,-923
121900291,466,700,-234
121900292,340,52,288
121900293,1198,4669,-3471
121900294,472,13,459
121900295,367,79,288
121900296,159,131,28
121900298,205,1477,-1272
121900299,2,48,-46
121900300,52,6,46
121900301,29,0,29
121900302,17,110,-93
121900303,98,382,-284
121900304,61,20,41
121900305,34,21,13
121900306,904,11,893
121900307,515,4,511
121900308,21,171,-150
121900309,5,115,-110
121900310,54,136,-82
121900311,1398,59,1339
121900312,816,15,801
121900313,973,38,935
121900314,17,15,2
121900315,98,1,97
121900316,0,1,-1
121900317,38,13,25
121900318,0,0,0
121900319,112,377,-265
121900320,29,20,9
121900321,93,0,93
121900322,17,1,16
121900323,28,51,-23
121900324,2,49,-47
121900325,32,0,32
121900326,0,2,-2
121900327,17,12,5
121900328,5,31,-26
121900329,0,28,-28
121900330,2,91,-89
121900331,14,134,-120
121900332,32,30,2
122000001,1992,3712,-1720
122000002,3104,689,2415
122000003,948,2674,-1726
122000004,1021,2059,-1038
122000005,5087,2346,2741
122000006,600,873,-273
122000007,560,976,-416
122000008,1011,1903,-892
122000009,202,373,-171
122000010,2288,2200,88
122000011,3212,1003,2209
122000012,591,1404,-813
122000013,624,1102,-478
122000014,6489,1223,5266
122000015,1137,469,668
122000016,440,431,9
122000017,1014,852,162
122000018,2436,1233,1203
122000019,771,2030,-1259
122000020,277,381,-104
122000021,160,355,-195
122000022,904,1307,-403
122000023,801,1821,-1020
122000024,428,1688,-1260
122000025,351,2221,-1870
122000026,254,999,-745
122000027,642,681,-39
122000028,1310,540,770
122000029,489,577,-88
122000030,223,157,66
122000031,144,475,-331
122000032,2432,1777,655
122000033,394,1258,-864
122000034,292,962,-670
122000035,140,414,-274
122000036,614,335,279
122000037,485,274,211
122000038,183,297,-114
122000039,654,389,265
122000040,259,291,-32
122000041,943,879,64
122000042,454,678,-224
122000043,85,154,-69
122000044,72,108,-36
122000045,1150,538,612
122000046,1065,720,345
122000047,78,83,-5
122000048,2765,4498,-1733
122000049,5941,4747,1194
122000050,637,499,138
122000051,160,786,-626
122000052,426,536,-110
122000053,276,1782,-1506
122000054,2901,1946,955
122000055,1984,2389,-405
122000056,3313,2656,657
122000057,2451,2780,-329
122000058,434,1290,-856
122000059,652,2108,-1456
122000060,344,517,-173
122000061,121,464,-343
122000062,602,448,154
122000063,279,2043,-1764
122000064,3376,3843,-467
122000065,2590,2409,181
122000066,871,1531,-660
122000067,1130,1554,-424
122000068,3710,1638,2072
122000069,1672,854,818
122000070,1680,2137,-457
122000071,3924,1226,2698
122000072,534,443,91
122000073,141,692,-551
122000074,3401,1683,1718
122000075,1325,1118,207
122000076,3594,1483,2111
122000077,584,1507,-923
122000078,459,1333,-874
122000079,197,2365,-2168
122000080,565,302,263
122000081,87,169,-82
122000082,233,1171,-938
122000083,6840,1069,5771
122000084,5213,1828,3385
122000085,631,1394,-763
122000086,3174,7746,-4572
122000087,185,252,-67
122000088,88,281,-193
122000089,4785,3550,1235
122000090,286,1299,-1013
122000091,121,532,-411
122000092,26,121,-95
122000093,1437,4305,-2868
122000094,5817,2940,2877
122000095,604,4570,-3966
122000096,430,2963,-2533
122000098,3708,3598,110
122000099,335,2365,-2030
122000100,769,486,283
122000101,336,1551,-1215
122000102,3181,1094,2087
122000103,1596,1713,-117
122000104,1587,119,1468
122000105,739,447,292
122000106,424,1511,-1087
122000107,2155,311,1844
122000108,787,632,155
122000109,442,238,204
122000110,521,412,109
122000111,1614,1282,332
122000112,1468,1751,-283
122000113,753,374,379
122000114,1435,3356,-1921
122000115,4452,1976,2476
122000116,362,1224,-862
122000117,1852,1493,359
122000118,1484,1500,-16
122000119,1979,2107,-128
122000120,1475,1782,-307
122000121,2106,1924,182
122000122,1064,1008,56
122000123,1824,2317,-493
122000124,969,597,372
122000125,290,884,-594
122000126,387,596,-209
122000127,207,753,-546
122000128,674,398,276
122000129,459,2274,-1815
122000130,3996,956,3040
122000131,2525,601,1924
122000132,256,260,-4
122000133,2142,677,1465
122000134,2280,949,1331
122000135,721,192,529
122000136,1632,582,1050
122000137,4256,602,3654
122000139,866,4272,-3406
122000140,168,1065,-897
122000141,4421,2071,2350
122000142,141,1761,-1620
122000143,489,279,210
122000144,3692,986,2706
122000145,1329,3420,-2091
122000146,592,4347,-3755
122000147,967,984,-17
122000148,444,1333,-889
122000149,2604,649,1955
122000150,2670,1339,1331
122000151,241,275,-34
122000152,445,339,106
122000153,487,323,164
122000154,211,240,-29
122000155,1530,4083,-2553
122000156,9064,3940,5124
122000157,583,8869,-8286
122000158,474,994,-520
122000159,2180,771,1409
122000160,3219,1323,1896
122000161,1538,1531,7
122000162,783,1275,-492
122000163,341,96,245
122000164,27,99,-72
122000165,934,1733,-799
122000166,777,2300,-1523
122000167,256,632,-376
122000168,307,1157,-850
122000169,467,146,321
122000170,362,291,71
122000171,16,79,-63
122000172,2260,1437,823
122000173,1949,2611,-662
122000174,1122,5116,-3994
122000175,707,353,354
122000176,457,1654,-1197
122000177,785,2051,-1266
122000178,3698,3937,-239
122000179,3961,4894,-933
122000180,584,985,-401
122000181,634,1890,-1256
122000182,912,1204,-292
122000183,2026,1058,968
122000184,3397,3744,-347
122000185,1062,2724,-1662
122000186,459,1235,-776
122000187,2738,973,1765
122000188,407,198,209
122000189,386,405,-19
122000190,606,2697,-2091
122000191,678,874,-196
122000192,1636,492,1144
122000193,650,722,-72
122000194,546,192,354
122000195,176,1086,-910
122000196,2359,354,2005
122000197,799,626,173
122000198,515,2358,-1843
122000199,323,221,102
122000200,900,839,61
122000201,758,3292,-2534
122000202,729,3184,-2455
122000203,2234,2183,51
122000204,2038,1283,755
122000205,1145,539,606
122000206,5711,1307,4404
122000207,3135,2078,1057
122000208,2934,1453,1481
122000209,2802,395,2407
122000210,3561,1972,1589
122000211,1683,1941,-258
122000212,975,512,463
122000213,899,1813,-914
122000214,2460,2344,116
122000215,2619,2873,-254
122000217,1311,2108,-797
122000218,705,55,650
122000219,1236,496,740
122000220,434,843,-409
122000221,108,313,-205
122000222,529,176,353
122000223,968,952,16
122000225,907,769,138
122000226,2043,1399,644
122000227,215,1550,-1335
122000228,502,925,-423
122000229,46,2295,-2249
122000230,17,514,-497
122000231,386,1778,-1392
122000232,579,371,208
122000233,0,53,-53
122000234,1259,90,1169
122000235,798,100,698
122000236,2682,61,2621
122000237,226,330,-104
122000238,460,581,-121
122000239,763,1840,-1077
122000240,1519,639,880
122000241,1320,447,873
122000242,658,99,559
122000243,11,81,-70
122000244,5,422,-417
122000245,22,182,-160
122000246,74,414,-340
122000247,1523,4547,-3024
122000248,1277,1504,-227
122000249,2331,4036,-1705
122000250,2382,1014,1368
122000251,172,139,33
122000252,423,23,400
122000253,179,103,76
122000254,960,59,901
122000255,601,619,-18
122000256,431,583,-152
122000257,874,207,667
122000258,463,294,169
122000259,55,178,-123
122000260,6,60,-54
122000261,9,207,-198
122000262,0,32,-32
122000263,295,132,163
122000264,2489,380,2109
122000265,3968,1152,2816
122000266,4573,488,4085
122000267,55,57,-2
122000268,224,119,105
122000269,1438,280,1158
122000270,674,187,487
122000271,359,1877,-1518
122000272,770,533,237
122000273,1301,152,1149
122000274,618,232,386
122000275,74,224,-150
122000276,2568,771,1797
122000277,1600,2935,-1335
122000278,4067,542,3525
122000279,587,513,74
122000280,842,763,79
122000281,819,435,384
122000282,110,882,-772
122000283,307,263,44
122000284,53,505,-452
122000285,533,130,403
122000286,131,221,-90
122000287,2840,1860,980
122000288,550,279,271
122000291,3830,773,3057
122000293,140,455,-315
122000294,160,627,-467
122000295,1567,621,946
122000296,45,1937,-1892
122000297,2220,5362,-3142
122000299,882,376,506
122000300,461,886,-425
122000301,6984,6127,857
122000302,442,7365,-6923
122000303,1615,1337,278
122000304,35,332,-297
122000305,3678,441,3237
122000306,145,348,-203
122000307,118,189,-71
122000309,34,69,-35
122000310,2,62,-60
122000311,34,90,-56
122000312,142,198,-56
122000313,12,185,-173
122000314,273,1116,-843
122000315,500,26,474
122000316,2936,344,2592
122000317,5675,316,5359
122000318,355,3428,-3073
122000319,156,208,-52
122000320,283,812,-529
122000321,84,115,-31
122000322,1164,2002,-838
122000323,523,1465,-942
122000324,1695,2187,-492
122000325,1018,2586,-1568
122000326,353,60,293
122000327,509,834,-325
122000328,488,619,-131
122000330,2863,2105,758
122000332,318,566,-248
122000333,77,67,10
122000337,2746,1544,1202
122000338,972,204,768
122000340,165,2860,-2695
122000342,1532,858,674
122000343,461,394,67
122000344,81,3,78
122000345,66,38,28
122000346,603,113,490
122000348,997,656,341
122000349,74,244,-170
122000351,483,153,330
122000352,186,158,28
122000353,367,49,318
122000355,62,487,-425
122000356,296,1483,-1187
122000357,94,25,69
122000358,0,33,-33
122000359,0,6,-6
122000360,0,3,-3
122000362,53,145,-92
122000364,928,161,767
122000365,0,32,-32
122000366,28,16,12
122000368,721,768,-47
122000370,66,69,-3
122000371,89,0,89
122000372,61,2,59
122000381,470,315,155
122000382,71,133,-62
122000384,1461,1683,-222
122000385,110,1,109
122000386,201,3008,-2807
122000387,608,1959,-1351
122000388,2063,1336,727
122000389,191,962,-771
122000390,447,513,-66
122000391,28,1495,-1467
122000392,155,127,28
122000393,83,225,-142
122000394,1250,184,1066
122000395,268,220,48
122000396,618,69,549
122000397,37,53,-16
122000398,4,201,-197
122000399,415,121,294
122000400,37,966,-929
122000401,276,36,240
122000402,1329,202,1127
122000403,630,245,385
122000404,656,181,475
122000408,488,747,-259
122000503,14,102,-88
122000524,60,211,-151
122000544,119,4090,-3971
122000616,252,2,250
122000640,150,58,92
122000641,399,109,290
122000642,1926,509,1417
122000643,57,287,-230
122000644,134,73,61
122000645,46,132,-86
122000651,366,1538,-1172
122000664,407,38,369
122000665,1802,348,1454
122000666,537,464,73
122000673,65,126,-61
122000674,1093,321,772
122000675,4203,707,3496
122000686,480,2697,-2217
122000687,3921,1227,2694
122000688,452,415,37
122000689,3890,351,3539
122000690,7937,870,7067
122000691,1571,700,871
122000692,2471,1222,1249
122000693,549,679,-130
122000695,655,269,386
122000696,1838,105,1733
122000698,660,109,551
122000699,935,196,739
122000701,3402,279,3123
122000702,608,1107,-499
122000703,240,65,175
122000717,148,75,73
122000718,277,3297,-3020
122000719,31,76,-45
122000720,1461,101,1360
122900001,89,44,45
122900002,917,13164,-12247
122900003,951,18,933
122900004,6092,485,5607
122900005,29,427,-398
122900006,370,3123,-2753
122900007,27,113,-86
122900008,261,556,-295
122900009,573,324,249
122900010,434,64,370
122900012,302,419,-117
122900014,116,63,53
122900015,1181,714,467
122900016,125,139,-14
122900017,520,1104,-584
122900018,263,11,252
122900019,5,72,-67
122900020,348,1030,-682
122900021,24,1401,-1377
122900022,2913,1123,1790
122900023,2118,137,1981
122900024,225,109,116
122900025,8,935,-927
122900026,2,83,-81
122900027,34,928,-894
122900028,85,49,36
122900029,6713,3005,3708
122900030,1759,315,1444
122900031,85,486,-401
122900032,707,422,285
122900033,187,121,66
122900034,3123,6321,-3198
122900035,103,76,27
122900036,113,44,69
122900037,738,356,382
122900038,65,3293,-3228
122900039,81,525,-444
122900040,382,947,-565
122900041,126,565,-439
122900042,167,153,14
122900043,549,277,272
122900044,188,477,-289
122900045,224,150,74
122900046,137,416,-279
122900047,209,137,72
122900048,38,370,-332
122900049,2559,84,2475
122900051,72,294,-222
122900052,158,75,83
122900053,4,16,-12
122900055,532,185,347
122900057,430,68,362
122900061,613,24,589
122900062,785,1207,-422
122900063,532,112,420
122900064,1814,747,1067
122900065,938,152,786
122900066,1606,179,1427
122900067,977,1059,-82
122900068,55,230,-175
122900069,727,3658,-2931
122900070,790,71,719
122900071,89,218,-129
122900072,33,225,-192
122900073,17,78,-61
122900074,2591,139,2452
122900075,2,33,-31
122900076,1,81,-80
122900077,0,84,-84
122900078,521,25,496
122900080,34,156,-122
122900081,219,110,109
122900082,3661,93,3568
122900083,587,25,562
122900084,3,109,-106
122900086,4,85,-81
122900087,705,305,400
122900088,56,744,-688
122900089,68,644,-576
122900090,10,249,-239
122900091,1235,5,1230
122900092,1,97,-96
122900093,0,145,-145
122900094,0,94,-94
122900095,472,59,413
122900096,1596,76,1520
122900097,45,104,-59
122900098,5,183,-178
122900099,175,133,42
122900100,81,1753,-1672
122900101,273,384,-111
122900102,35,102,-67
122900103,380,3,377
122900104,777,38,739
122900105,52,52,0
122900106,0,15,-15
122900107,4,15,-11
122900108,5,23,-18
123000001,1180,928,252
123000002,2846,7069,-4223
123000003,6938,5551,1387
123000004,3184,3219,-35
123000005,5586,2715,2871
123000006,2571,2119,452
123000007,5633,6091,-458
123000008,1984,4421,-2437
123000009,6247,4275,1972
123000010,3013,3705,-692
123000011,2182,1144,1038
123000012,612,3101,-2489
123000013,8667,1513,7154
123000014,868,2704,-1836
123000015,4553,951,3602
123000016,2688,3190,-502
123000017,5302,2515,2787
123000018,224,56,168
123000019,1970,29,1941
123000020,1202,44,1158
123000021,739,755,-16
123000022,1157,3967,-2810
123000023,2913,5089,-2176
123000024,2449,995,1454
123000025,15,179,-164
123000026,2,226,-224
123000027,44,705,-661
123000028,436,3127,-2691
123000029,430,1973,-1543
123000030,445,181,264
123000031,1204,201,1003
123000032,1601,220,1381
123000033,521,99,422
123000034,1512,804,708
123000035,839,892,-53
123000036,342,1755,-1413
123000037,648,241,407
123000038,328,216,112
123000039,819,1568,-749
123000040,629,273,356
123000041,648,1349,-701
123000042,578,1142,-564
123000043,1871,20279,-18408
123000044,2859,2618,241
123000045,2984,1875,1109
123000046,297,1321,-1024
123000047,394,639,-245
123000048,288,2456,-2168
123000049,5523,13035,-7512
123000050,4310,2673,1637
123000051,267,544,-277
123000052,1401,3985,-2584
123000053,3022,3100,-78
123000054,4257,3388,869
123000055,2513,8542,-6029
123000056,1632,896,736
123000057,4486,7241,-2755
123000058,976,2268,-1292
123000059,216,847,-631
123000060,2154,1018,1136
123000061,585,733,-148
123000063,2473,1582,891
123000064,2930,240,2690
123000065,3321,4903,-1582
123000066,368,505,-137
123000067,1384,581,803
123000068,1891,1548,343
123000069,3007,1372,1635
123000070,201,248,-47
123000071,4184,458,3726
123000072,1543,367,1176
123000073,3723,852,2871
123000074,1305,565,740
123000075,431,3049,-2618
123000076,1728,281,1447
123000077,2849,1073,1776
123000078,5401,805,4596
123000079,5371,1275,4096
123000080,4141,867,3274
123000081,584,235,349
123000082,285,507,-222
123000083,2048,321,1727
123000084,1289,292,997
123000085,1241,78,1163
123000086,2058,94,1964
123000087,962,178,784
123000088,1883,1044,839
123000089,1949,1164,785
123000090,2430,987,1443
123000091,2289,1440,849
123000092,982,1830,-848
123000094,1977,139,1838
123000095,2384,2857,-473
123000096,2458,538,1920
123000097,1492,444,1048
123000098,1699,336,1363
123000099,1381,407,974
123000100,217,887,-670
123000101,579,333,246
123000102,645,1721,-1076
123000104,712,427,285
123000105,364,161,203
123000106,1055,340,715
123000107,549,174,375
123000108,667,877,-210
123000111,2619,880,1739
123000112,3498,487,3011
123000113,803,403,400
123000114,560,1290,-730
123000115,997,1416,-419
123000116,55,56,-1
123000117,5258,1969,3289
123000118,1026,502,524
123000119,563,510,53
123000120,371,1036,-665
123000121,940,465,475
123000122,770,200,570
123000123,893,389,504
123000124,811,224,587
123000125,2063,972,1091
123000126,1445,5199,-3754
123000127,552,329,223
123000128,558,102,456
123000129,2169,112,2057
123000130,2322,20,2302
123000131,3405,983,2422
123000132,672,338,334
123000133,293,117,176
123000134,413,40,373
123000135,5835,3176,2659
123000136,387,311,76
123000137,286,140,146
123000138,260,171,89
123000139,1441,64,1377
123000140,40,435,-395
123000141,846,156,690
123000142,1368,878,490
123000143,967,1577,-610
123000144,12,133,-121
123000145,226,1426,-1200
123000146,36,186,-150
123000147,46,386,-340
123000149,506,122,384
123000150,173,138,35
123000151,139,532,-393
123000152,22,1439,-1417
123000153,105,1165,-1060
123000154,767,2351,-1584
123000155,2046,3220,-1174
123000156,39,42,-3
123000157,1284,1311,-27
123000158,632,1301,-669
123000159,3600,9752,-6152
123000160,1666,2426,-760
123000161,2550,2239,311
123000162,3307,3795,-488
123000163,1848,484,1364
123000164,5182,194,4988
123000165,225,794,-569
123000166,18,151,-133
123000167,164,189,-25
123000168,474,120,354
123000169,2190,225,1965
123000170,214,32,182
123000171,2821,5,2816
123000172,71,346,-275
123000173,1400,1219,181
123000174,1261,732,529
123000175,246,932,-686
123000176,1865,424,1441
123000177,246,924,-678
123000178,1903,380,1523
123000179,29,403,-374
123000180,2880,401,2479
123000181,243,722,-479
123000182,485,298,187
123000183,113,967,-854
123000184,37,379,-342
123000185,2305,961,1344
123000186,3,149,-146
123000187,1150,34,1116
123000188,886,6,880
123000189,238,86,152
123000190,175,48,127
123000192,2,324,-322
123000193,30,318,-288
123000194,131,99,32
123000195,999,14,985
123000196,1258,70,1188
123000197,214,128,86
123000198,180,158,22
123000199,62,219,-157
123000200,1219,8,1211
123000201,3409,26,3383
123000202,20,273,-253
123000203,3283,31,3252
123000204,15,326,-311
123000205,112,505,-393
123000206,6617,190,6427
123000207,87,367,-280
123000208,1951,141,1810
123000209,3572,878,2694
123000210,95,587,-492
123000211,287,875,-588
123000212,9766,625,9141
123000213,1375,83,1292
123000215,104,239,-135
123000216,318,1953,-1635
123000217,421,186,235
123000218,37,1015,-978
123000219,995,185,810
123000220,1026,1124,-98
123000221,407,121,286
123000222,841,243,598
123000223,2134,120,2014
123000224,1044,195,849
123000225,610,85,525
123000226,271,644,-373
123000227,177,293,-116
123000228,729,86,643
123000229,872,614,258
123000232,93,404,-311
123000233,1914,83,1831
123000234,91,1084,-993
123000235,3943,232,3711
123000236,562,574,-12
123000237,1252,165,1087
123000238,30,336,-306
123000239,486,461,25
123000240,62,1215,-1153
123000241,294,90,204
123000242,527,284,243
123000243,1139,898,241
123000244,876,493,383
123000245,15,191,-176
123000249,241,721,-480
123000252,1713,496,1217
123000253,3407,728,2679
123000254,964,446,518
123000255,2794,1156,1638
123000256,2,160,-158
123000257,1792,1760,32
123000258,1132,614,518
123000259,1311,631,680
123000260,1176,139,1037
123000261,826,141,685
123000262,44,45,-1
123000263,1236,89,1147
123000264,209,97,112
123000265,8,43,-35
123000266,838,657,181
123000267,2209,220,1989
123000268,93,38,55
123000269,40,46,-6
123000270,55,38,17
123000271,35,27,8
123000272,926,456,470
123000273,512,1284,-772
123000274,2239,1054,1185
123000275,304,580,-276
123000278,1876,6356,-4480
123000279,350,126,224
123000280,502,598,-96
123000281,676,176,500
123000282,159,201,-42
123000283,407,82,325
123000284,50,37,13
123000286,187,387,-200
123000287,475,292,183
123000288,1171,2258,-1087
123000289,310,2895,-2585
123000291,176,643,-467
123000294,176,159,17
123000295,686,1610,-924
123000296,1343,737,606
123000297,1002,282,720
123000298,1879,281,1598
123000299,123,114,9
123000300,2373,836,1537
123000301,351,1331,-980
123000302,458,65,393
123000303,156,619,-463
123000305,586,649,-63
123000306,717,51,666
123000309,69,53,16
123000310,117,59,58
123000311,0,59,-59
123000312,276,291,-15
123000313,1034,1131,-97
123000315,548,143,405
123000316,1154,360,794
123000317,630,189,441
123000318,27,189,-162
123000329,41,9,32
123000337,555,124,431
123000338,209,748,-539
123000339,781,49,732
123000340,159,334,-175
123000342,2,118,-116
123000343,231,79,152
123000344,468,94,374
123000345,406,259,147
123000346,860,97,763
123000352,1714,630,1084
123000353,64,113,-49
123000354,2903,30,2873
123000355,0,544,-544
123000356,1017,33,984
123000357,2,116,-114
123000359,1,70,-69
123000360,477,546,-69
123000361,724,190,534
123000362,1111,99,1012
123000363,282,141,141
123000364,780,1554,-774
123000365,22,503,-481
123000366,328,4782,-4454
123000367,500,533,-33
123000370,43,863,-820
123000371,1314,230,1084
123000372,694,199,495
123000373,39,284,-245
123000374,8,157,-149
123000375,685,1144,-459
123000376,1396,813,583
123000377,1846,14,1832
123000378,8,312,-304
123000379,1,421,-420
123000380,4,241,-237
123000381,102,190,-88
123000382,978,249,729
123000383,70,1025,-955
123000384,1261,327,934
123000385,172,441,-269
123000436,189,2289,-2100
123000507,86,147,-61
123000508,173,1868,-1695
123000517,309,4,305
123000518,35,46,-11
123000519,258,28,230
123000520,18,27,-9
123000521,930,71,859
123000522,137,116,21
123000541,35,1,34
123000542,0,10,-10
123000565,1621,112,1509
123000566,1685,112,1573
123000567,304,61,243
123000573,31,376,-345
123000574,2291,120,2171
123000575,5164,306,4858
123000576,2168,548,1620
123000577,111,457,-346
123000578,835,92,743
123000579,1284,11210,-9926
123000580,142,222,-80
123000582,1512,36,1476
123000583,12,260,-248
123000584,246,170,76
123000585,1,17,-16
123000586,636,1,635
123000596,90,28,62
123000597,200,165,35
123000602,325,54,271
123000603,2905,281,2624
123000604,1666,304,1362
123000605,1557,160,1397
123000606,1,998,-997
123000609,24,335,-311
123000610,210,54,156
123000613,124,30,94
123000614,1005,46,959
123000615,102,46,56
123000616,3521,41,3480
123000617,183,198,-15
123000618,35,428,-393
123000619,983,57,926
123000620,1,203,-202
123000622,1405,19,1386
123000624,766,46,720
123000630,3277,851,2426
123000631,414,385,29
123000632,966,355,611
123000633,1,254,-253
123000634,60,896,-836
123000635,44,148,-104
123000636,42,444,-402
123000637,625,49,576
123000638,1582,17,1565
123000639,1639,13051,-11412
123000640,10,270,-260
123900001,1978,68,1910
123900002,22,1967,-1945
123900003,188,236,-48
123900005,568,354,214
123900006,1064,115,949
124000001,4181,422,3759
124000002,26,645,-619
124000003,2753,357,2396
124000004,223,225,-2
124000005,2396,3898,-1502
124000006,365,441,-76
124000007,2107,462,1645
124000008,1,1534,-1533
124000009,1203,651,552
124000010,1304,939,365
124000011,1810,1705,105
124000012,1319,256,1063
124000017,577,111,466
124000018,510,116,394
124000019,409,145,264
124000020,307,90,217
124000021,205,72,133
124000022,258,179,79
124000023,1814,2062,-248
124000024,1099,228,871
124000025,1677,1934,-257
124000026,1369,917,452
124000027,3826,2914,912
124000028,1302,3810,-2508
124000030,1927,1328,599
124000031,2249,20864,-18615
124000032,1200,795,405
124000033,369,1150,-781
124000034,1303,1281,22
124000035,10,312,-302
124000036,51,620,-569
124000037,353,784,-431
124000038,57,93,-36
124000039,481,540,-59
124000040,386,1920,-1534
124000041,1443,475,968
124000042,482,890,-408
124000043,240,78,162
124000044,92,283,-191
124000045,2746,273,2473
124000046,447,779,-332
124000047,5746,627,5119
124000048,2682,341,2341
124000049,3681,541,3140
124000050,1858,1453,405
124000051,3031,347,2684
124000052,1516,693,823
124000053,445,3901,-3456
124000054,1356,188,1168
124000055,1458,9475,-8017
124000056,2013,580,1433
124000057,3089,332,2757
124000058,1691,757,934
124000059,1958,1438,520
124000060,503,522,-19
124000061,1498,9213,-7715
124000062,1446,906,540
124000063,1361,670,691
124000064,1502,1822,-320
124000065,31,2542,-2511
124000066,526,40,486
124000067,167,338,-171
124000068,48,89,-41
124000069,392,63,329
124000070,292,36,256
124000071,314,1541,-1227
124000072,1107,6391,-5284
124000073,1512,92,1420
124000074,367,989,-622
124000075,1415,128,1287
124000076,59,76,-17
124000077,493,1252,-759
124000078,1804,1260,544
124000079,483,1249,-766
124000080,1808,586,1222
124000081,705,1519,-814
124000082,178,122,56
124000083,80,189,-109
124000084,23,1109,-1086
124000085,73,15,58
124000086,30,591,-561
124000087,41,871,-830
124000088,248,544,-296
124000089,1006,357,649
124000090,286,332,-46
124000091,1046,39,1007
124000092,429,241,188
124000093,220,137,83
124000094,274,1318,-1044
124000095,270,46,224
124000096,746,307,439
124000097,212,84,128
124000098,332,57,275
124000099,233,69,164
124000100,170,39,131
124000101,261,154,107
124000102,234,16,218
124000103,367,127,240
124000104,232,21,211
124000105,343,60,283
124000106,186,13,173
124000107,47,344,-297
124000108,32,10,22
124000109,257,56,201
124000110,333,44,289
124000111,409,106,303
124000112,2006,353,1653
124000113,314,132,182
124000114,1007,196,811
124000115,817,613,204
124000116,112,335,-223
124000117,55,40,15
124000118,52,83,-31
124000119,1474,640,834
124000120,1267,267,1000
124000121,1044,1259,-215
124000122,467,1748,-1281
124000123,812,222,590
124000124,672,1021,-349
124000125,602,244,358
124000126,559,547,12
124000127,1566,254,1312
124000128,1393,497,896
124000129,2149,1106,1043
124000130,541,271,270
124000131,711,518,193
124000132,714,670,44
124000133,1763,913,850
124000134,1173,366,807
124000135,2098,2129,-31
124000136,668,761,-93
124000137,1246,1383,-137
124000138,867,826,41
124000139,770,170,600
124000140,17,734,-717
124000141,39,28,11
124000142,7,480,-473
124000143,52,87,-35
124000144,38,119,-81
124000145,307,740,-433
124000146,70,772,-702
124000148,17,307,-290
124000149,1688,390,1298
124000150,589,3008,-2419
124000151,2087,311,1776
124000152,943,1601,-658
124000153,1684,726,958
124000154,852,761,91
124000155,989,978,11
124000156,836,878,-42
124000169,209,1117,-908
124000170,715,365,350
124000171,406,488,-82
124000172,513,431,82
124000173,1526,152,1374
124000174,888,476,412
124000175,254,105,149
124000176,132,94,38
124000177,10,129,-119
124000178,54,190,-136
124000190,10,32,-22
124000191,20,203,-183
124000192,1666,2140,-474
124000193,215,4755,-4540
124000194,513,299,214
124000195,744,517,227
124000196,606,1012,-406
124000197,208,13,195
124000198,134,31,103
124000201,51,225,-174
124000202,1397,121,1276
124000203,2221,195,2026
124000204,5129,352,4777
124000205,397,1072,-675
124000206,3448,1196,2252
124000207,1,25,-24
124000209,206,325,-119
124000210,2917,382,2535
124000211,2773,4,2769
124000212,1,191,-190
124000213,2073,269,1804
124000214,1606,283,1323
124000215,2009,10,1999
124000216,12,249,-237
124000329,345,594,-249
124000338,164,537,-373
124000339,7334,27,7307
124000341,5947,65,5882
124000344,199,74,125
124000357,1386,5103,-3717
124000358,767,2432,-1665
124000359,2213,883,1330
124000360,2699,484,2215
124000361,3736,1629,2107
124000362,1886,4217,-2331
124000363,981,269,712
124000364,909,739,170
124000365,1098,694,404
124000366,2683,634,2049
124000367,113,269,-156
124000368,342,3229,-2887
124000369,44,121,-77
124000370,24,934,-910
124000402,152,84,68
124000403,496,79,417
124000404,263,40,223
124000405,1177,536,641
124000406,1021,324,697
124000407,28,10,18
124000411,5,361,-356
124000412,1155,3,1152
124000413,270,431,-161
124000414,224,51,173
124000415,167,27,140
124000416,332,90,242
124000417,611,73,538
124000418,647,25,622
124000419,339,34,305
124000420,430,12,418
124000421,173,56,117
124000422,74,54,20
124000423,401,21,380
124000424,48,46,2
124000425,36,100,-64
124000426,44,175,-131
124000427,130,6,124
124000428,2,1040,-1038
124000429,340,23,317
124000430,2526,735,1791
124000431,1049,324,725
124000432,707,1242,-535
124000439,55,4,51
124000442,48,22,26
124000443,3,25,-22
124000445,104,2148,-2044
124000446,537,193,344
124900001,1463,154,1309
124900002,644,125,519
124900003,2003,224,1779
124900004,1851,96,1755
124900005,490,81,409
124900006,1577,131,1446
124900008,449,528,-79
124900009,78,1163,-1085
124900010,1040,153,887
124900011,3057,348,2709
124900012,1036,146,890
124900013,801,116,685
124900014,359,592,-233
124900015,320,1715,-1395
124900016,203,536,-333
124900017,1315,8324,-7009
124900018,428,28,400
124900019,944,100,844
124900020,361,133,228
124900021,1110,618,492
124900022,202,10,192
124900024,1257,9,1248
124900026,131,234,-103
124900027,149,138,11
124900028,494,113,381
124900029,35,973,-938
124900030,21,139,-118
124900031,188,492,-304
124900032,219,72,147
124900033,171,980,-809
124900034,3,197,-194
124900035,289,170,119
124900036,0,76,-76
124900037,638,66,572
124900038,264,97,167
124900039,7,58,-51
124900040,244,35,209
124900041,879,295,584
124900042,22,0,22
124900043,1070,266,804
124900044,74,1,73
124900045,576,2137,-1561
124900046,1014,300,714
124900047,190,89,101
124900048,712,76,636
124900050,320,99,221
124900052,458,358,100
124900053,714,137,577
124900054,827,1251,-424
124900055,1,30,-29
124900057,4,74,-70
124900060,214,153,61
124900061,355,4,351
124900062,287,15,272
124900066,0,4,-4
124900067,17,112,-95
124900068,186,2881,-2695
124900069,19,1748,-1729
124900070,106,87,19
124900072,661,73,588
124900074,613,804,-191
124900075,1314,146,1168
124900076,28,4218,-4190
124900077,23,70,-47
124900078,322,19,303
124900079,440,434,6
124900080,920,197,723
124900081,2169,128,2041
124900082,917,169,748
124900083,819,475,344
124900084,825,48,777
124900085,356,373,-17
124900086,29,792,-763
124900087,539,29,510
124900088,140,76,64
124900089,1215,13,1202
124900090,1660,151,1509
124900091,744,141,603
124900092,994,122,872
124900093,1292,178,1114
124900094,1633,164,1469
124900095,299,1277,-978
124900096,394,298,96
124900097,1062,36,1026
124900098,495,495,0
124900099,411,939,-528
124900100,743,57,686
124900101,193,141,52
124900102,1044,9,1035
124900103,666,100,566
124900104,438,138,300
124900105,387,75,312
124900106,610,126,484
124900107,366,59,307
124900108,668,209,459
124900109,284,427,-143
124900110,1282,163,1119
124900111,9,450,-441
124900112,816,330,486
124900113,1,3,-2
124900114,0,2,-2
124900115,1,1,0
124900116,3,1,2
124900117,6,1,5
124900118,3,1,2
124900119,4,3,1
124900120,0,2,-2
124900121,0,1,-1
124900122,0,2,-2
124900123,0,0,0
124900124,0,0,0
129000186,315,237,78
204000001,51,6,45
204000002,13,3,10
204000003,42,3,39
204000004,39,2,37
204000005,331,273,58
204000006,1181,1328,-147
204000008,588,161,427
204000011,9,8,1
204000012,29,24,5
204000013,0,8,-8
204000019,1488,381,1107
204000020,1666,322,1344
204000021,1126,1020,106
204000022,1774,682,1092
204000023,831,325,506
204000031,7,1,6
204000032,270,20,250
204000034,81,151,-70
204000035,1,1,0
204000036,5,87,-82
204000037,0,28,-28
204000038,0,10,-10
204000039,7,47,-40
204000040,14,28,-14
204000041,10,79,-69
204000042,49,33,16
204000043,128,40,88
204000044,120,28,92
204000045,177,33,144
204000046,26,4,22
204000057,6,37,-31
204000062,8,111,-103
204000068,24,305,-281
204000069,22,470,-448
204000070,50,63,-13
204000080,61,53,8
204000085,1287,616,671
204000086,1429,870,559
204000087,71,3,68
204000088,9,17,-8
204000090,94,205,-111
204000093,1403,34,1369
204000096,2194,338,1856
204000097,1087,6,1081
204000099,1282,2312,-1030
204000100,1992,782,1210
204000105,1806,432,1374
204000110,404,726,-322
204000111,714,538,176
204000112,440,360,80
204000113,283,452,-169
204000114,1518,1123,395
204000115,1711,292,1419
204000116,760,353,407
204000119,3525,694,2831
204000132,732,659,73
204000133,1076,67,1009
204000134,413,25,388
204000135,819,25,794
204000136,574,198,376
204000138,353,1152,-799
204000140,379,121,258
204000141,155,37,118
204000144,16,45,-29
204000145,1175,29,1146
204000146,20,71,-51
204000147,7,257,-250
204000148,97,19,78
204000154,27,7,20
204000155,10,10,0
204000177,69,106,-37
204000179,21,16,5
204000180,1,69,-68
204000222,20,13,7
204000235,109,52,57
204000236,46,95,-49
204000238,43,17,26
204000240,590,35,555
204000263,31,115,-84
204000308,84,10,74
204000317,24,89,-65
204000322,24,125,-101
204000323,28,11,17
204000328,252,9,243
204000329,57,26,31
204000330,410,10,400
204000331,197,63,134
204010341,13,123,-110
205000001,631,1222,-591
205000013,31,116,-85
205000014,135,105,30
205000015,103,45,58
205000016,44,57,-13
205000017,43,81,-38
205000022,305,306,-1
205000025,1461,306,1155
205000029,1059,9,1050
205000045,275,163,112
205000047,118,104,14
205000048,536,120,416
205000049,153,258,-105
205000050,409,121,288
205000059,0,276,-276
205000060,0,395,-395
205000061,1,842,-841
205000062,6,941,-935
205000063,30,1001,-971
205000064,62,337,-275
205000065,315,762,-447
205000066,280,168,112
205000067,203,274,-71
205000069,192,16,176
205000082,65,173,-108
205000110,38,58,-20
205000111,152,58,94
205000112,79,107,-28
205000113,84,135,-51
205000121,82,58,24
205000123,158,63,95
205000126,728,103,625
205000127,689,115,574
205000128,492,70,422
205000129,1047,92,955
205000130,358,27,331
205000131,88,5,83
205000132,49,18,31
205000133,45,4,41
205000134,450,0,450
205000137,339,35,304
205000138,516,166,350
205000139,37,67,-30
205000144,62,45,17
205000145,177,271,-94
205000151,126,39,87
205000152,124,26,98
205000153,171,43,128
205000154,86,61,25
205000155,172,14,158
205000207,1,56,-55
205000233,12,0,12
205000234,0,1,-1
205000243,0,3,-3
205000244,0,0,0
205000245,3,60,-57
205000249,1,4,-3
205000250,8,3,5
205000251,212,132,80
205000264,19,92,-73
206000027,23,28,-5
206000028,18,11,7
206000043,5,45,-40
206000053,1,1,0
206000054,1,14,-13
206000055,0,11,-11
206000075,22,12,10
206000076,80,7,73
206000077,75,4,71
206000078,6,11,-5
206000079,63,12,51
206000082,319,171,148
206000100,3,414,-411
206000103,0,1,-1
206000104,0,2,-2
206000105,0,0,0
206000106,0,1,-1
206000108,1232,64,1168
206000125,306,0,306
206000157,18,162,-144
206000170,0,127,-127
206000171,7,114,-107
206000172,44,119,-75
206000173,0,103,-103
206000174,16,44,-28
206000175,1,40,-39
206000176,22,71,-49
206000177,0,54,-54
206000178,1,225,-224
206000179,2,243,-241
206000180,2,95,-93
206000181,2,42,-40
206000182,2,33,-31
206000183,14,103,-89
206000184,2,58,-56
206000185,36,35,1
206000186,135,250,-115
206000223,14,195,-181
206000226,104,7,97
206000227,64,23,41
206000237,51,137,-86
206000238,33,387,-354
206000239,170,1278,-1108
206000240,0,2,-2
206000241,0,55,-55
206000242,5,87,-82
206000243,8,18,-10
206000244,10,93,-83
206000245,4591,72,4519
206000246,848,3,845
206000247,1450,14,1436
206000248,1929,63,1866
206000252,55,72,-17
206000258,1,9,-8
206000315,74,2,72
206000317,728,255,473
206000318,945,97,848
206000319,3977,127,3850
206000320,1011,33,978
206000321,1317,14,1303
206000322,2054,56,1998
206000323,902,17,885
206000324,1106,46,1060
206000325,508,65,443
206000326,649,33,616
206000327,77,48,29
206000328,835,11,824
206000329,1828,17,1811
206000330,480,22,458
206000331,827,14,813
206000332,145,5,140
206000333,3609,4,3605
206000334,2038,2,2036
206000335,0,19,-19
206000361,0,53,-53
206000392,0,20,-20
206000405,613,1,612
206000441,269,29,240
206000498,111,4,107
206000515,61,85,-24
206000530,707,78,629
206000531,346,396,-50
206000532,1764,428,1336
206000535,112,2614,-2502
206000536,6,93,-87
206000537,27,124,-97
206000613,1361,331,1030
207000001,197,258,-61
207000002,185,176,9
207000003,131,113,18
207000007,3314,115,3199
207000008,602,2,600
207000009,126,6,120
207000010,318,220,98
207000012,722,136,586
207000015,289,396,-107
207000019,558,33,525
207000021,478,377,101
207000022,323,182,141
207000023,497,77,420
207000024,4,5,-1
207000025,23,127,-104
207000026,80,58,22
207000027,21,56,-35
207000028,159,156,3
207000029,406,185,221
207000033,383,203,180
207000034,497,45,452
207000039,1669,15,1654
207000040,1431,21,1410
207000041,345,66,279
207000042,859,49,810
207000043,597,339,258
207000051,56,172,-116
207000052,1,127,-126
207000053,388,219,169
207000054,60,53,7
207000055,123,32,91
207000056,218,229,-11
207000057,133,176,-43
207000058,130,171,-41
207000059,52,223,-171
207000060,33,190,-157
207000061,104,1813,-1709
207000062,1095,57,1038
207000063,1180,60,1120
207000064,736,56,680
207000065,553,114,439
207000066,782,175,607
207000067,247,71,176
207000068,318,21,297
207000069,1720,163,1557
207000082,65,64,1
207000083,125,145,-20
207000084,846,141,705
207000085,578,60,518
207000086,1018,18,1000
207000106,199,28,171
207000107,466,13,453
207000108,319,1,318
207000109,243,4,239
207000110,69,15,54
207000111,105,49,56
207000112,30,951,-921
207000114,22,8,14
207000115,41,59,-18
207000116,18,208,-190
207000117,1,47,-46
207000118,6,46,-40
207000119,18,65,-47
207000123,599,2,597
207000124,301,14,287
207000125,134,8,126
207000126,103,6,97
207000134,640,70,570
207000135,134,123,11
207000148,149,372,-223
207000149,41,28,13
207000152,243,425,-182
207000153,262,552,-290
207000154,480,118,362
207000159,77,84,-7
207000160,136,199,-63
207000238,1,26,-25
207000242,1,38,-37
207000248,16,14,2
207000249,98,12,86
207000250,219,56,163
207000251,58,113,-55
207000252,16,35,-19
207000278,375,123,252
207000279,32,114,-82
207000280,2062,17,2045
207000281,155,284,-129
207000282,19,792,-773
207000283,61,230,-169
207000284,90,2961,-2871
207000285,38,108,-70
207000291,13,49,-36
207000304,100,65,35
207000306,42,213,-171
207000310,559,194,365
207000353,82,2,80
207000356,3,84,-81
207000357,4,43,-39
207000358,1,5,-4
207000415,0,56,-56
207000417,60,0,60
207000437,0,2,-2
207000439,373,96,277
207000446,205,2,203
207000460,198,1,197
207000466,83,82,1
207000467,164,25,139
207000468,9,94,-85
207000476,4,34,-30
207000477,1313,46,1267
207000523,0,7,-7
207000524,88,21,67
207000527,439,73,366
207000530,793,0,793
207000531,444,4,440
207000532,121,24,97
207000534,200,5,195
207000535,0,92,-92
207000537,5,40,-35
207000540,2,35,-33
207000541,0,46,-46
207000548,0,130,-130
207000549,406,31,375
207000561,309,83,226
207000562,3,91,-88
207000567,54,191,-137
207000568,1266,80,1186
207000569,2245,139,2106
207000584,12,69,-57
207000585,14,71,-57
207000616,0,37,-37
207000617,377,0,377
207900008,1092,33,1059
208000001,961,880,81
208000002,1041,627,414
208000003,936,323,613
208000004,867,705,162
208000005,2,62,-60
208000019,2106,225,1881
208000020,352,131,221
208000021,422,304,118
208000022,916,199,717
208000028,1172,2228,-1056
208000033,520,172,348
208000034,637,894,-257
208000040,539,84,455
208000041,1395,715,680
208000042,2808,545,2263
208000047,132,122,10
208000064,2951,1337,1614
208000066,1556,1102,454
208000070,940,491,449
208000071,1255,165,1090
208000072,1345,284,1061
208000080,456,678,-222
208000081,455,150,305
208000082,674,95,579
208000083,376,162,214
208000084,11,114,-103
208000085,1028,358,670
208000086,775,562,213
208000087,765,374,391
208000089,1440,193,1247
208000090,1052,358,694
208000093,11,127,-116
208000094,499,218,281
208000095,960,413,547
208000104,2682,227,2455
208000105,1350,533,817
208000114,200,336,-136
208000115,1259,449,810
208000116,2447,1902,545
208000117,14,129,-115
208000118,243,346,-103
208000155,1052,903,149
208000158,2459,2472,-13
208000186,1184,1519,-335
208000204,1103,1077,26
208000205,2064,848,1216
208000282,905,730,175
209000004,1079,234,845
209000005,161,170,-9
209000006,505,224,281
209000007,448,491,-43
209000010,127,285,-158
209000011,47,273,-226
209000012,158,80,78
209000013,432,135,297
209000014,512,269,243
209000025,888,99,789
209000026,2160,160,2000
209000027,554,168,386
209000028,358,129,229
209000029,515,483,32
209000030,606,711,-105
209000031,2236,858,1378
209000034,235,322,-87
209000035,217,271,-54
209000036,486,89,397
209000037,624,156,468
209000038,302,122,180
209000039,176,103,73
209000040,371,181,190
209000041,257,186,71
209000042,349,111,238
209000043,628,268,360
209000044,495,386,109
209000045,670,292,378
209000046,850,273,577
209000047,690,261,429
209000048,807,765,42
209000049,107,27,80
209000050,229,33,196
209000051,264,46,218
209000052,187,56,131
209000062,185,30,155
209000063,129,10,119
209000064,59,21,38
209000065,229,25,204
209000066,378,24,354
209000067,424,36,388
209000080,25,120,-95
209000082,248,44,204
209000091,34,67,-33
209000093,70,69,1
209000094,25,134,-109
209000110,68,37,31
209000111,490,3352,-2862
209000112,2158,555,1603
209000113,4851,753,4098
209000114,2184,581,1603
209000115,87,39,48
209000116,143,128,15
209000118,17,82,-65
209000119,20,69,-49
209000121,119,343,-224
209000135,130,20,110
209000142,1099,7272,-6173
209000143,24,80,-56
209000144,98,354,-256
209000229,346,69,277
209000240,24,154,-130
209000259,71,17,54
209000260,25,372,-347
209000261,27,479,-452
209000262,1,355,-354
209000263,0,182,-182
209000264,0,101,-101
209000265,562,1,561
209000266,249,1,248
209000267,2476,6,2470
209000268,768,164,604
210000037,260,62,198
210000047,184,10,174
210000048,179,78,101
210000049,221,6,215
210000052,261,33,228
210000053,70,22,48
210000054,14,62,-48
210000070,412,15,397
210000071,229,4,225
210000072,95,0,95
210000073,0,17,-17
210000074,0,33,-33
210000075,0,38,-38
210000076,2,94,-92
210000077,6,155,-149
210000078,20,165,-145
210000079,55,34,21
210000080,61,377,-316
210000081,287,49,238
210000082,18,3,15
210000083,119,14,105
210000084,276,2,274
210000085,2,71,-69
210000086,0,48,-48
210000099,93,144,-51
210000100,70,86,-16
210000101,47,108,-61
210000105,6,293,-287
210000159,1,442,-441
210000163,29,115,-86
210000164,457,166,291
210000168,488,35,453
210000187,0,1,-1
210000188,0,31,-31
210000214,16,0,16
210000219,239,34,205
210000220,394,9,385
210000232,3,34,-31
210000233,54,20,34
210000234,40,22,18
210000235,206,17,189
210000245,3,31,-28
210000246,79,45,34
210000258,27,85,-58
210000259,517,107,410
210000282,5,280,-275
210000285,1,138,-137
210000286,22,105,-83
210000295,57,178,-121
210000296,55,34,21
210000320,760,45,715
210000321,644,10,634
210000338,54,77,-23
210000339,61,786,-725
210000340,51,172,-121
210000341,265,127,138
210000342,334,99,235
210000343,191,120,71
210000344,119,211,-92
210000345,143,523,-380
210000346,53,298,-245
210000347,18,228,-210
210000348,195,152,43
210000349,108,129,-21
210000350,300,140,160
210000351,380,56,324
210000352,52,27,25
210000353,34,26,8
210000354,79,24,55
210000355,32,203,-171
210000356,17,540,-523
210000357,40,411,-371
210000358,964,519,445
210000359,148,431,-283
210000360,464,542,-78
210000361,511,166,345
210000362,735,117,618
210000363,768,151,617
210000364,646,187,459
210000365,466,32,434
210000366,691,83,608
210000367,301,37,264
210000368,396,35,361
210000369,101,128,-27
210000370,157,129,28
210000372,40,34,6
210000373,18,94,-76
210000374,138,153,-15
210000375,39,14,25
210000376,60,405,-345
210000404,88,71,17
210000439,233,12,221
210000472,79,2,77
210000482,174,112,62
210000564,477,164,313
210000568,360,5,355
211000092,192,20,172
211000094,27,2,25
211000169,478,6,472
211000172,57,48,9
211000209,1,56,-55
211000275,44,39,5
211000276,449,34,415
211000279,99,71,28
211000281,318,65,253
211507980,1,46,-45
211977296,37,0,37
212000003,453,127,326
212000004,9,124,-115
212000005,10,165,-155
212000006,44,177,-133
212000008,331,202,129
212000009,75,167,-92
212000012,238,47,191
212000013,104,33,71
212000014,528,58,470
212000015,438,78,360
212000016,646,234,412
212000027,803,168,635
212000028,757,178,579
212000029,534,203,331
212000030,71,13,58
212000031,76,16,60
212000048,62,774,-712
212000049,17,396,-379
212000050,12,35,-23
212000051,457,93,364
212000052,284,95,189
212000053,250,129,121
212000054,1117,54,1063
212000055,917,96,821
212000056,81,37,44
212000057,39,44,-5
212000058,247,69,178
212000070,233,55,178
212000077,299,128,171
212000099,823,155,668
212000108,485,529,-44
212000111,759,47,712
212000120,102,175,-73
212000138,327,75,252
212000156,0,52,-52
212000158,7,113,-106
212000159,1378,55,1323
212000160,1396,84,1312
212000161,205,8,197
212000310,131,6,125
212000311,27,38,-11
212000374,47,9,38
213000001,12,382,-370
213000005,1345,98,1247
213000006,1138,126,1012
213000007,71,11,60
213000009,423,135,288
213000010,653,112,541
213000011,292,34,258
213000012,254,140,114
213000014,71,45,26
213000015,417,8,409
213000016,434,10,424
213000017,57,0,57
213000018,0,11,-11
213000019,1,64,-63
213000020,146,88,58
213000021,1,57,-56
213000023,905,228,677
213000033,413,1116,-703
213000034,638,144,494
213000035,245,429,-184
213000045,180,213,-33
213000046,81,70,11
213000047,204,584,-380
213000056,412,11,401
213000069,150,32,118
213000073,0,39,-39
213000074,90,233,-143
213000075,1748,20,1728
213000085,3,20,-17
213000086,18,52,-34
213000091,772,9,763
213000092,30,6,24
213000099,102,781,-679
213000100,1318,273,1045
213000101,1396,96,1300
213000102,1455,93,1362
213000103,820,263,557
213000104,48,175,-127
213000105,152,2170,-2018
213000106,72,143,-71
213000107,123,282,-159
213000108,64,272,-208
213000109,15,147,-132
213000110,5,80,-75
213000111,0,59,-59
213000112,60,90,-30
213000115,75,3,72
213000116,14,199,-185
213000117,1,176,-175
213000118,1969,432,1537
213000119,32,229,-197
213000120,23,207,-184
213000122,175,235,-60
213000123,70,314,-244
213000124,321,631,-310
213000125,283,57,226
213000126,56,75,-19
213000127,37,108,-71
213000128,54,450,-396
213000129,175,2777,-2602
213000130,1883,934,949
213000132,2781,165,2616
213000133,2427,115,2312
213000134,3594,41,3553
213000136,1028,10,1018
213000137,983,8,975
213000139,255,13,242
213000147,36,4,32
213000148,21,12,9
213000149,13,12,1
213000150,0,681,-681
213000151,3,158,-155
213000152,2,237,-235
213000153,1,310,-309
213000154,124,195,-71
213000155,134,168,-34
213000156,176,196,-20
213000157,1367,187,1180
213000158,734,403,331
213000159,1447,231,1216
213000163,4317,401,3916
213000165,906,284,622
213000171,0,20,-20
213000172,0,52,-52
213000173,2,48,-46
213000174,1,47,-46
213000175,17,58,-41
213000176,625,82,543
213000177,367,6,361
213000178,735,3,732
213000179,745,1,744
213000180,1238,2,1236
213000184,47,264,-217
213000188,1361,70,1291
213000189,2226,43,2183
213000190,1195,200,995
213000191,1385,148,1237
213000192,972,142,830
213000193,249,215,34
213000194,1,302,-301
213000195,48,154,-106
213000196,616,1831,-1215
213000197,840,898,-58
213000198,40,0,40
213000200,204,429,-225
213000201,15,91,-76
213000202,7,252,-245
213000203,1870,211,1659
213000204,1449,34,1415
213000205,1085,36,1049
213000206,1327,48,1279
213000207,86,2,84
213000208,9,0,9
213000209,96,9,87
213000210,195,8,187
213000211,2,13,-11
213000212,26,17,9
213000213,80,28,52
213000218,619,419,200
213000219,2229,87,2142
213000220,2769,20,2749
213000223,560,47,513
213000224,54,18,36
213000225,106,16,90
213000226,70,2,68
213000227,2725,71,2654
213000228,1763,35,1728
213000229,357,30,327
213000230,858,13,845
213000232,159,17,142
213000233,9,123,-114
213000234,1,58,-57
213000293,13,65,-52
213000294,125,38,87
213000295,59,38,21
213000296,150,16,134
213000297,12,62,-50
213000298,20,90,-70
213000299,53,21,32
213000300,0,4,-4
213000303,0,28,-28
213000304,0,13,-13
213000305,3,12,-9
213000306,61,319,-258
213000307,172,111,61
213000308,84,167,-83
213000309,497,36,461
213000310,526,153,373
213000311,99,530,-431
213000315,123,185,-62
213000316,693,46,647
213000322,170,35,135
213000323,343,61,282
213000324,273,19,254
213000325,430,20,410
213000326,406,33,373
213000327,540,60,480
213000328,262,107,155
213000329,426,40,386
213000340,105,236,-131
213000341,2272,34,2238
213000347,240,1357,-1117
213000348,6,88,-82
213000349,2,20,-18
213000350,183,783,-600
213000366,147,202,-55
213000367,667,20,647
213000379,18,31,-13
213000386,40,39,1
213000406,237,96,141
213000417,2902,707,2195
213000425,876,135,741
213000426,535,24,511
213000427,136,101,35
213000428,130,94,36
213000429,11,27,-16
213000430,144,149,-5
213000431,28,1,27
213000432,0,69,-69
213000433,56,34,22
213000434,361,121,240
213000435,229,39,190
213000436,257,54,203
213000437,17,35,-18
213000438,215,39,176
213000439,53,21,32
213000440,67,154,-87
213000441,0,0,0
213000442,42,25,17
213000443,1026,431,595
213000444,31,20,11
213000445,0,79,-79
213000446,1,52,-51
213000447,1,122,-121
213000448,9,145,-136
213000449,2534,26,2508
213000450,28,36,-8
213000451,1049,62,987
213000452,48,15,33
213000453,21,167,-146
213000455,112,1,111
213000456,1,112,-111
213000481,1,0,1
213000484,42,15,27
213000489,314,75,239
213900002,9,691,-682
213900003,115,14,101
213900013,2,34,-32
213900015,0,2,-2
213900016,58,2,56
213900020,50,66,-16
213900030,0,61,-61
213900032,168,63,105
213900033,667,15,652
213900034,1644,40,1604
213900035,313,98,215
213900036,151,94,57
213900037,36,230,-194
213900038,1151,90,1061
213900039,0,44,-44
213900041,16,441,-425
213900042,144,458,-314
213900043,592,40,552
213900244,446,0,446
213900245,0,14,-14
218000003,63,57,6
218000004,120,52,68
218000005,28,100,-72
218000006,90,66,24
218000007,22,53,-31
218000012,108,405,-297
218000013,330,287,43
218000014,502,163,339
218000019,619,194,425
218000020,406,157,249
218000021,62,47,15
218000022,38,11,27
218000023,12,16,-4
218000024,9,5,4
218000025,9,7,2
218000026,20,16,4
218000027,0,2,-2
218000028,12,2,10
218000029,1,2,-1
218000030,66,8,58
218000031,13,3,10
218000032,3,6,-3
218000040,1,6,-5
218000046,187,141,46
218000047,28,91,-63
218000048,249,29,220
218000049,111,43,68
218000050,400,108,292
218000051,158,145,13
218000052,2,31,-29
218000053,2,10,-8
218000054,4,53,-49
218000055,4,46,-42
218000056,31,76,-45
218000057,18,78,-60
218000064,0,13,-13
218000065,148,30,118
218000066,69,40,29
218000067,188,36,152
218000068,343,80,263
218000069,683,40,643
218000070,491,268,223
218000071,272,200,72
218000072,180,171,9
218000078,1619,228,1391
218000079,592,34,558
218000080,387,53,334
218000081,1110,45,1065
218000082,437,39,398
218000083,199,45,154
218000084,219,56,163
218000085,159,118,41
218000086,150,49,101
218000087,217,69,148
218000090,35,327,-292
218000091,1689,586,1103
218000092,316,51,265
218000093,147,79,68
218000094,594,134,460
218000099,365,271,94
218000100,447,151,296
218000101,465,159,306
218000102,966,273,693
218000103,247,79,168
218000104,214,30,184
218000105,28,6,22
218000106,29,4,25
218000107,346,10,336
218000108,25,19,6
218000112,141,14,127
218000117,74,127,-53
218000134,606,313,293
218000135,19,99,-80
218000136,262,154,108
218000137,134,142,-8
218000138,88,63,25
218000139,255,493,-238
218000140,600,568,32
218000141,145,121,24
218000142,244,224,20
218000143,33,324,-291
218000144,10,297,-287
218000145,873,251,622
218000146,164,130,34
218000151,3,33,-30
218000152,59,57,2
218000153,6,8,-2
218000154,20,1,19
218000155,62,2,60
218000156,149,9,140
218000157,90,9,81
218000158,14,6,8
218000159,6,7,-1
218000160,22,12,10
218000161,60,6,54
218000162,66,13,53
218000163,50,4,46
218000164,161,22,139
218000165,231,97,134
218000170,0,29,-29
218000171,73,1,72
218000172,10,10,0
218000173,17,9,8
218000174,23,15,8
218000176,458,17,441
218000177,571,94,477
218000178,82,140,-58
218000179,270,47,223
218000180,124,25,99
218000181,381,46,335
218000187,25,38,-13
218000188,19,28,-9
218000189,28,120,-92
218000190,17,20,-3
218000191,184,27,157
218000192,238,125,113
218000193,388,208,180
218000194,267,210,57
218000195,390,27,363
218000196,670,214,456
218000197,1381,129,1252
218000198,301,43,258
218000199,151,11,140
218000200,86,26,60
218000201,49,8,41
218000202,63,949,-886
218000207,6,18,-12
218000208,37,99,-62
218000211,55,7,48
218000212,0,3,-3
218000213,232,99,133
218000214,2,28,-26
218000215,188,38,150
218000217,3,45,-42
218000218,472,58,414
218000219,4,41,-37
218000220,97,520,-423
218000221,1072,389,683
218000222,1,79,-78
218000223,91,775,-684
218000224,4,273,-269
218000225,306,27,279
218000226,506,58,448
218000230,0,11,-11
218000232,116,27,89
218000239,199,0,199
218000240,3,2,1
218000241,1,0,1
218000242,7,0,7
218000243,8,0,8
218000244,42,8,34
218000245,15,30,-15
218000246,0,20,-20
218000247,3,5,-2
218000248,0,42,-42
218000249,0,2,-2
218000250,0,98,-98
218000251,1,29,-28
218000252,0,26,-26
218000253,0,17,-17
218000254,1,12,-11
218000255,1,9,-8
218000256,5,35,-30
218000267,542,777,-235
218000268,1,87,-86
218000269,4,59,-55
218000270,63,17,46
218000271,15,32,-17
218000273,221,1,220
218000274,30,2,28
218000275,122,101,21
218000276,46,15,31
218000278,13,22,-9
218000279,74,22,52
218000280,1,17,-16
218000281,10,17,-7
218000282,721,1263,-542
218000284,37,0,37
218000301,68,151,-83
218000302,109,76,33
218000303,3,99,-96
218000316,2180,616,1564
218000317,4248,419,3829
218000318,2425,313,2112
218000319,1686,422,1264
218000320,1625,667,958
218000338,15,53,-38
218000345,281,39,242
218000346,42,207,-165
218000459,38,137,-99
218000490,18,36,-18
218000501,140,66,74
218000502,184,20,164
218000503,122,16,106
218000504,183,8,175
218000505,63,49,14
218000506,11,48,-37
218000508,0,1,-1
218000510,106,19,87
218000520,204,149,55
218000521,13,21,-8
218000522,0,218,-218
218000523,232,2,230
218000524,3,195,-192
218000525,123,8,115
218000526,30,135,-105
218000529,25,41,-16
218000530,43,8,35
218000531,28,37,-9
218000532,119,3,116
218000534,595,9,586
218000537,6,88,-82
218000538,165,185,-20
218000540,53,56,-3
218000543,410,26,384
218000544,27,45,-18
218000545,356,91,265
218000546,74,22,52
218000547,256,116,140
218000548,112,39,73
218000549,1679,82,1597
218000550,247,99,148
218000551,34,189,-155
218000552,496,109,387
218000553,6,61,-55
218000554,23,44,-21
218000555,59,75,-16
218000556,281,89,192
218000557,1081,84,997
218000558,90,0,90
218000559,1,68,-67
218000560,0,12,-12
218000561,8,1,7
218000562,14,104,-90
218000563,312,22,290
218000564,2,129,-127
218000565,149,18,131
218000566,66,10,56
218000567,3,53,-50
218000568,15,1,14
218000569,13,123,-110
218000570,27,2,25
218000571,0,50,-50
218000572,121,1,120
218000573,5,62,-57
218000574,105,26,79
218000575,133,2,131
218000576,0,79,-79
218000577,121,18,103
218000578,0,149,-149
218000579,18,39,-21
218000581,27,74,-47
218000582,153,2,151
218000583,21,0,21
218000584,0,21,-21
218000585,64,5,59
218000586,18,43,-25
218000587,5,0,5
218000588,1,8,-7
218000589,0,23,-23
218000590,5,0,5
218000591,0,41,-41
218000592,29,22,7
218000593,1,0,1
218000594,0,19,-19
218000595,0,0,0
218000596,0,0,0
218000597,0,0,0
218000598,0,1,-1
218000599,0,4,-4
218000600,0,3,-3
218000601,1,0,1
218000602,0,19,-19
218000603,0,0,0
218000604,41,11,30
218000605,0,20,-20
218000606,63,7,56
218000607,5,110,-105
218000608,50,8,42
218000609,4,73,-69
218000610,78,0,78
218000611,31,0,31
218000612,0,29,-29
218000613,43,14,29
218000614,6,41,-35
218000615,227,2,225
218000616,8,111,-103
218000617,2,0,2
218000618,0,28,-28
218000619,68,60,8
218000620,2,132,-130
218000621,0,9,-9
218000622,1,126,-125
218000623,25,19,6
218000624,0,286,-286
218000625,3,44,-41
218000626,0,63,-63
218000628,260,157,103
218000631,104,2,102
218000632,0,93,-93
218000633,110,1,109
218000634,13,5,8
218000635,22,7,15
218000636,1046,309,737
218000637,1947,185,1762
218000638,720,5,715
218000639,51,25,26
218000640,1192,14,1178
218000641,224,61,163
218000652,103,50,53
218000653,387,24,363
218000663,2,20,-18
218000675,33,26,7
218000676,15,10,5
218000677,58,7,51
218000680,159,102,57
218000681,1091,80,1011
218000691,364,42,322
218000693,987,62,925
218000703,8,10,-2
218000718,6,119,-113
218000719,58,88,-30
218000720,2,35,-33
218000721,12,9,3
218000725,17,5,12
218001214,43,31,12
218001329,58,43,15
218001330,20,12,8
218001359,1,1,0
218001360,0,0,0
218001361,0,0,0
218001362,0,1,-1
219000001,5,23,-18
219000002,29,23,6
219000003,107,46,61
219000004,125,105,20
219000017,108,94,14
219000020,314,29,285
219000022,192,1,191
219000023,97,2,95
219000029,1,103,-102
219000034,61,32,29
219000039,23,203,-180
219000040,19,74,-55
219000041,172,42,130
219000051,0,67,-67
219000052,1,40,-39
219000053,0,78,-78
219000054,413,219,194
219000055,431,2,429
219000056,10,1,9
219000057,100,0,100
219000062,2,65,-63
219000063,303,9,294
219000064,0,28,-28
219000110,275,261,14
219000111,117,60,57
219000112,401,35,366
219000113,501,16,485
219000114,292,38,254
219000116,97,50,47
219000117,233,51,182
219000118,111,114,-3
219000123,173,81,92
219000124,78,47,31
219000125,34,3,31
219000126,62,190,-128
219000127,1,9,-8
219000128,19,108,-89
219000129,34,80,-46
219000130,181,330,-149
219000131,1223,749,474
219000133,25,123,-98
219000134,9,67,-58
219000135,18,50,-32
219000136,87,316,-229
219000138,224,11,213
219000139,163,33,130
219000140,435,1,434
219000141,74,22,52
219000142,42,28,14
219000143,18,17,1
219000145,28,20,8
219000146,0,0,0
219000147,7,19,-12
219000148,14,12,2
219000149,1,27,-26
219000150,2,42,-40
219000151,0,0,0
219000157,637,154,483
219000158,463,156,307
219000161,631,6,625
219000163,1610,302,1308
219000166,244,186,58
219000167,122,145,-23
219000168,448,140,308
219000174,783,211,572
219000175,384,7,377
219000176,369,9,360
219000177,234,5,229
219000178,320,1,319
219000179,280,31,249
219000180,107,22,85
219000182,199,12,187
219000183,135,27,108
219000184,97,8,89
219000185,0,4,-4
219000186,159,29,130
219000187,17,32,-15
219000189,49,126,-77
219000190,161,133,28
219000191,115,586,-471
219000192,362,193,169
219000193,410,105,305
219000195,5,501,-496
219000196,0,168,-168
219000198,66,64,2
219000199,194,52,142
219000200,291,55,236
219000201,83,99,-16
219000203,14,48,-34
219000204,52,307,-255
219000205,26,172,-146
219000207,95,186,-91
219000209,107,34,73
219000210,19,175,-156
219000213,13,164,-151
219000239,157,184,-27
219000240,133,337,-204
219000241,127,170,-43
219000242,112,293,-181
219000243,176,174,2
219000244,41,56,-15
219000245,8,16,-8
219000246,26,49,-23
219000247,410,47,363
219000248,585,463,122
219000249,229,135,94
219000250,376,65,311
219000251,1045,173,872
219000252,376,86,290
219000253,217,11,206
219000255,196,112,84
219000256,640,207,433
219000257,112,0,112
219000262,44,83,-39
219000263,95,68,27
219000267,1,16,-15
219000268,0,4,-4
219000269,2,1,1
219000270,17,1,16
219000271,451,3,448
219000278,0,2,-2
219000279,0,1,-1
219000283,0,18,-18
219000295,31,101,-70
219000296,49,249,-200
219000297,15,21,-6
219000298,53,15,38
219000299,539,30,509
219000300,45,44,1
219000301,23,263,-240
219000302,16,102,-86
219000307,178,11,167
219000308,66,55,11
219000311,420,60,360
219000312,472,126,346
219000313,693,54,639
219000314,79,64,15
219000315,561,12,549
219000316,993,94,899
219000317,286,25,261
219000320,5,73,-68
219000321,0,34,-34
219000323,0,55,-55
219000325,0,1,-1
219000326,24,19,5
219000327,54,11,43
219000328,18,21,-3
219000329,476,97,379
219000330,24,24,0
219000331,64,28,36
219000332,396,119,277
219000333,190,5,185
219000335,126,3,123
219000337,31,0,31
219000338,24,1,23
219000344,18,126,-108
219000345,239,166,73
219000346,37,13,24
219000348,200,84,116
219000349,36,122,-86
219000350,46,297,-251
219000351,0,5,-5
219000352,91,81,10
219000353,427,48,379
219000354,1079,31,1048
219000355,169,62,107
219000356,570,817,-247
219000363,205,60,145
219000364,124,26,98
219000365,70,49,21
219000366,155,1096,-941
219000368,386,409,-23
219000370,1040,361,679
219000371,12,12,0
219000382,15,19,-4
219000383,222,695,-473
219000385,126,605,-479
219000386,498,1387,-889
219000387,1,16,-15
219000390,13,0,13
219000391,6,0,6
219000397,59,4,55
219000398,25,63,-38
219000401,15,78,-63
219000402,22,42,-20
219000403,34,329,-295
219000404,21,114,-93
219000407,6,11,-5
219000409,105,53,52
219000410,108,11,97
219000411,195,10,185
219000446,80,282,-202
219000447,0,3,-3
219000448,9,5,4
219000452,89,68,21
219000453,35,112,-77
219000454,528,431,97
219000556,993,49,944
219000558,83,105,-22
219000590,23,305,-282
219000591,348,91,257
219000592,39,161,-122
219000595,8,7,1
219000635,330,25,305
219000636,39,29,10
219000657,52,15,37
219000658,16,200,-184
219000673,0,15,-15
219000676,29,2,27
219000679,67,9,58
219000684,241,0,241
219000685,0,62,-62
219000686,1,6,-5
219000688,0,69,-69
219000689,8,120,-112
219000690,224,8,216
219000691,1,80,-79
219000692,196,4,192
219000693,0,10,-10
219000694,69,0,69
219000695,225,3,222
219000698,43,42,1
219000699,0,79,-79
219000727,9,125,-116
219000728,199,5,194
219000770,34,1,33
219000771,0,58,-58
219001150,0,81,-81
219001151,0,0,0
219001166,16,59,-43
219001167,0,33,-33
220000001,47,259,-212
220000002,7,156,-149
220000003,248,158,90
220000004,389,317,72
220000005,454,1207,-753
220000006,147,444,-297
220000007,548,101,447
220000008,336,227,109
220000009,354,323,31
220000010,44,70,-26
220000011,443,6011,-5568
220000012,63,717,-654
220000014,181,108,73
220000015,13,363,-350
220000017,33,265,-232
220000018,10342,3343,6999
220000019,273,863,-590
220000020,695,221,474
220000021,1267,369,898
220000022,1624,203,1421
220000023,369,92,277
220000024,909,391,518
220000025,781,1650,-869
220000026,609,1016,-407
220000027,16,239,-223
220000028,69,148,-79
220000029,13,101,-88
220000030,40,36,4
220000031,1292,507,785
220000064,51,999,-948
221000046,2,1,1
221000047,0,0,0
221000048,0,0,0
221000049,0,3,-3
221000050,13,5,8
221000055,31,72,-41
221000057,256,5,251
221000068,268,89,179
221000069,465,38,427
221000070,358,14,344
221000071,210,9,201
221000072,561,6,555
221000073,319,29,290
221000074,0,3,-3
221000075,4,15,-11
221000076,17,8,9
221000077,3,17,-14
221000081,11,6,5
221000082,136,21,115
221000083,7,8,-1
221000084,7,4,3
221000085,9,78,-69
221000086,7,57,-50
221000087,2,94,-92
221000088,3,207,-204
221000089,16,125,-109
221000090,18,223,-205
221000098,240,43,197
221000099,504,26,478
221000100,315,9,306
221000101,296,12,284
221000102,312,14,298
221000109,6,14,-8
221000110,4,35,-31
221000111,10,59,-49
221000112,1,47,-46
221000113,7,73,-66
221000114,0,59,-59
221000120,26,119,-93
221000121,4,46,-42
221000122,61,32,29
221000123,1,10,-9
221000124,10,74,-64
221000155,224,46,178
221000156,42,61,-19
221000175,1,23,-22
221000176,0,2,-2
221000182,216,2,214
221000241,377,280,97
221000242,78,129,-51
221000243,695,148,547
221000244,101,282,-181
221000245,205,91,114
221000246,39,177,-138
221000247,204,161,43
221000248,131,83,48
221000267,14,645,-631
221000325,1,187,-186
221000331,1,39,-38
221000338,20,70,-50
221000378,632,53,579
221000381,69,38,31
222000282,1,0,1
222000296,1,16,-15
222000568,598,14,584
222000569,266,39,227
222000570,220,55,165
222000571,814,35,779
222000577,26,43,-17
222000578,2,63,-61
222000579,3,59,-56
222000580,23,704,-681
222000599,0,105,-105
222000600,1,108,-107
222000601,1,558,-557
222000603,8,76,-68
222000604,0,112,-112
222000605,4,10,-6
222000606,1,15,-14
222000607,0,8,-8
222000608,7,10,-3
222000609,79,45,34
222000616,1329,13,1316
222000617,7,8,-1
222000618,12,11,1
222000620,4,9,-5
222000621,9,7,2
222000623,986,7,979
222000624,748,5,743
222000625,2347,7,2340
222000636,73,3,70
222000686,11,8,3
222000687,96,22,74
222001066,1438,1,1437
222001067,271,6,265
222001068,434,26,408
222001069,232,55,177
222001082,137,4,133
222001083,454,27,427
222001084,1,95,-94
222001085,1,1120,-1119
222001111,576,35,541
222001112,360,31,329
222001313,5,23,-18
222001314,3,135,-132
222001464,133,45,88
222001465,9,107,-98
222001484,505,22,483
222001485,14,19,-5
222001494,1744,149,1595
222001495,147,71,76
222001496,841,62,779
222001497,188,176,12
222001502,21,35,-14
222001503,899,9,890
222001504,16,109,-93
222001505,1155,18,1137
222001506,9,101,-92
222001507,725,21,704
222001510,1657,45,1612
222001511,39,101,-62
222001514,1682,32,1650
222001515,50,119,-69
222001518,1444,47,1397
222001519,119,125,-6
222001527,262,28,234
222001528,20,86,-66
222001529,855,19,836
222001530,32,99,-67
222001533,80,175,-95
222001534,1393,15,1378
222001535,684,211,473
222001536,52,101,-49
222001537,1073,27,1046
222001538,17,134,-117
222001563,1685,56,1629
222001564,22,221,-199
222001568,235,125,110
222001576,0,3,-3
222001579,0,4,-4
222001583,38,100,-62
222001584,480,19,461
222001596,357,655,-298
222001597,2347,535,1812
222001626,0,38,-38
222001650,13,122,-109
222001651,27,187,-160
222001914,842,18,824
222001915,15,69,-54
222900004,818,109,709
222900009,229,209,20
222900019,108,233,-125
222900024,251,13,238
222900025,54,21,33
225000001,850,84,766
225000002,1846,156,1690
225000003,1964,60,1904
225000004,1244,219,1025
225000005,55,56,-1
225000006,0,107,-107
225000007,824,1092,-268
225000010,434,23,411
225000011,283,2461,-2178
225000012,388,1117,-729
225000013,297,92,205
225000014,1190,158,1032
225000015,207,260,-53
225000021,1126,70,1056
225000027,347,256,91
225000032,1076,85,991
225000042,114,246,-132
225000049,54,190,-136
225000050,243,40,203
225000053,4,93,-89
225000058,978,152,826
225000067,509,80,429
225000068,263,170,93
225000069,189,234,-45
225000070,189,213,-24
225000071,76,76,0
225000075,31,1244,-1213
225000076,129,54,75
225000078,66,25,41
225000085,327,30,297
225000086,666,21,645
225000087,233,11,222
225000088,19,186,-167
225000089,56,145,-89
225000090,13,129,-116
225000091,43,46,-3
225000092,60,180,-120
225000093,599,94,505
225000094,8,139,-131
225000095,380,150,230
225000096,71,100,-29
225000098,1637,127,1510
225000099,878,45,833
225000100,1465,60,1405
225000104,129,496,-367
225000110,35,354,-319
225000111,778,312,466
225000112,1030,890,140
225000113,337,1490,-1153
225000114,169,784,-615
225000115,1750,853,897
225000116,263,76,187
225000117,605,477,128
225000118,1767,441,1326
225000119,670,80,590
225000120,1462,78,1384
225000121,214,45,169
225000123,1034,6,1028
225000125,829,188,641
225000126,922,232,690
225000127,550,4980,-4430
225000128,501,1763,-1262
225000132,1004,16,988
225000133,506,15,491
225000134,1109,162,947
225000135,224,21,203
225000136,847,10,837
225000137,629,182,447
225000138,811,258,553
225000143,75,347,-272
225000144,17,299,-282
225000145,43,47,-4
225000146,105,64,41
225000147,38,59,-21
225000148,1,40,-39
225000149,80,159,-79
225000151,33,72,-39
225000155,97,75,22
225000156,303,1128,-825
225000157,829,282,547
225000158,78,134,-56
225000171,1,177,-176
225000180,3,1,2
225000181,0,188,-188
225000182,89,2,87
225000185,18,377,-359
225000187,94,416,-322
225000191,100,0,100
225000194,0,2,-2
225000208,0,78,-78
225000209,100,25,75
225000210,7,125,-118
225000217,0,17,-17
225000218,43,0,43
225000223,0,401,-401
225000224,9,6,3
225000225,2,171,-169
225000226,20,2,18
225000227,135,206,-71
225000228,8,7,1
225000229,0,113,-113
225000230,9,1,8
225000231,0,11,-11
225000232,351,1,350
225000241,116,0,116
225000242,0,21,-21
225000249,106,73,33
225000250,114,199,-85
225000251,817,77,740
225000254,2,268,-266
225000256,1,695,-694
225000257,0,55,-55
226000042,183,272,-89
226000043,15,144,-129
226000044,84,350,-266
226000045,76,181,-105
226000046,1392,114,1278
226000047,1146,129,1017
226000048,896,102,794
226000049,961,254,707
226000070,0,16,-16
226000071,0,39,-39
226000072,0,39,-39
226000073,0,4,-4
226000074,0,3,-3
226000084,0,19,-19
226000085,1,46,-45
226000086,0,23,-23
226000087,0,30,-30
226000088,5,34,-29
226000090,58,282,-224
226000091,28,120,-92
226000092,1,20,-19
226000093,7,0,7
226000094,5,2,3
226000095,3,18,-15
226000105,3,1,2
226000106,29,0,29
226000107,10,0,10
226000108,35,0,35
226000109,397,0,397
226000124,551,137,414
226000134,2381,394,1987
226000135,4065,457,3608
226000136,1603,302,1301
226000137,19,96,-77
226000138,14,40,-26
226000139,0,39,-39
226000156,694,3,691
226000157,941,13,928
226000163,12,88,-76
226000202,1,112,-111
226000231,1449,10,1439
226000232,42,1,41
227000033,782,15,767
227000036,1412,24,1388
227000037,1251,37,1214
227000038,382,31,351
227000084,1,79,-78
227000085,0,94,-94
227000088,122,1,121
227000089,52,1,51
227000090,26,0,26
227000091,32,0,32
227000092,10,0,10
227000093,202,0,202
227000094,18,1,17
227000130,69,115,-46
227000131,36,179,-143
227000132,28,85,-57
227000133,30,45,-15
227000134,19,64,-45
227000152,0,4,-4
227000153,0,73,-73
227000154,0,41,-41
227000155,0,23,-23
227000156,0,29,-29
227000165,0,67,-67
227000196,996,129,867
227000199,1729,179,1550
227000230,11,182,-171
227000232,3033,20,3013
227000242,11,138,-127
227000243,533,22,511
227000245,19,138,-119
227000246,65,161,-96
227000247,1090,18,1072
227000248,186,42,144
227000249,23,123,-100
227000250,453,295,158
227000251,33,227,-194
227000252,82,125,-43
227000253,534,18,516
227000262,1169,22,1147
227000266,4193,70,4123
227000267,12,629,-617
227000282,9,39,-30
227000284,2575,9,2566
227000286,20,14,6
227000291,16,151,-135
227000296,402,234,168
227000484,166,14,152
227000485,6,331,-325
227000655,1115,2,1113
227000656,1726,15,1711
227000657,859,10,849
227000704,1286,33,1253
229000265,21,8,13
229000266,1,11,-10
229000267,38,1,37
229000268,59,3,56
229000269,51,0,51
229000274,0,67,-67
229000275,1,144,-143
229000276,0,55,-55
229000277,0,2,-2
229000278,3,2,1
229000295,37,13,24
229000296,6,82,-76
229000297,19,28,-9
229000298,39,420,-381
229000320,50,3,47
229000321,35,307,-272
229000412,23,84,-61
229000414,18,96,-78
229000415,16,19,-3
229000416,16,3,13
229000417,13,11,2
229000419,271,340,-69
229000440,428,172,256
229000442,39,20,19
229000443,17,0,17
229000444,1,32,-31
229000445,94,10,84
229000446,162,53,109
229000491,7,4,3
229000492,10,65,-55
229000493,7,75,-68
229000494,95,3,92
229000495,232,5,227
229000496,253,1,252
229000507,0,51,-51
229000508,4,28,-24
229000509,0,57,-57
229000510,1,28,-27
229000511,8,39,-31
229000512,1,25,-24
229000513,0,6,-6
229000514,0,1,-1
229000517,8,0,8
229000518,26,27,-1
229000519,0,12,-12
229000520,31,22,9
229000521,117,33,84
229000522,28,12,16
229000523,6,0,6
229000524,17,1,16
229000527,1,1,0
229000528,0,0,0
229000529,25,0,25
229000530,114,1,113
229000531,149,0,149
229000532,43,2,41
229000533,107,0,107
229000534,49,1,48
229000564,241,0,241
229000565,174,0,174
229000566,0,12,-12
229000567,0,3,-3
229000582,97,7,90
229000583,46,7,39
229000584,0,4,-4
229000585,1,112,-111
229000718,0,4,-4
229000719,0,6,-6
229000720,0,15,-15
229000721,0,10,-10
229000722,0,0,0
229000723,0,3,-3
229000724,0,13,-13
229000725,0,11,-11
229000738,0,0,0
229000739,0,0,0
229000740,1,0,1
229000741,81,0,81
229000742,36,0,36
229000743,53,0,53
229000744,3,0,3
229000745,4,0,4
229000746,42,0,42
229000847,248,1,247
229000848,209,0,209
229000849,437,2,435
229000851,700,1,699
229000854,0,7,-7
229000856,0,56,-56
229000857,0,14,-14
229000858,0,16,-16
229000919,0,13,-13
229000930,0,13,-13
229000937,167,9,158
229000966,94,39,55
229000981,5,5,0
229000985,82,18,64
229000986,0,2,-2
229000987,0,0,0
229000988,0,3,-3
229000989,3,55,-52
229000990,2,39,-37
229000991,1,0,1
229000992,66,7,59
229000993,573,14,559
229000998,90,32,58
229000999,177,12,165
229001034,0,50,-50
229001035,5,17,-12
229001036,11,37,-26
229001037,125,12,113
229001038,0,6,-6
229001039,4,0,4
229001040,2,143,-141
229001041,587,1,586
229001042,47,12,35
229001047,9,122,-113
229001050,92,16,76
229001168,0,49,-49
229001200,26,0,26
229001338,4,4,0
229001394,519,1,518
229001422,222,9,213
229001423,3,44,-41
229001431,54,35,19
229001432,4,35,-31
229001444,390,56,334
229001445,110,169,-59
229001479,88,2,86
229001503,539,61,478
229001504,19,36,-17
229001505,247,51,196
229001506,20,47,-27
229001509,163,2,161
229001510,7,43,-36
229001545,154,24,130
229001546,0,9,-9
229001553,162,12,150
229001554,6,10,-4
229001630,119,24,95
229001631,51,72,-21
229001635,0,20,-20
229001636,0,0,0
229001658,0,16,-16
229001659,70,37,33
229001660,2,12,-10
229001661,2,99,-97
229001662,22,0,22
229001663,0,16,-16
229002584,580,497,83
229002831,324,169,155
229002841,54,45,9
229002842,44,54,-10
229002843,59,58,1
229002844,17,155,-138
229002845,13,156,-143
229002846,6,57,-51
229002847,2,15,-13
229002848,1,77,-76
229002849,2,197,-195
229002850,9,11,-2
229002851,52,237,-185
229002852,132,117,15
229002853,174,24,150
229002854,32,61,-29
229002855,9,17,-8
229002856,107,6,101
229002857,30,95,-65
229002858,7,5,2
229002859,15,38,-23
229002860,59,21,38
229002861,59,87,-28
229002862,25,40,-15
229002863,33,12,21
229002864,79,120,-41
229002865,0,30,-30
229002866,9,53,-44
229002867,1,7,-6
229002868,33,63,-30
229002869,15,56,-41
229002870,72,21,51
235000066,357,43,314
235000067,213,67,146
235000072,30,2,28
235000073,50,50,0
235000074,89,17,72
235000080,3,85,-82
235000081,79,124,-45
235000082,309,23,286
235000083,748,94,654
235000084,33,47,-14
235000085,232,39,193
235000089,31,22,9
235000092,28,32,-4
235000093,1,3,-2
235000097,2,4,-2
235000098,117,8,109
235000099,54,16,38
235000116,20,22,-2
235000117,654,24,630
235000133,15,237,-222
235000134,12,65,-53
235000206,3,7,-4
235000207,0,4,-4
235000208,2,2,0
235000209,16,1,15
235000210,5,0,5
235000212,1,7,-6
235000213,2,8,-6
235000220,0,1,-1
235000221,8,40,-32
235000238,16,263,-247
235000239,1,52,-51
235000242,273,1716,-1443
235000245,558,195,363
235000246,21,60,-39
235000284,3,53,-50
235000295,75,1,74
235000305,625,11,614
235000306,711,8,703
235000307,92,2,90
235000308,18,1,17
235000309,177,0,177
235000310,28,0,28
235000311,90,12,78
235000322,0,121,-121
235000323,0,64,-64
235000324,0,86,-86
235000325,1,38,-37
235000326,5,90,-85
235000351,0,54,-54
235000352,57,17,40
235000353,4,33,-29
235000354,21,13,8
235000355,1,258,-257
235000356,136,13,123
235000357,69,19,50
235000358,143,45,98
235000359,27,1,26
235000360,234,16,218
235000361,74,9,65
235000381,66,69,-3
235000382,409,44,365
235000390,5,0,5
235000391,260,26,234
235000392,259,107,152
235000393,236,117,119
235000395,188,61,127
235000396,708,35,673
235000400,379,97,282
235000401,4,135,-131
235000405,141,164,-23
235000406,28,107,-79
235000407,61,47,14
235000409,192,66,126
235000410,63,85,-22
235000411,0,64,-64
235000485,0,7,-7
235000486,9,10,-1
235000549,122,173,-51
235000550,62,77,-15
235000599,95,14,81
235000600,0,4,-4
235000601,17,3,14
235000602,260,43,217
235000614,1,12,-11
235000648,0,1,-1
235000649,35,12,23
235000685,0,3,-3
235000815,1,7,-6
235000834,0,18,-18
235000855,48,42,6
235000862,38,118,-80
235000891,0,8,-8
235000892,56,64,-8
235000901,91,57,34
235000907,1,3,-2
235001010,255,77,178
235001029,156,71,85
235001030,164,90,74
235001078,134,94,40
235001079,122,25,97
235001147,17,103,-86
235001166,33,18,15
235001167,33,5,28
235001169,30,124,-94
235001188,0,5,-5
235001189,1,1,0
235001197,0,37,-37
235001200,63,7,56
235001208,6,62,-56
235001209,20,49,-29
235001210,19,166,-147
235001239,0,7,-7
235001244,0,6,-6
235016267,0,50,-50
241900007,95,0,95
277101746,0,0,0
277102712,84,47,37
277103813,0,0,0
277103814,0,0,0
277103898,0,2,-2
990011530,0,255,-255
990014944,11,159,-148
990015176,29,6,23
990015618,1,163,-162
990016032,1,631,-630
990032570,9,2350,-2341
990070001,224,29,195
990070103,0,2,-2
990070601,0,17,-17
990070751,4658,7,4651
990070766,1,139,-138
990071180,617,122,495
990071343,27,0,27
990071387,0,3,-3
990071823,993,3,990
990072600,1,426,-425
990072964,6,144,-138
990073285,0,0,0
990074393,2,535,-533
990074870,3860,14,3846
990075106,649,5,644
990075746,911,2,909
990076437,9053,11,9042
990076458,0,472,-472
997000007,503,5,498
997000041,0,363,-363
997000058,91,1,90
997000062,24,0,24
997000069,0,7,-7
997000070,0,62,-62
997000100,286,0,286
997000141,0,62,-62
997000198,0,105,-105
998000475,0,12,-12
998000736,0,985,-985
998000965,1,83,-82
998001031,0,315,-315
998001700,0,77,-77
998001899,0,0,0
998001900,13,1,12
998003073,2338,4,2334
998101900,0,0,0
998102850,0,68,-68
998501927,439,916,-477
998501929,260,2,258
998501930,106,1,105
998501931,432,90,342
998501932,14,1,13
998501933,106,1,105
998501937,21,2,19
998501944,10,0,10
998501970,480,23,457
998501971,1,358,-357
998501972,592,5,587
998501973,0,10,-10
998501974,3,85,-82
998501975,239,79,160
998501976,130,0,130
998501977,0,25,-25
998501978,5,1,4
998501979,0,5,-5
998501980,227,3,224
998501981,117,7,110
998501982,0,159,-159
998502006,0,0,0
998502024,0,5,-5
998502032,0,1,-1
998502062,8,0,8
998502063,0,0,0
998502173,12,0,12
998502269,0,11,-11
998601159,0,17,-17
998601292,1,25,-24
999033574,0,239,-239
999800001,86,26,60
999800002,0,1,-1
999800003,11,4,7
999800004,0,5,-5
999800005,0,13,-13
