ID,insum,outsum,diff
100000001,561,1239,-678
100000002,8064,1742,6322
100000003,9513,4930,4583
100000004,1867,1655,212
100000005,2928,5560,-2632
100000006,932,197,735
100000007,3515,1021,2494
100000008,357,663,-306
100000009,1216,832,384
100000010,132,145,-13
100000011,1280,111,1169
100000012,235,1004,-769
100000013,526,371,155
100000014,933,417,516
100000015,2218,4059,-1841
100000016,1473,1772,-299
100000017,1180,1172,8
100000018,2796,971,1825
100000019,7112,3024,4088
100000020,3444,12701,-9257
100000021,8228,3075,5153
100000022,3236,2500,736
100000023,8314,2220,6094
100000025,3498,1390,2108
100000028,3206,1286,1920
100000029,605,350,255
100000030,506,96,410
100000031,8127,12130,-4003
100000032,4221,6642,-2421
100000033,1569,4388,-2819
100000034,891,597,294
100000035,3006,1535,1471
100000036,3824,2030,1794
100000037,750,688,62
100000038,2837,1516,1321
100000039,2643,476,2167
100000040,586,278,308
100000041,1881,671,1210
100000042,1722,670,1052
100000043,1678,472,1206
100000044,544,897,-353
100000045,814,1649,-835
100000046,1634,1541,93
100000047,904,1243,-339
100000048,2814,1045,1769
100000049,2776,3379,-603
100000051,800,1546,-746
100000053,290,11,279
100000054,835,78,757
100000055,2204,343,1861
100000056,857,764,93
100000057,2903,1060,1843
100000058,1742,1658,84
100000059,15,182,-167
100000060,520,731,-211
100000061,3161,895,2266
100000062,3392,815,2577
100000063,1045,421,624
100000064,2010,551,1459
100000065,676,1645,-969
100000066,482,1169,-687
100000067,795,1074,-279
100000068,974,2482,-1508
100000069,753,2264,-1511
100000072,457,1854,-1397
100000073,1981,1862,119
100000075,943,428,515
100000076,7257,3872,3385
100000077,568,414,154
100000078,97,61,36
100000079,64,74,-10
100000080,45,52,-7
100000081,157,161,-4
100000102,4432,2362,2070
100000103,8811,1516,7295
100000104,7714,3144,4570
100000105,4659,2026,2633
100000106,3991,3438,553
100000107,1369,1244,125
100000108,1415,1339,76
100000109,5927,1605,4322
100000116,2406,1410,996
100000117,139,89,50
100000118,3010,1215,1795
100000119,889,893,-4
100000121,538,713,-175
100000122,2036,1285,751
100000123,5344,7128,-1784
100000124,8804,9769,-965
100000125,5137,1795,3342
100000126,1546,530,1016
100000127,2978,445,2533
100000128,3227,2557,670
100000129,743,651,92
100000130,488,767,-279
100000131,4290,5113,-823
100000132,2012,4178,-2166
100000133,9614,3861,5753
100000135,698,1374,-676
100000139,611,240,371
100000140,868,448,420
100000142,493,727,-234
100000143,1262,625,637
100000144,5208,1260,3948
100000147,1275,3441,-2166
100000150,66,558,-492
100000151,1500,1097,403
100000153,502,672,-170
100000154,315,232,83
100000155,34,65,-31
100000156,576,276,300
100000157,113,112,1
100000158,283,106,177
100000159,514,676,-162
100000165,2460,1066,1394
100000169,829,411,418
100000174,1990,533,1457
100000179,111,753,-642
100000180,11857,3437,8420
100000181,1034,377,657
100000188,153,435,-282
100000189,4708,654,4054
100000190,1517,840,677
100000191,948,678,270
100000192,97,195,-98
100000193,209,226,-17
100000330,2064,1330,734
100000355,489,1087,-598
100000362,7662,5075,2587
100000363,4849,6650,-1801
100000364,561,226,335
100000365,6209,6595,-386
100000366,9393,3940,5453
100000367,6613,5994,619
100000368,3686,2477,1209
100000369,2306,2949,-643
100000370,472,835,-363
100000376,167,164,3
100000379,7064,2197,4867
100000380,12053,4115,7938
100000384,9221,6465,2756
100000385,7411,5786,1625
100000386,12174,7143,5031
100000387,9613,6996,2617
100000388,10529,9106,1423
100000389,11119,8426,2693
100000390,12176,7183,4993
100000391,9451,9484,-33
100000392,5756,4145,1611
100000393,4120,5045,-925
100000394,12695,8559,4136
100000395,7453,3694,3759
100000396,12227,3739,8488
100000397,8255,4763,3492
100000398,16011,10775,5236
100900002,8,107,-99
100900003,541,240,301
100900004,49,1230,-1181
100900005,297,23,274
100900006,34,203,-169
100900007,867,17,850
100900008,7,603,-596
100900009,86,130,-44
100900010,218,156,62
100900011,219,381,-162
100900012,3,316,-313
100900013,2052,20,2032
100900014,5,28,-23
100900015,129,186,-57
100900016,23,63,-40
100900017,1288,125,1163
100900018,0,67,-67
100900019,37,480,-443
100900020,602,8,594
100900021,632,7,625
100900022,21,108,-87
100900023,6,114,-108
100900024,1568,13,1555
100900025,9,27,-18
100900026,178,147,31
100900027,962,4114,-3152
100900028,197,279,-82
100900029,102,28,74
100900030,5,36,-31
100900031,820,52,768
100900032,214,1,213
100900033,306,243,63
100900034,497,7,490
100900035,1503,5,1498
100900036,37,2,35
100900037,102,397,-295
100900038,295,58,237
100900039,339,824,-485
100900040,547,1126,-579
100900041,762,987,-225
100900042,1803,546,1257
100900043,0,21,-21
100900044,3949,948,3001
100900045,84,5,79
100900046,1897,18,1879
100900047,1123,389,734
100900048,255,90,165
100900049,96,280,-184
100900050,4,15,-11
100900051,161,121,40
100900052,607,71,536
100900053,404,47,357
100900054,22,106,-84
100900055,634,841,-207
100900056,260,444,-184
100900057,924,1959,-1035
100900058,487,82,405
100900059,191,11,180
100900060,172,17,155
100900061,468,534,-66
100900062,22,78,-56
100900063,259,784,-525
100900064,1160,23,1137
100900065,135,129,6
100900066,85,217,-132
100900067,8,13,-5
100900068,397,118,279
100900069,1601,22,1579
100900070,397,9,388
100900071,1017,546,471
100900072,2,58,-56
100900073,135,677,-542
100900074,14,15,-1
100900075,2933,479,2454
100900076,65,67,-2
100900077,28,188,-160
100900078,159,793,-634
100900079,11,60,-49
100900080,42,277,-235
100900081,61,324,-263
100900082,118,784,-666
100900083,9,46,-37
100900085,21,149,-128
100900086,438,2119,-1681
100900088,119,920,-801
100900089,24,19,5
100900090,143,825,-682
100900091,3,40,-37
100900092,487,434,53
100900093,257,803,-546
100900094,194,761,-567
100900095,4,45,-41
100900096,96,156,-60
100900097,1,11,-10
100900098,14,25,-11
100900099,38,749,-711
100900100,29,530,-501
100900101,527,75,452
100900102,217,137,80
100900103,19,19,0
100900104,9,260,-251
100900105,48,406,-358
100900106,66,1,65
100900107,2566,970,1596
100900108,14,32,-18
100900109,43,54,-11
100900110,2,17,-15
100900111,63,223,-160
100900112,0,7,-7
100900113,18,24,-6
100900114,13,35,-22
100900115,3,71,-68
100900116,1171,1499,-328
100900117,395,1097,-702
100900118,221,160,61
100900119,29,80,-51
100900120,3,25,-22
100900121,406,1100,-694
100900122,251,338,-87
100900123,126,333,-207
100900124,13,10,3
100900125,21,84,-63
100900126,165,578,-413
100900127,3,17,-14
100900128,168,199,-31
100900129,3,188,-185
100900131,186,376,-190
100900133,133,119,14
100900134,9,4,5
100900135,1,239,-238
100900137,402,261,141
100900138,910,605,305
100900139,26,13,13
100900140,11,863,-852
100900141,8,559,-551
100900142,0,31,-31
100900143,1495,504,991
100900144,28,9,19
100900145,441,283,158
100900146,16,112,-96
100900147,54,476,-422
100900148,41,978,-937
100900149,50,203,-153
100900150,4,92,-88
100900151,189,756,-567
100900152,328,9,319
100900153,14,229,-215
100900154,50,73,-23
100900155,27,30,-3
100900156,46,11,35
100900157,14,221,-207
100900158,1278,440,838
100900159,25,42,-17
100900160,32,28,4
100900161,200,20,180
100900162,36,340,-304
100900163,250,347,-97
100900164,56,81,-25
100900165,17,92,-75
100900166,51,23,28
100900167,30,123,-93
100900168,98,212,-114
100900169,212,1374,-1162
100900170,60,11,49
100900171,21,865,-844
100900172,0,15,-15
100900173,14,681,-667
100900174,951,75,876
100900176,1788,308,1480
100900177,1023,487,536
100900178,836,264,572
100900179,271,210,61
100900180,6,1,5
100900181,139,171,-32
100900182,101,71,30
100900184,13,334,-321
100900186,1206,833,373
100900187,18,165,-147
100900188,91,33,58
100900189,1690,223,1467
100900191,1963,1525,438
100900192,523,319,204
100900195,170,262,-92
100900197,27,63,-36
100900198,54,320,-266
100900199,4,10,-6
100900200,950,709,241
100900201,199,1220,-1021
100900202,82,2,80
100900203,0,165,-165
100900204,2309,1434,875
100900205,254,628,-374
100900206,153,189,-36
100900207,264,167,97
100900210,160,821,-661
100900211,744,245,499
100900213,169,53,116
100900214,1274,144,1130
100900215,10,103,-93
101000001,6440,3455,2985
101000002,6301,7242,-941
101000003,1009,3720,-2711
101000004,14087,11929,2158
101000005,7224,7349,-125
101000006,11139,12003,-864
101000007,3964,4744,-780
101000008,6965,4101,2864
101000009,3483,2492,991
101000010,1443,1896,-453
101000011,3284,954,2330
101000012,2264,982,1282
101000013,860,1611,-751
101000014,843,1035,-192
101000015,1481,1187,294
101000016,834,617,217
101000017,923,779,144
101000018,6277,4289,1988
101000020,6137,1779,4358
101000021,2309,516,1793
101000022,653,130,523
101000023,2983,1269,1714
101000025,264,604,-340
101000026,740,48,692
101000027,4152,3088,1064
101000028,577,162,415
101000029,531,2082,-1551
101000030,3148,137,3011
101000031,1722,1068,654
101000032,16501,4305,12196
101000033,4060,4149,-89
101000034,4761,2211,2550
101000035,1731,1064,667
101000036,2790,1095,1695
101000037,5842,2140,3702
101000039,4513,3138,1375
101000040,4598,4393,205
101000041,17276,9398,7878
101000042,1397,1672,-275
101000043,12441,8975,3466
101000045,3173,1105,2068
101000046,7137,1376,5761
101000047,4878,3090,1788
101000048,1657,1249,408
101000049,1506,2224,-718
101000050,5071,4542,529
101000051,4059,3097,962
101000052,2520,1316,1204
101000053,1996,3421,-1425
101000054,3708,2729,979
101000055,2270,2095,175
101000056,66,158,-92
101000057,3238,1413,1825
101000058,2370,1611,759
101000059,5039,2324,2715
101000060,2444,631,1813
101000061,1414,1572,-158
101000062,978,852,126
101000063,735,1088,-353
101000064,1548,956,592
101000065,398,461,-63
101000066,1002,637,365
101000067,1675,885,790
101000068,611,507,104
101000069,771,109,662
101000070,1898,1255,643
101000071,3116,1226,1890
101000072,1402,4842,-3440
101000073,1207,855,352
101000074,10150,4595,5555
101000075,8437,4254,4183
101000077,1759,1233,526
101000078,1610,3002,-1392
101000079,984,521,463
101000080,967,472,495
101000081,1796,2003,-207
101000082,4596,4407,189
101000083,2882,2984,-102
101000084,1793,1409,384
101000085,2077,1715,362
101000086,1320,1436,-116
101000087,1100,1536,-436
101000088,1565,1642,-77
101000089,1278,2023,-745
101000090,2955,1956,999
101000091,462,1503,-1041
101000092,1012,1612,-600
101000093,2194,1305,889
101000094,1108,1874,-766
101000095,452,1045,-593
101000096,447,912,-465
101000097,1595,611,984
101000098,1054,787,267
101000099,2216,1784,432
101000100,1806,1387,419
101000101,491,584,-93
101000102,2244,523,1721
101000103,1811,794,1017
101000104,620,779,-159
101000105,1366,441,925
101000106,1581,986,595
101000107,221,425,-204
101000108,1636,582,1054
101000109,292,97,195
101000110,49,930,-881
101000111,273,346,-73
101000113,352,1465,-1113
101000114,13987,4881,9106
101000115,307,237,70
101000116,412,406,6
101000117,2250,582,1668
101000119,169,103,66
101000120,271,58,213
101000121,107,52,55
101000122,142,86,56
101000123,117,98,19
101000124,746,225,521
101000125,271,619,-348
101000128,1645,514,1131
101000130,470,415,55
101000131,1066,816,250
101000132,736,1821,-1085
101000135,79,26,53
101000136,858,194,664
101000137,50,388,-338
101000141,2804,4410,-1606
101000147,1047,603,444
101000148,2706,55,2651
101000149,430,415,15
101000150,79,1105,-1026
101000151,211,80,131
101000152,479,466,13
101000153,790,610,180
101000154,327,1988,-1661
101000155,442,196,246
101000156,25,314,-289
101000157,102,72,30
101000160,151,64,87
101000163,343,262,81
101000164,736,516,220
101000165,409,467,-58
101000166,390,777,-387
101000168,1019,442,577
101000252,1951,1199,752
101000254,880,92,788
101000258,62,17,45
101000261,316,28,288
101000262,1978,2057,-79
101000263,644,1965,-1321
101000265,130,1027,-897
101000266,584,498,86
101000269,154,10,144
101000290,2555,5815,-3260
101000293,44,123,-79
101000294,779,688,91
101000295,171,826,-655
101000301,1175,618,557
101000304,3298,3155,143
101000305,4649,2544,2105
101900001,57,105,-48
101900002,0,17,-17
101900003,70,129,-59
101900004,8,105,-97
101900005,6932,2515,4417
101900006,1318,115,1203
101900007,1005,261,744
101900008,205,587,-382
101900009,124,781,-657
101900010,1295,947,348
101900011,531,2438,-1907
101900012,297,772,-475
101900013,1713,201,1512
101900017,23,211,-188
101900018,1905,355,1550
101900019,381,182,199
101900020,421,161,260
101900021,5,89,-84
101900022,197,1722,-1525
101900023,205,346,-141
102000001,5892,6042,-150
102000002,5690,1631,4059
102000003,5232,9135,-3903
102000004,12363,4227,8136
102000005,2011,3299,-1288
102000006,2194,2770,-576
102000007,2595,7144,-4549
102000008,9111,2694,6417
102000009,8911,10591,-1680
102000010,8501,5794,2707
102000011,4492,3935,557
102000012,5362,5315,47
102000018,5017,4437,580
102000019,3988,2367,1621
102000026,404,1008,-604
102000029,495,312,183
102000030,197,528,-331
102000031,88,272,-184
102000032,556,498,58
102000033,266,551,-285
102000034,854,726,128
102000035,1686,937,749
102000036,24,430,-406
102000037,297,152,145
102000038,278,313,-35
102000039,347,127,220
102000040,726,251,475
102000041,359,469,-110
102000042,398,294,104
102000043,606,305,301
102000044,931,729,202
102000045,1128,1400,-272
102000046,1297,896,401
102000047,1285,1643,-358
102000048,494,1152,-658
102000049,1514,1049,465
102000050,1669,1819,-150
102000051,507,911,-404
102000052,2164,1269,895
102000053,1385,1282,103
102000054,714,1208,-494
102000055,1212,1036,176
102000056,1024,2115,-1091
102000057,2297,997,1300
102000058,1559,2352,-793
102000059,2022,2180,-158
102000060,1899,1528,371
102000061,2146,3068,-922
102000062,2029,1812,217
102000063,1468,1946,-478
102000064,753,1079,-326
102000065,84,216,-132
102000066,1671,1770,-99
102000067,4396,5374,-978
102000068,13821,4299,9522
102000069,93,2059,-1966
102000070,2892,104,2788
102000071,12077,13770,-1693
102000072,5004,6321,-1317
102000073,3344,1872,1472
102000074,1830,1610,220
102000075,229,515,-286
102000076,331,1008,-677
102000077,623,1367,-744
102000078,1132,1259,-127
102000079,408,394,14
102000080,489,426,63
102000081,859,1087,-228
102000082,1083,605,478
102000083,772,547,225
102000084,308,424,-116
102000085,2616,1686,930
102000086,1415,2688,-1273
102000087,1313,2337,-1024
102000088,422,477,-55
102000089,1494,620,874
102000090,828,1791,-963
102000091,2302,774,1528
102000092,568,1403,-835
102000093,889,945,-56
102000094,1394,751,643
102000095,1512,1898,-386
102000096,1084,1287,-203
102000097,1538,1493,45
102000098,837,1520,-683
102000099,1396,989,407
102000100,1063,1665,-602
102000101,1721,957,764
102000102,640,3305,-2665
102000103,2257,736,1521
102000104,1332,444,888
102000105,256,843,-587
102000106,934,1066,-132
102000107,1391,849,542
102000108,991,324,667
102000109,964,846,118
102000110,882,1899,-1017
102000111,14,394,-380
102000112,264,115,149
102000113,20,49,-29
102000114,1075,502,573
102000115,293,398,-105
102000116,2110,567,1543
102000117,943,960,-17
102000118,2972,1366,1606
102000119,2862,1060,1802
102000120,264,604,-340
102000121,1291,812,479
102000122,787,1106,-319
102000123,2062,1991,71
102000124,1850,1492,358
102000125,1254,1724,-470
102000126,1096,909,187
102000127,1639,1060,579
102000128,919,1375,-456
102000129,2055,1232,823
102000130,867,1004,-137
102000131,2948,1047,1901
102000132,1211,1128,83
102000133,2193,2766,-573
102000134,776,1070,-294
102000135,1084,1407,-323
102000136,1664,1003,661
102000137,1671,1157,514
102000138,731,647,84
102000139,402,651,-249
102000140,901,477,424
102000141,1236,920,316
102000142,516,571,-55
102000143,181,659,-478
102000144,338,597,-259
102000145,668,655,13
102000146,455,526,-71
102000147,605,799,-194
102000148,266,761,-495
102000149,193,765,-572
102000150,366,307,59
102000151,138,465,-327
102000152,175,181,-6
102000153,1257,650,607
102000154,392,894,-502
102000155,167,417,-250
102000156,520,155,365
102000157,175,373,-198
102000158,486,377,109
102000159,1713,669,1044
102000161,5194,2752,2442
102000162,281,216,65
102000163,126,759,-633
102000164,1586,1615,-29
102000165,384,149,235
102000166,94,247,-153
102000167,327,300,27
102000168,336,149,187
102000169,164,867,-703
102000170,995,256,739
102000171,573,190,383
102000172,566,444,122
102000173,607,417,190
102000174,95,134,-39
102000175,177,161,16
102000176,49,40,9
102000178,471,662,-191
102000179,738,379,359
102000180,1044,698,346
102000181,727,846,-119
102000182,689,896,-207
102000183,1853,2524,-671
102000184,2106,1333,773
102000185,2915,1970,945
102000186,1507,2829,-1322
102000187,2259,2438,-179
102000188,2572,1970,602
102000189,3750,1297,2453
102000190,820,4195,-3375
102000191,1610,791,819
102000192,1341,1874,-533
102000193,73,227,-154
102000194,107,211,-104
102000195,587,624,-37
102000196,247,681,-434
102000197,841,659,182
102000198,313,1084,-771
102000199,1008,491,517
102000200,478,1548,-1070
102000201,933,642,291
102000202,5,190,-185
102000203,501,468,33
102000204,556,1208,-652
102000205,1471,847,624
102000206,1382,1163,219
102000207,2366,616,1750
102000208,826,862,-36
102000209,150,90,60
102000210,422,534,-112
102000211,955,618,337
102000212,496,15,481
102000213,7,431,-424
102000214,276,26,250
102000215,13,555,-542
102000216,56,70,-14
102000217,15,200,-185
102000218,316,193,123
102000219,569,412,157
102000225,788,877,-89
102000226,9251,2316,6935
102000227,264,3,261
102000228,0,153,-153
102000229,27,60,-33
102000230,348,739,-391
102000231,381,653,-272
102000232,14,287,-273
102000233,640,1337,-697
102000234,150,1887,-1737
102000236,574,160,414
102000237,1194,197,997
102000238,204,451,-247
102000240,922,738,184
102000241,334,167,167
102000243,37,104,-67
102000245,45,158,-113
102000246,23,29,-6
102000247,570,1460,-890
102000248,307,699,-392
102000249,238,270,-32
102000250,168,555,-387
102000254,93,484,-391
102000266,125,374,-249
102000271,49,2,47
102000286,677,545,132
102000297,2342,1478,864
102000301,0,0,0
102000303,0,0,0
102000305,0,0,0
102000306,0,0,0
102000307,0,7,-7
102000308,0,3,-3
102900001,1791,1162,629
102900002,447,72,375
102900003,65,278,-213
102900005,509,476,33
102900006,605,317,288
102900007,676,62,614
102900008,268,115,153
102900009,723,322,401
102900010,1612,811,801
102900011,2822,499,2323
102900012,477,108,369
102900013,43,78,-35
102900015,1053,668,385
102900016,65,123,-58
102900017,222,738,-516
102900018,15,206,-191
102900019,597,724,-127
102900020,138,53,85
102900021,18,137,-119
102900022,829,226,603
102900023,15,76,-61
102900024,83,79,4
102900025,299,141,158
102900026,871,2267,-1396
102900027,101,111,-10
102900028,244,974,-730
102900029,233,182,51
102900030,940,428,512
102900031,171,235,-64
102900032,138,138,0
102900033,159,253,-94
102900034,545,169,376
102900035,176,497,-321
102900036,401,743,-342
102900037,513,966,-453
102900038,751,906,-155
102900039,34,689,-655
102900040,201,412,-211
102900041,126,254,-128
102900042,222,409,-187
102900043,269,426,-157
102900044,878,2687,-1809
102900045,174,723,-549
102900046,166,337,-171
102900047,92,733,-641
102900048,868,849,19
102900049,118,456,-338
102900050,469,514,-45
102900051,255,328,-73
102900052,59,64,-5
102900053,552,1079,-527
102900054,1354,1479,-125
102900055,171,245,-74
102900056,163,685,-522
102900057,2,56,-54
102900058,392,86,306
102900059,12,71,-59
102900060,167,627,-460
102900061,202,707,-505
102900062,228,1353,-1125
102900063,1190,654,536
102900064,245,713,-468
102900065,2072,829,1243
102900066,444,69,375
102900068,180,142,38
102900070,378,771,-393
102900072,29,69,-40
102900073,274,14,260
102900074,261,246,15
102900075,31,62,-31
102900076,325,163,162
102900077,48,60,-12
102900078,76,117,-41
102900079,229,26,203
102900080,429,84,345
102900081,114,327,-213
102900082,15,322,-307
102900083,313,30,283
102900084,31,27,4
102900085,375,193,182
102900086,22,55,-33
102900087,201,174,27
102900088,56,51,5
102900089,421,250,171
102900090,5,677,-672
102900091,255,4,251
102900092,341,1430,-1089
102900093,319,343,-24
102900094,1,119,-118
102900095,122,9,113
102900096,83,29,54
102900097,21,199,-178
103000001,3247,3783,-536
103000002,3584,3635,-51
103000003,5984,3979,2005
103000004,1155,1084,71
103000005,2300,4391,-2091
103000006,741,1951,-1210
103000007,522,1103,-581
103000008,1534,1161,373
103000009,1622,1778,-156
103000010,224,204,20
103000011,2325,2016,309
103000012,1645,2108,-463
103000013,7760,3161,4599
103000014,1807,3723,-1916
103000015,2771,1025,1746
103000016,588,2252,-1664
103000017,236,679,-443
103000018,1403,713,690
103000019,282,413,-131
103000020,3659,1925,1734
103000021,2483,1905,578
103000022,1350,1643,-293
103000023,875,2297,-1422
103000024,156,290,-134
103000025,192,897,-705
103000026,2195,194,2001
103000027,567,821,-254
103000028,795,510,285
103000029,453,485,-32
103000030,3039,1390,1649
103000031,2695,2901,-206
103000032,2698,2928,-230
103000033,3754,3757,-3
103000034,2619,1815,804
103000035,594,2139,-1545
103000036,644,777,-133
103000037,720,689,31
103000038,634,1517,-883
103000039,432,604,-172
103000040,577,1776,-1199
103000041,1866,3750,-1884
103000042,1530,897,633
103000043,675,1439,-764
103000044,223,288,-65
103000046,303,666,-363
103000047,768,972,-204
103000048,188,242,-54
103000049,165,224,-59
103000050,838,916,-78
103000051,655,805,-150
103000052,1028,572,456
103000053,291,744,-453
103000054,2963,1951,1012
103000055,2422,3119,-697
103000056,804,2733,-1929
103000057,477,383,94
103000058,747,1208,-461
103000059,518,1285,-767
103000060,1357,919,438
103000061,496,1233,-737
103000062,1271,847,424
103000063,892,1236,-344
103000064,134,347,-213
103000065,5,533,-528
103000066,273,21,252
103000069,473,501,-28
103000070,1330,1418,-88
103000071,1351,607,744
103000072,159,1206,-1047
103000073,741,202,539
103000074,959,173,786
103000075,222,1166,-944
103000076,486,539,-53
103000077,103,664,-561
103000078,2132,952,1180
103000079,1859,1040,819
103000080,1938,558,1380
103000081,771,1356,-585
103000082,565,301,264
103000083,173,379,-206
103000084,194,10,184
103000085,1,200,-199
103000086,1181,582,599
103000087,256,995,-739
103000088,576,457,119
103000089,319,769,-450
103000090,2330,1019,1311
103000091,636,641,-5
103000092,354,408,-54
103000093,402,649,-247
103000094,224,150,74
103000095,77,487,-410
103000096,715,151,564
103000097,101,907,-806
103000098,1609,229,1380
103000099,605,755,-150
103000100,188,1094,-906
103000101,1330,209,1121
103000102,140,958,-818
103000103,821,292,529
103000104,54,199,-145
103000105,135,166,-31
103000106,7,169,-162
103000107,333,83,250
103000108,944,635,309
103000109,397,388,9
103000110,466,510,-44
103000111,745,596,149
103000112,506,343,163
103000113,1331,943,388
103000114,2688,501,2187
103000115,504,650,-146
103000116,671,669,2
103000117,329,657,-328
103000118,1388,1229,159
103000119,2476,887,1589
103000120,172,199,-27
103000121,1332,1075,257
103000122,1009,814,195
103000125,11,416,-405
103000126,644,7,637
103000127,2,199,-197
103000128,180,7,173
103000129,7,129,-122
103000130,68,47,21
103000131,230,122,108
103000132,176,243,-67
103000133,38,156,-118
103000134,842,988,-146
103000135,1130,384,746
103000136,1020,605,415
103000137,814,721,93
103000138,1149,1011,138
103000139,5,76,-71
103000140,149,40,109
103000141,83,166,-83
103000142,173,111,62
103000143,81,241,-160
103000144,248,158,90
103000145,191,113,78
103000150,105,59,46
103000152,344,361,-17
103000153,243,232,11
103000156,11,505,-494
103000157,531,2,529
103000159,193,75,118
103000162,273,72,201
103000163,28,77,-49
103000164,113,13,100
103000165,183,508,-325
103000166,227,412,-185
103000167,311,163,148
103000168,116,242,-126
103000169,340,853,-513
103000170,790,682,108
103000171,74,133,-59
103000172,741,1282,-541
103000173,549,714,-165
103000174,165,584,-419
103000175,268,524,-256
103000176,1053,762,291
103000177,1026,690,336
103000178,445,482,-37
103000179,278,49,229
103000183,211,57,154
103000185,130,100,30
103000186,176,274,-98
103000187,565,782,-217
103000188,12,124,-112
103000189,1792,1305,487
103000191,792,938,-146
103000292,2932,2684,248
103000293,1508,2382,-874
103000295,175,131,44
103000296,1118,13,1105
103000297,255,147,108
103000504,112,16,96
103000505,12,31,-19
103000506,0,290,-290
103000507,261,2,259
103000508,95,60,35
103000509,235,780,-545
103900001,7,479,-472
103900002,2352,338,2014
103900003,2721,156,2565
103900004,123,0,123
103900005,3,499,-496
103900006,1,2,-1
103900007,49,0,49
103900008,28,0,28
103900009,300,633,-333
103900010,265,500,-235
103900011,354,257,97
103900012,11,17,-6
103900013,66,115,-49
103900014,57,33,24
103900015,55,31,24
103900016,366,317,49
103900017,46,122,-76
103900018,685,245,440
103900019,63,309,-246
103900020,338,587,-249
103900021,1010,97,913
103900022,1159,803,356
103900023,133,4,129
103900024,189,690,-501
103900025,5,57,-52
103900026,155,7,148
103900027,780,507,273
103900028,22,374,-352
103900029,1281,121,1160
103900030,651,82,569
103900031,38,6,32
103900032,98,65,33
103900033,200,10,190
103900034,32,274,-242
103900035,81,82,-1
103900036,57,26,31
103900037,165,64,101
103900038,114,161,-47
103900039,101,531,-430
103900040,5,224,-219
103900041,54,78,-24
103900042,53,556,-503
103900043,154,157,-3
103900044,199,312,-113
103900045,325,240,85
103900047,52,52,0
103900048,198,35,163
103900049,309,1864,-1555
103900050,34,173,-139
103900051,11,57,-46
103900052,230,674,-444
103900053,163,1188,-1025
103900054,137,660,-523
103900055,541,293,248
103900056,58,62,-4
103900057,34,292,-258
103900058,343,988,-645
103900059,1,19,-18
103900060,47,312,-265
103900061,165,75,90
103900062,463,141,322
103900063,22,0,22
103900064,92,5,87
103900065,1100,565,535
103900066,163,25,138
103900067,283,7,276
103900068,13,2,11
103900069,152,18,134
103900070,201,298,-97
103900071,33,170,-137
103900072,12,343,-331
103900073,50,43,7
103900074,61,128,-67
103900075,144,70,74
103900076,436,936,-500
103900077,83,135,-52
103900078,357,167,190
103900079,170,391,-221
103900080,19,41,-22
103900081,166,29,137
103900082,6,170,-164
103900083,2312,1477,835
103900084,108,276,-168
103900085,96,121,-25
103900086,653,505,148
103900087,36,135,-99
103900088,481,624,-143
103900089,45,184,-139
103900090,2,240,-238
103900091,1414,349,1065
103900092,1567,639,928
103900093,158,471,-313
103900094,11,203,-192
103900095,623,274,349
103900096,36,331,-295
103900097,7,749,-742
103900098,303,162,141
103900099,103,292,-189
103900100,265,564,-299
103900101,97,1505,-1408
103900102,2,41,-39
103900104,3,54,-51
103900105,150,252,-102
103900106,1,54,-53
103900107,110,337,-227
103900108,45,407,-362
103900109,84,116,-32
103900110,354,53,301
103900111,75,972,-897
103900112,54,109,-55
103900113,157,271,-114
103900114,570,410,160
103900115,368,346,22
103900116,7113,2826,4287
103900117,172,132,40
103900119,57,80,-23
103900120,31,117,-86
103900122,98,364,-266
103900123,1942,767,1175
103900124,48,29,19
103900125,107,79,28
103900126,562,666,-104
103900127,196,772,-576
103900128,167,219,-52
103900131,16,110,-94
103900133,1154,108,1046
103900134,1,5,-4
103900135,11,23,-12
103900137,0,75,-75
103900138,100,459,-359
103900139,273,2247,-1974
103900140,10,117,-107
103900141,314,102,212
103900142,207,236,-29
103900143,46,7,39
103900144,0,43,-43
103900145,191,437,-246
103900146,389,482,-93
103900147,561,220,341
103900148,247,313,-66
103900149,254,1128,-874
103900150,10328,5195,5133
103900151,70,246,-176
103900152,558,839,-281
103900153,26,2,24
103900154,1468,1969,-501
103900155,41,382,-341
103900156,54,267,-213
103900157,41,325,-284
103900158,99,220,-121
103900159,179,109,70
103900160,76,45,31
103900161,113,344,-231
103900162,80,369,-289
103900163,27,667,-640
103900164,267,38,229
103900167,13,122,-109
103900168,209,147,62
103900169,59,95,-36
103900170,1,147,-146
103900171,1,85,-84
103900172,12,29,-17
103900173,23,21,2
103900174,207,108,99
103900175,109,116,-7
103900176,14,41,-27
103900177,32,81,-49
103900178,75,122,-47
103900179,69,231,-162
103900180,18,102,-84
103900181,81,62,19
103900182,49,17,32
103900184,657,101,556
103900185,360,372,-12
103900187,54,86,-32
103900188,48,22,26
103900189,116,9,107
103900190,90,71,19
103900191,49,102,-53
103900192,27,144,-117
103900193,220,252,-32
103900194,101,438,-337
103900195,8,88,-80
103900196,57,41,16
103900197,21,66,-45
103900198,17,54,-37
103900199,228,87,141
103900200,140,195,-55
103900201,179,334,-155
103900202,18,92,-74
103900203,82,20,62
103900204,2,154,-152
103900207,0,177,-177
103900208,123,3,120
103900209,8,150,-142
103900210,74,47,27
103900211,622,686,-64
103900212,117,564,-447
103900213,104,305,-201
103900214,349,205,144
103900215,632,393,239
103900216,20,1094,-1074
103900217,602,145,457
103900218,1,555,-554
103900219,200,605,-405
103900233,228,1,227
103900235,79,28,51
103900236,49,6,43
103900242,18,31,-13
103900243,30,20,10
103900244,159,440,-281
103900245,151,244,-93
103900246,96,61,35
103900247,34,158,-124
103900248,58,105,-47
103900249,57,78,-21
103900250,71,49,22
103900251,5,38,-33
103900253,88,89,-1
103900254,9,56,-47
103900255,42,26,16
103900256,36,59,-23
103900257,54,298,-244
103900258,62,1,61
103900259,245,9,236
103900261,20,6,14
103900262,93,8,85
103900263,78,102,-24
103900264,120,55,65
103900265,209,55,154
103900266,4,121,-117
103900267,7,78,-71
104000001,2902,2996,-94
104000002,2253,4007,-1754
104000003,3472,3545,-73
104000004,4240,4199,41
104000005,1811,2847,-1036
104000006,4369,4235,134
104000007,6350,5659,691
104000008,414,506,-92
104000009,200,156,44
104000010,162,265,-103
104000011,828,447,381
104000012,209,498,-289
104000013,227,177,50
104000014,373,926,-553
104000015,289,209,80
104000016,667,612,55
104000018,882,214,668
104000019,707,218,489
104000020,187,784,-597
104000021,314,771,-457
104000022,144,353,-209
104000023,898,496,402
104000024,312,504,-192
104000026,66,520,-454
104000027,511,541,-30
104000028,514,355,159
104000029,547,635,-88
104000030,297,320,-23
104000031,1277,536,741
104000032,284,424,-140
104000033,662,607,55
104000034,426,467,-41
104000035,852,565,287
104000036,941,815,126
104000037,375,381,-6
104000038,450,369,81
104000039,188,353,-165
104000040,460,470,-10
104000041,1166,461,705
104000042,310,600,-290
104000043,456,503,-47
104000044,315,982,-667
104000045,1465,1569,-104
104000046,1978,2147,-169
104000047,1962,1619,343
104000048,1305,2342,-1037
104000049,814,511,303
104000050,424,991,-567
104000051,198,787,-589
104000052,2030,2448,-418
104000053,1446,791,655
104000054,881,600,281
104000055,5333,3631,1702
104000056,1720,370,1350
104000057,197,606,-409
104000058,1227,1194,33
104000059,707,1588,-881
104000060,1590,1809,-219
104000061,1843,1621,222
104000062,371,225,146
104000064,624,435,189
104000065,276,751,-475
104000069,1686,1194,492
104000070,92,670,-578
104000071,147,731,-584
104000072,757,294,463
104000075,119,387,-268
104000076,761,198,563
104000082,2989,4453,-1464
104000083,1037,255,782
104000084,182,707,-525
104000085,239,357,-118
104000086,255,470,-215
104000087,632,2152,-1520
104000090,949,2046,-1097
104000092,1163,3603,-2440
104000094,1186,2451,-1265
104000095,2518,2147,371
104000096,1989,451,1538
104000097,2009,1282,727
104000098,2247,1618,629
104000100,2031,910,1121
104000101,1428,3013,-1585
104000106,147,762,-615
104000107,775,666,109
104000108,376,844,-468
104000109,356,100,256
104000110,1090,1403,-313
104000111,5893,3079,2814
104000112,3082,696,2386
104000116,4,1811,-1807
104000117,163,1034,-871
104000118,653,351,302
104000119,740,401,339
104000120,328,1314,-986
104000121,259,1152,-893
104000122,695,1176,-481
104000123,1358,1602,-244
104000124,1267,3557,-2290
104000125,6265,4732,1533
104000126,693,668,25
104000127,1899,4292,-2393
104000128,959,661,298
104000129,247,10,237
104000130,3,426,-423
104000131,1001,632,369
104000132,1097,791,306
104000133,1473,1277,196
104000134,1317,2240,-923
104000135,584,2466,-1882
104000136,1003,4466,-3463
104000137,1805,506,1299
104000138,1945,648,1297
104000139,9283,3867,5416
104000141,1588,1999,-411
104000142,784,1085,-301
104000143,716,840,-124
104000144,102,258,-156
104000145,496,260,236
104000146,391,759,-368
104000147,168,469,-301
104000148,338,178,160
104000149,251,464,-213
104000150,1590,728,862
104000151,745,774,-29
104000152,801,1030,-229
104000153,686,667,19
104000154,1252,954,298
104000155,501,617,-116
104000157,1539,1951,-412
104000158,1272,856,416
104000159,1004,623,381
104000160,2050,2402,-352
104000161,285,262,23
104000162,72,248,-176
104000165,1658,1459,199
104000167,763,1222,-459
104000168,631,21,610
104000169,128,79,49
104000170,723,651,72
104000248,435,976,-541
104000251,101,421,-320
104000272,0,0,0
104000273,0,0,0
104000274,0,0,0
104000275,0,0,0
104000279,1005,655,350
104000290,192,372,-180
104000291,966,1604,-638
104000293,924,873,51
104000294,27,0,27
104000295,847,1246,-399
104000296,567,1321,-754
104000297,1113,2661,-1548
104000298,2938,1321,1617
104000299,810,2125,-1315
104900001,203,695,-492
104900002,75,241,-166
104900003,89,460,-371
104900004,122,458,-336
104900005,288,294,-6
104900006,302,153,149
104900007,294,344,-50
104900009,176,524,-348
104900010,53,91,-38
104900011,67,16,51
104900012,309,40,269
104900013,241,11,230
104900014,4480,584,3896
104900015,176,12,164
104900016,258,396,-138
104900017,212,336,-124
104900018,9,259,-250
104900019,441,3258,-2817
104900020,120,400,-280
104900021,3,324,-321
104900022,19,124,-105
104900023,3,164,-161
104900024,63,123,-60
104900025,93,420,-327
104900026,3,132,-129
104900027,522,395,127
104900028,32,134,-102
104900029,71,160,-89
104900030,688,304,384
104900031,101,279,-178
104900032,48,210,-162
104900033,227,384,-157
104900034,447,227,220
104900035,296,226,70
104900036,221,114,107
104900037,187,410,-223
104900038,819,1134,-315
104900039,1369,428,941
104900040,473,139,334
104900041,269,225,44
104900042,150,363,-213
104900043,13,135,-122
104900044,535,314,221
104900045,526,73,453
104900046,206,232,-26
104900047,340,214,126
104900048,326,138,188
104900049,36,38,-2
104900050,403,187,216
104900051,345,93,252
104900052,72,3,69
104900053,542,124,418
104900054,205,108,97
104900055,114,3,111
104900056,317,17,300
104900057,78,2,76
104900058,1720,559,1161
104900059,183,62,121
104900060,0,720,-720
104900061,306,852,-546
104900063,0,124,-124
104900064,0,118,-118
104900065,0,215,-215
104900066,6,327,-321
104900067,7,515,-508
104900068,33,331,-298
104900070,277,409,-132
104900071,4,943,-939
104900072,124,400,-276
104900073,82,355,-273
104900074,94,334,-240
104900075,69,137,-68
104900076,132,460,-328
104900077,1629,278,1351
104900078,246,756,-510
104900079,210,540,-330
104900080,94,687,-593
104900082,14,592,-578
104900085,0,272,-272
104900087,789,11,778
104900089,160,1,159
104900090,1124,840,284
104900091,1337,1065,272
104900093,339,770,-431
104900097,4171,2546,1625
104900098,146,79,67
104900099,141,722,-581
104900100,837,481,356
104900102,89,298,-209
104900103,623,126,497
104900104,4829,2378,2451
104900106,105,217,-112
104900107,122,379,-257
104900108,90,359,-269
104900109,165,486,-321
104900110,13,59,-46
104900111,201,178,23
104900112,323,1037,-714
104900113,722,691,31
104900114,389,802,-413
104900115,707,672,35
104900116,277,341,-64
104900118,33,107,-74
104900119,11,73,-62
104900120,29,184,-155
104900121,2,146,-144
104900122,7,118,-111
104900123,70,10,60
104900124,29,0,29
104900125,646,10,636
104900126,76,115,-39
104900127,35,114,-79
104900128,123,325,-202
104900129,3554,2530,1024
105000001,3007,2251,756
105000002,3197,2483,714
105000003,4656,5151,-495
105000004,933,1697,-764
105000005,1256,1710,-454
105000006,1744,2133,-389
105000007,1543,1990,-447
105000008,2640,3636,-996
105000009,2547,4110,-1563
105000010,4308,4058,250
105000011,3897,3369,528
105000012,6863,4632,2231
105000013,1162,1439,-277
105000014,2487,3379,-892
105000015,12674,16209,-3535
105000016,5114,3410,1704
105000017,2787,1398,1389
105000018,2009,2226,-217
105000019,2781,1431,1350
105000020,346,623,-277
105000021,557,159,398
105000022,405,88,317
105000023,729,423,306
105000028,73,165,-92
105000029,891,1616,-725
105000030,6346,4472,1874
105000033,1791,2969,-1178
105000034,273,1138,-865
105000037,1067,648,419
105000038,3149,2422,727
105000039,4643,2844,1799
105000040,1373,1505,-132
105000041,1222,2031,-809
105000042,6822,2126,4696
105000043,3250,3639,-389
105000044,827,687,140
105000045,592,1504,-912
105000046,1131,655,476
105000047,719,2273,-1554
105000048,873,326,547
105000049,346,1071,-725
105000050,877,568,309
105000051,301,750,-449
105000052,856,1494,-638
105000053,346,248,98
105000054,578,1524,-946
105000055,1298,569,729
105000056,2279,3936,-1657
105000057,1904,1326,578
105000058,2016,2031,-15
105000059,1033,1042,-9
105000060,645,1026,-381
105000061,733,852,-119
105000062,1182,1350,-168
105000063,516,848,-332
105000064,1509,1288,221
105000065,502,1065,-563
105000066,1742,2669,-927
105000067,1531,1105,426
105000068,1013,1291,-278
105000069,3634,2043,1591
105000070,1172,1226,-54
105000071,427,1077,-650
105000072,767,2155,-1388
105000073,1059,786,273
105000074,1742,1229,513
105000075,1002,1089,-87
105000076,1802,1390,412
105000077,3880,1264,2616
105000078,1973,1636,337
105000079,2339,3374,-1035
105000080,2752,1914,838
105000081,4202,1450,2752
105000082,1752,1469,283
105000083,5167,2818,2349
105000084,1223,1475,-252
105000085,2288,1918,370
105000086,712,1510,-798
105000087,2925,2907,18
105000088,2414,2154,260
105000089,5359,3147,2212
105000090,1566,1245,321
105000091,2540,2135,405
105000092,1325,1402,-77
105000093,611,377,234
105000094,438,392,46
105000095,147,682,-535
105000096,2145,1339,806
105000097,1801,968,833
105000098,1570,1052,518
105000099,1824,1076,748
105000100,1693,1593,100
105000101,3048,3004,44
105000102,5708,2064,3644
105000103,3409,3429,-20
105000104,3052,1569,1483
105000105,1965,3078,-1113
105000106,2412,3174,-762
105000107,1542,1836,-294
105000108,1796,2770,-974
105000109,1931,2952,-1021
105000110,792,1158,-366
105000111,761,1029,-268
105000112,1334,1186,148
105000113,445,930,-485
105000114,4925,1713,3212
105000115,332,1331,-999
105000116,878,828,50
105000117,976,1724,-748
105000118,752,877,-125
105000119,1075,2094,-1019
105000120,1376,1072,304
105000121,1289,2108,-819
105000122,522,1023,-501
105000123,1719,2044,-325
105000124,2191,1252,939
105000125,1184,2908,-1724
105000126,2571,2846,-275
105000127,3107,3195,-88
105000128,1630,2015,-385
105000129,1237,523,714
105000130,475,2613,-2138
105000131,1297,597,700
105000132,1044,705,339
105000133,635,1528,-893
105000134,859,770,89
105000135,448,979,-531
105000136,85,203,-118
105000137,300,536,-236
105000138,56,162,-106
105000139,1470,1435,35
105000140,201,667,-466
105000141,344,947,-603
105000142,160,603,-443
105000143,363,1026,-663
105000144,322,1138,-816
105000145,696,638,58
105000146,657,1196,-539
105000147,774,573,201
105000148,1701,873,828
105000149,2876,2946,-70
105000150,2818,2615,203
105000151,743,644,99
105000152,224,844,-620
105000153,792,1006,-214
105000154,838,993,-155
105000155,588,1520,-932
105000156,1229,1072,157
105000157,1299,2676,-1377
105000158,2629,1223,1406
105000159,324,1558,-1234
105000160,2034,920,1114
105000161,956,1779,-823
105000162,896,2395,-1499
105000163,1961,1546,415
105000164,259,513,-254
105000165,2073,6516,-4443
105000166,9230,1094,8136
105000167,3744,2042,1702
105000168,385,999,-614
105000169,510,711,-201
105000170,284,1873,-1589
105000171,1832,511,1321
105000172,197,90,107
105000173,179,122,57
105000174,109,80,29
105000175,89,197,-108
105000176,604,246,358
105000177,349,242,107
105000178,172,971,-799
105000179,531,412,119
105000180,182,164,18
105000181,124,567,-443
105000182,115,56,59
105000183,4378,2378,2000
105000184,2066,1720,346
105000185,3230,1072,2158
105000186,972,1178,-206
105000187,1403,334,1069
105000188,805,206,599
105000189,524,700,-176
105000190,468,770,-302
105000191,545,410,135
105000192,430,92,338
105000193,142,217,-75
105000194,313,132,181
105000195,462,1234,-772
105000196,41,205,-164
105000197,398,850,-452
105000198,718,565,153
105000199,435,631,-196
105000200,284,355,-71
105000201,230,58,172
105000203,4,229,-225
105000204,94,141,-47
105000205,127,258,-131
105000207,1195,343,852
105000208,422,828,-406
105000209,321,438,-117
105000212,1487,2029,-542
105000213,261,335,-74
105000214,183,544,-361
105000215,289,327,-38
105000216,198,641,-443
105000217,204,563,-359
105000218,1297,1599,-302
105000221,206,368,-162
105000222,674,107,567
105000223,489,263,226
105000226,104,461,-357
105000227,106,280,-174
105000228,355,1958,-1603
105000229,160,592,-432
105000231,231,376,-145
105000233,1068,1077,-9
105000234,942,1655,-713
105000235,520,1007,-487
105000237,910,160,750
105000243,30,334,-304
105000248,160,123,37
105000262,435,1978,-1543
105000269,195,290,-95
105000270,456,115,341
105000271,1,357,-356
105000282,154,77,77
105000287,552,222,330
105000288,726,709,17
105000289,3561,2162,1399
105000290,48,3,45
105000402,5608,4771,837
105000426,832,819,13
105000438,4460,1637,2823
105000446,19524,8058,11466
105000447,10914,4326,6588
105000454,455,620,-165
105000455,446,330,116
105000474,33,13,20
105000477,402,654,-252
105000478,2414,4543,-2129
105000479,168,209,-41
105000480,8355,5521,2834
105000481,4799,4030,769
105000482,8178,7669,509
105000483,1933,2318,-385
105000484,3723,4172,-449
105000485,2255,3143,-888
105000486,8152,4031,4121
105000488,10690,7027,3663
105000489,1053,1267,-214
105000549,164,205,-41
105000550,799,2009,-1210
105000551,46,167,-121
105000552,4522,2597,1925
105900001,22,1929,-1907
105900002,1941,875,1066
105900003,5,119,-114
105900004,744,161,583
105900005,24,522,-498
105900006,26,124,-98
105900007,339,32,307
105900008,90,864,-774
105900009,72,40,32
105900011,891,78,813
105900012,1043,173,870
105900013,17,63,-46
105900014,16,101,-85
105900015,273,435,-162
105900016,680,907,-227
105900017,1530,87,1443
105900018,203,316,-113
105900019,121,847,-726
105900020,57,109,-52
105900021,86,591,-505
105900022,386,448,-62
105900023,7,241,-234
105900024,44,278,-234
105900025,279,113,166
105900026,402,36,366
105900027,11084,16533,-5449
105900028,723,436,287
105900029,2503,595,1908
105900030,330,420,-90
105900031,536,253,283
105900032,95,192,-97
105900033,151,183,-32
105900034,344,376,-32
105900035,378,294,84
105900036,77,158,-81
105900037,90,76,14
105900038,137,396,-259
105900039,151,138,13
105900040,84,113,-29
105900041,194,445,-251
105900042,67,155,-88
105900043,2618,87,2531
105900044,15,334,-319
105900045,20,1341,-1321
105900046,31,308,-277
105900047,16,65,-49
105900048,107,936,-829
105900050,14288,3979,10309
105900051,73,1708,-1635
105900052,750,513,237
105900053,5841,3437,2404
105900054,495,401,94
105900056,1058,563,495
105900057,80,228,-148
105900058,15,43,-28
105900059,0,35,-35
106000001,5367,2985,2382
106000002,3357,7033,-3676
106000003,4159,4564,-405
106000004,2538,3742,-1204
106000005,3519,7738,-4219
106000006,7617,6610,1007
106000007,558,716,-158
106000008,473,451,22
106000009,594,508,86
106000010,718,770,-52
106000011,1078,1528,-450
106000012,1215,2091,-876
106000013,2047,2803,-756
106000014,2407,2453,-46
106000015,1556,1799,-243
106000016,1643,3310,-1667
106000017,759,895,-136
106000018,823,796,27
106000019,415,665,-250
106000020,410,621,-211
106000021,317,703,-386
106000022,498,449,49
106000023,688,481,207
106000024,1010,1020,-10
106000025,125,291,-166
106000026,171,339,-168
106000027,1411,2022,-611
106000028,681,809,-128
106000029,1281,1574,-293
106000030,994,507,487
106000034,333,917,-584
106000035,1210,2123,-913
106000036,405,559,-154
106000037,2819,2257,562
106000038,592,136,456
106000039,207,118,89
106000040,195,1265,-1070
106000041,1104,682,422
106000043,762,234,528
106000046,632,86,546
106000047,74,615,-541
106000049,978,314,664
106000050,530,1197,-667
106000051,625,557,68
106000052,140,1032,-892
106000053,338,172,166
106000054,516,719,-203
106000055,1136,1599,-463
106000056,367,674,-307
106000057,275,445,-170
106000058,241,293,-52
106000059,336,384,-48
106000060,517,750,-233
106000061,207,677,-470
106000062,187,816,-629
106000063,793,711,82
106000064,47,528,-481
106000065,462,328,134
106000066,176,521,-345
106000067,631,152,479
106000068,75,913,-838
106000069,228,107,121
106000070,537,1214,-677
106000071,1261,457,804
106000072,5399,2064,3335
106000073,2399,3479,-1080
106000074,654,916,-262
106000075,390,1812,-1422
106000076,2164,2967,-803
106000077,4664,1976,2688
106000078,1039,1312,-273
106000079,756,1361,-605
106000080,1537,953,584
106000081,789,1652,-863
106000082,2884,1219,1665
106000083,450,2152,-1702
106000084,1259,889,370
106000085,2061,2188,-127
106000086,811,1153,-342
106000087,1057,774,283
106000088,455,1109,-654
106000089,1319,576,743
106000090,302,818,-516
106000091,348,870,-522
106000092,921,441,480
106000093,350,212,138
106000094,129,415,-286
106000095,755,1329,-574
106000096,946,1023,-77
106000097,1113,1586,-473
106000098,997,1591,-594
106000099,329,1930,-1601
106000100,2223,403,1820
106000101,3053,819,2234
106000102,549,1971,-1422
106000103,391,1054,-663
106000104,1497,613,884
106000105,625,1084,-459
106000106,755,712,43
106000107,134,423,-289
106000108,330,417,-87
106000109,148,394,-246
106000110,202,366,-164
106000111,245,557,-312
106000112,222,602,-380
106000113,1270,793,477
106000114,628,834,-206
106000115,222,747,-525
106000116,259,287,-28
106000117,1251,1079,172
106000118,1394,1814,-420
106000119,2486,1681,805
106000120,1118,1652,-534
106000121,199,231,-32
106000122,104,372,-268
106000123,398,289,109
106000124,75,438,-363
106000125,45,470,-425
106000126,300,201,99
106000127,939,1327,-388
106000128,791,343,448
106000129,542,869,-327
106000130,740,461,279
106000131,153,1077,-924
106000132,800,216,584
106000133,4526,1672,2854
106000134,816,3244,-2428
106000135,317,1002,-685
106000136,739,1234,-495
106000137,104,1584,-1480
106000138,1215,101,1114
106000139,55,190,-135
106000140,53,88,-35
106000141,83,158,-75
106000142,106,110,-4
106000143,173,117,56
106000144,25,77,-52
106000145,303,400,-97
106000146,337,260,77
106000147,682,717,-35
106000148,899,1188,-289
106000149,675,536,139
106000150,603,2475,-1872
106000151,6302,1186,5116
106000152,2373,2839,-466
106000153,144,2672,-2528
106000154,2255,329,1926
106000155,119,365,-246
106000156,1074,478,596
106000157,899,2890,-1991
106000158,3649,1210,2439
106000159,5176,2598,2578
106000160,520,3625,-3105
106000161,2275,690,1585
106000162,258,1123,-865
106000163,367,661,-294
106000164,404,496,-92
106000165,301,845,-544
106000166,895,399,496
106000167,451,1773,-1322
106000168,498,383,115
106000169,296,970,-674
106000170,992,386,606
106000171,270,1582,-1312
106000172,3849,1879,1970
106000173,1415,3897,-2482
106000174,1248,505,743
106000175,388,1605,-1217
106000176,1988,1056,932
106000177,1207,3717,-2510
106000178,4111,2534,1577
106000179,1447,3487,-2040
106000180,1140,2079,-939
106000181,926,2663,-1737
106000182,1094,1131,-37
106000183,1359,1153,206
106000184,3006,1164,1842
106000185,2183,1791,392
106000186,1236,307,929
106000187,354,1527,-1173
106000188,4,1,3
106000189,18,106,-88
106000190,24,2,22
106000191,751,369,382
106000192,17,64,-47
106000193,544,340,204
106000194,261,708,-447
106000195,1228,312,916
106000196,366,848,-482
106000197,664,511,153
106000198,259,491,-232
106000199,1442,1383,59
106000200,575,314,261
106000201,799,3993,-3194
106000202,7572,941,6631
106000203,173,286,-113
106000204,97,4,93
106000205,40,214,-174
106000206,133,21,112
106000207,72,1239,-1167
106000208,1383,206,1177
106000209,1530,450,1080
106000210,368,1747,-1379
106000211,500,1764,-1264
106000212,917,396,521
106000213,1067,2001,-934
106000214,3445,793,2652
106000215,492,621,-129
106000216,479,544,-65
106000217,343,677,-334
106000218,584,515,69
106000219,192,430,-238
106000220,619,480,139
106000221,181,372,-191
106000222,69,146,-77
106000223,192,166,26
106000224,193,364,-171
106000225,85,160,-75
106000226,194,388,-194
106000228,28,144,-116
106000229,131,892,-761
106000231,941,204,737
106000232,100,522,-422
106000233,881,145,736
106000234,309,255,54
106000235,1319,126,1193
106000236,551,72,479
106000237,2,21,-19
106000238,34,31,3
106000239,5,205,-200
106000240,96,21,75
106000241,21,925,-904
106000242,391,35,356
106000249,59,134,-75
106000250,85,829,-744
106000251,127,47,80
106000252,52,158,-106
106000253,64,98,-34
106000254,46,75,-29
106000255,32,202,-170
106000256,100,135,-35
106000257,201,393,-192
106000258,780,34,746
106000259,17,77,-60
106000260,54,7,47
106000261,3,67,-64
106000262,175,9,166
106000263,16,79,-63
106000264,328,14,314
106000265,15,220,-205
106000266,193,37,156
106000267,3,170,-167
106000268,708,75,633
106000269,82,89,-7
106000270,237,780,-543
106000271,100,381,-281
106000272,376,94,282
106000273,13,366,-353
106000274,278,81,197
106000275,158,327,-169
106000276,276,89,187
106000277,197,284,-87
106000278,329,80,249
106000279,19,83,-64
106000280,98,174,-76
106000281,93,118,-25
106000282,47,83,-36
106000283,133,131,2
106000284,75,152,-77
106000285,143,158,-15
106000286,90,221,-131
106000287,140,129,11
106000288,129,203,-74
106000289,91,84,7
106000290,78,144,-66
106000291,104,126,-22
106000292,94,183,-89
106000293,132,140,-8
106000294,169,175,-6
106000295,69,87,-18
106000296,92,141,-49
106000297,108,284,-176
106000298,195,90,105
106000299,77,183,-106
106000300,58,146,-88
106000301,75,136,-61
106000303,40,146,-106
106000304,47,45,2
106000305,33,78,-45
106000306,42,84,-42
106000307,70,15,55
106000308,55,199,-144
106000309,16,106,-90
106000310,342,765,-423
106000311,398,252,146
106000312,114,232,-118
106000313,140,339,-199
106000318,194,460,-266
106000319,1322,219,1103
106000320,3,69,-66
106000321,530,113,417
106000322,128,269,-141
106000324,8,180,-172
106000325,1903,1315,588
106000326,1331,2604,-1273
106000327,195,157,38
106000328,22,187,-165
106000329,88,443,-355
106000330,80,115,-35
106000428,74,158,-84
106000429,198,570,-372
106000430,432,1702,-1270
106000431,2569,473,2096
106000432,2423,4027,-1604
106000433,2447,1415,1032
106000434,3873,1920,1953
106000435,2504,3697,-1193
106000436,14,433,-419
106000437,435,60,375
106000438,1007,259,748
106000439,100,654,-554
106000440,406,928,-522
106000441,1,0,1
106000442,221,13,208
106000443,153,511,-358
106000450,0,287,-287
106000451,36,56,-20
106000454,11,291,-280
106000455,6,287,-281
106000456,230,56,174
106000457,39,1566,-1527
106000458,648,224,424
106000459,192,631,-439
106000460,1707,55,1652
106000461,158,2243,-2085
106000462,0,29,-29
106000463,0,39,-39
106000464,3,692,-689
106000465,659,5,654
106000466,10,1037,-1027
106000467,559,892,-333
106000468,96,310,-214
106000469,313,2,311
106000470,331,2293,-1962
106000471,42,985,-943
106000472,229,16,213
106000473,44,32,12
106000474,461,753,-292
106000475,339,257,82
106000476,175,163,12
106000477,14,78,-64
106900001,1,13,-12
106900002,7,680,-673
106900003,379,3036,-2657
106900004,0,72,-72
106900006,0,18,-18
106900007,0,12,-12
106900008,396,453,-57
106900009,356,544,-188
106900010,327,509,-182
106900012,2957,4544,-1587
106900013,1358,178,1180
106900014,37,6,31
106900015,18,0,18
106900016,345,11,334
106900017,7,2,5
106900018,4,0,4
106900019,42,0,42
106900020,5598,1628,3970
106900021,124,105,19
106900022,779,2,777
106900023,42,317,-275
106900024,1892,57,1835
106900025,68,1341,-1273
106900026,6,951,-945
106900027,827,8,819
107000001,5569,4704,865
107000002,5760,7202,-1442
107000003,6570,9117,-2547
107000004,8505,8685,-180
107000005,5191,7159,-1968
107000006,6842,8048,-1206
107000007,7254,14700,-7446
107000008,18361,13678,4683
107000009,8644,9819,-1175
107000010,17699,17116,583
107000011,1637,2219,-582
107000012,6226,5410,816
107000013,59,204,-145
107000014,53,416,-363
107000015,830,1230,-400
107000016,931,1265,-334
107000017,13428,2722,10706
107000018,251,1992,-1741
107000020,10343,1894,8449
107000021,2645,874,1771
107000022,3923,2485,1438
107000023,2759,501,2258
107000024,989,2324,-1335
107000025,247,664,-417
107000026,285,820,-535
107000027,1496,1984,-488
107000028,1714,2380,-666
107000029,3829,3804,25
107000030,4587,4928,-341
107000031,4316,3949,367
107000032,743,1381,-638
107000033,4993,9979,-4986
107000034,7278,3132,4146
107000035,523,410,113
107000036,588,2053,-1465
107000037,91,1368,-1277
107000038,396,340,56
107000039,1121,1257,-136
107000040,221,485,-264
107000041,2435,1140,1295
107000042,1098,2867,-1769
107000043,4265,1476,2789
107000044,848,461,387
107000045,218,411,-193
107000046,1182,625,557
107000047,544,1227,-683
107000048,858,468,390
107000049,713,1095,-382
107000050,1254,808,446
107000051,652,561,91
107000052,1472,1529,-57
107000053,679,353,326
107000054,89,349,-260
107000055,201,180,21
107000056,623,1234,-611
107000057,1993,314,1679
107000058,2553,3035,-482
107000059,3216,5447,-2231
107000060,5253,7593,-2340
107000061,7543,6010,1533
107000062,4577,4109,468
107000063,5366,7848,-2482
107000064,6064,3399,2665
107000065,6719,7438,-719
107000066,3262,4501,-1239
107000067,1553,1482,71
107000068,2307,890,1417
107000069,966,606,360
107000070,1160,8,1152
107000071,3351,60,3291
107000072,62,4410,-4348
107000073,861,415,446
107000074,221,1634,-1413
107000075,1876,577,1299
107000076,936,2297,-1361
107000077,3732,1454,2278
107000078,3503,5081,-1578
107000079,3276,1194,2082
107000080,1784,5217,-3433
107000081,1889,866,1023
107000082,749,2966,-2217
107000083,1534,589,945
107000084,636,3119,-2483
107000085,3618,4552,-934
107000086,4911,5049,-138
107000087,3278,3035,243
107000088,4161,5322,-1161
107000089,1604,2751,-1147
107000090,1609,1626,-17
107000091,1465,1185,280
107000092,909,1477,-568
107000093,1223,1212,11
107000094,1528,1567,-39
107000095,1100,832,268
107000096,984,1608,-624
107000097,1260,274,986
107000098,784,677,107
107000099,812,452,360
107000100,486,364,122
107000101,131,297,-166
107000102,645,533,112
107000103,503,308,195
107000104,315,496,-181
107000105,427,194,233
107000106,354,436,-82
107000107,807,270,537
107000108,335,902,-567
107000109,1051,282,769
107000110,134,768,-634
107000111,464,123,341
107000112,73,457,-384
107000113,938,185,753
107000114,124,797,-673
107000115,520,195,325
107000116,159,1188,-1029
107000117,156,772,-616
107000118,175,304,-129
107000119,2355,2378,-23
107000120,2007,652,1355
107000121,846,1072,-226
107000122,1412,1467,-55
107000123,384,1097,-713
107000124,762,1366,-604
107000125,1007,1055,-48
107000126,1095,1103,-8
107000127,60,543,-483
107000129,1351,229,1122
107000130,1169,449,720
107000131,678,500,178
107000132,1071,547,524
107000133,1169,171,998
107000134,542,4,538
107000135,8,402,-394
107000136,1051,9,1042
107000137,10,599,-589
107000138,578,48,530
107000139,32,647,-615
107000140,2413,142,2271
107000141,179,1141,-962
107000142,513,165,348
107000143,115,1154,-1039
107000144,611,763,-152
107000145,193,841,-648
107000146,258,668,-410
107000147,4134,1266,2868
107000150,1214,5480,-4266
107000151,70,141,-71
107000152,849,1651,-802
107000153,361,620,-259
107000154,276,224,52
107000155,1522,55,1467
107000156,1475,64,1411
107000157,93,2680,-2587
107000158,580,45,535
107000159,68,1483,-1415
107000160,905,357,548
107000161,136,2442,-2306
107000162,283,1009,-726
107000163,319,4,315
107000164,669,3,666
107000165,994,21,973
107000166,84,1859,-1775
107000167,742,303,439
107000168,1008,619,389
107000169,993,1297,-304
107000170,2408,1140,1268
107000171,935,3329,-2394
107000172,1226,1809,-583
107000173,878,1518,-640
107000174,1193,7621,-6428
107000175,10767,2677,8090
107000176,1,1,0
107000177,31,3,28
107000178,14,40,-26
107000179,381,3517,-3136
107000180,1387,561,826
107000181,486,1573,-1087
107000182,1650,1326,324
107000183,209,1255,-1046
107000184,1136,1010,126
107000185,731,2094,-1363
107000186,1748,626,1122
107000187,1781,1887,-106
107000188,798,877,-79
107000189,455,1514,-1059
107000190,814,1147,-333
107000191,845,1401,-556
107000192,1827,1226,601
107000193,500,606,-106
107000194,1102,1147,-45
107000197,1130,465,665
107000198,368,989,-621
107000199,752,1215,-463
107000200,1158,1156,2
107000201,572,315,257
107000202,389,813,-424
107000203,1858,964,894
107000204,2684,988,1696
107000205,3300,1608,1692
107000206,1613,1927,-314
107000207,1090,1587,-497
107000208,1945,640,1305
107000209,3084,1568,1516
107000210,1195,486,709
107000211,6,58,-52
107000212,22,580,-558
107000213,7,29,-22
107000214,9,276,-267
107000215,797,646,151
107000216,542,556,-14
107000217,206,205,1
107000219,101,199,-98
107000220,205,340,-135
107000222,323,1196,-873
107000224,609,117,492
107000225,360,854,-494
107000226,517,126,391
107000227,164,467,-303
107000228,116,244,-128
107000229,344,315,29
107000230,1550,749,801
107000231,2497,1552,945
107000232,134,96,38
107000233,1947,1044,903
107000234,0,41,-41
107000235,90,15,75
107000236,14,1382,-1368
107000237,28,1,27
107000238,31,0,31
107000239,5831,734,5097
107000240,94,1438,-1344
107000241,139,22,117
107000242,720,88,632
107000243,0,84,-84
107000244,17,87,-70
107000246,3,1487,-1484
107000249,5,1450,-1445
107000251,2,379,-377
107000252,4,1599,-1595
107000255,755,190,565
107000257,0,646,-646
107000258,3,180,-177
107000259,6,281,-275
107000260,568,17,551
107000262,18,797,-779
107000263,284,20,264
107000266,7,17,-10
107000267,82,199,-117
107000268,219,274,-55
107000269,1273,58,1215
107000270,2,35,-33
107000271,37,1059,-1022
107000272,35,263,-228
107000273,13,322,-309
107000274,9233,657,8576
107000275,148,1423,-1275
107000280,704,67,637
107000281,71,1371,-1300
107000282,89,1441,-1352
107000290,4,22,-18
107000291,40,51,-11
107000292,1,93,-92
107000293,426,6,420
107000294,0,41,-41
107000295,78,6,72
107000296,1,25,-24
107000444,646,22,624
107000496,0,43,-43
107000497,2035,3624,-1589
107000500,459,496,-37
107000501,155,269,-114
107000502,375,517,-142
107000505,825,1171,-346
107000506,4,71,-67
107000508,8,985,-977
107000509,335,1325,-990
107000510,32,31,1
107000514,78,484,-406
107000515,21,318,-297
107000516,276,458,-182
107000518,1276,1334,-58
107000519,3418,1608,1810
107000520,92,46,46
107900001,128,229,-101
107900002,72,9,63
107900003,416,23,393
107900004,107,4,103
107900005,1520,3,1517
107900006,287,5,282
107900007,391,52,339
107900008,135,77,58
107900009,296,9,287
107900010,14,0,14
107900012,402,16,386
107900013,338,83,255
107900014,51,5,46
107900015,1077,17,1060
107900016,761,133,628
107900017,33,5,28
107900018,67,170,-103
107900019,24,67,-43
107900020,244,27,217
107900021,84,188,-104
107900023,7,0,7
107900024,0,52,-52
107900025,222,451,-229
107900026,61,110,-49
107900027,69,103,-34
107900028,58,114,-56
107900030,199,26,173
107900031,86,232,-146
107900032,30,1,29
107900033,14,9,5
107900034,452,30,422
107900035,955,106,849
107900036,58,33,25
107900037,1,73,-72
107900038,234,282,-48
107900039,64,91,-27
107900040,104,146,-42
107900041,1,3,-2
107900043,58,213,-155
107900044,24,8,16
107900045,142,56,86
107900046,176,226,-50
107900047,23,127,-104
107900048,201,4,197
107900049,468,2864,-2396
107900050,121,550,-429
107900051,111,100,11
107900052,39,48,-9
107900053,40,153,-113
107900055,1035,500,535
107900056,233,55,178
107900057,0,0,0
107900058,57,992,-935
107900060,65,65,0
107900061,19,3,16
107900063,123,162,-39
107900064,442,151,291
107900065,183,29,154
107900066,28,13,15
107900067,0,0,0
107900068,314,423,-109
107900069,39,1894,-1855
107900070,150,62,88
107900071,53,1113,-1060
107900072,94,231,-137
107900073,166,146,20
107900074,1021,354,667
107900076,145,97,48
107900077,50,9,41
107900078,276,41,235
107900079,10,41,-31
107900080,400,462,-62
107900081,36,173,-137
107900082,30,18,12
107900083,747,219,528
107900084,174,149,25
107900086,65,206,-141
107900087,995,158,837
107900088,50,16,34
107900089,520,1409,-889
107900090,1334,3809,-2475
107900091,294,691,-397
107900092,2886,683,2203
107900093,150,142,8
107900095,4604,2820,1784
107900097,111,134,-23
107900098,114,194,-80
107900100,1485,1438,47
107900101,1505,287,1218
107900102,42,4,38
107900103,76,217,-141
107900104,368,15,353
107900105,1,624,-623
107900106,4,1768,-1764
107900107,2286,706,1580
107900108,520,182,338
107900109,1220,5,1215
107900110,52,135,-83
107900111,11,1385,-1374
107900112,107,530,-423
107900113,219,217,2
107900114,154,260,-106
107900115,4,60,-56
107900116,140,270,-130
107900117,761,748,13
107900118,120,230,-110
107900119,103,442,-339
107900120,27,24,3
107900121,4,323,-319
107900122,3,95,-92
107900123,9,36,-27
107900124,51,31,20
107900125,49,242,-193
107900126,13,71,-58
107900127,880,398,482
107900128,168,96,72
107900129,73,62,11
107900130,79,80,-1
107900131,935,296,639
107900132,172,659,-487
107900133,5,106,-101
107900134,26,54,-28
107900135,5,282,-277
107900136,56,84,-28
107900137,207,172,35
107900138,60,112,-52
107900139,42,102,-60
107900140,117,84,33
107900141,86,58,28
107900142,134,1462,-1328
107900143,104,61,43
107900144,0,214,-214
107900145,23,142,-119
107900146,69,210,-141
107900147,64,34,30
107900148,251,209,42
107900149,1760,323,1437
107900150,146,1141,-995
107900151,28,167,-139
107900152,21,375,-354
107900153,189,469,-280
107900154,54,42,12
107900155,56,78,-22
107900156,6,346,-340
107900157,55,69,-14
107900158,843,39,804
107900159,63,1447,-1384
107900160,120,199,-79
107900161,25,259,-234
107900162,1,245,-244
107900163,216,45,171
107900164,13,55,-42
107900165,46,128,-82
107900166,19,273,-254
107900167,41,40,1
107900168,32,58,-26
107900169,6,238,-232
107900171,36,2077,-2041
107900172,2,455,-453
107900173,7,242,-235
107900174,129,3,126
107900175,74,43,31
107900176,41,48,-7
107900177,6,408,-402
107900178,0,319,-319
107900179,13,184,-171
107900180,1134,592,542
107900181,557,353,204
107900182,6,1911,-1905
107900183,51,403,-352
107900184,169,348,-179
107900185,132,2,130
107900186,16,56,-40
107900187,0,240,-240
107900188,1061,218,843
107900189,23,173,-150
107900190,129,142,-13
107900191,75,203,-128
107900193,8,76,-68
107900194,331,16,315
107900195,4666,726,3940
107900196,68,124,-56
107900197,1371,384,987
107900199,1,1263,-1262
107900201,93,160,-67
107900203,56,114,-58
107900204,265,401,-136
107900205,277,611,-334
107900206,1340,274,1066
107900207,1,862,-861
107900208,17,822,-805
107900209,526,212,314
107900210,123,160,-37
107900213,1233,1025,208
107900214,21,144,-123
107900215,235,358,-123
107900216,187,127,60
107900217,130,104,26
107900218,34,2836,-2802
107900219,41,138,-97
107900220,347,345,2
107900221,269,276,-7
107900223,103,854,-751
107900224,165,488,-323
107900225,14,1106,-1092
107900226,128,233,-105
107900227,135,666,-531
107900228,38,180,-142
107900229,3,413,-410
107900230,19,190,-171
107900231,15,331,-316
107900232,64,271,-207
107900233,4,211,-207
107900234,106,240,-134
107900235,42,184,-142
107900236,120,134,-14
107900237,93,705,-612
107900238,30,173,-143
107900239,1417,517,900
107900240,33,193,-160
107900241,19,124,-105
107900242,35,332,-297
107900243,4,86,-82
107900244,347,10,337
107900245,622,94,528
107900246,401,14,387
107900248,414,741,-327
107900249,719,33,686
107900250,4,819,-815
107900251,75,2093,-2018
107900252,1191,31,1160
107900253,188,11,177
107900254,104,827,-723
107900255,497,115,382
107900256,3595,1898,1697
107900257,236,203,33
107900258,149,355,-206
107900259,143,2214,-2071
107900261,8,603,-595
107900262,60,182,-122
107900264,302,8,294
107900265,239,291,-52
107900267,211,34,177
107900268,63,4,59
107900269,2,13,-11
107900270,1,0,1
107900271,2,12,-10
107900272,180,19,161
107900273,39,151,-112
107900274,62,0,62
107900275,30,0,30
107900276,0,72,-72
107900277,1,243,-242
107900278,286,521,-235
107900279,148,214,-66
107900280,2489,3312,-823
107900281,3475,3045,430
107900282,76,608,-532
107900283,1942,752,1190
107900284,924,997,-73
107900285,135,137,-2
107900286,181,133,48
107900287,194,257,-63
107900290,0,93,-93
107900291,518,6,512
107900292,142,373,-231
107900293,90,707,-617
107900295,63,112,-49
107900297,5,527,-522
107900298,1359,1187,172
107900299,4456,3271,1185
107900300,68,367,-299
107900301,1306,683,623
107900302,121,49,72
107900303,264,497,-233
107900304,270,645,-375
107900305,431,30,401
107900306,42,26,16
107900307,74,286,-212
107900308,147,99,48
107900309,227,4,223
107900310,608,7,601
107900311,7,318,-311
107900312,124,3,121
107900313,2,220,-218
107900314,3,69,-66
107900315,1,82,-81
107900316,118,4,114
107900317,196,33,163
107900318,18,243,-225
107900319,3,384,-381
107900320,2,242,-240
107900321,185,7,178
107900322,1,186,-185
107900323,19,220,-201
107900324,227,0,227
107900325,107,1,106
107900326,420,422,-2
107900327,2,87,-85
107900328,316,2,314
107900329,342,119,223
107900330,12,724,-712
107900331,191,43,148
107900332,369,38,331
107900333,73,13,60
107900334,17,263,-246
107900335,75,77,-2
107900336,63,74,-11
107900337,1959,1213,746
107900338,8,291,-283
107900339,3,32,-29
107900340,0,82,-82
107900341,82,1,81
107900342,185,151,34
107900343,251,0,251
107900344,14,141,-127
107900345,136,39,97
107900346,32,2,30
107900347,23,4,19
107900348,14,2,12
107900349,18,11,7
107900350,32,387,-355
108000001,3273,4757,-1484
108000002,3086,4453,-1367
108000003,4591,3568,1023
108000004,19391,23646,-4255
108000005,10696,6843,3853
108000006,11815,10987,828
108000007,6141,5514,627
108000008,6449,9328,-2879
108000009,4266,5471,-1205
108000010,4621,7190,-2569
108000011,14253,14085,168
108000012,24395,24056,339
108000014,1170,859,311
108000015,841,446,395
108000016,366,786,-420
108000017,1195,513,682
108000018,2043,831,1212
108000019,4312,1109,3203
108000020,1829,676,1153
108000021,527,2352,-1825
108000022,692,1994,-1302
108000023,1373,278,1095
108000024,360,803,-443
108000025,398,348,50
108000026,639,657,-18
108000027,797,646,151
108000028,565,325,240
108000029,501,690,-189
108000030,1178,381,797
108000031,483,869,-386
108000032,1619,762,857
108000033,828,1650,-822
108000034,1941,684,1257
108000035,1149,3479,-2330
108000036,430,1499,-1069
108000037,1786,606,1180
108000038,2773,823,1950
108000039,700,3170,-2470
108000040,2058,1342,716
108000041,990,3648,-2658
108000042,298,325,-27
108000043,282,392,-110
108000044,485,231,254
108000045,305,809,-504
108000046,1630,460,1170
108000047,607,1711,-1104
108000048,282,577,-295
108000049,1265,353,912
108000050,113,616,-503
108000051,335,164,171
108000052,342,973,-631
108000053,472,235,237
108000054,640,1471,-831
108000055,1217,586,631
108000056,1360,1701,-341
108000057,826,1344,-518
108000058,2349,4163,-1814
108000059,4246,2737,1509
108000060,237,503,-266
108000061,210,418,-208
108000062,812,778,34
108000063,560,770,-210
108000064,246,385,-139
108000065,794,1006,-212
108000066,2355,1174,1181
108000067,2244,931,1313
108000068,838,526,312
108000069,266,1700,-1434
108000070,1871,973,898
108000071,854,2289,-1435
108000072,1854,1540,314
108000073,2015,2842,-827
108000074,610,456,154
108000075,405,1200,-795
108000076,842,739,103
108000077,829,1023,-194
108000078,2229,1920,309
108000079,1057,2409,-1352
108000080,1281,857,424
108000081,710,2650,-1940
108000082,1367,2747,-1380
108000083,2121,1158,963
108000084,602,1820,-1218
108000085,795,563,232
108000086,1019,1091,-72
108000087,161,2137,-1976
108000088,246,18,228
108000089,499,594,-95
108000090,520,238,282
108000091,339,736,-397
108000092,162,152,10
108000093,237,1131,-894
108000094,705,131,574
108000095,216,777,-561
108000096,309,219,90
108000097,198,833,-635
108000098,1852,2174,-322
108000099,557,198,359
108000100,78,370,-292
108000101,2024,2084,-60
108000102,1874,3906,-2032
108000106,1130,2,1128
108000107,2,1138,-1136
108000108,1112,56,1056
108000109,9,1055,-1046
108000110,199,463,-264
108000111,236,1213,-977
108000112,63,177,-114
108000113,673,416,257
108000115,558,438,120
108000117,1450,650,800
108000118,127,277,-150
108000119,871,521,350
108000120,143,1046,-903
108000121,233,745,-512
108000122,755,525,230
108000123,1131,322,809
108000124,470,875,-405
108000125,362,356,6
108000126,166,645,-479
108000127,545,422,123
108000128,796,761,35
108000129,626,1663,-1037
108000130,688,403,285
108000131,819,547,272
108000132,2667,2200,467
108000133,975,668,307
108000134,649,886,-237
108000135,1192,658,534
108000136,838,1518,-680
108000137,458,565,-107
108000138,412,1407,-995
108000139,570,462,108
108000140,156,39,117
108000141,41,163,-122
108000142,85,133,-48
108000143,42,38,4
108000144,58,14,44
108000145,76,33,43
108000146,104,45,59
108000147,182,66,116
108000148,180,46,134
108000149,32,24,8
108000150,51,6,45
108000151,111,13,98
108000152,121,780,-659
108000153,451,192,259
108000154,69,24,45
108000155,90,31,59
108000156,403,182,221
108000157,296,1149,-853
108000158,118,742,-624
108000159,731,213,518
108000160,5281,1440,3841
108000161,4713,2887,1826
108000165,7,275,-268
108000172,18,274,-256
108000173,2947,2602,345
108000175,235,168,67
108000178,590,461,129
108000179,304,971,-667
108000181,59,54,5
108000182,141,21,120
108000183,136,40,96
108000184,1427,2454,-1027
108000185,244,716,-472
108000186,215,60,155
108000187,132,922,-790
108000188,638,443,195
108000189,907,1689,-782
108000190,29,193,-164
108000192,365,822,-457
108000193,1168,73,1095
108000194,28,25,3
108000195,4,1583,-1579
108000196,388,283,105
108000198,553,526,27
108000199,0,189,-189
108000200,520,1025,-505
108000202,0,284,-284
108000203,150,915,-765
108000204,137,75,62
108000205,464,725,-261
108000339,2136,533,1603
108000364,157,467,-310
108000365,110,513,-403
108000367,226,627,-401
108000368,11,110,-99
108000369,1779,268,1511
108000371,1,754,-753
108000372,631,6,625
108000373,329,250,79
108000376,79,41,38
108000377,389,394,-5
108000378,11089,12557,-1468
108000379,68,292,-224
108000381,65,26,39
108000382,78,0,78
108000383,1,71,-70
108900001,115,1446,-1331
108900002,335,95,240
108900003,441,1120,-679
108900004,114,424,-310
108900005,85,488,-403
108900006,1223,231,992
108900007,255,285,-30
108900008,115,190,-75
108900009,71,139,-68
108900010,196,227,-31
108900011,429,481,-52
108900012,379,604,-225
108900013,111,351,-240
108900014,12,122,-110
108900015,0,63,-63
108900016,1,306,-305
108900017,376,376,0
108900018,130,598,-468
108900019,209,1427,-1218
108900020,54,300,-246
108900021,159,348,-189
108900022,179,16,163
108900023,3,40,-37
108900024,22,185,-163
108900025,85,196,-111
108900026,28,146,-118
108900027,0,122,-122
108900028,77,554,-477
108900029,78,396,-318
108900030,1,110,-109
108900031,99,590,-491
108900032,20,349,-329
108900033,0,155,-155
108900034,3,293,-290
108900035,354,2026,-1672
108900036,199,377,-178
108900037,87,585,-498
108900038,3,429,-426
108900039,0,559,-559
108900040,12,144,-132
108900041,7165,3460,3705
108900042,15,472,-457
108900043,120,669,-549
108900044,5,705,-700
108900045,68,783,-715
108900046,67,1253,-1186
108900047,0,67,-67
108900048,143,1366,-1223
108900049,6160,1613,4547
108900050,3,335,-332
108900051,0,290,-290
108900052,39,420,-381
108900053,110,264,-154
108900054,98,298,-200
108900055,82,558,-476
108900056,0,230,-230
108900057,2,273,-271
108900058,47,572,-525
108900059,406,34,372
108900060,133,237,-104
108900061,69,54,15
108900062,9,345,-336
108900063,15,550,-535
108900064,196,119,77
108900065,16,336,-320
108900066,311,200,111
108900067,55,203,-148
108900068,2,148,-146
108900069,52,173,-121
108900070,61,173,-112
108900071,80,115,-35
108900072,3357,1045,2312
108900073,13,90,-77
108900074,177,596,-419
108900075,74,92,-18
108900076,320,129,191
108900077,179,167,12
108900078,18,246,-228
108900079,1351,412,939
108900080,72,1351,-1279
108900081,54,394,-340
108900082,55,176,-121
108900083,30,495,-465
108900084,541,235,306
108900085,2826,270,2556
108900086,96,398,-302
108900087,171,311,-140
108900088,1358,582,776
108900089,39,230,-191
108900090,38,471,-433
108900091,126,101,25
108900092,485,464,21
108900093,148,136,12
108900094,287,109,178
108900095,70,623,-553
108900096,410,29,381
108900097,329,362,-33
108900098,3958,918,3040
108900099,391,430,-39
108900100,96,185,-89
108900101,218,174,44
108900102,161,981,-820
108900103,258,137,121
108900104,203,642,-439
108900105,5,1428,-1423
108900106,425,525,-100
108900108,1098,104,994
108900109,374,49,325
108900110,253,610,-357
108900111,530,916,-386
108900112,307,25,282
108900113,39,55,-16
108900114,0,2,-2
108900115,110,120,-10
108900116,106,23,83
108900117,304,13,291
108900118,514,27,487
108900119,252,61,191
108900120,424,307,117
108900121,380,208,172
108900122,115,57,58
108900123,156,165,-9
108900124,440,272,168
108900125,399,3,396
108900126,66,23,43
108900127,152,39,113
108900128,123,42,81
108900129,774,197,577
108900130,331,2,329
108900131,513,7,506
108900132,443,122,321
108900133,259,103,156
108900134,287,385,-98
108900135,131,17,114
108900136,99,3,96
108900137,163,4,159
108900138,725,66,659
108900139,811,228,583
108900140,247,385,-138
108900141,360,15,345
108900142,119,10,109
108900143,31,0,31
108900144,110,0,110
108900145,144,13,131
108900146,134,1,133
108900147,211,0,211
108900148,107,63,44
108900149,755,502,253
108900150,228,10,218
108900151,282,9,273
108900152,130,88,42
108900153,133,525,-392
108900154,6102,782,5320
108900155,293,132,161
108900156,104,16,88
108900157,37,680,-643
108900158,690,37,653
108900159,5,413,-408
108900160,15,403,-388
108900161,8,725,-717
108900162,67,1,66
108900163,5,285,-280
108900164,77,114,-37
108900165,226,113,113
108900167,2555,6606,-4051
108900168,11512,3318,8194
108900169,90,183,-93
108900171,11694,3712,7982
108900172,273,66,207
108900173,282,541,-259
108900174,716,834,-118
108900176,202,635,-433
108900177,9426,6667,2759
108900178,6535,3636,2899
108900179,865,1761,-896
108900180,123,435,-312
108900182,26,374,-348
108900183,307,303,4
108900184,589,358,231
108900185,160,532,-372
108900186,78,556,-478
108900187,327,73,254
108900188,532,122,410
108900189,470,261,209
108900190,90,4295,-4205
108900191,245,51,194
108900192,137,354,-217
108900193,749,86,663
108900194,81,604,-523
108900195,158,435,-277
108900196,32,720,-688
108900198,5,725,-720
108900199,274,495,-221
108900200,1145,467,678
108900201,591,1912,-1321
108900203,561,64,497
108900204,397,22,375
108900205,236,23,213
108900206,621,75,546
108900207,187,89,98
108900208,13,481,-468
108900209,338,855,-517
108900210,222,337,-115
108900211,221,596,-375
108900212,821,1428,-607
108900215,131,752,-621
108900216,571,155,416
108900217,167,3,164
108900218,225,37,188
108900219,114,10,104
108900220,83,47,36
108900221,59,189,-130
108900222,262,17,245
108900223,15,142,-127
108900224,50,297,-247
108900225,0,292,-292
108900226,251,11,240
108900227,133,322,-189
108900230,452,434,18
108900231,67,354,-287
108900232,4,449,-445
108900233,693,167,526
108900234,346,230,116
108900235,313,766,-453
108900236,79,494,-415
108900237,99,393,-294
108900240,172,188,-16
108900241,42,45,-3
108900245,20,1644,-1624
108900249,138,30,108
108900250,586,514,72
108900257,316,936,-620
108900258,18,266,-248
108900259,198,105,93
108900260,5,115,-110
108900261,173,178,-5
108900262,264,173,91
108900263,43,235,-192
108900264,561,326,235
108900265,1416,394,1022
108900266,1266,600,666
108900267,4,108,-104
108900268,10,2,8
108900269,58,21,37
108900270,50,11,39
108900271,26,5,21
108900272,249,9,240
108900273,1252,728,524
108900274,84,93,-9
109000001,5261,1595,3666
109000002,2690,1968,722
109000003,3338,744,2594
109000004,658,3393,-2735
109000005,2996,1028,1968
109000006,899,2851,-1952
109000007,1882,887,995
109000008,812,2688,-1876
109000009,4215,1842,2373
109000010,1886,4954,-3068
109000011,3638,2609,1029
109000012,2535,4941,-2406
109000013,4317,3826,491
109000014,2587,5029,-2442
109000015,4072,8174,-4102
109000016,10711,5834,4877
109000017,2714,1892,822
109000018,1552,4672,-3120
109000019,3305,1624,1681
109000020,1426,2675,-1249
109000023,360,32,328
109000024,9,260,-251
109000025,559,561,-2
109000026,1192,429,763
109000027,139,415,-276
109000028,152,171,-19
109000029,294,264,30
109000030,124,900,-776
109000031,230,214,16
109000032,136,700,-564
109000033,461,201,260
109000034,77,39,38
109000035,12,80,-68
109000036,142,596,-454
109000037,274,1411,-1137
109000038,812,586,226
109000039,1304,727,577
109000040,6716,8285,-1569
109000041,5876,2058,3818
109000042,1139,1732,-593
109000044,602,75,527
109000045,184,532,-348
109000046,397,107,290
109000047,135,575,-440
109000048,1163,317,846
109000049,549,809,-260
109000050,546,363,183
109000051,409,400,9
109000052,718,1799,-1081
109000053,266,155,111
109000054,777,1142,-365
109000055,396,519,-123
109000056,363,890,-527
109000057,725,546,179
109000058,1689,494,1195
109000059,1191,1743,-552
109000060,637,369,268
109000061,1590,1152,438
109000062,303,443,-140
109000063,323,314,9
109000064,321,269,52
109000065,210,378,-168
109000066,440,167,273
109000067,78,424,-346
109000068,2427,13,2414
109000069,1300,41,1259
109000070,6,1370,-1364
109000071,555,114,441
109000072,137,481,-344
109000073,63,166,-103
109000074,48,292,-244
109000075,94,446,-352
109000076,94,294,-200
109000077,452,406,46
109000078,66,236,-170
109000079,187,300,-113
109000080,125,168,-43
109000081,94,702,-608
109000082,480,268,212
109000083,244,1209,-965
109000088,179,755,-576
109000089,263,70,193
109000090,249,649,-400
109000091,306,207,99
109000092,468,767,-299
109000093,255,236,19
109000094,516,4,512
109000095,162,686,-524
109000096,691,345,346
109000097,118,226,-108
109000098,60,148,-88
109000099,1042,587,455
109000100,272,815,-543
109000101,1911,1203,708
109000102,404,1344,-940
109000103,573,985,-412
109000104,1773,952,821
109000105,674,1950,-1276
109000106,2443,1152,1291
109000107,730,3112,-2382
109000108,1837,940,897
109000109,642,2946,-2304
109000110,1454,733,721
109000111,1216,3362,-2146
109000112,529,258,271
109000113,464,296,168
109000114,267,450,-183
109000115,1733,60,1673
109000116,10,380,-370
109000117,190,127,63
109000118,14,422,-408
109000119,1221,391,830
109000120,222,1454,-1232
109000121,433,58,375
109000122,144,1354,-1210
109000123,38,81,-43
109000124,642,664,-22
109000125,1100,554,546
109000126,506,1434,-928
109000127,831,272,559
109000128,620,2731,-2111
109000129,2289,1118,1171
109000130,736,3549,-2813
109000131,871,588,283
109000132,911,2912,-2001
109000133,450,1400,-950
109000134,1168,1924,-756
109000135,2253,2173,80
109000136,423,520,-97
109000137,297,527,-230
109000138,596,584,12
109000139,510,562,-52
109000140,286,624,-338
109000141,603,666,-63
109000142,157,782,-625
109000143,123,102,21
109000145,89,270,-181
109000146,55,188,-133
109000148,5733,2614,3119
109000149,36,52,-16
109000150,93,262,-169
109000155,856,855,1
109000156,1980,1050,930
109000158,394,489,-95
109000159,324,978,-654
109000160,1280,412,868
109000161,532,1949,-1417
109000162,2303,1114,1189
109000163,1166,2740,-1574
109000164,1400,3541,-2141
109000165,1325,939,386
109000166,813,184,629
109000167,140,949,-809
109000170,49,72,-23
109000171,70,72,-2
109000172,46,97,-51
109000173,26,91,-65
109000174,149,73,76
109000175,70,117,-47
109000176,404,322,82
109000177,39,149,-110
109000178,328,183,145
109000179,8923,5695,3228
109000180,8568,4765,3803
109000181,19,45,-26
109000182,62,47,15
109000183,48,81,-33
109000184,40,29,11
109000185,52,90,-38
109000188,1098,3053,-1955
109000189,4318,1542,2776
109000190,1109,698,411
109000191,394,751,-357
109000192,397,496,-99
109000193,223,535,-312
109000194,282,202,80
109000195,172,534,-362
109000196,292,259,33
109000197,239,609,-370
109000198,381,138,243
109000199,170,696,-526
109000206,274,37,237
109000207,120,58,62
109000208,134,97,37
109000209,196,173,23
109000210,223,807,-584
109000211,188,416,-228
109000214,410,662,-252
109000215,188,95,93
109000216,412,320,92
109000217,362,202,160
109000218,549,313,236
109000221,678,1483,-805
109000222,1007,315,692
109000223,393,377,16
109000224,50,228,-178
109000225,95,68,27
109000226,54,298,-244
109000227,1117,1723,-606
109000228,2,602,-600
109000231,1,581,-580
109000232,328,654,-326
109000236,399,1110,-711
109000241,2576,2846,-270
109000242,2000,2187,-187
109000293,20,81,-61
109000361,154,385,-231
109000364,378,927,-549
109000396,14,826,-812
109000397,594,7,587
109000399,164,676,-512
109000400,102,413,-311
109000403,248,953,-705
109000406,632,10,622
109000407,351,304,47
109000408,4,710,-706
109000410,1236,393,843
109000411,75,25,50
109900001,97,0,97
109900002,1141,140,1001
109900003,208,1,207
109900004,1397,323,1074
109900005,41,15,26
109900006,587,497,90
109900007,672,955,-283
109900008,0,53,-53
109900009,208,1057,-849
109900010,589,20,569
109900011,162,63,99
109900012,474,315,159
109900013,530,254,276
109900014,404,102,302
109900015,639,215,424
109900016,131,54,77
109900017,196,267,-71
109900018,333,158,175
109900019,329,131,198
109900020,63,60,3
109900021,33,14,19
109900022,71,326,-255
109900023,36,8,28
109900024,19,10,9
109900025,19,113,-94
109900026,4,268,-264
109900027,44,48,-4
109900028,3058,1012,2046
109900029,9,591,-582
109900030,69,18,51
109900031,0,263,-263
109900032,12,455,-443
109900033,6,784,-778
109900034,23,2,21
109900035,19,27,-8
109900036,34,102,-68
109900037,27,715,-688
109900038,79,406,-327
109900039,3,0,3
109900040,34,786,-752
109900041,88,560,-472
109900042,157,812,-655
109900044,214,332,-118
109900045,169,107,62
109900046,26,103,-77
109900047,434,439,-5
109900048,7,128,-121
109900049,12,47,-35
109900050,0,291,-291
109900051,0,57,-57
109900052,224,506,-282
109900053,10,623,-613
109900054,646,310,336
109900055,60,442,-382
109900056,45,250,-205
109900057,16,222,-206
109900058,0,148,-148
109900059,616,194,422
109900060,586,272,314
109900061,108,455,-347
109900062,0,285,-285
109900063,17,551,-534
109900064,613,420,193
109900065,108,170,-62
109900066,510,1381,-871
109900067,3,443,-440
109900068,88,5,83
109900069,3,47,-44
109900070,60,501,-441
109900071,5,50,-45
109900072,44,274,-230
109900073,353,735,-382
109900074,10,113,-103
109900075,30,60,-30
109900076,23,268,-245
109900077,35,98,-63
109900078,175,411,-236
109900080,184,544,-360
109900081,48,227,-179
109900082,52,581,-529
109900083,19,91,-72
109900084,69,198,-129
109900085,316,1175,-859
109900086,171,536,-365
109900087,412,684,-272
109900089,716,214,502
109900090,643,1745,-1102
109900091,335,113,222
109900092,3843,40,3803
109900093,855,226,629
109900094,83,139,-56
109900095,207,366,-159
109900096,40,9,31
109900097,77,0,77
109900098,449,61,388
109900099,173,2,171
109900100,54,0,54
109900101,511,22,489
109900102,536,47,489
109900103,28,53,-25
109900104,515,1142,-627
109900105,565,36,529
109900106,750,103,647
109900107,786,166,620
109900108,150,780,-630
109900109,45,206,-161
109900110,112,628,-516
109900111,451,1473,-1022
109900112,558,920,-362
109900113,818,570,248
109900114,1923,676,1247
109900115,195,146,49
109900117,1087,200,887
109900118,298,611,-313
109900119,907,490,417
109900120,81,22,59
109900121,594,464,130
109900122,390,8,382
109900123,19,241,-222
109900124,34,772,-738
109900125,3,264,-261
109900126,291,171,120
109900128,281,66,215
109900130,12383,2947,9436
109900131,93,220,-127
109900132,43,199,-156
109900133,116,440,-324
109900134,137,136,1
109900135,354,101,253
109900136,94,206,-112
109900137,140,479,-339
109900138,366,545,-179
109900140,210,347,-137
109900141,495,417,78
109900142,1299,534,765
109900145,15,479,-464
109900146,561,72,489
109900148,54,111,-57
109900149,88,80,8
109900150,7,103,-96
109900151,7,89,-82
109900152,0,33,-33
109900153,6,60,-54
109900154,65,1,64
109900155,79,41,38
109900157,80,336,-256
109900158,74,198,-124
109900159,174,69,105
109900160,202,74,128
109900161,340,90,250
109900162,194,177,17
109900163,1032,497,535
109900164,85,273,-188
109900165,790,6,784
109900166,15,266,-251
109900167,202,769,-567
109900168,286,868,-582
109900169,256,260,-4
109900170,448,970,-522
109900171,213,151,62
109900172,236,363,-127
109900173,5205,2735,2470
109900174,58,251,-193
109900175,95,143,-48
109900176,119,276,-157
109900177,54,363,-309
109900178,16,226,-210
109900179,146,39,107
109900180,11,12,-1
110000001,1024,797,227
110000002,736,856,-120
110000003,1422,925,497
110000004,677,799,-122
110000005,761,2592,-1831
110000006,653,515,138
110000007,188,236,-48
110000008,18,74,-56
110000009,99,44,55
110000010,28,124,-96
110000011,77,154,-77
110000012,880,627,253
110000013,47,784,-737
110000014,764,551,213
110000015,346,917,-571
110000016,413,2082,-1669
110000017,4289,454,3835
110000018,4339,721,3618
110000019,6,139,-133
110000020,568,265,303
110000021,1717,758,959
110000022,1674,351,1323
110000023,11,203,-192
110000024,951,579,372
110000025,313,10,303
110000026,9,553,-544
110000027,2035,619,1416
110000028,1046,1120,-74
110000029,623,1157,-534
110000030,280,666,-386
110000031,328,777,-449
110000032,828,756,72
110000033,516,151,365
110000034,697,1370,-673
110000035,1866,1056,810
110000036,1779,1356,423
110000037,360,868,-508
110000038,368,1167,-799
110000039,1002,4655,-3653
110000040,505,512,-7
110000041,446,1816,-1370
110000042,204,546,-342
110000043,1205,500,705
110000044,622,382,240
110000045,3731,184,3547
110000046,19,25,-6
110000047,159,54,105
110000048,24,20,4
110000049,197,9,188
110000050,21,44,-23
110000051,110,15,95
110000052,44,29,15
110000053,321,16,305
110000054,558,490,68
110000055,1314,63,1251
110000056,265,93,172
110000057,556,962,-406
110000058,2077,899,1178
110000059,1170,748,422
110000060,780,1391,-611
110000061,1240,1124,116
110000062,808,1195,-387
110000063,50,160,-110
110000064,100,126,-26
110000065,108,144,-36
110000066,68,86,-18
110000067,162,369,-207
110000068,408,461,-53
110000069,283,205,78
110000071,136,207,-71
110000073,6,39,-33
110000075,9,196,-187
110000076,380,671,-291
110000077,632,3146,-2514
110000078,39,86,-47
110000080,308,987,-679
110000081,76,475,-399
110000082,19,484,-465
110000083,299,865,-566
110000084,1106,953,153
110000085,2792,2129,663
110000086,2015,2429,-414
110000087,10,111,-101
110000088,111,354,-243
110000089,375,200,175
110000090,707,593,114
110000091,2264,627,1637
110000092,37,139,-102
110000093,68,13,55
110000094,584,453,131
110000095,284,895,-611
110000096,3499,2362,1137
110000097,1361,1629,-268
110000098,2760,1020,1740
110000099,1148,2207,-1059
110000100,901,796,105
110000101,25,509,-484
110000102,44,41,3
110000104,650,180,470
110000105,130,320,-190
110000106,807,434,373
110000107,375,557,-182
110000108,158,53,105
110000109,362,411,-49
110000110,4633,5597,-964
110000111,9488,3488,6000
110000112,1599,1360,239
110000113,658,2672,-2014
110000114,140,701,-561
110000115,306,409,-103
110000116,45,104,-59
110000117,234,799,-565
110000118,566,377,189
110000119,269,669,-400
110000120,479,244,235
110000121,148,620,-472
110000122,481,939,-458
110000123,641,868,-227
110000124,7,1548,-1541
110000125,1168,7,1161
110000126,380,33,347
110000127,1259,74,1185
110000128,59,2264,-2205
110000129,5,709,-704
110000130,363,234,129
110000131,144,482,-338
110000132,2,1088,-1086
110000133,82,756,-674
110000134,33,562,-529
110000135,278,54,224
110000136,79,460,-381
110000137,609,937,-328
110000138,959,1046,-87
110000139,875,1953,-1078
110000140,1411,664,747
110000143,928,570,358
110000144,6596,2265,4331
110000145,2453,1338,1115
110000146,2986,1271,1715
110000147,566,1115,-549
110000148,680,458,222
110000151,1254,1057,197
110000152,1392,529,863
110000153,100,86,14
110000154,149,60,89
110000155,2837,4974,-2137
110000156,1149,2824,-1675
110000157,2748,2680,68
110000160,421,381,40
110000161,166,488,-322
110000166,501,269,232
110000167,910,672,238
110000168,1089,501,588
110000169,853,424,429
110000170,208,101,107
110000171,845,195,650
110000172,165,1146,-981
110000173,1326,1758,-432
110000174,308,1789,-1481
110000175,614,135,479
110000176,318,459,-141
110000177,266,1093,-827
110000178,748,2109,-1361
110000179,1960,567,1393
110000180,202,393,-191
110000181,666,747,-81
110000182,471,303,168
110000183,16054,9727,6327
110000184,878,3602,-2724
110000185,3975,1295,2680
110000186,1092,1868,-776
110000191,722,534,188
110000192,687,14,673
110000193,1262,9,1253
110000194,17,1784,-1767
110000195,467,553,-86
110000196,439,550,-111
110000197,118,319,-201
110000198,226,138,88
110000199,152,242,-90
110000200,2325,844,1481
110000201,1852,1302,550
110000202,1693,682,1011
110000203,970,1246,-276
110000204,6,425,-419
110000205,182,71,111
110000206,1085,2030,-945
110000207,838,563,275
110000208,823,257,566
110000209,176,1742,-1566
110000210,1098,941,157
110000211,2580,1534,1046
110000212,498,1572,-1074
110000213,240,120,120
110000214,300,157,143
110000215,213,710,-497
110000216,116,733,-617
110000217,309,238,71
110000218,202,638,-436
110000219,372,112,260
110000220,68,453,-385
110000221,382,121,261
110000222,118,315,-197
110000223,4,201,-197
110000224,127,24,103
110000225,342,962,-620
110000226,289,85,204
110000227,1212,1037,175
110000228,701,499,202
110000229,1,355,-354
110000230,1440,1045,395
110000231,206,309,-103
110000232,416,327,89
110000233,290,460,-170
110000234,1838,912,926
110000235,1395,1530,-135
110000236,916,1132,-216
110000237,5484,2048,3436
110000238,1471,1954,-483
110000239,2479,1598,881
110000240,1,131,-130
110000242,0,22,-22
110000243,154,201,-47
110000244,268,618,-350
110000245,58,642,-584
110000246,1216,1013,203
110000247,1787,8290,-6503
110000248,3226,2401,825
110000249,89,14,75
110000250,97,386,-289
110000251,356,1043,-687
110000252,413,278,135
110000253,1459,969,490
110000254,899,2283,-1384
110000255,331,1532,-1201
110000256,570,398,172
110000257,925,626,299
110000258,11,815,-804
110000259,133,42,91
110000260,30,547,-517
110000263,824,179,645
110000264,389,780,-391
110000265,1715,2692,-977
110000266,2864,3615,-751
110000267,24,416,-392
110000268,350,782,-432
110000269,7,158,-151
110000270,72,4,68
110000271,2702,365,2337
110000272,1370,1411,-41
110000273,5143,2034,3109
110000274,435,1713,-1278
110000275,3818,852,2966
110000276,525,501,24
110000277,776,596,180
110000278,625,1036,-411
110000279,996,820,176
110000280,580,529,51
110000281,66,320,-254
110000282,404,71,333
110000283,66,156,-90
110000284,105,71,34
110000285,10,586,-576
110000286,30,1,29
110000287,150,2,148
110000288,55,164,-109
110000289,594,2172,-1578
110000290,1551,989,562
110000291,8286,1754,6532
110000292,1680,5605,-3925
110000293,856,1011,-155
110000294,1137,1476,-339
110000295,344,1487,-1143
110000296,697,540,157
110000297,3395,493,2902
110000298,270,885,-615
110000299,572,155,417
110000301,838,41,797
110000302,430,1580,-1150
110000303,705,19,686
110000304,138,392,-254
110000305,1468,27,1441
110000306,167,2113,-1946
110000307,1808,14,1794
110000308,973,13,960
110000309,30,1393,-1363
110000310,770,98,672
110000311,20,981,-961
110000312,474,137,337
110000313,4176,5320,-1144
110000314,4,551,-547
110000315,5460,3809,1651
110000316,821,1891,-1070
110000317,1181,593,588
110000318,18,143,-125
110000319,36,33,3
110000320,187,85,102
110000321,25,64,-39
110000322,420,670,-250
110000323,848,280,568
110000324,5214,1885,3329
110000325,3848,4010,-162
110000327,994,559,435
110000328,362,641,-279
110000333,1553,905,648
110000334,1160,2076,-916
110000335,1236,843,393
110000336,1379,1491,-112
110000337,2052,765,1287
110000338,506,371,135
110000339,479,315,164
110000340,399,246,153
110000341,498,611,-113
110000342,807,1,806
110000343,1,18,-17
110000344,517,263,254
110000345,579,219,360
110000346,3776,2356,1420
110000347,1311,1007,304
110000348,47,55,-8
110000349,17,36,-19
110000350,73,17,56
110000351,1181,1174,7
110000352,768,2923,-2155
110000353,3903,1025,2878
110000354,1911,6140,-4229
110000355,138,198,-60
110000356,963,11,952
110000357,576,21,555
110000361,26,94,-68
110000362,76,181,-105
110000363,357,150,207
110000364,383,469,-86
110000365,344,4,340
110000366,4,162,-158
110000367,937,415,522
110000368,57,194,-137
110000369,80,2,78
110000373,13,438,-425
110000374,379,23,356
110000375,157,1680,-1523
110000376,59,178,-119
110000377,75,867,-792
110000378,42,501,-459
110000379,4972,2946,2026
110000380,115,30,85
110000383,3,1363,-1360
110000384,3488,1202,2286
110000385,2,389,-387
110000387,112,5,107
110000388,48,313,-265
110000389,886,4,882
110000391,904,542,362
110000396,186,219,-33
110000397,129,285,-156
110000398,7,51,-44
110000399,228,2,226
110000587,146,78,68
110000589,220,240,-20
110000640,244,114,130
110000652,27,218,-191
110000653,276,515,-239
110000654,44,73,-29
110000656,3,779,-776
110000674,47,38,9
110000675,41,28,13
110000676,28,93,-65
110000679,425,1218,-793
110000682,141,208,-67
110000683,679,847,-168
110000684,17,73,-56
110000685,20,25,-5
110000686,3,55,-52
110000687,104,14,90
110000688,73,979,-906
110000689,44,79,-35
110000692,181,322,-141
110000693,306,424,-118
110000694,1,223,-222
110000695,915,1027,-112
110000696,135,183,-48
110900001,331,24,307
110900002,699,490,209
110900003,767,1104,-337
110900004,392,306,86
110900005,4888,2659,2229
110900006,25,11,14
110900007,114,27,87
110900008,11,39,-28
110900009,430,122,308
110900010,13,143,-130
110900011,21,149,-128
110900012,12,164,-152
110900013,1072,212,860
110900014,389,27,362
110900015,943,671,272
110900016,61,211,-150
110900017,368,47,321
110900018,486,80,406
110900019,177,55,122
110900020,121,530,-409
110900021,81,854,-773
110900022,142,405,-263
110900023,116,717,-601
110900024,30,521,-491
110900025,22,93,-71
110900027,35,393,-358
110900028,66,279,-213
110900029,53,510,-457
110900030,54,452,-398
110900031,4,289,-285
110900032,1,111,-110
110900033,79,350,-271
110900035,51,629,-578
110900036,76,41,35
110900037,78,53,25
110900038,1666,254,1412
110900039,15,355,-340
110900040,303,68,235
110900041,11,176,-165
110900042,135,66,69
110900043,4,247,-243
110900044,385,20,365
110900045,54,679,-625
110900046,89,430,-341
110900047,875,316,559
110900049,144,109,35
110900050,35,3,32
110900051,63,300,-237
110900052,8,241,-233
110900053,112,76,36
110900054,32,348,-316
110900055,33,5,28
110900056,44,142,-98
110900057,11,265,-254
110900058,357,343,14
110900059,650,866,-216
110900060,545,169,376
110900061,39,65,-26
110900062,129,372,-243
110900063,44,248,-204
110900064,17,2,15
110900065,336,139,197
110900066,17,114,-97
110900067,506,1311,-805
110900068,321,332,-11
110900069,15,33,-18
110900070,209,79,130
110900071,393,807,-414
110900073,1,35,-34
110900074,359,127,232
110900075,436,170,266
110900077,877,714,163
110900078,49,135,-86
110900079,2660,1464,1196
110900080,121,93,28
110900081,6,90,-84
110900082,122,214,-92
110900083,165,68,97
110900084,64,177,-113
110900085,64,509,-445
110900086,81,374,-293
110900087,334,137,197
110900088,12,1,11
110900090,55,68,-13
110900091,3,96,-93
110900093,841,126,715
110900095,66,97,-31
110900097,15,42,-27
110900098,30,106,-76
110900099,64,698,-634
110900100,1,32,-31
110900102,68,27,41
110900105,1117,478,639
110900108,15,150,-135
110900111,605,290,315
110900112,974,22,952
110900113,574,59,515
110900115,11,100,-89
110900116,755,2922,-2167
110900118,138,3040,-2902
110900119,6123,502,5621
110900120,24,139,-115
110900121,123,0,123
110900122,438,198,240
110900125,357,461,-104
110900127,955,1516,-561
110900128,283,261,22
110900129,526,875,-349
110900130,1347,522,825
110900131,450,124,326
110900132,424,106,318
110900133,282,332,-50
110900135,205,563,-358
110900136,320,15,305
110900137,245,1,244
110900138,3061,458,2603
110900139,152,87,65
110900140,209,12,197
110900141,13,152,-139
110900142,75,254,-179
110900143,210,131,79
110900144,0,961,-961
110900145,227,67,160
110900146,1154,187,967
110900147,217,611,-394
110900148,3,470,-467
110900149,1,121,-120
110900150,55,55,0
110900151,6,154,-148
110900152,28,401,-373
110900153,142,47,95
111000001,845,367,478
111000002,825,721,104
111000003,1304,1091,213
111000004,784,1492,-708
111000005,1866,1829,37
111000006,1464,2474,-1010
111000007,6649,4517,2132
111000008,4275,4744,-469
111000009,400,1178,-778
111000010,1092,373,719
111000011,524,1151,-627
111000012,1056,517,539
111000013,508,1229,-721
111000014,1758,906,852
111000017,166,1149,-983
111000018,300,600,-300
111000020,2092,3395,-1303
111000021,164,163,1
111000023,111,155,-44
111000025,7588,4361,3227
111000029,140,166,-26
111000030,45,152,-107
111000031,2812,1610,1202
111000032,905,451,454
111000033,441,328,113
111000034,436,258,178
111000037,3385,1717,1668
111000038,5263,3951,1312
111000039,2729,3606,-877
111000040,2204,3428,-1224
111000041,2347,2608,-261
111000042,6394,3932,2462
111000043,2883,3969,-1086
111000044,2024,1383,641
111000045,2516,2849,-333
111000046,2079,2143,-64
111000047,3103,5291,-2188
111000049,685,822,-137
111000050,2153,2071,82
111000051,624,1529,-905
111000052,808,2441,-1633
111000053,505,1405,-900
111000054,402,1458,-1056
111000055,1546,2859,-1313
111000056,199,863,-664
111000057,112,973,-861
111000058,361,169,192
111000059,818,355,463
111000060,4845,1131,3714
111000061,647,506,141
111000062,918,411,507
111000063,2732,1254,1478
111000064,566,854,-288
111000065,1356,1364,-8
111000066,581,545,36
111000067,793,870,-77
111000068,672,1498,-826
111000069,2447,3763,-1316
111000070,2241,1589,652
111000071,370,999,-629
111000072,1026,568,458
111000073,324,1036,-712
111000074,2018,2228,-210
111000075,1437,1044,393
111000076,684,1305,-621
111000077,1962,2233,-271
111000078,3325,1892,1433
111000079,1643,1391,252
111000080,741,1153,-412
111000081,2636,9711,-7075
111000082,899,954,-55
111000084,1175,881,294
111000085,1462,2291,-829
111000086,4373,1694,2679
111000087,970,1137,-167
111000088,11202,2991,8211
111000089,1186,1437,-251
111000090,1556,1888,-332
111000091,858,891,-33
111000092,1440,1403,37
111000093,1119,1412,-293
111000094,2529,1396,1133
111000095,876,2859,-1983
111000096,3222,9711,-6489
111000097,6656,1877,4779
111000098,907,1622,-715
111000099,833,2784,-1951
111000100,453,2409,-1956
111000101,504,1330,-826
111000102,296,1240,-944
111000104,901,300,601
111000107,144,1012,-868
111000109,719,354,365
111000110,1955,1063,892
111000111,2238,756,1482
111000112,2026,714,1312
111000113,986,1675,-689
111000114,1955,3674,-1719
111000115,9319,1572,7747
111000116,1194,1431,-237
111000117,645,1386,-741
111000118,2227,1553,674
111000119,1367,1971,-604
111000120,554,984,-430
111000121,300,1001,-701
111000122,664,1627,-963
111000123,1346,4249,-2903
111000124,801,4140,-3339
111000125,356,2490,-2134
111000126,165,1351,-1186
111000127,1046,274,772
111000128,2148,533,1615
111000129,3624,675,2949
111000130,2328,1064,1264
111000131,1692,800,892
111000132,1385,1025,360
111000133,146,264,-118
111000134,180,168,12
111000135,36,169,-133
111000136,344,452,-108
111000138,25,14,11
111000140,6,17,-11
111000141,541,529,12
111000142,8,135,-127
111000143,1,93,-92
111000144,23,212,-189
111000145,1893,19,1874
111000146,101,25,76
111000147,312,53,259
111000148,733,110,623
111000149,8,60,-52
111000150,27,8,19
111000151,9,30,-21
111000153,799,852,-53
111000154,987,300,687
111000155,115,247,-132
111000156,488,728,-240
111000157,261,1215,-954
111000158,1348,957,391
111000159,3993,905,3088
111000160,421,381,40
111000161,22,373,-351
111000162,73,332,-259
111000163,923,1718,-795
111000164,1163,6591,-5428
111000165,1689,920,769
111000166,2879,710,2169
111000167,201,775,-574
111000168,313,658,-345
111000169,417,844,-427
111000170,637,745,-108
111000171,651,1172,-521
111000172,216,668,-452
111000173,430,1202,-772
111000174,185,675,-490
111000175,79,574,-495
111000176,799,232,567
111000177,341,319,22
111000178,1511,404,1107
111000179,225,305,-80
111000180,281,645,-364
111000181,1178,414,764
111000182,213,310,-97
111000183,827,510,317
111000184,557,442,115
111000185,512,724,-212
111000186,748,358,390
111000187,160,305,-145
111000188,293,692,-399
111000189,1541,783,758
111000190,232,576,-344
111000191,193,558,-365
111000192,284,728,-444
111000193,427,469,-42
111000194,61,431,-370
111000195,199,538,-339
111000196,51,334,-283
111000197,437,180,257
111000198,730,162,568
111000199,219,202,17
111000200,403,442,-39
111000201,554,344,210
111000202,236,297,-61
111000203,306,309,-3
111000204,447,875,-428
111000213,218,611,-393
111000214,2121,2050,71
111000215,1265,1799,-534
111000217,1621,1492,129
111000218,1750,1534,216
111000219,491,287,204
111000220,2917,2081,836
111000221,1046,181,865
111000224,1,369,-368
111000225,331,79,252
111000226,244,2,242
111000227,58,9,49
111000228,12,481,-469
111000229,53,837,-784
111000230,468,737,-269
111000231,1191,1391,-200
111000232,847,1326,-479
111000233,837,1135,-298
111000234,114,554,-440
111000239,141,250,-109
111000240,44,289,-245
111000241,55,449,-394
111000242,140,98,42
111000243,184,883,-699
111000244,496,147,349
111000245,1584,721,863
111000246,516,649,-133
111000247,331,1349,-1018
111000248,687,675,12
111000249,578,1073,-495
111000250,55,206,-151
111000251,72,183,-111
111000253,25,22,3
111000255,31,10,21
111000257,37,39,-2
111000260,100,1591,-1491
111000261,1386,161,1225
111000271,53,392,-339
111000273,7933,2484,5449
111000274,1653,3640,-1987
111000275,200,102,98
111000276,380,2806,-2426
111000277,430,671,-241
111000278,816,402,414
111000291,874,7209,-6335
111000298,620,357,263
111000299,847,227,620
111000300,161,876,-715
111000302,268,141,127
111000303,98,380,-282
111000312,68,103,-35
111000315,0,77,-77
111000320,519,859,-340
111000321,535,149,386
111000322,380,610,-230
111000323,183,35,148
111000324,516,433,83
111000325,38,97,-59
111000326,204,473,-269
111000327,550,670,-120
111000328,321,742,-421
111000329,4,21,-17
111000330,80,12,68
111000331,17,15,2
111000332,598,1938,-1340
111000334,422,2000,-1578
111000335,927,394,533
111000337,1204,631,573
111000338,140,255,-115
111000339,656,839,-183
111000340,180,1002,-822
111000341,1249,862,387
111000342,302,564,-262
111000344,1226,962,264
111000345,376,68,308
111000346,19,142,-123
111000347,197,14,183
111000350,304,159,145
111000351,168,364,-196
111000352,211,199,12
111000353,146,380,-234
111000354,846,253,593
111000355,439,1059,-620
111000358,234,1939,-1705
111000360,283,1090,-807
111000361,131,454,-323
111000546,971,980,-9
111000547,516,926,-410
111000548,148,401,-253
111000549,364,581,-217
111000550,123,997,-874
111000551,853,282,571
111000552,1993,110,1883
111000907,1125,23,1102
111000908,35,1,34
111000916,1613,475,1138
111000917,66,692,-626
111000918,235,1224,-989
111000920,534,28,506
111000921,8,323,-315
111000922,555,475,80
111000924,39,1301,-1262
111000925,2355,2878,-523
111000926,1123,2491,-1368
111000927,3285,6018,-2733
111000928,6109,4732,1377
111000929,2177,1652,525
111000930,1101,3241,-2140
111000931,2351,3049,-698
111000932,5627,3553,2074
111000933,4484,3007,1477
111000934,3013,4491,-1478
111000935,1677,1542,135
111000936,1379,3019,-1640
111000937,1065,1929,-864
111000938,2255,2624,-369
111000939,453,73,380
111000940,427,226,201
111000941,487,728,-241
111000943,365,439,-74
111000944,217,572,-355
111000945,114,2614,-2500
111001109,639,388,251
111001110,286,824,-538
111001111,47,6,41
111001112,325,56,269
111001113,2,249,-247
111001114,1883,82,1801
111001115,14,407,-393
111001116,6952,5117,1835
111001117,881,2721,-1840
111001120,80,461,-381
111001121,186,367,-181
111001122,95,461,-366
111001123,148,78,70
111900001,4,147,-143
111900002,30,1072,-1042
111900003,4,654,-650
111900004,91,256,-165
111900006,10,34,-24
111900007,79,10,69
111900008,244,3,241
111900009,215,345,-130
111900010,480,817,-337
111900012,325,229,96
111900013,20,138,-118
111900014,8189,3613,4576
111900015,0,106,-106
111900016,0,179,-179
111900017,2,187,-185
111900018,190,8,182
111900019,5,156,-151
111900020,13,83,-70
111900021,52,157,-105
111900022,20,121,-101
111900023,161,143,18
111900024,0,109,-109
111900025,1,77,-76
111900026,1,134,-133
111900027,10,202,-192
111900028,3,589,-586
111900029,4,145,-141
111900030,62,544,-482
111900031,16,115,-99
111900032,5,456,-451
111900033,9,170,-161
111900034,381,684,-303
111900035,145,285,-140
111900036,3,369,-366
111900038,443,746,-303
111900039,74,566,-492
111900040,7,821,-814
111900042,64,198,-134
111900043,10,534,-524
111900044,381,351,30
111900046,60,259,-199
111900048,150,721,-571
111900049,40,418,-378
111900050,165,25,140
111900051,4,197,-193
111900052,510,876,-366
111900053,1619,1321,298
111900054,128,3,125
111900055,45,447,-402
111900056,261,298,-37
111900057,164,67,97
111900058,387,952,-565
111900059,2774,646,2128
111900060,271,1,270
111900061,12,209,-197
111900062,41,92,-51
111900063,213,239,-26
111900064,100,167,-67
111900065,100,72,28
111900066,176,202,-26
111900067,166,471,-305
111900068,65,54,11
111900069,115,38,77
111900070,97,193,-96
111900071,0,269,-269
111900072,41,46,-5
111900073,801,114,687
111900074,14,254,-240
111900075,92,3,89
111900076,144,55,89
111900077,36,2,34
111900078,338,13,325
111900079,50,29,21
111900080,294,264,30
111900081,816,245,571
111900082,66,25,41
111900083,106,17,89
111900084,164,16,148
111900085,66,135,-69
111900086,25,10,15
111900087,54,0,54
111900088,388,2,386
111900089,80,2,78
111900090,106,58,48
111900091,118,3,115
111900092,117,1,116
111900093,364,4,360
111900094,97,0,97
111900095,232,34,198
111900096,79,1,78
111900097,67,0,67
111900098,152,3,149
111900099,88,0,88
111900100,233,3,230
111900101,128,18,110
111900102,503,790,-287
111900103,115,92,23
111900104,274,101,173
111900105,572,470,102
111900106,2561,144,2417
111900107,118,176,-58
111900108,206,165,41
111900109,800,415,385
111900110,2858,450,2408
111900111,114,226,-112
111900112,942,2496,-1554
111900113,306,59,247
111900114,258,194,64
111900115,34,60,-26
111900118,391,103,288
111900119,353,145,208
111900122,128,96,32
111900123,13,12,1
111900124,63,163,-100
111900125,554,34,520
111900126,331,3,328
111900127,4,977,-973
111900128,8,754,-746
111900129,293,8,285
111900130,358,48,310
111900131,457,5,452
111900132,26,1514,-1488
111900133,24,595,-571
111900134,43,332,-289
111900135,8,42,-34
111900136,96,148,-52
111900137,92,123,-31
111900138,14,156,-142
111900139,18,234,-216
111900140,93,36,57
111900141,51,14,37
111900142,64,28,36
111900143,62,320,-258
111900144,0,99,-99
111900145,12,796,-784
111900146,2,388,-386
111900147,200,645,-445
111900148,34,1042,-1008
111900149,17,454,-437
111900150,15,227,-212
111900151,7,51,-44
111900152,107,81,26
111900153,2263,480,1783
111900154,19,238,-219
111900155,47,80,-33
111900156,42,85,-43
111900157,84,18,66
111900158,526,56,470
111900159,255,30,225
111900160,218,2,216
111900161,147,5,142
111900162,67,211,-144
111900163,46,288,-242
111900164,109,105,4
111901113,463,299,164
111901114,572,511,61
111901115,111,3,108
111901116,83,5,78
111901117,39,56,-17
111901118,90,512,-422
111901119,1596,165,1431
111901120,129,303,-174
111901121,237,319,-82
111901122,9,744,-735
111901123,191,492,-301
111901124,183,3,180
111901125,343,229,114
111901126,118,69,49
111901127,1074,559,515
111901128,11,152,-141
111901129,22,201,-179
111901130,17,315,-298
111901131,3,302,-299
111901132,107,30,77
111901133,45,1,44
111901134,69,9,60
111901135,24,17,7
111901136,29,32,-3
111901137,0,32,-32
111901138,269,64,205
111901139,36,75,-39
111901140,8,170,-162
111901141,30,318,-288
111901142,2,165,-163
111901143,5,125,-120
111901144,34,52,-18
112000001,2287,1239,1048
112000002,994,3744,-2750
112000003,1366,1313,53
112000004,856,1865,-1009
112000005,3483,4231,-748
112000006,2962,3220,-258
112000007,3116,2357,759
112000008,3025,4855,-1830
112000009,5153,4828,325
112000010,3770,4290,-520
112000011,3036,3052,-16
112000012,9763,4471,5292
112000013,9181,5325,3856
112000014,5298,1768,3530
112000015,5534,5099,435
112000016,12978,1989,10989
112000017,5257,3955,1302
112000024,3219,1549,1670
112000026,5838,7350,-1512
112000027,1236,807,429
112000028,2362,2175,187
112000029,537,1138,-601
112000030,296,183,113
112000031,2534,5850,-3316
112000032,653,111,542
112000033,3919,1987,1932
112000034,593,110,483
112000035,274,596,-322
112000036,1761,1497,264
112000037,3150,1069,2081
112000038,2192,1678,514
112000039,69,85,-16
112000040,139,312,-173
112000041,753,688,65
112000042,1625,545,1080
112000050,1457,2730,-1273
112000051,1489,1702,-213
112000054,2524,3340,-816
112000057,792,567,225
112000058,704,935,-231
112000059,958,1441,-483
112000061,5241,3197,2044
112000062,2221,1315,906
112000063,1824,2035,-211
112000064,5401,7381,-1980
112000065,2899,3199,-300
112000066,4138,1935,2203
112000067,1041,963,78
112000068,4079,2713,1366
112000069,1345,2745,-1400
112000070,3290,1256,2034
112000071,1607,3680,-2073
112000072,3065,1342,1723
112000073,2817,3132,-315
112000074,2569,1561,1008
112000075,2051,1829,222
112000076,5283,3946,1337
112000077,655,905,-250
112000078,2254,1107,1147
112000079,1973,2011,-38
112000080,1079,1391,-312
112000081,2138,3505,-1367
112000082,1673,1246,427
112000083,740,1838,-1098
112000084,1417,1145,272
112000085,1851,1736,115
112000086,2505,2119,386
112000087,480,591,-111
112000088,687,912,-225
112000089,665,551,114
112000090,566,518,48
112000091,697,1628,-931
112000092,1944,1671,273
112000093,1940,1250,690
112000094,638,1229,-591
112000095,764,1193,-429
112000096,579,995,-416
112000097,1391,889,502
112000098,1442,1874,-432
112000099,815,1911,-1096
112000100,2016,1395,621
112000101,618,1509,-891
112000102,1278,768,510
112000103,425,1768,-1343
112000105,891,2455,-1564
112000106,2775,555,2220
112000107,19,404,-385
112000108,685,2397,-1712
112000109,205,116,89
112000110,2042,763,1279
112000111,2444,6317,-3873
112000112,9474,962,8512
112000113,1783,3510,-1727
112000114,6463,1455,5008
112000115,458,747,-289
112000116,1073,1778,-705
112000117,1674,1298,376
112000118,1729,1421,308
112000119,655,1174,-519
112000120,101,562,-461
112000121,104,780,-676
112000122,227,247,-20
112000123,544,182,362
112000124,312,124,188
112000125,201,372,-171
112000126,240,812,-572
112000127,4462,2863,1599
112000128,1967,1281,686
112000129,175,201,-26
112000130,235,107,128
112000131,83,550,-467
112000132,167,433,-266
112000133,515,440,75
112000134,653,601,52
112000135,3217,1129,2088
112000136,3031,2844,187
112000137,7039,5630,1409
112000138,7840,2839,5001
112000139,1079,636,443
112000140,1447,1370,77
112000141,925,406,519
112000142,399,995,-596
112000143,1335,337,998
112000144,390,1785,-1395
112000145,2520,928,1592
112000146,779,2707,-1928
112000147,3471,2314,1157
112000148,2206,3211,-1005
112000149,579,1024,-445
112000150,296,944,-648
112000151,330,745,-415
112000152,391,632,-241
112000153,246,349,-103
112000154,128,399,-271
112000155,217,120,97
112000157,1449,915,534
112000158,401,864,-463
112000159,631,619,12
112000167,514,86,428
112000169,577,564,13
112000173,882,315,567
112000175,1077,643,434
112000176,4865,3272,1593
112000177,726,225,501
112000178,145,704,-559
112000179,327,197,130
112000180,291,546,-255
112000181,1707,2736,-1029
112000182,1193,2817,-1624
112000183,45,82,-37
112000184,460,737,-277
112000185,495,762,-267
112000187,7540,4765,2775
112000195,234,43,191
112000196,478,8,470
112000197,268,200,68
112000198,34,513,-479
112000199,158,1328,-1170
112000202,412,3,409
112000216,70,319,-249
112000230,157,6,151
112000231,1,368,-367
112000256,59,408,-349
112000313,155,303,-148
112000314,99,37,62
112000337,545,826,-281
112000352,682,427,255
112000392,2149,2225,-76
112000398,1340,1241,99
112000399,3789,3080,709
112000400,2597,4886,-2289
112000401,4236,4024,212
112000402,3971,3742,229
112000403,4622,4305,317
112000404,781,1133,-352
112000405,2123,3921,-1798
112000406,4756,3869,887
112000407,7552,11293,-3741
112000408,11199,10074,1125
112000409,2165,7294,-5129
112000410,540,305,235
112000411,6165,2941,3224
112000412,2011,907,1104
112000413,13754,6428,7326
112000414,116,140,-24
112000415,206,59,147
112000416,2550,1930,620
112000417,328,98,230
112000421,47,184,-137
112000422,509,699,-190
112000424,3841,4142,-301
112000425,613,1192,-579
112000426,155,520,-365
112000427,1,15,-14
112000428,248,491,-243
112000429,3239,4205,-966
112000430,3328,4088,-760
112000431,80,226,-146
112000432,711,1971,-1260
112000433,687,1282,-595
112000437,65,334,-269
112900001,56,1,55
112900002,380,1662,-1282
112900003,62,489,-427
112900004,95,433,-338
112900005,236,276,-40
112900006,7,534,-527
112900007,61,352,-291
112900008,0,50,-50
112900009,484,107,377
112900010,312,1033,-721
112900011,274,389,-115
112900012,4,65,-61
112900013,32,274,-242
112900014,8,483,-475
112900015,526,1130,-604
112900016,1,366,-365
112900017,65,362,-297
112900018,6,450,-444
112900019,99,291,-192
112900020,584,1725,-1141
112900021,7,326,-319
112900022,10,125,-115
112900023,4,317,-313
112900024,43,400,-357
112900025,114,428,-314
112900026,13,357,-344
112900027,9,1803,-1794
112900028,45,206,-161
112900029,14,894,-880
112900030,255,294,-39
112900031,8,793,-785
112900032,304,412,-108
112900034,1,103,-102
112900035,8,709,-701
112900036,132,249,-117
112900037,233,242,-9
112900038,815,285,530
112900039,40,453,-413
112900040,11,634,-623
112900041,1554,1666,-112
112900042,81,571,-490
112900043,188,84,104
112900044,787,726,61
112900045,658,490,168
112900046,270,109,161
112900047,11,28,-17
112900049,369,122,247
112900050,59,778,-719
112900051,427,937,-510
112900052,19,1413,-1394
112900053,650,231,419
112900054,285,62,223
112900055,255,45,210
112900056,438,256,182
112900057,25,892,-867
112900058,367,381,-14
112900059,285,218,67
112900060,16,290,-274
112900061,148,206,-58
112900062,114,272,-158
112900063,158,14,144
112900064,361,314,47
112900065,45,47,-2
112900066,288,182,106
112900067,720,255,465
112900068,63,48,15
112900069,3229,1469,1760
112900071,28,4,24
112900072,316,2910,-2594
112900073,1062,108,954
112900074,174,275,-101
112900075,2310,1361,949
112900076,168,35,133
112900078,336,893,-557
112900079,436,37,399
112900080,56,5,51
112900081,54,273,-219
112900082,551,17,534
112900083,159,88,71
112900084,259,137,122
112900085,0,33,-33
112900086,77,0,77
112900087,837,208,629
112900088,132,30,102
112900089,1034,36,998
112900090,52,39,13
112900091,245,8,237
112900092,294,326,-32
112900093,2622,39,2583
112900094,895,8,887
112900095,32,1,31
112900096,461,275,186
112900097,138,573,-435
112900098,280,3,277
112900099,964,17,947
112900100,68,1,67
112900101,397,1,396
112900102,1072,21,1051
112900103,278,8,270
112900104,75,2,73
112900105,27,1,26
112900106,509,264,245
112900107,10,3,7
112900108,116,4,112
112900109,110,1,109
112900110,932,15,917
112900111,884,8,876
112900112,331,1,330
112900113,3,16,-13
112900114,121,160,-39
112900115,1104,6,1098
112900116,132,53,79
112900117,143,166,-23
112900118,45,124,-79
112900119,251,5,246
112900120,1161,396,765
112900121,289,291,-2
112900122,20,196,-176
112900123,289,28,261
112900124,20,178,-158
112900125,113,577,-464
112900126,242,280,-38
112900127,487,106,381
112900128,530,1076,-546
112900129,4,1375,-1371
112900130,377,141,236
112900131,94,352,-258
112900132,170,596,-426
112900133,53,1678,-1625
112900134,0,386,-386
112900135,176,82,94
112900136,1,38,-37
112900137,8,797,-789
112900138,5,494,-489
112900139,349,1942,-1593
112900140,0,75,-75
112900141,957,31,926
112900142,95,184,-89
112900143,73,908,-835
112900144,2,290,-288
112900145,42,687,-645
112900146,10,1688,-1678
112900147,2,2725,-2723
112900148,96,3,93
112900149,336,562,-226
112900151,28,80,-52
112900152,5558,1406,4152
112900153,2805,2603,202
112900154,4,162,-158
112900155,271,40,231
112900156,467,2028,-1561
112900157,334,16,318
112900158,67,35,32
112900159,255,105,150
112900160,90,360,-270
112900161,177,45,132
112900162,42,31,11
112900163,138,42,96
112900164,40,254,-214
112900165,425,57,368
112900166,23,76,-53
112900167,21,89,-68
112900168,8,2,6
112900169,9,10,-1
112900170,92,151,-59
112900172,81,13,68
112900173,273,196,77
112900174,386,57,329
112900175,204,228,-24
112900176,6,46,-40
112900177,284,72,212
112900178,928,5445,-4517
112900179,47,611,-564
112900180,3797,2389,1408
112900181,539,8,531
112900182,82,1684,-1602
112900183,217,375,-158
112900184,609,543,66
112900185,556,837,-281
112900186,2254,1358,896
112900187,153,735,-582
112900188,1218,814,404
112900189,37,77,-40
112900190,72,94,-22
112900192,834,945,-111
112900193,1667,553,1114
112900194,130,180,-50
112900195,1423,80,1343
112900196,329,608,-279
112900197,346,539,-193
112900199,590,901,-311
112900200,600,358,242
112900201,88,115,-27
112900202,379,1452,-1073
112900203,233,498,-265
112900204,1389,722,667
112900205,9,15,-6
112900206,25,83,-58
112900207,13,0,13
112900208,74,356,-282
112900209,585,537,48
112900210,0,29,-29
112900211,153,228,-75
112900212,0,128,-128
112900213,37,55,-18
112900214,27,14,13
112900215,14,286,-272
112900216,50,121,-71
112900217,14,95,-81
112900218,88,11,77
112900219,129,32,97
112900220,5,0,5
112900221,40,283,-243
112900222,0,60,-60
112900223,1458,32,1426
112900224,305,835,-530
112900225,445,652,-207
112900226,332,457,-125
112900227,553,1954,-1401
112900228,53,54,-1
112900229,184,115,69
112900230,10484,6057,4427
112900232,285,332,-47
112900233,134,257,-123
112900234,14,220,-206
112900235,143,21,122
112900236,215,30,185
112900237,193,325,-132
112900238,6,68,-62
113000001,7539,9873,-2334
113000002,4825,5858,-1033
113000003,2492,3878,-1386
113000004,2970,3969,-999
113000005,2124,1631,493
113000006,1783,2368,-585
113000007,2764,1917,847
113000008,2776,2697,79
113000009,1271,1400,-129
113000010,1651,2352,-701
113000011,1066,2218,-1152
113000012,2186,1280,906
113000013,2016,885,1131
113000014,2142,1731,411
113000015,1082,354,728
113000016,651,784,-133
113000017,174,463,-289
113000018,788,84,704
113000019,352,335,17
113000020,453,38,415
113000021,2064,785,1279
113000022,724,1714,-990
113000025,187,466,-279
113000026,672,742,-70
113000027,1369,682,687
113000028,2057,728,1329
113000029,960,804,156
113000030,496,976,-480
113000031,306,485,-179
113000032,349,403,-54
113000033,424,497,-73
113000034,505,475,30
113000035,89,51,38
113000036,30,78,-48
113000037,127,61,66
113000038,43,105,-62
113000039,119,868,-749
113000040,75,163,-88
113000042,1160,856,304
113000051,1177,3756,-2579
113000052,2651,1833,818
113000053,368,742,-374
113000054,462,1292,-830
113000055,1304,1059,245
113000056,1042,1444,-402
113000058,1007,1269,-262
113000059,1374,1026,348
113000060,275,721,-446
113000061,517,1476,-959
113000062,1726,385,1341
113000063,162,252,-90
113000064,51,484,-433
113000065,187,1415,-1228
113000066,846,166,680
113000067,2001,2093,-92
113000068,494,2364,-1870
113000069,672,1957,-1285
113000070,2662,1700,962
113000071,560,960,-400
113000072,805,754,51
113000073,746,2475,-1729
113000074,1378,760,618
113000075,2559,1095,1464
113000076,1264,2750,-1486
113000077,1795,798,997
113000078,1223,4052,-2829
113000079,1808,1262,546
113000080,1169,821,348
113000081,1463,1273,190
113000082,2541,1258,1283
113000083,757,1198,-441
113000084,2443,2035,408
113000085,1252,1161,91
113000086,1576,2050,-474
113000087,1335,1227,108
113000088,3895,2079,1816
113000089,1353,2337,-984
113000090,423,817,-394
113000091,780,482,298
113000094,1727,272,1455
113000095,331,1265,-934
113000096,260,1039,-779
113000097,1566,503,1063
113000098,173,60,113
113000099,1433,450,983
113000100,176,605,-429
113000101,607,870,-263
113000102,858,426,432
113000103,3618,929,2689
113000104,568,3483,-2915
113000105,1133,573,560
113000106,615,958,-343
113000107,872,1113,-241
113000108,1072,1974,-902
113000109,839,4983,-4144
113000110,2493,694,1799
113000111,196,1037,-841
113000112,472,481,-9
113000113,2656,517,2139
113000114,467,3070,-2603
113000116,1320,434,886
113000117,1344,180,1164
113000118,299,1145,-846
113000119,710,508,202
113000120,175,402,-227
113000121,1498,1413,85
113000124,327,205,122
113000125,64,977,-913
113000127,3980,624,3356
113000128,791,832,-41
113000129,719,1556,-837
113000133,4139,2798,1341
113000134,14,1616,-1602
113000135,4347,6758,-2411
113000137,2977,4225,-1248
113000139,554,223,331
113000140,203,412,-209
113000141,748,230,518
113000142,1521,1886,-365
113000143,415,254,161
113000144,499,1090,-591
113000145,68,217,-149
113000146,170,138,32
113000147,213,229,-16
113000148,231,188,43
113000149,164,211,-47
113000150,766,566,200
113000151,158,114,44
113000152,41,181,-140
113000153,1949,886,1063
113000154,969,2147,-1178
113000155,487,776,-289
113000156,188,581,-393
113000157,384,1263,-879
113000158,799,320,479
113000159,1193,782,411
113000160,693,1742,-1049
113000161,316,769,-453
113000162,924,635,289
113000163,215,55,160
113000164,8,139,-131
113000166,178,154,24
113000167,100,186,-86
113000168,74,188,-114
113000169,191,107,84
113000170,124,166,-42
113000171,49,113,-64
113000172,273,88,185
113000173,86,30,56
113000174,110,605,-495
113000175,447,152,295
113000176,504,169,335
113000177,187,583,-396
113000178,279,473,-194
113000179,345,280,65
113000180,1177,1928,-751
113000181,1700,1406,294
113000182,313,662,-349
113000183,274,809,-535
113000184,32,196,-164
113000189,720,1474,-754
113000190,1608,825,783
113000192,2498,2333,165
113000193,6744,1361,5383
113000194,3444,1646,1798
113000195,3858,1034,2824
113000196,317,122,195
113000197,3394,1799,1595
113000198,101,449,-348
113000199,2810,576,2234
113000201,1729,405,1324
113000202,6194,5835,359
113000203,460,348,112
113000204,2631,2700,-69
113000205,38,28,10
113000206,28,40,-12
113000207,127,34,93
113000208,44,86,-42
113000209,68,45,23
113000210,12,38,-26
113000211,318,242,76
113000212,225,41,184
113000213,60,241,-181
113000214,239,446,-207
113000234,192,1526,-1334
113000410,715,358,357
113000411,4957,6759,-1802
113000412,11677,3454,8223
113000413,4540,3957,583
113000414,10838,22913,-12075
113000415,3646,4808,-1162
113000416,12551,6793,5758
113000417,3993,5253,-1260
113000418,6826,4282,2544
113000419,2449,3120,-671
113000420,5175,8019,-2844
113000421,5471,9360,-3889
113000422,18356,14237,4119
113000423,3190,6706,-3516
113000424,5016,12446,-7430
113000425,16,198,-182
113000428,434,81,353
113000430,24,258,-234
113000432,3206,259,2947
113000433,196,1193,-997
113000434,35,222,-187
113000435,54,1146,-1092
113000436,41,1885,-1844
113000437,1010,30,980
113000438,270,12,258
113000439,12,169,-157
113000440,100,49,51
113000441,164,220,-56
113000442,149,272,-123
113000443,217,346,-129
113000444,247,337,-90
113000445,88,168,-80
113000446,32,136,-104
113000448,196,368,-172
113000449,348,1422,-1074
113000450,940,7119,-6179
113000451,1571,295,1276
113000452,700,1158,-458
113000453,48,393,-345
113000454,3701,35,3666
113000455,12,299,-287
113000456,5649,3642,2007
113000468,2786,524,2262
113000469,418,237,181
113000470,645,83,562
113000471,26,539,-513
113000472,162,501,-339
113000474,511,869,-358
113000475,2229,2772,-543
113000476,1660,2450,-790
113000477,3656,2714,942
113000478,6030,8366,-2336
113000479,107,376,-269
113000480,169,158,11
113000481,0,0,0
113000483,0,0,0
113000485,7,0,7
113000486,22,0,22
113000487,0,3,-3
113000488,0,3,-3
113000489,0,5,-5
113000490,0,7,-7
113000491,10,34,-24
113000492,10,5,5
113000493,3,0,3
113000495,154,181,-27
113000496,69,88,-19
113000497,0,0,0
113000500,0,3,-3
113900001,3,468,-465
113900002,8,301,-293
113900003,2,259,-257
113900004,3,115,-112
113900005,3,136,-133
113900006,6,34,-28
113900007,533,51,482
113900008,485,2,483
113900009,1170,7,1163
113900010,775,6,769
113900011,120,4,116
113900012,50,2,48
113900013,2562,24,2538
113900014,813,7,806
113900015,1,76,-75
113900016,39,2,37
113900017,1,70,-69
113900018,708,285,423
113900019,181,78,103
113900020,205,1,204
113900022,29,0,29
113900023,53,0,53
113900024,72,105,-33
113900025,457,45,412
113900026,81,0,81
113900027,6,93,-87
113900028,28,607,-579
113900029,50,295,-245
113900030,302,4,298
113900031,9,2,7
113900032,11,0,11
113900033,69,133,-64
113900035,82,2,80
113900036,16,126,-110
113900037,147,605,-458
113900038,56,183,-127
113900039,183,10,173
113900040,8,10,-2
113900041,16,7,9
113900042,82,72,10
113900043,303,208,95
113900044,377,351,26
113900045,106,5,101
113900046,368,840,-472
113900047,53,152,-99
113900048,383,76,307
113900049,935,615,320
113900050,315,587,-272
113900051,300,610,-310
113900052,219,259,-40
113900053,926,856,70
113900054,42,4,38
113900055,99,580,-481
113900056,68,165,-97
113900057,13,165,-152
113900058,114,251,-137
113900059,286,514,-228
113900060,187,333,-146
113900061,1559,327,1232
113900062,94,20,74
113900063,93,178,-85
113900064,24,237,-213
113900065,894,44,850
113900066,383,566,-183
113900067,456,446,10
113900068,606,598,8
113900069,69,40,29
113900070,237,580,-343
113900071,80,85,-5
113900072,118,283,-165
113900073,268,655,-387
113900074,346,495,-149
113900075,1404,1661,-257
113900076,242,29,213
113900077,92,286,-194
113900078,40,63,-23
113900079,0,95,-95
113900080,620,293,327
113900081,89,350,-261
113900082,202,338,-136
113900083,288,615,-327
113900084,323,146,177
113900085,65,360,-295
113900086,22,17,5
113900087,130,326,-196
113900088,73,111,-38
113900089,499,44,455
113900090,788,550,238
113900091,22,36,-14
113900092,67,113,-46
113900093,134,991,-857
113900094,454,627,-173
113900095,117,153,-36
113900096,329,97,232
113900097,103,148,-45
113900098,661,121,540
113900099,1,94,-93
113900100,0,4,-4
113900101,18,81,-63
113900102,224,161,63
113900103,411,378,33
113900104,133,291,-158
113900105,111,464,-353
113900106,0,94,-94
113900107,2,49,-47
113900108,313,357,-44
113900109,530,212,318
113900110,64,12,52
113900111,190,131,59
113900112,207,120,87
113900113,1338,576,762
113900114,6,165,-159
113900115,0,153,-153
113900116,188,232,-44
113900117,250,37,213
113900118,278,528,-250
113900119,237,617,-380
113900120,60,40,20
113900121,75,131,-56
113900122,433,2433,-2000
113900123,600,239,361
113900124,10,83,-73
113900125,1670,190,1480
113900126,175,65,110
113900127,397,866,-469
113900128,131,103,28
113900129,9,167,-158
113900130,12,26,-14
113900131,259,169,90
113900132,97,64,33
113900133,21,54,-33
113900135,319,538,-219
113900136,153,154,-1
113900137,402,315,87
113900138,96,226,-130
113900139,613,166,447
113900140,467,388,79
113900141,586,618,-32
113900142,167,131,36
113900143,10,51,-41
113900144,693,269,424
113900145,382,283,99
113900146,178,103,75
113900148,165,388,-223
113900149,217,126,91
113900150,1053,718,335
113900151,436,324,112
113900152,39,69,-30
113900153,434,736,-302
113900154,2,166,-164
113900155,282,194,88
113900156,296,687,-391
113900157,62,411,-349
113900158,982,631,351
113900159,17,356,-339
113900160,908,905,3
113900161,300,231,69
113900162,1287,1122,165
113900163,399,294,105
113900164,402,69,333
113900165,1041,662,379
113900166,394,235,159
113900167,290,71,219
113900168,216,183,33
113900169,351,547,-196
113900171,223,149,74
113900172,11,286,-275
113900173,60,744,-684
113900174,601,891,-290
113900175,332,151,181
113900176,395,849,-454
113900177,465,290,175
113900178,585,142,443
113900179,33,670,-637
113900180,260,157,103
113900181,696,181,515
113900182,1018,1402,-384
113900183,93,116,-23
113900184,24,732,-708
113900185,226,96,130
113900186,67,87,-20
113900187,42,187,-145
113900188,65,267,-202
113900189,415,142,273
113900190,310,150,160
113900191,150,376,-226
113900192,11,678,-667
113900193,30,353,-323
113900194,2685,1469,1216
113900195,341,554,-213
113900196,11,192,-181
113900197,1,299,-298
113900198,37,230,-193
113900199,217,948,-731
113900200,43,364,-321
113900201,4,262,-258
113900202,40,411,-371
113900203,0,158,-158
113900204,84,796,-712
113900205,11,214,-203
113900206,8,187,-179
113900207,2,85,-83
113900208,0,109,-109
113900209,2,133,-131
113900210,972,1123,-151
113900211,298,92,206
113900212,307,711,-404
113900214,578,604,-26
113900215,52,191,-139
113900216,107,1461,-1354
113900217,84,334,-250
113900218,180,64,116
113900219,113,533,-420
113900220,228,152,76
113900221,530,293,237
113900222,388,865,-477
113900223,186,1391,-1205
113900224,126,109,17
113900225,867,336,531
113900226,400,200,200
113900227,423,319,104
113900228,429,624,-195
113900229,93,1009,-916
113900230,6608,3921,2687
113900231,271,310,-39
113900232,147,112,35
113900233,89,114,-25
113900234,475,639,-164
113900235,98,50,48
113900236,155,477,-322
113900237,206,19,187
113900238,352,681,-329
113900239,84,123,-39
113900240,9,184,-175
113900241,133,74,59
113900242,53,189,-136
113900243,157,606,-449
113900244,503,354,149
113900245,1496,406,1090
113900246,22,35,-13
113900247,224,572,-348
113900248,4196,2284,1912
113900249,1485,623,862
113900250,61,202,-141
113900251,731,275,456
113900252,675,39,636
113900253,840,68,772
113900254,1080,195,885
113900255,470,35,435
113900256,441,37,404
113900257,46,753,-707
113900258,11,613,-602
113900259,706,290,416
113900260,255,12,243
113900261,34,140,-106
113900262,174,805,-631
113900263,245,890,-645
113900264,6,639,-633
113900265,261,399,-138
113900266,37,286,-249
113900267,170,675,-505
113900268,348,529,-181
113900269,134,230,-96
113900270,463,751,-288
113900271,885,1861,-976
113900273,168,17,151
113900274,130,32,98
113900275,50,87,-37
113900276,4,258,-254
113900277,117,4,113
113900278,348,280,68
113900279,132,157,-25
113900280,1694,657,1037
113900281,824,1776,-952
113900282,1114,781,333
113900283,500,683,-183
113900284,1129,290,839
113900285,212,49,163
113900286,100,170,-70
113900287,61,192,-131
113900288,6,262,-256
113900289,1742,145,1597
113900290,515,233,282
113900291,150,249,-99
113900292,16,11,5
113900293,5,417,-412
113900294,538,22,516
113900295,524,520,4
113900296,2762,515,2247
113900297,2960,62,2898
113900298,24,2307,-2283
113900299,63,229,-166
113900300,7333,4357,2976
113900301,1071,408,663
113900302,3167,1225,1942
113900303,864,695,169
113900304,2,193,-191
113900305,117,3,114
113900306,50,0,50
113900307,231,0,231
113900308,156,197,-41
113900309,5,1209,-1204
113900310,2,26,-24
113900311,5,5,0
113900312,276,269,7
113900313,12,21,-9
114000001,1431,4638,-3207
114000002,291,604,-313
114000003,53,405,-352
114000004,440,567,-127
114000005,388,393,-5
114000006,3627,3677,-50
114000007,1080,2179,-1099
114000008,2110,2455,-345
114000009,809,358,451
114000011,3095,4385,-1290
114000012,2788,3415,-627
114000013,1864,2861,-997
114000014,737,495,242
114000015,2600,668,1932
114000016,297,418,-121
114000017,162,453,-291
114000018,507,101,406
114000026,1857,1998,-141
114000027,3364,2900,464
114000028,3092,3557,-465
114000038,315,246,69
114000039,146,112,34
114000040,113,297,-184
114000042,154,258,-104
114000043,62,229,-167
114000044,205,64,141
114000045,102,123,-21
114000046,4847,7129,-2282
114000047,25,119,-94
114000048,83,66,17
114000049,2065,2221,-156
114000050,2350,3502,-1152
114000051,4041,2634,1407
114000052,6566,1882,4684
114000053,116,631,-515
114000054,252,1357,-1105
114000055,737,46,691
114000056,1383,1064,319
114000057,10519,3205,7314
114000058,751,1665,-914
114000059,401,494,-93
114000060,945,1262,-317
114000061,4833,3013,1820
114000062,3297,1735,1562
114000063,3531,2395,1136
114000064,8428,4820,3608
114000065,2704,3749,-1045
114000066,512,845,-333
114000067,39,820,-781
114000068,552,1056,-504
114000069,1272,1029,243
114000070,2626,2244,382
114000071,997,976,21
114000072,555,521,34
114000073,37,163,-126
114000074,40,31,9
114000075,46,267,-221
114000076,25,230,-205
114000077,13,70,-57
114000078,439,1458,-1019
114000079,219,35,184
114000080,92,158,-66
114000081,91,102,-11
114000082,51,647,-596
114000083,79,384,-305
114000084,362,118,244
114000085,130,891,-761
114000086,337,591,-254
114000087,160,328,-168
114000088,68,57,11
114000089,1767,643,1124
114000090,1068,1401,-333
114000091,2083,1457,626
114000092,1365,1105,260
114000093,1558,1594,-36
114000094,504,520,-16
114000095,445,193,252
114000096,222,572,-350
114000097,143,966,-823
114000098,485,115,370
114000099,621,931,-310
114000100,1394,1127,267
114000101,456,1247,-791
114000102,567,568,-1
114000103,143,607,-464
114000104,74,365,-291
114000105,225,162,63
114000106,1499,1195,304
114000107,441,215,226
114000108,2527,1787,740
114000109,549,1601,-1052
114000110,786,2190,-1404
114000111,1818,1400,418
114000112,821,2499,-1678
114000113,1694,730,964
114000114,1748,1957,-209
114000115,3275,1317,1958
114000116,1047,1046,1
114000117,3133,669,2464
114000118,2412,729,1683
114000119,2063,629,1434
114000120,765,1478,-713
114000121,601,1117,-516
114000122,506,479,27
114000123,2230,746,1484
114000124,1173,578,595
114000125,1308,2104,-796
114000126,6502,471,6031
114000127,297,321,-24
114000128,1106,666,440
114000130,658,932,-274
114000131,392,331,61
114000132,816,818,-2
114000133,1406,2141,-735
114000134,77,231,-154
114000138,94,326,-232
114000139,628,291,337
114000144,1007,664,343
114000145,162,258,-96
114000146,145,387,-242
114000147,1752,2212,-460
114000148,2760,2640,120
114000149,467,405,62
114000150,813,953,-140
114000151,1128,1447,-319
114000152,239,71,168
114000153,1020,2828,-1808
114000154,990,1185,-195
114000155,2296,3268,-972
114000156,1500,759,741
114000157,390,1367,-977
114000158,2102,1076,1026
114000159,220,669,-449
114000160,166,388,-222
114000161,1827,3147,-1320
114000162,1103,2659,-1556
114000163,9,203,-194
114000165,591,252,339
114000166,1120,508,612
114000167,5237,2127,3110
114000168,949,922,27
114000169,2187,1549,638
114000170,1463,1172,291
114000171,1477,2728,-1251
114000174,269,699,-430
114000176,776,649,127
114000177,3222,1182,2040
114000178,75,62,13
114000179,1505,1065,440
114000180,643,945,-302
114000181,2125,4460,-2335
114000182,7888,3291,4597
114000183,1259,1104,155
114000184,1316,1885,-569
114000185,1515,1495,20
114000189,1031,146,885
114000190,2670,345,2325
114000191,56,75,-19
114000192,498,2206,-1708
114000193,1076,4467,-3391
114000194,1544,1675,-131
114000195,177,30,147
114000196,2,430,-428
114000197,1313,62,1251
114000198,1903,548,1355
114000199,3585,2369,1216
114000200,738,2619,-1881
114000201,319,1165,-846
114000202,1865,849,1016
114000203,609,1162,-553
114000204,246,663,-417
114000205,339,2269,-1930
114000206,678,1986,-1308
114000207,893,2872,-1979
114000208,621,4445,-3824
114000209,843,3814,-2971
114000210,412,2433,-2021
114000211,1426,3112,-1686
114000212,1115,1132,-17
114000213,1813,925,888
114000214,108,330,-222
114000215,258,159,99
114000216,3204,944,2260
114000217,273,557,-284
114000218,135,429,-294
114000219,1691,469,1222
114000220,32,1326,-1294
114000221,1051,288,763
114000222,270,1487,-1217
114000223,581,157,424
114000224,113,963,-850
114000225,310,789,-479
114000226,149,256,-107
114000227,1690,686,1004
114000228,902,1274,-372
114000229,1237,1777,-540
114000230,2263,1832,431
114000231,1387,1831,-444
114000232,729,162,567
114000233,2398,209,2189
114000234,1511,1419,92
114000235,1292,2106,-814
114000236,1,716,-715
114000237,151,1397,-1246
114000238,325,300,25
114000239,275,1757,-1482
114000240,1130,1082,48
114000241,278,1225,-947
114000242,1323,1158,165
114000243,2613,1237,1376
114000244,2033,603,1430
114000245,462,749,-287
114000246,268,57,211
114000247,2344,1108,1236
114000248,1423,798,625
114000249,614,981,-367
114000250,568,1091,-523
114000251,375,378,-3
114000252,87,152,-65
114000253,81,238,-157
114000254,58,141,-83
114000255,1040,316,724
114000256,2299,2077,222
114000257,598,2008,-1410
114000258,763,522,241
114000259,354,313,41
114000260,0,61,-61
114000261,53,67,-14
114000262,247,267,-20
114000263,32,7,25
114000264,1397,960,437
114000265,0,11,-11
114000267,2,3119,-3117
114000268,6,2173,-2167
114000270,144,1,143
114000271,1049,98,951
114000283,1842,595,1247
114000285,53,397,-344
114000288,115,483,-368
114000289,1462,176,1286
114000293,245,758,-513
114000294,213,391,-178
114000395,3502,73,3429
114000396,701,699,2
114000402,541,425,116
114000403,362,640,-278
114000405,117,745,-628
114000423,325,669,-344
114000424,672,282,390
114000425,695,684,11
114000426,377,1352,-975
114000427,75,100,-25
114000428,328,188,140
114000429,43,284,-241
114000432,119,157,-38
114000434,60,150,-90
114000435,10,358,-348
114000436,5352,1549,3803
114000437,366,2367,-2001
114900001,852,1659,-807
114900002,1776,124,1652
114900003,659,2518,-1859
114900004,547,497,50
114900005,653,1281,-628
114900006,109,98,11
114900007,387,28,359
114900008,225,144,81
114900010,3182,2428,754
114900011,212,264,-52
114900013,254,217,37
114900015,111,812,-701
114900018,1234,36,1198
114900020,208,125,83
114900022,11,899,-888
114900024,318,195,123
114900025,593,325,268
114900026,48,161,-113
114900027,522,344,178
114900029,33,35,-2
114900030,358,370,-12
114900031,429,36,393
114900032,507,45,462
114900033,1859,813,1046
114900034,65,273,-208
114900035,157,504,-347
114900036,295,1279,-984
114900037,167,259,-92
114900038,195,1123,-928
114900039,639,868,-229
114900040,127,239,-112
114900041,692,729,-37
114900042,818,1041,-223
114900043,1040,428,612
114900044,175,43,132
114900046,79,187,-108
114900047,227,1962,-1735
114900048,127,383,-256
114900049,15,263,-248
114900050,65,640,-575
114900051,38,511,-473
114900052,197,265,-68
114900053,355,388,-33
114900054,65,202,-137
114900057,298,8,290
114900058,0,115,-115
114900059,87,53,34
114900060,1672,1078,594
114900061,136,218,-82
114900062,421,438,-17
114900063,85,306,-221
114900064,1354,781,573
114900065,481,982,-501
114900067,94,525,-431
114900068,96,217,-121
114900069,295,235,60
114900070,608,653,-45
114900072,3,456,-453
114900073,0,323,-323
114900074,558,1044,-486
114900075,363,9,354
114900076,14,533,-519
114900080,3340,629,2711
114900082,5286,2188,3098
114900083,1859,1395,464
114900090,406,546,-140
114900091,186,252,-66
114900095,641,191,450
114900096,615,1022,-407
114900097,120,1,119
114900098,5,295,-290
114900099,226,4,222
115000001,10097,7373,2724
115000002,4344,5304,-960
115000003,6235,5667,568
115000004,4585,7731,-3146
115000005,2209,3617,-1408
115000006,1204,2134,-930
115000007,97,226,-129
115000008,564,565,-1
115000009,377,335,42
115000010,491,227,264
115000013,112,229,-117
115000015,66,367,-301
115000016,247,370,-123
115000019,32,633,-601
115000020,210,890,-680
115000021,367,590,-223
115000022,619,496,123
115000023,503,734,-231
115000024,1620,676,944
115000025,1109,918,191
115000026,227,574,-347
115000027,283,377,-94
115000028,295,1107,-812
115000029,659,198,461
115000030,1085,1419,-334
115000031,1227,592,635
115000032,9,322,-313
115000033,337,40,297
115000034,175,1491,-1316
115000035,1383,87,1296
115000036,5,578,-573
115000037,810,19,791
115000038,70,270,-200
115000039,4677,4033,644
115000040,9281,4372,4909
115000041,2043,3854,-1811
115000042,1668,925,743
115000043,4536,2956,1580
115000044,4804,5384,-580
115000045,3883,2887,996
115000046,2593,3220,-627
115000047,2614,2269,345
115000048,1964,3847,-1883
115000049,2240,5086,-2846
115000050,3927,2768,1159
115000051,2083,3854,-1771
115000052,3165,2707,458
115000053,2026,2314,-288
115000054,934,1705,-771
115000055,152,548,-396
115000056,205,600,-395
115000057,842,818,24
115000058,415,208,207
115000059,318,186,132
115000061,599,139,460
115000062,336,428,-92
115000063,362,570,-208
115000064,311,241,70
115000065,38,550,-512
115000067,274,42,232
115000069,90,540,-450
115000070,52,1476,-1424
115000071,176,25,151
115000072,10,86,-76
115000073,1915,76,1839
115000075,95,108,-13
115000076,4917,4438,479
115000077,2577,4011,-1434
115000078,1466,2488,-1022
115000079,1885,3104,-1219
115000080,3130,3703,-573
115000081,542,1368,-826
115000082,4304,4912,-608
115000083,2475,3413,-938
115000084,2478,1844,634
115000085,813,1268,-455
115000086,1190,1367,-177
115000087,615,2037,-1422
115000088,2173,1084,1089
115000089,2038,1838,200
115000090,758,1619,-861
115000091,341,1397,-1056
115000092,407,445,-38
115000093,457,3,454
115000094,10352,7326,3026
115000095,7779,7347,432
115000096,648,2329,-1681
115000097,996,1197,-201
115000098,1097,1231,-134
115000099,2995,4314,-1319
115000100,1270,673,597
115000101,588,2135,-1547
115000102,523,302,221
115000103,398,994,-596
115000105,79,248,-169
115000106,604,395,209
115000107,281,696,-415
115000108,4849,3422,1427
115000109,6977,5924,1053
115000110,1966,1699,267
115000111,983,2678,-1695
115000112,998,957,41
115000113,796,1418,-622
115000114,2257,1278,979
115000116,5237,2831,2406
115000117,5765,4365,1400
115000118,3149,2384,765
115000119,3211,3401,-190
115000120,1046,1589,-543
115000121,2252,1531,721
115000122,5336,2708,2628
115000123,2555,2670,-115
115000124,1583,1143,440
115000125,842,741,101
115000126,281,421,-140
115000127,594,145,449
115000128,1113,1052,61
115000129,454,397,57
115000130,447,1409,-962
115000131,889,390,499
115000132,438,721,-283
115000133,1029,446,583
115000134,1066,330,736
115000135,577,332,245
115000136,434,276,158
115000137,243,311,-68
115000138,351,338,13
115000139,330,363,-33
115000140,432,311,121
115000141,212,403,-191
115000142,195,444,-249
115000143,708,746,-38
115000144,660,106,554
115000145,312,599,-287
115000146,580,357,223
115000147,686,680,6
115000148,409,1848,-1439
115000149,806,251,555
115000150,895,1687,-792
115000151,1275,943,332
115000152,853,1889,-1036
115000153,1262,1044,218
115000154,832,586,246
115000155,724,1513,-789
115000156,1498,943,555
115000157,1196,1284,-88
115000158,1194,580,614
115000159,1111,786,325
115000160,1005,1038,-33
115000161,836,839,-3
115000162,1033,993,40
115000163,874,872,2
115000164,977,779,198
115000165,698,593,105
115000167,168,97,71
115000168,895,414,481
115000169,899,476,423
115000170,359,190,169
115000171,465,268,197
115000172,1985,830,1155
115000173,603,728,-125
115000174,404,380,24
115000175,383,134,249
115000176,314,109,205
115000177,387,98,289
115000178,56,383,-327
115000179,97,69,28
115000180,188,1035,-847
115000181,699,213,486
115000182,871,534,337
115000183,401,1227,-826
115000186,785,341,444
115000187,260,1076,-816
115000188,513,746,-233
115000189,350,558,-208
115000190,1069,716,353
115000191,511,784,-273
115000194,203,299,-96
115000195,457,380,77
115000196,169,156,13
115000197,212,429,-217
115000198,311,289,22
115000199,393,355,38
115000200,391,167,224
115000201,162,609,-447
115000206,555,114,441
115000207,122,506,-384
115000208,627,953,-326
115000209,831,428,403
115000210,210,181,29
115000211,322,346,-24
115000212,2337,472,1865
115000218,147,125,22
115000219,43,53,-10
115000224,435,90,345
115000225,91,94,-3
115000229,296,183,113
115000230,174,674,-500
115000231,385,2855,-2470
115000232,1620,405,1215
115000233,229,287,-58
115000234,12,434,-422
115000241,108,395,-287
115000242,111,428,-317
115000243,30,323,-293
115000244,8,130,-122
115000246,38,28,10
115000247,50,32,18
115000248,22,32,-10
115000249,34,35,-1
115000250,437,54,383
115000251,298,264,34
115000252,182,318,-136
115000253,17,608,-591
115000258,372,284,88
115000259,430,258,172
115000261,18,32,-14
115000262,16,32,-16
115000263,12,59,-47
115000264,31,64,-33
115000267,95,89,6
115000268,49,135,-86
115000269,144,76,68
115000270,24,27,-3
115000272,70,213,-143
115000273,417,58,359
115000274,322,320,2
115000280,2850,214,2636
115000281,843,824,19
115000282,1834,1083,751
115000284,384,228,156
115000296,1213,8,1205
115000297,422,149,273
115000298,186,539,-353
115000300,272,242,30
115000302,541,286,255
115000303,751,229,522
115000304,729,135,594
115000305,112,1302,-1190
115000306,280,617,-337
115000307,153,255,-102
115000308,27,14,13
115000309,1,10,-9
115000310,1023,1236,-213
115000311,907,1908,-1001
115000313,144,1006,-862
115000314,444,185,259
115000315,1119,472,647
115000316,83,146,-63
115000317,256,825,-569
115000318,889,536,353
115000319,95,424,-329
115000320,9,390,-381
115000321,580,16,564
115000322,42,285,-243
115000449,486,207,279
115000557,64,1360,-1296
115000558,759,108,651
115000587,533,721,-188
115000588,3700,4425,-725
115000589,5151,3216,1935
115000590,1706,2038,-332
115000591,2750,985,1765
115000592,1001,2564,-1563
115000593,1943,767,1176
115000594,1139,2731,-1592
115000609,95,181,-86
115000617,2733,4144,-1411
115000624,228,54,174
115000633,695,2930,-2235
115000634,3926,1157,2769
115000635,608,166,442
115000638,1409,942,467
115000641,69,126,-57
115000642,456,436,20
115000643,137,748,-611
115000644,158,662,-504
115000646,902,1979,-1077
115000647,209,674,-465
115000648,1978,2612,-634
115000893,4300,1732,2568
115000894,187,1689,-1502
115000895,664,1160,-496
115000896,1679,324,1355
115000897,694,225,469
115000898,1320,314,1006
115000899,824,1233,-409
115000900,225,537,-312
115000901,95,154,-59
115000912,375,165,210
115000913,3,13,-10
115000915,132,1,131
115000916,18,2,16
115000917,0,16,-16
115000918,125,877,-752
115000919,10,18,-8
115000920,99,72,27
115000921,1469,211,1258
115000922,2215,828,1387
115000923,661,999,-338
115000925,58,91,-33
115000927,33,73,-40
115000933,340,207,133
115000934,27,43,-16
115000935,13,21,-8
115900001,127,67,60
115900002,107,245,-138
115900003,216,189,27
115900004,1,79,-78
115900005,187,8,179
115900006,152,509,-357
115900008,50,20,30
115900009,117,407,-290
115900010,364,246,118
115900011,976,395,581
115900012,168,143,25
115900013,593,267,326
115900014,152,212,-60
115900015,137,135,2
115900016,90,36,54
115900017,14,6,8
115900018,211,114,97
115900019,1759,68,1691
115900020,69,0,69
115900021,2340,542,1798
115900022,1464,22,1442
115900023,58,4,54
115900025,50,288,-238
115900026,1151,348,803
115900027,0,459,-459
115900028,1040,109,931
115900029,21,598,-577
115900030,38,33,5
115900031,392,329,63
115900032,757,1009,-252
115900033,0,73,-73
115900034,11,630,-619
115900035,51,24,27
115900036,97,848,-751
115900037,75,617,-542
115900038,39,7,32
115900039,174,357,-183
115900041,525,710,-185
115900042,29,6,23
115900043,119,145,-26
115900044,324,380,-56
115900046,307,369,-62
115900047,156,147,9
115900049,214,358,-144
115900051,3,42,-39
115900052,13,314,-301
115900053,259,343,-84
115900054,231,45,186
115900055,13,143,-130
115900056,356,443,-87
115900057,96,11,85
115900058,32,72,-40
115900060,363,262,101
115900061,323,3,320
115900062,45,375,-330
115900063,64,22,42
115900064,187,276,-89
115900065,164,173,-9
115900066,221,222,-1
115900067,7,872,-865
115900068,4245,1172,3073
115900069,99,211,-112
115900070,221,286,-65
115900071,1,567,-566
115900072,81,385,-304
115900073,65,86,-21
115900074,6,429,-423
115900075,58,386,-328
115900076,2,107,-105
115900077,5,397,-392
115900078,103,201,-98
115900079,203,25,178
115900080,727,401,326
115900081,11,91,-80
115900082,201,286,-85
115900084,364,38,326
115900085,119,59,60
115900086,2101,858,1243
115900088,15,39,-24
115900089,293,912,-619
115900090,297,26,271
115900091,29,33,-4
115900092,19,298,-279
115900093,5,30,-25
115900094,6,503,-497
115900096,10,21,-11
115900097,11,549,-538
115900098,159,704,-545
115900099,231,90,141
115900100,13,703,-690
115900101,159,504,-345
115900102,48,138,-90
115900103,318,320,-2
115900104,59,169,-110
115900105,225,941,-716
115900106,81,34,47
115900107,73,292,-219
115900108,73,81,-8
115900109,91,692,-601
115900110,1,39,-38
115900111,0,124,-124
115900112,64,1562,-1498
115900113,74,44,30
115900114,8,175,-167
115900115,67,337,-270
115900116,124,1446,-1322
115900117,70,38,32
115900118,3,371,-368
115900119,145,215,-70
115900120,49,581,-532
115900121,237,392,-155
115900124,333,810,-477
115900125,373,85,288
115900126,784,141,643
115900127,706,107,599
115900128,14,93,-79
115900129,885,81,804
115900130,32,255,-223
115900131,570,44,526
115900132,540,12,528
115900134,351,18,333
115900135,545,1254,-709
115900137,54,4,50
115900139,249,196,53
115900140,241,42,199
115900141,23,137,-114
115900142,28,68,-40
115900143,211,423,-212
115900144,83,376,-293
115900146,11,223,-212
115900147,257,318,-61
115900148,70,20,50
115900149,97,32,65
115900150,133,85,48
115900151,14,79,-65
115900152,145,515,-370
115900153,152,324,-172
115900154,784,486,298
115900155,0,106,-106
115900156,823,1068,-245
115900157,220,529,-309
115900158,28,13,15
115900159,170,332,-162
115900160,12,5,7
115900161,322,311,11
115900163,218,188,30
115900164,550,39,511
115900165,0,231,-231
115900166,241,338,-97
115900168,168,261,-93
115900171,191,525,-334
115900172,82,203,-121
115900173,245,226,19
115900174,384,285,99
115900175,126,286,-160
115900178,11,898,-887
115900179,235,15,220
115900180,83,401,-318
115900181,170,374,-204
115900182,452,438,14
115900183,335,107,228
115900184,2335,23,2312
115900187,8,138,-130
115900189,2,295,-293
115900190,640,1628,-988
115900191,54,633,-579
115900192,10,100,-90
115900193,324,213,111
115900194,754,79,675
115900195,857,2085,-1228
115900198,305,569,-264
115900199,208,389,-181
115900200,384,536,-152
115900201,530,381,149
115900202,1,65,-64
115900203,9,6,3
115900204,7,2,5
115900205,155,35,120
115900206,228,246,-18
115900207,34,28,6
115900208,156,302,-146
115900209,5,168,-163
115900210,15,231,-216
115900211,7,333,-326
115900212,201,486,-285
115900213,290,105,185
115900214,435,368,67
115900215,25,106,-81
115900216,14,105,-91
115900217,31,64,-33
115900218,5,51,-46
115900219,87,19,68
115900220,118,24,94
115900221,85,29,56
115900222,50,23,27
115900223,21,301,-280
115900224,1987,1281,706
115900225,90,52,38
115900226,24,54,-30
115900227,25,71,-46
115900228,13,62,-49
115900229,5,83,-78
115900230,95,193,-98
115900231,125,4,121
115900232,66,2,64
115900233,113,25,88
115900234,55,55,0
115900235,26,42,-16
115900236,149,38,111
115900237,34,29,5
115900238,75,40,35
115900239,21,41,-20
115900240,7,76,-69
115900241,261,185,76
115900242,306,404,-98
115900243,20,14,6
115900244,16,10,6
115900245,12,10,2
115900246,116,8,108
115900247,38,15,23
115900248,25,5,20
115900249,7,25,-18
115900250,3,51,-48
115900251,0,19,-19
115900252,4,2,2
115900253,9,66,-57
115900254,31,50,-19
115900255,5,27,-22
115900256,23,28,-5
115900257,4,7,-3
115900258,1,3,-2
115900259,10,7,3
115900260,12,2,10
115900261,11,4,7
115900262,2,1,1
115900263,6,3,3
115900264,24,12,12
115900265,3,14,-11
115900266,3,14,-11
115900267,10,16,-6
115900268,14,3,11
115900269,521,654,-133
115900270,380,757,-377
115900271,12,0,12
115900272,27,3,24
115900273,4,7,-3
115900274,2,12,-10
115900275,0,10,-10
115900276,0,22,-22
115900277,2,12,-10
115900278,12,47,-35
115900279,3,64,-61
115900280,7,126,-119
115900281,97,31,66
116000001,18185,6967,11218
116000002,6237,13394,-7157
116000003,2362,2430,-68
116000004,2892,4677,-1785
116000005,5222,4802,420
116000006,4419,2701,1718
116000007,6241,5560,681
116000008,8689,2926,5763
116000009,2265,3449,-1184
116000010,2296,2143,153
116000011,1299,2571,-1272
116000012,1841,1481,360
116000013,18257,7231,11026
116000014,23788,14771,9017
116000015,765,1931,-1166
116000016,10786,4714,6072
116000017,47,983,-936
116000018,928,778,150
116000019,1410,467,943
116000020,818,1753,-935
116000021,702,411,291
116000022,478,572,-94
116000023,1550,1190,360
116000024,976,1439,-463
116000025,1240,941,299
116000026,2833,3248,-415
116000027,2123,951,1172
116000028,648,1036,-388
116000029,1659,1161,498
116000030,908,597,311
116000031,294,368,-74
116000032,350,356,-6
116000033,356,558,-202
116000034,1316,1298,18
116000035,575,1320,-745
116000036,2632,1331,1301
116000037,982,915,67
116000038,766,499,267
116000039,670,469,201
116000040,2012,316,1696
116000041,293,785,-492
116000042,735,357,378
116000043,81,815,-734
116000044,15,69,-54
116000045,2948,2290,658
116000046,2301,2342,-41
116000047,3829,4550,-721
116000048,4019,2687,1332
116000049,1486,3325,-1839
116000050,1745,2669,-924
116000051,7091,3293,3798
116000052,7474,7107,367
116000053,3197,1666,1531
116000054,1126,3908,-2782
116000055,742,1982,-1240
116000056,1155,1894,-739
116000057,6100,3048,3052
116000058,5366,3669,1697
116000059,4785,7425,-2640
116000060,4307,1271,3036
116000061,545,1280,-735
116000062,1113,329,784
116000063,836,1657,-821
116000066,312,794,-482
116000067,314,690,-376
116000068,383,454,-71
116000069,403,647,-244
116000078,590,1254,-664
116000080,2466,1675,791
116000082,8,145,-137
116000083,1778,643,1135
116000084,3026,5326,-2300
116000085,2657,2362,295
116000086,2501,1597,904
116000087,2211,2043,168
116000088,1106,1706,-600
116000089,227,142,85
116000090,170,165,5
116000091,848,443,405
116000093,760,730,30
116000094,880,997,-117
116000095,1012,906,106
116000096,960,2529,-1569
116000097,1861,1179,682
116000098,83,11157,-11074
116000099,11755,401,11354
116000100,289,23,266
116000101,925,1692,-767
116000102,324,2052,-1728
116000103,833,494,339
116000104,359,2370,-2011
116000105,1577,326,1251
116000106,1315,1387,-72
116000107,6333,658,5675
116000108,1693,249,1444
116000111,192,73,119
116000113,155,165,-10
116000114,83,239,-156
116000115,329,133,196
116000116,353,757,-404
116000117,1767,2624,-857
116000118,1554,2269,-715
116000119,3350,2411,939
116000120,3530,6636,-3106
116000121,867,769,98
116000122,1687,2702,-1015
116000123,1133,655,478
116000124,539,1538,-999
116000125,2992,1154,1838
116000126,563,2269,-1706
116000127,1516,2125,-609
116000128,1737,1403,334
116000129,1209,245,964
116000130,527,461,66
116000133,973,1450,-477
116000134,2415,3671,-1256
116000135,2553,1939,614
116000136,1581,3112,-1531
116000137,1210,1065,145
116000138,1325,760,565
116000139,2928,2861,67
116000140,248,334,-86
116000141,559,1089,-530
116000142,5218,4562,656
116000143,2325,2702,-377
116000144,2096,3621,-1525
116000145,2082,2045,37
116000146,579,440,139
116000147,629,194,435
116000148,597,666,-69
116000149,793,915,-122
116000151,939,988,-49
116000153,150,896,-746
116000155,323,412,-89
116000156,588,1554,-966
116000157,59,29,30
116000158,374,674,-300
116000159,13,25,-12
116000160,16,128,-112
116000161,9,163,-154
116000162,137,119,18
116000163,21,14,7
116000164,77,26,51
116000177,1565,152,1413
116000194,115,628,-513
116000195,2440,915,1525
116000196,34,9,25
116000197,18,13,5
116000198,4122,1793,2329
116000200,1124,610,514
116000201,908,1062,-154
116000202,19,357,-338
116000203,2,167,-165
116000204,10,83,-73
116000205,0,275,-275
116000206,0,148,-148
116000207,46,69,-23
116000233,243,874,-631
116000287,163,724,-561
116000288,263,395,-132
116000292,112,225,-113
116000296,51,216,-165
116000297,246,39,207
116000304,364,31,333
116000305,9,163,-154
116000346,236,185,51
116000352,202,71,131
116000354,180,22,158
116000357,50,24,26
116000358,432,46,386
116000361,90,2,88
116000372,11755,5053,6702
116000381,190,2,188
116000388,0,77,-77
116000389,1349,666,683
116000445,433,885,-452
116000446,679,1152,-473
116000447,26,699,-673
116000448,863,312,551
116000563,1673,1311,362
116000565,85,625,-540
116000568,113,376,-263
116000579,60,185,-125
116000584,31,15,16
116000585,22,25,-3
116000586,231,179,52
116000587,628,961,-333
116000589,88,123,-35
116000590,104,151,-47
116000591,184,418,-234
116000592,19,158,-139
116000593,0,24,-24
116000594,684,829,-145
116000595,860,266,594
116000596,145,8,137
116000597,417,151,266
116000598,21,317,-296
116000602,135,821,-686
116000605,345,251,94
116000606,85,394,-309
116000607,10,82,-72
116000609,319,1095,-776
116000611,102,748,-646
116000612,981,2995,-2014
116000613,651,469,182
116000614,588,962,-374
116000615,19,341,-322
116000616,53,143,-90
116000617,105,148,-43
116000618,2,214,-212
116000619,87,95,-8
116000620,121,93,28
116000621,60,194,-134
116000622,49,229,-180
116000624,474,106,368
116000627,0,8,-8
116000628,5,335,-330
116000629,11,478,-467
116000630,220,9,211
116000631,69,19,50
116000632,477,318,159
116000633,25,612,-587
116000634,716,22,694
116000635,1886,1266,620
116900001,392,181,211
116900002,283,9,274
116900003,32,142,-110
116900004,58,90,-32
116900005,339,91,248
116900006,222,251,-29
116900007,164,304,-140
116900008,444,557,-113
116900009,29,12,17
116900010,4,2319,-2315
116900011,9,60,-51
116900012,313,355,-42
116900013,14,319,-305
116900014,97,426,-329
116900015,380,91,289
116900016,180,2,178
116900017,8,1012,-1004
116900018,75,84,-9
116900019,17,552,-535
116900020,1508,1572,-64
116900023,120,19,101
116900024,588,135,453
116900025,1437,1348,89
116900026,246,1156,-910
116900027,48,102,-54
116900028,8,251,-243
116900029,1,82,-81
116900031,0,7,-7
116900032,7,509,-502
116900033,19,28,-9
116900034,31,78,-47
116900035,169,323,-154
116900036,9,141,-132
116900038,158,5,153
116900041,55,27,28
116900042,1055,347,708
116900043,20,109,-89
116900045,436,74,362
116900047,58,109,-51
116900049,38,452,-414
116900050,136,745,-609
116900051,170,366,-196
116900052,330,98,232
116900055,3,10,-7
116900057,27,395,-368
116900058,47,611,-564
116900059,6,284,-278
116900060,297,254,43
116900062,10,16,-6
116900064,105,1216,-1111
116900065,25,201,-176
116900067,128,169,-41
116900068,216,432,-216
116900070,3,10,-7
116900072,23,655,-632
116900073,13,216,-203
116900074,12,82,-70
116900076,10,35,-25
116900077,5,243,-238
116900078,309,234,75
116900079,28,373,-345
116900080,22,29,-7
116900081,604,2098,-1494
116900082,607,1397,-790
116900083,108,79,29
116900084,281,76,205
116900085,50,183,-133
116900086,51,340,-289
116900088,573,140,433
116900090,252,94,158
116900091,325,82,243
116900092,112,1162,-1050
116900093,2128,2930,-802
116900094,7809,5904,1905
116900095,453,172,281
116900096,104,285,-181
116900097,5573,3300,2273
116900098,1167,349,818
116900099,1222,821,401
116900100,999,44,955
116900101,370,792,-422
116900103,6,2,4
116900104,85,118,-33
116900105,447,146,301
116900106,1964,306,1658
116900107,6007,2922,3085
116900110,16,1,15
116900111,526,1284,-758
116900112,346,1996,-1650
116900113,3690,1799,1891
116900116,174,438,-264
116900117,164,174,-10
116900118,1014,940,74
116900120,354,170,184
116900121,180,49,131
116900122,949,1303,-354
116900123,204,1262,-1058
116900124,242,1684,-1442
116900125,397,311,86
116900126,301,882,-581
116900128,0,52,-52
116900129,3,484,-481
116900130,1158,4006,-2848
116900131,185,439,-254
116900132,70,172,-102
116900133,130,192,-62
116900134,267,469,-202
116900136,471,227,244
116900137,496,232,264
116900138,286,248,38
116900139,140,493,-353
116900140,220,227,-7
116900141,919,523,396
116900142,7,70,-63
116900143,474,859,-385
116900144,51,87,-36
116900145,138,442,-304
116900147,1029,494,535
116900148,32,71,-39
116900149,67,253,-186
116900150,11,14,-3
116900151,27,27,0
116900153,130,105,25
116900154,900,650,250
116900155,124,87,37
116900157,557,439,118
116900158,374,328,46
116900159,74,401,-327
116900160,2840,607,2233
116900161,12017,7192,4825
116900162,33,123,-90
116900163,235,237,-2
116900164,255,62,193
116900165,295,167,128
116900166,48,163,-115
116900167,495,101,394
116900168,433,99,334
116900169,1367,464,903
116900170,315,538,-223
116900171,68,388,-320
116900172,350,272,78
116900173,222,54,168
116900174,60,60,0
116900175,334,190,144
116900178,25,239,-214
116900179,123,277,-154
116900180,138,34,104
116900182,570,411,159
116900183,182,134,48
116900185,28,42,-14
116900186,125,407,-282
116900187,80,51,29
116900188,204,27,177
116900189,183,7,176
116900191,454,807,-353
116900192,330,204,126
116900194,201,1127,-926
116900195,43,26,17
116900196,20,111,-91
116900197,136,17,119
116900198,261,236,25
116900200,50,80,-30
116900201,110,21,89
116900202,194,66,128
116900203,166,6,160
116900204,68,90,-22
116900206,2,26,-24
116900207,34,45,-11
116900208,12,183,-171
116900209,18,139,-121
116900210,608,398,210
116900211,311,5,306
116900212,55,123,-68
116900213,234,287,-53
116900214,244,236,8
116900215,54,82,-28
116900216,502,429,73
116900218,3,392,-389
116900219,1632,670,962
116900220,117,326,-209
116900221,90,489,-399
116900222,434,563,-129
116900223,133,370,-237
116900226,118,130,-12
116900227,157,123,34
116900228,332,413,-81
116900230,61,441,-380
116900231,26,569,-543
116900232,9,599,-590
116900233,313,132,181
116900234,26,11,15
116900235,177,467,-290
116900238,2046,549,1497
116900239,48,1118,-1070
116900240,9461,4745,4716
116900241,250,258,-8
116900242,532,465,67
116900243,15,174,-159
116900245,32,24,8
116900246,151,30,121
116900247,651,47,604
116900248,119,90,29
116900249,377,216,161
116900250,486,105,381
116900251,778,595,183
116900252,155,1553,-1398
116900253,155,153,2
116900254,28,144,-116
116900255,150,110,40
116900256,420,201,219
116900257,10,743,-733
116900258,4,407,-403
116900259,189,12,177
116900260,1,201,-200
116900261,34,5,29
116900262,251,244,7
116900263,0,4,-4
116900264,0,5,-5
116900265,12,0,12
116900266,14,74,-60
116900267,3,2,1
116900268,141,8,133
116900269,447,772,-325
116900271,2629,232,2397
116900272,494,756,-262
116900273,356,61,295
116900274,118,164,-46
116900275,186,192,-6
116900276,722,135,587
116900277,951,42,909
116900278,5,16,-11
116900279,1,26,-25
116900280,18,64,-46
116900281,10950,5054,5896
116900282,4,264,-260
116900283,26,200,-174
116900284,15,322,-307
116900285,432,416,16
116900286,250,25,225
116900287,6,80,-74
116900288,53,183,-130
116900289,7,39,-32
116900290,2,70,-68
116900291,33,16,17
116900292,0,21,-21
116900293,46,137,-91
116900294,62,251,-189
116900295,363,43,320
116900296,157,47,110
116900297,11,107,-96
116900298,95,37,58
116900299,61,36,25
116900300,7,110,-103
116900301,82,75,7
116900302,705,286,419
116900303,444,135,309
116900304,1,152,-151
116900305,33,152,-119
116900306,411,135,276
117000001,2773,2695,78
117000002,3054,7876,-4822
117000003,9954,4742,5212
117000004,6534,8000,-1466
117000005,3263,2556,707
117000006,1905,5404,-3499
117000007,4660,1812,2848
117000008,1750,6670,-4920
117000009,6379,2865,3514
117000010,3788,6788,-3000
117000011,2874,2821,53
117000012,1887,2193,-306
117000013,2626,1373,1253
117000014,2267,3462,-1195
117000015,6370,2019,4351
117000016,855,71,784
117000017,966,234,732
117000018,352,739,-387
117000019,547,23,524
117000020,617,2316,-1699
117000021,3831,855,2976
117000022,873,143,730
117000023,1390,169,1221
117000024,1215,126,1089
117000025,1424,696,728
117000026,5436,1214,4222
117000027,2955,2955,0
117000028,6035,1274,4761
117000030,637,555,82
117000031,334,191,143
117000032,2658,1873,785
117000033,2564,2219,345
117000034,348,319,29
117000035,208,179,29
117000036,292,333,-41
117000037,213,165,48
117000038,310,675,-365
117000039,411,271,140
117000040,217,1799,-1582
117000041,1368,252,1116
117000044,22,1382,-1360
117000045,495,120,375
117000046,885,929,-44
117000047,1114,824,290
117000048,3048,2107,941
117000049,198,1252,-1054
117000050,194,3340,-3146
117000051,2630,242,2388
117000052,75,615,-540
117000053,487,134,353
117000054,2062,16,2046
117000055,24,5202,-5178
117000056,865,33,832
117000057,922,3372,-2450
117000060,709,2973,-2264
117000061,2397,1318,1079
117000062,361,925,-564
117000063,2584,1261,1323
117000064,1173,1186,-13
117000066,2009,1182,827
117000067,203,552,-349
117000074,246,292,-46
117000076,86,101,-15
117000077,262,234,28
117000078,213,978,-765
117000079,583,332,251
117000080,2,504,-502
117000081,1336,195,1141
117000082,15,95,-80
117000083,176,23,153
117000084,650,3,647
117000085,388,1038,-650
117000086,1392,826,566
117000087,116,795,-679
117000088,428,340,88
117000089,1892,456,1436
117000090,375,1973,-1598
117000091,1070,432,638
117000092,549,2111,-1562
117000093,1340,941,399
117000094,1638,4364,-2726
117000095,3874,1275,2599
117000096,839,3500,-2661
117000097,1646,1549,97
117000098,3604,7382,-3778
117000099,3714,1644,2070
117000100,215,357,-142
117000101,214,1985,-1771
117000102,1926,890,1036
117000103,1027,2668,-1641
117000104,1636,901,735
117000105,1087,2579,-1492
117000106,1481,1092,389
117000107,703,2987,-2284
117000108,1900,1204,696
117000109,2674,3991,-1317
117000110,1931,1238,693
117000111,5151,6869,-1718
117000112,4384,2911,1473
117000113,176,372,-196
117000114,282,245,37
117000115,131,207,-76
117000116,142,392,-250
117000117,2858,1228,1630
117000118,656,255,401
117000119,977,218,759
117000120,705,481,224
117000121,225,1410,-1185
117000122,703,1754,-1051
117000123,2803,72,2731
117000124,1142,74,1068
117000125,852,118,734
117000126,130,45,85
117000127,390,584,-194
117000128,603,1253,-650
117000129,550,85,465
117000130,280,4,276
117000131,0,83,-83
117000132,3580,137,3443
117000133,1290,173,1117
117000134,2,46,-44
117000135,5,45,-40
117000136,2,43,-41
117000137,101,112,-11
117000138,3,879,-876
117000140,608,2389,-1781
117000141,1973,843,1130
117000181,1265,699,566
117000182,418,602,-184
117000195,325,1931,-1606
117000196,458,120,338
117000225,428,16,412
117000226,30,226,-196
117000276,264,12,252
117000277,1,643,-642
117000310,3114,3887,-773
117000315,68,2396,-2328
117000320,101,0,101
117000906,317,19,298
117000907,14,596,-582
117000908,201,42,159
117000909,99,60,39
117000910,271,199,72
117000911,91,274,-183
117000915,20,875,-855
117000916,55,16,39
117000917,1331,52,1279
117000918,65,120,-55
117000919,13,180,-167
117000920,3,2074,-2071
117000921,7,2418,-2411
117000922,69,160,-91
117000924,1026,1316,-290
117000926,1610,132,1478
117000927,3178,920,2258
117000928,1,204,-203
117000929,274,673,-399
117000930,228,31,197
117000931,754,173,581
117900002,288,731,-443
117900003,1005,787,218
117900005,39,67,-28
117900006,0,29,-29
117900007,282,182,100
117900008,0,74,-74
117900010,443,132,311
117900011,114,50,64
117900012,54,151,-97
117900013,1,423,-422
117900014,501,225,276
117900015,26,136,-110
117900016,2207,1078,1129
117900017,1087,490,597
117900018,333,116,217
117900019,589,474,115
117900020,118,546,-428
117900021,55,110,-55
117900022,38,32,6
117900023,957,863,94
117900024,113,112,1
117900025,47,14,33
117900026,448,533,-85
117900028,199,14,185
117900029,374,1396,-1022
117900030,596,493,103
117900031,846,172,674
117900032,1258,841,417
117900033,287,1251,-964
117900034,82,81,1
117900035,424,129,295
117900036,284,896,-612
117900037,173,228,-55
117900038,32,539,-507
117900039,3,81,-78
117900040,138,775,-637
117900041,10,85,-75
117900042,7209,828,6381
117900043,60,68,-8
117900044,164,4415,-4251
117900045,528,240,288
117900048,279,474,-195
117900049,238,884,-646
117900050,36,61,-25
117900051,529,10,519
117900052,88,483,-395
117900053,1430,1007,423
117900054,2,39,-37
117900055,233,536,-303
117900056,795,49,746
117900057,1588,1811,-223
117900058,438,247,191
117900059,641,168,473
117900060,2014,8007,-5993
117900061,40,538,-498
117900063,436,340,96
117900065,1037,1853,-816
117900066,8,71,-63
117900067,458,283,175
117900069,1230,568,662
117900070,874,16,858
117900071,154,210,-56
117900073,582,645,-63
117900074,989,49,940
117900075,109,129,-20
117900076,20,63,-43
117900077,369,305,64
117900078,429,922,-493
117900080,327,94,233
117900081,692,652,40
117900082,499,428,71
117900083,438,875,-437
117900086,201,70,131
117900087,273,175,98
117900088,4054,3257,797
117900089,2133,812,1321
117900090,850,930,-80
117900091,300,286,14
117900092,95,63,32
117900093,125,168,-43
117900094,65,19,46
117900095,368,523,-155
117900096,120,370,-250
117900097,468,144,324
117900098,43,11,32
117900099,203,391,-188
117900100,223,6,217
117900101,547,2174,-1627
117900102,51,96,-45
117900103,96,3,93
117900104,34,196,-162
117900105,205,399,-194
117900106,107,58,49
117900107,38,1,37
117900109,716,607,109
117900110,127,1,126
117900111,423,20,403
117900112,119,23,96
117900113,7176,2979,4197
117900114,23,0,23
117900115,393,92,301
117900116,1434,1391,43
117900117,698,630,68
117900118,61,2,59
117900119,161,294,-133
117900120,254,201,53
117900121,110,31,79
117900122,2270,3990,-1720
117900123,1172,712,460
117900124,1167,1088,79
117900125,2188,1807,381
117900126,350,855,-505
117900127,648,851,-203
117900128,432,1067,-635
117900129,81,3,78
117900130,1543,596,947
117900131,4,210,-206
117900132,14,173,-159
117900133,3,200,-197
117900134,128,327,-199
117900135,33,294,-261
117900136,1,59,-58
117900137,129,535,-406
117900138,1,58,-57
117900139,118,170,-52
117900140,6346,804,5542
117900141,423,293,130
117900142,622,51,571
117900144,292,180,112
117900145,116,38,78
117900146,538,157,381
117900147,85,123,-38
117900148,5099,1857,3242
117900149,104,276,-172
117900150,98,97,1
117900151,62,159,-97
117900152,193,118,75
117900153,39,157,-118
117900154,754,1038,-284
117900156,1270,1260,10
117900157,136,660,-524
117900158,333,240,93
117900160,846,675,171
117900161,3983,3812,171
117900162,392,642,-250
117900163,401,81,320
117900165,0,31,-31
117900166,142,491,-349
117900168,12,257,-245
117900169,4,207,-203
117900170,3,71,-68
117900171,3,47,-44
117900172,12,58,-46
117900173,212,140,72
117900174,90,109,-19
117900175,4,63,-59
117900176,14,85,-71
117900177,22,101,-79
117900178,204,84,120
117900180,639,85,554
117900181,266,425,-159
117900182,2,44,-42
117900183,102,290,-188
117900184,15,78,-63
117900185,74,76,-2
117900186,42,22,20
117900187,16,21,-5
117900188,296,82,214
117900189,117,38,79
117900190,31,5,26
117900191,123,1,122
117900192,295,5,290
117900193,42,152,-110
117900194,17,19,-2
117900195,76,84,-8
117900196,36,54,-18
117900207,211,158,53
117900208,40,60,-20
117900209,206,235,-29
117900210,334,413,-79
117900211,32,361,-329
117900212,143,339,-196
117900213,25,37,-12
117900214,6,50,-44
117900215,17,16,1
117900216,56,34,22
117900217,101,248,-147
117900218,133,207,-74
117900219,70,145,-75
117900220,402,182,220
117900221,16,3,13
118000001,1360,963,397
118000002,1832,2882,-1050
118000003,3278,2749,529
118000004,4331,2835,1496
118000005,7518,5731,1787
118000006,9521,14151,-4630
118000007,14090,4438,9652
118000008,9871,5663,4208
118000009,3349,5459,-2110
118000010,8277,6605,1672
118000011,1594,3860,-2266
118000012,1792,3598,-1806
118000013,4816,4122,694
118000014,3338,4100,-762
118000016,291,612,-321
118000017,463,736,-273
118000018,780,809,-29
118000019,3504,1725,1779
118000020,3074,3578,-504
118000021,1402,3613,-2211
118000022,3396,1116,2280
118000023,1827,337,1490
118000024,3126,1419,1707
118000025,1944,1927,17
118000027,19853,12552,7301
118000029,1619,804,815
118000032,1885,3978,-2093
118000033,4698,5642,-944
118000034,8339,3370,4969
118000035,2541,3149,-608
118000036,2035,1349,686
118000037,1260,1184,76
118000038,248,132,116
118000039,205,545,-340
118000040,2461,2040,421
118000041,3310,2254,1056
118000045,1698,343,1355
118000046,4283,1120,3163
118000047,4109,1421,2688
118000048,6916,2444,4472
118000051,6351,2809,3542
118000052,5623,1525,4098
118000053,2022,2411,-389
118000054,5075,4714,361
118000055,4915,4817,98
118000056,901,687,214
118000057,860,1180,-320
118000058,7681,2134,5547
118000059,5502,1247,4255
118000060,1499,943,556
118000061,1767,2480,-713
118000062,874,550,324
118000063,616,776,-160
118000064,1408,1693,-285
118000065,6971,3101,3870
118000066,1245,1946,-701
118000067,2298,1443,855
118000068,3319,6632,-3313
118000069,5400,2141,3259
118000070,10425,3168,7257
118000071,6097,9802,-3705
118000072,4854,1566,3288
118000073,5416,895,4521
118000074,1495,929,566
118000075,2118,542,1576
118000076,3158,2936,222
118000077,2092,1571,521
118000078,2787,2512,275
118000079,428,627,-199
118000080,1668,1186,482
118000081,2387,1229,1158
118000082,406,1486,-1080
118000083,2637,2207,430
118000084,4437,2805,1632
118000086,365,825,-460
118000087,7695,3760,3935
118000088,2397,2554,-157
118000089,5117,3151,1966
118000090,3088,4036,-948
118000091,2286,3307,-1021
118000092,1560,731,829
118000093,153,1043,-890
118000096,713,878,-165
118000097,1043,775,268
118000098,375,305,70
118000099,711,1156,-445
118000101,1463,477,986
118000102,505,1796,-1291
118000107,3581,851,2730
118000108,935,3447,-2512
118000110,0,24,-24
118000111,0,578,-578
118000112,502,6,496
118000113,15,1059,-1044
118000114,450,9,441
118000115,42,19,23
118000116,129,0,129
118000117,1810,1257,553
118000118,1173,876,297
118000119,1173,1353,-180
118000120,2510,1907,603
118000121,102,693,-591
118000122,2143,430,1713
118000123,82,301,-219
118000125,2629,1358,1271
118000126,1458,2157,-699
118000127,2734,948,1786
118000128,1028,1618,-590
118000129,1987,610,1377
118000130,4349,6437,-2088
118000131,1746,1326,420
118000132,3354,2200,1154
118000133,1285,621,664
118000135,960,549,411
118000136,156,641,-485
118000137,1186,107,1079
118000138,444,976,-532
118000139,504,161,343
118000140,3925,6348,-2423
118000141,2861,3225,-364
118000142,2274,3474,-1200
118000143,2413,1760,653
118000144,2139,1774,365
118000145,2431,4066,-1635
118000146,2171,1903,268
118000147,1462,2540,-1078
118000148,943,2194,-1251
118000149,1081,1469,-388
118000150,490,371,119
118000151,557,702,-145
118000153,1628,2021,-393
118000154,1635,2458,-823
118000155,1473,2233,-760
118000156,4210,3990,220
118000157,773,561,212
118000158,249,642,-393
118000159,55,143,-88
118000160,603,692,-89
118000161,734,1456,-722
118000162,3074,1319,1755
118000163,1041,1568,-527
118000164,3488,2706,782
118000168,2259,713,1546
118000169,2006,2358,-352
118000170,6364,8688,-2324
118000171,481,909,-428
118000172,191,449,-258
118000173,1607,1755,-148
118000175,557,472,85
118000176,395,604,-209
118000177,362,798,-436
118000178,81,84,-3
118000179,2266,1571,695
118000180,1290,1286,4
118000181,1321,711,610
118000182,504,454,50
118000183,414,500,-86
118000184,970,1457,-487
118000185,1719,1438,281
118000186,1191,1554,-363
118000187,1605,1142,463
118000188,1054,272,782
118000189,915,1167,-252
118000190,45,25,20
118000191,30,48,-18
118000192,1092,710,382
118000193,1210,975,235
118000194,4476,1865,2611
118000195,2427,1932,495
118000196,919,276,643
118000197,1533,212,1321
118000198,1194,837,357
118000199,2978,922,2056
118000200,105,327,-222
118000201,1048,644,404
118000202,132,64,68
118000203,2477,764,1713
118000204,393,466,-73
118000205,422,447,-25
118000206,389,272,117
118000207,0,115,-115
118000208,1843,2091,-248
118000209,2808,2711,97
118000210,70,48,22
118000211,20,44,-24
118000213,2549,2277,272
118000214,931,902,29
118000215,386,598,-212
118000216,2760,6276,-3516
118000217,30,157,-127
118000218,93,174,-81
118000219,646,583,63
118000220,9,30,-21
118000221,197,433,-236
118000222,99,8,91
118000223,51,70,-19
118000224,352,194,158
118000225,184,1087,-903
118000226,2067,286,1781
118000227,1252,477,775
118000228,245,295,-50
118000229,630,83,547
118000230,183,353,-170
118000231,151,327,-176
118000232,974,1377,-403
118000233,1219,1238,-19
118000234,451,419,32
118000236,689,526,163
118000237,156,895,-739
118000238,355,311,44
118000239,469,468,1
118000240,660,211,449
118000241,219,388,-169
118000242,408,962,-554
118000243,259,384,-125
118000244,71,206,-135
118000246,0,10,-10
118000255,85,334,-249
118000256,127,319,-192
118000259,33,109,-76
118000260,313,134,179
118000261,49,218,-169
118000263,124,294,-170
118000266,288,565,-277
118000267,0,112,-112
118000268,899,8,891
118000270,77,50,27
118000271,189,503,-314
118000272,121,40,81
118000273,148,109,39
118000274,136,434,-298
118000276,648,559,89
118000295,11,148,-137
118000298,210,457,-247
118000299,126,229,-103
118000301,0,71,-71
118000302,137,117,20
118000311,443,151,292
118000312,271,276,-5
118000313,75,275,-200
118000314,77,111,-34
118000315,52,110,-58
118000316,758,687,71
118000325,46,111,-65
118000326,39,77,-38
118000331,22,98,-76
118000332,22,69,-47
118000333,36,104,-68
118000335,389,0,389
118000336,1,396,-395
118000407,143,115,28
118000457,10,37,-27
118000465,4319,4930,-611
118000480,42,204,-162
118000489,182,460,-278
118000490,158,644,-486
118000492,296,311,-15
118000510,100,28,72
118000514,239,537,-298
118000515,919,1001,-82
118000517,621,336,285
118000524,772,334,438
118000525,1347,1155,192
118000530,35,207,-172
118000531,296,422,-126
118000532,260,469,-209
118000533,556,227,329
118000534,1004,722,282
118000535,285,195,90
118000536,1176,1636,-460
118000537,26,151,-125
118000538,60,118,-58
118000539,12,116,-104
118000540,417,266,151
118000541,333,120,213
118000542,177,303,-126
118000543,261,302,-41
118000546,75,34,41
118000560,4323,2141,2182
118000562,40,408,-368
118000563,3524,2012,1512
118000576,240,176,64
118000577,216,216,0
118000578,158,105,53
118000579,931,1537,-606
118000595,243,152,91
118000596,0,90,-90
118000597,87,167,-80
118000598,42,1,41
118000599,62,54,8
118000600,1,71,-70
118000601,28,0,28
118000602,0,40,-40
118000603,0,36,-36
118900001,1354,1979,-625
118900002,1589,1179,410
118900003,418,45,373
118900004,129,120,9
118900005,95,16,79
118900006,147,4,143
118900007,12,3,9
118900008,2078,81,1997
118900009,56,56,0
118900010,98,12,86
118900011,222,73,149
118900012,562,323,239
118900013,606,146,460
118900015,275,134,141
118900016,16,51,-35
118900017,323,269,54
118900018,1200,27,1173
118900019,96,27,69
118900020,224,148,76
118900021,249,585,-336
118900022,234,148,86
118900023,204,135,69
118900024,95,247,-152
118900025,63,28,35
118900026,60,111,-51
118900027,626,344,282
118900028,184,304,-120
118900029,422,540,-118
118900030,376,113,263
118900031,193,135,58
118900032,291,243,48
118900033,753,520,233
118900034,275,56,219
118900035,207,240,-33
118900036,1116,944,172
118900037,1175,400,775
118900038,528,303,225
118900039,601,259,342
118900040,281,298,-17
118900041,714,265,449
118900042,248,133,115
118900045,399,325,74
118900046,1186,407,779
118900047,820,358,462
118900048,543,231,312
118900049,74,82,-8
118900050,38,193,-155
118900051,64,101,-37
118900052,808,343,465
118900053,57,123,-66
118900054,169,75,94
118900055,117,177,-60
118900056,35,356,-321
118900057,872,574,298
118900058,766,451,315
118900059,28,134,-106
118900060,81,115,-34
118900062,443,287,156
118900064,936,780,156
118900065,66,425,-359
118900066,84,136,-52
118900067,8026,4526,3500
118900068,15,695,-680
118900069,376,315,61
118900071,7,108,-101
118900072,502,551,-49
118900073,109,172,-63
118900074,162,262,-100
118900075,183,144,39
118900076,354,119,235
118900077,329,253,76
118900078,65,16,49
118900079,69,293,-224
118900080,29,215,-186
118900081,134,36,98
118900082,844,231,613
118900083,35,20,15
118900084,13,35,-22
118900085,877,1802,-925
118900086,50,103,-53
118900087,29,270,-241
118900088,0,16,-16
118900089,16,17,-1
118900090,679,673,6
118900091,282,247,35
118900092,130,161,-31
118900093,178,39,139
118900096,75,12,63
118900097,257,906,-649
118900099,125,453,-328
118900100,207,411,-204
118900101,154,986,-832
118900102,61,184,-123
118900103,69,171,-102
118900104,313,351,-38
118900105,414,203,211
118900107,207,181,26
118900108,162,214,-52
118900109,1499,338,1161
118900110,1988,1044,944
118900111,568,838,-270
118900112,71,189,-118
118900113,93,878,-785
118900114,28,158,-130
118900115,208,620,-412
118900116,129,264,-135
118900117,133,245,-112
118900118,295,619,-324
118900119,144,391,-247
118900120,131,401,-270
118900121,27,335,-308
118900122,14,1211,-1197
118900123,245,338,-93
118900124,75,330,-255
118900126,33,516,-483
118900129,398,319,79
118900130,30,176,-146
118900131,178,427,-249
118900132,813,332,481
118900133,16,180,-164
118900135,355,366,-11
118900136,235,1021,-786
118900137,13,58,-45
118900139,316,658,-342
118900140,579,1103,-524
118900141,159,249,-90
118900144,153,715,-562
118900145,81,214,-133
118900146,423,1083,-660
118900147,348,166,182
118900148,124,69,55
118900150,182,655,-473
118900152,648,1123,-475
118900157,120,222,-102
118900158,116,117,-1
118900159,4,293,-289
118900161,147,6,141
118900163,287,160,127
118900164,10,237,-227
118900165,62,341,-279
118900166,61,6,55
118900167,136,203,-67
118900168,18,164,-146
118900169,175,702,-527
118900170,156,259,-103
118900171,20,71,-51
118900174,76,95,-19
118900175,430,690,-260
118900176,188,356,-168
118900177,53,100,-47
118900178,75,195,-120
118900179,4,69,-65
118900181,112,131,-19
118900182,167,70,97
118900183,29,210,-181
118900184,511,119,392
118900185,161,172,-11
118900186,127,143,-16
118900187,280,432,-152
118900188,486,406,80
118900189,48,1040,-992
118900190,13,671,-658
118900191,176,64,112
118900192,193,28,165
118900193,527,5,522
118900195,405,1218,-813
118900196,28,263,-235
118900197,167,87,80
118900198,38,40,-2
118900199,65,92,-27
118900200,21,18,3
118900201,22,32,-10
118900202,19,92,-73
118900203,7,62,-55
118900204,14,62,-48
118900205,2,20,-18
118900206,5,42,-37
119000001,2066,2377,-311
119000002,6651,4617,2034
119000003,3088,2032,1056
119000004,3514,2207,1307
119000005,2496,2852,-356
119000006,3148,2276,872
119000007,5165,4889,276
119000008,3561,3033,528
119000009,4625,6233,-1608
119000010,10409,6020,4389
119000011,6584,3931,2653
119000012,5295,4685,610
119000013,3095,1866,1229
119000014,4512,5439,-927
119000019,361,263,98
119000020,2510,2004,506
119000021,5368,3739,1629
119000022,5189,3848,1341
119000023,398,409,-11
119000024,2422,12920,-10498
119000025,14207,2238,11969
119000026,233,396,-163
119000027,604,715,-111
119000028,3136,2372,764
119000029,132,385,-253
119000030,702,1584,-882
119000031,1164,1026,138
119000032,3397,3748,-351
119000033,3077,2491,586
119000034,1464,1587,-123
119000035,41,480,-439
119000036,1838,1393,445
119000037,1467,2848,-1381
119000038,196,1566,-1370
119000039,291,555,-264
119000040,2662,945,1717
119000041,1727,1975,-248
119000048,4473,4609,-136
119000049,2175,3763,-1588
119000050,2157,3462,-1305
119000051,2987,1418,1569
119000052,2735,4363,-1628
119000053,2375,1650,725
119000054,3529,5103,-1574
119000055,4280,4882,-602
119000056,2501,3281,-780
119000057,1865,3375,-1510
119000058,2528,3045,-517
119000059,1592,2666,-1074
119000060,1749,1631,118
119000061,1269,1282,-13
119000062,1657,2037,-380
119000063,609,577,32
119000064,2111,2402,-291
119000065,2904,5248,-2344
119000066,3314,1650,1664
119000067,2515,3501,-986
119000068,1886,1674,212
119000069,1964,3912,-1948
119000070,2649,1430,1219
119000071,677,1001,-324
119000072,9429,5033,4396
119000073,10410,9774,636
119000074,1588,4305,-2717
119000075,2241,3464,-1223
119000076,1190,1279,-89
119000077,2300,833,1467
119000078,797,307,490
119000079,360,883,-523
119000080,662,389,273
119000081,687,924,-237
119000082,1902,407,1495
119000083,636,622,14
119000084,440,895,-455
119000085,905,353,552
119000086,313,753,-440
119000087,2062,1453,609
119000088,327,298,29
119000089,64,289,-225
119000090,140,254,-114
119000091,148,666,-518
119000092,634,290,344
119000093,5352,4374,978
119000094,3406,8794,-5388
119000095,1929,4087,-2158
119000097,3317,2583,734
119000098,935,3057,-2122
119000099,3231,3043,188
119000100,4127,3468,659
119000101,7762,3129,4633
119000102,1581,1272,309
119000103,3097,874,2223
119000104,4275,2206,2069
119000105,1391,2004,-613
119000106,474,2450,-1976
119000107,945,679,266
119000108,658,1413,-755
119000109,388,757,-369
119000110,1463,666,797
119000111,190,838,-648
119000112,404,159,245
119000113,4995,444,4551
119000114,1116,1532,-416
119000115,184,244,-60
119000116,229,170,59
119000117,216,545,-329
119000118,5,2,3
119000123,7606,1144,6462
119000124,943,316,627
119000125,3584,1277,2307
119000126,588,1086,-498
119000127,658,1102,-444
119000128,84,4,80
119000131,1065,1208,-143
119000132,14,4,10
119000133,4,9,-5
119000134,3701,873,2828
119000135,119,331,-212
119000136,230,305,-75
119000137,160,488,-328
119000138,423,465,-42
119000139,304,391,-87
119000140,277,634,-357
119000284,1658,4165,-2507
119000285,2942,3301,-359
119000286,10253,8182,2071
119000287,2259,3452,-1193
119000288,2675,2284,391
119000289,3103,5515,-2412
119000290,241,877,-636
119000291,22,509,-487
119000293,132,218,-86
119000294,55,36,19
119000295,3063,836,2227
119000296,155,206,-51
119000302,3854,2334,1520
119000303,69,210,-141
119000314,1859,12076,-10217
119000315,2,794,-792
119000316,77,180,-103
119000317,89,470,-381
119900001,341,1824,-1483
119900002,244,423,-179
119900003,90,1633,-1543
119900004,532,1058,-526
119900005,246,194,52
119900006,262,716,-454
119900007,1280,226,1054
119900008,857,75,782
119900009,861,956,-95
119900010,3930,1844,2086
119900011,28,105,-77
119900012,37,121,-84
119900013,2516,1198,1318
119900014,1209,413,796
119900015,125,42,83
119900016,52,145,-93
119900017,41,46,-5
119900018,2951,1062,1889
119900019,43,6,37
119900020,194,273,-79
119900021,207,167,40
119900022,204,694,-490
119900023,1010,1397,-387
119900025,175,53,122
119900026,1412,200,1212
119900027,53,59,-6
119900028,405,126,279
119900029,3,7,-4
119900030,734,758,-24
119900031,109,441,-332
119900033,3418,344,3074
119900034,377,225,152
119900037,425,59,366
119900038,63,352,-289
119900039,57,13,44
119900040,342,19,323
119900041,168,69,99
119900042,255,221,34
119900043,122,283,-161
119900044,370,883,-513
119900046,122,109,13
119900047,402,69,333
119900048,221,64,157
119900049,154,9,145
119900050,188,183,5
119900051,971,19,952
119900052,44,104,-60
119900053,206,300,-94
119900054,96,7,89
119900055,1389,632,757
119900057,244,161,83
119900058,254,5,249
119900059,361,82,279
119900060,297,21,276
119900061,356,12,344
119900062,89,49,40
119900063,42,87,-45
119900064,549,105,444
119900065,324,7,317
119900066,1,1,0
119900067,230,84,146
119900068,396,1,395
119900069,117,18,99
119900070,1289,46,1243
119900071,744,25,719
119900072,486,707,-221
119900073,2778,843,1935
119900074,144,56,88
119900075,8294,3599,4695
119900076,485,502,-17
119900077,850,1684,-834
119900078,571,1167,-596
119900079,219,364,-145
119900080,478,406,72
119900081,44,110,-66
119900082,1748,641,1107
119900083,492,185,307
119900084,1339,463,876
119900085,140,129,11
119900086,261,1107,-846
119900087,1146,493,653
119900088,56,98,-42
119900089,34,911,-877
119900090,199,106,93
119900091,132,1687,-1555
119900092,98,704,-606
119900093,1590,363,1227
119900094,106,306,-200
119900095,294,154,140
119900096,74,203,-129
119900097,1152,306,846
119900098,47,68,-21
119900099,57,420,-363
119900100,3680,4277,-597
119900101,314,1883,-1569
119900102,49,476,-427
119900103,27,658,-631
119900104,49,409,-360
119900105,2496,3321,-825
119900106,22,308,-286
119900107,535,4678,-4143
119900108,4125,909,3216
119900109,42,407,-365
119900110,754,888,-134
119900111,123,594,-471
119900112,3243,861,2382
119900113,158,555,-397
119900114,294,2111,-1817
119900115,320,1691,-1371
119900116,207,833,-626
119900117,312,1282,-970
119900118,84,1515,-1431
119900119,239,396,-157
119900120,792,1055,-263
119900121,422,1934,-1512
119900122,776,593,183
119900123,352,765,-413
119900124,269,1569,-1300
119900125,67,578,-511
119900126,7922,501,7421
119900127,3632,1579,2053
119900128,584,1593,-1009
119900129,292,1102,-810
119900130,68,432,-364
119900131,46,428,-382
119900132,1,508,-507
119900133,77,121,-44
119900134,3240,400,2840
119900135,1,762,-761
119900136,220,681,-461
119900138,597,925,-328
119900139,271,192,79
119900140,1,192,-191
119900141,179,1136,-957
119900142,20,63,-43
119900143,31,305,-274
119900144,3116,423,2693
119900145,116,317,-201
119900146,258,367,-109
119900147,5,262,-257
119900148,238,86,152
119900149,2617,5590,-2973
119900150,219,287,-68
119900151,2858,1477,1381
119900152,120,656,-536
119900153,179,135,44
119900154,23,399,-376
119900155,49,40,9
119900156,15,8,7
119900157,211,379,-168
119900158,196,100,96
119900159,11,2636,-2625
119900160,22,359,-337
119900161,267,422,-155
119900162,905,1249,-344
119900163,199,246,-47
119900164,0,0,0
119900165,244,336,-92
119900166,109,86,23
119900167,148,248,-100
119900168,945,738,207
119900169,253,535,-282
119900170,293,397,-104
119900171,1933,695,1238
119900172,228,45,183
119900173,23,770,-747
119900174,12,337,-325
119900175,1241,1113,128
119900177,77,329,-252
119900178,13,223,-210
119900179,120,468,-348
119900180,1249,1207,42
119900181,107,146,-39
119900182,14,745,-731
119900183,208,1240,-1032
119900184,4539,1060,3479
119900185,48,204,-156
119900186,190,979,-789
119900187,36,777,-741
119900188,91,568,-477
119900189,760,561,199
119900190,73,402,-329
119900191,449,217,232
119900192,107,338,-231
119900193,347,342,5
119900194,56,94,-38
119900195,101,386,-285
119900196,2628,784,1844
119900197,318,221,97
119900198,288,473,-185
119900199,249,45,204
119900200,937,930,7
119900201,567,367,200
119900202,238,259,-21
119900203,264,715,-451
119900204,300,597,-297
119900205,727,862,-135
119900206,181,258,-77
119900208,303,295,8
119900209,684,1342,-658
119900210,41,77,-36
119900211,169,23,146
119900212,311,607,-296
119900213,19,138,-119
119900214,74,210,-136
119900215,73,132,-59
119900216,13,135,-122
119900217,21,132,-111
119900218,90,127,-37
119900219,30,244,-214
119900220,8,161,-153
119900221,61,434,-373
119900222,29,418,-389
119900223,21,158,-137
119900224,17,38,-21
119900225,1663,104,1559
119900226,904,2579,-1675
119900227,1662,592,1070
119900228,1026,577,449
119900229,424,742,-318
119900230,2422,997,1425
119900231,237,326,-89
119900232,284,147,137
119900233,109,12,97
119900234,83,122,-39
119900235,24,97,-73
119900236,41,343,-302
119900237,108,872,-764
119900238,7,122,-115
119900240,192,277,-85
119900241,182,374,-192
119900242,2568,2750,-182
119900244,1187,2976,-1789
119900245,195,245,-50
119900246,558,706,-148
119900247,45,114,-69
119900248,105,168,-63
119900249,263,139,124
119900253,5807,736,5071
119900254,128,790,-662
119900255,241,854,-613
119900256,557,1546,-989
119900257,72,2,70
119900258,156,16,140
119900259,12,187,-175
119900260,153,11,142
119900261,380,390,-10
119900262,3,379,-376
119900263,1555,690,865
119900264,102,347,-245
119900265,715,733,-18
119900266,290,507,-217
119900267,370,748,-378
119900268,194,331,-137
119900269,1358,2260,-902
119900271,41,181,-140
119900272,560,139,421
119900275,107,4,103
119900276,83,1,82
119900277,10,10,0
119900278,478,96,382
119900279,170,543,-373
119900280,1335,307,1028
119900281,1,240,-239
119900282,112,122,-10
119900283,20,452,-432
119900284,82,533,-451
119900285,59,137,-78
119900286,13,71,-58
119900288,3,35,-32
119900289,0,56,-56
119900290,7,41,-34
119900291,4,97,-93
119900292,51,42,9
119900293,27,133,-106
119900294,23,165,-142
119900295,10,36,-26
119900296,52,371,-319
119900297,8,42,-34
119900298,8,11,-3
119900299,94,330,-236
119900300,506,315,191
119900301,192,85,107
119900302,150,108,42
119900303,330,383,-53
119900304,221,71,150
119900305,30,206,-176
119900306,28,1,27
119900307,55,243,-188
119900308,7,30,-23
119900309,42,158,-116
119900310,431,439,-8
119900311,92,219,-127
119900312,138,150,-12
119900313,401,513,-112
119900314,235,479,-244
119900315,1428,3811,-2383
119900318,51,30,21
119900319,2,432,-430
119900320,261,983,-722
119900321,96,5,91
120000001,10890,18830,-7940
120000002,3170,4005,-835
120000003,4450,2295,2155
120000004,3553,3014,539
120000005,5928,2793,3135
120000006,1600,1812,-212
120000007,5520,3760,1760
120000008,1618,1957,-339
120000009,5448,1453,3995
120000010,2430,3960,-1530
120000011,1749,3133,-1384
120000012,2182,4639,-2457
120000013,3582,3989,-407
120000014,1088,2375,-1287
120000015,3639,2397,1242
120000016,4434,3693,741
120000017,5670,3695,1975
120000018,5673,13261,-7588
120000019,996,2057,-1061
120000020,4116,4509,-393
120000021,2265,3399,-1134
120000022,3724,4888,-1164
120000023,1035,2440,-1405
120000024,1833,3330,-1497
120000025,2763,3211,-448
120000026,1780,2508,-728
120000027,2057,2989,-932
120000028,1842,857,985
120000029,11671,1033,10638
120000030,1246,2440,-1194
120000031,2963,19595,-16632
120000032,12713,5939,6774
120000033,5754,3234,2520
120000034,2116,3249,-1133
120000035,2443,3433,-990
120000036,3138,6909,-3771
120000037,954,2007,-1053
120000038,12239,4873,7366
120000039,701,1279,-578
120000040,284,387,-103
120000041,2203,2447,-244
120000042,2919,4366,-1447
120000043,6823,3432,3391
120000044,5868,2249,3619
120000045,6068,1786,4282
120000046,2704,3830,-1126
120000047,2197,6353,-4156
120000048,11417,6038,5379
120000049,4900,3842,1058
120000050,5665,6608,-943
120000051,4533,6907,-2374
120000052,16319,3359,12960
120000053,1413,4631,-3218
120000054,1775,7216,-5441
120000055,2180,8060,-5880
120000056,5035,6164,-1129
120000057,3782,1043,2739
120000058,3357,631,2726
120000059,129,2035,-1906
120000061,207,896,-689
120000062,278,530,-252
120000063,2406,3871,-1465
120000064,288,2002,-1714
120000065,1236,2864,-1628
120000066,633,780,-147
120000067,212,827,-615
120000068,245,1488,-1243
120000069,987,2225,-1238
120000070,70,1305,-1235
120000071,425,332,93
120000072,658,702,-44
120000073,756,148,608
120000074,333,117,216
120000075,1296,439,857
120000076,2730,722,2008
120000077,2357,837,1520
120000078,4533,1432,3101
120000079,202,245,-43
120000080,117,290,-173
120000081,510,297,213
120000082,207,291,-84
120000083,67,634,-567
120000084,602,558,44
120000085,655,403,252
120000086,465,714,-249
120000087,186,1111,-925
120000088,1152,2069,-917
120000089,1221,1117,104
120000090,946,824,122
120000091,1211,1711,-500
120000092,1422,919,503
120000093,454,737,-283
120000094,174,866,-692
120000095,1368,781,587
120000096,303,1317,-1014
120000098,1246,1615,-369
120000099,547,1108,-561
120000100,916,1510,-594
120000101,669,684,-15
120000102,648,997,-349
120000103,1568,966,602
120000104,1943,572,1371
120000105,3050,855,2195
120000106,2463,848,1615
120000107,3945,922,3023
120000108,1161,213,948
120000109,1321,117,1204
120000110,77,1385,-1308
120000111,181,1643,-1462
120000112,946,5237,-4291
120000113,812,3777,-2965
120000114,1137,4512,-3375
120000115,491,3619,-3128
120000116,895,3162,-2267
120000117,1943,2439,-496
120000118,57,34,23
120000119,34,98,-64
120000120,98,72,26
120000121,32,60,-28
120000122,434,412,22
120000123,9232,6470,2762
120000124,632,648,-16
120000125,670,1114,-444
120000126,666,1115,-449
120000127,3450,1194,2256
120000128,5484,4350,1134
120000129,440,425,15
120000130,1287,960,327
120000131,350,734,-384
120000134,621,1954,-1333
120000135,598,670,-72
120000137,268,2788,-2520
120000138,852,777,75
120000139,392,1440,-1048
120000140,796,1018,-222
120000141,790,833,-43
120000142,929,964,-35
120000143,2,153,-151
120000144,112,1,111
120000145,381,0,381
120000146,2853,1394,1459
120000149,772,1652,-880
120000150,5693,14104,-8411
120000151,466,907,-441
120000152,628,487,141
120000153,314,1117,-803
120000154,552,671,-119
120000155,157,405,-248
120000156,1705,1239,466
120000157,1357,1361,-4
120000158,995,1481,-486
120000159,2679,3530,-851
120000160,2821,2248,573
120000161,2686,3687,-1001
120000162,159,392,-233
120000163,682,2018,-1336
120000164,503,657,-154
120000165,624,1420,-796
120000166,1356,931,425
120000167,74,147,-73
120000168,25,340,-315
120000169,83,843,-760
120000170,136,530,-394
120000171,43,184,-141
120000172,61,93,-32
120000173,6292,711,5581
120000174,1662,33,1629
120000175,1618,47,1571
120000176,942,60,882
120000177,3741,216,3525
120000178,718,19,699
120000179,1166,71,1095
120000180,1894,175,1719
120000181,356,927,-571
120000182,198,438,-240
120000183,49,344,-295
120000184,257,1454,-1197
120000186,181,288,-107
120000187,120,119,1
120000188,969,197,772
120000190,2993,46,2947
120000191,3126,65,3061
120000192,2246,59,2187
120000193,1296,22,1274
120000195,155,10,145
120000196,522,119,403
120000197,242,434,-192
120000198,196,163,33
120000199,85,0,85
120000200,56,1,55
120000201,9,20,-11
120000202,3,88,-85
120000203,30,413,-383
120000207,3,110,-107
120000208,13,340,-327
120000209,3,116,-113
120000210,188,125,63
120000211,117,3,114
120000212,163,0,163
120000213,124,432,-308
120000214,0,579,-579
120000215,4,229,-225
120000216,75,13,62
120000217,1012,1708,-696
120000218,251,1128,-877
120000219,21,892,-871
120000220,11,2633,-2622
120000225,1436,2,1434
120000226,423,2,421
120000227,1083,69,1014
120000228,9616,3959,5657
120000230,316,26,290
120000231,1441,3321,-1880
120000233,350,37,313
120000235,207,1127,-920
120000236,1495,0,1495
120000237,4,2669,-2665
120000238,4,482,-478
120000241,1598,4963,-3365
120000412,1823,28,1795
120000413,322,532,-210
120000414,140,3,137
120000415,6,264,-258
120000416,316,10,306
120000417,12,212,-200
120000418,126,23,103
120000419,30,565,-535
120000420,67,58,9
120000421,17688,8466,9222
120000422,193,985,-792
120000423,3,92,-89
120000424,49,271,-222
120000436,185,733,-548
120000437,232,225,7
120000438,5732,435,5297
120000439,212,567,-355
120000443,145,0,145
120000444,1700,1169,531
120000445,2544,1829,715
120000446,1216,355,861
120000447,232,56,176
120000449,124,16,108
120000450,11,432,-421
120000451,187,388,-201
120000452,125,0,125
120000453,1,836,-835
120000454,100,67,33
120000455,131,86,45
120000456,3731,5287,-1556
120000457,2161,1139,1022
120000458,855,1163,-308
120000459,113,136,-23
120000665,4436,357,4079
120000668,191,605,-414
120000669,84,342,-258
120000670,476,586,-110
120000671,2154,598,1556
120000672,112,661,-549
120900001,89,99,-10
120900002,745,609,136
120900003,622,68,554
120900004,14,93,-79
120900005,7,1641,-1634
120900006,336,310,26
120900007,187,268,-81
120900008,265,1783,-1518
120900009,784,53,731
120900010,543,102,441
120900011,484,207,277
120900012,929,1512,-583
120900013,414,81,333
120900014,5,1036,-1031
120900015,1286,100,1186
120900016,732,76,656
120900017,4591,153,4438
120900018,182,779,-597
120900019,716,304,412
120900020,1022,1401,-379
120900021,762,200,562
120900022,44,555,-511
120900023,272,58,214
120900024,2369,785,1584
120900025,2744,1535,1209
120900026,260,311,-51
120900027,1475,71,1404
120900028,420,79,341
120900029,261,406,-145
120900030,1251,982,269
120900031,301,134,167
120900032,941,261,680
120900033,1127,114,1013
120900034,73,3547,-3474
120900035,80,299,-219
120900037,203,14,189
120900038,67,220,-153
120900039,144,83,61
120900040,364,7,357
120900041,185,40,145
120900042,530,129,401
120900043,73,33,40
120900044,16,679,-663
120900045,227,283,-56
120900046,479,8,471
120900047,150,96,54
120900048,132,34,98
120900049,399,7,392
120900050,4487,1764,2723
120900051,332,219,113
120900052,661,13,648
120900053,342,157,185
120900054,2411,1176,1235
120900055,293,3,290
120900056,527,21,506
120900057,166,35,131
120900058,528,0,528
120900059,88,4,84
120900060,91,65,26
120900061,341,615,-274
120900062,206,0,206
120900063,496,8,488
120900064,535,3,532
120900065,478,3,475
120900066,302,417,-115
120900067,205,72,133
120900068,286,2,284
120900069,206,82,124
120900071,27,7,20
120900072,707,6,701
120900073,435,394,41
120900074,785,18,767
120900076,847,1,846
120900077,6008,600,5408
120900078,941,1418,-477
120900079,735,194,541
120900080,735,2973,-2238
120900081,892,1496,-604
120900082,864,675,189
120900083,727,5,722
120900084,316,525,-209
120900085,150,208,-58
120900086,185,373,-188
120900087,513,300,213
120900088,340,489,-149
120900089,5852,2754,3098
120900090,151,284,-133
120900091,704,913,-209
120900092,1844,1073,771
120900093,4491,398,4093
120900094,886,316,570
120900095,955,73,882
120900096,81,387,-306
120900097,963,1287,-324
120900098,443,342,101
120900099,82,111,-29
120900100,167,444,-277
120900101,1089,505,584
120900102,41,268,-227
120900103,74,279,-205
120900104,48,79,-31
120900105,58,836,-778
120900106,2043,832,1211
120900107,358,276,82
120900108,6,1009,-1003
120900109,92,1000,-908
120900110,16,2272,-2256
120900111,253,554,-301
120900112,10,1562,-1552
120900113,43,1317,-1274
120900114,46,194,-148
120900115,273,343,-70
120900116,414,727,-313
120900117,2,870,-868
120900118,14,1336,-1322
120900119,5024,12627,-7603
120900120,127,866,-739
120900121,333,844,-511
120900122,531,851,-320
120900123,3,682,-679
120900124,7,975,-968
120900125,6,1485,-1479
120900126,2302,2026,276
120900127,11,771,-760
120900128,1467,2167,-700
120900129,74,512,-438
120900130,17,444,-427
120900131,50,113,-63
120900132,943,712,231
120900133,319,1600,-1281
120900134,1086,639,447
120900135,20,981,-961
120900136,129,107,22
120900137,317,181,136
120900138,50,288,-238
120900139,9,1173,-1164
120900140,4,173,-169
120900141,291,260,31
120900142,47,994,-947
120900143,5,1503,-1498
120900144,3,268,-265
120900145,459,1251,-792
120900146,5,1559,-1554
120900147,1,690,-689
120900148,178,250,-72
120900149,1,535,-534
120900150,69,819,-750
120900151,2,1046,-1044
120900152,0,67,-67
120900153,44,234,-190
120900154,0,465,-465
120900155,218,1593,-1375
120900156,24,567,-543
120900157,82,376,-294
120900158,71,821,-750
120900159,103,301,-198
120900160,38,839,-801
120900161,46,677,-631
120900162,39,824,-785
120900163,54,639,-585
120900164,3,2,1
120900165,7,17,-10
120900166,294,405,-111
120900167,690,212,478
120900169,94,719,-625
120900170,2791,3010,-219
120900171,1708,548,1160
120900172,4736,787,3949
120900173,3,83,-80
120900174,22,199,-177
120900175,360,414,-54
120900176,24,470,-446
120900177,2,1454,-1452
120900178,2,701,-699
120900179,1305,811,494
120900180,257,157,100
120900181,242,157,85
120900182,29,1100,-1071
120900183,321,232,89
120900184,222,134,88
120900185,30,692,-662
120900186,0,739,-739
120900187,681,1548,-867
120900188,202,32,170
120900189,188,1036,-848
120900190,52,23,29
120900191,2,31,-29
120900192,17711,7285,10426
120900194,28,105,-77
120900195,188,399,-211
120900196,1257,62,1195
120900197,792,109,683
120900198,412,861,-449
120900199,575,2650,-2075
120900200,125,185,-60
120900201,705,288,417
120900202,6,333,-327
120900203,24,133,-109
120900204,198,410,-212
120900205,69,114,-45
120900206,19,44,-25
121000001,1498,1510,-12
121000002,4725,3257,1468
121000003,5285,2795,2490
121000004,4758,9806,-5048
121000005,3272,4024,-752
121000006,5902,2593,3309
121000007,4944,3608,1336
121000008,11500,5625,5875
121000009,8604,8467,137
121000010,13756,10302,3454
121000011,12637,19431,-6794
121000012,22134,16062,6072
121000013,7060,10779,-3719
121000014,9476,9291,185
121000015,7700,10453,-2753
121000016,6589,6047,542
121000017,3332,5498,-2166
121000018,3413,2792,621
121000019,27570,15696,11874
121000020,18113,19516,-1403
121000021,5390,4693,697
121000022,4089,3517,572
121000023,6013,4612,1401
121000024,6491,7213,-722
121000025,890,2295,-1405
121000026,507,285,222
121000027,2167,1637,530
121000028,1034,694,340
121000029,1596,1026,570
121000030,896,585,311
121000031,1269,965,304
121000032,460,163,297
121000034,873,289,584
121000035,434,152,282
121000036,2210,1474,736
121000037,1090,780,310
121000038,1003,1039,-36
121000039,726,540,186
121000041,834,686,148
121000042,360,515,-155
121000043,1108,784,324
121000044,2510,1130,1380
121000045,772,428,344
121000046,1004,1402,-398
121000047,196,127,69
121000049,3250,815,2435
121000050,554,1452,-898
121000051,1236,438,798
121000052,819,892,-73
121000053,579,131,448
121000054,54,420,-366
121000055,1879,1335,544
121000056,1127,1491,-364
121000057,546,819,-273
121000058,512,201,311
121000059,2924,1715,1209
121000060,718,1322,-604
121000061,269,251,18
121000062,245,576,-331
121000063,972,774,198
121000064,717,705,12
121000065,666,579,87
121000066,432,454,-22
121000067,1197,511,686
121000068,1038,507,531
121000069,1152,665,487
121000070,2784,1744,1040
121000071,2415,2022,393
121000072,2781,1062,1719
121000073,1954,1436,518
121000074,318,172,146
121000075,105,236,-131
121000076,1594,439,1155
121000077,171,206,-35
121000078,195,219,-24
121000080,3405,1022,2383
121000081,4777,4907,-130
121000082,150,318,-168
121000083,288,140,148
121000084,286,158,128
121000085,349,712,-363
121000086,275,1162,-887
121000087,92,418,-326
121000088,549,960,-411
121000089,661,560,101
121000090,641,545,96
121000091,2195,1207,988
121000092,277,116,161
121000093,224,308,-84
121000094,706,1028,-322
121000095,478,795,-317
121000096,2617,3362,-745
121000097,1563,2694,-1131
121000098,853,1661,-808
121000099,888,1185,-297
121000100,1461,723,738
121000101,565,441,124
121000102,437,509,-72
121000103,350,426,-76
121000104,476,291,185
121000105,506,427,79
121000106,365,569,-204
121000107,3281,4997,-1716
121000109,2123,1581,542
121000110,471,1035,-564
121000114,3689,2749,940
121000115,1225,1078,147
121000116,365,1257,-892
121000117,1136,342,794
121000118,2005,361,1644
121000119,522,541,-19
121000120,426,704,-278
121000121,925,1651,-726
121000123,2620,939,1681
121000126,221,417,-196
121000127,439,195,244
121000128,1296,747,549
121000129,1105,781,324
121000130,766,1430,-664
121000131,3822,2871,951
121000132,2316,2278,38
121000135,801,1180,-379
121000136,3259,881,2378
121000137,651,313,338
121000138,2424,1076,1348
121000139,1282,222,1060
121000141,388,264,124
121000142,1120,1303,-183
121000143,181,33,148
121000144,1459,2013,-554
121000145,904,1618,-714
121000146,1938,1294,644
121000147,1368,862,506
121000148,1491,1590,-99
121000149,2959,2028,931
121000152,829,1027,-198
121000153,2777,1070,1707
121000154,1412,1229,183
121000155,1792,1683,109
121000156,558,1540,-982
121000157,1788,3216,-1428
121000158,512,846,-334
121000159,256,745,-489
121000160,426,767,-341
121000161,248,494,-246
121000162,155,334,-179
121000165,2462,2364,98
121000166,29,727,-698
121000168,531,410,121
121000169,134,233,-99
121000170,438,266,172
121000171,94,252,-158
121000172,983,752,231
121000173,2274,1488,786
121000174,444,609,-165
121000175,1241,523,718
121000176,558,317,241
121000177,1776,981,795
121000178,213,97,116
121000179,73,79,-6
121000181,527,614,-87
121000182,146,257,-111
121000183,109,161,-52
121000184,279,121,158
121000185,72,242,-170
121000186,312,562,-250
121000187,230,323,-93
121000188,243,354,-111
121000192,1074,573,501
121000193,970,757,213
121000194,3870,3093,777
121000195,530,1302,-772
121000196,977,240,737
121000197,529,1084,-555
121000198,773,141,632
121000199,304,540,-236
121000200,1161,97,1064
121000201,16,295,-279
121000202,296,22,274
121000203,1438,3202,-1764
121000204,4046,1127,2919
121000205,374,449,-75
121000206,382,48,334
121000207,2730,613,2117
121000208,11,601,-590
121000209,423,491,-68
121000210,553,762,-209
121000211,467,255,212
121000212,420,1098,-678
121000213,12793,4283,8510
121000214,1053,4712,-3659
121000215,1762,1281,481
121000216,893,1256,-363
121000217,8093,5244,2849
121000218,886,2594,-1708
121000219,3607,857,2750
121000220,487,83,404
121000221,281,359,-78
121000222,4084,3036,1048
121000223,1288,458,830
121000224,557,324,233
121000225,4702,1874,2828
121000226,15519,2107,13412
121000227,8,261,-253
121000228,36,964,-928
121000229,392,518,-126
121000230,64,2103,-2039
121000231,1124,57,1067
121000232,399,469,-70
121000233,821,483,338
121000234,61,51,10
121000235,163,85,78
121000236,19,139,-120
121000237,73,21,52
121000238,3,145,-142
121000239,87,6,81
121000240,12,481,-469
121000241,151,15,136
121000242,89,278,-189
121000243,507,184,323
121000244,11,97,-86
121000245,163,27,136
121000246,2,138,-136
121000247,120,6,114
121000248,1656,816,840
121000249,226,450,-224
121000250,1185,237,948
121000251,51,623,-572
121000252,150,116,34
121000253,470,579,-109
121000254,911,417,494
121000255,1182,236,946
121000256,1361,482,879
121000257,253,94,159
121000258,601,84,517
121000259,255,121,134
121000260,491,186,305
121000261,409,86,323
121000262,1233,1414,-181
121000263,731,590,141
121000271,377,2134,-1757
121000273,425,9,416
121000274,46,50,-4
121000275,6,31,-25
121000276,10,35,-25
121000278,67,78,-11
121000279,174,30,144
121000280,425,89,336
121000289,465,61,404
121000290,1696,1061,635
121000294,246,327,-81
121000297,1234,2081,-847
121000299,845,455,390
121000300,897,1203,-306
121000302,173,1899,-1726
121000303,818,751,67
121000304,698,107,591
121000305,289,65,224
121000306,173,192,-19
121000308,244,668,-424
121000309,733,884,-151
121000310,176,503,-327
121000311,117,1294,-1177
121000312,499,378,121
121000313,646,981,-335
121000314,196,170,26
121000315,68,117,-49
121000530,1857,1940,-83
121000531,2623,2207,416
121000532,8885,8606,279
121000533,3546,3980,-434
121000918,203,186,17
121000919,131,47,84
121000938,496,646,-150
121000939,615,578,37
121000956,1262,2180,-918
121000957,16,18,-2
121000958,317,78,239
121000959,963,1262,-299
121000960,2707,3164,-457
121000961,264,174,90
121000962,408,1411,-1003
121000973,1,224,-223
121000976,26,335,-309
121000979,666,269,397
121000981,391,325,66
121000982,412,306,106
121000983,591,588,3
121000984,111,118,-7
121000985,684,951,-267
121000986,605,346,259
121000987,463,1925,-1462
121000988,961,246,715
121001302,440,203,237
121001308,10,13,-3
121001309,262,157,105
121001313,596,280,316
121001314,3563,4871,-1308
121001315,6032,3425,2607
121900001,172,268,-96
121900002,224,22,202
121900003,532,21,511
121900004,225,528,-303
121900005,26,0,26
121900006,56,15,41
121900007,3018,4303,-1285
121900008,2029,427,1602
121900009,894,36,858
121900010,280,3,277
121900011,522,670,-148
121900012,52,0,52
121900013,2660,45,2615
121900014,1891,536,1355
121900015,195,308,-113
121900016,13,54,-41
121900017,966,827,139
121900018,474,22,452
121900019,533,457,76
121900020,48,2,46
121900021,1040,26,1014
121900022,361,328,33
121900023,144,543,-399
121900024,533,147,386
121900025,765,520,245
121900026,593,73,520
121900027,648,232,416
121900028,416,38,378
121900029,237,289,-52
121900030,1033,978,55
121900031,1605,10251,-8646
121900032,160,150,10
121900033,189,243,-54
121900034,617,127,490
121900035,3770,3123,647
121900036,108,508,-400
121900037,256,909,-653
121900038,49,246,-197
121900039,589,50,539
121900040,84,117,-33
121900041,106,207,-101
121900042,470,171,299
121900043,24,12,12
121900044,279,74,205
121900046,483,493,-10
121900047,277,122,155
121900048,63,235,-172
121900050,40,60,-20
121900051,211,191,20
121900052,161,59,102
121900053,929,556,373
121900054,724,1408,-684
121900055,3,20,-17
121900058,353,281,72
121900059,499,243,256
121900060,171,402,-231
121900061,517,251,266
121900062,278,174,104
121900063,2823,452,2371
121900064,433,912,-479
121900066,89,49,40
121900067,98,108,-10
121900069,196,168,28
121900070,519,203,316
121900071,291,398,-107
121900072,47,263,-216
121900073,341,291,50
121900074,1018,1253,-235
121900075,1370,552,818
121900076,1262,850,412
121900077,30,75,-45
121900078,116,55,61
121900079,0,1,-1
121900080,1334,709,625
121900082,40,190,-150
121900084,15,317,-302
121900085,3,27,-24
121900086,11,60,-49
121900087,228,128,100
121900088,2792,4259,-1467
121900089,235,562,-327
121900090,43,143,-100
121900091,82,258,-176
121900092,163,134,29
121900093,85,102,-17
121900094,26,15,11
121900095,276,179,97
121900096,2022,1131,891
121900097,723,291,432
121900098,4,15,-11
121900099,247,86,161
121900100,386,587,-201
121900101,194,206,-12
121900102,7,188,-181
121900103,1559,340,1219
121900104,1969,467,1502
121900105,319,284,35
121900106,14,10,4
121900107,61,61,0
121900108,5,42,-37
121900109,458,170,288
121900110,573,1498,-925
121900111,1938,192,1746
121900112,339,165,174
121900113,99,696,-597
121900114,112,141,-29
121900115,212,424,-212
121900117,964,105,859
121900118,3272,844,2428
121900119,275,132,143
121900120,37,2055,-2018
121900121,776,78,698
121900122,33,122,-89
121900123,272,618,-346
121900124,173,230,-57
121900125,1585,1776,-191
121900127,15,162,-147
121900128,144,145,-1
121900129,887,205,682
121900130,174,296,-122
121900131,543,115,428
121900132,117,140,-23
121900133,101,590,-489
121900134,27,202,-175
121900135,3518,444,3074
121900136,531,641,-110
121900137,64,577,-513
121900138,206,426,-220
121900139,452,549,-97
121900140,110,339,-229
121900141,50,43,7
121900142,193,239,-46
121900143,24,241,-217
121900144,154,407,-253
121900145,270,378,-108
121900146,950,1190,-240
121900147,58,195,-137
121900148,261,463,-202
121900149,598,989,-391
121900150,96,164,-68
121900151,101,312,-211
121900152,126,193,-67
121900153,185,931,-746
121900154,11,249,-238
121900155,6,157,-151
121900156,247,143,104
121900157,3,571,-568
121900158,116,138,-22
121900159,2,333,-331
121900160,38,432,-394
121900161,444,547,-103
121900162,135,241,-106
121900163,320,973,-653
121900164,695,257,438
121900165,396,209,187
121900166,327,241,86
121900167,170,118,52
121900168,264,267,-3
121900169,4,349,-345
121900170,8,290,-282
121900171,953,870,83
121900172,706,383,323
121900173,1497,411,1086
121900174,39,115,-76
121900175,290,233,57
121900176,1030,2146,-1116
121900177,239,107,132
121900178,14,13,1
121900179,540,248,292
121900180,6774,5490,1284
121900182,1093,337,756
121900183,1206,1070,136
121900184,82,955,-873
121900186,11,399,-388
121900187,63,224,-161
121900188,741,591,150
121900189,42,163,-121
121900190,396,730,-334
121900191,120,326,-206
121900192,456,838,-382
121900193,18,36,-18
121900194,4,301,-297
121900195,133,147,-14
121900196,1502,1686,-184
121900197,479,2181,-1702
121900198,1371,1597,-226
121900199,7,61,-54
121900200,121,334,-213
121900201,1775,991,784
121900202,197,887,-690
121900203,275,1320,-1045
121900204,1329,1675,-346
121900205,35,79,-44
121900206,13,31,-18
121900207,157,54,103
121900208,187,344,-157
121900209,81,32,49
121900210,1963,1410,553
121900211,231,375,-144
121900212,238,146,92
121900213,183,112,71
121900214,13,903,-890
121900215,106,141,-35
121900216,94,202,-108
121900217,285,188,97
121900218,315,577,-262
121900219,496,114,382
121900220,193,16,177
121900221,330,1064,-734
121900222,358,272,86
121900223,290,94,196
121900224,170,113,57
121900225,304,117,187
121900226,378,1109,-731
121900227,254,689,-435
121900228,284,546,-262
121900229,323,336,-13
121900230,174,318,-144
121900231,599,1424,-825
121900232,558,548,10
121900233,308,269,39
121900234,717,481,236
121900235,783,278,505
121900236,571,264,307
121900237,243,310,-67
121900238,253,472,-219
121900239,268,74,194
121900240,278,182,96
121900241,89,96,-7
121900242,13,2,11
121900243,16,0,16
121900244,40,10,30
121900245,215,108,107
121900246,2830,431,2399
121900247,494,350,144
121900248,1953,1467,486
121900250,350,324,26
121900251,423,66,357
121900252,802,218,584
121900253,205,998,-793
121900254,568,334,234
121900255,291,151,140
121900258,4208,2969,1239
121900259,573,906,-333
121900260,211,295,-84
121900261,214,892,-678
121900262,510,1536,-1026
121900263,374,466,-92
121900264,3049,2629,420
121900265,329,453,-124
121900266,591,250,341
121900267,66,50,16
121900269,297,835,-538
121900270,29,312,-283
121900271,60,282,-222
121900273,923,2862,-1939
121900274,388,352,36
121900276,1173,174,999
121900277,786,1629,-843
121900278,278,1171,-893
121900279,289,238,51
121900280,392,542,-150
121900281,890,319,571
121900284,228,17,211
121900286,837,213,624
121900287,46,67,-21
121900290,400,392,8
121900291,540,887,-347
121900292,316,196,120
121900293,1136,3690,-2554
121900294,361,3,358
121900295,165,352,-187
121900296,163,211,-48
121900298,700,887,-187
121900299,12,5,7
121900300,156,4,152
121900301,173,23,150
121900302,1,126,-125
121900303,789,558,231
121900304,0,9,-9
121900305,0,1,-1
121900306,61,0,61
121900307,39,96,-57
121900308,60,428,-368
121900309,33,411,-378
121900310,41,562,-521
121900311,389,68,321
121900312,381,34,347
121900313,384,54,330
121900314,2,93,-91
121900315,8,0,8
121900316,0,11,-11
121900317,9,5,4
121900318,2,31,-29
121900319,13,161,-148
121900320,87,157,-70
121900321,18,4,14
121900322,4,69,-65
121900323,16,16,0
121900324,29,109,-80
121900325,17,2,15
121900326,6,34,-28
121900327,14,82,-68
121900328,0,41,-41
121900329,1,244,-243
121900330,12,37,-25
121900331,89,21,68
121900332,110,55,55
121900333,7,2,5
122000001,3403,5698,-2295
122000002,6990,2411,4579
122000003,3333,3153,180
122000004,4499,2187,2312
122000005,3679,2119,1560
122000006,2587,979,1608
122000007,1718,2228,-510
122000008,6285,7332,-1047
122000009,588,407,181
122000010,2744,3807,-1063
122000011,4236,1820,2416
122000012,1644,1555,89
122000013,2584,1453,1131
122000014,2055,2137,-82
122000015,1804,1448,356
122000016,730,1129,-399
122000017,1398,1475,-77
122000018,1902,1553,349
122000019,1090,1677,-587
122000020,419,267,152
122000021,643,644,-1
122000022,1766,1565,201
122000023,929,3181,-2252
122000024,1131,1344,-213
122000025,2514,2076,438
122000026,1654,1154,500
122000027,772,4490,-3718
122000028,944,645,299
122000029,692,483,209
122000030,532,190,342
122000031,268,312,-44
122000032,2074,3724,-1650
122000033,1125,1199,-74
122000034,1185,864,321
122000035,424,1230,-806
122000036,786,767,19
122000037,513,419,94
122000038,341,535,-194
122000039,870,823,47
122000040,419,659,-240
122000041,623,759,-136
122000042,462,658,-196
122000043,220,150,70
122000044,204,189,15
122000045,2088,633,1455
122000046,982,1396,-414
122000047,416,281,135
122000048,5124,6733,-1609
122000049,8707,3941,4766
122000050,2275,990,1285
122000051,476,395,81
122000052,769,512,257
122000053,198,993,-795
122000054,3128,2754,374
122000055,2793,3635,-842
122000056,6836,5127,1709
122000057,4670,4474,196
122000058,4134,1559,2575
122000059,4125,1837,2288
122000060,1236,896,340
122000061,627,606,21
122000062,1568,481,1087
122000063,2630,948,1682
122000064,4772,3303,1469
122000065,7691,3498,4193
122000066,1691,1296,395
122000067,2965,1726,1239
122000068,2070,2304,-234
122000069,944,889,55
122000070,1058,4446,-3388
122000071,1899,2032,-133
122000072,478,440,38
122000073,488,668,-180
122000074,3488,2107,1381
122000075,931,1872,-941
122000076,2538,1520,1018
122000077,2581,879,1702
122000078,3559,2747,812
122000079,3425,1490,1935
122000080,1524,483,1041
122000081,292,466,-174
122000082,2050,1041,1009
122000083,2258,3910,-1652
122000084,1727,1189,538
122000085,410,2662,-2252
122000086,3009,6808,-3799
122000087,596,284,312
122000088,544,514,30
122000089,9540,4142,5398
122000090,351,711,-360
122000091,727,128,599
122000092,354,33,321
122000093,2975,1490,1485
122000094,11261,2898,8363
122000095,5427,4561,866
122000096,3501,2573,928
122000098,5307,2463,2844
122000099,4140,918,3222
122000100,1618,950,668
122000101,406,1376,-970
122000102,2509,1632,877
122000103,2856,2151,705
122000104,555,227,328
122000105,968,393,575
122000106,821,676,145
122000107,1119,671,448
122000108,521,1068,-547
122000109,519,415,104
122000110,530,646,-116
122000111,3454,1865,1589
122000112,1094,1966,-872
122000113,717,949,-232
122000114,6359,2148,4211
122000115,2275,2763,-488
122000116,759,735,24
122000117,2400,729,1671
122000118,704,1204,-500
122000119,5206,3812,1394
122000120,3017,7620,-4603
122000121,3500,4715,-1215
122000122,1119,2646,-1527
122000123,2831,2932,-101
122000124,1512,1005,507
122000125,966,1157,-191
122000126,1000,2209,-1209
122000127,1710,2289,-579
122000128,683,1224,-541
122000129,698,1942,-1244
122000130,5023,2191,2832
122000131,2111,2615,-504
122000132,937,978,-41
122000133,1661,2439,-778
122000134,1268,1309,-41
122000135,1063,1087,-24
122000136,1736,1050,686
122000137,2444,1614,830
122000139,2233,4444,-2211
122000140,1680,838,842
122000141,6376,1529,4847
122000142,693,1109,-416
122000143,772,944,-172
122000144,2221,2885,-664
122000145,2230,1406,824
122000146,1098,1955,-857
122000147,1168,735,433
122000148,3171,2183,988
122000149,3075,2282,793
122000150,1796,1527,269
122000151,374,510,-136
122000152,512,616,-104
122000153,540,564,-24
122000154,495,245,250
122000155,2589,3843,-1254
122000156,3135,2908,227
122000157,2559,2052,507
122000158,466,986,-520
122000159,1358,3208,-1850
122000160,5989,4452,1537
122000161,1613,1588,25
122000162,3028,2537,491
122000163,322,111,211
122000164,42,121,-79
122000165,1864,976,888
122000166,2336,1686,650
122000167,278,309,-31
122000168,293,633,-340
122000169,790,374,416
122000170,504,335,169
122000171,64,84,-20
122000172,2047,1851,196
122000173,1693,3068,-1375
122000174,4446,1142,3304
122000175,1960,526,1434
122000176,295,951,-656
122000177,2664,1743,921
122000178,4688,4116,572
122000179,2442,3509,-1067
122000180,2285,1903,382
122000181,2383,4727,-2344
122000182,2609,2178,431
122000183,2155,1582,573
122000184,3262,2744,518
122000185,1686,1595,91
122000186,729,985,-256
122000187,2826,1415,1411
122000188,499,263,236
122000189,377,415,-38
122000190,1758,1453,305
122000191,1607,1197,410
122000192,1824,514,1310
122000193,670,824,-154
122000194,1321,256,1065
122000195,313,527,-214
122000196,1807,797,1010
122000197,675,918,-243
122000198,633,1119,-486
122000199,442,475,-33
122000200,1814,1002,812
122000201,1942,1563,379
122000202,2110,1576,534
122000203,5405,2068,3337
122000204,2422,2652,-230
122000205,2167,2138,29
122000206,3132,1214,1918
122000207,2842,1726,1116
122000208,4212,1939,2273
122000209,3499,472,3027
122000210,3484,2407,1077
122000211,2582,1507,1075
122000212,1174,1013,161
122000213,1509,2516,-1007
122000214,3008,2482,526
122000215,2674,2248,426
122000217,3355,1855,1500
122000218,1208,136,1072
122000219,1906,1322,584
122000220,480,1007,-527
122000221,153,617,-464
122000222,959,292,667
122000223,2260,689,1571
122000225,1670,403,1267
122000226,3614,2632,982
122000227,564,4192,-3628
122000228,648,575,73
122000229,39,723,-684
122000230,150,850,-700
122000231,587,1150,-563
122000232,1156,1264,-108
122000233,2,114,-112
122000234,528,240,288
122000235,2975,274,2701
122000236,1406,286,1120
122000237,170,168,2
122000238,523,504,19
122000239,1133,211,922
122000240,1577,888,689
122000241,1681,605,1076
122000242,1159,197,962
122000243,604,62,542
122000244,39,340,-301
122000245,81,80,1
122000246,1099,124,975
122000247,1055,361,694
122000248,1650,2311,-661
122000249,1814,1773,41
122000250,3464,2672,792
122000251,388,684,-296
122000252,824,215,609
122000253,53,427,-374
122000254,412,162,250
122000255,1066,2158,-1092
122000256,697,1623,-926
122000257,275,460,-185
122000258,381,470,-89
122000259,16,697,-681
122000260,7,107,-100
122000261,18,291,-273
122000262,1,80,-79
122000263,313,209,104
122000264,1555,669,886
122000265,4038,1297,2741
122000266,8490,990,7500
122000267,294,185,109
122000268,307,529,-222
122000269,1400,494,906
122000270,1810,201,1609
122000271,620,1494,-874
122000272,564,1529,-965
122000273,600,650,-50
122000274,309,284,25
122000275,394,285,109
122000276,1097,863,234
122000277,1770,1930,-160
122000278,3223,1346,1877
122000279,313,716,-403
122000280,1222,1284,-62
122000281,1184,1189,-5
122000282,445,218,227
122000283,1279,131,1148
122000284,354,151,203
122000285,1004,138,866
122000286,285,198,87
122000287,2763,2139,624
122000288,1252,391,861
122000291,2227,1194,1033
122000293,508,392,116
122000294,185,259,-74
122000295,2076,276,1800
122000296,51,1027,-976
122000297,4286,3720,566
122000299,526,621,-95
122000300,625,806,-181
122000301,17922,4403,13519
122000302,1365,1841,-476
122000303,5830,1809,4021
122000304,110,436,-326
122000305,1449,586,863
122000306,23,1131,-1108
122000307,348,199,149
122000309,232,57,175
122000310,58,77,-19
122000311,434,248,186
122000312,243,123,120
122000313,173,118,55
122000314,181,420,-239
122000315,352,49,303
122000316,803,309,494
122000317,1613,341,1272
122000318,351,1059,-708
122000319,400,702,-302
122000320,580,2899,-2319
122000321,131,311,-180
122000322,3334,3087,247
122000323,2012,2543,-531
122000324,1843,1614,229
122000325,1391,1738,-347
122000326,87,198,-111
122000327,915,1407,-492
122000328,1549,1032,517
122000330,3091,1229,1862
122000332,649,510,139
122000333,19,167,-148
122000337,1301,2255,-954
122000338,677,645,32
122000340,533,526,7
122000342,2919,1493,1426
122000343,571,1003,-432
122000344,96,43,53
122000345,401,68,333
122000346,613,706,-93
122000348,781,1055,-274
122000349,197,962,-765
122000351,118,303,-185
122000352,559,205,354
122000353,102,139,-37
122000355,263,268,-5
122000356,2804,1362,1442
122000357,186,24,162
122000358,0,83,-83
122000359,0,42,-42
122000360,0,68,-68
122000362,12,121,-109
122000364,204,538,-334
122000365,14,68,-54
122000366,26,12,14
122000368,567,991,-424
122000370,49,75,-26
122000371,43,0,43
122000372,30,1,29
122000381,101,529,-428
122000382,85,318,-233
122000384,5472,2375,3097
122000385,108,0,108
122000386,1057,1998,-941
122000387,1235,690,545
122000388,2308,1034,1274
122000389,262,904,-642
122000390,838,336,502
122000391,511,219,292
122000392,300,286,14
122000393,271,215,56
122000394,884,558,326
122000395,273,277,-4
122000396,405,172,233
122000397,117,102,15
122000398,70,80,-10
122000399,233,99,134
122000400,235,545,-310
122000401,140,116,24
122000402,442,172,270
122000403,759,1432,-673
122000404,189,414,-225
122000408,1164,1801,-637
122000503,16,232,-216
122000524,238,188,50
122000544,148,5485,-5337
122000616,510,5,505
122000640,78,257,-179
122000641,139,449,-310
122000642,2677,1505,1172
122000643,49,239,-190
122000644,355,42,313
122000645,135,453,-318
122000651,3326,1084,2242
122000664,257,72,185
122000665,1586,664,922
122000666,776,1468,-692
122000673,50,439,-389
122000674,173,97,76
122000675,2557,1743,814
122000686,596,1775,-1179
122000687,2045,488,1557
122000688,401,1074,-673
122000689,1220,1032,188
122000690,1987,916,1071
122000691,797,2884,-2087
122000692,1778,615,1163
122000693,600,2949,-2349
122000695,322,699,-377
122000696,425,481,-56
122000698,454,1175,-721
122000699,323,232,91
122000701,1815,517,1298
122000702,676,1939,-1263
122000703,228,85,143
122000717,221,100,121
122000718,508,1077,-569
122000719,167,120,47
122000720,416,422,-6
122900001,57,16,41
122900002,1897,6316,-4419
122900003,563,67,496
122900004,1250,79,1171
122900005,203,68,135
122900006,2636,541,2095
122900007,303,73,230
122900008,1564,132,1432
122900009,1289,605,684
122900010,280,195,85
122900012,294,509,-215
122900013,0,0,0
122900014,292,454,-162
122900015,3067,1084,1983
122900016,283,432,-149
122900017,502,1298,-796
122900018,287,35,252
122900019,12,266,-254
122900020,961,552,409
122900021,87,1545,-1458
122900022,1126,1114,12
122900023,689,451,238
122900024,213,140,73
122900025,33,352,-319
122900026,155,457,-302
122900027,89,1150,-1061
122900028,178,290,-112
122900029,6401,4613,1788
122900030,1835,817,1018
122900031,199,330,-131
122900032,179,536,-357
122900033,398,207,191
122900034,6085,8004,-1919
122900035,42,22,20
122900036,71,241,-170
122900037,781,236,545
122900038,241,5292,-5051
122900039,178,868,-690
122900040,470,477,-7
122900041,487,261,226
122900042,271,329,-58
122900043,816,262,554
122900044,140,503,-363
122900045,108,146,-38
122900046,619,183,436
122900047,371,267,104
122900048,71,524,-453
122900049,2051,179,1872
122900051,142,197,-55
122900052,84,244,-160
122900053,100,40,60
122900055,729,232,497
122900057,441,93,348
122900061,638,251,387
122900062,633,1133,-500
122900063,209,513,-304
122900064,2359,744,1615
122900065,809,282,527
122900066,854,520,334
122900067,1894,1057,837
122900068,250,408,-158
122900069,599,3700,-3101
122900070,621,66,555
122900071,156,584,-428
122900072,23,889,-866
122900073,60,385,-325
122900074,1114,1152,-38
122900075,3,106,-103
122900076,12,258,-246
122900077,1,217,-216
122900078,242,192,50
122900080,80,33,47
122900081,342,294,48
122900082,897,424,473
122900083,235,248,-13
122900084,22,416,-394
122900086,21,156,-135
122900087,735,707,28
122900088,53,146,-93
122900089,321,242,79
122900090,23,861,-838
122900091,274,1,273
122900092,2,258,-256
122900093,2,454,-452
122900094,5,288,-283
122900095,235,9,226
122900096,331,436,-105
122900097,58,36,22
122900098,168,176,-8
122900099,51,16,35
122900100,1832,399,1433
122900101,985,411,574
122900102,60,29,31
122900103,66,14,52
122900104,112,21,91
122900105,10,15,-5
122900106,5,142,-137
122900107,9,262,-253
122900108,15,263,-248
123000001,2874,623,2251
123000002,7607,6027,1580
123000003,5634,6056,-422
123000004,5657,6836,-1179
123000005,3924,4408,-484
123000006,3806,4416,-610
123000007,5518,3783,1735
123000008,4233,5281,-1048
123000009,6596,4353,2243
123000010,4784,5488,-704
123000011,4906,1255,3651
123000012,1072,3512,-2440
123000013,4842,1277,3565
123000014,1457,5054,-3597
123000015,6369,1620,4749
123000016,8680,6495,2185
123000017,4267,2135,2132
123000018,72,158,-86
123000019,342,470,-128
123000020,196,200,-4
123000021,88,441,-353
123000022,489,3696,-3207
123000023,2203,2094,109
123000024,2047,810,1237
123000025,715,349,366
123000026,29,90,-61
123000027,1095,548,547
123000028,3095,299,2796
123000029,3013,667,2346
123000030,560,679,-119
123000031,259,498,-239
123000032,325,377,-52
123000033,432,70,362
123000034,1768,1545,223
123000035,509,786,-277
123000036,425,1729,-1304
123000037,446,539,-93
123000038,208,291,-83
123000039,641,1678,-1037
123000040,1232,511,721
123000041,1991,1446,545
123000042,1448,869,579
123000043,5246,10142,-4896
123000044,7467,3703,3764
123000045,13517,4160,9357
123000046,1281,1931,-650
123000047,3554,1771,1783
123000048,170,859,-689
123000049,11531,11780,-249
123000050,1769,2290,-521
123000051,172,260,-88
123000052,1085,4722,-3637
123000053,3978,4629,-651
123000054,1993,2541,-548
123000055,2920,3743,-823
123000056,1862,2633,-771
123000057,23462,9892,13570
123000058,946,1172,-226
123000059,733,896,-163
123000060,1095,513,582
123000061,351,1037,-686
123000063,1244,1447,-203
123000064,1491,448,1043
123000065,11289,5365,5924
123000066,1154,1125,29
123000067,1286,877,409
123000068,4541,4417,124
123000069,9626,5513,4113
123000070,344,1227,-883
123000071,1301,1562,-261
123000072,1440,1719,-279
123000073,1424,1051,373
123000074,1399,2200,-801
123000075,448,1611,-1163
123000076,904,1167,-263
123000077,2492,4400,-1908
123000078,1868,2376,-508
123000079,1833,2857,-1024
123000080,3616,3223,393
123000081,291,752,-461
123000082,578,1611,-1033
123000083,1240,350,890
123000084,604,914,-310
123000085,324,145,179
123000086,454,386,68
123000087,419,584,-165
123000088,1742,1397,345
123000089,670,1811,-1141
123000090,1660,1491,169
123000091,2027,2427,-400
123000092,1183,1762,-579
123000094,756,423,333
123000095,792,1001,-209
123000096,943,623,320
123000097,680,1185,-505
123000098,963,732,231
123000099,772,995,-223
123000100,810,1000,-190
123000101,921,837,84
123000102,730,896,-166
123000104,683,553,130
123000105,710,622,88
123000106,616,701,-85
123000107,594,808,-214
123000108,1242,1634,-392
123000111,1139,405,734
123000112,1270,884,386
123000113,744,2398,-1654
123000114,666,732,-66
123000115,389,498,-109
123000116,49,208,-159
123000117,2359,3270,-911
123000118,584,1403,-819
123000119,459,1310,-851
123000120,842,1272,-430
123000121,549,769,-220
123000122,482,303,179
123000123,583,952,-369
123000124,724,652,72
123000125,1594,1550,44
123000126,2499,5107,-2608
123000127,1520,989,531
123000128,493,526,-33
123000129,744,369,375
123000130,692,138,554
123000131,982,878,104
123000132,689,928,-239
123000133,356,637,-281
123000134,640,329,311
123000135,2705,1889,816
123000136,396,1383,-987
123000137,185,528,-343
123000138,121,599,-478
123000139,598,249,349
123000140,174,1254,-1080
123000141,1119,244,875
123000142,1334,1287,47
123000143,2130,3047,-917
123000144,66,53,13
123000145,333,183,150
123000146,94,118,-24
123000147,272,196,76
123000149,521,702,-181
123000150,334,356,-22
123000151,427,601,-174
123000152,213,596,-383
123000153,428,1000,-572
123000154,2685,2789,-104
123000155,3475,1543,1932
123000156,97,292,-195
123000157,661,1143,-482
123000158,795,1112,-317
123000159,5101,3396,1705
123000160,1461,897,564
123000161,2497,1760,737
123000162,1602,2249,-647
123000163,771,172,599
123000164,2206,486,1720
123000165,584,2565,-1981
123000166,79,293,-214
123000167,155,376,-221
123000168,351,433,-82
123000169,844,205,639
123000170,124,426,-302
123000171,889,65,824
123000172,332,870,-538
123000173,993,362,631
123000174,1538,521,1017
123000175,1099,1980,-881
123000176,1595,399,1196
123000177,483,1696,-1213
123000178,1145,206,939
123000179,64,1018,-954
123000180,2157,541,1616
123000181,444,2163,-1719
123000182,349,761,-412
123000183,239,547,-308
123000184,167,1016,-849
123000185,898,615,283
123000186,4,1026,-1022
123000187,699,16,683
123000188,307,1,306
123000189,224,264,-40
123000190,75,100,-25
123000192,21,642,-621
123000193,92,1294,-1202
123000194,584,370,214
123000195,367,53,314
123000196,381,46,335
123000197,68,188,-120
123000198,66,431,-365
123000199,16,897,-881
123000200,674,16,658
123000201,1177,26,1151
123000202,36,1800,-1764
123000203,1205,121,1084
123000204,109,1623,-1514
123000205,738,2889,-2151
123000206,2212,296,1916
123000207,118,1220,-1102
123000208,710,266,444
123000209,2453,738,1715
123000210,757,2878,-2121
123000211,876,4084,-3208
123000212,3880,685,3195
123000213,886,117,769
123000215,271,363,-92
123000216,487,2421,-1934
123000217,258,73,185
123000218,163,878,-715
123000219,1487,250,1237
123000220,727,137,590
123000221,321,239,82
123000222,713,986,-273
123000223,401,727,-326
123000224,556,806,-250
123000225,520,155,365
123000226,110,663,-553
123000227,108,574,-466
123000228,394,94,300
123000229,1593,2530,-937
123000232,184,1008,-824
123000233,1043,222,821
123000234,229,966,-737
123000235,1176,546,630
123000236,374,1319,-945
123000237,482,157,325
123000238,105,889,-784
123000239,653,2603,-1950
123000240,110,626,-516
123000241,987,174,813
123000242,254,335,-81
123000243,1125,1365,-240
123000244,1528,1022,506
123000245,86,273,-187
123000249,841,1178,-337
123000252,1286,385,901
123000253,1230,715,515
123000254,825,1566,-741
123000255,1474,1314,160
123000256,52,400,-348
123000257,4790,3252,1538
123000258,1395,1568,-173
123000259,424,598,-174
123000260,464,813,-349
123000261,271,382,-111
123000262,136,323,-187
123000263,451,161,290
123000264,224,119,105
123000265,53,223,-170
123000266,711,1132,-421
123000267,779,474,305
123000268,38,111,-73
123000269,28,62,-34
123000270,29,75,-46
123000271,134,96,38
123000272,1004,286,718
123000273,365,851,-486
123000274,1630,825,805
123000275,522,1594,-1072
123000278,4624,3730,894
123000279,90,180,-90
123000280,588,459,129
123000281,394,145,249
123000282,196,366,-170
123000283,111,127,-16
123000284,56,205,-149
123000286,314,430,-116
123000287,732,390,342
123000288,1549,1095,454
123000289,640,1520,-880
123000291,482,1125,-643
123000294,189,327,-138
123000295,1115,1257,-142
123000296,785,564,221
123000297,506,964,-458
123000298,702,564,138
123000299,42,239,-197
123000300,1029,1106,-77
123000301,188,355,-167
123000302,78,358,-280
123000303,304,112,192
123000305,1342,1152,190
123000306,160,326,-166
123000309,71,99,-28
123000310,51,61,-10
123000311,1,178,-177
123000312,1002,1354,-352
123000313,548,616,-68
123000315,113,542,-429
123000316,2445,440,2005
123000317,311,80,231
123000318,70,341,-271
123000329,45,18,27
123000337,725,243,482
123000338,1604,64,1540
123000339,240,322,-82
123000340,271,672,-401
123000342,23,19,4
123000343,112,4,108
123000344,1790,947,843
123000345,507,1059,-552
123000346,419,95,324
123000352,2465,1176,1289
123000353,41,118,-77
123000354,806,13,793
123000355,6,920,-914
123000356,490,27,463
123000357,3,381,-378
123000359,7,283,-276
123000360,286,260,26
123000361,855,514,341
123000362,464,219,245
123000363,161,365,-204
123000364,835,694,141
123000365,41,506,-465
123000366,573,2850,-2277
123000367,410,1836,-1426
123000370,45,428,-383
123000371,1086,70,1016
123000372,539,28,511
123000373,13,700,-687
123000374,19,360,-341
123000375,418,69,349
123000376,1100,817,283
123000377,616,38,578
123000378,32,514,-482
123000379,3,328,-325
123000380,111,508,-397
123000381,209,48,161
123000382,1810,273,1537
123000383,345,1764,-1419
123000384,626,104,522
123000385,589,843,-254
123000436,81,1503,-1422
123000507,256,487,-231
123000508,278,1438,-1160
123000517,485,61,424
123000518,34,366,-332
123000519,298,104,194
123000520,89,420,-331
123000521,636,151,485
123000522,246,851,-605
123000541,6,10,-4
123000542,0,52,-52
123000565,762,64,698
123000566,236,1087,-851
123000567,165,372,-207
123000573,45,1228,-1183
123000574,1053,113,940
123000575,1489,1983,-494
123000576,971,2668,-1697
123000577,130,1134,-1004
123000578,926,128,798
123000579,5532,7455,-1923
123000580,88,37,51
123000582,531,36,495
123000583,30,657,-627
123000584,267,451,-184
123000585,2,265,-263
123000586,115,0,115
123000596,108,189,-81
123000597,70,177,-107
123000602,32,14,18
123000603,664,1202,-538
123000604,633,1471,-838
123000605,1713,206,1507
123000606,2,819,-817
123000609,44,539,-495
123000610,250,258,-8
123000613,47,316,-269
123000614,277,88,189
123000615,74,187,-113
123000616,796,79,717
123000617,177,944,-767
123000618,135,1082,-947
123000619,779,75,704
123000620,41,795,-754
123000622,492,27,465
123000624,159,81,78
123000630,947,619,328
123000631,413,2274,-1861
123000632,1286,1425,-139
123000633,2,294,-292
123000634,90,137,-47
123000635,204,130,74
123000636,41,1068,-1027
123000637,187,184,3
123000638,702,109,593
123000639,1498,4513,-3015
123000640,14,1172,-1158
123900001,1845,77,1768
123900002,46,2487,-2441
123900003,658,954,-296
123900005,375,240,135
123900006,583,52,531
124000001,2793,206,2587
124000002,135,2498,-2363
124000003,989,229,760
124000004,96,1074,-978
124000005,1305,711,594
124000006,414,1867,-1453
124000007,1262,246,1016
124000008,25,1526,-1501
124000009,651,561,90
124000010,192,888,-696
124000011,2258,617,1641
124000012,577,866,-289
124000017,242,223,19
124000018,132,123,9
124000019,169,204,-35
124000020,81,234,-153
124000021,177,144,33
124000022,120,372,-252
124000023,2484,1794,690
124000024,1495,645,850
124000025,1740,2116,-376
124000026,1378,1406,-28
124000027,6147,5984,163
124000028,3305,5955,-2650
124000030,4144,1709,2435
124000031,1722,4643,-2921
124000032,5884,1489,4395
124000033,603,1053,-450
124000034,2846,930,1916
124000035,54,251,-197
124000036,233,290,-57
124000037,1137,1406,-269
124000038,76,90,-14
124000039,1793,614,1179
124000040,828,1225,-397
124000041,616,151,465
124000042,111,536,-425
124000043,243,137,106
124000044,60,371,-311
124000045,1013,955,58
124000046,333,1015,-682
124000047,1865,1451,414
124000048,1157,2541,-1384
124000049,2369,1039,1330
124000050,995,2998,-2003
124000051,975,831,144
124000052,710,1713,-1003
124000053,617,1962,-1345
124000054,1174,897,277
124000055,1537,3348,-1811
124000056,4622,2255,2367
124000057,1198,753,445
124000058,690,2079,-1389
124000059,754,1427,-673
124000060,1785,1203,582
124000061,1940,5295,-3355
124000062,6362,2452,3910
124000063,1796,2447,-651
124000064,3794,2310,1484
124000065,29,1103,-1074
124000066,222,71,151
124000067,218,388,-170
124000068,21,47,-26
124000069,189,35,154
124000070,184,209,-25
124000071,753,162,591
124000072,324,757,-433
124000073,1119,250,869
124000074,341,1162,-821
124000075,401,49,352
124000076,10,345,-335
124000077,2561,978,1583
124000078,4506,1705,2801
124000079,751,1740,-989
124000080,709,274,435
124000081,264,993,-729
124000082,82,213,-131
124000083,125,175,-50
124000084,35,342,-307
124000085,308,64,244
124000086,126,124,2
124000087,303,114,189
124000088,381,421,-40
124000089,1065,527,538
124000090,100,435,-335
124000091,402,117,285
124000092,86,666,-580
124000093,115,174,-59
124000094,209,862,-653
124000095,117,201,-84
124000096,210,541,-331
124000097,130,227,-97
124000098,74,133,-59
124000099,215,137,78
124000100,57,164,-107
124000101,119,178,-59
124000102,189,90,99
124000103,143,154,-11
124000104,203,77,126
124000105,97,108,-11
124000106,193,106,87
124000107,30,231,-201
124000108,70,56,14
124000109,142,186,-44
124000110,266,174,92
124000111,235,276,-41
124000112,754,945,-191
124000113,112,192,-80
124000114,425,762,-337
124000115,645,931,-286
124000116,156,236,-80
124000117,111,108,3
124000118,63,116,-53
124000119,1670,890,780
124000120,1102,631,471
124000121,2051,820,1231
124000122,847,1851,-1004
124000123,1474,887,587
124000124,689,1537,-848
124000125,496,788,-292
124000126,382,958,-576
124000127,1084,617,467
124000128,710,1415,-705
124000129,2537,1886,651
124000130,1039,1070,-31
124000131,1301,658,643
124000132,1320,1245,75
124000133,1038,1191,-153
124000134,1260,1042,218
124000135,2324,2387,-63
124000136,1310,1619,-309
124000137,2092,985,1107
124000138,2240,1813,427
124000139,1431,38,1393
124000140,92,688,-596
124000141,643,26,617
124000142,21,269,-248
124000143,76,48,28
124000144,14,108,-94
124000145,436,95,341
124000146,215,192,23
124000148,103,194,-91
124000149,1835,734,1101
124000150,504,896,-392
124000151,896,466,430
124000152,955,1688,-733
124000153,837,1014,-177
124000154,441,1101,-660
124000155,1546,1442,104
124000156,2059,1356,703
124000169,241,822,-581
124000170,1018,607,411
124000171,591,408,183
124000172,543,816,-273
124000173,781,314,467
124000174,573,929,-356
124000175,37,203,-166
124000176,164,19,145
124000177,16,67,-51
124000178,98,74,24
124000190,60,48,12
124000191,254,50,204
124000192,5380,565,4815
124000193,1975,1459,516
124000194,489,830,-341
124000195,347,674,-327
124000196,1476,1620,-144
124000197,130,117,13
124000198,60,75,-15
124000201,593,1517,-924
124000202,805,466,339
124000203,468,1248,-780
124000204,882,675,207
124000205,144,796,-652
124000206,831,590,241
124000207,0,77,-77
124000209,364,917,-553
124000210,586,300,286
124000211,694,4,690
124000212,3,881,-878
124000213,423,527,-104
124000214,348,997,-649
124000215,709,30,679
124000216,5,639,-634
124000329,193,3020,-2827
124000338,165,1421,-1256
124000339,1136,231,905
124000341,1438,180,1258
124000344,61,8,53
124000357,1329,3474,-2145
124000358,986,2066,-1080
124000359,1621,969,652
124000360,1004,829,175
124000361,3373,1001,2372
124000362,2529,2579,-50
124000363,425,605,-180
124000364,1001,1476,-475
124000365,904,1442,-538
124000366,2380,1214,1166
124000367,246,959,-713
124000368,633,651,-18
124000369,275,261,14
124000370,140,887,-747
124000402,72,21,51
124000403,177,18,159
124000404,21,190,-169
124000405,1413,1155,258
124000406,1103,1268,-165
124000407,4,72,-68
124000411,7,482,-475
124000412,500,9,491
124000413,1086,63,1023
124000414,86,219,-133
124000415,83,234,-151
124000416,160,334,-174
124000417,171,163,8
124000418,180,192,-12
124000419,69,197,-128
124000420,67,132,-65
124000421,44,265,-221
124000422,34,26,8
124000423,209,60,149
124000424,8,105,-97
124000425,35,114,-79
124000426,8,35,-27
124000427,102,35,67
124000428,80,61,19
124000429,66,81,-15
124000430,973,900,73
124000431,409,888,-479
124000432,328,1469,-1141
124000439,6,19,-13
124000442,11,149,-138
124000443,0,7,-7
124000445,134,614,-480
124000446,1636,64,1572
124900001,480,464,16
124900002,293,646,-353
124900003,942,755,187
124900004,576,442,134
124900005,511,306,205
124900006,694,511,183
124900008,1693,849,844
124900009,165,459,-294
124900010,224,110,114
124900011,728,475,253
124900012,626,192,434
124900013,769,229,540
124900014,310,115,195
124900015,241,642,-401
124900016,95,155,-60
124900017,1237,1798,-561
124900018,55,21,34
124900020,148,121,27
124900021,343,111,232
124900022,139,43,96
124900024,411,114,297
124900026,624,14,610
124900027,136,488,-352
124900028,980,219,761
124900029,11,543,-532
124900030,15,291,-276
124900031,71,663,-592
124900032,239,278,-39
124900033,246,667,-421
124900034,14,130,-116
124900035,297,765,-468
124900036,0,77,-77
124900037,201,601,-400
124900038,461,474,-13
124900039,3,42,-39
124900040,256,127,129
124900041,329,1402,-1073
124900042,372,2,370
124900043,526,1339,-813
124900044,75,12,63
124900045,1274,1334,-60
124900046,1951,261,1690
124900047,150,251,-101
124900048,234,193,41
124900050,155,317,-162
124900052,90,719,-629
124900053,156,512,-356
124900054,3298,907,2391
124900055,1,263,-262
124900057,6,87,-81
124900060,139,382,-243
124900061,113,24,89
124900062,161,51,110
124900066,0,22,-22
124900067,9,263,-254
124900068,244,761,-517
124900070,89,28,61
124900072,158,95,63
124900074,681,410,271
124900075,196,255,-59
124900076,43,1128,-1085
124900077,46,188,-142
124900078,150,54,96
124900079,865,435,430
124900080,298,884,-586
124900081,865,386,479
124900082,384,1043,-659
124900083,234,777,-543
124900084,2914,135,2779
124900085,1323,466,857
124900086,134,1394,-1260
124900087,827,127,700
124900088,965,177,788
124900089,1728,47,1681
124900090,390,393,-3
124900091,438,680,-242
124900092,409,513,-104
124900093,490,340,150
124900094,458,389,69
124900095,135,657,-522
124900096,741,407,334
124900097,358,152,206
124900098,225,617,-392
124900099,1028,790,238
124900100,414,185,229
124900101,102,327,-225
124900102,296,143,153
124900103,182,313,-131
124900104,75,246,-171
124900105,155,227,-72
124900106,585,142,443
124900107,170,17,153
124900108,261,120,141
124900109,140,220,-80
124900110,1153,517,636
124900111,13,101,-88
124900112,75,921,-846
124900113,86,337,-251
124900114,258,121,137
124900115,398,70,328
124900116,209,168,41
124900117,619,158,461
124900118,358,192,166
124900119,317,171,146
124900120,75,526,-451
124900121,126,354,-228
124900122,348,280,68
124900123,288,122,166
124900124,132,216,-84
129000186,427,47,380
204000001,88,3,85
204000002,34,6,28
204000003,68,3,65
204000004,36,1,35
204000005,721,665,56
204000006,1590,2078,-488
204000008,1561,981,580
204000011,16,81,-65
204000012,69,128,-59
204000013,0,34,-34
204000019,612,800,-188
204000020,925,847,78
204000021,3060,1065,1995
204000022,586,640,-54
204000023,747,1254,-507
204000031,31,22,9
204000032,981,61,920
204000034,15,370,-355
204000035,1,9,-8
204000036,14,50,-36
204000037,0,22,-22
204000038,0,10,-10
204000039,28,51,-23
204000040,6,31,-25
204000041,30,55,-25
204000042,152,13,139
204000043,62,1,61
204000044,66,3,63
204000045,100,5,95
204000046,39,4,35
204000057,6,32,-26
204000062,8,40,-32
204000068,97,318,-221
204000069,23,372,-349
204000070,138,287,-149
204000080,101,81,20
204000085,2381,2790,-409
204000086,3474,3358,116
204000087,34,6,28
204000088,4,152,-148
204000090,27,406,-379
204000093,334,103,231
204000096,1047,1264,-217
204000097,619,20,599
204000099,1423,1914,-491
204000100,1522,2349,-827
204000105,2625,2210,415
204000110,1575,2191,-616
204000111,615,1149,-534
204000112,2578,1032,1546
204000113,664,1075,-411
204000114,1143,1140,3
204000115,993,477,516
204000116,5504,829,4675
204000119,2164,3507,-1343
204000132,762,617,145
204000133,826,740,86
204000134,723,365,358
204000135,804,257,547
204000136,603,496,107
204000138,467,1042,-575
204000140,192,206,-14
204000141,190,113,77
204000144,11,43,-32
204000145,617,42,575
204000146,22,497,-475
204000147,29,230,-201
204000148,1191,53,1138
204000154,9,3,6
204000155,4,8,-4
204000177,94,113,-19
204000179,28,11,17
204000180,0,40,-40
204000222,106,11,95
204000235,24,27,-3
204000236,112,349,-237
204000238,63,25,38
204000240,411,117,294
204000263,516,1435,-919
204000308,277,34,243
204000317,11,130,-119
204000322,5,93,-88
204000323,19,11,8
204000328,236,63,173
204000329,42,256,-214
204000330,293,21,272
204000331,272,129,143
204010341,18,281,-263
205000001,1629,2404,-775
205000013,6,89,-83
205000014,30,145,-115
205000015,37,216,-179
205000016,19,191,-172
205000017,34,135,-101
205000022,373,1103,-730
205000025,1653,1507,146
205000029,204,5,199
205000045,185,330,-145
205000047,142,605,-463
205000048,401,1474,-1073
205000049,164,1128,-964
205000050,933,412,521
205000059,0,284,-284
205000060,1,87,-86
205000061,1,51,-50
205000062,2,34,-32
205000063,21,207,-186
205000064,18,168,-150
205000065,34,748,-714
205000066,124,1015,-891
205000067,58,1196,-1138
205000069,195,36,159
205000082,243,294,-51
205000110,68,302,-234
205000111,210,312,-102
205000112,286,380,-94
205000113,218,480,-262
205000121,300,141,159
205000123,54,322,-268
205000126,535,240,295
205000127,743,416,327
205000128,809,225,584
205000129,936,279,657
205000130,982,126,856
205000131,1253,58,1195
205000132,923,4,919
205000133,1215,4,1211
205000134,488,0,488
205000137,84,240,-156
205000138,319,366,-47
205000139,53,168,-115
205000144,254,110,144
205000145,794,243,551
205000151,254,87,167
205000152,433,60,373
205000153,292,84,208
205000154,118,168,-50
205000155,105,27,78
205000207,17,287,-270
205000233,40,0,40
205000234,0,1,-1
205000243,0,1,-1
205000244,0,8,-8
205000245,16,288,-272
205000249,1,62,-61
205000250,6,2,4
205000251,179,578,-399
205000264,22,109,-87
206000027,10,6,4
206000028,17,3,14
206000043,53,135,-82
206000053,12,11,1
206000054,5,29,-24
206000055,5,54,-49
206000075,13,19,-6
206000076,22,25,-3
206000077,36,8,28
206000078,14,7,7
206000079,14,6,8
206000082,838,49,789
206000100,59,852,-793
206000103,6,31,-25
206000104,28,42,-14
206000105,10,33,-23
206000106,6,67,-61
206000108,662,47,615
206000125,73,0,73
206000157,77,1153,-1076
206000170,2,299,-297
206000171,7,269,-262
206000172,13,1134,-1121
206000173,5,382,-377
206000174,11,124,-113
206000175,7,193,-186
206000176,16,336,-320
206000177,5,225,-220
206000178,3,200,-197
206000179,8,154,-146
206000180,21,270,-249
206000181,97,283,-186
206000182,9,271,-262
206000183,75,958,-883
206000184,7,505,-498
206000185,3,304,-301
206000186,165,1523,-1358
206000223,11,277,-266
206000226,66,7,59
206000227,28,3,25
206000237,30,548,-518
206000238,47,715,-668
206000239,528,2937,-2409
206000240,4,91,-87
206000241,0,126,-126
206000242,12,405,-393
206000243,4,312,-308
206000244,103,917,-814
206000245,689,75,614
206000246,143,12,131
206000247,153,11,142
206000248,411,18,393
206000252,87,22,65
206000258,28,67,-39
206000315,38,13,25
206000317,776,96,680
206000318,429,61,368
206000319,1228,141,1087
206000320,160,73,87
206000321,186,31,155
206000322,569,7,562
206000323,151,10,141
206000324,237,9,228
206000325,267,15,252
206000326,214,9,205
206000327,615,17,598
206000328,153,5,148
206000329,328,8,320
206000330,82,7,75
206000331,154,4,150
206000332,40,6,34
206000333,453,2,451
206000334,254,2,252
206000335,0,23,-23
206000361,3,333,-330
206000392,7,43,-36
206000405,220,0,220
206000441,58,17,41
206000498,42,2,40
206000515,131,26,105
206000530,268,60,208
206000531,218,194,24
206000532,2986,262,2724
206000535,415,2854,-2439
206000536,33,273,-240
206000537,70,261,-191
206000613,1861,256,1605
207000001,197,646,-449
207000002,151,356,-205
207000003,177,239,-62
207000007,886,373,513
207000008,82,10,72
207000009,57,35,22
207000010,522,590,-68
207000012,360,591,-231
207000015,346,1718,-1372
207000019,302,161,141
207000021,895,229,666
207000022,192,153,39
207000023,275,60,215
207000024,7,21,-14
207000025,35,75,-40
207000026,195,75,120
207000027,52,114,-62
207000028,118,316,-198
207000029,556,617,-61
207000033,327,407,-80
207000034,392,99,293
207000039,432,267,165
207000040,323,145,178
207000041,688,103,585
207000042,348,97,251
207000043,338,223,115
207000051,263,467,-204
207000052,540,280,260
207000053,537,804,-267
207000054,50,166,-116
207000055,208,185,23
207000056,435,481,-46
207000057,267,384,-117
207000058,435,473,-38
207000059,79,773,-694
207000060,114,234,-120
207000061,266,453,-187
207000062,302,53,249
207000063,293,155,138
207000064,716,323,393
207000065,588,366,222
207000066,223,268,-45
207000067,75,162,-87
207000068,110,96,14
207000069,794,575,219
207000082,14,319,-305
207000083,133,378,-245
207000084,235,390,-155
207000085,151,30,121
207000086,162,6,156
207000106,52,49,3
207000107,147,32,115
207000108,72,17,55
207000109,108,27,81
207000110,118,237,-119
207000111,86,167,-81
207000112,322,861,-539
207000114,22,102,-80
207000115,23,169,-146
207000116,28,757,-729
207000117,12,241,-229
207000118,13,201,-188
207000119,52,226,-174
207000123,278,47,231
207000124,60,45,15
207000125,88,90,-2
207000126,107,138,-31
207000134,39,153,-114
207000135,20,270,-250
207000148,97,583,-486
207000149,80,89,-9
207000152,234,566,-332
207000153,1364,1679,-315
207000154,468,214,254
207000159,163,299,-136
207000160,191,612,-421
207000238,0,179,-179
207000242,4,337,-333
207000248,74,72,2
207000249,242,73,169
207000250,1457,121,1336
207000251,168,106,62
207000252,132,133,-1
207000278,107,140,-33
207000279,25,244,-219
207000280,680,115,565
207000281,119,1313,-1194
207000282,281,108,173
207000283,153,276,-123
207000284,81,219,-138
207000285,154,51,103
207000291,22,271,-249
207000304,177,76,101
207000306,82,679,-597
207000310,101,114,-13
207000353,229,5,224
207000356,21,115,-94
207000357,62,12,50
207000358,39,29,10
207000415,6,326,-320
207000417,70,4,66
207000418,3,22,-19
207000437,0,1,-1
207000439,1246,857,389
207000446,165,4,161
207000460,26,4,22
207000466,282,307,-25
207000467,172,159,13
207000468,54,386,-332
207000476,19,134,-115
207000477,692,163,529
207000523,0,8,-8
207000524,135,1,134
207000527,132,289,-157
207000530,312,5,307
207000531,464,12,452
207000532,170,36,134
207000534,637,90,547
207000535,35,557,-522
207000537,71,220,-149
207000540,12,345,-333
207000541,4,555,-551
207000548,28,430,-402
207000549,1126,14,1112
207000561,159,253,-94
207000562,53,342,-289
207000567,291,358,-67
207000568,193,152,41
207000569,485,1268,-783
207000584,448,385,63
207000585,129,524,-395
207000616,2,268,-266
207000617,415,6,409
207900008,277,167,110
208000001,893,1159,-266
208000002,823,657,166
208000003,1465,566,899
208000004,2156,922,1234
208000005,22,27,-5
208000019,860,1700,-840
208000020,366,745,-379
208000021,276,657,-381
208000022,1110,724,386
208000028,3144,1734,1410
208000033,581,806,-225
208000034,1481,2454,-973
208000040,274,282,-8
208000041,1218,838,380
208000042,1680,991,689
208000047,130,403,-273
208000064,4217,2127,2090
208000066,2840,2562,278
208000070,496,515,-19
208000071,446,1136,-690
208000072,481,1603,-1122
208000080,345,531,-186
208000081,373,195,178
208000082,546,413,133
208000083,143,498,-355
208000084,66,26,40
208000085,1713,906,807
208000086,693,1247,-554
208000087,619,1078,-459
208000089,1128,763,365
208000090,1009,1238,-229
208000093,209,218,-9
208000094,834,665,169
208000095,916,552,364
208000104,1325,1279,46
208000105,1361,1455,-94
208000114,196,357,-161
208000115,549,566,-17
208000116,855,1526,-671
208000117,253,183,70
208000118,103,174,-71
208000155,1363,1271,92
208000158,2232,3931,-1699
208000186,4609,4305,304
208000204,969,1308,-339
208000205,1288,1625,-337
208000282,6666,3208,3458
209000004,616,329,287
209000005,56,66,-10
209000006,598,183,415
209000007,536,381,155
209000010,758,197,561
209000011,291,374,-83
209000012,462,309,153
209000013,396,657,-261
209000014,711,1721,-1010
209000025,423,47,376
209000026,818,185,633
209000027,628,1410,-782
209000028,562,1312,-750
209000029,972,1184,-212
209000030,700,2585,-1885
209000031,4865,3729,1136
209000034,217,251,-34
209000035,111,162,-51
209000036,199,151,48
209000037,284,254,30
209000038,107,182,-75
209000039,53,179,-126
209000040,400,708,-308
209000041,204,553,-349
209000042,331,615,-284
209000043,1036,1156,-120
209000044,324,979,-655
209000045,1589,634,955
209000046,502,754,-252
209000047,663,280,383
209000048,710,456,254
209000049,114,149,-35
209000050,296,227,69
209000051,475,468,7
209000052,203,428,-225
209000062,58,154,-96
209000063,51,139,-88
209000064,118,168,-50
209000065,83,45,38
209000066,84,40,44
209000067,96,62,34
209000080,72,334,-262
209000082,119,45,74
209000091,43,170,-127
209000093,81,50,31
209000094,253,292,-39
209000110,62,117,-55
209000111,522,1979,-1457
209000112,1075,903,172
209000113,2622,773,1849
209000114,644,569,75
209000115,95,197,-102
209000116,890,818,72
209000118,59,61,-2
209000119,98,23,75
209000121,180,891,-711
209000135,75,219,-144
209000142,791,2022,-1231
209000143,239,169,70
209000144,261,160,101
209000229,344,326,18
209000240,45,566,-521
209000259,105,141,-36
209000260,69,1444,-1375
209000261,3,1007,-1004
209000262,4,795,-791
209000263,0,198,-198
209000264,1,162,-161
209000265,593,1,592
209000266,218,3,215
209000267,1436,18,1418
209000268,901,105,796
210000037,68,19,49
210000047,95,43,52
210000048,118,45,73
210000049,49,45,4
210000052,54,128,-74
210000053,35,87,-52
210000054,81,92,-11
210000070,181,8,173
210000071,242,3,239
210000072,178,4,174
210000073,0,24,-24
210000074,0,147,-147
210000075,4,114,-110
210000076,14,199,-185
210000077,114,57,57
210000078,47,61,-14
210000079,81,41,40
210000080,247,77,170
210000081,228,39,189
210000082,201,6,195
210000083,103,2,101
210000084,88,1,87
210000085,1,89,-88
210000086,5,206,-201
210000099,49,297,-248
210000100,57,263,-206
210000101,112,287,-175
210000105,38,292,-254
210000159,0,169,-169
210000163,273,239,34
210000164,372,261,111
210000168,216,36,180
210000187,1,21,-20
210000188,0,27,-27
210000214,91,1,90
210000219,34,64,-30
210000220,84,103,-19
210000232,3,33,-30
210000233,36,76,-40
210000234,30,198,-168
210000235,73,170,-97
210000245,5,47,-42
210000246,91,1,90
210000258,12,132,-120
210000259,595,66,529
210000282,143,325,-182
210000285,1,140,-139
210000286,15,227,-212
210000290,0,2,-2
210000295,48,204,-156
210000296,63,64,-1
210000320,184,126,58
210000321,110,108,2
210000338,162,106,56
210000339,513,1509,-996
210000340,203,575,-372
210000341,285,430,-145
210000342,259,265,-6
210000343,323,277,46
210000344,469,177,292
210000345,318,469,-151
210000346,238,273,-35
210000347,688,87,601
210000348,469,24,445
210000349,348,22,326
210000350,184,82,102
210000351,218,150,68
210000352,62,104,-42
210000353,56,116,-60
210000354,410,128,282
210000355,203,114,89
210000356,316,97,219
210000357,225,69,156
210000358,417,159,258
210000359,233,99,134
210000360,252,162,90
210000361,218,271,-53
210000362,402,300,102
210000363,1237,315,922
210000364,268,276,-8
210000365,173,136,37
210000366,161,74,87
210000367,111,67,44
210000368,249,84,165
210000369,36,27,9
210000370,74,33,41
210000372,116,31,85
210000373,105,25,80
210000374,121,9,112
210000375,30,109,-79
210000376,169,177,-8
210000404,72,163,-91
210000439,12,80,-68
210000472,185,10,175
210000482,129,138,-9
210000564,777,452,325
210000567,1,0,1
210000568,875,2,873
211000092,67,74,-7
211000094,20,9,11
211000169,228,30,198
211000172,12,290,-278
211000209,0,51,-51
211000226,1,1,0
211000270,1,0,1
211000275,27,22,5
211000276,108,43,65
211000279,55,43,12
211000281,67,68,-1
211507980,0,82,-82
211977296,171,5,166
212000003,248,52,196
212000004,191,34,157
212000005,87,56,31
212000006,76,86,-10
212000008,236,171,65
212000009,22,162,-140
212000012,78,111,-33
212000013,45,76,-31
212000014,308,209,99
212000015,362,328,34
212000016,627,801,-174
212000027,668,940,-272
212000028,372,783,-411
212000029,264,558,-294
212000030,52,66,-14
212000031,75,94,-19
212000048,97,194,-97
212000049,20,143,-123
212000050,29,13,16
212000051,212,288,-76
212000052,207,457,-250
212000053,411,885,-474
212000054,245,269,-24
212000055,236,443,-207
212000056,20,90,-70
212000057,29,43,-14
212000058,508,64,444
212000070,134,349,-215
212000077,186,957,-771
212000099,359,453,-94
212000108,355,289,66
212000111,303,197,106
212000120,267,107,160
212000138,312,30,282
212000156,9,158,-149
212000158,13,24,-11
212000159,401,110,291
212000160,557,455,102
212000161,91,19,72
212000310,42,20,22
212000311,22,132,-110
212000374,39,16,23
213000001,100,769,-669
213000005,744,283,461
213000006,1546,588,958
213000007,388,11,377
213000009,793,523,270
213000010,255,301,-46
213000011,263,181,82
213000012,151,270,-119
213000014,101,9,92
213000015,316,10,306
213000016,1107,3,1104
213000017,129,4,125
213000018,3,209,-206
213000019,4,227,-223
213000020,136,572,-436
213000021,12,167,-155
213000023,348,268,80
213000033,319,1892,-1573
213000034,815,519,296
213000035,148,508,-360
213000045,221,403,-182
213000046,269,299,-30
213000047,1058,1380,-322
213000056,138,139,-1
213000069,291,6,285
213000073,1,44,-43
213000074,100,588,-488
213000075,795,10,785
213000085,12,60,-48
213000086,21,184,-163
213000091,234,23,211
213000092,70,16,54
213000099,221,1523,-1302
213000100,1281,275,1006
213000101,327,186,141
213000102,359,464,-105
213000103,1068,1287,-219
213000104,54,641,-587
213000105,7,124,-117
213000106,56,191,-135
213000107,161,854,-693
213000108,51,814,-763
213000109,17,353,-336
213000110,16,95,-79
213000111,22,62,-40
213000112,227,138,89
213000115,69,16,53
213000116,107,985,-878
213000117,20,1358,-1338
213000118,478,453,25
213000119,62,800,-738
213000120,122,745,-623
213000122,287,684,-397
213000123,556,1580,-1024
213000124,119,1488,-1369
213000125,169,27,142
213000126,167,235,-68
213000127,206,289,-83
213000128,827,1479,-652
213000129,605,707,-102
213000130,513,344,169
213000132,369,132,237
213000133,522,146,376
213000134,894,23,871
213000136,649,37,612
213000137,733,102,631
213000139,781,36,745
213000147,224,38,186
213000148,121,39,82
213000149,83,35,48
213000150,1,148,-147
213000151,8,143,-135
213000152,2,106,-104
213000153,4,96,-92
213000154,42,323,-281
213000155,89,486,-397
213000156,135,759,-624
213000157,712,643,69
213000158,490,1391,-901
213000159,674,835,-161
213000163,784,130,654
213000165,766,324,442
213000171,1,122,-121
213000172,4,443,-439
213000173,4,330,-326
213000174,11,318,-307
213000175,23,209,-186
213000176,62,35,27
213000177,120,25,95
213000178,132,9,123
213000179,248,5,243
213000180,180,1,179
213000184,270,767,-497
213000188,713,109,604
213000189,406,57,349
213000190,967,910,57
213000191,316,498,-182
213000192,259,546,-287
213000193,1289,316,973
213000194,1,88,-87
213000195,28,483,-455
213000196,267,1508,-1241
213000197,444,1281,-837
213000198,228,6,222
213000200,163,1296,-1133
213000201,61,56,5
213000202,9,641,-632
213000203,3656,934,2722
213000204,879,193,686
213000205,525,272,253
213000206,708,156,552
213000207,338,33,305
213000208,404,8,396
213000209,301,3,298
213000210,1303,4,1299
213000211,19,20,-1
213000212,40,34,6
213000213,44,51,-7
213000218,422,991,-569
213000219,706,30,676
213000220,530,20,510
213000223,350,317,33
213000224,83,54,29
213000225,164,18,146
213000226,151,23,128
213000227,1227,323,904
213000228,575,153,422
213000229,793,51,742
213000230,742,53,689
213000232,103,590,-487
213000233,18,128,-110
213000234,3,37,-34
213000293,57,72,-15
213000294,569,26,543
213000295,33,89,-56
213000296,84,34,50
213000297,10,130,-120
213000298,30,153,-123
213000299,118,54,64
213000300,17,9,8
213000303,5,49,-44
213000304,3,19,-16
213000305,9,15,-6
213000306,109,72,37
213000307,547,136,411
213000308,201,365,-164
213000309,280,97,183
213000310,800,205,595
213000311,393,984,-591
213000315,109,189,-80
213000316,139,113,26
213000322,88,226,-138
213000323,67,106,-39
213000324,113,155,-42
213000325,65,233,-168
213000326,84,108,-24
213000327,87,190,-103
213000328,50,166,-116
213000329,129,113,16
213000340,142,778,-636
213000341,571,179,392
213000347,979,765,214
213000348,7,222,-215
213000349,33,15,18
213000350,376,1928,-1552
213000366,59,557,-498
213000367,264,45,219
213000379,79,106,-27
213000386,22,272,-250
213000406,115,543,-428
213000417,1615,800,815
213000425,200,59,141
213000426,154,116,38
213000427,59,516,-457
213000428,70,299,-229
213000429,90,8,82
213000430,112,1077,-965
213000431,202,6,196
213000432,6,39,-33
213000433,36,238,-202
213000434,90,160,-70
213000435,112,126,-14
213000436,48,93,-45
213000437,10,72,-62
213000438,198,255,-57
213000439,98,30,68
213000440,13,315,-302
213000441,0,2,-2
213000442,3,82,-79
213000443,753,599,154
213000444,39,119,-80
213000445,0,141,-141
213000446,0,44,-44
213000447,5,46,-41
213000448,15,132,-117
213000449,309,1,308
213000450,19,75,-56
213000451,354,139,215
213000452,45,33,12
213000453,80,382,-302
213000455,458,7,451
213000456,1,231,-230
213000481,7,12,-5
213000484,57,7,50
213000489,808,118,690
213900002,0,141,-141
213900003,1186,35,1151
213900013,7,110,-103
213900015,0,10,-10
213900016,15,20,-5
213900020,8,99,-91
213900030,3,46,-43
213900032,474,316,158
213900033,127,61,66
213900034,433,190,243
213900035,184,802,-618
213900036,117,258,-141
213900037,43,326,-283
213900038,398,303,95
213900039,0,135,-135
213900041,16,203,-187
213900042,354,408,-54
213900043,246,253,-7
213900244,24,0,24
213900245,1,53,-52
218000003,72,32,40
218000004,87,51,36
218000005,152,45,107
218000006,83,43,40
218000007,23,30,-7
218000012,370,263,107
218000013,97,216,-119
218000014,473,642,-169
218000019,949,990,-41
218000020,308,762,-454
218000021,48,118,-70
218000022,19,46,-27
218000023,4,52,-48
218000024,3,22,-19
218000025,24,37,-13
218000026,23,69,-46
218000027,2,5,-3
218000028,17,7,10
218000029,17,5,12
218000030,28,61,-33
218000031,8,57,-49
218000032,2,21,-19
218000040,17,6,11
218000046,62,197,-135
218000047,21,264,-243
218000048,83,259,-176
218000049,144,257,-113
218000050,420,485,-65
218000051,159,429,-270
218000052,0,160,-160
218000053,5,19,-14
218000054,29,58,-29
218000055,49,29,20
218000056,24,34,-10
218000057,5,29,-24
218000064,0,33,-33
218000065,121,126,-5
218000066,25,111,-86
218000067,67,145,-78
218000068,140,145,-5
218000069,309,216,93
218000070,318,334,-16
218000071,209,296,-87
218000072,410,329,81
218000078,976,1521,-545
218000079,143,102,41
218000080,124,121,3
218000081,512,375,137
218000082,87,198,-111
218000083,67,107,-40
218000084,179,243,-64
218000085,172,620,-448
218000086,93,303,-210
218000087,281,323,-42
218000090,29,325,-296
218000091,916,715,201
218000092,68,212,-144
218000093,66,102,-36
218000094,539,1006,-467
218000099,382,928,-546
218000100,269,406,-137
218000101,671,198,473
218000102,440,398,42
218000103,82,207,-125
218000104,85,59,26
218000105,42,20,22
218000106,13,10,3
218000107,60,120,-60
218000108,16,74,-58
218000112,135,36,99
218000117,77,99,-22
218000134,799,1339,-540
218000135,242,182,60
218000136,385,124,261
218000137,588,185,403
218000138,50,171,-121
218000139,326,407,-81
218000140,716,277,439
218000141,172,119,53
218000142,240,312,-72
218000143,162,427,-265
218000144,147,114,33
218000145,396,469,-73
218000146,91,206,-115
218000151,13,52,-39
218000152,213,111,102
218000153,12,9,3
218000154,11,2,9
218000155,23,1,22
218000156,55,23,32
218000157,30,27,3
218000158,11,10,1
218000159,6,11,-5
218000160,4,8,-4
218000161,10,6,4
218000162,25,12,13
218000163,13,0,13
218000164,44,10,34
218000165,67,39,28
218000170,3,67,-64
218000171,120,23,97
218000172,53,13,40
218000173,58,15,43
218000174,40,11,29
218000176,439,65,374
218000177,444,359,85
218000178,161,414,-253
218000179,94,161,-67
218000180,100,71,29
218000181,231,77,154
218000187,13,25,-12
218000188,44,77,-33
218000189,33,96,-63
218000190,24,49,-25
218000191,140,110,30
218000192,238,523,-285
218000193,503,563,-60
218000194,110,593,-483
218000195,132,102,30
218000196,369,413,-44
218000197,356,401,-45
218000198,36,186,-150
218000199,88,40,48
218000200,99,30,69
218000201,15,19,-4
218000202,139,324,-185
218000207,19,76,-57
218000208,47,71,-24
218000211,73,19,54
218000212,3,17,-14
218000213,182,98,84
218000214,11,31,-20
218000215,119,98,21
218000217,4,180,-176
218000218,453,169,284
218000219,179,51,128
218000220,288,374,-86
218000221,1775,322,1453
218000222,83,25,58
218000223,48,592,-544
218000224,18,241,-223
218000225,188,77,111
218000226,176,143,33
218000230,0,4,-4
218000232,62,126,-64
218000239,223,12,211
218000240,29,2,27
218000241,115,2,113
218000242,81,4,77
218000243,133,6,127
218000244,65,10,55
218000245,659,0,659
218000246,3,2,1
218000247,16,1,15
218000248,1,29,-28
218000249,1,0,1
218000250,11,7,4
218000251,5,12,-7
218000252,4,20,-16
218000253,4,31,-27
218000254,7,26,-19
218000255,1,27,-26
218000256,6,85,-79
218000267,901,1638,-737
218000268,12,95,-83
218000269,2,11,-9
218000270,48,39,9
218000271,27,61,-34
218000273,25,7,18
218000274,33,2,31
218000275,29,68,-39
218000276,14,93,-79
218000278,38,44,-6
218000279,29,41,-12
218000280,15,14,1
218000281,31,12,19
218000282,610,440,170
218000284,107,11,96
218000301,117,176,-59
218000302,233,106,127
218000303,73,84,-11
218000316,827,1733,-906
218000317,1158,1706,-548
218000318,608,1248,-640
218000319,1405,1955,-550
218000320,1039,1285,-246
218000338,162,36,126
218000345,219,81,138
218000346,53,222,-169
218000459,56,486,-430
218000490,63,62,1
218000501,217,96,121
218000502,84,169,-85
218000503,96,31,65
218000504,200,35,165
218000505,68,192,-124
218000506,36,275,-239
218000508,12,4,8
218000510,218,18,200
218000520,181,105,76
218000521,3,58,-55
218000522,0,161,-161
218000523,176,4,172
218000524,69,245,-176
218000525,225,13,212
218000526,42,193,-151
218000529,20,253,-233
218000530,26,4,22
218000531,22,58,-36
218000532,20,37,-17
218000534,114,20,94
218000537,34,89,-55
218000538,322,246,76
218000540,860,89,771
218000543,143,97,46
218000544,89,121,-32
218000545,101,109,-8
218000546,68,121,-53
218000547,267,197,70
218000548,480,189,291
218000549,453,316,137
218000550,254,525,-271
218000551,190,670,-480
218000552,644,77,567
218000553,38,93,-55
218000554,37,39,-2
218000555,32,45,-13
218000556,92,445,-353
218000557,266,213,53
218000558,312,55,257
218000559,0,46,-46
218000560,0,39,-39
218000561,34,0,34
218000562,37,244,-207
218000563,355,31,324
218000564,20,147,-127
218000565,268,26,242
218000566,433,27,406
218000567,2,123,-121
218000568,62,1,61
218000569,8,134,-126
218000570,149,4,145
218000571,6,122,-116
218000572,220,1,219
218000573,13,139,-126
218000574,146,67,79
218000575,146,2,144
218000576,3,117,-114
218000577,223,7,216
218000578,0,109,-109
218000579,170,37,133
218000581,8,90,-82
218000582,77,2,75
218000583,51,1,50
218000584,0,26,-26
218000585,20,7,13
218000586,9,56,-47
218000587,6,1,5
218000588,3,3,0
218000589,2,6,-4
218000590,14,1,13
218000591,5,3,2
218000592,13,0,13
218000593,1,0,1
218000594,4,0,4
218000595,0,0,0
218000596,0,0,0
218000597,0,0,0
218000598,0,0,0
218000599,3,1,2
218000600,5,2,3
218000601,0,0,0
218000602,0,10,-10
218000603,0,3,-3
218000604,37,0,37
218000605,0,47,-47
218000606,98,4,94
218000607,7,34,-27
218000608,91,10,81
218000609,3,68,-65
218000610,102,4,98
218000611,32,2,30
218000612,0,32,-32
218000613,45,1,44
218000614,4,42,-38
218000615,236,5,231
218000616,2,242,-240
218000617,41,2,39
218000618,1,15,-14
218000619,267,49,218
218000620,25,28,-3
218000621,0,13,-13
218000622,0,16,-16
218000623,293,0,293
218000624,18,27,-9
218000625,38,1,37
218000626,9,11,-2
218000628,108,78,30
218000631,59,13,46
218000632,3,133,-130
218000633,173,1,172
218000634,19,40,-21
218000635,6,15,-9
218000636,1762,2053,-291
218000637,1174,758,416
218000638,221,49,172
218000639,35,284,-249
218000640,405,49,356
218000641,284,484,-200
218000652,72,134,-62
218000653,219,137,82
218000663,1,93,-92
218000675,51,58,-7
218000676,4,34,-30
218000677,7,6,1
218000680,379,524,-145
218000681,447,120,327
218000691,106,336,-230
218000693,218,117,101
218000703,13,72,-59
218000718,835,839,-4
218000719,1443,368,1075
218000720,19,140,-121
218000721,264,12,252
218000725,9,22,-13
218001214,37,40,-3
218001329,82,132,-50
218001330,53,86,-33
218001351,46,18,28
218001352,20,24,-4
218001353,10,8,2
218001354,8,16,-8
219000001,97,65,32
219000002,84,95,-11
219000003,69,25,44
219000004,63,54,9
219000017,293,28,265
219000020,179,176,3
219000022,144,19,125
219000023,517,10,507
219000029,0,111,-111
219000034,64,30,34
219000039,121,87,34
219000040,70,41,29
219000041,83,28,55
219000051,2,58,-56
219000052,0,20,-20
219000053,1,180,-179
219000054,797,435,362
219000055,142,6,136
219000056,58,2,56
219000057,124,1,123
219000062,11,187,-176
219000063,88,15,73
219000064,3,193,-190
219000110,826,84,742
219000111,165,53,112
219000112,255,74,181
219000113,144,144,0
219000114,295,412,-117
219000116,104,52,52
219000117,192,130,62
219000118,360,77,283
219000123,408,113,295
219000124,273,72,201
219000125,2,16,-14
219000126,134,102,32
219000127,0,10,-10
219000128,28,110,-82
219000129,50,165,-115
219000130,805,723,82
219000131,794,1024,-230
219000133,116,42,74
219000134,38,29,9
219000135,69,69,0
219000136,233,199,34
219000138,131,41,90
219000139,41,76,-35
219000140,68,4,64
219000141,25,155,-130
219000142,10,110,-100
219000143,13,102,-89
219000145,33,84,-51
219000146,8,58,-50
219000147,3,72,-69
219000148,3,56,-53
219000149,12,158,-146
219000150,9,158,-149
219000151,4,56,-52
219000157,281,255,26
219000158,287,347,-60
219000161,195,13,182
219000163,1871,595,1276
219000166,145,259,-114
219000167,145,292,-147
219000168,310,189,121
219000174,397,134,263
219000175,95,3,92
219000176,93,18,75
219000177,55,12,43
219000178,37,1,36
219000179,26,6,20
219000180,57,39,18
219000182,141,42,99
219000183,89,70,19
219000184,123,10,113
219000185,1,89,-88
219000186,46,110,-64
219000187,31,142,-111
219000189,223,211,12
219000190,269,299,-30
219000191,1649,1559,90
219000192,229,189,40
219000193,511,175,336
219000195,5,94,-89
219000196,4,243,-239
219000198,30,238,-208
219000199,119,683,-564
219000200,73,526,-453
219000201,118,482,-364
219000203,59,224,-165
219000204,505,328,177
219000205,155,208,-53
219000207,273,435,-162
219000209,26,72,-46
219000210,121,110,11
219000213,11,210,-199
219000239,274,426,-152
219000240,286,534,-248
219000241,146,315,-169
219000242,144,265,-121
219000243,131,336,-205
219000244,55,93,-38
219000245,60,58,2
219000246,39,33,6
219000247,139,28,111
219000248,801,350,451
219000249,198,124,74
219000250,145,187,-42
219000251,825,261,564
219000252,335,181,154
219000253,507,117,390
219000255,143,118,25
219000256,413,103,310
219000257,170,1,169
219000262,416,203,213
219000263,107,247,-140
219000267,5,149,-144
219000268,2,11,-9
219000269,5,1,4
219000270,38,0,38
219000271,137,17,120
219000278,3,14,-11
219000279,1,2,-1
219000283,0,76,-76
219000295,12,131,-119
219000296,95,767,-672
219000297,21,209,-188
219000298,15,268,-253
219000299,405,185,220
219000300,37,390,-353
219000301,264,590,-326
219000302,46,347,-301
219000307,185,74,111
219000308,35,50,-15
219000311,191,75,116
219000312,653,113,540
219000313,412,106,306
219000314,81,812,-731
219000315,258,96,162
219000316,614,86,528
219000317,111,25,86
219000320,1,57,-56
219000321,0,18,-18
219000323,20,125,-105
219000325,3,21,-18
219000326,93,120,-27
219000327,83,38,45
219000328,58,57,1
219000329,376,140,236
219000330,80,36,44
219000331,59,49,10
219000332,77,103,-26
219000333,27,10,17
219000335,105,7,98
219000337,37,0,37
219000338,96,0,96
219000344,38,99,-61
219000345,54,123,-69
219000346,51,165,-114
219000348,128,159,-31
219000349,50,275,-225
219000350,89,172,-83
219000351,7,9,-2
219000352,456,123,333
219000353,140,43,97
219000354,217,122,95
219000355,195,97,98
219000356,2013,1403,610
219000363,357,85,272
219000364,121,62,59
219000365,198,36,162
219000366,280,479,-199
219000368,559,661,-102
219000370,1482,418,1064
219000371,13,28,-15
219000382,17,24,-7
219000383,1023,1166,-143
219000385,1154,652,502
219000386,1065,1990,-925
219000387,16,7,9
219000390,6,0,6
219000391,9,0,9
219000397,76,82,-6
219000398,64,66,-2
219000401,21,235,-214
219000402,63,304,-241
219000403,177,516,-339
219000404,33,246,-213
219000407,1,102,-101
219000409,60,58,2
219000410,188,75,113
219000411,97,31,66
219000446,212,457,-245
219000447,0,22,-22
219000448,225,16,209
219000452,145,74,71
219000453,73,191,-118
219000454,475,341,134
219000556,400,159,241
219000558,1091,295,796
219000590,69,220,-151
219000591,87,117,-30
219000592,132,473,-341
219000595,4,26,-22
219000635,420,74,346
219000636,32,121,-89
219000657,20,29,-9
219000658,53,117,-64
219000673,0,14,-14
219000676,210,18,192
219000679,91,17,74
219000684,155,4,151
219000685,0,114,-114
219000686,3,1,2
219000688,0,154,-154
219000689,36,430,-394
219000690,188,28,160
219000691,42,287,-245
219000692,206,32,174
219000693,2,37,-35
219000694,16,2,14
219000695,13,4,9
219000698,26,0,26
219000699,0,20,-20
219000727,5,165,-160
219000728,486,20,466
219000770,58,6,52
219000771,2,72,-70
219001150,5,41,-36
219001151,9,3,6
219001166,3,17,-14
219001167,0,117,-117
220000001,328,74,254
220000002,47,174,-127
220000003,889,351,538
220000004,1087,712,375
220000005,2478,2127,351
220000006,571,1215,-644
220000007,411,803,-392
220000008,388,1084,-696
220000009,419,531,-112
220000010,291,213,78
220000011,965,5195,-4230
220000012,129,618,-489
220000014,159,45,114
220000015,77,140,-63
220000017,59,413,-354
220000018,7852,2442,5410
220000019,110,381,-271
220000020,763,365,398
220000021,732,292,440
220000022,668,621,47
220000023,432,224,208
220000024,2042,431,1611
220000025,1357,1167,190
220000026,389,310,79
220000027,68,189,-121
220000028,76,48,28
220000029,75,272,-197
220000030,215,113,102
220000031,574,454,120
220000064,24,1196,-1172
221000046,21,0,21
221000047,0,10,-10
221000048,0,2,-2
221000049,0,18,-18
221000050,70,1,69
221000055,54,80,-26
221000057,44,30,14
221000068,347,185,162
221000069,320,88,232
221000070,210,40,170
221000071,96,18,78
221000072,354,28,326
221000073,347,86,261
221000074,5,34,-29
221000075,38,35,3
221000076,21,76,-55
221000077,44,193,-149
221000081,36,16,20
221000082,58,12,46
221000083,26,7,19
221000084,1,7,-6
221000085,84,104,-20
221000086,23,134,-111
221000087,3,223,-220
221000088,10,237,-227
221000089,26,428,-402
221000090,165,629,-464
221000098,132,18,114
221000099,156,15,141
221000100,135,10,125
221000101,213,51,162
221000102,105,33,72
221000109,8,127,-119
221000110,18,162,-144
221000111,34,250,-216
221000112,12,189,-177
221000113,20,217,-197
221000114,15,196,-181
221000120,39,48,-9
221000121,4,22,-18
221000122,169,31,138
221000123,10,7,3
221000124,70,278,-208
221000155,148,21,127
221000156,104,29,75
221000175,0,5,-5
221000176,0,2,-2
221000182,46,18,28
221000241,442,401,41
221000242,262,496,-234
221000243,660,274,386
221000244,381,555,-174
221000245,157,108,49
221000246,86,232,-146
221000247,83,147,-64
221000248,108,153,-45
221000267,78,944,-866
221000325,80,62,18
221000331,98,170,-72
221000338,40,33,7
221000378,190,33,157
221000381,42,36,6
222000282,52,1,51
222000296,4,69,-65
222000568,356,22,334
222000569,193,48,145
222000570,195,21,174
222000571,333,19,314
222000577,22,245,-223
222000578,35,335,-300
222000579,22,227,-205
222000580,111,1302,-1191
222000599,0,223,-223
222000600,5,494,-489
222000601,14,1782,-1768
222000603,35,53,-18
222000604,8,32,-24
222000605,21,31,-10
222000606,34,15,19
222000607,20,1,19
222000608,66,9,57
222000609,51,268,-217
222000616,333,101,232
222000617,22,17,5
222000618,11,3,8
222000620,47,15,32
222000621,109,8,101
222000623,909,5,904
222000624,392,2,390
222000625,574,64,510
222000636,107,4,103
222000686,33,50,-17
222000687,44,31,13
222001066,425,2,423
222001067,24,14,10
222001068,32,74,-42
222001069,21,54,-33
222001082,13,74,-61
222001083,25,91,-66
222001084,0,35,-35
222001085,2,340,-338
222001111,63,238,-175
222001112,78,45,33
222001313,70,10,60
222001314,6,218,-212
222001464,100,82,18
222001465,67,159,-92
222001484,117,102,15
222001485,23,58,-35
222001494,415,236,179
222001495,191,486,-295
222001496,437,159,278
222001497,287,739,-452
222001502,22,144,-122
222001503,148,101,47
222001504,40,324,-284
222001505,485,34,451
222001506,38,339,-301
222001507,301,27,274
222001510,363,65,298
222001511,67,562,-495
222001514,698,298,400
222001515,341,1007,-666
222001518,263,121,142
222001519,55,425,-370
222001527,322,106,216
222001528,64,269,-205
222001529,274,88,186
222001530,49,352,-303
222001533,233,535,-302
222001534,410,143,267
222001535,211,300,-89
222001536,383,420,-37
222001537,347,62,285
222001538,79,714,-635
222001563,573,119,454
222001564,93,874,-781
222001568,483,152,331
222001576,5,0,5
222001579,1,3,-2
222001583,26,368,-342
222001584,113,31,82
222001596,1337,1727,-390
222001597,3215,391,2824
222001626,1,346,-345
222001650,92,131,-39
222001651,81,144,-63
222001914,222,126,96
222001915,60,289,-229
222900004,460,392,68
222900009,709,990,-281
222900019,215,332,-117
222900024,32,52,-20
222900025,1,36,-35
225000001,517,396,121
225000002,884,340,544
225000003,847,283,564
225000004,630,472,158
225000005,307,144,163
225000006,3,296,-293
225000007,3141,1805,1336
225000010,491,14,477
225000011,636,1525,-889
225000012,215,784,-569
225000013,190,260,-70
225000014,1748,128,1620
225000015,102,284,-182
225000021,872,358,514
225000027,349,888,-539
225000032,758,223,535
225000042,116,934,-818
225000049,186,146,40
225000050,146,31,115
225000053,5,497,-492
225000058,939,214,725
225000067,539,369,170
225000068,278,449,-171
225000069,211,560,-349
225000070,92,586,-494
225000071,58,340,-282
225000075,43,1631,-1588
225000076,131,166,-35
225000078,73,118,-45
225000085,53,137,-84
225000086,294,98,196
225000087,282,58,224
225000088,18,405,-387
225000089,407,1195,-788
225000090,85,554,-469
225000091,166,269,-103
225000092,142,141,1
225000093,446,443,3
225000094,41,403,-362
225000095,349,634,-285
225000096,401,684,-283
225000098,695,497,198
225000099,387,326,61
225000100,321,315,6
225000104,142,548,-406
225000110,16,706,-690
225000111,344,1569,-1225
225000112,696,1610,-914
225000113,349,688,-339
225000114,81,392,-311
225000115,2397,904,1493
225000116,1211,466,745
225000117,1055,498,557
225000118,1149,436,713
225000119,328,178,150
225000120,1291,221,1070
225000121,258,97,161
225000123,1916,50,1866
225000125,431,294,137
225000126,1057,272,785
225000127,976,1447,-471
225000128,509,912,-403
225000132,237,80,157
225000133,376,44,332
225000134,692,209,483
225000135,60,22,38
225000136,243,36,207
225000137,355,109,246
225000138,453,115,338
225000143,137,396,-259
225000144,27,523,-496
225000145,496,162,334
225000146,80,163,-83
225000147,24,385,-361
225000148,16,307,-291
225000149,169,624,-455
225000151,28,442,-414
225000155,417,681,-264
225000156,266,1188,-922
225000157,379,466,-87
225000158,133,493,-360
225000171,5,248,-243
225000180,43,2,41
225000181,0,97,-97
225000182,170,58,112
225000185,22,440,-418
225000187,181,544,-363
225000191,130,7,123
225000194,0,8,-8
225000208,11,114,-103
225000209,118,27,91
225000210,6,398,-392
225000217,1,23,-22
225000218,26,2,24
225000223,5,44,-39
225000224,409,4,405
225000225,2,24,-22
225000226,193,6,187
225000227,79,173,-94
225000228,35,147,-112
225000229,1,107,-106
225000230,541,2,539
225000231,0,136,-136
225000232,499,1,498
225000241,88,6,82
225000242,0,69,-69
225000249,57,46,11
225000250,45,1349,-1304
225000251,411,42,369
225000254,9,1,8
225000256,18,190,-172
225000257,0,155,-155
226000042,595,580,15
226000043,113,325,-212
226000044,193,693,-500
226000045,129,580,-451
226000046,425,300,125
226000047,433,169,264
226000048,612,189,423
226000049,387,307,80
226000070,1,57,-56
226000071,0,76,-76
226000072,0,15,-15
226000073,1,15,-14
226000074,0,18,-18
226000084,7,64,-57
226000085,3,16,-13
226000086,12,22,-10
226000087,3,26,-23
226000088,103,63,40
226000090,427,154,273
226000091,26,73,-47
226000092,8,21,-13
226000093,59,2,57
226000094,21,8,13
226000095,74,3,71
226000105,23,1,22
226000106,35,1,34
226000107,6,0,6
226000108,52,0,52
226000109,83,0,83
226000124,186,124,62
226000134,591,612,-21
226000135,1402,863,539
226000136,854,454,400
226000137,19,607,-588
226000138,15,398,-383
226000139,0,38,-38
226000156,281,3,278
226000157,840,13,827
226000163,202,132,70
226000202,14,614,-600
226000231,250,18,232
226000232,101,6,95
227000033,356,99,257
227000036,272,39,233
227000037,265,40,225
227000038,187,44,143
227000084,5,130,-125
227000085,0,65,-65
227000088,124,8,116
227000089,159,4,155
227000090,102,1,101
227000091,28,2,26
227000092,35,0,35
227000093,221,0,221
227000094,24,0,24
227000130,32,74,-42
227000131,60,310,-250
227000132,8,348,-340
227000133,18,296,-278
227000134,16,476,-460
227000152,0,6,-6
227000153,0,52,-52
227000154,0,24,-24
227000155,1,18,-17
227000156,3,14,-11
227000165,8,43,-35
227000196,300,395,-95
227000199,253,830,-577
227000230,25,625,-600
227000232,815,24,791
227000242,72,559,-487
227000243,395,83,312
227000245,24,669,-645
227000246,140,732,-592
227000247,361,96,265
227000248,196,36,160
227000249,39,221,-182
227000250,682,140,542
227000251,234,202,32
227000252,42,455,-413
227000253,123,27,96
227000262,305,44,261
227000266,1452,28,1424
227000267,55,2480,-2425
227000282,8,366,-358
227000284,520,33,487
227000286,9,110,-101
227000291,25,851,-826
227000296,349,359,-10
227000484,346,16,330
227000485,25,1277,-1252
227000655,138,32,106
227000656,738,35,703
227000657,84,18,66
227000704,449,19,430
229000265,17,14,3
229000266,7,0,7
229000267,23,5,18
229000268,19,1,18
229000269,242,5,237
229000274,2,51,-49
229000275,0,25,-25
229000276,0,33,-33
229000277,3,7,-4
229000278,10,6,4
229000295,22,45,-23
229000296,243,21,222
229000297,17,43,-26
229000298,13,239,-226
229000320,20,23,-3
229000321,129,26,103
229000412,48,105,-57
229000414,22,99,-77
229000415,17,0,17
229000416,5,8,-3
229000417,4,29,-25
229000419,197,436,-239
229000440,497,82,415
229000442,25,16,9
229000443,9,6,3
229000444,17,38,-21
229000445,63,19,44
229000446,118,35,83
229000491,3,16,-13
229000492,15,185,-170
229000493,16,138,-122
229000494,69,7,62
229000495,125,7,118
229000496,43,4,39
229000507,0,84,-84
229000508,2,58,-56
229000509,1,70,-69
229000510,0,73,-73
229000511,6,63,-57
229000512,0,30,-30
229000513,0,13,-13
229000514,0,5,-5
229000517,3,11,-8
229000518,19,28,-9
229000519,3,22,-19
229000520,23,22,1
229000521,37,20,17
229000522,9,12,-3
229000523,9,8,1
229000524,4,0,4
229000527,3,0,3
229000528,1,0,1
229000529,11,0,11
229000530,76,1,75
229000531,40,3,37
229000532,32,1,31
229000533,86,1,85
229000534,71,1,70
229000564,51,2,49
229000565,16,2,14
229000566,0,28,-28
229000567,0,82,-82
229000582,75,2,73
229000583,1,2,-1
229000584,1,43,-42
229000585,5,75,-70
229000718,0,5,-5
229000719,0,5,-5
229000720,0,12,-12
229000721,0,14,-14
229000722,0,20,-20
229000723,0,7,-7
229000724,0,0,0
229000725,0,5,-5
229000738,1,0,1
229000739,2,1,1
229000740,5,0,5
229000741,6,0,6
229000742,2,0,2
229000743,16,0,16
229000744,5,0,5
229000745,3,0,3
229000746,39,0,39
229000847,42,2,40
229000848,28,0,28
229000849,142,0,142
229000851,43,0,43
229000854,0,57,-57
229000856,4,206,-202
229000857,0,49,-49
229000858,0,148,-148
229000919,24,162,-138
229000930,4,536,-532
229000937,122,19,103
229000966,58,19,39
229000981,15,75,-60
229000985,18,50,-32
229000986,7,12,-5
229000987,2,1,1
229000988,12,13,-1
229000989,64,26,38
229000990,9,2,7
229000991,5,2,3
229000992,20,17,3
229000993,276,44,232
229000998,32,105,-73
229000999,68,59,9
229001034,15,36,-21
229001035,18,2,16
229001036,6,93,-87
229001037,88,5,83
229001038,0,4,-4
229001039,10,3,7
229001040,2,442,-440
229001041,152,7,145
229001042,17,44,-27
229001047,17,101,-84
229001050,61,41,20
229001168,0,18,-18
229001200,10,15,-5
229001338,3,84,-81
229001394,120,7,113
229001422,117,23,94
229001423,69,240,-171
229001431,78,48,30
229001432,141,129,12
229001444,217,90,127
229001445,56,262,-206
229001479,4,11,-7
229001503,134,117,17
229001504,129,326,-197
229001505,79,45,34
229001506,221,299,-78
229001509,128,27,101
229001510,2,105,-103
229001545,80,5,75
229001546,12,134,-122
229001553,66,9,57
229001554,52,192,-140
229001630,103,29,74
229001631,66,46,20
229001635,3,14,-11
229001636,11,2,9
229001658,0,223,-223
229001659,69,2,67
229001660,8,8,0
229001661,38,55,-17
229001662,33,0,33
229001663,0,31,-31
229002584,308,321,-13
229002831,385,286,99
229002841,30,27,3
229002842,43,27,16
229002843,179,32,147
229002844,144,72,72
229002845,36,89,-53
229002846,49,39,10
229002847,3,9,-6
229002848,29,26,3
229002849,84,66,18
229002850,41,0,41
229002851,96,109,-13
229002852,262,34,228
229002853,251,44,207
229002854,136,62,74
229002855,23,22,1
229002856,145,15,130
229002857,17,43,-26
229002858,50,20,30
229002859,150,31,119
229002860,215,20,195
229002861,133,52,81
229002862,83,43,40
229002863,54,16,38
229002864,31,52,-21
229002865,7,20,-13
229002866,11,34,-23
229002867,12,25,-13
229002868,17,23,-6
229002869,26,184,-158
229002870,72,11,61
235000066,561,75,486
235000067,193,129,64
235000072,31,219,-188
235000073,121,876,-755
235000074,143,80,63
235000080,35,102,-67
235000081,122,191,-69
235000082,159,178,-19
235000083,160,202,-42
235000084,78,100,-22
235000085,108,90,18
235000089,168,55,113
235000092,122,367,-245
235000093,11,15,-4
235000097,4,4,0
235000098,104,12,92
235000099,120,29,91
235000116,78,29,49
235000117,1257,34,1223
235000133,11,713,-702
235000134,7,190,-183
235000206,5,5,0
235000207,5,3,2
235000208,5,1,4
235000209,15,2,13
235000210,2,4,-2
235000212,4,16,-12
235000213,0,11,-11
235000220,3,9,-6
235000221,57,11,46
235000238,25,42,-17
235000239,2,19,-17
235000242,388,587,-199
235000245,1069,249,820
235000246,52,88,-36
235000284,10,131,-121
235000295,172,20,152
235000305,277,22,255
235000306,175,13,162
235000307,102,3,99
235000308,89,5,84
235000309,92,0,92
235000310,55,0,55
235000311,208,16,192
235000322,0,47,-47
235000323,0,74,-74
235000324,0,29,-29
235000325,0,9,-9
235000326,7,313,-306
235000351,6,80,-74
235000352,46,59,-13
235000353,7,34,-27
235000354,50,28,22
235000355,11,40,-29
235000356,668,11,657
235000357,78,11,67
235000358,64,14,50
235000359,15,7,8
235000360,125,29,96
235000361,75,9,66
235000381,68,385,-317
235000382,138,106,32
235000390,16,6,10
235000391,123,28,95
235000392,195,322,-127
235000393,155,226,-71
235000395,112,110,2
235000396,433,237,196
235000400,335,60,275
235000401,62,267,-205
235000405,89,382,-293
235000406,60,382,-322
235000407,176,123,53
235000409,401,203,198
235000410,37,316,-279
235000411,3,97,-94
235000485,0,9,-9
235000486,5,0,5
235000549,388,309,79
235000550,91,254,-163
235000599,87,68,19
235000600,13,12,1
235000601,30,56,-26
235000602,91,132,-41
235000614,0,2,-2
235000648,2,36,-34
235000649,61,11,50
235000685,1,6,-5
235000815,14,18,-4
235000834,0,7,-7
235000855,275,107,168
235000862,102,282,-180
235000891,0,14,-14
235000892,95,28,67
235000901,818,120,698
235000907,11,12,-1
235001010,181,211,-30
235001029,733,519,214
235001030,397,419,-22
235001078,132,202,-70
235001079,126,136,-10
235001147,7,120,-113
235001166,54,125,-71
235001167,33,43,-10
235001169,27,363,-336
235001188,0,16,-16
235001189,4,0,4
235001197,4,11,-7
235001200,40,49,-9
235001208,28,31,-3
235001209,50,110,-60
235001210,41,217,-176
235001239,2,136,-134
235001244,1,9,-8
235016267,0,36,-36
241900007,62,0,62
277101746,0,2,-2
277102712,2,1,1
277103813,0,0,0
277103814,0,0,0
277103898,0,3,-3
277104249,0,1,-1
277104250,0,6,-6
277104251,0,4,-4
277104252,0,0,0
990011530,1,293,-292
990014944,3,771,-768
990015176,73,3,70
990015618,0,213,-213
990016032,3,874,-871
990032570,4,444,-440
990070001,53,4,49
990070103,0,6,-6
990070601,1,106,-105
990070751,651,1,650
990070766,1,764,-763
990071180,704,289,415
990071343,31,2,29
990071387,1,16,-15
990071823,716,5,711
990072600,3,860,-857
990072964,0,761,-761
990073285,0,4,-4
990074393,4,1327,-1323
990074870,1236,10,1226
990075106,1412,12,1400
990075746,473,5,468
990076437,1206,6,1200
990076458,5,1311,-1306
997000007,763,17,746
997000041,1,295,-294
997000058,57,0,57
997000062,146,1,145
997000069,0,16,-16
997000070,0,49,-49
997000100,22,0,22
997000141,23,4087,-4064
997000198,34,2232,-2198
998000475,18,48,-30
998000736,0,289,-289
998000965,0,53,-53
998001031,0,86,-86
998001700,0,66,-66
998001899,0,2,-2
998001900,5,0,5
998003073,3489,11,3478
998101900,0,0,0
998102850,8,136,-128
998501927,1075,589,486
998501929,62,4,58
998501930,85,1,84
998501931,142,2,140
998501932,9,1,8
998501933,56,1,55
998501937,8,3,5
998501944,3,0,3
998501950,0,0,0
998501970,78,7,71
998501971,0,106,-106
998501972,436,7,429
998501973,0,92,-92
998501974,3,327,-324
998501975,684,9,675
998501976,87,0,87
998501977,7,22,-15
998501978,79,1,78
998501979,0,23,-23
998501980,112,0,112
998501981,20,7,13
998501982,0,199,-199
998502006,0,0,0
998502024,0,14,-14
998502032,0,3,-3
998502062,36,0,36
998502063,0,0,0
998502173,16,0,16
998502269,0,6,-6
998601159,3,256,-253
998601292,0,17,-17
999033574,1,251,-250
999800001,74,3,71
999800002,0,5,-5
999800003,1,0,1
999800004,0,5,-5
999800005,0,26,-26
