ID,insum,outsum,diff
100000001,730,520,210
100000002,2617,652,1965
100000003,8837,1960,6877
100000004,2176,865,1311
100000005,2229,2230,-1
100000006,346,65,281
100000007,899,310,589
100000008,243,591,-348
100000009,222,157,65
100000010,37,35,2
100000011,607,72,535
100000012,77,859,-782
100000013,24,197,-173
100000014,392,317,75
100000015,1278,826,452
100000016,1233,1393,-160
100000017,741,1192,-451
100000018,1407,584,823
100000019,6168,1556,4612
100000020,1985,2922,-937
100000021,7561,2091,5470
100000022,1945,766,1179
100000023,8574,941,7633
100000025,4104,443,3661
100000028,2116,802,1314
100000029,341,196,145
100000030,935,68,867
100000031,7662,4378,3284
100000032,2991,2507,484
100000033,706,1592,-886
100000034,1077,267,810
100000035,2099,762,1337
100000036,3240,868,2372
100000037,385,395,-10
100000038,937,783,154
100000039,595,179,416
100000040,161,99,62
100000041,528,318,210
100000042,418,304,114
100000043,547,252,295
100000044,453,785,-332
100000045,526,1558,-1032
100000046,730,1454,-724
100000047,276,879,-603
100000048,526,693,-167
100000049,1728,2904,-1176
100000051,304,1149,-845
100000053,49,4,45
100000054,106,26,80
100000055,407,257,150
100000056,185,539,-354
100000057,1514,725,789
100000058,933,1608,-675
100000059,6,99,-93
100000060,284,294,-10
100000061,1208,530,678
100000062,1221,458,763
100000063,360,230,130
100000064,639,360,279
100000065,288,1172,-884
100000066,190,967,-777
100000067,493,896,-403
100000068,525,2059,-1534
100000069,224,1963,-1739
100000072,412,1322,-910
100000073,1207,1334,-127
100000075,435,305,130
100000076,2048,1523,525
100000077,747,111,636
100000078,166,21,145
100000079,73,44,29
100000080,17,9,8
100000081,89,32,57
100000102,2133,1051,1082
100000103,3977,674,3303
100000104,6268,1107,5161
100000105,4937,611,4326
100000106,3057,1194,1863
100000107,774,322,452
100000108,998,1176,-178
100000109,3552,1147,2405
100000116,1402,523,879
100000117,23,39,-16
100000118,1266,657,609
100000119,458,494,-36
100000121,175,603,-428
100000122,765,670,95
100000123,4430,4451,-21
100000124,10616,5260,5356
100000125,4735,758,3977
100000126,721,229,492
100000127,1516,296,1220
100000128,1466,1089,377
100000129,535,351,184
100000130,393,632,-239
100000131,5339,2858,2481
100000132,2729,1504,1225
100000133,12384,3063,9321
100000135,462,575,-113
100000139,194,168,26
100000140,240,383,-143
100000142,244,493,-249
100000143,815,798,17
100000144,4651,1101,3550
100000147,917,1649,-732
100000150,16,562,-546
100000151,647,373,274
100000153,253,271,-18
100000154,99,50,49
100000155,10,46,-36
100000156,70,102,-32
100000157,73,141,-68
100000158,45,83,-38
100000159,273,551,-278
100000165,1221,694,527
100000169,811,262,549
100000174,2384,367,2017
100000179,72,621,-549
100000180,1531,1097,434
100000181,146,313,-167
100000188,55,371,-316
100000189,579,297,282
100000190,405,354,51
100000191,874,426,448
100000192,146,88,58
100000193,141,120,21
100000330,2847,442,2405
100000355,118,534,-416
100000362,5102,3802,1300
100000363,2031,2999,-968
100000364,391,133,258
100000365,3361,4287,-926
100000366,4801,2791,2010
100000367,3145,3136,9
100000368,2040,2203,-163
100000369,1072,1140,-68
100000370,231,277,-46
100000376,68,71,-3
100000379,2709,1222,1487
100000380,3841,1531,2310
100000384,7461,2198,5263
100000385,8214,3136,5078
100000386,12035,2554,9481
100000387,9160,3247,5913
100000388,16858,3462,13396
100000389,14767,3419,11348
100000390,15359,2894,12465
100000391,9772,3511,6261
100000392,3788,1319,2469
100000393,1570,1317,253
100000394,6393,3096,3297
100000395,3590,966,2624
100000396,4411,1729,2682
100000397,2664,1559,1105
100000398,11732,8509,3223
100900002,4,83,-79
100900003,195,92,103
100900004,21,1034,-1013
100900005,91,2,89
100900006,14,308,-294
100900007,513,15,498
100900008,8,620,-612
100900009,19,26,-7
100900010,43,205,-162
100900011,53,428,-375
100900012,0,311,-311
100900013,317,12,305
100900014,1,20,-19
100900015,128,97,31
100900016,3,53,-50
100900017,771,81,690
100900018,0,14,-14
100900019,39,68,-29
100900020,188,0,188
100900021,596,0,596
100900022,5,13,-8
100900023,0,32,-32
100900024,1018,3,1015
100900025,5,16,-11
100900026,32,161,-129
100900027,744,2069,-1325
100900028,87,175,-88
100900029,98,11,87
100900030,0,20,-20
100900031,264,110,154
100900032,148,0,148
100900033,261,85,176
100900034,279,0,279
100900035,935,2,933
100900036,22,2,20
100900037,25,298,-273
100900038,47,22,25
100900039,804,928,-124
100900040,154,1180,-1026
100900041,256,1117,-861
100900042,420,186,234
100900043,0,15,-15
100900044,3395,353,3042
100900045,47,2,45
100900046,672,4,668
100900047,1016,110,906
100900048,71,12,59
100900049,58,308,-250
100900050,7,22,-15
100900051,34,47,-13
100900052,125,22,103
100900053,152,42,110
100900054,4,141,-137
100900055,182,289,-107
100900056,104,321,-217
100900057,583,478,105
100900058,148,29,119
100900059,26,1,25
100900060,60,13,47
100900061,305,246,59
100900062,2,99,-97
100900063,105,388,-283
100900064,481,10,471
100900065,60,44,16
100900066,53,56,-3
100900067,2,6,-4
100900068,52,130,-78
100900069,264,3,261
100900070,128,1,127
100900071,678,228,450
100900072,0,62,-62
100900073,61,804,-743
100900074,0,4,-4
100900075,2966,323,2643
100900076,41,19,22
100900077,12,154,-142
100900078,71,171,-100
100900079,4,26,-22
100900080,15,181,-166
100900081,12,88,-76
100900082,34,963,-929
100900083,0,53,-53
100900085,8,75,-67
100900086,136,386,-250
100900088,40,1049,-1009
100900089,0,25,-25
100900090,127,532,-405
100900091,2,22,-20
100900092,175,121,54
100900093,72,199,-127
100900094,63,904,-841
100900095,0,24,-24
100900096,5,154,-149
100900097,0,8,-8
100900098,1,24,-23
100900099,37,642,-605
100900100,8,246,-238
100900101,338,18,320
100900102,238,38,200
100900103,0,14,-14
100900104,11,182,-171
100900105,8,74,-66
100900106,76,3,73
100900107,1895,473,1422
100900108,2,8,-6
100900109,12,31,-19
100900110,10,42,-32
100900111,62,154,-92
100900112,0,4,-4
100900113,2,19,-17
100900114,0,29,-29
100900115,0,29,-29
100900116,733,394,339
100900117,229,568,-339
100900118,2,56,-54
100900119,1,15,-14
100900120,0,32,-32
100900121,264,297,-33
100900122,98,177,-79
100900123,60,107,-47
100900124,0,0,0
100900125,17,85,-68
100900126,56,245,-189
100900127,0,8,-8
100900128,76,95,-19
100900129,0,137,-137
100900131,58,144,-86
100900133,20,55,-35
100900134,2,10,-8
100900135,1,168,-167
100900137,276,257,19
100900138,428,263,165
100900139,1,9,-8
100900140,5,918,-913
100900141,4,317,-313
100900142,0,10,-10
100900143,1273,277,996
100900144,8,3,5
100900145,32,133,-101
100900146,13,12,1
100900147,9,321,-312
100900148,24,1285,-1261
100900149,17,93,-76
100900150,6,9,-3
100900151,77,489,-412
100900152,129,4,125
100900153,1,151,-150
100900154,2,13,-11
100900155,3,5,-2
100900156,35,4,31
100900157,1,99,-98
100900158,1176,400,776
100900159,0,23,-23
100900160,7,27,-20
100900161,183,1,182
100900162,8,179,-171
100900163,145,225,-80
100900164,22,42,-20
100900165,20,74,-54
100900166,59,4,55
100900167,28,103,-75
100900168,55,118,-63
100900169,190,1419,-1229
100900170,14,13,1
100900171,28,887,-859
100900172,0,3,-3
100900173,4,772,-768
100900174,301,74,227
100900176,1339,52,1287
100900177,1069,237,832
100900178,233,151,82
100900179,118,52,66
100900180,0,2,-2
100900181,99,38,61
100900182,15,17,-2
100900184,4,157,-153
100900186,1181,592,589
100900187,5,137,-132
100900188,55,6,49
100900189,818,153,665
100900191,1267,747,520
100900192,262,126,136
100900195,52,164,-112
100900197,9,149,-140
100900198,28,198,-170
100900199,39,22,17
100900200,648,369,279
100900201,73,871,-798
100900202,3,0,3
100900203,0,71,-71
100900204,276,205,71
100900205,95,318,-223
100900206,51,25,26
100900207,122,40,82
100900210,78,913,-835
100900211,295,95,200
100900213,42,15,27
100900214,1187,49,1138
100900215,3,36,-33
100900217,76,44,32
101000001,5017,2238,2779
101000002,3912,2717,1195
101000003,815,1651,-836
101000004,11919,7080,4839
101000005,6174,5125,1049
101000006,10487,6371,4116
101000007,2845,2765,80
101000008,3479,2930,549
101000009,1396,2463,-1067
101000010,795,1763,-968
101000011,2826,890,1936
101000012,1912,491,1421
101000013,511,933,-422
101000014,493,657,-164
101000015,844,843,1
101000016,321,359,-38
101000017,458,533,-75
101000018,4317,2624,1693
101000020,4124,1238,2886
101000021,1146,254,892
101000022,617,118,499
101000023,1821,786,1035
101000025,107,393,-286
101000026,391,36,355
101000027,1522,1392,130
101000028,675,175,500
101000029,24,945,-921
101000030,780,71,709
101000031,548,697,-149
101000032,5461,2159,3302
101000033,2721,1794,927
101000034,2991,1085,1906
101000035,1599,336,1263
101000036,1672,299,1373
101000037,5653,1006,4647
101000039,4922,966,3956
101000040,5674,2190,3484
101000041,15512,2920,12592
101000042,1084,469,615
101000043,12261,2820,9441
101000045,1352,310,1042
101000046,2113,856,1257
101000047,1274,1090,184
101000048,970,1001,-31
101000049,1040,914,126
101000050,3744,2556,1188
101000051,4505,1188,3317
101000052,1684,573,1111
101000053,1225,2346,-1121
101000054,2206,2606,-400
101000055,1906,860,1046
101000056,47,62,-15
101000057,3972,554,3418
101000058,2859,618,2241
101000059,4769,1523,3246
101000060,2453,266,2187
101000061,1794,804,990
101000062,1689,410,1279
101000063,424,375,49
101000064,1159,369,790
101000065,135,319,-184
101000066,348,220,128
101000067,508,394,114
101000068,221,174,47
101000069,252,85,167
101000070,2021,940,1081
101000071,2389,723,1666
101000072,1218,3186,-1968
101000073,787,521,266
101000074,5777,2755,3022
101000075,8461,3126,5335
101000077,1347,1086,261
101000078,1286,1957,-671
101000079,458,518,-60
101000080,606,607,-1
101000081,1077,1019,58
101000082,3549,2506,1043
101000083,1619,1592,27
101000084,1348,1462,-114
101000085,1764,1117,647
101000086,1264,1083,181
101000087,963,1334,-371
101000088,823,972,-149
101000089,918,1345,-427
101000090,2836,1778,1058
101000091,320,1825,-1505
101000092,897,1324,-427
101000093,1498,841,657
101000094,622,1223,-601
101000095,248,856,-608
101000096,261,743,-482
101000097,647,293,354
101000098,591,607,-16
101000099,1139,1162,-23
101000100,1066,636,430
101000101,384,436,-52
101000102,943,339,604
101000103,899,582,317
101000104,305,365,-60
101000105,1156,400,756
101000106,1211,883,328
101000107,118,233,-115
101000108,1599,427,1172
101000109,87,44,43
101000110,61,918,-857
101000111,225,249,-24
101000113,123,940,-817
101000114,2799,1357,1442
101000115,175,140,35
101000116,146,213,-67
101000117,742,394,348
101000119,237,29,208
101000120,273,18,255
101000121,74,9,65
101000122,101,27,74
101000123,43,37,6
101000124,205,211,-6
101000125,127,440,-313
101000128,1059,383,676
101000130,415,276,139
101000131,400,807,-407
101000132,336,1789,-1453
101000135,67,17,50
101000136,307,133,174
101000137,40,202,-162
101000141,3272,1606,1666
101000147,769,662,107
101000148,2803,27,2776
101000149,180,96,84
101000150,27,1236,-1209
101000151,64,72,-8
101000152,349,396,-47
101000153,729,533,196
101000154,120,2103,-1983
101000155,137,142,-5
101000156,22,275,-253
101000157,68,52,16
101000160,40,154,-114
101000163,177,68,109
101000164,568,426,142
101000165,205,322,-117
101000166,367,603,-236
101000168,687,415,272
101000252,1107,669,438
101000254,607,35,572
101000258,38,5,33
101000261,132,89,43
101000262,650,943,-293
101000263,259,1807,-1548
101000265,58,716,-658
101000266,317,238,79
101000269,137,12,125
101000290,2702,1812,890
101000293,49,152,-103
101000294,505,486,19
101000295,126,584,-458
101000301,954,240,714
101000304,2144,2447,-303
101000305,2764,2020,744
101900001,5,115,-110
101900002,0,17,-17
101900003,83,138,-55
101900004,7,32,-25
101900005,6282,896,5386
101900006,937,18,919
101900007,388,53,335
101900008,124,344,-220
101900009,77,434,-357
101900010,1216,454,762
101900011,352,1338,-986
101900012,137,380,-243
101900013,1601,120,1481
101900017,20,111,-91
101900018,2451,251,2200
101900019,191,76,115
101900020,206,137,69
101900021,7,23,-16
101900022,46,1678,-1632
101900023,115,270,-155
102000001,2150,3809,-1659
102000002,3270,1396,1874
102000003,5023,4109,914
102000004,13029,2529,10500
102000005,1368,1900,-532
102000006,1842,1487,355
102000007,1572,3977,-2405
102000008,7527,1815,5712
102000009,6130,6989,-859
102000010,7205,3594,3611
102000011,2422,2296,126
102000012,3388,3765,-377
102000018,4004,2574,1430
102000019,3039,1327,1712
102000026,249,517,-268
102000029,486,187,299
102000030,90,261,-171
102000031,24,225,-201
102000032,245,442,-197
102000033,160,572,-412
102000034,519,508,11
102000035,1257,669,588
102000036,4,202,-198
102000037,127,79,48
102000038,79,101,-22
102000039,94,44,50
102000040,535,121,414
102000041,195,214,-19
102000042,249,90,159
102000043,393,187,206
102000044,265,501,-236
102000045,645,1166,-521
102000046,826,466,360
102000047,722,1380,-658
102000048,146,757,-611
102000049,789,571,218
102000050,1008,1155,-147
102000051,326,553,-227
102000052,1152,941,211
102000053,564,895,-331
102000054,249,880,-631
102000055,793,1091,-298
102000056,654,1787,-1133
102000057,1710,791,919
102000058,1374,2147,-773
102000059,1242,1711,-469
102000060,1138,1232,-94
102000061,1312,3134,-1822
102000062,894,1497,-603
102000063,1240,1636,-396
102000064,439,643,-204
102000065,21,121,-100
102000066,1291,1110,181
102000067,2908,2898,10
102000068,8716,2537,6179
102000069,39,1726,-1687
102000070,2281,57,2224
102000071,7315,10328,-3013
102000072,3270,4927,-1657
102000073,1919,1666,253
102000074,1226,1132,94
102000075,213,310,-97
102000076,353,531,-178
102000077,274,1338,-1064
102000078,760,1125,-365
102000079,121,313,-192
102000080,248,233,15
102000081,250,866,-616
102000082,724,453,271
102000083,284,769,-485
102000084,169,475,-306
102000085,1436,1477,-41
102000086,1125,1378,-253
102000087,603,2404,-1801
102000088,198,307,-109
102000089,949,625,324
102000090,495,1443,-948
102000091,1564,551,1013
102000092,676,1270,-594
102000093,790,619,171
102000094,1421,434,987
102000095,1160,1626,-466
102000096,2031,882,1149
102000097,2036,1581,455
102000098,763,1421,-658
102000099,1104,600,504
102000100,1283,755,528
102000101,1803,383,1420
102000102,496,1609,-1113
102000103,1698,399,1299
102000104,1256,378,878
102000105,190,1041,-851
102000106,557,1140,-583
102000107,480,662,-182
102000108,463,351,112
102000109,328,735,-407
102000110,461,1918,-1457
102000111,11,355,-344
102000112,185,72,113
102000113,17,55,-38
102000114,1074,358,716
102000115,210,197,13
102000116,604,296,308
102000117,423,540,-117
102000118,1661,1061,600
102000119,2652,532,2120
102000120,110,523,-413
102000121,1206,623,583
102000122,462,785,-323
102000123,1631,1117,514
102000124,1122,972,150
102000125,1189,900,289
102000126,624,700,-76
102000127,1029,814,215
102000128,477,1234,-757
102000129,1253,1082,171
102000130,439,800,-361
102000131,2411,739,1672
102000132,888,671,217
102000133,989,2868,-1879
102000134,429,746,-317
102000135,1102,601,501
102000136,1291,394,897
102000137,1303,947,356
102000138,277,518,-241
102000139,63,385,-322
102000140,208,224,-16
102000141,219,643,-424
102000142,122,472,-350
102000143,65,523,-458
102000144,101,495,-394
102000145,230,566,-336
102000146,245,319,-74
102000147,337,380,-43
102000148,205,238,-33
102000149,138,732,-594
102000150,176,292,-116
102000151,116,376,-260
102000152,88,184,-96
102000153,816,269,547
102000154,449,692,-243
102000155,100,279,-179
102000156,365,49,316
102000157,63,215,-152
102000158,288,196,92
102000159,1911,214,1697
102000161,5701,1381,4320
102000162,451,105,346
102000163,168,439,-271
102000164,1694,854,840
102000165,291,139,152
102000166,24,93,-69
102000167,219,206,13
102000168,173,104,69
102000169,83,411,-328
102000170,901,137,764
102000171,126,104,22
102000172,85,192,-107
102000173,224,214,10
102000174,31,109,-78
102000175,141,163,-22
102000176,37,48,-11
102000178,344,698,-354
102000179,224,241,-17
102000180,508,747,-239
102000181,398,842,-444
102000182,401,772,-371
102000183,1157,2196,-1039
102000184,941,1036,-95
102000185,1500,1978,-478
102000186,647,2202,-1555
102000187,601,2217,-1616
102000188,567,1692,-1125
102000189,3643,1171,2472
102000190,976,2782,-1806
102000191,1565,706,859
102000192,798,1224,-426
102000193,54,214,-160
102000194,76,155,-79
102000195,292,659,-367
102000196,122,731,-609
102000197,301,648,-347
102000198,141,1036,-895
102000199,397,481,-84
102000200,191,1429,-1238
102000201,471,627,-156
102000202,1,187,-186
102000203,169,359,-190
102000204,241,1217,-976
102000205,611,880,-269
102000206,485,870,-385
102000207,607,582,25
102000208,214,693,-479
102000209,46,63,-17
102000210,179,670,-491
102000211,255,565,-310
102000212,104,28,76
102000213,2,391,-389
102000214,138,19,119
102000215,7,768,-761
102000216,25,33,-8
102000217,14,253,-239
102000218,135,62,73
102000219,351,503,-152
102000225,791,886,-95
102000226,12425,1129,11296
102000227,132,4,128
102000228,0,121,-121
102000229,41,42,-1
102000230,272,710,-438
102000231,204,468,-264
102000232,16,134,-118
102000233,376,736,-360
102000234,114,1717,-1603
102000236,365,75,290
102000237,433,169,264
102000238,153,319,-166
102000240,762,469,293
102000241,215,142,73
102000243,18,49,-31
102000245,36,105,-69
102000246,41,49,-8
102000247,1145,996,149
102000248,149,485,-336
102000249,89,179,-90
102000250,39,532,-493
102000254,52,615,-563
102000266,51,202,-151
102000271,18,0,18
102000286,593,393,200
102000297,1654,994,660
102000301,0,0,0
102000303,0,1,-1
102000305,0,0,0
102000307,0,10,-10
102000308,0,7,-7
102900001,1204,1097,107
102900002,458,34,424
102900003,32,319,-287
102900005,234,366,-132
102900006,476,230,246
102900007,534,28,506
102900008,209,74,135
102900009,647,184,463
102900010,613,686,-73
102900011,2466,276,2190
102900012,364,69,295
102900013,18,74,-56
102900015,872,224,648
102900016,64,164,-100
102900017,98,806,-708
102900018,22,188,-166
102900019,310,545,-235
102900020,78,52,26
102900021,6,169,-163
102900022,395,64,331
102900023,12,51,-39
102900024,23,48,-25
102900025,375,125,250
102900026,659,1270,-611
102900027,56,69,-13
102900028,112,460,-348
102900029,138,147,-9
102900030,296,174,122
102900031,95,162,-67
102900032,29,118,-89
102900033,100,239,-139
102900034,158,145,13
102900035,56,567,-511
102900036,159,754,-595
102900037,182,932,-750
102900038,420,736,-316
102900039,21,439,-418
102900040,107,258,-151
102900041,56,211,-155
102900042,143,366,-223
102900043,82,279,-197
102900044,682,2363,-1681
102900045,102,668,-566
102900046,75,398,-323
102900047,79,813,-734
102900048,527,824,-297
102900049,78,472,-394
102900050,304,408,-104
102900051,179,206,-27
102900052,64,26,38
102900053,376,767,-391
102900054,975,923,52
102900055,108,157,-49
102900056,171,600,-429
102900057,0,38,-38
102900058,379,81,298
102900059,34,61,-27
102900060,54,477,-423
102900061,115,507,-392
102900062,134,1774,-1640
102900063,578,414,164
102900064,267,516,-249
102900065,1830,777,1053
102900066,358,58,300
102900068,74,96,-22
102900070,99,832,-733
102900072,8,53,-45
102900073,154,16,138
102900074,241,165,76
102900075,42,40,2
102900076,348,59,289
102900077,67,32,35
102900078,49,89,-40
102900079,324,16,308
102900080,324,20,304
102900081,87,273,-186
102900082,14,287,-273
102900083,354,9,345
102900084,6,27,-21
102900085,104,90,14
102900086,9,39,-30
102900087,57,132,-75
102900088,20,35,-15
102900089,285,175,110
102900090,5,573,-568
102900091,83,5,78
102900092,138,1161,-1023
102900093,186,256,-70
102900094,1,50,-49
102900095,62,2,60
102900096,28,13,15
102900097,3,144,-141
103000001,2112,2810,-698
103000002,1977,2108,-131
103000003,3320,2600,720
103000004,1034,726,308
103000005,2269,2350,-81
103000006,538,1396,-858
103000007,389,882,-493
103000008,805,1136,-331
103000009,840,950,-110
103000010,84,124,-40
103000011,1926,1240,686
103000012,1084,1332,-248
103000013,7992,2125,5867
103000014,1477,1527,-50
103000015,2874,935,1939
103000016,672,848,-176
103000017,84,307,-223
103000018,1028,422,606
103000019,145,190,-45
103000020,1850,1445,405
103000021,1132,1306,-174
103000022,871,1342,-471
103000023,328,1151,-823
103000024,132,196,-64
103000025,56,278,-222
103000026,2131,183,1948
103000027,279,299,-20
103000028,939,381,558
103000029,644,199,445
103000030,2259,564,1695
103000031,1707,1195,512
103000032,2027,1739,288
103000033,2579,2341,238
103000034,2163,1020,1143
103000035,511,954,-443
103000036,522,495,27
103000037,842,486,356
103000038,578,796,-218
103000039,264,542,-278
103000040,233,1442,-1209
103000041,1478,3306,-1828
103000042,615,791,-176
103000043,320,1410,-1090
103000044,170,348,-178
103000046,211,320,-109
103000047,461,969,-508
103000048,104,135,-31
103000049,93,254,-161
103000050,468,800,-332
103000051,257,621,-364
103000052,655,477,178
103000053,98,439,-341
103000054,1658,1094,564
103000055,1494,1788,-294
103000056,469,2693,-2224
103000057,414,391,23
103000058,310,1107,-797
103000059,244,843,-599
103000060,574,873,-299
103000061,298,805,-507
103000062,986,970,16
103000063,628,727,-99
103000064,74,340,-266
103000065,3,414,-411
103000066,84,4,80
103000069,123,460,-337
103000070,622,1505,-883
103000071,687,387,300
103000072,88,1133,-1045
103000073,319,139,180
103000074,403,88,315
103000075,96,1138,-1042
103000076,204,197,7
103000077,31,441,-410
103000078,1230,402,828
103000079,1534,385,1149
103000080,1441,193,1248
103000081,604,686,-82
103000082,310,153,157
103000083,106,424,-318
103000084,119,1,118
103000085,4,97,-93
103000086,612,318,294
103000087,130,423,-293
103000088,297,381,-84
103000089,166,263,-97
103000090,1482,1006,476
103000091,533,416,117
103000092,218,390,-172
103000093,324,646,-322
103000094,110,172,-62
103000095,26,507,-481
103000096,815,122,693
103000097,68,846,-778
103000098,1266,180,1086
103000099,472,792,-320
103000100,73,1107,-1034
103000101,583,191,392
103000102,126,740,-614
103000103,445,262,183
103000104,49,173,-124
103000105,84,153,-69
103000106,5,114,-109
103000107,393,83,310
103000108,533,554,-21
103000109,366,261,105
103000110,330,367,-37
103000111,602,439,163
103000112,363,305,58
103000113,619,604,15
103000114,742,350,392
103000115,377,510,-133
103000116,392,510,-118
103000117,132,501,-369
103000118,1322,1306,16
103000119,2114,731,1383
103000120,81,106,-25
103000121,324,603,-279
103000122,302,242,60
103000125,6,640,-634
103000126,291,6,285
103000127,4,387,-383
103000128,87,2,85
103000129,2,211,-209
103000130,42,25,17
103000131,319,80,239
103000132,82,133,-51
103000133,12,302,-290
103000134,850,577,273
103000135,1060,269,791
103000136,832,319,513
103000137,563,626,-63
103000138,887,720,167
103000139,0,45,-45
103000140,153,24,129
103000141,34,110,-76
103000142,126,75,51
103000143,42,275,-233
103000144,96,59,37
103000145,25,58,-33
103000150,72,37,35
103000152,195,263,-68
103000153,107,185,-78
103000156,2,688,-686
103000157,190,7,183
103000159,164,111,53
103000162,73,32,41
103000163,6,30,-24
103000164,26,11,15
103000165,124,489,-365
103000166,111,160,-49
103000167,109,104,5
103000168,36,204,-168
103000169,146,306,-160
103000170,516,568,-52
103000171,31,72,-41
103000172,212,352,-140
103000173,228,971,-743
103000174,103,405,-302
103000175,118,548,-430
103000176,798,294,504
103000177,907,456,451
103000178,449,303,146
103000179,64,30,34
103000183,56,38,18
103000185,22,116,-94
103000186,51,186,-135
103000187,211,721,-510
103000188,15,95,-80
103000189,756,1120,-364
103000191,855,816,39
103000292,3063,860,2203
103000293,1882,940,942
103000295,100,51,49
103000296,135,5,130
103000297,146,17,129
103000504,54,12,42
103000505,11,7,4
103000506,2,284,-282
103000507,124,0,124
103000508,71,20,51
103000509,208,652,-444
103900001,3,450,-447
103900002,2087,177,1910
103900003,1911,72,1839
103900004,21,0,21
103900005,4,296,-292
103900006,0,0,0
103900007,14,27,-13
103900008,4,0,4
103900009,119,263,-144
103900010,104,263,-159
103900011,77,261,-184
103900012,7,9,-2
103900013,26,88,-62
103900014,24,35,-11
103900015,28,22,6
103900016,228,303,-75
103900017,14,114,-100
103900018,855,184,671
103900019,37,236,-199
103900020,143,322,-179
103900021,1076,44,1032
103900022,933,780,153
103900023,90,0,90
103900024,127,754,-627
103900025,1,45,-44
103900026,12,0,12
103900027,388,368,20
103900028,11,234,-223
103900029,708,184,524
103900030,88,48,40
103900031,10,0,10
103900032,43,35,8
103900033,75,11,64
103900034,26,253,-227
103900035,41,74,-33
103900036,43,23,20
103900037,54,26,28
103900038,63,129,-66
103900039,20,591,-571
103900040,5,258,-253
103900041,11,25,-14
103900042,20,476,-456
103900043,54,137,-83
103900044,329,151,178
103900045,182,189,-7
103900047,17,39,-22
103900048,73,16,57
103900049,237,1438,-1201
103900050,6,113,-107
103900051,0,30,-30
103900052,126,647,-521
103900053,85,1304,-1219
103900054,42,785,-743
103900055,272,239,33
103900056,31,62,-31
103900057,7,409,-402
103900058,107,991,-884
103900059,0,2,-2
103900060,32,227,-195
103900061,33,54,-21
103900062,119,38,81
103900063,1,0,1
103900064,32,2,30
103900065,836,300,536
103900066,67,33,34
103900067,69,12,57
103900068,2,0,2
103900069,82,51,31
103900070,94,287,-193
103900071,23,221,-198
103900072,4,340,-336
103900073,32,19,13
103900074,28,105,-77
103900075,182,121,61
103900076,171,792,-621
103900077,102,41,61
103900078,58,148,-90
103900079,80,293,-213
103900080,14,22,-8
103900081,119,5,114
103900082,3,111,-108
103900083,2609,373,2236
103900084,67,120,-53
103900085,84,90,-6
103900086,252,267,-15
103900087,32,115,-83
103900088,337,166,171
103900089,24,112,-88
103900090,2,212,-210
103900091,1020,289,731
103900092,234,500,-266
103900093,115,562,-447
103900094,13,198,-185
103900095,129,150,-21
103900096,8,429,-421
103900097,3,637,-634
103900098,135,90,45
103900099,31,317,-286
103900100,103,428,-325
103900101,61,1092,-1031
103900102,0,44,-44
103900104,8,33,-25
103900105,123,207,-84
103900106,0,17,-17
103900107,28,230,-202
103900108,49,506,-457
103900109,43,87,-44
103900110,221,55,166
103900111,24,973,-949
103900112,10,58,-48
103900113,126,167,-41
103900114,453,330,123
103900115,229,83,146
103900116,7758,1345,6413
103900117,284,165,119
103900119,44,44,0
103900120,42,95,-53
103900122,54,497,-443
103900123,1798,584,1214
103900124,32,754,-722
103900125,57,89,-32
103900126,246,593,-347
103900127,120,983,-863
103900128,62,243,-181
103900131,16,157,-141
103900133,734,36,698
103900134,0,1,-1
103900135,18,9,9
103900137,1,48,-47
103900138,21,579,-558
103900139,245,922,-677
103900140,3,27,-24
103900141,239,72,167
103900142,56,257,-201
103900143,29,7,22
103900144,1,63,-62
103900145,172,326,-154
103900146,199,378,-179
103900147,248,122,126
103900148,89,290,-201
103900149,97,967,-870
103900150,8677,1900,6777
103900151,44,215,-171
103900152,234,1003,-769
103900153,1,1,0
103900154,1403,698,705
103900155,13,256,-243
103900156,9,238,-229
103900157,24,319,-295
103900158,27,221,-194
103900159,70,58,12
103900160,8,22,-14
103900161,36,184,-148
103900162,43,301,-258
103900163,4,385,-381
103900167,6,56,-50
103900168,82,176,-94
103900169,22,33,-11
103900170,0,90,-90
103900171,2,86,-84
103900172,9,17,-8
103900173,3,14,-11
103900174,87,114,-27
103900175,56,40,16
103900176,15,17,-2
103900177,7,52,-45
103900178,24,88,-64
103900179,22,207,-185
103900180,10,111,-101
103900181,75,38,37
103900182,28,9,19
103900184,553,34,519
103900185,252,117,135
103900187,100,39,61
103900188,23,6,17
103900189,84,6,78
103900190,37,32,5
103900191,19,55,-36
103900192,32,69,-37
103900193,222,177,45
103900194,35,495,-460
103900195,2,38,-36
103900196,15,8,7
103900197,6,30,-24
103900198,13,49,-36
103900199,101,108,-7
103900200,118,171,-53
103900201,47,212,-165
103900202,5,55,-50
103900203,17,23,-6
103900204,4,154,-150
103900207,0,200,-200
103900208,17,0,17
103900209,8,117,-109
103900210,33,46,-13
103900211,355,656,-301
103900212,68,517,-449
103900213,177,292,-115
103900214,210,71,139
103900215,735,291,444
103900216,15,547,-532
103900217,354,43,311
103900218,1,221,-220
103900219,47,344,-297
103900233,75,2,73
103900235,31,12,19
103900236,28,0,28
103900242,0,16,-16
103900243,13,8,5
103900244,49,408,-359
103900245,45,373,-328
103900246,29,34,-5
103900247,28,97,-69
103900248,2,34,-32
103900249,25,34,-9
103900250,13,22,-9
103900251,1,25,-24
103900253,25,31,-6
103900254,4,4,0
103900255,3,4,-1
103900256,10,19,-9
103900257,51,72,-21
103900258,17,2,15
103900259,72,10,62
103900261,4,0,4
103900262,17,0,17
103900263,29,26,3
103900264,84,6,78
103900265,56,5,51
103900266,1,37,-36
103900267,7,62,-55
103900268,5,128,-123
103900269,83,250,-167
103900270,28,184,-156
103900271,26,47,-21
104000001,1895,2480,-585
104000002,1517,2622,-1105
104000003,2557,2446,111
104000004,3950,2780,1170
104000005,944,1965,-1021
104000006,2885,3216,-331
104000007,4040,3892,148
104000008,281,565,-284
104000009,80,157,-77
104000010,123,197,-74
104000011,821,555,266
104000012,165,611,-446
104000013,139,164,-25
104000014,241,873,-632
104000015,211,231,-20
104000016,507,552,-45
104000018,513,145,368
104000019,401,127,274
104000020,197,1117,-920
104000021,278,898,-620
104000022,130,371,-241
104000023,385,317,68
104000024,152,446,-294
104000026,42,352,-310
104000027,263,522,-259
104000028,234,308,-74
104000029,373,732,-359
104000030,164,257,-93
104000031,616,291,325
104000032,183,469,-286
104000033,418,363,55
104000034,327,531,-204
104000035,541,463,78
104000036,399,881,-482
104000037,265,383,-118
104000038,271,345,-74
104000039,230,539,-309
104000040,497,616,-119
104000041,493,394,99
104000042,216,555,-339
104000043,271,474,-203
104000044,217,935,-718
104000045,789,1310,-521
104000046,1591,1884,-293
104000047,751,1672,-921
104000048,1267,2543,-1276
104000049,287,305,-18
104000050,184,556,-372
104000051,65,861,-796
104000052,857,1593,-736
104000053,739,712,27
104000054,483,767,-284
104000055,4223,3539,684
104000056,1849,244,1605
104000057,78,615,-537
104000058,509,781,-272
104000059,413,1385,-972
104000060,631,1124,-493
104000061,931,1593,-662
104000062,208,162,46
104000064,652,306,346
104000065,125,414,-289
104000069,1656,489,1167
104000070,65,382,-317
104000071,116,397,-281
104000072,734,218,516
104000075,45,301,-256
104000076,411,140,271
104000082,2118,2304,-186
104000083,799,244,555
104000084,112,591,-479
104000085,228,266,-38
104000086,169,511,-342
104000087,517,1137,-620
104000090,522,1865,-1343
104000092,587,3440,-2853
104000094,663,2747,-2084
104000095,1295,1426,-131
104000096,981,464,517
104000097,1039,1283,-244
104000098,1206,1610,-404
104000100,999,801,198
104000101,762,2540,-1778
104000106,95,648,-553
104000107,545,743,-198
104000108,387,641,-254
104000109,282,70,212
104000110,1061,1021,40
104000111,6879,1652,5227
104000112,3106,654,2452
104000116,5,1473,-1468
104000117,106,1114,-1008
104000118,314,278,36
104000119,358,271,87
104000120,149,1220,-1071
104000121,162,804,-642
104000122,482,799,-317
104000123,1036,1795,-759
104000124,2159,3533,-1374
104000125,5854,3042,2812
104000126,300,543,-243
104000127,1929,5505,-3576
104000128,974,730,244
104000129,512,47,465
104000130,8,246,-238
104000131,1251,834,417
104000132,746,1112,-366
104000133,1063,848,215
104000134,869,1386,-517
104000135,422,1093,-671
104000136,1010,2381,-1371
104000137,2207,245,1962
104000138,1426,415,1011
104000139,11922,3577,8345
104000141,1612,2211,-599
104000142,610,1378,-768
104000143,502,978,-476
104000144,59,236,-177
104000145,367,247,120
104000146,504,760,-256
104000147,93,500,-407
104000148,169,177,-8
104000149,151,548,-397
104000150,591,423,168
104000151,350,827,-477
104000152,452,991,-539
104000153,256,439,-183
104000154,1212,954,258
104000155,312,427,-115
104000157,1194,2077,-883
104000158,222,242,-20
104000159,557,361,196
104000160,1597,1447,150
104000161,203,164,39
104000162,41,112,-71
104000165,1325,1158,167
104000167,416,588,-172
104000168,551,16,535
104000169,48,60,-12
104000170,1081,348,733
104000248,164,924,-760
104000251,67,418,-351
104000272,0,0,0
104000273,0,0,0
104000274,0,0,0
104000275,0,0,0
104000279,868,684,184
104000290,50,388,-338
104000291,520,1089,-569
104000293,487,758,-271
104000294,18,0,18
104000295,477,836,-359
104000296,204,841,-637
104000297,897,1593,-696
104000298,2308,1012,1296
104000299,594,1347,-753
104900001,80,455,-375
104900002,17,86,-69
104900003,20,440,-420
104900004,58,452,-394
104900005,108,134,-26
104900006,93,90,3
104900007,182,279,-97
104900009,72,597,-525
104900010,36,10,26
104900011,6,3,3
104900012,105,5,100
104900013,62,3,59
104900014,4533,437,4096
104900015,73,5,68
104900016,122,407,-285
104900017,35,202,-167
104900018,8,220,-212
104900019,331,1128,-797
104900020,26,384,-358
104900021,3,406,-403
104900022,11,133,-122
104900023,0,248,-248
104900024,38,132,-94
104900025,56,408,-352
104900026,5,173,-168
104900027,198,260,-62
104900028,38,120,-82
104900029,68,101,-33
104900030,335,169,166
104900031,165,266,-101
104900032,44,209,-165
104900033,95,250,-155
104900034,198,88,110
104900035,177,98,79
104900036,84,70,14
104900037,103,401,-298
104900038,783,500,283
104900039,1135,207,928
104900040,170,69,101
104900041,165,126,39
104900042,95,482,-387
104900043,6,36,-30
104900044,255,208,47
104900045,247,72,175
104900046,80,153,-73
104900047,163,143,20
104900048,133,101,32
104900049,11,24,-13
104900050,90,150,-60
104900051,111,35,76
104900052,46,0,46
104900053,296,78,218
104900054,259,55,204
104900055,30,0,30
104900056,84,8,76
104900057,13,2,11
104900058,1266,156,1110
104900059,77,54,23
104900060,2,369,-367
104900061,253,782,-529
104900063,1,138,-137
104900064,0,100,-100
104900065,0,106,-106
104900066,1,279,-278
104900067,0,268,-268
104900068,24,273,-249
104900070,105,396,-291
104900071,5,836,-831
104900072,50,241,-191
104900073,27,344,-317
104900074,19,253,-234
104900075,33,87,-54
104900076,87,590,-503
104900077,1445,71,1374
104900078,110,987,-877
104900079,136,199,-63
104900080,29,657,-628
104900082,8,308,-300
104900085,4,250,-246
104900087,354,1,353
104900089,104,1,103
104900090,467,446,21
104900091,531,1099,-568
104900093,198,719,-521
104900097,4023,1425,2598
104900098,57,50,7
104900099,88,415,-327
104900100,835,299,536
104900102,22,334,-312
104900103,474,104,370
104900104,4586,1357,3229
104900106,38,199,-161
104900107,37,399,-362
104900108,28,379,-351
104900109,65,294,-229
104900110,6,66,-60
104900111,131,111,20
104900112,164,1172,-1008
104900113,515,526,-11
104900114,202,943,-741
104900115,401,667,-266
104900116,104,329,-225
104900118,15,100,-85
104900119,1,39,-38
104900120,77,81,-4
104900121,1,164,-163
104900122,4,109,-105
104900123,23,7,16
104900124,14,0,14
104900125,437,11,426
104900126,83,58,25
104900127,26,29,-3
104900128,68,195,-127
104900129,3359,891,2468
105000001,1767,1981,-214
105000002,1709,2054,-345
105000003,2452,4356,-1904
105000004,485,1193,-708
105000005,619,1342,-723
105000006,864,1416,-552
105000007,656,1139,-483
105000008,1225,1493,-268
105000009,1182,2522,-1340
105000010,3400,2785,615
105000011,1885,1979,-94
105000012,4325,3683,642
105000013,556,962,-406
105000014,1193,1720,-527
105000015,8873,5447,3426
105000016,3596,2205,1391
105000017,1641,1124,517
105000018,1594,903,691
105000019,1677,1034,643
105000020,221,316,-95
105000021,248,138,110
105000022,126,29,97
105000023,419,273,146
105000028,59,146,-87
105000029,253,833,-580
105000030,4224,4141,83
105000033,980,2328,-1348
105000034,130,538,-408
105000037,592,647,-55
105000038,1738,1162,576
105000039,3774,2402,1372
105000040,550,687,-137
105000041,906,1540,-634
105000042,2509,1052,1457
105000043,2464,2750,-286
105000044,271,427,-156
105000045,320,1042,-722
105000046,455,379,76
105000047,334,1698,-1364
105000048,377,228,149
105000049,212,822,-610
105000050,317,362,-45
105000051,187,561,-374
105000052,541,950,-409
105000053,117,177,-60
105000054,177,1000,-823
105000055,308,460,-152
105000056,704,2760,-2056
105000057,912,1199,-287
105000058,1458,1736,-278
105000059,468,477,-9
105000060,392,716,-324
105000061,305,499,-194
105000062,756,1255,-499
105000063,284,802,-518
105000064,679,722,-43
105000065,282,1251,-969
105000066,1082,2608,-1526
105000067,762,640,122
105000068,398,1132,-734
105000069,3263,622,2641
105000070,928,895,33
105000071,190,350,-160
105000072,598,865,-267
105000073,603,507,96
105000074,930,1216,-286
105000075,456,999,-543
105000076,1168,1258,-90
105000077,2437,935,1502
105000078,1598,1124,474
105000079,1916,1823,93
105000080,1838,1103,735
105000081,1070,786,284
105000082,480,430,50
105000083,1089,844,245
105000084,448,1310,-862
105000085,1069,1055,14
105000086,484,957,-473
105000087,2331,2082,249
105000088,1378,1351,27
105000089,3416,2685,731
105000090,1223,1021,202
105000091,2334,2579,-245
105000092,663,1318,-655
105000093,301,200,101
105000094,233,268,-35
105000095,55,393,-338
105000096,859,683,176
105000097,1030,643,387
105000098,552,581,-29
105000099,641,990,-349
105000100,725,1260,-535
105000101,1456,2492,-1036
105000102,1237,1765,-528
105000103,1187,2540,-1353
105000104,1314,1128,186
105000105,863,2013,-1150
105000106,890,1553,-663
105000107,684,1007,-323
105000108,918,2026,-1108
105000109,905,1734,-829
105000110,522,967,-445
105000111,408,613,-205
105000112,1049,1078,-29
105000113,406,513,-107
105000114,3948,1063,2885
105000115,333,677,-344
105000116,449,488,-39
105000117,683,1680,-997
105000118,211,374,-163
105000119,407,1523,-1116
105000120,525,640,-115
105000121,663,1216,-553
105000122,197,549,-352
105000123,1165,1748,-583
105000124,988,1082,-94
105000125,491,2006,-1515
105000126,1656,2468,-812
105000127,1797,2073,-276
105000128,353,1593,-1240
105000129,632,384,248
105000130,123,930,-807
105000131,534,427,107
105000132,653,447,206
105000133,340,1284,-944
105000134,372,707,-335
105000135,416,832,-416
105000136,101,467,-366
105000137,214,292,-78
105000138,246,437,-191
105000139,965,1294,-329
105000140,157,588,-431
105000141,182,793,-611
105000142,129,620,-491
105000143,279,714,-435
105000144,245,753,-508
105000145,417,567,-150
105000146,450,724,-274
105000147,350,367,-17
105000148,1227,685,542
105000149,1762,1671,91
105000150,2567,1464,1103
105000151,302,358,-56
105000152,188,758,-570
105000153,472,414,58
105000154,906,918,-12
105000155,248,602,-354
105000156,1095,926,169
105000157,1447,2261,-814
105000158,1836,887,949
105000159,379,1587,-1208
105000160,1149,676,473
105000161,683,2250,-1567
105000162,475,1257,-782
105000163,1341,1552,-211
105000164,301,430,-129
105000165,1695,3277,-1582
105000166,9063,321,8742
105000167,3318,1114,2204
105000168,193,1025,-832
105000169,243,618,-375
105000170,141,1307,-1166
105000171,1004,331,673
105000172,38,60,-22
105000173,36,20,16
105000174,35,38,-3
105000175,130,148,-18
105000176,85,98,-13
105000177,78,173,-95
105000178,111,806,-695
105000179,122,149,-27
105000180,72,114,-42
105000181,57,480,-423
105000182,17,60,-43
105000183,2765,1303,1462
105000184,1386,879,507
105000185,1357,736,621
105000186,476,1082,-606
105000187,564,303,261
105000188,227,114,113
105000189,149,607,-458
105000190,182,363,-181
105000191,271,533,-262
105000192,112,89,23
105000193,63,213,-150
105000194,147,131,16
105000195,234,1324,-1090
105000196,18,67,-49
105000197,233,899,-666
105000198,580,360,220
105000199,229,209,20
105000200,105,300,-195
105000201,62,18,44
105000203,6,347,-341
105000204,46,81,-35
105000205,79,281,-202
105000207,769,302,467
105000208,334,365,-31
105000209,185,464,-279
105000212,822,1661,-839
105000213,228,150,78
105000214,75,324,-249
105000215,148,322,-174
105000216,55,497,-442
105000217,186,397,-211
105000218,588,1162,-574
105000221,86,311,-225
105000222,49,54,-5
105000223,119,213,-94
105000226,24,511,-487
105000227,28,279,-251
105000228,264,649,-385
105000229,56,174,-118
105000231,140,294,-154
105000233,638,608,30
105000234,541,1454,-913
105000235,212,426,-214
105000237,540,55,485
105000243,15,234,-219
105000248,91,47,44
105000262,184,2201,-2017
105000269,100,219,-119
105000270,227,129,98
105000271,1,299,-298
105000282,95,61,34
105000287,278,123,155
105000288,440,458,-18
105000289,855,760,95
105000290,5,2,3
105000402,5728,1689,4039
105000426,702,561,141
105000438,795,666,129
105000446,14592,5206,9386
105000447,8951,3071,5880
105000454,139,1149,-1010
105000455,236,243,-7
105000474,15,3,12
105000477,228,398,-170
105000478,1138,1723,-585
105000479,89,147,-58
105000480,1809,2037,-228
105000481,2202,2108,94
105000482,4857,3215,1642
105000483,1026,1283,-257
105000484,2552,2952,-400
105000485,1278,1282,-4
105000486,4305,2834,1471
105000488,2988,3241,-253
105000489,485,864,-379
105000549,14,152,-138
105000550,452,1256,-804
105000551,47,113,-66
105000552,3827,2239,1588
105900001,9,835,-826
105900002,1816,413,1403
105900003,9,95,-86
105900004,356,158,198
105900005,11,258,-247
105900006,8,39,-31
105900007,47,8,39
105900008,52,844,-792
105900009,15,10,5
105900011,103,37,66
105900012,454,170,284
105900013,2,33,-31
105900014,8,104,-96
105900015,123,340,-217
105900016,234,917,-683
105900017,612,63,549
105900018,286,281,5
105900019,56,744,-688
105900020,15,57,-42
105900021,21,550,-529
105900022,194,400,-206
105900023,1,165,-164
105900024,8,246,-238
105900025,54,45,9
105900026,204,45,159
105900027,5797,3697,2100
105900028,42,175,-133
105900029,2282,381,1901
105900030,171,324,-153
105900031,479,199,280
105900032,41,161,-120
105900033,90,125,-35
105900034,155,262,-107
105900035,188,205,-17
105900036,26,142,-116
105900037,36,86,-50
105900038,130,316,-186
105900039,39,144,-105
105900040,68,151,-83
105900041,164,368,-204
105900042,22,94,-72
105900043,1753,89,1664
105900044,2,178,-176
105900045,6,549,-543
105900046,11,218,-207
105900047,42,36,6
105900048,50,510,-460
105900050,2365,930,1435
105900051,14,1476,-1462
105900052,262,95,167
105900053,4335,1140,3195
105900054,256,309,-53
105900056,895,186,709
105900057,19,193,-174
105900058,7,33,-26
105900059,1,17,-16
106000001,4352,1451,2901
106000002,3352,4239,-887
106000003,2717,2443,274
106000004,2338,2513,-175
106000005,2323,5371,-3048
106000006,6250,5140,1110
106000007,406,571,-165
106000008,508,309,199
106000009,369,373,-4
106000010,486,648,-162
106000011,595,1041,-446
106000012,692,1814,-1122
106000013,1308,1958,-650
106000014,2060,2170,-110
106000015,1049,1210,-161
106000016,1097,2618,-1521
106000017,727,714,13
106000018,534,758,-224
106000019,282,454,-172
106000020,237,517,-280
106000021,229,552,-323
106000022,241,430,-189
106000023,408,422,-14
106000024,493,970,-477
106000025,128,184,-56
106000026,222,402,-180
106000027,769,1371,-602
106000028,396,907,-511
106000029,882,1842,-960
106000030,1095,442,653
106000034,183,571,-388
106000035,724,978,-254
106000036,343,387,-44
106000037,1690,1565,125
106000038,692,99,593
106000039,259,50,209
106000040,240,673,-433
106000041,983,301,682
106000043,543,95,448
106000046,343,26,317
106000047,33,359,-326
106000049,486,106,380
106000050,234,933,-699
106000051,382,350,32
106000052,44,668,-624
106000053,148,115,33
106000054,403,561,-158
106000055,573,858,-285
106000056,257,602,-345
106000057,178,222,-44
106000058,140,224,-84
106000059,202,261,-59
106000060,516,701,-185
106000061,185,390,-205
106000062,207,653,-446
106000063,440,467,-27
106000064,25,485,-460
106000065,261,180,81
106000066,80,413,-333
106000067,192,91,101
106000068,48,778,-730
106000069,133,111,22
106000070,331,1078,-747
106000071,613,297,316
106000072,4890,1345,3545
106000073,1969,2190,-221
106000074,267,611,-344
106000075,261,1157,-896
106000076,1234,1782,-548
106000077,3215,1366,1849
106000078,595,973,-378
106000079,572,1234,-662
106000080,860,912,-52
106000081,437,1174,-737
106000082,2342,1033,1309
106000083,292,1326,-1034
106000084,1058,770,288
106000085,1539,1191,348
106000086,602,688,-86
106000087,773,643,130
106000088,402,874,-472
106000089,685,607,78
106000090,240,746,-506
106000091,207,732,-525
106000092,512,277,235
106000093,217,90,127
106000094,103,388,-285
106000095,391,1377,-986
106000096,563,853,-290
106000097,544,1591,-1047
106000098,457,1104,-647
106000099,178,1078,-900
106000100,644,290,354
106000101,682,314,368
106000102,110,617,-507
106000103,252,730,-478
106000104,564,515,49
106000105,408,1115,-707
106000106,388,493,-105
106000107,55,538,-483
106000108,120,463,-343
106000109,51,403,-352
106000110,82,397,-315
106000111,134,719,-585
106000112,117,413,-296
106000113,1000,799,201
106000114,389,443,-54
106000115,142,644,-502
106000116,102,278,-176
106000117,914,820,94
106000118,936,1156,-220
106000119,2634,1257,1377
106000120,878,795,83
106000121,104,218,-114
106000122,42,310,-268
106000123,175,282,-107
106000124,27,449,-422
106000125,23,492,-469
106000126,83,247,-164
106000127,434,1037,-603
106000128,363,327,36
106000129,355,846,-491
106000130,430,404,26
106000131,94,654,-560
106000132,788,138,650
106000133,4056,985,3071
106000134,820,858,-38
106000135,244,845,-601
106000136,481,420,61
106000137,71,1646,-1575
106000138,521,64,457
106000139,45,187,-142
106000140,33,188,-155
106000141,61,207,-146
106000142,90,110,-20
106000143,13,171,-158
106000144,21,75,-54
106000145,112,479,-367
106000146,175,219,-44
106000147,431,537,-106
106000148,728,893,-165
106000149,417,478,-61
106000150,467,1753,-1286
106000151,4911,853,4058
106000152,1932,1188,744
106000153,101,1423,-1322
106000154,1684,240,1444
106000155,62,170,-108
106000156,526,422,104
106000157,563,2018,-1455
106000158,3468,807,2661
106000159,5085,1312,3773
106000160,161,1705,-1544
106000161,1390,526,864
106000162,135,701,-566
106000163,138,690,-552
106000164,182,412,-230
106000165,170,840,-670
106000166,327,341,-14
106000167,234,1720,-1486
106000168,157,330,-173
106000169,116,1003,-887
106000170,278,275,3
106000171,87,975,-888
106000172,2135,963,1172
106000173,751,2756,-2005
106000174,1017,336,681
106000175,282,1136,-854
106000176,897,597,300
106000177,611,2651,-2040
106000178,2700,1291,1409
106000179,1096,2434,-1338
106000180,819,2076,-1257
106000181,364,2529,-2165
106000182,504,652,-148
106000183,613,1107,-494
106000184,692,1229,-537
106000185,426,1045,-619
106000186,763,207,556
106000187,283,880,-597
106000188,1,4,-3
106000189,1,64,-63
106000190,8,10,-2
106000191,517,205,312
106000192,0,40,-40
106000193,271,158,113
106000194,157,365,-208
106000195,853,105,748
106000196,217,401,-184
106000197,193,321,-128
106000198,109,382,-273
106000199,931,500,431
106000200,444,175,269
106000201,447,1085,-638
106000202,7710,664,7046
106000203,232,188,44
106000204,30,7,23
106000205,6,164,-158
106000206,40,17,23
106000207,88,999,-911
106000208,568,76,492
106000209,1007,219,788
106000210,252,1553,-1301
106000211,425,1698,-1273
106000212,487,149,338
106000213,948,1316,-368
106000214,3175,585,2590
106000215,184,539,-355
106000216,311,372,-61
106000217,242,511,-269
106000218,320,363,-43
106000219,111,295,-184
106000220,329,310,19
106000221,79,400,-321
106000222,36,166,-130
106000223,53,140,-87
106000224,117,389,-272
106000225,36,64,-28
106000226,114,372,-258
106000228,52,166,-114
106000229,66,889,-823
106000231,433,129,304
106000232,50,490,-440
106000233,250,114,136
106000234,37,275,-238
106000235,308,67,241
106000236,147,40,107
106000237,2,4,-2
106000238,6,4,2
106000239,8,69,-61
106000240,46,1,45
106000241,19,806,-787
106000242,120,14,106
106000249,44,109,-65
106000250,53,483,-430
106000251,26,19,7
106000252,26,138,-112
106000253,12,37,-25
106000254,49,69,-20
106000255,7,60,-53
106000256,74,100,-26
106000257,105,360,-255
106000258,146,12,134
106000259,2,28,-26
106000260,15,3,12
106000261,1,67,-66
106000262,39,15,24
106000263,4,92,-88
106000264,223,10,213
106000265,9,124,-115
106000266,109,12,97
106000267,9,112,-103
106000268,556,21,535
106000269,63,78,-15
106000270,130,502,-372
106000271,35,179,-144
106000272,87,55,32
106000273,2,234,-232
106000274,187,54,133
106000275,95,197,-102
106000276,131,81,50
106000277,142,165,-23
106000278,200,46,154
106000279,23,75,-52
106000280,29,191,-162
106000281,66,75,-9
106000282,77,47,30
106000283,86,98,-12
106000284,25,138,-113
106000285,117,132,-15
106000286,101,178,-77
106000287,101,112,-11
106000288,78,182,-104
106000289,78,103,-25
106000290,47,140,-93
106000291,58,93,-35
106000292,92,192,-100
106000293,93,126,-33
106000294,109,182,-73
106000295,36,61,-25
106000296,49,144,-95
106000297,68,244,-176
106000298,183,88,95
106000299,79,181,-102
106000300,60,127,-67
106000301,68,86,-18
106000303,18,90,-72
106000304,51,35,16
106000305,44,47,-3
106000306,53,96,-43
106000307,48,15,33
106000308,27,205,-178
106000309,28,74,-46
106000310,180,761,-581
106000311,148,134,14
106000312,60,237,-177
106000313,91,224,-133
106000318,197,248,-51
106000319,390,40,350
106000320,0,42,-42
106000321,272,87,185
106000322,77,257,-180
106000324,8,194,-186
106000325,980,1043,-63
106000326,769,2114,-1345
106000327,55,179,-124
106000328,5,128,-123
106000329,41,329,-288
106000330,25,51,-26
106000428,39,206,-167
106000429,64,544,-480
106000430,325,1490,-1165
106000431,1029,304,725
106000432,1494,2649,-1155
106000433,1294,709,585
106000434,3467,1002,2465
106000435,2440,2595,-155
106000436,16,352,-336
106000437,140,47,93
106000438,351,114,237
106000439,37,747,-710
106000440,176,513,-337
106000441,0,0,0
106000442,96,4,92
106000443,88,659,-571
106000450,2,242,-240
106000451,18,16,2
106000454,3,66,-63
106000455,24,210,-186
106000456,144,36,108
106000457,5,1423,-1418
106000458,192,152,40
106000459,52,426,-374
106000460,453,33,420
106000461,32,2413,-2381
106000462,0,8,-8
106000463,2,26,-24
106000464,2,702,-700
106000465,172,1,171
106000466,7,894,-887
106000467,448,615,-167
106000468,65,203,-138
106000469,228,9,219
106000470,303,1332,-1029
106000471,45,780,-735
106000472,86,10,76
106000473,16,29,-13
106000474,271,802,-531
106000475,221,131,90
106000476,199,139,60
106000477,11,76,-65
106900001,1,18,-17
106900002,9,703,-694
106900003,241,936,-695
106900004,0,69,-69
106900006,0,21,-21
106900007,1,10,-9
106900008,91,331,-240
106900009,147,474,-327
106900010,165,320,-155
106900012,2152,1200,952
106900013,252,70,182
106900014,13,1,12
106900015,15,3,12
106900016,110,0,110
106900017,6,0,6
106900018,0,0,0
106900019,23,6,17
106900020,3104,650,2454
106900021,21,50,-29
106900022,267,1,266
106900023,14,302,-288
106900024,316,14,302
106900025,40,687,-647
106900026,2,939,-937
106900027,269,3,266
107000001,1688,1475,213
107000002,2925,3858,-933
107000003,3482,4498,-1016
107000004,5258,7052,-1794
107000005,1565,3471,-1906
107000006,3367,7566,-4199
107000007,4431,5380,-949
107000008,21201,13114,8087
107000009,4344,4529,-185
107000010,11890,14870,-2980
107000011,1283,1424,-141
107000012,4817,4346,471
107000013,42,180,-138
107000014,17,292,-275
107000015,391,1055,-664
107000016,347,1352,-1005
107000017,2709,1009,1700
107000018,8,317,-309
107000020,1380,384,996
107000021,736,977,-241
107000022,670,1727,-1057
107000023,1080,374,706
107000024,406,2373,-1967
107000025,97,402,-305
107000026,135,784,-649
107000027,895,792,103
107000028,1322,1968,-646
107000029,1442,1629,-187
107000030,3512,3901,-389
107000031,2164,1722,442
107000032,341,1010,-669
107000033,3641,4042,-401
107000034,5479,2462,3017
107000035,242,174,68
107000036,360,978,-618
107000037,81,508,-427
107000038,203,278,-75
107000039,566,497,69
107000040,131,363,-232
107000041,1355,616,739
107000042,766,1751,-985
107000043,3053,894,2159
107000044,712,448,264
107000045,90,340,-250
107000046,448,346,102
107000047,355,1026,-671
107000048,562,372,190
107000049,635,813,-178
107000050,805,500,305
107000051,455,328,127
107000052,1021,706,315
107000053,314,153,161
107000054,58,318,-260
107000055,100,79,21
107000056,440,987,-547
107000057,1612,243,1369
107000058,1480,1910,-430
107000059,2529,3271,-742
107000060,2992,4503,-1511
107000061,5725,4358,1367
107000062,2275,2900,-625
107000063,3641,6863,-3222
107000064,2158,1990,168
107000065,3161,6252,-3091
107000066,1441,1967,-526
107000067,719,999,-280
107000068,1428,674,754
107000069,440,342,98
107000070,322,3,319
107000071,1310,19,1291
107000072,49,4262,-4213
107000073,295,135,160
107000074,139,1101,-962
107000075,961,293,668
107000076,957,2197,-1240
107000077,1828,615,1213
107000078,1915,4001,-2086
107000079,1483,529,954
107000080,1243,3811,-2568
107000081,747,538,209
107000082,510,3331,-2821
107000083,727,243,484
107000084,517,3215,-2698
107000085,2638,3202,-564
107000086,4160,3044,1116
107000087,2152,1952,200
107000088,2975,3645,-670
107000089,1162,1793,-631
107000090,841,1317,-476
107000091,808,995,-187
107000092,606,1343,-737
107000093,789,860,-71
107000094,782,1715,-933
107000095,409,508,-99
107000096,568,1309,-741
107000097,322,234,88
107000098,221,739,-518
107000099,358,284,74
107000100,355,303,52
107000101,56,159,-103
107000102,384,322,62
107000103,275,214,61
107000104,200,301,-101
107000105,202,148,54
107000106,145,313,-168
107000107,311,174,137
107000108,87,907,-820
107000109,383,161,222
107000110,70,652,-582
107000111,114,48,66
107000112,24,456,-432
107000113,240,104,136
107000114,82,760,-678
107000115,213,75,138
107000116,87,1195,-1108
107000117,60,205,-145
107000118,155,327,-172
107000119,1884,954,930
107000120,2487,468,2019
107000121,449,762,-313
107000122,880,1030,-150
107000123,252,892,-640
107000124,387,1017,-630
107000125,436,880,-444
107000126,454,1501,-1047
107000129,175,540,-365
107000130,243,398,-155
107000131,341,650,-309
107000132,417,377,40
107000133,1151,140,1011
107000134,277,5,272
107000135,2,262,-260
107000136,725,7,718
107000137,20,448,-428
107000138,421,19,402
107000139,15,323,-308
107000140,747,38,709
107000141,95,970,-875
107000142,225,50,175
107000143,61,1124,-1063
107000144,274,325,-51
107000145,129,726,-597
107000146,148,355,-207
107000147,2812,714,2098
107000150,1120,1250,-130
107000151,41,49,-8
107000152,514,419,95
107000153,327,279,48
107000154,191,71,120
107000155,425,15,410
107000156,570,30,540
107000157,25,3120,-3095
107000158,230,19,211
107000159,45,1667,-1622
107000160,364,67,297
107000161,61,2374,-2313
107000162,154,210,-56
107000163,18,1,17
107000164,120,0,120
107000165,325,3,322
107000166,74,1679,-1605
107000167,287,344,-57
107000168,529,260,269
107000169,984,1291,-307
107000170,840,502,338
107000171,665,3774,-3109
107000172,560,564,-4
107000173,762,1538,-776
107000174,939,1899,-960
107000175,12799,2072,10727
107000176,1,0,1
107000177,4,2,2
107000178,2,52,-50
107000179,341,3908,-3567
107000180,679,1168,-489
107000181,209,1616,-1407
107000182,817,1221,-404
107000183,84,1261,-1177
107000184,441,912,-471
107000185,366,1578,-1212
107000186,609,352,257
107000187,1066,1373,-307
107000188,415,498,-83
107000189,360,956,-596
107000190,270,745,-475
107000191,338,887,-549
107000192,1110,1118,-8
107000193,334,351,-17
107000194,890,851,39
107000197,512,243,269
107000198,215,825,-610
107000199,669,831,-162
107000200,978,551,427
107000201,306,261,45
107000202,189,515,-326
107000203,688,628,60
107000204,715,711,4
107000205,2753,1302,1451
107000206,1177,1061,116
107000207,500,621,-121
107000208,916,218,698
107000209,2906,611,2295
107000210,1936,324,1612
107000211,18,14,4
107000212,28,231,-203
107000213,20,30,-10
107000214,17,144,-127
107000215,250,652,-402
107000216,133,454,-321
107000217,53,206,-153
107000219,54,156,-102
107000220,96,373,-277
107000222,225,798,-573
107000224,220,51,169
107000225,174,940,-766
107000226,174,47,127
107000227,62,591,-529
107000228,88,154,-66
107000229,244,86,158
107000230,893,554,339
107000231,851,455,396
107000232,42,59,-17
107000233,682,334,348
107000234,0,9,-9
107000235,58,6,52
107000236,32,529,-497
107000237,3,0,3
107000238,36,3,33
107000239,6050,452,5598
107000240,34,1341,-1307
107000241,155,28,127
107000242,729,66,663
107000243,0,81,-81
107000244,7,108,-101
107000246,3,1429,-1426
107000249,1,1153,-1152
107000251,1,321,-320
107000252,6,1696,-1690
107000255,718,90,628
107000257,2,740,-738
107000258,0,172,-172
107000259,8,267,-259
107000260,190,2,188
107000262,12,1059,-1047
107000263,172,4,168
107000266,3,3,0
107000267,80,216,-136
107000268,188,242,-54
107000269,210,82,128
107000270,1,6,-5
107000271,9,1268,-1259
107000272,9,301,-292
107000273,2,271,-269
107000274,586,257,329
107000275,53,748,-695
107000280,341,19,322
107000281,17,1352,-1335
107000282,20,1797,-1777
107000290,7,36,-29
107000291,15,14,1
107000292,3,37,-34
107000293,43,4,39
107000294,1,60,-59
107000295,43,5,38
107000296,1,11,-10
107000444,71,1,70
107000496,1,26,-25
107000497,1422,3940,-2518
107000500,240,341,-101
107000501,58,186,-128
107000502,131,413,-282
107000505,554,834,-280
107000506,0,22,-22
107000508,3,903,-900
107000509,239,799,-560
107000510,12,28,-16
107000514,29,303,-274
107000515,30,402,-372
107000516,141,212,-71
107000518,529,464,65
107000519,3898,1256,2642
107000520,48,10,38
107900001,23,321,-298
107900002,25,3,22
107900003,154,14,140
107900004,42,1,41
107900005,301,1,300
107900006,34,0,34
107900007,141,20,121
107900008,24,45,-21
107900009,87,3,84
107900010,9,0,9
107900012,82,2,80
107900013,189,67,122
107900014,18,4,14
107900015,360,7,353
107900016,447,106,341
107900017,15,3,12
107900018,34,37,-3
107900019,5,115,-110
107900020,57,9,48
107900021,41,194,-153
107900023,3,1,2
107900024,0,27,-27
107900025,197,433,-236
107900026,15,126,-111
107900027,40,66,-26
107900028,21,116,-95
107900030,134,12,122
107900031,46,255,-209
107900032,3,0,3
107900033,16,4,12
107900034,220,3,217
107900035,375,9,366
107900036,31,10,21
107900037,0,42,-42
107900038,182,103,79
107900039,5,68,-63
107900040,162,66,96
107900041,0,0,0
107900043,46,116,-70
107900044,2,3,-1
107900045,31,33,-2
107900046,57,39,18
107900047,22,97,-75
107900048,55,4,51
107900049,351,487,-136
107900050,91,399,-308
107900051,42,94,-52
107900052,21,10,11
107900053,17,73,-56
107900055,499,181,318
107900056,51,16,35
107900057,2,0,2
107900058,27,890,-863
107900060,29,53,-24
107900061,29,2,27
107900063,95,117,-22
107900064,298,25,273
107900065,87,18,69
107900066,7,3,4
107900067,0,0,0
107900068,92,301,-209
107900069,34,614,-580
107900070,60,21,39
107900071,23,1172,-1149
107900072,49,284,-235
107900073,33,134,-101
107900074,1174,139,1035
107900076,67,100,-33
107900077,29,6,23
107900078,210,12,198
107900079,8,15,-7
107900080,129,168,-39
107900081,5,151,-146
107900082,25,19,6
107900083,177,104,73
107900084,57,135,-78
107900086,12,74,-62
107900087,349,57,292
107900088,11,3,8
107900089,285,976,-691
107900090,456,893,-437
107900091,154,596,-442
107900092,2449,543,1906
107900093,41,45,-4
107900095,3465,1195,2270
107900097,9,58,-49
107900098,29,109,-80
107900100,1265,615,650
107900101,1247,128,1119
107900102,22,5,17
107900103,26,165,-139
107900104,122,10,112
107900105,2,689,-687
107900106,7,1867,-1860
107900107,1891,244,1647
107900108,380,108,272
107900109,442,4,438
107900110,17,110,-93
107900111,8,1555,-1547
107900112,96,226,-130
107900113,65,116,-51
107900114,55,300,-245
107900115,1,67,-66
107900116,47,253,-206
107900117,238,512,-274
107900118,59,153,-94
107900119,37,95,-58
107900120,5,11,-6
107900121,4,145,-141
107900122,2,76,-74
107900123,1,15,-14
107900124,5,41,-36
107900125,40,190,-150
107900126,1,31,-30
107900127,734,119,615
107900128,140,53,87
107900129,15,41,-26
107900130,28,21,7
107900131,336,33,303
107900132,79,484,-405
107900133,2,102,-100
107900134,15,25,-10
107900135,1,214,-213
107900136,51,33,18
107900137,61,66,-5
107900138,37,22,15
107900139,9,53,-44
107900140,126,74,52
107900141,57,10,47
107900142,46,1184,-1138
107900143,46,57,-11
107900144,2,176,-174
107900145,14,129,-115
107900146,20,116,-96
107900147,21,15,6
107900148,99,204,-105
107900149,1738,146,1592
107900150,57,740,-683
107900151,12,138,-126
107900152,17,413,-396
107900153,153,190,-37
107900154,18,14,4
107900155,20,42,-22
107900156,3,533,-530
107900157,36,93,-57
107900158,236,6,230
107900159,47,1231,-1184
107900160,35,218,-183
107900161,10,327,-317
107900162,0,267,-267
107900163,200,19,181
107900164,1,27,-26
107900165,35,45,-10
107900166,4,328,-324
107900167,21,6,15
107900168,10,50,-40
107900169,1,213,-212
107900171,5,1944,-1939
107900172,2,494,-492
107900173,7,279,-272
107900174,33,5,28
107900175,15,17,-2
107900176,4,35,-31
107900177,5,337,-332
107900178,0,332,-332
107900179,5,196,-191
107900180,1213,178,1035
107900181,350,475,-125
107900182,7,2001,-1994
107900183,18,503,-485
107900184,38,390,-352
107900185,36,9,27
107900186,7,44,-37
107900187,0,149,-149
107900188,929,89,840
107900189,9,166,-157
107900190,118,45,73
107900191,37,156,-119
107900193,3,31,-28
107900194,194,3,191
107900195,4827,512,4315
107900196,21,96,-75
107900197,508,90,418
107900199,1,1454,-1453
107900201,65,162,-97
107900203,20,82,-62
107900204,272,215,57
107900205,197,541,-344
107900206,354,195,159
107900207,2,796,-794
107900208,3,1112,-1109
107900209,431,107,324
107900210,86,131,-45
107900213,431,491,-60
107900214,4,209,-205
107900215,197,292,-95
107900216,86,63,23
107900217,20,61,-41
107900218,25,1944,-1919
107900219,23,207,-184
107900220,234,132,102
107900221,211,298,-87
107900223,56,827,-771
107900224,166,334,-168
107900225,5,1015,-1010
107900226,49,156,-107
107900227,91,612,-521
107900228,9,141,-132
107900229,0,162,-162
107900230,4,202,-198
107900231,12,245,-233
107900232,31,312,-281
107900233,6,183,-177
107900234,36,199,-163
107900235,27,109,-82
107900236,44,141,-97
107900237,45,215,-170
107900238,10,141,-131
107900239,1532,430,1102
107900240,11,258,-247
107900241,12,104,-92
107900242,7,480,-473
107900243,2,48,-46
107900244,126,4,122
107900245,181,27,154
107900246,157,9,148
107900248,82,758,-676
107900249,261,11,250
107900250,0,635,-635
107900251,59,1440,-1381
107900252,391,8,383
107900253,39,3,36
107900254,61,163,-102
107900255,479,78,401
107900256,622,650,-28
107900257,66,37,29
107900258,57,231,-174
107900259,114,745,-631
107900261,3,468,-465
107900262,34,116,-82
107900264,99,3,96
107900265,27,231,-204
107900267,63,34,29
107900268,49,6,43
107900269,0,7,-7
107900270,0,0,0
107900271,1,6,-5
107900272,134,23,111
107900273,35,110,-75
107900274,25,0,25
107900275,8,0,8
107900276,2,92,-90
107900277,0,220,-220
107900278,143,411,-268
107900279,166,75,91
107900280,2488,1150,1338
107900281,3741,933,2808
107900282,45,131,-86
107900283,1321,362,959
107900284,136,858,-722
107900285,38,146,-108
107900286,163,97,66
107900287,82,133,-51
107900290,0,49,-49
107900291,226,6,220
107900292,73,314,-241
107900293,29,631,-602
107900295,29,176,-147
107900297,5,362,-357
107900298,731,1033,-302
107900299,4556,1426,3130
107900300,20,219,-199
107900301,399,245,154
107900302,96,25,71
107900303,30,346,-316
107900304,72,509,-437
107900305,181,8,173
107900306,29,9,20
107900307,42,285,-243
107900308,155,43,112
107900309,3,0,3
107900310,0,0,0
107900311,119,70,49
107900312,0,0,0
107900313,0,95,-95
107900314,1,57,-56
107900315,0,58,-58
107900316,15,0,15
107900317,25,0,25
107900318,4,169,-165
107900319,2,365,-363
107900320,3,174,-171
107900321,51,4,47
107900322,2,224,-222
107900323,21,176,-155
107900324,106,0,106
107900325,31,0,31
107900326,114,421,-307
107900327,0,1,-1
107900328,0,0,0
107900329,0,0,0
107900330,5,789,-784
107900331,95,40,55
107900332,72,28,44
107900333,26,9,17
107900334,12,281,-269
107900335,48,46,2
107900336,9,28,-19
107900337,1567,489,1078
107900338,2,193,-191
107900339,0,38,-38
107900340,0,49,-49
107900341,13,0,13
107900342,61,218,-157
107900343,30,4,26
107900344,5,183,-178
107900345,49,32,17
107900346,23,6,17
107900347,13,7,6
107900348,4,3,1
107900349,12,3,9
107900350,39,315,-276
108000001,2126,2790,-664
108000002,2628,3823,-1195
108000003,3917,1604,2313
108000004,18794,17828,966
108000005,4158,2787,1371
108000006,5541,6534,-993
108000007,3668,3223,445
108000008,5305,6408,-1103
108000009,2250,2928,-678
108000010,2440,5530,-3090
108000011,9733,7437,2296
108000012,19669,18128,1541
108000014,856,543,313
108000015,401,326,75
108000016,185,749,-564
108000017,556,425,131
108000018,893,472,421
108000019,1491,544,947
108000020,1022,407,615
108000021,519,1751,-1232
108000022,596,1729,-1133
108000023,920,182,738
108000024,156,790,-634
108000025,137,272,-135
108000026,223,768,-545
108000027,310,548,-238
108000028,157,303,-146
108000029,213,673,-460
108000030,308,281,27
108000031,261,638,-377
108000032,746,524,222
108000033,505,1548,-1043
108000034,989,399,590
108000035,1011,2992,-1981
108000036,283,1561,-1278
108000037,1178,379,799
108000038,1330,446,884
108000039,397,2881,-2484
108000040,1050,648,402
108000041,608,3353,-2745
108000042,78,258,-180
108000043,124,333,-209
108000044,222,191,31
108000045,226,839,-613
108000046,716,254,462
108000047,363,1377,-1014
108000048,157,524,-367
108000049,391,204,187
108000050,101,541,-440
108000051,93,58,35
108000052,386,849,-463
108000053,159,83,76
108000054,530,1097,-567
108000055,666,307,359
108000056,1189,1102,87
108000057,504,613,-109
108000058,2021,2266,-245
108000059,4116,1978,2138
108000060,96,297,-201
108000061,172,291,-119
108000062,405,401,4
108000063,331,795,-464
108000064,92,263,-171
108000065,368,838,-470
108000066,1511,781,730
108000067,1061,383,678
108000068,502,352,150
108000069,117,1445,-1328
108000070,1024,643,381
108000071,557,2252,-1695
108000072,1007,934,73
108000073,1534,2502,-968
108000074,187,357,-170
108000075,232,972,-740
108000076,454,408,46
108000077,687,994,-307
108000078,1454,1290,164
108000079,1038,2296,-1258
108000080,502,497,5
108000081,528,3283,-2755
108000082,1106,2126,-1020
108000083,1334,722,612
108000084,326,1662,-1336
108000085,299,306,-7
108000086,1238,1084,154
108000087,151,1185,-1034
108000088,87,1,86
108000089,283,318,-35
108000090,250,100,150
108000091,135,564,-429
108000092,78,75,3
108000093,87,946,-859
108000094,339,123,216
108000095,101,660,-559
108000096,112,167,-55
108000097,77,710,-633
108000098,655,1637,-982
108000099,176,93,83
108000100,40,176,-136
108000101,683,820,-137
108000102,1093,1588,-495
108000106,770,2,768
108000107,4,856,-852
108000108,500,40,460
108000109,9,978,-969
108000110,73,242,-169
108000111,133,666,-533
108000112,42,67,-25
108000113,620,360,260
108000115,564,359,205
108000117,1088,296,792
108000118,190,109,81
108000119,789,447,342
108000120,111,532,-421
108000121,156,554,-398
108000122,256,278,-22
108000123,565,349,216
108000124,279,690,-411
108000125,120,546,-426
108000126,46,699,-653
108000127,213,525,-312
108000128,289,1027,-738
108000129,138,1866,-1728
108000130,146,393,-247
108000131,535,204,331
108000132,1864,1547,317
108000133,529,420,109
108000134,751,850,-99
108000135,514,292,222
108000136,890,1269,-379
108000137,154,495,-341
108000138,234,1333,-1099
108000139,134,506,-372
108000140,10,20,-10
108000141,16,231,-215
108000142,57,174,-117
108000143,27,33,-6
108000144,16,17,-1
108000145,28,37,-9
108000146,30,11,19
108000147,44,66,-22
108000148,32,2,30
108000149,19,36,-17
108000150,39,6,33
108000151,59,8,51
108000152,58,774,-716
108000153,145,107,38
108000154,19,14,5
108000155,11,9,2
108000156,386,72,314
108000157,110,382,-272
108000158,104,424,-320
108000159,687,143,544
108000160,6071,680,5391
108000161,5807,1522,4285
108000165,1,109,-108
108000172,1,129,-128
108000173,3604,1103,2501
108000175,123,76,47
108000178,541,313,228
108000179,288,583,-295
108000181,29,29,0
108000182,171,16,155
108000183,48,23,25
108000184,1292,1206,86
108000185,72,895,-823
108000186,51,76,-25
108000187,81,1147,-1066
108000188,257,325,-68
108000189,438,696,-258
108000190,50,134,-84
108000192,69,768,-699
108000193,783,60,723
108000194,23,18,5
108000195,5,1315,-1310
108000196,164,106,58
108000198,233,402,-169
108000199,0,117,-117
108000200,159,955,-796
108000202,1,169,-168
108000203,62,1224,-1162
108000204,48,26,22
108000205,595,707,-112
108000339,1842,258,1584
108000364,219,176,43
108000365,52,425,-373
108000367,156,520,-364
108000368,11,46,-35
108000369,1847,115,1732
108000371,2,741,-739
108000372,409,2,407
108000373,107,162,-55
108000376,68,19,49
108000377,189,380,-191
108000378,8990,7298,1692
108000379,37,164,-127
108000381,26,21,5
108000382,61,0,61
108000383,0,100,-100
108900001,169,1437,-1268
108900002,214,75,139
108900003,432,1160,-728
108900004,33,134,-101
108900005,25,101,-76
108900006,343,240,103
108900007,80,187,-107
108900008,49,183,-134
108900009,23,127,-104
108900010,83,212,-129
108900011,213,449,-236
108900012,167,563,-396
108900013,54,288,-234
108900014,4,73,-69
108900015,0,19,-19
108900016,0,275,-275
108900017,153,179,-26
108900018,69,684,-615
108900019,36,1282,-1246
108900020,28,376,-348
108900021,54,384,-330
108900022,40,5,35
108900023,2,29,-27
108900024,2,174,-172
108900025,42,132,-90
108900026,20,118,-98
108900027,0,159,-159
108900028,68,589,-521
108900029,36,241,-205
108900030,1,136,-135
108900031,32,690,-658
108900032,5,291,-286
108900033,1,87,-86
108900034,0,387,-387
108900035,185,2174,-1989
108900036,222,450,-228
108900037,37,593,-556
108900038,1,530,-529
108900039,1,736,-735
108900040,5,166,-161
108900041,6803,2035,4768
108900042,5,280,-275
108900043,52,619,-567
108900044,4,912,-908
108900045,25,853,-828
108900046,72,1288,-1216
108900047,0,51,-51
108900048,70,1399,-1329
108900049,6017,754,5263
108900050,2,375,-373
108900051,1,356,-355
108900052,10,427,-417
108900053,116,102,14
108900054,30,290,-260
108900055,93,669,-576
108900056,0,242,-242
108900057,1,317,-316
108900058,9,658,-649
108900059,175,22,153
108900060,61,104,-43
108900061,40,24,16
108900062,3,430,-427
108900063,3,536,-533
108900064,70,75,-5
108900065,7,351,-344
108900066,180,120,60
108900067,103,207,-104
108900068,1,178,-177
108900069,25,180,-155
108900070,21,188,-167
108900071,50,62,-12
108900072,2936,349,2587
108900073,2,98,-96
108900074,63,512,-449
108900075,74,85,-11
108900076,136,72,64
108900077,116,158,-42
108900078,14,257,-243
108900079,1135,292,843
108900080,20,337,-317
108900081,74,252,-178
108900082,27,112,-85
108900083,22,140,-118
108900084,492,90,402
108900085,2052,119,1933
108900086,46,517,-471
108900087,153,282,-129
108900088,596,224,372
108900089,22,106,-84
108900090,19,582,-563
108900091,151,140,11
108900092,231,246,-15
108900093,85,53,32
108900094,184,101,83
108900095,46,714,-668
108900096,537,46,491
108900097,198,277,-79
108900098,3815,361,3454
108900099,246,367,-121
108900100,36,149,-113
108900101,132,54,78
108900102,272,533,-261
108900103,60,49,11
108900104,219,270,-51
108900105,6,523,-517
108900106,142,642,-500
108900108,158,47,111
108900109,5,20,-15
108900110,96,570,-474
108900111,178,985,-807
108900112,80,24,56
108900113,23,18,5
108900114,0,6,-6
108900115,45,70,-25
108900116,17,17,0
108900117,64,36,28
108900118,259,3,256
108900119,131,34,97
108900120,57,119,-62
108900121,227,37,190
108900122,48,35,13
108900123,51,58,-7
108900124,162,113,49
108900125,154,3,151
108900126,35,14,21
108900127,73,36,37
108900128,43,27,16
108900129,391,76,315
108900130,189,3,186
108900131,183,3,180
108900132,235,106,129
108900133,120,33,87
108900134,88,284,-196
108900135,63,7,56
108900136,184,4,180
108900137,47,1,46
108900138,208,12,196
108900139,247,62,185
108900140,40,288,-248
108900141,111,6,105
108900142,56,0,56
108900143,19,0,19
108900144,17,0,17
108900145,95,2,93
108900146,18,0,18
108900147,71,0,71
108900148,77,40,37
108900149,561,314,247
108900150,141,9,132
108900151,49,1,48
108900152,30,94,-64
108900153,54,701,-647
108900154,2960,466,2494
108900155,117,109,8
108900156,37,3,34
108900157,8,818,-810
108900158,104,29,75
108900159,18,441,-423
108900160,8,287,-279
108900161,8,662,-654
108900162,31,0,31
108900163,22,122,-100
108900164,24,89,-65
108900165,266,64,202
108900167,1919,2176,-257
108900168,11687,1780,9907
108900169,19,160,-141
108900171,10726,1370,9356
108900172,153,35,118
108900173,205,457,-252
108900174,274,513,-239
108900176,82,617,-535
108900177,9799,1974,7825
108900178,6185,1888,4297
108900179,628,861,-233
108900180,43,118,-75
108900182,25,132,-107
108900183,137,230,-93
108900184,286,168,118
108900185,43,352,-309
108900186,85,392,-307
108900187,141,55,86
108900188,210,59,151
108900189,247,152,95
108900190,63,3355,-3292
108900191,116,14,102
108900192,71,355,-284
108900193,322,43,279
108900194,45,401,-356
108900195,55,380,-325
108900196,16,651,-635
108900198,2,689,-687
108900199,158,345,-187
108900200,237,408,-171
108900201,330,1331,-1001
108900203,318,25,293
108900204,203,4,199
108900205,121,6,115
108900206,187,40,147
108900207,113,38,75
108900208,22,414,-392
108900209,208,684,-476
108900210,138,255,-117
108900211,159,319,-160
108900212,772,573,199
108900215,98,707,-609
108900216,551,93,458
108900217,56,0,56
108900218,73,9,64
108900219,71,7,64
108900220,38,12,26
108900221,58,86,-28
108900222,81,14,67
108900223,8,56,-48
108900224,51,129,-78
108900225,0,207,-207
108900226,102,11,91
108900227,88,129,-41
108900230,511,371,140
108900231,59,295,-236
108900232,2,532,-530
108900233,213,53,160
108900234,258,72,186
108900235,183,750,-567
108900236,34,441,-407
108900237,44,339,-295
108900240,63,92,-29
108900241,9,9,0
108900245,1,631,-630
108900249,53,14,39
108900250,151,194,-43
108900257,61,782,-721
108900258,7,339,-332
108900259,17,81,-64
108900260,8,114,-106
108900261,115,217,-102
108900262,340,118,222
108900263,59,355,-296
108900264,433,263,170
108900265,1840,277,1563
108900266,1417,252,1165
108900267,2,36,-34
108900268,3,8,-5
108900269,11,8,3
108900270,35,5,30
108900271,69,61,8
108900272,91,1,90
108900273,1181,352,829
108900274,28,54,-26
109000001,3005,987,2018
109000002,2885,1511,1374
109000003,1785,588,1197
109000004,492,3076,-2584
109000005,1503,747,756
109000006,574,2585,-2011
109000007,769,666,103
109000008,364,2233,-1869
109000009,2896,993,1903
109000010,1390,4402,-3012
109000011,1889,1459,430
109000012,1548,4482,-2934
109000013,2276,1770,506
109000014,1536,4288,-2752
109000015,2950,3477,-527
109000016,11139,4796,6343
109000017,1418,1041,377
109000018,717,3863,-3146
109000019,1677,965,712
109000020,1129,2524,-1395
109000023,185,13,172
109000024,1,160,-159
109000025,433,303,130
109000026,692,267,425
109000027,60,197,-137
109000028,77,94,-17
109000029,148,95,53
109000030,163,774,-611
109000031,106,69,37
109000032,67,622,-555
109000033,223,109,114
109000034,72,47,25
109000035,29,43,-14
109000036,106,348,-242
109000037,181,622,-441
109000038,492,340,152
109000039,567,358,209
109000040,6083,3041,3042
109000041,5723,1087,4636
109000042,955,1031,-76
109000044,189,88,101
109000045,66,423,-357
109000046,216,70,146
109000047,51,515,-464
109000048,763,122,641
109000049,229,654,-425
109000050,313,188,125
109000051,345,401,-56
109000052,313,1959,-1646
109000053,95,79,16
109000054,363,789,-426
109000055,99,168,-69
109000056,220,654,-434
109000057,363,233,130
109000058,798,215,583
109000059,589,929,-340
109000060,515,154,361
109000061,1869,518,1351
109000062,108,262,-154
109000063,214,222,-8
109000064,121,139,-18
109000065,64,465,-401
109000066,206,137,69
109000067,25,507,-482
109000068,386,10,376
109000069,549,15,534
109000070,3,932,-929
109000071,282,67,215
109000072,58,342,-284
109000073,40,92,-52
109000074,29,227,-198
109000075,80,444,-364
109000076,52,142,-90
109000077,301,379,-78
109000078,60,107,-47
109000079,69,279,-210
109000080,49,111,-62
109000081,37,646,-609
109000082,250,335,-85
109000083,136,940,-804
109000088,143,435,-292
109000089,256,18,238
109000090,159,532,-373
109000091,185,67,118
109000092,343,692,-349
109000093,137,131,6
109000094,135,2,133
109000095,75,682,-607
109000096,296,149,147
109000097,83,105,-22
109000098,17,61,-44
109000099,596,358,238
109000100,155,610,-455
109000101,823,912,-89
109000102,226,1040,-814
109000103,235,723,-488
109000104,879,686,193
109000105,321,1773,-1452
109000106,1229,639,590
109000107,450,2317,-1867
109000108,921,507,414
109000109,449,2397,-1948
109000110,1045,478,567
109000111,1067,2839,-1772
109000112,251,161,90
109000113,108,238,-130
109000114,125,351,-226
109000115,913,36,877
109000116,5,228,-223
109000117,86,119,-33
109000118,6,356,-350
109000119,436,386,50
109000120,131,1396,-1265
109000121,165,67,98
109000122,79,1326,-1247
109000123,17,121,-104
109000124,299,381,-82
109000125,421,383,38
109000126,187,1193,-1006
109000127,346,214,132
109000128,342,2959,-2617
109000129,1121,451,670
109000130,485,3149,-2664
109000131,531,236,295
109000132,610,2038,-1428
109000133,246,1184,-938
109000134,653,1812,-1159
109000135,977,1446,-469
109000136,170,474,-304
109000137,206,294,-88
109000138,276,601,-325
109000139,251,507,-256
109000140,82,630,-548
109000141,210,465,-255
109000142,76,532,-456
109000143,63,54,9
109000145,72,109,-37
109000146,47,123,-76
109000148,5214,1075,4139
109000149,44,30,14
109000150,43,139,-96
109000155,291,519,-228
109000156,1136,1140,-4
109000158,127,233,-106
109000159,134,739,-605
109000160,477,354,123
109000161,170,1807,-1637
109000162,1236,1012,224
109000163,632,2026,-1394
109000164,796,2856,-2060
109000165,774,738,36
109000166,324,192,132
109000167,76,1123,-1047
109000170,47,53,-6
109000171,69,39,30
109000172,33,41,-8
109000173,16,52,-36
109000174,65,80,-15
109000175,36,145,-109
109000176,114,300,-186
109000177,16,134,-118
109000178,183,85,98
109000179,9312,2540,6772
109000180,7071,3020,4051
109000181,8,47,-39
109000182,16,70,-54
109000183,19,89,-70
109000184,20,23,-3
109000185,12,75,-63
109000188,444,3323,-2879
109000189,1631,932,699
109000190,349,556,-207
109000191,210,789,-579
109000192,173,320,-147
109000193,105,484,-379
109000194,64,150,-86
109000195,35,484,-449
109000196,179,116,63
109000197,107,571,-464
109000198,176,70,106
109000199,91,593,-502
109000206,150,41,109
109000207,65,43,22
109000208,89,48,41
109000209,132,70,62
109000210,165,526,-361
109000211,190,333,-143
109000214,199,846,-647
109000215,63,76,-13
109000216,208,148,60
109000217,236,54,182
109000218,166,104,62
109000221,212,1244,-1032
109000222,508,81,427
109000223,168,197,-29
109000224,33,434,-401
109000225,36,58,-22
109000226,32,343,-311
109000227,625,1749,-1124
109000228,0,317,-317
109000231,6,610,-604
109000232,123,580,-457
109000236,200,912,-712
109000241,1259,1950,-691
109000242,977,1461,-484
109000293,11,51,-40
109000361,39,259,-220
109000364,215,763,-548
109000396,3,1035,-1032
109000397,194,3,191
109000399,101,557,-456
109000400,29,299,-270
109000403,59,275,-216
109000406,153,6,147
109000407,147,346,-199
109000408,3,854,-851
109000410,634,152,482
109000411,60,18,42
109900001,50,48,2
109900002,346,15,331
109900003,74,2,72
109900004,528,231,297
109900005,12,5,7
109900006,203,247,-44
109900007,283,932,-649
109900008,0,42,-42
109900009,77,1000,-923
109900010,178,10,168
109900011,22,21,1
109900012,137,130,7
109900013,229,63,166
109900014,156,38,118
109900015,260,101,159
109900016,52,75,-23
109900017,71,87,-16
109900018,116,128,-12
109900019,59,61,-2
109900020,10,22,-12
109900021,6,6,0
109900022,77,422,-345
109900023,10,1,9
109900024,4,2,2
109900025,3,64,-61
109900026,1,205,-204
109900027,30,25,5
109900028,2891,376,2515
109900029,9,595,-586
109900030,4,3,1
109900031,0,127,-127
109900032,6,382,-376
109900033,1,557,-556
109900034,2,0,2
109900035,17,13,4
109900036,7,108,-101
109900037,15,714,-699
109900038,26,267,-241
109900039,3,0,3
109900040,13,885,-872
109900041,45,667,-622
109900042,17,506,-489
109900044,116,402,-286
109900045,69,37,32
109900046,2,50,-48
109900047,448,397,51
109900048,0,73,-73
109900049,4,23,-19
109900050,2,330,-328
109900051,1,100,-99
109900052,39,296,-257
109900053,2,679,-677
109900054,299,125,174
109900055,38,289,-251
109900056,14,70,-56
109900057,7,267,-260
109900058,0,120,-120
109900059,234,88,146
109900060,254,170,84
109900061,89,350,-261
109900062,0,325,-325
109900063,5,410,-405
109900064,193,260,-67
109900065,83,122,-39
109900066,259,1167,-908
109900067,2,599,-597
109900068,24,2,22
109900069,2,38,-36
109900070,60,424,-364
109900071,1,67,-66
109900072,11,159,-148
109900073,143,880,-737
109900074,1,54,-53
109900075,6,14,-8
109900076,12,336,-324
109900077,22,68,-46
109900078,88,295,-207
109900080,110,391,-281
109900081,26,88,-62
109900082,34,522,-488
109900083,23,58,-35
109900084,30,170,-140
109900085,171,1387,-1216
109900086,104,162,-58
109900087,314,426,-112
109900089,276,120,156
109900090,580,1220,-640
109900091,139,47,92
109900092,240,13,227
109900093,339,114,225
109900094,19,95,-76
109900095,184,276,-92
109900096,4,0,4
109900097,126,1,125
109900098,119,15,104
109900099,50,1,49
109900100,27,0,27
109900101,109,5,104
109900102,226,17,209
109900103,0,44,-44
109900104,157,1429,-1272
109900105,274,19,255
109900106,157,58,99
109900107,171,68,103
109900108,59,578,-519
109900109,17,209,-192
109900110,37,562,-525
109900111,279,1343,-1064
109900112,445,1057,-612
109900113,400,286,114
109900114,716,355,361
109900115,82,76,6
109900117,353,104,249
109900118,188,495,-307
109900119,603,355,248
109900120,21,4,17
109900121,283,107,176
109900122,194,1,193
109900123,9,199,-190
109900124,42,878,-836
109900125,1,251,-250
109900126,81,181,-100
109900128,92,47,45
109900130,12802,1133,11669
109900131,62,143,-81
109900132,45,226,-181
109900133,62,460,-398
109900134,57,26,31
109900135,460,70,390
109900136,81,198,-117
109900137,32,497,-465
109900138,181,450,-269
109900140,84,389,-305
109900142,409,225,184
109900145,4,113,-109
109900146,315,58,257
109900148,47,95,-48
109900149,29,54,-25
109900150,6,125,-119
109900151,3,78,-75
109900152,0,26,-26
109900153,0,32,-32
109900154,9,0,9
109900155,6,7,-1
109900157,45,359,-314
109900158,38,144,-106
109900159,50,27,23
109900160,68,40,28
109900161,101,50,51
109900162,103,62,41
109900163,798,283,515
109900164,50,201,-151
109900165,134,6,128
109900166,2,287,-285
109900167,99,771,-672
109900168,73,704,-631
109900169,69,146,-77
109900170,276,490,-214
109900171,65,101,-36
109900172,71,205,-134
109900173,4912,973,3939
109900174,31,159,-128
109900175,25,52,-27
109900176,45,217,-172
109900177,31,337,-306
109900178,3,91,-88
109900179,7,23,-16
109900180,7,2,5
110000001,588,592,-4
110000002,441,554,-113
110000003,850,642,208
110000004,561,571,-10
110000005,732,1036,-304
110000006,721,328,393
110000007,89,187,-98
110000008,9,44,-35
110000009,29,61,-32
110000010,24,71,-47
110000011,27,88,-61
110000012,720,461,259
110000013,29,358,-329
110000014,672,398,274
110000015,408,443,-35
110000016,325,894,-569
110000017,4597,281,4316
110000018,3828,531,3297
110000019,23,238,-215
110000020,735,309,426
110000021,459,404,55
110000022,636,185,451
110000023,11,201,-190
110000024,551,371,180
110000025,135,3,132
110000026,11,721,-710
110000027,584,414,170
110000028,552,678,-126
110000029,341,933,-592
110000030,159,322,-163
110000031,194,779,-585
110000032,439,436,3
110000033,76,119,-43
110000034,150,881,-731
110000035,303,1193,-890
110000036,355,902,-547
110000037,102,859,-757
110000038,162,708,-546
110000039,622,1452,-830
110000040,281,568,-287
110000041,125,796,-671
110000042,60,395,-335
110000043,373,177,196
110000044,52,60,-8
110000045,304,68,236
110000046,7,8,-1
110000047,5,2,3
110000048,1,13,-12
110000049,4,6,-2
110000050,5,19,-14
110000051,21,0,21
110000052,18,53,-35
110000053,30,3,27
110000054,93,240,-147
110000055,190,24,166
110000056,369,73,296
110000057,272,952,-680
110000058,590,670,-80
110000059,557,675,-118
110000060,450,896,-446
110000061,1010,1064,-54
110000062,786,825,-39
110000063,29,88,-59
110000064,50,155,-105
110000065,39,106,-67
110000066,54,54,0
110000067,68,448,-380
110000068,87,588,-501
110000069,96,110,-14
110000071,74,138,-64
110000073,0,37,-37
110000075,10,134,-124
110000076,243,190,53
110000077,509,568,-59
110000078,17,64,-47
110000080,219,790,-571
110000081,12,305,-293
110000082,12,280,-268
110000083,190,655,-465
110000084,555,413,142
110000085,3472,1487,1985
110000086,1835,886,949
110000087,2,46,-44
110000088,35,248,-213
110000089,151,181,-30
110000090,51,314,-263
110000091,1817,375,1442
110000092,19,87,-68
110000093,34,6,28
110000094,376,271,105
110000095,123,455,-332
110000096,4298,1774,2524
110000097,876,1105,-229
110000098,1402,519,883
110000099,855,1558,-703
110000100,269,1034,-765
110000101,19,767,-748
110000102,35,42,-7
110000104,145,57,88
110000105,33,351,-318
110000106,425,181,244
110000107,387,411,-24
110000108,192,55,137
110000109,416,336,80
110000110,5708,2958,2750
110000111,9787,1863,7924
110000112,1450,365,1085
110000113,1103,958,145
110000114,90,287,-197
110000115,219,269,-50
110000116,24,29,-5
110000117,151,687,-536
110000118,208,325,-117
110000119,136,421,-285
110000120,199,203,-4
110000121,74,305,-231
110000122,285,650,-365
110000123,320,399,-79
110000124,1,997,-996
110000125,669,5,664
110000126,180,22,158
110000127,463,43,420
110000128,23,2075,-2052
110000129,3,563,-560
110000130,104,96,8
110000131,126,338,-212
110000132,1,1132,-1131
110000133,59,321,-262
110000134,9,347,-338
110000135,120,19,101
110000136,38,369,-331
110000137,266,828,-562
110000138,357,1040,-683
110000139,499,1857,-1358
110000140,620,353,267
110000143,846,393,453
110000144,5097,1018,4079
110000145,1452,750,702
110000146,3123,1120,2003
110000147,212,759,-547
110000148,273,457,-184
110000151,1132,553,579
110000152,1027,301,726
110000153,24,57,-33
110000154,51,25,26
110000155,2266,1854,412
110000156,729,1094,-365
110000157,1997,1561,436
110000160,309,432,-123
110000161,117,507,-390
110000166,203,170,33
110000167,483,514,-31
110000168,595,249,346
110000169,439,294,145
110000170,82,93,-11
110000171,502,237,265
110000172,105,967,-862
110000173,1119,1571,-452
110000174,68,1581,-1513
110000175,226,109,117
110000176,77,286,-209
110000177,171,819,-648
110000178,578,865,-287
110000179,1601,398,1203
110000180,98,382,-284
110000181,146,414,-268
110000182,451,271,180
110000183,14547,4268,10279
110000184,677,1520,-843
110000185,1180,715,465
110000186,724,614,110
110000191,273,443,-170
110000192,202,2,200
110000193,336,8,328
110000194,20,1695,-1675
110000195,166,522,-356
110000196,159,651,-492
110000197,26,252,-226
110000198,77,89,-12
110000199,36,117,-81
110000200,1498,764,734
110000201,567,573,-6
110000202,730,389,341
110000203,638,978,-340
110000204,2,392,-390
110000205,47,99,-52
110000206,602,1944,-1342
110000207,423,291,132
110000208,75,143,-68
110000209,99,855,-756
110000210,475,669,-194
110000211,334,800,-466
110000212,218,763,-545
110000213,46,62,-16
110000214,55,141,-86
110000215,83,685,-602
110000216,55,741,-686
110000217,146,276,-130
110000218,127,609,-482
110000219,152,120,32
110000220,29,604,-575
110000221,180,126,54
110000222,23,471,-448
110000223,6,105,-99
110000224,144,19,125
110000225,191,564,-373
110000226,156,49,107
110000227,613,466,147
110000228,342,414,-72
110000229,1,286,-285
110000230,281,542,-261
110000231,85,212,-127
110000232,89,233,-144
110000233,103,270,-167
110000234,628,478,150
110000235,963,1130,-167
110000236,278,1076,-798
110000237,1069,1203,-134
110000238,781,1460,-679
110000239,1018,1585,-567
110000240,0,114,-114
110000242,1,11,-10
110000243,48,205,-157
110000244,149,327,-178
110000245,47,390,-343
110000246,455,773,-318
110000247,2159,4121,-1962
110000248,3436,1600,1836
110000249,102,16,86
110000250,26,260,-234
110000251,120,526,-406
110000252,143,323,-180
110000253,910,402,508
110000254,668,1433,-765
110000255,297,1286,-989
110000256,403,177,226
110000257,741,469,272
110000258,3,669,-666
110000259,39,15,24
110000260,16,497,-481
110000263,751,79,672
110000264,202,772,-570
110000265,1110,1446,-336
110000266,2454,2100,354
110000267,15,241,-226
110000268,209,549,-340
110000269,10,116,-106
110000270,25,6,19
110000271,2486,367,2119
110000272,780,916,-136
110000273,3726,1380,2346
110000274,198,915,-717
110000275,3297,484,2813
110000276,118,216,-98
110000277,130,452,-322
110000278,192,985,-793
110000279,560,837,-277
110000280,151,450,-299
110000281,11,222,-211
110000282,312,48,264
110000283,58,75,-17
110000284,36,26,10
110000285,2,221,-219
110000286,35,3,32
110000287,34,4,30
110000288,4,101,-97
110000289,365,1320,-955
110000290,1528,615,913
110000291,6710,1560,5150
110000292,1131,3626,-2495
110000293,351,1230,-879
110000294,474,860,-386
110000295,148,1037,-889
110000296,269,409,-140
110000297,2966,226,2740
110000298,311,497,-186
110000299,946,50,896
110000301,213,17,196
110000302,189,1581,-1392
110000303,273,3,270
110000304,71,317,-246
110000305,432,20,412
110000306,120,2291,-2171
110000307,598,7,591
110000308,407,14,393
110000309,15,1586,-1571
110000310,354,81,273
110000311,23,1029,-1006
110000312,630,42,588
110000313,4936,1794,3142
110000314,1,266,-265
110000315,3314,1666,1648
110000316,523,1131,-608
110000317,539,312,227
110000318,7,79,-72
110000319,13,15,-2
110000320,26,60,-34
110000321,28,49,-21
110000322,128,623,-495
110000323,275,345,-70
110000324,5498,1241,4257
110000325,2224,2010,214
110000327,691,276,415
110000328,214,607,-393
110000333,864,452,412
110000334,748,1494,-746
110000335,954,619,335
110000336,374,1398,-1024
110000337,815,565,250
110000338,109,299,-190
110000339,90,238,-148
110000340,26,203,-177
110000341,217,671,-454
110000342,721,5,716
110000343,0,14,-14
110000344,93,203,-110
110000345,113,82,31
110000346,2289,1448,841
110000347,937,855,82
110000348,4,29,-25
110000349,2,33,-31
110000350,38,4,34
110000351,485,984,-499
110000352,336,1399,-1063
110000353,3166,960,2206
110000354,709,1604,-895
110000355,69,114,-45
110000356,515,8,507
110000357,203,9,194
110000361,13,89,-76
110000362,40,243,-203
110000363,143,152,-9
110000364,99,368,-269
110000365,129,0,129
110000366,0,103,-103
110000367,326,354,-28
110000368,3,80,-77
110000369,45,4,41
110000373,4,356,-352
110000374,54,2,52
110000375,135,836,-701
110000376,30,83,-53
110000377,52,321,-269
110000378,29,323,-294
110000379,3877,913,2964
110000380,18,10,8
110000383,1,830,-829
110000384,2640,664,1976
110000385,2,243,-241
110000387,60,8,52
110000388,14,239,-225
110000389,391,6,385
110000391,228,403,-175
110000396,70,162,-92
110000397,50,245,-195
110000398,2,56,-54
110000399,132,0,132
110000587,47,44,3
110000589,106,165,-59
110000640,100,138,-38
110000652,19,177,-158
110000653,142,477,-335
110000654,2,22,-20
110000656,2,822,-820
110000674,23,20,3
110000675,26,11,15
110000676,17,50,-33
110000679,683,400,283
110000682,99,98,1
110000683,392,595,-203
110000684,2,101,-99
110000685,13,4,9
110000686,2,40,-38
110000687,59,1,58
110000688,89,492,-403
110000689,16,111,-95
110000692,51,331,-280
110000693,85,261,-176
110000694,0,92,-92
110000695,113,829,-716
110000696,172,229,-57
110900001,172,12,160
110900002,217,285,-68
110900003,199,1338,-1139
110900004,168,346,-178
110900005,5219,1163,4056
110900006,33,5,28
110900007,49,10,39
110900008,28,26,2
110900009,217,32,185
110900010,4,112,-108
110900011,7,94,-87
110900012,1,176,-175
110900013,571,184,387
110900014,90,7,83
110900015,902,268,634
110900016,13,263,-250
110900017,179,66,113
110900018,369,44,325
110900019,53,17,36
110900020,61,664,-603
110900021,87,847,-760
110900022,66,600,-534
110900023,80,561,-481
110900024,32,718,-686
110900025,3,44,-41
110900027,21,295,-274
110900028,35,216,-181
110900029,40,551,-511
110900030,19,412,-393
110900031,1,170,-169
110900032,3,113,-110
110900033,31,369,-338
110900035,23,458,-435
110900036,54,19,35
110900037,43,18,25
110900038,1393,222,1171
110900039,10,216,-206
110900040,145,29,116
110900041,7,201,-194
110900042,47,45,2
110900043,1,265,-264
110900044,237,13,224
110900045,32,947,-915
110900046,109,473,-364
110900047,808,83,725
110900049,63,38,25
110900050,4,2,2
110900051,53,219,-166
110900052,3,261,-258
110900053,37,69,-32
110900054,24,416,-392
110900055,12,0,12
110900056,81,118,-37
110900057,5,308,-303
110900058,62,304,-242
110900059,547,948,-401
110900060,262,81,181
110900061,26,27,-1
110900062,45,379,-334
110900063,28,101,-73
110900064,3,0,3
110900065,448,123,325
110900066,12,88,-76
110900067,649,368,281
110900068,175,287,-112
110900069,3,36,-33
110900070,157,38,119
110900071,291,304,-13
110900073,1,16,-15
110900074,191,73,118
110900075,171,74,97
110900077,233,518,-285
110900078,8,143,-135
110900079,2183,479,1704
110900080,60,60,0
110900081,1,158,-157
110900082,60,263,-203
110900083,60,29,31
110900084,19,219,-200
110900085,34,396,-362
110900086,55,201,-146
110900087,126,78,48
110900088,1,0,1
110900090,21,28,-7
110900091,0,75,-75
110900093,145,72,73
110900095,34,65,-31
110900097,6,19,-13
110900098,19,81,-62
110900099,52,629,-577
110900100,0,36,-36
110900102,9,20,-11
110900105,630,413,217
110900108,2,139,-137
110900111,291,103,188
110900112,374,4,370
110900113,642,45,597
110900115,6,95,-89
110900116,278,3010,-2732
110900118,272,1124,-852
110900119,7234,340,6894
110900120,4,110,-106
110900121,63,1,62
110900122,247,176,71
110900125,251,231,20
110900127,613,591,22
110900128,220,150,70
110900129,241,272,-31
110900130,1198,236,962
110900131,108,59,49
110900132,239,31,208
110900133,65,349,-284
110900135,131,594,-463
110900136,145,10,135
110900137,76,0,76
110900138,303,326,-23
110900139,1,33,-32
110900140,35,6,29
110900141,0,62,-62
110900142,51,250,-199
110900143,114,101,13
110900144,4,835,-831
110900145,77,12,65
110900146,285,28,257
110900147,177,232,-55
110900148,1,317,-316
110900149,1,67,-66
110900150,53,13,40
110900151,2,88,-86
110900152,19,409,-390
110900153,73,27,46
111000001,237,245,-8
111000002,365,653,-288
111000003,457,499,-42
111000004,435,1197,-762
111000005,731,670,61
111000006,750,1240,-490
111000007,4423,1483,2940
111000008,3326,3987,-661
111000009,266,942,-676
111000010,518,277,241
111000011,410,914,-504
111000012,630,343,287
111000013,289,1345,-1056
111000014,932,556,376
111000017,133,498,-365
111000018,199,381,-182
111000020,2632,2217,415
111000021,90,150,-60
111000023,110,207,-97
111000025,8101,2105,5996
111000029,100,134,-34
111000030,52,145,-93
111000031,2366,812,1554
111000032,570,238,332
111000033,350,177,173
111000034,287,101,186
111000037,3461,1395,2066
111000038,3462,2728,734
111000039,1369,2687,-1318
111000040,1574,2762,-1188
111000041,1852,1919,-67
111000042,7216,3181,4035
111000043,1862,1482,380
111000044,1185,605,580
111000045,1195,1516,-321
111000046,918,1144,-226
111000047,1454,1723,-269
111000049,334,610,-276
111000050,1900,1908,-8
111000051,572,1277,-705
111000052,519,1557,-1038
111000053,402,1300,-898
111000054,315,1144,-829
111000055,1229,2332,-1103
111000056,85,889,-804
111000057,78,976,-898
111000058,134,170,-36
111000059,234,340,-106
111000060,2530,1036,1494
111000061,419,478,-59
111000062,621,304,317
111000063,1573,812,761
111000064,379,609,-230
111000065,783,805,-22
111000066,232,268,-36
111000067,285,786,-501
111000068,290,691,-401
111000069,1884,2169,-285
111000070,2726,1481,1245
111000071,139,670,-531
111000072,522,294,228
111000073,141,480,-339
111000074,1313,1269,44
111000075,480,750,-270
111000076,284,809,-525
111000077,1072,1264,-192
111000078,1785,1186,599
111000079,1472,844,628
111000080,383,752,-369
111000081,2395,3414,-1019
111000082,586,817,-231
111000084,476,576,-100
111000085,723,1915,-1192
111000086,3752,1501,2251
111000087,789,1077,-288
111000088,7155,1949,5206
111000089,578,961,-383
111000090,1285,1715,-430
111000091,590,938,-348
111000092,824,1467,-643
111000093,361,784,-423
111000094,1451,932,519
111000095,757,1613,-856
111000096,3798,5899,-2101
111000097,6419,1108,5311
111000098,412,1613,-1201
111000099,389,3099,-2710
111000100,248,2771,-2523
111000101,391,1029,-638
111000102,83,1084,-1001
111000104,185,207,-22
111000107,22,904,-882
111000109,217,209,8
111000110,839,546,293
111000111,985,500,485
111000112,1141,294,847
111000113,507,483,24
111000114,1011,1238,-227
111000115,9314,947,8367
111000116,959,733,226
111000117,494,852,-358
111000118,1427,1155,272
111000119,854,2054,-1200
111000120,265,560,-295
111000121,186,666,-480
111000122,357,1166,-809
111000123,749,4148,-3399
111000124,367,4341,-3974
111000125,143,2470,-2327
111000126,62,1024,-962
111000127,394,177,217
111000128,706,346,360
111000129,1341,493,848
111000130,948,740,208
111000131,797,681,116
111000132,489,429,60
111000133,62,172,-110
111000134,112,140,-28
111000135,32,168,-136
111000136,161,282,-121
111000138,1,11,-10
111000140,1,8,-7
111000141,158,432,-274
111000142,31,142,-111
111000143,2,87,-85
111000144,30,106,-76
111000145,278,6,272
111000146,23,11,12
111000147,416,26,390
111000148,146,164,-18
111000149,0,36,-36
111000150,9,6,3
111000151,0,14,-14
111000153,630,624,6
111000154,804,247,557
111000155,88,201,-113
111000156,452,375,77
111000157,168,572,-404
111000158,1020,563,457
111000159,2868,674,2194
111000160,183,473,-290
111000161,10,289,-279
111000162,8,195,-187
111000163,244,797,-553
111000164,941,2114,-1173
111000165,1566,419,1147
111000166,1814,362,1452
111000167,223,661,-438
111000168,260,540,-280
111000169,300,614,-314
111000170,527,520,7
111000171,417,1218,-801
111000172,79,592,-513
111000173,142,1418,-1276
111000174,75,694,-619
111000175,26,288,-262
111000176,127,230,-103
111000177,69,286,-217
111000178,505,380,125
111000179,35,221,-186
111000180,165,304,-139
111000181,451,369,82
111000182,96,188,-92
111000183,217,291,-74
111000184,253,245,8
111000185,347,538,-191
111000186,192,448,-256
111000187,98,384,-286
111000188,105,638,-533
111000189,1887,598,1289
111000190,172,713,-541
111000191,157,615,-458
111000192,150,813,-663
111000193,412,505,-93
111000194,24,546,-522
111000195,90,587,-497
111000196,25,341,-316
111000197,132,261,-129
111000198,203,143,60
111000199,60,194,-134
111000200,99,278,-179
111000201,240,253,-13
111000202,120,228,-108
111000203,153,186,-33
111000204,186,367,-181
111000213,155,327,-172
111000214,1155,1757,-602
111000215,668,1372,-704
111000217,772,924,-152
111000218,772,1007,-235
111000219,460,226,234
111000220,3425,736,2689
111000221,715,241,474
111000224,7,341,-334
111000225,227,79,148
111000226,141,1,140
111000227,36,3,33
111000228,24,159,-135
111000229,45,340,-295
111000230,173,657,-484
111000231,456,1667,-1211
111000232,159,1077,-918
111000233,273,859,-586
111000234,43,193,-150
111000239,174,236,-62
111000240,35,121,-86
111000241,18,522,-504
111000242,58,51,7
111000243,69,1003,-934
111000244,180,84,96
111000245,469,725,-256
111000246,143,725,-582
111000247,70,1461,-1391
111000248,277,458,-181
111000249,333,1095,-762
111000250,34,216,-182
111000251,34,193,-159
111000253,5,1,4
111000255,28,9,19
111000257,11,22,-11
111000260,87,1502,-1415
111000261,488,86,402
111000271,41,370,-329
111000273,6905,1509,5396
111000274,1097,1855,-758
111000275,75,85,-10
111000276,275,2983,-2708
111000277,123,592,-469
111000278,591,335,256
111000291,400,2368,-1968
111000298,231,270,-39
111000299,552,89,463
111000300,82,685,-603
111000302,162,92,70
111000303,65,355,-290
111000312,87,65,22
111000315,0,185,-185
111000320,340,883,-543
111000321,213,59,154
111000322,129,749,-620
111000323,102,26,76
111000324,315,298,17
111000325,21,80,-59
111000326,55,452,-397
111000327,479,686,-207
111000328,164,462,-298
111000329,2,10,-8
111000330,29,10,19
111000331,4,7,-3
111000332,565,1215,-650
111000334,423,1787,-1364
111000335,284,142,142
111000337,295,402,-107
111000338,9,124,-115
111000339,138,873,-735
111000340,66,969,-903
111000341,492,244,248
111000342,83,311,-228
111000344,616,711,-95
111000345,363,35,328
111000346,22,91,-69
111000347,32,3,29
111000350,99,143,-44
111000351,73,291,-218
111000352,125,118,7
111000353,109,242,-133
111000354,380,117,263
111000355,433,736,-303
111000358,75,2128,-2053
111000360,86,1152,-1066
111000361,68,474,-406
111000546,199,733,-534
111000547,171,896,-725
111000548,40,222,-182
111000549,125,500,-375
111000550,57,377,-320
111000551,696,108,588
111000552,525,87,438
111000907,150,70,80
111000908,7,0,7
111000916,431,275,156
111000917,53,347,-294
111000918,84,1311,-1227
111000920,153,8,145
111000921,0,306,-306
111000922,155,366,-211
111000924,19,1325,-1306
111000925,1315,1659,-344
111000926,897,2646,-1749
111000927,2901,3135,-234
111000928,6196,3987,2209
111000929,595,844,-249
111000930,558,2627,-2069
111000931,1384,1568,-184
111000932,3839,2565,1274
111000933,3194,1581,1613
111000934,2631,2931,-300
111000935,660,998,-338
111000936,629,2328,-1699
111000937,526,1032,-506
111000938,1450,2750,-1300
111000939,161,84,77
111000940,198,217,-19
111000941,132,728,-596
111000943,146,284,-138
111000944,58,694,-636
111000945,8,2806,-2798
111001109,308,135,173
111001110,149,810,-661
111001111,8,5,3
111001112,75,6,69
111001113,8,89,-81
111001114,1210,37,1173
111001115,53,310,-257
111001116,6925,1529,5396
111001117,672,625,47
111001120,65,325,-260
111001121,93,457,-364
111001122,157,793,-636
111001123,44,82,-38
111001124,18,225,-207
111900001,2,206,-204
111900002,14,1112,-1098
111900003,3,591,-588
111900004,15,275,-260
111900006,8,20,-12
111900007,55,2,53
111900008,79,6,73
111900009,83,250,-167
111900010,271,672,-401
111900012,149,143,6
111900013,8,121,-113
111900014,9132,1744,7388
111900015,0,109,-109
111900016,2,274,-272
111900017,1,161,-160
111900018,78,1,77
111900019,3,78,-75
111900020,6,50,-44
111900021,20,84,-64
111900022,17,68,-51
111900023,141,91,50
111900024,2,90,-88
111900025,0,64,-64
111900026,1,136,-135
111900027,10,232,-222
111900028,1,526,-525
111900029,11,132,-121
111900030,51,501,-450
111900031,5,58,-53
111900032,4,490,-486
111900033,10,135,-125
111900034,246,607,-361
111900035,26,309,-283
111900036,0,456,-456
111900038,432,608,-176
111900039,46,517,-471
111900040,7,843,-836
111900042,37,97,-60
111900043,2,603,-601
111900044,321,275,46
111900046,67,307,-240
111900048,83,1206,-1123
111900049,28,325,-297
111900050,62,12,50
111900051,1,311,-310
111900052,514,710,-196
111900053,1658,375,1283
111900054,97,1,96
111900055,36,819,-783
111900056,210,115,95
111900057,40,43,-3
111900058,136,1031,-895
111900059,2542,254,2288
111900060,213,1,212
111900061,21,348,-327
111900062,8,38,-30
111900063,113,299,-186
111900064,132,295,-163
111900065,30,22,8
111900066,73,135,-62
111900067,1,457,-456
111900068,11,36,-25
111900069,35,17,18
111900070,62,175,-113
111900071,2,445,-443
111900072,24,9,15
111900073,283,43,240
111900074,11,264,-253
111900075,12,11,1
111900076,30,22,8
111900077,16,0,16
111900078,108,8,100
111900079,17,7,10
111900080,217,106,111
111900081,994,72,922
111900082,29,9,20
111900083,43,7,36
111900084,40,3,37
111900085,24,56,-32
111900086,20,1,19
111900087,17,0,17
111900088,189,6,183
111900089,37,1,36
111900090,93,20,73
111900091,54,0,54
111900092,35,1,34
111900093,122,1,121
111900094,17,0,17
111900095,110,12,98
111900096,63,0,63
111900097,16,0,16
111900098,42,0,42
111900099,21,0,21
111900100,66,4,62
111900101,43,9,34
111900102,157,1054,-897
111900103,71,30,41
111900104,96,61,35
111900105,164,116,48
111900106,2011,57,1954
111900107,70,138,-68
111900108,67,91,-24
111900109,482,170,312
111900110,4185,300,3885
111900111,40,283,-243
111900112,1200,995,205
111900113,337,85,252
111900114,210,150,60
111900115,13,43,-30
111900118,148,23,125
111900119,177,56,121
111900122,63,29,34
111900123,16,28,-12
111900124,32,126,-94
111900125,147,9,138
111900126,80,4,76
111900127,2,823,-821
111900128,0,790,-790
111900129,94,32,62
111900130,133,4,129
111900131,158,1,157
111900132,23,1755,-1732
111900133,4,494,-490
111900134,22,407,-385
111900135,2,9,-7
111900136,64,103,-39
111900137,47,46,1
111900138,5,96,-91
111900139,23,208,-185
111900140,35,19,16
111900141,34,8,26
111900142,42,9,33
111900143,15,438,-423
111900144,0,174,-174
111900145,10,901,-891
111900146,3,496,-493
111900147,254,723,-469
111900148,56,1123,-1067
111900149,6,560,-554
111900150,20,281,-261
111900151,8,30,-22
111900152,155,57,98
111900153,1813,215,1598
111900154,12,105,-93
111900155,73,22,51
111900156,33,11,22
111900157,24,9,15
111900158,192,17,175
111900159,82,6,76
111900160,93,0,93
111900161,37,2,35
111900162,115,77,38
111900163,68,269,-201
111900164,79,23,56
111901113,89,163,-74
111901114,29,514,-485
111901115,27,0,27
111901116,21,0,21
111901117,3,6,-3
111901118,120,30,90
111901119,1717,72,1645
111901120,107,245,-138
111901121,246,481,-235
111901122,7,942,-935
111901123,101,624,-523
111901124,56,2,54
111901125,82,170,-88
111901126,45,19,26
111901127,1059,192,867
111901128,6,103,-97
111901129,8,186,-178
111901130,12,365,-353
111901131,1,252,-251
111901132,44,7,37
111901133,11,3,8
111901134,39,2,37
111901135,9,7,2
111901136,25,9,16
111901137,0,18,-18
111901138,66,46,20
111901139,25,94,-69
111901140,4,216,-212
111901141,17,354,-337
111901142,8,188,-180
111901143,1,141,-140
111901144,30,19,11
111901145,140,140,0
111901146,370,17,353
112000001,1271,894,377
112000002,826,2896,-2070
112000003,466,753,-287
112000004,606,1813,-1207
112000005,1445,1253,192
112000006,1332,2195,-863
112000007,1269,1246,23
112000008,1835,2987,-1152
112000009,4266,3958,308
112000010,1701,2277,-576
112000011,1943,2642,-699
112000012,6007,2057,3950
112000013,6838,3550,3288
112000014,2799,909,1890
112000015,3235,2613,622
112000016,3829,914,2915
112000017,1848,1552,296
112000024,2067,818,1249
112000026,5268,6014,-746
112000027,632,365,267
112000028,1704,2067,-363
112000029,310,506,-196
112000030,238,121,117
112000031,1665,2495,-830
112000032,699,91,608
112000033,2213,978,1235
112000034,283,63,220
112000035,85,306,-221
112000036,892,666,226
112000037,827,1043,-216
112000038,777,1007,-230
112000039,24,107,-83
112000040,223,357,-134
112000041,538,618,-80
112000042,1113,306,807
112000050,610,1498,-888
112000051,569,737,-168
112000054,1867,3133,-1266
112000057,707,382,325
112000058,423,512,-89
112000059,1182,422,760
112000061,7275,1820,5455
112000062,3538,649,2889
112000063,2418,769,1649
112000064,6153,6919,-766
112000065,2713,3216,-503
112000066,3042,855,2187
112000067,853,778,75
112000068,1705,1050,655
112000069,705,2793,-2088
112000070,1452,420,1032
112000071,630,3835,-3205
112000072,845,868,-23
112000073,1172,1879,-707
112000074,761,792,-31
112000075,706,937,-231
112000076,3162,2877,285
112000077,262,828,-566
112000078,860,783,77
112000079,1186,1587,-401
112000080,423,1166,-743
112000081,1046,1993,-947
112000082,834,712,122
112000083,437,1734,-1297
112000084,796,709,87
112000085,818,1461,-643
112000086,1034,1679,-645
112000087,190,625,-435
112000088,236,883,-647
112000089,149,401,-252
112000090,136,546,-410
112000091,634,1529,-895
112000092,1012,904,108
112000093,1366,1343,23
112000094,355,896,-541
112000095,433,796,-363
112000096,263,792,-529
112000097,441,520,-79
112000098,829,1941,-1112
112000099,408,548,-140
112000100,809,961,-152
112000101,316,1220,-904
112000102,486,427,59
112000103,229,1663,-1434
112000105,317,2300,-1983
112000106,591,389,202
112000107,6,215,-209
112000108,91,1832,-1741
112000109,31,49,-18
112000110,861,446,415
112000111,1340,5314,-3974
112000112,2560,498,2062
112000113,928,2722,-1794
112000114,1723,883,840
112000115,140,686,-546
112000116,484,1108,-624
112000117,470,759,-289
112000118,787,1108,-321
112000119,392,1167,-775
112000120,154,463,-309
112000121,68,870,-802
112000122,198,195,3
112000123,304,226,78
112000124,111,99,12
112000125,60,137,-77
112000126,133,884,-751
112000127,3484,1200,2284
112000128,1608,650,958
112000129,84,133,-49
112000130,71,56,15
112000131,14,398,-384
112000132,72,389,-317
112000133,164,265,-101
112000134,311,462,-151
112000135,554,569,-15
112000136,866,1301,-435
112000137,1052,1390,-338
112000138,1877,1449,428
112000139,763,207,556
112000140,1101,1098,3
112000141,313,181,132
112000142,138,1128,-990
112000143,457,257,200
112000144,231,2130,-1899
112000145,1316,799,517
112000146,624,2685,-2061
112000147,1206,1729,-523
112000148,1594,2522,-928
112000149,198,948,-750
112000150,102,775,-673
112000151,262,843,-581
112000152,186,383,-197
112000153,166,301,-135
112000154,85,130,-45
112000155,102,54,48
112000157,793,566,227
112000158,181,788,-607
112000159,238,408,-170
112000167,149,46,103
112000169,300,312,-12
112000173,443,346,97
112000175,195,406,-211
112000176,6215,2026,4189
112000177,261,95,166
112000178,72,684,-612
112000179,101,179,-78
112000180,216,294,-78
112000181,1039,2378,-1339
112000182,503,2592,-2089
112000183,26,55,-29
112000184,168,840,-672
112000185,215,772,-557
112000187,2736,2679,57
112000195,50,10,40
112000196,109,1,108
112000197,73,119,-46
112000198,36,571,-535
112000199,1041,1048,-7
112000202,198,4,194
112000216,50,154,-104
112000230,32,4,28
112000231,2,525,-523
112000256,16,113,-97
112000313,140,231,-91
112000314,12,25,-13
112000337,209,624,-415
112000352,245,168,77
112000392,2270,1237,1033
112000398,677,769,-92
112000399,2433,1443,990
112000400,1820,4662,-2842
112000401,3418,3354,64
112000402,1363,1758,-395
112000403,2039,1696,343
112000404,226,649,-423
112000405,1281,2385,-1104
112000406,3616,3865,-249
112000407,3572,5514,-1942
112000408,8685,8212,473
112000409,1701,5657,-3956
112000410,264,130,134
112000411,5832,718,5114
112000412,1093,364,729
112000413,11514,2347,9167
112000414,32,104,-72
112000415,50,60,-10
112000416,1396,1373,23
112000417,139,101,38
112000421,17,163,-146
112000422,261,619,-358
112000424,2556,1316,1240
112000425,338,1165,-827
112000426,98,283,-185
112000427,0,12,-12
112000428,108,552,-444
112000429,1918,3213,-1295
112000430,1839,3452,-1613
112000431,38,114,-76
112000432,518,2475,-1957
112000433,762,696,66
112000437,46,401,-355
112900001,29,0,29
112900002,113,1676,-1563
112900003,23,336,-313
112900004,23,526,-503
112900005,88,333,-245
112900006,8,526,-518
112900007,14,319,-305
112900008,1,7,-6
112900009,436,58,378
112900010,164,1092,-928
112900011,455,410,45
112900012,0,59,-59
112900013,0,176,-176
112900014,1,408,-407
112900015,437,1253,-816
112900016,3,332,-329
112900017,34,243,-209
112900018,0,498,-498
112900019,82,185,-103
112900020,575,1773,-1198
112900021,0,275,-275
112900022,6,75,-69
112900023,0,413,-413
112900024,20,304,-284
112900025,77,258,-181
112900026,3,365,-362
112900027,7,1564,-1557
112900028,21,160,-139
112900029,7,932,-925
112900030,332,235,97
112900031,11,701,-690
112900032,110,275,-165
112900034,1,90,-89
112900035,8,572,-564
112900036,21,123,-102
112900037,173,88,85
112900038,213,151,62
112900039,8,408,-400
112900040,5,416,-411
112900041,1866,816,1050
112900042,38,465,-427
112900043,7,55,-48
112900044,587,460,127
112900045,661,385,276
112900046,302,79,223
112900047,36,20,16
112900049,62,79,-17
112900050,63,726,-663
112900051,279,897,-618
112900052,10,1255,-1245
112900053,337,124,213
112900054,296,22,274
112900055,194,21,173
112900056,268,141,127
112900057,4,889,-885
112900058,313,100,213
112900059,89,157,-68
112900060,9,301,-292
112900061,65,223,-158
112900062,60,164,-104
112900063,64,9,55
112900064,246,142,104
112900065,57,13,44
112900066,160,57,103
112900067,677,142,535
112900068,32,13,19
112900069,3055,420,2635
112900071,22,2,20
112900072,219,525,-306
112900073,161,43,118
112900074,67,76,-9
112900075,2891,439,2452
112900076,69,9,60
112900078,127,203,-76
112900079,91,8,83
112900080,22,0,22
112900081,33,83,-50
112900082,238,11,227
112900083,32,46,-14
112900084,83,38,45
112900085,0,3,-3
112900086,22,0,22
112900087,257,62,195
112900088,42,2,40
112900089,470,5,465
112900090,10,9,1
112900091,62,1,61
112900092,135,110,25
112900093,750,18,732
112900094,22,0,22
112900095,10,0,10
112900096,271,92,179
112900097,47,470,-423
112900098,204,0,204
112900099,316,9,307
112900100,39,0,39
112900101,117,3,114
112900102,102,5,97
112900103,66,2,64
112900104,7,0,7
112900105,2,0,2
112900106,177,72,105
112900107,2,0,2
112900108,129,0,129
112900109,23,0,23
112900110,381,17,364
112900111,213,4,209
112900112,143,2,141
112900113,0,24,-24
112900114,21,43,-22
112900115,317,1,316
112900116,43,61,-18
112900117,114,166,-52
112900118,40,89,-49
112900119,50,0,50
112900120,775,239,536
112900121,325,241,84
112900122,17,173,-156
112900123,200,15,185
112900124,6,200,-194
112900125,98,366,-268
112900126,145,286,-141
112900127,167,66,101
112900128,556,838,-282
112900129,1,1282,-1281
112900130,152,51,101
112900131,43,243,-200
112900132,60,393,-333
112900133,24,1544,-1520
112900134,1,395,-394
112900135,56,17,39
112900136,0,47,-47
112900137,1,998,-997
112900138,9,666,-657
112900139,255,1356,-1101
112900140,0,126,-126
112900141,334,34,300
112900142,96,48,48
112900143,69,758,-689
112900144,5,339,-334
112900145,44,562,-518
112900146,8,1996,-1988
112900147,4,2959,-2955
112900148,24,0,24
112900149,144,638,-494
112900151,33,73,-40
112900152,6102,1421,4681
112900153,1906,949,957
112900154,0,119,-119
112900155,51,20,31
112900156,136,2490,-2354
112900157,69,0,69
112900158,14,17,-3
112900159,129,46,83
112900160,22,299,-277
112900161,42,32,10
112900162,38,10,28
112900163,149,21,128
112900164,23,117,-94
112900165,89,31,58
112900166,17,31,-14
112900167,25,30,-5
112900168,1,1,0
112900169,9,8,1
112900170,50,127,-77
112900172,97,1,96
112900173,345,117,228
112900174,171,25,146
112900175,175,79,96
112900176,5,20,-15
112900177,117,22,95
112900178,525,964,-439
112900179,44,645,-601
112900180,877,3012,-2135
112900181,245,3,242
112900182,29,1945,-1916
112900183,130,189,-59
112900184,337,304,33
112900185,383,457,-74
112900186,2169,560,1609
112900187,61,258,-197
112900188,675,278,397
112900189,22,24,-2
112900190,2,56,-54
112900192,417,231,186
112900193,1102,256,846
112900194,19,96,-77
112900195,434,16,418
112900196,224,554,-330
112900197,142,524,-382
112900199,236,741,-505
112900200,232,273,-41
112900201,63,78,-15
112900202,123,1235,-1112
112900203,71,398,-327
112900204,914,351,563
112900205,4,8,-4
112900206,9,50,-41
112900207,4,1,3
112900208,93,81,12
112900209,347,491,-144
112900210,0,23,-23
112900211,39,29,10
112900212,0,91,-91
112900213,8,15,-7
112900214,31,3,28
112900215,7,266,-259
112900216,34,54,-20
112900217,1,97,-96
112900218,11,24,-13
112900219,21,0,21
112900220,11,0,11
112900221,1,132,-131
112900222,2,18,-16
112900223,440,6,434
112900224,142,1021,-879
112900225,202,646,-444
112900226,352,264,88
112900227,203,1900,-1697
112900228,36,21,15
112900229,72,91,-19
112900230,9855,3022,6833
112900232,137,152,-15
112900233,20,203,-183
112900234,7,163,-156
112900235,43,17,26
112900236,66,16,50
112900237,55,416,-361
112900238,3,41,-38
112900239,428,220,208
113000001,5030,5670,-640
113000002,3931,4092,-161
113000003,2095,2006,89
113000004,2190,2573,-383
113000005,1272,1177,95
113000006,923,1461,-538
113000007,1124,1507,-383
113000008,1322,2069,-747
113000009,640,1017,-377
113000010,969,1949,-980
113000011,698,2262,-1564
113000012,1163,757,406
113000013,1203,522,681
113000014,2197,1802,395
113000015,1240,347,893
113000016,634,453,181
113000017,84,319,-235
113000018,183,39,144
113000019,63,285,-222
113000020,78,38,40
113000021,712,636,76
113000022,425,1446,-1021
113000025,54,295,-241
113000026,136,443,-307
113000027,643,385,258
113000028,1256,430,826
113000029,975,607,368
113000030,580,829,-249
113000031,425,247,178
113000032,330,237,93
113000033,529,400,129
113000034,679,410,269
113000035,18,40,-22
113000036,22,56,-34
113000037,73,63,10
113000038,11,69,-58
113000039,105,507,-402
113000040,49,98,-49
113000042,941,866,75
113000051,691,1759,-1068
113000052,2498,1365,1133
113000053,242,804,-562
113000054,160,963,-803
113000055,664,1105,-441
113000056,461,1665,-1204
113000058,736,1169,-433
113000059,1458,907,551
113000060,79,694,-615
113000061,619,974,-355
113000062,1607,207,1400
113000063,89,298,-209
113000064,23,499,-476
113000065,117,1352,-1235
113000066,325,98,227
113000067,983,1380,-397
113000068,314,2570,-2256
113000069,369,1756,-1387
113000070,980,855,125
113000071,302,983,-681
113000072,310,485,-175
113000073,538,1792,-1254
113000074,1083,284,799
113000075,2186,462,1724
113000076,1431,1777,-346
113000077,2066,441,1625
113000078,1538,1752,-214
113000079,853,718,135
113000080,845,528,317
113000081,1006,983,23
113000082,1378,839,539
113000083,627,783,-156
113000084,1491,1204,287
113000085,1058,582,476
113000086,1118,1080,38
113000087,1339,847,492
113000088,2294,1342,952
113000089,1148,1599,-451
113000090,296,329,-33
113000091,985,257,728
113000094,682,142,540
113000095,257,1265,-1008
113000096,160,1287,-1127
113000097,611,387,224
113000098,79,48,31
113000099,828,223,605
113000100,153,435,-282
113000101,339,578,-239
113000102,459,197,262
113000103,2661,635,2026
113000104,300,2152,-1852
113000105,609,422,187
113000106,335,580,-245
113000107,499,840,-341
113000108,769,1708,-939
113000109,581,3138,-2557
113000110,1454,391,1063
113000111,91,504,-413
113000112,282,241,41
113000113,2673,280,2393
113000114,408,1198,-790
113000116,801,272,529
113000117,827,214,613
113000118,169,319,-150
113000119,151,464,-313
113000120,39,193,-154
113000121,498,936,-438
113000124,146,147,-1
113000125,44,590,-546
113000127,4008,662,3346
113000128,500,540,-40
113000129,733,1323,-590
113000133,4968,1127,3841
113000134,6,566,-560
113000135,3365,2237,1128
113000137,3310,1599,1711
113000139,513,203,310
113000140,239,371,-132
113000141,558,105,453
113000142,939,1004,-65
113000143,418,197,221
113000144,428,680,-252
113000145,61,183,-122
113000146,115,96,19
113000147,172,178,-6
113000148,82,209,-127
113000149,122,154,-32
113000150,584,483,101
113000151,156,64,92
113000152,46,218,-172
113000153,2379,703,1676
113000154,924,1427,-503
113000155,284,436,-152
113000156,202,446,-244
113000157,282,939,-657
113000158,611,217,394
113000159,865,445,420
113000160,664,1407,-743
113000161,276,886,-610
113000162,603,416,187
113000163,61,43,18
113000164,34,133,-99
113000166,55,78,-23
113000167,28,220,-192
113000168,57,250,-193
113000169,107,44,63
113000170,72,73,-1
113000171,90,141,-51
113000172,265,145,120
113000173,47,10,37
113000174,143,694,-551
113000175,347,145,202
113000176,375,112,263
113000177,114,472,-358
113000178,229,472,-243
113000179,258,107,151
113000180,530,1487,-957
113000181,666,1133,-467
113000182,192,337,-145
113000183,175,626,-451
113000184,11,122,-111
113000189,569,680,-111
113000190,2154,551,1603
113000192,2767,1449,1318
113000193,5793,870,4923
113000194,2044,1178,866
113000195,2780,575,2205
113000196,57,110,-53
113000197,1397,917,480
113000198,28,322,-294
113000199,985,430,555
113000201,313,209,104
113000202,3641,1857,1784
113000203,489,186,303
113000204,2043,1343,700
113000205,21,39,-18
113000206,10,46,-36
113000207,49,30,19
113000208,49,85,-36
113000209,14,36,-22
113000210,3,44,-41
113000211,320,164,156
113000212,248,30,218
113000213,23,120,-97
113000214,58,218,-160
113000234,151,1560,-1409
113000410,198,137,61
113000411,3066,4715,-1649
113000412,12959,1858,11101
113000413,5329,2267,3062
113000414,15208,9083,6125
113000415,3457,2560,897
113000416,12243,3396,8847
113000417,4944,2979,1965
113000418,3735,2639,1096
113000419,2974,2071,903
113000420,4967,3427,1540
113000421,5115,4563,552
113000422,22043,8197,13846
113000423,3207,3580,-373
113000424,5679,6640,-961
113000425,8,110,-102
113000428,867,49,818
113000430,129,95,34
113000432,895,80,815
113000433,150,1123,-973
113000434,20,419,-399
113000435,16,1198,-1182
113000436,52,1758,-1706
113000437,265,12,253
113000438,93,12,81
113000439,12,197,-185
113000440,38,25,13
113000441,166,277,-111
113000442,125,429,-304
113000443,72,399,-327
113000444,67,415,-348
113000445,48,190,-142
113000446,23,99,-76
113000448,108,127,-19
113000449,368,891,-523
113000450,825,2097,-1272
113000451,1251,112,1139
113000452,533,325,208
113000453,93,266,-173
113000454,914,20,894
113000455,9,144,-135
113000456,4388,1987,2401
113000468,3347,457,2890
113000469,416,179,237
113000470,604,79,525
113000471,13,342,-329
113000472,69,333,-264
113000474,312,814,-502
113000475,1393,2195,-802
113000476,846,2216,-1370
113000477,1744,2507,-763
113000478,3454,7306,-3852
113000479,116,318,-202
113000480,138,72,66
113000485,0,0,0
113000486,0,0,0
113000487,0,0,0
113000488,0,0,0
113000489,0,0,0
113000490,0,0,0
113000491,0,0,0
113000492,0,0,0
113000493,0,0,0
113000495,160,296,-136
113000496,65,85,-20
113000497,0,0,0
113000499,1,0,1
113000500,0,1,-1
113900001,1,99,-98
113900002,3,140,-137
113900003,1,73,-72
113900004,0,26,-26
113900005,0,26,-26
113900006,3,15,-12
113900007,38,8,30
113900008,73,1,72
113900009,238,1,237
113900010,127,0,127
113900011,5,1,4
113900012,13,6,7
113900013,710,5,705
113900014,1082,7,1075
113900015,1,57,-56
113900016,33,0,33
113900017,2,68,-66
113900018,601,83,518
113900019,93,79,14
113900020,54,3,51
113900022,3,1,2
113900023,0,0,0
113900024,25,96,-71
113900025,442,31,411
113900026,36,0,36
113900027,8,101,-93
113900028,16,523,-507
113900029,58,377,-319
113900030,78,2,76
113900031,0,0,0
113900032,6,0,6
113900033,64,82,-18
113900035,29,1,28
113900036,6,108,-102
113900037,62,655,-593
113900038,78,46,32
113900039,77,4,73
113900040,0,10,-10
113900041,2,0,2
113900042,57,50,7
113900043,160,143,17
113900044,196,48,148
113900045,21,3,18
113900046,256,790,-534
113900047,20,192,-172
113900048,353,55,298
113900049,1108,189,919
113900050,151,427,-276
113900051,165,584,-419
113900052,245,120,125
113900053,598,115,483
113900054,6,3,3
113900055,125,600,-475
113900056,56,178,-122
113900057,12,156,-144
113900058,26,225,-199
113900059,87,400,-313
113900060,158,346,-188
113900061,1310,97,1213
113900062,53,20,33
113900063,129,168,-39
113900064,36,235,-199
113900065,801,23,778
113900066,179,507,-328
113900067,63,460,-397
113900068,332,486,-154
113900069,152,26,126
113900070,314,540,-226
113900071,25,75,-50
113900072,32,217,-185
113900073,131,495,-364
113900074,36,597,-561
113900075,795,1139,-344
113900076,187,6,181
113900077,31,327,-296
113900078,64,64,0
113900079,7,71,-64
113900080,299,190,109
113900081,30,298,-268
113900082,127,256,-129
113900083,148,1003,-855
113900084,165,134,31
113900085,34,388,-354
113900086,10,19,-9
113900087,34,261,-227
113900088,29,76,-47
113900089,363,37,326
113900090,377,346,31
113900091,22,30,-8
113900092,30,75,-45
113900093,56,480,-424
113900094,135,568,-433
113900095,154,74,80
113900096,110,47,63
113900097,6,151,-145
113900098,392,51,341
113900099,0,53,-53
113900100,0,1,-1
113900101,26,65,-39
113900102,114,81,33
113900103,210,250,-40
113900104,126,129,-3
113900105,31,421,-390
113900106,3,143,-140
113900107,0,17,-17
113900108,217,151,66
113900109,387,101,286
113900110,22,12,10
113900111,58,124,-66
113900112,40,93,-53
113900113,511,345,166
113900114,1,144,-143
113900115,1,97,-96
113900116,79,94,-15
113900117,75,22,53
113900118,159,238,-79
113900119,357,260,97
113900120,26,27,-1
113900121,33,97,-64
113900122,285,1542,-1257
113900123,315,139,176
113900124,0,38,-38
113900125,1514,136,1378
113900126,96,45,51
113900127,214,390,-176
113900128,99,44,55
113900129,14,102,-88
113900130,0,8,-8
113900131,77,83,-6
113900132,44,40,4
113900133,13,43,-30
113900135,177,470,-293
113900136,50,91,-41
113900137,256,146,110
113900138,72,184,-112
113900139,717,98,619
113900140,646,203,443
113900141,191,530,-339
113900142,69,114,-45
113900143,4,28,-24
113900144,386,134,252
113900145,128,216,-88
113900146,46,63,-17
113900148,168,202,-34
113900149,128,38,90
113900150,1562,658,904
113900151,173,229,-56
113900152,19,54,-35
113900153,528,552,-24
113900154,2,123,-121
113900155,266,68,198
113900156,189,655,-466
113900157,30,232,-202
113900158,558,156,402
113900159,17,295,-278
113900160,353,809,-456
113900161,44,132,-88
113900162,774,559,215
113900163,303,180,123
113900164,128,51,77
113900165,475,1098,-623
113900166,304,172,132
113900167,250,42,208
113900168,156,157,-1
113900169,185,444,-259
113900171,139,41,98
113900172,6,287,-281
113900173,62,752,-690
113900174,416,825,-409
113900175,250,66,184
113900176,200,891,-691
113900177,220,255,-35
113900178,213,170,43
113900179,17,779,-762
113900180,162,127,35
113900181,426,218,208
113900182,421,996,-575
113900183,57,77,-20
113900184,13,705,-692
113900185,119,100,19
113900186,33,67,-34
113900187,32,138,-106
113900188,41,209,-168
113900189,252,56,196
113900190,373,115,258
113900191,138,326,-188
113900192,10,300,-290
113900193,26,307,-281
113900194,2305,1096,1209
113900195,277,499,-222
113900196,1,135,-134
113900197,5,356,-351
113900198,15,142,-127
113900199,214,827,-613
113900200,16,259,-243
113900201,0,338,-338
113900202,44,340,-296
113900203,0,286,-286
113900204,40,679,-639
113900205,11,184,-173
113900206,2,136,-134
113900207,0,65,-65
113900208,4,66,-62
113900209,0,111,-111
113900210,521,615,-94
113900211,165,26,139
113900212,130,728,-598
113900214,599,377,222
113900215,19,136,-117
113900216,51,1576,-1525
113900217,32,383,-351
113900218,88,44,44
113900219,104,709,-605
113900220,76,47,29
113900221,308,147,161
113900222,437,300,137
113900223,66,1452,-1386
113900224,168,61,107
113900225,960,251,709
113900226,291,161,130
113900227,388,169,219
113900228,462,285,177
113900229,84,480,-396
113900230,5592,1526,4066
113900231,134,257,-123
113900232,55,147,-92
113900233,28,47,-19
113900234,142,307,-165
113900235,73,48,25
113900236,25,476,-451
113900237,82,10,72
113900238,201,324,-123
113900239,49,27,22
113900240,4,94,-90
113900241,97,82,15
113900242,43,173,-130
113900243,191,409,-218
113900244,579,128,451
113900245,1692,281,1411
113900246,25,9,16
113900247,172,175,-3
113900248,5125,989,4136
113900249,1405,194,1211
113900250,37,99,-62
113900251,294,223,71
113900252,328,21,307
113900253,419,28,391
113900254,317,88,229
113900255,254,22,232
113900256,309,24,285
113900257,46,833,-787
113900258,10,763,-753
113900259,275,272,3
113900260,74,27,47
113900261,18,169,-151
113900262,130,888,-758
113900263,87,539,-452
113900264,7,735,-728
113900265,108,275,-167
113900266,15,351,-336
113900267,104,462,-358
113900268,177,337,-160
113900269,53,125,-72
113900270,255,367,-112
113900271,479,1645,-1166
113900273,14,1,13
113900274,19,10,9
113900275,22,72,-50
113900276,9,388,-379
113900277,36,1,35
113900278,352,156,196
113900279,122,95,27
113900280,1591,814,777
113900281,289,957,-668
113900282,964,484,480
113900283,272,462,-190
113900284,1039,115,924
113900285,105,51,54
113900286,47,168,-121
113900287,22,89,-67
113900288,0,78,-78
113900289,1828,68,1760
113900290,588,91,497
113900291,186,218,-32
113900292,7,11,-4
113900293,2,199,-197
113900294,263,19,244
113900295,483,269,214
113900296,3183,404,2779
113900297,573,24,549
113900298,6,1582,-1576
113900299,20,128,-108
113900300,7537,2320,5217
113900301,1012,357,655
113900302,2967,647,2320
113900303,718,232,486
113900304,1,210,-209
113900305,31,0,31
113900306,4,0,4
113900307,10,0,10
113900308,105,109,-4
113900309,3,1096,-1093
113900310,0,11,-11
113900311,4,0,4
113900312,62,93,-31
113900313,20,8,12
114000001,1128,4125,-2997
114000002,160,529,-369
114000003,45,392,-347
114000004,288,475,-187
114000005,163,315,-152
114000006,4009,2154,1855
114000007,654,1488,-834
114000008,1468,1086,382
114000009,288,207,81
114000011,2286,3781,-1495
114000012,1376,3174,-1798
114000013,1100,2438,-1338
114000014,376,553,-177
114000015,722,605,117
114000016,150,469,-319
114000017,119,243,-124
114000018,509,107,402
114000026,782,1926,-1144
114000027,1392,2288,-896
114000028,1630,2064,-434
114000038,105,236,-131
114000039,41,134,-93
114000040,74,210,-136
114000042,90,246,-156
114000043,27,265,-238
114000044,77,93,-16
114000045,29,102,-73
114000046,2598,5106,-2508
114000047,7,79,-72
114000048,88,75,13
114000049,1647,982,665
114000050,1730,1040,690
114000051,3645,1507,2138
114000052,2771,1402,1369
114000053,41,479,-438
114000054,85,1830,-1745
114000055,164,18,146
114000056,1824,639,1185
114000057,9804,2787,7017
114000058,787,629,158
114000059,348,143,205
114000060,423,869,-446
114000061,3629,1259,2370
114000062,3078,674,2404
114000063,4126,1927,2199
114000064,10691,2804,7887
114000065,2434,2353,81
114000066,182,672,-490
114000067,25,321,-296
114000068,416,402,14
114000069,1020,457,563
114000070,2597,1393,1204
114000071,423,809,-386
114000072,139,454,-315
114000073,17,161,-144
114000074,9,21,-12
114000075,33,245,-212
114000076,14,285,-271
114000077,2,71,-69
114000078,129,1663,-1534
114000079,37,32,5
114000080,114,136,-22
114000081,44,110,-66
114000082,52,682,-630
114000083,34,371,-337
114000084,129,56,73
114000085,103,1112,-1009
114000086,149,799,-650
114000087,26,270,-244
114000088,69,89,-20
114000089,1804,575,1229
114000090,592,519,73
114000091,1785,331,1454
114000092,966,282,684
114000093,695,551,144
114000094,256,368,-112
114000095,85,80,5
114000096,104,710,-606
114000097,100,1437,-1337
114000098,215,55,160
114000099,199,1152,-953
114000100,507,901,-394
114000101,241,1695,-1454
114000102,166,364,-198
114000103,84,676,-592
114000104,4,368,-364
114000105,38,36,2
114000106,927,362,565
114000107,84,171,-87
114000108,2409,1466,943
114000109,239,452,-213
114000110,510,2048,-1538
114000111,762,557,205
114000112,284,1852,-1568
114000113,572,443,129
114000114,1215,1748,-533
114000115,983,629,354
114000116,352,511,-159
114000117,1210,409,801
114000118,1039,318,721
114000119,735,257,478
114000120,500,1087,-587
114000121,329,548,-219
114000122,280,302,-22
114000123,789,246,543
114000124,355,307,48
114000125,656,1991,-1335
114000126,858,187,671
114000127,83,276,-193
114000128,621,628,-7
114000130,265,554,-289
114000131,94,41,53
114000132,543,907,-364
114000133,1330,1511,-181
114000134,45,245,-200
114000138,11,231,-220
114000139,308,100,208
114000144,579,325,254
114000145,86,280,-194
114000146,129,410,-281
114000147,943,910,33
114000148,2544,1355,1189
114000149,280,167,113
114000150,927,523,404
114000151,743,692,51
114000152,171,14,157
114000153,1028,1269,-241
114000154,645,607,38
114000155,1351,1451,-100
114000156,705,420,285
114000157,206,764,-558
114000158,2722,715,2007
114000159,227,382,-155
114000160,162,200,-38
114000161,1603,1144,459
114000162,801,824,-23
114000163,13,182,-169
114000165,170,164,6
114000166,636,173,463
114000167,4961,1242,3719
114000168,774,732,42
114000169,2041,640,1401
114000170,1165,421,744
114000171,616,920,-304
114000174,163,518,-355
114000176,570,383,187
114000177,2479,941,1538
114000178,46,80,-34
114000179,1324,712,612
114000180,449,644,-195
114000181,1625,2119,-494
114000182,7516,2262,5254
114000183,1163,853,310
114000184,589,2240,-1651
114000185,786,994,-208
114000189,475,80,395
114000190,1245,197,1048
114000191,17,38,-21
114000192,424,1822,-1398
114000193,1116,3766,-2650
114000194,1142,1494,-352
114000195,51,14,37
114000196,1,420,-419
114000197,643,30,613
114000198,1442,509,933
114000199,2128,1277,851
114000200,529,2932,-2403
114000201,129,1309,-1180
114000202,894,980,-86
114000203,341,944,-603
114000204,113,435,-322
114000205,255,2050,-1795
114000206,383,1529,-1146
114000207,587,2637,-2050
114000208,397,3845,-3448
114000209,639,3774,-3135
114000210,421,1950,-1529
114000211,809,1635,-826
114000212,579,957,-378
114000213,944,583,361
114000214,105,294,-189
114000215,98,82,16
114000216,754,370,384
114000217,82,431,-349
114000218,96,414,-318
114000219,657,435,222
114000220,16,1617,-1601
114000221,301,146,155
114000222,226,1487,-1261
114000223,345,53,292
114000224,121,784,-663
114000225,147,592,-445
114000226,53,248,-195
114000227,466,544,-78
114000228,530,1008,-478
114000229,556,1272,-716
114000230,1289,1677,-388
114000231,711,1300,-589
114000232,303,105,198
114000233,1255,100,1155
114000234,774,1242,-468
114000235,722,1780,-1058
114000236,2,591,-589
114000237,71,1411,-1340
114000238,30,159,-129
114000239,185,1721,-1536
114000240,556,710,-154
114000241,250,1114,-864
114000242,968,1043,-75
114000243,1001,757,244
114000244,484,444,40
114000245,321,677,-356
114000246,120,38,82
114000247,464,769,-305
114000248,662,502,160
114000249,369,524,-155
114000250,421,629,-208
114000251,218,357,-139
114000252,48,134,-86
114000253,54,226,-172
114000254,10,146,-136
114000255,489,161,328
114000256,2535,567,1968
114000257,551,2372,-1821
114000258,115,654,-539
114000259,49,274,-225
114000260,0,35,-35
114000261,23,22,1
114000262,43,203,-160
114000263,6,3,3
114000264,305,920,-615
114000265,0,24,-24
114000267,5,1203,-1198
114000268,6,2654,-2648
114000270,105,4,101
114000271,271,141,130
114000283,574,514,60
114000285,42,333,-291
114000288,53,483,-430
114000289,813,74,739
114000293,91,436,-345
114000294,176,316,-140
114000395,784,44,740
114000396,208,283,-75
114000402,203,379,-176
114000403,197,688,-491
114000405,97,741,-644
114000423,130,687,-557
114000424,241,290,-49
114000425,219,873,-654
114000426,267,594,-327
114000427,28,86,-58
114000428,307,101,206
114000429,8,233,-225
114000432,46,162,-116
114000434,8,119,-111
114000435,5,202,-197
114000436,6059,1770,4289
114000437,310,900,-590
114900001,271,1691,-1420
114900002,508,103,405
114900003,265,2594,-2329
114900004,163,224,-61
114900005,225,1273,-1048
114900006,19,37,-18
114900007,103,13,90
114900008,72,35,37
114900010,3200,1522,1678
114900011,69,95,-26
114900013,82,58,24
114900015,42,233,-191
114900018,720,33,687
114900020,92,46,46
114900022,2,739,-737
114900024,101,142,-41
114900025,170,288,-118
114900026,30,76,-46
114900027,150,255,-105
114900029,7,11,-4
114900030,142,227,-85
114900031,108,34,74
114900032,108,47,61
114900033,1507,222,1285
114900034,34,309,-275
114900035,158,316,-158
114900036,200,1264,-1064
114900037,55,291,-236
114900038,143,1262,-1119
114900039,383,784,-401
114900040,36,239,-203
114900041,239,835,-596
114900042,358,1150,-792
114900043,886,389,497
114900044,72,14,58
114900046,36,162,-126
114900047,173,1090,-917
114900048,67,215,-148
114900049,13,298,-285
114900050,16,665,-649
114900051,29,683,-654
114900052,109,242,-133
114900053,127,266,-139
114900054,48,149,-101
114900057,193,10,183
114900058,1,92,-91
114900059,27,28,-1
114900060,1606,359,1247
114900061,59,202,-143
114900062,217,282,-65
114900063,55,291,-236
114900064,668,949,-281
114900065,202,723,-521
114900067,17,456,-439
114900068,72,232,-160
114900069,174,179,-5
114900070,185,695,-510
114900072,8,326,-318
114900073,1,199,-198
114900074,145,1071,-926
114900075,102,2,100
114900076,12,447,-435
114900080,3730,484,3246
114900082,4532,1454,3078
114900083,677,793,-116
114900090,131,131,0
114900091,158,191,-33
114900095,520,134,386
114900096,494,637,-143
114900097,36,0,36
114900098,5,250,-245
114900099,53,10,43
115000001,10017,7508,2509
115000002,2752,3033,-281
115000003,4033,5438,-1405
115000004,2340,4088,-1748
115000005,1370,3406,-2036
115000006,446,1313,-867
115000007,41,144,-103
115000008,420,471,-51
115000009,106,290,-184
115000010,196,162,34
115000013,129,127,2
115000015,72,151,-79
115000016,195,249,-54
115000019,12,453,-441
115000020,175,433,-258
115000021,225,445,-220
115000022,562,454,108
115000023,284,366,-82
115000024,1181,628,553
115000025,719,494,225
115000026,159,479,-320
115000027,129,317,-188
115000028,128,744,-616
115000029,353,174,179
115000030,306,930,-624
115000031,721,272,449
115000032,4,331,-327
115000033,121,16,105
115000034,130,1267,-1137
115000035,893,46,847
115000036,3,490,-487
115000037,291,1,290
115000038,33,186,-153
115000039,3299,1919,1380
115000040,7491,2989,4502
115000041,913,2204,-1291
115000042,780,730,50
115000043,2818,2997,-179
115000044,3738,5261,-1523
115000045,1895,2839,-944
115000046,1268,2672,-1404
115000047,1218,2177,-959
115000048,1252,3540,-2288
115000049,1508,3393,-1885
115000050,2278,2001,277
115000051,2529,1500,1029
115000052,3724,2236,1488
115000053,1400,1353,47
115000054,991,1544,-553
115000055,104,374,-270
115000056,158,329,-171
115000057,255,630,-375
115000058,172,168,4
115000059,155,231,-76
115000061,168,94,74
115000062,136,340,-204
115000063,187,362,-175
115000064,254,209,45
115000065,13,251,-238
115000067,280,33,247
115000069,37,436,-399
115000070,51,835,-784
115000071,78,14,64
115000072,23,85,-62
115000073,1666,58,1608
115000075,48,37,11
115000076,3425,4191,-766
115000077,1101,4387,-3286
115000078,481,2300,-1819
115000079,801,2675,-1874
115000080,1409,3028,-1619
115000081,410,1069,-659
115000082,2470,3039,-569
115000083,1767,4095,-2328
115000084,1092,1188,-96
115000085,451,1342,-891
115000086,565,1085,-520
115000087,615,1816,-1201
115000088,1473,685,788
115000089,1642,1727,-85
115000090,1008,741,267
115000091,264,1646,-1382
115000092,291,292,-1
115000093,388,0,388
115000094,9362,5089,4273
115000095,7543,4783,2760
115000096,516,2575,-2059
115000097,415,883,-468
115000098,563,1031,-468
115000099,1350,3944,-2594
115000100,598,584,14
115000101,355,1981,-1626
115000102,302,194,108
115000103,366,1016,-650
115000105,71,275,-204
115000106,264,257,7
115000107,106,796,-690
115000108,4802,3423,1379
115000109,6441,2590,3851
115000110,1261,752,509
115000111,891,1747,-856
115000112,849,513,336
115000113,1105,961,144
115000114,2120,974,1146
115000116,3289,1434,1855
115000117,4142,1973,2169
115000118,1891,1326,565
115000119,1850,1841,9
115000120,548,593,-45
115000121,2015,971,1044
115000122,5766,844,4922
115000123,2586,1266,1320
115000124,622,719,-97
115000125,327,724,-397
115000126,157,365,-208
115000127,269,155,114
115000128,1124,791,333
115000129,245,148,97
115000130,313,1295,-982
115000131,363,237,126
115000132,157,589,-432
115000133,194,418,-224
115000134,209,207,2
115000135,110,300,-190
115000136,69,184,-115
115000137,49,227,-178
115000138,115,232,-117
115000139,157,324,-167
115000140,112,233,-121
115000141,95,455,-360
115000142,61,428,-367
115000143,278,543,-265
115000144,311,103,208
115000145,164,636,-472
115000146,190,214,-24
115000147,384,602,-218
115000148,318,1902,-1584
115000149,329,199,130
115000150,702,1583,-881
115000151,433,537,-104
115000152,501,2111,-1610
115000153,492,463,29
115000154,406,393,13
115000155,415,1448,-1033
115000156,891,629,262
115000157,1125,1048,77
115000158,827,400,427
115000159,852,444,408
115000160,695,603,92
115000161,602,675,-73
115000162,699,485,214
115000163,696,610,86
115000164,650,562,88
115000165,347,366,-19
115000167,78,48,30
115000168,610,254,356
115000169,798,374,424
115000170,124,144,-20
115000171,174,154,20
115000172,2145,641,1504
115000173,284,257,27
115000174,97,212,-115
115000175,93,62,31
115000176,285,44,241
115000177,270,72,198
115000178,10,344,-334
115000179,22,17,5
115000180,64,925,-861
115000181,252,125,127
115000182,410,522,-112
115000183,165,1315,-1150
115000186,482,326,156
115000187,147,782,-635
115000188,440,494,-54
115000189,260,452,-192
115000190,722,559,163
115000191,262,474,-212
115000194,144,119,25
115000195,259,160,99
115000196,57,175,-118
115000197,94,607,-513
115000198,107,309,-202
115000199,142,451,-309
115000200,243,117,126
115000201,59,476,-417
115000206,138,88,50
115000207,55,484,-429
115000208,640,822,-182
115000209,542,194,348
115000210,86,107,-21
115000211,211,234,-23
115000212,1651,355,1296
115000224,134,77,57
115000225,103,50,53
115000229,255,177,78
115000230,125,518,-393
115000231,309,3093,-2784
115000232,834,378,456
115000233,75,240,-165
115000234,16,274,-258
115000241,39,381,-342
115000242,50,379,-329
115000243,16,303,-287
115000244,4,98,-94
115000246,22,13,9
115000247,15,5,10
115000248,19,4,15
115000249,24,23,1
115000250,138,64,74
115000251,85,168,-83
115000252,33,195,-162
115000253,9,204,-195
115000258,131,218,-87
115000259,363,202,161
115000261,4,36,-32
115000262,10,21,-11
115000263,10,45,-35
115000264,9,52,-43
115000267,38,77,-39
115000268,27,114,-87
115000269,72,83,-11
115000270,4,25,-21
115000272,60,175,-115
115000273,308,45,263
115000280,3747,84,3663
115000281,1157,173,984
115000282,1624,578,1046
115000284,416,71,345
115000296,584,9,575
115000297,92,53,39
115000298,49,137,-88
115000300,46,251,-205
115000302,193,327,-134
115000303,328,248,80
115000304,341,125,216
115000305,80,1484,-1404
115000306,79,669,-590
115000307,78,361,-283
115000308,71,24,47
115000309,18,11,7
115000310,611,1767,-1156
115000311,397,1568,-1171
115000313,76,1014,-938
115000314,193,47,146
115000315,1500,269,1231
115000316,35,100,-65
115000317,143,810,-667
115000318,697,255,442
115000319,57,333,-276
115000320,10,239,-229
115000321,535,9,526
115000322,41,312,-271
115000449,460,121,339
115000557,0,494,-494
115000558,138,66,72
115000587,256,373,-117
115000588,2148,4420,-2272
115000589,2289,2667,-378
115000590,846,1698,-852
115000591,1334,825,509
115000592,797,1539,-742
115000593,1239,556,683
115000594,1104,1447,-343
115000609,75,106,-31
115000617,2684,1511,1173
115000624,146,133,13
115000633,432,1948,-1516
115000634,2814,930,1884
115000635,215,132,83
115000638,1566,917,649
115000641,86,158,-72
115000642,454,219,235
115000643,99,446,-347
115000644,129,466,-337
115000646,644,1040,-396
115000647,149,530,-381
115000648,923,2095,-1172
115000893,4066,1046,3020
115000894,74,1298,-1224
115000895,232,886,-654
115000896,747,325,422
115000897,528,90,438
115000898,960,205,755
115000899,1195,1012,183
115000900,108,305,-197
115000901,57,88,-31
115000912,157,90,67
115000913,2,62,-60
115000915,17,1,16
115000916,6,0,6
115000917,0,3,-3
115000918,103,158,-55
115000919,14,2,12
115000920,8,47,-39
115000921,1601,104,1497
115000922,905,448,457
115000923,485,787,-302
115000925,28,74,-46
115000927,13,26,-13
115000933,314,108,206
115000934,56,275,-219
115000935,109,129,-20
115000936,50,220,-170
115000937,700,115,585
115000938,75,111,-36
115000939,99,85,14
115900001,26,73,-47
115900002,157,174,-17
115900003,96,202,-106
115900004,1,77,-76
115900005,79,4,75
115900006,72,450,-378
115900008,12,27,-15
115900009,65,334,-269
115900010,171,284,-113
115900011,202,357,-155
115900012,41,124,-83
115900013,424,177,247
115900014,82,176,-94
115900015,28,144,-116
115900016,82,38,44
115900017,0,2,-2
115900018,246,115,131
115900019,847,27,820
115900020,42,0,42
115900021,2191,114,2077
115900022,2329,12,2317
115900023,29,1,28
115900025,142,193,-51
115900026,993,443,550
115900027,0,481,-481
115900028,677,71,606
115900029,7,597,-590
115900030,37,9,28
115900031,482,193,289
115900032,363,931,-568
115900033,0,55,-55
115900034,20,715,-695
115900035,43,231,-188
115900036,239,293,-54
115900037,20,636,-616
115900038,13,5,8
115900039,100,386,-286
115900041,277,297,-20
115900042,9,2,7
115900043,45,157,-112
115900044,275,302,-27
115900046,153,329,-176
115900047,64,60,4
115900049,93,221,-128
115900051,4,124,-120
115900052,11,368,-357
115900053,85,351,-266
115900054,59,110,-51
115900055,27,181,-154
115900056,101,521,-420
115900057,12,2,10
115900058,36,97,-61
115900060,32,154,-122
115900061,84,2,82
115900062,17,444,-427
115900063,49,16,33
115900064,151,300,-149
115900065,44,181,-137
115900066,207,198,9
115900067,9,994,-985
115900068,4446,142,4304
115900069,81,245,-164
115900070,93,343,-250
115900071,0,781,-781
115900072,73,272,-199
115900073,16,42,-26
115900074,2,416,-414
115900075,10,423,-413
115900076,2,123,-121
115900077,6,386,-380
115900078,30,192,-162
115900079,91,12,79
115900080,444,210,234
115900081,13,128,-115
115900082,159,181,-22
115900084,145,78,67
115900085,63,46,17
115900086,1783,523,1260
115900088,60,37,23
115900089,123,985,-862
115900090,124,35,89
115900091,5,22,-17
115900092,22,340,-318
115900093,2,51,-49
115900094,10,538,-528
115900096,0,30,-30
115900097,16,747,-731
115900098,82,524,-442
115900099,49,120,-71
115900100,6,668,-662
115900101,102,517,-415
115900102,9,100,-91
115900103,155,336,-181
115900104,22,212,-190
115900105,58,995,-937
115900106,21,31,-10
115900107,11,239,-228
115900108,39,57,-18
115900109,74,529,-455
115900110,0,16,-16
115900111,1,74,-73
115900112,22,1110,-1088
115900113,18,26,-8
115900114,6,194,-188
115900115,50,156,-106
115900116,109,1262,-1153
115900117,26,23,3
115900118,3,489,-486
115900119,60,119,-59
115900120,17,530,-513
115900121,82,296,-214
115900124,184,354,-170
115900125,156,37,119
115900126,414,84,330
115900127,436,34,402
115900128,10,56,-46
115900129,533,25,508
115900130,21,186,-165
115900131,182,34,148
115900132,231,5,226
115900134,111,5,106
115900135,559,535,24
115900137,2,4,-2
115900139,116,56,60
115900140,144,11,133
115900141,7,53,-46
115900142,8,11,-3
115900143,79,263,-184
115900144,25,211,-186
115900146,11,205,-194
115900147,170,237,-67
115900148,5,18,-13
115900149,20,34,-14
115900150,20,85,-65
115900151,28,63,-35
115900152,24,420,-396
115900153,45,315,-270
115900154,639,320,319
115900155,0,83,-83
115900156,457,927,-470
115900157,51,395,-344
115900158,32,8,24
115900159,27,280,-253
115900160,9,5,4
115900161,34,227,-193
115900163,105,164,-59
115900164,139,37,102
115900165,3,122,-119
115900166,202,280,-78
115900168,38,221,-183
115900171,67,472,-405
115900172,19,174,-155
115900173,131,163,-32
115900174,275,249,26
115900175,65,191,-126
115900178,4,882,-878
115900179,103,39,64
115900180,33,393,-360
115900181,52,303,-251
115900182,203,435,-232
115900183,147,23,124
115900184,1891,17,1874
115900187,4,109,-105
115900189,0,78,-78
115900190,681,506,175
115900191,40,533,-493
115900192,9,66,-57
115900193,88,42,46
115900194,270,22,248
115900195,585,947,-362
115900198,189,243,-54
115900199,152,317,-165
115900200,245,357,-112
115900201,323,202,121
115900202,1,43,-42
115900203,5,10,-5
115900204,1,0,1
115900205,49,8,41
115900206,66,147,-81
115900207,13,16,-3
115900208,47,410,-363
115900209,1,159,-158
115900210,5,178,-173
115900211,2,204,-202
115900212,28,335,-307
115900213,63,18,45
115900214,136,342,-206
115900215,18,25,-7
115900216,3,56,-53
115900217,8,52,-44
115900218,1,41,-40
115900219,29,12,17
115900220,50,13,37
115900221,32,7,25
115900222,33,3,30
115900223,17,61,-44
115900224,1805,334,1471
115900225,82,27,55
115900226,36,30,6
115900227,7,56,-49
115900228,3,35,-32
115900229,7,53,-46
115900230,57,114,-57
115900231,63,3,60
115900232,18,0,18
115900233,58,3,55
115900234,22,15,7
115900235,3,22,-19
115900236,21,4,17
115900237,6,28,-22
115900238,24,11,13
115900239,13,30,-17
115900240,1,64,-63
115900241,76,74,2
115900242,164,150,14
115900243,7,5,2
115900244,7,14,-7
115900245,14,22,-8
115900246,20,2,18
115900247,9,6,3
115900248,7,1,6
115900249,2,5,-3
115900250,1,16,-15
115900251,0,5,-5
115900252,0,2,-2
115900253,2,12,-10
115900254,18,17,1
115900255,5,5,0
115900256,23,8,15
115900257,1,3,-2
115900258,0,3,-3
115900259,7,2,5
115900260,10,1,9
115900261,6,2,4
115900262,6,1,5
115900263,3,4,-1
115900264,18,17,1
115900265,0,10,-10
115900266,3,6,-3
115900267,2,7,-5
115900268,7,6,1
115900269,208,528,-320
115900270,166,895,-729
115900271,40,1,39
115900272,8,4,4
115900273,1,5,-4
115900274,0,19,-19
115900275,0,41,-41
115900276,0,105,-105
115900277,0,139,-139
115900278,18,106,-88
115900279,13,118,-105
115900280,21,187,-166
115900281,495,91,404
115900282,6,6,0
116000001,22479,5454,17025
116000002,4701,4771,-70
116000003,1410,2030,-620
116000004,1256,1831,-575
116000005,2873,3605,-732
116000006,1503,1181,322
116000007,5536,4489,1047
116000008,5043,1514,3529
116000009,1809,3147,-1338
116000010,1314,896,418
116000011,781,2091,-1310
116000012,586,578,8
116000013,19160,5006,14154
116000014,23482,6387,17095
116000015,690,820,-130
116000016,10507,2250,8257
116000017,42,445,-403
116000018,840,392,448
116000019,810,303,507
116000020,414,1322,-908
116000021,193,253,-60
116000022,364,626,-262
116000023,629,475,154
116000024,741,1951,-1210
116000025,580,514,66
116000026,1735,2929,-1194
116000027,549,667,-118
116000028,329,600,-271
116000029,1159,627,532
116000030,329,347,-18
116000031,214,237,-23
116000032,361,331,30
116000033,243,633,-390
116000034,426,1141,-715
116000035,316,745,-429
116000036,2432,625,1807
116000037,731,573,158
116000038,523,411,112
116000039,833,331,502
116000040,873,405,468
116000041,343,614,-271
116000042,355,370,-15
116000043,78,540,-462
116000044,1,62,-61
116000045,1324,1371,-47
116000046,1265,842,423
116000047,2041,1913,128
116000048,2166,1844,322
116000049,748,2135,-1387
116000050,1101,1621,-520
116000051,2366,1964,402
116000052,2889,3766,-877
116000053,1391,1186,205
116000054,536,2840,-2304
116000055,299,1792,-1493
116000056,539,1053,-514
116000057,3345,2730,615
116000058,3421,2093,1328
116000059,3113,3922,-809
116000060,3228,992,2236
116000061,441,876,-435
116000062,619,288,331
116000063,462,1044,-582
116000066,133,319,-186
116000067,232,669,-437
116000068,131,204,-73
116000069,243,570,-327
116000078,204,977,-773
116000080,1106,1211,-105
116000082,10,158,-148
116000083,818,346,472
116000084,2399,4254,-1855
116000085,1488,1039,449
116000086,2345,1474,871
116000087,872,987,-115
116000088,878,1568,-690
116000089,128,105,23
116000090,157,165,-8
116000091,144,95,49
116000093,1842,900,942
116000094,409,859,-450
116000095,495,780,-285
116000096,515,1610,-1095
116000097,403,803,-400
116000098,205,5213,-5008
116000099,10497,338,10159
116000100,72,11,61
116000101,346,2087,-1741
116000102,230,1656,-1426
116000103,309,224,85
116000104,138,1834,-1696
116000105,495,303,192
116000106,518,1325,-807
116000107,1874,496,1378
116000108,207,188,19
116000111,36,31,5
116000113,162,48,114
116000114,46,209,-163
116000115,168,64,104
116000116,227,723,-496
116000117,833,1868,-1035
116000118,878,1699,-821
116000119,1502,1618,-116
116000120,2603,5913,-3310
116000121,506,397,109
116000122,1331,2966,-1635
116000123,464,353,111
116000124,317,1527,-1210
116000125,1298,495,803
116000126,319,1763,-1444
116000127,1091,1766,-675
116000128,940,669,271
116000129,557,213,344
116000130,259,279,-20
116000133,401,951,-550
116000134,1261,3411,-2150
116000135,1139,1269,-130
116000136,1039,2833,-1794
116000137,617,526,91
116000138,1757,476,1281
116000139,1701,2771,-1070
116000140,64,273,-209
116000141,399,1289,-890
116000142,4257,4866,-609
116000143,1881,1384,497
116000144,1005,3661,-2656
116000145,1356,1490,-134
116000146,248,552,-304
116000147,182,138,44
116000148,273,402,-129
116000149,319,613,-294
116000151,364,1123,-759
116000153,62,362,-300
116000155,141,211,-70
116000156,2390,1610,780
116000157,22,27,-5
116000158,335,444,-109
116000159,12,9,3
116000160,19,225,-206
116000161,14,191,-177
116000162,82,54,28
116000163,16,12,4
116000164,6,14,-8
116000177,295,114,181
116000194,59,588,-529
116000195,1379,723,656
116000196,27,11,16
116000197,1,11,-10
116000198,2409,1101,1308
116000200,896,215,681
116000201,537,750,-213
116000202,8,383,-375
116000203,4,103,-99
116000204,21,50,-29
116000205,1,207,-206
116000206,1,93,-92
116000207,0,31,-31
116000233,148,1015,-867
116000287,69,746,-677
116000288,65,327,-262
116000292,39,242,-203
116000296,0,242,-242
116000297,49,12,37
116000304,22,24,-2
116000305,3,179,-176
116000346,119,245,-126
116000352,89,85,4
116000354,27,13,14
116000357,3,12,-9
116000358,116,37,79
116000361,99,2,97
116000372,10228,2000,8228
116000381,51,0,51
116000388,1,57,-56
116000389,637,621,16
116000445,159,1000,-841
116000446,161,1276,-1115
116000447,7,504,-497
116000448,532,256,276
116000563,1113,679,434
116000565,96,503,-407
116000568,38,170,-132
116000579,20,168,-148
116000584,6,16,-10
116000585,20,22,-2
116000586,255,97,158
116000587,415,760,-345
116000589,26,114,-88
116000590,68,52,16
116000591,71,371,-300
116000592,21,211,-190
116000593,0,57,-57
116000594,227,870,-643
116000595,324,284,40
116000596,56,3,53
116000597,114,66,48
116000598,8,272,-264
116000602,144,268,-124
116000605,234,181,53
116000606,28,143,-115
116000607,3,91,-88
116000609,289,583,-294
116000611,55,705,-650
116000612,498,1665,-1167
116000613,202,364,-162
116000614,409,1038,-629
116000615,0,120,-120
116000616,14,193,-179
116000617,44,151,-107
116000618,3,223,-220
116000619,11,50,-39
116000620,52,84,-32
116000621,22,70,-48
116000622,24,183,-159
116000624,57,73,-16
116000627,12,42,-30
116000628,24,995,-971
116000629,8,694,-686
116000630,142,94,48
116000631,37,80,-43
116000632,131,664,-533
116000633,14,851,-837
116000634,147,18,129
116000635,2571,1452,1119
116000636,1181,829,352
116000637,55,1,54
116000638,3,523,-520
116900001,164,145,19
116900002,283,6,277
116900003,8,132,-124
116900004,30,30,0
116900005,85,56,29
116900006,177,163,14
116900007,99,226,-127
116900008,184,592,-408
116900009,16,9,7
116900010,4,1963,-1959
116900011,7,49,-42
116900012,106,257,-151
116900013,7,338,-331
116900014,55,574,-519
116900015,97,98,-1
116900016,73,1,72
116900017,5,869,-864
116900018,35,15,20
116900019,0,487,-487
116900020,2290,336,1954
116900023,34,15,19
116900024,262,89,173
116900025,375,1400,-1025
116900026,221,814,-593
116900027,14,31,-17
116900028,3,148,-145
116900029,1,9,-8
116900031,0,12,-12
116900032,4,523,-519
116900033,2,2,0
116900034,6,74,-68
116900035,63,214,-151
116900036,1,135,-134
116900038,8,1,7
116900041,91,14,77
116900042,1252,217,1035
116900043,6,68,-62
116900047,120,45,75
116900049,54,325,-271
116900050,62,437,-375
116900051,36,421,-385
116900052,164,112,52
116900055,0,11,-11
116900057,14,357,-343
116900058,34,457,-423
116900059,3,223,-220
116900060,140,281,-141
116900062,2,4,-2
116900064,52,1297,-1245
116900065,5,107,-102
116900067,57,186,-129
116900068,101,609,-508
116900070,0,2,-2
116900072,10,605,-595
116900073,6,274,-268
116900074,3,62,-59
116900076,12,17,-5
116900077,12,247,-235
116900078,244,186,58
116900079,11,460,-449
116900080,19,45,-26
116900081,340,1661,-1321
116900082,242,1238,-996
116900083,42,69,-27
116900084,187,76,111
116900085,31,192,-161
116900086,24,291,-267
116900088,500,56,444
116900090,197,65,132
116900091,107,104,3
116900092,69,955,-886
116900093,1966,1805,161
116900094,8560,2242,6318
116900095,113,207,-94
116900096,92,112,-20
116900097,4457,1510,2947
116900098,1246,261,985
116900099,599,394,205
116900100,375,25,350
116900101,287,895,-608
116900103,7,0,7
116900104,28,78,-50
116900105,263,47,216
116900106,639,600,39
116900107,5403,1221,4182
116900110,10,0,10
116900111,128,1667,-1539
116900112,121,1147,-1026
116900113,3816,834,2982
116900116,176,311,-135
116900117,23,93,-70
116900118,1296,554,742
116900120,103,156,-53
116900121,34,52,-18
116900122,330,1282,-952
116900123,96,1227,-1131
116900124,159,938,-779
116900125,136,388,-252
116900126,343,552,-209
116900128,0,56,-56
116900129,0,396,-396
116900130,1334,1684,-350
116900131,58,181,-123
116900132,15,76,-61
116900133,76,120,-44
116900134,134,296,-162
116900136,181,183,-2
116900137,240,215,25
116900138,135,231,-96
116900139,86,447,-361
116900140,120,256,-136
116900141,440,434,6
116900142,4,22,-18
116900143,158,686,-528
116900144,8,56,-48
116900145,85,392,-307
116900147,647,263,384
116900148,3,37,-34
116900149,34,166,-132
116900150,10,8,2
116900151,76,16,60
116900153,51,61,-10
116900154,713,193,520
116900155,55,35,20
116900157,169,325,-156
116900158,42,78,-36
116900159,20,194,-174
116900160,572,273,299
116900161,11202,3976,7226
116900162,10,223,-213
116900163,56,210,-154
116900164,25,37,-12
116900165,137,90,47
116900166,12,97,-85
116900167,241,57,184
116900168,91,131,-40
116900169,620,176,444
116900170,163,211,-48
116900171,24,312,-288
116900172,212,94,118
116900173,87,60,27
116900174,12,25,-13
116900175,136,77,59
116900178,5,235,-230
116900179,89,82,7
116900180,87,38,49
116900182,324,247,77
116900183,89,100,-11
116900185,31,19,12
116900186,86,478,-392
116900187,20,24,-4
116900188,95,14,81
116900189,39,1,38
116900191,252,458,-206
116900192,188,232,-44
116900194,48,440,-392
116900195,40,4,36
116900196,31,145,-114
116900197,29,4,25
116900198,443,135,308
116900200,13,74,-61
116900201,16,9,7
116900202,176,50,126
116900203,85,6,79
116900204,20,69,-49
116900206,5,34,-29
116900207,5,24,-19
116900208,5,221,-216
116900209,6,201,-195
116900210,332,189,143
116900211,181,20,161
116900212,24,102,-78
116900213,155,226,-71
116900214,37,176,-139
116900215,21,119,-98
116900216,100,473,-373
116900218,11,415,-404
116900219,894,414,480
116900220,72,235,-163
116900221,61,279,-218
116900222,448,338,110
116900223,79,199,-120
116900226,29,94,-65
116900227,89,85,4
116900228,150,347,-197
116900230,37,462,-425
116900231,14,606,-592
116900232,10,619,-609
116900233,83,100,-17
116900234,9,6,3
116900235,103,486,-383
116900238,1525,401,1124
116900239,107,722,-615
116900240,7181,2422,4759
116900241,27,241,-214
116900242,604,192,412
116900243,13,190,-177
116900245,22,11,11
116900246,20,11,9
116900247,217,20,197
116900248,56,13,43
116900249,140,210,-70
116900250,106,35,71
116900251,525,195,330
116900252,36,1176,-1140
116900253,33,88,-55
116900254,2,100,-98
116900255,75,24,51
116900256,172,133,39
116900257,9,810,-801
116900258,2,471,-469
116900259,43,5,38
116900260,3,172,-169
116900261,7,1,6
116900262,94,162,-68
116900263,0,3,-3
116900264,0,7,-7
116900265,7,1,6
116900266,4,92,-88
116900267,5,3,2
116900268,25,11,14
116900269,298,573,-275
116900271,3120,76,3044
116900272,485,654,-169
116900273,345,42,303
116900274,44,91,-47
116900275,96,209,-113
116900276,1234,23,1211
116900277,809,13,796
116900278,3,11,-8
116900279,1,23,-22
116900280,14,32,-18
116900281,9701,1911,7790
116900282,5,167,-162
116900283,15,170,-155
116900284,47,280,-233
116900285,450,116,334
116900286,262,6,256
116900287,4,98,-94
116900288,32,148,-116
116900289,2,69,-67
116900290,0,90,-90
116900291,2,24,-22
116900292,0,5,-5
116900293,18,100,-82
116900294,27,107,-80
116900295,127,78,49
116900296,34,73,-39
116900297,5,54,-49
116900298,107,23,84
116900299,52,51,1
116900300,28,289,-261
116900301,45,67,-22
116900302,52,24,28
116900303,531,35,496
116900304,0,117,-117
116900305,10,33,-23
116900306,26,96,-70
117000001,1160,1212,-52
117000002,1303,4740,-3437
117000003,6678,3048,3630
117000004,4875,5816,-941
117000005,1092,1379,-287
117000006,962,4852,-3890
117000007,2164,1372,792
117000008,1394,4904,-3510
117000009,4237,1766,2471
117000010,2969,5100,-2131
117000011,1156,2316,-1160
117000012,1057,2035,-978
117000013,871,1640,-769
117000014,761,2962,-2201
117000015,3433,1521,1912
117000016,571,47,524
117000017,439,191,248
117000018,280,383,-103
117000019,290,3,287
117000020,898,1114,-216
117000021,3953,476,3477
117000022,529,51,478
117000023,491,111,380
117000024,614,74,540
117000025,892,766,126
117000026,3127,887,2240
117000027,5923,1207,4716
117000028,6084,867,5217
117000030,1258,675,583
117000031,578,191,387
117000032,2220,1649,571
117000033,1172,882,290
117000034,359,490,-131
117000035,211,207,4
117000036,377,459,-82
117000037,262,206,56
117000038,385,513,-128
117000039,364,369,-5
117000040,112,1686,-1574
117000041,503,167,336
117000044,29,1329,-1300
117000045,251,50,201
117000046,368,812,-444
117000047,574,513,61
117000048,2111,1605,506
117000049,187,467,-280
117000050,108,3247,-3139
117000051,1153,224,929
117000052,8,803,-795
117000053,108,83,25
117000054,1314,6,1308
117000055,15,4432,-4417
117000056,428,19,409
117000057,880,2655,-1775
117000060,367,2497,-2130
117000061,1025,770,255
117000062,242,564,-322
117000063,1349,699,650
117000064,971,1039,-68
117000066,1691,1060,631
117000067,153,319,-166
117000074,224,169,55
117000076,97,51,46
117000077,130,116,14
117000078,90,667,-577
117000079,225,201,24
117000080,0,388,-388
117000081,731,136,595
117000082,18,72,-54
117000083,67,15,52
117000084,346,5,341
117000085,200,533,-333
117000086,1384,754,630
117000087,121,533,-412
117000088,212,246,-34
117000089,1117,396,721
117000090,237,1864,-1627
117000091,466,424,42
117000092,298,2186,-1888
117000093,674,862,-188
117000094,548,3112,-2564
117000095,1819,791,1028
117000096,638,3175,-2537
117000097,1024,1335,-311
117000098,3223,7443,-4220
117000099,1973,920,1053
117000100,130,153,-23
117000101,235,1789,-1554
117000102,915,637,278
117000103,874,2392,-1518
117000104,1083,583,500
117000105,842,2694,-1852
117000106,861,1004,-143
117000107,483,3054,-2571
117000108,984,839,145
117000109,2003,3884,-1881
117000110,1219,685,534
117000111,3558,5515,-1957
117000112,2148,2327,-179
117000113,72,517,-445
117000114,118,220,-102
117000115,54,253,-199
117000116,58,327,-269
117000117,1607,602,1005
117000118,200,154,46
117000119,215,47,168
117000120,528,75,453
117000121,459,340,119
117000122,789,862,-73
117000123,2191,47,2144
117000124,1564,28,1536
117000125,598,67,531
117000126,58,52,6
117000127,207,446,-239
117000128,569,693,-124
117000129,606,197,409
117000130,109,2,107
117000131,1,67,-66
117000132,1167,13,1154
117000133,547,143,404
117000134,0,74,-74
117000135,17,34,-17
117000136,3,70,-67
117000137,49,44,5
117000138,6,860,-854
117000140,479,2182,-1703
117000141,1177,590,587
117000181,1340,436,904
117000182,167,175,-8
117000195,198,1817,-1619
117000196,134,46,88
117000225,164,5,159
117000226,5,110,-105
117000276,66,3,63
117000277,2,768,-766
117000310,2548,2797,-249
117000315,33,611,-578
117000320,46,0,46
117000906,96,13,83
117000907,12,523,-511
117000908,102,18,84
117000909,92,20,72
117000910,182,118,64
117000911,148,302,-154
117000915,14,752,-738
117000916,20,3,17
117000917,553,21,532
117000918,47,54,-7
117000919,19,190,-171
117000920,6,2009,-2003
117000921,5,2617,-2612
117000922,66,180,-114
117000924,240,744,-504
117000926,1842,132,1710
117000927,3489,331,3158
117000928,0,333,-333
117000929,79,642,-563
117000930,59,4,55
117000931,1433,52,1381
117900002,117,420,-303
117900003,1230,404,826
117900005,25,4,21
117900006,0,40,-40
117900007,78,199,-121
117900008,0,56,-56
117900010,201,196,5
117900011,38,32,6
117900012,36,239,-203
117900013,2,446,-444
117900014,239,366,-127
117900015,30,308,-278
117900016,1767,434,1333
117900017,293,562,-269
117900018,302,36,266
117900019,275,671,-396
117900020,81,254,-173
117900021,24,163,-139
117900022,17,26,-9
117900023,887,154,733
117900024,86,251,-165
117900025,20,13,7
117900026,228,559,-331
117900028,40,4,36
117900029,144,1101,-957
117900030,215,192,23
117900031,119,107,12
117900032,522,342,180
117900033,130,1166,-1036
117900034,51,56,-5
117900035,79,54,25
117900036,156,941,-785
117900037,50,155,-105
117900038,24,615,-591
117900039,7,108,-101
117900040,111,707,-596
117900041,4,69,-65
117900042,5938,499,5439
117900043,28,84,-56
117900044,111,2152,-2041
117900045,148,104,44
117900048,118,427,-309
117900049,80,803,-723
117900050,9,34,-25
117900051,60,6,54
117900052,66,273,-207
117900053,682,942,-260
117900054,1,17,-16
117900055,121,110,11
117900056,748,32,716
117900057,807,1476,-669
117900058,116,7,109
117900059,301,92,209
117900060,689,6925,-6236
117900061,18,159,-141
117900063,163,308,-145
117900065,902,1486,-584
117900066,12,50,-38
117900067,288,516,-228
117900069,423,743,-320
117900070,235,5,230
117900071,99,170,-71
117900073,189,619,-430
117900074,104,5,99
117900075,42,88,-46
117900076,11,46,-35
117900077,151,197,-46
117900078,264,379,-115
117900080,123,87,36
117900081,616,560,56
117900082,240,231,9
117900083,241,848,-607
117900086,84,76,8
117900087,75,68,7
117900088,3221,2223,998
117900089,1128,324,804
117900090,248,1075,-827
117900091,258,205,53
117900092,29,62,-33
117900093,45,70,-25
117900094,24,6,18
117900095,120,833,-713
117900096,54,263,-209
117900097,391,83,308
117900098,13,3,10
117900099,102,663,-561
117900100,77,0,77
117900101,316,935,-619
117900102,39,48,-9
117900103,17,2,15
117900104,11,199,-188
117900105,153,251,-98
117900106,74,72,2
117900107,9,0,9
117900109,221,415,-194
117900110,43,0,43
117900111,123,5,118
117900112,38,16,22
117900113,4794,1772,3022
117900114,3,0,3
117900115,487,44,443
117900116,1075,994,81
117900117,315,387,-72
117900118,22,0,22
117900119,56,428,-372
117900120,88,112,-24
117900121,70,35,35
117900122,1275,1541,-266
117900123,533,928,-395
117900124,822,744,78
117900125,1350,783,567
117900126,369,766,-397
117900127,266,866,-600
117900128,218,1191,-973
117900129,23,0,23
117900130,731,439,292
117900131,2,164,-162
117900132,7,136,-129
117900133,7,209,-202
117900134,84,230,-146
117900135,3,330,-327
117900136,0,114,-114
117900137,54,498,-444
117900138,0,80,-80
117900139,62,169,-107
117900140,6693,277,6416
117900141,226,257,-31
117900142,28,5,23
117900144,95,81,14
117900145,64,6,58
117900146,177,88,89
117900147,31,92,-61
117900148,3707,1037,2670
117900149,43,215,-172
117900150,25,173,-148
117900151,23,178,-155
117900152,102,121,-19
117900153,6,113,-107
117900154,276,809,-533
117900156,863,799,64
117900157,46,507,-461
117900158,176,130,46
117900160,308,323,-15
117900161,3278,2783,495
117900162,144,515,-371
117900163,48,19,29
117900165,0,8,-8
117900166,106,256,-150
117900168,62,232,-170
117900169,0,127,-127
117900170,1,36,-35
117900171,3,20,-17
117900172,18,65,-47
117900173,228,63,165
117900174,13,58,-45
117900175,3,32,-29
117900176,1,55,-54
117900177,3,91,-88
117900178,99,44,55
117900180,337,17,320
117900181,202,253,-51
117900182,7,32,-25
117900183,38,168,-130
117900184,11,82,-71
117900185,15,22,-7
117900186,31,29,2
117900187,16,4,12
117900188,213,32,181
117900189,49,10,39
117900190,3,2,1
117900191,63,4,59
117900192,95,1,94
117900193,33,66,-33
117900194,10,10,0
117900195,58,26,32
117900196,2,31,-29
117900207,91,73,18
117900208,32,51,-19
117900209,182,140,42
117900210,187,168,19
117900211,9,238,-229
117900212,97,201,-104
117900213,7,9,-2
117900214,2,53,-51
117900215,13,43,-30
117900216,45,6,39
117900217,192,42,150
117900218,232,173,59
117900219,3,35,-32
117900220,99,53,46
117900222,132,343,-211
117900223,105,181,-76
118000001,778,414,364
118000002,1559,2201,-642
118000003,1565,1183,382
118000004,2898,2351,547
118000005,7794,2021,5773
118000006,11617,8286,3331
118000007,8726,2459,6267
118000008,6920,3349,3571
118000009,2211,3626,-1415
118000010,4584,4706,-122
118000011,698,3238,-2540
118000012,1165,3364,-2199
118000013,3623,3435,188
118000014,2257,3804,-1547
118000016,200,776,-576
118000017,179,420,-241
118000018,317,1087,-770
118000019,2148,1309,839
118000020,2226,1458,768
118000021,807,1829,-1022
118000022,3004,635,2369
118000023,1601,259,1342
118000024,3093,667,2426
118000027,24740,5845,18895
118000029,1723,534,1189
118000032,2183,1642,541
118000033,3354,2133,1221
118000034,6390,2242,4148
118000035,1884,1697,187
118000036,1277,859,418
118000037,549,1064,-515
118000038,160,139,21
118000039,94,591,-497
118000040,1863,2482,-619
118000041,1988,1692,296
118000045,857,137,720
118000046,2459,721,1738
118000047,1943,551,1392
118000048,4797,1355,3442
118000051,3629,1117,2512
118000052,2654,675,1979
118000053,1532,1115,417
118000054,4742,2347,2395
118000055,4537,2344,2193
118000056,628,329,299
118000057,939,479,460
118000058,4418,1412,3006
118000059,2297,894,1403
118000060,788,949,-161
118000061,718,1449,-731
118000062,483,225,258
118000063,335,504,-169
118000064,971,1276,-305
118000065,6419,1770,4649
118000066,938,1056,-118
118000067,1657,1003,654
118000068,2270,3217,-947
118000069,4251,1471,2780
118000070,9961,1723,8238
118000071,4862,4653,209
118000072,2491,981,1510
118000073,3790,571,3219
118000074,374,455,-81
118000075,1101,352,749
118000076,1269,1253,16
118000077,1622,1216,406
118000078,1920,1827,93
118000079,331,334,-3
118000080,1166,911,255
118000081,1310,1149,161
118000082,293,900,-607
118000083,2769,1261,1508
118000084,3032,1379,1653
118000086,193,613,-420
118000087,7515,2964,4551
118000088,2150,1974,176
118000089,4332,2783,1549
118000090,2536,2713,-177
118000091,2002,1746,256
118000092,1410,358,1052
118000093,150,681,-531
118000096,528,510,18
118000097,535,504,31
118000098,232,268,-36
118000099,265,1300,-1035
118000101,667,439,228
118000102,308,2118,-1810
118000107,4309,516,3793
118000108,616,1076,-460
118000110,3,21,-18
118000111,4,800,-796
118000112,158,0,158
118000113,5,1401,-1396
118000114,166,1,165
118000115,30,7,23
118000116,47,0,47
118000117,1267,1107,160
118000118,692,628,64
118000119,856,1034,-178
118000120,1645,1679,-34
118000121,86,506,-420
118000122,1114,209,905
118000123,52,256,-204
118000125,1791,1411,380
118000126,634,1565,-931
118000127,2006,615,1391
118000128,769,1314,-545
118000129,689,295,394
118000130,3433,5133,-1700
118000131,793,1237,-444
118000132,1861,1438,423
118000133,427,509,-82
118000135,439,348,91
118000136,100,603,-503
118000137,607,84,523
118000138,232,1042,-810
118000139,158,101,57
118000140,2336,3104,-768
118000141,1640,2500,-860
118000142,1155,2481,-1326
118000143,1254,1052,202
118000144,1732,1390,342
118000145,1523,3882,-2359
118000146,1041,2151,-1110
118000147,723,2333,-1610
118000148,265,1455,-1190
118000149,699,1472,-773
118000150,271,215,56
118000151,281,604,-323
118000153,692,1387,-695
118000154,665,1680,-1015
118000155,708,1496,-788
118000156,2685,2355,330
118000157,511,393,118
118000158,160,651,-491
118000159,17,58,-41
118000160,284,455,-171
118000161,322,1294,-972
118000162,1027,1000,27
118000163,438,799,-361
118000164,2447,1394,1053
118000168,1906,261,1645
118000169,1191,2168,-977
118000170,4332,8343,-4011
118000171,178,763,-585
118000172,100,331,-231
118000173,832,1305,-473
118000175,255,376,-121
118000176,216,426,-210
118000177,147,579,-432
118000178,54,53,1
118000179,1922,774,1148
118000180,908,810,98
118000181,754,466,288
118000182,301,387,-86
118000183,189,265,-76
118000184,364,1229,-865
118000185,1327,856,471
118000186,786,1074,-288
118000187,692,1180,-488
118000188,441,306,135
118000189,277,1110,-833
118000190,18,10,8
118000191,28,58,-30
118000192,252,214,38
118000193,127,303,-176
118000194,2080,1231,849
118000195,1695,526,1169
118000196,416,126,290
118000197,261,106,155
118000198,679,370,309
118000199,710,372,338
118000200,95,248,-153
118000201,485,325,160
118000202,51,43,8
118000203,2027,442,1585
118000204,165,155,10
118000205,394,328,66
118000206,172,212,-40
118000207,1,157,-156
118000208,1130,1809,-679
118000209,1389,2231,-842
118000210,20,49,-29
118000211,14,32,-18
118000213,976,1009,-33
118000214,713,303,410
118000215,207,331,-124
118000216,1428,4518,-3090
118000217,22,200,-178
118000218,47,140,-93
118000219,573,477,96
118000220,4,14,-10
118000221,71,275,-204
118000222,90,14,76
118000223,16,53,-37
118000224,283,170,113
118000225,111,1083,-972
118000226,636,98,538
118000227,1152,317,835
118000228,219,107,112
118000229,352,45,307
118000230,52,328,-276
118000231,63,272,-209
118000232,533,1299,-766
118000233,611,1064,-453
118000234,187,425,-238
118000236,308,531,-223
118000237,37,763,-726
118000238,70,355,-285
118000239,220,364,-144
118000240,714,95,619
118000241,85,389,-304
118000242,301,891,-590
118000243,79,271,-192
118000244,39,245,-206
118000246,2,16,-14
118000255,26,255,-229
118000256,57,240,-183
118000259,1,64,-63
118000260,122,142,-20
118000261,28,155,-127
118000263,87,267,-180
118000266,97,539,-442
118000267,2,100,-98
118000268,210,6,204
118000270,39,52,-13
118000271,115,381,-266
118000272,80,33,47
118000273,73,85,-12
118000274,122,479,-357
118000276,219,393,-174
118000295,2,86,-84
118000298,165,595,-430
118000299,61,322,-261
118000301,0,69,-69
118000302,77,120,-43
118000311,123,172,-49
118000312,141,271,-130
118000313,61,288,-227
118000314,24,95,-71
118000315,32,96,-64
118000316,377,671,-294
118000325,16,112,-96
118000326,38,62,-24
118000331,16,89,-73
118000332,17,77,-60
118000333,11,131,-120
118000335,85,0,85
118000336,2,499,-497
118000407,49,86,-37
118000457,3,17,-14
118000465,4875,2539,2336
118000480,14,214,-200
118000489,83,117,-34
118000490,167,508,-341
118000492,203,209,-6
118000510,64,20,44
118000514,139,346,-207
118000515,701,425,276
118000517,502,170,332
118000524,846,197,649
118000525,1023,1252,-229
118000530,7,179,-172
118000531,114,317,-203
118000532,182,373,-191
118000533,348,173,175
118000534,493,563,-70
118000535,174,115,59
118000536,1303,491,812
118000537,25,84,-59
118000538,12,117,-105
118000539,14,111,-97
118000540,216,313,-97
118000541,115,146,-31
118000542,68,204,-136
118000543,188,298,-110
118000546,37,48,-11
118000560,4755,793,3962
118000562,28,507,-479
118000563,2234,1864,370
118000576,93,277,-184
118000577,124,134,-10
118000578,132,107,25
118000579,854,1050,-196
118000595,114,68,46
118000596,0,94,-94
118000597,79,147,-68
118000598,2,2,0
118000599,29,53,-24
118000600,1,67,-66
118000601,6,0,6
118000602,0,37,-37
118000603,0,33,-33
118900001,1368,742,626
118900002,1629,659,970
118900003,141,18,123
118900004,36,101,-65
118900005,49,4,45
118900006,41,0,41
118900007,7,4,3
118900008,1241,47,1194
118900009,26,17,9
118900010,37,2,35
118900011,119,19,100
118900012,313,241,72
118900013,698,51,647
118900015,113,32,81
118900016,10,30,-20
118900017,155,169,-14
118900018,1324,17,1307
118900019,72,6,66
118900020,152,118,34
118900021,109,426,-317
118900022,87,185,-98
118900023,60,120,-60
118900024,42,199,-157
118900025,20,22,-2
118900026,58,150,-92
118900027,398,271,127
118900028,39,250,-211
118900029,105,546,-441
118900030,99,81,18
118900031,82,157,-75
118900032,107,258,-151
118900033,394,865,-471
118900034,64,6,58
118900035,95,372,-277
118900036,611,714,-103
118900037,201,362,-161
118900038,178,438,-260
118900039,235,382,-147
118900040,146,185,-39
118900041,184,194,-10
118900042,134,127,7
118900045,185,140,45
118900046,1151,142,1009
118900047,950,192,758
118900048,104,257,-153
118900049,51,38,13
118900050,5,217,-212
118900051,27,54,-27
118900052,132,318,-186
118900053,47,100,-53
118900054,64,70,-6
118900055,32,200,-168
118900056,16,122,-106
118900057,220,269,-49
118900058,279,630,-351
118900059,21,79,-58
118900060,51,119,-68
118900062,70,287,-217
118900064,759,375,384
118900065,26,151,-125
118900066,38,125,-87
118900067,8017,2202,5815
118900068,2,123,-121
118900069,205,271,-66
118900071,1,55,-54
118900072,271,574,-303
118900073,37,105,-68
118900074,70,258,-188
118900075,26,86,-60
118900076,197,91,106
118900077,605,268,337
118900078,51,9,42
118900079,41,207,-166
118900080,5,92,-87
118900081,42,22,20
118900082,371,218,153
118900083,6,22,-16
118900084,7,27,-20
118900085,586,1321,-735
118900086,19,57,-38
118900087,23,186,-163
118900088,1,25,-24
118900089,25,6,19
118900090,371,661,-290
118900091,209,121,88
118900092,90,155,-65
118900093,143,15,128
118900096,46,22,24
118900097,125,848,-723
118900099,124,322,-198
118900100,124,274,-150
118900101,33,918,-885
118900102,13,86,-73
118900103,30,66,-36
118900104,84,201,-117
118900105,148,112,36
118900107,252,114,138
118900108,46,105,-59
118900110,1924,396,1528
118900111,210,870,-660
118900112,38,130,-92
118900113,89,804,-715
118900114,9,103,-94
118900115,85,303,-218
118900116,93,265,-172
118900117,43,239,-196
118900118,142,667,-525
118900119,65,358,-293
118900120,89,315,-226
118900121,10,411,-401
118900122,9,581,-572
118900123,132,219,-87
118900124,39,230,-191
118900126,19,290,-271
118900129,125,220,-95
118900130,36,72,-36
118900131,120,326,-206
118900132,336,217,119
118900133,14,86,-72
118900135,106,318,-212
118900136,193,921,-728
118900137,2,15,-13
118900139,101,671,-570
118900140,388,1096,-708
118900141,41,354,-313
118900144,95,818,-723
118900145,60,210,-150
118900146,226,1006,-780
118900147,108,111,-3
118900148,28,63,-35
118900150,157,347,-190
118900152,515,1250,-735
118900157,100,135,-35
118900158,43,124,-81
118900159,1,282,-281
118900161,76,6,70
118900163,329,83,246
118900164,9,157,-148
118900165,28,345,-317
118900166,35,1,34
118900167,35,213,-178
118900168,13,66,-53
118900169,60,603,-543
118900170,65,128,-63
118900171,7,27,-20
118900174,40,55,-15
118900175,176,593,-417
118900176,44,194,-150
118900177,27,85,-58
118900178,15,114,-99
118900179,0,40,-40
118900181,60,113,-53
118900182,109,34,75
118900183,5,51,-46
118900184,230,58,172
118900185,71,134,-63
118900186,70,134,-64
118900187,125,366,-241
118900188,153,428,-275
118900189,19,432,-413
118900190,8,783,-775
118900191,68,63,5
118900192,68,33,35
118900193,140,17,123
118900195,515,1206,-691
118900196,30,290,-260
118900197,86,164,-78
118900198,7,87,-80
118900199,21,58,-37
118900200,16,9,7
118900201,9,13,-4
118900202,15,94,-79
118900203,3,55,-52
118900204,12,72,-60
118900205,6,17,-11
118900206,7,42,-35
119000001,924,1344,-420
119000002,3100,3365,-265
119000003,1432,1876,-444
119000004,1662,1364,298
119000005,1415,1600,-185
119000006,1401,1635,-234
119000007,2751,3480,-729
119000008,1598,2492,-894
119000009,4082,2785,1297
119000010,10211,3966,6245
119000011,7500,2404,5096
119000012,7282,3635,3647
119000013,2763,1491,1272
119000014,3074,4840,-1766
119000019,200,253,-53
119000020,981,1383,-402
119000021,2537,2360,177
119000022,5012,1610,3402
119000023,271,218,53
119000024,2455,5581,-3126
119000025,15105,1676,13429
119000026,403,273,130
119000027,1027,514,513
119000028,2632,1547,1085
119000029,146,309,-163
119000030,423,1346,-923
119000031,645,941,-296
119000032,2749,2621,128
119000033,1939,2066,-127
119000034,994,1182,-188
119000035,28,479,-451
119000036,819,1479,-660
119000037,900,2883,-1983
119000038,95,1383,-1288
119000039,131,412,-281
119000040,1102,525,577
119000041,938,1166,-228
119000048,4370,4874,-504
119000049,1001,4470,-3469
119000050,1729,2890,-1161
119000051,2024,1121,903
119000052,2362,3602,-1240
119000053,1772,1349,423
119000054,2734,4687,-1953
119000055,2383,4799,-2416
119000056,1865,2437,-572
119000057,1598,3196,-1598
119000058,1766,2729,-963
119000059,983,1936,-953
119000060,847,890,-43
119000061,708,1007,-299
119000062,920,1486,-566
119000063,291,311,-20
119000064,1352,2161,-809
119000065,1865,3592,-1727
119000066,1305,976,329
119000067,1894,3236,-1342
119000068,1041,1254,-213
119000069,1252,3242,-1990
119000070,1396,1404,-8
119000071,560,1124,-564
119000072,7162,4473,2689
119000073,4795,5721,-926
119000074,684,4685,-4001
119000075,713,2839,-2126
119000076,396,1046,-650
119000077,512,712,-200
119000078,293,331,-38
119000079,97,865,-768
119000080,116,270,-154
119000081,154,468,-314
119000082,367,347,20
119000083,253,339,-86
119000084,293,711,-418
119000085,675,416,259
119000086,248,415,-167
119000087,1844,1289,555
119000088,244,254,-10
119000089,56,167,-111
119000090,155,170,-15
119000091,186,355,-169
119000092,966,281,685
119000093,4434,4308,126
119000094,1979,5719,-3740
119000095,1009,3628,-2619
119000097,3210,2058,1152
119000098,630,1427,-797
119000099,2110,2379,-269
119000100,2231,2447,-216
119000101,2470,2899,-429
119000102,723,603,120
119000103,1482,713,769
119000104,3774,1904,1870
119000105,624,835,-211
119000106,198,2504,-2306
119000107,304,584,-280
119000108,213,1724,-1511
119000109,84,392,-308
119000110,421,584,-163
119000111,43,551,-508
119000112,214,150,64
119000113,2996,340,2656
119000114,719,618,101
119000115,246,149,97
119000116,112,99,13
119000117,131,342,-211
119000118,2,4,-2
119000123,2988,821,2167
119000124,323,307,16
119000125,1656,1468,188
119000126,210,1255,-1045
119000127,249,1148,-899
119000128,39,12,27
119000131,521,1427,-906
119000132,2,2,0
119000133,0,7,-7
119000134,3270,649,2621
119000135,53,273,-220
119000136,74,451,-377
119000137,104,729,-625
119000138,212,665,-453
119000139,133,440,-307
119000140,132,272,-140
119000284,1819,3310,-1491
119000285,3321,2722,599
119000286,7696,5910,1786
119000287,1200,2625,-1425
119000288,1688,2416,-728
119000289,2706,5698,-2992
119000290,212,700,-488
119000291,1,449,-448
119000293,43,214,-171
119000294,32,44,-12
119000295,2498,775,1723
119000296,143,144,-1
119000302,5191,1557,3634
119000303,35,209,-174
119000314,1955,5404,-3449
119000315,7,913,-906
119000316,42,154,-112
119000317,26,697,-671
119900001,146,675,-529
119900002,61,334,-273
119900003,73,1847,-1774
119900004,405,423,-18
119900005,67,188,-121
119900006,131,343,-212
119900007,706,92,614
119900008,64,38,26
119900009,363,583,-220
119900010,929,1233,-304
119900011,16,33,-17
119900012,10,50,-40
119900013,1503,627,876
119900014,642,259,383
119900015,64,20,44
119900016,20,157,-137
119900017,10,45,-35
119900018,1353,215,1138
119900019,21,9,12
119900020,72,162,-90
119900021,100,65,35
119900022,159,335,-176
119900023,990,571,419
119900025,48,39,9
119900026,1321,64,1257
119900027,11,28,-17
119900028,180,37,143
119900029,0,8,-8
119900030,389,483,-94
119900031,15,247,-232
119900033,2518,166,2352
119900034,128,247,-119
119900037,43,82,-39
119900038,61,146,-85
119900039,23,1,22
119900040,35,3,32
119900041,70,62,8
119900042,54,175,-121
119900043,34,234,-200
119900044,187,368,-181
119900046,29,129,-100
119900047,124,100,24
119900048,4,68,-64
119900049,46,14,32
119900050,101,64,37
119900051,189,4,185
119900052,28,81,-53
119900053,58,239,-181
119900054,67,1,66
119900055,663,264,399
119900057,98,116,-18
119900058,69,3,66
119900059,145,41,104
119900060,93,5,88
119900062,26,45,-19
119900063,19,56,-37
119900064,244,60,184
119900065,169,16,153
119900066,3,3,0
119900067,33,49,-16
119900068,127,4,123
119900069,20,34,-14
119900070,372,5,367
119900071,259,4,255
119900073,2150,462,1688
119900074,25,24,1
119900075,7953,2251,5702
119900076,182,696,-514
119900077,314,1936,-1622
119900078,268,1112,-844
119900079,92,431,-339
119900080,726,1597,-871
119900081,61,71,-10
119900082,354,165,189
119900083,446,104,342
119900084,596,144,452
119900085,190,68,122
119900087,290,242,48
119900088,37,88,-51
119900089,15,729,-714
119900090,263,86,177
119900091,21,1444,-1423
119900092,5,465,-460
119900093,756,128,628
119900094,34,233,-199
119900095,224,100,124
119900096,76,139,-63
119900097,385,177,208
119900098,19,36,-17
119900099,45,406,-361
119900100,3404,1672,1732
119900101,253,1063,-810
119900102,31,419,-388
119900103,23,713,-690
119900104,46,404,-358
119900105,511,1504,-993
119900106,12,333,-321
119900107,438,4696,-4258
119900108,2239,816,1423
119900109,9,352,-343
119900110,417,897,-480
119900111,44,583,-539
119900112,3721,530,3191
119900113,69,615,-546
119900114,130,2316,-2186
119900115,74,1763,-1689
119900116,152,294,-142
119900117,125,1380,-1255
119900118,21,1709,-1688
119900119,73,308,-235
119900120,685,943,-258
119900121,109,2042,-1933
119900122,264,505,-241
119900123,212,292,-80
119900124,91,1476,-1385
119900125,62,581,-519
119900126,7435,251,7184
119900127,3885,1127,2758
119900128,227,1124,-897
119900129,79,1249,-1170
119900130,54,379,-325
119900131,17,556,-539
119900132,2,477,-475
119900133,15,67,-52
119900134,3080,378,2702
119900135,1,675,-674
119900136,284,711,-427
119900138,464,873,-409
119900139,40,140,-100
119900140,2,260,-258
119900141,168,457,-289
119900142,15,35,-20
119900143,10,288,-278
119900144,2950,303,2647
119900145,71,349,-278
119900146,147,157,-10
119900147,3,137,-134
119900148,67,100,-33
119900149,2164,1929,235
119900150,194,267,-73
119900151,1841,779,1062
119900152,59,594,-535
119900153,63,102,-39
119900154,3,407,-404
119900155,24,29,-5
119900156,31,29,2
119900157,40,442,-402
119900158,98,78,20
119900159,5,2441,-2436
119900160,15,391,-376
119900161,136,406,-270
119900162,664,735,-71
119900163,251,134,117
119900164,0,4,-4
119900165,72,418,-346
119900166,46,31,15
119900167,107,218,-111
119900168,353,522,-169
119900169,183,209,-26
119900170,121,192,-71
119900171,516,655,-139
119900172,143,20,123
119900173,11,776,-765
119900174,5,483,-478
119900175,538,751,-213
119900177,18,336,-318
119900178,6,330,-324
119900179,26,222,-196
119900180,680,746,-66
119900181,53,56,-3
119900182,5,782,-777
119900183,149,1146,-997
119900184,4406,717,3689
119900185,20,78,-58
119900186,55,253,-198
119900187,8,882,-874
119900188,39,380,-341
119900189,481,214,267
119900190,53,135,-82
119900191,343,102,241
119900192,28,241,-213
119900193,106,238,-132
119900194,8,52,-44
119900195,13,342,-329
119900196,3093,749,2344
119900197,210,108,102
119900198,140,544,-404
119900199,196,29,167
119900200,328,739,-411
119900201,551,312,239
119900202,177,112,65
119900203,124,232,-108
119900204,120,533,-413
119900205,231,851,-620
119900206,34,145,-111
119900208,118,156,-38
119900209,245,668,-423
119900210,24,57,-33
119900211,92,24,68
119900212,57,351,-294
119900213,2,66,-64
119900214,10,130,-120
119900215,14,161,-147
119900216,7,167,-160
119900217,5,109,-104
119900218,9,110,-101
119900219,9,191,-182
119900220,6,191,-185
119900221,24,601,-577
119900222,13,432,-419
119900223,25,164,-139
119900224,34,52,-18
119900225,1659,68,1591
119900226,1386,1197,189
119900227,2062,466,1596
119900228,50,442,-392
119900229,314,592,-278
119900230,1574,741,833
119900231,58,253,-195
119900232,197,60,137
119900233,24,4,20
119900234,16,49,-33
119900235,12,19,-7
119900236,23,286,-263
119900237,57,725,-668
119900238,1,132,-131
119900240,73,200,-127
119900241,140,340,-200
119900242,2023,996,1027
119900244,810,1299,-489
119900245,46,156,-110
119900246,279,275,4
119900247,19,67,-48
119900248,26,71,-45
119900249,146,72,74
119900253,5412,368,5044
119900254,55,262,-207
119900255,110,772,-662
119900256,207,2081,-1874
119900257,21,0,21
119900258,46,23,23
119900259,3,349,-346
119900260,61,3,58
119900261,155,249,-94
119900262,1,474,-473
119900263,1037,486,551
119900264,56,413,-357
119900265,211,486,-275
119900266,112,501,-389
119900267,121,533,-412
119900268,134,356,-222
119900269,303,1957,-1654
119900271,23,97,-74
119900272,133,48,85
119900275,68,8,60
119900276,11,0,11
119900277,2,1,1
119900278,268,62,206
119900279,162,189,-27
119900280,1256,255,1001
119900281,1,85,-84
119900282,83,26,57
119900283,4,502,-498
119900284,31,257,-226
119900285,23,49,-26
119900286,22,15,7
119900288,3,48,-45
119900289,0,69,-69
119900290,8,58,-50
119900291,0,41,-41
119900292,15,9,6
119900293,9,1,8
119900294,20,0,20
119900295,10,0,10
119900296,21,0,21
119900299,24,294,-270
119900300,108,239,-131
119900301,130,30,100
119900302,53,57,-4
119900303,247,510,-263
119900304,94,3,91
119900305,36,152,-116
119900306,16,1,15
119900307,44,240,-196
119900308,11,13,-2
119900309,12,41,-29
119900310,194,391,-197
119900311,21,237,-216
119900312,60,123,-63
119900313,121,508,-387
119900314,60,281,-221
119900315,688,3990,-3302
119900318,6,24,-18
119900319,1,503,-502
119900320,147,1016,-869
119900321,17,0,17
119900322,68,76,-8
119900323,0,121,-121
119900324,0,68,-68
119900325,8,581,-573
119900326,148,59,89
120000001,9849,9033,816
120000002,2574,4080,-1506
120000003,4865,2452,2413
120000004,3722,3250,472
120000005,5844,2685,3159
120000006,1307,1596,-289
120000007,4237,2857,1380
120000008,1113,1732,-619
120000009,6201,1156,5045
120000010,1732,4385,-2653
120000011,1222,2849,-1627
120000012,1766,4069,-2303
120000013,2148,3482,-1334
120000014,603,2012,-1409
120000015,2897,2142,755
120000016,3422,2936,486
120000017,2740,2029,711
120000018,6446,8152,-1706
120000019,887,1101,-214
120000020,3478,2641,837
120000021,2055,1979,76
120000022,3532,3590,-58
120000023,935,1951,-1016
120000024,1642,2392,-750
120000025,1876,2786,-910
120000026,716,2265,-1549
120000027,1335,1999,-664
120000028,537,437,100
120000029,3683,512,3171
120000030,573,769,-196
120000031,2516,5428,-2912
120000032,13578,4115,9463
120000033,2758,2132,626
120000034,1084,3032,-1948
120000035,1386,2950,-1564
120000036,2315,4679,-2364
120000037,597,983,-386
120000038,13803,3855,9948
120000039,560,1244,-684
120000040,107,231,-124
120000041,586,2486,-1900
120000042,1661,5514,-3853
120000043,4669,3466,1203
120000044,3055,1337,1718
120000045,3128,1207,1921
120000046,1818,1951,-133
120000047,2788,3091,-303
120000048,11241,3930,7311
120000049,2672,3187,-515
120000050,3098,5647,-2549
120000051,4725,4979,-254
120000052,17338,3024,14314
120000053,988,5551,-4563
120000054,1667,8042,-6375
120000055,1139,5654,-4515
120000056,3220,6464,-3244
120000057,1564,1171,393
120000058,433,211,222
120000059,86,1315,-1229
120000061,85,1298,-1213
120000062,432,270,162
120000063,2401,4120,-1719
120000064,225,2216,-1991
120000065,499,2259,-1760
120000066,143,658,-515
120000067,93,813,-720
120000068,141,1481,-1340
120000069,405,2098,-1693
120000070,29,1340,-1311
120000071,101,193,-92
120000072,197,607,-410
120000073,278,112,166
120000074,139,113,26
120000075,247,249,-2
120000076,848,349,499
120000077,902,444,458
120000078,3247,653,2594
120000079,92,85,7
120000080,74,124,-50
120000081,240,135,105
120000082,155,134,21
120000083,53,249,-196
120000084,512,869,-357
120000085,420,701,-281
120000086,284,1029,-745
120000087,161,1597,-1436
120000088,663,1699,-1036
120000089,819,696,123
120000090,435,647,-212
120000091,528,1097,-569
120000092,857,719,138
120000093,223,636,-413
120000094,143,602,-459
120000095,735,901,-166
120000096,277,1735,-1458
120000098,577,1561,-984
120000099,260,997,-737
120000100,584,1412,-828
120000101,450,689,-239
120000102,319,488,-169
120000103,882,442,440
120000104,1161,252,909
120000105,1379,330,1049
120000106,1250,374,876
120000107,1557,393,1164
120000108,525,111,414
120000109,575,42,533
120000110,80,1274,-1194
120000111,167,1903,-1736
120000112,658,5866,-5208
120000113,517,4160,-3643
120000114,597,3738,-3141
120000115,330,3076,-2746
120000116,658,2725,-2067
120000117,1487,2072,-585
120000118,43,29,14
120000119,50,58,-8
120000120,57,39,18
120000121,43,47,-4
120000122,310,319,-9
120000123,8473,2870,5603
120000124,355,647,-292
120000125,271,814,-543
120000126,344,698,-354
120000127,1713,692,1021
120000128,3177,2227,950
120000129,354,322,32
120000130,849,964,-115
120000131,206,537,-331
120000134,339,2005,-1666
120000135,138,405,-267
120000137,118,3298,-3180
120000138,240,725,-485
120000139,124,1460,-1336
120000140,305,830,-525
120000141,150,737,-587
120000142,183,883,-700
120000143,5,206,-201
120000144,31,3,28
120000145,149,1,148
120000146,2861,892,1969
120000149,520,1289,-769
120000150,7379,8614,-1235
120000151,387,570,-183
120000152,302,390,-88
120000153,147,1094,-947
120000154,503,470,33
120000155,122,200,-78
120000156,2021,484,1537
120000157,929,889,40
120000158,605,1203,-598
120000159,2149,2986,-837
120000160,2347,1544,803
120000161,997,3160,-2163
120000162,80,260,-180
120000163,268,1997,-1729
120000164,187,676,-489
120000165,195,1210,-1015
120000166,518,874,-356
120000167,23,25,-2
120000168,11,103,-92
120000169,104,297,-193
120000170,139,173,-34
120000171,25,41,-16
120000172,14,33,-19
120000173,2121,142,1979
120000174,356,1,355
120000175,575,8,567
120000176,242,54,188
120000177,1374,412,962
120000178,157,10,147
120000179,432,25,407
120000180,702,64,638
120000181,125,146,-21
120000182,87,90,-3
120000183,2,164,-162
120000184,113,1638,-1525
120000186,53,72,-19
120000187,49,50,-1
120000188,244,53,191
120000190,1242,22,1220
120000191,1936,11,1925
120000192,2169,13,2156
120000193,653,4,649
120000195,165,2,163
120000196,466,25,441
120000197,132,104,28
120000198,108,235,-127
120000199,56,1,55
120000200,76,2,74
120000201,6,20,-14
120000202,1,99,-98
120000203,36,625,-589
120000207,7,200,-193
120000208,1,416,-415
120000209,7,187,-180
120000210,209,123,86
120000211,46,2,44
120000212,56,4,52
120000213,66,874,-808
120000214,4,680,-676
120000215,2,291,-289
120000216,53,7,46
120000217,1172,1831,-659
120000218,277,1825,-1548
120000219,16,1169,-1153
120000220,36,3789,-3753
120000225,675,2,673
120000226,156,5,151
120000227,721,49,672
120000228,9931,1924,8007
120000230,144,29,115
120000231,630,3233,-2603
120000233,137,57,80
120000235,128,1036,-908
120000236,552,4,548
120000237,7,3148,-3141
120000238,2,82,-80
120000241,1319,3735,-2416
120000412,2382,149,2233
120000413,116,570,-454
120000414,30,6,24
120000415,2,245,-243
120000416,19,21,-2
120000417,2,168,-166
120000418,44,21,23
120000419,8,656,-648
120000420,85,65,20
120000421,20255,7715,12540
120000422,273,386,-113
120000423,4,40,-36
120000424,36,237,-201
120000436,139,343,-204
120000437,259,263,-4
120000438,6547,479,6068
120000439,139,252,-113
120000443,68,0,68
120000444,556,784,-228
120000445,1811,1418,393
120000446,1196,397,799
120000447,102,12,90
120000449,45,13,32
120000450,3,620,-617
120000451,161,292,-131
120000452,71,1,70
120000453,1,345,-344
120000454,93,23,70
120000455,61,57,4
120000456,4012,2828,1184
120000457,2242,1247,995
120000458,622,990,-368
120000459,81,139,-58
120000665,1125,149,976
120000668,74,243,-169
120000669,95,528,-433
120000670,300,443,-143
120000671,620,258,362
120000672,102,717,-615
120900001,41,36,5
120900002,234,274,-40
120900003,140,28,112
120900004,14,33,-19
120900005,21,1905,-1884
120900006,146,218,-72
120900007,68,207,-139
120900008,113,1757,-1644
120900009,123,33,90
120900010,263,67,196
120900011,492,138,354
120900012,1761,760,1001
120900013,188,26,162
120900014,3,1148,-1145
120900015,258,109,149
120900016,353,71,282
120900017,4083,157,3926
120900018,48,710,-662
120900019,423,119,304
120900020,679,651,28
120900021,409,52,357
120900022,28,539,-511
120900023,83,44,39
120900024,1747,559,1188
120900025,2866,1014,1852
120900026,83,225,-142
120900027,533,102,431
120900028,164,30,134
120900029,126,189,-63
120900030,656,487,169
120900031,92,46,46
120900032,386,180,206
120900033,475,39,436
120900034,40,1794,-1754
120900035,37,323,-286
120900037,63,8,55
120900038,21,111,-90
120900039,30,16,14
120900040,75,0,75
120900041,148,34,114
120900042,151,88,63
120900043,26,22,4
120900044,6,544,-538
120900045,143,252,-109
120900046,155,3,152
120900047,104,36,68
120900048,33,9,24
120900049,145,0,145
120900050,5315,1131,4184
120900051,171,155,16
120900052,266,3,263
120900053,131,101,30
120900054,1679,991,688
120900055,111,0,111
120900056,204,6,198
120900057,70,23,47
120900058,189,1,188
120900059,35,2,33
120900060,48,35,13
120900061,285,419,-134
120900062,67,1,66
120900063,213,2,211
120900064,158,0,158
120900065,121,3,118
120900066,96,437,-341
120900067,123,19,104
120900068,83,0,83
120900069,76,116,-40
120900071,14,0,14
120900072,242,2,240
120900073,203,403,-200
120900074,357,4,353
120900076,108,0,108
120900077,5581,419,5162
120900078,392,1137,-745
120900079,249,183,66
120900080,238,3637,-3399
120900081,322,1589,-1267
120900082,647,247,400
120900083,34,5,29
120900084,148,194,-46
120900085,173,100,73
120900086,235,196,39
120900087,279,78,201
120900088,156,188,-32
120900089,6404,1345,5059
120900090,61,325,-264
120900091,391,288,103
120900092,914,928,-14
120900093,6169,394,5775
120900094,635,296,339
120900095,287,33,254
120900096,18,163,-145
120900097,653,1523,-870
120900098,396,353,43
120900099,42,102,-60
120900100,44,498,-454
120900101,604,545,59
120900102,24,85,-61
120900103,24,165,-141
120900104,123,53,70
120900105,29,1306,-1277
120900106,1745,905,840
120900107,439,248,191
120900108,22,1495,-1473
120900109,49,1204,-1155
120900110,16,640,-624
120900111,142,457,-315
120900112,9,2064,-2055
120900113,14,1428,-1414
120900114,31,312,-281
120900115,158,195,-37
120900116,110,936,-826
120900117,1,861,-860
120900118,5,1411,-1406
120900119,4778,3437,1341
120900120,52,1139,-1087
120900121,77,613,-536
120900122,162,932,-770
120900123,4,854,-850
120900124,6,1034,-1028
120900125,6,1610,-1604
120900126,1684,919,765
120900127,3,861,-858
120900128,1049,1116,-67
120900129,62,556,-494
120900130,9,542,-533
120900131,27,78,-51
120900132,370,679,-309
120900133,236,1654,-1418
120900134,349,714,-365
120900135,8,943,-935
120900136,20,46,-26
120900137,87,135,-48
120900138,15,347,-332
120900139,6,1080,-1074
120900140,2,100,-98
120900141,80,137,-57
120900142,11,1198,-1187
120900143,3,1477,-1474
120900144,1,273,-272
120900145,147,1196,-1049
120900146,10,1671,-1661
120900147,2,516,-514
120900148,86,132,-46
120900149,1,501,-500
120900150,30,853,-823
120900151,3,1057,-1054
120900152,8,112,-104
120900153,35,109,-74
120900154,2,479,-477
120900155,88,1644,-1556
120900156,11,692,-681
120900157,26,332,-306
120900158,24,790,-766
120900159,18,524,-506
120900160,27,499,-472
120900161,20,1213,-1193
120900162,16,1347,-1331
120900163,8,173,-165
120900164,0,0,0
120900165,0,3,-3
120900166,39,130,-91
120900167,105,84,21
120900169,46,913,-867
120900170,3863,1352,2511
120900171,1691,472,1219
120900172,1255,120,1135
120900173,0,79,-79
120900174,2,159,-157
120900175,358,291,67
120900176,15,240,-225
120900177,1,456,-455
120900178,0,260,-260
120900179,959,532,427
120900180,121,114,7
120900181,77,72,5
120900182,14,391,-377
120900183,428,69,359
120900184,179,78,101
120900185,6,681,-675
120900186,0,673,-673
120900187,283,588,-305
120900188,52,14,38
120900189,198,380,-182
120900190,15,13,2
120900191,1,27,-26
120900192,18554,2637,15917
120900194,40,99,-59
120900195,151,360,-209
120900196,511,52,459
120900197,291,55,236
120900198,239,877,-638
120900199,277,1720,-1443
120900200,206,99,107
120900201,873,219,654
120900202,0,348,-348
120900203,16,44,-28
120900204,413,542,-129
120900205,76,130,-54
120900206,4,21,-17
120900207,4,135,-131
121000001,1070,1415,-345
121000002,1988,1029,959
121000003,4817,2292,2525
121000004,3106,2927,179
121000005,2511,2979,-468
121000006,3554,1275,2279
121000007,3675,3399,276
121000008,5775,2870,2905
121000009,10514,6116,4398
121000010,12096,3941,8155
121000011,17960,11995,5965
121000012,24424,8446,15978
121000013,6545,7230,-685
121000014,8417,6438,1979
121000015,5169,6471,-1302
121000016,5394,3648,1746
121000017,2016,4190,-2174
121000018,2280,2248,32
121000019,25351,9533,15818
121000020,16292,8973,7319
121000021,4418,3584,834
121000022,2370,1714,656
121000023,5473,3628,1845
121000024,3118,3165,-47
121000025,771,873,-102
121000026,331,110,221
121000027,1730,1095,635
121000028,945,547,398
121000029,965,876,89
121000030,430,439,-9
121000031,482,713,-231
121000032,194,109,85
121000034,370,157,213
121000035,120,110,10
121000036,1181,935,246
121000037,561,693,-132
121000038,639,676,-37
121000039,377,426,-49
121000041,526,540,-14
121000042,258,324,-66
121000043,1056,661,395
121000044,2492,779,1713
121000045,431,355,76
121000046,377,845,-468
121000047,21,117,-96
121000049,2371,781,1590
121000050,407,1248,-841
121000051,513,480,33
121000052,241,568,-327
121000053,414,71,343
121000054,42,299,-257
121000055,1844,1154,690
121000056,1322,1191,131
121000057,152,450,-298
121000058,511,119,392
121000059,2235,1105,1130
121000060,434,1116,-682
121000061,85,182,-97
121000062,159,328,-169
121000063,723,491,232
121000064,581,689,-108
121000065,487,394,93
121000066,720,595,125
121000067,1359,427,932
121000068,633,485,148
121000069,932,240,692
121000070,2041,1488,553
121000071,886,877,9
121000072,1457,858,599
121000073,920,781,139
121000074,88,101,-13
121000075,170,45,125
121000076,1705,415,1290
121000077,249,67,182
121000078,117,182,-65
121000080,3379,672,2707
121000081,2921,1914,1007
121000082,201,328,-127
121000083,380,115,265
121000084,265,104,161
121000085,459,495,-36
121000086,192,1172,-980
121000087,57,268,-211
121000088,366,777,-411
121000089,753,293,460
121000090,552,429,123
121000091,2271,782,1489
121000092,120,98,22
121000093,118,272,-154
121000094,598,526,72
121000095,343,638,-295
121000096,2808,2675,133
121000097,2209,1922,287
121000098,344,1672,-1328
121000099,382,979,-597
121000100,360,719,-359
121000101,170,308,-138
121000102,72,578,-506
121000103,91,409,-318
121000104,99,249,-150
121000105,276,391,-115
121000106,175,522,-347
121000107,2589,4610,-2021
121000109,1919,1355,564
121000110,429,561,-132
121000114,2895,2752,143
121000115,828,929,-101
121000116,517,883,-366
121000117,1542,271,1271
121000118,1113,361,752
121000119,248,366,-118
121000120,207,620,-413
121000121,514,1110,-596
121000123,1725,790,935
121000126,127,310,-183
121000127,193,109,84
121000128,474,711,-237
121000129,425,530,-105
121000130,417,1349,-932
121000131,3275,1238,2037
121000132,1710,1316,394
121000135,707,577,130
121000136,1285,875,410
121000137,590,190,400
121000138,949,1048,-99
121000139,643,163,480
121000141,228,137,91
121000142,1032,634,398
121000143,212,22,190
121000144,1610,1033,577
121000145,366,1437,-1071
121000146,910,803,107
121000147,565,474,91
121000148,707,1262,-555
121000149,1688,1199,489
121000152,460,706,-246
121000153,1782,611,1171
121000154,797,548,249
121000155,1078,1147,-69
121000156,414,950,-536
121000157,1725,2283,-558
121000158,421,671,-250
121000159,149,683,-534
121000160,257,855,-598
121000161,78,455,-377
121000162,19,537,-518
121000165,2317,1802,515
121000166,28,500,-472
121000168,217,306,-89
121000169,34,263,-229
121000170,173,111,62
121000171,37,212,-175
121000172,402,513,-111
121000173,1183,763,420
121000174,217,516,-299
121000175,496,613,-117
121000176,345,313,32
121000177,994,702,292
121000178,82,62,20
121000179,90,86,4
121000181,383,395,-12
121000182,67,177,-110
121000183,33,86,-53
121000184,21,90,-69
121000185,27,179,-152
121000186,211,319,-108
121000187,195,373,-178
121000188,45,394,-349
121000192,584,370,214
121000193,666,441,225
121000194,3104,2651,453
121000195,528,1223,-695
121000196,894,204,690
121000197,202,885,-683
121000198,234,84,150
121000199,176,558,-382
121000200,302,88,214
121000201,6,246,-240
121000202,440,92,348
121000203,608,3114,-2506
121000204,1324,695,629
121000205,197,318,-121
121000206,163,46,117
121000207,1144,606,538
121000208,6,555,-549
121000209,94,584,-490
121000210,205,691,-486
121000211,106,115,-9
121000212,282,1003,-721
121000213,10569,2936,7633
121000214,930,1612,-682
121000215,1477,813,664
121000216,502,487,15
121000217,4228,2221,2007
121000218,517,1921,-1404
121000219,1423,339,1084
121000220,382,79,303
121000221,158,198,-40
121000222,2822,2621,201
121000223,458,393,65
121000224,234,107,127
121000225,1185,1099,86
121000226,1761,689,1072
121000227,8,179,-171
121000228,11,992,-981
121000229,85,620,-535
121000230,79,2204,-2125
121000231,400,15,385
121000232,424,192,232
121000233,473,334,139
121000234,10,57,-47
121000235,69,94,-25
121000236,4,61,-57
121000237,33,28,5
121000238,4,111,-107
121000239,19,8,11
121000240,9,248,-239
121000241,103,18,85
121000242,34,176,-142
121000243,429,57,372
121000244,3,62,-59
121000245,6,13,-7
121000246,1,60,-59
121000247,20,5,15
121000248,744,606,138
121000249,46,243,-197
121000250,210,114,96
121000251,11,697,-686
121000252,27,47,-20
121000253,197,759,-562
121000254,397,292,105
121000255,145,153,-8
121000256,272,200,72
121000257,78,63,15
121000258,97,78,19
121000259,23,59,-36
121000260,36,141,-105
121000261,26,40,-14
121000262,1480,678,802
121000263,354,592,-238
121000271,279,1760,-1481
121000273,47,7,40
121000274,5,42,-37
121000275,1,30,-29
121000276,0,16,-16
121000278,18,70,-52
121000279,41,23,18
121000280,36,35,1
121000289,185,29,156
121000290,1244,750,494
121000294,77,274,-197
121000297,1182,731,451
121000299,80,249,-169
121000300,877,963,-86
121000302,744,1358,-614
121000303,1458,782,676
121000304,497,61,436
121000305,86,71,15
121000306,61,131,-70
121000308,168,416,-248
121000309,496,824,-328
121000310,59,480,-421
121000311,86,1011,-925
121000312,418,203,215
121000313,675,677,-2
121000314,348,142,206
121000315,87,125,-38
121000530,749,1545,-796
121000531,976,1564,-588
121000532,5895,4411,1484
121000533,2971,2699,272
121000918,8,301,-293
121000919,9,42,-33
121000938,2276,717,1559
121000939,3352,752,2600
121000956,424,1666,-1242
121000957,2,7,-5
121000958,93,40,53
121000959,282,1272,-990
121000960,1226,2605,-1379
121000961,118,37,81
121000962,359,761,-402
121000973,1,318,-317
121000976,11,227,-216
121000979,274,62,212
121000981,401,135,266
121000982,135,245,-110
121000983,282,531,-249
121000984,37,65,-28
121000985,245,835,-590
121000986,90,507,-417
121000987,209,1729,-1520
121000988,333,118,215
121001302,420,159,261
121001308,1,18,-17
121001309,136,65,71
121001313,47,421,-374
121001314,5074,5021,53
121001315,4508,1630,2878
121900001,68,181,-113
121900002,23,22,1
121900003,340,10,330
121900004,116,384,-268
121900005,7,4,3
121900006,81,24,57
121900007,2383,2890,-507
121900008,2771,166,2605
121900009,580,15,565
121900010,317,7,310
121900011,386,477,-91
121900012,0,0,0
121900013,1053,43,1010
121900014,1000,439,561
121900015,165,227,-62
121900016,7,30,-23
121900017,249,582,-333
121900018,242,13,229
121900019,159,224,-65
121900020,51,10,41
121900021,709,18,691
121900022,141,171,-30
121900023,102,429,-327
121900024,441,63,378
121900025,491,344,147
121900026,225,60,165
121900027,266,131,135
121900028,233,28,205
121900029,83,177,-94
121900030,498,454,44
121900031,1098,3626,-2528
121900032,74,60,14
121900033,161,115,46
121900034,125,108,17
121900035,2563,1658,905
121900036,50,373,-323
121900037,147,693,-546
121900038,28,203,-175
121900039,371,45,326
121900040,38,119,-81
121900041,125,150,-25
121900042,310,169,141
121900043,7,5,2
121900044,385,41,344
121900046,290,246,44
121900047,153,51,102
121900048,20,173,-153
121900050,12,32,-20
121900051,91,200,-109
121900052,73,48,25
121900053,349,207,142
121900054,392,734,-342
121900055,5,18,-13
121900058,89,337,-248
121900059,243,116,127
121900060,73,336,-263
121900061,157,109,48
121900062,133,61,72
121900063,692,288,404
121900064,144,828,-684
121900066,29,37,-8
121900067,4,30,-26
121900069,176,176,0
121900070,160,109,51
121900071,74,359,-285
121900072,14,189,-175
121900073,243,183,60
121900074,884,490,394
121900075,579,233,346
121900076,281,615,-334
121900077,3,25,-22
121900078,30,63,-33
121900079,0,0,0
121900080,548,532,16
121900082,9,134,-125
121900084,8,277,-269
121900085,1,20,-19
121900086,7,83,-76
121900087,333,120,213
121900088,3634,2196,1438
121900089,42,426,-384
121900090,8,146,-138
121900091,10,174,-164
121900092,43,140,-97
121900093,82,60,22
121900094,17,3,14
121900095,199,117,82
121900096,1900,528,1372
121900097,192,131,61
121900098,1,6,-5
121900099,117,128,-11
121900100,230,193,37
121900101,96,111,-15
121900102,15,132,-117
121900103,615,248,367
121900104,705,202,503
121900105,89,80,9
121900106,1,2,-1
121900107,28,56,-28
121900108,0,15,-15
121900109,449,110,339
121900110,128,1594,-1466
121900111,855,118,737
121900112,337,108,229
121900113,42,179,-137
121900114,21,64,-43
121900117,373,46,327
121900118,2206,354,1852
121900119,68,128,-60
121900120,31,1680,-1649
121900121,590,75,515
121900122,15,29,-14
121900123,275,618,-343
121900124,100,168,-68
121900125,993,1311,-318
121900127,7,108,-101
121900128,63,170,-107
121900129,1404,86,1318
121900130,104,312,-208
121900131,164,86,78
121900132,37,225,-188
121900133,130,256,-126
121900134,13,100,-87
121900135,2707,303,2404
121900136,100,532,-432
121900137,45,268,-223
121900138,207,231,-24
121900139,365,435,-70
121900140,26,206,-180
121900141,35,26,9
121900142,59,171,-112
121900143,6,165,-159
121900144,236,327,-91
121900145,175,199,-24
121900146,697,815,-118
121900147,42,203,-161
121900148,139,254,-115
121900149,382,853,-471
121900150,75,179,-104
121900151,47,217,-170
121900152,74,171,-97
121900153,89,552,-463
121900154,20,120,-100
121900155,1,88,-87
121900156,162,125,37
121900157,5,487,-482
121900158,83,88,-5
121900159,0,206,-206
121900160,18,233,-215
121900161,532,349,183
121900162,148,105,43
121900163,62,796,-734
121900164,380,223,157
121900165,165,255,-90
121900166,92,261,-169
121900167,118,82,36
121900168,250,149,101
121900169,3,304,-301
121900170,2,199,-197
121900171,548,561,-13
121900172,230,306,-76
121900173,1015,196,819
121900174,23,42,-19
121900175,72,148,-76
121900176,503,1769,-1266
121900177,121,45,76
121900178,27,54,-27
121900179,253,136,117
121900180,7373,2613,4760
121900182,500,361,139
121900183,434,595,-161
121900184,36,585,-549
121900186,16,406,-390
121900187,19,118,-99
121900188,553,388,165
121900189,56,164,-108
121900190,129,500,-371
121900191,104,168,-64
121900192,553,590,-37
121900193,26,299,-273
121900194,8,195,-187
121900195,155,140,15
121900196,720,888,-168
121900197,261,2083,-1822
121900198,1086,1032,54
121900199,5,19,-14
121900200,69,250,-181
121900201,1283,595,688
121900202,176,398,-222
121900203,412,882,-470
121900204,1440,760,680
121900205,8,112,-104
121900206,9,9,0
121900207,195,47,148
121900208,162,351,-189
121900209,47,27,20
121900210,1185,1258,-73
121900211,21,96,-75
121900212,198,151,47
121900213,90,121,-31
121900214,4,450,-446
121900215,64,90,-26
121900216,24,90,-66
121900217,290,118,172
121900218,277,516,-239
121900220,155,12,143
121900221,218,713,-495
121900222,82,256,-174
121900223,106,81,25
121900224,70,66,4
121900225,85,39,46
121900226,240,1458,-1218
121900227,135,350,-215
121900228,234,344,-110
121900230,114,68,46
121900231,731,284,447
121900232,303,357,-54
121900233,272,303,-31
121900234,213,404,-191
121900235,263,284,-21
121900236,176,141,35
121900237,128,214,-86
121900238,135,270,-135
121900239,109,43,66
121900240,284,173,111
121900241,27,63,-36
121900242,5,0,5
121900243,5,0,5
121900244,8,1,7
121900245,185,171,14
121900246,1196,533,663
121900247,302,293,9
121900248,1622,826,796
121900250,370,264,106
121900251,394,22,372
121900252,934,121,813
121900253,150,839,-689
121900254,699,288,411
121900255,134,83,51
121900258,2714,1809,905
121900259,387,418,-31
121900260,45,198,-153
121900261,124,340,-216
121900262,410,550,-140
121900263,144,338,-194
121900264,2608,1364,1244
121900265,198,365,-167
121900266,175,201,-26
121900267,32,25,7
121900269,143,238,-95
121900270,11,133,-122
121900271,25,185,-160
121900273,355,1289,-934
121900274,135,245,-110
121900277,343,1534,-1191
121900278,123,949,-826
121900279,151,300,-149
121900280,187,255,-68
121900281,626,72,554
121900284,282,21,261
121900286,70,192,-122
121900287,26,16,10
121900288,2,2,0
121900290,200,219,-19
121900291,361,573,-212
121900292,134,83,51
121900293,986,3161,-2175
121900294,298,4,294
121900295,61,280,-219
121900296,161,21,140
121900298,355,413,-58
121900299,0,0,0
121900300,4,0,4
121900301,13,5,8
121900302,0,75,-75
121900303,194,583,-389
121900304,2,3,-1
121900305,0,1,-1
121900306,38,0,38
121900307,20,38,-18
121900308,7,417,-410
121900309,7,315,-308
121900310,27,488,-461
121900311,134,22,112
121900312,93,10,83
121900313,202,17,185
121900314,2,117,-115
121900315,1,0,1
121900316,0,13,-13
121900317,1,0,1
121900318,1,20,-19
121900319,6,17,-11
121900320,55,60,-5
121900321,1,1,0
121900322,2,19,-17
121900323,11,12,-1
121900324,2,40,-38
121900325,2,1,1
121900326,2,16,-14
121900327,2,67,-65
121900328,1,29,-28
121900329,1,199,-198
121900330,1,61,-60
121900331,353,19,334
121900332,72,20,52
121900333,11,3,8
122000001,3539,3326,213
122000002,7397,1381,6016
122000003,2724,1507,1217
122000004,3473,1150,2323
122000005,2961,969,1992
122000006,2638,374,2264
122000007,1173,1035,138
122000008,8535,4029,4506
122000009,722,209,513
122000010,2411,2507,-96
122000011,4161,932,3229
122000012,1265,949,316
122000013,2201,1205,996
122000014,1493,1944,-451
122000015,1415,1036,379
122000016,511,782,-271
122000017,1166,1205,-39
122000018,1437,1266,171
122000019,776,1761,-985
122000020,234,183,51
122000021,717,460,257
122000022,1440,1651,-211
122000023,597,3050,-2453
122000024,1175,720,455
122000025,2385,1001,1384
122000026,2220,750,1470
122000027,739,4452,-3713
122000028,925,378,547
122000029,427,293,134
122000030,441,103,338
122000031,131,148,-17
122000032,1562,2742,-1180
122000033,851,715,136
122000034,566,592,-26
122000035,434,663,-229
122000036,433,706,-273
122000037,398,270,128
122000038,297,425,-128
122000039,676,506,170
122000040,418,267,151
122000041,509,553,-44
122000042,273,456,-183
122000043,142,102,40
122000044,144,163,-19
122000045,1379,657,722
122000046,628,1155,-527
122000047,303,163,140
122000048,3320,3446,-126
122000049,5468,2585,2883
122000050,1530,619,911
122000051,354,308,46
122000052,578,209,369
122000053,147,466,-319
122000054,2467,1862,605
122000055,2226,2385,-159
122000056,5549,3316,2233
122000057,4304,2581,1723
122000058,4452,1069,3383
122000059,3850,1229,2621
122000060,1214,522,692
122000061,812,243,569
122000062,1331,342,989
122000063,1209,494,715
122000064,4179,3043,1136
122000065,7156,3252,3904
122000066,1487,1334,153
122000067,1447,1437,10
122000068,914,1434,-520
122000069,617,862,-245
122000070,570,3297,-2727
122000071,943,1930,-987
122000072,359,344,15
122000073,438,398,40
122000074,1935,1365,570
122000075,515,1303,-788
122000076,1666,1153,513
122000077,1255,594,661
122000078,3143,1583,1560
122000079,1354,741,613
122000080,922,361,561
122000081,197,265,-68
122000082,1433,770,663
122000083,1266,4129,-2863
122000084,875,910,-35
122000085,292,2043,-1751
122000086,2371,3956,-1585
122000087,600,160,440
122000088,459,281,178
122000089,7558,3246,4312
122000090,353,340,13
122000091,358,98,260
122000092,199,15,184
122000093,1563,1230,333
122000094,8602,1765,6837
122000095,4943,1995,2948
122000096,4200,1079,3121
122000098,4228,1523,2705
122000099,2592,610,1982
122000100,1926,633,1293
122000101,342,1073,-731
122000102,1653,1234,419
122000103,1713,1454,259
122000104,272,231,41
122000105,252,304,-52
122000106,657,505,152
122000107,955,500,455
122000108,362,935,-573
122000109,296,300,-4
122000110,335,630,-295
122000111,2852,1171,1681
122000112,736,1309,-573
122000113,500,713,-213
122000114,3267,1576,1691
122000115,1964,1157,807
122000116,446,572,-126
122000117,1128,323,805
122000118,386,617,-231
122000119,3386,1779,1607
122000120,5002,2617,2385
122000121,5814,2432,3382
122000122,983,1407,-424
122000123,3017,1507,1510
122000124,1397,508,889
122000125,560,700,-140
122000126,865,831,34
122000127,2458,967,1491
122000128,761,958,-197
122000129,450,603,-153
122000130,2837,609,2228
122000131,3342,639,2703
122000132,1514,489,1025
122000133,1181,2525,-1344
122000134,464,600,-136
122000135,617,1056,-439
122000136,409,281,128
122000137,933,704,229
122000139,1585,3217,-1632
122000140,1240,519,721
122000141,6417,1001,5416
122000142,696,710,-14
122000143,764,216,548
122000144,2911,869,2042
122000145,2649,768,1881
122000146,1629,955,674
122000147,1194,351,843
122000148,3165,1541,1624
122000149,2533,1212,1321
122000150,1466,913,553
122000151,449,361,88
122000152,736,374,362
122000153,555,326,229
122000154,476,232,244
122000155,1860,2090,-230
122000156,3096,1916,1180
122000157,2504,1334,1170
122000158,353,557,-204
122000159,1603,1699,-96
122000160,9134,930,8204
122000161,1931,750,1181
122000162,2508,1555,953
122000163,394,80,314
122000164,75,95,-20
122000165,822,764,58
122000166,848,1034,-186
122000167,289,259,30
122000168,184,522,-338
122000169,525,187,338
122000170,290,315,-25
122000171,56,128,-72
122000172,1649,1591,58
122000173,1810,2245,-435
122000174,1882,780,1102
122000175,1452,355,1097
122000176,368,710,-342
122000177,1993,1322,671
122000178,3662,2409,1253
122000179,2455,2535,-80
122000180,2385,907,1478
122000181,2389,2630,-241
122000182,3323,1070,2253
122000183,2211,1042,1169
122000184,4197,2213,1984
122000185,1818,1291,527
122000186,672,835,-163
122000187,1638,1426,212
122000188,536,279,257
122000189,388,335,53
122000190,1103,1052,51
122000191,1226,475,751
122000192,1083,422,661
122000193,474,854,-380
122000194,553,183,370
122000195,136,525,-389
122000196,1137,697,440
122000197,483,843,-360
122000198,642,1026,-384
122000199,353,335,18
122000200,1270,525,745
122000201,1537,1808,-271
122000202,1192,1253,-61
122000203,3298,1729,1569
122000204,1838,2062,-224
122000205,1638,1258,380
122000206,2280,1160,1120
122000207,1300,1507,-207
122000208,2063,1571,492
122000209,2594,327,2267
122000210,1441,2174,-733
122000211,1304,1476,-172
122000212,596,497,99
122000213,1182,1074,108
122000214,1788,1708,80
122000215,2103,1434,669
122000217,1954,1543,411
122000218,616,55,561
122000219,1667,1143,524
122000220,473,994,-521
122000221,145,431,-286
122000222,728,84,644
122000223,1118,589,529
122000225,689,344,345
122000226,1316,2140,-824
122000227,231,1897,-1666
122000228,356,490,-134
122000229,15,436,-421
122000230,80,994,-914
122000231,294,922,-628
122000232,609,1164,-555
122000233,2,178,-176
122000234,126,222,-96
122000235,417,289,128
122000236,382,257,125
122000237,66,61,5
122000238,116,164,-48
122000239,473,106,367
122000240,969,394,575
122000241,618,405,213
122000242,677,63,614
122000243,52,18,34
122000244,15,310,-295
122000245,18,92,-74
122000246,6,60,-54
122000247,600,442,158
122000248,1217,2501,-1284
122000249,460,590,-130
122000250,1387,559,828
122000251,294,406,-112
122000252,701,84,617
122000253,23,336,-313
122000254,132,92,40
122000255,657,2636,-1979
122000256,300,1824,-1524
122000257,111,507,-396
122000258,106,230,-124
122000259,20,784,-764
122000260,5,110,-105
122000261,1,164,-163
122000262,0,79,-79
122000263,118,134,-16
122000264,474,441,33
122000265,1874,707,1167
122000266,4211,557,3654
122000267,63,112,-49
122000268,106,459,-353
122000269,650,282,368
122000270,590,109,481
122000271,306,1211,-905
122000272,281,1196,-915
122000273,210,511,-301
122000274,85,254,-169
122000275,17,151,-134
122000276,339,728,-389
122000277,681,1517,-836
122000278,515,1168,-653
122000279,192,887,-695
122000280,690,1036,-346
122000281,683,818,-135
122000282,114,290,-176
122000283,216,69,147
122000284,71,96,-25
122000285,486,101,385
122000286,89,228,-139
122000287,666,1596,-930
122000288,238,231,7
122000291,722,464,258
122000293,360,401,-41
122000294,107,176,-69
122000295,1263,188,1075
122000296,42,634,-592
122000297,3629,1993,1636
122000299,439,494,-55
122000300,896,604,292
122000301,16072,2608,13464
122000302,1178,718,460
122000303,4815,1472,3343
122000304,41,167,-126
122000305,683,349,334
122000306,15,952,-937
122000307,289,125,164
122000309,51,61,-10
122000310,5,20,-15
122000311,47,59,-12
122000312,51,32,19
122000313,25,32,-7
122000314,63,194,-131
122000315,183,14,169
122000316,278,251,27
122000317,660,175,485
122000318,494,447,47
122000319,444,676,-232
122000320,348,2556,-2208
122000321,135,369,-234
122000322,2952,2097,855
122000323,2049,1496,553
122000324,1552,1216,336
122000325,1060,1084,-24
122000326,32,168,-136
122000327,294,483,-189
122000328,1565,1337,228
122000330,2280,719,1561
122000332,203,355,-152
122000333,2,180,-178
122000337,549,2874,-2325
122000338,308,623,-315
122000340,419,235,184
122000342,2964,1404,1560
122000343,408,1722,-1314
122000344,29,26,3
122000345,11,67,-56
122000346,336,859,-523
122000348,563,972,-409
122000349,152,860,-708
122000351,69,244,-175
122000352,280,81,199
122000353,66,139,-73
122000355,112,195,-83
122000356,1902,994,908
122000357,36,30,6
122000358,0,104,-104
122000359,0,48,-48
122000360,1,57,-56
122000362,14,101,-87
122000364,93,575,-482
122000365,4,20,-16
122000366,8,14,-6
122000368,419,1035,-616
122000370,28,98,-70
122000371,7,0,7
122000372,2,0,2
122000381,47,383,-336
122000382,54,295,-241
122000384,4733,2260,2473
122000385,7,0,7
122000386,626,812,-186
122000387,391,624,-233
122000388,1738,340,1398
122000389,186,926,-740
122000390,321,228,93
122000391,250,102,148
122000392,227,287,-60
122000393,15,214,-199
122000394,264,382,-118
122000395,131,206,-75
122000396,245,136,109
122000397,24,98,-74
122000398,10,51,-41
122000399,66,105,-39
122000400,187,277,-90
122000401,94,113,-19
122000402,198,96,102
122000403,294,1605,-1311
122000404,101,424,-323
122000408,1264,1646,-382
122000503,15,63,-48
122000524,216,91,125
122000544,65,1720,-1655
122000616,1024,7,1017
122000640,44,216,-172
122000641,32,589,-557
122000642,703,1628,-925
122000643,18,128,-110
122000644,199,35,164
122000645,121,189,-68
122000651,2275,629,1646
122000664,143,47,96
122000665,1087,654,433
122000666,619,1209,-590
122000673,18,411,-393
122000674,52,54,-2
122000675,941,1290,-349
122000686,196,1659,-1463
122000687,575,405,170
122000688,122,987,-865
122000689,381,783,-402
122000690,482,890,-408
122000691,235,3206,-2971
122000692,932,417,515
122000693,538,2219,-1681
122000695,142,662,-520
122000696,149,461,-312
122000698,142,1273,-1131
122000699,141,132,9
122000701,969,411,558
122000702,425,2518,-2093
122000703,228,49,179
122000717,187,81,106
122000718,368,344,24
122000719,61,71,-10
122000720,88,335,-247
122000724,141,17,124
122900001,28,1,27
122900002,1274,1760,-486
122900003,263,44,219
122900004,1008,18,990
122900005,50,77,-27
122900006,600,493,107
122900007,124,20,104
122900008,593,94,499
122900009,1012,307,705
122900010,208,155,53
122900012,373,449,-76
122900014,195,359,-164
122900015,3464,413,3051
122900016,56,373,-317
122900017,627,946,-319
122900018,241,9,232
122900019,15,184,-169
122900020,348,497,-149
122900021,37,675,-638
122900022,353,1184,-831
122900023,262,386,-124
122900024,123,115,8
122900025,14,182,-168
122900026,184,474,-290
122900027,82,656,-574
122900028,125,164,-39
122900029,5142,2335,2807
122900030,1478,448,1030
122900031,127,138,-11
122900032,116,221,-105
122900033,162,219,-57
122900034,4240,3651,589
122900035,26,21,5
122900036,6,116,-110
122900037,287,159,128
122900038,150,1661,-1511
122900039,83,468,-385
122900040,181,547,-366
122900041,201,390,-189
122900042,130,410,-280
122900043,402,219,183
122900044,132,303,-171
122900045,72,114,-42
122900046,83,164,-81
122900047,201,116,85
122900048,38,150,-112
122900049,1744,108,1636
122900051,80,85,-5
122900052,35,168,-133
122900053,16,7,9
122900055,262,132,130
122900057,278,17,261
122900061,517,120,397
122900062,321,374,-53
122900063,132,540,-408
122900064,907,746,161
122900065,221,132,89
122900066,310,272,38
122900067,2036,1041,995
122900068,285,503,-218
122900069,176,1148,-972
122900070,254,43,211
122900071,86,511,-425
122900072,12,655,-643
122900073,55,279,-224
122900074,190,1015,-825
122900075,2,77,-75
122900076,13,196,-183
122900077,0,201,-201
122900078,35,110,-75
122900080,75,14,61
122900081,220,162,58
122900082,610,231,379
122900083,177,93,84
122900084,7,247,-240
122900086,7,24,-17
122900087,78,703,-625
122900088,89,72,17
122900089,7,268,-261
122900090,13,702,-689
122900091,65,0,65
122900092,0,308,-308
122900093,4,495,-491
122900094,2,293,-291
122900095,85,2,83
122900096,80,362,-282
122900097,49,13,36
122900098,76,139,-63
122900099,5,4,1
122900100,363,200,163
122900101,898,197,701
122900102,21,10,11
122900103,15,11,4
122900104,46,5,41
122900105,3,3,0
122900106,0,116,-116
122900107,3,279,-276
122900108,4,273,-269
123000001,2566,441,2125
123000002,7622,2590,5032
123000003,4206,2654,1552
123000004,4306,5421,-1115
123000005,2341,2360,-19
123000006,3621,3735,-114
123000007,2933,2461,472
123000008,2792,4836,-2044
123000009,4496,3340,1156
123000010,4343,4584,-241
123000011,3305,965,2340
123000012,1217,2826,-1609
123000013,3384,982,2402
123000014,1499,4476,-2977
123000015,6302,703,5599
123000016,8170,2954,5216
123000017,3524,1532,1992
123000018,72,121,-49
123000019,125,527,-402
123000020,64,148,-84
123000021,76,135,-59
123000022,573,893,-320
123000023,1248,1153,95
123000024,832,501,331
123000025,14,79,-65
123000026,7,86,-79
123000027,245,544,-299
123000028,748,641,107
123000029,625,666,-41
123000030,143,943,-800
123000031,148,587,-439
123000032,166,402,-236
123000033,172,65,107
123000034,666,562,104
123000035,187,292,-105
123000036,236,599,-363
123000037,184,404,-220
123000038,87,271,-184
123000039,606,939,-333
123000040,1289,422,867
123000041,1161,561,600
123000042,873,514,359
123000043,4837,4052,785
123000044,7577,2726,4851
123000045,14536,1787,12749
123000046,1210,828,382
123000047,3447,1134,2313
123000048,119,358,-239
123000049,9496,4406,5090
123000050,881,1190,-309
123000051,106,178,-72
123000052,551,2376,-1825
123000053,2889,2827,62
123000054,1439,1186,253
123000055,3721,1448,2273
123000056,1401,2289,-888
123000057,21118,5527,15591
123000058,666,610,56
123000059,426,503,-77
123000060,764,499,265
123000061,172,707,-535
123000063,775,652,123
123000064,753,227,526
123000065,11466,4008,7458
123000066,1385,883,502
123000067,423,772,-349
123000068,4059,4004,55
123000069,11770,4785,6985
123000070,441,960,-519
123000071,579,1322,-743
123000072,1005,1841,-836
123000073,802,962,-160
123000074,923,2398,-1475
123000075,381,834,-453
123000076,460,1496,-1036
123000077,2275,4721,-2446
123000078,960,1973,-1013
123000079,906,2480,-1574
123000080,2014,3461,-1447
123000081,270,785,-515
123000082,475,1382,-907
123000083,855,130,725
123000084,283,768,-485
123000085,90,198,-108
123000086,156,704,-548
123000087,106,714,-608
123000088,881,1521,-640
123000089,356,1503,-1147
123000090,1166,1549,-383
123000091,1692,1512,180
123000092,1464,1349,115
123000094,355,313,42
123000095,376,708,-332
123000096,371,498,-127
123000097,285,1426,-1141
123000098,463,730,-267
123000099,467,1142,-675
123000100,508,615,-107
123000101,678,505,173
123000102,659,618,41
123000104,420,358,62
123000105,756,625,131
123000106,602,283,319
123000107,613,604,9
123000108,1275,1354,-79
123000111,541,305,236
123000112,600,690,-90
123000113,538,2258,-1720
123000114,434,416,18
123000115,209,366,-157
123000116,21,186,-165
123000117,1516,2781,-1265
123000118,433,1069,-636
123000119,241,1311,-1070
123000120,422,1224,-802
123000121,375,629,-254
123000122,320,370,-50
123000123,478,595,-117
123000124,748,616,132
123000125,1407,774,633
123000126,2412,2059,353
123000127,1777,925,852
123000128,315,409,-94
123000129,289,229,60
123000130,371,86,285
123000131,584,510,74
123000132,414,599,-185
123000133,607,406,201
123000134,746,202,544
123000135,1369,1228,141
123000136,217,1806,-1589
123000137,117,526,-409
123000138,48,564,-516
123000139,253,111,142
123000140,174,951,-777
123000141,1012,118,894
123000142,1053,1268,-215
123000143,1153,3096,-1943
123000144,32,15,17
123000145,276,277,-1
123000146,85,153,-68
123000147,122,139,-17
123000149,280,312,-32
123000150,217,214,3
123000151,365,516,-151
123000152,87,387,-300
123000153,151,509,-358
123000154,3236,1660,1576
123000155,3454,970,2484
123000156,72,92,-20
123000157,583,972,-389
123000158,807,505,302
123000159,3125,1601,1524
123000160,600,486,114
123000161,1299,878,421
123000162,457,1364,-907
123000163,264,56,208
123000164,800,235,565
123000165,342,2656,-2314
123000166,42,183,-141
123000167,99,392,-293
123000168,221,403,-182
123000169,422,109,313
123000170,27,354,-327
123000171,213,95,118
123000172,311,853,-542
123000173,628,177,451
123000174,699,168,531
123000175,1159,1644,-485
123000176,995,127,868
123000177,491,1450,-959
123000178,560,105,455
123000179,42,987,-945
123000180,1131,279,852
123000181,382,1782,-1400
123000182,174,684,-510
123000183,157,196,-39
123000184,85,1146,-1061
123000185,414,403,11
123000186,13,870,-857
123000187,393,2,391
123000188,132,3,129
123000189,149,265,-116
123000190,31,79,-48
123000192,30,474,-444
123000193,60,811,-751
123000194,554,329,225
123000195,246,13,233
123000196,203,15,188
123000197,28,138,-110
123000198,6,211,-205
123000199,7,569,-562
123000200,249,5,244
123000201,485,7,478
123000202,23,1844,-1821
123000203,530,30,500
123000204,66,1550,-1484
123000205,355,2514,-2159
123000206,1095,102,993
123000207,83,1157,-1074
123000208,209,89,120
123000209,1069,243,826
123000210,449,2023,-1574
123000211,761,3907,-3146
123000212,1686,370,1316
123000213,307,53,254
123000215,110,64,46
123000216,211,357,-146
123000217,144,42,102
123000218,142,379,-237
123000219,1262,26,1236
123000220,472,87,385
123000221,160,226,-66
123000222,275,938,-663
123000223,105,850,-745
123000224,326,807,-481
123000225,361,119,242
123000226,176,560,-384
123000227,75,487,-412
123000228,259,78,181
123000229,1385,2295,-910
123000232,95,663,-568
123000233,566,152,414
123000234,126,833,-707
123000235,379,325,54
123000236,175,1130,-955
123000237,256,95,161
123000238,66,917,-851
123000239,488,2668,-2180
123000240,56,265,-209
123000241,1245,155,1090
123000242,95,271,-176
123000243,345,1136,-791
123000244,764,512,252
123000245,78,146,-68
123000249,438,731,-293
123000252,780,195,585
123000253,594,347,247
123000254,462,1375,-913
123000255,767,782,-15
123000256,34,361,-327
123000257,4013,2742,1271
123000258,1132,1526,-394
123000259,162,394,-232
123000260,370,894,-524
123000261,80,366,-286
123000262,144,305,-161
123000263,255,132,123
123000264,208,58,150
123000265,64,171,-107
123000266,491,806,-315
123000267,320,336,-16
123000268,33,76,-43
123000269,28,45,-17
123000270,26,46,-20
123000271,33,127,-94
123000272,688,259,429
123000273,162,476,-314
123000274,937,409,528
123000275,332,1404,-1072
123000278,3632,2763,869
123000279,43,96,-53
123000280,240,424,-184
123000281,141,81,60
123000282,84,292,-208
123000283,111,43,68
123000284,49,166,-117
123000286,321,307,14
123000287,654,296,358
123000288,931,594,337
123000289,488,818,-330
123000291,462,1071,-609
123000294,179,232,-53
123000295,831,1265,-434
123000296,202,660,-458
123000297,214,1118,-904
123000298,241,1003,-762
123000299,28,390,-362
123000300,538,682,-144
123000301,64,171,-107
123000302,120,295,-175
123000303,51,213,-162
123000305,1064,935,129
123000306,49,365,-316
123000309,53,55,-2
123000310,79,40,39
123000311,0,160,-160
123000312,676,1195,-519
123000313,139,244,-105
123000315,216,448,-232
123000316,1806,31,1775
123000317,263,72,191
123000318,54,350,-296
123000329,12,16,-4
123000337,142,266,-124
123000338,496,103,393
123000339,86,264,-178
123000340,272,636,-364
123000342,4,7,-3
123000343,41,2,39
123000344,1344,519,825
123000345,531,748,-217
123000346,214,76,138
123000352,2654,1067,1587
123000353,22,126,-104
123000354,123,5,118
123000355,2,476,-474
123000356,113,17,96
123000357,0,398,-398
123000359,3,315,-312
123000360,148,10,138
123000361,642,370,272
123000362,208,141,67
123000363,85,331,-246
123000364,471,342,129
123000365,21,278,-257
123000366,311,1397,-1086
123000367,242,1515,-1273
123000370,19,405,-386
123000371,279,13,266
123000372,204,10,194
123000373,6,612,-606
123000374,6,268,-262
123000375,219,22,197
123000376,608,543,65
123000377,298,10,288
123000378,12,542,-530
123000379,2,289,-287
123000380,75,191,-116
123000381,154,68,86
123000382,1757,66,1691
123000383,281,858,-577
123000384,547,114,433
123000385,638,721,-83
123000436,53,869,-816
123000507,295,375,-80
123000508,318,407,-89
123000517,360,28,332
123000518,63,291,-228
123000519,181,91,90
123000520,86,314,-228
123000521,379,128,251
123000522,253,753,-500
123000541,2,0,2
123000542,0,29,-29
123000565,1,0,1
123000566,253,1121,-868
123000567,110,337,-227
123000573,47,1139,-1092
123000574,304,74,230
123000575,1056,1540,-484
123000576,619,2332,-1713
123000577,132,590,-458
123000578,1025,124,901
123000579,6854,2528,4326
123000580,56,5,51
123000582,301,40,261
123000583,15,742,-727
123000584,115,230,-115
123000585,0,173,-173
123000586,56,21,35
123000596,164,172,-8
123000597,36,99,-63
123000602,13,2,11
123000603,257,890,-633
123000604,296,1366,-1070
123000605,631,132,499
123000606,0,204,-204
123000609,32,565,-533
123000610,138,91,47
123000613,43,142,-99
123000614,187,45,142
123000615,40,170,-130
123000616,285,51,234
123000617,43,689,-646
123000618,80,930,-850
123000619,560,33,527
123000620,14,793,-779
123000622,275,15,260
123000624,101,46,55
123000630,478,398,80
123000631,216,2268,-2052
123000632,1221,1483,-262
123000633,1,214,-213
123000634,85,35,50
123000635,291,105,186
123000636,13,803,-790
123000637,111,150,-39
123000638,274,105,169
123000639,1449,2035,-586
123000640,41,1334,-1293
123900001,1870,80,1790
123900002,31,941,-910
123900003,385,795,-410
123900005,94,118,-24
123900006,179,31,148
124000001,1707,121,1586
124000002,102,2055,-1953
124000003,343,116,227
124000004,75,874,-799
124000005,564,182,382
124000006,224,1980,-1756
124000007,586,141,445
124000008,12,520,-508
124000009,167,339,-172
124000010,113,613,-500
124000011,590,321,269
124000012,317,1039,-722
124000017,48,107,-59
124000018,78,180,-102
124000019,49,78,-29
124000020,67,352,-285
124000021,73,54,19
124000022,137,305,-168
124000023,1006,1317,-311
124000024,1163,736,427
124000025,1078,1228,-150
124000026,1338,1148,190
124000027,6231,3246,2985
124000028,3454,4155,-701
124000030,3975,1383,2592
124000031,662,794,-132
124000032,5358,1152,4206
124000033,11,118,-107
124000034,2581,677,1904
124000035,46,73,-27
124000036,100,174,-74
124000037,555,345,210
124000038,95,27,68
124000039,1364,271,1093
124000040,843,627,216
124000041,191,64,127
124000042,60,347,-287
124000043,100,97,3
124000044,58,333,-275
124000045,350,600,-250
124000046,184,957,-773
124000047,676,916,-240
124000048,499,2442,-1943
124000049,795,726,69
124000050,524,2995,-2471
124000051,377,539,-162
124000052,465,1869,-1404
124000053,539,792,-253
124000054,777,1005,-228
124000055,1101,1176,-75
124000056,4470,1797,2673
124000057,692,436,256
124000058,466,1858,-1392
124000059,510,645,-135
124000060,1388,1042,346
124000061,1571,2489,-918
124000062,6152,2007,4145
124000063,1559,1835,-276
124000064,3212,2379,833
124000065,59,185,-126
124000066,522,170,352
124000067,46,324,-278
124000068,6,20,-14
124000069,36,29,7
124000070,22,187,-165
124000071,121,80,41
124000072,173,709,-536
124000073,564,100,464
124000074,183,1285,-1102
124000075,89,29,60
124000076,9,363,-354
124000077,2001,699,1302
124000078,2984,429,2555
124000079,760,1260,-500
124000080,268,207,61
124000081,179,1114,-935
124000082,13,105,-92
124000083,32,188,-156
124000084,93,255,-162
124000085,159,68,91
124000086,65,98,-33
124000087,114,60,54
124000088,224,308,-84
124000089,341,396,-55
124000090,78,570,-492
124000091,367,134,233
124000092,89,905,-816
124000093,122,77,45
124000094,292,446,-154
124000095,63,95,-32
124000096,73,397,-324
124000097,58,70,-12
124000098,81,143,-62
124000099,205,105,100
124000100,87,213,-126
124000101,29,131,-102
124000102,90,86,4
124000103,26,94,-68
124000104,108,94,14
124000105,48,78,-30
124000106,115,95,20
124000107,17,82,-65
124000108,43,33,10
124000109,86,47,39
124000110,131,118,13
124000111,229,164,65
124000112,475,942,-467
124000113,43,76,-33
124000114,159,791,-632
124000115,319,882,-563
124000116,84,64,20
124000117,68,94,-26
124000118,27,62,-35
124000119,1064,711,353
124000120,487,515,-28
124000121,1582,543,1039
124000122,609,1184,-575
124000123,919,377,542
124000124,599,1118,-519
124000125,363,374,-11
124000126,467,681,-214
124000127,697,383,314
124000128,785,1210,-425
124000129,1771,1382,389
124000130,994,722,272
124000131,967,532,435
124000132,1026,727,299
124000133,553,750,-197
124000134,824,909,-85
124000135,1481,1542,-61
124000136,1091,1153,-62
124000137,1273,543,730
124000138,2144,1169,975
124000139,392,16,376
124000140,29,518,-489
124000141,45,17,28
124000142,9,118,-109
124000143,9,19,-10
124000144,7,74,-67
124000145,29,42,-13
124000146,17,164,-147
124000148,22,38,-16
124000149,949,239,710
124000150,350,614,-264
124000151,512,252,260
124000152,801,1313,-512
124000153,898,463,435
124000154,974,920,54
124000155,1159,604,555
124000156,1509,1204,305
124000169,258,411,-153
124000170,709,520,189
124000171,232,288,-56
124000172,431,638,-207
124000173,273,305,-32
124000174,216,946,-730
124000175,10,187,-177
124000176,6,6,0
124000177,34,52,-18
124000178,28,24,4
124000190,216,42,174
124000191,411,105,306
124000192,2310,298,2012
124000193,567,1461,-894
124000194,411,696,-285
124000195,200,468,-268
124000196,909,1435,-526
124000197,68,83,-15
124000198,24,19,5
124000201,258,1302,-1044
124000202,413,144,269
124000203,94,1266,-1172
124000204,243,605,-362
124000205,58,845,-787
124000206,175,370,-195
124000207,0,58,-58
124000209,223,824,-601
124000210,154,234,-80
124000211,238,3,235
124000212,0,747,-747
124000213,181,436,-255
124000214,160,965,-805
124000215,97,7,90
124000216,1,646,-645
124000329,72,2946,-2874
124000338,42,1519,-1477
124000339,316,95,221
124000341,429,92,337
124000344,128,78,50
124000357,776,1347,-571
124000358,906,940,-34
124000359,709,419,290
124000360,467,320,147
124000361,1180,701,479
124000362,1739,2276,-537
124000363,356,450,-94
124000364,532,1014,-482
124000365,657,1393,-736
124000366,1981,1117,864
124000367,109,672,-563
124000368,184,116,68
124000369,153,82,71
124000370,99,732,-633
124000402,16,8,8
124000403,35,23,12
124000404,5,152,-147
124000405,1167,770,397
124000406,1232,1088,144
124000407,1,34,-33
124000411,10,557,-547
124000412,139,23,116
124000413,347,41,306
124000414,26,132,-106
124000415,34,242,-208
124000416,109,335,-226
124000417,76,137,-61
124000418,99,185,-86
124000419,74,234,-160
124000420,28,100,-72
124000421,25,369,-344
124000422,24,11,13
124000423,145,30,115
124000424,1,141,-140
124000425,30,11,19
124000426,0,59,-59
124000427,14,15,-1
124000428,16,24,-8
124000429,24,80,-56
124000430,444,924,-480
124000431,227,931,-704
124000432,108,863,-755
124000439,2,11,-9
124000443,1,6,-5
124000445,173,364,-191
124000446,2516,125,2391
124900001,210,232,-22
124900002,160,627,-467
124900003,432,566,-134
124900004,217,404,-187
124900005,243,333,-90
124900006,319,424,-105
124900008,1102,533,569
124900009,121,176,-55
124900010,61,39,22
124900011,191,126,65
124900012,363,66,297
124900013,276,99,177
124900014,168,88,80
124900015,108,181,-73
124900016,20,53,-33
124900017,562,278,284
124900018,4,10,-6
124900020,53,45,8
124900021,114,24,90
124900022,19,1,18
124900024,133,17,116
124900026,122,29,93
124900027,66,162,-96
124900028,728,161,567
124900029,19,330,-311
124900030,4,181,-177
124900031,50,470,-420
124900032,298,180,118
124900033,59,575,-516
124900034,10,125,-115
124900035,132,517,-385
124900036,3,56,-53
124900037,151,379,-228
124900038,375,392,-17
124900039,0,29,-29
124900040,31,88,-57
124900041,214,1434,-1220
124900042,29,2,27
124900043,282,1342,-1060
124900044,71,1,70
124900045,728,835,-107
124900046,1849,268,1581
124900047,126,235,-109
124900048,116,194,-78
124900050,142,281,-139
124900052,83,545,-462
124900053,55,545,-490
124900054,3201,320,2881
124900055,0,95,-95
124900057,14,88,-74
124900060,64,225,-161
124900061,9,5,4
124900062,65,16,49
124900066,0,15,-15
124900067,7,206,-199
124900068,178,256,-78
124900070,58,20,38
124900072,53,14,39
124900074,185,358,-173
124900075,99,203,-104
124900076,19,463,-444
124900077,19,151,-132
124900078,76,9,67
124900079,826,67,759
124900080,178,917,-739
124900081,398,207,191
124900082,274,1069,-795
124900083,132,631,-499
124900084,2959,112,2847
124900085,1594,250,1344
124900086,128,588,-460
124900087,659,83,576
124900088,1032,71,961
124900089,1502,37,1465
124900090,166,198,-32
124900091,233,732,-499
124900092,164,591,-427
124900093,140,224,-84
124900094,150,287,-137
124900095,76,381,-305
124900096,623,173,450
124900097,175,55,120
124900098,164,497,-333
124900099,683,353,330
124900100,238,42,196
124900101,29,582,-553
124900102,133,17,116
124900103,117,313,-196
124900104,32,282,-250
124900105,59,191,-132
124900106,237,56,181
124900107,62,16,46
124900108,183,26,157
124900109,34,105,-71
124900110,123,490,-367
124900111,0,66,-66
124900112,56,1029,-973
124900113,119,152,-33
124900114,261,67,194
124900115,66,31,35
124900116,76,114,-38
124900117,696,181,515
124900118,157,113,44
124900119,238,70,168
124900120,19,509,-490
124900121,99,134,-35
124900122,571,260,311
124900123,491,69,422
124900124,183,179,4
129000186,117,49,68
204000001,14,5,9
204000002,4,4,0
204000003,88,1,87
204000004,12,1,11
204000005,352,324,28
204000006,747,806,-59
204000011,15,74,-59
204000012,53,116,-63
204000013,5,40,-35
204000019,478,585,-107
204000020,374,718,-344
204000021,1616,763,853
204000022,340,557,-217
204000023,358,1589,-1231
204000031,111,36,75
204000032,610,70,540
204000034,11,362,-351
204000035,3,5,-2
204000036,12,20,-8
204000037,2,6,-4
204000038,1,19,-18
204000039,6,84,-78
204000040,4,63,-59
204000041,5,73,-68
204000042,20,17,3
204000043,19,10,9
204000044,26,1,25
204000045,20,12,8
204000046,11,3,8
204000057,5,68,-63
204000062,6,43,-37
204000068,25,162,-137
204000069,27,228,-201
204000070,55,206,-151
204000080,10,69,-59
204000085,1285,2015,-730
204000086,3195,2448,747
204000087,38,14,24
204000088,11,91,-80
204000090,11,448,-437
204000093,159,54,105
204000096,484,571,-87
204000097,206,21,185
204000099,759,1112,-353
204000100,718,1035,-317
204000105,2228,1674,554
204000110,694,1473,-779
204000111,329,869,-540
204000112,760,987,-227
204000113,438,1012,-574
204000114,603,373,230
204000115,271,296,-25
204000116,551,435,116
204000119,1653,1454,199
204000132,374,224,150
204000133,476,306,170
204000134,177,144,33
204000135,247,107,140
204000136,232,219,13
204000138,186,215,-29
204000140,111,86,25
204000141,67,65,2
204000144,2,27,-25
204000145,544,36,508
204000146,44,436,-392
204000147,21,185,-164
204000148,530,22,508
204000154,3,1,2
204000155,7,10,-3
204000177,171,75,96
204000179,16,7,9
204000180,0,42,-42
204000222,4,48,-44
204000235,9,19,-10
204000236,104,393,-289
204000238,39,27,12
204000240,437,85,352
204000263,399,1250,-851
204000268,974,482,492
204000308,194,16,178
204000317,13,134,-121
204000322,2,34,-32
204000323,28,5,23
204000328,191,56,135
204000329,80,92,-12
204000330,178,27,151
204000331,16,154,-138
204010341,9,236,-227
205000001,1379,1547,-168
205000013,14,105,-91
205000014,13,152,-139
205000015,34,266,-232
205000016,42,227,-185
205000017,32,170,-138
205000022,317,616,-299
205000025,1485,1030,455
205000029,205,7,198
205000045,75,237,-162
205000046,72,576,-504
205000047,67,601,-534
205000048,193,1094,-901
205000049,102,730,-628
205000050,1076,301,775
205000059,1,282,-281
205000060,0,52,-52
205000061,4,28,-24
205000062,4,36,-32
205000063,16,105,-89
205000064,13,126,-113
205000065,70,872,-802
205000066,99,889,-790
205000067,66,1222,-1156
205000069,200,18,182
205000082,201,159,42
205000110,52,251,-199
205000111,158,295,-137
205000112,113,172,-59
205000113,251,289,-38
205000121,184,38,146
205000123,86,245,-159
205000126,329,96,233
205000127,511,149,362
205000128,452,53,399
205000129,338,107,231
205000130,146,16,130
205000131,231,1,230
205000132,297,2,295
205000133,107,2,105
205000134,114,0,114
205000137,160,133,27
205000138,302,366,-64
205000139,30,109,-79
205000144,74,41,33
205000145,483,104,379
205000151,125,30,95
205000152,109,27,82
205000153,114,29,85
205000154,58,54,4
205000155,45,14,31
205000207,10,154,-144
205000233,3,1,2
205000234,0,0,0
205000243,0,0,0
205000244,0,2,-2
205000245,8,421,-413
205000249,0,40,-40
205000250,2,0,2
205000264,5,135,-130
206000027,6,1,5
206000028,6,1,5
206000043,12,187,-175
206000053,6,13,-7
206000054,6,22,-16
206000055,4,32,-28
206000075,8,3,5
206000076,21,7,14
206000077,21,7,14
206000078,13,3,10
206000079,14,4,10
206000082,407,19,388
206000100,72,835,-763
206000103,5,23,-18
206000104,23,25,-2
206000105,8,38,-30
206000106,17,52,-35
206000108,658,36,622
206000125,53,0,53
206000157,110,907,-797
206000170,0,282,-282
206000171,1,326,-325
206000172,19,1253,-1234
206000173,4,426,-422
206000174,12,192,-180
206000175,1,316,-315
206000176,9,568,-559
206000177,0,331,-331
206000178,1,263,-262
206000179,5,176,-171
206000180,19,318,-299
206000181,3,436,-433
206000182,21,446,-425
206000183,21,1459,-1438
206000184,3,557,-554
206000185,4,441,-437
206000186,112,1943,-1831
206000223,5,415,-410
206000226,12,7,5
206000227,19,1,18
206000237,29,455,-426
206000238,58,799,-741
206000239,601,2788,-2187
206000240,0,68,-68
206000241,0,178,-178
206000242,3,634,-631
206000243,12,527,-515
206000244,76,1154,-1078
206000245,274,45,229
206000246,54,9,45
206000247,73,1,72
206000248,193,8,185
206000252,76,16,60
206000258,31,42,-11
206000315,45,4,41
206000317,264,78,186
206000318,109,33,76
206000319,460,52,408
206000320,60,19,41
206000321,82,8,74
206000322,182,12,170
206000323,87,4,83
206000324,74,10,64
206000325,123,11,112
206000326,107,8,99
206000327,87,8,79
206000328,45,3,42
206000329,78,7,71
206000330,20,6,14
206000331,69,4,65
206000332,11,2,9
206000333,184,4,180
206000334,116,4,112
206000335,2,29,-27
206000361,0,287,-287
206000392,4,72,-68
206000405,113,0,113
206000441,20,8,12
206000498,31,4,27
206000515,130,16,114
206000530,67,47,20
206000531,130,56,74
206000532,2371,82,2289
206000535,365,2405,-2040
206000536,18,300,-282
206000537,9,214,-205
206000613,1321,143,1178
207000001,153,427,-274
207000002,37,334,-297
207000003,137,215,-78
207000007,544,253,291
207000008,47,12,35
207000009,54,47,7
207000010,477,635,-158
207000012,253,216,37
207000015,378,2056,-1678
207000019,138,82,56
207000021,557,171,386
207000022,83,88,-5
207000023,107,62,45
207000024,3,19,-16
207000025,17,58,-41
207000026,104,61,43
207000027,18,104,-86
207000028,49,254,-205
207000029,275,476,-201
207000033,212,209,3
207000034,235,62,173
207000039,243,130,113
207000040,151,164,-13
207000041,58,57,1
207000042,177,91,86
207000043,187,178,9
207000051,108,507,-399
207000052,11,238,-227
207000053,444,769,-325
207000054,41,154,-113
207000055,76,203,-127
207000056,260,459,-199
207000057,119,281,-162
207000058,64,476,-412
207000059,45,893,-848
207000060,37,291,-254
207000061,104,161,-57
207000062,120,55,65
207000063,127,150,-23
207000064,286,222,64
207000065,295,237,58
207000066,102,176,-74
207000067,50,123,-73
207000068,93,70,23
207000069,656,385,271
207000082,31,416,-385
207000083,65,464,-399
207000084,146,219,-73
207000085,159,10,149
207000086,80,3,77
207000106,17,28,-11
207000107,30,15,15
207000108,17,7,10
207000109,30,18,12
207000110,42,36,6
207000111,69,43,26
207000112,153,214,-61
207000114,20,40,-20
207000115,10,78,-68
207000116,23,317,-294
207000117,8,103,-95
207000118,1,106,-105
207000119,25,139,-114
207000123,178,25,153
207000124,67,23,44
207000125,31,36,-5
207000126,79,44,35
207000134,18,273,-255
207000135,13,316,-303
207000148,30,130,-100
207000149,61,41,20
207000152,190,427,-237
207000153,1420,1037,383
207000154,378,137,241
207000159,65,328,-263
207000160,91,791,-700
207000238,0,56,-56
207000242,0,188,-188
207000248,22,26,-4
207000249,123,61,62
207000250,838,61,777
207000251,86,75,11
207000252,38,89,-51
207000278,50,91,-41
207000279,16,290,-274
207000280,179,72,107
207000281,62,1504,-1442
207000282,165,37,128
207000283,171,237,-66
207000284,91,88,3
207000285,153,47,106
207000291,9,152,-143
207000304,101,67,34
207000306,73,415,-342
207000310,53,82,-29
207000353,157,4,153
207000356,7,26,-19
207000357,72,8,64
207000358,214,15,199
207000415,2,181,-179
207000417,25,0,25
207000418,97,163,-66
207000438,0,2,-2
207000439,1342,391,951
207000446,174,5,169
207000460,8,5,3
207000466,196,240,-44
207000467,111,128,-17
207000468,26,672,-646
207000476,1,102,-101
207000477,240,157,83
207000478,30,17,13
207000523,0,11,-11
207000524,16,0,16
207000527,67,136,-69
207000530,131,5,126
207000531,166,6,160
207000532,70,13,57
207000534,822,37,785
207000535,43,265,-222
207000537,31,137,-106
207000540,7,185,-178
207000541,3,342,-339
207000548,4,397,-393
207000549,137,15,122
207000561,51,115,-64
207000562,38,227,-189
207000567,165,243,-78
207000568,76,138,-62
207000569,110,1466,-1356
207000584,451,171,280
207000585,93,219,-126
207000616,1,241,-240
207000617,71,0,71
207900008,95,306,-211
208000001,380,679,-299
208000002,373,482,-109
208000003,675,484,191
208000004,844,639,205
208000005,6,28,-22
208000019,597,1047,-450
208000020,198,465,-267
208000021,119,560,-441
208000022,575,772,-197
208000028,1369,951,418
208000033,415,732,-317
208000034,1106,1632,-526
208000040,166,200,-34
208000041,1898,530,1368
208000042,1276,548,728
208000047,76,402,-326
208000064,3094,1483,1611
208000066,1417,1078,339
208000070,180,498,-318
208000071,318,887,-569
208000072,372,1297,-925
208000080,114,303,-189
208000081,165,175,-10
208000082,161,411,-250
208000083,107,488,-381
208000084,12,22,-10
208000085,798,594,204
208000086,372,881,-509
208000087,314,770,-456
208000089,662,753,-91
208000090,420,1120,-700
208000093,133,122,11
208000094,293,535,-242
208000095,526,451,75
208000104,736,1030,-294
208000105,542,1232,-690
208000114,61,252,-191
208000115,517,493,24
208000116,210,1025,-815
208000117,68,131,-63
208000118,50,71,-21
208000155,499,964,-465
208000158,1816,2489,-673
208000186,3676,2016,1660
208000204,380,925,-545
208000205,794,1377,-583
208000282,3750,1285,2465
209000004,156,237,-81
209000005,21,17,4
209000006,390,93,297
209000007,253,218,35
209000010,576,175,401
209000011,155,273,-118
209000012,245,235,10
209000013,147,767,-620
209000014,767,2116,-1349
209000025,170,30,140
209000026,469,104,365
209000027,217,1181,-964
209000028,346,1186,-840
209000029,738,1046,-308
209000030,511,2051,-1540
209000031,4725,3349,1376
209000034,157,170,-13
209000035,108,101,7
209000036,75,90,-15
209000037,152,202,-50
209000038,74,138,-64
209000039,35,149,-114
209000040,367,497,-130
209000041,163,396,-233
209000042,156,362,-206
209000043,770,632,138
209000044,184,555,-371
209000045,1061,556,505
209000046,243,620,-377
209000047,322,254,68
209000048,401,343,58
209000049,120,199,-79
209000050,238,247,-9
209000051,278,393,-115
209000052,110,428,-318
209000062,35,179,-144
209000063,18,146,-128
209000064,27,194,-167
209000065,18,36,-18
209000066,34,52,-18
209000067,41,58,-17
209000080,20,208,-188
209000082,65,48,17
209000091,55,107,-52
209000093,84,57,27
209000094,287,167,120
209000110,39,51,-12
209000111,512,975,-463
209000112,543,448,95
209000113,1215,412,803
209000114,257,280,-23
209000115,64,223,-159
209000116,950,706,244
209000118,21,31,-10
209000119,25,15,10
209000121,124,885,-761
209000135,41,66,-25
209000142,829,851,-22
209000143,106,85,21
209000144,25,77,-52
209000229,203,194,9
209000240,40,503,-463
209000259,144,136,8
209000260,79,1108,-1029
209000261,7,747,-740
209000262,2,620,-618
209000263,0,134,-134
209000264,0,52,-52
209000265,831,3,828
209000266,118,4,114
209000267,720,19,701
209000268,801,66,735
210000037,67,16,51
210000047,39,36,3
210000048,33,24,9
210000049,53,19,34
210000052,22,187,-165
210000053,9,77,-68
210000054,53,86,-33
210000070,51,4,47
210000071,27,1,26
210000072,13,0,13
210000073,0,33,-33
210000074,1,134,-133
210000075,0,57,-57
210000076,12,175,-163
210000077,67,28,39
210000078,64,27,37
210000079,31,13,18
210000080,104,38,66
210000081,125,15,110
210000082,58,0,58
210000083,75,1,74
210000084,20,0,20
210000085,0,87,-87
210000086,3,160,-157
210000099,41,287,-246
210000100,36,299,-263
210000101,75,298,-223
210000105,49,182,-133
210000159,0,124,-124
210000163,205,252,-47
210000164,363,114,249
210000168,174,31,143
210000187,0,5,-5
210000188,0,28,-28
210000214,93,0,93
210000219,34,37,-3
210000220,54,107,-53
210000232,4,20,-16
210000233,20,66,-46
210000234,28,140,-112
210000235,40,150,-110
210000245,2,28,-26
210000246,51,21,30
210000258,20,128,-108
210000259,278,25,253
210000282,71,285,-214
210000285,0,96,-96
210000286,14,264,-250
210000290,0,3,-3
210000295,53,187,-134
210000296,42,54,-12
210000320,164,195,-31
210000321,65,76,-11
210000338,61,108,-47
210000339,806,931,-125
210000340,166,269,-103
210000341,181,243,-62
210000342,153,244,-91
210000343,146,213,-67
210000344,191,117,74
210000345,207,136,71
210000346,84,84,0
210000347,117,37,80
210000348,85,24,61
210000349,100,23,77
210000350,72,54,18
210000351,77,113,-36
210000352,58,109,-51
210000353,25,116,-91
210000354,33,107,-74
210000355,31,88,-57
210000356,62,77,-15
210000357,47,55,-8
210000358,489,125,364
210000359,78,61,17
210000360,150,82,68
210000361,91,152,-61
210000362,202,194,8
210000363,888,151,737
210000364,73,137,-64
210000365,61,52,9
210000366,67,52,15
210000367,52,27,25
210000368,132,23,109
210000369,23,51,-28
210000370,44,93,-49
210000372,23,39,-16
210000373,42,15,27
210000374,45,38,7
210000375,21,74,-53
210000376,60,139,-79
210000404,127,137,-10
210000439,31,69,-38
210000472,102,5,97
210000482,68,77,-9
210000564,679,169,510
210000567,0,13,-13
210000568,560,5,555
211000092,13,62,-49
211000094,99,5,94
211000169,151,7,144
211000172,10,205,-195
211000209,1,25,-24
211000226,21,24,-3
211000270,7,5,2
211000275,19,26,-7
211000276,29,31,-2
211000279,8,57,-49
211000281,34,59,-25
211507980,2,33,-31
211977296,11,2,9
212000003,84,71,13
212000004,59,25,34
212000005,12,22,-10
212000006,38,76,-38
212000008,99,258,-159
212000009,20,172,-152
212000012,57,109,-52
212000013,10,52,-42
212000014,210,206,4
212000015,173,252,-79
212000016,495,559,-64
212000027,414,439,-25
212000028,196,333,-137
212000029,168,270,-102
212000030,23,42,-19
212000031,31,69,-38
212000048,44,98,-54
212000049,7,80,-73
212000050,13,4,9
212000051,154,264,-110
212000052,137,494,-357
212000053,248,638,-390
212000054,97,164,-67
212000055,144,260,-116
212000056,9,42,-33
212000057,17,36,-19
212000058,266,57,209
212000070,72,354,-282
212000077,109,826,-717
212000099,143,247,-104
212000108,132,194,-62
212000111,96,153,-57
212000120,122,130,-8
212000138,79,28,51
212000156,4,162,-158
212000158,11,16,-5
212000159,187,60,127
212000160,340,236,104
212000161,34,6,28
212000310,28,10,18
212000311,10,73,-63
212000374,12,5,7
213000001,19,818,-799
213000005,394,105,289
213000006,1308,112,1196
213000007,88,8,80
213000009,528,173,355
213000010,193,153,40
213000011,266,158,108
213000012,145,604,-459
213000014,35,5,30
213000015,131,6,125
213000016,206,1,205
213000017,20,0,20
213000018,7,281,-274
213000019,2,200,-198
213000020,76,403,-327
213000021,7,129,-122
213000023,237,180,57
213000033,220,792,-572
213000034,534,285,249
213000035,96,140,-44
213000045,131,296,-165
213000046,116,215,-99
213000047,498,794,-296
213000056,36,36,0
213000069,35,0,35
213000073,0,19,-19
213000074,242,639,-397
213000075,558,17,541
213000076,22,0,22
213000085,4,51,-47
213000086,11,276,-265
213000091,75,12,63
213000092,68,24,44
213000099,109,938,-829
213000100,1369,227,1142
213000101,134,200,-66
213000102,174,461,-287
213000103,678,926,-248
213000104,57,575,-518
213000105,2,86,-84
213000106,12,216,-204
213000107,64,829,-765
213000108,12,611,-599
213000109,7,288,-281
213000110,2,67,-65
213000111,15,61,-46
213000112,179,143,36
213000115,30,9,21
213000116,146,864,-718
213000117,9,988,-979
213000118,287,331,-44
213000119,49,1042,-993
213000120,75,958,-883
213000122,212,1335,-1123
213000123,1032,2612,-1580
213000124,96,2449,-2353
213000125,146,14,132
213000126,110,81,29
213000127,291,150,141
213000128,938,667,271
213000129,589,407,182
213000130,345,179,166
213000132,153,108,45
213000133,250,83,167
213000134,562,55,507
213000136,279,25,254
213000137,506,80,426
213000139,421,17,404
213000147,53,33,20
213000148,19,5,14
213000149,27,1,26
213000150,2,66,-64
213000151,1,74,-73
213000152,0,66,-66
213000153,0,37,-37
213000154,18,194,-176
213000155,29,428,-399
213000156,62,684,-622
213000157,560,696,-136
213000158,313,887,-574
213000159,423,625,-202
213000163,371,178,193
213000165,1063,135,928
213000171,1,184,-183
213000172,2,537,-535
213000173,4,487,-483
213000174,5,370,-365
213000175,13,201,-188
213000176,18,36,-18
213000177,28,2,26
213000178,46,4,42
213000179,163,1,162
213000180,76,0,76
213000184,87,498,-411
213000188,496,69,427
213000189,187,59,128
213000190,836,1088,-252
213000191,155,782,-627
213000192,128,935,-807
213000193,1439,210,1229
213000194,1,25,-24
213000195,10,442,-432
213000196,117,987,-870
213000197,260,308,-48
213000198,32,0,32
213000200,98,1145,-1047
213000201,109,44,65
213000202,10,936,-926
213000203,2770,421,2349
213000204,433,34,399
213000205,163,59,104
213000206,207,42,165
213000207,78,5,73
213000208,106,0,106
213000209,81,0,81
213000210,193,2,191
213000211,1,14,-13
213000212,15,18,-3
213000213,1,48,-47
213000218,174,1053,-879
213000219,497,10,487
213000220,457,23,434
213000223,235,118,117
213000224,113,38,75
213000225,33,0,33
213000226,25,5,20
213000227,522,153,369
213000228,110,46,64
213000229,994,10,984
213000230,171,18,153
213000232,95,343,-248
213000233,4,25,-21
213000234,0,50,-50
213000293,8,57,-49
213000294,83,7,76
213000295,8,68,-60
213000296,64,12,52
213000297,7,102,-95
213000298,11,102,-91
213000299,61,36,25
213000300,23,5,18
213000303,8,38,-30
213000304,1,5,-4
213000305,3,11,-8
213000306,65,22,43
213000307,325,88,237
213000308,90,366,-276
213000309,82,46,36
213000310,935,139,796
213000311,372,662,-290
213000315,63,140,-77
213000316,66,68,-2
213000322,78,189,-111
213000323,38,95,-57
213000324,23,109,-86
213000325,19,150,-131
213000326,17,62,-45
213000327,14,112,-98
213000328,5,104,-99
213000329,30,69,-39
213000340,117,1203,-1086
213000341,172,75,97
213000346,217,114,103
213000347,1163,140,1023
213000348,48,198,-150
213000349,159,29,130
213000350,219,1680,-1461
213000366,31,332,-301
213000367,96,43,53
213000379,311,378,-67
213000386,11,219,-208
213000406,105,395,-290
213000417,830,426,404
213000425,69,65,4
213000426,65,110,-45
213000427,31,427,-396
213000428,33,269,-236
213000429,67,1,66
213000430,83,1430,-1347
213000431,95,1,94
213000432,0,7,-7
213000433,12,158,-146
213000434,55,122,-67
213000435,71,98,-27
213000436,12,119,-107
213000437,0,44,-44
213000438,110,105,5
213000439,46,30,16
213000440,1,227,-226
213000441,0,1,-1
213000442,5,58,-53
213000443,498,343,155
213000444,24,91,-67
213000445,1,123,-122
213000446,1,13,-12
213000447,1,93,-92
213000448,2,68,-66
213000449,117,2,115
213000450,21,48,-27
213000451,124,86,38
213000452,13,7,6
213000453,32,323,-291
213000455,922,22,900
213000456,1,515,-514
213000481,3,2,1
213000482,86,3,83
213000489,743,34,709
213000491,1,93,-92
213000492,194,59,135
213000493,0,73,-73
213000494,92,205,-113
213000495,1,216,-215
213000496,189,267,-78
213000497,21,524,-503
213000498,83,397,-314
213000499,126,930,-804
213000500,231,155,76
213000501,49,35,14
213000502,131,68,63
213000503,2,92,-90
213000504,17,333,-316
213000505,1,3,-2
213000506,0,11,-11
213000507,2,208,-206
213900016,0,12,-12
213900244,11,0,11
213900245,0,52,-52
218000003,52,26,26
218000004,28,11,17
218000005,19,29,-10
218000006,64,29,35
218000007,5,9,-4
218000012,322,136,186
218000013,56,134,-78
218000014,527,467,60
218000019,1038,580,458
218000020,268,441,-173
218000021,52,133,-81
218000022,11,55,-44
218000023,3,47,-44
218000024,2,23,-21
218000025,9,54,-45
218000026,11,73,-62
218000027,0,22,-22
218000028,0,6,-6
218000029,0,2,-2
218000030,27,39,-12
218000031,4,68,-64
218000032,1,44,-43
218000040,4,2,2
218000046,28,154,-126
218000047,10,205,-195
218000048,90,222,-132
218000049,139,169,-30
218000050,362,279,83
218000051,69,331,-262
218000052,5,111,-106
218000053,15,15,0
218000054,60,43,17
218000055,6,12,-6
218000056,18,32,-14
218000057,3,37,-34
218000064,8,7,1
218000065,31,70,-39
218000066,18,69,-51
218000067,24,74,-50
218000068,96,109,-13
218000069,91,200,-109
218000070,78,327,-249
218000071,138,275,-137
218000072,373,352,21
218000078,508,1323,-815
218000079,29,73,-44
218000080,48,85,-37
218000081,242,392,-150
218000082,13,167,-154
218000083,23,83,-60
218000084,82,267,-185
218000085,117,588,-471
218000086,45,205,-160
218000087,176,290,-114
218000090,5,77,-72
218000091,722,473,249
218000092,22,152,-130
218000093,48,106,-58
218000094,486,958,-472
218000099,385,492,-107
218000100,202,293,-91
218000101,128,206,-78
218000102,201,449,-248
218000103,95,205,-110
218000104,35,86,-51
218000105,31,12,19
218000106,8,11,-3
218000107,52,116,-64
218000108,19,85,-66
218000112,74,12,62
218000117,74,74,0
218000134,584,940,-356
218000135,31,99,-68
218000136,236,55,181
218000137,104,172,-68
218000138,13,110,-97
218000139,89,364,-275
218000140,150,238,-88
218000141,22,99,-77
218000142,144,188,-44
218000143,53,196,-143
218000144,11,83,-72
218000145,153,477,-324
218000146,41,161,-120
218000151,5,17,-12
218000152,36,54,-18
218000153,3,1,2
218000154,2,2,0
218000155,7,2,5
218000156,28,18,10
218000157,8,23,-15
218000158,2,12,-10
218000159,1,5,-4
218000160,1,6,-5
218000161,13,9,4
218000162,7,12,-5
218000163,2,0,2
218000164,11,11,0
218000165,24,30,-6
218000170,1,38,-37
218000171,28,10,18
218000172,9,27,-18
218000173,79,22,57
218000174,2,6,-4
218000176,56,12,44
218000177,170,109,61
218000178,62,134,-72
218000179,38,58,-20
218000180,31,22,9
218000181,73,57,16
218000187,8,10,-2
218000188,27,70,-43
218000189,32,80,-48
218000190,8,18,-10
218000191,55,107,-52
218000192,93,636,-543
218000193,292,636,-344
218000194,42,585,-543
218000195,100,128,-28
218000196,208,309,-101
218000197,168,467,-299
218000198,2,136,-134
218000199,61,25,36
218000200,104,58,46
218000201,6,14,-8
218000202,129,162,-33
218000207,4,66,-62
218000208,20,74,-54
218000211,37,17,20
218000212,6,4,2
218000213,98,49,49
218000214,7,20,-13
218000215,61,127,-66
218000217,2,111,-109
218000218,310,91,219
218000219,23,13,10
218000220,114,321,-207
218000221,694,149,545
218000222,39,19,20
218000223,26,90,-64
218000224,5,88,-83
218000225,94,21,73
218000226,27,42,-15
218000230,0,2,-2
218000232,45,77,-32
218000239,81,5,76
218000240,10,5,5
218000241,9,0,9
218000242,77,3,74
218000243,90,1,89
218000244,57,8,49
218000245,4,2,2
218000246,0,1,-1
218000247,0,0,0
218000248,0,36,-36
218000249,0,5,-5
218000250,1,12,-11
218000251,4,37,-33
218000252,4,42,-38
218000253,18,13,5
218000254,0,11,-11
218000255,2,15,-13
218000256,3,57,-54
218000267,881,1362,-481
218000268,13,74,-61
218000269,9,14,-5
218000270,20,48,-28
218000271,39,84,-45
218000273,3,4,-1
218000274,30,10,20
218000275,5,36,-31
218000276,6,62,-56
218000278,6,15,-9
218000279,28,73,-45
218000280,29,40,-11
218000281,43,9,34
218000282,413,179,234
218000284,115,10,105
218000301,58,135,-77
218000302,81,38,43
218000303,116,56,60
218000316,698,1267,-569
218000317,533,1362,-829
218000318,273,1119,-846
218000319,593,1633,-1040
218000320,641,746,-105
218000338,73,11,62
218000345,140,61,79
218000346,26,154,-128
218000459,52,341,-289
218000490,53,73,-20
218000501,54,27,27
218000502,47,136,-89
218000503,48,23,25
218000504,93,11,82
218000505,36,170,-134
218000506,21,206,-185
218000508,56,1,55
218000510,188,12,176
218000520,110,135,-25
218000521,6,73,-67
218000522,2,152,-150
218000523,95,1,94
218000524,76,184,-108
218000525,196,15,181
218000526,47,137,-90
218000529,29,284,-255
218000530,0,3,-3
218000531,2,39,-37
218000532,5,33,-28
218000534,44,14,30
218000537,25,47,-22
218000538,109,129,-20
218000540,229,93,136
218000543,67,63,4
218000544,44,144,-100
218000545,20,92,-72
218000546,53,138,-85
218000547,49,134,-85
218000548,81,219,-138
218000549,280,109,171
218000550,169,555,-386
218000551,328,313,15
218000552,772,35,737
218000553,47,91,-44
218000554,9,33,-24
218000555,16,51,-35
218000556,103,537,-434
218000557,173,143,30
218000558,95,0,95
218000559,0,36,-36
218000560,0,12,-12
218000561,10,0,10
218000562,16,214,-198
218000563,101,40,61
218000564,4,124,-120
218000565,448,18,430
218000566,1114,40,1074
218000567,5,73,-68
218000568,11,8,3
218000569,7,154,-147
218000570,145,11,134
218000571,0,97,-97
218000572,74,3,71
218000573,55,76,-21
218000574,304,105,199
218000575,128,0,128
218000576,0,43,-43
218000577,41,0,41
218000578,0,70,-70
218000579,24,4,20
218000581,3,108,-105
218000582,19,4,15
218000583,5,1,4
218000584,0,19,-19
218000585,6,7,-1
218000586,10,45,-35
218000587,0,2,-2
218000588,0,5,-5
218000589,0,1,-1
218000590,0,1,-1
218000591,0,2,-2
218000592,3,0,3
218000593,0,0,0
218000594,0,1,-1
218000595,0,0,0
218000596,0,1,-1
218000597,0,0,0
218000598,0,0,0
218000599,0,0,0
218000600,0,0,0
218000601,0,0,0
218000602,0,1,-1
218000603,0,2,-2
218000604,13,14,-1
218000605,0,23,-23
218000606,33,2,31
218000607,25,47,-22
218000608,70,2,68
218000609,2,32,-30
218000610,33,2,31
218000611,12,1,11
218000612,0,26,-26
218000613,19,0,19
218000614,0,60,-60
218000615,27,1,26
218000616,3,161,-158
218000617,1,1,0
218000618,0,20,-20
218000619,26,45,-19
218000620,3,40,-37
218000621,0,2,-2
218000622,0,6,-6
218000623,12,0,12
218000624,2,9,-7
218000625,17,1,16
218000626,0,13,-13
218000628,79,45,34
218000631,14,18,-4
218000632,2,43,-41
218000633,71,0,71
218000634,14,9,5
218000635,4,3,1
218000636,571,1751,-1180
218000637,604,741,-137
218000638,66,58,8
218000639,22,328,-306
218000640,88,26,62
218000641,42,520,-478
218000652,131,137,-6
218000653,122,60,62
218000663,3,88,-85
218000675,79,48,31
218000676,0,43,-43
218000677,5,14,-9
218000680,135,591,-456
218000681,303,79,224
218000691,66,498,-432
218000693,76,106,-30
218000703,9,79,-70
218000718,1803,323,1480
218000719,2423,89,2334
218000720,9,45,-36
218000721,36,22,14
218000725,3,14,-11
218001214,11,14,-3
218001258,0,0,0
218001329,78,65,13
218001330,180,72,108
218001351,7,19,-12
218001352,9,11,-2
218001353,14,9,5
218001354,11,13,-2
218001355,26,10,16
218001356,35,1,34
218001357,9,2,7
218001358,27,0,27
218001361,21,16,5
219000001,26,85,-59
219000002,22,105,-83
219000003,41,31,10
219000004,39,42,-3
219000017,128,25,103
219000020,60,21,39
219000022,98,7,91
219000023,90,2,88
219000029,0,96,-96
219000034,11,8,3
219000039,18,79,-61
219000040,58,33,25
219000041,61,48,13
219000051,0,91,-91
219000052,1,57,-56
219000053,3,297,-294
219000054,29,143,-114
219000055,40,0,40
219000056,8,0,8
219000057,30,0,30
219000062,7,223,-216
219000063,74,10,64
219000064,2,39,-37
219000110,228,48,180
219000111,92,22,70
219000112,191,54,137
219000113,119,45,74
219000114,394,49,345
219000116,76,27,49
219000117,151,110,41
219000118,67,75,-8
219000123,250,89,161
219000124,53,61,-8
219000125,4,24,-20
219000126,48,110,-62
219000127,2,4,-2
219000128,28,91,-63
219000129,41,134,-93
219000130,1293,764,529
219000131,899,790,109
219000133,44,25,19
219000134,14,19,-5
219000135,21,55,-34
219000136,103,159,-56
219000138,61,15,46
219000139,8,46,-38
219000140,19,1,18
219000141,9,157,-148
219000142,11,104,-93
219000143,20,146,-126
219000145,8,47,-39
219000146,6,83,-77
219000147,0,69,-69
219000148,1,64,-63
219000149,36,225,-189
219000150,2,179,-177
219000151,1,103,-102
219000157,118,139,-21
219000158,72,234,-162
219000161,113,5,108
219000163,1845,416,1429
219000166,59,190,-131
219000167,80,306,-226
219000168,320,67,253
219000174,166,90,76
219000175,30,3,27
219000176,41,7,34
219000177,9,1,8
219000178,10,0,10
219000179,10,16,-6
219000180,33,29,4
219000182,65,8,57
219000183,22,54,-32
219000184,31,3,28
219000185,0,136,-136
219000186,25,57,-32
219000187,8,171,-163
219000189,144,130,14
219000190,166,198,-32
219000191,2009,842,1167
219000192,144,102,42
219000193,503,154,349
219000195,2,48,-46
219000196,6,102,-96
219000198,24,164,-140
219000199,100,202,-102
219000200,49,201,-152
219000201,81,255,-174
219000203,18,99,-81
219000204,74,216,-142
219000205,54,259,-205
219000207,192,267,-75
219000209,21,119,-98
219000210,37,151,-114
219000213,6,282,-276
219000239,153,252,-99
219000240,179,354,-175
219000241,174,278,-104
219000242,64,274,-210
219000243,52,315,-263
219000244,7,111,-104
219000245,33,31,2
219000246,35,12,23
219000247,56,24,32
219000248,391,171,220
219000249,103,52,51
219000250,175,91,84
219000251,456,130,326
219000252,124,137,-13
219000253,184,36,148
219000255,38,82,-44
219000256,83,52,31
219000257,62,0,62
219000262,65,306,-241
219000263,36,280,-244
219000267,2,162,-160
219000268,4,11,-7
219000269,1,1,0
219000270,1,0,1
219000271,51,3,48
219000278,0,18,-18
219000279,6,5,1
219000283,0,15,-15
219000295,10,103,-93
219000296,99,653,-554
219000297,22,193,-171
219000298,15,254,-239
219000299,369,51,318
219000300,22,433,-411
219000301,183,381,-198
219000302,15,203,-188
219000307,21,71,-50
219000308,41,31,10
219000311,86,24,62
219000312,237,48,189
219000313,157,19,138
219000314,87,758,-671
219000315,89,21,68
219000316,254,29,225
219000317,54,20,34
219000320,1,49,-48
219000321,0,10,-10
219000323,11,104,-93
219000325,2,50,-48
219000326,51,163,-112
219000327,42,40,2
219000328,30,62,-32
219000329,300,104,196
219000330,78,33,45
219000331,26,49,-23
219000332,38,49,-11
219000333,3,4,-1
219000335,47,5,42
219000337,12,0,12
219000338,23,1,22
219000344,42,100,-58
219000345,61,174,-113
219000346,17,191,-174
219000348,66,136,-70
219000349,37,309,-272
219000350,43,104,-61
219000351,6,0,6
219000352,242,30,212
219000353,68,52,16
219000354,115,145,-30
219000355,64,33,31
219000356,2208,414,1794
219000363,218,19,199
219000364,80,13,67
219000365,78,7,71
219000366,285,143,142
219000368,363,344,19
219000370,1028,184,844
219000371,5,15,-10
219000382,4,18,-14
219000383,773,634,139
219000385,734,478,256
219000386,1353,1418,-65
219000387,0,3,-3
219000390,2,0,2
219000391,3,0,3
219000397,98,106,-8
219000398,87,55,32
219000401,10,90,-80
219000402,6,112,-106
219000403,46,147,-101
219000404,8,74,-66
219000407,4,37,-33
219000409,32,51,-19
219000410,33,23,10
219000411,41,11,30
219000446,265,461,-196
219000447,0,19,-19
219000448,12,5,7
219000452,87,46,41
219000453,76,92,-16
219000454,260,189,71
219000556,111,73,38
219000558,124,313,-189
219000590,21,229,-208
219000591,26,57,-31
219000592,125,450,-325
219000595,1,29,-28
219000635,47,22,25
219000636,16,115,-99
219000657,45,19,26
219000658,20,55,-35
219000673,0,8,-8
219000676,124,2,122
219000679,16,11,5
219000684,46,3,43
219000685,0,103,-103
219000686,4,0,4
219000688,0,86,-86
219000689,73,210,-137
219000690,231,16,215
219000691,68,106,-38
219000692,195,24,171
219000693,0,42,-42
219000694,6,0,6
219000695,7,13,-6
219000698,7,0,7
219000699,0,9,-9
219000727,6,163,-157
219000728,120,2,118
219000770,7,3,4
219000771,0,29,-29
219000788,262,220,42
219001150,0,15,-15
219001151,0,5,-5
219001166,40,8,32
219001167,5,55,-50
219001178,27,0,27
220000001,25,45,-20
220000002,13,212,-199
220000003,321,329,-8
220000004,786,704,82
220000005,1919,1792,127
220000006,142,736,-594
220000007,206,848,-642
220000008,291,1325,-1034
220000009,182,818,-636
220000010,155,118,37
220000011,617,2064,-1447
220000012,233,230,3
220000014,28,60,-32
220000015,46,164,-118
220000017,35,435,-400
220000018,6387,1237,5150
220000019,80,277,-197
220000020,276,223,53
220000021,352,147,205
220000022,297,521,-224
220000023,164,180,-16
220000024,1631,246,1385
220000025,1107,435,672
220000026,170,133,37
220000027,11,96,-85
220000028,26,46,-20
220000029,71,218,-147
220000030,155,76,79
220000031,186,280,-94
220000064,14,1139,-1125
221000046,8,1,7
221000047,0,2,-2
221000048,0,3,-3
221000049,0,23,-23
221000050,7,1,6
221000055,25,36,-11
221000057,50,7,43
221000068,402,131,271
221000069,368,74,294
221000070,180,34,146
221000071,43,8,35
221000072,125,23,102
221000073,182,85,97
221000074,5,33,-28
221000075,80,27,53
221000076,19,44,-25
221000077,30,62,-32
221000081,19,2,17
221000082,49,6,43
221000083,79,4,75
221000084,4,3,1
221000085,11,53,-42
221000086,10,101,-91
221000087,1,168,-167
221000088,24,168,-144
221000089,41,326,-285
221000090,113,494,-381
221000098,119,19,100
221000099,101,13,88
221000100,45,7,38
221000101,227,8,219
221000102,147,18,129
221000109,4,70,-66
221000110,12,130,-118
221000111,20,158,-138
221000112,6,113,-107
221000113,7,170,-163
221000114,11,175,-164
221000120,11,38,-27
221000121,0,16,-16
221000122,8,27,-19
221000123,14,33,-19
221000124,28,289,-261
221000155,66,8,58
221000156,22,50,-28
221000175,2,7,-5
221000176,1,2,-1
221000182,24,3,21
221000241,519,198,321
221000242,257,304,-47
221000243,342,111,231
221000244,258,346,-88
221000245,21,134,-113
221000246,34,248,-214
221000247,29,114,-85
221000248,37,141,-104
221000267,55,893,-838
221000325,98,48,50
221000331,3,84,-81
221000338,5,27,-22
221000378,115,56,59
221000381,60,95,-35
222000282,0,0,0
222000296,2,13,-11
222000568,274,13,261
222000569,63,19,44
222000570,85,5,80
222000571,200,14,186
222000577,6,228,-222
222000578,9,288,-279
222000579,31,148,-117
222000580,156,966,-810
222000599,0,170,-170
222000600,5,326,-321
222000601,13,898,-885
222000603,33,22,11
222000604,43,47,-4
222000605,32,12,20
222000606,0,7,-7
222000607,2,2,0
222000608,18,14,4
222000609,31,401,-370
222000616,87,35,52
222000617,36,14,22
222000618,6,3,3
222000620,85,16,69
222000621,68,11,57
222000623,410,3,407
222000624,231,0,231
222000625,277,44,233
222000636,33,2,31
222000686,18,26,-8
222000687,24,30,-6
222001066,258,2,256
222001067,3,4,-1
222001068,21,43,-22
222001069,15,58,-43
222001082,11,62,-51
222001083,6,72,-66
222001084,0,16,-16
222001085,1,143,-142
222001111,10,263,-253
222001112,29,37,-8
222001313,31,1,30
222001314,6,109,-103
222001464,81,53,28
222001465,46,126,-80
222001484,74,45,29
222001485,17,78,-61
222001494,135,116,19
222001495,108,447,-339
222001496,85,59,26
222001497,63,749,-686
222001502,25,130,-105
222001503,38,40,-2
222001504,25,221,-196
222001505,153,10,143
222001506,41,229,-188
222001507,180,39,141
222001510,164,38,126
222001511,31,457,-426
222001514,753,108,645
222001515,264,667,-403
222001518,109,57,52
222001519,38,462,-424
222001527,167,36,131
222001528,65,181,-116
222001529,135,41,94
222001530,40,278,-238
222001533,110,480,-370
222001534,149,34,115
222001535,60,127,-67
222001536,77,475,-398
222001537,398,35,363
222001538,55,514,-459
222001563,211,101,110
222001564,44,936,-892
222001568,378,106,272
222001576,0,1,-1
222001579,4,3,1
222001583,8,285,-277
222001584,73,19,54
222001596,569,1798,-1229
222001597,1318,402,916
222001626,2,214,-212
222001650,154,110,44
222001651,201,184,17
222001914,260,69,191
222001915,39,228,-189
222001968,634,173,461
222001969,540,980,-440
222001970,108,248,-140
222001971,6,35,-29
222001972,0,53,-53
225000001,227,88,139
225000002,221,83,138
225000003,195,55,140
225000004,144,217,-73
225000005,14,46,-32
225000006,0,168,-168
225000007,3080,1088,1992
225000010,141,3,138
225000011,495,645,-150
225000012,123,347,-224
225000013,67,159,-92
225000014,486,93,393
225000015,113,272,-159
225000021,599,178,421
225000027,212,508,-296
225000032,499,130,369
225000042,56,644,-588
225000049,17,67,-50
225000050,31,10,21
225000053,0,240,-240
225000058,386,124,262
225000067,195,206,-11
225000068,101,568,-467
225000069,147,561,-414
225000070,59,527,-468
225000071,8,352,-344
225000075,24,686,-662
225000076,77,123,-46
225000078,65,23,42
225000085,14,84,-70
225000086,70,25,45
225000087,141,20,121
225000088,8,142,-134
225000089,407,661,-254
225000090,17,351,-334
225000091,81,232,-151
225000092,14,96,-82
225000093,128,421,-293
225000094,13,521,-508
225000095,301,595,-294
225000096,100,401,-301
225000098,349,93,256
225000099,139,91,48
225000100,109,86,23
225000104,42,398,-356
225000110,6,416,-410
225000111,152,1223,-1071
225000112,224,1079,-855
225000113,116,611,-495
225000114,47,276,-229
225000115,2611,571,2040
225000116,1087,75,1012
225000117,1007,228,779
225000118,712,197,515
225000119,98,57,41
225000120,573,34,539
225000121,234,18,216
225000123,757,16,741
225000125,173,305,-132
225000126,901,182,719
225000127,923,406,517
225000128,248,344,-96
225000132,215,37,178
225000133,227,20,207
225000134,446,71,375
225000135,43,4,39
225000136,103,12,91
225000137,72,31,41
225000138,206,32,174
225000143,104,190,-86
225000144,6,372,-366
225000145,24,30,-6
225000146,26,120,-94
225000147,12,375,-363
225000148,5,310,-305
225000149,96,520,-424
225000151,36,327,-291
225000155,198,312,-114
225000156,141,631,-490
225000157,96,465,-369
225000158,48,435,-387
225000171,1,166,-165
225000180,6,1,5
225000181,0,42,-42
225000182,42,6,36
225000185,15,233,-218
225000187,50,399,-349
225000191,90,12,78
225000194,0,4,-4
225000208,0,38,-38
225000209,17,21,-4
225000210,4,176,-172
225000217,2,17,-15
225000218,10,0,10
225000223,0,26,-26
225000224,54,2,52
225000225,2,8,-6
225000226,31,0,31
225000227,37,61,-24
225000228,7,1,6
225000229,1,75,-74
225000230,26,0,26
225000231,0,80,-80
225000232,53,2,51
225000241,27,1,26
225000242,0,20,-20
225000249,2,0,2
225000250,42,971,-929
225000251,276,23,253
225000254,0,0,0
225000256,2,3,-1
225000257,0,6,-6
226000042,452,415,37
226000043,78,324,-246
226000044,130,753,-623
226000045,65,485,-420
226000046,261,40,221
226000047,206,43,163
226000048,263,59,204
226000049,159,109,50
226000070,0,57,-57
226000071,0,72,-72
226000072,0,14,-14
226000073,0,3,-3
226000074,0,10,-10
226000084,1,55,-54
226000085,2,4,-2
226000086,17,6,11
226000087,1,26,-25
226000088,72,8,64
226000090,120,34,86
226000091,6,6,0
226000092,0,1,-1
226000093,87,4,83
226000094,5,14,-9
226000095,9,0,9
226000105,5,0,5
226000106,5,0,5
226000107,4,0,4
226000108,10,1,9
226000109,45,0,45
226000124,86,36,50
226000134,275,359,-84
226000135,604,502,102
226000136,165,275,-110
226000137,12,458,-446
226000138,10,265,-255
226000139,4,20,-16
226000156,47,7,40
226000157,105,16,89
226000163,33,34,-1
226000202,9,524,-515
226000231,128,12,116
226000232,63,5,58
227000033,228,33,195
227000036,112,21,91
227000037,82,24,58
227000038,133,39,94
227000084,0,45,-45
227000085,3,35,-32
227000088,36,5,31
227000089,106,0,106
227000090,27,1,26
227000091,10,0,10
227000092,39,0,39
227000093,43,2,41
227000094,50,35,15
227000130,12,81,-69
227000131,8,277,-269
227000132,29,266,-237
227000133,11,274,-263
227000134,15,404,-389
227000152,0,3,-3
227000153,1,39,-38
227000154,0,27,-27
227000155,0,23,-23
227000156,1,18,-17
227000165,3,19,-16
227000196,103,428,-325
227000199,98,652,-554
227000230,36,572,-536
227000232,146,16,130
227000242,62,474,-412
227000243,304,41,263
227000245,17,383,-366
227000246,74,456,-382
227000247,130,55,75
227000248,37,20,17
227000249,10,264,-254
227000250,180,78,102
227000251,115,228,-113
227000252,12,399,-387
227000253,39,31,8
227000262,265,27,238
227000266,283,25,258
227000267,36,2364,-2328
227000282,2,252,-250
227000284,158,29,129
227000286,0,124,-124
227000287,7,204,-197
227000291,12,625,-613
227000296,396,265,131
227000484,274,4,270
227000485,16,743,-727
227000655,47,13,34
227000656,443,22,421
227000657,7,12,-5
227000661,80,7,73
229000265,0,39,-39
229000266,0,1,-1
229000267,2,0,2
229000268,3,0,3
229000269,4,0,4
229000274,0,1,-1
229000275,0,3,-3
229000276,0,3,-3
229000277,0,0,0
229000278,0,0,0
229000295,2,0,2
229000296,18,12,6
229000297,2,53,-51
229000298,4,204,-200
229000320,10,1,9
229000321,24,5,19
229000412,14,90,-76
229000414,10,57,-47
229000415,1,0,1
229000416,0,3,-3
229000417,3,11,-8
229000419,99,315,-216
229000440,189,59,130
229000442,7,13,-6
229000443,0,4,-4
229000444,1,34,-33
229000445,17,7,10
229000446,56,21,35
229000491,2,45,-43
229000492,10,182,-172
229000493,6,137,-131
229000494,12,5,7
229000495,88,11,77
229000496,30,5,25
229000507,0,26,-26
229000508,0,26,-26
229000509,0,53,-53
229000510,2,47,-45
229000511,3,80,-77
229000512,1,37,-36
229000513,0,3,-3
229000514,0,3,-3
229000517,0,17,-17
229000518,7,48,-41
229000519,2,17,-15
229000520,8,54,-46
229000521,17,15,2
229000522,2,12,-10
229000523,4,8,-4
229000524,1,6,-5
229000527,2,1,1
229000528,0,0,0
229000529,6,1,5
229000530,41,3,38
229000531,27,3,24
229000532,16,2,14
229000533,116,2,114
229000534,52,0,52
229000564,29,0,29
229000565,4,0,4
229000566,0,24,-24
229000567,1,95,-94
229000582,115,1,114
229000583,11,0,11
229000584,0,58,-58
229000585,0,74,-74
229000718,0,4,-4
229000719,0,4,-4
229000720,0,16,-16
229000721,0,16,-16
229000722,1,34,-33
229000723,0,34,-34
229000724,0,0,0
229000725,0,3,-3
229000738,1,1,0
229000739,0,0,0
229000740,0,0,0
229000741,5,0,5
229000742,2,0,2
229000743,16,0,16
229000744,0,0,0
229000745,0,0,0
229000746,21,1,20
229000847,13,0,13
229000848,4,0,4
229000849,45,1,44
229000851,10,1,9
229000854,0,60,-60
229000856,4,178,-174
229000857,2,57,-55
229000858,0,128,-128
229000919,6,87,-81
229000930,0,158,-158
229000937,48,18,30
229000966,44,40,4
229000981,12,66,-54
229000985,16,73,-57
229000986,0,7,-7
229000987,0,3,-3
229000988,2,91,-89
229000989,3,4,-1
229000990,0,4,-4
229000991,0,2,-2
229000992,5,8,-3
229000993,193,19,174
229000998,9,70,-61
229000999,48,2,46
229001034,1,23,-22
229001035,2,1,1
229001036,0,6,-6
229001037,29,9,20
229001038,0,1,-1
229001039,0,0,0
229001040,0,11,-11
229001041,13,0,13
229001042,9,36,-27
229001047,5,91,-86
229001050,26,61,-35
229001168,0,7,-7
229001200,12,2,10
229001338,14,26,-12
229001394,261,1,260
229001422,73,35,38
229001423,42,138,-96
229001431,33,22,11
229001432,40,90,-50
229001444,134,58,76
229001445,32,228,-196
229001479,3,3,0
229001503,99,78,21
229001504,88,218,-130
229001505,85,42,43
229001506,40,194,-154
229001509,28,25,3
229001510,0,9,-9
229001545,60,14,46
229001546,5,104,-99
229001553,24,20,4
229001554,14,124,-110
229001630,70,5,65
229001631,13,54,-41
229001635,0,13,-13
229001636,0,1,-1
229001658,1,68,-67
229001659,71,5,66
229001660,0,2,-2
229001661,0,35,-35
229001662,19,2,17
229001663,0,20,-20
229002584,178,172,6
229002831,301,135,166
229002841,3,30,-27
229002842,67,12,55
229002843,28,38,-10
229002844,35,77,-42
229002845,7,82,-75
229002846,7,10,-3
229002847,22,8,14
229002848,23,3,20
229002849,1,88,-87
229002850,4,0,4
229002851,27,107,-80
229002852,40,36,4
229002853,51,16,35
229002854,22,57,-35
229002855,1,50,-49
229002856,25,18,7
229002857,4,60,-56
229002858,3,8,-5
229002859,17,32,-15
229002860,42,75,-33
229002861,17,39,-22
229002862,14,75,-61
229002863,7,28,-21
229002864,12,32,-20
229002865,11,6,5
229002866,33,32,1
229002867,28,31,-3
229002868,6,11,-5
229002869,1,133,-132
229002870,19,9,10
235000066,350,86,264
235000067,90,113,-23
235000072,28,53,-25
235000073,57,247,-190
235000074,17,98,-81
235000080,16,86,-70
235000081,48,169,-121
235000082,62,57,5
235000083,89,119,-30
235000084,26,66,-40
235000085,44,93,-49
235000089,18,50,-32
235000092,8,169,-161
235000093,4,1,3
235000097,1,9,-8
235000098,34,21,13
235000099,20,44,-24
235000116,44,11,33
235000117,882,10,872
235000133,16,198,-182
235000134,11,75,-64
235000206,9,1,8
235000207,2,0,2
235000208,4,1,3
235000209,3,3,0
235000210,3,2,1
235000212,4,9,-5
235000213,4,11,-7
235000220,0,4,-4
235000221,23,5,18
235000238,6,9,-3
235000239,0,1,-1
235000242,172,203,-31
235000245,732,209,523
235000246,6,55,-49
235000284,7,130,-123
235000295,130,16,114
235000305,67,9,58
235000306,39,3,36
235000307,9,4,5
235000308,49,0,49
235000309,14,0,14
235000310,39,1,38
235000311,33,3,30
235000322,0,58,-58
235000323,1,70,-69
235000324,3,20,-17
235000325,0,16,-16
235000326,11,397,-386
235000351,6,69,-63
235000352,24,47,-23
235000353,0,47,-47
235000354,9,42,-33
235000355,4,93,-89
235000356,10,26,-16
235000357,9,8,1
235000358,35,5,30
235000359,3,3,0
235000360,61,12,49
235000361,21,3,18
235000381,37,252,-215
235000382,51,40,11
235000390,14,1,13
235000391,76,25,51
235000392,69,127,-58
235000393,70,101,-31
235000395,57,24,33
235000396,173,54,119
235000400,76,31,45
235000401,27,173,-146
235000405,75,375,-300
235000406,45,197,-152
235000407,37,138,-101
235000409,201,168,33
235000410,43,259,-216
235000411,1,92,-91
235000485,0,15,-15
235000486,3,0,3
235000549,35,99,-64
235000550,23,231,-208
235000599,39,111,-72
235000600,7,9,-2
235000601,33,58,-25
235000602,39,178,-139
235000614,0,0,0
235000648,0,20,-20
235000649,13,2,11
235000685,0,10,-10
235000815,3,25,-22
235000834,0,6,-6
235000855,16,50,-34
235000862,6,231,-225
235000891,0,17,-17
235000892,12,6,6
235000901,22,93,-71
235000907,6,8,-2
235001010,16,98,-82
235001029,666,389,277
235001030,366,175,191
235001078,91,71,20
235001079,64,124,-60
235001147,79,29,50
235001166,7,68,-61
235001167,8,62,-54
235001169,29,349,-320
235001188,0,5,-5
235001189,11,0,11
235001197,7,18,-11
235001200,38,18,20
235001207,210,18,192
235001210,73,101,-28
235001215,41,108,-67
235001239,1,29,-28
235001244,0,16,-16
235016267,0,24,-24
277101746,0,7,-7
277102712,0,0,0
277103813,0,0,0
277103898,0,4,-4
277104249,0,4,-4
277104250,0,8,-8
277104251,0,1,-1
277104252,0,1,-1
990011530,4,283,-279
990014944,2,622,-620
990015176,11,3,8
990015618,0,88,-88
990016032,1,350,-349
990032570,7,145,-138
990070001,45,0,45
990070103,1,2,-1
990070601,0,58,-58
990070751,196,7,189
990070766,3,972,-969
990071180,318,180,138
990071343,15,0,15
990071387,16,8,8
990071823,248,2,246
990072600,2,715,-713
990072964,1,673,-672
990073285,0,3,-3
990074393,2,1325,-1323
990074870,402,3,399
990075106,380,4,376
990075746,202,2,200
990076437,323,5,318
990076458,3,1307,-1304
997000007,136,8,128
997000041,0,153,-153
997000058,14,0,14
997000062,16,2,14
997000069,0,2,-2
997000070,0,84,-84
997000100,5,1,4
997000141,5,2460,-2455
997000198,2,985,-983
998000475,0,30,-30
998000736,1,338,-337
998000965,0,11,-11
998001031,0,61,-61
998001700,0,25,-25
998001899,0,3,-3
998001900,1,1,0
998003073,486,26,460
998101900,0,0,0
998102850,3,139,-136
998501927,433,412,21
998501929,102,2,100
998501930,76,1,75
998501931,58,12,46
998501932,32,16,16
998501933,35,2,33
998501937,11,0,11
998501944,6,0,6
998501950,0,0,0
998501970,18,7,11
998501971,0,81,-81
998501973,0,88,-88
998501974,0,353,-353
998501975,80,2,78
998501976,22,2,20
998501977,0,20,-20
998501978,26,0,26
998501979,0,5,-5
998501980,83,2,81
998501981,17,6,11
998501982,2,136,-134
998502006,0,0,0
998502024,0,1,-1
998502032,0,1,-1
998502062,6,1,5
998502063,0,0,0
998502173,18,0,18
998502269,0,1,-1
998601159,2,395,-393
998601292,0,17,-17
999033574,3,545,-542
999800001,28,2,26
999800002,0,7,-7
999800003,7,2,5
999800004,0,10,-10
999800005,0,11,-11
