ID,insum,outsum,diff
100000001,948,1127,-179
100000002,4315,2923,1392
100000003,4770,5621,-851
100000004,946,1529,-583
100000005,2271,5256,-2985
100000006,761,271,490
100000007,2587,916,1671
100000008,385,416,-31
100000009,848,459,389
100000010,122,138,-16
100000011,760,166,594
100000012,123,787,-664
100000013,271,232,39
100000014,779,305,474
100000015,1701,2749,-1048
100000016,659,1443,-784
100000017,853,830,23
100000018,1197,584,613
100000019,3651,2131,1520
100000020,1870,6782,-4912
100000021,4186,3036,1150
100000022,1156,3349,-2193
100000023,3857,2337,1520
100000025,768,1770,-1002
100000028,1016,1261,-245
100000029,122,565,-443
100000030,128,65,63
100000031,3605,7066,-3461
100000032,1808,4252,-2444
100000033,1187,2680,-1493
100000034,268,941,-673
100000035,1341,1974,-633
100000036,1418,1613,-195
100000037,698,436,262
100000038,2329,1055,1274
100000039,404,292,112
100000040,218,146,72
100000041,1677,621,1056
100000042,1020,490,530
100000043,949,478,471
100000044,302,609,-307
100000045,354,771,-417
100000046,506,610,-104
100000047,244,445,-201
100000048,457,536,-79
100000049,1364,1333,31
100000051,349,689,-340
100000053,154,7,147
100000054,407,34,373
100000055,770,304,466
100000056,575,517,58
100000057,2263,631,1632
100000058,842,1101,-259
100000059,23,161,-138
100000060,515,253,262
100000061,2814,408,2406
100000062,2350,615,1735
100000063,1231,290,941
100000064,1399,319,1080
100000065,259,702,-443
100000066,181,500,-319
100000067,431,667,-236
100000068,417,1230,-813
100000069,265,1107,-842
100000072,207,745,-538
100000073,975,934,41
100000075,810,218,592
100000076,2395,3855,-1460
100000077,170,391,-221
100000078,16,50,-34
100000079,72,55,17
100000080,10,50,-40
100000081,117,295,-178
100000102,3223,3893,-670
100000103,2469,1830,639
100000104,3015,3278,-263
100000105,1722,2577,-855
100000106,2321,3683,-1362
100000107,401,1755,-1354
100000108,556,845,-289
100000109,1510,1403,107
100000116,916,1109,-193
100000117,106,168,-62
100000118,1018,1784,-766
100000119,570,1089,-519
100000121,315,453,-138
100000122,1886,1359,527
100000123,1907,3754,-1847
100000124,4003,5952,-1949
100000125,4089,2184,1905
100000126,611,544,67
100000127,1469,486,983
100000128,1770,2596,-826
100000129,448,712,-264
100000130,505,377,128
100000131,1499,2371,-872
100000132,854,2887,-2033
100000133,2884,2232,652
100000135,676,1539,-863
100000139,316,599,-283
100000140,308,378,-70
100000142,637,640,-3
100000143,791,426,365
100000144,2546,802,1744
100000147,1413,3576,-2163
100000150,78,412,-334
100000151,1023,1855,-832
100000153,403,616,-213
100000154,50,442,-392
100000155,20,52,-32
100000156,465,546,-81
100000157,407,226,181
100000158,331,189,142
100000159,210,671,-461
100000165,1061,805,256
100000169,133,1305,-1172
100000174,412,1343,-931
100000179,93,577,-484
100000180,1401,2055,-654
100000181,484,267,217
100000188,66,138,-72
100000189,1011,399,612
100000190,654,1629,-975
100000191,759,745,14
100000192,57,121,-64
100000193,329,192,137
100000330,945,1202,-257
100000355,206,795,-589
100000362,3390,2022,1368
100000363,5796,4962,834
100000364,150,276,-126
100000365,6245,9840,-3595
100000366,3325,2438,887
100000367,5141,7323,-2182
100000368,3012,1236,1776
100000369,1074,2686,-1612
100000370,290,1129,-839
100000376,90,194,-104
100000379,1911,1916,-5
100000380,5437,6304,-867
100000384,5867,7285,-1418
100000385,2660,4649,-1989
100000386,5367,7164,-1797
100000387,3768,7019,-3251
100000388,4667,8409,-3742
100000389,5855,7946,-2091
100000390,7718,8254,-536
100000391,5632,10821,-5189
100000392,2562,5227,-2665
100000393,2567,6066,-3499
100000394,5264,10451,-5187
100000395,4011,5760,-1749
100000396,5581,4765,816
100000397,4138,8959,-4821
100000398,8850,7098,1752
100900002,17,16,1
100900003,486,258,228
100900004,17,869,-852
100900005,128,22,106
100900006,39,62,-23
100900007,316,13,303
100900008,1,345,-344
100900009,84,257,-173
100900010,125,52,73
100900011,198,189,9
100900012,2,117,-115
100900013,1019,17,1002
100900014,8,15,-7
100900015,79,92,-13
100900016,2,36,-34
100900017,1467,88,1379
100900018,0,6,-6
100900019,54,205,-151
100900020,396,13,383
100900021,552,2,550
100900022,21,45,-24
100900023,0,53,-53
100900024,495,6,489
100900025,11,18,-7
100900026,193,103,90
100900027,565,3258,-2693
100900028,146,278,-132
100900029,58,6,52
100900030,12,99,-87
100900031,870,53,817
100900032,371,2,369
100900033,243,314,-71
100900034,892,6,886
100900035,302,1,301
100900036,8,1,7
100900037,173,185,-12
100900038,111,77,34
100900039,213,323,-110
100900040,509,358,151
100900041,1029,414,615
100900042,2250,1799,451
100900043,1,20,-19
100900044,1441,520,921
100900045,112,1,111
100900046,1308,16,1292
100900047,936,413,523
100900048,180,127,53
100900049,59,137,-78
100900050,3,13,-10
100900051,57,113,-56
100900052,403,74,329
100900053,665,26,639
100900054,15,52,-37
100900055,288,998,-710
100900056,71,131,-60
100900057,1717,1730,-13
100900058,375,88,287
100900059,121,4,117
100900060,318,7,311
100900061,348,253,95
100900062,17,34,-17
100900063,269,807,-538
100900064,771,34,737
100900065,82,177,-95
100900066,175,275,-100
100900067,8,15,-7
100900068,224,133,91
100900069,1479,15,1464
100900070,536,3,533
100900071,599,239,360
100900072,4,31,-27
100900073,241,208,33
100900074,20,6,14
100900075,1475,385,1090
100900076,13,39,-26
100900077,57,62,-5
100900078,91,448,-357
100900079,15,30,-15
100900080,79,116,-37
100900081,42,192,-150
100900082,190,320,-130
100900083,35,26,9
100900085,42,376,-334
100900086,236,1041,-805
100900088,195,324,-129
100900089,2,17,-15
100900090,125,588,-463
100900091,3,15,-12
100900092,261,407,-146
100900093,334,336,-2
100900094,228,280,-52
100900095,12,31,-19
100900096,72,132,-60
100900097,2,4,-2
100900098,34,36,-2
100900099,31,551,-520
100900100,18,793,-775
100900101,261,71,190
100900102,145,147,-2
100900103,10,22,-12
100900104,5,124,-119
100900105,40,796,-756
100900106,59,18,41
100900107,1744,903,841
100900108,33,122,-89
100900109,45,48,-3
100900110,2,9,-7
100900111,38,204,-166
100900112,2,12,-10
100900113,15,22,-7
100900114,27,19,8
100900115,7,22,-15
100900116,1000,913,87
100900117,368,1325,-957
100900118,24,25,-1
100900119,22,12,10
100900120,17,26,-9
100900121,442,648,-206
100900122,111,164,-53
100900123,138,234,-96
100900124,6,21,-15
100900125,16,54,-38
100900126,247,326,-79
100900127,9,13,-4
100900128,137,176,-39
100900129,1,187,-186
100900131,110,250,-140
100900133,61,63,-2
100900134,6,11,-5
100900135,1,278,-277
100900137,340,282,58
100900138,506,580,-74
100900139,5,9,-4
100900140,8,432,-424
100900141,6,761,-755
100900142,0,21,-21
100900143,830,493,337
100900144,10,8,2
100900145,168,171,-3
100900146,9,110,-101
100900147,14,573,-559
100900148,48,415,-367
100900149,29,229,-200
100900150,4,47,-43
100900151,138,458,-320
100900152,189,15,174
100900153,1,188,-187
100900154,47,249,-202
100900155,24,14,10
100900156,23,7,16
100900157,18,561,-543
100900158,566,132,434
100900159,52,225,-173
100900160,31,9,22
100900161,47,16,31
100900162,21,753,-732
100900163,149,161,-12
100900164,80,56,24
100900165,57,54,3
100900166,22,5,17
100900167,31,64,-33
100900168,55,195,-140
100900169,86,814,-728
100900170,26,8,18
100900171,16,348,-332
100900172,2,13,-11
100900173,5,288,-283
100900174,266,31,235
100900176,2020,320,1700
100900177,665,413,252
100900178,251,170,81
100900179,274,421,-147
100900180,2,5,-3
100900181,93,106,-13
100900182,59,55,4
100900184,28,126,-98
100900186,612,468,144
100900187,24,69,-45
100900188,48,11,37
100900189,1917,268,1649
100900191,697,1267,-570
100900192,243,514,-271
100900195,114,169,-55
100900197,31,22,9
100900198,50,198,-148
100900199,2,3,-1
100900200,727,413,314
100900201,132,778,-646
100900202,47,2,45
100900203,0,91,-91
100900204,354,979,-625
100900205,180,689,-509
100900206,339,107,232
100900207,356,172,184
100900210,60,319,-259
100900211,529,233,296
100900213,213,80,133
100900214,653,172,481
100900215,22,58,-36
100900217,73,102,-29
101000001,2500,2486,14
101000002,7317,8251,-934
101000003,464,1103,-639
101000004,6649,6639,10
101000005,4496,5272,-776
101000006,6066,7120,-1054
101000007,3420,4649,-1229
101000008,2328,2286,42
101000009,2597,767,1830
101000010,915,685,230
101000011,1145,511,634
101000012,823,855,-32
101000013,779,1151,-372
101000014,489,548,-59
101000015,1683,929,754
101000016,426,512,-86
101000017,532,433,99
101000018,2101,2473,-372
101000020,2139,951,1188
101000021,834,425,409
101000022,190,146,44
101000023,1206,789,417
101000025,354,473,-119
101000026,241,49,192
101000027,2729,3785,-1056
101000028,1004,332,672
101000029,312,2352,-2040
101000030,1593,196,1397
101000031,740,1526,-786
101000032,5350,6173,-823
101000033,2426,4620,-2194
101000034,1725,2428,-703
101000035,899,457,442
101000036,1945,1248,697
101000037,1936,2536,-600
101000039,1691,3737,-2046
101000040,2804,5470,-2666
101000041,5131,10953,-5822
101000042,380,1448,-1068
101000043,5035,11317,-6282
101000045,961,1288,-327
101000046,2478,2932,-454
101000047,1889,6869,-4980
101000048,698,558,140
101000049,739,2909,-2170
101000050,1827,2865,-1038
101000051,1390,3765,-2375
101000052,1517,1536,-19
101000053,1027,1312,-285
101000054,1979,1068,911
101000055,1280,1667,-387
101000056,46,131,-85
101000057,1442,1631,-189
101000058,935,1727,-792
101000059,2411,2785,-374
101000060,2053,879,1174
101000061,842,1653,-811
101000062,509,871,-362
101000063,536,1360,-824
101000064,922,1234,-312
101000065,354,642,-288
101000066,817,1199,-382
101000067,928,1146,-218
101000068,230,677,-447
101000069,205,115,90
101000070,879,1400,-521
101000071,2434,1123,1311
101000072,784,4095,-3311
101000073,906,1374,-468
101000074,4490,5000,-510
101000075,3080,7005,-3925
101000077,2090,1531,559
101000078,1132,1535,-403
101000079,1925,902,1023
101000080,1389,989,400
101000081,1792,1782,10
101000082,2659,2648,11
101000083,3038,2597,441
101000084,1247,836,411
101000085,1589,1334,255
101000086,1188,1270,-82
101000087,824,919,-95
101000088,1426,1355,71
101000089,1135,1795,-660
101000090,1840,1169,671
101000091,449,515,-66
101000092,1295,740,555
101000093,1488,744,744
101000094,1256,1038,218
101000095,622,669,-47
101000096,407,439,-32
101000097,521,726,-205
101000098,440,1145,-705
101000099,771,1275,-504
101000100,883,1256,-373
101000101,277,405,-128
101000102,951,667,284
101000103,713,667,46
101000104,393,694,-301
101000105,388,512,-124
101000106,624,1243,-619
101000107,423,459,-36
101000108,632,272,360
101000109,614,81,533
101000110,34,300,-266
101000111,92,243,-151
101000113,318,764,-446
101000114,6885,12820,-5935
101000115,456,158,298
101000116,66,78,-12
101000117,1347,303,1044
101000119,82,104,-22
101000120,148,88,60
101000121,59,79,-20
101000122,125,171,-46
101000123,75,174,-99
101000124,1589,561,1028
101000125,154,384,-230
101000128,342,982,-640
101000130,184,302,-118
101000131,1099,456,643
101000132,941,716,225
101000135,45,58,-13
101000136,403,279,124
101000137,52,419,-367
101000141,1189,4640,-3451
101000147,828,396,432
101000148,581,44,537
101000149,196,329,-133
101000150,124,416,-292
101000151,404,46,358
101000152,299,281,18
101000153,477,237,240
101000154,340,751,-411
101000155,477,155,322
101000156,29,375,-346
101000157,56,42,14
101000160,84,21,63
101000163,166,443,-277
101000164,327,295,32
101000165,349,321,28
101000166,292,332,-40
101000168,981,515,466
101000252,2499,1126,1373
101000254,145,225,-80
101000258,68,8,60
101000261,211,112,99
101000262,2119,3285,-1166
101000263,567,1632,-1065
101000265,120,948,-828
101000266,349,423,-74
101000269,28,10,18
101000290,1082,2979,-1897
101000293,53,39,14
101000294,753,568,185
101000295,157,347,-190
101000301,573,618,-45
101000304,2617,2873,-256
101000305,3166,1342,1824
101900001,21,59,-38
101900002,0,11,-11
101900003,38,98,-60
101900004,2,89,-87
101900005,2187,3231,-1044
101900006,1516,119,1397
101900007,1049,301,748
101900008,108,251,-143
101900009,63,454,-391
101900010,668,716,-48
101900011,166,942,-776
101900012,431,209,222
101900013,540,178,362
101900017,11,170,-159
101900018,630,270,360
101900019,169,135,34
101900020,347,253,94
101900021,1,51,-50
101900022,216,662,-446
101900023,200,109,91
102000001,3672,5413,-1741
102000002,2520,859,1661
102000003,2809,8306,-5497
102000004,4235,2789,1446
102000005,1307,2634,-1327
102000006,844,1870,-1026
102000007,1721,4717,-2996
102000008,3461,1616,1845
102000009,6945,8750,-1805
102000010,4259,3197,1062
102000011,4347,3301,1046
102000012,2955,2802,153
102000018,2538,2796,-258
102000019,2170,1886,284
102000026,231,582,-351
102000029,230,224,6
102000030,188,391,-203
102000031,117,146,-29
102000032,718,272,446
102000033,324,329,-5
102000034,566,465,101
102000035,1700,712,988
102000036,19,275,-256
102000037,148,54,94
102000038,179,368,-189
102000039,155,115,40
102000040,284,365,-81
102000041,161,489,-328
102000042,249,487,-238
102000043,226,281,-55
102000044,348,476,-128
102000045,681,857,-176
102000046,1262,775,487
102000047,838,881,-43
102000048,515,813,-298
102000049,1033,889,144
102000050,946,1125,-179
102000051,466,696,-230
102000052,1114,766,348
102000053,952,1039,-87
102000054,818,1125,-307
102000055,1485,388,1097
102000056,1247,698,549
102000057,1589,599,990
102000058,1114,1052,62
102000059,1689,1255,434
102000060,1098,849,249
102000061,1723,1451,272
102000062,2162,1111,1051
102000063,1234,1294,-60
102000064,552,695,-143
102000065,86,157,-71
102000066,824,643,181
102000067,2302,2658,-356
102000068,10254,2713,7541
102000069,138,2865,-2727
102000070,1206,46,1160
102000071,6612,8005,-1393
102000072,3208,3524,-316
102000073,1151,1020,131
102000074,615,1414,-799
102000075,143,353,-210
102000076,174,389,-215
102000077,687,497,190
102000078,1039,525,514
102000079,199,214,-15
102000080,294,226,68
102000081,353,807,-454
102000082,671,402,269
102000083,813,220,593
102000084,472,230,242
102000085,2292,812,1480
102000086,1209,892,317
102000087,953,1386,-433
102000088,412,316,96
102000089,1593,435,1158
102000090,528,1107,-579
102000091,1385,753,632
102000092,293,700,-407
102000093,471,594,-123
102000094,862,812,50
102000095,991,1280,-289
102000096,607,918,-311
102000097,809,727,82
102000098,493,683,-190
102000099,957,983,-26
102000100,438,1284,-846
102000101,630,840,-210
102000102,311,1152,-841
102000103,1497,416,1081
102000104,674,310,364
102000105,304,485,-181
102000106,828,500,328
102000107,1627,384,1243
102000108,785,198,587
102000109,632,460,172
102000110,1250,740,510
102000111,14,242,-228
102000112,148,121,27
102000113,23,31,-8
102000114,602,330,272
102000115,267,334,-67
102000116,377,619,-242
102000117,176,897,-721
102000118,1091,1437,-346
102000119,1402,1260,142
102000120,233,547,-314
102000121,1250,615,635
102000122,1030,1081,-51
102000123,1221,1220,1
102000124,1641,1207,434
102000125,730,1037,-307
102000126,887,733,154
102000127,1568,787,781
102000128,972,889,83
102000129,1891,701,1190
102000130,1015,954,61
102000131,1924,1080,844
102000132,700,1840,-1140
102000133,2633,1403,1230
102000134,1197,729,468
102000135,952,923,29
102000136,1481,644,837
102000137,685,1470,-785
102000138,273,509,-236
102000139,137,652,-515
102000140,203,884,-681
102000141,384,1512,-1128
102000142,391,319,72
102000143,247,241,6
102000144,429,314,115
102000145,459,368,91
102000146,539,279,260
102000147,653,433,220
102000148,236,744,-508
102000149,261,275,-14
102000150,617,97,520
102000151,141,208,-67
102000152,272,127,145
102000153,1074,658,416
102000154,261,523,-262
102000155,85,345,-260
102000156,285,178,107
102000157,77,489,-412
102000158,172,291,-119
102000159,902,716,186
102000161,2190,2393,-203
102000162,165,187,-22
102000163,123,605,-482
102000164,716,1177,-461
102000165,245,131,114
102000166,47,226,-179
102000167,294,192,102
102000168,343,181,162
102000169,150,446,-296
102000170,410,251,159
102000171,148,269,-121
102000172,140,460,-320
102000173,464,267,197
102000174,100,59,41
102000175,221,85,136
102000176,84,23,61
102000178,456,307,149
102000179,640,193,447
102000180,1172,396,776
102000181,918,407,511
102000182,628,456,172
102000183,2067,1246,821
102000184,2206,642,1564
102000185,2961,1057,1904
102000186,1532,1157,375
102000187,952,1013,-61
102000188,1152,1222,-70
102000189,1573,539,1034
102000190,617,2512,-1895
102000191,1384,523,861
102000192,1607,1707,-100
102000193,73,93,-20
102000194,68,103,-35
102000195,488,394,94
102000196,256,206,50
102000197,853,266,587
102000198,233,411,-178
102000199,1345,247,1098
102000200,341,762,-421
102000201,1367,444,923
102000202,5,58,-53
102000203,533,178,355
102000204,645,462,183
102000205,1404,338,1066
102000206,903,392,511
102000207,963,473,490
102000208,502,353,149
102000209,108,58,50
102000210,491,233,258
102000211,736,253,483
102000212,470,6,464
102000213,5,216,-211
102000214,452,10,442
102000215,12,220,-208
102000216,81,81,0
102000217,10,114,-104
102000218,346,228,118
102000219,317,156,161
102000225,501,555,-54
102000226,1568,1230,338
102000227,171,0,171
102000228,0,107,-107
102000229,63,59,4
102000230,340,304,36
102000231,331,349,-18
102000232,29,146,-117
102000233,481,632,-151
102000234,100,1086,-986
102000236,230,80,150
102000237,486,125,361
102000238,162,266,-104
102000240,601,815,-214
102000241,199,133,66
102000243,45,62,-17
102000245,8,101,-93
102000246,9,20,-11
102000247,248,367,-119
102000248,226,561,-335
102000249,97,98,-1
102000250,105,275,-170
102000254,178,210,-32
102000266,32,504,-472
102000271,30,1,29
102000286,370,392,-22
102000297,2139,983,1156
102000299,0,0,0
102000300,0,0,0
102000301,0,0,0
102000303,0,0,0
102000305,0,0,0
102000306,0,0,0
102000307,0,6,-6
102000308,0,2,-2
102900001,1282,561,721
102900002,550,67,483
102900003,81,136,-55
102900005,429,211,218
102900006,565,89,476
102900007,710,17,693
102900008,237,45,192
102900009,717,415,302
102900010,313,918,-605
102900011,1390,478,912
102900012,426,79,347
102900013,48,56,-8
102900015,659,638,21
102900016,69,78,-9
102900017,273,377,-104
102900018,60,93,-33
102900019,428,413,15
102900020,161,23,138
102900021,54,85,-31
102900022,575,215,360
102900023,20,50,-30
102900024,44,42,2
102900025,220,118,102
102900026,366,2187,-1821
102900027,81,74,7
102900028,247,863,-616
102900029,191,227,-36
102900030,440,318,122
102900031,312,116,196
102900032,119,107,12
102900033,173,213,-40
102900034,661,54,607
102900035,151,249,-98
102900036,327,298,29
102900037,457,298,159
102900038,652,309,343
102900039,7,580,-573
102900040,213,257,-44
102900041,114,182,-68
102900042,267,207,60
102900043,219,180,39
102900044,610,1511,-901
102900045,204,373,-169
102900046,140,180,-40
102900047,125,573,-448
102900048,645,363,282
102900049,132,345,-213
102900050,257,255,2
102900051,129,190,-61
102900052,65,83,-18
102900053,327,478,-151
102900054,638,1284,-646
102900055,156,306,-150
102900056,109,338,-229
102900057,17,62,-45
102900058,436,78,358
102900059,26,68,-42
102900060,144,408,-264
102900061,263,330,-67
102900062,418,521,-103
102900063,1457,390,1067
102900064,100,528,-428
102900065,926,513,413
102900066,366,22,344
102900068,119,99,20
102900070,276,558,-282
102900072,53,72,-19
102900073,203,13,190
102900074,217,245,-28
102900075,34,115,-81
102900076,117,232,-115
102900077,75,45,30
102900078,25,76,-51
102900079,276,7,269
102900080,504,54,450
102900081,82,353,-271
102900082,20,169,-149
102900083,175,34,141
102900084,15,62,-47
102900085,438,159,279
102900086,50,73,-23
102900087,137,137,0
102900088,65,41,24
102900089,202,124,78
102900090,4,264,-260
102900091,302,5,297
102900092,589,632,-43
102900093,352,235,117
102900094,3,105,-102
102900095,139,2,137
102900096,101,18,83
102900097,3,100,-97
103000001,2265,2021,244
103000002,2105,2341,-236
103000003,3059,3103,-44
103000004,864,717,147
103000005,1763,3060,-1297
103000006,834,1445,-611
103000007,379,633,-254
103000008,1035,516,519
103000009,1719,1118,601
103000010,134,85,49
103000011,1542,1326,216
103000012,1786,1487,299
103000013,2860,1657,1203
103000014,1420,2757,-1337
103000015,1283,667,616
103000016,526,1601,-1075
103000017,262,374,-112
103000018,585,308,277
103000019,354,288,66
103000020,1700,1265,435
103000021,1666,1724,-58
103000022,666,835,-169
103000023,677,1790,-1113
103000024,90,155,-65
103000025,136,744,-608
103000026,708,129,579
103000027,336,621,-285
103000028,348,389,-41
103000029,169,361,-192
103000030,1311,1117,194
103000031,1045,2031,-986
103000032,2210,1498,712
103000033,2867,2683,184
103000034,1300,1130,170
103000035,485,1376,-891
103000036,383,505,-122
103000037,486,552,-66
103000038,573,1032,-459
103000039,535,267,268
103000040,522,588,-66
103000041,1647,1403,244
103000042,1365,369,996
103000043,730,662,68
103000044,353,185,168
103000046,479,454,25
103000047,675,431,244
103000048,257,179,78
103000049,117,111,6
103000050,825,339,486
103000051,703,338,365
103000052,660,259,401
103000053,233,352,-119
103000054,2618,1276,1342
103000055,1950,1908,42
103000056,815,937,-122
103000057,926,206,720
103000058,651,734,-83
103000059,600,732,-132
103000060,667,377,290
103000061,439,698,-259
103000062,1178,430,748
103000063,970,851,119
103000064,144,163,-19
103000065,4,318,-314
103000066,212,12,200
103000069,526,237,289
103000070,1120,628,492
103000071,1548,511,1037
103000072,156,518,-362
103000073,778,110,668
103000074,823,102,721
103000075,141,458,-317
103000076,439,477,-38
103000077,45,253,-208
103000078,704,827,-123
103000079,507,566,-59
103000080,835,523,312
103000081,466,1069,-603
103000082,473,217,256
103000083,156,220,-64
103000084,114,14,100
103000085,2,110,-108
103000086,503,394,109
103000087,179,593,-414
103000088,223,317,-94
103000089,269,484,-215
103000090,2322,873,1449
103000091,627,487,140
103000092,343,201,142
103000093,333,450,-117
103000094,258,92,166
103000095,96,313,-217
103000096,568,59,509
103000097,92,757,-665
103000098,615,190,425
103000099,299,774,-475
103000100,157,515,-358
103000101,996,99,897
103000102,125,429,-304
103000103,760,121,639
103000104,80,91,-11
103000105,213,88,125
103000106,10,104,-94
103000107,237,59,178
103000108,744,546,198
103000109,509,403,106
103000110,502,496,6
103000111,447,425,22
103000112,286,254,32
103000113,601,629,-28
103000114,1168,524,644
103000115,697,459,238
103000116,769,313,456
103000117,434,416,18
103000118,450,538,-88
103000119,799,431,368
103000120,102,125,-23
103000121,138,275,-137
103000122,317,448,-131
103000125,16,133,-117
103000126,798,1,797
103000127,4,106,-102
103000128,226,2,224
103000129,1,117,-116
103000130,83,45,38
103000131,133,113,20
103000132,97,188,-91
103000133,33,77,-44
103000134,321,939,-618
103000135,578,224,354
103000136,642,480,162
103000137,424,680,-256
103000138,665,685,-20
103000139,6,73,-67
103000140,124,41,83
103000141,47,126,-79
103000142,138,98,40
103000143,52,142,-90
103000144,197,86,111
103000145,26,128,-102
103000150,134,53,81
103000152,151,207,-56
103000153,195,135,60
103000156,35,217,-182
103000157,521,3,518
103000159,169,56,113
103000162,55,20,35
103000163,5,49,-44
103000164,14,15,-1
103000165,64,214,-150
103000166,249,275,-26
103000167,147,86,61
103000168,132,129,3
103000169,210,413,-203
103000170,982,308,674
103000171,62,74,-12
103000172,796,262,534
103000173,774,398,376
103000174,244,233,11
103000175,378,199,179
103000176,1001,779,222
103000177,526,369,157
103000178,208,317,-109
103000179,300,26,274
103000183,211,23,188
103000185,117,48,69
103000186,146,112,34
103000187,920,193,727
103000188,22,76,-54
103000189,722,565,157
103000191,552,623,-71
103000292,785,1900,-1115
103000293,879,2731,-1852
103000295,121,119,2
103000296,192,5,187
103000297,63,113,-50
103000504,66,18,48
103000505,9,33,-24
103000506,1,134,-133
103000507,250,1,249
103000508,49,80,-31
103000509,225,528,-303
103900001,4,130,-126
103900002,857,157,700
103900003,1155,137,1018
103900004,189,1,188
103900005,1,106,-105
103900006,7,6,1
103900007,105,7,98
103900008,10,1,9
103900009,388,585,-197
103900010,143,346,-203
103900011,520,131,389
103900012,20,32,-12
103900013,64,49,15
103900014,127,12,115
103900015,95,11,84
103900016,289,205,84
103900017,44,45,-1
103900018,476,213,263
103900019,120,533,-413
103900020,205,490,-285
103900021,274,95,179
103900022,1277,638,639
103900023,191,2,189
103900024,93,273,-180
103900025,24,27,-3
103900026,143,0,143
103900027,949,233,716
103900028,34,307,-273
103900029,1270,190,1080
103900030,293,94,199
103900031,49,7,42
103900032,137,113,24
103900033,202,24,178
103900034,55,98,-43
103900035,38,30,8
103900036,59,39,20
103900037,104,106,-2
103900038,144,348,-204
103900039,100,161,-61
103900040,16,97,-81
103900041,102,39,63
103900042,121,186,-65
103900043,263,56,207
103900044,97,346,-249
103900045,536,195,341
103900047,105,16,89
103900048,152,40,112
103900049,189,978,-789
103900050,16,197,-181
103900051,6,41,-35
103900052,307,267,40
103900053,361,372,-11
103900054,161,270,-109
103900055,531,203,328
103900056,67,46,21
103900057,73,114,-41
103900058,353,333,20
103900059,0,25,-25
103900060,67,138,-71
103900061,240,25,215
103900062,493,150,343
103900063,14,0,14
103900064,189,1,188
103900065,734,421,313
103900066,193,32,161
103900067,310,9,301
103900068,7,0,7
103900069,84,31,53
103900070,149,172,-23
103900071,32,78,-46
103900072,30,157,-127
103900073,37,59,-22
103900074,88,81,7
103900075,307,62,245
103900076,680,360,320
103900077,41,158,-117
103900078,393,87,306
103900079,179,206,-27
103900080,25,48,-23
103900081,34,41,-7
103900082,16,132,-116
103900083,882,1318,-436
103900084,124,202,-78
103900085,85,154,-69
103900086,1133,415,718
103900087,18,84,-66
103900088,412,666,-254
103900089,56,114,-58
103900090,1,53,-52
103900091,1091,191,900
103900092,869,386,483
103900093,76,269,-193
103900094,25,73,-48
103900095,351,242,109
103900096,37,124,-87
103900097,22,375,-353
103900098,337,167,170
103900099,105,100,5
103900100,273,237,36
103900101,127,872,-745
103900102,1,32,-31
103900104,0,34,-34
103900105,108,148,-40
103900106,0,111,-111
103900107,202,141,61
103900108,71,197,-126
103900109,201,62,139
103900110,313,45,268
103900111,155,382,-227
103900112,117,159,-42
103900113,119,277,-158
103900114,332,229,103
103900115,306,306,0
103900116,3154,3364,-210
103900117,128,38,90
103900119,55,112,-57
103900120,87,109,-22
103900122,181,131,50
103900123,1060,664,396
103900124,59,314,-255
103900125,126,39,87
103900126,746,340,406
103900127,245,318,-73
103900128,237,145,92
103900131,44,69,-25
103900133,1075,120,955
103900134,2,32,-30
103900135,12,7,5
103900137,0,28,-28
103900138,318,116,202
103900139,206,2651,-2445
103900140,11,274,-263
103900141,264,62,202
103900142,296,108,188
103900143,85,3,82
103900144,1,28,-27
103900145,228,274,-46
103900146,310,198,112
103900147,402,93,309
103900148,356,209,147
103900149,471,369,102
103900150,4053,5281,-1228
103900151,40,104,-64
103900152,805,431,374
103900153,7,0,7
103900154,661,2336,-1675
103900155,49,172,-123
103900156,104,145,-41
103900157,130,114,16
103900158,164,88,76
103900159,217,41,176
103900160,80,63,17
103900161,131,145,-14
103900162,108,131,-23
103900163,7,325,-318
103900164,14,2,12
103900167,34,135,-101
103900168,201,66,135
103900169,58,46,12
103900170,4,79,-75
103900171,0,50,-50
103900172,12,11,1
103900173,16,20,-4
103900174,371,69,302
103900175,65,112,-47
103900176,12,34,-22
103900177,14,79,-65
103900178,80,43,37
103900179,95,102,-7
103900180,5,43,-38
103900181,49,55,-6
103900182,47,29,18
103900184,409,138,271
103900185,109,522,-413
103900187,21,100,-79
103900188,72,33,39
103900189,151,26,125
103900190,113,47,66
103900191,48,41,7
103900192,43,227,-184
103900193,120,187,-67
103900194,73,159,-86
103900195,13,109,-96
103900196,59,52,7
103900197,15,36,-21
103900198,14,46,-32
103900199,138,50,88
103900200,201,82,119
103900201,159,178,-19
103900202,21,66,-45
103900203,51,23,28
103900204,3,52,-49
103900207,0,51,-51
103900208,138,2,136
103900209,9,85,-76
103900210,79,33,46
103900211,620,316,304
103900212,190,272,-82
103900213,61,195,-134
103900214,214,153,61
103900215,185,252,-67
103900216,15,250,-235
103900217,293,31,262
103900218,0,236,-236
103900219,145,108,37
103900233,56,4,52
103900235,11,28,-17
103900236,10,8,2
103900242,6,7,-1
103900243,8,2,6
103900244,165,96,69
103900245,111,138,-27
103900246,60,29,31
103900247,30,61,-31
103900248,4,48,-44
103900249,17,58,-41
103900250,24,21,3
103900251,2,11,-9
103900253,8,83,-75
103900254,3,18,-15
103900255,8,7,1
103900256,15,25,-10
103900257,26,84,-58
103900258,13,7,6
103900259,82,3,79
103900261,14,2,12
103900262,7,0,7
103900263,24,36,-12
103900264,38,42,-4
103900265,36,17,19
103900266,1,152,-151
103900267,17,64,-47
103900268,11,25,-14
103900269,219,78,141
103900270,86,93,-7
104000001,2284,2178,106
104000002,1550,1707,-157
104000003,2267,1897,370
104000004,2372,2175,197
104000005,1736,1837,-101
104000006,2917,2246,671
104000007,3483,3519,-36
104000008,148,174,-26
104000009,229,94,135
104000010,139,282,-143
104000011,333,222,111
104000012,121,200,-79
104000013,320,220,100
104000014,194,434,-240
104000015,307,132,175
104000016,523,281,242
104000018,885,166,719
104000019,605,220,385
104000020,133,323,-190
104000021,278,288,-10
104000022,119,218,-99
104000023,869,346,523
104000024,261,283,-22
104000026,65,293,-228
104000027,226,162,64
104000028,422,199,223
104000029,282,205,77
104000030,298,201,97
104000031,1456,342,1114
104000032,203,201,2
104000033,753,453,300
104000034,409,237,172
104000035,1188,301,887
104000036,777,439,338
104000037,316,173,143
104000038,610,192,418
104000039,204,145,59
104000040,172,363,-191
104000041,709,284,425
104000042,157,269,-112
104000043,192,243,-51
104000044,193,316,-123
104000045,904,693,211
104000046,766,1153,-387
104000047,604,880,-276
104000048,888,853,35
104000049,572,272,300
104000050,158,666,-508
104000051,143,415,-272
104000052,1947,1421,526
104000053,1250,366,884
104000054,724,256,468
104000055,3153,2012,1141
104000056,802,220,582
104000057,107,263,-156
104000058,845,679,166
104000059,483,819,-336
104000060,1158,1136,22
104000061,1236,879,357
104000062,466,86,380
104000064,454,256,198
104000065,219,682,-463
104000069,671,1116,-445
104000070,69,512,-443
104000071,125,264,-139
104000072,502,130,372
104000075,160,275,-115
104000076,445,110,335
104000082,2363,3191,-828
104000083,779,189,590
104000084,122,441,-319
104000085,358,357,1
104000086,224,390,-166
104000087,375,2060,-1685
104000090,861,860,1
104000092,1481,1284,197
104000094,817,1024,-207
104000095,1864,1177,687
104000096,1651,100,1551
104000097,1848,551,1297
104000098,2652,641,2011
104000100,1968,498,1470
104000101,1082,1153,-71
104000106,54,550,-496
104000107,631,272,359
104000108,225,366,-141
104000109,289,124,165
104000110,696,899,-203
104000111,2547,2783,-236
104000112,1173,526,647
104000116,3,569,-566
104000117,235,341,-106
104000118,887,161,726
104000119,746,292,454
104000120,272,451,-179
104000121,243,564,-321
104000122,789,785,4
104000123,784,656,128
104000124,550,1426,-876
104000125,2413,4684,-2271
104000126,480,474,6
104000127,1056,1467,-411
104000128,650,354,296
104000129,383,19,364
104000130,20,301,-281
104000131,283,312,-29
104000132,310,295,15
104000133,1193,663,530
104000134,852,1503,-651
104000135,437,1841,-1404
104000136,667,3839,-3172
104000137,1256,428,828
104000138,756,362,394
104000139,3700,2473,1227
104000141,735,904,-169
104000142,549,424,125
104000143,657,311,346
104000144,113,192,-79
104000145,360,187,173
104000146,232,457,-225
104000147,127,273,-146
104000148,388,168,220
104000149,167,198,-31
104000150,1102,470,632
104000151,298,284,14
104000152,542,407,135
104000153,787,515,272
104000154,666,387,279
104000155,536,531,5
104000157,928,976,-48
104000158,252,450,-198
104000159,908,525,383
104000160,1671,2037,-366
104000161,190,201,-11
104000162,85,151,-66
104000165,669,777,-108
104000167,641,1209,-568
104000168,646,9,637
104000169,154,23,131
104000170,251,517,-266
104000248,282,377,-95
104000251,43,158,-115
104000272,0,0,0
104000273,0,0,0
104000274,0,0,0
104000275,0,0,0
104000279,687,443,244
104000290,92,230,-138
104000291,389,991,-602
104000293,804,659,145
104000294,80,0,80
104000295,544,715,-171
104000296,456,601,-145
104000297,644,1633,-989
104000298,1920,724,1196
104000299,650,1070,-420
104900001,166,306,-140
104900002,110,202,-92
104900003,59,226,-167
104900004,109,163,-54
104900005,368,289,79
104900006,460,79,381
104900007,340,239,101
104900009,194,236,-42
104900010,91,52,39
104900011,22,12,10
104900012,235,38,197
104900013,102,12,90
104900014,1735,270,1465
104900015,74,3,71
104900016,282,172,110
104900017,220,133,87
104900018,14,131,-117
104900019,238,3554,-3316
104900020,42,252,-210
104900021,1,149,-148
104900022,6,82,-76
104900023,3,45,-42
104900024,33,54,-21
104900025,57,157,-100
104900026,2,42,-40
104900027,749,318,431
104900028,28,75,-47
104900029,66,66,0
104900030,481,225,256
104900031,91,197,-106
104900032,53,75,-22
104900033,222,285,-63
104900034,369,169,200
104900035,385,205,180
104900036,267,77,190
104900037,175,198,-23
104900038,253,1055,-802
104900039,525,585,-60
104900040,491,92,399
104900041,364,167,197
104900042,169,181,-12
104900043,29,239,-210
104900044,800,157,643
104900045,446,56,390
104900046,332,103,229
104900047,453,98,355
104900048,387,71,316
104900049,65,61,4
104900050,449,71,378
104900051,329,36,293
104900052,114,3,111
104900053,470,117,353
104900054,215,30,185
104900055,187,6,181
104900056,143,19,124
104900057,71,2,69
104900058,763,810,-47
104900059,160,104,56
104900060,2,420,-418
104900061,190,401,-211
104900063,2,115,-113
104900064,1,75,-74
104900065,0,208,-208
104900066,2,101,-99
104900067,9,220,-211
104900068,22,134,-112
104900070,215,250,-35
104900071,2,397,-395
104900072,69,266,-197
104900073,98,113,-15
104900074,59,179,-120
104900075,54,59,-5
104900076,151,239,-88
104900077,735,323,412
104900078,194,341,-147
104900079,122,556,-434
104900080,105,408,-303
104900082,27,280,-253
104900085,3,163,-160
104900087,345,10,335
104900089,365,0,365
104900090,1275,813,462
104900091,1223,481,742
104900093,170,437,-267
104900097,1880,2339,-459
104900098,232,45,187
104900099,137,626,-489
104900100,254,281,-27
104900102,68,80,-12
104900103,459,56,403
104900104,2050,2339,-289
104900106,98,85,13
104900107,146,134,12
104900108,98,208,-110
104900109,161,208,-47
104900110,8,62,-54
104900111,322,91,231
104900112,249,391,-142
104900113,818,278,540
104900114,469,284,185
104900115,808,289,519
104900116,377,114,263
104900118,28,42,-14
104900119,6,31,-25
104900120,17,219,-202
104900121,0,73,-73
104900122,7,61,-54
104900123,76,22,54
104900124,57,3,54
104900125,402,11,391
104900126,50,31,19
104900127,31,56,-25
104900128,110,120,-10
104900129,1001,2265,-1264
105000001,2634,1344,1290
105000002,2195,1374,821
105000003,2787,4307,-1520
105000004,745,755,-10
105000005,964,1049,-85
105000006,1402,1603,-201
105000007,1355,1713,-358
105000008,1422,3750,-2328
105000009,2848,2914,-66
105000010,2653,1426,1227
105000011,4024,2662,1362
105000012,3476,2139,1337
105000013,1078,1010,68
105000014,2277,2869,-592
105000015,9924,16522,-6598
105000016,1599,1880,-281
105000017,1406,878,528
105000018,950,1486,-536
105000019,1147,893,254
105000020,151,513,-362
105000021,225,98,127
105000022,219,163,56
105000023,554,319,235
105000028,60,98,-38
105000029,682,1450,-768
105000030,3109,1835,1274
105000033,773,1223,-450
105000034,211,1062,-851
105000037,660,238,422
105000038,1770,1662,108
105000039,2121,1262,859
105000040,1281,1440,-159
105000041,764,1170,-406
105000042,3136,1996,1140
105000043,1294,2358,-1064
105000044,726,565,161
105000045,408,534,-126
105000046,1228,400,828
105000047,481,942,-461
105000048,601,189,412
105000049,191,403,-212
105000050,715,336,379
105000051,140,306,-166
105000052,598,778,-180
105000053,113,98,15
105000054,464,735,-271
105000055,924,334,590
105000056,1921,1482,439
105000057,1538,605,933
105000058,1189,960,229
105000059,846,520,326
105000060,429,621,-192
105000061,817,433,384
105000062,546,642,-96
105000063,273,355,-82
105000064,1812,670,1142
105000065,329,371,-42
105000066,1070,1023,47
105000067,1816,876,940
105000068,393,787,-394
105000069,1432,2308,-876
105000070,450,941,-491
105000071,227,1095,-868
105000072,771,2265,-1494
105000073,929,612,317
105000074,882,624,258
105000075,500,746,-246
105000076,1006,866,140
105000077,1971,992,979
105000078,1158,1176,-18
105000079,1175,3061,-1886
105000080,1973,1713,260
105000081,2796,1276,1520
105000082,1018,2043,-1025
105000083,3969,4259,-290
105000084,583,669,-86
105000085,1929,2394,-465
105000086,632,760,-128
105000087,1085,1523,-438
105000088,1259,1464,-205
105000089,2413,1739,674
105000090,924,714,210
105000091,933,1153,-220
105000092,618,682,-64
105000093,294,326,-32
105000094,292,274,18
105000095,90,390,-300
105000096,1205,1188,17
105000097,900,735,165
105000098,1136,611,525
105000099,629,649,-20
105000100,1408,1024,384
105000101,1939,1542,397
105000102,1782,1321,461
105000103,1148,1855,-707
105000104,2707,1021,1686
105000105,1244,1590,-346
105000106,1904,1464,440
105000107,1763,934,829
105000108,2300,1320,980
105000109,2030,1527,503
105000110,923,530,393
105000111,842,544,298
105000112,1337,536,801
105000113,554,764,-210
105000114,1952,1184,768
105000115,303,1294,-991
105000116,937,512,425
105000117,904,538,366
105000118,837,549,288
105000119,775,676,99
105000120,1469,590,879
105000121,923,695,228
105000122,476,795,-319
105000123,1045,893,152
105000124,2372,670,1702
105000125,945,1410,-465
105000126,2215,1170,1045
105000127,2505,1544,961
105000128,1371,810,561
105000129,983,250,733
105000130,331,3121,-2790
105000131,618,225,393
105000132,1065,648,417
105000133,489,910,-421
105000134,993,582,411
105000135,453,363,90
105000136,77,97,-20
105000137,420,239,181
105000138,90,152,-62
105000139,920,706,214
105000140,316,403,-87
105000141,334,365,-31
105000142,290,360,-70
105000143,199,374,-175
105000144,276,512,-236
105000145,749,284,465
105000146,387,644,-257
105000147,810,255,555
105000148,1094,558,536
105000149,2803,2130,673
105000150,1642,1164,478
105000151,632,380,252
105000152,148,506,-358
105000153,541,620,-79
105000154,496,464,32
105000155,329,927,-598
105000156,667,557,110
105000157,731,1304,-573
105000158,1852,724,1128
105000159,245,838,-593
105000160,2133,720,1413
105000161,751,809,-58
105000162,583,1758,-1175
105000163,941,736,205
105000164,225,260,-35
105000165,682,5644,-4962
105000166,3998,1424,2574
105000167,1248,2011,-763
105000168,531,487,44
105000169,648,309,339
105000170,360,1259,-899
105000171,1014,213,801
105000172,204,45,159
105000173,349,90,259
105000174,94,101,-7
105000175,139,74,65
105000176,573,112,461
105000177,416,251,165
105000178,256,363,-107
105000179,898,156,742
105000180,226,132,94
105000181,232,166,66
105000182,67,59,8
105000183,1731,1905,-174
105000184,1269,953,316
105000185,1397,1042,355
105000186,654,684,-30
105000187,871,248,623
105000188,264,135,129
105000189,192,477,-285
105000190,346,343,3
105000191,381,307,74
105000192,449,93,356
105000193,70,146,-76
105000194,417,117,300
105000195,430,607,-177
105000196,80,296,-216
105000197,338,446,-108
105000198,380,276,104
105000199,182,597,-415
105000200,177,373,-196
105000201,99,30,69
105000203,5,117,-112
105000204,109,78,31
105000205,103,141,-38
105000207,381,194,187
105000208,234,740,-506
105000209,174,294,-120
105000212,1247,776,471
105000213,170,171,-1
105000214,270,252,18
105000215,429,115,314
105000216,195,272,-77
105000217,175,280,-105
105000218,1839,981,858
105000221,183,135,48
105000222,776,278,498
105000223,366,254,112
105000226,86,131,-45
105000227,90,104,-14
105000228,235,2097,-1862
105000229,153,551,-398
105000231,413,320,93
105000233,975,615,360
105000234,523,855,-332
105000235,423,533,-110
105000237,836,76,760
105000243,31,124,-93
105000248,86,117,-31
105000262,369,816,-447
105000269,167,200,-33
105000270,610,33,577
105000271,0,147,-147
105000282,50,59,-9
105000287,366,74,292
105000288,770,407,363
105000289,2063,2054,9
105000290,38,16,22
105000402,2605,4303,-1698
105000426,416,623,-207
105000438,3240,1595,1645
105000446,7233,5251,1982
105000447,3988,2290,1698
105000454,734,466,268
105000455,210,133,77
105000474,135,3,132
105000477,524,659,-135
105000478,2098,5321,-3223
105000479,130,133,-3
105000480,7821,7185,636
105000481,4596,3705,891
105000482,3740,6198,-2458
105000483,1764,2259,-495
105000484,1707,2307,-600
105000485,1640,3337,-1697
105000486,2528,2180,348
105000488,7313,3827,3486
105000489,874,684,190
105000549,110,129,-19
105000550,497,1303,-806
105000551,52,114,-62
105000552,1783,1190,593
105900001,13,1752,-1739
105900002,716,790,-74
105900003,31,92,-61
105900004,235,125,110
105900005,15,267,-252
105900006,17,178,-161
105900007,154,88,66
105900008,66,354,-288
105900009,31,21,10
105900011,290,55,235
105900012,711,83,628
105900013,9,42,-33
105900014,52,73,-21
105900015,156,342,-186
105900016,740,362,378
105900017,1737,61,1676
105900018,202,153,49
105900019,83,570,-487
105900020,64,37,27
105900021,42,379,-337
105900022,349,158,191
105900023,11,125,-114
105900024,26,168,-142
105900025,314,16,298
105900026,232,19,213
105900027,9397,9079,318
105900028,906,942,-36
105900029,1544,373,1171
105900030,223,229,-6
105900031,366,222,144
105900032,95,137,-42
105900033,95,127,-32
105900034,370,156,214
105900035,226,202,24
105900036,179,136,43
105900037,92,78,14
105900038,199,255,-56
105900039,155,116,39
105900040,71,128,-57
105900041,184,256,-72
105900042,83,138,-55
105900043,1078,75,1003
105900044,5,235,-230
105900045,5,771,-766
105900046,2,275,-273
105900047,22,52,-30
105900048,103,434,-331
105900050,7235,4969,2266
105900051,76,1100,-1024
105900052,680,340,340
105900053,2919,3666,-747
105900054,352,223,129
105900056,548,497,51
105900057,46,116,-70
105900058,22,12,10
105900059,1,57,-56
106000001,3410,2821,589
106000002,1514,4394,-2880
106000003,2764,3501,-737
106000004,1353,2154,-801
106000005,3543,4960,-1417
106000006,4529,2460,2069
106000007,537,508,29
106000008,382,278,104
106000009,561,302,259
106000010,543,492,51
106000011,1191,1064,127
106000012,815,892,-77
106000013,2023,1831,192
106000014,1532,1091,441
106000015,1798,1197,601
106000016,1205,1447,-242
106000017,519,642,-123
106000018,566,356,210
106000019,406,401,5
106000020,422,254,168
106000021,324,430,-106
106000022,380,185,195
106000023,613,267,346
106000024,621,313,308
106000025,129,214,-85
106000026,84,122,-38
106000027,1657,1312,345
106000028,678,250,428
106000029,643,675,-32
106000030,367,525,-158
106000034,251,470,-219
106000035,917,2057,-1140
106000036,170,475,-305
106000037,1634,1075,559
106000038,184,129,55
106000039,120,111,9
106000040,125,748,-623
106000041,624,697,-73
106000043,512,258,254
106000046,395,91,304
106000047,29,499,-470
106000049,1169,271,898
106000050,322,509,-187
106000051,783,548,235
106000052,126,443,-317
106000053,456,124,332
106000054,374,288,86
106000055,1215,857,358
106000056,309,281,28
106000057,473,269,204
106000058,133,115,18
106000059,372,259,113
106000060,277,463,-186
106000061,234,482,-248
106000062,154,510,-356
106000063,673,536,137
106000064,36,290,-254
106000065,356,350,6
106000066,112,257,-145
106000067,618,107,511
106000068,68,508,-440
106000069,302,62,240
106000070,482,617,-135
106000071,990,287,703
106000072,2083,1401,682
106000073,1146,3024,-1878
106000074,640,616,24
106000075,301,1305,-1004
106000076,1601,1830,-229
106000077,2905,1220,1685
106000078,1248,803,445
106000079,797,767,30
106000080,1260,531,729
106000081,711,970,-259
106000082,2150,752,1398
106000083,452,1417,-965
106000084,1160,634,526
106000085,1247,1508,-261
106000086,574,792,-218
106000087,952,463,489
106000088,373,697,-324
106000089,1001,262,739
106000090,281,475,-194
106000091,299,376,-77
106000092,732,219,513
106000093,307,195,112
106000094,125,238,-113
106000095,1045,629,416
106000096,949,549,400
106000097,1337,593,744
106000098,914,758,156
106000099,237,486,-249
106000100,1264,193,1071
106000101,824,223,601
106000102,153,514,-361
106000103,366,364,2
106000104,739,366,373
106000105,545,439,106
106000106,689,343,346
106000107,126,159,-33
106000108,269,224,45
106000109,208,175,33
106000110,279,205,74
106000111,175,206,-31
106000112,275,487,-212
106000113,461,400,61
106000114,391,606,-215
106000115,191,266,-75
106000116,332,182,150
106000117,948,526,422
106000118,1172,1383,-211
106000119,990,697,293
106000120,905,1290,-385
106000121,213,145,68
106000122,156,114,42
106000123,625,106,519
106000124,87,120,-33
106000125,21,168,-147
106000126,354,66,288
106000127,914,633,281
106000128,760,149,611
106000129,500,456,44
106000130,889,308,581
106000131,139,569,-430
106000132,504,189,315
106000133,1119,1072,47
106000134,382,1761,-1379
106000135,158,390,-232
106000136,647,983,-336
106000137,75,471,-396
106000138,1263,92,1171
106000139,63,66,-3
106000140,64,20,44
106000141,141,23,118
106000142,69,63,6
106000143,34,41,-7
106000144,24,51,-27
106000145,292,140,152
106000146,469,131,338
106000147,307,355,-48
106000148,428,669,-241
106000149,605,294,311
106000150,526,1797,-1271
106000151,2818,752,2066
106000152,1122,2160,-1038
106000153,84,1473,-1389
106000154,865,154,711
106000155,168,231,-63
106000156,1283,251,1032
106000157,671,1367,-696
106000158,1752,922,830
106000159,2031,1891,140
106000160,462,2862,-2400
106000161,1389,246,1143
106000162,335,921,-586
106000163,419,207,212
106000164,502,293,209
106000165,308,369,-61
106000166,885,271,614
106000167,448,619,-171
106000168,603,261,342
106000169,370,397,-27
106000170,942,237,705
106000171,341,926,-585
106000172,2824,1270,1554
106000173,1250,2139,-889
106000174,1369,387,982
106000175,303,610,-307
106000176,1824,811,1013
106000177,861,1776,-915
106000178,3410,1505,1905
106000179,873,1529,-656
106000180,780,909,-129
106000181,1035,1450,-415
106000182,1607,619,988
106000183,1629,455,1174
106000184,2525,564,1961
106000185,1461,1340,121
106000186,703,120,583
106000187,226,974,-748
106000188,1,2,-1
106000189,16,33,-17
106000190,37,1,36
106000191,680,154,526
106000192,4,19,-15
106000193,413,259,154
106000194,154,463,-309
106000195,897,368,529
106000196,288,873,-585
106000197,682,364,318
106000198,176,195,-19
106000199,927,889,38
106000200,211,230,-19
106000201,393,3356,-2963
106000202,2561,624,1937
106000203,27,101,-74
106000204,103,8,95
106000205,3,107,-104
106000206,80,16,64
106000207,33,440,-407
106000208,1521,143,1378
106000209,1723,345,1378
106000210,263,634,-371
106000211,283,898,-615
106000212,970,524,446
106000213,484,2134,-1650
106000214,1611,946,665
106000215,389,398,-9
106000216,470,289,181
106000217,204,227,-23
106000218,396,278,118
106000219,123,223,-100
106000220,476,158,318
106000221,224,143,81
106000222,89,90,-1
106000223,313,96,217
106000224,308,120,188
106000225,80,132,-52
106000226,111,194,-83
106000228,110,82,28
106000229,74,500,-426
106000231,976,123,853
106000232,67,212,-145
106000233,592,80,512
106000234,145,221,-76
106000235,1518,120,1398
106000236,513,97,416
106000237,14,14,0
106000238,232,12,220
106000239,5,137,-132
106000240,49,2,47
106000241,12,473,-461
106000242,230,33,197
106000249,56,51,5
106000250,96,546,-450
106000251,152,45,107
106000252,44,72,-28
106000253,81,94,-13
106000254,56,40,16
106000255,17,151,-134
106000256,45,40,5
106000257,232,208,24
106000258,437,15,422
106000259,29,69,-40
106000260,28,9,19
106000261,0,47,-47
106000262,119,8,111
106000263,16,70,-54
106000264,312,7,305
106000265,8,151,-143
106000266,101,29,72
106000267,9,117,-108
106000268,378,77,301
106000269,59,41,18
106000270,130,420,-290
106000271,82,148,-66
106000272,236,55,181
106000273,12,191,-179
106000274,151,41,110
106000275,178,333,-155
106000276,109,46,63
106000277,107,286,-179
106000278,135,27,108
106000279,8,23,-15
106000280,92,34,58
106000281,81,39,42
106000282,90,59,31
106000283,104,66,38
106000284,94,109,-15
106000285,108,52,56
106000286,117,115,2
106000287,176,39,137
106000288,102,106,-4
106000289,89,39,50
106000290,66,56,10
106000291,116,85,31
106000292,79,77,2
106000293,136,82,54
106000294,110,66,44
106000295,62,64,-2
106000296,33,87,-54
106000297,71,249,-178
106000298,95,70,25
106000299,69,126,-57
106000300,55,73,-18
106000301,85,99,-14
106000303,38,84,-46
106000304,27,48,-21
106000305,46,77,-31
106000306,36,52,-16
106000307,74,28,46
106000308,40,75,-35
106000309,37,51,-14
106000310,301,337,-36
106000311,444,219,225
106000312,91,104,-13
106000313,254,169,85
106000318,90,550,-460
106000319,932,259,673
106000320,0,81,-81
106000321,406,138,268
106000322,167,107,60
106000324,12,88,-76
106000325,1804,982,822
106000326,794,1170,-376
106000327,231,89,142
106000328,29,143,-114
106000329,90,242,-152
106000330,49,87,-38
106000428,102,125,-23
106000429,149,281,-132
106000430,322,855,-533
106000431,2450,467,1983
106000432,1246,2137,-891
106000433,2667,1311,1356
106000434,2928,1813,1115
106000435,1112,1759,-647
106000436,13,143,-130
106000437,293,61,232
106000438,540,238,302
106000439,115,453,-338
106000440,223,351,-128
106000441,4,0,4
106000442,139,2,137
106000443,249,153,96
106000450,3,109,-106
106000451,22,54,-32
106000454,4,266,-262
106000455,10,143,-133
106000456,109,32,77
106000457,15,559,-544
106000458,1073,109,964
106000459,186,240,-54
106000460,1740,33,1707
106000461,121,687,-566
106000462,1,35,-34
106000463,7,19,-12
106000464,5,269,-264
106000465,722,3,719
106000466,3,311,-308
106000467,237,422,-185
106000468,100,131,-31
106000469,149,2,147
106000470,242,1818,-1576
106000471,20,319,-299
106000472,153,18,135
106000473,51,17,34
106000474,255,275,-20
106000475,300,169,131
106000476,144,228,-84
106000477,13,14,-1
106900001,0,7,-7
106900002,3,317,-314
106900003,183,712,-529
106900004,0,14,-14
106900006,0,7,-7
106900007,0,16,-16
106900008,474,153,321
106900009,423,254,169
106900010,253,245,8
106900012,1263,2381,-1118
106900013,639,218,421
106900014,52,2,50
106900015,12,1,11
106900016,419,23,396
106900017,12,3,9
106900018,10,0,10
106900019,91,3,88
106900020,1494,1714,-220
106900021,205,144,61
106900022,959,8,951
106900023,50,201,-151
106900024,678,87,591
106900025,66,456,-390
106900026,1,295,-294
106900027,974,6,968
107000001,3447,5397,-1950
107000002,2125,3975,-1850
107000003,6790,6252,538
107000004,3911,3364,547
107000005,6618,5845,773
107000006,4146,2642,1504
107000007,5676,10211,-4535
107000008,6902,5381,1521
107000009,8802,7732,1070
107000010,8236,6157,2079
107000011,792,1187,-395
107000012,3299,2030,1269
107000013,124,39,85
107000014,46,119,-73
107000015,398,520,-122
107000016,864,542,322
107000017,1721,2352,-631
107000018,9,1997,-1988
107000020,1217,2158,-941
107000021,1406,457,949
107000022,827,1575,-748
107000023,2382,175,2207
107000024,611,1050,-439
107000025,177,290,-113
107000026,356,335,21
107000027,1515,987,528
107000028,1307,915,392
107000029,3786,3201,585
107000030,2387,2050,337
107000031,4948,2535,2413
107000032,433,742,-309
107000033,2415,3481,-1066
107000034,3440,1258,2182
107000035,407,221,186
107000036,327,1050,-723
107000037,93,693,-600
107000038,167,233,-66
107000039,698,749,-51
107000040,216,299,-83
107000041,1654,819,835
107000042,635,1976,-1341
107000043,2030,1207,823
107000044,404,370,34
107000045,84,259,-175
107000046,778,415,363
107000047,434,708,-274
107000048,723,280,443
107000049,725,713,12
107000050,1073,493,580
107000051,242,304,-62
107000052,1089,994,95
107000053,359,316,43
107000054,68,239,-171
107000055,180,95,85
107000056,370,664,-294
107000057,1056,174,882
107000058,2128,2584,-456
107000059,1901,2794,-893
107000060,5157,5013,144
107000061,4435,3080,1355
107000062,5599,3074,2525
107000063,4107,3512,595
107000064,5073,2747,2326
107000065,3618,3329,289
107000066,2016,3042,-1026
107000067,1416,1373,43
107000068,1246,944,302
107000069,1141,634,507
107000070,1157,12,1145
107000071,4006,71,3935
107000072,42,1856,-1814
107000073,1107,472,635
107000074,127,712,-585
107000075,2133,595,1538
107000076,541,1080,-539
107000077,4171,1621,2550
107000078,2363,2266,97
107000079,3284,1266,2018
107000080,977,2157,-1180
107000081,2375,630,1745
107000082,547,1057,-510
107000083,1686,509,1177
107000084,335,1101,-766
107000085,2919,3067,-148
107000086,3265,2786,479
107000087,3268,1904,1364
107000088,3332,2993,339
107000089,1836,1744,92
107000090,1202,840,362
107000091,1777,891,886
107000092,938,726,212
107000093,1440,866,574
107000094,955,903,52
107000095,1139,648,491
107000096,503,594,-91
107000097,496,260,236
107000098,428,245,183
107000099,432,328,104
107000100,264,206,58
107000101,51,150,-99
107000102,168,205,-37
107000103,274,195,79
107000104,154,204,-50
107000105,375,123,252
107000106,200,184,16
107000107,593,157,436
107000108,148,387,-239
107000109,722,159,563
107000110,57,331,-274
107000111,426,46,380
107000112,47,199,-152
107000113,754,131,623
107000114,90,364,-274
107000115,731,194,537
107000116,137,494,-357
107000117,149,635,-486
107000118,109,121,-12
107000119,1270,1646,-376
107000120,800,621,179
107000121,1076,627,449
107000122,1155,676,479
107000123,605,506,99
107000124,608,611,-3
107000125,1210,446,764
107000126,1061,499,562
107000127,25,233,-208
107000129,306,195,111
107000130,625,298,327
107000131,422,403,19
107000132,684,403,281
107000133,466,148,318
107000134,301,3,298
107000135,6,308,-302
107000136,700,9,691
107000137,6,439,-433
107000138,235,35,200
107000139,24,614,-590
107000140,1732,141,1591
107000141,165,700,-535
107000142,531,107,424
107000143,79,533,-454
107000144,672,497,175
107000145,153,398,-245
107000146,229,316,-87
107000147,3239,901,2338
107000150,549,2975,-2426
107000151,28,86,-58
107000152,437,1626,-1189
107000153,102,344,-242
107000154,166,375,-209
107000155,1140,16,1124
107000156,1399,16,1383
107000157,69,970,-901
107000158,747,17,730
107000159,39,543,-504
107000160,1673,191,1482
107000161,77,875,-798
107000162,277,634,-357
107000163,276,6,270
107000164,951,2,949
107000165,1704,17,1687
107000166,43,764,-721
107000167,835,195,640
107000168,1088,570,518
107000169,552,585,-33
107000170,3390,957,2433
107000171,726,1313,-587
107000172,1403,1673,-270
107000173,440,620,-180
107000174,1390,6372,-4982
107000175,4517,1187,3330
107000176,0,0,0
107000177,19,2,17
107000178,30,18,12
107000179,386,1377,-991
107000180,1688,358,1330
107000181,433,737,-304
107000182,2279,768,1511
107000183,118,603,-485
107000184,1161,536,625
107000185,543,1120,-577
107000186,1544,538,1006
107000187,1528,1004,524
107000188,736,577,159
107000189,628,873,-245
107000190,810,671,139
107000191,820,714,106
107000192,1947,617,1330
107000193,456,576,-120
107000194,765,576,189
107000197,959,399,560
107000198,294,535,-241
107000199,901,594,307
107000200,508,686,-178
107000201,556,361,195
107000202,319,445,-126
107000203,1114,1149,-35
107000204,1312,1330,-18
107000205,1804,975,829
107000206,785,1562,-777
107000207,713,1150,-437
107000208,946,616,330
107000209,1535,1582,-47
107000210,455,282,173
107000211,10,73,-63
107000212,63,381,-318
107000213,9,21,-12
107000214,33,154,-121
107000215,417,288,129
107000216,591,369,222
107000217,220,113,107
107000219,145,174,-29
107000220,273,145,128
107000222,356,567,-211
107000224,749,136,613
107000225,427,233,194
107000226,690,108,582
107000227,114,145,-31
107000228,143,457,-314
107000229,75,127,-52
107000230,923,472,451
107000231,1076,2122,-1046
107000232,135,30,105
107000233,920,1144,-224
107000234,1,87,-86
107000235,125,16,109
107000236,17,506,-489
107000237,66,0,66
107000238,33,1,32
107000239,1779,522,1257
107000240,71,612,-541
107000241,111,15,96
107000242,313,28,285
107000243,0,54,-54
107000244,4,65,-61
107000246,2,905,-903
107000249,1,987,-986
107000251,1,321,-320
107000252,2,698,-696
107000255,211,216,-5
107000257,5,445,-440
107000258,4,164,-160
107000259,5,145,-140
107000260,1899,41,1858
107000262,8,354,-346
107000263,468,18,450
107000266,13,21,-8
107000267,74,93,-19
107000268,98,108,-10
107000269,176,8,168
107000270,102,47,55
107000271,1,76,-75
107000272,45,15,30
107000273,0,127,-127
107000274,1112,272,840
107000275,43,971,-928
107000280,1109,39,1070
107000281,53,437,-384
107000282,41,519,-478
107000290,5,26,-21
107000291,30,15,15
107000292,2,118,-116
107000293,78,3,75
107000294,0,46,-46
107000295,97,3,94
107000296,0,17,-17
107000444,281,3,278
107000496,9,9,0
107000497,1256,1618,-362
107000500,332,279,53
107000501,94,109,-15
107000502,186,192,-6
107000505,243,627,-384
107000506,5,9,-4
107000508,2,406,-404
107000509,205,620,-415
107000510,46,41,5
107000514,65,468,-403
107000515,19,97,-78
107000516,461,310,151
107000518,1324,2044,-720
107000519,960,624,336
107000520,139,76,63
107900001,93,101,-8
107900002,88,8,80
107900003,574,18,556
107900004,166,6,160
107900005,1793,2,1791
107900006,276,2,274
107900007,724,61,663
107900008,83,8,75
107900009,137,7,130
107900010,52,4,48
107900012,271,48,223
107900013,244,26,218
107900014,61,10,51
107900015,1405,21,1384
107900016,259,107,152
107900017,35,3,32
107900018,111,300,-189
107900019,27,18,9
107900020,110,19,91
107900021,139,53,86
107900023,8,9,-1
107900024,0,6,-6
107900025,211,203,8
107900026,75,24,51
107900027,28,65,-37
107900028,133,49,84
107900030,205,29,176
107900031,65,61,4
107900032,24,15,9
107900033,39,12,27
107900034,480,28,452
107900035,1255,70,1185
107900036,117,29,88
107900037,0,6,-6
107900038,87,345,-258
107900039,62,32,30
107900040,54,236,-182
107900041,4,1,3
107900043,62,99,-37
107900044,9,13,-4
107900045,175,70,105
107900046,219,222,-3
107900047,36,14,22
107900048,221,21,200
107900049,296,1244,-948
107900050,73,258,-185
107900051,145,30,115
107900052,40,33,7
107900053,74,63,11
107900055,879,369,510
107900056,140,74,66
107900057,2,0,2
107900058,18,493,-475
107900060,69,67,2
107900061,10,14,-4
107900063,73,135,-62
107900064,353,289,64
107900065,390,21,369
107900066,34,1,33
107900067,0,0,0
107900068,128,610,-482
107900069,24,2557,-2533
107900070,237,113,124
107900071,37,539,-502
107900072,147,97,50
107900073,270,56,214
107900074,475,333,142
107900076,148,54,94
107900077,89,3,86
107900078,281,69,212
107900079,27,34,-7
107900080,297,645,-348
107900081,103,85,18
107900082,12,13,-1
107900083,371,166,205
107900084,169,149,20
107900086,57,208,-151
107900087,462,223,239
107900088,87,11,76
107900089,213,809,-596
107900090,707,3419,-2712
107900091,160,241,-81
107900092,1356,382,974
107900093,97,52,45
107900095,2454,2504,-50
107900097,34,75,-41
107900098,84,195,-111
107900100,802,1657,-855
107900101,832,180,652
107900102,65,11,54
107900103,38,153,-115
107900104,199,8,191
107900105,0,235,-235
107900106,2,618,-616
107900107,1414,619,795
107900108,169,138,31
107900109,1912,41,1871
107900110,94,44,50
107900111,8,424,-416
107900112,107,465,-358
107900113,313,62,251
107900114,242,97,145
107900115,4,28,-24
107900116,281,83,198
107900117,314,270,44
107900118,45,125,-80
107900119,138,321,-183
107900120,45,40,5
107900121,2,186,-184
107900122,4,89,-85
107900123,6,81,-75
107900124,27,34,-7
107900125,10,223,-213
107900126,20,69,-49
107900127,455,417,38
107900128,120,77,43
107900129,136,26,110
107900130,133,23,110
107900131,429,561,-132
107900132,109,286,-177
107900133,2,59,-57
107900134,32,132,-100
107900135,9,102,-93
107900136,34,40,-6
107900137,232,121,111
107900138,130,45,85
107900139,49,52,-3
107900140,73,51,22
107900141,74,53,21
107900142,69,566,-497
107900143,52,13,39
107900144,4,114,-110
107900145,10,69,-59
107900146,75,202,-127
107900147,74,43,31
107900148,110,116,-6
107900149,695,233,462
107900150,67,429,-362
107900151,85,84,1
107900152,18,155,-137
107900153,123,489,-366
107900154,65,24,41
107900155,166,63,103
107900156,7,186,-179
107900157,77,54,23
107900158,1180,40,1140
107900159,33,610,-577
107900160,167,125,42
107900161,51,103,-52
107900162,0,138,-138
107900163,77,71,6
107900164,37,48,-11
107900165,50,197,-147
107900166,23,126,-103
107900167,16,58,-42
107900168,59,30,29
107900169,0,192,-192
107900171,5,655,-650
107900172,1,221,-220
107900173,28,86,-58
107900174,259,4,255
107900175,34,32,2
107900176,40,22,18
107900177,11,260,-249
107900178,0,105,-105
107900179,26,102,-76
107900180,360,873,-513
107900181,435,303,132
107900182,7,657,-650
107900183,96,141,-45
107900184,159,163,-4
107900185,157,2,155
107900186,54,43,11
107900187,2,88,-86
107900188,503,165,338
107900189,35,92,-57
107900190,46,189,-143
107900191,102,84,18
107900193,2,46,-44
107900194,272,16,256
107900195,1353,364,989
107900196,48,77,-29
107900197,450,506,-56
107900199,1,489,-488
107900201,137,87,50
107900203,47,74,-27
107900204,137,263,-126
107900205,253,342,-89
107900206,1185,350,835
107900207,3,303,-300
107900208,10,346,-336
107900209,267,107,160
107900210,56,94,-38
107900213,784,723,61
107900214,14,72,-58
107900215,150,370,-220
107900216,174,61,113
107900217,54,124,-70
107900218,21,1250,-1229
107900219,55,55,0
107900220,186,302,-116
107900221,188,154,34
107900223,144,351,-207
107900224,100,397,-297
107900225,3,499,-496
107900226,90,83,7
107900227,112,305,-193
107900228,34,99,-65
107900229,1,127,-126
107900230,24,46,-22
107900231,22,129,-107
107900232,108,74,34
107900233,7,101,-94
107900234,132,73,59
107900235,16,123,-107
107900236,197,36,161
107900237,41,253,-212
107900238,16,83,-67
107900239,512,584,-72
107900240,39,66,-27
107900241,14,51,-37
107900242,44,149,-105
107900243,7,37,-30
107900244,388,23,365
107900245,996,65,931
107900246,602,12,590
107900248,436,241,195
107900249,1244,87,1157
107900250,0,286,-286
107900251,45,772,-727
107900252,1199,36,1163
107900253,302,14,288
107900254,60,433,-373
107900255,241,90,151
107900256,1211,1319,-108
107900257,315,151,164
107900258,115,173,-58
107900259,94,3242,-3148
107900261,10,228,-218
107900262,41,109,-68
107900264,511,16,495
107900265,297,114,183
107900267,360,9,351
107900268,8,1,7
107900269,0,2,-2
107900270,0,0,0
107900271,0,13,-13
107900272,36,24,12
107900273,63,66,-3
107900274,109,1,108
107900275,42,2,40
107900276,0,69,-69
107900277,0,120,-120
107900278,378,274,104
107900279,65,147,-82
107900280,1910,2306,-396
107900281,755,3711,-2956
107900282,31,671,-640
107900283,623,715,-92
107900284,653,402,251
107900285,141,62,79
107900286,94,97,-3
107900287,360,214,146
107900290,2,254,-252
107900291,635,19,616
107900292,166,124,42
107900293,104,307,-203
107900295,56,22,34
107900297,3,275,-272
107900298,750,561,189
107900299,2416,2701,-285
107900300,108,280,-172
107900301,1223,775,448
107900302,105,55,50
107900303,315,205,110
107900304,485,331,154
107900305,386,7,379
107900306,15,31,-16
107900307,36,234,-198
107900308,186,176,10
107900309,86,1,85
107900310,484,6,478
107900311,9,658,-649
107900312,111,4,107
107900313,1,192,-191
107900314,0,44,-44
107900315,0,35,-35
107900316,49,7,42
107900317,111,24,87
107900318,5,122,-117
107900319,10,146,-136
107900320,1,103,-102
107900321,198,4,194
107900322,0,82,-82
107900323,5,108,-103
107900324,152,1,151
107900325,121,0,121
107900326,473,141,332
107900327,2,48,-46
107900328,68,3,65
107900329,74,130,-56
107900330,15,248,-233
107900331,317,16,301
107900332,336,14,322
107900333,80,13,67
107900334,15,133,-118
107900335,56,34,22
107900336,50,67,-17
107900337,673,999,-326
107900338,7,131,-124
107900339,1,25,-24
107900340,2,30,-28
107900341,78,0,78
107900342,134,102,32
107900343,43,6,37
107900344,14,110,-96
107900345,95,13,82
107900346,26,2,24
107900347,37,2,35
107900348,3,4,-1
107900349,29,10,19
107900350,17,199,-182
108000001,3259,3549,-290
108000002,1708,1843,-135
108000003,3584,3697,-113
108000004,10173,11575,-1402
108000005,7926,6532,1394
108000006,6224,5665,559
108000007,5474,4062,1412
108000008,3644,4795,-1151
108000009,4447,4870,-423
108000010,3132,3361,-229
108000011,12441,12674,-233
108000012,11814,11649,165
108000014,544,1092,-548
108000015,794,210,584
108000016,307,763,-456
108000017,1195,436,759
108000018,2056,648,1408
108000019,1721,943,778
108000020,1302,505,797
108000021,379,1330,-951
108000022,444,1073,-629
108000023,1296,304,992
108000024,315,348,-33
108000025,399,250,149
108000026,723,286,437
108000027,794,425,369
108000028,711,212,499
108000029,682,395,287
108000030,554,193,361
108000031,212,583,-371
108000032,1896,710,1186
108000033,915,775,140
108000034,2008,502,1506
108000035,753,1420,-667
108000036,330,725,-395
108000037,1865,492,1373
108000038,2980,611,2369
108000039,460,1407,-947
108000040,2322,1067,1255
108000041,701,1761,-1060
108000042,379,142,237
108000043,245,232,13
108000044,671,139,532
108000045,310,349,-39
108000046,1718,328,1390
108000047,509,682,-173
108000048,229,281,-52
108000049,1031,244,787
108000050,106,288,-182
108000051,384,144,240
108000052,202,486,-284
108000053,495,287,208
108000054,497,1018,-521
108000055,1219,653,566
108000056,787,1138,-351
108000057,731,1452,-721
108000058,1887,3862,-1975
108000059,2635,1617,1018
108000060,172,397,-225
108000061,145,227,-82
108000062,1064,691,373
108000063,573,421,152
108000064,269,269,0
108000065,541,435,106
108000066,1323,762,561
108000067,2107,722,1385
108000068,791,345,446
108000069,165,619,-454
108000070,2131,671,1460
108000071,573,1084,-511
108000072,1937,1125,812
108000073,1130,1261,-131
108000074,640,348,292
108000075,365,520,-155
108000076,876,562,314
108000077,542,485,57
108000078,2793,1230,1563
108000079,696,1021,-325
108000080,1639,456,1183
108000081,464,816,-352
108000082,791,1311,-520
108000083,2126,961,1165
108000084,455,867,-412
108000085,998,545,453
108000086,616,493,123
108000087,223,2431,-2208
108000088,204,11,193
108000089,420,343,77
108000090,600,172,428
108000091,431,351,80
108000092,274,86,188
108000093,230,312,-82
108000094,690,81,609
108000095,198,230,-32
108000096,489,156,333
108000097,144,326,-182
108000098,2167,1126,1041
108000099,237,67,170
108000100,107,167,-60
108000101,1964,1503,461
108000102,1624,3588,-1964
108000106,955,1,954
108000107,2,852,-850
108000108,663,70,593
108000109,13,734,-721
108000110,265,354,-89
108000111,197,508,-311
108000112,57,121,-64
108000113,416,186,230
108000115,265,337,-72
108000117,628,495,133
108000118,87,247,-160
108000119,442,238,204
108000120,152,828,-676
108000121,150,331,-181
108000122,701,331,370
108000123,1169,164,1005
108000124,633,453,180
108000125,531,215,316
108000126,188,250,-62
108000127,622,282,340
108000128,674,281,393
108000129,522,648,-126
108000130,696,301,395
108000131,986,617,369
108000132,1553,990,563
108000133,1126,549,577
108000134,449,395,54
108000135,1274,548,726
108000136,312,669,-357
108000137,595,221,374
108000138,542,697,-155
108000139,583,201,382
108000140,132,33,99
108000141,61,46,15
108000142,69,72,-3
108000143,62,14,48
108000144,38,6,32
108000145,60,16,44
108000146,115,14,101
108000147,43,9,34
108000148,118,12,106
108000149,23,19,4
108000150,51,13,38
108000151,18,10,8
108000152,95,307,-212
108000153,816,153,663
108000154,47,5,42
108000155,30,21,9
108000156,264,104,160
108000157,154,1243,-1089
108000158,71,889,-818
108000159,357,203,154
108000160,1811,1361,450
108000161,1845,3485,-1640
108000165,3,292,-289
108000172,4,306,-302
108000173,1079,2176,-1097
108000175,371,81,290
108000178,332,325,7
108000179,163,1034,-871
108000181,57,41,16
108000182,77,19,58
108000183,29,22,7
108000184,592,2583,-1991
108000185,318,305,13
108000186,212,54,158
108000187,161,306,-145
108000188,835,165,670
108000189,354,1607,-1253
108000190,42,92,-50
108000192,226,361,-135
108000193,484,40,444
108000194,29,9,20
108000195,0,748,-748
108000196,572,167,405
108000198,481,165,316
108000199,1,287,-286
108000200,663,295,368
108000202,1,400,-399
108000203,157,300,-143
108000204,203,73,130
108000205,208,278,-70
108000339,937,372,565
108000364,92,258,-166
108000365,46,280,-234
108000367,128,202,-74
108000368,10,72,-62
108000369,577,276,301
108000371,2,583,-581
108000372,628,4,624
108000373,230,102,128
108000376,153,48,105
108000377,542,147,395
108000378,8997,10920,-1923
108000379,24,183,-159
108000381,75,21,54
108000382,69,1,68
108000383,0,190,-190
108900001,61,605,-544
108900002,207,56,151
108900003,254,517,-263
108900004,107,496,-389
108900005,113,604,-491
108900006,733,198,535
108900007,484,240,244
108900008,186,125,61
108900009,137,139,-2
108900010,345,167,178
108900011,829,377,452
108900012,581,411,170
108900013,242,257,-15
108900014,22,79,-57
108900015,2,253,-251
108900016,1,216,-215
108900017,416,452,-36
108900018,225,319,-94
108900019,35,481,-446
108900020,52,149,-97
108900021,152,187,-35
108900022,95,13,82
108900023,6,40,-34
108900024,29,95,-66
108900025,117,75,42
108900026,25,112,-87
108900027,1,54,-53
108900028,105,163,-58
108900029,83,178,-95
108900030,0,55,-55
108900031,164,218,-54
108900032,8,141,-133
108900033,0,104,-104
108900034,1,96,-95
108900035,307,780,-473
108900036,203,235,-32
108900037,60,234,-174
108900038,0,246,-246
108900039,1,240,-239
108900040,7,69,-62
108900041,3999,3686,313
108900042,4,371,-367
108900043,75,452,-377
108900044,2,281,-279
108900045,122,316,-194
108900046,52,431,-379
108900047,0,46,-46
108900048,96,595,-499
108900049,1562,1937,-375
108900050,2,147,-145
108900051,0,98,-98
108900052,28,108,-80
108900053,66,273,-207
108900054,100,186,-86
108900055,61,390,-329
108900056,0,96,-96
108900057,1,116,-115
108900058,47,232,-185
108900059,624,60,564
108900060,143,170,-27
108900061,128,55,73
108900062,9,160,-151
108900063,31,179,-148
108900064,335,52,283
108900065,15,147,-132
108900066,562,161,401
108900067,41,133,-92
108900068,0,67,-67
108900069,78,42,36
108900070,40,85,-45
108900071,163,52,111
108900072,1999,647,1352
108900073,7,32,-25
108900074,336,199,137
108900075,42,49,-7
108900076,576,48,528
108900077,68,93,-25
108900078,58,107,-49
108900079,617,171,446
108900080,36,1021,-985
108900081,61,192,-131
108900082,161,75,86
108900083,29,295,-266
108900084,435,249,186
108900085,1332,201,1131
108900086,160,176,-16
108900087,84,153,-69
108900088,1095,438,657
108900089,52,172,-120
108900090,81,202,-121
108900091,87,41,46
108900092,595,279,316
108900093,167,99,68
108900094,240,86,154
108900095,125,245,-120
108900096,192,5,187
108900097,373,143,230
108900098,1421,1018,403
108900099,476,161,315
108900100,112,121,-9
108900101,234,297,-63
108900102,95,1246,-1151
108900103,107,167,-60
108900104,114,304,-190
108900105,6,1491,-1485
108900106,527,205,322
108900108,457,94,363
108900109,70,57,13
108900110,261,283,-22
108900111,491,346,145
108900112,337,27,310
108900113,36,74,-38
108900114,6,3,3
108900115,127,74,53
108900116,84,36,48
108900117,234,22,212
108900118,790,33,757
108900119,404,35,369
108900120,171,234,-63
108900121,391,182,209
108900122,202,18,184
108900123,192,178,14
108900124,548,189,359
108900125,642,8,634
108900126,172,64,108
108900127,228,25,203
108900128,171,49,122
108900129,877,177,700
108900130,484,7,477
108900131,387,13,374
108900132,781,207,574
108900133,333,82,251
108900134,404,176,228
108900135,215,18,197
108900136,57,4,53
108900137,231,3,228
108900138,834,72,762
108900139,777,116,661
108900140,403,176,227
108900141,491,14,477
108900142,133,10,123
108900143,127,3,124
108900144,167,1,166
108900145,299,13,286
108900146,91,0,91
108900147,205,1,204
108900148,130,49,81
108900149,398,250,148
108900150,277,11,266
108900151,195,32,163
108900152,204,97,107
108900153,341,202,139
108900154,5307,499,4808
108900155,290,68,222
108900156,121,8,113
108900157,25,285,-260
108900158,553,71,482
108900159,1,115,-114
108900160,15,169,-154
108900161,15,294,-279
108900162,164,1,163
108900163,4,280,-276
108900164,48,60,-12
108900165,163,65,98
108900167,1013,8239,-7226
108900168,4713,2928,1785
108900169,42,149,-107
108900171,4020,3696,324
108900172,231,67,164
108900173,214,315,-101
108900174,816,475,341
108900176,147,312,-165
108900177,3435,6149,-2714
108900178,2915,4017,-1102
108900179,588,2282,-1694
108900180,178,257,-79
108900182,31,390,-359
108900183,215,201,14
108900184,550,256,294
108900185,189,358,-169
108900186,129,383,-254
108900187,483,55,428
108900188,995,102,893
108900189,674,154,520
108900190,135,1606,-1471
108900191,209,50,159
108900192,114,204,-90
108900193,119,67,52
108900194,18,303,-285
108900195,67,154,-87
108900196,34,252,-218
108900198,21,282,-261
108900199,278,280,-2
108900200,753,395,358
108900201,604,1190,-586
108900203,578,109,469
108900204,452,23,429
108900205,227,49,178
108900206,552,92,460
108900207,257,150,107
108900208,35,270,-235
108900209,151,435,-284
108900210,258,217,41
108900211,183,565,-382
108900212,446,1414,-968
108900215,80,310,-230
108900216,306,333,-27
108900217,136,2,134
108900218,125,19,106
108900219,79,23,56
108900220,57,33,24
108900221,54,231,-177
108900222,370,18,352
108900223,13,100,-87
108900224,53,168,-115
108900225,0,190,-190
108900226,409,21,388
108900227,152,442,-290
108900230,175,226,-51
108900231,32,194,-162
108900232,3,185,-182
108900233,635,117,518
108900234,409,185,224
108900235,221,514,-293
108900236,71,397,-326
108900237,92,199,-107
108900240,171,124,47
108900241,73,38,35
108900245,21,1797,-1776
108900249,147,41,106
108900250,238,105,133
108900257,355,298,57
108900258,15,170,-155
108900259,82,55,27
108900260,11,59,-48
108900261,69,93,-24
108900262,102,134,-32
108900263,53,125,-72
108900264,371,266,105
108900265,814,509,305
108900266,488,908,-420
108900267,5,154,-149
108900268,15,29,-14
108900269,117,16,101
108900270,107,15,92
108900271,98,31,67
108900272,262,16,246
108900273,512,836,-324
108900274,56,36,20
109000001,2251,1713,538
109000002,936,1815,-879
109000003,2871,356,2515
109000004,565,1672,-1107
109000005,2621,590,2031
109000006,695,1700,-1005
109000007,1861,556,1305
109000008,669,1512,-843
109000009,3581,1316,2265
109000010,1045,3049,-2004
109000011,3870,2319,1551
109000012,1857,2336,-479
109000013,4600,3667,933
109000014,2313,2211,102
109000015,3971,8659,-4688
109000016,4811,2526,2285
109000017,2784,1239,1545
109000018,906,1963,-1057
109000019,2631,1368,1263
109000020,911,1512,-601
109000023,269,25,244
109000024,17,169,-152
109000025,337,571,-234
109000026,484,374,110
109000027,147,387,-240
109000028,126,80,46
109000029,125,299,-174
109000030,67,493,-426
109000031,228,195,33
109000032,137,416,-279
109000033,349,187,162
109000034,85,51,34
109000035,18,87,-69
109000036,152,316,-164
109000037,322,2077,-1755
109000038,548,387,161
109000039,1284,1058,226
109000040,3495,11896,-8401
109000041,1828,1978,-150
109000042,468,1428,-960
109000044,457,44,413
109000045,141,264,-123
109000046,387,75,312
109000047,69,390,-321
109000048,842,262,580
109000049,270,475,-205
109000050,449,286,163
109000051,274,203,71
109000052,604,653,-49
109000053,253,135,118
109000054,819,366,453
109000055,455,380,75
109000056,437,335,102
109000057,1040,506,534
109000058,756,254,502
109000059,579,1490,-911
109000060,343,286,57
109000061,589,1356,-767
109000062,138,394,-256
109000063,261,190,71
109000064,402,174,228
109000065,226,146,80
109000066,473,83,390
109000067,78,251,-173
109000068,1254,14,1240
109000069,728,22,706
109000070,15,1544,-1529
109000071,434,100,334
109000072,113,342,-229
109000073,86,75,11
109000074,24,164,-140
109000075,75,284,-209
109000076,100,287,-187
109000077,297,206,91
109000078,108,173,-65
109000079,115,95,20
109000080,244,93,151
109000081,147,251,-104
109000082,779,159,620
109000083,302,413,-111
109000088,130,422,-292
109000089,310,83,227
109000090,119,349,-230
109000091,455,257,198
109000092,315,354,-39
109000093,305,243,62
109000094,826,2,824
109000095,112,333,-221
109000096,795,247,548
109000097,116,120,-4
109000098,49,158,-109
109000099,953,280,673
109000100,253,533,-280
109000101,2051,565,1486
109000102,493,663,-170
109000103,582,529,53
109000104,2138,481,1657
109000105,472,882,-410
109000106,2177,714,1463
109000107,627,1326,-699
109000108,2164,662,1502
109000109,506,1187,-681
109000110,1282,664,618
109000111,711,1591,-880
109000112,430,124,306
109000113,412,173,239
109000114,199,267,-68
109000115,1023,28,995
109000116,12,259,-247
109000117,316,55,261
109000118,11,272,-261
109000119,1646,142,1504
109000120,216,560,-344
109000121,680,32,648
109000122,174,462,-288
109000123,26,34,-8
109000124,739,372,367
109000125,1081,262,819
109000126,493,575,-82
109000127,1243,195,1048
109000128,602,789,-187
109000129,3011,894,2117
109000130,574,1013,-439
109000131,1040,745,295
109000132,774,1295,-521
109000133,306,678,-372
109000134,717,1124,-407
109000135,842,1390,-548
109000136,250,247,3
109000137,367,373,-6
109000138,544,206,338
109000139,613,366,247
109000140,375,261,114
109000141,644,390,254
109000142,153,482,-329
109000143,150,81,69
109000145,119,225,-106
109000146,44,141,-97
109000148,2198,2707,-509
109000149,26,71,-45
109000150,86,274,-188
109000155,975,650,325
109000156,932,519,413
109000158,195,286,-91
109000159,136,424,-288
109000160,1145,236,909
109000161,353,708,-355
109000162,2179,630,1549
109000163,1289,1291,-2
109000164,1309,1944,-635
109000165,1415,462,953
109000166,911,111,800
109000167,135,376,-241
109000170,40,33,7
109000171,63,65,-2
109000172,59,62,-3
109000173,34,85,-51
109000174,125,47,78
109000175,43,49,-6
109000176,283,153,130
109000177,41,88,-47
109000178,458,103,355
109000179,3253,5731,-2478
109000180,4035,4102,-67
109000181,48,18,30
109000182,49,13,36
109000183,34,23,11
109000184,35,19,16
109000185,21,25,-4
109000188,669,1198,-529
109000189,3524,810,2714
109000190,828,363,465
109000191,394,341,53
109000192,499,221,278
109000193,198,184,14
109000194,316,133,183
109000195,166,206,-40
109000196,352,116,236
109000197,223,265,-42
109000198,417,81,336
109000199,121,403,-282
109000206,269,34,235
109000207,154,38,116
109000208,147,105,42
109000209,168,91,77
109000210,190,476,-286
109000211,750,507,243
109000214,524,215,309
109000215,150,63,87
109000216,295,305,-10
109000217,308,164,144
109000218,593,257,336
109000221,485,828,-343
109000222,1032,261,771
109000223,485,384,101
109000224,36,57,-21
109000225,95,29,66
109000226,60,129,-69
109000227,1395,705,690
109000228,2,1642,-1640
109000231,2,253,-251
109000232,486,227,259
109000236,281,638,-357
109000241,2182,1581,601
109000242,1908,1013,895
109000293,42,78,-36
109000361,94,163,-69
109000364,162,454,-292
109000396,6,371,-365
109000397,825,17,808
109000399,141,292,-151
109000400,122,123,-1
109000403,86,1047,-961
109000406,345,2,343
109000407,279,138,141
109000408,0,259,-259
109000410,1065,172,893
109000411,180,15,165
109900001,144,1,143
109900002,1266,29,1237
109900003,364,1,363
109900004,704,95,609
109900005,33,3,30
109900006,595,144,451
109900007,1029,271,758
109900008,0,34,-34
109900009,156,330,-174
109900010,636,27,609
109900011,120,52,68
109900012,334,201,133
109900013,433,212,221
109900014,494,65,429
109900015,470,225,245
109900016,163,33,130
109900017,202,227,-25
109900018,226,34,192
109900019,348,42,306
109900020,57,53,4
109900021,37,32,5
109900022,96,205,-109
109900023,23,13,10
109900024,33,7,26
109900025,24,32,-8
109900026,14,176,-162
109900027,33,23,10
109900028,711,1153,-442
109900029,3,214,-211
109900030,51,10,41
109900031,5,329,-324
109900032,17,351,-334
109900033,2,473,-471
109900034,68,7,61
109900035,19,38,-19
109900036,22,45,-23
109900037,31,366,-335
109900038,111,222,-111
109900039,19,1,18
109900040,37,322,-285
109900041,62,272,-210
109900042,70,572,-502
109900044,234,160,74
109900045,158,135,23
109900046,33,64,-31
109900047,296,286,10
109900048,9,78,-69
109900049,25,49,-24
109900050,0,73,-73
109900051,3,31,-28
109900052,80,295,-215
109900053,3,146,-143
109900054,1056,191,865
109900055,98,214,-116
109900056,31,277,-246
109900057,2,90,-88
109900058,1,51,-50
109900059,1093,141,952
109900060,625,128,497
109900061,43,263,-220
109900062,0,102,-102
109900063,7,458,-451
109900064,629,180,449
109900065,72,130,-58
109900066,323,510,-187
109900067,0,109,-109
109900068,91,15,76
109900069,3,42,-39
109900070,47,263,-216
109900071,3,17,-14
109900072,19,131,-112
109900073,602,383,219
109900074,14,37,-23
109900075,89,42,47
109900076,10,123,-113
109900077,37,57,-20
109900078,99,180,-81
109900080,135,226,-91
109900081,34,226,-192
109900082,84,296,-212
109900083,24,55,-31
109900084,62,109,-47
109900085,245,525,-280
109900086,154,563,-409
109900087,258,491,-233
109900089,773,225,548
109900090,547,905,-358
109900091,518,102,416
109900092,572,25,547
109900093,1097,213,884
109900094,104,124,-20
109900095,190,208,-18
109900096,56,7,49
109900097,122,8,114
109900098,559,62,497
109900099,269,1,268
109900100,35,0,35
109900101,726,17,709
109900102,569,24,545
109900103,33,42,-9
109900104,823,336,487
109900105,573,19,554
109900106,409,39,370
109900107,676,83,593
109900108,114,223,-109
109900109,63,208,-145
109900110,83,268,-185
109900111,352,656,-304
109900112,248,377,-129
109900113,1049,658,391
109900114,1490,1245,245
109900115,200,91,109
109900117,1302,113,1189
109900118,172,326,-154
109900119,614,284,330
109900120,120,44,76
109900121,399,536,-137
109900122,526,24,502
109900123,26,161,-135
109900124,62,344,-282
109900125,4,190,-186
109900126,458,81,377
109900128,431,43,388
109900130,4305,3251,1054
109900131,51,176,-125
109900132,52,138,-86
109900133,74,215,-141
109900134,96,101,-5
109900135,358,74,284
109900136,65,122,-57
109900137,146,201,-55
109900138,508,256,252
109900140,183,140,43
109900142,1589,327,1262
109900145,3,633,-630
109900146,414,39,375
109900148,34,63,-29
109900149,45,56,-11
109900150,20,65,-45
109900151,19,37,-18
109900152,0,33,-33
109900153,2,52,-50
109900154,94,0,94
109900155,77,19,58
109900157,66,196,-130
109900158,48,137,-89
109900159,153,35,118
109900160,172,69,103
109900161,268,85,183
109900162,184,135,49
109900163,700,295,405
109900164,92,208,-116
109900165,412,4,408
109900166,11,118,-107
109900167,177,360,-183
109900168,253,534,-281
109900169,282,117,165
109900170,249,1095,-846
109900171,280,75,205
109900172,270,279,-9
109900173,1692,2522,-830
109900174,61,97,-36
109900175,118,96,22
109900176,125,145,-20
109900177,68,180,-112
109900178,35,156,-121
109900179,155,17,138
109900180,6,12,-6
110000001,832,429,403
110000002,702,775,-73
110000003,763,681,82
110000004,513,694,-181
110000005,307,1969,-1662
110000006,231,310,-79
110000007,99,97,2
110000008,20,70,-50
110000009,48,20,28
110000010,22,72,-50
110000011,30,61,-31
110000012,529,285,244
110000013,42,472,-430
110000014,387,349,38
110000015,229,589,-360
110000016,259,1564,-1305
110000017,2546,259,2287
110000018,1982,354,1628
110000019,9,45,-36
110000020,461,155,306
110000021,399,440,-41
110000022,1281,253,1028
110000023,13,91,-78
110000024,532,333,199
110000025,658,17,641
110000026,16,242,-226
110000027,1207,932,275
110000028,1115,653,462
110000029,399,430,-31
110000030,289,368,-79
110000031,286,295,-9
110000032,850,429,421
110000033,324,145,179
110000034,620,609,11
110000035,850,394,456
110000036,1041,666,375
110000037,220,373,-153
110000038,254,725,-471
110000039,760,3664,-2904
110000040,342,254,88
110000041,357,1777,-1420
110000042,77,434,-357
110000043,757,258,499
110000044,117,726,-609
110000045,820,118,702
110000046,3,35,-32
110000047,26,59,-33
110000048,9,47,-38
110000049,26,13,13
110000050,25,39,-14
110000051,58,5,53
110000052,17,24,-7
110000053,48,15,33
110000054,271,388,-117
110000055,528,92,436
110000056,87,122,-35
110000057,319,511,-192
110000058,1102,449,653
110000059,1023,474,549
110000060,1045,1059,-14
110000061,859,562,297
110000062,591,876,-285
110000063,59,210,-151
110000064,58,43,15
110000065,122,131,-9
110000066,97,39,58
110000067,121,120,1
110000068,335,64,271
110000069,474,89,385
110000071,280,78,202
110000073,20,22,-2
110000075,12,90,-78
110000076,340,501,-161
110000077,318,1408,-1090
110000078,56,49,7
110000080,255,483,-228
110000081,66,204,-138
110000082,24,339,-315
110000083,239,465,-226
110000084,1314,940,374
110000085,1061,1324,-263
110000086,1296,2470,-1174
110000087,22,51,-29
110000088,138,223,-85
110000089,332,95,237
110000090,220,198,22
110000091,737,154,583
110000092,18,51,-33
110000093,38,26,12
110000094,519,212,307
110000095,167,672,-505
110000096,1460,1863,-403
110000097,1068,1641,-573
110000098,1877,655,1222
110000099,679,1563,-884
110000100,1283,336,947
110000101,30,221,-191
110000102,76,21,55
110000104,456,143,313
110000105,58,261,-203
110000106,608,444,164
110000107,211,305,-94
110000108,123,142,-19
110000109,210,320,-110
110000110,2062,5648,-3586
110000111,4148,3484,664
110000112,760,1382,-622
110000113,228,2555,-2327
110000114,305,717,-412
110000115,443,318,125
110000116,60,76,-16
110000117,309,226,83
110000118,589,164,425
110000119,354,245,109
110000120,452,127,325
110000121,74,440,-366
110000122,449,516,-67
110000123,680,818,-138
110000124,2,869,-867
110000125,1005,2,1003
110000126,291,19,272
110000127,1216,62,1154
110000128,53,1055,-1002
110000129,1,403,-402
110000130,280,188,92
110000131,170,238,-68
110000132,1,550,-549
110000133,33,418,-385
110000134,16,303,-287
110000135,127,27,100
110000136,78,219,-141
110000137,647,509,138
110000138,923,483,440
110000139,1118,741,377
110000140,724,758,-34
110000143,534,400,134
110000144,4677,2003,2674
110000145,2097,1348,749
110000146,2729,1143,1586
110000147,642,719,-77
110000148,634,212,422
110000151,1185,1204,-19
110000152,892,469,423
110000153,209,26,183
110000154,60,42,18
110000155,1482,3897,-2415
110000156,1217,2557,-1340
110000157,2525,2468,57
110000160,338,247,91
110000161,173,207,-34
110000166,700,86,614
110000167,959,521,438
110000168,1129,527,602
110000169,907,321,586
110000170,179,63,116
110000171,663,135,528
110000172,234,715,-481
110000173,854,824,30
110000174,151,606,-455
110000175,800,51,749
110000176,312,344,-32
110000177,268,977,-709
110000178,419,1750,-1331
110000179,798,307,491
110000180,239,235,4
110000181,607,503,104
110000182,237,105,132
110000183,6073,7857,-1784
110000184,288,2596,-2308
110000185,802,626,176
110000186,694,732,-38
110000191,1374,228,1146
110000192,799,16,783
110000193,1337,13,1324
110000194,15,562,-547
110000195,545,230,315
110000196,419,200,219
110000197,145,112,33
110000198,162,43,119
110000199,126,125,1
110000200,1115,318,797
110000201,1365,1166,199
110000202,1528,582,946
110000203,658,440,218
110000204,2,127,-125
110000205,253,57,196
110000206,551,804,-253
110000207,1614,287,1327
110000208,216,247,-31
110000209,94,637,-543
110000210,1501,409,1092
110000211,754,524,230
110000212,529,1128,-599
110000213,331,81,250
110000214,374,86,288
110000215,177,266,-89
110000216,171,223,-52
110000217,504,126,378
110000218,178,201,-23
110000219,460,47,413
110000220,71,143,-72
110000221,396,36,360
110000222,68,156,-88
110000223,5,134,-129
110000224,38,15,23
110000225,302,761,-459
110000226,302,63,239
110000227,918,1151,-233
110000228,235,141,94
110000229,1,148,-147
110000230,488,431,57
110000231,157,208,-51
110000232,462,152,310
110000233,369,188,181
110000234,526,881,-355
110000235,794,928,-134
110000236,745,451,294
110000237,1857,1109,748
110000238,1369,1167,202
110000239,2011,961,1050
110000240,1,39,-38
110000242,0,23,-23
110000243,134,99,35
110000244,188,288,-100
110000245,42,249,-207
110000246,1158,494,664
110000247,1147,2911,-1764
110000248,1853,1149,704
110000249,79,11,68
110000250,62,117,-55
110000251,485,302,183
110000252,369,149,220
110000253,1646,555,1091
110000254,591,844,-253
110000255,279,740,-461
110000256,509,309,200
110000257,630,316,314
110000258,6,355,-349
110000259,195,24,171
110000260,58,140,-82
110000263,697,78,619
110000264,420,272,148
110000265,1128,1962,-834
110000266,1769,2921,-1152
110000267,47,185,-138
110000268,370,519,-149
110000269,6,90,-84
110000270,93,9,84
110000271,979,254,725
110000272,1176,1002,174
110000273,2543,1685,858
110000274,212,1821,-1609
110000275,1541,634,907
110000276,368,425,-57
110000277,351,302,49
110000278,481,568,-87
110000279,797,762,35
110000280,619,373,246
110000281,63,421,-358
110000282,236,21,215
110000283,46,176,-130
110000284,27,43,-16
110000285,4,828,-824
110000286,10,0,10
110000287,76,4,72
110000288,4,112,-108
110000289,517,2180,-1663
110000290,680,659,21
110000291,3061,1198,1863
110000292,1321,5290,-3969
110000293,725,543,182
110000294,1439,1171,268
110000295,225,605,-380
110000296,682,334,348
110000297,2706,320,2386
110000298,86,339,-253
110000299,151,87,64
110000301,453,31,422
110000302,342,609,-267
110000303,659,5,654
110000304,97,158,-61
110000305,1567,24,1543
110000306,165,949,-784
110000307,1929,11,1918
110000308,602,6,596
110000309,8,598,-590
110000310,840,59,781
110000311,10,553,-543
110000312,466,101,365
110000313,2528,2100,428
110000314,1,174,-173
110000315,2652,2865,-213
110000316,496,1241,-745
110000317,365,585,-220
110000318,6,48,-42
110000319,23,28,-5
110000320,80,34,46
110000321,88,50,38
110000322,308,277,31
110000323,725,148,577
110000324,2416,1558,858
110000325,2363,3519,-1156
110000327,563,312,251
110000328,143,349,-206
110000333,1306,881,425
110000334,861,1060,-199
110000335,1025,476,549
110000336,1041,781,260
110000337,2257,591,1666
110000338,511,194,317
110000339,426,236,190
110000340,98,156,-58
110000341,579,395,184
110000342,332,2,330
110000343,0,18,-18
110000344,623,150,473
110000345,481,184,297
110000346,2010,1812,198
110000347,1251,714,537
110000348,12,23,-11
110000349,6,22,-16
110000350,67,10,57
110000351,1176,736,440
110000352,709,1317,-608
110000353,2023,524,1499
110000354,990,2993,-2003
110000355,155,90,65
110000356,719,10,709
110000357,622,20,602
110000361,65,40,25
110000362,104,36,68
110000363,580,100,480
110000364,360,246,114
110000365,226,1,225
110000366,0,65,-65
110000367,508,142,366
110000368,7,58,-51
110000369,99,5,94
110000373,7,202,-195
110000374,244,21,223
110000375,108,1033,-925
110000376,22,55,-33
110000377,75,433,-358
110000378,14,423,-409
110000379,2028,2022,6
110000380,76,10,66
110000383,2,1362,-1360
110000384,1257,1056,201
110000385,0,212,-212
110000387,113,1,112
110000388,44,163,-119
110000389,863,10,853
110000391,948,159,789
110000396,201,92,109
110000397,139,90,49
110000398,7,31,-24
110000399,169,1,168
110000587,209,96,113
110000589,239,144,95
110000640,172,56,116
110000652,18,238,-220
110000653,329,349,-20
110000654,47,441,-394
110000656,2,267,-265
110000674,22,33,-11
110000675,35,18,17
110000676,8,57,-49
110000679,158,1345,-1187
110000682,115,237,-122
110000683,282,570,-288
110000684,7,25,-18
110000685,8,17,-9
110000686,6,34,-28
110000687,32,8,24
110000688,40,1286,-1246
110000689,42,38,4
110000692,44,140,-96
110000693,124,242,-118
110000694,1,145,-144
110000695,325,529,-204
110000696,64,62,2
110900001,219,9,210
110900002,539,254,285
110900003,946,274,672
110900004,615,109,506
110900005,1850,2787,-937
110900006,49,19,30
110900007,215,44,171
110900008,8,21,-13
110900009,497,208,289
110900010,17,49,-32
110900011,30,75,-45
110900012,50,85,-35
110900013,1297,140,1157
110900014,355,21,334
110900015,387,784,-397
110900016,107,86,21
110900017,621,49,572
110900018,524,59,465
110900019,342,29,313
110900020,191,161,30
110900021,85,357,-272
110900022,122,203,-81
110900023,118,386,-268
110900024,24,187,-163
110900025,9,35,-26
110900027,71,182,-111
110900028,60,111,-51
110900029,17,186,-169
110900030,58,170,-112
110900031,1,136,-135
110900032,0,49,-49
110900033,48,173,-125
110900035,31,502,-471
110900036,144,20,124
110900037,72,20,52
110900038,700,183,517
110900039,22,243,-221
110900040,297,46,251
110900041,20,47,-27
110900042,148,53,95
110900043,1,48,-47
110900044,240,25,215
110900045,52,281,-229
110900046,29,118,-89
110900047,301,404,-103
110900049,139,125,14
110900050,43,8,35
110900051,36,149,-113
110900052,3,119,-116
110900053,130,27,103
110900054,73,138,-65
110900055,39,7,32
110900056,47,105,-58
110900057,3,87,-84
110900058,327,165,162
110900059,530,338,192
110900060,510,138,372
110900061,12,69,-57
110900062,203,179,24
110900063,54,177,-123
110900064,20,1,19
110900065,203,131,72
110900066,21,87,-66
110900067,250,583,-333
110900068,198,195,3
110900069,9,29,-20
110900070,79,50,29
110900071,192,928,-736
110900073,0,16,-16
110900074,498,111,387
110900075,491,78,413
110900077,1110,582,528
110900078,72,40,32
110900079,1614,1589,25
110900080,234,72,162
110900081,24,29,-5
110900082,187,85,102
110900083,174,58,116
110900084,103,65,38
110900085,60,249,-189
110900086,75,446,-371
110900087,451,81,370
110900088,11,3,8
110900090,69,68,1
110900091,1,46,-45
110900093,296,126,170
110900095,56,50,6
110900097,32,10,22
110900098,24,68,-44
110900099,60,289,-229
110900100,0,13,-13
110900102,91,21,70
110900105,832,191,641
110900108,34,19,15
110900111,467,232,235
110900112,963,12,951
110900113,315,50,265
110900115,10,41,-31
110900116,933,999,-66
110900118,76,3944,-3868
110900119,1965,225,1740
110900120,25,71,-46
110900121,212,2,210
110900122,530,193,337
110900125,414,442,-28
110900127,656,1435,-779
110900128,286,306,-20
110900129,324,1009,-685
110900130,689,626,63
110900131,484,53,431
110900132,540,132,408
110900133,300,128,172
110900135,74,232,-158
110900136,456,27,429
110900137,45,3,42
110900138,753,517,236
110900139,14,117,-103
110900140,37,6,31
110900141,3,156,-153
110900142,82,127,-45
110900143,213,105,108
110900144,3,395,-392
110900145,223,87,136
110900146,210,251,-41
110900147,76,238,-162
110900148,7,210,-203
110900149,5,60,-55
110900150,115,16,99
110900151,18,62,-44
110900152,49,152,-103
110900153,203,72,131
111000001,408,250,158
111000002,292,449,-157
111000003,1155,641,514
111000004,444,680,-236
111000005,1252,1207,45
111000006,865,1527,-662
111000007,4342,3124,1218
111000008,1582,2861,-1279
111000009,342,844,-502
111000010,1072,285,787
111000011,312,958,-646
111000012,525,491,34
111000013,386,1019,-633
111000014,1501,487,1014
111000017,116,1018,-902
111000018,212,309,-97
111000020,873,1693,-820
111000021,71,97,-26
111000023,94,108,-14
111000025,3799,4443,-644
111000029,119,105,14
111000030,49,117,-68
111000031,2118,1328,790
111000032,717,400,317
111000033,289,290,-1
111000034,67,305,-238
111000037,1122,567,555
111000038,3123,2066,1057
111000039,1841,1813,28
111000040,1834,1813,21
111000041,1286,1177,109
111000042,2062,1974,88
111000043,2053,3992,-1939
111000044,2047,1344,703
111000045,2902,2719,183
111000046,2046,1803,243
111000047,2888,4784,-1896
111000049,500,535,-35
111000050,1025,982,43
111000051,540,875,-335
111000052,707,1252,-545
111000053,406,736,-330
111000054,390,688,-298
111000055,988,1279,-291
111000056,255,320,-65
111000057,126,330,-204
111000058,476,55,421
111000059,1132,258,874
111000060,5062,801,4261
111000061,708,315,393
111000062,1081,373,708
111000063,2304,1165,1139
111000064,887,617,270
111000065,1341,1065,276
111000066,550,484,66
111000067,777,394,383
111000068,671,721,-50
111000069,1747,1911,-164
111000070,792,762,30
111000071,153,420,-267
111000072,1365,448,917
111000073,335,906,-571
111000074,1525,1540,-15
111000075,970,477,493
111000076,499,482,17
111000077,1735,1552,183
111000078,3142,1280,1862
111000079,1167,659,508
111000080,484,559,-75
111000081,1502,4144,-2642
111000082,719,471,248
111000084,851,471,380
111000085,799,831,-32
111000086,1991,734,1257
111000087,699,381,318
111000088,3914,2695,1219
111000089,772,791,-19
111000090,753,1416,-663
111000091,797,330,467
111000092,1644,691,953
111000093,1049,1130,-81
111000094,2050,930,1120
111000095,685,2228,-1543
111000096,1365,8125,-6760
111000097,3537,1217,2320
111000098,667,878,-211
111000099,546,1218,-672
111000100,408,918,-510
111000101,380,556,-176
111000102,423,515,-92
111000104,786,160,626
111000107,171,808,-637
111000109,1269,261,1008
111000110,1664,681,983
111000111,3065,488,2577
111000112,2245,598,1647
111000113,832,1663,-831
111000114,1589,3681,-2092
111000115,4132,1273,2859
111000116,1015,850,165
111000117,338,896,-558
111000118,1497,716,781
111000119,1448,778,670
111000120,540,583,-43
111000121,332,729,-397
111000122,535,1076,-541
111000123,996,1792,-796
111000124,472,1646,-1174
111000125,258,768,-510
111000126,122,557,-435
111000127,1161,112,1049
111000128,2431,275,2156
111000129,3287,510,2777
111000130,2679,634,2045
111000131,2357,623,1734
111000132,2106,1127,979
111000133,205,137,68
111000134,147,87,60
111000135,62,178,-116
111000136,415,268,147
111000138,21,2,19
111000140,0,1,-1
111000141,195,396,-201
111000142,33,201,-168
111000143,6,278,-272
111000144,38,1221,-1183
111000145,316,17,299
111000146,90,12,78
111000147,132,27,105
111000148,148,80,68
111000149,2,17,-15
111000150,22,3,19
111000151,4,15,-11
111000153,558,814,-256
111000154,505,265,240
111000155,122,219,-97
111000156,500,741,-241
111000157,252,1132,-880
111000158,779,790,-11
111000159,2764,838,1926
111000160,609,346,263
111000161,6,346,-340
111000162,28,92,-64
111000163,746,639,107
111000164,576,2445,-1869
111000165,774,438,336
111000166,1167,311,856
111000167,151,354,-203
111000168,215,391,-176
111000169,298,558,-260
111000170,377,359,18
111000171,392,481,-89
111000172,179,273,-94
111000173,392,483,-91
111000174,229,204,25
111000175,34,258,-224
111000176,522,108,414
111000177,521,135,386
111000178,1785,214,1571
111000179,277,141,136
111000180,335,468,-133
111000181,1750,182,1568
111000182,282,158,124
111000183,420,257,163
111000184,388,188,200
111000185,367,292,75
111000186,424,199,225
111000187,165,161,4
111000188,333,318,15
111000189,683,472,211
111000190,200,200,0
111000191,165,199,-34
111000192,217,304,-87
111000193,294,264,30
111000194,56,218,-162
111000195,209,207,2
111000196,92,122,-30
111000197,473,85,388
111000198,732,69,663
111000199,258,104,154
111000200,543,222,321
111000201,827,199,628
111000202,368,168,200
111000203,423,323,100
111000204,352,1331,-979
111000213,238,473,-235
111000214,1432,1077,355
111000215,1001,1023,-22
111000217,1660,871,789
111000218,1471,1132,339
111000219,345,214,131
111000220,942,626,316
111000221,454,114,340
111000224,6,191,-185
111000225,249,72,177
111000226,97,0,97
111000227,29,2,27
111000228,39,597,-558
111000229,67,1221,-1154
111000230,167,222,-55
111000231,1075,454,621
111000232,754,723,31
111000233,1421,593,828
111000234,184,466,-282
111000239,89,135,-46
111000240,54,268,-214
111000241,46,224,-178
111000242,297,97,200
111000243,200,370,-170
111000244,767,80,687
111000245,1488,202,1286
111000246,715,186,529
111000247,471,610,-139
111000248,825,395,430
111000249,456,445,11
111000250,92,96,-4
111000251,49,93,-44
111000253,10,16,-6
111000255,45,8,37
111000257,48,11,37
111000260,84,1027,-943
111000261,1682,124,1558
111000271,51,248,-197
111000273,2420,972,1448
111000274,1308,2387,-1079
111000275,137,44,93
111000276,278,1085,-807
111000277,156,327,-171
111000278,667,283,384
111000291,838,7840,-7002
111000298,592,198,394
111000299,791,220,571
111000300,125,396,-271
111000302,420,77,343
111000303,78,136,-58
111000312,76,80,-4
111000315,0,55,-55
111000320,255,525,-270
111000321,474,138,336
111000322,393,319,74
111000323,336,22,314
111000324,368,207,161
111000325,65,54,11
111000326,260,209,51
111000327,511,211,300
111000328,336,493,-157
111000329,1,17,-16
111000330,64,10,54
111000331,16,2,14
111000332,624,1220,-596
111000334,351,922,-571
111000335,1106,209,897
111000337,1644,292,1352
111000338,85,96,-11
111000339,875,204,671
111000340,162,373,-211
111000341,1212,644,568
111000342,168,1549,-1381
111000344,1252,647,605
111000345,165,118,47
111000346,23,221,-198
111000347,179,3,176
111000350,144,103,41
111000351,124,299,-175
111000352,254,103,151
111000353,210,196,14
111000354,670,132,538
111000355,361,486,-125
111000358,205,588,-383
111000360,220,369,-149
111000361,168,131,37
111000546,1457,447,1010
111000547,605,314,291
111000548,202,304,-102
111000549,374,192,182
111000550,51,1109,-1058
111000551,705,167,538
111000552,985,202,783
111000907,383,69,314
111000908,40,2,38
111000916,2189,219,1970
111000917,61,300,-239
111000918,260,399,-139
111000920,557,11,546
111000921,4,109,-105
111000922,773,182,591
111000924,53,446,-393
111000925,3008,1874,1134
111000926,927,1015,-88
111000927,2583,4212,-1629
111000928,3581,2180,1401
111000929,2151,1241,910
111000930,962,1565,-603
111000931,2376,2694,-318
111000932,3223,1570,1653
111000933,3242,2674,568
111000934,1596,2579,-983
111000935,1865,1022,843
111000936,1138,1453,-315
111000937,1247,1366,-119
111000938,1173,1019,154
111000939,759,35,724
111000940,716,77,639
111000941,604,270,334
111000943,662,287,375
111000944,155,213,-58
111000945,89,971,-882
111001109,645,657,-12
111001110,165,401,-236
111001111,91,3,88
111001112,89,10,79
111001113,5,127,-122
111001114,642,143,499
111001115,32,679,-647
111001116,3094,4430,-1336
111001117,420,2589,-2169
111001120,129,141,-12
111001121,181,129,52
111001122,289,210,79
111001123,252,36,216
111900001,18,72,-54
111900002,32,489,-457
111900003,2,229,-227
111900004,22,107,-85
111900006,28,62,-34
111900007,190,7,183
111900008,353,1,352
111900009,352,126,226
111900010,293,366,-73
111900012,53,90,-37
111900013,46,61,-15
111900014,2880,5209,-2329
111900015,0,42,-42
111900016,0,47,-47
111900017,2,75,-73
111900018,166,2,164
111900019,8,147,-139
111900020,5,40,-35
111900021,41,83,-42
111900022,9,45,-36
111900023,65,71,-6
111900024,0,55,-55
111900025,0,31,-31
111900026,0,49,-49
111900027,4,80,-76
111900028,2,165,-163
111900029,3,44,-41
111900030,16,295,-279
111900031,2,33,-31
111900032,4,172,-168
111900033,7,64,-57
111900034,149,331,-182
111900035,113,174,-61
111900036,0,148,-148
111900038,208,449,-241
111900039,43,303,-260
111900040,0,246,-246
111900042,31,86,-55
111900043,3,190,-187
111900044,260,177,83
111900046,28,109,-81
111900048,324,335,-11
111900049,31,178,-147
111900050,187,52,135
111900051,4,151,-147
111900052,257,294,-37
111900053,533,2405,-1872
111900054,227,8,219
111900055,11,207,-196
111900056,180,455,-275
111900057,187,24,163
111900058,655,306,349
111900059,1290,812,478
111900060,533,4,529
111900061,6,101,-95
111900062,96,111,-15
111900063,362,287,75
111900064,68,138,-70
111900065,185,44,141
111900066,190,181,9
111900067,5,326,-321
111900068,61,48,13
111900069,118,30,88
111900070,183,108,75
111900071,1,158,-157
111900072,51,11,40
111900073,1261,227,1034
111900074,27,149,-122
111900075,63,6,57
111900076,239,88,151
111900077,36,3,33
111900078,483,41,442
111900079,70,58,12
111900080,207,316,-109
111900081,655,284,371
111900082,235,48,187
111900083,219,31,188
111900084,178,8,170
111900085,78,206,-128
111900086,79,10,69
111900087,87,2,85
111900088,656,15,641
111900089,149,3,146
111900090,55,86,-31
111900091,393,4,389
111900092,128,1,127
111900093,558,10,548
111900094,196,1,195
111900095,413,53,360
111900096,245,2,243
111900097,71,0,71
111900098,423,5,418
111900099,98,0,98
111900100,278,9,269
111900101,177,35,142
111900102,992,312,680
111900103,82,101,-19
111900104,182,81,101
111900105,329,306,23
111900106,875,43,832
111900107,110,165,-55
111900108,139,249,-110
111900109,431,543,-112
111900110,1181,439,742
111900111,219,88,131
111900112,450,3985,-3535
111900113,213,130,83
111900114,113,112,1
111900115,7,15,-8
111900118,390,123,267
111900119,368,223,145
111900122,125,111,14
111900123,27,43,-16
111900124,32,57,-25
111900125,736,65,671
111900126,350,5,345
111900127,1,356,-355
111900128,3,330,-327
111900129,365,19,346
111900130,347,57,290
111900131,680,5,675
111900132,19,635,-616
111900133,3,232,-229
111900134,16,165,-149
111900135,26,56,-30
111900136,70,146,-76
111900137,54,39,15
111900138,25,36,-11
111900139,17,49,-32
111900140,143,33,110
111900141,100,8,92
111900142,120,23,97
111900143,107,163,-56
111900144,1,68,-67
111900145,2,313,-311
111900146,0,135,-135
111900147,134,257,-123
111900148,17,392,-375
111900149,7,194,-187
111900150,8,115,-107
111900151,7,24,-17
111900152,105,97,8
111900153,885,898,-13
111900154,23,408,-385
111900155,82,137,-55
111900156,81,114,-33
111900157,194,31,163
111900158,689,132,557
111900159,373,39,334
111900160,564,2,562
111900161,309,5,304
111900162,152,195,-43
111900163,40,167,-127
111900164,94,111,-17
111901113,699,91,608
111901114,445,182,263
111901115,113,13,100
111901116,65,6,59
111901117,57,70,-13
111901118,38,495,-457
111901119,416,85,331
111901120,88,107,-19
111901121,138,109,29
111901122,5,301,-296
111901123,321,222,99
111901124,301,9,292
111901125,525,175,350
111901126,202,127,75
111901127,303,779,-476
111901128,11,44,-33
111901129,1,98,-97
111901130,8,105,-97
111901131,6,159,-153
111901132,100,29,71
111901133,73,5,68
111901134,136,3,133
111901135,44,13,31
111901136,38,69,-31
111901137,1,35,-34
111901138,212,40,172
111901139,60,27,33
111901140,9,72,-63
111901141,5,111,-106
111901142,2,71,-69
111901143,2,84,-82
111901144,73,66,7
111901145,70,272,-202
111901146,158,8,150
112000001,2143,709,1434
112000002,592,1793,-1201
112000003,2081,1078,1003
112000004,715,505,210
112000005,4118,3860,258
112000006,1663,1141,522
112000007,4315,2707,1608
112000008,2631,3957,-1326
112000009,2386,1929,457
112000010,3308,3893,-585
112000011,1281,1209,72
112000012,4314,5471,-1157
112000013,3092,3128,-36
112000014,2283,3160,-877
112000015,3430,3747,-317
112000016,4792,2331,2461
112000017,1797,3881,-2084
112000024,1810,765,1045
112000026,2316,2610,-294
112000027,897,672,225
112000028,757,1114,-357
112000029,819,924,-105
112000030,110,79,31
112000031,1666,5327,-3661
112000032,218,63,155
112000033,1848,2761,-913
112000034,263,49,214
112000035,100,537,-437
112000036,575,1269,-694
112000037,1531,943,588
112000038,1755,1281,474
112000039,108,58,50
112000040,45,192,-147
112000041,447,397,50
112000042,865,488,377
112000050,1344,1312,32
112000051,1365,1621,-256
112000054,1424,1249,175
112000057,566,360,206
112000058,254,587,-333
112000059,506,804,-298
112000061,2065,1543,522
112000062,1194,1182,12
112000063,768,2904,-2136
112000064,3035,4009,-974
112000065,1129,1782,-653
112000066,3712,1605,2107
112000067,545,578,-33
112000068,3382,2828,554
112000069,599,1529,-930
112000070,2695,1077,1618
112000071,1163,2025,-862
112000072,2971,957,2014
112000073,1580,1889,-309
112000074,1801,1182,619
112000075,1673,1331,342
112000076,3464,2137,1327
112000077,1041,402,639
112000078,2038,703,1335
112000079,1545,1361,184
112000080,843,730,113
112000081,1218,2169,-951
112000082,1439,694,745
112000083,576,933,-357
112000084,1508,661,847
112000085,1161,700,461
112000086,1640,828,812
112000087,536,287,249
112000088,980,312,668
112000089,346,259,87
112000090,213,185,28
112000091,539,688,-149
112000092,2353,1081,1272
112000093,1523,649,874
112000094,808,755,53
112000095,647,708,-61
112000096,654,492,162
112000097,1766,773,993
112000098,813,631,182
112000099,913,2095,-1182
112000100,2542,764,1778
112000101,658,604,54
112000102,2037,456,1581
112000103,466,706,-240
112000105,496,888,-392
112000106,2228,351,1877
112000107,34,237,-203
112000108,204,1142,-938
112000109,73,54,19
112000110,2109,591,1518
112000111,784,2910,-2126
112000112,3809,632,3177
112000113,749,1215,-466
112000114,2565,913,1652
112000115,393,426,-33
112000116,831,915,-84
112000117,1071,700,371
112000118,1022,699,323
112000119,481,624,-143
112000120,73,252,-179
112000121,182,278,-96
112000122,383,167,216
112000123,861,135,726
112000124,520,81,439
112000125,275,262,13
112000126,338,262,76
112000127,1965,2867,-902
112000128,742,854,-112
112000129,121,99,22
112000130,234,95,139
112000131,55,200,-145
112000132,221,188,33
112000133,443,130,313
112000134,399,303,96
112000135,1675,631,1044
112000136,1091,956,135
112000137,1846,1317,529
112000138,1682,868,814
112000139,784,794,-10
112000140,669,1046,-377
112000141,1148,380,768
112000142,140,366,-226
112000143,1288,229,1059
112000144,228,725,-497
112000145,2932,573,2359
112000146,589,1218,-629
112000147,2795,1826,969
112000148,1393,1365,28
112000149,621,383,238
112000150,301,527,-226
112000151,312,247,65
112000152,574,342,232
112000153,151,187,-36
112000154,123,265,-142
112000155,177,136,41
112000157,730,673,57
112000158,380,288,92
112000159,735,322,413
112000167,500,189,311
112000169,366,483,-117
112000173,969,261,708
112000175,433,340,93
112000176,1537,1753,-216
112000177,1107,316,791
112000178,122,259,-137
112000179,296,86,210
112000180,316,341,-25
112000181,1345,1367,-22
112000182,1641,1011,630
112000183,23,33,-10
112000184,444,279,165
112000185,710,396,314
112000187,4224,2638,1586
112000195,167,21,146
112000196,263,2,261
112000197,196,268,-72
112000198,50,279,-229
112000199,835,764,71
112000202,471,3,468
112000216,85,235,-150
112000230,115,2,113
112000231,6,170,-164
112000256,65,276,-211
112000313,78,108,-30
112000314,92,50,42
112000337,252,448,-196
112000352,243,363,-120
112000392,1402,1263,139
112000398,1622,797,825
112000399,1869,2675,-806
112000400,1454,1686,-232
112000401,2385,1379,1006
112000402,4015,3850,165
112000403,1862,3439,-1577
112000404,1324,942,382
112000405,2690,3170,-480
112000406,2615,1465,1150
112000407,8942,8843,99
112000408,5999,4087,1912
112000409,1680,2666,-986
112000410,597,432,165
112000411,2795,2371,424
112000412,1368,611,757
112000413,5745,7770,-2025
112000414,104,54,50
112000415,154,55,99
112000416,3200,1377,1823
112000417,318,80,238
112000421,70,75,-5
112000422,341,235,106
112000424,1450,3264,-1814
112000425,376,425,-49
112000426,243,323,-80
112000427,2,12,-10
112000428,505,257,248
112000429,2193,1778,415
112000430,2869,2624,245
112000431,95,157,-62
112000432,667,595,72
112000433,307,767,-460
112000437,68,118,-50
112900001,139,1,138
112900002,708,672,36
112900003,92,264,-172
112900004,89,173,-84
112900005,341,182,159
112900006,25,237,-212
112900007,136,204,-68
112900008,0,62,-62
112900009,447,182,265
112900010,467,620,-153
112900011,86,178,-92
112900012,0,34,-34
112900013,10,283,-273
112900014,3,252,-249
112900015,350,648,-298
112900016,4,224,-220
112900017,74,182,-108
112900018,0,128,-128
112900019,30,144,-114
112900020,384,968,-584
112900021,2,156,-154
112900022,18,55,-37
112900023,0,95,-95
112900024,16,154,-138
112900025,120,243,-123
112900026,1,111,-110
112900027,5,567,-562
112900028,22,126,-104
112900029,23,390,-367
112900030,70,87,-17
112900031,11,251,-240
112900032,226,215,11
112900034,2,45,-43
112900035,3,231,-228
112900036,70,145,-75
112900037,199,241,-42
112900038,1062,156,906
112900039,8,190,-182
112900040,8,502,-494
112900041,759,1556,-797
112900042,81,228,-147
112900043,97,52,45
112900044,442,410,32
112900045,188,334,-146
112900046,172,79,93
112900047,17,28,-11
112900049,389,66,323
112900050,40,459,-419
112900051,227,436,-209
112900052,16,495,-479
112900053,299,139,160
112900054,171,59,112
112900055,114,48,66
112900056,444,260,184
112900057,18,366,-348
112900058,330,375,-45
112900059,130,189,-59
112900060,42,264,-222
112900061,147,82,65
112900062,86,98,-12
112900063,96,18,78
112900064,150,269,-119
112900065,47,60,-13
112900066,333,270,63
112900067,286,132,154
112900068,55,44,11
112900069,1172,989,183
112900071,43,15,28
112900072,144,2628,-2484
112900073,390,145,245
112900074,123,339,-216
112900075,956,1143,-187
112900076,76,49,27
112900078,385,502,-117
112900079,305,43,262
112900080,80,4,76
112900081,62,236,-174
112900082,688,41,647
112900083,204,149,55
112900084,268,152,116
112900085,0,10,-10
112900086,123,1,122
112900087,988,196,792
112900088,209,30,179
112900089,1099,59,1040
112900090,109,55,54
112900091,345,11,334
112900092,129,470,-341
112900093,1822,28,1794
112900094,129,3,126
112900095,83,1,82
112900096,637,212,425
112900097,90,233,-143
112900098,481,10,471
112900099,965,30,935
112900100,122,2,120
112900101,625,14,611
112900102,109,15,94
112900103,208,5,203
112900104,29,1,28
112900105,13,0,13
112900106,400,142,258
112900107,11,4,7
112900108,27,3,24
112900109,148,0,148
112900110,1768,30,1738
112900111,806,4,802
112900112,437,1,436
112900113,0,13,-13
112900114,227,15,212
112900115,1987,9,1978
112900116,127,37,90
112900117,78,43,35
112900118,22,76,-54
112900119,242,3,239
112900120,683,287,396
112900121,39,139,-100
112900122,16,67,-51
112900123,147,27,120
112900124,17,78,-61
112900125,81,743,-662
112900126,131,132,-1
112900127,410,108,302
112900128,275,611,-336
112900129,4,556,-552
112900130,245,129,116
112900131,47,192,-145
112900132,185,253,-68
112900133,19,778,-759
112900134,0,214,-214
112900135,150,42,108
112900136,0,16,-16
112900137,2,362,-360
112900138,7,147,-140
112900139,184,916,-732
112900140,0,41,-41
112900141,1103,80,1023
112900142,103,245,-142
112900143,34,384,-350
112900144,1,124,-123
112900145,25,404,-379
112900146,4,705,-701
112900147,2,1113,-1111
112900148,74,4,70
112900149,381,628,-247
112900151,11,56,-45
112900152,2591,643,1948
112900153,1523,2901,-1378
112900154,1,98,-97
112900155,244,53,191
112900156,529,657,-128
112900157,398,12,386
112900158,141,9,132
112900159,260,147,113
112900160,65,245,-180
112900161,163,64,99
112900162,25,18,7
112900163,66,64,2
112900164,43,263,-220
112900165,132,24,108
112900166,24,111,-87
112900167,5,77,-72
112900168,6,1,5
112900169,13,19,-6
112900170,375,223,152
112900172,58,20,38
112900173,221,73,148
112900174,331,42,289
112900175,129,272,-143
112900176,32,86,-54
112900177,265,94,171
112900178,836,2937,-2101
112900179,22,299,-277
112900180,2418,1119,1299
112900181,833,2,831
112900182,80,619,-539
112900183,117,396,-279
112900184,414,602,-188
112900185,248,845,-597
112900186,1087,1354,-267
112900187,139,740,-601
112900188,727,1467,-740
112900189,22,12,10
112900190,34,37,-3
112900192,837,982,-145
112900193,1564,555,1009
112900194,78,70,8
112900195,1279,85,1194
112900196,254,363,-109
112900197,180,373,-193
112900199,780,433,347
112900200,693,219,474
112900201,231,98,133
112900202,544,538,6
112900203,373,220,153
112900204,755,683,72
112900205,18,9,9
112900206,43,87,-44
112900207,28,1,27
112900208,124,343,-219
112900209,379,311,68
112900210,1,16,-15
112900211,81,37,44
112900212,1,90,-89
112900213,77,16,61
112900214,25,19,6
112900215,31,136,-105
112900216,25,38,-13
112900217,1,83,-82
112900218,67,18,49
112900219,161,29,132
112900220,1,0,1
112900221,49,81,-32
112900222,0,29,-29
112900223,1299,47,1252
112900224,526,310,216
112900225,525,247,278
112900226,234,434,-200
112900227,924,701,223
112900228,92,38,54
112900229,345,38,307
112900230,6237,4501,1736
112900232,387,410,-23
112900233,65,92,-27
112900234,45,53,-8
112900235,122,29,93
112900236,473,22,451
112900237,220,131,89
112900238,5,20,-15
112900239,543,432,111
113000001,6586,5111,1475
113000002,3771,3652,119
113000003,1980,1481,499
113000004,1399,2413,-1014
113000005,1941,975,966
113000006,1115,1405,-290
113000007,2564,1084,1480
113000008,1861,1601,260
113000009,1401,683,718
113000010,1319,1061,258
113000011,821,1180,-359
113000012,2180,750,1430
113000013,1121,721,400
113000014,1039,1289,-250
113000015,453,224,229
113000016,340,907,-567
113000017,86,311,-225
113000018,364,47,317
113000019,335,293,42
113000020,566,103,463
113000021,1212,467,745
113000022,847,1093,-246
113000025,128,296,-168
113000026,529,517,12
113000027,590,790,-200
113000028,815,969,-154
113000029,979,682,297
113000030,271,548,-277
113000031,162,345,-183
113000032,275,404,-129
113000033,328,446,-118
113000034,239,311,-72
113000035,47,48,-1
113000036,31,85,-54
113000037,86,50,36
113000038,36,71,-35
113000039,89,268,-179
113000040,60,67,-7
113000042,757,603,154
113000051,944,2201,-1257
113000052,1917,740,1177
113000053,543,293,250
113000054,516,657,-141
113000055,1427,441,986
113000056,1357,667,690
113000058,604,902,-298
113000059,1157,525,632
113000060,289,508,-219
113000061,477,882,-405
113000062,687,411,276
113000063,285,86,199
113000064,68,226,-158
113000065,177,519,-342
113000066,877,82,795
113000067,2821,962,1859
113000068,316,864,-548
113000069,577,840,-263
113000070,3229,1063,2166
113000071,638,521,117
113000072,1034,472,562
113000073,375,1317,-942
113000074,1054,451,603
113000075,1695,904,791
113000076,548,2175,-1627
113000077,1026,745,281
113000078,639,2390,-1751
113000079,714,774,-60
113000080,507,733,-226
113000081,968,953,15
113000082,1357,879,478
113000083,607,890,-283
113000084,1494,1249,245
113000085,858,776,82
113000086,1397,1124,273
113000087,1298,853,445
113000088,2188,1417,771
113000089,935,1572,-637
113000090,305,728,-423
113000091,376,412,-36
113000094,1356,231,1125
113000095,225,578,-353
113000096,108,668,-560
113000097,1272,386,886
113000098,155,53,102
113000099,1168,466,702
113000100,126,317,-191
113000101,306,580,-274
113000102,762,571,191
113000103,1454,344,1110
113000104,475,1916,-1441
113000105,930,477,453
113000106,323,384,-61
113000107,892,696,196
113000108,554,795,-241
113000109,626,1327,-701
113000110,1999,526,1473
113000111,161,495,-334
113000112,273,221,52
113000113,1029,326,703
113000114,313,1474,-1161
113000116,665,306,359
113000117,857,125,732
113000118,42,619,-577
113000119,355,296,59
113000120,48,289,-241
113000121,840,1025,-185
113000124,265,100,165
113000125,81,892,-811
113000127,1588,236,1352
113000128,656,375,281
113000129,523,740,-217
113000133,1650,1634,16
113000134,6,1349,-1343
113000135,4600,5183,-583
113000137,1397,3954,-2557
113000139,314,307,7
113000140,65,247,-182
113000141,181,232,-51
113000142,317,1192,-875
113000143,310,160,150
113000144,252,575,-323
113000145,128,143,-15
113000146,167,59,108
113000147,206,76,130
113000148,267,125,142
113000149,158,124,34
113000150,597,269,328
113000151,84,52,32
113000152,43,153,-110
113000153,1208,610,598
113000154,685,1609,-924
113000155,410,723,-313
113000156,160,363,-203
113000157,230,652,-422
113000158,708,246,462
113000159,989,585,404
113000160,679,832,-153
113000161,330,298,32
113000162,972,341,631
113000163,238,48,190
113000164,18,73,-55
113000166,205,88,117
113000167,71,67,4
113000168,104,120,-16
113000169,239,65,174
113000170,102,94,8
113000171,34,77,-43
113000172,315,78,237
113000173,83,26,57
113000174,103,288,-185
113000175,420,82,338
113000176,566,145,421
113000177,171,356,-185
113000178,201,237,-36
113000179,363,220,143
113000180,781,998,-217
113000181,1027,626,401
113000182,211,445,-234
113000183,86,528,-442
113000184,19,102,-83
113000189,312,729,-417
113000190,520,470,50
113000192,790,3275,-2485
113000193,2603,2228,375
113000194,985,1112,-127
113000195,1717,1712,5
113000196,263,69,194
113000197,1738,1401,337
113000198,84,207,-123
113000199,2001,412,1589
113000201,263,339,-76
113000202,4197,1129,3068
113000203,96,203,-107
113000204,748,2690,-1942
113000205,25,29,-4
113000206,13,41,-28
113000207,126,24,102
113000208,81,54,27
113000209,15,19,-4
113000210,13,24,-11
113000211,104,236,-132
113000212,44,45,-1
113000213,19,142,-123
113000214,224,252,-28
113000234,205,566,-361
113000410,215,241,-26
113000411,2114,3950,-1836
113000412,3928,1939,1989
113000413,1417,3060,-1643
113000414,3541,12895,-9354
113000415,1893,2404,-511
113000416,5486,3777,1709
113000417,2618,2612,6
113000418,4464,3936,528
113000419,1807,2640,-833
113000420,4079,6956,-2877
113000421,4372,7332,-2960
113000422,9168,10680,-1512
113000423,1740,5676,-3936
113000424,2221,9063,-6842
113000425,2,94,-92
113000428,110,57,53
113000430,17,128,-111
113000432,2382,134,2248
113000433,88,651,-563
113000434,24,82,-58
113000435,29,323,-294
113000436,28,690,-662
113000437,1379,28,1351
113000438,354,8,346
113000439,39,61,-22
113000440,230,26,204
113000441,290,147,143
113000442,134,107,27
113000443,421,110,311
113000444,281,93,188
113000445,150,79,71
113000446,28,82,-54
113000448,236,182,54
113000449,138,706,-568
113000450,536,1814,-1278
113000451,1187,207,980
113000452,245,369,-124
113000453,35,485,-450
113000454,405,70,335
113000455,3,383,-380
113000456,2807,2634,173
113000468,907,137,770
113000469,91,300,-209
113000470,367,12,355
113000471,18,382,-364
113000472,159,254,-95
113000474,853,562,291
113000475,1333,1382,-49
113000476,1641,1689,-48
113000477,3976,1724,2252
113000478,3330,3699,-369
113000479,87,96,-9
113000480,133,366,-233
113000481,0,0,0
113000482,0,0,0
113000483,0,0,0
113000484,0,0,0
113000485,3,1,2
113000486,8,0,8
113000487,0,0,0
113000488,0,0,0
113000489,0,0,0
113000490,0,9,-9
113000491,15,12,3
113000492,3,0,3
113000493,0,0,0
113000495,134,133,1
113000496,158,81,77
113000497,0,0,0
113000499,0,0,0
113000500,0,0,0
113900001,5,335,-330
113900002,1,65,-64
113900003,0,52,-52
113900004,2,45,-43
113900005,0,73,-73
113900006,4,5,-1
113900007,83,13,70
113900008,41,0,41
113900009,64,1,63
113900010,44,1,43
113900011,68,0,68
113900012,38,1,37
113900013,163,11,152
113900014,665,4,661
113900015,0,51,-51
113900016,37,0,37
113900017,4,32,-28
113900018,343,372,-29
113900019,300,69,231
113900020,175,1,174
113900022,84,1,83
113900023,36,0,36
113900024,64,38,26
113900025,274,24,250
113900026,106,1,105
113900027,8,33,-25
113900028,30,346,-316
113900029,84,134,-50
113900030,232,0,232
113900031,36,2,34
113900032,61,0,61
113900033,56,61,-5
113900035,66,2,64
113900036,26,60,-34
113900037,187,313,-126
113900038,36,142,-106
113900039,179,34,145
113900040,16,28,-12
113900041,24,10,14
113900042,90,44,46
113900043,175,107,68
113900044,284,408,-124
113900045,77,2,75
113900046,281,519,-238
113900047,69,116,-47
113900048,135,174,-39
113900049,405,392,13
113900050,291,320,-29
113900051,264,292,-28
113900052,132,123,9
113900053,741,806,-65
113900054,49,7,42
113900055,121,345,-224
113900056,64,195,-131
113900057,21,58,-37
113900058,104,91,13
113900059,282,239,43
113900060,192,203,-11
113900061,604,253,351
113900062,116,27,89
113900063,118,109,9
113900064,43,107,-64
113900065,519,20,499
113900066,526,196,330
113900067,279,205,74
113900068,589,574,15
113900069,46,69,-23
113900070,149,404,-255
113900071,109,52,57
113900072,86,101,-15
113900073,329,318,11
113900074,205,429,-224
113900075,1302,1491,-189
113900076,195,15,180
113900077,93,133,-40
113900078,39,35,4
113900079,0,31,-31
113900080,564,200,364
113900081,55,176,-121
113900082,135,215,-80
113900083,577,226,351
113900084,303,116,187
113900085,43,182,-139
113900086,55,17,38
113900087,172,140,32
113900088,102,106,-4
113900089,403,54,349
113900090,780,421,359
113900091,24,27,-3
113900092,39,84,-45
113900093,93,900,-807
113900094,674,284,390
113900095,196,194,2
113900096,404,106,298
113900097,24,93,-69
113900098,883,107,776
113900099,0,28,-28
113900100,0,3,-3
113900101,17,63,-46
113900102,133,173,-40
113900103,367,339,28
113900104,154,279,-125
113900105,153,144,9
113900106,1,57,-56
113900107,3,15,-12
113900108,155,303,-148
113900109,371,233,138
113900110,96,34,62
113900111,202,85,117
113900112,160,47,113
113900113,1237,359,878
113900114,0,46,-46
113900115,0,81,-81
113900116,106,149,-43
113900117,114,38,76
113900118,291,609,-318
113900119,194,454,-260
113900120,75,44,31
113900121,77,84,-7
113900122,441,2433,-1992
113900123,524,189,335
113900124,0,39,-39
113900125,642,109,533
113900126,178,43,135
113900127,363,864,-501
113900128,160,67,93
113900129,4,179,-175
113900130,5,116,-111
113900131,324,98,226
113900132,48,76,-28
113900133,18,72,-54
113900135,350,252,98
113900136,107,95,12
113900137,335,322,13
113900138,43,384,-341
113900139,265,285,-20
113900140,136,373,-237
113900141,674,195,479
113900142,173,67,106
113900143,23,72,-49
113900144,108,274,-166
113900145,391,139,252
113900146,193,62,131
113900148,110,435,-325
113900149,150,93,57
113900150,248,457,-209
113900151,573,145,428
113900152,114,65,49
113900153,132,710,-578
113900154,2,111,-109
113900155,166,281,-115
113900156,145,232,-87
113900157,46,366,-320
113900158,231,561,-330
113900159,29,249,-220
113900160,461,349,112
113900161,94,222,-128
113900162,255,843,-588
113900163,271,229,42
113900164,347,51,296
113900165,596,305,291
113900166,101,191,-90
113900167,287,41,246
113900168,113,78,35
113900169,182,265,-83
113900171,307,71,236
113900172,7,113,-106
113900173,21,255,-234
113900174,489,436,53
113900175,437,161,276
113900176,315,340,-25
113900177,306,170,136
113900178,706,145,561
113900179,23,178,-155
113900180,186,69,117
113900181,969,158,811
113900182,755,715,40
113900183,60,56,4
113900184,9,272,-263
113900185,166,44,122
113900186,52,36,16
113900187,46,109,-63
113900188,38,175,-137
113900189,278,127,151
113900190,198,93,105
113900191,98,166,-68
113900192,4,843,-839
113900193,21,113,-92
113900194,1088,689,399
113900195,239,314,-75
113900196,13,137,-124
113900197,0,76,-76
113900198,38,237,-199
113900199,110,470,-360
113900200,28,177,-149
113900201,0,79,-79
113900202,56,214,-158
113900203,0,48,-48
113900204,37,344,-307
113900205,8,146,-138
113900206,8,153,-145
113900207,1,116,-115
113900208,1,52,-51
113900209,0,59,-59
113900210,464,752,-288
113900211,303,124,179
113900212,223,324,-101
113900214,243,321,-78
113900215,30,101,-71
113900216,253,579,-326
113900217,127,157,-30
113900218,174,94,80
113900219,115,373,-258
113900220,187,173,14
113900221,465,317,148
113900222,189,584,-395
113900223,324,555,-231
113900224,46,63,-17
113900225,571,201,370
113900226,471,137,334
113900227,679,266,413
113900228,269,635,-366
113900229,65,986,-921
113900230,2979,4087,-1108
113900231,197,144,53
113900232,171,100,71
113900233,117,57,60
113900234,470,489,-19
113900235,139,56,83
113900236,256,211,45
113900237,297,18,279
113900238,280,654,-374
113900239,74,125,-51
113900240,6,265,-259
113900241,147,66,81
113900242,21,174,-153
113900243,65,326,-261
113900244,153,228,-75
113900245,841,301,540
113900246,9,30,-21
113900247,119,592,-473
113900248,1895,2428,-533
113900249,642,634,8
113900250,67,227,-160
113900251,831,95,736
113900252,576,36,540
113900253,671,79,592
113900254,801,197,604
113900255,587,17,570
113900256,326,36,290
113900257,28,316,-288
113900258,25,256,-231
113900259,585,89,496
113900260,262,9,253
113900261,63,68,-5
113900262,171,338,-167
113900263,116,416,-300
113900264,5,249,-244
113900265,184,271,-87
113900266,42,132,-90
113900267,87,462,-375
113900268,490,376,114
113900269,54,153,-99
113900270,244,557,-313
113900271,606,636,-30
113900273,25,9,16
113900274,78,36,42
113900275,37,87,-50
113900276,2,86,-84
113900277,154,4,150
113900278,217,162,55
113900279,84,73,11
113900280,1366,543,823
113900281,599,1465,-866
113900282,571,660,-89
113900283,454,608,-154
113900284,924,191,733
113900285,173,37,136
113900286,94,106,-12
113900287,147,61,86
113900288,3,113,-110
113900289,567,139,428
113900290,190,374,-184
113900291,107,154,-47
113900292,7,3,4
113900293,8,128,-120
113900294,553,29,524
113900295,355,319,36
113900296,1536,389,1147
113900297,3064,55,3009
113900298,22,1209,-1187
113900299,136,68,68
113900300,3479,4218,-739
113900301,672,484,188
113900302,1840,1038,802
113900303,372,705,-333
113900304,0,100,-100
113900305,151,1,150
113900306,131,2,129
113900307,27,0,27
113900308,94,81,13
113900309,6,343,-337
113900310,0,8,-8
113900311,16,0,16
113900312,241,260,-19
113900313,7,5,2
114000001,1016,2008,-992
114000002,327,279,48
114000003,53,245,-192
114000004,474,299,175
114000005,423,241,182
114000006,1912,1420,492
114000007,703,1160,-457
114000008,1322,2134,-812
114000009,1080,256,824
114000011,3046,1846,1200
114000012,3199,1453,1746
114000013,1904,1157,747
114000014,431,157,274
114000015,2368,308,2060
114000016,273,184,89
114000017,112,457,-345
114000018,248,33,215
114000026,2446,915,1531
114000027,4123,1902,2221
114000028,2445,2832,-387
114000038,304,132,172
114000039,90,48,42
114000040,157,259,-102
114000042,173,163,10
114000043,91,55,36
114000044,324,28,296
114000045,51,35,16
114000046,3192,3832,-640
114000047,7,60,-53
114000048,91,23,68
114000049,1614,1317,297
114000050,2007,1693,314
114000051,3054,2012,1042
114000052,4643,1792,2851
114000053,138,688,-550
114000054,246,646,-400
114000055,321,44,277
114000056,479,1186,-707
114000057,4139,2017,2122
114000058,322,1904,-1582
114000059,240,410,-170
114000060,598,788,-190
114000061,2184,3656,-1472
114000062,1170,2079,-909
114000063,1388,1299,89
114000064,3110,3695,-585
114000065,1256,1858,-602
114000066,365,497,-132
114000067,38,1005,-967
114000068,563,785,-222
114000069,1164,630,534
114000070,2245,1923,322
114000071,963,416,547
114000072,614,197,417
114000073,17,43,-26
114000074,54,24,30
114000075,55,44,11
114000076,27,35,-8
114000077,7,15,-8
114000078,423,307,116
114000079,200,39,161
114000080,71,84,-13
114000081,84,85,-1
114000082,53,288,-235
114000083,74,156,-82
114000084,450,79,371
114000085,98,480,-382
114000086,328,252,76
114000087,225,96,129
114000088,41,21,20
114000089,546,334,212
114000090,995,1060,-65
114000091,1495,843,652
114000092,970,584,386
114000093,1531,843,688
114000094,386,363,23
114000095,324,168,156
114000096,80,224,-144
114000097,108,293,-185
114000098,676,88,588
114000099,845,275,570
114000100,1886,544,1342
114000101,507,402,105
114000102,724,252,472
114000103,140,202,-62
114000104,72,203,-131
114000105,271,97,174
114000106,692,1664,-972
114000107,564,100,464
114000108,875,790,85
114000109,709,1245,-536
114000110,561,878,-317
114000111,2166,1003,1163
114000112,479,1279,-800
114000113,1330,647,683
114000114,1118,853,265
114000115,2215,1325,890
114000116,1052,847,205
114000117,3975,589,3386
114000118,3076,611,2465
114000119,2168,591,1577
114000120,618,604,14
114000121,397,704,-307
114000122,369,345,24
114000123,2394,424,1970
114000124,1163,230,933
114000125,937,888,49
114000126,2784,221,2563
114000127,355,137,218
114000128,967,330,637
114000130,401,475,-74
114000131,309,144,165
114000132,718,384,334
114000133,958,1048,-90
114000134,120,79,41
114000138,34,142,-108
114000139,491,301,190
114000144,917,632,285
114000145,91,104,-13
114000146,107,169,-62
114000147,1604,2258,-654
114000148,1459,1973,-514
114000149,347,356,-9
114000150,316,531,-215
114000151,698,1577,-879
114000152,125,42,83
114000153,678,2070,-1392
114000154,647,481,166
114000155,2026,2469,-443
114000156,881,606,275
114000157,296,896,-600
114000158,1043,771,272
114000159,133,323,-190
114000160,88,329,-241
114000161,1215,3588,-2373
114000162,1062,3124,-2062
114000163,39,44,-5
114000165,741,315,426
114000166,675,478,197
114000167,2353,1380,973
114000168,531,622,-91
114000169,1435,1667,-232
114000170,933,1001,-68
114000171,1514,2581,-1067
114000174,184,396,-212
114000176,451,431,20
114000177,1255,676,579
114000178,57,54,3
114000179,1178,665,513
114000180,295,554,-259
114000181,2091,4521,-2430
114000182,1778,2105,-327
114000183,668,657,11
114000184,401,715,-314
114000185,1330,773,557
114000189,1386,222,1164
114000190,3519,484,3035
114000191,60,113,-53
114000192,138,925,-787
114000193,432,1383,-951
114000194,1219,694,525
114000195,231,41,190
114000196,0,107,-107
114000197,1685,19,1666
114000198,699,353,346
114000199,1686,1931,-245
114000200,525,1149,-624
114000201,151,536,-385
114000202,1301,506,795
114000203,446,379,67
114000204,175,373,-198
114000205,257,1073,-816
114000206,659,1180,-521
114000207,495,1108,-613
114000208,454,1541,-1087
114000209,451,1308,-857
114000210,191,751,-560
114000211,1246,1315,-69
114000212,946,824,122
114000213,1438,428,1010
114000214,127,174,-47
114000215,229,90,139
114000216,1777,453,1324
114000217,455,246,209
114000218,205,170,35
114000219,1337,145,1192
114000220,32,488,-456
114000221,894,201,693
114000222,164,672,-508
114000223,605,151,454
114000224,75,449,-374
114000225,275,440,-165
114000226,221,263,-42
114000227,735,547,188
114000228,888,561,327
114000229,1325,904,421
114000230,1595,855,740
114000231,1057,1138,-81
114000232,854,163,691
114000233,2433,157,2276
114000234,1034,715,319
114000235,1175,993,182
114000236,0,306,-306
114000237,114,588,-474
114000238,182,154,28
114000239,193,700,-507
114000240,907,776,131
114000241,208,665,-457
114000242,693,606,87
114000243,1887,761,1126
114000244,917,272,645
114000245,452,624,-172
114000246,93,34,59
114000247,896,480,416
114000248,1599,495,1104
114000249,546,407,139
114000250,663,622,41
114000251,513,171,342
114000252,67,48,19
114000253,79,130,-51
114000254,85,42,43
114000255,611,231,380
114000256,754,2674,-1920
114000257,344,804,-460
114000258,823,297,526
114000259,432,190,242
114000260,0,28,-28
114000261,74,51,23
114000262,392,109,283
114000263,5,2,3
114000264,1641,381,1260
114000265,0,0,0
114000267,6,1926,-1920
114000268,6,843,-837
114000270,170,8,162
114000271,386,49,337
114000283,1851,338,1513
114000285,32,123,-91
114000288,91,243,-152
114000289,1569,134,1435
114000293,220,505,-285
114000294,151,264,-113
114000395,1748,28,1720
114000396,728,636,92
114000402,766,245,521
114000403,431,255,176
114000405,211,233,-22
114000423,349,296,53
114000424,588,142,446
114000425,1087,231,856
114000426,324,916,-592
114000427,68,62,6
114000428,171,177,-6
114000429,7,133,-126
114000432,108,49,59
114000434,21,59,-38
114000435,12,142,-130
114000436,1516,539,977
114000437,507,4393,-3886
114900001,753,540,213
114900002,864,224,640
114900003,896,825,71
114900004,272,435,-163
114900005,625,488,137
114900006,109,90,19
114900007,486,26,460
114900008,278,113,165
114900010,1257,1777,-520
114900011,252,164,88
114900013,337,200,137
114900015,97,578,-481
114900018,1327,24,1303
114900020,206,124,82
114900022,1,520,-519
114900024,415,193,222
114900025,616,152,464
114900026,78,198,-120
114900027,260,150,110
114900029,23,34,-11
114900030,465,178,287
114900031,483,48,435
114900032,565,33,532
114900033,677,1222,-545
114900034,48,111,-63
114900035,140,318,-178
114900036,183,398,-215
114900037,181,140,41
114900038,237,321,-84
114900039,515,265,250
114900040,78,75,3
114900041,878,244,634
114900042,1116,406,710
114900043,443,228,215
114900044,202,48,154
114900046,73,112,-39
114900047,228,2534,-2306
114900048,126,201,-75
114900049,4,132,-128
114900050,68,212,-144
114900051,26,235,-209
114900052,132,287,-155
114900053,238,261,-23
114900054,52,89,-37
114900057,232,11,221
114900058,0,66,-66
114900059,158,72,86
114900060,660,872,-212
114900061,159,116,43
114900062,228,278,-50
114900063,80,128,-48
114900064,2075,276,1799
114900065,484,594,-110
114900067,85,373,-288
114900068,76,113,-37
114900069,180,107,73
114900070,670,239,431
114900072,10,291,-281
114900073,2,170,-168
114900074,935,385,550
114900075,496,14,482
114900076,14,397,-383
114900080,1170,264,906
114900082,2500,2533,-33
114900083,940,981,-41
114900090,498,268,230
114900091,119,176,-57
114900095,264,95,169
114900096,473,509,-36
114900097,161,4,157
114900098,17,163,-146
114900099,278,7,271
115000001,3947,2226,1721
115000002,3871,4614,-743
115000003,4244,1821,2423
115000004,4611,6255,-1644
115000005,1375,1670,-295
115000006,1166,1461,-295
115000007,134,158,-24
115000008,556,572,-16
115000009,280,167,113
115000010,311,224,87
115000013,51,228,-177
115000015,33,283,-250
115000016,187,321,-134
115000019,33,436,-403
115000020,91,1090,-999
115000021,195,415,-220
115000022,548,399,149
115000023,375,745,-370
115000024,857,455,402
115000025,967,824,143
115000026,181,326,-145
115000027,342,403,-61
115000028,258,615,-357
115000029,756,100,656
115000030,1006,1071,-65
115000031,1434,421,1013
115000032,16,218,-202
115000033,179,40,139
115000034,86,1113,-1027
115000035,1243,81,1162
115000036,2,388,-386
115000037,695,26,669
115000038,74,129,-55
115000039,2870,3776,-906
115000040,4061,2391,1670
115000041,1552,3741,-2189
115000042,966,545,421
115000043,4043,2313,1730
115000044,3592,2723,869
115000045,2458,1082,1376
115000046,2505,2200,305
115000047,2456,1197,1259
115000048,1587,1663,-76
115000049,1601,2543,-942
115000050,3518,1728,1790
115000051,1532,3415,-1883
115000052,1361,1564,-203
115000053,1964,1965,-1
115000054,511,864,-353
115000055,150,788,-638
115000056,189,626,-437
115000057,800,1014,-214
115000058,522,368,154
115000059,243,115,128
115000061,147,163,-16
115000062,230,211,19
115000063,426,175,251
115000064,252,90,162
115000065,90,611,-521
115000067,203,19,184
115000069,110,241,-131
115000070,32,801,-769
115000071,110,18,92
115000072,9,67,-58
115000073,1485,115,1370
115000075,144,73,71
115000076,2598,2158,440
115000077,2492,1380,1112
115000078,1457,935,522
115000079,1635,1203,432
115000080,2892,1592,1300
115000081,460,753,-293
115000082,4700,3550,1150
115000083,1969,1316,653
115000084,3022,1044,1978
115000085,895,685,210
115000086,1231,619,612
115000087,387,1267,-880
115000088,1882,600,1282
115000089,1206,1122,84
115000090,522,988,-466
115000091,262,690,-428
115000092,755,403,352
115000093,504,3,501
115000094,5023,6300,-1277
115000095,3528,6310,-2782
115000096,748,905,-157
115000097,1485,977,508
115000098,1292,612,680
115000099,2800,1867,933
115000100,1229,333,896
115000101,487,1121,-634
115000102,490,256,234
115000103,267,472,-205
115000105,92,89,3
115000106,778,288,490
115000107,198,287,-89
115000108,2481,2027,454
115000109,3324,5315,-1991
115000110,1529,2053,-524
115000111,711,1504,-793
115000112,1034,1049,-15
115000113,954,851,103
115000114,1855,689,1166
115000116,3533,2535,998
115000117,3136,2828,308
115000118,2858,1976,882
115000119,2363,2195,168
115000120,772,1551,-779
115000121,867,852,15
115000122,1787,1868,-81
115000123,1038,3074,-2036
115000124,703,1297,-594
115000125,444,637,-193
115000126,155,311,-156
115000127,330,143,187
115000128,313,737,-424
115000129,219,445,-226
115000130,541,577,-36
115000131,1095,244,851
115000132,388,234,154
115000133,710,226,484
115000134,559,187,372
115000135,378,149,229
115000136,261,222,39
115000137,84,166,-82
115000138,402,245,157
115000139,218,159,59
115000140,480,198,282
115000141,246,161,85
115000142,176,144,32
115000143,1002,563,439
115000144,499,65,434
115000145,261,213,48
115000146,647,336,311
115000147,400,344,56
115000148,283,553,-270
115000149,668,250,418
115000150,717,457,260
115000151,1420,510,910
115000152,759,551,208
115000153,1332,625,707
115000154,983,294,689
115000155,772,638,134
115000156,1122,782,340
115000157,616,685,-69
115000158,508,407,101
115000159,535,708,-173
115000160,532,695,-163
115000161,568,494,74
115000162,602,925,-323
115000163,518,638,-120
115000164,684,601,83
115000165,322,515,-193
115000167,126,83,43
115000168,442,369,73
115000169,396,430,-34
115000170,97,131,-34
115000171,222,233,-11
115000172,818,600,218
115000173,387,883,-496
115000174,85,326,-241
115000175,211,161,50
115000176,166,145,21
115000177,194,229,-35
115000178,26,169,-143
115000179,76,66,10
115000180,142,372,-230
115000181,799,157,642
115000182,1150,281,869
115000183,486,572,-86
115000186,734,212,522
115000187,275,599,-324
115000188,412,542,-130
115000189,215,483,-268
115000190,659,467,192
115000191,186,601,-415
115000194,169,160,9
115000195,279,306,-27
115000196,257,77,180
115000197,294,184,110
115000198,485,168,317
115000199,465,147,318
115000200,506,71,435
115000201,217,280,-63
115000206,521,69,452
115000207,262,221,41
115000208,310,534,-224
115000209,767,374,393
115000210,215,122,93
115000211,223,238,-15
115000212,1116,387,729
115000224,351,65,286
115000225,56,80,-24
115000229,121,86,35
115000230,110,311,-201
115000231,313,909,-596
115000232,2004,321,1683
115000233,154,167,-13
115000234,38,254,-216
115000241,123,197,-74
115000242,127,149,-22
115000243,48,145,-97
115000244,20,91,-71
115000246,52,24,28
115000247,36,31,5
115000248,32,26,6
115000249,32,26,6
115000250,286,39,247
115000251,285,105,180
115000252,134,193,-59
115000253,22,407,-385
115000258,342,118,224
115000259,371,145,226
115000261,34,23,11
115000262,27,19,8
115000263,18,37,-19
115000264,58,24,34
115000267,100,62,38
115000268,51,94,-43
115000269,115,80,35
115000270,47,13,34
115000272,78,116,-38
115000273,545,41,504
115000280,1827,409,1418
115000281,300,947,-647
115000282,1008,1260,-252
115000284,181,162,19
115000296,982,9,973
115000297,160,240,-80
115000298,88,602,-514
115000300,236,150,86
115000302,658,90,568
115000303,848,81,767
115000304,1053,74,979
115000305,108,490,-382
115000306,259,211,48
115000307,113,124,-11
115000308,35,18,17
115000309,13,107,-94
115000310,1218,543,675
115000311,1162,1033,129
115000313,104,340,-236
115000314,788,151,637
115000315,579,608,-29
115000316,90,144,-54
115000317,195,345,-150
115000318,905,335,570
115000319,53,239,-186
115000320,31,394,-363
115000321,439,12,427
115000322,59,174,-115
115000449,222,148,74
115000557,2,1737,-1735
115000558,438,128,310
115000587,625,313,312
115000588,1934,2083,-149
115000589,3457,1973,1484
115000590,1266,1421,-155
115000591,1664,694,970
115000592,547,1830,-1283
115000593,1318,604,714
115000594,483,2393,-1910
115000609,163,133,30
115000617,884,3763,-2879
115000624,401,56,345
115000633,535,1810,-1275
115000634,2816,861,1955
115000635,597,100,497
115000638,445,530,-85
115000641,45,160,-115
115000642,373,309,64
115000643,163,373,-210
115000644,129,344,-215
115000646,966,1745,-779
115000647,232,352,-120
115000648,2158,1385,773
115000893,1748,1318,430
115000894,155,756,-601
115000895,298,468,-170
115000896,930,290,640
115000897,542,170,372
115000898,599,326,273
115000899,249,1084,-835
115000900,83,238,-155
115000901,44,126,-82
115000912,478,145,333
115000913,1,14,-13
115000915,36,2,34
115000916,10,2,8
115000917,0,5,-5
115000918,53,760,-707
115000919,7,25,-18
115000920,27,69,-42
115000921,492,107,385
115000922,455,867,-412
115000923,167,894,-727
115000925,161,100,61
115000927,54,61,-7
115000933,120,178,-58
115000934,197,186,11
115000935,154,64,90
115000936,11,510,-499
115000937,108,49,59
115000938,15,97,-82
115000939,13,75,-62
115900001,178,38,140
115900002,113,109,4
115900003,210,45,165
115900004,3,50,-47
115900005,275,16,259
115900006,252,161,91
115900008,60,5,55
115900009,122,170,-48
115900010,406,109,297
115900011,466,173,293
115900012,248,68,180
115900013,358,140,218
115900014,154,101,53
115900015,219,42,177
115900016,185,48,137
115900017,21,11,10
115900018,164,38,126
115900019,316,22,294
115900020,152,5,147
115900021,813,278,535
115900022,694,17,677
115900023,51,11,40
115900025,40,403,-363
115900026,735,169,566
115900027,0,228,-228
115900028,572,75,497
115900029,23,269,-246
115900030,36,30,6
115900031,230,462,-232
115900032,490,462,28
115900033,1,36,-35
115900034,25,241,-216
115900035,62,19,43
115900036,41,1099,-1058
115900037,42,221,-179
115900038,72,20,52
115900039,288,132,156
115900041,385,747,-362
115900042,43,11,32
115900043,123,60,63
115900044,194,301,-107
115900046,440,199,241
115900047,192,197,-5
115900049,173,147,26
115900051,1,28,-27
115900052,31,136,-105
115900053,299,125,174
115900054,349,35,314
115900055,10,110,-100
115900056,247,168,79
115900057,33,13,20
115900058,48,57,-9
115900060,138,128,10
115900061,373,2,371
115900062,56,176,-120
115900063,125,17,108
115900064,193,221,-28
115900065,144,70,74
115900066,111,82,29
115900067,7,315,-308
115900068,1891,1394,497
115900069,73,179,-106
115900070,160,107,53
115900071,1,233,-232
115900072,52,147,-95
115900073,118,128,-10
115900074,6,172,-166
115900075,25,176,-151
115900076,2,42,-40
115900077,5,197,-192
115900078,78,120,-42
115900079,398,17,381
115900080,312,137,175
115900081,19,46,-27
115900082,115,144,-29
115900084,710,15,695
115900085,34,64,-30
115900086,1065,561,504
115900088,7,58,-51
115900089,441,532,-91
115900090,506,11,495
115900091,4,13,-9
115900092,28,86,-58
115900093,8,18,-10
115900094,6,148,-142
115900096,4,10,-6
115900097,20,217,-197
115900098,233,224,9
115900099,217,47,170
115900100,15,303,-288
115900101,189,166,23
115900102,128,59,69
115900103,369,151,218
115900104,104,83,21
115900105,440,403,37
115900106,127,39,88
115900107,224,112,112
115900108,221,79,142
115900109,47,254,-207
115900110,3,13,-10
115900111,5,80,-75
115900112,34,628,-594
115900113,107,65,42
115900114,3,98,-95
115900115,132,273,-141
115900116,83,557,-474
115900117,104,27,77
115900118,2,199,-197
115900119,195,172,23
115900120,33,208,-175
115900121,261,217,44
115900124,469,761,-292
115900125,370,69,301
115900126,864,77,787
115900127,832,57,775
115900128,12,68,-56
115900129,893,77,816
115900130,18,257,-239
115900131,459,34,425
115900132,776,2,774
115900134,392,17,375
115900135,259,1422,-1163
115900137,45,9,36
115900139,55,110,-55
115900140,365,54,311
115900141,7,45,-38
115900142,5,52,-47
115900143,301,307,-6
115900144,130,207,-77
115900146,29,58,-29
115900147,249,307,-58
115900148,81,8,73
115900149,215,7,208
115900150,130,24,106
115900151,10,119,-109
115900152,184,166,18
115900153,184,158,26
115900154,395,319,76
115900155,1,47,-46
115900156,741,975,-234
115900157,236,558,-322
115900158,14,10,4
115900159,230,184,46
115900160,8,11,-3
115900161,112,201,-89
115900163,265,134,131
115900164,739,31,708
115900165,3,158,-155
115900166,218,145,73
115900168,180,122,58
115900171,129,359,-230
115900172,61,133,-72
115900173,208,111,97
115900174,220,218,2
115900175,198,192,6
115900178,3,322,-319
115900179,391,12,379
115900180,66,141,-75
115900181,203,102,101
115900182,504,130,374
115900183,61,56,5
115900184,789,12,777
115900187,12,152,-140
115900189,1,242,-241
115900190,216,1442,-1226
115900191,20,167,-147
115900192,21,104,-83
115900193,362,112,250
115900194,744,67,677
115900195,546,2515,-1969
115900198,243,301,-58
115900199,229,174,55
115900200,267,286,-19
115900201,374,338,36
115900202,1,121,-120
115900203,3,36,-33
115900204,0,3,-3
115900205,94,8,86
115900206,287,137,150
115900207,51,32,19
115900208,124,64,60
115900209,11,90,-79
115900210,2,130,-128
115900211,2,119,-117
115900212,239,218,21
115900213,101,134,-33
115900214,616,189,427
115900215,34,277,-243
115900216,43,94,-51
115900217,69,28,41
115900218,5,43,-38
115900219,168,6,162
115900220,268,16,252
115900221,141,10,131
115900222,88,39,49
115900223,10,622,-612
115900224,761,1811,-1050
115900225,52,74,-22
115900226,16,44,-28
115900227,16,56,-40
115900228,8,58,-50
115900229,5,33,-28
115900230,59,84,-25
115900231,128,1,127
115900232,77,0,77
115900233,110,14,96
115900234,77,37,40
115900235,50,33,17
115900236,131,40,91
115900237,67,24,43
115900238,186,17,169
115900239,56,29,27
115900240,22,39,-17
115900241,314,132,182
115900242,190,354,-164
115900243,13,5,8
115900244,15,10,5
115900245,63,22,41
115900246,35,5,30
115900247,20,18,2
115900248,20,6,14
115900249,15,14,1
115900250,14,37,-23
115900251,8,9,-1
115900252,8,5,3
115900253,10,35,-25
115900254,9,30,-21
115900255,1,23,-22
115900256,15,18,-3
115900257,11,8,3
115900258,1,2,-1
115900259,2,4,-2
115900260,11,6,5
115900261,8,2,6
115900262,7,0,7
115900263,28,2,26
115900264,25,5,20
115900265,6,9,-3
115900266,4,32,-28
115900267,2,9,-7
115900268,21,10,11
115900269,719,331,388
115900270,498,184,314
115900271,179,0,179
115900272,51,3,48
115900273,18,36,-18
115900274,1,3,-2
115900275,0,12,-12
115900276,1,15,-14
115900277,0,27,-27
115900278,35,110,-75
115900279,24,159,-135
115900280,30,545,-515
115900281,201,292,-91
115900282,4,4,0
116000001,5741,3119,2622
116000002,4706,12995,-8289
116000003,1124,1216,-92
116000004,2692,4393,-1701
116000005,1540,2522,-982
116000006,2441,2985,-544
116000007,2112,2313,-201
116000008,3909,2531,1378
116000009,1209,1439,-230
116000010,2677,1719,958
116000011,615,1343,-728
116000012,1701,1210,491
116000013,5360,3629,1731
116000014,7255,12982,-5727
116000015,228,1453,-1225
116000016,4689,4385,304
116000017,38,795,-757
116000018,724,264,460
116000019,992,312,680
116000020,609,860,-251
116000021,664,320,344
116000022,346,332,14
116000023,1451,873,578
116000024,718,696,22
116000025,913,927,-14
116000026,1646,2575,-929
116000027,872,760,112
116000028,507,1181,-674
116000029,604,869,-265
116000030,789,655,134
116000031,164,266,-102
116000032,374,158,216
116000033,406,429,-23
116000034,896,801,95
116000035,382,612,-230
116000036,1308,1833,-525
116000037,572,453,119
116000038,329,734,-405
116000039,543,667,-124
116000040,704,582,122
116000041,166,547,-381
116000042,629,391,238
116000043,77,594,-517
116000044,6,24,-18
116000045,1882,1665,217
116000046,1032,1629,-597
116000047,1591,2409,-818
116000048,2079,1920,159
116000049,1549,3177,-1628
116000050,1546,1323,223
116000051,6458,2834,3624
116000052,6279,4929,1350
116000053,2246,764,1482
116000054,887,2362,-1475
116000055,886,827,59
116000056,993,1163,-170
116000057,2867,1520,1347
116000058,3233,3102,131
116000059,2957,5367,-2410
116000060,1680,1065,615
116000061,321,1014,-693
116000062,465,223,242
116000063,557,1238,-681
116000066,291,728,-437
116000067,169,331,-162
116000068,261,293,-32
116000069,200,304,-104
116000078,582,1207,-625
116000080,1923,808,1115
116000082,14,22,-8
116000083,1799,453,1346
116000084,1733,2496,-763
116000085,2114,1982,132
116000086,1166,679,487
116000087,2415,1722,693
116000088,788,793,-5
116000089,152,80,72
116000090,119,193,-74
116000091,303,376,-73
116000093,805,579,226
116000094,728,507,221
116000095,1001,492,509
116000096,907,1546,-639
116000097,1259,478,781
116000098,49,7999,-7950
116000099,4345,202,4143
116000100,287,11,276
116000101,1151,568,583
116000102,255,782,-527
116000103,502,306,196
116000104,256,839,-583
116000105,1443,159,1284
116000106,1035,707,328
116000107,4058,267,3791
116000108,768,223,545
116000111,138,41,97
116000113,123,150,-27
116000114,68,143,-75
116000115,394,118,276
116000116,261,357,-96
116000117,1581,1685,-104
116000118,1639,1109,530
116000119,4107,1944,2163
116000120,2867,2937,-70
116000121,1046,546,500
116000122,1017,1049,-32
116000123,1368,434,934
116000124,383,657,-274
116000125,3311,903,2408
116000126,320,969,-649
116000127,978,848,130
116000128,2136,968,1168
116000129,1581,293,1288
116000130,801,612,189
116000133,1388,768,620
116000134,1669,1268,401
116000135,3116,1297,1819
116000136,989,1421,-432
116000137,1382,730,652
116000138,1021,705,316
116000139,1740,2186,-446
116000140,133,189,-56
116000141,356,421,-65
116000142,2672,1795,877
116000143,1723,1734,-11
116000144,1402,1370,32
116000145,1898,1067,831
116000146,785,136,649
116000147,197,154,43
116000148,656,606,50
116000149,822,862,-40
116000151,495,320,175
116000153,121,328,-207
116000155,209,226,-17
116000156,534,756,-222
116000157,89,16,73
116000158,484,329,155
116000159,14,32,-18
116000160,19,47,-28
116000161,6,74,-68
116000162,75,139,-64
116000163,28,37,-9
116000164,11,14,-3
116000177,605,157,448
116000194,87,359,-272
116000195,1280,566,714
116000196,39,14,25
116000197,14,23,-9
116000198,2485,1252,1233
116000200,651,593,58
116000201,636,756,-120
116000202,5,194,-189
116000203,0,64,-64
116000204,11,31,-20
116000205,1,131,-130
116000206,6,146,-140
116000207,30,54,-24
116000233,210,326,-116
116000287,205,275,-70
116000288,440,228,212
116000292,88,88,0
116000296,15,134,-119
116000297,69,8,61
116000304,215,6,209
116000305,5,54,-49
116000346,242,87,155
116000352,156,61,95
116000354,40,27,13
116000357,16,37,-21
116000358,462,75,387
116000361,48,4,44
116000372,3242,5177,-1935
116000381,148,0,148
116000388,2,24,-22
116000389,1058,560,498
116000445,584,310,274
116000446,777,397,380
116000447,21,558,-537
116000448,512,158,354
116000563,840,1146,-306
116000565,80,298,-218
116000568,59,401,-342
116000579,24,128,-104
116000584,28,2,26
116000585,52,25,27
116000586,70,135,-65
116000587,500,734,-234
116000589,43,44,-1
116000590,110,69,41
116000591,323,177,146
116000592,10,83,-73
116000593,0,21,-21
116000594,820,263,557
116000595,757,90,667
116000596,180,7,173
116000597,529,133,396
116000598,21,104,-83
116000602,64,555,-491
116000605,198,126,72
116000606,70,344,-274
116000607,6,52,-46
116000609,114,1035,-921
116000611,187,300,-113
116000612,812,1912,-1100
116000613,746,355,391
116000614,411,326,85
116000615,5,355,-350
116000616,64,93,-29
116000617,127,18,109
116000618,4,31,-27
116000619,64,72,-8
116000620,234,150,84
116000621,73,100,-27
116000622,59,110,-51
116000624,295,113,182
116000627,20,11,9
116000628,50,152,-102
116000629,11,168,-157
116000630,451,26,425
116000631,135,30,105
116000632,644,167,477
116000633,47,244,-197
116000634,618,12,606
116000635,1600,2075,-475
116000636,177,775,-598
116000637,13,3,10
116000638,0,29,-29
116900001,302,150,152
116900002,235,1,234
116900003,69,39,30
116900004,58,116,-58
116900005,303,56,247
116900006,79,206,-127
116900007,141,196,-55
116900008,497,173,324
116900009,25,16,9
116900010,3,800,-797
116900011,16,30,-14
116900012,293,242,51
116900013,3,115,-112
116900014,233,105,128
116900015,515,71,444
116900016,315,9,306
116900017,2,335,-333
116900018,113,63,50
116900019,11,229,-218
116900020,568,1321,-753
116900023,229,28,201
116900024,766,53,713
116900025,1446,612,834
116900026,101,447,-346
116900027,35,44,-9
116900028,7,63,-56
116900029,1,79,-78
116900031,0,5,-5
116900032,14,189,-175
116900033,49,11,38
116900034,8,60,-52
116900035,159,134,25
116900036,8,102,-94
116900038,37,1,36
116900041,68,16,52
116900042,366,266,100
116900043,39,62,-23
116900045,215,92,123
116900047,16,192,-176
116900049,51,260,-209
116900050,154,310,-156
116900051,239,83,156
116900052,213,70,143
116900055,1,11,-10
116900057,20,134,-114
116900058,26,322,-296
116900059,0,77,-77
116900060,186,171,15
116900062,1,13,-12
116900064,124,357,-233
116900065,31,87,-56
116900067,125,65,60
116900068,155,177,-22
116900070,5,5,0
116900072,31,233,-202
116900073,22,78,-56
116900074,4,43,-39
116900076,19,23,-4
116900077,9,68,-59
116900078,181,105,76
116900079,60,135,-75
116900080,5,20,-15
116900081,378,844,-466
116900082,388,920,-532
116900083,29,29,0
116900084,110,70,40
116900085,25,127,-102
116900086,34,124,-90
116900088,366,144,222
116900090,96,27,69
116900091,441,15,426
116900092,102,567,-465
116900093,2012,1672,340
116900094,2997,4591,-1594
116900095,201,101,100
116900096,109,474,-365
116900097,1980,3553,-1573
116900098,777,346,431
116900099,611,845,-234
116900100,1042,67,975
116900101,359,376,-17
116900103,2,0,2
116900104,72,110,-38
116900105,318,205,113
116900106,2725,149,2576
116900107,2136,2745,-609
116900110,8,3,5
116900111,689,367,322
116900112,280,596,-316
116900113,1248,1689,-441
116900116,99,770,-671
116900117,149,101,48
116900118,640,821,-181
116900120,504,84,420
116900121,165,16,149
116900122,1227,478,749
116900123,271,454,-183
116900124,182,828,-646
116900125,548,170,378
116900126,97,590,-493
116900128,0,27,-27
116900129,3,258,-255
116900130,486,4427,-3941
116900131,120,364,-244
116900132,72,141,-69
116900133,249,126,123
116900134,277,254,23
116900136,289,240,49
116900137,304,143,161
116900138,266,148,118
116900139,197,347,-150
116900140,241,136,105
116900141,808,467,341
116900142,4,82,-78
116900143,433,284,149
116900144,42,93,-51
116900145,106,180,-74
116900147,373,923,-550
116900148,5,51,-46
116900149,79,296,-217
116900150,17,15,2
116900151,44,13,31
116900153,206,118,88
116900154,424,693,-269
116900155,70,104,-34
116900157,936,150,786
116900158,102,371,-269
116900159,52,332,-280
116900160,993,922,71
116900161,4217,7773,-3556
116900162,15,53,-38
116900163,319,75,244
116900164,103,84,19
116900165,340,339,1
116900166,59,33,26
116900167,521,54,467
116900168,409,64,345
116900169,409,857,-448
116900170,387,580,-193
116900171,38,129,-91
116900172,162,487,-325
116900173,275,41,234
116900174,85,64,21
116900175,243,333,-90
116900178,33,111,-78
116900179,87,394,-307
116900180,97,31,66
116900182,649,265,384
116900183,213,84,129
116900185,37,71,-34
116900186,103,152,-49
116900187,56,59,-3
116900188,167,37,130
116900189,72,1,71
116900191,431,608,-177
116900192,340,133,207
116900194,174,1689,-1515
116900195,56,40,16
116900196,44,54,-10
116900197,92,16,76
116900198,134,343,-209
116900200,134,20,114
116900201,223,3,220
116900202,101,27,74
116900203,219,14,205
116900204,35,89,-54
116900206,10,8,2
116900207,40,25,15
116900208,5,58,-53
116900209,49,84,-35
116900210,612,345,267
116900211,295,7,288
116900212,95,28,67
116900213,256,100,156
116900214,289,141,148
116900215,59,55,4
116900216,280,167,113
116900218,10,136,-126
116900219,1152,344,808
116900220,156,273,-117
116900221,110,370,-260
116900222,446,363,83
116900223,166,319,-153
116900226,137,50,87
116900227,186,50,136
116900228,366,151,215
116900230,99,157,-58
116900231,37,245,-208
116900232,27,300,-273
116900233,414,101,313
116900234,28,27,1
116900235,160,216,-56
116900238,1300,276,1024
116900239,46,1537,-1491
116900240,3960,3245,715
116900241,175,102,73
116900242,222,886,-664
116900243,5,59,-54
116900245,36,81,-45
116900246,111,18,93
116900247,1177,51,1126
116900248,95,34,61
116900249,545,80,465
116900250,440,29,411
116900251,380,770,-390
116900252,196,530,-334
116900253,134,70,64
116900254,33,77,-44
116900255,152,103,49
116900256,650,132,518
116900257,29,302,-273
116900258,6,119,-113
116900259,363,13,350
116900260,2,53,-51
116900261,109,2,107
116900262,220,125,95
116900263,2,11,-9
116900264,2,5,-3
116900265,71,1,70
116900266,34,24,10
116900267,1,0,1
116900268,354,165,189
116900269,317,625,-308
116900271,728,315,413
116900272,277,246,31
116900273,112,142,-30
116900274,150,56,94
116900275,190,74,116
116900276,456,162,294
116900277,327,30,297
116900278,2,11,-9
116900279,6,10,-4
116900280,35,24,11
116900281,3873,5681,-1808
116900282,4,65,-61
116900283,18,66,-48
116900284,24,147,-123
116900285,163,221,-58
116900286,170,24,146
116900287,18,36,-18
116900288,119,95,24
116900289,15,7,8
116900290,15,22,-7
116900291,65,11,54
116900292,0,21,-21
116900293,93,29,64
116900294,38,154,-116
116900295,99,56,43
116900296,42,53,-11
116900297,9,83,-74
116900298,66,49,17
116900299,19,58,-39
116900300,5,105,-100
116900301,39,94,-55
116900302,19,75,-56
116900303,77,92,-15
116900304,0,171,-171
116900305,13,41,-28
116900306,222,46,176
117000001,2362,1747,615
117000002,1731,3393,-1662
117000003,6024,3309,2715
117000004,2844,4173,-1329
117000005,2525,1942,583
117000006,1094,2405,-1311
117000007,4640,1416,3224
117000008,900,2761,-1861
117000009,4874,1995,2879
117000010,2250,2876,-626
117000011,2761,1469,1292
117000012,1387,938,449
117000013,1802,716,1086
117000014,1190,1820,-630
117000015,2496,1243,1253
117000016,255,174,81
117000017,137,94,43
117000018,115,719,-604
117000019,75,2,73
117000020,468,1962,-1494
117000021,977,361,616
117000022,295,225,70
117000023,107,201,-94
117000024,163,323,-160
117000025,297,1207,-910
117000026,1876,1776,100
117000027,1079,4502,-3423
117000028,1403,2358,-955
117000030,336,415,-79
117000031,288,324,-36
117000032,1341,1188,153
117000033,1480,896,584
117000034,669,298,371
117000035,516,300,216
117000036,419,281,138
117000037,362,194,168
117000038,140,469,-329
117000039,439,240,199
117000040,235,755,-520
117000041,1452,148,1304
117000044,8,443,-435
117000045,570,131,439
117000046,292,628,-336
117000047,857,607,250
117000048,1584,731,853
117000049,147,706,-559
117000050,191,1244,-1053
117000051,2774,74,2700
117000052,81,168,-87
117000053,684,27,657
117000054,1865,9,1856
117000055,7,1931,-1924
117000056,779,38,741
117000057,416,1838,-1422
117000060,500,971,-471
117000061,2181,1005,1176
117000062,235,491,-256
117000063,2112,1098,1014
117000064,555,531,24
117000066,904,933,-29
117000067,104,657,-553
117000074,131,186,-55
117000076,72,41,31
117000077,141,278,-137
117000078,133,624,-491
117000079,542,200,342
117000080,2,284,-282
117000081,1264,151,1113
117000082,7,76,-69
117000083,124,9,115
117000084,139,0,139
117000085,413,891,-478
117000086,949,320,629
117000087,114,427,-313
117000088,267,140,127
117000089,2001,239,1762
117000090,351,968,-617
117000091,1014,283,731
117000092,364,961,-597
117000093,1496,712,784
117000094,1248,1927,-679
117000095,3957,908,3049
117000096,739,1739,-1000
117000097,1840,1042,798
117000098,2212,3009,-797
117000099,4415,1267,3148
117000100,300,432,-132
117000101,141,791,-650
117000102,2104,731,1373
117000103,594,1218,-624
117000104,1801,647,1154
117000105,722,1158,-436
117000106,1525,793,732
117000107,572,1412,-840
117000108,2336,1041,1295
117000109,1162,1969,-807
117000110,2039,1357,682
117000111,3673,3838,-165
117000112,3960,1567,2393
117000113,213,178,35
117000114,280,110,170
117000115,109,81,28
117000116,244,218,26
117000117,1541,1483,58
117000118,245,103,142
117000119,190,215,-25
117000120,153,604,-451
117000121,48,1103,-1055
117000122,271,943,-672
117000123,1515,65,1450
117000124,192,122,70
117000125,143,238,-95
117000126,27,13,14
117000127,148,296,-148
117000128,263,800,-537
117000129,119,156,-37
117000130,45,0,45
117000131,0,70,-70
117000132,4319,100,4219
117000133,2294,52,2242
117000134,1,90,-89
117000135,2,75,-73
117000136,2,27,-25
117000137,188,168,20
117000138,6,723,-717
117000140,424,1175,-751
117000141,2197,578,1619
117000181,404,234,170
117000182,757,873,-116
117000195,233,723,-490
117000196,358,197,161
117000225,91,99,-8
117000226,6,110,-104
117000276,431,27,404
117000277,0,186,-186
117000310,1321,1975,-654
117000315,81,698,-617
117000320,46,0,46
117000906,396,20,376
117000907,25,196,-171
117000908,7,79,-72
117000909,46,35,11
117000910,196,214,-18
117000911,117,161,-44
117000915,10,346,-336
117000916,51,8,43
117000917,1447,35,1412
117000918,89,80,9
117000919,8,57,-49
117000920,1,896,-895
117000921,2,736,-734
117000922,30,54,-24
117000924,288,438,-150
117000926,458,101,357
117000927,691,1273,-582
117000928,0,90,-90
117000929,308,240,68
117000930,270,13,257
117000931,166,169,-3
117900002,73,452,-379
117900003,584,454,130
117900005,3,69,-66
117900006,0,154,-154
117900007,163,74,89
117900008,0,17,-17
117900010,302,57,245
117900011,20,138,-118
117900012,68,58,10
117900013,0,145,-145
117900014,454,77,377
117900015,8,53,-45
117900016,1204,927,277
117900017,578,158,420
117900018,159,169,-10
117900019,576,151,425
117900020,82,536,-454
117900021,26,61,-35
117900022,56,15,41
117900023,767,172,595
117900024,60,67,-7
117900025,49,14,35
117900026,461,166,295
117900028,45,11,34
117900029,325,323,2
117900030,596,214,382
117900031,186,144,42
117900032,1347,909,438
117900033,342,334,8
117900034,58,22,36
117900035,353,130,223
117900036,240,208,32
117900037,292,118,174
117900038,43,214,-171
117900039,2,60,-58
117900040,177,240,-63
117900041,4,62,-58
117900042,3369,311,3058
117900043,21,48,-27
117900044,21,3038,-3017
117900045,187,138,49
117900048,400,180,220
117900049,231,290,-59
117900050,2,111,-109
117900051,25,3,22
117900052,57,442,-385
117900053,2040,462,1578
117900054,4,30,-26
117900055,538,242,296
117900056,96,43,53
117900057,865,1082,-217
117900058,35,19,16
117900059,223,98,125
117900060,3220,3668,-448
117900061,17,280,-263
117900063,385,160,225
117900065,878,1010,-132
117900066,9,82,-73
117900067,575,116,459
117900069,748,190,558
117900070,175,78,97
117900071,85,110,-25
117900073,591,236,355
117900074,110,121,-11
117900075,67,102,-35
117900076,15,38,-23
117900077,561,162,399
117900078,395,873,-478
117900080,138,46,92
117900081,408,407,1
117900082,499,387,112
117900083,499,260,239
117900086,108,25,83
117900087,188,61,127
117900088,2452,1795,657
117900089,2566,828,1738
117900090,375,280,95
117900091,91,180,-89
117900092,68,33,35
117900093,166,84,82
117900094,42,35,7
117900095,310,193,117
117900096,106,204,-98
117900097,463,185,278
117900098,71,16,55
117900099,157,140,17
117900100,409,8,401
117900101,474,1996,-1522
117900102,100,54,46
117900103,95,7,88
117900104,16,245,-229
117900105,109,204,-95
117900106,159,38,121
117900107,57,0,57
117900109,795,389,406
117900110,302,7,295
117900111,556,53,503
117900112,112,23,89
117900113,1511,1957,-446
117900114,56,0,56
117900115,150,99,51
117900116,882,798,84
117900117,737,246,491
117900118,134,1,133
117900119,303,116,187
117900120,335,67,268
117900121,257,116,141
117900122,1426,4770,-3344
117900123,600,296,304
117900124,1058,583,475
117900125,1785,2093,-308
117900126,197,449,-252
117900127,460,270,190
117900128,450,430,20
117900129,131,2,129
117900130,1189,345,844
117900131,1,136,-135
117900132,12,89,-77
117900133,10,82,-72
117900134,107,276,-169
117900135,18,158,-140
117900136,0,24,-24
117900137,50,235,-185
117900138,0,28,-28
117900139,165,107,58
117900140,2490,387,2103
117900141,129,206,-77
117900142,74,95,-21
117900144,63,517,-454
117900145,39,49,-10
117900146,140,212,-72
117900147,70,50,20
117900148,2047,1988,59
117900149,163,187,-24
117900150,55,38,17
117900151,71,54,17
117900152,62,67,-5
117900153,13,99,-86
117900154,378,450,-72
117900156,984,839,145
117900157,68,581,-513
117900158,419,180,239
117900160,853,814,39
117900161,2045,1554,491
117900162,469,315,154
117900163,49,182,-133
117900165,0,12,-12
117900166,129,662,-533
117900168,42,231,-189
117900169,1,97,-96
117900170,1,28,-27
117900171,1,20,-19
117900172,13,22,-9
117900173,127,103,24
117900174,55,57,-2
117900175,4,21,-17
117900176,20,28,-8
117900177,20,20,0
117900178,132,48,84
117900180,235,26,209
117900181,48,471,-423
117900182,3,33,-30
117900183,81,177,-96
117900184,60,58,2
117900185,55,69,-14
117900186,48,18,30
117900187,23,13,10
117900188,255,52,203
117900189,79,32,47
117900190,19,5,14
117900191,73,3,70
117900192,260,1,259
117900193,6,84,-78
117900194,13,2,11
117900195,45,61,-16
117900196,14,29,-15
117900207,144,115,29
117900208,33,39,-6
117900209,191,205,-14
117900210,167,217,-50
117900211,15,178,-163
117900212,147,128,19
117900213,18,18,0
117900214,24,23,1
117900215,14,26,-12
117900216,8,19,-11
117900217,40,303,-263
117900218,64,89,-25
117900219,12,149,-137
117900220,82,131,-49
117900222,190,198,-8
117900223,97,239,-142
118000001,760,1107,-347
118000002,485,1579,-1094
118000003,2195,3696,-1501
118000004,1967,1975,-8
118000005,3084,5707,-2623
118000006,2999,8719,-5720
118000007,5306,4989,317
118000008,2646,3742,-1096
118000009,1552,3020,-1468
118000010,6869,3749,3120
118000011,1726,1707,19
118000012,1034,1447,-413
118000013,2407,1847,560
118000014,1927,1697,230
118000016,253,255,-2
118000017,527,423,104
118000018,461,353,108
118000019,1671,1696,-25
118000020,1034,3515,-2481
118000021,604,3282,-2678
118000022,1412,862,550
118000023,605,257,348
118000024,916,1269,-353
118000027,8781,13186,-4405
118000029,652,914,-262
118000032,520,4008,-3488
118000033,2776,6998,-4222
118000034,4366,2748,1618
118000035,1944,2854,-910
118000036,869,1210,-341
118000037,797,921,-124
118000038,249,109,140
118000039,82,199,-117
118000040,1591,1174,417
118000041,2431,1197,1234
118000045,577,203,374
118000046,1045,909,136
118000047,701,1139,-438
118000048,2145,2144,1
118000051,1588,2121,-533
118000052,1003,1280,-277
118000053,437,646,-209
118000054,1593,964,629
118000055,1316,1571,-255
118000056,413,530,-117
118000057,234,431,-197
118000058,3785,2542,1243
118000059,2055,1700,355
118000060,1381,524,857
118000061,1529,1124,405
118000062,657,450,207
118000063,478,885,-407
118000064,849,1225,-376
118000065,2384,2451,-67
118000066,1044,1921,-877
118000067,542,628,-86
118000068,1474,5762,-4288
118000069,2395,1152,1243
118000070,4215,2078,2137
118000071,2880,7833,-4953
118000072,1387,1582,-195
118000073,986,857,129
118000074,491,348,143
118000075,563,285,278
118000076,1731,2750,-1019
118000077,1118,1215,-97
118000078,1817,2682,-865
118000079,229,593,-364
118000080,872,807,65
118000081,1825,1389,436
118000082,347,1180,-833
118000083,1504,1747,-243
118000084,2633,2157,476
118000086,286,551,-265
118000087,3130,2473,657
118000088,1610,1693,-83
118000089,3366,2318,1048
118000090,1116,2658,-1542
118000091,983,2913,-1930
118000092,936,601,335
118000093,93,869,-776
118000096,551,678,-127
118000097,872,768,104
118000098,304,208,96
118000099,799,601,198
118000101,1395,351,1044
118000102,432,831,-399
118000107,1313,509,804
118000108,683,2649,-1966
118000110,0,52,-52
118000111,3,134,-131
118000112,683,2,681
118000113,2,307,-305
118000114,557,8,549
118000115,13,11,2
118000116,34,0,34
118000117,650,654,-4
118000118,864,1115,-251
118000119,886,1151,-265
118000120,1244,941,303
118000121,82,545,-463
118000122,886,309,577
118000123,44,219,-175
118000125,1225,805,420
118000126,752,1799,-1047
118000127,1490,741,749
118000128,408,1106,-698
118000129,1113,383,730
118000130,1609,2154,-545
118000131,304,433,-129
118000132,2710,2187,523
118000133,940,387,553
118000135,562,396,166
118000136,136,351,-215
118000137,519,102,417
118000138,506,385,121
118000139,603,67,536
118000140,2969,5407,-2438
118000141,2365,1509,856
118000142,1958,1230,728
118000143,2595,1198,1397
118000144,1160,575,585
118000145,1906,1173,733
118000146,1314,551,763
118000147,924,1072,-148
118000148,572,1042,-470
118000149,1003,825,178
118000150,583,270,313
118000151,641,397,244
118000153,1612,1070,542
118000154,1412,1350,62
118000155,1605,1291,314
118000156,1810,2624,-814
118000157,737,465,272
118000158,261,433,-172
118000159,22,107,-85
118000160,688,460,228
118000161,626,542,84
118000162,1934,793,1141
118000163,921,789,132
118000164,1835,1346,489
118000168,864,923,-59
118000169,826,789,37
118000170,3145,3637,-492
118000171,464,534,-70
118000172,89,211,-122
118000173,866,1188,-322
118000175,318,447,-129
118000176,365,579,-214
118000177,302,697,-395
118000178,16,38,-22
118000179,1106,1790,-684
118000180,1015,886,129
118000181,709,399,310
118000182,307,290,17
118000183,205,364,-159
118000184,1125,658,467
118000185,1185,1546,-361
118000186,964,1416,-452
118000187,1721,507,1214
118000188,612,111,501
118000189,864,446,418
118000190,5,16,-11
118000191,27,20,7
118000192,71,147,-76
118000193,78,270,-192
118000194,1105,835,270
118000195,400,1389,-989
118000196,257,208,49
118000197,136,146,-10
118000198,500,760,-260
118000199,544,417,127
118000200,80,217,-137
118000201,452,669,-217
118000202,89,65,24
118000203,597,698,-101
118000204,89,496,-407
118000205,117,283,-166
118000206,303,180,123
118000207,0,30,-30
118000208,1435,1322,113
118000209,2146,1172,974
118000210,73,38,35
118000211,27,43,-16
118000213,709,2413,-1704
118000214,419,740,-321
118000215,406,129,277
118000216,2993,1606,1387
118000217,23,72,-49
118000218,92,97,-5
118000219,425,192,233
118000220,7,60,-53
118000221,340,371,-31
118000222,49,8,41
118000223,46,46,0
118000224,159,81,78
118000225,121,518,-397
118000226,1033,214,819
118000227,591,496,95
118000228,145,279,-134
118000229,173,144,29
118000230,209,199,10
118000231,94,198,-104
118000232,839,572,267
118000233,1290,666,624
118000234,561,185,376
118000236,386,277,109
118000237,165,225,-60
118000238,293,144,149
118000239,310,278,32
118000240,211,216,-5
118000241,149,131,18
118000242,494,347,147
118000243,376,162,214
118000244,43,54,-11
118000246,4,7,-3
118000255,56,264,-208
118000256,147,180,-33
118000259,9,58,-49
118000260,197,80,117
118000261,71,31,40
118000263,104,154,-50
118000266,141,209,-68
118000267,0,134,-134
118000268,258,4,254
118000270,118,18,100
118000271,206,204,2
118000272,97,47,50
118000273,188,75,113
118000274,88,227,-139
118000276,588,295,293
118000295,12,150,-138
118000298,173,208,-35
118000299,77,94,-17
118000301,0,53,-53
118000302,125,48,77
118000311,713,63,650
118000312,355,148,207
118000313,73,77,-4
118000314,134,38,96
118000315,66,41,25
118000316,704,405,299
118000325,72,33,39
118000326,80,32,48
118000331,39,23,16
118000332,21,23,-2
118000333,39,57,-18
118000335,419,1,418
118000336,0,131,-131
118000407,243,51,192
118000457,14,32,-18
118000465,1427,3792,-2365
118000480,48,53,-5
118000489,10,469,-459
118000490,18,113,-95
118000492,351,225,126
118000510,55,23,32
118000514,105,333,-228
118000515,872,825,47
118000517,226,175,51
118000524,171,384,-213
118000525,659,662,-3
118000530,32,83,-51
118000531,359,225,134
118000532,312,261,51
118000533,332,128,204
118000534,567,384,183
118000535,345,168,177
118000536,289,1769,-1480
118000537,27,200,-173
118000538,18,66,-48
118000539,28,110,-82
118000540,381,172,209
118000541,340,61,279
118000542,133,232,-99
118000543,236,267,-31
118000546,46,27,19
118000560,1450,2564,-1114
118000562,44,82,-38
118000563,1200,977,223
118000576,197,92,105
118000577,157,117,40
118000578,122,61,61
118000579,456,1268,-812
118000595,282,79,203
118000596,0,63,-63
118000597,109,76,33
118000598,19,2,17
118000599,76,37,39
118000600,1,22,-21
118000601,15,1,14
118000602,0,9,-9
118000603,0,9,-9
118900001,512,1735,-1223
118900002,740,905,-165
118900003,617,16,601
118900004,53,46,7
118900005,85,7,78
118900006,153,6,147
118900007,15,4,11
118900008,1326,60,1266
118900009,124,74,50
118900010,75,20,55
118900011,213,47,166
118900012,535,219,316
118900013,603,273,330
118900015,374,109,265
118900016,12,9,3
118900017,177,297,-120
118900018,1189,68,1121
118900019,60,36,24
118900020,151,133,18
118900021,154,366,-212
118900022,126,106,20
118900023,166,77,89
118900024,132,174,-42
118900025,80,30,50
118900026,104,64,40
118900027,397,188,209
118900028,228,161,67
118900029,390,630,-240
118900030,565,62,503
118900031,160,80,80
118900032,254,149,105
118900033,459,467,-8
118900034,263,19,244
118900035,134,109,25
118900036,1203,678,525
118900037,492,402,90
118900038,432,88,344
118900039,583,133,450
118900040,251,180,71
118900041,691,145,546
118900042,215,119,96
118900045,387,149,238
118900046,837,556,281
118900047,424,258,166
118900048,200,275,-75
118900049,60,48,12
118900050,55,32,23
118900051,86,75,11
118900052,319,312,7
118900053,32,92,-60
118900054,114,50,64
118900055,193,59,134
118900056,29,411,-382
118900057,859,472,387
118900058,492,361,131
118900059,13,83,-70
118900060,103,106,-3
118900062,725,201,524
118900064,336,785,-449
118900065,73,109,-36
118900066,99,70,29
118900067,3104,4646,-1542
118900068,7,210,-203
118900069,578,200,378
118900071,6,64,-58
118900072,509,330,179
118900073,227,102,125
118900074,167,90,77
118900075,100,60,40
118900076,276,149,127
118900077,293,183,110
118900078,34,10,24
118900079,50,146,-96
118900080,39,135,-96
118900081,121,24,97
118900082,1039,137,902
118900083,45,9,36
118900084,23,22,1
118900085,728,505,223
118900086,39,106,-67
118900087,32,338,-306
118900088,0,9,-9
118900089,32,18,14
118900090,532,322,210
118900091,197,318,-121
118900092,226,64,162
118900093,127,26,101
118900096,72,20,52
118900097,318,401,-83
118900099,123,188,-65
118900100,165,191,-26
118900101,222,381,-159
118900102,70,90,-20
118900103,88,127,-39
118900104,367,141,226
118900105,218,124,94
118900107,167,67,100
118900108,146,148,-2
118900110,1165,1027,138
118900111,628,395,233
118900112,96,160,-64
118900113,107,307,-200
118900114,20,71,-51
118900115,135,369,-234
118900116,140,257,-117
118900117,96,181,-85
118900118,367,233,134
118900119,131,138,-7
118900120,86,221,-135
118900121,30,139,-109
118900122,10,1069,-1059
118900123,164,169,-5
118900124,111,149,-38
118900126,20,390,-370
118900129,255,202,53
118900130,51,197,-146
118900131,224,242,-18
118900132,325,160,165
118900133,12,140,-128
118900135,219,180,39
118900136,274,332,-58
118900137,4,50,-46
118900139,218,251,-33
118900140,470,418,52
118900141,126,108,18
118900144,111,240,-129
118900145,132,119,13
118900146,367,571,-204
118900147,230,152,78
118900148,77,48,29
118900150,137,583,-446
118900152,542,505,37
118900157,61,145,-84
118900158,128,56,72
118900159,1,129,-128
118900161,63,12,51
118900163,94,92,2
118900164,1,98,-97
118900165,90,119,-29
118900166,107,4,103
118900167,119,173,-54
118900168,21,268,-247
118900169,206,216,-10
118900170,310,88,222
118900171,39,40,-1
118900174,67,85,-18
118900175,483,430,53
118900176,205,240,-35
118900177,59,51,8
118900178,79,151,-72
118900179,2,25,-23
118900181,101,108,-7
118900182,131,64,67
118900183,62,173,-111
118900184,360,220,140
118900185,169,71,98
118900186,103,101,2
118900187,292,346,-54
118900188,342,271,71
118900189,50,833,-783
118900190,15,153,-138
118900191,221,25,196
118900192,255,7,248
118900193,818,10,808
118900195,209,448,-239
118900196,49,135,-86
118900197,223,41,182
118900198,44,12,32
118900199,104,33,71
118900200,28,25,3
118900201,27,36,-9
118900202,7,45,-38
118900203,23,14,9
118900204,31,21,10
118900205,4,18,-14
118900206,10,30,-20
119000001,1454,2087,-633
119000002,4765,4151,614
119000003,3290,803,2487
119000004,2966,1312,1654
119000005,1936,1904,32
119000006,3245,1435,1810
119000007,3623,3010,613
119000008,1803,1335,468
119000009,3339,5268,-1929
119000010,4433,3984,449
119000011,3010,3398,-388
119000012,1794,3382,-1588
119000013,2773,1828,945
119000014,1462,2468,-1006
119000019,274,138,136
119000020,3105,1378,1727
119000021,5331,2744,2587
119000022,1899,3317,-1418
119000023,297,237,60
119000024,1633,12590,-10957
119000025,3883,1153,2730
119000026,83,469,-386
119000027,165,325,-160
119000028,1606,559,1047
119000029,91,287,-196
119000030,560,792,-232
119000031,1005,617,388
119000032,2641,2284,357
119000033,2439,1037,1402
119000034,1082,761,321
119000035,34,273,-239
119000036,2276,643,1633
119000037,1411,1039,372
119000038,216,532,-316
119000039,440,329,111
119000040,636,577,59
119000041,617,1100,-483
119000048,2244,1930,314
119000049,2080,1486,594
119000050,1924,1389,535
119000051,2480,845,1635
119000052,1498,2465,-967
119000053,1789,1049,740
119000054,3529,1934,1595
119000055,5045,2649,2396
119000056,2947,1873,1074
119000057,1676,1348,328
119000058,1885,1271,614
119000059,1331,1280,51
119000060,1760,1119,641
119000061,1116,586,530
119000062,1227,1141,86
119000063,692,389,303
119000064,850,889,-39
119000065,1845,3126,-1281
119000066,2303,1138,1165
119000067,1770,1435,335
119000068,1894,854,1040
119000069,1591,1644,-53
119000070,3018,798,2220
119000071,456,551,-95
119000072,4052,2712,1340
119000073,4067,7175,-3108
119000074,1557,1503,54
119000075,3066,1853,1213
119000076,280,1095,-815
119000077,667,722,-55
119000078,365,187,178
119000079,213,561,-348
119000080,533,113,420
119000081,338,424,-86
119000082,1112,171,941
119000083,741,391,350
119000084,316,414,-98
119000085,517,180,337
119000086,305,468,-163
119000087,1189,682,507
119000088,270,197,73
119000089,69,203,-134
119000090,108,119,-11
119000091,116,344,-228
119000092,320,144,176
119000093,3266,1992,1274
119000094,3476,4503,-1027
119000095,2197,2356,-159
119000097,1577,924,653
119000098,940,3009,-2069
119000099,2300,1185,1115
119000100,4383,3087,1296
119000101,4579,1738,2841
119000102,828,1212,-384
119000103,1545,679,866
119000104,1796,1180,616
119000105,1313,2397,-1084
119000106,364,812,-448
119000107,1231,573,658
119000108,400,588,-188
119000109,140,750,-610
119000110,508,891,-383
119000111,82,722,-640
119000112,186,179,7
119000113,1720,428,1292
119000114,1302,1365,-63
119000115,206,178,28
119000116,130,168,-38
119000117,229,462,-233
119000118,7,1,6
119000123,4469,2058,2411
119000124,973,193,780
119000125,4368,582,3786
119000126,795,426,369
119000127,565,363,202
119000128,19,0,19
119000131,1103,399,704
119000132,3,4,-1
119000133,6,8,-2
119000134,1328,481,847
119000135,229,178,51
119000136,370,104,266
119000137,344,247,97
119000138,718,194,524
119000139,374,157,217
119000140,468,392,76
119000284,1060,2422,-1362
119000285,1889,1712,177
119000286,5252,4432,820
119000287,1312,1620,-308
119000288,1989,896,1093
119000289,1328,1808,-480
119000290,239,342,-103
119000291,17,192,-175
119000293,100,151,-51
119000294,77,22,55
119000295,1072,252,820
119000296,254,147,107
119000302,1305,1171,134
119000303,40,148,-108
119000314,1278,11042,-9764
119000315,2,246,-244
119000316,217,81,136
119000317,102,190,-88
119900001,277,1474,-1197
119900002,173,214,-41
119900003,39,578,-539
119900004,265,1574,-1309
119900005,236,91,145
119900006,290,443,-153
119900007,1224,333,891
119900008,289,64,225
119900009,785,662,123
119900010,1153,1167,-14
119900011,26,158,-132
119900012,25,160,-135
119900013,2181,1315,866
119900014,545,212,333
119900015,206,28,178
119900016,76,79,-3
119900017,62,39,23
119900018,1510,1196,314
119900019,62,9,53
119900020,218,176,42
119900021,232,187,45
119900022,118,1135,-1017
119900023,450,1782,-1332
119900025,266,20,246
119900026,621,189,432
119900027,29,12,17
119900028,331,164,167
119900029,10,4,6
119900030,653,390,263
119900031,72,511,-439
119900033,2147,399,1748
119900034,700,102,598
119900037,244,28,216
119900038,51,426,-375
119900039,49,15,34
119900040,178,33,145
119900041,252,17,235
119900042,238,121,117
119900043,104,93,11
119900044,277,1254,-977
119900046,227,41,186
119900047,444,142,302
119900048,67,13,54
119900049,185,6,179
119900050,184,131,53
119900051,745,9,736
119900052,90,30,60
119900053,221,124,97
119900054,180,6,174
119900055,1612,591,1021
119900057,342,64,278
119900058,346,4,342
119900059,86,33,53
119900060,455,27,428
119900062,146,32,114
119900063,18,93,-75
119900064,583,104,479
119900065,258,18,240
119900066,2,0,2
119900067,111,17,94
119900068,552,2,550
119900069,174,46,128
119900070,1236,13,1223
119900071,1028,53,975
119900073,1290,637,653
119900074,58,46,12
119900075,2883,2676,207
119900076,623,165,458
119900077,1235,587,648
119900078,741,848,-107
119900079,412,127,285
119900080,1967,928,1039
119900081,642,444,198
119900082,2560,404,2156
119900083,364,117,247
119900084,709,384,325
119900085,48,45,3
119900087,827,532,295
119900088,35,42,-7
119900089,106,360,-254
119900090,143,56,87
119900091,36,602,-566
119900092,106,307,-201
119900093,1347,290,1057
119900094,46,128,-82
119900095,209,154,55
119900096,33,126,-93
119900097,491,176,315
119900098,61,64,-3
119900099,36,174,-138
119900100,1198,2762,-1564
119900101,189,1491,-1302
119900102,65,143,-78
119900103,60,220,-160
119900104,48,167,-119
119900105,1112,4078,-2966
119900106,30,114,-84
119900107,231,1615,-1384
119900108,3849,716,3133
119900109,29,131,-102
119900110,802,393,409
119900111,212,203,9
119900112,902,642,260
119900113,45,205,-160
119900114,306,700,-394
119900115,453,634,-181
119900116,187,445,-258
119900117,373,440,-67
119900118,165,633,-468
119900119,343,154,189
119900120,604,518,86
119900121,606,651,-45
119900122,396,264,132
119900123,268,261,7
119900124,221,597,-376
119900125,54,277,-223
119900126,3403,312,3091
119900127,1702,856,846
119900128,614,440,174
119900129,332,323,9
119900130,15,209,-194
119900131,47,148,-101
119900132,5,142,-137
119900133,82,115,-33
119900134,1058,160,898
119900135,0,231,-231
119900136,224,252,-28
119900138,343,470,-127
119900139,94,112,-18
119900140,6,98,-92
119900141,73,916,-843
119900142,38,61,-23
119900143,29,224,-195
119900144,1095,225,870
119900145,132,128,4
119900146,179,241,-62
119900147,4,168,-164
119900148,419,94,325
119900149,702,5377,-4675
119900150,139,168,-29
119900151,1630,763,867
119900152,205,197,8
119900153,284,90,194
119900154,7,136,-129
119900155,42,42,0
119900156,32,7,25
119900157,226,185,41
119900158,249,68,181
119900159,1,749,-748
119900160,44,95,-51
119900161,176,114,62
119900162,1106,1255,-149
119900163,163,168,-5
119900164,3,2,1
119900165,186,121,65
119900166,126,41,85
119900167,62,68,-6
119900168,1160,479,681
119900169,48,317,-269
119900170,251,297,-46
119900171,1242,271,971
119900172,236,58,178
119900173,32,233,-201
119900174,6,145,-139
119900175,1848,683,1165
119900177,16,107,-91
119900178,8,112,-104
119900179,126,743,-617
119900180,1164,868,296
119900181,67,158,-91
119900182,7,212,-205
119900183,132,491,-359
119900184,1429,477,952
119900185,87,240,-153
119900186,48,1253,-1205
119900187,17,259,-242
119900188,125,276,-151
119900189,485,534,-49
119900190,75,359,-284
119900191,294,311,-17
119900192,73,143,-70
119900193,592,154,438
119900194,54,108,-54
119900195,19,133,-114
119900196,835,354,481
119900197,322,209,113
119900198,327,201,126
119900199,139,27,112
119900200,768,689,79
119900201,270,175,95
119900202,189,376,-187
119900203,208,535,-327
119900204,484,292,192
119900205,968,433,535
119900206,272,126,146
119900208,217,232,-15
119900209,686,1752,-1066
119900210,53,25,28
119900211,78,3,75
119900212,259,211,48
119900213,6,96,-90
119900214,48,67,-19
119900215,58,75,-17
119900216,10,42,-32
119900217,6,46,-40
119900218,29,74,-45
119900219,18,59,-41
119900220,9,58,-49
119900221,27,156,-129
119900222,16,120,-104
119900223,6,38,-32
119900224,15,21,-6
119900225,623,46,577
119900226,438,2216,-1778
119900227,673,325,348
119900228,269,265,4
119900229,282,358,-76
119900230,1086,505,581
119900231,439,160,279
119900232,277,189,88
119900233,111,9,102
119900234,26,144,-118
119900235,41,80,-39
119900236,41,145,-104
119900237,87,582,-495
119900238,4,48,-44
119900240,107,83,24
119900241,133,175,-42
119900242,1425,1674,-249
119900244,667,1319,-652
119900245,168,171,-3
119900246,401,792,-391
119900247,44,139,-95
119900248,100,329,-229
119900249,248,160,88
119900253,1468,423,1045
119900254,108,905,-797
119900255,181,691,-510
119900256,1178,674,504
119900257,181,13,168
119900258,307,16,291
119900259,11,93,-82
119900260,252,9,243
119900261,352,122,230
119900262,3,101,-98
119900263,1217,314,903
119900264,131,141,-10
119900265,811,269,542
119900266,473,203,270
119900267,276,342,-66
119900268,270,113,157
119900269,1264,800,464
119900271,41,132,-91
119900272,552,386,166
119900275,178,13,165
119900276,39,2,37
119900277,5,6,-1
119900278,265,150,115
119900279,162,403,-241
119900280,549,122,427
119900281,1,206,-205
119900282,72,178,-106
119900283,20,175,-155
119900284,56,181,-125
119900285,189,263,-74
119900286,65,74,-9
119900288,6,24,-18
119900289,2,30,-28
119900290,7,22,-15
119900291,1,82,-81
119900292,36,49,-13
119900293,23,4,19
119900294,50,3,47
119900295,37,1,36
119900296,145,61,84
119900299,86,141,-55
119900300,557,216,341
119900301,135,208,-73
119900302,203,142,61
119900303,572,183,389
119900304,320,36,284
119900305,9,89,-80
119900306,23,3,20
119900307,127,74,53
119900308,4,32,-28
119900309,58,166,-108
119900310,199,206,-7
119900311,111,88,23
119900312,128,68,60
119900313,306,217,89
119900314,239,394,-155
119900315,2221,1400,821
119900318,18,63,-45
119900319,6,167,-161
119900320,395,446,-51
119900321,126,5,121
119900322,29,61,-32
119900323,5,82,-77
119900324,2,26,-24
119900325,8,202,-194
119900326,2,8,-6
120000001,6395,17194,-10799
120000002,2591,2264,327
120000003,2574,1392,1182
120000004,2349,1356,993
120000005,2782,1759,1023
120000006,1171,955,216
120000007,2796,3384,-588
120000008,878,1117,-239
120000009,1800,955,845
120000010,1758,2010,-252
120000011,1085,1222,-137
120000012,1634,1993,-359
120000013,3365,2616,749
120000014,752,1302,-550
120000015,2367,1371,996
120000016,4072,2162,1910
120000017,4036,2814,1222
120000018,3123,13688,-10565
120000019,1086,1570,-484
120000020,2934,3659,-725
120000021,1859,2504,-645
120000022,2870,4116,-1246
120000023,1215,1756,-541
120000024,1184,2348,-1164
120000025,2574,1909,665
120000026,2604,1608,996
120000027,2335,2193,142
120000028,938,2091,-1153
120000029,2221,1996,225
120000030,1330,917,413
120000031,2265,5701,-3436
120000032,5944,3692,2252
120000033,4911,1508,3403
120000034,2469,1406,1063
120000035,2643,1580,1063
120000036,3590,5171,-1581
120000037,683,1651,-968
120000038,4505,3620,885
120000039,856,966,-110
120000040,263,812,-549
120000041,1138,1175,-37
120000042,2279,1618,661
120000043,4987,1122,3865
120000044,6138,1612,4526
120000045,7297,1159,6138
120000046,4509,3094,1415
120000047,792,7227,-6435
120000048,6248,4218,2030
120000049,3398,2698,700
120000050,4040,3420,620
120000051,2710,4366,-1656
120000052,6170,2244,3926
120000053,1461,1759,-298
120000054,1470,2844,-1374
120000055,1921,3552,-1631
120000056,4846,3846,1000
120000057,3949,1288,2661
120000058,1898,1663,235
120000059,20,1712,-1692
120000061,126,413,-287
120000062,171,301,-130
120000063,1085,1992,-907
120000064,191,778,-587
120000065,784,1012,-228
120000066,230,637,-407
120000067,59,533,-474
120000068,213,468,-255
120000069,592,584,8
120000070,95,421,-326
120000071,777,75,702
120000072,1070,333,737
120000073,1035,121,914
120000074,152,133,19
120000075,1219,286,933
120000076,3138,390,2748
120000077,2478,666,1812
120000078,3700,1284,2416
120000079,315,182,133
120000080,123,234,-111
120000081,611,174,437
120000082,293,249,44
120000083,85,740,-655
120000084,434,332,102
120000085,408,331,77
120000086,304,395,-91
120000087,236,354,-118
120000088,769,888,-119
120000089,1139,560,579
120000090,816,483,333
120000091,1377,951,426
120000092,1507,587,920
120000093,706,387,319
120000094,257,805,-548
120000095,1178,340,838
120000096,368,619,-251
120000098,1087,729,358
120000099,478,635,-157
120000100,918,669,249
120000101,667,381,286
120000102,727,1038,-311
120000103,1572,1004,568
120000104,2097,562,1535
120000105,3640,752,2888
120000106,2952,693,2259
120000107,5158,639,4519
120000108,1723,135,1588
120000109,1490,96,1394
120000110,85,743,-658
120000111,196,759,-563
120000112,777,1871,-1094
120000113,671,1343,-672
120000114,868,1710,-842
120000115,276,1473,-1197
120000116,675,1382,-707
120000117,872,1061,-189
120000118,50,75,-25
120000119,27,51,-24
120000120,109,108,1
120000121,13,51,-38
120000122,248,525,-277
120000123,3191,7437,-4246
120000124,518,332,186
120000125,680,581,99
120000126,423,1064,-641
120000127,2180,1430,750
120000128,2602,4918,-2316
120000129,304,251,53
120000130,782,455,327
120000131,490,635,-145
120000134,415,685,-270
120000135,921,562,359
120000137,362,726,-364
120000138,1587,365,1222
120000139,435,393,42
120000140,1339,424,915
120000141,595,362,233
120000142,857,563,294
120000143,1,92,-91
120000144,217,10,207
120000145,486,5,481
120000146,850,887,-37
120000149,767,1068,-301
120000150,2123,12109,-9986
120000151,433,491,-58
120000152,774,155,619
120000153,457,400,57
120000154,612,485,127
120000155,141,271,-130
120000156,608,1454,-846
120000157,1041,748,293
120000158,1071,568,503
120000159,1774,1950,-176
120000160,2550,1808,742
120000161,2742,1940,802
120000162,97,282,-185
120000163,949,839,110
120000164,830,367,463
120000165,746,452,294
120000166,1651,437,1214
120000167,309,340,-31
120000168,21,1102,-1081
120000169,45,2666,-2621
120000170,53,1731,-1678
120000171,24,664,-640
120000172,16,407,-391
120000173,807,1888,-1081
120000174,160,89,71
120000175,226,45,181
120000176,183,37,146
120000177,1206,154,1052
120000178,39,24,15
120000179,157,49,108
120000180,585,125,460
120000181,229,2728,-2499
120000182,99,1039,-940
120000183,16,466,-450
120000184,243,2124,-1881
120000186,49,958,-909
120000187,45,393,-348
120000188,84,639,-555
120000190,401,126,275
120000191,638,101,537
120000192,647,46,601
120000193,245,8,237
120000195,50,12,38
120000196,243,37,206
120000197,66,66,0
120000198,296,70,226
120000199,169,4,165
120000200,261,1,260
120000201,16,56,-40
120000202,2,62,-60
120000203,107,153,-46
120000207,1,75,-74
120000208,16,155,-139
120000209,6,74,-68
120000210,50,68,-18
120000211,303,5,298
120000212,363,3,360
120000213,299,215,84
120000214,0,213,-213
120000215,8,132,-124
120000216,215,33,182
120000217,521,1038,-517
120000218,107,584,-477
120000219,6,301,-295
120000220,7,971,-964
120000225,2537,6,2531
120000226,520,16,504
120000227,1153,89,1064
120000228,12265,4544,7721
120000230,556,30,526
120000231,2003,1563,440
120000233,464,17,447
120000235,368,498,-130
120000236,1258,5,1253
120000237,4,787,-783
120000238,1,1150,-1149
120000241,1242,3986,-2744
120000412,477,14,463
120000413,411,129,282
120000414,212,1,211
120000415,1,54,-53
120000416,223,4,219
120000417,5,72,-67
120000418,304,23,281
120000419,5,154,-149
120000420,33,23,10
120000421,7148,5201,1947
120000422,82,1489,-1407
120000423,3,85,-82
120000424,190,137,53
120000436,125,744,-619
120000437,120,101,19
120000438,1632,268,1364
120000439,265,675,-410
120000443,178,2,176
120000444,1519,356,1163
120000445,1947,927,1020
120000446,695,197,498
120000447,227,3,224
120000449,205,6,199
120000450,8,121,-113
120000451,165,212,-47
120000452,340,5,335
120000453,1,180,-179
120000454,63,50,13
120000455,80,36,44
120000456,2770,4259,-1489
120000457,923,446,477
120000458,575,599,-24
120000459,113,78,35
120000665,1085,296,789
120000668,159,1688,-1529
120000669,162,130,32
120000670,113,1155,-1042
120000671,2016,594,1422
120000672,81,463,-382
120900001,80,97,-17
120900002,327,836,-509
120900003,244,27,217
120900004,26,123,-97
120900005,80,634,-554
120900006,672,285,387
120900007,207,68,139
120900008,456,805,-349
120900009,331,28,303
120900010,700,167,533
120900011,146,220,-74
120900012,198,1642,-1444
120900013,449,138,311
120900014,6,401,-395
120900015,1220,160,1060
120900016,1024,57,967
120900017,1598,66,1532
120900018,254,333,-79
120900019,771,477,294
120900020,750,1623,-873
120900021,890,259,631
120900022,25,302,-277
120900023,416,65,351
120900024,2208,522,1686
120900025,1465,1181,284
120900026,227,146,81
120900027,1207,31,1176
120900028,582,147,435
120900029,156,672,-516
120900030,1722,858,864
120900031,382,154,228
120900032,1637,105,1532
120900033,1373,112,1261
120900034,27,2527,-2500
120900035,72,145,-73
120900037,296,14,282
120900038,86,384,-298
120900039,158,90,68
120900040,472,11,461
120900041,123,37,86
120900042,854,36,818
120900043,105,51,54
120900044,21,296,-275
120900045,156,107,49
120900046,754,7,747
120900047,248,219,29
120900048,168,58,110
120900049,650,2,648
120900050,1489,2136,-647
120900051,462,83,379
120900052,835,4,831
120900053,573,66,507
120900054,1567,599,968
120900055,549,5,544
120900056,832,37,795
120900057,234,15,219
120900058,727,2,725
120900059,188,3,185
120900060,148,25,123
120900061,244,233,11
120900062,266,2,264
120900063,820,14,806
120900064,877,1,876
120900065,763,5,758
120900066,660,249,411
120900067,221,62,159
120900068,414,1,413
120900069,299,31,268
120900071,45,1,44
120900072,1068,11,1057
120900073,751,76,675
120900074,1219,37,1182
120900076,455,1,454
120900077,2234,267,1967
120900078,1153,532,621
120900079,1145,117,1028
120900080,1044,947,97
120900081,1257,554,703
120900082,422,493,-71
120900083,108,7,101
120900084,519,629,-110
120900085,95,155,-60
120900086,78,448,-370
120900087,610,423,187
120900088,264,639,-375
120900089,1957,3749,-1792
120900090,433,67,366
120900091,622,1139,-517
120900092,874,358,516
120900093,1258,155,1103
120900094,497,159,338
120900095,479,13,466
120900096,66,293,-227
120900097,715,520,195
120900098,212,199,13
120900099,81,85,-4
120900100,175,179,-4
120900101,441,197,244
120900102,57,91,-34
120900103,147,296,-149
120900104,20,43,-23
120900105,62,317,-255
120900106,891,338,553
120900107,210,145,65
120900108,22,324,-302
120900109,29,434,-405
120900110,12,412,-400
120900111,220,264,-44
120900112,27,482,-455
120900113,27,536,-509
120900114,22,110,-88
120900115,166,304,-138
120900116,564,241,323
120900117,3,221,-218
120900118,25,461,-436
120900119,8641,3896,4745
120900120,90,339,-249
120900121,71,385,-314
120900122,897,353,544
120900123,5,185,-180
120900124,1,332,-331
120900125,6,499,-493
120900126,1446,816,630
120900127,20,301,-281
120900128,1208,1152,56
120900129,45,238,-193
120900130,20,304,-284
120900131,170,98,72
120900132,1329,172,1157
120900133,85,564,-479
120900134,656,366,290
120900135,12,384,-372
120900136,77,108,-31
120900137,357,100,257
120900138,16,181,-165
120900139,3,448,-445
120900140,3,115,-112
120900141,310,159,151
120900142,7,233,-226
120900143,7,580,-573
120900144,1,108,-107
120900145,372,668,-296
120900146,2,691,-689
120900147,2,468,-466
120900148,169,163,6
120900149,1,179,-178
120900150,55,363,-308
120900151,1,344,-343
120900152,16,31,-15
120900153,122,88,34
120900154,0,128,-128
120900155,258,701,-443
120900156,67,270,-203
120900157,148,277,-129
120900158,64,441,-377
120900159,87,272,-185
120900160,35,728,-693
120900161,61,353,-292
120900162,88,733,-645
120900163,198,2180,-1982
120900164,0,75,-75
120900165,4,335,-331
120900166,139,669,-530
120900167,429,178,251
120900169,84,196,-112
120900170,647,3590,-2943
120900171,767,221,546
120900172,571,2380,-1809
120900173,6,36,-30
120900174,7,102,-95
120900175,234,141,93
120900176,11,438,-427
120900177,2,1472,-1470
120900178,1,782,-781
120900179,607,371,236
120900180,74,216,-142
120900181,167,56,111
120900182,47,298,-251
120900183,758,100,658
120900184,355,83,272
120900185,36,425,-389
120900186,1,221,-220
120900187,628,1132,-504
120900188,327,9,318
120900189,104,1984,-1880
120900190,143,7,136
120900191,21,19,2
120900192,6120,10573,-4453
120900194,103,145,-42
120900195,81,287,-206
120900196,925,31,894
120900197,1007,164,843
120900198,263,479,-216
120900199,616,1526,-910
120900200,48,147,-99
120900201,345,173,172
120900202,0,95,-95
120900203,44,97,-53
120900204,108,185,-77
120900205,48,29,19
120900206,26,36,-10
121000001,601,1088,-487
121000002,2390,1619,771
121000003,2378,1739,639
121000004,2435,3654,-1219
121000005,1485,2519,-1034
121000006,3408,2385,1023
121000007,2168,3236,-1068
121000008,5199,4616,583
121000009,4378,5758,-1380
121000010,7078,6993,85
121000011,7012,11709,-4697
121000012,13702,10950,2752
121000013,4750,6303,-1553
121000014,5641,5258,383
121000015,4148,6976,-2828
121000016,3615,3403,212
121000017,2310,3600,-1290
121000018,2930,1973,957
121000019,11278,11366,-88
121000020,11666,20642,-8976
121000021,3027,2193,834
121000022,3836,3897,-61
121000023,3849,2125,1724
121000024,5699,4928,771
121000025,490,1456,-966
121000026,288,166,122
121000027,1456,1330,126
121000028,996,570,426
121000029,991,635,356
121000030,816,413,403
121000031,723,643,80
121000032,197,121,76
121000034,384,263,121
121000035,187,219,-32
121000036,872,734,138
121000037,626,618,8
121000038,475,1107,-632
121000039,258,388,-130
121000041,567,458,109
121000042,361,365,-4
121000043,662,650,12
121000044,1399,1114,285
121000045,514,292,222
121000046,943,910,33
121000047,54,92,-38
121000049,1104,623,481
121000050,338,1439,-1101
121000051,621,261,360
121000052,426,754,-328
121000053,387,156,231
121000054,88,403,-315
121000055,957,1200,-243
121000056,748,1116,-368
121000057,574,555,19
121000058,322,283,39
121000059,2438,1323,1115
121000060,663,1224,-561
121000061,212,453,-241
121000062,245,468,-223
121000063,1025,925,100
121000064,895,1144,-249
121000065,228,479,-251
121000066,652,665,-13
121000067,476,633,-157
121000068,710,395,315
121000069,265,964,-699
121000070,1837,1225,612
121000071,1786,1418,368
121000072,1617,737,880
121000073,1273,1176,97
121000074,155,111,44
121000075,31,382,-351
121000076,401,418,-17
121000077,167,233,-66
121000078,99,167,-68
121000080,1768,569,1199
121000081,4227,3663,564
121000082,76,325,-249
121000083,147,128,19
121000084,268,192,76
121000085,255,429,-174
121000086,444,576,-132
121000087,113,282,-169
121000088,609,518,91
121000089,342,498,-156
121000090,397,406,-9
121000091,1071,1023,48
121000092,187,53,134
121000093,246,190,56
121000094,551,971,-420
121000095,401,660,-259
121000096,2674,2408,266
121000097,763,2684,-1921
121000098,694,740,-46
121000099,719,573,146
121000100,982,285,697
121000101,444,232,212
121000102,422,188,234
121000103,307,206,101
121000104,473,126,347
121000105,725,192,533
121000106,508,308,200
121000107,1807,2885,-1078
121000109,1058,1041,17
121000110,290,773,-483
121000114,3142,2189,953
121000115,1411,649,762
121000116,321,797,-476
121000117,477,252,225
121000118,1974,206,1768
121000119,286,409,-123
121000120,325,359,-34
121000121,719,1315,-596
121000123,1545,730,815
121000126,128,330,-202
121000127,233,105,128
121000128,1134,283,851
121000129,1082,605,477
121000130,806,734,72
121000131,1613,2070,-457
121000132,1223,2414,-1191
121000135,393,1028,-635
121000136,1342,1242,100
121000137,495,531,-36
121000138,981,1592,-611
121000139,597,590,7
121000141,267,228,39
121000142,587,773,-186
121000143,118,34,84
121000144,756,2375,-1619
121000145,552,783,-231
121000146,1582,1033,549
121000147,1268,542,726
121000148,988,890,98
121000149,2053,1415,638
121000152,509,397,112
121000153,1746,534,1212
121000154,1139,516,623
121000155,1426,994,432
121000156,445,1023,-578
121000157,708,1364,-656
121000158,438,466,-28
121000159,287,369,-82
121000160,280,282,-2
121000161,268,265,3
121000162,148,148,0
121000165,1282,2218,-936
121000166,34,534,-500
121000168,565,247,318
121000169,83,134,-51
121000170,343,78,265
121000171,72,132,-60
121000172,828,586,242
121000173,1237,1314,-77
121000174,415,515,-100
121000175,1240,335,905
121000176,337,286,51
121000177,889,498,391
121000178,104,36,68
121000179,51,58,-7
121000181,497,398,99
121000182,165,297,-132
121000183,229,138,91
121000184,199,170,29
121000185,48,264,-216
121000186,304,583,-279
121000187,251,113,138
121000188,185,131,54
121000192,1023,424,599
121000193,690,524,166
121000194,1900,2144,-244
121000195,192,927,-735
121000196,591,282,309
121000197,179,590,-411
121000198,238,200,38
121000199,130,195,-65
121000200,672,145,527
121000201,5,132,-127
121000202,1191,100,1091
121000203,927,1615,-688
121000204,3509,743,2766
121000205,144,263,-119
121000206,227,72,155
121000207,2329,688,1641
121000208,9,313,-304
121000209,464,132,332
121000210,716,218,498
121000211,443,130,313
121000212,758,365,393
121000213,9508,2893,6615
121000214,830,1809,-979
121000215,892,1145,-253
121000216,572,578,-6
121000217,3478,3128,350
121000218,345,1388,-1043
121000219,1315,632,683
121000220,127,84,43
121000221,113,305,-192
121000222,2184,2244,-60
121000223,240,533,-293
121000224,166,255,-89
121000225,788,2146,-1358
121000226,3468,1329,2139
121000227,13,122,-109
121000228,20,517,-497
121000229,335,522,-187
121000230,52,1454,-1402
121000231,1547,47,1500
121000232,443,376,67
121000233,624,308,316
121000234,24,70,-46
121000235,52,62,-10
121000236,10,70,-60
121000237,40,29,11
121000238,11,80,-69
121000239,64,12,52
121000240,5,151,-146
121000241,87,21,66
121000242,71,456,-385
121000243,231,66,165
121000244,9,123,-114
121000245,39,24,15
121000246,2,94,-92
121000247,148,7,141
121000248,437,793,-356
121000249,128,247,-119
121000250,682,276,406
121000251,30,295,-265
121000252,120,87,33
121000253,298,284,14
121000254,680,170,510
121000255,192,208,-16
121000256,423,232,191
121000257,75,135,-60
121000258,189,125,64
121000259,41,53,-12
121000260,66,98,-32
121000261,63,58,5
121000262,902,675,227
121000263,797,347,450
121000271,350,1248,-898
121000273,36,7,29
121000274,9,69,-60
121000275,3,5,-2
121000276,14,14,0
121000278,44,40,4
121000279,21,32,-11
121000280,38,43,-5
121000289,267,24,243
121000290,911,1042,-131
121000294,254,87,167
121000297,588,1116,-528
121000299,54,510,-456
121000300,831,625,206
121000302,43,881,-838
121000303,556,269,287
121000304,483,118,365
121000305,154,72,82
121000306,193,151,42
121000308,183,292,-109
121000309,332,471,-139
121000310,120,302,-182
121000311,98,751,-653
121000312,423,289,134
121000313,328,472,-144
121000314,62,111,-49
121000315,31,104,-73
121000530,1883,1135,748
121000531,2465,1339,1126
121000532,6685,8511,-1826
121000533,3509,3679,-170
121000918,51,68,-17
121000919,40,54,-14
121000938,63,183,-120
121000939,61,225,-164
121000956,1720,1025,695
121000957,5,15,-10
121000958,33,41,-8
121000959,942,485,457
121000960,1420,1622,-202
121000961,317,61,256
121000962,516,438,78
121000973,0,185,-185
121000976,12,267,-255
121000979,482,212,270
121000981,366,117,249
121000982,344,95,249
121000983,490,249,241
121000984,55,40,15
121000985,879,280,599
121000986,499,122,377
121000987,211,472,-261
121000988,1057,101,956
121001302,205,104,101
121001308,8,26,-18
121001309,34,409,-375
121001313,221,85,136
121001314,1683,2081,-398
121001315,5399,3398,2001
121900001,181,157,24
121900002,35,34,1
121900003,507,7,500
121900004,108,332,-224
121900005,27,10,17
121900006,121,27,94
121900007,1788,2284,-496
121900008,304,777,-473
121900009,552,25,527
121900010,272,4,268
121900011,470,433,37
121900012,13,1,12
121900013,780,126,654
121900014,1209,410,799
121900015,284,219,65
121900016,4,18,-14
121900017,1474,369,1105
121900018,444,14,430
121900019,603,251,352
121900020,15,5,10
121900021,1028,23,1005
121900022,296,317,-21
121900023,171,271,-100
121900024,334,90,244
121900025,750,375,375
121900026,343,33,310
121900027,775,295,480
121900028,254,19,235
121900029,132,196,-64
121900030,517,568,-51
121900031,976,6784,-5808
121900032,96,74,22
121900033,182,301,-119
121900034,332,107,225
121900035,2748,2748,0
121900036,87,379,-292
121900037,225,1122,-897
121900038,29,120,-91
121900039,362,45,317
121900040,93,99,-6
121900041,151,260,-109
121900042,463,180,283
121900043,3,9,-6
121900044,99,64,35
121900046,358,354,4
121900047,246,82,164
121900048,105,65,40
121900050,57,62,-5
121900051,245,128,117
121900052,236,32,204
121900053,734,392,342
121900054,707,999,-292
121900055,7,29,-22
121900058,423,145,278
121900059,537,206,331
121900060,146,324,-178
121900061,201,219,-18
121900062,183,206,-23
121900063,1675,394,1281
121900064,365,504,-139
121900066,71,45,26
121900067,140,48,92
121900069,222,139,83
121900070,301,153,148
121900071,533,340,193
121900072,59,67,-8
121900073,260,252,8
121900074,676,1350,-674
121900075,423,791,-368
121900076,662,515,147
121900077,35,12,23
121900078,176,62,114
121900079,0,3,-3
121900080,1001,417,584
121900082,65,77,-12
121900084,56,82,-26
121900085,7,15,-8
121900086,38,86,-48
121900087,145,175,-30
121900088,1820,3459,-1639
121900089,274,329,-55
121900090,145,65,80
121900091,133,81,52
121900092,146,122,24
121900093,94,64,30
121900094,27,9,18
121900095,442,186,256
121900096,1454,944,510
121900097,912,328,584
121900098,12,8,4
121900099,291,44,247
121900100,133,741,-608
121900101,145,129,16
121900102,6,126,-120
121900103,545,226,319
121900104,1664,313,1351
121900105,440,301,139
121900106,3,29,-26
121900107,71,39,32
121900108,0,23,-23
121900109,263,143,120
121900110,746,497,249
121900111,856,351,505
121900112,268,163,105
121900113,92,626,-534
121900114,114,114,0
121900117,274,282,-8
121900118,1724,833,891
121900119,379,65,314
121900120,66,1190,-1124
121900121,485,31,454
121900122,39,79,-40
121900123,288,432,-144
121900124,172,151,21
121900125,1935,1135,800
121900127,14,126,-112
121900128,95,66,29
121900129,414,211,203
121900130,134,212,-78
121900131,219,116,103
121900132,67,85,-18
121900133,60,1323,-1263
121900134,48,235,-187
121900135,3446,562,2884
121900136,886,241,645
121900137,61,297,-236
121900138,134,146,-12
121900139,360,876,-516
121900140,91,144,-53
121900141,85,26,59
121900142,188,157,31
121900143,22,234,-212
121900144,123,318,-195
121900145,264,512,-248
121900146,632,765,-133
121900147,66,239,-173
121900148,207,347,-140
121900149,410,576,-166
121900150,62,163,-101
121900151,109,216,-107
121900152,134,113,21
121900153,58,966,-908
121900154,13,260,-247
121900155,7,247,-240
121900156,147,151,-4
121900157,3,294,-291
121900158,118,115,3
121900159,2,253,-251
121900160,62,312,-250
121900161,279,431,-152
121900162,95,204,-109
121900163,356,426,-70
121900164,404,171,233
121900165,447,135,312
121900166,172,142,30
121900167,90,126,-36
121900168,166,283,-117
121900169,4,183,-179
121900170,8,176,-168
121900171,1059,635,424
121900172,595,276,319
121900173,813,321,492
121900174,55,105,-50
121900175,188,312,-124
121900176,532,1220,-688
121900177,157,70,87
121900178,37,49,-12
121900179,620,294,326
121900180,2352,5771,-3419
121900182,756,408,348
121900183,923,1518,-595
121900184,146,704,-558
121900186,7,441,-434
121900187,24,188,-164
121900188,613,307,306
121900189,48,122,-74
121900190,292,456,-164
121900191,185,282,-97
121900192,276,942,-666
121900193,90,120,-30
121900194,6,311,-305
121900195,43,113,-70
121900196,854,941,-87
121900197,487,941,-454
121900198,1423,1108,315
121900199,3,32,-29
121900200,61,195,-134
121900201,734,1101,-367
121900202,123,710,-587
121900203,164,1237,-1073
121900204,640,1603,-963
121900205,28,92,-64
121900206,41,45,-4
121900207,86,46,40
121900208,118,328,-210
121900209,87,51,36
121900210,1534,1139,395
121900211,44,123,-79
121900212,106,122,-16
121900213,352,46,306
121900214,12,499,-487
121900215,52,138,-86
121900216,47,359,-312
121900217,212,215,-3
121900218,198,434,-236
121900220,119,16,103
121900221,252,606,-354
121900222,247,108,139
121900223,227,52,175
121900224,135,50,85
121900225,140,140,0
121900226,384,93,291
121900227,357,581,-224
121900228,193,225,-32
121900230,64,384,-320
121900231,113,2400,-2287
121900232,196,300,-104
121900233,207,182,25
121900234,459,164,295
121900235,695,126,569
121900236,309,185,124
121900237,236,329,-93
121900238,178,328,-150
121900239,283,47,236
121900240,405,175,230
121900241,92,51,41
121900242,12,1,11
121900243,19,1,18
121900244,32,8,24
121900245,252,55,197
121900246,3020,218,2802
121900247,447,219,228
121900248,1019,1278,-259
121900250,310,427,-117
121900251,443,58,385
121900252,608,170,438
121900253,100,607,-507
121900254,427,287,140
121900255,528,126,402
121900258,3751,2219,1532
121900259,316,598,-282
121900260,198,85,113
121900261,201,701,-500
121900262,362,1042,-680
121900263,419,217,202
121900264,1317,1210,107
121900265,381,210,171
121900266,740,127,613
121900267,108,62,46
121900269,234,1111,-877
121900270,63,189,-126
121900271,45,143,-98
121900273,535,1954,-1419
121900274,345,199,146
121900277,432,1009,-577
121900278,141,745,-604
121900279,139,157,-18
121900280,145,415,-270
121900281,231,678,-447
121900284,93,9,84
121900286,245,738,-493
121900287,26,30,-4
121900288,9,1,8
121900290,188,528,-340
121900291,375,814,-439
121900292,154,146,8
121900293,903,2679,-1776
121900294,244,6,238
121900295,177,173,4
121900296,99,246,-147
121900298,245,1019,-774
121900299,0,17,-17
121900300,110,11,99
121900301,102,1,101
121900302,9,51,-42
121900303,486,321,165
121900304,3,16,-13
121900305,2,11,-9
121900306,234,5,229
121900307,105,18,87
121900308,14,200,-186
121900309,5,128,-123
121900310,24,259,-235
121900311,486,21,465
121900312,424,7,417
121900313,424,30,394
121900314,2,40,-38
121900315,21,1,20
121900316,0,5,-5
121900317,26,3,23
121900318,0,22,-22
121900319,30,213,-183
121900320,48,28,20
121900321,26,1,25
121900322,4,9,-5
121900323,29,30,-1
121900324,1,28,-27
121900325,24,1,23
121900326,1,20,-19
121900327,3,39,-36
121900328,1,27,-26
121900329,1,97,-96
121900330,1,66,-65
121900331,76,141,-65
121900332,121,22,99
121900333,23,1,22
122000001,1668,4986,-3318
122000002,2873,1332,1541
122000003,1707,2861,-1154
122000004,2370,1589,781
122000005,2552,2192,360
122000006,1344,1050,294
122000007,780,1573,-793
122000008,1731,4055,-2324
122000009,364,462,-98
122000010,2096,2692,-596
122000011,3493,1820,1673
122000012,936,2102,-1166
122000013,891,1058,-167
122000014,2047,1088,959
122000015,1178,1087,91
122000016,536,884,-348
122000017,1238,1153,85
122000018,1637,1613,24
122000019,935,1174,-239
122000020,277,298,-21
122000021,252,464,-212
122000022,1078,1094,-16
122000023,768,1601,-833
122000024,679,1842,-1163
122000025,730,2404,-1674
122000026,722,1456,-734
122000027,542,1401,-859
122000028,954,630,324
122000029,526,575,-49
122000030,182,182,0
122000031,226,410,-184
122000032,2164,1962,202
122000033,462,1741,-1279
122000034,516,809,-293
122000035,264,730,-466
122000036,566,497,69
122000037,471,278,193
122000038,252,349,-97
122000039,585,556,29
122000040,280,349,-69
122000041,492,659,-167
122000042,349,397,-48
122000043,128,126,2
122000044,120,107,13
122000045,1272,549,723
122000046,870,678,192
122000047,231,221,10
122000048,3220,4488,-1268
122000049,5518,3704,1814
122000050,1204,775,429
122000051,249,416,-167
122000052,509,566,-57
122000053,193,988,-795
122000054,2257,1981,276
122000055,2045,3505,-1460
122000056,3379,3237,142
122000057,2646,3771,-1125
122000058,1324,1765,-441
122000059,1867,2639,-772
122000060,491,1002,-511
122000061,355,753,-398
122000062,521,271,250
122000063,889,877,12
122000064,2764,3516,-752
122000065,2804,2219,585
122000066,938,1038,-100
122000067,1512,1112,400
122000068,1799,1119,680
122000069,809,616,193
122000070,960,1100,-140
122000071,2060,1204,856
122000072,562,547,15
122000073,288,921,-633
122000074,3328,1535,1793
122000075,913,1282,-369
122000076,3629,1424,2205
122000077,891,1221,-330
122000078,1243,3158,-1915
122000079,838,1503,-665
122000080,629,470,159
122000081,209,248,-39
122000082,381,1230,-849
122000083,2484,1182,1302
122000084,2333,1054,1279
122000085,290,778,-488
122000086,2193,6131,-3938
122000087,331,539,-208
122000088,428,622,-194
122000089,4102,2536,1566
122000090,202,635,-433
122000091,154,123,31
122000092,80,31,49
122000093,1862,2976,-1114
122000094,4474,4091,383
122000095,1438,5264,-3826
122000096,1079,2032,-953
122000098,2116,3809,-1693
122000099,1199,876,323
122000100,810,547,263
122000101,417,543,-126
122000102,1913,1030,883
122000103,2067,1522,545
122000104,453,191,262
122000105,448,296,152
122000106,462,825,-363
122000107,1184,493,691
122000108,529,904,-375
122000109,492,311,181
122000110,564,619,-55
122000111,2812,1697,1115
122000112,1139,1467,-328
122000113,722,699,23
122000114,2372,1838,534
122000115,1960,1205,755
122000116,479,662,-183
122000117,1338,484,854
122000118,617,727,-110
122000119,2468,2291,177
122000120,1204,3373,-2169
122000121,1142,2670,-1528
122000122,579,1489,-910
122000123,1418,1829,-411
122000124,962,622,340
122000125,536,791,-255
122000126,508,936,-428
122000127,770,999,-229
122000128,379,542,-163
122000129,554,1717,-1163
122000130,2906,1438,1468
122000131,1225,945,280
122000132,235,435,-200
122000133,1080,1007,73
122000134,1171,790,381
122000135,640,598,42
122000136,922,599,323
122000137,2322,924,1398
122000139,915,4169,-3254
122000140,673,639,34
122000141,3403,1285,2118
122000142,260,958,-698
122000143,465,396,69
122000144,1400,1106,294
122000145,1069,967,102
122000146,1010,1690,-680
122000147,673,568,105
122000148,1017,2584,-1567
122000149,2035,1504,531
122000150,1307,953,354
122000151,175,423,-248
122000152,313,377,-64
122000153,397,346,51
122000154,244,266,-22
122000155,1762,2935,-1173
122000156,2605,3080,-475
122000157,1170,3064,-1894
122000158,327,587,-260
122000159,631,1198,-567
122000160,2558,2074,484
122000161,1076,1174,-98
122000162,1662,1954,-292
122000163,242,116,126
122000164,91,142,-51
122000165,984,776,208
122000166,793,1115,-322
122000167,327,315,12
122000168,214,575,-361
122000169,297,173,124
122000170,446,260,186
122000171,59,97,-38
122000172,1661,1424,237
122000173,1442,2600,-1158
122000174,2488,1132,1356
122000175,885,318,567
122000176,401,886,-485
122000177,1418,1590,-172
122000178,2561,2643,-82
122000179,1869,2681,-812
122000180,1398,1384,14
122000181,1344,3149,-1805
122000182,1596,2080,-484
122000183,2086,1144,942
122000184,3000,2838,162
122000185,1251,2018,-767
122000186,513,1084,-571
122000187,2025,921,1104
122000188,482,297,185
122000189,176,372,-196
122000190,838,1263,-425
122000191,1008,960,48
122000192,1455,417,1038
122000193,580,728,-148
122000194,452,200,252
122000195,132,456,-324
122000196,1372,685,687
122000197,497,735,-238
122000198,403,1114,-711
122000199,434,383,51
122000200,895,726,169
122000201,1252,1658,-406
122000202,1351,1820,-469
122000203,2972,1350,1622
122000204,1178,1835,-657
122000205,950,1334,-384
122000206,2440,888,1552
122000207,2421,1358,1063
122000208,2560,1446,1114
122000209,1907,443,1464
122000210,2038,1547,491
122000211,1410,1191,219
122000212,954,707,247
122000213,1087,1552,-465
122000214,2172,1891,281
122000215,2116,1882,234
122000217,1819,1519,300
122000218,782,87,695
122000219,960,799,161
122000220,385,748,-363
122000221,68,429,-361
122000222,604,205,399
122000223,1305,585,720
122000225,1042,423,619
122000226,1787,1554,233
122000227,232,2075,-1843
122000228,340,324,16
122000229,38,518,-480
122000230,180,389,-209
122000231,420,686,-266
122000232,732,741,-9
122000233,0,76,-76
122000234,413,61,352
122000235,472,107,365
122000236,1661,82,1579
122000237,168,104,64
122000238,469,440,29
122000239,822,170,652
122000240,1448,637,811
122000241,1998,506,1492
122000242,903,185,718
122000243,57,50,7
122000244,12,287,-275
122000245,11,65,-54
122000246,30,114,-84
122000247,687,198,489
122000248,762,1023,-261
122000249,1157,909,248
122000250,2273,1054,1219
122000251,272,494,-222
122000252,396,160,236
122000253,76,627,-551
122000254,384,114,270
122000255,892,1132,-240
122000256,318,611,-293
122000257,219,157,62
122000258,440,335,105
122000259,24,333,-309
122000260,8,56,-48
122000261,18,309,-291
122000262,0,27,-27
122000263,367,674,-307
122000264,1506,274,1232
122000265,2497,958,1539
122000266,4166,653,3513
122000267,211,155,56
122000268,190,367,-177
122000269,928,328,600
122000270,568,186,382
122000271,285,915,-630
122000272,379,777,-398
122000273,356,408,-52
122000274,224,178,46
122000275,84,173,-89
122000276,1000,504,496
122000277,1311,1547,-236
122000278,2093,595,1498
122000279,285,302,-17
122000280,984,540,444
122000281,1056,881,175
122000282,294,450,-156
122000283,349,187,162
122000284,264,103,161
122000285,287,92,195
122000286,69,168,-99
122000287,1335,1368,-33
122000288,542,298,244
122000291,2323,715,1608
122000293,261,222,39
122000294,168,320,-152
122000295,1516,199,1317
122000296,79,479,-400
122000297,2257,3671,-1414
122000299,564,472,92
122000300,468,699,-231
122000301,6761,3209,3552
122000302,547,2166,-1619
122000303,2524,1238,1286
122000304,87,163,-76
122000305,1354,242,1112
122000306,40,440,-400
122000307,153,119,34
122000309,74,55,19
122000310,8,67,-59
122000311,136,101,35
122000312,130,130,0
122000313,97,66,31
122000314,97,232,-135
122000315,257,43,214
122000316,965,211,754
122000317,1922,266,1656
122000318,287,952,-665
122000319,177,312,-135
122000320,285,855,-570
122000321,70,121,-51
122000322,1366,1915,-549
122000323,930,2392,-1462
122000324,1257,1307,-50
122000325,928,2220,-1292
122000326,115,82,33
122000327,484,605,-121
122000328,663,484,179
122000330,1765,1077,688
122000332,231,314,-83
122000333,6,58,-52
122000337,1163,668,495
122000338,692,323,369
122000340,268,738,-470
122000342,1341,848,493
122000343,492,674,-182
122000344,90,22,68
122000345,61,27,34
122000346,496,350,146
122000348,1034,849,185
122000349,138,648,-510
122000351,147,245,-98
122000352,362,186,176
122000353,172,59,113
122000355,157,319,-162
122000356,978,1289,-311
122000357,105,29,76
122000358,1,27,-26
122000359,0,24,-24
122000360,1,29,-28
122000362,7,60,-53
122000364,298,346,-48
122000365,4,49,-45
122000366,9,9,0
122000368,579,703,-124
122000370,45,27,18
122000371,31,1,30
122000372,17,3,14
122000381,208,338,-130
122000382,117,213,-96
122000384,1862,1127,735
122000385,88,0,88
122000386,317,1765,-1448
122000387,579,695,-116
122000388,1572,746,826
122000389,196,879,-683
122000390,330,338,-8
122000391,299,354,-55
122000392,291,152,139
122000393,39,123,-84
122000394,608,251,357
122000395,137,127,10
122000396,215,109,106
122000397,37,34,3
122000398,42,45,-3
122000399,174,69,105
122000400,100,779,-679
122000401,117,59,58
122000402,450,155,295
122000403,596,518,78
122000404,186,131,55
122000408,644,918,-274
122000503,19,139,-120
122000524,243,170,73
122000544,84,1994,-1910
122000616,307,3,304
122000640,99,82,17
122000641,133,194,-61
122000642,1023,706,317
122000643,67,179,-112
122000644,98,38,60
122000645,106,211,-105
122000651,855,1171,-316
122000664,131,33,98
122000665,1274,581,693
122000666,835,1167,-332
122000673,16,143,-127
122000674,199,76,123
122000675,1820,622,1198
122000686,480,772,-292
122000687,1533,298,1235
122000688,284,388,-104
122000689,1127,284,843
122000690,2784,363,2421
122000691,1070,848,222
122000692,1752,374,1378
122000693,447,1131,-684
122000695,451,291,160
122000696,613,122,491
122000698,487,393,94
122000699,221,91,130
122000701,1491,314,1177
122000702,440,824,-384
122000703,155,77,78
122000717,57,81,-24
122000718,305,750,-445
122000719,115,59,56
122000720,580,111,469
122000724,118,25,93
122900001,61,14,47
122900002,1106,5776,-4670
122900003,391,44,347
122900004,2191,92,2099
122900005,167,144,23
122900006,788,1280,-492
122900007,232,162,70
122900008,559,185,374
122900009,707,607,100
122900010,251,118,133
122900012,224,387,-163
122900014,155,227,-72
122900015,1181,1805,-624
122900016,115,216,-101
122900017,310,770,-460
122900018,194,29,165
122900019,15,129,-114
122900020,171,440,-269
122900021,67,423,-356
122900022,1247,713,534
122900023,662,171,491
122900024,650,180,470
122900025,13,369,-356
122900026,30,246,-216
122900027,48,534,-486
122900028,131,160,-29
122900029,4026,3017,1009
122900030,1383,618,765
122900031,74,368,-294
122900032,129,471,-342
122900033,263,167,96
122900034,4039,4803,-764
122900035,77,15,62
122900036,103,77,26
122900037,375,139,236
122900038,144,3403,-3259
122900039,138,606,-468
122900040,305,513,-208
122900041,364,355,9
122900042,204,358,-154
122900043,437,227,210
122900044,111,396,-285
122900045,137,141,-4
122900046,181,279,-98
122900047,132,171,-39
122900048,50,198,-148
122900049,1198,169,1029
122900051,91,149,-58
122900052,137,166,-29
122900053,50,32,18
122900055,341,133,208
122900057,255,77,178
122900061,596,269,327
122900062,626,770,-144
122900063,173,218,-45
122900064,741,432,309
122900065,675,277,398
122900066,890,449,441
122900067,1021,623,398
122900068,211,315,-104
122900069,538,1591,-1053
122900070,368,57,311
122900071,107,237,-130
122900072,19,328,-309
122900073,39,121,-82
122900074,1000,408,592
122900075,0,91,-91
122900076,6,142,-136
122900077,0,96,-96
122900078,232,51,181
122900080,44,64,-20
122900081,150,155,-5
122900082,1156,250,906
122900083,159,149,10
122900084,12,200,-188
122900086,34,128,-94
122900087,361,468,-107
122900088,53,307,-254
122900089,34,270,-236
122900090,10,288,-278
122900091,365,6,359
122900092,0,119,-119
122900093,0,154,-154
122900094,2,130,-128
122900095,255,33,222
122900096,593,109,484
122900097,30,78,-48
122900098,81,159,-78
122900099,85,27,58
122900100,266,608,-342
122900101,467,354,113
122900102,35,36,-1
122900103,138,6,132
122900104,307,8,299
122900105,20,3,17
122900106,2,50,-48
122900107,10,94,-84
122900108,4,107,-103
123000001,954,502,452
123000002,2578,6181,-3603
123000003,3991,4828,-837
123000004,2460,3696,-1236
123000005,2925,2908,17
123000006,1853,1834,19
123000007,4313,2615,1698
123000008,2461,2395,66
123000009,4758,2661,2097
123000010,3009,2848,161
123000011,1927,792,1135
123000012,574,2020,-1446
123000013,3484,864,2620
123000014,733,3231,-2498
123000015,2298,1015,1283
123000016,2917,4543,-1626
123000017,3355,1827,1528
123000018,86,117,-31
123000019,514,111,403
123000020,361,56,305
123000021,235,222,13
123000022,336,1979,-1643
123000023,1594,1924,-330
123000024,1722,699,1023
123000025,126,134,-8
123000026,71,160,-89
123000027,166,770,-604
123000028,1710,832,878
123000029,761,1410,-649
123000030,359,213,146
123000031,386,176,210
123000032,587,119,468
123000033,253,68,185
123000034,1228,752,476
123000035,482,473,9
123000036,291,1050,-759
123000037,291,273,18
123000038,92,226,-134
123000039,464,1829,-1365
123000040,663,314,349
123000041,1064,1425,-361
123000042,642,660,-18
123000043,2176,12098,-9922
123000044,3154,2695,459
123000045,4211,3393,818
123000046,451,1786,-1335
123000047,1406,1057,349
123000048,110,1011,-901
123000049,5254,11190,-5936
123000050,1970,1635,335
123000051,78,192,-114
123000052,828,3555,-2727
123000053,2781,3178,-397
123000054,1682,1624,58
123000055,1748,3162,-1414
123000056,1154,1762,-608
123000057,5953,7166,-1213
123000058,616,1318,-702
123000059,347,484,-137
123000060,1153,380,773
123000061,364,624,-260
123000063,940,1060,-120
123000064,1228,251,977
123000065,4050,2405,1645
123000066,558,511,47
123000067,1011,433,578
123000068,2317,2410,-93
123000069,5548,2467,3081
123000070,170,547,-377
123000071,1420,703,717
123000072,1270,692,578
123000073,1618,764,854
123000074,1093,725,368
123000075,414,1362,-948
123000076,905,453,452
123000077,1890,1783,107
123000078,2001,1385,616
123000079,1949,1492,457
123000080,2411,1309,1102
123000081,164,377,-213
123000082,346,876,-530
123000083,1132,302,830
123000084,769,363,406
123000085,476,69,407
123000086,718,134,584
123000087,517,237,280
123000088,1427,607,820
123000089,579,894,-315
123000090,1190,745,445
123000091,1322,1272,50
123000092,751,1080,-329
123000094,595,267,328
123000095,715,635,80
123000096,996,339,657
123000097,667,453,214
123000098,964,481,483
123000099,767,512,255
123000100,438,749,-311
123000101,552,590,-38
123000102,443,727,-284
123000104,406,554,-148
123000105,442,420,22
123000106,354,539,-185
123000107,251,425,-174
123000108,438,944,-506
123000111,1157,348,809
123000112,1649,464,1185
123000113,479,862,-383
123000114,346,645,-299
123000115,292,236,56
123000116,44,83,-39
123000117,2147,1277,870
123000118,513,665,-152
123000119,272,619,-347
123000120,402,611,-209
123000121,490,466,24
123000122,306,238,68
123000123,474,507,-33
123000124,380,367,13
123000125,1282,1456,-174
123000126,1186,5140,-3954
123000127,654,505,149
123000128,316,183,133
123000129,982,188,794
123000130,829,88,741
123000131,1121,739,382
123000132,263,481,-218
123000133,153,256,-103
123000134,275,148,127
123000135,3242,1075,2167
123000136,219,529,-310
123000137,115,185,-70
123000138,72,266,-194
123000139,728,118,610
123000140,116,493,-377
123000141,867,149,718
123000142,796,661,135
123000143,969,1356,-387
123000144,51,41,10
123000145,201,278,-77
123000146,30,85,-55
123000147,79,73,6
123000149,346,312,34
123000150,148,232,-84
123000151,187,448,-261
123000152,136,464,-328
123000153,298,723,-425
123000154,1466,1883,-417
123000155,1729,1370,359
123000156,38,95,-57
123000157,612,761,-149
123000158,571,756,-185
123000159,3166,2939,227
123000160,1090,930,160
123000161,1935,1335,600
123000162,1425,1722,-297
123000163,815,142,673
123000164,1871,357,1514
123000165,353,1061,-708
123000166,64,130,-66
123000167,146,223,-77
123000168,365,188,177
123000169,1079,136,943
123000170,63,104,-41
123000171,1128,21,1107
123000172,187,407,-220
123000173,582,269,313
123000174,1237,535,702
123000175,692,864,-172
123000176,1273,287,986
123000177,363,888,-525
123000178,891,159,732
123000179,49,433,-384
123000180,1748,282,1466
123000181,278,934,-656
123000182,331,318,13
123000183,232,562,-330
123000184,119,428,-309
123000185,1074,233,841
123000186,6,396,-390
123000187,676,8,668
123000188,197,1,196
123000189,220,118,102
123000190,93,73,20
123000192,25,339,-314
123000193,71,566,-495
123000194,416,310,106
123000195,387,37,350
123000196,381,28,353
123000197,61,108,-47
123000198,41,641,-600
123000199,21,546,-525
123000200,635,9,626
123000201,1342,26,1316
123000202,11,688,-677
123000203,1214,71,1143
123000204,61,759,-698
123000205,375,1157,-782
123000206,2536,272,2264
123000207,71,626,-555
123000208,582,226,356
123000209,2338,715,1623
123000210,433,1502,-1069
123000211,490,1819,-1329
123000212,3530,496,3034
123000213,650,97,553
123000215,68,191,-123
123000216,184,646,-462
123000217,229,70,159
123000218,59,757,-698
123000219,645,74,571
123000220,659,140,519
123000221,289,63,226
123000222,501,302,199
123000223,637,191,446
123000224,535,338,197
123000225,383,76,307
123000226,127,311,-184
123000227,67,213,-146
123000228,349,64,285
123000229,762,1111,-349
123000232,147,486,-339
123000233,944,150,794
123000234,189,553,-364
123000235,1660,296,1364
123000236,352,511,-159
123000237,356,128,228
123000238,89,323,-234
123000239,448,932,-484
123000240,65,649,-584
123000241,339,108,231
123000242,302,156,146
123000243,799,793,6
123000244,932,730,202
123000245,45,128,-83
123000249,225,445,-220
123000252,970,327,643
123000253,1573,528,1045
123000254,783,744,39
123000255,1363,857,506
123000256,14,248,-234
123000257,2233,1396,837
123000258,1058,623,435
123000259,516,440,76
123000260,588,336,252
123000261,389,153,236
123000262,101,140,-39
123000263,604,109,495
123000264,202,78,124
123000265,24,139,-115
123000266,657,603,54
123000267,712,376,336
123000268,57,74,-17
123000269,45,46,-1
123000270,44,46,-2
123000271,66,70,-4
123000272,723,331,392
123000273,297,668,-371
123000274,1183,601,582
123000275,317,634,-317
123000278,2316,2477,-161
123000279,130,67,63
123000280,430,288,142
123000281,264,140,124
123000282,102,254,-152
123000283,131,68,63
123000284,73,75,-2
123000286,209,359,-150
123000287,472,347,125
123000288,1684,1173,511
123000289,359,1686,-1327
123000291,269,786,-517
123000294,161,215,-54
123000295,859,1052,-193
123000296,781,435,346
123000297,888,407,481
123000298,808,303,505
123000299,52,100,-48
123000300,1185,924,261
123000301,157,305,-148
123000302,86,178,-92
123000303,176,159,17
123000305,712,758,-46
123000306,223,97,126
123000309,47,59,-12
123000310,55,30,25
123000311,0,75,-75
123000312,310,558,-248
123000313,685,280,405
123000315,165,197,-32
123000316,692,78,614
123000317,229,112,117
123000318,55,151,-96
123000329,9,14,-5
123000337,620,400,220
123000338,398,150,248
123000339,365,102,263
123000340,108,301,-193
123000342,64,20,44
123000343,47,7,40
123000344,784,356,428
123000345,355,573,-218
123000346,406,43,363
123000352,971,796,175
123000353,32,80,-48
123000354,184,16,168
123000355,1,269,-268
123000356,390,13,377
123000357,1,89,-88
123000359,10,110,-100
123000360,244,76,168
123000361,143,252,-109
123000362,592,86,506
123000363,180,135,45
123000364,500,583,-83
123000365,20,390,-370
123000366,421,2401,-1980
123000367,239,797,-558
123000370,60,212,-152
123000371,1024,44,980
123000372,373,26,347
123000373,6,253,-247
123000374,52,119,-67
123000375,438,38,400
123000376,914,644,270
123000377,710,17,693
123000378,18,221,-203
123000379,2,143,-141
123000380,22,497,-475
123000381,83,118,-35
123000382,675,182,493
123000383,100,1474,-1374
123000384,394,133,261
123000385,126,492,-366
123000436,31,1077,-1046
123000507,92,174,-82
123000508,158,1150,-992
123000517,289,41,248
123000518,36,212,-176
123000519,173,92,81
123000520,40,236,-196
123000521,508,99,409
123000522,135,381,-246
123000541,14,0,14
123000542,0,8,-8
123000565,1,0,1
123000566,1283,327,956
123000567,92,156,-64
123000573,51,450,-399
123000574,1016,96,920
123000575,1548,730,818
123000576,1291,918,373
123000577,38,609,-571
123000578,326,105,221
123000579,1002,6707,-5705
123000580,54,31,23
123000582,662,36,626
123000583,19,275,-256
123000584,218,290,-72
123000585,0,128,-128
123000586,69,1,68
123000596,87,83,4
123000597,71,115,-44
123000602,77,5,72
123000603,1073,404,669
123000604,503,418,85
123000605,560,67,493
123000606,0,378,-378
123000609,8,323,-315
123000610,225,142,83
123000613,39,208,-169
123000614,219,52,167
123000615,33,72,-39
123000616,958,86,872
123000617,144,206,-62
123000618,98,447,-349
123000619,621,67,554
123000620,42,309,-267
123000622,580,19,561
123000624,194,30,164
123000630,1295,532,763
123000631,240,618,-378
123000632,583,548,35
123000633,0,87,-87
123000634,38,211,-173
123000635,70,85,-15
123000636,36,337,-301
123000637,216,36,180
123000638,520,19,501
123000639,816,5456,-4640
123000640,28,459,-431
123900001,939,58,881
123900002,58,1300,-1242
123900003,280,311,-31
123900005,269,150,119
123900006,301,35,266
124000001,2024,181,1843
124000002,98,1073,-975
124000003,1117,148,969
124000004,66,360,-294
124000005,1322,574,748
124000006,209,740,-531
124000007,409,124,285
124000008,18,419,-401
124000009,749,302,447
124000010,177,270,-93
124000011,1139,330,809
124000012,257,288,-31
124000017,236,165,71
124000018,131,50,81
124000019,172,155,17
124000020,50,137,-87
124000021,138,128,10
124000022,104,156,-52
124000023,1315,1499,-184
124000024,1122,386,736
124000025,1108,1900,-792
124000026,1002,886,116
124000027,4320,5103,-783
124000028,1258,3369,-2111
124000030,1915,1316,599
124000031,1329,4551,-3222
124000032,1471,641,830
124000033,52,198,-146
124000034,685,501,184
124000035,30,321,-291
124000036,47,154,-107
124000037,847,1308,-461
124000038,60,97,-37
124000039,986,448,538
124000040,470,1200,-730
124000041,591,122,469
124000042,144,366,-222
124000043,130,172,-42
124000044,85,128,-43
124000045,977,482,495
124000046,312,516,-204
124000047,2355,906,1449
124000048,1141,699,442
124000049,2170,656,1514
124000050,953,1105,-152
124000051,1348,538,810
124000052,595,572,23
124000053,541,1946,-1405
124000054,716,385,331
124000055,1404,3416,-2012
124000056,1462,1070,392
124000057,1214,628,586
124000058,391,1021,-630
124000059,724,1347,-623
124000060,719,570,149
124000061,1350,5928,-4578
124000062,2333,1556,777
124000063,1020,1234,-214
124000064,1737,926,811
124000065,5,455,-450
124000066,110,327,-217
124000067,245,133,112
124000068,13,7,6
124000069,177,21,156
124000070,57,61,-4
124000071,1161,145,1016
124000072,453,387,66
124000073,1289,183,1106
124000074,159,495,-336
124000075,485,61,424
124000076,12,142,-130
124000077,1207,892,315
124000078,3071,1293,1778
124000079,336,1282,-946
124000080,1011,223,788
124000081,304,395,-91
124000082,67,216,-149
124000083,38,76,-38
124000084,43,424,-381
124000085,111,32,79
124000086,33,163,-130
124000087,211,96,115
124000088,263,527,-264
124000089,941,317,624
124000090,102,200,-98
124000091,467,95,372
124000092,89,397,-308
124000093,94,160,-66
124000094,165,599,-434
124000095,173,108,65
124000096,166,199,-33
124000097,116,138,-22
124000098,50,78,-28
124000099,283,103,180
124000100,77,80,-3
124000101,103,150,-47
124000102,81,43,38
124000103,178,150,28
124000104,85,35,50
124000105,126,101,25
124000106,160,47,113
124000107,22,232,-210
124000108,53,19,34
124000109,171,115,56
124000110,116,106,10
124000111,189,198,-9
124000112,739,492,247
124000113,109,125,-16
124000114,348,281,67
124000115,445,441,4
124000116,117,198,-81
124000117,63,96,-33
124000118,33,108,-75
124000119,868,552,316
124000120,588,396,192
124000121,1101,732,369
124000122,611,1277,-666
124000123,1142,471,671
124000124,347,998,-651
124000125,460,603,-143
124000126,265,525,-260
124000127,960,369,591
124000128,546,699,-153
124000129,2354,1682,672
124000130,785,557,228
124000131,916,659,257
124000132,881,695,186
124000133,975,853,122
124000134,998,502,496
124000135,1728,2177,-449
124000136,749,689,60
124000137,1104,1069,35
124000138,1374,1035,339
124000139,604,38,566
124000140,47,403,-356
124000141,94,7,87
124000142,7,160,-153
124000143,65,17,48
124000144,14,17,-3
124000145,272,74,198
124000146,93,62,31
124000148,85,150,-65
124000149,1466,459,1007
124000150,316,580,-264
124000151,1192,528,664
124000152,741,1013,-272
124000153,1011,1234,-223
124000154,415,846,-431
124000155,1350,1063,287
124000156,1144,1165,-21
124000169,211,450,-239
124000170,446,415,31
124000171,383,234,149
124000172,414,426,-12
124000173,617,162,455
124000174,337,505,-168
124000175,12,97,-85
124000176,53,34,19
124000177,8,31,-23
124000178,72,90,-18
124000190,57,64,-7
124000191,57,73,-16
124000192,1304,458,846
124000193,422,789,-367
124000194,291,356,-65
124000195,297,614,-317
124000196,843,707,136
124000197,63,40,23
124000198,51,76,-25
124000201,322,578,-256
124000202,721,324,397
124000203,662,345,317
124000204,1099,243,856
124000205,188,303,-115
124000206,1022,256,766
124000207,0,57,-57
124000209,231,285,-54
124000210,699,170,529
124000211,801,0,801
124000212,1,301,-300
124000213,685,244,441
124000214,504,321,183
124000215,491,50,441
124000216,2,221,-219
124000329,161,1051,-890
124000338,110,514,-404
124000339,1256,125,1131
124000341,1727,128,1599
124000344,54,24,30
124000357,1281,2472,-1191
124000358,958,1540,-582
124000359,1556,667,889
124000360,1135,448,687
124000361,2277,817,1460
124000362,865,1155,-290
124000363,234,281,-47
124000364,492,755,-263
124000365,499,806,-307
124000366,1073,749,324
124000367,100,307,-207
124000368,463,510,-47
124000369,127,86,41
124000370,40,383,-343
124000402,25,23,2
124000403,165,35,130
124000404,19,73,-54
124000405,1154,947,207
124000406,695,835,-140
124000407,2,40,-38
124000411,9,188,-179
124000412,507,12,495
124000413,125,35,90
124000414,60,97,-37
124000415,56,78,-22
124000416,134,159,-25
124000417,211,108,103
124000418,227,112,115
124000419,139,110,29
124000420,108,43,65
124000421,71,82,-11
124000422,17,13,4
124000423,121,34,87
124000424,3,63,-60
124000425,56,17,39
124000426,14,28,-14
124000427,54,9,45
124000428,7,48,-41
124000429,123,50,73
124000430,731,408,323
124000431,260,401,-141
124000432,422,467,-45
124000439,8,3,5
124000442,18,56,-38
124000443,3,4,-1
124000445,118,815,-697
124000446,465,113,352
124900001,658,498,160
124900002,230,248,-18
124900003,1249,564,685
124900004,783,317,466
124900005,300,100,200
124900006,782,331,451
124900008,1315,697,618
124900009,223,508,-285
124900010,323,254,69
124900011,885,466,419
124900012,584,114,470
124900013,786,168,618
124900014,618,109,509
124900015,179,448,-269
124900016,94,122,-28
124900017,490,2059,-1569
124900018,95,13,82
124900020,91,71,20
124900021,462,59,403
124900022,63,28,35
124900024,293,53,240
124900026,290,84,206
124900027,159,556,-397
124900028,378,94,284
124900029,26,579,-553
124900030,3,87,-84
124900031,57,224,-167
124900032,155,241,-86
124900033,148,250,-102
124900034,20,106,-86
124900035,208,381,-173
124900036,5,48,-43
124900037,193,245,-52
124900038,289,177,112
124900039,1,48,-47
124900040,118,91,27
124900041,242,574,-332
124900042,78,0,78
124900043,496,539,-43
124900044,124,3,121
124900045,656,1116,-460
124900046,712,291,421
124900047,128,193,-65
124900048,201,99,102
124900050,161,173,-12
124900052,107,267,-160
124900053,234,243,-9
124900054,978,614,364
124900055,2,149,-147
124900057,9,48,-39
124900060,78,190,-112
124900061,117,10,107
124900062,242,23,219
124900066,0,17,-17
124900067,6,114,-108
124900068,250,748,-498
124900070,80,22,58
124900072,149,32,117
124900074,776,139,637
124900075,303,238,65
124900076,29,1376,-1347
124900077,17,143,-126
124900078,84,19,65
124900079,400,171,229
124900080,328,359,-31
124900081,1127,319,808
124900082,299,443,-144
124900083,307,361,-54
124900084,967,168,799
124900085,567,673,-106
124900086,65,1584,-1519
124900087,365,110,255
124900088,456,100,356
124900089,933,31,902
124900090,487,249,238
124900091,408,226,182
124900092,248,182,66
124900093,359,163,196
124900094,592,220,372
124900095,130,600,-470
124900096,436,348,88
124900097,451,66,385
124900098,147,336,-189
124900099,479,574,-95
124900100,330,129,201
124900101,61,410,-349
124900102,273,47,226
124900103,154,144,10
124900104,59,89,-30
124900105,132,94,38
124900106,512,72,440
124900107,192,25,167
124900108,154,101,53
124900109,89,88,1
124900110,347,300,47
124900111,10,146,-136
124900112,62,331,-269
124900113,85,306,-221
124900114,135,140,-5
124900115,187,44,143
124900116,294,226,68
124900117,247,197,50
124900118,175,358,-183
124900119,576,249,327
124900120,26,212,-186
124900121,115,562,-447
124900122,188,178,10
124900123,264,175,89
124900124,168,277,-109
129000186,112,96,16
204000001,30,3,27
204000002,4,2,2
204000003,21,1,20
204000004,6,5,1
204000005,543,366,177
204000006,1178,992,186
204000011,6,15,-9
204000012,39,57,-18
204000013,9,23,-14
204000019,692,447,245
204000020,670,364,306
204000021,898,668,230
204000022,520,378,142
204000023,613,541,72
204000031,42,7,35
204000032,312,17,295
204000034,22,124,-102
204000035,0,3,-3
204000036,12,10,2
204000037,1,20,-19
204000038,0,8,-8
204000039,23,12,11
204000040,3,17,-14
204000041,10,23,-13
204000042,45,13,32
204000043,49,4,45
204000044,49,5,44
204000045,41,5,36
204000046,10,2,8
204000057,5,15,-10
204000062,6,18,-12
204000068,22,215,-193
204000069,67,236,-169
204000070,78,80,-2
204000080,47,46,1
204000085,1673,1066,607
204000086,1649,1260,389
204000087,37,7,30
204000088,10,84,-74
204000090,35,185,-150
204000093,563,45,518
204000096,1117,894,223
204000097,666,3,663
204000099,1029,1438,-409
204000100,1544,1748,-204
204000105,1620,943,677
204000110,386,687,-301
204000111,464,407,57
204000112,418,369,49
204000113,264,500,-236
204000114,704,680,24
204000115,591,241,350
204000116,387,355,32
204000119,2012,2511,-499
204000132,755,281,474
204000133,746,182,564
204000134,208,67,141
204000135,482,58,424
204000136,578,158,420
204000138,423,419,4
204000140,216,136,80
204000141,152,55,97
204000144,4,23,-19
204000145,541,53,488
204000146,23,245,-222
204000147,13,165,-152
204000148,250,27,223
204000154,11,5,6
204000155,3,5,-2
204000177,65,34,31
204000179,44,3,41
204000180,0,25,-25
204000222,4,16,-12
204000235,30,28,2
204000236,77,140,-63
204000238,27,24,3
204000240,357,76,281
204000263,458,615,-157
204000268,870,495,375
204000308,175,7,168
204000317,13,85,-72
204000322,14,62,-48
204000323,9,2,7
204000328,230,53,177
204000329,58,143,-85
204000330,145,14,131
204000331,39,88,-49
204010341,12,218,-206
205000001,762,1132,-370
205000013,7,76,-69
205000014,27,82,-55
205000015,36,117,-81
205000016,22,98,-76
205000017,30,67,-37
205000022,237,526,-289
205000025,956,761,195
205000029,315,16,299
205000045,133,590,-457
205000046,94,369,-275
205000047,55,304,-249
205000048,358,582,-224
205000049,178,623,-445
205000050,428,264,164
205000059,0,114,-114
205000060,1,74,-73
205000061,5,99,-94
205000062,1,117,-116
205000063,24,169,-145
205000064,14,78,-64
205000065,45,388,-343
205000066,90,380,-290
205000067,44,580,-536
205000069,190,21,169
205000082,171,213,-42
205000110,73,195,-122
205000111,207,143,64
205000112,168,205,-37
205000113,175,299,-124
205000121,367,51,316
205000123,55,242,-187
205000126,363,61,302
205000127,693,124,569
205000128,378,39,339
205000129,684,54,630
205000130,127,22,105
205000131,59,5,54
205000132,90,2,88
205000133,73,3,70
205000134,286,0,286
205000137,75,148,-73
205000138,187,443,-256
205000139,28,128,-100
205000144,103,71,32
205000145,417,193,224
205000151,181,22,159
205000152,285,29,256
205000153,267,20,247
205000154,125,39,86
205000155,105,11,94
205000207,8,100,-92
205000233,56,29,27
205000234,0,0,0
205000243,0,0,0
205000244,5,3,2
205000245,7,116,-109
205000249,0,8,-8
205000250,4,0,4
205000264,9,73,-64
206000027,9,10,-1
206000028,10,4,6
206000043,6,33,-27
206000053,1,13,-12
206000054,3,27,-24
206000055,1,12,-11
206000075,6,22,-16
206000076,24,12,12
206000077,23,4,19
206000078,22,11,11
206000079,20,8,12
206000082,382,66,316
206000100,22,279,-257
206000103,0,15,-15
206000104,28,7,21
206000105,7,8,-1
206000106,1,10,-9
206000108,639,54,585
206000125,100,0,100
206000157,54,426,-372
206000170,1,97,-96
206000171,4,136,-132
206000172,15,190,-175
206000173,2,127,-125
206000174,13,53,-40
206000175,5,41,-36
206000176,16,69,-53
206000177,1,73,-72
206000178,1,158,-157
206000179,5,40,-35
206000180,19,79,-60
206000181,17,51,-34
206000182,4,65,-61
206000183,16,161,-145
206000184,8,171,-163
206000185,5,66,-61
206000186,95,322,-227
206000223,10,125,-115
206000226,10,1,9
206000227,33,0,33
206000237,58,153,-95
206000238,15,215,-200
206000239,124,1073,-949
206000240,1,62,-61
206000241,0,49,-49
206000242,6,88,-82
206000243,7,70,-63
206000244,36,214,-178
206000245,1278,64,1214
206000246,352,23,329
206000247,438,10,428
206000248,564,25,539
206000252,60,45,15
206000258,35,24,11
206000315,29,4,25
206000317,738,115,623
206000318,797,91,706
206000319,2518,80,2438
206000320,334,36,298
206000321,352,9,343
206000322,794,14,780
206000323,249,6,243
206000324,327,5,322
206000325,210,20,190
206000326,219,13,206
206000327,108,11,97
206000328,291,3,288
206000329,360,6,354
206000330,92,6,86
206000331,307,1,306
206000332,92,2,90
206000333,1046,1,1045
206000334,373,1,372
206000335,0,24,-24
206000361,4,134,-130
206000392,3,6,-3
206000405,141,1,140
206000441,75,19,56
206000498,41,2,39
206000515,59,39,20
206000530,412,76,336
206000531,311,369,-58
206000532,1659,482,1177
206000535,122,1326,-1204
206000536,5,70,-65
206000537,24,103,-79
206000613,1971,244,1727
207000001,126,557,-431
207000002,95,366,-271
207000003,144,138,6
207000007,1379,264,1115
207000008,160,3,157
207000009,61,50,11
207000010,336,249,87
207000012,449,231,218
207000015,239,617,-378
207000019,222,83,139
207000021,612,186,426
207000022,208,125,83
207000023,266,50,216
207000024,11,23,-12
207000025,27,56,-29
207000026,71,20,51
207000027,15,47,-32
207000028,51,137,-86
207000029,205,323,-118
207000033,202,432,-230
207000034,287,113,174
207000039,565,74,491
207000040,617,35,582
207000041,270,35,235
207000042,291,50,241
207000043,224,135,89
207000051,108,193,-85
207000052,214,94,120
207000053,441,386,55
207000054,40,87,-47
207000055,161,77,84
207000056,290,197,93
207000057,133,199,-66
207000058,205,198,7
207000059,77,280,-203
207000060,56,123,-67
207000061,206,572,-366
207000062,359,27,332
207000063,447,84,363
207000064,381,75,306
207000065,370,211,159
207000066,254,163,91
207000067,44,46,-2
207000068,105,32,73
207000069,715,328,387
207000082,3,100,-97
207000083,96,165,-69
207000084,384,216,168
207000085,291,18,273
207000086,295,7,288
207000106,62,20,42
207000107,119,17,102
207000108,88,8,80
207000109,61,13,48
207000110,76,73,3
207000111,144,81,63
207000112,119,650,-531
207000114,21,18,3
207000115,46,58,-12
207000116,22,468,-446
207000117,24,86,-62
207000118,5,70,-65
207000119,35,78,-43
207000123,190,21,169
207000124,138,33,105
207000125,88,33,55
207000126,83,37,46
207000134,124,85,39
207000135,42,104,-62
207000148,128,337,-209
207000149,61,27,34
207000152,101,310,-209
207000153,485,1075,-590
207000154,275,178,97
207000159,130,83,47
207000160,171,263,-92
207000238,1,163,-162
207000242,4,111,-107
207000248,70,23,47
207000249,98,22,76
207000250,421,79,342
207000251,92,91,1
207000252,72,69,3
207000278,129,71,58
207000279,24,106,-82
207000280,716,53,663
207000281,113,406,-293
207000282,98,104,-6
207000283,57,207,-150
207000284,17,338,-321
207000285,51,79,-28
207000291,24,122,-98
207000304,128,58,70
207000306,66,290,-224
207000310,127,63,64
207000353,227,5,222
207000356,8,64,-56
207000357,9,23,-14
207000358,16,23,-7
207000415,2,80,-78
207000417,40,9,31
207000418,88,92,-4
207000438,0,1,-1
207000439,585,750,-165
207000446,212,7,205
207000460,48,9,39
207000466,158,120,38
207000467,277,39,238
207000468,67,200,-133
207000476,9,46,-37
207000477,794,59,735
207000478,5,181,-176
207000523,0,12,-12
207000524,40,0,40
207000527,143,176,-33
207000530,608,6,602
207000531,344,13,331
207000532,111,55,56
207000534,225,60,165
207000535,24,339,-315
207000537,31,83,-52
207000540,12,95,-83
207000541,1,254,-253
207000548,11,156,-145
207000549,314,10,304
207000561,194,293,-99
207000562,34,139,-105
207000567,85,181,-96
207000568,300,47,253
207000569,587,368,219
207000584,220,198,22
207000585,53,342,-289
207000616,0,80,-80
207000617,291,0,291
207900008,312,79,233
208000001,558,1116,-558
208000002,625,419,206
208000003,1302,281,1021
208000004,863,580,283
208000005,9,7,2
208000019,695,778,-83
208000020,242,410,-168
208000021,244,286,-42
208000022,981,432,549
208000028,843,1238,-395
208000033,602,539,63
208000034,893,1262,-369
208000040,139,140,-1
208000041,735,561,174
208000042,778,545,233
208000047,165,153,12
208000064,2111,1401,710
208000066,1574,2564,-990
208000070,383,372,11
208000071,529,612,-83
208000072,492,914,-422
208000080,341,292,49
208000081,329,120,209
208000082,291,161,130
208000083,171,291,-120
208000084,9,11,-2
208000085,671,458,213
208000086,461,890,-429
208000087,365,577,-212
208000089,1020,257,763
208000090,1094,407,687
208000093,166,138,28
208000094,626,324,302
208000095,781,420,361
208000104,1227,664,563
208000105,811,763,48
208000114,128,411,-283
208000115,550,293,257
208000116,668,916,-248
208000117,159,107,52
208000118,115,187,-72
208000155,766,833,-67
208000158,1387,3310,-1923
208000186,2451,3742,-1291
208000204,737,884,-147
208000205,1127,721,406
208000282,3525,2755,770
209000004,534,195,339
209000005,49,39,10
209000006,522,183,339
209000007,275,305,-30
209000010,317,142,175
209000011,138,208,-70
209000012,271,108,163
209000013,180,169,11
209000014,326,492,-166
209000025,435,49,386
209000026,912,96,816
209000027,333,409,-76
209000028,336,369,-33
209000029,388,586,-198
209000030,345,832,-487
209000031,1659,1222,437
209000034,219,164,55
209000035,137,133,4
209000036,217,81,136
209000037,295,128,167
209000038,139,78,61
209000039,76,82,-6
209000040,328,442,-114
209000041,163,347,-184
209000042,314,257,57
209000043,692,629,63
209000044,302,662,-360
209000045,1015,455,560
209000046,513,462,51
209000047,375,217,158
209000048,574,400,174
209000049,61,42,19
209000050,166,81,85
209000051,200,118,82
209000052,115,120,-5
209000062,44,51,-7
209000063,44,45,-1
209000064,37,34,3
209000065,108,32,76
209000066,103,19,84
209000067,95,35,60
209000080,45,171,-126
209000082,87,16,71
209000091,32,95,-63
209000093,48,15,33
209000094,92,186,-94
209000110,31,119,-88
209000111,658,1617,-959
209000112,1276,471,805
209000113,1946,485,1461
209000114,953,494,459
209000115,57,66,-9
209000116,274,208,66
209000118,29,53,-24
209000119,9,13,-4
209000121,79,306,-227
209000135,72,229,-157
209000142,903,1783,-880
209000143,34,51,-17
209000144,61,116,-55
209000229,260,142,118
209000240,33,158,-125
209000259,43,54,-11
209000260,23,1020,-997
209000261,19,721,-702
209000262,9,454,-445
209000263,0,155,-155
209000264,0,316,-316
209000265,492,3,489
209000266,211,6,205
209000267,1946,21,1925
209000268,583,69,514
210000037,65,26,39
210000047,81,19,62
210000048,115,13,102
210000049,79,7,72
210000052,64,66,-2
210000053,25,25,0
210000054,39,50,-11
210000070,144,3,141
210000071,65,0,65
210000072,31,0,31
210000073,0,19,-19
210000074,0,94,-94
210000075,3,92,-89
210000076,12,160,-148
210000077,7,44,-37
210000078,21,39,-18
210000079,21,16,5
210000080,51,56,-5
210000081,184,27,157
210000082,150,5,145
210000083,72,2,70
210000084,60,0,60
210000085,1,52,-51
210000086,4,85,-81
210000099,55,207,-152
210000100,38,99,-61
210000101,79,127,-48
210000105,46,161,-115
210000159,0,166,-166
210000163,93,222,-129
210000164,221,241,-20
210000168,109,64,45
210000187,0,25,-25
210000188,0,14,-14
210000214,12,0,12
210000219,62,56,6
210000220,130,25,105
210000232,6,20,-14
210000233,53,55,-2
210000234,41,75,-34
210000235,94,38,56
210000245,0,26,-26
210000246,45,40,5
210000258,13,75,-62
210000259,274,69,205
210000282,97,245,-148
210000285,2,119,-117
210000286,17,159,-142
210000290,4,5,-1
210000295,40,93,-53
210000296,23,34,-11
210000320,239,63,176
210000321,140,65,75
210000338,35,64,-29
210000339,249,982,-733
210000340,118,310,-192
210000341,212,246,-34
210000342,197,199,-2
210000343,207,152,55
210000344,125,117,8
210000345,161,184,-23
210000346,55,93,-38
210000347,31,49,-18
210000348,94,25,69
210000349,33,14,19
210000350,145,55,90
210000351,161,101,60
210000352,52,35,17
210000353,62,47,15
210000354,66,55,11
210000355,42,56,-14
210000356,24,25,-1
210000357,20,27,-7
210000358,117,144,-27
210000359,57,74,-17
210000360,127,106,21
210000361,188,113,75
210000362,221,159,62
210000363,372,202,170
210000364,93,149,-56
210000365,139,63,76
210000366,118,47,71
210000367,85,44,41
210000368,126,41,85
210000369,15,16,-1
210000370,58,38,20
210000372,15,11,4
210000373,22,27,-5
210000374,32,31,1
210000375,40,30,10
210000376,67,65,2
210000404,52,110,-58
210000439,32,28,4
210000472,79,0,79
210000482,62,147,-85
210000564,140,273,-133
210000567,0,29,-29
210000568,265,0,265
211000092,43,26,17
211000094,30,4,26
211000169,199,30,169
211000172,19,126,-107
211000209,1,17,-16
211000226,13,7,6
211000270,22,6,16
211000275,29,7,22
211000276,97,23,74
211000279,18,25,-7
211000281,100,22,78
211507980,0,61,-61
211977296,54,9,45
212000003,94,20,74
212000004,18,20,-2
212000005,10,36,-26
212000006,25,46,-21
212000008,163,98,65
212000009,35,64,-29
212000012,71,65,6
212000013,37,33,4
212000014,261,120,141
212000015,280,165,115
212000016,421,454,-33
212000027,509,255,254
212000028,401,257,144
212000029,226,141,85
212000030,55,27,28
212000031,59,32,27
212000048,44,164,-120
212000049,12,159,-147
212000050,22,9,13
212000051,210,115,95
212000052,204,151,53
212000053,339,235,104
212000054,323,71,252
212000055,320,125,195
212000056,22,17,5
212000057,12,11,1
212000058,113,36,77
212000070,108,130,-22
212000077,103,319,-216
212000099,279,180,99
212000108,174,117,57
212000111,226,56,170
212000120,123,37,86
212000138,118,29,89
212000156,1,51,-50
212000158,12,19,-7
212000159,532,50,482
212000160,690,190,500
212000161,59,4,55
212000310,52,25,27
212000311,14,29,-15
212000374,43,14,29
213000001,45,350,-305
213000005,544,154,390
213000006,965,340,625
213000007,76,12,64
213000009,510,419,91
213000010,213,263,-50
213000011,201,103,98
213000012,174,259,-85
213000014,119,14,105
213000015,329,13,316
213000016,622,2,620
213000017,91,0,91
213000018,1,84,-83
213000019,1,102,-101
213000020,151,315,-164
213000021,4,85,-81
213000023,462,198,264
213000033,393,1499,-1106
213000034,615,202,413
213000035,123,154,-31
213000045,232,233,-1
213000046,221,160,61
213000047,518,1184,-666
213000056,109,26,83
213000069,86,2,84
213000073,0,80,-80
213000074,68,336,-268
213000075,581,5,576
213000076,21,3,18
213000085,12,39,-27
213000086,19,125,-106
213000091,302,23,279
213000092,67,9,58
213000099,173,1050,-877
213000100,950,230,720
213000101,548,108,440
213000102,541,168,373
213000103,894,640,254
213000104,55,335,-280
213000105,4,180,-176
213000106,32,93,-61
213000107,166,300,-134
213000108,47,325,-278
213000109,12,156,-144
213000110,3,74,-71
213000111,2,55,-53
213000112,127,155,-28
213000115,65,11,54
213000116,37,272,-235
213000117,17,389,-372
213000118,578,262,316
213000119,38,546,-508
213000120,118,300,-182
213000122,113,356,-243
213000123,305,767,-462
213000124,191,1047,-856
213000125,228,28,200
213000126,50,123,-73
213000127,96,247,-151
213000128,292,1057,-765
213000129,356,728,-372
213000130,891,288,603
213000132,582,93,489
213000133,726,86,640
213000134,956,29,927
213000136,532,24,508
213000137,719,70,649
213000139,159,19,140
213000147,49,10,39
213000148,18,9,9
213000149,53,8,45
213000150,2,160,-158
213000151,2,142,-140
213000152,2,130,-128
213000153,2,85,-83
213000154,50,403,-353
213000155,50,167,-117
213000156,155,281,-126
213000157,869,318,551
213000158,435,761,-326
213000159,730,379,351
213000163,1331,123,1208
213000165,1002,332,670
213000171,2,44,-42
213000172,4,159,-155
213000173,1,160,-159
213000174,2,88,-86
213000175,14,57,-43
213000176,114,32,82
213000177,140,8,132
213000178,259,11,248
213000179,326,2,324
213000180,265,0,265
213000184,110,382,-272
213000188,352,95,257
213000189,506,45,461
213000190,894,653,241
213000191,464,274,190
213000192,304,218,86
213000193,555,297,258
213000194,2,84,-82
213000195,40,312,-272
213000196,289,1161,-872
213000197,525,481,44
213000198,40,2,38
213000200,111,585,-474
213000201,39,57,-18
213000202,16,442,-426
213000203,2356,587,1769
213000204,831,57,774
213000205,475,72,403
213000206,420,36,384
213000207,97,8,89
213000208,63,2,61
213000209,167,2,165
213000210,231,5,226
213000211,8,17,-9
213000212,10,43,-33
213000213,14,79,-65
213000218,254,296,-42
213000219,598,14,584
213000220,479,13,466
213000223,172,240,-68
213000224,30,70,-40
213000225,118,12,106
213000226,45,20,25
213000227,1024,164,860
213000228,546,77,469
213000229,106,16,90
213000230,371,10,361
213000232,33,748,-715
213000233,14,760,-746
213000234,1,67,-66
213000293,13,77,-64
213000294,101,23,78
213000295,8,72,-64
213000296,63,20,43
213000297,10,75,-65
213000298,23,76,-53
213000299,67,35,32
213000300,6,7,-1
213000303,3,14,-11
213000304,1,8,-7
213000305,3,30,-27
213000306,35,28,7
213000307,109,87,22
213000308,101,136,-35
213000309,177,54,123
213000310,541,210,331
213000311,246,724,-478
213000315,69,83,-14
213000316,137,47,90
213000322,128,68,60
213000323,109,49,60
213000324,126,26,100
213000325,75,65,10
213000326,71,38,33
213000327,78,33,45
213000328,70,119,-49
213000329,146,31,115
213000340,156,339,-183
213000341,632,87,545
213000346,240,346,-106
213000347,547,610,-63
213000348,9,154,-145
213000349,31,4,27
213000350,305,687,-382
213000366,80,160,-80
213000367,246,18,228
213000379,63,44,19
213000386,13,225,-212
213000406,83,262,-179
213000417,1346,441,905
213000425,278,49,229
213000426,189,54,135
213000427,94,113,-19
213000428,55,118,-63
213000429,13,3,10
213000430,147,357,-210
213000431,45,2,43
213000432,1,15,-14
213000433,31,128,-97
213000434,155,76,79
213000435,173,56,117
213000436,39,40,-1
213000437,1,11,-10
213000438,175,68,107
213000439,58,13,45
213000440,15,260,-245
213000441,4,0,4
213000442,1,29,-28
213000443,324,227,97
213000444,62,41,21
213000445,0,61,-61
213000446,0,31,-31
213000447,1,43,-42
213000448,14,158,-144
213000449,595,18,577
213000450,26,29,-3
213000451,353,92,261
213000452,15,12,3
213000453,30,226,-196
213000455,353,103,250
213000456,0,322,-322
213000481,12,4,8
213000484,39,7,32
213000489,247,59,188
213000491,2,145,-143
213000492,178,43,135
213000493,2,107,-105
213000494,336,129,207
213000495,0,41,-41
213000496,495,142,353
213000497,32,219,-187
213000498,230,102,128
213000499,272,285,-13
213000500,677,92,585
213000501,172,48,124
213000502,147,194,-47
213000503,1,34,-33
213000504,23,46,-23
213000505,25,1,24
213000506,0,10,-10
213000507,7,71,-64
213900016,0,8,-8
213900244,76,0,76
213900245,0,32,-32
218000003,33,29,4
218000004,18,39,-21
218000005,30,35,-5
218000006,48,28,20
218000007,10,12,-2
218000012,84,97,-13
218000013,115,143,-28
218000014,344,356,-12
218000019,586,477,109
218000020,213,331,-118
218000021,28,26,2
218000022,14,14,0
218000023,2,12,-10
218000024,1,7,-6
218000025,4,10,-6
218000026,9,21,-12
218000027,4,8,-4
218000028,2,5,-3
218000029,3,2,1
218000030,11,18,-7
218000031,3,13,-10
218000032,1,14,-13
218000040,3,6,-3
218000046,52,78,-26
218000047,14,102,-88
218000048,71,70,1
218000049,100,85,15
218000050,301,166,135
218000051,85,162,-77
218000052,0,66,-66
218000053,1,12,-11
218000054,6,94,-88
218000055,3,25,-22
218000056,14,31,-17
218000057,2,5,-3
218000064,2,9,-7
218000065,90,34,56
218000066,9,24,-15
218000067,67,43,24
218000068,132,93,39
218000069,332,93,239
218000070,260,157,103
218000071,165,159,6
218000072,209,207,2
218000078,841,398,443
218000079,144,53,91
218000080,169,63,106
218000081,577,191,386
218000082,61,87,-26
218000083,86,38,48
218000084,193,100,93
218000085,190,210,-20
218000086,86,112,-26
218000087,215,93,122
218000090,14,108,-94
218000091,1003,482,521
218000092,109,101,8
218000093,91,56,35
218000094,395,362,33
218000099,333,639,-306
218000100,291,290,1
218000101,344,100,244
218000102,393,143,250
218000103,141,112,29
218000104,92,36,56
218000105,21,27,-6
218000106,12,10,2
218000107,69,25,44
218000108,1,32,-31
218000112,57,40,17
218000117,60,70,-10
218000134,534,354,180
218000135,24,73,-49
218000136,126,108,18
218000137,213,101,112
218000138,35,84,-49
218000139,173,238,-65
218000140,476,207,269
218000141,83,67,16
218000142,230,121,109
218000143,70,250,-180
218000144,40,100,-60
218000145,488,272,216
218000146,101,167,-66
218000151,6,19,-13
218000152,145,35,110
218000153,4,4,0
218000154,14,2,12
218000155,43,1,42
218000156,59,7,52
218000157,59,11,48
218000158,12,9,3
218000159,1,6,-5
218000160,7,5,2
218000161,49,10,39
218000162,30,9,21
218000163,20,1,19
218000164,61,1,60
218000165,82,30,52
218000170,10,28,-18
218000171,36,11,25
218000172,14,13,1
218000173,22,26,-4
218000174,17,20,-3
218000176,267,32,235
218000177,415,196,219
218000178,105,189,-84
218000179,129,66,63
218000180,91,39,52
218000181,220,31,189
218000187,7,40,-33
218000188,15,55,-40
218000189,26,48,-22
218000190,12,17,-5
218000191,148,33,115
218000192,248,110,138
218000193,439,255,184
218000194,108,214,-106
218000195,161,49,112
218000196,397,234,163
218000197,554,229,325
218000198,26,92,-66
218000199,57,21,36
218000200,53,31,22
218000201,24,10,14
218000202,55,274,-219
218000207,4,6,-2
218000208,17,26,-9
218000211,29,20,9
218000212,1,11,-10
218000213,77,102,-25
218000214,2,18,-16
218000215,25,42,-17
218000217,2,46,-44
218000218,226,65,161
218000219,25,31,-6
218000220,50,354,-304
218000221,430,152,278
218000222,6,36,-30
218000223,38,473,-435
218000224,6,138,-132
218000225,211,21,190
218000226,215,56,159
218000230,1,5,-4
218000232,49,42,7
218000239,120,22,98
218000240,7,0,7
218000241,32,1,31
218000242,13,6,7
218000243,21,1,20
218000244,44,1,43
218000245,27,3,24
218000246,0,0,0
218000247,1,0,1
218000248,2,28,-26
218000249,0,7,-7
218000250,2,11,-9
218000251,1,71,-70
218000252,4,186,-182
218000253,4,174,-170
218000254,0,71,-71
218000255,3,36,-33
218000256,13,105,-92
218000267,331,698,-367
218000268,10,26,-16
218000269,3,14,-11
218000270,15,16,-1
218000271,11,26,-15
218000273,54,4,50
218000274,16,1,15
218000275,49,31,18
218000276,9,21,-12
218000278,5,39,-34
218000279,25,17,8
218000280,5,9,-4
218000281,15,6,9
218000282,417,576,-159
218000284,64,7,57
218000301,100,86,14
218000302,143,45,98
218000303,10,42,-32
218000316,727,524,203
218000317,1316,574,742
218000318,949,429,520
218000319,1032,525,507
218000320,688,482,206
218000338,31,19,12
218000345,57,59,-2
218000346,26,150,-124
218000459,31,203,-172
218000490,20,37,-17
218000501,116,46,70
218000502,56,25,31
218000503,87,26,61
218000504,102,31,71
218000505,53,69,-16
218000506,19,114,-95
218000508,6,5,1
218000510,127,16,111
218000520,104,81,23
218000521,4,49,-45
218000522,0,113,-113
218000523,162,1,161
218000524,17,326,-309
218000525,120,19,101
218000526,13,230,-217
218000529,35,63,-28
218000530,30,2,28
218000531,18,7,11
218000532,22,22,0
218000534,182,15,167
218000537,23,60,-37
218000538,94,204,-110
218000540,146,62,84
218000543,163,56,107
218000544,15,45,-30
218000545,92,76,16
218000546,39,60,-21
218000547,99,142,-43
218000548,130,79,51
218000549,506,456,50
218000550,157,148,9
218000551,60,759,-699
218000552,246,65,181
218000553,24,107,-83
218000554,27,24,3
218000555,27,34,-7
218000556,135,131,4
218000557,312,62,250
218000558,29,0,29
218000559,0,25,-25
218000560,0,34,-34
218000561,14,0,14
218000562,22,139,-117
218000563,207,16,191
218000564,11,103,-92
218000565,130,42,88
218000566,106,30,76
218000567,1,85,-84
218000568,73,3,70
218000569,11,210,-199
218000570,70,8,62
218000571,0,85,-85
218000572,102,2,100
218000573,4,177,-173
218000574,42,38,4
218000575,61,0,61
218000576,0,91,-91
218000577,74,1,73
218000578,0,97,-97
218000579,23,9,14
218000581,4,33,-29
218000582,65,6,59
218000583,17,0,17
218000584,0,22,-22
218000585,33,3,30
218000586,18,40,-22
218000587,2,6,-4
218000588,2,5,-3
218000589,1,15,-14
218000590,5,3,2
218000591,0,8,-8
218000592,7,0,7
218000593,0,0,0
218000594,0,2,-2
218000595,0,0,0
218000596,0,0,0
218000597,0,0,0
218000598,0,0,0
218000599,0,0,0
218000600,0,0,0
218000601,0,4,-4
218000602,0,1,-1
218000603,0,3,-3
218000604,11,1,10
218000605,0,25,-25
218000606,53,0,53
218000607,14,56,-42
218000608,30,9,21
218000609,18,47,-29
218000610,64,6,58
218000611,20,1,19
218000612,1,27,-26
218000613,45,2,43
218000614,0,42,-42
218000615,117,1,116
218000616,7,134,-127
218000617,16,0,16
218000618,5,14,-9
218000619,61,20,41
218000620,19,40,-21
218000621,0,2,-2
218000622,0,28,-28
218000623,22,1,21
218000624,6,23,-17
218000625,11,1,10
218000626,0,17,-17
218000628,179,50,129
218000631,41,10,31
218000632,0,138,-138
218000633,62,3,59
218000634,11,11,0
218000635,13,24,-11
218000636,807,568,239
218000637,1061,316,745
218000638,343,23,320
218000639,20,78,-58
218000640,356,31,325
218000641,82,160,-78
218000652,48,46,2
218000653,212,60,152
218000663,5,52,-47
218000675,37,49,-12
218000676,0,9,-9
218000677,15,5,10
218000680,143,232,-89
218000681,339,107,232
218000691,153,145,8
218000693,323,81,242
218000703,5,17,-12
218000718,108,826,-718
218000719,199,669,-470
218000720,4,293,-289
218000721,116,14,102
218000725,4,6,-2
218001214,6,84,-78
218001329,87,58,29
218001330,52,48,4
218001351,26,17,9
218001352,8,10,-2
218001353,16,4,12
218001354,5,13,-8
218001355,95,0,95
218001357,41,2,39
219000001,39,32,7
219000002,29,68,-39
219000003,81,24,57
219000004,17,56,-39
219000017,76,31,45
219000020,219,121,98
219000022,145,11,134
219000023,291,0,291
219000029,0,92,-92
219000034,31,21,10
219000039,85,141,-56
219000040,50,86,-36
219000041,150,22,128
219000051,0,26,-26
219000052,0,18,-18
219000053,2,67,-65
219000054,31,67,-36
219000055,279,10,269
219000056,11,5,6
219000057,57,0,57
219000062,20,62,-42
219000063,105,8,97
219000064,0,40,-40
219000110,404,78,326
219000111,75,39,36
219000112,176,63,113
219000113,183,95,88
219000114,145,210,-65
219000116,105,25,80
219000117,181,29,152
219000118,387,40,347
219000123,149,71,78
219000124,87,46,41
219000125,20,9,11
219000126,64,104,-40
219000127,1,4,-3
219000128,13,117,-104
219000129,18,109,-91
219000130,205,407,-202
219000131,509,869,-360
219000133,39,41,-2
219000134,12,21,-9
219000135,32,68,-36
219000136,105,200,-95
219000138,73,17,56
219000139,53,36,17
219000140,103,7,96
219000141,34,53,-19
219000142,23,41,-18
219000143,12,40,-28
219000145,20,49,-29
219000146,4,19,-15
219000147,2,22,-20
219000148,5,16,-11
219000149,5,26,-21
219000150,1,26,-25
219000151,2,21,-19
219000157,263,73,190
219000158,128,151,-23
219000161,113,8,105
219000163,994,493,501
219000166,137,205,-68
219000167,91,109,-18
219000168,267,93,174
219000174,436,141,295
219000175,136,5,131
219000176,159,6,153
219000177,87,3,84
219000178,62,1,61
219000179,34,8,26
219000180,32,37,-5
219000182,123,22,101
219000183,84,24,60
219000184,92,11,81
219000185,4,23,-19
219000186,101,14,87
219000187,19,71,-52
219000189,34,155,-121
219000190,62,208,-146
219000191,391,1289,-898
219000192,154,136,18
219000193,159,132,27
219000195,1,40,-39
219000196,5,86,-81
219000198,21,69,-48
219000199,35,116,-81
219000200,25,99,-74
219000201,74,149,-75
219000203,24,82,-58
219000204,140,237,-97
219000205,61,178,-117
219000207,89,230,-141
219000209,29,39,-10
219000210,42,57,-15
219000213,4,98,-94
219000239,208,145,63
219000240,256,312,-56
219000241,165,78,87
219000242,26,109,-83
219000243,65,185,-120
219000244,19,62,-43
219000245,18,32,-14
219000246,19,15,4
219000247,184,48,136
219000248,488,378,110
219000249,186,75,111
219000250,169,100,69
219000251,531,285,246
219000252,228,198,30
219000253,391,111,280
219000255,137,90,47
219000256,278,63,215
219000257,105,0,105
219000262,149,65,84
219000263,59,77,-18
219000267,1,40,-39
219000268,0,4,-4
219000269,1,3,-2
219000270,7,0,7
219000271,135,7,128
219000278,0,5,-5
219000279,2,1,1
219000283,0,6,-6
219000295,26,70,-44
219000296,68,266,-198
219000297,9,57,-48
219000298,10,62,-52
219000299,504,66,438
219000300,38,104,-66
219000301,179,299,-120
219000302,35,221,-186
219000307,66,21,45
219000308,64,70,-6
219000311,235,58,177
219000312,612,136,476
219000313,382,71,311
219000314,60,196,-136
219000315,347,43,304
219000316,639,49,590
219000317,154,31,123
219000320,0,57,-57
219000321,1,7,-6
219000323,5,55,-50
219000325,4,10,-6
219000326,77,35,42
219000327,65,28,37
219000328,43,49,-6
219000329,329,126,203
219000330,45,25,20
219000331,66,36,30
219000332,158,102,56
219000333,25,1,24
219000335,93,0,93
219000337,25,0,25
219000338,54,1,53
219000344,49,71,-22
219000345,21,76,-55
219000346,55,55,0
219000348,169,53,116
219000349,35,114,-79
219000350,128,264,-136
219000351,1,12,-11
219000352,459,85,374
219000353,120,65,55
219000354,249,55,194
219000355,188,43,145
219000356,688,1665,-977
219000363,168,70,98
219000364,50,64,-14
219000365,103,16,87
219000366,167,448,-281
219000368,284,620,-336
219000370,779,649,130
219000371,12,20,-8
219000382,16,21,-5
219000383,259,1246,-987
219000385,419,407,12
219000386,533,1318,-785
219000387,4,14,-10
219000390,4,0,4
219000391,2,0,2
219000397,70,47,23
219000398,46,59,-13
219000401,4,88,-84
219000402,20,77,-57
219000403,148,280,-132
219000404,12,98,-86
219000407,3,29,-26
219000409,49,42,7
219000410,123,37,86
219000411,57,17,40
219000446,76,293,-217
219000447,1,22,-21
219000448,43,2,41
219000452,99,79,20
219000453,40,169,-129
219000454,164,343,-179
219000556,335,74,261
219000558,84,75,9
219000590,26,152,-126
219000591,139,74,65
219000592,99,196,-97
219000595,2,17,-15
219000635,231,30,201
219000636,33,53,-20
219000657,26,40,-14
219000658,48,139,-91
219000673,0,29,-29
219000676,45,31,14
219000679,33,4,29
219000684,106,0,106
219000685,0,50,-50
219000686,0,4,-4
219000688,1,46,-45
219000689,40,217,-177
219000690,142,32,110
219000691,60,142,-82
219000692,139,42,97
219000693,0,11,-11
219000694,18,0,18
219000695,30,3,27
219000698,18,0,18
219000699,0,7,-7
219000727,2,70,-68
219000728,265,4,261
219000770,36,0,36
219000771,0,27,-27
219000788,247,172,75
219001150,3,31,-28
219001151,1,1,0
219001166,23,45,-22
219001167,1,42,-41
219001178,55,0,55
220000001,38,93,-55
220000002,5,76,-71
220000003,240,155,85
220000004,368,264,104
220000005,757,1923,-1166
220000006,156,683,-527
220000007,392,256,136
220000008,316,370,-54
220000009,229,329,-100
220000010,126,102,24
220000011,576,2527,-1951
220000012,84,277,-193
220000014,111,57,54
220000015,28,260,-232
220000017,35,179,-144
220000018,3402,1857,1545
220000019,65,336,-271
220000020,387,191,196
220000021,665,132,533
220000022,841,325,516
220000023,361,134,227
220000024,1391,401,990
220000025,977,1553,-576
220000026,307,521,-214
220000027,16,94,-78
220000028,50,51,-1
220000029,29,90,-61
220000030,45,53,-8
220000031,577,300,277
220000064,26,771,-745
221000046,65,30,35
221000047,0,0,0
221000048,0,2,-2
221000049,0,7,-7
221000050,53,0,53
221000055,33,53,-20
221000057,58,10,48
221000068,307,139,168
221000069,317,46,271
221000070,173,21,152
221000071,123,10,113
221000072,213,9,204
221000073,167,31,136
221000074,1,14,-13
221000075,8,16,-8
221000076,10,15,-5
221000077,17,82,-65
221000081,13,10,3
221000082,62,5,57
221000083,18,8,10
221000084,8,6,2
221000085,14,70,-56
221000086,13,52,-39
221000087,4,91,-87
221000088,6,139,-133
221000089,23,231,-208
221000090,98,509,-411
221000098,88,19,69
221000099,188,11,177
221000100,95,9,86
221000101,176,28,148
221000102,153,26,127
221000109,9,81,-72
221000110,9,49,-40
221000111,17,95,-78
221000112,4,112,-108
221000113,18,116,-98
221000114,12,98,-86
221000120,26,36,-10
221000121,5,54,-49
221000122,34,51,-17
221000123,7,10,-3
221000124,23,88,-65
221000155,112,14,98
221000156,42,27,15
221000175,1,4,-3
221000176,0,2,-2
221000182,41,8,33
221000241,486,291,195
221000242,172,273,-101
221000243,406,193,213
221000244,384,264,120
221000245,68,75,-7
221000246,39,144,-105
221000247,55,81,-26
221000248,84,59,25
221000267,69,485,-416
221000325,50,68,-18
221000331,4,43,-39
221000338,13,33,-20
221000378,285,22,263
221000381,34,36,-2
222000282,6,9,-3
222000296,2,10,-8
222000568,400,24,376
222000569,224,73,151
222000570,177,37,140
222000571,486,25,461
222000577,26,109,-83
222000578,54,119,-65
222000579,19,105,-86
222000580,69,503,-434
222000599,0,105,-105
222000600,0,195,-195
222000601,4,652,-648
222000603,6,36,-30
222000604,3,43,-40
222000605,16,27,-11
222000606,2,20,-18
222000607,7,7,0
222000608,16,27,-11
222000609,54,108,-54
222000616,490,21,469
222000617,3,13,-10
222000618,0,7,-7
222000620,19,10,9
222000621,22,14,8
222000623,584,7,577
222000624,372,8,364
222000625,565,9,556
222000636,79,4,75
222000686,24,25,-1
222000687,48,13,35
222001066,318,1,317
222001067,30,1,29
222001068,82,21,61
222001069,71,24,47
222001082,43,12,31
222001083,22,24,-2
222001084,0,24,-24
222001085,1,261,-260
222001111,137,71,66
222001112,192,39,153
222001313,28,4,24
222001314,13,104,-91
222001464,69,15,54
222001465,16,52,-36
222001484,157,43,114
222001485,15,51,-36
222001494,661,94,567
222001495,127,132,-5
222001496,396,82,314
222001497,134,203,-69
222001502,19,93,-74
222001503,140,39,101
222001504,39,279,-240
222001505,447,11,436
222001506,51,354,-303
222001507,363,35,328
222001510,716,37,679
222001511,56,221,-165
222001514,781,220,561
222001515,201,315,-114
222001518,552,83,469
222001519,61,95,-34
222001527,233,77,156
222001528,75,92,-17
222001529,399,68,331
222001530,60,139,-79
222001533,153,182,-29
222001534,482,57,425
222001535,288,205,83
222001536,145,104,41
222001537,394,78,316
222001538,86,332,-246
222001563,891,84,807
222001564,64,291,-227
222001568,207,199,8
222001576,0,10,-10
222001579,0,12,-12
222001583,22,81,-59
222001584,89,5,84
222001596,544,1092,-548
222001597,1669,324,1345
222001626,0,97,-97
222001650,36,157,-121
222001651,34,704,-670
222001914,241,77,164
222001915,87,143,-56
222001968,473,231,242
222001969,352,369,-17
222001970,141,186,-45
222001971,38,12,26
222001972,4,17,-13
225000001,354,146,208
225000002,587,142,445
225000003,682,85,597
225000004,405,195,210
225000005,70,44,26
225000006,0,119,-119
225000007,858,932,-74
225000010,259,8,251
225000011,277,1025,-748
225000012,248,602,-354
225000013,110,86,24
225000014,682,98,584
225000015,68,108,-40
225000021,701,176,525
225000027,181,331,-150
225000032,614,110,504
225000042,67,390,-323
225000049,118,47,71
225000050,64,10,54
225000053,4,260,-256
225000058,512,182,330
225000067,274,115,159
225000068,104,189,-85
225000069,84,303,-219
225000070,100,232,-132
225000071,37,84,-47
225000075,22,478,-456
225000076,38,126,-88
225000078,77,33,44
225000085,118,115,3
225000086,226,80,146
225000087,126,20,106
225000088,10,196,-186
225000089,130,866,-736
225000090,56,362,-306
225000091,170,124,46
225000092,35,47,-12
225000093,263,162,101
225000094,32,110,-78
225000095,257,235,22
225000096,195,274,-79
225000098,798,219,579
225000099,395,143,252
225000100,404,145,259
225000104,137,280,-143
225000110,8,282,-274
225000111,163,592,-429
225000112,226,697,-471
225000113,175,487,-312
225000114,95,198,-103
225000115,688,462,226
225000116,603,171,432
225000117,692,226,466
225000118,1008,232,776
225000119,264,70,194
225000120,784,35,749
225000121,182,11,171
225000123,395,12,383
225000125,436,111,325
225000126,519,128,391
225000127,531,1297,-766
225000128,366,762,-396
225000132,346,43,303
225000133,195,31,164
225000134,549,159,390
225000135,64,8,56
225000136,335,18,317
225000137,305,46,259
225000138,359,92,267
225000143,38,135,-97
225000144,8,215,-207
225000145,152,39,113
225000146,46,58,-12
225000147,35,130,-95
225000148,3,140,-137
225000149,54,280,-226
225000151,25,140,-115
225000155,326,207,119
225000156,160,663,-503
225000157,222,198,24
225000158,40,151,-111
225000171,0,120,-120
225000180,53,20,33
225000181,0,50,-50
225000182,64,13,51
225000185,9,296,-287
225000187,56,317,-261
225000191,80,2,78
225000194,0,10,-10
225000208,5,56,-51
225000209,99,16,83
225000210,6,216,-210
225000217,0,10,-10
225000218,9,0,9
225000223,0,31,-31
225000224,30,1,29
225000225,0,5,-5
225000226,30,4,26
225000227,21,49,-28
225000228,12,18,-6
225000229,0,37,-37
225000230,90,2,88
225000231,0,26,-26
225000232,204,2,202
225000241,61,3,58
225000242,0,30,-30
225000249,16,0,16
225000250,39,379,-340
225000251,406,15,391
225000254,6,2,4
225000256,2,18,-16
225000257,0,15,-15
226000042,199,252,-53
226000043,40,185,-145
226000044,102,225,-123
226000045,62,193,-131
226000046,400,74,326
226000047,365,73,292
226000048,309,81,228
226000049,315,175,140
226000070,0,14,-14
226000071,0,26,-26
226000072,0,5,-5
226000073,0,7,-7
226000074,2,13,-11
226000084,0,32,-32
226000085,0,4,-4
226000086,2,4,-2
226000087,5,7,-2
226000088,13,62,-49
226000090,223,104,119
226000091,17,43,-26
226000092,7,30,-23
226000093,12,3,9
226000094,3,8,-5
226000095,13,2,11
226000105,6,3,3
226000106,7,0,7
226000107,8,0,8
226000108,14,0,14
226000109,111,0,111
226000124,137,48,89
226000134,789,411,378
226000135,1820,559,1261
226000136,669,415,254
226000137,6,153,-147
226000138,3,65,-62
226000139,3,25,-22
226000156,172,4,168
226000157,192,12,180
226000163,70,178,-108
226000202,7,133,-126
226000231,453,21,432
226000232,46,4,42
227000033,387,45,342
227000036,438,21,417
227000037,384,24,360
227000038,126,25,101
227000084,2,43,-41
227000085,0,35,-35
227000088,39,2,37
227000089,78,1,77
227000090,30,3,27
227000091,7,0,7
227000092,34,5,29
227000093,121,0,121
227000094,8,1,7
227000130,23,71,-48
227000131,31,91,-60
227000132,11,101,-90
227000133,13,108,-95
227000134,13,173,-160
227000152,0,6,-6
227000153,0,37,-37
227000154,0,26,-26
227000155,0,18,-18
227000156,1,13,-12
227000165,2,29,-27
227000196,465,147,318
227000199,490,256,234
227000230,9,204,-195
227000232,527,20,507
227000242,44,325,-281
227000243,446,71,375
227000245,16,229,-213
227000246,78,202,-124
227000247,427,58,369
227000248,127,22,105
227000249,12,76,-64
227000250,264,129,135
227000251,97,128,-31
227000252,30,134,-104
227000253,188,19,169
227000262,468,46,422
227000266,1378,11,1367
227000267,20,820,-800
227000282,8,99,-91
227000284,686,30,656
227000286,1,38,-37
227000291,14,276,-262
227000296,176,279,-103
227000484,177,16,161
227000485,28,456,-428
227000655,265,6,259
227000656,639,45,594
227000657,108,6,102
227000704,218,11,207
229000265,16,8,8
229000266,1,0,1
229000267,9,0,9
229000268,14,0,14
229000269,99,0,99
229000274,0,29,-29
229000275,5,31,-26
229000276,1,14,-13
229000277,2,2,0
229000278,0,3,-3
229000295,12,40,-28
229000296,46,9,37
229000297,18,10,8
229000298,5,100,-95
229000320,14,10,4
229000321,35,14,21
229000412,13,62,-49
229000414,6,35,-29
229000415,12,5,7
229000416,2,1,1
229000417,4,15,-11
229000419,99,240,-141
229000440,381,82,299
229000442,25,12,13
229000443,3,2,1
229000444,1,17,-16
229000445,88,4,84
229000446,71,12,59
229000491,3,8,-5
229000492,11,48,-37
229000493,5,44,-39
229000494,55,3,52
229000495,142,4,138
229000496,72,3,69
229000507,0,62,-62
229000508,0,29,-29
229000509,1,50,-49
229000510,1,27,-26
229000511,0,29,-29
229000512,0,21,-21
229000513,0,8,-8
229000514,0,0,0
229000517,0,6,-6
229000518,36,13,23
229000519,1,2,-1
229000520,11,14,-3
229000521,77,11,66
229000522,5,2,3
229000523,11,7,4
229000524,5,2,3
229000527,1,0,1
229000528,0,0,0
229000529,4,0,4
229000530,65,6,59
229000531,25,1,24
229000532,13,2,11
229000533,62,2,60
229000534,38,1,37
229000564,69,0,69
229000565,25,0,25
229000566,0,11,-11
229000567,0,16,-16
229000582,80,3,77
229000583,5,4,1
229000584,0,41,-41
229000585,2,33,-31
229000718,0,3,-3
229000719,0,1,-1
229000720,0,5,-5
229000721,0,2,-2
229000722,0,2,-2
229000723,0,5,-5
229000724,0,2,-2
229000725,0,0,0
229000738,2,0,2
229000739,4,0,4
229000740,0,0,0
229000741,25,0,25
229000742,4,1,3
229000743,7,0,7
229000744,1,0,1
229000745,2,0,2
229000746,10,0,10
229000847,39,1,38
229000848,16,1,15
229000849,90,0,90
229000851,50,0,50
229000854,0,9,-9
229000856,0,32,-32
229000857,0,3,-3
229000858,0,12,-12
229000919,12,46,-34
229000930,0,189,-189
229000937,95,13,82
229000966,43,24,19
229000981,22,18,4
229000985,19,16,3
229000986,2,5,-3
229000987,0,2,-2
229000988,5,5,0
229000989,2,10,-8
229000990,0,1,-1
229000991,0,0,0
229000992,25,4,21
229000993,149,32,117
229000998,12,38,-26
229000999,87,27,60
229001034,0,17,-17
229001035,1,5,-4
229001036,6,51,-45
229001037,54,2,52
229001038,0,5,-5
229001039,0,0,0
229001040,0,77,-77
229001041,45,0,45
229001042,18,17,1
229001047,11,29,-18
229001050,55,27,28
229001168,0,15,-15
229001200,21,8,13
229001338,5,16,-11
229001394,151,5,146
229001422,111,21,90
229001423,41,52,-11
229001431,36,33,3
229001432,53,45,8
229001444,287,100,187
229001445,28,98,-70
229001479,38,3,35
229001503,193,69,124
229001504,86,97,-11
229001505,60,20,40
229001506,67,89,-22
229001509,44,7,37
229001510,7,36,-29
229001545,108,5,103
229001546,8,60,-52
229001553,103,15,88
229001554,28,41,-13
229001630,75,37,38
229001631,18,16,2
229001635,1,11,-10
229001636,5,0,5
229001658,0,97,-97
229001659,43,1,42
229001660,7,4,3
229001661,0,21,-21
229001662,23,1,22
229001663,0,9,-9
229002584,229,178,51
229002831,141,113,28
229002841,13,22,-9
229002842,11,19,-8
229002843,82,10,72
229002844,27,35,-8
229002845,17,57,-40
229002846,16,11,5
229002847,0,19,-19
229002848,9,12,-3
229002849,3,53,-50
229002850,14,0,14
229002851,34,143,-109
229002852,119,20,99
229002853,114,21,93
229002854,39,60,-21
229002855,8,34,-26
229002856,54,17,37
229002857,12,115,-103
229002858,10,6,4
229002859,21,88,-67
229002860,128,19,109
229002861,54,24,30
229002862,35,43,-8
229002863,32,5,27
229002864,41,23,18
229002865,9,23,-14
229002866,20,23,-3
229002867,2,19,-17
229002868,3,15,-12
229002869,33,96,-63
229002870,63,10,53
235000066,255,36,219
235000067,92,68,24
235000072,33,75,-42
235000073,116,295,-179
235000074,47,33,14
235000080,19,52,-33
235000081,153,63,90
235000082,133,53,80
235000083,272,78,194
235000084,26,44,-18
235000085,181,37,144
235000089,69,22,47
235000092,83,155,-72
235000093,8,6,2
235000097,1,5,-4
235000098,48,4,44
235000099,40,13,27
235000116,45,14,31
235000117,290,13,277
235000133,10,605,-595
235000134,11,161,-150
235000206,8,7,1
235000207,1,4,-3
235000208,0,2,-2
235000209,6,6,0
235000210,7,2,5
235000212,3,10,-7
235000213,4,5,-1
235000220,0,1,-1
235000221,67,15,52
235000238,21,94,-73
235000239,5,17,-12
235000242,356,678,-322
235000245,275,135,140
235000246,9,62,-53
235000284,2,140,-138
235000295,58,11,47
235000305,264,20,244
235000306,288,9,279
235000307,19,4,15
235000308,16,3,13
235000309,45,1,44
235000310,50,0,50
235000311,67,26,41
235000322,0,42,-42
235000323,0,30,-30
235000324,0,37,-37
235000325,0,192,-192
235000326,2,90,-88
235000351,4,79,-75
235000352,14,53,-39
235000353,4,45,-41
235000354,14,55,-41
235000355,16,64,-48
235000356,60,5,55
235000357,23,4,19
235000358,66,9,57
235000359,17,2,15
235000360,44,9,35
235000361,47,4,43
235000381,83,78,5
235000382,215,35,180
235000390,12,3,9
235000391,147,19,128
235000392,165,240,-75
235000393,115,128,-13
235000395,132,26,106
235000396,498,60,438
235000400,98,51,47
235000401,14,116,-102
235000405,79,126,-47
235000406,42,165,-123
235000407,68,69,-1
235000409,142,79,63
235000410,37,126,-89
235000411,0,33,-33
235000485,0,16,-16
235000486,11,1,10
235000549,229,63,166
235000550,84,94,-10
235000599,166,35,131
235000600,14,15,-1
235000601,11,15,-4
235000602,102,41,61
235000614,1,6,-5
235000648,0,18,-18
235000649,40,5,35
235000685,2,6,-4
235000815,25,122,-97
235000834,0,9,-9
235000855,91,27,64
235000862,25,99,-74
235000891,0,13,-13
235000892,28,0,28
235000901,215,38,177
235000907,5,8,-3
235001010,96,38,58
235001029,345,242,103
235001030,290,207,83
235001078,86,75,11
235001079,42,74,-32
235001147,3,49,-46
235001166,13,47,-34
235001167,74,26,48
235001169,50,325,-275
235001188,1,6,-5
235001189,5,1,4
235001197,7,12,-5
235001200,63,36,27
235001207,134,29,105
235001210,14,51,-37
235001215,8,73,-65
235001239,4,27,-23
235001244,0,6,-6
235016267,1,79,-78
277101746,0,2,-2
277102712,0,0,0
277103813,0,0,0
277103814,0,0,0
277103898,0,1,-1
277104249,0,0,0
277104250,0,4,-4
277104251,0,4,-4
277104252,0,2,-2
990011530,0,173,-173
990014944,2,269,-267
990015176,32,7,25
990015618,1,123,-122
990016032,0,233,-233
990032570,0,326,-326
990070001,73,0,73
990070103,0,2,-2
990070601,1,52,-51
990070751,1386,3,1383
990070766,1,236,-235
990071180,411,137,274
990071343,31,1,30
990071387,0,16,-16
990071823,609,6,603
990072600,2,1265,-1263
990072964,0,336,-336
990073285,0,1,-1
990074393,0,529,-529
990074870,1418,6,1412
990075106,844,5,839
990075746,516,4,512
990076437,1753,6,1747
990076458,0,323,-323
997000007,427,7,420
997000041,0,206,-206
997000058,44,0,44
997000062,64,31,33
997000069,0,5,-5
997000070,0,18,-18
997000100,52,0,52
997000141,4,1449,-1445
997000198,3,900,-897
998000475,1,8,-7
998000736,0,91,-91
998000965,0,6,-6
998001031,1,78,-77
998001700,0,8,-8
998001899,0,4,-4
998001900,5,2,3
998003073,1162,5,1157
998101900,0,0,0
998102850,1,268,-267
998501927,795,1097,-302
998501929,125,6,119
998501930,38,0,38
998501931,142,33,109
998501932,6,0,6
998501933,51,1,50
998501937,32,1,31
998501944,17,0,17
998501950,0,0,0
998501970,63,2,61
998501971,1,64,-63
998501973,0,42,-42
998501974,3,159,-156
998501975,165,39,126
998501976,76,0,76
998501977,0,14,-14
998501978,5,0,5
998501979,0,11,-11
998501980,71,0,71
998501981,29,1,28
998501982,1,102,-101
998502006,0,0,0
998502024,0,9,-9
998502032,0,4,-4
998502062,73,60,13
998502063,0,0,0
998502173,37,0,37
998502269,0,2,-2
998601159,1,82,-81
998601292,0,13,-13
999033574,3,198,-195
999800001,83,4,79
999800002,0,5,-5
999800003,2,1,1
999800004,0,2,-2
999800005,0,6,-6
