ID,insum,outsum,diff
100000001,1353,661,692
100000002,4967,7845,-2878
100000003,5622,6341,-719
100000004,328,1512,-1184
100000005,4329,5242,-913
100000006,811,1350,-539
100000007,3057,2177,880
100000008,129,795,-666
100000009,394,1545,-1151
100000010,59,2446,-2387
100000011,628,358,270
100000012,47,392,-345
100000013,13,359,-346
100000014,131,2985,-2854
100000015,1392,2318,-926
100000016,351,2765,-2414
100000017,297,4065,-3768
100000018,854,1069,-215
100000019,2914,2688,226
100000020,1321,7010,-5689
100000021,8360,1818,6542
100000022,776,5090,-4314
100000023,5255,1917,3338
100000025,689,2181,-1492
100000028,500,2812,-2312
100000029,72,852,-780
100000030,88,37,51
100000031,2392,9081,-6689
100000032,2412,5748,-3336
100000033,1440,4413,-2973
100000034,118,1809,-1691
100000035,905,1767,-862
100000036,512,2588,-2076
100000037,943,510,433
100000038,3703,961,2742
100000039,216,498,-282
100000040,1044,306,738
100000041,2693,1352,1341
100000042,1777,362,1415
100000043,844,173,671
100000044,156,236,-80
100000045,342,544,-202
100000046,367,510,-143
100000047,105,225,-120
100000048,177,540,-363
100000049,1345,1153,192
100000051,615,505,110
100000053,84,11,73
100000054,295,34,261
100000055,608,192,416
100000056,367,429,-62
100000057,2947,459,2488
100000058,1279,434,845
100000059,119,274,-155
100000060,1188,456,732
100000061,3730,645,3085
100000062,2309,917,1392
100000063,1697,507,1190
100000064,2985,427,2558
100000065,410,475,-65
100000066,157,491,-334
100000067,247,774,-527
100000068,314,1657,-1343
100000069,461,1030,-569
100000072,225,434,-209
100000073,1153,816,337
100000075,1050,121,929
100000076,1781,12223,-10442
100000077,80,769,-689
100000078,3,64,-61
100000079,18,74,-56
100000080,8,52,-44
100000081,26,151,-125
100000102,2641,5801,-3160
100000103,1560,7264,-5704
100000104,3810,3261,549
100000105,1401,2354,-953
100000106,665,3860,-3195
100000107,104,1685,-1581
100000108,399,1181,-782
100000109,487,1815,-1328
100000116,167,628,-461
100000117,65,169,-104
100000118,565,1524,-959
100000119,1040,1132,-92
100000121,303,539,-236
100000122,619,2629,-2010
100000123,1312,2373,-1061
100000124,2216,2532,-316
100000125,7011,2251,4760
100000126,606,798,-192
100000127,1705,1051,654
100000128,553,4046,-3493
100000129,343,913,-570
100000130,1457,260,1197
100000131,931,1254,-323
100000132,1178,1500,-322
100000133,1406,791,615
100000135,797,1147,-350
100000139,150,688,-538
100000140,176,137,39
100000142,918,633,285
100000143,899,383,516
100000144,1334,374,960
100000147,1569,5785,-4216
100000150,188,478,-290
100000151,274,1963,-1689
100000153,55,574,-519
100000154,11,885,-874
100000155,1,75,-74
100000156,76,245,-169
100000157,325,218,107
100000158,198,188,10
100000159,96,1334,-1238
100000165,675,571,104
100000169,26,3161,-3135
100000174,469,1783,-1314
100000179,67,1074,-1007
100000180,1326,3592,-2266
100000181,385,255,130
100000188,115,71,44
100000189,1033,773,260
100000190,555,1800,-1245
100000191,872,499,373
100000192,15,288,-273
100000193,454,250,204
100000330,672,1003,-331
100000355,240,445,-205
100000362,2117,835,1282
100000363,8281,9489,-1208
100000364,81,333,-252
100000365,6253,9320,-3067
100000366,1498,1059,439
100000367,5763,6742,-979
100000368,2007,1463,544
100000369,503,2549,-2046
100000370,158,1314,-1156
100000376,29,594,-565
100000379,802,4606,-3804
100000380,3131,8480,-5349
100000384,5895,7777,-1882
100000385,1345,5041,-3696
100000386,1413,8440,-7027
100000387,3182,8556,-5374
100000388,1887,4704,-2817
100000389,5033,7315,-2282
100000390,2772,3379,-607
100000391,2601,7512,-4911
100000392,563,2269,-1706
100000393,634,4291,-3657
100000394,1614,4982,-3368
100000395,743,4383,-3640
100000396,779,1930,-1151
100000397,1516,6611,-5095
100000398,5619,4034,1585
100900002,18,6,12
100900003,879,407,472
100900004,5,527,-522
100900005,158,32,126
100900006,52,14,38
100900007,479,4,475
100900008,3,239,-236
100900009,50,9,41
100900010,37,4,33
100900011,254,196,58
100900012,0,39,-39
100900013,1613,15,1598
100900014,2,2,0
100900015,77,41,36
100900016,1,9,-8
100900017,2010,132,1878
100900018,0,9,-9
100900019,108,82,26
100900020,643,4,639
100900021,699,1,698
100900022,6,18,-12
100900023,0,95,-95
100900024,613,10,603
100900025,45,3,42
100900026,93,75,18
100900027,438,3713,-3275
100900028,130,409,-279
100900029,31,0,31
100900030,0,184,-184
100900031,1708,62,1646
100900032,657,1,656
100900033,127,686,-559
100900034,2686,5,2681
100900035,254,7,247
100900036,151,0,151
100900037,260,52,208
100900038,16,70,-54
100900039,300,123,177
100900040,1013,525,488
100900041,2450,131,2319
100900042,231,2730,-2499
100900043,0,35,-35
100900044,1050,1084,-34
100900045,46,3,43
100900046,1888,14,1874
100900047,975,229,746
100900048,108,41,67
100900049,115,49,66
100900050,8,21,-13
100900051,23,126,-103
100900052,507,6,501
100900053,1028,36,992
100900054,7,44,-37
100900055,409,2075,-1666
100900056,48,60,-12
100900057,2307,311,1996
100900058,227,19,208
100900059,262,0,262
100900060,382,9,373
100900061,229,149,80
100900062,16,7,9
100900063,470,1708,-1238
100900064,724,5,719
100900065,35,259,-224
100900066,98,36,62
100900067,97,0,97
100900068,399,959,-560
100900069,127,3,124
100900070,1104,10,1094
100900071,318,96,222
100900072,10,34,-24
100900073,291,129,162
100900074,1,30,-29
100900075,1649,116,1533
100900076,12,3,9
100900077,125,9,116
100900078,102,238,-136
100900079,2,16,-14
100900080,278,257,21
100900081,7,122,-115
100900082,403,83,320
100900083,45,38,7
100900085,0,431,-431
100900086,21,571,-550
100900088,459,101,358
100900089,1,21,-20
100900090,113,1282,-1169
100900091,0,10,-10
100900092,67,229,-162
100900093,636,998,-362
100900094,742,79,663
100900095,19,22,-3
100900096,14,151,-137
100900097,2,1,1
100900098,7,27,-20
100900099,10,334,-324
100900100,4,217,-213
100900101,463,20,443
100900102,4,232,-228
100900103,4,6,-2
100900104,3,113,-110
100900105,8,372,-364
100900106,18,1,17
100900107,1921,879,1042
100900108,14,39,-25
100900109,34,36,-2
100900110,23,17,6
100900111,11,246,-235
100900112,1,56,-55
100900113,37,16,21
100900114,10,12,-2
100900115,41,27,14
100900116,1109,475,634
100900117,313,1596,-1283
100900118,10,29,-19
100900119,8,15,-7
100900120,68,11,57
100900121,633,358,275
100900122,65,89,-24
100900123,344,35,309
100900124,2,10,-8
100900125,2,34,-32
100900126,969,593,376
100900127,5,4,1
100900128,116,340,-224
100900129,0,314,-314
100900131,8,93,-85
100900133,141,56,85
100900134,5,4,1
100900135,3,308,-305
100900137,309,155,154
100900138,1172,411,761
100900139,2,44,-42
100900140,0,76,-76
100900141,0,518,-518
100900142,1,4,-3
100900143,245,805,-560
100900144,8,6,2
100900145,87,1639,-1552
100900146,9,101,-92
100900147,6,1910,-1904
100900148,144,134,10
100900149,9,900,-891
100900150,12,136,-124
100900151,32,351,-319
100900152,340,4,336
100900153,1,251,-250
100900154,0,156,-156
100900155,50,3,47
100900156,28,0,28
100900157,13,890,-877
100900158,812,43,769
100900159,2,45,-43
100900160,78,3,75
100900161,83,1,82
100900162,13,447,-434
100900163,77,93,-16
100900164,301,21,280
100900165,38,12,26
100900166,34,0,34
100900167,5,56,-51
100900168,4,130,-126
100900169,65,593,-528
100900170,4,7,-3
100900171,3,419,-416
100900172,1,118,-117
100900173,3,124,-121
100900174,36,26,10
100900176,1221,274,947
100900177,257,144,113
100900178,279,319,-40
100900179,224,209,15
100900180,1,3,-2
100900181,99,108,-9
100900182,62,13,49
100900184,169,331,-162
100900186,816,391,425
100900187,33,31,2
100900188,36,15,21
100900189,3547,397,3150
100900191,338,1495,-1157
100900192,70,388,-318
100900195,80,309,-229
100900197,91,48,43
100900198,20,22,-2
100900199,4,7,-3
100900200,742,158,584
100900201,52,1380,-1328
100900202,107,2,105
100900203,0,78,-78
100900204,82,438,-356
100900205,168,658,-490
100900206,415,442,-27
100900207,565,124,441
100900210,70,110,-40
100900211,433,125,308
100900213,138,51,87
100900214,174,173,1
100900215,87,50,37
100900217,17,45,-28
101000001,2074,2834,-760
101000002,7695,10453,-2758
101000003,314,1174,-860
101000004,7680,8670,-990
101000005,6089,8210,-2121
101000006,7151,12860,-5709
101000007,3668,5562,-1894
101000008,2031,2570,-539
101000009,3278,1128,2150
101000010,1688,696,992
101000011,1073,341,732
101000012,266,651,-385
101000013,584,1394,-810
101000014,488,424,64
101000015,3924,1726,2198
101000016,239,814,-575
101000017,363,353,10
101000018,1332,6932,-5600
101000020,1146,1317,-171
101000021,642,735,-93
101000022,120,607,-487
101000023,1081,916,165
101000025,400,695,-295
101000026,541,47,494
101000027,1572,3771,-2199
101000028,677,227,450
101000029,30,1183,-1153
101000030,750,107,643
101000031,88,684,-596
101000032,2296,4352,-2056
101000033,1027,5914,-4887
101000034,464,2895,-2431
101000035,394,455,-61
101000036,355,2925,-2570
101000037,610,4072,-3462
101000039,1748,3531,-1783
101000040,2736,8020,-5284
101000041,1831,6778,-4947
101000042,37,833,-796
101000043,3137,7531,-4394
101000045,253,886,-633
101000046,1219,1945,-726
101000047,926,4744,-3818
101000048,466,273,193
101000049,640,2426,-1786
101000050,409,2372,-1963
101000051,822,2262,-1440
101000052,1416,2109,-693
101000053,361,1502,-1141
101000054,1548,781,767
101000055,1425,1407,18
101000056,9,149,-140
101000057,588,3588,-3000
101000058,551,2599,-2048
101000059,2523,4286,-1763
101000060,2064,1134,930
101000061,306,2816,-2510
101000062,227,911,-684
101000063,118,1650,-1532
101000064,175,1685,-1510
101000065,85,935,-850
101000066,355,1423,-1068
101000067,233,716,-483
101000068,91,432,-341
101000069,83,95,-12
101000070,359,787,-428
101000071,3702,1325,2377
101000072,557,2759,-2202
101000073,500,1159,-659
101000074,1868,3142,-1274
101000075,1572,2470,-898
101000077,1794,3243,-1449
101000078,760,998,-238
101000079,1056,917,139
101000080,1019,948,71
101000081,1682,1583,99
101000082,1438,1259,179
101000083,3673,2180,1493
101000084,1103,676,427
101000085,2257,970,1287
101000086,850,793,57
101000087,557,668,-111
101000088,2408,1156,1252
101000089,1412,2300,-888
101000090,1280,678,602
101000091,642,613,29
101000092,2657,515,2142
101000093,1911,556,1355
101000094,914,868,46
101000095,707,646,61
101000096,929,187,742
101000097,521,822,-301
101000098,397,767,-370
101000099,480,1134,-654
101000100,847,1312,-465
101000101,211,866,-655
101000102,335,1335,-1000
101000103,339,983,-644
101000104,262,843,-581
101000105,201,560,-359
101000106,288,1734,-1446
101000107,468,614,-146
101000108,656,100,556
101000109,1185,223,962
101000110,28,178,-150
101000111,44,256,-212
101000113,100,1295,-1195
101000114,1943,6243,-4300
101000115,30,12,18
101000116,40,17,23
101000117,953,140,813
101000119,22,114,-92
101000120,54,239,-185
101000121,20,78,-58
101000122,46,94,-48
101000123,70,168,-98
101000124,662,765,-103
101000125,109,93,16
101000128,292,2171,-1879
101000130,137,259,-122
101000131,2364,370,1994
101000132,1235,497,738
101000135,5,20,-15
101000136,96,194,-98
101000137,21,509,-488
101000141,673,5071,-4398
101000147,1344,297,1047
101000148,957,9,948
101000149,31,95,-64
101000150,159,287,-128
101000151,809,62,747
101000152,549,425,124
101000153,370,206,164
101000154,868,507,361
101000155,1123,272,851
101000156,73,1331,-1258
101000157,22,277,-255
101000160,3,12,-9
101000163,80,631,-551
101000164,477,123,354
101000165,301,509,-208
101000166,166,241,-75
101000168,1370,380,990
101000252,3506,723,2783
101000254,25,25,0
101000258,57,3,54
101000261,83,93,-10
101000262,1375,7108,-5733
101000263,357,1260,-903
101000265,93,675,-582
101000266,485,192,293
101000269,15,60,-45
101000290,298,4251,-3953
101000293,5,13,-8
101000294,371,516,-145
101000295,309,170,139
101000301,215,832,-617
101000304,2506,4582,-2076
101000305,2891,1311,1580
101900001,23,49,-26
101900002,0,28,-28
101900003,58,61,-3
101900004,1,193,-192
101900005,1094,5867,-4773
101900006,1766,157,1609
101900007,376,245,131
101900008,28,331,-303
101900009,24,543,-519
101900010,870,817,53
101900011,86,1923,-1837
101900012,433,75,358
101900013,309,63,246
101900017,26,105,-79
101900018,1898,256,1642
101900019,35,201,-166
101900020,614,291,323
101900021,0,82,-82
101900022,247,1976,-1729
101900023,193,262,-69
102000001,5109,9670,-4561
102000002,3273,3297,-24
102000003,1763,6185,-4422
102000004,5088,3716,1372
102000005,1633,4163,-2530
102000006,862,1243,-381
102000007,1901,5389,-3488
102000008,5904,1613,4291
102000009,9830,11679,-1849
102000010,4051,2860,1191
102000011,5901,5491,410
102000012,4262,2864,1398
102000018,3145,4074,-929
102000019,3306,2678,628
102000026,549,465,84
102000029,335,281,54
102000030,159,514,-355
102000031,158,119,39
102000032,1033,457,576
102000033,833,315,518
102000034,490,299,191
102000035,1086,630,456
102000036,32,202,-170
102000037,150,19,131
102000038,192,168,24
102000039,101,118,-17
102000040,238,175,63
102000041,42,372,-330
102000042,73,238,-165
102000043,66,318,-252
102000044,600,1145,-545
102000045,907,708,199
102000046,2147,678,1469
102000047,1622,544,1078
102000048,1121,644,477
102000049,1135,982,153
102000050,1635,953,682
102000051,278,459,-181
102000052,1600,1081,519
102000053,1270,840,430
102000054,1112,1031,81
102000055,1452,222,1230
102000056,2181,285,1896
102000057,2118,589,1529
102000058,885,842,43
102000059,918,939,-21
102000060,884,932,-48
102000061,2719,1388,1331
102000062,2762,1041,1721
102000063,1202,1763,-561
102000064,634,774,-140
102000065,65,198,-133
102000066,871,341,530
102000067,6858,5061,1797
102000068,9674,3746,5928
102000069,130,2798,-2668
102000070,2221,32,2189
102000071,6930,13868,-6938
102000072,2892,3932,-1040
102000073,724,596,128
102000074,1140,699,441
102000075,262,203,59
102000076,724,156,568
102000077,1132,1038,94
102000078,1978,474,1504
102000079,235,57,178
102000080,520,217,303
102000081,310,757,-447
102000082,810,619,191
102000083,1256,164,1092
102000084,1139,84,1055
102000085,1867,647,1220
102000086,2151,710,1441
102000087,713,1035,-322
102000088,435,224,211
102000089,1981,269,1712
102000090,374,1393,-1019
102000091,996,796,200
102000092,317,718,-401
102000093,791,570,221
102000094,537,451,86
102000095,753,963,-210
102000096,546,343,203
102000097,540,282,258
102000098,311,345,-34
102000099,741,550,191
102000100,249,472,-223
102000101,367,323,44
102000102,233,1511,-1278
102000103,3385,510,2875
102000104,516,338,178
102000105,409,405,4
102000106,1191,448,743
102000107,2841,142,2699
102000108,909,1096,-187
102000109,954,1305,-351
102000110,1810,452,1358
102000111,8,2160,-2152
102000112,141,187,-46
102000113,12,100,-88
102000114,3062,592,2470
102000115,256,504,-248
102000116,271,791,-520
102000117,72,617,-545
102000118,968,2441,-1473
102000119,569,1048,-479
102000120,304,531,-227
102000121,1608,272,1336
102000122,714,811,-97
102000123,1004,794,210
102000124,1965,1323,642
102000125,590,712,-122
102000126,668,809,-141
102000127,1796,929,867
102000128,900,818,82
102000129,2116,811,1305
102000130,786,1096,-310
102000131,1040,913,127
102000132,503,1001,-498
102000133,5400,3162,2238
102000134,2024,758,1266
102000135,535,874,-339
102000136,962,661,301
102000137,556,418,138
102000138,350,157,193
102000139,114,344,-230
102000140,154,256,-102
102000141,363,704,-341
102000142,392,192,200
102000143,446,93,353
102000144,547,86,461
102000145,387,199,188
102000146,922,183,739
102000147,828,354,474
102000148,261,538,-277
102000149,612,142,470
102000150,1303,71,1232
102000151,150,76,74
102000152,560,91,469
102000153,1033,442,591
102000154,149,241,-92
102000155,52,381,-329
102000156,264,119,145
102000157,24,605,-581
102000158,81,396,-315
102000159,1202,1509,-307
102000161,2992,3000,-8
102000162,230,422,-192
102000163,165,374,-209
102000164,674,754,-80
102000165,286,662,-376
102000166,60,461,-401
102000167,283,224,59
102000168,276,229,47
102000169,180,834,-654
102000170,794,214,580
102000171,94,87,7
102000172,25,435,-410
102000173,511,434,77
102000174,268,85,183
102000175,106,65,41
102000176,70,25,45
102000178,292,573,-281
102000179,691,375,316
102000180,1233,287,946
102000181,1733,330,1403
102000182,1178,1547,-369
102000183,2792,881,1911
102000184,2488,719,1769
102000185,4083,349,3734
102000186,2579,674,1905
102000187,1221,465,756
102000188,1827,1302,525
102000189,1667,251,1416
102000190,632,2680,-2048
102000191,996,228,768
102000192,2385,1743,642
102000193,168,159,9
102000194,55,441,-386
102000195,1019,531,488
102000196,576,394,182
102000197,1931,142,1789
102000198,363,280,83
102000199,2379,125,2254
102000200,720,300,420
102000201,2987,518,2469
102000202,22,229,-207
102000203,1051,120,931
102000204,1551,781,770
102000205,2294,1439,855
102000206,1268,724,544
102000207,1080,1124,-44
102000208,677,1271,-594
102000209,168,248,-80
102000210,1127,655,472
102000211,1140,329,811
102000212,811,28,783
102000213,5,361,-356
102000214,1004,25,979
102000215,0,148,-148
102000216,284,246,38
102000217,23,49,-26
102000218,367,321,46
102000219,210,90,120
102000225,251,1115,-864
102000226,143,625,-482
102000227,280,3,277
102000228,0,83,-83
102000229,150,64,86
102000230,592,278,314
102000231,697,368,329
102000232,38,203,-165
102000233,1375,381,994
102000234,141,1270,-1129
102000236,399,59,340
102000237,1488,349,1139
102000238,370,333,37
102000240,325,952,-627
102000241,102,152,-50
102000243,4,77,-73
102000245,13,76,-63
102000246,8,76,-68
102000247,167,348,-181
102000248,171,1146,-975
102000249,199,58,141
102000250,113,203,-90
102000254,629,150,479
102000266,2,359,-357
102000271,52,2,50
102000286,480,352,128
102000297,3160,900,2260
102000299,0,0,0
102000300,0,1,-1
102000301,0,0,0
102000303,0,0,0
102000305,0,1,-1
102000306,0,0,0
102000307,0,10,-10
102000308,0,0,0
102900001,1487,739,748
102900002,263,56,207
102900003,214,40,174
102900005,699,168,531
102900006,837,62,775
102900007,1132,7,1125
102900008,494,41,453
102900009,249,417,-168
102900010,310,1664,-1354
102900011,1041,628,413
102900012,732,91,641
102900013,107,5,102
102900015,1300,590,710
102900016,200,11,189
102900017,376,74,302
102900018,105,29,76
102900019,887,461,426
102900020,173,10,163
102900021,98,8,90
102900022,62,30,32
102900023,22,5,17
102900024,64,21,43
102900025,40,6,34
102900026,397,2720,-2323
102900027,82,53,29
102900028,225,1213,-988
102900029,52,509,-457
102900030,506,741,-235
102900031,463,162,301
102900032,187,28,159
102900033,171,90,81
102900034,1077,44,1033
102900035,291,92,199
102900036,401,115,286
102900037,281,437,-156
102900038,395,187,208
102900039,5,1099,-1094
102900040,317,321,-4
102900041,229,128,101
102900042,570,119,451
102900043,479,115,364
102900044,692,1864,-1172
102900045,292,310,-18
102900046,285,64,221
102900047,287,1365,-1078
102900048,907,109,798
102900049,103,216,-113
102900050,261,1246,-985
102900051,324,392,-68
102900052,41,76,-35
102900053,395,467,-72
102900054,369,1639,-1270
102900055,183,611,-428
102900056,140,202,-62
102900057,6,128,-122
102900058,655,116,539
102900059,31,14,17
102900060,85,611,-526
102900061,335,1027,-692
102900062,340,359,-19
102900063,2500,444,2056
102900064,63,584,-521
102900065,1298,340,958
102900066,391,12,379
102900068,65,165,-100
102900070,352,204,148
102900072,3,161,-158
102900073,36,0,36
102900074,477,209,268
102900075,1,52,-51
102900076,30,181,-151
102900077,46,3,43
102900078,22,34,-12
102900079,265,0,265
102900080,591,15,576
102900081,21,66,-45
102900082,13,72,-59
102900083,71,5,66
102900084,1,29,-28
102900085,122,72,50
102900086,1,16,-15
102900087,330,47,283
102900088,119,21,98
102900089,282,198,84
102900090,2,177,-175
102900091,618,1,617
102900092,1420,97,1323
102900093,491,219,272
102900094,0,92,-92
102900095,37,0,37
102900096,157,11,146
102900097,15,10,5
103000001,2524,2517,7
103000002,3180,3001,179
103000003,3676,2292,1384
103000004,822,426,396
103000005,1575,5070,-3495
103000006,1827,2297,-470
103000007,462,368,94
103000008,1085,718,367
103000009,3632,1489,2143
103000010,158,119,39
103000011,1461,577,884
103000012,1566,1581,-15
103000013,2618,1880,738
103000014,1309,3488,-2179
103000015,1492,893,599
103000016,624,2238,-1614
103000017,336,1298,-962
103000018,1038,257,781
103000019,642,927,-285
103000020,1318,1337,-19
103000021,2729,3531,-802
103000022,821,1077,-256
103000023,1295,2695,-1400
103000024,161,82,79
103000025,191,2361,-2170
103000026,343,564,-221
103000027,184,651,-467
103000028,153,189,-36
103000029,87,302,-215
103000030,1865,1474,391
103000031,829,3534,-2705
103000032,2068,1610,458
103000033,4632,4032,600
103000034,1364,808,556
103000035,147,1142,-995
103000036,298,248,50
103000037,768,397,371
103000038,746,893,-147
103000039,1100,313,787
103000040,1325,364,961
103000041,3841,1396,2445
103000042,2784,171,2613
103000043,1505,440,1065
103000044,513,89,424
103000046,287,775,-488
103000047,1054,389,665
103000048,392,488,-96
103000049,115,117,-2
103000050,1291,156,1135
103000051,1000,416,584
103000052,1314,176,1138
103000053,331,365,-34
103000054,2116,287,1829
103000055,2355,859,1496
103000056,1171,791,380
103000057,2037,178,1859
103000058,1442,204,1238
103000059,1319,360,959
103000060,1029,246,783
103000061,1385,625,760
103000062,1010,168,842
103000063,1598,485,1113
103000064,233,52,181
103000065,27,112,-85
103000066,224,7,217
103000069,400,700,-300
103000070,867,231,636
103000071,2813,652,2161
103000072,242,441,-199
103000073,1998,61,1937
103000074,1348,70,1278
103000075,109,409,-300
103000076,600,1362,-762
103000077,26,242,-216
103000078,1285,1923,-638
103000079,625,949,-324
103000080,474,572,-98
103000081,289,1060,-771
103000082,713,153,560
103000083,167,352,-185
103000084,271,6,265
103000085,0,137,-137
103000086,595,640,-45
103000087,361,750,-389
103000088,157,270,-113
103000089,450,1039,-589
103000090,4481,962,3519
103000091,1097,608,489
103000092,625,165,460
103000093,338,642,-304
103000094,647,162,485
103000095,160,400,-240
103000096,824,39,785
103000097,34,666,-632
103000098,791,47,744
103000099,106,893,-787
103000100,257,433,-176
103000101,2533,104,2429
103000102,142,266,-124
103000103,1237,141,1096
103000104,272,94,178
103000105,467,89,378
103000106,20,128,-108
103000107,389,123,266
103000108,2112,1514,598
103000109,629,768,-139
103000110,448,845,-397
103000111,452,813,-361
103000112,425,595,-170
103000113,620,1226,-606
103000114,2259,1180,1079
103000115,1196,736,460
103000116,1296,319,977
103000117,598,447,151
103000118,455,271,184
103000119,1209,327,882
103000120,135,279,-144
103000121,65,221,-156
103000122,657,1293,-636
103000125,21,55,-34
103000126,1728,0,1728
103000127,3,64,-61
103000128,289,4,285
103000129,0,56,-56
103000130,185,129,56
103000131,55,139,-84
103000132,39,179,-140
103000133,39,78,-39
103000134,264,1751,-1487
103000135,780,169,611
103000136,396,428,-32
103000137,354,652,-298
103000138,616,675,-59
103000139,1,41,-40
103000140,90,25,65
103000141,34,225,-191
103000142,168,145,23
103000143,68,92,-24
103000144,348,57,291
103000145,14,66,-52
103000150,73,44,29
103000152,262,432,-170
103000153,171,254,-83
103000156,5,83,-78
103000157,658,0,658
103000159,395,101,294
103000162,35,38,-3
103000163,18,18,0
103000164,3,15,-12
103000165,71,111,-40
103000166,418,968,-550
103000167,257,275,-18
103000168,354,171,183
103000169,496,1395,-899
103000170,2838,267,2571
103000171,33,133,-100
103000172,1564,156,1408
103000173,2002,174,1828
103000174,712,181,531
103000175,544,113,431
103000176,1162,1494,-332
103000177,287,883,-596
103000178,86,354,-268
103000179,201,43,158
103000183,679,2,677
103000185,426,99,327
103000186,580,90,490
103000187,2634,108,2526
103000188,9,156,-147
103000189,885,555,330
103000191,743,227,516
103000292,520,2908,-2388
103000293,557,4954,-4397
103000295,29,160,-131
103000296,146,0,146
103000297,1,42,-41
103000504,43,8,35
103000505,0,22,-22
103000506,3,91,-88
103000507,286,5,281
103000508,123,74,49
103000509,250,423,-173
103900001,117,20,97
103900002,578,54,524
103900003,1064,313,751
103900004,184,8,176
103900005,7,45,-38
103900006,14,9,5
103900007,253,4,249
103900008,8,3,5
103900009,608,93,515
103900010,300,103,197
103900011,1312,100,1212
103900012,14,143,-129
103900013,82,5,77
103900014,244,20,224
103900015,187,8,179
103900016,279,128,151
103900017,149,83,66
103900018,335,52,283
103900019,35,669,-634
103900020,397,423,-26
103900021,44,25,19
103900022,662,433,229
103900023,443,1,442
103900024,227,192,35
103900025,17,10,7
103900026,0,0,0
103900027,448,207,241
103900028,104,387,-283
103900029,1589,170,1419
103900030,362,124,238
103900031,138,0,138
103900032,164,176,-12
103900033,196,53,143
103900034,135,17,118
103900035,217,177,40
103900036,58,40,18
103900037,283,111,172
103900038,72,252,-180
103900039,345,79,266
103900040,3,88,-85
103900041,208,36,172
103900042,282,43,239
103900043,566,17,549
103900044,35,737,-702
103900045,463,355,108
103900047,124,32,92
103900048,5,88,-83
103900049,47,1057,-1010
103900050,33,266,-233
103900051,0,120,-120
103900052,382,361,21
103900053,638,172,466
103900054,427,95,332
103900055,779,133,646
103900056,252,145,107
103900057,432,73,359
103900058,799,145,654
103900059,0,188,-188
103900060,145,48,97
103900061,378,6,372
103900062,1734,391,1343
103900063,7,0,7
103900064,246,2,244
103900065,158,569,-411
103900066,341,88,253
103900067,403,26,377
103900068,3,0,3
103900069,105,12,93
103900070,287,132,155
103900071,49,38,11
103900072,109,89,20
103900073,182,68,114
103900074,207,42,165
103900075,392,16,376
103900076,1411,183,1228
103900077,44,156,-112
103900078,628,209,419
103900079,89,88,1
103900080,5,17,-12
103900081,2,16,-14
103900082,99,93,6
103900083,1057,3603,-2546
103900084,26,287,-261
103900085,64,63,1
103900086,2974,370,2604
103900087,99,92,7
103900088,324,706,-382
103900089,42,129,-87
103900090,318,92,226
103900091,810,69,741
103900092,839,485,354
103900093,81,236,-155
103900094,8,42,-34
103900095,199,280,-81
103900096,424,25,399
103900097,47,191,-144
103900098,468,117,351
103900099,858,39,819
103900100,516,35,481
103900101,1737,828,909
103900102,3,80,-77
103900104,0,6,-6
103900105,74,47,27
103900106,6,1829,-1823
103900107,428,22,406
103900108,86,103,-17
103900109,438,4,434
103900110,640,30,610
103900111,700,139,561
103900112,14,51,-37
103900113,61,73,-12
103900114,568,221,347
103900115,172,198,-26
103900116,1386,3110,-1724
103900117,29,28,1
103900119,26,300,-274
103900120,77,14,63
103900122,337,74,263
103900123,225,961,-736
103900124,34,178,-144
103900125,130,42,88
103900126,1138,67,1071
103900127,210,191,19
103900128,268,39,229
103900131,36,80,-44
103900133,1148,17,1131
103900134,1,38,-37
103900135,0,0,0
103900137,0,9,-9
103900138,464,14,450
103900139,181,5862,-5681
103900140,10,746,-736
103900141,325,43,282
103900142,1031,61,970
103900143,291,1,290
103900144,3,12,-9
103900145,204,155,49
103900146,475,142,333
103900147,647,122,525
103900148,869,148,721
103900149,403,123,280
103900150,3656,8223,-4567
103900151,7,72,-65
103900152,2265,243,2022
103900153,35,2,33
103900154,223,3335,-3112
103900155,25,39,-14
103900156,55,17,38
103900157,517,39,478
103900158,519,11,508
103900159,749,10,739
103900160,41,26,15
103900161,63,112,-49
103900162,52,31,21
103900163,34,376,-342
103900164,30,1,29
103900167,1,95,-94
103900168,72,29,43
103900169,30,52,-22
103900170,2,28,-26
103900171,0,14,-14
103900172,1,5,-4
103900173,19,35,-16
103900174,952,27,925
103900175,28,181,-153
103900176,3,25,-22
103900177,12,7,5
103900178,129,13,116
103900179,101,10,91
103900180,2,30,-28
103900181,4,20,-16
103900182,9,12,-3
103900184,112,68,44
103900185,38,1725,-1687
103900187,8,251,-243
103900188,213,109,104
103900189,260,26,234
103900190,251,47,204
103900191,4,26,-22
103900192,8,42,-34
103900193,52,21,31
103900194,120,48,72
103900195,7,228,-221
103900196,114,38,76
103900197,13,32,-19
103900198,1,23,-22
103900199,126,37,89
103900200,443,54,389
103900201,106,34,72
103900202,2,96,-94
103900203,82,81,1
103900204,1,18,-17
103900207,1,50,-49
103900208,335,2,333
103900209,1,22,-21
103900210,101,20,81
103900211,1451,160,1291
103900212,309,117,192
103900213,3,241,-238
103900214,182,426,-244
103900215,87,349,-262
103900216,4,102,-98
103900217,487,108,379
103900218,1,449,-448
103900219,497,68,429
103900233,113,9,104
103900235,30,83,-53
103900236,33,11,22
103900242,16,7,9
103900243,2,9,-7
103900244,135,52,83
103900245,307,90,217
103900246,23,59,-36
103900247,18,21,-3
103900248,0,31,-31
103900249,1,57,-56
103900250,34,28,6
103900251,3,11,-8
103900253,5,66,-61
103900254,6,35,-29
103900255,2,18,-16
103900256,15,19,-4
103900257,45,182,-137
103900258,7,3,4
103900259,12,7,5
103900261,80,2,78
103900262,54,5,49
103900263,38,101,-63
103900264,30,3,27
103900265,8,3,5
103900266,1,71,-70
103900267,1,18,-17
103900268,36,10,26
103900269,441,26,415
103900270,143,36,107
104000001,4310,1856,2454
104000002,2940,1866,1074
104000003,2494,1408,1086
104000004,4170,1881,2289
104000005,3010,1680,1330
104000006,3309,2388,921
104000007,5833,3980,1853
104000008,292,209,83
104000009,367,159,208
104000010,251,797,-546
104000011,236,148,88
104000012,199,115,84
104000013,357,822,-465
104000014,360,177,183
104000015,870,142,728
104000016,344,114,230
104000018,1186,306,880
104000019,1156,405,751
104000020,127,187,-60
104000021,513,255,258
104000022,604,507,97
104000023,2392,543,1849
104000024,219,239,-20
104000026,46,104,-58
104000027,440,165,275
104000028,834,261,573
104000029,430,291,139
104000030,813,380,433
104000031,1984,152,1832
104000032,179,110,69
104000033,1117,344,773
104000034,261,127,134
104000035,1829,298,1531
104000036,1805,265,1540
104000037,251,103,148
104000038,601,396,205
104000039,305,121,184
104000040,131,898,-767
104000041,811,721,90
104000042,210,138,72
104000043,192,246,-54
104000044,480,2563,-2083
104000045,749,707,42
104000046,990,602,388
104000047,838,647,191
104000048,1170,532,638
104000049,1080,429,651
104000050,114,612,-498
104000051,314,842,-528
104000052,2679,3297,-618
104000053,1806,511,1295
104000054,885,310,575
104000055,2388,2076,312
104000056,662,155,507
104000057,342,129,213
104000058,1802,806,996
104000059,1004,1206,-202
104000060,1726,2803,-1077
104000061,1539,684,855
104000062,534,154,380
104000064,716,242,474
104000065,236,628,-392
104000069,363,2112,-1749
104000070,39,668,-629
104000071,243,184,59
104000072,1091,153,938
104000075,65,371,-306
104000076,887,39,848
104000082,2346,3814,-1468
104000083,656,138,518
104000084,144,264,-120
104000085,713,217,496
104000086,407,241,166
104000087,394,1709,-1315
104000090,1545,478,1067
104000092,2499,547,1952
104000094,972,577,395
104000095,3861,1459,2402
104000096,4656,46,4610
104000097,4437,356,4081
104000098,6453,410,6043
104000100,4254,966,3288
104000101,2487,1170,1317
104000106,29,588,-559
104000107,649,189,460
104000108,401,352,49
104000109,526,178,348
104000110,905,1749,-844
104000111,2481,6604,-4123
104000112,612,472,140
104000116,0,350,-350
104000117,503,215,288
104000118,3225,129,3096
104000119,1825,218,1607
104000120,597,642,-45
104000121,326,279,47
104000122,814,380,434
104000123,1070,615,455
104000124,323,1408,-1085
104000125,1826,6951,-5125
104000126,727,558,169
104000127,1529,1247,282
104000128,869,101,768
104000129,705,30,675
104000130,15,499,-484
104000131,237,371,-134
104000132,386,360,26
104000133,2230,1001,1229
104000134,958,1870,-912
104000135,483,1358,-875
104000136,724,3148,-2424
104000137,1827,382,1445
104000138,1079,402,677
104000139,2012,2657,-645
104000141,732,372,360
104000142,905,315,590
104000143,979,218,761
104000144,276,328,-52
104000145,318,186,132
104000146,206,579,-373
104000147,284,463,-179
104000148,621,166,455
104000149,192,64,128
104000150,1887,273,1614
104000151,791,112,679
104000152,1078,183,895
104000153,1251,616,635
104000154,715,173,542
104000155,687,932,-245
104000157,1699,585,1114
104000158,238,342,-104
104000159,1385,451,934
104000160,2425,3093,-668
104000161,150,101,49
104000162,137,56,81
104000165,1334,822,512
104000167,966,2106,-1140
104000168,1820,6,1814
104000169,441,40,401
104000170,158,314,-156
104000248,651,557,94
104000251,88,124,-36
104000272,0,0,0
104000273,0,0,0
104000274,0,0,0
104000275,0,0,0
104000279,879,488,391
104000290,107,320,-213
104000291,415,1333,-918
104000293,2010,1020,990
104000294,437,4,433
104000295,1229,978,251
104000296,808,674,134
104000297,1408,2165,-757
104000298,2208,798,1410
104000299,1866,697,1169
104900001,71,99,-28
104900002,88,439,-351
104900003,148,114,34
104900004,331,54,277
104900005,1135,253,882
104900006,1314,112,1202
104900007,990,255,735
104900009,299,158,141
104900010,203,7,196
104900011,1,2,-1
104900012,277,67,210
104900013,102,25,77
104900014,1238,279,959
104900015,127,5,122
104900016,199,95,104
104900017,168,125,43
104900018,0,58,-58
104900019,177,7651,-7474
104900020,45,200,-155
104900021,4,21,-17
104900022,9,53,-44
104900023,3,29,-26
104900024,42,140,-98
104900025,107,145,-38
104900026,4,30,-26
104900027,1131,391,740
104900028,39,115,-76
104900029,29,24,5
104900030,761,209,552
104900031,30,197,-167
104900032,32,72,-40
104900033,549,88,461
104900034,495,173,322
104900035,630,320,310
104900036,652,35,617
104900037,502,59,443
104900038,96,2972,-2876
104900039,268,1146,-878
104900040,1084,26,1058
104900041,750,73,677
104900042,284,100,184
104900043,107,768,-661
104900044,1875,85,1790
104900045,598,50,548
104900046,1156,73,1083
104900047,1111,78,1033
104900048,939,68,871
104900049,125,56,69
104900050,1420,150,1270
104900051,669,19,650
104900052,423,1,422
104900053,963,53,910
104900054,554,70,484
104900055,631,1,630
104900056,735,15,720
104900057,157,1,156
104900058,654,478,176
104900059,330,67,263
104900060,0,295,-295
104900061,328,96,232
104900063,2,181,-179
104900064,2,122,-120
104900065,0,257,-257
104900066,0,48,-48
104900067,2,1122,-1120
104900068,74,643,-569
104900070,45,245,-200
104900071,0,238,-238
104900072,57,87,-30
104900073,218,108,110
104900074,123,70,53
104900075,167,32,135
104900076,338,98,240
104900077,538,121,417
104900078,445,127,318
104900079,141,1974,-1833
104900080,391,126,265
104900082,1,156,-155
104900085,12,146,-134
104900087,501,1,500
104900089,1029,17,1012
104900090,2562,2044,518
104900091,468,524,-56
104900093,268,205,63
104900097,1144,5015,-3871
104900098,432,71,361
104900099,75,1070,-995
104900100,277,55,222
104900102,64,103,-39
104900103,391,47,344
104900104,1863,1929,-66
104900106,487,85,402
104900107,112,157,-45
104900108,51,323,-272
104900109,194,215,-21
104900110,12,26,-14
104900111,315,53,262
104900112,709,173,536
104900113,1424,155,1269
104900114,1197,421,776
104900115,1736,132,1604
104900116,1118,96,1022
104900118,10,38,-28
104900119,1,53,-52
104900120,11,1546,-1535
104900121,4,42,-38
104900122,0,34,-34
104900123,525,40,485
104900124,346,12,334
104900125,450,1,449
104900126,47,21,26
104900127,39,19,20
104900128,209,64,145
104900129,738,4657,-3919
105000001,3463,1153,2310
105000002,2794,1676,1118
105000003,2886,3735,-849
105000004,1797,814,983
105000005,2763,1586,1177
105000006,1480,2210,-730
105000007,2304,2703,-399
105000008,875,3840,-2965
105000009,4945,5305,-360
105000010,2894,955,1939
105000011,3579,4113,-534
105000012,2263,1659,604
105000013,1543,1794,-251
105000014,5417,4600,817
105000015,8785,17660,-8875
105000016,921,925,-4
105000017,1744,1153,591
105000018,623,2607,-1984
105000019,1051,1369,-318
105000020,72,655,-583
105000021,307,158,149
105000022,152,169,-17
105000023,1047,146,901
105000028,38,74,-36
105000029,884,1348,-464
105000030,2945,2590,355
105000033,1239,900,339
105000034,141,2024,-1883
105000037,1159,135,1024
105000038,1059,2030,-971
105000039,734,852,-118
105000040,1015,2441,-1426
105000041,338,842,-504
105000042,2513,1824,689
105000043,760,660,100
105000044,1339,262,1077
105000045,255,202,53
105000046,2023,211,1812
105000047,579,240,339
105000048,1659,316,1343
105000049,364,540,-176
105000050,1585,741,844
105000051,119,265,-146
105000052,1043,1806,-763
105000053,135,122,13
105000054,661,1227,-566
105000055,1174,689,485
105000056,2871,3210,-339
105000057,2601,2994,-393
105000058,1983,1567,416
105000059,2669,848,1821
105000060,874,452,422
105000061,2827,604,2223
105000062,1023,486,537
105000063,538,274,264
105000064,4854,794,4060
105000065,741,380,361
105000066,1529,973,556
105000067,2911,1063,1848
105000068,270,696,-426
105000069,1234,4968,-3734
105000070,507,1624,-1117
105000071,206,2973,-2767
105000072,1274,9660,-8386
105000073,2166,923,1243
105000074,602,428,174
105000075,837,576,261
105000076,1401,924,477
105000077,2469,899,1570
105000078,1053,1264,-211
105000079,887,1996,-1109
105000080,2193,2517,-324
105000081,1185,1124,61
105000082,1054,1527,-473
105000083,2113,3462,-1349
105000084,701,956,-255
105000085,3289,2367,922
105000086,1001,897,104
105000087,1904,1912,-8
105000088,2727,4616,-1889
105000089,2040,1256,784
105000090,593,432,161
105000091,673,645,28
105000092,723,485,238
105000093,430,460,-30
105000094,343,140,203
105000095,345,720,-375
105000096,1848,2387,-539
105000097,622,556,66
105000098,2198,1543,655
105000099,711,958,-247
105000100,3321,1794,1527
105000101,4015,1144,2871
105000102,3271,1276,1995
105000103,1651,1705,-54
105000104,4412,4464,-52
105000105,1972,3613,-1641
105000106,2987,575,2412
105000107,3513,1680,1833
105000108,3762,1151,2611
105000109,4769,708,4061
105000110,2070,347,1723
105000111,2857,328,2529
105000112,1728,392,1336
105000113,771,1080,-309
105000114,1334,1681,-347
105000115,348,3244,-2896
105000116,1974,841,1133
105000117,1622,361,1261
105000118,2342,418,1924
105000119,1288,527,761
105000120,3936,664,3272
105000121,2014,519,1495
105000122,825,1197,-372
105000123,933,560,373
105000124,3870,565,3305
105000125,1861,1048,813
105000126,3876,1240,2636
105000127,4447,1360,3087
105000128,1400,1704,-304
105000129,2380,1639,741
105000130,244,5453,-5209
105000131,379,127,252
105000132,2593,1208,1385
105000133,468,409,59
105000134,2662,268,2394
105000135,388,272,116
105000136,47,32,15
105000137,1177,165,1012
105000138,36,66,-30
105000139,1254,336,918
105000140,670,269,401
105000141,778,271,507
105000142,478,357,121
105000143,356,279,77
105000144,606,362,244
105000145,1395,190,1205
105000146,776,357,419
105000147,942,296,646
105000148,868,654,214
105000149,5576,1253,4323
105000150,1958,529,1429
105000151,1727,370,1357
105000152,414,616,-202
105000153,1939,279,1660
105000154,1480,445,1035
105000155,657,405,252
105000156,676,382,294
105000157,1184,847,337
105000158,4738,605,4133
105000159,559,606,-47
105000160,7013,605,6408
105000161,1220,496,724
105000162,1096,5269,-4173
105000163,1245,571,674
105000164,180,317,-137
105000165,775,16581,-15806
105000166,3890,3528,362
105000167,1712,6367,-4655
105000168,1123,423,700
105000169,2011,112,1899
105000170,1259,1188,71
105000171,2282,370,1912
105000172,878,8,870
105000173,1342,10,1332
105000174,292,26,266
105000175,361,77,284
105000176,1521,116,1405
105000177,914,422,492
105000178,806,202,604
105000179,3048,118,2930
105000180,1057,82,975
105000181,447,203,244
105000182,142,72,70
105000183,2393,4526,-2133
105000184,262,642,-380
105000185,386,1180,-794
105000186,527,898,-371
105000187,1055,869,186
105000188,162,93,69
105000189,63,468,-405
105000190,371,229,142
105000191,671,289,382
105000192,589,59,530
105000193,100,103,-3
105000194,736,109,627
105000195,694,448,246
105000196,114,382,-268
105000197,132,410,-278
105000198,166,121,45
105000199,106,764,-658
105000200,179,888,-709
105000201,137,95,42
105000203,77,106,-29
105000204,161,105,56
105000205,123,68,55
105000207,155,40,115
105000208,109,379,-270
105000209,245,97,148
105000212,1976,492,1484
105000213,71,90,-19
105000214,206,142,64
105000215,848,217,631
105000216,410,89,321
105000217,427,69,358
105000218,4701,1084,3617
105000221,243,168,75
105000222,736,186,550
105000223,907,240,667
105000226,327,103,224
105000227,86,94,-8
105000228,38,1879,-1841
105000229,169,909,-740
105000231,665,190,475
105000233,1888,1365,523
105000234,372,717,-345
105000235,1003,623,380
105000237,2396,91,2305
105000243,97,69,28
105000248,56,88,-32
105000262,936,307,629
105000269,176,207,-31
105000270,1108,10,1098
105000271,1,234,-233
105000282,81,53,28
105000287,197,95,102
105000288,1600,1402,198
105000289,580,1291,-711
105000290,68,13,55
105000402,1793,6124,-4331
105000426,183,381,-198
105000438,1021,996,25
105000446,6467,3664,2803
105000447,1886,1319,567
105000454,1182,174,1008
105000455,218,80,138
105000474,317,2,315
105000477,2270,521,1749
105000478,3252,6535,-3283
105000479,201,148,53
105000480,4550,6765,-2215
105000481,5810,4892,918
105000482,2450,2186,264
105000483,2514,3607,-1093
105000484,1306,1326,-20
105000485,1167,4374,-3207
105000486,1399,1946,-547
105000488,2309,1504,805
105000489,2652,862,1790
105000549,196,416,-220
105000550,459,539,-80
105000551,15,69,-54
105000552,1961,831,1130
105900001,13,3020,-3007
105900002,1003,2479,-1476
105900003,13,175,-162
105900004,285,61,224
105900005,96,870,-774
105900006,19,58,-39
105900007,143,93,50
105900008,182,151,31
105900009,79,44,35
105900011,343,37,306
105900012,836,87,749
105900013,16,52,-36
105900014,3,97,-94
105900015,70,338,-268
105900016,1620,229,1391
105900017,3861,55,3806
105900018,183,198,-15
105900019,155,102,53
105900020,154,22,132
105900021,101,234,-133
105900022,509,130,379
105900023,15,76,-61
105900024,7,642,-635
105900025,727,5,722
105900026,129,6,123
105900027,12264,5486,6778
105900028,270,683,-413
105900029,1814,239,1575
105900030,306,220,86
105900031,620,82,538
105900032,166,46,120
105900033,102,187,-85
105900034,845,167,678
105900035,1024,289,735
105900036,154,107,47
105900037,382,16,366
105900038,311,337,-26
105900039,250,62,188
105900040,261,73,188
105900041,310,77,233
105900042,242,220,22
105900043,776,47,729
105900044,2,630,-628
105900045,3,2515,-2512
105900046,4,155,-151
105900047,8,67,-59
105900048,168,322,-154
105900050,1412,4961,-3549
105900051,54,951,-897
105900052,2010,195,1815
105900053,3417,7305,-3888
105900054,262,182,80
105900056,585,1036,-451
105900057,21,128,-107
105900058,25,16,9
105900059,0,283,-283
106000001,2283,3022,-739
106000002,1059,2588,-1529
106000003,4460,5296,-836
106000004,1695,2373,-678
106000005,5512,3743,1769
106000006,5443,1271,4172
106000007,708,218,490
106000008,308,265,43
106000009,721,232,489
106000010,286,387,-101
106000011,2822,960,1862
106000012,1324,736,588
106000013,2263,1333,930
106000014,2119,1204,915
106000015,3751,933,2818
106000016,1834,1038,796
106000017,1257,586,671
106000018,648,484,164
106000019,693,258,435
106000020,532,248,284
106000021,563,400,163
106000022,437,189,248
106000023,1045,267,778
106000024,934,343,591
106000025,217,246,-29
106000026,140,100,40
106000027,3025,1232,1793
106000028,1429,246,1183
106000029,1219,782,437
106000030,234,557,-323
106000034,109,355,-246
106000035,1428,1484,-56
106000036,82,434,-352
106000037,1150,889,261
106000038,104,422,-318
106000039,31,375,-344
106000040,126,909,-783
106000041,792,583,209
106000043,352,228,124
106000046,326,40,286
106000047,44,411,-367
106000049,1776,99,1677
106000050,326,398,-72
106000051,1888,1009,879
106000052,192,131,61
106000053,1004,96,908
106000054,315,136,179
106000055,1876,362,1514
106000056,445,164,281
106000057,1139,170,969
106000058,286,26,260
106000059,827,309,518
106000060,123,200,-77
106000061,215,1011,-796
106000062,165,162,3
106000063,1612,1153,459
106000064,5,225,-220
106000065,913,236,677
106000066,166,782,-616
106000067,980,60,920
106000068,246,247,-1
106000069,907,79,828
106000070,498,184,314
106000071,1296,163,1133
106000072,2590,1330,1260
106000073,1631,8919,-7288
106000074,983,617,366
106000075,567,1012,-445
106000076,1269,1358,-89
106000077,1887,473,1414
106000078,2235,346,1889
106000079,1351,375,976
106000080,1988,338,1650
106000081,1760,470,1290
106000082,1929,446,1483
106000083,652,789,-137
106000084,1061,458,603
106000085,1386,959,427
106000086,476,273,203
106000087,1252,318,934
106000088,460,380,80
106000089,1755,206,1549
106000090,695,308,387
106000091,302,386,-84
106000092,1384,182,1202
106000093,924,56,868
106000094,147,221,-74
106000095,2069,447,1622
106000096,2933,397,2536
106000097,2923,966,1957
106000098,1842,558,1284
106000099,225,367,-142
106000100,3268,221,3047
106000101,1626,296,1330
106000102,128,451,-323
106000103,364,541,-177
106000104,1899,568,1331
106000105,561,689,-128
106000106,2085,197,1888
106000107,323,138,185
106000108,670,110,560
106000109,409,115,294
106000110,780,148,632
106000111,408,117,291
106000112,584,1254,-670
106000113,644,352,292
106000114,713,1488,-775
106000115,293,247,46
106000116,679,154,525
106000117,1303,601,702
106000118,1968,1442,526
106000119,911,519,392
106000120,1613,2764,-1151
106000121,761,198,563
106000122,597,83,514
106000123,1966,44,1922
106000124,609,71,538
106000125,95,99,-4
106000126,934,62,872
106000127,3191,624,2567
106000128,2696,198,2498
106000129,1456,255,1201
106000130,2761,188,2573
106000131,421,1040,-619
106000132,1086,93,993
106000133,1296,2786,-1490
106000134,902,6236,-5334
106000135,257,529,-272
106000136,1570,2788,-1218
106000137,213,1165,-952
106000138,5416,104,5312
106000139,166,67,99
106000140,96,24,72
106000141,206,36,170
106000142,299,81,218
106000143,39,41,-2
106000144,111,71,40
106000145,1132,184,948
106000146,1183,89,1094
106000147,790,280,510
106000148,675,602,73
106000149,1574,253,1321
106000150,1796,3139,-1343
106000151,3833,530,3303
106000152,1240,3213,-1973
106000153,185,2082,-1897
106000154,1338,125,1213
106000155,426,288,138
106000156,3485,159,3326
106000157,695,1967,-1272
106000158,1330,527,803
106000159,2723,3447,-724
106000160,1216,7421,-6205
106000161,771,204,567
106000162,729,2571,-1842
106000163,630,163,467
106000164,1265,298,967
106000165,312,275,37
106000166,2587,286,2301
106000167,1010,471,539
106000168,2060,146,1914
106000169,638,646,-8
106000170,2074,344,1730
106000171,483,1176,-693
106000172,4372,1476,2896
106000173,1585,1780,-195
106000174,2442,237,2205
106000175,254,315,-61
106000176,4865,538,4327
106000177,1833,1135,698
106000178,5470,860,4610
106000179,1452,899,553
106000180,1953,504,1449
106000181,4456,1423,3033
106000182,3945,374,3571
106000183,3667,247,3420
106000184,2533,472,2061
106000185,3823,2587,1236
106000186,457,29,428
106000187,130,2632,-2502
106000188,0,0,0
106000189,34,38,-4
106000190,54,7,47
106000191,608,91,517
106000192,0,4,-4
106000193,445,363,82
106000194,219,590,-371
106000195,361,276,85
106000196,126,1391,-1265
106000197,1174,1008,166
106000198,393,467,-74
106000199,957,3893,-2936
106000200,417,496,-79
106000201,633,14478,-13845
106000202,2816,1089,1727
106000203,9,115,-106
106000204,123,5,118
106000205,3,109,-106
106000206,141,18,123
106000207,6,326,-320
106000208,3846,82,3764
106000209,4199,194,4005
106000210,794,416,378
106000211,278,1184,-906
106000212,2577,405,2172
106000213,289,1068,-779
106000214,1629,377,1252
106000215,534,722,-188
106000216,1133,454,679
106000217,174,344,-170
106000218,602,179,423
106000219,239,143,96
106000220,1223,269,954
106000221,489,71,418
106000222,241,48,193
106000223,904,64,840
106000224,584,71,513
106000225,143,261,-118
106000226,39,101,-62
106000228,63,83,-20
106000229,434,512,-78
106000231,2773,87,2686
106000232,226,442,-216
106000233,1469,268,1201
106000234,63,2011,-1948
106000235,482,2086,-1604
106000236,175,2358,-2183
106000237,1,21,-20
106000238,60,252,-192
106000239,0,194,-194
106000240,43,22,21
106000241,1,647,-646
106000242,587,19,568
106000249,283,93,190
106000250,125,1179,-1054
106000251,238,9,229
106000252,77,419,-342
106000253,186,58,128
106000254,282,55,227
106000255,96,202,-106
106000256,207,36,171
106000257,165,170,-5
106000258,164,802,-638
106000259,12,1015,-1003
106000260,75,13,62
106000261,23,135,-112
106000262,145,28,117
106000263,95,271,-176
106000264,347,5,342
106000265,32,157,-125
106000266,368,50,318
106000267,25,72,-47
106000268,436,33,403
106000269,212,28,184
106000270,191,262,-71
106000271,108,88,20
106000272,193,115,78
106000273,34,147,-113
106000274,235,54,181
106000275,371,78,293
106000276,87,18,69
106000277,258,175,83
106000278,151,11,140
106000279,52,5,47
106000280,335,29,306
106000281,97,15,82
106000282,216,42,174
106000283,205,28,177
106000284,439,51,388
106000285,175,99,76
106000286,229,33,196
106000287,76,19,57
106000288,243,32,211
106000289,172,17,155
106000290,162,38,124
106000291,210,30,180
106000292,249,44,205
106000293,185,117,68
106000294,205,28,177
106000295,40,109,-69
106000296,68,53,15
106000297,43,149,-106
106000298,28,180,-152
106000299,39,38,1
106000300,36,78,-42
106000301,42,170,-128
106000303,172,28,144
106000304,183,13,170
106000305,332,32,300
106000306,160,51,109
106000307,491,10,481
106000308,117,64,53
106000309,62,19,43
106000310,619,159,460
106000311,680,117,563
106000312,300,96,204
106000313,529,59,470
106000318,93,743,-650
106000319,4299,684,3615
106000320,6,367,-361
106000321,260,1106,-846
106000322,526,50,476
106000324,235,185,50
106000325,2964,533,2431
106000326,929,793,136
106000327,687,71,616
106000328,11,520,-509
106000329,32,764,-732
106000330,26,263,-237
106000428,147,295,-148
106000429,208,170,38
106000430,411,1299,-888
106000431,3869,387,3482
106000432,811,1681,-870
106000433,3315,1007,2308
106000434,5259,1064,4195
106000435,1312,1289,23
106000436,9,217,-208
106000437,1836,92,1744
106000438,338,1131,-793
106000439,72,1013,-941
106000440,250,284,-34
106000441,23,0,23
106000442,2164,45,2119
106000443,531,121,410
106000450,0,120,-120
106000451,42,286,-244
106000454,4,170,-166
106000455,1,131,-130
106000456,415,30,385
106000457,82,307,-225
106000458,3129,44,3085
106000459,1236,50,1186
106000460,5336,50,5286
106000461,863,214,649
106000462,1,97,-96
106000463,5,6,-1
106000464,4,156,-152
106000465,1752,6,1746
106000466,0,175,-175
106000467,86,277,-191
106000468,515,131,384
106000469,99,0,99
106000470,324,3570,-3246
106000471,3,237,-234
106000472,709,6,703
106000473,131,8,123
106000474,314,330,-16
106000475,678,256,422
106000476,170,488,-318
106000477,13,19,-6
106900001,0,4,-4
106900002,17,167,-150
106900003,97,1442,-1345
106900004,0,28,-28
106900006,0,5,-5
106900007,0,3,-3
106900008,1645,63,1582
106900009,1086,107,979
106900010,838,161,677
106900012,731,5959,-5228
106900013,1293,320,973
106900014,167,0,167
106900015,39,0,39
106900016,1205,90,1115
106900017,24,0,24
106900018,39,0,39
106900019,502,3,499
106900020,1477,4379,-2902
106900021,397,127,270
106900022,3035,12,3023
106900023,209,129,80
106900024,1369,49,1320
106900025,11,290,-279
106900026,1,126,-125
106900027,2802,4,2798
107000001,4007,4103,-96
107000002,1625,1870,-245
107000003,13609,9797,3812
107000004,3617,1551,2066
107000005,15743,9597,6146
107000006,3927,1816,2111
107000007,7252,9193,-1941
107000008,3822,2560,1262
107000009,12989,9428,3561
107000010,5715,3830,1885
107000011,699,857,-158
107000012,2439,4188,-1749
107000013,227,40,187
107000014,216,69,147
107000015,884,285,599
107000016,1946,436,1510
107000017,713,1106,-393
107000018,3,873,-870
107000020,878,750,128
107000021,1415,361,1054
107000022,1559,3396,-1837
107000023,2528,151,2377
107000024,1014,3075,-2061
107000025,610,285,325
107000026,397,532,-135
107000027,3432,551,2881
107000028,2195,414,1781
107000029,6778,3256,3522
107000030,3021,1308,1713
107000031,8995,3226,5769
107000032,286,638,-352
107000033,2164,5496,-3332
107000034,3150,950,2200
107000035,544,114,430
107000036,564,1582,-1018
107000037,300,536,-236
107000038,323,99,224
107000039,1859,883,976
107000040,596,200,396
107000041,1208,413,795
107000042,755,2868,-2113
107000043,1384,500,884
107000044,252,138,114
107000045,50,154,-104
107000046,1245,281,964
107000047,432,575,-143
107000048,531,174,357
107000049,555,388,167
107000050,977,270,707
107000051,284,438,-154
107000052,813,2570,-1757
107000053,402,541,-139
107000054,44,180,-136
107000055,176,147,29
107000056,697,661,36
107000057,1399,152,1247
107000058,2957,2283,674
107000059,2648,2349,299
107000060,9999,4099,5900
107000061,4252,1737,2515
107000062,12693,3179,9514
107000063,4204,1770,2434
107000064,9686,7348,2338
107000065,2384,3106,-722
107000066,2231,4206,-1975
107000067,1930,1130,800
107000068,969,1084,-115
107000069,1770,1318,452
107000070,1848,7,1841
107000071,9053,73,8980
107000072,4,747,-743
107000073,2445,1393,1052
107000074,56,372,-316
107000075,3479,204,3275
107000076,235,533,-298
107000077,4577,478,4099
107000078,557,595,-38
107000079,5590,810,4780
107000080,387,862,-475
107000081,7411,722,6689
107000082,607,645,-38
107000083,2602,2244,358
107000084,200,809,-609
107000085,3027,3361,-334
107000086,3295,2331,964
107000087,4158,3441,717
107000088,2986,2625,361
107000089,1811,2715,-904
107000090,1731,660,1071
107000091,2962,743,2219
107000092,1136,513,623
107000093,2217,1106,1111
107000094,995,548,447
107000095,3147,1024,2123
107000096,899,794,105
107000097,1157,836,321
107000098,252,489,-237
107000099,850,405,445
107000100,322,389,-67
107000101,168,298,-130
107000102,290,289,1
107000103,629,325,304
107000104,211,290,-79
107000105,957,819,138
107000106,255,138,117
107000107,1767,263,1504
107000108,328,289,39
107000109,2899,219,2680
107000110,121,194,-73
107000111,1464,64,1400
107000112,43,187,-144
107000113,2317,76,2241
107000114,115,267,-152
107000115,1455,1181,274
107000116,134,350,-216
107000117,234,4770,-4536
107000118,84,89,-5
107000119,1622,2732,-1110
107000120,643,1649,-1006
107000121,1420,448,972
107000122,769,615,154
107000123,1005,316,689
107000124,1056,254,802
107000125,2699,314,2385
107000126,2851,185,2666
107000127,75,443,-368
107000129,732,259,473
107000130,1553,475,1078
107000131,551,305,246
107000132,1230,214,1016
107000133,553,103,450
107000134,290,7,283
107000135,1,223,-222
107000136,645,3,642
107000137,0,382,-382
107000138,146,32,114
107000139,2,497,-495
107000140,2680,98,2582
107000141,77,1599,-1522
107000142,891,67,824
107000143,36,1793,-1757
107000144,847,948,-101
107000145,89,757,-668
107000146,241,462,-221
107000147,4181,651,3530
107000150,183,7211,-7028
107000151,4,42,-38
107000152,422,5268,-4846
107000153,61,201,-140
107000154,17,112,-95
107000155,1700,10,1690
107000156,2225,5,2220
107000157,17,393,-376
107000158,1958,34,1924
107000159,47,207,-160
107000160,3492,289,3203
107000161,82,298,-216
107000162,500,1404,-904
107000163,882,4,878
107000164,2474,6,2468
107000165,3273,12,3261
107000166,51,187,-136
107000167,2087,454,1633
107000168,1662,670,992
107000169,266,303,-37
107000170,7708,959,6749
107000171,939,389,550
107000172,2804,3480,-676
107000173,627,192,435
107000174,1953,11503,-9550
107000175,3019,444,2575
107000176,0,1,-1
107000177,2,1,1
107000178,412,18,394
107000179,864,766,98
107000180,3336,253,3083
107000181,891,350,541
107000182,3748,400,3348
107000183,549,378,171
107000184,3293,362,2931
107000185,657,549,108
107000186,1399,136,1263
107000187,1805,1483,322
107000188,966,462,504
107000189,1726,463,1263
107000190,1546,456,1090
107000191,1455,463,992
107000192,2536,261,2275
107000193,599,323,276
107000194,570,248,322
107000197,1604,149,1455
107000198,653,392,261
107000199,756,653,103
107000200,1471,1090,381
107000201,412,229,183
107000202,598,431,167
107000203,557,1013,-456
107000204,709,3685,-2976
107000205,577,333,244
107000206,273,1230,-957
107000207,494,574,-80
107000208,1674,531,1143
107000209,824,762,62
107000210,62,92,-30
107000211,4,105,-101
107000212,29,118,-89
107000213,5,12,-7
107000214,20,44,-24
107000215,988,407,581
107000216,893,82,811
107000217,544,2064,-1520
107000219,52,264,-212
107000220,112,534,-422
107000222,372,297,75
107000224,943,326,617
107000225,187,161,26
107000226,1419,703,716
107000227,205,98,107
107000228,238,786,-548
107000229,60,204,-144
107000230,848,456,392
107000231,355,1069,-714
107000232,195,20,175
107000233,177,636,-459
107000234,22,116,-94
107000235,85,56,29
107000236,12,852,-840
107000237,183,0,183
107000238,58,5,53
107000239,1749,889,860
107000240,146,187,-41
107000241,40,6,34
107000242,245,14,231
107000243,0,71,-71
107000244,10,232,-222
107000246,0,391,-391
107000249,6,402,-396
107000251,5,153,-148
107000252,0,200,-200
107000255,232,371,-139
107000257,4,1253,-1249
107000258,2,309,-307
107000259,21,97,-76
107000260,3649,19,3630
107000262,62,226,-164
107000263,1305,30,1275
107000266,101,31,70
107000267,36,30,6
107000268,510,31,479
107000269,40,14,26
107000270,644,94,550
107000271,26,0,26
107000272,308,1,307
107000273,7,1058,-1051
107000274,718,139,579
107000275,38,902,-864
107000280,3002,51,2951
107000281,80,392,-312
107000282,8,584,-576
107000290,5,46,-41
107000291,32,16,16
107000292,0,130,-130
107000293,13,6,7
107000294,2,570,-568
107000295,36,2,34
107000296,0,44,-44
107000444,462,2,460
107000496,57,13,44
107000497,1170,866,304
107000500,742,159,583
107000501,150,157,-7
107000502,393,225,168
107000505,288,519,-231
107000506,0,4,-4
107000508,2,134,-132
107000509,162,971,-809
107000510,132,524,-392
107000514,52,689,-637
107000515,51,57,-6
107000516,946,604,342
107000518,3147,6184,-3037
107000519,629,399,230
107000520,372,107,265
107900001,151,44,107
107900002,55,1,54
107900003,2240,12,2228
107900004,615,3,612
107900005,7156,57,7099
107900006,428,20,408
107900007,465,73,392
107900008,15,5,10
107900009,176,4,172
107900010,161,6,155
107900012,570,85,485
107900013,378,8,370
107900014,506,4,502
107900015,5213,170,5043
107900016,223,46,177
107900017,157,7,150
107900018,59,637,-578
107900019,6,5,1
107900020,50,40,10
107900021,518,26,492
107900023,16,4,12
107900024,0,0,0
107900025,289,101,188
107900026,163,21,142
107900027,22,74,-52
107900028,662,15,647
107900030,403,31,372
107900031,318,51,267
107900032,133,4,129
107900033,102,35,67
107900034,521,18,503
107900035,3450,351,3099
107900036,71,81,-10
107900037,0,8,-8
107900038,43,587,-544
107900039,101,14,87
107900040,7,286,-279
107900041,2,4,-2
107900043,227,46,181
107900044,19,17,2
107900045,221,48,173
107900046,435,625,-190
107900047,123,43,80
107900048,740,48,692
107900049,420,2158,-1738
107900050,96,131,-35
107900051,121,42,79
107900052,1,134,-133
107900053,222,50,172
107900055,631,183,448
107900056,129,284,-155
107900057,2,0,2
107900058,21,347,-326
107900060,22,81,-59
107900061,4,13,-9
107900063,84,95,-11
107900064,189,1422,-1233
107900065,1503,30,1473
107900066,47,12,35
107900067,9,0,9
107900068,188,1017,-829
107900069,23,5824,-5801
107900070,345,259,86
107900071,40,229,-189
107900072,316,42,274
107900073,171,485,-314
107900074,163,630,-467
107900076,350,27,323
107900077,236,5,231
107900078,239,57,182
107900079,14,55,-41
107900080,116,676,-560
107900081,20,34,-14
107900082,4,4,0
107900083,551,162,389
107900084,464,221,243
107900086,27,803,-776
107900087,502,41,461
107900088,253,0,253
107900089,162,635,-473
107900090,1199,3825,-2626
107900091,115,118,-3
107900092,992,106,886
107900093,39,61,-22
107900095,2107,1591,516
107900097,65,73,-8
107900098,259,328,-69
107900100,331,2683,-2352
107900101,379,36,343
107900102,85,2,83
107900103,66,71,-5
107900104,576,0,576
107900105,1,80,-79
107900106,1,243,-242
107900107,1198,446,752
107900108,186,31,155
107900109,3955,131,3824
107900110,107,9,98
107900111,4,142,-138
107900112,72,732,-660
107900113,493,20,473
107900114,501,44,457
107900115,0,8,-8
107900116,470,46,424
107900117,300,165,135
107900118,111,179,-68
107900119,332,543,-211
107900120,63,11,52
107900121,1,197,-196
107900122,0,86,-86
107900123,27,264,-237
107900124,7,16,-9
107900125,7,107,-100
107900126,48,167,-119
107900127,1290,315,975
107900128,173,55,118
107900129,316,12,304
107900130,357,9,348
107900131,105,90,15
107900132,31,481,-450
107900133,1,18,-17
107900134,8,72,-64
107900135,4,29,-25
107900136,18,42,-24
107900137,108,71,37
107900138,303,11,292
107900139,234,21,213
107900140,33,11,22
107900141,34,13,21
107900142,27,732,-705
107900143,45,36,9
107900144,1,29,-28
107900145,5,44,-39
107900146,72,88,-16
107900147,57,29,28
107900148,150,95,55
107900149,625,34,591
107900150,29,230,-201
107900151,49,24,25
107900152,19,89,-70
107900153,363,275,88
107900154,72,44,28
107900155,279,42,237
107900156,0,55,-55
107900157,4,41,-37
107900158,3470,372,3098
107900159,35,383,-348
107900160,292,42,250
107900161,200,34,166
107900162,2,100,-98
107900163,42,25,17
107900164,92,28,64
107900165,3,422,-419
107900166,42,34,8
107900167,55,81,-26
107900168,121,53,68
107900169,11,3547,-3536
107900171,30,316,-286
107900172,2,148,-146
107900173,102,31,71
107900174,324,7,317
107900175,4,152,-148
107900176,142,20,122
107900177,0,271,-271
107900178,0,203,-203
107900179,92,64,28
107900180,231,2239,-2008
107900181,225,349,-124
107900182,33,269,-236
107900183,135,32,103
107900184,270,989,-719
107900185,285,4,281
107900186,42,9,33
107900187,11,129,-118
107900188,1206,70,1136
107900189,122,291,-169
107900190,13,168,-155
107900191,77,41,36
107900193,2,96,-94
107900194,264,6,258
107900195,2749,173,2576
107900196,95,23,72
107900197,123,93,30
107900199,0,342,-342
107900201,102,25,77
107900203,38,17,21
107900204,71,128,-57
107900205,407,137,270
107900206,236,935,-699
107900207,13,136,-123
107900208,3,161,-158
107900209,354,182,172
107900210,82,48,34
107900213,401,230,171
107900214,5,85,-80
107900215,103,233,-130
107900216,8,17,-9
107900217,73,77,-4
107900218,17,1061,-1044
107900219,253,20,233
107900220,166,160,6
107900221,92,108,-16
107900223,415,133,282
107900224,137,466,-329
107900225,4,271,-267
107900226,8,23,-15
107900227,80,159,-79
107900228,150,94,56
107900229,1,25,-24
107900230,114,11,103
107900231,53,51,2
107900232,504,38,466
107900233,1,27,-26
107900234,699,29,670
107900235,31,56,-25
107900236,795,86,709
107900237,10,97,-87
107900238,168,14,154
107900239,247,938,-691
107900240,181,26,155
107900241,3,14,-11
107900242,37,54,-17
107900243,0,26,-26
107900244,364,5,359
107900245,1890,63,1827
107900246,476,187,289
107900248,375,103,272
107900249,1934,239,1695
107900250,0,228,-228
107900251,23,228,-205
107900252,1269,83,1186
107900253,378,46,332
107900254,96,422,-326
107900255,222,35,187
107900256,905,2652,-1747
107900257,789,298,491
107900258,244,46,198
107900259,47,6764,-6717
107900261,3,113,-110
107900262,252,21,231
107900264,1257,66,1191
107900265,255,789,-534
107900267,650,27,623
107900268,17,0,17
107900269,0,1,-1
107900270,1,4,-3
107900271,1,66,-65
107900272,25,66,-41
107900273,43,19,24
107900274,249,2,247
107900275,96,6,90
107900276,0,14,-14
107900277,0,43,-43
107900278,854,67,787
107900279,10,29,-19
107900280,4608,1322,3286
107900281,1295,15141,-13846
107900282,20,1502,-1482
107900283,445,1429,-984
107900284,1361,444,917
107900285,357,34,323
107900286,22,33,-11
107900287,1174,201,973
107900290,2,1225,-1223
107900291,876,12,864
107900292,192,59,133
107900293,103,95,8
107900295,150,33,117
107900297,1,372,-371
107900298,766,506,260
107900299,1842,5286,-3444
107900300,36,543,-507
107900301,1260,1308,-48
107900302,108,27,81
107900303,962,358,604
107900304,1497,48,1449
107900305,714,7,707
107900306,0,74,-74
107900307,3,131,-128
107900308,249,125,124
107900309,23,0,23
107900310,29,0,29
107900311,264,393,-129
107900312,13,0,13
107900313,4,158,-154
107900314,1,175,-174
107900315,0,72,-72
107900316,28,1,27
107900317,154,7,147
107900318,7,292,-285
107900319,0,40,-40
107900320,65,83,-18
107900321,414,4,410
107900322,2,36,-34
107900323,274,80,194
107900324,164,1,163
107900325,380,3,377
107900326,1717,73,1644
107900327,0,96,-96
107900328,16,0,16
107900329,5,143,-138
107900330,33,87,-54
107900331,1223,31,1192
107900332,836,18,818
107900333,162,17,145
107900334,2,15,-13
107900335,21,110,-89
107900336,26,65,-39
107900337,428,1753,-1325
107900338,0,40,-40
107900339,2,19,-17
107900340,0,140,-140
107900341,92,1,91
107900342,158,41,117
107900343,41,20,21
107900344,2,243,-241
107900345,181,21,160
107900346,40,3,37
107900347,13,3,10
107900348,8,2,6
107900349,47,9,38
107900350,3,71,-68
108000001,6553,3321,3232
108000002,1100,1108,-8
108000003,3415,2105,1310
108000004,7904,8296,-392
108000005,10160,4927,5233
108000006,2879,2092,787
108000007,7757,3638,4119
108000008,2797,2920,-123
108000009,8947,5320,3627
108000010,2141,2696,-555
108000011,17053,12509,4544
108000012,6870,8473,-1603
108000014,516,1794,-1278
108000015,1397,173,1224
108000016,381,343,38
108000017,2127,217,1910
108000018,2546,663,1883
108000019,1294,500,794
108000020,1566,367,1199
108000021,313,884,-571
108000022,674,502,172
108000023,2875,400,2475
108000024,834,168,666
108000025,771,108,663
108000026,1608,165,1443
108000027,1543,125,1418
108000028,1186,122,1064
108000029,1206,190,1016
108000030,850,158,692
108000031,337,442,-105
108000032,4658,645,4013
108000033,758,338,420
108000034,2923,564,2359
108000035,512,715,-203
108000036,594,409,185
108000037,4866,317,4549
108000038,7056,307,6749
108000039,585,659,-74
108000040,4542,1229,3313
108000041,327,1087,-760
108000042,1067,85,982
108000043,194,144,50
108000044,1200,84,1116
108000045,135,193,-58
108000046,3968,196,3772
108000047,229,302,-73
108000048,67,344,-277
108000049,1160,231,929
108000050,62,223,-161
108000051,574,330,244
108000052,208,197,11
108000053,658,309,349
108000054,399,425,-26
108000055,1821,385,1436
108000056,499,586,-87
108000057,1097,1472,-375
108000058,2094,7111,-5017
108000059,1540,886,654
108000060,240,368,-128
108000061,85,139,-54
108000062,2244,591,1653
108000063,732,325,407
108000064,497,216,281
108000065,962,342,620
108000066,3133,1376,1757
108000067,4530,1096,3434
108000068,1671,328,1343
108000069,85,439,-354
108000070,4118,469,3649
108000071,567,676,-109
108000072,2169,577,1592
108000073,603,535,68
108000074,1477,342,1135
108000075,289,204,85
108000076,1498,376,1122
108000077,402,261,141
108000078,5146,1003,4143
108000079,564,407,157
108000080,4183,887,3296
108000081,633,962,-329
108000082,495,573,-78
108000083,3455,738,2717
108000084,468,893,-425
108000085,2272,757,1515
108000086,465,369,96
108000087,212,4219,-4007
108000088,586,7,579
108000089,542,474,68
108000090,1655,94,1561
108000091,153,288,-135
108000092,985,140,845
108000093,384,324,60
108000094,2701,168,2533
108000095,320,205,115
108000096,1655,241,1414
108000097,218,369,-151
108000098,5036,1336,3700
108000099,430,57,373
108000100,128,227,-99
108000101,2183,1575,608
108000102,1445,3364,-1919
108000106,1627,1,1626
108000107,1,409,-408
108000108,1412,131,1281
108000109,1,258,-257
108000110,1240,168,1072
108000111,348,502,-154
108000112,66,128,-62
108000113,501,133,368
108000115,452,217,235
108000117,405,262,143
108000118,9,371,-362
108000119,652,175,477
108000120,427,1383,-956
108000121,469,292,177
108000122,2044,350,1694
108000123,2320,898,1422
108000124,672,1170,-498
108000125,1401,236,1165
108000126,589,564,25
108000127,1485,1443,42
108000128,1591,169,1422
108000129,460,1102,-642
108000130,1340,607,733
108000131,1185,162,1023
108000132,468,343,125
108000133,2178,211,1967
108000134,665,193,472
108000135,2455,1274,1181
108000136,936,502,434
108000137,968,153,815
108000138,967,346,621
108000139,1190,180,1010
108000140,1358,18,1340
108000141,59,36,23
108000142,49,33,16
108000143,57,6,51
108000144,289,3,286
108000145,111,7,104
108000146,351,6,345
108000147,74,11,63
108000148,311,18,293
108000149,8,10,-2
108000150,124,9,115
108000151,19,5,14
108000152,73,96,-23
108000153,1849,164,1685
108000154,13,2,11
108000155,85,31,54
108000156,355,112,243
108000157,232,3617,-3385
108000158,61,1509,-1448
108000159,133,222,-89
108000160,1867,2229,-362
108000161,1955,7838,-5883
108000165,12,830,-818
108000172,0,462,-462
108000173,541,3451,-2910
108000175,745,304,441
108000178,301,72,229
108000179,127,883,-756
108000181,104,8,96
108000182,92,8,84
108000183,13,11,2
108000184,368,6062,-5694
108000185,843,69,774
108000186,750,55,695
108000187,230,275,-45
108000188,2589,370,2219
108000189,317,3178,-2861
108000190,30,52,-22
108000192,477,175,302
108000193,335,38,297
108000194,25,20,5
108000195,2,857,-855
108000196,229,1579,-1350
108000198,1012,67,945
108000199,2,363,-361
108000200,2151,157,1994
108000202,2,448,-446
108000203,607,260,347
108000204,527,141,386
108000205,160,346,-186
108000339,505,354,151
108000364,46,140,-94
108000365,135,401,-266
108000367,111,121,-10
108000368,70,81,-11
108000369,566,97,469
108000371,2,474,-472
108000372,1476,3,1473
108000373,312,77,235
108000376,469,15,454
108000377,1791,92,1699
108000378,11241,17753,-6512
108000379,78,273,-195
108000381,373,27,346
108000382,71,0,71
108000383,0,197,-197
108900001,28,160,-132
108900002,185,44,141
108900003,238,265,-27
108900004,5,562,-557
108900005,55,441,-386
108900006,1356,250,1106
108900007,661,163,498
108900008,368,68,300
108900009,314,229,85
108900010,916,104,812
108900011,1588,133,1455
108900012,882,153,729
108900013,260,303,-43
108900014,40,124,-84
108900015,0,107,-107
108900016,2,89,-87
108900017,235,575,-340
108900018,222,284,-62
108900019,44,188,-144
108900020,134,79,55
108900021,138,119,19
108900022,217,15,202
108900023,6,66,-60
108900024,51,44,7
108900025,690,22,668
108900026,22,80,-58
108900027,2,21,-19
108900028,238,46,192
108900029,155,180,-25
108900030,0,15,-15
108900031,273,58,215
108900032,4,47,-43
108900033,0,64,-64
108900034,1,50,-49
108900035,385,316,69
108900036,260,144,116
108900037,97,104,-7
108900038,0,89,-89
108900039,1,68,-67
108900040,13,37,-24
108900041,3738,4240,-502
108900042,5,420,-415
108900043,56,654,-598
108900044,0,89,-89
108900045,125,92,33
108900046,3,131,-128
108900047,0,66,-66
108900048,121,183,-62
108900049,723,4945,-4222
108900050,1,63,-62
108900051,0,37,-37
108900052,96,51,45
108900053,100,761,-661
108900054,30,66,-36
108900055,19,438,-419
108900056,2,39,-37
108900057,2,53,-51
108900058,48,87,-39
108900059,2090,54,2036
108900060,112,90,22
108900061,134,18,116
108900062,1,110,-109
108900063,48,103,-55
108900064,883,12,871
108900065,40,35,5
108900066,881,50,831
108900067,6,116,-110
108900068,2,56,-54
108900069,168,13,155
108900070,76,41,35
108900071,351,18,333
108900072,1665,211,1454
108900073,11,62,-51
108900074,850,40,810
108900075,36,27,9
108900076,945,17,928
108900077,71,265,-194
108900078,128,38,90
108900079,492,70,422
108900080,4,1648,-1644
108900081,14,91,-77
108900082,199,33,166
108900083,5,407,-402
108900084,183,83,100
108900085,807,100,707
108900086,503,97,406
108900087,55,97,-42
108900088,662,778,-116
108900089,32,128,-96
108900090,116,88,28
108900091,206,24,182
108900092,752,491,261
108900093,216,88,128
108900094,570,111,459
108900095,51,97,-46
108900096,268,7,261
108900097,367,67,300
108900098,907,2554,-1647
108900099,771,96,675
108900100,58,45,13
108900101,414,957,-543
108900102,10,2275,-2265
108900103,261,204,57
108900104,55,223,-168
108900105,11,4481,-4470
108900106,976,63,913
108900108,516,16,500
108900109,131,46,85
108900110,357,128,229
108900111,888,112,776
108900112,619,21,598
108900113,83,56,27
108900114,1,14,-13
108900115,330,256,74
108900116,166,14,152
108900117,765,10,755
108900118,1923,29,1894
108900119,1092,32,1060
108900120,318,262,56
108900121,386,111,275
108900122,669,9,660
108900123,672,79,593
108900124,1802,181,1621
108900125,1862,12,1850
108900126,292,174,118
108900127,582,17,565
108900128,533,37,496
108900129,2996,103,2893
108900130,1938,3,1935
108900131,1130,11,1119
108900132,1340,131,1209
108900133,793,79,714
108900134,1283,128,1155
108900135,905,26,879
108900136,27,4,23
108900137,828,1,827
108900138,1897,60,1837
108900139,1691,59,1632
108900140,1586,45,1541
108900141,1229,15,1214
108900142,149,26,123
108900143,268,2,266
108900144,243,1,242
108900145,643,9,634
108900146,220,9,211
108900147,920,0,920
108900148,230,14,216
108900149,392,129,263
108900150,363,12,351
108900151,61,21,40
108900152,306,94,212
108900153,482,162,320
108900154,11561,569,10992
108900155,912,49,863
108900156,359,6,353
108900157,53,131,-78
108900158,1562,331,1231
108900159,149,148,1
108900160,52,225,-173
108900161,240,796,-556
108900162,463,0,463
108900163,2,525,-523
108900164,63,42,21
108900165,89,74,15
108900167,817,21828,-21011
108900168,3815,2334,1481
108900169,61,81,-20
108900171,3066,5843,-2777
108900172,210,100,110
108900173,100,195,-95
108900174,1307,375,932
108900176,107,187,-80
108900177,2152,15111,-12959
108900178,1585,9088,-7503
108900179,345,2491,-2146
108900180,147,243,-96
108900182,127,592,-465
108900183,220,90,130
108900184,530,258,272
108900185,73,197,-124
108900186,117,213,-96
108900187,1574,43,1531
108900188,2137,58,2079
108900189,636,163,473
108900190,20,819,-799
108900191,133,327,-194
108900192,101,209,-108
108900193,64,20,44
108900194,6,122,-116
108900195,189,72,117
108900196,15,112,-97
108900198,1,169,-168
108900199,380,270,110
108900200,1304,696,608
108900201,506,780,-274
108900203,819,144,675
108900204,745,32,713
108900205,409,42,367
108900206,1035,230,805
108900207,584,660,-76
108900208,14,171,-157
108900209,90,303,-213
108900210,93,108,-15
108900211,235,860,-625
108900212,118,2669,-2551
108900215,90,165,-75
108900216,248,614,-366
108900217,102,1,101
108900218,82,24,58
108900219,38,5,33
108900220,41,23,18
108900221,34,86,-52
108900222,336,10,326
108900223,5,137,-132
108900224,22,131,-109
108900225,0,128,-128
108900226,1054,58,996
108900227,244,347,-103
108900230,58,90,-32
108900231,8,119,-111
108900232,2,90,-88
108900233,701,204,497
108900234,516,307,209
108900235,176,258,-82
108900236,78,242,-164
108900237,17,46,-29
108900240,343,57,286
108900241,150,29,121
108900245,11,4292,-4281
108900249,179,7,172
108900250,471,47,424
108900257,794,138,656
108900258,10,68,-58
108900259,11,11,0
108900260,12,8,4
108900261,34,59,-25
108900262,135,145,-10
108900263,20,111,-91
108900264,86,205,-119
108900265,457,552,-95
108900266,118,3460,-3342
108900267,2,697,-695
108900268,22,31,-9
108900269,363,28,335
108900270,398,21,377
108900271,146,9,137
108900272,883,14,869
108900273,245,639,-394
108900274,93,25,68
109000001,6167,6117,50
109000002,657,4748,-4091
109000003,5869,560,5309
109000004,916,2219,-1303
109000005,2992,419,2573
109000006,1328,1048,280
109000007,3749,494,3255
109000008,1499,946,553
109000009,5449,965,4484
109000010,1310,1605,-295
109000011,9911,2177,7734
109000012,1854,1811,43
109000013,9078,8151,927
109000014,1721,1082,639
109000015,5099,20942,-15843
109000016,2789,1432,1357
109000017,5730,1185,4545
109000018,1441,1430,11
109000019,4406,1277,3129
109000020,1870,1130,740
109000023,259,7,252
109000024,6,228,-222
109000025,169,954,-785
109000026,465,263,202
109000027,135,454,-319
109000028,236,30,206
109000029,48,542,-494
109000030,217,308,-91
109000031,873,68,805
109000032,170,362,-192
109000033,1040,172,868
109000034,39,41,-2
109000035,11,38,-27
109000036,56,341,-285
109000037,646,6327,-5681
109000038,254,149,105
109000039,1477,1129,348
109000040,2996,28179,-25183
109000041,985,5267,-4282
109000042,992,3120,-2128
109000044,898,20,878
109000045,192,194,-2
109000046,866,22,844
109000047,128,204,-76
109000048,505,199,306
109000049,304,361,-57
109000050,488,288,200
109000051,410,157,253
109000052,637,255,382
109000053,761,182,579
109000054,134,866,-732
109000055,1178,2452,-1274
109000056,267,418,-151
109000057,2356,739,1617
109000058,202,88,114
109000059,161,1138,-977
109000060,161,550,-389
109000061,500,2713,-2213
109000062,252,433,-181
109000063,366,131,235
109000064,1219,84,1135
109000065,751,142,609
109000066,1057,78,979
109000067,281,246,35
109000068,789,14,775
109000069,846,31,815
109000070,21,2059,-2038
109000071,542,62,480
109000072,92,199,-107
109000073,92,52,40
109000074,8,122,-114
109000075,125,187,-62
109000076,77,424,-347
109000077,347,111,236
109000078,241,98,143
109000079,169,54,115
109000080,517,54,463
109000081,332,215,117
109000082,1964,63,1901
109000083,632,246,386
109000088,251,164,87
109000089,600,189,411
109000090,139,140,-1
109000091,1065,207,858
109000092,216,107,109
109000093,702,109,593
109000094,2321,21,2300
109000095,531,149,382
109000096,2381,151,2230
109000097,49,33,16
109000098,130,132,-2
109000099,1687,127,1560
109000100,794,280,514
109000101,3641,359,3282
109000102,917,321,596
109000103,1364,247,1117
109000104,6231,140,6091
109000105,893,428,465
109000106,3813,371,3442
109000107,894,618,276
109000108,5020,532,4488
109000109,570,525,45
109000110,2353,526,1827
109000111,781,869,-88
109000112,597,68,529
109000113,795,448,347
109000114,114,428,-314
109000115,929,16,913
109000116,11,394,-383
109000117,546,16,530
109000118,26,234,-208
109000119,4584,81,4503
109000120,1058,202,856
109000121,1388,43,1345
109000122,533,259,274
109000123,49,16,33
109000124,2109,232,1877
109000125,1750,412,1338
109000126,866,740,126
109000127,2435,93,2342
109000128,921,432,489
109000129,7136,291,6845
109000130,469,298,171
109000131,1614,903,711
109000132,448,549,-101
109000133,222,369,-147
109000134,514,585,-71
109000135,514,663,-149
109000136,412,153,259
109000137,539,247,292
109000138,423,145,278
109000139,1276,256,1020
109000140,235,308,-73
109000141,990,822,168
109000142,187,241,-54
109000143,237,206,31
109000145,136,194,-58
109000146,16,30,-14
109000148,1789,3791,-2002
109000149,19,84,-65
109000150,22,162,-140
109000155,1596,1275,321
109000156,1040,309,731
109000158,35,308,-273
109000159,164,283,-119
109000160,3511,149,3362
109000161,1576,597,979
109000162,4182,303,3879
109000163,2919,657,2262
109000164,3062,1337,1725
109000165,2855,374,2481
109000166,2531,97,2434
109000167,247,197,50
109000170,19,36,-17
109000171,260,22,238
109000172,14,54,-40
109000173,8,258,-250
109000174,502,26,476
109000175,60,27,33
109000176,854,124,730
109000177,57,104,-47
109000178,1061,32,1029
109000179,3039,11004,-7965
109000180,3876,5627,-1751
109000181,58,7,51
109000182,64,8,56
109000183,103,6,97
109000184,146,7,139
109000185,31,15,16
109000188,788,3780,-2992
109000189,6174,4194,1980
109000190,1332,444,888
109000191,481,1278,-797
109000192,1361,55,1306
109000193,816,67,749
109000194,795,30,765
109000195,613,58,555
109000196,393,34,359
109000197,600,156,444
109000198,581,58,523
109000199,541,215,326
109000206,340,11,329
109000207,415,4,411
109000208,184,148,36
109000209,331,45,286
109000210,305,237,68
109000211,3657,378,3279
109000214,905,78,827
109000215,150,23,127
109000216,523,580,-57
109000217,153,284,-131
109000218,437,442,-5
109000221,169,287,-118
109000222,1051,152,899
109000223,1438,630,808
109000224,205,58,147
109000225,453,17,436
109000226,151,87,64
109000227,4564,358,4206
109000228,1,495,-494
109000231,4,95,-91
109000232,2280,110,2170
109000236,399,357,42
109000241,2464,466,1998
109000242,2100,380,1720
109000293,134,186,-52
109000361,171,82,89
109000364,147,688,-541
109000396,8,171,-163
109000397,1665,42,1623
109000399,163,232,-69
109000400,130,140,-10
109000403,17,2803,-2786
109000406,2096,3,2093
109000407,248,91,157
109000408,2,276,-274
109000410,1398,177,1221
109000411,633,4,629
109900001,197,0,197
109900002,1830,9,1821
109900003,1391,8,1383
109900004,242,68,174
109900005,62,9,53
109900006,1661,90,1571
109900007,3290,169,3121
109900008,0,8,-8
109900009,205,329,-124
109900010,1463,79,1384
109900011,25,13,12
109900012,726,251,475
109900013,746,135,611
109900014,351,71,280
109900015,221,54,167
109900016,142,16,126
109900017,371,106,265
109900018,324,31,293
109900019,289,50,239
109900020,90,13,77
109900021,136,13,123
109900022,111,138,-27
109900023,48,6,42
109900024,25,1,24
109900025,12,180,-168
109900026,3,50,-47
109900027,50,30,20
109900028,547,5217,-4670
109900029,5,85,-80
109900030,100,4,96
109900031,7,1367,-1360
109900032,8,104,-96
109900033,1,271,-270
109900034,32,0,32
109900035,390,234,156
109900036,86,729,-643
109900037,9,186,-177
109900038,164,146,18
109900039,4,0,4
109900040,16,137,-121
109900041,101,391,-290
109900042,28,1526,-1498
109900044,118,689,-571
109900045,90,44,46
109900046,143,93,50
109900047,227,300,-73
109900048,4,39,-35
109900049,54,42,12
109900050,1,14,-13
109900051,0,9,-9
109900052,134,583,-449
109900053,3,49,-46
109900054,2307,103,2204
109900055,397,226,171
109900056,345,510,-165
109900057,4,68,-64
109900058,0,9,-9
109900059,3328,53,3275
109900060,2038,82,1956
109900061,206,96,110
109900062,1,69,-68
109900063,9,585,-576
109900064,1381,52,1329
109900065,80,48,32
109900066,653,309,344
109900067,0,85,-85
109900068,185,2,183
109900069,4,11,-7
109900070,39,64,-25
109900071,4,13,-9
109900072,20,39,-19
109900073,1553,147,1406
109900074,20,8,12
109900075,101,180,-79
109900076,29,51,-22
109900077,29,14,15
109900078,187,48,139
109900080,199,85,114
109900081,2,168,-166
109900082,83,110,-27
109900083,13,8,5
109900084,66,173,-107
109900085,46,146,-100
109900086,118,1753,-1635
109900087,48,288,-240
109900089,1112,118,994
109900090,191,347,-156
109900091,1063,460,603
109900092,466,334,132
109900093,2270,99,2171
109900094,83,59,24
109900095,51,119,-68
109900096,189,2,187
109900097,316,2,314
109900098,1583,84,1499
109900099,1077,3,1074
109900100,167,0,167
109900101,2097,8,2089
109900102,1183,26,1157
109900103,34,105,-71
109900104,2429,86,2343
109900105,1325,17,1308
109900106,779,37,742
109900107,1300,40,1260
109900108,241,178,63
109900109,53,59,-6
109900110,45,147,-102
109900111,68,196,-128
109900112,155,113,42
109900113,1482,446,1036
109900114,369,1568,-1199
109900115,365,206,159
109900117,3304,79,3225
109900118,224,143,81
109900119,144,211,-67
109900120,111,11,100
109900121,354,121,233
109900122,2269,11,2258
109900123,7,36,-29
109900124,27,98,-71
109900125,0,99,-99
109900126,951,12,939
109900128,844,65,779
109900130,3377,6355,-2978
109900131,10,45,-35
109900132,33,40,-7
109900133,159,150,9
109900134,111,182,-71
109900135,498,38,460
109900136,115,79,36
109900137,532,118,414
109900138,1489,113,1376
109900140,172,89,83
109900142,5133,532,4601
109900145,2,1085,-1083
109900146,152,49,103
109900148,5,39,-34
109900149,11,21,-10
109900150,5,34,-29
109900151,11,6,5
109900152,1,7,-6
109900153,1,34,-33
109900154,11,0,11
109900155,67,21,46
109900157,158,69,89
109900158,110,28,82
109900159,97,20,77
109900160,301,11,290
109900161,773,35,738
109900162,438,50,388
109900163,297,80,217
109900164,62,166,-104
109900165,391,5,386
109900166,5,653,-648
109900167,188,211,-23
109900168,105,369,-264
109900169,416,135,281
109900170,574,3316,-2742
109900171,890,124,766
109900172,754,668,86
109900173,2910,4534,-1624
109900174,67,54,13
109900175,228,606,-378
109900176,251,89,162
109900177,46,55,-9
109900178,8,277,-269
109900179,4,25,-21
109900180,8,7,1
110000001,1064,256,808
110000002,727,408,319
110000003,753,617,136
110000004,306,442,-136
110000005,318,3538,-3220
110000006,556,252,304
110000007,144,35,109
110000008,35,630,-595
110000009,152,11,141
110000010,97,185,-88
110000011,118,11,107
110000012,1071,158,913
110000013,80,923,-843
110000014,843,448,395
110000015,227,988,-761
110000016,450,1840,-1390
110000017,2703,317,2386
110000018,3172,580,2592
110000019,17,52,-35
110000020,1099,521,578
110000021,192,209,-17
110000022,2797,81,2716
110000023,8,60,-52
110000024,1035,197,838
110000025,2791,7,2784
110000026,2,184,-182
110000027,754,1671,-917
110000028,1825,229,1596
110000029,1173,340,833
110000030,666,557,109
110000031,754,180,574
110000032,1940,128,1812
110000033,299,148,151
110000034,1847,365,1482
110000035,1629,396,1233
110000036,2902,380,2522
110000037,853,177,676
110000038,579,1513,-934
110000039,1330,13383,-12053
110000040,558,461,97
110000041,526,4545,-4019
110000042,175,407,-232
110000043,1193,513,680
110000044,47,294,-247
110000045,143,106,37
110000046,5,166,-161
110000047,8,67,-59
110000048,6,132,-126
110000049,6,29,-23
110000050,6,143,-137
110000051,16,17,-1
110000052,91,38,53
110000053,20,18,2
110000054,93,1667,-1574
110000055,147,370,-223
110000056,133,239,-106
110000057,723,201,522
110000058,3098,520,2578
110000059,1283,605,678
110000060,1943,800,1143
110000061,721,554,167
110000062,670,567,103
110000063,114,631,-517
110000064,356,15,341
110000065,236,372,-136
110000066,142,18,124
110000067,133,47,86
110000068,842,92,750
110000069,1525,12,1513
110000071,1830,8,1822
110000073,75,3,72
110000075,26,193,-167
110000076,864,1044,-180
110000077,326,2860,-2534
110000078,246,8,238
110000080,166,325,-159
110000081,32,575,-543
110000082,77,662,-585
110000083,310,226,84
110000084,2363,2288,75
110000085,657,2188,-1531
110000086,920,2979,-2059
110000087,79,52,27
110000088,231,366,-135
110000089,848,48,800
110000090,237,1156,-919
110000091,853,233,620
110000092,46,40,6
110000093,87,15,72
110000094,670,90,580
110000095,170,650,-480
110000096,1190,3987,-2797
110000097,1043,2486,-1443
110000098,3067,648,2419
110000099,1873,1694,179
110000100,3913,108,3805
110000101,536,118,418
110000102,138,62,76
110000104,633,230,403
110000105,101,1011,-910
110000106,948,607,341
110000107,150,360,-210
110000108,195,238,-43
110000109,376,270,106
110000110,1759,4124,-2365
110000111,4071,3821,250
110000112,162,1450,-1288
110000113,86,4853,-4767
110000114,1273,1200,73
110000115,1602,155,1447
110000116,179,138,41
110000117,1368,189,1179
110000118,1761,127,1634
110000119,1419,117,1302
110000120,850,181,669
110000121,114,859,-745
110000122,481,156,325
110000123,934,281,653
110000124,1,473,-472
110000125,1465,4,1461
110000126,475,53,422
110000127,2133,110,2023
110000128,31,416,-385
110000129,3,170,-167
110000130,572,378,194
110000131,63,81,-18
110000132,0,213,-213
110000133,51,650,-599
110000134,42,443,-401
110000135,361,7,354
110000136,129,113,16
110000137,1672,169,1503
110000138,1893,206,1687
110000139,2809,354,2455
110000140,1347,1141,206
110000143,969,665,304
110000144,2009,1746,263
110000145,2092,1481,611
110000146,1483,961,522
110000147,441,1525,-1084
110000148,1187,381,806
110000151,708,1709,-1001
110000152,493,682,-189
110000153,1166,41,1125
110000154,140,94,46
110000155,821,1831,-1010
110000156,1282,978,304
110000157,1327,2794,-1467
110000160,609,246,363
110000161,358,253,105
110000166,2093,42,2051
110000167,3398,1013,2385
110000168,888,1482,-594
110000169,1120,840,280
110000170,275,204,71
110000171,904,131,773
110000172,639,366,273
110000173,541,532,9
110000174,234,230,4
110000175,2677,259,2418
110000176,55,1954,-1899
110000177,328,3508,-3180
110000178,499,5986,-5487
110000179,1699,470,1229
110000180,1264,365,899
110000181,2360,276,2084
110000182,1116,121,995
110000183,6330,13239,-6909
110000184,313,5335,-5022
110000185,620,695,-75
110000186,631,1481,-850
110000191,2612,151,2461
110000192,1963,37,1926
110000193,2263,19,2244
110000194,2,1357,-1355
110000195,1150,43,1107
110000196,1416,103,1313
110000197,306,56,250
110000198,112,39,73
110000199,83,488,-405
110000200,798,2237,-1439
110000201,1892,4076,-2184
110000202,1663,473,1190
110000203,481,620,-139
110000204,4,97,-93
110000205,826,93,733
110000206,329,453,-124
110000207,3206,235,2971
110000208,302,411,-109
110000209,50,291,-241
110000210,2007,742,1265
110000211,1244,587,657
110000212,961,2134,-1173
110000213,924,33,891
110000214,1121,38,1083
110000215,276,77,199
110000216,320,106,214
110000217,1170,76,1094
110000218,394,53,341
110000219,845,41,804
110000220,76,56,20
110000221,1029,15,1014
110000222,56,95,-39
110000223,84,89,-5
110000224,1,9,-8
110000225,288,724,-436
110000226,702,91,611
110000227,1208,1360,-152
110000228,627,56,571
110000229,0,99,-99
110000230,634,600,34
110000231,527,911,-384
110000232,201,399,-198
110000233,214,1604,-1390
110000234,492,553,-61
110000235,1513,1007,506
110000236,1230,727,503
110000237,4079,1877,2202
110000238,1420,695,725
110000239,3425,879,2546
110000240,1,18,-17
110000242,0,17,-17
110000243,491,122,369
110000244,121,560,-439
110000245,41,348,-307
110000246,2642,902,1740
110000247,1727,3269,-1542
110000248,1413,1962,-549
110000249,372,19,353
110000250,14,249,-235
110000251,1014,313,701
110000252,1083,276,807
110000253,3769,523,3246
110000254,1948,586,1362
110000255,284,451,-167
110000256,783,281,502
110000257,439,355,84
110000258,4,668,-664
110000259,738,79,659
110000260,167,99,68
110000263,1244,37,1207
110000264,1514,324,1190
110000265,1841,1748,93
110000266,1276,1784,-508
110000267,71,64,7
110000268,444,167,277
110000269,6,77,-71
110000270,232,1,231
110000271,1878,245,1633
110000272,1538,1457,81
110000273,2357,936,1421
110000274,666,6361,-5695
110000275,2351,1362,989
110000276,361,2043,-1682
110000277,826,1483,-657
110000278,902,1168,-266
110000279,1401,412,989
110000280,1253,584,669
110000281,187,100,87
110000282,186,29,157
110000283,10,126,-116
110000284,9,16,-7
110000285,0,194,-194
110000286,66,1,65
110000287,294,107,187
110000288,1,213,-212
110000289,574,4373,-3799
110000290,265,1347,-1082
110000291,4391,1089,3302
110000292,1110,14071,-12961
110000293,980,769,211
110000294,2505,4148,-1643
110000295,295,650,-355
110000296,1318,384,934
110000297,4701,241,4460
110000298,126,527,-401
110000299,257,66,191
110000301,766,42,724
110000302,1033,3450,-2417
110000303,1523,66,1457
110000304,434,573,-139
110000305,2675,82,2593
110000306,755,644,111
110000307,6576,24,6552
110000308,1542,4,1538
110000309,2,916,-914
110000310,1943,65,1878
110000311,3,441,-438
110000312,1147,76,1071
110000313,3859,1965,1894
110000314,1,178,-177
110000315,2106,1331,775
110000316,508,1123,-615
110000317,267,1293,-1026
110000318,1,165,-164
110000319,20,47,-27
110000320,17,60,-43
110000321,78,155,-77
110000322,341,908,-567
110000323,1647,318,1329
110000324,2590,1321,1269
110000325,1905,8026,-6121
110000327,1071,525,546
110000328,90,598,-508
110000333,2058,2824,-766
110000334,448,2757,-2309
110000335,1206,436,770
110000336,825,1691,-866
110000337,3116,1055,2061
110000338,622,1910,-1288
110000339,1035,260,775
110000340,73,295,-222
110000341,1350,335,1015
110000342,174,8,166
110000343,0,4,-4
110000344,63,2310,-2247
110000345,141,2700,-2559
110000346,1658,2798,-1140
110000347,1809,704,1105
110000348,128,30,98
110000349,48,2,46
110000350,229,1,228
110000351,2613,371,2242
110000352,1235,3000,-1765
110000353,3534,401,3133
110000354,2395,7706,-5311
110000355,476,71,405
110000356,757,29,728
110000357,1597,13,1584
110000361,324,14,310
110000362,548,27,521
110000363,1755,70,1685
110000364,681,295,386
110000365,163,1,162
110000366,3,487,-484
110000367,1249,243,1006
110000368,23,132,-109
110000369,126,34,92
110000373,2,1155,-1153
110000374,111,71,40
110000375,254,1146,-892
110000376,36,63,-27
110000377,119,361,-242
110000378,43,529,-486
110000379,2416,3943,-1527
110000380,361,23,338
110000383,0,532,-532
110000384,1563,101,1462
110000385,0,64,-64
110000387,697,2,695
110000388,93,137,-44
110000389,1696,2,1694
110000391,1825,1102,723
110000396,692,246,446
110000397,144,46,98
110000398,3,28,-25
110000399,460,0,460
110000587,451,544,-93
110000589,357,114,243
110000640,453,7,446
110000652,10,500,-490
110000653,901,248,653
110000654,6,222,-216
110000656,1,226,-225
110000674,184,17,167
110000675,43,23,20
110000676,0,38,-38
110000679,134,1215,-1081
110000682,224,374,-150
110000683,396,141,255
110000684,0,40,-40
110000685,11,27,-16
110000686,1,252,-251
110000687,18,3,15
110000688,63,1889,-1826
110000689,51,10,41
110000692,11,263,-252
110000693,18,400,-382
110000694,2,123,-121
110000695,139,1141,-1002
110000696,124,32,92
110900001,802,76,726
110900002,606,218,388
110900003,4015,93,3922
110900004,1327,38,1289
110900005,1972,11430,-9458
110900006,204,123,81
110900007,607,380,227
110900008,7,19,-12
110900009,509,1565,-1056
110900010,0,19,-19
110900011,15,30,-15
110900012,18,31,-13
110900013,2164,90,2074
110900014,659,94,565
110900015,239,857,-618
110900016,175,59,116
110900017,1203,22,1181
110900018,896,8,888
110900019,1237,46,1191
110900020,746,80,666
110900021,271,170,101
110900022,56,101,-45
110900023,83,212,-129
110900024,218,151,67
110900025,18,45,-27
110900027,204,65,139
110900028,48,40,8
110900029,30,78,-48
110900030,29,75,-46
110900031,0,87,-87
110900032,0,27,-27
110900033,23,118,-95
110900035,34,532,-498
110900036,292,5,287
110900037,374,1,373
110900038,548,202,346
110900039,16,312,-296
110900040,610,8,602
110900041,16,33,-17
110900042,259,95,164
110900043,2,17,-15
110900044,306,56,250
110900045,351,193,158
110900046,4,78,-74
110900047,161,1168,-1007
110900049,277,86,191
110900050,117,0,117
110900051,77,47,30
110900052,1,657,-656
110900053,568,24,544
110900054,49,820,-771
110900055,49,0,49
110900056,130,75,55
110900057,3,148,-145
110900058,791,63,728
110900059,443,426,17
110900060,489,83,406
110900061,28,37,-9
110900062,565,72,493
110900063,67,115,-48
110900064,23,1,22
110900065,57,109,-52
110900066,3,77,-74
110900067,104,1071,-967
110900068,473,61,412
110900069,25,3,22
110900070,400,19,381
110900071,106,2621,-2515
110900073,0,3,-3
110900074,1647,119,1528
110900075,1350,76,1274
110900077,3867,334,3533
110900078,519,15,504
110900079,778,1348,-570
110900080,365,93,272
110900081,69,5,64
110900082,521,32,489
110900083,249,37,212
110900084,396,21,375
110900085,42,94,-52
110900086,116,309,-193
110900087,759,316,443
110900088,4,0,4
110900090,109,231,-122
110900091,0,28,-28
110900093,310,89,221
110900095,147,24,123
110900097,60,0,60
110900098,37,21,16
110900099,53,139,-86
110900100,0,12,-12
110900102,109,17,92
110900105,1245,88,1157
110900108,50,30,20
110900111,2240,122,2118
110900112,990,10,980
110900113,726,234,492
110900115,2,22,-20
110900116,3463,860,2603
110900118,78,7142,-7064
110900119,1557,120,1437
110900120,421,84,337
110900121,123,0,123
110900122,753,199,554
110900125,382,1732,-1350
110900127,588,1771,-1183
110900128,32,167,-135
110900129,77,1178,-1101
110900130,174,296,-122
110900131,741,1188,-447
110900132,1252,51,1201
110900133,147,1043,-896
110900135,86,143,-57
110900136,574,67,507
110900137,16,0,16
110900138,355,459,-104
110900139,0,132,-132
110900140,4,0,4
110900141,1,266,-265
110900142,67,83,-16
110900143,733,28,705
110900144,1,172,-171
110900145,580,288,292
110900146,96,979,-883
110900147,311,514,-203
110900148,0,414,-414
110900149,2,38,-36
110900150,41,66,-25
110900151,1,47,-46
110900152,27,24,3
110900153,318,21,297
111000001,1017,719,298
111000002,428,525,-97
111000003,4213,1753,2460
111000004,774,934,-160
111000005,1399,1930,-531
111000006,904,2647,-1743
111000007,5022,7005,-1983
111000008,3201,6433,-3232
111000009,335,884,-549
111000010,3224,814,2410
111000011,95,998,-903
111000012,397,665,-268
111000013,512,1754,-1242
111000014,3541,1083,2458
111000017,29,714,-685
111000018,271,363,-92
111000020,566,1237,-671
111000021,56,150,-94
111000023,143,707,-564
111000025,3599,6589,-2990
111000029,172,109,63
111000030,29,41,-12
111000031,1762,978,784
111000032,784,1294,-510
111000033,301,71,230
111000034,101,131,-30
111000037,1157,297,860
111000038,2222,1206,1016
111000039,2640,844,1796
111000040,2198,585,1613
111000041,690,476,214
111000042,2578,2382,196
111000043,2211,9685,-7474
111000044,2914,567,2347
111000045,5598,1266,4332
111000046,4659,983,3676
111000047,4236,9523,-5287
111000049,652,235,417
111000050,1307,423,884
111000051,987,769,218
111000052,947,2149,-1202
111000053,337,410,-73
111000054,324,700,-376
111000055,756,2306,-1550
111000056,273,2191,-1918
111000057,246,129,117
111000058,1605,117,1488
111000059,1159,704,455
111000060,9521,1321,8200
111000061,1617,387,1230
111000062,1823,860,963
111000063,1556,1790,-234
111000064,1556,295,1261
111000065,2031,366,1665
111000066,1625,198,1427
111000067,2982,188,2794
111000068,1552,311,1241
111000069,1627,1852,-225
111000070,586,462,124
111000071,395,159,236
111000072,2250,1093,1157
111000073,268,2605,-2337
111000074,3022,1935,1087
111000075,1273,428,845
111000076,1311,839,472
111000077,1474,523,951
111000078,2338,455,1883
111000079,1186,626,560
111000080,993,516,477
111000081,1837,10313,-8476
111000082,1642,300,1342
111000084,1272,368,904
111000085,2073,899,1174
111000086,2465,1057,1408
111000087,1236,401,835
111000088,4964,7532,-2568
111000089,1337,510,827
111000090,633,640,-7
111000091,1228,259,969
111000092,3856,740,3116
111000093,1729,2888,-1159
111000094,2854,1516,1338
111000095,1569,4396,-2827
111000096,1479,11869,-10390
111000097,2314,637,1677
111000098,311,566,-255
111000099,825,928,-103
111000100,941,875,66
111000101,518,613,-95
111000102,607,377,230
111000104,1876,147,1729
111000107,181,338,-157
111000109,1795,286,1509
111000110,2513,527,1986
111000111,7649,178,7471
111000112,4191,429,3762
111000113,751,3857,-3106
111000114,1239,8682,-7443
111000115,3078,987,2091
111000116,935,642,293
111000117,314,1072,-758
111000118,1041,1503,-462
111000119,3088,423,2665
111000120,1208,711,497
111000121,467,998,-531
111000122,681,543,138
111000123,2150,1172,978
111000124,749,1565,-816
111000125,496,1528,-1032
111000126,114,520,-406
111000127,2756,132,2624
111000128,6201,345,5856
111000129,6680,339,6341
111000130,6390,321,6069
111000131,6130,372,5758
111000132,3803,3512,291
111000133,176,37,139
111000134,232,28,204
111000135,183,140,43
111000136,660,184,476
111000138,196,4,192
111000140,8,1,7
111000141,243,388,-145
111000142,10,78,-68
111000143,13,229,-216
111000144,6,442,-436
111000145,64,3,61
111000146,230,10,220
111000147,108,43,65
111000148,264,97,167
111000149,12,33,-21
111000150,315,2,313
111000151,2,211,-209
111000153,551,230,321
111000154,366,85,281
111000155,358,101,257
111000156,1005,220,785
111000157,520,351,169
111000158,1735,487,1248
111000159,2674,825,1849
111000160,896,139,757
111000161,5,285,-280
111000162,15,44,-29
111000163,1786,843,943
111000164,426,3474,-3048
111000165,637,157,480
111000166,431,88,343
111000167,113,204,-91
111000168,253,173,80
111000169,580,119,461
111000170,407,210,197
111000171,751,256,495
111000172,442,314,128
111000173,327,343,-16
111000174,906,127,779
111000175,62,820,-758
111000176,1624,21,1603
111000177,2671,102,2569
111000178,3394,99,3295
111000179,565,50,515
111000180,428,218,210
111000181,3774,268,3506
111000182,446,365,81
111000183,315,1820,-1505
111000184,443,84,359
111000185,421,514,-93
111000186,300,2040,-1740
111000187,357,136,221
111000188,605,378,227
111000189,279,258,21
111000190,533,110,423
111000191,449,169,280
111000192,283,254,29
111000193,299,129,170
111000194,133,315,-182
111000195,279,550,-271
111000196,217,71,146
111000197,1593,68,1525
111000198,992,37,955
111000199,865,586,279
111000200,1423,954,469
111000201,1791,56,1735
111000202,919,110,809
111000203,837,254,583
111000204,348,2439,-2091
111000213,451,201,250
111000214,1812,943,869
111000215,1079,584,495
111000217,2360,494,1866
111000218,3286,817,2469
111000219,402,72,330
111000220,1108,647,461
111000221,178,95,83
111000224,0,195,-195
111000225,431,168,263
111000226,528,3,525
111000227,9,4,5
111000228,5,1058,-1053
111000229,20,2567,-2547
111000230,340,111,229
111000231,1776,261,1515
111000232,1511,2189,-678
111000233,4051,351,3700
111000234,357,666,-309
111000239,107,47,60
111000240,86,784,-698
111000241,79,220,-141
111000242,699,69,630
111000243,381,553,-172
111000244,2267,604,1663
111000245,957,784,173
111000246,1335,91,1244
111000247,1276,375,901
111000248,1133,120,1013
111000249,617,169,448
111000250,221,39,182
111000251,253,57,196
111000253,84,12,72
111000255,111,4,107
111000257,156,13,143
111000260,202,526,-324
111000261,4083,102,3981
111000271,137,320,-183
111000273,2528,937,1591
111000274,1715,3793,-2078
111000275,248,10,238
111000276,469,534,-65
111000277,464,217,247
111000278,452,113,339
111000291,1866,24073,-22207
111000298,860,220,640
111000299,1356,163,1193
111000300,96,334,-238
111000302,584,29,555
111000303,328,85,243
111000312,161,53,108
111000315,1,42,-41
111000320,506,165,341
111000321,664,255,409
111000322,1276,144,1132
111000323,574,114,460
111000324,264,83,181
111000325,55,34,21
111000326,396,218,178
111000327,488,309,179
111000328,618,795,-177
111000329,0,25,-25
111000330,429,4,425
111000331,71,4,67
111000332,433,560,-127
111000334,148,756,-608
111000335,2312,595,1717
111000337,4685,235,4450
111000338,373,34,339
111000339,2218,85,2133
111000340,127,1893,-1766
111000341,3711,2637,1074
111000342,55,871,-816
111000344,2136,342,1794
111000345,214,99,115
111000346,29,112,-83
111000347,458,12,446
111000350,283,114,169
111000351,164,856,-692
111000352,313,104,209
111000353,200,197,3
111000354,980,163,817
111000355,1015,536,479
111000358,137,367,-230
111000360,374,143,231
111000361,356,134,222
111000546,2549,526,2023
111000547,1089,867,222
111000548,620,178,442
111000549,591,142,449
111000550,31,2182,-2151
111000551,254,77,177
111000552,763,211,552
111000907,1216,55,1161
111000908,87,2,85
111000916,6113,489,5624
111000917,138,487,-349
111000918,281,229,52
111000920,1827,8,1819
111000921,0,37,-37
111000922,2381,118,2263
111000924,78,243,-165
111000925,7038,3194,3844
111000926,1846,2982,-1136
111000927,2374,6627,-4253
111000928,5170,2129,3041
111000929,2907,1365,1542
111000930,1853,5464,-3611
111000931,2740,990,1750
111000932,3201,1612,1589
111000933,3285,4235,-950
111000934,1706,1222,484
111000935,4476,1226,3250
111000936,2453,814,1639
111000937,1794,1425,369
111000938,2410,1087,1323
111000939,2052,31,2021
111000940,2680,24,2656
111000941,841,281,560
111000943,1358,106,1252
111000944,444,113,331
111000945,661,1595,-934
111001109,653,1676,-1023
111001110,229,248,-19
111001111,596,16,580
111001112,145,7,138
111001113,0,376,-376
111001114,854,41,813
111001115,7,747,-740
111001116,3126,11051,-7925
111001117,276,5369,-5093
111001120,125,197,-72
111001121,403,57,346
111001122,492,77,415
111001123,753,108,645
111900001,179,45,134
111900002,284,126,158
111900003,7,173,-166
111900004,16,48,-32
111900006,128,132,-4
111900007,899,6,893
111900008,954,1,953
111900009,718,9,709
111900010,57,144,-87
111900012,64,20,44
111900013,75,12,63
111900014,1877,12351,-10474
111900015,0,33,-33
111900016,0,26,-26
111900017,0,29,-29
111900018,295,17,278
111900019,2,155,-153
111900020,4,19,-15
111900021,6,18,-12
111900022,6,7,-1
111900023,99,38,61
111900024,12,398,-386
111900025,0,20,-20
111900026,0,32,-32
111900027,2,31,-29
111900028,1,77,-76
111900029,2,12,-10
111900030,27,218,-191
111900031,108,117,-9
111900032,0,84,-84
111900033,31,14,17
111900034,22,164,-142
111900035,169,1859,-1690
111900036,0,58,-58
111900038,56,148,-92
111900039,13,408,-395
111900040,0,128,-128
111900042,11,53,-42
111900043,1,136,-135
111900044,61,103,-42
111900046,8,56,-48
111900048,1154,754,400
111900049,2,57,-55
111900050,453,33,420
111900051,8,104,-96
111900052,87,56,31
111900053,498,4924,-4426
111900054,893,16,877
111900055,5,90,-85
111900056,118,501,-383
111900057,614,5,609
111900058,1833,313,1520
111900059,1025,1604,-579
111900060,1140,0,1140
111900061,7,68,-61
111900062,131,543,-412
111900063,718,87,631
111900064,12,58,-46
111900065,474,52,422
111900066,284,66,218
111900067,0,95,-95
111900068,51,196,-145
111900069,140,19,121
111900070,466,22,444
111900071,1,49,-48
111900072,50,99,-49
111900073,2694,317,2377
111900074,4,76,-72
111900075,64,4,60
111900076,812,141,671
111900077,62,2,60
111900078,1128,91,1037
111900079,49,109,-60
111900080,111,241,-130
111900081,216,151,65
111900082,460,114,346
111900083,748,87,661
111900084,327,36,291
111900085,90,80,10
111900086,292,23,269
111900087,191,7,184
111900088,1909,53,1856
111900089,215,1,214
111900090,61,202,-141
111900091,1669,26,1643
111900092,356,1,355
111900093,1364,75,1289
111900094,336,2,334
111900095,1128,48,1080
111900096,605,8,597
111900097,269,0,269
111900098,1124,50,1074
111900099,135,0,135
111900100,299,5,294
111900101,463,10,453
111900102,1740,1332,408
111900103,75,99,-24
111900104,167,40,127
111900105,164,487,-323
111900106,356,27,329
111900107,12,68,-56
111900108,479,613,-134
111900109,611,1332,-721
111900110,3394,202,3192
111900111,949,9,940
111900112,210,9572,-9362
111900113,407,92,315
111900114,172,44,128
111900115,41,9,32
111900118,615,94,521
111900119,287,172,115
111900122,16,98,-82
111900123,19,22,-3
111900124,57,36,21
111900125,1669,110,1559
111900126,1678,1,1677
111900127,3,122,-119
111900128,63,151,-88
111900129,797,17,780
111900130,360,114,246
111900131,1564,2,1562
111900132,43,398,-355
111900133,0,208,-208
111900134,4,57,-53
111900135,19,20,-1
111900136,53,77,-24
111900137,35,10,25
111900138,23,17,6
111900139,64,36,28
111900140,177,21,156
111900141,184,2,182
111900142,151,6,145
111900143,201,133,68
111900144,0,15,-15
111900145,3,156,-153
111900146,0,62,-62
111900147,12,191,-179
111900148,8,613,-605
111900149,21,140,-119
111900150,14,40,-26
111900151,2,22,-20
111900152,90,30,60
111900153,480,796,-316
111900154,34,1459,-1425
111900155,94,275,-181
111900156,108,71,37
111900157,364,26,338
111900158,1253,146,1107
111900159,1088,191,897
111900160,825,14,811
111900161,1059,1,1058
111900162,172,730,-558
111900163,17,68,-51
111900164,120,49,71
111901113,2282,91,2191
111901114,802,2344,-1542
111901115,817,7,810
111901116,98,24,74
111901117,53,188,-135
111901118,9,1485,-1476
111901119,227,12,215
111901120,12,37,-25
111901121,38,57,-19
111901122,9,123,-114
111901123,1107,62,1045
111901124,764,35,729
111901125,2876,216,2660
111901126,450,246,204
111901127,2464,3468,-1004
111901128,13,46,-33
111901129,5,71,-66
111901130,8,215,-207
111901131,2,134,-132
111901132,113,59,54
111901133,230,2,228
111901134,486,1,485
111901135,99,4,95
111901136,97,11,86
111901137,1,21,-20
111901138,8,21,-13
111901139,5,34,-29
111901140,8,38,-30
111901141,0,56,-56
111901142,1,44,-43
111901143,1,67,-66
111901144,28,36,-8
111901145,37,352,-315
111901146,35,8,27
112000001,4651,942,3709
112000002,1271,2505,-1234
112000003,8152,1362,6790
112000004,2318,507,1811
112000005,6421,5890,531
112000006,819,522,297
112000007,7777,4924,2853
112000008,5909,5393,516
112000009,3064,995,2069
112000010,6976,6269,707
112000011,1944,962,982
112000012,4715,5369,-654
112000013,1427,2101,-674
112000014,880,4348,-3468
112000015,1148,3396,-2248
112000016,3049,4607,-1558
112000017,478,5235,-4757
112000024,503,197,306
112000026,2352,1060,1292
112000027,868,568,300
112000028,698,779,-81
112000029,1156,992,164
112000030,135,18,117
112000031,1414,4819,-3405
112000032,97,11,86
112000033,2426,5086,-2660
112000034,74,23,51
112000035,64,849,-785
112000036,157,1352,-1195
112000037,822,2707,-1885
112000038,1286,1573,-287
112000039,283,44,239
112000040,33,206,-173
112000041,494,385,109
112000042,498,70,428
112000050,1627,673,954
112000051,1680,4275,-2595
112000054,1524,1233,291
112000057,605,135,470
112000058,409,335,74
112000059,749,643,106
112000061,2521,443,2078
112000062,462,1269,-807
112000063,239,4638,-4399
112000064,2682,1921,761
112000065,781,959,-178
112000066,3780,1326,2454
112000067,434,352,82
112000068,4044,2118,1926
112000069,651,1457,-806
112000070,1883,692,1191
112000071,1739,1524,215
112000072,4783,647,4136
112000073,1456,2162,-706
112000074,1215,1148,67
112000075,1775,1625,150
112000076,4248,2359,1889
112000077,1844,552,1292
112000078,3742,843,2899
112000079,3563,1420,2143
112000080,1444,627,817
112000081,981,1123,-142
112000082,2053,424,1629
112000083,1576,632,944
112000084,1819,327,1492
112000085,2379,315,2064
112000086,4029,490,3539
112000087,1574,122,1452
112000088,1833,201,1632
112000089,459,239,220
112000090,323,200,123
112000091,865,268,597
112000092,3903,476,3427
112000093,2274,377,1897
112000094,972,405,567
112000095,1333,232,1101
112000096,1258,323,935
112000097,5138,490,4648
112000098,541,453,88
112000099,1397,2907,-1510
112000100,4970,649,4321
112000101,1097,430,667
112000102,3869,249,3620
112000103,763,318,445
112000105,588,362,226
112000106,5121,231,4890
112000107,162,116,46
112000108,1879,611,1268
112000109,151,59,92
112000110,3935,627,3308
112000111,677,1286,-609
112000112,3747,256,3491
112000113,1576,1963,-387
112000114,4797,512,4285
112000115,636,240,396
112000116,1286,529,757
112000117,2221,474,1747
112000118,698,525,173
112000119,708,340,368
112000120,64,114,-50
112000121,605,164,441
112000122,1096,59,1037
112000123,1619,64,1555
112000124,988,77,911
112000125,632,349,283
112000126,1892,148,1744
112000127,2533,2557,-24
112000128,1094,599,495
112000129,313,30,283
112000130,903,125,778
112000131,69,56,13
112000132,368,135,233
112000133,1096,84,1012
112000134,1314,193,1121
112000135,2425,1963,462
112000136,1337,5620,-4283
112000137,2747,3582,-835
112000138,1824,1026,798
112000139,730,841,-111
112000140,179,493,-314
112000141,2130,385,1745
112000142,280,234,46
112000143,2586,196,2390
112000144,499,550,-51
112000145,5159,358,4801
112000146,1348,652,696
112000147,3457,1331,2126
112000148,1264,671,593
112000149,1680,491,1189
112000150,846,270,576
112000151,1115,159,956
112000152,1503,200,1303
112000153,1080,116,964
112000154,329,827,-498
112000155,214,127,87
112000157,461,997,-536
112000158,559,127,432
112000159,2882,275,2607
112000167,625,386,239
112000169,164,1181,-1017
112000173,2871,143,2728
112000175,1412,286,1126
112000176,667,1280,-613
112000177,2438,491,1947
112000178,116,138,-22
112000179,724,148,576
112000180,650,121,529
112000181,1324,458,866
112000182,4083,325,3758
112000183,93,18,75
112000184,1115,243,872
112000185,2143,161,1982
112000187,6112,4715,1397
112000195,474,2,472
112000196,195,3,192
112000197,104,75,29
112000198,25,160,-135
112000199,541,439,102
112000202,2287,1,2286
112000216,40,125,-85
112000230,359,2,357
112000231,2,59,-57
112000256,130,458,-328
112000313,426,16,410
112000314,106,93,13
112000337,320,738,-418
112000352,243,300,-57
112000392,1881,565,1316
112000398,3637,544,3093
112000399,1117,6697,-5580
112000400,1509,742,767
112000401,1241,833,408
112000402,5311,5475,-164
112000403,1669,11128,-9459
112000404,2633,1346,1287
112000405,5111,2847,2264
112000406,3254,1307,1947
112000407,15405,8600,6805
112000408,5853,1438,4415
112000409,1937,1111,826
112000410,294,373,-79
112000411,1507,2281,-774
112000412,351,262,89
112000413,4044,11561,-7517
112000414,299,25,274
112000415,297,25,272
112000416,7390,734,6656
112000417,436,82,354
112000421,187,21,166
112000422,501,128,373
112000424,877,5489,-4612
112000425,745,229,516
112000426,653,494,159
112000427,1,19,-18
112000428,627,718,-91
112000429,2210,1718,492
112000430,2858,3936,-1078
112000431,423,240,183
112000432,1287,409,878
112000433,187,487,-300
112000437,112,95,17
112900001,101,2,99
112900002,1556,172,1384
112900003,54,59,-5
112900004,135,170,-35
112900005,671,36,635
112900006,152,74,78
112900007,138,67,71
112900008,2,202,-200
112900009,755,345,410
112900010,597,183,414
112900011,94,150,-56
112900012,0,4,-4
112900013,5,431,-426
112900014,6,64,-58
112900015,40,156,-116
112900016,2,189,-187
112900017,94,178,-84
112900018,2,263,-261
112900019,21,145,-124
112900020,232,298,-66
112900021,0,116,-116
112900022,54,40,14
112900023,1,50,-49
112900024,5,47,-42
112900025,305,111,194
112900026,3,49,-46
112900027,3,197,-194
112900028,151,31,120
112900029,20,90,-70
112900030,423,46,377
112900031,12,390,-378
112900032,296,89,207
112900034,0,22,-22
112900035,3,93,-90
112900036,23,78,-55
112900037,168,253,-85
112900038,1727,45,1682
112900039,4,142,-138
112900040,0,198,-198
112900041,511,1210,-699
112900042,281,140,141
112900043,33,41,-8
112900044,105,150,-45
112900045,213,112,101
112900046,24,41,-17
112900047,4,2,2
112900049,980,26,954
112900050,3,274,-271
112900051,192,198,-6
112900052,69,342,-273
112900053,106,329,-223
112900054,55,75,-20
112900055,79,10,69
112900056,320,162,158
112900057,98,195,-97
112900058,403,460,-57
112900059,137,165,-28
112900060,60,54,6
112900061,40,67,-27
112900062,97,30,67
112900063,19,35,-16
112900064,34,35,-1
112900065,27,18,9
112900066,361,711,-350
112900067,263,53,210
112900068,51,171,-120
112900069,891,1911,-1020
112900071,35,12,23
112900072,40,9795,-9755
112900073,557,485,72
112900074,193,755,-562
112900075,558,2840,-2282
112900076,47,27,20
112900078,325,997,-672
112900079,331,147,184
112900080,511,2,509
112900081,53,784,-731
112900082,751,43,708
112900083,405,369,36
112900084,538,504,34
112900085,0,23,-23
112900086,337,0,337
112900087,3478,258,3220
112900088,616,11,605
112900089,1648,37,1611
112900090,231,175,56
112900091,751,16,735
112900092,36,1315,-1279
112900093,1957,47,1910
112900094,323,7,316
112900095,382,0,382
112900096,1193,269,924
112900097,211,137,74
112900098,249,2,247
112900099,2535,22,2513
112900100,268,14,254
112900101,736,4,732
112900102,117,125,-8
112900103,492,10,482
112900104,135,1,134
112900105,91,1,90
112900106,910,172,738
112900107,20,1,19
112900108,0,10,-10
112900109,459,1,458
112900110,3331,30,3301
112900111,1345,8,1337
112900112,699,0,699
112900113,0,12,-12
112900114,1100,8,1092
112900115,5001,13,4988
112900116,248,22,226
112900117,96,17,79
112900118,2,34,-32
112900119,1087,4,1083
112900120,388,250,138
112900121,36,67,-31
112900122,21,41,-20
112900123,1090,21,1069
112900124,9,35,-26
112900125,33,317,-284
112900126,72,68,4
112900127,1135,41,1094
112900128,61,234,-173
112900129,1,271,-270
112900130,333,126,207
112900131,1,155,-154
112900132,86,615,-529
112900133,26,1758,-1732
112900134,0,236,-236
112900135,134,110,24
112900136,0,28,-28
112900137,1,192,-191
112900138,5,70,-65
112900139,28,449,-421
112900140,0,65,-65
112900141,1286,25,1261
112900142,36,458,-422
112900143,5,203,-198
112900144,0,115,-115
112900145,3,171,-168
112900146,4,204,-200
112900147,0,219,-219
112900148,53,3,50
112900149,307,199,108
112900151,1,19,-18
112900152,2530,273,2257
112900153,766,7020,-6254
112900154,0,21,-21
112900155,227,32,195
112900156,1633,262,1371
112900157,1032,5,1027
112900158,158,2,156
112900159,249,399,-150
112900160,26,97,-71
112900161,366,79,287
112900162,3,18,-15
112900163,9,64,-55
112900164,20,143,-123
112900165,44,33,11
112900166,36,135,-99
112900167,9,1396,-1387
112900168,5,1,4
112900169,4,10,-6
112900170,199,51,148
112900172,40,32,8
112900173,161,86,75
112900174,702,33,669
112900175,241,327,-86
112900176,40,89,-49
112900177,339,82,257
112900178,518,5256,-4738
112900179,13,313,-300
112900180,3629,732,2897
112900181,2153,10,2143
112900182,76,305,-229
112900183,28,175,-147
112900184,175,287,-112
112900185,57,346,-289
112900186,647,786,-139
112900187,85,281,-196
112900188,480,1847,-1367
112900189,44,3,41
112900190,30,0,30
112900192,656,400,256
112900193,1001,275,726
112900194,130,8,122
112900195,1042,67,975
112900196,321,207,114
112900197,82,292,-210
112900199,1259,138,1121
112900200,996,52,944
112900201,289,212,77
112900202,1335,375,960
112900203,663,55,608
112900204,710,172,538
112900205,27,2,25
112900206,39,16,23
112900207,25,0,25
112900208,53,771,-718
112900209,78,101,-23
112900210,0,24,-24
112900211,158,3,155
112900212,0,6,-6
112900213,92,2,90
112900214,16,27,-11
112900215,7,21,-14
112900216,65,24,41
112900217,34,33,1
112900218,157,2,155
112900219,294,31,263
112900220,0,0,0
112900221,80,54,26
112900222,4,961,-957
112900223,1306,44,1262
112900224,2148,120,2028
112900225,1075,125,950
112900226,116,293,-177
112900227,2306,2383,-77
112900228,112,20,92
112900229,771,12,759
112900230,6778,3247,3531
112900232,548,450,98
112900233,149,36,113
112900234,112,1,111
112900235,3,2,1
112900236,1588,20,1568
112900237,1215,112,1103
112900238,24,0,24
112900239,271,1177,-906
113000001,7491,4685,2806
113000002,8526,3852,4674
113000003,2477,1499,978
113000004,3387,1676,1711
113000005,3022,1378,1644
113000006,2755,1360,1395
113000007,3708,1301,2407
113000008,3354,1247,2107
113000009,2061,664,1397
113000010,2978,926,2052
113000011,963,932,31
113000012,1752,991,761
113000013,545,520,25
113000014,930,1173,-243
113000015,159,238,-79
113000016,259,488,-229
113000017,198,369,-171
113000018,862,35,827
113000019,437,418,19
113000020,278,39,239
113000021,3584,817,2767
113000022,1612,2404,-792
113000025,44,194,-150
113000026,1216,545,671
113000027,1030,763,267
113000028,903,1375,-472
113000029,738,448,290
113000030,98,614,-516
113000031,226,264,-38
113000032,173,97,76
113000033,263,104,159
113000034,170,77,93
113000035,38,9,29
113000036,15,50,-35
113000037,49,16,33
113000038,19,50,-31
113000039,12,206,-194
113000040,63,31,32
113000042,1289,617,672
113000051,2498,3377,-879
113000052,3267,420,2847
113000053,1167,262,905
113000054,1459,1016,443
113000055,3575,350,3225
113000056,3592,892,2700
113000058,440,875,-435
113000059,1001,308,693
113000060,466,624,-158
113000061,1060,1048,12
113000062,393,358,35
113000063,836,21,815
113000064,182,188,-6
113000065,299,266,33
113000066,1945,153,1792
113000067,6466,322,6144
113000068,691,340,351
113000069,998,311,687
113000070,5335,430,4905
113000071,1034,395,639
113000072,2491,305,2186
113000073,622,861,-239
113000074,1325,538,787
113000075,2608,792,1816
113000076,558,1717,-1159
113000077,552,571,-19
113000078,409,1618,-1209
113000079,362,508,-146
113000080,469,698,-229
113000081,1606,2211,-605
113000082,1101,485,616
113000083,884,876,8
113000084,1287,1155,132
113000085,1569,844,725
113000086,771,2028,-1257
113000087,1824,2051,-227
113000088,1786,1497,289
113000089,987,1344,-357
113000090,90,1009,-919
113000091,122,257,-135
113000094,2399,266,2133
113000095,271,419,-148
113000096,68,604,-536
113000097,1478,490,988
113000098,98,59,39
113000099,1502,807,695
113000100,169,495,-326
113000101,139,456,-317
113000102,1005,539,466
113000103,3947,385,3562
113000104,1165,3174,-2009
113000105,1574,482,1092
113000106,860,142,718
113000107,2107,1087,1020
113000108,1346,457,889
113000109,499,1138,-639
113000110,8475,924,7551
113000111,364,469,-105
113000112,1209,330,879
113000113,2703,372,2331
113000114,142,923,-781
113000116,531,220,311
113000117,571,172,399
113000118,42,1165,-1123
113000119,441,316,125
113000120,80,401,-321
113000121,572,826,-254
113000124,372,125,247
113000125,20,1711,-1691
113000127,828,70,758
113000128,1692,199,1493
113000129,301,1160,-859
113000133,2169,450,1719
113000134,13,2531,-2518
113000135,5271,4982,289
113000137,811,3677,-2866
113000139,268,111,157
113000140,54,61,-7
113000141,102,36,66
113000142,257,190,67
113000143,422,124,298
113000144,218,238,-20
113000145,189,83,106
113000146,153,30,123
113000147,311,63,248
113000148,468,64,404
113000149,330,243,87
113000150,599,243,356
113000151,24,20,4
113000152,75,284,-209
113000153,1014,192,822
113000154,509,2592,-2083
113000155,457,1168,-711
113000156,243,110,133
113000157,340,136,204
113000158,875,60,815
113000159,1721,129,1592
113000160,579,211,368
113000161,471,142,329
113000162,1353,103,1250
113000163,112,18,94
113000164,17,139,-122
113000166,557,34,523
113000167,118,15,103
113000168,287,55,232
113000169,356,15,341
113000170,118,41,77
113000171,34,53,-19
113000172,574,27,547
113000173,96,31,65
113000174,232,117,115
113000175,1171,51,1120
113000176,1059,61,998
113000177,266,65,201
113000178,233,67,166
113000179,500,34,466
113000180,1366,1776,-410
113000181,2485,991,1494
113000182,84,784,-700
113000183,163,902,-739
113000184,6,91,-85
113000189,328,284,44
113000190,236,152,84
113000192,495,3298,-2803
113000193,1601,2437,-836
113000194,1195,4512,-3317
113000195,2149,2542,-393
113000196,1138,117,1021
113000197,2269,4201,-1932
113000198,149,483,-334
113000199,3122,500,2622
113000201,1337,381,956
113000202,9977,2771,7206
113000203,133,605,-472
113000204,492,3393,-2901
113000205,20,3,17
113000206,1,43,-42
113000207,169,5,164
113000208,57,49,8
113000209,25,5,20
113000210,15,29,-14
113000211,67,119,-52
113000212,24,12,12
113000213,29,120,-91
113000214,367,366,1
113000234,268,198,70
113000410,40,181,-141
113000411,1355,1336,19
113000412,6371,928,5443
113000413,1012,1346,-334
113000414,3740,15625,-11885
113000415,2197,1121,1076
113000416,1822,2034,-212
113000417,783,1417,-634
113000418,5213,3553,1660
113000419,1648,1640,8
113000420,3135,6385,-3250
113000421,5517,7264,-1747
113000422,7761,10092,-2331
113000423,1186,3626,-2440
113000424,1328,9552,-8224
113000425,2,91,-89
113000428,75,8,67
113000430,5,173,-168
113000432,5568,333,5235
113000433,28,482,-454
113000434,20,100,-80
113000435,15,122,-107
113000436,21,516,-495
113000437,3279,44,3235
113000438,1087,12,1075
113000439,42,39,3
113000440,373,32,341
113000441,376,243,133
113000442,435,25,410
113000443,810,135,675
113000444,1200,42,1158
113000445,124,80,44
113000446,57,202,-145
113000448,348,644,-296
113000449,174,1546,-1372
113000450,945,5516,-4571
113000451,3258,868,2390
113000452,59,825,-766
113000453,15,706,-691
113000454,208,117,91
113000455,6,797,-791
113000456,718,1906,-1188
113000468,638,128,510
113000469,108,346,-238
113000470,475,18,457
113000471,11,507,-496
113000472,87,224,-137
113000474,2001,875,1126
113000475,1705,801,904
113000476,4195,2472,1723
113000477,6432,2607,3825
113000478,3156,2835,321
113000479,178,107,71
113000480,275,283,-8
113000481,0,0,0
113000482,0,0,0
113000483,0,0,0
113000484,0,1,-1
113000485,0,0,0
113000486,0,0,0
113000487,0,0,0
113000488,0,0,0
113000489,0,0,0
113000490,0,0,0
113000491,0,0,0
113000492,0,0,0
113000493,0,0,0
113000495,321,71,250
113000496,178,153,25
113000497,0,0,0
113000499,0,0,0
113000500,0,1,-1
113900001,19,2247,-2228
113900002,0,121,-121
113900003,1,214,-213
113900004,3,315,-312
113900005,4,637,-633
113900006,2,102,-100
113900007,27,109,-82
113900008,21,0,21
113900009,54,0,54
113900010,35,0,35
113900011,514,3,511
113900012,175,0,175
113900013,138,1,137
113900014,1343,9,1334
113900015,0,15,-15
113900016,40,0,40
113900017,1,9,-8
113900018,57,196,-139
113900019,475,10,465
113900020,604,1,603
113900022,168,1,167
113900023,112,0,112
113900024,18,8,10
113900025,449,59,390
113900026,242,2,240
113900027,104,27,77
113900028,7,237,-230
113900029,151,30,121
113900030,929,0,929
113900031,83,15,68
113900032,62,0,62
113900033,42,28,14
113900035,151,1,150
113900036,83,72,11
113900037,188,1334,-1146
113900038,26,222,-196
113900039,582,43,539
113900040,3,28,-25
113900041,70,2,68
113900042,79,18,61
113900043,151,33,118
113900044,80,204,-124
113900045,147,1,146
113900046,165,446,-281
113900047,317,14,303
113900048,229,223,6
113900049,101,676,-575
113900050,395,214,181
113900051,410,70,340
113900052,63,149,-86
113900053,422,1391,-969
113900054,28,2,26
113900055,129,407,-278
113900056,150,8,142
113900057,5,20,-15
113900058,163,11,152
113900059,467,86,381
113900060,77,1613,-1536
113900061,525,110,415
113900062,165,58,107
113900063,298,16,282
113900064,18,40,-22
113900065,963,9,954
113900066,1475,63,1412
113900067,767,243,524
113900068,332,1482,-1150
113900069,44,80,-36
113900070,75,111,-36
113900071,248,21,227
113900072,50,33,17
113900073,954,261,693
113900074,703,933,-230
113900075,503,3402,-2899
113900076,134,10,124
113900077,49,63,-14
113900078,93,9,84
113900079,0,12,-12
113900080,624,141,483
113900081,142,48,94
113900082,385,267,118
113900083,1178,121,1057
113900084,224,58,166
113900085,27,105,-78
113900086,120,37,83
113900087,210,237,-27
113900088,151,114,37
113900089,710,27,683
113900090,379,216,163
113900091,3,16,-13
113900092,31,95,-64
113900093,20,2524,-2504
113900094,1484,256,1228
113900095,255,61,194
113900096,563,213,350
113900097,31,92,-61
113900098,1319,306,1013
113900099,1,13,-12
113900100,0,1,-1
113900101,2,78,-76
113900102,57,103,-46
113900103,275,533,-258
113900104,139,107,32
113900105,658,23,635
113900106,0,5,-5
113900107,6,17,-11
113900108,71,225,-154
113900109,303,372,-69
113900110,52,52,0
113900111,374,55,319
113900112,367,43,324
113900113,1497,473,1024
113900114,0,19,-19
113900115,0,7,-7
113900116,6,219,-213
113900117,17,12,5
113900118,100,1785,-1685
113900119,24,234,-210
113900120,181,41,140
113900121,227,62,165
113900122,122,6395,-6273
113900123,639,103,536
113900124,1,50,-49
113900125,679,110,569
113900126,74,54,20
113900127,338,883,-545
113900128,443,66,377
113900129,2,77,-75
113900130,0,32,-32
113900131,319,25,294
113900132,35,78,-43
113900133,26,23,3
113900135,393,203,190
113900136,92,18,74
113900137,406,188,218
113900138,25,258,-233
113900139,437,497,-60
113900140,21,133,-112
113900141,1163,166,997
113900142,123,46,77
113900143,2,104,-102
113900144,44,52,-8
113900145,408,66,342
113900146,450,136,314
113900148,25,78,-53
113900149,234,159,75
113900150,439,147,292
113900151,766,142,624
113900152,75,59,16
113900153,70,127,-57
113900154,3,125,-122
113900155,148,244,-96
113900156,216,221,-5
113900157,79,419,-340
113900158,121,128,-7
113900159,8,351,-343
113900160,393,729,-336
113900161,196,285,-89
113900162,119,162,-43
113900163,488,68,420
113900164,604,16,588
113900165,467,306,161
113900166,10,77,-67
113900167,624,33,591
113900168,57,25,32
113900169,148,163,-15
113900171,444,90,354
113900172,40,52,-12
113900173,7,159,-152
113900174,307,283,24
113900175,358,241,117
113900176,251,168,83
113900177,159,46,113
113900178,275,361,-86
113900179,14,124,-110
113900180,137,21,116
113900181,1652,203,1449
113900182,797,263,534
113900183,107,10,97
113900184,43,190,-147
113900185,61,19,42
113900186,12,9,3
113900187,20,71,-51
113900188,26,32,-6
113900189,306,162,144
113900190,106,29,77
113900191,14,50,-36
113900192,6,1205,-1199
113900193,17,75,-58
113900194,682,322,360
113900195,176,145,31
113900196,1,31,-30
113900197,2,48,-46
113900198,10,199,-189
113900199,36,147,-111
113900200,2,26,-24
113900201,0,47,-47
113900202,8,26,-18
113900203,0,59,-59
113900204,15,135,-120
113900205,0,15,-15
113900206,1,60,-59
113900207,1,50,-49
113900208,0,17,-17
113900209,0,9,-9
113900210,486,917,-431
113900211,259,19,240
113900212,601,198,403
113900214,178,241,-63
113900215,230,45,185
113900216,262,260,2
113900217,225,108,117
113900218,120,49,71
113900219,83,184,-101
113900220,227,207,20
113900221,392,990,-598
113900222,40,802,-762
113900223,668,156,512
113900224,37,30,7
113900225,1669,107,1562
113900226,337,149,188
113900227,293,409,-116
113900228,316,659,-343
113900229,11,1478,-1467
113900230,2235,4103,-1868
113900231,148,34,114
113900232,106,6,100
113900233,219,20,199
113900234,574,489,85
113900235,260,37,223
113900236,689,90,599
113900237,430,16,414
113900238,105,373,-268
113900239,66,92,-26
113900240,2,151,-149
113900241,39,30,9
113900242,28,93,-65
113900243,20,100,-80
113900244,137,70,67
113900245,341,192,149
113900246,2,65,-63
113900247,47,865,-818
113900248,1690,2674,-984
113900249,199,938,-739
113900250,57,709,-652
113900251,1917,54,1863
113900252,1120,27,1093
113900253,983,45,938
113900254,460,146,314
113900255,1672,10,1662
113900256,909,11,898
113900257,24,221,-197
113900258,57,144,-87
113900259,1231,86,1145
113900260,380,4,376
113900261,127,80,47
113900262,234,155,79
113900263,3,116,-113
113900264,0,131,-131
113900265,142,2639,-2497
113900266,25,102,-77
113900267,125,444,-319
113900268,121,2061,-1940
113900269,77,213,-136
113900270,214,299,-85
113900271,806,235,571
113900273,25,8,17
113900274,75,90,-15
113900275,8,53,-45
113900276,6,53,-47
113900277,528,5,523
113900278,222,120,102
113900279,55,25,30
113900280,635,467,168
113900281,122,1045,-923
113900282,102,236,-134
113900283,475,432,43
113900284,2166,138,2028
113900285,124,17,107
113900286,322,52,270
113900287,296,26,270
113900288,1,86,-85
113900289,240,224,16
113900290,478,1153,-675
113900291,114,47,67
113900292,5,21,-16
113900293,0,165,-165
113900294,1290,13,1277
113900295,494,104,390
113900296,732,245,487
113900297,3133,45,3088
113900298,35,1574,-1539
113900299,228,12,216
113900300,5368,6216,-848
113900301,243,1386,-1143
113900302,2169,1382,787
113900303,123,1866,-1743
113900304,1,124,-123
113900305,382,0,382
113900306,303,2,301
113900307,3,0,3
113900308,23,36,-13
113900309,1,200,-199
113900310,2,4,-2
113900311,18,1,17
113900312,51,164,-113
113900313,2,5,-3
114000001,1314,1044,270
114000002,721,222,499
114000003,380,247,133
114000004,1549,148,1401
114000005,1297,197,1100
114000006,1792,659,1133
114000007,1677,614,1063
114000008,3069,1620,1449
114000009,2881,298,2583
114000011,4622,1617,3005
114000012,7272,1951,5321
114000013,4074,1878,2196
114000014,1564,74,1490
114000015,4457,276,4181
114000016,926,80,846
114000017,115,1879,-1764
114000018,115,11,104
114000026,6595,1029,5566
114000027,9264,3159,6105
114000028,2491,3840,-1349
114000038,842,143,699
114000039,202,8,194
114000040,272,884,-612
114000042,224,132,92
114000043,59,59,0
114000044,966,27,939
114000045,69,34,35
114000046,2272,4265,-1993
114000047,20,145,-125
114000048,324,7,317
114000049,3813,1316,2497
114000050,3082,871,2211
114000051,5085,1885,3200
114000052,5011,5014,-3
114000053,32,1017,-985
114000054,359,938,-579
114000055,756,159,597
114000056,137,583,-446
114000057,3823,1402,2421
114000058,87,1191,-1104
114000059,30,2564,-2534
114000060,1072,692,380
114000061,3033,2831,202
114000062,544,981,-437
114000063,1678,1458,220
114000064,2020,5536,-3516
114000065,1548,1393,155
114000066,1673,827,846
114000067,52,2555,-2503
114000068,564,1341,-777
114000069,2062,361,1701
114000070,2574,1100,1474
114000071,1788,286,1502
114000072,2569,483,2086
114000073,23,12,11
114000074,261,5,256
114000075,161,73,88
114000076,78,39,39
114000077,17,4,13
114000078,1068,797,271
114000079,657,216,441
114000080,327,115,212
114000081,205,101,104
114000082,340,187,153
114000083,167,46,121
114000084,520,177,343
114000085,185,170,15
114000086,530,486,44
114000087,676,65,611
114000088,126,35,91
114000089,672,336,336
114000090,1248,1004,244
114000091,1153,837,316
114000092,984,501,483
114000093,2576,547,2029
114000094,1049,395,654
114000095,469,434,35
114000096,125,161,-36
114000097,209,241,-32
114000098,1753,138,1615
114000099,2294,88,2206
114000100,3855,412,3443
114000101,1122,317,805
114000102,1962,245,1717
114000103,331,108,223
114000104,24,375,-351
114000105,642,195,447
114000106,967,4935,-3968
114000107,1019,262,757
114000108,762,476,286
114000109,1267,4143,-2876
114000110,1990,430,1560
114000111,4980,2448,2532
114000112,804,540,264
114000113,2161,319,1842
114000114,450,433,17
114000115,3151,616,2535
114000116,1483,2075,-592
114000117,8435,640,7795
114000118,8094,399,7695
114000119,6530,462,6068
114000120,1808,551,1257
114000121,693,343,350
114000122,668,345,323
114000123,5725,325,5400
114000124,3725,295,3430
114000125,1521,1450,71
114000126,3821,526,3295
114000127,426,135,291
114000128,2019,200,1819
114000130,1016,508,508
114000131,809,87,722
114000132,1946,171,1775
114000133,1296,718,578
114000134,288,12,276
114000138,67,56,11
114000139,777,488,289
114000144,958,1053,-95
114000145,236,25,211
114000146,404,20,384
114000147,1357,3309,-1952
114000148,851,2935,-2084
114000149,497,285,212
114000150,374,636,-262
114000151,397,3135,-2738
114000152,121,98,23
114000153,875,1822,-947
114000154,1283,421,862
114000155,1006,6248,-5242
114000156,1017,833,184
114000157,766,2575,-1809
114000158,633,442,191
114000159,454,159,295
114000160,293,213,80
114000161,1149,1397,-248
114000162,1399,2645,-1246
114000163,85,30,55
114000165,567,520,47
114000166,573,328,245
114000167,2857,3833,-976
114000168,457,144,313
114000169,1240,1244,-4
114000170,1055,911,144
114000171,1580,7766,-6186
114000174,164,810,-646
114000176,180,558,-378
114000177,569,308,261
114000178,279,192,87
114000179,1250,647,603
114000180,179,189,-10
114000181,1560,11842,-10282
114000182,1088,2888,-1800
114000183,739,1649,-910
114000184,465,352,113
114000185,2594,815,1779
114000189,3639,156,3483
114000190,6565,605,5960
114000191,271,1038,-767
114000192,120,416,-296
114000193,145,536,-391
114000194,4144,639,3505
114000195,721,839,-118
114000196,1,91,-90
114000197,4228,23,4205
114000198,1069,247,822
114000199,1367,1473,-106
114000200,1308,791,517
114000201,385,873,-488
114000202,1416,611,805
114000203,1162,435,727
114000204,346,346,0
114000205,920,5420,-4500
114000206,1488,879,609
114000207,470,697,-227
114000208,1067,594,473
114000209,646,927,-281
114000210,319,571,-252
114000211,3320,925,2395
114000212,1757,2873,-1116
114000213,3724,484,3240
114000214,398,40,358
114000215,257,130,127
114000216,4052,585,3467
114000217,892,208,684
114000218,1095,366,729
114000219,3499,150,3349
114000220,57,419,-362
114000221,2791,236,2555
114000222,274,363,-89
114000223,1475,166,1309
114000224,75,354,-279
114000225,918,208,710
114000226,434,142,292
114000227,1526,755,771
114000228,1915,342,1573
114000229,3084,853,2231
114000230,2516,550,1966
114000231,1207,1701,-494
114000232,2245,132,2113
114000233,4548,96,4452
114000234,2001,522,1479
114000235,3487,955,2532
114000236,0,159,-159
114000237,136,377,-241
114000238,206,495,-289
114000239,270,711,-441
114000240,1451,5954,-4503
114000241,384,845,-461
114000242,931,1213,-282
114000243,4022,1385,2637
114000244,695,445,250
114000245,692,2704,-2012
114000246,178,364,-186
114000247,792,484,308
114000248,3298,590,2708
114000249,1271,322,949
114000250,1811,192,1619
114000251,604,122,482
114000252,116,31,85
114000253,312,113,199
114000254,89,23,66
114000255,716,301,415
114000256,674,758,-84
114000257,1283,1113,170
114000258,1622,307,1315
114000259,402,532,-130
114000260,1,52,-51
114000261,74,43,31
114000262,759,629,130
114000263,19,2,17
114000264,4160,303,3857
114000265,0,9,-9
114000267,7,5186,-5179
114000268,2,568,-566
114000270,641,33,608
114000271,316,76,240
114000283,3810,407,3403
114000285,43,102,-59
114000288,329,305,24
114000289,3832,167,3665
114000293,592,603,-11
114000294,361,718,-357
114000395,4780,17,4763
114000396,862,600,262
114000402,2082,156,1926
114000403,932,136,796
114000405,678,226,452
114000423,1591,114,1477
114000424,1183,188,995
114000425,3102,104,2998
114000426,631,1283,-652
114000427,122,71,51
114000428,83,128,-45
114000429,26,114,-88
114000432,293,23,270
114000434,63,23,40
114000435,3,17,-14
114000436,1672,218,1454
114000437,2203,20791,-18588
114900001,1430,207,1223
114900002,494,907,-413
114900003,1320,239,1081
114900004,322,1133,-811
114900005,781,120,661
114900006,148,273,-125
114900007,314,13,301
114900008,710,107,603
114900010,1054,2721,-1667
114900011,936,81,855
114900013,789,81,708
114900015,39,1288,-1249
114900018,1568,38,1530
114900020,151,91,60
114900022,21,969,-948
114900024,198,133,65
114900025,1077,77,1000
114900026,156,193,-37
114900027,250,109,141
114900029,51,13,38
114900030,605,157,448
114900031,1381,18,1363
114900032,1341,12,1329
114900033,455,3504,-3049
114900034,44,41,3
114900035,136,157,-21
114900036,355,176,179
114900037,263,48,215
114900038,670,257,413
114900039,1569,90,1479
114900040,291,23,268
114900041,3082,135,2947
114900042,3160,241,2919
114900043,652,107,545
114900044,318,95,223
114900046,48,39,9
114900047,342,7650,-7308
114900048,50,73,-23
114900049,9,86,-77
114900050,90,116,-26
114900051,21,253,-232
114900052,37,1597,-1560
114900053,66,614,-548
114900054,67,14,53
114900057,377,11,366
114900058,0,18,-18
114900059,309,101,208
114900060,235,576,-341
114900061,184,27,157
114900062,206,154,52
114900063,237,41,196
114900064,4045,163,3882
114900065,370,1201,-831
114900067,41,229,-188
114900068,45,83,-38
114900069,426,15,411
114900070,987,129,858
114900072,1,133,-132
114900073,1,20,-19
114900074,2612,143,2469
114900075,667,6,661
114900076,1,132,-131
114900080,462,74,388
114900082,1500,3676,-2176
114900083,225,796,-571
114900090,1393,151,1242
114900091,248,109,139
114900095,161,41,120
114900096,55,293,-238
114900097,822,0,822
114900098,1,128,-127
114900099,484,15,469
115000001,4952,1789,3163
115000002,5874,9412,-3538
115000003,5102,1531,3571
115000004,7563,7611,-48
115000005,2237,2431,-194
115000006,2336,1220,1116
115000007,242,192,50
115000008,571,738,-167
115000009,431,325,106
115000010,302,288,14
115000013,29,213,-184
115000015,64,416,-352
115000016,162,176,-14
115000019,46,962,-916
115000020,205,1937,-1732
115000021,60,456,-396
115000022,195,114,81
115000023,364,927,-563
115000024,525,105,420
115000025,1293,688,605
115000026,297,118,179
115000027,549,313,236
115000028,445,233,212
115000029,1852,90,1762
115000030,882,391,491
115000031,954,232,722
115000032,13,407,-394
115000033,320,8,312
115000034,40,1799,-1759
115000035,1066,220,846
115000036,1,277,-276
115000037,1201,152,1049
115000038,115,140,-25
115000039,2315,7090,-4775
115000040,4342,3563,779
115000041,1595,8364,-6769
115000042,622,816,-194
115000043,4075,3487,588
115000044,3302,3223,79
115000045,4388,605,3783
115000046,4869,2324,2545
115000047,4437,1408,3029
115000048,4607,2125,2482
115000049,2536,3506,-970
115000050,4621,895,3726
115000051,2250,7640,-5390
115000052,1323,965,358
115000053,4108,4040,68
115000054,1058,909,149
115000055,292,1366,-1074
115000056,187,367,-180
115000057,700,1563,-863
115000058,95,794,-699
115000059,71,374,-303
115000061,179,350,-171
115000062,490,685,-195
115000063,981,220,761
115000064,586,120,466
115000065,241,783,-542
115000067,442,38,404
115000069,102,447,-345
115000070,23,1652,-1629
115000071,165,54,111
115000072,14,35,-21
115000073,2827,136,2691
115000075,133,67,66
115000076,2939,1306,1633
115000077,3977,1148,2829
115000078,3968,765,3203
115000079,3328,1388,1940
115000080,7566,1116,6450
115000081,296,332,-36
115000082,9445,6157,3288
115000083,4756,712,4044
115000084,5255,565,4690
115000085,2817,567,2250
115000086,2283,471,1812
115000087,813,2304,-1491
115000088,1869,453,1416
115000089,1694,951,743
115000090,679,1089,-410
115000091,541,266,275
115000092,1552,1726,-174
115000093,1868,1,1867
115000094,5718,15090,-9372
115000095,3555,13078,-9523
115000096,1986,496,1490
115000097,4034,2809,1225
115000098,3574,373,3201
115000099,4950,987,3963
115000100,3427,533,2894
115000101,1075,586,489
115000102,973,156,817
115000103,530,347,183
115000105,171,27,144
115000106,1622,786,836
115000107,204,187,17
115000108,1993,1347,646
115000109,3786,8230,-4444
115000110,1371,3484,-2113
115000111,273,452,-179
115000112,697,683,14
115000113,445,425,20
115000114,849,385,464
115000116,2671,2285,386
115000117,1719,2975,-1256
115000118,2702,3400,-698
115000119,1967,4761,-2794
115000120,700,957,-257
115000121,442,783,-341
115000122,545,2078,-1533
115000123,1070,1211,-141
115000124,1209,1502,-293
115000125,592,834,-242
115000126,111,351,-240
115000127,640,110,530
115000128,865,989,-124
115000129,182,1237,-1055
115000130,544,556,-12
115000131,1719,342,1377
115000132,1266,1284,-18
115000133,1976,1292,684
115000134,623,1119,-496
115000135,264,925,-661
115000136,356,253,103
115000137,65,419,-354
115000138,684,363,321
115000139,275,95,180
115000140,625,151,474
115000141,329,66,263
115000142,274,38,236
115000143,1550,553,997
115000144,808,78,730
115000145,363,84,279
115000146,715,782,-67
115000147,565,1021,-456
115000148,663,431,232
115000149,1290,303,987
115000150,1320,238,1082
115000151,2508,243,2265
115000152,2161,566,1595
115000153,2910,287,2623
115000154,2282,185,2097
115000155,1729,882,847
115000156,1100,658,442
115000157,632,616,16
115000158,444,299,145
115000159,581,430,151
115000160,545,685,-140
115000161,1259,824,435
115000162,499,1768,-1269
115000163,539,370,169
115000164,328,383,-55
115000165,223,609,-386
115000167,188,109,79
115000168,702,675,27
115000169,484,866,-382
115000170,41,185,-144
115000171,344,363,-19
115000172,775,734,41
115000173,341,2060,-1719
115000174,78,579,-501
115000175,150,250,-100
115000176,81,178,-97
115000177,51,304,-253
115000178,9,152,-143
115000179,43,214,-171
115000180,277,271,6
115000181,2032,207,1825
115000182,2331,319,2012
115000183,863,441,422
115000186,731,178,553
115000187,298,215,83
115000188,722,439,283
115000189,482,808,-326
115000190,776,1286,-510
115000191,393,1198,-805
115000194,197,73,124
115000195,223,327,-104
115000196,781,421,360
115000197,753,252,501
115000198,1282,223,1059
115000199,1439,68,1371
115000200,1089,159,930
115000201,646,440,206
115000206,1120,40,1080
115000207,1277,319,958
115000208,410,730,-320
115000209,1350,824,526
115000210,480,297,183
115000211,307,248,59
115000212,1009,276,733
115000224,352,20,332
115000225,121,45,76
115000229,145,70,75
115000230,198,274,-76
115000231,858,535,323
115000232,5931,475,5456
115000233,188,154,34
115000234,44,197,-153
115000241,263,44,219
115000242,566,44,522
115000243,463,52,411
115000244,18,117,-99
115000246,35,50,-15
115000247,36,45,-9
115000248,32,3,29
115000249,16,31,-15
115000250,450,15,435
115000251,777,72,705
115000252,218,266,-48
115000253,8,787,-779
115000258,722,63,659
115000259,278,31,247
115000261,87,11,76
115000262,20,84,-64
115000263,26,67,-41
115000264,15,23,-8
115000267,41,31,10
115000268,32,34,-2
115000269,104,13,91
115000270,41,85,-44
115000272,139,47,92
115000273,1441,31,1410
115000280,1189,433,756
115000281,224,973,-749
115000282,702,2767,-2065
115000284,157,303,-146
115000296,452,9,443
115000297,100,412,-312
115000298,54,843,-789
115000300,389,105,284
115000302,1346,230,1116
115000303,2142,72,2070
115000304,2112,149,1963
115000305,237,240,-3
115000306,644,203,441
115000307,539,475,64
115000308,10,89,-79
115000309,12,245,-233
115000310,4806,236,4570
115000311,2663,691,1972
115000313,364,106,258
115000314,940,571,369
115000315,304,1520,-1216
115000316,138,294,-156
115000317,335,397,-62
115000318,1936,425,1511
115000319,314,57,257
115000320,63,690,-627
115000321,996,28,968
115000322,152,56,96
115000449,180,249,-69
115000557,10,5059,-5049
115000558,111,140,-29
115000587,1684,239,1445
115000588,2221,2871,-650
115000589,6441,3154,3287
115000590,970,2665,-1695
115000591,2386,1072,1314
115000592,662,1312,-650
115000593,2597,755,1842
115000594,328,2055,-1727
115000609,290,45,245
115000617,491,4873,-4382
115000624,809,35,774
115000633,595,1824,-1229
115000634,4388,810,3578
115000635,1185,93,1092
115000638,217,377,-160
115000641,70,648,-578
115000642,685,210,475
115000643,330,154,176
115000644,293,258,35
115000646,720,1974,-1254
115000647,397,436,-39
115000648,6398,486,5912
115000893,1737,810,927
115000894,219,584,-365
115000895,444,703,-259
115000896,1375,367,1008
115000897,529,73,456
115000898,694,316,378
115000899,325,1526,-1201
115000900,57,286,-229
115000901,66,247,-181
115000912,853,166,687
115000913,12,19,-7
115000915,19,0,19
115000916,7,2,5
115000917,0,67,-67
115000918,78,1800,-1722
115000919,32,99,-67
115000920,57,82,-25
115000921,486,77,409
115000922,301,670,-369
115000923,40,1318,-1278
115000925,349,282,67
115000927,50,168,-118
115000933,37,254,-217
115000934,101,173,-72
115000935,310,28,282
115000936,12,1008,-996
115000937,50,74,-24
115000938,4,36,-32
115000939,1,13,-12
115900001,500,12,488
115900002,65,29,36
115900003,474,87,387
115900004,2,17,-15
115900005,656,51,605
115900006,385,106,279
115900008,327,1,326
115900009,95,121,-26
115900010,1374,98,1276
115900011,674,79,595
115900012,594,6,588
115900013,826,102,724
115900014,227,43,184
115900015,568,35,533
115900016,192,40,152
115900017,229,62,167
115900018,243,10,233
115900019,206,29,177
115900020,643,4,639
115900021,400,381,19
115900022,444,33,411
115900023,2,5,-3
115900025,37,381,-344
115900026,1257,66,1191
115900027,0,122,-122
115900028,130,28,102
115900029,21,120,-99
115900030,66,27,39
115900031,51,290,-239
115900032,537,717,-180
115900033,0,51,-51
115900034,25,106,-81
115900035,147,19,128
115900036,54,5862,-5808
115900037,38,112,-74
115900038,84,8,76
115900039,627,65,562
115900041,154,1888,-1734
115900042,80,7,73
115900043,389,78,311
115900044,211,1487,-1276
115900046,1572,68,1504
115900047,54,314,-260
115900049,477,159,318
115900051,2,33,-31
115900052,61,53,8
115900053,1161,57,1104
115900054,713,15,698
115900055,28,31,-3
115900056,714,52,662
115900057,7,19,-12
115900058,4,14,-10
115900060,126,69,57
115900061,690,5,685
115900062,125,50,75
115900063,21,1,20
115900064,159,233,-74
115900065,443,53,390
115900066,40,41,-1
115900067,48,67,-19
115900068,1536,2945,-1409
115900069,60,204,-144
115900070,659,20,639
115900071,0,106,-106
115900072,24,44,-20
115900073,284,208,76
115900074,3,61,-58
115900075,81,114,-33
115900076,0,31,-31
115900077,2,52,-50
115900078,67,1196,-1129
115900079,1020,14,1006
115900080,140,21,119
115900081,39,10,29
115900082,157,879,-722
115900084,1567,19,1548
115900085,56,115,-59
115900086,984,364,620
115900088,1,222,-221
115900089,1229,160,1069
115900090,1874,8,1866
115900091,64,34,30
115900092,93,62,31
115900093,5,23,-18
115900094,7,54,-47
115900096,33,17,16
115900097,28,80,-52
115900098,730,167,563
115900099,250,429,-179
115900100,8,129,-121
115900101,723,52,671
115900102,272,120,152
115900103,633,53,580
115900104,190,90,100
115900105,607,131,476
115900106,372,3,369
115900107,165,34,131
115900108,374,2,372
115900109,6,161,-155
115900110,7,1,6
115900111,2,9,-7
115900112,55,304,-249
115900113,147,9,138
115900114,15,28,-13
115900115,237,71,166
115900116,220,367,-147
115900117,206,7,199
115900118,6,66,-60
115900119,512,85,427
115900120,72,111,-39
115900121,460,41,419
115900124,263,1356,-1093
115900125,830,287,543
115900126,2084,79,2005
115900127,2280,78,2202
115900128,1,232,-231
115900129,1172,27,1145
115900130,7,409,-402
115900131,1113,214,899
115900132,1472,13,1459
115900134,895,13,882
115900135,305,567,-262
115900137,35,6,29
115900139,22,118,-96
115900140,1008,83,925
115900141,10,60,-50
115900142,3,19,-16
115900143,520,77,443
115900144,458,89,369
115900146,16,45,-29
115900147,261,624,-363
115900148,23,42,-19
115900149,525,3,522
115900150,293,19,274
115900151,163,70,93
115900152,399,91,308
115900153,268,103,165
115900154,170,294,-124
115900155,0,14,-14
115900156,901,677,224
115900157,765,517,248
115900158,13,2,11
115900159,814,128,686
115900160,0,4,-4
115900161,85,42,43
115900163,756,40,716
115900164,2133,17,2116
115900165,17,631,-614
115900166,229,81,148
115900168,874,88,786
115900171,248,129,119
115900172,26,67,-41
115900173,470,146,324
115900174,116,117,-1
115900175,368,72,296
115900178,32,99,-67
115900179,891,5,886
115900180,41,44,-3
115900181,661,59,602
115900182,1461,71,1390
115900183,11,307,-296
115900184,393,3,390
115900187,2,259,-257
115900189,0,160,-160
115900190,346,1193,-847
115900191,7,151,-144
115900192,51,165,-114
115900193,127,735,-608
115900194,1862,52,1810
115900195,616,5933,-5317
115900198,977,591,386
115900199,631,63,568
115900200,320,89,231
115900201,378,304,74
115900202,5,529,-524
115900203,0,3,-3
115900204,0,11,-11
115900205,12,10,2
115900206,1182,77,1105
115900207,113,15,98
115900208,275,68,207
115900209,19,89,-70
115900210,3,669,-666
115900211,0,131,-131
115900212,520,112,408
115900213,111,291,-180
115900214,1810,112,1698
115900215,34,372,-338
115900216,0,10,-10
115900217,5,12,-7
115900218,3,13,-10
115900219,446,10,436
115900220,688,1,687
115900221,296,13,283
115900222,144,92,52
115900223,3,766,-763
115900224,1049,4020,-2971
115900225,108,104,4
115900226,3,24,-21
115900227,38,26,12
115900228,1,37,-36
115900229,4,10,-6
115900230,150,51,99
115900231,321,6,315
115900232,153,2,151
115900233,396,13,383
115900234,76,35,41
115900235,71,52,19
115900236,22,576,-554
115900237,35,71,-36
115900238,26,44,-18
115900239,26,34,-8
115900240,34,35,-1
115900241,575,13,562
115900242,448,1062,-614
115900243,35,8,27
115900244,66,1,65
115900245,158,2,156
115900246,3,2,1
115900247,0,4,-4
115900248,4,1,3
115900249,43,5,38
115900250,82,7,75
115900251,9,0,9
115900252,13,1,12
115900253,53,10,43
115900254,7,44,-37
115900255,1,60,-59
115900256,20,105,-85
115900257,0,1,-1
115900258,0,0,0
115900259,92,7,85
115900260,25,2,23
115900261,63,0,63
115900262,9,2,7
115900263,51,3,48
115900264,161,0,161
115900265,23,2,21
115900266,6,3,3
115900267,0,38,-38
115900268,2,321,-319
115900269,2136,89,2047
115900270,731,83,648
115900271,575,0,575
115900272,148,1,147
115900273,45,43,2
115900274,1,0,1
115900275,3,10,-7
115900276,1,4,-3
115900277,0,15,-15
115900278,143,59,84
115900279,10,311,-301
115900280,13,1789,-1776
115900281,151,290,-139
115900282,3,19,-16
116000001,4882,1376,3506
116000002,7085,24735,-17650
116000003,1273,894,379
116000004,7010,9708,-2698
116000005,767,2938,-2171
116000006,3768,7569,-3801
116000007,1819,1830,-11
116000008,8399,3431,4968
116000009,1082,860,222
116000010,5469,3189,2280
116000011,985,809,176
116000012,3288,1474,1814
116000013,4180,2485,1695
116000014,10219,37194,-26975
116000015,202,3746,-3544
116000016,3962,10587,-6625
116000017,78,851,-773
116000018,568,269,299
116000019,2803,207,2596
116000020,596,844,-248
116000021,2485,219,2266
116000022,902,352,550
116000023,3683,2061,1622
116000024,756,705,51
116000025,1622,907,715
116000026,1716,3852,-2136
116000027,805,1302,-497
116000028,699,1092,-393
116000029,432,337,95
116000030,1110,721,389
116000031,24,99,-75
116000032,420,80,340
116000033,1370,276,1094
116000034,636,897,-261
116000035,513,336,177
116000036,216,1765,-1549
116000037,232,689,-457
116000038,109,998,-889
116000039,163,818,-655
116000040,558,1043,-485
116000041,139,580,-441
116000042,1642,895,747
116000043,170,360,-190
116000044,1,26,-25
116000045,1341,1753,-412
116000046,979,988,-9
116000047,2461,3386,-925
116000048,3515,1612,1903
116000049,2658,2215,443
116000050,1630,1223,407
116000051,3539,2860,679
116000052,3506,2381,1125
116000053,3658,778,2880
116000054,1319,2613,-1294
116000055,1046,1157,-111
116000056,2453,1257,1196
116000057,2459,972,1487
116000058,4829,3423,1406
116000059,2908,6061,-3153
116000060,2755,1626,1129
116000061,154,1635,-1481
116000062,1020,305,715
116000063,914,2685,-1771
116000066,1114,867,247
116000067,393,328,65
116000068,199,233,-34
116000069,420,204,216
116000078,862,1190,-328
116000080,1900,409,1491
116000082,2,12,-10
116000083,3290,270,3020
116000084,1873,1465,408
116000085,2192,3316,-1124
116000086,807,313,494
116000087,5133,2166,2967
116000088,3082,854,2228
116000089,184,149,35
116000090,453,137,316
116000091,244,906,-662
116000093,1289,208,1081
116000094,1942,761,1181
116000095,1507,350,1157
116000096,3861,6566,-2705
116000097,2059,583,1476
116000098,101,20287,-20186
116000099,9685,587,9098
116000100,594,47,547
116000101,3804,246,3558
116000102,501,504,-3
116000103,804,552,252
116000104,414,1388,-974
116000105,3170,143,3027
116000106,978,4893,-3915
116000107,5158,1067,4091
116000108,31,3539,-3508
116000111,384,37,347
116000113,220,46,174
116000114,45,74,-29
116000115,512,150,362
116000116,457,125,332
116000117,2618,1261,1357
116000118,2787,609,2178
116000119,7589,1562,6027
116000120,3156,2030,1126
116000121,2025,333,1692
116000122,1046,561,485
116000123,3081,545,2536
116000124,1082,325,757
116000125,5598,534,5064
116000126,881,359,522
116000127,1468,522,946
116000128,4320,758,3562
116000129,3195,91,3104
116000130,1722,965,757
116000133,4584,571,4013
116000134,2422,699,1723
116000135,6018,909,5109
116000136,1286,1042,244
116000137,1795,682,1113
116000138,1236,367,869
116000139,3002,3931,-929
116000140,391,578,-187
116000141,1740,458,1282
116000142,4406,2145,2261
116000143,3518,2386,1132
116000144,3795,1856,1939
116000145,5647,1006,4641
116000146,1892,144,1748
116000147,413,282,131
116000148,2004,1712,292
116000149,858,523,335
116000151,1167,657,510
116000153,188,493,-305
116000155,267,569,-302
116000156,1908,558,1350
116000157,159,5,154
116000158,976,148,828
116000159,33,6,27
116000160,139,40,99
116000161,3,112,-109
116000162,62,662,-600
116000163,143,15,128
116000164,66,17,49
116000177,169,2910,-2741
116000194,155,392,-237
116000195,4446,596,3850
116000196,291,89,202
116000197,188,117,71
116000198,2894,1320,1574
116000200,867,1417,-550
116000201,773,403,370
116000202,11,570,-559
116000203,1,36,-35
116000204,10,18,-8
116000205,0,130,-130
116000206,1,501,-500
116000207,21,403,-382
116000233,170,282,-112
116000287,771,120,651
116000288,852,257,595
116000292,315,195,120
116000296,20,103,-83
116000297,134,12,122
116000304,877,29,848
116000305,0,84,-84
116000346,860,213,647
116000352,315,100,215
116000354,96,52,44
116000357,23,60,-37
116000358,1108,367,741
116000361,18,0,18
116000372,3602,12126,-8524
116000381,591,4,587
116000388,10,70,-60
116000389,1305,139,1166
116000445,3020,276,2744
116000446,1527,115,1412
116000447,37,954,-917
116000448,654,42,612
116000563,745,1000,-255
116000565,150,235,-85
116000568,110,970,-860
116000579,134,204,-70
116000584,135,3,132
116000585,317,100,217
116000586,48,114,-66
116000587,565,217,348
116000589,95,27,68
116000590,277,52,225
116000591,592,125,467
116000592,5,14,-9
116000593,0,13,-13
116000594,3553,158,3395
116000595,1740,54,1686
116000596,664,9,655
116000597,1600,529,1071
116000598,206,155,51
116000602,25,1873,-1848
116000605,362,65,297
116000606,152,783,-631
116000607,1,84,-83
116000609,83,2567,-2484
116000611,483,147,336
116000612,3416,3218,198
116000613,1435,317,1118
116000614,1000,133,867
116000615,3,461,-458
116000616,187,59,128
116000617,448,10,438
116000618,6,34,-28
116000619,43,193,-150
116000620,864,234,630
116000621,138,100,38
116000622,228,77,151
116000624,152,626,-474
116000627,96,67,29
116000628,269,169,100
116000629,101,197,-96
116000630,2453,50,2403
116000631,1263,29,1234
116000632,2904,75,2829
116000633,9,237,-228
116000634,2491,20,2471
116000635,1921,2373,-452
116000636,73,929,-856
116000637,37,2,35
116000638,0,36,-36
116900001,326,76,250
116900002,328,1,327
116900003,217,4,213
116900004,58,276,-218
116900005,656,20,636
116900006,162,498,-336
116900007,82,179,-97
116900008,1825,131,1694
116900009,20,59,-39
116900010,1,347,-346
116900011,17,20,-3
116900012,214,422,-208
116900013,2,141,-139
116900014,436,37,399
116900015,1667,53,1614
116900016,641,6,635
116900017,0,172,-172
116900018,169,114,55
116900019,3,106,-103
116900020,483,4515,-4032
116900023,74,45,29
116900024,2422,23,2399
116900025,3071,561,2510
116900026,28,188,-160
116900027,219,42,177
116900028,2,34,-32
116900029,4,389,-385
116900031,3,5,-2
116900032,1,86,-85
116900033,87,13,74
116900034,1,17,-16
116900035,372,107,265
116900036,39,135,-96
116900038,21,5,16
116900041,306,11,295
116900042,268,143,125
116900043,41,50,-9
116900045,231,69,162
116900047,103,731,-628
116900049,65,158,-93
116900050,60,192,-132
116900051,898,68,830
116900052,453,107,346
116900055,1,34,-33
116900057,43,109,-66
116900058,24,130,-106
116900059,0,40,-40
116900060,211,248,-37
116900062,4,258,-254
116900064,137,117,20
116900065,4,67,-63
116900067,201,20,181
116900068,250,188,62
116900070,22,10,12
116900072,97,66,31
116900073,29,59,-30
116900074,23,61,-38
116900076,34,261,-227
116900077,2,43,-41
116900078,172,29,143
116900079,111,89,22
116900080,1,26,-25
116900081,147,464,-317
116900082,210,1339,-1129
116900083,8,1,7
116900084,84,26,58
116900085,4,57,-53
116900086,8,136,-128
116900088,389,16,373
116900090,4,5,-1
116900091,1357,30,1327
116900092,96,204,-108
116900093,2674,1956,718
116900094,4895,11053,-6158
116900095,618,150,468
116900096,311,803,-492
116900097,1293,7905,-6612
116900098,502,184,318
116900099,243,478,-235
116900100,2919,223,2696
116900101,238,664,-426
116900103,10,0,10
116900104,9,166,-157
116900105,934,490,444
116900106,8240,82,8158
116900107,1178,5473,-4295
116900110,66,0,66
116900111,1897,424,1473
116900112,541,365,176
116900113,1342,5399,-4057
116900116,47,653,-606
116900117,645,416,229
116900118,829,1609,-780
116900120,954,67,887
116900121,621,55,566
116900122,3172,416,2756
116900123,1522,312,1210
116900124,207,201,6
116900125,1133,58,1075
116900126,170,1790,-1620
116900128,3,29,-26
116900129,0,250,-250
116900130,1036,10446,-9410
116900131,73,331,-258
116900132,199,125,74
116900133,610,129,481
116900134,529,140,389
116900136,379,541,-162
116900137,383,112,271
116900138,140,57,83
116900139,39,97,-58
116900140,179,35,144
116900141,530,90,440
116900142,10,72,-62
116900143,802,85,717
116900144,145,14,131
116900145,174,145,29
116900147,211,1346,-1135
116900148,2,22,-20
116900149,117,324,-207
116900150,4,1,3
116900151,67,22,45
116900153,348,239,109
116900154,355,1182,-827
116900155,138,127,11
116900157,2478,60,2418
116900158,214,570,-356
116900159,146,590,-444
116900160,1855,802,1053
116900161,3643,19156,-15513
116900162,53,134,-81
116900163,846,58,788
116900164,225,51,174
116900165,1153,401,752
116900166,204,159,45
116900167,1308,16,1292
116900168,1444,19,1425
116900169,127,1098,-971
116900170,1133,379,754
116900171,135,122,13
116900172,145,1376,-1231
116900173,1256,16,1240
116900174,59,287,-228
116900175,796,430,366
116900178,108,68,40
116900179,87,858,-771
116900180,162,2,160
116900182,1256,237,1019
116900183,388,182,206
116900185,54,10,44
116900186,259,53,206
116900187,85,101,-16
116900188,488,12,476
116900189,39,2,37
116900191,120,130,-10
116900192,913,233,680
116900194,125,2737,-2612
116900195,42,9,33
116900196,13,18,-5
116900197,357,15,342
116900198,51,1748,-1697
116900200,308,6,302
116900201,692,6,686
116900202,79,18,61
116900203,516,9,507
116900204,16,433,-417
116900206,26,3,23
116900207,23,29,-6
116900208,1,27,-26
116900209,79,21,58
116900210,519,204,315
116900211,359,4,355
116900212,327,1,326
116900213,307,124,183
116900214,711,239,472
116900215,53,37,16
116900216,577,200,377
116900218,1,146,-145
116900219,665,109,556
116900220,181,255,-74
116900221,252,296,-44
116900222,460,253,207
116900223,76,53,23
116900226,613,23,590
116900227,715,18,697
116900228,915,112,803
116900230,139,91,48
116900231,190,177,13
116900232,105,234,-129
116900233,832,123,709
116900234,59,8,51
116900235,153,183,-30
116900238,553,118,435
116900239,7,2058,-2051
116900240,3935,7466,-3531
116900241,145,63,82
116900242,735,2086,-1351
116900243,3,69,-66
116900245,80,121,-41
116900246,112,30,82
116900247,2361,52,2309
116900248,159,17,142
116900249,1627,27,1600
116900250,1092,121,971
116900251,319,2987,-2668
116900252,769,670,99
116900253,420,62,358
116900254,112,195,-83
116900255,232,311,-79
116900256,1297,335,962
116900257,111,837,-726
116900258,13,17,-4
116900259,692,66,626
116900260,0,23,-23
116900261,96,8,88
116900262,145,172,-27
116900263,1,7,-6
116900264,3,3,0
116900265,228,0,228
116900266,45,7,38
116900267,38,0,38
116900268,26,618,-592
116900269,499,1402,-903
116900271,567,1786,-1219
116900272,410,275,135
116900273,35,234,-199
116900274,365,23,342
116900275,735,105,630
116900276,444,814,-370
116900277,210,145,65
116900278,4,3,1
116900279,2,10,-8
116900280,151,6,145
116900281,2541,14878,-12337
116900282,3,28,-25
116900283,5,8,-3
116900284,5,109,-104
116900285,67,992,-925
116900286,153,6,147
116900287,55,25,30
116900288,387,38,349
116900289,119,0,119
116900290,34,7,27
116900291,86,9,77
116900292,0,27,-27
116900293,318,1,317
116900294,22,88,-66
116900295,305,237,68
116900296,77,147,-70
116900297,3,74,-71
116900298,40,105,-65
116900299,5,123,-118
116900300,0,107,-107
116900301,26,283,-257
116900302,20,111,-91
116900303,231,270,-39
116900304,1,356,-355
116900305,32,63,-31
116900306,651,53,598
117000001,4833,5286,-453
117000002,2214,3347,-1133
117000003,8299,3279,5020
117000004,2446,4220,-1774
117000005,6471,2187,4284
117000006,1342,1873,-531
117000007,12337,1591,10746
117000008,1717,2478,-761
117000009,7119,1856,5263
117000010,1321,2179,-858
117000011,6443,1747,4696
117000012,2713,1710,1003
117000013,4502,1587,2915
117000014,2441,2875,-434
117000015,6574,2740,3834
117000016,320,411,-91
117000017,84,408,-324
117000018,222,1982,-1760
117000019,52,3,49
117000020,599,5089,-4490
117000021,1741,435,1306
117000022,114,679,-565
117000023,76,690,-614
117000024,185,941,-756
117000025,268,3843,-3575
117000026,2868,4478,-1610
117000027,950,3221,-2271
117000028,901,1980,-1079
117000030,311,503,-192
117000031,650,274,376
117000032,1858,1982,-124
117000033,2674,1575,1099
117000034,495,264,231
117000035,552,362,190
117000036,829,371,458
117000037,603,243,360
117000038,446,494,-48
117000039,305,398,-93
117000040,87,588,-501
117000041,2851,99,2752
117000044,20,367,-347
117000045,1970,850,1120
117000046,326,954,-628
117000047,932,1282,-350
117000048,1534,887,647
117000049,100,791,-691
117000050,1666,2498,-832
117000051,5221,118,5103
117000052,166,193,-27
117000053,3109,29,3080
117000054,3494,5,3489
117000055,0,786,-786
117000056,1023,41,982
117000057,1668,1998,-330
117000060,502,884,-382
117000061,4237,2330,1907
117000062,211,831,-620
117000063,2563,756,1807
117000064,577,573,4
117000066,365,722,-357
117000067,140,742,-602
117000074,34,389,-355
117000076,75,70,5
117000077,222,198,24
117000078,145,1223,-1078
117000079,631,250,381
117000080,1,504,-503
117000081,956,215,741
117000082,25,191,-166
117000083,141,37,104
117000084,302,3,299
117000085,953,1841,-888
117000086,1072,582,490
117000087,242,796,-554
117000088,1151,159,992
117000089,5603,209,5394
117000090,768,600,168
117000091,3063,174,2889
117000092,819,596,223
117000093,4566,263,4303
117000094,1550,723,827
117000095,6907,312,6595
117000096,1411,686,725
117000097,5264,779,4485
117000098,3019,1625,1394
117000099,9234,922,8312
117000100,430,395,35
117000101,267,479,-212
117000102,3912,464,3448
117000103,713,784,-71
117000104,3927,445,3482
117000105,801,766,35
117000106,4384,333,4051
117000107,875,1176,-301
117000108,5306,1027,4279
117000109,828,1644,-816
117000110,2705,3296,-591
117000111,5986,4717,1269
117000112,7780,1114,6666
117000113,230,103,127
117000114,795,844,-49
117000115,114,52,62
117000116,442,428,14
117000117,1849,1057,792
117000118,957,564,393
117000119,218,660,-442
117000120,21,752,-731
117000121,22,1361,-1339
117000122,1541,2735,-1194
117000123,3022,86,2936
117000124,72,207,-135
117000125,47,547,-500
117000126,57,65,-8
117000127,182,705,-523
117000128,150,1451,-1301
117000129,105,298,-193
117000130,36,4,32
117000131,0,104,-104
117000132,10770,16,10754
117000133,7853,28,7825
117000134,0,113,-113
117000135,0,190,-190
117000136,1,20,-19
117000137,547,108,439
117000138,0,1060,-1060
117000140,676,616,60
117000141,3522,428,3094
117000181,361,110,251
117000182,3098,3534,-436
117000195,442,240,202
117000196,832,294,538
117000225,80,428,-348
117000226,9,277,-268
117000276,1115,66,1049
117000277,0,96,-96
117000310,1261,4204,-2943
117000315,313,1251,-938
117000320,75,0,75
117000906,1397,23,1374
117000907,5,82,-77
117000908,1,320,-319
117000909,137,116,21
117000910,467,152,315
117000911,78,248,-170
117000915,2,147,-145
117000916,165,15,150
117000917,2859,125,2734
117000918,365,249,116
117000919,1,79,-78
117000920,3,2453,-2450
117000921,0,323,-323
117000922,111,46,65
117000924,2048,600,1448
117000926,746,299,447
117000927,347,800,-453
117000928,0,180,-180
117000929,1151,108,1043
117000930,2027,15,2012
117000931,191,68,123
117900002,161,1442,-1281
117900003,95,147,-52
117900005,7,347,-340
117900006,0,46,-46
117900007,429,92,337
117900008,0,19,-19
117900010,789,55,734
117900011,29,864,-835
117900012,257,62,195
117900013,1,876,-875
117900014,1539,100,1439
117900015,32,83,-51
117900016,1369,2369,-1000
117900017,1771,313,1458
117900018,577,524,53
117900019,1908,211,1697
117900020,60,255,-195
117900021,52,171,-119
117900022,30,5,25
117900023,3432,173,3259
117900024,232,238,-6
117900025,33,2,31
117900026,1042,289,753
117900028,193,18,175
117900029,781,319,462
117900030,559,731,-172
117900031,734,506,228
117900032,1875,878,997
117900033,1158,322,836
117900034,179,37,142
117900035,551,1523,-972
117900036,582,241,341
117900037,470,79,391
117900038,219,81,138
117900039,0,93,-93
117900040,477,90,387
117900041,0,22,-22
117900042,3033,740,2293
117900043,1,19,-18
117900044,35,7942,-7907
117900045,712,113,599
117900048,511,262,249
117900049,546,323,223
117900050,3,448,-445
117900051,81,59,22
117900052,136,988,-852
117900053,3639,190,3449
117900054,0,6,-6
117900055,1567,376,1191
117900056,80,184,-104
117900057,1915,1026,889
117900058,9,103,-94
117900059,127,311,-184
117900060,6692,3076,3616
117900061,8,461,-453
117900063,1088,256,832
117900065,489,1335,-846
117900066,18,249,-231
117900067,1915,209,1706
117900069,2339,134,2205
117900070,32,524,-492
117900071,479,166,313
117900073,2058,151,1907
117900074,16,803,-787
117900075,349,101,248
117900076,53,157,-104
117900077,1737,124,1613
117900078,1010,693,317
117900080,462,39,423
117900081,475,173,302
117900082,1665,359,1306
117900083,1834,581,1253
117900086,381,86,295
117900087,359,19,340
117900088,929,818,111
117900089,4922,516,4406
117900090,1665,849,816
117900091,307,73,234
117900092,458,63,395
117900093,325,24,301
117900094,148,39,109
117900095,1361,739,622
117900096,427,470,-43
117900097,399,145,254
117900098,309,44,265
117900099,685,749,-64
117900100,2018,5,2013
117900101,1464,4014,-2550
117900102,226,36,190
117900103,291,1,290
117900104,9,498,-489
117900105,86,223,-137
117900106,189,12,177
117900107,272,0,272
117900109,3222,875,2347
117900110,759,4,755
117900111,2970,320,2650
117900112,274,8,266
117900113,2157,4260,-2103
117900114,124,0,124
117900115,29,299,-270
117900116,1591,433,1158
117900117,2128,186,1942
117900118,597,2,595
117900119,757,12,745
117900120,1874,99,1775
117900121,177,52,125
117900122,1308,11734,-10426
117900123,1640,688,952
117900124,449,1423,-974
117900125,2557,1104,1453
117900126,204,233,-29
117900127,1529,301,1228
117900128,805,368,437
117900129,394,1,393
117900130,1552,1237,315
117900131,17,172,-155
117900132,17,45,-28
117900133,38,41,-3
117900134,213,421,-208
117900135,105,112,-7
117900136,0,4,-4
117900137,213,112,101
117900138,0,12,-12
117900139,109,68,41
117900140,6010,849,5161
117900141,54,373,-319
117900142,31,660,-629
117900144,8,920,-912
117900145,14,611,-597
117900146,41,572,-531
117900147,174,119,55
117900148,3235,5577,-2342
117900149,125,129,-4
117900150,173,81,92
117900151,90,189,-99
117900152,74,173,-99
117900153,49,301,-252
117900154,1173,580,593
117900156,315,354,-39
117900157,134,401,-267
117900158,859,57,802
117900160,1851,983,868
117900161,1321,430,891
117900162,1020,368,652
117900163,48,1264,-1216
117900165,0,0,0
117900166,23,263,-240
117900168,134,164,-30
117900169,0,39,-39
117900170,2,25,-23
117900171,10,14,-4
117900172,32,2,30
117900173,63,44,19
117900174,39,24,15
117900175,15,48,-33
117900176,39,12,27
117900177,83,15,68
117900178,142,56,86
117900180,429,46,383
117900181,144,968,-824
117900182,0,130,-130
117900183,350,117,233
117900184,41,124,-83
117900185,97,53,44
117900186,137,19,118
117900187,51,9,42
117900188,467,140,327
117900189,239,51,188
117900190,43,0,43
117900191,195,1,194
117900192,755,1,754
117900193,52,108,-56
117900194,28,4,24
117900195,50,540,-490
117900196,85,29,56
117900207,93,245,-152
117900208,124,31,93
117900209,428,95,333
117900210,182,58,124
117900211,6,60,-54
117900212,328,115,213
117900213,87,23,64
117900214,28,11,17
117900215,130,8,122
117900216,15,69,-54
117900217,121,215,-94
117900218,62,201,-139
117900219,0,197,-197
117900220,13,316,-303
117900222,343,122,221
117900223,134,617,-483
118000001,903,2464,-1561
118000002,657,1299,-642
118000003,2506,4320,-1814
118000004,1271,3872,-2601
118000005,5329,2768,2561
118000006,2521,3823,-1302
118000007,7098,13742,-6644
118000008,1057,11453,-10396
118000009,1790,4280,-2490
118000010,4164,4652,-488
118000011,4473,1733,2740
118000012,1397,2725,-1328
118000013,3017,3225,-208
118000014,2097,2001,96
118000016,456,158,298
118000017,1106,543,563
118000018,635,156,479
118000019,1180,2217,-1037
118000020,469,2102,-1633
118000021,660,2399,-1739
118000022,1578,607,971
118000023,536,350,186
118000024,724,848,-124
118000027,10620,6880,3740
118000029,722,838,-116
118000032,404,1986,-1582
118000033,2095,4585,-2490
118000034,2864,3086,-222
118000035,2390,2258,132
118000036,1433,1094,339
118000037,1024,1594,-570
118000038,1280,95,1185
118000039,202,91,111
118000040,3471,1680,1791
118000041,5514,2260,3254
118000045,116,301,-185
118000046,595,1405,-810
118000047,597,2849,-2252
118000048,1668,4147,-2479
118000051,1287,3811,-2524
118000052,424,1269,-845
118000053,487,2291,-1804
118000054,4490,1890,2600
118000055,2516,1921,595
118000056,88,903,-815
118000057,190,1144,-954
118000058,2289,7561,-5272
118000059,1326,4421,-3095
118000060,1887,1406,481
118000061,2389,1904,485
118000062,626,231,395
118000063,512,997,-485
118000064,830,1692,-862
118000065,2585,2262,323
118000066,1545,3208,-1663
118000067,489,820,-331
118000068,959,14538,-13579
118000069,1339,1554,-215
118000070,8781,3193,5588
118000071,5357,17100,-11743
118000072,833,5992,-5159
118000073,478,2909,-2431
118000074,617,1195,-578
118000075,726,514,212
118000076,2482,12045,-9563
118000077,1227,1313,-86
118000078,3245,2938,307
118000079,220,661,-441
118000080,461,819,-358
118000081,1826,1695,131
118000082,470,1177,-707
118000083,1430,1605,-175
118000084,1583,4138,-2555
118000086,157,1066,-909
118000087,4426,2879,1547
118000088,2044,2000,44
118000089,4729,4799,-70
118000090,1622,5185,-3563
118000091,1651,8542,-6891
118000092,857,762,95
118000093,93,928,-835
118000096,1142,566,576
118000097,1024,586,438
118000098,276,285,-9
118000099,1020,289,731
118000101,3345,416,2929
118000102,611,443,168
118000107,2093,335,1758
118000108,939,11031,-10092
118000110,0,22,-22
118000111,0,93,-93
118000112,2973,46,2927
118000113,8,414,-406
118000114,2839,81,2758
118000115,71,21,50
118000116,103,0,103
118000117,789,676,113
118000118,2065,1469,596
118000119,2581,1559,1022
118000120,1732,985,747
118000121,22,539,-517
118000122,448,235,213
118000123,65,290,-225
118000125,1047,1447,-400
118000126,1192,3593,-2401
118000127,1831,1107,724
118000128,516,2413,-1897
118000129,2250,1300,950
118000130,2255,3658,-1403
118000131,393,951,-558
118000132,3577,3213,364
118000133,2623,940,1683
118000135,1215,1272,-57
118000136,102,988,-886
118000137,505,49,456
118000138,740,334,406
118000139,868,118,750
118000140,5433,13250,-7817
118000141,5047,1990,3057
118000142,4807,2295,2512
118000143,4929,2639,2290
118000144,726,503,223
118000145,1592,1007,585
118000146,2180,298,1882
118000147,1942,736,1206
118000148,1595,2003,-408
118000149,1270,457,813
118000150,1752,207,1545
118000151,1447,204,1243
118000153,3276,685,2591
118000154,3029,869,2160
118000155,4306,1117,3189
118000156,2379,5261,-2882
118000157,854,373,481
118000158,392,758,-366
118000159,63,117,-54
118000160,1249,401,848
118000161,1085,362,723
118000162,2385,986,1399
118000163,1843,1153,690
118000164,2969,1703,1266
118000168,691,2807,-2116
118000169,1395,917,478
118000170,3574,2821,753
118000171,751,632,119
118000172,84,206,-122
118000173,1034,1676,-642
118000175,245,211,34
118000176,605,277,328
118000177,653,400,253
118000178,28,36,-8
118000179,898,768,130
118000180,726,465,261
118000181,586,127,459
118000182,406,92,314
118000183,321,216,105
118000184,2578,500,2078
118000185,542,2831,-2289
118000186,499,1625,-1126
118000187,4053,357,3696
118000188,2159,87,2072
118000189,2673,177,2496
118000190,9,3,6
118000191,39,36,3
118000192,12,183,-171
118000193,13,200,-187
118000194,2641,1417,1224
118000195,252,4495,-4243
118000196,91,938,-847
118000197,115,397,-282
118000198,302,2337,-2035
118000199,327,1590,-1263
118000200,137,933,-796
118000201,144,1213,-1069
118000202,37,766,-729
118000203,277,2369,-2092
118000204,22,818,-796
118000205,76,410,-334
118000206,452,348,104
118000207,0,102,-102
118000208,2701,1778,923
118000209,3325,555,2770
118000210,572,22,550
118000211,395,61,334
118000213,658,4795,-4137
118000214,356,994,-638
118000215,671,110,561
118000216,13501,2631,10870
118000217,10,52,-42
118000218,178,35,143
118000219,296,347,-51
118000220,103,48,55
118000221,2167,1653,514
118000222,156,3,153
118000223,144,53,91
118000224,130,71,59
118000225,339,757,-418
118000226,3258,203,3055
118000227,783,654,129
118000228,76,369,-293
118000229,35,859,-824
118000230,212,137,75
118000231,56,225,-169
118000232,1344,188,1156
118000233,2582,439,2143
118000234,1019,91,928
118000236,379,444,-65
118000237,329,150,179
118000238,398,82,316
118000239,634,269,365
118000240,122,118,4
118000241,430,168,262
118000242,1207,109,1098
118000243,512,97,415
118000244,117,47,70
118000246,1,59,-58
118000255,66,379,-313
118000256,324,237,87
118000259,42,109,-67
118000260,493,34,459
118000261,165,5,160
118000263,213,245,-32
118000266,329,143,186
118000267,0,92,-92
118000268,535,1,534
118000270,421,0,421
118000271,591,132,459
118000272,69,64,5
118000273,803,58,745
118000274,75,205,-130
118000276,651,131,520
118000295,56,151,-95
118000298,189,136,53
118000299,70,56,14
118000301,0,74,-74
118000302,184,14,170
118000311,2760,59,2701
118000312,850,86,764
118000313,122,55,67
118000314,312,12,300
118000315,224,39,185
118000316,1511,280,1231
118000325,225,30,195
118000326,91,61,30
118000331,128,5,123
118000332,53,20,33
118000333,129,60,69
118000335,1809,8,1801
118000336,0,232,-232
118000407,818,38,780
118000457,0,52,-52
118000465,715,3519,-2804
118000480,214,54,160
118000489,17,1042,-1025
118000490,11,234,-223
118000492,1084,295,789
118000510,67,10,57
118000514,123,369,-246
118000515,1142,2807,-1665
118000517,300,198,102
118000524,269,714,-445
118000525,493,816,-323
118000530,18,253,-235
118000531,937,258,679
118000532,346,144,202
118000533,368,108,260
118000534,1021,242,779
118000535,783,54,729
118000536,61,542,-481
118000537,52,128,-76
118000538,26,76,-50
118000539,40,250,-210
118000540,343,200,143
118000541,160,152,8
118000542,221,335,-114
118000543,677,272,405
118000546,152,15,137
118000560,816,4335,-3519
118000562,235,59,176
118000563,1982,1635,347
118000576,330,24,306
118000577,256,239,17
118000578,147,27,120
118000579,544,3227,-2683
118000595,279,48,231
118000596,0,250,-250
118000597,365,88,277
118000598,70,0,70
118000599,341,37,304
118000600,0,35,-35
118000601,92,0,92
118000602,0,30,-30
118000603,0,21,-21
118900001,689,1884,-1195
118900002,957,1203,-246
118900003,1465,50,1415
118900004,230,19,211
118900005,160,18,142
118900006,405,2,403
118900007,5,0,5
118900008,977,22,955
118900009,235,236,-1
118900010,200,38,162
118900011,298,13,285
118900012,346,244,102
118900013,1752,1107,645
118900015,858,27,831
118900016,3,5,-2
118900017,38,288,-250
118900018,1684,38,1646
118900019,3,3,0
118900020,18,151,-133
118900021,271,724,-453
118900022,202,5,197
118900023,74,105,-31
118900024,186,238,-52
118900025,58,228,-170
118900026,73,13,60
118900027,420,270,150
118900028,313,131,182
118900029,272,500,-228
118900030,1983,120,1863
118900031,226,47,179
118900032,353,121,232
118900033,439,950,-511
118900034,472,54,418
118900035,196,106,90
118900036,2020,422,1598
118900037,591,995,-404
118900038,896,56,840
118900039,2138,303,1835
118900040,405,106,299
118900041,1412,139,1273
118900042,162,57,105
118900045,266,254,12
118900046,491,373,118
118900047,230,513,-283
118900048,52,573,-521
118900049,57,10,47
118900050,262,4,258
118900051,122,115,7
118900052,397,622,-225
118900053,10,53,-43
118900054,189,70,119
118900055,366,3,363
118900056,56,275,-219
118900057,1071,758,313
118900058,926,608,318
118900059,28,64,-36
118900060,232,178,54
118900062,410,153,257
118900064,145,949,-804
118900065,168,232,-64
118900066,209,73,136
118900067,2981,6867,-3886
118900068,8,795,-787
118900069,1114,106,1008
118900071,2,12,-10
118900072,884,1399,-515
118900073,676,73,603
118900074,250,56,194
118900075,604,12,592
118900076,354,49,305
118900077,975,140,835
118900078,4,6,-2
118900079,44,85,-41
118900080,386,76,310
118900081,66,33,33
118900082,3692,317,3375
118900083,20,1,19
118900084,19,2,17
118900085,288,199,89
118900086,63,159,-96
118900087,147,1634,-1487
118900088,0,2,-2
118900089,45,17,28
118900090,281,89,192
118900091,227,336,-109
118900092,671,19,652
118900093,110,16,94
118900096,126,7,119
118900097,500,270,230
118900099,40,111,-71
118900100,58,86,-28
118900101,698,170,528
118900102,112,108,4
118900103,31,78,-47
118900104,802,104,698
118900105,286,54,232
118900107,61,39,22
118900108,165,209,-44
118900110,1619,2179,-560
118900111,1702,700,1002
118900112,506,358,148
118900113,149,315,-166
118900114,5,53,-48
118900115,298,239,59
118900116,201,50,151
118900117,263,46,217
118900118,803,137,666
118900119,372,145,227
118900120,89,309,-220
118900121,65,100,-35
118900122,3,1016,-1013
118900123,123,279,-156
118900124,242,234,8
118900126,50,242,-192
118900129,485,108,377
118900130,29,94,-65
118900131,818,259,559
118900132,548,197,351
118900133,4,134,-130
118900135,429,119,310
118900136,477,180,297
118900137,3,82,-79
118900139,748,361,387
118900140,749,259,490
118900141,116,281,-165
118900144,307,134,173
118900145,12,303,-291
118900146,789,393,396
118900147,118,565,-447
118900148,68,51,17
118900150,113,1013,-900
118900152,798,252,546
118900157,51,229,-178
118900158,574,68,506
118900159,0,82,-82
118900161,94,22,72
118900163,56,39,17
118900164,1,34,-33
118900165,206,115,91
118900166,8,0,8
118900167,75,72,3
118900168,69,109,-40
118900169,384,176,208
118900170,881,105,776
118900171,138,11,127
118900174,31,40,-9
118900175,769,327,442
118900176,349,346,3
118900177,193,15,178
118900178,108,58,50
118900179,9,23,-14
118900181,178,47,131
118900182,12,70,-58
118900183,34,194,-160
118900184,276,27,249
118900185,158,39,119
118900186,87,80,7
118900187,184,454,-270
118900188,489,191,298
118900189,38,671,-633
118900190,193,64,129
118900191,1065,61,1004
118900192,1334,65,1269
118900193,2753,29,2724
118900195,249,564,-315
118900196,44,97,-53
118900197,852,6,846
118900198,141,0,141
118900199,201,6,195
118900200,81,53,28
118900201,83,70,13
118900202,2,27,-25
118900203,180,7,173
118900204,26,11,15
118900205,1,4,-3
118900206,4,7,-3
119000001,2478,2047,431
119000002,4951,4390,561
119000003,9055,1085,7970
119000004,5386,2790,2596
119000005,3809,3803,6
119000006,7567,3391,4176
119000007,6637,5920,717
119000008,2952,2525,427
119000009,2824,11885,-9061
119000010,5307,7896,-2589
119000011,2818,3843,-1025
119000012,1452,5980,-4528
119000013,4504,2221,2283
119000014,3479,4020,-541
119000019,514,263,251
119000020,4666,2407,2259
119000021,8970,4924,4046
119000022,1978,6374,-4396
119000023,258,480,-222
119000024,2147,32696,-30549
119000025,4571,1872,2699
119000026,59,848,-789
119000027,150,629,-479
119000028,2564,799,1765
119000029,23,181,-158
119000030,965,901,64
119000031,2383,798,1585
119000032,1870,1555,315
119000033,3903,1024,2879
119000034,3215,614,2601
119000035,25,170,-145
119000036,5407,323,5084
119000037,3264,610,2654
119000038,572,319,253
119000039,1020,704,316
119000040,798,1169,-371
119000041,1582,3007,-1425
119000048,2537,1028,1509
119000049,5342,1520,3822
119000050,1476,3929,-2453
119000051,4121,1851,2270
119000052,3431,2533,898
119000053,3581,1147,2434
119000054,5438,1032,4406
119000055,10438,1183,9255
119000056,6597,1246,5351
119000057,2730,527,2203
119000058,2014,761,1253
119000059,947,645,302
119000060,3785,520,3265
119000061,1241,349,892
119000062,1438,691,747
119000063,1126,787,339
119000064,767,628,139
119000065,1656,2986,-1330
119000066,2599,1314,1285
119000067,2196,720,1476
119000068,3386,506,2880
119000069,3546,1002,2544
119000070,7039,342,6697
119000071,800,281,519
119000072,4918,2534,2384
119000073,7313,14035,-6722
119000074,3182,924,2258
119000075,8871,2412,6459
119000076,176,398,-222
119000077,1855,360,1495
119000078,860,366,494
119000079,418,275,143
119000080,1353,154,1199
119000081,546,262,284
119000082,1653,184,1469
119000083,1137,543,594
119000084,744,238,506
119000085,733,101,632
119000086,479,973,-494
119000087,853,139,714
119000088,369,35,334
119000089,172,170,2
119000090,185,31,154
119000091,110,254,-144
119000092,194,169,25
119000093,4014,1856,2158
119000094,7764,6039,1725
119000095,4728,3144,1584
119000097,1235,754,481
119000098,1592,10216,-8624
119000099,2215,638,1577
119000100,7262,3955,3307
119000101,5863,1776,4087
119000102,424,2004,-1580
119000103,1215,761,454
119000104,1271,616,655
119000105,1840,4331,-2491
119000106,864,487,377
119000107,2491,823,1668
119000108,1194,376,818
119000109,216,305,-89
119000110,337,135,202
119000111,65,849,-784
119000112,181,36,145
119000113,937,147,790
119000114,1907,2784,-877
119000115,85,168,-83
119000116,126,90,36
119000117,416,355,61
119000118,60,0,60
119000123,2380,2420,-40
119000124,2256,170,2086
119000125,9991,507,9484
119000126,2626,329,2297
119000127,1442,224,1218
119000128,53,1,52
119000131,1961,130,1831
119000132,3,0,3
119000133,11,28,-17
119000134,847,1255,-408
119000135,395,236,159
119000136,659,41,618
119000137,724,114,610
119000138,1739,50,1689
119000139,250,76,174
119000140,454,391,63
119000284,1395,1861,-466
119000285,1510,831,679
119000286,4078,2665,1413
119000287,2246,2624,-378
119000288,3285,843,2442
119000289,1782,1841,-59
119000290,429,405,24
119000291,93,524,-431
119000293,211,293,-82
119000294,69,57,12
119000295,2351,268,2083
119000296,584,82,502
119000302,1448,1438,10
119000303,5,164,-159
119000314,2413,18866,-16453
119000315,1,83,-82
119000316,486,63,423
119000317,277,95,182
119900001,104,2507,-2403
119900002,694,184,510
119900003,1,185,-184
119900004,171,4891,-4720
119900005,599,83,516
119900006,91,601,-510
119900007,578,413,165
119900008,68,601,-533
119900009,617,251,366
119900010,1421,310,1111
119900011,20,577,-557
119900012,9,316,-307
119900013,1613,1133,480
119900014,896,70,826
119900015,726,87,639
119900016,163,105,58
119900017,34,92,-58
119900018,736,2736,-2000
119900019,132,5,127
119900020,210,130,80
119900021,320,83,237
119900022,94,1934,-1840
119900023,425,4407,-3982
119900025,976,26,950
119900026,666,127,539
119900027,12,22,-10
119900028,552,419,133
119900029,4,1,3
119900030,1001,892,109
119900031,99,1421,-1322
119900033,1122,257,865
119900034,1961,38,1923
119900037,372,14,358
119900038,19,1011,-992
119900039,172,9,163
119900040,184,36,148
119900041,643,8,635
119900042,123,1220,-1097
119900043,145,226,-81
119900044,157,1257,-1100
119900046,554,9,545
119900047,1242,425,817
119900048,143,5,138
119900049,301,4,297
119900050,371,259,112
119900051,2022,59,1963
119900052,358,30,328
119900053,749,224,525
119900054,919,12,907
119900055,2203,245,1958
119900057,949,8,941
119900058,944,8,936
119900059,273,10,263
119900060,695,52,643
119900062,486,7,479
119900063,37,126,-89
119900064,1593,241,1352
119900065,489,3,486
119900066,2,0,2
119900067,159,231,-72
119900068,1523,3,1520
119900069,319,10,309
119900070,1714,9,1705
119900071,1936,47,1889
119900073,3014,156,2858
119900074,111,41,70
119900075,1960,1677,283
119900076,1327,263,1064
119900077,2505,210,2295
119900078,1287,1364,-77
119900079,2019,263,1756
119900080,3497,610,2887
119900081,2626,1213,1413
119900082,4720,481,4239
119900083,705,80,625
119900084,1095,503,592
119900085,78,24,54
119900087,291,594,-303
119900088,119,18,101
119900089,45,145,-100
119900090,128,5,123
119900091,72,187,-115
119900092,11,493,-482
119900093,2178,159,2019
119900094,5,167,-162
119900095,316,37,279
119900096,60,105,-45
119900097,90,185,-95
119900098,37,9,28
119900099,30,107,-77
119900100,382,2865,-2483
119900101,129,666,-537
119900102,72,45,27
119900103,74,71,3
119900104,39,69,-30
119900105,826,904,-78
119900106,11,70,-59
119900107,326,854,-528
119900108,2791,542,2249
119900109,35,77,-42
119900110,787,298,489
119900111,410,72,338
119900112,531,1426,-895
119900113,80,203,-123
119900114,482,216,266
119900115,1405,233,1172
119900116,286,501,-215
119900117,571,187,384
119900118,337,181,156
119900119,618,127,491
119900120,459,166,293
119900121,1274,257,1017
119900122,145,67,78
119900123,147,179,-32
119900124,512,215,297
119900125,70,87,-17
119900126,1240,236,1004
119900127,624,178,446
119900128,944,1203,-259
119900129,760,113,647
119900130,31,68,-37
119900131,116,61,55
119900132,1,20,-19
119900133,387,81,306
119900134,258,50,208
119900135,0,141,-141
119900136,139,144,-5
119900138,316,284,32
119900139,14,1023,-1009
119900140,16,63,-47
119900141,12,1157,-1145
119900142,25,34,-9
119900143,22,132,-110
119900144,725,235,490
119900145,49,246,-197
119900146,484,210,274
119900147,0,186,-186
119900148,795,23,772
119900149,403,11648,-11245
119900150,140,81,59
119900151,2257,1151,1106
119900152,478,81,397
119900153,446,59,387
119900154,28,116,-88
119900155,98,13,85
119900156,9,4,5
119900157,251,59,192
119900158,330,68,262
119900159,6,260,-254
119900160,8,80,-72
119900161,203,53,150
119900162,2572,903,1669
119900163,229,223,6
119900164,0,1,-1
119900165,266,37,229
119900166,136,52,84
119900167,2,27,-25
119900168,2953,239,2714
119900169,33,362,-329
119900170,354,212,142
119900171,1246,559,687
119900172,44,25,19
119900173,5,53,-48
119900174,1,88,-87
119900175,4393,374,4019
119900177,15,56,-41
119900178,0,81,-81
119900179,480,1940,-1460
119900180,2848,686,2162
119900181,22,52,-30
119900182,1,68,-67
119900183,140,394,-254
119900184,616,449,167
119900185,70,527,-457
119900186,17,2599,-2582
119900187,5,126,-121
119900188,196,294,-98
119900189,152,244,-92
119900190,159,496,-337
119900191,235,337,-102
119900192,58,79,-21
119900193,1650,114,1536
119900194,81,24,57
119900195,7,90,-83
119900196,336,143,193
119900197,719,149,570
119900198,103,753,-650
119900199,227,31,196
119900200,1134,1427,-293
119900201,159,72,87
119900202,107,460,-353
119900203,273,858,-585
119900204,508,229,279
119900205,2656,289,2367
119900206,590,467,123
119900208,519,94,425
119900209,838,3730,-2892
119900210,191,7,184
119900211,120,4,116
119900212,818,413,405
119900213,7,81,-74
119900214,232,32,200
119900215,75,15,60
119900216,41,18,23
119900217,22,7,15
119900218,12,262,-250
119900219,52,57,-5
119900220,2,6,-4
119900221,71,47,24
119900222,21,51,-30
119900223,14,20,-6
119900224,17,4,13
119900225,266,53,213
119900226,159,3457,-3298
119900227,208,99,109
119900228,15,2036,-2021
119900229,83,141,-58
119900230,1820,211,1609
119900231,839,56,783
119900232,226,100,126
119900233,111,9,102
119900234,4,174,-170
119900235,2,34,-32
119900236,123,151,-28
119900237,212,454,-242
119900238,1,61,-60
119900240,207,74,133
119900241,448,164,284
119900242,2048,2014,34
119900244,719,980,-261
119900245,367,196,171
119900246,219,453,-234
119900247,14,15,-1
119900248,41,1042,-1001
119900249,639,123,516
119900253,1384,345,1039
119900254,119,2635,-2516
119900255,115,344,-229
119900256,2241,331,1910
119900257,265,5,260
119900258,768,38,730
119900259,7,47,-40
119900260,455,10,445
119900261,889,1639,-750
119900262,1,71,-70
119900263,2127,358,1769
119900264,423,29,394
119900265,975,347,628
119900266,1072,217,855
119900267,296,268,28
119900268,458,54,404
119900269,2462,509,1953
119900271,144,108,36
119900272,189,160,29
119900275,171,12,159
119900276,78,4,74
119900277,8,1,7
119900278,683,63,620
119900279,175,476,-301
119900280,661,40,621
119900281,1,623,-622
119900282,36,116,-80
119900283,52,51,1
119900284,28,126,-98
119900285,40,343,-303
119900286,28,37,-9
119900288,3,1,2
119900289,0,13,-13
119900290,7,0,7
119900291,1,38,-37
119900292,13,103,-90
119900293,72,14,58
119900294,41,0,41
119900295,17,1,16
119900296,241,6,235
119900299,453,246,207
119900300,1188,788,400
119900301,62,201,-139
119900302,39,233,-194
119900303,1037,1364,-327
119900304,517,2,515
119900305,1,55,-54
119900306,23,3,20
119900307,80,45,35
119900308,13,24,-11
119900309,65,363,-298
119900310,537,147,390
119900311,384,44,340
119900312,151,25,126
119900313,281,265,16
119900314,373,609,-236
119900315,4893,727,4166
119900318,31,161,-130
119900319,6,84,-78
119900320,669,139,530
119900321,644,37,607
119900322,10,22,-12
119900323,4,17,-13
119900324,0,48,-48
119900325,3,71,-68
119900326,2,5,-3
120000001,12039,45605,-33566
120000002,3866,2975,891
120000003,2690,767,1923
120000004,3572,957,2615
120000005,3491,1203,2288
120000006,2079,828,1251
120000007,3721,6115,-2394
120000008,1705,714,991
120000009,1368,969,399
120000010,3349,6026,-2677
120000011,1724,1289,435
120000012,2579,1250,1329
120000013,5555,2741,2814
120000014,1458,1264,194
120000015,3891,1433,2458
120000016,6213,2667,3546
120000017,6755,6714,41
120000018,4173,29234,-25061
120000019,1794,1598,196
120000020,2578,3905,-1327
120000021,2158,1094,1064
120000022,3067,3424,-357
120000023,2265,1407,858
120000024,1472,1643,-171
120000025,4594,1387,3207
120000026,5921,1445,4476
120000027,3696,2112,1584
120000028,747,1743,-996
120000029,1820,1300,520
120000030,230,1590,-1360
120000031,2657,6815,-4158
120000032,4956,2078,2878
120000033,5974,818,5156
120000034,8039,756,7283
120000035,7173,1152,6021
120000036,5333,6823,-1490
120000037,672,3298,-2626
120000038,4519,2696,1823
120000039,730,2188,-1458
120000040,111,11085,-10974
120000041,1066,1760,-694
120000042,6026,1451,4575
120000043,10429,838,9591
120000044,13572,2026,11546
120000045,13863,670,13193
120000046,9251,8025,1226
120000047,790,19213,-18423
120000048,8053,3800,4253
120000049,6814,2492,4322
120000050,5489,4661,828
120000051,2775,6102,-3327
120000052,6735,806,5929
120000053,2687,1115,1572
120000054,2511,2146,365
120000055,2267,2950,-683
120000056,5558,3550,2008
120000057,5321,2564,2757
120000058,1884,1111,773
120000059,22,2975,-2953
120000061,177,1069,-892
120000062,258,195,63
120000063,680,2156,-1476
120000064,628,864,-236
120000065,616,4209,-3593
120000066,324,216,108
120000067,36,187,-151
120000068,663,198,465
120000069,1435,242,1193
120000070,449,511,-62
120000071,2296,162,2134
120000072,2534,586,1948
120000073,2641,85,2556
120000074,142,134,8
120000075,2691,633,2058
120000076,5832,1535,4297
120000077,5722,476,5246
120000078,3304,1014,2290
120000079,382,132,250
120000080,58,183,-125
120000081,427,103,324
120000082,453,124,329
120000083,51,967,-916
120000084,426,447,-21
120000085,393,759,-366
120000086,318,219,99
120000087,399,254,145
120000088,979,614,365
120000089,1273,296,977
120000090,1198,360,838
120000091,2550,1411,1139
120000092,1492,303,1189
120000093,2066,455,1611
120000094,736,692,44
120000095,1223,159,1064
120000096,703,301,402
120000098,1609,1913,-304
120000099,732,316,416
120000100,1353,494,859
120000101,1277,479,798
120000102,1490,1571,-81
120000103,2716,1084,1632
120000104,4854,467,4387
120000105,4731,217,4514
120000106,7870,297,7573
120000107,13284,668,12616
120000108,4810,190,4620
120000109,2836,76,2760
120000110,74,594,-520
120000111,176,603,-427
120000112,809,1111,-302
120000113,701,1363,-662
120000114,631,688,-57
120000115,537,649,-112
120000116,473,1064,-591
120000117,618,599,19
120000118,57,50,7
120000119,8,45,-37
120000120,296,464,-168
120000121,30,14,16
120000122,300,1823,-1523
120000123,2185,17395,-15210
120000124,743,444,299
120000125,2048,638,1410
120000126,779,1573,-794
120000127,890,964,-74
120000128,3137,4015,-878
120000129,269,195,74
120000130,1227,472,755
120000131,883,504,379
120000134,930,147,783
120000135,2116,858,1258
120000137,674,223,451
120000138,4621,189,4432
120000139,792,384,408
120000140,3828,169,3659
120000141,1042,1738,-696
120000142,1716,1677,39
120000143,0,26,-26
120000144,342,22,320
120000145,1462,1,1461
120000146,819,1272,-453
120000149,620,437,183
120000150,1511,16631,-15120
120000151,1485,260,1225
120000152,3040,127,2913
120000153,2412,449,1963
120000154,1160,1054,106
120000155,607,656,-49
120000156,885,4080,-3195
120000157,3189,487,2702
120000158,1973,828,1145
120000159,2967,1218,1749
120000160,2551,1584,967
120000161,7342,3389,3953
120000162,266,277,-11
120000163,2272,435,1837
120000164,2048,163,1885
120000165,2804,254,2550
120000166,4160,431,3729
120000167,104,159,-55
120000168,4,403,-399
120000169,7,1177,-1170
120000170,12,1110,-1098
120000171,3,350,-347
120000172,1,262,-261
120000173,98,591,-493
120000174,25,108,-83
120000175,21,19,2
120000176,7,39,-32
120000177,545,126,419
120000178,10,35,-25
120000179,74,81,-7
120000180,34,128,-94
120000181,33,807,-774
120000182,17,660,-643
120000183,3,128,-125
120000184,70,682,-612
120000186,25,524,-499
120000187,11,649,-638
120000188,18,238,-220
120000190,35,20,15
120000191,72,35,37
120000192,85,8,77
120000193,32,3,29
120000195,6,0,6
120000196,16,4,12
120000197,9,4,5
120000198,737,14,723
120000199,861,0,861
120000200,574,1,573
120000201,44,181,-137
120000202,0,38,-38
120000203,379,107,272
120000207,2,23,-21
120000208,50,24,26
120000209,31,16,15
120000210,35,22,13
120000211,1375,6,1369
120000212,1033,3,1030
120000213,840,320,520
120000214,0,53,-53
120000215,7,64,-57
120000216,1115,52,1063
120000217,239,623,-384
120000218,40,420,-380
120000219,3,301,-298
120000220,2,632,-630
120000225,5127,1,5126
120000226,1325,21,1304
120000227,1776,329,1447
120000228,11602,7576,4026
120000230,927,44,883
120000231,4333,447,3886
120000233,2055,9,2046
120000235,899,460,439
120000236,4944,7,4937
120000237,1,751,-750
120000238,0,294,-294
120000241,1725,8284,-6559
120000412,1091,4,1087
120000413,1611,146,1465
120000414,721,3,718
120000415,0,24,-24
120000416,365,26,339
120000417,39,1374,-1335
120000418,769,26,743
120000419,34,38,-4
120000420,97,9,88
120000421,9007,4813,4194
120000422,94,5549,-5455
120000423,7,235,-228
120000424,949,79,870
120000436,149,2302,-2153
120000437,91,84,7
120000438,1507,256,1251
120000439,388,1134,-746
120000443,433,0,433
120000444,3907,608,3299
120000445,4151,1766,2385
120000446,1176,102,1074
120000447,1651,2,1649
120000449,577,10,567
120000450,4,88,-84
120000451,365,94,271
120000452,176,1,175
120000453,0,22,-22
120000454,65,175,-110
120000455,173,35,138
120000456,1768,8849,-7081
120000457,558,208,350
120000458,684,355,329
120000459,664,112,552
120000665,119,517,-398
120000668,115,1463,-1348
120000669,1070,101,969
120000670,74,388,-314
120000671,6526,1357,5169
120000672,67,391,-324
120900001,126,43,83
120900002,198,752,-554
120900003,268,6,262
120900004,29,259,-230
120900005,209,281,-72
120900006,1842,229,1613
120900007,406,136,270
120900008,1332,445,887
120900009,297,4,293
120900010,1574,249,1325
120900011,26,128,-102
120900012,41,1914,-1873
120900013,690,92,598
120900014,1,198,-197
120900015,2434,234,2200
120900016,3880,77,3803
120900017,1575,66,1509
120900018,827,164,663
120900019,797,561,236
120900020,473,570,-97
120900021,679,109,570
120900022,5,60,-55
120900023,1072,1250,-178
120900024,1825,710,1115
120900025,1502,660,842
120900026,318,104,214
120900027,788,18,770
120900028,1236,303,933
120900029,33,1689,-1656
120900030,3788,441,3347
120900031,794,87,707
120900032,3802,301,3501
120900033,3355,209,3146
120900034,10,4623,-4613
120900035,345,87,258
120900037,938,26,912
120900038,160,878,-718
120900039,189,72,117
120900040,1228,14,1214
120900041,27,9,18
120900042,1613,27,1586
120900043,365,108,257
120900044,3,611,-608
120900045,265,43,222
120900046,2114,7,2107
120900047,279,421,-142
120900048,343,18,325
120900049,1718,14,1704
120900050,645,6940,-6295
120900051,1357,76,1281
120900052,3233,15,3218
120900053,1312,50,1262
120900054,1163,215,948
120900055,1817,14,1803
120900056,1454,60,1394
120900057,797,12,785
120900058,1987,20,1967
120900059,388,6,382
120900060,234,18,216
120900061,353,98,255
120900062,1010,0,1010
120900063,2291,33,2258
120900064,2147,5,2142
120900065,1574,4,1570
120900066,3502,330,3172
120900067,509,137,372
120900068,1392,3,1389
120900069,1301,31,1270
120900071,98,2,96
120900072,2145,23,2122
120900073,2264,73,2191
120900074,4408,176,4232
120900076,1516,1,1515
120900077,1450,480,970
120900078,1848,199,1649
120900079,3448,657,2791
120900080,2873,353,2520
120900081,3926,439,3487
120900082,991,573,418
120900083,348,9,339
120900084,1058,687,371
120900085,58,64,-6
120900086,55,1477,-1422
120900087,833,267,566
120900088,291,1311,-1020
120900089,3842,7450,-3608
120900090,635,24,611
120900091,231,1240,-1009
120900092,180,186,-6
120900093,983,99,884
120900094,308,97,211
120900095,523,18,505
120900096,235,166,69
120900097,949,288,661
120900098,48,121,-73
120900099,197,22,175
120900100,75,97,-22
120900101,28,73,-45
120900102,184,29,155
120900103,274,170,104
120900104,12,34,-22
120900105,12,338,-326
120900106,293,153,140
120900107,185,91,94
120900108,5,272,-267
120900109,87,274,-187
120900110,3,246,-243
120900111,296,201,95
120900112,34,180,-146
120900113,6,480,-474
120900114,66,74,-8
120900115,171,245,-74
120900116,2564,153,2411
120900117,19,97,-78
120900118,65,2576,-2511
120900119,5885,2599,3286
120900120,134,243,-109
120900121,55,224,-169
120900122,2505,187,2318
120900123,8,85,-77
120900124,6,183,-177
120900125,17,325,-308
120900126,210,335,-125
120900127,21,127,-106
120900128,415,561,-146
120900129,2,174,-172
120900130,12,196,-184
120900131,43,120,-77
120900132,2698,185,2513
120900133,23,502,-479
120900134,127,140,-13
120900135,4,769,-765
120900136,29,166,-137
120900137,919,91,828
120900138,2,124,-122
120900139,1,233,-232
120900140,0,202,-202
120900141,789,143,646
120900142,0,113,-113
120900143,3,227,-224
120900144,34,45,-11
120900145,132,2539,-2407
120900146,1,111,-110
120900147,3,3,0
120900148,395,140,255
120900149,0,82,-82
120900150,164,72,92
120900151,0,103,-103
120900152,98,5,93
120900153,0,0,0
120900154,2,60,-58
120900155,483,248,235
120900156,606,90,516
120900157,0,10,-10
120900158,115,203,-88
120900159,0,49,-49
120900160,59,479,-420
120900161,10,340,-330
120900162,20,277,-257
120900163,45,392,-347
120900164,0,31,-31
120900165,1,41,-40
120900166,64,689,-625
120900167,136,34,102
120900169,362,150,212
120900170,491,7824,-7333
120900171,460,75,385
120900172,31,733,-702
120900173,17,24,-7
120900174,13,160,-147
120900175,194,92,102
120900176,34,696,-662
120900177,3,4125,-4122
120900178,1,1610,-1609
120900179,91,98,-7
120900180,52,129,-77
120900181,11,26,-15
120900182,88,60,28
120900183,401,80,321
120900184,133,50,83
120900185,246,1262,-1016
120900186,1,151,-150
120900187,1783,718,1065
120900188,994,19,975
120900189,43,6430,-6387
120900190,641,24,617
120900191,433,3,430
120900192,5645,27498,-21853
120900194,234,148,86
120900195,241,126,115
120900196,502,6,496
120900197,1325,76,1249
120900198,84,384,-300
120900199,468,1481,-1013
120900200,35,114,-79
120900201,177,74,103
120900202,0,94,-94
120900203,34,45,-11
120900204,43,117,-74
120900205,448,18,430
120900206,125,124,1
121000001,1005,1492,-487
121000002,3240,2631,609
121000003,5829,2137,3692
121000004,2394,4677,-2283
121000005,3151,3767,-616
121000006,2818,3891,-1073
121000007,3934,4989,-1055
121000008,5233,6095,-862
121000009,6123,10789,-4666
121000010,6774,8897,-2123
121000011,7117,8172,-1055
121000012,13981,5355,8626
121000013,7040,5956,1084
121000014,5439,3511,1928
121000015,5944,8462,-2518
121000016,4038,5521,-1483
121000017,4802,2232,2570
121000018,5035,2149,2886
121000019,9082,8672,410
121000020,9800,15291,-5491
121000021,2186,3246,-1060
121000022,3578,4431,-853
121000023,3479,1835,1644
121000024,6766,8309,-1543
121000025,373,2558,-2185
121000026,257,167,90
121000027,1726,1634,92
121000028,1248,741,507
121000029,1520,641,879
121000030,1120,503,617
121000031,487,672,-185
121000032,185,103,82
121000034,432,680,-248
121000035,159,252,-93
121000036,1794,1190,604
121000037,877,1215,-338
121000038,362,1275,-913
121000039,222,492,-270
121000041,520,481,39
121000042,303,375,-72
121000043,543,613,-70
121000044,1298,1682,-384
121000045,882,398,484
121000046,1607,972,635
121000047,68,87,-19
121000049,1153,700,453
121000050,255,2073,-1818
121000051,1160,406,754
121000052,598,1129,-531
121000053,338,245,93
121000054,37,578,-541
121000055,1108,2992,-1884
121000056,1030,2033,-1003
121000057,234,490,-256
121000058,225,113,112
121000059,4526,1046,3480
121000060,804,1250,-446
121000061,12,647,-635
121000062,87,694,-607
121000063,1219,1518,-299
121000064,977,1197,-220
121000065,293,632,-339
121000066,851,725,126
121000067,399,1151,-752
121000068,544,690,-146
121000069,169,1609,-1440
121000070,1356,1585,-229
121000071,2566,1992,574
121000072,724,1525,-801
121000073,1176,2625,-1449
121000074,55,433,-378
121000075,37,51,-14
121000076,380,322,58
121000077,140,164,-24
121000078,88,186,-98
121000080,1884,519,1365
121000081,3373,4655,-1282
121000082,104,163,-59
121000083,46,147,-101
121000084,155,187,-32
121000085,172,739,-567
121000086,1433,876,557
121000087,72,292,-220
121000088,1053,1129,-76
121000089,206,769,-563
121000090,342,360,-18
121000091,1628,835,793
121000092,375,52,323
121000093,437,192,245
121000094,464,1426,-962
121000095,373,905,-532
121000096,7684,1972,5712
121000097,643,2388,-1745
121000098,1281,497,784
121000099,1454,581,873
121000100,1965,182,1783
121000101,695,137,558
121000102,817,168,649
121000103,553,301,252
121000104,858,132,726
121000105,757,81,676
121000106,668,232,436
121000107,2116,2618,-502
121000109,1470,1029,441
121000110,195,802,-607
121000114,3555,2091,1464
121000115,2532,576,1956
121000116,382,832,-450
121000117,339,295,44
121000118,2127,245,1882
121000119,654,311,343
121000120,967,1238,-271
121000121,961,1872,-911
121000123,1105,341,764
121000126,80,289,-209
121000127,429,156,273
121000128,2573,137,2436
121000129,2463,271,2192
121000130,1330,1248,82
121000131,2390,1245,1145
121000132,886,839,47
121000135,507,685,-178
121000136,789,1848,-1059
121000137,867,640,227
121000138,435,3672,-3237
121000139,188,1002,-814
121000141,276,216,60
121000142,621,460,161
121000143,139,24,115
121000144,632,1064,-432
121000145,1034,700,334
121000146,1696,963,733
121000147,2362,586,1776
121000148,1107,459,648
121000149,4424,2067,2357
121000152,292,565,-273
121000153,1584,475,1109
121000154,1763,554,1209
121000155,2431,1144,1287
121000156,502,973,-471
121000157,508,1040,-532
121000158,355,245,110
121000159,401,353,48
121000160,441,194,247
121000161,312,387,-75
121000162,318,112,206
121000165,1060,2324,-1264
121000166,82,409,-327
121000168,975,122,853
121000169,140,88,52
121000170,494,129,365
121000171,51,122,-71
121000172,1368,1786,-418
121000173,1611,1854,-243
121000174,1226,698,528
121000175,2779,352,2427
121000176,692,225,467
121000177,1222,615,607
121000178,107,109,-2
121000179,84,276,-192
121000181,399,416,-17
121000182,279,670,-391
121000183,111,336,-225
121000184,52,286,-234
121000185,10,447,-437
121000186,241,795,-554
121000187,433,298,135
121000188,604,47,557
121000192,1431,273,1158
121000193,1211,277,934
121000194,2029,1900,129
121000195,374,1266,-892
121000196,767,517,250
121000197,120,852,-732
121000198,159,266,-107
121000199,379,262,117
121000200,939,209,730
121000201,9,244,-235
121000202,1145,161,984
121000203,1313,1395,-82
121000204,4930,639,4291
121000205,228,257,-29
121000206,170,75,95
121000207,3768,1065,2703
121000208,51,402,-351
121000209,1450,78,1372
121000210,1628,433,1195
121000211,791,123,668
121000212,754,513,241
121000213,16467,4005,12462
121000214,1502,3421,-1919
121000215,744,1707,-963
121000216,648,946,-298
121000217,5509,5311,198
121000218,612,2095,-1483
121000219,2326,1000,1326
121000220,370,84,286
121000221,950,799,151
121000222,8383,3681,4702
121000223,155,653,-498
121000224,164,496,-332
121000225,604,12413,-11809
121000226,1039,3863,-2824
121000227,5,169,-164
121000228,51,646,-595
121000229,979,412,567
121000230,83,3063,-2980
121000231,3185,48,3137
121000232,500,293,207
121000233,1387,495,892
121000234,31,37,-6
121000235,79,191,-112
121000236,1,47,-46
121000237,31,86,-55
121000238,9,107,-98
121000239,244,26,218
121000240,10,140,-130
121000241,121,7,114
121000242,7,163,-156
121000243,264,59,205
121000244,4,48,-44
121000245,67,8,59
121000246,1,57,-56
121000247,241,3,238
121000248,421,276,145
121000249,176,296,-120
121000250,949,838,111
121000251,20,291,-271
121000252,323,215,108
121000253,751,729,22
121000254,1348,422,926
121000255,131,631,-500
121000256,528,686,-158
121000257,45,307,-262
121000258,70,344,-274
121000259,26,183,-157
121000260,17,134,-117
121000261,102,261,-159
121000262,1985,527,1458
121000263,847,1461,-614
121000271,1301,1906,-605
121000273,92,8,84
121000274,54,445,-391
121000275,23,20,3
121000276,30,195,-165
121000278,210,32,178
121000279,82,97,-15
121000280,84,116,-32
121000289,869,13,856
121000290,1513,1363,150
121000294,820,41,779
121000297,345,1380,-1035
121000299,162,5561,-5399
121000300,1905,895,1010
121000302,13,631,-618
121000303,1147,270,877
121000304,783,60,723
121000305,507,58,449
121000306,386,231,155
121000308,168,220,-52
121000309,190,263,-73
121000310,178,227,-49
121000311,81,244,-163
121000312,539,411,128
121000313,206,253,-47
121000314,11,44,-33
121000315,23,104,-81
121000530,4080,1559,2521
121000531,3318,2124,1194
121000532,6079,7277,-1198
121000533,5098,3091,2007
121000918,32,102,-70
121000919,33,119,-86
121000938,93,143,-50
121000939,41,283,-242
121000956,3477,2724,753
121000957,4,38,-34
121000958,4,195,-191
121000959,2643,388,2255
121000960,2664,1514,1150
121000961,724,50,674
121000962,172,256,-84
121000973,4,667,-663
121000976,26,111,-85
121000979,540,136,404
121000981,802,86,716
121000982,894,445,449
121000983,1030,112,918
121000984,7,75,-68
121000985,2146,761,1385
121000986,2023,285,1738
121000987,426,534,-108
121000988,2596,89,2507
121001302,312,115,197
121001308,1,26,-25
121001309,18,651,-633
121001313,526,307,219
121001314,2452,2736,-284
121001315,6648,4448,2200
121900001,229,756,-527
121900002,41,167,-126
121900003,654,6,648
121900004,43,608,-565
121900005,29,4,25
121900006,372,38,334
121900007,2184,2434,-250
121900008,57,141,-84
121900009,1345,16,1329
121900010,571,1,570
121900011,439,179,260
121900012,17,1,16
121900013,43,137,-94
121900014,2991,405,2586
121900015,118,144,-26
121900016,9,44,-35
121900017,931,1621,-690
121900018,925,9,916
121900019,996,247,749
121900020,69,9,60
121900021,2182,37,2145
121900022,400,123,277
121900023,257,467,-210
121900024,498,25,473
121900025,870,408,462
121900026,352,68,284
121900027,592,296,296
121900028,349,10,339
121900029,209,436,-227
121900030,581,460,121
121900031,1553,10053,-8500
121900032,206,78,128
121900033,150,180,-30
121900034,299,201,98
121900035,5635,3575,2060
121900036,246,220,26
121900037,370,856,-486
121900038,57,25,32
121900039,273,36,237
121900040,89,107,-18
121900041,29,177,-148
121900042,746,139,607
121900043,0,0,0
121900044,85,78,7
121900046,201,152,49
121900047,276,46,230
121900048,175,58,117
121900050,45,166,-121
121900051,264,322,-58
121900052,239,16,223
121900053,633,559,74
121900054,612,2380,-1768
121900055,4,18,-14
121900058,585,185,400
121900059,344,162,182
121900060,212,523,-311
121900061,199,224,-25
121900062,178,154,24
121900063,2929,384,2545
121900064,812,748,64
121900066,220,52,168
121900067,112,271,-159
121900069,144,168,-24
121900070,184,308,-124
121900071,1355,342,1013
121900072,66,103,-37
121900073,340,208,132
121900074,385,635,-250
121900075,521,1071,-550
121900076,739,1031,-292
121900077,36,14,22
121900078,291,110,181
121900079,2,0,2
121900080,1376,235,1141
121900082,114,83,31
121900084,40,38,2
121900085,1,3,-2
121900086,42,29,13
121900087,111,55,56
121900088,1620,2153,-533
121900089,649,162,487
121900090,55,213,-158
121900091,121,13,108
121900092,371,88,283
121900093,137,83,54
121900094,14,20,-6
121900095,619,123,496
121900096,1883,653,1230
121900097,1159,109,1050
121900098,14,7,7
121900099,648,34,614
121900100,89,196,-107
121900101,168,93,75
121900102,2,68,-66
121900103,739,303,436
121900104,2993,646,2347
121900105,246,206,40
121900106,3,20,-17
121900107,271,42,229
121900108,0,15,-15
121900109,306,117,189
121900110,1388,368,1020
121900111,446,393,53
121900112,221,123,98
121900113,30,861,-831
121900114,142,99,43
121900117,146,68,78
121900118,1620,711,909
121900119,168,167,1
121900120,52,1003,-951
121900121,468,25,443
121900122,212,65,147
121900123,361,382,-21
121900124,215,315,-100
121900125,2736,1391,1345
121900127,26,63,-37
121900128,165,53,112
121900129,150,111,39
121900130,122,291,-169
121900131,474,163,311
121900132,194,136,58
121900133,11,810,-799
121900134,11,314,-303
121900135,4850,380,4470
121900136,332,738,-406
121900137,26,381,-355
121900138,117,276,-159
121900139,456,1942,-1486
121900140,71,61,10
121900141,85,69,16
121900142,153,9,144
121900143,15,178,-163
121900144,134,541,-407
121900145,336,822,-486
121900146,525,408,117
121900147,99,134,-35
121900148,82,177,-95
121900149,446,321,125
121900150,111,87,24
121900151,26,217,-191
121900152,266,74,192
121900153,32,266,-234
121900154,1,302,-301
121900155,1,412,-411
121900156,178,145,33
121900157,2,66,-64
121900158,137,134,3
121900159,0,81,-81
121900160,117,125,-8
121900161,138,252,-114
121900162,75,105,-30
121900163,977,210,767
121900164,213,177,36
121900165,183,159,24
121900166,158,94,64
121900167,86,24,62
121900168,116,30,86
121900169,46,141,-95
121900170,19,85,-66
121900171,1426,498,928
121900172,770,242,528
121900173,726,320,406
121900174,198,31,167
121900175,94,863,-769
121900176,1260,1543,-283
121900177,290,144,146
121900178,104,36,68
121900179,416,450,-34
121900180,1355,9874,-8519
121900182,602,376,226
121900183,244,3157,-2913
121900184,46,961,-915
121900186,10,537,-527
121900187,23,127,-104
121900188,1844,121,1723
121900189,82,106,-24
121900190,188,512,-324
121900191,47,321,-274
121900192,261,2436,-2175
121900193,76,207,-131
121900194,10,212,-202
121900195,8,37,-29
121900196,1016,1087,-71
121900197,499,788,-289
121900198,3035,3740,-705
121900199,1,59,-58
121900200,63,402,-339
121900201,692,1533,-841
121900202,173,1537,-1364
121900203,115,1468,-1353
121900204,1044,2256,-1212
121900205,40,93,-53
121900206,43,52,-9
121900207,36,72,-36
121900208,86,461,-375
121900209,374,126,248
121900210,3669,1752,1917
121900211,20,65,-45
121900212,85,202,-117
121900213,991,39,952
121900214,3,898,-895
121900215,74,226,-152
121900216,4,489,-485
121900217,138,427,-289
121900218,178,820,-642
121900220,123,19,104
121900221,445,425,20
121900222,505,57,448
121900223,133,117,16
121900224,181,147,34
121900225,119,518,-399
121900226,339,43,296
121900227,403,2231,-1828
121900228,176,323,-147
121900230,65,327,-262
121900231,28,1023,-995
121900232,109,511,-402
121900233,370,172,198
121900234,482,251,231
121900235,1219,92,1127
121900236,402,188,214
121900237,207,508,-301
121900238,126,315,-189
121900239,221,42,179
121900240,176,144,32
121900241,77,65,12
121900242,34,0,34
121900243,16,1,15
121900244,27,1,26
121900245,437,71,366
121900246,8863,309,8554
121900247,259,646,-387
121900248,1435,954,481
121900250,253,221,32
121900251,653,25,628
121900252,532,134,398
121900253,25,589,-564
121900254,211,253,-42
121900255,579,85,494
121900258,5484,2307,3177
121900259,252,431,-179
121900260,351,91,260
121900261,162,623,-461
121900262,482,1394,-912
121900263,364,301,63
121900264,840,984,-144
121900265,843,134,709
121900266,1340,103,1237
121900267,215,38,177
121900269,358,1340,-982
121900270,98,310,-212
121900271,85,164,-79
121900273,746,2622,-1876
121900274,992,287,705
121900277,306,831,-525
121900278,147,1153,-1006
121900279,286,200,86
121900280,170,501,-331
121900281,126,157,-31
121900284,45,0,45
121900286,381,285,96
121900287,13,102,-89
121900288,2,4,-2
121900290,142,1294,-1152
121900291,422,826,-404
121900292,363,97,266
121900293,1210,5448,-4238
121900294,539,25,514
121900295,306,100,206
121900296,148,161,-13
121900298,170,1481,-1311
121900299,0,40,-40
121900300,59,22,37
121900301,23,0,23
121900302,43,102,-59
121900303,142,309,-167
121900304,58,28,30
121900305,43,37,6
121900306,910,1,909
121900307,613,16,597
121900308,35,146,-111
121900309,22,95,-73
121900310,56,128,-72
121900311,1201,62,1139
121900312,742,9,733
121900313,866,7,859
121900314,23,11,12
121900315,66,0,66
121900316,0,2,-2
121900317,78,24,54
121900318,0,2,-2
121900319,64,277,-213
121900320,45,6,39
121900321,60,0,60
121900322,6,2,4
121900323,35,63,-28
121900324,7,17,-10
121900325,23,0,23
121900326,3,9,-6
121900327,19,53,-34
121900328,0,47,-47
121900329,5,65,-60
121900330,2,123,-121
121900331,8,266,-258
121900332,56,43,13
121900333,88,0,88
122000001,1875,3379,-1504
122000002,3251,545,2706
122000003,961,2122,-1161
122000004,1101,1533,-432
122000005,5577,2469,3108
122000006,485,863,-378
122000007,452,898,-446
122000008,947,2007,-1060
122000009,288,354,-66
122000010,2232,2539,-307
122000011,3557,1071,2486
122000012,694,1656,-962
122000013,704,1132,-428
122000014,7062,1277,5785
122000015,1326,702,624
122000016,433,450,-17
122000017,1088,1044,44
122000018,2654,1463,1191
122000019,897,2204,-1307
122000020,266,417,-151
122000021,146,375,-229
122000022,839,1122,-283
122000023,765,1785,-1020
122000024,417,1929,-1512
122000025,399,2248,-1849
122000026,289,1031,-742
122000027,781,651,130
122000028,1578,596,982
122000029,431,620,-189
122000030,198,138,60
122000031,205,544,-339
122000032,2577,1924,653
122000033,445,1616,-1171
122000034,304,973,-669
122000035,146,398,-252
122000036,565,397,168
122000037,504,255,249
122000038,187,323,-136
122000039,559,372,187
122000040,202,332,-130
122000041,1239,944,295
122000042,440,673,-233
122000043,99,158,-59
122000044,77,142,-65
122000045,1404,637,767
122000046,1078,797,281
122000047,69,129,-60
122000048,2798,4317,-1519
122000049,5883,4288,1595
122000050,605,542,63
122000051,230,663,-433
122000052,438,554,-116
122000053,282,1670,-1388
122000054,2803,1894,909
122000055,1874,2758,-884
122000056,2998,2237,761
122000057,2295,2335,-40
122000058,415,1250,-835
122000059,566,2144,-1578
122000060,362,576,-214
122000061,115,461,-346
122000062,645,472,173
122000063,222,1359,-1137
122000064,3123,4166,-1043
122000065,2585,2320,265
122000066,881,1664,-783
122000067,1237,1724,-487
122000068,3645,1495,2150
122000069,1556,860,696
122000070,1965,1984,-19
122000071,4280,1383,2897
122000072,775,517,258
122000073,167,897,-730
122000074,3271,1851,1420
122000075,1232,1090,142
122000076,3705,1420,2285
122000077,514,1522,-1008
122000078,543,1575,-1032
122000079,223,1889,-1666
122000080,532,288,244
122000081,197,207,-10
122000082,283,1465,-1182
122000083,7502,996,6506
122000084,5919,1851,4068
122000085,498,934,-436
122000086,3029,8088,-5059
122000087,208,312,-104
122000088,75,340,-265
122000089,4861,3764,1097
122000090,310,1483,-1173
122000091,128,577,-449
122000092,43,171,-128
122000093,1650,4833,-3183
122000094,6114,3227,2887
122000095,632,4963,-4331
122000096,564,3366,-2802
122000098,4128,3876,252
122000099,328,2379,-2051
122000100,724,541,183
122000101,355,1030,-675
122000102,3797,1225,2572
122000103,1384,2100,-716
122000104,1716,154,1562
122000105,625,516,109
122000106,631,1738,-1107
122000107,1881,370,1511
122000108,826,533,293
122000109,393,232,161
122000110,599,499,100
122000111,1896,1475,421
122000112,1775,1991,-216
122000113,769,431,338
122000114,1580,3593,-2013
122000115,4998,2415,2583
122000116,380,891,-511
122000117,1695,1051,644
122000118,1445,960,485
122000119,2242,1766,476
122000120,1122,2282,-1160
122000121,1516,2515,-999
122000122,740,1161,-421
122000123,1561,2265,-704
122000124,940,477,463
122000125,379,733,-354
122000126,429,615,-186
122000127,210,937,-727
122000128,572,405,167
122000129,448,3377,-2929
122000130,3952,1080,2872
122000131,2010,758,1252
122000132,289,258,31
122000133,1675,644,1031
122000134,1763,856,907
122000135,689,152,537
122000136,1368,731,637
122000137,4000,646,3354
122000139,782,4674,-3892
122000140,141,1249,-1108
122000141,4405,2066,2339
122000142,117,1901,-1784
122000143,475,338,137
122000144,3084,834,2250
122000145,1061,2690,-1629
122000146,666,4380,-3714
122000147,783,1088,-305
122000148,361,1542,-1181
122000149,2220,767,1453
122000150,2678,1412,1266
122000151,173,373,-200
122000152,453,322,131
122000153,555,349,206
122000154,167,285,-118
122000155,1337,3689,-2352
122000156,9294,4742,4552
122000157,598,9773,-9175
122000158,412,906,-494
122000159,1801,697,1104
122000160,3070,1390,1680
122000161,1571,1275,296
122000162,855,1239,-384
122000163,431,114,317
122000164,63,191,-128
122000165,1105,1861,-756
122000166,854,2230,-1376
122000167,231,701,-470
122000168,239,1432,-1193
122000169,389,166,223
122000170,313,199,114
122000171,18,61,-43
122000172,2200,1615,585
122000173,1900,2866,-966
122000174,1233,5656,-4423
122000175,634,319,315
122000176,449,2006,-1557
122000177,993,2366,-1373
122000178,3762,4327,-565
122000179,3693,5115,-1422
122000180,746,1036,-290
122000181,698,1961,-1263
122000182,1063,1318,-255
122000183,2318,1030,1288
122000184,3843,3622,221
122000185,1023,3029,-2006
122000186,596,1385,-789
122000187,2659,956,1703
122000188,537,219,318
122000189,326,325,1
122000190,542,2652,-2110
122000191,764,813,-49
122000192,1627,490,1137
122000193,771,765,6
122000194,448,198,250
122000195,211,1240,-1029
122000196,2019,420,1599
122000197,817,733,84
122000198,560,2602,-2042
122000199,273,255,18
122000200,868,867,1
122000201,1113,3619,-2506
122000202,727,3920,-3193
122000203,2300,1832,468
122000204,1624,1417,207
122000205,1115,582,533
122000206,5229,1186,4043
122000207,2918,1995,923
122000208,2566,1625,941
122000209,3195,462,2733
122000210,2919,2428,491
122000211,1466,2169,-703
122000212,1023,631,392
122000213,1029,1928,-899
122000214,2501,2250,251
122000215,2864,3202,-338
122000217,1505,2340,-835
122000218,783,102,681
122000219,1425,636,789
122000220,367,897,-530
122000221,116,448,-332
122000222,608,150,458
122000223,930,967,-37
122000225,1004,574,430
122000226,1911,1519,392
122000227,188,1603,-1415
122000228,479,592,-113
122000229,35,1654,-1619
122000230,53,446,-393
122000231,324,1204,-880
122000232,634,390,244
122000233,0,66,-66
122000234,1168,88,1080
122000235,654,78,576
122000236,2570,60,2510
122000237,205,226,-21
122000238,402,734,-332
122000239,703,1225,-522
122000240,1914,613,1301
122000241,4432,519,3913
122000242,744,91,653
122000243,32,91,-59
122000244,7,701,-694
122000245,11,55,-44
122000246,23,242,-219
122000247,1139,2883,-1744
122000248,1545,1149,396
122000249,2180,2736,-556
122000250,2827,1036,1791
122000251,154,128,26
122000252,349,36,313
122000253,150,141,9
122000254,838,43,795
122000255,634,517,117
122000256,461,540,-79
122000257,864,226,638
122000258,493,290,203
122000259,51,182,-131
122000260,4,84,-80
122000261,37,250,-213
122000262,0,18,-18
122000263,298,175,123
122000264,2670,383,2287
122000265,4046,1233,2813
122000266,4730,504,4226
122000267,63,101,-38
122000268,185,142,43
122000269,1220,309,911
122000270,686,274,412
122000271,212,2055,-1843
122000272,532,490,42
122000273,994,249,745
122000274,441,209,232
122000275,69,201,-132
122000276,2662,839,1823
122000277,1407,2960,-1553
122000278,3883,516,3367
122000279,406,397,9
122000280,722,720,2
122000281,716,402,314
122000282,91,959,-868
122000283,300,349,-49
122000284,60,446,-386
122000285,493,162,331
122000286,141,301,-160
122000287,2712,2160,552
122000288,761,326,435
122000291,3857,825,3032
122000293,180,301,-121
122000294,148,644,-496
122000295,1536,463,1073
122000296,53,1898,-1845
122000297,2153,5197,-3044
122000299,891,339,552
122000300,428,801,-373
122000301,7666,5921,1745
122000302,490,7499,-7009
122000303,1791,1448,343
122000304,25,368,-343
122000305,3323,512,2811
122000306,165,293,-128
122000307,130,226,-96
122000309,23,105,-82
122000310,3,80,-77
122000311,33,111,-78
122000312,165,268,-103
122000313,26,195,-169
122000314,315,986,-671
122000315,422,40,382
122000316,2795,352,2443
122000317,5216,321,4895
122000318,407,3341,-2934
122000319,179,208,-29
122000320,317,769,-452
122000321,137,149,-12
122000322,1319,2142,-823
122000323,521,1882,-1361
122000324,1498,2263,-765
122000325,956,2331,-1375
122000326,295,86,209
122000327,446,862,-416
122000328,614,503,111
122000330,3280,2100,1180
122000332,267,518,-251
122000333,63,76,-13
122000337,2575,1387,1188
122000338,826,237,589
122000340,192,3257,-3065
122000342,1431,885,546
122000343,887,323,564
122000344,185,2,183
122000345,72,24,48
122000346,384,76,308
122000348,853,746,107
122000349,71,286,-215
122000351,585,237,348
122000352,216,117,99
122000353,357,46,311
122000355,101,526,-425
122000356,259,1632,-1373
122000357,77,21,56
122000358,0,12,-12
122000359,0,10,-10
122000360,0,6,-6
122000362,40,61,-21
122000364,711,243,468
122000365,1,58,-57
122000366,22,7,15
122000368,750,771,-21
122000370,50,61,-11
122000371,137,0,137
122000372,51,1,50
122000381,415,357,58
122000382,49,126,-77
122000384,1359,1346,13
122000385,161,0,161
122000386,160,2922,-2762
122000387,507,2041,-1534
122000388,1920,1258,662
122000389,175,1024,-849
122000390,322,547,-225
122000391,46,2174,-2128
122000392,176,145,31
122000393,56,183,-127
122000394,1093,204,889
122000395,203,166,37
122000396,573,64,509
122000397,47,119,-72
122000398,4,215,-211
122000399,308,80,228
122000400,35,1147,-1112
122000401,255,45,210
122000402,1332,144,1188
122000403,516,239,277
122000404,553,199,354
122000408,632,845,-213
122000503,13,110,-97
122000524,81,228,-147
122000544,140,3552,-3412
122000616,329,2,327
122000640,220,72,148
122000641,394,168,226
122000642,1526,587,939
122000643,52,325,-273
122000644,191,91,100
122000645,92,164,-72
122000651,348,1583,-1235
122000664,406,53,353
122000665,1678,439,1239
122000666,483,504,-21
122000673,54,138,-84
122000674,1207,367,840
122000675,4030,731,3299
122000686,486,2530,-2044
122000687,3902,916,2986
122000688,376,478,-102
122000689,3746,322,3424
122000690,7918,660,7258
122000691,1667,705,962
122000692,2455,801,1654
122000693,526,680,-154
122000695,706,295,411
122000696,1851,177,1674
122000698,595,120,475
122000699,1080,204,876
122000701,3741,249,3492
122000702,643,1065,-422
122000703,319,91,228
122000717,139,92,47
122000718,272,3716,-3444
122000719,19,99,-80
122000720,1540,53,1487
122000724,82,19,63
122900001,100,44,56
122900002,992,13265,-12273
122900003,899,21,878
122900004,6802,485,6317
122900005,45,453,-408
122900006,489,3609,-3120
122900007,76,127,-51
122900008,275,589,-314
122900009,439,323,116
122900010,367,104,263
122900012,299,414,-115
122900014,117,96,21
122900015,1291,1010,281
122900016,139,175,-36
122900017,430,1243,-813
122900018,308,14,294
122900019,13,86,-73
122900020,255,1041,-786
122900021,12,934,-922
122900022,2639,1309,1330
122900023,1776,125,1651
122900024,171,108,63
122900025,2,619,-617
122900026,8,99,-91
122900027,60,958,-898
122900028,59,55,4
122900029,7268,2568,4700
122900030,2190,330,1860
122900031,86,566,-480
122900032,699,478,221
122900033,162,127,35
122900034,3604,5923,-2319
122900035,49,4,45
122900036,28,50,-22
122900037,777,262,515
122900038,92,3691,-3599
122900039,68,583,-515
122900040,383,978,-595
122900041,202,782,-580
122900042,228,153,75
122900043,567,279,288
122900044,153,442,-289
122900045,213,153,60
122900046,101,447,-346
122900047,196,103,93
122900048,42,355,-313
122900049,2869,69,2800
122900051,51,391,-340
122900052,134,74,60
122900053,35,33,2
122900055,385,125,260
122900057,382,64,318
122900061,722,29,693
122900062,858,1288,-430
122900063,489,130,359
122900064,1519,764,755
122900065,790,166,624
122900066,1289,210,1079
122900067,877,770,107
122900068,106,237,-131
122900069,566,3472,-2906
122900070,710,99,611
122900071,118,282,-164
122900072,10,225,-215
122900073,20,100,-80
122900074,2597,184,2413
122900075,0,37,-37
122900076,1,83,-82
122900077,0,74,-74
122900078,510,15,495
122900080,21,92,-71
122900081,244,75,169
122900082,3206,98,3108
122900083,348,14,334
122900084,18,126,-108
122900086,8,116,-108
122900087,627,313,314
122900088,34,869,-835
122900089,47,712,-665
122900090,4,205,-201
122900091,1224,2,1222
122900092,1,102,-101
122900093,0,137,-137
122900094,0,123,-123
122900095,482,58,424
122900096,1588,82,1506
122900097,38,152,-114
122900098,6,208,-202
122900099,205,144,61
122900100,102,2024,-1922
122900101,336,373,-37
122900102,111,75,36
122900103,577,34,543
122900104,1058,22,1036
122900105,39,84,-45
122900106,2,21,-19
122900107,0,66,-66
122900108,3,51,-48
123000001,1026,922,104
123000002,2724,7113,-4389
123000003,6763,5516,1247
123000004,2970,3421,-451
123000005,5161,2830,2331
123000006,2448,1886,562
123000007,6286,4256,2030
123000008,2277,3848,-1571
123000009,6490,3844,2646
123000010,3012,3772,-760
123000011,1901,1219,682
123000012,552,3442,-2890
123000013,8115,1285,6830
123000014,881,2814,-1933
123000015,4398,1061,3337
123000016,2714,2908,-194
123000017,5759,2289,3470
123000018,166,92,74
123000019,1587,37,1550
123000020,1131,56,1075
123000021,775,961,-186
123000022,1156,3824,-2668
123000023,2976,4708,-1732
123000024,2650,979,1671
123000025,12,128,-116
123000026,1,258,-257
123000027,39,794,-755
123000028,480,3380,-2900
123000029,411,2130,-1719
123000030,622,271,351
123000031,1084,159,925
123000032,1501,220,1281
123000033,586,128,458
123000034,1802,962,840
123000035,548,706,-158
123000036,294,1656,-1362
123000037,409,184,225
123000038,119,276,-157
123000039,543,1734,-1191
123000040,651,266,385
123000041,647,1443,-796
123000042,541,1188,-647
123000043,1750,19531,-17781
123000044,3139,2467,672
123000045,2954,1803,1151
123000046,334,1456,-1122
123000047,463,660,-197
123000048,296,2532,-2236
123000049,5767,11932,-6165
123000050,4328,2478,1850
123000051,315,525,-210
123000052,1471,3930,-2459
123000053,3256,2687,569
123000054,4493,3158,1335
123000055,2813,7798,-4985
123000056,1571,860,711
123000057,4038,6427,-2389
123000058,1102,2177,-1075
123000059,231,563,-332
123000060,2040,854,1186
123000061,523,586,-63
123000063,2325,1671,654
123000064,2924,220,2704
123000065,3306,4346,-1040
123000066,402,517,-115
123000067,1334,511,823
123000068,2098,1670,428
123000069,2676,1222,1454
123000070,192,227,-35
123000071,4153,479,3674
123000072,1354,429,925
123000073,3982,802,3180
123000074,1235,649,586
123000075,519,3089,-2570
123000076,1397,309,1088
123000077,2634,1186,1448
123000078,5028,758,4270
123000079,5457,1306,4151
123000080,3710,786,2924
123000081,449,279,170
123000082,324,442,-118
123000083,1882,222,1660
123000084,1254,309,945
123000085,1073,89,984
123000086,2038,74,1964
123000087,867,167,700
123000088,1442,864,578
123000089,1973,934,1039
123000090,2252,857,1395
123000091,2306,1677,629
123000092,962,1650,-688
123000094,1796,121,1675
123000095,2367,2313,54
123000096,2530,339,2191
123000097,1189,223,966
123000098,2135,261,1874
123000099,1323,288,1035
123000100,176,744,-568
123000101,431,270,161
123000102,689,1465,-776
123000104,691,455,236
123000105,448,118,330
123000106,1025,350,675
123000107,395,99,296
123000108,595,867,-272
123000111,2443,561,1882
123000112,3152,388,2764
123000113,767,351,416
123000114,513,1104,-591
123000115,825,823,2
123000116,51,49,2
123000117,5293,1888,3405
123000118,912,383,529
123000119,515,371,144
123000120,333,825,-492
123000121,864,460,404
123000122,572,232,340
123000123,983,482,501
123000124,706,183,523
123000125,2051,892,1159
123000126,1472,5496,-4024
123000127,593,365,228
123000128,447,120,327
123000129,2232,87,2145
123000130,2236,34,2202
123000131,3096,991,2105
123000132,506,336,170
123000133,219,119,100
123000134,260,68,192
123000135,5678,1992,3686
123000136,276,246,30
123000137,319,96,223
123000138,244,216,28
123000139,1404,76,1328
123000140,70,449,-379
123000141,842,108,734
123000142,1462,759,703
123000143,941,1661,-720
123000144,5,75,-70
123000145,188,1047,-859
123000146,48,178,-130
123000147,54,385,-331
123000149,439,144,295
123000150,149,157,-8
123000151,182,524,-342
123000152,21,884,-863
123000153,94,1006,-912
123000154,842,2663,-1821
123000155,1781,2748,-967
123000156,51,42,9
123000157,1079,1147,-68
123000158,569,1397,-828
123000159,3313,7939,-4626
123000160,1848,2301,-453
123000161,2138,2245,-107
123000162,2981,3629,-648
123000163,2128,487,1641
123000164,4578,165,4413
123000165,172,784,-612
123000166,5,112,-107
123000167,114,107,7
123000168,549,90,459
123000169,1936,169,1767
123000170,243,41,202
123000171,3209,11,3198
123000172,76,302,-226
123000173,1148,818,330
123000174,1319,600,719
123000175,220,842,-622
123000176,1618,451,1167
123000177,245,935,-690
123000178,1779,407,1372
123000179,20,435,-415
123000180,2625,440,2185
123000181,212,721,-509
123000182,453,302,151
123000183,230,816,-586
123000184,46,468,-422
123000185,2312,1114,1198
123000186,1,143,-142
123000187,1135,31,1104
123000188,891,9,882
123000189,307,78,229
123000190,121,61,60
123000192,13,215,-202
123000193,16,279,-263
123000194,244,123,121
123000195,761,18,743
123000196,1087,71,1016
123000197,158,115,43
123000198,203,206,-3
123000199,33,264,-231
123000200,1132,12,1120
123000201,2806,19,2787
123000202,25,268,-243
123000203,2517,35,2482
123000204,20,309,-289
123000205,112,521,-409
123000206,5691,205,5486
123000207,126,413,-287
123000208,1750,84,1666
123000209,3025,705,2320
123000210,79,683,-604
123000211,348,943,-595
123000212,8578,586,7992
123000213,1227,75,1152
123000215,92,224,-132
123000216,387,2075,-1688
123000217,366,134,232
123000218,17,821,-804
123000219,1072,163,909
123000220,1040,751,289
123000221,350,104,246
123000222,969,222,747
123000223,1914,120,1794
123000224,991,205,786
123000225,773,91,682
123000226,356,704,-348
123000227,217,297,-80
123000228,629,97,532
123000229,834,598,236
123000232,90,396,-306
123000233,1689,103,1586
123000234,95,795,-700
123000235,3638,212,3426
123000236,451,447,4
123000237,1221,161,1060
123000238,23,349,-326
123000239,554,477,77
123000240,32,1375,-1343
123000241,298,67,231
123000242,457,232,225
123000243,1239,838,401
123000244,985,532,453
123000245,24,170,-146
123000249,221,741,-520
123000252,1545,464,1081
123000253,3332,643,2689
123000254,954,410,544
123000255,2059,1042,1017
123000256,15,220,-205
123000257,1893,1875,18
123000258,926,620,306
123000259,885,604,281
123000260,1202,166,1036
123000261,873,129,744
123000262,35,70,-35
123000263,1111,76,1035
123000264,216,95,121
123000265,19,100,-81
123000266,697,667,30
123000267,1814,249,1565
123000268,71,19,52
123000269,21,32,-11
123000270,61,41,20
123000271,55,52,3
123000272,872,423,449
123000273,522,1202,-680
123000274,2248,843,1405
123000275,271,538,-267
123000278,1584,5950,-4366
123000279,482,179,303
123000280,571,433,138
123000281,567,127,440
123000282,127,209,-82
123000283,434,69,365
123000284,61,66,-5
123000286,162,448,-286
123000287,389,267,122
123000288,1029,2004,-975
123000289,249,2897,-2648
123000291,158,701,-543
123000294,204,140,64
123000295,791,1559,-768
123000296,1436,629,807
123000297,1795,292,1503
123000298,2560,291,2269
123000299,203,118,85
123000300,2356,904,1452
123000301,332,986,-654
123000302,441,52,389
123000303,380,722,-342
123000305,577,665,-88
123000306,613,74,539
123000309,33,79,-46
123000310,96,56,40
123000311,0,41,-41
123000312,339,339,0
123000313,1075,1758,-683
123000315,561,132,429
123000316,1376,328,1048
123000317,463,126,337
123000318,23,334,-311
123000329,12,13,-1
123000337,528,299,229
123000338,199,496,-297
123000339,867,57,810
123000340,139,313,-174
123000342,1,128,-127
123000343,259,46,213
123000344,445,129,316
123000345,434,227,207
123000346,967,114,853
123000352,1528,593,935
123000353,77,88,-11
123000354,2133,9,2124
123000355,0,504,-504
123000356,908,43,865
123000357,1,88,-87
123000359,13,66,-53
123000360,466,524,-58
123000361,597,143,454
123000362,1122,90,1032
123000363,302,146,156
123000364,691,1110,-419
123000365,20,408,-388
123000366,405,4637,-4232
123000367,278,547,-269
123000370,65,830,-765
123000371,1170,193,977
123000372,717,153,564
123000373,41,238,-197
123000374,29,110,-81
123000375,637,770,-133
123000376,1615,858,757
123000377,1486,11,1475
123000378,12,274,-262
123000379,7,345,-338
123000380,5,244,-239
123000381,51,162,-111
123000382,1031,219,812
123000383,77,1065,-988
123000384,1259,378,881
123000385,249,472,-223
123000436,161,1948,-1787
123000507,77,146,-69
123000508,267,1822,-1555
123000517,216,8,208
123000518,36,37,-1
123000519,308,57,251
123000520,39,63,-24
123000521,872,54,818
123000522,97,126,-29
123000541,29,2,27
123000542,0,7,-7
123000565,0,16,-16
123000566,2940,448,2492
123000567,347,106,241
123000573,17,342,-325
123000574,2405,152,2253
123000575,5235,366,4869
123000576,2157,636,1521
123000577,69,537,-468
123000578,990,69,921
123000579,1118,10845,-9727
123000580,42,77,-35
123000582,1300,43,1257
123000583,15,240,-225
123000584,262,163,99
123000585,0,28,-28
123000586,581,1,580
123000596,34,34,0
123000597,211,208,3
123000602,390,41,349
123000603,3001,283,2718
123000604,2107,292,1815
123000605,1454,145,1309
123000606,2,986,-984
123000609,19,376,-357
123000610,101,73,28
123000613,146,55,91
123000614,779,37,742
123000615,193,50,143
123000616,2788,31,2757
123000617,166,178,-12
123000618,14,235,-221
123000619,976,27,949
123000620,10,180,-170
123000622,1411,32,1379
123000624,793,60,733
123000630,3362,909,2453
123000631,431,567,-136
123000632,786,420,366
123000633,0,256,-256
123000634,48,913,-865
123000635,68,137,-69
123000636,56,419,-363
123000637,325,72,253
123000638,2011,34,1977
123000639,1437,12221,-10784
123000640,13,285,-272
123900001,1858,88,1770
123900002,18,1845,-1827
123900003,157,287,-130
123900005,538,277,261
123900006,942,106,836
124000001,4232,370,3862
124000002,26,611,-585
124000003,2558,339,2219
124000004,181,221,-40
124000005,2079,3361,-1282
124000006,270,472,-202
124000007,1886,513,1373
124000008,7,1311,-1304
124000009,1314,621,693
124000010,1206,940,266
124000011,1885,1445,440
124000012,947,272,675
124000017,554,138,416
124000018,368,125,243
124000019,406,108,298
124000020,217,98,119
124000021,231,89,142
124000022,195,130,65
124000023,2099,1893,206
124000024,1218,248,970
124000025,1620,1879,-259
124000026,1281,1016,265
124000027,3912,2579,1333
124000028,1363,3750,-2387
124000030,1948,1255,693
124000031,2098,20306,-18208
124000032,1248,785,463
124000033,163,1077,-914
124000034,1740,1268,472
124000035,20,362,-342
124000036,77,694,-617
124000037,410,727,-317
124000038,46,94,-48
124000039,533,392,141
124000040,248,1354,-1106
124000041,1517,402,1115
124000042,401,741,-340
124000043,245,61,184
124000044,84,319,-235
124000045,2961,303,2658
124000046,374,682,-308
124000047,5848,503,5345
124000048,2403,373,2030
124000049,3773,455,3318
124000050,1451,1144,307
124000051,2959,404,2555
124000052,1112,574,538
124000053,464,4206,-3742
124000054,1075,180,895
124000055,1479,9757,-8278
124000056,1781,578,1203
124000057,2866,344,2522
124000058,1251,738,513
124000059,2078,1589,489
124000060,561,453,108
124000061,1619,9656,-8037
124000062,1411,994,417
124000063,1346,706,640
124000064,1307,1442,-135
124000065,25,2352,-2327
124000066,475,4047,-3572
124000067,178,257,-79
124000068,52,78,-26
124000069,300,40,260
124000070,225,27,198
124000071,321,885,-564
124000072,982,3747,-2765
124000073,1670,83,1587
124000074,340,689,-349
124000075,1303,65,1238
124000076,193,55,138
124000077,541,1039,-498
124000078,2056,1092,964
124000079,471,1077,-606
124000080,2020,502,1518
124000081,637,1158,-521
124000082,152,96,56
124000083,62,103,-41
124000084,38,1161,-1123
124000085,56,24,32
124000086,20,488,-468
124000087,92,604,-512
124000088,194,416,-222
124000089,898,228,670
124000090,251,234,17
124000091,913,71,842
124000092,502,288,214
124000093,279,172,107
124000094,212,931,-719
124000095,307,43,264
124000096,577,163,414
124000097,284,71,213
124000098,301,51,250
124000099,408,96,312
124000100,134,57,77
124000101,263,156,107
124000102,226,18,208
124000103,375,164,211
124000104,203,22,181
124000105,405,70,335
124000106,275,31,244
124000107,53,376,-323
124000108,60,5,55
124000109,264,56,208
124000110,259,66,193
124000111,350,114,236
124000112,2097,416,1681
124000113,308,163,145
124000114,893,284,609
124000115,696,625,71
124000116,89,364,-275
124000117,66,74,-8
124000118,51,67,-16
124000119,1424,875,549
124000120,1304,289,1015
124000121,968,1137,-169
124000122,508,1890,-1382
124000123,817,358,459
124000124,648,798,-150
124000125,581,289,292
124000126,539,455,84
124000127,1497,273,1224
124000128,1240,465,775
124000129,2034,1072,962
124000130,516,288,228
124000131,758,638,120
124000132,650,583,67
124000133,1812,936,876
124000134,1086,364,722
124000135,1850,2027,-177
124000136,676,668,8
124000137,1225,1139,86
124000138,724,826,-102
124000139,695,100,595
124000140,33,735,-702
124000141,51,19,32
124000142,6,640,-634
124000143,58,75,-17
124000144,34,125,-91
124000145,273,415,-142
124000146,70,539,-469
124000148,31,252,-221
124000149,1640,306,1334
124000150,468,2182,-1714
124000151,2119,439,1680
124000152,1064,1337,-273
124000153,1931,857,1074
124000154,913,720,193
124000155,1123,959,164
124000156,1042,840,202
124000169,231,1214,-983
124000170,696,448,248
124000171,490,491,-1
124000172,441,465,-24
124000173,1476,210,1266
124000174,986,379,607
124000175,114,114,0
124000176,130,55,75
124000177,9,118,-109
124000178,47,177,-130
124000190,40,91,-51
124000191,29,286,-257
124000192,2000,1669,331
124000193,211,5038,-4827
124000194,419,258,161
124000195,669,482,187
124000196,674,763,-89
124000197,143,12,131
124000198,136,40,96
124000201,84,323,-239
124000202,1471,135,1336
124000203,2374,189,2185
124000204,5135,409,4726
124000205,375,703,-328
124000206,3476,690,2786
124000207,0,18,-18
124000209,278,178,100
124000210,3028,343,2685
124000211,2454,2,2452
124000212,2,158,-156
124000213,1817,214,1603
124000214,1724,262,1462
124000215,2227,11,2216
124000216,9,456,-447
124000329,160,641,-481
124000338,124,452,-328
124000339,7867,34,7833
124000341,5830,76,5754
124000344,110,36,74
124000357,1510,4857,-3347
124000358,713,2603,-1890
124000359,1949,807,1142
124000360,2181,662,1519
124000361,3956,1445,2511
124000362,1918,3821,-1903
124000363,819,263,556
124000364,760,557,203
124000365,1079,722,357
124000366,2744,698,2046
124000367,88,221,-133
124000368,312,3264,-2952
124000369,49,130,-81
124000370,46,824,-778
124000402,122,39,83
124000403,443,70,373
124000404,179,82,97
124000405,949,636,313
124000406,927,360,567
124000407,5,15,-10
124000411,3,381,-378
124000412,1164,4,1160
124000413,282,473,-191
124000414,246,60,186
124000415,80,41,39
124000416,374,93,281
124000417,661,101,560
124000418,673,30,643
124000419,238,25,213
124000420,481,35,446
124000421,144,47,97
124000422,31,21,10
124000423,241,32,209
124000424,40,60,-20
124000425,65,135,-70
124000426,13,249,-236
124000427,76,6,70
124000428,14,1266,-1252
124000429,320,23,297
124000430,2101,677,1424
124000431,764,272,492
124000432,777,1214,-437
124000439,96,3,93
124000442,41,10,31
124000443,10,18,-8
124000445,123,2829,-2706
124000446,597,376,221
124900001,1588,148,1440
124900002,517,114,403
124900003,1892,267,1625
124900004,1690,180,1510
124900005,350,72,278
124900006,1759,165,1594
124900008,517,631,-114
124900009,49,736,-687
124900010,757,87,670
124900011,2270,283,1987
124900012,347,98,249
124900013,811,114,697
124900014,413,394,19
124900015,301,837,-536
124900016,169,285,-116
124900017,821,7913,-7092
124900018,324,22,302
124900020,240,70,170
124900021,1041,274,767
124900022,136,6,130
124900024,1360,1,1359
124900026,158,113,45
124900027,192,204,-12
124900028,380,72,308
124900029,41,901,-860
124900030,19,109,-90
124900031,105,332,-227
124900032,117,91,26
124900033,180,362,-182
124900034,40,123,-83
124900035,160,181,-21
124900036,0,105,-105
124900037,404,87,317
124900038,174,119,55
124900039,0,106,-106
124900040,226,35,191
124900041,588,348,240
124900042,19,1,18
124900043,940,333,607
124900044,116,2,114
124900045,415,1558,-1143
124900046,408,190,218
124900047,92,69,23
124900048,574,76,498
124900050,320,109,211
124900052,179,172,7
124900053,612,140,472
124900054,879,1058,-179
124900055,0,144,-144
124900057,10,234,-224
124900060,100,210,-110
124900061,325,5,320
124900062,288,16,272
124900066,0,7,-7
124900067,0,104,-104
124900068,144,1928,-1784
124900070,56,55,1
124900072,427,41,386
124900074,573,494,79
124900075,1316,134,1182
124900076,39,3702,-3663
124900077,30,74,-44
124900078,200,18,182
124900079,384,333,51
124900080,755,153,602
124900081,2251,150,2101
124900082,819,185,634
124900083,739,391,348
124900084,932,44,888
124900085,349,412,-63
124900086,42,956,-914
124900087,375,46,329
124900088,136,68,68
124900089,879,21,858
124900090,1532,152,1380
124900091,529,124,405
124900092,651,109,542
124900093,1368,157,1211
124900094,1396,132,1264
124900095,313,1029,-716
124900096,360,101,259
124900097,974,40,934
124900098,334,397,-63
124900099,243,872,-629
124900100,694,17,677
124900101,224,266,-42
124900102,862,9,853
124900103,482,109,373
124900104,315,122,193
124900105,284,64,220
124900106,536,80,456
124900107,517,21,496
124900108,597,169,428
124900109,287,378,-91
124900110,1136,176,960
124900111,5,416,-411
124900112,519,231,288
124900113,64,187,-123
124900114,64,163,-99
124900115,46,568,-522
124900116,768,645,123
124900117,251,293,-42
124900118,95,1831,-1736
124900119,720,330,390
124900120,43,168,-125
124900121,95,668,-573
124900122,335,137,198
124900123,95,74,21
124900124,43,162,-119
129000186,218,193,25
204000001,41,8,33
204000002,13,3,10
204000003,27,13,14
204000004,21,6,15
204000005,424,273,151
204000006,1174,1249,-75
204000011,8,9,-1
204000012,44,29,15
204000013,0,5,-5
204000019,1559,401,1158
204000020,1914,274,1640
204000021,1143,841,302
204000022,1778,713,1065
204000023,831,328,503
204000031,40,7,33
204000032,281,13,268
204000034,85,146,-61
204000035,2,6,-4
204000036,3,96,-93
204000037,0,29,-29
204000038,0,4,-4
204000039,10,37,-27
204000040,6,36,-30
204000041,32,36,-4
204000042,60,75,-15
204000043,51,11,40
204000044,143,44,99
204000045,141,25,116
204000046,27,5,22
204000057,13,30,-17
204000062,1,43,-42
204000068,56,297,-241
204000069,138,522,-384
204000070,72,122,-50
204000080,93,52,41
204000085,1208,399,809
204000086,1540,814,726
204000087,103,5,98
204000088,3,18,-15
204000090,85,219,-134
204000093,1392,15,1377
204000096,2431,326,2105
204000097,1200,4,1196
204000099,1277,2397,-1120
204000100,1966,829,1137
204000105,1441,309,1132
204000110,444,728,-284
204000111,647,462,185
204000112,422,332,90
204000113,188,322,-134
204000114,1774,1144,630
204000115,1765,322,1443
204000116,832,340,492
204000119,3888,714,3174
204000132,696,612,84
204000133,1070,88,982
204000134,388,51,337
204000135,922,50,872
204000136,574,241,333
204000138,361,1233,-872
204000140,403,116,287
204000141,228,47,181
204000144,11,31,-20
204000145,1239,25,1214
204000146,27,119,-92
204000147,13,245,-232
204000148,174,20,154
204000154,11,14,-3
204000155,0,4,-4
204000177,53,70,-17
204000179,8,14,-6
204000180,0,54,-54
204000222,10,24,-14
204000235,199,74,125
204000236,58,134,-76
204000238,23,9,14
204000240,588,53,535
204000263,490,430,60
204000268,681,127,554
204000308,106,15,91
204000317,12,160,-148
204000322,26,237,-211
204000323,30,3,27
204000328,414,35,379
204000329,131,36,95
204000330,366,9,357
204000331,92,64,28
204010341,28,216,-188
205000001,657,1223,-566
205000013,46,129,-83
205000014,142,115,27
205000015,143,42,101
205000016,53,45,8
205000017,59,84,-25
205000022,305,302,3
205000025,1248,365,883
205000029,1207,11,1196
205000045,296,190,106
205000046,204,134,70
205000047,104,123,-19
205000048,506,162,344
205000049,224,310,-86
205000050,377,111,266
205000059,2,304,-302
205000060,2,416,-414
205000061,7,894,-887
205000062,2,952,-950
205000063,38,924,-886
205000064,84,259,-175
205000065,342,784,-442
205000066,260,200,60
205000067,194,222,-28
205000069,232,13,219
205000082,101,175,-74
205000110,21,70,-49
205000111,140,61,79
205000112,98,125,-27
205000113,123,125,-2
205000121,87,68,19
205000123,189,51,138
205000126,743,109,634
205000127,589,109,480
205000128,414,50,364
205000129,1022,86,936
205000130,288,24,264
205000131,40,15,25
205000132,56,6,50
205000133,47,8,39
205000134,357,1,356
205000137,313,46,267
205000138,593,122,471
205000139,56,46,10
205000144,123,44,79
205000145,223,211,12
205000151,131,34,97
205000152,147,37,110
205000153,190,36,154
205000154,82,56,26
205000155,150,11,139
205000207,0,36,-36
205000233,15,0,15
205000234,0,2,-2
205000243,0,10,-10
205000244,0,3,-3
205000245,7,47,-40
205000249,0,16,-16
205000250,23,2,21
205000264,33,98,-65
206000027,2,25,-23
206000028,15,16,-1
206000043,2,48,-46
206000053,3,4,-1
206000054,0,23,-23
206000055,0,28,-28
206000075,21,11,10
206000076,80,7,73
206000077,120,3,117
206000078,11,19,-8
206000079,41,16,25
206000082,426,185,241
206000100,6,488,-482
206000103,0,0,0
206000104,0,0,0
206000105,0,0,0
206000106,0,0,0
206000108,1186,60,1126
206000125,304,0,304
206000157,15,246,-231
206000170,0,85,-85
206000171,8,110,-102
206000172,18,152,-134
206000173,2,79,-77
206000174,10,33,-23
206000175,0,35,-35
206000176,18,79,-61
206000177,1,38,-37
206000178,0,378,-378
206000179,3,216,-213
206000180,1,39,-38
206000181,1,21,-20
206000182,9,36,-27
206000183,16,73,-57
206000184,4,31,-27
206000185,15,17,-2
206000186,127,245,-118
206000223,15,189,-174
206000226,111,2,109
206000227,136,25,111
206000237,56,135,-79
206000238,20,502,-482
206000239,160,1321,-1161
206000240,0,0,0
206000241,0,52,-52
206000242,1,70,-69
206000243,13,30,-17
206000244,16,105,-89
206000245,4692,37,4655
206000246,934,10,924
206000247,1367,9,1358
206000248,1691,54,1637
206000252,75,77,-2
206000258,1,10,-9
206000315,67,1,66
206000317,822,275,547
206000318,1289,144,1145
206000319,4014,124,3890
206000320,944,36,908
206000321,1346,12,1334
206000322,2275,39,2236
206000323,865,15,850
206000324,1041,12,1029
206000325,654,64,590
206000326,659,22,637
206000327,89,40,49
206000328,878,12,866
206000329,1832,4,1828
206000330,502,14,488
206000331,831,5,826
206000332,170,2,168
206000333,3484,1,3483
206000334,2084,1,2083
206000335,0,18,-18
206000361,1,40,-39
206000392,1,19,-18
206000405,809,0,809
206000441,242,21,221
206000498,90,2,88
206000515,113,56,57
206000530,665,52,613
206000531,308,470,-162
206000532,1666,396,1270
206000535,147,2849,-2702
206000536,28,74,-46
206000537,18,103,-85
206000613,1287,311,976
207000001,232,220,12
207000002,171,181,-10
207000003,143,107,36
207000007,3212,118,3094
207000008,582,4,578
207000009,119,5,114
207000010,336,169,167
207000012,904,108,796
207000015,218,404,-186
207000019,612,71,541
207000021,445,387,58
207000022,357,190,167
207000023,485,116,369
207000024,4,38,-34
207000025,18,165,-147
207000026,89,59,30
207000027,34,48,-14
207000028,103,146,-43
207000029,364,233,131
207000033,353,207,146
207000034,481,65,416
207000039,1321,28,1293
207000040,1487,22,1465
207000041,290,48,242
207000042,817,52,765
207000043,574,252,322
207000051,96,242,-146
207000052,1,147,-146
207000053,358,209,149
207000054,44,44,0
207000055,145,39,106
207000056,221,205,16
207000057,93,132,-39
207000058,98,154,-56
207000059,61,266,-205
207000060,40,363,-323
207000061,129,2018,-1889
207000062,1368,62,1306
207000063,1247,40,1207
207000064,736,67,669
207000065,486,112,374
207000066,793,187,606
207000067,176,67,109
207000068,281,25,256
207000069,1635,213,1422
207000082,61,126,-65
207000083,88,130,-42
207000084,962,147,815
207000085,635,68,567
207000086,1146,19,1127
207000106,147,20,127
207000107,341,5,336
207000108,210,7,203
207000109,210,2,208
207000110,98,15,83
207000111,185,27,158
207000112,37,892,-855
207000114,34,15,19
207000115,43,42,1
207000116,11,198,-187
207000117,2,63,-61
207000118,0,45,-45
207000119,21,63,-42
207000123,566,5,561
207000124,300,5,295
207000125,79,3,76
207000126,79,3,76
207000134,617,68,549
207000135,160,167,-7
207000148,238,457,-219
207000149,37,19,18
207000152,222,445,-223
207000153,316,553,-237
207000154,503,121,382
207000159,55,93,-38
207000160,143,260,-117
207000238,0,21,-21
207000242,1,39,-38
207000248,21,20,1
207000249,51,12,39
207000250,227,80,147
207000251,75,120,-45
207000252,31,36,-5
207000278,363,148,215
207000279,13,77,-64
207000280,1964,33,1931
207000281,218,319,-101
207000282,34,965,-931
207000283,39,206,-167
207000284,79,3244,-3165
207000285,40,71,-31
207000291,16,50,-34
207000304,75,38,37
207000306,46,161,-115
207000310,486,151,335
207000353,74,0,74
207000356,9,130,-121
207000357,3,17,-14
207000358,1,23,-22
207000415,2,37,-35
207000417,71,8,63
207000418,67,39,28
207000438,0,3,-3
207000439,413,101,312
207000446,221,6,215
207000460,266,8,258
207000466,48,107,-59
207000467,1345,44,1301
207000468,70,130,-60
207000476,5,42,-37
207000477,1023,21,1002
207000478,0,42,-42
207000523,0,2,-2
207000524,52,0,52
207000527,439,104,335
207000530,936,2,934
207000531,362,4,358
207000532,136,42,94
207000534,187,5,182
207000535,14,128,-114
207000537,5,47,-42
207000540,1,24,-23
207000541,1,52,-51
207000548,5,86,-81
207000549,483,17,466
207000561,327,116,211
207000562,9,76,-67
207000567,44,160,-116
207000568,1280,59,1221
207000569,2306,173,2133
207000584,23,90,-67
207000585,7,78,-71
207000616,1,46,-45
207000617,458,0,458
207900008,1053,30,1023
208000001,1036,832,204
208000002,1141,617,524
208000003,1155,296,859
208000004,829,714,115
208000005,1,52,-51
208000019,2121,238,1883
208000020,480,149,331
208000021,365,245,120
208000022,940,249,691
208000028,1293,2220,-927
208000033,491,151,340
208000034,567,848,-281
208000040,568,159,409
208000041,1427,586,841
208000042,2972,492,2480
208000047,111,118,-7
208000064,3523,1319,2204
208000066,1748,1050,698
208000070,1015,678,337
208000071,1477,206,1271
208000072,1505,367,1138
208000080,568,609,-41
208000081,616,180,436
208000082,761,163,598
208000083,378,220,158
208000084,10,132,-122
208000085,1042,372,670
208000086,810,657,153
208000087,717,404,313
208000089,1518,287,1231
208000090,1158,313,845
208000093,16,119,-103
208000094,583,266,317
208000095,1186,435,751
208000104,3066,300,2766
208000105,1584,441,1143
208000114,234,378,-144
208000115,1218,541,677
208000116,2602,1999,603
208000117,24,101,-77
208000118,216,462,-246
208000155,1075,910,165
208000158,2442,2602,-160
208000186,1321,1516,-195
208000204,1142,1081,61
208000205,2225,801,1424
208000282,898,705,193
209000004,1167,216,951
209000005,159,140,19
209000006,428,226,202
209000007,545,510,35
209000010,120,342,-222
209000011,55,288,-233
209000012,143,99,44
209000013,396,135,261
209000014,648,311,337
209000025,914,69,845
209000026,1985,115,1870
209000027,503,121,382
209000028,351,149,202
209000029,607,608,-1
209000030,619,825,-206
209000031,2606,880,1726
209000034,245,360,-115
209000035,234,341,-107
209000036,529,156,373
209000037,759,172,587
209000038,332,111,221
209000039,191,92,99
209000040,354,337,17
209000041,320,294,26
209000042,454,127,327
209000043,771,328,443
209000044,482,456,26
209000045,682,285,397
209000046,1101,258,843
209000047,895,263,632
209000048,888,814,74
209000049,84,35,49
209000050,217,44,173
209000051,346,54,292
209000052,238,77,161
209000062,181,46,135
209000063,130,13,117
209000064,45,25,20
209000065,328,17,311
209000066,350,25,325
209000067,513,36,477
209000080,20,139,-119
209000082,282,34,248
209000091,35,91,-56
209000093,70,75,-5
209000094,48,154,-106
209000110,103,86,17
209000111,427,3494,-3067
209000112,2192,490,1702
209000113,4839,855,3984
209000114,2161,792,1369
209000115,102,59,43
209000116,184,181,3
209000118,16,125,-109
209000119,45,65,-20
209000121,92,315,-223
209000135,259,59,200
209000142,1065,6624,-5559
209000143,57,54,3
209000144,99,368,-269
209000229,398,85,313
209000240,31,168,-137
209000259,84,21,63
209000260,23,478,-455
209000261,29,568,-539
209000262,7,392,-385
209000263,0,259,-259
209000264,1,164,-163
209000265,491,2,489
209000266,234,1,233
209000267,2359,5,2354
209000268,822,123,699
210000037,284,78,206
210000047,144,11,133
210000048,243,59,184
210000049,204,12,192
210000052,206,24,182
210000053,45,26,19
210000054,10,63,-53
210000070,418,17,401
210000071,225,2,223
210000072,79,0,79
210000073,0,12,-12
210000074,0,22,-22
210000075,1,29,-28
210000076,4,82,-78
210000077,6,118,-112
210000078,13,174,-161
210000079,52,25,27
210000080,85,374,-289
210000081,374,42,332
210000082,27,12,15
210000083,119,4,115
210000084,200,0,200
210000085,2,135,-133
210000086,5,75,-70
210000099,70,166,-96
210000100,65,91,-26
210000101,59,126,-67
210000105,5,308,-303
210000159,1,343,-342
210000163,18,103,-85
210000164,390,194,196
210000168,594,49,545
210000187,0,5,-5
210000188,0,48,-48
210000214,17,0,17
210000219,272,40,232
210000220,383,25,358
210000232,4,37,-33
210000233,55,6,49
210000234,42,12,30
210000235,113,27,86
210000245,0,38,-38
210000246,24,1,23
210000258,32,88,-56
210000259,561,80,481
210000282,19,236,-217
210000285,1,142,-141
210000286,42,121,-79
210000290,0,4,-4
210000295,87,178,-91
210000296,85,23,62
210000320,905,28,877
210000321,627,29,598
210000338,76,97,-21
210000339,110,808,-698
210000340,71,165,-94
210000341,255,139,116
210000342,264,102,162
210000343,195,137,58
210000344,127,228,-101
210000345,138,467,-329
210000346,74,308,-234
210000347,31,247,-216
210000348,217,188,29
210000349,100,178,-78
210000350,316,69,247
210000351,403,67,336
210000352,33,23,10
210000353,53,10,43
210000354,67,23,44
210000355,30,257,-227
210000356,17,536,-519
210000357,30,520,-490
210000358,916,561,355
210000359,144,404,-260
210000360,542,510,32
210000361,551,175,376
210000362,675,151,524
210000363,805,159,646
210000364,560,178,382
210000365,570,49,521
210000366,706,51,655
210000367,264,29,235
210000368,468,46,422
210000369,92,127,-35
210000370,192,174,18
210000372,27,41,-14
210000373,29,78,-49
210000374,96,199,-103
210000375,18,15,3
210000376,50,377,-327
210000404,42,55,-13
210000439,206,4,202
210000472,117,3,114
210000482,261,112,149
210000564,392,167,225
210000567,0,45,-45
210000568,442,5,437
211000092,225,47,178
211000094,14,0,14
211000169,482,6,476
211000172,71,85,-14
211000209,1,74,-73
211000226,34,18,16
211000270,87,11,76
211000275,23,25,-2
211000276,411,65,346
211000279,86,69,17
211000281,372,32,340
211507980,0,82,-82
211977296,33,1,32
212000003,498,216,282
212000004,7,134,-127
212000005,6,224,-218
212000006,28,178,-150
212000008,303,217,86
212000009,78,152,-74
212000012,264,41,223
212000013,69,18,51
212000014,462,68,394
212000015,440,75,365
212000016,646,267,379
212000027,865,124,741
212000028,648,156,492
212000029,435,159,276
212000030,49,10,39
212000031,65,25,40
212000048,32,696,-664
212000049,21,369,-348
212000050,20,17,3
212000051,472,113,359
212000052,315,92,223
212000053,295,127,168
212000054,1181,36,1145
212000055,980,67,913
212000056,58,56,2
212000057,28,63,-35
212000058,262,47,215
212000070,234,55,179
212000077,340,131,209
212000099,905,161,744
212000108,471,572,-101
212000111,714,59,655
212000120,116,210,-94
212000138,300,65,235
212000156,3,60,-57
212000158,4,95,-91
212000159,1188,47,1141
212000160,1304,64,1240
212000161,221,12,209
212000310,92,8,84
212000311,33,54,-21
212000374,52,7,45
213000001,15,350,-335
213000005,1506,94,1412
213000006,1215,101,1114
213000007,49,16,33
213000009,438,149,289
213000010,734,117,617
213000011,355,37,318
213000012,260,162,98
213000014,72,29,43
213000015,428,9,419
213000016,470,17,453
213000017,74,0,74
213000018,2,16,-14
213000019,0,74,-74
213000020,115,92,23
213000021,0,58,-58
213000023,948,298,650
213000033,510,1181,-671
213000034,551,116,435
213000035,275,458,-183
213000045,180,234,-54
213000046,73,60,13
213000047,205,687,-482
213000056,452,17,435
213000069,142,32,110
213000073,0,47,-47
213000074,75,313,-238
213000075,2041,4,2037
213000076,57,6,51
213000085,2,19,-17
213000086,14,58,-44
213000091,846,9,837
213000092,70,11,59
213000099,134,900,-766
213000100,1535,232,1303
213000101,1448,69,1379
213000102,1604,117,1487
213000103,707,281,426
213000104,24,132,-108
213000105,160,2530,-2370
213000106,49,227,-178
213000107,108,309,-201
213000108,69,272,-203
213000109,1,165,-164
213000110,11,78,-67
213000111,8,54,-46
213000112,61,112,-51
213000115,125,3,122
213000116,27,273,-246
213000117,3,332,-329
213000118,2038,467,1571
213000119,21,286,-265
213000120,40,178,-138
213000122,138,246,-108
213000123,64,355,-291
213000124,330,598,-268
213000125,299,65,234
213000126,67,46,21
213000127,16,150,-134
213000128,52,530,-478
213000129,174,2978,-2804
213000130,2148,976,1172
213000132,2674,131,2543
213000133,2665,106,2559
213000134,3772,19,3753
213000136,1015,5,1010
213000137,1008,27,981
213000139,375,22,353
213000147,34,7,27
213000148,15,34,-19
213000149,10,12,-2
213000150,1,781,-780
213000151,1,200,-199
213000152,9,293,-284
213000153,5,240,-235
213000154,102,175,-73
213000155,104,156,-52
213000156,226,178,48
213000157,1272,161,1111
213000158,657,391,266
213000159,1207,245,962
213000163,4455,608,3847
213000165,1086,341,745
213000171,1,5,-4
213000172,0,35,-35
213000173,0,53,-53
213000174,0,40,-40
213000175,10,21,-11
213000176,314,57,257
213000177,261,2,259
213000178,669,1,668
213000179,947,1,946
213000180,1250,0,1250
213000184,45,277,-232
213000188,1618,71,1547
213000189,2340,26,2314
213000190,1450,240,1210
213000191,1420,164,1256
213000192,1000,97,903
213000193,359,221,138
213000194,4,280,-276
213000195,28,146,-118
213000196,572,1993,-1421
213000197,866,880,-14
213000198,33,0,33
213000200,245,438,-193
213000201,24,117,-93
213000202,3,328,-325
213000203,1676,221,1455
213000204,1608,40,1568
213000205,1221,37,1184
213000206,1465,25,1440
213000207,89,12,77
213000208,16,3,13
213000209,114,0,114
213000210,207,0,207
213000211,17,16,1
213000212,24,25,-1
213000213,75,62,13
213000218,635,436,199
213000219,2286,79,2207
213000220,2892,26,2866
213000223,600,71,529
213000224,73,39,34
213000225,120,18,102
213000226,113,3,110
213000227,2778,60,2718
213000228,1812,54,1758
213000229,587,34,553
213000230,926,8,918
213000232,196,16,180
213000233,19,168,-149
213000234,1,59,-58
213000293,12,60,-48
213000294,102,23,79
213000295,69,40,29
213000296,156,27,129
213000297,39,72,-33
213000298,28,72,-44
213000299,81,31,50
213000300,7,5,2
213000303,0,27,-27
213000304,1,4,-3
213000305,5,27,-22
213000306,36,409,-373
213000307,190,160,30
213000308,73,187,-114
213000309,384,65,319
213000310,516,148,368
213000311,110,490,-380
213000315,103,282,-179
213000316,610,42,568
213000322,238,53,185
213000323,365,32,333
213000324,151,8,143
213000325,229,23,206
213000326,206,14,192
213000327,245,42,203
213000328,158,117,41
213000329,345,24,321
213000340,140,236,-96
213000341,2296,34,2262
213000346,157,442,-285
213000347,301,1296,-995
213000348,13,110,-97
213000349,7,27,-20
213000350,178,777,-599
213000366,146,152,-6
213000367,813,15,798
213000379,46,25,21
213000386,32,37,-5
213000406,239,104,135
213000417,3038,594,2444
213000425,884,160,724
213000426,464,28,436
213000427,193,85,108
213000428,126,75,51
213000429,14,8,6
213000430,127,166,-39
213000431,34,1,33
213000432,0,73,-73
213000433,73,40,33
213000434,447,83,364
213000435,243,42,201
213000436,281,30,251
213000437,9,10,-1
213000438,261,36,225
213000439,68,15,53
213000440,15,168,-153
213000441,0,2,-2
213000442,11,20,-9
213000443,1115,457,658
213000444,65,11,54
213000445,0,63,-63
213000446,0,75,-75
213000447,1,117,-116
213000448,16,147,-131
213000449,2517,31,2486
213000450,43,10,33
213000451,994,69,925
213000452,18,9,9
213000453,24,167,-143
213000455,264,102,162
213000456,0,210,-210
213000481,3,3,0
213000484,57,15,42
213000489,280,54,226
213000491,18,381,-363
213000492,128,14,114
213000493,5,834,-829
213000494,644,42,602
213000495,0,28,-28
213000496,1064,116,948
213000497,47,207,-160
213000498,142,114,28
213000499,329,103,226
213000500,1480,24,1456
213000501,558,50,508
213000502,121,62,59
213000503,0,54,-54
213000504,52,77,-25
213000505,62,0,62
213000506,0,13,-13
213000507,1,32,-31
213900016,0,6,-6
213900244,389,0,389
213900245,0,11,-11
218000003,46,36,10
218000004,140,35,105
218000005,27,68,-41
218000006,116,72,44
218000007,15,28,-13
218000012,167,395,-228
218000013,373,319,54
218000014,555,168,387
218000019,546,211,335
218000020,414,212,202
218000021,66,31,35
218000022,42,31,11
218000023,5,19,-14
218000024,3,6,-3
218000025,37,15,22
218000026,48,14,34
218000027,2,3,-1
218000028,5,2,3
218000029,3,6,-3
218000030,73,15,58
218000031,21,5,16
218000032,6,8,-2
218000040,2,22,-20
218000046,120,112,8
218000047,42,59,-17
218000048,218,31,187
218000049,108,62,46
218000050,449,157,292
218000051,113,107,6
218000052,14,50,-36
218000053,5,6,-1
218000054,9,25,-16
218000055,5,42,-37
218000056,42,82,-40
218000057,2,69,-67
218000064,0,4,-4
218000065,121,25,96
218000066,41,56,-15
218000067,222,40,182
218000068,372,82,290
218000069,835,38,797
218000070,465,244,221
218000071,266,166,100
218000072,194,161,33
218000078,1784,255,1529
218000079,539,36,503
218000080,371,28,343
218000081,1014,65,949
218000082,427,44,383
218000083,208,38,170
218000084,282,60,222
218000085,157,120,37
218000086,83,41,42
218000087,236,32,204
218000090,44,296,-252
218000091,1803,688,1115
218000092,415,30,385
218000093,221,110,111
218000094,617,206,411
218000099,368,259,109
218000100,459,162,297
218000101,459,206,253
218000102,936,193,743
218000103,225,81,144
218000104,161,35,126
218000105,19,13,6
218000106,44,9,35
218000107,296,38,258
218000108,73,24,49
218000112,91,20,71
218000117,33,83,-50
218000134,533,237,296
218000135,19,95,-76
218000136,220,133,87
218000137,178,156,22
218000138,109,95,14
218000139,217,498,-281
218000140,687,503,184
218000141,139,114,25
218000142,316,200,116
218000143,56,348,-292
218000144,12,256,-244
218000145,781,283,498
218000146,150,69,81
218000151,5,35,-30
218000152,53,27,26
218000153,6,3,3
218000154,24,6,18
218000155,74,1,73
218000156,163,3,160
218000157,84,11,73
218000158,19,13,6
218000159,10,6,4
218000160,18,24,-6
218000161,69,6,63
218000162,70,3,67
218000163,58,8,50
218000164,153,3,150
218000165,245,94,151
218000170,3,45,-42
218000171,72,5,67
218000172,2,8,-6
218000173,16,14,2
218000174,14,24,-10
218000176,498,16,482
218000177,472,99,373
218000178,93,107,-14
218000179,306,50,256
218000180,110,42,68
218000181,435,83,352
218000187,29,52,-23
218000188,13,51,-38
218000189,48,122,-74
218000190,22,17,5
218000191,220,41,179
218000192,260,118,142
218000193,334,123,211
218000194,200,185,15
218000195,264,19,245
218000196,576,179,397
218000197,1325,89,1236
218000198,303,55,248
218000199,133,14,119
218000200,83,44,39
218000201,45,6,39
218000202,38,913,-875
218000207,7,12,-5
218000208,32,79,-47
218000211,41,15,26
218000212,2,0,2
218000213,208,127,81
218000214,3,37,-34
218000215,183,36,147
218000217,6,32,-26
218000218,369,31,338
218000219,10,59,-49
218000220,61,621,-560
218000221,1343,444,899
218000222,0,132,-132
218000223,87,784,-697
218000224,10,299,-289
218000225,376,31,345
218000226,471,86,385
218000230,0,19,-19
218000232,94,51,43
218000239,170,30,140
218000240,13,0,13
218000241,6,1,5
218000242,0,2,-2
218000243,9,0,9
218000244,29,7,22
218000245,19,29,-10
218000246,0,18,-18
218000247,1,1,0
218000248,0,75,-75
218000249,0,3,-3
218000250,1,111,-110
218000251,7,60,-53
218000252,0,68,-68
218000253,0,45,-45
218000254,1,39,-38
218000255,0,30,-30
218000256,14,39,-25
218000267,577,752,-175
218000268,9,60,-51
218000269,6,21,-15
218000270,72,34,38
218000271,16,6,10
218000273,250,4,246
218000274,50,1,49
218000275,146,112,34
218000276,55,20,35
218000278,7,14,-7
218000279,79,28,51
218000280,2,33,-31
218000281,3,36,-33
218000282,747,1643,-896
218000284,103,3,100
218000301,68,139,-71
218000302,107,80,27
218000303,1,61,-60
218000316,2243,666,1577
218000317,4159,364,3795
218000318,2374,259,2115
218000319,1723,358,1365
218000320,1376,627,749
218000338,15,21,-6
218000345,301,53,248
218000346,24,219,-195
218000459,85,120,-35
218000490,24,54,-30
218000501,187,55,132
218000502,244,26,218
218000503,172,26,146
218000504,153,33,120
218000505,57,32,25
218000506,10,55,-45
218000508,3,1,2
218000510,134,23,111
218000520,114,157,-43
218000521,10,15,-5
218000522,1,241,-240
218000523,191,0,191
218000524,8,184,-176
218000525,99,17,82
218000526,27,137,-110
218000529,36,52,-16
218000530,34,3,31
218000531,47,18,29
218000532,100,3,97
218000534,795,4,791
218000537,22,108,-86
218000538,157,244,-87
218000540,42,91,-49
218000543,446,29,417
218000544,46,57,-11
218000545,358,57,301
218000546,65,18,47
218000547,309,158,151
218000548,151,50,101
218000549,1583,135,1448
218000550,235,113,122
218000551,103,259,-156
218000552,481,72,409
218000553,26,104,-78
218000554,31,71,-40
218000555,60,107,-47
218000556,303,118,185
218000557,1194,55,1139
218000558,120,1,119
218000559,1,50,-49
218000560,0,37,-37
218000561,8,1,7
218000562,31,106,-75
218000563,303,23,280
218000564,5,107,-102
218000565,111,39,72
218000566,63,10,53
218000567,1,81,-80
218000568,6,1,5
218000569,1,147,-146
218000570,24,5,19
218000571,0,85,-85
218000572,79,3,76
218000573,2,69,-67
218000574,132,22,110
218000575,128,0,128
218000576,2,91,-89
218000577,178,15,163
218000578,1,65,-64
218000579,35,41,-6
218000581,0,108,-108
218000582,81,1,80
218000583,8,1,7
218000584,0,53,-53
218000585,57,8,49
218000586,20,29,-9
218000587,3,0,3
218000588,2,7,-5
218000589,1,29,-28
218000590,5,4,1
218000591,0,81,-81
218000592,4,2,2
218000593,0,0,0
218000594,0,3,-3
218000595,0,0,0
218000596,0,0,0
218000597,0,0,0
218000598,0,3,-3
218000599,0,0,0
218000600,12,0,12
218000601,0,3,-3
218000602,0,0,0
218000603,0,3,-3
218000604,13,0,13
218000605,0,37,-37
218000606,108,0,108
218000607,2,90,-88
218000608,48,20,28
218000609,5,119,-114
218000610,101,1,100
218000611,35,0,35
218000612,0,18,-18
218000613,34,32,2
218000614,4,46,-42
218000615,305,4,301
218000616,3,159,-156
218000617,5,0,5
218000618,1,42,-41
218000619,89,84,5
218000620,0,165,-165
218000621,0,15,-15
218000622,1,116,-115
218000623,33,21,12
218000624,1,256,-255
218000625,0,38,-38
218000626,0,40,-40
218000628,308,205,103
218000631,141,9,132
218000632,0,107,-107
218000633,66,0,66
218000634,23,21,2
218000635,25,8,17
218000636,1066,335,731
218000637,2170,168,2002
218000638,780,18,762
218000639,74,36,38
218000640,1329,22,1307
218000641,163,72,91
218000652,83,44,39
218000653,361,28,333
218000663,19,29,-10
218000675,26,56,-30
218000676,19,9,10
218000677,60,3,57
218000680,241,101,140
218000681,1295,98,1197
218000691,362,91,271
218000693,1349,66,1283
218000703,15,13,2
218000718,51,147,-96
218000719,59,87,-28
218000720,4,66,-62
218000721,28,7,21
218000725,18,17,1
218001214,60,34,26
218001329,338,40,298
218001330,39,28,11
218001351,3,7,-4
218001352,26,20,6
218001353,14,4,10
218001354,1,41,-40
218001355,238,3,235
218001357,131,2,129
219000001,7,25,-18
219000002,36,19,17
219000003,96,40,56
219000004,92,84,8
219000017,91,148,-57
219000020,292,29,263
219000022,251,2,249
219000023,99,0,99
219000029,0,156,-156
219000034,106,46,60
219000039,25,214,-189
219000040,19,61,-42
219000041,172,46,126
219000051,0,75,-75
219000052,0,62,-62
219000053,1,66,-65
219000054,37,51,-14
219000055,546,1,545
219000056,8,0,8
219000057,110,0,110
219000062,16,86,-70
219000063,391,2,389
219000064,0,89,-89
219000110,311,304,7
219000111,108,73,35
219000112,434,25,409
219000113,459,27,432
219000114,356,29,327
219000116,126,41,85
219000117,275,55,220
219000118,127,102,25
219000123,255,92,163
219000124,82,76,6
219000125,45,7,38
219000126,42,127,-85
219000127,0,8,-8
219000128,29,110,-81
219000129,35,72,-37
219000130,236,287,-51
219000131,1152,698,454
219000133,18,95,-77
219000134,13,35,-22
219000135,23,65,-42
219000136,91,284,-193
219000138,173,13,160
219000139,173,29,144
219000140,361,0,361
219000141,68,23,45
219000142,36,35,1
219000143,37,27,10
219000145,43,28,15
219000146,0,0,0
219000147,17,20,-3
219000148,5,23,-18
219000149,4,22,-18
219000150,1,54,-53
219000151,0,1,-1
219000157,683,122,561
219000158,411,184,227
219000161,589,10,579
219000163,1568,343,1225
219000166,269,209,60
219000167,148,211,-63
219000168,558,208,350
219000174,912,191,721
219000175,483,10,473
219000176,494,15,479
219000177,298,2,296
219000178,347,1,346
219000179,240,43,197
219000180,180,29,151
219000182,195,2,193
219000183,147,6,141
219000184,128,6,122
219000185,3,31,-28
219000186,135,45,90
219000187,25,35,-10
219000189,54,120,-66
219000190,77,99,-22
219000191,140,628,-488
219000192,375,197,178
219000193,316,98,218
219000195,8,421,-413
219000196,2,135,-133
219000198,49,37,12
219000199,186,66,120
219000200,231,65,166
219000201,93,47,46
219000203,28,34,-6
219000204,75,419,-344
219000205,15,169,-154
219000207,115,214,-99
219000209,85,42,43
219000210,23,198,-175
219000213,18,224,-206
219000239,194,187,7
219000240,97,352,-255
219000241,114,171,-57
219000242,67,292,-225
219000243,168,283,-115
219000244,43,114,-71
219000245,32,44,-12
219000246,16,36,-20
219000247,444,44,400
219000248,756,516,240
219000249,295,160,135
219000250,435,50,385
219000251,900,150,750
219000252,355,61,294
219000253,255,23,232
219000255,276,76,200
219000256,602,118,484
219000257,82,1,81
219000262,65,67,-2
219000263,73,87,-14
219000267,3,22,-19
219000268,0,0,0
219000269,1,0,1
219000270,31,0,31
219000271,474,4,470
219000278,0,4,-4
219000279,0,0,0
219000283,0,27,-27
219000295,43,80,-37
219000296,54,194,-140
219000297,24,30,-6
219000298,55,17,38
219000299,402,30,372
219000300,86,50,36
219000301,16,198,-182
219000302,23,96,-73
219000307,87,11,76
219000308,79,49,30
219000311,325,40,285
219000312,459,155,304
219000313,705,58,647
219000314,101,88,13
219000315,734,7,727
219000316,920,73,847
219000317,321,20,301
219000320,1,100,-99
219000321,0,36,-36
219000323,3,70,-67
219000325,0,0,0
219000326,14,36,-22
219000327,32,9,23
219000328,52,13,39
219000329,562,114,448
219000330,35,30,5
219000331,88,37,51
219000332,387,91,296
219000333,141,5,136
219000335,109,0,109
219000337,29,2,27
219000338,54,0,54
219000344,11,106,-95
219000345,154,77,77
219000346,49,10,39
219000348,154,46,108
219000349,38,98,-60
219000350,39,272,-233
219000351,1,17,-16
219000352,85,80,5
219000353,457,48,409
219000354,1074,27,1047
219000355,261,93,168
219000356,562,936,-374
219000363,212,106,106
219000364,215,55,160
219000365,103,59,44
219000366,166,1135,-969
219000368,460,433,27
219000370,998,412,586
219000371,13,4,9
219000382,8,29,-21
219000383,237,727,-490
219000385,194,524,-330
219000386,506,1374,-868
219000387,0,10,-10
219000390,7,0,7
219000391,1,1,0
219000397,90,8,82
219000398,40,70,-30
219000401,22,128,-106
219000402,17,40,-23
219000403,49,324,-275
219000404,44,109,-65
219000407,41,57,-16
219000409,98,56,42
219000410,133,22,111
219000411,144,14,130
219000446,83,347,-264
219000447,0,10,-10
219000448,11,2,9
219000452,77,76,1
219000453,47,68,-21
219000454,492,411,81
219000556,1020,33,987
219000558,61,155,-94
219000590,16,245,-229
219000591,313,61,252
219000592,53,172,-119
219000595,2,17,-15
219000635,261,23,238
219000636,55,20,35
219000657,98,20,78
219000658,12,134,-122
219000673,0,16,-16
219000676,308,72,236
219000679,64,9,55
219000684,319,1,318
219000685,0,86,-86
219000686,0,3,-3
219000688,0,71,-71
219000689,13,131,-118
219000690,215,12,203
219000691,38,90,-52
219000692,202,14,188
219000693,1,11,-10
219000694,36,0,36
219000695,192,4,188
219000698,10,2,8
219000699,1,125,-124
219000727,0,147,-147
219000728,219,2,217
219000770,39,0,39
219000771,0,49,-49
219000788,223,195,28
219001150,1,108,-107
219001151,5,3,2
219001166,36,74,-38
219001167,2,49,-47
219001178,141,1,140
220000001,33,324,-291
220000002,3,165,-162
220000003,272,134,138
220000004,345,408,-63
220000005,423,1148,-725
220000006,135,444,-309
220000007,512,121,391
220000008,284,264,20
220000009,338,347,-9
220000010,60,51,9
220000011,416,5126,-4710
220000012,47,673,-626
220000014,194,108,86
220000015,47,390,-343
220000017,83,330,-247
220000018,10495,4044,6451
220000019,298,882,-584
220000020,748,165,583
220000021,1243,432,811
220000022,1791,191,1600
220000023,299,82,217
220000024,1163,323,840
220000025,908,1749,-841
220000026,593,924,-331
220000027,23,221,-198
220000028,71,172,-101
220000029,14,75,-61
220000030,56,33,23
220000031,1250,534,716
220000064,86,1074,-988
221000046,80,64,16
221000047,0,0,0
221000048,0,5,-5
221000049,0,17,-17
221000050,40,3,37
221000055,18,67,-49
221000057,223,6,217
221000068,242,75,167
221000069,510,22,488
221000070,290,6,284
221000071,207,6,201
221000072,483,3,480
221000073,242,23,219
221000074,0,14,-14
221000075,2,13,-11
221000076,30,14,16
221000077,12,25,-13
221000081,24,7,17
221000082,91,6,85
221000083,26,8,18
221000084,0,2,-2
221000085,4,38,-34
221000086,0,58,-58
221000087,1,143,-142
221000088,4,166,-162
221000089,19,141,-122
221000090,25,201,-176
221000098,189,13,176
221000099,347,13,334
221000100,254,5,249
221000101,302,6,296
221000102,237,14,223
221000109,7,22,-15
221000110,8,12,-4
221000111,10,31,-21
221000112,2,31,-29
221000113,4,49,-45
221000114,1,52,-51
221000120,30,128,-98
221000121,1,87,-86
221000122,45,17,28
221000123,11,3,8
221000124,16,137,-121
221000155,171,14,157
221000156,153,61,92
221000175,0,23,-23
221000176,0,7,-7
221000182,282,27,255
221000241,332,244,88
221000242,74,113,-39
221000243,612,148,464
221000244,75,290,-215
221000245,208,93,115
221000246,25,189,-164
221000247,285,164,121
221000248,125,87,38
221000267,30,705,-675
221000325,13,174,-161
221000331,0,47,-47
221000338,27,56,-29
221000378,599,40,559
221000381,65,58,7
222000282,4,1,3
222000296,4,30,-26
222000568,518,12,506
222000569,172,32,140
222000570,144,53,91
222000571,796,31,765
222000577,26,30,-4
222000578,3,64,-61
222000579,5,47,-42
222000580,21,759,-738
222000599,0,64,-64
222000600,0,83,-83
222000601,2,544,-542
222000603,11,75,-64
222000604,3,123,-120
222000605,26,45,-19
222000606,5,30,-25
222000607,1,35,-34
222000608,16,23,-7
222000609,81,49,32
222000616,1206,8,1198
222000617,28,20,8
222000618,5,32,-27
222000620,13,15,-2
222000621,30,23,7
222000623,883,12,871
222000624,762,13,749
222000625,2199,12,2187
222000636,65,3,62
222000686,26,11,15
222000687,107,38,69
222001066,1383,6,1377
222001067,222,9,213
222001068,418,17,401
222001069,224,79,145
222001082,161,8,153
222001083,438,17,421
222001084,4,118,-114
222001085,19,1194,-1175
222001111,634,27,607
222001112,267,33,234
222001313,7,15,-8
222001314,0,159,-159
222001464,122,45,77
222001465,6,106,-100
222001484,541,31,510
222001485,34,23,11
222001494,1983,144,1839
222001495,130,93,37
222001496,934,51,883
222001497,179,169,10
222001502,23,34,-11
222001503,841,13,828
222001504,21,92,-71
222001505,1507,21,1486
222001506,8,129,-121
222001507,852,37,815
222001510,1849,34,1815
222001511,25,160,-135
222001514,1694,31,1663
222001515,57,93,-36
222001518,1343,40,1303
222001519,170,153,17
222001527,340,73,267
222001528,21,103,-82
222001529,739,43,696
222001530,44,65,-21
222001533,79,321,-242
222001534,1389,48,1341
222001535,754,196,558
222001536,34,119,-85
222001537,1055,21,1034
222001538,29,225,-196
222001563,2043,91,1952
222001564,41,217,-176
222001568,192,107,85
222001576,0,1,-1
222001579,1,59,-58
222001583,20,74,-54
222001584,341,35,306
222001596,325,540,-215
222001597,2531,270,2261
222001626,0,43,-43
222001650,6,65,-59
222001651,19,171,-152
222001914,674,48,626
222001915,9,117,-108
222001968,775,150,625
222001969,263,276,-13
222001970,152,180,-28
222001971,212,11,201
222001972,30,18,12
225000001,839,89,750
225000002,1796,180,1616
225000003,2011,51,1960
225000004,1338,122,1216
225000005,97,58,39
225000006,2,173,-171
225000007,754,1131,-377
225000010,380,37,343
225000011,222,2572,-2350
225000012,466,1159,-693
225000013,329,119,210
225000014,1115,119,996
225000015,151,262,-111
225000021,1178,72,1106
225000027,333,264,69
225000032,1114,101,1013
225000042,157,298,-141
225000049,60,171,-111
225000050,261,19,242
225000053,3,101,-98
225000058,1052,176,876
225000067,444,92,352
225000068,214,163,51
225000069,122,259,-137
225000070,188,242,-54
225000071,124,60,64
225000075,48,1281,-1233
225000076,97,87,10
225000078,52,19,33
225000085,332,33,299
225000086,858,33,825
225000087,151,15,136
225000088,34,216,-182
225000089,59,159,-100
225000090,25,162,-137
225000091,49,34,15
225000092,74,122,-48
225000093,719,127,592
225000094,10,126,-116
225000095,343,159,184
225000096,76,106,-30
225000098,1630,173,1457
225000099,985,37,948
225000100,1307,59,1248
225000104,216,518,-302
225000110,20,305,-285
225000111,566,320,246
225000112,854,884,-30
225000113,392,1425,-1033
225000114,189,701,-512
225000115,1499,915,584
225000116,358,89,269
225000117,559,555,4
225000118,1651,439,1212
225000119,689,104,585
225000120,1489,60,1429
225000121,286,30,256
225000123,1049,11,1038
225000125,874,236,638
225000126,928,210,718
225000127,672,4940,-4268
225000128,445,1836,-1391
225000132,985,37,948
225000133,585,15,570
225000134,1200,154,1046
225000135,175,4,171
225000136,763,7,756
225000137,664,166,498
225000138,862,216,646
225000143,121,438,-317
225000144,20,347,-327
225000145,86,32,54
225000146,144,55,89
225000147,61,63,-2
225000148,2,39,-37
225000149,77,117,-40
225000151,42,56,-14
225000155,126,101,25
225000156,330,1119,-789
225000157,777,290,487
225000158,55,161,-106
225000171,4,197,-193
225000180,14,0,14
225000181,0,295,-295
225000182,86,9,77
225000185,7,379,-372
225000187,104,320,-216
225000191,135,0,135
225000194,0,7,-7
225000208,1,103,-102
225000209,116,14,102
225000210,5,103,-98
225000217,0,18,-18
225000218,62,2,60
225000223,2,427,-425
225000224,7,5,2
225000225,1,184,-183
225000226,27,1,26
225000227,204,258,-54
225000228,6,4,2
225000229,0,98,-98
225000230,2,0,2
225000231,0,14,-14
225000232,281,0,281
225000241,91,1,90
225000242,0,14,-14
225000249,2,0,2
225000250,88,174,-86
225000251,994,138,856
225000254,4,146,-142
225000256,7,806,-799
225000257,1,108,-107
226000042,153,230,-77
226000043,21,176,-155
226000044,90,435,-345
226000045,56,216,-160
226000046,1433,136,1297
226000047,1220,165,1055
226000048,971,152,819
226000049,1102,354,748
226000070,0,24,-24
226000071,0,41,-41
226000072,0,39,-39
226000073,0,17,-17
226000074,0,6,-6
226000084,1,9,-8
226000085,0,41,-41
226000086,0,36,-36
226000087,2,50,-48
226000088,12,18,-6
226000090,81,275,-194
226000091,12,149,-137
226000092,2,20,-18
226000093,5,11,-6
226000094,5,30,-25
226000095,9,25,-16
226000105,0,1,-1
226000106,6,0,6
226000107,2,0,2
226000108,19,0,19
226000109,451,1,450
226000124,382,152,230
226000134,2139,425,1714
226000135,3977,549,3428
226000136,1505,343,1162
226000137,6,85,-79
226000138,4,42,-38
226000139,7,43,-36
226000156,817,3,814
226000157,984,11,973
226000163,24,101,-77
226000202,8,75,-67
226000231,2007,12,1995
226000232,60,1,59
227000033,799,9,790
227000036,1425,11,1414
227000037,1385,31,1354
227000038,443,39,404
227000084,1,97,-96
227000085,0,122,-122
227000088,83,0,83
227000089,57,0,57
227000090,22,1,21
227000091,32,2,30
227000092,22,0,22
227000093,138,0,138
227000094,9,0,9
227000130,77,138,-61
227000131,60,147,-87
227000132,38,84,-46
227000133,50,45,5
227000134,53,90,-37
227000152,0,8,-8
227000153,1,179,-178
227000154,0,63,-63
227000155,4,19,-15
227000156,1,33,-32
227000165,0,94,-94
227000196,927,146,781
227000199,1779,201,1578
227000230,7,216,-209
227000232,2689,48,2641
227000242,51,208,-157
227000243,508,20,488
227000245,18,150,-132
227000246,88,135,-47
227000247,1014,24,990
227000248,357,86,271
227000249,15,75,-60
227000250,476,411,65
227000251,46,235,-189
227000252,87,108,-21
227000253,461,22,439
227000262,1197,25,1172
227000266,4358,83,4275
227000267,13,514,-501
227000282,10,55,-45
227000284,2320,17,2303
227000286,15,20,-5
227000291,15,156,-141
227000296,434,187,247
227000484,223,17,206
227000485,3,405,-402
227000655,1118,4,1114
227000656,1732,9,1723
227000657,1099,6,1093
227000704,1841,38,1803
229000265,15,10,5
229000266,0,2,-2
229000267,26,6,20
229000268,49,4,45
229000269,28,0,28
229000274,0,81,-81
229000275,0,127,-127
229000276,1,65,-64
229000277,0,4,-4
229000278,0,6,-6
229000295,47,33,14
229000296,16,102,-86
229000297,22,34,-12
229000298,23,425,-402
229000320,62,5,57
229000321,34,258,-224
229000412,32,115,-83
229000414,44,114,-70
229000415,12,5,7
229000416,4,3,1
229000417,28,9,19
229000419,210,353,-143
229000440,439,168,271
229000442,34,4,30
229000443,4,3,1
229000444,1,50,-49
229000445,72,4,68
229000446,135,93,42
229000491,0,12,-12
229000492,4,53,-49
229000493,12,85,-73
229000494,114,4,110
229000495,202,1,201
229000496,232,2,230
229000507,0,50,-50
229000508,2,43,-41
229000509,0,72,-72
229000510,7,27,-20
229000511,5,44,-39
229000512,0,36,-36
229000513,0,6,-6
229000514,0,6,-6
229000517,5,6,-1
229000518,26,40,-14
229000519,2,18,-16
229000520,48,20,28
229000521,108,25,83
229000522,30,13,17
229000523,12,1,11
229000524,17,1,16
229000527,1,0,1
229000528,0,0,0
229000529,13,0,13
229000530,140,0,140
229000531,136,0,136
229000532,23,0,23
229000533,71,0,71
229000534,41,0,41
229000564,303,0,303
229000565,145,0,145
229000566,0,7,-7
229000567,0,7,-7
229000582,106,4,102
229000583,56,11,45
229000584,3,5,-2
229000585,2,137,-135
229000718,0,2,-2
229000719,0,5,-5
229000720,0,15,-15
229000721,0,18,-18
229000722,0,0,0
229000723,0,4,-4
229000724,0,15,-15
229000725,0,4,-4
229000738,2,0,2
229000739,17,0,17
229000740,1,0,1
229000741,97,0,97
229000742,21,0,21
229000743,30,0,30
229000744,2,0,2
229000745,0,0,0
229000746,41,0,41
229000847,174,0,174
229000848,207,0,207
229000849,418,1,417
229000851,503,0,503
229000854,1,48,-47
229000856,2,67,-65
229000857,0,28,-28
229000858,3,26,-23
229000919,0,20,-20
229000930,0,13,-13
229000937,172,12,160
229000966,83,19,64
229000981,16,5,11
229000985,70,18,52
229000986,2,2,0
229000987,0,0,0
229000988,1,3,-2
229000989,4,41,-37
229000990,4,24,-20
229000991,1,0,1
229000992,75,5,70
229000993,596,11,585
229000998,46,36,10
229000999,159,16,143
229001034,0,21,-21
229001035,25,22,3
229001036,6,28,-22
229001037,123,16,107
229001038,1,36,-35
229001039,11,1,10
229001040,0,74,-74
229001041,629,0,629
229001042,38,9,29
229001047,6,108,-102
229001050,90,15,75
229001168,0,29,-29
229001200,30,4,26
229001338,12,17,-5
229001394,604,3,601
229001422,204,29,175
229001423,4,52,-48
229001431,76,60,16
229001432,5,43,-38
229001444,454,105,349
229001445,160,161,-1
229001479,54,1,53
229001503,519,51,468
229001504,32,34,-2
229001505,282,40,242
229001506,30,37,-7
229001509,150,5,145
229001510,2,59,-57
229001545,140,29,111
229001546,3,12,-9
229001553,112,13,99
229001554,4,7,-3
229001630,159,17,142
229001631,38,101,-63
229001635,0,25,-25
229001636,0,0,0
229001658,0,11,-11
229001659,75,35,40
229001660,1,10,-9
229001661,2,100,-98
229001662,61,0,61
229001663,0,32,-32
229002584,650,440,210
229002831,282,154,128
229002841,49,97,-48
229002842,48,109,-61
229002843,82,60,22
229002844,28,179,-151
229002845,24,195,-171
229002846,14,62,-48
229002847,0,30,-30
229002848,3,86,-83
229002849,0,231,-231
229002850,13,1,12
229002851,89,310,-221
229002852,131,51,80
229002853,170,58,112
229002854,38,124,-86
229002855,4,30,-26
229002856,100,27,73
229002857,10,132,-122
229002858,8,0,8
229002859,40,39,1
229002860,57,59,-2
229002861,58,85,-27
229002862,27,67,-40
229002863,25,14,11
229002864,80,80,0
229002865,7,26,-19
229002866,22,44,-22
229002867,0,13,-13
229002868,2,51,-49
229002869,44,88,-44
229002870,111,12,99
235000066,313,19,294
235000067,172,116,56
235000072,14,5,9
235000073,43,54,-11
235000074,63,6,57
235000080,10,32,-22
235000081,58,63,-5
235000082,460,90,370
235000083,660,136,524
235000084,20,74,-54
235000085,204,98,106
235000089,44,18,26
235000092,23,17,6
235000093,1,1,0
235000097,3,1,2
235000098,124,2,122
235000099,24,19,5
235000116,4,18,-14
235000117,791,30,761
235000133,4,151,-147
235000134,1,38,-37
235000206,1,12,-11
235000207,6,3,3
235000208,4,0,4
235000209,3,0,3
235000210,7,0,7
235000212,0,18,-18
235000213,0,7,-7
235000220,0,2,-2
235000221,6,37,-31
235000238,30,258,-228
235000239,2,70,-68
235000242,276,1451,-1175
235000245,351,186,165
235000246,33,43,-10
235000284,0,54,-54
235000295,51,8,43
235000305,510,10,500
235000306,728,7,721
235000307,129,0,129
235000308,23,0,23
235000309,216,0,216
235000310,56,0,56
235000311,70,57,13
235000322,0,188,-188
235000323,1,33,-32
235000324,0,101,-101
235000325,2,61,-59
235000326,25,83,-58
235000351,1,60,-59
235000352,41,20,21
235000353,8,22,-14
235000354,21,23,-2
235000355,25,356,-331
235000356,142,1,141
235000357,138,0,138
235000358,49,3,46
235000359,24,2,22
235000360,257,15,242
235000361,42,8,34
235000381,140,88,52
235000382,267,54,213
235000390,1,1,0
235000391,201,11,190
235000392,264,111,153
235000393,186,138,48
235000395,209,41,168
235000396,713,37,676
235000400,85,89,-4
235000401,5,97,-92
235000405,100,128,-28
235000406,38,46,-8
235000407,42,31,11
235000409,191,37,154
235000410,87,57,30
235000411,2,58,-56
235000485,0,1,-1
235000486,5,0,5
235000549,136,137,-1
235000550,127,66,61
235000599,116,22,94
235000600,3,0,3
235000601,7,14,-7
235000602,198,61,137
235000614,0,8,-8
235000648,0,0,0
235000649,59,8,51
235000685,0,8,-8
235000815,6,24,-18
235000834,0,2,-2
235000855,37,47,-10
235000862,30,59,-29
235000891,0,7,-7
235000892,10,1,9
235000901,45,38,7
235000907,3,2,1
235001010,217,51,166
235001029,125,92,33
235001030,130,48,82
235001078,88,83,5
235001079,64,24,40
235001147,1,101,-100
235001166,38,5,33
235001167,28,14,14
235001169,43,171,-128
235001188,0,1,-1
235001189,3,1,2
235001197,4,29,-25
235001200,36,1,35
235001207,274,87,187
235001210,3,157,-154
235001215,22,71,-49
235001239,0,6,-6
235001244,0,7,-7
235016267,0,99,-99
277101746,0,2,-2
277102712,18,0,18
277103813,0,0,0
277103814,0,0,0
277103898,0,2,-2
277104249,0,5,-5
277104250,0,15,-15
277104251,0,1,-1
277104252,0,9,-9
990011530,0,187,-187
990014944,17,179,-162
990015176,27,5,22
990015618,1,181,-180
990016032,0,473,-473
990032570,2,2049,-2047
990070001,123,3,120
990070103,0,2,-2
990070601,0,17,-17
990070751,4735,7,4728
990070766,0,104,-104
990071180,540,71,469
990071343,24,5,19
990071387,0,1,-1
990071823,875,14,861
990072600,0,507,-507
990072964,2,153,-151
990073285,0,1,-1
990074393,0,551,-551
990074870,3868,15,3853
990075106,639,3,636
990075746,890,2,888
990076437,8958,6,8952
990076458,0,386,-386
997000007,430,1,429
997000041,1,419,-418
997000058,93,0,93
997000062,84,60,24
997000069,0,3,-3
997000070,0,95,-95
997000100,299,0,299
997000141,0,112,-112
997000198,1,130,-129
998000475,0,6,-6
998000736,2,568,-566
998000965,0,62,-62
998001031,1,177,-176
998001700,0,77,-77
998001899,0,1,-1
998001900,12,0,12
998003073,2522,7,2515
998101900,0,0,0
998102850,1,123,-122
998501927,540,1273,-733
998501929,224,6,218
998501930,148,0,148
998501931,492,60,432
998501932,10,0,10
998501933,62,0,62
998501937,29,2,27
998501944,6,1,5
998501950,0,0,0
998501970,627,33,594
998501971,1,227,-226
998501973,0,14,-14
998501974,3,78,-75
998501975,147,46,101
998501976,165,0,165
998501977,0,29,-29
998501978,9,0,9
998501979,1,4,-3
998501980,175,1,174
998501981,74,1,73
998501982,0,100,-100
998502006,0,0,0
998502024,0,2,-2
998502032,0,2,-2
998502062,53,17,36
998502063,0,0,0
998502173,17,0,17
998502269,0,3,-3
998601159,0,11,-11
998601292,1,27,-26
999033574,0,213,-213
999800001,102,22,80
999800002,0,4,-4
999800003,2,1,1
999800004,0,10,-10
999800005,0,29,-29
