ID,insum,outsum,diff
100000001,564,1168,-604
100000002,4552,3707,845
100000003,7089,5741,1348
100000004,1495,1163,332
100000005,2731,5247,-2516
100000006,506,154,352
100000007,2119,853,1266
100000008,216,569,-353
100000009,628,600,28
100000010,129,101,28
100000011,1454,152,1302
100000012,173,1047,-874
100000013,87,332,-245
100000014,504,358,146
100000015,2038,2919,-881
100000016,1155,1623,-468
100000017,683,1051,-368
100000018,2053,760,1293
100000019,5095,2385,2710
100000020,2693,8085,-5392
100000021,6682,2807,3875
100000022,1935,3073,-1138
100000023,6544,2102,4442
100000025,1908,1621,287
100000028,2065,1504,561
100000029,343,453,-110
100000030,251,57,194
100000031,4964,7362,-2398
100000032,2639,4330,-1691
100000033,1019,2944,-1925
100000034,430,637,-207
100000035,1884,1985,-101
100000036,2599,1698,901
100000037,930,488,442
100000038,2539,1215,1324
100000039,995,814,181
100000040,230,211,19
100000041,1636,588,1048
100000042,1303,597,706
100000043,1244,524,720
100000044,500,814,-314
100000045,610,1224,-614
100000046,1138,1072,66
100000047,528,736,-208
100000048,989,760,229
100000049,1780,1920,-140
100000051,529,906,-377
100000053,295,9,286
100000054,587,35,552
100000055,1480,292,1188
100000056,639,639,0
100000057,2380,768,1612
100000058,1178,1089,89
100000059,10,177,-167
100000060,444,400,44
100000061,2623,692,1931
100000062,2159,754,1405
100000063,873,312,561
100000064,1768,331,1437
100000065,516,913,-397
100000066,175,688,-513
100000067,518,824,-306
100000068,531,1813,-1282
100000069,305,1390,-1085
100000072,319,1128,-809
100000073,1277,1256,21
100000075,828,307,521
100000076,2630,3649,-1019
100000077,268,261,7
100000078,49,46,3
100000079,57,70,-13
100000080,37,44,-7
100000081,232,236,-4
100000102,2849,2448,401
100000103,3462,2358,1104
100000104,5513,3509,2004
100000105,2899,1887,1012
100000106,2868,2742,126
100000107,804,1254,-450
100000108,840,1221,-381
100000109,2742,1528,1214
100000116,1863,1358,505
100000117,126,106,20
100000118,1881,1693,188
100000119,719,1075,-356
100000121,586,557,29
100000122,953,1196,-243
100000123,4245,4986,-741
100000124,5815,7025,-1210
100000125,4251,2139,2112
100000126,906,533,373
100000127,2109,445,1664
100000128,2194,3747,-1553
100000129,745,569,176
100000130,504,595,-91
100000131,2856,3224,-368
100000132,1452,3545,-2093
100000133,5345,2623,2722
100000135,703,1382,-679
100000139,600,397,203
100000140,493,419,74
100000142,537,643,-106
100000143,771,389,382
100000144,3824,943,2881
100000147,1314,3536,-2222
100000150,44,468,-424
100000151,1447,1381,66
100000153,238,453,-215
100000154,42,256,-214
100000155,23,56,-33
100000156,654,606,48
100000157,152,145,7
100000158,361,138,223
100000159,269,793,-524
100000165,1739,1105,634
100000169,401,648,-247
100000174,878,684,194
100000179,98,704,-606
100000180,7238,7348,-110
100000181,838,512,326
100000188,122,381,-259
100000189,1788,603,1185
100000190,1183,1566,-383
100000191,804,738,66
100000192,76,124,-48
100000193,374,238,136
100000330,1389,1171,218
100000355,281,1033,-752
100000362,5053,3565,1488
100000363,4861,5110,-249
100000364,304,297,7
100000365,6906,8536,-1630
100000366,6887,3832,3055
100000367,6359,7823,-1464
100000368,3187,1849,1338
100000369,1779,2298,-519
100000370,338,1048,-710
100000376,96,184,-88
100000379,2610,2164,446
100000380,4910,5025,-115
100000384,6546,6187,359
100000385,4749,5419,-670
100000386,8786,5937,2849
100000387,6280,6830,-550
100000388,7812,7407,405
100000389,9133,7576,1557
100000390,9246,7395,1851
100000391,7561,9692,-2131
100000392,4618,4817,-199
100000393,3582,6069,-2487
100000394,9273,10399,-1126
100000395,6973,5161,1812
100000396,10565,4977,5588
100000397,7187,8914,-1727
100000398,12221,9605,2616
100900002,8,23,-15
100900003,543,253,290
100900004,32,1256,-1224
100900005,171,25,146
100900006,34,97,-63
100900007,667,12,655
100900008,2,433,-431
100900009,107,208,-101
100900010,114,133,-19
100900011,149,212,-63
100900012,1,222,-221
100900013,1771,11,1760
100900014,3,21,-18
100900015,120,98,22
100900016,6,29,-23
100900017,831,120,711
100900018,1,28,-27
100900019,58,172,-114
100900020,382,17,365
100900021,434,4,430
100900022,53,45,8
100900023,0,28,-28
100900024,1012,7,1005
100900025,54,17,37
100900026,96,105,-9
100900027,584,2806,-2222
100900028,141,235,-94
100900029,48,9,39
100900030,0,136,-136
100900031,624,55,569
100900032,276,2,274
100900033,357,274,83
100900034,525,6,519
100900035,645,3,642
100900036,14,1,13
100900037,109,186,-77
100900038,123,47,76
100900039,311,606,-295
100900040,534,688,-154
100900041,842,641,201
100900042,1877,1763,114
100900043,5,25,-20
100900044,2114,641,1473
100900045,34,6,28
100900046,1574,19,1555
100900047,1024,363,661
100900048,244,75,169
100900049,183,154,29
100900050,3,12,-9
100900051,99,187,-88
100900052,482,55,427
100900053,380,29,351
100900054,8,49,-41
100900055,472,697,-225
100900056,153,308,-155
100900057,1799,1493,306
100900058,268,67,201
100900059,143,20,123
100900060,211,9,202
100900061,387,261,126
100900062,2,55,-53
100900063,284,684,-400
100900064,841,23,818
100900065,119,88,31
100900066,166,184,-18
100900067,13,5,8
100900068,92,71,21
100900069,548,14,534
100900070,429,20,409
100900071,824,329,495
100900072,1,30,-29
100900073,207,399,-192
100900074,10,10,0
100900075,1952,401,1551
100900076,30,35,-5
100900077,27,95,-68
100900078,130,303,-173
100900079,6,15,-9
100900080,42,235,-193
100900081,29,180,-151
100900082,117,449,-332
100900083,20,15,5
100900085,22,419,-397
100900086,146,881,-735
100900088,128,501,-373
100900089,4,23,-19
100900090,160,596,-436
100900091,2,41,-39
100900092,280,259,21
100900093,248,565,-317
100900094,166,391,-225
100900095,5,26,-21
100900096,95,165,-70
100900097,0,5,-5
100900098,31,10,21
100900099,44,472,-428
100900100,32,651,-619
100900101,265,54,211
100900102,78,172,-94
100900103,15,17,-2
100900104,7,196,-189
100900105,31,524,-493
100900106,36,8,28
100900107,1909,847,1062
100900108,5,90,-85
100900109,29,60,-31
100900110,11,36,-25
100900111,72,228,-156
100900112,17,28,-11
100900113,14,21,-7
100900114,8,13,-5
100900115,7,37,-30
100900116,1024,677,347
100900117,290,983,-693
100900118,243,182,61
100900119,17,15,2
100900120,7,11,-4
100900121,589,612,-23
100900122,301,178,123
100900123,97,235,-138
100900124,4,6,-2
100900125,15,57,-42
100900126,168,226,-58
100900127,7,22,-15
100900128,137,183,-46
100900129,0,203,-203
100900131,110,304,-194
100900133,38,43,-5
100900134,7,7,0
100900135,1,209,-208
100900137,339,237,102
100900138,651,566,85
100900139,25,6,19
100900140,6,441,-435
100900141,6,644,-638
100900142,5,20,-15
100900143,932,470,462
100900144,17,3,14
100900145,304,278,26
100900146,9,68,-59
100900147,15,644,-629
100900148,37,542,-505
100900149,43,292,-249
100900150,3,32,-29
100900151,160,545,-385
100900152,793,17,776
100900153,15,245,-230
100900154,22,168,-146
100900155,35,29,6
100900156,91,7,84
100900157,12,243,-231
100900158,1186,262,924
100900159,3,61,-58
100900160,22,16,6
100900161,114,6,108
100900162,25,587,-562
100900163,217,201,16
100900164,63,61,2
100900165,4,20,-16
100900166,31,7,24
100900167,27,75,-48
100900168,48,191,-143
100900169,124,1068,-944
100900170,72,7,65
100900171,38,506,-468
100900172,0,48,-48
100900173,11,388,-377
100900174,403,76,327
100900176,1699,250,1449
100900177,629,337,292
100900178,283,185,98
100900179,285,456,-171
100900180,13,12,1
100900181,112,111,1
100900182,127,39,88
100900184,23,221,-198
100900186,753,507,246
100900187,18,101,-83
100900188,67,13,54
100900189,2036,257,1779
100900191,1291,1177,114
100900192,325,448,-123
100900195,131,153,-22
100900197,57,39,18
100900198,37,220,-183
100900199,8,15,-7
100900200,784,560,224
100900201,181,799,-618
100900202,104,5,99
100900203,1,249,-248
100900204,1171,2150,-979
100900205,214,608,-394
100900206,166,141,25
100900207,281,204,77
100900210,154,398,-244
100900211,820,168,652
100900213,260,57,203
100900214,844,142,702
100900215,27,88,-61
101000001,4923,2746,2177
101000002,6529,7047,-518
101000003,566,1963,-1397
101000004,8072,6977,1095
101000005,4685,5246,-561
101000006,6469,7328,-859
101000007,3344,4917,-1573
101000008,3294,2877,417
101000009,2028,1357,671
101000010,1036,1240,-204
101000011,1561,669,892
101000012,1434,762,672
101000013,730,1417,-687
101000014,634,716,-82
101000015,1478,1123,355
101000016,389,545,-156
101000017,667,572,95
101000018,3400,2827,573
101000020,3139,1299,1840
101000021,1048,472,576
101000022,280,136,144
101000023,1704,805,899
101000025,321,481,-160
101000026,393,45,348
101000027,2872,3259,-387
101000028,388,109,279
101000029,461,2805,-2344
101000030,2762,213,2549
101000031,1646,1269,377
101000032,11594,6006,5588
101000033,2957,4373,-1416
101000034,2626,2013,613
101000035,1303,809,494
101000036,2173,1309,864
101000037,3638,2464,1174
101000039,2937,3135,-198
101000040,3555,3967,-412
101000041,12276,9576,2700
101000042,816,1627,-811
101000043,8648,9424,-776
101000045,2345,1252,1093
101000046,5849,2458,3391
101000047,3596,6124,-2528
101000048,1061,805,256
101000049,1049,3046,-1997
101000050,3664,3554,110
101000051,2798,3550,-752
101000052,1904,1343,561
101000053,1928,2287,-359
101000054,3519,1775,1744
101000055,1839,1723,116
101000056,43,113,-70
101000057,2301,1393,908
101000058,1621,1623,-2
101000059,2514,2459,55
101000060,1973,734,1239
101000061,1088,1493,-405
101000062,898,745,153
101000063,625,1046,-421
101000064,1139,1155,-16
101000065,491,495,-4
101000066,1219,993,226
101000067,1424,1171,253
101000068,423,644,-221
101000069,423,137,286
101000070,1407,1281,126
101000071,2408,1130,1278
101000072,1044,3849,-2805
101000073,1091,1392,-301
101000074,8278,4726,3552
101000075,5985,6982,-997
101000077,1986,1406,580
101000078,1205,2308,-1103
101000079,880,489,391
101000080,685,597,88
101000081,2130,1845,285
101000082,3467,3311,156
101000083,2968,2495,473
101000084,1522,902,620
101000085,1770,1405,365
101000086,1208,1140,68
101000087,1059,1009,50
101000088,1720,1323,397
101000089,1434,1657,-223
101000090,2110,1312,798
101000091,460,862,-402
101000092,1110,1062,48
101000093,1501,932,569
101000094,1238,1052,186
101000095,546,602,-56
101000096,322,562,-240
101000097,569,631,-62
101000098,582,626,-44
101000099,1562,1427,135
101000100,1473,1312,161
101000101,446,508,-62
101000102,979,586,393
101000103,1225,678,547
101000104,429,738,-309
101000105,623,846,-223
101000106,1221,1573,-352
101000107,327,353,-26
101000108,910,334,576
101000109,386,62,324
101000110,52,494,-442
101000111,213,358,-145
101000113,296,859,-563
101000114,11538,9173,2365
101000115,305,167,138
101000116,247,193,54
101000117,2534,611,1923
101000119,81,74,7
101000120,165,53,112
101000121,84,88,-4
101000122,187,152,35
101000123,83,149,-66
101000124,772,319,453
101000125,247,506,-259
101000128,722,644,78
101000130,313,382,-69
101000131,857,533,324
101000132,688,1051,-363
101000135,56,59,-3
101000136,637,254,383
101000137,46,473,-427
101000141,1608,3574,-1966
101000147,659,358,301
101000148,1274,40,1234
101000149,671,800,-129
101000150,105,667,-562
101000151,206,39,167
101000152,418,296,122
101000153,533,323,210
101000154,233,908,-675
101000155,347,120,227
101000156,16,283,-267
101000157,52,43,9
101000160,146,89,57
101000163,334,364,-30
101000164,413,308,105
101000165,344,459,-115
101000166,373,455,-82
101000168,939,436,503
101000252,1983,959,1024
101000254,599,132,467
101000258,46,8,38
101000261,164,71,93
101000262,1442,2684,-1242
101000263,607,2011,-1404
101000265,139,1182,-1043
101000266,419,439,-20
101000269,42,12,30
101000290,1559,3345,-1786
101000293,87,102,-15
101000294,829,508,321
101000295,153,510,-357
101000301,814,559,255
101000304,2145,2873,-728
101000305,2913,1593,1320
101900001,62,120,-58
101900002,0,24,-24
101900003,61,92,-31
101900004,8,81,-73
101900005,3553,2448,1105
101900006,1275,85,1190
101900007,1035,356,679
101900008,89,361,-272
101900009,124,519,-395
101900010,902,634,268
101900011,347,1362,-1015
101900012,266,336,-70
101900013,865,182,683
101900017,12,145,-133
101900018,1207,266,941
101900019,285,180,105
101900020,221,69,152
101900021,2,45,-43
101900022,129,977,-848
101900023,133,202,-69
102000001,2912,5013,-2101
102000002,3337,1130,2207
102000003,3787,7413,-3626
102000004,7457,3219,4238
102000005,1403,2238,-835
102000006,1412,1955,-543
102000007,1937,5039,-3102
102000008,4703,1791,2912
102000009,7335,8791,-1456
102000010,6252,3787,2465
102000011,3481,3217,264
102000012,3394,3459,-65
102000018,3053,2787,266
102000019,2818,1680,1138
102000026,249,641,-392
102000029,482,275,207
102000030,140,443,-303
102000031,91,159,-68
102000032,534,352,182
102000033,254,341,-87
102000034,739,442,297
102000035,1770,794,976
102000036,31,229,-198
102000037,203,51,152
102000038,266,388,-122
102000039,244,102,142
102000040,500,308,192
102000041,236,432,-196
102000042,300,348,-48
102000043,422,256,166
102000044,331,441,-110
102000045,836,905,-69
102000046,1230,661,569
102000047,959,1062,-103
102000048,500,788,-288
102000049,1134,850,284
102000050,1532,1426,106
102000051,492,680,-188
102000052,1480,958,522
102000053,1055,1076,-21
102000054,721,1383,-662
102000055,1407,565,842
102000056,1066,1098,-32
102000057,1734,674,1060
102000058,1471,1405,66
102000059,1636,1534,102
102000060,1367,1098,269
102000061,1790,1976,-186
102000062,1937,1264,673
102000063,1194,1436,-242
102000064,675,838,-163
102000065,77,217,-140
102000066,922,999,-77
102000067,2374,3368,-994
102000068,9271,2761,6510
102000069,92,2029,-1937
102000070,1837,61,1776
102000071,7167,10073,-2906
102000072,3498,4521,-1023
102000073,2315,1948,367
102000074,1123,1736,-613
102000075,172,502,-330
102000076,236,539,-303
102000077,821,731,90
102000078,891,756,135
102000079,261,297,-36
102000080,307,332,-25
102000081,551,944,-393
102000082,841,560,281
102000083,610,389,221
102000084,323,290,33
102000085,2434,1174,1260
102000086,1420,1745,-325
102000087,1077,1770,-693
102000088,349,388,-39
102000089,1368,409,959
102000090,724,1336,-612
102000091,1732,672,1060
102000092,429,825,-396
102000093,640,768,-128
102000094,1172,703,469
102000095,1164,1459,-295
102000096,978,831,147
102000097,1210,1034,176
102000098,701,980,-279
102000099,1167,813,354
102000100,709,1393,-684
102000101,1287,796,491
102000102,346,1435,-1089
102000103,1981,563,1418
102000104,702,380,322
102000105,307,525,-218
102000106,856,630,226
102000107,1310,476,834
102000108,682,214,468
102000109,482,543,-61
102000110,1001,975,26
102000111,13,228,-215
102000112,256,121,135
102000113,18,39,-21
102000114,694,364,330
102000115,262,281,-19
102000116,866,755,111
102000117,391,1762,-1371
102000118,1600,1134,466
102000119,1694,1389,305
102000120,228,588,-360
102000121,1096,639,457
102000122,713,946,-233
102000123,1491,1447,44
102000124,1631,1314,317
102000125,1199,993,206
102000126,1088,885,203
102000127,1255,745,510
102000128,755,1136,-381
102000129,1519,838,681
102000130,654,1056,-402
102000131,2254,816,1438
102000132,771,1306,-535
102000133,1877,1842,35
102000134,812,809,3
102000135,979,957,22
102000136,1254,598,656
102000137,1135,1191,-56
102000138,526,466,60
102000139,389,675,-286
102000140,631,838,-207
102000141,1278,1392,-114
102000142,479,411,68
102000143,160,459,-299
102000144,343,464,-121
102000145,462,493,-31
102000146,449,461,-12
102000147,726,542,184
102000148,200,399,-199
102000149,165,352,-187
102000150,361,92,269
102000151,113,279,-166
102000152,204,115,89
102000153,1224,458,766
102000154,355,694,-339
102000155,159,372,-213
102000156,340,173,167
102000157,127,408,-281
102000158,387,362,25
102000159,1077,453,624
102000161,3608,2093,1515
102000162,189,196,-7
102000163,138,588,-450
102000164,1127,1187,-60
102000165,379,189,190
102000166,133,179,-46
102000167,310,258,52
102000168,368,141,227
102000169,115,493,-378
102000170,616,278,338
102000171,311,396,-85
102000172,333,521,-188
102000173,428,309,119
102000174,83,78,5
102000175,134,110,24
102000176,114,33,81
102000178,243,463,-220
102000179,372,221,151
102000180,943,501,442
102000181,813,513,300
102000182,680,533,147
102000183,1807,1628,179
102000184,1810,857,953
102000185,2877,1306,1571
102000186,1234,1804,-570
102000187,1037,1428,-391
102000188,1234,1318,-84
102000189,2364,768,1596
102000190,988,2779,-1791
102000191,1371,585,786
102000192,1326,1503,-177
102000193,71,121,-50
102000194,58,143,-85
102000195,530,523,7
102000196,242,389,-147
102000197,689,479,210
102000198,194,955,-761
102000199,1035,434,601
102000200,349,1122,-773
102000201,1040,444,596
102000202,10,103,-93
102000203,388,228,160
102000204,426,698,-272
102000205,1109,466,643
102000206,708,576,132
102000207,636,464,172
102000208,383,467,-84
102000209,75,83,-8
102000210,345,335,10
102000211,509,340,169
102000212,330,13,317
102000213,8,315,-307
102000214,240,19,221
102000215,13,396,-383
102000216,64,55,9
102000217,6,179,-173
102000218,280,148,132
102000219,399,281,118
102000225,492,667,-175
102000226,6793,2797,3996
102000227,136,1,135
102000228,0,110,-110
102000229,56,55,1
102000230,313,463,-150
102000231,303,423,-120
102000232,31,144,-113
102000233,460,798,-338
102000234,139,1092,-953
102000236,365,83,282
102000237,429,128,301
102000238,162,219,-57
102000240,542,636,-94
102000241,356,164,192
102000243,49,65,-16
102000245,69,105,-36
102000246,25,33,-8
102000247,356,635,-279
102000248,293,655,-362
102000249,187,186,1
102000250,137,339,-202
102000254,104,312,-208
102000266,89,467,-378
102000271,21,0,21
102000286,429,432,-3
102000297,1937,975,962
102000301,0,0,0
102000303,0,1,-1
102000305,0,0,0
102000306,0,0,0
102000307,0,10,-10
102000308,0,7,-7
102900001,1228,801,427
102900002,373,58,315
102900003,60,158,-98
102900005,374,279,95
102900006,507,158,349
102900007,536,30,506
102900008,187,54,133
102900009,647,455,192
102900010,549,1002,-453
102900011,1611,382,1229
102900012,391,72,319
102900013,34,75,-41
102900015,740,458,282
102900016,50,125,-75
102900017,187,491,-304
102900018,49,98,-49
102900019,459,456,3
102900020,185,39,146
102900021,43,88,-45
102900022,626,195,431
102900023,27,64,-37
102900024,52,45,7
102900025,199,98,101
102900026,417,1899,-1482
102900027,113,68,45
102900028,200,789,-589
102900029,229,191,38
102900030,430,299,131
102900031,213,132,81
102900032,106,110,-4
102900033,118,193,-75
102900034,511,92,419
102900035,138,352,-214
102900036,383,478,-95
102900037,286,538,-252
102900038,434,529,-95
102900039,47,570,-523
102900040,183,255,-72
102900041,87,152,-65
102900042,231,194,37
102900043,131,249,-118
102900044,599,1604,-1005
102900045,155,464,-309
102900046,151,245,-94
102900047,114,508,-394
102900048,575,514,61
102900049,182,411,-229
102900050,298,293,5
102900051,245,195,50
102900052,62,45,17
102900053,427,663,-236
102900054,760,1222,-462
102900055,148,177,-29
102900056,148,394,-246
102900057,5,63,-58
102900058,342,98,244
102900059,37,58,-21
102900060,115,493,-378
102900061,157,382,-225
102900062,318,830,-512
102900063,1237,329,908
102900064,160,431,-271
102900065,1283,553,730
102900066,325,33,292
102900068,110,89,21
102900070,363,636,-273
102900072,11,44,-33
102900073,142,6,136
102900074,317,284,33
102900075,18,50,-32
102900076,192,167,25
102900077,72,35,37
102900078,36,105,-69
102900079,185,16,169
102900080,361,50,311
102900081,119,278,-159
102900082,12,282,-270
102900083,233,19,214
102900084,5,47,-42
102900085,456,159,297
102900086,17,80,-63
102900087,132,138,-6
102900088,50,28,22
102900089,260,127,133
102900090,5,280,-275
102900091,161,3,158
102900092,427,748,-321
102900093,290,322,-32
102900094,8,176,-168
102900095,207,3,204
102900096,54,11,43
102900097,23,139,-116
103000001,2705,2545,160
103000002,2281,2687,-406
103000003,3876,3273,603
103000004,979,841,138
103000005,1906,2631,-725
103000006,675,1423,-748
103000007,411,717,-306
103000008,1048,718,330
103000009,1236,1170,66
103000010,132,67,65
103000011,1736,1597,139
103000012,1626,1567,59
103000013,4128,2143,1985
103000014,1749,2784,-1035
103000015,1579,712,867
103000016,519,1450,-931
103000017,252,431,-179
103000018,890,375,515
103000019,337,300,37
103000020,2434,1492,942
103000021,1936,1735,201
103000022,793,1097,-304
103000023,720,1686,-966
103000024,91,164,-73
103000025,117,691,-574
103000026,1015,166,849
103000027,338,676,-338
103000028,471,377,94
103000029,237,240,-3
103000030,1898,1258,640
103000031,1719,2114,-395
103000032,2436,1842,594
103000033,3109,3021,88
103000034,1784,1140,644
103000035,515,1457,-942
103000036,474,575,-101
103000037,643,526,117
103000038,648,1149,-501
103000039,412,301,111
103000040,420,823,-403
103000041,1458,2093,-635
103000042,1225,514,711
103000043,567,940,-373
103000044,366,230,136
103000046,371,471,-100
103000047,694,671,23
103000048,185,242,-57
103000049,138,185,-47
103000050,722,519,203
103000051,548,596,-48
103000052,822,403,419
103000053,259,606,-347
103000054,2906,1404,1502
103000055,1949,2281,-332
103000056,765,1508,-743
103000057,679,316,363
103000058,709,853,-144
103000059,510,863,-353
103000060,873,604,269
103000061,380,968,-588
103000062,1279,523,756
103000063,841,1013,-172
103000064,183,209,-26
103000065,6,376,-370
103000066,193,11,182
103000069,407,337,70
103000070,993,845,148
103000071,1204,612,592
103000072,155,725,-570
103000073,620,147,473
103000074,757,120,637
103000075,170,623,-453
103000076,435,433,2
103000077,79,448,-369
103000078,1065,592,473
103000079,846,857,-11
103000080,1310,345,965
103000081,553,1273,-720
103000082,539,209,330
103000083,160,340,-180
103000084,99,13,86
103000085,1,153,-152
103000086,705,433,272
103000087,220,581,-361
103000088,259,329,-70
103000089,273,519,-246
103000090,2029,753,1276
103000091,612,472,140
103000092,285,295,-10
103000093,285,347,-62
103000094,238,98,140
103000095,70,314,-244
103000096,631,124,507
103000097,77,805,-728
103000098,835,208,627
103000099,334,749,-415
103000100,153,672,-519
103000101,916,117,799
103000102,112,532,-420
103000103,785,147,638
103000104,64,121,-57
103000105,167,84,83
103000106,8,152,-144
103000107,205,51,154
103000108,738,605,133
103000109,403,400,3
103000110,515,463,52
103000111,546,482,64
103000112,421,212,209
103000113,772,680,92
103000114,1367,493,874
103000115,580,469,111
103000116,593,424,169
103000117,429,537,-108
103000118,633,739,-106
103000119,1141,579,562
103000120,85,169,-84
103000121,579,1125,-546
103000122,623,1084,-461
103000125,10,202,-192
103000126,651,5,646
103000127,7,133,-126
103000128,148,1,147
103000129,3,119,-116
103000130,102,44,58
103000131,231,117,114
103000132,104,164,-60
103000133,22,125,-103
103000134,551,851,-300
103000135,560,278,282
103000136,704,450,254
103000137,678,599,79
103000138,840,753,87
103000139,11,93,-82
103000140,160,31,129
103000141,90,117,-27
103000142,216,95,121
103000143,71,193,-122
103000144,187,66,121
103000145,86,179,-93
103000150,122,45,77
103000152,190,309,-119
103000153,239,161,78
103000156,16,296,-280
103000157,452,1,451
103000159,183,59,124
103000162,115,73,42
103000163,28,105,-77
103000164,35,17,18
103000165,117,286,-169
103000166,206,266,-60
103000167,219,93,126
103000168,115,190,-75
103000169,223,483,-260
103000170,872,488,384
103000171,94,117,-23
103000172,808,828,-20
103000173,627,371,256
103000174,201,355,-154
103000175,334,312,22
103000176,837,613,224
103000177,557,375,182
103000178,249,294,-45
103000179,136,46,90
103000183,134,17,117
103000185,96,29,67
103000186,129,126,3
103000187,595,363,232
103000188,11,98,-87
103000189,821,784,37
103000191,677,673,4
103000292,1431,1706,-275
103000293,1037,2488,-1451
103000295,79,109,-30
103000296,448,4,444
103000297,129,143,-14
103000504,23,10,13
103000505,5,26,-21
103000506,0,167,-167
103000507,239,8,231
103000508,77,79,-2
103000509,246,601,-355
103900001,16,215,-199
103900002,1132,197,935
103900003,1380,102,1278
103900004,132,0,132
103900005,1,230,-229
103900006,3,0,3
103900007,49,11,38
103900008,25,0,25
103900009,318,566,-248
103900010,131,426,-295
103900011,327,189,138
103900012,13,19,-6
103900013,92,60,32
103900014,50,32,18
103900015,54,17,37
103900016,272,222,50
103900017,27,91,-64
103900018,577,194,383
103900019,86,264,-178
103900020,188,625,-437
103900021,545,49,496
103900022,1058,559,499
103900023,168,0,168
103900024,143,531,-388
103900025,26,33,-7
103900026,185,1,184
103900027,732,233,499
103900028,30,287,-257
103900029,978,124,854
103900030,332,87,245
103900031,43,7,36
103900032,78,55,23
103900033,137,21,116
103900034,22,111,-89
103900035,71,70,1
103900036,39,31,8
103900037,120,78,42
103900038,116,193,-77
103900039,81,284,-203
103900040,7,141,-134
103900041,60,47,13
103900042,66,287,-221
103900043,113,85,28
103900044,105,239,-134
103900045,346,176,170
103900047,102,28,74
103900048,53,38,15
103900049,183,1568,-1385
103900050,22,118,-96
103900051,9,43,-34
103900052,192,362,-170
103900053,145,533,-388
103900054,117,333,-216
103900055,441,210,231
103900056,38,63,-25
103900057,40,135,-95
103900058,290,571,-281
103900059,1,43,-42
103900060,59,188,-129
103900061,173,35,138
103900062,343,106,237
103900063,7,0,7
103900064,131,6,125
103900065,889,444,445
103900066,145,40,105
103900067,147,1,146
103900068,39,2,37
103900069,102,23,79
103900070,140,172,-32
103900071,14,120,-106
103900072,14,156,-142
103900073,45,29,16
103900074,96,76,20
103900075,125,47,78
103900076,492,573,-81
103900077,68,98,-30
103900078,615,140,475
103900079,151,219,-68
103900080,14,60,-46
103900081,56,18,38
103900082,13,173,-160
103900083,1257,1048,209
103900084,71,176,-105
103900085,105,174,-69
103900086,749,499,250
103900087,31,94,-63
103900088,316,629,-313
103900089,93,132,-39
103900090,104,286,-182
103900091,1150,244,906
103900092,596,604,-8
103900093,91,325,-234
103900094,30,127,-97
103900095,273,236,37
103900096,37,159,-122
103900097,17,438,-421
103900098,242,104,138
103900099,88,147,-59
103900100,313,361,-48
103900101,137,942,-805
103900102,5,42,-37
103900104,2,20,-18
103900105,84,203,-119
103900106,4,172,-168
103900107,153,178,-25
103900108,39,252,-213
103900109,112,57,55
103900110,234,69,165
103900111,90,577,-487
103900112,117,220,-103
103900113,152,239,-87
103900114,520,282,238
103900115,368,232,136
103900116,4361,2316,2045
103900117,133,95,38
103900119,26,80,-54
103900120,50,86,-36
103900122,109,248,-139
103900123,1178,632,546
103900124,43,23,20
103900125,94,62,32
103900126,477,324,153
103900127,186,454,-268
103900128,195,133,62
103900131,26,77,-51
103900133,1062,93,969
103900134,0,1,-1
103900135,17,11,6
103900137,4,76,-72
103900138,81,182,-101
103900139,285,1993,-1708
103900140,5,120,-115
103900141,287,65,222
103900142,216,184,32
103900143,74,1,73
103900144,0,46,-46
103900145,197,272,-75
103900146,280,254,26
103900147,315,184,131
103900148,237,267,-30
103900149,272,589,-317
103900150,6824,3993,2831
103900151,50,175,-125
103900152,516,418,98
103900153,5,3,2
103900154,792,1411,-619
103900155,70,189,-119
103900156,62,166,-104
103900157,30,177,-147
103900158,120,144,-24
103900159,138,70,68
103900160,69,50,19
103900161,107,157,-50
103900162,55,239,-184
103900163,32,441,-409
103900164,342,51,291
103900167,15,119,-104
103900168,130,103,27
103900169,73,56,17
103900170,7,95,-88
103900171,1,47,-46
103900172,4,20,-16
103900173,8,15,-7
103900174,232,52,180
103900175,54,75,-21
103900176,12,16,-4
103900177,7,46,-39
103900178,50,72,-22
103900179,45,116,-71
103900180,10,94,-84
103900181,49,69,-20
103900182,34,31,3
103900184,430,130,300
103900185,142,388,-246
103900187,17,69,-52
103900188,47,22,25
103900189,162,13,149
103900190,108,54,54
103900191,25,66,-41
103900192,20,112,-92
103900193,137,219,-82
103900194,73,237,-164
103900195,16,76,-60
103900196,227,58,169
103900197,24,40,-16
103900198,10,61,-51
103900199,134,53,81
103900200,137,98,39
103900201,167,205,-38
103900202,40,86,-46
103900203,30,24,6
103900204,1,78,-77
103900207,1,83,-82
103900208,116,3,113
103900209,16,94,-78
103900210,40,44,-4
103900211,539,330,209
103900212,122,417,-295
103900213,69,213,-144
103900214,348,168,180
103900215,365,330,35
103900216,15,703,-688
103900217,489,36,453
103900218,0,314,-314
103900219,219,328,-109
103900233,185,9,176
103900235,27,32,-5
103900236,35,3,32
103900242,5,18,-13
103900243,5,13,-8
103900244,100,185,-85
103900245,90,181,-91
103900246,50,40,10
103900247,16,73,-57
103900248,16,123,-107
103900249,30,40,-10
103900250,21,26,-5
103900251,5,39,-34
103900253,15,86,-71
103900254,3,16,-13
103900255,2,15,-13
103900256,5,45,-40
103900257,23,109,-86
103900258,59,5,54
103900259,96,11,85
103900261,6,1,5
103900262,34,10,24
103900263,43,53,-10
103900264,84,37,47
103900265,126,40,86
103900266,2,110,-108
103900267,6,45,-39
104000001,2401,2137,264
104000002,1810,2533,-723
104000003,2579,2333,246
104000004,3262,2839,423
104000005,1639,1996,-357
104000006,3483,2885,598
104000007,4551,4385,166
104000008,205,267,-62
104000009,204,109,95
104000010,171,278,-107
104000011,381,257,124
104000012,133,271,-138
104000013,207,236,-29
104000014,178,512,-334
104000015,369,143,226
104000016,605,362,243
104000018,857,162,695
104000019,673,208,465
104000020,169,447,-278
104000021,211,441,-230
104000022,115,212,-97
104000023,676,335,341
104000024,204,318,-114
104000026,40,313,-273
104000027,256,242,14
104000028,317,303,14
104000029,363,367,-4
104000030,291,224,67
104000031,1423,416,1007
104000032,252,243,9
104000033,686,485,201
104000034,345,264,81
104000035,934,374,560
104000036,758,533,225
104000037,352,209,143
104000038,519,225,294
104000039,156,205,-49
104000040,223,333,-110
104000041,588,253,335
104000042,216,305,-89
104000043,204,322,-118
104000044,221,539,-318
104000045,977,903,74
104000046,1099,1374,-275
104000047,1293,1260,33
104000048,1172,1352,-180
104000049,524,430,94
104000050,315,791,-476
104000051,110,582,-472
104000052,1424,1505,-81
104000053,775,497,278
104000054,548,370,178
104000055,3844,2485,1359
104000056,1182,233,949
104000057,178,412,-234
104000058,749,702,47
104000059,529,1035,-506
104000060,1236,1147,89
104000061,1222,1182,40
104000062,327,134,193
104000064,574,296,278
104000065,242,748,-506
104000069,962,1216,-254
104000070,74,492,-418
104000071,128,380,-252
104000072,531,202,329
104000075,124,244,-120
104000076,482,129,353
104000082,2354,3291,-937
104000083,753,188,565
104000084,107,543,-436
104000085,272,357,-85
104000086,265,483,-218
104000087,417,1920,-1503
104000090,741,1042,-301
104000092,1200,1979,-779
104000094,887,1444,-557
104000095,1812,1249,563
104000096,1625,206,1419
104000097,1903,751,1152
104000098,2281,961,1320
104000100,1730,598,1132
104000101,1158,1700,-542
104000106,61,539,-478
104000107,737,416,321
104000108,300,563,-263
104000109,376,109,267
104000110,875,1089,-214
104000111,3999,2529,1470
104000112,2075,549,1526
104000116,5,957,-952
104000117,150,551,-401
104000118,680,220,460
104000119,609,277,332
104000120,262,730,-468
104000121,207,739,-532
104000122,635,732,-97
104000123,805,928,-123
104000124,856,1897,-1041
104000125,3282,4269,-987
104000126,499,425,74
104000127,1350,2650,-1300
104000128,670,471,199
104000129,147,12,135
104000130,6,292,-286
104000131,511,422,89
104000132,390,528,-138
104000133,1284,1022,262
104000134,1092,1867,-775
104000135,476,1966,-1490
104000136,948,4144,-3196
104000137,1538,426,1112
104000138,1221,392,829
104000139,6063,3060,3003
104000141,1247,1660,-413
104000142,615,631,-16
104000143,656,589,67
104000144,96,198,-102
104000145,349,229,120
104000146,259,535,-276
104000147,169,261,-92
104000148,431,194,237
104000149,214,243,-29
104000150,1245,558,687
104000151,400,409,-9
104000152,626,604,22
104000153,697,601,96
104000154,970,568,402
104000155,499,516,-17
104000157,1190,1266,-76
104000158,803,1077,-274
104000159,844,836,8
104000160,1769,1835,-66
104000161,192,176,16
104000162,53,176,-123
104000165,858,980,-122
104000167,730,1003,-273
104000168,569,6,563
104000169,144,49,95
104000170,464,549,-85
104000248,311,562,-251
104000251,66,220,-154
104000272,0,0,0
104000273,0,0,0
104000274,0,0,0
104000275,0,0,0
104000279,830,479,351
104000290,128,284,-156
104000291,570,1097,-527
104000293,795,669,126
104000294,55,0,55
104000295,574,863,-289
104000296,333,738,-405
104000297,834,2165,-1331
104000298,2073,1051,1022
104000299,670,1474,-804
104900001,192,354,-162
104900002,102,176,-74
104900003,64,279,-215
104900004,116,240,-124
104900005,289,222,67
104900006,322,124,198
104900007,302,220,82
104900009,95,308,-213
104900010,129,63,66
104900011,91,52,39
104900012,389,48,341
104900013,142,11,131
104900014,2613,397,2216
104900015,111,14,97
104900016,214,219,-5
104900017,208,211,-3
104900018,5,159,-154
104900019,256,2800,-2544
104900020,62,239,-177
104900021,3,128,-125
104900022,13,114,-101
104900023,1,67,-66
104900024,20,79,-59
104900025,68,269,-201
104900026,3,88,-85
104900027,521,362,159
104900028,45,106,-61
104900029,56,75,-19
104900030,481,239,242
104900031,90,201,-111
104900032,43,109,-66
104900033,238,273,-35
104900034,362,162,200
104900035,354,201,153
104900036,193,61,132
104900037,153,154,-1
104900038,508,845,-337
104900039,643,387,256
104900040,453,107,346
104900041,258,185,73
104900042,139,275,-136
104900043,20,162,-142
104900044,647,205,442
104900045,400,55,345
104900046,181,141,40
104900047,337,96,241
104900048,289,74,215
104900049,45,56,-11
104900050,265,143,122
104900051,295,59,236
104900052,59,3,56
104900053,434,168,266
104900054,171,50,121
104900055,133,0,133
104900056,124,22,102
104900057,77,0,77
104900058,1071,803,268
104900059,199,85,114
104900060,3,467,-464
104900061,205,435,-230
104900063,0,123,-123
104900064,0,75,-75
104900065,1,176,-175
104900066,2,141,-139
104900067,4,302,-298
104900068,21,128,-107
104900070,192,296,-104
104900071,3,421,-418
104900072,57,239,-182
104900073,106,218,-112
104900074,71,208,-137
104900075,60,61,-1
104900076,72,256,-184
104900077,1030,382,648
104900078,194,438,-244
104900079,142,438,-296
104900080,110,455,-345
104900082,23,322,-299
104900085,2,173,-171
104900087,360,7,353
104900089,192,1,191
104900090,902,702,200
104900091,577,665,-88
104900093,242,459,-217
104900097,2383,2327,56
104900098,131,53,78
104900099,127,595,-468
104900100,415,233,182
104900102,33,177,-144
104900103,506,87,419
104900104,3123,2072,1051
104900106,95,119,-24
104900107,204,222,-18
104900108,89,185,-96
104900109,142,298,-156
104900110,10,56,-46
104900111,234,142,92
104900112,294,628,-334
104900113,757,309,448
104900114,404,453,-49
104900115,716,389,327
104900116,223,174,49
104900118,29,75,-46
104900119,23,53,-30
104900120,38,205,-167
104900121,0,73,-73
104900122,3,70,-67
104900123,68,6,62
104900124,53,0,53
104900125,519,3,516
104900126,43,47,-4
104900127,31,94,-63
104900128,121,200,-79
104900129,1898,1951,-53
105000001,2809,1624,1185
105000002,2452,1741,711
105000003,3632,3948,-316
105000004,667,934,-267
105000005,965,1167,-202
105000006,1616,1795,-179
105000007,1224,1653,-429
105000008,1902,3487,-1585
105000009,2393,3339,-946
105000010,2638,2130,508
105000011,3777,2931,846
105000012,3990,2857,1133
105000013,1099,1084,15
105000014,1974,2864,-890
105000015,11325,15949,-4624
105000016,2848,2503,345
105000017,1811,1010,801
105000018,1338,1530,-192
105000019,1329,915,414
105000020,170,427,-257
105000021,320,95,225
105000022,330,116,214
105000023,597,526,71
105000028,95,122,-27
105000029,609,1608,-999
105000030,4092,2760,1332
105000033,1044,1913,-869
105000034,142,992,-850
105000037,731,383,348
105000038,2351,1972,379
105000039,3015,1932,1083
105000040,1023,1371,-348
105000041,590,1548,-958
105000042,5041,2075,2966
105000043,2015,3162,-1147
105000044,765,671,94
105000045,451,774,-323
105000046,1387,434,953
105000047,561,1201,-640
105000048,581,204,377
105000049,264,422,-158
105000050,638,378,260
105000051,155,386,-231
105000052,556,931,-375
105000053,148,136,12
105000054,304,920,-616
105000055,833,407,426
105000056,1312,1921,-609
105000057,1166,892,274
105000058,1203,1190,13
105000059,762,581,181
105000060,453,560,-107
105000061,683,521,162
105000062,647,750,-103
105000063,362,465,-103
105000064,1569,767,802
105000065,306,598,-292
105000066,1134,1347,-213
105000067,1563,820,743
105000068,500,896,-396
105000069,1869,1795,74
105000070,623,1011,-388
105000071,280,880,-600
105000072,776,2025,-1249
105000073,914,666,248
105000074,1334,851,483
105000075,573,948,-375
105000076,1331,1039,292
105000077,2824,1362,1462
105000078,1512,1377,135
105000079,1365,3481,-2116
105000080,2414,1740,674
105000081,3866,1522,2344
105000082,1183,2097,-914
105000083,5350,4347,1003
105000084,577,693,-116
105000085,1767,2349,-582
105000086,573,801,-228
105000087,1428,1918,-490
105000088,1561,1559,2
105000089,3621,2199,1422
105000090,1134,895,239
105000091,1352,1593,-241
105000092,773,980,-207
105000093,271,295,-24
105000094,306,248,58
105000095,101,495,-394
105000096,1342,1124,218
105000097,1076,828,248
105000098,969,722,247
105000099,791,732,59
105000100,1375,1196,179
105000101,1890,2496,-606
105000102,2912,1534,1378
105000103,2003,2926,-923
105000104,2269,1098,1171
105000105,1223,1874,-651
105000106,1634,1968,-334
105000107,1634,1060,574
105000108,2050,1765,285
105000109,1774,1840,-66
105000110,871,620,251
105000111,757,631,126
105000112,1300,715,585
105000113,481,701,-220
105000114,2582,1244,1338
105000115,374,1050,-676
105000116,736,578,158
105000117,736,812,-76
105000118,688,524,164
105000119,865,1043,-178
105000120,1187,635,552
105000121,1011,1090,-79
105000122,407,669,-262
105000123,977,1271,-294
105000124,2001,793,1208
105000125,873,1641,-768
105000126,2058,1631,427
105000127,2229,1857,372
105000128,815,1031,-216
105000129,952,371,581
105000130,502,3055,-2553
105000131,884,400,484
105000132,948,659,289
105000133,536,984,-448
105000134,862,674,188
105000135,457,574,-117
105000136,74,106,-32
105000137,357,277,80
105000138,79,103,-24
105000139,1107,928,179
105000140,263,512,-249
105000141,304,620,-316
105000142,201,368,-167
105000143,313,644,-331
105000144,250,792,-542
105000145,582,379,203
105000146,415,995,-580
105000147,690,417,273
105000148,1241,640,601
105000149,2799,2133,666
105000150,2080,1683,397
105000151,447,407,40
105000152,127,464,-337
105000153,519,610,-91
105000154,650,532,118
105000155,334,916,-582
105000156,979,659,320
105000157,817,1681,-864
105000158,1815,674,1141
105000159,250,1008,-758
105000160,1640,511,1129
105000161,639,948,-309
105000162,651,1532,-881
105000163,1058,742,316
105000164,230,253,-23
105000165,1019,4909,-3890
105000166,5025,930,4095
105000167,1724,1482,242
105000168,412,559,-147
105000169,533,318,215
105000170,248,1256,-1008
105000171,1028,237,791
105000172,234,45,189
105000173,193,52,141
105000174,81,75,6
105000175,127,154,-27
105000176,517,165,352
105000177,305,186,119
105000178,162,498,-336
105000179,600,273,327
105000180,149,175,-26
105000181,116,300,-184
105000182,69,52,17
105000183,2325,2120,205
105000184,1392,1773,-381
105000185,1994,1173,821
105000186,545,1069,-524
105000187,887,275,612
105000188,396,165,231
105000189,253,599,-346
105000190,308,405,-97
105000191,469,363,106
105000192,410,59,351
105000193,109,179,-70
105000194,322,122,200
105000195,362,783,-421
105000196,71,213,-142
105000197,308,593,-285
105000198,562,391,171
105000199,290,579,-289
105000200,145,328,-183
105000201,137,50,87
105000203,8,192,-184
105000204,83,88,-5
105000205,96,247,-151
105000207,671,242,429
105000208,284,782,-498
105000209,251,360,-109
105000212,1119,1073,46
105000213,185,215,-30
105000214,151,263,-112
105000215,275,157,118
105000216,147,264,-117
105000217,151,244,-93
105000218,1394,1013,381
105000221,130,168,-38
105000222,709,174,535
105000223,320,179,141
105000226,82,251,-169
105000227,113,188,-75
105000228,314,2224,-1910
105000229,169,579,-410
105000231,276,273,3
105000233,834,781,53
105000234,507,1338,-831
105000235,401,527,-126
105000237,704,62,642
105000243,34,155,-121
105000248,55,86,-31
105000262,368,1218,-850
105000269,216,219,-3
105000270,476,42,434
105000271,1,203,-202
105000282,55,40,15
105000287,424,114,310
105000288,558,409,149
105000289,2940,2106,834
105000290,42,15,27
105000402,3625,4586,-961
105000426,483,671,-188
105000438,4017,1810,2207
105000446,12604,6317,6287
105000447,7265,3069,4196
105000454,557,231,326
105000455,342,187,155
105000474,80,1,79
105000477,384,579,-195
105000478,2015,4758,-2743
105000479,148,126,22
105000480,9777,7376,2401
105000481,5318,3762,1556
105000482,5516,8436,-2920
105000483,1950,2144,-194
105000484,2482,3230,-748
105000485,2011,3414,-1403
105000486,3707,2728,979
105000488,9759,5757,4002
105000489,964,721,243
105000549,178,130,48
105000550,539,1620,-1081
105000551,45,116,-71
105000552,2345,1608,737
105900001,6,2335,-2329
105900002,1227,612,615
105900003,18,98,-80
105900004,365,136,229
105900005,13,245,-232
105900006,29,122,-93
105900007,199,47,152
105900008,74,462,-388
105900009,29,18,11
105900011,411,107,304
105900012,561,214,347
105900013,2,43,-41
105900014,14,80,-66
105900015,172,375,-203
105900016,510,692,-182
105900017,1201,36,1165
105900018,164,162,2
105900019,67,693,-626
105900020,26,67,-41
105900021,58,943,-885
105900022,255,197,58
105900023,8,195,-187
105900024,16,301,-285
105900025,344,30,314
105900026,233,26,207
105900027,14488,10733,3755
105900028,995,540,455
105900029,1541,342,1199
105900030,180,244,-64
105900031,360,202,158
105900032,86,151,-65
105900033,182,141,41
105900034,187,211,-24
105900035,177,158,19
105900036,97,107,-10
105900037,81,77,4
105900038,222,221,1
105900039,135,67,68
105900040,56,144,-88
105900041,150,206,-56
105900042,55,138,-83
105900043,1425,89,1336
105900044,5,294,-289
105900045,4,732,-728
105900046,5,274,-269
105900047,11,56,-45
105900048,60,451,-391
105900050,9930,7755,2175
105900051,59,1095,-1036
105900052,575,316,259
105900053,3222,2881,341
105900054,301,236,65
105900056,957,364,593
105900057,122,160,-38
105900058,19,20,-1
105900059,5,35,-30
106000001,4598,2253,2345
106000002,2220,5165,-2945
106000003,3035,3376,-341
106000004,1626,2531,-905
106000005,3541,5427,-1886
106000006,5586,3753,1833
106000007,523,688,-165
106000008,507,360,147
106000009,661,431,230
106000010,757,584,173
106000011,1171,1073,98
106000012,987,1273,-286
106000013,1880,2002,-122
106000014,1992,1656,336
106000015,1899,1360,539
106000016,1244,1808,-564
106000017,536,696,-160
106000018,620,452,168
106000019,464,373,91
106000020,383,279,104
106000021,303,392,-89
106000022,345,197,148
106000023,610,295,315
106000024,510,422,88
106000025,125,196,-71
106000026,132,165,-33
106000027,1295,1252,43
106000028,530,473,57
106000029,703,1044,-341
106000030,559,479,80
106000034,234,590,-356
106000035,933,1858,-925
106000036,288,416,-128
106000037,1856,1313,543
106000038,410,164,246
106000039,124,103,21
106000040,135,1030,-895
106000041,694,588,106
106000043,555,270,285
106000046,296,57,239
106000047,83,459,-376
106000049,941,176,765
106000050,290,691,-401
106000051,746,482,264
106000052,136,585,-449
106000053,395,165,230
106000054,405,481,-76
106000055,1071,957,114
106000056,248,430,-182
106000057,361,241,120
106000058,144,171,-27
106000059,392,250,142
106000060,314,470,-156
106000061,235,565,-330
106000062,166,503,-337
106000063,659,497,162
106000064,36,361,-325
106000065,383,329,54
106000066,108,330,-222
106000067,349,110,239
106000068,47,613,-566
106000069,265,81,184
106000070,406,801,-395
106000071,1095,355,740
106000072,2663,1529,1134
106000073,1530,2704,-1174
106000074,560,633,-73
106000075,371,1347,-976
106000076,1702,2004,-302
106000077,3332,1351,1981
106000078,1082,834,248
106000079,676,888,-212
106000080,1244,640,604
106000081,730,1147,-417
106000082,2458,911,1547
106000083,413,1449,-1036
106000084,1232,712,520
106000085,1374,1524,-150
106000086,703,843,-140
106000087,916,522,394
106000088,434,743,-309
106000089,1086,324,762
106000090,306,633,-327
106000091,279,500,-221
106000092,658,278,380
106000093,275,136,139
106000094,77,204,-127
106000095,813,701,112
106000096,815,559,256
106000097,1092,839,253
106000098,777,837,-60
106000099,218,885,-667
106000100,1919,247,1672
106000101,2454,365,2089
106000102,393,748,-355
106000103,326,490,-164
106000104,1047,452,595
106000105,506,545,-39
106000106,531,421,110
106000107,109,229,-120
106000108,201,252,-51
106000109,159,191,-32
106000110,245,232,13
106000111,162,330,-168
106000112,197,437,-240
106000113,526,491,35
106000114,438,541,-103
106000115,201,315,-114
106000116,269,210,59
106000117,1142,696,446
106000118,1170,1273,-103
106000119,1431,950,481
106000120,930,1114,-184
106000121,210,147,63
106000122,105,139,-34
106000123,416,128,288
106000124,73,188,-115
106000125,31,264,-233
106000126,288,133,155
106000127,789,676,113
106000128,613,197,416
106000129,461,440,21
106000130,749,244,505
106000131,119,676,-557
106000132,632,138,494
106000133,1850,1014,836
106000134,552,2473,-1921
106000135,236,541,-305
106000136,595,963,-368
106000137,72,671,-599
106000138,955,91,864
106000139,69,116,-47
106000140,35,50,-15
106000141,82,50,32
106000142,89,55,34
106000143,33,46,-13
106000144,27,69,-42
106000145,220,220,0
106000146,359,159,200
106000147,416,454,-38
106000148,460,769,-309
106000149,494,332,162
106000150,445,1718,-1273
106000151,3392,717,2675
106000152,1403,1674,-271
106000153,72,1545,-1473
106000154,1443,243,1200
106000155,131,200,-69
106000156,871,293,578
106000157,693,1597,-904
106000158,2109,891,1218
106000159,2661,1787,874
106000160,443,2608,-2165
106000161,1569,360,1209
106000162,243,855,-612
106000163,413,299,114
106000164,423,274,149
106000165,224,385,-161
106000166,638,262,376
106000167,365,864,-499
106000168,451,221,230
106000169,293,540,-247
106000170,855,194,661
106000171,261,1164,-903
106000172,2970,1309,1661
106000173,1239,2661,-1422
106000174,1027,366,661
106000175,291,847,-556
106000176,1662,831,831
106000177,823,2233,-1410
106000178,3114,1577,1537
106000179,1006,1964,-958
106000180,810,1121,-311
106000181,754,1941,-1187
106000182,1141,717,424
106000183,1257,578,679
106000184,2162,665,1497
106000185,1137,1527,-390
106000186,883,132,751
106000187,204,968,-764
106000188,3,1,2
106000189,35,38,-3
106000190,41,1,40
106000191,619,189,430
106000192,3,25,-22
106000193,399,205,194
106000194,155,509,-354
106000195,918,306,612
106000196,311,792,-481
106000197,643,371,272
106000198,183,208,-25
106000199,615,673,-58
106000200,259,224,35
106000201,416,2403,-1987
106000202,3519,570,2949
106000203,54,129,-75
106000204,81,10,71
106000205,8,103,-95
106000206,79,29,50
106000207,54,928,-874
106000208,1337,144,1193
106000209,1638,374,1264
106000210,816,957,-141
106000211,321,994,-673
106000212,898,459,439
106000213,669,1930,-1261
106000214,2394,823,1571
106000215,209,439,-230
106000216,267,295,-28
106000217,271,369,-98
106000218,447,359,88
106000219,156,211,-55
106000220,552,256,296
106000221,202,249,-47
106000222,54,101,-47
106000223,205,118,87
106000224,170,178,-8
106000225,78,106,-28
106000226,129,278,-149
106000228,37,76,-39
106000229,65,607,-542
106000231,852,122,730
106000232,33,267,-234
106000233,645,108,537
106000234,60,189,-129
106000235,428,94,334
106000236,149,84,65
106000237,2,4,-2
106000238,9,10,-1
106000239,4,67,-63
106000240,43,4,39
106000241,17,534,-517
106000242,258,33,225
106000249,71,67,4
106000250,66,493,-427
106000251,87,21,66
106000252,22,84,-62
106000253,34,80,-46
106000254,52,42,10
106000255,11,162,-151
106000256,46,53,-7
106000257,133,234,-101
106000258,171,14,157
106000259,5,51,-46
106000260,30,5,25
106000261,0,39,-39
106000262,108,4,104
106000263,8,45,-37
106000264,246,5,241
106000265,17,121,-104
106000266,192,27,165
106000267,6,77,-71
106000268,485,43,442
106000269,55,39,16
106000270,126,411,-285
106000271,86,201,-115
106000272,159,46,113
106000273,9,276,-267
106000274,134,42,92
106000275,122,311,-189
106000276,191,41,150
106000277,111,285,-174
106000278,199,36,163
106000279,22,42,-20
106000280,74,53,21
106000281,66,52,14
106000282,57,74,-17
106000283,113,62,51
106000284,73,119,-46
106000285,109,82,27
106000286,86,126,-40
106000287,116,56,60
106000288,116,126,-10
106000289,69,51,18
106000290,43,79,-36
106000291,120,77,43
106000292,92,53,39
106000293,101,67,34
106000294,159,96,63
106000295,46,66,-20
106000296,65,97,-32
106000297,103,197,-94
106000298,84,79,5
106000299,59,126,-67
106000300,44,92,-48
106000301,66,87,-21
106000303,30,79,-49
106000304,32,21,11
106000305,44,63,-19
106000306,30,44,-14
106000307,85,23,62
106000308,32,116,-84
106000309,27,46,-19
106000310,335,440,-105
106000311,385,190,195
106000312,81,153,-72
106000313,180,185,-5
106000318,124,361,-237
106000319,897,189,708
106000320,1,73,-72
106000321,420,138,282
106000322,125,110,15
106000324,15,134,-119
106000325,1727,1054,673
106000326,968,1699,-731
106000327,151,99,52
106000328,113,111,2
106000329,199,275,-76
106000330,49,77,-28
106000428,109,178,-69
106000429,106,367,-261
106000430,326,1112,-786
106000431,1950,353,1597
106000432,1596,2671,-1075
106000433,2329,1240,1089
106000434,3003,1448,1555
106000435,1348,2320,-972
106000436,19,197,-178
106000437,267,61,206
106000438,433,182,251
106000439,105,488,-383
106000440,328,400,-72
106000441,1,0,1
106000442,110,6,104
106000443,163,254,-91
106000450,2,124,-122
106000451,22,60,-38
106000454,0,123,-123
106000455,9,152,-143
106000456,99,44,55
106000457,15,853,-838
106000458,777,99,678
106000459,106,256,-150
106000460,1733,30,1703
106000461,85,901,-816
106000462,2,26,-24
106000463,1,23,-22
106000464,8,432,-424
106000465,671,1,670
106000466,2,438,-436
106000467,264,363,-99
106000468,64,121,-57
106000469,151,1,150
106000470,290,1620,-1330
106000471,19,569,-550
106000472,146,10,136
106000473,47,19,28
106000474,261,355,-94
106000475,198,189,9
106000476,123,175,-52
106000477,18,46,-28
106900001,0,9,-9
106900002,1,287,-286
106900003,221,1284,-1063
106900004,2,21,-19
106900006,0,17,-17
106900007,0,10,-10
106900008,329,127,202
106900009,326,237,89
106900010,257,254,3
106900012,1384,2809,-1425
106900013,977,161,816
106900014,21,3,18
106900015,17,0,17
106900016,256,9,247
106900017,12,2,10
106900018,5,1,4
106900019,49,3,46
106900020,2409,1443,966
106900021,129,79,50
106900022,688,3,685
106900023,80,305,-225
106900024,1276,31,1245
106900025,51,610,-559
106900026,3,382,-379
106900027,712,6,706
107000001,4759,4723,36
107000002,3515,4997,-1482
107000003,6429,7485,-1056
107000004,5101,5002,99
107000005,4462,5379,-917
107000006,3941,4176,-235
107000007,6793,10573,-3780
107000008,12030,8515,3515
107000009,8483,8646,-163
107000010,10207,10129,78
107000011,1174,1398,-224
107000012,4064,3064,1000
107000013,115,91,24
107000014,47,295,-248
107000015,684,925,-241
107000016,909,805,104
107000017,7847,4109,3738
107000018,127,3398,-3271
107000020,5710,4421,1289
107000021,1788,531,1257
107000022,1604,2660,-1056
107000023,1826,314,1512
107000024,809,1536,-727
107000025,253,422,-169
107000026,330,491,-161
107000027,1404,1296,108
107000028,1800,1319,481
107000029,3876,3209,667
107000030,3755,3188,567
107000031,4199,3044,1155
107000032,587,1025,-438
107000033,2813,6017,-3204
107000034,5343,1749,3594
107000035,346,285,61
107000036,994,1233,-239
107000037,94,858,-764
107000038,254,326,-72
107000039,923,907,16
107000040,184,393,-209
107000041,1887,1011,876
107000042,1003,2084,-1081
107000043,3091,1214,1877
107000044,656,469,187
107000045,118,304,-186
107000046,892,424,468
107000047,449,924,-475
107000048,701,329,372
107000049,668,891,-223
107000050,1253,593,660
107000051,372,376,-4
107000052,1258,961,297
107000053,408,162,246
107000054,71,274,-203
107000055,170,79,91
107000056,479,809,-330
107000057,1326,241,1085
107000058,2282,2688,-406
107000059,2045,3233,-1188
107000060,4638,5554,-916
107000061,5412,3670,1742
107000062,4763,2969,1794
107000063,4127,4830,-703
107000064,4739,2629,2110
107000065,4255,4450,-195
107000066,2325,3409,-1084
107000067,1294,1384,-90
107000068,1610,892,718
107000069,969,577,392
107000070,1291,11,1280
107000071,3612,48,3564
107000072,60,2569,-2509
107000073,904,371,533
107000074,169,862,-693
107000075,1782,551,1231
107000076,624,1351,-727
107000077,4189,1584,2605
107000078,2489,3148,-659
107000079,3121,1154,1967
107000080,1297,3229,-1932
107000081,2074,646,1428
107000082,666,1832,-1166
107000083,1464,475,989
107000084,338,1789,-1451
107000085,3178,3461,-283
107000086,3848,3580,268
107000087,3309,2141,1168
107000088,3721,3900,-179
107000089,1615,1802,-187
107000090,1264,1126,138
107000091,1563,881,682
107000092,864,911,-47
107000093,1273,921,352
107000094,1076,1102,-26
107000095,935,634,301
107000096,550,898,-348
107000097,622,287,335
107000098,487,391,96
107000099,501,334,167
107000100,324,360,-36
107000101,85,137,-52
107000102,230,389,-159
107000103,309,149,160
107000104,217,278,-61
107000105,398,154,244
107000106,169,254,-85
107000107,585,206,379
107000108,199,518,-319
107000109,704,245,459
107000110,78,547,-469
107000111,313,73,240
107000112,63,268,-205
107000113,604,136,468
107000114,157,426,-269
107000115,579,167,412
107000116,153,674,-521
107000117,160,519,-359
107000118,157,188,-31
107000119,1506,1497,9
107000120,1042,468,574
107000121,1094,719,375
107000122,1164,931,233
107000123,539,642,-103
107000124,548,842,-294
107000125,1008,611,397
107000126,881,605,276
107000127,98,415,-317
107000129,175,151,24
107000130,311,233,78
107000131,505,346,159
107000132,727,502,225
107000133,740,141,599
107000134,365,2,363
107000135,0,345,-345
107000136,956,12,944
107000137,13,473,-460
107000138,469,42,427
107000139,30,521,-491
107000140,1603,120,1483
107000141,139,725,-586
107000142,449,172,277
107000143,109,710,-601
107000144,528,550,-22
107000145,144,550,-406
107000146,293,396,-103
107000147,3117,903,2214
107000150,733,4714,-3981
107000151,70,181,-111
107000152,478,1463,-985
107000153,160,412,-252
107000154,250,269,-19
107000155,950,32,918
107000156,1346,56,1290
107000157,121,1282,-1161
107000158,506,23,483
107000159,41,769,-728
107000160,1007,249,758
107000161,85,1326,-1241
107000162,386,747,-361
107000163,276,10,266
107000164,897,8,889
107000165,982,51,931
107000166,60,1021,-961
107000167,599,276,323
107000168,1110,544,566
107000169,740,943,-203
107000170,2245,954,1291
107000171,832,2158,-1326
107000172,1246,1489,-243
107000173,851,1029,-178
107000174,1218,5968,-4750
107000175,7422,1933,5489
107000176,1,3,-2
107000177,7,3,4
107000178,19,30,-11
107000179,309,1806,-1497
107000180,1409,376,1033
107000181,385,924,-539
107000182,1864,1007,857
107000183,128,786,-658
107000184,923,677,246
107000185,610,1453,-843
107000186,1557,562,995
107000187,1393,1455,-62
107000188,696,672,24
107000189,561,1194,-633
107000190,697,719,-22
107000191,770,875,-105
107000192,1733,754,979
107000193,424,563,-139
107000194,902,781,121
107000197,1206,410,796
107000198,370,642,-272
107000199,934,719,215
107000200,656,705,-49
107000201,460,393,67
107000202,337,485,-148
107000203,1252,1206,46
107000204,1382,1613,-231
107000205,2303,1128,1175
107000206,1206,1726,-520
107000207,796,1013,-217
107000208,1292,678,614
107000209,2159,1372,787
107000210,882,423,459
107000211,6,58,-52
107000212,26,338,-312
107000213,1,18,-17
107000214,27,155,-128
107000215,513,351,162
107000216,449,659,-210
107000217,166,129,37
107000219,107,260,-153
107000220,222,198,24
107000222,303,725,-422
107000224,866,89,777
107000225,211,538,-327
107000226,735,104,631
107000227,97,295,-198
107000228,238,223,15
107000229,124,163,-39
107000230,1117,480,637
107000231,1846,1971,-125
107000232,126,49,77
107000233,1583,1109,474
107000234,3,46,-43
107000235,140,10,130
107000236,12,815,-803
107000237,57,2,55
107000238,38,0,38
107000239,4667,631,4036
107000240,99,917,-818
107000241,160,20,140
107000242,401,46,355
107000243,0,39,-39
107000244,8,58,-50
107000246,1,1047,-1046
107000249,1,1074,-1073
107000251,0,380,-380
107000252,0,1005,-1005
107000255,368,109,259
107000257,1,363,-362
107000258,2,114,-112
107000259,0,156,-156
107000260,544,8,536
107000262,13,444,-431
107000263,258,8,250
107000266,7,13,-6
107000267,146,148,-2
107000268,152,155,-3
107000269,715,111,604
107000270,3,44,-41
107000271,13,520,-507
107000272,8,124,-116
107000273,12,353,-341
107000274,6801,1185,5616
107000275,198,4152,-3954
107000280,805,57,748
107000281,63,742,-679
107000282,114,808,-694
107000290,15,31,-16
107000291,25,17,8
107000292,2,243,-241
107000293,126,4,122
107000294,0,61,-61
107000295,29,6,23
107000296,1,32,-31
107000444,415,15,400
107000496,6,29,-23
107000497,1480,2103,-623
107000500,412,381,31
107000501,253,171,82
107000502,200,369,-169
107000505,374,758,-384
107000506,6,99,-93
107000508,15,533,-518
107000509,262,881,-619
107000510,30,42,-12
107000514,43,393,-350
107000515,17,153,-136
107000516,348,264,84
107000518,1079,1334,-255
107000519,1672,913,759
107000520,80,36,44
107900001,174,168,6
107900002,86,10,76
107900003,657,36,621
107900004,116,4,112
107900005,1641,7,1634
107900006,186,1,185
107900007,264,44,220
107900008,186,26,160
107900009,177,6,171
107900010,63,27,36
107900012,292,34,258
107900013,222,43,179
107900014,34,11,23
107900015,967,16,951
107900016,542,116,426
107900017,32,6,26
107900018,65,144,-79
107900019,30,50,-20
107900020,118,29,89
107900021,93,112,-19
107900023,9,5,4
107900024,1,37,-36
107900025,218,249,-31
107900026,53,55,-2
107900027,28,50,-22
107900028,80,65,15
107900030,186,32,154
107900031,72,87,-15
107900032,26,4,22
107900033,17,10,7
107900034,430,20,410
107900035,728,66,662
107900036,74,30,44
107900037,1,21,-20
107900038,161,271,-110
107900039,30,58,-28
107900040,41,202,-161
107900041,3,4,-1
107900043,42,111,-69
107900044,14,11,3
107900045,127,49,78
107900046,120,244,-124
107900047,31,51,-20
107900048,190,11,179
107900049,413,2418,-2005
107900050,181,338,-157
107900051,87,74,13
107900052,16,54,-38
107900053,53,105,-52
107900055,963,310,653
107900056,196,46,150
107900057,3,0,3
107900058,74,564,-490
107900060,28,61,-33
107900061,12,8,4
107900063,100,137,-37
107900064,332,152,180
107900065,162,21,141
107900066,41,7,34
107900067,1,3,-2
107900068,143,661,-518
107900069,32,1750,-1718
107900070,166,44,122
107900071,18,570,-552
107900072,101,163,-62
107900073,203,101,102
107900074,581,319,262
107900076,108,76,32
107900077,75,13,62
107900078,216,37,179
107900079,13,24,-11
107900080,264,792,-528
107900081,45,126,-81
107900082,21,14,7
107900083,317,237,80
107900084,100,136,-36
107900086,62,220,-158
107900087,682,212,470
107900088,39,6,33
107900089,243,961,-718
107900090,1480,2693,-1213
107900091,208,350,-142
107900092,2182,512,1670
107900093,104,68,36
107900095,3151,2124,1027
107900097,45,64,-19
107900098,53,193,-140
107900100,1067,1199,-132
107900101,876,214,662
107900102,55,10,45
107900103,45,181,-136
107900104,220,7,213
107900105,0,278,-278
107900106,2,928,-926
107900107,2758,561,2197
107900108,268,122,146
107900109,1291,18,1273
107900110,59,108,-49
107900111,9,747,-738
107900112,100,296,-196
107900113,209,108,101
107900114,179,144,35
107900115,1,36,-35
107900116,150,164,-14
107900117,359,335,24
107900118,75,152,-77
107900119,83,351,-268
107900120,28,41,-13
107900121,5,129,-124
107900122,1,117,-116
107900123,1,38,-37
107900124,7,39,-32
107900125,32,209,-177
107900126,6,59,-53
107900127,667,321,346
107900128,130,128,2
107900129,69,38,31
107900130,86,26,60
107900131,721,349,372
107900132,148,387,-239
107900133,5,95,-90
107900134,61,93,-32
107900135,17,202,-185
107900136,51,52,-1
107900137,101,86,15
107900138,63,31,32
107900139,29,52,-23
107900140,113,43,70
107900141,45,48,-3
107900142,92,771,-679
107900143,71,39,32
107900144,3,139,-136
107900145,11,126,-115
107900146,89,114,-25
107900147,48,41,7
107900148,213,157,56
107900149,897,275,622
107900150,71,604,-533
107900151,48,83,-35
107900152,9,171,-162
107900153,119,300,-181
107900154,60,23,37
107900155,82,61,21
107900156,9,206,-197
107900157,65,54,11
107900158,842,49,793
107900159,39,793,-754
107900160,139,192,-53
107900161,29,184,-155
107900162,1,169,-168
107900163,54,99,-45
107900164,9,38,-29
107900165,16,90,-74
107900166,11,168,-157
107900167,16,57,-41
107900168,31,48,-17
107900169,0,134,-134
107900171,12,1067,-1055
107900172,3,266,-263
107900173,18,120,-102
107900174,121,8,113
107900175,31,48,-17
107900176,21,46,-25
107900177,4,466,-462
107900178,0,143,-143
107900179,30,134,-104
107900180,673,546,127
107900181,463,276,187
107900182,3,1049,-1046
107900183,47,186,-139
107900184,96,301,-205
107900185,152,4,148
107900186,18,54,-36
107900187,3,176,-173
107900188,607,179,428
107900189,28,99,-71
107900190,67,121,-54
107900191,111,94,17
107900193,2,54,-52
107900194,249,24,225
107900195,2319,441,1878
107900196,70,118,-48
107900197,870,504,366
107900199,1,729,-728
107900201,91,64,27
107900203,41,82,-41
107900204,153,295,-142
107900205,192,340,-148
107900206,1058,363,695
107900207,0,597,-597
107900208,1,517,-516
107900209,343,151,192
107900210,63,112,-49
107900213,952,848,104
107900214,68,134,-66
107900215,135,306,-171
107900216,185,92,93
107900217,63,116,-53
107900218,16,2632,-2616
107900219,25,110,-85
107900220,246,226,20
107900221,192,180,12
107900223,91,664,-573
107900224,106,350,-244
107900225,12,776,-764
107900226,116,124,-8
107900227,140,297,-157
107900228,14,94,-80
107900229,4,243,-239
107900230,11,106,-95
107900231,26,224,-198
107900232,59,124,-65
107900233,3,154,-151
107900234,68,78,-10
107900235,39,104,-65
107900236,112,53,59
107900237,46,442,-396
107900238,38,132,-94
107900239,693,608,85
107900240,72,105,-33
107900241,20,64,-44
107900242,51,183,-132
107900243,5,84,-79
107900244,279,10,269
107900245,580,52,528
107900246,224,12,212
107900248,111,320,-209
107900249,611,28,583
107900250,3,469,-466
107900251,81,1526,-1445
107900252,1034,14,1020
107900253,217,2,215
107900254,59,520,-461
107900255,356,124,232
107900256,3075,3267,-192
107900257,266,157,109
107900258,114,214,-100
107900259,65,1910,-1845
107900261,2,273,-271
107900262,256,120,136
107900264,303,14,289
107900265,193,221,-28
107900267,203,18,185
107900268,34,4,30
107900269,0,5,-5
107900270,0,0,0
107900271,2,9,-7
107900272,80,25,55
107900273,36,93,-57
107900274,96,0,96
107900275,26,0,26
107900276,1,79,-78
107900277,1,178,-177
107900278,310,458,-148
107900279,100,220,-120
107900280,2204,2075,129
107900281,1401,2496,-1095
107900282,25,518,-493
107900283,1046,701,345
107900284,631,544,87
107900285,81,88,-7
107900286,177,99,78
107900287,221,217,4
107900290,1,116,-115
107900291,469,23,446
107900292,101,193,-92
107900293,90,464,-374
107900295,53,47,6
107900297,4,297,-293
107900298,780,874,-94
107900299,2654,2465,189
107900300,97,301,-204
107900301,481,863,-382
107900302,117,73,44
107900303,177,279,-102
107900304,284,424,-140
107900305,424,15,409
107900306,50,46,4
107900307,52,204,-152
107900308,143,147,-4
107900309,71,0,71
107900310,701,10,691
107900311,17,555,-538
107900312,86,1,85
107900313,0,198,-198
107900314,1,64,-63
107900315,0,54,-54
107900316,67,2,65
107900317,105,20,85
107900318,22,172,-150
107900319,3,155,-152
107900320,25,176,-151
107900321,118,1,117
107900322,0,101,-101
107900323,129,210,-81
107900324,156,4,152
107900325,119,2,117
107900326,302,209,93
107900327,3,80,-77
107900328,114,1,113
107900329,93,120,-27
107900330,6,342,-336
107900331,211,27,184
107900332,258,24,234
107900333,57,26,31
107900334,18,167,-149
107900335,218,58,160
107900336,32,73,-41
107900337,1060,1012,48
107900338,5,263,-258
107900339,2,40,-38
107900340,2,60,-58
107900341,50,0,50
107900342,140,95,45
107900343,66,5,61
107900344,9,63,-54
107900345,112,27,85
107900346,18,0,18
107900347,32,1,31
107900348,9,0,9
107900349,27,14,13
107900350,39,239,-200
108000001,3177,4042,-865
108000002,2062,2648,-586
108000003,3785,3558,227
108000004,11997,14566,-2569
108000005,9626,6930,2696
108000006,8800,7733,1067
108000007,5754,4175,1579
108000008,4344,6026,-1682
108000009,3802,4847,-1045
108000010,2765,4309,-1544
108000011,13353,12458,895
108000012,15959,14925,1034
108000014,1049,768,281
108000015,731,340,391
108000016,302,599,-297
108000017,1094,440,654
108000018,2079,760,1319
108000019,3203,1153,2050
108000020,1474,631,843
108000021,363,1813,-1450
108000022,494,1291,-797
108000023,1437,282,1155
108000024,418,504,-86
108000025,290,335,-45
108000026,642,379,263
108000027,634,439,195
108000028,562,224,338
108000029,516,461,55
108000030,667,277,390
108000031,266,647,-381
108000032,1654,729,925
108000033,797,936,-139
108000034,1742,549,1193
108000035,709,2111,-1402
108000036,402,915,-513
108000037,1813,612,1201
108000038,2615,818,1797
108000039,502,1680,-1178
108000040,1804,1207,597
108000041,739,2132,-1393
108000042,285,237,48
108000043,291,295,-4
108000044,581,184,397
108000045,304,480,-176
108000046,1699,370,1329
108000047,580,891,-311
108000048,209,368,-159
108000049,920,281,639
108000050,123,349,-226
108000051,294,153,141
108000052,236,566,-330
108000053,428,219,209
108000054,497,1056,-559
108000055,1155,616,539
108000056,980,1257,-277
108000057,715,1260,-545
108000058,2167,3761,-1594
108000059,3103,1782,1321
108000060,258,429,-171
108000061,149,247,-98
108000062,750,612,138
108000063,543,518,25
108000064,244,283,-39
108000065,549,620,-71
108000066,1427,776,651
108000067,1803,679,1124
108000068,764,410,354
108000069,245,850,-605
108000070,2075,875,1200
108000071,735,1382,-647
108000072,1738,1329,409
108000073,1399,1793,-394
108000074,769,449,320
108000075,409,787,-378
108000076,883,645,238
108000077,632,665,-33
108000078,2302,1332,970
108000079,744,1570,-826
108000080,1199,534,665
108000081,540,1704,-1164
108000082,957,1772,-815
108000083,1857,1068,789
108000084,466,1045,-579
108000085,810,424,386
108000086,790,707,83
108000087,214,2035,-1821
108000088,177,19,158
108000089,392,406,-14
108000090,540,246,294
108000091,410,420,-10
108000092,140,68,72
108000093,215,456,-241
108000094,576,104,472
108000095,188,319,-131
108000096,325,150,175
108000097,181,370,-189
108000098,1724,1476,248
108000099,333,166,167
108000100,69,212,-143
108000101,1415,1488,-73
108000102,1778,3276,-1498
108000106,1131,3,1128
108000107,0,906,-906
108000108,1293,59,1234
108000109,23,844,-821
108000110,206,320,-114
108000111,187,564,-377
108000112,48,135,-87
108000113,484,238,246
108000115,360,252,108
108000117,943,546,397
108000118,90,234,-144
108000119,610,343,267
108000120,151,777,-626
108000121,187,417,-230
108000122,583,290,293
108000123,930,199,731
108000124,411,478,-67
108000125,543,257,286
108000126,142,367,-225
108000127,618,293,325
108000128,583,414,169
108000129,343,810,-467
108000130,459,250,209
108000131,795,462,333
108000132,1920,1331,589
108000133,902,492,410
108000134,530,503,27
108000135,1122,490,632
108000136,369,860,-491
108000137,416,297,119
108000138,408,817,-409
108000139,566,342,224
108000140,113,19,94
108000141,59,82,-23
108000142,74,95,-21
108000143,19,30,-11
108000144,42,17,25
108000145,36,19,17
108000146,78,22,56
108000147,53,34,19
108000148,104,47,57
108000149,36,22,14
108000150,31,10,21
108000151,99,31,68
108000152,115,518,-403
108000153,555,130,425
108000154,55,4,51
108000155,21,14,7
108000156,404,134,270
108000157,716,1228,-512
108000158,96,754,-658
108000159,423,224,199
108000160,2490,1179,1311
108000161,2522,2696,-174
108000165,3,293,-290
108000172,5,269,-264
108000173,1663,1914,-251
108000175,303,151,152
108000178,417,283,134
108000179,208,931,-723
108000181,73,31,42
108000182,115,20,95
108000183,132,55,77
108000184,864,2191,-1327
108000185,310,411,-101
108000186,175,65,110
108000187,90,451,-361
108000188,577,293,284
108000189,604,1609,-1005
108000190,38,143,-105
108000192,229,532,-303
108000193,1073,47,1026
108000194,50,12,38
108000195,4,882,-878
108000196,435,222,213
108000198,449,295,154
108000199,1,193,-192
108000200,479,455,24
108000202,0,267,-267
108000203,113,593,-480
108000204,119,69,50
108000205,264,384,-120
108000339,1370,457,913
108000364,130,267,-137
108000365,72,259,-187
108000367,165,461,-296
108000368,18,49,-31
108000369,634,149,485
108000371,1,562,-561
108000372,743,7,736
108000373,275,249,26
108000376,116,41,75
108000377,417,207,210
108000378,9924,10646,-722
108000379,28,206,-178
108000381,60,12,48
108000382,91,3,88
108000383,0,132,-132
108900001,91,974,-883
108900002,213,45,168
108900003,310,591,-281
108900004,518,452,66
108900005,74,458,-384
108900006,839,306,533
108900007,341,257,84
108900008,136,183,-47
108900009,79,111,-32
108900010,230,176,54
108900011,554,391,163
108900012,384,418,-34
108900013,159,276,-117
108900014,15,130,-115
108900015,0,120,-120
108900016,1,253,-252
108900017,238,465,-227
108900018,155,411,-256
108900019,55,788,-733
108900020,35,193,-158
108900021,121,207,-86
108900022,211,29,182
108900023,1,34,-33
108900024,27,100,-73
108900025,132,121,11
108900026,43,98,-55
108900027,0,73,-73
108900028,95,245,-150
108900029,79,190,-111
108900030,0,65,-65
108900031,104,287,-183
108900032,14,257,-243
108900033,0,100,-100
108900034,1,178,-177
108900035,414,1144,-730
108900036,221,234,-13
108900037,48,332,-284
108900038,0,277,-277
108900039,1,361,-360
108900040,1,83,-82
108900041,5063,3236,1827
108900042,6,337,-331
108900043,60,555,-495
108900044,0,333,-333
108900045,86,487,-401
108900046,63,658,-595
108900047,0,53,-53
108900048,156,815,-659
108900049,2883,1090,1793
108900050,3,169,-166
108900051,0,143,-143
108900052,50,204,-154
108900053,88,166,-78
108900054,79,203,-124
108900055,62,334,-272
108900056,1,139,-138
108900057,2,156,-154
108900058,27,316,-289
108900059,417,49,368
108900060,87,159,-72
108900061,95,30,65
108900062,3,208,-205
108900063,29,288,-259
108900064,212,76,136
108900065,10,191,-181
108900066,393,137,256
108900067,34,178,-144
108900068,0,67,-67
108900069,87,96,-9
108900070,52,86,-34
108900071,88,62,26
108900072,2089,812,1277
108900073,16,65,-49
108900074,199,385,-186
108900075,58,58,0
108900076,428,94,334
108900077,121,112,9
108900078,36,117,-81
108900079,881,200,681
108900080,54,924,-870
108900081,78,243,-165
108900082,81,107,-26
108900083,31,276,-245
108900084,424,174,250
108900085,2110,191,1919
108900086,130,243,-113
108900087,111,170,-59
108900088,1127,485,642
108900089,40,159,-119
108900090,30,275,-245
108900091,132,89,43
108900092,447,382,65
108900093,137,95,42
108900094,228,91,137
108900095,75,346,-271
108900096,299,13,286
108900097,285,200,85
108900098,1933,861,1072
108900099,380,225,155
108900100,87,113,-26
108900101,203,208,-5
108900102,81,936,-855
108900103,114,168,-54
108900104,92,425,-333
108900105,6,1110,-1104
108900106,424,264,160
108900108,410,74,336
108900109,38,51,-13
108900110,268,381,-113
108900111,500,414,86
108900112,265,32,233
108900113,36,75,-39
108900114,1,4,-3
108900115,96,86,10
108900116,142,17,125
108900117,156,24,132
108900118,574,19,555
108900119,382,26,356
108900120,158,181,-23
108900121,362,149,213
108900122,124,18,106
108900123,132,153,-21
108900124,469,184,285
108900125,385,12,373
108900126,114,43,71
108900127,158,42,116
108900128,97,45,52
108900129,659,139,520
108900130,380,1,379
108900131,388,9,379
108900132,471,71,400
108900133,227,113,114
108900134,422,279,143
108900135,149,9,140
108900136,144,0,144
108900137,193,4,189
108900138,672,68,604
108900139,585,233,352
108900140,314,250,64
108900141,379,13,366
108900142,108,3,105
108900143,41,1,40
108900144,103,2,101
108900145,193,12,181
108900146,132,1,131
108900147,191,1,190
108900148,72,36,36
108900149,773,304,469
108900150,260,3,257
108900151,232,25,207
108900152,233,106,127
108900153,195,294,-99
108900154,5170,528,4642
108900155,213,91,122
108900156,87,6,81
108900157,19,425,-406
108900158,351,21,330
108900159,7,220,-213
108900160,18,212,-194
108900161,8,396,-388
108900162,89,1,88
108900163,3,230,-227
108900164,56,87,-31
108900165,144,133,11
108900167,1481,6533,-5052
108900168,6424,2781,3643
108900169,47,142,-95
108900171,6735,2875,3860
108900172,190,50,140
108900173,238,368,-130
108900174,843,651,192
108900176,148,453,-305
108900177,5517,5864,-347
108900178,3647,3363,284
108900179,645,1959,-1314
108900180,148,224,-76
108900182,64,307,-243
108900183,246,270,-24
108900184,454,247,207
108900185,117,419,-302
108900186,66,386,-320
108900187,393,55,338
108900188,606,100,506
108900189,495,194,301
108900190,50,2431,-2381
108900191,224,61,163
108900192,108,237,-129
108900193,700,72,628
108900194,32,656,-624
108900195,210,260,-50
108900196,30,339,-309
108900198,4,335,-331
108900199,279,324,-45
108900200,762,397,365
108900201,505,1384,-879
108900203,558,86,472
108900204,367,14,353
108900205,186,21,165
108900206,473,75,398
108900207,126,92,34
108900208,13,329,-316
108900209,195,604,-409
108900210,203,193,10
108900211,198,657,-459
108900212,596,1500,-904
108900215,81,369,-288
108900216,619,210,409
108900217,126,1,125
108900218,166,13,153
108900219,128,9,119
108900220,60,33,27
108900221,50,212,-162
108900222,301,47,254
108900223,9,147,-138
108900224,48,188,-140
108900225,0,200,-200
108900226,263,29,234
108900227,116,304,-188
108900230,182,233,-51
108900231,29,215,-186
108900232,1,190,-189
108900233,480,124,356
108900234,357,194,163
108900235,187,602,-415
108900236,93,378,-285
108900237,90,231,-141
108900240,177,124,53
108900241,72,58,14
108900245,30,1574,-1544
108900249,156,46,110
108900250,474,361,113
108900257,296,519,-223
108900258,13,176,-163
108900259,271,77,194
108900260,11,88,-77
108900261,102,150,-48
108900262,125,151,-26
108900263,23,145,-122
108900264,524,269,255
108900265,1520,511,1009
108900266,696,613,83
108900267,0,95,-95
108900268,29,12,17
108900269,80,24,56
108900270,84,6,78
108900271,70,9,61
108900272,193,9,184
108900273,790,1196,-406
108900274,53,57,-4
109000001,3175,1482,1693
109000002,1525,1560,-35
109000003,2576,417,2159
109000004,457,1892,-1435
109000005,2669,616,2053
109000006,614,2007,-1393
109000007,1695,659,1036
109000008,486,1683,-1197
109000009,3754,1336,2418
109000010,1394,3293,-1899
109000011,3380,2402,978
109000012,1914,2894,-980
109000013,3777,3165,612
109000014,1880,2982,-1102
109000015,4012,7371,-3359
109000016,5613,3486,2127
109000017,2562,1481,1081
109000018,1075,3044,-1969
109000019,2511,1141,1370
109000020,860,1762,-902
109000023,267,30,237
109000024,10,182,-172
109000025,382,443,-61
109000026,653,326,327
109000027,113,302,-189
109000028,110,104,6
109000029,172,215,-43
109000030,75,537,-462
109000031,217,166,51
109000032,130,424,-294
109000033,365,219,146
109000034,79,53,26
109000035,12,68,-56
109000036,91,357,-266
109000037,273,1268,-995
109000038,592,405,187
109000039,1014,704,310
109000040,4091,8187,-4096
109000041,2858,1796,1062
109000042,710,1321,-611
109000044,428,70,358
109000045,113,361,-248
109000046,413,81,332
109000047,55,465,-410
109000048,901,282,619
109000049,328,612,-284
109000050,443,268,175
109000051,311,235,76
109000052,504,834,-330
109000053,212,106,106
109000054,268,534,-266
109000055,287,384,-97
109000056,370,525,-155
109000057,654,574,80
109000058,1166,414,752
109000059,886,1496,-610
109000060,375,344,31
109000061,835,1208,-373
109000062,211,341,-130
109000063,216,173,43
109000064,279,174,105
109000065,150,201,-51
109000066,423,105,318
109000067,104,283,-179
109000068,2835,11,2824
109000069,941,24,917
109000070,11,1338,-1327
109000071,372,88,284
109000072,133,285,-152
109000073,56,88,-32
109000074,42,160,-118
109000075,80,447,-367
109000076,108,194,-86
109000077,319,229,90
109000078,66,152,-86
109000079,176,150,26
109000080,144,118,26
109000081,119,392,-273
109000082,558,202,356
109000083,307,563,-256
109000088,131,526,-395
109000089,342,81,261
109000090,178,393,-215
109000091,326,233,93
109000092,354,513,-159
109000093,241,266,-25
109000094,625,4,621
109000095,105,405,-300
109000096,778,240,538
109000097,100,117,-17
109000098,53,169,-116
109000099,1201,345,856
109000100,359,538,-179
109000101,1745,726,1019
109000102,395,797,-402
109000103,479,636,-157
109000104,1752,560,1192
109000105,519,1196,-677
109000106,2286,935,1351
109000107,630,1804,-1174
109000108,1882,622,1260
109000109,456,1639,-1183
109000110,1618,584,1034
109000111,990,1950,-960
109000112,428,133,295
109000113,282,209,73
109000114,189,312,-123
109000115,1265,37,1228
109000116,3,302,-299
109000117,222,74,148
109000118,16,359,-343
109000119,1707,285,1422
109000120,282,824,-542
109000121,466,38,428
109000122,165,756,-591
109000123,31,59,-28
109000124,655,410,245
109000125,792,422,370
109000126,410,705,-295
109000127,978,224,754
109000128,447,1252,-805
109000129,2420,922,1498
109000130,604,1673,-1069
109000131,887,621,266
109000132,929,1618,-689
109000133,299,877,-578
109000134,791,1225,-434
109000135,1587,1972,-385
109000136,346,340,6
109000137,272,379,-107
109000138,572,293,279
109000139,582,413,169
109000140,192,360,-168
109000141,574,489,85
109000142,155,488,-333
109000143,134,73,61
109000145,101,179,-78
109000146,55,121,-66
109000148,3278,1643,1635
109000149,16,35,-19
109000150,95,300,-205
109000155,765,610,155
109000156,969,631,338
109000158,229,322,-93
109000159,271,714,-443
109000160,982,239,743
109000161,352,1003,-651
109000162,1993,693,1300
109000163,1092,1747,-655
109000164,1273,2284,-1011
109000165,1183,587,596
109000166,710,105,605
109000167,111,485,-374
109000170,43,79,-36
109000171,74,37,37
109000172,43,71,-28
109000173,27,84,-57
109000174,97,35,62
109000175,52,75,-23
109000176,284,285,-1
109000177,32,136,-104
109000178,401,74,327
109000179,4269,4774,-505
109000180,5146,3797,1349
109000181,12,29,-17
109000182,35,25,10
109000183,49,29,20
109000184,28,20,8
109000185,25,53,-28
109000188,446,1743,-1297
109000189,2116,894,1222
109000190,613,515,98
109000191,360,405,-45
109000192,419,213,206
109000193,167,237,-70
109000194,302,114,188
109000195,195,336,-141
109000196,423,126,297
109000197,211,328,-117
109000198,385,80,305
109000199,167,492,-325
109000206,233,25,208
109000207,154,33,121
109000208,125,82,43
109000209,199,120,79
109000210,158,530,-372
109000211,175,205,-30
109000214,462,336,126
109000215,169,75,94
109000216,241,299,-58
109000217,190,129,61
109000218,337,231,106
109000221,407,1038,-631
109000222,960,275,685
109000223,425,367,58
109000224,67,118,-51
109000225,55,47,8
109000226,70,160,-90
109000227,1086,899,187
109000228,4,1268,-1264
109000231,3,255,-252
109000232,289,280,9
109000236,296,678,-382
109000241,2354,1815,539
109000242,1876,1421,455
109000293,28,90,-62
109000361,106,412,-306
109000364,567,576,-9
109000396,2,515,-513
109000397,576,10,566
109000399,113,429,-316
109000400,75,200,-125
109000403,219,1034,-815
109000406,378,4,374
109000407,238,172,66
109000408,0,301,-301
109000410,998,287,711
109000411,131,23,108
109900001,123,2,121
109900002,1016,29,987
109900003,226,3,223
109900004,1049,146,903
109900005,36,6,30
109900006,483,196,287
109900007,769,418,351
109900008,0,38,-38
109900009,136,555,-419
109900010,567,53,514
109900011,127,59,68
109900012,318,269,49
109900013,338,193,145
109900014,410,86,324
109900015,527,229,298
109900016,154,20,134
109900017,165,292,-127
109900018,316,48,268
109900019,431,54,377
109900020,32,55,-23
109900021,33,16,17
109900022,87,223,-136
109900023,25,16,9
109900024,16,20,-4
109900025,31,66,-35
109900026,5,139,-134
109900027,40,48,-8
109900028,1326,796,530
109900029,3,250,-247
109900030,61,27,34
109900031,3,217,-214
109900032,9,333,-324
109900033,6,541,-535
109900034,37,5,32
109900035,16,23,-7
109900036,14,62,-48
109900037,19,386,-367
109900038,101,285,-184
109900039,7,0,7
109900040,21,413,-392
109900041,61,293,-232
109900042,72,1541,-1469
109900044,135,184,-49
109900045,268,120,148
109900046,16,102,-86
109900047,323,331,-8
109900048,0,102,-102
109900049,13,38,-25
109900050,3,106,-103
109900051,0,34,-34
109900052,105,313,-208
109900053,3,251,-248
109900054,707,250,457
109900055,63,262,-199
109900056,24,236,-212
109900057,8,131,-123
109900058,1,77,-76
109900059,650,141,509
109900060,418,132,286
109900061,72,272,-200
109900062,0,210,-210
109900063,6,580,-574
109900064,561,195,366
109900065,86,145,-59
109900066,393,837,-444
109900067,1,223,-222
109900068,75,9,66
109900069,6,42,-36
109900070,40,258,-218
109900071,6,57,-51
109900072,41,166,-125
109900073,421,422,-1
109900074,16,37,-21
109900075,25,37,-12
109900076,13,171,-158
109900077,32,44,-12
109900078,116,227,-111
109900080,107,288,-181
109900081,42,270,-228
109900082,51,323,-272
109900083,27,77,-50
109900084,66,176,-110
109900085,224,641,-417
109900086,174,428,-254
109900087,313,578,-265
109900089,877,229,648
109900090,565,1084,-519
109900091,320,82,238
109900092,1832,57,1775
109900093,916,148,768
109900094,91,137,-46
109900095,130,226,-96
109900096,42,6,36
109900097,74,3,71
109900098,384,46,338
109900099,194,1,193
109900100,49,1,48
109900101,427,13,414
109900102,479,24,455
109900103,38,54,-16
109900104,584,570,14
109900105,429,26,403
109900106,625,99,526
109900107,859,91,768
109900108,155,420,-265
109900109,36,234,-198
109900110,72,366,-294
109900111,352,801,-449
109900112,331,579,-248
109900113,800,538,262
109900114,1266,1323,-57
109900115,179,101,78
109900117,1011,191,820
109900118,325,505,-180
109900119,656,415,241
109900120,90,51,39
109900121,470,557,-87
109900122,436,33,403
109900123,16,155,-139
109900124,38,352,-314
109900125,4,175,-171
109900126,262,105,157
109900128,312,46,266
109900130,6253,2257,3996
109900131,43,117,-74
109900132,32,120,-88
109900133,86,266,-180
109900134,102,88,14
109900135,291,57,234
109900136,102,176,-74
109900137,175,218,-43
109900138,313,291,22
109900140,200,199,1
109900141,470,322,148
109900142,1197,361,836
109900145,10,574,-564
109900146,496,60,436
109900148,46,109,-63
109900149,46,82,-36
109900150,7,90,-83
109900151,7,54,-47
109900152,1,41,-40
109900153,2,78,-76
109900154,205,1,204
109900155,92,56,36
109900157,65,238,-173
109900158,55,131,-76
109900159,203,46,157
109900160,164,55,109
109900161,208,99,109
109900162,249,161,88
109900163,697,293,404
109900164,73,167,-94
109900165,252,3,249
109900166,0,114,-114
109900167,204,472,-268
109900168,218,584,-366
109900169,203,172,31
109900170,207,842,-635
109900171,196,88,108
109900172,182,250,-68
109900173,2381,2214,167
109900174,64,126,-62
109900175,77,80,-3
109900176,173,146,27
109900177,69,202,-133
109900178,11,241,-230
109900179,51,23,28
109900180,3,25,-22
110000001,859,521,338
110000002,600,755,-155
110000003,907,749,158
110000004,521,710,-189
110000005,441,1971,-1530
110000006,355,331,24
110000007,134,142,-8
110000008,22,43,-21
110000009,29,23,6
110000010,42,58,-16
110000011,34,77,-43
110000012,529,325,204
110000013,62,492,-430
110000014,537,447,90
110000015,266,605,-339
110000016,231,1644,-1413
110000017,3622,301,3321
110000018,2773,478,2295
110000019,7,106,-99
110000020,555,234,321
110000021,597,503,94
110000022,1050,200,850
110000023,9,150,-141
110000024,640,422,218
110000025,334,10,324
110000026,8,349,-341
110000027,1291,1165,126
110000028,829,630,199
110000029,557,665,-108
110000030,272,381,-109
110000031,295,469,-174
110000032,718,352,366
110000033,350,123,227
110000034,473,724,-251
110000035,1096,591,505
110000036,1030,750,280
110000037,206,580,-374
110000038,292,643,-351
110000039,674,3119,-2445
110000040,295,428,-133
110000041,243,1425,-1182
110000042,177,853,-676
110000043,931,322,609
110000044,481,1612,-1131
110000045,2316,215,2101
110000046,11,39,-28
110000047,33,110,-77
110000048,22,51,-29
110000049,64,19,45
110000050,14,79,-65
110000051,32,25,7
110000052,28,42,-14
110000053,89,11,78
110000054,185,422,-237
110000055,710,86,624
110000056,270,87,183
110000057,318,506,-188
110000058,1115,555,560
110000059,1063,574,489
110000060,768,1122,-354
110000061,909,729,180
110000062,680,867,-187
110000063,40,92,-52
110000064,64,63,1
110000065,75,66,9
110000066,69,31,38
110000067,120,188,-68
110000068,281,197,84
110000069,288,82,206
110000071,154,119,35
110000073,19,13,6
110000075,20,63,-43
110000076,299,443,-144
110000077,356,1399,-1043
110000078,48,42,6
110000080,279,688,-409
110000081,31,301,-270
110000082,25,429,-404
110000083,282,702,-420
110000084,1180,914,266
110000085,1751,1638,113
110000086,1499,2310,-811
110000087,20,54,-34
110000088,87,227,-140
110000089,314,121,193
110000090,395,273,122
110000091,1058,270,788
110000092,25,46,-21
110000093,50,16,34
110000094,500,289,211
110000095,229,544,-315
110000096,1980,2031,-51
110000097,1207,1297,-90
110000098,2165,669,1496
110000099,786,1654,-868
110000100,832,450,382
110000101,12,363,-351
110000102,73,20,53
110000104,436,132,304
110000105,34,290,-256
110000106,605,429,176
110000107,282,416,-134
110000108,159,76,83
110000109,346,293,53
110000110,3114,4550,-1436
110000111,6160,3018,3142
110000112,1337,1231,106
110000113,358,1909,-1551
110000114,128,539,-411
110000115,313,314,-1
110000116,58,71,-13
110000117,167,315,-148
110000118,524,145,379
110000119,269,291,-22
110000120,396,189,207
110000121,93,321,-228
110000122,420,631,-211
110000123,565,735,-170
110000124,4,840,-836
110000125,1177,18,1159
110000126,319,31,288
110000127,1253,60,1193
110000128,46,1260,-1214
110000129,2,405,-403
110000130,225,198,27
110000131,89,300,-211
110000132,1,540,-539
110000133,57,463,-406
110000134,30,352,-322
110000135,174,31,143
110000136,85,295,-210
110000137,468,599,-131
110000138,762,654,108
110000139,803,1089,-286
110000140,917,764,153
110000143,633,463,170
110000144,5940,2302,3638
110000145,2151,1607,544
110000146,2663,1019,1644
110000147,584,776,-192
110000148,726,309,417
110000151,1133,1081,52
110000152,803,346,457
110000153,116,37,79
110000154,64,37,27
110000155,2203,4470,-2267
110000156,1126,2824,-1698
110000157,2399,2598,-199
110000160,437,268,169
110000161,178,258,-80
110000166,549,98,451
110000167,873,572,301
110000168,1145,514,631
110000169,933,374,559
110000170,113,93,20
110000171,655,147,508
110000172,197,735,-538
110000173,920,1212,-292
110000174,153,830,-677
110000175,766,64,702
110000176,392,302,90
110000177,219,823,-604
110000178,459,1441,-982
110000179,1107,334,773
110000180,236,274,-38
110000181,439,345,94
110000182,368,165,203
110000183,8747,7608,1139
110000184,340,2554,-2214
110000185,2219,1069,1150
110000186,778,761,17
110000191,941,277,664
110000192,696,12,684
110000193,1093,18,1075
110000194,22,941,-919
110000195,456,277,179
110000196,444,227,217
110000197,82,157,-75
110000198,102,86,16
110000199,102,135,-33
110000200,1378,547,831
110000201,1261,1050,211
110000202,1268,600,668
110000203,688,690,-2
110000204,3,180,-177
110000205,138,64,74
110000206,543,1148,-605
110000207,1069,393,676
110000208,406,289,117
110000209,129,1298,-1169
110000210,1283,553,730
110000211,1222,862,360
110000212,474,1185,-711
110000213,220,93,127
110000214,269,115,154
110000215,176,365,-189
110000216,83,309,-226
110000217,310,189,121
110000218,171,266,-95
110000219,321,89,232
110000220,53,244,-191
110000221,312,80,232
110000222,57,227,-170
110000223,1,247,-246
110000224,108,17,91
110000225,365,772,-407
110000226,261,69,192
110000227,1134,892,242
110000228,296,251,45
110000229,0,223,-223
110000230,719,777,-58
110000231,156,186,-30
110000232,201,285,-84
110000233,377,327,50
110000234,1305,1817,-512
110000235,1151,1269,-118
110000236,790,760,30
110000237,2827,1616,1211
110000238,1203,1584,-381
110000239,2021,1315,706
110000240,0,78,-78
110000242,0,18,-18
110000243,107,145,-38
110000244,143,557,-414
110000245,27,365,-338
110000246,741,545,196
110000247,1130,4681,-3551
110000248,1968,1750,218
110000249,69,11,58
110000250,21,173,-152
110000251,261,481,-220
110000252,238,221,17
110000253,1133,537,596
110000254,588,1285,-697
110000255,267,996,-729
110000256,525,294,231
110000257,821,455,366
110000258,3,463,-460
110000259,98,22,76
110000260,29,205,-176
110000263,521,106,415
110000264,300,394,-94
110000265,1204,1980,-776
110000266,2392,3274,-882
110000267,43,204,-161
110000268,437,477,-40
110000269,10,83,-73
110000270,98,10,88
110000271,1407,318,1089
110000272,1086,1174,-88
110000273,4030,1822,2208
110000274,196,1468,-1272
110000275,1744,529,1215
110000276,359,343,16
110000277,312,296,16
110000278,449,645,-196
110000279,816,710,106
110000280,386,422,-36
110000281,50,421,-371
110000282,366,33,333
110000283,72,135,-63
110000284,84,54,30
110000285,3,771,-768
110000286,30,1,29
110000287,63,3,60
110000288,3,103,-100
110000289,435,2021,-1586
110000290,892,509,383
110000291,4734,1378,3356
110000292,1297,4019,-2722
110000293,633,621,12
110000294,942,1054,-112
110000295,264,942,-678
110000296,525,359,166
110000297,1979,297,1682
110000298,171,498,-327
110000299,266,118,148
110000301,346,46,300
110000302,194,702,-508
110000303,435,10,425
110000304,83,207,-124
110000305,1201,25,1176
110000306,153,1072,-919
110000307,1565,6,1559
110000308,684,10,674
110000309,5,723,-718
110000310,618,40,578
110000311,18,568,-550
110000312,372,86,286
110000313,2333,2735,-402
110000314,3,246,-243
110000315,3702,3150,552
110000316,700,1377,-677
110000317,457,712,-255
110000318,4,82,-78
110000319,3,28,-25
110000320,41,46,-5
110000321,16,27,-11
110000322,251,384,-133
110000323,422,199,223
110000324,3154,1982,1172
110000325,3258,3084,174
110000327,610,330,280
110000328,260,468,-208
110000333,943,651,292
110000334,823,1435,-612
110000335,1055,490,565
110000336,741,1015,-274
110000337,1382,574,808
110000338,532,236,296
110000339,359,253,106
110000340,50,190,-140
110000341,430,455,-25
110000342,669,11,658
110000343,0,23,-23
110000344,167,176,-9
110000345,241,182,59
110000346,2935,2087,848
110000347,1234,798,436
110000348,17,15,2
110000349,4,11,-7
110000350,83,13,70
110000351,1072,854,218
110000352,735,1674,-939
110000353,2979,699,2280
110000354,1028,3233,-2205
110000355,125,88,37
110000356,1325,1,1324
110000357,481,16,465
110000361,55,49,6
110000362,76,75,1
110000363,382,125,257
110000364,369,388,-19
110000365,169,2,167
110000366,0,91,-91
110000367,583,277,306
110000368,34,131,-97
110000369,80,3,77
110000373,4,264,-260
110000374,218,16,202
110000375,134,912,-778
110000376,35,135,-100
110000377,82,527,-445
110000378,24,358,-334
110000379,2776,1731,1045
110000380,73,5,68
110000383,5,1548,-1543
110000384,2296,1620,676
110000385,3,241,-238
110000387,106,6,100
110000388,36,218,-182
110000389,920,6,914
110000391,830,358,472
110000396,183,168,15
110000397,138,144,-6
110000398,2,39,-37
110000399,183,3,180
110000587,85,47,38
110000589,208,142,66
110000640,150,49,101
110000652,7,270,-263
110000653,204,260,-56
110000654,66,255,-189
110000656,2,587,-585
110000674,29,33,-4
110000675,41,107,-66
110000676,14,37,-23
110000679,270,1213,-943
110000682,134,227,-93
110000683,350,458,-108
110000684,5,46,-41
110000685,14,39,-25
110000686,6,35,-29
110000687,29,6,23
110000688,67,913,-846
110000689,31,23,8
110000692,75,174,-99
110000693,136,360,-224
110000694,0,153,-153
110000695,211,686,-475
110000696,66,99,-33
110900001,310,18,292
110900002,419,207,212
110900003,746,530,216
110900004,455,199,256
110900005,2228,2261,-33
110900006,30,16,14
110900007,126,29,97
110900008,7,29,-22
110900009,417,139,278
110900010,11,66,-55
110900011,21,83,-62
110900012,20,75,-55
110900013,974,147,827
110900014,257,13,244
110900015,439,674,-235
110900016,55,109,-54
110900017,433,35,398
110900018,533,61,472
110900019,177,18,159
110900020,97,225,-128
110900021,78,500,-422
110900022,114,297,-183
110900023,145,481,-336
110900024,13,351,-338
110900025,11,72,-61
110900027,43,223,-180
110900028,42,185,-143
110900029,49,298,-249
110900030,32,230,-198
110900031,3,158,-155
110900032,0,81,-81
110900033,40,198,-158
110900035,16,428,-412
110900036,126,22,104
110900037,101,25,76
110900038,1060,203,857
110900039,8,267,-259
110900040,227,48,179
110900041,23,117,-94
110900042,133,38,95
110900043,4,108,-104
110900044,172,12,160
110900045,52,341,-289
110900046,43,221,-178
110900047,493,288,205
110900049,115,78,37
110900050,38,6,32
110900051,34,181,-147
110900052,1,181,-180
110900053,115,21,94
110900054,105,199,-94
110900055,35,7,28
110900056,73,103,-30
110900057,15,132,-117
110900058,265,237,28
110900059,560,536,24
110900060,468,133,335
110900061,23,43,-20
110900062,129,241,-112
110900063,41,172,-131
110900064,17,0,17
110900065,279,101,178
110900066,3,86,-83
110900067,405,563,-158
110900068,223,226,-3
110900069,0,20,-20
110900070,140,60,80
110900071,186,645,-459
110900073,0,16,-16
110900074,286,74,212
110900075,374,59,315
110900077,887,669,218
110900078,44,68,-24
110900079,1869,1670,199
110900080,101,84,17
110900081,2,48,-46
110900082,109,89,20
110900083,119,44,75
110900084,27,74,-47
110900085,52,278,-226
110900086,99,345,-246
110900087,424,139,285
110900088,9,3,6
110900090,53,45,8
110900091,2,49,-47
110900093,333,114,219
110900095,68,58,10
110900097,14,15,-1
110900098,26,97,-71
110900099,76,403,-327
110900100,0,21,-21
110900102,53,27,26
110900105,1278,253,1025
110900108,21,52,-31
110900111,523,155,368
110900112,813,10,803
110900113,484,67,417
110900115,12,56,-44
110900116,600,1488,-888
110900118,87,2662,-2575
110900119,3622,323,3299
110900120,21,42,-21
110900121,176,1,175
110900122,534,181,353
110900125,424,433,-9
110900127,652,1538,-886
110900128,180,279,-99
110900129,486,884,-398
110900130,964,563,401
110900131,344,56,288
110900132,326,77,249
110900133,280,151,129
110900135,114,313,-199
110900136,270,14,256
110900137,87,1,86
110900138,1545,835,710
110900139,26,201,-175
110900140,67,11,56
110900141,8,200,-192
110900142,52,139,-87
110900143,160,105,55
110900144,1,575,-574
110900145,137,42,95
110900146,530,176,354
110900147,117,499,-382
110900148,3,277,-274
110900149,3,70,-67
110900150,178,21,157
110900151,33,172,-139
110900152,40,256,-216
110900153,147,47,100
111000001,374,255,119
111000002,403,501,-98
111000003,980,663,317
111000004,409,872,-463
111000005,1508,1218,290
111000006,952,1706,-754
111000007,4694,2743,1951
111000008,1979,3026,-1047
111000009,404,831,-427
111000010,873,290,583
111000011,339,1062,-723
111000012,466,453,13
111000013,351,1042,-691
111000014,1003,453,550
111000017,140,1094,-954
111000018,263,466,-203
111000020,857,2391,-1534
111000021,89,102,-13
111000023,102,95,7
111000025,4084,3669,415
111000029,61,136,-75
111000030,21,106,-85
111000031,2410,1370,1040
111000032,558,307,251
111000033,324,322,2
111000034,164,273,-109
111000037,1518,930,588
111000038,3561,2396,1165
111000039,1912,2304,-392
111000040,1933,2449,-516
111000041,1562,1567,-5
111000042,3129,2379,750
111000043,2210,3321,-1111
111000044,1929,1110,819
111000045,2363,2454,-91
111000046,1660,1758,-98
111000047,2497,3678,-1181
111000049,537,506,31
111000050,1265,1388,-123
111000051,589,939,-350
111000052,551,1615,-1064
111000053,352,915,-563
111000054,380,791,-411
111000055,926,1487,-561
111000056,140,423,-283
111000057,77,424,-347
111000058,340,59,281
111000059,481,308,173
111000060,3827,873,2954
111000061,581,363,218
111000062,759,335,424
111000063,1728,966,762
111000064,681,537,144
111000065,1360,892,468
111000066,500,437,63
111000067,517,715,-198
111000068,663,1067,-404
111000069,1648,2070,-422
111000070,1072,841,231
111000071,231,530,-299
111000072,941,432,509
111000073,318,767,-449
111000074,1645,1623,22
111000075,1090,710,380
111000076,640,692,-52
111000077,1793,1553,240
111000078,2821,1335,1486
111000079,1385,1061,324
111000080,578,726,-148
111000081,1687,5203,-3516
111000082,696,581,115
111000084,934,620,314
111000085,978,1417,-439
111000086,2741,924,1817
111000087,744,574,170
111000088,5590,2232,3358
111000089,916,839,77
111000090,1085,1391,-306
111000091,843,443,400
111000092,1173,891,282
111000093,760,1120,-360
111000094,1686,932,754
111000095,594,1912,-1318
111000096,1646,6851,-5205
111000097,3934,1434,2500
111000098,791,1107,-316
111000099,683,1590,-907
111000100,419,1291,-872
111000101,429,915,-486
111000102,251,705,-454
111000104,610,237,373
111000107,156,690,-534
111000109,956,230,726
111000110,1254,587,667
111000111,2083,514,1569
111000112,1919,611,1308
111000113,848,1465,-617
111000114,1671,2937,-1266
111000115,5417,1095,4322
111000116,946,783,163
111000117,469,752,-283
111000118,1381,724,657
111000119,1069,974,95
111000120,587,694,-107
111000121,333,877,-544
111000122,514,968,-454
111000123,1064,2468,-1404
111000124,495,2661,-2166
111000125,225,1251,-1026
111000126,98,687,-589
111000127,1138,173,965
111000128,2032,325,1707
111000129,2538,490,2048
111000130,2194,652,1542
111000131,1803,535,1268
111000132,1418,904,514
111000133,196,129,67
111000134,177,105,72
111000135,45,170,-125
111000136,354,284,70
111000138,11,6,5
111000140,2,8,-6
111000141,226,311,-85
111000142,19,130,-111
111000143,6,130,-124
111000144,22,428,-406
111000145,1179,21,1158
111000146,98,6,92
111000147,387,42,345
111000148,165,71,94
111000149,4,39,-35
111000150,20,6,14
111000151,2,23,-21
111000153,670,782,-112
111000154,826,200,626
111000155,90,191,-101
111000156,516,701,-185
111000157,300,1061,-761
111000158,1100,781,319
111000159,3008,761,2247
111000160,457,312,145
111000161,28,303,-275
111000162,118,198,-80
111000163,736,958,-222
111000164,790,3881,-3091
111000165,1010,591,419
111000166,2319,477,1842
111000167,174,422,-248
111000168,218,479,-261
111000169,338,686,-348
111000170,461,450,11
111000171,558,634,-76
111000172,136,372,-236
111000173,307,716,-409
111000174,163,314,-151
111000175,44,383,-339
111000176,457,113,344
111000177,333,186,147
111000178,1088,288,800
111000179,170,136,34
111000180,228,425,-197
111000181,1090,246,844
111000182,227,214,13
111000183,266,328,-62
111000184,387,244,143
111000185,456,368,88
111000186,281,192,89
111000187,144,158,-14
111000188,275,400,-125
111000189,1076,668,408
111000190,179,299,-120
111000191,154,334,-180
111000192,179,450,-271
111000193,292,240,52
111000194,35,265,-230
111000195,98,284,-186
111000196,55,161,-106
111000197,347,132,215
111000198,477,107,370
111000199,235,114,121
111000200,384,257,127
111000201,568,269,299
111000202,268,164,104
111000203,300,241,59
111000204,470,857,-387
111000213,239,415,-176
111000214,1632,1256,376
111000215,978,1191,-213
111000217,1478,950,528
111000218,1088,1098,-10
111000219,394,206,188
111000220,1546,1028,518
111000221,770,125,645
111000224,0,199,-199
111000225,227,63,164
111000226,105,7,98
111000227,33,4,29
111000228,40,385,-345
111000229,56,891,-835
111000230,318,340,-22
111000231,923,662,261
111000232,638,817,-179
111000233,852,747,105
111000234,158,432,-274
111000239,123,141,-18
111000240,42,190,-148
111000241,53,239,-186
111000242,163,57,106
111000243,96,438,-342
111000244,465,92,373
111000245,1005,415,590
111000246,500,347,153
111000247,417,637,-220
111000248,627,442,185
111000249,472,595,-123
111000250,36,120,-84
111000251,92,122,-30
111000253,24,26,-2
111000255,45,9,36
111000257,52,23,29
111000260,76,991,-915
111000261,1231,122,1109
111000271,31,244,-213
111000273,3672,1316,2356
111000274,1313,2470,-1157
111000275,139,62,77
111000276,305,1595,-1290
111000277,178,383,-205
111000278,698,265,433
111000291,725,5646,-4921
111000298,448,193,255
111000299,698,150,548
111000300,131,495,-364
111000302,265,57,208
111000303,64,224,-160
111000312,45,71,-26
111000315,0,62,-62
111000320,314,652,-338
111000321,357,143,214
111000322,328,442,-114
111000323,180,27,153
111000324,383,241,142
111000325,63,40,23
111000326,172,268,-96
111000327,397,354,43
111000328,258,447,-189
111000329,1,41,-40
111000330,52,6,46
111000331,11,5,6
111000332,585,1412,-827
111000334,361,1162,-801
111000335,808,260,548
111000337,1093,462,631
111000338,157,143,14
111000339,583,314,269
111000340,137,539,-402
111000341,1124,610,514
111000342,255,602,-347
111000344,997,620,377
111000345,254,60,194
111000346,30,104,-74
111000347,132,20,112
111000350,153,138,15
111000351,95,291,-196
111000352,178,107,71
111000353,123,261,-138
111000354,521,128,393
111000355,297,618,-321
111000358,173,1013,-840
111000360,234,532,-298
111000361,144,223,-79
111000546,812,615,197
111000547,390,491,-101
111000548,147,425,-278
111000549,314,332,-18
111000550,83,949,-866
111000551,669,180,489
111000552,1902,141,1761
111000907,350,36,314
111000908,16,0,16
111000916,1355,358,997
111000917,40,402,-362
111000918,240,657,-417
111000920,404,14,390
111000921,2,158,-156
111000922,506,326,180
111000924,47,695,-648
111000925,2307,1846,461
111000926,908,1326,-418
111000927,3142,4340,-1198
111000928,4474,2947,1527
111000929,1165,1315,-150
111000930,625,2105,-1480
111000931,2472,2689,-217
111000932,4412,2496,1916
111000933,3729,2273,1456
111000934,1798,3676,-1878
111000935,1570,931,639
111000936,1041,2059,-1018
111000937,1048,1350,-302
111000938,1454,1488,-34
111000939,548,49,499
111000940,500,125,375
111000941,384,440,-56
111000943,373,254,119
111000944,145,308,-163
111000945,88,1206,-1118
111001109,508,376,132
111001110,142,423,-281
111001111,71,9,62
111001112,147,13,134
111001113,0,169,-169
111001114,783,55,728
111001115,19,486,-467
111001116,4446,3532,914
111001117,556,2134,-1578
111001120,93,346,-253
111001121,130,214,-84
111001122,66,218,-152
111001123,116,57,59
111900001,49,179,-130
111900002,17,634,-617
111900003,3,309,-306
111900004,74,106,-32
111900006,14,37,-23
111900007,127,10,117
111900008,240,5,235
111900009,175,133,42
111900010,334,420,-86
111900012,77,87,-10
111900013,7,129,-122
111900014,4469,3910,559
111900015,0,65,-65
111900016,2,110,-108
111900017,1,115,-114
111900018,282,12,270
111900019,2,163,-161
111900020,1,81,-80
111900021,31,92,-61
111900022,16,61,-45
111900023,103,67,36
111900024,0,62,-62
111900025,1,46,-45
111900026,1,79,-78
111900027,4,124,-120
111900028,3,305,-302
111900029,1,118,-117
111900030,43,428,-385
111900031,73,65,8
111900032,1,297,-296
111900033,13,75,-62
111900034,229,473,-244
111900035,68,156,-88
111900036,1,207,-206
111900038,306,515,-209
111900039,35,319,-284
111900040,0,374,-374
111900042,87,186,-99
111900043,3,260,-257
111900044,320,200,120
111900046,34,115,-81
111900048,244,585,-341
111900049,27,214,-187
111900050,145,42,103
111900051,1,159,-158
111900052,311,386,-75
111900053,1105,1550,-445
111900054,124,4,120
111900055,11,349,-338
111900056,169,288,-119
111900057,165,19,146
111900058,378,536,-158
111900059,1552,586,966
111900060,207,1,206
111900061,15,194,-179
111900062,26,97,-71
111900063,209,120,89
111900064,99,212,-113
111900065,76,33,43
111900066,155,152,3
111900067,366,406,-40
111900068,108,90,18
111900069,57,37,20
111900070,197,110,87
111900071,0,184,-184
111900072,47,41,6
111900073,825,159,666
111900074,12,160,-148
111900075,106,15,91
111900076,196,41,155
111900077,69,0,69
111900078,290,17,273
111900079,42,42,0
111900080,243,258,-15
111900081,525,199,326
111900082,128,32,96
111900083,111,9,102
111900084,138,18,120
111900085,48,151,-103
111900086,45,7,38
111900087,44,14,30
111900088,485,11,474
111900089,140,5,135
111900090,60,44,16
111900091,262,2,260
111900092,83,0,83
111900093,368,8,360
111900094,208,1,207
111900095,217,27,190
111900096,186,0,186
111900097,66,0,66
111900098,245,4,241
111900099,78,0,78
111900100,102,7,95
111900101,136,25,111
111900102,481,441,40
111900103,73,79,-6
111900104,150,80,70
111900105,428,378,50
111900106,1400,100,1300
111900107,110,127,-17
111900108,136,192,-56
111900109,441,407,34
111900110,1638,359,1279
111900111,227,142,85
111900112,535,2534,-1999
111900113,227,63,164
111900114,196,116,80
111900115,24,33,-9
111900118,293,99,194
111900119,338,211,127
111900122,139,80,59
111900123,18,41,-23
111900124,31,104,-73
111900125,597,25,572
111900126,335,4,331
111900127,6,541,-535
111900128,5,482,-477
111900129,288,8,280
111900130,275,57,218
111900131,453,2,451
111900132,27,901,-874
111900133,9,282,-273
111900134,9,153,-144
111900135,16,65,-49
111900136,69,160,-91
111900137,51,64,-13
111900138,23,51,-28
111900139,35,110,-75
111900140,82,38,44
111900141,55,14,41
111900142,126,19,107
111900143,53,227,-174
111900144,1,69,-68
111900145,1,336,-335
111900146,3,175,-172
111900147,99,403,-304
111900148,25,526,-501
111900149,5,237,-232
111900150,16,171,-155
111900151,5,34,-29
111900152,88,116,-28
111900153,1328,559,769
111900154,19,290,-271
111900155,59,103,-44
111900156,63,43,20
111900157,99,16,83
111900158,597,67,530
111900159,271,21,250
111900160,239,3,236
111900161,169,0,169
111900162,59,181,-122
111900163,38,199,-161
111900164,94,64,30
111901113,462,112,350
111901114,272,197,75
111901115,58,2,56
111901116,41,1,40
111901117,17,14,3
111901118,57,222,-165
111901119,668,68,600
111901120,106,120,-14
111901121,134,152,-18
111901122,5,375,-370
111901123,194,277,-83
111901124,164,6,158
111901125,288,138,150
111901126,90,83,7
111901127,503,456,47
111901128,7,63,-56
111901129,14,126,-112
111901130,8,174,-166
111901131,2,227,-225
111901132,62,30,32
111901133,48,3,45
111901134,113,11,102
111901135,24,13,11
111901136,39,56,-17
111901137,1,37,-36
111901138,215,60,155
111901139,12,32,-20
111901140,10,88,-78
111901141,12,137,-125
111901142,4,71,-67
111901143,1,114,-113
111901144,40,39,1
112000001,1865,717,1148
112000002,614,2084,-1470
112000003,1517,1160,357
112000004,619,951,-332
112000005,3619,3851,-232
112000006,2414,1966,448
112000007,3347,2311,1036
112000008,2508,3618,-1110
112000009,3141,2715,426
112000010,3057,4063,-1006
112000011,1842,1636,206
112000012,5910,5437,473
112000013,4573,3596,977
112000014,2814,2979,-165
112000015,3720,4022,-302
112000016,6375,2020,4355
112000017,2491,4200,-1709
112000024,2510,1214,1296
112000026,3261,4127,-866
112000027,939,674,265
112000028,1294,1604,-310
112000029,545,921,-376
112000030,172,129,43
112000031,1422,5122,-3700
112000032,445,77,368
112000033,2128,2440,-312
112000034,320,107,213
112000035,187,634,-447
112000036,841,1667,-826
112000037,1402,1032,370
112000038,1274,1607,-333
112000039,93,75,18
112000040,115,261,-146
112000041,407,484,-77
112000042,1220,504,716
112000050,1321,1710,-389
112000051,1277,1639,-362
112000054,1792,1911,-119
112000057,657,526,131
112000058,451,690,-239
112000059,795,939,-144
112000061,3313,1931,1382
112000062,1556,972,584
112000063,1086,1422,-336
112000064,3937,4818,-881
112000065,1833,2204,-371
112000066,3733,1570,2163
112000067,873,685,188
112000068,3538,2506,1032
112000069,821,1910,-1089
112000070,2276,914,1362
112000071,1154,3284,-2130
112000072,2842,1047,1795
112000073,2145,3428,-1283
112000074,2266,1612,654
112000075,1646,1549,97
112000076,4130,2625,1505
112000077,959,584,375
112000078,1869,799,1070
112000079,1660,1295,365
112000080,834,793,41
112000081,1458,2343,-885
112000082,1621,966,655
112000083,574,1203,-629
112000084,1313,885,428
112000085,1305,945,360
112000086,1983,1202,781
112000087,511,424,87
112000088,879,521,358
112000089,463,394,69
112000090,277,348,-71
112000091,592,868,-276
112000092,2136,1097,1039
112000093,1521,814,707
112000094,755,832,-77
112000095,609,840,-231
112000096,580,535,45
112000097,1331,869,462
112000098,1082,1126,-44
112000099,776,1961,-1185
112000100,1915,788,1127
112000101,546,932,-386
112000102,1340,494,846
112000103,349,1136,-787
112000105,504,1429,-925
112000106,1651,331,1320
112000107,27,282,-255
112000108,270,1569,-1299
112000109,78,68,10
112000110,2032,599,1433
112000111,1531,5551,-4020
112000112,8029,871,7158
112000113,998,1747,-749
112000114,3789,1062,2727
112000115,510,424,86
112000116,772,1102,-330
112000117,1069,842,227
112000118,1250,915,335
112000119,479,626,-147
112000120,93,315,-222
112000121,128,450,-322
112000122,349,144,205
112000123,763,161,602
112000124,367,122,245
112000125,259,337,-78
112000126,234,463,-229
112000127,2778,2468,310
112000128,1333,815,518
112000129,114,108,6
112000130,210,115,95
112000131,58,282,-224
112000132,128,271,-143
112000133,428,211,217
112000134,550,356,194
112000135,1954,770,1184
112000136,1457,1451,6
112000137,3664,2624,1040
112000138,3787,1544,2243
112000139,1007,615,392
112000140,1191,1147,44
112000141,793,333,460
112000142,193,633,-440
112000143,1133,202,931
112000144,323,1120,-797
112000145,2431,631,1800
112000146,532,1776,-1244
112000147,2716,1867,849
112000148,1617,2192,-575
112000149,940,588,352
112000150,291,626,-335
112000151,260,315,-55
112000152,431,379,52
112000153,178,214,-36
112000154,152,280,-128
112000155,130,115,15
112000157,1005,700,305
112000158,360,453,-93
112000159,529,372,157
112000167,460,98,362
112000169,304,451,-147
112000173,799,243,556
112000175,476,394,82
112000176,2871,2218,653
112000177,802,229,573
112000178,105,423,-318
112000179,286,105,181
112000180,256,375,-119
112000181,1349,1628,-279
112000182,1203,1497,-294
112000183,34,71,-37
112000184,422,360,62
112000185,576,452,124
112000187,5779,3584,2195
112000195,219,15,204
112000196,297,4,293
112000197,216,314,-98
112000198,49,371,-322
112000199,123,841,-718
112000202,455,3,452
112000216,66,241,-175
112000230,115,7,108
112000231,6,237,-231
112000256,61,369,-308
112000313,84,155,-71
112000314,80,30,50
112000337,1061,697,364
112000352,409,384,25
112000392,1523,1329,194
112000398,1385,888,497
112000399,1692,2538,-846
112000400,1815,2704,-889
112000401,2876,2512,364
112000402,3495,3711,-216
112000403,2004,3499,-1495
112000404,937,1069,-132
112000405,2039,3076,-1037
112000406,3441,2284,1157
112000407,7914,9407,-1493
112000408,7869,6479,1390
112000409,1541,4299,-2758
112000410,482,376,106
112000411,3856,2069,1787
112000412,1490,714,776
112000413,7463,6092,1371
112000414,85,75,10
112000415,99,71,28
112000416,2689,1433,1256
112000417,347,73,274
112000421,46,175,-129
112000422,327,371,-44
112000424,2228,2968,-740
112000425,473,637,-164
112000426,112,378,-266
112000427,4,19,-15
112000428,209,327,-118
112000429,2510,2523,-13
112000430,2708,2994,-286
112000431,75,149,-74
112000432,654,1143,-489
112000433,399,891,-492
112000437,45,164,-119
112900001,83,2,81
112900002,450,819,-369
112900003,79,407,-328
112900004,68,350,-282
112900005,220,144,76
112900006,10,281,-271
112900007,47,175,-128
112900008,2,39,-37
112900009,385,151,234
112900010,322,860,-538
112900011,160,240,-80
112900012,0,53,-53
112900013,51,249,-198
112900014,5,350,-345
112900015,446,653,-207
112900016,7,216,-209
112900017,41,213,-172
112900018,1,234,-233
112900019,62,182,-120
112900020,450,1066,-616
112900021,6,218,-212
112900022,12,70,-58
112900023,1,155,-154
112900024,20,236,-216
112900025,106,288,-182
112900026,4,204,-200
112900027,35,987,-952
112900028,13,130,-117
112900029,16,412,-396
112900030,130,168,-38
112900031,2,412,-410
112900032,496,217,279
112900034,2,60,-58
112900035,2,361,-359
112900036,97,181,-84
112900037,182,196,-14
112900038,743,191,552
112900039,10,243,-233
112900040,11,1944,-1933
112900041,739,1179,-440
112900042,177,234,-57
112900043,35,60,-25
112900044,505,561,-56
112900045,343,316,27
112900046,210,75,135
112900047,18,63,-45
112900049,287,81,206
112900050,43,549,-506
112900051,351,503,-152
112900052,3,703,-700
112900053,580,300,280
112900054,477,52,425
112900055,164,61,103
112900056,354,199,155
112900057,29,478,-449
112900058,390,332,58
112900059,177,171,6
112900060,37,158,-121
112900061,114,106,8
112900062,71,128,-57
112900063,154,26,128
112900064,188,218,-30
112900065,54,29,25
112900066,382,209,173
112900067,435,215,220
112900068,68,37,31
112900069,2860,978,1882
112900071,27,14,13
112900072,305,1987,-1682
112900073,648,111,537
112900074,111,274,-163
112900075,1584,1043,541
112900076,111,40,71
112900078,307,424,-117
112900079,284,47,237
112900080,102,2,100
112900081,55,207,-152
112900082,518,34,484
112900083,159,112,47
112900084,274,113,161
112900085,0,15,-15
112900086,93,0,93
112900087,666,169,497
112900088,280,34,246
112900089,1298,38,1260
112900090,60,55,5
112900091,230,6,224
112900092,391,320,71
112900093,1470,45,1425
112900094,78,3,75
112900095,40,2,38
112900096,504,183,321
112900097,127,356,-229
112900098,448,4,444
112900099,868,37,831
112900100,100,3,97
112900101,361,2,359
112900102,454,15,439
112900103,221,13,208
112900104,28,1,27
112900105,13,0,13
112900106,391,136,255
112900107,14,2,12
112900108,64,1,63
112900109,139,3,136
112900110,1163,41,1122
112900111,833,12,821
112900112,326,5,321
112900113,0,14,-14
112900114,114,42,72
112900115,1107,5,1102
112900116,142,32,110
112900117,100,87,13
112900118,42,82,-40
112900119,150,6,144
112900120,902,287,615
112900121,96,174,-78
112900122,4,103,-99
112900123,155,22,133
112900124,8,135,-127
112900125,75,507,-432
112900126,196,215,-19
112900127,359,69,290
112900128,245,702,-457
112900129,3,816,-813
112900130,338,73,265
112900131,33,296,-263
112900132,141,628,-487
112900133,41,1490,-1449
112900134,0,283,-283
112900135,103,46,57
112900136,1,22,-21
112900137,2,491,-489
112900138,12,268,-256
112900139,264,1224,-960
112900140,0,53,-53
112900141,910,87,823
112900142,87,178,-91
112900143,24,436,-412
112900144,2,175,-173
112900145,51,440,-389
112900146,19,937,-918
112900147,7,1301,-1294
112900148,62,0,62
112900149,302,343,-41
112900151,16,39,-23
112900152,4038,903,3135
112900153,2052,2594,-542
112900154,1,125,-124
112900155,243,44,199
112900156,471,1234,-763
112900157,277,12,265
112900158,120,77,43
112900159,278,143,135
112900160,95,216,-121
112900161,103,47,56
112900162,85,28,57
112900163,130,45,85
112900164,47,185,-138
112900165,204,59,145
112900166,60,81,-21
112900167,8,104,-96
112900168,4,2,2
112900169,11,20,-9
112900170,146,141,5
112900172,67,13,54
112900173,185,104,81
112900174,292,45,247
112900175,140,145,-5
112900176,13,31,-18
112900177,186,42,144
112900178,903,2628,-1725
112900179,35,515,-480
112900180,2199,2025,174
112900181,597,5,592
112900182,43,866,-823
112900183,194,289,-95
112900184,555,463,92
112900185,349,818,-469
112900186,1594,1296,298
112900187,91,580,-489
112900188,758,1136,-378
112900189,18,23,-5
112900190,6,24,-18
112900192,756,777,-21
112900193,1394,398,996
112900194,104,54,50
112900195,1294,80,1214
112900196,222,340,-118
112900197,223,411,-188
112900199,657,516,141
112900200,605,205,400
112900201,182,100,82
112900202,373,829,-456
112900203,250,227,23
112900204,986,672,314
112900205,25,14,11
112900206,43,115,-72
112900207,14,0,14
112900208,113,336,-223
112900209,416,347,69
112900210,1,13,-12
112900211,111,102,9
112900212,1,72,-71
112900213,34,17,17
112900214,27,15,12
112900215,25,185,-160
112900216,45,70,-25
112900217,24,73,-49
112900218,75,9,66
112900219,206,18,188
112900220,8,0,8
112900221,60,204,-144
112900222,0,29,-29
112900223,1242,30,1212
112900224,374,502,-128
112900225,444,326,118
112900226,280,420,-140
112900227,780,982,-202
112900228,63,40,23
112900229,290,63,227
112900230,7723,4487,3236
112900232,496,323,173
112900233,87,191,-104
112900234,16,62,-46
112900235,116,31,85
112900236,294,13,281
112900237,167,138,29
112900238,25,32,-7
113000001,6801,5031,1770
113000002,4440,4088,352
113000003,2202,1601,601
113000004,1834,2594,-760
113000005,2201,1158,1043
113000006,1385,1597,-212
113000007,2443,1344,1099
113000008,1995,1876,119
113000009,1234,835,399
113000010,1151,1581,-430
113000011,820,1632,-812
113000012,2190,750,1440
113000013,1489,841,648
113000014,1557,1780,-223
113000015,567,307,260
113000016,410,1094,-684
113000017,103,488,-385
113000018,409,72,337
113000019,362,377,-15
113000020,399,62,337
113000021,1318,479,839
113000022,768,1228,-460
113000025,200,483,-283
113000026,413,621,-208
113000027,570,824,-254
113000028,1089,958,131
113000029,934,602,332
113000030,406,839,-433
113000031,239,328,-89
113000032,292,259,33
113000033,365,445,-80
113000034,375,353,22
113000035,88,66,22
113000036,24,76,-52
113000037,94,47,47
113000038,22,94,-72
113000039,111,427,-316
113000040,60,88,-28
113000042,866,715,151
113000051,964,2357,-1393
113000052,2186,909,1277
113000053,453,419,34
113000054,350,739,-389
113000055,1158,616,542
113000056,1030,916,114
113000058,706,1001,-295
113000059,1285,644,641
113000060,248,549,-301
113000061,554,944,-390
113000062,878,255,623
113000063,199,87,112
113000064,41,293,-252
113000065,149,668,-519
113000066,875,93,782
113000067,2067,1212,855
113000068,377,1141,-764
113000069,621,1139,-518
113000070,2821,1016,1805
113000071,515,660,-145
113000072,766,572,194
113000073,484,1385,-901
113000074,1000,475,525
113000075,2183,649,1534
113000076,695,2151,-1456
113000077,1356,754,602
113000078,927,2595,-1668
113000079,978,947,31
113000080,797,842,-45
113000081,1038,1042,-4
113000082,1444,1026,418
113000083,623,891,-268
113000084,1785,1309,476
113000085,966,719,247
113000086,1133,1284,-151
113000087,1084,935,149
113000088,2451,1515,936
113000089,1162,1822,-660
113000090,299,573,-274
113000091,568,400,168
113000094,1321,208,1113
113000095,245,812,-567
113000096,140,820,-680
113000097,1041,450,591
113000098,140,46,94
113000099,1017,407,610
113000100,172,443,-271
113000101,426,645,-219
113000102,651,414,237
113000103,1844,507,1337
113000104,553,2099,-1546
113000105,926,516,410
113000106,403,629,-226
113000107,855,689,166
113000108,652,1082,-430
113000109,593,2032,-1439
113000110,2398,648,1750
113000111,89,514,-425
113000112,274,292,-18
113000113,2120,402,1718
113000114,346,1785,-1439
113000116,818,341,477
113000117,1069,142,927
113000118,80,722,-642
113000119,348,445,-97
113000120,82,284,-202
113000121,864,1262,-398
113000124,263,138,125
113000125,78,733,-655
113000127,2198,350,1848
113000128,658,686,-28
113000129,653,802,-149
113000133,2286,1805,481
113000134,9,939,-930
113000135,4307,4627,-320
113000137,2330,3530,-1200
113000139,452,280,172
113000140,139,242,-103
113000141,459,251,208
113000142,895,1588,-693
113000143,303,228,75
113000144,310,725,-415
113000145,73,180,-107
113000146,154,87,67
113000147,205,120,85
113000148,221,136,85
113000149,157,165,-8
113000150,650,330,320
113000151,83,80,3
113000152,45,127,-82
113000153,1521,642,879
113000154,1027,1571,-544
113000155,433,600,-167
113000156,200,398,-198
113000157,325,1026,-701
113000158,853,259,594
113000159,1124,685,439
113000160,693,1267,-574
113000161,293,489,-196
113000162,911,385,526
113000163,134,54,80
113000164,30,134,-104
113000166,154,98,56
113000167,42,86,-44
113000168,110,108,2
113000169,235,69,166
113000170,103,117,-14
113000171,52,96,-44
113000172,249,58,191
113000173,85,32,53
113000174,125,308,-183
113000175,375,108,267
113000176,502,138,364
113000177,159,363,-204
113000178,247,293,-46
113000179,318,191,127
113000180,674,1184,-510
113000181,1103,877,226
113000182,183,548,-365
113000183,158,595,-437
113000184,27,157,-130
113000189,538,1028,-490
113000190,1088,637,451
113000192,1326,2791,-1465
113000193,4076,1624,2452
113000194,1530,1247,283
113000195,2617,1184,1433
113000196,178,94,84
113000197,1548,1327,221
113000198,87,333,-246
113000199,2021,539,1482
113000201,265,354,-89
113000202,4043,1395,2648
113000203,168,175,-7
113000204,1294,2727,-1433
113000205,24,34,-10
113000206,21,44,-23
113000207,117,30,87
113000208,68,65,3
113000209,24,34,-10
113000210,8,24,-16
113000211,174,174,0
113000212,66,17,49
113000213,40,125,-85
113000214,187,264,-77
113000234,224,848,-624
113000410,281,340,-59
113000411,3032,5069,-2037
113000412,6848,2592,4256
113000413,2674,2930,-256
113000414,6461,15028,-8567
113000415,2479,3117,-638
113000416,9037,4695,4342
113000417,2665,3379,-714
113000418,5387,3967,1420
113000419,2084,2585,-501
113000420,4980,6592,-1612
113000421,4961,7406,-2445
113000422,13105,11311,1794
113000423,2475,5736,-3261
113000424,3408,8831,-5423
113000425,8,85,-77
113000428,197,152,45
113000430,76,1008,-932
113000432,2104,231,1873
113000433,156,711,-555
113000434,23,109,-86
113000435,26,461,-435
113000436,36,1093,-1057
113000437,1106,20,1086
113000438,298,4,294
113000439,18,70,-52
113000440,92,27,65
113000441,203,181,22
113000442,115,142,-27
113000443,185,212,-27
113000444,144,122,22
113000445,127,89,38
113000446,23,62,-39
113000448,155,191,-36
113000449,204,590,-386
113000450,656,1780,-1124
113000451,1063,184,879
113000452,355,342,13
113000453,51,322,-271
113000454,702,19,683
113000455,9,369,-360
113000456,3925,2987,938
113000468,1653,217,1436
113000469,166,168,-2
113000470,340,17,323
113000471,10,353,-343
113000472,117,323,-206
113000474,622,579,43
113000475,1505,1919,-414
113000476,1542,2005,-463
113000477,3675,2060,1615
113000478,4083,5776,-1693
113000479,93,164,-71
113000480,119,218,-99
113000481,0,0,0
113000483,0,0,0
113000485,0,0,0
113000486,7,0,7
113000487,3,1,2
113000488,2,1,1
113000489,0,6,-6
113000490,0,44,-44
113000491,25,10,15
113000492,11,4,7
113000493,0,2,-2
113000495,127,72,55
113000496,88,79,9
113000497,0,0,0
113000500,0,4,-4
113900001,1,294,-293
113900002,0,99,-99
113900003,0,65,-65
113900004,2,49,-47
113900005,1,53,-52
113900006,0,20,-20
113900007,65,26,39
113900008,13,0,13
113900009,134,0,134
113900010,55,1,54
113900011,58,0,58
113900012,23,1,22
113900013,236,6,230
113900014,539,4,535
113900015,1,75,-74
113900016,54,0,54
113900017,4,33,-29
113900018,406,257,149
113900019,133,53,80
113900020,135,5,130
113900022,44,3,41
113900023,19,0,19
113900024,40,46,-6
113900025,290,33,257
113900026,57,1,56
113900027,7,62,-55
113900028,31,436,-405
113900029,57,159,-102
113900030,182,6,176
113900031,7,2,5
113900032,22,0,22
113900033,78,66,12
113900035,69,0,69
113900036,20,109,-89
113900037,184,356,-172
113900038,30,104,-74
113900039,194,27,167
113900040,8,18,-10
113900041,7,6,1
113900042,72,49,23
113900043,166,134,32
113900044,300,312,-12
113900045,70,1,69
113900046,319,606,-287
113900047,52,115,-63
113900048,178,101,77
113900049,557,269,288
113900050,272,338,-66
113900051,223,358,-135
113900052,167,112,55
113900053,772,602,170
113900054,27,2,25
113900055,99,451,-352
113900056,35,127,-92
113900057,16,93,-77
113900058,73,135,-62
113900059,257,381,-124
113900060,88,229,-141
113900061,884,214,670
113900062,114,11,103
113900063,91,129,-38
113900064,40,162,-122
113900065,440,31,409
113900066,381,271,110
113900067,156,262,-106
113900068,492,425,67
113900069,55,33,22
113900070,214,501,-287
113900071,61,59,2
113900072,84,162,-78
113900073,239,341,-102
113900074,242,376,-134
113900075,1263,1150,113
113900076,263,12,251
113900077,60,178,-118
113900078,42,46,-4
113900079,1,50,-49
113900080,571,219,352
113900081,53,161,-108
113900082,122,210,-88
113900083,371,352,19
113900084,219,88,131
113900085,42,222,-180
113900086,18,17,1
113900087,92,211,-119
113900088,62,99,-37
113900089,375,49,326
113900090,685,393,292
113900091,22,20,2
113900092,28,77,-49
113900093,81,723,-642
113900094,491,398,93
113900095,136,108,28
113900096,301,74,227
113900097,60,122,-62
113900098,645,76,569
113900099,1,44,-43
113900100,0,5,-5
113900101,12,77,-65
113900102,140,171,-31
113900103,355,369,-14
113900104,158,195,-37
113900105,97,184,-87
113900106,0,65,-65
113900107,1,40,-39
113900108,226,270,-44
113900109,420,207,213
113900110,87,16,71
113900111,154,103,51
113900112,125,64,61
113900113,1021,448,573
113900114,3,70,-67
113900115,2,64,-62
113900116,156,145,11
113900117,154,21,133
113900118,240,471,-231
113900119,166,463,-297
113900120,51,62,-11
113900121,52,85,-33
113900122,536,1871,-1335
113900123,482,205,277
113900124,3,60,-57
113900125,1018,137,881
113900126,119,31,88
113900127,331,810,-479
113900128,142,53,89
113900129,11,162,-151
113900130,10,120,-110
113900131,242,104,138
113900132,47,56,-9
113900133,21,53,-32
113900135,261,365,-104
113900136,116,78,38
113900137,317,231,86
113900138,54,179,-125
113900139,315,172,143
113900140,283,463,-180
113900141,628,327,301
113900142,148,88,60
113900143,9,40,-31
113900144,284,353,-69
113900145,455,215,240
113900146,121,77,44
113900148,196,298,-102
113900149,183,84,99
113900150,626,416,210
113900151,436,225,211
113900152,40,41,-1
113900153,243,583,-340
113900154,1,170,-169
113900155,205,208,-3
113900156,219,395,-176
113900157,55,332,-277
113900158,520,630,-110
113900159,20,270,-250
113900160,616,570,46
113900161,78,234,-156
113900162,736,1152,-416
113900163,248,264,-16
113900164,288,49,239
113900165,751,522,229
113900166,305,183,122
113900167,225,52,173
113900168,117,84,33
113900169,219,384,-165
113900171,214,94,120
113900172,15,165,-150
113900173,34,479,-445
113900174,517,593,-76
113900175,322,118,204
113900176,498,581,-83
113900177,358,199,159
113900178,301,128,173
113900179,16,341,-325
113900180,137,103,34
113900181,637,141,496
113900182,856,907,-51
113900183,57,93,-36
113900184,10,555,-545
113900185,166,94,72
113900186,60,56,4
113900187,33,140,-107
113900188,49,172,-123
113900189,298,150,148
113900190,256,113,143
113900191,108,274,-166
113900192,5,573,-568
113900193,20,212,-192
113900194,1539,993,546
113900195,207,322,-115
113900196,76,223,-147
113900197,1,126,-125
113900198,25,192,-167
113900199,169,667,-498
113900200,22,251,-229
113900201,0,149,-149
113900202,33,305,-272
113900203,1,80,-79
113900204,56,501,-445
113900205,23,168,-145
113900206,10,105,-95
113900207,2,57,-55
113900208,1,78,-77
113900209,0,107,-107
113900210,629,851,-222
113900211,258,81,177
113900212,179,422,-243
113900214,451,417,34
113900215,134,143,-9
113900216,117,854,-737
113900217,68,170,-102
113900218,181,74,107
113900219,104,422,-318
113900220,220,124,96
113900221,456,274,182
113900222,218,666,-448
113900223,151,751,-600
113900224,62,56,6
113900225,558,236,322
113900226,441,190,251
113900227,428,260,168
113900228,350,584,-234
113900229,77,948,-871
113900230,4133,3903,230
113900231,151,208,-57
113900232,111,70,41
113900233,109,83,26
113900234,401,394,7
113900235,108,47,61
113900236,175,224,-49
113900237,310,15,295
113900238,309,527,-218
113900239,55,95,-40
113900240,6,208,-202
113900241,113,68,45
113900242,45,131,-86
113900243,152,390,-238
113900244,334,177,157
113900245,1172,295,877
113900246,18,20,-2
113900247,167,416,-249
113900248,2559,1792,767
113900249,789,414,375
113900250,73,135,-62
113900251,707,175,532
113900252,524,24,500
113900253,682,90,592
113900254,984,156,828
113900255,433,26,407
113900256,322,19,303
113900257,29,410,-381
113900258,12,373,-361
113900259,498,157,341
113900260,133,9,124
113900261,57,87,-30
113900262,134,452,-318
113900263,185,679,-494
113900264,8,383,-375
113900265,247,348,-101
113900266,54,167,-113
113900267,97,482,-385
113900268,318,455,-137
113900269,64,164,-100
113900270,296,804,-508
113900271,728,1045,-317
113900273,68,15,53
113900274,56,25,31
113900275,69,85,-16
113900276,1,132,-131
113900277,161,7,154
113900278,341,203,138
113900279,58,78,-20
113900280,1513,696,817
113900281,706,1521,-815
113900282,879,725,154
113900283,417,465,-48
113900284,787,336,451
113900285,134,125,9
113900286,102,130,-28
113900287,57,76,-19
113900288,3,159,-156
113900289,926,104,822
113900290,249,210,39
113900291,131,163,-32
113900292,11,7,4
113900293,6,248,-242
113900294,338,13,325
113900295,512,410,102
113900296,1915,415,1500
113900297,2191,65,2126
113900298,16,1711,-1695
113900299,60,113,-53
113900300,4668,3215,1453
113900301,786,346,440
113900302,2102,1064,1038
113900303,440,425,15
113900304,0,140,-140
113900305,116,1,115
113900306,43,0,43
113900307,60,0,60
113900308,113,112,1
113900309,1,746,-745
113900310,1,4,-3
113900311,19,0,19
113900312,186,204,-18
113900313,17,12,5
114000001,1107,2427,-1320
114000002,314,336,-22
114000003,37,252,-215
114000004,329,423,-94
114000005,239,245,-6
114000006,2225,2249,-24
114000007,743,1373,-630
114000008,1324,1930,-606
114000009,629,312,317
114000011,2917,2558,359
114000012,2528,1758,770
114000013,1719,1508,211
114000014,485,245,240
114000015,1704,361,1343
114000016,245,291,-46
114000017,153,309,-156
114000018,295,68,227
114000026,1951,1322,629
114000027,3140,2207,933
114000028,2667,2816,-149
114000038,256,173,83
114000039,100,52,48
114000040,106,216,-110
114000042,178,184,-6
114000043,67,103,-36
114000044,274,47,227
114000045,36,78,-42
114000046,2791,5165,-2374
114000047,13,109,-96
114000048,75,76,-1
114000049,1543,1708,-165
114000050,1579,1975,-396
114000051,2835,2029,806
114000052,4037,2018,2019
114000053,77,728,-651
114000054,179,995,-816
114000055,232,17,215
114000056,1103,934,169
114000057,4944,2427,2517
114000058,502,1336,-834
114000059,311,265,46
114000060,558,801,-243
114000061,2932,2861,71
114000062,2397,1524,873
114000063,2468,1745,723
114000064,5760,3820,1940
114000065,1860,2518,-658
114000066,469,655,-186
114000067,16,828,-812
114000068,489,751,-262
114000069,1101,655,446
114000070,2312,2019,293
114000071,677,648,29
114000072,528,260,268
114000073,13,64,-51
114000074,39,19,20
114000075,48,131,-83
114000076,20,127,-107
114000077,5,37,-32
114000078,448,786,-338
114000079,164,30,134
114000080,94,82,12
114000081,70,79,-9
114000082,45,395,-350
114000083,65,232,-167
114000084,278,83,195
114000085,95,545,-450
114000086,194,340,-146
114000087,157,188,-31
114000088,38,39,-1
114000089,876,308,568
114000090,874,890,-16
114000091,1741,774,967
114000092,988,462,526
114000093,1385,597,788
114000094,358,350,8
114000095,241,174,67
114000096,157,390,-233
114000097,130,590,-460
114000098,478,86,392
114000099,651,449,202
114000100,1381,601,780
114000101,467,700,-233
114000102,617,323,294
114000103,147,306,-159
114000104,142,224,-82
114000105,256,101,155
114000106,845,1013,-168
114000107,394,112,282
114000108,1281,958,323
114000109,485,985,-500
114000110,560,1427,-867
114000111,1723,703,1020
114000112,522,1699,-1177
114000113,1283,546,737
114000114,1278,1288,-10
114000115,2000,1157,843
114000116,933,887,46
114000117,3132,458,2674
114000118,2479,438,2041
114000119,1743,463,1280
114000120,548,772,-224
114000121,463,845,-382
114000122,439,315,124
114000123,2010,401,1609
114000124,868,257,611
114000125,711,1226,-515
114000126,1489,215,1274
114000127,392,165,227
114000128,820,359,461
114000130,452,487,-35
114000131,317,96,221
114000132,669,463,206
114000133,1038,1451,-413
114000134,79,143,-64
114000138,75,233,-158
114000139,497,335,162
114000144,928,458,470
114000145,91,201,-110
114000146,106,256,-150
114000147,1644,1963,-319
114000148,1988,1875,113
114000149,329,278,51
114000150,566,745,-179
114000151,881,1384,-503
114000152,160,37,123
114000153,782,2503,-1721
114000154,769,702,67
114000155,1320,2285,-965
114000156,902,675,227
114000157,279,1074,-795
114000158,1390,798,592
114000159,194,467,-273
114000160,144,504,-360
114000161,1315,3050,-1735
114000162,1191,2823,-1632
114000163,15,145,-130
114000165,655,371,284
114000166,909,540,369
114000167,3037,1549,1488
114000168,755,699,56
114000169,1665,1647,18
114000170,1086,1092,-6
114000171,1456,2245,-789
114000174,260,502,-242
114000176,608,594,14
114000177,1843,928,915
114000178,52,57,-5
114000179,1188,698,490
114000180,462,637,-175
114000181,1838,3934,-2096
114000182,3547,2448,1099
114000183,845,699,146
114000184,771,957,-186
114000185,1232,904,328
114000189,1083,184,899
114000190,2816,400,2416
114000191,38,68,-30
114000192,209,1282,-1073
114000193,632,2347,-1715
114000194,1306,888,418
114000195,126,26,100
114000196,2,190,-188
114000197,1332,8,1324
114000198,796,356,440
114000199,2077,1631,446
114000200,608,1730,-1122
114000201,155,775,-620
114000202,913,545,368
114000203,440,589,-149
114000204,228,479,-251
114000205,193,1289,-1096
114000206,634,1146,-512
114000207,542,1652,-1110
114000208,456,2507,-2051
114000209,633,2090,-1457
114000210,240,1140,-900
114000211,943,1627,-684
114000212,741,828,-87
114000213,1386,535,851
114000214,77,189,-112
114000215,228,115,113
114000216,1312,343,969
114000217,371,220,151
114000218,136,208,-72
114000219,1229,233,996
114000220,33,797,-764
114000221,882,174,708
114000222,194,851,-657
114000223,465,134,331
114000224,121,510,-389
114000225,270,555,-285
114000226,201,210,-9
114000227,730,496,234
114000228,828,832,-4
114000229,1123,1107,16
114000230,1687,1163,524
114000231,955,1179,-224
114000232,737,102,635
114000233,2078,164,1914
114000234,1079,991,88
114000235,1077,1242,-165
114000236,0,396,-396
114000237,108,829,-721
114000238,135,187,-52
114000239,233,988,-755
114000240,714,820,-106
114000241,270,805,-535
114000242,928,739,189
114000243,1525,872,653
114000244,613,367,246
114000245,401,717,-316
114000246,95,55,40
114000247,778,660,118
114000248,1179,532,647
114000249,444,473,-29
114000250,548,669,-121
114000251,457,236,221
114000252,75,86,-11
114000253,102,213,-111
114000254,51,93,-42
114000255,543,238,305
114000256,1492,2018,-526
114000257,392,1277,-885
114000258,278,438,-160
114000259,109,184,-75
114000260,0,30,-30
114000261,43,30,13
114000262,319,154,165
114000263,13,0,13
114000264,1098,587,511
114000265,0,0,0
114000267,1,1414,-1413
114000268,1,1314,-1313
114000270,110,4,106
114000271,390,102,288
114000283,1033,478,555
114000285,31,153,-122
114000288,85,279,-194
114000289,1277,121,1156
114000293,232,499,-267
114000294,212,262,-50
114000395,1294,32,1262
114000396,577,498,79
114000402,507,264,243
114000403,361,351,10
114000405,166,427,-261
114000423,348,344,4
114000424,464,229,235
114000425,687,408,279
114000426,415,760,-345
114000427,82,78,4
114000428,152,187,-35
114000429,19,196,-177
114000432,90,82,8
114000434,18,79,-61
114000435,2,109,-107
114000436,2289,798,1491
114000437,317,2132,-1815
114900001,681,874,-193
114900002,502,135,367
114900003,644,1155,-511
114900004,245,472,-227
114900005,634,633,1
114900006,68,125,-57
114900007,475,23,452
114900008,156,83,73
114900010,1666,1655,11
114900011,217,173,44
114900013,253,166,87
114900015,88,399,-311
114900018,794,68,726
114900020,155,96,59
114900022,32,736,-704
114900024,270,180,90
114900025,549,192,357
114900026,62,147,-85
114900027,199,229,-30
114900029,23,34,-11
114900030,268,219,49
114900031,404,32,372
114900032,410,28,382
114900033,1032,802,230
114900034,91,166,-75
114900035,187,307,-120
114900036,190,657,-467
114900037,127,137,-10
114900038,204,630,-426
114900039,493,481,12
114900040,105,140,-35
114900041,729,448,281
114900042,755,593,162
114900043,563,241,322
114900044,157,46,111
114900046,36,117,-81
114900047,245,1719,-1474
114900048,124,228,-104
114900049,4,227,-223
114900050,48,307,-259
114900051,39,371,-332
114900052,79,271,-192
114900053,69,245,-176
114900054,55,123,-68
114900057,286,10,276
114900058,0,78,-78
114900059,120,66,54
114900060,1019,826,193
114900061,113,135,-22
114900062,196,367,-171
114900063,78,165,-87
114900064,1492,535,957
114900065,429,713,-284
114900067,54,440,-386
114900068,68,167,-99
114900069,171,127,44
114900070,503,374,129
114900072,4,323,-319
114900073,0,137,-137
114900074,663,563,100
114900075,352,9,343
114900076,9,332,-323
114900080,1701,355,1346
114900082,3176,2157,1019
114900083,1171,1260,-89
114900090,327,164,163
114900091,155,172,-17
114900095,283,110,173
114900096,527,736,-209
114900097,132,3,129
114900098,6,195,-189
114900099,245,9,236
115000001,5666,3591,2075
115000002,3853,3982,-129
115000003,4833,3270,1563
115000004,4202,5965,-1763
115000005,1523,2061,-538
115000006,950,1639,-689
115000007,116,210,-94
115000008,370,473,-103
115000009,200,268,-68
115000010,308,247,61
115000013,122,156,-34
115000015,70,240,-170
115000016,296,353,-57
115000019,51,460,-409
115000020,122,825,-703
115000021,267,398,-131
115000022,511,459,52
115000023,479,625,-146
115000024,1127,484,643
115000025,884,748,136
115000026,167,429,-262
115000027,220,316,-96
115000028,307,802,-495
115000029,532,135,397
115000030,1084,1273,-189
115000031,1292,512,780
115000032,6,240,-234
115000033,170,37,133
115000034,76,1226,-1150
115000035,1277,77,1200
115000036,2,577,-575
115000037,741,12,729
115000038,72,230,-158
115000039,3387,3443,-56
115000040,5684,3119,2565
115000041,1076,3297,-2221
115000042,904,617,287
115000043,4000,2320,1680
115000044,3410,3670,-260
115000045,2791,1520,1271
115000046,2535,2343,192
115000047,2375,1388,987
115000048,1500,2249,-749
115000049,1548,3091,-1543
115000050,3333,1737,1596
115000051,1645,2562,-917
115000052,2023,1587,436
115000053,1946,1650,296
115000054,713,1138,-425
115000055,192,742,-550
115000056,215,564,-349
115000057,605,1077,-472
115000058,571,312,259
115000059,271,139,132
115000061,151,151,0
115000062,221,313,-92
115000063,359,300,59
115000064,209,126,83
115000065,46,409,-363
115000067,148,8,140
115000069,83,318,-235
115000070,37,1039,-1002
115000071,134,16,118
115000072,8,79,-71
115000073,1375,79,1296
115000075,91,54,37
115000076,3211,2791,420
115000077,2057,2219,-162
115000078,1448,1188,260
115000079,1229,1528,-299
115000080,2388,2098,290
115000081,439,961,-522
115000082,4018,3783,235
115000083,2136,1952,184
115000084,2461,1060,1401
115000085,817,950,-133
115000086,1284,823,461
115000087,565,1443,-878
115000088,2010,650,1360
115000089,1599,1293,306
115000090,534,748,-214
115000091,220,806,-586
115000092,520,331,189
115000093,544,5,539
115000094,6519,5608,911
115000095,4498,5782,-1284
115000096,841,1348,-507
115000097,1025,912,113
115000098,1107,661,446
115000099,2565,2603,-38
115000100,1034,385,649
115000101,438,1278,-840
115000102,515,207,308
115000103,287,593,-306
115000105,50,137,-87
115000106,692,308,384
115000107,199,373,-174
115000108,2943,2118,825
115000109,4126,4681,-555
115000110,1801,1540,261
115000111,736,1678,-942
115000112,1095,898,197
115000113,890,1013,-123
115000114,1716,793,923
115000116,4055,2607,1448
115000117,3689,3317,372
115000118,1816,1865,-49
115000119,1652,2697,-1045
115000120,670,1428,-758
115000121,1531,1233,298
115000122,4381,2122,2259
115000123,1922,2716,-794
115000124,803,879,-76
115000125,646,670,-24
115000126,174,335,-161
115000127,413,159,254
115000128,421,804,-383
115000129,316,289,27
115000130,473,682,-209
115000131,721,292,429
115000132,337,340,-3
115000133,476,283,193
115000134,357,253,104
115000135,286,210,76
115000136,301,260,41
115000137,188,215,-27
115000138,363,227,136
115000139,232,237,-5
115000140,353,187,166
115000141,174,230,-56
115000142,246,257,-11
115000143,784,716,68
115000144,560,64,496
115000145,307,296,11
115000146,422,362,60
115000147,456,470,-14
115000148,287,943,-656
115000149,584,274,310
115000150,790,865,-75
115000151,1119,601,518
115000152,767,1081,-314
115000153,1087,605,482
115000154,782,297,485
115000155,659,982,-323
115000156,1206,870,336
115000157,835,916,-81
115000158,673,441,232
115000159,745,739,6
115000160,644,689,-45
115000161,549,531,18
115000162,665,806,-141
115000163,586,655,-69
115000164,687,582,105
115000165,352,663,-311
115000167,125,86,39
115000168,586,379,207
115000169,646,376,270
115000170,134,163,-29
115000171,338,272,66
115000172,1370,847,523
115000173,360,584,-224
115000174,449,581,-132
115000175,296,351,-55
115000176,197,234,-37
115000177,185,254,-69
115000178,22,216,-194
115000179,29,78,-49
115000180,123,546,-423
115000181,690,130,560
115000182,925,289,636
115000183,397,794,-397
115000186,729,277,452
115000187,248,810,-562
115000188,435,538,-103
115000189,277,450,-173
115000190,805,475,330
115000191,192,531,-339
115000194,158,213,-55
115000195,390,371,19
115000196,152,95,57
115000197,181,268,-87
115000198,371,213,158
115000199,338,146,192
115000200,376,120,256
115000201,130,389,-259
115000206,385,82,303
115000207,194,320,-126
115000208,430,625,-195
115000209,708,326,382
115000210,136,126,10
115000211,310,271,39
115000212,1496,405,1091
115000218,76,106,-30
115000219,33,49,-16
115000224,428,52,376
115000225,50,81,-31
115000229,193,155,38
115000230,131,471,-340
115000231,294,1401,-1107
115000232,1640,200,1440
115000233,102,187,-85
115000234,27,303,-276
115000241,118,238,-120
115000242,98,247,-149
115000243,47,185,-138
115000244,10,101,-91
115000246,18,42,-24
115000247,76,34,42
115000248,19,23,-4
115000249,44,37,7
115000250,233,43,190
115000251,274,127,147
115000252,123,231,-108
115000253,26,421,-395
115000258,337,137,200
115000259,359,187,172
115000261,25,27,-2
115000262,41,34,7
115000263,10,37,-27
115000264,19,39,-20
115000267,66,69,-3
115000268,45,106,-61
115000269,137,50,87
115000270,6,29,-23
115000272,84,163,-79
115000273,418,52,366
115000274,333,155,178
115000280,2968,262,2706
115000281,727,757,-30
115000282,1452,942,510
115000284,256,196,60
115000296,1218,12,1206
115000297,196,180,16
115000298,87,501,-414
115000300,264,177,87
115000302,560,160,400
115000303,683,152,531
115000304,806,85,721
115000305,137,693,-556
115000306,234,297,-63
115000307,99,181,-82
115000308,17,13,4
115000309,6,8,-2
115000310,1004,743,261
115000311,953,1079,-126
115000313,100,534,-434
115000314,540,145,395
115000315,714,342,372
115000316,38,128,-90
115000317,225,478,-253
115000318,772,326,446
115000319,44,273,-229
115000320,21,403,-382
115000321,430,14,416
115000322,47,193,-146
115000449,299,167,132
115000557,29,1071,-1042
115000558,459,123,336
115000587,465,360,105
115000588,1996,2710,-714
115000589,3366,2326,1040
115000590,1193,1502,-309
115000591,1620,761,859
115000592,734,1775,-1041
115000593,1524,668,856
115000594,987,2152,-1165
115000609,120,126,-6
115000617,1927,3306,-1379
115000624,253,32,221
115000633,473,1988,-1515
115000634,2823,932,1891
115000635,486,167,319
115000638,727,598,129
115000641,41,121,-80
115000642,311,252,59
115000643,122,539,-417
115000644,150,471,-321
115000646,940,1674,-734
115000647,231,524,-293
115000648,1970,1770,200
115000893,2940,1408,1532
115000894,153,971,-818
115000895,268,652,-384
115000896,994,308,686
115000897,556,157,399
115000898,1028,263,765
115000899,424,987,-563
115000900,84,351,-267
115000901,51,133,-82
115000912,430,125,305
115000913,2,14,-12
115000915,28,0,28
115000916,1,0,1
115000917,0,8,-8
115000918,159,666,-507
115000919,10,14,-4
115000920,19,49,-30
115000921,774,132,642
115000922,786,635,151
115000923,280,827,-547
115000925,80,80,0
115000927,44,43,1
115000933,160,145,15
115000934,23,40,-17
115000935,22,17,5
115900001,99,37,62
115900002,112,145,-33
115900003,194,98,96
115900004,3,53,-50
115900005,175,11,164
115900006,158,248,-90
115900008,50,13,37
115900009,94,304,-210
115900010,353,147,206
115900011,619,257,362
115900012,170,44,126
115900013,337,166,171
115900014,192,126,66
115900015,143,57,86
115900016,110,19,91
115900017,22,12,10
115900018,174,69,105
115900019,782,35,747
115900020,63,0,63
115900021,1248,506,742
115900022,797,20,777
115900023,36,17,19
115900025,21,174,-153
115900026,920,251,669
115900027,0,316,-316
115900028,666,57,609
115900029,18,317,-299
115900030,33,36,-3
115900031,336,367,-31
115900032,511,694,-183
115900033,2,65,-63
115900034,41,350,-309
115900035,42,42,0
115900036,36,656,-620
115900037,92,325,-233
115900038,52,14,38
115900039,140,185,-45
115900041,323,582,-259
115900042,32,6,26
115900043,94,99,-5
115900044,206,290,-84
115900046,289,216,73
115900047,207,180,27
115900049,143,168,-25
115900051,2,32,-30
115900052,17,199,-182
115900053,245,170,75
115900054,247,42,205
115900055,23,111,-88
115900056,225,277,-52
115900057,26,13,13
115900058,39,76,-37
115900060,82,230,-148
115900061,179,2,177
115900062,59,259,-200
115900063,59,13,46
115900064,213,221,-8
115900065,131,126,5
115900066,203,128,75
115900067,11,445,-434
115900068,2591,772,1819
115900069,33,182,-149
115900070,194,139,55
115900071,1,456,-455
115900072,50,149,-99
115900073,68,94,-26
115900074,3,242,-239
115900075,45,268,-223
115900076,1,51,-50
115900077,3,223,-220
115900078,34,123,-89
115900079,240,22,218
115900080,392,199,193
115900081,22,53,-31
115900082,148,164,-16
115900084,487,15,472
115900085,52,92,-40
115900086,1533,573,960
115900088,14,63,-49
115900089,348,621,-273
115900090,290,15,275
115900091,20,64,-44
115900092,17,140,-123
115900093,3,17,-14
115900094,8,259,-251
115900096,4,8,-4
115900097,15,280,-265
115900098,150,271,-121
115900099,85,50,35
115900100,5,396,-391
115900101,144,246,-102
115900102,119,53,66
115900103,354,153,201
115900104,57,95,-38
115900105,272,574,-302
115900106,96,38,58
115900107,87,86,1
115900108,127,45,82
115900109,57,381,-324
115900110,6,19,-13
115900111,4,91,-87
115900112,36,812,-776
115900113,59,28,31
115900114,5,104,-99
115900115,55,199,-144
115900116,73,832,-759
115900117,71,17,54
115900118,3,217,-214
115900119,103,146,-43
115900120,26,251,-225
115900121,173,163,10
115900124,245,563,-318
115900125,367,71,296
115900126,621,78,543
115900127,660,54,606
115900128,13,326,-313
115900129,799,63,736
115900130,24,240,-216
115900131,217,32,185
115900132,557,9,548
115900134,304,9,295
115900135,500,1209,-709
115900137,35,2,33
115900139,141,187,-46
115900140,230,28,202
115900141,21,74,-53
115900142,32,83,-51
115900143,211,414,-203
115900144,71,269,-198
115900146,15,81,-66
115900147,221,252,-31
115900148,85,7,78
115900149,100,22,78
115900150,64,36,28
115900151,14,110,-96
115900152,146,273,-127
115900153,122,185,-63
115900154,478,372,106
115900155,0,52,-52
115900156,737,850,-113
115900157,174,393,-219
115900158,16,11,5
115900159,129,214,-85
115900160,12,6,6
115900161,66,175,-109
115900163,223,142,81
115900164,580,116,464
115900165,1,115,-114
115900166,212,185,27
115900168,82,127,-45
115900171,126,402,-276
115900172,78,116,-38
115900173,185,146,39
115900174,229,213,16
115900175,140,258,-118
115900178,4,437,-433
115900179,282,25,257
115900180,41,133,-92
115900181,195,140,55
115900182,423,157,266
115900183,145,135,10
115900184,1831,24,1807
115900187,18,122,-104
115900189,1,350,-349
115900190,465,1335,-870
115900191,28,305,-277
115900192,18,105,-87
115900193,260,98,162
115900194,698,65,633
115900195,582,1821,-1239
115900198,229,342,-113
115900199,191,233,-42
115900200,270,276,-6
115900201,431,316,115
115900202,19,50,-31
115900203,7,9,-2
115900204,1,7,-6
115900205,51,32,19
115900206,207,167,40
115900207,47,26,21
115900208,135,147,-12
115900209,10,114,-104
115900210,3,126,-123
115900211,3,181,-178
115900212,171,237,-66
115900213,167,82,85
115900214,417,236,181
115900215,23,112,-89
115900216,1,113,-112
115900217,5,46,-41
115900218,14,36,-22
115900219,75,1,74
115900220,155,13,142
115900221,99,13,86
115900222,65,20,45
115900223,9,384,-375
115900224,893,958,-65
115900225,86,71,15
115900226,28,55,-27
115900227,7,52,-45
115900228,13,55,-42
115900229,4,61,-57
115900230,38,92,-54
115900231,111,3,108
115900232,36,2,34
115900233,76,20,56
115900234,43,39,4
115900235,16,54,-38
115900236,28,41,-13
115900237,29,51,-22
115900238,21,17,4
115900239,20,47,-27
115900240,11,53,-42
115900241,172,113,59
115900242,271,344,-73
115900243,10,17,-7
115900244,10,10,0
115900245,15,21,-6
115900246,10,5,5
115900247,30,8,22
115900248,23,6,17
115900249,1,28,-27
115900250,9,41,-32
115900251,0,15,-15
115900252,2,1,1
115900253,12,10,2
115900254,20,27,-7
115900255,9,13,-4
115900256,12,24,-12
115900257,5,5,0
115900258,0,2,-2
115900259,7,4,3
115900260,11,5,6
115900261,9,2,7
115900262,5,0,5
115900263,17,2,15
115900264,19,3,16
115900265,5,13,-8
115900266,7,15,-8
115900267,9,12,-3
115900268,7,6,1
115900269,381,384,-3
115900270,412,311,101
115900271,23,0,23
115900272,20,0,20
115900273,9,9,0
115900274,0,2,-2
115900275,0,13,-13
115900276,0,15,-15
115900277,0,5,-5
115900278,7,38,-31
115900279,8,59,-51
115900280,1,143,-142
115900281,34,32,2
116000001,10991,4670,6321
116000002,5584,10643,-5059
116000003,1658,1571,87
116000004,2313,3827,-1514
116000005,2483,3285,-802
116000006,2754,2523,231
116000007,3453,3812,-359
116000008,5276,2692,2584
116000009,1689,2189,-500
116000010,2487,1924,563
116000011,905,1960,-1055
116000012,1595,1168,427
116000013,8276,4273,4003
116000014,10793,10840,-47
116000015,366,1252,-886
116000016,6092,3601,2491
116000017,39,848,-809
116000018,745,373,372
116000019,820,270,550
116000020,804,1101,-297
116000021,409,302,107
116000022,402,367,35
116000023,1075,741,334
116000024,891,886,5
116000025,888,825,63
116000026,1941,3052,-1111
116000027,866,758,108
116000028,526,901,-375
116000029,729,757,-28
116000030,927,427,500
116000031,289,289,0
116000032,304,195,109
116000033,275,368,-93
116000034,777,599,178
116000035,330,815,-485
116000036,2058,1413,645
116000037,762,733,29
116000038,597,542,55
116000039,737,507,230
116000040,1001,441,560
116000041,274,615,-341
116000042,642,364,278
116000043,128,839,-711
116000044,4,58,-54
116000045,2046,1393,653
116000046,1153,1881,-728
116000047,1792,2073,-281
116000048,1982,1713,269
116000049,1250,3160,-1910
116000050,1471,1314,157
116000051,6442,2932,3510
116000052,5938,5325,613
116000053,2075,784,1291
116000054,761,2961,-2200
116000055,647,1006,-359
116000056,925,1032,-107
116000057,3099,1708,1391
116000058,3710,2955,755
116000059,3890,5066,-1176
116000060,2454,1030,1424
116000061,364,826,-462
116000062,603,263,340
116000063,637,1061,-424
116000066,235,595,-360
116000067,229,454,-225
116000068,274,347,-73
116000069,316,430,-114
116000078,604,1255,-651
116000080,2020,899,1121
116000082,9,49,-40
116000083,1686,359,1327
116000084,2100,3400,-1300
116000085,2166,1858,308
116000086,1682,923,759
116000087,1877,1623,254
116000088,806,1126,-320
116000089,182,122,60
116000090,87,185,-98
116000091,743,249,494
116000093,1117,511,606
116000094,704,725,-21
116000095,882,758,124
116000096,642,1380,-738
116000097,1062,791,271
116000098,38,5445,-5407
116000099,6842,210,6632
116000100,277,14,263
116000101,952,818,134
116000102,288,1351,-1063
116000103,404,268,136
116000104,226,1345,-1119
116000105,987,202,785
116000106,338,925,-587
116000107,2111,379,1732
116000108,152,224,-72
116000111,161,41,120
116000113,168,123,45
116000114,54,149,-95
116000115,435,126,309
116000116,282,547,-265
116000117,1674,1850,-176
116000118,1494,1319,175
116000119,3628,1885,1743
116000120,2694,3878,-1184
116000121,932,642,290
116000122,1232,1682,-450
116000123,1177,492,685
116000124,418,1039,-621
116000125,3082,868,2214
116000126,305,1349,-1044
116000127,941,1156,-215
116000128,1931,933,998
116000129,1363,251,1112
116000130,570,473,97
116000133,1047,920,127
116000134,1793,2003,-210
116000135,2588,1407,1181
116000136,1142,1986,-844
116000137,1070,818,252
116000138,1250,801,449
116000139,1883,2209,-326
116000140,156,203,-47
116000141,328,678,-350
116000142,3081,2425,656
116000143,1666,1662,4
116000144,1424,1928,-504
116000145,1738,1099,639
116000146,459,273,186
116000147,214,162,52
116000148,566,547,19
116000149,867,848,19
116000151,453,595,-142
116000153,139,396,-257
116000155,230,243,-13
116000156,889,1234,-345
116000157,70,18,52
116000158,335,347,-12
116000159,20,11,9
116000160,14,65,-51
116000161,3,125,-122
116000162,126,108,18
116000163,24,20,4
116000164,22,21,1
116000177,151,126,25
116000194,92,411,-319
116000195,1364,596,768
116000196,19,17,2
116000197,14,14,0
116000198,2464,1252,1212
116000200,757,430,327
116000201,671,660,11
116000202,8,245,-237
116000203,4,89,-85
116000204,13,79,-66
116000205,0,149,-149
116000206,0,79,-79
116000207,7,53,-46
116000233,169,473,-304
116000287,141,377,-236
116000288,293,205,88
116000292,82,151,-69
116000296,22,252,-230
116000297,81,18,63
116000304,229,19,210
116000305,14,83,-69
116000346,233,141,92
116000352,77,45,32
116000354,38,26,12
116000357,26,27,-1
116000358,351,46,305
116000361,93,5,88
116000372,4580,3742,838
116000381,91,0,91
116000388,1,43,-42
116000389,1033,558,475
116000445,416,482,-66
116000446,599,499,100
116000447,24,491,-467
116000448,560,168,392
116000563,1212,1005,207
116000565,43,389,-346
116000568,55,399,-344
116000579,33,128,-95
116000584,13,7,6
116000585,40,25,15
116000586,89,142,-53
116000587,544,757,-213
116000589,81,78,3
116000590,102,73,29
116000591,242,205,37
116000592,17,90,-73
116000593,3,28,-25
116000594,573,417,156
116000595,626,148,478
116000596,82,4,78
116000597,462,90,372
116000598,20,160,-140
116000602,63,452,-389
116000605,328,133,195
116000606,76,241,-165
116000607,13,51,-38
116000609,180,810,-630
116000611,157,467,-310
116000612,653,1790,-1137
116000613,679,308,371
116000614,405,488,-83
116000615,10,390,-380
116000616,89,63,26
116000617,63,31,32
116000618,2,65,-63
116000619,48,107,-59
116000620,132,83,49
116000621,60,133,-73
116000622,70,147,-77
116000624,131,98,33
116000627,1,9,-8
116000628,6,141,-135
116000629,8,244,-236
116000630,269,8,261
116000631,179,5,174
116000632,411,174,237
116000633,34,353,-319
116000634,377,10,367
116000635,1013,1078,-65
116900001,259,182,77
116900002,219,4,215
116900003,22,40,-18
116900004,57,69,-12
116900005,271,86,185
116900006,304,422,-118
116900007,123,219,-96
116900008,438,266,172
116900009,17,4,13
116900010,1,1163,-1162
116900011,36,40,-4
116900012,205,238,-33
116900013,4,220,-216
116900014,111,173,-62
116900015,378,44,334
116900016,177,4,173
116900017,0,432,-432
116900018,77,40,37
116900019,3,311,-308
116900020,877,814,63
116900023,46,22,24
116900024,580,44,536
116900025,1146,873,273
116900026,117,549,-432
116900027,62,57,5
116900028,1,92,-91
116900029,0,42,-42
116900031,4,7,-3
116900032,21,254,-233
116900033,24,15,9
116900034,46,60,-14
116900035,153,164,-11
116900036,6,116,-110
116900038,41,2,39
116900041,92,21,71
116900042,493,236,257
116900043,31,62,-31
116900045,277,94,183
116900047,24,150,-126
116900049,29,353,-324
116900050,124,462,-338
116900051,143,177,-34
116900052,194,78,116
116900055,3,13,-10
116900057,12,227,-215
116900058,55,364,-309
116900059,0,158,-158
116900060,214,195,19
116900062,2,5,-3
116900064,87,552,-465
116900065,31,130,-99
116900067,129,63,66
116900068,135,243,-108
116900070,4,2,2
116900072,29,298,-269
116900073,16,121,-105
116900074,7,50,-43
116900076,12,31,-19
116900077,5,139,-134
116900078,210,80,130
116900079,76,205,-129
116900080,26,30,-4
116900081,405,1075,-670
116900082,448,1069,-621
116900083,35,39,-4
116900084,128,78,50
116900085,49,176,-127
116900086,85,188,-103
116900088,367,111,256
116900090,106,45,61
116900091,289,36,253
116900092,75,580,-505
116900093,1596,2105,-509
116900094,4345,3719,626
116900095,249,128,121
116900096,155,411,-256
116900097,2589,2621,-32
116900098,964,395,569
116900099,811,810,1
116900100,884,54,830
116900101,407,510,-103
116900103,5,0,5
116900104,62,76,-14
116900105,259,137,122
116900106,1741,157,1584
116900107,3462,2512,950
116900110,13,0,13
116900111,492,590,-98
116900112,280,877,-597
116900113,1871,1106,765
116900116,138,612,-474
116900117,157,106,51
116900118,699,826,-127
116900120,399,94,305
116900121,148,24,124
116900122,835,774,61
116900123,164,713,-549
116900124,215,810,-595
116900125,385,259,126
116900126,163,598,-435
116900128,1,48,-47
116900129,0,305,-305
116900130,639,3408,-2769
116900131,99,384,-285
116900132,71,123,-52
116900133,169,140,29
116900134,219,264,-45
116900136,255,249,6
116900137,265,156,109
116900138,215,171,44
116900139,193,502,-309
116900140,226,146,80
116900141,867,516,351
116900142,0,59,-59
116900143,403,444,-41
116900144,39,99,-60
116900145,129,200,-71
116900147,654,468,186
116900148,7,48,-41
116900149,58,261,-203
116900150,7,25,-18
116900151,35,12,23
116900153,92,77,15
116900154,565,620,-55
116900155,66,113,-47
116900157,558,203,355
116900158,120,303,-183
116900159,56,320,-264
116900160,958,1056,-98
116900161,5830,6149,-319
116900162,11,75,-64
116900163,173,127,46
116900164,141,91,50
116900165,208,410,-202
116900166,28,73,-45
116900167,443,81,362
116900168,301,69,232
116900169,650,590,60
116900170,301,638,-337
116900171,36,162,-126
116900172,211,305,-94
116900173,204,37,167
116900174,99,66,33
116900175,259,199,60
116900178,44,105,-61
116900179,98,257,-159
116900180,89,33,56
116900182,489,259,230
116900183,168,92,76
116900185,58,83,-25
116900186,89,219,-130
116900187,86,50,36
116900188,187,18,169
116900189,106,0,106
116900191,473,649,-176
116900192,339,126,213
116900194,163,1378,-1215
116900195,42,25,17
116900196,9,77,-68
116900197,121,15,106
116900198,171,248,-77
116900200,42,22,20
116900201,117,8,109
116900202,136,53,83
116900203,176,18,158
116900204,42,74,-32
116900206,1,12,-11
116900207,19,27,-8
116900208,6,127,-121
116900209,24,105,-81
116900210,631,320,311
116900211,281,8,273
116900212,61,38,23
116900213,232,134,98
116900214,202,170,32
116900215,73,71,2
116900216,203,192,11
116900218,16,241,-225
116900219,1380,369,1011
116900220,126,287,-161
116900221,127,385,-258
116900222,428,419,9
116900223,128,345,-217
116900226,90,68,22
116900227,149,76,73
116900228,256,215,41
116900230,109,208,-99
116900231,18,312,-294
116900232,9,327,-318
116900233,251,77,174
116900234,33,13,20
116900235,146,325,-179
116900238,1482,369,1113
116900239,117,1351,-1234
116900240,5151,2724,2427
116900241,111,187,-76
116900242,315,574,-259
116900243,10,83,-73
116900245,33,26,7
116900246,103,26,77
116900247,586,24,562
116900248,72,52,20
116900249,439,135,304
116900250,482,36,446
116900251,406,506,-100
116900252,113,717,-604
116900253,152,103,49
116900254,33,70,-37
116900255,75,61,14
116900256,423,123,300
116900257,21,377,-356
116900258,3,174,-171
116900259,209,8,201
116900260,0,96,-96
116900261,59,2,57
116900262,199,166,33
116900263,1,17,-16
116900264,0,6,-6
116900265,37,2,35
116900266,16,70,-54
116900267,6,2,4
116900268,297,205,92
116900269,336,588,-252
116900271,1884,193,1691
116900272,395,293,102
116900273,151,92,59
116900274,93,79,14
116900275,141,81,60
116900276,596,153,443
116900277,487,28,459
116900278,1,9,-8
116900279,1,16,-15
116900280,33,18,15
116900281,5290,4102,1188
116900282,2,79,-77
116900283,16,95,-79
116900284,19,210,-191
116900285,193,169,24
116900286,205,20,185
116900287,10,45,-35
116900288,73,107,-34
116900289,13,7,6
116900290,6,20,-14
116900291,32,9,23
116900292,0,7,-7
116900293,42,53,-11
116900294,23,127,-104
116900295,85,41,44
116900296,27,42,-15
116900297,4,58,-54
116900298,51,30,21
116900299,44,46,-2
116900300,28,48,-20
116900301,35,50,-15
116900302,369,343,26
116900303,250,95,155
116900304,0,159,-159
116900305,8,54,-46
116900306,123,64,59
117000001,2267,1560,707
117000002,1957,4463,-2506
117000003,6510,3377,3133
117000004,3771,4999,-1228
117000005,2052,1838,214
117000006,1079,3041,-1962
117000007,3902,1057,2845
117000008,1012,3348,-2336
117000009,4971,2051,2920
117000010,2601,3823,-1222
117000011,1916,1566,350
117000012,1169,1242,-73
117000013,1746,828,918
117000014,1039,1998,-959
117000015,2830,1353,1477
117000016,374,115,259
117000017,210,115,95
117000018,171,685,-514
117000019,115,4,111
117000020,471,1445,-974
117000021,1831,382,1449
117000022,386,128,258
117000023,303,167,136
117000024,253,230,23
117000025,457,1270,-813
117000026,2226,1092,1134
117000027,2161,4856,-2695
117000028,3734,1695,2039
117000030,371,412,-41
117000031,148,115,33
117000032,1473,1266,207
117000033,1499,1285,214
117000034,286,212,74
117000035,201,156,45
117000036,258,225,33
117000037,148,112,36
117000038,149,406,-257
117000039,242,150,92
117000040,213,876,-663
117000041,987,182,805
117000044,26,729,-703
117000045,374,88,286
117000046,375,734,-359
117000047,773,632,141
117000048,1948,933,1015
117000049,111,771,-660
117000050,121,1669,-1548
117000051,2077,147,1930
117000052,67,284,-217
117000053,518,71,447
117000054,1921,10,1911
117000055,12,2814,-2802
117000056,779,26,753
117000057,500,2387,-1887
117000060,540,1427,-887
117000061,1646,936,710
117000062,377,682,-305
117000063,1855,1053,802
117000064,735,827,-92
117000066,1142,896,246
117000067,128,589,-461
117000074,142,179,-37
117000076,85,46,39
117000077,162,195,-33
117000078,163,672,-509
117000079,406,224,182
117000080,0,322,-322
117000081,1181,142,1039
117000082,22,125,-103
117000083,136,21,115
117000084,251,5,246
117000085,257,679,-422
117000086,775,485,290
117000087,94,481,-387
117000088,223,180,43
117000089,1661,274,1387
117000090,338,1095,-757
117000091,935,276,659
117000092,419,1210,-791
117000093,1064,764,300
117000094,1291,2671,-1380
117000095,3617,921,2696
117000096,726,2153,-1427
117000097,1369,1056,313
117000098,2395,4197,-1802
117000099,3672,1279,2393
117000100,234,315,-81
117000101,210,1120,-910
117000102,1754,629,1125
117000103,681,1414,-733
117000104,1403,581,822
117000105,835,1426,-591
117000106,1236,720,516
117000107,500,1729,-1229
117000108,1686,845,841
117000109,1516,2436,-920
117000110,1679,1087,592
117000111,3621,4210,-589
117000112,3394,1669,1725
117000113,123,275,-152
117000114,260,162,98
117000115,85,140,-55
117000116,127,321,-194
117000117,1795,1188,607
117000118,247,153,94
117000119,166,178,-12
117000120,213,563,-350
117000121,144,1072,-928
117000122,240,537,-297
117000123,1669,41,1628
117000124,749,114,635
117000125,342,146,196
117000126,59,22,37
117000127,181,420,-239
117000128,436,864,-428
117000129,197,64,133
117000130,73,0,73
117000131,0,67,-67
117000132,2697,51,2646
117000133,1489,44,1445
117000134,0,52,-52
117000135,2,56,-54
117000136,1,32,-31
117000137,126,125,1
117000138,0,773,-773
117000140,425,1460,-1035
117000141,1744,478,1266
117000181,644,289,355
117000182,374,498,-124
117000195,218,1022,-804
117000196,232,118,114
117000225,85,23,62
117000226,11,115,-104
117000276,315,18,297
117000277,2,305,-303
117000310,1539,1963,-424
117000315,60,573,-513
117000320,60,0,60
117000906,270,32,238
117000907,18,272,-254
117000908,33,25,8
117000909,31,58,-27
117000910,199,170,29
117000911,130,196,-66
117000915,11,395,-384
117000916,46,5,41
117000917,1241,33,1208
117000918,96,77,19
117000919,19,76,-57
117000920,0,1229,-1229
117000921,0,1144,-1144
117000922,33,113,-80
117000924,565,833,-268
117000926,901,105,796
117000927,1902,1356,546
117000928,1,124,-123
117000929,187,270,-83
117000930,177,12,165
117000931,505,145,360
117900002,116,461,-345
117900003,762,566,196
117900005,4,44,-40
117900006,1,30,-29
117900007,135,132,3
117900008,0,28,-28
117900010,237,83,154
117900011,38,142,-104
117900012,86,139,-53
117900013,1,180,-179
117900014,301,93,208
117900015,17,76,-59
117900016,1264,1156,108
117900017,461,235,226
117900018,179,137,42
117900019,488,227,261
117900020,75,465,-390
117900021,35,71,-36
117900022,41,11,30
117900023,805,152,653
117900024,98,45,53
117900025,35,13,22
117900026,370,259,111
117900028,32,2,30
117900029,277,579,-302
117900030,619,268,351
117900031,174,117,57
117900032,975,504,471
117900033,250,551,-301
117900034,14,33,-19
117900035,198,91,107
117900036,270,375,-105
117900037,159,86,73
117900038,36,351,-315
117900039,7,57,-50
117900040,120,374,-254
117900041,9,56,-47
117900042,4145,442,3703
117900043,40,58,-18
117900044,57,2791,-2734
117900045,249,137,112
117900048,326,271,55
117900049,217,373,-156
117900050,8,51,-43
117900051,38,9,29
117900052,67,410,-343
117900053,1500,625,875
117900054,1,42,-41
117900055,229,137,92
117900056,286,29,257
117900057,1047,1128,-81
117900058,229,383,-154
117900059,348,105,243
117900060,2421,4667,-2246
117900061,32,162,-130
117900063,403,192,211
117900065,637,1231,-594
117900066,10,109,-99
117900067,416,150,266
117900069,677,294,383
117900070,206,50,156
117900071,64,147,-83
117900073,472,285,187
117900074,108,58,50
117900075,93,81,12
117900076,17,65,-48
117900077,598,180,418
117900078,407,802,-395
117900080,126,46,80
117900081,564,413,151
117900082,424,348,76
117900083,392,391,1
117900086,174,29,145
117900087,189,73,116
117900088,3238,2053,1185
117900089,2520,718,1802
117900090,390,375,15
117900091,277,176,101
117900092,76,34,42
117900093,103,88,15
117900094,50,17,33
117900095,273,271,2
117900096,115,241,-126
117900097,352,119,233
117900098,59,11,48
117900099,113,261,-148
117900100,223,2,221
117900101,430,1963,-1533
117900102,85,64,21
117900103,105,3,102
117900104,7,100,-93
117900105,154,229,-75
117900106,129,38,91
117900107,42,0,42
117900109,599,406,193
117900110,101,1,100
117900111,316,18,298
117900112,89,24,65
117900113,3041,1875,1166
117900114,22,3,19
117900115,262,77,185
117900116,1035,850,185
117900117,716,382,334
117900118,50,0,50
117900119,157,186,-29
117900120,195,61,134
117900121,78,35,43
117900122,1699,3789,-2090
117900123,656,396,260
117900124,861,689,172
117900125,1939,1983,-44
117900126,255,580,-325
117900127,452,542,-90
117900128,372,792,-420
117900129,73,0,73
117900130,1043,431,612
117900131,8,171,-163
117900132,25,108,-83
117900133,16,98,-82
117900134,86,329,-243
117900135,24,176,-152
117900136,1,28,-27
117900137,97,342,-245
117900138,1,31,-30
117900139,142,162,-20
117900140,3114,292,2822
117900141,164,217,-53
117900142,104,63,41
117900144,75,183,-108
117900145,57,32,25
117900146,234,190,44
117900147,85,52,33
117900148,2853,1636,1217
117900149,112,224,-112
117900150,82,38,44
117900151,31,84,-53
117900152,75,71,4
117900153,9,92,-83
117900154,385,623,-238
117900156,971,656,315
117900157,195,634,-439
117900158,304,154,150
117900160,787,664,123
117900161,2435,2176,259
117900162,468,457,11
117900163,76,110,-34
117900165,0,18,-18
117900166,130,581,-451
117900168,2,169,-167
117900169,1,78,-77
117900170,1,27,-26
117900171,1,19,-18
117900172,18,33,-15
117900173,148,108,40
117900174,24,53,-29
117900175,8,31,-23
117900176,10,39,-29
117900177,17,34,-17
117900178,114,44,70
117900180,231,35,196
117900181,110,317,-207
117900182,3,30,-27
117900183,45,188,-143
117900184,18,63,-45
117900185,65,46,19
117900186,58,17,41
117900187,18,11,7
117900188,159,42,117
117900189,74,24,50
117900190,50,1,49
117900191,105,1,104
117900192,212,1,211
117900193,36,87,-51
117900194,9,11,-2
117900195,25,49,-24
117900196,14,33,-19
117900207,158,149,9
117900208,15,23,-8
117900209,212,147,65
117900210,287,333,-46
117900211,11,185,-174
117900212,227,177,50
117900213,18,7,11
117900214,4,29,-25
117900215,6,21,-15
117900216,15,14,1
117900217,80,349,-269
117900218,76,88,-12
117900219,8,160,-152
117900220,73,97,-24
117900221,7,3,4
118000001,856,1050,-194
118000002,973,1987,-1014
118000003,2189,2977,-788
118000004,2482,2231,251
118000005,5752,5337,415
118000006,5895,10248,-4353
118000007,6822,4677,2145
118000008,5181,4922,259
118000009,1968,3818,-1850
118000010,6879,4657,2222
118000011,1491,2443,-952
118000012,1339,2339,-1000
118000013,3180,2542,638
118000014,2138,2510,-372
118000016,230,410,-180
118000017,558,463,95
118000018,414,603,-189
118000019,2390,1633,757
118000020,1519,4390,-2871
118000021,664,3768,-3104
118000022,1964,879,1085
118000023,955,213,742
118000024,1645,1699,-54
118000025,1061,2162,-1101
118000027,13077,11035,2042
118000029,1129,793,336
118000032,1217,3657,-2440
118000033,3257,6949,-3692
118000034,6021,3068,2953
118000035,1826,3324,-1498
118000036,1035,1463,-428
118000037,830,929,-99
118000038,296,110,186
118000039,106,214,-108
118000040,1874,1418,456
118000041,2208,1284,924
118000045,770,264,506
118000046,2056,1408,648
118000047,1109,1808,-699
118000048,3571,2671,900
118000051,4698,3475,1223
118000052,3589,2049,1540
118000053,826,1842,-1016
118000054,2387,3175,-788
118000055,2584,3994,-1410
118000056,518,599,-81
118000057,517,1083,-566
118000058,3355,2386,969
118000059,2174,1625,549
118000060,1218,699,519
118000061,1308,1716,-408
118000062,725,336,389
118000063,382,842,-460
118000064,970,1339,-369
118000065,4068,1894,2174
118000066,893,1755,-862
118000067,1477,1225,252
118000068,1891,4821,-2930
118000069,3205,1338,1867
118000070,5814,2403,3411
118000071,3924,7393,-3469
118000072,1815,1530,285
118000073,2218,790,1428
118000074,508,946,-438
118000075,839,445,394
118000076,1862,3434,-1572
118000077,1350,1373,-23
118000078,1692,2588,-896
118000079,324,537,-213
118000080,1149,880,269
118000081,1832,1343,489
118000082,333,1291,-958
118000083,1958,1903,55
118000084,3447,1644,1803
118000086,225,510,-285
118000087,4979,2874,2105
118000088,1944,1750,194
118000089,3801,2161,1640
118000090,2181,2800,-619
118000091,1267,2170,-903
118000092,1064,504,560
118000093,94,778,-684
118000096,564,729,-165
118000097,893,632,261
118000098,265,229,36
118000099,670,744,-74
118000101,1364,308,1056
118000102,385,1108,-723
118000107,1737,507,1230
118000108,765,2000,-1235
118000110,3,26,-23
118000111,1,273,-272
118000112,482,2,480
118000113,4,475,-471
118000114,462,11,451
118000115,31,9,22
118000116,29,1,28
118000117,1067,662,405
118000118,1010,956,54
118000119,977,1153,-176
118000120,1530,1373,157
118000121,115,647,-532
118000122,1417,370,1047
118000123,75,299,-224
118000125,1687,939,748
118000126,678,1481,-803
118000127,1916,675,1241
118000128,679,1013,-334
118000129,948,645,303
118000130,2287,3127,-840
118000131,704,857,-153
118000132,2627,1932,695
118000133,759,486,273
118000135,630,391,239
118000136,132,443,-311
118000137,730,106,624
118000138,345,539,-194
118000139,412,102,310
118000140,2836,4726,-1890
118000141,2117,1749,368
118000142,1817,1560,257
118000143,2210,1177,1033
118000144,1141,801,340
118000145,1585,1773,-188
118000146,1275,728,547
118000147,857,1568,-711
118000148,481,1064,-583
118000149,1062,973,89
118000150,526,241,285
118000151,558,515,43
118000153,1571,1181,390
118000154,1422,1576,-154
118000155,1308,1326,-18
118000156,2033,2541,-508
118000157,676,359,317
118000158,236,411,-175
118000159,20,88,-68
118000160,584,391,193
118000161,454,740,-286
118000162,1780,845,935
118000163,1021,921,100
118000164,2081,1457,624
118000168,1141,707,434
118000169,1247,1137,110
118000170,3979,5287,-1308
118000171,359,747,-388
118000172,120,327,-207
118000173,980,1276,-296
118000175,358,403,-45
118000176,318,441,-123
118000177,293,597,-304
118000178,52,39,13
118000179,1394,1374,20
118000180,989,701,288
118000181,724,351,373
118000182,288,243,45
118000183,208,275,-67
118000184,950,707,243
118000185,1488,1219,269
118000186,935,1344,-409
118000187,1349,724,625
118000188,578,203,375
118000189,576,721,-145
118000190,18,7,11
118000191,24,34,-10
118000192,563,1078,-515
118000193,645,1043,-398
118000194,1294,1050,244
118000195,1661,2245,-584
118000196,356,237,119
118000197,169,201,-32
118000198,412,829,-417
118000199,435,503,-68
118000200,117,259,-142
118000201,508,489,19
118000202,71,78,-7
118000203,822,748,74
118000204,161,345,-184
118000205,222,315,-93
118000206,283,174,109
118000207,0,66,-66
118000208,1251,1613,-362
118000209,2055,1839,216
118000210,77,53,24
118000211,33,34,-1
118000213,1814,2824,-1010
118000214,683,564,119
118000215,367,157,210
118000216,2469,2755,-286
118000217,32,123,-91
118000218,66,99,-33
118000219,558,293,265
118000220,6,59,-53
118000221,174,312,-138
118000222,75,9,66
118000223,35,53,-18
118000224,175,88,87
118000225,135,616,-481
118000226,891,158,733
118000227,769,450,319
118000228,184,321,-137
118000229,329,99,230
118000230,120,166,-46
118000231,87,230,-143
118000232,795,762,33
118000233,1173,828,345
118000234,435,240,195
118000236,447,306,141
118000237,85,356,-271
118000238,254,195,59
118000239,336,296,40
118000240,390,181,209
118000241,160,186,-26
118000242,360,552,-192
118000243,245,204,41
118000244,59,107,-48
118000246,0,24,-24
118000255,53,222,-169
118000256,116,199,-83
118000259,10,51,-41
118000260,167,103,64
118000261,33,50,-17
118000263,97,187,-90
118000266,118,237,-119
118000267,0,104,-104
118000268,326,2,324
118000270,106,36,70
118000271,160,326,-166
118000272,116,42,74
118000273,183,60,123
118000274,75,277,-202
118000276,531,415,116
118000295,9,143,-134
118000298,180,279,-99
118000299,49,121,-72
118000301,0,52,-52
118000302,113,59,54
118000311,467,111,356
118000312,281,170,111
118000313,67,166,-99
118000314,87,45,42
118000315,38,55,-17
118000316,648,468,180
118000325,63,63,0
118000326,50,45,5
118000331,45,64,-19
118000332,16,42,-26
118000333,52,75,-23
118000335,305,0,305
118000336,0,189,-189
118000407,191,52,139
118000457,1,23,-22
118000465,3314,3859,-545
118000480,26,89,-63
118000489,55,436,-381
118000490,91,363,-272
118000492,283,185,98
118000510,112,16,96
118000514,149,257,-108
118000515,737,608,129
118000517,382,231,151
118000524,350,295,55
118000525,840,763,77
118000530,27,112,-85
118000531,296,303,-7
118000532,237,266,-29
118000533,288,128,160
118000534,538,467,71
118000535,298,177,121
118000536,747,1711,-964
118000537,20,190,-170
118000538,36,70,-34
118000539,13,101,-88
118000540,318,171,147
118000541,185,75,110
118000542,122,199,-77
118000543,265,192,73
118000546,44,45,-1
118000560,2511,1884,627
118000562,32,196,-164
118000563,1592,1248,344
118000576,165,158,7
118000577,154,137,17
118000578,129,100,29
118000579,575,1133,-558
118000595,234,89,145
118000596,0,57,-57
118000597,119,85,34
118000598,29,0,29
118000599,58,49,9
118000600,1,43,-42
118000601,19,0,19
118000602,0,24,-24
118000603,0,19,-19
118900001,651,1475,-824
118900002,829,966,-137
118900003,411,14,397
118900004,70,62,8
118900005,91,6,85
118900006,123,5,118
118900007,4,3,1
118900008,1811,68,1743
118900009,68,37,31
118900010,85,6,79
118900011,137,26,111
118900012,523,196,327
118900013,498,175,323
118900015,206,72,134
118900016,14,18,-4
118900017,248,268,-20
118900018,1153,32,1121
118900019,65,46,19
118900020,211,151,60
118900021,213,423,-210
118900022,135,113,22
118900023,186,92,94
118900024,83,178,-95
118900025,92,16,76
118900026,78,98,-20
118900027,370,189,181
118900028,185,192,-7
118900029,396,591,-195
118900030,342,48,294
118900031,160,85,75
118900032,250,166,84
118900033,398,438,-40
118900034,178,27,151
118900035,159,173,-14
118900036,1206,715,491
118900037,396,317,79
118900038,461,178,283
118900039,480,142,338
118900040,233,206,27
118900041,447,115,332
118900042,183,135,48
118900045,254,185,69
118900046,814,357,457
118900047,541,221,320
118900048,167,207,-40
118900049,55,46,9
118900050,37,130,-93
118900051,70,101,-31
118900052,327,228,99
118900053,44,105,-61
118900054,128,57,71
118900055,60,58,2
118900056,28,381,-353
118900057,861,522,339
118900058,341,339,2
118900059,53,88,-35
118900060,77,116,-39
118900062,688,253,435
118900064,621,576,45
118900065,42,133,-91
118900066,66,85,-19
118900067,4847,3166,1681
118900068,4,190,-186
118900069,418,212,206
118900071,1,117,-116
118900072,414,401,13
118900073,103,108,-5
118900074,104,150,-46
118900075,52,88,-36
118900076,242,109,133
118900077,330,193,137
118900078,42,17,25
118900079,61,189,-128
118900080,21,126,-105
118900081,98,48,50
118900082,676,135,541
118900083,37,4,33
118900084,16,15,1
118900085,582,817,-235
118900086,54,78,-24
118900087,34,238,-204
118900088,0,16,-16
118900089,22,21,1
118900090,522,375,147
118900091,196,228,-32
118900092,156,94,62
118900093,135,13,122
118900096,45,18,27
118900097,278,393,-115
118900099,107,230,-123
118900100,185,219,-34
118900101,103,414,-311
118900102,65,95,-30
118900103,66,109,-43
118900104,246,137,109
118900105,258,136,122
118900107,159,106,53
118900108,114,117,-3
118900109,949,647,302
118900110,1293,822,471
118900111,453,462,-9
118900112,61,211,-150
118900113,107,407,-300
118900114,19,104,-85
118900115,160,471,-311
118900116,145,227,-82
118900117,90,192,-102
118900118,331,314,17
118900119,128,218,-90
118900120,94,340,-246
118900121,10,155,-145
118900122,33,1004,-971
118900123,137,243,-106
118900124,97,209,-112
118900126,27,422,-395
118900129,244,232,12
118900130,41,186,-145
118900131,216,228,-12
118900132,430,192,238
118900133,9,129,-120
118900135,205,216,-11
118900136,170,461,-291
118900137,15,42,-27
118900139,250,375,-125
118900140,421,557,-136
118900141,77,162,-85
118900144,142,404,-262
118900145,89,117,-28
118900146,314,619,-305
118900147,287,154,133
118900148,121,78,43
118900150,171,652,-481
118900152,586,683,-97
118900157,81,151,-70
118900158,119,75,44
118900159,2,172,-170
118900161,72,11,61
118900163,101,90,11
118900164,2,107,-105
118900165,55,179,-124
118900166,39,5,34
118900167,116,137,-21
118900168,25,184,-159
118900169,103,289,-186
118900170,160,105,55
118900171,29,28,1
118900174,75,67,8
118900175,431,523,-92
118900176,147,314,-167
118900177,49,51,-2
118900178,64,218,-154
118900179,4,30,-26
118900181,105,91,14
118900182,106,50,56
118900183,64,153,-89
118900184,309,133,176
118900185,108,110,-2
118900186,115,85,30
118900187,252,277,-25
118900188,381,295,86
118900189,66,799,-733
118900190,4,296,-292
118900191,188,47,141
118900192,258,23,235
118900193,476,10,466
118900195,261,585,-324
118900196,36,141,-105
118900197,130,47,83
118900198,22,17,5
118900199,65,30,35
118900200,22,14,8
118900201,23,28,-5
118900202,12,77,-65
118900203,11,32,-21
118900204,31,27,4
118900205,1,20,-19
118900206,2,38,-36
119000001,1459,2046,-587
119000002,4952,3711,1241
119000003,2780,1255,1525
119000004,2390,1465,925
119000005,1975,1999,-24
119000006,2822,1648,1174
119000007,3739,3247,492
119000008,2100,2011,89
119000009,3990,4715,-725
119000010,6500,4346,2154
119000011,4557,2934,1623
119000012,3582,3564,18
119000013,2895,1774,1121
119000014,2025,3065,-1040
119000019,314,171,143
119000020,2116,1467,649
119000021,4470,2398,2072
119000022,2928,2629,299
119000023,270,274,-4
119000024,1968,10720,-8752
119000025,6839,1516,5323
119000026,146,472,-326
119000027,313,545,-232
119000028,1953,1086,867
119000029,130,379,-249
119000030,567,1030,-463
119000031,874,708,166
119000032,3357,2876,481
119000033,2412,1439,973
119000034,1159,1074,85
119000035,37,309,-272
119000036,1681,741,940
119000037,1261,1490,-229
119000038,191,786,-595
119000039,289,441,-152
119000040,1798,1016,782
119000041,1280,1854,-574
119000048,3083,2749,334
119000049,1726,2075,-349
119000050,2151,1997,154
119000051,2755,1071,1684
119000052,1993,2825,-832
119000053,2165,1316,849
119000054,3555,2998,557
119000055,4305,3173,1132
119000056,2640,2132,508
119000057,1883,1777,106
119000058,2294,1824,470
119000059,1437,1684,-247
119000060,1717,1285,432
119000061,1201,829,372
119000062,1412,1444,-32
119000063,551,448,103
119000064,1049,1458,-409
119000065,2199,4269,-2070
119000066,2660,1236,1424
119000067,1967,2317,-350
119000068,1792,1122,670
119000069,1488,2789,-1301
119000070,2489,882,1607
119000071,682,857,-175
119000072,5525,4005,1520
119000073,6885,7569,-684
119000074,1272,2222,-950
119000075,2352,2379,-27
119000076,640,1653,-1013
119000077,1216,893,323
119000078,447,302,145
119000079,171,964,-793
119000080,380,256,124
119000081,465,622,-157
119000082,1106,273,833
119000083,670,412,258
119000084,318,515,-197
119000085,777,191,586
119000086,360,402,-42
119000087,1478,868,610
119000088,437,253,184
119000089,84,176,-92
119000090,164,165,-1
119000091,175,387,-212
119000092,642,239,403
119000093,3471,2838,633
119000094,3195,5238,-2043
119000095,1821,3375,-1554
119000097,2122,1451,671
119000098,954,2497,-1543
119000099,2522,1707,815
119000100,3773,3089,684
119000101,5858,2708,3150
119000102,1081,1260,-179
119000103,1831,793,1038
119000104,2327,1430,897
119000105,1187,2022,-835
119000106,334,1329,-995
119000107,794,562,232
119000108,395,810,-415
119000109,229,1173,-944
119000110,1056,1321,-265
119000111,91,776,-685
119000112,254,301,-47
119000113,3470,444,3026
119000114,1260,894,366
119000115,133,162,-29
119000116,144,88,56
119000117,177,428,-251
119000118,3,4,-1
119000123,4673,2481,2192
119000124,748,230,518
119000125,3819,857,2962
119000126,580,602,-22
119000127,497,548,-51
119000128,57,1,56
119000131,1006,636,370
119000132,6,3,3
119000133,3,13,-10
119000134,1962,589,1373
119000135,142,274,-132
119000136,223,192,31
119000137,192,294,-102
119000138,469,312,157
119000139,391,262,129
119000140,271,430,-159
119000284,1296,2452,-1156
119000285,2129,1986,143
119000286,7214,5415,1799
119000287,1180,2020,-840
119000288,1893,1370,523
119000289,1603,2767,-1164
119000290,246,433,-187
119000291,22,273,-251
119000293,107,175,-68
119000294,54,27,27
119000295,1586,453,1133
119000296,208,124,84
119000302,2203,1322,881
119000303,63,148,-85
119000314,1694,9482,-7788
119000315,1,332,-331
119000316,98,121,-23
119000317,88,286,-198
119900001,285,1191,-906
119900002,140,262,-122
119900003,53,1012,-959
119900004,303,1077,-774
119900005,195,96,99
119900006,238,454,-216
119900007,1283,234,1049
119900008,61,37,24
119900009,697,639,58
119900010,2516,2167,349
119900011,30,104,-74
119900012,18,100,-82
119900013,2397,1662,735
119900014,860,452,408
119900015,95,34,61
119900016,47,74,-27
119900017,43,37,6
119900018,2086,874,1212
119900019,37,7,30
119900020,204,211,-7
119900021,214,111,103
119900022,158,735,-577
119900023,538,1283,-745
119900025,175,28,147
119900026,788,172,616
119900027,46,37,9
119900028,191,127,64
119900029,2,11,-9
119900030,521,460,61
119900031,92,367,-275
119900033,3072,362,2710
119900034,387,97,290
119900037,158,21,137
119900038,76,308,-232
119900039,74,13,61
119900040,350,30,320
119900041,140,42,98
119900042,139,174,-35
119900043,59,154,-95
119900044,172,959,-787
119900046,134,69,65
119900047,404,89,315
119900048,44,26,18
119900049,164,3,161
119900050,254,151,103
119900051,878,17,861
119900052,79,58,21
119900053,197,151,46
119900054,153,5,148
119900055,1267,450,817
119900057,216,69,147
119900058,256,4,252
119900059,234,64,170
119900060,316,37,279
119900061,334,10,324
119900062,97,27,70
119900063,33,45,-12
119900064,535,118,417
119900065,289,16,273
119900066,2,3,-1
119900067,101,46,55
119900068,496,7,489
119900069,90,11,79
119900070,1145,33,1112
119900071,697,33,664
119900072,366,497,-131
119900073,1618,648,970
119900074,94,57,37
119900075,4655,2724,1931
119900076,435,260,175
119900077,857,918,-61
119900078,498,820,-322
119900079,223,210,13
119900080,348,220,128
119900081,43,19,24
119900082,1373,236,1137
119900083,521,174,347
119900084,868,372,496
119900085,104,65,39
119900086,192,802,-610
119900087,748,455,293
119900088,24,58,-34
119900089,21,586,-565
119900090,128,85,43
119900091,88,865,-777
119900092,552,516,36
119900093,1506,274,1232
119900094,61,217,-156
119900095,195,107,88
119900096,44,158,-114
119900097,643,219,424
119900098,43,52,-9
119900099,39,262,-223
119900100,1973,3125,-1152
119900101,172,1554,-1382
119900102,47,242,-195
119900103,75,330,-255
119900104,53,255,-202
119900105,1602,6614,-5012
119900106,8,167,-159
119900107,275,2459,-2184
119900108,5316,728,4588
119900109,24,204,-180
119900110,999,554,445
119900111,134,287,-153
119900112,1399,622,777
119900113,94,280,-186
119900114,288,993,-705
119900115,365,1038,-673
119900116,182,443,-261
119900117,353,724,-371
119900118,93,666,-573
119900119,253,221,32
119900120,844,614,230
119900121,402,899,-497
119900122,498,413,85
119900123,275,363,-88
119900124,269,802,-533
119900125,74,252,-178
119900126,5448,345,5103
119900127,2091,1054,1037
119900128,371,753,-382
119900129,215,494,-279
119900130,35,239,-204
119900131,35,290,-255
119900132,0,167,-167
119900133,40,102,-62
119900134,1641,259,1382
119900135,0,341,-341
119900136,224,302,-78
119900138,428,520,-92
119900139,18,99,-81
119900140,2,105,-103
119900141,108,779,-671
119900142,22,54,-32
119900143,20,308,-288
119900144,1426,236,1190
119900145,96,204,-108
119900146,151,263,-112
119900147,2,170,-168
119900148,262,79,183
119900149,1244,4769,-3525
119900150,149,183,-34
119900151,2365,996,1369
119900152,123,314,-191
119900153,164,84,80
119900154,10,269,-259
119900155,44,42,2
119900156,33,3,30
119900157,169,262,-93
119900158,213,94,119
119900159,4,1234,-1230
119900160,37,149,-112
119900161,213,262,-49
119900162,989,949,40
119900163,121,167,-46
119900164,2,3,-1
119900165,188,187,1
119900166,117,50,67
119900167,85,122,-37
119900168,815,546,269
119900169,319,333,-14
119900170,219,313,-94
119900171,1490,439,1051
119900172,182,30,152
119900173,10,407,-397
119900174,5,217,-212
119900175,1350,718,632
119900177,25,216,-191
119900178,15,139,-124
119900179,140,421,-281
119900180,964,969,-5
119900181,94,137,-43
119900182,20,419,-399
119900183,138,607,-469
119900184,2406,649,1757
119900185,47,200,-153
119900186,98,1086,-988
119900187,19,502,-483
119900188,92,327,-235
119900189,568,502,66
119900190,81,315,-234
119900191,290,304,-14
119900192,73,200,-127
119900193,356,213,143
119900194,29,82,-53
119900195,573,408,165
119900196,1619,579,1040
119900197,277,179,98
119900198,219,288,-69
119900199,167,40,127
119900200,747,608,139
119900201,395,272,123
119900202,83,243,-160
119900203,214,556,-342
119900204,298,387,-89
119900205,755,492,263
119900206,237,195,42
119900208,208,201,7
119900209,495,1255,-760
119900210,42,32,10
119900211,68,8,60
119900212,243,326,-83
119900213,8,61,-53
119900214,28,71,-43
119900215,74,61,13
119900216,12,54,-42
119900217,9,60,-51
119900218,21,53,-32
119900219,17,166,-149
119900220,17,96,-79
119900221,24,261,-237
119900222,12,184,-172
119900223,34,75,-41
119900224,13,31,-18
119900225,814,59,755
119900226,693,2054,-1361
119900227,1162,367,795
119900228,44,271,-227
119900229,351,463,-112
119900230,1410,625,785
119900231,243,172,71
119900232,306,151,155
119900233,183,10,173
119900234,30,138,-108
119900235,21,85,-64
119900236,24,253,-229
119900237,89,668,-579
119900238,4,89,-85
119900240,133,158,-25
119900241,144,250,-106
119900242,1663,1785,-122
119900244,798,1878,-1080
119900245,212,214,-2
119900246,378,712,-334
119900247,41,130,-89
119900248,96,239,-143
119900249,297,128,169
119900253,2960,491,2469
119900254,94,864,-770
119900255,147,800,-653
119900256,556,977,-421
119900257,81,6,75
119900258,212,37,175
119900259,16,150,-134
119900260,166,10,156
119900261,259,169,90
119900262,2,207,-205
119900263,1129,373,756
119900264,101,178,-77
119900265,699,374,325
119900266,420,316,104
119900267,347,513,-166
119900268,146,161,-15
119900269,1286,1282,4
119900271,60,144,-84
119900272,473,353,120
119900275,88,15,73
119900276,89,1,88
119900277,9,8,1
119900278,318,97,221
119900279,140,270,-130
119900280,791,167,624
119900281,1,198,-197
119900282,94,107,-13
119900283,20,207,-187
119900284,49,285,-236
119900285,37,87,-50
119900286,1,45,-44
119900288,2,27,-25
119900289,1,42,-41
119900290,3,25,-22
119900291,5,94,-89
119900292,27,57,-30
119900293,29,98,-69
119900294,18,95,-77
119900295,7,47,-40
119900296,48,193,-145
119900297,0,29,-29
119900298,15,15,0
119900299,53,200,-147
119900300,155,207,-52
119900301,115,111,4
119900302,164,100,64
119900303,217,185,32
119900304,141,37,104
119900305,14,115,-101
119900306,17,2,15
119900307,83,108,-25
119900308,5,35,-30
119900309,58,109,-51
119900310,344,291,53
119900311,76,97,-21
119900312,92,97,-5
119900313,255,340,-85
119900314,195,404,-209
119900315,1754,2435,-681
119900318,25,36,-11
119900319,22,270,-248
119900320,281,581,-300
119900321,91,6,85
120000001,6872,14346,-7474
120000002,2742,2719,23
120000003,3511,1682,1829
120000004,2903,1912,991
120000005,4315,2050,2265
120000006,1081,1270,-189
120000007,3584,3069,515
120000008,1164,1391,-227
120000009,2967,1094,1873
120000010,2019,2698,-679
120000011,1110,1704,-594
120000012,1736,2667,-931
120000013,3376,2979,397
120000014,721,1527,-806
120000015,2730,1633,1097
120000016,3771,2316,1455
120000017,2938,2301,637
120000018,3749,10929,-7180
120000019,1145,1490,-345
120000020,3070,3346,-276
120000021,1959,2258,-299
120000022,3201,3827,-626
120000023,1063,1528,-465
120000024,1599,2524,-925
120000025,2440,2023,417
120000026,1947,1700,247
120000027,2287,2179,108
120000028,908,1332,-424
120000029,4262,1461,2801
120000030,508,1188,-680
120000031,2580,6907,-4327
120000032,8327,4391,3936
120000033,5066,1883,3183
120000034,1980,1730,250
120000035,1976,2001,-25
120000036,2923,5199,-2276
120000037,780,1651,-871
120000038,6334,4080,2254
120000039,560,957,-397
120000040,105,510,-405
120000041,1670,1865,-195
120000042,1984,2186,-202
120000043,5485,1647,3838
120000044,5471,1493,3978
120000045,5664,1090,4574
120000046,2997,2746,251
120000047,1165,5584,-4419
120000048,8047,4622,3425
120000049,3662,3165,497
120000050,4233,4330,-97
120000051,3492,4721,-1229
120000052,8490,2362,6128
120000053,1242,2404,-1162
120000054,1383,3621,-2238
120000055,1813,4459,-2646
120000056,4343,3796,547
120000057,3127,1164,1963
120000058,3848,1374,2474
120000059,39,1640,-1601
120000061,94,459,-365
120000062,196,337,-141
120000063,1547,2423,-876
120000064,256,1080,-824
120000065,542,1568,-1026
120000066,956,687,269
120000067,99,784,-685
120000068,171,908,-737
120000069,545,1275,-730
120000070,85,608,-523
120000071,492,147,345
120000072,804,457,347
120000073,811,217,594
120000074,304,246,58
120000075,1252,408,844
120000076,1923,433,1490
120000077,1960,628,1332
120000078,3528,1169,2359
120000079,196,128,68
120000080,106,171,-65
120000081,278,127,151
120000082,196,239,-43
120000083,91,570,-479
120000084,425,333,92
120000085,335,296,39
120000086,253,414,-161
120000087,130,517,-387
120000088,787,1148,-361
120000089,1123,742,381
120000090,788,635,153
120000091,989,1065,-76
120000092,1473,733,740
120000093,417,523,-106
120000094,217,807,-590
120000095,1046,473,573
120000096,352,735,-383
120000098,1072,863,209
120000099,577,807,-230
120000100,873,904,-31
120000101,646,482,164
120000102,598,769,-171
120000103,1583,836,747
120000104,1954,537,1417
120000105,3298,749,2549
120000106,2352,635,1717
120000107,3760,628,3132
120000108,1197,123,1074
120000109,1261,84,1177
120000110,111,1028,-917
120000111,98,964,-866
120000112,749,2656,-1907
120000113,594,1789,-1195
120000114,966,2500,-1534
120000115,367,2043,-1676
120000116,707,2054,-1347
120000117,1016,1506,-490
120000118,54,29,25
120000119,19,71,-52
120000120,87,78,9
120000121,43,68,-25
120000122,284,303,-19
120000123,4747,5408,-661
120000124,412,395,17
120000125,545,755,-210
120000126,393,1116,-723
120000127,2970,1236,1734
120000128,3863,4875,-1012
120000129,334,311,23
120000130,826,559,267
120000131,288,721,-433
120000134,376,1057,-681
120000135,669,542,127
120000137,266,1433,-1167
120000138,962,522,440
120000139,252,749,-497
120000140,914,610,304
120000141,459,494,-35
120000142,741,763,-22
120000143,0,119,-119
120000144,113,5,108
120000145,382,7,375
120000146,1158,1024,134
120000149,804,1302,-498
120000150,3606,11691,-8085
120000151,465,477,-12
120000152,527,227,300
120000153,292,678,-386
120000154,460,424,36
120000155,123,239,-116
120000156,886,1062,-176
120000157,1047,681,366
120000158,820,982,-162
120000159,2060,2530,-470
120000160,2555,1526,1029
120000161,2105,2212,-107
120000162,108,283,-175
120000163,696,1237,-541
120000164,611,401,210
120000165,608,876,-268
120000166,1393,630,763
120000167,176,233,-57
120000168,11,675,-664
120000169,91,1837,-1746
120000170,50,1061,-1011
120000171,21,430,-409
120000172,33,197,-164
120000173,2438,1354,1084
120000174,483,30,453
120000175,310,30,280
120000176,467,48,419
120000177,1626,152,1474
120000178,185,17,168
120000179,367,40,327
120000180,1026,142,884
120000181,204,1650,-1446
120000182,93,701,-608
120000183,15,671,-656
120000184,166,1406,-1240
120000186,61,402,-341
120000187,68,280,-212
120000188,160,422,-262
120000190,1009,47,962
120000191,1172,82,1090
120000192,1350,33,1317
120000193,550,12,538
120000195,109,8,101
120000196,459,70,389
120000197,164,160,4
120000198,186,77,109
120000199,112,3,109
120000200,108,1,107
120000201,11,20,-9
120000202,1,48,-47
120000203,55,197,-142
120000207,1,58,-57
120000208,7,188,-181
120000209,1,53,-52
120000210,50,57,-7
120000211,157,3,154
120000212,217,1,216
120000213,120,208,-88
120000214,1,232,-231
120000215,2,129,-127
120000216,78,13,65
120000217,760,1189,-429
120000218,178,736,-558
120000219,6,388,-382
120000220,13,1534,-1521
120000225,1796,7,1789
120000226,347,9,338
120000227,903,41,862
120000228,10779,3283,7496
120000230,465,26,439
120000231,1170,2080,-910
120000233,448,6,442
120000235,225,549,-324
120000236,1157,2,1155
120000237,2,1165,-1163
120000238,6,946,-940
120000241,1234,3672,-2438
120000412,791,22,769
120000413,222,235,-13
120000414,148,6,142
120000415,3,77,-74
120000416,121,5,116
120000417,12,64,-52
120000418,231,15,216
120000419,31,246,-215
120000420,44,16,28
120000421,10522,6100,4422
120000422,141,1260,-1119
120000423,3,68,-65
120000424,80,110,-30
120000436,144,551,-407
120000437,143,104,39
120000438,2448,306,2142
120000439,242,532,-290
120000443,186,1,185
120000444,1560,507,1053
120000445,1616,1101,515
120000446,798,228,570
120000447,288,11,277
120000449,104,4,100
120000450,2,205,-203
120000451,163,253,-90
120000452,174,2,172
120000453,1,290,-289
120000454,67,55,12
120000455,94,22,72
120000456,2530,3796,-1266
120000457,1263,486,777
120000458,809,751,58
120000459,149,43,106
120000665,1433,277,1156
120000668,131,1152,-1021
120000669,76,218,-142
120000670,229,921,-692
120000671,1232,443,789
120000672,113,479,-366
120900001,71,89,-18
120900002,494,668,-174
120900003,342,27,315
120900004,11,97,-86
120900005,38,640,-602
120900006,386,243,143
120900007,168,100,68
120900008,329,1304,-975
120900009,280,27,253
120900010,477,158,319
120900011,501,160,341
120900012,347,1212,-865
120900013,370,105,265
120900014,4,578,-574
120900015,690,125,565
120900016,738,62,676
120900017,2279,99,2180
120900018,172,427,-255
120900019,637,319,318
120900020,821,1396,-575
120900021,785,284,501
120900022,33,316,-283
120900023,252,52,200
120900024,1915,604,1311
120900025,1574,963,611
120900026,501,228,273
120900027,857,32,825
120900028,416,133,283
120900029,138,487,-349
120900030,1183,738,445
120900031,255,130,125
120900032,1128,137,991
120900033,898,75,823
120900034,24,2377,-2353
120900035,54,210,-156
120900037,255,10,245
120900038,52,289,-237
120900039,73,71,2
120900040,340,1,339
120900041,129,33,96
120900042,522,34,488
120900043,57,39,18
120900044,10,408,-398
120900045,213,129,84
120900046,498,2,496
120900047,109,96,13
120900048,124,30,94
120900049,473,1,472
120900050,2083,1487,596
120900051,352,165,187
120900052,544,5,539
120900053,265,73,192
120900054,1831,785,1046
120900055,394,2,392
120900056,448,19,429
120900057,165,18,147
120900058,594,0,594
120900059,111,2,109
120900060,108,30,78
120900061,278,240,38
120900062,209,2,207
120900063,496,4,492
120900064,676,2,674
120900065,451,6,445
120900066,464,264,200
120900067,180,48,132
120900068,231,0,231
120900069,253,37,216
120900071,49,0,49
120900072,737,4,733
120900073,544,148,396
120900074,879,25,854
120900076,294,1,293
120900077,3052,285,2767
120900078,797,573,224
120900079,738,129,609
120900080,718,1441,-723
120900081,759,847,-88
120900082,583,502,81
120900083,101,4,97
120900084,310,439,-129
120900085,69,84,-15
120900086,98,309,-211
120900087,440,399,41
120900088,212,425,-213
120900089,2810,2632,178
120900090,247,149,98
120900091,701,784,-83
120900092,1286,529,757
120900093,1985,179,1806
120900094,504,187,317
120900095,538,36,502
120900096,49,236,-187
120900097,938,780,158
120900098,232,188,44
120900099,145,67,78
120900100,116,216,-100
120900101,569,292,277
120900102,46,109,-63
120900103,51,230,-179
120900104,24,59,-35
120900105,30,466,-436
120900106,1334,524,810
120900107,269,166,103
120900108,5,499,-494
120900109,45,564,-519
120900110,17,617,-600
120900111,241,309,-68
120900112,18,713,-695
120900113,18,732,-714
120900114,65,149,-84
120900115,185,206,-21
120900116,428,417,11
120900117,6,446,-440
120900118,10,590,-580
120900119,6195,5283,912
120900120,68,434,-366
120900121,602,549,53
120900122,506,425,81
120900123,5,316,-311
120900124,3,514,-511
120900125,6,775,-769
120900126,1563,1161,402
120900127,6,412,-406
120900128,1113,1437,-324
120900129,55,285,-230
120900130,16,469,-453
120900131,97,189,-92
120900132,1041,255,786
120900133,294,845,-551
120900134,786,471,315
120900135,17,536,-519
120900136,56,229,-173
120900137,205,132,73
120900138,30,176,-146
120900139,7,651,-644
120900140,7,289,-282
120900141,251,223,28
120900142,19,402,-383
120900143,4,824,-820
120900144,0,172,-172
120900145,166,628,-462
120900146,2,1011,-1009
120900147,11,398,-387
120900148,153,117,36
120900149,0,277,-277
120900150,37,498,-461
120900151,1,625,-624
120900152,1,31,-30
120900153,61,135,-74
120900154,7,233,-226
120900155,171,944,-773
120900156,57,322,-265
120900157,90,281,-191
120900158,79,492,-413
120900159,67,357,-290
120900160,46,601,-555
120900161,67,475,-408
120900162,46,774,-728
120900163,78,1113,-1035
120900164,0,20,-20
120900165,13,45,-32
120900166,223,731,-508
120900167,530,190,340
120900169,97,348,-251
120900170,954,2687,-1733
120900171,1038,251,787
120900172,1674,1829,-155
120900173,22,80,-58
120900174,8,141,-133
120900175,292,163,129
120900176,13,322,-309
120900177,2,1205,-1203
120900178,1,646,-645
120900179,807,421,386
120900180,105,192,-87
120900181,208,56,152
120900182,38,261,-223
120900183,573,126,447
120900184,403,112,291
120900185,10,628,-618
120900186,0,384,-384
120900187,622,1011,-389
120900188,169,14,155
120900189,80,1121,-1041
120900190,77,16,61
120900191,4,39,-35
120900192,8888,6496,2392
120900194,61,112,-51
120900195,179,294,-115
120900196,739,44,695
120900197,628,163,465
120900198,249,499,-250
120900199,464,1792,-1328
120900200,79,127,-48
120900201,444,237,207
120900202,0,185,-185
120900203,27,89,-62
120900204,164,252,-88
120900205,44,66,-22
120900206,18,55,-37
121000001,900,1500,-600
121000002,2613,1561,1052
121000003,3384,2295,1089
121000004,3152,3745,-593
121000005,2076,3082,-1006
121000006,4017,2078,1939
121000007,2712,3320,-608
121000008,5975,3671,2304
121000009,5999,6269,-270
121000010,9598,6291,3307
121000011,9438,12799,-3361
121000012,17599,10287,7312
121000013,5284,7592,-2308
121000014,6804,6066,738
121000015,4471,7637,-3166
121000016,4981,3736,1245
121000017,2261,4115,-1854
121000018,2951,1931,1020
121000019,18133,12786,5347
121000020,14953,17834,-2881
121000021,2989,3187,-198
121000022,2660,3242,-582
121000023,3995,3104,891
121000024,4670,5130,-460
121000025,897,1489,-592
121000026,335,153,182
121000027,1965,1342,623
121000028,846,609,237
121000029,1165,782,383
121000030,690,492,198
121000031,851,775,76
121000032,357,99,258
121000034,471,312,159
121000035,246,219,27
121000036,1106,906,200
121000037,640,608,32
121000038,541,1031,-490
121000039,331,382,-51
121000041,651,547,104
121000042,284,426,-142
121000043,825,657,168
121000044,1488,874,614
121000045,542,354,188
121000046,731,1159,-428
121000047,57,125,-68
121000049,1479,644,835
121000050,349,1273,-924
121000051,633,329,304
121000052,390,676,-286
121000053,498,118,380
121000054,90,441,-351
121000055,1159,1233,-74
121000056,824,1148,-324
121000057,468,566,-98
121000058,490,318,172
121000059,3194,1556,1638
121000060,795,1067,-272
121000061,155,448,-293
121000062,260,502,-242
121000063,811,775,36
121000064,653,620,33
121000065,543,590,-47
121000066,438,351,87
121000067,722,682,40
121000068,765,418,347
121000069,665,792,-127
121000070,2049,1467,582
121000071,1512,1441,71
121000072,1357,872,485
121000073,1122,1115,7
121000074,133,169,-36
121000075,62,301,-239
121000076,1156,534,622
121000077,167,198,-31
121000078,137,177,-40
121000080,2260,744,1516
121000081,4006,3212,794
121000082,129,338,-209
121000083,231,167,64
121000084,195,179,16
121000085,372,414,-42
121000086,255,868,-613
121000087,68,365,-297
121000088,549,606,-57
121000089,476,440,36
121000090,520,438,82
121000091,1645,948,697
121000092,217,89,128
121000093,206,220,-14
121000094,609,852,-243
121000095,385,734,-349
121000096,2500,2413,87
121000097,1110,2351,-1241
121000098,699,1091,-392
121000099,517,771,-254
121000100,831,429,402
121000101,322,306,16
121000102,326,339,-13
121000103,248,299,-51
121000104,326,191,135
121000105,565,282,283
121000106,384,444,-60
121000107,2268,3283,-1015
121000109,1329,1167,162
121000110,417,757,-340
121000114,3162,2091,1071
121000115,937,696,241
121000116,262,842,-580
121000117,809,247,562
121000118,1493,251,1242
121000119,287,495,-208
121000120,303,504,-201
121000121,618,1595,-977
121000123,1606,770,836
121000126,136,330,-194
121000127,229,103,126
121000128,992,463,529
121000129,847,690,157
121000130,546,1009,-463
121000131,2991,2168,823
121000132,1854,2189,-335
121000135,654,1136,-482
121000136,1728,1280,448
121000137,545,356,189
121000138,1192,1837,-645
121000139,682,656,26
121000141,216,157,59
121000142,704,917,-213
121000143,170,34,136
121000144,1224,1986,-762
121000145,599,1042,-443
121000146,1427,1133,294
121000147,1047,557,490
121000148,1003,1129,-126
121000149,2114,1404,710
121000152,460,500,-40
121000153,1989,662,1327
121000154,1045,602,443
121000155,1688,1209,479
121000156,464,1135,-671
121000157,1183,1763,-580
121000158,518,561,-43
121000159,214,440,-226
121000160,394,399,-5
121000161,236,362,-126
121000162,144,232,-88
121000165,2121,1943,178
121000166,31,393,-362
121000168,388,301,87
121000169,76,187,-111
121000170,342,103,239
121000171,87,208,-121
121000172,781,642,139
121000173,1648,1263,385
121000174,354,485,-131
121000175,1107,451,656
121000176,431,287,144
121000177,1079,726,353
121000178,151,70,81
121000179,88,68,20
121000181,446,430,16
121000182,200,254,-54
121000183,82,186,-104
121000184,166,290,-124
121000185,45,231,-186
121000186,259,627,-368
121000187,190,198,-8
121000188,247,202,45
121000192,1013,519,494
121000193,695,638,57
121000194,2553,2509,44
121000195,332,1010,-678
121000196,479,260,219
121000197,209,852,-643
121000198,200,151,49
121000199,164,357,-193
121000200,627,100,527
121000201,9,191,-182
121000202,186,9,177
121000203,874,2108,-1234
121000204,2740,879,1861
121000205,179,415,-236
121000206,213,95,118
121000207,2091,452,1639
121000208,6,296,-290
121000209,420,269,151
121000210,689,425,264
121000211,263,167,96
121000212,409,643,-234
121000213,10661,3283,7378
121000214,891,2204,-1313
121000215,1264,1125,139
121000216,611,703,-92
121000217,4681,2649,2032
121000218,477,2292,-1815
121000219,1735,566,1169
121000220,184,93,91
121000221,148,296,-148
121000222,2544,2848,-304
121000223,579,459,120
121000224,340,345,-5
121000225,1080,1995,-915
121000226,2664,1323,1341
121000227,10,192,-182
121000228,23,529,-506
121000229,305,313,-8
121000230,69,1564,-1495
121000231,875,27,848
121000232,380,348,32
121000233,608,389,219
121000234,35,52,-17
121000235,104,130,-26
121000236,23,56,-33
121000237,63,37,26
121000238,7,71,-64
121000239,62,12,50
121000240,10,178,-168
121000241,102,24,78
121000242,85,359,-274
121000243,736,246,490
121000244,29,101,-72
121000245,123,47,76
121000246,2,137,-135
121000247,95,11,84
121000248,2346,656,1690
121000249,165,367,-202
121000250,691,300,391
121000251,27,325,-298
121000252,99,70,29
121000253,258,370,-112
121000254,562,242,320
121000255,181,236,-55
121000256,381,213,168
121000257,39,90,-51
121000258,176,114,62
121000259,71,68,3
121000260,72,104,-32
121000261,86,70,16
121000262,912,637,275
121000263,612,477,135
121000271,341,1371,-1030
121000273,25,10,15
121000274,13,38,-25
121000275,4,11,-7
121000276,7,22,-15
121000278,33,33,0
121000279,21,23,-2
121000280,36,56,-20
121000289,214,18,196
121000290,1299,953,346
121000294,184,161,23
121000297,926,1045,-119
121000299,235,576,-341
121000300,1085,602,483
121000302,57,1260,-1203
121000303,478,450,28
121000304,570,61,509
121000305,194,55,139
121000306,143,121,22
121000308,210,360,-150
121000309,419,568,-149
121000310,85,390,-305
121000311,57,798,-741
121000312,478,342,136
121000313,454,463,-9
121000314,142,132,10
121000315,70,149,-79
121000530,1555,1346,209
121000531,1501,1534,-33
121000532,7221,8254,-1033
121000533,3464,3507,-43
121000918,84,162,-78
121000919,41,72,-31
121000938,196,529,-333
121000939,216,421,-205
121000956,1358,1373,-15
121000957,2,20,-18
121000958,28,97,-69
121000959,785,721,64
121000960,1663,1970,-307
121000961,295,258,37
121000962,327,543,-216
121000973,0,124,-124
121000976,22,245,-223
121000979,661,204,457
121000981,433,481,-48
121000982,270,170,100
121000983,423,375,48
121000984,44,83,-39
121000985,695,562,133
121000986,364,201,163
121000987,301,957,-656
121000988,823,130,693
121001302,282,107,175
121001308,8,19,-11
121001309,86,110,-24
121001313,201,174,27
121001314,1998,2619,-621
121001315,4681,2509,2172
121900001,125,182,-57
121900002,76,38,38
121900003,481,15,466
121900004,121,460,-339
121900005,68,19,49
121900006,44,2,42
121900007,2283,2378,-95
121900008,1274,531,743
121900009,699,25,674
121900010,264,4,260
121900011,392,430,-38
121900012,20,0,20
121900013,1454,119,1335
121900014,1333,425,908
121900015,173,216,-43
121900016,4,27,-23
121900017,649,507,142
121900018,379,13,366
121900019,649,287,362
121900020,30,9,21
121900021,986,19,967
121900022,450,264,186
121900023,171,411,-240
121900024,390,97,293
121900025,705,462,243
121900026,409,45,364
121900027,460,234,226
121900028,294,21,273
121900029,95,220,-125
121900030,595,554,41
121900031,1048,6489,-5441
121900032,196,98,98
121900033,243,257,-14
121900034,285,115,170
121900035,3039,2345,694
121900036,72,354,-282
121900037,190,1100,-910
121900038,94,154,-60
121900039,463,86,377
121900040,137,108,29
121900041,83,224,-141
121900042,423,253,170
121900043,4,9,-5
121900044,163,76,87
121900046,320,469,-149
121900047,205,66,139
121900048,74,133,-59
121900050,47,62,-15
121900051,173,188,-15
121900052,173,51,122
121900053,560,284,276
121900054,472,1066,-594
121900055,5,52,-47
121900058,249,165,84
121900059,527,209,318
121900060,157,441,-284
121900061,257,267,-10
121900062,223,136,87
121900063,1805,467,1338
121900064,274,701,-427
121900066,61,38,23
121900067,61,106,-45
121900069,212,173,39
121900070,350,209,141
121900071,335,282,53
121900072,58,218,-160
121900073,296,246,50
121900074,939,1157,-218
121900075,527,549,-22
121900076,423,658,-235
121900077,34,37,-3
121900078,78,43,35
121900079,0,0,0
121900080,1150,481,669
121900082,48,132,-84
121900084,23,130,-107
121900085,1,16,-15
121900086,5,61,-56
121900087,201,133,68
121900088,2273,3148,-875
121900089,151,312,-161
121900090,53,84,-31
121900091,54,80,-26
121900092,101,110,-9
121900093,108,104,4
121900094,19,12,7
121900095,302,201,101
121900096,1324,1126,198
121900097,564,251,313
121900098,7,11,-4
121900099,242,57,185
121900100,314,612,-298
121900101,195,168,27
121900102,3,178,-175
121900103,522,288,234
121900104,1507,341,1166
121900105,298,195,103
121900106,12,7,5
121900107,43,31,12
121900108,4,39,-35
121900109,372,154,218
121900110,526,847,-321
121900111,770,288,482
121900112,209,199,10
121900113,83,364,-281
121900114,130,117,13
121900115,162,374,-212
121900117,348,144,204
121900118,1985,645,1340
121900119,156,86,70
121900120,69,1307,-1238
121900121,498,37,461
121900122,19,71,-52
121900123,323,463,-140
121900124,136,150,-14
121900125,1773,1206,567
121900127,10,127,-117
121900128,123,144,-21
121900129,592,151,441
121900130,142,285,-143
121900131,191,114,77
121900132,77,113,-36
121900133,107,1135,-1028
121900134,26,207,-181
121900135,3422,421,3001
121900136,577,350,227
121900137,66,393,-327
121900138,127,355,-228
121900139,417,667,-250
121900140,85,209,-124
121900141,59,52,7
121900142,253,154,99
121900143,21,202,-181
121900144,139,390,-251
121900145,265,363,-98
121900146,621,818,-197
121900147,54,238,-184
121900148,195,346,-151
121900149,372,610,-238
121900150,84,177,-93
121900151,91,238,-147
121900152,117,129,-12
121900153,156,860,-704
121900154,8,279,-271
121900155,1,201,-200
121900156,337,162,175
121900157,2,381,-379
121900158,82,160,-78
121900159,2,154,-152
121900160,97,238,-141
121900161,448,461,-13
121900162,135,204,-69
121900163,216,545,-329
121900164,447,243,204
121900165,330,213,117
121900166,185,193,-8
121900167,119,176,-57
121900168,148,210,-62
121900169,2,204,-202
121900170,16,200,-184
121900171,865,667,198
121900172,639,299,340
121900173,1074,299,775
121900174,36,59,-23
121900175,192,226,-34
121900176,575,1516,-941
121900177,256,99,157
121900178,28,16,12
121900179,441,225,216
121900180,3888,4339,-451
121900182,689,299,390
121900183,624,1641,-1017
121900184,104,679,-575
121900186,9,439,-430
121900187,40,221,-181
121900188,588,309,279
121900189,26,159,-133
121900190,311,397,-86
121900191,134,199,-65
121900192,442,791,-349
121900193,57,65,-8
121900194,10,316,-306
121900195,79,153,-74
121900196,1016,1165,-149
121900197,324,1481,-1157
121900198,1417,1004,413
121900199,3,43,-40
121900200,34,236,-202
121900201,1137,790,347
121900202,201,819,-618
121900203,255,934,-679
121900204,958,1096,-138
121900205,16,43,-27
121900206,20,80,-60
121900207,152,51,101
121900208,153,368,-215
121900209,116,44,72
121900210,1135,1038,97
121900211,247,196,51
121900212,187,135,52
121900213,158,70,88
121900214,17,446,-429
121900215,71,155,-84
121900216,50,300,-250
121900217,296,168,128
121900218,206,436,-230
121900219,288,90,198
121900220,171,19,152
121900221,340,590,-250
121900222,173,166,7
121900223,233,47,186
121900224,88,50,38
121900225,177,131,46
121900226,301,593,-292
121900227,239,521,-282
121900228,185,353,-168
121900229,378,297,81
121900230,132,263,-131
121900231,422,1537,-1115
121900232,328,465,-137
121900233,253,255,-2
121900234,375,265,110
121900235,503,169,334
121900236,287,171,116
121900237,178,326,-148
121900238,181,349,-168
121900239,238,45,193
121900240,320,118,202
121900241,89,45,44
121900242,6,1,5
121900243,24,2,22
121900244,42,4,38
121900245,192,109,83
121900246,2332,344,1988
121900247,337,294,43
121900248,1577,1311,266
121900250,241,288,-47
121900251,513,64,449
121900252,735,190,545
121900253,167,819,-652
121900254,437,310,127
121900255,383,128,255
121900258,4003,2252,1751
121900259,346,624,-278
121900260,159,223,-64
121900261,174,547,-373
121900262,377,957,-580
121900263,262,263,-1
121900264,1871,1372,499
121900265,279,237,42
121900266,487,165,322
121900267,77,34,43
121900269,324,752,-428
121900270,40,233,-193
121900271,49,164,-115
121900273,523,1903,-1380
121900274,279,276,3
121900276,835,136,699
121900277,888,1363,-475
121900278,104,1091,-987
121900279,121,237,-116
121900280,220,458,-238
121900281,399,326,73
121900284,163,11,152
121900286,193,111,82
121900287,17,26,-9
121900290,279,490,-211
121900291,421,762,-341
121900292,185,123,62
121900293,1100,2894,-1794
121900294,307,6,301
121900295,173,178,-5
121900296,98,307,-209
121900298,320,745,-425
121900299,0,10,-10
121900300,131,10,121
121900301,73,4,69
121900302,6,71,-65
121900303,448,700,-252
121900304,4,12,-8
121900305,7,10,-3
121900306,139,0,139
121900307,55,14,41
121900308,41,267,-226
121900309,11,235,-224
121900310,12,425,-413
121900311,507,18,489
121900312,535,19,516
121900313,365,31,334
121900314,3,55,-52
121900315,8,0,8
121900316,1,17,-16
121900317,11,7,4
121900318,1,12,-11
121900319,30,85,-55
121900320,44,66,-22
121900321,13,3,10
121900322,2,21,-19
121900323,10,17,-7
121900324,6,60,-54
121900325,23,0,23
121900326,11,24,-13
121900327,1,53,-52
121900328,2,14,-12
121900329,3,123,-120
121900330,1,37,-36
121900331,44,55,-11
121900332,120,18,102
121900333,2,0,2
122000001,2360,5047,-2687
122000002,4346,1823,2523
122000003,2447,2931,-484
122000004,3400,1683,1717
122000005,2523,2030,493
122000006,2010,1034,976
122000007,1114,1728,-614
122000008,3621,5015,-1394
122000009,410,454,-44
122000010,2315,2949,-634
122000011,3750,1762,1988
122000012,1291,1806,-515
122000013,1413,1045,368
122000014,1725,1189,536
122000015,1522,1211,311
122000016,622,1044,-422
122000017,1290,1067,223
122000018,1652,1370,282
122000019,865,1175,-310
122000020,224,215,9
122000021,353,464,-111
122000022,1276,1101,175
122000023,731,1941,-1210
122000024,943,1511,-568
122000025,1359,2227,-868
122000026,1087,1245,-158
122000027,675,2044,-1369
122000028,1069,503,566
122000029,575,540,35
122000030,308,172,136
122000031,237,291,-54
122000032,1965,2113,-148
122000033,681,1444,-763
122000034,850,791,59
122000035,376,837,-461
122000036,568,583,-15
122000037,456,283,173
122000038,285,401,-116
122000039,733,499,234
122000040,356,313,43
122000041,570,618,-48
122000042,391,458,-67
122000043,152,143,9
122000044,182,181,1
122000045,1280,532,748
122000046,880,848,32
122000047,326,269,57
122000048,3743,4908,-1165
122000049,6790,3689,3101
122000050,1553,842,711
122000051,446,345,101
122000052,601,458,143
122000053,188,925,-737
122000054,2677,2358,319
122000055,2262,3496,-1234
122000056,5390,3650,1740
122000057,3539,3833,-294
122000058,2366,1524,842
122000059,3039,1864,1175
122000060,836,686,150
122000061,605,528,77
122000062,1050,454,596
122000063,1483,816,667
122000064,3339,2834,505
122000065,4170,2615,1555
122000066,1268,1064,204
122000067,1549,1293,256
122000068,1444,1147,297
122000069,749,750,-1
122000070,984,1621,-637
122000071,1755,1382,373
122000072,379,490,-111
122000073,423,749,-326
122000074,3062,1829,1233
122000075,895,1165,-270
122000076,2577,1269,1308
122000077,1142,911,231
122000078,2198,2808,-610
122000079,1250,1470,-220
122000080,768,478,290
122000081,197,307,-110
122000082,808,943,-135
122000083,1809,1836,-27
122000084,1634,937,697
122000085,289,1144,-855
122000086,2359,5404,-3045
122000087,452,302,150
122000088,435,609,-174
122000089,5369,2413,2956
122000090,320,477,-157
122000091,232,83,149
122000092,216,32,184
122000093,1978,2246,-268
122000094,6077,3021,3056
122000095,3368,4455,-1087
122000096,2590,2009,581
122000098,4148,2900,1248
122000099,1924,775,1149
122000100,1184,714,470
122000101,410,603,-193
122000102,2168,1441,727
122000103,2099,2019,80
122000104,472,254,218
122000105,572,335,237
122000106,596,791,-195
122000107,1055,582,473
122000108,486,818,-332
122000109,503,339,164
122000110,593,599,-6
122000111,3025,1405,1620
122000112,1101,1380,-279
122000113,705,720,-15
122000114,3119,1616,1503
122000115,2004,1381,623
122000116,602,588,14
122000117,1544,456,1088
122000118,691,920,-229
122000119,3309,2526,783
122000120,1795,3951,-2156
122000121,1784,2900,-1116
122000122,802,1764,-962
122000123,1773,1859,-86
122000124,1245,610,635
122000125,746,913,-167
122000126,649,1280,-631
122000127,1132,1199,-67
122000128,470,805,-335
122000129,649,1243,-594
122000130,3376,1276,2100
122000131,1229,1081,148
122000132,543,616,-73
122000133,1032,1724,-692
122000134,1037,928,109
122000135,828,836,-8
122000136,894,597,297
122000137,2131,1134,997
122000139,1446,3575,-2129
122000140,934,727,207
122000141,4505,1226,3279
122000142,423,948,-525
122000143,462,513,-51
122000144,1352,1291,61
122000145,1386,892,494
122000146,879,1529,-650
122000147,654,510,144
122000148,2099,2425,-326
122000149,2086,1778,308
122000150,1189,1107,82
122000151,215,382,-167
122000152,386,447,-61
122000153,389,351,38
122000154,268,252,16
122000155,1618,2281,-663
122000156,2867,2993,-126
122000157,1594,2639,-1045
122000158,382,796,-414
122000159,767,1878,-1111
122000160,3351,2095,1256
122000161,1041,1089,-48
122000162,2284,1888,396
122000163,282,88,194
122000164,42,110,-68
122000165,935,659,276
122000166,940,1096,-156
122000167,282,286,-4
122000168,353,615,-262
122000169,477,181,296
122000170,366,272,94
122000171,59,128,-69
122000172,1951,1524,427
122000173,1769,2647,-878
122000174,2290,1041,1249
122000175,1197,317,880
122000176,404,849,-445
122000177,1415,1658,-243
122000178,3135,2515,620
122000179,1858,2573,-715
122000180,1869,1519,350
122000181,1875,3323,-1448
122000182,2173,1790,383
122000183,2179,963,1216
122000184,3381,2495,886
122000185,1672,1758,-86
122000186,544,759,-215
122000187,1807,939,868
122000188,468,226,242
122000189,317,316,1
122000190,1081,1047,34
122000191,1109,911,198
122000192,1026,406,620
122000193,550,919,-369
122000194,599,168,431
122000195,154,618,-464
122000196,1249,733,516
122000197,554,808,-254
122000198,513,1048,-535
122000199,388,387,1
122000200,1068,650,418
122000201,1353,1648,-295
122000202,1577,1686,-109
122000203,2821,1536,1285
122000204,1625,2075,-450
122000205,1433,1568,-135
122000206,2295,919,1376
122000207,1898,1555,343
122000208,2215,1470,745
122000209,2192,448,1744
122000210,1981,1917,64
122000211,1508,1453,55
122000212,850,584,266
122000213,1191,1353,-162
122000214,2328,1888,440
122000215,2315,1792,523
122000217,2127,1679,448
122000218,927,124,803
122000219,1301,1053,248
122000220,477,834,-357
122000221,88,446,-358
122000222,659,167,492
122000223,1443,636,807
122000225,953,317,636
122000226,1748,1868,-120
122000227,328,2174,-1846
122000228,433,445,-12
122000229,50,555,-505
122000230,184,562,-378
122000231,454,830,-376
122000232,712,947,-235
122000233,0,89,-89
122000234,345,88,257
122000235,653,164,489
122000236,1217,104,1113
122000237,140,83,57
122000238,580,363,217
122000239,673,182,491
122000240,1342,767,575
122000241,1073,488,585
122000242,862,160,702
122000243,31,28,3
122000244,17,261,-244
122000245,22,52,-30
122000246,46,82,-36
122000247,515,234,281
122000248,965,1583,-618
122000249,770,822,-52
122000250,2278,1035,1243
122000251,269,464,-195
122000252,469,167,302
122000253,112,264,-152
122000254,314,112,202
122000255,788,1612,-824
122000256,429,950,-521
122000257,201,320,-119
122000258,333,278,55
122000259,20,458,-438
122000260,5,75,-70
122000261,12,227,-215
122000262,1,48,-47
122000263,488,149,339
122000264,1538,350,1188
122000265,2375,931,1444
122000266,4704,712,3992
122000267,351,148,203
122000268,157,317,-160
122000269,828,339,489
122000270,610,198,412
122000271,289,1074,-785
122000272,355,898,-543
122000273,428,423,5
122000274,285,183,102
122000275,270,213,57
122000276,737,577,160
122000277,1338,1718,-380
122000278,1603,738,865
122000279,319,420,-101
122000280,907,635,272
122000281,1058,878,180
122000282,257,635,-378
122000283,318,198,120
122000284,343,76,267
122000285,384,119,265
122000286,73,198,-125
122000287,1242,1678,-436
122000288,425,322,103
122000291,1938,830,1108
122000293,233,277,-44
122000294,156,235,-79
122000295,1428,192,1236
122000296,48,462,-414
122000297,2456,2943,-487
122000299,537,435,102
122000300,605,625,-20
122000301,9095,3173,5922
122000302,581,1364,-783
122000303,3058,1360,1698
122000304,87,257,-170
122000305,1167,285,882
122000306,51,557,-506
122000307,117,112,5
122000309,78,46,32
122000310,28,110,-82
122000311,243,132,111
122000312,176,171,5
122000313,126,90,36
122000314,141,256,-115
122000315,260,59,201
122000316,1010,228,782
122000317,1749,327,1422
122000318,370,824,-454
122000319,188,350,-162
122000320,291,1300,-1009
122000321,98,147,-49
122000322,2505,1990,515
122000323,1666,2394,-728
122000324,1236,1181,55
122000325,1134,1710,-576
122000326,85,91,-6
122000327,424,728,-304
122000328,817,616,201
122000330,2202,1019,1183
122000332,247,419,-172
122000333,14,107,-93
122000337,1059,1380,-321
122000338,439,449,-10
122000340,433,660,-227
122000342,1540,1044,496
122000343,402,682,-280
122000344,78,18,60
122000345,57,35,22
122000346,463,479,-16
122000348,886,759,127
122000349,143,722,-579
122000351,127,229,-102
122000352,351,209,142
122000353,90,94,-4
122000355,151,396,-245
122000356,1315,1406,-91
122000357,80,32,48
122000358,0,64,-64
122000359,0,41,-41
122000360,0,36,-36
122000362,16,99,-83
122000364,223,398,-175
122000365,3,44,-41
122000366,12,12,0
122000368,489,845,-356
122000370,48,46,2
122000371,31,0,31
122000372,14,2,12
122000381,120,387,-267
122000382,67,219,-152
122000384,3126,1309,1817
122000385,89,0,89
122000386,328,1301,-973
122000387,556,753,-197
122000388,1433,671,762
122000389,199,646,-447
122000390,424,280,144
122000391,376,482,-106
122000392,164,207,-43
122000393,48,153,-105
122000394,666,224,442
122000395,107,138,-31
122000396,264,116,148
122000397,41,72,-31
122000398,36,83,-47
122000399,132,89,43
122000400,176,556,-380
122000401,115,87,28
122000402,377,144,233
122000403,528,688,-160
122000404,223,268,-45
122000408,936,1308,-372
122000503,25,147,-122
122000524,167,191,-24
122000544,107,2006,-1899
122000616,371,7,364
122000640,92,97,-5
122000641,114,266,-152
122000642,1105,929,176
122000643,87,252,-165
122000644,283,79,204
122000645,119,203,-84
122000651,1573,1036,537
122000664,140,52,88
122000665,1294,564,730
122000666,784,1048,-264
122000673,22,247,-225
122000674,193,51,142
122000675,1743,635,1108
122000686,497,1030,-533
122000687,1284,286,998
122000688,523,529,-6
122000689,882,406,476
122000690,2033,519,1514
122000691,1013,1521,-508
122000692,1380,443,937
122000693,378,1754,-1376
122000695,327,330,-3
122000696,402,272,130
122000698,371,406,-35
122000699,211,102,109
122000701,1310,316,994
122000702,473,1000,-527
122000703,246,76,170
122000717,43,55,-12
122000718,184,716,-532
122000719,101,98,3
122000720,399,185,214
122900001,43,7,36
122900002,1226,4857,-3631
122900003,315,35,280
122900004,1667,82,1585
122900005,151,106,45
122900006,766,843,-77
122900007,114,104,10
122900008,552,187,365
122900009,952,422,530
122900010,397,165,232
122900012,237,531,-294
122900013,0,0,0
122900014,155,234,-79
122900015,2064,1186,878
122900016,148,253,-105
122900017,413,1031,-618
122900018,269,23,246
122900019,13,103,-90
122900020,188,614,-426
122900021,76,517,-441
122900022,934,953,-19
122900023,451,267,184
122900024,187,129,58
122900025,16,452,-436
122900026,91,273,-182
122900027,78,594,-516
122900028,130,176,-46
122900029,4802,3296,1506
122900030,1113,704,409
122900031,76,305,-229
122900032,141,404,-263
122900033,228,157,71
122900034,4831,5220,-389
122900035,65,26,39
122900036,91,152,-61
122900037,404,140,264
122900038,134,2754,-2620
122900039,112,475,-363
122900040,294,599,-305
122900041,343,409,-66
122900042,184,340,-156
122900043,385,287,98
122900044,179,399,-220
122900045,123,136,-13
122900046,185,353,-168
122900047,144,206,-62
122900048,97,197,-100
122900049,1317,168,1149
122900051,104,157,-53
122900052,103,167,-64
122900053,31,32,-1
122900055,347,97,250
122900057,253,62,191
122900061,469,178,291
122900062,598,558,40
122900063,143,238,-95
122900064,907,631,276
122900065,677,280,397
122900066,764,451,313
122900067,1238,746,492
122900068,108,362,-254
122900069,298,1227,-929
122900070,393,44,349
122900071,105,314,-209
122900072,12,424,-412
122900073,39,228,-189
122900074,808,595,213
122900075,1,60,-59
122900076,6,167,-161
122900077,0,127,-127
122900078,267,68,199
122900080,58,28,30
122900081,213,250,-37
122900082,877,467,410
122900083,152,213,-61
122900084,12,244,-232
122900086,20,123,-103
122900087,326,366,-40
122900088,42,243,-201
122900089,70,345,-275
122900090,11,390,-379
122900091,221,0,221
122900092,0,189,-189
122900093,1,225,-224
122900094,2,151,-149
122900095,144,5,139
122900096,337,158,179
122900097,35,39,-4
122900098,65,112,-47
122900099,81,12,69
122900100,233,372,-139
122900101,484,235,249
122900102,18,34,-16
122900103,83,8,75
122900104,179,14,165
122900105,15,15,0
122900106,8,73,-65
122900107,4,198,-194
122900108,7,143,-136
123000001,1594,534,1060
123000002,4014,5869,-1855
123000003,4406,5439,-1033
123000004,4228,4678,-450
123000005,2801,3482,-681
123000006,2545,2602,-57
123000007,4079,2707,1372
123000008,2879,3112,-233
123000009,4833,2919,1914
123000010,3437,3682,-245
123000011,2718,828,1890
123000012,745,2336,-1591
123000013,3797,898,2899
123000014,836,3538,-2702
123000015,4255,1321,2934
123000016,4643,4798,-155
123000017,3288,1658,1630
123000018,64,110,-46
123000019,274,132,142
123000020,218,82,136
123000021,101,180,-79
123000022,402,1494,-1092
123000023,1703,1655,48
123000024,1592,670,922
123000025,133,141,-8
123000026,16,81,-65
123000027,180,643,-463
123000028,1674,697,977
123000029,810,1545,-735
123000030,269,286,-17
123000031,334,274,60
123000032,474,160,314
123000033,215,64,151
123000034,1109,890,219
123000035,447,404,43
123000036,297,935,-638
123000037,256,450,-194
123000038,111,225,-114
123000039,485,1653,-1168
123000040,807,446,361
123000041,1187,1180,7
123000042,834,677,157
123000043,3446,9538,-6092
123000044,5299,2984,2315
123000045,8757,3466,5291
123000046,922,1701,-779
123000047,2656,1176,1480
123000048,126,878,-752
123000049,7617,10756,-3139
123000050,1607,1752,-145
123000051,93,179,-86
123000052,822,3659,-2837
123000053,2650,3336,-686
123000054,1380,2037,-657
123000055,1642,2889,-1247
123000056,1076,1988,-912
123000057,12899,8139,4760
123000058,769,1085,-316
123000059,466,593,-127
123000060,779,384,395
123000061,236,740,-504
123000063,815,1027,-212
123000064,1088,296,792
123000065,5173,3141,2032
123000066,739,574,165
123000067,782,554,228
123000068,2763,2884,-121
123000069,6870,3456,3414
123000070,238,658,-420
123000071,1244,980,264
123000072,1201,964,237
123000073,1291,842,449
123000074,1130,1145,-15
123000075,415,1218,-803
123000076,908,731,177
123000077,1818,2415,-597
123000078,1731,1629,102
123000079,1551,1826,-275
123000080,2324,1748,576
123000081,249,368,-119
123000082,443,1062,-619
123000083,952,269,683
123000084,683,500,183
123000085,323,77,246
123000086,495,160,335
123000087,394,289,105
123000088,1384,822,562
123000089,641,1067,-426
123000090,1104,878,226
123000091,1589,1373,216
123000092,920,1167,-247
123000094,645,322,323
123000095,640,615,25
123000096,609,388,221
123000097,459,624,-165
123000098,699,528,171
123000099,621,691,-70
123000100,534,769,-235
123000101,631,778,-147
123000102,537,649,-112
123000104,523,442,81
123000105,700,469,231
123000106,492,430,62
123000107,449,513,-64
123000108,896,1108,-212
123000111,848,380,468
123000112,1201,567,634
123000113,567,1336,-769
123000114,425,563,-138
123000115,352,246,106
123000116,45,96,-51
123000117,1686,1865,-179
123000118,476,821,-345
123000119,250,809,-559
123000120,326,835,-509
123000121,548,541,7
123000122,391,292,99
123000123,385,576,-191
123000124,558,467,91
123000125,1150,1323,-173
123000126,1443,4939,-3496
123000127,884,715,169
123000128,321,315,6
123000129,752,196,556
123000130,604,91,513
123000131,931,666,265
123000132,362,670,-308
123000133,208,396,-188
123000134,371,170,201
123000135,2372,1253,1119
123000136,244,841,-597
123000137,119,328,-209
123000138,80,413,-333
123000139,581,102,479
123000140,140,824,-684
123000141,852,187,665
123000142,1125,1122,3
123000143,1113,1913,-800
123000144,63,36,27
123000145,219,244,-25
123000146,77,92,-15
123000147,114,105,9
123000149,320,421,-101
123000150,151,250,-99
123000151,343,511,-168
123000152,157,463,-306
123000153,274,774,-500
123000154,1757,2045,-288
123000155,2468,1408,1060
123000156,43,91,-48
123000157,508,898,-390
123000158,640,737,-97
123000159,3536,2619,917
123000160,1070,804,266
123000161,1861,1307,554
123000162,954,1560,-606
123000163,681,150,531
123000164,1654,315,1339
123000165,492,1492,-1000
123000166,57,157,-100
123000167,148,300,-152
123000168,246,266,-20
123000169,754,138,616
123000170,90,169,-79
123000171,812,32,780
123000172,187,553,-366
123000173,695,320,375
123000174,1203,441,762
123000175,708,1379,-671
123000176,1181,343,838
123000177,330,1093,-763
123000178,816,190,626
123000179,59,607,-548
123000180,1688,331,1357
123000181,239,1149,-910
123000182,172,450,-278
123000183,141,483,-342
123000184,167,546,-379
123000185,758,363,395
123000186,3,589,-586
123000187,659,8,651
123000188,196,0,196
123000189,218,146,72
123000190,66,77,-11
123000192,33,407,-374
123000193,77,830,-753
123000194,351,321,30
123000195,393,49,344
123000196,340,32,308
123000197,59,162,-103
123000198,43,550,-507
123000199,25,699,-674
123000200,615,9,606
123000201,1126,21,1105
123000202,21,980,-959
123000203,1178,81,1097
123000204,96,904,-808
123000205,647,1403,-756
123000206,2332,229,2103
123000207,103,706,-603
123000208,587,232,355
123000209,2387,740,1647
123000210,482,1785,-1303
123000211,601,2530,-1929
123000212,3188,621,2567
123000213,744,88,656
123000215,88,306,-218
123000216,288,1440,-1152
123000217,240,40,200
123000218,87,857,-770
123000219,837,85,752
123000220,627,95,532
123000221,137,108,29
123000222,439,447,-8
123000223,430,333,97
123000224,409,388,21
123000225,401,45,356
123000226,66,328,-262
123000227,64,351,-287
123000228,273,64,209
123000229,1106,1653,-547
123000232,85,575,-490
123000233,828,156,672
123000234,191,555,-364
123000235,1165,365,800
123000236,351,702,-351
123000237,310,101,209
123000238,90,503,-413
123000239,491,1401,-910
123000240,54,437,-383
123000241,497,83,414
123000242,219,202,17
123000243,702,929,-227
123000244,980,772,208
123000245,47,150,-103
123000249,699,538,161
123000252,936,275,661
123000253,1273,537,736
123000254,719,1073,-354
123000255,1353,1024,329
123000256,36,287,-251
123000257,2727,2028,699
123000258,932,794,138
123000259,352,425,-73
123000260,496,441,55
123000261,286,198,88
123000262,99,135,-36
123000263,430,125,305
123000264,199,83,116
123000265,49,184,-135
123000266,610,794,-184
123000267,736,433,303
123000268,31,60,-29
123000269,67,50,17
123000270,34,56,-22
123000271,77,80,-3
123000272,839,242,597
123000273,266,613,-347
123000274,1219,570,649
123000275,319,842,-523
123000278,2785,2609,176
123000279,77,93,-16
123000280,364,313,51
123000281,359,141,218
123000282,134,290,-156
123000283,101,56,45
123000284,60,65,-5
123000286,216,358,-142
123000287,583,346,237
123000288,1725,851,874
123000289,462,1003,-541
123000291,295,929,-634
123000294,170,320,-150
123000295,973,944,29
123000296,532,386,146
123000297,424,467,-43
123000298,533,359,174
123000299,50,164,-114
123000300,924,879,45
123000301,137,249,-112
123000302,83,151,-68
123000303,128,158,-30
123000305,854,846,8
123000306,179,115,64
123000309,25,70,-45
123000310,38,53,-15
123000311,0,91,-91
123000312,366,737,-371
123000313,620,265,355
123000315,142,309,-167
123000316,1126,78,1048
123000317,184,90,94
123000318,63,204,-141
123000329,20,12,8
123000337,992,449,543
123000338,424,63,361
123000339,259,180,79
123000340,105,337,-232
123000342,24,25,-1
123000343,53,14,39
123000344,1304,522,782
123000345,384,657,-273
123000346,345,40,305
123000352,1402,893,509
123000353,31,96,-65
123000354,227,2,225
123000355,0,311,-311
123000356,492,27,465
123000357,4,143,-139
123000359,0,178,-178
123000360,249,97,152
123000361,286,276,10
123000362,440,96,344
123000363,89,184,-95
123000364,536,506,30
123000365,20,392,-372
123000366,428,1981,-1553
123000367,336,1179,-843
123000370,42,230,-188
123000371,725,41,684
123000372,461,15,446
123000373,4,351,-347
123000374,17,166,-149
123000375,357,46,311
123000376,945,604,341
123000377,474,17,457
123000378,19,250,-231
123000379,9,241,-232
123000380,61,439,-378
123000381,168,95,73
123000382,1247,131,1116
123000383,195,1186,-991
123000384,509,93,416
123000385,139,461,-322
123000436,50,1013,-963
123000507,124,248,-124
123000508,138,1061,-923
123000517,377,45,332
123000518,44,259,-215
123000519,269,63,206
123000520,90,282,-192
123000521,495,80,415
123000522,137,659,-522
123000541,10,3,7
123000542,0,15,-15
123000565,655,54,601
123000566,224,419,-195
123000567,68,188,-120
123000573,35,815,-780
123000574,886,58,828
123000575,1377,1084,293
123000576,1063,1407,-344
123000577,71,612,-541
123000578,537,77,460
123000579,2795,5782,-2987
123000580,202,28,174
123000582,419,47,372
123000583,21,376,-355
123000584,134,299,-165
123000585,0,85,-85
123000586,82,0,82
123000596,93,103,-10
123000597,52,162,-110
123000602,40,17,23
123000603,685,420,265
123000604,446,699,-253
123000605,830,183,647
123000606,0,289,-289
123000609,17,340,-323
123000610,233,119,114
123000613,22,194,-172
123000614,253,68,185
123000615,34,119,-85
123000616,749,69,680
123000617,147,449,-302
123000618,67,712,-645
123000619,490,38,452
123000620,20,507,-487
123000622,459,30,429
123000624,157,30,127
123000630,952,353,599
123000631,303,932,-629
123000632,768,801,-33
123000633,0,197,-197
123000634,57,139,-82
123000635,87,85,2
123000636,24,522,-498
123000637,171,95,76
123000638,412,23,389
123000639,1113,3790,-2677
123000640,44,610,-566
123900001,1228,48,1180
123900002,19,1211,-1192
123900003,280,462,-182
123900005,239,182,57
123900006,249,30,219
124000001,2006,179,1827
124000002,92,1706,-1614
124000003,907,154,753
124000004,104,532,-428
124000005,1031,417,614
124000006,232,955,-723
124000007,465,94,371
124000008,6,466,-460
124000009,437,227,210
124000010,186,341,-155
124000011,867,319,548
124000012,278,520,-242
124000017,137,104,33
124000018,130,64,66
124000019,126,111,15
124000020,52,161,-109
124000021,111,74,37
124000022,96,201,-105
124000023,1406,1757,-351
124000024,1053,518,535
124000025,1231,1822,-591
124000026,1022,1020,2
124000027,5159,5232,-73
124000028,2240,4660,-2420
124000030,2805,1381,1424
124000031,1222,2738,-1516
124000032,2191,836,1355
124000033,199,159,40
124000034,932,559,373
124000035,42,237,-195
124000036,63,146,-83
124000037,657,1220,-563
124000038,70,100,-30
124000039,1055,509,546
124000040,567,1238,-671
124000041,465,77,388
124000042,84,462,-378
124000043,94,103,-9
124000044,45,191,-146
124000045,955,515,440
124000046,387,641,-254
124000047,1697,803,894
124000048,899,1391,-492
124000049,1704,617,1087
124000050,810,1713,-903
124000051,972,551,421
124000052,686,936,-250
124000053,568,1453,-885
124000054,953,577,376
124000055,1498,2677,-1179
124000056,2482,1398,1084
124000057,835,642,193
124000058,435,1102,-667
124000059,646,1237,-591
124000060,1113,665,448
124000061,1357,4786,-3429
124000062,3833,1817,2016
124000063,1211,1730,-519
124000064,2152,1395,757
124000065,18,342,-324
124000066,62,55,7
124000067,211,204,7
124000068,19,9,10
124000069,133,6,127
124000070,41,89,-48
124000071,384,90,294
124000072,229,419,-190
124000073,885,148,737
124000074,231,678,-447
124000075,343,21,322
124000076,5,181,-176
124000077,1443,1210,233
124000078,2766,1070,1696
124000079,370,1673,-1303
124000080,472,168,304
124000081,240,545,-305
124000082,97,131,-34
124000083,78,84,-6
124000084,49,353,-304
124000085,109,32,77
124000086,158,127,31
124000087,196,80,116
124000088,267,410,-143
124000089,840,357,483
124000090,89,309,-220
124000091,382,89,293
124000092,98,347,-249
124000093,88,100,-12
124000094,195,480,-285
124000095,125,66,59
124000096,129,293,-164
124000097,99,97,2
124000098,38,92,-54
124000099,288,92,196
124000100,54,74,-20
124000101,111,113,-2
124000102,103,60,43
124000103,101,92,9
124000104,85,49,36
124000105,109,71,38
124000106,141,52,89
124000107,16,165,-149
124000108,43,32,11
124000109,130,75,55
124000110,147,101,46
124000111,227,145,82
124000112,682,683,-1
124000113,94,90,4
124000114,305,466,-161
124000115,405,674,-269
124000116,88,138,-50
124000117,47,75,-28
124000118,44,87,-43
124000119,797,590,207
124000120,567,460,107
124000121,1361,643,718
124000122,554,1182,-628
124000123,1139,487,652
124000124,418,1134,-716
124000125,435,444,-9
124000126,317,550,-233
124000127,1100,343,757
124000128,568,987,-419
124000129,2528,1718,810
124000130,814,717,97
124000131,1063,666,397
124000132,825,887,-62
124000133,882,910,-28
124000134,982,683,299
124000135,2009,1868,141
124000136,1176,1053,123
124000137,1390,936,454
124000138,2099,1445,654
124000139,509,29,480
124000140,25,423,-398
124000141,91,13,78
124000142,3,174,-171
124000143,41,13,28
124000144,8,62,-54
124000145,139,44,95
124000146,24,97,-73
124000148,41,85,-44
124000149,1156,466,690
124000150,378,640,-262
124000151,787,319,468
124000152,681,1035,-354
124000153,906,698,208
124000154,550,616,-66
124000155,1417,961,456
124000156,1441,970,471
124000169,266,413,-147
124000170,550,532,18
124000171,339,258,81
124000172,350,549,-199
124000173,434,194,240
124000174,345,571,-226
124000175,12,130,-118
124000176,60,21,39
124000177,10,38,-28
124000178,73,61,12
124000190,50,34,16
124000191,57,85,-28
124000192,1560,344,1216
124000193,388,986,-598
124000194,374,485,-111
124000195,285,543,-258
124000196,957,994,-37
124000197,81,55,26
124000198,44,50,-6
124000201,267,834,-567
124000202,563,486,77
124000203,399,488,-89
124000204,809,316,493
124000205,124,415,-291
124000206,729,319,410
124000207,1,57,-56
124000209,188,376,-188
124000210,583,191,392
124000211,748,8,740
124000212,1,362,-361
124000213,426,304,122
124000214,353,561,-208
124000215,320,40,280
124000216,4,410,-406
124000329,158,1369,-1211
124000338,433,600,-167
124000339,1000,115,885
124000341,1354,111,1243
124000344,12,4,8
124000357,1159,1775,-616
124000358,956,1196,-240
124000359,1432,685,747
124000360,1025,568,457
124000361,1666,682,984
124000362,1305,1634,-329
124000363,330,426,-96
124000364,585,1051,-466
124000365,652,1236,-584
124000366,1477,1063,414
124000367,104,492,-388
124000368,436,374,62
124000369,177,135,42
124000370,127,613,-486
124000402,24,16,8
124000403,147,17,130
124000404,16,67,-51
124000405,1281,830,451
124000406,843,913,-70
124000407,0,30,-30
124000411,10,310,-300
124000412,360,10,350
124000413,136,37,99
124000414,51,94,-43
124000415,51,99,-48
124000416,147,191,-44
124000417,157,111,46
124000418,167,82,85
124000419,105,110,-5
124000420,72,43,29
124000421,65,147,-82
124000422,39,17,22
124000423,178,36,142
124000424,3,85,-82
124000425,46,11,35
124000426,8,38,-30
124000427,36,5,31
124000428,8,58,-50
124000429,78,55,23
124000430,702,528,174
124000431,332,587,-255
124000432,248,795,-547
124000439,9,3,6
124000442,17,107,-90
124000443,2,7,-5
124000445,108,502,-394
124000446,682,81,601
124900001,439,298,141
124900002,242,332,-90
124900003,1020,550,470
124900004,631,299,332
124900005,256,165,91
124900006,690,262,428
124900008,1237,608,629
124900009,175,355,-180
124900010,238,132,106
124900011,590,182,408
124900012,570,124,446
124900013,498,101,397
124900014,281,41,240
124900015,208,374,-166
124900016,71,100,-29
124900017,711,1394,-683
124900018,57,15,42
124900020,111,70,41
124900021,314,45,269
124900022,49,8,41
124900024,250,11,239
124900026,186,31,155
124900027,99,473,-374
124900028,526,146,380
124900029,11,473,-462
124900030,10,169,-159
124900031,66,323,-257
124900032,256,284,-28
124900033,94,373,-279
124900034,21,135,-114
124900035,140,534,-394
124900036,1,70,-69
124900037,216,330,-114
124900038,336,264,72
124900039,0,109,-109
124900040,224,150,74
124900041,224,781,-557
124900042,205,2,203
124900043,517,799,-282
124900044,80,6,74
124900045,740,1102,-362
124900046,1264,243,1021
124900047,111,194,-83
124900048,173,91,82
124900050,170,180,-10
124900052,75,471,-396
124900053,118,258,-140
124900054,1357,459,898
124900055,2,290,-288
124900057,30,57,-27
124900060,102,202,-100
124900061,75,4,71
124900062,237,11,226
124900066,1,21,-20
124900067,7,112,-105
124900068,242,659,-417
124900070,127,35,92
124900072,134,32,102
124900074,523,167,356
124900075,216,166,50
124900076,29,1092,-1063
124900077,48,76,-28
124900078,66,16,50
124900079,517,252,265
124900080,230,494,-264
124900081,934,248,686
124900082,292,562,-270
124900083,216,473,-257
124900084,1696,152,1544
124900085,885,463,422
124900086,98,1446,-1348
124900087,629,122,507
124900088,716,149,567
124900089,1126,33,1093
124900090,367,258,109
124900091,372,310,62
124900092,282,237,45
124900093,362,236,126
124900094,454,313,141
124900095,115,555,-440
124900096,568,293,275
124900097,358,73,285
124900098,179,341,-162
124900099,731,548,183
124900100,369,51,318
124900101,79,437,-358
124900102,245,15,230
124900103,170,175,-5
124900104,62,130,-68
124900105,93,89,4
124900106,425,69,356
124900107,174,18,156
124900108,159,74,85
124900109,79,112,-33
124900110,288,316,-28
124900111,1,154,-153
124900112,48,619,-571
124900113,106,261,-155
124900114,132,148,-16
124900115,80,47,33
124900116,251,164,87
124900117,241,162,79
124900118,131,147,-16
124900119,329,165,164
124900120,48,307,-259
124900121,112,289,-177
124900122,157,200,-43
124900123,208,81,127
124900124,126,186,-60
129000186,132,29,103
204000001,25,4,21
204000002,33,4,29
204000003,31,7,24
204000004,8,2,6
204000005,531,372,159
204000006,1307,930,377
204000008,959,542,417
204000011,15,51,-36
204000012,60,67,-7
204000013,3,19,-16
204000019,596,485,111
204000020,762,590,172
204000021,1780,868,912
204000022,471,424,47
204000023,489,630,-141
204000031,36,7,29
204000032,347,44,303
204000034,22,231,-209
204000035,1,6,-5
204000036,6,32,-26
204000037,0,17,-17
204000038,0,7,-7
204000039,3,27,-24
204000040,2,11,-9
204000041,8,20,-12
204000042,47,10,37
204000043,37,18,19
204000044,25,5,20
204000045,40,2,38
204000046,13,2,11
204000057,6,14,-8
204000062,4,15,-11
204000068,20,218,-198
204000069,16,231,-215
204000070,60,57,3
204000080,39,39,0
204000085,1860,1621,239
204000086,1872,1742,130
204000087,30,10,20
204000088,6,102,-96
204000090,23,290,-267
204000093,409,47,362
204000096,851,848,3
204000097,487,7,480
204000099,1241,1209,32
204000100,1552,1626,-74
204000105,2014,1191,823
204000110,688,1236,-548
204000111,546,705,-159
204000112,1602,1274,328
204000113,613,894,-281
204000114,1173,857,316
204000115,689,292,397
204000116,3189,773,2416
204000119,1805,2350,-545
204000132,511,275,236
204000133,700,198,502
204000134,370,100,270
204000135,642,73,569
204000136,642,189,453
204000138,422,559,-137
204000140,172,125,47
204000141,172,44,128
204000144,9,29,-20
204000145,501,28,473
204000146,18,360,-342
204000147,30,142,-112
204000148,206,26,180
204000154,11,2,9
204000155,5,7,-2
204000177,85,40,45
204000179,23,6,17
204000180,0,23,-23
204000222,3,13,-10
204000235,9,23,-14
204000236,69,217,-148
204000238,23,21,2
204000240,338,59,279
204000263,383,814,-431
204000308,165,16,149
204000317,6,74,-68
204000322,5,47,-42
204000323,14,9,5
204000328,227,51,176
204000329,43,159,-116
204000330,159,28,131
204000331,29,84,-55
204010341,8,149,-141
205000001,695,1574,-879
205000013,2,73,-71
205000014,9,92,-83
205000015,24,143,-119
205000016,25,158,-133
205000017,11,96,-85
205000022,223,693,-470
205000025,964,979,-15
205000029,183,10,173
205000045,110,445,-335
205000047,92,419,-327
205000048,226,755,-529
205000049,191,686,-495
205000050,502,265,237
205000059,0,164,-164
205000060,0,86,-86
205000061,7,90,-83
205000062,3,80,-77
205000063,11,132,-121
205000064,20,76,-56
205000065,35,430,-395
205000066,88,530,-442
205000067,21,700,-679
205000069,176,19,157
205000082,163,124,39
205000110,45,227,-182
205000111,207,214,-7
205000112,164,171,-7
205000113,157,343,-186
205000121,282,36,246
205000123,34,204,-170
205000126,386,68,318
205000127,617,107,510
205000128,348,30,318
205000129,496,44,452
205000130,187,10,177
205000131,83,3,80
205000132,175,3,172
205000133,83,0,83
205000134,211,0,211
205000137,81,136,-55
205000138,196,275,-79
205000139,20,120,-100
205000144,64,93,-29
205000145,407,136,271
205000151,184,30,154
205000152,292,17,275
205000153,228,23,205
205000154,100,25,75
205000155,79,11,68
205000207,9,179,-170
205000233,12,0,12
205000234,0,0,0
205000243,0,0,0
205000244,0,2,-2
205000245,6,150,-144
205000249,1,24,-23
205000250,9,0,9
205000251,117,418,-301
205000264,7,76,-69
206000027,7,7,0
206000028,8,3,5
206000043,8,72,-64
206000053,2,6,-4
206000054,4,21,-17
206000055,0,19,-19
206000075,8,19,-11
206000076,12,7,5
206000077,21,6,15
206000078,11,8,3
206000079,18,4,14
206000082,337,66,271
206000100,27,579,-552
206000103,5,10,-5
206000104,8,20,-12
206000105,2,13,-11
206000106,8,14,-6
206000108,690,35,655
206000125,38,0,38
206000157,49,590,-541
206000170,0,142,-142
206000171,3,150,-147
206000172,12,402,-390
206000173,1,195,-194
206000174,8,51,-43
206000175,5,99,-94
206000176,20,167,-147
206000177,1,123,-122
206000178,1,164,-163
206000179,4,126,-122
206000180,11,153,-142
206000181,7,130,-123
206000182,13,110,-97
206000183,6,524,-518
206000184,3,340,-337
206000185,1,168,-167
206000186,111,811,-700
206000223,5,206,-201
206000226,26,3,23
206000227,31,4,27
206000237,25,342,-317
206000238,39,456,-417
206000239,205,1671,-1466
206000240,2,69,-67
206000241,0,77,-77
206000242,4,199,-195
206000243,4,116,-112
206000244,46,479,-433
206000245,725,62,663
206000246,167,8,159
206000247,197,3,194
206000248,355,11,344
206000252,56,31,25
206000258,31,45,-14
206000315,25,5,20
206000317,528,123,405
206000318,433,48,385
206000319,1324,57,1267
206000320,196,33,163
206000321,222,6,216
206000322,445,17,428
206000323,171,4,167
206000324,202,3,199
206000325,198,11,187
206000326,173,8,165
206000327,169,14,155
206000328,170,7,163
206000329,259,7,252
206000330,64,5,59
206000331,164,6,158
206000332,49,3,46
206000333,532,2,530
206000334,222,2,220
206000335,0,9,-9
206000361,2,166,-164
206000392,2,16,-14
206000405,130,1,129
206000441,20,19,1
206000498,35,2,33
206000515,100,30,70
206000530,231,35,196
206000531,189,204,-15
206000532,1763,240,1523
206000535,228,1688,-1460
206000536,19,172,-153
206000537,35,144,-109
206000613,1670,193,1477
207000001,149,522,-373
207000002,128,301,-173
207000003,124,192,-68
207000007,861,209,652
207000008,104,10,94
207000009,51,35,16
207000010,290,338,-48
207000012,337,185,152
207000015,186,1078,-892
207000019,269,88,181
207000021,480,124,356
207000022,160,101,59
207000023,206,40,166
207000024,5,10,-5
207000025,28,39,-11
207000026,92,45,47
207000027,14,92,-78
207000028,77,181,-104
207000029,208,317,-109
207000033,227,412,-185
207000034,288,68,220
207000039,391,98,293
207000040,335,55,280
207000041,121,36,85
207000042,248,57,191
207000043,219,139,80
207000051,89,219,-130
207000052,20,109,-89
207000053,429,470,-41
207000054,29,91,-62
207000055,175,97,78
207000056,335,273,62
207000057,153,232,-79
207000058,124,237,-113
207000059,73,373,-300
207000060,67,110,-43
207000061,189,420,-231
207000062,208,23,185
207000063,253,83,170
207000064,407,164,243
207000065,340,236,104
207000066,169,155,14
207000067,69,60,9
207000068,75,71,4
207000069,601,306,295
207000082,10,140,-130
207000083,81,216,-135
207000084,239,199,40
207000085,223,11,212
207000086,191,4,187
207000106,27,25,2
207000107,63,10,53
207000108,42,14,28
207000109,44,15,29
207000110,60,82,-22
207000111,90,69,21
207000112,129,516,-387
207000114,27,38,-11
207000115,21,89,-68
207000116,14,327,-313
207000117,4,87,-83
207000118,4,78,-74
207000119,28,73,-45
207000123,137,18,119
207000124,79,24,55
207000125,58,45,13
207000126,79,57,22
207000134,70,121,-51
207000135,24,206,-182
207000148,63,263,-200
207000149,59,37,22
207000152,82,322,-240
207000153,939,1172,-233
207000154,340,141,199
207000159,74,128,-54
207000160,126,364,-238
207000238,0,120,-120
207000242,1,136,-135
207000248,39,45,-6
207000249,122,27,95
207000250,572,57,515
207000251,83,84,-1
207000252,70,56,14
207000278,79,67,12
207000279,33,141,-108
207000280,555,63,492
207000281,121,705,-584
207000282,158,79,79
207000283,102,164,-62
207000284,76,163,-87
207000285,62,72,-10
207000291,15,113,-98
207000304,107,62,45
207000306,48,376,-328
207000310,85,60,25
207000353,250,6,244
207000356,9,82,-73
207000357,27,16,11
207000358,14,22,-8
207000415,3,151,-148
207000417,37,8,29
207000418,1,7,-6
207000437,0,1,-1
207000439,857,688,169
207000446,154,6,148
207000460,22,7,15
207000466,137,146,-9
207000467,119,72,47
207000468,27,200,-173
207000476,6,54,-48
207000477,621,70,551
207000523,0,12,-12
207000524,58,0,58
207000527,165,152,13
207000530,424,19,405
207000531,259,9,250
207000532,81,13,68
207000534,361,42,319
207000535,35,259,-224
207000537,11,88,-77
207000540,5,119,-114
207000541,2,261,-259
207000548,8,236,-228
207000549,261,14,247
207000561,139,196,-57
207000562,24,180,-156
207000567,158,193,-35
207000568,173,57,116
207000569,432,600,-168
207000584,241,200,41
207000585,85,320,-235
207000616,0,110,-110
207000617,120,0,120
207900008,191,100,91
208000001,551,1015,-464
208000002,650,497,153
208000003,1181,373,808
208000004,1340,662,678
208000005,5,20,-15
208000019,546,815,-269
208000020,173,440,-267
208000021,277,351,-74
208000022,966,489,477
208000028,1633,1083,550
208000033,631,486,145
208000034,1214,1197,17
208000040,256,155,101
208000041,1045,540,505
208000042,1298,632,666
208000047,131,191,-60
208000064,2398,1426,972
208000066,1875,2540,-665
208000070,331,287,44
208000071,391,649,-258
208000072,352,1049,-697
208000080,318,362,-44
208000081,317,133,184
208000082,255,265,-10
208000083,111,335,-224
208000084,17,21,-4
208000085,898,595,303
208000086,522,981,-459
208000087,360,696,-336
208000089,876,312,564
208000090,858,529,329
208000093,104,135,-31
208000094,455,315,140
208000095,692,438,254
208000104,909,814,95
208000105,600,912,-312
208000114,101,374,-273
208000115,506,339,167
208000116,600,1073,-473
208000117,72,133,-61
208000118,74,120,-46
208000155,745,1025,-280
208000158,1293,3357,-2064
208000186,3555,4089,-534
208000204,568,920,-352
208000205,973,880,93
208000282,5341,3044,2297
209000004,363,137,226
209000005,38,28,10
209000006,410,162,248
209000007,200,378,-178
209000010,342,118,224
209000011,178,248,-70
209000012,348,128,220
209000013,289,318,-29
209000014,404,830,-426
209000025,259,29,230
209000026,634,85,549
209000027,368,656,-288
209000028,387,645,-258
209000029,506,624,-118
209000030,389,1162,-773
209000031,1993,1855,138
209000034,216,173,43
209000035,138,161,-23
209000036,189,94,95
209000037,248,166,82
209000038,90,151,-61
209000039,46,132,-86
209000040,280,461,-181
209000041,160,415,-255
209000042,228,367,-139
209000043,628,741,-113
209000044,186,775,-589
209000045,1275,431,844
209000046,474,402,72
209000047,436,176,260
209000048,564,379,185
209000049,93,66,27
209000050,181,104,77
209000051,230,213,17
209000052,153,157,-4
209000062,35,79,-44
209000063,53,65,-12
209000064,34,99,-65
209000065,77,34,43
209000066,76,33,43
209000067,87,53,34
209000080,32,195,-163
209000082,112,41,71
209000091,24,105,-81
209000093,39,25,14
209000094,144,171,-27
209000110,43,126,-83
209000111,491,1252,-761
209000112,835,333,502
209000113,1479,406,1073
209000114,693,403,290
209000115,51,100,-49
209000116,371,371,0
209000118,28,55,-27
209000119,24,13,11
209000121,91,420,-329
209000135,118,178,-60
209000142,632,1456,-824
209000143,50,51,-1
209000144,40,125,-85
209000229,241,142,99
209000240,34,242,-208
209000259,61,69,-8
209000260,48,928,-880
209000261,5,766,-761
209000262,0,491,-491
209000263,2,155,-153
209000264,0,123,-123
209000265,618,6,612
209000266,137,0,137
209000267,1595,8,1587
209000268,689,66,623
210000037,53,20,33
210000047,67,22,45
210000048,109,29,80
210000049,50,18,32
210000052,42,81,-39
210000053,25,37,-12
210000054,38,69,-31
210000070,182,4,178
210000071,117,0,117
210000072,30,1,29
210000073,0,23,-23
210000074,0,65,-65
210000075,3,111,-108
210000076,9,154,-145
210000077,14,43,-29
210000078,45,31,14
210000079,40,47,-7
210000080,91,72,19
210000081,232,27,205
210000082,170,3,167
210000083,82,0,82
210000084,54,0,54
210000085,2,54,-52
210000086,1,94,-93
210000099,44,225,-181
210000100,71,137,-66
210000101,70,125,-55
210000105,41,187,-146
210000159,1,161,-160
210000163,130,192,-62
210000164,208,249,-41
210000168,136,35,101
210000187,0,19,-19
210000188,0,13,-13
210000214,36,0,36
210000219,41,39,2
210000220,79,42,37
210000232,3,19,-16
210000233,47,69,-22
210000234,23,84,-61
210000235,63,61,2
210000245,0,54,-54
210000246,37,3,34
210000258,17,100,-83
210000259,336,82,254
210000282,65,190,-125
210000285,0,100,-100
210000286,17,144,-127
210000290,0,2,-2
210000295,34,91,-57
210000296,31,32,-1
210000320,155,77,78
210000321,145,71,74
210000338,65,70,-5
210000339,299,1020,-721
210000340,113,356,-243
210000341,168,265,-97
210000342,179,184,-5
210000343,194,154,40
210000344,191,87,104
210000345,160,190,-30
210000346,73,123,-50
210000347,110,63,47
210000348,123,24,99
210000349,60,21,39
210000350,125,75,50
210000351,151,95,56
210000352,67,72,-5
210000353,54,88,-34
210000354,69,70,-1
210000355,58,73,-15
210000356,78,48,30
210000357,61,75,-14
210000358,261,158,103
210000359,104,102,2
210000360,173,127,46
210000361,193,150,43
210000362,282,235,47
210000363,718,293,425
210000364,113,128,-15
210000365,131,55,76
210000366,171,39,132
210000367,81,37,44
210000368,153,36,117
210000369,17,19,-2
210000370,53,34,19
210000372,25,24,1
210000373,35,17,18
210000374,63,17,46
210000375,42,71,-29
210000376,64,109,-45
210000404,53,84,-31
210000439,27,47,-20
210000472,102,4,98
210000482,50,101,-51
210000564,289,251,38
210000567,0,4,-4
210000568,308,5,303
211000092,52,43,9
211000094,27,5,22
211000169,142,15,127
211000172,5,199,-194
211000209,2,23,-21
211000226,1,0,1
211000270,2,0,2
211000275,9,15,-6
211000276,91,56,35
211000279,19,28,-9
211000281,93,33,60
211507980,0,40,-40
211977296,69,12,57
212000003,124,29,95
212000004,27,28,-1
212000005,11,20,-9
212000006,17,42,-25
212000008,142,124,18
212000009,31,105,-74
212000012,71,115,-44
212000013,29,51,-22
212000014,225,152,73
212000015,267,208,59
212000016,431,433,-2
212000027,559,500,59
212000028,382,367,15
212000029,221,234,-13
212000030,54,22,32
212000031,87,40,47
212000048,86,188,-102
212000049,23,94,-71
212000050,13,17,-4
212000051,139,178,-39
212000052,198,269,-71
212000053,346,470,-124
212000054,285,107,178
212000055,244,181,63
212000056,28,49,-21
212000057,15,23,-8
212000058,353,91,262
212000070,97,206,-109
212000077,106,446,-340
212000099,292,239,53
212000108,128,114,14
212000111,175,85,90
212000120,117,47,70
212000138,143,39,104
212000156,21,102,-81
212000158,12,16,-4
212000159,427,43,384
212000160,626,260,366
212000161,47,5,42
212000310,43,10,33
212000311,17,61,-44
212000374,35,9,26
213000001,32,382,-350
213000005,479,118,361
213000006,1110,249,861
213000007,159,8,151
213000009,833,396,437
213000010,169,262,-93
213000011,224,99,125
213000012,157,321,-164
213000014,93,5,88
213000015,189,4,185
213000016,434,1,433
213000017,99,0,99
213000018,2,140,-138
213000019,3,155,-152
213000020,115,368,-253
213000021,8,135,-127
213000023,356,156,200
213000033,323,1553,-1230
213000034,844,267,577
213000035,118,218,-100
213000045,159,213,-54
213000046,215,166,49
213000047,625,1186,-561
213000056,97,49,48
213000069,90,2,88
213000073,1,32,-31
213000074,50,317,-267
213000075,518,17,501
213000085,14,45,-31
213000086,8,174,-166
213000091,212,13,199
213000092,88,16,72
213000099,146,1057,-911
213000100,1009,237,772
213000101,354,116,238
213000102,399,244,155
213000103,938,780,158
213000104,46,386,-340
213000105,3,154,-151
213000106,38,89,-51
213000107,114,424,-310
213000108,41,413,-372
213000109,6,227,-221
213000110,18,101,-83
213000111,9,79,-70
213000112,131,127,4
213000115,57,11,46
213000116,46,343,-297
213000117,7,656,-649
213000118,371,277,94
213000119,64,581,-517
213000120,110,490,-380
213000122,120,558,-438
213000123,389,1243,-854
213000124,117,1409,-1292
213000125,173,27,146
213000126,130,169,-39
213000127,121,262,-141
213000128,394,1015,-621
213000129,360,509,-149
213000130,598,245,353
213000132,445,89,356
213000133,490,102,388
213000134,810,24,786
213000136,477,16,461
213000137,618,66,552
213000139,222,15,207
213000147,112,7,105
213000148,26,7,19
213000149,39,5,34
213000150,0,168,-168
213000151,2,131,-129
213000152,11,96,-85
213000153,10,134,-124
213000154,55,356,-301
213000155,63,246,-183
213000156,150,430,-280
213000157,580,441,139
213000158,396,870,-474
213000159,750,528,222
213000163,923,126,797
213000165,949,286,663
213000171,1,83,-82
213000172,3,268,-265
213000173,5,210,-205
213000174,5,160,-155
213000175,17,110,-93
213000176,127,49,78
213000177,121,11,110
213000178,192,12,180
213000179,210,3,207
213000180,181,0,181
213000184,127,499,-372
213000188,390,101,289
213000189,400,49,351
213000190,903,800,103
213000191,294,337,-43
213000192,310,345,-35
213000193,767,291,476
213000194,1,81,-80
213000195,24,360,-336
213000196,290,1212,-922
213000197,467,471,-4
213000198,150,10,140
213000200,99,725,-626
213000201,24,58,-34
213000202,14,434,-420
213000203,3112,680,2432
213000204,579,75,504
213000205,413,120,293
213000206,357,57,300
213000207,166,14,152
213000208,96,2,94
213000209,181,5,176
213000210,444,10,434
213000211,8,26,-18
213000212,12,35,-23
213000213,21,54,-33
213000218,215,534,-319
213000219,520,21,499
213000220,478,17,461
213000223,240,196,44
213000224,88,63,25
213000225,314,19,295
213000226,103,21,82
213000227,837,161,676
213000228,468,89,379
213000229,267,16,251
213000230,343,17,326
213000232,39,711,-672
213000233,11,464,-453
213000234,3,34,-31
213000293,12,70,-58
213000294,132,23,109
213000295,4,73,-69
213000296,64,24,40
213000297,5,97,-92
213000298,31,81,-50
213000299,66,27,39
213000300,21,3,18
213000303,5,25,-20
213000304,1,14,-13
213000305,8,20,-12
213000306,61,70,-9
213000307,171,55,116
213000308,127,184,-57
213000309,169,70,99
213000310,558,196,362
213000311,222,805,-583
213000315,79,121,-42
213000316,184,60,124
213000322,78,98,-20
213000323,138,58,80
213000324,110,92,18
213000325,77,80,-3
213000326,76,62,14
213000327,101,89,12
213000328,71,170,-99
213000329,168,59,109
213000340,153,507,-354
213000341,467,94,373
213000347,722,446,276
213000348,13,110,-97
213000349,32,7,25
213000350,329,894,-565
213000366,65,323,-258
213000367,224,26,198
213000379,125,45,80
213000386,13,315,-302
213000406,92,359,-267
213000417,1064,504,560
213000425,187,49,138
213000426,186,73,113
213000427,52,344,-292
213000428,92,173,-81
213000429,22,5,17
213000430,163,665,-502
213000431,70,1,69
213000432,1,146,-145
213000433,29,165,-136
213000434,77,66,11
213000435,157,55,102
213000436,27,57,-30
213000437,2,23,-21
213000438,190,97,93
213000439,42,9,33
213000440,13,337,-324
213000441,1,2,-1
213000442,9,44,-35
213000443,416,398,18
213000444,44,55,-11
213000445,0,99,-99
213000446,0,217,-217
213000447,5,58,-53
213000448,9,114,-105
213000449,321,7,314
213000450,16,41,-25
213000451,237,131,106
213000452,13,22,-9
213000453,28,247,-219
213000455,663,43,620
213000456,1,261,-260
213000481,1,3,-2
213000484,40,0,40
213000489,272,54,218
213900002,0,98,-98
213900003,197,2,195
213900013,7,192,-185
213900015,0,7,-7
213900016,15,21,-6
213900020,16,100,-84
213900030,5,71,-66
213900032,302,210,92
213900033,120,57,63
213900034,506,77,429
213900035,206,484,-278
213900036,145,189,-44
213900037,30,295,-265
213900038,436,88,348
213900039,1,56,-55
213900041,0,208,-208
213900042,240,286,-46
213900043,287,105,182
213900244,29,0,29
213900245,0,18,-18
218000003,22,26,-4
218000004,35,19,16
218000005,33,33,0
218000006,53,30,23
218000007,27,11,16
218000012,213,130,83
218000013,91,137,-46
218000014,419,353,66
218000019,743,546,197
218000020,244,357,-113
218000021,35,45,-10
218000022,6,22,-16
218000023,7,26,-19
218000024,3,11,-8
218000025,4,15,-11
218000026,8,17,-9
218000027,1,14,-13
218000028,5,5,0
218000029,3,3,0
218000030,18,21,-3
218000031,2,24,-22
218000032,5,26,-21
218000040,11,1,10
218000046,52,96,-44
218000047,2,128,-126
218000048,35,100,-65
218000049,116,128,-12
218000050,375,301,74
218000051,85,263,-178
218000052,3,114,-111
218000053,8,15,-7
218000054,9,54,-45
218000055,11,39,-28
218000056,15,43,-28
218000057,1,31,-30
218000064,4,6,-2
218000065,90,35,55
218000066,8,42,-34
218000067,23,65,-42
218000068,87,87,0
218000069,195,71,124
218000070,221,198,23
218000071,177,157,20
218000072,265,182,83
218000078,739,733,6
218000079,86,90,-4
218000080,126,60,66
218000081,398,224,174
218000082,72,115,-43
218000083,76,57,19
218000084,146,106,40
218000085,164,402,-238
218000086,81,190,-109
218000087,206,186,20
218000090,8,107,-99
218000091,699,442,257
218000092,72,99,-27
218000093,60,48,12
218000094,385,469,-84
218000099,297,608,-311
218000100,235,299,-64
218000101,252,149,103
218000102,380,181,199
218000103,78,147,-69
218000104,90,39,51
218000105,26,27,-1
218000106,19,5,14
218000107,65,56,9
218000108,9,53,-44
218000112,47,37,10
218000117,79,35,44
218000134,514,567,-53
218000135,48,85,-37
218000136,325,116,209
218000137,250,187,63
218000138,57,88,-31
218000139,203,262,-59
218000140,420,188,232
218000141,105,67,38
218000142,216,139,77
218000143,148,315,-167
218000144,88,95,-7
218000145,344,312,32
218000146,105,209,-104
218000151,6,32,-26
218000152,177,76,101
218000153,10,2,8
218000154,30,4,26
218000155,11,3,8
218000156,80,4,76
218000157,42,12,30
218000158,8,8,0
218000159,5,3,2
218000160,4,1,3
218000161,28,9,19
218000162,37,14,23
218000163,18,4,14
218000164,31,2,29
218000165,64,20,44
218000170,13,72,-59
218000171,74,24,50
218000172,13,14,-1
218000173,129,14,115
218000174,41,13,28
218000176,262,41,221
218000177,484,290,194
218000178,113,262,-149
218000179,96,92,4
218000180,81,40,41
218000181,190,59,131
218000187,7,33,-26
218000188,36,53,-17
218000189,30,64,-34
218000190,14,38,-24
218000191,136,49,87
218000192,207,204,3
218000193,424,325,99
218000194,96,311,-215
218000195,124,69,55
218000196,382,310,72
218000197,433,355,78
218000198,33,146,-113
218000199,66,39,27
218000200,143,31,112
218000201,20,13,7
218000202,68,189,-121
218000207,3,29,-26
218000208,38,32,6
218000211,51,38,13
218000212,5,14,-9
218000213,80,119,-39
218000214,8,32,-24
218000215,35,60,-25
218000217,0,76,-76
218000218,214,75,139
218000219,23,18,5
218000220,75,365,-290
218000221,509,135,374
218000222,24,35,-11
218000223,54,462,-408
218000224,12,191,-179
218000225,199,30,169
218000226,132,74,58
218000230,1,3,-2
218000232,37,43,-6
218000239,128,17,111
218000240,29,4,25
218000241,37,0,37
218000242,83,1,82
218000243,76,1,75
218000244,52,4,48
218000245,29,1,28
218000246,0,1,-1
218000247,1,6,-5
218000248,0,16,-16
218000249,0,7,-7
218000250,0,8,-8
218000251,2,16,-14
218000252,2,16,-14
218000253,12,25,-13
218000254,0,17,-17
218000255,0,20,-20
218000256,5,55,-50
218000267,387,724,-337
218000268,9,36,-27
218000269,3,10,-7
218000270,28,20,8
218000271,7,25,-18
218000273,16,1,15
218000274,16,0,16
218000275,14,36,-22
218000276,7,55,-48
218000278,2,22,-20
218000279,30,31,-1
218000280,10,25,-15
218000281,23,8,15
218000282,395,315,80
218000284,75,5,70
218000301,105,140,-35
218000302,157,45,112
218000303,39,30,9
218000316,647,813,-166
218000317,1002,817,185
218000318,663,574,89
218000319,989,849,140
218000320,758,538,220
218000338,78,31,47
218000345,95,67,28
218000346,34,174,-140
218000459,27,251,-224
218000490,19,40,-21
218000501,90,36,54
218000502,46,61,-15
218000503,97,27,70
218000504,182,35,147
218000505,62,113,-51
218000506,31,149,-118
218000508,3,9,-6
218000510,163,20,143
218000520,120,87,33
218000521,5,35,-30
218000522,0,118,-118
218000523,130,4,126
218000524,53,160,-107
218000525,278,38,240
218000526,26,139,-113
218000529,21,122,-101
218000530,17,8,9
218000531,13,25,-12
218000532,37,16,21
218000534,151,8,143
218000537,10,57,-47
218000538,143,273,-130
218000540,555,113,442
218000543,114,38,76
218000544,36,101,-65
218000545,56,74,-18
218000546,61,69,-8
218000547,87,137,-50
218000548,139,155,-16
218000549,492,415,77
218000550,193,288,-95
218000551,126,707,-581
218000552,383,53,330
218000553,14,54,-40
218000554,27,17,10
218000555,17,22,-5
218000556,100,198,-98
218000557,211,94,117
218000558,111,23,88
218000559,0,65,-65
218000560,0,21,-21
218000561,22,1,21
218000562,21,180,-159
218000563,202,28,174
218000564,8,153,-145
218000565,185,18,167
218000566,517,36,481
218000567,3,106,-103
218000568,62,1,61
218000569,7,99,-92
218000570,170,6,164
218000571,14,105,-91
218000572,149,3,146
218000573,21,162,-141
218000574,156,33,123
218000575,115,0,115
218000576,3,89,-86
218000577,129,3,126
218000578,1,85,-84
218000579,130,23,107
218000581,7,48,-41
218000582,67,2,65
218000583,22,0,22
218000584,5,40,-35
218000585,27,10,17
218000586,12,43,-31
218000587,3,1,2
218000588,3,1,2
218000589,0,6,-6
218000590,5,2,3
218000591,16,2,14
218000592,35,1,34
218000593,0,0,0
218000594,3,0,3
218000595,1,0,1
218000596,0,0,0
218000597,0,0,0
218000598,0,3,-3
218000599,0,0,0
218000600,1,2,-1
218000601,0,0,0
218000602,0,13,-13
218000603,0,4,-4
218000604,23,0,23
218000605,0,45,-45
218000606,86,0,86
218000607,11,35,-24
218000608,60,28,32
218000609,9,29,-20
218000610,59,5,54
218000611,27,3,24
218000612,3,26,-23
218000613,43,0,43
218000614,0,49,-49
218000615,198,3,195
218000616,3,91,-88
218000617,26,0,26
218000618,0,12,-12
218000619,31,32,-1
218000620,13,40,-27
218000621,0,2,-2
218000622,0,18,-18
218000623,283,3,280
218000624,7,10,-3
218000625,4,2,2
218000626,1,6,-5
218000628,110,37,73
218000631,28,11,17
218000632,8,89,-81
218000633,110,3,107
218000634,7,10,-3
218000635,11,24,-13
218000636,804,1049,-245
218000637,812,434,378
218000638,157,40,117
218000639,30,188,-158
218000640,285,43,242
218000641,69,385,-316
218000652,44,66,-22
218000653,205,81,124
218000663,3,73,-70
218000675,68,22,46
218000676,1,17,-16
218000677,6,4,2
218000680,99,276,-177
218000681,276,73,203
218000691,99,135,-36
218000693,227,81,146
218000703,10,25,-15
218000718,395,1003,-608
218000719,675,457,218
218000720,20,272,-252
218000721,268,28,240
218000725,13,5,8
218001214,31,102,-71
218001329,60,68,-8
218001330,46,43,3
218001351,15,9,6
218001352,16,15,1
218001353,7,10,-3
218001354,2,13,-11
219000001,49,50,-1
219000002,37,53,-16
219000003,69,38,31
219000004,43,43,0
219000017,78,19,59
219000020,110,32,78
219000022,107,5,102
219000023,48,3,45
219000029,3,77,-74
219000034,42,28,14
219000039,84,138,-54
219000040,65,62,3
219000041,65,15,50
219000051,0,37,-37
219000052,0,22,-22
219000053,1,101,-100
219000054,424,355,69
219000055,173,3,170
219000056,15,1,14
219000057,89,0,89
219000062,9,62,-53
219000063,74,10,64
219000064,0,31,-31
219000110,401,72,329
219000111,82,27,55
219000112,151,36,115
219000113,95,39,56
219000114,176,51,125
219000116,91,45,46
219000117,134,41,93
219000118,172,38,134
219000123,192,66,126
219000124,98,40,58
219000125,21,8,13
219000126,65,102,-37
219000127,0,5,-5
219000128,7,115,-108
219000129,16,108,-92
219000130,332,404,-72
219000131,551,803,-252
219000133,59,43,16
219000134,9,27,-18
219000135,45,62,-17
219000136,87,171,-84
219000138,80,19,61
219000139,33,40,-7
219000140,72,3,69
219000141,24,101,-77
219000142,19,81,-62
219000143,8,91,-83
219000145,21,45,-24
219000146,4,21,-17
219000147,7,29,-22
219000148,1,27,-26
219000149,9,59,-50
219000150,1,58,-57
219000151,1,32,-31
219000157,161,84,77
219000158,186,219,-33
219000161,123,10,113
219000163,1239,427,812
219000166,99,203,-104
219000167,101,147,-46
219000168,206,91,115
219000174,380,138,242
219000175,78,4,74
219000176,75,13,62
219000177,57,4,53
219000178,47,0,47
219000179,30,4,26
219000180,42,47,-5
219000182,132,11,121
219000183,117,17,100
219000184,99,10,89
219000185,0,43,-43
219000186,44,33,11
219000187,16,80,-64
219000189,63,141,-78
219000190,68,176,-108
219000191,748,1418,-670
219000192,199,128,71
219000193,181,134,47
219000195,2,48,-46
219000196,8,72,-64
219000198,14,86,-72
219000199,44,242,-198
219000200,35,131,-96
219000201,64,143,-79
219000203,17,106,-89
219000204,88,262,-174
219000205,31,187,-156
219000207,91,276,-185
219000209,18,50,-32
219000210,45,58,-13
219000213,6,121,-115
219000239,192,253,-61
219000240,218,379,-161
219000241,179,118,61
219000242,66,108,-42
219000243,63,208,-145
219000244,22,68,-46
219000245,45,31,14
219000246,30,21,9
219000247,134,33,101
219000248,487,414,73
219000249,122,85,37
219000250,107,66,41
219000251,465,209,256
219000252,158,182,-24
219000253,457,107,350
219000255,99,110,-11
219000256,150,67,83
219000257,91,3,88
219000262,83,96,-13
219000263,61,125,-64
219000267,5,73,-68
219000268,0,5,-5
219000269,2,0,2
219000270,5,0,5
219000271,125,9,116
219000278,1,4,-3
219000279,24,2,22
219000283,0,10,-10
219000295,10,92,-82
219000296,56,362,-306
219000297,21,102,-81
219000298,11,97,-86
219000299,399,63,336
219000300,33,149,-116
219000301,250,319,-69
219000302,51,237,-186
219000307,37,31,6
219000308,35,29,6
219000311,202,55,147
219000312,588,107,481
219000313,340,63,277
219000314,60,364,-304
219000315,248,29,219
219000316,519,42,477
219000317,95,15,80
219000320,1,44,-43
219000321,2,23,-21
219000323,1,43,-42
219000325,2,14,-12
219000326,44,73,-29
219000327,56,39,17
219000328,28,75,-47
219000329,269,119,150
219000330,57,42,15
219000331,42,48,-6
219000332,90,69,21
219000333,22,3,19
219000335,80,2,78
219000337,22,1,21
219000338,58,0,58
219000344,14,51,-37
219000345,46,88,-42
219000346,39,103,-64
219000348,130,90,40
219000349,40,134,-94
219000350,79,280,-201
219000351,6,12,-6
219000352,414,127,287
219000353,93,51,42
219000354,180,98,82
219000355,114,32,82
219000356,1186,1285,-99
219000363,236,67,169
219000364,97,40,57
219000365,111,20,91
219000366,216,319,-103
219000368,333,510,-177
219000370,1214,474,740
219000371,7,33,-26
219000382,15,34,-19
219000383,494,1140,-646
219000385,420,494,-74
219000386,723,1450,-727
219000387,5,15,-10
219000390,2,1,1
219000391,1,0,1
219000397,79,77,2
219000398,73,40,33
219000401,11,84,-73
219000402,57,96,-39
219000403,170,311,-141
219000404,19,143,-124
219000407,2,32,-30
219000409,68,67,1
219000410,91,41,50
219000411,46,10,36
219000446,118,347,-229
219000447,4,22,-18
219000448,6,4,2
219000452,94,81,13
219000453,48,181,-133
219000454,172,242,-70
219000556,193,63,130
219000558,121,128,-7
219000590,23,175,-152
219000591,60,85,-25
219000592,117,305,-188
219000595,3,13,-10
219000635,208,30,178
219000636,16,64,-48
219000657,38,23,15
219000658,29,159,-130
219000673,0,73,-73
219000676,108,20,88
219000679,44,15,29
219000684,89,1,88
219000685,1,46,-45
219000686,0,6,-6
219000688,0,53,-53
219000689,19,206,-187
219000690,135,14,121
219000691,17,148,-131
219000692,160,22,138
219000693,1,21,-20
219000694,14,1,13
219000695,15,1,14
219000698,20,0,20
219000699,0,25,-25
219000727,3,63,-60
219000728,65,3,62
219000770,24,0,24
219000771,0,31,-31
219001150,3,25,-22
219001151,0,8,-8
219001166,12,21,-9
219001167,1,53,-52
220000001,27,68,-41
220000002,16,82,-66
220000003,339,198,141
220000004,583,500,83
220000005,1317,1648,-331
220000006,113,728,-615
220000007,326,459,-133
220000008,274,684,-410
220000009,233,316,-83
220000010,210,121,89
220000011,522,2794,-2272
220000012,150,295,-145
220000014,127,61,66
220000015,34,143,-109
220000017,75,276,-201
220000018,4390,1544,2846
220000019,71,256,-185
220000020,329,252,77
220000021,701,178,523
220000022,697,391,306
220000023,315,167,148
220000024,1901,340,1561
220000025,1418,1107,311
220000026,210,348,-138
220000027,36,96,-60
220000028,34,50,-16
220000029,50,115,-65
220000030,90,39,51
220000031,412,286,126
220000064,20,1141,-1121
221000046,4,0,4
221000047,0,2,-2
221000048,0,6,-6
221000049,0,5,-5
221000050,21,0,21
221000055,20,34,-14
221000057,48,5,43
221000068,347,125,222
221000069,407,78,329
221000070,190,27,163
221000071,95,8,87
221000072,231,16,215
221000073,141,27,114
221000074,0,20,-20
221000075,11,17,-6
221000076,7,33,-26
221000077,27,88,-61
221000081,24,8,16
221000082,58,15,43
221000083,30,2,28
221000084,13,3,10
221000085,19,43,-24
221000086,7,100,-93
221000087,6,147,-141
221000088,10,126,-116
221000089,21,242,-221
221000090,111,465,-354
221000098,82,12,70
221000099,142,14,128
221000100,69,18,51
221000101,128,19,109
221000102,116,16,100
221000109,3,92,-89
221000110,12,86,-74
221000111,27,157,-130
221000112,7,101,-94
221000113,14,118,-104
221000114,16,133,-117
221000120,44,41,3
221000121,5,35,-30
221000122,49,27,22
221000123,17,8,9
221000124,39,133,-94
221000155,119,9,110
221000156,21,18,3
221000175,0,3,-3
221000176,1,12,-11
221000182,62,7,55
221000241,468,291,177
221000242,162,383,-221
221000243,402,143,259
221000244,229,352,-123
221000245,42,81,-39
221000246,38,201,-163
221000247,72,95,-23
221000248,109,108,1
221000267,41,471,-430
221000325,99,68,31
221000331,4,57,-53
221000338,3,22,-19
221000378,152,28,124
221000381,74,30,44
222000282,25,3,22
222000296,5,30,-25
222000568,342,17,325
222000569,189,36,153
222000570,179,28,151
222000571,284,33,251
222000577,18,119,-101
222000578,42,130,-88
222000579,24,138,-114
222000580,72,763,-691
222000599,1,120,-119
222000600,1,248,-247
222000601,11,943,-932
222000603,21,41,-20
222000604,2,31,-29
222000605,17,20,-3
222000606,6,5,1
222000607,8,15,-7
222000608,21,14,7
222000609,61,106,-45
222000616,261,29,232
222000617,16,32,-16
222000618,9,6,3
222000620,28,4,24
222000621,73,23,50
222000623,471,9,462
222000624,333,1,332
222000625,495,19,476
222000636,61,2,59
222000686,30,30,0
222000687,27,29,-2
222001066,327,2,325
222001067,21,3,18
222001068,60,33,27
222001069,33,25,8
222001082,9,36,-27
222001083,22,56,-34
222001084,0,11,-11
222001085,0,196,-196
222001111,59,103,-44
222001112,80,39,41
222001313,69,9,60
222001314,11,114,-103
222001464,44,34,10
222001465,17,66,-49
222001484,105,46,59
222001485,15,54,-39
222001494,484,108,376
222001495,124,209,-85
222001496,315,111,204
222001497,76,378,-302
222001502,22,75,-53
222001503,65,39,26
222001504,24,251,-227
222001505,289,8,281
222001506,40,298,-258
222001507,262,17,245
222001510,388,34,354
222001511,59,298,-239
222001514,561,153,408
222001515,208,507,-299
222001518,253,43,210
222001519,44,235,-191
222001527,169,58,111
222001528,35,121,-86
222001529,280,44,236
222001530,48,205,-157
222001533,116,285,-169
222001534,315,48,267
222001535,209,217,-8
222001536,82,155,-73
222001537,233,39,194
222001538,61,439,-378
222001563,603,81,522
222001564,110,423,-313
222001568,330,105,225
222001576,2,6,-4
222001579,3,17,-14
222001583,15,152,-137
222001584,90,11,79
222001596,794,1110,-316
222001597,2236,375,1861
222001626,0,109,-109
222001650,93,97,-4
222001651,141,117,24
222001914,188,64,124
222001915,66,190,-124
222900004,403,241,162
222900009,374,542,-168
222900019,219,166,53
222900024,20,19,1
222900025,1,23,-22
225000001,377,126,251
225000002,479,127,352
225000003,456,63,393
225000004,394,194,200
225000005,295,87,208
225000006,1,167,-166
225000007,1301,997,304
225000010,289,11,278
225000011,383,736,-353
225000012,225,418,-193
225000013,90,102,-12
225000014,669,90,579
225000015,89,119,-30
225000021,714,122,592
225000027,164,334,-170
225000032,575,92,483
225000042,71,491,-420
225000049,51,39,12
225000050,167,29,138
225000053,6,289,-283
225000058,477,147,330
225000067,208,576,-368
225000068,80,255,-175
225000069,109,352,-243
225000070,104,314,-210
225000071,47,132,-85
225000075,21,453,-432
225000076,55,108,-53
225000078,76,40,36
225000085,58,128,-70
225000086,256,105,151
225000087,141,16,125
225000088,13,138,-125
225000089,161,800,-639
225000090,78,391,-313
225000091,147,155,-8
225000092,80,121,-41
225000093,150,234,-84
225000094,11,218,-207
225000095,238,275,-37
225000096,210,420,-210
225000098,666,253,413
225000099,316,145,171
225000100,270,94,176
225000104,95,289,-194
225000110,15,316,-301
225000111,178,836,-658
225000112,301,901,-600
225000113,164,465,-301
225000114,70,184,-114
225000115,1119,532,587
225000116,917,146,771
225000117,741,264,477
225000118,896,221,675
225000119,231,74,157
225000120,639,25,614
225000121,209,16,193
225000123,475,15,460
225000125,357,143,214
225000126,607,132,475
225000127,566,904,-338
225000128,374,578,-204
225000132,327,34,293
225000133,282,20,262
225000134,637,137,500
225000135,76,7,69
225000136,282,11,271
225000137,237,59,178
225000138,324,78,246
225000143,52,151,-99
225000144,5,315,-310
225000145,34,94,-60
225000146,41,110,-69
225000147,29,174,-145
225000148,10,175,-165
225000149,37,396,-359
225000151,22,147,-125
225000155,287,321,-34
225000156,128,634,-506
225000157,165,247,-82
225000158,55,243,-188
225000171,5,144,-139
225000180,36,2,34
225000181,0,56,-56
225000182,67,9,58
225000185,7,339,-332
225000187,23,335,-312
225000191,124,2,122
225000194,0,10,-10
225000208,0,35,-35
225000209,50,24,26
225000210,4,219,-215
225000217,0,11,-11
225000218,14,0,14
225000223,2,21,-19
225000224,58,1,57
225000225,3,13,-10
225000226,21,1,20
225000227,21,58,-37
225000228,7,5,2
225000229,0,49,-49
225000230,23,0,23
225000231,0,35,-35
225000232,83,0,83
225000241,60,1,59
225000242,0,39,-39
225000249,26,19,7
225000250,42,608,-566
225000251,305,28,277
225000254,1,18,-17
225000256,1,36,-35
225000257,1,44,-43
226000042,241,379,-138
226000043,28,251,-223
226000044,112,407,-295
226000045,51,269,-218
226000046,300,45,255
226000047,283,80,203
226000048,251,81,170
226000049,230,144,86
226000070,0,18,-18
226000071,0,54,-54
226000072,0,13,-13
226000073,0,3,-3
226000074,0,6,-6
226000084,2,33,-31
226000085,2,5,-3
226000086,5,7,-2
226000087,4,4,0
226000088,48,52,-4
226000090,242,96,146
226000091,39,57,-18
226000092,3,14,-11
226000093,14,1,13
226000094,6,1,5
226000095,11,3,8
226000105,12,1,11
226000106,5,0,5
226000107,4,0,4
226000108,22,0,22
226000109,71,3,68
226000124,139,62,77
226000134,572,451,121
226000135,1191,479,712
226000136,418,349,69
226000137,4,239,-235
226000138,9,152,-143
226000139,1,17,-16
226000156,125,6,119
226000157,205,4,201
226000163,83,151,-68
226000202,1,218,-217
226000231,307,5,302
226000232,40,2,38
227000033,258,46,212
227000036,234,27,207
227000037,226,20,206
227000038,173,30,143
227000084,1,59,-58
227000085,1,48,-47
227000088,36,1,35
227000089,108,0,108
227000090,22,1,21
227000091,10,1,9
227000092,37,1,36
227000093,99,0,99
227000094,4,1,3
227000130,13,61,-48
227000131,28,171,-143
227000132,5,168,-163
227000133,11,119,-108
227000134,18,264,-246
227000152,0,4,-4
227000153,0,60,-60
227000154,0,19,-19
227000155,1,19,-18
227000156,0,19,-19
227000165,7,55,-48
227000196,398,191,207
227000199,253,358,-105
227000230,11,307,-296
227000232,432,24,408
227000242,57,351,-294
227000243,354,59,295
227000245,6,352,-346
227000246,91,318,-227
227000247,302,67,235
227000248,79,15,64
227000249,15,74,-59
227000250,255,121,134
227000251,61,132,-71
227000252,20,225,-205
227000253,86,10,76
227000262,248,23,225
227000266,1020,12,1008
227000267,34,1053,-1019
227000282,6,111,-105
227000284,370,19,351
227000286,4,59,-55
227000291,10,431,-421
227000296,150,222,-72
227000484,201,18,183
227000485,14,663,-649
227000655,154,5,149
227000656,463,32,431
227000657,47,7,40
227000704,140,10,130
229000265,15,6,9
229000266,6,0,6
229000267,6,0,6
229000268,22,0,22
229000269,23,0,23
229000274,0,23,-23
229000275,0,30,-30
229000276,1,17,-16
229000277,0,6,-6
229000278,1,13,-12
229000295,11,22,-11
229000296,15,7,8
229000297,5,45,-40
229000298,6,168,-162
229000320,15,12,3
229000321,22,5,17
229000412,39,43,-4
229000414,11,48,-37
229000415,28,6,22
229000416,1,5,-4
229000417,8,35,-27
229000419,98,293,-195
229000440,387,68,319
229000442,22,12,10
229000443,3,2,1
229000444,3,16,-13
229000445,67,6,61
229000446,80,15,65
229000491,5,9,-4
229000492,8,57,-49
229000493,8,49,-41
229000494,26,1,25
229000495,97,6,91
229000496,43,1,42
229000507,0,54,-54
229000508,1,27,-26
229000509,0,54,-54
229000510,1,31,-30
229000511,3,48,-45
229000512,1,26,-25
229000513,0,10,-10
229000514,0,4,-4
229000517,0,2,-2
229000518,2,16,-14
229000519,4,14,-10
229000520,6,21,-15
229000521,45,13,32
229000522,13,4,9
229000523,15,7,8
229000524,1,0,1
229000527,2,0,2
229000528,1,0,1
229000529,12,0,12
229000530,68,2,66
229000531,48,1,47
229000532,18,0,18
229000533,58,0,58
229000534,63,1,62
229000564,56,0,56
229000565,13,0,13
229000566,0,7,-7
229000567,0,35,-35
229000582,84,2,82
229000583,4,0,4
229000584,0,28,-28
229000585,0,59,-59
229000718,0,5,-5
229000719,0,5,-5
229000720,0,7,-7
229000721,0,6,-6
229000722,0,11,-11
229000723,0,3,-3
229000724,0,1,-1
229000725,0,4,-4
229000738,2,0,2
229000739,1,0,1
229000740,0,0,0
229000741,4,0,4
229000742,1,0,1
229000743,6,0,6
229000744,0,0,0
229000745,0,0,0
229000746,15,0,15
229000847,62,0,62
229000848,20,0,20
229000849,95,3,92
229000851,49,0,49
229000854,0,11,-11
229000856,1,32,-31
229000857,0,16,-16
229000858,0,38,-38
229000919,7,84,-77
229000930,4,177,-173
229000937,46,5,41
229000966,49,33,16
229000981,19,39,-20
229000985,8,35,-27
229000986,1,9,-8
229000987,1,1,0
229000988,1,2,-1
229000989,5,7,-2
229000990,3,6,-3
229000991,1,4,-3
229000992,12,10,2
229000993,128,27,101
229000998,22,40,-18
229000999,80,12,68
229001034,0,21,-21
229001035,6,1,5
229001036,3,49,-46
229001037,59,0,59
229001038,1,1,0
229001039,1,0,1
229001040,0,61,-61
229001041,44,0,44
229001042,18,30,-12
229001047,8,53,-45
229001050,35,12,23
229001168,0,17,-17
229001200,18,0,18
229001338,16,18,-2
229001394,102,4,98
229001422,101,18,83
229001423,29,133,-104
229001431,96,42,54
229001432,40,68,-28
229001444,275,33,242
229001445,84,154,-70
229001479,7,6,1
229001503,200,76,124
229001504,136,163,-27
229001505,98,22,76
229001506,44,117,-73
229001509,57,5,52
229001510,1,41,-40
229001545,58,1,57
229001546,1,72,-71
229001553,87,15,72
229001554,47,90,-43
229001630,27,7,20
229001631,26,21,5
229001635,2,11,-9
229001636,21,0,21
229001658,0,123,-123
229001659,35,2,33
229001660,12,7,5
229001661,7,14,-7
229001662,13,0,13
229001663,0,16,-16
229002584,195,211,-16
229002831,204,122,82
229002841,13,12,1
229002842,27,20,7
229002843,99,11,88
229002844,58,42,16
229002845,15,73,-58
229002846,62,14,48
229002847,5,6,-1
229002848,20,12,8
229002849,3,87,-84
229002850,14,2,12
229002851,34,160,-126
229002852,257,29,228
229002853,196,18,178
229002854,21,52,-31
229002855,8,16,-8
229002856,32,15,17
229002857,8,99,-91
229002858,8,15,-7
229002859,28,55,-27
229002860,312,25,287
229002861,42,16,26
229002862,39,43,-4
229002863,13,26,-13
229002864,23,25,-2
229002865,12,18,-6
229002866,38,20,18
229002867,7,18,-11
229002868,8,27,-19
229002869,21,128,-107
229002870,43,12,31
235000066,431,58,373
235000067,157,111,46
235000072,21,70,-49
235000073,68,339,-271
235000074,53,79,-26
235000080,27,106,-79
235000081,129,108,21
235000082,93,63,30
235000083,190,79,111
235000084,37,68,-31
235000085,164,81,83
235000089,25,36,-11
235000092,35,110,-75
235000093,11,14,-3
235000097,7,9,-2
235000098,64,8,56
235000099,19,13,6
235000116,52,25,27
235000117,677,9,668
235000133,15,410,-395
235000134,9,145,-136
235000206,4,3,1
235000207,2,2,0
235000208,1,0,1
235000209,9,2,7
235000210,4,3,1
235000212,3,15,-12
235000213,1,6,-5
235000220,0,4,-4
235000221,65,13,52
235000238,18,64,-46
235000239,1,20,-19
235000242,285,555,-270
235000245,598,170,428
235000246,13,46,-33
235000284,31,59,-28
235000295,203,16,187
235000305,205,20,185
235000306,204,5,199
235000307,12,0,12
235000308,30,0,30
235000309,57,1,56
235000310,30,0,30
235000311,94,18,76
235000322,0,35,-35
235000323,0,47,-47
235000324,0,24,-24
235000325,3,11,-8
235000326,5,165,-160
235000351,2,61,-59
235000352,24,30,-6
235000353,0,19,-19
235000354,10,28,-18
235000355,11,56,-45
235000356,82,13,69
235000357,35,14,21
235000358,173,17,156
235000359,10,11,-1
235000360,38,33,5
235000361,50,47,3
235000381,49,134,-85
235000382,188,44,144
235000390,16,9,7
235000391,117,20,97
235000392,147,247,-100
235000393,107,140,-33
235000395,120,49,71
235000396,387,79,308
235000400,154,41,113
235000401,20,120,-100
235000405,101,299,-198
235000406,38,287,-249
235000407,154,94,60
235000409,143,109,34
235000410,33,220,-187
235000411,0,87,-87
235000485,0,10,-10
235000486,5,0,5
235000549,117,136,-19
235000550,128,192,-64
235000599,114,50,64
235000600,1,10,-9
235000601,39,27,12
235000602,76,71,5
235000614,1,4,-3
235000648,1,8,-7
235000649,22,2,20
235000685,0,6,-6
235000815,15,23,-8
235000834,0,8,-8
235000855,69,81,-12
235000862,55,144,-89
235000891,0,15,-15
235000892,13,6,7
235000901,145,99,46
235000907,10,17,-7
235001010,89,82,7
235001029,492,319,173
235001030,319,238,81
235001078,79,116,-37
235001079,69,97,-28
235001147,4,51,-47
235001166,15,63,-48
235001167,40,48,-8
235001169,19,244,-225
235001188,1,8,-7
235001189,6,0,6
235001197,1,9,-8
235001200,23,56,-33
235001208,31,16,15
235001209,34,54,-20
235001210,12,130,-118
235001239,5,38,-33
235001244,2,8,-6
235016267,0,42,-42
241900007,39,3,36
277101746,0,0,0
277102712,0,0,0
277103813,0,0,0
277103814,0,0,0
277103898,0,3,-3
277104249,0,1,-1
277104250,0,2,-2
277104251,0,2,-2
277104252,0,0,0
990011530,0,193,-193
990014944,1,397,-396
990015176,26,11,15
990015618,0,93,-93
990016032,1,296,-295
990032570,5,232,-227
990070001,59,3,56
990070103,0,3,-3
990070601,0,48,-48
990070751,772,0,772
990070766,2,395,-393
990071180,406,181,225
990071343,30,3,27
990071387,0,19,-19
990071823,686,6,680
990072600,5,999,-994
990072964,0,413,-413
990073285,0,4,-4
990074393,2,753,-751
990074870,1376,8,1368
990075106,1932,14,1918
990075746,552,7,545
990076437,1174,3,1171
990076458,1,575,-574
997000007,600,5,595
997000041,1,267,-266
997000058,61,0,61
997000062,37,1,36
997000069,0,5,-5
997000070,1,24,-23
997000100,44,0,44
997000141,31,4552,-4521
997000198,21,1942,-1921
998000475,1,58,-57
998000736,11,136,-125
998000965,0,19,-19
998001031,0,66,-66
998001700,0,4,-4
998001899,0,4,-4
998001900,13,2,11
998003073,1477,3,1474
998101900,0,0,0
998102850,13,263,-250
998501927,1369,733,636
998501929,70,2,68
998501930,59,1,58
998501931,274,15,259
998501932,2,0,2
998501933,72,3,69
998501937,27,0,27
998501944,22,13,9
998501950,0,0,0
998501970,64,2,62
998501971,2,81,-79
998501972,250,1,249
998501973,0,60,-60
998501974,1,235,-234
998501975,143,1,142
998501976,72,2,70
998501977,3,20,-17
998501978,30,1,29
998501979,0,19,-19
998501980,50,0,50
998501981,19,4,15
998501982,0,117,-117
998502006,0,0,0
998502024,0,1,-1
998502032,0,8,-8
998502062,28,16,12
998502063,0,0,0
998502173,17,0,17
998502269,0,4,-4
998601159,13,135,-122
998601292,1,22,-21
999033574,1,187,-186
999800001,37,1,36
999800002,0,2,-2
999800003,3,0,3
999800004,0,2,-2
999800005,0,8,-8
