ID,insum,outsum,diff
100000001,472,1116,-644
100000002,5414,1314,4100
100000003,7412,4141,3271
100000004,1578,1268,310
100000005,2444,5081,-2637
100000006,741,157,584
100000007,2780,731,2049
100000008,221,587,-366
100000009,625,478,147
100000010,54,92,-38
100000011,995,68,927
100000012,142,914,-772
100000013,44,280,-236
100000014,369,327,42
100000015,2200,2797,-597
100000016,1132,1519,-387
100000017,883,1042,-159
100000018,1636,654,982
100000019,5166,2274,2892
100000020,2252,8461,-6209
100000021,6410,2655,3755
100000022,2570,1752,818
100000023,6754,1763,4991
100000025,2903,1168,1735
100000028,2844,1141,1703
100000029,351,306,45
100000030,403,100,303
100000031,7317,8587,-1270
100000032,2670,4707,-2037
100000033,1234,2951,-1717
100000034,828,530,298
100000035,2223,1273,950
100000036,2977,1580,1397
100000037,668,532,136
100000038,2198,1105,1093
100000039,1153,214,939
100000040,271,223,48
100000041,1598,586,1012
100000042,2488,548,1940
100000043,1294,391,903
100000044,542,817,-275
100000045,949,1500,-551
100000046,1432,1318,114
100000047,349,833,-484
100000048,849,817,32
100000049,2049,2570,-521
100000051,652,1097,-445
100000053,240,14,226
100000054,634,61,573
100000055,1980,300,1680
100000056,803,622,181
100000057,2428,835,1593
100000058,1104,1340,-236
100000059,15,117,-102
100000060,457,405,52
100000061,2889,660,2229
100000062,2552,684,1868
100000063,969,336,633
100000064,1703,392,1311
100000065,470,1080,-610
100000066,298,766,-468
100000067,694,884,-190
100000068,708,2110,-1402
100000069,556,1818,-1262
100000072,386,1523,-1137
100000073,1298,1470,-172
100000075,695,316,379
100000076,4817,2894,1923
100000077,449,281,168
100000078,83,47,36
100000079,49,65,-16
100000080,48,45,3
100000081,118,175,-57
100000102,3604,1842,1762
100000103,6028,1167,4861
100000104,6229,2405,3824
100000105,3682,1693,1989
100000106,3405,2852,553
100000107,990,929,61
100000108,1190,1096,94
100000109,4828,1430,3398
100000116,2156,1212,944
100000117,89,111,-22
100000118,2410,954,1456
100000119,711,616,95
100000121,300,551,-251
100000122,1737,1076,661
100000123,3963,5831,-1868
100000124,7240,8835,-1595
100000125,4464,1519,2945
100000126,1243,480,763
100000127,2381,430,1951
100000128,2435,2106,329
100000129,635,502,133
100000130,389,505,-116
100000131,3589,3674,-85
100000132,1729,3505,-1776
100000133,7864,3373,4491
100000135,643,967,-324
100000139,603,222,381
100000140,771,376,395
100000142,466,573,-107
100000143,986,491,495
100000144,4320,908,3412
100000147,1171,3070,-1899
100000150,66,414,-348
100000151,1283,981,302
100000153,453,487,-34
100000154,237,215,22
100000155,39,69,-30
100000156,483,239,244
100000157,109,87,22
100000158,276,68,208
100000159,348,539,-191
100000165,2040,898,1142
100000169,726,462,264
100000174,1664,680,984
100000179,82,610,-528
100000180,3261,1713,1548
100000181,483,273,210
100000188,83,394,-311
100000189,1578,382,1196
100000190,1094,633,461
100000191,772,577,195
100000192,79,155,-76
100000193,215,175,40
100000330,1861,1038,823
100000355,350,645,-295
100000362,6142,4316,1826
100000363,4236,5336,-1100
100000364,471,193,278
100000365,5680,5644,36
100000366,8143,3205,4938
100000367,5960,5044,916
100000368,2749,1921,828
100000369,1846,2229,-383
100000370,291,749,-458
100000376,123,125,-2
100000379,5520,1805,3715
100000380,9689,3510,6179
100000384,7708,5764,1944
100000385,6401,5350,1051
100000386,10575,6073,4502
100000387,8027,6453,1574
100000388,10141,8358,1783
100000389,10709,7904,2805
100000390,11459,6712,4747
100000391,9266,9199,67
100000392,4907,3749,1158
100000393,3320,4480,-1160
100000394,11427,7628,3799
100000395,6999,3328,3671
100000396,9575,2907,6668
100000397,6541,4336,2205
100000398,13740,8639,5101
100900002,5,85,-80
100900003,457,175,282
100900004,27,741,-714
100900005,150,24,126
100900006,19,161,-142
100900007,800,14,786
100900008,4,355,-351
100900009,59,96,-37
100900010,101,114,-13
100900011,132,327,-195
100900012,1,247,-246
100900013,892,10,882
100900014,3,14,-11
100900015,134,145,-11
100900016,15,40,-25
100900017,1097,63,1034
100900018,0,17,-17
100900019,37,180,-143
100900020,435,9,426
100900021,591,2,589
100900022,20,31,-11
100900023,2,42,-40
100900024,1439,4,1435
100900025,14,17,-3
100900026,145,150,-5
100900027,764,3608,-2844
100900028,181,220,-39
100900029,90,15,75
100900030,5,76,-71
100900031,581,31,550
100900032,252,3,249
100900033,258,219,39
100900034,549,2,547
100900035,1109,2,1107
100900036,29,2,27
100900037,110,269,-159
100900038,221,42,179
100900039,297,705,-408
100900040,526,809,-283
100900041,832,764,68
100900042,1413,431,982
100900043,0,14,-14
100900044,2925,678,2247
100900045,75,0,75
100900046,1540,24,1516
100900047,924,216,708
100900048,205,83,122
100900049,86,235,-149
100900050,3,27,-24
100900051,127,103,24
100900052,591,50,541
100900053,441,26,415
100900054,24,84,-60
100900055,397,710,-313
100900056,246,383,-137
100900057,769,1539,-770
100900058,354,98,256
100900059,185,9,176
100900060,159,9,150
100900061,432,320,112
100900062,4,60,-56
100900063,194,689,-495
100900064,973,24,949
100900065,161,134,27
100900066,62,165,-103
100900067,3,17,-14
100900068,173,140,33
100900069,1383,7,1376
100900070,402,11,391
100900071,919,361,558
100900072,2,49,-47
100900073,123,563,-440
100900074,4,13,-9
100900075,1984,474,1510
100900076,44,49,-5
100900077,30,150,-120
100900078,104,600,-496
100900079,14,16,-2
100900080,82,210,-128
100900081,61,278,-217
100900082,126,691,-565
100900083,5,41,-36
100900085,17,103,-86
100900086,334,1498,-1164
100900088,136,689,-553
100900089,17,9,8
100900090,140,594,-454
100900091,5,35,-30
100900092,344,320,24
100900093,225,374,-149
100900094,120,653,-533
100900095,10,42,-32
100900096,45,111,-66
100900097,3,5,-2
100900098,32,21,11
100900099,46,688,-642
100900100,22,431,-409
100900101,431,72,359
100900102,162,109,53
100900103,17,12,5
100900104,6,197,-191
100900105,22,254,-232
100900106,69,9,60
100900107,2165,912,1253
100900108,11,25,-14
100900109,43,29,14
100900110,3,12,-9
100900111,49,213,-164
100900112,1,14,-13
100900113,27,20,7
100900114,20,25,-5
100900115,8,68,-60
100900116,922,1076,-154
100900117,359,833,-474
100900118,201,188,13
100900119,27,40,-13
100900120,8,18,-10
100900121,311,793,-482
100900122,197,235,-38
100900123,80,236,-156
100900124,9,10,-1
100900125,29,76,-47
100900126,152,278,-126
100900127,5,9,-4
100900128,152,177,-25
100900129,0,122,-122
100900131,126,274,-148
100900133,64,70,-6
100900134,3,5,-2
100900135,1,170,-169
100900137,328,215,113
100900138,621,559,62
100900139,25,14,11
100900140,9,811,-802
100900141,6,503,-497
100900142,0,19,-19
100900143,936,398,538
100900144,31,7,24
100900145,56,204,-148
100900146,18,110,-92
100900147,33,345,-312
100900148,52,862,-810
100900149,25,150,-125
100900150,3,65,-62
100900151,142,563,-421
100900152,118,12,106
100900153,3,199,-196
100900154,20,58,-38
100900155,16,30,-14
100900156,23,4,19
100900157,9,174,-165
100900158,652,300,352
100900159,8,44,-36
100900160,21,21,0
100900161,135,10,125
100900162,21,379,-358
100900163,213,202,11
100900164,65,48,17
100900165,12,91,-79
100900166,38,9,29
100900167,15,131,-116
100900168,63,183,-120
100900169,208,1042,-834
100900170,36,8,28
100900171,28,785,-757
100900172,2,7,-5
100900173,6,527,-521
100900174,941,75,866
100900176,1542,221,1321
100900177,865,423,442
100900178,652,158,494
100900179,171,153,18
100900180,4,8,-4
100900181,113,96,17
100900182,47,47,0
100900184,16,155,-139
100900186,944,625,319
100900187,37,123,-86
100900188,46,27,19
100900189,1094,239,855
100900191,1782,1367,415
100900192,390,297,93
100900195,147,130,17
100900197,5,27,-22
100900198,26,236,-210
100900199,5,5,0
100900200,643,481,162
100900201,144,948,-804
100900202,66,0,66
100900203,0,112,-112
100900204,910,430,480
100900205,207,512,-305
100900206,119,98,21
100900207,221,119,102
100900210,59,698,-639
100900211,434,180,254
100900213,78,37,41
100900214,1065,109,956
100900215,15,71,-56
101000001,5207,2704,2503
101000002,4823,5358,-535
101000003,876,2384,-1508
101000004,12086,9880,2206
101000005,5773,6004,-231
101000006,9772,9178,594
101000007,3486,3864,-378
101000008,5610,3419,2191
101000009,2273,2015,258
101000010,1043,1457,-414
101000011,2507,763,1744
101000012,1993,832,1161
101000013,569,1223,-654
101000014,663,939,-276
101000015,1153,1051,102
101000016,714,560,154
101000017,789,638,151
101000018,4371,3002,1369
101000020,4093,1525,2568
101000021,1775,430,1345
101000022,593,145,448
101000023,2259,880,1379
101000025,212,534,-322
101000026,508,32,476
101000027,3092,2187,905
101000028,54,83,-29
101000029,306,1383,-1077
101000030,2669,124,2545
101000031,1251,737,514
101000032,12858,3762,9096
101000033,3055,3374,-319
101000034,3682,1697,1985
101000035,1221,591,630
101000036,1948,774,1174
101000037,4354,1720,2634
101000039,3301,2683,618
101000040,4078,3828,250
101000041,16156,8603,7553
101000042,1155,1424,-269
101000043,11379,8172,3207
101000045,2497,1042,1455
101000046,5665,1069,4596
101000047,3557,2468,1089
101000048,1169,1091,78
101000049,1215,1842,-627
101000050,3925,3239,686
101000051,3238,2605,633
101000052,1900,1007,893
101000053,1441,2109,-668
101000054,2997,1915,1082
101000055,1827,1618,209
101000056,44,84,-40
101000057,2656,1065,1591
101000058,1935,1361,574
101000059,3525,1953,1572
101000060,1781,575,1206
101000061,1123,1272,-149
101000062,807,664,143
101000063,692,871,-179
101000064,1261,733,528
101000065,346,427,-81
101000066,927,580,347
101000067,1497,765,732
101000068,472,416,56
101000069,584,126,458
101000070,1612,968,644
101000071,2469,948,1521
101000072,1191,4008,-2817
101000073,1011,801,210
101000074,8854,3935,4919
101000075,7303,3538,3765
101000077,1369,1112,257
101000078,1103,2271,-1168
101000079,778,427,351
101000080,662,393,269
101000081,1674,1762,-88
101000082,4383,4013,370
101000083,2422,2640,-218
101000084,1582,986,596
101000085,1796,1384,412
101000086,1194,1150,44
101000087,1005,1197,-192
101000088,1270,1347,-77
101000089,1047,1791,-744
101000090,2315,1552,763
101000091,373,1218,-845
101000092,894,1299,-405
101000093,1783,1120,663
101000094,1020,1533,-513
101000095,469,832,-363
101000096,354,640,-286
101000097,1425,409,1016
101000098,856,695,161
101000099,1405,1417,-12
101000100,1271,940,331
101000101,433,441,-8
101000102,1747,422,1325
101000103,1345,561,784
101000104,515,649,-134
101000105,778,250,528
101000106,1052,650,402
101000107,166,379,-213
101000108,1206,478,728
101000109,297,79,218
101000110,35,720,-685
101000111,210,248,-38
101000113,288,1111,-823
101000114,11210,3961,7249
101000115,173,153,20
101000116,221,231,-10
101000117,1569,364,1205
101000119,133,89,44
101000120,201,38,163
101000121,89,57,32
101000122,187,123,64
101000123,110,91,19
101000124,654,178,476
101000125,276,558,-282
101000128,1159,368,791
101000130,293,351,-58
101000131,849,733,116
101000132,696,1532,-836
101000135,74,30,44
101000136,669,158,511
101000137,39,328,-289
101000141,2254,3688,-1434
101000147,805,524,281
101000148,2173,45,2128
101000149,146,138,8
101000150,71,887,-816
101000151,191,73,118
101000152,367,397,-30
101000153,522,480,42
101000154,257,1477,-1220
101000155,399,173,226
101000156,41,315,-274
101000157,43,38,5
101000160,135,36,99
101000163,354,258,96
101000164,624,444,180
101000165,328,404,-76
101000166,332,494,-162
101000168,1021,389,632
101000252,1832,1019,813
101000254,742,95,647
101000258,28,11,17
101000261,274,22,252
101000262,1384,1712,-328
101000263,535,1537,-1002
101000265,128,726,-598
101000266,489,333,156
101000269,135,16,119
101000290,2021,3397,-1376
101000293,51,88,-37
101000294,667,560,107
101000295,143,754,-611
101000301,737,483,254
101000304,2319,2589,-270
101000305,3310,2021,1289
101900001,29,73,-44
101900002,0,16,-16
101900003,56,108,-52
101900004,5,58,-53
101900005,5582,2354,3228
101900006,931,110,821
101900007,814,165,649
101900008,158,373,-215
101900009,101,745,-644
101900010,1095,784,311
101900011,424,2191,-1767
101900012,221,692,-471
101900013,1512,219,1293
101900017,18,155,-137
101900018,1353,249,1104
101900019,323,172,151
101900020,480,169,311
101900021,7,55,-48
101900022,113,1404,-1291
101900023,125,293,-168
102000001,4800,4911,-111
102000002,4017,1220,2797
102000003,4885,8249,-3364
102000004,11207,3746,7461
102000005,1698,2707,-1009
102000006,1821,2525,-704
102000007,2087,5887,-3800
102000008,6832,2104,4728
102000009,6677,8654,-1977
102000010,6265,4625,1640
102000011,3762,3298,464
102000012,4259,4066,193
102000018,3985,3658,327
102000019,3262,2066,1196
102000026,309,919,-610
102000029,348,252,96
102000030,138,428,-290
102000031,87,246,-159
102000032,477,416,61
102000033,227,472,-245
102000034,550,558,-8
102000035,1065,747,318
102000036,16,356,-340
102000037,173,111,62
102000038,231,311,-80
102000039,295,112,183
102000040,568,214,354
102000041,342,373,-31
102000042,427,325,102
102000043,548,219,329
102000044,780,508,272
102000045,742,1148,-406
102000046,1109,788,321
102000047,992,1337,-345
102000048,422,936,-514
102000049,1257,805,452
102000050,1336,1476,-140
102000051,546,703,-157
102000052,1691,1074,617
102000053,1206,1101,105
102000054,708,1038,-330
102000055,1169,941,228
102000056,854,1923,-1069
102000057,1892,912,980
102000058,1516,2352,-836
102000059,1811,1878,-67
102000060,1452,1230,222
102000061,1666,2628,-962
102000062,1683,1286,397
102000063,1229,1542,-313
102000064,609,831,-222
102000065,50,139,-89
102000066,1093,1341,-248
102000067,3209,3991,-782
102000068,11008,3465,7543
102000069,117,1670,-1553
102000070,2144,74,2070
102000071,9481,10585,-1104
102000072,4015,5422,-1407
102000073,2263,1093,1170
102000074,1171,1130,41
102000075,145,359,-214
102000076,229,702,-473
102000077,536,1142,-606
102000078,834,1178,-344
102000079,285,390,-105
102000080,400,284,116
102000081,609,839,-230
102000082,846,456,390
102000083,577,417,160
102000084,239,405,-166
102000085,1804,1311,493
102000086,1055,1571,-516
102000087,1012,1828,-816
102000088,319,369,-50
102000089,1161,498,663
102000090,862,1337,-475
102000091,2003,566,1437
102000092,524,1252,-728
102000093,613,756,-143
102000094,1212,849,363
102000095,1351,1518,-167
102000096,988,1206,-218
102000097,1291,1426,-135
102000098,732,1344,-612
102000099,1143,833,310
102000100,949,1444,-495
102000101,1583,819,764
102000102,507,2823,-2316
102000103,1870,590,1280
102000104,1022,374,648
102000105,223,728,-505
102000106,944,865,79
102000107,1270,715,555
102000108,688,256,432
102000109,746,777,-31
102000110,777,1690,-913
102000111,12,303,-291
102000112,142,128,14
102000113,14,35,-21
102000114,957,414,543
102000115,170,328,-158
102000116,1458,444,1014
102000117,557,778,-221
102000118,2334,1262,1072
102000119,2411,922,1489
102000120,239,527,-288
102000121,1239,659,580
102000122,640,831,-191
102000123,1608,1667,-59
102000124,1564,1233,331
102000125,950,1335,-385
102000126,777,696,81
102000127,1396,956,440
102000128,834,1153,-319
102000129,1797,949,848
102000130,743,831,-88
102000131,2231,889,1342
102000132,791,998,-207
102000133,1857,2270,-413
102000134,676,888,-212
102000135,834,1075,-241
102000136,1248,737,511
102000137,1299,886,413
102000138,347,572,-225
102000139,220,407,-187
102000140,380,317,63
102000141,600,611,-11
102000142,394,417,-23
102000143,173,518,-345
102000144,360,463,-103
102000145,392,540,-148
102000146,381,350,31
102000147,479,503,-24
102000148,256,564,-308
102000149,212,597,-385
102000150,338,183,155
102000151,131,358,-227
102000152,179,172,7
102000153,1137,490,647
102000154,369,839,-470
102000155,183,412,-229
102000156,381,124,257
102000157,173,349,-176
102000158,433,326,107
102000159,1558,601,957
102000161,4954,2450,2504
102000162,263,196,67
102000163,117,661,-544
102000164,1277,1432,-155
102000165,281,156,125
102000166,68,218,-150
102000167,325,286,39
102000168,221,124,97
102000169,156,676,-520
102000170,685,229,456
102000171,581,155,426
102000172,566,397,169
102000173,500,313,187
102000174,79,106,-27
102000175,149,140,9
102000176,32,28,4
102000178,276,573,-297
102000179,641,243,398
102000180,844,665,179
102000181,797,725,72
102000182,513,693,-180
102000183,1728,2036,-308
102000184,1862,998,864
102000185,2694,1610,1084
102000186,1270,2371,-1101
102000187,959,1887,-928
102000188,1113,1731,-618
102000189,3166,1103,2063
102000190,789,3445,-2656
102000191,1395,649,746
102000192,1112,1405,-293
102000193,55,195,-140
102000194,96,147,-51
102000195,476,561,-85
102000196,239,490,-251
102000197,705,457,248
102000198,315,863,-548
102000199,912,393,519
102000200,378,1214,-836
102000201,885,497,388
102000202,2,159,-157
102000203,455,302,153
102000204,502,925,-423
102000205,1235,717,518
102000206,1193,843,350
102000207,1923,503,1420
102000208,539,631,-92
102000209,52,66,-14
102000210,395,527,-132
102000211,753,456,297
102000212,351,9,342
102000213,1,406,-405
102000214,299,17,282
102000215,9,472,-463
102000216,51,73,-22
102000217,9,209,-200
102000218,288,156,132
102000219,467,424,43
102000225,637,768,-131
102000226,6220,1756,4464
102000227,221,5,216
102000228,2,143,-141
102000229,25,61,-36
102000230,239,576,-337
102000231,289,495,-206
102000232,21,260,-239
102000233,501,972,-471
102000234,119,1619,-1500
102000236,308,107,201
102000237,921,193,728
102000238,150,322,-172
102000240,800,603,197
102000241,264,162,102
102000243,16,98,-82
102000245,31,104,-73
102000246,16,27,-11
102000247,377,1035,-658
102000248,178,501,-323
102000249,157,184,-27
102000250,76,442,-366
102000254,87,414,-327
102000266,64,263,-199
102000271,44,0,44
102000286,503,457,46
102000297,2030,1200,830
102000299,0,0,0
102000302,0,0,0
102000305,0,0,0
102000306,0,0,0
102000307,0,6,-6
102000308,0,1,-1
102900001,1478,1059,419
102900002,460,35,425
102900003,56,212,-156
102900005,427,409,18
102900006,514,291,223
102900007,591,56,535
102900008,207,102,105
102900009,658,277,381
102900010,1251,542,709
102900011,2377,479,1898
102900012,386,94,292
102900013,22,66,-44
102900015,1053,622,431
102900016,51,124,-73
102900017,176,653,-477
102900018,40,136,-96
102900019,529,644,-115
102900020,163,39,124
102900021,22,74,-52
102900022,719,172,547
102900023,17,88,-71
102900024,37,80,-43
102900025,249,119,130
102900026,665,1931,-1266
102900027,70,102,-32
102900028,174,824,-650
102900029,198,185,13
102900030,594,371,223
102900031,192,176,16
102900032,139,129,10
102900033,121,217,-96
102900034,526,180,346
102900035,147,410,-263
102900036,401,621,-220
102900037,352,766,-414
102900038,437,798,-361
102900039,30,508,-478
102900040,151,354,-203
102900041,102,285,-183
102900042,199,361,-162
102900043,185,329,-144
102900044,723,2573,-1850
102900045,177,697,-520
102900046,134,356,-222
102900047,64,626,-562
102900048,702,796,-94
102900049,115,442,-327
102900050,352,410,-58
102900051,257,253,4
102900052,34,38,-4
102900053,555,820,-265
102900054,1136,1289,-153
102900055,136,188,-52
102900056,160,496,-336
102900057,8,71,-63
102900058,285,86,199
102900059,7,46,-39
102900060,156,521,-365
102900061,238,523,-285
102900062,239,1240,-1001
102900063,1134,501,633
102900064,235,654,-419
102900065,1883,703,1180
102900066,388,56,332
102900068,132,105,27
102900070,303,524,-221
102900072,15,63,-48
102900073,211,17,194
102900074,366,329,37
102900075,27,48,-21
102900076,244,138,106
102900077,32,44,-12
102900078,47,88,-41
102900079,213,19,194
102900080,405,63,342
102900081,101,315,-214
102900082,13,231,-218
102900083,234,22,212
102900084,21,32,-11
102900085,366,138,228
102900086,12,45,-33
102900087,168,118,50
102900088,43,39,4
102900089,338,178,160
102900090,2,469,-467
102900091,225,4,221
102900092,381,1137,-756
102900093,249,361,-112
102900094,1,136,-135
102900095,126,8,118
102900096,85,22,63
102900097,11,134,-123
103000001,2682,3064,-382
103000002,2999,3132,-133
103000003,5534,3580,1954
103000004,972,950,22
103000005,1879,3021,-1142
103000006,636,1547,-911
103000007,495,860,-365
103000008,1218,916,302
103000009,1445,1385,60
103000010,182,172,10
103000011,1929,1764,165
103000012,1525,1604,-79
103000013,6390,2535,3855
103000014,1534,3339,-1805
103000015,2361,853,1508
103000016,578,1696,-1118
103000017,228,455,-227
103000018,1051,535,516
103000019,244,317,-73
103000020,3065,1741,1324
103000021,2265,1748,517
103000022,1176,1370,-194
103000023,771,2133,-1362
103000024,106,222,-116
103000025,103,687,-584
103000026,1612,176,1436
103000027,287,588,-301
103000028,515,422,93
103000029,394,321,73
103000030,2108,1035,1073
103000031,1801,2431,-630
103000032,2336,2194,142
103000033,3304,3098,206
103000034,2206,1613,593
103000035,483,1802,-1319
103000036,496,626,-130
103000037,682,623,59
103000038,521,1338,-817
103000039,400,524,-124
103000040,432,1377,-945
103000041,1775,3064,-1289
103000042,1335,708,627
103000043,581,1291,-710
103000044,195,201,-6
103000046,244,610,-366
103000047,526,662,-136
103000048,150,212,-62
103000049,102,158,-56
103000050,781,691,90
103000051,521,616,-95
103000052,1032,429,603
103000053,259,523,-264
103000054,2752,1498,1254
103000055,2172,2493,-321
103000056,583,2115,-1532
103000057,466,387,79
103000058,722,963,-241
103000059,443,1022,-579
103000060,1241,721,520
103000061,479,1064,-585
103000062,1180,706,474
103000063,771,897,-126
103000064,115,253,-138
103000065,7,486,-479
103000066,239,6,233
103000069,338,418,-80
103000070,1143,1035,108
103000071,1195,533,662
103000072,197,1051,-854
103000073,690,194,496
103000074,812,147,665
103000075,204,999,-795
103000076,307,425,-118
103000077,37,532,-495
103000078,1272,791,481
103000079,1351,598,753
103000080,1306,363,943
103000081,625,1141,-516
103000082,530,228,302
103000083,167,364,-197
103000084,125,10,115
103000085,2,146,-144
103000086,916,456,460
103000087,227,715,-488
103000088,394,385,9
103000089,303,559,-256
103000090,2018,842,1176
103000091,541,479,62
103000092,332,302,30
103000093,312,579,-267
103000094,245,123,122
103000095,65,430,-365
103000096,664,160,504
103000097,75,810,-735
103000098,1490,221,1269
103000099,569,736,-167
103000100,151,892,-741
103000101,1177,209,968
103000102,136,750,-614
103000103,788,266,522
103000104,84,168,-84
103000105,172,112,60
103000106,6,146,-140
103000107,308,60,248
103000108,715,657,58
103000109,366,367,-1
103000110,352,418,-66
103000111,658,462,196
103000112,444,176,268
103000113,1085,800,285
103000114,2181,440,1741
103000115,550,568,-18
103000116,576,515,61
103000117,355,534,-179
103000118,1081,1015,66
103000119,1865,714,1151
103000120,109,170,-61
103000121,390,640,-250
103000122,548,401,147
103000125,19,385,-366
103000126,601,3,598
103000127,1,216,-215
103000128,214,1,213
103000129,0,179,-179
103000130,62,36,26
103000131,184,112,72
103000132,113,174,-61
103000133,14,116,-102
103000134,674,976,-302
103000135,874,315,559
103000136,833,473,360
103000137,745,705,40
103000138,974,783,191
103000139,3,86,-83
103000140,148,41,107
103000141,41,136,-95
103000142,144,116,28
103000143,73,231,-158
103000144,219,95,124
103000145,95,43,52
103000150,63,73,-10
103000152,284,272,12
103000153,189,186,3
103000156,4,403,-399
103000157,451,0,451
103000159,234,74,160
103000162,72,23,49
103000163,13,29,-16
103000164,16,9,7
103000165,140,380,-240
103000166,218,306,-88
103000167,199,113,86
103000168,107,188,-81
103000169,230,535,-305
103000170,760,500,260
103000171,40,118,-78
103000172,622,1028,-406
103000173,520,640,-120
103000174,166,437,-271
103000175,240,437,-197
103000176,1008,568,440
103000177,854,573,281
103000178,352,385,-33
103000179,154,37,117
103000183,181,40,141
103000185,101,79,22
103000186,150,219,-69
103000187,636,619,17
103000188,16,104,-88
103000189,1259,1028,231
103000191,753,753,0
103000292,2634,1933,701
103000293,1175,2369,-1194
103000295,153,125,28
103000296,494,0,494
103000297,139,29,110
103000504,172,11,161
103000505,4,13,-9
103000506,3,241,-238
103000507,221,0,221
103000508,72,40,32
103000509,244,695,-451
103900001,3,369,-366
103900002,1871,241,1630
103900003,2370,123,2247
103900004,103,1,102
103900005,4,323,-319
103900006,4,4,0
103900007,33,0,33
103900008,30,1,29
103900009,272,503,-231
103900010,155,417,-262
103900011,300,226,74
103900012,12,19,-7
103900013,56,104,-48
103900014,59,23,36
103900015,41,25,16
103900016,220,235,-15
103900017,35,86,-51
103900018,537,185,352
103900019,66,278,-212
103900020,247,547,-300
103900021,908,80,828
103900022,953,674,279
103900023,185,0,185
103900024,156,606,-450
103900025,16,53,-37
103900026,42,0,42
103900027,720,390,330
103900028,20,324,-304
103900029,1046,96,950
103900030,506,78,428
103900031,18,2,16
103900032,72,48,24
103900033,185,11,174
103900034,34,220,-186
103900035,63,80,-17
103900036,34,19,15
103900037,116,65,51
103900038,101,163,-62
103900039,79,447,-368
103900040,5,185,-180
103900041,68,69,-1
103900042,57,397,-340
103900043,155,130,25
103900044,163,297,-134
103900045,321,203,118
103900047,66,30,36
103900048,38,15,23
103900049,208,1495,-1287
103900050,16,119,-103
103900051,5,37,-32
103900052,232,598,-366
103900053,155,965,-810
103900054,116,537,-421
103900055,524,246,278
103900056,30,44,-14
103900057,36,217,-181
103900058,266,893,-627
103900059,0,2,-2
103900060,49,236,-187
103900061,133,62,71
103900062,421,126,295
103900063,8,0,8
103900064,89,4,85
103900065,888,439,449
103900066,172,23,149
103900067,235,9,226
103900068,4,1,3
103900069,110,12,98
103900070,164,274,-110
103900071,18,164,-146
103900072,6,281,-275
103900073,30,36,-6
103900074,54,103,-49
103900075,128,86,42
103900076,427,807,-380
103900077,77,110,-33
103900078,324,153,171
103900079,141,314,-173
103900080,11,44,-33
103900081,115,39,76
103900082,10,121,-111
103900083,1972,1176,796
103900084,74,259,-185
103900085,72,120,-48
103900086,779,404,375
103900087,16,95,-79
103900088,370,478,-108
103900089,41,161,-120
103900090,75,396,-321
103900091,1170,331,839
103900092,1096,509,587
103900093,97,413,-316
103900094,13,156,-143
103900095,751,229,522
103900096,29,289,-260
103900097,12,610,-598
103900098,254,120,134
103900099,94,255,-161
103900100,251,451,-200
103900101,61,1234,-1173
103900102,0,34,-34
103900104,6,25,-19
103900105,74,208,-134
103900106,0,26,-26
103900107,128,287,-159
103900108,40,364,-324
103900109,75,84,-9
103900110,339,51,288
103900111,99,823,-724
103900112,47,110,-63
103900113,153,250,-97
103900114,467,298,169
103900115,310,286,24
103900116,6500,2986,3514
103900117,147,110,37
103900119,46,75,-29
103900120,21,111,-90
103900122,107,301,-194
103900123,1670,708,962
103900124,43,21,22
103900125,98,63,35
103900126,581,620,-39
103900127,185,666,-481
103900128,119,188,-69
103900131,27,97,-70
103900133,1194,43,1151
103900134,1,1,0
103900135,13,23,-10
103900137,1,74,-73
103900138,72,308,-236
103900139,182,1894,-1712
103900140,9,126,-117
103900141,328,80,248
103900142,173,149,24
103900143,36,3,33
103900144,0,42,-42
103900145,181,360,-179
103900146,380,422,-42
103900147,526,146,380
103900148,244,275,-31
103900149,227,829,-602
103900150,8715,4613,4102
103900151,62,232,-170
103900152,463,639,-176
103900153,10,0,10
103900154,1220,1953,-733
103900155,36,338,-302
103900156,45,198,-153
103900157,51,297,-246
103900158,73,206,-133
103900159,191,124,67
103900160,77,53,24
103900161,129,299,-170
103900162,74,324,-250
103900163,26,556,-530
103900164,253,45,208
103900167,30,108,-78
103900168,129,138,-9
103900169,46,50,-4
103900170,7,134,-127
103900171,2,70,-68
103900172,7,20,-13
103900173,13,22,-9
103900174,176,101,75
103900175,81,75,6
103900176,17,38,-21
103900177,25,98,-73
103900178,71,101,-30
103900179,46,199,-153
103900180,14,109,-95
103900181,90,76,14
103900182,46,43,3
103900184,683,102,581
103900185,334,372,-38
103900187,33,63,-30
103900188,36,39,-3
103900189,98,6,92
103900190,90,43,47
103900191,31,72,-41
103900192,27,154,-127
103900193,206,260,-54
103900194,89,353,-264
103900195,4,66,-62
103900196,35,43,-8
103900197,12,27,-15
103900198,14,66,-52
103900199,232,77,155
103900200,158,148,10
103900201,145,214,-69
103900202,8,63,-55
103900203,57,22,35
103900204,0,123,-123
103900207,0,172,-172
103900208,110,3,107
103900209,13,115,-102
103900210,43,29,14
103900211,625,643,-18
103900212,78,491,-413
103900213,91,252,-161
103900214,334,162,172
103900215,542,317,225
103900216,27,886,-859
103900217,448,63,385
103900218,2,441,-439
103900219,140,497,-357
103900233,220,1,219
103900235,57,17,40
103900236,46,1,45
103900242,0,32,-32
103900243,6,14,-8
103900244,120,300,-180
103900245,137,218,-81
103900246,79,50,29
103900247,40,110,-70
103900248,6,37,-31
103900249,73,55,18
103900250,52,21,31
103900251,11,32,-21
103900253,51,76,-25
103900254,5,35,-30
103900255,33,16,17
103900256,29,29,0
103900257,29,172,-143
103900258,60,7,53
103900259,217,6,211
103900261,7,7,0
103900262,62,9,53
103900263,61,111,-50
103900264,69,39,30
103900265,92,17,75
103900266,2,86,-84
103900267,4,50,-46
104000001,2453,2355,98
104000002,1942,3501,-1559
104000003,2815,2809,6
104000004,3538,3296,242
104000005,1455,2292,-837
104000006,3326,3347,-21
104000007,5025,4540,485
104000008,377,371,6
104000009,210,132,78
104000010,164,249,-85
104000011,704,344,360
104000012,189,470,-281
104000013,211,176,35
104000014,348,786,-438
104000015,297,161,136
104000016,639,534,105
104000018,875,214,661
104000019,565,238,327
104000020,160,790,-630
104000021,282,659,-377
104000022,143,272,-129
104000023,637,398,239
104000024,241,394,-153
104000026,46,429,-383
104000027,415,421,-6
104000028,393,230,163
104000029,432,523,-91
104000030,288,272,16
104000031,1221,476,745
104000032,257,421,-164
104000033,657,557,100
104000034,388,354,34
104000035,871,555,316
104000036,918,681,237
104000037,313,341,-28
104000038,390,328,62
104000039,211,293,-82
104000040,394,437,-43
104000041,593,367,226
104000042,252,477,-225
104000043,302,413,-111
104000044,272,661,-389
104000045,1230,1241,-11
104000046,1565,1868,-303
104000047,996,1306,-310
104000048,1107,2074,-967
104000049,544,357,187
104000050,282,734,-452
104000051,142,678,-536
104000052,1499,1857,-358
104000053,920,602,318
104000054,633,610,23
104000055,4606,3076,1530
104000056,1410,326,1084
104000057,154,575,-421
104000058,783,921,-138
104000059,634,1246,-612
104000060,1187,1444,-257
104000061,1460,1351,109
104000062,392,208,184
104000064,504,358,146
104000065,222,684,-462
104000069,1433,1157,276
104000070,57,534,-477
104000071,149,510,-361
104000072,719,265,454
104000075,60,371,-311
104000076,618,173,445
104000082,2607,3649,-1042
104000083,1000,233,767
104000084,148,638,-490
104000085,286,338,-52
104000086,227,455,-228
104000087,452,2087,-1635
104000090,983,1573,-590
104000092,1304,2922,-1618
104000094,1071,2203,-1132
104000095,2159,1713,446
104000096,1878,357,1521
104000097,1745,1088,657
104000098,1995,1454,541
104000100,1779,833,946
104000101,1437,2329,-892
104000106,89,720,-631
104000107,670,477,193
104000108,331,684,-353
104000109,295,96,199
104000110,959,1278,-319
104000111,5320,3133,2187
104000112,3083,678,2405
104000116,2,1361,-1359
104000117,165,794,-629
104000118,608,317,291
104000119,689,303,386
104000120,252,1041,-789
104000121,212,865,-653
104000122,628,1020,-392
104000123,1016,1205,-189
104000124,1254,3015,-1761
104000125,5141,4775,366
104000126,636,579,57
104000127,1606,3457,-1851
104000128,889,598,291
104000129,59,2,57
104000130,2,335,-333
104000131,752,520,232
104000132,882,662,220
104000133,1344,1039,305
104000134,1014,1972,-958
104000135,416,2198,-1782
104000136,801,4508,-3707
104000137,1646,422,1224
104000138,1301,460,841
104000139,8495,3718,4777
104000141,1290,1600,-310
104000142,671,873,-202
104000143,575,668,-93
104000144,86,214,-128
104000145,346,202,144
104000146,377,642,-265
104000147,150,407,-257
104000148,358,169,189
104000149,264,438,-174
104000150,1137,544,593
104000151,558,664,-106
104000152,692,854,-162
104000153,652,587,65
104000154,1035,826,209
104000155,398,530,-132
104000157,1168,1558,-390
104000158,529,448,81
104000159,906,500,406
104000160,1937,2047,-110
104000161,236,228,8
104000162,40,172,-132
104000165,1438,1129,309
104000167,642,947,-305
104000168,668,12,656
104000169,121,62,59
104000170,610,830,-220
104000248,387,787,-400
104000251,109,305,-196
104000272,0,0,0
104000273,0,0,0
104000274,0,0,0
104000275,0,0,0
104000279,805,536,269
104000290,148,375,-227
104000291,853,1288,-435
104000293,718,774,-56
104000294,29,0,29
104000295,737,1059,-322
104000296,454,1012,-558
104000297,811,2033,-1222
104000298,2173,991,1182
104000299,725,1777,-1052
104900001,206,507,-301
104900002,64,201,-137
104900003,97,412,-315
104900004,125,366,-241
104900005,287,252,35
104900006,316,120,196
104900007,263,303,-40
104900009,163,415,-252
104900010,63,58,5
104900011,44,7,37
104900012,250,38,212
104900013,135,8,127
104900014,3590,429,3161
104900015,119,10,109
104900016,254,343,-89
104900017,197,232,-35
104900018,10,258,-248
104900019,427,2770,-2343
104900020,77,330,-253
104900021,3,236,-233
104900022,13,112,-99
104900023,2,151,-149
104900024,49,102,-53
104900025,69,308,-239
104900026,8,128,-120
104900027,523,323,200
104900028,26,108,-82
104900029,54,108,-54
104900030,503,236,267
104900031,122,206,-84
104900032,66,195,-129
104900033,149,302,-153
104900034,406,125,281
104900035,273,173,100
104900036,185,75,110
104900037,147,313,-166
104900038,735,973,-238
104900039,1156,437,719
104900040,346,112,234
104900041,195,213,-18
104900042,186,378,-192
104900043,15,116,-101
104900044,533,223,310
104900045,406,58,348
104900046,212,204,8
104900047,291,120,171
104900048,280,98,182
104900049,33,21,12
104900050,303,155,148
104900051,312,47,265
104900052,65,1,64
104900053,481,125,356
104900054,116,71,45
104900055,151,1,150
104900056,141,20,121
104900057,65,2,63
104900058,1442,367,1075
104900059,62,39,23
104900060,5,651,-646
104900061,267,651,-384
104900063,0,94,-94
104900064,0,91,-91
104900065,0,158,-158
104900066,5,186,-181
104900067,8,399,-391
104900068,28,247,-219
104900070,260,363,-103
104900071,2,750,-748
104900072,84,377,-293
104900073,83,305,-222
104900074,76,256,-180
104900075,55,87,-32
104900076,95,343,-248
104900077,1372,259,1113
104900078,220,583,-363
104900079,151,467,-316
104900080,123,524,-401
104900082,12,446,-434
104900085,4,232,-228
104900087,310,8,302
104900089,177,0,177
104900090,886,660,226
104900091,522,913,-391
104900093,275,607,-332
104900097,3469,2207,1262
104900098,112,47,65
104900099,122,696,-574
104900100,548,350,198
104900102,40,258,-218
104900103,661,108,553
104900104,4294,2000,2294
104900106,80,182,-102
104900107,122,307,-185
104900108,40,283,-243
104900109,104,411,-307
104900110,6,56,-50
104900111,109,160,-51
104900112,305,918,-613
104900113,765,527,238
104900114,350,771,-421
104900115,721,605,116
104900116,220,273,-53
104900118,40,66,-26
104900119,2,46,-44
104900120,40,178,-138
104900121,1,122,-121
104900122,3,99,-96
104900123,71,7,64
104900124,48,0,48
104900125,556,5,551
104900126,111,90,21
104900127,35,92,-57
104900128,89,258,-169
104900129,2931,2311,620
105000001,2699,1859,840
105000002,2699,2150,549
105000003,3944,4129,-185
105000004,790,1410,-620
105000005,1002,1243,-241
105000006,1532,1772,-240
105000007,1433,1516,-83
105000008,2455,2828,-373
105000009,2087,3318,-1231
105000010,3661,3209,452
105000011,3224,2639,585
105000012,5050,3758,1292
105000013,1007,1207,-200
105000014,1691,2544,-853
105000015,11300,12939,-1639
105000016,4596,2871,1725
105000017,2395,1149,1246
105000018,1594,1746,-152
105000019,1896,1154,742
105000020,262,511,-249
105000021,384,128,256
105000022,300,87,213
105000023,657,387,270
105000028,44,129,-85
105000029,748,1252,-504
105000030,4991,3914,1077
105000033,1244,2443,-1199
105000034,199,989,-790
105000037,967,447,520
105000038,2100,1977,123
105000039,3266,2319,947
105000040,1109,1151,-42
105000041,775,1627,-852
105000042,3627,1517,2110
105000043,2181,2767,-586
105000044,935,606,329
105000045,606,1350,-744
105000046,1054,553,501
105000047,625,1460,-835
105000048,715,312,403
105000049,277,806,-529
105000050,574,486,88
105000051,228,598,-370
105000052,522,1065,-543
105000053,180,148,32
105000054,421,1206,-785
105000055,1178,513,665
105000056,1572,2951,-1379
105000057,1247,1089,158
105000058,1801,1728,73
105000059,968,716,252
105000060,620,900,-280
105000061,714,676,38
105000062,952,1178,-226
105000063,450,688,-238
105000064,1353,986,367
105000065,430,892,-462
105000066,1438,2127,-689
105000067,1471,867,604
105000068,801,1007,-206
105000069,3072,1778,1294
105000070,942,1050,-108
105000071,407,874,-467
105000072,732,1958,-1226
105000073,1035,649,386
105000074,1383,1062,321
105000075,909,976,-67
105000076,1527,1164,363
105000077,3199,1072,2127
105000078,1619,1370,249
105000079,1973,2794,-821
105000080,2455,1659,796
105000081,3572,1179,2393
105000082,1489,1174,315
105000083,4367,2302,2065
105000084,896,1227,-331
105000085,1859,1594,265
105000086,683,1170,-487
105000087,2262,2176,86
105000088,1678,1838,-160
105000089,3601,2293,1308
105000090,1135,909,226
105000091,1905,1876,29
105000092,953,1235,-282
105000093,429,238,191
105000094,299,249,50
105000095,121,472,-351
105000096,1604,968,636
105000097,1510,761,749
105000098,1325,744,581
105000099,1375,876,499
105000100,1345,1265,80
105000101,2157,2327,-170
105000102,2081,1638,443
105000103,1544,2481,-937
105000104,2225,1107,1118
105000105,1215,2510,-1295
105000106,1874,2517,-643
105000107,1420,1382,38
105000108,1708,2304,-596
105000109,1753,2415,-662
105000110,723,944,-221
105000111,745,772,-27
105000112,1298,989,309
105000113,428,791,-363
105000114,4057,1376,2681
105000115,330,1109,-779
105000116,760,583,177
105000117,877,1234,-357
105000118,596,525,71
105000119,777,1579,-802
105000120,1282,821,461
105000121,1255,1730,-475
105000122,331,669,-338
105000123,1345,1605,-260
105000124,1980,1004,976
105000125,974,2375,-1401
105000126,2255,2278,-23
105000127,2732,2648,84
105000128,509,1402,-893
105000129,950,410,540
105000130,426,2561,-2135
105000131,1264,500,764
105000132,882,661,221
105000133,494,1177,-683
105000134,870,618,252
105000135,468,813,-345
105000136,40,137,-97
105000137,279,406,-127
105000138,36,156,-120
105000139,1289,1218,71
105000140,186,520,-334
105000141,281,757,-476
105000142,178,478,-300
105000143,315,868,-553
105000144,366,1016,-650
105000145,604,536,68
105000146,628,989,-361
105000147,611,388,223
105000148,1274,769,505
105000149,2483,2374,109
105000150,2571,1879,692
105000151,553,442,111
105000152,196,669,-473
105000153,738,804,-66
105000154,846,783,63
105000155,492,931,-439
105000156,1137,853,284
105000157,1228,2162,-934
105000158,2275,869,1406
105000159,255,1449,-1194
105000160,1950,696,1254
105000161,739,1548,-809
105000162,819,1957,-1138
105000163,1619,1232,387
105000164,239,386,-147
105000165,1700,5880,-4180
105000166,7547,924,6623
105000167,3163,1823,1340
105000168,373,875,-502
105000169,532,444,88
105000170,268,1512,-1244
105000171,1401,379,1022
105000172,118,77,41
105000173,184,74,110
105000174,78,58,20
105000175,95,133,-38
105000176,419,174,245
105000177,332,206,126
105000178,158,731,-573
105000179,564,228,336
105000180,227,158,69
105000181,115,438,-323
105000182,59,62,-3
105000183,3025,2109,916
105000184,1644,1077,567
105000185,1717,876,841
105000186,574,882,-308
105000187,1085,237,848
105000188,617,146,471
105000189,338,554,-216
105000190,373,401,-28
105000191,410,350,60
105000192,359,81,278
105000193,120,167,-47
105000194,232,114,118
105000195,358,1155,-797
105000196,46,174,-128
105000197,359,802,-443
105000198,685,480,205
105000199,365,504,-139
105000200,205,275,-70
105000201,119,40,79
105000203,9,189,-180
105000204,67,102,-35
105000205,88,172,-84
105000207,713,320,393
105000208,326,614,-288
105000209,252,345,-93
105000212,1230,1695,-465
105000213,253,223,30
105000214,120,374,-254
105000215,263,314,-51
105000216,151,426,-275
105000217,228,382,-154
105000218,1243,1140,103
105000221,211,286,-75
105000222,470,64,406
105000223,342,212,130
105000226,85,382,-297
105000227,75,240,-165
105000228,354,1732,-1378
105000229,180,419,-239
105000231,256,351,-95
105000233,826,847,-21
105000234,539,1560,-1021
105000235,448,768,-320
105000237,841,111,730
105000243,47,244,-197
105000248,149,89,60
105000262,392,1793,-1401
105000269,160,256,-96
105000270,508,79,429
105000271,2,350,-348
105000282,119,53,66
105000287,440,135,305
105000288,529,563,-34
105000289,3309,1792,1517
105000290,42,7,35
105000402,5096,3828,1268
105000426,671,696,-25
105000438,3889,1317,2572
105000446,16537,6919,9618
105000447,10549,3842,6707
105000454,416,548,-132
105000455,322,180,142
105000474,35,7,28
105000477,340,519,-179
105000478,1947,4062,-2115
105000479,172,108,64
105000480,7346,4480,2866
105000481,4238,3219,1019
105000482,7247,6344,903
105000483,1518,1781,-263
105000484,2882,3157,-275
105000485,1902,2436,-534
105000486,5424,3107,2317
105000488,9298,6008,3290
105000489,938,990,-52
105000549,120,120,0
105000550,769,1724,-955
105000551,30,141,-111
105000552,3481,2099,1382
105900001,20,1273,-1253
105900002,1548,701,847
105900003,11,123,-112
105900004,315,153,162
105900005,8,301,-293
105900006,22,98,-76
105900007,123,26,97
105900008,88,740,-652
105900009,44,13,31
105900011,299,45,254
105900012,747,126,621
105900013,8,50,-42
105900014,19,117,-98
105900015,193,379,-186
105900016,647,779,-132
105900017,1375,60,1315
105900018,155,271,-116
105900019,97,497,-400
105900020,49,84,-35
105900021,40,324,-284
105900022,365,319,46
105900023,10,146,-136
105900024,34,182,-148
105900025,249,47,202
105900026,363,40,323
105900027,7000,10544,-3544
105900028,496,284,212
105900029,2207,506,1701
105900030,322,307,15
105900031,474,217,257
105900032,72,131,-59
105900033,134,166,-32
105900034,255,243,12
105900035,339,212,127
105900036,56,127,-71
105900037,72,79,-7
105900038,127,360,-233
105900039,130,161,-31
105900040,71,109,-38
105900041,171,360,-189
105900042,43,154,-111
105900043,2142,62,2080
105900044,2,258,-256
105900045,11,989,-978
105900046,17,262,-245
105900047,3,36,-33
105900048,106,762,-656
105900050,8515,1995,6520
105900051,13,1548,-1535
105900052,565,390,175
105900053,4538,3071,1467
105900054,455,320,135
105900056,853,428,425
105900057,43,165,-122
105900058,12,22,-10
105900059,0,41,-41
106000001,5597,2862,2735
106000002,3348,6382,-3034
106000003,3490,4188,-698
106000004,2304,3351,-1047
106000005,3098,6516,-3418
106000006,7183,5707,1476
106000007,499,682,-183
106000008,474,377,97
106000009,582,410,172
106000010,639,681,-42
106000011,1079,1300,-221
106000012,1141,1951,-810
106000013,1747,2252,-505
106000014,2213,2138,75
106000015,1453,1447,6
106000016,1456,2585,-1129
106000017,686,760,-74
106000018,757,705,52
106000019,360,481,-121
106000020,343,483,-140
106000021,226,535,-309
106000022,453,353,100
106000023,667,366,301
106000024,705,811,-106
106000025,130,269,-139
106000026,111,225,-114
106000027,1206,1561,-355
106000028,588,644,-56
106000029,1079,1434,-355
106000030,879,476,403
106000034,315,753,-438
106000035,1057,1892,-835
106000036,292,577,-285
106000037,2376,1876,500
106000038,692,145,547
106000039,217,118,99
106000040,174,954,-780
106000041,841,668,173
106000043,678,253,425
106000046,380,65,315
106000047,44,445,-401
106000049,978,192,786
106000050,335,958,-623
106000051,602,428,174
106000052,89,722,-633
106000053,315,135,180
106000054,429,610,-181
106000055,1086,1373,-287
106000056,294,551,-257
106000057,270,357,-87
106000058,215,244,-29
106000059,341,312,29
106000060,445,619,-174
106000061,202,599,-397
106000062,181,687,-506
106000063,707,646,61
106000064,61,442,-381
106000065,436,313,123
106000066,147,411,-264
106000067,410,143,267
106000068,51,766,-715
106000069,214,80,134
106000070,512,970,-458
106000071,1018,410,608
106000072,4372,1871,2501
106000073,2041,3222,-1181
106000074,506,798,-292
106000075,393,1651,-1258
106000076,1869,2670,-801
106000077,4175,1690,2485
106000078,1106,1113,-7
106000079,708,1180,-472
106000080,1469,796,673
106000081,725,1408,-683
106000082,2634,1178,1456
106000083,406,1916,-1510
106000084,1111,826,285
106000085,1701,1724,-23
106000086,655,986,-331
106000087,992,701,291
106000088,413,888,-475
106000089,1061,478,583
106000090,273,683,-410
106000091,248,691,-443
106000092,803,329,474
106000093,290,127,163
106000094,91,326,-235
106000095,652,1052,-400
106000096,1001,807,194
106000097,1027,1141,-114
106000098,768,1161,-393
106000099,217,892,-675
106000100,1211,316,895
106000101,1083,275,808
106000102,192,677,-485
106000103,244,592,-348
106000104,672,508,164
106000105,447,759,-312
106000106,579,562,17
106000107,124,374,-250
106000108,235,312,-77
106000109,143,279,-136
106000110,227,330,-103
106000111,202,469,-267
106000112,180,505,-325
106000113,814,631,183
106000114,530,489,41
106000115,247,613,-366
106000116,234,244,-10
106000117,1104,932,172
106000118,1316,1491,-175
106000119,2127,1573,554
106000120,909,1247,-338
106000121,170,221,-51
106000122,97,343,-246
106000123,387,247,140
106000124,51,309,-258
106000125,35,345,-310
106000126,253,130,123
106000127,895,1018,-123
106000128,791,244,547
106000129,515,695,-180
106000130,671,377,294
106000131,134,937,-803
106000132,604,178,426
106000133,2823,1317,1506
106000134,741,1727,-986
106000135,261,793,-532
106000136,691,891,-200
106000137,80,1229,-1149
106000138,1102,102,1000
106000139,44,160,-116
106000140,53,81,-28
106000141,85,97,-12
106000142,113,102,11
106000143,125,107,18
106000144,43,81,-38
106000145,304,359,-55
106000146,409,279,130
106000147,605,610,-5
106000148,741,994,-253
106000149,680,410,270
106000150,546,2256,-1710
106000151,5056,985,4071
106000152,1622,2018,-396
106000153,112,1905,-1793
106000154,1304,227,1077
106000155,78,269,-191
106000156,944,419,525
106000157,785,2265,-1480
106000158,3028,1061,1967
106000159,4309,2054,2255
106000160,429,3012,-2583
106000161,1825,532,1293
106000162,267,1057,-790
106000163,448,527,-79
106000164,378,422,-44
106000165,240,700,-460
106000166,859,351,508
106000167,407,1430,-1023
106000168,405,337,68
106000169,269,787,-518
106000170,706,298,408
106000171,163,1370,-1207
106000172,3121,1318,1803
106000173,1071,3118,-2047
106000174,1302,440,862
106000175,341,1178,-837
106000176,1793,885,908
106000177,928,3043,-2115
106000178,3806,2019,1787
106000179,1435,2946,-1511
106000180,967,1764,-797
106000181,851,2148,-1297
106000182,1195,839,356
106000183,1250,868,382
106000184,2654,863,1791
106000185,1603,1441,162
106000186,1202,212,990
106000187,256,1381,-1125
106000188,0,0,0
106000189,55,86,-31
106000190,21,0,21
106000191,710,262,448
106000192,3,43,-40
106000193,482,210,272
106000194,236,529,-293
106000195,879,209,670
106000196,248,630,-382
106000197,543,379,164
106000198,174,376,-202
106000199,951,1105,-154
106000200,408,247,161
106000201,576,3258,-2682
106000202,5705,742,4963
106000203,81,213,-132
106000204,81,4,77
106000205,42,154,-112
106000206,141,32,109
106000207,44,973,-929
106000208,1253,141,1112
106000209,1663,326,1337
106000210,365,1313,-948
106000211,412,1508,-1096
106000212,884,437,447
106000213,988,1828,-840
106000214,3446,722,2724
106000215,263,520,-257
106000216,336,428,-92
106000217,331,548,-217
106000218,491,489,2
106000219,143,325,-182
106000220,340,257,83
106000221,143,356,-213
106000222,49,102,-53
106000223,198,136,62
106000224,187,269,-82
106000225,80,98,-18
106000226,147,349,-202
106000228,37,105,-68
106000229,111,684,-573
106000231,915,172,743
106000232,65,398,-333
106000233,609,118,491
106000234,91,192,-101
106000235,369,82,287
106000236,137,62,75
106000237,7,18,-11
106000238,11,28,-17
106000239,6,106,-100
106000240,55,2,53
106000241,19,717,-698
106000242,345,36,309
106000249,54,106,-52
106000250,70,667,-597
106000251,84,27,57
106000252,27,108,-81
106000253,45,84,-39
106000254,36,62,-26
106000255,25,184,-159
106000256,72,72,0
106000257,145,302,-157
106000258,159,19,140
106000259,1,60,-59
106000260,22,4,18
106000261,10,44,-34
106000262,81,20,61
106000263,8,87,-79
106000264,241,13,228
106000265,17,149,-132
106000266,154,28,126
106000267,5,143,-138
106000268,670,42,628
106000269,65,89,-24
106000270,163,642,-479
106000271,99,246,-147
106000272,196,84,112
106000273,9,292,-283
106000274,263,62,201
106000275,181,299,-118
106000276,248,54,194
106000277,188,257,-69
106000278,258,49,209
106000279,10,49,-39
106000280,73,135,-62
106000281,98,71,27
106000282,76,85,-9
106000283,131,85,46
106000284,79,131,-52
106000285,152,116,36
106000286,78,188,-110
106000287,100,94,6
106000288,100,178,-78
106000289,88,89,-1
106000290,58,101,-43
106000291,105,127,-22
106000292,85,153,-68
106000293,149,130,19
106000294,137,149,-12
106000295,50,65,-15
106000296,102,130,-28
106000297,75,246,-171
106000298,181,52,129
106000299,57,137,-80
106000300,52,104,-52
106000301,60,126,-66
106000303,25,82,-57
106000304,48,28,20
106000305,40,54,-14
106000306,32,60,-28
106000307,75,23,52
106000308,20,137,-117
106000309,11,81,-70
106000310,369,620,-251
106000311,379,216,163
106000312,91,204,-113
106000313,189,301,-112
106000318,177,503,-326
106000319,1086,181,905
106000320,4,46,-42
106000321,368,109,259
106000322,128,205,-77
106000324,17,156,-139
106000325,1738,1041,697
106000326,1244,2411,-1167
106000327,152,116,36
106000328,11,119,-108
106000329,60,322,-262
106000330,41,76,-35
106000428,139,177,-38
106000429,157,503,-346
106000430,392,1431,-1039
106000431,2055,365,1690
106000432,2122,3549,-1427
106000433,2313,1288,1025
106000434,3460,1714,1746
106000435,2207,3246,-1039
106000436,13,321,-308
106000437,344,31,313
106000438,693,217,476
106000439,104,541,-437
106000440,252,517,-265
106000441,3,0,3
106000442,173,10,163
106000443,148,430,-282
106000450,4,234,-230
106000451,39,40,-1
106000454,10,97,-87
106000455,13,207,-194
106000456,166,35,131
106000457,24,1147,-1123
106000458,643,164,479
106000459,135,473,-338
106000460,1432,55,1377
106000461,113,1732,-1619
106000462,2,24,-22
106000463,2,25,-23
106000464,3,530,-527
106000465,588,7,581
106000466,6,873,-867
106000467,440,635,-195
106000468,75,173,-98
106000469,240,2,238
106000470,290,2241,-1951
106000471,32,705,-673
106000472,152,20,132
106000473,33,28,5
106000474,364,633,-269
106000475,291,201,90
106000476,153,151,2
106000477,22,40,-18
106900001,0,22,-22
106900002,0,606,-606
106900003,315,1021,-706
106900004,0,78,-78
106900006,0,16,-16
106900007,1,18,-17
106900008,420,266,154
106900009,407,402,5
106900010,257,385,-128
106900012,2392,2305,87
106900013,631,192,439
106900014,36,3,33
106900015,18,3,15
106900016,306,11,295
106900017,10,0,10
106900018,2,1,1
106900019,53,2,51
106900020,3000,1646,1354
106900021,79,54,25
106900022,718,2,716
106900023,40,341,-301
106900024,634,43,591
106900025,81,763,-682
106900026,2,789,-787
106900027,911,2,909
107000001,4451,3591,860
107000002,5100,5838,-738
107000003,5762,6909,-1147
107000004,7255,6587,668
107000005,4305,6089,-1784
107000006,4884,6451,-1567
107000007,5897,11761,-5864
107000008,15731,11965,3766
107000009,7202,7615,-413
107000010,13003,13692,-689
107000011,1319,1846,-527
107000012,4745,4270,475
107000013,57,129,-72
107000014,31,279,-248
107000015,474,898,-424
107000016,586,1169,-583
107000017,5025,1120,3905
107000018,27,566,-539
107000020,3238,689,2549
107000021,1433,629,804
107000022,1095,1314,-219
107000023,2025,369,1656
107000024,503,1836,-1333
107000025,225,508,-283
107000026,197,648,-451
107000027,1576,1339,237
107000028,1482,1908,-426
107000029,3078,2662,416
107000030,3339,4012,-673
107000031,4075,2959,1116
107000032,702,1141,-439
107000033,4122,6356,-2234
107000034,4927,2436,2491
107000035,428,304,124
107000036,429,1473,-1044
107000037,73,999,-926
107000038,248,313,-65
107000039,855,732,123
107000040,197,396,-199
107000041,2018,957,1061
107000042,981,2325,-1344
107000043,2780,1187,1593
107000044,539,334,205
107000045,162,334,-172
107000046,763,468,295
107000047,493,945,-452
107000048,746,369,377
107000049,693,901,-208
107000050,1119,574,545
107000051,485,436,49
107000052,1399,1156,243
107000053,547,209,338
107000054,47,344,-297
107000055,147,99,48
107000056,441,1002,-561
107000057,1329,214,1115
107000058,2367,2646,-279
107000059,2863,4391,-1528
107000060,4336,6246,-1910
107000061,6464,4743,1721
107000062,4243,3384,859
107000063,5218,6709,-1491
107000064,5159,2610,2549
107000065,4874,5857,-983
107000066,2144,3049,-905
107000067,1185,1280,-95
107000068,1716,748,968
107000069,878,517,361
107000070,904,3,901
107000071,3512,57,3455
107000072,54,3874,-3820
107000073,757,360,397
107000074,183,1216,-1033
107000075,1865,536,1329
107000076,813,2050,-1237
107000077,3454,1345,2109
107000078,2850,4069,-1219
107000079,2858,1093,1765
107000080,1514,3835,-2321
107000081,1844,712,1132
107000082,677,2370,-1693
107000083,1450,464,986
107000084,510,2460,-1950
107000085,3057,3791,-734
107000086,4050,4249,-199
107000087,2724,2525,199
107000088,3205,4332,-1127
107000089,1371,2146,-775
107000090,1197,1425,-228
107000091,1281,990,291
107000092,940,1352,-412
107000093,1184,935,249
107000094,1298,1415,-117
107000095,788,601,187
107000096,760,1102,-342
107000097,668,252,416
107000098,438,475,-37
107000099,552,376,176
107000100,474,282,192
107000101,107,238,-131
107000102,463,398,65
107000103,398,206,192
107000104,307,395,-88
107000105,364,175,189
107000106,160,340,-180
107000107,572,218,354
107000108,287,738,-451
107000109,617,180,437
107000110,62,543,-481
107000111,317,52,265
107000112,51,404,-353
107000113,703,129,574
107000114,116,570,-454
107000115,498,142,356
107000116,132,995,-863
107000117,160,515,-355
107000118,167,305,-138
107000119,1717,1717,0
107000120,1509,595,914
107000121,902,843,59
107000122,1171,1271,-100
107000123,459,722,-263
107000124,746,1207,-461
107000125,760,613,147
107000126,528,653,-125
107000127,43,384,-341
107000129,861,169,692
107000130,719,335,384
107000131,583,384,199
107000132,986,423,563
107000133,1052,118,934
107000134,398,6,392
107000135,6,331,-325
107000136,998,6,992
107000137,14,417,-403
107000138,432,35,397
107000139,22,464,-442
107000140,1773,136,1637
107000141,120,854,-734
107000142,461,96,365
107000143,86,913,-827
107000144,571,648,-77
107000145,184,642,-458
107000146,210,462,-252
107000147,3247,999,2248
107000150,1016,3330,-2314
107000151,58,102,-44
107000152,765,1366,-601
107000153,267,570,-303
107000154,296,266,30
107000155,1193,18,1175
107000156,1284,38,1246
107000157,34,2117,-2083
107000158,727,31,696
107000159,25,1053,-1028
107000160,1079,197,882
107000161,113,1919,-1806
107000162,292,572,-280
107000163,207,1,206
107000164,624,2,622
107000165,1081,8,1073
107000166,74,1476,-1402
107000167,646,231,415
107000168,918,543,375
107000169,761,965,-204
107000170,2398,1005,1393
107000171,752,2759,-2007
107000172,1245,1629,-384
107000173,847,1283,-436
107000174,1024,6007,-4983
107000175,9188,2177,7011
107000176,2,1,1
107000177,22,3,19
107000178,19,60,-41
107000179,274,2924,-2650
107000180,1176,397,779
107000181,387,1442,-1055
107000182,1606,1047,559
107000183,165,1193,-1028
107000184,1023,738,285
107000185,660,1863,-1203
107000186,1575,488,1087
107000187,1278,1512,-234
107000188,600,690,-90
107000189,431,1284,-853
107000190,678,878,-200
107000191,731,1190,-459
107000192,1851,952,899
107000193,401,595,-194
107000194,1029,867,162
107000197,1053,354,699
107000198,373,786,-413
107000199,693,998,-305
107000200,948,894,54
107000201,345,273,72
107000202,319,654,-335
107000203,1212,735,477
107000204,2015,708,1307
107000205,2362,1156,1206
107000206,1103,1453,-350
107000207,941,1312,-371
107000208,1333,553,780
107000209,3009,1461,1548
107000210,969,386,583
107000211,9,37,-28
107000212,24,442,-418
107000213,9,20,-11
107000214,17,219,-202
107000215,502,520,-18
107000216,467,425,42
107000217,170,167,3
107000219,92,166,-74
107000220,193,306,-113
107000222,262,922,-660
107000224,476,91,385
107000225,203,626,-423
107000226,419,88,331
107000227,137,419,-282
107000228,73,245,-172
107000229,224,131,93
107000230,1164,574,590
107000231,2094,1459,635
107000232,110,48,62
107000233,1691,863,828
107000234,5,52,-47
107000235,57,8,49
107000236,19,615,-596
107000237,22,3,19
107000238,36,1,35
107000239,4301,769,3532
107000240,61,998,-937
107000241,106,24,82
107000242,488,56,432
107000243,1,61,-60
107000244,6,78,-72
107000246,1,1226,-1225
107000249,6,1141,-1135
107000251,8,265,-257
107000252,4,1269,-1265
107000255,517,148,369
107000257,5,543,-538
107000258,4,174,-170
107000259,9,311,-302
107000260,649,13,636
107000262,14,670,-656
107000263,270,8,262
107000266,8,10,-2
107000267,93,167,-74
107000268,178,168,10
107000269,1046,62,984
107000270,7,17,-10
107000271,33,879,-846
107000272,26,248,-222
107000273,4,235,-231
107000274,2261,264,1997
107000275,19,824,-805
107000280,793,48,745
107000281,36,903,-867
107000282,26,1207,-1181
107000290,4,22,-18
107000291,23,11,12
107000292,5,31,-26
107000293,99,1,98
107000294,0,35,-35
107000295,26,4,22
107000296,0,22,-22
107000444,378,6,372
107000496,1,18,-17
107000497,1720,3103,-1383
107000500,438,384,54
107000501,109,187,-78
107000502,242,392,-150
107000505,480,936,-456
107000506,9,74,-65
107000508,10,696,-686
107000509,319,1157,-838
107000510,31,24,7
107000514,49,303,-254
107000515,20,276,-256
107000516,294,353,-59
107000518,994,1394,-400
107000519,2836,1247,1589
107000520,64,22,42
107900001,86,215,-129
107900002,69,7,62
107900003,568,14,554
107900004,91,2,89
107900005,1419,5,1414
107900006,294,4,290
107900007,425,33,392
107900008,98,35,63
107900009,177,5,172
107900010,33,3,30
107900012,399,19,380
107900013,280,41,239
107900014,34,5,29
107900015,1098,23,1075
107900016,520,126,394
107900017,52,1,51
107900018,54,199,-145
107900019,18,80,-62
107900020,94,12,82
107900021,58,184,-126
107900023,2,1,1
107900024,0,41,-41
107900025,165,382,-217
107900026,60,125,-65
107900027,46,69,-23
107900028,63,82,-19
107900030,133,21,112
107900031,87,156,-69
107900032,17,0,17
107900033,34,17,17
107900034,425,22,403
107900035,817,47,770
107900036,64,20,44
107900037,2,50,-48
107900038,151,285,-134
107900039,37,76,-39
107900040,128,132,-4
107900041,5,2,3
107900043,34,157,-123
107900044,12,7,5
107900045,109,54,55
107900046,171,249,-78
107900047,22,114,-92
107900048,221,5,216
107900049,353,1708,-1355
107900050,146,434,-288
107900051,78,58,20
107900052,26,19,7
107900053,57,108,-51
107900055,1052,387,665
107900056,124,28,96
107900057,1,0,1
107900058,28,737,-709
107900060,38,39,-1
107900061,20,9,11
107900063,116,141,-25
107900064,526,143,383
107900065,255,19,236
107900066,20,7,13
107900067,0,0,0
107900068,245,356,-111
107900069,40,2000,-1960
107900070,131,65,66
107900071,33,993,-960
107900072,92,222,-130
107900073,123,100,23
107900074,907,272,635
107900076,157,83,74
107900077,31,0,31
107900078,243,44,199
107900079,7,22,-15
107900080,320,393,-73
107900081,10,100,-90
107900082,25,37,-12
107900083,610,207,403
107900084,115,158,-43
107900086,31,172,-141
107900087,721,165,556
107900088,39,11,28
107900089,304,1194,-890
107900090,576,2799,-2223
107900091,282,502,-220
107900092,2417,625,1792
107900093,97,92,5
107900095,3797,2307,1490
107900097,61,113,-52
107900098,102,208,-106
107900100,1110,1486,-376
107900101,1291,225,1066
107900102,24,5,19
107900103,84,168,-84
107900104,214,8,206
107900105,3,453,-450
107900106,4,1435,-1431
107900107,1338,572,766
107900108,419,181,238
107900109,1352,16,1336
107900110,43,97,-54
107900111,11,1094,-1083
107900112,92,456,-364
107900113,280,168,112
107900114,142,200,-58
107900115,3,46,-43
107900116,154,212,-58
107900117,583,537,46
107900118,110,190,-80
107900119,72,281,-209
107900120,31,34,-3
107900121,7,202,-195
107900122,1,69,-68
107900123,4,46,-42
107900124,43,17,26
107900125,45,247,-202
107900126,16,50,-34
107900127,540,304,236
107900128,133,133,0
107900129,58,42,16
107900130,76,41,35
107900131,782,275,507
107900132,129,470,-341
107900133,2,71,-69
107900134,44,54,-10
107900135,5,232,-227
107900136,43,53,-10
107900137,120,148,-28
107900138,59,41,18
107900139,40,78,-38
107900140,112,77,35
107900141,69,62,7
107900142,93,1135,-1042
107900143,60,57,3
107900144,4,167,-163
107900145,20,115,-95
107900146,71,166,-95
107900147,103,73,30
107900148,208,169,39
107900149,1618,276,1342
107900150,108,916,-808
107900151,25,119,-94
107900152,7,317,-310
107900153,154,387,-233
107900154,63,15,48
107900155,60,56,4
107900156,7,299,-292
107900157,49,66,-17
107900158,916,44,872
107900159,42,1220,-1178
107900160,90,153,-63
107900161,17,220,-203
107900162,1,182,-181
107900163,186,38,148
107900164,10,43,-33
107900165,50,139,-89
107900166,16,199,-183
107900167,29,22,7
107900168,25,43,-18
107900169,1,189,-188
107900171,27,1742,-1715
107900172,1,354,-353
107900173,12,153,-141
107900174,121,5,116
107900175,12,35,-23
107900176,38,51,-13
107900177,5,202,-197
107900178,1,236,-235
107900179,11,141,-130
107900180,921,568,353
107900181,352,305,47
107900182,6,1557,-1551
107900183,48,305,-257
107900184,118,365,-247
107900185,101,5,96
107900186,24,53,-29
107900187,1,184,-183
107900188,805,192,613
107900189,34,122,-88
107900190,123,110,13
107900191,75,159,-84
107900193,7,54,-47
107900194,277,10,267
107900195,3761,582,3179
107900196,35,96,-61
107900197,1093,344,749
107900199,0,1071,-1071
107900201,57,117,-60
107900203,49,100,-51
107900204,212,293,-81
107900205,211,468,-257
107900206,1120,222,898
107900207,1,711,-710
107900208,1,691,-690
107900209,409,169,240
107900210,97,137,-40
107900213,1079,757,322
107900214,11,103,-92
107900215,177,400,-223
107900216,180,91,89
107900217,47,81,-34
107900218,18,1521,-1503
107900219,28,120,-92
107900220,296,227,69
107900221,175,230,-55
107900223,92,662,-570
107900224,181,461,-280
107900225,9,856,-847
107900226,111,180,-69
107900227,128,544,-416
107900228,35,96,-61
107900229,1,315,-314
107900230,13,159,-146
107900231,12,263,-251
107900232,46,201,-155
107900233,4,218,-214
107900234,102,155,-53
107900235,27,139,-112
107900236,117,89,28
107900237,89,540,-451
107900238,24,113,-89
107900239,1051,498,553
107900240,20,169,-149
107900241,17,117,-100
107900242,35,296,-261
107900243,4,54,-50
107900244,268,4,264
107900245,594,51,543
107900246,297,8,289
107900248,172,544,-372
107900249,723,41,682
107900250,1,704,-703
107900251,62,1748,-1686
107900252,1092,27,1065
107900253,215,5,210
107900254,100,389,-289
107900255,456,90,366
107900256,1742,553,1189
107900257,203,162,41
107900258,131,265,-134
107900259,103,2195,-2092
107900261,0,401,-401
107900262,48,144,-96
107900264,278,4,274
107900265,114,184,-70
107900267,214,13,201
107900268,48,5,43
107900269,0,8,-8
107900270,0,0,0
107900271,3,11,-8
107900272,157,17,140
107900273,36,105,-69
107900274,56,0,56
107900275,32,0,32
107900276,2,78,-76
107900277,0,266,-266
107900278,323,392,-69
107900279,140,182,-42
107900280,2249,2577,-328
107900281,2742,2808,-66
107900282,77,539,-462
107900283,1745,679,1066
107900284,663,839,-176
107900285,98,126,-28
107900286,190,114,76
107900287,159,252,-93
107900290,1,147,-146
107900291,536,12,524
107900292,121,272,-151
107900293,78,530,-452
107900295,101,90,11
107900297,1,367,-366
107900298,1110,924,186
107900299,3486,2955,531
107900300,86,314,-228
107900301,655,656,-1
107900302,174,40,134
107900303,224,355,-131
107900304,248,646,-398
107900305,358,21,337
107900306,16,21,-5
107900307,51,223,-172
107900308,132,118,14
107900309,187,2,185
107900310,446,8,438
107900311,2,183,-181
107900312,132,2,130
107900313,7,147,-140
107900314,2,60,-58
107900315,0,71,-71
107900316,100,4,96
107900317,146,34,112
107900318,12,185,-173
107900319,8,335,-327
107900320,15,178,-163
107900321,162,4,158
107900322,9,122,-113
107900323,59,194,-135
107900324,166,2,164
107900325,79,1,78
107900326,404,400,4
107900327,4,60,-56
107900328,233,0,233
107900329,245,102,143
107900330,10,722,-712
107900331,180,22,158
107900332,294,56,238
107900333,48,12,36
107900334,11,232,-221
107900335,71,48,23
107900336,39,53,-14
107900337,1453,939,514
107900338,9,168,-159
107900339,2,46,-44
107900340,0,55,-55
107900341,71,0,71
107900342,114,63,51
107900343,235,7,228
107900344,6,103,-97
107900345,133,47,86
107900346,29,2,27
107900347,35,2,33
107900348,12,6,6
107900349,26,6,20
107900350,35,285,-250
108000001,3001,4416,-1415
108000002,2665,3479,-814
108000003,4189,3494,695
108000004,17150,19826,-2676
108000005,8733,5951,2782
108000006,9863,9310,553
108000007,5200,4495,705
108000008,5648,7595,-1947
108000009,3594,4900,-1306
108000010,3546,6016,-2470
108000011,12717,12967,-250
108000012,21431,20730,701
108000014,880,669,211
108000015,685,299,386
108000016,309,664,-355
108000017,1167,489,678
108000018,1866,609,1257
108000019,2269,862,1407
108000020,1479,632,847
108000021,474,1880,-1406
108000022,599,1660,-1061
108000023,1268,239,1029
108000024,258,697,-439
108000025,308,307,1
108000026,497,561,-64
108000027,691,522,169
108000028,530,281,249
108000029,484,583,-99
108000030,959,302,657
108000031,427,724,-297
108000032,1553,734,819
108000033,797,1314,-517
108000034,1599,468,1131
108000035,971,2968,-1997
108000036,421,1320,-899
108000037,1761,461,1300
108000038,2583,605,1978
108000039,560,2785,-2225
108000040,1952,980,972
108000041,767,3123,-2356
108000042,235,263,-28
108000043,186,340,-154
108000044,471,179,292
108000045,288,752,-464
108000046,1465,346,1119
108000047,507,1323,-816
108000048,181,541,-360
108000049,825,292,533
108000050,111,586,-475
108000051,305,151,154
108000052,268,939,-671
108000053,348,201,147
108000054,555,1179,-624
108000055,1155,561,594
108000056,1216,1337,-121
108000057,743,1229,-486
108000058,1893,3677,-1784
108000059,3843,2289,1554
108000060,217,427,-210
108000061,200,337,-137
108000062,783,638,145
108000063,489,701,-212
108000064,213,302,-89
108000065,648,797,-149
108000066,1864,928,936
108000067,1854,646,1208
108000068,759,408,351
108000069,228,1245,-1017
108000070,1704,839,865
108000071,701,1854,-1153
108000072,1739,1231,508
108000073,1820,2338,-518
108000074,544,420,124
108000075,358,989,-631
108000076,742,613,129
108000077,768,898,-130
108000078,2123,1558,565
108000079,869,2141,-1272
108000080,1162,616,546
108000081,579,2355,-1776
108000082,1266,2469,-1203
108000083,1976,1002,974
108000084,433,1564,-1131
108000085,726,426,300
108000086,1006,1055,-49
108000087,153,2116,-1963
108000088,163,5,158
108000089,473,421,52
108000090,426,180,246
108000091,308,587,-279
108000092,144,122,22
108000093,199,947,-748
108000094,621,122,499
108000095,154,559,-405
108000096,284,191,93
108000097,156,582,-426
108000098,1594,1723,-129
108000099,296,101,195
108000100,56,214,-158
108000101,1292,1425,-133
108000102,1461,3078,-1617
108000106,870,3,867
108000107,3,896,-893
108000108,658,52,606
108000109,8,842,-834
108000110,166,348,-182
108000111,197,869,-672
108000112,65,166,-101
108000113,632,372,260
108000115,493,363,130
108000117,1000,386,614
108000118,99,228,-129
108000119,754,461,293
108000120,167,874,-707
108000121,175,551,-376
108000122,520,422,98
108000123,585,264,321
108000124,298,733,-435
108000125,343,292,51
108000126,216,514,-298
108000127,521,354,167
108000128,692,639,53
108000129,354,1336,-982
108000130,336,290,46
108000131,857,450,407
108000132,2339,1842,497
108000133,930,583,347
108000134,583,694,-111
108000135,1099,516,583
108000136,647,1189,-542
108000137,518,429,89
108000138,211,572,-361
108000139,471,386,85
108000140,124,43,81
108000141,63,166,-103
108000142,79,131,-52
108000143,31,31,0
108000144,56,25,31
108000145,37,31,6
108000146,93,24,69
108000147,90,62,28
108000148,153,17,136
108000149,34,27,7
108000150,38,11,27
108000151,23,22,1
108000152,113,518,-405
108000153,462,157,305
108000154,78,9,69
108000155,58,21,37
108000156,357,96,261
108000157,213,952,-739
108000158,89,791,-702
108000159,714,231,483
108000160,4677,1211,3466
108000161,4047,2662,1385
108000165,6,196,-190
108000172,5,289,-284
108000173,2710,2126,584
108000175,214,142,72
108000178,472,402,70
108000179,211,880,-669
108000181,94,34,60
108000182,147,20,127
108000183,38,36,2
108000184,1101,2294,-1193
108000185,237,569,-332
108000186,197,57,140
108000187,113,711,-598
108000188,686,356,330
108000189,805,1534,-729
108000190,29,151,-122
108000192,259,676,-417
108000193,912,66,846
108000194,20,13,7
108000195,4,1285,-1281
108000196,194,168,26
108000197,153,558,-405
108000198,550,431,119
108000199,2,156,-154
108000200,470,735,-265
108000202,2,194,-192
108000203,136,839,-703
108000204,133,64,69
108000205,301,551,-250
108000339,1668,444,1224
108000364,138,326,-188
108000365,58,353,-295
108000367,259,545,-286
108000368,17,68,-51
108000369,1273,248,1025
108000371,1,615,-614
108000372,528,2,526
108000373,237,169,68
108000376,68,22,46
108000377,377,322,55
108000378,10142,11375,-1233
108000379,43,251,-208
108000381,52,8,44
108000382,65,3,62
108000383,0,76,-76
108900001,98,1199,-1101
108900002,237,63,174
108900003,328,933,-605
108900004,114,424,-310
108900005,81,349,-268
108900006,774,167,607
108900007,257,224,33
108900008,85,185,-100
108900009,74,131,-57
108900010,196,186,10
108900011,438,431,7
108900012,353,487,-134
108900013,102,285,-183
108900014,14,97,-83
108900015,0,32,-32
108900016,0,256,-256
108900017,251,307,-56
108900018,118,531,-413
108900019,67,1074,-1007
108900020,40,258,-218
108900021,141,341,-200
108900022,161,1,160
108900023,3,60,-57
108900024,11,121,-110
108900025,113,184,-71
108900026,24,107,-83
108900027,0,116,-116
108900028,61,493,-432
108900029,67,263,-196
108900030,0,79,-79
108900031,118,555,-437
108900032,12,302,-290
108900033,0,150,-150
108900034,0,244,-244
108900035,293,1720,-1427
108900036,192,385,-193
108900037,55,477,-422
108900038,1,410,-409
108900039,0,453,-453
108900040,9,169,-160
108900041,6095,3441,2654
108900042,14,355,-341
108900043,54,620,-566
108900044,1,612,-611
108900045,59,626,-567
108900046,68,1001,-933
108900047,0,57,-57
108900048,104,1189,-1085
108900049,5123,1373,3750
108900050,2,308,-306
108900051,2,235,-233
108900052,30,310,-280
108900053,94,197,-103
108900054,88,322,-234
108900055,79,436,-357
108900056,1,212,-211
108900057,0,246,-246
108900058,26,462,-436
108900059,462,32,430
108900060,122,220,-98
108900061,89,44,45
108900062,17,326,-309
108900063,26,463,-437
108900064,208,92,116
108900065,7,298,-291
108900066,299,157,142
108900067,58,211,-153
108900068,3,136,-133
108900069,65,113,-48
108900070,56,163,-107
108900071,98,90,8
108900072,2942,756,2186
108900073,3,87,-84
108900074,192,496,-304
108900075,68,61,7
108900076,315,113,202
108900077,178,156,22
108900078,20,187,-167
108900079,1056,285,771
108900080,53,1160,-1107
108900081,54,294,-240
108900082,52,103,-51
108900083,40,420,-380
108900084,429,178,251
108900085,2316,203,2113
108900086,118,312,-194
108900087,129,308,-179
108900088,1207,456,751
108900089,37,200,-163
108900090,53,407,-354
108900091,153,141,12
108900092,537,423,114
108900093,99,112,-13
108900094,198,115,83
108900095,49,546,-497
108900096,379,24,355
108900097,319,281,38
108900098,3148,868,2280
108900099,375,360,15
108900100,79,179,-100
108900101,226,187,39
108900102,186,1048,-862
108900103,186,127,59
108900104,172,546,-374
108900105,7,1190,-1183
108900106,473,496,-23
108900108,938,60,878
108900109,180,30,150
108900110,253,604,-351
108900111,430,760,-330
108900112,299,26,273
108900113,32,41,-9
108900114,27,11,16
108900115,122,72,50
108900116,90,13,77
108900117,305,12,293
108900118,641,23,618
108900119,257,35,222
108900120,365,199,166
108900121,428,85,343
108900122,109,31,78
108900123,159,131,28
108900124,475,187,288
108900125,445,10,435
108900126,104,48,56
108900127,197,45,152
108900128,121,41,80
108900129,795,143,652
108900130,366,6,360
108900131,481,8,473
108900132,525,89,436
108900133,216,49,167
108900134,343,260,83
108900135,132,12,120
108900136,66,0,66
108900137,153,2,151
108900138,614,37,577
108900139,727,138,589
108900140,275,328,-53
108900141,328,13,315
108900142,99,3,96
108900143,58,2,56
108900144,95,2,93
108900145,150,15,135
108900146,68,0,68
108900147,241,1,240
108900148,77,42,35
108900149,544,368,176
108900150,232,3,229
108900151,111,2,109
108900152,135,76,59
108900153,140,453,-313
108900154,5088,501,4587
108900155,233,76,157
108900156,93,8,85
108900157,21,620,-599
108900158,372,38,334
108900159,4,358,-354
108900160,13,298,-285
108900161,27,512,-485
108900162,68,0,68
108900163,7,277,-270
108900164,71,99,-28
108900165,189,119,70
108900167,2272,6306,-4034
108900168,9669,3038,6631
108900169,68,140,-72
108900171,10309,3229,7080
108900172,170,37,133
108900173,247,461,-214
108900174,798,650,148
108900176,133,453,-320
108900177,7621,4818,2803
108900178,5522,3400,2122
108900179,737,1605,-868
108900180,111,352,-241
108900182,28,333,-305
108900183,213,259,-46
108900184,468,290,178
108900185,142,442,-300
108900186,72,419,-347
108900187,355,70,285
108900188,525,91,434
108900189,451,197,254
108900190,55,3670,-3615
108900191,220,36,184
108900192,119,287,-168
108900193,225,78,147
108900194,28,375,-347
108900195,98,340,-242
108900196,43,498,-455
108900198,3,642,-639
108900199,265,429,-164
108900200,1026,422,604
108900201,513,1600,-1087
108900203,542,55,487
108900204,367,12,355
108900205,186,24,162
108900206,493,61,432
108900207,195,95,100
108900208,11,393,-382
108900209,262,740,-478
108900210,221,264,-43
108900211,159,456,-297
108900212,786,1109,-323
108900215,130,589,-459
108900216,441,141,300
108900217,143,0,143
108900218,142,22,120
108900219,105,9,96
108900220,54,25,29
108900221,32,177,-145
108900222,234,9,225
108900223,9,101,-92
108900224,32,178,-146
108900225,1,216,-215
108900226,294,21,273
108900227,120,268,-148
108900230,311,352,-41
108900231,48,247,-199
108900232,2,391,-389
108900233,501,122,379
108900234,396,155,241
108900235,201,720,-519
108900236,64,439,-375
108900237,89,328,-239
108900240,145,138,7
108900241,45,61,-16
108900245,7,1499,-1492
108900249,129,48,81
108900250,260,129,131
108900257,269,763,-494
108900258,6,250,-244
108900259,89,107,-18
108900260,11,124,-113
108900261,104,141,-37
108900262,215,179,36
108900263,41,191,-150
108900264,574,266,308
108900265,1088,320,768
108900266,1087,503,584
108900267,2,101,-99
108900268,5,2,3
108900269,61,9,52
108900270,57,17,40
108900271,35,4,31
108900272,214,7,207
108900273,1131,665,466
108900274,76,83,-7
109000001,3328,1420,1908
109000002,2228,1493,735
109000003,2935,567,2368
109000004,538,2868,-2330
109000005,2903,817,2086
109000006,785,2509,-1724
109000007,1808,722,1086
109000008,627,2274,-1647
109000009,3709,1475,2234
109000010,1519,4630,-3111
109000011,3463,2294,1169
109000012,2113,4156,-2043
109000013,4218,3420,798
109000014,2091,4328,-2237
109000015,3823,7269,-3446
109000016,9249,4989,4260
109000017,2566,1387,1179
109000018,1078,3655,-2577
109000019,3169,1406,1763
109000020,1188,2389,-1201
109000023,235,40,195
109000024,3,221,-218
109000025,433,542,-109
109000026,922,413,509
109000027,129,339,-210
109000028,196,135,61
109000029,237,242,-5
109000030,91,706,-615
109000031,189,150,39
109000032,172,569,-397
109000033,434,198,236
109000034,61,31,30
109000035,16,69,-53
109000036,99,427,-328
109000037,210,1367,-1157
109000038,719,450,269
109000039,1054,931,123
109000040,5526,8467,-2941
109000041,4968,2020,2948
109000042,914,1494,-580
109000044,513,57,456
109000045,174,410,-236
109000046,420,117,303
109000047,83,507,-424
109000048,1086,185,901
109000049,421,752,-331
109000050,566,316,250
109000051,394,347,47
109000052,621,1472,-851
109000053,219,125,94
109000054,272,854,-582
109000055,291,337,-46
109000056,347,658,-311
109000057,671,480,191
109000058,1300,404,896
109000059,1037,1466,-429
109000060,529,323,206
109000061,1383,1175,208
109000062,156,355,-199
109000063,252,257,-5
109000064,233,221,12
109000065,184,303,-119
109000066,354,113,241
109000067,82,369,-287
109000068,1782,8,1774
109000069,826,35,791
109000070,6,1111,-1105
109000071,508,102,406
109000072,132,413,-281
109000073,94,130,-36
109000074,90,239,-149
109000075,104,439,-335
109000076,88,225,-137
109000077,446,330,116
109000078,46,145,-99
109000079,133,188,-55
109000080,97,141,-44
109000081,107,600,-493
109000082,527,246,281
109000083,317,910,-593
109000088,178,645,-467
109000089,233,48,185
109000090,260,481,-221
109000091,367,184,183
109000092,462,657,-195
109000093,252,215,37
109000094,507,2,505
109000095,139,562,-423
109000096,667,286,381
109000097,95,188,-93
109000098,74,119,-45
109000099,943,467,476
109000100,194,700,-506
109000101,1722,961,761
109000102,358,1005,-647
109000103,475,789,-314
109000104,1732,821,911
109000105,620,1539,-919
109000106,2225,914,1311
109000107,670,2677,-2007
109000108,1884,717,1167
109000109,510,2412,-1902
109000110,1363,629,734
109000111,1067,2663,-1596
109000112,452,190,262
109000113,310,235,75
109000114,181,394,-213
109000115,1464,48,1416
109000116,4,291,-287
109000117,201,95,106
109000118,6,370,-364
109000119,1228,344,884
109000120,200,1142,-942
109000121,413,47,366
109000122,135,1046,-911
109000123,20,103,-83
109000124,658,499,159
109000125,963,403,560
109000126,413,1061,-648
109000127,849,260,589
109000128,561,2098,-1537
109000129,2482,899,1583
109000130,717,2914,-2197
109000131,846,536,310
109000132,782,2376,-1594
109000133,395,1175,-780
109000134,1063,1742,-679
109000135,1555,1585,-30
109000136,322,417,-95
109000137,219,412,-193
109000138,484,458,26
109000139,486,410,76
109000140,213,500,-287
109000141,570,565,5
109000142,129,647,-518
109000143,132,76,56
109000145,96,231,-135
109000146,42,137,-95
109000148,4729,2464,2265
109000149,26,41,-15
109000150,97,237,-140
109000155,821,789,32
109000156,1545,862,683
109000158,215,368,-153
109000159,240,651,-411
109000160,1156,263,893
109000161,415,1506,-1091
109000162,2171,858,1313
109000163,1097,2253,-1156
109000164,1268,3116,-1848
109000165,1262,728,534
109000166,797,133,664
109000167,128,803,-675
109000170,45,71,-26
109000171,79,50,29
109000172,50,59,-9
109000173,27,98,-71
109000174,131,57,74
109000175,76,121,-45
109000176,367,225,142
109000177,37,133,-96
109000178,317,113,204
109000179,7192,5190,2002
109000180,7149,4312,2837
109000181,16,34,-18
109000182,51,47,4
109000183,43,68,-25
109000184,35,29,6
109000185,32,92,-60
109000188,917,2618,-1701
109000189,3615,1231,2384
109000190,973,581,392
109000191,360,630,-270
109000192,416,284,132
109000193,200,436,-236
109000194,240,150,90
109000195,160,478,-318
109000196,309,138,171
109000197,208,531,-323
109000198,390,71,319
109000199,123,582,-459
109000206,282,54,228
109000207,138,53,85
109000208,127,98,29
109000209,150,107,43
109000210,225,626,-401
109000211,199,431,-232
109000214,410,575,-165
109000215,161,82,79
109000216,320,258,62
109000217,217,135,82
109000218,396,219,177
109000221,547,1297,-750
109000222,941,236,705
109000223,360,389,-29
109000224,48,188,-140
109000225,85,45,40
109000226,40,289,-249
109000227,1211,1386,-175
109000228,1,526,-525
109000231,3,401,-398
109000232,328,480,-152
109000236,358,932,-574
109000241,2156,2352,-196
109000242,1881,1749,132
109000293,19,88,-69
109000361,111,337,-226
109000364,257,684,-427
109000396,5,744,-739
109000397,569,12,557
109000399,113,547,-434
109000400,78,268,-190
109000403,198,758,-560
109000406,362,17,345
109000407,375,267,108
109000408,1,319,-318
109000410,1248,315,933
109000411,53,22,31
109900001,139,0,139
109900002,823,28,795
109900003,231,1,230
109900004,1261,267,994
109900005,20,12,8
109900006,360,341,19
109900007,731,816,-85
109900008,0,37,-37
109900009,178,724,-546
109900010,499,24,475
109900011,162,57,105
109900012,318,270,48
109900013,484,209,275
109900014,423,56,367
109900015,578,235,343
109900016,134,36,98
109900017,187,227,-40
109900018,283,130,153
109900019,206,77,129
109900020,38,53,-15
109900021,58,14,44
109900022,54,280,-226
109900023,18,4,14
109900024,26,4,22
109900025,11,79,-68
109900026,3,261,-258
109900027,36,25,11
109900028,2234,952,1282
109900029,5,545,-540
109900030,72,9,63
109900031,0,212,-212
109900032,4,337,-333
109900033,4,592,-588
109900034,22,1,21
109900035,7,28,-21
109900036,25,86,-61
109900037,33,684,-651
109900038,55,322,-267
109900039,5,1,4
109900040,17,722,-705
109900041,82,460,-378
109900042,36,500,-464
109900044,108,256,-148
109900045,81,70,11
109900046,15,106,-91
109900047,383,371,12
109900048,3,113,-110
109900049,11,34,-23
109900050,0,249,-249
109900051,0,49,-49
109900052,180,440,-260
109900053,8,514,-506
109900054,665,263,402
109900055,61,400,-339
109900056,21,165,-144
109900057,10,211,-201
109900058,2,99,-97
109900059,722,131,591
109900060,488,186,302
109900061,66,406,-340
109900062,2,275,-273
109900063,13,505,-492
109900064,645,277,368
109900065,111,164,-53
109900066,356,1111,-755
109900067,1,341,-340
109900068,91,5,86
109900069,2,44,-42
109900070,57,433,-376
109900071,4,39,-35
109900072,29,187,-158
109900073,368,807,-439
109900074,13,60,-47
109900075,31,28,3
109900076,21,241,-220
109900077,18,78,-60
109900078,134,272,-138
109900080,215,504,-289
109900081,55,225,-170
109900082,40,511,-471
109900083,17,104,-87
109900084,52,166,-114
109900085,254,1092,-838
109900086,139,416,-277
109900087,323,597,-274
109900089,641,175,466
109900090,619,1450,-831
109900091,383,91,292
109900092,788,7,781
109900093,884,176,708
109900094,97,100,-3
109900095,127,308,-181
109900096,35,7,28
109900097,64,1,63
109900098,377,39,338
109900099,115,0,115
109900100,44,0,44
109900101,461,22,439
109900102,410,26,384
109900103,30,35,-5
109900104,470,920,-450
109900105,580,35,545
109900106,389,72,317
109900107,385,120,265
109900108,114,368,-254
109900109,37,151,-114
109900110,93,475,-382
109900111,434,1190,-756
109900112,512,895,-383
109900113,955,638,317
109900114,1659,682,977
109900115,181,115,66
109900117,1054,219,835
109900118,306,523,-217
109900119,705,316,389
109900120,62,11,51
109900121,548,435,113
109900122,381,10,371
109900123,22,197,-175
109900124,51,687,-636
109900125,6,190,-184
109900126,269,179,90
109900128,348,65,283
109900130,10333,2878,7455
109900131,81,210,-129
109900132,54,136,-82
109900133,81,351,-270
109900134,72,79,-7
109900135,471,113,358
109900136,56,201,-145
109900137,87,385,-298
109900138,372,441,-69
109900140,205,268,-63
109900141,524,348,176
109900142,1525,374,1151
109900145,5,507,-502
109900146,618,69,549
109900148,46,84,-38
109900149,66,64,2
109900150,11,112,-101
109900151,7,75,-68
109900152,0,19,-19
109900153,0,49,-49
109900154,30,0,30
109900155,82,17,65
109900157,90,288,-198
109900158,96,145,-49
109900159,224,57,167
109900160,172,66,106
109900161,262,100,162
109900162,254,136,118
109900163,880,359,521
109900164,47,232,-185
109900165,448,3,445
109900166,6,162,-156
109900167,206,627,-421
109900168,226,725,-499
109900169,282,210,72
109900170,334,816,-482
109900171,238,104,134
109900172,191,293,-102
109900173,4236,2528,1708
109900174,67,171,-104
109900175,76,77,-1
109900176,83,232,-149
109900177,31,285,-254
109900178,4,110,-106
109900179,12,27,-15
109900180,6,25,-19
110000001,937,701,236
110000002,594,768,-174
110000003,1208,832,376
110000004,559,672,-113
110000005,637,2202,-1565
110000006,520,358,162
110000007,131,146,-15
110000008,14,81,-67
110000009,102,53,49
110000010,31,73,-42
110000011,46,122,-76
110000012,753,583,170
110000013,45,629,-584
110000014,590,407,183
110000015,316,621,-305
110000016,315,1750,-1435
110000017,3127,291,2836
110000018,3489,542,2947
110000019,3,115,-112
110000020,387,206,181
110000021,810,540,270
110000022,1091,292,799
110000023,2,137,-135
110000024,1032,408,624
110000025,267,8,259
110000026,5,375,-370
110000027,1657,515,1142
110000028,941,847,94
110000029,602,1022,-420
110000030,216,429,-213
110000031,343,731,-388
110000032,685,526,159
110000033,517,84,433
110000034,541,964,-423
110000035,1151,770,381
110000036,1148,919,229
110000037,395,589,-194
110000038,292,764,-472
110000039,888,3537,-2649
110000040,409,443,-34
110000041,419,1582,-1163
110000042,100,337,-237
110000043,832,324,508
110000044,160,205,-45
110000045,1525,88,1437
110000046,16,23,-7
110000047,196,28,168
110000048,23,12,11
110000049,106,12,94
110000050,10,60,-50
110000051,117,9,108
110000052,16,30,-14
110000053,451,6,445
110000054,199,308,-109
110000055,775,28,747
110000056,174,53,121
110000057,505,818,-313
110000058,1581,692,889
110000059,1039,654,385
110000060,752,1270,-518
110000061,938,993,-55
110000062,730,1111,-381
110000063,43,126,-83
110000064,149,105,44
110000065,75,112,-37
110000066,91,52,39
110000067,123,336,-213
110000068,419,360,59
110000069,316,163,153
110000071,136,193,-57
110000073,4,23,-19
110000075,11,119,-108
110000076,371,420,-49
110000077,524,1420,-896
110000078,28,73,-45
110000080,331,836,-505
110000081,31,410,-379
110000082,33,398,-365
110000083,250,694,-444
110000084,986,941,45
110000085,2626,1861,765
110000086,1630,2390,-760
110000087,5,90,-85
110000088,79,288,-209
110000089,306,170,136
110000090,193,391,-198
110000091,1767,445,1322
110000092,36,113,-77
110000093,69,10,59
110000094,531,310,221
110000095,263,791,-528
110000096,2878,2122,756
110000097,1209,1634,-425
110000098,2283,891,1392
110000099,839,1825,-986
110000100,888,680,208
110000101,28,467,-439
110000102,48,28,20
110000104,320,123,197
110000105,89,267,-178
110000106,701,390,311
110000107,328,427,-99
110000108,156,64,92
110000109,306,337,-31
110000110,4391,6285,-1894
110000111,8786,3436,5350
110000112,1709,1195,514
110000113,643,2224,-1581
110000114,133,646,-513
110000115,342,311,31
110000116,54,58,-4
110000117,196,519,-323
110000118,439,211,228
110000119,222,423,-201
110000120,512,199,313
110000121,134,390,-256
110000122,397,765,-368
110000123,588,922,-334
110000124,6,1091,-1085
110000125,1110,7,1103
110000126,355,37,318
110000127,1257,56,1201
110000128,57,1777,-1720
110000129,3,522,-519
110000130,310,197,113
110000131,98,391,-293
110000132,2,799,-797
110000133,53,575,-522
110000134,38,413,-375
110000135,205,30,175
110000136,67,368,-301
110000137,531,845,-314
110000138,923,795,128
110000139,924,1681,-757
110000140,1177,674,503
110000143,783,457,326
110000144,6205,1954,4251
110000145,2173,1051,1122
110000146,2587,1065,1522
110000147,480,838,-358
110000148,491,381,110
110000151,1103,858,245
110000152,1130,446,684
110000153,110,54,56
110000154,110,41,69
110000155,2578,4487,-1909
110000156,1160,2421,-1261
110000157,2256,2101,155
110000160,397,308,89
110000161,186,377,-191
110000166,570,141,429
110000167,912,676,236
110000168,958,430,528
110000169,922,353,569
110000170,168,99,69
110000171,648,148,500
110000172,180,977,-797
110000173,1076,1473,-397
110000174,239,1413,-1174
110000175,582,77,505
110000176,78,318,-240
110000177,173,974,-801
110000178,591,1508,-917
110000179,1653,440,1213
110000180,198,336,-138
110000181,416,515,-99
110000182,398,244,154
110000183,12350,7278,5072
110000184,678,2434,-1756
110000185,1562,826,736
110000186,987,1215,-228
110000191,784,388,396
110000192,597,8,589
110000193,950,9,941
110000194,26,1564,-1538
110000195,401,384,17
110000196,393,474,-81
110000197,111,253,-142
110000198,111,90,21
110000199,88,166,-78
110000200,1463,643,820
110000201,920,1016,-96
110000202,1455,639,816
110000203,820,1009,-189
110000204,8,335,-327
110000205,141,64,77
110000206,753,1749,-996
110000207,889,450,439
110000208,246,185,61
110000209,170,901,-731
110000210,895,698,197
110000211,711,807,-96
110000212,422,1179,-757
110000213,215,95,120
110000214,252,136,116
110000215,203,539,-336
110000216,99,603,-504
110000217,318,197,121
110000218,138,452,-314
110000219,322,86,236
110000220,84,390,-306
110000221,297,90,207
110000222,93,274,-181
110000223,3,146,-143
110000224,65,24,41
110000225,236,809,-573
110000226,235,68,167
110000227,817,767,50
110000228,401,314,87
110000229,3,256,-253
110000230,645,587,58
110000231,136,250,-114
110000232,219,239,-20
110000233,168,363,-195
110000234,913,529,384
110000235,1024,1172,-148
110000236,554,831,-277
110000237,1884,1251,633
110000238,1229,1436,-207
110000239,2028,1414,614
110000240,0,87,-87
110000242,0,14,-14
110000243,127,180,-53
110000244,159,339,-180
110000245,51,429,-378
110000246,921,616,305
110000247,1909,6635,-4726
110000248,3194,2213,981
110000249,69,7,62
110000250,45,247,-202
110000251,294,770,-476
110000252,265,266,-1
110000253,1401,653,748
110000254,849,1767,-918
110000255,284,1284,-1000
110000256,561,348,213
110000257,900,434,466
110000258,11,588,-577
110000259,109,24,85
110000260,28,412,-384
110000263,794,152,642
110000264,394,649,-255
110000265,1154,2138,-984
110000266,2803,3453,-650
110000267,20,343,-323
110000268,372,639,-267
110000269,5,155,-150
110000270,57,2,55
110000271,2057,332,1725
110000272,1136,1146,-10
110000273,5066,1746,3320
110000274,232,1565,-1333
110000275,2712,619,2093
110000276,179,429,-250
110000277,227,502,-275
110000278,296,863,-567
110000279,897,814,83
110000280,472,519,-47
110000281,38,270,-232
110000282,344,53,291
110000283,76,142,-66
110000284,81,60,21
110000285,2,608,-606
110000286,39,0,39
110000287,64,1,63
110000288,2,159,-157
110000289,497,1919,-1422
110000290,1187,726,461
110000291,6891,1706,5185
110000292,1568,5412,-3844
110000293,701,893,-192
110000294,1076,1299,-223
110000295,346,1228,-882
110000296,708,535,173
110000297,3300,472,2828
110000298,298,639,-341
110000299,644,129,515
110000301,266,34,232
110000302,190,1116,-926
110000303,403,9,394
110000304,77,290,-213
110000305,1366,29,1337
110000306,146,1614,-1468
110000307,1702,12,1690
110000308,768,7,761
110000309,3,1151,-1148
110000310,788,52,736
110000311,23,844,-821
110000312,567,90,477
110000313,4435,4365,70
110000314,1,428,-427
110000315,4246,2805,1441
110000316,553,1446,-893
110000317,656,334,322
110000318,15,71,-56
110000319,11,33,-22
110000320,70,37,33
110000321,33,53,-20
110000322,317,475,-158
110000323,462,271,191
110000324,4228,1467,2761
110000325,3303,3332,-29
110000327,765,489,276
110000328,308,429,-121
110000333,964,768,196
110000334,1039,1674,-635
110000335,934,737,197
110000336,806,1280,-474
110000337,1443,743,700
110000338,458,289,169
110000339,329,288,41
110000340,59,202,-143
110000341,505,579,-74
110000342,667,8,659
110000343,0,25,-25
110000344,68,182,-114
110000345,131,122,9
110000346,2762,2041,721
110000347,1147,932,215
110000348,31,29,2
110000349,18,25,-7
110000350,62,11,51
110000351,1104,980,124
110000352,722,1888,-1166
110000353,2761,826,1935
110000354,1623,3095,-1472
110000355,129,133,-4
110000356,653,6,647
110000357,468,23,445
110000361,36,89,-53
110000362,65,151,-86
110000363,367,144,223
110000364,264,374,-110
110000365,196,2,194
110000366,1,108,-107
110000367,501,315,186
110000368,3,84,-81
110000369,41,1,40
110000373,2,367,-365
110000374,280,20,260
110000375,135,1073,-938
110000376,35,98,-63
110000377,59,653,-594
110000378,22,438,-416
110000379,3383,1814,1569
110000380,34,17,17
110000383,2,818,-816
110000384,2265,625,1640
110000385,3,309,-306
110000387,112,4,108
110000388,42,224,-182
110000389,788,4,784
110000391,519,486,33
110000396,139,137,2
110000397,114,201,-87
110000398,2,31,-29
110000399,172,3,169
110000587,128,54,74
110000589,188,175,13
110000640,271,99,172
110000652,67,158,-91
110000653,269,501,-232
110000654,39,56,-17
110000656,2,751,-749
110000674,46,24,22
110000675,17,19,-2
110000676,18,49,-31
110000679,441,1473,-1032
110000682,116,244,-128
110000683,349,678,-329
110000684,11,56,-45
110000685,17,18,-1
110000686,6,55,-49
110000687,51,8,43
110000688,47,852,-805
110000689,32,66,-34
110000692,67,185,-118
110000693,115,332,-217
110000694,1,202,-201
110000695,314,784,-470
110000696,143,148,-5
110900001,410,25,385
110900002,492,299,193
110900003,762,858,-96
110900004,495,272,223
110900005,4006,2238,1768
110900006,20,7,13
110900007,130,34,96
110900008,18,43,-25
110900009,477,122,355
110900010,7,100,-93
110900011,16,112,-96
110900012,28,133,-105
110900013,1015,156,859
110900014,220,15,205
110900015,818,681,137
110900016,57,186,-129
110900017,449,46,403
110900018,576,78,498
110900019,198,31,167
110900020,117,489,-372
110900021,89,717,-628
110900022,98,384,-286
110900023,124,592,-468
110900024,34,498,-464
110900025,1,53,-52
110900027,51,331,-280
110900028,48,203,-155
110900029,44,430,-386
110900030,46,403,-357
110900031,0,207,-207
110900032,1,118,-117
110900033,53,318,-265
110900035,20,579,-559
110900036,63,48,15
110900037,100,40,60
110900038,1450,239,1211
110900039,12,281,-269
110900040,248,41,207
110900041,8,181,-173
110900042,119,61,58
110900043,5,161,-156
110900044,330,19,311
110900045,50,549,-499
110900046,64,378,-314
110900047,788,281,507
110900049,140,94,46
110900050,37,3,34
110900051,40,238,-198
110900052,7,216,-209
110900053,94,56,38
110900054,29,304,-275
110900055,28,3,25
110900056,65,149,-84
110900057,20,224,-204
110900058,270,257,13
110900059,632,752,-120
110900060,601,151,450
110900061,21,51,-30
110900062,172,284,-112
110900063,52,141,-89
110900064,9,0,9
110900065,342,124,218
110900066,9,102,-93
110900067,394,721,-327
110900068,245,288,-43
110900069,13,30,-17
110900070,152,75,77
110900071,339,678,-339
110900073,0,23,-23
110900074,399,145,254
110900075,380,101,279
110900077,839,599,240
110900078,52,117,-65
110900079,2531,1260,1271
110900080,122,104,18
110900081,11,81,-70
110900082,138,179,-41
110900083,168,51,117
110900084,64,135,-71
110900085,51,429,-378
110900086,53,382,-329
110900087,310,88,222
110900088,14,0,14
110900090,30,36,-6
110900091,1,60,-59
110900093,288,108,180
110900095,46,67,-21
110900097,17,24,-7
110900098,29,152,-123
110900099,62,583,-521
110900100,0,22,-22
110900102,56,36,20
110900105,720,411,309
110900108,6,96,-90
110900111,557,140,417
110900112,791,10,781
110900113,543,72,471
110900115,9,71,-62
110900116,679,2456,-1777
110900118,113,2909,-2796
110900119,5325,555,4770
110900120,9,119,-110
110900121,137,1,136
110900122,427,168,259
110900125,328,409,-81
110900127,726,1514,-788
110900128,227,284,-57
110900129,459,872,-413
110900130,1173,479,694
110900131,272,60,212
110900132,301,90,211
110900133,128,305,-177
110900135,192,474,-282
110900136,321,20,301
110900137,94,0,94
110900138,797,217,580
110900139,29,43,-14
110900140,92,2,90
110900141,5,80,-75
110900142,66,228,-162
110900143,174,101,73
110900144,3,824,-821
110900145,166,54,112
110900146,367,188,179
110900147,139,317,-178
110900148,3,351,-348
110900149,1,112,-111
110900150,50,31,19
110900151,5,56,-51
110900152,30,286,-256
110900153,132,29,103
111000001,647,264,383
111000002,516,607,-91
111000003,1257,908,349
111000004,587,1148,-561
111000005,1626,1710,-84
111000006,1192,1999,-807
111000007,5345,3948,1397
111000008,3267,4280,-1013
111000009,305,1013,-708
111000010,947,315,632
111000011,297,964,-667
111000012,758,463,295
111000013,318,848,-530
111000014,920,587,333
111000017,130,937,-807
111000018,272,434,-162
111000020,1460,3080,-1620
111000021,120,137,-17
111000023,91,98,-7
111000025,6532,3656,2876
111000029,59,135,-76
111000030,45,143,-98
111000031,2320,1376,944
111000032,653,367,286
111000033,327,315,12
111000034,355,220,135
111000037,2860,1447,1413
111000038,4413,2935,1478
111000039,2271,2884,-613
111000040,1990,2907,-917
111000041,2097,2194,-97
111000042,5061,3255,1806
111000043,2173,3530,-1357
111000044,1734,1122,612
111000045,2267,2221,46
111000046,1750,1645,105
111000047,2707,3909,-1202
111000049,576,767,-191
111000050,1952,1784,168
111000051,675,1359,-684
111000052,672,2103,-1431
111000053,469,1253,-784
111000054,345,1111,-766
111000055,1210,2453,-1243
111000056,103,750,-647
111000057,82,669,-587
111000058,336,111,225
111000059,410,327,83
111000060,3685,975,2710
111000061,591,422,169
111000062,778,347,431
111000063,1890,1090,800
111000064,572,668,-96
111000065,1294,1008,286
111000066,531,426,105
111000067,681,699,-18
111000068,601,1093,-492
111000069,1984,2550,-566
111000070,1357,1114,243
111000071,231,775,-544
111000072,904,425,479
111000073,285,716,-431
111000074,1606,1841,-235
111000075,1155,821,334
111000076,585,728,-143
111000077,1761,1877,-116
111000078,2943,1658,1285
111000079,1513,887,626
111000080,662,788,-126
111000081,1997,4655,-2658
111000082,723,789,-66
111000084,867,626,241
111000085,1006,1700,-694
111000086,2988,1376,1612
111000087,760,852,-92
111000088,6356,2512,3844
111000089,807,922,-115
111000090,1116,1659,-543
111000091,990,723,267
111000092,1509,1127,382
111000093,820,1295,-475
111000094,2118,1175,943
111000095,859,2530,-1671
111000096,2602,8770,-6168
111000097,5774,1505,4269
111000098,755,1382,-627
111000099,691,2424,-1733
111000100,497,2127,-1630
111000101,429,950,-521
111000102,174,782,-608
111000104,686,207,479
111000107,106,819,-713
111000109,755,303,452
111000110,1742,926,816
111000111,2118,682,1436
111000112,1721,639,1082
111000113,840,1428,-588
111000114,1609,3341,-1732
111000115,7823,1378,6445
111000116,983,1207,-224
111000117,486,1162,-676
111000118,1569,1196,373
111000119,1245,1609,-364
111000120,506,785,-279
111000121,233,740,-507
111000122,711,1292,-581
111000123,1233,3647,-2414
111000124,651,3502,-2851
111000125,214,1974,-1760
111000126,157,1050,-893
111000127,951,166,785
111000128,1709,354,1355
111000129,3176,561,2615
111000130,2248,808,1440
111000131,1751,685,1066
111000132,1282,869,413
111000133,155,211,-56
111000134,193,153,40
111000135,51,128,-77
111000136,323,369,-46
111000138,21,11,10
111000140,1,12,-11
111000141,366,392,-26
111000142,5,113,-108
111000143,7,77,-70
111000144,31,139,-108
111000145,1326,16,1310
111000146,90,20,70
111000147,267,36,231
111000148,448,93,355
111000149,9,67,-58
111000150,7,19,-12
111000151,8,36,-28
111000153,673,887,-214
111000154,951,193,758
111000155,131,233,-102
111000156,389,615,-226
111000157,245,998,-753
111000158,1115,685,430
111000159,3064,778,2286
111000160,337,321,16
111000161,16,331,-315
111000162,38,206,-168
111000163,718,1112,-394
111000164,831,4620,-3789
111000165,1519,786,733
111000166,2679,560,2119
111000167,171,568,-397
111000168,299,534,-235
111000169,436,762,-326
111000170,645,480,165
111000171,509,863,-354
111000172,163,472,-309
111000173,392,812,-420
111000174,204,512,-308
111000175,59,327,-268
111000176,344,158,186
111000177,339,200,139
111000178,1111,276,835
111000179,198,170,28
111000180,250,416,-166
111000181,1074,330,744
111000182,219,267,-48
111000183,297,388,-91
111000184,398,338,60
111000185,406,575,-169
111000186,273,377,-104
111000187,143,288,-145
111000188,197,509,-312
111000189,1349,621,728
111000190,236,463,-227
111000191,159,476,-317
111000192,291,598,-307
111000193,363,396,-33
111000194,41,354,-313
111000195,104,395,-291
111000196,64,281,-217
111000197,341,161,180
111000198,465,106,359
111000199,174,172,2
111000200,325,339,-14
111000201,544,272,272
111000202,226,242,-16
111000203,234,252,-18
111000204,340,681,-341
111000213,181,426,-245
111000214,2046,1654,392
111000215,1088,1480,-392
111000217,1349,1105,244
111000218,1566,1277,289
111000219,449,221,228
111000220,2729,921,1808
111000221,804,150,654
111000224,2,277,-275
111000225,280,59,221
111000226,187,6,181
111000227,45,3,42
111000228,24,480,-456
111000229,46,865,-819
111000230,454,631,-177
111000231,1037,1170,-133
111000232,594,1036,-442
111000233,747,841,-94
111000234,175,528,-353
111000239,133,156,-23
111000240,32,247,-215
111000241,44,352,-308
111000242,167,103,64
111000243,113,669,-556
111000244,383,111,272
111000245,976,606,370
111000246,399,575,-176
111000247,303,1034,-731
111000248,649,534,115
111000249,506,919,-413
111000250,58,142,-84
111000251,68,141,-73
111000253,17,13,4
111000255,24,7,17
111000257,21,22,-1
111000260,94,1277,-1183
111000261,1315,100,1215
111000271,55,268,-213
111000273,6190,1612,4578
111000274,1316,2401,-1085
111000275,157,81,76
111000276,361,2528,-2167
111000277,344,477,-133
111000278,690,302,388
111000291,774,5807,-5033
111000298,613,237,376
111000299,717,161,556
111000300,93,703,-610
111000302,324,106,218
111000303,101,267,-166
111000312,56,83,-27
111000315,0,21,-21
111000320,460,836,-376
111000321,386,108,278
111000322,344,545,-201
111000323,193,38,155
111000324,377,364,13
111000325,30,86,-56
111000326,181,321,-140
111000327,351,534,-183
111000328,214,532,-318
111000329,3,34,-31
111000330,71,19,52
111000331,14,11,3
111000332,587,1695,-1108
111000334,396,1530,-1134
111000335,649,255,394
111000337,1165,504,661
111000338,99,133,-34
111000339,618,652,-34
111000340,95,874,-779
111000341,1051,676,375
111000342,235,377,-142
111000344,992,748,244
111000345,275,72,203
111000346,16,118,-102
111000347,170,15,155
111000350,142,145,-3
111000351,114,297,-183
111000352,187,160,27
111000353,132,339,-207
111000354,599,162,437
111000355,328,690,-362
111000358,192,1756,-1564
111000360,225,838,-613
111000361,122,384,-262
111000546,729,702,27
111000547,413,672,-259
111000548,158,299,-141
111000549,295,513,-218
111000550,74,768,-694
111000551,757,197,560
111000552,1452,104,1348
111000907,1024,26,998
111000908,13,1,12
111000916,1599,397,1202
111000917,41,528,-487
111000918,201,1116,-915
111000920,433,22,411
111000921,2,319,-317
111000922,483,381,102
111000924,40,988,-948
111000925,1973,2419,-446
111000926,947,1979,-1032
111000927,2943,5596,-2653
111000928,5467,4517,950
111000929,1246,1384,-138
111000930,851,2799,-1948
111000931,2304,2833,-529
111000932,5323,3008,2315
111000933,3913,2502,1411
111000934,2306,4017,-1711
111000935,1447,1179,268
111000936,1206,2398,-1192
111000937,902,1448,-546
111000938,1891,1892,-1
111000939,404,42,362
111000940,399,191,208
111000941,321,602,-281
111000943,337,290,47
111000944,180,505,-325
111000945,99,2070,-1971
111001109,544,351,193
111001110,210,712,-502
111001111,70,10,60
111001112,227,6,221
111001113,1,196,-195
111001114,1730,108,1622
111001115,42,349,-307
111001116,6147,4244,1903
111001117,721,2401,-1680
111001120,96,317,-221
111001121,150,293,-143
111001122,20,391,-371
111900001,19,159,-140
111900002,26,805,-779
111900003,4,484,-480
111900004,44,189,-145
111900006,3,25,-22
111900007,95,6,89
111900008,174,2,172
111900009,175,232,-57
111900010,372,636,-264
111900012,261,193,68
111900013,8,120,-112
111900014,6944,3565,3379
111900015,4,92,-88
111900016,0,156,-156
111900017,1,139,-138
111900018,173,7,166
111900019,4,137,-133
111900020,2,72,-70
111900021,24,120,-96
111900022,18,98,-80
111900023,108,107,1
111900024,0,97,-97
111900025,0,51,-51
111900026,0,142,-142
111900027,5,208,-203
111900028,3,475,-472
111900029,4,135,-131
111900030,60,355,-295
111900031,15,36,-21
111900032,1,437,-436
111900033,3,140,-137
111900034,286,384,-98
111900035,46,222,-176
111900036,2,353,-351
111900038,375,619,-244
111900039,52,491,-439
111900040,2,635,-633
111900042,41,129,-88
111900043,3,472,-469
111900044,370,317,53
111900046,51,216,-165
111900048,157,649,-492
111900049,32,323,-291
111900050,116,29,87
111900051,3,174,-171
111900052,449,722,-273
111900053,1348,1264,84
111900054,131,4,127
111900055,19,343,-324
111900056,246,278,-32
111900057,123,35,88
111900058,450,752,-302
111900059,2104,537,1567
111900060,394,1,393
111900061,9,197,-188
111900062,45,62,-17
111900063,204,311,-107
111900064,63,143,-80
111900065,95,40,55
111900066,141,151,-10
111900067,3,324,-321
111900068,46,36,10
111900069,78,43,35
111900070,109,164,-55
111900071,1,271,-270
111900072,44,12,32
111900073,852,135,717
111900074,15,177,-162
111900075,74,7,67
111900076,133,43,90
111900077,40,2,38
111900078,327,24,303
111900079,41,28,13
111900080,249,227,22
111900081,698,143,555
111900082,91,24,67
111900083,88,17,71
111900084,124,12,112
111900085,41,108,-67
111900086,15,3,12
111900087,50,2,48
111900088,471,5,466
111900089,62,4,58
111900090,58,47,11
111900091,111,1,110
111900092,94,2,92
111900093,357,7,350
111900094,113,2,111
111900095,197,30,167
111900096,71,1,70
111900097,76,0,76
111900098,171,2,169
111900099,70,0,70
111900100,100,6,94
111900101,129,20,109
111900102,378,653,-275
111900103,90,71,19
111900104,197,71,126
111900105,405,407,-2
111900106,1970,115,1855
111900107,105,92,13
111900108,177,136,41
111900109,612,406,206
111900110,2442,386,2056
111900111,117,180,-63
111900112,840,2182,-1342
111900113,253,65,188
111900114,203,149,54
111900115,20,31,-11
111900118,308,100,208
111900119,305,154,151
111900122,112,92,20
111900123,16,22,-6
111900124,43,128,-85
111900125,564,31,533
111900126,252,2,250
111900127,3,791,-788
111900128,3,582,-579
111900129,236,6,230
111900130,316,24,292
111900131,437,2,435
111900132,32,1329,-1297
111900133,6,463,-457
111900134,8,353,-345
111900135,8,32,-24
111900136,85,165,-80
111900137,85,91,-6
111900138,34,140,-106
111900139,15,171,-156
111900140,86,23,63
111900141,50,6,44
111900142,94,31,63
111900143,45,324,-279
111900144,0,92,-92
111900145,2,627,-625
111900146,0,308,-308
111900147,186,554,-368
111900148,42,893,-851
111900149,5,398,-393
111900150,16,228,-212
111900151,1,37,-36
111900152,87,67,20
111900153,1989,479,1510
111900154,13,229,-216
111900155,57,69,-12
111900156,34,82,-48
111900157,112,22,90
111900158,534,47,487
111900159,245,17,228
111900160,236,2,234
111900161,151,0,151
111900162,42,225,-183
111900163,48,236,-188
111900164,95,83,12
111901113,400,304,96
111901114,144,286,-142
111901115,59,4,55
111901116,45,1,44
111901117,32,18,14
111901118,74,166,-92
111901119,1271,102,1169
111901120,140,219,-79
111901121,217,259,-42
111901122,4,530,-526
111901123,206,469,-263
111901124,179,2,177
111901125,261,116,145
111901126,120,67,53
111901127,839,622,217
111901128,8,123,-115
111901129,3,187,-184
111901130,10,239,-229
111901131,4,270,-266
111901132,82,18,64
111901133,39,4,35
111901134,79,6,73
111901135,9,6,3
111901136,19,46,-27
111901137,0,25,-25
111901138,199,46,153
111901139,18,47,-29
111901140,8,146,-138
111901141,12,231,-219
111901142,4,118,-114
111901143,1,79,-78
111901144,30,50,-20
112000001,2037,924,1113
112000002,814,3082,-2268
112000003,1447,996,451
112000004,810,1567,-757
112000005,2990,3101,-111
112000006,2432,2508,-76
112000007,2694,1822,872
112000008,2739,3966,-1227
112000009,4245,4088,157
112000010,2939,3240,-301
112000011,2200,2437,-237
112000012,6405,3967,2438
112000013,6397,3829,2568
112000014,4411,1440,2971
112000015,4510,3986,524
112000016,8532,1263,7269
112000017,3449,2416,1033
112000024,2939,1309,1630
112000026,4639,5730,-1091
112000027,1093,688,405
112000028,1917,2020,-103
112000029,594,937,-343
112000030,163,121,42
112000031,2024,5239,-3215
112000032,615,82,533
112000033,2598,1486,1112
112000034,505,79,426
112000035,149,339,-190
112000036,1162,995,167
112000037,1592,718,874
112000038,1688,1024,664
112000039,73,90,-17
112000040,105,230,-125
112000041,578,560,18
112000042,1473,452,1021
112000050,1231,1939,-708
112000051,951,1202,-251
112000054,2054,2625,-571
112000057,505,428,77
112000058,517,761,-244
112000059,630,1088,-458
112000061,4441,2528,1913
112000062,1845,840,1005
112000063,1555,1807,-252
112000064,4650,6418,-1768
112000065,2389,2910,-521
112000066,4094,1577,2517
112000067,931,811,120
112000068,3623,2296,1327
112000069,988,2237,-1249
112000070,2661,1019,1642
112000071,1294,3133,-1839
112000072,2837,1144,1693
112000073,1939,2309,-370
112000074,1671,1158,513
112000075,1635,1468,167
112000076,3687,2987,700
112000077,511,696,-185
112000078,1952,768,1184
112000079,1784,1454,330
112000080,762,999,-237
112000081,1699,2813,-1114
112000082,1653,976,677
112000083,678,1520,-842
112000084,1429,872,557
112000085,1406,1299,107
112000086,2076,1622,454
112000087,373,425,-52
112000088,585,696,-111
112000089,338,318,20
112000090,263,355,-92
112000091,655,1461,-806
112000092,1920,1253,667
112000093,1610,1153,457
112000094,609,1095,-486
112000095,730,1002,-272
112000096,579,773,-194
112000097,1393,661,732
112000098,1271,1527,-256
112000099,907,1510,-603
112000100,1871,1087,784
112000101,560,1162,-602
112000102,1201,592,609
112000103,425,1499,-1074
112000105,702,1964,-1262
112000106,2424,474,1950
112000107,29,259,-230
112000108,361,1781,-1420
112000109,197,97,100
112000110,1581,562,1019
112000111,1326,4126,-2800
112000112,4602,687,3915
112000113,1108,2233,-1125
112000114,2958,1164,1794
112000115,346,572,-226
112000116,918,1321,-403
112000117,1433,1100,333
112000118,1276,991,285
112000119,502,895,-393
112000120,86,398,-312
112000121,130,602,-472
112000122,197,198,-1
112000123,606,185,421
112000124,284,86,198
112000125,166,193,-27
112000126,229,642,-413
112000127,3083,2236,847
112000128,1236,797,439
112000129,155,147,8
112000130,239,75,164
112000131,64,423,-359
112000132,109,325,-216
112000133,490,325,165
112000134,432,405,27
112000135,1128,806,322
112000136,1218,1279,-61
112000137,1951,1479,472
112000138,2037,1269,768
112000139,997,491,506
112000140,1116,1220,-104
112000141,1024,382,642
112000142,233,836,-603
112000143,1251,270,981
112000144,353,1470,-1117
112000145,2633,804,1829
112000146,704,2364,-1660
112000147,2428,1966,462
112000148,1747,2468,-721
112000149,495,728,-233
112000150,227,717,-490
112000151,350,648,-298
112000152,362,538,-176
112000153,238,367,-129
112000154,116,235,-119
112000155,194,125,69
112000157,861,639,222
112000158,306,794,-488
112000159,627,462,165
112000167,458,98,360
112000169,449,473,-24
112000173,840,256,584
112000175,442,446,-4
112000176,4277,2826,1451
112000177,707,178,529
112000178,126,494,-368
112000179,299,154,145
112000180,314,409,-95
112000181,1482,2407,-925
112000182,1064,2353,-1289
112000183,42,68,-26
112000184,373,577,-204
112000185,438,595,-157
112000187,5945,3470,2475
112000195,178,53,125
112000196,497,8,489
112000197,314,161,153
112000198,23,390,-367
112000199,170,1060,-890
112000202,364,2,362
112000216,66,223,-157
112000230,164,8,156
112000231,4,327,-323
112000256,61,255,-194
112000313,123,167,-44
112000314,89,37,52
112000337,424,708,-284
112000352,567,361,206
112000392,1636,1698,-62
112000398,1344,986,358
112000399,2916,2519,397
112000400,2046,4071,-2025
112000401,3347,3169,178
112000402,3549,2894,655
112000403,2996,3089,-93
112000404,719,831,-112
112000405,1901,3223,-1322
112000406,3991,3197,794
112000407,6486,8796,-2310
112000408,9626,7842,1784
112000409,1898,5631,-3733
112000410,509,254,255
112000411,4946,1666,3280
112000412,1726,691,1035
112000413,10796,5731,5065
112000414,97,80,17
112000415,121,63,58
112000416,2435,1488,947
112000417,324,83,241
112000421,63,132,-69
112000422,396,585,-189
112000424,2919,3129,-210
112000425,520,925,-405
112000426,133,447,-314
112000427,0,11,-11
112000428,227,376,-149
112000429,2400,3338,-938
112000430,2719,3340,-621
112000431,87,160,-73
112000432,737,1560,-823
112000433,612,1082,-470
112000437,25,226,-201
112900001,55,0,55
112900002,401,1409,-1008
112900003,52,370,-318
112900004,56,336,-280
112900005,191,226,-35
112900006,4,515,-511
112900007,58,246,-188
112900008,2,22,-20
112900009,476,179,297
112900010,306,940,-634
112900011,225,341,-116
112900012,2,45,-43
112900013,18,210,-192
112900014,9,324,-315
112900015,411,922,-511
112900016,1,311,-310
112900017,43,301,-258
112900018,3,365,-362
112900019,90,212,-122
112900020,446,1445,-999
112900021,5,270,-265
112900022,14,121,-107
112900023,1,235,-234
112900024,46,266,-220
112900025,69,371,-302
112900026,7,281,-274
112900027,7,1447,-1440
112900028,39,160,-121
112900029,13,758,-745
112900030,196,223,-27
112900031,6,602,-596
112900032,187,378,-191
112900034,0,64,-64
112900035,7,557,-550
112900036,28,134,-106
112900037,163,173,-10
112900038,675,235,440
112900039,18,341,-323
112900040,14,337,-323
112900041,1293,1428,-135
112900042,47,494,-447
112900043,128,56,72
112900044,694,657,37
112900045,466,402,64
112900046,196,60,136
112900047,8,11,-3
112900049,219,121,98
112900050,71,643,-572
112900051,307,745,-438
112900052,6,1088,-1082
112900053,378,142,236
112900054,188,44,144
112900055,202,52,150
112900056,487,234,253
112900057,10,714,-704
112900058,356,387,-31
112900059,167,146,21
112900060,20,250,-230
112900061,124,157,-33
112900062,71,189,-118
112900063,124,23,101
112900064,257,281,-24
112900065,45,48,-3
112900066,272,219,53
112900067,508,227,281
112900068,37,37,0
112900069,2285,720,1565
112900071,41,5,36
112900072,245,1998,-1753
112900073,507,96,411
112900074,185,272,-87
112900075,1910,913,997
112900076,106,25,81
112900078,330,629,-299
112900079,284,30,254
112900080,45,0,45
112900081,41,198,-157
112900082,593,26,567
112900083,114,77,37
112900084,206,133,73
112900085,0,11,-11
112900086,36,0,36
112900087,845,175,670
112900088,134,7,127
112900089,1042,39,1003
112900090,87,55,32
112900091,230,3,227
112900092,152,251,-99
112900093,1430,41,1389
112900094,367,4,363
112900095,32,3,29
112900096,521,155,366
112900097,102,446,-344
112900098,238,2,236
112900099,976,19,957
112900100,80,2,78
112900101,278,3,275
112900102,117,8,109
112900103,172,5,167
112900104,72,1,71
112900105,33,0,33
112900106,397,162,235
112900107,5,0,5
112900108,35,1,34
112900109,123,1,122
112900110,967,15,952
112900111,730,6,724
112900112,293,0,293
112900113,0,5,-5
112900114,108,44,64
112900115,1111,4,1107
112900116,171,35,136
112900117,104,135,-31
112900118,42,99,-57
112900119,183,6,177
112900120,939,325,614
112900121,266,271,-5
112900122,14,149,-135
112900123,159,37,122
112900124,20,161,-141
112900125,119,632,-513
112900126,246,288,-42
112900127,399,88,311
112900128,393,834,-441
112900129,4,1106,-1102
112900130,295,130,165
112900131,51,236,-185
112900132,122,453,-331
112900133,23,1349,-1326
112900134,1,314,-313
112900135,86,45,41
112900136,1,35,-34
112900137,2,678,-676
112900138,5,479,-474
112900139,331,1809,-1478
112900140,0,71,-71
112900141,750,37,713
112900142,78,149,-71
112900143,58,740,-682
112900144,2,277,-275
112900145,40,698,-658
112900146,13,1482,-1469
112900147,2,2290,-2288
112900148,50,2,48
112900149,293,316,-23
112900151,17,35,-18
112900152,4467,1173,3294
112900153,2390,2254,136
112900154,2,103,-101
112900155,220,23,197
112900156,393,1543,-1150
112900157,226,1,225
112900158,64,32,32
112900159,269,111,158
112900160,76,298,-222
112900161,113,31,82
112900162,42,31,11
112900163,130,34,96
112900164,33,178,-145
112900165,139,52,87
112900166,13,49,-36
112900167,4,60,-56
112900168,6,3,3
112900169,10,30,-20
112900170,62,103,-41
112900172,60,10,50
112900173,209,116,93
112900174,331,50,281
112900175,176,171,5
112900176,12,44,-32
112900177,213,69,144
112900178,836,3314,-2478
112900179,42,546,-504
112900180,2793,1961,832
112900181,477,7,470
112900182,50,1324,-1274
112900183,217,341,-124
112900184,470,473,-3
112900185,475,646,-171
112900186,1986,1185,801
112900187,106,553,-447
112900188,870,432,438
112900189,21,38,-17
112900190,201,58,143
112900192,756,740,16
112900193,1695,424,1271
112900194,94,145,-51
112900195,871,66,805
112900196,202,557,-355
112900197,229,502,-273
112900199,625,760,-135
112900200,590,342,248
112900201,107,112,-5
112900202,358,1116,-758
112900203,228,389,-161
112900204,1181,627,554
112900205,11,9,2
112900206,10,75,-65
112900207,13,0,13
112900208,67,321,-254
112900209,586,465,121
112900210,1,30,-29
112900211,80,98,-18
112900212,0,98,-98
112900213,22,19,3
112900214,20,5,15
112900215,7,223,-216
112900216,36,115,-79
112900217,16,69,-53
112900218,68,14,54
112900219,60,9,51
112900220,3,0,3
112900221,21,153,-132
112900222,0,36,-36
112900223,1348,28,1320
112900224,407,726,-319
112900225,469,554,-85
112900226,334,527,-193
112900227,585,1425,-840
112900228,47,46,1
112900229,199,70,129
112900230,8961,5336,3625
112900232,280,371,-91
112900233,107,252,-145
112900234,15,169,-154
112900235,92,25,67
112900236,280,39,241
112900237,170,252,-82
112900238,2,41,-39
113000001,6079,7286,-1207
113000002,3868,4362,-494
113000003,1946,2777,-831
113000004,2222,3331,-1109
113000005,1666,1289,377
113000006,1492,1925,-433
113000007,2279,1508,771
113000008,2204,2076,128
113000009,1113,1069,44
113000010,1251,1980,-729
113000011,785,1765,-980
113000012,1776,1003,773
113000013,1599,735,864
113000014,1803,1559,244
113000015,779,225,554
113000016,447,659,-212
113000017,85,339,-254
113000018,578,58,520
113000019,289,280,9
113000020,349,41,308
113000021,1873,584,1289
113000022,647,1347,-700
113000025,85,326,-241
113000026,528,617,-89
113000027,1171,616,555
113000028,1698,621,1077
113000029,950,804,146
113000030,512,864,-352
113000031,313,377,-64
113000032,252,353,-101
113000033,333,520,-187
113000034,504,479,25
113000035,41,50,-9
113000036,28,61,-33
113000037,91,46,45
113000038,19,52,-33
113000039,104,581,-477
113000040,61,122,-61
113000042,853,767,86
113000051,946,3113,-2167
113000052,2291,1458,833
113000053,374,577,-203
113000054,356,1100,-744
113000055,1231,877,354
113000056,858,1181,-323
113000058,938,966,-28
113000059,1094,906,188
113000060,248,606,-358
113000061,516,1099,-583
113000062,1301,348,953
113000063,145,174,-29
113000064,43,411,-368
113000065,163,1056,-893
113000066,770,147,623
113000067,2289,1801,488
113000068,449,1708,-1259
113000069,586,1490,-904
113000070,2568,1249,1319
113000071,399,888,-489
113000072,840,512,328
113000073,696,1933,-1237
113000074,1363,627,736
113000075,2096,918,1178
113000076,1037,2081,-1044
113000077,1729,669,1060
113000078,995,3148,-2153
113000079,1003,906,97
113000080,735,587,148
113000081,1082,1048,34
113000082,1827,869,958
113000083,677,1080,-403
113000084,2024,1463,561
113000085,1058,891,167
113000086,1223,1446,-223
113000087,1010,1115,-105
113000088,2945,1527,1418
113000089,871,1994,-1123
113000090,341,776,-435
113000091,749,426,323
113000094,1435,223,1212
113000095,348,1124,-776
113000096,154,922,-768
113000097,1308,463,845
113000098,173,43,130
113000099,1119,412,707
113000100,185,526,-341
113000101,507,677,-170
113000102,747,415,332
113000103,2719,783,1936
113000104,537,2713,-2176
113000105,1012,492,520
113000106,497,705,-208
113000107,829,962,-133
113000108,847,1541,-694
113000109,700,3688,-2988
113000110,1674,545,1129
113000111,155,744,-589
113000112,370,348,22
113000113,1659,368,1291
113000114,294,2093,-1799
113000116,850,404,446
113000117,1076,153,923
113000118,247,860,-613
113000119,417,349,68
113000120,91,318,-227
113000121,870,965,-95
113000124,270,147,123
113000125,57,894,-837
113000127,3331,538,2793
113000128,572,803,-231
113000129,692,1386,-694
113000133,3391,2475,916
113000134,6,1512,-1506
113000135,4169,5333,-1164
113000137,2554,3808,-1254
113000139,448,232,216
113000140,173,378,-205
113000141,450,245,205
113000142,865,1599,-734
113000143,338,243,95
113000144,470,908,-438
113000145,77,198,-121
113000146,170,112,58
113000147,251,247,4
113000148,182,175,7
113000149,137,258,-121
113000150,791,514,277
113000151,109,103,6
113000152,41,135,-94
113000153,1847,755,1092
113000154,916,1881,-965
113000155,365,634,-269
113000156,173,509,-336
113000157,368,1205,-837
113000158,792,242,550
113000159,1100,702,398
113000160,593,1551,-958
113000161,354,637,-283
113000162,866,515,351
113000163,132,48,84
113000164,14,129,-115
113000166,184,119,65
113000167,53,178,-125
113000168,67,181,-114
113000169,190,76,114
113000170,150,125,25
113000171,70,106,-36
113000172,248,98,150
113000173,80,32,48
113000174,111,593,-482
113000175,566,131,435
113000176,569,160,409
113000177,193,549,-356
113000178,241,421,-180
113000179,404,207,197
113000180,974,1447,-473
113000181,1358,1157,201
113000182,192,568,-376
113000183,209,619,-410
113000184,37,142,-105
113000189,594,1139,-545
113000190,1600,762,838
113000192,2012,1968,44
113000193,5588,1176,4412
113000194,2664,1241,1423
113000195,3321,972,2349
113000196,226,97,129
113000197,2360,1337,1023
113000198,82,341,-259
113000199,2034,410,1624
113000201,1380,219,1161
113000202,4601,4730,-129
113000203,318,296,22
113000204,2108,2026,82
113000205,26,37,-11
113000206,10,48,-38
113000207,64,26,38
113000208,32,56,-24
113000209,50,43,7
113000210,10,33,-23
113000211,243,184,59
113000212,157,47,110
113000213,50,182,-132
113000214,216,374,-158
113000234,168,1307,-1139
113000410,275,264,11
113000411,3833,5329,-1496
113000412,9261,3118,6143
113000413,3920,3685,235
113000414,10621,17974,-7353
113000415,3140,4308,-1168
113000416,11501,5910,5591
113000417,4051,4611,-560
113000418,4991,3582,1409
113000419,2449,2671,-222
113000420,5082,7499,-2417
113000421,4642,7723,-3081
113000422,16643,14536,2107
113000423,3163,6729,-3566
113000424,4081,11057,-6976
113000425,7,108,-101
113000428,102,9,93
113000430,10,43,-33
113000432,2869,164,2705
113000433,138,1055,-917
113000434,29,178,-149
113000435,36,829,-793
113000436,50,1456,-1406
113000437,996,19,977
113000438,295,13,282
113000439,17,113,-96
113000440,129,38,91
113000441,216,211,5
113000442,130,188,-58
113000443,233,246,-13
113000444,238,275,-37
113000445,71,131,-60
113000446,21,88,-67
113000448,128,318,-190
113000449,247,1217,-970
113000450,799,6079,-5280
113000451,1275,276,999
113000452,562,980,-418
113000453,55,315,-260
113000454,3247,28,3219
113000455,14,198,-184
113000456,5056,3285,1771
113000468,2209,404,1805
113000469,309,203,106
113000470,502,54,448
113000471,13,485,-472
113000472,160,405,-245
113000474,489,733,-244
113000475,1989,2237,-248
113000476,1439,2197,-758
113000477,2642,2285,357
113000478,4509,6667,-2158
113000479,83,222,-139
113000480,165,151,14
113000482,0,0,0
113000484,0,0,0
113000485,4,0,4
113000486,7,0,7
113000487,0,0,0
113000489,0,0,0
113000490,0,0,0
113000491,0,7,-7
113000492,2,3,-1
113000493,2,0,2
113000495,142,128,14
113000496,48,61,-13
113000498,0,0,0
113000499,0,0,0
113000500,0,3,-3
113900001,5,402,-397
113900002,1,216,-215
113900003,1,185,-184
113900004,2,122,-120
113900005,2,123,-121
113900006,135,39,96
113900007,359,29,330
113900008,297,0,297
113900009,857,3,854
113900010,576,7,569
113900011,92,4,88
113900012,37,3,34
113900013,2035,40,1995
113900014,587,2,585
113900015,0,50,-50
113900016,35,0,35
113900017,3,56,-53
113900018,550,233,317
113900019,206,92,114
113900020,144,4,140
113900022,22,0,22
113900023,56,2,54
113900024,42,83,-41
113900025,394,54,340
113900026,63,0,63
113900027,7,76,-69
113900028,23,559,-536
113900029,51,240,-189
113900030,247,5,242
113900031,13,2,11
113900032,28,0,28
113900033,65,102,-37
113900035,69,1,68
113900036,27,128,-101
113900037,128,496,-368
113900038,34,131,-97
113900039,191,16,175
113900040,23,23,0
113900041,17,2,15
113900042,109,60,49
113900043,252,182,70
113900044,292,251,41
113900045,122,8,114
113900046,297,669,-372
113900047,51,131,-80
113900048,293,103,190
113900049,722,455,267
113900050,272,415,-143
113900051,270,594,-324
113900052,203,210,-7
113900053,843,641,202
113900054,43,8,35
113900055,89,507,-418
113900056,56,187,-131
113900057,24,155,-131
113900058,98,210,-112
113900059,213,444,-231
113900060,98,289,-191
113900061,1296,286,1010
113900062,77,36,41
113900063,137,180,-43
113900064,38,209,-171
113900065,506,19,487
113900066,358,490,-132
113900067,262,413,-151
113900068,547,536,11
113900069,54,54,0
113900070,244,614,-370
113900071,120,84,36
113900072,108,263,-155
113900073,201,369,-168
113900074,231,400,-169
113900075,1373,1235,138
113900076,169,23,146
113900077,84,217,-133
113900078,53,93,-40
113900079,2,50,-48
113900080,678,248,430
113900081,83,297,-214
113900082,168,398,-230
113900083,311,521,-210
113900084,241,141,100
113900085,43,320,-277
113900086,31,20,11
113900087,77,240,-163
113900088,50,105,-55
113900089,526,58,468
113900090,705,434,271
113900091,21,30,-9
113900092,58,106,-48
113900093,121,838,-717
113900094,457,546,-89
113900095,114,154,-40
113900096,257,77,180
113900097,54,102,-48
113900098,766,134,632
113900099,2,62,-60
113900100,0,2,-2
113900101,17,89,-72
113900102,203,174,29
113900103,338,332,6
113900104,132,265,-133
113900105,130,327,-197
113900106,1,89,-88
113900107,4,52,-48
113900108,271,313,-42
113900109,506,171,335
113900110,57,12,45
113900111,154,125,29
113900112,160,89,71
113900113,1133,633,500
113900114,2,120,-118
113900115,1,125,-124
113900116,130,180,-50
113900117,240,29,211
113900118,285,445,-160
113900119,279,655,-376
113900120,45,28,17
113900121,46,102,-56
113900122,402,2168,-1766
113900123,541,230,311
113900124,3,76,-73
113900125,1383,199,1184
113900126,135,72,63
113900127,338,753,-415
113900128,111,83,28
113900129,16,163,-147
113900130,7,28,-21
113900131,254,144,110
113900132,107,65,42
113900133,23,54,-31
113900135,229,316,-87
113900136,130,95,35
113900137,365,274,91
113900138,126,193,-67
113900139,494,174,320
113900140,491,425,66
113900141,609,466,143
113900142,156,112,44
113900143,3,57,-54
113900144,407,222,185
113900145,362,210,152
113900146,136,87,49
113900148,161,418,-257
113900149,184,120,64
113900150,1230,833,397
113900151,451,211,240
113900152,25,54,-29
113900153,456,833,-377
113900154,5,162,-157
113900155,254,202,52
113900156,290,579,-289
113900157,44,279,-235
113900158,632,501,131
113900159,11,323,-312
113900160,595,652,-57
113900161,56,230,-174
113900162,768,958,-190
113900163,363,301,62
113900164,314,63,251
113900165,761,598,163
113900166,315,227,88
113900167,281,51,230
113900168,170,178,-8
113900169,304,417,-113
113900171,244,109,135
113900172,17,232,-215
113900173,54,696,-642
113900174,555,719,-164
113900175,442,164,278
113900176,382,807,-425
113900177,405,246,159
113900178,336,118,218
113900179,15,547,-532
113900180,185,115,70
113900181,770,152,618
113900182,962,1282,-320
113900183,77,98,-21
113900184,12,484,-472
113900185,190,104,86
113900186,42,47,-5
113900187,48,183,-135
113900188,51,192,-141
113900189,346,126,220
113900190,350,126,224
113900191,133,326,-193
113900192,4,639,-635
113900193,35,272,-237
113900194,1959,1297,662
113900195,302,456,-154
113900196,8,150,-142
113900197,1,221,-220
113900198,36,202,-166
113900199,172,915,-743
113900200,13,348,-335
113900201,1,224,-223
113900202,42,432,-390
113900203,0,170,-170
113900204,55,673,-618
113900205,4,202,-198
113900206,2,142,-140
113900207,0,64,-64
113900208,1,64,-63
113900209,0,93,-93
113900210,619,955,-336
113900211,235,96,139
113900212,277,561,-284
113900214,577,471,106
113900215,57,165,-108
113900216,98,1175,-1077
113900217,89,258,-169
113900218,175,66,109
113900219,94,436,-342
113900220,196,89,107
113900221,433,270,163
113900222,264,635,-371
113900223,185,1179,-994
113900224,75,84,-9
113900225,736,325,411
113900226,390,128,262
113900227,315,223,92
113900228,402,480,-78
113900229,68,861,-793
113900230,6149,3870,2279
113900231,218,265,-47
113900232,134,139,-5
113900233,115,110,5
113900234,433,500,-67
113900235,67,35,32
113900236,150,344,-194
113900237,145,8,137
113900238,329,632,-303
113900239,84,92,-8
113900240,10,174,-164
113900241,119,37,82
113900242,33,182,-149
113900243,131,555,-424
113900244,455,249,206
113900245,1632,366,1266
113900246,29,23,6
113900247,175,602,-427
113900248,3799,2332,1467
113900249,1251,498,753
113900250,101,201,-100
113900251,675,220,455
113900252,653,37,616
113900253,947,79,868
113900254,1120,194,926
113900255,543,28,515
113900256,443,34,409
113900257,39,640,-601
113900258,18,471,-453
113900259,661,217,444
113900260,248,29,219
113900261,35,109,-74
113900262,162,674,-512
113900263,224,825,-601
113900264,6,544,-538
113900265,157,364,-207
113900266,26,230,-204
113900267,142,618,-476
113900268,380,429,-49
113900269,67,204,-137
113900270,414,675,-261
113900271,770,1468,-698
113900273,92,4,88
113900274,82,28,54
113900275,49,76,-27
113900276,1,236,-235
113900277,180,4,176
113900278,348,215,133
113900279,106,125,-19
113900280,1462,563,899
113900281,695,1615,-920
113900282,981,664,317
113900283,371,524,-153
113900284,864,166,698
113900285,176,19,157
113900286,66,159,-93
113900287,38,60,-22
113900288,2,146,-144
113900289,1384,155,1229
113900290,484,239,245
113900291,148,251,-103
113900292,13,19,-6
113900293,5,299,-294
113900294,566,34,532
113900295,485,447,38
113900296,2247,462,1785
113900297,2468,55,2413
113900298,11,1815,-1804
113900299,61,212,-151
113900300,6543,4294,2249
113900301,1096,506,590
113900302,2690,1053,1637
113900303,714,529,185
113900304,0,163,-163
113900305,114,0,114
113900306,51,1,50
113900307,108,0,108
113900308,106,138,-32
113900309,6,872,-866
113900310,0,12,-12
113900311,6,0,6
113900312,189,189,0
113900313,19,15,4
114000001,1339,3935,-2596
114000002,258,445,-187
114000003,46,311,-265
114000004,99,154,-55
114000005,264,247,17
114000006,3978,2728,1250
114000007,1008,1659,-651
114000008,1873,2054,-181
114000009,795,305,490
114000011,2952,3608,-656
114000012,2429,2495,-66
114000013,1789,2133,-344
114000014,636,395,241
114000015,2152,579,1573
114000016,246,395,-149
114000017,117,347,-230
114000018,347,83,264
114000026,1887,1597,290
114000027,3440,2433,1007
114000028,2823,3081,-258
114000038,304,191,113
114000039,97,78,19
114000040,100,290,-190
114000042,132,223,-91
114000043,58,177,-119
114000044,198,85,113
114000045,64,101,-37
114000046,3746,5685,-1939
114000047,39,94,-55
114000048,73,53,20
114000049,1878,1827,51
114000050,2303,2748,-445
114000051,4446,2324,2122
114000052,5465,1784,3681
114000053,134,569,-435
114000054,225,1131,-906
114000055,463,33,430
114000056,1579,951,628
114000057,8382,2750,5632
114000058,808,1975,-1167
114000059,453,449,4
114000060,868,1030,-162
114000061,4061,3239,822
114000062,3163,1650,1513
114000063,3358,2137,1221
114000064,7973,4417,3556
114000065,1920,2981,-1061
114000066,518,640,-122
114000067,32,730,-698
114000068,566,883,-317
114000069,1408,670,738
114000070,2536,1891,645
114000071,974,693,281
114000072,520,343,177
114000073,37,107,-70
114000074,31,30,1
114000075,56,161,-105
114000076,33,157,-124
114000077,11,70,-59
114000078,323,1030,-707
114000079,192,29,163
114000080,84,163,-79
114000081,64,102,-38
114000082,39,618,-579
114000083,59,377,-318
114000084,378,97,281
114000085,121,826,-705
114000086,274,502,-228
114000087,147,270,-123
114000088,52,57,-5
114000089,1381,545,836
114000090,991,847,144
114000091,1822,877,945
114000092,1305,605,700
114000093,1518,808,710
114000094,451,408,43
114000095,368,114,254
114000096,194,458,-264
114000097,124,874,-750
114000098,533,76,457
114000099,613,751,-138
114000100,1570,878,692
114000101,488,1143,-655
114000102,527,377,150
114000103,112,470,-358
114000104,8,347,-339
114000105,170,80,90
114000106,1234,1114,120
114000107,374,191,183
114000108,1850,1382,468
114000109,533,1170,-637
114000110,707,1795,-1088
114000111,1865,833,1032
114000112,482,1716,-1234
114000113,1114,374,740
114000114,1468,1591,-123
114000115,2717,1026,1691
114000116,839,1818,-979
114000117,3017,486,2531
114000118,2383,539,1844
114000119,1761,517,1244
114000120,749,1061,-312
114000121,485,854,-369
114000122,439,293,146
114000123,1932,375,1557
114000124,1125,359,766
114000125,798,1491,-693
114000126,1646,259,1387
114000127,213,248,-35
114000128,905,546,359
114000130,490,570,-80
114000131,257,148,109
114000132,759,763,-4
114000133,1191,1698,-507
114000134,77,224,-147
114000138,90,268,-178
114000139,646,227,419
114000144,1041,580,461
114000145,108,305,-197
114000146,120,363,-243
114000147,1521,1966,-445
114000148,2439,2011,428
114000149,465,352,113
114000150,869,781,88
114000151,998,1393,-395
114000152,229,67,162
114000153,955,2233,-1278
114000154,979,814,165
114000155,1428,2483,-1055
114000156,1036,584,452
114000157,324,998,-674
114000158,2135,1034,1101
114000159,203,531,-328
114000160,133,338,-205
114000161,1717,3421,-1704
114000162,1117,2618,-1501
114000163,16,169,-153
114000165,587,291,296
114000166,932,409,523
114000167,3991,1710,2281
114000168,792,813,-21
114000169,1761,1133,628
114000170,1309,1121,188
114000171,1123,3442,-2319
114000174,232,614,-382
114000176,660,526,134
114000177,2534,1043,1491
114000178,59,67,-8
114000179,1287,828,459
114000180,475,834,-359
114000181,2016,4028,-2012
114000182,4533,2871,1662
114000183,1053,1274,-221
114000184,6408,1761,4647
114000185,1244,1015,229
114000189,1004,130,874
114000190,2440,296,2144
114000191,46,66,-20
114000192,355,1851,-1496
114000193,1001,3866,-2865
114000194,1536,1089,447
114000195,168,25,143
114000196,2,335,-333
114000197,1306,9,1297
114000198,1324,411,913
114000199,2490,2003,487
114000200,592,2207,-1615
114000201,279,984,-705
114000202,1217,693,524
114000203,590,869,-279
114000204,152,568,-416
114000205,224,1823,-1599
114000206,598,1487,-889
114000207,756,2379,-1623
114000208,547,3497,-2950
114000209,725,3155,-2430
114000210,351,1816,-1465
114000211,1130,1931,-801
114000212,894,837,57
114000213,1405,655,750
114000214,79,258,-179
114000215,197,118,79
114000216,1654,390,1264
114000217,286,334,-48
114000218,144,305,-161
114000219,1356,274,1082
114000220,28,929,-901
114000221,879,161,718
114000222,188,1111,-923
114000223,534,172,362
114000224,105,719,-614
114000225,275,693,-418
114000226,202,259,-57
114000227,1224,503,721
114000228,821,983,-162
114000229,1164,1455,-291
114000230,1835,1552,283
114000231,1124,1480,-356
114000232,728,162,566
114000233,2138,175,1963
114000234,1214,925,289
114000235,1021,1613,-592
114000236,1,580,-579
114000237,130,1174,-1044
114000238,154,229,-75
114000239,141,1462,-1321
114000240,856,880,-24
114000241,260,1069,-809
114000242,1077,1013,64
114000243,1792,993,799
114000244,688,428,260
114000245,379,736,-357
114000246,200,49,151
114000247,736,859,-123
114000248,1121,650,471
114000249,604,564,40
114000250,572,810,-238
114000251,320,351,-31
114000252,53,82,-29
114000253,41,162,-121
114000254,56,112,-56
114000255,799,281,518
114000256,2391,2430,-39
114000257,460,1760,-1300
114000258,409,448,-39
114000259,122,269,-147
114000260,0,35,-35
114000261,58,38,20
114000262,175,211,-36
114000263,13,4,9
114000264,1352,722,630
114000265,0,1,-1
114000267,2,1634,-1632
114000268,6,1937,-1931
114000270,126,1,125
114000271,655,105,550
114000283,1173,517,656
114000285,64,336,-272
114000288,63,398,-335
114000289,1528,142,1386
114000293,229,498,-269
114000294,180,347,-167
114000395,1786,57,1729
114000396,624,551,73
114000402,590,384,206
114000403,288,472,-184
114000405,135,603,-468
114000423,266,495,-229
114000424,503,226,277
114000425,702,472,230
114000426,350,879,-529
114000427,61,88,-27
114000428,269,143,126
114000429,24,275,-251
114000432,97,129,-32
114000434,38,100,-62
114000435,0,33,-33
114900001,886,1307,-421
114900002,634,99,535
114900003,753,2056,-1303
114900004,261,379,-118
114900005,689,1080,-391
114900006,102,52,50
114900007,203,41,162
114900008,181,97,84
114900010,2949,2397,552
114900011,178,179,-1
114900013,269,114,155
114900015,98,504,-406
114900018,925,34,891
114900020,309,107,202
114900021,361,164,197
114900022,30,743,-713
114900024,416,177,239
114900025,527,234,293
114900026,65,137,-72
114900027,315,266,49
114900029,44,40,4
114900030,422,233,189
114900031,388,25,363
114900032,462,83,379
114900033,1526,839,687
114900034,60,251,-191
114900035,130,312,-182
114900036,269,994,-725
114900037,121,235,-114
114900038,206,863,-657
114900039,622,741,-119
114900040,104,236,-132
114900041,707,662,45
114900042,862,893,-31
114900043,758,337,421
114900044,144,43,101
114900045,177,370,-193
114900046,68,169,-101
114900047,259,1973,-1714
114900048,101,341,-240
114900049,8,226,-218
114900050,58,604,-546
114900051,51,456,-405
114900052,89,254,-165
114900053,95,341,-246
114900054,57,159,-102
114900057,227,4,223
114900058,4,152,-148
114900059,92,49,43
114900060,1692,918,774
114900061,131,215,-84
114900062,387,365,22
114900063,79,265,-186
114900064,1419,765,654
114900065,447,973,-526
114900067,42,490,-448
114900068,106,233,-127
114900069,229,238,-9
114900070,656,509,147
114900072,11,315,-304
114900073,4,300,-296
114900074,621,935,-314
114900075,321,2,319
114900076,17,422,-405
114900080,2909,516,2393
114900082,4141,2155,1986
114900083,1409,1497,-88
114900084,276,231,45
114900090,411,293,118
114900091,141,246,-105
114900095,406,177,229
114900096,609,834,-225
114900097,130,59,71
114900098,9,265,-256
114900099,203,4,199
115000001,8171,5595,2576
115000002,3924,4372,-448
115000003,5807,4451,1356
115000004,4428,6263,-1835
115000005,1802,2827,-1025
115000006,1043,1671,-628
115000007,52,220,-168
115000008,466,440,26
115000009,225,314,-89
115000010,349,189,160
115000013,109,189,-80
115000015,52,291,-239
115000016,246,373,-127
115000019,25,669,-644
115000020,207,744,-537
115000021,305,574,-269
115000022,584,421,163
115000023,373,662,-289
115000024,1505,617,888
115000025,989,724,265
115000026,172,540,-368
115000027,267,360,-93
115000028,259,1083,-824
115000029,548,163,385
115000030,983,1291,-308
115000031,1233,513,720
115000032,10,265,-255
115000033,163,40,123
115000034,121,1338,-1217
115000035,1235,90,1145
115000036,0,452,-452
115000037,604,20,584
115000038,45,179,-134
115000039,4000,3629,371
115000040,7333,3700,3633
115000041,1175,3157,-1982
115000042,939,828,111
115000043,3546,2550,996
115000044,4187,4698,-511
115000045,2907,2275,632
115000046,2075,2835,-760
115000047,2120,1772,348
115000048,1673,3200,-1527
115000049,1903,4150,-2247
115000050,3468,2090,1378
115000051,2049,3084,-1035
115000052,3073,2212,861
115000053,1743,2025,-282
115000054,759,1400,-641
115000055,162,439,-277
115000056,201,550,-349
115000057,729,686,43
115000058,486,183,303
115000059,313,183,130
115000061,374,144,230
115000062,260,311,-51
115000063,349,403,-54
115000064,280,154,126
115000065,48,503,-455
115000067,215,47,168
115000069,50,415,-365
115000070,58,1218,-1160
115000071,178,19,159
115000072,6,101,-95
115000073,1573,67,1506
115000075,90,77,13
115000076,4064,3642,422
115000077,2034,3159,-1125
115000078,1384,1834,-450
115000079,1301,2319,-1018
115000080,2653,2921,-268
115000081,505,1054,-549
115000082,4312,4308,4
115000083,2298,2728,-430
115000084,2279,1510,769
115000085,726,1121,-395
115000086,1158,972,186
115000087,477,1777,-1300
115000088,2024,744,1280
115000089,1647,1493,154
115000090,682,962,-280
115000091,297,1202,-905
115000092,436,376,60
115000093,485,4,481
115000094,8551,5866,2685
115000095,6429,6099,330
115000096,711,2094,-1383
115000097,883,985,-102
115000098,1029,1009,20
115000099,2760,3697,-937
115000100,1155,587,568
115000101,506,1815,-1309
115000102,462,300,162
115000103,365,872,-507
115000105,54,176,-122
115000106,491,347,144
115000107,244,596,-352
115000108,4316,2677,1639
115000109,5627,4763,864
115000110,1703,1581,122
115000111,868,2229,-1361
115000112,864,811,53
115000113,764,1162,-398
115000114,1641,1050,591
115000116,4629,2389,2240
115000117,4680,3508,1172
115000118,2741,1845,896
115000119,2182,2685,-503
115000120,760,1347,-587
115000121,1749,1254,495
115000122,4738,2488,2250
115000123,2067,2623,-556
115000124,962,994,-32
115000125,588,621,-33
115000126,255,336,-81
115000127,478,171,307
115000128,727,787,-60
115000129,304,400,-96
115000130,409,1052,-643
115000131,820,323,497
115000132,203,532,-329
115000133,570,400,170
115000134,315,263,52
115000135,385,258,127
115000136,363,246,117
115000137,244,241,3
115000138,295,280,15
115000139,229,302,-73
115000140,351,266,85
115000141,195,354,-159
115000142,180,374,-194
115000143,588,547,41
115000144,621,100,521
115000145,259,542,-283
115000146,472,337,135
115000147,599,572,27
115000148,377,1532,-1155
115000149,660,238,422
115000150,838,1341,-503
115000151,1233,561,672
115000152,849,1736,-887
115000153,1210,672,538
115000154,791,370,421
115000155,789,1297,-508
115000156,1254,836,418
115000157,1154,1026,128
115000158,1006,454,552
115000159,935,614,321
115000160,775,780,-5
115000161,680,738,-58
115000162,749,777,-28
115000163,684,670,14
115000164,781,657,124
115000165,530,525,5
115000167,153,83,70
115000168,631,377,254
115000169,799,406,393
115000170,242,145,97
115000171,328,235,93
115000172,1563,634,929
115000173,446,656,-210
115000174,302,323,-21
115000175,298,91,207
115000176,258,102,156
115000177,298,112,186
115000178,44,298,-254
115000179,67,45,22
115000180,176,914,-738
115000181,677,181,496
115000182,817,505,312
115000183,409,1074,-665
115000186,686,288,398
115000187,273,985,-712
115000188,354,634,-280
115000189,295,478,-183
115000190,962,584,378
115000191,431,653,-222
115000194,218,224,-6
115000195,374,319,55
115000196,151,108,43
115000197,171,357,-186
115000198,329,248,81
115000199,362,292,70
115000200,366,138,228
115000201,178,471,-293
115000206,432,108,324
115000207,145,478,-333
115000208,554,823,-269
115000209,679,308,371
115000210,217,153,64
115000211,255,302,-47
115000212,1998,351,1647
115000218,121,104,17
115000219,24,55,-31
115000224,446,73,373
115000225,49,77,-28
115000229,251,176,75
115000230,137,540,-403
115000231,306,2416,-2110
115000232,1449,342,1107
115000233,188,257,-69
115000234,29,380,-351
115000241,94,295,-201
115000242,124,307,-183
115000243,44,256,-212
115000244,6,112,-106
115000246,31,22,9
115000247,45,18,27
115000248,18,12,6
115000249,64,30,34
115000250,405,52,353
115000251,269,189,80
115000252,82,250,-168
115000253,23,442,-419
115000258,371,209,162
115000259,321,177,144
115000261,20,27,-7
115000262,19,22,-3
115000263,11,42,-31
115000264,19,56,-37
115000267,77,73,4
115000268,36,140,-104
115000269,169,69,100
115000270,2,23,-21
115000272,83,221,-138
115000273,356,49,307
115000274,285,315,-30
115000280,2396,213,2183
115000281,731,737,-6
115000282,1639,903,736
115000284,331,202,129
115000296,1140,17,1123
115000297,307,126,181
115000298,139,455,-316
115000300,210,225,-15
115000302,554,268,286
115000303,668,229,439
115000304,900,151,749
115000305,115,1071,-956
115000306,241,492,-251
115000307,114,206,-92
115000308,31,13,18
115000310,977,1031,-54
115000311,890,1518,-628
115000313,136,761,-625
115000314,442,164,278
115000315,1015,473,542
115000316,79,111,-32
115000317,234,687,-453
115000318,958,371,587
115000319,100,359,-259
115000320,23,345,-322
115000321,513,10,503
115000322,55,293,-238
115000449,385,205,180
115000557,51,1169,-1118
115000558,599,101,498
115000587,521,481,40
115000588,2636,3331,-695
115000589,3894,2590,1304
115000590,1555,1580,-25
115000591,1826,822,1004
115000592,977,2130,-1153
115000593,1622,666,956
115000594,992,2452,-1460
115000609,96,132,-36
115000617,2881,3947,-1066
115000624,145,33,112
115000633,591,2550,-1959
115000634,3327,1123,2204
115000635,539,157,382
115000638,1197,797,400
115000641,66,124,-58
115000642,371,301,70
115000643,122,635,-513
115000644,195,523,-328
115000646,929,1642,-713
115000647,234,556,-322
115000648,1733,2129,-396
115000893,3388,1659,1729
115000894,181,1370,-1189
115000895,384,905,-521
115000896,1359,336,1023
115000897,665,147,518
115000898,1134,233,901
115000899,713,1159,-446
115000900,202,468,-266
115000901,87,141,-54
115000912,435,115,320
115000913,4,11,-7
115000915,64,2,62
115000916,65,38,27
115000917,0,14,-14
115000918,61,580,-519
115000919,17,11,6
115000920,89,92,-3
115000921,1072,202,870
115000922,1663,806,857
115000923,461,832,-371
115000925,63,105,-42
115000927,28,33,-5
115000933,196,179,17
115900001,100,51,49
115900002,103,187,-84
115900003,210,154,56
115900004,0,66,-66
115900005,171,14,157
115900006,167,390,-223
115900008,52,13,39
115900009,100,341,-241
115900010,371,204,167
115900011,459,296,163
115900012,150,93,57
115900013,546,206,340
115900014,115,172,-57
115900015,141,82,59
115900016,91,35,56
115900017,14,7,7
115900018,122,88,34
115900019,1155,37,1118
115900020,80,1,79
115900021,1664,529,1135
115900022,1324,18,1306
115900023,38,3,35
115900025,56,271,-215
115900026,987,298,689
115900027,0,360,-360
115900028,805,83,722
115900029,9,448,-439
115900030,30,11,19
115900031,426,320,106
115900032,634,896,-262
115900033,0,53,-53
115900034,21,506,-485
115900035,50,15,35
115900036,77,622,-545
115900037,67,471,-404
115900038,50,10,40
115900039,175,242,-67
115900041,508,629,-121
115900042,22,4,18
115900043,137,117,20
115900044,287,372,-85
115900046,259,260,-1
115900047,159,134,25
115900049,218,239,-21
115900051,1,27,-26
115900052,12,222,-210
115900053,262,291,-29
115900054,230,44,186
115900055,17,124,-107
115900056,254,423,-169
115900057,93,6,87
115900058,39,85,-46
115900060,85,161,-76
115900061,295,1,294
115900062,121,363,-242
115900063,76,9,67
115900064,163,304,-141
115900065,123,111,12
115900066,190,197,-7
115900067,6,660,-654
115900068,3636,770,2866
115900069,49,209,-160
115900070,152,207,-55
115900071,2,485,-483
115900072,70,238,-168
115900073,52,73,-21
115900074,6,383,-377
115900075,69,306,-237
115900076,4,87,-83
115900077,4,343,-339
115900078,45,161,-116
115900079,231,22,209
115900080,559,236,323
115900081,20,85,-65
115900082,171,252,-81
115900084,370,31,339
115900085,104,53,51
115900086,1840,669,1171
115900088,9,47,-38
115900089,253,687,-434
115900090,278,21,257
115900091,19,22,-3
115900092,23,212,-189
115900093,2,18,-16
115900094,1,443,-442
115900096,10,9,1
115900097,13,520,-507
115900098,129,568,-439
115900099,62,62,0
115900100,14,707,-693
115900101,157,404,-247
115900102,56,77,-21
115900103,311,200,111
115900104,45,140,-95
115900105,244,752,-508
115900106,64,20,44
115900107,55,195,-140
115900108,106,53,53
115900109,64,581,-517
115900110,1,38,-37
115900111,1,105,-104
115900112,77,1193,-1116
115900113,56,34,22
115900114,2,124,-122
115900115,56,243,-187
115900116,126,1168,-1042
115900117,84,20,64
115900118,6,328,-322
115900119,135,122,13
115900120,48,517,-469
115900121,134,307,-173
115900124,190,694,-504
115900125,342,58,284
115900126,782,105,677
115900127,674,75,599
115900128,12,66,-54
115900129,814,64,750
115900130,31,221,-190
115900131,357,40,317
115900132,466,15,451
115900134,322,17,305
115900135,512,1244,-732
115900137,39,5,34
115900139,191,244,-53
115900140,189,42,147
115900141,29,172,-143
115900142,34,76,-42
115900143,164,275,-111
115900144,75,274,-199
115900146,5,124,-119
115900147,232,288,-56
115900148,39,14,25
115900149,105,17,88
115900150,91,68,23
115900151,12,97,-85
115900152,134,369,-235
115900153,156,256,-100
115900154,584,339,245
115900155,0,53,-53
115900156,745,862,-117
115900157,202,473,-271
115900158,13,9,4
115900159,147,279,-132
115900160,13,5,8
115900161,50,176,-126
115900163,170,178,-8
115900164,695,83,612
115900165,2,159,-157
115900166,198,255,-57
115900168,130,200,-70
115900171,178,504,-326
115900172,73,127,-54
115900173,226,167,59
115900174,335,234,101
115900175,112,192,-80
115900178,14,733,-719
115900179,224,11,213
115900180,76,228,-152
115900181,119,226,-107
115900182,403,263,140
115900183,260,122,138
115900184,1693,19,1674
115900187,13,125,-112
115900189,2,221,-219
115900190,725,1490,-765
115900191,54,481,-427
115900192,11,93,-82
115900193,114,117,-3
115900194,690,58,632
115900195,781,1987,-1206
115900198,350,354,-4
115900199,218,281,-63
115900200,300,381,-81
115900201,525,356,169
115900202,2,55,-53
115900203,5,15,-10
115900204,1,0,1
115900205,120,18,102
115900206,210,180,30
115900207,19,26,-7
115900208,167,269,-102
115900209,6,144,-138
115900210,4,193,-189
115900211,12,293,-281
115900212,120,262,-142
115900213,223,109,114
115900214,285,212,73
115900215,30,71,-41
115900216,6,129,-123
115900217,1,50,-49
115900218,0,49,-49
115900219,94,16,78
115900220,124,12,112
115900221,83,16,67
115900222,68,26,42
115900223,6,262,-256
115900224,1472,929,543
115900225,66,54,12
115900226,10,60,-50
115900227,16,35,-19
115900228,6,63,-57
115900229,7,64,-57
115900230,76,153,-77
115900231,105,5,100
115900232,75,0,75
115900233,74,25,49
115900234,48,32,16
115900235,11,46,-35
115900236,38,44,-6
115900237,15,33,-18
115900238,22,41,-19
115900239,12,39,-27
115900240,13,88,-75
115900241,202,120,82
115900242,272,379,-107
115900243,16,11,5
115900244,29,18,11
115900245,3,5,-2
115900246,7,4,3
115900247,16,10,6
115900248,13,4,9
115900249,6,18,-12
115900250,13,33,-20
115900251,0,8,-8
115900252,3,6,-3
115900253,1,10,-9
115900254,25,29,-4
115900255,10,18,-8
115900256,19,18,1
115900257,12,4,8
115900258,1,1,0
115900259,9,6,3
115900260,15,3,12
115900261,15,1,14
115900262,4,1,3
115900263,5,3,2
115900264,36,21,15
115900265,0,11,-11
115900266,4,13,-9
115900267,8,12,-4
115900268,7,7,0
115900269,398,469,-71
115900270,334,591,-257
116000001,15685,6100,9585
116000002,5309,11087,-5778
116000003,1927,2038,-111
116000004,2836,3878,-1042
116000005,3995,3738,257
116000006,3765,2240,1525
116000007,3706,4299,-593
116000008,4601,2122,2479
116000009,2003,3024,-1021
116000010,2249,1452,797
116000011,1117,2304,-1187
116000012,1456,1043,413
116000013,14649,6025,8624
116000014,19121,13531,5590
116000015,653,1833,-1180
116000016,8574,4500,4074
116000017,36,854,-818
116000018,847,521,326
116000019,1355,452,903
116000020,745,1411,-666
116000021,552,327,225
116000022,393,487,-94
116000023,1492,1043,449
116000024,821,1234,-413
116000025,1086,779,307
116000026,2351,2626,-275
116000027,1617,832,785
116000028,494,906,-412
116000029,1294,923,371
116000030,800,541,259
116000031,271,357,-86
116000032,170,344,-174
116000033,238,297,-59
116000034,1202,810,392
116000035,313,1110,-797
116000036,2416,1648,768
116000037,1131,976,155
116000038,631,454,177
116000039,487,459,28
116000040,1602,241,1361
116000041,168,760,-592
116000042,856,269,587
116000043,127,831,-704
116000044,2,10,-8
116000045,2795,1765,1030
116000046,1855,1933,-78
116000047,3040,3387,-347
116000048,3199,2348,851
116000049,1359,2907,-1548
116000050,1653,2121,-468
116000051,6454,2806,3648
116000052,6378,5659,719
116000053,2690,1389,1301
116000054,933,3197,-2264
116000055,719,1662,-943
116000056,834,1419,-585
116000057,4742,2430,2312
116000058,4385,3158,1227
116000059,4245,6362,-2117
116000060,3059,1111,1948
116000061,460,1032,-572
116000062,926,279,647
116000063,745,1333,-588
116000066,242,752,-510
116000067,315,586,-271
116000068,334,371,-37
116000069,322,585,-263
116000078,448,1206,-758
116000080,1968,1216,752
116000082,8,109,-101
116000083,1472,393,1079
116000084,2523,4233,-1710
116000085,2271,1857,414
116000086,1990,1404,586
116000087,1822,1439,383
116000088,896,1402,-506
116000089,175,114,61
116000090,111,165,-54
116000091,244,319,-75
116000093,682,601,81
116000094,759,820,-61
116000095,749,724,25
116000096,881,1661,-780
116000097,775,937,-162
116000098,35,6442,-6407
116000099,8710,358,8352
116000100,173,24,149
116000101,795,1364,-569
116000102,241,1570,-1329
116000103,450,290,160
116000104,279,1856,-1577
116000105,1133,243,890
116000106,375,1010,-635
116000107,2258,473,1785
116000108,425,167,258
116000111,132,16,116
116000113,129,109,20
116000114,61,234,-173
116000115,318,108,210
116000116,332,690,-358
116000117,1570,2350,-780
116000118,1437,1805,-368
116000119,3087,2314,773
116000120,3392,5202,-1810
116000121,863,602,261
116000122,1327,2401,-1074
116000123,1032,501,531
116000124,454,1307,-853
116000125,2735,826,1909
116000126,340,1882,-1542
116000127,1245,1752,-507
116000128,1692,1059,633
116000129,1172,205,967
116000130,498,438,60
116000133,935,1177,-242
116000134,2079,2961,-882
116000135,2538,1578,960
116000136,1295,2673,-1378
116000137,1108,774,334
116000138,1012,653,359
116000139,2515,2676,-161
116000140,217,258,-41
116000141,440,892,-452
116000142,4321,3791,530
116000143,1910,2158,-248
116000144,1703,2627,-924
116000145,1833,1553,280
116000146,554,359,195
116000147,416,142,274
116000148,586,559,27
116000149,845,757,88
116000151,796,827,-31
116000153,107,736,-629
116000155,196,440,-244
116000156,541,1379,-838
116000157,43,20,23
116000158,233,521,-288
116000159,7,11,-4
116000160,13,105,-92
116000161,5,130,-125
116000162,142,123,19
116000163,28,25,3
116000164,68,26,42
116000177,205,107,98
116000194,105,535,-430
116000195,1858,704,1154
116000196,40,11,29
116000197,15,10,5
116000198,3403,1520,1883
116000200,897,538,359
116000201,764,866,-102
116000202,7,320,-313
116000203,0,122,-122
116000204,9,73,-64
116000205,0,210,-210
116000206,0,91,-91
116000207,8,24,-16
116000233,242,693,-451
116000287,147,622,-475
116000288,334,341,-7
116000292,108,195,-87
116000296,21,112,-91
116000297,240,33,207
116000304,586,11,575
116000305,12,221,-209
116000346,216,190,26
116000352,218,77,141
116000354,162,25,137
116000357,41,31,10
116000358,316,45,271
116000361,57,3,54
116000372,9236,4654,4582
116000381,127,0,127
116000388,2,66,-64
116000389,1109,665,444
116000445,407,718,-311
116000446,660,986,-326
116000447,17,582,-565
116000448,701,241,460
116000563,1472,1209,263
116000565,70,540,-470
116000568,76,378,-302
116000579,33,126,-93
116000584,24,9,15
116000585,19,19,0
116000586,194,182,12
116000587,494,637,-143
116000589,64,116,-52
116000590,92,62,30
116000591,168,303,-135
116000592,12,129,-117
116000593,0,16,-16
116000594,599,679,-80
116000595,754,243,511
116000596,149,6,143
116000597,350,87,263
116000598,25,256,-231
116000602,89,783,-694
116000605,263,249,14
116000606,83,182,-99
116000607,9,78,-69
116000609,273,1107,-834
116000611,133,619,-486
116000612,790,2358,-1568
116000613,635,413,222
116000614,451,811,-360
116000615,20,336,-316
116000616,66,96,-30
116000617,95,86,9
116000618,4,164,-160
116000619,47,62,-15
116000620,119,87,32
116000621,73,126,-53
116000622,47,171,-124
116000624,121,66,55
116900001,278,179,99
116900002,240,4,236
116900003,42,104,-62
116900004,33,63,-30
116900005,263,74,189
116900006,102,146,-44
116900007,149,227,-78
116900008,445,474,-29
116900009,23,9,14
116900010,11,2062,-2051
116900011,6,37,-31
116900012,193,245,-52
116900013,11,264,-253
116900014,95,336,-241
116900015,363,77,286
116900016,212,2,210
116900017,8,744,-736
116900018,72,70,2
116900019,11,421,-410
116900020,712,770,-58
116900023,50,10,40
116900024,498,68,430
116900025,1225,1071,154
116900026,192,927,-735
116900027,34,79,-45
116900028,8,174,-166
116900029,0,44,-44
116900031,0,6,-6
116900032,5,457,-452
116900033,14,16,-2
116900034,16,97,-81
116900035,129,286,-157
116900036,2,138,-136
116900038,10,3,7
116900041,76,32,44
116900042,929,298,631
116900043,14,96,-82
116900045,283,58,225
116900047,78,101,-23
116900049,37,379,-342
116900050,162,689,-527
116900051,122,279,-157
116900052,240,87,153
116900055,1,17,-16
116900057,12,359,-347
116900058,50,490,-440
116900059,3,285,-282
116900060,241,205,36
116900062,1,11,-10
116900064,78,943,-865
116900065,17,148,-131
116900067,93,150,-57
116900068,235,374,-139
116900070,2,2,0
116900072,27,572,-545
116900073,16,197,-181
116900074,11,54,-43
116900076,11,26,-15
116900077,15,212,-197
116900078,301,202,99
116900079,31,364,-333
116900080,16,29,-13
116900081,464,1723,-1259
116900082,474,1050,-576
116900083,68,82,-14
116900084,185,73,112
116900085,38,209,-171
116900086,45,247,-202
116900088,505,92,413
116900090,191,66,125
116900091,266,102,164
116900092,101,1038,-937
116900093,1864,2327,-463
116900094,6599,5203,1396
116900095,391,166,225
116900096,89,228,-139
116900097,4671,2892,1779
116900098,851,349,502
116900099,978,743,235
116900100,982,52,930
116900101,361,711,-350
116900103,4,0,4
116900104,69,108,-39
116900105,397,155,242
116900106,2106,135,1971
116900107,5191,2837,2354
116900110,12,0,12
116900111,438,1024,-586
116900112,221,1229,-1008
116900113,3076,1076,2000
116900116,120,451,-331
116900117,85,141,-56
116900118,892,918,-26
116900120,312,133,179
116900121,64,50,14
116900122,950,1074,-124
116900123,231,1158,-927
116900124,221,1325,-1104
116900125,403,226,177
116900126,257,800,-543
116900128,1,40,-39
116900129,1,423,-422
116900130,997,3930,-2933
116900131,107,328,-221
116900132,57,98,-41
116900133,118,178,-60
116900134,270,361,-91
116900136,299,181,118
116900137,423,184,239
116900138,283,218,65
116900139,122,470,-348
116900140,237,176,61
116900141,782,406,376
116900142,4,45,-41
116900143,431,899,-468
116900144,25,71,-46
116900145,131,389,-258
116900147,865,450,415
116900148,18,39,-21
116900149,50,181,-131
116900150,18,12,6
116900151,58,13,45
116900153,87,97,-10
116900154,878,554,324
116900155,80,79,1
116900157,511,366,145
116900158,270,290,-20
116900159,73,360,-287
116900160,2317,476,1841
116900161,10157,6726,3431
116900162,28,145,-117
116900163,193,190,3
116900164,159,64,95
116900165,244,133,111
116900166,38,136,-98
116900167,508,80,428
116900168,367,102,265
116900169,918,403,515
116900170,349,524,-175
116900171,55,303,-248
116900172,274,243,31
116900173,215,44,171
116900174,39,81,-42
116900175,314,145,169
116900178,24,188,-164
116900179,103,268,-165
116900180,110,28,82
116900182,701,365,336
116900183,184,86,98
116900185,36,27,9
116900186,118,331,-213
116900187,63,44,19
116900188,145,31,114
116900189,153,0,153
116900191,446,709,-263
116900192,233,187,46
116900194,155,1047,-892
116900195,58,42,16
116900196,14,128,-114
116900197,129,12,117
116900198,220,220,0
116900200,51,49,2
116900201,82,20,62
116900202,144,69,75
116900203,130,6,124
116900204,67,108,-41
116900206,9,26,-17
116900207,41,44,-3
116900208,16,116,-100
116900209,24,155,-131
116900210,511,340,171
116900211,275,13,262
116900212,77,102,-25
116900213,181,235,-54
116900214,138,242,-104
116900215,56,83,-27
116900216,440,368,72
116900218,6,343,-337
116900219,1468,517,951
116900220,122,265,-143
116900221,65,421,-356
116900222,451,509,-58
116900223,126,363,-237
116900226,120,97,23
116900227,233,91,142
116900228,317,345,-28
116900230,55,355,-300
116900231,37,525,-488
116900232,11,501,-490
116900233,249,98,151
116900234,16,11,5
116900235,158,422,-264
116900238,1711,419,1292
116900239,26,992,-966
116900240,7744,4169,3575
116900241,187,247,-60
116900242,505,441,64
116900243,3,159,-156
116900245,32,22,10
116900246,145,12,133
116900247,645,17,628
116900248,127,69,58
116900249,418,160,258
116900250,369,87,282
116900251,654,601,53
116900252,99,1216,-1117
116900253,132,126,6
116900254,26,94,-68
116900255,117,77,40
116900256,359,186,173
116900257,10,532,-522
116900258,5,330,-325
116900259,135,12,123
116900260,36,202,-166
116900261,41,1,40
116900262,181,178,3
116900263,0,4,-4
116900264,0,2,-2
116900265,16,3,13
116900266,10,56,-46
116900267,3,3,0
116900268,99,12,87
116900269,368,569,-201
116900271,2143,213,1930
116900272,341,618,-277
116900273,267,58,209
116900274,112,133,-21
116900275,183,141,42
116900276,307,106,201
116900277,734,41,693
116900278,2,13,-11
116900279,0,26,-26
116900280,46,33,13
116900281,8852,4754,4098
116900282,3,184,-181
116900283,28,127,-99
116900284,15,207,-192
116900285,404,341,63
116900286,210,24,186
116900287,12,78,-66
116900288,55,139,-84
116900289,8,37,-29
116900290,3,31,-28
116900291,32,6,26
116900292,0,18,-18
116900293,39,101,-62
116900294,44,191,-147
116900295,272,36,236
116900296,191,30,161
116900297,3,101,-98
116900298,64,28,36
116900299,64,30,34
116900300,6,102,-96
116900301,42,72,-30
116900302,2082,886,1196
116900303,394,81,313
116900304,1,114,-113
116900305,20,145,-125
116900306,320,169,151
117000001,2275,2299,-24
117000002,2683,6770,-4087
117000003,8879,3871,5008
117000004,6090,6549,-459
117000005,2798,2146,652
117000006,1747,4309,-2562
117000007,4332,1507,2825
117000008,1469,5454,-3985
117000009,5674,2370,3304
117000010,3449,5589,-2140
117000011,2426,2170,256
117000012,1616,1890,-274
117000013,2260,1096,1164
117000014,1929,2981,-1052
117000015,4581,1519,3062
117000016,712,61,651
117000017,747,157,590
117000018,357,710,-353
117000019,437,5,432
117000020,603,1985,-1382
117000021,3216,619,2597
117000022,757,126,631
117000023,1074,160,914
117000024,804,162,642
117000025,1381,619,762
117000026,4621,1317,3304
117000027,2356,1615,741
117000028,4712,927,3785
117000030,311,211,100
117000032,2388,1656,732
117000033,2056,1755,301
117000034,163,161,2
117000036,157,185,-28
117000038,271,441,-170
117000039,50,82,-32
117000040,198,1412,-1214
117000041,1247,221,1026
117000044,18,1057,-1039
117000045,390,97,293
117000046,757,806,-49
117000047,1013,701,312
117000048,2715,1660,1055
117000049,185,1020,-835
117000050,144,2537,-2393
117000051,2163,140,2023
117000052,45,427,-382
117000053,446,62,384
117000054,1931,5,1926
117000055,21,4349,-4328
117000056,720,30,690
117000057,720,2800,-2080
117000060,648,2447,-1799
117000061,2148,1214,934
117000062,331,820,-489
117000063,2250,1092,1158
117000064,1027,1184,-157
117000066,1845,1111,734
117000067,198,611,-413
117000074,223,270,-47
117000076,82,64,18
117000077,178,197,-19
117000078,157,908,-751
117000079,490,326,164
117000080,4,395,-391
117000081,1134,168,966
117000082,16,93,-77
117000083,167,12,155
117000084,411,5,406
117000085,295,885,-590
117000086,1048,695,353
117000087,110,649,-539
117000088,403,310,93
117000089,1806,410,1396
117000090,335,1682,-1347
117000091,1031,371,660
117000092,454,1787,-1333
117000093,1420,867,553
117000094,1514,3755,-2241
117000095,3588,959,2629
117000096,791,3153,-2362
117000097,1515,1332,183
117000098,3161,6158,-2997
117000099,3451,1366,2085
117000100,188,308,-120
117000101,266,1637,-1371
117000102,1820,795,1025
117000103,942,2320,-1378
117000104,1567,695,872
117000105,1035,2164,-1129
117000106,1366,1061,305
117000107,627,2434,-1807
117000108,1785,1096,689
117000109,2339,3295,-956
117000110,1751,1288,463
117000111,4731,5895,-1164
117000112,4307,2359,1948
117000113,114,355,-241
117000114,199,175,24
117000115,88,179,-91
117000116,119,321,-202
117000117,2561,1173,1388
117000118,659,197,462
117000119,776,214,562
117000120,710,453,257
117000121,327,1287,-960
117000122,471,1417,-946
117000123,2332,55,2277
117000124,1165,115,1050
117000125,630,101,529
117000126,114,60,54
117000127,278,549,-271
117000128,578,1155,-577
117000129,360,81,279
117000130,213,1,212
117000131,0,103,-103
117000132,2791,41,2750
117000133,1382,194,1188
117000134,0,50,-50
117000135,7,35,-28
117000136,4,46,-42
117000137,93,94,-1
117000138,1,716,-715
117000140,559,1997,-1438
117000141,1980,777,1203
117000181,1034,603,431
117000182,347,539,-192
117000195,209,1456,-1247
117000196,362,113,249
117000225,445,15,430
117000226,40,200,-160
117000276,267,19,248
117000277,2,556,-554
117000310,2575,3416,-841
117000315,58,1937,-1879
117000320,97,0,97
117000906,295,8,287
117000907,12,420,-408
117000908,158,27,131
117000909,81,63,18
117000910,209,197,12
117000911,88,209,-121
117000915,13,766,-753
117000916,47,6,41
117000917,1385,53,1332
117000918,60,85,-25
117000919,9,161,-152
117000920,3,1618,-1615
117000921,3,1957,-1954
117000922,56,194,-138
117000924,965,1056,-91
117000926,1250,112,1138
117000927,2919,1030,1889
117000928,0,188,-188
117000929,193,475,-282
117000930,188,23,165
117000931,890,171,719
117900002,216,535,-319
117900003,992,576,416
117900005,28,51,-23
117900006,0,34,-34
117900007,167,141,26
117900008,0,43,-43
117900010,411,113,298
117900011,99,45,54
117900012,84,159,-75
117900013,4,320,-316
117900014,409,165,244
117900015,23,103,-80
117900016,1669,855,814
117900017,974,318,656
117900018,277,82,195
117900019,513,370,143
117900020,96,437,-341
117900021,42,97,-55
117900022,26,21,5
117900023,775,703,72
117900024,104,103,1
117900025,36,17,19
117900026,449,375,74
117900028,190,9,181
117900029,371,954,-583
117900030,397,333,64
117900031,646,162,484
117900032,801,639,162
117900033,315,1028,-713
117900034,32,59,-27
117900035,206,97,109
117900036,263,614,-351
117900037,126,162,-36
117900038,28,400,-372
117900039,1,79,-78
117900040,122,545,-423
117900041,4,49,-45
117900042,5572,665,4907
117900043,36,52,-16
117900044,25,4147,-4122
117900045,257,153,104
117900048,307,355,-48
117900049,262,701,-439
117900050,36,64,-28
117900051,517,16,501
117900052,67,457,-390
117900053,1526,879,647
117900054,4,17,-13
117900055,167,470,-303
117900056,619,13,606
117900057,1062,1435,-373
117900058,1008,809,199
117900059,557,111,446
117900060,1915,6697,-4782
117900061,40,360,-320
117900063,382,252,130
117900065,689,1388,-699
117900066,7,63,-56
117900067,549,276,273
117900069,1102,556,546
117900070,827,21,806
117900071,119,202,-83
117900073,511,455,56
117900074,698,41,657
117900075,101,123,-22
117900076,11,58,-47
117900077,333,200,133
117900078,328,768,-440
117900080,316,73,243
117900081,567,508,59
117900082,418,384,34
117900083,430,683,-253
117900086,188,50,138
117900087,151,81,70
117900088,3557,2754,803
117900089,2017,648,1369
117900090,684,795,-111
117900091,205,235,-30
117900092,103,44,59
117900093,121,89,32
117900094,53,28,25
117900095,264,417,-153
117900096,114,288,-174
117900097,244,71,173
117900098,26,6,20
117900099,189,321,-132
117900100,208,2,206
117900101,588,1767,-1179
117900102,53,54,-1
117900103,73,0,73
117900104,24,149,-125
117900105,139,284,-145
117900106,96,57,39
117900107,30,1,29
117900109,680,437,243
117900110,90,0,90
117900111,341,23,318
117900112,78,22,56
117900113,5855,2583,3272
117900114,26,1,25
117900115,442,99,343
117900116,1037,1199,-162
117900117,695,528,167
117900118,67,0,67
117900119,215,195,20
117900120,213,163,50
117900121,106,38,68
117900122,1532,3631,-2099
117900123,903,525,378
117900124,797,875,-78
117900125,2042,1650,392
117900126,279,653,-374
117900127,611,643,-32
117900128,374,956,-582
117900129,83,1,82
117900130,1013,518,495
117900131,0,160,-160
117900132,15,104,-89
117900133,12,178,-166
117900134,79,251,-172
117900135,28,204,-176
117900136,1,34,-33
117900137,59,369,-310
117900138,0,32,-32
117900139,118,163,-45
117900140,5419,585,4834
117900141,404,294,110
117900142,542,43,499
117900144,213,166,47
117900145,106,32,74
117900146,365,164,201
117900147,66,87,-21
117900148,3988,1562,2426
117900149,61,224,-163
117900150,50,71,-21
117900151,52,128,-76
117900152,91,89,2
117900153,26,177,-151
117900154,667,817,-150
117900156,1155,967,188
117900157,134,599,-465
117900158,248,123,125
117900160,702,704,-2
117900161,3541,2998,543
117900162,381,533,-152
117900163,340,75,265
117900165,0,10,-10
117900166,171,430,-259
117900168,45,186,-141
117900169,0,131,-131
117900170,2,41,-39
117900171,4,25,-21
117900172,17,34,-17
117900173,195,98,97
117900174,50,63,-13
117900175,3,34,-31
117900176,16,53,-37
117900177,22,65,-43
117900178,108,52,56
117900180,330,37,293
117900181,206,300,-94
117900182,6,39,-33
117900183,57,214,-157
117900184,10,62,-52
117900185,48,55,-7
117900186,46,17,29
117900187,12,14,-2
117900188,191,70,121
117900189,76,33,43
117900190,41,6,35
117900191,100,1,99
117900192,244,5,239
117900193,20,77,-57
117900194,9,4,5
117900195,21,64,-43
117900196,19,31,-12
117900207,185,143,42
117900208,52,64,-12
117900209,222,208,14
117900210,204,198,6
117900211,8,284,-276
117900212,94,229,-135
117900213,21,18,3
117900214,9,36,-27
117900216,34,65,-31
117900217,98,435,-337
117900218,153,255,-102
117900219,77,146,-69
117900220,300,193,107
117900221,49,6,43
118000001,1161,789,372
118000002,1579,2543,-964
118000003,2743,2533,210
118000004,3541,2275,1266
118000005,6851,5807,1044
118000006,9580,11513,-1933
118000007,9840,3413,6427
118000008,6982,4138,2844
118000009,2791,4767,-1976
118000010,7003,5381,1622
118000011,1578,2864,-1286
118000012,1418,2740,-1322
118000013,3987,3244,743
118000014,2594,3201,-607
118000016,259,396,-137
118000017,361,584,-223
118000018,671,573,98
118000019,3201,1426,1775
118000020,2772,3146,-374
118000021,1044,3230,-2186
118000022,3128,966,2162
118000023,1635,297,1338
118000024,2970,1215,1755
118000025,1916,2060,-144
118000027,18883,12126,6757
118000029,1525,790,735
118000032,1910,3934,-2024
118000033,4459,5639,-1180
118000034,7869,2823,5046
118000035,2120,2652,-532
118000036,1491,1111,380
118000037,1060,937,123
118000038,158,87,71
118000039,173,290,-117
118000040,2201,1568,633
118000041,2911,1724,1187
118000045,1205,178,1027
118000046,2543,611,1932
118000047,3202,931,2271
118000048,5031,1658,3373
118000051,3681,982,2699
118000052,2448,683,1765
118000053,1000,922,78
118000054,2527,2316,211
118000055,1853,2711,-858
118000056,266,433,-167
118000057,270,603,-333
118000058,6710,1927,4783
118000059,4668,1066,3602
118000060,1194,802,392
118000061,1312,1809,-497
118000062,756,439,317
118000063,472,664,-192
118000064,1096,1508,-412
118000065,5749,2435,3314
118000066,954,1457,-503
118000067,1392,878,514
118000068,2478,5177,-2699
118000069,4381,1619,2762
118000070,8127,2317,5810
118000071,4401,7387,-2986
118000072,3279,1166,2113
118000073,3740,623,3117
118000074,1015,435,580
118000075,1209,374,835
118000076,2098,1973,125
118000077,1748,1400,348
118000078,2377,2231,146
118000079,334,571,-237
118000080,1378,972,406
118000081,2009,1097,912
118000082,428,1222,-794
118000083,2230,1928,302
118000084,3695,2385,1310
118000086,330,703,-373
118000087,6094,3238,2856
118000088,2049,2012,37
118000089,4261,2311,1950
118000090,2259,3572,-1313
118000091,1686,2806,-1120
118000092,1370,552,818
118000093,129,912,-783
118000096,693,720,-27
118000097,963,663,300
118000098,347,230,117
118000099,586,1044,-458
118000101,1119,370,749
118000102,409,1387,-978
118000107,3023,704,2319
118000108,864,3316,-2452
118000110,0,23,-23
118000111,1,516,-515
118000112,516,22,494
118000113,8,878,-870
118000114,428,13,415
118000115,22,7,15
118000116,103,0,103
118000117,1443,983,460
118000118,1040,795,245
118000119,883,1209,-326
118000120,1900,1632,268
118000121,93,525,-432
118000122,1775,337,1438
118000123,91,222,-131
118000125,2158,1165,993
118000126,1197,1897,-700
118000127,1964,785,1179
118000128,745,1422,-677
118000129,1389,351,1038
118000130,3068,4564,-1496
118000131,800,1014,-214
118000132,2824,1981,843
118000133,1320,425,895
118000135,759,535,224
118000136,82,457,-375
118000137,849,89,760
118000138,444,797,-353
118000139,467,89,378
118000140,2982,5565,-2583
118000141,2422,2519,-97
118000142,2064,2790,-726
118000143,2175,1666,509
118000144,1687,1546,141
118000145,2122,3245,-1123
118000146,1764,1408,356
118000147,1323,2063,-740
118000148,857,1801,-944
118000149,861,1089,-228
118000150,425,210,215
118000151,487,596,-109
118000153,1371,1592,-221
118000154,1677,2100,-423
118000155,1212,1780,-568
118000156,3407,3308,99
118000157,499,359,140
118000158,160,547,-387
118000159,38,102,-64
118000160,479,605,-126
118000161,571,1083,-512
118000162,2638,1057,1581
118000163,864,1262,-398
118000164,2926,2273,653
118000168,1671,671,1000
118000169,1630,1933,-303
118000170,5144,6464,-1320
118000171,395,684,-289
118000172,132,333,-201
118000173,1240,1524,-284
118000175,484,408,76
118000176,461,542,-81
118000177,264,662,-398
118000178,82,75,7
118000179,1868,1363,505
118000180,1016,994,22
118000181,1037,567,470
118000182,414,365,49
118000183,299,351,-52
118000184,843,1164,-321
118000185,1338,1330,8
118000186,1002,1292,-290
118000187,1535,903,632
118000188,1016,244,772
118000189,838,949,-111
118000190,44,11,33
118000191,30,53,-23
118000192,222,202,20
118000193,180,509,-329
118000194,3014,1333,1681
118000195,1300,876,424
118000196,959,190,769
118000197,862,117,745
118000198,839,613,226
118000199,1963,495,1468
118000200,129,242,-113
118000201,899,524,375
118000202,81,84,-3
118000203,1897,585,1312
118000204,280,338,-58
118000205,341,373,-32
118000206,292,245,47
118000207,1,108,-107
118000208,1619,1828,-209
118000209,2499,1964,535
118000210,66,43,23
118000211,19,33,-14
118000213,1731,1147,584
118000214,801,693,108
118000215,332,451,-119
118000216,2172,5331,-3159
118000217,34,124,-90
118000218,116,114,2
118000219,496,484,12
118000220,1,26,-25
118000221,183,412,-229
118000222,90,13,77
118000223,43,61,-18
118000224,309,95,214
118000225,233,975,-742
118000226,1824,201,1623
118000227,1038,429,609
118000228,217,221,-4
118000229,438,67,371
118000230,153,307,-154
118000231,97,261,-164
118000232,906,1237,-331
118000233,1197,960,237
118000234,458,333,125
118000236,578,443,135
118000237,92,690,-598
118000238,304,255,49
118000239,383,402,-19
118000240,569,174,395
118000241,178,270,-92
118000242,497,773,-276
118000243,280,296,-16
118000244,41,129,-88
118000246,0,13,-13
118000255,68,210,-142
118000256,98,242,-144
118000259,20,84,-64
118000260,258,111,147
118000261,28,135,-107
118000263,93,314,-221
118000266,382,461,-79
118000267,0,91,-91
118000268,934,63,871
118000270,84,55,29
118000271,144,397,-253
118000272,115,42,73
118000273,130,121,9
118000274,138,377,-239
118000276,444,456,-12
118000295,5,127,-122
118000298,184,292,-108
118000299,78,177,-99
118000301,0,74,-74
118000302,133,111,22
118000311,535,151,384
118000312,238,263,-25
118000313,70,213,-143
118000314,80,80,0
118000315,62,65,-3
118000316,680,552,128
118000325,64,83,-19
118000326,30,61,-31
118000331,31,93,-62
118000332,32,52,-20
118000333,27,113,-86
118000335,332,0,332
118000336,0,312,-312
118000407,190,109,81
118000457,11,29,-18
118000465,4699,4873,-174
118000480,39,185,-146
118000489,45,354,-309
118000490,43,431,-388
118000492,162,225,-63
118000510,96,19,77
118000514,178,395,-217
118000515,898,912,-14
118000517,510,226,284
118000524,679,290,389
118000525,1131,1045,86
118000530,13,141,-128
118000531,262,323,-61
118000532,206,409,-203
118000533,498,190,308
118000534,874,561,313
118000535,261,147,114
118000536,1411,1933,-522
118000537,23,182,-159
118000538,37,109,-72
118000539,24,121,-97
118000540,384,255,129
118000541,228,98,130
118000542,136,206,-70
118000543,240,240,0
118000546,70,39,31
118000560,3988,2140,1848
118000562,39,374,-335
118000563,2479,1599,880
118000576,201,191,10
118000577,158,197,-39
118000578,177,109,68
118000579,682,1304,-622
118000595,199,93,106
118000596,1,58,-57
118000597,94,131,-37
118000598,16,2,14
118000599,65,49,16
118000600,1,52,-51
118000601,18,0,18
118000602,0,31,-31
118000603,0,20,-20
118900001,1061,1565,-504
118900002,1270,897,373
118900003,427,52,375
118900004,124,83,41
118900005,62,11,51
118900006,132,15,117
118900007,15,3,12
118900008,1896,70,1826
118900009,69,56,13
118900010,85,17,68
118900011,201,36,165
118900012,436,240,196
118900013,478,150,328
118900015,249,64,185
118900016,5,22,-17
118900017,291,262,29
118900018,1015,33,982
118900019,55,25,30
118900020,222,146,76
118900021,214,512,-298
118900022,170,134,36
118900023,241,141,100
118900024,93,200,-107
118900025,62,29,33
118900026,79,124,-45
118900027,484,316,168
118900028,157,228,-71
118900029,261,414,-153
118900030,344,96,248
118900031,150,114,36
118900032,271,192,79
118900033,646,386,260
118900034,164,40,124
118900035,156,199,-43
118900036,1055,788,267
118900037,1039,365,674
118900038,427,209,218
118900039,601,222,379
118900040,243,264,-21
118900041,672,197,475
118900042,218,138,80
118900045,303,215,88
118900046,1001,247,754
118900047,667,293,374
118900048,328,229,99
118900049,68,53,15
118900050,37,177,-140
118900051,55,73,-18
118900052,763,246,517
118900053,65,105,-40
118900054,126,52,74
118900055,94,94,0
118900056,48,328,-280
118900057,770,476,294
118900058,583,347,236
118900059,18,81,-63
118900060,32,113,-81
118900062,213,220,-7
118900064,931,663,268
118900065,59,287,-228
118900066,88,78,10
118900067,6270,4300,1970
118900068,7,558,-551
118900069,394,253,141
118900071,14,133,-119
118900072,494,552,-58
118900073,95,105,-10
118900074,138,263,-125
118900075,106,137,-31
118900076,286,101,185
118900077,327,252,75
118900078,25,9,16
118900079,65,269,-204
118900080,38,146,-108
118900081,89,27,62
118900082,682,208,474
118900083,42,19,23
118900084,16,41,-25
118900085,697,1481,-784
118900086,46,95,-49
118900087,18,258,-240
118900088,0,24,-24
118900089,27,15,12
118900090,570,570,0
118900091,262,236,26
118900092,149,134,15
118900093,155,33,122
118900096,61,40,21
118900097,241,732,-491
118900099,127,391,-264
118900100,184,373,-189
118900101,129,657,-528
118900102,34,139,-105
118900103,54,168,-114
118900104,347,245,102
118900105,362,169,193
118900107,211,129,82
118900108,132,156,-24
118900109,1561,275,1286
118900110,1619,866,753
118900111,414,767,-353
118900112,90,185,-95
118900113,129,709,-580
118900114,26,96,-70
118900115,134,494,-360
118900116,124,234,-110
118900117,85,221,-136
118900118,331,452,-121
118900119,148,330,-182
118900120,127,309,-182
118900121,33,274,-241
118900122,12,1004,-992
118900123,164,314,-150
118900124,91,274,-183
118900126,20,451,-431
118900129,355,310,45
118900130,40,131,-91
118900131,135,349,-214
118900132,675,265,410
118900133,11,149,-138
118900135,313,337,-24
118900136,259,773,-514
118900137,14,66,-52
118900139,301,658,-357
118900140,361,887,-526
118900141,85,229,-144
118900144,127,678,-551
118900145,39,204,-165
118900146,392,826,-434
118900147,301,126,175
118900148,88,60,28
118900150,169,589,-420
118900152,534,1049,-515
118900157,80,181,-101
118900158,101,86,15
118900159,1,228,-227
118900161,141,6,135
118900163,223,106,117
118900164,13,145,-132
118900165,74,241,-167
118900166,54,2,52
118900167,68,158,-90
118900168,9,167,-158
118900169,181,505,-324
118900170,158,158,0
118900171,23,34,-11
118900174,63,68,-5
118900175,441,604,-163
118900176,179,318,-139
118900177,48,62,-14
118900178,79,196,-117
118900179,7,49,-42
118900181,69,97,-28
118900182,146,71,75
118900183,22,175,-153
118900184,479,103,376
118900185,111,139,-28
118900186,145,95,50
118900187,227,333,-106
118900188,407,360,47
118900189,46,987,-941
118900190,17,506,-489
118900191,185,55,130
118900192,186,17,169
118900193,495,11,484
118900195,488,1060,-572
118900196,37,221,-184
118900197,135,91,44
118900198,47,42,5
118900199,93,51,42
118900200,31,11,20
118900201,33,22,11
118900202,16,89,-73
118900203,9,52,-43
118900204,14,43,-29
118900205,10,23,-13
118900206,4,44,-40
119000001,1757,1938,-181
119000002,5547,3707,1840
119000003,2801,1684,1117
119000004,2754,1894,860
119000005,2064,2454,-390
119000006,2850,1954,896
119000007,4038,4181,-143
119000008,3077,2387,690
119000009,3926,5272,-1346
119000010,8773,5009,3764
119000011,6003,3569,2434
119000012,4812,4494,318
119000013,2513,1438,1075
119000014,3462,4490,-1028
119000019,342,223,119
119000020,2127,1582,545
119000021,4677,2742,1935
119000022,4158,3203,955
119000023,361,343,18
119000024,2099,11216,-9117
119000025,12141,1911,10230
119000026,153,318,-165
119000027,487,647,-160
119000028,2622,1802,820
119000029,153,322,-169
119000030,529,1221,-692
119000031,884,770,114
119000032,2227,2949,-722
119000033,2561,1878,683
119000034,1315,1286,29
119000035,34,369,-335
119000036,1754,1200,554
119000037,1306,2248,-942
119000038,191,1224,-1033
119000039,339,415,-76
119000040,1050,634,416
119000041,1012,1438,-426
119000048,3669,3837,-168
119000049,1883,3096,-1213
119000050,1691,2720,-1029
119000051,2167,1159,1008
119000052,2230,3520,-1290
119000053,2017,1393,624
119000054,3168,4308,-1140
119000055,3926,4250,-324
119000056,2495,2598,-103
119000057,1646,2801,-1155
119000058,2285,2680,-395
119000059,1350,2055,-705
119000060,1678,1288,390
119000061,1085,1048,37
119000062,1265,1396,-131
119000063,577,367,210
119000064,1592,1922,-330
119000065,2324,3908,-1584
119000066,2074,1203,871
119000067,2104,3004,-900
119000068,1725,1275,450
119000069,1673,3136,-1463
119000070,2527,1135,1392
119000071,546,783,-237
119000072,7057,4022,3035
119000073,5918,7022,-1104
119000074,1451,3443,-1992
119000075,2038,2739,-701
119000076,542,863,-321
119000077,1011,585,426
119000078,464,205,259
119000079,133,606,-473
119000080,566,312,254
119000081,445,428,17
119000082,1161,293,868
119000083,599,444,155
119000084,295,521,-226
119000085,558,299,259
119000086,291,553,-262
119000087,1863,1182,681
119000088,315,280,35
119000089,51,216,-165
119000090,123,180,-57
119000091,124,420,-296
119000092,555,246,309
119000093,4645,3796,849
119000094,3090,7022,-3932
119000095,1840,3194,-1354
119000097,2760,2114,646
119000098,759,2817,-2058
119000099,3005,2574,431
119000100,3778,3050,728
119000101,4908,2415,2493
119000102,1172,977,195
119000103,2035,571,1464
119000104,3379,1763,1616
119000105,1164,1943,-779
119000106,400,1875,-1475
119000107,929,657,272
119000108,438,1196,-758
119000109,164,390,-226
119000110,618,318,300
119000111,92,532,-440
119000112,242,106,136
119000113,2889,367,2522
119000114,969,1253,-284
119000115,144,183,-39
119000116,178,114,64
119000117,167,411,-244
119000118,8,0,8
119000123,5678,982,4696
119000124,881,268,613
119000125,3534,1091,2443
119000126,516,866,-350
119000127,523,815,-292
119000128,43,1,42
119000131,1064,1000,64
119000132,10,6,4
119000133,0,3,-3
119000134,2803,791,2012
119000135,97,196,-99
119000136,242,229,13
119000137,200,444,-244
119000138,402,389,13
119000139,216,267,-51
119000140,201,413,-212
119000284,1327,3672,-2345
119000285,2758,2867,-109
119000286,8746,7290,1456
119000287,1432,2781,-1349
119000288,2448,1900,548
119000289,2601,4321,-1720
119000290,219,585,-366
119000291,4,385,-381
119000293,89,201,-112
119000294,44,28,16
119000295,2337,686,1651
119000296,173,172,1
119000302,3049,1689,1360
119000303,44,224,-180
119000314,1940,10812,-8872
119000315,2,586,-584
119000316,93,143,-50
119000317,62,326,-264
119900001,316,1429,-1113
119900002,169,332,-163
119900003,72,1368,-1296
119900004,366,976,-610
119900005,184,151,33
119900006,309,567,-258
119900007,1174,210,964
119900008,122,34,88
119900009,691,727,-36
119900010,1546,1179,367
119900011,25,93,-68
119900012,26,125,-99
119900013,1956,943,1013
119900014,751,337,414
119900015,138,33,105
119900016,39,126,-87
119900017,26,48,-22
119900018,2371,1021,1350
119900019,41,7,34
119900020,167,239,-72
119900021,195,115,80
119900022,174,614,-440
119900023,818,1233,-415
119900025,169,50,119
119900026,1088,144,944
119900027,13,31,-18
119900028,302,120,182
119900029,1,11,-10
119900030,649,615,34
119900031,81,431,-350
119900033,2506,364,2142
119900034,352,168,184
119900037,269,67,202
119900038,70,304,-234
119900039,38,5,33
119900040,240,27,213
119900041,129,43,86
119900042,83,186,-103
119900043,114,212,-98
119900044,303,891,-588
119900046,129,97,32
119900047,285,70,215
119900048,251,45,206
119900049,121,15,106
119900050,164,132,32
119900051,1052,19,1033
119900052,56,84,-28
119900053,178,251,-73
119900054,133,10,123
119900055,1409,518,891
119900057,248,146,102
119900058,230,4,226
119900059,198,72,126
119900060,246,24,222
119900061,344,11,333
119900062,74,37,37
119900063,23,83,-60
119900064,418,85,333
119900065,275,9,266
119900066,2,0,2
119900067,128,49,79
119900068,464,2,462
119900069,100,17,83
119900070,1316,36,1280
119900071,685,23,662
119900072,466,576,-110
119900073,2190,669,1521
119900074,74,32,42
119900075,6956,3197,3759
119900076,540,558,-18
119900077,918,1388,-470
119900078,445,1031,-586
119900079,183,331,-148
119900080,393,366,27
119900081,34,64,-30
119900082,1686,548,1138
119900083,398,141,257
119900084,1205,343,862
119900085,102,94,8
119900086,204,777,-573
119900087,1061,465,596
119900088,55,84,-29
119900089,47,659,-612
119900090,236,90,146
119900091,92,1354,-1262
119900092,64,579,-515
119900093,1339,281,1058
119900094,32,208,-176
119900095,236,136,100
119900096,43,167,-124
119900097,818,209,609
119900098,68,64,4
119900099,23,327,-304
119900100,3102,2872,230
119900101,235,1283,-1048
119900102,40,369,-329
119900103,34,563,-529
119900104,56,286,-230
119900105,1148,1491,-343
119900106,28,265,-237
119900107,477,3740,-3263
119900108,2463,836,1627
119900109,47,310,-263
119900110,593,794,-201
119900111,134,458,-324
119900112,2556,736,1820
119900113,130,478,-348
119900114,280,1715,-1435
119900115,292,1447,-1155
119900116,140,607,-467
119900117,315,1120,-805
119900118,78,1232,-1154
119900119,184,336,-152
119900120,726,815,-89
119900121,340,1465,-1125
119900122,651,495,156
119900123,248,520,-272
119900124,228,1289,-1061
119900125,51,445,-394
119900126,6198,444,5754
119900127,3079,1271,1808
119900128,474,1242,-768
119900129,264,886,-622
119900130,53,353,-300
119900131,53,381,-328
119900132,9,389,-380
119900133,65,97,-32
119900134,2574,364,2210
119900135,2,535,-533
119900136,189,534,-345
119900138,516,787,-271
119900139,74,117,-43
119900140,5,163,-158
119900141,170,877,-707
119900142,21,38,-17
119900143,12,236,-224
119900144,2551,378,2173
119900145,106,270,-164
119900146,247,274,-27
119900147,5,182,-177
119900148,204,81,123
119900149,2123,4557,-2434
119900150,173,267,-94
119900151,2198,1115,1083
119900152,120,514,-394
119900153,197,72,125
119900154,38,351,-313
119900155,31,56,-25
119900156,37,1,36
119900157,174,367,-193
119900158,169,66,103
119900159,16,2089,-2073
119900160,37,234,-197
119900161,165,308,-143
119900162,982,1115,-133
119900163,157,208,-51
119900164,0,0,0
119900165,160,337,-177
119900166,108,58,50
119900167,116,198,-82
119900168,895,621,274
119900169,160,367,-207
119900170,275,345,-70
119900171,1108,536,572
119900172,185,32,153
119900173,9,652,-643
119900174,4,282,-278
119900175,1342,932,410
119900177,47,273,-226
119900178,3,225,-222
119900179,119,411,-292
119900180,1006,924,82
119900181,76,136,-60
119900182,12,670,-658
119900183,208,922,-714
119900184,3781,832,2949
119900185,58,215,-157
119900186,136,877,-741
119900187,17,627,-610
119900188,120,392,-272
119900189,633,487,146
119900190,88,269,-181
119900191,332,170,162
119900192,76,241,-165
119900193,368,223,145
119900194,40,77,-37
119900195,46,308,-262
119900196,2005,567,1438
119900197,262,190,72
119900198,119,373,-254
119900199,166,31,135
119900200,725,792,-67
119900201,479,329,150
119900202,145,211,-66
119900203,227,538,-311
119900204,292,452,-160
119900205,684,661,23
119900206,155,177,-22
119900208,261,172,89
119900209,585,1256,-671
119900210,40,31,9
119900211,118,15,103
119900212,209,362,-153
119900213,8,87,-79
119900214,40,136,-96
119900215,48,114,-66
119900216,18,90,-72
119900217,29,80,-51
119900218,27,81,-54
119900219,12,148,-136
119900220,3,117,-114
119900221,36,395,-359
119900222,29,323,-294
119900223,20,133,-113
119900224,27,41,-14
119900225,1304,62,1242
119900226,842,2401,-1559
119900227,1474,476,998
119900228,135,334,-199
119900229,366,626,-260
119900230,2241,901,1340
119900231,247,243,4
119900232,317,121,196
119900233,89,6,83
119900234,38,71,-33
119900235,17,49,-32
119900236,29,296,-267
119900237,92,707,-615
119900238,3,66,-63
119900240,88,202,-114
119900241,166,315,-149
119900242,2007,2475,-468
119900244,1014,1907,-893
119900245,202,216,-14
119900246,551,554,-3
119900247,38,93,-55
119900248,74,212,-138
119900249,241,110,131
119900253,4613,564,4049
119900254,98,652,-554
119900255,133,681,-548
119900256,658,1348,-690
119900257,86,3,83
119900258,188,26,162
119900259,5,194,-189
119900260,153,0,153
119900261,313,232,81
119900262,2,330,-328
119900263,1281,548,733
119900264,121,281,-160
119900265,375,362,13
119900266,328,336,-8
119900267,297,721,-424
119900268,132,283,-151
119900269,1149,1436,-287
119900271,37,125,-88
119900272,391,125,266
119900275,70,1,69
119900276,63,0,63
119900277,16,9,7
119900278,331,85,246
119900279,163,328,-165
119900280,1067,276,791
119900281,0,200,-200
119900282,72,82,-10
119900283,25,386,-361
119900284,22,269,-247
119900285,20,79,-59
119900286,5,41,-36
119900288,2,29,-27
119900289,0,46,-46
119900290,6,39,-33
119900291,19,114,-95
119900292,41,35,6
119900293,26,108,-82
119900294,24,127,-103
119900295,7,23,-16
119900296,54,279,-225
119900297,6,36,-30
119900298,7,11,-4
119900299,48,287,-239
119900300,214,229,-15
119900301,192,83,109
119900302,161,77,84
119900303,190,187,3
119900304,144,39,105
119900305,13,164,-151
119900306,28,3,25
119900307,43,152,-109
119900308,9,27,-18
119900309,58,113,-55
119900310,355,449,-94
119900311,68,181,-113
119900312,124,124,0
119900313,291,471,-180
119900314,231,442,-211
119900315,1404,3044,-1640
119900318,13,34,-21
119900319,6,398,-392
119900320,203,743,-540
119900321,82,5,77
120000001,9373,17314,-7941
120000002,2765,3206,-441
120000003,3372,1890,1482
120000004,3149,2495,654
120000005,5024,2496,2528
120000006,1498,1515,-17
120000007,4592,3376,1216
120000008,1341,1765,-424
120000009,4715,1277,3438
120000010,2102,3352,-1250
120000011,1344,2553,-1209
120000012,1842,3764,-1922
120000013,3153,3352,-199
120000014,981,2068,-1087
120000015,3036,2002,1034
120000016,4059,3054,1005
120000017,3320,3326,-6
120000018,5312,12846,-7534
120000019,1014,1818,-804
120000020,3412,3576,-164
120000021,1873,2596,-723
120000022,2959,4400,-1441
120000023,962,1961,-999
120000024,1428,2436,-1008
120000025,2347,2621,-274
120000026,1652,2137,-485
120000027,1957,2417,-460
120000028,947,682,265
120000029,6331,695,5636
120000030,481,1597,-1116
120000031,2337,11747,-9410
120000032,10767,4595,6172
120000033,5125,2366,2759
120000034,2013,2477,-464
120000035,2222,2622,-400
120000036,2952,6151,-3199
120000037,832,1979,-1147
120000038,9962,4375,5587
120000039,530,1099,-569
120000040,111,279,-168
120000041,1422,1945,-523
120000042,2427,3886,-1459
120000043,6290,2845,3445
120000044,5236,1672,3564
120000045,5902,1209,4693
120000046,2680,3145,-465
120000047,2137,5915,-3778
120000048,10435,4832,5603
120000049,3905,3355,550
120000050,4636,5436,-800
120000051,3817,6320,-2503
120000052,14150,2898,11252
120000053,980,3887,-2907
120000054,1544,6094,-4550
120000055,1792,6920,-5128
120000056,4775,5486,-711
120000057,3549,876,2673
120000058,2385,456,1929
120000059,105,1588,-1483
120000061,202,716,-514
120000062,202,415,-213
120000063,2145,3503,-1358
120000064,245,1661,-1416
120000065,722,2274,-1552
120000066,304,599,-295
120000067,248,645,-397
120000068,193,1179,-986
120000069,686,1717,-1031
120000070,58,979,-921
120000071,512,221,291
120000072,698,523,175
120000073,763,90,673
120000074,582,92,490
120000075,1146,365,781
120000076,1922,558,1364
120000077,1869,665,1204
120000078,4119,1220,2899
120000079,227,164,63
120000080,122,237,-115
120000081,251,220,31
120000082,207,221,-14
120000083,74,590,-516
120000084,528,509,19
120000085,404,334,70
120000086,280,604,-324
120000087,190,987,-797
120000088,1015,1688,-673
120000089,1215,910,305
120000090,788,698,90
120000091,912,1264,-352
120000092,1388,762,626
120000093,415,571,-156
120000094,216,740,-524
120000095,1007,633,374
120000096,309,1044,-735
120000098,948,1046,-98
120000099,454,924,-470
120000100,842,1230,-388
120000101,563,582,-19
120000102,588,889,-301
120000103,1439,920,519
120000104,1777,531,1246
120000105,2903,746,2157
120000106,2239,756,1483
120000107,3728,751,2977
120000108,1103,175,928
120000109,1277,86,1191
120000110,106,1226,-1120
120000111,153,1613,-1460
120000112,923,4432,-3509
120000113,684,3143,-2459
120000114,1073,3888,-2815
120000115,396,2987,-2591
120000116,811,2699,-1888
120000117,1738,1975,-237
120000118,37,24,13
120000119,17,62,-45
120000120,79,81,-2
120000121,46,60,-14
120000122,333,406,-73
120000123,7463,5737,1726
120000124,506,531,-25
120000125,531,875,-344
120000126,407,946,-539
120000127,2938,1120,1818
120000128,4333,3683,650
120000129,371,321,50
120000130,947,767,180
120000131,300,600,-300
120000134,505,1353,-848
120000135,570,612,-42
120000137,283,1946,-1663
120000138,973,677,296
120000139,334,1078,-744
120000140,780,870,-90
120000141,304,712,-408
120000142,474,739,-265
120000143,1,126,-125
120000144,116,4,112
120000145,355,1,354
120000146,2490,1189,1301
120000149,676,1229,-553
120000150,4652,12526,-7874
120000151,433,631,-198
120000152,531,322,209
120000153,366,838,-472
120000154,516,602,-86
120000155,136,344,-208
120000156,1402,962,440
120000157,1123,798,325
120000158,979,1174,-195
120000159,2166,3124,-958
120000160,2671,1885,786
120000161,2308,3176,-868
120000162,135,383,-248
120000163,708,1549,-841
120000164,512,487,25
120000165,504,1112,-608
120000166,1275,739,536
120000167,57,103,-46
120000168,15,308,-293
120000169,101,861,-760
120000170,94,451,-357
120000171,39,184,-145
120000172,36,65,-29
120000173,3968,414,3554
120000174,1041,20,1021
120000175,1627,40,1587
120000176,954,36,918
120000177,2151,158,1993
120000178,177,9,168
120000179,689,41,648
120000180,1054,72,982
120000181,163,485,-322
120000182,111,194,-83
120000183,24,195,-171
120000184,137,888,-751
120000186,128,209,-81
120000187,91,87,4
120000188,729,136,593
120000190,2279,40,2239
120000191,2751,56,2695
120000192,2096,47,2049
120000193,1143,20,1123
120000195,118,6,112
120000196,342,109,233
120000197,183,355,-172
120000198,224,145,79
120000199,90,1,89
120000200,71,3,68
120000201,11,24,-13
120000202,4,73,-69
120000203,60,363,-303
120000207,5,121,-116
120000208,24,342,-318
120000209,3,91,-88
120000210,111,108,3
120000211,116,8,108
120000212,161,0,161
120000213,101,333,-232
120000214,2,478,-476
120000215,5,193,-188
120000216,70,5,65
120000217,903,1501,-598
120000218,190,1014,-824
120000219,10,706,-696
120000220,10,2137,-2127
120000225,1464,1,1463
120000226,360,3,357
120000227,836,45,791
120000228,7732,3408,4324
120000230,353,14,339
120000231,1420,2885,-1465
120000233,425,40,385
120000235,240,993,-753
120000236,1408,3,1405
120000237,6,2241,-2235
120000238,0,447,-447
120000241,1311,4791,-3480
120000412,1505,30,1475
120000413,259,431,-172
120000414,120,3,117
120000415,4,208,-204
120000416,72,8,64
120000417,2,120,-118
120000418,170,12,158
120000419,17,491,-474
120000420,63,50,13
120000421,15894,7648,8246
120000422,173,995,-822
120000423,5,68,-63
120000424,75,214,-139
120000436,152,669,-517
120000437,163,182,-19
120000438,4445,364,4081
120000439,223,509,-286
120000443,159,2,157
120000444,1590,829,761
120000445,1861,1462,399
120000446,1178,302,876
120000447,153,14,139
120000449,122,5,117
120000450,3,358,-355
120000451,165,316,-151
120000452,130,4,126
120000453,0,544,-544
120000454,72,61,11
120000455,89,88,1
120000456,2996,4776,-1780
120000457,2010,902,1108
120000458,648,853,-205
120000459,96,129,-33
120000665,2291,245,2046
120000668,116,309,-193
120000669,69,278,-209
120000670,334,456,-122
120000671,1699,457,1242
120000672,105,621,-516
120900001,108,110,-2
120900002,572,551,21
120900003,629,50,579
120900004,30,82,-52
120900005,11,1202,-1191
120900006,321,259,62
120900007,136,173,-37
120900008,244,1461,-1217
120900009,686,43,643
120900010,513,88,425
120900011,382,177,205
120900012,920,1301,-381
120900013,352,105,247
120900014,5,842,-837
120900015,551,78,473
120900016,863,60,803
120900017,3460,152,3308
120900018,151,715,-564
120900019,822,258,564
120900020,977,1530,-553
120900021,703,195,508
120900022,33,458,-425
120900023,253,33,220
120900024,2237,563,1674
120900025,2399,1385,1014
120900026,234,262,-28
120900027,1044,43,1001
120900028,381,77,304
120900029,222,397,-175
120900030,1157,806,351
120900031,290,115,175
120900032,975,210,765
120900033,1077,82,995
120900034,28,2993,-2965
120900035,54,242,-188
120900037,189,13,176
120900038,68,237,-169
120900039,151,65,86
120900040,317,4,313
120900041,199,44,155
120900042,495,82,413
120900043,59,34,25
120900044,14,583,-569
120900045,193,202,-9
120900046,372,5,367
120900047,136,88,48
120900048,111,25,86
120900049,407,5,402
120900050,3530,1588,1942
120900051,278,165,113
120900052,663,10,653
120900053,294,110,184
120900054,2095,912,1183
120900055,273,1,272
120900056,474,27,447
120900057,149,22,127
120900058,461,1,460
120900059,74,4,70
120900060,73,50,23
120900061,274,473,-199
120900062,172,3,169
120900063,514,5,509
120900064,526,4,522
120900065,492,0,492
120900066,382,557,-175
120900067,161,62,99
120900068,299,1,298
120900069,231,76,155
120900071,33,1,32
120900072,705,1,704
120900073,482,356,126
120900074,674,7,667
120900076,398,3,395
120900077,4821,487,4334
120900078,878,1168,-290
120900079,741,149,592
120900080,695,2369,-1674
120900081,895,1287,-392
120900082,727,434,293
120900083,191,30,161
120900084,268,495,-227
120900085,146,201,-55
120900086,212,336,-124
120900087,533,306,227
120900088,259,453,-194
120900089,5227,2666,2561
120900090,189,270,-81
120900091,680,667,13
120900092,1752,857,895
120900093,3579,315,3264
120900094,649,293,356
120900095,638,23,615
120900096,72,292,-220
120900097,893,1076,-183
120900098,399,319,80
120900099,99,90,9
120900100,118,364,-246
120900101,968,441,527
120900102,41,158,-117
120900103,64,272,-208
120900104,41,68,-27
120900105,32,712,-680
120900106,1735,778,957
120900107,356,230,126
120900108,6,827,-821
120900109,73,950,-877
120900110,3,1202,-1199
120900111,252,490,-238
120900112,11,1229,-1218
120900113,22,1219,-1197
120900114,29,172,-143
120900115,196,284,-88
120900116,387,588,-201
120900117,8,681,-673
120900118,5,1093,-1088
120900119,3483,7488,-4005
120900120,101,756,-655
120900121,231,671,-440
120900122,543,793,-250
120900123,3,616,-613
120900124,4,916,-912
120900125,6,1289,-1283
120900126,2030,1608,422
120900127,15,656,-641
120900128,1231,1710,-479
120900129,49,433,-384
120900130,3,517,-514
120900131,34,98,-64
120900132,934,577,357
120900133,240,1442,-1202
120900134,907,604,303
120900135,9,814,-805
120900136,74,53,21
120900137,289,193,96
120900138,18,248,-230
120900139,3,936,-933
120900140,3,87,-84
120900141,327,198,129
120900142,26,763,-737
120900143,1,1208,-1207
120900144,1,219,-218
120900145,117,1013,-896
120900146,9,1433,-1424
120900147,2,608,-606
120900148,149,147,2
120900149,0,405,-405
120900150,58,787,-729
120900151,1,822,-821
120900152,0,51,-51
120900153,23,112,-89
120900154,2,410,-408
120900155,217,1316,-1099
120900156,84,434,-350
120900157,62,335,-273
120900158,47,682,-635
120900159,69,288,-219
120900160,39,705,-666
120900161,15,603,-588
120900162,21,660,-639
120900163,64,350,-286
120900164,1,2,-1
120900165,0,7,-7
120900166,214,293,-79
120900167,584,187,397
120900169,75,581,-506
120900170,2432,2573,-141
120900171,1515,433,1082
120900172,2690,554,2136
120900173,0,68,-68
120900174,14,172,-158
120900175,336,282,54
120900176,19,381,-362
120900177,6,1356,-1350
120900178,2,661,-659
120900179,1280,712,568
120900180,192,149,43
120900181,81,48,33
120900182,27,751,-724
120900183,297,249,48
120900184,111,118,-7
120900185,9,517,-508
120900186,0,603,-603
120900187,617,1158,-541
120900188,208,32,176
120900189,185,1030,-845
120900190,62,26,36
120900191,9,39,-30
120900192,14548,6636,7912
120900194,46,114,-68
120900195,190,330,-140
120900196,760,52,708
120900197,662,132,530
120900198,358,846,-488
120900199,446,2148,-1702
120900200,88,151,-63
120900201,668,227,441
120900202,2,249,-247
120900203,41,125,-84
120900204,174,367,-193
120900205,75,92,-17
120900206,15,47,-32
121000001,1244,1289,-45
121000002,3688,2548,1140
121000003,4365,2561,1804
121000004,3813,7613,-3800
121000005,2619,3392,-773
121000006,4743,2044,2699
121000007,4236,3076,1160
121000008,9971,4840,5131
121000009,7717,6951,766
121000010,11683,9193,2490
121000011,13207,18126,-4919
121000012,21165,15011,6154
121000013,6173,9548,-3375
121000014,8665,8226,439
121000015,6589,8451,-1862
121000016,5340,5085,255
121000017,2685,4905,-2220
121000018,3142,2328,814
121000019,25497,14087,11410
121000020,16415,16974,-559
121000021,4201,3898,303
121000022,3066,2902,164
121000023,5663,4075,1588
121000024,5572,5059,513
121000025,742,1800,-1058
121000026,376,181,195
121000027,1656,1274,382
121000028,1087,555,532
121000029,1185,756,429
121000030,293,208,85
121000031,862,811,51
121000032,295,119,176
121000034,736,179,557
121000035,301,144,157
121000036,1886,1288,598
121000037,908,587,321
121000038,776,1025,-249
121000039,555,775,-220
121000041,846,659,187
121000042,335,390,-55
121000043,951,662,289
121000044,2078,953,1125
121000045,695,357,338
121000046,804,1022,-218
121000047,127,122,5
121000049,2668,784,1884
121000050,431,1239,-808
121000051,1042,398,644
121000052,759,790,-31
121000053,485,109,376
121000054,45,362,-317
121000055,1579,1193,386
121000056,956,1186,-230
121000057,400,623,-223
121000058,406,183,223
121000059,2320,1703,617
121000060,531,996,-465
121000061,244,248,-4
121000062,177,425,-248
121000063,836,658,178
121000064,550,749,-199
121000065,575,484,91
121000066,318,350,-32
121000067,990,545,445
121000068,1057,500,557
121000069,1824,757,1067
121000070,2493,1488,1005
121000071,2029,1540,489
121000072,1821,869,952
121000073,1514,1055,459
121000074,165,140,25
121000075,113,350,-237
121000076,1612,451,1161
121000077,172,213,-41
121000078,182,197,-15
121000080,3109,887,2222
121000081,5221,4202,1019
121000082,87,237,-150
121000083,276,139,137
121000084,213,134,79
121000085,266,553,-287
121000086,200,935,-735
121000087,56,359,-303
121000088,549,774,-225
121000089,617,431,186
121000090,663,440,223
121000091,1870,968,902
121000092,173,117,56
121000093,196,278,-82
121000094,545,944,-399
121000095,354,717,-363
121000096,2392,3063,-671
121000097,1465,2542,-1077
121000098,693,1375,-682
121000099,682,958,-276
121000100,1068,590,478
121000101,494,368,126
121000102,370,402,-32
121000103,290,385,-95
121000104,434,220,214
121000105,511,321,190
121000106,367,509,-142
121000107,2787,4246,-1459
121000109,1664,1283,381
121000110,370,949,-579
121000114,3295,2406,889
121000115,1063,906,157
121000116,325,1029,-704
121000117,909,322,587
121000118,1386,293,1093
121000119,378,458,-80
121000120,300,455,-155
121000121,776,1412,-636
121000123,2747,648,2099
121000126,143,378,-235
121000127,352,120,232
121000128,1084,626,458
121000129,977,658,319
121000130,648,1073,-425
121000131,3299,2268,1031
121000132,2115,1860,255
121000135,541,1003,-462
121000136,2443,638,1805
121000137,637,303,334
121000138,1868,895,973
121000139,1056,155,901
121000141,400,172,228
121000142,916,756,160
121000143,201,41,160
121000144,1292,2042,-750
121000145,786,1351,-565
121000146,1604,989,615
121000147,1330,599,731
121000148,1382,1367,15
121000149,2462,1458,1004
121000152,584,866,-282
121000153,2262,872,1390
121000154,1105,1008,97
121000155,1565,1411,154
121000156,432,1365,-933
121000157,1288,2772,-1484
121000158,442,701,-259
121000159,236,626,-390
121000160,372,694,-322
121000161,216,413,-197
121000162,139,281,-142
121000165,2016,2072,-56
121000166,16,516,-500
121000168,472,331,141
121000169,117,176,-59
121000170,361,234,127
121000171,111,250,-139
121000172,738,556,182
121000173,1532,1316,216
121000174,351,491,-140
121000175,1219,500,719
121000176,457,279,178
121000177,1511,761,750
121000178,168,79,89
121000179,142,78,64
121000181,456,504,-48
121000182,110,194,-84
121000183,71,109,-38
121000184,399,84,315
121000185,53,178,-125
121000186,266,509,-243
121000187,241,291,-50
121000188,182,326,-144
121000192,1004,444,560
121000193,841,625,216
121000194,2874,2758,116
121000195,453,981,-528
121000196,702,188,514
121000197,385,867,-482
121000198,535,106,429
121000199,148,478,-330
121000200,603,84,519
121000201,8,251,-243
121000202,212,15,197
121000203,1241,2543,-1302
121000204,3689,701,2988
121000205,358,366,-8
121000206,402,33,369
121000207,2394,539,1855
121000208,15,452,-437
121000209,423,457,-34
121000210,554,556,-2
121000211,443,187,256
121000212,340,803,-463
121000213,10460,3478,6982
121000214,972,3607,-2635
121000215,1428,974,454
121000216,691,907,-216
121000217,7040,3913,3127
121000218,593,1965,-1372
121000219,2732,673,2059
121000220,338,53,285
121000221,266,268,-2
121000222,3249,2524,725
121000223,1051,429,622
121000224,555,216,339
121000225,3517,1474,2043
121000226,11640,1520,10120
121000227,7,194,-187
121000228,22,762,-740
121000229,383,482,-99
121000230,66,1779,-1713
121000231,1074,59,1015
121000232,410,339,71
121000233,698,388,310
121000234,41,42,-1
121000235,92,73,19
121000236,6,65,-59
121000237,19,19,0
121000238,3,133,-130
121000239,33,6,27
121000240,9,325,-316
121000241,146,9,137
121000242,56,205,-149
121000243,355,110,245
121000244,13,75,-62
121000245,90,25,65
121000246,0,129,-129
121000247,139,5,134
121000248,1194,488,706
121000249,151,352,-201
121000250,1001,201,800
121000251,27,554,-527
121000252,114,100,14
121000253,346,457,-111
121000254,932,293,639
121000255,525,191,334
121000256,860,227,633
121000257,106,110,-4
121000258,328,61,267
121000259,127,74,53
121000260,264,190,74
121000261,274,100,174
121000262,1226,1310,-84
121000263,495,450,45
121000271,259,1836,-1577
121000273,281,6,275
121000274,25,61,-36
121000275,6,29,-23
121000276,9,25,-16
121000278,153,58,95
121000279,97,15,82
121000280,286,49,237
121000289,318,27,291
121000290,1520,832,688
121000294,160,170,-10
121000297,1107,1750,-643
121000299,633,311,322
121000300,754,830,-76
121000302,103,1336,-1233
121000303,652,468,184
121000304,568,87,481
121000305,220,68,152
121000306,139,147,-8
121000308,191,560,-369
121000309,623,758,-135
121000310,174,408,-234
121000311,118,1108,-990
121000312,421,314,107
121000313,564,723,-159
121000314,110,121,-11
121000315,53,89,-36
121000530,1647,1728,-81
121000531,1660,1712,-52
121000532,7901,7440,461
121000533,3206,3452,-246
121000918,155,178,-23
121000919,82,32,50
121000938,265,224,41
121000939,183,223,-40
121000956,1099,1647,-548
121000957,8,11,-3
121000958,176,44,132
121000959,962,1067,-105
121000960,1986,2414,-428
121000961,238,123,115
121000962,284,1059,-775
121000973,0,188,-188
121000976,14,302,-288
121000979,548,164,384
121000981,363,225,138
121000982,410,175,235
121000983,484,481,3
121000984,111,73,38
121000985,662,765,-103
121000986,560,343,217
121000987,291,1582,-1291
121000988,866,168,698
121001302,476,172,304
121001308,5,16,-11
121001309,243,256,-13
121001313,496,303,193
121001314,3057,4360,-1303
121001315,4583,2923,1660
121900001,113,170,-57
121900002,181,28,153
121900003,460,30,430
121900004,190,521,-331
121900005,22,17,5
121900006,105,8,97
121900007,2508,3480,-972
121900008,3449,872,2577
121900009,693,33,660
121900010,295,1,294
121900011,342,507,-165
121900012,30,2,28
121900013,2484,65,2419
121900014,1497,483,1014
121900015,162,257,-95
121900016,9,48,-39
121900017,601,639,-38
121900018,405,9,396
121900019,497,332,165
121900020,34,1,33
121900021,1018,24,994
121900022,281,234,47
121900023,118,459,-341
121900024,475,115,360
121900025,677,452,225
121900026,486,66,420
121900027,524,174,350
121900028,288,30,258
121900029,164,224,-60
121900030,668,834,-166
121900031,1356,7992,-6636
121900032,158,135,23
121900033,189,178,11
121900034,503,117,386
121900035,3185,2684,501
121900036,108,434,-326
121900037,219,684,-465
121900038,44,187,-143
121900039,621,59,562
121900040,64,107,-43
121900041,85,155,-70
121900042,391,131,260
121900043,2,5,-3
121900044,227,86,141
121900045,405,260,145
121900046,465,296,169
121900047,220,83,137
121900048,80,217,-137
121900050,26,46,-20
121900051,188,161,27
121900052,213,62,151
121900053,623,425,198
121900054,523,1005,-482
121900055,9,13,-4
121900058,270,189,81
121900059,459,216,243
121900060,173,366,-193
121900061,382,233,149
121900062,199,159,40
121900063,1257,371,886
121900064,395,793,-398
121900066,66,40,26
121900067,50,58,-8
121900069,166,145,21
121900070,502,138,364
121900071,298,309,-11
121900072,52,215,-163
121900073,284,273,11
121900074,1013,1274,-261
121900075,1123,454,669
121900076,983,706,277
121900077,30,51,-21
121900078,102,54,48
121900079,0,0,0
121900080,1074,529,545
121900082,47,169,-122
121900084,13,219,-206
121900085,1,16,-15
121900086,14,51,-37
121900087,191,92,99
121900088,2785,4773,-1988
121900089,205,375,-170
121900090,26,108,-82
121900091,80,211,-131
121900092,162,109,53
121900093,50,89,-39
121900094,14,4,10
121900095,222,165,57
121900096,2110,893,1217
121900097,626,179,447
121900098,7,5,2
121900099,253,84,169
121900100,320,489,-169
121900101,122,138,-16
121900102,3,162,-159
121900103,1391,284,1107
121900104,1577,403,1174
121900105,270,255,15
121900106,12,10,2
121900107,54,52,2
121900108,2,32,-30
121900109,376,141,235
121900110,563,1184,-621
121900111,1585,150,1435
121900112,252,127,125
121900113,86,638,-552
121900114,65,142,-77
121900115,191,335,-144
121900117,769,53,716
121900118,2637,716,1921
121900119,165,112,53
121900120,47,1929,-1882
121900121,781,68,713
121900122,30,87,-57
121900123,198,496,-298
121900124,128,164,-36
121900125,1825,1470,355
121900127,8,90,-82
121900128,90,155,-65
121900129,958,198,760
121900130,151,242,-91
121900131,388,90,298
121900132,72,125,-53
121900133,88,623,-535
121900134,39,191,-152
121900135,2858,366,2492
121900136,209,459,-250
121900137,48,463,-415
121900138,198,327,-129
121900139,387,440,-53
121900140,66,219,-153
121900141,38,27,11
121900142,199,179,20
121900143,19,264,-245
121900144,117,299,-182
121900145,217,295,-78
121900146,891,912,-21
121900147,56,195,-139
121900148,201,403,-202
121900149,535,811,-276
121900150,75,170,-95
121900151,92,232,-140
121900152,107,155,-48
121900153,183,893,-710
121900154,18,253,-235
121900155,9,181,-172
121900156,199,118,81
121900157,4,420,-416
121900158,73,118,-45
121900159,4,200,-196
121900160,55,276,-221
121900161,388,406,-18
121900162,93,176,-83
121900163,265,759,-494
121900164,611,201,410
121900165,302,189,113
121900166,330,205,125
121900167,138,92,46
121900168,251,213,38
121900169,5,279,-274
121900170,4,307,-303
121900171,799,694,105
121900172,609,287,322
121900173,964,346,618
121900174,47,85,-38
121900175,174,161,13
121900176,794,1745,-951
121900177,218,85,133
121900179,344,151,193
121900180,5614,5115,499
121900182,935,274,661
121900183,912,785,127
121900184,72,813,-741
121900185,127,103,24
121900186,5,340,-335
121900187,63,223,-160
121900188,537,462,75
121900189,54,174,-120
121900190,593,578,15
121900191,105,299,-194
121900192,339,625,-286
121900194,8,146,-138
121900195,134,126,8
121900196,1104,1539,-435
121900197,422,1867,-1445
121900198,1078,1289,-211
121900199,3,21,-18
121900200,73,264,-191
121900201,1422,926,496
121900202,167,739,-572
121900203,337,1195,-858
121900204,1101,1454,-353
121900205,210,301,-91
121900206,14,29,-15
121900207,190,50,140
121900208,166,382,-216
121900209,82,32,50
121900210,1582,1401,181
121900211,10,128,-118
121900212,115,151,-36
121900213,126,84,42
121900214,12,920,-908
121900215,52,227,-175
121900216,50,140,-90
121900217,303,165,138
121900218,285,567,-282
121900219,362,77,285
121900220,188,35,153
121900221,294,812,-518
121900222,264,184,80
121900223,274,78,196
121900224,151,56,95
121900225,259,90,169
121900226,391,1782,-1391
121900227,169,568,-399
121900228,226,385,-159
121900229,243,318,-75
121900230,164,448,-284
121900231,869,2373,-1504
121900232,416,375,41
121900233,252,265,-13
121900234,671,384,287
121900235,799,241,558
121900236,477,203,274
121900237,247,262,-15
121900238,122,433,-311
121900239,233,66,167
121900240,247,193,54
121900241,59,57,2
121900242,7,0,7
121900243,9,0,9
121900244,26,2,24
121900245,226,110,116
121900246,2529,530,1999
121900247,323,297,26
121900248,1811,1201,610
121900250,305,304,1
121900251,425,70,355
121900252,730,196,534
121900253,149,876,-727
121900254,541,295,246
121900255,271,148,123
121900258,3560,2731,829
121900259,423,864,-441
121900260,194,261,-67
121900261,172,638,-466
121900262,430,1254,-824
121900263,275,393,-118
121900264,2299,2280,19
121900265,366,333,33
121900266,445,189,256
121900267,48,40,8
121900269,204,719,-515
121900270,46,296,-250
121900271,58,209,-151
121900273,727,2247,-1520
121900274,355,272,83
121900276,1033,135,898
121900277,472,1257,-785
121900278,195,870,-675
121900279,190,198,-8
121900280,344,381,-37
121900281,1030,559,471
121900284,86,17,69
121900286,418,139,279
121900287,41,33,8
121900290,289,336,-47
121900291,440,673,-233
121900292,206,144,62
121900293,1128,3209,-2081
121900294,307,7,300
121900295,154,290,-136
121900296,131,220,-89
121900298,537,788,-251
121900299,2,5,-3
121900300,45,0,45
121900301,81,10,71
121900302,0,116,-116
121900303,662,389,273
121900304,0,6,-6
121900305,4,4,0
121900306,51,3,48
121900307,33,22,11
121900308,19,308,-289
121900309,13,261,-248
121900310,24,479,-455
121900311,418,33,385
121900312,332,22,310
121900313,345,32,313
121900314,1,75,-74
121900315,5,1,4
121900316,0,11,-11
121900317,11,11,0
121900318,7,22,-15
121900319,17,111,-94
121900320,45,133,-88
121900321,16,1,15
121900322,4,44,-40
121900323,10,6,4
121900324,4,66,-62
121900325,13,3,10
121900326,3,14,-11
121900327,2,63,-61
121900328,1,30,-29
121900329,2,209,-207
121900330,6,25,-19
121900331,77,18,59
121900332,99,33,66
122000001,3067,4787,-1720
122000002,5683,2010,3673
122000003,2537,2771,-234
122000004,3647,1811,1836
122000005,3135,1793,1342
122000006,2378,828,1550
122000007,1468,1956,-488
122000008,6210,6560,-350
122000009,438,474,-36
122000010,2350,3491,-1141
122000011,3925,1701,2224
122000012,1384,1474,-90
122000013,1886,1252,634
122000014,1647,1827,-180
122000015,1609,1293,316
122000016,615,956,-341
122000017,1176,1341,-165
122000018,1738,1287,451
122000019,816,1307,-491
122000020,279,269,10
122000021,512,582,-70
122000022,1694,1450,244
122000023,754,2869,-2115
122000024,1020,1268,-248
122000025,2163,1835,328
122000026,1460,1174,286
122000027,597,3594,-2997
122000028,883,523,360
122000029,556,406,150
122000030,414,181,233
122000031,191,245,-54
122000032,1694,3220,-1526
122000033,933,1143,-210
122000034,1122,729,393
122000035,351,940,-589
122000036,742,621,121
122000037,406,342,64
122000038,370,459,-89
122000039,717,650,67
122000040,381,519,-138
122000041,541,582,-41
122000042,450,478,-28
122000043,171,118,53
122000044,164,214,-50
122000045,1782,600,1182
122000046,854,1106,-252
122000047,317,249,68
122000048,3985,6106,-2121
122000049,7256,3162,4094
122000050,1990,744,1246
122000051,374,301,73
122000052,551,302,249
122000053,178,664,-486
122000054,2750,2349,401
122000055,2430,3107,-677
122000056,5653,4569,1084
122000057,3980,3909,71
122000058,3745,1388,2357
122000059,3736,1743,1993
122000060,875,624,251
122000061,478,355,123
122000062,1313,380,933
122000063,2599,802,1797
122000064,4490,2801,1689
122000065,6699,2856,3843
122000066,1454,998,456
122000067,2500,1469,1031
122000068,1750,1977,-227
122000069,873,811,62
122000070,906,3442,-2536
122000071,1667,1776,-109
122000072,385,349,36
122000073,418,566,-148
122000074,2945,1763,1182
122000075,744,1572,-828
122000076,2040,1268,772
122000077,2339,753,1586
122000078,2846,2581,265
122000079,3119,1230,1889
122000080,1237,429,808
122000081,245,415,-170
122000082,1486,926,560
122000083,1877,3389,-1512
122000084,1495,1026,469
122000085,348,2331,-1983
122000086,2763,5936,-3173
122000087,501,265,236
122000088,467,550,-83
122000089,7564,3518,4046
122000090,325,557,-232
122000091,481,73,408
122000092,236,22,214
122000093,2568,1332,1236
122000094,9008,2699,6309
122000095,4424,4067,357
122000096,3429,2298,1131
122000098,4163,2061,2102
122000099,3311,827,2484
122000100,1216,853,363
122000101,293,1331,-1038
122000102,2175,1316,859
122000103,2293,1712,581
122000104,501,194,307
122000105,740,259,481
122000106,548,606,-58
122000107,952,547,405
122000108,480,807,-327
122000109,418,382,36
122000110,514,490,24
122000111,2855,1451,1404
122000112,855,1664,-809
122000113,603,807,-204
122000114,4954,1845,3109
122000115,1795,2203,-408
122000116,579,716,-137
122000117,1560,671,889
122000118,655,981,-326
122000119,4845,3450,1395
122000120,4420,6656,-2236
122000121,4635,3998,637
122000122,1117,2338,-1221
122000123,2853,2661,192
122000124,1374,770,604
122000125,663,960,-297
122000126,882,1559,-677
122000127,1829,1705,124
122000128,632,1166,-534
122000129,455,1510,-1055
122000130,4604,1817,2787
122000131,3043,2098,945
122000132,1202,998,204
122000133,1471,2037,-566
122000134,1018,1012,6
122000135,955,901,54
122000136,1155,847,308
122000137,2181,1042,1139
122000139,1837,4928,-3091
122000140,1519,634,885
122000141,5063,1247,3816
122000142,522,904,-382
122000143,752,939,-187
122000144,2859,1779,1080
122000145,2015,1119,896
122000146,737,1319,-582
122000147,1174,488,686
122000148,2330,1943,387
122000149,2709,1917,792
122000150,1720,1364,356
122000151,317,414,-97
122000152,640,480,160
122000153,538,424,114
122000154,394,196,198
122000155,1645,3282,-1637
122000156,2477,2402,75
122000157,1940,1665,275
122000158,476,853,-377
122000159,1614,2461,-847
122000160,8907,4154,4753
122000161,2103,1766,337
122000162,3049,2790,259
122000163,271,144,127
122000164,38,102,-64
122000165,1305,767,538
122000166,1748,1411,337
122000167,244,232,12
122000168,248,486,-238
122000169,570,313,257
122000170,357,306,51
122000171,47,69,-22
122000172,1643,1535,108
122000173,1577,2386,-809
122000174,3500,859,2641
122000175,1445,401,1044
122000176,312,764,-452
122000177,2231,1377,854
122000178,4007,3503,504
122000179,2127,2792,-665
122000180,2062,1540,522
122000181,2135,4025,-1890
122000182,2507,2087,420
122000183,2204,1223,981
122000184,2901,2484,417
122000185,1383,1352,31
122000186,647,785,-138
122000187,2731,1340,1391
122000188,393,197,196
122000189,291,370,-79
122000190,1381,1322,59
122000191,1321,911,410
122000192,1381,373,1008
122000193,558,637,-79
122000194,979,198,781
122000195,256,417,-161
122000196,1564,629,935
122000197,611,720,-109
122000198,533,894,-361
122000199,388,335,53
122000200,1368,886,482
122000201,1558,1324,234
122000202,1731,1344,387
122000203,3006,1652,1354
122000204,2056,2335,-279
122000205,1763,1794,-31
122000206,2714,1022,1692
122000207,2452,1420,1032
122000208,3550,1824,1726
122000209,3169,423,2746
122000210,3043,2216,827
122000211,2160,1257,903
122000212,1009,812,197
122000213,1322,2162,-840
122000214,2471,2076,395
122000215,2058,1689,369
122000217,2269,1498,771
122000218,919,117,802
122000219,1544,1126,418
122000220,474,863,-389
122000221,114,463,-349
122000222,705,232,473
122000223,2047,662,1385
122000225,1225,341,884
122000226,3100,2195,905
122000227,471,3400,-2929
122000228,534,446,88
122000229,27,509,-482
122000230,49,753,-704
122000231,274,947,-673
122000232,928,589,339
122000233,0,55,-55
122000234,431,184,247
122000235,2176,241,1935
122000236,1308,210,1098
122000237,165,90,75
122000238,358,414,-56
122000239,746,188,558
122000240,1474,666,808
122000241,461,295,166
122000242,1067,122,945
122000243,1286,53,1233
122000244,46,280,-234
122000245,32,90,-58
122000246,132,85,47
122000247,685,335,350
122000248,1102,2369,-1267
122000249,956,1440,-484
122000250,2983,2174,809
122000251,276,572,-296
122000252,729,131,598
122000253,43,364,-321
122000254,313,141,172
122000255,876,1994,-1118
122000256,406,1372,-966
122000257,223,412,-189
122000258,326,330,-4
122000259,20,618,-598
122000260,12,88,-76
122000261,7,229,-222
122000262,0,47,-47
122000263,263,125,138
122000264,1384,535,849
122000265,3539,1001,2538
122000266,6945,662,6283
122000267,248,116,132
122000268,263,447,-184
122000269,1338,465,873
122000270,1517,234,1283
122000271,461,1305,-844
122000272,477,1198,-721
122000273,609,482,127
122000274,241,204,37
122000275,270,261,9
122000276,940,731,209
122000277,1439,1669,-230
122000278,2276,1082,1194
122000279,275,736,-461
122000280,1019,1049,-30
122000281,975,1049,-74
122000282,274,147,127
122000283,1029,101,928
122000284,242,113,129
122000285,804,128,676
122000286,244,203,41
122000287,2461,1834,627
122000288,991,336,655
122000291,2057,945,1112
122000293,383,371,12
122000294,170,275,-105
122000295,1503,236,1267
122000296,52,909,-857
122000297,3459,3399,60
122000299,502,610,-108
122000300,512,739,-227
122000301,13943,3708,10235
122000302,975,1988,-1013
122000303,4365,1747,2618
122000304,103,327,-224
122000305,1393,389,1004
122000306,29,875,-846
122000307,168,156,12
122000309,89,44,45
122000310,45,66,-21
122000311,429,185,244
122000312,200,127,73
122000313,163,107,56
122000314,144,245,-101
122000315,283,45,238
122000316,932,224,708
122000317,1527,268,1259
122000318,322,1010,-688
122000319,274,483,-209
122000320,399,2347,-1948
122000321,141,297,-156
122000322,2865,2777,88
122000323,1819,2549,-730
122000324,1652,1290,362
122000325,1111,1554,-443
122000326,78,146,-68
122000327,900,1404,-504
122000328,1843,1142,701
122000330,2583,953,1630
122000332,408,419,-11
122000333,14,151,-137
122000337,1217,2199,-982
122000338,625,592,33
122000340,521,396,125
122000342,1798,1237,561
122000343,357,321,36
122000344,47,32,15
122000345,257,71,186
122000346,381,215,166
122000348,802,974,-172
122000349,163,602,-439
122000351,131,240,-109
122000352,465,179,286
122000353,109,128,-19
122000355,185,233,-48
122000356,2360,1115,1245
122000357,139,21,118
122000358,0,49,-49
122000359,0,39,-39
122000360,0,72,-72
122000362,12,133,-121
122000364,196,440,-244
122000365,2,40,-38
122000366,8,8,0
122000368,462,831,-369
122000370,28,87,-59
122000371,29,0,29
122000372,20,1,19
122000381,87,409,-322
122000382,83,275,-192
122000384,4067,1940,2127
122000385,109,0,109
122000386,845,1557,-712
122000387,987,534,453
122000388,2204,752,1452
122000389,183,762,-579
122000390,587,239,348
122000391,355,180,175
122000392,258,245,13
122000393,151,180,-29
122000394,795,380,415
122000395,227,208,19
122000396,459,119,340
122000397,51,66,-15
122000398,33,59,-26
122000399,243,91,152
122000400,129,513,-384
122000401,152,99,53
122000402,358,170,188
122000403,592,1175,-583
122000404,224,439,-215
122000408,912,1494,-582
122000503,21,172,-151
122000524,177,143,34
122000544,103,4268,-4165
122000616,527,9,518
122000640,83,226,-143
122000641,109,431,-322
122000642,2104,1305,799
122000643,61,157,-96
122000644,222,29,193
122000645,134,335,-201
122000651,2669,826,1843
122000664,149,56,93
122000665,1313,577,736
122000666,729,1192,-463
122000673,43,361,-318
122000674,131,70,61
122000675,2300,1483,817
122000686,429,1386,-957
122000687,2215,350,1865
122000688,283,833,-550
122000689,979,778,201
122000690,1675,693,982
122000691,613,2406,-1793
122000692,1594,485,1109
122000693,554,2072,-1518
122000695,370,608,-238
122000696,460,409,51
122000698,372,907,-535
122000699,300,213,87
122000701,1600,416,1184
122000702,501,1559,-1058
122000703,173,83,90
122000717,224,65,159
122000718,455,960,-505
122000719,124,109,15
122000720,388,392,-4
122900001,36,18,18
122900002,1497,5661,-4164
122900003,516,81,435
122900004,1081,92,989
122900005,110,55,55
122900006,2161,471,1690
122900007,142,64,78
122900008,1313,101,1212
122900009,1284,588,696
122900010,231,165,66
122900012,193,345,-152
122900014,233,426,-193
122900015,2976,1215,1761
122900016,209,373,-164
122900017,461,1059,-598
122900018,282,26,256
122900019,24,195,-171
122900020,726,553,173
122900021,58,1361,-1303
122900022,994,960,34
122900023,674,326,348
122900024,202,119,83
122900025,15,299,-284
122900026,99,373,-274
122900027,70,856,-786
122900028,270,658,-388
122900029,5125,3844,1281
122900030,1452,599,853
122900031,169,281,-112
122900032,135,474,-339
122900033,289,148,141
122900034,4694,6562,-1868
122900035,53,15,38
122900036,58,172,-114
122900037,751,159,592
122900038,193,4717,-4524
122900039,134,589,-455
122900040,463,381,82
122900041,352,247,105
122900042,248,309,-61
122900043,641,214,427
122900044,94,418,-324
122900045,92,93,-1
122900046,470,174,296
122900047,285,232,53
122900048,46,432,-386
122900049,1767,201,1566
122900051,122,181,-59
122900052,71,131,-60
122900053,26,32,-6
122900055,551,150,401
122900057,429,90,339
122900061,582,300,282
122900062,602,980,-378
122900063,226,431,-205
122900064,1978,617,1361
122900065,656,227,429
122900066,686,388,298
122900067,1446,985,461
122900068,182,350,-168
122900069,434,3431,-2997
122900070,384,58,326
122900071,120,537,-417
122900072,27,821,-794
122900073,25,338,-313
122900074,791,796,-5
122900075,1,77,-76
122900076,5,234,-229
122900077,1,228,-227
122900078,240,185,55
122900080,61,36,25
122900081,297,228,69
122900082,937,274,663
122900083,180,166,14
122900084,12,284,-272
122900086,30,124,-94
122900087,606,511,95
122900088,62,128,-66
122900089,258,224,34
122900090,42,643,-601
122900091,276,0,276
122900092,0,217,-217
122900093,3,364,-361
122900094,1,271,-270
122900095,218,23,195
122900096,329,339,-10
122900097,43,53,-10
122900098,118,116,2
122900099,44,18,26
122900100,1796,341,1455
122900101,699,268,431
123000001,2368,497,1871
123000002,6204,4948,1256
123000003,4596,4490,106
123000004,3535,5000,-1465
123000005,3541,3238,303
123000006,3065,3316,-251
123000007,3940,2896,1044
123000008,3156,3638,-482
123000009,5457,3633,1824
123000010,4084,4522,-438
123000011,3833,1008,2825
123000012,929,2670,-1741
123000013,4355,1025,3330
123000014,1181,4286,-3105
123000015,5863,1156,4707
123000016,6529,5210,1319
123000017,3581,1910,1671
123000018,50,143,-93
123000019,308,353,-45
123000020,247,156,91
123000021,73,398,-325
123000022,423,3355,-2932
123000023,1679,1695,-16
123000024,1804,643,1161
123000025,314,263,51
123000026,7,58,-51
123000027,917,449,468
123000028,2725,228,2497
123000029,2480,615,1865
123000030,455,605,-150
123000031,234,382,-148
123000032,372,302,70
123000033,427,59,368
123000034,1305,1148,157
123000035,507,601,-94
123000036,356,1428,-1072
123000037,355,505,-150
123000038,154,225,-71
123000039,499,1430,-931
123000040,972,461,511
123000041,1679,1173,506
123000042,1121,685,436
123000043,4674,10175,-5501
123000044,6429,3224,3205
123000045,12166,3596,8570
123000046,1021,1881,-860
123000047,3030,1509,1521
123000048,94,788,-694
123000049,9453,11548,-2095
123000050,1644,1816,-172
123000051,163,194,-31
123000052,923,4471,-3548
123000053,3251,4549,-1298
123000054,1599,1816,-217
123000055,1275,2418,-1143
123000056,1420,2148,-728
123000057,19960,8836,11124
123000058,817,1200,-383
123000059,560,728,-168
123000060,958,451,507
123000061,279,904,-625
123000063,1168,1362,-194
123000064,1378,277,1101
123000065,7309,3925,3384
123000066,995,898,97
123000067,1204,840,364
123000068,3582,4113,-531
123000069,8612,4845,3767
123000070,392,987,-595
123000071,1266,1291,-25
123000072,1208,1438,-230
123000073,1308,974,334
123000074,1044,1709,-665
123000075,382,1382,-1000
123000076,814,1175,-361
123000077,2242,3739,-1497
123000078,1756,1951,-195
123000079,1762,2329,-567
123000080,2780,2683,97
123000081,165,575,-410
123000082,469,1253,-784
123000083,1310,261,1049
123000084,758,709,49
123000085,350,127,223
123000086,486,309,177
123000087,462,564,-102
123000088,1257,1297,-40
123000089,592,1422,-830
123000090,1451,1136,315
123000091,1741,2056,-315
123000092,1038,1430,-392
123000094,695,300,395
123000095,730,866,-136
123000096,877,508,369
123000097,781,913,-132
123000098,836,647,189
123000099,692,677,15
123000100,780,875,-95
123000101,843,645,198
123000102,605,810,-205
123000104,510,472,38
123000105,628,540,88
123000106,573,523,50
123000107,516,663,-147
123000108,989,1478,-489
123000111,1059,433,626
123000112,1311,724,587
123000113,622,2153,-1531
123000114,497,549,-52
123000115,292,366,-74
123000116,29,140,-111
123000117,1996,2678,-682
123000118,540,1150,-610
123000119,360,1125,-765
123000120,493,1019,-526
123000121,549,654,-105
123000122,533,264,269
123000123,482,705,-223
123000124,588,548,40
123000125,1532,1366,166
123000126,1895,4759,-2864
123000127,1115,797,318
123000128,414,374,40
123000129,766,339,427
123000130,683,147,536
123000131,1077,794,283
123000132,417,760,-343
123000133,451,510,-59
123000134,565,187,378
123000135,2645,1494,1151
123000136,377,1264,-887
123000137,171,502,-331
123000138,74,566,-492
123000139,618,150,468
123000140,160,1086,-926
123000141,1104,179,925
123000142,932,1009,-77
123000143,1776,2578,-802
123000144,41,35,6
123000145,209,208,1
123000146,88,89,-1
123000147,214,149,65
123000149,517,504,13
123000150,327,312,15
123000151,297,494,-197
123000152,81,517,-436
123000153,160,739,-579
123000154,1918,2122,-204
123000155,2558,1131,1427
123000156,96,210,-114
123000157,699,964,-265
123000158,782,898,-116
123000159,4296,2856,1440
123000160,1266,832,434
123000161,2050,1518,532
123000162,1268,2042,-774
123000163,633,142,491
123000164,1758,417,1341
123000165,460,1938,-1478
123000166,73,201,-128
123000167,177,397,-220
123000168,318,358,-40
123000169,874,163,711
123000170,131,356,-225
123000171,852,74,778
123000172,217,716,-499
123000173,932,286,646
123000174,1313,464,849
123000175,774,1703,-929
123000176,1310,323,987
123000177,424,1168,-744
123000178,1100,218,882
123000179,57,818,-761
123000180,1922,358,1564
123000181,348,1741,-1393
123000182,251,591,-340
123000183,217,525,-308
123000184,158,862,-704
123000185,853,432,421
123000186,6,875,-869
123000187,630,12,618
123000188,255,1,254
123000189,204,214,-10
123000190,63,75,-12
123000192,24,441,-417
123000193,72,957,-885
123000194,483,322,161
123000195,301,38,263
123000196,336,24,312
123000197,43,142,-99
123000198,29,318,-289
123000199,14,656,-642
123000200,559,11,548
123000201,1142,35,1107
123000202,22,1438,-1416
123000203,1052,93,959
123000204,85,1194,-1109
123000205,619,2199,-1580
123000206,2251,287,1964
123000207,98,1014,-916
123000208,566,192,374
123000209,2311,616,1695
123000210,585,2200,-1615
123000211,752,3428,-2676
123000212,3837,620,3217
123000213,745,80,665
123000215,187,210,-23
123000216,326,758,-432
123000217,293,47,246
123000218,170,723,-553
123000219,1228,253,975
123000220,537,131,406
123000221,203,187,16
123000222,585,731,-146
123000223,419,575,-156
123000224,499,632,-133
123000225,334,98,236
123000226,95,486,-391
123000227,112,416,-304
123000228,306,86,220
123000229,1193,2065,-872
123000232,108,764,-656
123000233,868,190,678
123000234,239,863,-624
123000235,1213,397,816
123000236,349,1075,-726
123000237,390,103,287
123000238,129,649,-520
123000239,625,2095,-1470
123000240,83,538,-455
123000241,744,170,574
123000242,238,225,13
123000243,981,1094,-113
123000244,1181,894,287
123000245,64,201,-137
123000249,463,754,-291
123000252,1164,323,841
123000253,1429,675,754
123000254,716,1279,-563
123000255,1399,1086,313
123000256,39,258,-219
123000257,4034,2745,1289
123000258,1190,1241,-51
123000259,322,423,-101
123000260,498,703,-205
123000261,311,297,14
123000262,120,217,-97
123000263,503,144,359
123000264,241,102,139
123000265,46,171,-125
123000266,620,929,-309
123000267,735,419,316
123000268,43,76,-33
123000269,50,61,-11
123000270,27,67,-40
123000271,87,86,1
123000272,719,283,436
123000273,263,722,-459
123000274,1487,673,814
123000275,438,1127,-689
123000278,3300,3210,90
123000279,84,134,-50
123000280,346,360,-14
123000281,344,110,234
123000282,186,332,-146
123000283,135,129,6
123000284,79,147,-68
123000286,367,344,23
123000287,553,329,224
123000288,1408,976,432
123000289,488,1312,-824
123000291,391,924,-533
123000294,133,279,-146
123000295,1139,1124,15
123000296,692,542,150
123000297,385,446,-61
123000298,501,246,255
123000299,21,133,-112
123000300,1011,974,37
123000301,213,344,-131
123000302,58,260,-202
123000303,256,76,180
123000305,1099,924,175
123000306,136,252,-116
123000309,42,67,-25
123000310,64,67,-3
123000311,0,122,-122
123000312,709,1048,-339
123000313,513,394,119
123000315,106,464,-358
123000316,1342,240,1102
123000317,261,67,194
123000318,61,259,-198
123000329,27,14,13
123000337,590,220,370
123000338,1380,34,1346
123000339,253,260,-7
123000340,136,558,-422
123000342,18,15,3
123000343,63,3,60
123000344,1628,637,991
123000345,405,706,-301
123000346,316,61,255
123000352,1860,905,955
123000353,32,117,-85
123000354,798,68,730
123000355,1,729,-728
123000356,434,9,425
123000357,2,298,-296
123000359,5,265,-260
123000360,278,219,59
123000361,608,368,240
123000362,488,168,320
123000363,134,270,-136
123000364,703,575,128
123000365,40,408,-368
123000366,487,2678,-2191
123000367,353,1359,-1006
123000370,24,320,-296
123000371,454,33,421
123000372,323,9,314
123000373,12,556,-544
123000374,14,308,-294
123000375,421,71,350
123000376,998,659,339
123000377,528,30,498
123000378,26,412,-386
123000379,3,266,-263
123000380,112,432,-320
123000381,244,76,168
123000382,1892,190,1702
123000383,270,1636,-1366
123000384,588,103,485
123000385,545,753,-208
123000436,37,1209,-1172
123000507,128,322,-194
123000508,137,910,-773
123000517,361,40,321
123000518,24,289,-265
123000519,190,97,93
123000520,65,295,-230
123000521,360,134,226
123000522,163,531,-368
123000541,4,8,-4
123000542,0,22,-22
123000565,746,35,711
123000566,182,772,-590
123000567,92,294,-202
123000573,44,987,-943
123000574,925,111,814
123000575,1513,1552,-39
123000576,1111,1865,-754
123000577,113,764,-651
123000578,796,87,709
123000579,4610,6155,-1545
123000580,92,29,63
123000582,538,52,486
123000583,22,504,-482
123000584,184,289,-105
123000585,0,151,-151
123000586,115,1,114
123000596,109,165,-56
123000597,68,144,-76
123000602,42,15,27
123000603,731,768,-37
123000604,464,1082,-618
123000605,1076,153,923
123000606,1,466,-465
123000609,28,395,-367
123000610,159,177,-18
123000613,32,223,-191
123000614,265,79,186
123000615,99,156,-57
123000616,739,66,673
123000617,104,495,-391
123000618,113,825,-712
123000619,777,47,730
123000620,23,592,-569
123000622,563,11,552
123000624,163,44,119
123000630,840,529,311
123000631,233,1642,-1409
123000632,1049,1184,-135
123000633,0,196,-196
123000634,71,144,-73
123000635,161,128,33
123000636,34,793,-759
123000637,158,113,45
123000638,658,60,598
123000639,1468,4466,-2998
123000640,12,996,-984
123900001,1492,59,1433
123900002,32,1956,-1924
123900003,590,703,-113
123900005,345,198,147
123900006,446,41,405
124000001,2430,156,2274
124000002,141,2010,-1869
124000003,1009,191,818
124000004,98,816,-718
124000005,1254,686,568
124000006,266,1486,-1220
124000007,966,199,767
124000008,19,1057,-1038
124000009,575,468,107
124000010,196,716,-520
124000011,1872,506,1366
124000012,494,788,-294
124000017,146,148,-2
124000018,148,91,57
124000019,160,145,15
124000020,105,216,-111
124000021,170,76,94
124000022,114,329,-215
124000023,2046,1630,416
124000024,1179,646,533
124000025,1436,1884,-448
124000026,1042,1158,-116
124000027,5542,6115,-573
124000028,3038,5090,-2052
124000030,3702,1456,2246
124000031,1544,3942,-2398
124000032,4570,1336,3234
124000033,495,681,-186
124000034,1940,737,1203
124000035,61,202,-141
124000036,88,231,-143
124000037,808,1101,-293
124000038,78,69,9
124000039,1575,532,1043
124000040,718,1258,-540
124000041,456,109,347
124000042,94,524,-430
124000043,124,147,-23
124000044,69,302,-233
124000045,802,701,101
124000046,281,794,-513
124000047,1816,1151,665
124000048,1019,2020,-1001
124000049,2005,834,1171
124000050,941,2437,-1496
124000051,1006,727,279
124000052,722,1462,-740
124000053,572,1746,-1174
124000054,1036,752,284
124000055,1387,2906,-1519
124000056,3731,1936,1795
124000057,990,628,362
124000058,515,1556,-1041
124000059,725,1234,-509
124000060,1585,916,669
124000061,1579,5079,-3500
124000062,5405,2090,3315
124000063,1681,2071,-390
124000064,2911,1899,1012
124000065,24,802,-778
124000066,208,70,138
124000067,171,320,-149
124000068,16,42,-26
124000069,187,24,163
124000070,159,183,-24
124000071,157,101,56
124000072,234,489,-255
124000073,980,148,832
124000074,280,927,-647
124000075,351,36,315
124000076,2,252,-250
124000077,2306,829,1477
124000078,3791,1217,2574
124000079,552,1612,-1060
124000080,389,210,179
124000081,148,711,-563
124000082,59,164,-105
124000083,104,133,-29
124000084,37,244,-207
124000085,218,48,170
124000086,98,108,-10
124000087,132,111,21
124000088,360,362,-2
124000089,1175,604,571
124000090,107,397,-290
124000091,338,112,226
124000092,74,537,-463
124000093,80,142,-62
124000094,158,761,-603
124000095,63,99,-36
124000096,146,414,-268
124000097,99,180,-81
124000098,95,142,-47
124000099,109,79,30
124000100,47,117,-70
124000101,75,120,-45
124000102,165,94,71
124000103,125,131,-6
124000104,175,82,93
124000105,76,93,-17
124000106,173,92,81
124000107,13,180,-167
124000108,61,50,11
124000109,111,111,0
124000110,225,120,105
124000111,207,199,8
124000112,692,859,-167
124000113,96,110,-14
124000114,338,628,-290
124000115,523,794,-271
124000116,130,157,-27
124000117,80,104,-24
124000118,65,90,-25
124000119,1267,712,555
124000120,916,531,385
124000121,1610,685,925
124000122,615,1403,-788
124000123,1193,664,529
124000124,600,1345,-745
124000125,463,632,-169
124000126,399,790,-391
124000127,928,432,496
124000128,650,1130,-480
124000129,2443,1834,609
124000130,886,838,48
124000131,1144,571,573
124000132,1054,928,126
124000133,846,930,-84
124000134,1129,806,323
124000135,2122,2038,84
124000136,1156,1363,-207
124000137,1943,786,1157
124000138,1992,1573,419
124000139,836,43,793
124000140,62,534,-472
124000141,510,18,492
124000142,26,197,-171
124000143,107,17,90
124000144,9,58,-49
124000145,124,43,81
124000146,23,96,-73
124000148,39,172,-133
124000149,1466,678,788
124000150,434,949,-515
124000151,735,247,488
124000152,667,1376,-709
124000153,622,665,-43
124000154,330,721,-391
124000155,1186,939,247
124000156,1396,987,409
124000169,239,680,-441
124000170,768,520,248
124000171,430,395,35
124000172,581,751,-170
124000173,673,263,410
124000174,443,825,-382
124000175,12,133,-121
124000176,94,16,78
124000177,18,49,-31
124000178,34,99,-65
124000190,42,30,12
124000191,181,40,141
124000192,4003,491,3512
124000193,1206,1222,-16
124000194,490,621,-131
124000195,349,604,-255
124000196,1309,1313,-4
124000197,152,69,83
124000198,47,52,-5
124000201,486,1269,-783
124000202,727,361,366
124000203,325,931,-606
124000204,893,542,351
124000205,99,645,-546
124000206,601,524,77
124000207,1,66,-65
124000209,269,715,-446
124000210,531,241,290
124000211,671,0,671
124000212,5,612,-607
124000213,358,419,-61
124000214,335,879,-544
124000215,526,30,496
124000216,2,503,-501
124000329,165,2437,-2272
124000338,111,1197,-1086
124000339,1055,179,876
124000341,1266,127,1139
124000344,53,0,53
124000357,1202,3159,-1957
124000358,754,1594,-840
124000359,1489,945,544
124000360,993,636,357
124000361,2576,728,1848
124000362,1854,2036,-182
124000363,369,383,-14
124000364,823,1220,-397
124000365,792,1237,-445
124000366,1865,928,937
124000367,153,729,-576
124000368,459,389,70
124000369,184,187,-3
124000370,80,734,-654
124000402,67,15,52
124000403,170,18,152
124000404,14,171,-157
124000405,1260,998,262
124000406,991,1119,-128
124000407,2,49,-47
124000411,9,482,-473
124000412,383,7,376
124000413,796,50,746
124000414,84,137,-53
124000415,72,168,-96
124000416,169,292,-123
124000417,171,120,51
124000418,132,138,-6
124000419,87,198,-111
124000420,87,80,7
124000421,52,209,-157
124000422,45,24,21
124000423,174,58,116
124000424,0,82,-82
124000425,42,60,-18
124000426,3,47,-44
124000427,93,31,62
124000428,49,51,-2
124000429,67,101,-34
124000430,814,801,13
124000431,366,922,-556
124000432,221,843,-622
124000439,3,4,-1
124000442,10,167,-157
124000443,0,10,-10
124000445,111,458,-347
124000446,1170,49,1121
124900001,399,415,-16
124900002,262,488,-226
124900003,838,577,261
124900004,553,316,237
124900005,395,289,106
124900006,599,308,291
124900008,1239,587,652
124900009,217,598,-381
124900010,226,126,100
124900011,860,385,475
124900012,882,170,712
124900013,567,187,380
124900014,254,107,147
124900015,218,637,-419
124900016,57,165,-108
124900017,1013,1531,-518
124900018,36,23,13
124900019,594,54,540
124900020,232,130,102
124900021,365,97,268
124900022,70,29,41
124900024,327,51,276
124900026,450,7,443
124900027,119,393,-274
124900028,667,181,486
124900029,12,423,-411
124900030,18,232,-214
124900031,70,513,-443
124900032,170,221,-51
124900033,105,497,-392
124900034,8,78,-70
124900035,291,767,-476
124900036,0,56,-56
124900037,210,447,-237
124900038,376,328,48
124900039,8,24,-16
124900040,211,108,103
124900041,274,1143,-869
124900042,163,3,160
124900043,375,1092,-717
124900044,85,2,83
124900045,946,1063,-117
124900046,1991,351,1640
124900047,166,275,-109
124900048,160,130,30
124900050,133,268,-135
124900052,167,893,-726
124900053,128,414,-286
124900054,2575,684,1891
124900055,0,176,-176
124900057,5,84,-79
124900060,110,260,-150
124900061,74,20,54
124900062,115,39,76
124900066,0,23,-23
124900067,6,188,-182
124900068,427,1118,-691
124900069,193,153,40
124900070,93,25,68
124900072,165,60,105
124900074,501,339,162
124900075,206,190,16
124900076,36,992,-956
124900077,31,99,-68
124900078,124,16,108
124900079,761,298,463
124900080,186,721,-535
124900081,847,252,595
124900082,320,839,-519
124900083,169,584,-415
124900084,2073,124,1949
124900085,1184,384,800
124900086,154,1187,-1033
124900087,605,100,505
124900088,909,105,804
124900089,1631,39,1592
124900090,372,317,55
124900091,411,583,-172
124900092,316,409,-93
124900093,408,262,146
124900094,406,282,124
124900095,119,635,-516
124900096,719,424,295
124900097,310,122,188
124900098,164,577,-413
124900099,1146,613,533
124900100,399,84,315
124900101,64,273,-209
124900102,306,45,261
124900103,162,312,-150
124900104,72,206,-134
124900105,102,195,-93
124900106,539,67,472
124900107,92,36,56
124900108,179,93,86
124900109,76,217,-141
124900110,885,419,466
124900111,1,78,-77
124900112,72,1034,-962
129000186,460,32,428
204000001,65,2,63
204000002,26,3,23
204000003,59,5,54
204000004,13,0,13
204000005,615,592,23
204000006,1366,1746,-380
204000008,1364,903,461
204000011,3,43,-40
204000012,34,93,-59
204000013,4,21,-17
204000019,584,618,-34
204000020,682,670,12
204000021,1563,736,827
204000022,512,590,-78
204000023,649,1019,-370
204000031,17,8,9
204000032,526,24,502
204000034,24,297,-273
204000035,1,7,-6
204000036,13,38,-25
204000037,4,18,-14
204000038,3,8,-5
204000039,4,40,-36
204000040,3,41,-38
204000041,15,47,-32
204000042,128,10,118
204000043,30,1,29
204000044,46,2,44
204000045,97,6,91
204000046,40,5,35
204000057,9,44,-35
204000062,10,30,-20
204000068,96,171,-75
204000069,10,249,-239
204000070,61,89,-28
204000080,23,48,-25
204000085,2323,2699,-376
204000086,2660,2528,132
204000087,24,13,11
204000088,24,125,-101
204000090,41,367,-326
204000093,370,63,307
204000096,890,1003,-113
204000097,629,9,620
204000099,1197,1566,-369
204000100,1377,1999,-622
204000105,2744,2126,618
204000110,991,1192,-201
204000111,537,661,-124
204000112,718,686,32
204000113,547,813,-266
204000114,986,589,397
204000115,612,337,275
204000116,868,473,395
204000119,1944,2721,-777
204000132,548,290,258
204000133,754,284,470
204000134,272,187,85
204000135,477,62,415
204000136,499,185,314
204000138,434,382,52
204000140,222,143,79
204000141,158,74,84
204000144,2,18,-16
204000145,616,28,588
204000146,22,409,-387
204000147,23,171,-148
204000148,256,32,224
204000154,8,1,7
204000155,10,7,3
204000177,69,39,30
204000179,16,12,4
204000180,0,41,-41
204000222,141,16,125
204000235,14,24,-10
204000236,89,312,-223
204000238,28,26,2
204000240,401,97,304
204000308,196,21,175
204000317,15,92,-77
204000322,2,61,-59
204000323,17,6,11
204000328,278,46,232
204000329,36,193,-157
204000330,199,13,186
204000331,80,139,-59
204010341,13,225,-212
205000001,1019,2088,-1069
205000013,5,86,-81
205000014,24,112,-88
205000015,19,227,-208
205000016,26,192,-166
205000017,36,105,-69
205000022,296,909,-613
205000025,1385,1238,147
205000029,223,13,210
205000045,128,285,-157
205000047,73,469,-396
205000048,313,1104,-791
205000049,145,928,-783
205000050,835,338,497
205000059,2,227,-225
205000060,1,111,-110
205000061,1,50,-49
205000062,2,46,-44
205000063,11,154,-143
205000064,13,115,-102
205000065,60,595,-535
205000066,98,864,-766
205000067,51,1001,-950
205000069,180,12,168
205000082,149,246,-97
205000110,44,258,-214
205000111,159,236,-77
205000112,209,242,-33
205000113,223,362,-139
205000121,275,84,191
205000123,44,244,-200
205000126,506,236,270
205000127,850,398,452
205000128,894,241,653
205000129,762,285,477
205000130,807,124,683
205000131,1052,40,1012
205000132,755,6,749
205000133,1067,4,1063
205000134,445,0,445
205000137,82,168,-86
205000138,237,323,-86
205000139,33,123,-90
205000144,70,105,-35
205000145,311,245,66
205000151,257,68,189
205000152,187,53,134
205000153,245,80,165
205000154,126,112,14
205000155,126,36,90
205000207,10,207,-197
205000233,30,0,30
205000234,0,0,0
205000243,0,0,0
205000244,0,2,-2
205000245,19,219,-200
205000249,2,24,-22
205000250,2,2,0
205000251,74,424,-350
205000264,20,98,-78
206000027,6,6,0
206000028,16,0,16
206000043,12,106,-94
206000053,1,17,-16
206000054,6,22,-16
206000055,4,41,-37
206000075,3,16,-13
206000076,25,10,15
206000077,27,11,16
206000078,18,7,11
206000079,12,1,11
206000082,684,59,625
206000100,43,785,-742
206000103,1,22,-21
206000104,14,23,-9
206000105,7,19,-12
206000106,14,50,-36
206000108,692,49,643
206000125,40,0,40
206000157,68,973,-905
206000170,1,182,-181
206000171,2,242,-240
206000172,21,714,-693
206000173,1,316,-315
206000174,18,140,-122
206000175,5,189,-184
206000176,16,253,-237
206000177,2,167,-165
206000178,3,162,-159
206000179,4,146,-142
206000180,16,176,-160
206000181,1,197,-196
206000182,10,215,-205
206000183,16,823,-807
206000184,3,407,-404
206000185,5,262,-257
206000186,120,1286,-1166
206000223,7,278,-271
206000226,19,12,7
206000227,21,2,19
206000237,24,411,-387
206000238,37,642,-605
206000239,380,2416,-2036
206000240,1,84,-83
206000241,1,87,-86
206000242,16,350,-334
206000243,8,312,-304
206000244,109,722,-613
206000245,685,73,612
206000246,173,15,158
206000247,177,11,166
206000248,287,15,272
206000252,102,36,66
206000258,41,31,10
206000315,42,7,35
206000317,575,90,485
206000318,333,90,243
206000319,1250,120,1130
206000320,175,54,121
206000321,174,4,170
206000322,596,15,581
206000323,152,7,145
206000324,150,14,136
206000325,178,16,162
206000326,182,11,171
206000327,454,8,446
206000328,110,1,109
206000329,194,3,191
206000330,61,7,54
206000331,149,2,147
206000332,46,2,44
206000333,459,2,457
206000334,213,3,210
206000335,0,30,-30
206000361,5,311,-306
206000392,2,46,-44
206000405,140,2,138
206000441,37,21,16
206000498,26,4,22
206000515,108,28,80
206000530,198,81,117
206000531,185,264,-79
206000532,2171,318,1853
206000535,379,1953,-1574
206000536,15,162,-147
206000537,13,174,-161
206000613,1508,268,1240
207000001,146,567,-421
207000002,148,318,-170
207000003,154,146,8
207000007,797,261,536
207000008,77,9,68
207000009,35,31,4
207000010,446,550,-104
207000012,373,253,120
207000015,264,1395,-1131
207000019,241,96,145
207000021,608,187,421
207000022,159,164,-5
207000023,224,51,173
207000024,8,12,-4
207000025,30,53,-23
207000026,120,59,61
207000027,21,91,-70
207000028,47,243,-196
207000029,235,470,-235
207000033,249,390,-141
207000034,280,58,222
207000039,432,172,260
207000040,296,111,185
207000041,135,51,84
207000042,348,74,274
207000043,229,233,-4
207000051,171,399,-228
207000052,25,209,-184
207000053,527,636,-109
207000054,47,104,-57
207000055,194,178,16
207000056,432,456,-24
207000057,157,303,-146
207000058,156,390,-234
207000059,82,695,-613
207000060,82,226,-144
207000061,153,398,-245
207000062,253,43,210
207000063,258,130,128
207000064,458,242,216
207000065,463,318,145
207000066,201,214,-13
207000067,63,146,-83
207000068,124,78,46
207000069,733,381,352
207000082,6,219,-213
207000083,86,320,-234
207000084,206,225,-19
207000085,164,10,154
207000086,130,6,124
207000106,28,44,-16
207000107,90,21,69
207000108,67,17,50
207000109,52,19,33
207000110,47,64,-17
207000111,83,62,21
207000112,249,499,-250
207000114,24,41,-17
207000115,19,76,-57
207000116,31,394,-363
207000117,8,104,-96
207000118,8,121,-113
207000119,31,94,-63
207000123,234,40,194
207000124,56,23,33
207000125,69,50,19
207000126,73,55,18
207000134,49,153,-104
207000135,22,172,-150
207000148,52,260,-208
207000149,62,52,10
207000152,163,411,-248
207000153,1207,1536,-329
207000154,444,150,294
207000159,98,431,-333
207000160,207,521,-314
207000238,0,166,-166
207000242,3,210,-207
207000248,24,49,-25
207000249,209,39,170
207000250,998,75,923
207000251,131,83,48
207000252,57,72,-15
207000278,117,115,2
207000279,15,178,-163
207000280,502,62,440
207000281,127,1060,-933
207000282,194,86,108
207000283,128,173,-45
207000284,73,142,-69
207000285,120,44,76
207000291,10,106,-96
207000304,184,37,147
207000306,85,509,-424
207000310,90,123,-33
207000353,253,0,253
207000356,10,62,-52
207000357,98,21,77
207000415,5,221,-216
207000417,28,4,24
207000437,0,3,-3
207000439,1147,682,465
207000446,149,8,141
207000460,26,6,20
207000466,197,185,12
207000467,0,2,-2
207000468,0,9,-9
207000476,1,98,-97
207000477,738,123,615
207000523,1,5,-4
207000524,50,0,50
207000527,114,193,-79
207000530,341,15,326
207000531,321,11,310
207000532,106,21,85
207000534,462,63,399
207000535,54,341,-287
207000537,19,159,-140
207000540,3,253,-250
207000541,0,341,-341
207000548,8,281,-273
207000549,227,20,207
207000561,164,160,4
207000562,51,218,-167
207000567,205,271,-66
207000568,175,129,46
207000569,444,1007,-563
207000584,436,325,111
207000585,120,295,-175
207000616,1,156,-155
207000617,135,0,135
207000628,0,0,0
207900008,233,128,105
208000001,735,906,-171
208000002,796,452,344
208000003,1258,443,815
208000004,1442,747,695
208000005,26,17,9
208000019,755,1279,-524
208000020,236,582,-346
208000021,218,570,-352
208000022,1149,647,502
208000028,1617,1162,455
208000033,629,621,8
208000034,1259,1886,-627
208000040,196,203,-7
208000041,892,696,196
208000042,1374,802,572
208000047,140,361,-221
208000064,3137,1591,1546
208000066,1925,2177,-252
208000070,429,463,-34
208000071,358,950,-592
208000072,424,1333,-909
208000080,271,392,-121
208000081,346,157,189
208000082,478,365,113
208000083,201,439,-238
208000084,49,28,21
208000085,1311,703,608
208000086,598,1123,-525
208000087,449,796,-347
208000089,970,627,343
208000090,1032,1023,9
208000093,171,175,-4
208000094,536,572,-36
208000095,703,434,269
208000104,1117,1191,-74
208000105,889,1198,-309
208000114,122,250,-128
208000115,509,384,125
208000116,645,1165,-520
208000117,179,163,16
208000118,97,153,-56
208000155,931,1006,-75
208000158,1683,3887,-2204
208000186,4447,3963,484
208000204,703,1304,-601
208000205,1245,1414,-169
208000282,6191,3178,3013
209000004,260,213,47
209000005,49,47,2
209000006,476,172,304
209000007,457,321,136
209000010,614,214,400
209000011,183,348,-165
209000012,116,201,-85
209000013,352,534,-182
209000014,605,1432,-827
209000025,400,43,357
209000026,787,135,652
209000027,507,1112,-605
209000028,419,1036,-617
209000029,864,874,-10
209000030,637,1834,-1197
209000031,3438,3153,285
209000034,203,206,-3
209000035,86,143,-57
209000036,176,139,37
209000037,210,207,3
209000038,99,156,-57
209000039,58,177,-119
209000040,280,652,-372
209000041,181,499,-318
209000042,283,465,-182
209000043,858,988,-130
209000044,296,831,-535
209000045,1226,518,708
209000046,514,567,-53
209000047,451,206,245
209000048,531,366,165
209000049,69,103,-34
209000050,179,152,27
209000051,283,335,-52
209000052,164,292,-128
209000062,50,129,-79
209000063,60,103,-43
209000064,44,115,-71
209000065,69,37,32
209000066,81,42,39
209000067,82,50,32
209000080,52,262,-210
209000082,105,63,42
209000091,35,151,-116
209000093,80,34,46
209000094,200,250,-50
209000110,58,96,-38
209000111,417,1678,-1261
209000112,969,607,362
209000113,2152,523,1629
209000114,654,393,261
209000115,77,120,-43
209000116,509,607,-98
209000118,50,51,-1
209000119,45,11,34
209000121,150,624,-474
209000135,83,193,-110
209000142,634,1804,-1170
209000143,209,100,109
209000144,184,95,89
209000229,232,200,32
209000240,39,415,-376
209000259,79,117,-38
209000260,82,1446,-1364
209000261,4,853,-849
209000262,6,517,-511
209000263,0,158,-158
209000264,0,144,-144
209000265,440,2,438
209000266,117,0,117
209000267,1286,15,1271
209000268,959,65,894
210000037,78,24,54
210000047,101,38,63
210000048,135,36,99
210000049,59,17,42
210000052,81,106,-25
210000053,37,84,-47
210000054,48,90,-42
210000070,157,5,152
210000071,82,1,81
210000072,34,0,34
210000073,0,25,-25
210000074,1,134,-133
210000075,3,61,-58
210000076,17,171,-154
210000077,108,56,52
210000078,47,44,3
210000079,92,19,73
210000080,232,53,179
210000081,233,25,208
210000082,118,3,115
210000083,84,1,83
210000084,46,0,46
210000085,2,103,-101
210000086,4,154,-150
210000099,45,269,-224
210000100,55,243,-188
210000101,77,214,-137
210000105,38,307,-269
210000159,2,184,-182
210000163,223,260,-37
210000164,245,241,4
210000168,188,49,139
210000187,0,15,-15
210000188,0,30,-30
210000214,54,0,54
210000219,39,46,-7
210000220,60,92,-32
210000232,3,16,-13
210000233,38,59,-21
210000234,46,140,-94
210000235,51,135,-84
210000245,0,46,-46
210000246,52,0,52
210000258,14,116,-102
210000259,434,47,387
210000282,103,269,-166
210000285,3,141,-138
210000286,25,198,-173
210000295,73,184,-111
210000296,87,65,22
210000320,165,94,71
210000321,103,95,8
210000338,136,89,47
210000339,490,1395,-905
210000340,135,501,-366
210000341,257,384,-127
210000342,195,282,-87
210000343,208,289,-81
210000344,304,169,135
210000345,342,379,-37
210000346,184,211,-27
210000347,555,55,500
210000348,423,18,405
210000349,278,36,242
210000350,120,80,40
210000351,156,134,22
210000352,56,90,-34
210000353,40,112,-72
210000354,38,83,-45
210000355,165,98,67
210000356,218,100,118
210000357,180,65,115
210000358,311,141,170
210000359,195,77,118
210000360,202,107,95
210000361,216,178,38
210000362,317,244,73
210000363,1035,250,785
210000364,155,225,-70
210000365,155,87,68
210000366,156,68,88
210000367,88,59,29
210000368,236,42,194
210000369,25,19,6
210000370,62,52,10
210000372,78,28,50
210000373,91,19,72
210000374,81,15,66
210000375,34,95,-61
210000376,134,149,-15
210000404,60,140,-80
210000439,23,73,-50
210000472,161,9,152
210000482,102,117,-15
210000564,566,350,216
210000568,742,5,737
211000092,42,42,0
211000094,28,6,22
211000169,253,16,237
211000172,23,193,-170
211000209,0,29,-29
211000275,15,19,-4
211000276,89,41,48
211000279,19,45,-26
211000281,52,42,10
211507980,0,31,-31
211977296,89,2,87
212000003,197,44,153
212000004,218,31,187
212000005,82,22,60
212000006,70,76,-6
212000008,130,159,-29
212000009,24,155,-131
212000012,94,98,-4
212000013,43,74,-31
212000014,316,190,126
212000015,334,280,54
212000016,687,680,7
212000027,616,632,-16
212000028,353,573,-220
212000029,245,374,-129
212000030,53,53,0
212000031,67,63,4
212000048,59,187,-128
212000049,12,144,-132
212000050,30,22,8
212000051,230,247,-17
212000052,183,331,-148
212000053,413,705,-292
212000054,259,185,74
212000055,263,293,-30
212000056,14,72,-58
212000057,14,33,-19
212000058,313,64,249
212000070,124,266,-142
212000077,125,764,-639
212000099,260,320,-60
212000108,338,204,134
212000111,236,146,90
212000120,231,93,138
212000138,208,23,185
212000156,6,164,-158
212000158,11,15,-4
212000159,397,64,333
212000160,547,317,230
212000161,50,17,33
212000310,61,28,33
212000311,10,106,-96
212000374,53,9,44
213000001,30,683,-653
213000005,548,149,399
213000006,1331,273,1058
213000007,242,7,235
213000009,715,387,328
213000010,210,259,-49
213000011,285,148,137
213000012,129,339,-210
213000014,88,12,76
213000015,230,5,225
213000016,388,3,385
213000017,91,0,91
213000018,5,226,-221
213000019,2,185,-183
213000020,94,449,-355
213000021,10,135,-125
213000023,351,195,156
213000033,286,1767,-1481
213000034,848,404,444
213000035,137,392,-255
213000045,178,325,-147
213000046,186,258,-72
213000047,793,1297,-504
213000056,90,99,-9
213000069,176,9,167
213000073,1,31,-30
213000074,63,430,-367
213000075,602,7,595
213000085,10,52,-42
213000086,21,212,-191
213000091,198,15,183
213000092,35,11,24
213000099,117,1095,-978
213000100,1100,210,890
213000101,327,156,171
213000102,420,381,39
213000103,890,1068,-178
213000104,51,529,-478
213000105,3,143,-140
213000106,26,159,-133
213000107,145,701,-556
213000108,50,732,-682
213000109,6,290,-284
213000110,11,87,-76
213000111,20,67,-47
213000112,192,151,41
213000115,71,11,60
213000116,49,867,-818
213000117,11,1166,-1155
213000118,416,281,135
213000119,69,619,-550
213000120,97,608,-511
213000122,195,595,-400
213000123,541,1408,-867
213000124,100,1402,-1302
213000125,151,19,132
213000126,137,124,13
213000127,211,196,15
213000128,648,1325,-677
213000129,438,648,-210
213000130,523,312,211
213000132,394,98,296
213000133,471,120,351
213000134,741,19,722
213000136,516,27,489
213000137,597,109,488
213000139,666,40,626
213000147,165,15,150
213000148,74,23,51
213000149,60,30,30
213000150,1,119,-118
213000151,5,112,-107
213000152,8,97,-89
213000153,1,59,-58
213000154,39,242,-203
213000155,53,355,-302
213000156,113,687,-574
213000157,644,480,164
213000158,495,1094,-599
213000159,704,720,-16
213000163,808,119,689
213000165,818,264,554
213000171,2,123,-121
213000172,7,399,-392
213000173,3,264,-261
213000174,6,289,-283
213000175,12,253,-241
213000176,154,35,119
213000177,109,26,83
213000178,173,18,155
213000179,239,6,233
213000180,187,0,187
213000184,104,668,-564
213000188,518,118,400
213000189,384,36,348
213000190,984,843,141
213000191,335,479,-144
213000192,218,491,-273
213000193,844,270,574
213000194,3,66,-63
213000195,17,465,-448
213000196,265,1281,-1016
213000197,304,996,-692
213000198,142,3,139
213000200,159,1139,-980
213000201,53,76,-23
213000202,8,480,-472
213000203,3523,774,2749
213000204,619,148,471
213000205,465,193,272
213000206,825,88,737
213000207,226,32,194
213000208,327,5,322
213000209,232,4,228
213000210,1004,2,1002
213000211,30,16,14
213000212,55,18,37
213000213,35,42,-7
213000218,279,901,-622
213000219,583,23,560
213000220,505,13,492
213000223,312,204,108
213000224,69,39,30
213000225,103,9,94
213000226,89,12,77
213000227,1037,263,774
213000228,344,106,238
213000229,871,48,823
213000230,605,32,573
213000232,161,758,-597
213000233,9,118,-109
213000234,0,40,-40
213000293,59,63,-4
213000294,411,16,395
213000295,26,67,-41
213000296,71,33,38
213000297,8,144,-136
213000298,37,134,-97
213000299,78,37,41
213000300,21,9,12
213000303,12,40,-28
213000304,9,5,4
213000305,6,14,-8
213000306,104,42,62
213000307,418,69,349
213000308,148,255,-107
213000309,221,75,146
213000310,649,103,546
213000311,321,816,-495
213000315,83,165,-82
213000316,145,75,70
213000322,88,173,-85
213000323,94,75,19
213000324,108,195,-87
213000325,88,209,-121
213000326,92,117,-25
213000327,125,198,-73
213000328,69,161,-92
213000329,111,152,-41
213000340,151,626,-475
213000341,453,146,307
213000347,831,343,488
213000348,21,106,-85
213000349,26,11,15
213000350,316,1420,-1104
213000366,57,481,-424
213000367,210,27,183
213000379,79,62,17
213000386,11,308,-297
213000406,118,417,-299
213000417,1605,642,963
213000425,163,41,122
213000426,99,77,22
213000427,53,393,-340
213000428,76,236,-160
213000429,31,4,27
213000430,128,915,-787
213000431,172,6,166
213000432,4,33,-29
213000433,26,234,-208
213000434,89,173,-84
213000435,115,92,23
213000436,36,80,-44
213000437,8,61,-53
213000438,118,200,-82
213000439,94,11,83
213000440,18,318,-300
213000441,7,2,5
213000442,10,77,-67
213000443,599,541,58
213000444,28,131,-103
213000445,0,115,-115
213000446,0,28,-28
213000447,6,55,-49
213000448,15,117,-102
213000449,328,5,323
213000450,16,68,-52
213000451,273,116,157
213000452,39,29,10
213000453,54,369,-315
213000455,393,23,370
213000456,0,215,-215
213000481,8,11,-3
213000484,69,6,63
213000489,722,91,631
213900002,0,132,-132
213900003,961,1,960
213900013,2,140,-138
213900015,0,7,-7
213900016,10,20,-10
213900020,8,114,-106
213900030,0,60,-60
213900032,336,93,243
213900033,102,37,65
213900034,460,122,338
213900035,154,699,-545
213900036,102,224,-122
213900037,59,295,-236
213900038,399,225,174
213900039,1,130,-129
213900041,8,175,-167
213900042,262,177,85
213900043,248,177,71
213900244,31,0,31
213900245,0,44,-44
218000003,28,20,8
218000004,64,27,37
218000005,42,34,8
218000006,95,17,78
218000007,4,13,-9
218000012,204,217,-13
218000013,131,185,-54
218000014,536,632,-96
218000019,1262,856,406
218000020,370,622,-252
218000021,42,86,-44
218000022,16,39,-23
218000023,7,31,-24
218000024,0,28,-28
218000025,17,40,-23
218000026,16,60,-44
218000027,2,33,-31
218000028,2,8,-6
218000029,4,8,-4
218000030,25,46,-21
218000031,6,34,-28
218000032,6,39,-33
218000039,18,19,-1
218000040,5,1,4
218000046,61,126,-65
218000047,7,186,-179
218000048,68,184,-116
218000049,172,188,-16
218000050,351,394,-43
218000051,93,367,-274
218000052,0,140,-140
218000053,4,7,-3
218000054,29,32,-3
218000055,46,14,32
218000056,25,43,-18
218000057,0,49,-49
218000064,8,19,-11
218000065,114,76,38
218000066,22,107,-85
218000067,76,133,-57
218000068,205,137,68
218000069,224,196,28
218000070,373,340,33
218000071,272,304,-32
218000072,445,353,92
218000078,833,1053,-220
218000079,130,126,4
218000080,130,125,5
218000081,546,344,202
218000082,60,163,-103
218000083,64,107,-43
218000084,236,245,-9
218000085,206,589,-383
218000086,65,291,-226
218000087,288,257,31
218000090,12,158,-146
218000091,654,371,283
218000092,75,236,-161
218000093,84,88,-4
218000094,328,528,-200
218000099,333,1047,-714
218000100,330,428,-98
218000101,590,222,368
218000102,428,312,116
218000103,125,186,-61
218000104,107,41,66
218000105,66,32,34
218000106,4,2,2
218000107,72,146,-74
218000108,11,94,-83
218000112,174,66,108
218000117,158,190,-32
218000134,798,939,-141
218000135,183,142,41
218000136,357,86,271
218000137,452,114,338
218000138,33,121,-88
218000139,235,334,-99
218000140,444,173,271
218000141,121,82,39
218000142,127,183,-56
218000143,98,286,-188
218000144,107,97,10
218000145,418,428,-10
218000146,111,263,-152
218000151,20,14,6
218000152,178,72,106
218000153,8,5,3
218000154,23,0,23
218000155,26,0,26
218000156,64,13,51
218000157,33,23,10
218000158,5,6,-1
218000159,6,7,-1
218000160,4,6,-2
218000161,44,6,38
218000162,47,10,37
218000163,5,3,2
218000164,38,15,23
218000165,80,30,50
218000170,4,61,-57
218000171,121,14,107
218000172,31,15,16
218000173,74,15,59
218000174,64,9,55
218000176,191,40,151
218000177,353,281,72
218000178,86,324,-238
218000179,99,118,-19
218000180,69,42,27
218000181,201,56,145
218000187,3,15,-12
218000188,41,43,-2
218000189,31,70,-39
218000190,42,22,20
218000191,138,50,88
218000192,248,391,-143
218000193,573,509,64
218000194,137,492,-355
218000195,135,96,39
218000196,373,437,-64
218000197,394,404,-10
218000198,25,146,-121
218000199,54,36,18
218000200,85,36,49
218000201,12,17,-5
218000202,102,266,-164
218000207,8,60,-52
218000208,61,56,5
218000211,44,12,32
218000212,7,14,-7
218000213,146,91,55
218000214,2,32,-30
218000215,70,101,-31
218000217,1,132,-131
218000218,335,140,195
218000219,138,34,104
218000220,221,369,-148
218000221,1566,238,1328
218000222,63,31,32
218000223,44,497,-453
218000224,10,187,-177
218000225,189,37,152
218000226,121,78,43
218000230,0,5,-5
218000232,80,117,-37
218000234,6,4,2
218000239,144,12,132
218000240,9,4,5
218000241,49,0,49
218000242,61,5,56
218000243,41,7,34
218000244,52,3,49
218000245,315,4,311
218000246,6,2,4
218000247,0,1,-1
218000248,0,37,-37
218000249,0,3,-3
218000250,12,7,5
218000251,9,9,0
218000252,3,18,-15
218000253,3,19,-16
218000254,4,7,-3
218000255,1,12,-11
218000256,8,45,-37
218000267,407,944,-537
218000268,9,81,-72
218000269,4,11,-7
218000270,30,24,6
218000271,18,48,-30
218000273,14,8,6
218000274,9,10,-1
218000275,24,59,-35
218000276,10,56,-46
218000278,31,45,-14
218000279,24,29,-5
218000280,14,11,3
218000281,22,11,11
218000282,325,221,104
218000284,101,12,89
218000301,118,97,21
218000302,147,71,76
218000303,39,73,-34
218000316,795,1249,-454
218000317,1021,1367,-346
218000318,513,898,-385
218000319,1088,1450,-362
218000320,907,841,66
218000338,81,30,51
218000339,18,2,16
218000342,46,50,-4
218000343,74,52,22
218000345,59,38,21
218000346,30,147,-117
218000353,27,18,9
218000354,36,46,-10
218000459,44,392,-348
218000490,44,37,7
218000501,144,54,90
218000502,49,116,-67
218000503,131,38,93
218000504,227,49,178
218000505,102,243,-141
218000506,74,391,-317
218000508,6,2,4
218000510,249,22,227
218000520,151,161,-10
218000521,2,30,-28
218000522,1,114,-113
218000523,132,4,128
218000524,42,188,-146
218000525,165,10,155
218000526,43,153,-110
218000529,10,51,-41
218000530,14,3,11
218000531,18,45,-27
218000532,64,38,26
218000534,35,5,30
218000537,8,54,-46
218000538,149,160,-11
218000539,45,27,18
218000540,278,77,201
218000543,114,73,41
218000544,40,85,-45
218000545,71,89,-18
218000546,62,100,-38
218000547,249,148,101
218000548,179,143,36
218000549,592,326,266
218000550,286,392,-106
218000551,173,733,-560
218000552,697,64,633
218000553,12,63,-51
218000554,29,23,6
218000555,14,27,-13
218000556,51,287,-236
218000557,238,75,163
218000558,104,0,104
218000559,0,36,-36
218000560,0,13,-13
218000561,12,0,12
218000562,34,186,-152
218000563,269,16,253
218000564,10,123,-113
218000565,247,33,214
218000566,318,23,295
218000567,0,73,-73
218000568,21,3,18
218000569,21,137,-116
218000570,25,3,22
218000571,3,107,-104
218000572,153,1,152
218000573,18,56,-38
218000574,117,45,72
218000575,109,1,108
218000576,0,74,-74
218000577,221,3,218
218000578,0,109,-109
218000579,31,28,3
218000581,13,55,-42
218000582,72,2,70
218000583,10,0,10
218000584,0,25,-25
218000585,32,0,32
218000586,18,52,-34
218000587,10,0,10
218000588,2,2,0
218000589,1,1,0
218000590,11,0,11
218000591,3,5,-2
218000592,5,0,5
218000593,1,0,1
218000594,3,0,3
218000595,0,0,0
218000596,0,0,0
218000597,0,0,0
218000598,12,2,10
218000599,0,0,0
218000600,3,1,2
218000601,0,1,-1
218000602,0,13,-13
218000603,0,6,-6
218000604,37,1,36
218000605,3,62,-59
218000606,95,7,88
218000607,14,26,-12
218000608,61,15,46
218000609,3,45,-42
218000610,80,3,77
218000611,17,2,15
218000612,1,27,-26
218000613,33,1,32
218000614,2,31,-29
218000615,184,1,183
218000616,7,184,-177
218000617,18,2,16
218000618,0,14,-14
218000619,246,53,193
218000620,23,23,0
218000621,2,3,-1
218000622,0,17,-17
218000623,170,7,163
218000624,6,29,-23
218000625,9,2,7
218000626,2,7,-5
218000628,105,91,14
218000631,15,4,11
218000632,3,87,-84
218000633,90,2,88
218000634,6,34,-28
218000635,8,17,-9
218000636,984,1573,-589
218000637,902,594,308
218000638,155,40,115
218000639,33,251,-218
218000640,258,26,232
218000641,87,387,-300
218000652,78,124,-46
218000653,171,92,79
218000663,1,32,-31
218000675,35,24,11
218000676,1,24,-23
218000677,10,5,5
218000680,41,144,-103
218000681,164,40,124
218000691,29,88,-59
218000693,80,36,44
218000703,8,60,-52
218000718,1138,964,174
218000719,1915,493,1422
218000720,7,74,-67
218000721,176,13,163
218000725,8,7,1
218001214,18,23,-5
218001329,21,32,-11
218001330,32,15,17
219000001,37,39,-2
219000002,56,62,-6
219000003,66,25,41
219000004,42,37,5
219000017,190,20,170
219000020,106,62,44
219000022,128,10,118
219000023,124,2,122
219000029,0,75,-75
219000034,35,23,12
219000039,86,85,1
219000040,63,24,39
219000041,92,27,65
219000051,0,56,-56
219000052,1,17,-16
219000053,1,114,-113
219000054,500,311,189
219000055,166,0,166
219000056,58,1,57
219000057,117,1,116
219000062,19,146,-127
219000063,63,9,54
219000064,0,10,-10
219000110,658,64,594
219000111,89,57,32
219000112,265,61,204
219000113,122,66,56
219000114,304,87,217
219000116,101,27,74
219000117,135,82,53
219000118,200,59,141
219000123,255,116,139
219000124,177,100,77
219000125,10,23,-13
219000126,95,109,-14
219000127,0,7,-7
219000128,6,106,-100
219000129,35,128,-93
219000130,795,733,62
219000131,667,1112,-445
219000133,81,51,30
219000134,5,16,-11
219000135,62,72,-10
219000136,99,159,-60
219000138,105,25,80
219000139,56,41,15
219000140,42,7,35
219000141,20,112,-92
219000142,15,102,-87
219000143,20,127,-107
219000145,24,44,-20
219000146,9,42,-33
219000147,1,48,-47
219000148,4,60,-56
219000149,20,144,-124
219000150,2,100,-98
219000151,4,50,-46
219000157,189,154,35
219000158,165,266,-101
219000161,156,6,150
219000163,1656,531,1125
219000166,104,214,-110
219000167,100,176,-76
219000168,306,115,191
219000174,386,109,277
219000175,80,2,78
219000176,94,21,73
219000177,64,5,59
219000178,44,3,41
219000179,11,10,1
219000180,33,50,-17
219000182,151,19,132
219000183,93,42,51
219000184,110,9,101
219000185,5,71,-66
219000186,44,43,1
219000187,29,100,-71
219000189,176,197,-21
219000190,127,243,-116
219000191,1482,1422,60
219000192,160,127,33
219000193,373,161,212
219000195,0,58,-58
219000196,2,117,-115
219000198,23,152,-129
219000199,103,294,-191
219000200,36,225,-189
219000201,87,234,-147
219000203,21,132,-111
219000204,237,209,28
219000205,35,168,-133
219000207,157,298,-141
219000209,25,64,-39
219000210,88,88,0
219000213,8,203,-195
219000239,229,253,-24
219000240,275,377,-102
219000241,126,231,-105
219000242,122,173,-51
219000243,126,211,-85
219000244,45,82,-37
219000245,24,55,-31
219000246,34,10,24
219000247,150,39,111
219000248,693,332,361
219000249,140,64,76
219000250,137,121,16
219000251,672,190,482
219000252,274,162,112
219000253,448,69,379
219000255,110,80,30
219000256,179,65,114
219000257,131,0,131
219000262,64,178,-114
219000263,75,210,-135
219000267,1,110,-109
219000268,5,9,-4
219000269,10,1,9
219000270,6,1,5
219000271,110,16,94
219000278,0,1,-1
219000279,0,1,-1
219000283,0,33,-33
219000295,17,108,-91
219000296,99,579,-480
219000297,16,159,-143
219000298,24,174,-150
219000299,509,74,435
219000300,32,275,-243
219000301,204,390,-186
219000302,43,276,-233
219000307,64,66,-2
219000308,41,31,10
219000311,175,41,134
219000312,488,98,390
219000313,341,36,305
219000314,70,594,-524
219000315,289,50,239
219000316,474,75,399
219000317,93,47,46
219000320,0,53,-53
219000321,0,18,-18
219000323,5,92,-87
219000325,2,29,-27
219000326,67,114,-47
219000327,59,43,16
219000328,52,53,-1
219000329,359,119,240
219000330,48,13,35
219000331,43,36,7
219000332,100,79,21
219000333,20,10,10
219000335,98,3,95
219000337,48,0,48
219000338,81,2,79
219000344,24,94,-70
219000345,62,101,-39
219000346,35,125,-90
219000348,141,167,-26
219000349,63,227,-164
219000350,97,148,-51
219000351,10,4,6
219000352,417,83,334
219000353,113,40,73
219000354,195,127,68
219000355,176,58,118
219000356,1716,1343,373
219000363,291,50,241
219000364,106,39,67
219000365,219,14,205
219000366,210,333,-123
219000368,433,563,-130
219000370,1365,352,1013
219000371,23,23,0
219000382,9,28,-19
219000383,832,1056,-224
219000385,712,504,208
219000386,950,1725,-775
219000387,13,9,4
219000390,2,2,0
219000391,4,0,4
219000397,90,85,5
219000398,77,42,35
219000401,20,119,-99
219000402,33,99,-66
219000403,152,233,-81
219000404,29,130,-101
219000407,0,12,-12
219000409,53,51,2
219000410,69,31,38
219000411,74,8,66
219000446,205,415,-210
219000447,0,26,-26
219000448,19,21,-2
219000452,148,68,80
219000453,84,143,-59
219000454,347,244,103
219000556,262,109,153
219000558,130,169,-39
219000590,26,162,-136
219000591,50,60,-10
219000592,111,421,-310
219000595,1,28,-27
219000635,167,50,117
219000636,18,111,-93
219000657,27,27,0
219000658,37,78,-41
219000673,0,15,-15
219000676,164,2,162
219000679,52,17,35
219000684,129,2,127
219000685,1,90,-89
219000686,1,4,-3
219000688,0,101,-101
219000689,45,355,-310
219000690,241,44,197
219000691,11,36,-25
219000692,43,7,36
219000693,2,35,-33
219000694,28,1,27
219000695,18,4,14
219000698,20,0,20
219000699,0,11,-11
219000727,0,103,-103
219000728,86,6,80
219000770,48,3,45
219000771,2,36,-34
219001150,0,40,-40
219001151,5,2,3
219001166,51,7,44
219001167,6,53,-47
220000001,156,59,97
220000002,58,161,-103
220000003,538,251,287
220000004,948,592,356
220000005,1646,2114,-468
220000006,432,1057,-625
220000007,452,687,-235
220000008,312,1024,-712
220000009,265,468,-203
220000010,164,101,63
220000011,705,4409,-3704
220000012,95,506,-411
220000014,116,49,67
220000015,57,127,-70
220000017,40,336,-296
220000018,5669,1745,3924
220000019,97,304,-207
220000020,596,259,337
220000021,560,230,330
220000022,610,461,149
220000023,330,172,158
220000024,1811,393,1418
220000025,1210,990,220
220000026,271,266,5
220000027,60,107,-47
220000028,65,52,13
220000029,82,233,-151
220000030,147,100,47
220000031,476,329,147
220000064,10,987,-977
221000046,4,0,4
221000047,0,5,-5
221000048,0,3,-3
221000049,0,14,-14
221000050,10,0,10
221000055,44,49,-5
221000057,57,5,52
221000068,309,155,154
221000069,358,66,292
221000070,179,30,149
221000071,105,12,93
221000072,211,23,188
221000073,201,54,147
221000074,0,26,-26
221000075,24,27,-3
221000076,16,31,-15
221000077,48,83,-35
221000081,37,10,27
221000082,68,7,61
221000083,24,2,22
221000084,2,1,1
221000085,4,90,-86
221000086,20,109,-89
221000087,8,183,-175
221000088,16,217,-201
221000089,25,366,-341
221000090,145,610,-465
221000098,126,13,113
221000099,150,22,128
221000100,90,8,82
221000101,183,18,165
221000102,124,2,122
221000109,4,98,-94
221000110,6,120,-114
221000111,23,178,-155
221000112,10,161,-151
221000113,15,193,-178
221000114,13,187,-174
221000120,58,21,37
221000121,5,18,-13
221000122,144,25,119
221000123,22,7,15
221000124,72,226,-154
221000155,139,16,123
221000156,91,14,77
221000175,1,5,-4
221000176,0,1,-1
221000182,52,4,48
221000241,585,279,306
221000242,241,538,-297
221000243,584,136,448
221000244,320,524,-204
221000245,110,99,11
221000246,40,224,-184
221000247,81,154,-73
221000248,130,125,5
221000267,71,755,-684
221000325,80,66,14
221000331,67,127,-60
221000338,37,28,9
221000378,166,29,137
221000381,59,24,35
222000282,27,0,27
222000296,2,48,-46
222000568,346,34,312
222000569,125,32,93
222000570,93,6,87
222000571,290,12,278
222000577,16,180,-164
222000578,23,211,-188
222000579,15,143,-128
222000580,116,992,-876
222000599,0,157,-157
222000600,1,328,-327
222000601,8,1024,-1016
222000603,27,22,5
222000604,12,32,-20
222000605,18,24,-6
222000606,15,10,5
222000607,14,0,14
222000608,46,13,33
222000609,55,200,-145
222000616,285,32,253
222000617,14,18,-4
222000618,7,7,0
222000620,43,13,30
222000621,83,15,68
222000623,552,12,540
222000624,372,1,371
222000625,447,36,411
222000636,63,4,59
222000686,20,17,3
222000687,42,26,16
222001066,308,0,308
222001067,15,10,5
222001068,33,36,-3
222001069,23,39,-16
222001082,4,68,-64
222001083,22,71,-49
222001084,0,22,-22
222001085,1,227,-226
222001111,46,175,-129
222001112,57,28,29
222001313,52,9,43
222001314,15,161,-146
222001464,143,54,89
222001465,40,115,-75
222001484,119,49,70
222001485,27,57,-30
222001494,382,141,241
222001495,97,360,-263
222001496,345,96,249
222001497,131,542,-411
222001502,20,130,-110
222001503,122,52,70
222001504,29,326,-297
222001505,274,25,249
222001506,46,297,-251
222001507,345,48,297
222001510,354,41,313
222001511,29,462,-433
222001514,626,268,358
222001515,300,699,-399
222001518,239,96,143
222001519,49,347,-298
222001527,215,94,121
222001528,59,199,-140
222001529,272,72,200
222001530,48,266,-218
222001533,127,439,-312
222001534,324,60,264
222001535,208,216,-8
222001536,88,286,-198
222001537,241,49,192
222001538,65,638,-573
222001563,532,102,430
222001564,62,757,-695
222001568,410,141,269
222001576,3,4,-1
222001579,0,6,-6
222001583,33,233,-200
222001584,122,18,104
222001596,786,1484,-698
222001597,2208,272,1936
222001626,1,153,-152
222001650,92,98,-6
222001651,63,142,-79
222001914,226,130,96
222001915,80,216,-136
222900004,462,357,105
222900009,488,702,-214
222900019,259,214,45
222900024,27,21,6
222900025,6,15,-9
225000001,459,208,251
225000002,650,183,467
225000003,567,85,482
225000004,320,235,85
225000005,68,62,6
225000006,0,180,-180
225000007,2278,1485,793
225000010,287,15,272
225000011,432,1388,-956
225000012,183,728,-545
225000013,195,135,60
225000014,1525,76,1449
225000015,102,237,-135
225000021,739,186,553
225000027,251,590,-339
225000032,667,166,501
225000042,118,823,-705
225000049,49,50,-1
225000050,59,16,43
225000053,3,353,-350
225000058,779,118,661
225000067,185,183,2
225000068,154,365,-211
225000069,121,505,-384
225000070,78,400,-322
225000071,58,191,-133
225000075,31,1334,-1303
225000076,105,134,-29
225000078,89,56,33
225000085,47,140,-93
225000086,236,62,174
225000087,215,17,198
225000088,6,179,-173
225000089,338,1097,-759
225000090,57,452,-395
225000091,178,222,-44
225000092,30,61,-31
225000093,167,304,-137
225000094,17,340,-323
225000095,359,466,-107
225000096,332,565,-233
225000098,651,305,346
225000099,388,166,222
225000100,349,160,189
225000104,129,441,-312
225000110,11,428,-417
225000111,343,1354,-1011
225000112,533,1344,-811
225000113,287,593,-306
225000114,83,346,-263
225000115,2273,812,1461
225000116,961,214,747
225000117,896,323,573
225000118,969,349,620
225000119,270,117,153
225000120,710,61,649
225000121,263,28,235
225000123,1337,25,1312
225000125,334,224,110
225000126,935,195,740
225000127,865,1037,-172
225000128,487,760,-273
225000132,290,24,266
225000133,269,36,233
225000134,591,153,438
225000135,49,10,39
225000136,228,16,212
225000137,167,62,105
225000138,346,95,251
225000143,108,191,-83
225000144,6,353,-347
225000145,33,48,-15
225000146,45,119,-74
225000147,25,327,-302
225000148,6,250,-244
225000149,98,560,-462
225000151,36,284,-248
225000155,386,573,-187
225000156,265,1089,-824
225000157,317,423,-106
225000158,97,370,-273
225000171,2,193,-191
225000180,32,1,31
225000181,0,65,-65
225000182,138,21,117
225000185,13,371,-358
225000187,42,391,-349
225000191,94,1,93
225000194,0,4,-4
225000208,0,60,-60
225000209,109,27,82
225000210,5,311,-306
225000217,0,16,-16
225000218,60,1,59
225000223,1,40,-39
225000224,313,2,311
225000225,1,17,-16
225000226,75,3,72
225000227,54,113,-59
225000228,21,32,-11
225000229,0,66,-66
225000230,48,1,47
225000231,0,78,-78
225000232,137,0,137
225000241,51,4,47
225000242,1,38,-37
225000249,4,1,3
225000250,47,876,-829
225000251,305,45,260
225000254,7,4,3
225000256,29,143,-114
225000257,1,156,-155
226000042,475,398,77
226000043,60,293,-233
226000044,179,613,-434
226000045,71,462,-391
226000046,395,81,314
226000047,350,82,268
226000048,421,74,347
226000049,291,165,126
226000070,0,62,-62
226000071,0,62,-62
226000072,0,13,-13
226000073,0,17,-17
226000074,0,3,-3
226000084,3,81,-78
226000085,11,19,-8
226000086,4,8,-4
226000087,3,13,-10
226000088,91,35,56
226000090,329,101,228
226000091,31,26,5
226000092,5,5,0
226000093,47,1,46
226000094,38,3,35
226000095,70,6,64
226000105,16,1,15
226000106,18,0,18
226000107,1,0,1
226000108,40,0,40
226000109,60,0,60
226000124,169,72,97
226000134,603,491,112
226000135,1104,641,463
226000136,470,366,104
226000137,11,444,-433
226000138,11,250,-239
226000139,1,34,-33
226000156,224,4,220
226000157,179,8,171
226000163,151,110,41
226000202,6,474,-468
226000231,205,14,191
226000232,37,2,35
227000033,295,55,240
227000036,292,28,264
227000037,189,24,165
227000038,170,42,128
227000084,5,91,-86
227000085,3,51,-48
227000088,127,3,124
227000089,155,1,154
227000090,92,1,91
227000091,19,1,18
227000092,36,0,36
227000093,161,0,161
227000094,15,0,15
227000130,32,44,-12
227000131,20,214,-194
227000132,10,219,-209
227000133,9,222,-213
227000134,25,425,-400
227000152,0,2,-2
227000153,0,54,-54
227000154,0,20,-20
227000155,0,18,-18
227000156,2,24,-22
227000165,8,27,-19
227000196,307,347,-40
227000199,201,676,-475
227000230,25,584,-559
227000232,603,12,591
227000242,28,485,-457
227000243,331,68,263
227000245,8,513,-505
227000246,155,551,-396
227000247,338,96,242
227000248,169,27,142
227000249,27,168,-141
227000250,549,103,446
227000251,121,207,-86
227000252,26,412,-386
227000253,88,18,70
227000262,288,46,242
227000266,1395,23,1372
227000267,57,1776,-1719
227000282,6,239,-233
227000284,471,18,453
227000286,4,85,-81
227000291,13,665,-652
227000296,361,232,129
227000484,262,11,251
227000485,21,936,-915
227000655,163,10,153
227000656,643,27,616
227000657,47,12,35
227000704,92,10,82
229000265,8,6,2
229000266,4,1,3
229000267,6,0,6
229000268,27,0,27
229000269,72,1,71
229000274,0,57,-57
229000275,1,31,-30
229000276,0,29,-29
229000277,1,2,-1
229000278,4,8,-4
229000295,23,26,-3
229000296,28,11,17
229000297,11,41,-30
229000298,12,214,-202
229000320,17,9,8
229000321,54,23,31
229000412,50,78,-28
229000414,10,76,-66
229000415,35,2,33
229000416,4,6,-2
229000417,5,18,-13
229000419,167,386,-219
229000440,348,91,257
229000442,13,13,0
229000443,4,24,-20
229000444,16,31,-15
229000445,64,8,56
229000446,68,16,52
229000491,5,20,-15
229000492,18,170,-152
229000493,6,146,-140
229000494,23,3,20
229000495,104,6,98
229000496,54,0,54
229000507,0,74,-74
229000508,0,59,-59
229000509,0,62,-62
229000510,2,39,-37
229000511,14,75,-61
229000512,0,41,-41
229000513,0,11,-11
229000514,1,8,-7
229000517,2,20,-18
229000518,21,35,-14
229000519,4,11,-7
229000520,22,35,-13
229000521,23,9,14
229000522,15,11,4
229000523,7,5,2
229000524,1,3,-2
229000527,7,2,5
229000528,0,0,0
229000529,8,0,8
229000530,88,6,82
229000531,36,2,34
229000532,26,0,26
229000533,63,0,63
229000534,68,0,68
229000564,39,1,38
229000565,12,0,12
229000566,0,17,-17
229000567,0,55,-55
229000582,77,3,74
229000583,8,1,7
229000584,0,39,-39
229000585,4,92,-88
229000718,0,2,-2
229000719,0,1,-1
229000720,0,8,-8
229000721,0,13,-13
229000722,0,13,-13
229000723,0,8,-8
229000724,0,5,-5
229000725,0,5,-5
229000738,1,0,1
229000739,2,0,2
229000740,9,0,9
229000741,20,0,20
229000742,8,0,8
229000743,13,1,12
229000744,8,0,8
229000745,4,0,4
229000746,31,1,30
229000847,53,3,50
229000848,26,1,25
229000849,173,0,173
229000851,56,1,55
229000854,1,33,-32
229000856,0,137,-137
229000857,0,54,-54
229000858,1,73,-72
229000919,23,107,-84
229000930,6,282,-276
229000937,73,16,57
229000966,67,21,46
229000981,30,38,-8
229000985,15,48,-33
229000986,0,8,-8
229000987,0,1,-1
229000988,3,10,-7
229000989,53,7,46
229000990,8,0,8
229000991,0,4,-4
229000992,25,10,15
229000993,255,29,226
229000998,22,83,-61
229000999,66,28,38
229001034,5,24,-19
229001035,5,1,4
229001036,12,71,-59
229001037,47,0,47
229001038,0,8,-8
229001039,11,0,11
229001040,0,155,-155
229001041,72,2,70
229001042,13,21,-8
229001047,13,84,-71
229001050,55,9,46
229001168,0,14,-14
229001200,12,2,10
229001338,7,50,-43
229001394,170,3,167
229001422,111,28,83
229001423,46,153,-107
229001431,40,48,-8
229001432,69,83,-14
229001444,156,61,95
229001445,68,250,-182
229001479,11,4,7
229001503,153,79,74
229001504,158,175,-17
229001505,91,26,65
229001506,81,164,-83
229001509,101,7,94
229001510,10,52,-42
229001545,91,14,77
229001546,22,125,-103
229001553,75,14,61
229001554,34,119,-85
229001630,57,21,36
229001631,22,44,-22
229001635,0,19,-19
229001636,16,5,11
229001658,0,153,-153
229001659,62,3,59
229001660,9,5,4
229001661,46,30,16
229001662,38,0,38
229001663,1,15,-14
229002584,256,255,1
229002831,323,328,-5
229002841,6,20,-14
229002842,26,23,3
229002843,143,18,125
229002844,173,73,100
229002845,50,85,-35
229002846,44,36,8
229002847,2,9,-7
229002848,13,9,4
229002849,39,86,-47
229002850,26,4,22
229002851,81,117,-36
229002852,231,27,204
229002853,151,14,137
229002854,70,52,18
229002855,23,30,-7
229002856,96,19,77
229002857,7,59,-52
229002858,30,20,10
229002859,128,80,48
229002860,251,33,218
229002861,75,29,46
229002862,53,24,29
229002863,66,19,47
229002864,42,28,14
229002865,12,18,-6
229002866,10,11,-1
229002867,4,32,-28
229002868,25,9,16
229002869,41,180,-139
229002870,30,8,22
235000066,84,19,65
235000067,276,82,194
235000072,36,262,-226
235000073,14,91,-77
235000074,13,16,-3
235000080,15,92,-77
235000081,91,175,-84
235000082,184,63,121
235000083,189,64,125
235000084,95,40,55
235000085,87,31,56
235000089,3,12,-9
235000092,2,28,-26
235000093,14,4,10
235000097,4,8,-4
235000098,50,22,28
235000099,5,2,3
235000115,120,85,35
235000116,41,21,20
235000117,786,23,763
235000133,2,292,-290
235000134,6,117,-111
235000206,3,1,2
235000207,10,1,9
235000208,0,1,-1
235000209,7,0,7
235000210,24,4,20
235000212,5,9,-4
235000213,1,0,1
235000220,3,6,-3
235000221,44,8,36
235000238,22,67,-45
235000239,5,9,-4
235000242,307,647,-340
235000245,884,163,721
235000246,12,76,-64
235000284,5,102,-97
235000295,117,17,100
235000305,205,15,190
235000306,163,9,154
235000307,50,2,48
235000308,23,2,21
235000309,62,0,62
235000310,75,0,75
235000311,186,6,180
235000322,0,29,-29
235000323,0,64,-64
235000324,0,26,-26
235000325,1,9,-8
235000326,7,261,-254
235000351,3,70,-67
235000352,58,58,0
235000353,3,34,-31
235000354,44,43,1
235000355,6,76,-70
235000356,378,15,363
235000357,89,11,78
235000358,95,6,89
235000359,11,8,3
235000360,186,37,149
235000361,56,16,40
235000381,74,235,-161
235000382,176,33,143
235000390,12,1,11
235000391,92,21,71
235000392,120,224,-104
235000393,80,165,-85
235000395,106,35,71
235000396,492,75,417
235000399,147,8,139
235000400,135,26,109
235000401,43,218,-175
235000402,29,120,-91
235000405,102,304,-202
235000406,51,317,-266
235000407,67,136,-69
235000409,162,151,11
235000410,13,63,-50
235000411,2,102,-100
235000485,0,3,-3
235000486,24,16,8
235000549,105,200,-95
235000550,52,241,-189
235000599,50,42,8
235000600,5,8,-3
235000601,16,23,-7
235000602,63,64,-1
235000614,0,2,-2
235000648,0,22,-22
235000649,40,15,25
235000685,1,1,0
235000815,9,23,-14
235000834,0,7,-7
235000855,58,50,8
235000862,63,202,-139
235000891,0,10,-10
235000892,52,2,50
235000901,55,93,-38
235000907,4,8,-4
235001010,75,88,-13
235001029,164,113,51
235001030,287,293,-6
235001078,104,85,19
235001079,83,132,-49
235001147,19,82,-63
235001166,27,72,-45
235001167,32,43,-11
235001169,17,324,-307
235001188,0,4,-4
235001189,0,0,0
235001197,4,17,-13
235001200,34,29,5
235001208,3,6,-3
235001209,8,15,-7
235001210,5,30,-25
235001239,0,35,-35
235001244,0,1,-1
235016267,1,24,-23
235900013,0,0,0
235900014,0,0,0
241900007,54,1,53
277101746,0,0,0
277102712,0,0,0
277103813,0,0,0
277103814,0,0,0
277103898,0,5,-5
990010990,24,172,-148
990011530,0,261,-261
990014944,3,619,-616
990015176,30,5,25
990015618,0,109,-109
990015888,19,26,-7
990016032,1,600,-599
990032570,9,322,-313
990070001,124,35,89
990070103,1,1,0
990070601,0,88,-88
990070751,660,2,658
990070766,2,541,-539
990071180,622,227,395
990071343,30,0,30
990071387,0,24,-24
990071823,562,3,559
990072600,3,671,-668
990072964,2,474,-472
990073285,0,1,-1
990074393,3,1184,-1181
990074714,7,38,-31
990074870,1164,20,1144
990075106,1032,9,1023
990075746,517,32,485
990076437,1172,5,1167
990076458,2,1045,-1043
997000007,442,9,433
997000041,0,187,-187
997000058,40,0,40
997000062,131,0,131
997000069,0,5,-5
997000070,0,41,-41
997000100,33,0,33
997000141,20,3000,-2980
997000198,12,1398,-1386
998000475,15,49,-34
998000736,2,195,-193
998000965,0,39,-39
998001031,0,89,-89
998001072,465,296,169
998001091,2,3,-1
998001093,3,0,3
998001103,0,9,-9
998001105,1,17,-16
998001700,1,46,-45
998001899,0,1,-1
998001900,6,0,6
998003073,1250,3,1247
998003124,25,19,6
998003125,13,76,-63
998101900,0,0,0
998102850,6,110,-104
998501819,2,0,2
998501820,0,0,0
998501832,57,99,-42
998501927,890,456,434
998501929,77,6,71
998501930,67,0,67
998501931,120,1,119
998501932,2,0,2
998501933,79,2,77
998501937,16,0,16
998501944,84,74,10
998501950,0,0,0
998501970,32,9,23
998501971,0,90,-90
998501972,477,7,470
998501973,0,73,-73
998501974,4,260,-256
998501975,518,5,513
998501976,90,31,59
998501977,1,29,-28
998501978,45,1,44
998501979,0,16,-16
998501980,104,4,100
998501981,42,4,38
998501982,2,179,-177
998502006,0,0,0
998502024,0,3,-3
998502032,0,5,-5
998502062,18,2,16
998502063,0,0,0
998502173,24,0,24
998502269,0,1,-1
998601159,0,216,-216
998601292,0,23,-23
999033574,1,90,-89
999800001,67,10,57
999800002,0,3,-3
999800003,1,1,0
999800004,0,5,-5
999800005,0,6,-6
