dong,insum,outsum,diff
강남구 개포1동,530,1208,-678
강남구 개포2동,10968,19246,-8278
강남구 개포4동,5757,9935,-4178
강남구 논현1동,33580,29393,4187
강남구 논현2동,22909,20207,2702
강남구 대치1동,30198,15382,14816
강남구 대치2동,36614,22919,13695
강남구 대치4동,34904,18354,16550
강남구 도곡1동,18238,16448,1790
강남구 도곡2동,7205,5820,1385
강남구 삼성1동,43603,26006,17597
강남구 삼성2동,15478,12098,3380
강남구 세곡동,12696,32616,-19920
강남구 수서동,30858,11653,19205
강남구 신사동,30436,14316,16120
강남구 압구정동,42408,24215,18193
강남구 역삼1동,80434,44576,35858
강남구 역삼2동,20659,19888,771
강남구 일원1동,6177,9481,-3304
강남구 일원2동,3774,3279,495
강남구 일원본동,6850,13152,-6302
강남구 청담동,30193,24842,5351
강동구 강일동,6342,18182,-11840
강동구 고덕제1동,4375,8130,-3755
강동구 고덕제2동,7347,6939,408
강동구 길동,9197,11076,-1879
강동구 둔촌제1동,216,293,-77
강동구 둔촌제2동,9734,9266,468
강동구 명일제1동,13343,11899,1444
강동구 명일제2동,10970,7056,3914
강동구 상일동,17005,11788,5217
강동구 성내제1동,8365,9913,-1548
강동구 성내제2동,8883,9357,-474
강동구 성내제3동,11252,9879,1373
강동구 암사제1동,4683,11761,-7078
강동구 암사제2동,2541,2184,357
강동구 암사제3동,791,931,-140
강동구 천호제1동,3744,8024,-4280
강동구 천호제2동,20198,14083,6115
강동구 천호제3동,8578,6543,2035
강북구 미아동,18680,13117,5563
강북구 번1동,46162,31224,14938
강북구 번2동,5100,12541,-7441
강북구 번3동,8777,20368,-11591
강북구 삼각산동,4408,9521,-5113
강북구 삼양동,9488,19316,-9828
강북구 송중동,69247,51614,17633
강북구 송천동,18755,22152,-3397
강북구 수유1동,9455,14081,-4626
강북구 수유2동,7270,14176,-6906
강북구 수유3동,39545,25161,14384
강북구 우이동,10239,11814,-1575
강북구 월곡제1동,1246,1111,135
강북구 인수동,7448,17071,-9623
강서구 가양제1동,17690,11013,6677
강서구 가양제2동,1830,2989,-1159
강서구 가양제3동,2012,3326,-1314
강서구 공항동,12501,10293,2208
강서구 등촌제1동,14918,18819,-3901
강서구 등촌제2동,5910,12992,-7082
강서구 등촌제3동,22583,18963,3620
강서구 발산제1동,21495,20937,558
강서구 방화제1동,9584,12007,-2423
강서구 방화제2동,8680,6598,2082
강서구 방화제3동,1431,1832,-401
강서구 염창동,7489,13590,-6101
강서구 우장산동,12898,16018,-3120
강서구 화곡본동,6070,11481,-5411
강서구 화곡제1동,32410,34570,-2160
강서구 화곡제2동,3244,8942,-5698
강서구 화곡제3동,12061,9808,2253
강서구 화곡제4동,5025,10114,-5089
강서구 화곡제6동,16955,18989,-2034
강서구 화곡제8동,17000,11906,5094
관악구 낙성대동,32630,45167,-12537
관악구 난곡동,6503,20287,-13784
관악구 난향동,3872,9989,-6117
관악구 남현동,12367,12745,-378
관악구 대학동,37520,26450,11070
관악구 미성동,15496,25973,-10477
관악구 보라매동,13276,18589,-5313
관악구 삼성동,9491,28014,-18523
관악구 서림동,13422,24467,-11045
관악구 서원동,55511,34300,21211
관악구 성현동,7182,23575,-16393
관악구 신림동,59344,34156,25188
관악구 신사동,9735,16662,-6927
관악구 신원동,3138,5814,-2676
관악구 은천동,20757,21429,-672
관악구 인헌동,9695,12085,-2390
관악구 조원동,34383,22975,11408
관악구 중앙동,8455,6621,1834
관악구 청룡동,33918,15245,18673
관악구 청림동,2061,7278,-5217
관악구 행운동,41275,30648,10627
광진구 광장동,6734,6432,302
광진구 구의제1동,11049,12606,-1557
광진구 구의제2동,9098,16032,-6934
광진구 구의제3동,14243,7372,6871
광진구 군자동,11420,16011,-4591
광진구 능동,10158,11743,-1585
광진구 자양제1동,2798,3745,-947
광진구 자양제2동,13441,23346,-9905
광진구 자양제3동,6077,6579,-502
광진구 자양제4동,23334,19675,3659
광진구 중곡제1동,5025,6724,-1699
광진구 중곡제2동,7419,9778,-2359
광진구 중곡제3동,5416,8786,-3370
광진구 중곡제4동,4656,8955,-4299
광진구 화양동,21820,15376,6444
구로구 가리봉동,9817,8223,1594
구로구 개봉제1동,29169,30047,-878
구로구 개봉제2동,20392,18798,1594
구로구 개봉제3동,3797,10105,-6308
구로구 고척제1동,17116,20362,-3246
구로구 고척제2동,9550,20583,-11033
구로구 구로제1동,5514,10137,-4623
구로구 구로제2동,26654,31003,-4349
구로구 구로제3동,69374,23999,45375
구로구 구로제4동,18923,13709,5214
구로구 구로제5동,32744,20957,11787
구로구 수궁동,24310,21856,2454
구로구 신도림동,38039,21866,16173
구로구 오류제1동,9811,14187,-4376
구로구 오류제2동,10348,11247,-899
구로구 항동,908,6002,-5094
금천구 가산동,59370,29142,30228
금천구 독산제1동,30208,43997,-13789
금천구 독산제2동,9227,17827,-8600
금천구 독산제3동,14816,23478,-8662
금천구 독산제4동,10108,8316,1792
금천구 미성동,91,510,-419
금천구 시흥제1동,30544,36941,-6397
금천구 시흥제2동,5814,16486,-10672
금천구 시흥제3동,9394,10367,-973
금천구 시흥제4동,3958,8487,-4529
금천구 시흥제5동,13001,17483,-4482
노원구 공릉1동,16892,17015,-123
노원구 공릉2동,16646,19454,-2808
노원구 상계10동,13337,5308,8029
노원구 상계1동,12385,14767,-2382
노원구 상계2동,20790,12358,8432
노원구 상계3.4동,1753,5081,-3328
노원구 상계5동,10313,10646,-333
노원구 상계6.7동,22714,12720,9994
노원구 상계8동,3091,5686,-2595
노원구 상계9동,5118,8571,-3453
노원구 월계1동,41467,24479,16988
노원구 월계2동,7179,13389,-6210
노원구 월계3동,7851,11464,-3613
노원구 중계1동,9817,11360,-1543
노원구 중계2.3동,16472,12680,3792
노원구 중계4동,8968,8916,52
노원구 중계본동,12670,12092,578
노원구 하계1동,17859,15483,2376
노원구 하계2동,10295,10003,292
도봉구 도봉제1동,8260,9671,-1411
도봉구 도봉제2동,12495,13579,-1084
도봉구 방학제1동,12946,18422,-5476
도봉구 방학제2동,3093,11223,-8130
도봉구 방학제3동,5551,12207,-6656
도봉구 쌍문제1동,6823,17392,-10569
도봉구 쌍문제2동,8200,12387,-4187
도봉구 쌍문제3동,9507,7218,2289
도봉구 쌍문제4동,5136,12514,-7378
도봉구 창제1동,35072,14150,20922
도봉구 창제2동,5079,13825,-8746
도봉구 창제3동,5392,12760,-7368
도봉구 창제4동,22233,17095,5138
도봉구 창제5동,16203,14933,1270
동대문구 답십리제1동,11273,16942,-5669
동대문구 답십리제2동,12724,16924,-4200
동대문구 면목제5동,81,49,32
동대문구 용신동,45174,40246,4928
동대문구 이문제1동,13572,13609,-37
동대문구 이문제2동,4871,6316,-1445
동대문구 장안제1동,27281,23483,3798
동대문구 장안제2동,16153,23772,-7619
동대문구 전농제1동,16202,23851,-7649
동대문구 전농제2동,10716,14306,-3590
동대문구 제기동,26144,24390,1754
동대문구 청량리동,44960,29015,15945
동대문구 회기동,13388,8349,5039
동대문구 휘경제1동,21711,20055,1656
동대문구 휘경제2동,13895,16404,-2509
동작구 노량진제1동,61249,43417,17832
동작구 노량진제2동,29219,16096,13123
동작구 대방동,37456,43944,-6488
동작구 사당제1동,16644,18318,-1674
동작구 사당제2동,31520,25304,6216
동작구 사당제3동,5091,14152,-9061
동작구 사당제4동,907,1255,-348
동작구 사당제5동,5815,10322,-4507
동작구 상도제1동,52089,53317,-1228
동작구 상도제2동,16843,24322,-7479
동작구 상도제3동,11082,19687,-8605
동작구 상도제4동,5706,20464,-14758
동작구 신대방제1동,7481,7781,-300
동작구 신대방제2동,18865,22043,-3178
동작구 흑석동,30346,30473,-127
마포구 공덕동,13129,17152,-4023
마포구 대흥동,26821,17168,9653
마포구 도화동,9767,8611,1156
마포구 망원제1동,6177,10693,-4516
마포구 망원제2동,5512,7990,-2478
마포구 상암동,40627,32271,8356
마포구 서강동,8399,10733,-2334
마포구 서교동,120757,60966,59791
마포구 성산제1동,9463,15016,-5553
마포구 성산제2동,14447,23999,-9552
마포구 신수동,2511,5702,-3191
마포구 아현동,16908,20026,-3118
마포구 연남동,6208,7155,-947
마포구 염리동,3545,4587,-1042
마포구 용강동,13199,13174,25
마포구 합정동,15780,13791,1989
서대문구 남가좌제1동,7804,11291,-3487
서대문구 남가좌제2동,14581,21695,-7114
서대문구 북가좌제1동,3275,8526,-5251
서대문구 북가좌제2동,8273,18079,-9806
서대문구 북아현동,12852,15835,-2983
서대문구 신촌동,110938,52334,58604
서대문구 연희동,44240,56052,-11812
서대문구 천연동,16775,19863,-3088
서대문구 충현동,28726,32409,-3683
서대문구 홍은제1동,11061,20423,-9362
서대문구 홍은제2동,24898,33610,-8712
서대문구 홍제제1동,23590,18080,5510
서대문구 홍제제2동,13888,19859,-5971
서대문구 홍제제3동,13658,12689,969
서초구 내곡동,7848,11086,-3238
서초구 반포1동,19938,18665,1273
서초구 반포2동,7884,6045,1839
서초구 반포3동,31351,15003,16348
서초구 반포4동,30053,18841,11212
서초구 반포본동,9809,7823,1986
서초구 방배1동,16025,12791,3234
서초구 방배2동,17533,16574,959
서초구 방배3동,9459,11455,-1996
서초구 방배4동,12925,15510,-2585
서초구 방배본동,8306,10532,-2226
서초구 서초1동,14047,13163,884
서초구 서초2동,33512,28995,4517
서초구 서초3동,35182,25373,9809
서초구 서초4동,36052,25604,10448
서초구 양재1동,51271,49758,1513
서초구 양재2동,24357,23977,380
서초구 잠원동,15195,22840,-7645
성동구 금호1가동,4491,9095,-4604
성동구 금호2.3가동,10113,12049,-1936
성동구 금호4가동,5621,9222,-3601
성동구 마장동,7301,9727,-2426
성동구 사근동,10216,5716,4500
성동구 성수1가제1동,6833,5906,927
성동구 성수1가제2동,5277,4145,1132
성동구 성수2가제1동,4857,6345,-1488
성동구 성수2가제3동,7822,4779,3043
성동구 송정동,2378,4753,-2375
성동구 옥수동,13529,14312,-783
성동구 왕십리도선동,15657,9310,6347
성동구 왕십리제2동,7387,13249,-5862
성동구 용답동,9238,8505,733
성동구 응봉동,2723,10316,-7593
성동구 행당제1동,22902,10389,12513
성동구 행당제2동,9484,11164,-1680
성북구 길음제1동,19328,23534,-4206
성북구 길음제2동,12010,15503,-3493
성북구 돈암제1동,23060,21186,1874
성북구 돈암제2동,2908,10654,-7746
성북구 동선동,43070,28436,14634
성북구 보문동,7635,10496,-2861
성북구 삼선동,40945,38646,2299
성북구 석관동,7568,13100,-5532
성북구 성북동,19001,18960,41
성북구 안암동,14839,14165,674
성북구 월곡제1동,15142,18366,-3224
성북구 월곡제2동,11751,8954,2797
성북구 장위제1동,5322,17476,-12154
성북구 장위제2동,9904,10855,-951
성북구 장위제3동,4271,7771,-3500
성북구 정릉제1동,10007,17719,-7712
성북구 정릉제2동,10888,27607,-16719
성북구 정릉제3동,17181,11068,6113
성북구 정릉제4동,14380,21292,-6912
성북구 종암동,22913,32635,-9722
송파구 가락1동,3592,4400,-808
송파구 가락2동,12942,17002,-4060
송파구 가락본동,17586,16318,1268
송파구 거여1동,3085,4832,-1747
송파구 거여2동,1007,1387,-380
송파구 마천1동,2193,4997,-2804
송파구 마천2동,5574,12714,-7140
송파구 문정1동,4530,7560,-3030
송파구 문정2동,27139,20500,6639
송파구 방이1동,6571,8109,-1538
송파구 방이2동,15470,12564,2906
송파구 삼전동,9576,18035,-8459
송파구 석촌동,19204,25970,-6766
송파구 송파1동,12977,13526,-549
송파구 송파2동,4217,5253,-1036
송파구 오금동,14638,17195,-2557
송파구 오륜동,7991,6206,1785
송파구 위례동,8053,14784,-6731
송파구 잠실2동,3884,5459,-1575
송파구 잠실3동,56546,21243,35303
송파구 잠실4동,531,957,-426
송파구 잠실6동,23285,9324,13961
송파구 잠실7동,9749,5015,4734
송파구 잠실본동,24034,23452,582
송파구 장지동,9147,11202,-2055
송파구 풍납1동,5342,4513,829
송파구 풍납2동,6826,10871,-4045
양천구 목1동,49109,20321,28788
양천구 목2동,23547,26792,-3245
양천구 목3동,14512,18303,-3791
양천구 목4동,8594,21090,-12496
양천구 목5동,19715,20791,-1076
양천구 신월1동,3559,4409,-850
양천구 신월2동,3749,10799,-7050
양천구 신월3동,4469,7655,-3186
양천구 신월4동,4678,11342,-6664
양천구 신월5동,4160,10086,-5926
양천구 신월6동,2835,4690,-1855
양천구 신월7동,7021,16370,-9349
양천구 신정1동,7532,8001,-469
양천구 신정2동,4383,5199,-816
양천구 신정3동,18352,30120,-11768
양천구 신정4동,31926,17694,14232
양천구 신정6동,5084,5459,-375
양천구 신정7동,7004,11027,-4023
영등포구 당산제1동,13131,9298,3833
영등포구 당산제2동,36408,21223,15185
영등포구 대림제1동,8914,12079,-3165
영등포구 대림제2동,5607,6273,-666
영등포구 대림제3동,8910,13863,-4953
영등포구 도림동,5311,15973,-10662
영등포구 문래동,17479,15565,1914
영등포구 신길제1동,5503,9949,-4446
영등포구 신길제3동,6591,14773,-8182
영등포구 신길제4동,2469,6102,-3633
영등포구 신길제5동,9066,9248,-182
영등포구 신길제6동,9038,16501,-7463
영등포구 신길제7동,9132,15066,-5934
영등포구 양평제1동,7052,7843,-791
영등포구 양평제2동,10691,12260,-1569
영등포구 여의동,87982,40175,47807
영등포구 영등포동,73829,41097,32732
영등포구 영등포본동,21379,16637,4742
용산구 남영동,35686,28586,7100
용산구 보광동,4628,8309,-3681
용산구 서빙고동,8361,11142,-2781
용산구 용문동,2553,4359,-1806
용산구 용산2가동,8935,14822,-5887
용산구 원효로제1동,9188,12353,-3165
용산구 원효로제2동,4549,10298,-5749
용산구 이촌제1동,10811,10194,617
용산구 이촌제2동,1547,4479,-2932
용산구 이태원제1동,13778,15299,-1521
용산구 이태원제2동,6144,8053,-1909
용산구 청파동,12777,15920,-3143
용산구 필동,6504,561,5943
용산구 한강로동,51478,32134,19344
용산구 한남동,43859,34830,9029
용산구 효창동,4460,10062,-5602
용산구 후암동,7499,11596,-4097
은평구 갈현제1동,4869,13220,-8351
은평구 갈현제2동,18536,17392,1144
은평구 구산동,7166,12103,-4937
은평구 녹번동,26434,21226,5208
은평구 대조동,32984,25529,7455
은평구 불광제1동,30784,23984,6800
은평구 불광제2동,12407,19564,-7157
은평구 수색동,4803,9107,-4304
은평구 신사제1동,12713,19020,-6307
은평구 신사제2동,14057,17394,-3337
은평구 역촌동,17266,20382,-3116
은평구 응암제1동,14220,21915,-7695
은평구 응암제2동,4015,10914,-6899
은평구 응암제3동,9761,15155,-5394
은평구 증산동,19534,15563,3971
은평구 진관동,26083,31242,-5159
종로구 가회동,1581,3287,-1706
종로구 교남동,8128,6515,1613
종로구 무악동,4643,6337,-1694
종로구 부암동,14444,14904,-460
종로구 사직동,57160,26779,30381
종로구 삼청동,7381,3693,3688
종로구 숭인제1동,780,2472,-1692
종로구 숭인제2동,8974,8814,160
종로구 이화동,24431,13659,10772
종로구 종로1.2.3.4가동,148446,44781,103665
종로구 종로5.6가동,18603,9518,9085
종로구 창신제1동,16779,10913,5866
종로구 창신제2동,3327,5103,-1776
종로구 창신제3동,3363,4877,-1514
종로구 청운효자동,7388,9265,-1877
종로구 충현동,2653,1905,748
종로구 평창동,10411,15285,-4874
종로구 혜화동,45456,23345,22111
중구 광희동,23589,14757,8832
중구 다산동,4471,7200,-2729
중구 동화동,1505,1975,-470
중구 명동,49666,18858,30808
중구 소공동,61516,18121,43395
중구 신당동,5369,5393,-24
중구 신당제5동,13049,7847,5202
중구 약수동,6067,5864,203
중구 을지로동,6283,2619,3664
중구 장충동,6052,3576,2476
중구 중림동,9728,6361,3367
중구 청구동,5405,5127,278
중구 필동,5949,4738,1211
중구 황학동,5298,5547,-249
중구 회현동,51548,36847,14701
중랑구 망우본동,17270,18296,-1026
중랑구 망우제3동,3416,8063,-4647
중랑구 면목본동,21420,21036,384
중랑구 면목제2동,3998,8668,-4670
중랑구 면목제3.8동,20596,18036,2560
중랑구 면목제4동,5757,9498,-3741
중랑구 면목제5동,4214,8032,-3818
중랑구 면목제7동,3599,6848,-3249
중랑구 묵제1동,11515,13095,-1580
중랑구 묵제2동,2694,3847,-1153
중랑구 상봉제1동,9365,9759,-394
중랑구 상봉제2동,26046,21270,4776
중랑구 신내1동,11316,26104,-14788
중랑구 신내2동,18226,13787,4439
중랑구 중화제1동,5066,9688,-4622
중랑구 중화제2동,15303,15813,-510
NA,346673,456125,-109452
