ID,insum,outsum,diff
100000001,851,1060,-209
100000002,3335,3002,333
100000003,7257,5794,1463
100000004,1516,1518,-2
100000005,2916,6299,-3383
100000006,694,208,486
100000007,2141,928,1213
100000008,243,594,-351
100000009,468,345,123
100000010,102,107,-5
100000011,1269,143,1126
100000012,108,927,-819
100000013,30,292,-262
100000014,282,405,-123
100000015,2300,2907,-607
100000016,1034,1716,-682
100000017,497,1134,-637
100000018,1578,838,740
100000019,4923,2598,2325
100000020,2616,8014,-5398
100000021,5836,3218,2618
100000022,1635,3368,-1733
100000023,5788,2671,3117
100000025,1292,1669,-377
100000028,1610,1841,-231
100000029,333,564,-231
100000030,196,98,98
100000031,4635,7470,-2835
100000032,2583,4739,-2156
100000033,1110,3319,-2209
100000034,400,731,-331
100000035,1652,2289,-637
100000036,2049,1616,433
100000037,813,485,328
100000038,2663,1203,1460
100000039,726,589,137
100000040,193,166,27
100000041,1522,616,906
100000042,1414,525,889
100000043,1322,528,794
100000044,416,1017,-601
100000045,521,1292,-771
100000046,735,880,-145
100000047,410,517,-107
100000048,678,639,39
100000049,1602,1589,13
100000051,474,914,-440
100000053,274,10,264
100000054,605,49,556
100000055,1360,223,1137
100000056,654,521,133
100000057,2499,794,1705
100000058,1128,1073,55
100000059,19,145,-126
100000060,530,354,176
100000061,2718,612,2106
100000062,2577,708,1869
100000063,993,281,712
100000064,1543,417,1126
100000065,445,822,-377
100000066,213,660,-447
100000067,583,642,-59
100000068,577,1507,-930
100000069,349,1214,-865
100000072,283,992,-709
100000073,1206,1039,167
100000075,789,345,444
100000076,2230,3459,-1229
100000077,239,302,-63
100000078,65,62,3
100000079,56,119,-63
100000080,41,57,-16
100000081,191,246,-55
100000102,2842,2886,-44
100000103,2685,2246,439
100000104,4420,3482,938
100000105,2571,2247,324
100000106,3020,3136,-116
100000107,706,1479,-773
100000108,840,1733,-893
100000109,2088,1682,406
100000116,1461,1237,224
100000117,113,140,-27
100000118,1464,1767,-303
100000119,738,967,-229
100000121,506,555,-49
100000122,984,1499,-515
100000123,2950,4712,-1762
100000124,4066,6887,-2821
100000125,4030,2253,1777
100000126,838,642,196
100000127,1711,519,1192
100000128,1307,3227,-1920
100000129,617,593,24
100000130,592,576,16
100000131,2582,3209,-627
100000132,1430,4171,-2741
100000133,4394,2339,2055
100000135,718,1393,-675
100000139,480,442,38
100000140,475,445,30
100000142,599,652,-53
100000143,885,495,390
100000144,3646,996,2650
100000147,1415,3702,-2287
100000150,63,408,-345
100000151,1427,1494,-67
100000153,322,559,-237
100000154,86,396,-310
100000155,26,75,-49
100000156,554,460,94
100000157,191,220,-29
100000158,335,122,213
100000159,219,888,-669
100000165,1767,984,783
100000169,245,794,-549
100000174,696,867,-171
100000179,114,835,-721
100000180,3944,5373,-1429
100000181,906,317,589
100000188,106,247,-141
100000189,1430,547,883
100000190,949,1266,-317
100000191,898,757,141
100000192,77,129,-52
100000193,366,244,122
100000330,1260,1161,99
100000355,267,983,-716
100000362,3948,2883,1065
100000363,5232,5169,63
100000364,236,343,-107
100000365,6695,8198,-1503
100000366,5999,3296,2703
100000367,6479,8117,-1638
100000368,2365,1514,851
100000369,1368,2298,-930
100000370,246,1067,-821
100000376,56,240,-184
100000379,2331,2472,-141
100000380,4565,5765,-1200
100000384,6017,6589,-572
100000385,4002,5526,-1524
100000386,7332,6285,1047
100000387,5467,7070,-1603
100000388,6983,7777,-794
100000389,8658,7877,781
100000390,9750,8120,1630
100000391,7312,10705,-3393
100000392,3588,4889,-1301
100000393,3183,5853,-2670
100000394,8086,10571,-2485
100000395,6118,5082,1036
100000396,7853,4654,3199
100000397,5903,7927,-2024
100000398,11351,8671,2680
100900002,8,29,-21
100900003,411,238,173
100900004,32,1232,-1200
100900005,141,21,120
100900006,35,96,-61
100900007,526,11,515
100900008,6,384,-378
100900009,101,170,-69
100900010,104,52,52
100900011,198,203,-5
100900012,2,189,-187
100900013,1230,9,1221
100900014,5,11,-6
100900015,115,66,49
100900016,2,37,-35
100900017,1100,84,1016
100900018,0,21,-21
100900019,41,182,-141
100900020,384,16,368
100900021,550,0,550
100900022,31,50,-19
100900023,0,32,-32
100900024,677,3,674
100900025,18,22,-4
100900026,164,140,24
100900027,818,3340,-2522
100900028,117,299,-182
100900029,70,8,62
100900030,5,134,-129
100900031,626,54,572
100900032,298,0,298
100900033,314,283,31
100900034,774,10,764
100900035,438,2,436
100900036,23,0,23
100900037,172,203,-31
100900038,79,47,32
100900039,243,507,-264
100900040,492,557,-65
100900041,969,581,388
100900042,1323,1951,-628
100900043,1,16,-15
100900044,1710,663,1047
100900045,6,5,1
100900046,1787,13,1774
100900047,977,318,659
100900048,215,67,148
100900049,109,193,-84
100900050,8,11,-3
100900051,86,150,-64
100900052,545,74,471
100900053,500,29,471
100900054,20,73,-53
100900055,430,967,-537
100900056,118,213,-95
100900057,2019,1085,934
100900058,458,103,355
100900059,175,5,170
100900060,242,3,239
100900061,351,218,133
100900062,8,38,-30
100900063,352,863,-511
100900064,935,21,914
100900065,152,139,13
100900066,194,140,54
100900067,11,9,2
100900068,103,89,14
100900069,428,12,416
100900070,450,10,440
100900071,762,222,540
100900072,5,59,-54
100900073,136,330,-194
100900074,5,12,-7
100900075,1840,436,1404
100900076,17,53,-36
100900077,28,72,-44
100900078,111,430,-319
100900079,13,54,-41
100900080,58,204,-146
100900081,35,177,-142
100900082,166,382,-216
100900083,19,30,-11
100900085,31,439,-408
100900086,207,1046,-839
100900088,130,377,-247
100900089,11,16,-5
100900090,148,761,-613
100900091,7,32,-25
100900092,256,224,32
100900093,303,425,-122
100900094,167,413,-246
100900095,5,29,-24
100900096,93,146,-53
100900097,0,2,-2
100900098,43,24,19
100900099,38,549,-511
100900100,26,676,-650
100900101,325,65,260
100900102,109,191,-82
100900103,19,19,0
100900104,13,236,-223
100900105,39,690,-651
100900106,59,8,51
100900107,2001,832,1169
100900108,17,61,-44
100900109,25,47,-22
100900110,6,16,-10
100900111,74,236,-162
100900112,11,34,-23
100900113,31,42,-11
100900114,18,21,-3
100900115,4,26,-22
100900116,965,868,97
100900117,400,1108,-708
100900118,31,52,-21
100900119,39,23,16
100900120,7,6,1
100900121,466,703,-237
100900122,152,225,-73
100900123,209,160,49
100900124,24,14,10
100900125,37,113,-76
100900126,229,208,21
100900127,2,13,-11
100900128,169,285,-116
100900129,1,350,-349
100900131,174,270,-96
100900133,102,52,50
100900134,4,4,0
100900135,4,295,-291
100900137,394,177,217
100900138,576,490,86
100900139,9,8,1
100900140,3,471,-468
100900141,10,742,-732
100900142,0,12,-12
100900143,830,596,234
100900144,23,16,7
100900145,152,231,-79
100900146,19,78,-59
100900147,26,1052,-1026
100900148,46,515,-469
100900149,31,456,-425
100900150,9,81,-72
100900151,160,487,-327
100900152,438,9,429
100900153,16,253,-237
100900154,10,84,-74
100900155,22,17,5
100900156,50,5,45
100900157,14,267,-253
100900158,1144,164,980
100900159,3,29,-26
100900160,56,7,49
100900161,90,8,82
100900162,24,520,-496
100900163,203,205,-2
100900164,52,54,-2
100900165,24,32,-8
100900166,46,6,40
100900167,26,100,-74
100900168,62,187,-125
100900169,122,994,-872
100900170,33,8,25
100900171,19,514,-495
100900172,0,35,-35
100900173,13,354,-341
100900174,455,58,397
100900176,2032,284,1748
100900177,701,362,339
100900178,275,155,120
100900179,318,513,-195
100900180,3,4,-1
100900181,149,122,27
100900182,101,34,67
100900184,40,208,-168
100900186,639,443,196
100900187,23,102,-79
100900188,38,13,25
100900189,2098,230,1868
100900191,1118,1168,-50
100900192,290,494,-204
100900195,128,184,-56
100900197,19,41,-22
100900198,51,164,-113
100900199,3,12,-9
100900200,729,368,361
100900201,142,830,-688
100900202,70,1,69
100900203,0,148,-148
100900204,764,1703,-939
100900205,169,578,-409
100900206,222,109,113
100900207,350,137,213
100900210,123,420,-297
100900211,737,214,523
100900213,235,77,158
100900214,568,147,421
100900215,18,37,-19
100900217,4,7,-3
101000001,4309,2890,1419
101000002,7361,8029,-668
101000003,500,1637,-1137
101000004,8207,6951,1256
101000005,4801,5628,-827
101000006,6990,7221,-231
101000007,3661,4624,-963
101000008,2801,2665,136
101000009,2083,1171,912
101000010,884,983,-99
101000011,1504,614,890
101000012,1200,911,289
101000013,755,1455,-700
101000014,497,684,-187
101000015,1603,1081,522
101000016,443,684,-241
101000017,648,628,20
101000018,2489,3055,-566
101000020,2192,1284,908
101000021,826,538,288
101000022,248,139,109
101000023,1298,829,469
101000025,280,450,-170
101000026,316,34,282
101000027,2130,3220,-1090
101000028,1058,341,717
101000029,334,2630,-2296
101000030,2356,192,2164
101000031,1533,1648,-115
101000032,9739,6253,3486
101000033,2687,4614,-1927
101000034,2355,2194,161
101000035,1146,663,483
101000036,1915,1202,713
101000037,2697,2465,232
101000039,2677,3683,-1006
101000040,3177,4452,-1275
101000041,10808,10619,189
101000042,601,1804,-1203
101000043,8102,11112,-3010
101000045,2084,1248,836
101000046,4730,2667,2063
101000047,3154,6106,-2952
101000048,998,679,319
101000049,879,2691,-1812
101000050,2460,3542,-1082
101000051,2069,3936,-1867
101000052,1756,1463,293
101000053,1242,1628,-386
101000054,2623,1628,995
101000055,1632,1527,105
101000056,76,107,-31
101000057,2235,1608,627
101000058,1359,1705,-346
101000059,2593,2596,-3
101000060,2006,853,1153
101000061,915,1795,-880
101000062,785,788,-3
101000063,555,1113,-558
101000064,1024,1207,-183
101000065,548,583,-35
101000066,1200,1020,180
101000067,1314,1280,34
101000068,321,602,-281
101000069,280,141,139
101000070,997,1425,-428
101000071,2430,1215,1215
101000072,957,4219,-3262
101000073,958,1498,-540
101000074,6795,5620,1175
101000075,5177,7841,-2664
101000077,1957,1587,370
101000078,1136,2113,-977
101000079,823,571,252
101000080,672,782,-110
101000081,2144,1861,283
101000082,3254,3059,195
101000083,3117,2319,798
101000084,1383,886,497
101000085,1574,1220,354
101000086,1137,1226,-89
101000087,1002,1032,-30
101000088,1685,1204,481
101000089,1521,1620,-99
101000090,2135,1256,879
101000091,548,926,-378
101000092,1404,945,459
101000093,1652,795,857
101000094,1261,1019,242
101000095,534,631,-97
101000096,487,490,-3
101000097,578,565,13
101000098,528,585,-57
101000099,1345,1522,-177
101000100,1256,1365,-109
101000101,392,494,-102
101000102,908,725,183
101000103,965,657,308
101000104,532,675,-143
101000105,438,566,-128
101000106,851,1350,-499
101000107,388,376,12
101000108,766,280,486
101000109,497,89,408
101000110,71,450,-379
101000111,171,304,-133
101000113,299,826,-527
101000114,10721,10337,384
101000115,140,143,-3
101000116,192,171,21
101000117,1694,409,1285
101000119,87,105,-18
101000120,197,107,90
101000121,92,87,5
101000122,181,136,45
101000123,95,195,-100
101000124,793,366,427
101000125,204,426,-222
101000128,650,749,-99
101000130,293,386,-93
101000131,1088,539,549
101000132,881,1057,-176
101000135,60,56,4
101000136,460,216,244
101000137,27,472,-445
101000141,1370,3931,-2561
101000147,787,381,406
101000148,1032,32,1000
101000149,246,378,-132
101000150,137,608,-471
101000151,369,60,309
101000152,360,272,88
101000153,461,285,176
101000154,321,899,-578
101000155,498,172,326
101000156,17,383,-366
101000157,58,43,15
101000160,60,42,18
101000163,272,375,-103
101000164,415,329,86
101000165,307,394,-87
101000166,311,396,-85
101000168,1009,441,568
101000252,2172,991,1181
101000254,400,185,215
101000258,48,26,22
101000261,140,74,66
101000262,1372,3110,-1738
101000263,494,1745,-1251
101000265,116,993,-877
101000266,531,545,-14
101000269,40,32,8
101000290,1367,3462,-2095
101000293,29,70,-41
101000294,885,497,388
101000295,199,454,-255
101000301,833,762,71
101000304,2229,3192,-963
101000305,2851,1503,1348
101900001,24,82,-58
101900002,0,13,-13
101900003,59,111,-52
101900004,1,79,-78
101900005,3040,3055,-15
101900006,1516,90,1426
101900007,957,343,614
101900008,130,406,-276
101900009,86,517,-431
101900010,903,800,103
101900011,240,1414,-1174
101900012,386,271,115
101900013,876,195,681
101900017,8,134,-126
101900018,842,176,666
101900019,198,118,80
101900020,529,246,283
101900021,1,66,-65
101900022,192,1008,-816
101900023,136,159,-23
102000001,2995,5645,-2650
102000002,2894,1094,1800
102000003,3500,8472,-4972
102000004,6303,3513,2790
102000005,1502,2538,-1036
102000006,1169,2017,-848
102000007,2094,5498,-3404
102000008,4585,1768,2817
102000009,8015,9475,-1460
102000010,5749,3608,2141
102000011,3824,3296,528
102000012,3522,3231,291
102000018,2923,2930,-7
102000019,2540,1763,777
102000026,250,627,-377
102000029,308,210,98
102000030,181,433,-252
102000031,74,170,-96
102000032,609,331,278
102000033,261,438,-177
102000034,737,554,183
102000035,2167,909,1258
102000036,9,283,-274
102000037,131,54,77
102000038,212,455,-243
102000039,224,94,130
102000040,414,349,65
102000041,230,397,-167
102000042,340,400,-60
102000043,258,260,-2
102000044,313,466,-153
102000045,789,895,-106
102000046,1337,642,695
102000047,933,1057,-124
102000048,536,779,-243
102000049,1071,1073,-2
102000050,1205,1257,-52
102000051,521,676,-155
102000052,1294,797,497
102000053,1009,987,22
102000054,745,1185,-440
102000055,1504,620,884
102000056,1214,1094,120
102000057,1818,715,1103
102000058,1453,1375,78
102000059,1742,1700,42
102000060,1426,1222,204
102000061,2039,2006,33
102000062,2022,1312,710
102000063,1297,1581,-284
102000064,681,808,-127
102000065,64,195,-131
102000066,932,1173,-241
102000067,2483,3456,-973
102000068,10263,3203,7060
102000069,107,2538,-2431
102000070,1452,56,1396
102000071,6955,9781,-2826
102000072,3482,4699,-1217
102000073,1769,1446,323
102000074,991,1627,-636
102000075,242,388,-146
102000076,256,524,-268
102000077,740,650,90
102000078,1008,688,320
102000079,257,294,-37
102000080,331,328,3
102000081,373,981,-608
102000082,782,501,281
102000083,662,291,371
102000084,499,279,220
102000085,3172,990,2182
102000086,1564,1528,36
102000087,1109,1843,-734
102000088,501,405,96
102000089,1734,611,1123
102000090,700,1539,-839
102000091,1837,962,875
102000092,403,959,-556
102000093,695,781,-86
102000094,1101,788,313
102000095,1255,1697,-442
102000096,929,965,-36
102000097,1016,1126,-110
102000098,582,915,-333
102000099,1062,1074,-12
102000100,668,1545,-877
102000101,1083,1042,41
102000102,332,1592,-1260
102000103,1854,536,1318
102000104,645,326,319
102000105,289,484,-195
102000106,958,613,345
102000107,1537,467,1070
102000108,644,206,438
102000109,505,527,-22
102000110,1178,1010,168
102000111,12,279,-267
102000112,140,101,39
102000113,30,25,5
102000114,788,379,409
102000115,277,340,-63
102000116,661,701,-40
102000117,214,1043,-829
102000118,1484,1529,-45
102000119,1440,1341,99
102000120,205,549,-344
102000121,1420,665,755
102000122,980,1042,-62
102000123,1314,1493,-179
102000124,1672,1250,422
102000125,1028,1134,-106
102000126,917,770,147
102000127,1408,899,509
102000128,831,1007,-176
102000129,1598,857,741
102000130,850,961,-111
102000131,2890,1322,1568
102000132,1292,1813,-521
102000133,2353,1614,739
102000134,955,971,-16
102000135,1297,1148,149
102000136,1797,712,1085
102000137,1251,1758,-507
102000138,448,728,-280
102000139,329,1144,-815
102000140,414,1160,-746
102000141,735,2069,-1334
102000142,403,475,-72
102000143,253,338,-85
102000144,383,378,5
102000145,448,445,3
102000146,547,383,164
102000147,743,499,244
102000148,238,429,-191
102000149,187,378,-191
102000150,549,138,411
102000151,92,224,-132
102000152,266,153,113
102000153,1217,639,578
102000154,212,509,-297
102000155,139,374,-235
102000156,352,200,152
102000157,107,427,-320
102000158,258,369,-111
102000159,938,556,382
102000161,3610,2560,1050
102000162,225,196,29
102000163,123,650,-527
102000164,1213,1295,-82
102000165,337,213,124
102000166,104,251,-147
102000167,283,303,-20
102000168,307,205,102
102000169,160,597,-437
102000170,557,393,164
102000171,315,486,-171
102000172,364,681,-317
102000173,567,452,115
102000174,176,104,72
102000175,190,142,48
102000176,98,21,77
102000178,205,524,-319
102000179,382,269,113
102000180,881,473,408
102000181,854,487,367
102000182,703,523,180
102000183,1892,1459,433
102000184,1975,744,1231
102000185,2996,1213,1783
102000186,1519,1435,84
102000187,1265,1402,-137
102000188,1528,1383,145
102000189,2418,855,1563
102000190,840,3049,-2209
102000191,1434,603,831
102000192,1360,1540,-180
102000193,54,120,-66
102000194,82,150,-68
102000195,487,474,13
102000196,246,320,-74
102000197,751,336,415
102000198,231,643,-412
102000199,1137,245,892
102000200,398,904,-506
102000201,1292,459,833
102000202,6,112,-106
102000203,475,192,283
102000204,623,602,21
102000205,1285,449,836
102000206,812,528,284
102000207,736,526,210
102000208,447,394,53
102000209,71,56,15
102000210,406,310,96
102000211,597,394,203
102000212,451,12,439
102000213,7,234,-227
102000214,360,5,355
102000215,10,317,-307
102000216,99,80,19
102000217,15,118,-103
102000218,326,250,76
102000219,372,237,135
102000225,539,804,-265
102000226,3746,1801,1945
102000227,196,2,194
102000228,0,97,-97
102000229,37,59,-22
102000230,412,417,-5
102000231,497,473,24
102000232,41,144,-103
102000233,529,750,-221
102000234,234,1098,-864
102000236,423,100,323
102000237,473,162,311
102000238,195,253,-58
102000240,581,719,-138
102000241,450,166,284
102000243,50,74,-24
102000245,26,111,-85
102000246,22,41,-19
102000247,289,575,-286
102000248,364,969,-605
102000249,206,136,70
102000250,105,316,-211
102000254,171,302,-131
102000266,42,628,-586
102000271,26,0,26
102000286,522,434,88
102000297,2168,1104,1064
102000299,0,1,-1
102000301,0,0,0
102000302,0,0,0
102000303,0,0,0
102000304,0,0,0
102000305,0,0,0
102000306,0,0,0
102000307,0,2,-2
102000308,0,2,-2
102900001,1467,824,643
102900002,537,67,470
102900003,91,185,-94
102900005,491,308,183
102900006,634,173,461
102900007,639,26,613
102900008,234,62,172
102900009,480,428,52
102900010,402,1047,-645
102900011,1649,410,1239
102900012,501,129,372
102900013,42,57,-15
102900015,766,797,-31
102900016,63,101,-38
102900017,212,418,-206
102900018,50,117,-67
102900019,428,494,-66
102900020,229,47,182
102900021,33,77,-44
102900022,577,191,386
102900023,28,41,-13
102900024,54,66,-12
102900025,221,109,112
102900026,413,2101,-1688
102900027,118,84,34
102900028,214,934,-720
102900029,219,219,0
102900030,396,374,22
102900031,235,145,90
102900032,142,130,12
102900033,144,190,-46
102900034,710,84,626
102900035,154,319,-165
102900036,343,413,-70
102900037,299,418,-119
102900038,543,443,100
102900039,31,683,-652
102900040,181,316,-135
102900041,117,156,-39
102900042,231,282,-51
102900043,221,218,3
102900044,623,1725,-1102
102900045,154,451,-297
102900046,209,260,-51
102900047,195,616,-421
102900048,687,446,241
102900049,155,343,-188
102900050,257,316,-59
102900051,237,197,40
102900052,75,94,-19
102900053,391,550,-159
102900054,616,1285,-669
102900055,177,255,-78
102900056,128,319,-191
102900057,9,64,-55
102900058,453,92,361
102900059,30,60,-30
102900060,136,454,-318
102900061,244,363,-119
102900062,367,851,-484
102900063,1294,374,920
102900064,182,514,-332
102900065,1246,520,726
102900066,410,23,387
102900068,84,90,-6
102900070,341,778,-437
102900072,7,54,-47
102900073,149,18,131
102900074,249,288,-39
102900075,35,88,-53
102900076,159,180,-21
102900077,46,40,6
102900078,45,66,-21
102900079,253,6,247
102900080,396,43,353
102900081,92,408,-316
102900082,13,290,-277
102900083,187,13,174
102900084,13,44,-31
102900085,369,157,212
102900086,23,78,-55
102900087,232,203,29
102900088,69,45,24
102900089,243,122,121
102900090,2,281,-279
102900091,200,2,198
102900092,383,691,-308
102900093,481,290,191
102900094,2,201,-199
102900095,233,4,229
102900096,86,16,70
102900097,1,106,-105
103000001,2575,2506,69
103000002,2230,2475,-245
103000003,3550,2938,612
103000004,907,652,255
103000005,1988,3079,-1091
103000006,791,1311,-520
103000007,518,722,-204
103000008,1192,721,471
103000009,1468,1258,210
103000010,176,145,31
103000011,1576,1316,260
103000012,1799,1516,283
103000013,3895,2199,1696
103000014,1763,3038,-1275
103000015,1584,693,891
103000016,578,1522,-944
103000017,231,395,-164
103000018,866,324,542
103000019,381,348,33
103000020,2068,1365,703
103000021,1984,1922,62
103000022,772,996,-224
103000023,729,1881,-1152
103000024,95,146,-51
103000025,133,784,-651
103000026,928,133,795
103000027,278,744,-466
103000028,486,457,29
103000029,291,332,-41
103000030,1630,1311,319
103000031,1526,2287,-761
103000032,2661,1736,925
103000033,3538,3106,432
103000034,1662,1184,478
103000035,504,1474,-970
103000036,426,558,-132
103000037,628,568,60
103000038,610,1102,-492
103000039,486,332,154
103000040,435,844,-409
103000041,1631,1905,-274
103000042,1337,400,937
103000043,624,791,-167
103000044,446,192,254
103000046,489,493,-4
103000047,580,611,-31
103000048,200,212,-12
103000049,122,152,-30
103000050,755,478,277
103000051,691,513,178
103000052,748,332,416
103000053,189,569,-380
103000054,2873,1186,1687
103000055,2026,1989,37
103000056,964,1366,-402
103000057,858,280,578
103000058,750,786,-36
103000059,604,716,-112
103000060,887,570,317
103000061,539,805,-266
103000062,1268,549,719
103000063,1050,908,142
103000064,120,187,-67
103000065,6,359,-353
103000066,250,21,229
103000069,456,260,196
103000070,1027,754,273
103000071,1546,628,918
103000072,192,646,-454
103000073,715,119,596
103000074,816,96,720
103000075,115,571,-456
103000076,382,455,-73
103000077,61,360,-299
103000078,984,783,201
103000079,677,714,-37
103000080,1084,437,647
103000081,440,1407,-967
103000082,575,254,321
103000083,166,326,-160
103000084,129,13,116
103000085,3,173,-170
103000086,660,448,212
103000087,185,619,-434
103000088,262,291,-29
103000089,247,533,-286
103000090,2521,930,1591
103000091,683,509,174
103000092,286,292,-6
103000093,299,368,-69
103000094,249,100,149
103000095,82,306,-224
103000096,668,95,573
103000097,85,730,-645
103000098,779,162,617
103000099,277,692,-415
103000100,177,623,-446
103000101,1023,128,895
103000102,149,487,-338
103000103,770,144,626
103000104,93,97,-4
103000105,160,87,73
103000106,12,176,-164
103000107,258,59,199
103000108,859,542,317
103000109,358,375,-17
103000110,474,525,-51
103000111,507,461,46
103000112,437,188,249
103000113,540,601,-61
103000114,1263,464,799
103000115,749,430,319
103000116,718,396,322
103000117,459,465,-6
103000118,697,561,136
103000119,1171,529,642
103000120,59,162,-103
103000121,277,679,-402
103000122,430,725,-295
103000125,46,259,-213
103000126,798,4,794
103000127,4,159,-155
103000128,228,2,226
103000129,11,129,-118
103000130,85,53,32
103000131,274,132,142
103000132,97,234,-137
103000133,24,166,-142
103000134,511,1105,-594
103000135,643,386,257
103000136,680,506,174
103000137,526,665,-139
103000138,751,802,-51
103000139,3,76,-73
103000140,154,41,113
103000141,104,137,-33
103000142,134,104,30
103000143,69,174,-105
103000144,199,63,136
103000145,40,300,-260
103000150,103,56,47
103000152,192,243,-51
103000153,240,152,88
103000156,10,301,-291
103000157,573,4,569
103000159,193,71,122
103000162,94,52,42
103000163,24,44,-20
103000164,43,8,35
103000165,103,214,-111
103000166,305,272,33
103000167,224,119,105
103000168,173,161,12
103000169,251,491,-240
103000170,1028,376,652
103000171,53,118,-65
103000172,845,647,198
103000173,771,381,390
103000174,222,324,-102
103000175,400,264,136
103000176,1079,558,521
103000177,517,444,73
103000178,281,277,4
103000179,240,25,215
103000183,191,19,172
103000185,110,44,66
103000186,134,116,18
103000187,724,282,442
103000188,18,114,-96
103000189,793,721,72
103000191,673,638,35
103000292,1486,2078,-592
103000293,1080,2832,-1752
103000295,86,111,-25
103000296,350,6,344
103000297,114,220,-106
103000504,28,20,8
103000505,9,38,-29
103000506,3,207,-204
103000507,289,5,284
103000508,48,111,-63
103000509,249,604,-355
103900001,0,162,-162
103900002,1191,160,1031
103900003,1359,132,1227
103900004,180,1,179
103900005,4,212,-208
103900006,8,3,5
103900007,46,1,45
103900008,14,2,12
103900009,285,464,-179
103900010,179,378,-199
103900011,385,160,225
103900012,17,16,1
103900013,71,65,6
103900014,67,23,44
103900015,70,14,56
103900016,233,193,40
103900017,39,80,-41
103900018,502,199,303
103900019,94,355,-261
103900020,218,474,-256
103900021,397,50,347
103900022,1145,603,542
103900023,176,0,176
103900024,104,503,-399
103900025,27,74,-47
103900026,116,1,115
103900027,800,208,592
103900028,28,272,-244
103900029,959,118,841
103900030,267,118,149
103900031,39,3,36
103900032,104,65,39
103900033,114,14,100
103900034,40,142,-102
103900035,76,57,19
103900036,46,38,8
103900037,95,79,16
103900038,120,200,-80
103900039,137,275,-138
103900040,4,130,-126
103900041,66,74,-8
103900042,91,244,-153
103900043,191,73,118
103900044,102,237,-135
103900045,351,189,162
103900047,71,47,24
103900048,96,34,62
103900049,210,1398,-1188
103900050,17,153,-136
103900051,1,33,-32
103900052,258,345,-87
103900053,167,455,-288
103900054,118,333,-215
103900055,472,255,217
103900056,60,53,7
103900057,42,137,-95
103900058,354,506,-152
103900059,0,35,-35
103900060,81,168,-87
103900061,215,47,168
103900062,441,99,342
103900063,20,0,20
103900064,93,1,92
103900065,828,477,351
103900066,184,34,150
103900067,239,12,227
103900068,1,0,1
103900069,95,19,76
103900070,211,219,-8
103900071,18,119,-101
103900072,11,133,-122
103900073,22,20,2
103900074,80,67,13
103900075,164,43,121
103900076,629,530,99
103900077,66,102,-36
103900078,415,125,290
103900079,182,177,5
103900080,9,45,-36
103900081,59,28,31
103900082,17,129,-112
103900083,1115,1045,70
103900084,98,188,-90
103900085,115,133,-18
103900086,879,419,460
103900087,32,72,-40
103900088,387,627,-240
103900089,76,153,-77
103900090,4,107,-103
103900091,1127,264,863
103900092,695,642,53
103900093,96,303,-207
103900094,15,118,-103
103900095,360,258,102
103900096,45,133,-88
103900097,12,472,-460
103900098,311,151,160
103900099,108,140,-32
103900100,270,263,7
103900101,118,933,-815
103900102,0,24,-24
103900104,1,24,-23
103900105,88,151,-63
103900106,0,91,-91
103900107,188,177,11
103900108,85,268,-183
103900109,152,78,74
103900110,323,53,270
103900111,126,468,-342
103900112,103,173,-70
103900113,125,238,-113
103900114,546,276,270
103900115,363,227,136
103900116,4186,3063,1123
103900117,118,96,22
103900119,48,92,-44
103900120,62,97,-35
103900122,127,220,-93
103900123,1049,551,498
103900124,49,96,-47
103900125,98,47,51
103900126,617,387,230
103900127,196,440,-244
103900128,166,144,22
103900131,31,78,-47
103900133,945,53,892
103900134,3,10,-7
103900135,4,8,-4
103900137,0,28,-28
103900138,187,216,-29
103900139,182,2376,-2194
103900140,5,192,-187
103900141,259,62,197
103900142,239,125,114
103900143,66,0,66
103900144,0,33,-33
103900145,270,258,12
103900146,333,233,100
103900147,481,136,345
103900148,269,250,19
103900149,442,551,-109
103900150,5979,4864,1115
103900151,46,183,-137
103900152,626,390,236
103900153,9,0,9
103900154,713,1817,-1104
103900155,68,230,-162
103900156,65,150,-85
103900157,64,174,-110
103900158,164,135,29
103900159,232,80,152
103900160,55,37,18
103900161,91,127,-36
103900162,84,201,-117
103900163,29,417,-388
103900164,253,31,222
103900167,31,123,-92
103900168,181,114,67
103900169,36,46,-10
103900170,0,85,-85
103900171,0,41,-41
103900172,3,19,-16
103900173,11,19,-8
103900174,308,70,238
103900175,43,60,-17
103900176,15,35,-20
103900177,11,51,-40
103900178,58,58,0
103900179,42,93,-51
103900180,7,46,-39
103900181,50,46,4
103900182,31,17,14
103900184,406,101,305
103900185,143,500,-357
103900187,10,78,-68
103900188,73,32,41
103900189,96,6,90
103900190,91,36,55
103900191,32,63,-31
103900192,33,85,-52
103900193,112,178,-66
103900194,63,220,-157
103900195,10,98,-88
103900196,66,59,7
103900197,29,32,-3
103900198,16,46,-30
103900199,223,42,181
103900200,228,104,124
103900201,137,221,-84
103900202,31,116,-85
103900203,62,22,40
103900204,2,49,-47
103900207,0,69,-69
103900208,135,4,131
103900209,7,107,-100
103900210,46,48,-2
103900211,691,308,383
103900212,128,316,-188
103900213,67,239,-172
103900214,287,223,64
103900215,311,307,4
103900216,10,557,-547
103900217,516,64,452
103900218,1,297,-296
103900219,211,282,-71
103900233,134,4,130
103900235,39,24,15
103900236,17,4,13
103900242,3,8,-5
103900243,11,12,-1
103900244,138,209,-71
103900245,113,180,-67
103900246,46,53,-7
103900247,21,91,-70
103900248,13,109,-96
103900249,40,114,-74
103900250,36,33,3
103900251,2,56,-54
103900253,15,88,-73
103900254,0,22,-22
103900255,2,19,-17
103900256,11,47,-36
103900257,21,137,-116
103900258,32,2,30
103900259,88,7,81
103900261,8,2,6
103900262,22,6,16
103900263,31,59,-28
103900264,83,37,46
103900265,60,14,46
103900266,5,116,-111
103900267,6,75,-69
103900268,1,5,-4
103900269,21,8,13
103900270,12,17,-5
104000001,2504,2045,459
104000002,2130,2210,-80
104000003,2342,2003,339
104000004,2727,2516,211
104000005,1705,1724,-19
104000006,3275,2456,819
104000007,4242,4098,144
104000008,179,230,-51
104000009,197,92,105
104000010,171,324,-153
104000011,372,225,147
104000012,150,232,-82
104000013,310,212,98
104000014,192,471,-279
104000015,397,156,241
104000016,534,326,208
104000018,974,173,801
104000019,755,204,551
104000020,157,439,-282
104000021,261,417,-156
104000022,108,261,-153
104000023,812,336,476
104000024,267,332,-65
104000026,45,290,-245
104000027,261,211,50
104000028,413,210,203
104000029,296,289,7
104000030,377,229,148
104000031,1556,353,1203
104000032,239,225,14
104000033,857,417,440
104000034,333,260,73
104000035,921,367,554
104000036,866,524,342
104000037,358,234,124
104000038,525,302,223
104000039,272,212,60
104000040,219,338,-119
104000041,594,326,268
104000042,219,278,-59
104000043,249,293,-44
104000044,299,490,-191
104000045,946,763,183
104000046,1077,1169,-92
104000047,958,1096,-138
104000048,1153,1170,-17
104000049,505,411,94
104000050,254,728,-474
104000051,161,542,-381
104000052,1664,1619,45
104000053,908,431,477
104000054,732,333,399
104000055,3751,2481,1270
104000056,1095,259,836
104000057,218,364,-146
104000058,898,620,278
104000059,623,944,-321
104000060,1080,1179,-99
104000061,1265,1018,247
104000062,427,125,302
104000064,529,392,137
104000065,266,705,-439
104000069,821,1108,-287
104000070,49,596,-547
104000071,143,379,-236
104000072,577,211,366
104000075,155,302,-147
104000076,535,120,415
104000082,2491,3796,-1305
104000083,867,199,668
104000084,141,499,-358
104000085,344,407,-63
104000086,244,410,-166
104000087,499,2284,-1785
104000090,763,1005,-242
104000092,1365,1633,-268
104000094,876,1203,-327
104000095,1963,1288,675
104000096,1771,160,1611
104000097,2048,699,1349
104000098,2545,858,1687
104000100,2017,586,1431
104000101,1214,1422,-208
104000106,45,608,-563
104000107,662,390,272
104000108,282,495,-213
104000109,383,125,258
104000110,815,1116,-301
104000111,3448,2853,595
104000112,1864,553,1311
104000116,1,940,-939
104000117,212,493,-281
104000118,747,210,537
104000119,785,257,528
104000120,253,690,-437
104000121,216,688,-472
104000122,735,742,-7
104000123,762,752,10
104000124,778,1844,-1066
104000125,3079,4838,-1759
104000126,508,415,93
104000127,1237,1897,-660
104000128,637,376,261
104000129,544,35,509
104000130,23,355,-332
104000131,412,369,43
104000132,381,415,-34
104000133,1401,804,597
104000134,1115,1784,-669
104000135,593,2201,-1608
104000136,1029,4522,-3493
104000137,1917,588,1329
104000138,1166,463,703
104000139,5093,3239,1854
104000141,1152,1386,-234
104000142,716,626,90
104000143,637,454,183
104000144,147,186,-39
104000145,452,249,203
104000146,283,436,-153
104000147,126,263,-137
104000148,452,227,225
104000149,188,210,-22
104000150,1288,656,632
104000151,412,425,-13
104000152,598,535,63
104000153,746,577,169
104000154,801,509,292
104000155,516,470,46
104000157,1058,1123,-65
104000158,578,937,-359
104000159,975,724,251
104000160,2124,2096,28
104000161,248,197,51
104000162,63,134,-71
104000165,816,1004,-188
104000167,805,1104,-299
104000168,647,9,638
104000169,157,40,117
104000170,413,640,-227
104000248,407,527,-120
104000251,88,179,-91
104000272,0,0,0
104000273,0,0,0
104000274,0,0,0
104000275,0,0,0
104000279,769,504,265
104000290,106,258,-152
104000291,463,1005,-542
104000293,857,623,234
104000294,63,1,62
104000295,699,745,-46
104000296,430,596,-166
104000297,869,1983,-1114
104000298,1974,865,1109
104000299,712,1284,-572
104900001,214,337,-123
104900002,90,193,-103
104900003,56,300,-244
104900004,98,236,-138
104900005,404,308,96
104900006,413,95,318
104900007,349,179,170
104900009,138,263,-125
104900010,110,41,69
104900011,45,29,16
104900012,330,91,239
104900013,175,17,158
104900014,2223,375,1848
104900015,138,15,123
104900016,256,202,54
104900017,241,207,34
104900018,11,172,-161
104900019,321,3458,-3137
104900020,54,223,-169
104900021,3,154,-151
104900022,10,112,-102
104900023,2,54,-52
104900024,19,77,-58
104900025,88,252,-164
104900026,1,83,-82
104900027,601,294,307
104900028,28,81,-53
104900029,58,71,-13
104900030,593,238,355
104900031,82,194,-112
104900032,56,95,-39
104900033,222,266,-44
104900034,415,212,203
104900035,451,175,276
104900036,245,58,187
104900037,161,185,-24
104900038,403,1091,-688
104900039,578,568,10
104900040,557,125,432
104900041,372,214,158
104900042,183,207,-24
104900043,25,238,-213
104900044,905,185,720
104900045,524,69,455
104900046,266,174,92
104900047,397,109,288
104900048,382,50,332
104900049,36,50,-14
104900050,404,124,280
104900051,300,56,244
104900052,134,5,129
104900053,480,125,355
104900054,292,31,261
104900055,142,4,138
104900056,170,17,153
104900057,46,1,45
104900058,919,769,150
104900059,303,79,224
104900060,1,437,-436
104900061,245,477,-232
104900063,0,135,-135
104900064,0,78,-78
104900065,0,224,-224
104900066,4,133,-129
104900067,14,307,-293
104900068,26,158,-132
104900070,171,236,-65
104900071,2,472,-470
104900072,56,220,-164
104900073,126,193,-67
104900074,75,167,-92
104900075,72,66,6
104900076,125,218,-93
104900077,964,363,601
104900078,188,384,-196
104900079,184,583,-399
104900080,105,412,-307
104900082,28,341,-313
104900085,1,157,-156
104900087,277,11,266
104900089,261,0,261
104900090,1154,860,294
104900091,553,621,-68
104900093,215,472,-257
104900097,2274,2679,-405
104900098,186,67,119
104900099,65,555,-490
104900100,478,255,223
104900102,29,166,-137
104900103,505,72,433
104900104,2963,2618,345
104900106,111,129,-18
104900107,130,171,-41
104900108,97,228,-131
104900109,174,211,-37
104900110,9,55,-46
104900111,252,160,92
104900112,349,594,-245
104900113,816,291,525
104900114,421,387,34
104900115,776,365,411
104900116,373,159,214
104900118,25,64,-39
104900119,10,50,-40
104900120,20,205,-185
104900121,0,70,-70
104900122,11,53,-42
104900123,67,11,56
104900124,72,1,71
104900125,520,13,507
104900126,74,48,26
104900127,51,51,0
104900128,118,221,-103
104900129,1550,2450,-900
105000001,2947,1439,1508
105000002,2509,1663,846
105000003,3213,4019,-806
105000004,777,875,-98
105000005,1053,1136,-83
105000006,1610,1854,-244
105000007,1266,1759,-493
105000008,1748,3715,-1967
105000009,2726,3716,-990
105000010,2592,1830,762
105000011,4017,3484,533
105000012,3526,2735,791
105000013,1182,1237,-55
105000014,2296,3197,-901
105000015,10847,17352,-6505
105000016,2642,2528,114
105000017,1661,933,728
105000018,1230,1696,-466
105000019,1260,987,273
105000020,269,450,-181
105000021,306,162,144
105000022,306,131,175
105000023,651,439,212
105000028,80,103,-23
105000029,638,1661,-1023
105000030,4040,2501,1539
105000033,984,1786,-802
105000034,205,1082,-877
105000037,644,283,361
105000038,2360,2166,194
105000039,2140,1850,290
105000040,1331,1511,-180
105000041,787,1375,-588
105000042,4741,2201,2540
105000043,1968,2565,-597
105000044,782,635,147
105000045,483,678,-195
105000046,1421,387,1034
105000047,522,1026,-504
105000048,669,205,464
105000049,247,398,-151
105000050,854,363,491
105000051,130,400,-270
105000052,575,790,-215
105000053,115,133,-18
105000054,405,792,-387
105000055,793,296,497
105000056,1454,1819,-365
105000057,1171,827,344
105000058,1213,998,215
105000059,826,660,166
105000060,487,565,-78
105000061,970,566,404
105000062,619,705,-86
105000063,276,487,-211
105000064,1774,775,999
105000065,331,492,-161
105000066,1151,1281,-130
105000067,1701,890,811
105000068,365,823,-458
105000069,1738,1833,-95
105000070,600,1022,-422
105000071,276,940,-664
105000072,830,2382,-1552
105000073,1068,664,404
105000074,1152,753,399
105000075,552,962,-410
105000076,1250,949,301
105000077,2665,1293,1372
105000078,1382,1462,-80
105000079,1204,3274,-2070
105000080,2443,1802,641
105000081,3311,1507,1804
105000082,1148,1802,-654
105000083,4591,4262,329
105000084,547,766,-219
105000085,2021,2415,-394
105000086,642,915,-273
105000087,1447,1943,-496
105000088,1757,1681,76
105000089,3305,2418,887
105000090,1043,915,128
105000091,1264,1599,-335
105000092,743,871,-128
105000093,384,321,63
105000094,450,349,101
105000095,150,492,-342
105000096,1116,1238,-122
105000097,933,819,114
105000098,1122,819,303
105000099,879,826,53
105000100,1586,993,593
105000101,1955,2358,-403
105000102,2867,1871,996
105000103,1803,3620,-1817
105000104,2414,1247,1167
105000105,1232,1766,-534
105000106,1719,1726,-7
105000107,1965,963,1002
105000108,2142,1465,677
105000109,1983,1634,349
105000110,1014,565,449
105000111,867,619,248
105000112,1431,658,773
105000113,477,659,-182
105000114,2340,1158,1182
105000115,286,1150,-864
105000116,894,568,326
105000117,741,774,-33
105000118,779,548,231
105000119,743,977,-234
105000120,1401,646,755
105000121,818,881,-63
105000122,404,692,-288
105000123,918,1018,-100
105000124,2292,788,1504
105000125,765,1559,-794
105000126,2425,1586,839
105000127,2551,1662,889
105000128,703,936,-233
105000129,905,328,577
105000130,401,3049,-2648
105000131,701,331,370
105000132,1262,725,537
105000133,446,948,-502
105000134,938,713,225
105000135,427,555,-128
105000136,57,96,-39
105000137,439,335,104
105000138,84,93,-9
105000139,1073,838,235
105000140,359,420,-61
105000141,388,581,-193
105000142,258,443,-185
105000143,309,643,-334
105000144,338,750,-412
105000145,804,392,412
105000146,444,817,-373
105000147,735,364,371
105000148,1254,696,558
105000149,2738,2547,191
105000150,1995,1585,410
105000151,604,366,238
105000152,175,546,-371
105000153,593,635,-42
105000154,702,519,183
105000155,368,857,-489
105000156,869,646,223
105000157,847,1643,-796
105000158,2148,698,1450
105000159,323,969,-646
105000160,2065,593,1472
105000161,732,822,-90
105000162,642,1722,-1080
105000163,1084,724,360
105000164,251,242,9
105000165,846,5722,-4876
105000166,5015,1174,3841
105000167,1583,1925,-342
105000168,447,601,-154
105000169,541,278,263
105000170,302,1235,-933
105000171,996,207,789
105000172,150,32,118
105000173,230,49,181
105000174,83,54,29
105000175,109,111,-2
105000176,570,213,357
105000177,343,178,165
105000178,201,495,-294
105000179,679,170,509
105000180,216,158,58
105000181,160,322,-162
105000182,99,59,40
105000183,1869,2129,-260
105000184,984,1357,-373
105000185,1749,1437,312
105000186,421,957,-536
105000187,1127,299,828
105000188,288,200,88
105000189,146,651,-505
105000190,375,435,-60
105000191,445,389,56
105000192,436,66,370
105000193,76,230,-154
105000194,414,93,321
105000195,361,844,-483
105000196,59,256,-197
105000197,289,647,-358
105000198,608,380,228
105000199,250,564,-314
105000200,159,359,-200
105000201,127,48,79
105000203,16,152,-136
105000204,102,87,15
105000205,111,208,-97
105000207,690,243,447
105000208,357,722,-365
105000209,206,327,-121
105000212,1208,1106,102
105000213,170,217,-47
105000214,207,351,-144
105000215,396,187,209
105000216,125,289,-164
105000217,142,244,-102
105000218,1604,1043,561
105000221,200,192,8
105000222,420,175,245
105000223,394,208,186
105000226,123,300,-177
105000227,73,179,-106
105000228,294,2331,-2037
105000229,194,686,-492
105000231,363,302,61
105000233,881,770,111
105000234,530,1190,-660
105000235,392,532,-140
105000237,892,99,793
105000243,43,103,-60
105000248,82,99,-17
105000262,456,1052,-596
105000269,128,202,-74
105000270,456,51,405
105000271,0,161,-161
105000282,64,52,12
105000287,389,90,299
105000288,594,402,192
105000289,2369,1942,427
105000290,47,11,36
105000402,3349,4735,-1386
105000426,571,736,-165
105000438,3540,1585,1955
105000446,11874,6309,5565
105000447,6126,2825,3301
105000454,652,326,326
105000455,291,210,81
105000474,79,2,77
105000477,554,624,-70
105000478,2300,5192,-2892
105000479,139,138,1
105000480,8952,7197,1755
105000481,5138,4287,851
105000482,4994,7579,-2585
105000483,1907,2351,-444
105000484,2592,3060,-468
105000485,1857,3733,-1876
105000486,3487,2511,976
105000488,8252,4967,3285
105000489,1041,840,201
105000549,107,129,-22
105000550,403,1600,-1197
105000551,57,136,-79
105000552,2324,1380,944
105900001,13,2467,-2454
105900002,1209,653,556
105900003,25,164,-139
105900004,345,128,217
105900005,10,211,-201
105900006,29,141,-112
105900007,148,41,107
105900008,90,493,-403
105900009,33,25,8
105900011,360,88,272
105900012,773,170,603
105900013,3,60,-57
105900014,9,67,-58
105900015,233,516,-283
105900016,659,657,2
105900017,1506,47,1459
105900018,218,178,40
105900019,104,493,-389
105900020,39,42,-3
105900021,62,1108,-1046
105900022,324,229,95
105900023,9,231,-222
105900024,15,374,-359
105900025,258,40,218
105900026,277,20,257
105900027,14044,7663,6381
105900028,476,503,-27
105900029,1902,354,1548
105900030,223,290,-67
105900031,412,207,205
105900032,135,151,-16
105900033,105,133,-28
105900034,205,216,-11
105900035,261,187,74
105900036,109,157,-48
105900037,73,72,1
105900038,262,261,1
105900039,153,71,82
105900040,78,131,-53
105900041,190,219,-29
105900042,84,159,-75
105900043,1633,82,1551
105900044,5,281,-276
105900045,4,862,-858
105900046,22,274,-252
105900047,18,41,-23
105900048,104,466,-362
105900050,5476,7865,-2389
105900051,87,1316,-1229
105900052,621,186,435
105900053,2666,3125,-459
105900054,374,251,123
105900056,773,493,280
105900057,73,178,-105
105900058,14,14,0
105900059,2,48,-46
106000001,4467,2748,1719
106000002,2248,5641,-3393
106000003,3256,3783,-527
106000004,1550,2585,-1035
106000005,3869,5695,-1826
106000006,5819,3392,2427
106000007,564,577,-13
106000008,575,315,260
106000009,668,411,257
106000010,804,587,217
106000011,1307,1043,264
106000012,925,1196,-271
106000013,1998,1995,3
106000014,1776,1405,371
106000015,2086,1315,771
106000016,1371,1632,-261
106000017,574,664,-90
106000018,586,441,145
106000019,404,410,-6
106000020,452,323,129
106000021,331,435,-104
106000022,355,191,164
106000023,783,345,438
106000024,632,438,194
106000025,142,226,-84
106000026,74,153,-79
106000027,1688,1358,330
106000028,665,395,270
106000029,686,924,-238
106000030,575,733,-158
106000034,231,445,-214
106000035,977,2036,-1059
106000036,240,516,-276
106000037,1706,1271,435
106000038,357,119,238
106000039,106,124,-18
106000040,153,997,-844
106000041,679,702,-23
106000043,542,286,256
106000046,368,83,285
106000047,58,487,-429
106000049,966,237,729
106000050,265,527,-262
106000051,809,550,259
106000052,98,481,-383
106000053,508,166,342
106000054,378,369,9
106000055,1272,983,289
106000056,212,308,-96
106000057,387,271,116
106000058,150,137,13
106000059,455,299,156
106000060,319,405,-86
106000061,272,523,-251
106000062,187,517,-330
106000063,791,556,235
106000064,39,315,-276
106000065,456,332,124
106000066,134,253,-119
106000067,352,100,252
106000068,87,600,-513
106000069,324,71,253
106000070,525,664,-139
106000071,1208,353,855
106000072,2693,1561,1132
106000073,1551,2959,-1408
106000074,668,637,31
106000075,330,1196,-866
106000076,1639,2021,-382
106000077,3491,1303,2188
106000078,1322,829,493
106000079,789,901,-112
106000080,1484,617,867
106000081,739,1001,-262
106000082,2657,794,1863
106000083,501,1288,-787
106000084,1356,685,671
106000085,1478,1382,96
106000086,604,795,-191
106000087,1066,449,617
106000088,418,716,-298
106000089,1229,324,905
106000090,310,627,-317
106000091,259,492,-233
106000092,712,300,412
106000093,357,84,273
106000094,91,257,-166
106000095,847,683,164
106000096,939,558,381
106000097,1468,725,743
106000098,701,890,-189
106000099,281,1047,-766
106000100,1591,248,1343
106000101,1686,597,1089
106000102,235,1238,-1003
106000103,369,654,-285
106000104,969,420,549
106000105,582,557,25
106000106,775,421,354
106000107,130,211,-81
106000108,263,225,38
106000109,206,187,19
106000110,227,235,-8
106000111,168,314,-146
106000112,218,564,-346
106000113,623,556,67
106000114,446,614,-168
106000115,211,358,-147
106000116,305,228,77
106000117,1240,541,699
106000118,1322,1444,-122
106000119,1124,834,290
106000120,1056,1300,-244
106000121,233,157,76
106000122,128,179,-51
106000123,569,121,448
106000124,74,178,-104
106000125,20,179,-159
106000126,312,72,240
106000127,959,735,224
106000128,838,181,657
106000129,478,424,54
106000130,894,272,622
106000131,145,626,-481
106000132,611,163,448
106000133,1895,1021,874
106000134,511,2039,-1528
106000135,189,410,-221
106000136,686,928,-242
106000137,64,713,-649
106000138,1075,103,972
106000139,64,122,-58
106000140,56,48,8
106000141,128,46,82
106000142,113,72,41
106000143,42,36,6
106000144,16,77,-61
106000145,315,224,91
106000146,465,171,294
106000147,440,424,16
106000148,482,642,-160
106000149,692,302,390
106000150,565,1766,-1201
106000151,3497,850,2647
106000152,1248,1767,-519
106000153,90,1683,-1593
106000154,1445,164,1281
106000155,164,222,-58
106000156,1133,250,883
106000157,824,1409,-585
106000158,2034,919,1115
106000159,2720,1881,839
106000160,516,2779,-2263
106000161,1577,301,1276
106000162,314,919,-605
106000163,475,278,197
106000164,525,326,199
106000165,248,420,-172
106000166,854,283,571
106000167,434,831,-397
106000168,601,227,374
106000169,356,504,-148
106000170,878,233,645
106000171,267,1203,-936
106000172,3231,1415,1816
106000173,1129,2723,-1594
106000174,1346,401,945
106000175,333,715,-382
106000176,1853,824,1029
106000177,831,2336,-1505
106000178,3529,1601,1928
106000179,1054,1979,-925
106000180,801,1136,-335
106000181,1077,1953,-876
106000182,1479,642,837
106000183,1609,609,1000
106000184,1568,702,866
106000185,1075,1534,-459
106000186,890,170,720
106000187,219,966,-747
106000188,0,5,-5
106000189,40,53,-13
106000190,43,3,40
106000191,675,198,477
106000192,12,32,-20
106000193,538,228,310
106000194,191,484,-293
106000195,1114,359,755
106000196,311,918,-607
106000197,611,477,134
106000198,164,207,-43
106000199,852,834,18
106000200,317,225,92
106000201,400,2913,-2513
106000202,3416,570,2846
106000203,63,145,-82
106000204,73,8,65
106000205,10,142,-132
106000206,69,20,49
106000207,40,584,-544
106000208,1562,173,1389
106000209,1727,355,1372
106000210,553,837,-284
106000211,357,1010,-653
106000212,1022,399,623
106000213,633,2235,-1602
106000214,2499,831,1668
106000215,308,484,-176
106000216,314,277,37
106000217,310,371,-61
106000218,422,418,4
106000219,213,224,-11
106000220,523,265,258
106000221,218,202,16
106000222,108,91,17
106000223,291,122,169
106000224,222,187,35
106000225,60,128,-68
106000226,117,208,-91
106000228,58,93,-35
106000229,76,656,-580
106000231,983,131,852
106000232,83,381,-298
106000233,653,127,526
106000234,64,268,-204
106000235,501,123,378
106000236,153,111,42
106000237,1,17,-16
106000238,16,15,1
106000239,3,87,-84
106000240,109,3,106
106000241,28,536,-508
106000242,254,31,223
106000249,80,61,19
106000250,70,540,-470
106000251,79,32,47
106000252,21,65,-44
106000253,87,49,38
106000254,102,30,72
106000255,25,136,-111
106000256,75,44,31
106000257,154,276,-122
106000258,185,21,164
106000259,5,117,-112
106000260,38,6,32
106000261,5,69,-64
106000262,90,17,73
106000263,18,47,-29
106000264,388,19,369
106000265,9,115,-106
106000266,158,25,133
106000267,2,103,-101
106000268,455,41,414
106000269,78,56,22
106000270,107,432,-325
106000271,121,161,-40
106000272,211,87,124
106000273,9,235,-226
106000274,182,45,137
106000275,180,289,-109
106000276,221,44,177
106000277,112,301,-189
106000278,206,37,169
106000279,21,27,-6
106000280,109,57,52
106000281,94,55,39
106000282,67,63,4
106000283,128,54,74
106000284,80,89,-9
106000285,132,69,63
106000286,124,118,6
106000287,149,38,111
106000288,98,153,-55
106000289,135,39,96
106000290,52,72,-20
106000291,176,78,98
106000292,99,103,-4
106000293,190,96,94
106000294,153,103,50
106000295,113,67,46
106000296,46,93,-47
106000297,97,251,-154
106000298,121,80,41
106000299,91,124,-33
106000300,58,126,-68
106000301,62,134,-72
106000303,45,125,-80
106000304,25,30,-5
106000305,49,61,-12
106000306,51,65,-14
106000307,100,31,69
106000308,41,110,-69
106000309,19,63,-44
106000310,326,439,-113
106000311,360,181,179
106000312,106,175,-69
106000313,196,186,10
106000318,90,499,-409
106000319,1066,203,863
106000320,4,151,-147
106000321,327,179,148
106000322,201,129,72
106000324,22,172,-150
106000325,1918,945,973
106000326,982,1473,-491
106000327,215,86,129
106000328,39,76,-37
106000329,72,286,-214
106000330,43,77,-34
106000428,119,149,-30
106000429,152,382,-230
106000430,407,1139,-732
106000431,2554,361,2193
106000432,1582,2456,-874
106000433,2622,1383,1239
106000434,3550,1917,1633
106000435,1487,2299,-812
106000436,20,157,-137
106000437,293,92,201
106000438,258,242,16
106000439,66,681,-615
106000440,307,682,-375
106000441,5,0,5
106000442,127,5,122
106000443,171,234,-63
106000450,3,108,-105
106000451,17,48,-31
106000454,7,52,-45
106000455,8,149,-141
106000456,85,29,56
106000457,31,797,-766
106000458,969,99,870
106000459,162,262,-100
106000460,1752,29,1723
106000461,128,850,-722
106000462,0,31,-31
106000463,4,15,-11
106000464,6,401,-395
106000465,758,2,756
106000466,5,424,-419
106000467,311,449,-138
106000468,110,150,-40
106000469,140,2,138
106000470,358,1732,-1374
106000471,29,461,-432
106000472,180,17,163
106000473,61,20,41
106000474,283,335,-52
106000475,278,144,134
106000476,157,239,-82
106000477,14,13,1
106900001,0,10,-10
106900002,2,282,-280
106900003,220,2017,-1797
106900004,0,33,-33
106900006,0,12,-12
106900007,0,12,-12
106900008,430,171,259
106900009,393,208,185
106900010,215,301,-86
106900012,1360,2645,-1285
106900013,764,169,595
106900014,22,5,17
106900015,8,3,5
106900016,367,10,357
106900017,5,0,5
106900018,2,0,2
106900019,67,4,63
106900020,3281,1693,1588
106900021,114,104,10
106900022,912,4,908
106900023,42,278,-236
106900024,1029,35,994
106900025,51,951,-900
106900026,1,370,-369
106900027,897,5,892
107000001,4499,5124,-625
107000002,2953,4512,-1559
107000003,6844,7523,-679
107000004,4870,4494,376
107000005,5504,5989,-485
107000006,3628,3468,160
107000007,6884,11167,-4283
107000008,10610,7394,3216
107000009,9019,8879,140
107000010,9346,8311,1035
107000011,1057,1230,-173
107000012,3872,2560,1312
107000013,71,93,-22
107000014,58,194,-136
107000015,526,697,-171
107000016,867,669,198
107000017,4424,4581,-157
107000018,59,3389,-3330
107000020,3050,4469,-1419
107000021,1669,486,1183
107000022,1331,2707,-1376
107000023,2127,357,1770
107000024,933,1564,-631
107000025,265,329,-64
107000026,466,456,10
107000027,1523,1088,435
107000028,1675,1154,521
107000029,4068,3304,764
107000030,3236,2923,313
107000031,4637,2818,1819
107000032,573,972,-399
107000033,3051,5182,-2131
107000034,5372,1711,3661
107000035,459,313,146
107000036,699,1266,-567
107000037,115,897,-782
107000038,256,266,-10
107000039,909,857,52
107000040,193,320,-127
107000041,1781,1004,777
107000042,799,2201,-1402
107000043,2872,1270,1602
107000044,563,491,72
107000045,85,273,-188
107000046,1011,428,583
107000047,551,776,-225
107000048,829,338,491
107000049,740,835,-95
107000050,1467,542,925
107000051,334,390,-56
107000052,1344,1100,244
107000053,450,225,225
107000054,65,303,-238
107000055,184,108,76
107000056,465,858,-393
107000057,1590,264,1326
107000058,2472,2566,-94
107000059,2022,3051,-1029
107000060,5339,5738,-399
107000061,5188,3311,1877
107000062,5957,3454,2503
107000063,4189,4253,-64
107000064,5645,3158,2487
107000065,3689,4133,-444
107000066,2900,4027,-1127
107000067,1485,1525,-40
107000068,1659,931,728
107000069,1029,665,364
107000070,1497,81,1416
107000071,3867,48,3819
107000072,45,2246,-2201
107000073,1081,428,653
107000074,142,803,-661
107000075,2059,579,1480
107000076,726,1369,-643
107000077,4279,1498,2781
107000078,2449,2830,-381
107000079,3349,1208,2141
107000080,1155,2820,-1665
107000081,2432,733,1699
107000082,641,1805,-1164
107000083,1589,507,1082
107000084,358,1694,-1336
107000085,3223,3481,-258
107000086,3681,3181,500
107000087,3470,2391,1079
107000088,3564,3869,-305
107000089,1846,1958,-112
107000090,1353,1095,258
107000091,1623,836,787
107000092,1027,967,60
107000093,1329,882,447
107000094,961,1068,-107
107000095,1071,619,452
107000096,605,714,-109
107000097,501,239,262
107000098,342,325,17
107000099,531,338,193
107000100,292,300,-8
107000101,71,176,-105
107000102,200,300,-100
107000103,294,164,130
107000104,174,258,-84
107000105,472,137,335
107000106,147,203,-56
107000107,653,181,472
107000108,142,431,-289
107000109,775,147,628
107000110,69,466,-397
107000111,430,65,365
107000112,58,285,-227
107000113,718,98,620
107000114,113,465,-352
107000115,681,150,531
107000116,130,574,-444
107000117,246,576,-330
107000118,164,144,20
107000119,1661,1603,58
107000120,975,514,461
107000121,1115,691,424
107000122,1287,899,388
107000123,544,618,-74
107000124,626,794,-168
107000125,1213,658,555
107000126,992,598,394
107000127,14,316,-302
107000129,241,171,70
107000130,413,274,139
107000131,541,382,159
107000132,687,408,279
107000133,659,127,532
107000134,407,2,405
107000135,4,375,-371
107000136,921,13,908
107000137,15,508,-493
107000138,492,39,453
107000139,23,587,-564
107000140,1583,198,1385
107000141,185,785,-600
107000142,505,130,375
107000143,79,625,-546
107000144,597,538,59
107000145,158,515,-357
107000146,342,506,-164
107000147,3423,961,2462
107000150,796,4705,-3909
107000151,68,160,-92
107000152,468,1863,-1395
107000153,159,407,-248
107000154,263,270,-7
107000155,1223,36,1187
107000156,1534,34,1500
107000157,131,1215,-1084
107000158,656,32,624
107000159,33,739,-706
107000160,1440,204,1236
107000161,91,1145,-1054
107000162,376,697,-321
107000163,307,4,303
107000164,1047,3,1044
107000165,1354,27,1327
107000166,40,1003,-963
107000167,831,272,559
107000168,1110,600,510
107000169,734,800,-66
107000170,2940,1121,1819
107000171,859,1961,-1102
107000172,1186,1435,-249
107000173,682,945,-263
107000174,1306,6513,-5207
107000175,6879,1662,5217
107000176,1,2,-1
107000177,8,2,6
107000178,34,62,-28
107000179,310,1795,-1485
107000180,1797,310,1487
107000181,496,886,-390
107000182,2138,881,1257
107000183,230,738,-508
107000184,1196,624,572
107000185,675,1280,-605
107000186,1603,462,1141
107000187,1476,1389,87
107000188,743,622,121
107000189,582,1064,-482
107000190,696,672,24
107000191,897,897,0
107000192,1908,775,1133
107000193,448,523,-75
107000194,895,708,187
107000197,1127,293,834
107000198,325,688,-363
107000199,1077,720,357
107000200,717,766,-49
107000201,500,434,66
107000202,412,517,-105
107000203,913,1427,-514
107000204,1115,1832,-717
107000205,2214,1255,959
107000206,1249,2068,-819
107000207,794,1281,-487
107000208,1308,763,545
107000209,2188,1566,622
107000210,730,369,361
107000211,13,52,-39
107000212,21,356,-335
107000213,4,21,-17
107000214,24,212,-188
107000215,617,323,294
107000216,514,440,74
107000217,231,143,88
107000219,132,280,-148
107000220,207,192,15
107000222,312,681,-369
107000224,930,71,859
107000225,280,488,-208
107000226,719,100,619
107000227,98,291,-193
107000228,241,284,-43
107000229,147,158,-11
107000230,1330,531,799
107000231,1572,2189,-617
107000232,116,30,86
107000233,1218,1100,118
107000234,2,70,-68
107000235,121,13,108
107000236,9,617,-608
107000237,49,1,48
107000238,34,0,34
107000239,3741,605,3136
107000240,79,966,-887
107000241,130,34,96
107000242,419,49,370
107000243,0,23,-23
107000244,10,41,-31
107000246,4,1011,-1007
107000249,6,1044,-1038
107000251,2,396,-394
107000252,5,955,-950
107000255,371,210,161
107000257,2,343,-341
107000258,0,97,-97
107000259,8,169,-161
107000260,982,11,971
107000262,9,387,-378
107000263,402,5,397
107000266,13,15,-2
107000267,110,127,-17
107000268,163,147,16
107000269,743,125,618
107000270,2,45,-43
107000271,24,513,-489
107000272,27,90,-63
107000273,17,265,-248
107000274,3461,790,2671
107000275,117,2825,-2708
107000280,1058,51,1007
107000281,42,763,-721
107000282,92,694,-602
107000290,20,41,-21
107000291,15,17,-2
107000292,3,258,-255
107000293,129,13,116
107000294,0,39,-39
107000295,57,21,36
107000296,0,29,-29
107000444,363,8,355
107000496,5,11,-6
107000497,1513,1990,-477
107000500,407,260,147
107000501,141,152,-11
107000502,170,267,-97
107000505,317,745,-428
107000506,3,133,-130
107000508,7,504,-497
107000509,277,845,-568
107000510,36,29,7
107000514,74,387,-313
107000515,20,147,-127
107000516,483,305,178
107000518,1355,1823,-468
107000519,1630,882,748
107000520,99,32,67
107900001,102,112,-10
107900002,80,9,71
107900003,465,28,437
107900004,128,4,124
107900005,1587,4,1583
107900006,226,1,225
107900007,447,44,403
107900008,96,22,74
107900009,280,19,261
107900010,48,2,46
107900012,365,84,281
107900013,323,40,283
107900014,60,17,43
107900015,1138,17,1121
107900016,604,84,520
107900017,65,3,62
107900018,78,191,-113
107900019,40,30,10
107900020,157,39,118
107900021,113,126,-13
107900023,11,4,7
107900024,0,16,-16
107900025,316,245,71
107900026,81,53,28
107900027,35,71,-36
107900028,159,52,107
107900030,221,21,200
107900031,84,73,11
107900032,25,11,14
107900033,31,6,25
107900034,460,20,440
107900035,1058,58,1000
107900036,100,41,59
107900037,0,17,-17
107900038,133,302,-169
107900039,49,36,13
107900040,42,405,-363
107900041,4,0,4
107900043,37,124,-87
107900044,8,3,5
107900045,126,46,80
107900046,153,147,6
107900047,42,39,3
107900048,244,27,217
107900049,418,1928,-1510
107900050,118,292,-174
107900051,116,52,64
107900052,48,47,1
107900053,44,89,-45
107900055,954,374,580
107900056,168,64,104
107900057,2,0,2
107900058,28,628,-600
107900060,44,144,-100
107900061,19,15,4
107900063,114,148,-34
107900064,322,152,170
107900065,303,16,287
107900066,28,6,22
107900067,0,0,0
107900068,117,880,-763
107900069,42,2125,-2083
107900070,215,98,117
107900071,50,611,-561
107900072,152,134,18
107900073,165,71,94
107900074,608,371,237
107900076,176,51,125
107900077,94,8,86
107900078,279,50,229
107900079,18,11,7
107900080,190,891,-701
107900081,51,79,-28
107900082,33,19,14
107900083,335,219,116
107900084,111,164,-53
107900086,50,144,-94
107900087,641,170,471
107900088,65,14,51
107900089,274,1205,-931
107900090,1316,3102,-1786
107900091,183,301,-118
107900092,2099,479,1620
107900093,82,63,19
107900095,2918,2261,657
107900097,41,108,-67
107900098,52,250,-198
107900100,985,1615,-630
107900101,880,255,625
107900102,45,13,32
107900103,45,118,-73
107900104,290,11,279
107900105,1,321,-320
107900106,4,825,-821
107900107,2382,548,1834
107900108,233,125,108
107900109,1592,25,1567
107900110,71,72,-1
107900111,7,715,-708
107900112,88,369,-281
107900113,221,65,156
107900114,162,94,68
107900115,3,37,-34
107900116,236,137,99
107900117,273,260,13
107900118,116,165,-49
107900119,96,286,-190
107900120,63,23,40
107900121,1,199,-198
107900122,1,139,-138
107900123,2,57,-55
107900124,20,65,-45
107900125,42,188,-146
107900126,15,77,-62
107900127,632,333,299
107900128,114,115,-1
107900129,89,21,68
107900130,94,19,75
107900131,796,420,376
107900132,120,377,-257
107900133,0,94,-94
107900134,55,102,-47
107900135,16,154,-138
107900136,49,77,-28
107900137,151,109,42
107900138,57,43,14
107900139,51,41,10
107900140,82,31,51
107900141,61,50,11
107900142,56,787,-731
107900143,55,27,28
107900144,1,148,-147
107900145,17,91,-74
107900146,95,150,-55
107900147,50,36,14
107900148,166,90,76
107900149,1001,275,726
107900150,90,565,-475
107900151,49,93,-44
107900152,17,175,-158
107900153,141,349,-208
107900154,64,39,25
107900155,119,55,64
107900156,32,250,-218
107900157,53,47,6
107900158,1015,30,985
107900159,32,767,-735
107900160,157,238,-81
107900161,51,149,-98
107900162,3,147,-144
107900163,81,172,-91
107900164,17,51,-34
107900165,46,188,-142
107900166,13,148,-135
107900167,57,41,16
107900168,34,38,-4
107900169,2,162,-160
107900171,16,1059,-1043
107900172,1,352,-351
107900173,21,111,-90
107900174,186,7,179
107900175,45,51,-6
107900176,43,34,9
107900177,6,349,-343
107900178,0,146,-146
107900179,28,162,-134
107900180,554,768,-214
107900181,377,220,157
107900182,2,1006,-1004
107900183,68,187,-119
107900184,101,250,-149
107900185,147,11,136
107900186,32,53,-21
107900187,2,186,-184
107900188,516,134,382
107900189,24,84,-60
107900190,48,151,-103
107900191,134,88,46
107900193,0,27,-27
107900194,260,15,245
107900195,2082,393,1689
107900196,86,106,-20
107900197,756,495,261
107900199,1,698,-697
107900201,92,61,31
107900203,27,52,-25
107900204,193,250,-57
107900205,233,322,-89
107900206,750,519,231
107900207,1,459,-458
107900208,9,500,-491
107900209,372,115,257
107900210,59,98,-39
107900213,901,671,230
107900214,37,115,-78
107900215,140,351,-211
107900216,143,65,78
107900217,51,124,-73
107900218,13,2495,-2482
107900219,40,71,-31
107900220,208,274,-66
107900221,168,171,-3
107900223,121,514,-393
107900224,125,356,-231
107900225,13,728,-715
107900226,86,83,3
107900227,141,350,-209
107900228,32,84,-52
107900229,0,192,-192
107900230,18,82,-64
107900231,18,206,-188
107900232,101,135,-34
107900233,18,193,-175
107900234,125,62,63
107900235,26,144,-118
107900236,129,44,85
107900237,75,381,-306
107900238,32,91,-59
107900239,586,611,-25
107900240,29,116,-87
107900241,22,107,-85
107900242,41,166,-125
107900243,7,57,-50
107900244,338,0,338
107900245,770,43,727
107900246,290,26,264
107900248,437,350,87
107900249,973,39,934
107900250,1,438,-437
107900251,54,1129,-1075
107900252,997,22,975
107900253,243,7,236
107900254,66,410,-344
107900255,285,103,182
107900256,1758,2427,-669
107900257,302,124,178
107900258,130,238,-108
107900259,74,2514,-2440
107900261,7,343,-336
107900262,64,95,-31
107900264,491,11,480
107900265,173,143,30
107900267,252,16,236
107900268,18,6,12
107900269,0,7,-7
107900270,0,0,0
107900271,5,18,-13
107900272,78,33,45
107900273,49,97,-48
107900274,146,0,146
107900275,44,1,43
107900276,2,100,-98
107900277,0,158,-158
107900278,327,330,-3
107900279,74,231,-157
107900280,2514,1894,620
107900281,1185,3331,-2146
107900282,34,500,-466
107900283,1022,774,248
107900284,648,530,118
107900285,133,71,62
107900286,144,88,56
107900287,276,176,100
107900290,0,160,-160
107900291,562,30,532
107900292,147,179,-32
107900293,101,348,-247
107900295,53,40,13
107900297,3,279,-276
107900298,747,746,1
107900299,2172,2511,-339
107900300,113,323,-210
107900301,561,760,-199
107900302,142,45,97
107900303,234,293,-59
107900304,446,462,-16
107900305,393,17,376
107900306,16,36,-20
107900307,40,240,-200
107900308,173,143,30
107900309,108,0,108
107900310,791,9,782
107900311,28,677,-649
107900312,120,1,119
107900313,2,166,-164
107900314,0,47,-47
107900315,1,78,-77
107900316,73,10,63
107900317,108,39,69
107900318,32,182,-150
107900319,12,155,-143
107900320,2,121,-119
107900321,152,6,146
107900322,0,105,-105
107900323,9,151,-142
107900324,168,4,164
107900325,108,2,106
107900326,356,202,154
107900327,2,121,-119
107900328,91,2,89
107900329,138,166,-28
107900330,14,352,-338
107900331,289,13,276
107900332,260,21,239
107900333,50,17,33
107900334,22,109,-87
107900335,183,41,142
107900336,47,68,-21
107900337,804,954,-150
107900338,15,157,-142
107900339,1,15,-14
107900340,1,62,-61
107900341,92,4,88
107900342,115,73,42
107900343,73,4,69
107900344,7,73,-66
107900345,124,27,97
107900346,38,3,35
107900347,28,3,25
107900348,11,6,5
107900349,42,9,33
107900350,24,207,-183
108000001,3337,3958,-621
108000002,1886,2219,-333
108000003,4022,3734,288
108000004,11715,13363,-1648
108000005,9401,6845,2556
108000006,7797,6739,1058
108000007,5779,4256,1523
108000008,4315,5206,-891
108000009,4345,4676,-331
108000010,2969,3947,-978
108000011,13332,13484,-152
108000012,15270,14163,1107
108000014,963,948,15
108000015,849,287,562
108000016,335,599,-264
108000017,1207,404,803
108000018,2097,794,1303
108000019,2529,1165,1364
108000020,1378,543,835
108000021,382,1809,-1427
108000022,520,1268,-748
108000023,1465,237,1228
108000024,373,442,-69
108000025,302,306,-4
108000026,710,338,372
108000027,798,511,287
108000028,701,272,429
108000029,632,502,130
108000030,821,253,568
108000031,263,718,-455
108000032,1821,691,1130
108000033,733,889,-156
108000034,1877,633,1244
108000035,776,1915,-1139
108000036,426,804,-378
108000037,2125,476,1649
108000038,2887,611,2276
108000039,582,1591,-1009
108000040,2242,1043,1199
108000041,739,1861,-1122
108000042,381,208,173
108000043,182,308,-126
108000044,801,187,614
108000045,382,474,-92
108000046,1720,316,1404
108000047,550,839,-289
108000048,350,277,73
108000049,1194,321,873
108000050,113,281,-168
108000051,380,166,214
108000052,247,549,-302
108000053,475,234,241
108000054,615,1023,-408
108000055,1232,662,570
108000056,853,1162,-309
108000057,722,1310,-588
108000058,2154,3919,-1765
108000059,2980,1891,1089
108000060,257,418,-161
108000061,177,241,-64
108000062,1008,634,374
108000063,631,463,168
108000064,278,242,36
108000065,587,455,132
108000066,1609,792,817
108000067,1931,706,1225
108000068,866,412,454
108000069,221,804,-583
108000070,2260,912,1348
108000071,624,1259,-635
108000072,2010,1210,800
108000073,1372,1584,-212
108000074,809,433,376
108000075,382,683,-301
108000076,940,555,385
108000077,570,621,-51
108000078,2807,1393,1414
108000079,795,1266,-471
108000080,1568,540,1028
108000081,641,1371,-730
108000082,1005,1653,-648
108000083,2194,929,1265
108000084,368,1019,-651
108000085,917,463,454
108000086,765,648,117
108000087,192,2293,-2101
108000088,195,12,183
108000089,411,413,-2
108000090,588,226,362
108000091,316,368,-52
108000092,143,103,40
108000093,226,443,-217
108000094,645,93,552
108000095,172,306,-134
108000096,287,171,116
108000097,185,303,-118
108000098,2082,1346,736
108000099,286,97,189
108000100,120,239,-119
108000101,1636,1397,239
108000102,1815,3463,-1648
108000106,1005,0,1005
108000107,4,1107,-1103
108000108,1088,59,1029
108000109,13,931,-918
108000110,238,337,-99
108000111,211,483,-272
108000112,64,141,-77
108000113,471,268,203
108000115,420,265,155
108000117,672,372,300
108000118,62,266,-204
108000119,590,315,275
108000120,173,711,-538
108000121,230,363,-133
108000122,611,344,267
108000123,790,203,587
108000124,295,460,-165
108000125,478,284,194
108000126,160,390,-230
108000127,616,307,309
108000128,637,386,251
108000129,326,712,-386
108000130,628,201,427
108000131,941,538,403
108000132,1920,1171,749
108000133,1014,488,526
108000134,453,452,1
108000135,1229,514,715
108000136,346,736,-390
108000137,480,319,161
108000138,440,788,-348
108000139,620,324,296
108000140,170,30,140
108000141,27,52,-25
108000142,93,85,8
108000143,62,24,38
108000144,63,21,42
108000145,70,14,56
108000146,89,25,64
108000147,63,49,14
108000148,139,70,69
108000149,30,24,6
108000150,44,22,22
108000151,28,78,-50
108000152,62,460,-398
108000153,587,119,468
108000154,57,6,51
108000155,13,23,-10
108000156,300,110,190
108000157,212,1154,-942
108000158,67,803,-736
108000159,478,224,254
108000160,2359,1187,1172
108000161,2296,3258,-962
108000165,8,255,-247
108000172,5,249,-244
108000173,1471,2223,-752
108000175,344,126,218
108000178,487,316,171
108000179,204,925,-721
108000181,87,15,72
108000182,103,9,94
108000183,34,29,5
108000184,838,2468,-1630
108000185,317,399,-82
108000186,250,58,192
108000187,111,484,-373
108000188,749,248,501
108000189,621,1634,-1013
108000190,47,170,-123
108000192,209,456,-247
108000193,922,56,866
108000194,39,8,31
108000195,6,773,-767
108000196,211,177,34
108000198,555,246,309
108000199,0,214,-214
108000200,696,425,271
108000202,0,317,-317
108000203,144,507,-363
108000204,201,85,116
108000205,250,399,-149
108000339,1346,439,907
108000364,130,315,-185
108000365,144,242,-98
108000367,175,344,-169
108000368,8,46,-38
108000369,732,359,373
108000371,4,610,-606
108000372,750,7,743
108000373,261,192,69
108000376,135,49,86
108000377,548,250,298
108000378,9785,11370,-1585
108000379,34,227,-193
108000381,78,5,73
108000382,113,3,110
108000383,0,125,-125
108900001,81,780,-699
108900002,230,72,158
108900003,295,550,-255
108900004,276,547,-271
108900005,65,401,-336
108900006,846,247,599
108900007,403,243,160
108900008,197,178,19
108900009,98,104,-6
108900010,304,147,157
108900011,710,377,333
108900012,461,364,97
108900013,226,287,-61
108900014,19,108,-89
108900015,0,164,-164
108900016,2,249,-247
108900017,277,534,-257
108900018,178,386,-208
108900019,62,693,-631
108900020,54,184,-130
108900021,173,202,-29
108900022,214,31,183
108900023,23,76,-53
108900024,42,79,-37
108900025,138,102,36
108900026,43,126,-83
108900027,0,44,-44
108900028,94,260,-166
108900029,56,211,-155
108900030,0,55,-55
108900031,162,289,-127
108900032,20,212,-192
108900033,0,124,-124
108900034,2,141,-139
108900035,330,914,-584
108900036,273,232,41
108900037,87,319,-232
108900038,13,221,-208
108900039,1,307,-306
108900040,6,110,-104
108900041,4789,3649,1140
108900042,9,440,-431
108900043,149,430,-281
108900044,1,353,-352
108900045,73,379,-306
108900046,45,543,-498
108900047,0,73,-73
108900048,121,683,-562
108900049,2278,1427,851
108900050,0,144,-144
108900051,0,141,-141
108900052,49,174,-125
108900053,74,203,-129
108900054,117,240,-123
108900055,66,368,-302
108900056,0,106,-106
108900057,1,129,-128
108900058,40,298,-258
108900059,523,55,468
108900060,117,126,-9
108900061,116,38,78
108900062,2,179,-177
108900063,18,207,-189
108900064,306,46,260
108900065,14,166,-152
108900066,532,136,396
108900067,31,119,-88
108900068,0,56,-56
108900069,92,67,25
108900070,30,71,-41
108900071,125,66,59
108900072,1939,755,1184
108900073,8,48,-40
108900074,237,241,-4
108900075,66,47,19
108900076,440,91,349
108900077,61,138,-77
108900078,41,89,-48
108900079,696,212,484
108900080,54,921,-867
108900081,78,219,-141
108900082,98,81,17
108900083,33,317,-284
108900084,375,168,207
108900085,1984,190,1794
108900086,176,171,5
108900087,93,167,-74
108900088,1058,427,631
108900089,35,169,-134
108900090,105,214,-109
108900091,129,64,65
108900092,582,372,210
108900093,143,85,58
108900094,315,80,235
108900095,48,287,-239
108900096,267,12,255
108900097,280,171,109
108900098,1767,955,812
108900099,436,196,240
108900100,103,113,-10
108900101,242,208,34
108900102,96,1207,-1111
108900103,95,117,-22
108900104,102,344,-242
108900105,16,1347,-1331
108900106,475,252,223
108900108,443,100,343
108900109,44,28,16
108900110,253,336,-83
108900111,500,399,101
108900112,314,49,265
108900113,57,75,-18
108900114,0,10,-10
108900115,93,83,10
108900116,129,24,105
108900117,209,30,179
108900118,566,22,544
108900119,349,25,324
108900120,152,161,-9
108900121,400,119,281
108900122,136,37,99
108900123,165,127,38
108900124,591,203,388
108900125,463,8,455
108900126,103,66,37
108900127,235,40,195
108900128,120,42,78
108900129,945,188,757
108900130,429,3,426
108900131,418,8,410
108900132,496,56,440
108900133,344,78,266
108900134,455,218,237
108900135,168,13,155
108900136,113,1,112
108900137,208,3,205
108900138,847,53,794
108900139,752,194,558
108900140,361,191,170
108900141,439,17,422
108900142,139,2,137
108900143,76,0,76
108900144,117,1,116
108900145,199,8,191
108900146,72,3,69
108900147,252,1,251
108900148,77,23,54
108900149,600,270,330
108900150,324,11,313
108900151,204,26,178
108900152,338,87,251
108900153,178,370,-192
108900154,5498,514,4984
108900155,287,91,196
108900156,118,6,112
108900157,33,380,-347
108900158,406,32,374
108900159,6,187,-181
108900160,8,202,-194
108900161,6,331,-325
108900162,128,0,128
108900163,1,248,-247
108900164,35,60,-25
108900165,148,97,51
108900167,1363,7725,-6362
108900168,5709,2685,3024
108900169,59,106,-47
108900171,5989,3295,2694
108900172,236,48,188
108900173,202,355,-153
108900174,928,574,354
108900176,132,341,-209
108900177,4732,7034,-2302
108900178,3337,4084,-747
108900179,458,1800,-1342
108900180,128,298,-170
108900182,37,369,-332
108900183,259,224,35
108900184,534,227,307
108900185,128,396,-268
108900186,110,392,-282
108900187,490,76,414
108900188,734,95,639
108900189,554,170,384
108900190,58,2009,-1951
108900191,199,44,155
108900192,83,216,-133
108900193,272,93,179
108900194,36,591,-555
108900195,163,226,-63
108900196,47,348,-301
108900198,8,294,-286
108900199,302,371,-69
108900200,604,411,193
108900201,444,1486,-1042
108900203,506,125,381
108900204,442,17,425
108900205,257,32,225
108900206,671,107,564
108900207,208,130,78
108900208,29,333,-304
108900209,177,504,-327
108900210,255,208,47
108900211,190,583,-393
108900212,536,1680,-1144
108900215,76,326,-250
108900216,498,254,244
108900217,127,0,127
108900218,157,24,133
108900219,106,12,94
108900220,99,35,64
108900221,76,171,-95
108900222,356,32,324
108900223,23,162,-139
108900224,62,263,-201
108900225,2,310,-308
108900226,327,34,293
108900227,183,413,-230
108900230,183,213,-30
108900231,32,211,-179
108900232,2,214,-212
108900233,588,122,466
108900234,343,200,143
108900235,201,561,-360
108900236,70,479,-409
108900237,151,225,-74
108900240,194,128,66
108900241,56,49,7
108900245,27,1676,-1649
108900249,189,45,144
108900250,250,98,152
108900257,292,409,-117
108900258,5,182,-177
108900259,103,78,25
108900260,14,82,-68
108900261,85,131,-46
108900262,157,147,10
108900263,50,197,-147
108900264,526,286,240
108900265,1076,490,586
108900266,622,735,-113
108900267,11,126,-115
108900268,6,9,-3
108900269,126,27,99
108900270,78,11,67
108900271,62,16,46
108900272,240,8,232
108900273,693,908,-215
108900274,50,55,-5
108900275,3,0,3
108900276,0,5,-5
109000001,2949,1765,1184
109000002,1265,1982,-717
109000003,2788,411,2377
109000004,501,1870,-1369
109000005,2512,567,1945
109000006,623,1827,-1204
109000007,1758,606,1152
109000008,587,1533,-946
109000009,4053,1235,2818
109000010,1338,3037,-1699
109000011,3785,2486,1299
109000012,1721,2819,-1098
109000013,4303,3464,839
109000014,1943,2901,-958
109000015,4176,8156,-3980
109000016,5465,3144,2321
109000017,2962,1354,1608
109000018,996,2556,-1560
109000019,2705,1352,1353
109000020,979,1717,-738
109000023,274,34,240
109000024,11,199,-188
109000025,360,529,-169
109000026,611,342,269
109000027,84,281,-197
109000028,143,93,50
109000029,167,273,-106
109000030,93,502,-409
109000031,285,157,128
109000032,148,455,-307
109000033,470,240,230
109000034,53,57,-4
109000035,18,81,-63
109000036,100,322,-222
109000037,330,1666,-1336
109000038,502,378,124
109000039,1182,1109,73
109000040,4371,10219,-5848
109000041,2343,2020,323
109000042,638,1269,-631
109000044,425,86,339
109000045,108,328,-220
109000046,408,73,335
109000047,71,396,-325
109000048,943,341,602
109000049,316,681,-365
109000050,508,372,136
109000051,350,283,67
109000052,616,709,-93
109000053,240,102,138
109000054,356,430,-74
109000055,211,379,-168
109000056,398,421,-23
109000057,848,567,281
109000058,1036,382,654
109000059,774,1697,-923
109000060,434,363,71
109000061,708,1398,-690
109000062,156,400,-244
109000063,254,152,102
109000064,322,186,136
109000065,144,204,-60
109000066,483,77,406
109000067,78,263,-185
109000068,2710,15,2695
109000069,816,44,772
109000070,13,1485,-1472
109000071,422,89,333
109000072,122,308,-186
109000073,56,104,-48
109000074,24,131,-107
109000075,72,332,-260
109000076,121,259,-138
109000077,388,241,147
109000078,97,156,-59
109000079,154,124,30
109000080,202,91,111
109000081,165,348,-183
109000082,701,222,479
109000083,269,540,-271
109000088,135,515,-380
109000089,364,87,277
109000090,135,367,-232
109000091,352,221,131
109000092,428,471,-43
109000093,310,235,75
109000094,759,5,754
109000095,197,337,-140
109000096,955,240,715
109000097,80,116,-36
109000098,45,169,-124
109000099,1130,360,770
109000100,337,524,-187
109000101,2040,784,1256
109000102,440,839,-399
109000103,521,621,-100
109000104,2209,564,1645
109000105,632,1199,-567
109000106,2179,887,1292
109000107,635,1807,-1172
109000108,2055,683,1372
109000109,505,1495,-990
109000110,1644,575,1069
109000111,1077,1882,-805
109000112,490,133,357
109000113,347,213,134
109000114,300,315,-15
109000115,1269,22,1247
109000116,9,220,-211
109000117,276,75,201
109000118,11,273,-262
109000119,1801,277,1524
109000120,246,682,-436
109000121,569,49,520
109000122,151,592,-441
109000123,28,35,-7
109000124,723,416,307
109000125,837,322,515
109000126,445,674,-229
109000127,1162,217,945
109000128,540,1174,-634
109000129,2847,890,1957
109000130,489,1404,-915
109000131,1029,699,330
109000132,791,1605,-814
109000133,317,818,-501
109000134,819,1225,-406
109000135,1304,2018,-714
109000136,354,299,55
109000137,387,381,6
109000138,488,306,182
109000139,638,398,240
109000140,201,340,-139
109000141,748,479,269
109000142,190,522,-332
109000143,133,92,41
109000145,116,270,-154
109000146,45,120,-75
109000148,3186,2208,978
109000149,21,50,-29
109000150,82,256,-174
109000155,958,705,253
109000156,1005,593,412
109000158,199,323,-124
109000159,154,613,-459
109000160,1203,284,919
109000161,445,961,-516
109000162,2259,670,1589
109000163,1258,1507,-249
109000164,1330,2087,-757
109000165,1446,542,904
109000166,816,128,688
109000167,159,472,-313
109000170,53,43,10
109000171,89,57,32
109000172,30,99,-69
109000173,32,94,-62
109000174,123,63,60
109000175,53,76,-23
109000176,385,233,152
109000177,22,102,-80
109000178,544,181,363
109000179,4040,5512,-1472
109000180,5428,4180,1248
109000181,15,32,-17
109000182,48,28,20
109000183,49,24,25
109000184,46,21,25
109000185,24,28,-4
109000188,509,1434,-925
109000189,2288,905,1383
109000190,709,486,223
109000191,341,454,-113
109000192,497,177,320
109000193,242,228,14
109000194,289,80,209
109000195,119,260,-141
109000196,401,93,308
109000197,239,305,-66
109000198,444,68,376
109000199,176,435,-259
109000206,249,37,212
109000207,183,47,136
109000208,115,99,16
109000209,185,154,31
109000210,173,492,-319
109000211,406,294,112
109000214,402,284,118
109000215,123,97,26
109000216,274,287,-13
109000217,259,111,148
109000218,509,252,257
109000221,446,886,-440
109000222,967,264,703
109000223,393,340,53
109000224,58,86,-28
109000225,86,32,54
109000226,51,216,-165
109000227,1283,1161,122
109000228,3,1584,-1581
109000231,2,249,-247
109000232,415,219,196
109000236,336,616,-280
109000241,2350,1822,528
109000242,2056,1168,888
109000293,38,78,-40
109000361,49,225,-176
109000364,347,573,-226
109000396,3,393,-390
109000397,700,20,680
109000399,121,327,-206
109000400,92,186,-94
109000403,192,1067,-875
109000406,361,1,360
109000407,258,128,130
109000408,1,388,-387
109000410,1198,293,905
109000411,183,18,165
109900001,87,1,86
109900002,744,20,724
109900003,271,1,270
109900004,911,105,806
109900005,42,4,38
109900006,770,178,592
109900007,1026,400,626
109900008,0,37,-37
109900009,182,463,-281
109900010,745,27,718
109900011,119,59,60
109900012,414,208,206
109900013,461,169,292
109900014,451,75,376
109900015,454,194,260
109900016,153,27,126
109900017,210,244,-34
109900018,259,55,204
109900019,310,37,273
109900020,50,40,10
109900021,45,20,25
109900022,107,207,-100
109900023,23,10,13
109900024,23,15,8
109900025,50,65,-15
109900026,8,158,-150
109900027,64,39,25
109900028,1078,1108,-30
109900029,5,205,-200
109900030,39,18,21
109900031,2,278,-276
109900032,19,281,-262
109900033,4,526,-522
109900034,36,11,25
109900035,21,19,2
109900036,38,52,-14
109900037,33,397,-364
109900038,127,264,-137
109900039,15,0,15
109900040,51,395,-344
109900041,90,314,-224
109900042,40,1334,-1294
109900044,179,212,-33
109900045,278,160,118
109900046,23,78,-55
109900047,355,274,81
109900048,7,100,-93
109900049,42,42,0
109900050,4,100,-96
109900051,2,25,-23
109900052,83,222,-139
109900053,3,185,-182
109900054,798,272,526
109900055,73,245,-172
109900056,20,232,-212
109900057,6,77,-71
109900058,1,88,-87
109900059,920,161,759
109900060,545,109,436
109900061,67,232,-165
109900062,0,122,-122
109900063,28,474,-446
109900064,507,238,269
109900065,75,152,-77
109900066,368,776,-408
109900067,1,196,-195
109900068,88,6,82
109900069,6,35,-29
109900070,37,260,-223
109900071,2,32,-30
109900072,16,170,-154
109900073,626,461,165
109900074,19,26,-7
109900075,39,72,-33
109900076,13,140,-127
109900077,37,55,-18
109900078,83,195,-112
109900080,141,258,-117
109900081,23,285,-262
109900082,41,327,-286
109900083,35,99,-64
109900084,81,151,-70
109900085,178,553,-375
109900086,203,493,-290
109900087,291,544,-253
109900089,873,203,670
109900090,505,1016,-511
109900091,410,70,340
109900092,1025,55,970
109900093,1070,193,877
109900094,103,113,-10
109900095,180,199,-19
109900096,45,9,36
109900097,112,2,110
109900098,450,73,377
109900099,228,1,227
109900100,48,1,47
109900101,577,10,567
109900102,654,29,625
109900103,63,54,9
109900104,675,621,54
109900105,594,25,569
109900106,825,50,775
109900107,1207,101,1106
109900108,160,336,-176
109900109,48,167,-119
109900110,85,321,-236
109900111,306,728,-422
109900112,292,475,-183
109900113,935,677,258
109900114,985,1540,-555
109900115,191,111,80
109900117,1106,163,943
109900118,193,380,-187
109900119,506,388,118
109900120,99,26,73
109900121,434,462,-28
109900122,503,13,490
109900123,16,124,-108
109900124,52,356,-304
109900125,3,177,-174
109900126,317,72,245
109900128,367,55,312
109900130,5464,2543,2921
109900131,60,156,-96
109900132,46,147,-101
109900133,95,235,-140
109900134,121,94,27
109900135,327,50,277
109900136,74,117,-43
109900137,203,288,-85
109900138,498,458,40
109900140,236,145,91
109900141,401,155,246
109900142,1654,335,1319
109900145,7,622,-615
109900146,459,69,390
109900148,53,97,-44
109900149,53,63,-10
109900150,19,89,-70
109900151,15,68,-53
109900152,0,41,-41
109900153,2,71,-69
109900154,93,0,93
109900155,98,32,66
109900157,55,184,-129
109900158,72,140,-68
109900159,143,59,84
109900160,126,63,63
109900161,200,73,127
109900162,225,119,106
109900163,749,283,466
109900164,104,265,-161
109900165,314,5,309
109900166,2,112,-110
109900167,189,431,-242
109900168,252,577,-325
109900169,265,187,78
109900170,212,1117,-905
109900171,200,106,94
109900172,255,233,22
109900173,2240,2474,-234
109900174,95,130,-35
109900175,62,93,-31
109900176,138,130,8
109900177,59,193,-134
109900178,7,270,-263
109900179,76,15,61
109900180,8,11,-3
110000001,1032,512,520
110000002,588,774,-186
110000003,910,675,235
110000004,511,779,-268
110000005,411,2112,-1701
110000006,289,354,-65
110000007,174,132,42
110000008,23,82,-59
110000009,42,23,19
110000010,37,63,-26
110000011,47,66,-19
110000012,774,312,462
110000013,46,476,-430
110000014,523,390,133
110000015,360,641,-281
110000016,268,1736,-1468
110000017,2981,275,2706
110000018,2729,443,2286
110000019,15,110,-95
110000020,751,283,468
110000021,469,541,-72
110000022,1159,209,950
110000023,23,166,-143
110000024,734,499,235
110000025,388,6,382
110000026,6,325,-319
110000027,1003,1255,-252
110000028,1021,747,274
110000029,576,582,-6
110000030,303,379,-76
110000031,313,396,-83
110000032,875,424,451
110000033,311,190,121
110000034,540,687,-147
110000035,1108,524,584
110000036,1053,686,367
110000037,350,470,-120
110000038,299,723,-424
110000039,724,4076,-3352
110000040,310,361,-51
110000041,295,1623,-1328
110000042,97,640,-543
110000043,972,427,545
110000044,224,928,-704
110000045,1451,221,1230
110000046,8,49,-41
110000047,52,106,-54
110000048,15,78,-63
110000049,107,21,86
110000050,19,36,-17
110000051,31,15,16
110000052,37,28,9
110000053,99,4,95
110000054,184,597,-413
110000055,707,99,608
110000056,232,101,131
110000057,532,618,-86
110000058,1484,544,940
110000059,1081,553,528
110000060,861,1075,-214
110000061,1028,724,304
110000062,715,922,-207
110000063,35,155,-120
110000064,123,49,74
110000065,69,71,-2
110000066,76,38,38
110000067,116,143,-27
110000068,369,157,212
110000069,359,108,251
110000071,237,88,149
110000073,12,9,3
110000075,12,65,-53
110000076,391,414,-23
110000077,375,1357,-982
110000078,23,40,-17
110000080,225,541,-316
110000081,42,251,-209
110000082,45,333,-288
110000083,200,521,-321
110000084,1307,1010,297
110000085,1526,1554,-28
110000086,1405,2453,-1048
110000087,14,55,-41
110000088,91,222,-131
110000089,293,103,190
110000090,143,229,-86
110000091,974,199,775
110000092,22,68,-46
110000093,34,9,25
110000094,531,259,272
110000095,275,632,-357
110000096,1865,1961,-96
110000097,1213,1517,-304
110000098,2289,707,1582
110000099,826,1432,-606
110000100,956,407,549
110000101,24,274,-250
110000102,81,15,66
110000104,360,107,253
110000105,73,295,-222
110000106,767,344,423
110000107,262,342,-80
110000108,132,90,42
110000109,353,289,64
110000110,2791,5646,-2855
110000111,6010,3330,2680
110000112,1252,1425,-173
110000113,298,2249,-1951
110000114,207,684,-477
110000115,391,384,7
110000116,70,54,16
110000117,293,311,-18
110000118,494,135,359
110000119,294,282,12
110000120,453,196,257
110000121,64,373,-309
110000122,486,575,-89
110000123,666,734,-68
110000124,2,768,-766
110000125,1098,9,1089
110000126,331,24,307
110000127,1158,56,1102
110000128,39,1234,-1195
110000129,4,471,-467
110000130,262,218,44
110000131,91,267,-176
110000132,0,640,-640
110000133,53,452,-399
110000134,26,353,-327
110000135,158,34,124
110000136,88,226,-138
110000137,581,519,62
110000138,837,570,267
110000139,1013,1000,13
110000140,960,725,235
110000143,699,415,284
110000144,5349,2045,3304
110000145,1859,1441,418
110000146,2488,1018,1470
110000147,599,756,-157
110000148,708,229,479
110000151,1010,1351,-341
110000152,913,393,520
110000153,158,30,128
110000154,45,43,2
110000155,1838,4593,-2755
110000156,947,2607,-1660
110000157,1909,2608,-699
110000160,482,292,190
110000161,237,248,-11
110000166,739,130,609
110000167,1099,499,600
110000168,1149,541,608
110000169,966,455,511
110000170,116,78,38
110000171,711,128,583
110000172,209,765,-556
110000173,881,1075,-194
110000174,214,766,-552
110000175,943,76,867
110000176,152,370,-218
110000177,281,954,-673
110000178,432,1563,-1131
110000179,1214,376,838
110000180,275,264,11
110000181,541,418,123
110000182,332,141,191
110000183,8024,8338,-314
110000184,319,2523,-2204
110000185,1448,920,528
110000186,902,686,216
110000191,1194,209,985
110000192,691,8,683
110000193,1212,12,1200
110000194,5,910,-905
110000195,486,291,195
110000196,462,273,189
110000197,129,118,11
110000198,101,78,23
110000199,94,129,-35
110000200,1033,476,557
110000201,912,1050,-138
110000202,1398,601,797
110000203,622,683,-61
110000204,0,184,-184
110000205,176,46,130
110000206,680,1190,-510
110000207,1261,410,851
110000208,330,268,62
110000209,151,1587,-1436
110000210,1492,582,910
110000211,962,1085,-123
110000212,571,1093,-522
110000213,271,68,203
110000214,288,115,173
110000215,205,360,-155
110000216,143,241,-98
110000217,338,187,151
110000218,206,229,-23
110000219,360,85,275
110000220,83,220,-137
110000221,399,75,324
110000222,79,200,-121
110000223,6,248,-242
110000224,46,3,43
110000225,286,717,-431
110000226,247,82,165
110000227,905,919,-14
110000228,315,161,154
110000229,0,206,-206
110000230,607,854,-247
110000231,147,198,-51
110000232,350,257,93
110000233,209,289,-80
110000234,909,1807,-898
110000235,1238,1379,-141
110000236,689,641,48
110000237,2385,1683,702
110000238,1194,1355,-161
110000239,2061,1173,888
110000240,4,92,-88
110000242,0,27,-27
110000243,122,139,-17
110000244,195,737,-542
110000245,50,423,-373
110000246,1011,509,502
110000247,1241,5121,-3880
110000248,2351,1739,612
110000249,77,22,55
110000250,42,191,-149
110000251,376,489,-113
110000252,302,176,126
110000253,1331,629,702
110000254,705,1199,-494
110000255,229,1033,-804
110000256,416,290,126
110000257,800,440,360
110000258,9,734,-725
110000259,186,25,161
110000260,33,242,-209
110000263,762,107,655
110000264,343,397,-54
110000265,1441,2321,-880
110000266,2385,3766,-1381
110000267,22,229,-207
110000268,378,527,-149
110000269,8,67,-59
110000270,114,6,108
110000271,1443,341,1102
110000272,1288,1139,149
110000273,3691,2166,1525
110000274,191,1803,-1612
110000275,2079,609,1470
110000276,272,427,-155
110000277,334,439,-105
110000278,435,646,-211
110000279,944,817,127
110000280,501,472,29
110000281,68,474,-406
110000282,327,32,295
110000283,84,174,-90
110000284,56,44,12
110000285,2,858,-856
110000286,24,0,24
110000287,92,4,88
110000288,1,108,-107
110000289,499,2116,-1617
110000290,711,528,183
110000291,5053,1345,3708
110000292,1438,5161,-3723
110000293,619,736,-117
110000294,1234,1099,135
110000295,160,947,-787
110000296,590,364,226
110000297,2721,368,2353
110000298,194,473,-279
110000299,267,67,200
110000301,412,20,392
110000302,227,745,-518
110000303,535,11,524
110000304,150,182,-32
110000305,1467,19,1448
110000306,247,1070,-823
110000307,1761,20,1741
110000308,730,16,714
110000309,7,719,-712
110000310,828,40,788
110000311,22,672,-650
110000312,509,96,413
110000313,2805,2904,-99
110000314,1,177,-176
110000315,3295,3304,-9
110000316,573,1414,-841
110000317,447,1268,-821
110000318,6,66,-60
110000319,14,28,-14
110000320,31,89,-58
110000321,22,53,-31
110000322,352,377,-25
110000323,552,237,315
110000324,2855,1794,1061
110000325,2552,3130,-578
110000327,571,368,203
110000328,204,426,-222
110000333,1172,836,336
110000334,845,1366,-521
110000335,1083,644,439
110000336,736,992,-256
110000337,1563,685,878
110000338,557,259,298
110000339,367,267,100
110000340,34,199,-165
110000341,478,499,-21
110000342,592,6,586
110000343,1,24,-23
110000344,265,247,18
110000345,279,235,44
110000346,2667,2244,423
110000347,1155,716,439
110000348,16,21,-5
110000349,18,17,1
110000350,53,8,45
110000351,1279,750,529
110000352,668,1628,-960
110000353,3362,646,2716
110000354,1113,3439,-2326
110000355,145,72,73
110000356,1234,8,1226
110000357,690,26,664
110000361,69,47,22
110000362,85,74,11
110000363,475,147,328
110000364,258,427,-169
110000365,189,0,189
110000366,1,94,-93
110000367,510,246,264
110000368,8,65,-57
110000369,94,5,89
110000373,7,252,-245
110000374,122,19,103
110000375,122,893,-771
110000376,40,103,-63
110000377,99,647,-548
110000378,20,352,-332
110000379,2868,2048,820
110000380,56,9,47
110000383,2,1191,-1189
110000384,1851,1307,544
110000385,2,214,-212
110000387,102,17,85
110000388,56,237,-181
110000389,862,4,858
110000391,754,288,466
110000396,186,149,37
110000397,151,147,4
110000398,4,28,-24
110000399,184,0,184
110000587,99,101,-2
110000589,197,102,95
110000640,199,60,139
110000652,18,296,-278
110000653,288,428,-140
110000654,120,356,-236
110000656,2,494,-492
110000674,40,33,7
110000675,20,34,-14
110000676,2,75,-73
110000679,259,1467,-1208
110000682,112,248,-136
110000683,322,506,-184
110000684,18,69,-51
110000685,8,30,-22
110000686,5,66,-61
110000687,147,11,136
110000688,77,1083,-1006
110000689,29,31,-2
110000692,83,222,-139
110000693,98,411,-313
110000694,0,147,-147
110000695,195,703,-508
110000696,88,57,31
110900001,407,23,384
110900002,360,194,166
110900003,1085,544,541
110900004,622,197,425
110900005,2239,2583,-344
110900006,37,26,11
110900007,235,28,207
110900008,8,35,-27
110900009,561,185,376
110900010,11,73,-62
110900011,34,74,-40
110900012,31,99,-68
110900013,1192,133,1059
110900014,312,18,294
110900015,474,623,-149
110900016,61,146,-85
110900017,527,37,490
110900018,483,67,416
110900019,247,25,222
110900020,133,206,-73
110900021,97,444,-347
110900022,92,269,-177
110900023,222,580,-358
110900024,32,340,-308
110900025,4,46,-42
110900027,97,237,-140
110900028,42,131,-89
110900029,30,320,-290
110900030,49,184,-135
110900031,3,147,-144
110900032,0,75,-75
110900033,68,230,-162
110900035,19,473,-454
110900036,151,13,138
110900037,114,18,96
110900038,1021,194,827
110900039,4,259,-255
110900040,217,43,174
110900041,18,101,-83
110900042,189,60,129
110900043,7,101,-94
110900044,231,10,221
110900045,62,340,-278
110900046,43,187,-144
110900047,493,356,137
110900049,143,112,31
110900050,26,8,18
110900051,30,187,-157
110900052,4,135,-131
110900053,149,39,110
110900054,30,166,-136
110900055,54,5,49
110900056,68,125,-57
110900057,20,133,-113
110900058,293,236,57
110900059,556,509,47
110900060,507,143,364
110900061,28,51,-23
110900062,205,237,-32
110900063,53,161,-108
110900064,6,0,6
110900065,293,145,148
110900066,11,72,-61
110900067,371,587,-216
110900068,241,244,-3
110900069,13,29,-16
110900070,172,95,77
110900071,219,828,-609
110900073,0,33,-33
110900074,488,91,397
110900075,447,81,366
110900077,1052,563,489
110900078,38,44,-6
110900079,1987,1774,213
110900080,142,93,49
110900081,5,49,-44
110900082,197,92,105
110900083,124,50,74
110900084,57,66,-9
110900085,137,238,-101
110900086,122,378,-256
110900087,405,73,332
110900088,4,0,4
110900090,59,53,6
110900091,5,52,-47
110900093,254,134,120
110900095,77,80,-3
110900097,19,22,-3
110900098,39,61,-22
110900099,77,405,-328
110900100,0,23,-23
110900102,37,24,13
110900105,1903,281,1622
110900108,20,47,-27
110900111,499,212,287
110900112,866,18,848
110900113,441,76,365
110900115,17,62,-45
110900116,777,1306,-529
110900118,132,3554,-3422
110900119,3106,350,2756
110900120,30,58,-28
110900121,158,1,157
110900122,541,215,326
110900125,515,462,53
110900127,651,1535,-884
110900128,224,282,-58
110900129,419,1054,-635
110900130,887,640,247
110900131,269,46,223
110900132,514,77,437
110900133,101,160,-59
110900135,82,329,-247
110900136,382,23,359
110900137,55,3,52
110900138,1064,1251,-187
110900139,25,345,-320
110900140,66,5,61
110900141,11,278,-267
110900142,51,159,-108
110900143,215,88,127
110900144,4,511,-507
110900145,189,65,124
110900146,336,256,80
110900147,120,595,-475
110900148,6,296,-290
110900149,2,57,-55
110900150,147,21,126
110900151,17,121,-104
110900152,42,210,-168
110900153,229,48,181
111000001,430,284,146
111000002,351,432,-81
111000003,1065,655,410
111000004,369,796,-427
111000005,1299,1214,85
111000006,842,1462,-620
111000007,4781,2874,1907
111000008,1845,3112,-1267
111000009,380,778,-398
111000010,893,281,612
111000011,302,1268,-966
111000012,482,507,-25
111000013,489,1192,-703
111000014,1303,528,775
111000017,111,1083,-972
111000018,281,391,-110
111000020,938,2334,-1396
111000021,112,122,-10
111000023,137,143,-6
111000025,3772,3913,-141
111000029,117,90,27
111000030,29,130,-101
111000031,2154,1098,1056
111000032,597,347,250
111000033,352,311,41
111000034,166,261,-95
111000037,1346,664,682
111000038,3566,2170,1396
111000039,1920,2051,-131
111000040,1824,2006,-182
111000041,1509,1533,-24
111000042,2615,2235,380
111000043,2337,3614,-1277
111000044,2251,1205,1046
111000045,2717,2618,99
111000046,2061,1912,149
111000047,3093,4369,-1276
111000049,534,579,-45
111000050,1402,1233,169
111000051,669,944,-275
111000052,611,1437,-826
111000053,436,810,-374
111000054,412,709,-297
111000055,953,1320,-367
111000056,120,385,-265
111000057,98,406,-308
111000058,441,89,352
111000059,520,340,180
111000060,4294,991,3303
111000061,678,358,320
111000062,966,374,592
111000063,1828,1090,738
111000064,830,610,220
111000065,1365,847,518
111000066,644,512,132
111000067,573,537,36
111000068,658,842,-184
111000069,1742,1916,-174
111000070,1005,862,143
111000071,136,407,-271
111000072,1208,448,760
111000073,350,926,-576
111000074,1798,1665,133
111000075,1204,669,535
111000076,639,653,-14
111000077,1890,1645,245
111000078,2996,1337,1659
111000079,1351,759,592
111000080,532,591,-59
111000081,1674,4589,-2915
111000082,839,575,264
111000084,853,633,220
111000085,1043,1083,-40
111000086,2693,785,1908
111000087,702,607,95
111000088,6223,2471,3752
111000089,735,763,-28
111000090,932,1400,-468
111000091,807,416,391
111000092,1517,795,722
111000093,842,1025,-183
111000094,1874,1069,805
111000095,782,2185,-1403
111000096,1780,8057,-6277
111000097,3986,1448,2538
111000098,837,962,-125
111000099,694,1530,-836
111000100,521,1310,-789
111000101,532,995,-463
111000102,284,777,-493
111000104,680,241,439
111000107,143,761,-618
111000109,851,271,580
111000110,1530,756,774
111000111,2496,545,1951
111000112,2086,582,1504
111000113,966,1413,-447
111000114,1650,3264,-1614
111000115,5339,1162,4177
111000116,958,850,108
111000117,388,919,-531
111000118,1279,786,493
111000119,1258,985,273
111000120,563,596,-33
111000121,394,698,-304
111000122,620,933,-313
111000123,1148,2241,-1093
111000124,456,2225,-1769
111000125,254,1204,-950
111000126,80,684,-604
111000127,1039,203,836
111000128,2364,309,2055
111000129,3132,463,2669
111000130,2706,611,2095
111000131,2168,555,1613
111000132,1892,949,943
111000133,245,163,82
111000134,190,120,70
111000135,58,143,-85
111000136,375,317,58
111000138,14,4,10
111000140,1,4,-3
111000141,203,383,-180
111000142,23,108,-85
111000143,9,175,-166
111000144,35,696,-661
111000145,1121,37,1084
111000146,126,19,107
111000147,364,36,328
111000148,141,92,49
111000149,6,43,-37
111000150,18,13,5
111000151,6,32,-26
111000153,675,762,-87
111000154,767,207,560
111000155,126,194,-68
111000156,518,715,-197
111000157,301,1251,-950
111000158,1104,810,294
111000159,3029,845,2184
111000160,509,304,205
111000161,21,325,-304
111000162,89,149,-60
111000163,782,864,-82
111000164,691,3552,-2861
111000165,1034,554,480
111000166,1802,326,1476
111000167,202,429,-227
111000168,223,394,-171
111000169,350,655,-305
111000170,470,366,104
111000171,557,537,20
111000172,172,336,-164
111000173,331,723,-392
111000174,286,366,-80
111000175,57,429,-372
111000176,471,107,364
111000177,449,185,264
111000178,1364,370,994
111000179,210,145,65
111000180,293,436,-143
111000181,1457,224,1233
111000182,232,182,50
111000183,295,420,-125
111000184,407,220,187
111000185,431,420,11
111000186,310,220,90
111000187,126,179,-53
111000188,285,311,-26
111000189,1001,617,384
111000190,251,295,-44
111000191,177,300,-123
111000192,185,417,-232
111000193,390,240,150
111000194,65,332,-267
111000195,191,293,-102
111000196,60,145,-85
111000197,504,116,388
111000198,750,142,608
111000199,280,147,133
111000200,447,360,87
111000201,695,204,491
111000202,354,155,199
111000203,397,239,158
111000204,443,1060,-617
111000213,236,410,-174
111000214,1747,1108,639
111000215,1062,1110,-48
111000217,1560,959,601
111000218,1391,1101,290
111000219,428,224,204
111000220,1397,758,639
111000221,539,122,417
111000224,1,193,-192
111000225,267,77,190
111000226,126,4,122
111000227,48,8,40
111000228,26,443,-417
111000229,69,957,-888
111000230,269,307,-38
111000231,1057,601,456
111000232,609,807,-198
111000233,1159,701,458
111000234,145,503,-358
111000239,92,131,-39
111000240,71,189,-118
111000241,55,260,-205
111000242,224,90,134
111000243,125,411,-286
111000244,656,91,565
111000245,1131,352,779
111000246,577,300,277
111000247,386,670,-284
111000248,776,372,404
111000249,481,528,-47
111000250,47,74,-27
111000251,47,119,-72
111000253,25,28,-3
111000255,53,8,45
111000257,59,17,42
111000260,75,977,-902
111000261,1461,119,1342
111000271,46,314,-268
111000273,3162,1166,1996
111000274,1487,2647,-1160
111000275,153,60,93
111000276,257,1390,-1133
111000277,216,360,-144
111000278,694,235,459
111000291,762,6803,-6041
111000298,609,208,401
111000299,722,127,595
111000300,139,469,-330
111000302,387,75,312
111000303,93,202,-109
111000312,49,59,-10
111000315,0,48,-48
111000320,230,599,-369
111000321,564,140,424
111000322,450,398,52
111000323,275,26,249
111000324,426,221,205
111000325,72,66,6
111000326,194,268,-74
111000327,485,330,155
111000328,300,484,-184
111000329,1,24,-23
111000330,86,19,67
111000331,10,3,7
111000332,663,1340,-677
111000334,397,992,-595
111000335,739,285,454
111000337,1416,414,1002
111000338,151,124,27
111000339,773,312,461
111000340,99,457,-358
111000341,1389,619,770
111000342,236,1011,-775
111000344,1202,593,609
111000345,216,79,137
111000346,24,128,-104
111000347,168,15,153
111000350,171,131,40
111000351,111,324,-213
111000352,243,198,45
111000353,195,316,-121
111000354,595,150,445
111000355,331,699,-368
111000358,167,837,-670
111000360,254,545,-291
111000361,191,201,-10
111000546,903,662,241
111000547,461,466,-5
111000548,172,325,-153
111000549,338,276,62
111000550,66,971,-905
111000551,684,171,513
111000552,1297,165,1132
111000907,325,14,311
111000908,18,0,18
111000916,1862,316,1546
111000917,37,406,-369
111000918,290,687,-397
111000920,519,24,495
111000921,7,134,-127
111000922,560,271,289
111000924,66,636,-570
111000925,2750,1793,957
111000926,1036,1309,-273
111000927,3141,4204,-1063
111000928,4146,2399,1747
111000929,1585,1244,341
111000930,770,1898,-1128
111000931,2379,2671,-292
111000932,3999,2077,1922
111000933,3835,2963,872
111000934,1961,3200,-1239
111000935,1797,957,840
111000936,1097,1931,-834
111000937,1263,1436,-173
111000938,1466,1378,88
111000939,634,66,568
111000940,615,131,484
111000941,430,412,18
111000943,546,232,314
111000944,142,241,-99
111000945,136,1137,-1001
111001109,496,433,63
111001110,131,467,-336
111001111,88,6,82
111001112,118,13,105
111001113,0,171,-171
111001114,800,100,700
111001115,15,726,-711
111001116,4090,4222,-132
111001117,565,2590,-2025
111001120,130,257,-127
111001121,182,170,12
111001122,263,276,-13
111001123,223,53,170
111900001,6,104,-98
111900002,16,616,-600
111900003,1,268,-267
111900004,49,121,-72
111900006,24,25,-1
111900007,139,6,133
111900008,259,8,251
111900009,274,165,109
111900010,323,393,-70
111900012,50,68,-18
111900013,48,85,-37
111900014,4046,4671,-625
111900015,0,58,-58
111900016,2,108,-106
111900017,1,81,-80
111900018,193,2,191
111900019,5,171,-166
111900020,2,69,-67
111900021,46,101,-55
111900022,17,59,-42
111900023,150,97,53
111900024,10,103,-93
111900025,0,33,-33
111900026,1,68,-67
111900027,5,90,-85
111900028,1,287,-286
111900029,8,79,-71
111900030,51,384,-333
111900031,5,26,-21
111900032,0,250,-250
111900033,8,64,-56
111900034,202,465,-263
111900035,67,210,-143
111900036,1,179,-178
111900038,263,559,-296
111900039,57,361,-304
111900040,4,381,-377
111900042,41,145,-104
111900043,6,254,-248
111900044,317,197,120
111900046,55,101,-46
111900048,309,469,-160
111900049,28,200,-172
111900050,148,41,107
111900051,1,248,-247
111900052,263,373,-110
111900053,1073,2080,-1007
111900054,184,9,175
111900055,23,316,-293
111900056,181,355,-174
111900057,216,40,176
111900058,525,470,55
111900059,1448,690,758
111900060,513,6,507
111900061,20,150,-130
111900062,34,78,-44
111900063,449,254,195
111900064,97,183,-86
111900065,154,50,104
111900066,191,192,-1
111900067,1,349,-348
111900068,80,55,25
111900069,96,42,54
111900070,189,121,68
111900071,1,205,-204
111900072,79,20,59
111900073,1049,188,861
111900074,11,169,-158
111900075,99,15,84
111900076,245,77,168
111900077,68,3,65
111900078,369,25,344
111900079,57,36,21
111900080,258,287,-29
111900081,599,192,407
111900082,159,42,117
111900083,200,7,193
111900084,110,6,104
111900085,59,135,-76
111900086,60,6,54
111900087,73,0,73
111900088,529,11,518
111900089,90,2,88
111900090,64,50,14
111900091,370,5,365
111900092,159,1,158
111900093,529,11,518
111900094,128,0,128
111900095,294,36,258
111900096,310,1,309
111900097,72,0,72
111900098,253,3,250
111900099,58,0,58
111900100,155,4,151
111900101,150,32,118
111900102,649,434,215
111900103,74,136,-62
111900104,179,152,27
111900105,400,267,133
111900106,1270,90,1180
111900107,124,108,16
111900108,164,248,-84
111900109,467,559,-92
111900110,1674,510,1164
111900111,284,78,206
111900112,500,3162,-2662
111900113,226,61,165
111900114,176,113,63
111900115,11,36,-25
111900118,356,83,273
111900119,401,202,199
111900122,151,91,60
111900123,36,40,-4
111900124,46,83,-37
111900125,696,57,639
111900126,285,1,284
111900127,3,489,-486
111900128,2,424,-422
111900129,401,5,396
111900130,277,53,224
111900131,573,4,569
111900132,34,863,-829
111900133,36,312,-276
111900134,8,181,-173
111900135,13,32,-19
111900136,67,160,-93
111900137,90,42,48
111900138,20,76,-56
111900139,28,105,-77
111900140,160,43,117
111900141,102,10,92
111900142,123,41,82
111900143,23,171,-148
111900144,12,78,-66
111900145,2,343,-341
111900146,0,201,-201
111900147,109,397,-288
111900148,28,455,-427
111900149,8,234,-226
111900150,15,143,-128
111900151,3,38,-35
111900152,86,100,-14
111900153,1145,782,363
111900154,23,306,-283
111900155,54,82,-28
111900156,98,75,23
111900157,158,19,139
111900158,605,88,517
111900159,368,33,335
111900160,350,2,348
111900161,182,0,182
111900162,72,173,-101
111900163,78,162,-84
111900164,124,100,24
111901113,602,106,496
111901114,285,223,62
111901115,116,9,107
111901116,65,1,64
111901117,22,39,-17
111901118,59,336,-277
111901119,475,77,398
111901120,74,110,-36
111901121,168,150,18
111901122,4,360,-356
111901123,253,205,48
111901124,236,7,229
111901125,405,179,226
111901126,159,76,83
111901127,560,725,-165
111901128,16,86,-70
111901129,11,167,-156
111901130,9,161,-152
111901131,2,267,-265
111901132,83,41,42
111901133,61,5,56
111901134,143,4,139
111901135,49,7,42
111901136,44,59,-15
111901137,3,34,-31
111901138,228,35,193
111901139,9,30,-21
111901140,8,88,-80
111901141,5,136,-131
111901142,2,85,-83
111901143,3,112,-109
111901144,56,49,7
111901145,190,332,-142
112000001,2117,713,1404
112000002,721,1942,-1221
112000003,1992,1152,840
112000004,762,790,-28
112000005,3895,3932,-37
112000006,1924,1577,347
112000007,4193,2654,1539
112000008,2953,4095,-1142
112000009,2949,2352,597
112000010,3514,4482,-968
112000011,1623,1493,130
112000012,5820,6653,-833
112000013,3558,4005,-447
112000014,2559,3674,-1115
112000015,2480,4372,-1892
112000016,5798,2833,2965
112000017,2465,4803,-2338
112000024,2236,899,1337
112000026,2729,3350,-621
112000027,950,699,251
112000028,1088,1432,-344
112000029,740,1007,-267
112000030,150,82,68
112000031,1581,6091,-4510
112000032,269,64,205
112000033,1899,3334,-1435
112000034,190,78,112
112000035,108,736,-628
112000036,1019,1752,-733
112000037,1162,1193,-31
112000038,1581,1667,-86
112000039,120,85,35
112000040,113,201,-88
112000041,408,434,-26
112000042,1078,500,578
112000050,1416,1603,-187
112000051,1347,1987,-640
112000054,1659,1788,-129
112000057,824,512,312
112000058,454,723,-269
112000059,702,941,-239
112000061,3078,1987,1091
112000062,1687,1417,270
112000063,1242,2110,-868
112000064,3898,5136,-1238
112000065,1757,2268,-511
112000066,4078,1596,2482
112000067,786,739,47
112000068,3646,2765,881
112000069,720,1746,-1026
112000070,2443,1050,1393
112000071,1155,2603,-1448
112000072,3079,1024,2055
112000073,2061,2734,-673
112000074,1928,1481,447
112000075,1499,1473,26
112000076,3607,2627,980
112000077,715,523,192
112000078,2194,778,1416
112000079,1780,1465,315
112000080,992,880,112
112000081,1340,2327,-987
112000082,1903,962,941
112000083,624,1200,-576
112000084,1616,720,896
112000085,1357,925,432
112000086,2017,1093,924
112000087,568,402,166
112000088,1007,462,545
112000089,467,403,64
112000090,380,348,32
112000091,660,887,-227
112000092,2196,1100,1096
112000093,1668,843,825
112000094,829,867,-38
112000095,765,747,18
112000096,806,603,203
112000097,1485,850,635
112000098,1027,958,69
112000099,1000,2017,-1017
112000100,2429,838,1591
112000101,611,743,-132
112000102,1680,504,1176
112000103,372,844,-472
112000105,480,1069,-589
112000106,1996,448,1548
112000107,28,261,-233
112000108,268,1603,-1335
112000109,69,74,-5
112000110,2054,575,1479
112000111,1322,6543,-5221
112000112,6193,927,5266
112000113,1039,1959,-920
112000114,3359,1174,2185
112000115,425,530,-105
112000116,764,1133,-369
112000117,1163,868,295
112000118,899,785,114
112000119,487,663,-176
112000120,91,313,-222
112000121,155,396,-241
112000122,356,134,222
112000123,861,158,703
112000124,490,69,421
112000125,318,316,2
112000126,341,373,-32
112000127,2750,3183,-433
112000128,1042,1101,-59
112000129,121,105,16
112000130,292,100,192
112000131,44,247,-203
112000132,199,258,-59
112000133,378,146,232
112000134,493,499,-6
112000135,1660,895,765
112000136,1111,1627,-516
112000137,2199,3565,-1366
112000138,2031,2081,-50
112000139,1031,682,349
112000140,790,1083,-293
112000141,1140,371,769
112000142,161,474,-313
112000143,1296,201,1095
112000144,291,970,-679
112000145,2957,561,2396
112000146,572,1341,-769
112000147,2631,1639,992
112000148,1338,1922,-584
112000149,709,564,145
112000150,411,544,-133
112000151,422,376,46
112000152,419,346,73
112000153,185,251,-66
112000154,156,265,-109
112000155,163,163,0
112000157,722,619,103
112000158,445,416,29
112000159,650,432,218
112000167,495,88,407
112000169,301,499,-198
112000173,938,259,679
112000175,457,437,20
112000176,2538,2081,457
112000177,934,269,665
112000178,107,334,-227
112000179,288,95,193
112000180,323,356,-33
112000181,1437,1551,-114
112000182,1579,1249,330
112000183,46,32,14
112000184,466,321,145
112000185,656,413,243
112000187,4682,3065,1617
112000195,191,26,165
112000196,323,4,319
112000197,283,186,97
112000198,70,300,-230
112000199,905,867,38
112000202,563,2,561
112000216,64,267,-203
112000230,137,4,133
112000231,5,211,-206
112000256,74,315,-241
112000313,68,175,-107
112000314,56,49,7
112000337,521,723,-202
112000352,368,457,-89
112000392,1801,1441,360
112000398,1608,924,684
112000399,1746,2766,-1020
112000400,1672,2354,-682
112000401,2324,2101,223
112000402,4013,4161,-148
112000403,1897,3570,-1673
112000404,1103,1103,0
112000405,2261,3052,-791
112000406,2896,1841,1055
112000407,8551,8968,-417
112000408,7228,4954,2274
112000409,1466,3217,-1751
112000410,596,429,167
112000411,3471,2085,1386
112000412,1544,655,889
112000413,6930,7141,-211
112000414,105,84,21
112000415,98,65,33
112000416,2970,1449,1521
112000417,342,125,217
112000421,42,118,-76
112000422,380,294,86
112000424,2016,3142,-1126
112000425,526,603,-77
112000426,200,364,-164
112000427,0,17,-17
112000428,250,300,-50
112000429,2270,2359,-89
112000430,2528,3036,-508
112000431,106,195,-89
112000432,681,967,-286
112000433,482,1002,-520
112000437,81,145,-64
112900001,130,3,127
112900002,578,760,-182
112900003,106,326,-220
112900004,60,195,-135
112900005,322,171,151
112900006,18,288,-270
112900007,87,159,-72
112900008,1,67,-66
112900009,505,128,377
112900010,347,654,-307
112900011,142,227,-85
112900012,3,50,-47
112900013,18,506,-488
112900014,3,250,-247
112900015,449,746,-297
112900016,10,198,-188
112900017,64,195,-131
112900018,1,201,-200
112900019,24,146,-122
112900020,486,1110,-624
112900021,4,176,-172
112900022,21,67,-46
112900023,1,118,-117
112900024,8,176,-168
112900025,173,328,-155
112900026,3,185,-182
112900027,103,867,-764
112900028,29,143,-114
112900029,17,431,-414
112900030,125,126,-1
112900031,6,324,-318
112900032,231,235,-4
112900034,5,48,-43
112900035,1,314,-313
112900036,88,169,-81
112900037,190,217,-27
112900038,778,155,623
112900039,10,242,-232
112900040,7,753,-746
112900041,810,1283,-473
112900042,95,261,-166
112900043,38,82,-44
112900044,498,515,-17
112900045,280,280,0
112900046,179,69,110
112900047,9,39,-30
112900049,265,88,177
112900050,43,620,-577
112900051,297,518,-221
112900052,3,624,-621
112900053,347,168,179
112900054,246,83,163
112900055,153,57,96
112900056,510,248,262
112900057,24,420,-396
112900058,383,408,-25
112900059,133,195,-62
112900060,45,142,-97
112900061,103,127,-24
112900062,63,104,-41
112900063,133,11,122
112900064,203,243,-40
112900065,75,31,44
112900066,489,220,269
112900067,323,176,147
112900068,74,54,20
112900069,1832,874,958
112900071,64,3,61
112900072,222,2376,-2154
112900073,530,152,378
112900074,118,323,-205
112900075,1245,1168,77
112900076,94,42,52
112900078,395,472,-77
112900079,377,28,349
112900080,104,7,97
112900081,42,209,-167
112900082,617,28,589
112900083,151,163,-12
112900084,277,145,132
112900085,0,10,-10
112900086,78,2,76
112900087,934,205,729
112900088,198,35,163
112900089,1224,41,1183
112900090,71,37,34
112900091,290,9,281
112900092,176,352,-176
112900093,1665,25,1640
112900094,110,0,110
112900095,59,1,58
112900096,523,197,326
112900097,95,329,-234
112900098,371,14,357
112900099,1025,23,1002
112900100,67,4,63
112900101,457,4,453
112900102,291,14,277
112900103,225,11,214
112900104,14,1,13
112900105,34,0,34
112900106,456,134,322
112900107,10,0,10
112900108,36,0,36
112900109,151,2,149
112900110,1460,28,1432
112900111,780,8,772
112900112,368,0,368
112900113,0,12,-12
112900114,230,28,202
112900115,1574,4,1570
112900116,221,31,190
112900117,92,68,24
112900118,43,114,-71
112900119,181,3,178
112900120,780,345,435
112900121,83,185,-102
112900122,16,94,-78
112900123,112,15,97
112900124,28,88,-60
112900125,132,717,-585
112900126,161,203,-42
112900127,428,73,355
112900128,197,663,-466
112900129,8,724,-716
112900130,297,85,212
112900131,61,440,-379
112900132,109,405,-296
112900133,37,1353,-1316
112900134,0,447,-447
112900135,117,53,64
112900136,0,16,-16
112900137,2,376,-374
112900138,8,259,-251
112900139,223,1079,-856
112900140,0,63,-63
112900141,1074,62,1012
112900142,73,227,-154
112900143,35,454,-419
112900144,1,142,-141
112900145,33,398,-365
112900146,8,993,-985
112900147,1,1168,-1167
112900148,47,2,45
112900149,249,551,-302
112900151,17,59,-42
112900152,3939,837,3102
112900153,1774,2694,-920
112900154,0,98,-98
112900155,225,56,169
112900156,360,890,-530
112900157,515,51,464
112900158,111,42,69
112900159,269,142,127
112900160,56,277,-221
112900161,98,45,53
112900162,47,28,19
112900163,97,68,29
112900164,32,179,-147
112900165,164,36,128
112900166,28,101,-73
112900167,12,86,-74
112900168,10,3,7
112900169,20,27,-7
112900170,213,126,87
112900172,57,19,38
112900173,228,90,138
112900174,284,47,237
112900175,161,196,-35
112900176,14,67,-53
112900177,260,66,194
112900178,859,2932,-2073
112900179,42,464,-422
112900180,2530,1763,767
112900181,688,5,683
112900182,37,855,-818
112900183,199,394,-195
112900184,553,576,-23
112900185,300,942,-642
112900186,1565,1703,-138
112900187,119,664,-545
112900188,803,1606,-803
112900189,14,52,-38
112900190,7,119,-112
112900192,868,860,8
112900193,1840,491,1349
112900194,76,111,-35
112900195,1336,65,1271
112900196,298,389,-91
112900197,225,462,-237
112900199,709,435,274
112900200,717,195,522
112900201,179,110,69
112900202,332,715,-383
112900203,379,226,153
112900204,934,579,355
112900205,14,3,11
112900206,62,82,-20
112900207,42,0,42
112900208,99,341,-242
112900209,388,301,87
112900210,2,20,-18
112900211,93,64,29
112900212,0,98,-98
112900213,54,24,30
112900214,30,15,15
112900215,15,119,-104
112900216,27,62,-35
112900217,8,66,-58
112900218,200,55,145
112900219,98,7,91
112900220,9,0,9
112900221,84,125,-41
112900222,0,41,-41
112900223,1430,36,1394
112900224,443,418,25
112900225,554,290,264
112900226,374,469,-95
112900227,844,787,57
112900228,83,34,49
112900229,349,33,316
112900230,8448,4889,3559
112900232,532,387,145
112900233,68,145,-77
112900234,30,93,-63
112900235,153,20,133
112900236,349,17,332
112900237,205,154,51
112900238,12,23,-11
112900239,408,513,-105
113000001,7107,4817,2290
113000002,4542,3746,796
113000003,2190,1581,609
113000004,1690,2268,-578
113000005,2187,1165,1022
113000006,1197,1407,-210
113000007,2764,1208,1556
113000008,1853,1879,-26
113000009,1600,745,855
113000010,1346,1359,-13
113000011,902,1516,-614
113000012,2191,823,1368
113000013,1347,753,594
113000014,1524,1757,-233
113000015,606,345,261
113000016,473,1242,-769
113000017,113,384,-271
113000018,402,64,338
113000019,286,338,-52
113000020,398,77,321
113000021,1135,510,625
113000022,746,1265,-519
113000025,148,415,-267
113000026,491,600,-109
113000027,584,884,-300
113000028,959,827,132
113000029,1126,722,404
113000030,358,757,-399
113000031,300,373,-73
113000032,425,313,112
113000033,421,570,-149
113000034,440,408,32
113000035,52,50,2
113000036,50,77,-27
113000037,99,49,50
113000038,35,79,-44
113000039,126,311,-185
113000040,70,81,-11
113000042,870,628,242
113000051,1017,2291,-1274
113000052,2178,752,1426
113000053,618,402,216
113000054,470,698,-228
113000055,1402,568,834
113000056,1238,953,285
113000058,776,892,-116
113000059,1380,553,827
113000060,311,534,-223
113000061,482,756,-274
113000062,834,317,517
113000063,273,88,185
113000064,76,274,-198
113000065,147,676,-529
113000066,1038,83,955
113000067,2515,1141,1374
113000068,363,998,-635
113000069,578,964,-386
113000070,3007,938,2069
113000071,520,626,-106
113000072,1014,458,556
113000073,451,1355,-904
113000074,1118,374,744
113000075,1966,687,1279
113000076,682,2181,-1499
113000077,1390,828,562
113000078,833,2691,-1858
113000079,1134,1049,85
113000080,827,1129,-302
113000081,1294,1292,2
113000082,1508,1337,171
113000083,642,939,-297
113000084,1860,1499,361
113000085,1077,838,239
113000086,1256,1276,-20
113000087,1059,973,86
113000088,2503,1495,1008
113000089,1114,1721,-607
113000090,341,680,-339
113000091,554,504,50
113000094,1444,243,1201
113000095,264,898,-634
113000096,168,802,-634
113000097,1176,510,666
113000098,221,47,174
113000099,1448,455,993
113000100,135,503,-368
113000101,381,694,-313
113000102,711,537,174
113000103,2002,497,1505
113000104,735,2249,-1514
113000105,1168,620,548
113000106,417,579,-162
113000107,1076,725,351
113000108,726,1016,-290
113000109,663,1934,-1271
113000110,2054,563,1491
113000111,111,637,-526
113000112,285,361,-76
113000113,1643,396,1247
113000114,309,1889,-1580
113000116,907,394,513
113000117,1740,151,1589
113000118,140,820,-680
113000119,464,549,-85
113000120,74,323,-249
113000121,916,2041,-1125
113000124,244,126,118
113000125,81,930,-849
113000127,2128,351,1777
113000128,733,689,44
113000129,640,771,-131
113000133,2419,2085,334
113000134,9,1132,-1123
113000135,4813,4878,-65
113000137,2143,4054,-1911
113000139,514,331,183
113000140,158,303,-145
113000141,392,341,51
113000142,670,1763,-1093
113000143,410,253,157
113000144,264,699,-435
113000145,94,133,-39
113000146,210,85,125
113000147,233,107,126
113000148,247,145,102
113000149,136,175,-39
113000150,825,380,445
113000151,125,71,54
113000152,64,186,-122
113000153,1533,658,875
113000154,991,1814,-823
113000155,441,738,-297
113000156,210,372,-162
113000157,316,878,-562
113000158,812,262,550
113000159,1221,582,639
113000160,681,1087,-406
113000161,309,461,-152
113000162,1071,316,755
113000163,123,61,62
113000164,36,113,-77
113000166,239,92,147
113000167,71,99,-28
113000168,114,102,12
113000169,253,45,208
113000170,99,87,12
113000171,65,125,-60
113000172,358,76,282
113000173,92,24,68
113000174,152,386,-234
113000175,503,96,407
113000176,614,177,437
113000177,229,473,-244
113000178,269,323,-54
113000179,392,195,197
113000180,719,1168,-449
113000181,1138,827,311
113000182,212,410,-198
113000183,142,656,-514
113000184,19,127,-108
113000189,439,1091,-652
113000190,771,577,194
113000192,1028,3177,-2149
113000193,3288,2111,1177
113000194,1165,1358,-193
113000195,1959,1482,477
113000196,206,79,127
113000197,1452,1534,-82
113000198,51,307,-256
113000199,2277,632,1645
113000201,223,315,-92
113000202,4243,1307,2936
113000203,129,134,-5
113000204,1006,2996,-1990
113000205,16,35,-19
113000206,36,61,-25
113000207,78,38,40
113000208,65,76,-11
113000209,12,29,-17
113000210,11,19,-8
113000211,128,241,-113
113000212,80,28,52
113000213,51,192,-141
113000214,158,277,-119
113000234,206,733,-527
113000410,229,273,-44
113000411,3137,4997,-1860
113000412,6346,2909,3437
113000413,2465,3475,-1010
113000414,5862,16614,-10752
113000415,2454,3101,-647
113000416,8461,4398,4063
113000417,3100,3233,-133
113000418,5516,4169,1347
113000419,2354,2813,-459
113000420,5129,7314,-2185
113000421,4792,7941,-3149
113000422,13765,13038,727
113000423,2302,6319,-4017
113000424,3472,10544,-7072
113000425,13,114,-101
113000428,74,70,4
113000430,13,240,-227
113000432,2071,161,1910
113000433,93,616,-523
113000434,16,160,-144
113000435,47,414,-367
113000436,20,1053,-1033
113000437,1129,20,1109
113000438,290,13,277
113000439,31,87,-56
113000440,116,14,102
113000441,224,162,62
113000442,108,186,-78
113000443,259,241,18
113000444,167,153,14
113000445,143,86,57
113000446,39,69,-30
113000448,256,172,84
113000449,185,481,-296
113000450,614,1677,-1063
113000451,1318,227,1091
113000452,301,342,-41
113000453,64,409,-345
113000454,481,32,449
113000455,15,429,-414
113000456,4328,3162,1166
113000468,1375,212,1163
113000469,136,204,-68
113000470,380,29,351
113000471,7,320,-313
113000472,108,331,-223
113000474,752,627,125
113000475,1528,1888,-360
113000476,1748,2126,-378
113000477,3954,2001,1953
113000478,3712,4618,-906
113000479,69,138,-69
113000480,116,327,-211
113000481,0,0,0
113000482,0,0,0
113000483,0,0,0
113000484,0,0,0
113000485,1,0,1
113000486,3,0,3
113000487,0,1,-1
113000488,0,1,-1
113000489,5,8,-3
113000490,0,4,-4
113000491,4,11,-7
113000492,6,5,1
113000493,2,0,2
113000495,150,111,39
113000496,101,79,22
113000500,0,2,-2
113900001,5,286,-281
113900002,8,73,-65
113900003,1,61,-60
113900004,0,53,-53
113900005,0,98,-98
113900006,2,22,-20
113900007,47,17,30
113900008,38,1,37
113900009,95,0,95
113900010,56,0,56
113900011,44,0,44
113900012,46,0,46
113900013,210,7,203
113900014,635,2,633
113900015,0,115,-115
113900016,39,0,39
113900017,1,40,-39
113900018,373,258,115
113900019,158,52,106
113900020,168,0,168
113900022,35,1,34
113900023,34,0,34
113900024,19,35,-16
113900025,375,35,340
113900026,113,0,113
113900027,10,48,-38
113900028,29,353,-324
113900029,66,156,-90
113900030,306,0,306
113900031,11,2,9
113900032,51,1,50
113900033,53,88,-35
113900035,74,0,74
113900036,24,82,-58
113900037,231,424,-193
113900038,27,102,-75
113900039,194,33,161
113900040,5,18,-13
113900041,8,1,7
113900042,104,41,63
113900043,153,142,11
113900044,265,290,-25
113900045,123,2,121
113900046,404,738,-334
113900047,74,101,-27
113900048,214,129,85
113900049,504,331,173
113900050,293,352,-59
113900051,229,308,-79
113900052,225,176,49
113900053,647,483,164
113900054,35,2,33
113900055,105,396,-291
113900056,62,192,-130
113900057,14,66,-52
113900058,92,125,-33
113900059,284,286,-2
113900060,175,310,-135
113900061,951,238,713
113900062,129,20,109
113900063,144,107,37
113900064,20,105,-85
113900065,494,14,480
113900066,405,294,111
113900067,201,411,-210
113900068,614,483,131
113900069,66,42,24
113900070,217,509,-292
113900071,100,60,40
113900072,74,164,-90
113900073,343,373,-30
113900074,324,855,-531
113900075,1282,1362,-80
113900076,314,26,288
113900077,53,154,-101
113900078,42,46,-4
113900079,1,36,-35
113900080,628,213,415
113900081,69,225,-156
113900082,130,219,-89
113900083,462,330,132
113900084,274,106,168
113900085,43,238,-195
113900086,47,15,32
113900087,153,167,-14
113900088,101,90,11
113900089,517,46,471
113900090,664,360,304
113900091,22,4,18
113900092,43,100,-57
113900093,82,938,-856
113900094,600,452,148
113900095,191,147,44
113900096,379,84,295
113900097,33,102,-69
113900098,762,118,644
113900099,2,48,-46
113900100,0,1,-1
113900101,8,108,-100
113900102,163,162,1
113900103,376,418,-42
113900104,152,246,-94
113900105,158,156,2
113900106,0,54,-54
113900107,3,18,-15
113900108,218,340,-122
113900109,417,207,210
113900110,95,24,71
113900111,150,80,70
113900112,121,65,56
113900113,1175,437,738
113900114,2,80,-78
113900115,1,88,-87
113900116,142,180,-38
113900117,132,40,92
113900118,285,509,-224
113900119,183,534,-351
113900120,71,37,34
113900121,97,75,22
113900122,578,2210,-1632
113900123,530,194,336
113900124,3,94,-91
113900125,889,123,766
113900126,186,46,140
113900127,371,856,-485
113900128,186,78,108
113900129,18,162,-144
113900130,7,205,-198
113900131,351,71,280
113900132,48,59,-11
113900133,24,66,-42
113900135,370,309,61
113900136,151,79,72
113900137,374,250,124
113900138,105,344,-239
113900139,299,211,88
113900140,221,488,-267
113900141,701,275,426
113900142,153,65,88
113900143,12,53,-41
113900144,237,452,-215
113900145,500,146,354
113900146,181,67,114
113900148,148,340,-192
113900149,208,94,114
113900150,604,534,70
113900151,542,219,323
113900152,54,67,-13
113900153,276,632,-356
113900154,5,147,-142
113900155,209,175,34
113900156,256,385,-129
113900157,75,327,-252
113900158,425,789,-364
113900159,21,333,-312
113900160,470,540,-70
113900161,72,282,-210
113900162,527,1483,-956
113900163,288,268,20
113900164,363,51,312
113900165,794,508,286
113900166,186,233,-47
113900167,297,66,231
113900168,111,78,33
113900169,268,346,-78
113900171,225,82,143
113900172,8,160,-152
113900173,55,441,-386
113900174,526,596,-70
113900175,357,152,205
113900176,378,543,-165
113900177,335,151,184
113900178,312,155,157
113900179,15,317,-302
113900180,119,114,5
113900181,1043,140,903
113900182,676,892,-216
113900183,47,87,-40
113900184,12,407,-395
113900185,197,75,122
113900186,85,49,36
113900187,55,111,-56
113900188,72,258,-186
113900189,315,114,201
113900190,308,113,195
113900191,145,305,-160
113900192,10,638,-628
113900193,20,154,-134
113900194,1448,892,556
113900195,280,360,-80
113900196,23,229,-206
113900197,0,149,-149
113900198,36,166,-130
113900199,177,681,-504
113900200,30,298,-268
113900201,0,125,-125
113900202,55,316,-261
113900203,0,78,-78
113900204,54,504,-450
113900205,22,198,-176
113900206,18,149,-131
113900207,9,112,-103
113900208,0,68,-68
113900209,1,96,-95
113900210,582,908,-326
113900211,223,63,160
113900212,238,357,-119
113900214,406,536,-130
113900215,279,130,149
113900216,173,702,-529
113900217,70,155,-85
113900218,174,88,86
113900219,129,539,-410
113900220,183,130,53
113900221,479,294,185
113900222,230,640,-410
113900223,241,785,-544
113900224,67,70,-3
113900225,902,275,627
113900226,481,162,319
113900227,506,246,260
113900228,366,647,-281
113900229,99,966,-867
113900230,4055,4299,-244
113900231,195,168,27
113900232,110,64,46
113900233,98,81,17
113900234,422,524,-102
113900235,140,38,102
113900236,238,248,-10
113900237,310,17,293
113900238,301,582,-281
113900239,62,94,-32
113900240,9,192,-183
113900241,116,62,54
113900242,61,165,-104
113900243,118,373,-255
113900244,381,214,167
113900245,1260,312,948
113900246,18,31,-13
113900247,117,465,-348
113900248,2516,1946,570
113900249,828,461,367
113900250,84,201,-117
113900251,857,124,733
113900252,626,34,592
113900253,761,93,668
113900254,974,150,824
113900255,553,19,534
113900256,364,36,328
113900257,43,363,-320
113900258,20,391,-371
113900259,578,120,458
113900260,220,22,198
113900261,35,66,-31
113900262,142,392,-250
113900263,182,583,-401
113900264,8,394,-386
113900265,192,289,-97
113900266,33,150,-117
113900267,100,543,-443
113900268,374,401,-27
113900269,54,147,-93
113900270,252,691,-439
113900271,643,958,-315
113900273,61,14,47
113900274,60,39,21
113900275,38,48,-10
113900276,7,143,-136
113900277,192,7,185
113900278,286,185,101
113900279,55,63,-8
113900280,1599,581,1018
113900281,637,1493,-856
113900282,917,650,267
113900283,459,518,-59
113900284,961,378,583
113900285,180,51,129
113900286,83,129,-46
113900287,76,60,16
113900288,2,176,-174
113900289,862,94,768
113900290,253,288,-35
113900291,117,169,-52
113900292,5,5,0
113900293,6,266,-260
113900294,470,18,452
113900295,531,497,34
113900296,2096,385,1711
113900297,1996,57,1939
113900298,8,1505,-1497
113900299,95,100,-5
113900300,4583,4205,378
113900301,751,510,241
113900302,1979,1060,919
113900303,451,539,-88
113900304,3,115,-112
113900305,146,1,145
113900306,96,2,94
113900307,22,0,22
113900308,112,134,-22
113900309,2,788,-786
113900310,0,4,-4
113900311,8,0,8
113900312,207,219,-12
113900313,22,3,19
114000001,1088,2140,-1052
114000002,398,326,72
114000003,69,322,-253
114000004,399,430,-31
114000005,377,276,101
114000006,2662,2144,518
114000007,711,1186,-475
114000008,1478,2100,-622
114000009,888,304,584
114000011,3078,2207,871
114000012,3001,1544,1457
114000013,2042,1385,657
114000014,592,276,316
114000015,1963,380,1583
114000016,291,214,77
114000017,148,412,-264
114000018,257,50,207
114000026,2115,1257,858
114000027,3636,1938,1698
114000028,2859,2813,46
114000038,335,194,141
114000039,121,36,85
114000040,198,284,-86
114000042,281,180,101
114000043,78,86,-8
114000044,366,50,316
114000045,46,91,-45
114000046,2768,5015,-2247
114000047,9,98,-89
114000048,95,54,41
114000049,1591,1642,-51
114000050,2023,2303,-280
114000051,3256,2240,1016
114000052,3959,2418,1541
114000053,99,787,-688
114000054,198,950,-752
114000055,311,37,274
114000056,1023,1071,-48
114000057,4619,2341,2278
114000058,539,1708,-1169
114000059,313,325,-12
114000060,649,870,-221
114000061,3072,3472,-400
114000062,2102,2119,-17
114000063,2194,1563,631
114000064,4956,3820,1136
114000065,1378,2485,-1107
114000066,540,717,-177
114000067,44,913,-869
114000068,646,790,-144
114000069,1237,681,556
114000070,2343,1817,526
114000071,855,591,264
114000072,593,264,329
114000073,9,49,-40
114000074,75,14,61
114000075,76,71,5
114000076,36,119,-83
114000077,13,31,-18
114000078,362,651,-289
114000079,177,20,157
114000080,78,95,-17
114000081,70,91,-21
114000082,56,378,-322
114000083,79,191,-112
114000084,381,107,274
114000085,98,496,-398
114000086,238,336,-98
114000087,132,155,-23
114000088,56,59,-3
114000089,786,359,427
114000090,1095,988,107
114000091,1596,891,705
114000092,1107,518,589
114000093,1666,800,866
114000094,355,408,-53
114000095,334,217,117
114000096,156,408,-252
114000097,133,448,-315
114000098,695,110,585
114000099,723,426,297
114000100,1742,596,1146
114000101,496,599,-103
114000102,737,344,393
114000103,181,320,-139
114000104,39,211,-172
114000105,218,123,95
114000106,870,1328,-458
114000107,456,134,322
114000108,1069,896,173
114000109,601,1116,-515
114000110,681,1121,-440
114000111,2387,922,1465
114000112,500,1489,-989
114000113,1285,584,701
114000114,1215,1162,53
114000115,2147,1093,1054
114000116,1133,801,332
114000117,3870,503,3367
114000118,3036,603,2433
114000119,2054,559,1495
114000120,579,698,-119
114000121,527,717,-190
114000122,400,353,47
114000123,2523,395,2128
114000124,1213,319,894
114000125,809,1111,-302
114000126,1865,244,1621
114000127,304,181,123
114000128,875,398,477
114000130,516,541,-25
114000131,321,113,208
114000132,764,528,236
114000133,1004,1334,-330
114000134,72,112,-40
114000138,32,177,-145
114000139,503,362,141
114000144,1163,674,489
114000145,89,159,-70
114000146,139,220,-81
114000147,1732,2055,-323
114000148,1708,1771,-63
114000149,398,333,65
114000150,509,650,-141
114000151,790,1730,-940
114000152,172,41,131
114000153,752,2529,-1777
114000154,784,717,67
114000155,1385,2578,-1193
114000156,778,689,89
114000157,317,1173,-856
114000158,1211,799,412
114000159,186,402,-216
114000160,112,432,-320
114000161,1486,3593,-2107
114000162,1391,3051,-1660
114000163,15,81,-66
114000165,586,353,233
114000166,747,514,233
114000167,2873,1499,1374
114000168,717,620,97
114000169,1591,1627,-36
114000170,1071,1165,-94
114000171,1716,2482,-766
114000174,208,436,-228
114000176,385,534,-149
114000177,1570,692,878
114000178,68,64,4
114000179,1199,720,479
114000180,509,603,-94
114000181,1884,4325,-2441
114000182,2823,2504,319
114000183,812,675,137
114000184,514,911,-397
114000185,1327,862,465
114000189,1511,173,1338
114000190,3133,453,2680
114000191,75,109,-34
114000192,245,1125,-880
114000193,504,1820,-1316
114000194,1511,715,796
114000195,251,27,224
114000196,0,155,-155
114000197,1420,24,1396
114000198,797,348,449
114000199,1876,1713,163
114000200,632,1486,-854
114000201,147,709,-562
114000202,1272,473,799
114000203,409,559,-150
114000204,146,401,-255
114000205,263,1270,-1007
114000206,701,1247,-546
114000207,673,1525,-852
114000208,479,2164,-1685
114000209,667,1810,-1143
114000210,292,1039,-747
114000211,1074,1232,-158
114000212,989,934,55
114000213,1522,564,958
114000214,105,162,-57
114000215,253,83,170
114000216,1618,350,1268
114000217,408,173,235
114000218,145,211,-66
114000219,1451,199,1252
114000220,27,797,-770
114000221,1028,166,862
114000222,169,894,-725
114000223,517,144,373
114000224,92,528,-436
114000225,265,572,-307
114000226,213,239,-26
114000227,775,506,269
114000228,897,702,195
114000229,1310,1345,-35
114000230,1994,1091,903
114000231,1216,1277,-61
114000232,1004,157,847
114000233,2536,179,2357
114000234,1179,902,277
114000235,1096,1188,-92
114000236,0,374,-374
114000237,137,819,-682
114000238,110,160,-50
114000239,191,1030,-839
114000240,886,838,48
114000241,312,852,-540
114000242,813,758,55
114000243,1669,899,770
114000244,542,333,209
114000245,342,626,-284
114000246,133,60,73
114000247,573,576,-3
114000248,1269,519,750
114000249,489,390,99
114000250,599,643,-44
114000251,530,212,318
114000252,90,58,32
114000253,56,133,-77
114000254,59,58,1
114000255,775,277,498
114000256,1244,2632,-1388
114000257,364,1138,-774
114000258,274,390,-116
114000259,95,216,-121
114000260,1,34,-33
114000261,59,48,11
114000262,247,131,116
114000263,9,2,7
114000264,1275,485,790
114000265,0,0,0
114000267,2,1565,-1563
114000268,0,1129,-1129
114000270,193,3,190
114000271,346,65,281
114000283,1292,417,875
114000285,21,164,-143
114000288,102,280,-178
114000289,1686,111,1575
114000293,313,446,-133
114000294,250,318,-68
114000395,1277,40,1237
114000396,736,576,160
114000402,723,218,505
114000403,336,274,62
114000405,197,333,-136
114000423,422,296,126
114000424,536,264,272
114000425,1066,324,742
114000426,370,774,-404
114000427,78,99,-21
114000428,165,228,-63
114000429,11,185,-174
114000432,133,94,39
114000434,48,78,-30
114000435,5,104,-99
114000436,2247,756,1491
114000437,474,3736,-3262
114900001,717,707,10
114900002,729,129,600
114900003,779,984,-205
114900004,214,506,-292
114900005,687,635,52
114900006,108,100,8
114900007,475,30,445
114900008,247,78,169
114900010,1702,1824,-122
114900011,251,150,101
114900013,242,115,127
114900015,113,460,-347
114900018,983,25,958
114900020,234,83,151
114900022,0,628,-628
114900024,369,163,206
114900025,601,229,372
114900026,62,144,-82
114900027,438,271,167
114900029,28,23,5
114900030,410,212,198
114900031,400,26,374
114900032,397,25,372
114900033,853,1126,-273
114900034,46,201,-155
114900035,161,274,-113
114900036,237,528,-291
114900037,143,131,12
114900038,210,539,-329
114900039,652,461,191
114900040,87,97,-10
114900041,931,365,566
114900042,941,494,447
114900043,483,215,268
114900044,162,42,120
114900046,35,122,-87
114900047,242,2160,-1918
114900048,124,245,-121
114900049,6,133,-127
114900050,68,317,-249
114900051,35,379,-344
114900052,114,309,-195
114900053,110,259,-149
114900054,51,115,-64
114900057,248,16,232
114900058,0,72,-72
114900059,87,71,16
114900060,800,898,-98
114900061,112,121,-9
114900062,245,333,-88
114900063,94,150,-56
114900064,1672,409,1263
114900065,434,785,-351
114900067,79,367,-288
114900068,62,136,-74
114900069,198,99,99
114900070,637,296,341
114900072,4,331,-327
114900073,1,132,-131
114900074,862,491,371
114900075,368,11,357
114900076,4,393,-389
114900080,1680,349,1331
114900082,3111,2409,702
114900083,1128,1070,58
114900090,500,218,282
114900091,97,175,-78
114900095,323,103,220
114900096,449,720,-271
114900097,167,0,167
114900098,8,182,-174
114900099,251,21,230
115000001,5343,3278,2065
115000002,4505,4497,8
115000003,4694,2789,1905
115000004,5075,6216,-1141
115000005,1511,1954,-443
115000006,1092,1606,-514
115000007,166,205,-39
115000008,418,594,-176
115000009,283,211,72
115000010,314,199,115
115000013,69,169,-100
115000015,39,255,-216
115000016,231,421,-190
115000019,50,473,-423
115000020,157,759,-602
115000021,256,383,-127
115000022,529,378,151
115000023,486,734,-248
115000024,1095,436,659
115000025,1037,822,215
115000026,209,348,-139
115000027,321,304,17
115000028,284,759,-475
115000029,659,133,526
115000030,930,1158,-228
115000031,1437,418,1019
115000032,13,232,-219
115000033,152,49,103
115000034,117,1124,-1007
115000035,1231,77,1154
115000036,3,542,-539
115000037,617,18,599
115000038,85,191,-106
115000039,3497,4227,-730
115000040,5035,2984,2051
115000041,1322,3710,-2388
115000042,818,635,183
115000043,4069,2411,1658
115000044,3453,3308,145
115000045,2833,1442,1391
115000046,2813,2429,384
115000047,2813,1492,1321
115000048,1802,1833,-31
115000049,1596,2912,-1316
115000050,3264,1660,1604
115000051,1838,3019,-1181
115000052,1905,1721,184
115000053,2035,1900,135
115000054,671,1004,-333
115000055,185,642,-457
115000056,167,462,-295
115000057,505,1019,-514
115000058,364,291,73
115000059,189,103,86
115000061,189,171,18
115000062,176,289,-113
115000063,429,269,160
115000064,200,130,70
115000065,70,465,-395
115000067,162,11,151
115000069,84,339,-255
115000070,24,896,-872
115000071,117,20,97
115000072,9,59,-50
115000073,1483,66,1417
115000075,94,70,24
115000076,3030,2580,450
115000077,2088,2025,63
115000078,1436,1146,290
115000079,1521,1445,76
115000080,2721,1830,891
115000081,518,858,-340
115000082,4851,3727,1124
115000083,2199,1610,589
115000084,2880,1034,1846
115000085,924,871,53
115000086,1406,852,554
115000087,506,1343,-837
115000088,2145,899,1246
115000089,1390,1329,61
115000090,584,832,-248
115000091,233,780,-547
115000092,737,389,348
115000093,588,1,587
115000094,5994,5697,297
115000095,4218,6289,-2071
115000096,878,1184,-306
115000097,1329,923,406
115000098,1510,682,828
115000099,2996,2234,762
115000100,1232,441,791
115000101,434,1244,-810
115000102,569,221,348
115000103,293,557,-264
115000105,69,112,-43
115000106,711,311,400
115000107,270,405,-135
115000108,2773,2071,702
115000109,4003,5174,-1171
115000110,1702,1794,-92
115000111,745,1528,-783
115000112,1008,787,221
115000113,986,838,148
115000114,1825,765,1060
115000116,4189,2602,1587
115000117,3637,3188,449
115000118,2432,1902,530
115000119,1660,2316,-656
115000120,624,1566,-942
115000121,1248,1098,150
115000122,3358,1956,1402
115000123,1641,3069,-1428
115000124,920,1241,-321
115000125,572,733,-161
115000126,186,298,-112
115000127,337,155,182
115000128,518,829,-311
115000129,296,385,-89
115000130,500,773,-273
115000131,913,294,619
115000132,306,334,-28
115000133,543,285,258
115000134,341,292,49
115000135,245,215,30
115000136,314,334,-20
115000137,154,197,-43
115000138,443,259,184
115000139,242,241,1
115000140,489,264,225
115000141,168,207,-39
115000142,183,219,-36
115000143,868,533,335
115000144,479,75,404
115000145,296,278,18
115000146,516,373,143
115000147,359,399,-40
115000148,335,899,-564
115000149,721,284,437
115000150,669,790,-121
115000151,1366,473,893
115000152,815,1014,-199
115000153,1339,526,813
115000154,1089,268,821
115000155,659,863,-204
115000156,1233,760,473
115000157,804,793,11
115000158,641,409,232
115000159,752,685,67
115000160,689,750,-61
115000161,601,530,71
115000162,779,974,-195
115000163,559,693,-134
115000164,657,541,116
115000165,364,571,-207
115000167,162,71,91
115000168,577,310,267
115000169,551,392,159
115000170,118,194,-76
115000171,279,220,59
115000172,1126,598,528
115000173,356,688,-332
115000174,172,365,-193
115000175,205,252,-47
115000176,226,185,41
115000177,202,310,-108
115000178,11,241,-230
115000179,32,62,-30
115000180,131,429,-298
115000181,915,116,799
115000182,1017,334,683
115000183,440,651,-211
115000186,777,265,512
115000187,209,758,-549
115000188,427,495,-68
115000189,276,468,-192
115000190,788,421,367
115000191,170,537,-367
115000194,156,172,-16
115000195,372,317,55
115000196,177,109,68
115000197,188,277,-89
115000198,444,174,270
115000199,375,167,208
115000200,410,92,318
115000201,118,290,-172
115000206,477,64,413
115000207,178,261,-83
115000208,362,647,-285
115000209,758,381,377
115000210,202,127,75
115000211,356,297,59
115000212,1359,383,976
115000224,434,62,372
115000225,40,70,-30
115000229,213,182,31
115000230,91,515,-424
115000231,301,1234,-933
115000232,2049,296,1753
115000233,144,166,-22
115000234,24,289,-265
115000241,107,198,-91
115000242,133,275,-142
115000243,59,190,-131
115000244,7,103,-96
115000246,47,27,20
115000247,33,21,12
115000248,67,25,42
115000249,43,21,22
115000250,287,25,262
115000251,267,140,127
115000252,142,205,-63
115000253,31,395,-364
115000258,457,124,333
115000259,359,128,231
115000261,21,13,8
115000262,32,21,11
115000263,24,49,-25
115000264,22,38,-16
115000267,115,70,45
115000268,47,107,-60
115000269,151,55,96
115000270,1,31,-30
115000272,72,191,-119
115000273,432,34,398
115000280,2816,336,2480
115000281,839,1072,-233
115000282,1210,1169,41
115000284,276,189,87
115000296,769,9,760
115000297,139,377,-238
115000298,70,601,-531
115000300,228,163,65
115000302,548,142,406
115000303,807,122,685
115000304,960,73,887
115000305,115,592,-477
115000306,224,271,-47
115000307,126,159,-33
115000308,20,19,1
115000309,15,33,-18
115000310,1101,749,352
115000311,1175,1130,45
115000313,113,502,-389
115000314,495,164,331
115000315,690,493,197
115000316,57,130,-73
115000317,191,469,-278
115000318,907,328,579
115000319,122,282,-160
115000320,16,366,-350
115000321,351,11,340
115000322,45,183,-138
115000449,261,197,64
115000557,32,1400,-1368
115000558,319,109,210
115000587,609,350,259
115000588,2006,2383,-377
115000589,3620,2336,1284
115000590,1209,1486,-277
115000591,1766,793,973
115000592,707,1734,-1027
115000593,1549,579,970
115000594,715,2430,-1715
115000609,128,112,16
115000617,1620,3930,-2310
115000624,329,83,246
115000633,570,1991,-1421
115000634,3041,994,2047
115000635,621,129,492
115000638,706,626,80
115000641,48,145,-97
115000642,370,234,136
115000643,121,434,-313
115000644,133,392,-259
115000646,973,1804,-831
115000647,221,487,-266
115000648,2272,1484,788
115000893,2522,1533,989
115000894,146,981,-835
115000895,272,726,-454
115000896,945,373,572
115000897,607,179,428
115000898,842,326,516
115000899,420,1028,-608
115000900,105,330,-225
115000901,51,120,-69
115000912,405,118,287
115000913,1,12,-11
115000915,23,0,23
115000916,5,0,5
115000917,0,9,-9
115000918,139,1001,-862
115000919,17,45,-28
115000920,19,64,-45
115000921,690,135,555
115000922,636,847,-211
115000923,227,841,-614
115000925,98,97,1
115000927,39,55,-16
115000933,132,162,-30
115000934,138,181,-43
115000935,157,69,88
115900001,88,31,57
115900002,108,144,-36
115900003,184,108,76
115900004,0,63,-63
115900005,173,18,155
115900006,192,235,-43
115900008,62,14,48
115900009,92,249,-157
115900010,418,137,281
115900011,769,267,502
115900012,241,74,167
115900013,368,131,237
115900014,203,117,86
115900015,114,46,68
115900016,172,41,131
115900017,29,4,25
115900018,237,66,171
115900019,775,35,740
115900020,83,1,82
115900021,1002,216,786
115900022,675,13,662
115900023,18,15,3
115900025,32,296,-264
115900026,908,198,710
115900027,2,244,-242
115900028,619,63,556
115900029,29,298,-269
115900030,35,21,14
115900031,271,364,-93
115900032,546,650,-104
115900033,0,113,-113
115900034,27,357,-330
115900035,54,19,35
115900036,44,820,-776
115900037,46,316,-270
115900038,54,14,40
115900039,175,165,10
115900041,360,652,-292
115900042,45,13,32
115900043,106,71,35
115900044,240,321,-81
115900046,347,157,190
115900047,187,188,-1
115900049,180,186,-6
115900051,3,45,-42
115900052,14,183,-169
115900053,283,160,123
115900054,262,55,207
115900055,19,96,-77
115900056,265,247,18
115900057,53,10,43
115900058,27,56,-29
115900060,97,330,-233
115900061,256,0,256
115900062,55,264,-209
115900063,67,15,52
115900064,233,210,23
115900065,180,156,24
115900066,161,154,7
115900067,8,441,-433
115900068,2419,1026,1393
115900069,52,150,-98
115900070,225,125,100
115900071,1,332,-331
115900072,47,185,-138
115900073,110,79,31
115900074,10,196,-186
115900075,30,183,-153
115900076,6,46,-40
115900077,7,197,-190
115900078,76,119,-43
115900079,320,13,307
115900080,420,219,201
115900081,18,108,-90
115900082,140,186,-46
115900084,573,28,545
115900085,33,46,-13
115900086,1379,551,828
115900088,9,61,-52
115900089,450,529,-79
115900090,415,15,400
115900091,16,38,-22
115900092,24,97,-73
115900093,11,36,-25
115900094,3,240,-237
115900096,1,13,-12
115900097,4,303,-299
115900098,233,232,1
115900099,94,57,37
115900100,11,334,-323
115900101,166,178,-12
115900102,98,51,47
115900103,349,134,215
115900104,91,78,13
115900105,352,579,-227
115900106,112,25,87
115900107,82,90,-8
115900108,141,26,115
115900109,42,405,-363
115900110,4,21,-17
115900111,2,99,-97
115900112,30,867,-837
115900113,85,36,49
115900114,5,134,-129
115900115,72,214,-142
115900116,63,730,-667
115900117,90,19,71
115900118,1,203,-202
115900119,127,123,4
115900120,24,235,-211
115900121,240,222,18
115900124,351,608,-257
115900125,359,67,292
115900126,877,82,795
115900127,775,54,721
115900128,13,204,-191
115900129,885,47,838
115900130,17,192,-175
115900131,287,23,264
115900132,602,9,593
115900134,335,10,325
115900135,405,1276,-871
115900137,32,1,31
115900139,26,51,-25
115900140,321,28,293
115900141,6,21,-15
115900142,8,25,-17
115900143,392,471,-79
115900144,96,231,-135
115900146,19,64,-45
115900147,261,281,-20
115900148,54,18,36
115900149,121,20,101
115900150,106,26,80
115900151,15,106,-91
115900152,144,285,-141
115900153,135,211,-76
115900154,460,371,89
115900155,0,40,-40
115900156,841,844,-3
115900157,243,474,-231
115900158,19,11,8
115900159,161,216,-55
115900160,2,5,-3
115900161,76,361,-285
115900163,245,186,59
115900164,734,51,683
115900165,2,149,-147
115900166,211,187,24
115900168,141,136,5
115900171,159,440,-281
115900172,89,145,-56
115900173,236,119,117
115900174,296,256,40
115900175,154,207,-53
115900178,9,398,-389
115900179,318,14,304
115900180,36,102,-66
115900181,203,120,83
115900182,428,122,306
115900183,38,57,-19
115900184,1440,18,1422
115900187,12,69,-57
115900189,3,280,-277
115900190,229,1507,-1278
115900191,30,289,-259
115900192,9,88,-79
115900193,248,99,149
115900194,807,82,725
115900195,642,2349,-1707
115900198,219,329,-110
115900199,260,201,59
115900200,243,286,-43
115900201,561,289,272
115900202,0,52,-52
115900203,9,18,-9
115900204,1,11,-10
115900205,50,11,39
115900206,233,133,100
115900207,49,12,37
115900208,133,133,0
115900209,4,117,-113
115900210,10,139,-129
115900211,3,140,-137
115900212,160,182,-22
115900213,100,88,12
115900214,498,222,276
115900215,29,182,-153
115900216,5,85,-80
115900217,4,30,-26
115900218,3,20,-17
115900219,114,2,112
115900220,188,6,182
115900221,93,11,82
115900222,79,30,49
115900223,10,426,-416
115900224,769,1126,-357
115900225,82,62,20
115900226,12,48,-36
115900227,9,54,-45
115900228,6,66,-60
115900229,13,38,-25
115900230,39,100,-61
115900231,122,5,117
115900232,52,5,47
115900233,75,14,61
115900234,41,36,5
115900235,39,45,-6
115900236,30,26,4
115900237,19,33,-14
115900238,16,25,-9
115900239,21,50,-29
115900240,9,53,-44
115900241,286,85,201
115900242,246,336,-90
115900243,21,2,19
115900244,9,12,-3
115900245,46,12,34
115900246,17,12,5
115900247,27,16,11
115900248,17,5,12
115900249,6,13,-7
115900250,20,38,-18
115900251,2,5,-3
115900252,3,3,0
115900253,16,27,-11
115900254,9,38,-29
115900255,3,15,-12
115900256,13,22,-9
115900257,8,4,4
115900258,0,1,-1
115900259,4,1,3
115900260,4,3,1
115900261,14,2,12
115900262,2,0,2
115900263,18,2,16
115900264,18,4,14
115900265,2,7,-5
115900266,3,19,-16
115900267,20,13,7
115900268,5,15,-10
115900269,547,412,135
115900270,469,282,187
115900271,92,1,91
115900272,53,0,53
115900273,5,42,-37
115900274,1,17,-16
115900275,4,10,-6
115900276,0,22,-22
115900277,0,29,-29
115900278,58,96,-38
115900279,17,225,-208
115900280,13,620,-607
115900281,191,269,-78
116000001,10195,4089,6106
116000002,5456,12664,-7208
116000003,1782,1530,252
116000004,2850,3976,-1126
116000005,2131,3007,-876
116000006,2685,3092,-407
116000007,2479,3660,-1181
116000008,4783,2937,1846
116000009,1480,1718,-238
116000010,2791,1873,918
116000011,871,1713,-842
116000012,1773,1109,664
116000013,6891,3735,3156
116000014,9668,12920,-3252
116000015,344,1664,-1320
116000016,6361,4466,1895
116000017,39,807,-768
116000018,802,387,415
116000019,1162,348,814
116000020,769,1117,-348
116000021,567,391,176
116000022,480,378,102
116000023,1455,935,520
116000024,663,892,-229
116000025,870,1017,-147
116000026,1648,2996,-1348
116000027,684,723,-39
116000028,458,983,-525
116000029,755,707,48
116000030,865,513,352
116000031,214,377,-163
116000032,418,167,251
116000033,418,452,-34
116000034,774,759,15
116000035,382,686,-304
116000036,1727,1474,253
116000037,529,547,-18
116000038,478,552,-74
116000039,586,584,2
116000040,986,450,536
116000041,221,558,-337
116000042,629,359,270
116000043,130,772,-642
116000044,5,44,-39
116000045,1950,1334,616
116000046,1187,1789,-602
116000047,1815,2154,-339
116000048,2127,1732,395
116000049,1535,3325,-1790
116000050,1493,1223,270
116000051,5899,3198,2701
116000052,5258,4983,275
116000053,2133,775,1358
116000054,772,2765,-1993
116000055,693,889,-196
116000056,1036,1081,-45
116000057,3172,1725,1447
116000058,3990,3497,493
116000059,3797,5784,-1987
116000060,2325,940,1385
116000061,308,985,-677
116000062,647,237,410
116000063,615,1182,-567
116000066,359,645,-286
116000067,232,473,-241
116000068,260,318,-58
116000069,260,378,-118
116000078,517,1275,-758
116000080,1918,801,1117
116000082,3,30,-27
116000083,1854,446,1408
116000084,1948,3440,-1492
116000085,2440,2180,260
116000086,1552,828,724
116000087,2275,1663,612
116000088,786,1027,-241
116000089,203,111,92
116000090,145,203,-58
116000091,386,308,78
116000093,1111,583,528
116000094,811,590,221
116000095,859,631,228
116000096,825,1439,-614
116000097,1005,744,261
116000098,76,6433,-6357
116000099,6343,258,6085
116000100,267,14,253
116000101,980,727,253
116000102,209,1110,-901
116000103,462,275,187
116000104,257,1155,-898
116000105,1286,173,1113
116000106,398,892,-494
116000107,2509,311,2198
116000108,193,157,36
116000111,150,25,125
116000113,234,93,141
116000114,53,168,-115
116000115,465,126,339
116000116,287,443,-156
116000117,1788,1748,40
116000118,1749,1208,541
116000119,4060,1887,2173
116000120,3164,3563,-399
116000121,1027,627,400
116000122,1289,1631,-342
116000123,1383,484,899
116000124,416,922,-506
116000125,3361,918,2443
116000126,314,1204,-890
116000127,1000,1092,-92
116000128,2329,944,1385
116000129,1735,267,1468
116000130,677,558,119
116000133,1347,694,653
116000134,1770,1787,-17
116000135,2997,1439,1558
116000136,1114,1875,-761
116000137,1301,867,434
116000138,1140,618,522
116000139,1701,2494,-793
116000140,182,245,-63
116000141,381,547,-166
116000142,2968,2293,675
116000143,1867,1866,1
116000144,1494,1778,-284
116000145,1925,1159,766
116000146,637,186,451
116000147,144,139,5
116000148,560,555,5
116000149,868,991,-123
116000151,552,466,86
116000153,143,343,-200
116000155,277,278,-1
116000156,919,977,-58
116000157,107,9,98
116000158,424,328,96
116000159,19,23,-4
116000160,10,69,-59
116000161,4,111,-107
116000162,104,164,-60
116000163,41,8,33
116000164,19,18,1
116000177,193,144,49
116000194,109,410,-301
116000195,1391,558,833
116000196,19,2,17
116000197,11,19,-8
116000198,2828,1246,1582
116000200,852,601,251
116000201,709,717,-8
116000202,9,269,-260
116000203,1,83,-82
116000204,20,57,-37
116000205,3,132,-129
116000206,5,74,-69
116000207,11,43,-32
116000233,226,385,-159
116000287,175,375,-200
116000288,367,231,136
116000292,80,99,-19
116000296,20,258,-238
116000297,100,23,77
116000304,213,19,194
116000305,16,83,-67
116000346,192,82,110
116000352,89,32,57
116000354,34,7,27
116000357,11,16,-5
116000358,497,98,399
116000361,69,4,65
116000372,4349,4864,-515
116000381,144,1,143
116000388,1,41,-40
116000389,1090,570,520
116000445,523,427,96
116000446,737,496,241
116000447,10,609,-599
116000448,548,167,381
116000563,1144,1032,112
116000565,48,406,-358
116000568,80,359,-279
116000579,46,103,-57
116000584,17,7,10
116000585,29,24,5
116000586,79,143,-64
116000587,555,714,-159
116000589,50,52,-2
116000590,84,44,40
116000591,324,213,111
116000592,10,79,-69
116000593,1,38,-37
116000594,790,403,387
116000595,692,128,564
116000596,141,14,127
116000597,452,127,325
116000598,24,156,-132
116000602,68,394,-326
116000605,199,133,66
116000606,81,218,-137
116000607,4,85,-81
116000609,175,896,-721
116000611,185,377,-192
116000612,779,1888,-1109
116000613,670,344,326
116000614,459,525,-66
116000615,0,410,-410
116000616,92,70,22
116000617,107,41,66
116000618,7,52,-45
116000619,49,82,-33
116000620,163,99,64
116000621,68,125,-57
116000622,70,159,-89
116000624,193,93,100
116000627,18,33,-15
116000628,29,182,-153
116000629,12,263,-251
116000630,340,17,323
116000631,104,31,73
116000632,606,169,437
116000633,35,385,-350
116000634,600,17,583
116000635,1934,2152,-218
116900001,298,226,72
116900002,266,2,264
116900003,33,30,3
116900004,53,60,-7
116900005,337,65,272
116900006,131,407,-276
116900007,142,212,-70
116900008,570,236,334
116900009,26,4,22
116900010,4,1175,-1171
116900011,18,20,-2
116900012,220,230,-10
116900013,9,198,-189
116900014,163,157,6
116900015,501,68,433
116900016,237,1,236
116900017,0,429,-429
116900018,98,54,44
116900019,4,267,-263
116900020,877,1156,-279
116900023,33,13,20
116900024,649,27,622
116900025,1281,769,512
116900026,149,552,-403
116900027,43,88,-45
116900028,4,142,-138
116900029,2,46,-44
116900031,0,4,-4
116900032,2,222,-220
116900033,16,7,9
116900034,6,58,-52
116900035,167,170,-3
116900036,1,108,-107
116900038,15,2,13
116900041,68,19,49
116900042,500,276,224
116900043,38,70,-32
116900045,197,108,89
116900047,28,167,-139
116900049,26,316,-290
116900050,149,394,-245
116900051,169,189,-20
116900052,198,85,113
116900055,1,10,-9
116900057,22,228,-206
116900058,40,309,-269
116900059,0,147,-147
116900060,242,173,69
116900062,0,9,-9
116900064,85,539,-454
116900065,21,132,-111
116900067,160,76,84
116900068,177,199,-22
116900070,3,7,-4
116900072,28,328,-300
116900073,20,111,-91
116900074,7,62,-55
116900076,13,30,-17
116900077,8,89,-81
116900078,229,99,130
116900079,50,207,-157
116900080,11,47,-36
116900081,330,998,-668
116900082,351,1043,-692
116900083,44,42,2
116900084,122,60,62
116900085,47,134,-87
116900086,60,195,-135
116900088,414,114,300
116900090,116,43,73
116900091,407,47,360
116900092,74,506,-432
116900093,2112,1918,194
116900094,4086,4332,-246
116900095,235,114,121
116900096,175,445,-270
116900097,2275,3310,-1035
116900098,786,383,403
116900099,774,799,-25
116900100,969,59,910
116900101,363,503,-140
116900103,3,0,3
116900104,82,74,8
116900105,270,201,69
116900106,2147,180,1967
116900107,2899,2990,-91
116900110,18,0,18
116900111,722,615,107
116900112,315,763,-448
116900113,1786,1404,382
116900116,116,686,-570
116900117,149,129,20
116900118,617,821,-204
116900120,492,72,420
116900121,135,31,104
116900122,1108,714,394
116900123,276,685,-409
116900124,230,791,-561
116900125,526,237,289
116900126,140,602,-462
116900128,0,29,-29
116900129,1,337,-336
116900130,573,4115,-3542
116900131,129,404,-275
116900132,48,125,-77
116900133,223,177,46
116900134,241,293,-52
116900136,216,238,-22
116900137,335,174,161
116900138,246,186,60
116900139,147,468,-321
116900140,225,127,98
116900141,860,412,448
116900142,1,54,-53
116900143,448,317,131
116900144,31,56,-25
116900145,105,232,-127
116900147,484,734,-250
116900148,6,48,-42
116900149,64,235,-171
116900150,32,27,5
116900151,36,11,25
116900153,138,83,55
116900154,547,636,-89
116900155,94,90,4
116900157,710,183,527
116900158,98,321,-223
116900159,61,303,-242
116900160,897,958,-61
116900161,5084,7391,-2307
116900162,14,99,-85
116900163,232,139,93
116900164,138,92,46
116900165,283,356,-73
116900166,42,57,-15
116900167,438,92,346
116900168,377,102,275
116900169,504,656,-152
116900170,355,580,-225
116900171,41,169,-128
116900172,196,394,-198
116900173,290,43,247
116900174,61,41,20
116900175,269,239,30
116900178,40,136,-96
116900179,89,315,-226
116900180,152,43,109
116900182,531,286,245
116900183,227,95,132
116900185,33,44,-11
116900186,68,208,-140
116900187,91,40,51
116900188,197,36,161
116900189,97,1,96
116900191,480,690,-210
116900192,363,143,220
116900194,164,1499,-1335
116900195,50,24,26
116900196,11,82,-71
116900197,113,11,102
116900198,148,225,-77
116900200,76,29,47
116900201,146,5,141
116900202,104,63,41
116900203,176,13,163
116900204,65,99,-34
116900206,9,10,-1
116900207,44,30,14
116900208,7,97,-90
116900209,23,89,-66
116900210,645,384,261
116900211,219,7,212
116900212,62,64,-2
116900213,275,117,158
116900214,232,134,98
116900215,119,71,48
116900216,285,197,88
116900218,2,257,-255
116900219,1185,348,837
116900220,122,290,-168
116900221,98,374,-276
116900222,409,399,10
116900223,163,314,-151
116900226,143,63,80
116900227,175,80,95
116900228,336,199,137
116900230,61,190,-129
116900231,42,297,-255
116900232,8,305,-297
116900233,364,102,262
116900234,40,17,23
116900235,140,235,-95
116900238,1231,264,967
116900239,5,1642,-1637
116900240,4929,3188,1741
116900241,127,116,11
116900242,283,745,-462
116900243,4,94,-90
116900245,47,24,23
116900246,92,5,87
116900247,833,23,810
116900248,96,55,41
116900249,455,115,340
116900250,458,45,413
116900251,433,642,-209
116900252,155,691,-536
116900253,128,84,44
116900254,31,77,-46
116900255,123,84,39
116900256,542,127,415
116900257,11,340,-329
116900258,8,166,-158
116900259,304,20,284
116900260,1,76,-75
116900261,98,0,98
116900262,221,126,95
116900263,0,21,-21
116900264,0,1,-1
116900265,70,2,68
116900266,13,37,-24
116900267,9,2,7
116900268,389,340,49
116900269,321,632,-311
116900271,1404,292,1112
116900272,270,258,12
116900273,185,118,67
116900274,127,49,78
116900275,162,80,82
116900276,517,152,365
116900277,571,29,542
116900278,9,12,-3
116900279,3,16,-13
116900280,41,17,24
116900281,5021,4770,251
116900282,10,105,-95
116900283,14,89,-75
116900284,22,177,-155
116900285,295,224,71
116900286,215,32,183
116900287,10,38,-28
116900288,93,142,-49
116900289,13,15,-2
116900290,24,58,-34
116900291,22,9,13
116900292,0,17,-17
116900293,95,38,57
116900294,23,151,-128
116900295,76,59,17
116900296,37,45,-8
116900297,1,49,-48
116900298,52,46,6
116900299,23,47,-24
116900300,2,74,-72
116900301,29,65,-36
116900302,17,58,-41
116900303,177,71,106
116900304,1,101,-100
116900305,9,36,-27
116900306,158,50,108
117000001,2320,1653,667
117000002,1832,3555,-1723
117000003,7585,3645,3940
117000004,3791,4651,-860
117000005,2573,2019,554
117000006,1131,2744,-1613
117000007,4518,1219,3299
117000008,1133,3068,-1935
117000009,5364,2049,3315
117000010,2419,3500,-1081
117000011,2308,1636,672
117000012,1232,1060,172
117000013,1817,794,1023
117000014,1125,1939,-814
117000015,2686,1326,1360
117000016,278,152,126
117000017,211,142,69
117000018,129,622,-493
117000019,63,3,60
117000020,429,1694,-1265
117000021,1493,323,1170
117000022,290,137,153
117000023,157,188,-31
117000024,174,259,-85
117000025,364,1115,-751
117000026,1762,1457,305
117000027,2149,5041,-2892
117000028,3182,2287,895
117000030,433,602,-169
117000031,331,324,7
117000032,1265,1192,73
117000033,1526,1361,165
117000034,346,299,47
117000035,432,285,147
117000036,380,305,75
117000037,322,214,108
117000038,208,501,-293
117000039,501,265,236
117000040,245,812,-567
117000041,1230,183,1047
117000044,23,670,-647
117000045,497,76,421
117000046,383,647,-264
117000047,842,679,163
117000048,1783,1028,755
117000049,173,897,-724
117000050,160,1553,-1393
117000051,2676,127,2549
117000052,80,274,-194
117000053,743,62,681
117000054,1966,3,1963
117000055,11,2529,-2518
117000056,884,25,859
117000057,541,2198,-1657
117000060,460,1239,-779
117000061,1926,961,965
117000062,277,671,-394
117000063,2059,1076,983
117000064,593,541,52
117000066,1194,851,343
117000067,167,759,-592
117000074,183,217,-34
117000076,106,49,57
117000077,173,214,-41
117000078,172,687,-515
117000079,450,241,209
117000080,1,292,-291
117000081,1070,116,954
117000082,21,82,-61
117000083,123,13,110
117000084,228,4,224
117000085,339,831,-492
117000086,886,503,383
117000087,112,453,-341
117000088,281,149,132
117000089,1761,289,1472
117000090,294,961,-667
117000091,996,318,678
117000092,468,1005,-537
117000093,1457,820,637
117000094,1323,2369,-1046
117000095,3882,920,2962
117000096,834,2019,-1185
117000097,1850,1117,733
117000098,2508,3815,-1307
117000099,4403,1284,3119
117000100,288,345,-57
117000101,209,1006,-797
117000102,2157,681,1476
117000103,648,1274,-626
117000104,1718,614,1104
117000105,773,1341,-568
117000106,1676,772,904
117000107,477,1533,-1056
117000108,2040,911,1129
117000109,1357,2139,-782
117000110,2029,1265,764
117000111,3784,3982,-198
117000112,3966,1732,2234
117000113,153,214,-61
117000114,442,148,294
117000115,77,105,-28
117000116,197,264,-67
117000117,1706,1420,286
117000118,296,111,185
117000119,209,178,31
117000120,155,640,-485
117000121,94,1328,-1234
117000122,298,788,-490
117000123,1506,69,1437
117000124,522,63,459
117000125,236,165,71
117000126,28,14,14
117000127,128,299,-171
117000128,389,784,-395
117000129,206,159,47
117000130,73,12,61
117000131,0,44,-44
117000132,3502,29,3473
117000133,2020,90,1930
117000134,0,74,-74
117000135,8,70,-62
117000136,1,47,-46
117000137,135,161,-26
117000138,2,722,-720
117000140,500,1324,-824
117000141,2011,595,1416
117000181,535,206,329
117000182,413,720,-307
117000195,257,1048,-791
117000196,417,167,250
117000225,72,21,51
117000226,6,93,-87
117000276,429,28,401
117000277,0,266,-266
117000310,1480,2038,-558
117000315,32,491,-459
117000320,49,0,49
117000906,407,19,388
117000907,24,303,-279
117000908,8,56,-48
117000909,51,36,15
117000910,201,222,-21
117000911,152,164,-12
117000915,10,461,-451
117000916,43,4,39
117000917,1342,41,1301
117000918,92,73,19
117000919,5,68,-63
117000920,0,1181,-1181
117000921,3,855,-852
117000922,28,88,-60
117000924,510,698,-188
117000926,713,99,614
117000927,1480,1343,137
117000928,0,119,-119
117000929,313,279,34
117000930,261,22,239
117000931,339,172,167
117900002,140,492,-352
117900003,810,522,288
117900005,2,43,-41
117900006,0,117,-117
117900007,144,107,37
117900008,0,25,-25
117900010,289,67,222
117900011,38,162,-124
117900012,81,94,-13
117900013,0,126,-126
117900014,470,95,375
117900015,19,96,-77
117900016,1245,1104,141
117900017,529,262,267
117900018,139,105,34
117900019,634,247,387
117900020,77,534,-457
117900021,42,70,-28
117900022,56,13,43
117900023,711,67,644
117900024,57,50,7
117900025,44,14,30
117900026,437,219,218
117900028,29,5,24
117900029,309,475,-166
117900030,519,224,295
117900031,125,112,13
117900032,1113,631,482
117900033,267,432,-165
117900034,36,22,14
117900035,214,117,97
117900036,237,301,-64
117900037,184,88,96
117900038,38,355,-317
117900039,2,60,-58
117900040,146,343,-197
117900041,10,47,-37
117900042,3492,336,3156
117900043,22,48,-26
117900044,25,3196,-3171
117900045,237,121,116
117900048,391,232,159
117900049,267,364,-97
117900050,7,146,-139
117900051,17,7,10
117900052,86,446,-360
117900053,1915,620,1295
117900054,0,42,-42
117900055,266,110,156
117900056,242,56,186
117900057,1237,1101,136
117900058,68,26,42
117900059,341,111,230
117900060,2800,4476,-1676
117900061,15,163,-148
117900063,424,186,238
117900065,683,1221,-538
117900066,13,92,-79
117900067,537,179,358
117900069,729,280,449
117900070,148,38,110
117900071,114,128,-14
117900073,596,240,356
117900074,91,58,33
117900075,96,98,-2
117900076,8,60,-52
117900077,569,135,434
117900078,399,918,-519
117900080,120,60,60
117900081,476,388,88
117900082,455,448,7
117900083,447,310,137
117900086,157,33,124
117900087,173,113,60
117900088,3053,1784,1269
117900089,2572,862,1710
117900090,486,369,117
117900091,137,192,-55
117900092,73,30,43
117900093,98,70,28
117900094,42,33,9
117900095,319,251,68
117900096,110,239,-129
117900097,347,76,271
117900098,69,13,56
117900099,163,161,2
117900100,353,1,352
117900101,446,1922,-1476
117900102,110,41,69
117900103,99,1,98
117900104,20,158,-138
117900105,160,243,-83
117900106,175,36,139
117900107,58,0,58
117900109,810,447,363
117900110,103,5,98
117900111,336,31,305
117900112,100,21,79
117900113,2279,2008,271
117900114,35,0,35
117900115,257,71,186
117900116,831,785,46
117900117,786,350,436
117900118,135,1,134
117900119,287,141,146
117900120,291,82,209
117900121,240,120,120
117900122,1553,4674,-3121
117900123,732,340,392
117900124,785,721,64
117900125,2062,2138,-76
117900126,285,562,-277
117900127,503,435,68
117900128,385,622,-237
117900129,77,4,73
117900130,1084,399,685
117900131,5,143,-138
117900132,20,103,-83
117900133,11,107,-96
117900134,60,333,-273
117900135,29,178,-149
117900136,0,26,-26
117900137,75,447,-372
117900138,0,25,-25
117900139,148,124,24
117900140,2777,307,2470
117900141,137,202,-65
117900142,64,49,15
117900144,45,204,-159
117900145,16,35,-19
117900146,189,151,38
117900147,73,49,24
117900148,2529,1787,742
117900149,144,174,-30
117900150,64,67,-3
117900151,39,88,-49
117900152,61,61,0
117900153,20,127,-107
117900154,448,538,-90
117900156,996,780,216
117900157,90,547,-457
117900158,380,156,224
117900160,870,841,29
117900161,2528,2056,472
117900162,514,406,108
117900163,36,147,-111
117900165,0,18,-18
117900166,123,606,-483
117900168,20,155,-135
117900169,10,141,-131
117900170,9,40,-31
117900171,4,16,-12
117900172,22,31,-9
117900173,171,107,64
117900174,41,45,-4
117900175,4,35,-31
117900176,23,37,-14
117900177,19,44,-25
117900178,82,33,49
117900180,276,58,218
117900181,96,482,-386
117900182,3,37,-34
117900183,71,156,-85
117900184,38,81,-43
117900185,44,62,-18
117900186,88,28,60
117900187,34,21,13
117900188,226,52,174
117900189,63,26,37
117900190,55,2,53
117900191,87,1,86
117900192,298,3,295
117900193,17,90,-73
117900194,13,24,-11
117900195,26,77,-51
117900196,27,31,-4
117900207,194,181,13
117900208,66,39,27
117900209,160,149,11
117900210,169,217,-48
117900211,9,201,-192
117900212,156,152,4
117900213,39,11,28
117900214,28,42,-14
117900215,13,22,-9
117900216,13,17,-4
117900217,51,381,-330
117900218,65,109,-44
117900219,6,169,-163
117900220,95,77,18
117900222,120,176,-56
117900223,59,217,-158
118000001,998,956,42
118000002,840,1704,-864
118000003,2096,3245,-1149
118000004,1933,2100,-167
118000005,4838,6164,-1326
118000006,4719,10038,-5319
118000007,5906,4698,1208
118000008,3367,4480,-1113
118000009,1634,3437,-1803
118000010,5975,4047,1928
118000011,1554,1933,-379
118000012,1110,1891,-781
118000013,2497,2220,277
118000014,1779,1922,-143
118000016,198,278,-80
118000017,566,520,46
118000018,442,448,-6
118000019,1992,1872,120
118000020,1267,4670,-3403
118000021,673,4066,-3393
118000022,1707,967,740
118000023,816,232,584
118000024,1517,1868,-351
118000027,13068,14935,-1867
118000029,1117,975,142
118000032,1020,3919,-2899
118000033,2858,7809,-4951
118000034,5012,2831,2181
118000035,2036,3665,-1629
118000036,1099,1500,-401
118000037,821,1086,-265
118000038,261,115,146
118000039,103,220,-117
118000040,1770,1527,243
118000041,2661,1192,1469
118000045,331,279,52
118000046,1534,793,741
118000047,876,1127,-251
118000048,2313,2583,-270
118000051,2738,2135,603
118000052,1691,1181,510
118000053,455,947,-492
118000054,1458,1647,-189
118000055,1599,1992,-393
118000056,188,475,-287
118000057,234,490,-256
118000058,2696,2511,185
118000059,1851,1655,196
118000060,1274,594,680
118000061,1285,1497,-212
118000062,703,355,348
118000063,503,889,-386
118000064,936,1253,-317
118000065,3054,1731,1323
118000066,924,1697,-773
118000067,760,866,-106
118000068,1559,5027,-3468
118000069,2428,1175,1253
118000070,5034,2050,2984
118000071,3476,7117,-3641
118000072,1230,1460,-230
118000073,1236,879,357
118000074,545,460,85
118000075,640,366,274
118000076,1492,3193,-1701
118000077,1271,1273,-2
118000078,1805,2635,-830
118000079,260,534,-274
118000080,875,830,45
118000081,1953,1376,577
118000082,331,1286,-955
118000083,1879,1872,7
118000084,3091,1936,1155
118000086,312,596,-284
118000087,4341,2723,1618
118000088,1689,1608,81
118000089,3822,2372,1450
118000090,1529,2869,-1340
118000091,1286,2528,-1242
118000092,971,577,394
118000093,126,686,-560
118000096,495,649,-154
118000097,747,650,97
118000098,283,247,36
118000099,680,698,-18
118000101,1289,387,902
118000102,455,1000,-545
118000107,1686,538,1148
118000108,857,2568,-1711
118000110,0,19,-19
118000111,3,210,-207
118000112,591,2,589
118000113,1,410,-409
118000114,708,9,699
118000115,13,4,9
118000116,40,1,39
118000117,872,723,149
118000118,1042,1078,-36
118000119,955,1128,-173
118000120,1637,1148,489
118000121,87,684,-597
118000122,1352,417,935
118000123,53,242,-189
118000125,1617,889,728
118000126,655,1540,-885
118000127,1701,678,1023
118000128,509,1032,-523
118000129,1015,491,524
118000130,2185,3009,-824
118000131,571,767,-196
118000132,2908,2123,785
118000133,980,460,520
118000135,675,394,281
118000136,155,461,-306
118000137,615,88,527
118000138,450,495,-45
118000139,493,102,391
118000140,2889,5422,-2533
118000141,2400,1775,625
118000142,2279,1621,658
118000143,2498,1195,1303
118000144,1150,758,392
118000145,1414,1445,-31
118000146,1376,655,721
118000147,931,1184,-253
118000148,584,1180,-596
118000149,937,860,77
118000150,515,251,264
118000151,633,504,129
118000153,1752,1300,452
118000154,1634,1410,224
118000155,1577,1368,209
118000156,2066,2688,-622
118000157,585,373,212
118000158,187,418,-231
118000159,34,91,-57
118000160,593,336,257
118000161,537,660,-123
118000162,2018,967,1051
118000163,1090,876,214
118000164,2159,1357,802
118000168,920,834,86
118000169,1052,1211,-159
118000170,3346,4454,-1108
118000171,401,637,-236
118000172,123,219,-96
118000173,857,1341,-484
118000175,340,389,-49
118000176,316,524,-208
118000177,277,644,-367
118000178,53,47,6
118000179,1374,1617,-243
118000180,1068,777,291
118000181,779,268,511
118000182,377,255,122
118000183,239,349,-110
118000184,1099,633,466
118000185,1435,1313,122
118000186,949,1266,-317
118000187,1506,621,885
118000188,753,182,571
118000189,862,621,241
118000190,19,10,9
118000191,49,42,7
118000192,176,383,-207
118000193,143,459,-316
118000194,1279,852,427
118000195,610,1320,-710
118000196,333,254,79
118000197,151,202,-51
118000198,459,792,-333
118000199,441,455,-14
118000200,91,291,-200
118000201,487,498,-11
118000202,88,81,7
118000203,601,722,-121
118000204,118,452,-334
118000205,153,357,-204
118000206,246,207,39
118000207,0,64,-64
118000208,1535,1787,-252
118000209,2110,1267,843
118000210,91,29,62
118000211,54,33,21
118000213,1191,2293,-1102
118000214,525,625,-100
118000215,458,147,311
118000216,2665,2161,504
118000217,24,85,-61
118000218,98,58,40
118000219,388,209,179
118000220,7,40,-33
118000221,315,373,-58
118000222,73,14,59
118000223,64,40,24
118000224,161,88,73
118000225,120,607,-487
118000226,1044,204,840
118000227,817,468,349
118000228,140,312,-172
118000229,153,148,5
118000230,135,180,-45
118000231,102,250,-148
118000232,910,666,244
118000233,1391,798,593
118000234,544,313,231
118000236,443,309,134
118000237,114,387,-273
118000238,336,131,205
118000239,310,261,49
118000240,339,171,168
118000241,181,207,-26
118000242,505,479,26
118000243,345,204,141
118000244,42,99,-57
118000246,1,20,-19
118000255,93,289,-196
118000256,163,210,-47
118000259,21,62,-41
118000260,206,65,141
118000261,29,46,-17
118000263,108,211,-103
118000266,157,219,-62
118000267,0,124,-124
118000268,307,6,301
118000270,83,26,57
118000271,195,265,-70
118000272,120,38,82
118000273,162,98,64
118000274,107,251,-144
118000276,569,433,136
118000295,9,141,-132
118000298,189,237,-48
118000299,27,110,-83
118000301,0,45,-45
118000302,96,43,53
118000311,586,124,462
118000312,311,187,124
118000313,81,141,-60
118000314,94,53,41
118000315,62,34,28
118000316,728,411,317
118000325,97,50,47
118000326,35,36,-1
118000331,33,39,-6
118000332,17,38,-21
118000333,35,75,-40
118000335,371,0,371
118000336,1,154,-153
118000407,275,46,229
118000457,2,50,-48
118000465,2692,4496,-1804
118000480,27,50,-23
118000489,32,381,-349
118000490,35,228,-193
118000492,250,175,75
118000510,58,30,28
118000514,177,272,-95
118000515,874,692,182
118000517,330,212,118
118000524,317,310,7
118000525,786,810,-24
118000530,36,136,-100
118000531,414,314,100
118000532,256,276,-20
118000533,276,107,169
118000534,607,464,143
118000535,316,163,153
118000536,729,2033,-1304
118000537,19,212,-193
118000538,25,80,-55
118000539,31,105,-74
118000540,329,169,160
118000541,248,89,159
118000542,136,218,-82
118000543,282,249,33
118000546,61,48,13
118000560,2288,2756,-468
118000562,34,146,-112
118000563,1400,1081,319
118000576,187,127,60
118000577,143,144,-1
118000578,159,72,87
118000579,558,1280,-722
118000595,267,114,153
118000596,0,69,-69
118000597,87,70,17
118000598,34,2,32
118000599,77,43,34
118000600,3,22,-19
118000601,36,0,36
118000602,1,17,-16
118000603,0,22,-22
118900001,710,1469,-759
118900002,759,909,-150
118900003,589,12,577
118900004,52,40,12
118900005,93,9,84
118900006,220,9,211
118900007,19,1,18
118900008,1674,80,1594
118900009,76,49,27
118900010,106,4,102
118900011,208,32,176
118900012,533,238,295
118900013,550,197,353
118900015,301,94,207
118900016,19,9,10
118900017,195,304,-109
118900018,1105,21,1084
118900019,35,26,9
118900020,265,158,107
118900021,200,460,-260
118900022,193,121,72
118900023,202,96,106
118900024,113,182,-69
118900025,69,37,32
118900026,61,75,-14
118900027,421,158,263
118900028,197,148,49
118900029,377,503,-126
118900030,525,87,438
118900031,193,91,102
118900032,228,131,97
118900033,403,508,-105
118900034,170,28,142
118900035,159,125,34
118900036,1442,720,722
118900037,403,381,22
118900038,500,152,348
118900039,627,164,463
118900040,246,194,52
118900041,644,158,486
118900042,190,123,67
118900045,331,154,177
118900046,874,560,314
118900047,465,298,167
118900048,117,229,-112
118900049,62,43,19
118900050,59,84,-25
118900051,88,98,-10
118900052,310,266,44
118900053,52,94,-42
118900054,142,78,64
118900055,145,67,78
118900056,32,393,-361
118900057,926,500,426
118900058,403,342,61
118900059,23,104,-81
118900060,80,111,-31
118900062,632,250,382
118900064,521,613,-92
118900065,69,128,-59
118900066,97,80,17
118900067,4419,4124,295
118900068,14,203,-189
118900069,495,195,300
118900071,1,91,-90
118900072,516,356,160
118900073,166,90,76
118900074,136,141,-5
118900075,64,79,-15
118900076,274,138,136
118900077,287,183,104
118900078,32,8,24
118900079,58,174,-116
118900080,34,139,-105
118900081,94,25,69
118900082,892,110,782
118900083,49,14,35
118900084,18,24,-6
118900085,585,655,-70
118900086,49,102,-53
118900087,32,244,-212
118900088,0,8,-8
118900089,27,25,2
118900090,593,342,251
118900091,174,229,-55
118900092,198,94,104
118900093,133,33,100
118900096,44,15,29
118900097,274,411,-137
118900099,149,275,-126
118900100,147,250,-103
118900101,185,335,-150
118900102,100,97,3
118900103,73,100,-27
118900104,97,25,72
118900105,203,145,58
118900107,169,66,103
118900108,105,127,-22
118900110,1134,892,242
118900111,513,461,52
118900112,80,154,-74
118900113,98,452,-354
118900114,26,102,-76
118900115,126,425,-299
118900116,140,202,-62
118900117,121,165,-44
118900118,294,292,2
118900119,181,207,-26
118900120,121,278,-157
118900121,12,113,-101
118900122,11,1051,-1040
118900123,118,287,-169
118900124,105,187,-82
118900126,45,378,-333
118900129,265,215,50
118900130,48,235,-187
118900131,196,252,-56
118900132,428,196,232
118900133,20,109,-89
118900135,235,213,22
118900136,204,420,-216
118900137,1,44,-43
118900139,181,288,-107
118900140,419,584,-165
118900141,69,147,-78
118900144,136,310,-174
118900145,34,159,-125
118900146,314,550,-236
118900147,146,199,-53
118900148,122,86,36
118900150,160,577,-417
118900152,527,641,-114
118900157,61,169,-108
118900158,124,71,53
118900159,1,132,-131
118900161,94,20,74
118900163,73,81,-8
118900164,2,103,-101
118900165,68,141,-73
118900166,56,2,54
118900167,109,85,24
118900168,23,203,-180
118900169,131,276,-145
118900170,239,90,149
118900171,36,47,-11
118900174,73,64,9
118900175,506,520,-14
118900176,197,249,-52
118900177,59,36,23
118900178,69,144,-75
118900179,22,36,-14
118900181,136,92,44
118900182,101,57,44
118900183,46,143,-97
118900184,392,82,310
118900185,104,77,27
118900186,110,98,12
118900187,255,340,-85
118900188,367,335,32
118900189,45,827,-782
118900190,10,274,-264
118900191,192,39,153
118900192,258,15,243
118900193,670,9,661
118900195,306,608,-302
118900196,36,120,-84
118900197,173,50,123
118900198,36,15,21
118900199,95,36,59
118900200,36,15,21
118900201,18,40,-22
118900202,4,61,-57
118900203,13,28,-15
118900204,24,39,-15
118900205,2,14,-12
118900206,4,19,-15
119000001,1590,2107,-517
119000002,4613,3820,793
119000003,3216,1156,2060
119000004,2576,1367,1209
119000005,2046,2041,5
119000006,3131,1573,1558
119000007,3906,3332,574
119000008,2185,1886,299
119000009,3658,5177,-1519
119000010,5588,4390,1198
119000011,4603,3477,1126
119000012,3402,4083,-681
119000013,3311,2152,1159
119000014,1935,3012,-1077
119000019,364,183,181
119000020,2172,1714,458
119000021,5221,2916,2305
119000022,2600,3285,-685
119000023,276,298,-22
119000024,2420,13811,-11391
119000025,6489,1426,5063
119000026,193,596,-403
119000027,313,461,-148
119000028,1743,829,914
119000029,167,378,-211
119000030,616,1000,-384
119000031,913,737,176
119000032,2996,2550,446
119000033,2405,1324,1081
119000034,1212,961,251
119000035,31,309,-278
119000036,2045,709,1336
119000037,1434,1420,14
119000038,211,747,-536
119000039,368,357,11
119000040,1258,905,353
119000041,1075,1438,-363
119000048,3032,2361,671
119000049,1978,1910,68
119000050,1818,1860,-42
119000051,2420,1089,1331
119000052,2048,2879,-831
119000053,2023,1342,681
119000054,3628,2624,1004
119000055,5287,3135,2152
119000056,3340,2128,1212
119000057,1963,1658,305
119000058,2186,1593,593
119000059,1428,1603,-175
119000060,1797,1153,644
119000061,1274,758,516
119000062,1311,1325,-14
119000063,753,483,270
119000064,1054,1213,-159
119000065,1903,3788,-1885
119000066,2731,1369,1362
119000067,2068,2108,-40
119000068,2081,978,1103
119000069,1863,2471,-608
119000070,2984,853,2131
119000071,636,797,-161
119000072,5597,3865,1732
119000073,5764,7812,-2048
119000074,1561,2049,-488
119000075,2793,2290,503
119000076,618,1836,-1218
119000077,921,809,112
119000078,597,355,242
119000079,188,948,-760
119000080,504,287,217
119000081,425,1440,-1015
119000082,1219,327,892
119000083,759,394,365
119000084,356,735,-379
119000085,1274,235,1039
119000086,467,534,-67
119000087,1542,780,762
119000088,387,260,127
119000089,71,254,-183
119000090,180,124,56
119000091,108,635,-527
119000092,591,181,410
119000093,3817,2397,1420
119000094,3518,5134,-1616
119000095,2002,2993,-991
119000097,2161,1253,908
119000098,1173,3220,-2047
119000099,2471,1484,987
119000100,4806,3360,1446
119000101,4995,2522,2473
119000102,725,1456,-731
119000103,1632,885,747
119000104,2207,1291,916
119000105,1473,2145,-672
119000106,457,1086,-629
119000107,1175,581,594
119000108,371,840,-469
119000109,171,943,-772
119000110,675,846,-171
119000111,67,858,-791
119000112,246,221,25
119000113,2835,391,2444
119000114,1404,1216,188
119000115,157,194,-37
119000116,133,128,5
119000117,159,445,-286
119000118,3,1,2
119000123,3356,2457,899
119000124,781,265,516
119000125,4272,693,3579
119000126,801,587,214
119000127,541,523,18
119000128,60,6,54
119000131,1022,614,408
119000132,21,13,8
119000133,8,9,-1
119000134,1887,668,1219
119000135,130,271,-141
119000136,298,141,157
119000137,285,252,33
119000138,562,270,292
119000139,327,194,133
119000140,299,373,-74
119000284,1227,2540,-1313
119000285,2203,1997,206
119000286,6498,5176,1322
119000287,1198,1897,-699
119000288,2028,1234,794
119000289,1519,2553,-1034
119000290,281,439,-158
119000291,17,235,-218
119000293,181,178,3
119000294,56,32,24
119000295,1389,370,1019
119000296,247,177,70
119000302,1862,1270,592
119000303,46,170,-124
119000314,1830,11322,-9492
119000315,2,306,-304
119000316,165,94,71
119000317,77,244,-167
119900001,354,1302,-948
119900002,165,270,-105
119900003,46,856,-810
119900004,313,1254,-941
119900005,245,100,145
119900006,275,468,-193
119900007,1225,266,959
119900008,52,56,-4
119900009,667,637,30
119900010,1739,2046,-307
119900011,28,109,-81
119900012,25,93,-68
119900013,2590,1677,913
119900014,603,410,193
119900015,118,33,85
119900016,59,72,-13
119900017,44,41,3
119900018,1778,965,813
119900019,52,11,41
119900020,195,241,-46
119900021,266,88,178
119900022,164,1049,-885
119900023,532,1684,-1152
119900025,199,41,158
119900026,735,161,574
119900027,26,22,4
119900028,238,135,103
119900029,1,9,-8
119900030,672,452,220
119900031,77,473,-396
119900033,2270,439,1831
119900034,440,107,333
119900037,170,38,132
119900038,82,309,-227
119900039,60,23,37
119900040,118,27,91
119900041,159,44,115
119900042,113,140,-27
119900043,117,170,-53
119900044,260,1059,-799
119900046,166,83,83
119900047,407,103,304
119900048,42,15,27
119900049,176,12,164
119900050,261,179,82
119900051,710,7,703
119900052,98,48,50
119900053,206,152,54
119900054,267,10,257
119900055,1505,493,1012
119900057,307,83,224
119900058,296,2,294
119900059,189,46,143
119900060,368,54,314
119900062,104,29,75
119900063,18,53,-35
119900064,595,88,507
119900065,303,14,289
119900066,2,0,2
119900067,129,49,80
119900068,628,6,622
119900069,131,50,81
119900070,1012,12,1000
119900071,842,19,823
119900073,1713,521,1192
119900074,33,46,-13
119900075,4377,2801,1576
119900076,596,279,317
119900077,1076,920,156
119900078,570,882,-312
119900079,315,200,115
119900080,1786,1091,695
119900081,183,22,161
119900082,1843,307,1536
119900083,532,173,359
119900084,758,342,416
119900085,57,54,3
119900086,16,72,-56
119900087,509,496,13
119900088,27,57,-30
119900089,64,397,-333
119900090,129,67,62
119900091,78,725,-647
119900092,188,439,-251
119900093,1543,246,1297
119900094,34,219,-185
119900095,208,103,105
119900096,57,142,-85
119900097,556,220,336
119900098,48,53,-5
119900099,41,215,-174
119900100,1721,3382,-1661
119900101,195,1928,-1733
119900102,55,255,-200
119900103,50,315,-265
119900104,61,231,-170
119900105,1161,6303,-5142
119900106,8,144,-136
119900107,335,2040,-1705
119900108,5317,819,4498
119900109,24,153,-129
119900110,1085,517,568
119900111,140,299,-159
119900112,1176,581,595
119900113,80,251,-171
119900114,347,999,-652
119900115,448,846,-398
119900116,156,404,-248
119900117,378,674,-296
119900118,125,674,-549
119900119,256,185,71
119900120,830,647,183
119900121,460,881,-421
119900122,468,357,111
119900123,231,300,-69
119900124,231,752,-521
119900125,69,339,-270
119900126,4618,441,4177
119900127,1860,977,883
119900128,416,578,-162
119900129,289,498,-209
119900130,22,206,-184
119900131,50,201,-151
119900132,3,199,-196
119900133,75,97,-22
119900134,1457,220,1237
119900135,14,307,-293
119900136,205,295,-90
119900138,357,596,-239
119900139,19,118,-99
119900140,6,136,-130
119900141,106,801,-695
119900142,18,57,-39
119900143,17,263,-246
119900144,1501,291,1210
119900145,71,184,-113
119900146,231,190,41
119900147,7,160,-153
119900148,293,63,230
119900149,1031,5228,-4197
119900150,132,162,-30
119900151,1997,1112,885
119900152,155,257,-102
119900153,202,84,118
119900154,11,173,-162
119900155,63,51,12
119900156,16,3,13
119900157,151,197,-46
119900158,306,111,195
119900159,6,1184,-1178
119900160,28,135,-107
119900161,188,183,5
119900162,1077,1189,-112
119900163,120,180,-60
119900164,1,2,-1
119900165,154,174,-20
119900166,111,95,16
119900167,89,99,-10
119900168,1165,489,676
119900169,196,326,-130
119900170,209,317,-108
119900171,1012,494,518
119900172,158,40,118
119900173,3,361,-358
119900174,2,226,-224
119900175,1630,700,930
119900177,29,196,-167
119900178,21,151,-130
119900179,155,699,-544
119900180,1117,1031,86
119900181,75,118,-43
119900182,6,347,-341
119900183,183,684,-501
119900184,2042,580,1462
119900185,43,212,-169
119900186,70,1271,-1201
119900187,34,417,-383
119900188,130,309,-179
119900189,501,500,1
119900190,117,331,-214
119900191,394,381,13
119900192,70,157,-87
119900193,493,160,333
119900194,35,89,-54
119900195,172,258,-86
119900196,1301,488,813
119900197,319,163,156
119900198,205,325,-120
119900199,182,40,142
119900200,853,703,150
119900201,385,280,105
119900202,107,283,-176
119900203,207,585,-378
119900204,373,294,79
119900205,925,529,396
119900206,230,151,79
119900208,217,202,15
119900209,602,1529,-927
119900210,41,34,7
119900211,106,11,95
119900212,309,338,-29
119900213,10,54,-44
119900214,38,72,-34
119900215,45,38,7
119900216,18,65,-47
119900217,11,40,-29
119900218,20,68,-48
119900219,21,84,-63
119900220,9,62,-53
119900221,34,181,-147
119900222,11,171,-160
119900223,18,71,-53
119900224,17,20,-3
119900225,703,60,643
119900226,611,2357,-1746
119900227,1206,370,836
119900228,42,257,-215
119900229,348,482,-134
119900230,1390,541,849
119900231,367,157,210
119900232,321,142,179
119900233,173,11,162
119900234,55,126,-71
119900235,24,74,-50
119900236,16,220,-204
119900237,82,563,-481
119900238,5,68,-63
119900240,123,129,-6
119900241,170,252,-82
119900242,1537,1593,-56
119900244,738,1566,-828
119900245,180,225,-45
119900246,379,649,-270
119900247,31,130,-99
119900248,77,314,-237
119900249,339,144,195
119900253,2243,453,1790
119900254,97,825,-728
119900255,175,832,-657
119900256,832,923,-91
119900257,101,2,99
119900258,242,7,235
119900259,15,133,-118
119900260,177,8,169
119900261,343,181,162
119900262,0,197,-197
119900263,1224,363,861
119900264,133,148,-15
119900265,868,377,491
119900266,514,303,211
119900267,252,447,-195
119900268,258,129,129
119900269,1504,1057,447
119900271,62,90,-28
119900272,346,397,-51
119900275,229,14,215
119900276,55,3,52
119900277,16,5,11
119900278,280,90,190
119900279,144,286,-142
119900280,744,156,588
119900281,0,242,-242
119900282,68,153,-85
119900283,27,190,-163
119900284,91,239,-148
119900285,154,249,-95
119900286,9,31,-22
119900288,1,20,-19
119900289,3,46,-43
119900290,7,13,-6
119900291,2,110,-108
119900292,56,74,-18
119900293,34,48,-14
119900294,43,62,-19
119900295,6,27,-21
119900296,119,231,-112
119900297,1,28,-27
119900298,6,11,-5
119900299,61,153,-92
119900300,206,252,-46
119900301,111,191,-80
119900302,207,93,114
119900303,249,143,106
119900304,152,33,119
119900305,37,145,-108
119900306,22,6,16
119900307,109,124,-15
119900308,9,22,-13
119900309,57,144,-87
119900310,259,257,2
119900311,100,86,14
119900312,166,94,72
119900313,235,371,-136
119900314,220,413,-193
119900315,2014,1901,113
119900318,26,38,-12
119900319,0,246,-246
119900320,306,513,-207
119900321,85,5,80
119900322,2,8,-6
119900323,0,4,-4
119900324,0,3,-3
119900325,0,23,-23
120000001,6674,16598,-9924
120000002,2922,2420,502
120000003,3174,1640,1534
120000004,2670,1834,836
120000005,3700,2108,1592
120000006,1195,1228,-33
120000007,3697,3249,448
120000008,1127,1339,-212
120000009,2500,1258,1242
120000010,1988,2579,-591
120000011,1088,1512,-424
120000012,1800,2390,-590
120000013,3493,3050,443
120000014,870,1351,-481
120000015,2643,1683,960
120000016,4170,2370,1800
120000017,3598,2664,934
120000018,3797,13372,-9575
120000019,1267,1617,-350
120000020,3526,3479,47
120000021,2174,2437,-263
120000022,3198,4345,-1147
120000023,1279,1599,-320
120000024,1682,2703,-1021
120000025,3179,2137,1042
120000026,2448,1904,544
120000027,2657,2466,191
120000028,1063,1937,-874
120000029,4093,2180,1913
120000030,349,1245,-896
120000031,2474,8018,-5544
120000032,7973,3872,4101
120000033,4791,1750,3041
120000034,2447,1519,928
120000035,2457,1943,514
120000036,3032,4702,-1670
120000037,687,1792,-1105
120000038,6783,4616,2167
120000039,829,1020,-191
120000040,137,666,-529
120000041,1516,1873,-357
120000042,2271,2669,-398
120000043,5999,1976,4023
120000044,6084,1538,4546
120000045,6602,1158,5444
120000046,3785,3145,640
120000047,1123,6835,-5712
120000048,7936,4753,3183
120000049,3820,3350,470
120000050,3752,3859,-107
120000051,3143,4712,-1569
120000052,8245,2341,5904
120000053,1440,2086,-646
120000054,1488,3466,-1978
120000055,1893,4153,-2260
120000056,5696,4157,1539
120000057,4202,1231,2971
120000058,3994,1502,2492
120000059,18,1945,-1927
120000061,97,516,-419
120000062,252,412,-160
120000063,1473,2681,-1208
120000064,280,1073,-793
120000065,541,1371,-830
120000066,408,659,-251
120000067,99,635,-536
120000068,254,737,-483
120000069,590,938,-348
120000070,89,605,-516
120000071,669,137,532
120000072,954,463,491
120000073,1020,139,881
120000074,295,154,141
120000075,1176,440,736
120000076,2413,453,1960
120000077,2403,708,1695
120000078,4337,1358,2979
120000079,292,194,98
120000080,134,234,-100
120000081,407,138,269
120000082,242,264,-22
120000083,86,672,-586
120000084,511,495,16
120000085,590,450,140
120000086,284,437,-153
120000087,257,543,-286
120000088,800,1113,-313
120000089,1278,682,596
120000090,912,581,331
120000091,1137,1077,60
120000092,1475,645,830
120000093,640,428,212
120000094,243,749,-506
120000095,1040,448,592
120000096,338,715,-377
120000098,1048,740,308
120000099,539,807,-268
120000100,1103,834,269
120000101,813,521,292
120000102,709,1037,-328
120000103,1964,911,1053
120000104,2417,495,1922
120000105,3517,684,2833
120000106,2735,706,2029
120000107,4891,625,4266
120000108,1776,170,1606
120000109,1320,118,1202
120000110,76,856,-780
120000111,149,896,-747
120000112,805,2230,-1425
120000113,487,1599,-1112
120000114,940,1976,-1036
120000115,317,1841,-1524
120000116,688,1683,-995
120000117,852,1321,-469
120000118,56,59,-3
120000119,44,65,-21
120000120,98,65,33
120000121,21,82,-61
120000122,292,409,-117
120000123,3899,6789,-2890
120000124,478,426,52
120000125,660,603,57
120000126,427,1108,-681
120000127,2543,1224,1319
120000128,3389,4950,-1561
120000129,332,286,46
120000130,900,551,349
120000131,340,818,-478
120000134,386,859,-473
120000135,765,537,228
120000137,363,1179,-816
120000138,1323,428,895
120000139,340,498,-158
120000140,1040,609,431
120000141,340,424,-84
120000142,653,599,54
120000143,0,111,-111
120000144,178,2,176
120000145,394,7,387
120000146,1045,910,135
120000149,702,1004,-302
120000150,3259,13304,-10045
120000151,477,451,26
120000152,694,186,508
120000153,465,569,-104
120000154,625,466,159
120000155,182,234,-52
120000156,810,1311,-501
120000157,1053,641,412
120000158,923,792,131
120000159,1963,2355,-392
120000160,2616,1860,756
120000161,2646,2342,304
120000162,94,248,-154
120000163,906,1009,-103
120000164,718,352,366
120000165,628,624,4
120000166,1651,563,1088
120000167,277,306,-29
120000168,30,1047,-1017
120000169,65,2472,-2407
120000170,79,1767,-1688
120000171,42,624,-582
120000172,34,274,-240
120000173,2142,2381,-239
120000174,369,66,303
120000175,275,50,225
120000176,274,48,226
120000177,1605,201,1404
120000178,123,31,92
120000179,269,90,179
120000180,1648,147,1501
120000181,219,2613,-2394
120000182,104,1008,-904
120000183,24,804,-780
120000184,253,1975,-1722
120000186,70,853,-783
120000187,43,380,-337
120000188,106,832,-726
120000190,724,77,647
120000191,900,124,776
120000192,888,50,838
120000193,407,6,401
120000195,79,3,76
120000196,297,42,255
120000197,174,133,41
120000198,235,105,130
120000199,139,0,139
120000200,154,3,151
120000201,15,40,-25
120000202,8,54,-46
120000203,66,174,-108
120000207,0,72,-72
120000208,19,171,-152
120000209,4,56,-52
120000210,55,58,-3
120000211,196,4,192
120000212,215,0,215
120000213,228,276,-48
120000214,1,205,-204
120000215,8,97,-89
120000216,133,30,103
120000217,687,1431,-744
120000218,177,758,-581
120000219,5,457,-452
120000220,8,1240,-1232
120000225,1961,6,1955
120000226,430,7,423
120000227,1035,75,960
120000228,13351,4068,9283
120000230,496,27,469
120000231,1656,2074,-418
120000233,529,13,516
120000235,255,474,-219
120000236,1554,2,1552
120000237,3,1213,-1210
120000238,30,1375,-1345
120000241,1391,3885,-2494
120000412,865,30,835
120000413,316,285,31
120000414,171,12,159
120000415,2,74,-72
120000416,180,3,177
120000417,23,91,-68
120000418,223,16,207
120000419,13,228,-215
120000420,55,41,14
120000421,9872,5935,3937
120000422,151,1709,-1558
120000423,9,94,-85
120000424,115,149,-34
120000436,152,818,-666
120000437,139,143,-4
120000438,2107,362,1745
120000439,265,583,-318
120000443,204,0,204
120000444,1723,473,1250
120000445,1870,1117,753
120000446,704,230,474
120000447,332,7,325
120000449,180,7,173
120000450,9,193,-184
120000451,184,336,-152
120000452,343,3,340
120000453,1,464,-463
120000454,78,79,-1
120000455,76,36,40
120000456,3131,4138,-1007
120000457,1369,473,896
120000458,516,675,-159
120000459,167,50,117
120000665,1644,337,1307
120000668,182,1816,-1634
120000669,157,221,-64
120000670,304,1257,-953
120000671,1510,520,990
120000672,86,477,-391
120900001,87,110,-23
120900002,483,662,-179
120900003,233,42,191
120900004,21,76,-55
120900005,87,884,-797
120900006,501,263,238
120900007,246,106,140
120900008,402,1071,-669
120900009,304,31,273
120900010,621,121,500
120900011,360,226,134
120900012,309,1523,-1214
120900013,459,146,313
120900014,1,499,-498
120900015,928,83,845
120900016,1079,63,1016
120900017,2457,147,2310
120900018,225,385,-160
120900019,772,417,355
120900020,757,1618,-861
120900021,1015,272,743
120900022,29,294,-265
120900023,380,52,328
120900024,2235,618,1617
120900025,1658,1207,451
120900026,352,184,168
120900027,1051,27,1024
120900028,495,116,379
120900029,126,532,-406
120900030,1464,893,571
120900031,277,143,134
120900032,1365,107,1258
120900033,1353,123,1230
120900034,47,3024,-2977
120900035,118,214,-96
120900037,234,6,228
120900038,63,374,-311
120900039,139,66,73
120900040,371,13,358
120900041,131,26,105
120900042,630,54,576
120900043,156,41,115
120900044,56,440,-384
120900045,145,132,13
120900046,503,4,499
120900047,185,127,58
120900048,140,32,108
120900049,630,3,627
120900050,1857,1806,51
120900051,392,93,299
120900052,719,7,712
120900053,410,64,346
120900054,1668,604,1064
120900055,476,8,468
120900056,579,22,557
120900057,204,14,190
120900058,613,1,612
120900059,125,2,123
120900060,93,19,74
120900061,319,278,41
120900062,283,3,280
120900063,803,6,797
120900064,745,0,745
120900065,560,5,555
120900066,565,180,385
120900067,253,62,191
120900068,399,2,397
120900069,281,49,232
120900071,29,1,28
120900072,783,8,775
120900073,683,101,582
120900074,964,16,948
120900076,374,1,373
120900077,2923,325,2598
120900078,1037,654,383
120900079,962,165,797
120900080,1078,1392,-314
120900081,966,588,378
120900082,381,399,-18
120900083,122,15,107
120900084,378,503,-125
120900085,91,119,-28
120900086,122,363,-241
120900087,506,397,109
120900088,225,483,-258
120900089,2703,3372,-669
120900090,338,92,246
120900091,721,993,-272
120900092,1188,495,693
120900093,1811,138,1673
120900094,494,190,304
120900095,514,25,489
120900096,67,287,-220
120900097,910,737,173
120900098,238,153,85
120900099,114,75,39
120900100,100,207,-107
120900101,559,266,293
120900102,61,106,-45
120900103,67,245,-178
120900104,26,55,-29
120900105,44,481,-437
120900106,1052,493,559
120900107,317,175,142
120900108,6,418,-412
120900109,43,547,-504
120900110,10,671,-661
120900111,176,289,-113
120900112,12,616,-604
120900113,21,625,-604
120900114,43,118,-75
120900115,187,293,-106
120900116,540,376,164
120900117,3,346,-343
120900118,13,557,-544
120900119,7904,4944,2960
120900120,65,451,-386
120900121,267,498,-231
120900122,610,393,217
120900123,2,270,-268
120900124,1,453,-452
120900125,9,630,-621
120900126,1493,865,628
120900127,10,405,-395
120900128,975,1356,-381
120900129,54,253,-199
120900130,19,457,-438
120900131,127,103,24
120900132,1243,273,970
120900133,215,776,-561
120900134,723,418,305
120900135,5,480,-475
120900136,57,157,-100
120900137,320,99,221
120900138,27,217,-190
120900139,6,581,-575
120900140,9,253,-244
120900141,208,219,-11
120900142,13,423,-410
120900143,2,677,-675
120900144,1,140,-139
120900145,134,627,-493
120900146,4,843,-839
120900147,8,473,-465
120900148,189,165,24
120900149,1,288,-287
120900150,60,432,-372
120900151,2,537,-535
120900152,0,30,-30
120900153,69,101,-32
120900154,0,647,-647
120900155,229,871,-642
120900156,96,382,-286
120900157,125,263,-138
120900158,80,591,-511
120900159,100,379,-279
120900160,26,575,-549
120900161,183,600,-417
120900162,125,879,-754
120900163,136,1669,-1533
120900164,0,49,-49
120900165,18,102,-84
120900166,158,810,-652
120900167,512,161,351
120900169,84,316,-232
120900170,960,3217,-2257
120900171,1092,218,874
120900172,1071,2093,-1022
120900173,3,547,-544
120900174,12,126,-114
120900175,312,198,114
120900176,10,426,-416
120900177,3,1423,-1420
120900178,2,630,-628
120900179,842,443,399
120900180,80,168,-88
120900181,192,40,152
120900182,25,339,-314
120900183,750,67,683
120900184,427,81,346
120900185,15,392,-377
120900186,0,302,-302
120900187,727,996,-269
120900188,240,14,226
120900189,93,1557,-1464
120900190,114,6,108
120900191,17,12,5
120900192,8749,8711,38
120900194,87,95,-8
120900195,147,358,-211
120900196,984,38,946
120900197,929,138,791
120900198,284,534,-250
120900199,560,1668,-1108
120900200,80,101,-21
120900201,444,187,257
120900202,1,136,-135
120900203,27,90,-63
120900204,173,281,-108
120900205,59,54,5
120900206,28,48,-20
121000001,825,1280,-455
121000002,3050,1456,1594
121000003,2952,2465,487
121000004,3099,3492,-393
121000005,1947,3116,-1169
121000006,3861,2002,1859
121000007,2703,3278,-575
121000008,5373,4168,1205
121000009,6124,6466,-342
121000010,8823,6885,1938
121000011,10265,13707,-3442
121000012,18591,11828,6763
121000013,5313,7545,-2232
121000014,6461,5698,763
121000015,4325,7763,-3438
121000016,4778,3862,916
121000017,2431,4065,-1634
121000018,3374,1983,1391
121000019,17046,13231,3815
121000020,15316,19270,-3954
121000021,3212,3216,-4
121000022,2967,3608,-641
121000023,3961,3053,908
121000024,5571,5635,-64
121000025,847,1493,-646
121000026,397,170,227
121000027,1896,1374,522
121000028,1070,667,403
121000029,1061,726,335
121000030,783,521,262
121000031,847,833,14
121000032,271,136,135
121000034,388,261,127
121000035,172,167,5
121000036,1113,945,168
121000037,654,562,92
121000038,494,1134,-640
121000039,308,497,-189
121000041,658,615,43
121000042,361,493,-132
121000043,749,754,-5
121000044,1592,1064,528
121000045,501,392,109
121000046,831,1072,-241
121000047,52,124,-72
121000049,1392,684,708
121000050,383,1287,-904
121000051,710,363,347
121000052,467,710,-243
121000053,503,160,343
121000054,75,501,-426
121000055,1255,1351,-96
121000056,889,1134,-245
121000057,353,682,-329
121000058,498,257,241
121000059,3121,1517,1604
121000060,780,1069,-289
121000061,122,505,-383
121000062,214,492,-278
121000063,1002,787,215
121000064,988,952,36
121000065,363,558,-195
121000066,801,765,36
121000067,707,708,-1
121000068,842,503,339
121000069,752,1200,-448
121000070,1855,1387,468
121000071,1489,1549,-60
121000072,1616,798,818
121000073,1368,1126,242
121000074,148,159,-11
121000075,85,514,-429
121000076,784,527,257
121000077,147,258,-111
121000078,160,196,-36
121000080,2070,742,1328
121000081,5243,3479,1764
121000082,117,285,-168
121000083,182,156,26
121000084,204,142,62
121000085,381,461,-80
121000086,361,777,-416
121000087,82,349,-267
121000088,559,558,1
121000089,487,527,-40
121000090,590,428,162
121000091,1591,1174,417
121000092,262,93,169
121000093,270,275,-5
121000094,685,948,-263
121000095,378,963,-585
121000096,2821,2714,107
121000097,1169,2702,-1533
121000098,709,1160,-451
121000099,738,767,-29
121000100,951,394,557
121000101,472,327,145
121000102,372,324,48
121000103,287,325,-38
121000104,379,212,167
121000105,590,288,302
121000106,424,502,-78
121000107,2094,3115,-1021
121000109,1319,1157,162
121000110,379,744,-365
121000114,3462,2187,1275
121000115,1102,642,460
121000116,228,866,-638
121000117,659,265,394
121000118,1663,247,1416
121000119,277,477,-200
121000120,445,528,-83
121000121,671,1494,-823
121000123,1729,879,850
121000126,78,424,-346
121000127,197,103,94
121000128,1018,482,536
121000129,1105,661,444
121000130,762,915,-153
121000131,2596,2310,286
121000132,1968,2219,-251
121000135,590,1077,-487
121000136,1436,1454,-18
121000137,631,442,189
121000138,1042,1839,-797
121000139,445,669,-224
121000141,237,237,0
121000142,802,938,-136
121000143,162,47,115
121000144,1237,2273,-1036
121000145,616,1104,-488
121000146,1655,1178,477
121000147,1084,611,473
121000148,1003,1196,-193
121000149,2528,1411,1117
121000152,441,514,-73
121000153,2124,696,1428
121000154,1289,683,606
121000155,1812,1024,788
121000156,455,996,-541
121000157,960,1627,-667
121000158,365,424,-59
121000159,203,336,-133
121000160,329,316,13
121000161,215,377,-162
121000162,168,193,-25
121000165,1848,2344,-496
121000166,26,411,-385
121000168,490,229,261
121000169,115,165,-50
121000170,418,82,336
121000171,147,244,-97
121000172,792,583,209
121000173,1597,1377,220
121000174,428,496,-68
121000175,1052,396,656
121000176,459,348,111
121000177,845,691,154
121000178,157,68,89
121000179,75,68,7
121000181,411,519,-108
121000182,211,282,-71
121000183,128,177,-49
121000184,110,246,-136
121000185,64,249,-185
121000186,260,834,-574
121000187,251,180,71
121000188,223,202,21
121000192,1190,486,704
121000193,803,636,167
121000194,2376,2543,-167
121000195,295,898,-603
121000196,711,401,310
121000197,317,895,-578
121000198,293,184,109
121000199,194,452,-258
121000200,767,140,627
121000201,4,251,-247
121000202,1148,163,985
121000203,872,1857,-985
121000204,3357,712,2645
121000205,174,282,-108
121000206,280,65,215
121000207,2339,359,1980
121000208,11,341,-330
121000209,422,245,177
121000210,710,320,390
121000211,367,164,203
121000212,554,624,-70
121000213,10640,3190,7450
121000214,1027,2232,-1205
121000215,1200,1195,5
121000216,605,696,-91
121000217,4475,2542,1933
121000218,392,1687,-1295
121000219,1706,493,1213
121000220,181,97,84
121000221,134,300,-166
121000222,2226,2445,-219
121000223,387,393,-6
121000224,286,285,1
121000225,837,2116,-1279
121000226,2089,1290,799
121000227,21,136,-115
121000228,16,497,-481
121000229,389,327,62
121000230,53,1453,-1400
121000231,1149,15,1134
121000232,427,286,141
121000233,584,338,246
121000234,20,38,-18
121000235,90,95,-5
121000236,14,65,-51
121000237,36,19,17
121000238,15,66,-51
121000239,71,9,62
121000240,9,178,-169
121000241,97,27,70
121000242,123,441,-318
121000243,637,199,438
121000244,9,114,-105
121000245,131,51,80
121000246,2,127,-125
121000247,125,12,113
121000248,1451,635,816
121000249,126,426,-300
121000250,656,268,388
121000251,39,278,-239
121000252,145,93,52
121000253,330,350,-20
121000254,622,192,430
121000255,144,281,-137
121000256,367,168,199
121000257,45,104,-59
121000258,176,77,99
121000259,65,88,-23
121000260,62,144,-82
121000261,101,75,26
121000262,1092,818,274
121000263,475,416,59
121000271,362,1508,-1146
121000273,48,6,42
121000274,15,50,-35
121000275,2,6,-4
121000276,4,20,-16
121000278,42,30,12
121000279,25,34,-9
121000280,36,68,-32
121000289,292,28,264
121000290,1232,998,234
121000294,238,141,97
121000297,787,1251,-464
121000299,75,740,-665
121000300,1022,618,404
121000302,79,1258,-1179
121000303,503,443,60
121000304,622,79,543
121000305,183,55,128
121000306,139,129,10
121000308,172,374,-202
121000309,356,528,-172
121000310,117,334,-217
121000311,77,806,-729
121000312,439,349,90
121000313,375,531,-156
121000314,107,134,-27
121000315,51,118,-67
121000530,1884,1428,456
121000531,1801,1505,296
121000532,6990,8393,-1403
121000533,3759,3969,-210
121000918,62,134,-72
121000919,54,69,-15
121000938,159,273,-114
121000939,206,333,-127
121000956,1592,1079,513
121000957,11,12,-1
121000958,34,59,-25
121000959,920,638,282
121000960,1578,1719,-141
121000961,285,148,137
121000962,330,473,-143
121000973,2,224,-222
121000976,19,234,-215
121000979,643,229,414
121000981,402,270,132
121000982,336,159,177
121000983,438,334,104
121000984,28,63,-35
121000985,703,461,242
121000986,456,192,264
121000987,268,813,-545
121000988,964,102,862
121001302,304,127,177
121001308,6,32,-26
121001309,71,122,-51
121001313,187,163,24
121001314,1775,2708,-933
121001315,5263,2926,2337
121900001,93,189,-96
121900002,40,41,-1
121900003,408,47,361
121900004,181,512,-331
121900005,38,7,31
121900006,129,42,87
121900007,2467,2287,180
121900008,1553,838,715
121900009,836,23,813
121900010,216,1,215
121900011,376,458,-82
121900012,15,1,14
121900013,1212,86,1126
121900014,1487,346,1141
121900015,245,257,-12
121900016,0,47,-47
121900017,500,453,47
121900018,391,5,386
121900019,518,269,249
121900020,15,4,11
121900021,1002,27,975
121900022,329,239,90
121900023,191,505,-314
121900024,431,79,352
121900025,775,480,295
121900026,396,58,338
121900027,491,245,246
121900028,345,20,325
121900029,139,245,-106
121900030,563,626,-63
121900031,1022,6874,-5852
121900032,149,101,48
121900033,226,281,-55
121900034,374,100,274
121900035,3128,2517,611
121900036,146,355,-209
121900037,270,1253,-983
121900038,38,173,-135
121900039,401,74,327
121900040,94,170,-76
121900041,156,234,-78
121900042,480,177,303
121900043,12,11,1
121900044,120,59,61
121900046,295,393,-98
121900047,250,61,189
121900048,61,91,-30
121900050,42,84,-42
121900051,210,190,20
121900052,207,47,160
121900053,491,366,125
121900054,497,938,-441
121900055,4,28,-24
121900058,282,139,143
121900059,504,179,325
121900060,160,384,-224
121900061,248,215,33
121900062,196,158,38
121900063,1934,514,1420
121900064,353,569,-216
121900066,75,37,38
121900067,61,99,-38
121900069,177,204,-27
121900070,316,171,145
121900071,466,232,234
121900072,44,110,-66
121900073,330,247,83
121900074,1097,1324,-227
121900075,492,671,-179
121900076,481,683,-202
121900077,33,29,4
121900078,95,52,43
121900079,0,0,0
121900080,956,437,519
121900082,55,121,-66
121900084,32,141,-109
121900085,3,7,-4
121900086,28,108,-80
121900087,213,133,80
121900088,2484,3887,-1403
121900089,241,289,-48
121900090,40,106,-66
121900091,109,92,17
121900092,118,189,-71
121900093,73,97,-24
121900094,22,14,8
121900095,330,191,139
121900096,1508,1026,482
121900097,725,234,491
121900098,11,5,6
121900099,256,72,184
121900100,265,582,-317
121900101,186,185,1
121900102,10,161,-151
121900103,497,378,119
121900104,1868,281,1587
121900105,372,206,166
121900106,4,5,-1
121900107,69,24,45
121900108,1,24,-23
121900109,291,209,82
121900110,631,798,-167
121900111,745,343,402
121900112,201,224,-23
121900113,113,474,-361
121900114,83,63,20
121900117,294,209,85
121900118,1908,593,1315
121900119,189,105,84
121900120,78,1419,-1341
121900121,507,50,457
121900122,40,68,-28
121900123,384,438,-54
121900124,160,173,-13
121900125,2522,1146,1376
121900127,11,100,-89
121900128,103,84,19
121900129,670,210,460
121900130,106,235,-129
121900131,261,119,142
121900132,67,114,-47
121900133,80,1141,-1061
121900134,36,243,-207
121900135,4022,477,3545
121900136,358,327,31
121900137,67,377,-310
121900138,99,253,-154
121900139,354,685,-331
121900140,83,207,-124
121900141,76,95,-19
121900142,237,165,72
121900143,27,156,-129
121900144,168,301,-133
121900145,291,341,-50
121900146,658,734,-76
121900147,80,217,-137
121900148,172,399,-227
121900149,396,564,-168
121900150,62,148,-86
121900151,84,220,-136
121900152,134,151,-17
121900153,128,936,-808
121900154,18,223,-205
121900155,9,290,-281
121900156,280,162,118
121900157,2,296,-294
121900158,70,121,-51
121900159,1,189,-188
121900160,44,248,-204
121900161,421,389,32
121900162,105,222,-117
121900163,291,426,-135
121900164,398,230,168
121900165,272,172,100
121900166,193,205,-12
121900167,94,156,-62
121900168,149,220,-71
121900169,4,189,-185
121900170,12,223,-211
121900171,959,673,286
121900172,635,224,411
121900173,988,310,678
121900174,84,63,21
121900175,210,354,-144
121900176,590,1402,-812
121900177,238,115,123
121900178,31,29,2
121900179,456,191,265
121900180,3490,5256,-1766
121900182,753,340,413
121900183,609,1648,-1039
121900184,80,848,-768
121900186,8,410,-402
121900187,34,199,-165
121900188,755,410,345
121900189,54,114,-60
121900190,250,484,-234
121900191,163,238,-75
121900192,371,864,-493
121900193,54,118,-64
121900194,9,306,-297
121900195,77,134,-57
121900196,897,1088,-191
121900197,320,1348,-1028
121900198,1240,1045,195
121900199,1,46,-45
121900200,71,233,-162
121900201,1005,972,33
121900202,167,914,-747
121900203,278,1211,-933
121900204,840,1188,-348
121900205,15,93,-78
121900206,21,75,-54
121900207,167,50,117
121900208,134,337,-203
121900209,96,45,51
121900210,1541,993,548
121900211,12,89,-77
121900212,154,155,-1
121900213,272,84,188
121900214,10,560,-550
121900215,75,117,-42
121900216,37,386,-349
121900217,267,205,62
121900218,178,326,-148
121900220,197,17,180
121900221,320,569,-249
121900222,176,142,34
121900223,210,62,148
121900224,141,58,83
121900225,122,154,-32
121900226,373,760,-387
121900227,305,575,-270
121900228,175,272,-97
121900230,87,421,-334
121900231,378,2537,-2159
121900232,268,468,-200
121900233,220,286,-66
121900234,395,259,136
121900235,673,171,502
121900236,371,166,205
121900237,226,356,-130
121900238,203,325,-122
121900239,234,44,190
121900240,300,173,127
121900241,67,70,-3
121900242,20,14,6
121900243,16,0,16
121900244,52,3,49
121900245,240,78,162
121900246,2672,476,2196
121900247,409,263,146
121900248,1540,1547,-7
121900250,259,293,-34
121900251,604,50,554
121900252,699,149,550
121900253,117,809,-692
121900254,439,362,77
121900255,534,114,420
121900258,4004,2130,1874
121900259,327,594,-267
121900260,190,144,46
121900261,155,622,-467
121900262,437,1064,-627
121900263,328,215,113
121900264,1687,1287,400
121900265,380,241,139
121900266,456,173,283
121900267,59,44,15
121900269,291,793,-502
121900270,45,220,-175
121900271,70,182,-112
121900273,572,1959,-1387
121900274,342,290,52
121900277,529,1488,-959
121900278,131,1069,-938
121900279,179,229,-50
121900280,193,451,-258
121900281,420,652,-232
121900284,154,16,138
121900286,148,77,71
121900287,47,21,26
121900290,406,523,-117
121900291,351,697,-346
121900292,199,137,62
121900293,958,2863,-1905
121900294,273,4,269
121900295,200,174,26
121900296,87,319,-232
121900298,280,903,-623
121900299,0,13,-13
121900300,151,9,142
121900301,74,6,68
121900302,9,31,-22
121900303,295,539,-244
121900304,0,12,-12
121900305,3,10,-7
121900306,202,1,201
121900307,80,34,46
121900308,49,293,-244
121900309,12,199,-187
121900310,15,336,-321
121900311,548,20,528
121900312,459,19,440
121900313,410,26,384
121900314,4,68,-64
121900315,14,0,14
121900316,0,6,-6
121900317,19,2,17
121900318,4,7,-3
121900319,70,174,-104
121900320,50,35,15
121900321,30,4,26
121900322,1,18,-17
121900323,22,25,-3
121900324,4,54,-50
121900325,17,17,0
121900326,1,27,-26
121900327,5,32,-27
121900328,0,33,-33
121900329,0,132,-132
121900330,0,44,-44
121900331,105,129,-24
121900332,139,32,107
121900333,29,1,28
122000001,2310,5589,-3279
122000002,3908,1924,1984
122000003,2106,3087,-981
122000004,3210,1919,1291
122000005,2931,2268,663
122000006,1786,1223,563
122000007,930,1780,-850
122000008,3308,4826,-1518
122000009,486,444,42
122000010,2481,3112,-631
122000011,3559,1879,1680
122000012,1055,1808,-753
122000013,1110,1089,21
122000014,1863,1173,690
122000015,1603,1186,417
122000016,771,946,-175
122000017,1381,1203,178
122000018,1652,1548,104
122000019,857,1139,-282
122000020,220,239,-19
122000021,321,588,-267
122000022,1227,1114,113
122000023,785,1742,-957
122000024,718,1548,-830
122000025,943,2168,-1225
122000026,1021,1583,-562
122000027,644,1784,-1140
122000028,1040,616,424
122000029,644,610,34
122000030,267,157,110
122000031,196,394,-198
122000032,1940,1971,-31
122000033,728,1563,-835
122000034,725,846,-121
122000035,325,742,-417
122000036,650,472,178
122000037,453,279,174
122000038,272,385,-113
122000039,640,450,190
122000040,280,295,-15
122000041,585,599,-14
122000042,381,432,-51
122000043,159,108,51
122000044,144,145,-1
122000045,1275,521,754
122000046,885,713,172
122000047,326,308,18
122000048,4031,4819,-788
122000049,6584,4000,2584
122000050,1481,932,549
122000051,344,396,-52
122000052,750,568,182
122000053,191,963,-772
122000054,2479,2223,256
122000055,2307,3563,-1256
122000056,4972,3562,1410
122000057,3570,4387,-817
122000058,2290,1747,543
122000059,2785,2353,432
122000060,655,976,-321
122000061,514,731,-217
122000062,906,390,516
122000063,1153,881,272
122000064,3268,3306,-38
122000065,3316,2569,747
122000066,1082,1119,-37
122000067,1628,1267,361
122000068,1815,1129,686
122000069,811,739,72
122000070,963,1452,-489
122000071,2091,1272,819
122000072,464,516,-52
122000073,402,914,-512
122000074,3018,1750,1268
122000075,961,1314,-353
122000076,3329,1394,1935
122000077,1157,1121,36
122000078,1731,2965,-1234
122000079,1038,1627,-589
122000080,701,437,264
122000081,183,293,-110
122000082,564,1117,-553
122000083,2160,1516,644
122000084,1753,1044,709
122000085,319,1022,-703
122000086,2498,5992,-3494
122000087,492,365,127
122000088,441,648,-207
122000089,4901,2701,2200
122000090,269,623,-354
122000091,161,107,54
122000092,140,32,108
122000093,1725,2403,-678
122000094,5810,3679,2131
122000095,2464,5274,-2810
122000096,2228,2161,67
122000098,3734,3222,512
122000099,1607,857,750
122000100,943,717,226
122000101,422,719,-297
122000102,2241,1306,935
122000103,2152,1715,437
122000104,509,208,301
122000105,528,293,235
122000106,572,751,-179
122000107,1267,555,712
122000108,589,833,-244
122000109,557,305,252
122000110,570,593,-23
122000111,2967,1526,1441
122000112,1159,1352,-193
122000113,762,679,83
122000114,3022,1780,1242
122000115,2142,1387,755
122000116,655,664,-9
122000117,1604,523,1081
122000118,708,867,-159
122000119,3963,3208,755
122000120,2471,5343,-2872
122000121,2461,3734,-1273
122000122,749,1880,-1131
122000123,1880,1814,66
122000124,1286,618,668
122000125,847,945,-98
122000126,718,1282,-564
122000127,1123,1356,-233
122000128,538,937,-399
122000129,547,1671,-1124
122000130,3787,1570,2217
122000131,2045,1469,576
122000132,687,702,-15
122000133,1112,1636,-524
122000134,1098,914,184
122000135,737,808,-71
122000136,1058,647,411
122000137,2353,1018,1335
122000139,1250,4209,-2959
122000140,725,725,0
122000141,4574,1332,3242
122000142,360,1146,-786
122000143,612,740,-128
122000144,1832,1336,496
122000145,1569,998,571
122000146,812,1641,-829
122000147,629,569,60
122000148,1693,2618,-925
122000149,2479,1723,756
122000150,1368,1229,139
122000151,210,429,-219
122000152,446,424,22
122000153,479,363,116
122000154,279,240,39
122000155,1701,2950,-1249
122000156,2903,3234,-331
122000157,1354,3076,-1722
122000158,315,767,-452
122000159,810,2028,-1218
122000160,4548,3191,1357
122000161,1537,1600,-63
122000162,2716,2253,463
122000163,295,111,184
122000164,51,99,-48
122000165,854,741,113
122000166,793,1248,-455
122000167,350,341,9
122000168,262,595,-333
122000169,328,171,157
122000170,412,281,131
122000171,62,143,-81
122000172,2006,1469,537
122000173,1735,2520,-785
122000174,2532,1143,1389
122000175,946,307,639
122000176,373,882,-509
122000177,1611,1667,-56
122000178,3231,2665,566
122000179,1873,2619,-746
122000180,1865,1534,331
122000181,1712,3377,-1665
122000182,2033,2196,-163
122000183,2376,1167,1209
122000184,3522,2918,604
122000185,1758,1987,-229
122000186,511,807,-296
122000187,1953,1045,908
122000188,524,262,262
122000189,315,359,-44
122000190,1005,1176,-171
122000191,971,940,31
122000192,1330,421,909
122000193,521,931,-410
122000194,495,175,320
122000195,178,541,-363
122000196,1363,700,663
122000197,574,813,-239
122000198,479,1026,-547
122000199,398,365,33
122000200,929,605,324
122000201,1410,1729,-319
122000202,1459,1806,-347
122000203,3034,1629,1405
122000204,1634,2035,-401
122000205,1363,1623,-260
122000206,2516,1118,1398
122000207,1983,1621,362
122000208,2424,1621,803
122000209,1845,431,1414
122000210,2393,1873,520
122000211,1595,1729,-134
122000212,933,612,321
122000213,1156,1458,-302
122000214,2246,1798,448
122000215,2660,1801,859
122000217,1938,1652,286
122000218,912,94,818
122000219,1237,964,273
122000220,454,762,-308
122000221,93,476,-383
122000222,596,168,428
122000223,1507,625,882
122000225,851,315,536
122000226,1827,1992,-165
122000227,345,2633,-2288
122000228,421,435,-14
122000229,37,495,-458
122000230,109,540,-431
122000231,430,716,-286
122000232,628,912,-284
122000233,1,117,-116
122000234,431,59,372
122000235,564,130,434
122000236,1450,114,1336
122000237,150,106,44
122000238,541,377,164
122000239,747,209,538
122000240,1438,665,773
122000241,1757,538,1219
122000242,981,175,806
122000243,9,34,-25
122000244,11,281,-270
122000245,21,85,-64
122000246,46,109,-63
122000247,595,278,317
122000248,1023,1563,-540
122000249,996,1032,-36
122000250,2619,1062,1557
122000251,278,440,-162
122000252,577,179,398
122000253,81,242,-161
122000254,276,116,160
122000255,849,1571,-722
122000256,430,872,-442
122000257,212,312,-100
122000258,357,299,58
122000259,22,538,-516
122000260,6,71,-65
122000261,23,212,-189
122000262,2,39,-37
122000263,639,179,460
122000264,1826,340,1486
122000265,2637,906,1731
122000266,4675,742,3933
122000267,152,138,14
122000268,187,333,-146
122000269,1168,339,829
122000270,567,198,369
122000271,315,986,-671
122000272,347,820,-473
122000273,459,380,79
122000274,276,205,71
122000275,73,226,-153
122000276,897,615,282
122000277,1370,1689,-319
122000278,2071,634,1437
122000279,262,519,-257
122000280,912,741,171
122000281,1060,738,322
122000282,216,522,-306
122000283,262,161,101
122000284,200,120,80
122000285,268,86,182
122000286,86,191,-105
122000287,1513,1347,166
122000288,487,227,260
122000291,2264,832,1432
122000293,221,311,-90
122000294,177,266,-89
122000295,1351,223,1128
122000296,32,527,-495
122000297,2548,3418,-870
122000299,686,419,267
122000300,605,628,-23
122000301,8761,3421,5340
122000302,649,1817,-1168
122000303,2853,1247,1606
122000304,63,269,-206
122000305,1225,269,956
122000306,43,492,-449
122000307,93,148,-55
122000309,43,39,4
122000310,19,117,-98
122000311,125,130,-5
122000312,123,152,-29
122000313,72,88,-16
122000314,149,239,-90
122000315,295,42,253
122000316,873,262,611
122000317,1724,357,1367
122000318,383,946,-563
122000319,238,422,-184
122000320,324,1146,-822
122000321,103,157,-54
122000322,2163,2258,-95
122000323,1445,2611,-1166
122000324,1230,1474,-244
122000325,962,2092,-1130
122000326,143,87,56
122000327,720,1036,-316
122000328,925,733,192
122000330,2489,1207,1282
122000332,202,414,-212
122000333,7,86,-79
122000337,1267,1241,26
122000338,557,344,213
122000340,389,683,-294
122000342,1497,1062,435
122000343,511,914,-403
122000344,96,19,77
122000345,61,18,43
122000346,352,495,-143
122000348,1018,801,217
122000349,134,903,-769
122000351,169,205,-36
122000352,284,190,94
122000353,128,61,67
122000355,108,415,-307
122000356,1144,1322,-178
122000357,105,25,80
122000358,0,41,-41
122000359,0,33,-33
122000360,0,43,-43
122000362,20,86,-66
122000364,220,367,-147
122000365,1,43,-42
122000366,5,10,-5
122000368,440,761,-321
122000370,23,53,-30
122000371,23,0,23
122000372,13,2,11
122000381,129,331,-202
122000382,118,195,-77
122000384,2495,1291,1204
122000385,59,2,57
122000386,361,1572,-1211
122000387,533,724,-191
122000388,1684,713,971
122000389,167,747,-580
122000390,372,253,119
122000391,420,358,62
122000392,125,177,-52
122000393,44,132,-88
122000394,568,225,343
122000395,125,135,-10
122000396,281,102,179
122000397,54,62,-8
122000398,22,61,-39
122000399,186,74,112
122000400,103,664,-561
122000401,142,55,87
122000402,410,114,296
122000403,587,736,-149
122000404,257,226,31
122000408,1007,1309,-302
122000503,19,125,-106
122000524,202,176,26
122000544,124,2085,-1961
122000616,420,2,418
122000640,122,130,-8
122000641,128,294,-166
122000642,1197,881,316
122000643,48,243,-195
122000644,205,110,95
122000645,119,207,-88
122000651,1344,1109,235
122000664,127,36,91
122000665,1339,542,797
122000666,801,1213,-412
122000673,40,207,-167
122000674,215,75,140
122000675,1770,694,1076
122000686,412,995,-583
122000687,1430,313,1117
122000688,348,526,-178
122000689,971,401,570
122000690,2473,394,2079
122000691,964,1356,-392
122000692,1821,365,1456
122000693,430,1624,-1194
122000695,367,324,43
122000696,514,253,261
122000698,398,443,-45
122000699,143,113,30
122000701,1637,313,1324
122000702,528,1018,-490
122000703,247,83,164
122000717,113,85,28
122000718,414,869,-455
122000719,137,57,80
122000720,634,175,459
122000724,77,27,50
122900001,44,6,38
122900002,1127,5948,-4821
122900003,433,52,381
122900004,2081,71,2010
122900005,124,163,-39
122900006,631,1253,-622
122900007,144,109,35
122900008,424,274,150
122900009,889,585,304
122900010,299,158,141
122900012,263,603,-340
122900014,171,221,-50
122900015,1734,1500,234
122900016,194,298,-104
122900017,398,1038,-640
122900018,211,26,185
122900019,9,118,-109
122900020,173,500,-327
122900021,58,444,-386
122900022,957,777,180
122900023,610,248,362
122900024,157,107,50
122900025,13,409,-396
122900026,49,230,-181
122900027,53,581,-528
122900028,112,158,-46
122900029,4356,3077,1279
122900030,1043,730,313
122900031,53,369,-316
122900032,218,507,-289
122900033,154,162,-8
122900034,4175,5204,-1029
122900035,45,20,25
122900036,59,100,-41
122900037,363,179,184
122900038,118,3163,-3045
122900039,96,623,-527
122900040,265,574,-309
122900041,314,429,-115
122900042,266,287,-21
122900043,372,241,131
122900044,129,370,-241
122900045,125,127,-2
122900046,211,401,-190
122900047,146,193,-47
122900048,63,232,-169
122900049,1198,156,1042
122900051,107,168,-61
122900052,112,179,-67
122900053,30,40,-10
122900055,401,111,290
122900057,272,49,223
122900061,532,200,332
122900062,609,637,-28
122900063,181,238,-57
122900064,795,487,308
122900065,627,224,403
122900066,800,328,472
122900067,1074,748,326
122900068,116,331,-215
122900069,387,1339,-952
122900070,398,55,343
122900071,110,311,-201
122900072,26,420,-394
122900073,35,171,-136
122900074,1169,558,611
122900075,7,96,-89
122900076,4,197,-193
122900077,0,111,-111
122900078,200,80,120
122900080,42,31,11
122900081,271,190,81
122900082,972,283,689
122900083,188,160,28
122900084,14,236,-222
122900086,16,137,-121
122900087,282,409,-127
122900088,43,246,-203
122900089,92,279,-187
122900090,17,348,-331
122900091,280,3,277
122900092,0,153,-153
122900093,0,183,-183
122900094,5,142,-137
122900095,259,17,242
122900096,425,116,309
122900097,49,46,3
122900098,57,147,-90
122900099,82,18,64
122900100,254,420,-166
122900101,621,344,277
122900102,17,39,-22
122900103,167,22,145
122900104,294,10,284
122900105,34,19,15
122900106,2,56,-54
122900107,7,144,-137
122900108,5,144,-139
123000001,1301,457,844
123000002,3565,5853,-2288
123000003,4562,4287,275
123000004,3089,4030,-941
123000005,2962,2820,142
123000006,2479,2451,28
123000007,4297,2459,1838
123000008,2974,3172,-198
123000009,4401,2870,1531
123000010,3231,3493,-262
123000011,2003,829,1174
123000012,796,2214,-1418
123000013,3819,931,2888
123000014,825,3481,-2656
123000015,3516,1296,2220
123000016,4139,4788,-649
123000017,3746,1872,1874
123000018,123,111,12
123000019,484,171,313
123000020,216,59,157
123000021,167,183,-16
123000022,366,1521,-1155
123000023,1870,1939,-69
123000024,1638,781,857
123000025,137,86,51
123000026,12,138,-126
123000027,104,817,-713
123000028,1235,1247,-12
123000029,555,1726,-1171
123000030,289,279,10
123000031,424,228,196
123000032,512,150,362
123000033,270,57,213
123000034,1093,846,247
123000035,565,439,126
123000036,314,923,-609
123000037,330,322,8
123000038,156,226,-70
123000039,513,1728,-1215
123000040,801,372,429
123000041,1063,1187,-124
123000042,751,721,30
123000043,3093,11433,-8340
123000044,4584,2867,1717
123000045,6846,3488,3358
123000046,812,1868,-1056
123000047,1812,1127,685
123000048,128,1032,-904
123000049,7094,11362,-4268
123000050,1910,1873,37
123000051,76,208,-132
123000052,894,3858,-2964
123000053,2968,3341,-373
123000054,1795,1850,-55
123000055,1700,3390,-1690
123000056,1297,1782,-485
123000057,10186,8213,1973
123000058,717,1204,-487
123000059,389,518,-129
123000060,1178,456,722
123000061,319,695,-376
123000063,961,903,58
123000064,1196,292,904
123000065,4463,2980,1483
123000066,777,618,159
123000067,1196,653,543
123000068,2785,2963,-178
123000069,6301,3152,3149
123000070,294,650,-356
123000071,1493,910,583
123000072,1347,854,493
123000073,1682,759,923
123000074,1264,1020,244
123000075,517,1240,-723
123000076,924,715,209
123000077,2090,2290,-200
123000078,2007,1355,652
123000079,1903,2064,-161
123000080,2502,1654,848
123000081,236,373,-137
123000082,406,991,-585
123000083,1121,325,796
123000084,735,445,290
123000085,419,59,360
123000086,730,138,592
123000087,444,321,123
123000088,1310,787,523
123000089,662,1051,-389
123000090,1136,800,336
123000091,1565,1259,306
123000092,977,1191,-214
123000094,714,241,473
123000095,680,696,-16
123000096,847,405,442
123000097,553,699,-146
123000098,861,652,209
123000099,748,696,52
123000100,548,812,-264
123000101,564,727,-163
123000102,539,734,-195
123000104,539,540,-1
123000105,585,465,120
123000106,567,496,71
123000107,511,464,47
123000108,741,1087,-346
123000111,1027,327,700
123000112,1512,547,965
123000113,556,1187,-631
123000114,418,579,-161
123000115,300,279,21
123000116,35,130,-95
123000117,1878,1754,124
123000118,591,749,-158
123000119,281,738,-457
123000120,348,758,-410
123000121,604,497,107
123000122,274,283,-9
123000123,541,554,-13
123000124,449,455,-6
123000125,1436,1434,2
123000126,1412,5145,-3733
123000127,715,582,133
123000128,410,368,42
123000129,943,263,680
123000130,794,99,695
123000131,1151,741,410
123000132,412,684,-272
123000133,292,378,-86
123000134,400,161,239
123000135,2828,1255,1573
123000136,287,635,-348
123000137,108,292,-184
123000138,99,389,-290
123000139,676,129,547
123000140,130,731,-601
123000141,993,165,828
123000142,1119,1018,101
123000143,916,1797,-881
123000144,48,47,1
123000145,192,198,-6
123000146,25,88,-63
123000147,95,117,-22
123000149,473,529,-56
123000150,175,310,-135
123000151,300,587,-287
123000152,125,490,-365
123000153,203,875,-672
123000154,1841,2481,-640
123000155,2256,1637,619
123000156,49,132,-83
123000157,642,989,-347
123000158,697,804,-107
123000159,3684,3035,649
123000160,1142,905,237
123000161,1856,1344,512
123000162,1291,1788,-497
123000163,743,157,586
123000164,1825,346,1479
123000165,447,1350,-903
123000166,43,136,-93
123000167,204,301,-97
123000168,295,222,73
123000169,975,147,828
123000170,125,119,6
123000171,935,17,918
123000172,226,513,-287
123000173,825,329,496
123000174,1283,475,808
123000175,531,1235,-704
123000176,1315,305,1010
123000177,332,1030,-698
123000178,875,192,683
123000179,42,536,-494
123000180,1861,312,1549
123000181,323,1060,-737
123000182,254,386,-132
123000183,211,523,-312
123000184,135,526,-391
123000185,1132,292,840
123000186,3,450,-447
123000187,644,6,638
123000188,185,6,179
123000189,184,160,24
123000190,90,84,6
123000192,21,348,-327
123000193,86,758,-672
123000194,447,305,142
123000195,430,44,386
123000196,384,61,323
123000197,71,102,-31
123000198,60,647,-587
123000199,13,688,-675
123000200,632,10,622
123000201,1241,32,1209
123000202,24,850,-826
123000203,1024,74,950
123000204,68,872,-804
123000205,517,1386,-869
123000206,2524,301,2223
123000207,107,761,-654
123000208,650,211,439
123000209,2304,612,1692
123000210,397,1638,-1241
123000211,563,2103,-1540
123000212,3774,601,3173
123000213,758,86,672
123000215,114,251,-137
123000216,197,1083,-886
123000217,216,37,179
123000218,62,854,-792
123000219,885,77,808
123000220,655,115,540
123000221,170,103,67
123000222,523,464,59
123000223,542,293,249
123000224,488,405,83
123000225,305,51,254
123000226,144,410,-266
123000227,75,309,-234
123000228,291,62,229
123000229,902,1382,-480
123000232,112,487,-375
123000233,925,192,733
123000234,208,511,-303
123000235,1391,326,1065
123000236,408,667,-259
123000237,404,114,290
123000238,71,478,-407
123000239,510,1281,-771
123000240,47,563,-516
123000241,478,122,356
123000242,299,189,110
123000243,678,829,-151
123000244,855,665,190
123000245,74,133,-59
123000249,1116,594,522
123000252,1123,294,829
123000253,1485,539,946
123000254,784,987,-203
123000255,1239,976,263
123000256,32,254,-222
123000257,2517,1796,721
123000258,1059,856,203
123000259,375,414,-39
123000260,598,446,152
123000261,316,171,145
123000262,94,131,-37
123000263,489,96,393
123000264,223,97,126
123000265,67,136,-69
123000266,556,752,-196
123000267,957,364,593
123000268,60,65,-5
123000269,66,106,-40
123000270,46,74,-28
123000271,55,76,-21
123000272,926,267,659
123000273,352,740,-388
123000274,1282,593,689
123000275,378,785,-407
123000278,2443,2666,-223
123000279,138,78,60
123000280,285,328,-43
123000281,309,108,201
123000282,104,270,-166
123000283,136,56,80
123000284,68,76,-8
123000286,219,412,-193
123000287,520,312,208
123000288,1521,1041,480
123000289,473,1305,-832
123000291,263,920,-657
123000294,189,244,-55
123000295,1017,915,102
123000296,605,441,164
123000297,692,445,247
123000298,700,366,334
123000299,60,163,-103
123000300,1141,889,252
123000301,208,287,-79
123000302,177,131,46
123000303,129,263,-134
123000305,1044,901,143
123000306,184,112,72
123000309,47,45,2
123000310,50,60,-10
123000311,0,62,-62
123000312,422,719,-297
123000313,631,300,331
123000315,360,296,64
123000316,921,90,831
123000317,210,74,136
123000318,53,176,-123
123000329,11,11,0
123000337,1129,427,702
123000338,440,117,323
123000339,308,103,205
123000340,111,331,-220
123000342,21,23,-2
123000343,40,9,31
123000344,1085,441,644
123000345,364,586,-222
123000346,438,45,393
123000352,1183,953,230
123000353,59,123,-64
123000354,240,1,239
123000355,0,226,-226
123000356,470,17,453
123000357,3,149,-146
123000359,2,169,-167
123000360,224,89,135
123000361,215,318,-103
123000362,515,135,380
123000363,130,188,-58
123000364,591,511,80
123000365,15,433,-418
123000366,494,2213,-1719
123000367,308,972,-664
123000370,23,338,-315
123000371,512,63,449
123000372,433,42,391
123000373,3,415,-412
123000374,6,196,-190
123000375,443,69,374
123000376,1137,717,420
123000377,513,15,498
123000378,15,235,-220
123000379,3,210,-207
123000380,45,517,-472
123000381,185,67,118
123000382,1045,156,889
123000383,218,1400,-1182
123000384,515,115,400
123000385,174,552,-378
123000436,54,1190,-1136
123000507,102,218,-116
123000508,172,1059,-887
123000517,368,45,323
123000518,29,214,-185
123000519,244,81,163
123000520,67,193,-126
123000521,428,104,324
123000522,135,319,-184
123000541,22,3,19
123000542,0,7,-7
123000565,442,28,414
123000566,673,448,225
123000567,88,181,-93
123000573,60,732,-672
123000574,852,83,769
123000575,1632,1056,576
123000576,1138,1227,-89
123000577,51,797,-746
123000578,470,83,387
123000579,1985,6042,-4057
123000580,101,37,64
123000582,593,42,551
123000583,39,340,-301
123000584,197,360,-163
123000585,0,89,-89
123000586,114,1,113
123000596,76,87,-11
123000597,58,110,-52
123000602,63,4,59
123000603,1000,492,508
123000604,480,555,-75
123000605,792,130,662
123000606,1,373,-372
123000609,20,375,-355
123000610,205,153,52
123000613,35,164,-129
123000614,319,55,264
123000615,43,82,-39
123000616,945,62,883
123000617,122,338,-216
123000618,59,617,-558
123000619,564,38,526
123000620,30,382,-352
123000622,471,24,447
123000624,203,32,171
123000630,1159,433,726
123000631,265,844,-579
123000632,743,719,24
123000633,0,158,-158
123000634,68,174,-106
123000635,102,109,-7
123000636,33,457,-424
123000637,257,62,195
123000638,470,36,434
123000639,1070,4987,-3917
123000640,12,509,-497
123900001,1172,78,1094
123900002,24,1326,-1302
123900003,273,504,-231
123900005,270,208,62
123900006,309,77,232
124000001,1960,167,1793
124000002,92,1518,-1426
124000003,994,174,820
124000004,79,440,-361
124000005,1238,521,717
124000006,241,860,-619
124000007,447,99,348
124000008,6,500,-494
124000009,604,239,365
124000010,242,337,-95
124000011,912,288,624
124000012,293,486,-193
124000017,199,148,51
124000018,153,85,68
124000019,185,107,78
124000020,56,146,-90
124000021,144,77,67
124000022,125,199,-74
124000023,1409,1680,-271
124000024,1072,414,658
124000025,1075,1876,-801
124000026,1186,1000,186
124000027,4999,5354,-355
124000028,1964,4208,-2244
124000030,2409,1385,1024
124000031,1332,3547,-2215
124000032,2098,874,1224
124000033,159,240,-81
124000034,937,521,416
124000035,36,279,-243
124000036,89,155,-66
124000037,564,1193,-629
124000038,52,123,-71
124000039,987,514,473
124000040,511,1224,-713
124000041,479,81,398
124000042,104,430,-326
124000043,109,95,14
124000044,47,176,-129
124000045,972,552,420
124000046,348,637,-289
124000047,2056,804,1252
124000048,928,1343,-415
124000049,2028,590,1438
124000050,996,1588,-592
124000051,1074,535,539
124000052,662,832,-170
124000053,612,1636,-1024
124000054,851,488,363
124000055,1553,2825,-1272
124000056,2124,1193,931
124000057,1162,692,470
124000058,497,1012,-515
124000059,879,1460,-581
124000060,1131,552,579
124000061,1569,5942,-4373
124000062,3488,1813,1675
124000063,1234,1459,-225
124000064,1935,1264,671
124000065,14,442,-428
124000066,49,30,19
124000067,223,170,53
124000068,12,24,-12
124000069,140,7,133
124000070,84,122,-38
124000071,246,81,165
124000072,231,442,-211
124000073,1171,166,1005
124000074,185,706,-521
124000075,434,34,400
124000076,18,186,-168
124000077,1300,1129,171
124000078,2601,1285,1316
124000079,350,1734,-1384
124000080,634,186,448
124000081,272,639,-367
124000082,95,198,-103
124000083,81,135,-54
124000084,46,381,-335
124000085,124,47,77
124000086,62,113,-51
124000087,150,123,27
124000088,411,619,-208
124000089,959,313,646
124000090,137,355,-218
124000091,407,87,320
124000092,150,382,-232
124000093,128,96,32
124000094,240,625,-385
124000095,157,70,87
124000096,154,296,-142
124000097,159,103,56
124000098,45,98,-53
124000099,280,129,151
124000100,92,95,-3
124000101,106,148,-42
124000102,77,47,30
124000103,115,116,-1
124000104,72,41,31
124000105,101,139,-38
124000106,113,46,67
124000107,16,182,-166
124000108,51,26,25
124000109,152,108,44
124000110,188,58,130
124000111,246,142,104
124000112,753,540,213
124000113,142,116,26
124000114,314,458,-144
124000115,373,638,-265
124000116,158,176,-18
124000117,64,83,-19
124000118,43,123,-80
124000119,1015,611,404
124000120,680,538,142
124000121,1374,768,606
124000122,602,1415,-813
124000123,1300,528,772
124000124,542,1146,-604
124000125,486,527,-41
124000126,391,666,-275
124000127,1086,393,693
124000128,647,938,-291
124000129,2417,1565,852
124000130,960,683,277
124000131,1077,766,311
124000132,911,795,116
124000133,1205,945,260
124000134,1185,625,560
124000135,2099,1935,164
124000136,1065,987,78
124000137,1531,1168,363
124000138,1889,1439,450
124000139,526,50,476
124000140,20,405,-385
124000141,99,25,74
124000142,2,184,-182
124000143,80,22,58
124000144,7,52,-45
124000145,139,40,99
124000146,20,72,-52
124000148,13,102,-89
124000149,1202,419,783
124000150,300,691,-391
124000151,931,439,492
124000152,862,1165,-303
124000153,1025,863,162
124000154,672,832,-160
124000155,1601,978,623
124000156,1631,1106,525
124000169,255,541,-286
124000170,522,502,20
124000171,374,285,89
124000172,394,570,-176
124000173,609,222,387
124000174,414,618,-204
124000175,12,137,-125
124000176,83,25,58
124000177,20,41,-21
124000178,66,52,14
124000190,62,58,4
124000191,74,114,-40
124000192,1251,337,914
124000193,275,972,-697
124000194,451,381,70
124000195,365,625,-260
124000196,888,839,49
124000197,56,71,-15
124000198,48,106,-58
124000201,317,938,-621
124000202,655,329,326
124000203,471,471,0
124000204,983,311,672
124000205,78,455,-377
124000206,860,294,566
124000207,1,43,-42
124000209,205,347,-142
124000210,644,176,468
124000211,892,2,890
124000212,0,322,-322
124000213,495,263,232
124000214,440,539,-99
124000215,435,21,414
124000216,4,304,-300
124000329,131,1307,-1176
124000338,141,686,-545
124000339,1304,114,1190
124000341,1787,101,1686
124000344,104,86,18
124000357,1135,2191,-1056
124000358,889,1306,-417
124000359,1497,746,751
124000360,1107,452,655
124000361,1713,896,817
124000362,1028,1472,-444
124000363,308,462,-154
124000364,549,1064,-515
124000365,530,1030,-500
124000366,1229,865,364
124000367,76,484,-408
124000368,354,367,-13
124000369,191,100,91
124000370,68,446,-378
124000402,23,18,5
124000403,227,26,201
124000404,31,107,-76
124000405,1222,926,296
124000406,815,982,-167
124000407,4,27,-23
124000411,15,316,-301
124000412,533,14,519
124000413,116,39,77
124000414,78,109,-31
124000415,88,99,-11
124000416,153,189,-36
124000417,197,87,110
124000418,224,102,122
124000419,128,119,9
124000420,118,86,32
124000421,66,129,-63
124000422,31,17,14
124000423,168,42,126
124000424,6,83,-77
124000425,54,21,33
124000426,7,42,-35
124000427,40,14,26
124000428,9,40,-31
124000429,91,62,29
124000430,742,538,204
124000431,287,589,-302
124000432,369,687,-318
124000439,3,5,-2
124000442,13,77,-64
124000443,1,7,-6
124000445,88,609,-521
124000446,659,99,560
124900001,567,440,127
124900002,178,328,-150
124900003,1248,600,648
124900004,683,360,323
124900005,253,128,125
124900006,727,276,451
124900008,1184,644,540
124900009,179,361,-182
124900010,292,144,148
124900011,799,218,581
124900012,553,81,472
124900013,531,145,386
124900014,312,73,239
124900015,230,417,-187
124900016,92,121,-29
124900017,575,1727,-1152
124900018,88,10,78
124900020,122,78,44
124900021,424,67,357
124900022,51,12,39
124900024,357,23,334
124900026,126,45,81
124900027,112,541,-429
124900028,589,112,477
124900029,17,481,-464
124900030,8,147,-139
124900031,69,248,-179
124900032,345,273,72
124900033,150,269,-119
124900034,9,169,-160
124900035,229,444,-215
124900036,1,105,-104
124900037,230,255,-25
124900038,325,208,117
124900039,2,197,-195
124900040,158,71,87
124900041,240,779,-539
124900042,183,5,178
124900043,553,793,-240
124900044,124,3,121
124900045,793,1056,-263
124900046,1097,263,834
124900047,116,195,-79
124900048,237,99,138
124900050,149,184,-35
124900052,71,437,-366
124900053,133,286,-153
124900054,1355,516,839
124900055,0,186,-186
124900057,10,55,-45
124900060,65,208,-143
124900061,151,7,144
124900062,223,21,202
124900066,0,13,-13
124900067,17,139,-122
124900068,234,627,-393
124900070,78,45,33
124900072,119,26,93
124900074,542,157,385
124900075,300,200,100
124900076,27,1262,-1235
124900077,50,159,-109
124900078,73,17,56
124900079,449,233,216
124900080,314,489,-175
124900081,1050,285,765
124900082,320,524,-204
124900083,246,389,-143
124900084,1471,141,1330
124900085,836,605,231
124900086,94,1524,-1430
124900087,591,118,473
124900088,610,116,494
124900089,1114,22,1092
124900090,446,309,137
124900091,380,262,118
124900092,282,206,76
124900093,450,283,167
124900094,545,251,294
124900095,110,594,-484
124900096,596,288,308
124900097,476,73,403
124900098,246,282,-36
124900099,619,531,88
124900100,345,58,287
124900101,82,502,-420
124900102,326,37,289
124900103,160,188,-28
124900104,70,160,-90
124900105,134,113,21
124900106,503,65,438
124900107,234,31,203
124900108,127,93,34
124900109,104,95,9
124900110,372,327,45
124900111,1,166,-165
124900112,82,543,-461
124900113,151,300,-149
124900114,172,199,-27
124900115,55,43,12
124900116,206,233,-27
124900117,272,308,-36
124900118,181,399,-218
124900119,447,159,288
124900120,39,334,-295
124900121,112,414,-302
124900122,218,257,-39
124900123,249,89,160
124900124,159,299,-140
129000186,200,55,145
204000001,28,3,25
204000002,6,5,1
204000003,34,5,29
204000004,6,2,4
204000005,662,442,220
204000006,1267,1053,214
204000011,10,37,-27
204000012,64,72,-8
204000013,3,28,-25
204000019,696,504,192
204000020,796,682,114
204000021,2027,920,1107
204000022,551,440,111
204000023,557,612,-55
204000031,58,17,41
204000032,441,42,399
204000034,27,210,-183
204000035,1,3,-2
204000036,10,16,-6
204000037,0,15,-15
204000038,1,7,-6
204000039,20,33,-13
204000040,2,23,-21
204000041,7,28,-21
204000042,48,13,35
204000043,34,4,30
204000044,73,5,68
204000045,58,2,56
204000046,11,11,0
204000057,9,25,-16
204000062,10,9,1
204000068,25,273,-248
204000069,46,340,-294
204000070,114,86,28
204000080,55,45,10
204000085,1977,1338,639
204000086,1987,1679,308
204000087,45,6,39
204000088,12,88,-76
204000090,30,280,-250
204000093,516,60,456
204000096,818,908,-90
204000097,491,10,481
204000099,1069,1345,-276
204000100,1488,1737,-249
204000105,2040,1223,817
204000110,730,1220,-490
204000111,604,638,-34
204000112,1083,1665,-582
204000113,450,1021,-571
204000114,982,822,160
204000115,646,309,337
204000116,2112,1141,971
204000119,1911,2496,-585
204000132,709,368,341
204000133,1006,226,780
204000134,369,123,246
204000135,584,121,463
204000136,788,249,539
204000138,436,592,-156
204000140,280,196,84
204000141,165,86,79
204000144,22,29,-7
204000145,602,33,569
204000146,36,347,-311
204000147,21,134,-113
204000148,296,9,287
204000154,4,2,2
204000155,9,4,5
204000177,59,63,-4
204000179,27,4,23
204000180,1,31,-30
204000222,8,15,-7
204000235,13,16,-3
204000236,75,215,-140
204000238,25,21,4
204000240,453,82,371
204000263,514,804,-290
204000268,944,734,210
204000308,164,9,155
204000317,8,94,-86
204000322,5,55,-50
204000323,14,8,6
204000328,258,52,206
204000329,46,136,-90
204000330,214,13,201
204000331,26,124,-98
204010341,8,166,-158
205000001,691,1540,-849
205000013,13,64,-51
205000014,31,100,-69
205000015,25,151,-126
205000016,25,119,-94
205000017,20,97,-77
205000022,205,710,-505
205000025,918,965,-47
205000029,261,13,248
205000045,143,505,-362
205000046,122,496,-374
205000047,95,492,-397
205000048,300,631,-331
205000049,170,602,-432
205000050,592,289,303
205000059,0,158,-158
205000060,1,88,-87
205000061,0,99,-99
205000062,2,90,-88
205000063,27,101,-74
205000064,34,66,-32
205000065,58,450,-392
205000066,106,482,-376
205000067,31,651,-620
205000069,214,13,201
205000082,179,141,38
205000110,72,231,-159
205000111,178,182,-4
205000112,170,219,-49
205000113,180,415,-235
205000121,256,43,213
205000123,29,250,-221
205000126,420,70,350
205000127,695,89,606
205000128,402,61,341
205000129,604,37,567
205000130,147,36,111
205000131,68,6,62
205000132,111,1,110
205000133,63,3,60
205000134,303,0,303
205000137,76,176,-100
205000138,189,281,-92
205000139,37,123,-86
205000144,97,76,21
205000145,436,172,264
205000151,182,22,160
205000152,205,27,178
205000153,258,15,243
205000154,167,39,128
205000155,140,3,137
205000207,11,181,-170
205000233,35,14,21
205000234,0,0,0
205000243,0,1,-1
205000244,0,2,-2
205000245,17,157,-140
205000249,0,16,-16
205000250,10,0,10
205000264,3,101,-98
206000027,6,1,5
206000028,2,5,-3
206000043,13,37,-24
206000053,1,10,-9
206000054,2,13,-11
206000055,0,35,-35
206000075,18,32,-14
206000076,24,24,0
206000077,18,9,9
206000078,16,9,7
206000079,21,4,17
206000082,472,59,413
206000100,17,483,-466
206000103,6,12,-6
206000104,11,16,-5
206000105,7,15,-8
206000106,13,24,-11
206000108,652,44,608
206000125,53,0,53
206000157,50,458,-408
206000170,1,114,-113
206000171,7,160,-153
206000172,5,282,-277
206000173,2,156,-154
206000174,18,62,-44
206000175,2,76,-74
206000176,11,116,-105
206000177,0,131,-131
206000178,1,170,-169
206000179,2,158,-156
206000180,8,100,-92
206000181,5,99,-94
206000182,7,98,-91
206000183,15,356,-341
206000184,3,253,-250
206000185,7,141,-134
206000186,87,683,-596
206000223,4,201,-197
206000226,18,5,13
206000227,28,1,27
206000237,36,247,-211
206000238,30,396,-366
206000239,247,1385,-1138
206000240,2,52,-50
206000241,0,63,-63
206000242,7,178,-171
206000243,13,123,-110
206000244,52,400,-348
206000245,959,64,895
206000246,255,7,248
206000247,280,12,268
206000248,459,12,447
206000252,70,65,5
206000258,18,71,-53
206000315,29,7,22
206000317,616,121,495
206000318,556,54,502
206000319,1852,110,1742
206000320,261,33,228
206000321,278,12,266
206000322,601,16,585
206000323,219,5,214
206000324,219,7,212
206000325,295,25,270
206000326,188,10,178
206000327,140,13,127
206000328,245,4,241
206000329,337,5,332
206000330,86,9,77
206000331,264,3,261
206000332,68,3,65
206000333,749,5,744
206000334,341,2,339
206000335,2,10,-8
206000361,6,168,-162
206000392,3,24,-21
206000405,148,0,148
206000441,29,16,13
206000498,42,2,40
206000515,79,38,41
206000530,350,76,274
206000531,273,259,14
206000532,1989,371,1618
206000535,204,1426,-1222
206000536,10,114,-104
206000537,13,112,-99
206000613,1731,296,1435
207000001,132,513,-381
207000002,130,259,-129
207000003,126,122,4
207000007,1026,241,785
207000008,148,11,137
207000009,50,46,4
207000010,311,355,-44
207000012,409,214,195
207000015,215,972,-757
207000019,281,49,232
207000021,473,161,312
207000022,193,134,59
207000023,210,62,148
207000024,3,19,-16
207000025,46,50,-4
207000026,84,53,31
207000027,13,62,-49
207000028,55,137,-82
207000029,165,364,-199
207000033,212,429,-217
207000034,278,103,175
207000039,494,110,384
207000040,511,73,438
207000041,190,44,146
207000042,251,55,196
207000043,254,167,87
207000051,111,206,-95
207000052,39,121,-82
207000053,423,382,41
207000054,45,113,-68
207000055,161,82,79
207000056,284,234,50
207000057,136,283,-147
207000058,148,224,-76
207000059,80,357,-277
207000060,63,172,-109
207000061,217,555,-338
207000062,339,43,296
207000063,345,76,269
207000064,377,131,246
207000065,382,224,158
207000066,260,136,124
207000067,76,51,25
207000068,120,36,84
207000069,689,278,411
207000082,9,216,-207
207000083,60,218,-158
207000084,283,212,71
207000085,246,36,210
207000086,214,6,208
207000106,59,38,21
207000107,62,9,53
207000108,88,5,83
207000109,50,14,36
207000110,82,69,13
207000111,91,101,-10
207000112,170,780,-610
207000114,17,28,-11
207000115,22,64,-42
207000116,22,409,-387
207000117,11,90,-79
207000118,7,70,-63
207000119,29,79,-50
207000123,197,29,168
207000124,65,45,20
207000125,60,51,9
207000126,74,55,19
207000134,77,119,-42
207000135,26,203,-177
207000148,90,377,-287
207000149,53,37,16
207000152,128,332,-204
207000153,667,1110,-443
207000154,373,150,223
207000159,105,132,-27
207000160,160,301,-141
207000238,0,156,-156
207000242,1,137,-136
207000248,30,35,-5
207000249,104,32,72
207000250,544,88,456
207000251,68,74,-6
207000252,72,48,24
207000278,121,63,58
207000279,18,106,-88
207000280,637,74,563
207000281,133,645,-512
207000282,140,86,54
207000283,90,181,-91
207000284,63,237,-174
207000285,123,90,33
207000291,13,87,-74
207000304,93,52,41
207000306,70,309,-239
207000310,139,77,62
207000353,255,3,252
207000356,13,30,-17
207000357,20,10,10
207000358,15,22,-7
207000415,6,154,-148
207000417,51,9,42
207000418,59,137,-78
207000438,0,1,-1
207000439,782,780,2
207000446,205,3,202
207000460,46,6,40
207000466,154,122,32
207000467,272,74,198
207000468,48,209,-161
207000476,4,45,-41
207000477,627,70,557
207000478,3,62,-59
207000523,0,5,-5
207000524,44,0,44
207000527,137,142,-5
207000530,602,11,591
207000531,360,18,342
207000532,175,44,131
207000534,386,83,303
207000535,29,344,-315
207000537,92,85,7
207000540,6,139,-133
207000541,6,262,-256
207000548,8,175,-167
207000549,505,25,480
207000561,165,256,-91
207000562,41,149,-108
207000567,169,237,-68
207000568,216,50,166
207000569,451,539,-88
207000584,257,201,56
207000585,86,420,-334
207000616,0,92,-92
207000617,155,1,154
207900008,265,80,185
208000001,575,1038,-463
208000002,560,537,23
208000003,1192,412,780
208000004,1226,708,518
208000005,8,16,-8
208000019,766,849,-83
208000020,187,467,-280
208000021,261,311,-50
208000022,1164,412,752
208000028,1524,1408,116
208000033,668,548,120
208000034,1347,1228,119
208000040,256,152,104
208000041,826,504,322
208000042,1564,605,959
208000047,125,163,-38
208000064,2313,1418,895
208000066,1634,2919,-1285
208000070,398,317,81
208000071,443,682,-239
208000072,426,891,-465
208000080,320,358,-38
208000081,339,134,205
208000082,262,201,61
208000083,136,265,-129
208000084,11,25,-14
208000085,832,601,231
208000086,417,974,-557
208000087,335,667,-332
208000089,1053,307,746
208000090,1039,494,545
208000093,93,171,-78
208000094,537,311,226
208000095,682,464,218
208000104,1023,793,230
208000105,634,901,-267
208000114,125,410,-285
208000115,581,331,250
208000116,620,1011,-391
208000117,69,157,-88
208000118,92,133,-41
208000155,563,1074,-511
208000158,1398,3720,-2322
208000186,3225,4559,-1334
208000204,721,933,-212
208000205,1268,827,441
208000282,4669,3260,1409
209000004,381,153,228
209000005,47,38,9
209000006,462,144,318
209000007,275,342,-67
209000010,341,87,254
209000011,197,174,23
209000012,101,123,-22
209000013,238,245,-7
209000014,403,817,-414
209000025,333,38,295
209000026,722,87,635
209000027,350,619,-269
209000028,355,530,-175
209000029,556,657,-101
209000030,428,1046,-618
209000031,2118,1673,445
209000034,206,215,-9
209000035,131,157,-26
209000036,192,80,112
209000037,333,141,192
209000038,144,131,13
209000039,70,110,-40
209000040,324,467,-143
209000041,196,360,-164
209000042,237,353,-116
209000043,675,742,-67
209000044,179,784,-605
209000045,1118,456,662
209000046,546,438,108
209000047,429,204,225
209000048,615,450,165
209000049,64,61,3
209000050,162,77,85
209000051,228,169,59
209000052,148,122,26
209000062,52,68,-16
209000063,45,47,-2
209000064,33,68,-35
209000065,101,23,78
209000066,104,36,68
209000067,83,31,52
209000080,16,163,-147
209000082,82,34,48
209000091,12,78,-66
209000093,35,20,15
209000094,131,149,-18
209000110,45,108,-63
209000111,696,1528,-832
209000112,1173,450,723
209000113,1921,466,1455
209000114,889,465,424
209000115,51,64,-13
209000116,312,283,29
209000118,19,53,-34
209000119,19,12,7
209000121,96,349,-253
209000135,89,153,-64
209000142,718,1862,-1144
209000143,66,56,10
209000144,68,137,-69
209000229,302,148,154
209000240,27,189,-162
209000259,39,94,-55
209000260,55,951,-896
209000261,17,693,-676
209000262,1,440,-439
209000263,1,148,-147
209000264,0,196,-196
209000265,516,6,510
209000266,129,2,127
209000267,2255,15,2240
209000268,834,63,771
210000037,78,23,55
210000047,79,28,51
210000048,114,28,86
210000049,51,12,39
210000052,71,73,-2
210000053,34,56,-22
210000054,43,66,-23
210000070,205,4,201
210000071,94,2,92
210000072,40,0,40
210000073,1,31,-30
210000074,0,105,-105
210000075,4,114,-110
210000076,24,154,-130
210000077,12,59,-47
210000078,40,34,6
210000079,22,11,11
210000080,110,59,51
210000081,208,25,183
210000082,125,0,125
210000083,86,0,86
210000084,86,2,84
210000085,0,44,-44
210000086,3,105,-102
210000099,33,187,-154
210000100,54,147,-93
210000101,88,150,-62
210000105,54,201,-147
210000159,1,146,-145
210000163,161,228,-67
210000164,237,207,30
210000168,185,34,151
210000187,0,17,-17
210000188,0,17,-17
210000214,31,2,29
210000219,36,45,-9
210000220,88,56,32
210000232,4,20,-16
210000233,38,72,-34
210000234,28,101,-73
210000235,52,63,-11
210000245,3,45,-42
210000246,29,4,25
210000258,11,120,-109
210000259,358,74,284
210000282,73,212,-139
210000285,1,107,-106
210000286,29,195,-166
210000290,3,6,-3
210000295,58,126,-68
210000296,67,52,15
210000320,195,70,125
210000321,133,49,84
210000338,55,68,-13
210000339,355,1203,-848
210000340,101,416,-315
210000341,213,259,-46
210000342,181,194,-13
210000343,202,168,34
210000344,179,100,79
210000345,145,211,-66
210000346,65,149,-84
210000347,57,53,4
210000348,140,38,102
210000349,50,31,19
210000350,215,59,156
210000351,201,144,57
210000352,72,47,25
210000353,75,110,-35
210000354,195,159,36
210000355,39,108,-69
210000356,32,91,-59
210000357,44,64,-20
210000358,304,153,151
210000359,79,114,-35
210000360,172,133,39
210000361,183,152,31
210000362,305,200,105
210000363,701,248,453
210000364,120,184,-64
210000365,202,65,137
210000366,181,56,125
210000367,129,36,93
210000368,208,48,160
210000369,14,46,-32
210000370,46,32,14
210000372,30,22,8
210000373,30,20,10
210000374,47,76,-29
210000375,63,87,-24
210000376,67,85,-18
210000404,50,96,-46
210000439,24,44,-20
210000472,77,3,74
210000482,54,108,-54
210000564,389,357,32
210000567,1,11,-10
210000568,351,7,344
211000092,56,40,16
211000094,36,8,28
211000169,193,20,173
211000172,6,148,-142
211000209,3,25,-22
211000226,5,11,-6
211000270,9,7,2
211000275,20,23,-3
211000276,110,32,78
211000279,25,23,2
211000281,105,30,75
211507980,0,55,-55
211977296,58,8,50
212000003,111,30,81
212000004,19,43,-24
212000005,16,34,-18
212000006,23,43,-20
212000008,189,156,33
212000009,35,64,-29
212000012,99,95,4
212000013,40,47,-7
212000014,275,155,120
212000015,330,217,113
212000016,511,488,23
212000027,642,427,215
212000028,315,386,-71
212000029,197,249,-52
212000030,45,23,22
212000031,92,49,43
212000048,44,167,-123
212000049,13,126,-113
212000050,47,12,35
212000051,219,179,40
212000052,216,218,-2
212000053,373,417,-44
212000054,273,108,165
212000055,294,212,82
212000056,18,34,-16
212000057,19,18,1
212000058,164,37,127
212000070,123,188,-65
212000077,113,367,-254
212000099,331,247,84
212000108,179,152,27
212000111,175,99,76
212000120,88,65,23
212000138,152,24,128
212000156,5,74,-69
212000158,9,17,-8
212000159,505,38,467
212000160,693,206,487
212000161,68,7,61
212000310,58,25,33
212000311,23,51,-28
212000374,42,8,34
213000001,32,405,-373
213000005,632,160,472
213000006,1096,303,793
213000007,93,15,78
213000009,702,465,237
213000010,233,251,-18
213000011,195,93,102
213000012,128,234,-106
213000014,98,11,87
213000015,287,6,281
213000016,491,5,486
213000017,77,0,77
213000018,3,159,-156
213000019,1,120,-119
213000020,140,291,-151
213000021,2,105,-103
213000023,491,230,261
213000033,383,1603,-1220
213000034,869,223,646
213000035,113,156,-43
213000045,186,256,-70
213000046,216,186,30
213000047,621,1292,-671
213000056,113,42,71
213000069,97,2,95
213000073,0,57,-57
213000074,68,349,-281
213000075,662,11,651
213000076,32,7,25
213000085,12,42,-30
213000086,14,139,-125
213000091,231,10,221
213000092,122,15,107
213000099,141,1115,-974
213000100,1002,266,736
213000101,487,131,356
213000102,628,273,355
213000103,1049,786,263
213000104,54,436,-382
213000105,4,164,-160
213000106,11,91,-80
213000107,132,453,-321
213000108,60,390,-330
213000109,6,159,-153
213000110,19,86,-67
213000111,7,114,-107
213000112,117,139,-22
213000115,71,16,55
213000116,43,337,-294
213000117,2,585,-583
213000118,472,224,248
213000119,44,480,-436
213000120,81,446,-365
213000122,113,486,-373
213000123,333,1119,-786
213000124,142,1377,-1235
213000125,177,40,137
213000126,84,174,-90
213000127,154,308,-154
213000128,365,1194,-829
213000129,372,672,-300
213000130,796,318,478
213000132,512,114,398
213000133,611,139,472
213000134,1035,29,1006
213000136,568,25,543
213000137,797,73,724
213000139,156,31,125
213000147,73,7,66
213000148,23,10,13
213000149,45,2,43
213000150,0,167,-167
213000151,3,99,-96
213000152,3,80,-77
213000153,3,110,-107
213000154,46,431,-385
213000155,65,249,-184
213000156,135,360,-225
213000157,728,361,367
213000158,434,927,-493
213000159,758,457,301
213000163,1146,126,1020
213000165,1139,339,800
213000171,2,71,-69
213000172,1,187,-186
213000173,5,187,-182
213000174,3,151,-148
213000175,20,90,-70
213000176,85,44,41
213000177,148,6,142
213000178,237,7,230
213000179,280,3,277
213000180,238,0,238
213000184,117,498,-381
213000188,464,98,366
213000189,409,46,363
213000190,945,693,252
213000191,449,296,153
213000192,291,298,-7
213000193,630,244,386
213000194,3,88,-85
213000195,26,345,-319
213000196,282,1159,-877
213000197,443,530,-87
213000198,65,4,61
213000200,164,769,-605
213000201,64,75,-11
213000202,22,433,-411
213000203,3174,682,2492
213000204,805,53,752
213000205,532,64,468
213000206,470,58,412
213000207,94,17,77
213000208,79,6,73
213000209,180,15,165
213000210,379,12,367
213000211,3,25,-22
213000212,12,52,-40
213000213,14,66,-52
213000218,233,469,-236
213000219,609,26,583
213000220,559,16,543
213000223,185,203,-18
213000224,49,45,4
213000225,124,9,115
213000226,79,11,68
213000227,1008,174,834
213000228,424,75,349
213000229,168,28,140
213000230,403,24,379
213000232,63,950,-887
213000233,37,577,-540
213000234,3,70,-67
213000293,11,77,-66
213000294,106,21,85
213000295,7,88,-81
213000296,74,24,50
213000297,4,96,-92
213000298,30,72,-42
213000299,72,33,39
213000300,17,6,11
213000303,5,27,-22
213000304,6,12,-6
213000305,1,24,-23
213000306,49,37,12
213000307,114,58,56
213000308,100,177,-77
213000309,174,53,121
213000310,494,243,251
213000311,203,729,-526
213000315,84,76,8
213000316,176,53,123
213000322,91,140,-49
213000323,141,65,76
213000324,94,53,41
213000325,69,80,-11
213000326,90,48,42
213000327,64,55,9
213000328,71,119,-48
213000329,190,48,142
213000340,108,410,-302
213000341,554,110,444
213000347,577,484,93
213000348,8,121,-113
213000349,44,8,36
213000350,284,904,-620
213000366,71,300,-229
213000367,306,17,289
213000379,127,60,67
213000386,19,365,-346
213000406,98,438,-340
213000417,1336,523,813
213000425,304,41,263
213000426,223,73,150
213000427,48,231,-183
213000428,63,147,-84
213000429,11,4,7
213000430,139,549,-410
213000431,67,1,66
213000432,4,45,-41
213000433,32,134,-102
213000434,95,98,-3
213000435,167,66,101
213000436,36,60,-24
213000437,6,17,-11
213000438,197,95,102
213000439,55,15,40
213000440,13,213,-200
213000441,1,5,-4
213000442,5,47,-42
213000443,423,387,36
213000444,55,38,17
213000445,1,78,-77
213000446,0,49,-49
213000447,5,45,-40
213000448,29,189,-160
213000449,431,12,419
213000450,23,32,-9
213000451,312,100,212
213000452,17,22,-5
213000453,26,235,-209
213000455,572,28,544
213000456,1,485,-484
213000481,47,33,14
213000484,31,3,28
213000489,306,61,245
213900002,1,109,-108
213900003,207,3,204
213900013,1,133,-132
213900015,0,10,-10
213900016,13,8,5
213900020,13,61,-48
213900030,3,71,-68
213900032,197,142,55
213900033,142,54,88
213900034,656,56,600
213900035,185,370,-185
213900036,138,142,-4
213900037,53,224,-171
213900038,554,141,413
213900039,1,75,-74
213900041,1,178,-177
213900042,365,284,81
213900043,322,117,205
213900244,60,0,60
213900245,0,7,-7
218000003,25,27,-2
218000004,41,28,13
218000005,24,34,-10
218000006,53,33,20
218000007,22,22,0
218000012,175,123,52
218000013,125,156,-31
218000014,364,350,14
218000019,697,559,138
218000020,270,420,-150
218000021,28,27,1
218000022,8,17,-9
218000023,2,19,-17
218000024,2,8,-6
218000025,0,6,-6
218000026,15,20,-5
218000027,4,9,-5
218000028,2,1,1
218000029,1,1,0
218000030,10,19,-9
218000031,4,10,-6
218000032,2,26,-24
218000040,8,2,6
218000046,32,78,-46
218000047,16,93,-77
218000048,46,83,-37
218000049,105,94,11
218000050,316,223,93
218000051,58,211,-153
218000052,6,86,-80
218000053,4,9,-5
218000054,23,75,-52
218000055,7,14,-7
218000056,16,40,-24
218000057,0,17,-17
218000064,9,18,-9
218000065,104,21,83
218000066,15,45,-30
218000067,63,80,-17
218000068,152,79,73
218000069,214,127,87
218000070,201,216,-15
218000071,198,210,-12
218000072,295,180,115
218000078,888,618,270
218000079,112,78,34
218000080,217,81,136
218000081,510,231,279
218000082,90,122,-32
218000083,113,29,84
218000084,218,102,116
218000085,158,328,-170
218000086,77,157,-80
218000087,186,157,29
218000090,8,91,-83
218000091,971,526,445
218000092,102,120,-18
218000093,103,45,58
218000094,423,418,5
218000099,318,687,-369
218000100,317,250,67
218000101,310,169,141
218000102,460,213,247
218000103,130,147,-17
218000104,113,40,73
218000105,32,32,0
218000106,5,7,-2
218000107,61,57,4
218000108,7,44,-37
218000112,66,37,29
218000117,65,42,23
218000134,532,458,74
218000135,36,83,-47
218000136,245,122,123
218000137,241,162,79
218000138,67,91,-24
218000139,179,236,-57
218000140,588,191,397
218000141,87,76,11
218000142,203,140,63
218000143,168,402,-234
218000144,62,102,-40
218000145,447,309,138
218000146,127,176,-49
218000151,9,30,-21
218000152,173,52,121
218000153,17,5,12
218000154,8,3,5
218000155,34,0,34
218000156,91,16,75
218000157,47,20,27
218000158,11,9,2
218000159,6,8,-2
218000160,4,8,-4
218000161,36,6,30
218000162,51,9,42
218000163,11,2,9
218000164,52,0,52
218000165,52,26,26
218000170,6,47,-41
218000171,69,13,56
218000172,18,15,3
218000173,49,22,27
218000174,31,6,25
218000176,254,33,221
218000177,488,218,270
218000178,106,238,-132
218000179,165,74,91
218000180,142,36,106
218000181,210,46,164
218000187,6,28,-22
218000188,36,55,-19
218000189,25,58,-33
218000190,34,8,26
218000191,157,54,103
218000192,247,186,61
218000193,421,276,145
218000194,135,261,-126
218000195,140,42,98
218000196,379,249,130
218000197,451,199,252
218000198,33,68,-35
218000199,59,31,28
218000200,77,28,49
218000201,28,10,18
218000202,76,231,-155
218000207,3,15,-12
218000208,19,22,-3
218000211,46,20,26
218000212,1,11,-10
218000213,89,109,-20
218000214,3,15,-12
218000215,48,51,-3
218000217,2,74,-72
218000218,173,82,91
218000219,27,32,-5
218000220,51,373,-322
218000221,586,162,424
218000222,7,30,-23
218000223,49,529,-480
218000224,19,212,-193
218000225,240,27,213
218000226,181,66,115
218000230,1,4,-3
218000232,32,69,-37
218000239,145,23,122
218000240,23,6,17
218000241,30,1,29
218000242,65,1,64
218000243,86,9,77
218000244,70,6,64
218000245,32,1,31
218000246,0,0,0
218000247,5,1,4
218000248,4,19,-15
218000249,0,1,-1
218000250,0,5,-5
218000251,10,35,-25
218000252,6,61,-55
218000253,1,58,-57
218000254,1,46,-45
218000255,3,29,-26
218000256,7,66,-59
218000267,394,733,-339
218000268,8,40,-32
218000269,2,17,-15
218000270,36,24,12
218000271,13,30,-17
218000273,18,4,14
218000274,18,1,17
218000275,22,50,-28
218000276,21,36,-15
218000278,14,21,-7
218000279,42,25,17
218000280,3,11,-8
218000281,22,5,17
218000282,412,509,-97
218000284,95,2,93
218000301,87,114,-27
218000302,146,44,102
218000303,16,33,-17
218000316,740,861,-121
218000317,1278,846,432
218000318,817,608,209
218000319,1158,746,412
218000320,965,562,403
218000338,62,21,41
218000345,104,47,57
218000346,31,165,-134
218000459,30,230,-200
218000490,28,52,-24
218000501,120,24,96
218000502,56,39,17
218000503,94,18,76
218000504,144,20,124
218000505,76,112,-36
218000506,30,165,-135
218000508,0,7,-7
218000510,143,13,130
218000520,139,72,67
218000521,2,37,-35
218000522,2,96,-94
218000523,114,3,111
218000524,58,277,-219
218000525,121,8,113
218000526,29,155,-126
218000529,40,79,-39
218000530,20,2,18
218000531,10,22,-12
218000532,33,15,18
218000534,162,25,137
218000537,21,71,-50
218000538,122,358,-236
218000540,229,98,131
218000543,146,39,107
218000544,36,72,-36
218000545,73,60,13
218000546,40,81,-41
218000547,57,143,-86
218000548,178,111,67
218000549,520,532,-12
218000550,206,245,-39
218000551,104,1000,-896
218000552,310,47,263
218000553,22,90,-68
218000554,25,25,0
218000555,28,55,-27
218000556,143,152,-9
218000557,215,94,121
218000558,67,0,67
218000559,0,34,-34
218000560,0,36,-36
218000561,15,0,15
218000562,33,176,-143
218000563,206,16,190
218000564,10,137,-127
218000565,220,41,179
218000566,530,35,495
218000567,8,86,-78
218000568,59,4,55
218000569,15,204,-189
218000570,185,17,168
218000571,3,94,-91
218000572,130,2,128
218000573,9,217,-208
218000574,189,20,169
218000575,116,3,113
218000576,1,91,-90
218000577,125,1,124
218000578,3,56,-53
218000579,50,21,29
218000581,4,33,-29
218000582,26,4,22
218000583,10,0,10
218000584,0,22,-22
218000585,52,8,44
218000586,18,54,-36
218000587,1,1,0
218000588,12,3,9
218000589,1,3,-2
218000590,0,0,0
218000591,4,5,-1
218000592,26,0,26
218000593,0,0,0
218000594,0,1,-1
218000595,0,0,0
218000596,1,0,1
218000597,2,0,2
218000598,1,0,1
218000599,2,0,2
218000600,1,1,0
218000601,0,2,-2
218000602,0,10,-10
218000603,0,22,-22
218000604,54,48,6
218000605,0,32,-32
218000606,77,2,75
218000607,13,39,-26
218000608,40,19,21
218000609,9,29,-20
218000610,79,8,71
218000611,20,1,19
218000612,1,15,-14
218000613,42,2,40
218000614,1,28,-27
218000615,159,2,157
218000616,9,82,-73
218000617,25,2,23
218000618,1,14,-13
218000619,56,21,35
218000620,11,35,-24
218000621,0,2,-2
218000622,0,14,-14
218000623,82,0,82
218000624,7,9,-2
218000625,11,1,10
218000626,0,7,-7
218000628,151,46,105
218000631,25,10,15
218000632,10,81,-71
218000633,222,2,220
218000634,4,10,-6
218000635,8,10,-2
218000636,796,904,-108
218000637,912,437,475
218000638,253,50,203
218000639,26,136,-110
218000640,415,37,378
218000641,74,281,-207
218000652,28,58,-30
218000653,208,82,126
218000663,4,93,-89
218000675,53,66,-13
218000676,0,16,-16
218000677,23,0,23
218000680,119,326,-207
218000681,380,92,288
218000691,103,164,-61
218000693,265,81,184
218000703,3,14,-11
218000718,330,1198,-868
218000719,567,680,-113
218000720,17,265,-248
218000721,216,27,189
218000725,2,5,-3
218001214,14,143,-129
218001329,91,81,10
218001330,42,52,-10
218001351,26,15,11
218001352,27,13,14
218001353,21,4,17
218001354,5,19,-14
219000001,67,53,14
219000002,52,60,-8
219000003,75,39,36
219000004,55,37,18
219000017,95,61,34
219000020,126,42,84
219000022,125,5,120
219000023,84,3,81
219000029,0,41,-41
219000034,44,32,12
219000039,45,170,-125
219000040,66,92,-26
219000041,99,34,65
219000051,0,42,-42
219000052,0,14,-14
219000053,1,66,-65
219000054,370,322,48
219000055,222,3,219
219000056,13,0,13
219000057,78,0,78
219000062,12,79,-67
219000063,79,5,74
219000064,3,58,-55
219000110,298,125,173
219000111,124,52,72
219000112,248,43,205
219000113,184,44,140
219000114,208,63,145
219000116,114,51,63
219000117,146,60,86
219000118,143,32,111
219000123,186,81,105
219000124,70,54,16
219000125,13,9,4
219000126,68,107,-39
219000127,0,19,-19
219000128,7,116,-109
219000129,13,148,-135
219000130,341,469,-128
219000131,539,845,-306
219000133,54,59,-5
219000134,30,32,-2
219000135,38,72,-34
219000136,118,179,-61
219000138,80,30,50
219000139,43,32,11
219000140,73,2,71
219000141,26,92,-66
219000142,20,59,-39
219000143,8,60,-52
219000145,12,49,-37
219000146,4,21,-17
219000147,31,20,11
219000148,0,18,-18
219000149,13,55,-42
219000150,0,41,-41
219000151,2,19,-17
219000157,297,114,183
219000158,165,193,-28
219000161,99,10,89
219000163,1170,499,671
219000166,132,181,-49
219000167,149,141,8
219000168,260,112,148
219000174,419,145,274
219000175,96,7,89
219000176,115,9,106
219000177,72,3,69
219000178,86,0,86
219000179,23,6,17
219000180,37,44,-7
219000182,138,19,119
219000183,107,25,82
219000184,105,18,87
219000185,1,42,-41
219000186,68,34,34
219000187,22,88,-66
219000189,68,187,-119
219000190,62,209,-147
219000191,565,1362,-797
219000192,172,145,27
219000193,155,128,27
219000195,0,53,-53
219000196,5,83,-78
219000198,14,88,-74
219000199,61,198,-137
219000200,31,124,-93
219000201,78,160,-82
219000203,28,134,-106
219000204,71,294,-223
219000205,34,188,-154
219000207,104,241,-137
219000209,32,50,-18
219000210,32,67,-35
219000213,7,125,-118
219000239,166,164,2
219000240,211,315,-104
219000241,126,110,16
219000242,66,97,-31
219000243,61,172,-111
219000244,14,73,-59
219000245,22,49,-27
219000246,44,25,19
219000247,184,43,141
219000248,471,497,-26
219000249,117,112,5
219000250,168,97,71
219000251,558,243,315
219000252,207,183,24
219000253,487,117,370
219000255,106,107,-1
219000256,169,61,108
219000257,99,1,98
219000262,86,105,-19
219000263,59,151,-92
219000267,3,28,-25
219000268,0,4,-4
219000269,2,4,-2
219000270,10,0,10
219000271,117,10,107
219000278,0,5,-5
219000279,6,3,3
219000283,0,5,-5
219000295,21,59,-38
219000296,68,294,-226
219000297,18,80,-62
219000298,12,96,-84
219000299,477,54,423
219000300,20,146,-126
219000301,230,294,-64
219000302,26,269,-243
219000307,36,25,11
219000308,63,38,25
219000311,229,60,169
219000312,638,127,511
219000313,353,44,309
219000314,56,271,-215
219000315,334,16,318
219000316,604,56,548
219000317,112,15,97
219000320,0,48,-48
219000321,0,23,-23
219000323,3,53,-50
219000325,1,3,-2
219000326,107,78,29
219000327,51,28,23
219000328,34,53,-19
219000329,270,122,148
219000330,48,33,15
219000331,71,47,24
219000332,140,81,59
219000333,17,7,10
219000335,67,1,66
219000337,31,1,30
219000338,49,0,49
219000344,21,64,-43
219000345,58,64,-6
219000346,36,88,-52
219000348,175,68,107
219000349,44,113,-69
219000350,44,354,-310
219000351,9,14,-5
219000352,262,116,146
219000353,119,52,67
219000354,189,74,115
219000355,164,39,125
219000356,934,1347,-413
219000363,153,46,107
219000364,83,37,46
219000365,120,15,105
219000366,252,293,-41
219000368,331,550,-219
219000370,915,537,378
219000371,11,26,-15
219000382,11,20,-9
219000383,477,1032,-555
219000385,416,422,-6
219000386,662,1521,-859
219000387,4,9,-5
219000390,3,1,2
219000391,0,11,-11
219000397,66,44,22
219000398,82,45,37
219000401,17,66,-49
219000402,23,66,-43
219000403,166,253,-87
219000404,10,136,-126
219000407,6,41,-35
219000409,69,42,27
219000410,102,42,60
219000411,58,12,46
219000446,139,388,-249
219000447,2,23,-21
219000448,21,6,15
219000452,129,66,63
219000453,85,201,-116
219000454,177,281,-104
219000556,259,56,203
219000558,152,132,20
219000590,26,143,-117
219000591,65,91,-26
219000592,70,294,-224
219000595,2,17,-15
219000635,187,51,136
219000636,25,58,-33
219000657,49,35,14
219000658,51,171,-120
219000673,0,43,-43
219000676,70,12,58
219000679,31,5,26
219000684,84,4,80
219000685,3,34,-31
219000686,1,3,-2
219000688,0,63,-63
219000689,16,189,-173
219000690,182,19,163
219000691,48,199,-151
219000692,217,64,153
219000693,0,12,-12
219000694,6,0,6
219000695,32,4,28
219000698,16,0,16
219000699,0,16,-16
219000727,1,56,-55
219000728,78,0,78
219000770,101,2,99
219000771,1,35,-34
219000788,13,13,0
219001150,4,40,-36
219001151,3,8,-5
219001166,17,25,-8
219001167,0,62,-62
220000001,51,77,-26
220000002,8,66,-58
220000003,283,235,48
220000004,401,432,-31
220000005,975,1405,-430
220000006,164,642,-478
220000007,358,395,-37
220000008,247,646,-399
220000009,250,289,-39
220000010,131,89,42
220000011,372,2653,-2281
220000012,136,319,-183
220000014,113,52,61
220000015,51,233,-182
220000017,97,298,-201
220000018,4232,1997,2235
220000019,82,281,-199
220000020,433,197,236
220000021,644,167,477
220000022,908,326,582
220000023,387,136,251
220000024,1728,439,1289
220000025,1075,1128,-53
220000026,299,402,-103
220000027,24,147,-123
220000028,64,55,9
220000029,27,86,-59
220000030,62,69,-7
220000031,462,367,95
220000064,53,787,-734
221000046,33,22,11
221000047,0,3,-3
221000048,0,3,-3
221000049,0,10,-10
221000050,34,0,34
221000055,34,60,-26
221000057,53,7,46
221000068,365,122,243
221000069,463,55,408
221000070,245,19,226
221000071,128,9,119
221000072,271,17,254
221000073,208,38,170
221000074,1,16,-15
221000075,20,8,12
221000076,9,21,-12
221000077,19,67,-48
221000081,22,11,11
221000082,62,0,62
221000083,13,2,11
221000084,3,4,-1
221000085,19,49,-30
221000086,16,78,-62
221000087,2,122,-120
221000088,9,163,-154
221000089,31,231,-200
221000090,105,453,-348
221000098,108,9,99
221000099,160,14,146
221000100,93,4,89
221000101,169,20,149
221000102,139,9,130
221000109,3,84,-81
221000110,8,61,-53
221000111,17,121,-104
221000112,7,110,-103
221000113,17,134,-117
221000114,6,103,-97
221000120,52,31,21
221000121,10,35,-25
221000122,51,32,19
221000123,2,7,-5
221000124,27,128,-101
221000155,132,18,114
221000156,34,27,7
221000175,0,4,-4
221000176,0,5,-5
221000182,51,14,37
221000241,487,288,199
221000242,166,326,-160
221000243,387,248,139
221000244,244,371,-127
221000245,58,78,-20
221000246,27,204,-177
221000247,62,101,-39
221000248,117,94,23
221000267,53,627,-574
221000325,50,64,-14
221000331,7,56,-49
221000338,5,19,-14
221000378,249,27,222
221000381,35,30,5
222000282,14,2,12
222000296,3,14,-11
222000568,359,35,324
222000569,140,48,92
222000570,128,24,104
222000571,346,28,318
222000577,10,111,-101
222000578,23,138,-115
222000579,16,72,-56
222000580,81,662,-581
222000599,1,113,-112
222000600,2,200,-198
222000601,7,650,-643
222000603,21,36,-15
222000604,7,35,-28
222000605,3,29,-26
222000606,7,10,-3
222000607,5,4,1
222000608,27,7,20
222000609,67,122,-55
222000616,402,41,361
222000617,7,11,-4
222000618,11,1,10
222000620,28,12,16
222000621,48,27,21
222000623,680,13,667
222000624,315,6,309
222000625,543,23,520
222000636,56,2,54
222000686,21,13,8
222000687,37,14,23
222001066,333,2,331
222001067,21,0,21
222001068,75,24,51
222001069,34,27,7
222001082,24,28,-4
222001083,35,24,11
222001084,0,16,-16
222001085,1,237,-236
222001111,59,100,-41
222001112,143,31,112
222001313,23,16,7
222001314,3,99,-96
222001464,40,32,8
222001465,5,60,-55
222001484,146,68,78
222001485,23,32,-9
222001494,556,120,436
222001495,134,182,-48
222001496,342,68,274
222001497,58,233,-175
222001502,16,113,-97
222001503,106,33,73
222001504,27,278,-251
222001505,342,7,335
222001506,59,336,-277
222001507,292,38,254
222001510,531,47,484
222001511,54,283,-229
222001514,681,229,452
222001515,217,425,-208
222001518,400,69,331
222001519,65,191,-126
222001527,236,59,177
222001528,72,131,-59
222001529,310,44,266
222001530,67,218,-151
222001533,128,224,-96
222001534,313,68,245
222001535,248,206,42
222001536,52,145,-93
222001537,378,58,320
222001538,83,434,-351
222001563,859,108,751
222001564,93,353,-260
222001568,316,148,168
222001576,4,1,3
222001579,1,4,-3
222001583,12,93,-81
222001584,94,4,90
222001596,817,1231,-414
222001597,2924,403,2521
222001626,0,113,-113
222001650,120,121,-1
222001651,116,371,-255
222001914,209,70,139
222001915,50,214,-164
222900004,482,229,253
222900009,284,467,-183
222900019,160,180,-20
222900024,36,14,22
222900025,4,18,-14
225000001,400,115,285
225000002,556,149,407
225000003,600,66,534
225000004,422,193,229
225000005,64,61,3
225000006,1,183,-182
225000007,1032,992,40
225000010,304,9,295
225000011,326,882,-556
225000012,251,535,-284
225000013,91,121,-30
225000014,704,79,625
225000015,77,128,-51
225000021,869,165,704
225000027,174,318,-144
225000032,652,103,549
225000042,56,470,-414
225000049,18,48,-30
225000050,95,11,84
225000053,3,274,-271
225000058,596,148,448
225000067,166,118,48
225000068,71,210,-139
225000069,102,350,-248
225000070,69,286,-217
225000071,28,118,-90
225000075,23,431,-408
225000076,40,96,-56
225000078,74,32,42
225000085,88,134,-46
225000086,273,72,201
225000087,146,15,131
225000088,10,161,-151
225000089,167,809,-642
225000090,82,393,-311
225000091,159,110,49
225000092,21,62,-41
225000093,178,186,-8
225000094,10,149,-139
225000095,206,305,-99
225000096,218,340,-122
225000098,785,247,538
225000099,345,120,225
225000100,349,78,271
225000104,66,259,-193
225000110,20,314,-294
225000111,148,725,-577
225000112,171,846,-675
225000113,139,539,-400
225000114,49,197,-148
225000115,1008,566,442
225000116,854,153,701
225000117,739,235,504
225000118,939,209,730
225000119,252,82,170
225000120,674,55,619
225000121,198,23,175
225000123,461,22,439
225000125,435,126,309
225000126,546,157,389
225000127,552,1143,-591
225000128,402,678,-276
225000132,298,33,265
225000133,279,26,253
225000134,700,132,568
225000135,68,8,60
225000136,319,22,297
225000137,195,43,152
225000138,375,109,266
225000143,43,129,-86
225000144,1,176,-175
225000145,59,40,19
225000146,43,57,-14
225000147,21,155,-134
225000148,5,154,-149
225000149,52,398,-346
225000151,30,140,-110
225000155,263,289,-26
225000156,147,641,-494
225000157,224,231,-7
225000158,76,187,-111
225000171,6,110,-104
225000180,21,3,18
225000181,1,50,-49
225000182,52,4,48
225000185,10,271,-261
225000187,27,239,-212
225000191,107,4,103
225000194,0,3,-3
225000208,0,33,-33
225000209,73,21,52
225000210,7,225,-218
225000217,0,12,-12
225000218,14,1,13
225000223,0,22,-22
225000224,25,1,24
225000225,0,12,-12
225000226,44,0,44
225000227,30,59,-29
225000228,8,13,-5
225000229,0,58,-58
225000230,26,0,26
225000231,0,24,-24
225000232,166,0,166
225000241,96,2,94
225000242,0,37,-37
225000249,10,0,10
225000250,39,487,-448
225000251,406,39,367
225000254,2,4,-2
225000256,4,20,-16
225000257,1,31,-30
226000042,228,329,-101
226000043,45,237,-192
226000044,110,292,-182
226000045,56,241,-185
226000046,476,63,413
226000047,331,63,268
226000048,318,83,235
226000049,249,150,99
226000070,0,37,-37
226000071,0,49,-49
226000072,0,11,-11
226000073,0,8,-8
226000074,1,7,-6
226000084,5,39,-34
226000085,0,8,-8
226000086,2,18,-16
226000087,3,21,-18
226000088,35,54,-19
226000090,192,79,113
226000091,17,51,-34
226000092,3,25,-22
226000093,23,0,23
226000094,7,12,-5
226000095,8,1,7
226000105,14,2,12
226000106,10,0,10
226000107,13,0,13
226000108,20,1,19
226000109,79,0,79
226000124,120,64,56
226000134,731,454,277
226000135,1628,498,1130
226000136,503,321,182
226000137,8,222,-214
226000138,13,115,-102
226000139,0,20,-20
226000156,164,5,159
226000157,137,9,128
226000163,96,163,-67
226000202,16,184,-168
226000231,377,14,363
226000232,48,6,42
227000033,313,44,269
227000036,324,40,284
227000037,308,15,293
227000038,175,37,138
227000084,0,54,-54
227000085,0,45,-45
227000088,36,8,28
227000089,154,3,151
227000090,37,3,34
227000091,9,1,8
227000092,25,0,25
227000093,128,1,127
227000094,8,0,8
227000130,18,76,-58
227000131,11,128,-117
227000132,9,145,-136
227000133,12,136,-124
227000134,14,160,-146
227000152,0,3,-3
227000153,0,35,-35
227000154,1,14,-13
227000155,0,14,-14
227000156,1,8,-7
227000165,7,25,-18
227000196,378,194,184
227000199,381,323,58
227000230,11,310,-299
227000232,411,19,392
227000242,40,330,-290
227000243,409,55,354
227000245,20,264,-244
227000246,89,318,-229
227000247,410,63,347
227000248,118,28,90
227000249,18,95,-77
227000250,289,141,148
227000251,70,116,-46
227000252,22,202,-180
227000253,159,11,148
227000262,390,54,336
227000266,1119,22,1097
227000267,26,1065,-1039
227000282,2,102,-100
227000284,455,15,440
227000286,4,47,-43
227000291,12,427,-415
227000296,144,229,-85
227000484,202,19,183
227000485,14,712,-698
227000655,178,6,172
227000656,614,37,577
227000657,77,9,68
227000704,166,25,141
229000265,7,4,3
229000266,3,1,2
229000267,11,0,11
229000268,20,0,20
229000269,32,0,32
229000274,2,34,-32
229000275,0,27,-27
229000276,0,12,-12
229000277,0,3,-3
229000278,0,4,-4
229000295,12,29,-17
229000296,10,14,-4
229000297,14,29,-15
229000298,3,129,-126
229000320,12,6,6
229000321,13,11,2
229000412,15,64,-49
229000414,8,50,-42
229000415,24,3,21
229000416,0,4,-4
229000417,2,7,-5
229000419,102,301,-199
229000440,402,82,320
229000442,28,16,12
229000443,2,7,-5
229000444,0,37,-37
229000445,60,6,54
229000446,106,17,89
229000491,4,10,-6
229000492,4,63,-59
229000493,6,58,-52
229000494,40,2,38
229000495,98,3,95
229000496,44,1,43
229000507,0,60,-60
229000508,0,40,-40
229000509,0,56,-56
229000510,3,28,-25
229000511,4,35,-31
229000512,0,23,-23
229000513,0,10,-10
229000514,0,1,-1
229000517,1,11,-10
229000518,11,17,-6
229000519,3,8,-5
229000520,13,30,-17
229000521,50,16,34
229000522,3,9,-6
229000523,11,12,-1
229000524,4,7,-3
229000527,4,1,3
229000528,1,0,1
229000529,8,1,7
229000530,55,0,55
229000531,21,0,21
229000532,16,1,15
229000533,67,0,67
229000534,42,0,42
229000564,72,0,72
229000565,16,0,16
229000566,0,4,-4
229000567,1,21,-20
229000582,75,3,72
229000583,4,2,2
229000584,0,16,-16
229000585,3,54,-51
229000718,0,0,0
229000719,0,3,-3
229000720,0,6,-6
229000721,0,5,-5
229000722,0,3,-3
229000723,0,0,0
229000724,0,6,-6
229000725,0,5,-5
229000738,6,0,6
229000739,0,0,0
229000740,1,0,1
229000741,16,0,16
229000742,8,0,8
229000743,12,0,12
229000744,5,0,5
229000745,4,0,4
229000746,10,0,10
229000847,40,1,39
229000848,17,0,17
229000849,72,0,72
229000851,32,0,32
229000854,0,14,-14
229000856,0,63,-63
229000857,0,28,-28
229000858,0,31,-31
229000919,10,70,-60
229000930,2,209,-207
229000937,63,18,45
229000966,60,37,23
229000981,37,21,16
229000985,24,48,-24
229000986,3,10,-7
229000987,1,1,0
229000988,2,6,-4
229000989,4,6,-2
229000990,1,3,-2
229000991,4,3,1
229000992,13,8,5
229000993,114,14,100
229000998,17,54,-37
229000999,97,14,83
229001034,4,17,-13
229001035,4,1,3
229001036,8,37,-29
229001037,37,4,33
229001038,0,6,-6
229001039,6,0,6
229001040,1,68,-67
229001041,49,0,49
229001042,22,13,9
229001047,10,35,-25
229001050,29,9,20
229001168,0,15,-15
229001200,36,5,31
229001338,4,19,-15
229001394,201,1,200
229001422,101,29,72
229001423,30,86,-56
229001431,48,31,17
229001432,41,52,-11
229001444,192,47,145
229001445,56,123,-67
229001479,19,0,19
229001503,192,84,108
229001504,148,127,21
229001505,88,34,54
229001506,56,112,-56
229001509,39,5,34
229001510,3,51,-48
229001545,97,5,92
229001546,4,63,-59
229001553,95,29,66
229001554,36,81,-45
229001630,48,9,39
229001631,13,20,-7
229001635,0,8,-8
229001636,14,1,13
229001658,0,88,-88
229001659,74,1,73
229001660,22,10,12
229001661,15,13,2
229001662,7,0,7
229001663,0,10,-10
229002584,239,231,8
229002831,148,147,1
229002841,20,25,-5
229002842,20,18,2
229002843,103,29,74
229002844,72,47,25
229002845,12,41,-29
229002846,21,14,7
229002847,3,10,-7
229002848,22,17,5
229002849,2,73,-71
229002850,9,0,9
229002851,49,118,-69
229002852,192,47,145
229002853,143,16,127
229002854,45,48,-3
229002855,7,22,-15
229002856,34,25,9
229002857,6,95,-89
229002858,13,12,1
229002859,26,60,-34
229002860,200,31,169
229002861,85,17,68
229002862,27,40,-13
229002863,22,22,0
229002864,25,32,-7
229002865,17,20,-3
229002866,26,20,6
229002867,2,21,-19
229002868,9,15,-6
229002869,27,112,-85
229002870,66,19,47
235000066,350,66,284
235000067,117,107,10
235000072,33,68,-35
235000073,83,388,-305
235000074,62,58,4
235000080,25,88,-63
235000081,119,104,15
235000082,153,50,103
235000083,263,78,185
235000084,54,41,13
235000085,179,60,119
235000089,26,20,6
235000092,32,125,-93
235000093,13,8,5
235000097,7,10,-3
235000098,90,17,73
235000099,26,30,-4
235000116,62,21,41
235000117,591,31,560
235000133,14,459,-445
235000134,14,166,-152
235000206,12,3,9
235000207,4,5,-1
235000208,8,1,7
235000209,14,2,12
235000210,11,1,10
235000212,7,23,-16
235000213,1,6,-5
235000220,1,4,-3
235000221,51,25,26
235000238,15,100,-85
235000239,1,28,-27
235000242,363,716,-353
235000245,521,141,380
235000246,15,50,-35
235000284,11,119,-108
235000295,152,17,135
235000305,237,25,212
235000306,241,9,232
235000307,21,0,21
235000308,25,3,22
235000309,35,0,35
235000310,38,0,38
235000311,73,25,48
235000322,0,29,-29
235000323,4,50,-46
235000324,0,21,-21
235000325,0,5,-5
235000326,11,110,-99
235000351,8,74,-66
235000352,11,47,-36
235000353,4,26,-22
235000354,9,23,-14
235000355,11,65,-54
235000356,88,17,71
235000357,36,10,26
235000358,250,8,242
235000359,14,9,5
235000360,61,21,40
235000361,104,31,73
235000381,100,119,-19
235000382,233,27,206
235000390,16,1,15
235000391,146,27,119
235000392,185,321,-136
235000393,129,181,-52
235000395,137,41,96
235000396,511,79,432
235000400,173,33,140
235000401,22,114,-92
235000405,112,208,-96
235000406,77,193,-116
235000407,66,63,3
235000409,202,93,109
235000410,48,186,-138
235000411,3,42,-39
235000485,0,8,-8
235000486,23,0,23
235000549,120,101,19
235000550,154,184,-30
235000599,144,41,103
235000600,4,18,-14
235000601,13,28,-15
235000602,111,80,31
235000614,1,8,-7
235000648,0,16,-16
235000649,48,7,41
235000685,2,3,-1
235000815,30,54,-24
235000834,0,11,-11
235000855,75,103,-28
235000862,22,99,-77
235000891,0,15,-15
235000892,21,2,19
235000901,146,102,44
235000907,4,9,-5
235001010,94,65,29
235001029,488,339,149
235001030,373,350,23
235001078,66,85,-19
235001079,56,62,-6
235001147,10,49,-39
235001166,23,80,-57
235001167,40,38,2
235001169,22,308,-286
235001188,2,3,-1
235001189,5,2,3
235001197,3,8,-5
235001200,51,49,2
235001207,105,26,79
235001208,8,6,2
235001209,18,20,-2
235001210,17,98,-81
235001215,24,60,-36
235001239,1,56,-55
235001244,0,10,-10
235016267,0,54,-54
241900007,45,0,45
277101746,0,1,-1
277102712,4,0,4
277103813,0,0,0
277103898,0,3,-3
277104249,0,1,-1
277104250,0,5,-5
277104251,0,4,-4
277104252,0,1,-1
990011530,0,194,-194
990014944,2,380,-378
990015176,44,4,40
990015618,0,118,-118
990016032,2,355,-353
990032570,3,338,-335
990070001,42,0,42
990070103,0,4,-4
990070601,2,39,-37
990070751,1047,7,1040
990070766,2,362,-360
990071180,580,179,401
990071343,24,2,22
990071387,0,12,-12
990071823,546,5,541
990072600,4,1002,-998
990072964,1,320,-319
990073285,0,6,-6
990074393,2,621,-619
990074870,1645,17,1628
990075106,1502,44,1458
990075746,634,16,618
990076437,1510,6,1504
990076458,1,501,-500
997000007,666,12,654
997000041,1,283,-282
997000058,45,1,44
997000062,34,1,33
997000069,0,7,-7
997000070,0,33,-33
997000100,34,1,33
997000141,6,2328,-2322
997000198,1,1033,-1032
998000475,1,54,-53
998000736,6,204,-198
998000965,0,8,-8
998001031,1,63,-62
998001700,1,4,-3
998001899,0,1,-1
998001900,10,4,6
998003073,1568,9,1559
998101900,0,0,0
998102850,0,295,-295
998501927,998,719,279
998501929,132,7,125
998501930,48,14,34
998501931,132,5,127
998501932,5,1,4
998501933,48,2,46
998501937,25,1,24
998501944,10,0,10
998501950,0,0,0
998501970,55,1,54
998501971,1,80,-79
998501973,0,43,-43
998501974,2,201,-199
998501975,104,12,92
998501976,59,0,59
998501977,1,24,-23
998501978,22,0,22
998501979,0,17,-17
998501980,58,2,56
998501981,41,0,41
998501982,0,89,-89
998501983,0,0,0
998502006,0,0,0
998502024,0,6,-6
998502032,0,4,-4
998502062,13,2,11
998502063,0,0,0
998502173,12,0,12
998502269,0,2,-2
998601159,6,113,-107
998601292,0,18,-18
999033574,0,156,-156
999800001,66,7,59
999800002,0,4,-4
999800003,2,2,0
999800004,0,2,-2
999800005,0,9,-9
