ID,insum,outsum,diff
100000001,819,1120,-301
100000002,3774,2611,1163
100000003,6452,5823,629
100000004,961,1255,-294
100000005,2732,5797,-3065
100000006,679,224,455
100000007,2133,828,1305
100000008,171,581,-410
100000009,592,282,310
100000010,91,73,18
100000011,1369,185,1184
100000012,116,936,-820
100000013,20,210,-190
100000014,264,349,-85
100000015,1720,2839,-1119
100000016,833,1531,-698
100000017,519,1002,-483
100000018,1618,942,676
100000019,4350,2461,1889
100000020,2089,7643,-5554
100000021,5320,2965,2355
100000022,1311,3077,-1766
100000023,5905,2356,3549
100000025,853,1575,-722
100000028,1242,1249,-7
100000029,214,399,-185
100000030,147,62,85
100000031,3605,7064,-3459
100000032,2008,4120,-2112
100000033,1081,3238,-2157
100000034,229,842,-613
100000035,1339,1935,-596
100000036,1676,1585,91
100000037,655,397,258
100000038,2389,1168,1221
100000039,696,818,-122
100000040,254,228,26
100000041,1606,604,1002
100000042,1264,538,726
100000043,1011,560,451
100000044,339,894,-555
100000045,472,1114,-642
100000046,679,875,-196
100000047,500,621,-121
100000048,773,737,36
100000049,1526,1482,44
100000051,431,803,-372
100000053,218,7,211
100000054,492,55,437
100000055,958,284,674
100000056,547,576,-29
100000057,2370,737,1633
100000058,1014,984,30
100000059,39,172,-133
100000060,525,363,162
100000061,2769,661,2108
100000062,2555,641,1914
100000063,1045,293,752
100000064,1652,274,1378
100000065,361,783,-422
100000066,198,589,-391
100000067,478,631,-153
100000068,526,1283,-757
100000069,291,1057,-766
100000072,215,809,-594
100000073,1061,1115,-54
100000075,844,280,564
100000076,1952,3468,-1516
100000077,217,306,-89
100000078,54,38,16
100000079,77,62,15
100000080,30,75,-45
100000081,181,234,-53
100000102,2641,3102,-461
100000103,2250,1874,376
100000104,3500,3336,164
100000105,1940,2134,-194
100000106,2553,3276,-723
100000107,539,1542,-1003
100000108,719,1289,-570
100000109,1738,1408,330
100000116,1089,1149,-60
100000117,94,177,-83
100000118,1207,1632,-425
100000119,728,928,-200
100000121,586,423,163
100000122,906,1102,-196
100000123,1895,3754,-1859
100000124,3715,5603,-1888
100000125,3630,1868,1762
100000126,574,514,60
100000127,1334,473,861
100000128,1470,2670,-1200
100000129,464,585,-121
100000130,561,436,125
100000131,3317,3121,196
100000132,1228,3554,-2326
100000133,3633,2236,1397
100000135,670,1422,-752
100000139,364,390,-26
100000140,412,487,-75
100000142,586,609,-23
100000143,817,460,357
100000144,3715,869,2846
100000147,1315,3673,-2358
100000150,50,475,-425
100000151,1150,1536,-386
100000153,273,597,-324
100000154,49,343,-294
100000155,29,66,-37
100000156,414,568,-154
100000157,404,195,209
100000158,327,104,223
100000159,260,732,-472
100000165,1272,907,365
100000169,177,1101,-924
100000174,473,1052,-579
100000179,111,717,-606
100000180,3512,8345,-4833
100000181,763,383,380
100000188,109,494,-385
100000189,1592,681,911
100000190,707,1448,-741
100000191,836,747,89
100000192,94,118,-24
100000193,364,230,134
100000330,1068,1097,-29
100000355,226,958,-732
100000362,3691,2366,1325
100000363,5410,4795,615
100000364,218,286,-68
100000365,6279,8715,-2436
100000366,4548,2985,1563
100000367,5690,7795,-2105
100000368,2607,1273,1334
100000369,1105,2446,-1341
100000370,283,1122,-839
100000376,66,142,-76
100000379,1977,1822,155
100000380,4607,5127,-520
100000384,5374,6278,-904
100000385,2920,4648,-1728
100000386,5530,5914,-384
100000387,4008,6159,-2151
100000388,5344,7837,-2493
100000389,6484,7316,-832
100000390,7866,7818,48
100000391,5961,9531,-3570
100000392,2916,5081,-2165
100000393,2635,5625,-2990
100000394,6539,10354,-3815
100000395,5217,5266,-49
100000396,6506,4383,2123
100000397,4795,7959,-3164
100000398,11354,8302,3052
100900002,10,12,-2
100900003,449,209,240
100900004,25,1390,-1365
100900005,133,12,121
100900006,43,98,-55
100900007,477,9,468
100900008,0,377,-377
100900009,78,174,-96
100900010,98,65,33
100900011,161,183,-22
100900012,3,216,-213
100900013,1150,25,1125
100900014,9,11,-2
100900015,86,58,28
100900016,3,29,-26
100900017,1436,98,1338
100900018,0,15,-15
100900019,20,139,-119
100900020,478,13,465
100900021,641,6,635
100900022,24,31,-7
100900023,0,34,-34
100900024,659,8,651
100900025,22,9,13
100900026,175,112,63
100900027,790,3628,-2838
100900028,114,306,-192
100900029,66,7,59
100900030,15,102,-87
100900031,833,56,777
100900032,357,0,357
100900033,230,241,-11
100900034,808,5,803
100900035,542,5,537
100900036,29,0,29
100900037,138,158,-20
100900038,77,56,21
100900039,245,433,-188
100900040,581,528,53
100900041,1043,519,524
100900042,1476,1486,-10
100900043,0,9,-9
100900044,1450,684,766
100900045,4,2,2
100900046,1659,13,1646
100900047,1094,267,827
100900048,151,67,84
100900049,98,144,-46
100900050,6,15,-9
100900051,98,115,-17
100900052,611,60,551
100900053,529,25,504
100900054,13,62,-49
100900055,355,943,-588
100900056,112,188,-76
100900057,1563,1280,283
100900058,742,85,657
100900059,168,8,160
100900060,249,6,243
100900061,377,199,178
100900062,18,36,-18
100900063,368,967,-599
100900064,912,38,874
100900065,123,158,-35
100900066,142,200,-58
100900067,15,11,4
100900068,142,77,65
100900069,701,16,685
100900070,530,12,518
100900071,591,193,398
100900072,3,46,-43
100900073,200,308,-108
100900074,9,12,-3
100900075,1887,337,1550
100900076,27,66,-39
100900077,42,66,-24
100900078,117,444,-327
100900079,22,23,-1
100900080,80,201,-121
100900081,28,240,-212
100900082,162,374,-212
100900083,22,24,-2
100900085,16,255,-239
100900086,189,1374,-1185
100900088,126,357,-231
100900089,27,17,10
100900090,125,615,-490
100900091,2,26,-24
100900092,237,268,-31
100900093,284,424,-140
100900094,198,310,-112
100900095,12,26,-14
100900096,110,149,-39
100900097,0,4,-4
100900098,25,49,-24
100900099,20,463,-443
100900100,14,811,-797
100900101,253,40,213
100900102,118,200,-82
100900103,18,18,0
100900104,7,202,-195
100900105,63,612,-549
100900106,59,7,52
100900107,1846,887,959
100900108,24,68,-44
100900109,22,37,-15
100900110,4,38,-34
100900111,48,199,-151
100900112,8,22,-14
100900113,18,40,-22
100900114,28,20,8
100900115,10,14,-4
100900116,1070,1070,0
100900117,402,1183,-781
100900118,40,46,-6
100900119,20,12,8
100900120,9,12,-3
100900121,507,809,-302
100900122,111,189,-78
100900123,165,189,-24
100900124,10,25,-15
100900125,22,69,-47
100900126,219,174,45
100900127,2,7,-5
100900128,213,204,9
100900129,0,216,-216
100900131,178,245,-67
100900133,72,34,38
100900134,15,12,3
100900135,1,297,-296
100900137,474,168,306
100900138,484,543,-59
100900139,11,5,6
100900140,3,465,-462
100900141,6,796,-790
100900142,10,22,-12
100900143,682,485,197
100900144,10,4,6
100900145,99,203,-104
100900146,7,127,-120
100900147,15,821,-806
100900148,44,436,-392
100900149,19,330,-311
100900150,12,64,-52
100900151,194,525,-331
100900152,783,12,771
100900153,9,221,-212
100900154,11,78,-67
100900155,21,15,6
100900156,86,1,85
100900157,28,290,-262
100900158,1052,169,883
100900159,3,25,-22
100900160,43,6,37
100900161,103,10,93
100900162,52,434,-382
100900163,181,170,11
100900164,67,33,34
100900165,58,55,3
100900166,114,8,106
100900167,30,66,-36
100900168,96,169,-73
100900169,136,999,-863
100900170,27,6,21
100900171,30,430,-400
100900172,0,66,-66
100900173,1,323,-322
100900174,464,58,406
100900176,2037,331,1706
100900177,629,436,193
100900178,366,153,213
100900179,292,410,-118
100900180,3,3,0
100900181,135,107,28
100900182,145,45,100
100900184,26,228,-202
100900186,655,439,216
100900187,11,73,-62
100900188,38,4,34
100900189,1934,262,1672
100900191,938,1262,-324
100900192,271,487,-216
100900195,110,193,-83
100900197,29,49,-20
100900198,44,226,-182
100900199,7,12,-5
100900200,821,425,396
100900201,147,605,-458
100900202,94,1,93
100900203,0,186,-186
100900204,1073,1875,-802
100900205,189,622,-433
100900206,222,93,129
100900207,318,169,149
100900210,94,397,-303
100900211,717,205,512
100900213,277,60,217
100900214,661,161,500
100900215,20,45,-25
100900217,1,8,-7
101000001,3250,2603,647
101000002,7319,7858,-539
101000003,456,1630,-1174
101000004,7986,7049,937
101000005,5079,5560,-481
101000006,7103,8129,-1026
101000007,3811,4797,-986
101000008,2270,2532,-262
101000009,2329,942,1387
101000010,911,807,104
101000011,1423,585,838
101000012,959,815,144
101000013,797,1230,-433
101000014,442,611,-169
101000015,1563,837,726
101000016,457,511,-54
101000017,626,534,92
101000018,1957,2608,-651
101000020,2026,1157,869
101000021,690,420,270
101000022,274,199,75
101000023,1342,770,572
101000025,339,480,-141
101000026,279,42,237
101000027,2305,3445,-1140
101000028,1000,286,714
101000029,308,2709,-2401
101000030,2200,186,2014
101000031,1114,1802,-688
101000032,7337,6129,1208
101000033,2389,4794,-2405
101000034,1828,2021,-193
101000035,1000,640,360
101000036,1386,1289,97
101000037,1884,2169,-285
101000039,2492,3517,-1025
101000040,2807,4743,-1936
101000041,7668,11078,-3410
101000042,409,1745,-1336
101000043,6448,11303,-4855
101000045,1435,1291,144
101000046,3661,2800,861
101000047,2583,6510,-3927
101000048,767,643,124
101000049,791,2812,-2021
101000050,2085,3419,-1334
101000051,1750,3925,-2175
101000052,1529,1441,88
101000053,1019,1631,-612
101000054,2309,1497,812
101000055,1497,1511,-14
101000056,45,86,-41
101000057,1604,1470,134
101000058,1068,1654,-586
101000059,1979,2520,-541
101000060,1956,704,1252
101000061,798,1463,-665
101000062,571,740,-169
101000063,570,1195,-625
101000064,847,1112,-265
101000065,402,608,-206
101000066,1069,1038,31
101000067,1031,1282,-251
101000068,269,608,-339
101000069,194,86,108
101000070,878,1354,-476
101000071,2260,1173,1087
101000072,791,3845,-3054
101000073,974,1431,-457
101000074,5589,4974,615
101000075,3907,6657,-2750
101000077,1894,1496,398
101000078,1066,1578,-512
101000079,1687,551,1136
101000080,1673,745,928
101000081,1867,1877,-10
101000082,2799,2788,11
101000083,3139,2346,793
101000084,1296,777,519
101000085,1505,1283,222
101000086,977,1140,-163
101000087,1086,948,138
101000088,1391,1241,150
101000089,1245,1469,-224
101000090,1939,1143,796
101000091,596,716,-120
101000092,1337,804,533
101000093,1575,728,847
101000094,1215,1026,189
101000095,573,502,71
101000096,491,450,41
101000097,453,589,-136
101000098,535,581,-46
101000099,997,1464,-467
101000100,1252,1322,-70
101000101,332,506,-174
101000102,850,638,212
101000103,743,690,53
101000104,400,740,-340
101000105,468,672,-204
101000106,865,1474,-609
101000107,377,358,19
101000108,727,234,493
101000109,435,94,341
101000110,46,365,-319
101000111,126,326,-200
101000113,316,861,-545
101000114,8882,11675,-2793
101000115,143,187,-44
101000116,148,135,13
101000117,1491,323,1168
101000119,75,102,-27
101000120,139,71,68
101000121,80,91,-11
101000122,150,193,-43
101000123,54,159,-105
101000124,1521,383,1138
101000125,226,436,-210
101000128,414,922,-508
101000130,212,339,-127
101000131,1073,607,466
101000132,954,904,50
101000135,54,40,14
101000136,392,255,137
101000137,38,406,-368
101000141,978,3598,-2620
101000147,719,400,319
101000148,780,43,737
101000149,320,377,-57
101000150,160,473,-313
101000151,333,58,275
101000152,296,272,24
101000153,476,263,213
101000154,333,874,-541
101000155,488,182,306
101000156,21,340,-319
101000157,69,44,25
101000160,61,29,32
101000163,266,331,-65
101000164,347,348,-1
101000165,248,419,-171
101000166,326,318,8
101000168,919,434,485
101000252,2489,987,1502
101000254,261,195,66
101000258,89,10,79
101000261,240,71,169
101000262,1449,2853,-1404
101000263,545,1687,-1142
101000265,91,1027,-936
101000266,469,533,-64
101000269,38,12,26
101000290,1036,3095,-2059
101000293,55,100,-45
101000294,743,452,291
101000295,140,379,-239
101000301,595,597,-2
101000304,2132,2508,-376
101000305,2623,1291,1332
101900001,13,40,-27
101900002,0,15,-15
101900003,48,109,-61
101900004,4,72,-68
101900005,2820,3163,-343
101900006,1374,80,1294
101900007,1075,276,799
101900008,103,369,-266
101900009,45,490,-445
101900010,774,714,60
101900011,238,1366,-1128
101900012,430,225,205
101900013,766,178,588
101900017,14,150,-136
101900018,771,161,610
101900019,225,162,63
101900020,478,228,250
101900021,0,46,-46
101900022,186,889,-703
101900023,133,169,-36
102000001,2982,5376,-2394
102000002,2497,1007,1490
102000003,3333,8624,-5291
102000004,5489,3130,2359
102000005,1428,2761,-1333
102000006,1097,1861,-764
102000007,1892,5933,-4041
102000008,4322,1702,2620
102000009,8086,9273,-1187
102000010,5263,3396,1867
102000011,3879,3366,513
102000012,3290,3050,240
102000018,2664,2791,-127
102000019,2840,1679,1161
102000026,247,581,-334
102000029,262,218,44
102000030,169,421,-252
102000031,66,104,-38
102000032,567,298,269
102000033,280,389,-109
102000034,596,408,188
102000035,1857,771,1086
102000036,23,250,-227
102000037,128,69,59
102000038,181,299,-118
102000039,189,71,118
102000040,331,328,3
102000041,188,411,-223
102000042,266,382,-116
102000043,271,238,33
102000044,363,466,-103
102000045,606,709,-103
102000046,1252,609,643
102000047,908,877,31
102000048,494,884,-390
102000049,1093,887,206
102000050,1086,1111,-25
102000051,422,653,-231
102000052,1185,779,406
102000053,910,928,-18
102000054,821,1168,-347
102000055,1615,511,1104
102000056,1215,954,261
102000057,1794,595,1199
102000058,1211,1304,-93
102000059,1527,1512,15
102000060,1392,1061,331
102000061,2026,1794,232
102000062,1932,1165,767
102000063,1032,1264,-232
102000064,756,832,-76
102000065,70,226,-156
102000066,900,886,14
102000067,2169,2922,-753
102000068,10829,2840,7989
102000069,100,2537,-2437
102000070,1434,56,1378
102000071,6557,8559,-2002
102000072,3166,3871,-705
102000073,2527,1476,1051
102000074,1125,1876,-751
102000075,191,424,-233
102000076,298,464,-166
102000077,761,693,68
102000078,1018,694,324
102000079,259,237,22
102000080,270,335,-65
102000081,422,1043,-621
102000082,672,533,139
102000083,654,280,374
102000084,460,278,182
102000085,2876,1003,1873
102000086,1292,1276,16
102000087,1034,1581,-547
102000088,456,333,123
102000089,1557,456,1101
102000090,694,1424,-730
102000091,1569,867,702
102000092,379,771,-392
102000093,577,738,-161
102000094,904,798,106
102000095,929,1456,-527
102000096,783,891,-108
102000097,893,986,-93
102000098,634,926,-292
102000099,920,977,-57
102000100,513,1442,-929
102000101,839,916,-77
102000102,283,1574,-1291
102000103,1741,460,1281
102000104,605,333,272
102000105,292,438,-146
102000106,989,534,455
102000107,1602,431,1171
102000108,630,196,434
102000109,560,476,84
102000110,1307,914,393
102000111,12,245,-233
102000112,142,105,37
102000113,24,38,-14
102000114,701,294,407
102000115,250,332,-82
102000116,541,597,-56
102000117,222,859,-637
102000118,1317,1342,-25
102000119,1334,1136,198
102000120,269,584,-315
102000121,1140,686,454
102000122,812,1026,-214
102000123,1320,1257,63
102000124,1542,1234,308
102000125,984,1105,-121
102000126,879,678,201
102000127,1527,771,756
102000128,966,799,167
102000129,1705,788,917
102000130,981,735,246
102000131,2949,775,2174
102000132,1139,1193,-54
102000133,2263,1477,786
102000134,1049,740,309
102000135,1165,1015,150
102000136,1627,652,975
102000137,887,1619,-732
102000138,386,642,-256
102000139,206,959,-753
102000140,364,1198,-834
102000141,526,1968,-1442
102000142,404,359,45
102000143,196,306,-110
102000144,399,299,100
102000145,468,413,55
102000146,475,382,93
102000147,620,478,142
102000148,219,477,-258
102000149,210,299,-89
102000150,603,107,496
102000151,119,202,-83
102000152,241,117,124
102000153,1206,592,614
102000154,260,468,-208
102000155,121,291,-170
102000156,287,168,119
102000157,84,388,-304
102000158,233,347,-114
102000159,762,625,137
102000161,2785,2413,372
102000162,149,157,-8
102000163,133,574,-441
102000164,1034,1374,-340
102000165,316,168,148
102000166,104,207,-103
102000167,287,210,77
102000168,336,155,181
102000169,170,564,-394
102000170,446,235,211
102000171,294,308,-14
102000172,247,645,-398
102000173,458,375,83
102000174,145,76,69
102000175,203,101,102
102000176,90,34,56
102000178,272,371,-99
102000179,492,209,283
102000180,908,458,450
102000181,858,497,361
102000182,662,509,153
102000183,2045,1379,666
102000184,2063,688,1375
102000185,3229,1172,2057
102000186,1507,1330,177
102000187,1324,1184,140
102000188,1745,1475,270
102000189,2015,685,1330
102000190,751,3266,-2515
102000191,1458,486,972
102000192,1299,1555,-256
102000193,74,118,-44
102000194,54,109,-55
102000195,475,401,74
102000196,213,265,-52
102000197,798,270,528
102000198,281,497,-216
102000199,1136,252,884
102000200,344,812,-468
102000201,1373,417,956
102000202,7,66,-59
102000203,411,177,234
102000204,539,467,72
102000205,1368,393,975
102000206,679,422,257
102000207,785,473,312
102000208,426,382,44
102000209,79,49,30
102000210,437,246,191
102000211,601,320,281
102000212,363,9,354
102000213,11,265,-254
102000214,317,12,305
102000215,18,269,-251
102000216,71,56,15
102000217,15,100,-85
102000218,347,173,174
102000219,341,204,137
102000225,490,598,-108
102000226,3159,1549,1610
102000227,157,1,156
102000228,0,89,-89
102000229,55,75,-20
102000230,418,377,41
102000231,276,391,-115
102000232,38,134,-96
102000233,411,635,-224
102000234,141,1170,-1029
102000236,377,108,269
102000237,462,106,356
102000238,192,295,-103
102000240,532,699,-167
102000241,357,145,212
102000243,29,46,-17
102000245,19,106,-87
102000246,24,50,-26
102000247,264,430,-166
102000248,287,693,-406
102000249,176,127,49
102000250,94,251,-157
102000254,161,256,-95
102000266,31,707,-676
102000271,35,0,35
102000286,441,367,74
102000297,2175,1054,1121
102000299,0,0,0
102000301,0,0,0
102000302,0,0,0
102000303,0,0,0
102000304,0,0,0
102000305,0,0,0
102000306,0,0,0
102000307,0,1,-1
102000308,0,1,-1
102900001,1354,748,606
102900002,640,48,592
102900003,71,170,-99
102900005,420,232,188
102900006,684,138,546
102900007,605,25,580
102900008,316,47,269
102900009,584,335,249
102900010,413,1281,-868
102900011,1587,396,1191
102900012,540,117,423
102900013,53,50,3
102900015,910,652,258
102900016,69,89,-20
102900017,230,384,-154
102900018,45,72,-27
102900019,384,448,-64
102900020,198,32,166
102900021,45,95,-50
102900022,525,277,248
102900023,41,41,0
102900024,62,67,-5
102900025,167,90,77
102900026,428,2099,-1671
102900027,96,67,29
102900028,182,873,-691
102900029,209,249,-40
102900030,461,379,82
102900031,257,147,110
102900032,120,118,2
102900033,129,175,-46
102900034,681,105,576
102900035,164,296,-132
102900036,376,360,16
102900037,322,345,-23
102900038,498,355,143
102900039,28,582,-554
102900040,211,289,-78
102900041,95,191,-96
102900042,253,252,1
102900043,199,190,9
102900044,627,1590,-963
102900045,186,490,-304
102900046,192,216,-24
102900047,153,483,-330
102900048,588,415,173
102900049,182,340,-158
102900050,273,339,-66
102900051,177,269,-92
102900052,65,65,0
102900053,382,505,-123
102900054,539,1204,-665
102900055,101,243,-142
102900056,150,324,-174
102900057,5,59,-54
102900058,426,92,334
102900059,24,81,-57
102900060,132,411,-279
102900061,196,311,-115
102900062,353,656,-303
102900063,1337,401,936
102900064,132,444,-312
102900065,1208,437,771
102900066,412,24,388
102900068,165,80,85
102900070,265,661,-396
102900072,14,79,-65
102900073,110,10,100
102900074,308,305,3
102900075,11,63,-52
102900076,111,181,-70
102900077,40,34,6
102900078,24,68,-44
102900079,228,8,220
102900080,472,55,417
102900081,120,342,-222
102900082,12,208,-196
102900083,146,17,129
102900084,14,42,-28
102900085,340,142,198
102900086,38,61,-23
102900087,184,80,104
102900088,48,26,22
102900089,193,110,83
102900090,0,254,-254
102900091,220,2,218
102900092,407,581,-174
102900093,350,235,115
102900094,8,166,-158
102900095,105,1,104
102900096,138,23,115
102900097,1,68,-67
103000001,2480,2103,377
103000002,2118,2327,-209
103000003,3210,3006,204
103000004,895,747,148
103000005,1897,3144,-1247
103000006,859,1416,-557
103000007,426,702,-276
103000008,1073,557,516
103000009,1524,1041,483
103000010,168,88,80
103000011,1568,1237,331
103000012,1711,1489,222
103000013,3160,1840,1320
103000014,1658,2941,-1283
103000015,1501,600,901
103000016,510,1564,-1054
103000017,203,472,-269
103000018,740,327,413
103000019,372,356,16
103000020,1883,1227,656
103000021,1929,1760,169
103000022,689,842,-153
103000023,698,1665,-967
103000024,105,146,-41
103000025,119,743,-624
103000026,802,113,689
103000027,295,663,-368
103000028,373,330,43
103000029,228,313,-85
103000030,1539,1431,108
103000031,1417,2276,-859
103000032,2255,1573,682
103000033,3025,2870,155
103000034,1513,1203,310
103000035,468,1289,-821
103000036,386,552,-166
103000037,531,562,-31
103000038,607,983,-376
103000039,564,300,264
103000040,487,677,-190
103000041,1636,1648,-12
103000042,1377,351,1026
103000043,547,761,-214
103000044,314,158,156
103000046,482,512,-30
103000047,542,494,48
103000048,266,175,91
103000049,152,138,14
103000050,759,412,347
103000051,708,468,240
103000052,758,262,496
103000053,261,680,-419
103000054,2816,1149,1667
103000055,1951,1814,137
103000056,851,1225,-374
103000057,887,240,647
103000058,726,667,59
103000059,572,687,-115
103000060,860,549,311
103000061,535,782,-247
103000062,1357,453,904
103000063,977,922,55
103000064,113,140,-27
103000065,7,286,-279
103000066,288,7,281
103000069,421,247,174
103000070,1046,706,340
103000071,1424,594,830
103000072,178,571,-393
103000073,755,126,629
103000074,912,122,790
103000075,133,500,-367
103000076,420,448,-28
103000077,30,325,-295
103000078,870,806,64
103000079,535,642,-107
103000080,949,426,523
103000081,448,1252,-804
103000082,517,200,317
103000083,149,275,-126
103000084,113,11,102
103000085,5,100,-95
103000086,588,425,163
103000087,148,568,-420
103000088,223,262,-39
103000089,269,517,-248
103000090,2252,814,1438
103000091,695,505,190
103000092,275,228,47
103000093,276,299,-23
103000094,219,108,111
103000095,67,242,-175
103000096,571,69,502
103000097,68,684,-616
103000098,811,183,628
103000099,256,653,-397
103000100,149,575,-426
103000101,1082,91,991
103000102,171,421,-250
103000103,770,145,625
103000104,73,101,-28
103000105,214,85,129
103000106,21,142,-121
103000107,206,67,139
103000108,920,537,383
103000109,425,396,29
103000110,538,538,0
103000111,443,432,11
103000112,355,176,179
103000113,456,591,-135
103000114,1123,451,672
103000115,818,407,411
103000116,688,338,350
103000117,485,479,6
103000118,504,510,-6
103000119,861,377,484
103000120,82,101,-19
103000121,209,588,-379
103000122,409,572,-163
103000125,41,246,-205
103000126,900,4,896
103000127,2,158,-156
103000128,249,6,243
103000129,11,109,-98
103000130,104,42,62
103000131,261,108,153
103000132,87,273,-186
103000133,35,133,-98
103000134,428,1005,-577
103000135,558,322,236
103000136,552,497,55
103000137,441,670,-229
103000138,671,725,-54
103000139,4,59,-55
103000140,130,25,105
103000141,60,134,-74
103000142,153,65,88
103000143,71,161,-90
103000144,209,63,146
103000145,80,247,-167
103000150,134,36,98
103000152,178,243,-65
103000153,211,163,48
103000156,24,293,-269
103000157,562,6,556
103000159,206,43,163
103000162,82,20,62
103000163,22,45,-23
103000164,40,13,27
103000165,111,179,-68
103000166,262,301,-39
103000167,182,94,88
103000168,154,136,18
103000169,262,573,-311
103000170,935,345,590
103000171,38,96,-58
103000172,909,644,265
103000173,750,307,443
103000174,244,269,-25
103000175,390,206,184
103000176,860,599,261
103000177,443,403,40
103000178,245,313,-68
103000179,241,42,199
103000183,197,16,181
103000185,139,43,96
103000186,161,135,26
103000187,944,271,673
103000188,19,90,-71
103000189,732,593,139
103000191,654,644,10
103000292,1023,1931,-908
103000293,1044,3100,-2056
103000295,95,87,8
103000296,363,8,355
103000297,120,212,-92
103000504,81,10,71
103000505,5,40,-35
103000506,2,187,-185
103000507,219,2,217
103000508,61,80,-19
103000509,217,542,-325
103900001,5,149,-144
103900002,906,150,756
103900003,1251,140,1111
103900004,172,0,172
103900005,5,149,-144
103900006,2,1,1
103900007,67,1,66
103900008,13,0,13
103900009,359,489,-130
103900010,146,374,-228
103900011,411,142,269
103900012,36,54,-18
103900013,61,48,13
103900014,104,17,87
103900015,70,15,55
103900016,231,175,56
103900017,31,52,-21
103900018,516,203,313
103900019,92,340,-248
103900020,244,489,-245
103900021,384,76,308
103900022,1099,581,518
103900023,157,1,156
103900024,94,319,-225
103900025,27,48,-21
103900026,25,1,24
103900027,828,261,567
103900028,33,286,-253
103900029,1140,166,974
103900030,311,115,196
103900031,51,1,50
103900032,92,66,26
103900033,75,18,57
103900034,40,83,-43
103900035,113,40,73
103900036,51,27,24
103900037,92,64,28
103900038,134,176,-42
103900039,134,237,-103
103900040,9,120,-111
103900041,75,54,21
103900042,82,206,-124
103900043,198,75,123
103900044,107,269,-162
103900045,410,194,216
103900047,150,17,133
103900048,34,26,8
103900049,160,1084,-924
103900050,13,184,-171
103900051,0,33,-33
103900052,262,308,-46
103900053,254,390,-136
103900054,125,295,-170
103900055,599,212,387
103900056,57,67,-10
103900057,60,106,-46
103900058,362,500,-138
103900059,0,30,-30
103900060,51,169,-118
103900061,223,27,196
103900062,473,138,335
103900063,2,0,2
103900064,133,3,130
103900065,732,338,394
103900066,223,33,190
103900067,210,11,199
103900068,3,1,2
103900069,77,12,65
103900070,193,177,16
103900071,27,66,-39
103900072,19,154,-135
103900073,39,33,6
103900074,67,53,14
103900075,136,35,101
103900076,683,452,231
103900077,61,114,-53
103900078,562,85,477
103900079,151,162,-11
103900080,3,34,-31
103900081,55,27,28
103900082,11,142,-131
103900083,918,1332,-414
103900084,92,159,-67
103900085,58,139,-81
103900086,970,378,592
103900087,25,63,-38
103900088,429,643,-214
103900089,47,99,-52
103900090,2,105,-103
103900091,1071,206,865
103900092,855,422,433
103900093,90,233,-143
103900094,18,89,-71
103900095,233,265,-32
103900096,61,112,-51
103900097,15,371,-356
103900098,335,126,209
103900099,113,89,24
103900100,385,190,195
103900101,87,964,-877
103900102,1,17,-16
103900104,6,33,-27
103900105,69,140,-71
103900106,0,78,-78
103900107,165,208,-43
103900108,69,273,-204
103900109,127,75,52
103900110,273,70,203
103900111,124,415,-291
103900112,51,94,-43
103900113,137,293,-156
103900114,437,261,176
103900115,336,234,102
103900116,3336,3009,327
103900117,101,48,53
103900119,47,72,-25
103900120,44,104,-60
103900122,121,158,-37
103900123,968,659,309
103900124,59,103,-44
103900125,110,53,57
103900126,717,315,402
103900127,188,395,-207
103900128,191,113,78
103900131,29,85,-56
103900133,1046,32,1014
103900134,1,6,-5
103900135,5,6,-1
103900137,1,21,-20
103900138,217,149,68
103900139,179,2349,-2170
103900140,6,239,-233
103900141,332,42,290
103900142,305,78,227
103900143,128,1,127
103900144,0,28,-28
103900145,221,203,18
103900146,349,209,140
103900147,457,172,285
103900148,298,295,3
103900149,405,403,2
103900150,4226,4662,-436
103900151,60,141,-81
103900152,757,311,446
103900153,17,0,17
103900154,617,1857,-1240
103900155,58,187,-129
103900156,71,150,-79
103900157,76,133,-57
103900158,144,121,23
103900159,237,84,153
103900160,90,35,55
103900161,118,135,-17
103900162,91,161,-70
103900163,8,427,-419
103900164,209,25,184
103900167,26,118,-92
103900168,152,96,56
103900169,69,57,12
103900170,3,54,-51
103900171,2,36,-34
103900172,3,14,-11
103900173,10,13,-3
103900174,269,70,199
103900175,69,96,-27
103900176,15,39,-24
103900177,16,80,-64
103900178,79,57,22
103900179,77,86,-9
103900180,4,43,-39
103900181,60,47,13
103900182,47,28,19
103900184,501,102,399
103900185,119,539,-420
103900187,16,80,-64
103900188,50,41,9
103900189,103,15,88
103900190,88,62,26
103900191,32,30,2
103900192,72,69,3
103900193,142,134,8
103900194,84,147,-63
103900195,8,103,-95
103900196,33,41,-8
103900197,36,32,4
103900198,18,36,-18
103900199,184,70,114
103900200,196,87,109
103900201,174,176,-2
103900202,10,43,-33
103900203,34,22,12
103900204,2,67,-65
103900207,0,60,-60
103900208,111,1,110
103900209,7,77,-70
103900210,58,31,27
103900211,614,289,325
103900212,128,264,-136
103900213,74,241,-167
103900214,225,126,99
103900215,232,321,-89
103900216,28,568,-540
103900217,485,55,430
103900218,0,302,-302
103900219,225,182,43
103900233,108,2,106
103900235,24,31,-7
103900236,11,8,3
103900242,11,7,4
103900243,9,7,2
103900244,99,133,-34
103900245,92,149,-57
103900246,38,27,11
103900247,24,92,-68
103900248,10,85,-75
103900249,14,80,-66
103900250,22,33,-11
103900251,3,34,-31
103900253,15,124,-109
103900254,4,24,-20
103900255,5,11,-6
103900256,9,20,-11
103900257,25,99,-74
103900258,18,0,18
103900259,72,4,68
103900261,3,3,0
103900262,7,4,3
103900263,18,42,-24
103900264,59,26,33
103900265,49,9,40
103900266,3,109,-106
103900267,12,45,-33
103900268,0,4,-4
103900269,38,14,24
103900270,16,14,2
104000001,2395,2147,248
104000002,1765,1954,-189
104000003,2311,1889,422
104000004,2633,2376,257
104000005,1760,1651,109
104000006,3103,2545,558
104000007,3857,3982,-125
104000008,174,191,-17
104000009,188,93,95
104000010,170,302,-132
104000011,340,221,119
104000012,118,241,-123
104000013,246,201,45
104000014,224,414,-190
104000015,319,144,175
104000016,567,272,295
104000018,915,167,748
104000019,678,212,466
104000020,147,405,-258
104000021,230,347,-117
104000022,133,245,-112
104000023,870,331,539
104000024,222,263,-41
104000026,52,247,-195
104000027,247,178,69
104000028,441,207,234
104000029,334,249,85
104000030,340,190,150
104000031,1466,299,1167
104000032,235,199,36
104000033,765,468,297
104000034,407,176,231
104000035,1141,338,803
104000036,935,500,435
104000037,282,187,95
104000038,529,247,282
104000039,265,163,102
104000040,212,331,-119
104000041,506,293,213
104000042,239,293,-54
104000043,205,293,-88
104000044,319,448,-129
104000045,934,765,169
104000046,965,1219,-254
104000047,788,992,-204
104000048,1116,1086,30
104000049,593,341,252
104000050,218,743,-525
104000051,162,460,-298
104000052,1666,1498,168
104000053,879,349,530
104000054,671,286,385
104000055,3251,2133,1118
104000056,799,198,601
104000057,146,315,-169
104000058,894,693,201
104000059,503,847,-344
104000060,1233,1077,156
104000061,1185,884,301
104000062,435,93,342
104000064,458,260,198
104000065,231,625,-394
104000069,754,1091,-337
104000070,56,485,-429
104000071,134,332,-198
104000072,704,212,492
104000075,120,222,-102
104000076,447,131,316
104000082,2365,3192,-827
104000083,842,251,591
104000084,133,421,-288
104000085,333,394,-61
104000086,236,345,-109
104000087,362,2116,-1754
104000090,849,1045,-196
104000092,1385,1499,-114
104000094,847,1171,-324
104000095,1899,1218,681
104000096,1583,168,1415
104000097,1886,578,1308
104000098,2700,676,2024
104000100,1984,584,1400
104000101,1121,1240,-119
104000106,51,627,-576
104000107,564,347,217
104000108,300,412,-112
104000109,323,117,206
104000110,864,991,-127
104000111,2779,2796,-17
104000112,1531,510,1021
104000116,2,783,-781
104000117,183,419,-236
104000118,822,166,656
104000119,759,223,536
104000120,262,536,-274
104000121,233,556,-323
104000122,632,676,-44
104000123,685,669,16
104000124,706,1721,-1015
104000125,2736,4774,-2038
104000126,451,405,46
104000127,1205,1779,-574
104000128,618,361,257
104000129,425,33,392
104000130,23,368,-345
104000131,337,304,33
104000132,321,334,-13
104000133,1320,800,520
104000134,1024,1645,-621
104000135,480,1945,-1465
104000136,826,4268,-3442
104000137,1602,496,1106
104000138,914,437,477
104000139,4121,2714,1407
104000141,915,1112,-197
104000142,660,483,177
104000143,603,349,254
104000144,136,209,-73
104000145,381,216,165
104000146,222,473,-251
104000147,162,275,-113
104000148,405,207,198
104000149,142,209,-67
104000150,1215,569,646
104000151,345,358,-13
104000152,667,500,167
104000153,756,584,172
104000154,819,454,365
104000155,606,502,104
104000157,1012,1056,-44
104000158,452,832,-380
104000159,990,698,292
104000160,1837,2058,-221
104000161,192,194,-2
104000162,67,138,-71
104000165,819,931,-112
104000167,845,1155,-310
104000168,608,8,600
104000169,130,42,88
104000170,338,624,-286
104000248,374,429,-55
104000251,75,173,-98
104000272,0,0,0
104000273,0,0,0
104000274,0,0,0
104000275,0,0,0
104000279,795,517,278
104000290,113,240,-127
104000291,450,916,-466
104000293,953,582,371
104000294,49,0,49
104000295,567,692,-125
104000296,472,660,-188
104000297,684,2013,-1329
104000298,1916,777,1139
104000299,816,1306,-490
104900001,187,298,-111
104900002,67,194,-127
104900003,40,299,-259
104900004,73,182,-109
104900005,416,283,133
104900006,436,84,352
104900007,333,209,124
104900009,150,225,-75
104900010,64,43,21
104900011,45,16,29
104900012,244,45,199
104900013,100,12,88
104900014,1928,293,1635
104900015,73,12,61
104900016,277,172,105
104900017,209,137,72
104900018,19,147,-128
104900019,255,3552,-3297
104900020,40,188,-148
104900021,2,149,-147
104900022,10,82,-72
104900023,2,50,-48
104900024,17,66,-49
104900025,58,182,-124
104900026,2,57,-55
104900027,698,291,407
104900028,31,68,-37
104900029,52,58,-6
104900030,590,242,348
104900031,79,191,-112
104900032,47,120,-73
104900033,222,221,1
104900034,445,180,265
104900035,397,200,197
104900036,255,53,202
104900037,176,174,2
104900038,351,968,-617
104900039,598,589,9
104900040,600,79,521
104900041,313,176,137
104900042,210,173,37
104900043,39,231,-192
104900044,763,181,582
104900045,497,44,453
104900046,245,116,129
104900047,426,130,296
104900048,397,87,310
104900049,55,50,5
104900050,346,103,243
104900051,325,51,274
104900052,109,3,106
104900053,452,109,343
104900054,217,22,195
104900055,152,2,150
104900056,207,18,189
104900057,84,1,83
104900058,903,754,149
104900059,209,67,142
104900060,1,405,-404
104900061,191,394,-203
104900063,1,91,-90
104900064,0,63,-63
104900065,0,192,-192
104900066,4,89,-85
104900067,8,283,-275
104900068,20,137,-117
104900070,197,187,10
104900071,2,428,-426
104900072,46,221,-175
104900073,111,152,-41
104900074,69,185,-116
104900075,57,53,4
104900076,111,204,-93
104900077,786,329,457
104900078,223,355,-132
104900079,131,636,-505
104900080,138,451,-313
104900082,14,365,-351
104900085,0,148,-148
104900087,368,9,359
104900089,235,1,234
104900090,1036,746,290
104900091,733,487,246
104900093,183,407,-224
104900097,2152,2418,-266
104900098,156,42,114
104900099,158,592,-434
104900100,350,226,124
104900102,40,142,-102
104900103,417,35,382
104900104,2334,2291,43
104900106,120,105,15
104900107,143,144,-1
104900108,75,193,-118
104900109,152,246,-94
104900110,13,50,-37
104900111,266,111,155
104900112,353,436,-83
104900113,786,349,437
104900114,391,346,45
104900115,862,309,553
104900116,323,174,149
104900118,14,46,-32
104900119,11,55,-44
104900120,17,225,-208
104900121,0,51,-51
104900122,5,53,-48
104900123,115,14,101
104900124,61,0,61
104900125,486,7,479
104900126,62,51,11
104900127,37,42,-5
104900128,143,186,-43
104900129,1289,2254,-965
105000001,2808,1324,1484
105000002,2185,1316,869
105000003,2911,4022,-1111
105000004,806,731,75
105000005,1091,1054,37
105000006,1459,1676,-217
105000007,1239,1800,-561
105000008,1584,3865,-2281
105000009,2792,3113,-321
105000010,2591,1493,1098
105000011,4219,2900,1319
105000012,3891,2389,1502
105000013,1097,1119,-22
105000014,2501,2944,-443
105000015,10581,16950,-6369
105000016,2156,2301,-145
105000017,1467,935,532
105000018,1175,1575,-400
105000019,1109,898,211
105000020,158,451,-293
105000021,298,117,181
105000022,234,143,91
105000023,508,361,147
105000028,70,89,-19
105000029,810,1505,-695
105000030,4148,2234,1914
105000033,1002,1561,-559
105000034,166,1056,-890
105000037,541,213,328
105000038,1942,1797,145
105000039,2006,1576,430
105000040,1186,1239,-53
105000041,759,1336,-577
105000042,4086,2175,1911
105000043,1675,3109,-1434
105000044,862,606,256
105000045,449,601,-152
105000046,1428,323,1105
105000047,688,959,-271
105000048,620,212,408
105000049,253,398,-145
105000050,742,452,290
105000051,109,313,-204
105000052,573,819,-246
105000053,88,126,-38
105000054,366,747,-381
105000055,714,273,441
105000056,1700,1774,-74
105000057,1208,750,458
105000058,1296,1002,294
105000059,898,684,214
105000060,393,546,-153
105000061,823,512,311
105000062,544,553,-9
105000063,338,319,19
105000064,1868,718,1150
105000065,308,462,-154
105000066,1004,1098,-94
105000067,1590,725,865
105000068,334,668,-334
105000069,1507,2059,-552
105000070,485,976,-491
105000071,257,1030,-773
105000072,743,2378,-1635
105000073,1021,647,374
105000074,973,638,335
105000075,495,714,-219
105000076,1055,834,221
105000077,2395,1220,1175
105000078,1135,1267,-132
105000079,1194,3064,-1870
105000080,2084,1747,337
105000081,3033,1216,1817
105000082,1093,1952,-859
105000083,4327,4015,312
105000084,606,697,-91
105000085,1993,2217,-224
105000086,601,820,-219
105000087,1337,1870,-533
105000088,1358,1625,-267
105000089,3041,2038,1003
105000090,1081,738,343
105000091,1296,1417,-121
105000092,638,713,-75
105000093,423,306,117
105000094,345,356,-11
105000095,87,464,-377
105000096,1166,1008,158
105000097,869,674,195
105000098,1054,627,427
105000099,764,635,129
105000100,1625,1031,594
105000101,2013,2121,-108
105000102,2555,1695,860
105000103,1758,2822,-1064
105000104,2720,1086,1634
105000105,1202,1584,-382
105000106,1802,1567,235
105000107,1854,922,932
105000108,2214,1376,838
105000109,2125,1466,659
105000110,974,497,477
105000111,858,538,320
105000112,1303,637,666
105000113,493,729,-236
105000114,2034,1052,982
105000115,326,1150,-824
105000116,1043,523,520
105000117,752,636,116
105000118,741,492,249
105000119,732,751,-19
105000120,1446,646,800
105000121,854,783,71
105000122,446,565,-119
105000123,944,1043,-99
105000124,2107,783,1324
105000125,923,1478,-555
105000126,2389,1267,1122
105000127,2465,1572,893
105000128,630,846,-216
105000129,995,324,671
105000130,353,3005,-2652
105000131,627,303,324
105000132,1070,612,458
105000133,554,871,-317
105000134,1121,547,574
105000135,405,438,-33
105000136,80,68,12
105000137,467,256,211
105000138,90,65,25
105000139,994,721,273
105000140,326,378,-52
105000141,410,441,-31
105000142,269,385,-116
105000143,306,565,-259
105000144,281,628,-347
105000145,762,333,429
105000146,440,743,-303
105000147,765,335,430
105000148,1224,491,733
105000149,2875,2247,628
105000150,1963,1347,616
105000151,680,314,366
105000152,183,456,-273
105000153,596,635,-39
105000154,563,518,45
105000155,387,842,-455
105000156,736,500,236
105000157,783,1415,-632
105000158,2017,594,1423
105000159,378,841,-463
105000160,2076,539,1537
105000161,703,789,-86
105000162,568,1678,-1110
105000163,1118,710,408
105000164,249,214,35
105000165,709,5742,-5033
105000166,4382,1216,3166
105000167,1308,2059,-751
105000168,484,553,-69
105000169,675,220,455
105000170,338,1099,-761
105000171,1067,170,897
105000172,203,34,169
105000173,289,49,240
105000174,118,56,62
105000175,95,112,-17
105000176,608,159,449
105000177,394,214,180
105000178,249,485,-236
105000179,808,154,654
105000180,172,111,61
105000181,239,281,-42
105000182,83,67,16
105000183,1766,1934,-168
105000184,1068,1283,-215
105000185,1631,997,634
105000186,438,768,-330
105000187,975,255,720
105000188,312,196,116
105000189,181,460,-279
105000190,420,447,-27
105000191,450,282,168
105000192,398,80,318
105000193,74,170,-96
105000194,387,98,289
105000195,434,647,-213
105000196,53,232,-179
105000197,331,499,-168
105000198,479,254,225
105000199,213,582,-369
105000200,120,333,-213
105000201,137,16,121
105000203,8,176,-168
105000204,62,92,-30
105000205,100,169,-69
105000207,497,183,314
105000208,257,836,-579
105000209,240,258,-18
105000212,1369,1025,344
105000213,140,209,-69
105000214,200,184,16
105000215,352,165,187
105000216,185,222,-37
105000217,214,268,-54
105000218,1605,931,674
105000221,163,126,37
105000222,463,202,261
105000223,317,162,155
105000226,126,268,-142
105000227,64,175,-111
105000228,251,2145,-1894
105000229,204,516,-312
105000231,338,329,9
105000233,918,657,261
105000234,541,996,-455
105000235,394,529,-135
105000237,782,94,688
105000243,35,89,-54
105000248,61,87,-26
105000262,323,800,-477
105000269,118,170,-52
105000270,554,46,508
105000271,0,159,-159
105000282,52,35,17
105000287,378,112,266
105000288,586,373,213
105000289,2235,2038,197
105000290,44,5,39
105000402,2729,4595,-1866
105000426,457,660,-203
105000438,3392,1494,1898
105000446,9761,5559,4202
105000447,5143,2626,2517
105000454,734,252,482
105000455,256,168,88
105000474,60,2,58
105000477,557,555,2
105000478,2149,5461,-3312
105000479,126,114,12
105000480,8360,6886,1474
105000481,4817,3849,968
105000482,4204,6736,-2532
105000483,1874,2366,-492
105000484,2209,2776,-567
105000485,1739,3578,-1839
105000486,2884,2293,591
105000488,7875,4480,3395
105000489,1098,776,322
105000549,94,129,-35
105000550,426,1350,-924
105000551,30,83,-53
105000552,2001,1341,660
105900001,20,2207,-2187
105900002,989,843,146
105900003,18,135,-117
105900004,281,145,136
105900005,7,181,-174
105900006,38,115,-77
105900007,168,32,136
105900008,65,422,-357
105900009,36,17,19
105900011,294,64,230
105900012,708,144,564
105900013,2,37,-35
105900014,11,81,-70
105900015,202,477,-275
105900016,530,540,-10
105900017,1593,51,1542
105900018,195,145,50
105900019,86,478,-392
105900020,40,71,-31
105900021,44,730,-686
105900022,291,189,102
105900023,2,153,-151
105900024,24,386,-362
105900025,321,30,291
105900026,281,27,254
105900027,12251,8093,4158
105900028,479,606,-127
105900029,1462,398,1064
105900030,222,243,-21
105900031,360,171,189
105900032,84,98,-14
105900033,89,125,-36
105900034,331,214,117
105900035,260,168,92
105900036,116,120,-4
105900037,76,60,16
105900038,155,221,-66
105900039,182,76,106
105900040,62,118,-56
105900041,184,236,-52
105900042,109,139,-30
105900043,1366,65,1301
105900044,11,280,-269
105900045,5,946,-941
105900046,5,229,-224
105900047,37,60,-23
105900048,91,458,-367
105900050,5856,5517,339
105900051,55,1118,-1063
105900052,668,261,407
105900053,2672,3495,-823
105900054,369,232,137
105900056,804,468,336
105900057,25,166,-141
105900058,25,27,-2
105900059,1,58,-57
106000001,3918,2655,1263
106000002,1710,5226,-3516
106000003,3230,3525,-295
106000004,1307,2562,-1255
106000005,3807,4802,-995
106000006,5056,2866,2190
106000007,559,536,23
106000008,491,284,207
106000009,626,357,269
106000010,716,517,199
106000011,1327,1080,247
106000012,960,1094,-134
106000013,1923,1747,176
106000014,1791,1382,409
106000015,2151,1113,1038
106000016,1210,1520,-310
106000017,535,639,-104
106000018,539,370,169
106000019,397,408,-11
106000020,470,251,219
106000021,384,370,14
106000022,374,171,203
106000023,647,314,333
106000024,751,364,387
106000025,144,195,-51
106000026,77,172,-95
106000027,1733,1272,461
106000028,669,348,321
106000029,707,818,-111
106000030,465,551,-86
106000034,209,504,-295
106000035,981,1897,-916
106000036,201,423,-222
106000037,1682,1119,563
106000038,277,134,143
106000039,131,123,8
106000040,100,901,-801
106000041,686,650,36
106000043,544,234,310
106000046,387,80,307
106000047,27,435,-408
106000049,1138,178,960
106000050,284,496,-212
106000051,749,510,239
106000052,89,482,-393
106000053,488,132,356
106000054,329,360,-31
106000055,1186,843,343
106000056,276,249,27
106000057,462,278,184
106000058,107,133,-26
106000059,434,267,167
106000060,285,405,-120
106000061,266,570,-304
106000062,199,500,-301
106000063,749,540,209
106000064,28,335,-307
106000065,394,295,99
106000066,106,242,-136
106000067,396,122,274
106000068,93,484,-391
106000069,333,58,275
106000070,514,603,-89
106000071,1223,309,914
106000072,2380,1402,978
106000073,1297,3117,-1820
106000074,606,632,-26
106000075,267,1219,-952
106000076,1536,1875,-339
106000077,3241,1283,1958
106000078,1236,706,530
106000079,723,824,-101
106000080,1352,565,787
106000081,722,985,-263
106000082,2222,737,1485
106000083,423,1240,-817
106000084,1250,642,608
106000085,1407,1382,25
106000086,634,768,-134
106000087,989,430,559
106000088,456,657,-201
106000089,1267,297,970
106000090,282,484,-202
106000091,324,459,-135
106000092,685,250,435
106000093,326,91,235
106000094,106,245,-139
106000095,959,546,413
106000096,926,648,278
106000097,1197,643,554
106000098,823,824,-1
106000099,253,1050,-797
106000100,1758,261,1497
106000101,1655,574,1081
106000102,309,1128,-819
106000103,308,531,-223
106000104,898,389,509
106000105,475,503,-28
106000106,710,373,337
106000107,184,209,-25
106000108,269,192,77
106000109,238,163,75
106000110,287,222,65
106000111,194,247,-53
106000112,228,510,-282
106000113,669,431,238
106000114,383,563,-180
106000115,216,357,-141
106000116,235,164,71
106000117,1085,575,510
106000118,1169,1302,-133
106000119,1116,794,322
106000120,1035,1374,-339
106000121,194,130,64
106000122,118,148,-30
106000123,561,100,461
106000124,79,156,-77
106000125,24,179,-155
106000126,381,62,319
106000127,1029,580,449
106000128,960,169,791
106000129,478,370,108
106000130,832,271,561
106000131,129,580,-451
106000132,463,137,326
106000133,1761,1051,710
106000134,486,2213,-1727
106000135,178,410,-232
106000136,706,1070,-364
106000137,82,592,-510
106000138,1046,110,936
106000139,85,89,-4
106000140,45,34,11
106000141,109,45,64
106000142,71,76,-5
106000143,65,52,13
106000144,33,74,-41
106000145,292,221,71
106000146,458,111,347
106000147,319,394,-75
106000148,502,771,-269
106000149,686,272,414
106000150,528,1778,-1250
106000151,3096,755,2341
106000152,1322,1910,-588
106000153,91,1823,-1732
106000154,1216,195,1021
106000155,133,243,-110
106000156,1236,261,975
106000157,701,1373,-672
106000158,1913,890,1023
106000159,2320,1931,389
106000160,561,2945,-2384
106000161,1411,283,1128
106000162,357,1085,-728
106000163,409,240,169
106000164,533,298,235
106000165,279,353,-74
106000166,965,258,707
106000167,398,698,-300
106000168,625,236,389
106000169,314,460,-146
106000170,980,214,766
106000171,243,991,-748
106000172,2785,1195,1590
106000173,1167,2215,-1048
106000174,1316,322,994
106000175,300,632,-332
106000176,2034,795,1239
106000177,784,1898,-1114
106000178,3408,1322,2086
106000179,968,1692,-724
106000180,760,919,-159
106000181,1113,1627,-514
106000182,1571,596,975
106000183,1628,470,1158
106000184,2008,562,1446
106000185,1310,1198,112
106000186,768,146,622
106000187,238,1109,-871
106000188,1,3,-2
106000189,51,75,-24
106000190,34,2,32
106000191,590,176,414
106000192,3,24,-21
106000193,419,202,217
106000194,156,414,-258
106000195,926,331,595
106000196,291,767,-476
106000197,552,301,251
106000198,170,229,-59
106000199,610,829,-219
106000200,181,255,-74
106000201,423,3334,-2911
106000202,2625,562,2063
106000203,32,139,-107
106000204,100,11,89
106000205,18,93,-75
106000206,93,13,80
106000207,49,537,-488
106000208,1596,160,1436
106000209,1840,359,1481
106000210,395,738,-343
106000211,316,953,-637
106000212,1046,388,658
106000213,642,2152,-1510
106000214,2424,920,1504
106000215,271,474,-203
106000216,359,266,93
106000217,258,304,-46
106000218,349,355,-6
106000219,215,204,11
106000220,442,266,176
106000221,218,194,24
106000222,71,61,10
106000223,291,89,202
106000224,247,156,91
106000225,112,125,-13
106000226,110,188,-78
106000228,79,101,-22
106000229,86,487,-401
106000231,987,111,876
106000232,87,284,-197
106000233,562,71,491
106000234,47,174,-127
106000235,351,109,242
106000236,93,87,6
106000237,1,7,-6
106000238,10,17,-7
106000239,5,74,-69
106000240,80,2,78
106000241,13,440,-427
106000242,244,25,219
106000249,101,58,43
106000250,90,612,-522
106000251,96,17,79
106000252,18,53,-35
106000253,68,66,2
106000254,55,41,14
106000255,31,96,-65
106000256,51,41,10
106000257,159,212,-53
106000258,223,24,199
106000259,0,47,-47
106000260,56,4,52
106000261,3,33,-30
106000262,115,16,99
106000263,7,62,-55
106000264,277,12,265
106000265,11,108,-97
106000266,112,29,83
106000267,1,75,-74
106000268,412,56,356
106000269,48,37,11
106000270,136,422,-286
106000271,92,186,-94
106000272,192,55,137
106000273,11,248,-237
106000274,139,47,92
106000275,165,273,-108
106000276,199,38,161
106000277,124,261,-137
106000278,221,18,203
106000279,18,19,-1
106000280,98,37,61
106000281,86,36,50
106000282,57,63,-6
106000283,115,40,75
106000284,94,76,18
106000285,153,58,95
106000286,117,114,3
106000287,128,50,78
106000288,100,149,-49
106000289,124,47,77
106000290,60,74,-14
106000291,120,89,31
106000292,64,67,-3
106000293,153,73,80
106000294,149,102,47
106000295,66,53,13
106000296,46,78,-32
106000297,56,234,-178
106000298,137,70,67
106000299,73,123,-50
106000300,57,72,-15
106000301,82,87,-5
106000303,30,79,-49
106000304,14,28,-14
106000305,48,40,8
106000306,24,38,-14
106000307,55,21,34
106000308,34,102,-68
106000309,19,64,-45
106000310,311,440,-129
106000311,363,152,211
106000312,133,167,-34
106000313,155,136,19
106000318,75,484,-409
106000319,1046,261,785
106000320,3,68,-65
106000321,259,155,104
106000322,172,117,55
106000324,22,86,-64
106000325,1828,913,915
106000326,1005,1398,-393
106000327,224,70,154
106000328,27,181,-154
106000329,87,216,-129
106000330,36,87,-51
106000428,68,124,-56
106000429,134,325,-191
106000430,359,1015,-656
106000431,2351,356,1995
106000432,1443,2142,-699
106000433,2594,1144,1450
106000434,3262,1801,1461
106000435,1183,2116,-933
106000436,2,145,-143
106000437,335,62,273
106000438,338,253,85
106000439,70,421,-351
106000440,356,605,-249
106000441,1,1,0
106000442,148,10,138
106000443,156,196,-40
106000450,0,95,-95
106000451,16,75,-59
106000454,3,80,-77
106000455,6,120,-114
106000456,116,27,89
106000457,16,578,-562
106000458,938,92,846
106000459,146,202,-56
106000460,1754,18,1736
106000461,93,671,-578
106000462,2,24,-22
106000463,4,13,-9
106000464,0,261,-261
106000465,911,7,904
106000466,0,371,-371
106000467,214,331,-117
106000468,87,117,-30
106000469,122,0,122
106000470,357,1877,-1520
106000471,23,369,-346
106000472,149,13,136
106000473,63,10,53
106000474,270,365,-95
106000475,280,231,49
106000476,115,250,-135
106000477,13,20,-7
106900001,0,10,-10
106900002,1,253,-252
106900003,166,1979,-1813
106900004,0,26,-26
106900006,0,7,-7
106900007,0,18,-18
106900008,423,147,276
106900009,390,262,128
106900010,239,230,9
106900012,1209,2850,-1641
106900013,825,194,631
106900014,25,7,18
106900015,17,1,16
106900016,428,19,409
106900017,16,0,16
106900018,6,0,6
106900019,78,1,77
106900020,3514,1706,1808
106900021,181,86,95
106900022,976,4,972
106900023,66,147,-81
106900024,950,61,889
106900025,47,911,-864
106900026,3,328,-325
106900027,886,4,882
107000001,4065,5188,-1123
107000002,2596,4342,-1746
107000003,7182,7025,157
107000004,4327,3568,759
107000005,5917,5784,133
107000006,3569,2995,574
107000007,6581,10922,-4341
107000008,9035,6224,2811
107000009,9494,8633,861
107000010,8223,7098,1125
107000011,969,1144,-175
107000012,3554,2318,1236
107000013,65,99,-34
107000014,48,144,-96
107000015,478,533,-55
107000016,942,559,383
107000017,3921,4349,-428
107000018,34,3190,-3156
107000020,2812,3794,-982
107000021,1548,456,1092
107000022,1307,2385,-1078
107000023,1960,229,1731
107000024,851,1379,-528
107000025,249,364,-115
107000026,412,445,-33
107000027,1519,1007,512
107000028,1575,961,614
107000029,3884,3039,845
107000030,2852,2379,473
107000031,4999,2715,2284
107000032,536,865,-329
107000033,2640,4620,-1980
107000034,5219,1434,3785
107000035,351,239,112
107000036,698,1200,-502
107000037,116,714,-598
107000038,262,268,-6
107000039,692,833,-141
107000040,226,312,-86
107000041,1505,769,736
107000042,773,2315,-1542
107000043,2441,1157,1284
107000044,561,468,93
107000045,105,297,-192
107000046,814,436,378
107000047,455,843,-388
107000048,677,322,355
107000049,654,814,-160
107000050,1146,531,615
107000051,311,294,17
107000052,1149,1142,7
107000053,405,247,158
107000054,56,256,-200
107000055,190,127,63
107000056,429,795,-366
107000057,1419,230,1189
107000058,2476,2601,-125
107000059,1881,2931,-1050
107000060,5354,5328,26
107000061,5156,3063,2093
107000062,5600,2955,2645
107000063,4501,3891,610
107000064,5418,2641,2777
107000065,3675,3632,43
107000066,2174,3421,-1247
107000067,1481,1359,122
107000068,1475,904,571
107000069,949,560,389
107000070,1317,29,1288
107000071,3878,48,3830
107000072,41,2120,-2079
107000073,1078,484,594
107000074,141,776,-635
107000075,1974,554,1420
107000076,758,1170,-412
107000077,4431,1340,3091
107000078,2501,2629,-128
107000079,3431,1294,2137
107000080,1135,2484,-1349
107000081,2291,581,1710
107000082,552,1376,-824
107000083,1702,518,1184
107000084,331,1284,-953
107000085,3173,3147,26
107000086,3249,3140,109
107000087,3348,2015,1333
107000088,3091,3477,-386
107000089,1585,1733,-148
107000090,1220,975,245
107000091,1668,850,818
107000092,908,829,79
107000093,1302,860,442
107000094,1105,936,169
107000095,1058,637,421
107000096,672,703,-31
107000097,526,232,294
107000098,222,277,-55
107000099,493,299,194
107000100,261,235,26
107000101,96,168,-72
107000102,204,339,-135
107000103,263,155,108
107000104,165,227,-62
107000105,447,150,297
107000106,182,219,-37
107000107,786,166,620
107000108,109,396,-287
107000109,881,156,725
107000110,58,382,-324
107000111,413,63,350
107000112,47,187,-140
107000113,753,151,602
107000114,109,367,-258
107000115,765,182,583
107000116,119,596,-477
107000117,158,642,-484
107000118,118,126,-8
107000119,1420,1716,-296
107000120,823,611,212
107000121,1049,625,424
107000122,1209,808,401
107000123,508,487,21
107000124,711,729,-18
107000125,1179,519,660
107000126,1051,497,554
107000127,25,294,-269
107000129,301,162,139
107000130,381,275,106
107000131,575,344,231
107000132,720,422,298
107000133,707,157,550
107000134,345,2,343
107000135,2,412,-410
107000136,961,10,951
107000137,9,570,-561
107000138,360,35,325
107000139,30,580,-550
107000140,1554,184,1370
107000141,188,726,-538
107000142,498,128,370
107000143,75,593,-518
107000144,481,558,-77
107000145,178,436,-258
107000146,227,422,-195
107000147,3582,779,2803
107000150,690,3879,-3189
107000151,64,108,-44
107000152,416,1693,-1277
107000153,166,429,-263
107000154,201,258,-57
107000155,1288,47,1241
107000156,1443,40,1403
107000157,107,1099,-992
107000158,754,33,721
107000159,45,608,-563
107000160,1393,196,1197
107000161,86,935,-849
107000162,346,650,-304
107000163,286,6,280
107000164,962,5,957
107000165,1456,13,1443
107000166,29,793,-764
107000167,694,194,500
107000168,1153,632,521
107000169,661,704,-43
107000170,3059,958,2101
107000171,795,1371,-576
107000172,1304,1671,-367
107000173,628,793,-165
107000174,1313,6273,-4960
107000175,5895,1390,4505
107000176,0,1,-1
107000177,5,1,4
107000178,56,39,17
107000179,302,1585,-1283
107000180,1677,277,1400
107000181,425,802,-377
107000182,2369,823,1546
107000183,175,618,-443
107000184,1209,585,624
107000185,587,1251,-664
107000186,1594,424,1170
107000187,1473,1229,244
107000188,913,592,321
107000189,700,1030,-330
107000190,773,633,140
107000191,793,761,32
107000192,1936,679,1257
107000193,449,542,-93
107000194,807,627,180
107000197,1020,336,684
107000198,303,610,-307
107000199,873,666,207
107000200,634,733,-99
107000201,578,315,263
107000202,309,477,-168
107000203,1077,1086,-9
107000204,1307,1173,134
107000205,2027,1147,880
107000206,1025,1662,-637
107000207,688,1169,-481
107000208,1062,610,452
107000209,1957,1646,311
107000210,657,319,338
107000211,8,72,-64
107000212,30,384,-354
107000213,5,31,-26
107000214,29,151,-122
107000215,542,299,243
107000216,603,395,208
107000217,164,140,24
107000219,119,178,-59
107000220,184,139,45
107000222,285,578,-293
107000224,801,96,705
107000225,221,316,-95
107000226,762,114,648
107000227,113,197,-84
107000228,191,347,-156
107000229,94,111,-17
107000230,930,529,401
107000231,1323,2062,-739
107000232,155,25,130
107000233,1040,1032,8
107000234,2,98,-96
107000235,112,33,79
107000236,15,607,-592
107000237,38,0,38
107000238,22,3,19
107000239,3138,533,2605
107000240,77,668,-591
107000241,118,13,105
107000242,385,33,352
107000243,0,44,-44
107000244,10,56,-46
107000246,2,1029,-1027
107000249,8,1131,-1123
107000251,8,291,-283
107000252,0,663,-663
107000255,284,186,98
107000257,1,246,-245
107000258,1,89,-88
107000259,3,154,-151
107000260,730,9,721
107000262,3,333,-330
107000263,379,7,372
107000266,9,15,-6
107000267,58,118,-60
107000268,132,133,-1
107000269,914,105,809
107000270,20,36,-16
107000271,38,358,-320
107000272,47,89,-42
107000273,19,249,-230
107000274,2843,828,2015
107000275,53,2728,-2675
107000280,1031,49,982
107000281,47,560,-513
107000282,113,611,-498
107000290,17,24,-7
107000291,37,8,29
107000292,0,212,-212
107000293,62,3,59
107000294,0,57,-57
107000295,25,5,20
107000296,0,23,-23
107000444,328,13,315
107000496,3,12,-9
107000497,1438,1568,-130
107000500,334,263,71
107000501,161,158,3
107000502,194,251,-57
107000505,307,732,-425
107000506,0,58,-58
107000508,6,419,-413
107000509,257,851,-594
107000510,23,42,-19
107000514,106,378,-272
107000515,16,112,-96
107000516,479,353,126
107000518,1257,1817,-560
107000519,1235,742,493
107000520,61,40,21
107900001,87,99,-12
107900002,88,12,76
107900003,643,32,611
107900004,149,1,148
107900005,1596,6,1590
107900006,332,6,326
107900007,519,40,479
107900008,72,8,64
107900009,252,5,247
107900010,38,3,35
107900012,334,65,269
107900013,203,42,161
107900014,59,10,49
107900015,1200,14,1186
107900016,478,107,371
107900017,44,4,40
107900018,93,207,-114
107900019,26,19,7
107900020,148,25,123
107900021,106,106,0
107900023,16,4,12
107900024,0,33,-33
107900025,233,271,-38
107900026,99,35,64
107900027,25,60,-35
107900028,169,62,107
107900030,199,46,153
107900031,78,75,3
107900032,56,7,49
107900033,27,3,24
107900034,423,19,404
107900035,1122,63,1059
107900036,102,52,50
107900037,0,21,-21
107900038,115,279,-164
107900039,52,32,20
107900040,50,237,-187
107900041,4,2,2
107900043,71,71,0
107900044,10,8,2
107900045,122,50,72
107900046,185,193,-8
107900047,69,48,21
107900048,167,7,160
107900049,328,1776,-1448
107900050,86,295,-209
107900051,137,61,76
107900052,74,52,22
107900053,83,76,7
107900055,969,303,666
107900056,143,69,74
107900057,2,0,2
107900058,33,463,-430
107900060,31,89,-58
107900061,13,8,5
107900063,114,124,-10
107900064,283,214,69
107900065,315,25,290
107900066,34,5,29
107900067,1,0,1
107900068,119,562,-443
107900069,24,2625,-2601
107900070,144,91,53
107900071,39,530,-491
107900072,149,90,59
107900073,141,83,58
107900074,539,340,199
107900076,139,49,90
107900077,81,1,80
107900078,242,64,178
107900079,25,25,0
107900080,258,571,-313
107900081,96,100,-4
107900082,22,18,4
107900083,343,216,127
107900084,126,166,-40
107900086,28,182,-154
107900087,542,157,385
107900088,74,8,66
107900089,312,1033,-721
107900090,1211,3198,-1987
107900091,163,271,-108
107900092,1668,454,1214
107900093,69,71,-2
107900095,2746,2212,534
107900097,38,78,-40
107900098,80,240,-160
107900100,926,1628,-702
107900101,815,165,650
107900102,59,8,51
107900103,46,148,-102
107900104,225,5,220
107900105,2,212,-210
107900106,3,713,-710
107900107,1672,523,1149
107900108,182,108,74
107900109,1868,29,1839
107900110,74,51,23
107900111,7,548,-541
107900112,87,381,-294
107900113,313,71,242
107900114,244,117,127
107900115,1,21,-20
107900116,212,105,107
107900117,311,239,72
107900118,68,138,-70
107900119,89,281,-192
107900120,32,26,6
107900121,2,165,-163
107900122,2,104,-102
107900123,5,71,-66
107900124,19,36,-17
107900125,54,254,-200
107900126,21,65,-44
107900127,600,301,299
107900128,69,96,-27
107900129,81,26,55
107900130,117,15,102
107900131,522,412,110
107900132,80,277,-197
107900133,0,75,-75
107900134,31,81,-50
107900135,6,126,-120
107900136,27,47,-20
107900137,86,103,-17
107900138,80,23,57
107900139,87,54,33
107900140,85,47,38
107900141,35,42,-7
107900142,57,655,-598
107900143,54,18,36
107900144,0,155,-155
107900145,19,83,-64
107900146,59,145,-86
107900147,52,26,26
107900148,172,103,69
107900149,781,216,565
107900150,68,475,-407
107900151,44,147,-103
107900152,9,163,-154
107900153,148,323,-175
107900154,65,13,52
107900155,111,53,58
107900156,24,219,-195
107900157,48,39,9
107900158,978,27,951
107900159,21,550,-529
107900160,153,146,7
107900161,48,142,-94
107900162,2,121,-119
107900163,67,96,-29
107900164,21,53,-32
107900165,34,102,-68
107900166,24,114,-90
107900167,42,56,-14
107900168,65,44,21
107900169,0,128,-128
107900171,3,807,-804
107900172,1,279,-278
107900173,45,108,-63
107900174,177,5,172
107900175,42,34,8
107900176,38,28,10
107900177,2,267,-265
107900178,0,95,-95
107900179,20,118,-98
107900180,505,950,-445
107900181,335,203,132
107900182,4,746,-742
107900183,77,144,-67
107900184,86,240,-154
107900185,140,9,131
107900186,59,51,8
107900187,2,113,-111
107900188,506,156,350
107900189,35,105,-70
107900190,65,150,-85
107900191,125,69,56
107900193,0,32,-32
107900194,339,35,304
107900195,1641,334,1307
107900196,82,99,-17
107900197,626,454,172
107900199,1,649,-648
107900201,74,60,14
107900203,45,59,-14
107900204,201,278,-77
107900205,256,355,-99
107900206,894,252,642
107900207,1,485,-484
107900208,4,387,-383
107900209,335,139,196
107900210,66,96,-30
107900213,802,567,235
107900214,18,136,-118
107900215,170,370,-200
107900216,162,97,65
107900217,63,116,-53
107900218,14,2100,-2086
107900219,29,90,-61
107900220,218,275,-57
107900221,201,179,22
107900223,139,374,-235
107900224,123,436,-313
107900225,14,604,-590
107900226,83,97,-14
107900227,99,294,-195
107900228,41,72,-31
107900229,0,200,-200
107900230,19,79,-60
107900231,20,205,-185
107900232,122,97,25
107900233,5,120,-115
107900234,114,54,60
107900235,36,169,-133
107900236,134,50,84
107900237,58,311,-253
107900238,29,77,-48
107900239,625,668,-43
107900240,35,75,-40
107900241,20,62,-42
107900242,52,182,-130
107900243,6,38,-32
107900244,368,7,361
107900245,973,39,934
107900246,312,18,294
107900248,252,274,-22
107900249,1052,68,984
107900250,1,345,-344
107900251,59,992,-933
107900252,1112,34,1078
107900253,246,11,235
107900254,106,363,-257
107900255,234,72,162
107900256,1648,2317,-669
107900257,308,144,164
107900258,109,217,-108
107900259,97,2711,-2614
107900261,1,224,-223
107900262,38,109,-71
107900264,462,10,452
107900265,199,133,66
107900267,288,22,266
107900268,31,13,18
107900269,0,15,-15
107900270,2,1,1
107900271,5,27,-22
107900272,93,50,43
107900273,53,89,-36
107900274,129,0,129
107900275,31,0,31
107900276,0,86,-86
107900277,2,141,-139
107900278,311,319,-8
107900279,66,185,-119
107900280,1999,2019,-20
107900281,835,3402,-2567
107900282,34,518,-484
107900283,941,776,165
107900284,689,359,330
107900285,177,69,108
107900286,120,87,33
107900287,387,183,204
107900290,0,175,-175
107900291,556,15,541
107900292,91,121,-30
107900293,83,279,-196
107900295,46,34,12
107900297,1,267,-266
107900298,654,572,82
107900299,2024,2653,-629
107900300,101,308,-207
107900301,774,855,-81
107900302,169,28,141
107900303,235,256,-21
107900304,442,423,19
107900305,423,8,415
107900306,17,23,-6
107900307,55,200,-145
107900308,194,167,27
107900309,84,3,81
107900310,778,4,774
107900311,12,821,-809
107900312,86,4,82
107900313,6,189,-183
107900314,1,46,-45
107900315,5,69,-64
107900316,117,6,111
107900317,114,30,84
107900318,14,135,-121
107900319,2,140,-138
107900320,0,109,-109
107900321,188,11,177
107900322,1,97,-96
107900323,8,124,-116
107900324,150,4,146
107900325,152,1,151
107900326,357,157,200
107900327,3,79,-76
107900328,87,2,85
107900329,127,150,-23
107900330,15,287,-272
107900331,303,28,275
107900332,326,19,307
107900333,55,29,26
107900334,16,99,-83
107900335,114,42,72
107900336,51,66,-15
107900337,736,1060,-324
107900338,2,163,-161
107900339,0,25,-25
107900340,1,52,-51
107900341,74,1,73
107900342,83,109,-26
107900343,56,3,53
107900344,5,73,-68
107900345,124,31,93
107900346,30,3,27
107900347,23,7,16
107900348,10,1,9
107900349,25,15,10
107900350,20,217,-197
108000001,3367,3681,-314
108000002,1722,1971,-249
108000003,3769,3602,167
108000004,10607,12108,-1501
108000005,8985,6854,2131
108000006,6988,6308,680
108000007,5745,4146,1599
108000008,3924,4931,-1007
108000009,4196,4731,-535
108000010,2470,3482,-1012
108000011,12844,12925,-81
108000012,13246,12733,513
108000014,825,1046,-221
108000015,784,268,516
108000016,310,666,-356
108000017,1172,438,734
108000018,2136,731,1405
108000019,2304,1190,1114
108000020,1358,505,853
108000021,412,1720,-1308
108000022,496,1218,-722
108000023,1510,250,1260
108000024,306,358,-52
108000025,362,322,40
108000026,680,310,370
108000027,808,374,434
108000028,696,210,486
108000029,601,395,206
108000030,694,218,476
108000031,290,637,-347
108000032,1956,675,1281
108000033,754,757,-3
108000034,1904,536,1368
108000035,732,1597,-865
108000036,369,792,-423
108000037,1976,437,1539
108000038,2970,596,2374
108000039,541,1552,-1011
108000040,2346,1025,1321
108000041,725,1799,-1074
108000042,393,190,203
108000043,239,285,-46
108000044,746,163,583
108000045,381,446,-65
108000046,1691,350,1341
108000047,504,801,-297
108000048,217,267,-50
108000049,1078,268,810
108000050,71,321,-250
108000051,359,167,192
108000052,249,481,-232
108000053,435,247,188
108000054,535,1108,-573
108000055,1300,641,659
108000056,824,1029,-205
108000057,836,1250,-414
108000058,2268,3768,-1500
108000059,2656,1725,931
108000060,220,452,-232
108000061,153,220,-67
108000062,1154,649,505
108000063,686,404,282
108000064,274,275,-1
108000065,604,393,211
108000066,1582,739,843
108000067,2008,734,1274
108000068,861,359,502
108000069,265,731,-466
108000070,2246,758,1488
108000071,620,1236,-616
108000072,1918,1089,829
108000073,1402,1310,92
108000074,681,408,273
108000075,367,593,-226
108000076,1005,513,492
108000077,541,496,45
108000078,2839,1187,1652
108000079,863,1071,-208
108000080,1527,449,1078
108000081,561,1162,-601
108000082,818,1433,-615
108000083,2285,984,1301
108000084,370,815,-445
108000085,911,433,478
108000086,690,540,150
108000087,182,2395,-2213
108000088,258,8,250
108000089,455,311,144
108000090,481,144,337
108000091,202,370,-168
108000092,176,76,100
108000093,249,375,-126
108000094,652,95,557
108000095,191,282,-91
108000096,379,185,194
108000097,160,309,-149
108000098,2180,1328,852
108000099,273,74,199
108000100,95,215,-120
108000101,1473,1434,39
108000102,1689,3390,-1701
108000106,1114,2,1112
108000107,4,1119,-1115
108000108,914,73,841
108000109,15,876,-861
108000110,224,286,-62
108000111,197,434,-237
108000112,62,118,-56
108000113,423,219,204
108000115,383,222,161
108000117,736,347,389
108000118,68,255,-187
108000119,542,331,211
108000120,179,705,-526
108000121,238,328,-90
108000122,589,279,310
108000123,917,203,714
108000124,323,461,-138
108000125,506,180,326
108000126,190,283,-93
108000127,571,221,350
108000128,692,361,331
108000129,428,663,-235
108000130,669,194,475
108000131,1092,452,640
108000132,1866,982,884
108000133,1211,429,782
108000134,509,403,106
108000135,1229,486,743
108000136,353,686,-333
108000137,533,260,273
108000138,499,690,-191
108000139,558,241,317
108000140,141,27,114
108000141,36,48,-12
108000142,47,40,7
108000143,28,24,4
108000144,57,16,41
108000145,70,10,60
108000146,76,20,56
108000147,58,40,18
108000148,120,40,80
108000149,19,23,-4
108000150,49,13,36
108000151,29,23,6
108000152,136,317,-181
108000153,702,120,582
108000154,46,3,43
108000155,30,23,7
108000156,295,85,210
108000157,213,1264,-1051
108000158,65,821,-756
108000159,372,218,154
108000160,1940,1260,680
108000161,2182,3186,-1004
108000165,4,245,-241
108000172,3,261,-258
108000173,1345,2045,-700
108000175,291,137,154
108000178,443,270,173
108000179,179,974,-795
108000181,64,17,47
108000182,92,23,69
108000183,47,16,31
108000184,781,2602,-1821
108000185,405,327,78
108000186,176,39,137
108000187,117,387,-270
108000188,761,181,580
108000189,520,1506,-986
108000190,55,97,-42
108000192,212,401,-189
108000193,827,43,784
108000194,29,13,16
108000195,0,733,-733
108000196,190,198,-8
108000198,475,208,267
108000199,0,217,-217
108000200,557,328,229
108000202,4,412,-408
108000203,157,413,-256
108000204,127,55,72
108000205,154,357,-203
108000339,1171,316,855
108000364,90,278,-188
108000365,94,234,-140
108000367,138,263,-125
108000368,11,55,-44
108000369,575,246,329
108000371,4,607,-603
108000372,668,4,664
108000373,257,133,124
108000376,109,47,62
108000377,566,190,376
108000378,9599,11078,-1479
108000379,33,252,-219
108000381,57,7,50
108000382,90,0,90
108000383,0,166,-166
108900001,96,673,-577
108900002,229,67,162
108900003,318,518,-200
108900004,328,625,-297
108900005,84,442,-358
108900006,811,202,609
108900007,413,278,135
108900008,233,172,61
108900009,110,109,1
108900010,293,163,130
108900011,809,360,449
108900012,513,487,26
108900013,220,226,-6
108900014,15,113,-98
108900015,1,155,-154
108900016,1,223,-222
108900017,307,473,-166
108900018,195,378,-183
108900019,70,613,-543
108900020,81,158,-77
108900021,176,225,-49
108900022,231,28,203
108900023,33,61,-28
108900024,40,78,-38
108900025,157,96,61
108900026,20,120,-100
108900027,0,51,-51
108900028,107,208,-101
108900029,51,188,-137
108900030,0,43,-43
108900031,180,243,-63
108900032,18,162,-144
108900033,2,117,-115
108900034,2,131,-129
108900035,315,855,-540
108900036,200,231,-31
108900037,102,260,-158
108900038,0,223,-223
108900039,1,267,-266
108900040,10,88,-78
108900041,4437,3794,643
108900042,8,399,-391
108900043,100,448,-348
108900044,1,339,-338
108900045,86,382,-296
108900046,32,432,-400
108900047,0,33,-33
108900048,99,608,-509
108900049,1913,1777,136
108900050,5,157,-152
108900051,1,103,-102
108900052,39,147,-108
108900053,85,202,-117
108900054,122,209,-87
108900055,53,401,-348
108900056,0,104,-104
108900057,3,130,-127
108900058,50,247,-197
108900059,666,48,618
108900060,143,132,11
108900061,107,40,67
108900062,2,187,-185
108900063,47,186,-139
108900064,352,60,292
108900065,15,179,-164
108900066,617,163,454
108900067,30,109,-79
108900068,0,57,-57
108900069,91,37,54
108900070,26,80,-54
108900071,129,84,45
108900072,2069,747,1322
108900073,8,53,-45
108900074,340,225,115
108900075,51,51,0
108900076,469,92,377
108900077,65,90,-25
108900078,40,86,-46
108900079,660,160,500
108900080,34,993,-959
108900081,60,204,-144
108900082,102,100,2
108900083,34,316,-282
108900084,384,216,168
108900085,1611,194,1417
108900086,154,196,-42
108900087,90,171,-81
108900088,1167,432,735
108900089,38,142,-104
108900090,84,239,-155
108900091,162,45,117
108900092,595,275,320
108900093,142,89,53
108900094,319,114,205
108900095,26,270,-244
108900096,265,8,257
108900097,321,177,144
108900098,1571,1013,558
108900099,478,155,323
108900100,99,134,-35
108900101,267,258,9
108900102,80,1169,-1089
108900103,98,112,-14
108900104,128,353,-225
108900105,14,1439,-1425
108900106,463,245,218
108900108,401,65,336
108900109,46,27,19
108900110,304,308,-4
108900111,454,362,92
108900112,275,63,212
108900113,50,77,-27
108900114,0,5,-5
108900115,111,58,53
108900116,187,17,170
108900117,228,20,208
108900118,565,16,549
108900119,310,27,283
108900120,198,196,2
108900121,365,158,207
108900122,175,49,126
108900123,136,183,-47
108900124,518,187,331
108900125,659,8,651
108900126,104,87,17
108900127,258,35,223
108900128,136,43,93
108900129,961,132,829
108900130,332,2,330
108900131,464,5,459
108900132,540,61,479
108900133,296,75,221
108900134,431,239,192
108900135,219,6,213
108900136,96,3,93
108900137,299,3,296
108900138,909,113,796
108900139,803,173,630
108900140,410,194,216
108900141,412,34,378
108900142,98,8,90
108900143,72,1,71
108900144,140,0,140
108900145,260,18,242
108900146,74,1,73
108900147,233,3,230
108900148,56,33,23
108900149,526,225,301
108900150,281,11,270
108900151,155,30,125
108900152,368,101,267
108900153,269,239,30
108900154,5568,524,5044
108900155,300,64,236
108900156,127,17,110
108900157,45,457,-412
108900158,649,27,622
108900159,3,148,-145
108900160,11,180,-169
108900161,4,271,-267
108900162,146,1,145
108900163,8,238,-230
108900164,50,55,-5
108900165,140,66,74
108900167,1253,8517,-7264
108900168,5223,2817,2406
108900169,42,100,-58
108900171,4728,3534,1194
108900172,284,45,239
108900173,206,292,-86
108900174,988,580,408
108900176,195,280,-85
108900177,4281,6556,-2275
108900178,2994,4007,-1013
108900179,636,2182,-1546
108900180,198,298,-100
108900182,70,425,-355
108900183,416,178,238
108900184,770,260,510
108900185,124,373,-249
108900186,109,329,-220
108900187,497,49,448
108900188,836,94,742
108900189,464,134,330
108900190,119,1865,-1746
108900191,169,48,121
108900192,126,224,-98
108900193,369,69,300
108900194,19,419,-400
108900195,148,209,-61
108900196,50,300,-250
108900198,2,273,-271
108900199,294,329,-35
108900200,653,393,260
108900201,566,1318,-752
108900203,625,121,504
108900204,482,23,459
108900205,205,32,173
108900206,590,71,519
108900207,245,115,130
108900208,23,265,-242
108900209,173,419,-246
108900210,324,250,74
108900211,207,662,-455
108900212,488,1653,-1165
108900215,79,306,-227
108900216,470,354,116
108900217,195,6,189
108900218,150,31,119
108900219,96,14,82
108900220,64,27,37
108900221,52,335,-283
108900222,387,21,366
108900223,18,200,-182
108900224,44,274,-230
108900225,1,159,-158
108900226,408,22,386
108900227,151,467,-316
108900230,185,237,-52
108900231,44,168,-124
108900232,2,207,-205
108900233,535,119,416
108900234,318,213,105
108900235,199,533,-334
108900236,95,367,-272
108900237,72,207,-135
108900240,168,92,76
108900241,66,49,17
108900245,34,1631,-1597
108900249,164,44,120
108900250,260,79,181
108900257,269,274,-5
108900258,23,150,-127
108900259,34,59,-25
108900260,6,67,-61
108900261,60,112,-52
108900262,125,150,-25
108900263,43,116,-73
108900264,411,278,133
108900265,1103,563,540
108900266,573,796,-223
108900267,4,134,-130
108900268,13,18,-5
108900269,92,20,72
108900270,113,21,92
108900271,81,25,56
108900272,287,15,272
108900273,640,1168,-528
108900274,47,36,11
108900275,4,1,3
108900276,0,4,-4
109000001,2621,1727,894
109000002,1191,2050,-859
109000003,2806,411,2395
109000004,533,1824,-1291
109000005,2255,526,1729
109000006,619,1659,-1040
109000007,1712,582,1130
109000008,663,1454,-791
109000009,4425,1258,3167
109000010,1100,2976,-1876
109000011,3733,1971,1762
109000012,1799,2477,-678
109000013,4378,3408,970
109000014,2368,2316,52
109000015,3866,8679,-4813
109000016,4894,2812,2082
109000017,2873,1218,1655
109000018,968,2199,-1231
109000019,2891,1259,1632
109000020,951,1455,-504
109000023,284,25,259
109000024,11,176,-165
109000025,314,550,-236
109000026,441,287,154
109000027,104,307,-203
109000028,145,76,69
109000029,144,287,-143
109000030,82,462,-380
109000031,293,164,129
109000032,147,371,-224
109000033,348,159,189
109000034,56,58,-2
109000035,25,58,-33
109000036,92,260,-168
109000037,306,1919,-1613
109000038,490,323,167
109000039,1312,876,436
109000040,3771,11530,-7759
109000041,1855,1874,-19
109000042,610,1262,-652
109000044,440,76,364
109000045,94,234,-140
109000046,389,77,312
109000047,76,410,-334
109000048,1007,254,753
109000049,254,516,-262
109000050,419,266,153
109000051,271,222,49
109000052,608,642,-34
109000053,283,92,191
109000054,454,452,2
109000055,289,456,-167
109000056,376,341,35
109000057,883,575,308
109000058,887,364,523
109000059,591,1403,-812
109000060,298,284,14
109000061,659,1450,-791
109000062,164,361,-197
109000063,286,153,133
109000064,344,149,195
109000065,215,226,-11
109000066,412,100,312
109000067,87,220,-133
109000068,1882,7,1875
109000069,827,35,792
109000070,17,1715,-1698
109000071,371,76,295
109000072,110,274,-164
109000073,85,87,-2
109000074,27,148,-121
109000075,70,303,-233
109000076,122,253,-131
109000077,479,213,266
109000078,78,156,-78
109000079,229,123,106
109000080,203,91,112
109000081,133,331,-198
109000082,740,145,595
109000083,276,447,-171
109000088,145,428,-283
109000089,363,46,317
109000090,126,323,-197
109000091,392,234,158
109000092,401,407,-6
109000093,285,222,63
109000094,718,1,717
109000095,137,309,-172
109000096,830,257,573
109000097,89,116,-27
109000098,47,143,-96
109000099,997,411,586
109000100,310,642,-332
109000101,1953,659,1294
109000102,498,805,-307
109000103,520,565,-45
109000104,2105,486,1619
109000105,496,984,-488
109000106,2140,755,1385
109000107,669,1520,-851
109000108,2079,569,1510
109000109,615,1199,-584
109000110,1811,509,1302
109000111,899,1610,-711
109000112,372,109,263
109000113,331,169,162
109000114,205,264,-59
109000115,1094,30,1064
109000116,4,252,-248
109000117,289,49,240
109000118,12,284,-272
109000119,1508,173,1335
109000120,229,547,-318
109000121,572,29,543
109000122,200,546,-346
109000123,15,59,-44
109000124,739,358,381
109000125,896,271,625
109000126,495,619,-124
109000127,1067,188,879
109000128,578,921,-343
109000129,3222,760,2462
109000130,579,1153,-574
109000131,981,577,404
109000132,776,1386,-610
109000133,323,710,-387
109000134,747,1229,-482
109000135,1156,1826,-670
109000136,249,269,-20
109000137,304,334,-30
109000138,501,282,219
109000139,566,402,164
109000140,204,292,-88
109000141,638,419,219
109000142,131,450,-319
109000143,116,78,38
109000145,124,222,-98
109000146,44,96,-52
109000148,2900,2249,651
109000149,16,52,-36
109000150,52,265,-213
109000155,928,732,196
109000156,986,530,456
109000158,301,316,-15
109000159,222,601,-379
109000160,1215,259,956
109000161,374,925,-551
109000162,2312,669,1643
109000163,1318,1339,-21
109000164,1287,2037,-750
109000165,1418,523,895
109000166,858,126,732
109000167,130,459,-329
109000170,52,36,16
109000171,83,35,48
109000172,40,61,-21
109000173,22,73,-51
109000174,136,52,84
109000175,53,59,-6
109000176,302,213,89
109000177,19,100,-81
109000178,513,128,385
109000179,3766,5579,-1813
109000180,4486,4004,482
109000181,23,21,2
109000182,43,23,20
109000183,61,12,49
109000184,61,20,41
109000185,25,25,0
109000188,522,1337,-815
109000189,2749,793,1956
109000190,700,415,285
109000191,436,362,74
109000192,435,184,251
109000193,219,222,-3
109000194,337,90,247
109000195,127,253,-126
109000196,325,96,229
109000197,202,303,-101
109000198,467,69,398
109000199,210,400,-190
109000206,254,36,218
109000207,190,39,151
109000208,99,84,15
109000209,151,87,64
109000210,164,487,-323
109000211,389,291,98
109000214,475,292,183
109000215,151,63,88
109000216,284,254,30
109000217,276,139,137
109000218,303,225,78
109000221,455,749,-294
109000222,972,256,716
109000223,358,286,72
109000224,36,62,-26
109000225,87,25,62
109000226,40,148,-108
109000227,1320,895,425
109000228,3,1737,-1734
109000231,1,226,-225
109000232,460,224,236
109000236,345,656,-311
109000241,2226,1490,736
109000242,1860,1086,774
109000293,34,50,-16
109000361,97,164,-67
109000364,191,546,-355
109000396,2,393,-391
109000397,663,14,649
109000399,120,373,-253
109000400,89,191,-102
109000403,157,1086,-929
109000406,367,5,362
109000407,253,138,115
109000408,1,331,-330
109000410,1153,234,919
109000411,203,12,191
109900001,163,0,163
109900002,931,17,914
109900003,309,0,309
109900004,828,140,688
109900005,24,3,21
109900006,650,155,495
109900007,1014,280,734
109900008,0,49,-49
109900009,156,438,-282
109900010,529,26,503
109900011,74,48,26
109900012,361,233,128
109900013,412,150,262
109900014,441,43,398
109900015,468,188,280
109900016,120,23,97
109900017,280,185,95
109900018,269,53,216
109900019,270,26,244
109900020,58,54,4
109900021,48,36,12
109900022,89,190,-101
109900023,21,5,16
109900024,36,6,30
109900025,17,44,-27
109900026,5,153,-148
109900027,43,51,-8
109900028,932,1227,-295
109900029,3,198,-195
109900030,74,17,57
109900031,48,340,-292
109900032,15,267,-252
109900033,8,458,-450
109900034,70,5,65
109900035,35,38,-3
109900036,37,47,-10
109900037,48,358,-310
109900038,78,256,-178
109900039,8,4,4
109900040,26,371,-345
109900041,63,268,-205
109900042,39,1243,-1204
109900044,96,180,-84
109900045,203,189,14
109900046,23,49,-26
109900047,278,304,-26
109900048,6,67,-61
109900049,22,33,-11
109900050,2,95,-93
109900051,0,44,-44
109900052,111,285,-174
109900053,1,181,-180
109900054,927,211,716
109900055,98,233,-135
109900056,27,212,-185
109900057,3,89,-86
109900058,0,72,-72
109900059,1024,136,888
109900060,512,129,383
109900061,44,241,-197
109900062,0,118,-118
109900063,11,469,-458
109900064,630,185,445
109900065,51,133,-82
109900066,306,658,-352
109900067,1,165,-164
109900068,94,6,88
109900069,7,23,-16
109900070,33,225,-192
109900071,20,31,-11
109900072,13,113,-100
109900073,531,478,53
109900074,14,31,-17
109900075,28,26,2
109900076,22,118,-96
109900077,46,45,1
109900078,107,171,-64
109900080,112,301,-189
109900081,26,279,-253
109900082,37,284,-247
109900083,28,67,-39
109900084,84,126,-42
109900085,171,473,-302
109900086,155,578,-423
109900087,260,474,-214
109900089,852,195,657
109900090,551,1012,-461
109900091,528,85,443
109900092,1014,53,961
109900093,1198,199,999
109900094,83,60,23
109900095,123,200,-77
109900096,36,6,30
109900097,163,1,162
109900098,529,53,476
109900099,279,0,279
109900100,52,1,51
109900101,760,11,749
109900102,555,21,534
109900103,29,47,-18
109900104,653,371,282
109900105,613,26,587
109900106,511,67,444
109900107,1098,130,968
109900108,165,321,-156
109900109,33,164,-131
109900110,85,302,-217
109900111,371,741,-370
109900112,296,432,-136
109900113,1096,608,488
109900114,1132,847,285
109900115,189,77,112
109900117,1256,129,1127
109900118,164,380,-216
109900119,558,265,293
109900120,121,30,91
109900121,420,420,0
109900122,591,6,585
109900123,21,141,-120
109900124,37,275,-238
109900125,1,119,-118
109900126,368,87,281
109900128,420,34,386
109900130,4997,2924,2073
109900131,70,145,-75
109900132,31,107,-76
109900133,90,238,-148
109900134,63,81,-18
109900135,280,67,213
109900136,58,116,-58
109900137,179,234,-55
109900138,497,352,145
109900140,203,118,85
109900141,345,142,203
109900142,1697,352,1345
109900145,10,598,-588
109900146,455,37,418
109900148,45,77,-32
109900149,47,38,9
109900150,17,62,-45
109900151,9,58,-49
109900152,1,35,-34
109900153,3,94,-91
109900154,48,0,48
109900155,91,26,65
109900157,70,172,-102
109900158,56,125,-69
109900159,156,47,109
109900160,185,51,134
109900161,274,87,187
109900162,226,99,127
109900163,724,285,439
109900164,93,218,-125
109900165,298,3,295
109900166,4,106,-102
109900167,197,392,-195
109900168,228,510,-282
109900169,288,164,124
109900170,177,1111,-934
109900171,224,98,126
109900172,311,289,22
109900173,1961,2626,-665
109900174,72,116,-44
109900175,73,82,-9
109900176,170,149,21
109900177,52,141,-89
109900178,15,230,-215
109900179,52,17,35
109900180,6,17,-11
110000001,857,408,449
110000002,669,724,-55
110000003,813,717,96
110000004,556,705,-149
110000005,405,2016,-1611
110000006,268,313,-45
110000007,142,89,53
110000008,16,67,-51
110000009,42,23,19
110000010,42,71,-29
110000011,46,50,-4
110000012,642,322,320
110000013,31,465,-434
110000014,512,388,124
110000015,241,631,-390
110000016,222,1734,-1512
110000017,3080,240,2840
110000018,2850,381,2469
110000019,8,70,-62
110000020,475,204,271
110000021,453,483,-30
110000022,1489,225,1264
110000023,19,161,-142
110000024,603,469,134
110000025,509,10,499
110000026,16,253,-237
110000027,1000,898,102
110000028,958,553,405
110000029,496,550,-54
110000030,287,332,-45
110000031,309,286,23
110000032,856,346,510
110000033,270,196,74
110000034,600,613,-13
110000035,903,444,459
110000036,1232,708,524
110000037,231,443,-212
110000038,277,691,-414
110000039,701,4067,-3366
110000040,361,313,48
110000041,333,1911,-1578
110000042,103,659,-556
110000043,1094,332,762
110000044,216,1061,-845
110000045,1167,180,987
110000046,7,44,-37
110000047,32,111,-79
110000048,19,112,-93
110000049,72,18,54
110000050,14,50,-36
110000051,42,18,24
110000052,33,39,-6
110000053,106,7,99
110000054,207,623,-416
110000055,656,108,548
110000056,165,108,57
110000057,421,564,-143
110000058,1351,487,864
110000059,1093,522,571
110000060,991,1024,-33
110000061,902,704,198
110000062,668,846,-178
110000063,21,176,-155
110000064,55,54,1
110000065,77,72,5
110000066,76,42,34
110000067,128,148,-20
110000068,313,118,195
110000069,419,83,336
110000071,269,80,189
110000073,8,7,1
110000075,5,60,-55
110000076,376,518,-142
110000077,400,1547,-1147
110000078,48,42,6
110000080,233,562,-329
110000081,98,231,-133
110000082,25,387,-362
110000083,239,566,-327
110000084,1392,970,422
110000085,1311,1451,-140
110000086,1132,2470,-1338
110000087,31,55,-24
110000088,77,229,-152
110000089,311,68,243
110000090,229,177,52
110000091,933,246,687
110000092,27,44,-17
110000093,53,23,30
110000094,545,221,324
110000095,222,611,-389
110000096,1593,1914,-321
110000097,1088,1654,-566
110000098,2084,645,1439
110000099,797,1690,-893
110000100,1243,361,882
110000101,19,239,-220
110000102,74,9,65
110000104,352,114,238
110000105,57,257,-200
110000106,668,457,211
110000107,221,360,-139
110000108,177,99,78
110000109,331,266,65
110000110,2344,5098,-2754
110000111,5158,3181,1977
110000112,948,1336,-388
110000113,282,2351,-2069
110000114,306,655,-349
110000115,392,287,105
110000116,54,75,-21
110000117,244,253,-9
110000118,605,130,475
110000119,334,241,93
110000120,394,121,273
110000121,78,373,-295
110000122,464,535,-71
110000123,693,738,-45
110000124,4,720,-716
110000125,1200,3,1197
110000126,327,19,308
110000127,1131,52,1079
110000128,43,1056,-1013
110000129,4,437,-433
110000130,289,185,104
110000131,130,244,-114
110000132,3,510,-507
110000133,33,446,-413
110000134,31,367,-336
110000135,176,33,143
110000136,107,265,-158
110000137,684,559,125
110000138,918,519,399
110000139,1122,895,227
110000140,813,619,194
110000143,587,374,213
110000144,4592,1764,2828
110000145,1853,1050,803
110000146,2291,824,1467
110000147,687,722,-35
110000148,896,290,606
110000151,843,1045,-202
110000152,706,384,322
110000153,231,23,208
110000154,43,27,16
110000155,1462,3960,-2498
110000156,1057,2193,-1136
110000157,1941,2034,-93
110000160,570,234,336
110000161,254,225,29
110000166,702,141,561
110000167,1069,501,568
110000168,1198,466,732
110000169,982,355,627
110000170,157,72,85
110000171,664,129,535
110000172,190,629,-439
110000173,929,944,-15
110000174,189,758,-569
110000175,857,74,783
110000176,223,342,-119
110000177,233,1075,-842
110000178,452,1608,-1156
110000179,1132,307,825
110000180,222,192,30
110000181,634,462,172
110000182,291,138,153
110000183,7182,7880,-698
110000184,301,2708,-2407
110000185,1173,809,364
110000186,796,588,208
110000191,1344,241,1103
110000192,693,2,691
110000193,1262,12,1250
110000194,10,733,-723
110000195,468,240,228
110000196,504,231,273
110000197,125,120,5
110000198,99,56,43
110000199,66,117,-51
110000200,975,385,590
110000201,1045,1158,-113
110000202,1528,589,939
110000203,600,593,7
110000204,4,185,-181
110000205,236,34,202
110000206,624,1019,-395
110000207,1501,382,1119
110000208,338,268,70
110000209,108,1146,-1038
110000210,1605,491,1114
110000211,1153,886,267
110000212,454,1044,-590
110000213,295,80,215
110000214,406,103,303
110000215,195,267,-72
110000216,118,243,-125
110000217,410,119,291
110000218,228,204,24
110000219,427,51,376
110000220,86,176,-90
110000221,412,57,355
110000222,46,152,-106
110000223,2,210,-208
110000224,41,5,36
110000225,242,645,-403
110000226,309,73,236
110000227,1104,1053,51
110000228,266,158,108
110000229,0,184,-184
110000230,797,651,146
110000231,192,203,-11
110000232,302,232,70
110000233,225,279,-54
110000234,799,1530,-731
110000235,1018,1143,-125
110000236,778,562,216
110000237,2672,1603,1069
110000238,1264,1299,-35
110000239,2107,1023,1084
110000240,0,58,-58
110000242,0,13,-13
110000243,129,109,20
110000244,192,540,-348
110000245,39,345,-306
110000246,958,490,468
110000247,1293,4235,-2942
110000248,1911,1380,531
110000249,66,10,56
110000250,71,189,-118
110000251,430,406,24
110000252,390,191,199
110000253,1412,638,774
110000254,617,938,-321
110000255,248,864,-616
110000256,535,365,170
110000257,696,424,272
110000258,3,543,-540
110000259,171,12,159
110000260,45,209,-164
110000263,582,91,491
110000264,410,355,55
110000265,1270,1992,-722
110000266,1873,3261,-1388
110000267,30,207,-177
110000268,315,491,-176
110000269,3,96,-93
110000270,72,12,60
110000271,1260,248,1012
110000272,1146,943,203
110000273,3140,1942,1198
110000274,181,1919,-1738
110000275,2295,628,1667
110000276,296,440,-144
110000277,329,384,-55
110000278,355,701,-346
110000279,923,939,-16
110000280,613,510,103
110000281,86,437,-351
110000282,301,47,254
110000283,37,136,-99
110000284,61,54,7
110000285,6,878,-872
110000286,25,0,25
110000287,117,5,112
110000288,7,120,-113
110000289,450,1991,-1541
110000290,634,640,-6
110000291,3887,1151,2736
110000292,1374,5640,-4266
110000293,751,615,136
110000294,1350,1167,183
110000295,267,779,-512
110000296,748,361,387
110000297,2539,319,2220
110000298,134,389,-255
110000299,213,79,134
110000301,422,18,404
110000302,221,693,-472
110000303,484,10,474
110000304,105,165,-60
110000305,1635,31,1604
110000306,217,929,-712
110000307,2140,11,2129
110000308,813,15,798
110000309,4,617,-613
110000310,910,57,853
110000311,29,561,-532
110000312,545,101,444
110000313,2672,2347,325
110000314,3,223,-220
110000315,3004,3087,-83
110000316,536,1341,-805
110000317,356,1024,-668
110000318,6,52,-46
110000319,14,19,-5
110000320,72,46,26
110000321,16,35,-19
110000322,289,313,-24
110000323,654,197,457
110000324,2675,1728,947
110000325,2679,3622,-943
110000327,548,285,263
110000328,181,427,-246
110000333,1261,810,451
110000334,1032,1352,-320
110000335,1177,636,541
110000336,835,836,-1
110000337,1591,628,963
110000338,520,230,290
110000339,384,232,152
110000340,55,204,-149
110000341,516,480,36
110000342,426,6,420
110000343,0,18,-18
110000344,247,184,63
110000345,261,215,46
110000346,2324,2013,311
110000347,1236,696,540
110000348,36,43,-7
110000349,10,16,-6
110000350,58,8,50
110000351,1205,726,479
110000352,655,1567,-912
110000353,2882,592,2290
110000354,1021,3455,-2434
110000355,148,79,69
110000356,958,11,947
110000357,591,17,574
110000361,61,25,36
110000362,81,41,40
110000363,560,98,462
110000364,329,286,43
110000365,203,1,202
110000366,0,88,-88
110000367,462,203,259
110000368,6,65,-59
110000369,69,3,66
110000373,4,219,-215
110000374,112,12,100
110000375,85,859,-774
110000376,54,104,-50
110000377,107,559,-452
110000378,21,400,-379
110000379,2501,2144,357
110000380,69,11,58
110000383,2,1350,-1348
110000384,1562,1395,167
110000385,0,251,-251
110000387,116,7,109
110000388,36,178,-142
110000389,792,8,784
110000391,773,260,513
110000396,225,108,117
110000397,166,125,41
110000398,0,19,-19
110000399,152,3,149
110000587,163,80,83
110000589,199,137,62
110000640,161,37,124
110000652,20,289,-269
110000653,325,377,-52
110000654,85,450,-365
110000656,1,426,-425
110000674,50,26,24
110000675,26,17,9
110000676,9,30,-21
110000679,228,1364,-1136
110000682,196,202,-6
110000683,263,416,-153
110000684,9,33,-24
110000685,6,23,-17
110000686,3,55,-52
110000687,41,2,39
110000688,71,1027,-956
110000689,40,24,16
110000692,61,179,-118
110000693,76,288,-212
110000694,2,132,-130
110000695,288,704,-416
110000696,55,96,-41
110900001,372,25,347
110900002,436,236,200
110900003,1050,370,680
110900004,524,130,394
110900005,1874,2688,-814
110900006,41,21,20
110900007,154,54,100
110900008,15,34,-19
110900009,520,225,295
110900010,8,62,-54
110900011,35,56,-21
110900012,16,70,-54
110900013,1123,135,988
110900014,305,23,282
110900015,492,786,-294
110900016,74,90,-16
110900017,529,35,494
110900018,571,66,505
110900019,211,24,187
110900020,168,158,10
110900021,78,342,-264
110900022,134,214,-80
110900023,138,512,-374
110900024,18,288,-270
110900025,12,44,-32
110900027,37,192,-155
110900028,34,141,-107
110900029,21,254,-233
110900030,53,175,-122
110900031,15,174,-159
110900032,0,46,-46
110900033,38,226,-188
110900035,25,551,-526
110900036,139,22,117
110900037,81,33,48
110900038,816,159,657
110900039,9,274,-265
110900040,252,49,203
110900041,49,67,-18
110900042,153,53,100
110900043,2,62,-60
110900044,217,25,192
110900045,52,266,-214
110900046,31,158,-127
110900047,421,332,89
110900049,139,100,39
110900050,40,5,35
110900051,35,148,-113
110900052,7,144,-137
110900053,134,33,101
110900054,27,154,-127
110900055,42,2,40
110900056,90,115,-25
110900057,5,74,-69
110900058,327,242,85
110900059,635,408,227
110900060,475,148,327
110900061,24,55,-31
110900062,163,222,-59
110900063,37,131,-94
110900064,9,0,9
110900065,233,110,123
110900066,16,60,-44
110900067,329,748,-419
110900068,210,171,39
110900069,4,16,-12
110900070,95,39,56
110900071,213,844,-631
110900073,1,29,-28
110900074,484,87,397
110900075,464,77,387
110900077,1057,556,501
110900078,56,24,32
110900079,1572,1289,283
110900080,158,95,63
110900081,13,25,-12
110900082,153,97,56
110900083,173,58,115
110900084,39,57,-18
110900085,96,202,-106
110900086,92,383,-291
110900087,436,77,359
110900088,10,2,8
110900090,44,71,-27
110900091,26,54,-28
110900093,369,103,266
110900095,74,66,8
110900097,35,27,8
110900098,32,61,-29
110900099,95,336,-241
110900100,1,22,-21
110900102,56,15,41
110900105,1571,221,1350
110900108,14,24,-10
110900111,504,177,327
110900112,945,10,935
110900113,344,56,288
110900115,5,36,-31
110900116,875,1254,-379
110900118,107,3642,-3535
110900119,2542,254,2288
110900120,19,47,-28
110900121,187,1,186
110900122,518,167,351
110900125,439,422,17
110900127,536,1524,-988
110900128,216,262,-46
110900129,406,1028,-622
110900130,835,645,190
110900131,314,42,272
110900132,470,92,378
110900133,182,116,66
110900135,91,245,-154
110900136,375,16,359
110900137,33,0,33
110900138,976,1012,-36
110900139,19,221,-202
110900140,50,7,43
110900141,8,233,-225
110900142,54,124,-70
110900143,183,76,107
110900144,3,492,-489
110900145,207,83,124
110900146,361,245,116
110900147,113,399,-286
110900148,7,220,-213
110900149,8,52,-44
110900150,147,25,122
110900151,28,86,-58
110900152,49,129,-80
110900153,169,61,108
111000001,477,332,145
111000002,288,401,-113
111000003,1248,692,556
111000004,345,736,-391
111000005,1380,1284,96
111000006,921,1434,-513
111000007,4480,3221,1259
111000008,1638,2997,-1359
111000009,323,705,-382
111000010,903,295,608
111000011,292,1077,-785
111000012,486,411,75
111000013,470,986,-516
111000014,1327,439,888
111000017,145,1048,-903
111000018,184,303,-119
111000020,764,2036,-1272
111000021,70,72,-2
111000023,151,97,54
111000025,3950,4010,-60
111000029,99,94,5
111000030,32,105,-73
111000031,2350,1309,1041
111000032,521,292,229
111000033,334,310,24
111000034,126,315,-189
111000037,1206,709,497
111000038,3093,2053,1040
111000039,1944,1741,203
111000040,2167,1915,252
111000041,1421,1299,122
111000042,2471,1992,479
111000043,1920,4191,-2271
111000044,2153,1182,971
111000045,2791,2155,636
111000046,2065,1507,558
111000047,2970,4471,-1501
111000049,557,509,48
111000050,1102,1019,83
111000051,529,773,-244
111000052,555,1378,-823
111000053,375,682,-307
111000054,421,560,-139
111000055,1054,1369,-315
111000056,158,336,-178
111000057,138,359,-221
111000058,579,60,519
111000059,539,302,237
111000060,4312,952,3360
111000061,685,302,383
111000062,1041,330,711
111000063,1857,933,924
111000064,841,573,268
111000065,1352,899,453
111000066,635,411,224
111000067,664,547,117
111000068,653,810,-157
111000069,1768,1903,-135
111000070,821,791,30
111000071,126,409,-283
111000072,1240,484,756
111000073,319,864,-545
111000074,1762,1533,229
111000075,1031,558,473
111000076,502,545,-43
111000077,1821,1527,294
111000078,2964,1193,1771
111000079,1207,780,427
111000080,573,578,-5
111000081,1469,4387,-2918
111000082,747,488,259
111000084,798,511,287
111000085,825,947,-122
111000086,2694,860,1834
111000087,711,496,215
111000088,4799,2689,2110
111000089,816,838,-22
111000090,920,1344,-424
111000091,909,401,508
111000092,1574,667,907
111000093,804,932,-128
111000094,1758,1090,668
111000095,749,2245,-1496
111000096,1482,7873,-6391
111000097,3641,1376,2265
111000098,722,930,-208
111000099,534,1299,-765
111000100,407,1142,-735
111000101,473,720,-247
111000102,295,592,-297
111000104,848,185,663
111000107,203,838,-635
111000109,1312,264,1048
111000110,1678,711,967
111000111,2822,521,2301
111000112,2166,622,1544
111000113,931,1705,-774
111000114,1683,3708,-2025
111000115,4526,1199,3327
111000116,964,856,108
111000117,354,823,-469
111000118,1181,632,549
111000119,1328,783,545
111000120,625,556,69
111000121,352,776,-424
111000122,530,847,-317
111000123,1186,2078,-892
111000124,601,1819,-1218
111000125,259,1157,-898
111000126,92,599,-507
111000127,1130,137,993
111000128,2508,289,2219
111000129,3525,395,3130
111000130,2749,577,2172
111000131,2159,440,1719
111000132,2096,929,1167
111000133,239,130,109
111000134,153,91,62
111000135,61,164,-103
111000136,413,250,163
111000138,15,2,13
111000140,3,5,-2
111000141,237,372,-135
111000142,31,215,-184
111000143,6,259,-253
111000144,25,948,-923
111000145,784,24,760
111000146,109,12,97
111000147,217,53,164
111000148,131,99,32
111000149,5,33,-28
111000150,20,8,12
111000151,9,13,-4
111000153,641,726,-85
111000154,683,258,425
111000155,145,186,-41
111000156,483,683,-200
111000157,265,1264,-999
111000158,1026,793,233
111000159,3145,794,2351
111000160,565,367,198
111000161,15,353,-338
111000162,91,151,-60
111000163,842,706,136
111000164,571,3200,-2629
111000165,857,482,375
111000166,1406,286,1120
111000167,170,352,-182
111000168,247,437,-190
111000169,320,620,-300
111000170,373,329,44
111000171,465,451,14
111000172,132,286,-154
111000173,273,532,-259
111000174,249,210,39
111000175,37,330,-293
111000176,433,88,345
111000177,463,179,284
111000178,1451,210,1241
111000179,219,115,104
111000180,314,433,-119
111000181,1381,195,1186
111000182,196,161,35
111000183,410,257,153
111000184,396,165,231
111000185,346,271,75
111000186,339,152,187
111000187,130,120,10
111000188,273,291,-18
111000189,803,491,312
111000190,211,204,7
111000191,192,246,-54
111000192,202,349,-147
111000193,309,201,108
111000194,77,283,-206
111000195,176,285,-109
111000196,53,131,-78
111000197,482,135,347
111000198,654,99,555
111000199,243,145,98
111000200,494,302,192
111000201,743,177,566
111000202,367,139,228
111000203,406,244,162
111000204,484,1023,-539
111000213,202,395,-193
111000214,1497,1063,434
111000215,909,1006,-97
111000217,1596,825,771
111000218,1257,963,294
111000219,417,203,214
111000220,1077,662,415
111000221,547,111,436
111000224,0,141,-141
111000225,319,53,266
111000226,161,2,159
111000227,29,4,25
111000228,37,413,-376
111000229,54,1033,-979
111000230,335,278,57
111000231,1162,566,596
111000232,656,713,-57
111000233,1306,602,704
111000234,168,485,-317
111000239,88,102,-14
111000240,71,242,-171
111000241,27,201,-174
111000242,276,70,206
111000243,164,395,-231
111000244,571,72,499
111000245,1158,241,917
111000246,664,252,412
111000247,458,571,-113
111000248,718,345,373
111000249,456,437,19
111000250,45,70,-25
111000251,60,118,-58
111000253,32,18,14
111000255,33,7,26
111000257,59,15,44
111000260,82,897,-815
111000261,1670,121,1549
111000271,35,244,-209
111000273,2617,1132,1485
111000274,1376,2379,-1003
111000275,128,37,91
111000276,294,1144,-850
111000277,198,303,-105
111000278,673,210,463
111000291,864,7446,-6582
111000298,678,170,508
111000299,693,128,565
111000300,128,534,-406
111000302,374,56,318
111000303,73,120,-47
111000312,50,74,-24
111000315,0,51,-51
111000320,243,524,-281
111000321,437,103,334
111000322,381,342,39
111000323,327,23,304
111000324,409,200,209
111000325,56,70,-14
111000326,182,207,-25
111000327,467,280,187
111000328,280,523,-243
111000329,0,23,-23
111000330,50,2,48
111000331,13,5,8
111000332,640,1169,-529
111000334,364,858,-494
111000335,887,235,652
111000337,1588,343,1245
111000338,67,114,-47
111000339,801,290,511
111000340,116,376,-260
111000341,1279,633,646
111000342,197,863,-666
111000344,1306,580,726
111000345,158,93,65
111000346,28,241,-213
111000347,162,7,155
111000350,186,130,56
111000351,139,312,-173
111000352,232,105,127
111000353,200,246,-46
111000354,598,148,450
111000355,260,690,-430
111000358,152,787,-635
111000360,187,447,-260
111000361,193,171,22
111000546,896,602,294
111000547,471,313,158
111000548,144,267,-123
111000549,364,141,223
111000550,70,923,-853
111000551,706,103,603
111000552,1075,152,923
111000907,336,10,326
111000908,30,2,28
111000916,2078,228,1850
111000917,39,310,-271
111000918,207,519,-312
111000920,575,16,559
111000921,6,102,-96
111000922,653,221,432
111000924,54,551,-497
111000925,2904,1740,1164
111000926,1091,1221,-130
111000927,3100,4195,-1095
111000928,3933,2331,1602
111000929,1548,1238,310
111000930,791,1645,-854
111000931,2262,2602,-340
111000932,3484,1724,1760
111000933,3699,2748,951
111000934,1573,2795,-1222
111000935,1819,906,913
111000936,1031,1652,-621
111000937,1258,1388,-130
111000938,1330,1185,145
111000939,707,54,653
111000940,653,95,558
111000941,418,355,63
111000943,663,212,451
111000944,189,198,-9
111000945,128,986,-858
111001109,568,521,47
111001110,171,342,-171
111001111,73,4,69
111001112,74,3,71
111001113,3,123,-120
111001114,842,94,748
111001115,16,610,-594
111001116,3446,4250,-804
111001117,591,2619,-2028
111001120,134,192,-58
111001121,190,175,15
111001122,228,265,-37
111001123,231,39,192
111900001,18,103,-85
111900002,42,493,-451
111900003,1,240,-239
111900004,24,88,-64
111900006,17,35,-18
111900007,202,6,196
111900008,352,4,348
111900009,293,136,157
111900010,380,342,38
111900012,133,71,62
111900013,19,48,-29
111900014,3457,4894,-1437
111900015,0,45,-45
111900016,0,60,-60
111900017,0,105,-105
111900018,289,6,283
111900019,4,142,-138
111900020,2,32,-30
111900021,31,73,-42
111900022,6,36,-30
111900023,80,68,12
111900024,17,79,-62
111900025,0,34,-34
111900026,0,41,-41
111900027,1,107,-106
111900028,3,241,-238
111900029,6,78,-72
111900030,38,316,-278
111900031,14,33,-19
111900032,0,219,-219
111900033,9,57,-48
111900034,202,339,-137
111900035,118,183,-65
111900036,1,150,-149
111900038,246,538,-292
111900039,55,330,-275
111900040,6,258,-252
111900042,18,110,-92
111900043,5,204,-199
111900044,294,182,112
111900046,33,141,-108
111900048,188,335,-147
111900049,25,173,-148
111900050,149,36,113
111900051,1,144,-143
111900052,259,373,-114
111900053,708,1884,-1176
111900054,200,4,196
111900055,12,229,-217
111900056,118,259,-141
111900057,153,60,93
111900058,540,407,133
111900059,1280,707,573
111900060,504,3,501
111900061,12,112,-100
111900062,29,60,-31
111900063,364,257,107
111900064,97,115,-18
111900065,120,19,101
111900066,151,137,14
111900067,0,378,-378
111900068,59,41,18
111900069,101,31,70
111900070,198,89,109
111900071,0,198,-198
111900072,61,32,29
111900073,1342,190,1152
111900074,19,209,-190
111900075,94,9,85
111900076,245,79,166
111900077,74,4,70
111900078,446,35,411
111900079,63,38,25
111900080,252,241,11
111900081,581,233,348
111900082,144,31,113
111900083,217,17,200
111900084,159,5,154
111900085,67,141,-74
111900086,41,8,33
111900087,91,2,89
111900088,628,18,610
111900089,139,3,136
111900090,56,60,-4
111900091,272,7,265
111900092,158,0,158
111900093,518,14,504
111900094,141,0,141
111900095,317,36,281
111900096,141,4,137
111900097,90,1,89
111900098,307,15,292
111900099,135,0,135
111900100,312,4,308
111900101,118,18,100
111900102,685,314,371
111900103,72,112,-40
111900104,205,88,117
111900105,404,237,167
111900106,1123,56,1067
111900107,147,126,21
111900108,141,230,-89
111900109,405,556,-151
111900110,1301,456,845
111900111,165,66,99
111900112,462,3699,-3237
111900113,160,57,103
111900114,146,79,67
111900115,15,25,-10
111900118,332,73,259
111900119,433,169,264
111900122,65,60,5
111900123,23,42,-19
111900124,23,60,-37
111900125,709,37,672
111900126,314,4,310
111900127,2,453,-451
111900128,5,389,-384
111900129,317,8,309
111900130,262,56,206
111900131,540,1,539
111900132,19,677,-658
111900133,9,254,-245
111900134,14,175,-161
111900135,19,40,-21
111900136,73,154,-81
111900137,40,35,5
111900138,11,54,-43
111900139,22,77,-55
111900140,143,27,116
111900141,84,18,66
111900142,93,33,60
111900143,13,129,-116
111900144,60,78,-18
111900145,2,307,-305
111900146,4,142,-138
111900147,111,313,-202
111900148,16,378,-362
111900149,5,194,-189
111900150,10,117,-107
111900151,0,24,-24
111900152,103,96,7
111900153,1003,747,256
111900154,33,379,-346
111900155,67,111,-44
111900156,126,68,58
111900157,148,14,134
111900158,697,87,610
111900159,433,40,393
111900160,445,0,445
111900161,197,6,191
111900162,102,197,-95
111900163,44,193,-149
111900164,95,54,41
111901113,560,96,464
111901114,329,228,101
111901115,135,5,130
111901116,32,1,31
111901117,35,56,-21
111901118,47,355,-308
111901119,555,75,480
111901120,105,119,-14
111901121,128,114,14
111901122,6,339,-333
111901123,213,212,1
111901124,289,8,281
111901125,519,169,350
111901126,195,94,101
111901127,439,771,-332
111901128,8,60,-52
111901129,4,116,-112
111901130,4,134,-130
111901131,0,144,-144
111901132,96,32,64
111901133,52,7,45
111901134,97,9,88
111901135,38,25,13
111901136,68,85,-17
111901137,1,29,-28
111901138,245,39,206
111901139,51,30,21
111901140,11,65,-54
111901141,8,120,-112
111901142,5,100,-95
111901143,2,115,-113
111901144,53,48,5
111901145,115,263,-148
112000001,2097,748,1349
112000002,652,1779,-1127
112000003,2055,1043,1012
112000004,787,642,145
112000005,4137,3882,255
112000006,1700,1377,323
112000007,4446,2727,1719
112000008,2803,3929,-1126
112000009,2721,2412,309
112000010,3527,4271,-744
112000011,1440,1304,136
112000012,5329,6088,-759
112000013,3389,3952,-563
112000014,2609,2955,-346
112000015,2981,3980,-999
112000016,5035,2873,2162
112000017,1776,4893,-3117
112000024,2054,819,1235
112000026,2753,3135,-382
112000027,1010,696,314
112000028,889,1274,-385
112000029,781,868,-87
112000030,140,73,67
112000031,1571,5639,-4068
112000032,247,63,184
112000033,1884,2842,-958
112000034,235,64,171
112000035,82,668,-586
112000036,616,1556,-940
112000037,1166,1456,-290
112000038,1591,1828,-237
112000039,148,62,86
112000040,79,192,-113
112000041,417,446,-29
112000042,966,480,486
112000050,1480,1471,9
112000051,1260,1529,-269
112000054,1350,1402,-52
112000057,868,477,391
112000058,489,740,-251
112000059,597,797,-200
112000061,2931,1573,1358
112000062,1426,1280,146
112000063,821,2059,-1238
112000064,3271,4201,-930
112000065,1551,1914,-363
112000066,4211,1617,2594
112000067,664,662,2
112000068,3605,2704,901
112000069,745,1696,-951
112000070,2548,1114,1434
112000071,1185,2134,-949
112000072,3250,927,2323
112000073,1991,2238,-247
112000074,1649,1262,387
112000075,1612,1251,361
112000076,3387,2127,1260
112000077,718,522,196
112000078,1885,727,1158
112000079,1693,1391,302
112000080,982,833,149
112000081,1405,2193,-788
112000082,1609,776,833
112000083,678,960,-282
112000084,1673,664,1009
112000085,1253,996,257
112000086,2094,1022,1072
112000087,585,370,215
112000088,780,391,389
112000089,573,406,167
112000090,342,302,40
112000091,563,715,-152
112000092,2340,985,1355
112000093,1607,726,881
112000094,845,783,62
112000095,767,716,51
112000096,726,533,193
112000097,1647,716,931
112000098,1061,821,240
112000099,1007,1834,-827
112000100,2169,692,1477
112000101,612,707,-95
112000102,1757,405,1352
112000103,437,732,-295
112000105,506,983,-477
112000106,1983,391,1592
112000107,18,229,-211
112000108,277,1343,-1066
112000109,77,54,23
112000110,2092,587,1505
112000111,916,5152,-4236
112000112,4755,802,3953
112000113,1070,1609,-539
112000114,3216,980,2236
112000115,403,466,-63
112000116,830,921,-91
112000117,1113,805,308
112000118,945,738,207
112000119,482,574,-92
112000120,111,268,-157
112000121,171,324,-153
112000122,358,124,234
112000123,838,181,657
112000124,477,71,406
112000125,327,240,87
112000126,337,290,47
112000127,2525,2805,-280
112000128,954,1021,-67
112000129,122,99,23
112000130,226,95,131
112000131,49,197,-148
112000132,219,212,7
112000133,436,149,287
112000134,603,343,260
112000135,1558,758,800
112000136,1007,1306,-299
112000137,2092,2429,-337
112000138,1666,1537,129
112000139,872,708,164
112000140,668,931,-263
112000141,1072,371,701
112000142,123,412,-289
112000143,1414,227,1187
112000144,275,785,-510
112000145,3159,535,2624
112000146,600,1267,-667
112000147,2880,1656,1224
112000148,1413,1641,-228
112000149,599,488,111
112000150,335,565,-230
112000151,259,246,13
112000152,490,304,186
112000153,155,220,-65
112000154,180,223,-43
112000155,129,108,21
112000157,699,640,59
112000158,300,338,-38
112000159,700,351,349
112000167,591,98,493
112000169,231,371,-140
112000173,1027,219,808
112000175,588,337,251
112000176,1975,2019,-44
112000177,1001,210,791
112000178,118,277,-159
112000179,339,102,237
112000180,282,301,-19
112000181,1292,1410,-118
112000182,1549,1067,482
112000183,24,33,-9
112000184,383,286,97
112000185,669,336,333
112000187,4644,3040,1604
112000195,199,31,168
112000196,377,6,371
112000197,300,226,74
112000198,53,313,-260
112000199,983,714,269
112000202,535,3,532
112000216,67,216,-149
112000230,155,8,147
112000231,10,192,-182
112000256,78,291,-213
112000313,71,128,-57
112000314,83,41,42
112000337,214,558,-344
112000352,268,421,-153
112000392,1510,1318,192
112000398,1712,881,831
112000399,1668,2533,-865
112000400,1697,1845,-148
112000401,2473,1709,764
112000402,4041,3654,387
112000403,2069,3018,-949
112000404,1200,858,342
112000405,2551,3093,-542
112000406,2723,1668,1055
112000407,9149,8761,388
112000408,7252,4247,3005
112000409,1448,2957,-1509
112000410,587,379,208
112000411,3553,2180,1373
112000412,1474,674,800
112000413,6165,7282,-1117
112000414,119,55,64
112000415,87,45,42
112000416,3074,1341,1733
112000417,290,82,208
112000421,92,95,-3
112000422,377,265,112
112000424,1688,3034,-1346
112000425,491,459,32
112000426,235,272,-37
112000427,0,11,-11
112000428,255,239,16
112000429,2075,1846,229
112000430,2355,2487,-132
112000431,97,150,-53
112000432,652,820,-168
112000433,393,784,-391
112000437,65,169,-104
112900001,99,4,95
112900002,583,571,12
112900003,88,352,-264
112900004,55,221,-166
112900005,308,127,181
112900006,17,246,-229
112900007,80,162,-82
112900008,1,51,-50
112900009,460,168,292
112900010,434,866,-432
112900011,125,241,-116
112900012,2,34,-32
112900013,0,364,-364
112900014,8,246,-238
112900015,415,630,-215
112900016,2,233,-231
112900017,47,194,-147
112900018,3,156,-153
112900019,28,158,-130
112900020,464,1013,-549
112900021,8,208,-200
112900022,19,63,-44
112900023,0,106,-106
112900024,10,215,-205
112900025,171,314,-143
112900026,0,157,-157
112900027,94,627,-533
112900028,14,121,-107
112900029,34,410,-376
112900030,83,92,-9
112900031,3,291,-288
112900032,204,183,21
112900034,0,48,-48
112900035,2,213,-211
112900036,43,142,-99
112900037,146,218,-72
112900038,902,168,734
112900039,2,196,-194
112900040,9,861,-852
112900041,694,1241,-547
112900042,163,216,-53
112900043,62,35,27
112900044,530,512,18
112900045,213,295,-82
112900046,196,59,137
112900047,19,43,-24
112900049,292,82,210
112900050,56,587,-531
112900051,266,501,-235
112900052,5,575,-570
112900053,214,176,38
112900054,262,76,186
112900055,144,61,83
112900056,466,225,241
112900057,19,431,-412
112900058,360,349,11
112900059,153,169,-16
112900060,43,128,-85
112900061,80,114,-34
112900062,94,132,-38
112900063,93,40,53
112900064,213,267,-54
112900065,45,62,-17
112900066,385,273,112
112900067,379,140,239
112900068,86,76,10
112900069,1659,944,715
112900071,51,10,41
112900072,374,2543,-2169
112900073,574,127,447
112900074,107,291,-184
112900075,1163,1102,61
112900076,115,47,68
112900078,415,532,-117
112900079,220,27,193
112900080,137,5,132
112900081,64,248,-184
112900082,661,34,627
112900083,130,150,-20
112900084,293,141,152
112900085,1,3,-2
112900086,103,4,99
112900087,991,155,836
112900088,190,30,160
112900089,1112,52,1060
112900090,70,41,29
112900091,308,3,305
112900092,129,415,-286
112900093,1690,17,1673
112900094,152,2,150
112900095,98,2,96
112900096,650,205,445
112900097,108,304,-196
112900098,469,11,458
112900099,1279,32,1247
112900100,80,4,76
112900101,422,3,419
112900102,215,22,193
112900103,237,7,230
112900104,13,1,12
112900105,18,1,17
112900106,369,139,230
112900107,11,0,11
112900108,38,0,38
112900109,148,1,147
112900110,1479,17,1462
112900111,771,7,764
112900112,343,2,341
112900113,0,10,-10
112900114,209,30,179
112900115,1626,3,1623
112900116,142,24,118
112900117,75,60,15
112900118,39,74,-35
112900119,243,1,242
112900120,817,269,548
112900121,65,145,-80
112900122,18,86,-68
112900123,98,18,80
112900124,25,87,-62
112900125,118,652,-534
112900126,231,187,44
112900127,392,91,301
112900128,196,745,-549
112900129,1,609,-608
112900130,329,130,199
112900131,52,461,-409
112900132,96,518,-422
112900133,20,1344,-1324
112900134,1,264,-263
112900135,73,43,30
112900136,0,16,-16
112900137,0,438,-438
112900138,8,192,-184
112900139,202,1001,-799
112900140,0,41,-41
112900141,1001,60,941
112900142,62,189,-127
112900143,30,402,-372
112900144,0,149,-149
112900145,34,367,-333
112900146,6,763,-757
112900147,5,995,-990
112900148,48,0,48
112900149,272,508,-236
112900151,44,73,-29
112900152,3760,760,3000
112900153,1570,2719,-1149
112900154,1,129,-128
112900155,228,39,189
112900156,538,838,-300
112900157,289,20,269
112900158,84,19,65
112900159,325,160,165
112900160,72,233,-161
112900161,145,61,84
112900162,41,29,12
112900163,112,62,50
112900164,33,192,-159
112900165,112,29,83
112900166,22,75,-53
112900167,7,104,-97
112900168,7,2,5
112900169,23,28,-5
112900170,301,156,145
112900172,68,32,36
112900173,322,159,163
112900174,358,42,316
112900175,154,173,-19
112900176,18,98,-80
112900177,293,54,239
112900178,828,2894,-2066
112900179,27,428,-401
112900180,2554,1504,1050
112900181,794,17,777
112900182,65,666,-601
112900183,178,360,-182
112900184,446,527,-81
112900185,295,820,-525
112900186,1287,1439,-152
112900187,111,703,-592
112900188,731,1844,-1113
112900189,19,35,-16
112900190,17,75,-58
112900192,790,946,-156
112900193,1747,491,1256
112900194,69,87,-18
112900195,1065,41,1024
112900196,239,310,-71
112900197,236,358,-122
112900199,824,361,463
112900200,743,181,562
112900201,183,74,109
112900202,432,605,-173
112900203,322,226,96
112900204,883,581,302
112900205,13,11,2
112900206,32,52,-20
112900207,20,1,19
112900208,127,320,-193
112900209,391,353,38
112900210,0,16,-16
112900211,90,56,34
112900212,0,99,-99
112900213,47,53,-6
112900214,27,10,17
112900215,28,122,-94
112900216,31,48,-17
112900217,5,56,-51
112900218,101,52,49
112900219,111,14,97
112900220,2,0,2
112900221,66,94,-28
112900222,1,33,-32
112900223,1422,24,1398
112900224,518,381,137
112900225,563,336,227
112900226,328,432,-104
112900227,774,668,106
112900228,77,44,33
112900229,292,36,256
112900230,7558,4499,3059
112900232,382,350,32
112900233,69,113,-44
112900234,31,49,-18
112900235,136,27,109
112900236,354,7,347
112900237,273,152,121
112900238,9,20,-11
112900239,506,528,-22
113000001,6519,4550,1969
113000002,4324,3284,1040
113000003,1801,1515,286
113000004,1792,2105,-313
113000005,1960,886,1074
113000006,1182,1167,15
113000007,2198,949,1249
113000008,1633,1389,244
113000009,1434,671,763
113000010,1231,1112,119
113000011,774,1518,-744
113000012,2276,719,1557
113000013,1312,822,490
113000014,1287,1585,-298
113000015,457,304,153
113000016,420,1236,-816
113000017,128,338,-210
113000018,459,44,415
113000019,219,311,-92
113000020,405,88,317
113000021,1125,431,694
113000022,827,1056,-229
113000025,155,422,-267
113000026,466,533,-67
113000027,641,708,-67
113000028,793,813,-20
113000029,1092,685,407
113000030,401,635,-234
113000031,230,304,-74
113000032,321,354,-33
113000033,287,484,-197
113000034,341,348,-7
113000035,29,68,-39
113000036,33,85,-52
113000037,83,47,36
113000038,28,77,-49
113000039,73,430,-357
113000040,40,96,-56
113000042,766,566,200
113000051,1048,2399,-1351
113000052,1994,791,1203
113000053,557,357,200
113000054,491,653,-162
113000055,1648,427,1221
113000056,1173,800,373
113000058,771,770,1
113000059,1316,513,803
113000060,342,455,-113
113000061,570,802,-232
113000062,704,322,382
113000063,272,68,204
113000064,80,260,-180
113000065,162,580,-418
113000066,919,110,809
113000067,2881,1012,1869
113000068,417,874,-457
113000069,558,795,-237
113000070,2951,869,2082
113000071,481,578,-97
113000072,1001,430,571
113000073,442,1216,-774
113000074,1115,355,760
113000075,1983,717,1266
113000076,618,2115,-1497
113000077,1257,618,639
113000078,755,2490,-1735
113000079,720,998,-278
113000080,678,884,-206
113000081,1028,1108,-80
113000082,1239,1105,134
113000083,542,882,-340
113000084,1795,1336,459
113000085,970,750,220
113000086,1105,1164,-59
113000087,1112,982,130
113000088,2164,1442,722
113000089,977,1550,-573
113000090,270,725,-455
113000091,369,464,-95
113000094,1536,190,1346
113000095,209,663,-454
113000096,198,574,-376
113000097,1204,364,840
113000098,216,54,162
113000099,1604,534,1070
113000100,121,329,-208
113000101,352,545,-193
113000102,656,491,165
113000103,1714,403,1311
113000104,601,2335,-1734
113000105,1209,514,695
113000106,443,555,-112
113000107,1071,694,377
113000108,832,869,-37
113000109,702,1830,-1128
113000110,2338,526,1812
113000111,122,633,-511
113000112,299,262,37
113000113,1492,282,1210
113000114,334,1967,-1633
113000116,810,358,452
113000117,1179,239,940
113000118,64,674,-610
113000119,621,584,37
113000120,78,316,-238
113000121,866,1469,-603
113000124,249,142,107
113000125,91,907,-816
113000127,1767,292,1475
113000128,555,508,47
113000129,571,736,-165
113000133,1764,1735,29
113000134,5,1160,-1155
113000135,4298,4946,-648
113000137,1763,3846,-2083
113000139,390,338,52
113000140,125,269,-144
113000141,327,278,49
113000142,583,1505,-922
113000143,356,214,142
113000144,247,708,-461
113000145,103,126,-23
113000146,145,84,61
113000147,243,83,160
113000148,234,139,95
113000149,149,115,34
113000150,643,288,355
113000151,67,59,8
113000152,39,93,-54
113000153,1358,621,737
113000154,781,1575,-794
113000155,403,717,-314
113000156,150,329,-179
113000157,229,778,-549
113000158,737,260,477
113000159,1084,574,510
113000160,640,872,-232
113000161,276,352,-76
113000162,888,311,577
113000163,134,37,97
113000164,29,83,-54
113000166,213,83,130
113000167,61,76,-15
113000168,95,70,25
113000169,238,56,182
113000170,127,117,10
113000171,49,95,-46
113000172,359,71,288
113000173,97,21,76
113000174,128,316,-188
113000175,457,97,360
113000176,542,174,368
113000177,160,356,-196
113000178,166,238,-72
113000179,348,157,191
113000180,726,1094,-368
113000181,1050,721,329
113000182,190,422,-232
113000183,123,582,-459
113000184,29,104,-75
113000189,425,844,-419
113000190,729,593,136
113000192,970,2979,-2009
113000193,3107,1989,1118
113000194,1003,1137,-134
113000195,1829,1429,400
113000196,222,62,160
113000197,1538,1554,-16
113000198,58,217,-159
113000199,1976,543,1433
113000201,242,280,-38
113000202,4046,1212,2834
113000203,154,112,42
113000204,842,2588,-1746
113000205,19,32,-13
113000206,19,25,-6
113000207,80,16,64
113000208,50,46,4
113000209,26,26,0
113000210,7,21,-14
113000211,133,225,-92
113000212,46,20,26
113000213,37,175,-138
113000214,177,226,-49
113000234,162,594,-432
113000410,193,239,-46
113000411,2632,4428,-1796
113000412,4944,2415,2529
113000413,1817,2935,-1118
113000414,4668,14731,-10063
113000415,2377,2729,-352
113000416,6797,4036,2761
113000417,2628,2855,-227
113000418,5030,3932,1098
113000419,2234,2517,-283
113000420,4664,7029,-2365
113000421,4676,7748,-3072
113000422,11446,11815,-369
113000423,1967,5830,-3863
113000424,3120,10004,-6884
113000425,7,115,-108
113000428,51,71,-20
113000430,16,181,-165
113000432,2027,168,1859
113000433,72,527,-455
113000434,37,132,-95
113000435,36,330,-294
113000436,26,756,-730
113000437,1270,18,1252
113000438,363,9,354
113000439,18,49,-31
113000440,133,37,96
113000441,190,158,32
113000442,92,117,-25
113000443,280,115,165
113000444,199,104,95
113000445,105,66,39
113000446,27,72,-45
113000448,225,214,11
113000449,168,666,-498
113000450,630,2051,-1421
113000451,1195,198,997
113000452,365,363,2
113000453,34,399,-365
113000454,444,52,392
113000455,7,380,-373
113000456,3777,2822,955
113000468,1231,184,1047
113000469,111,238,-127
113000470,390,32,358
113000471,10,341,-331
113000472,116,273,-157
113000474,819,526,293
113000475,1549,1541,8
113000476,1760,1735,25
113000477,3889,1778,2111
113000478,3728,4022,-294
113000479,103,165,-62
113000480,146,256,-110
113000481,0,0,0
113000482,0,0,0
113000483,0,0,0
113000484,0,0,0
113000485,0,0,0
113000486,8,0,8
113000487,0,0,0
113000488,1,1,0
113000489,0,8,-8
113000490,0,16,-16
113000491,11,4,7
113000492,10,5,5
113000493,0,0,0
113000495,121,92,29
113000496,87,65,22
113000500,0,1,-1
113900001,4,211,-207
113900002,0,45,-45
113900003,0,60,-60
113900004,0,46,-46
113900005,0,49,-49
113900006,1,23,-22
113900007,53,35,18
113900008,31,1,30
113900009,62,0,62
113900010,55,0,55
113900011,63,0,63
113900012,67,1,66
113900013,151,1,150
113900014,627,2,625
113900015,0,69,-69
113900016,36,0,36
113900017,9,43,-34
113900018,364,278,86
113900019,196,42,154
113900020,145,1,144
113900022,49,1,48
113900023,16,0,16
113900024,23,30,-7
113900025,421,32,389
113900026,84,0,84
113900027,1,27,-26
113900028,32,303,-271
113900029,76,143,-67
113900030,280,2,278
113900031,33,1,32
113900032,34,1,33
113900033,48,62,-14
113900035,66,1,65
113900036,27,70,-43
113900037,141,264,-123
113900038,21,120,-99
113900039,228,22,206
113900040,13,28,-15
113900041,5,7,-2
113900042,68,57,11
113900043,144,82,62
113900044,265,320,-55
113900045,104,3,101
113900046,509,536,-27
113900047,66,106,-40
113900048,179,150,29
113900049,372,390,-18
113900050,309,314,-5
113900051,259,250,9
113900052,147,150,-3
113900053,643,592,51
113900054,32,10,22
113900055,114,323,-209
113900056,62,175,-113
113900057,11,58,-47
113900058,105,105,0
113900059,277,196,81
113900060,173,340,-167
113900061,745,207,538
113900062,135,16,119
113900063,150,106,44
113900064,32,100,-68
113900065,504,27,477
113900066,511,194,317
113900067,300,572,-272
113900068,553,526,27
113900069,57,33,24
113900070,162,387,-225
113900071,109,49,60
113900072,73,155,-82
113900073,318,314,4
113900074,483,1153,-670
113900075,1132,1417,-285
113900076,221,28,193
113900077,52,163,-111
113900078,30,37,-7
113900079,2,33,-31
113900080,597,184,413
113900081,66,146,-80
113900082,131,206,-75
113900083,512,245,267
113900084,219,134,85
113900085,45,237,-192
113900086,52,6,46
113900087,112,136,-24
113900088,82,89,-7
113900089,465,45,420
113900090,646,345,301
113900091,28,16,12
113900092,19,76,-57
113900093,70,878,-808
113900094,646,306,340
113900095,183,143,40
113900096,318,103,215
113900097,29,127,-98
113900098,761,114,647
113900099,0,19,-19
113900100,0,2,-2
113900101,7,76,-69
113900102,107,177,-70
113900103,340,331,9
113900104,167,203,-36
113900105,144,145,-1
113900106,2,50,-48
113900107,1,11,-10
113900108,188,231,-43
113900109,370,258,112
113900110,118,18,100
113900111,174,73,101
113900112,158,33,125
113900113,1309,420,889
113900114,1,55,-54
113900115,1,50,-49
113900116,99,196,-97
113900117,98,31,67
113900118,225,572,-347
113900119,173,457,-284
113900120,67,36,31
113900121,84,84,0
113900122,611,2504,-1893
113900123,597,162,435
113900124,0,70,-70
113900125,770,142,628
113900126,132,33,99
113900127,352,728,-376
113900128,152,94,58
113900129,11,199,-188
113900130,5,204,-199
113900131,334,65,269
113900132,38,60,-22
113900133,19,61,-42
113900135,319,279,40
113900136,127,67,60
113900137,391,305,86
113900138,62,282,-220
113900139,214,208,6
113900140,192,481,-289
113900141,645,225,420
113900142,168,58,110
113900143,18,54,-36
113900144,204,450,-246
113900145,350,123,227
113900146,177,38,139
113900148,107,310,-203
113900149,157,101,56
113900150,382,517,-135
113900151,510,160,350
113900152,57,70,-13
113900153,174,598,-424
113900154,3,133,-130
113900155,165,218,-53
113900156,206,346,-140
113900157,68,319,-251
113900158,504,796,-292
113900159,24,242,-218
113900160,423,492,-69
113900161,84,205,-121
113900162,443,1419,-976
113900163,245,196,49
113900164,407,78,329
113900165,718,326,392
113900166,166,207,-41
113900167,283,59,224
113900168,115,82,33
113900169,249,313,-64
113900171,260,70,190
113900172,11,122,-111
113900173,24,342,-318
113900174,834,544,290
113900175,441,167,274
113900176,446,418,28
113900177,316,179,137
113900178,277,141,136
113900179,33,275,-242
113900180,134,86,48
113900181,1099,136,963
113900182,837,1009,-172
113900183,42,67,-25
113900184,11,358,-347
113900185,149,56,93
113900186,55,37,18
113900187,24,104,-80
113900188,43,195,-152
113900189,269,135,134
113900190,251,106,145
113900191,129,190,-61
113900192,6,792,-786
113900193,27,150,-123
113900194,1399,791,608
113900195,258,284,-26
113900196,13,208,-195
113900197,1,81,-80
113900198,30,197,-167
113900199,150,615,-465
113900200,19,240,-221
113900201,0,125,-125
113900202,37,297,-260
113900203,1,82,-81
113900204,40,457,-417
113900205,11,161,-150
113900206,11,156,-145
113900207,3,61,-58
113900208,0,52,-52
113900209,0,58,-58
113900210,544,856,-312
113900211,221,65,156
113900212,223,329,-106
113900214,371,444,-73
113900215,83,121,-38
113900216,184,469,-285
113900217,91,169,-78
113900218,178,93,85
113900219,124,319,-195
113900220,143,122,21
113900221,432,410,22
113900222,202,577,-375
113900223,271,615,-344
113900224,75,41,34
113900225,1024,271,753
113900226,410,136,274
113900227,402,264,138
113900228,306,552,-246
113900229,65,969,-904
113900230,4117,4089,28
113900231,194,145,49
113900232,84,75,9
113900233,152,77,75
113900234,372,434,-62
113900235,145,36,109
113900236,212,194,18
113900237,295,25,270
113900238,227,555,-328
113900239,54,90,-36
113900240,5,190,-185
113900241,126,58,68
113900242,45,132,-87
113900243,86,328,-242
113900244,353,223,130
113900245,995,324,671
113900246,18,30,-12
113900247,116,491,-375
113900248,1942,2190,-248
113900249,753,507,246
113900250,99,196,-97
113900251,833,117,716
113900252,650,21,629
113900253,695,82,613
113900254,822,164,658
113900255,618,11,607
113900256,447,39,408
113900257,22,352,-330
113900258,23,315,-292
113900259,592,110,482
113900260,259,15,244
113900261,80,81,-1
113900262,135,351,-216
113900263,145,516,-371
113900264,9,367,-358
113900265,151,280,-129
113900266,23,142,-119
113900267,126,451,-325
113900268,394,388,6
113900269,58,116,-58
113900270,226,719,-493
113900271,669,816,-147
113900273,51,22,29
113900274,56,29,27
113900275,25,50,-25
113900276,1,94,-93
113900277,237,14,223
113900278,280,173,107
113900279,69,76,-7
113900280,1568,484,1084
113900281,733,1398,-665
113900282,746,622,124
113900283,410,428,-18
113900284,906,231,675
113900285,172,46,126
113900286,125,134,-9
113900287,87,22,65
113900288,1,124,-123
113900289,587,120,467
113900290,224,361,-137
113900291,99,139,-40
113900292,11,9,2
113900293,2,160,-158
113900294,551,18,533
113900295,455,363,92
113900296,1792,442,1350
113900297,2125,67,2058
113900298,26,1388,-1362
113900299,135,78,57
113900300,3775,4478,-703
113900301,671,506,165
113900302,1716,990,726
113900303,534,622,-88
113900304,2,99,-97
113900305,130,1,129
113900306,106,1,105
113900307,26,0,26
113900308,99,94,5
113900309,1,533,-532
113900310,0,10,-10
113900311,8,2,6
113900312,273,235,38
113900313,19,3,16
114000001,1066,1904,-838
114000002,320,283,37
114000003,43,290,-247
114000004,452,307,145
114000005,354,253,101
114000006,2402,1756,646
114000007,719,1154,-435
114000008,1426,1924,-498
114000009,956,257,699
114000011,3084,2021,1063
114000012,3181,1509,1672
114000013,2002,1458,544
114000014,410,198,212
114000015,2251,314,1937
114000016,281,215,66
114000017,131,421,-290
114000018,235,42,193
114000026,2347,1048,1299
114000027,4024,2011,2013
114000028,2691,2779,-88
114000038,305,125,180
114000039,95,45,50
114000040,194,207,-13
114000042,234,150,84
114000043,46,80,-34
114000044,333,42,291
114000045,53,54,-1
114000046,2748,4289,-1541
114000047,8,128,-120
114000048,95,27,68
114000049,1717,1335,382
114000050,1947,1810,137
114000051,3416,1943,1473
114000052,4250,2000,2250
114000053,113,802,-689
114000054,276,781,-505
114000055,228,26,202
114000056,607,1090,-483
114000057,4172,1942,2230
114000058,391,1843,-1452
114000059,239,389,-150
114000060,509,788,-279
114000061,2505,3339,-834
114000062,1680,1965,-285
114000063,1730,1306,424
114000064,3879,3875,4
114000065,1459,1918,-459
114000066,484,512,-28
114000067,47,900,-853
114000068,510,687,-177
114000069,1094,572,522
114000070,2173,1700,473
114000071,833,481,352
114000072,540,186,354
114000073,12,46,-34
114000074,80,26,54
114000075,79,54,25
114000076,36,59,-23
114000077,9,22,-13
114000078,412,439,-27
114000079,214,19,195
114000080,63,106,-43
114000081,113,107,6
114000082,39,312,-273
114000083,71,177,-106
114000084,365,112,253
114000085,84,491,-407
114000086,259,283,-24
114000087,203,123,80
114000088,38,23,15
114000089,594,325,269
114000090,1021,952,69
114000091,1536,834,702
114000092,1274,490,784
114000093,1744,636,1108
114000094,569,339,230
114000095,286,134,152
114000096,122,283,-161
114000097,108,362,-254
114000098,727,92,635
114000099,767,313,454
114000100,1837,483,1354
114000101,472,452,20
114000102,690,318,372
114000103,163,249,-86
114000104,18,174,-156
114000105,211,96,115
114000106,804,1481,-677
114000107,490,142,348
114000108,879,819,60
114000109,718,1169,-451
114000110,616,1055,-439
114000111,2386,801,1585
114000112,571,1325,-754
114000113,1248,497,751
114000114,1175,1049,126
114000115,2240,1118,1122
114000116,1279,882,397
114000117,3906,525,3381
114000118,3239,505,2734
114000119,2208,548,1660
114000120,701,636,65
114000121,483,700,-217
114000122,401,358,43
114000123,2366,317,2049
114000124,1120,253,867
114000125,675,922,-247
114000126,1955,231,1724
114000127,389,190,199
114000128,894,356,538
114000130,562,485,77
114000131,338,108,230
114000132,769,363,406
114000133,999,1089,-90
114000134,71,105,-34
114000138,46,149,-103
114000139,571,307,264
114000144,1070,584,486
114000145,107,131,-24
114000146,102,185,-83
114000147,1685,2083,-398
114000148,1544,1893,-349
114000149,346,376,-30
114000150,409,679,-270
114000151,664,1574,-910
114000152,125,31,94
114000153,707,2056,-1349
114000154,541,537,4
114000155,1211,2226,-1015
114000156,695,602,93
114000157,259,952,-693
114000158,1099,672,427
114000159,132,412,-280
114000160,121,344,-223
114000161,1263,3372,-2109
114000162,1330,3036,-1706
114000163,22,82,-60
114000165,633,328,305
114000166,557,492,65
114000167,2397,1416,981
114000168,584,521,63
114000169,1384,1622,-238
114000170,1102,1014,88
114000171,1374,2650,-1276
114000174,202,431,-229
114000176,334,385,-51
114000177,1351,628,723
114000178,34,51,-17
114000179,1131,641,490
114000180,456,516,-60
114000181,1772,3946,-2174
114000182,2217,2045,172
114000183,637,568,69
114000184,456,758,-302
114000185,1286,739,547
114000189,1515,165,1350
114000190,3446,478,2968
114000191,57,124,-67
114000192,202,977,-775
114000193,518,1618,-1100
114000194,1379,661,718
114000195,213,56,157
114000196,2,146,-144
114000197,1759,47,1712
114000198,760,363,397
114000199,1814,1719,95
114000200,562,1171,-609
114000201,173,604,-431
114000202,895,428,467
114000203,438,483,-45
114000204,159,385,-226
114000205,221,1077,-856
114000206,664,1080,-416
114000207,527,1216,-689
114000208,478,1661,-1183
114000209,565,1471,-906
114000210,243,930,-687
114000211,1227,1098,129
114000212,1011,800,211
114000213,1517,610,907
114000214,103,146,-43
114000215,231,90,141
114000216,1366,345,1021
114000217,434,214,220
114000218,225,161,64
114000219,1585,167,1418
114000220,20,627,-607
114000221,920,141,779
114000222,163,665,-502
114000223,559,154,405
114000224,71,490,-419
114000225,290,408,-118
114000226,238,216,22
114000227,852,412,440
114000228,993,563,430
114000229,1481,1092,389
114000230,1663,909,754
114000231,1148,1072,76
114000232,924,166,758
114000233,2535,139,2396
114000234,1121,721,400
114000235,1206,1110,96
114000236,0,356,-356
114000237,129,679,-550
114000238,132,185,-53
114000239,183,720,-537
114000240,839,682,157
114000241,282,576,-294
114000242,803,587,216
114000243,1794,771,1023
114000244,525,239,286
114000245,444,683,-239
114000246,88,45,43
114000247,503,504,-1
114000248,1304,452,852
114000249,595,329,266
114000250,649,580,69
114000251,532,181,351
114000252,46,45,1
114000253,88,136,-48
114000254,76,53,23
114000255,623,209,414
114000256,922,2514,-1592
114000257,333,990,-657
114000258,281,348,-67
114000259,97,163,-66
114000260,0,30,-30
114000261,51,50,1
114000262,300,124,176
114000263,0,2,-2
114000264,1407,367,1040
114000265,0,1,-1
114000267,3,1383,-1380
114000268,5,1066,-1061
114000270,136,2,134
114000271,289,65,224
114000283,1430,359,1071
114000285,28,130,-102
114000288,103,237,-134
114000289,1634,106,1528
114000293,326,493,-167
114000294,224,304,-80
114000395,1230,33,1197
114000396,735,617,118
114000402,699,208,491
114000403,402,273,129
114000405,191,225,-34
114000423,324,246,78
114000424,656,170,486
114000425,934,238,696
114000426,350,783,-433
114000427,74,99,-25
114000428,115,156,-41
114000429,15,171,-156
114000432,134,78,56
114000434,37,68,-31
114000435,16,123,-107
114000436,1678,579,1099
114000437,448,4375,-3927
114900001,800,503,297
114900002,551,145,406
114900003,895,823,72
114900004,218,414,-196
114900005,546,567,-21
114900006,68,99,-31
114900007,314,21,293
114900008,203,83,120
114900010,1285,1647,-362
114900011,259,153,106
114900013,239,147,92
114900015,98,469,-371
114900018,946,25,921
114900020,213,84,129
114900022,0,578,-578
114900024,356,180,176
114900025,614,179,435
114900026,65,156,-91
114900027,321,219,102
114900029,22,14,8
114900030,354,182,172
114900031,423,16,407
114900032,486,21,465
114900033,694,1126,-432
114900034,42,158,-116
114900035,132,225,-93
114900036,185,445,-260
114900037,140,108,32
114900038,201,446,-245
114900039,604,276,328
114900040,89,84,5
114900041,870,288,582
114900042,1042,473,569
114900043,412,193,219
114900044,209,55,154
114900046,48,86,-38
114900047,276,2460,-2184
114900048,118,177,-59
114900049,13,108,-95
114900050,74,237,-163
114900051,20,310,-290
114900052,73,222,-149
114900053,98,272,-174
114900054,64,104,-40
114900057,244,16,228
114900058,0,59,-59
114900059,114,52,62
114900060,719,721,-2
114900061,113,93,20
114900062,223,324,-101
114900063,65,121,-56
114900064,1845,350,1495
114900065,466,664,-198
114900067,43,342,-299
114900068,42,135,-93
114900069,220,109,111
114900070,632,255,377
114900072,2,257,-255
114900073,2,146,-144
114900074,782,442,340
114900075,395,9,386
114900076,11,273,-262
114900080,1368,295,1073
114900082,2665,2351,314
114900083,994,1059,-65
114900090,474,217,257
114900091,107,184,-77
114900095,258,121,137
114900096,402,551,-149
114900097,176,0,176
114900098,2,142,-140
114900099,290,5,285
115000001,4291,2755,1536
115000002,4422,4965,-543
115000003,4014,2162,1852
115000004,5341,6248,-907
115000005,1528,1779,-251
115000006,1233,1383,-150
115000007,173,196,-23
115000008,396,588,-192
115000009,225,181,44
115000010,294,197,97
115000013,85,186,-101
115000015,74,317,-243
115000016,163,425,-262
115000019,91,440,-349
115000020,126,820,-694
115000021,247,406,-159
115000022,487,363,124
115000023,447,811,-364
115000024,996,372,624
115000025,976,848,128
115000026,207,350,-143
115000027,299,270,29
115000028,309,749,-440
115000029,742,120,622
115000030,1084,1033,51
115000031,1594,366,1228
115000032,13,252,-239
115000033,138,50,88
115000034,72,1117,-1045
115000035,1248,89,1159
115000036,0,387,-387
115000037,639,21,618
115000038,64,147,-83
115000039,3020,4187,-1167
115000040,4179,2557,1622
115000041,1342,3479,-2137
115000042,841,548,293
115000043,3952,2185,1767
115000044,3356,2791,565
115000045,2528,1171,1357
115000046,2873,2163,710
115000047,2772,1270,1502
115000048,1910,1726,184
115000049,1618,2635,-1017
115000050,3344,1484,1860
115000051,1630,3192,-1562
115000052,1517,1516,1
115000053,2081,1843,238
115000054,611,929,-318
115000055,143,899,-756
115000056,223,505,-282
115000057,593,1015,-422
115000058,338,397,-59
115000059,191,118,73
115000061,134,162,-28
115000062,206,223,-17
115000063,562,253,309
115000064,240,109,131
115000065,54,529,-475
115000067,171,11,160
115000069,86,336,-250
115000070,29,895,-866
115000071,164,8,156
115000072,13,66,-53
115000073,1605,69,1536
115000075,110,62,48
115000076,2848,2362,486
115000077,2184,1640,544
115000078,1417,1069,348
115000079,1449,1158,291
115000080,2831,1617,1214
115000081,457,728,-271
115000082,4712,3511,1201
115000083,2044,1568,476
115000084,3048,958,2090
115000085,910,752,158
115000086,1352,681,671
115000087,372,1216,-844
115000088,2037,707,1330
115000089,1247,1160,87
115000090,617,789,-172
115000091,237,738,-501
115000092,725,424,301
115000093,538,0,538
115000094,5249,6021,-772
115000095,4103,6469,-2366
115000096,880,951,-71
115000097,1424,977,447
115000098,1395,618,777
115000099,2743,1956,787
115000100,1184,362,822
115000101,403,1122,-719
115000102,563,235,328
115000103,289,506,-217
115000105,60,120,-60
115000106,776,337,439
115000107,195,326,-131
115000108,2526,1791,735
115000109,3666,5194,-1528
115000110,1504,1781,-277
115000111,744,1364,-620
115000112,992,718,274
115000113,881,759,122
115000114,1585,664,921
115000116,3581,2175,1406
115000117,3219,3019,200
115000118,2507,1699,808
115000119,1824,2192,-368
115000120,609,1682,-1073
115000121,1009,1003,6
115000122,2425,2046,379
115000123,1409,3124,-1715
115000124,869,1296,-427
115000125,477,804,-327
115000126,181,286,-105
115000127,355,147,208
115000128,369,737,-368
115000129,360,439,-79
115000130,476,625,-149
115000131,942,227,715
115000132,333,212,121
115000133,648,227,421
115000134,387,235,152
115000135,362,183,179
115000136,310,279,31
115000137,105,150,-45
115000138,441,298,143
115000139,267,189,78
115000140,411,201,210
115000141,225,195,30
115000142,234,185,49
115000143,1016,550,466
115000144,446,57,389
115000145,254,209,45
115000146,513,357,156
115000147,340,342,-2
115000148,313,648,-335
115000149,663,255,408
115000150,699,558,141
115000151,1371,435,936
115000152,663,660,3
115000153,1378,517,861
115000154,991,263,728
115000155,641,667,-26
115000156,1253,699,554
115000157,697,732,-35
115000158,635,401,234
115000159,651,693,-42
115000160,595,708,-113
115000161,554,462,92
115000162,708,868,-160
115000163,494,637,-143
115000164,703,512,191
115000165,366,484,-118
115000167,132,58,74
115000168,496,335,161
115000169,476,382,94
115000170,128,125,3
115000171,273,238,35
115000172,898,677,221
115000173,392,689,-297
115000174,181,366,-185
115000175,169,192,-23
115000176,270,142,128
115000177,277,221,56
115000178,33,225,-192
115000179,52,60,-8
115000180,136,357,-221
115000181,873,123,750
115000182,1038,279,759
115000183,430,666,-236
115000186,625,260,365
115000187,236,605,-369
115000188,369,484,-115
115000189,261,405,-144
115000190,731,556,175
115000191,160,618,-458
115000194,168,161,7
115000195,318,236,82
115000196,264,76,188
115000197,251,197,54
115000198,490,127,363
115000199,415,153,262
115000200,408,99,309
115000201,177,354,-177
115000206,461,77,384
115000207,217,256,-39
115000208,324,537,-213
115000209,625,367,258
115000210,195,103,92
115000211,228,242,-14
115000212,1323,331,992
115000224,418,49,369
115000225,69,76,-7
115000229,189,146,43
115000230,117,376,-259
115000231,319,933,-614
115000232,1920,310,1610
115000233,120,173,-53
115000234,25,288,-263
115000241,114,154,-40
115000242,144,162,-18
115000243,75,172,-97
115000244,15,116,-101
115000246,31,28,3
115000247,37,11,26
115000248,45,25,20
115000249,39,20,19
115000250,281,23,258
115000251,280,90,190
115000252,143,191,-48
115000253,21,358,-337
115000258,362,110,252
115000259,345,133,212
115000261,19,23,-4
115000262,36,26,10
115000263,21,45,-24
115000264,35,32,3
115000267,77,68,9
115000268,39,96,-57
115000269,118,45,73
115000270,7,21,-14
115000272,72,153,-81
115000273,484,41,443
115000280,1688,612,1076
115000281,381,1363,-982
115000282,934,1056,-122
115000284,213,156,57
115000296,982,22,960
115000297,147,324,-177
115000298,75,639,-564
115000300,251,177,74
115000302,571,129,442
115000303,1012,92,920
115000304,1011,50,961
115000305,180,524,-344
115000306,315,237,78
115000307,143,184,-41
115000308,18,18,0
115000309,10,58,-48
115000310,1186,607,579
115000311,1336,1027,309
115000313,92,454,-362
115000314,595,162,433
115000315,609,538,71
115000316,82,126,-44
115000317,222,342,-120
115000318,1030,301,729
115000319,67,202,-135
115000320,26,345,-319
115000321,343,19,324
115000322,51,159,-108
115000449,242,196,46
115000557,14,1582,-1568
115000558,263,88,175
115000587,649,343,306
115000588,1783,2250,-467
115000589,3598,2134,1464
115000590,1245,1235,10
115000591,1965,628,1337
115000592,765,1784,-1019
115000593,1580,550,1030
115000594,652,2481,-1829
115000609,125,105,20
115000617,1286,3925,-2639
115000624,335,50,285
115000633,572,1872,-1300
115000634,2666,846,1820
115000635,580,96,484
115000638,561,574,-13
115000641,37,136,-99
115000642,395,252,143
115000643,147,439,-292
115000644,145,348,-203
115000646,1077,1485,-408
115000647,164,446,-282
115000648,2255,1364,891
115000893,2029,1383,646
115000894,180,871,-691
115000895,332,587,-255
115000896,933,306,627
115000897,477,141,336
115000898,618,264,354
115000899,296,1080,-784
115000900,76,271,-195
115000901,57,121,-64
115000912,399,132,267
115000913,3,17,-14
115000915,20,1,19
115000916,14,0,14
115000917,0,13,-13
115000918,107,1087,-980
115000919,4,18,-14
115000920,16,48,-32
115000921,558,105,453
115000922,516,729,-213
115000923,183,807,-624
115000925,108,92,16
115000927,50,63,-13
115000933,116,170,-54
115000934,194,168,26
115000935,160,69,91
115900001,167,38,129
115900002,88,110,-22
115900003,175,65,110
115900004,2,37,-35
115900005,236,19,217
115900006,129,183,-54
115900008,91,8,83
115900009,104,145,-41
115900010,435,116,319
115900011,572,325,247
115900012,231,69,162
115900013,406,136,270
115900014,147,141,6
115900015,160,46,114
115900016,114,36,78
115900017,31,13,18
115900018,144,54,90
115900019,541,32,509
115900020,95,0,95
115900021,1075,258,817
115900022,664,41,623
115900023,20,5,15
115900025,42,323,-281
115900026,772,155,617
115900027,1,181,-180
115900028,650,64,586
115900029,19,289,-270
115900030,45,24,21
115900031,230,314,-84
115900032,440,508,-68
115900033,0,54,-54
115900034,35,271,-236
115900035,92,23,69
115900036,38,890,-852
115900037,29,233,-204
115900038,57,16,41
115900039,206,123,83
115900041,322,647,-325
115900042,45,5,40
115900043,124,48,76
115900044,196,375,-179
115900046,384,165,219
115900047,186,207,-21
115900049,134,167,-33
115900051,3,43,-40
115900052,6,95,-89
115900053,299,151,148
115900054,286,22,264
115900055,13,74,-61
115900056,280,206,74
115900057,47,12,35
115900058,50,28,22
115900060,238,115,123
115900061,279,5,274
115900062,63,197,-134
115900063,67,10,57
115900064,234,223,11
115900065,184,88,96
115900066,134,96,38
115900067,17,314,-297
115900068,1992,1111,881
115900069,67,168,-101
115900070,206,97,109
115900071,1,259,-258
115900072,55,126,-71
115900073,105,82,23
115900074,5,178,-173
115900075,25,168,-143
115900076,8,34,-26
115900077,8,187,-179
115900078,49,108,-59
115900079,347,18,329
115900080,344,154,190
115900081,11,39,-28
115900082,161,138,23
115900084,680,37,643
115900085,53,54,-1
115900086,1325,454,871
115900088,28,89,-61
115900089,440,480,-40
115900090,453,13,440
115900091,8,26,-18
115900092,41,86,-45
115900093,8,25,-17
115900094,3,136,-133
115900096,11,6,5
115900097,6,202,-196
115900098,262,252,10
115900099,135,63,72
115900100,17,295,-278
115900101,180,183,-3
115900102,107,92,15
115900103,316,128,188
115900104,85,75,10
115900105,328,378,-50
115900106,127,24,103
115900107,108,82,26
115900108,202,19,183
115900109,43,331,-288
115900110,2,17,-15
115900111,4,69,-65
115900112,35,755,-720
115900113,49,16,33
115900114,4,93,-89
115900115,111,204,-93
115900116,121,693,-572
115900117,110,12,98
115900118,1,192,-191
115900119,182,128,54
115900120,35,234,-199
115900121,225,185,40
115900124,378,622,-244
115900125,386,51,335
115900126,854,62,792
115900127,794,64,730
115900128,4,101,-97
115900129,828,54,774
115900130,25,197,-172
115900131,303,20,283
115900132,582,6,576
115900134,345,18,327
115900135,374,1455,-1081
115900137,27,7,20
115900139,41,73,-32
115900140,276,49,227
115900141,4,40,-36
115900142,5,24,-19
115900143,327,570,-243
115900144,132,231,-99
115900146,21,57,-36
115900147,210,317,-107
115900148,64,16,48
115900149,147,17,130
115900150,106,19,87
115900151,8,126,-118
115900152,186,286,-100
115900153,136,195,-59
115900154,369,270,99
115900155,1,35,-34
115900156,695,782,-87
115900157,218,407,-189
115900158,8,15,-7
115900159,168,149,19
115900160,4,9,-5
115900161,230,172,58
115900163,290,138,152
115900164,725,43,682
115900165,5,161,-156
115900166,187,139,48
115900168,120,137,-17
115900171,128,319,-191
115900172,80,94,-14
115900173,233,120,113
115900174,250,143,107
115900175,178,203,-25
115900178,4,351,-347
115900179,364,13,351
115900180,19,80,-61
115900181,238,120,118
115900182,445,117,328
115900183,55,69,-14
115900184,1005,18,987
115900187,8,138,-130
115900189,1,268,-267
115900190,334,1499,-1165
115900191,30,265,-235
115900192,27,104,-77
115900193,238,93,145
115900194,692,45,647
115900195,591,2266,-1675
115900198,239,332,-93
115900199,230,188,42
115900200,218,282,-64
115900201,426,307,119
115900202,1,63,-62
115900203,4,16,-12
115900204,0,8,-8
115900205,47,9,38
115900206,294,153,141
115900207,47,23,24
115900208,117,93,24
115900209,7,139,-132
115900210,2,92,-90
115900211,1,199,-198
115900212,195,184,11
115900213,74,137,-63
115900214,512,166,346
115900215,30,212,-182
115900216,4,105,-101
115900217,0,34,-34
115900218,8,24,-16
115900219,158,11,147
115900220,260,6,254
115900221,128,13,115
115900222,91,40,51
115900223,21,444,-423
115900224,602,1462,-860
115900225,66,58,8
115900226,25,34,-9
115900227,25,43,-18
115900228,10,28,-18
115900229,13,36,-23
115900230,43,86,-43
115900231,123,7,116
115900232,61,0,61
115900233,104,16,88
115900234,56,26,30
115900235,31,35,-4
115900236,69,34,35
115900237,21,19,2
115900238,25,14,11
115900239,17,41,-24
115900240,16,45,-29
115900241,290,107,183
115900242,215,352,-137
115900243,28,2,26
115900244,13,8,5
115900245,49,3,46
115900246,8,10,-2
115900247,31,14,17
115900248,24,3,21
115900249,7,13,-6
115900250,5,31,-26
115900251,2,21,-19
115900252,4,2,2
115900253,10,14,-4
115900254,5,18,-13
115900255,1,7,-6
115900256,4,9,-5
115900257,6,4,2
115900258,0,4,-4
115900259,4,1,3
115900260,6,1,5
115900261,13,2,11
115900262,7,2,5
115900263,16,3,13
115900264,28,1,27
115900265,2,4,-2
115900266,5,15,-10
115900267,11,22,-11
115900268,9,10,-1
115900269,603,307,296
115900270,394,247,147
115900271,110,0,110
115900272,47,5,42
115900273,14,29,-15
115900274,1,4,-3
115900275,2,13,-11
115900276,0,7,-7
115900277,0,17,-17
115900278,44,98,-54
115900279,10,181,-171
115900280,10,555,-545
115900281,220,185,35
116000001,7770,3622,4148
116000002,5145,13592,-8447
116000003,1533,1331,202
116000004,3116,4530,-1414
116000005,1669,2725,-1056
116000006,2528,2941,-413
116000007,2732,3357,-625
116000008,4872,2740,2132
116000009,1392,1620,-228
116000010,2568,1783,785
116000011,830,1686,-856
116000012,1768,1154,614
116000013,5790,3338,2452
116000014,8013,13684,-5671
116000015,296,1610,-1314
116000016,5079,4389,690
116000017,32,873,-841
116000018,652,328,324
116000019,1185,331,854
116000020,641,935,-294
116000021,596,311,285
116000022,412,344,68
116000023,1466,816,650
116000024,613,598,15
116000025,1025,923,102
116000026,1590,2394,-804
116000027,824,653,171
116000028,463,996,-533
116000029,610,685,-75
116000030,912,540,372
116000031,225,332,-107
116000032,377,177,200
116000033,388,408,-20
116000034,773,738,35
116000035,277,764,-487
116000036,1352,1309,43
116000037,543,458,85
116000038,362,499,-137
116000039,475,447,28
116000040,720,436,284
116000041,201,441,-240
116000042,544,323,221
116000043,97,660,-563
116000044,7,39,-32
116000045,1874,1547,327
116000046,1174,1719,-545
116000047,1709,2264,-555
116000048,1933,1764,169
116000049,1579,2778,-1199
116000050,1649,1271,378
116000051,6863,2578,4285
116000052,5728,4593,1135
116000053,2539,706,1833
116000054,756,2199,-1443
116000055,897,734,163
116000056,902,1068,-166
116000057,2967,1603,1364
116000058,3561,3361,200
116000059,3340,5646,-2306
116000060,1825,917,908
116000061,327,1147,-820
116000062,627,208,419
116000063,613,1288,-675
116000066,319,630,-311
116000067,192,397,-205
116000068,228,295,-67
116000069,238,326,-88
116000078,628,1207,-579
116000080,2094,756,1338
116000082,22,33,-11
116000083,2020,406,1614
116000084,1964,3017,-1053
116000085,2490,2260,230
116000086,1400,792,608
116000087,2154,1680,474
116000088,803,975,-172
116000089,182,75,107
116000090,97,143,-46
116000091,312,355,-43
116000093,1529,699,830
116000094,997,506,491
116000095,962,650,312
116000096,1002,1664,-662
116000097,1065,599,466
116000098,66,7640,-7574
116000099,5345,208,5137
116000100,289,21,268
116000101,1047,524,523
116000102,264,725,-461
116000103,542,314,228
116000104,191,944,-753
116000105,1353,162,1191
116000106,497,834,-337
116000107,2983,224,2759
116000108,264,204,60
116000111,163,25,138
116000113,188,89,99
116000114,29,156,-127
116000115,409,117,292
116000116,270,348,-78
116000117,1803,1733,70
116000118,1717,1027,690
116000119,3871,1764,2107
116000120,2741,2947,-206
116000121,1102,542,560
116000122,1169,1211,-42
116000123,1534,436,1098
116000124,464,759,-295
116000125,3464,842,2622
116000126,303,1058,-755
116000127,1014,911,103
116000128,2159,928,1231
116000129,1580,252,1328
116000130,746,595,151
116000133,1503,753,750
116000134,1698,1476,222
116000135,3238,1340,1898
116000136,944,1617,-673
116000137,1361,886,475
116000138,1082,593,489
116000139,1822,2260,-438
116000140,218,185,33
116000141,328,477,-149
116000142,2948,2101,847
116000143,1896,1939,-43
116000144,1604,1604,0
116000145,2044,1119,925
116000146,736,125,611
116000147,191,142,49
116000148,599,604,-5
116000149,705,833,-128
116000151,491,444,47
116000153,127,322,-195
116000155,159,212,-53
116000156,1157,944,213
116000157,109,9,100
116000158,387,370,17
116000159,41,12,29
116000160,12,43,-31
116000161,4,92,-88
116000162,92,115,-23
116000163,33,11,22
116000164,15,33,-18
116000177,184,93,91
116000194,112,374,-262
116000195,1256,661,595
116000196,19,5,14
116000197,10,10,0
116000198,2672,1193,1479
116000200,787,557,230
116000201,682,717,-35
116000202,1,235,-234
116000203,3,67,-64
116000204,18,42,-24
116000205,1,135,-134
116000206,9,124,-115
116000207,8,48,-40
116000233,220,312,-92
116000287,203,301,-98
116000288,351,204,147
116000292,72,121,-49
116000296,25,235,-210
116000297,71,29,42
116000304,210,11,199
116000305,7,99,-92
116000346,222,83,139
116000352,152,47,105
116000354,42,27,15
116000357,27,42,-15
116000358,408,85,323
116000361,57,1,56
116000372,3551,5083,-1532
116000381,121,0,121
116000388,0,43,-43
116000389,926,577,349
116000445,570,319,251
116000446,664,436,228
116000447,20,540,-520
116000448,524,144,380
116000563,998,1182,-184
116000565,32,337,-305
116000568,64,348,-284
116000579,32,108,-76
116000584,43,2,41
116000585,46,23,23
116000586,73,106,-33
116000587,575,743,-168
116000589,42,53,-11
116000590,96,55,41
116000591,285,184,101
116000592,12,76,-64
116000593,0,31,-31
116000594,778,413,365
116000595,711,231,480
116000596,103,3,100
116000597,469,124,345
116000598,40,123,-83
116000602,67,527,-460
116000605,170,129,41
116000606,70,241,-171
116000607,8,56,-48
116000609,180,970,-790
116000611,185,309,-124
116000612,891,1901,-1010
116000613,720,323,397
116000614,413,387,26
116000615,1,401,-400
116000616,56,74,-18
116000617,92,24,68
116000618,5,45,-40
116000619,31,97,-66
116000620,173,108,65
116000621,68,159,-91
116000622,75,150,-75
116000624,203,81,122
116000627,18,12,6
116000628,38,129,-91
116000629,23,164,-141
116000630,359,29,330
116000631,115,21,94
116000632,611,154,457
116000633,30,314,-284
116000634,685,28,657
116000635,1676,2076,-400
116900001,229,193,36
116900002,236,1,235
116900003,62,42,20
116900004,41,89,-48
116900005,314,52,262
116900006,98,425,-327
116900007,123,189,-66
116900008,460,226,234
116900009,31,9,22
116900010,5,866,-861
116900011,4,39,-35
116900012,170,218,-48
116900013,5,144,-139
116900014,169,136,33
116900015,507,44,463
116900016,264,2,262
116900017,2,366,-364
116900018,122,71,51
116900019,6,227,-221
116900020,679,1257,-578
116900023,125,29,96
116900024,747,40,707
116900025,1434,704,730
116900026,124,507,-383
116900027,28,65,-37
116900028,5,96,-91
116900029,1,57,-56
116900031,1,6,-5
116900032,4,235,-231
116900033,23,8,15
116900034,9,46,-37
116900035,168,179,-11
116900036,6,95,-89
116900038,23,2,21
116900041,49,14,35
116900042,398,241,157
116900043,54,53,1
116900045,189,87,102
116900047,28,202,-174
116900049,45,311,-266
116900050,136,343,-207
116900051,213,175,38
116900052,170,47,123
116900055,2,12,-10
116900057,19,147,-128
116900058,28,286,-258
116900059,2,103,-101
116900060,147,179,-32
116900062,0,2,-2
116900064,92,474,-382
116900065,25,103,-78
116900067,98,59,39
116900068,159,203,-44
116900070,10,3,7
116900072,22,317,-295
116900073,25,91,-66
116900074,10,32,-22
116900076,11,33,-22
116900077,8,97,-89
116900078,192,82,110
116900079,35,181,-146
116900080,7,28,-21
116900081,443,900,-457
116900082,382,820,-438
116900083,42,39,3
116900084,127,45,82
116900085,57,128,-71
116900086,31,147,-116
116900088,368,60,308
116900090,121,34,87
116900091,410,29,381
116900092,97,544,-447
116900093,1618,1671,-53
116900094,3155,4438,-1283
116900095,225,78,147
116900096,188,402,-214
116900097,2152,3691,-1539
116900098,773,321,452
116900099,621,849,-228
116900100,1085,76,1009
116900101,313,404,-91
116900103,6,1,5
116900104,58,71,-13
116900105,322,210,112
116900106,2488,104,2384
116900107,2602,2921,-319
116900110,29,0,29
116900111,644,449,195
116900112,317,730,-413
116900113,1619,1433,186
116900116,99,639,-540
116900117,182,119,63
116900118,557,810,-253
116900120,528,73,455
116900121,182,18,164
116900122,1203,573,630
116900123,247,616,-369
116900124,209,743,-534
116900125,511,203,308
116900126,115,628,-513
116900128,1,37,-36
116900129,1,297,-296
116900130,478,4310,-3832
116900131,99,390,-291
116900132,78,118,-40
116900133,184,170,14
116900134,237,312,-75
116900136,244,184,60
116900137,284,160,124
116900138,273,148,125
116900139,194,429,-235
116900140,227,147,80
116900141,979,391,588
116900142,10,51,-41
116900143,392,292,100
116900144,37,69,-32
116900145,78,189,-111
116900147,411,532,-121
116900148,3,35,-32
116900149,97,215,-118
116900150,18,16,2
116900151,27,9,18
116900153,175,89,86
116900154,465,648,-183
116900155,67,83,-16
116900157,828,172,656
116900158,152,310,-158
116900159,61,300,-239
116900160,1120,736,384
116900161,4487,8181,-3694
116900162,43,60,-17
116900163,199,65,134
116900164,88,61,27
116900165,292,253,39
116900166,55,53,2
116900167,470,50,420
116900168,388,69,319
116900169,448,614,-166
116900170,424,533,-109
116900171,29,138,-109
116900172,156,443,-287
116900173,283,34,249
116900174,71,55,16
116900175,194,224,-30
116900178,50,128,-78
116900179,138,356,-218
116900180,98,35,63
116900182,519,241,278
116900183,170,93,77
116900185,48,60,-12
116900186,69,176,-107
116900187,65,43,22
116900188,201,28,173
116900189,84,2,82
116900191,456,575,-119
116900192,338,95,243
116900194,179,1494,-1315
116900195,56,20,36
116900196,28,61,-33
116900197,189,14,175
116900198,146,294,-148
116900200,115,23,92
116900201,174,8,166
116900202,139,60,79
116900203,228,2,226
116900204,50,109,-59
116900206,6,12,-6
116900207,27,33,-6
116900208,9,74,-65
116900209,23,83,-60
116900210,567,283,284
116900211,275,3,272
116900212,119,30,89
116900213,290,95,195
116900214,212,161,51
116900215,98,52,46
116900216,297,170,127
116900218,8,185,-177
116900219,1193,299,894
116900220,140,251,-111
116900221,117,354,-237
116900222,410,369,41
116900223,136,257,-121
116900226,173,55,118
116900227,200,50,150
116900228,317,134,183
116900230,62,210,-148
116900231,31,275,-244
116900232,25,325,-300
116900233,404,80,324
116900234,31,9,22
116900235,151,197,-46
116900238,1308,299,1009
116900239,81,1593,-1512
116900240,4468,3347,1121
116900241,145,83,62
116900242,265,785,-520
116900243,5,91,-86
116900245,31,19,12
116900246,133,19,114
116900247,866,21,845
116900248,113,29,84
116900249,436,95,341
116900250,396,40,356
116900251,390,674,-284
116900252,159,725,-566
116900253,111,63,48
116900254,34,104,-70
116900255,118,94,24
116900256,466,114,352
116900257,14,287,-273
116900258,7,142,-135
116900259,238,13,225
116900260,4,75,-71
116900261,58,1,57
116900262,272,162,110
116900263,3,9,-6
116900264,0,2,-2
116900265,37,5,32
116900266,11,37,-26
116900267,3,1,2
116900268,260,301,-41
116900269,326,588,-262
116900271,1087,332,755
116900272,303,231,72
116900273,120,94,26
116900274,120,44,76
116900275,142,85,57
116900276,441,192,249
116900277,448,27,421
116900278,5,5,0
116900279,0,18,-18
116900280,22,21,1
116900281,4299,5483,-1184
116900282,7,85,-78
116900283,9,74,-65
116900284,23,142,-119
116900285,174,232,-58
116900286,146,31,115
116900287,5,27,-22
116900288,88,96,-8
116900289,14,8,6
116900290,11,21,-10
116900291,34,13,21
116900292,0,22,-22
116900293,86,20,66
116900294,30,159,-129
116900295,81,73,8
116900296,58,47,11
116900297,1,68,-67
116900298,52,34,18
116900299,11,27,-16
116900300,3,47,-44
116900301,36,34,2
116900302,9,48,-39
116900303,106,72,34
116900304,1,125,-124
116900305,12,32,-20
116900306,156,47,109
117000001,2278,1606,672
117000002,1803,3473,-1670
117000003,6627,3399,3228
117000004,3235,4138,-903
117000005,2381,1907,474
117000006,1010,2300,-1290
117000007,4350,1165,3185
117000008,930,2725,-1795
117000009,5087,1892,3195
117000010,2405,3158,-753
117000011,2486,1461,1025
117000012,1443,1097,346
117000013,1941,682,1259
117000014,1161,1813,-652
117000015,2430,1253,1177
117000016,231,109,122
117000017,166,121,45
117000018,156,724,-568
117000019,84,1,83
117000020,400,1925,-1525
117000021,1038,333,705
117000022,291,161,130
117000023,132,183,-51
117000024,170,251,-81
117000025,341,1150,-809
117000026,1625,1596,29
117000027,1870,5616,-3746
117000028,2120,2643,-523
117000030,338,550,-212
117000031,365,263,102
117000032,1296,1042,254
117000033,1714,1182,532
117000034,391,290,101
117000035,501,312,189
117000036,362,262,100
117000037,308,169,139
117000038,169,488,-319
117000039,400,216,184
117000040,229,809,-580
117000041,1220,152,1068
117000044,13,571,-558
117000045,487,126,361
117000046,371,583,-212
117000047,882,675,207
117000048,1732,779,953
117000049,162,803,-641
117000050,191,1354,-1163
117000051,2613,106,2507
117000052,67,259,-192
117000053,749,40,709
117000054,2029,8,2021
117000055,12,2151,-2139
117000056,849,41,808
117000057,533,2107,-1574
117000060,423,962,-539
117000061,1986,1046,940
117000062,282,574,-292
117000063,2115,873,1242
117000064,598,495,103
117000066,981,875,106
117000067,105,643,-538
117000074,133,213,-80
117000076,66,38,28
117000077,161,203,-42
117000078,142,621,-479
117000079,515,259,256
117000080,1,245,-244
117000081,1040,146,894
117000082,18,99,-81
117000083,162,8,154
117000084,225,0,225
117000085,321,897,-576
117000086,811,405,406
117000087,93,427,-334
117000088,346,171,175
117000089,1730,265,1465
117000090,375,960,-585
117000091,1041,250,791
117000092,419,1064,-645
117000093,1498,738,760
117000094,1377,2096,-719
117000095,4117,845,3272
117000096,747,1728,-981
117000097,2014,1044,970
117000098,2255,3255,-1000
117000099,4309,1256,3053
117000100,334,366,-32
117000101,212,816,-604
117000102,2293,635,1658
117000103,679,1283,-604
117000104,2004,532,1472
117000105,829,1143,-314
117000106,1498,719,779
117000107,546,1330,-784
117000108,2214,923,1291
117000109,1229,1909,-680
117000110,1877,1397,480
117000111,3790,3790,0
117000112,3916,1563,2353
117000113,108,235,-127
117000114,277,101,176
117000115,97,62,35
117000116,217,226,-9
117000117,1664,1190,474
117000118,272,113,159
117000119,193,231,-38
117000120,140,660,-520
117000121,50,1251,-1201
117000122,287,658,-371
117000123,1602,54,1548
117000124,341,107,234
117000125,142,145,-3
117000126,27,10,17
117000127,133,344,-211
117000128,335,850,-515
117000129,201,185,16
117000130,85,22,63
117000131,0,48,-48
117000132,3682,17,3665
117000133,2281,66,2215
117000134,0,81,-81
117000135,4,60,-56
117000136,0,15,-15
117000137,135,111,24
117000138,3,700,-697
117000140,484,1212,-728
117000141,2079,533,1546
117000181,414,179,235
117000182,422,855,-433
117000195,208,781,-573
117000196,305,167,138
117000225,98,39,59
117000226,10,59,-49
117000276,404,13,391
117000277,0,253,-253
117000310,1426,2074,-648
117000315,36,596,-560
117000320,35,0,35
117000906,481,16,465
117000907,16,243,-227
117000908,9,43,-34
117000909,44,30,14
117000910,203,221,-18
117000911,106,156,-50
117000915,5,367,-362
117000916,44,9,35
117000917,1600,64,1536
117000918,92,83,9
117000919,6,63,-57
117000920,1,998,-997
117000921,1,730,-729
117000922,25,79,-54
117000924,675,645,30
117000926,622,76,546
117000927,1067,1509,-442
117000928,0,87,-87
117000929,291,243,48
117000930,236,15,221
117000931,228,197,31
117900002,82,414,-332
117900003,792,470,322
117900005,13,36,-23
117900006,0,119,-119
117900007,157,51,106
117900008,0,32,-32
117900010,333,57,276
117900011,22,101,-79
117900012,64,95,-31
117900013,1,175,-174
117900014,520,83,437
117900015,17,70,-53
117900016,1050,1083,-33
117900017,547,191,356
117900018,107,121,-14
117900019,570,163,407
117900020,98,456,-358
117900021,24,56,-32
117900022,45,13,32
117900023,656,113,543
117900024,57,38,19
117900025,44,13,31
117900026,504,163,341
117900028,48,3,45
117900029,314,423,-109
117900030,605,269,336
117900031,126,129,-3
117900032,1212,735,477
117900033,298,428,-130
117900034,50,22,28
117900035,267,121,146
117900036,286,277,9
117900037,196,93,103
117900038,35,254,-219
117900039,13,52,-39
117900040,178,279,-101
117900041,2,53,-51
117900042,3346,300,3046
117900043,23,34,-11
117900044,16,3240,-3224
117900045,227,99,128
117900048,377,259,118
117900049,220,320,-100
117900050,4,76,-72
117900051,34,0,34
117900052,111,471,-360
117900053,1884,461,1423
117900054,0,34,-34
117900055,278,154,124
117900056,160,55,105
117900057,1138,1100,38
117900058,36,19,17
117900059,292,116,176
117900060,2816,3961,-1145
117900061,17,212,-195
117900063,447,171,276
117900065,674,1181,-507
117900066,11,98,-87
117900067,611,166,445
117900069,925,255,670
117900070,160,41,119
117900071,95,93,2
117900073,605,234,371
117900074,120,60,60
117900075,105,68,37
117900076,16,58,-42
117900077,636,161,475
117900078,520,884,-364
117900080,99,39,60
117900081,502,408,94
117900082,510,436,74
117900083,507,301,206
117900086,122,32,90
117900087,248,63,185
117900088,2766,1686,1080
117900089,2631,768,1863
117900090,399,307,92
117900091,152,184,-32
117900092,58,29,29
117900093,140,47,93
117900094,46,44,2
117900095,334,231,103
117900096,112,217,-105
117900097,589,63,526
117900098,68,18,50
117900099,149,162,-13
117900100,418,1,417
117900101,440,1994,-1554
117900102,135,33,102
117900103,149,4,145
117900104,5,133,-128
117900105,147,202,-55
117900106,174,20,154
117900107,45,0,45
117900109,853,470,383
117900110,150,3,147
117900111,493,46,447
117900112,100,11,89
117900113,2037,2281,-244
117900114,38,2,36
117900115,191,79,112
117900116,837,675,162
117900117,743,270,473
117900118,146,0,146
117900119,283,106,177
117900120,260,64,196
117900121,331,121,210
117900122,1238,5236,-3998
117900123,725,314,411
117900124,751,563,188
117900125,1894,1814,80
117900126,205,535,-330
117900127,461,345,116
117900128,483,517,-34
117900129,111,2,109
117900130,728,383,345
117900131,1,102,-101
117900132,29,70,-41
117900133,6,99,-93
117900134,110,371,-261
117900135,19,167,-148
117900136,0,43,-43
117900137,38,361,-323
117900138,0,28,-28
117900139,132,65,67
117900140,2457,273,2184
117900141,147,164,-17
117900142,41,41,0
117900144,34,160,-126
117900145,31,52,-21
117900146,121,172,-51
117900147,76,60,16
117900148,2333,1956,377
117900149,118,159,-41
117900150,54,51,3
117900151,32,73,-41
117900152,92,58,34
117900153,28,93,-65
117900154,496,477,19
117900156,932,634,298
117900157,69,517,-448
117900158,376,187,189
117900160,812,881,-69
117900161,2472,1892,580
117900162,465,362,103
117900163,25,154,-129
117900165,0,18,-18
117900166,129,536,-407
117900168,39,191,-152
117900169,0,134,-134
117900170,1,34,-33
117900171,0,16,-16
117900172,14,16,-2
117900173,163,98,65
117900174,51,54,-3
117900175,6,21,-15
117900176,36,35,1
117900177,22,34,-12
117900178,102,29,73
117900180,237,74,163
117900181,52,481,-429
117900182,13,54,-41
117900183,55,181,-126
117900184,22,44,-22
117900185,53,73,-20
117900186,59,16,43
117900187,22,13,9
117900188,249,61,188
117900189,89,51,38
117900190,46,7,39
117900191,106,0,106
117900192,280,0,280
117900193,15,68,-53
117900194,10,2,8
117900195,37,70,-33
117900196,19,43,-24
117900207,231,167,64
117900208,39,41,-2
117900209,136,173,-37
117900210,169,222,-53
117900211,8,219,-211
117900212,145,128,17
117900213,35,8,27
117900214,7,21,-14
117900215,8,34,-26
117900216,12,18,-6
117900217,45,303,-258
117900218,45,53,-8
117900219,2,141,-139
117900220,59,117,-58
117900222,115,168,-53
117900223,43,211,-168
118000001,919,902,17
118000002,684,1638,-954
118000003,1766,3227,-1461
118000004,1529,1655,-126
118000005,4270,5957,-1687
118000006,3698,9008,-5310
118000007,5075,4737,338
118000008,2951,4094,-1143
118000009,1642,3418,-1776
118000010,6253,3574,2679
118000011,1793,1807,-14
118000012,1039,1738,-699
118000013,2047,2033,14
118000014,1982,2197,-215
118000016,218,260,-42
118000017,538,455,83
118000018,461,379,82
118000019,1844,1462,382
118000020,1072,3670,-2598
118000021,532,3367,-2835
118000022,1528,885,643
118000023,731,304,427
118000024,1159,1480,-321
118000027,11045,14149,-3104
118000029,932,875,57
118000032,767,4014,-3247
118000033,2802,6631,-3829
118000034,4303,2611,1692
118000035,1960,3363,-1403
118000036,1007,1356,-349
118000037,844,916,-72
118000038,289,89,200
118000039,79,185,-106
118000040,1853,1229,624
118000041,2864,1211,1653
118000045,262,265,-3
118000046,1305,827,478
118000047,709,1105,-396
118000048,1925,2058,-133
118000051,3892,2574,1318
118000052,3251,1534,1717
118000053,380,949,-569
118000054,1367,1588,-221
118000055,1463,1782,-319
118000056,201,566,-365
118000057,250,463,-213
118000058,2926,2269,657
118000059,1916,1270,646
118000060,1368,503,865
118000061,1316,1249,67
118000062,742,331,411
118000063,554,666,-112
118000064,927,1135,-208
118000065,2716,1738,978
118000066,905,1591,-686
118000067,542,744,-202
118000068,1342,4699,-3357
118000069,1826,1016,810
118000070,4466,1971,2495
118000071,2945,6879,-3934
118000072,1029,1435,-406
118000073,947,728,219
118000074,466,424,42
118000075,551,341,210
118000076,1314,2922,-1608
118000077,1079,1066,13
118000078,1765,2398,-633
118000079,282,447,-165
118000080,703,781,-78
118000081,1726,1129,597
118000082,304,1058,-754
118000083,1638,1481,157
118000084,2575,1838,737
118000086,213,489,-276
118000087,3485,2598,887
118000088,1656,1592,64
118000089,3617,2222,1395
118000090,1312,2870,-1558
118000091,1053,2738,-1685
118000092,932,560,372
118000093,91,700,-609
118000096,494,534,-40
118000097,818,659,159
118000098,281,226,55
118000099,702,571,131
118000101,1366,357,1009
118000102,427,844,-417
118000107,1257,476,781
118000108,768,2711,-1943
118000110,0,23,-23
118000111,0,163,-163
118000112,700,3,697
118000113,1,321,-320
118000114,549,4,545
118000115,6,7,-1
118000116,37,0,37
118000117,798,617,181
118000118,908,986,-78
118000119,993,1162,-169
118000120,1465,1006,459
118000121,66,568,-502
118000122,1127,303,824
118000123,50,259,-209
118000125,1261,785,476
118000126,734,1797,-1063
118000127,1611,702,909
118000128,484,1019,-535
118000129,1099,396,703
118000130,1807,2436,-629
118000131,522,587,-65
118000132,3056,2287,769
118000133,1068,421,647
118000135,635,474,161
118000136,164,324,-160
118000137,630,88,542
118000138,518,468,50
118000139,516,93,423
118000140,2840,5531,-2691
118000141,2528,1735,793
118000142,2028,1409,619
118000143,2636,1145,1491
118000144,1218,656,562
118000145,2012,1272,740
118000146,1324,625,699
118000147,976,1099,-123
118000148,566,1156,-590
118000149,1080,756,324
118000150,620,236,384
118000151,644,443,201
118000153,1587,1222,365
118000154,1587,1316,271
118000155,1583,1269,314
118000156,1755,2804,-1049
118000157,816,444,372
118000158,252,430,-178
118000159,45,114,-69
118000160,678,370,308
118000161,523,635,-112
118000162,2101,800,1301
118000163,1173,903,270
118000164,2058,1412,646
118000168,822,895,-73
118000169,914,819,95
118000170,3301,3798,-497
118000171,417,800,-383
118000172,96,251,-155
118000173,925,1113,-188
118000175,321,322,-1
118000176,337,455,-118
118000177,302,683,-381
118000178,28,30,-2
118000179,1112,1516,-404
118000180,1021,697,324
118000181,840,278,562
118000182,313,289,24
118000183,228,333,-105
118000184,1169,643,526
118000185,1259,1432,-173
118000186,988,1283,-295
118000187,1626,543,1083
118000188,755,149,606
118000189,807,463,344
118000190,8,8,0
118000191,22,20,2
118000192,215,228,-13
118000193,193,341,-148
118000194,1318,926,392
118000195,489,1318,-829
118000196,245,214,31
118000197,95,189,-94
118000198,448,845,-397
118000199,424,395,29
118000200,94,235,-141
118000201,347,472,-125
118000202,47,76,-29
118000203,432,679,-247
118000204,66,424,-358
118000205,148,284,-136
118000206,247,280,-33
118000207,0,61,-61
118000208,1580,1581,-1
118000209,2149,1165,984
118000210,100,28,72
118000211,29,27,2
118000213,1633,2378,-745
118000214,387,590,-203
118000215,523,105,418
118000216,2588,2214,374
118000217,23,78,-55
118000218,72,67,5
118000219,400,226,174
118000220,3,52,-49
118000221,305,340,-35
118000222,88,6,82
118000223,48,63,-15
118000224,165,77,88
118000225,111,467,-356
118000226,943,161,782
118000227,790,436,354
118000228,126,249,-123
118000229,122,103,19
118000230,130,139,-9
118000231,113,161,-48
118000232,915,613,302
118000233,1393,709,684
118000234,527,281,246
118000236,419,269,150
118000237,85,315,-230
118000238,350,152,198
118000239,338,251,87
118000240,325,222,103
118000241,196,175,21
118000242,538,396,142
118000243,304,192,112
118000244,96,99,-3
118000246,2,28,-26
118000255,62,222,-160
118000256,147,187,-40
118000259,12,82,-70
118000260,203,59,144
118000261,31,38,-7
118000263,94,164,-70
118000266,161,212,-51
118000267,0,110,-110
118000268,214,7,207
118000270,113,28,85
118000271,175,200,-25
118000272,101,33,68
118000273,195,81,114
118000274,108,226,-118
118000276,587,374,213
118000295,13,148,-135
118000298,163,257,-94
118000299,59,118,-59
118000301,0,46,-46
118000302,120,41,79
118000311,739,96,643
118000312,402,173,229
118000313,80,118,-38
118000314,121,33,88
118000315,71,32,39
118000316,802,351,451
118000325,76,32,44
118000326,43,52,-9
118000331,46,41,5
118000332,32,35,-3
118000333,47,53,-6
118000335,429,0,429
118000336,0,165,-165
118000407,227,57,170
118000457,10,32,-22
118000465,2026,4018,-1992
118000480,30,47,-17
118000489,33,447,-414
118000490,32,147,-115
118000492,329,206,123
118000510,57,29,28
118000514,121,254,-133
118000515,888,771,117
118000517,342,183,159
118000524,197,359,-162
118000525,699,681,18
118000530,29,111,-82
118000531,391,251,140
118000532,258,220,38
118000533,371,109,262
118000534,607,442,165
118000535,384,118,266
118000536,451,1799,-1348
118000537,17,205,-188
118000538,37,59,-22
118000539,32,81,-49
118000540,303,154,149
118000541,272,77,195
118000542,115,214,-99
118000543,282,194,88
118000546,42,22,20
118000560,1794,2633,-839
118000562,43,105,-62
118000563,1340,1093,247
118000576,164,77,87
118000577,138,122,16
118000578,97,50,47
118000579,480,1264,-784
118000595,249,86,163
118000596,0,76,-76
118000597,120,60,60
118000598,32,0,32
118000599,47,50,-3
118000600,2,18,-16
118000601,25,2,23
118000602,0,43,-43
118000603,0,18,-18
118900001,540,1353,-813
118900002,817,929,-112
118900003,531,29,502
118900004,53,62,-9
118900005,87,13,74
118900006,169,11,158
118900007,9,1,8
118900008,1525,62,1463
118900009,77,71,6
118900010,71,3,68
118900011,212,28,184
118900012,530,225,305
118900013,500,214,286
118900015,331,77,254
118900016,17,7,10
118900017,176,299,-123
118900018,959,35,924
118900019,42,16,26
118900020,188,141,47
118900021,202,400,-198
118900022,129,83,46
118900023,194,86,108
118900024,148,157,-9
118900025,48,26,22
118900026,71,70,1
118900027,419,145,274
118900028,192,123,69
118900029,290,473,-183
118900030,508,58,450
118900031,186,84,102
118900032,268,164,104
118900033,344,347,-3
118900034,168,22,146
118900035,122,136,-14
118900036,1635,651,984
118900037,422,243,179
118900038,398,124,274
118900039,635,187,448
118900040,226,226,0
118900041,734,118,616
118900042,259,77,182
118900045,376,137,239
118900046,877,490,387
118900047,391,268,123
118900048,147,201,-54
118900049,41,33,8
118900050,66,50,16
118900051,68,109,-41
118900052,365,209,156
118900053,36,93,-57
118900054,141,31,110
118900055,164,73,91
118900056,21,374,-353
118900057,914,455,459
118900058,520,327,193
118900059,20,79,-59
118900060,111,75,36
118900062,315,190,125
118900064,428,654,-226
118900065,51,124,-73
118900066,64,94,-30
118900067,3692,4386,-694
118900068,6,226,-220
118900069,481,230,251
118900071,11,79,-68
118900072,424,395,29
118900073,171,110,61
118900074,126,105,21
118900075,63,69,-6
118900076,212,79,133
118900077,355,182,173
118900078,16,4,12
118900079,40,128,-88
118900080,52,98,-46
118900081,71,27,44
118900082,1097,137,960
118900083,37,7,30
118900084,14,23,-9
118900085,675,646,29
118900086,26,92,-66
118900087,53,308,-255
118900088,0,9,-9
118900089,25,17,8
118900090,488,348,140
118900091,218,221,-3
118900092,262,103,159
118900093,95,24,71
118900096,55,30,25
118900097,289,447,-158
118900099,187,192,-5
118900100,150,154,-4
118900101,163,278,-115
118900102,79,117,-38
118900103,99,100,-1
118900104,81,19,62
118900105,218,108,110
118900107,143,56,87
118900108,121,128,-7
118900110,1125,833,292
118900111,541,424,117
118900112,95,144,-49
118900113,101,320,-219
118900114,46,75,-29
118900115,140,339,-199
118900116,129,213,-84
118900117,123,198,-75
118900118,361,268,93
118900119,150,178,-28
118900120,102,237,-135
118900121,11,114,-103
118900122,10,1099,-1089
118900123,154,178,-24
118900124,99,160,-61
118900126,26,382,-356
118900129,321,259,62
118900130,53,188,-135
118900131,194,225,-31
118900132,439,217,222
118900133,16,109,-93
118900135,269,233,36
118900136,255,362,-107
118900137,7,43,-36
118900139,199,232,-33
118900140,423,467,-44
118900141,78,119,-41
118900144,147,275,-128
118900145,34,114,-80
118900146,366,542,-176
118900147,160,113,47
118900148,76,47,29
118900150,166,556,-390
118900152,489,580,-91
118900157,76,149,-73
118900158,149,77,72
118900159,1,131,-130
118900161,60,16,44
118900163,114,85,29
118900164,4,115,-111
118900165,102,148,-46
118900166,47,0,47
118900167,86,109,-23
118900168,20,221,-201
118900169,151,185,-34
118900170,272,109,163
118900171,37,38,-1
118900174,46,76,-30
118900175,443,544,-101
118900176,190,255,-65
118900177,80,44,36
118900178,69,140,-71
118900179,11,36,-25
118900181,117,110,7
118900182,148,55,93
118900183,44,156,-112
118900184,343,93,250
118900185,142,78,64
118900186,77,108,-31
118900187,339,284,55
118900188,291,306,-15
118900189,50,819,-769
118900190,15,227,-212
118900191,237,45,192
118900192,315,16,299
118900193,678,4,674
118900195,246,535,-289
118900196,39,108,-69
118900197,176,33,143
118900198,42,19,23
118900199,145,21,124
118900200,34,21,13
118900201,43,74,-31
118900202,8,40,-32
118900203,15,22,-7
118900204,28,18,10
118900205,1,8,-7
118900206,3,7,-4
119000001,1582,1683,-101
119000002,4717,2790,1927
119000003,3192,944,2248
119000004,2842,1364,1478
119000005,2031,1906,125
119000006,3276,1632,1644
119000007,3815,3499,316
119000008,1864,1584,280
119000009,3724,5572,-1848
119000010,5092,4298,794
119000011,3895,3483,412
119000012,2456,3627,-1171
119000013,3010,1762,1248
119000014,1736,2454,-718
119000019,421,172,249
119000020,2601,1699,902
119000021,5201,2731,2470
119000022,2375,3438,-1063
119000023,212,235,-23
119000024,2348,13888,-11540
119000025,4877,1239,3638
119000026,149,506,-357
119000027,232,408,-176
119000028,1623,778,845
119000029,108,387,-279
119000030,606,887,-281
119000031,876,622,254
119000032,3155,2498,657
119000033,2263,1255,1008
119000034,1205,848,357
119000035,27,227,-200
119000036,2015,696,1319
119000037,1336,1193,143
119000038,273,599,-326
119000039,455,418,37
119000040,1312,1017,295
119000041,986,1474,-488
119000048,2730,2019,711
119000049,2122,1559,563
119000050,1741,1627,114
119000051,2525,959,1566
119000052,1707,2637,-930
119000053,2094,1044,1050
119000054,3539,2137,1402
119000055,5601,2805,2796
119000056,3213,1997,1216
119000057,1722,1479,243
119000058,2205,1396,809
119000059,1293,1230,63
119000060,1780,1138,642
119000061,1294,686,608
119000062,1374,1200,174
119000063,799,406,393
119000064,982,1055,-73
119000065,2013,3657,-1644
119000066,2811,1180,1631
119000067,1960,1726,234
119000068,2037,904,1133
119000069,1577,2013,-436
119000070,2926,734,2192
119000071,669,712,-43
119000072,4775,3221,1554
119000073,5239,7923,-2684
119000074,1427,1653,-226
119000075,2971,2068,903
119000076,489,1529,-1040
119000077,817,717,100
119000078,512,335,177
119000079,190,880,-690
119000080,597,249,348
119000081,379,921,-542
119000082,1143,311,832
119000083,656,375,281
119000084,356,604,-248
119000085,1123,220,903
119000086,466,585,-119
119000087,1429,729,700
119000088,462,244,218
119000089,86,195,-109
119000090,202,144,58
119000091,159,525,-366
119000092,609,217,392
119000093,3387,2084,1303
119000094,3826,4946,-1120
119000095,2118,2569,-451
119000097,1935,1089,846
119000098,1093,3380,-2287
119000099,2439,1306,1133
119000100,4712,3088,1624
119000101,5201,2241,2960
119000102,815,1233,-418
119000103,1600,696,904
119000104,2175,1154,1021
119000105,1175,2221,-1046
119000106,335,972,-637
119000107,1114,527,587
119000108,392,665,-273
119000109,182,979,-797
119000110,617,1092,-475
119000111,58,966,-908
119000112,191,225,-34
119000113,2594,438,2156
119000114,1242,1255,-13
119000115,137,111,26
119000116,128,108,20
119000117,192,346,-154
119000118,5,4,1
119000123,3962,1807,2155
119000124,866,177,689
119000125,4519,606,3913
119000126,912,528,384
119000127,572,391,181
119000128,37,0,37
119000131,1056,448,608
119000132,22,4,18
119000133,4,8,-4
119000134,1435,529,906
119000135,147,237,-90
119000136,260,146,114
119000137,335,230,105
119000138,537,233,304
119000139,352,160,192
119000140,318,306,12
119000284,1127,2447,-1320
119000285,1861,1841,20
119000286,5852,4476,1376
119000287,1176,1682,-506
119000288,2099,996,1103
119000289,1367,2105,-738
119000290,237,363,-126
119000291,17,195,-178
119000293,220,178,42
119000294,51,33,18
119000295,1254,289,965
119000296,364,138,226
119000302,1498,1186,312
119000303,35,136,-101
119000314,1689,11458,-9769
119000315,5,229,-224
119000316,130,78,52
119000317,149,222,-73
119900001,279,1208,-929
119900002,184,260,-76
119900003,44,677,-633
119900004,306,1423,-1117
119900005,326,86,240
119900006,267,453,-186
119900007,1324,256,1068
119900008,87,40,47
119900009,650,612,38
119900010,1845,2081,-236
119900011,35,132,-97
119900012,15,105,-90
119900013,2550,1563,987
119900014,645,386,259
119900015,173,51,122
119900016,69,71,-2
119900017,59,48,11
119900018,1826,1065,761
119900019,57,5,52
119900020,216,210,6
119900021,216,95,121
119900022,96,998,-902
119900023,510,1659,-1149
119900025,258,30,228
119900026,657,170,487
119900027,80,17,63
119900028,218,136,82
119900029,0,6,-6
119900030,715,412,303
119900031,45,451,-406
119900033,2344,420,1924
119900034,495,101,394
119900037,229,30,199
119900038,58,366,-308
119900039,43,4,39
119900040,130,15,115
119900041,141,27,114
119900042,194,133,61
119900043,107,149,-42
119900044,230,1020,-790
119900046,189,57,132
119900047,376,95,281
119900048,46,22,24
119900049,178,9,169
119900050,213,161,52
119900051,749,7,742
119900052,79,53,26
119900053,290,121,169
119900054,248,10,238
119900055,1554,464,1090
119900057,253,83,170
119900058,326,8,318
119900059,143,27,116
119900060,367,40,327
119900062,79,32,47
119900063,11,68,-57
119900064,808,88,720
119900065,278,11,267
119900066,3,1,2
119900067,90,27,63
119900068,629,3,626
119900069,129,20,109
119900070,1119,6,1113
119900071,933,44,889
119900073,1449,478,971
119900074,68,55,13
119900075,3454,2451,1003
119900076,514,203,311
119900077,942,629,313
119900078,565,745,-180
119900079,376,144,232
119900080,1664,846,818
119900081,190,15,175
119900082,1688,178,1510
119900083,388,146,242
119900084,692,404,288
119900085,53,56,-3
119900086,20,63,-43
119900087,577,438,139
119900088,41,50,-9
119900089,68,339,-271
119900090,140,43,97
119900091,40,578,-538
119900092,50,397,-347
119900093,1349,204,1145
119900094,19,183,-164
119900095,183,98,85
119900096,62,152,-90
119900097,513,186,327
119900098,67,37,30
119900099,26,179,-153
119900100,1451,2778,-1327
119900101,157,2210,-2053
119900102,73,203,-130
119900103,60,222,-162
119900104,56,184,-128
119900105,1327,6632,-5305
119900106,16,134,-118
119900107,332,1804,-1472
119900108,5888,713,5175
119900109,17,124,-107
119900110,1005,457,548
119900111,151,214,-63
119900112,1014,548,466
119900113,70,234,-164
119900114,347,827,-480
119900115,498,733,-235
119900116,158,421,-263
119900117,325,602,-277
119900118,148,650,-502
119900119,314,169,145
119900120,950,632,318
119900121,429,747,-318
119900122,481,277,204
119900123,233,232,1
119900124,197,599,-402
119900125,45,272,-227
119900126,4581,340,4241
119900127,1777,810,967
119900128,476,482,-6
119900129,225,445,-220
119900130,15,179,-164
119900131,52,202,-150
119900132,8,168,-160
119900133,79,98,-19
119900134,1292,156,1136
119900135,3,266,-263
119900136,189,327,-138
119900138,286,489,-203
119900139,31,134,-103
119900140,2,108,-106
119900141,97,850,-753
119900142,33,55,-22
119900143,10,204,-194
119900144,1141,227,914
119900145,101,149,-48
119900146,274,223,51
119900147,1,151,-150
119900148,399,68,331
119900149,856,5871,-5015
119900150,137,145,-8
119900151,1995,974,1021
119900152,186,245,-59
119900153,236,61,175
119900154,83,211,-128
119900155,70,37,33
119900156,22,4,18
119900157,163,236,-73
119900158,257,95,162
119900159,25,895,-870
119900160,12,121,-109
119900161,168,149,19
119900162,1322,1303,19
119900163,95,139,-44
119900164,0,0,0
119900165,182,130,52
119900166,127,73,54
119900167,72,79,-7
119900168,1135,537,598
119900169,92,312,-220
119900170,239,287,-48
119900171,920,393,527
119900172,187,32,155
119900173,5,312,-307
119900174,6,187,-181
119900175,1842,621,1221
119900177,10,151,-141
119900178,10,101,-91
119900179,146,741,-595
119900180,1211,890,321
119900181,94,155,-61
119900182,8,305,-297
119900183,165,463,-298
119900184,1615,474,1141
119900185,69,213,-144
119900186,57,1155,-1098
119900187,15,364,-349
119900188,137,325,-188
119900189,514,533,-19
119900190,97,328,-231
119900191,291,254,37
119900192,86,139,-53
119900193,502,169,333
119900194,46,102,-56
119900195,59,165,-106
119900196,1052,393,659
119900197,364,155,209
119900198,228,290,-62
119900199,143,18,125
119900200,725,596,129
119900201,406,234,172
119900202,94,268,-174
119900203,231,630,-399
119900204,291,197,94
119900205,917,447,470
119900206,253,128,125
119900208,292,170,122
119900209,576,1425,-849
119900210,31,17,14
119900211,77,2,75
119900212,327,268,59
119900213,9,91,-82
119900214,47,70,-23
119900215,45,58,-13
119900216,13,43,-30
119900217,15,64,-49
119900218,24,54,-30
119900219,10,89,-79
119900220,5,66,-61
119900221,48,166,-118
119900222,9,153,-144
119900223,27,52,-25
119900224,17,27,-10
119900225,726,65,661
119900226,479,2276,-1797
119900227,840,331,509
119900228,44,253,-209
119900229,373,424,-51
119900230,1122,492,630
119900231,329,158,171
119900232,301,131,170
119900233,93,8,85
119900234,33,121,-88
119900235,21,50,-29
119900236,18,189,-171
119900237,99,469,-370
119900238,23,90,-67
119900240,118,122,-4
119900241,173,206,-33
119900242,1226,1735,-509
119900244,718,1415,-697
119900245,120,170,-50
119900246,390,658,-268
119900247,38,145,-107
119900248,99,321,-222
119900249,353,148,205
119900253,2002,429,1573
119900254,139,862,-723
119900255,144,971,-827
119900256,966,747,219
119900257,118,0,118
119900258,247,7,240
119900259,7,122,-115
119900260,178,13,165
119900261,405,191,214
119900262,3,148,-145
119900263,1167,342,825
119900264,181,125,56
119900265,998,326,672
119900266,488,270,218
119900267,281,389,-108
119900268,161,102,59
119900269,1607,1075,532
119900271,65,98,-33
119900272,383,282,101
119900275,198,10,188
119900276,52,1,51
119900277,10,6,4
119900278,250,99,151
119900279,148,335,-187
119900280,667,160,507
119900281,2,295,-293
119900282,77,148,-71
119900283,28,178,-150
119900284,91,240,-149
119900285,112,214,-102
119900286,6,23,-17
119900288,5,14,-9
119900289,3,11,-8
119900290,1,13,-12
119900291,2,112,-110
119900292,65,70,-5
119900293,28,49,-21
119900294,24,64,-40
119900295,13,11,2
119900296,111,165,-54
119900297,6,23,-17
119900298,2,14,-12
119900299,45,103,-58
119900300,304,149,155
119900301,126,217,-91
119900302,140,89,51
119900303,330,113,217
119900304,212,29,183
119900305,13,95,-82
119900306,35,6,29
119900307,92,75,17
119900308,5,15,-10
119900309,56,155,-99
119900310,281,242,39
119900311,132,80,52
119900312,117,103,14
119900313,239,364,-125
119900314,260,409,-149
119900315,2632,1591,1041
119900318,15,53,-38
119900319,45,173,-128
119900320,340,394,-54
119900321,97,9,88
119900322,3,9,-6
119900323,0,9,-9
119900324,0,3,-3
119900325,4,17,-13
120000001,5958,17275,-11317
120000002,2811,2291,520
120000003,2982,1549,1433
120000004,2544,1582,962
120000005,3382,1973,1409
120000006,1285,1096,189
120000007,3137,3222,-85
120000008,1013,1184,-171
120000009,2098,1048,1050
120000010,2037,2166,-129
120000011,1071,1142,-71
120000012,1615,2236,-621
120000013,3432,2788,644
120000014,835,1351,-516
120000015,2487,1454,1033
120000016,4015,2113,1902
120000017,3704,2673,1031
120000018,3513,13828,-10315
120000019,1260,1463,-203
120000020,3139,3525,-386
120000021,2158,2283,-125
120000022,2865,3974,-1109
120000023,1174,1726,-552
120000024,1490,2381,-891
120000025,2726,1838,888
120000026,2458,1702,756
120000027,2400,2235,165
120000028,1009,1669,-660
120000029,3425,2020,1405
120000030,422,1294,-872
120000031,2493,7772,-5279
120000032,6953,3734,3219
120000033,5311,1459,3852
120000034,2578,1538,1040
120000035,2403,1605,798
120000036,3298,4735,-1437
120000037,695,1612,-917
120000038,5418,3986,1432
120000039,868,898,-30
120000040,115,663,-548
120000041,1432,1456,-24
120000042,2397,2168,229
120000043,5747,1487,4260
120000044,5992,1539,4453
120000045,7226,983,6243
120000046,4171,3050,1121
120000047,960,7816,-6856
120000048,6954,4339,2615
120000049,3490,2707,783
120000050,4056,3856,200
120000051,2923,4513,-1590
120000052,7193,2215,4978
120000053,1540,1773,-233
120000054,1373,2893,-1520
120000055,1893,3988,-2095
120000056,5816,3996,1820
120000057,4675,1125,3550
120000058,3371,1596,1775
120000059,9,1845,-1836
120000061,90,474,-384
120000062,242,344,-102
120000063,1412,2257,-845
120000064,281,838,-557
120000065,674,1267,-593
120000066,377,570,-193
120000067,73,528,-455
120000068,242,670,-428
120000069,644,752,-108
120000070,90,474,-384
120000071,677,86,591
120000072,1033,422,611
120000073,1118,104,1014
120000074,219,118,101
120000075,1245,268,977
120000076,2882,416,2466
120000077,2908,639,2269
120000078,4170,1287,2883
120000079,233,147,86
120000080,115,205,-90
120000081,319,164,155
120000082,335,231,104
120000083,69,649,-580
120000084,450,346,104
120000085,368,245,123
120000086,233,377,-144
120000087,206,424,-218
120000088,831,986,-155
120000089,1193,641,552
120000090,759,498,261
120000091,964,875,89
120000092,1612,598,1014
120000093,701,430,271
120000094,286,677,-391
120000095,1189,341,848
120000096,357,605,-248
120000098,982,722,260
120000099,461,690,-229
120000100,969,725,244
120000101,721,450,271
120000102,829,923,-94
120000103,1566,881,685
120000104,2292,467,1825
120000105,3585,684,2901
120000106,2822,588,2234
120000107,5269,541,4728
120000108,1711,145,1566
120000109,1305,74,1231
120000110,66,813,-747
120000111,120,819,-699
120000112,791,1926,-1135
120000113,587,1501,-914
120000114,865,1788,-923
120000115,328,1637,-1309
120000116,612,1493,-881
120000117,765,1100,-335
120000118,54,55,-1
120000119,21,62,-41
120000120,112,87,25
120000121,13,79,-66
120000122,257,485,-228
120000123,3171,6982,-3811
120000124,551,404,147
120000125,630,611,19
120000126,439,1058,-619
120000127,2164,1143,1021
120000128,2912,4683,-1771
120000129,309,237,72
120000130,816,499,317
120000131,370,689,-319
120000134,345,780,-435
120000135,776,600,176
120000137,253,839,-586
120000138,1397,350,1047
120000139,349,467,-118
120000140,1233,447,786
120000141,608,380,228
120000142,901,548,353
120000143,2,123,-121
120000144,249,1,248
120000145,388,0,388
120000146,926,812,114
120000149,799,977,-178
120000150,2802,12310,-9508
120000151,484,427,57
120000152,790,200,590
120000153,449,479,-30
120000154,439,389,50
120000155,203,260,-57
120000156,760,1548,-788
120000157,1152,604,548
120000158,926,731,195
120000159,1984,2142,-158
120000160,2699,1626,1073
120000161,2772,2044,728
120000162,79,216,-137
120000163,897,959,-62
120000164,744,295,449
120000165,654,620,34
120000166,1456,498,958
120000167,291,279,12
120000168,24,907,-883
120000169,68,2622,-2554
120000170,41,1776,-1735
120000171,29,550,-521
120000172,12,310,-298
120000173,2553,1895,658
120000174,401,65,336
120000175,263,28,235
120000176,300,58,242
120000177,1760,190,1570
120000178,125,37,88
120000179,203,81,122
120000180,743,160,583
120000181,258,2170,-1912
120000182,106,890,-784
120000183,24,741,-717
120000184,236,2174,-1938
120000186,51,775,-724
120000187,23,369,-346
120000188,75,733,-658
120000190,611,131,480
120000191,944,147,797
120000192,820,60,760
120000193,393,5,388
120000195,112,8,104
120000196,304,42,262
120000197,95,118,-23
120000198,297,79,218
120000199,147,1,146
120000200,175,3,172
120000201,14,45,-31
120000202,4,57,-53
120000203,80,153,-73
120000207,1,54,-53
120000208,7,189,-182
120000209,8,66,-58
120000210,48,87,-39
120000211,263,10,253
120000212,333,2,331
120000213,275,227,48
120000214,1,217,-216
120000215,5,136,-131
120000216,164,41,123
120000217,579,1055,-476
120000218,115,553,-438
120000219,11,354,-343
120000220,4,1059,-1055
120000225,2272,6,2266
120000226,503,3,500
120000227,1179,88,1091
120000228,12065,4107,7958
120000230,505,39,466
120000231,1666,1809,-143
120000233,526,38,488
120000235,261,467,-206
120000236,1678,1,1677
120000237,1,936,-935
120000238,3,1045,-1042
120000241,1353,4212,-2859
120000412,656,17,639
120000413,283,185,98
120000414,201,3,198
120000415,0,53,-53
120000416,159,9,150
120000417,10,100,-90
120000418,240,35,205
120000419,15,178,-163
120000420,46,22,24
120000421,8259,5444,2815
120000422,102,1917,-1815
120000423,2,70,-68
120000424,133,115,18
120000436,110,761,-651
120000437,118,95,23
120000438,1744,269,1475
120000439,280,570,-290
120000443,220,1,219
120000444,1609,382,1227
120000445,1775,914,861
120000446,619,222,397
120000447,308,4,304
120000449,153,8,145
120000450,10,163,-153
120000451,137,347,-210
120000452,422,5,417
120000453,0,330,-330
120000454,67,49,18
120000455,73,30,43
120000456,2814,4245,-1431
120000457,1117,434,683
120000458,547,595,-48
120000459,126,48,78
120000665,1192,336,856
120000668,128,1717,-1589
120000669,138,170,-32
120000670,200,1168,-968
120000671,1593,521,1072
120000672,71,443,-372
120900001,88,89,-1
120900002,380,692,-312
120900003,277,46,231
120900004,33,105,-72
120900005,69,567,-498
120900006,500,270,230
120900007,275,63,212
120900008,428,875,-447
120900009,395,27,368
120900010,646,146,500
120900011,177,231,-54
120900012,239,1570,-1331
120900013,468,118,350
120900014,3,365,-362
120900015,976,80,896
120900016,1162,70,1092
120900017,2106,165,1941
120900018,167,352,-185
120900019,789,422,367
120900020,724,1585,-861
120900021,949,251,698
120900022,29,233,-204
120900023,384,30,354
120900024,2044,523,1521
120900025,1425,1029,396
120900026,220,194,26
120900027,1130,38,1092
120900028,568,123,445
120900029,107,628,-521
120900030,1587,884,703
120900031,336,134,202
120900032,1472,106,1366
120900033,1476,129,1347
120900034,24,2668,-2644
120900035,78,198,-120
120900037,273,11,262
120900038,87,412,-325
120900039,141,60,81
120900040,414,5,409
120900041,107,23,84
120900042,682,36,646
120900043,128,50,78
120900044,40,343,-303
120900045,153,145,8
120900046,594,7,587
120900047,182,189,-7
120900048,169,40,129
120900049,653,0,653
120900050,1577,1806,-229
120900051,407,118,289
120900052,817,5,812
120900053,455,54,401
120900054,1653,560,1093
120900055,509,3,506
120900056,641,29,612
120900057,233,17,216
120900058,789,7,782
120900059,153,5,148
120900060,126,31,95
120900061,246,207,39
120900062,266,2,264
120900063,758,4,754
120900064,879,2,877
120900065,664,12,652
120900066,466,229,237
120900067,221,63,158
120900068,366,0,366
120900069,331,40,291
120900071,21,3,18
120900072,826,5,821
120900073,709,123,586
120900074,995,18,977
120900076,506,1,505
120900077,2366,251,2115
120900078,1047,607,440
120900079,961,92,869
120900080,1031,1137,-106
120900081,1038,748,290
120900082,427,395,32
120900083,219,4,215
120900084,446,559,-113
120900085,91,137,-46
120900086,111,443,-332
120900087,484,334,150
120900088,255,604,-349
120900089,2275,3409,-1134
120900090,396,108,288
120900091,732,1002,-270
120900092,1010,372,638
120900093,1614,145,1469
120900094,410,198,212
120900095,543,28,515
120900096,47,252,-205
120900097,634,584,50
120900098,243,144,99
120900099,80,66,14
120900100,103,203,-100
120900101,496,216,280
120900102,76,100,-24
120900103,63,239,-176
120900104,20,45,-25
120900105,50,369,-319
120900106,1021,393,628
120900107,261,135,126
120900108,6,362,-356
120900109,50,466,-416
120900110,15,696,-681
120900111,191,299,-108
120900112,23,594,-571
120900113,12,543,-531
120900114,32,103,-71
120900115,186,222,-36
120900116,582,310,272
120900117,4,334,-330
120900118,8,543,-535
120900119,8806,5004,3802
120900120,44,318,-274
120900121,109,425,-316
120900122,713,366,347
120900123,3,256,-253
120900124,5,369,-364
120900125,2,526,-524
120900126,1461,812,649
120900127,15,348,-333
120900128,988,1105,-117
120900129,46,201,-155
120900130,8,316,-308
120900131,148,107,41
120900132,1393,224,1169
120900133,143,618,-475
120900134,696,434,262
120900135,2,359,-357
120900136,43,102,-59
120900137,346,108,238
120900138,33,178,-145
120900139,5,455,-450
120900140,7,172,-165
120900141,246,206,40
120900142,12,302,-290
120900143,3,603,-600
120900144,1,106,-105
120900145,156,598,-442
120900146,1,703,-702
120900147,2,317,-315
120900148,181,154,27
120900149,0,194,-194
120900150,50,437,-387
120900151,1,437,-436
120900152,1,40,-39
120900153,95,169,-74
120900154,0,129,-129
120900155,214,765,-551
120900156,69,296,-227
120900157,128,361,-233
120900158,65,480,-415
120900159,80,554,-474
120900160,39,582,-543
120900161,152,550,-398
120900162,117,826,-709
120900163,158,1691,-1533
120900164,0,50,-50
120900165,10,135,-125
120900166,214,578,-364
120900167,440,179,261
120900169,84,301,-217
120900170,754,3286,-2532
120900171,828,193,635
120900172,955,2059,-1104
120900173,1,39,-38
120900174,24,139,-115
120900175,243,109,134
120900176,11,421,-410
120900177,3,1516,-1513
120900178,2,767,-765
120900179,745,417,328
120900180,88,212,-124
120900181,169,63,106
120900182,30,386,-356
120900183,794,100,694
120900184,442,66,376
120900185,16,859,-843
120900186,2,321,-319
120900187,651,1026,-375
120900188,262,15,247
120900189,85,1761,-1676
120900190,132,9,123
120900191,30,15,15
120900192,6723,9578,-2855
120900194,64,126,-62
120900195,123,355,-232
120900196,1005,40,965
120900197,1012,124,888
120900198,386,425,-39
120900199,535,1449,-914
120900200,105,145,-40
120900201,467,157,310
120900202,1,145,-144
120900203,45,73,-28
120900204,127,169,-42
120900205,68,39,29
120900206,30,40,-10
121000001,765,919,-154
121000002,2364,1275,1089
121000003,3179,1896,1283
121000004,2507,3490,-983
121000005,1692,2616,-924
121000006,3431,1881,1550
121000007,2437,2935,-498
121000008,5267,4144,1123
121000009,4904,5869,-965
121000010,7981,6424,1557
121000011,8177,11743,-3566
121000012,15273,10739,4534
121000013,4765,6552,-1787
121000014,5897,4924,973
121000015,3734,6627,-2893
121000016,4073,3298,775
121000017,2371,4008,-1637
121000018,3224,1792,1432
121000019,14521,12465,2056
121000020,13544,18989,-5445
121000021,2721,2574,147
121000022,2910,3337,-427
121000023,3365,2620,745
121000024,5038,4887,151
121000025,607,1336,-729
121000026,404,174,230
121000027,1369,1217,152
121000028,931,525,406
121000029,1110,645,465
121000030,762,437,325
121000031,824,630,194
121000032,202,124,78
121000034,377,231,146
121000035,153,168,-15
121000036,936,744,192
121000037,542,496,46
121000038,400,964,-564
121000039,264,443,-179
121000041,543,532,11
121000042,331,364,-33
121000043,568,621,-53
121000044,1423,933,490
121000045,455,283,172
121000046,825,918,-93
121000047,47,99,-52
121000049,1155,599,556
121000050,346,1135,-789
121000051,597,261,336
121000052,378,680,-302
121000053,420,137,283
121000054,58,426,-368
121000055,1109,1199,-90
121000056,803,1009,-206
121000057,234,515,-281
121000058,334,177,157
121000059,2606,1351,1255
121000060,626,979,-353
121000061,111,444,-333
121000062,160,368,-208
121000063,872,704,168
121000064,919,847,72
121000065,298,438,-140
121000066,677,569,108
121000067,480,584,-104
121000068,659,347,312
121000069,522,867,-345
121000070,1703,1098,605
121000071,1613,1343,270
121000072,1203,769,434
121000073,1160,976,184
121000074,127,146,-19
121000075,50,362,-312
121000076,648,432,216
121000077,138,213,-75
121000078,120,175,-55
121000080,1859,602,1257
121000081,3971,3549,422
121000082,96,217,-121
121000083,198,154,44
121000084,213,138,75
121000085,314,411,-97
121000086,376,663,-287
121000087,78,275,-197
121000088,597,540,57
121000089,369,406,-37
121000090,369,410,-41
121000091,1200,1025,175
121000092,202,70,132
121000093,203,185,18
121000094,602,885,-283
121000095,345,694,-349
121000096,2371,2339,32
121000097,931,2353,-1422
121000098,726,839,-113
121000099,635,591,44
121000100,922,307,615
121000101,491,300,191
121000102,425,217,208
121000103,311,272,39
121000104,302,156,146
121000105,639,179,460
121000106,409,389,20
121000107,1902,2935,-1033
121000109,1230,1100,130
121000110,333,634,-301
121000114,2906,1884,1022
121000115,1019,607,412
121000116,218,833,-615
121000117,565,225,340
121000118,1607,240,1367
121000119,328,479,-151
121000120,291,426,-135
121000121,591,1183,-592
121000123,1652,734,918
121000126,57,362,-305
121000127,196,87,109
121000128,1091,376,715
121000129,1331,590,741
121000130,832,708,124
121000131,2057,2216,-159
121000132,1399,2574,-1175
121000135,481,1055,-574
121000136,1422,1235,187
121000137,547,406,141
121000138,1112,1560,-448
121000139,702,459,243
121000141,272,179,93
121000142,655,820,-165
121000143,173,50,123
121000144,946,2286,-1340
121000145,568,805,-237
121000146,1540,1018,522
121000147,1267,472,795
121000148,964,946,18
121000149,2463,1336,1127
121000152,404,440,-36
121000153,1832,583,1249
121000154,1034,575,459
121000155,1623,938,685
121000156,409,977,-568
121000157,891,1467,-576
121000158,392,388,4
121000159,217,340,-123
121000160,294,324,-30
121000161,218,301,-83
121000162,140,131,9
121000165,1481,2284,-803
121000166,16,421,-405
121000168,541,269,272
121000169,70,127,-57
121000170,404,100,304
121000171,70,166,-96
121000172,821,571,250
121000173,1431,1244,187
121000174,394,415,-21
121000175,1115,374,741
121000176,319,237,82
121000177,881,635,246
121000178,158,51,107
121000179,111,68,43
121000181,538,391,147
121000182,213,222,-9
121000183,139,139,0
121000184,119,176,-57
121000185,58,237,-179
121000186,242,677,-435
121000187,184,128,56
121000188,217,158,59
121000192,1081,425,656
121000193,737,451,286
121000194,1881,1936,-55
121000195,217,804,-587
121000196,531,237,294
121000197,217,669,-452
121000198,215,147,68
121000199,176,254,-78
121000200,685,89,596
121000201,3,170,-167
121000202,1036,128,908
121000203,923,1576,-653
121000204,3326,621,2705
121000205,123,239,-116
121000206,196,90,106
121000207,2406,453,1953
121000208,8,231,-223
121000209,523,185,338
121000210,727,286,441
121000211,442,132,310
121000212,592,555,37
121000213,9761,2742,7019
121000214,781,2027,-1246
121000215,947,975,-28
121000216,538,617,-79
121000217,3807,2722,1085
121000218,415,1490,-1075
121000219,1517,501,1016
121000220,186,101,85
121000221,131,242,-111
121000222,2282,2545,-263
121000223,319,395,-76
121000224,251,279,-28
121000225,907,2376,-1469
121000226,2050,1287,763
121000227,7,121,-114
121000228,20,472,-452
121000229,409,339,70
121000230,53,1222,-1169
121000231,1221,43,1178
121000232,343,279,64
121000233,619,288,331
121000234,23,44,-21
121000235,72,100,-28
121000236,11,75,-64
121000237,83,22,61
121000238,25,103,-78
121000239,88,11,77
121000240,7,228,-221
121000241,105,24,81
121000242,118,535,-417
121000243,541,158,383
121000244,22,93,-71
121000245,79,37,42
121000246,4,124,-120
121000247,117,10,107
121000248,825,884,-59
121000249,122,348,-226
121000250,768,269,499
121000251,28,295,-267
121000252,144,86,58
121000253,322,353,-31
121000254,620,211,409
121000255,112,327,-215
121000256,356,185,171
121000257,21,101,-80
121000258,114,105,9
121000259,61,92,-31
121000260,79,94,-15
121000261,77,74,3
121000262,882,724,158
121000263,486,353,133
121000271,339,1294,-955
121000273,37,7,30
121000274,18,58,-40
121000275,1,28,-27
121000276,7,27,-20
121000278,49,34,15
121000279,22,45,-23
121000280,34,69,-35
121000289,334,38,296
121000290,969,913,56
121000294,227,122,105
121000297,699,1043,-344
121000299,62,556,-494
121000300,790,626,164
121000302,45,1135,-1090
121000303,525,333,192
121000304,514,58,456
121000305,182,46,136
121000306,141,134,7
121000308,174,315,-141
121000309,387,472,-85
121000310,120,273,-153
121000311,67,633,-566
121000312,434,298,136
121000313,317,459,-142
121000314,118,149,-31
121000315,33,109,-76
121000530,1780,1203,577
121000531,1689,1291,398
121000532,6464,8178,-1714
121000533,3581,3561,20
121000918,48,81,-33
121000919,28,61,-33
121000938,95,239,-144
121000939,115,248,-133
121000956,1586,963,623
121000957,16,22,-6
121000958,33,45,-12
121000959,1016,544,472
121000960,1525,1503,22
121000961,322,79,243
121000962,512,544,-32
121000973,1,226,-225
121000976,29,281,-252
121000979,567,164,403
121000981,351,186,165
121000982,298,124,174
121000983,505,280,225
121000984,18,65,-47
121000985,757,391,366
121000986,447,184,263
121000987,268,767,-499
121000988,1000,135,865
121001302,243,122,121
121001308,4,14,-10
121001309,73,162,-89
121001313,217,131,86
121001314,1416,2451,-1035
121001315,5097,2915,2182
121900001,88,196,-108
121900002,36,47,-11
121900003,443,24,419
121900004,147,443,-296
121900005,30,16,14
121900006,110,17,93
121900007,1930,1945,-15
121900008,1017,734,283
121900009,602,21,581
121900010,226,5,221
121900011,414,465,-51
121900012,16,0,16
121900013,964,80,884
121900014,1328,341,987
121900015,237,172,65
121900016,4,48,-44
121900017,644,354,290
121900018,348,16,332
121900019,533,243,290
121900020,23,10,13
121900021,982,21,961
121900022,261,215,46
121900023,184,339,-155
121900024,372,77,295
121900025,689,422,267
121900026,361,48,313
121900027,500,282,218
121900028,300,19,281
121900029,112,241,-129
121900030,601,522,79
121900031,932,6676,-5744
121900032,120,78,42
121900033,241,271,-30
121900034,292,77,215
121900035,3068,2294,774
121900036,86,275,-189
121900037,198,1074,-876
121900038,39,133,-94
121900039,347,50,297
121900040,87,120,-33
121900041,195,239,-44
121900042,463,138,325
121900043,10,13,-3
121900044,118,74,44
121900046,315,348,-33
121900047,245,67,178
121900048,76,117,-41
121900050,67,58,9
121900051,215,225,-10
121900052,191,52,139
121900053,463,349,114
121900054,424,951,-527
121900055,5,20,-15
121900058,290,121,169
121900059,509,183,326
121900060,190,423,-233
121900061,203,164,39
121900062,130,177,-47
121900063,1907,396,1511
121900064,330,572,-242
121900066,90,42,48
121900067,67,56,11
121900069,193,120,73
121900070,247,215,32
121900071,447,234,213
121900072,58,99,-41
121900073,261,246,15
121900074,733,1162,-429
121900075,445,599,-154
121900076,462,667,-205
121900077,27,14,13
121900078,147,47,100
121900079,1,0,1
121900080,772,409,363
121900082,74,100,-26
121900084,28,88,-60
121900085,4,10,-6
121900086,40,99,-59
121900087,161,135,26
121900088,1814,3302,-1488
121900089,212,249,-37
121900090,26,73,-47
121900091,86,71,15
121900092,137,145,-8
121900093,95,66,29
121900094,25,10,15
121900095,357,178,179
121900096,1459,771,688
121900097,682,231,451
121900098,5,10,-5
121900099,247,49,198
121900100,219,655,-436
121900101,220,155,65
121900102,6,152,-146
121900103,514,277,237
121900104,1694,271,1423
121900105,389,241,148
121900106,9,7,2
121900107,75,30,45
121900108,2,23,-21
121900109,275,138,137
121900110,547,570,-23
121900111,799,316,483
121900112,181,156,25
121900113,85,506,-421
121900114,99,79,20
121900117,229,218,11
121900118,1674,564,1110
121900119,194,72,122
121900120,110,1289,-1179
121900121,488,30,458
121900122,52,72,-20
121900123,329,426,-97
121900124,173,145,28
121900125,1693,1072,621
121900127,24,84,-60
121900128,94,90,4
121900129,458,189,269
121900130,115,216,-101
121900131,229,110,119
121900132,58,79,-21
121900133,81,1110,-1029
121900134,27,144,-117
121900135,3393,551,2842
121900136,411,306,105
121900137,43,297,-254
121900138,124,204,-80
121900139,349,621,-272
121900140,74,209,-135
121900141,82,31,51
121900142,193,112,81
121900143,33,180,-147
121900144,147,293,-146
121900145,302,388,-86
121900146,607,695,-88
121900147,55,142,-87
121900148,185,328,-143
121900149,352,541,-189
121900150,59,135,-76
121900151,76,221,-145
121900152,105,88,17
121900153,100,900,-800
121900154,16,261,-245
121900155,4,135,-131
121900156,181,119,62
121900157,4,296,-292
121900158,88,118,-30
121900159,1,214,-213
121900160,24,272,-248
121900161,258,322,-64
121900162,85,219,-134
121900163,423,473,-50
121900164,372,217,155
121900165,235,151,84
121900166,192,173,19
121900167,116,144,-28
121900168,164,214,-50
121900169,6,165,-159
121900170,21,159,-138
121900171,850,660,190
121900172,524,218,306
121900173,813,257,556
121900174,60,88,-28
121900175,354,341,13
121900176,560,1297,-737
121900177,213,70,143
121900178,29,27,2
121900179,458,185,273
121900180,2664,5376,-2712
121900182,801,336,465
121900183,678,1422,-744
121900184,100,590,-490
121900186,5,406,-401
121900187,28,187,-159
121900188,648,302,346
121900189,39,129,-90
121900190,204,428,-224
121900191,185,288,-103
121900192,313,761,-448
121900193,47,127,-80
121900194,14,368,-354
121900195,132,99,33
121900196,808,908,-100
121900197,476,1188,-712
121900198,1178,994,184
121900199,13,63,-50
121900200,57,196,-139
121900201,1027,927,100
121900202,98,742,-644
121900203,224,962,-738
121900204,662,1438,-776
121900205,9,81,-72
121900206,27,50,-23
121900207,129,61,68
121900208,137,271,-134
121900209,108,32,76
121900210,1189,1015,174
121900211,28,92,-64
121900212,138,109,29
121900213,208,88,120
121900214,19,507,-488
121900215,75,132,-57
121900216,41,348,-307
121900217,320,219,101
121900218,174,381,-207
121900220,152,21,131
121900221,212,623,-411
121900222,181,136,45
121900223,191,54,137
121900224,145,45,100
121900225,110,132,-22
121900226,370,443,-73
121900227,297,523,-226
121900228,182,252,-70
121900230,95,260,-165
121900231,236,1697,-1461
121900232,248,351,-103
121900233,180,200,-20
121900234,447,246,201
121900235,664,128,536
121900236,323,184,139
121900237,332,275,57
121900238,130,259,-129
121900239,168,30,138
121900240,292,122,170
121900241,75,47,28
121900242,3,0,3
121900243,9,0,9
121900244,27,1,26
121900245,192,66,126
121900246,2548,365,2183
121900247,268,217,51
121900248,1217,1360,-143
121900250,264,290,-26
121900251,518,46,472
121900252,604,143,461
121900253,61,636,-575
121900254,481,293,188
121900255,420,123,297
121900258,3935,2074,1861
121900259,374,549,-175
121900260,213,117,96
121900261,177,509,-332
121900262,339,1036,-697
121900263,306,273,33
121900264,1611,1191,420
121900265,353,250,103
121900266,511,115,396
121900267,74,41,33
121900269,240,848,-608
121900270,41,214,-173
121900271,63,161,-98
121900273,528,1824,-1296
121900274,373,220,153
121900277,415,1025,-610
121900278,187,912,-725
121900279,163,202,-39
121900280,138,500,-362
121900281,358,428,-70
121900284,61,7,54
121900286,177,119,58
121900287,50,40,10
121900290,281,454,-173
121900291,396,796,-400
121900292,134,122,12
121900293,883,2511,-1628
121900294,224,1,223
121900295,143,191,-48
121900296,82,313,-231
121900298,288,942,-654
121900299,5,9,-4
121900300,111,4,107
121900301,56,2,54
121900302,9,26,-17
121900303,435,544,-109
121900304,2,7,-5
121900305,7,10,-3
121900306,215,1,214
121900307,103,35,68
121900308,25,273,-248
121900309,6,165,-159
121900310,13,339,-326
121900311,518,17,501
121900312,304,13,291
121900313,387,47,340
121900314,7,38,-31
121900315,10,0,10
121900316,0,7,-7
121900317,21,4,17
121900318,2,16,-14
121900319,31,84,-53
121900320,40,62,-22
121900321,11,1,10
121900322,1,17,-16
121900323,17,18,-1
121900324,2,41,-39
121900325,12,11,1
121900326,3,24,-21
121900327,8,22,-14
121900328,0,19,-19
121900329,0,91,-91
121900330,5,65,-60
121900331,98,119,-21
121900332,66,28,38
121900333,21,2,19
122000001,1901,5373,-3472
122000002,3475,1632,1843
122000003,1901,2767,-866
122000004,2915,1565,1350
122000005,2386,2130,256
122000006,1658,1094,564
122000007,959,1653,-694
122000008,2414,4422,-2008
122000009,376,456,-80
122000010,1890,2676,-786
122000011,3158,1707,1451
122000012,1020,1789,-769
122000013,1005,1099,-94
122000014,1763,1072,691
122000015,1362,1140,222
122000016,662,876,-214
122000017,1217,1139,78
122000018,1380,1356,24
122000019,861,918,-57
122000020,285,280,5
122000021,231,561,-330
122000022,1127,1040,87
122000023,791,1555,-764
122000024,665,1442,-777
122000025,736,2122,-1386
122000026,781,1385,-604
122000027,609,1583,-974
122000028,989,504,485
122000029,558,496,62
122000030,265,143,122
122000031,130,288,-158
122000032,1925,1925,0
122000033,693,1517,-824
122000034,582,669,-87
122000035,330,678,-348
122000036,553,470,83
122000037,364,248,116
122000038,248,345,-97
122000039,463,429,34
122000040,237,245,-8
122000041,496,583,-87
122000042,289,427,-138
122000043,143,116,27
122000044,132,144,-12
122000045,1218,480,738
122000046,780,609,171
122000047,251,214,37
122000048,3592,4336,-744
122000049,5861,3440,2421
122000050,1282,849,433
122000051,224,383,-159
122000052,558,481,77
122000053,182,840,-658
122000054,2201,1777,424
122000055,1989,3347,-1358
122000056,4211,3449,762
122000057,2896,3973,-1077
122000058,1814,1593,221
122000059,1955,2315,-360
122000060,512,928,-416
122000061,441,663,-222
122000062,684,318,366
122000063,1133,810,323
122000064,3083,3333,-250
122000065,3136,2272,864
122000066,1022,1024,-2
122000067,1515,1199,316
122000068,1615,997,618
122000069,734,631,103
122000070,856,1310,-454
122000071,1845,997,848
122000072,442,522,-80
122000073,359,971,-612
122000074,2945,1549,1396
122000075,928,1161,-233
122000076,3235,1409,1826
122000077,879,1209,-330
122000078,1479,3069,-1590
122000079,904,1508,-604
122000080,635,330,305
122000081,178,208,-30
122000082,477,1082,-605
122000083,2320,1421,899
122000084,1787,942,845
122000085,285,818,-533
122000086,2268,5848,-3580
122000087,433,311,122
122000088,448,649,-201
122000089,4225,2421,1804
122000090,178,525,-347
122000091,133,96,37
122000092,79,21,58
122000093,1490,2251,-761
122000094,4676,3288,1388
122000095,1738,4588,-2850
122000096,1647,1957,-310
122000098,3067,3207,-140
122000099,1261,791,470
122000100,771,604,167
122000101,459,596,-137
122000102,2097,1017,1080
122000103,1865,1585,280
122000104,465,177,288
122000105,508,272,236
122000106,404,708,-304
122000107,1025,401,624
122000108,433,747,-314
122000109,455,304,151
122000110,591,580,11
122000111,2732,1515,1217
122000112,1103,1300,-197
122000113,790,598,192
122000114,2434,1622,812
122000115,1878,1234,644
122000116,578,688,-110
122000117,1441,449,992
122000118,628,856,-228
122000119,2812,2563,249
122000120,2021,4018,-1997
122000121,1903,3000,-1097
122000122,662,1560,-898
122000123,1814,1748,66
122000124,1016,576,440
122000125,586,811,-225
122000126,637,1010,-373
122000127,1014,989,25
122000128,425,619,-194
122000129,570,1716,-1146
122000130,3319,1247,2072
122000131,1545,1060,485
122000132,494,458,36
122000133,957,1218,-261
122000134,981,778,203
122000135,644,602,42
122000136,943,615,328
122000137,2146,820,1326
122000139,961,3943,-2982
122000140,574,605,-31
122000141,3410,1169,2241
122000142,338,892,-554
122000143,510,464,46
122000144,1566,1009,557
122000145,997,767,230
122000146,641,1144,-503
122000147,562,495,67
122000148,1235,2284,-1049
122000149,2272,1562,710
122000150,1319,1180,139
122000151,165,343,-178
122000152,357,343,14
122000153,361,302,59
122000154,307,224,83
122000155,1551,2719,-1168
122000156,2446,2756,-310
122000157,1144,2473,-1329
122000158,302,522,-220
122000159,710,1374,-664
122000160,3966,2185,1781
122000161,1485,1094,391
122000162,1987,2082,-95
122000163,260,111,149
122000164,52,92,-40
122000165,902,654,248
122000166,981,971,10
122000167,344,323,21
122000168,168,571,-403
122000169,328,173,155
122000170,366,261,105
122000171,56,125,-69
122000172,1737,1324,413
122000173,1457,2271,-814
122000174,2189,1053,1136
122000175,867,230,637
122000176,350,755,-405
122000177,1518,1377,141
122000178,2577,2394,183
122000179,1540,2350,-810
122000180,1615,1360,255
122000181,1356,3046,-1690
122000182,1736,2052,-316
122000183,2123,1066,1057
122000184,2832,2625,207
122000185,1297,1739,-442
122000186,415,758,-343
122000187,1838,847,991
122000188,455,244,211
122000189,238,347,-109
122000190,795,1134,-339
122000191,936,845,91
122000192,1127,379,748
122000193,500,778,-278
122000194,545,187,358
122000195,154,476,-322
122000196,1330,624,706
122000197,549,750,-201
122000198,470,864,-394
122000199,339,354,-15
122000200,845,622,223
122000201,1230,1560,-330
122000202,1326,1600,-274
122000203,2547,1414,1133
122000204,1334,1880,-546
122000205,1155,1465,-310
122000206,2507,1047,1460
122000207,2235,1471,764
122000208,2293,1272,1021
122000209,1817,387,1430
122000210,1932,1538,394
122000211,1486,1116,370
122000212,927,672,255
122000213,1106,1343,-237
122000214,2077,1818,259
122000215,1967,1716,251
122000217,1605,1392,213
122000218,727,105,622
122000219,977,808,169
122000220,420,674,-254
122000221,65,381,-316
122000222,560,132,428
122000223,1275,544,731
122000225,895,310,585
122000226,1854,1607,247
122000227,273,2240,-1967
122000228,341,349,-8
122000229,49,485,-436
122000230,85,462,-377
122000231,310,697,-387
122000232,693,792,-99
122000233,1,79,-78
122000234,456,60,396
122000235,521,127,394
122000236,1476,92,1384
122000237,145,96,49
122000238,455,384,71
122000239,825,229,596
122000240,1381,590,791
122000241,1807,585,1222
122000242,1011,157,854
122000243,41,18,23
122000244,17,236,-219
122000245,10,73,-63
122000246,67,96,-29
122000247,588,219,369
122000248,869,1264,-395
122000249,1032,852,180
122000250,2306,1033,1273
122000251,247,421,-174
122000252,481,110,371
122000253,59,265,-206
122000254,262,140,122
122000255,719,1192,-473
122000256,343,739,-396
122000257,191,189,2
122000258,343,241,102
122000259,16,379,-363
122000260,9,72,-63
122000261,16,251,-235
122000262,3,38,-35
122000263,592,289,303
122000264,1691,309,1382
122000265,2550,863,1687
122000266,3971,713,3258
122000267,162,107,55
122000268,134,255,-121
122000269,900,296,604
122000270,560,121,439
122000271,272,888,-616
122000272,343,708,-365
122000273,422,305,117
122000274,220,111,109
122000275,58,203,-145
122000276,919,629,290
122000277,1319,1703,-384
122000278,2174,607,1567
122000279,292,407,-115
122000280,986,750,236
122000281,1200,692,508
122000282,273,481,-208
122000283,265,169,96
122000284,372,86,286
122000285,341,76,265
122000286,46,175,-129
122000287,1408,1305,103
122000288,549,225,324
122000291,2036,754,1282
122000293,192,211,-19
122000294,136,219,-83
122000295,1238,194,1044
122000296,29,443,-414
122000297,2280,3521,-1241
122000299,646,383,263
122000300,605,697,-92
122000301,7855,3432,4423
122000302,681,2025,-1344
122000303,2642,1245,1397
122000304,62,213,-151
122000305,1308,233,1075
122000306,41,394,-353
122000307,133,96,37
122000309,68,48,20
122000310,22,116,-94
122000311,195,131,64
122000312,138,193,-55
122000313,158,76,82
122000314,113,220,-107
122000315,337,57,280
122000316,965,252,713
122000317,1657,360,1297
122000318,261,1073,-812
122000319,242,331,-89
122000320,256,930,-674
122000321,116,117,-1
122000322,1803,2102,-299
122000323,1117,2248,-1131
122000324,1039,1133,-94
122000325,865,2026,-1161
122000326,151,98,53
122000327,513,749,-236
122000328,807,618,189
122000330,1703,880,823
122000332,222,426,-204
122000333,14,79,-65
122000337,1174,921,253
122000338,693,381,312
122000340,308,501,-193
122000342,1465,905,560
122000343,484,658,-174
122000344,102,15,87
122000345,67,28,39
122000346,381,376,5
122000348,1339,635,704
122000349,171,733,-562
122000351,203,200,3
122000352,304,182,122
122000353,155,54,101
122000355,133,297,-164
122000356,975,1203,-228
122000357,116,27,89
122000358,2,35,-33
122000359,0,22,-22
122000360,1,40,-39
122000362,16,56,-40
122000364,210,356,-146
122000365,3,41,-38
122000366,10,4,6
122000368,441,652,-211
122000370,22,55,-33
122000371,25,0,25
122000372,16,2,14
122000381,144,301,-157
122000382,87,195,-108
122000384,1985,1146,839
122000385,56,0,56
122000386,352,1483,-1131
122000387,585,731,-146
122000388,1647,666,981
122000389,144,667,-523
122000390,387,183,204
122000391,360,397,-37
122000392,158,202,-44
122000393,37,93,-56
122000394,645,181,464
122000395,127,90,37
122000396,307,68,239
122000397,26,33,-7
122000398,25,52,-27
122000399,157,72,85
122000400,84,577,-493
122000401,128,57,71
122000402,402,116,286
122000403,574,615,-41
122000404,187,166,21
122000408,811,1167,-356
122000503,15,123,-108
122000524,153,156,-3
122000544,96,2232,-2136
122000616,297,5,292
122000640,82,76,6
122000641,141,219,-78
122000642,1170,741,429
122000643,69,175,-106
122000644,108,85,23
122000645,84,178,-94
122000651,1008,1056,-48
122000664,143,36,107
122000665,1165,556,609
122000666,685,1066,-381
122000673,62,165,-103
122000674,247,63,184
122000675,1855,668,1187
122000686,414,785,-371
122000687,1446,275,1171
122000688,324,402,-78
122000689,1140,351,789
122000690,2574,388,2186
122000691,775,1159,-384
122000692,2040,381,1659
122000693,400,1507,-1107
122000695,398,303,95
122000696,502,173,329
122000698,462,436,26
122000699,260,95,165
122000701,1688,302,1386
122000702,466,891,-425
122000703,177,76,101
122000717,114,80,34
122000718,468,1005,-537
122000719,117,74,43
122000720,499,134,365
122000724,91,24,67
122900001,52,14,38
122900002,1222,6249,-5027
122900003,482,32,450
122900004,1954,95,1859
122900005,160,104,56
122900006,652,745,-93
122900007,132,60,72
122900008,616,323,293
122900009,664,624,40
122900010,236,123,113
122900012,216,479,-263
122900014,149,219,-70
122900015,1525,1442,83
122900016,108,244,-136
122900017,379,809,-430
122900018,207,22,185
122900019,9,122,-113
122900020,200,410,-210
122900021,30,404,-374
122900022,1235,810,425
122900023,645,155,490
122900024,176,119,57
122900025,15,333,-318
122900026,36,213,-177
122900027,51,546,-495
122900028,105,173,-68
122900029,3905,2923,982
122900030,1112,650,462
122900031,49,270,-221
122900032,127,427,-300
122900033,236,128,108
122900034,3630,4708,-1078
122900035,40,25,15
122900036,90,84,6
122900037,356,142,214
122900038,102,3139,-3037
122900039,112,509,-397
122900040,272,446,-174
122900041,275,356,-81
122900042,211,282,-71
122900043,434,213,221
122900044,98,287,-189
122900045,104,108,-4
122900046,233,266,-33
122900047,110,179,-69
122900048,37,221,-184
122900049,1049,178,871
122900051,72,135,-63
122900052,123,143,-20
122900053,22,18,4
122900055,352,52,300
122900057,238,54,184
122900061,563,223,340
122900062,692,741,-49
122900063,196,199,-3
122900064,821,430,391
122900065,577,206,371
122900066,704,330,374
122900067,916,537,379
122900068,124,255,-131
122900069,344,1654,-1310
122900070,334,66,268
122900071,110,290,-180
122900072,5,354,-349
122900073,23,175,-152
122900074,1057,402,655
122900075,2,55,-53
122900076,6,138,-132
122900077,0,105,-105
122900078,205,42,163
122900080,36,49,-13
122900081,224,157,67
122900082,1076,178,898
122900083,147,76,71
122900084,7,184,-177
122900086,24,95,-71
122900087,282,417,-135
122900088,53,194,-141
122900089,60,206,-146
122900090,11,289,-278
122900091,300,1,299
122900092,0,124,-124
122900093,0,159,-159
122900094,3,146,-143
122900095,206,20,186
122900096,408,123,285
122900097,40,36,4
122900098,56,112,-56
122900099,72,14,58
122900100,286,469,-183
122900101,529,327,202
122900102,14,46,-32
122900103,177,4,173
122900104,267,4,263
122900105,15,7,8
122900106,2,49,-47
122900107,4,129,-125
122900108,4,122,-118
123000001,1283,498,785
123000002,3133,5911,-2778
123000003,4010,4346,-336
123000004,2850,3670,-820
123000005,2877,2753,124
123000006,2047,2056,-9
123000007,4239,2550,1689
123000008,2560,2749,-189
123000009,4323,2798,1525
123000010,3225,3115,110
123000011,1927,765,1162
123000012,680,1907,-1227
123000013,3672,831,2841
123000014,778,3309,-2531
123000015,3019,1345,1674
123000016,3727,4861,-1134
123000017,3105,1641,1464
123000018,109,86,23
123000019,514,138,376
123000020,320,63,257
123000021,186,171,15
123000022,339,1767,-1428
123000023,1894,1940,-46
123000024,1495,620,875
123000025,102,96,6
123000026,32,130,-98
123000027,113,666,-553
123000028,1304,731,573
123000029,608,1496,-888
123000030,306,199,107
123000031,336,222,114
123000032,504,120,384
123000033,314,81,233
123000034,1018,730,288
123000035,450,417,33
123000036,297,887,-590
123000037,254,306,-52
123000038,115,191,-76
123000039,380,1683,-1303
123000040,734,278,456
123000041,1054,1065,-11
123000042,563,601,-38
123000043,2431,11356,-8925
123000044,3581,2669,912
123000045,5299,3352,1947
123000046,621,1637,-1016
123000047,1580,1056,524
123000048,111,1116,-1005
123000049,5819,11558,-5739
123000050,1738,1635,103
123000051,94,193,-99
123000052,874,3499,-2625
123000053,2718,2803,-85
123000054,1663,1554,109
123000055,1602,3074,-1472
123000056,1307,1649,-342
123000057,7778,7989,-211
123000058,668,1293,-625
123000059,395,535,-140
123000060,1161,405,756
123000061,299,674,-375
123000063,1019,954,65
123000064,1289,279,1010
123000065,3697,2422,1275
123000066,580,565,15
123000067,1046,511,535
123000068,2290,2509,-219
123000069,6208,2752,3456
123000070,286,575,-289
123000071,1378,828,550
123000072,1186,691,495
123000073,1604,749,855
123000074,1383,863,520
123000075,446,1301,-855
123000076,840,604,236
123000077,1851,1779,72
123000078,1785,1316,469
123000079,1967,1459,508
123000080,2554,1336,1218
123000081,161,320,-159
123000082,352,834,-482
123000083,1189,282,907
123000084,861,436,425
123000085,481,63,418
123000086,737,147,590
123000087,495,267,228
123000088,1375,648,727
123000089,640,908,-268
123000090,1259,746,513
123000091,1416,1135,281
123000092,812,1018,-206
123000094,658,247,411
123000095,798,692,106
123000096,845,316,529
123000097,564,510,54
123000098,929,500,429
123000099,720,558,162
123000100,437,765,-328
123000101,522,591,-69
123000102,449,690,-241
123000104,504,423,81
123000105,572,454,118
123000106,435,430,5
123000107,310,438,-128
123000108,609,1001,-392
123000111,1076,267,809
123000112,1467,446,1021
123000113,527,911,-384
123000114,310,541,-231
123000115,335,275,60
123000116,47,84,-37
123000117,1910,1440,470
123000118,503,666,-163
123000119,268,609,-341
123000120,383,598,-215
123000121,395,456,-61
123000122,391,258,133
123000123,427,489,-62
123000124,388,370,18
123000125,1280,1303,-23
123000126,1402,4692,-3290
123000127,653,583,70
123000128,307,271,36
123000129,901,216,685
123000130,875,83,792
123000131,1146,720,426
123000132,347,592,-245
123000133,287,358,-71
123000134,342,125,217
123000135,2814,1124,1690
123000136,225,578,-353
123000137,126,280,-154
123000138,75,388,-313
123000139,653,102,551
123000140,126,530,-404
123000141,816,142,674
123000142,1054,902,152
123000143,886,1447,-561
123000144,39,44,-5
123000145,164,131,33
123000146,20,87,-67
123000147,74,90,-16
123000149,425,411,14
123000150,232,235,-3
123000151,292,475,-183
123000152,112,376,-264
123000153,205,749,-544
123000154,1550,2127,-577
123000155,1879,1346,533
123000156,40,128,-88
123000157,608,929,-321
123000158,598,797,-199
123000159,3089,2897,192
123000160,1122,797,325
123000161,1841,1197,644
123000162,1194,1665,-471
123000163,763,156,607
123000164,1790,358,1432
123000165,358,1109,-751
123000166,45,112,-67
123000167,169,257,-88
123000168,269,171,98
123000169,859,152,707
123000170,90,117,-27
123000171,894,11,883
123000172,163,394,-231
123000173,716,275,441
123000174,1285,445,840
123000175,476,928,-452
123000176,1325,348,977
123000177,298,839,-541
123000178,836,170,666
123000179,44,500,-456
123000180,1666,319,1347
123000181,308,952,-644
123000182,360,308,52
123000183,149,539,-390
123000184,104,394,-290
123000185,939,301,638
123000186,3,397,-394
123000187,703,6,697
123000188,225,0,225
123000189,204,142,62
123000190,66,74,-8
123000192,27,295,-268
123000193,71,622,-551
123000194,338,256,82
123000195,380,35,345
123000196,426,50,376
123000197,86,92,-6
123000198,31,671,-640
123000199,8,593,-585
123000200,694,9,685
123000201,1226,27,1199
123000202,41,624,-583
123000203,1102,53,1049
123000204,89,745,-656
123000205,449,1148,-699
123000206,2581,248,2333
123000207,94,626,-532
123000208,661,224,437
123000209,2289,594,1695
123000210,445,1392,-947
123000211,530,1738,-1208
123000212,3557,610,2947
123000213,796,107,689
123000215,81,278,-197
123000216,182,1039,-857
123000217,216,54,162
123000218,63,792,-729
123000219,749,78,671
123000220,523,126,397
123000221,155,93,62
123000222,486,376,110
123000223,575,282,293
123000224,450,340,110
123000225,273,63,210
123000226,77,352,-275
123000227,63,263,-200
123000228,302,72,230
123000229,862,1175,-313
123000232,149,511,-362
123000233,799,147,652
123000234,159,569,-410
123000235,1469,340,1129
123000236,323,614,-291
123000237,332,89,243
123000238,81,428,-347
123000239,515,1099,-584
123000240,59,555,-496
123000241,376,75,301
123000242,372,171,201
123000243,707,689,18
123000244,906,658,248
123000245,65,146,-81
123000249,1010,527,483
123000252,952,277,675
123000253,1596,522,1074
123000254,845,884,-39
123000255,1522,976,546
123000256,25,235,-210
123000257,2369,1640,729
123000258,959,655,304
123000259,454,413,41
123000260,583,317,266
123000261,408,145,263
123000262,84,147,-63
123000263,517,112,405
123000264,244,110,134
123000265,30,116,-86
123000266,632,633,-1
123000267,982,422,560
123000268,39,94,-55
123000269,51,55,-4
123000270,31,47,-16
123000271,68,68,0
123000272,775,239,536
123000273,346,751,-405
123000274,1220,567,653
123000275,358,731,-373
123000278,2036,2466,-430
123000279,114,75,39
123000280,335,234,101
123000281,351,98,253
123000282,186,285,-99
123000283,141,53,88
123000284,90,71,19
123000286,180,342,-162
123000287,474,255,219
123000288,1271,986,285
123000289,419,1331,-912
123000291,272,770,-498
123000294,203,246,-43
123000295,796,912,-116
123000296,686,403,283
123000297,729,409,320
123000298,726,339,387
123000299,65,134,-69
123000300,1178,722,456
123000301,142,278,-136
123000302,95,130,-35
123000303,180,158,22
123000305,900,895,5
123000306,162,85,77
123000309,26,33,-7
123000310,42,30,12
123000311,0,71,-71
123000312,498,531,-33
123000313,610,345,265
123000315,216,277,-61
123000316,1005,97,908
123000317,202,88,114
123000318,37,178,-141
123000329,16,17,-1
123000337,1159,459,700
123000338,428,81,347
123000339,283,56,227
123000340,144,320,-176
123000342,4,19,-15
123000343,77,11,66
123000344,1054,350,704
123000345,377,510,-133
123000346,431,51,380
123000352,1105,848,257
123000353,29,78,-49
123000354,259,38,221
123000355,0,222,-222
123000356,449,23,426
123000357,5,155,-150
123000359,9,129,-120
123000360,238,82,156
123000361,231,317,-86
123000362,574,70,504
123000363,137,200,-63
123000364,581,470,111
123000365,18,398,-380
123000366,386,2243,-1857
123000367,350,810,-460
123000370,29,245,-216
123000371,856,51,805
123000372,403,42,361
123000373,6,283,-277
123000374,19,170,-151
123000375,370,61,309
123000376,899,586,313
123000377,626,27,599
123000378,13,264,-251
123000379,0,197,-197
123000380,57,506,-449
123000381,113,128,-15
123000382,979,166,813
123000383,152,1409,-1257
123000384,549,158,391
123000385,170,485,-315
123000436,38,1301,-1263
123000507,94,192,-98
123000508,160,1085,-925
123000517,221,31,190
123000518,51,255,-204
123000519,164,57,107
123000520,51,207,-156
123000521,412,109,303
123000522,112,354,-242
123000541,10,3,7
123000542,0,5,-5
123000565,493,34,459
123000566,555,342,213
123000567,92,205,-113
123000573,46,501,-455
123000574,843,58,785
123000575,1682,876,806
123000576,1209,970,239
123000577,58,622,-564
123000578,476,114,362
123000579,1606,7013,-5407
123000580,93,35,58
123000582,499,35,464
123000583,34,316,-282
123000584,231,295,-64
123000585,0,81,-81
123000586,125,1,124
123000596,49,79,-30
123000597,95,112,-17
123000602,57,8,49
123000603,959,444,515
123000604,542,473,69
123000605,792,106,686
123000606,1,374,-373
123000609,27,338,-311
123000610,193,166,27
123000613,35,186,-151
123000614,231,67,164
123000615,27,65,-38
123000616,1034,62,972
123000617,114,264,-150
123000618,76,626,-550
123000619,622,35,587
123000620,31,389,-358
123000622,509,21,488
123000624,196,29,167
123000630,1351,465,886
123000631,261,648,-387
123000632,616,541,75
123000633,0,161,-161
123000634,39,157,-118
123000635,85,128,-43
123000636,42,504,-462
123000637,325,67,258
123000638,484,40,444
123000639,839,5242,-4403
123000640,19,452,-433
123900001,1091,47,1044
123900002,40,1273,-1233
123900003,250,391,-141
123900005,278,168,110
123900006,323,64,259
124000001,2043,181,1862
124000002,86,1294,-1208
124000003,1080,126,954
124000004,68,395,-327
124000005,1221,602,619
124000006,212,766,-554
124000007,389,104,285
124000008,3,437,-434
124000009,642,230,412
124000010,191,311,-120
124000011,1038,321,717
124000012,265,366,-101
124000017,170,133,37
124000018,154,77,77
124000019,174,134,40
124000020,51,144,-93
124000021,141,96,45
124000022,93,204,-111
124000023,1432,1441,-9
124000024,991,380,611
124000025,1148,1897,-749
124000026,838,851,-13
124000027,4728,5180,-452
124000028,1642,3858,-2216
124000030,2042,1258,784
124000031,1401,4523,-3122
124000032,1764,774,990
124000033,162,276,-114
124000034,716,493,223
124000035,39,279,-240
124000036,54,166,-112
124000037,648,1002,-354
124000038,52,132,-80
124000039,1056,478,578
124000040,516,1221,-705
124000041,528,88,440
124000042,126,389,-263
124000043,137,103,34
124000044,62,190,-128
124000045,1010,556,454
124000046,264,577,-313
124000047,2184,745,1439
124000048,984,979,5
124000049,2127,556,1571
124000050,842,1146,-304
124000051,1211,468,743
124000052,570,712,-142
124000053,597,1760,-1163
124000054,840,410,430
124000055,1446,3160,-1714
124000056,1786,1083,703
124000057,1197,584,613
124000058,470,943,-473
124000059,869,1341,-472
124000060,890,518,372
124000061,1278,5990,-4712
124000062,2768,1621,1147
124000063,1021,1323,-302
124000064,1759,1148,611
124000065,8,436,-428
124000066,54,28,26
124000067,232,164,68
124000068,7,14,-7
124000069,123,11,112
124000070,49,87,-38
124000071,180,91,89
124000072,163,392,-229
124000073,1130,137,993
124000074,193,662,-469
124000075,446,32,414
124000076,9,170,-161
124000077,1270,821,449
124000078,2654,1172,1482
124000079,317,1440,-1123
124000080,652,185,467
124000081,303,492,-189
124000082,84,145,-61
124000083,107,84,23
124000084,74,410,-336
124000085,129,49,80
124000086,61,103,-42
124000087,96,92,4
124000088,329,467,-138
124000089,806,292,514
124000090,106,226,-120
124000091,399,61,338
124000092,85,332,-247
124000093,206,95,111
124000094,375,495,-120
124000095,111,61,50
124000096,160,201,-41
124000097,144,96,48
124000098,72,88,-16
124000099,262,130,132
124000100,92,71,21
124000101,106,94,12
124000102,132,60,72
124000103,132,124,8
124000104,92,35,57
124000105,115,99,16
124000106,139,52,87
124000107,16,204,-188
124000108,53,24,29
124000109,160,53,107
124000110,150,102,48
124000111,221,117,104
124000112,855,505,350
124000113,114,81,33
124000114,322,327,-5
124000115,368,522,-154
124000116,114,146,-32
124000117,46,87,-41
124000118,50,147,-97
124000119,943,475,468
124000120,691,526,165
124000121,1258,759,499
124000122,599,1305,-706
124000123,1104,488,616
124000124,444,1029,-585
124000125,495,481,14
124000126,298,525,-227
124000127,1072,353,719
124000128,568,826,-258
124000129,2260,1481,779
124000130,874,543,331
124000131,935,663,272
124000132,879,676,203
124000133,1037,838,199
124000134,1519,509,1010
124000135,1658,1720,-62
124000136,788,769,19
124000137,1202,815,387
124000138,1340,1162,178
124000139,519,28,491
124000140,23,380,-357
124000141,100,8,92
124000142,3,142,-139
124000143,56,7,49
124000144,7,37,-30
124000145,173,18,155
124000146,17,69,-52
124000148,20,102,-82
124000149,1042,412,630
124000150,310,602,-292
124000151,936,380,556
124000152,746,1009,-263
124000153,1462,818,644
124000154,918,646,272
124000155,1549,910,639
124000156,1468,1006,462
124000169,224,527,-303
124000170,479,427,52
124000171,379,288,91
124000172,350,444,-94
124000173,605,188,417
124000174,350,517,-167
124000175,19,93,-74
124000176,56,25,31
124000177,8,30,-22
124000178,57,86,-29
124000190,41,41,0
124000191,60,87,-27
124000192,1334,420,914
124000193,300,887,-587
124000194,373,419,-46
124000195,328,493,-165
124000196,790,730,60
124000197,49,53,-4
124000198,55,103,-48
124000201,361,673,-312
124000202,660,289,371
124000203,572,330,242
124000204,1057,219,838
124000205,97,274,-177
124000206,945,250,695
124000207,0,45,-45
124000209,174,291,-117
124000210,619,192,427
124000211,809,6,803
124000212,2,249,-247
124000213,615,198,417
124000214,479,403,76
124000215,454,19,435
124000216,1,280,-279
124000329,134,998,-864
124000338,94,470,-376
124000339,1320,130,1190
124000341,1862,77,1785
124000344,80,38,42
124000357,1236,2554,-1318
124000358,903,1355,-452
124000359,1601,607,994
124000360,1213,420,793
124000361,1777,953,824
124000362,963,1126,-163
124000363,306,358,-52
124000364,489,854,-365
124000365,427,775,-348
124000366,1101,775,326
124000367,72,376,-304
124000368,481,473,8
124000369,152,111,41
124000370,79,408,-329
124000402,33,15,18
124000403,156,18,138
124000404,10,81,-71
124000405,1292,851,441
124000406,800,768,32
124000407,2,12,-10
124000411,10,269,-259
124000412,530,9,521
124000413,129,47,82
124000414,78,84,-6
124000415,81,62,19
124000416,131,148,-17
124000417,183,101,82
124000418,224,97,127
124000419,105,81,24
124000420,156,78,78
124000421,67,104,-37
124000422,20,11,9
124000423,104,41,63
124000424,5,45,-40
124000425,28,28,0
124000426,4,37,-33
124000427,56,9,47
124000428,8,58,-50
124000429,97,60,37
124000430,833,501,332
124000431,264,545,-281
124000432,367,619,-252
124000439,4,10,-6
124000442,11,74,-63
124000443,2,5,-3
124000445,108,712,-604
124000446,491,85,406
124900001,618,433,185
124900002,182,238,-56
124900003,1309,516,793
124900004,760,358,402
124900005,224,158,66
124900006,740,320,420
124900008,1250,625,625
124900009,199,389,-190
124900010,231,133,98
124900011,837,293,544
124900012,521,91,430
124900013,512,120,392
124900014,346,78,268
124900015,201,450,-249
124900016,99,105,-6
124900017,610,2243,-1633
124900018,94,8,86
124900020,135,74,61
124900021,376,62,314
124900022,48,22,26
124900024,361,22,339
124900026,152,23,129
124900027,147,558,-411
124900028,450,78,372
124900029,35,567,-532
124900030,4,96,-92
124900031,83,254,-171
124900032,249,246,3
124900033,127,245,-118
124900034,17,118,-101
124900035,178,414,-236
124900036,1,59,-58
124900037,212,219,-7
124900038,294,207,87
124900039,4,129,-125
124900040,158,141,17
124900041,236,661,-425
124900042,193,2,191
124900043,525,714,-189
124900044,131,1,130
124900045,700,1044,-344
124900046,904,267,637
124900047,146,187,-41
124900048,175,71,104
124900050,148,175,-27
124900052,108,373,-265
124900053,135,251,-116
124900054,1072,477,595
124900055,0,141,-141
124900057,6,41,-35
124900060,79,142,-63
124900061,103,13,90
124900062,196,24,172
124900066,0,18,-18
124900067,4,102,-98
124900068,239,714,-475
124900070,92,42,50
124900072,144,22,122
124900074,533,151,382
124900075,279,203,76
124900076,19,1242,-1223
124900077,49,120,-71
124900078,87,19,68
124900079,411,305,106
124900080,325,435,-110
124900081,1142,242,900
124900082,310,517,-207
124900083,293,351,-58
124900084,1141,127,1014
124900085,733,555,178
124900086,79,1699,-1620
124900087,513,135,378
124900088,563,91,472
124900089,970,12,958
124900090,568,248,320
124900091,341,277,64
124900092,261,206,55
124900093,500,195,305
124900094,570,277,293
124900095,136,577,-441
124900096,541,302,239
124900097,388,77,311
124900098,151,208,-57
124900099,519,417,102
124900100,371,42,329
124900101,137,554,-417
124900102,247,29,218
124900103,119,143,-24
124900104,72,122,-50
124900105,93,86,7
124900106,488,67,421
124900107,133,11,122
124900108,154,111,43
124900109,80,121,-41
124900110,336,308,28
124900111,6,126,-120
124900112,63,453,-390
124900113,164,283,-119
124900114,142,117,25
124900115,86,63,23
124900116,332,244,88
124900117,226,169,57
124900118,162,331,-169
124900119,394,158,236
124900120,35,255,-220
124900121,119,424,-305
124900122,202,203,-1
124900123,297,110,187
124900124,160,252,-92
129000186,139,67,72
204000001,29,3,26
204000002,7,3,4
204000003,20,3,17
204000004,4,2,2
204000005,622,376,246
204000006,1283,975,308
204000011,9,48,-39
204000012,64,63,1
204000013,2,31,-29
204000019,693,400,293
204000020,760,643,117
204000021,1744,970,774
204000022,592,495,97
204000023,544,527,17
204000031,51,10,41
204000032,393,28,365
204000034,35,157,-122
204000035,1,1,0
204000036,6,24,-18
204000037,0,10,-10
204000038,0,13,-13
204000039,1,20,-19
204000040,4,14,-10
204000041,9,21,-12
204000042,45,19,26
204000043,40,2,38
204000044,35,2,33
204000045,70,1,69
204000046,9,4,5
204000057,7,31,-24
204000062,5,15,-10
204000068,23,214,-191
204000069,40,335,-295
204000070,86,99,-13
204000080,58,61,-3
204000085,1820,1126,694
204000086,1758,1394,364
204000087,43,8,35
204000088,6,77,-71
204000090,36,257,-221
204000093,479,43,436
204000096,1056,748,308
204000097,669,12,657
204000099,1183,1353,-170
204000100,1449,1622,-173
204000105,1769,1080,689
204000110,675,1292,-617
204000111,429,678,-249
204000112,1058,1634,-576
204000113,726,1051,-325
204000114,1209,815,394
204000115,663,334,329
204000116,1824,1016,808
204000119,1963,2416,-453
204000132,764,339,425
204000133,867,160,707
204000134,276,87,189
204000135,562,105,457
204000136,699,216,483
204000138,416,520,-104
204000140,252,117,135
204000141,181,80,101
204000144,11,23,-12
204000145,568,54,514
204000146,21,305,-284
204000147,26,132,-106
204000148,416,30,386
204000154,8,3,5
204000155,3,11,-8
204000177,89,34,55
204000179,18,1,17
204000180,0,26,-26
204000222,6,37,-31
204000235,37,15,22
204000236,71,148,-77
204000238,33,19,14
204000240,419,82,337
204000263,442,696,-254
204000268,958,555,403
204000308,155,17,138
204000317,13,100,-87
204000322,14,72,-58
204000323,10,8,2
204000328,232,32,200
204000329,55,151,-96
204000330,207,14,193
204000331,41,64,-23
204010341,12,186,-174
205000001,631,1311,-680
205000013,10,47,-37
205000014,27,106,-79
205000015,32,138,-106
205000016,14,125,-111
205000017,15,116,-101
205000022,191,697,-506
205000025,885,859,26
205000029,262,10,252
205000045,170,560,-390
205000046,143,433,-290
205000047,56,487,-431
205000048,381,614,-233
205000049,169,580,-411
205000050,664,241,423
205000059,0,151,-151
205000060,0,93,-93
205000061,2,117,-115
205000062,1,78,-77
205000063,27,153,-126
205000064,17,86,-69
205000065,84,461,-377
205000066,133,422,-289
205000067,25,592,-567
205000069,204,17,187
205000082,191,172,19
205000110,55,197,-142
205000111,207,176,31
205000112,197,205,-8
205000113,159,317,-158
205000121,277,56,221
205000123,36,219,-183
205000126,404,90,314
205000127,763,107,656
205000128,387,66,321
205000129,688,58,630
205000130,138,21,117
205000131,67,11,56
205000132,96,7,89
205000133,82,1,81
205000134,226,0,226
205000137,62,143,-81
205000138,164,308,-144
205000139,31,118,-87
205000144,105,75,30
205000145,406,218,188
205000151,155,35,120
205000152,237,25,212
205000153,278,21,257
205000154,148,30,118
205000155,130,13,117
205000207,5,120,-115
205000233,18,13,5
205000234,0,0,0
205000243,0,0,0
205000244,0,7,-7
205000245,8,125,-117
205000249,1,25,-24
205000250,6,3,3
205000264,10,85,-75
206000027,14,6,8
206000028,9,1,8
206000043,7,44,-37
206000053,0,11,-11
206000054,2,17,-15
206000055,98,12,86
206000075,12,16,-4
206000076,20,4,16
206000077,19,2,17
206000078,13,4,9
206000079,30,4,26
206000082,416,79,337
206000100,29,382,-353
206000103,3,9,-6
206000104,19,28,-9
206000105,7,13,-6
206000106,5,17,-12
206000108,682,56,626
206000125,80,0,80
206000157,34,427,-393
206000170,0,107,-107
206000171,5,155,-150
206000172,11,181,-170
206000173,5,134,-129
206000174,29,54,-25
206000175,4,58,-54
206000176,13,91,-78
206000177,1,99,-98
206000178,2,158,-156
206000179,5,86,-81
206000180,8,99,-91
206000181,14,74,-60
206000182,3,94,-91
206000183,19,263,-244
206000184,11,190,-179
206000185,5,76,-71
206000186,84,438,-354
206000223,5,179,-174
206000226,18,0,18
206000227,26,6,20
206000237,26,210,-184
206000238,17,314,-297
206000239,151,1244,-1093
206000240,1,44,-43
206000241,0,67,-67
206000242,1,155,-154
206000243,3,105,-102
206000244,31,280,-249
206000245,1092,55,1037
206000246,345,5,340
206000247,367,6,361
206000248,551,19,532
206000252,58,48,10
206000258,28,48,-20
206000315,43,3,40
206000317,739,115,624
206000318,731,76,655
206000319,2322,56,2266
206000320,362,22,340
206000321,360,14,346
206000322,684,16,668
206000323,224,6,218
206000324,259,6,253
206000325,234,5,229
206000326,280,10,270
206000327,124,16,108
206000328,290,2,288
206000329,361,5,356
206000330,81,3,78
206000331,250,3,247
206000332,61,2,59
206000333,867,3,864
206000334,368,2,366
206000335,0,17,-17
206000361,7,166,-159
206000392,0,11,-11
206000405,167,0,167
206000441,56,24,32
206000498,52,6,46
206000515,95,43,52
206000530,419,70,349
206000531,299,272,27
206000532,1783,388,1395
206000535,164,1389,-1225
206000536,13,108,-95
206000537,14,131,-117
206000613,1965,202,1763
207000001,124,484,-360
207000002,123,304,-181
207000003,125,112,13
207000007,1319,267,1052
207000008,165,12,153
207000009,77,38,39
207000010,334,243,91
207000012,516,198,318
207000015,157,748,-591
207000019,242,82,160
207000021,575,182,393
207000022,150,123,27
207000023,257,40,217
207000024,6,11,-5
207000025,31,50,-19
207000026,67,35,32
207000027,23,55,-32
207000028,41,114,-73
207000029,159,321,-162
207000033,155,403,-248
207000034,273,109,164
207000039,563,104,459
207000040,503,59,444
207000041,114,29,85
207000042,306,45,261
207000043,257,163,94
207000051,120,198,-78
207000052,13,109,-96
207000053,356,341,15
207000054,48,78,-30
207000055,156,89,67
207000056,295,185,110
207000057,141,275,-134
207000058,125,222,-97
207000059,68,285,-217
207000060,39,187,-148
207000061,242,605,-363
207000062,313,33,280
207000063,335,75,260
207000064,405,90,315
207000065,440,181,259
207000066,244,117,127
207000067,56,53,3
207000068,146,30,116
207000069,637,268,369
207000082,2,137,-135
207000083,58,182,-124
207000084,371,222,149
207000085,263,21,242
207000086,245,5,240
207000106,45,34,11
207000107,83,22,61
207000108,93,14,79
207000109,76,17,59
207000110,64,75,-11
207000111,127,110,17
207000112,134,736,-602
207000114,10,23,-13
207000115,25,30,-5
207000116,26,331,-305
207000117,8,88,-80
207000118,0,49,-49
207000119,31,73,-42
207000123,215,21,194
207000124,58,24,34
207000125,74,42,32
207000126,85,45,40
207000134,114,99,15
207000135,32,136,-104
207000148,126,283,-157
207000149,79,28,51
207000152,89,286,-197
207000153,636,1118,-482
207000154,278,140,138
207000159,124,84,40
207000160,105,252,-147
207000238,0,139,-139
207000242,4,119,-115
207000248,40,32,8
207000249,96,34,62
207000250,671,56,615
207000251,63,75,-12
207000252,68,40,28
207000278,145,62,83
207000279,26,125,-99
207000280,796,49,747
207000281,89,520,-431
207000282,128,179,-51
207000283,41,171,-130
207000284,33,378,-345
207000285,76,92,-16
207000291,10,90,-80
207000304,95,47,48
207000306,87,265,-178
207000310,117,86,31
207000353,229,4,225
207000356,15,65,-50
207000357,21,11,10
207000358,7,29,-22
207000415,8,131,-123
207000417,55,6,49
207000418,60,85,-25
207000438,0,1,-1
207000439,635,695,-60
207000446,206,15,191
207000460,36,5,31
207000466,149,105,44
207000467,319,59,260
207000468,76,162,-86
207000476,16,46,-30
207000477,771,78,693
207000478,3,108,-105
207000523,1,9,-8
207000524,40,0,40
207000527,146,140,6
207000530,617,6,611
207000531,395,21,374
207000532,136,31,105
207000534,278,41,237
207000535,18,293,-275
207000537,45,67,-22
207000540,11,170,-159
207000541,1,212,-211
207000548,7,206,-199
207000549,369,16,353
207000561,164,187,-23
207000562,40,148,-108
207000567,103,164,-61
207000568,234,67,167
207000569,587,371,216
207000584,211,206,5
207000585,59,344,-285
207000616,1,52,-51
207000617,154,0,154
207900008,349,81,268
208000001,586,994,-408
208000002,674,408,266
208000003,1071,354,717
208000004,942,615,327
208000005,5,13,-8
208000019,665,830,-165
208000020,220,468,-248
208000021,213,274,-61
208000022,931,421,510
208000028,1198,1530,-332
208000033,603,532,71
208000034,1089,1278,-189
208000040,272,165,107
208000041,777,519,258
208000042,1039,626,413
208000047,116,197,-81
208000064,2150,1334,816
208000066,1759,2540,-781
208000070,433,305,128
208000071,443,556,-113
208000072,436,945,-509
208000080,277,300,-23
208000081,312,98,214
208000082,370,168,202
208000083,139,308,-169
208000084,8,12,-4
208000085,657,480,177
208000086,452,793,-341
208000087,506,617,-111
208000089,1084,289,795
208000090,967,441,526
208000093,128,136,-8
208000094,459,355,104
208000095,790,383,407
208000104,1071,701,370
208000105,746,810,-64
208000114,120,347,-227
208000115,522,274,248
208000116,705,1005,-300
208000117,112,138,-26
208000118,108,134,-26
208000155,728,867,-139
208000158,1270,3489,-2219
208000186,2982,3770,-788
208000204,684,820,-136
208000205,1249,773,476
208000282,4292,2850,1442
209000004,427,188,239
209000005,54,46,8
209000006,466,180,286
209000007,324,263,61
209000010,353,109,244
209000011,165,196,-31
209000012,115,96,19
209000013,276,204,72
209000014,407,662,-255
209000025,404,52,352
209000026,849,111,738
209000027,321,472,-151
209000028,550,397,153
209000029,423,427,-4
209000030,300,787,-487
209000031,1482,1396,86
209000034,158,207,-49
209000035,147,144,3
209000036,180,81,99
209000037,223,131,92
209000038,112,93,19
209000039,75,126,-51
209000040,323,461,-138
209000041,204,338,-134
209000042,265,309,-44
209000043,806,668,138
209000044,287,733,-446
209000045,1130,370,760
209000046,528,405,123
209000047,436,224,212
209000048,548,363,185
209000049,83,60,23
209000050,153,73,80
209000051,171,146,25
209000052,91,114,-23
209000062,38,49,-11
209000063,47,45,2
209000064,46,60,-14
209000065,82,19,63
209000066,110,23,87
209000067,120,25,95
209000080,23,147,-124
209000082,80,28,52
209000091,31,92,-61
209000093,61,24,37
209000094,103,158,-55
209000110,66,173,-107
209000111,621,1646,-1025
209000112,1291,418,873
209000113,1975,376,1599
209000114,832,441,391
209000115,39,67,-28
209000116,260,249,11
209000118,9,37,-28
209000119,19,13,6
209000121,94,336,-242
209000135,118,227,-109
209000142,693,1973,-1280
209000143,46,52,-6
209000144,46,118,-72
209000229,257,147,110
209000240,38,226,-188
209000259,45,50,-5
209000260,58,1123,-1065
209000261,7,798,-791
209000262,6,481,-475
209000263,0,144,-144
209000264,2,315,-313
209000265,407,1,406
209000266,156,1,155
209000267,1638,11,1627
209000268,723,72,651
210000037,56,42,14
210000047,111,22,89
210000048,114,17,97
210000049,66,9,57
210000052,83,52,31
210000053,34,47,-13
210000054,40,63,-23
210000070,160,9,151
210000071,89,1,88
210000072,27,0,27
210000073,0,22,-22
210000074,1,79,-78
210000075,6,89,-83
210000076,8,129,-121
210000077,14,61,-47
210000078,23,57,-34
210000079,26,16,10
210000080,80,73,7
210000081,193,19,174
210000082,97,4,93
210000083,90,3,87
210000084,79,0,79
210000085,1,55,-54
210000086,1,98,-97
210000099,41,142,-101
210000100,51,117,-66
210000101,71,141,-70
210000105,29,180,-151
210000159,1,185,-184
210000163,128,264,-136
210000164,233,213,20
210000168,103,37,66
210000187,0,25,-25
210000188,1,17,-16
210000214,22,0,22
210000219,61,57,4
210000220,121,44,77
210000232,0,10,-10
210000233,43,42,1
210000234,39,95,-56
210000235,59,71,-12
210000245,0,47,-47
210000246,27,0,27
210000258,21,78,-57
210000259,391,85,306
210000282,57,189,-132
210000285,1,90,-89
210000286,19,135,-116
210000290,0,0,0
210000295,49,120,-71
210000296,60,36,24
210000320,202,30,172
210000321,121,43,78
210000338,49,60,-11
210000339,266,1107,-841
210000340,101,377,-276
210000341,223,264,-41
210000342,201,167,34
210000343,222,152,70
210000344,137,83,54
210000345,134,219,-85
210000346,70,103,-33
210000347,42,38,4
210000348,119,31,88
210000349,50,19,31
210000350,150,82,68
210000351,187,93,94
210000352,73,47,26
210000353,66,99,-33
210000354,83,74,9
210000355,49,63,-14
210000356,14,63,-49
210000357,44,59,-15
210000358,267,138,129
210000359,83,87,-4
210000360,137,102,35
210000361,205,94,111
210000362,322,177,145
210000363,565,213,352
210000364,114,161,-47
210000365,121,92,29
210000366,136,56,80
210000367,90,34,56
210000368,131,39,92
210000369,10,21,-11
210000370,55,36,19
210000372,34,21,13
210000373,23,11,12
210000374,67,27,40
210000375,33,64,-31
210000376,65,85,-20
210000404,47,121,-74
210000439,50,30,20
210000472,71,7,64
210000482,64,107,-43
210000564,306,339,-33
210000567,0,36,-36
210000568,264,4,260
211000092,40,35,5
211000094,38,4,34
211000169,241,18,223
211000172,13,109,-96
211000209,0,26,-26
211000226,4,6,-2
211000270,13,9,4
211000275,18,17,1
211000276,127,30,97
211000279,32,27,5
211000281,160,37,123
211507980,2,45,-43
211977296,61,4,57
212000003,142,39,103
212000004,11,28,-17
212000005,9,17,-8
212000006,47,29,18
212000008,179,98,81
212000009,35,66,-31
212000012,69,89,-20
212000013,29,44,-15
212000014,276,122,154
212000015,268,178,90
212000016,433,472,-39
212000027,585,330,255
212000028,366,294,72
212000029,210,178,32
212000030,55,20,35
212000031,77,34,43
212000048,32,200,-168
212000049,23,123,-100
212000050,30,12,18
212000051,185,134,51
212000052,168,162,6
212000053,349,332,17
212000054,280,70,210
212000055,262,154,108
212000056,34,19,15
212000057,16,19,-3
212000058,176,27,149
212000070,109,177,-68
212000077,109,397,-288
212000099,321,218,103
212000108,211,127,84
212000111,218,80,138
212000120,86,40,46
212000138,136,41,95
212000156,6,87,-81
212000158,8,23,-15
212000159,503,46,457
212000160,845,209,636
212000161,88,11,77
212000310,52,23,29
212000311,32,59,-27
212000374,38,13,25
213000001,30,330,-300
213000005,565,132,433
213000006,1167,277,890
213000007,128,11,117
213000009,662,508,154
213000010,205,278,-73
213000011,230,93,137
213000012,160,242,-82
213000014,108,21,87
213000015,313,5,308
213000016,401,2,399
213000017,97,0,97
213000018,2,101,-99
213000019,3,106,-103
213000020,131,305,-174
213000021,1,127,-126
213000023,430,183,247
213000033,421,1598,-1177
213000034,759,198,561
213000035,131,159,-28
213000045,165,237,-72
213000046,191,227,-36
213000047,597,1316,-719
213000056,121,22,99
213000069,67,4,63
213000073,2,64,-62
213000074,84,357,-273
213000075,637,8,629
213000076,28,2,26
213000085,16,46,-30
213000086,29,139,-110
213000091,290,9,281
213000092,108,7,101
213000099,135,1130,-995
213000100,1077,266,811
213000101,557,107,450
213000102,625,251,374
213000103,1019,729,290
213000104,77,373,-296
213000105,6,172,-166
213000106,29,94,-65
213000107,154,340,-186
213000108,42,326,-284
213000109,15,149,-134
213000110,39,55,-16
213000111,21,91,-70
213000112,101,130,-29
213000115,81,9,72
213000116,66,328,-262
213000117,11,522,-511
213000118,600,239,361
213000119,49,471,-422
213000120,82,397,-315
213000122,112,453,-341
213000123,351,955,-604
213000124,121,1227,-1106
213000125,180,24,156
213000126,64,131,-67
213000127,98,263,-165
213000128,309,1083,-774
213000129,365,844,-479
213000130,780,321,459
213000132,585,83,502
213000133,761,105,656
213000134,1052,32,1020
213000136,481,22,459
213000137,799,71,728
213000139,168,21,147
213000147,89,14,75
213000148,16,12,4
213000149,50,5,45
213000150,0,130,-130
213000151,3,112,-109
213000152,0,109,-109
213000153,4,152,-148
213000154,46,462,-416
213000155,76,230,-154
213000156,180,293,-113
213000157,801,317,484
213000158,434,773,-339
213000159,772,418,354
213000163,1200,106,1094
213000165,1024,290,734
213000171,1,58,-57
213000172,2,150,-148
213000173,2,169,-167
213000174,4,92,-88
213000175,11,65,-54
213000176,125,31,94
213000177,136,2,134
213000178,193,10,183
213000179,314,2,312
213000180,227,0,227
213000184,68,408,-340
213000188,447,98,349
213000189,536,36,500
213000190,844,640,204
213000191,482,317,165
213000192,311,244,67
213000193,592,282,310
213000194,0,88,-88
213000195,15,285,-270
213000196,281,1202,-921
213000197,493,472,21
213000198,53,1,52
213000200,154,682,-528
213000201,37,58,-21
213000202,23,422,-399
213000203,2829,536,2293
213000204,745,51,694
213000205,490,40,450
213000206,462,59,403
213000207,119,19,100
213000208,79,3,76
213000209,154,13,141
213000210,247,3,244
213000211,2,15,-13
213000212,8,30,-22
213000213,14,61,-47
213000218,239,357,-118
213000219,587,20,567
213000220,574,16,558
213000223,204,171,33
213000224,35,40,-5
213000225,154,21,133
213000226,93,15,78
213000227,960,155,805
213000228,428,70,358
213000229,131,17,114
213000230,377,29,348
213000232,55,895,-840
213000233,15,910,-895
213000234,5,72,-67
213000293,14,67,-53
213000294,133,24,109
213000295,22,92,-70
213000296,46,19,27
213000297,18,70,-52
213000298,19,69,-50
213000299,77,34,43
213000300,12,16,-4
213000303,3,32,-29
213000304,4,19,-15
213000305,3,14,-11
213000306,51,28,23
213000307,135,63,72
213000308,86,166,-80
213000309,195,50,145
213000310,533,157,376
213000311,186,767,-581
213000315,78,74,4
213000316,213,50,163
213000322,109,93,16
213000323,148,55,93
213000324,110,41,69
213000325,85,63,22
213000326,70,50,20
213000327,92,50,42
213000328,64,162,-98
213000329,171,55,116
213000340,129,384,-255
213000341,680,112,568
213000347,566,538,28
213000348,12,175,-163
213000349,20,9,11
213000350,329,769,-440
213000366,81,203,-122
213000367,274,30,244
213000379,74,76,-2
213000386,16,286,-270
213000406,96,468,-372
213000417,1399,489,910
213000425,277,47,230
213000426,191,73,118
213000427,80,176,-96
213000428,56,132,-76
213000429,6,3,3
213000430,103,427,-324
213000431,42,0,42
213000432,0,39,-39
213000433,38,117,-79
213000434,109,74,35
213000435,137,87,50
213000436,53,77,-24
213000437,2,19,-17
213000438,192,68,124
213000439,61,16,45
213000440,14,289,-275
213000441,8,6,2
213000442,3,50,-47
213000443,453,314,139
213000444,67,37,30
213000445,0,86,-86
213000446,0,32,-32
213000447,4,47,-43
213000448,10,140,-130
213000449,567,12,555
213000450,35,26,9
213000451,388,91,297
213000452,10,23,-13
213000453,38,217,-179
213000455,355,23,332
213000456,9,460,-451
213000481,37,24,13
213000484,40,6,34
213000489,325,68,257
213900002,3,131,-128
213900003,188,11,177
213900013,1,97,-96
213900015,0,8,-8
213900016,12,14,-2
213900020,10,78,-68
213900030,3,68,-65
213900032,186,158,28
213900033,147,35,112
213900034,656,73,583
213900035,253,316,-63
213900036,174,149,25
213900037,27,222,-195
213900038,467,158,309
213900039,0,53,-53
213900041,0,171,-171
213900042,256,314,-58
213900043,284,120,164
213900244,41,0,41
213900245,0,15,-15
218000003,26,20,6
218000004,29,35,-6
218000005,30,38,-8
218000006,47,32,15
218000007,21,15,6
218000012,121,129,-8
218000013,132,128,4
218000014,392,327,65
218000019,642,523,119
218000020,306,342,-36
218000021,32,29,3
218000022,13,20,-7
218000023,1,6,-5
218000024,0,7,-7
218000025,19,15,4
218000026,8,28,-20
218000027,1,8,-7
218000028,4,5,-1
218000029,0,1,-1
218000030,15,15,0
218000031,2,16,-14
218000032,3,26,-23
218000040,12,3,9
218000046,51,81,-30
218000047,21,104,-83
218000048,67,56,11
218000049,92,85,7
218000050,382,229,153
218000051,88,229,-141
218000052,3,75,-72
218000053,3,14,-11
218000054,11,126,-115
218000055,6,30,-24
218000056,11,36,-25
218000057,4,29,-25
218000064,3,12,-9
218000065,110,29,81
218000066,19,32,-13
218000067,55,63,-8
218000068,128,84,44
218000069,276,98,178
218000070,246,162,84
218000071,231,124,107
218000072,207,209,-2
218000078,843,498,345
218000079,164,87,77
218000080,205,64,141
218000081,618,182,436
218000082,52,105,-53
218000083,63,53,10
218000084,218,86,132
218000085,195,265,-70
218000086,98,90,8
218000087,189,122,67
218000090,6,86,-80
218000091,984,378,606
218000092,112,113,-1
218000093,82,42,40
218000094,348,321,27
218000099,349,639,-290
218000100,362,250,112
218000101,284,116,168
218000102,451,155,296
218000103,137,97,40
218000104,125,25,100
218000105,14,15,-1
218000106,8,6,2
218000107,68,30,38
218000108,8,28,-20
218000112,73,36,37
218000117,52,43,9
218000134,529,399,130
218000135,35,91,-56
218000136,274,154,120
218000137,163,106,57
218000138,50,85,-35
218000139,187,322,-135
218000140,485,192,293
218000141,69,67,2
218000142,204,137,67
218000143,124,359,-235
218000144,100,96,4
218000145,475,284,191
218000146,126,212,-86
218000151,17,13,4
218000152,150,47,103
218000153,6,3,3
218000154,27,2,25
218000155,17,2,15
218000156,66,11,55
218000157,37,19,18
218000158,14,3,11
218000159,0,7,-7
218000160,6,6,0
218000161,27,4,23
218000162,33,3,30
218000163,5,5,0
218000164,74,12,62
218000165,68,24,44
218000170,6,31,-25
218000171,52,10,42
218000172,18,12,6
218000173,24,13,11
218000174,20,19,1
218000176,271,31,240
218000177,413,195,218
218000178,87,204,-117
218000179,113,49,64
218000180,152,31,121
218000181,201,28,173
218000187,12,51,-39
218000188,31,41,-10
218000189,24,53,-29
218000190,13,17,-4
218000191,159,57,102
218000192,243,163,80
218000193,446,232,214
218000194,120,233,-113
218000195,146,51,95
218000196,426,226,200
218000197,586,231,355
218000198,33,79,-46
218000199,61,30,31
218000200,88,43,45
218000201,16,14,2
218000202,61,317,-256
218000207,9,27,-18
218000208,20,25,-5
218000211,43,28,15
218000212,3,17,-14
218000213,98,114,-16
218000214,9,37,-28
218000215,25,40,-15
218000217,3,51,-48
218000218,185,52,133
218000219,22,32,-10
218000220,65,412,-347
218000221,460,137,323
218000222,3,52,-49
218000223,49,554,-505
218000224,11,187,-176
218000225,251,42,209
218000226,222,43,179
218000230,0,5,-5
218000232,33,33,0
218000239,90,9,81
218000240,17,5,12
218000241,22,1,21
218000242,23,10,13
218000243,37,10,27
218000244,40,3,37
218000245,31,3,28
218000246,0,1,-1
218000247,0,1,-1
218000248,1,28,-27
218000249,0,7,-7
218000250,3,20,-17
218000251,1,33,-32
218000252,3,73,-70
218000253,2,143,-141
218000254,0,53,-53
218000255,5,37,-32
218000256,4,83,-79
218000267,324,682,-358
218000268,2,33,-31
218000269,2,12,-10
218000270,26,19,7
218000271,7,23,-16
218000273,47,3,44
218000274,15,3,12
218000275,15,39,-24
218000276,17,29,-12
218000278,9,33,-24
218000279,48,40,8
218000280,16,11,5
218000281,14,8,6
218000282,402,533,-131
218000284,58,5,53
218000301,126,103,23
218000302,126,57,69
218000303,18,29,-11
218000316,768,761,7
218000317,1348,699,649
218000318,946,542,404
218000319,1143,610,533
218000320,816,424,392
218000338,27,28,-1
218000345,81,66,15
218000346,30,132,-102
218000459,25,228,-203
218000490,25,52,-27
218000501,121,61,60
218000502,44,43,1
218000503,125,13,112
218000504,146,24,122
218000505,51,91,-40
218000506,26,196,-170
218000508,9,21,-12
218000510,160,17,143
218000520,138,84,54
218000521,2,26,-24
218000522,0,88,-88
218000523,132,3,129
218000524,25,415,-390
218000525,112,14,98
218000526,18,197,-179
218000529,16,77,-61
218000530,16,3,13
218000531,22,22,0
218000532,26,12,14
218000534,219,10,209
218000537,11,64,-53
218000538,143,309,-166
218000540,283,98,185
218000543,207,78,129
218000544,35,70,-35
218000545,98,71,27
218000546,42,50,-8
218000547,104,184,-80
218000548,115,85,30
218000549,550,484,66
218000550,148,218,-70
218000551,70,851,-781
218000552,273,63,210
218000553,15,90,-75
218000554,26,28,-2
218000555,20,54,-34
218000556,116,161,-45
218000557,317,70,247
218000558,58,0,58
218000559,0,43,-43
218000560,0,40,-40
218000561,9,0,9
218000562,33,153,-120
218000563,222,17,205
218000564,5,132,-127
218000565,120,50,70
218000566,239,57,182
218000567,0,109,-109
218000568,82,8,74
218000569,10,269,-259
218000570,85,16,69
218000571,0,79,-79
218000572,118,7,111
218000573,14,230,-216
218000574,77,24,53
218000575,111,4,107
218000576,0,70,-70
218000577,156,3,153
218000578,0,114,-114
218000579,69,20,49
218000581,8,32,-24
218000582,37,2,35
218000583,12,0,12
218000584,1,19,-18
218000585,27,10,17
218000586,15,40,-25
218000587,2,1,1
218000588,2,5,-3
218000589,1,7,-6
218000590,4,0,4
218000591,8,4,4
218000592,23,0,23
218000593,0,0,0
218000594,0,0,0
218000595,0,0,0
218000596,0,0,0
218000597,0,0,0
218000598,0,0,0
218000599,1,0,1
218000600,0,0,0
218000601,0,0,0
218000602,0,8,-8
218000603,0,3,-3
218000604,47,21,26
218000605,1,24,-23
218000606,59,1,58
218000607,11,45,-34
218000608,68,11,57
218000609,16,43,-27
218000610,73,7,66
218000611,28,3,25
218000612,3,25,-22
218000613,53,3,50
218000614,1,22,-21
218000615,128,1,127
218000616,3,101,-98
218000617,27,0,27
218000618,0,13,-13
218000619,36,27,9
218000620,8,47,-39
218000621,1,2,-1
218000622,0,20,-20
218000623,141,3,138
218000624,6,6,0
218000625,2,4,-2
218000626,0,8,-8
218000628,173,54,119
218000631,42,7,35
218000632,7,103,-96
218000633,172,4,168
218000634,5,23,-18
218000635,18,6,12
218000636,828,681,147
218000637,1063,372,691
218000638,246,28,218
218000639,30,94,-64
218000640,392,25,367
218000641,43,199,-156
218000652,41,56,-15
218000653,197,59,138
218000663,5,52,-47
218000675,29,32,-3
218000676,1,17,-16
218000677,15,4,11
218000680,97,203,-106
218000681,374,94,280
218000691,105,120,-15
218000693,326,86,240
218000703,10,19,-9
218000718,215,917,-702
218000719,352,678,-326
218000720,13,326,-313
218000721,154,32,122
218000725,14,9,5
218001214,6,110,-104
218001329,66,69,-3
218001330,65,47,18
218001351,30,17,13
218001352,14,10,4
218001353,15,1,14
218001354,5,15,-10
219000001,56,62,-6
219000002,46,28,18
219000003,71,42,29
219000004,53,38,15
219000017,113,40,73
219000020,116,47,69
219000022,128,6,122
219000023,86,2,84
219000029,3,70,-67
219000034,33,12,21
219000039,64,132,-68
219000040,68,71,-3
219000041,135,18,117
219000051,0,27,-27
219000052,0,25,-25
219000053,0,80,-80
219000054,356,259,97
219000055,273,3,270
219000056,8,0,8
219000057,80,1,79
219000062,17,66,-49
219000063,76,10,66
219000064,3,52,-49
219000110,399,76,323
219000111,118,48,70
219000112,196,47,149
219000113,145,49,96
219000114,203,53,150
219000116,104,55,49
219000117,137,45,92
219000118,159,62,97
219000123,175,63,112
219000124,107,54,53
219000125,19,11,8
219000126,58,145,-87
219000127,0,10,-10
219000128,7,89,-82
219000129,18,109,-91
219000130,262,382,-120
219000131,447,830,-383
219000133,49,45,4
219000134,12,43,-31
219000135,39,67,-28
219000136,73,181,-108
219000138,66,30,36
219000139,35,14,21
219000140,104,0,104
219000141,15,71,-56
219000142,17,62,-45
219000143,11,37,-26
219000145,35,35,0
219000146,3,19,-16
219000147,7,14,-7
219000148,8,12,-4
219000149,9,56,-47
219000150,2,28,-26
219000151,6,15,-9
219000157,254,108,146
219000158,128,151,-23
219000161,92,7,85
219000163,1159,480,679
219000166,99,153,-54
219000167,118,111,7
219000168,297,71,226
219000174,466,127,339
219000175,139,3,136
219000176,173,12,161
219000177,76,3,73
219000178,62,0,62
219000179,22,9,13
219000180,44,46,-2
219000182,128,16,112
219000183,72,30,42
219000184,114,14,100
219000185,0,52,-52
219000186,43,24,19
219000187,42,74,-32
219000189,59,172,-113
219000190,45,179,-134
219000191,378,1376,-998
219000192,138,111,27
219000193,159,134,25
219000195,2,55,-53
219000196,4,60,-56
219000198,21,74,-53
219000199,47,156,-109
219000200,35,97,-62
219000201,55,110,-55
219000203,20,96,-76
219000204,60,250,-190
219000205,59,166,-107
219000207,124,172,-48
219000209,54,48,6
219000210,21,92,-71
219000213,10,99,-89
219000239,169,145,24
219000240,229,254,-25
219000241,114,119,-5
219000242,56,88,-32
219000243,49,128,-79
219000244,9,40,-31
219000245,16,38,-22
219000246,30,30,0
219000247,151,35,116
219000248,486,421,65
219000249,133,96,37
219000250,143,84,59
219000251,649,215,434
219000252,204,181,23
219000253,468,114,354
219000255,122,98,24
219000256,275,95,180
219000257,96,0,96
219000262,71,75,-4
219000263,48,88,-40
219000267,3,55,-52
219000268,2,2,0
219000269,3,2,1
219000270,20,1,19
219000271,140,11,129
219000278,0,3,-3
219000279,3,1,2
219000283,0,15,-15
219000295,22,64,-42
219000296,59,283,-224
219000297,14,72,-58
219000298,18,77,-59
219000299,471,50,421
219000300,31,108,-77
219000301,158,287,-129
219000302,33,187,-154
219000307,18,16,2
219000308,49,42,7
219000311,239,57,182
219000312,575,135,440
219000313,423,86,337
219000314,53,217,-164
219000315,296,27,269
219000316,570,52,518
219000317,155,9,146
219000320,4,39,-35
219000321,0,12,-12
219000323,3,37,-34
219000325,2,6,-4
219000326,66,43,23
219000327,53,26,27
219000328,32,58,-26
219000329,305,114,191
219000330,71,25,46
219000331,65,34,31
219000332,164,83,81
219000333,13,0,13
219000335,100,2,98
219000337,18,0,18
219000338,47,0,47
219000344,5,68,-63
219000345,26,48,-22
219000346,62,71,-9
219000348,114,65,49
219000349,27,100,-73
219000350,97,263,-166
219000351,3,16,-13
219000352,352,77,275
219000353,117,35,82
219000354,213,66,147
219000355,193,31,162
219000356,722,1245,-523
219000363,195,62,133
219000364,107,39,68
219000365,123,22,101
219000366,207,312,-105
219000368,352,562,-210
219000370,822,582,240
219000371,12,23,-11
219000382,8,19,-11
219000383,362,1110,-748
219000385,378,387,-9
219000386,576,1395,-819
219000387,8,9,-1
219000390,3,0,3
219000391,2,5,-3
219000397,56,35,21
219000398,76,62,14
219000401,7,82,-75
219000402,27,71,-44
219000403,156,286,-130
219000404,16,139,-123
219000407,5,31,-26
219000409,73,49,24
219000410,103,34,69
219000411,53,17,36
219000446,89,316,-227
219000447,0,18,-18
219000448,8,4,4
219000452,97,65,32
219000453,38,174,-136
219000454,169,299,-130
219000556,267,85,182
219000558,101,104,-3
219000590,17,117,-100
219000591,113,74,39
219000592,106,215,-109
219000595,5,19,-14
219000635,193,32,161
219000636,24,54,-30
219000657,50,27,23
219000658,51,166,-115
219000673,0,37,-37
219000676,33,12,21
219000679,35,14,21
219000684,95,3,92
219000685,3,42,-39
219000686,4,5,-1
219000688,0,45,-45
219000689,20,140,-120
219000690,152,25,127
219000691,42,150,-108
219000692,155,35,120
219000693,0,18,-18
219000694,15,1,14
219000695,26,4,22
219000698,16,0,16
219000699,0,22,-22
219000727,0,53,-53
219000728,62,2,60
219000770,36,0,36
219000771,0,10,-10
219000788,37,8,29
219001150,0,26,-26
219001151,0,4,-4
219001166,12,25,-13
219001167,2,79,-77
220000001,42,67,-25
220000002,5,74,-69
220000003,287,149,138
220000004,381,299,82
220000005,751,1221,-470
220000006,140,557,-417
220000007,326,273,53
220000008,240,505,-265
220000009,206,275,-69
220000010,116,103,13
220000011,388,2883,-2495
220000012,60,283,-223
220000014,102,47,55
220000015,35,203,-168
220000017,66,248,-182
220000018,3721,1974,1747
220000019,70,309,-239
220000020,329,216,113
220000021,762,147,615
220000022,941,333,608
220000023,391,138,253
220000024,1858,363,1495
220000025,993,1070,-77
220000026,265,347,-82
220000027,25,137,-112
220000028,43,46,-3
220000029,33,69,-36
220000030,48,85,-37
220000031,505,335,170
220000064,15,725,-710
221000046,15,10,5
221000047,0,2,-2
221000048,0,2,-2
221000049,0,9,-9
221000050,13,0,13
221000055,24,47,-23
221000057,56,8,48
221000068,277,104,173
221000069,358,59,299
221000070,248,20,228
221000071,108,8,100
221000072,233,10,223
221000073,175,33,142
221000074,1,9,-8
221000075,15,19,-4
221000076,4,24,-20
221000077,9,68,-59
221000081,29,9,20
221000082,78,5,73
221000083,11,7,4
221000084,3,2,1
221000085,20,48,-28
221000086,9,88,-79
221000087,6,90,-84
221000088,10,127,-117
221000089,26,220,-194
221000090,109,438,-329
221000098,117,9,108
221000099,265,18,247
221000100,99,9,90
221000101,203,17,186
221000102,123,16,107
221000109,6,72,-66
221000110,13,59,-46
221000111,13,97,-84
221000112,5,100,-95
221000113,18,121,-103
221000114,9,99,-90
221000120,24,50,-26
221000121,3,45,-42
221000122,72,41,31
221000123,6,8,-2
221000124,23,126,-103
221000155,135,17,118
221000156,28,23,5
221000175,0,3,-3
221000176,0,4,-4
221000182,44,2,42
221000241,469,263,206
221000242,135,289,-154
221000243,385,165,220
221000244,263,298,-35
221000245,81,87,-6
221000246,37,147,-110
221000247,67,84,-17
221000248,101,62,39
221000267,65,697,-632
221000325,64,88,-24
221000331,11,60,-49
221000338,17,33,-16
221000378,242,31,211
221000381,44,48,-4
222000282,9,2,7
222000296,6,15,-9
222000568,373,25,348
222000569,173,52,121
222000570,156,25,131
222000571,404,18,386
222000577,25,76,-51
222000578,47,115,-68
222000579,30,89,-59
222000580,65,517,-452
222000599,0,73,-73
222000600,1,197,-196
222000601,7,575,-568
222000603,14,44,-30
222000604,2,51,-49
222000605,16,21,-5
222000606,5,12,-7
222000607,3,2,1
222000608,7,18,-11
222000609,73,116,-43
222000616,432,46,386
222000617,5,24,-19
222000618,7,6,1
222000620,10,15,-5
222000621,38,30,8
222000623,513,6,507
222000624,417,7,410
222000625,726,9,717
222000636,46,1,45
222000686,25,26,-1
222000687,50,23,27
222001066,361,7,354
222001067,45,2,43
222001068,108,21,87
222001069,74,35,39
222001082,26,22,4
222001083,30,36,-6
222001084,0,22,-22
222001085,3,223,-220
222001111,85,72,13
222001112,171,31,140
222001313,34,5,29
222001314,6,118,-112
222001464,65,39,26
222001465,16,70,-54
222001484,132,49,83
222001485,25,44,-19
222001494,702,101,601
222001495,98,148,-50
222001496,472,75,397
222001497,65,206,-141
222001502,13,62,-49
222001503,139,46,93
222001504,63,230,-167
222001505,425,23,402
222001506,43,274,-231
222001507,270,18,252
222001510,620,41,579
222001511,39,240,-201
222001514,920,196,724
222001515,216,348,-132
222001518,465,67,398
222001519,59,145,-86
222001527,239,66,173
222001528,58,104,-46
222001529,388,33,355
222001530,63,137,-74
222001533,107,241,-134
222001534,418,49,369
222001535,252,203,49
222001536,58,107,-49
222001537,325,53,272
222001538,80,367,-287
222001563,922,115,807
222001564,66,323,-257
222001568,318,186,132
222001576,1,4,-3
222001579,1,29,-28
222001583,11,106,-95
222001584,113,10,103
222001596,629,1390,-761
222001597,2189,418,1771
222001626,2,94,-92
222001650,44,192,-148
222001651,85,671,-586
222001914,213,56,157
222001915,79,133,-54
222900004,492,272,220
222900009,350,391,-41
222900019,162,148,14
222900024,48,17,31
222900025,5,14,-9
225000001,428,144,284
225000002,502,96,406
225000003,524,74,450
225000004,360,185,175
225000005,74,92,-18
225000006,0,88,-88
225000007,963,877,86
225000010,303,14,289
225000011,294,959,-665
225000012,208,529,-321
225000013,74,76,-2
225000014,717,55,662
225000015,95,106,-11
225000021,700,142,558
225000027,208,328,-120
225000032,641,83,558
225000042,61,447,-386
225000049,22,43,-21
225000050,96,9,87
225000053,8,220,-212
225000058,554,136,418
225000067,233,104,129
225000068,93,199,-106
225000069,107,280,-173
225000070,70,301,-231
225000071,45,124,-79
225000075,23,903,-880
225000076,51,111,-60
225000078,56,31,25
225000085,72,120,-48
225000086,313,59,254
225000087,180,19,161
225000088,12,146,-134
225000089,186,860,-674
225000090,54,386,-332
225000091,155,126,29
225000092,42,49,-7
225000093,163,137,26
225000094,14,135,-121
225000095,275,253,22
225000096,202,255,-53
225000098,814,176,638
225000099,417,111,306
225000100,377,88,289
225000104,98,266,-168
225000110,3,315,-312
225000111,178,622,-444
225000112,260,690,-430
225000113,149,442,-293
225000114,54,229,-175
225000115,882,471,411
225000116,753,174,579
225000117,657,233,424
225000118,1058,195,863
225000119,221,76,145
225000120,558,29,529
225000121,199,40,159
225000123,450,10,440
225000125,394,89,305
225000126,445,128,317
225000127,522,1296,-774
225000128,434,692,-258
225000132,345,23,322
225000133,207,19,188
225000134,644,144,500
225000135,93,27,66
225000136,301,16,285
225000137,204,31,173
225000138,329,116,213
225000143,34,150,-116
225000144,5,227,-222
225000145,38,24,14
225000146,42,74,-32
225000147,24,156,-132
225000148,6,116,-110
225000149,49,343,-294
225000151,36,129,-93
225000155,224,229,-5
225000156,130,668,-538
225000157,208,233,-25
225000158,64,164,-100
225000171,11,109,-98
225000180,26,3,23
225000181,0,38,-38
225000182,66,4,62
225000185,5,338,-333
225000187,38,325,-287
225000191,70,2,68
225000194,0,7,-7
225000208,1,42,-41
225000209,80,9,71
225000210,5,202,-197
225000217,0,8,-8
225000218,19,2,17
225000223,0,27,-27
225000224,49,0,49
225000225,1,18,-17
225000226,24,3,21
225000227,29,37,-8
225000228,9,18,-9
225000229,0,49,-49
225000230,36,0,36
225000231,0,41,-41
225000232,164,0,164
225000241,54,2,52
225000242,1,30,-29
225000249,5,0,5
225000250,36,454,-418
225000251,336,16,320
225000254,1,2,-1
225000256,9,22,-13
225000257,0,23,-23
226000042,254,333,-79
226000043,67,194,-127
226000044,113,328,-215
226000045,82,229,-147
226000046,402,83,319
226000047,334,84,250
226000048,334,95,239
226000049,258,154,104
226000070,1,34,-33
226000071,0,53,-53
226000072,0,4,-4
226000073,0,7,-7
226000074,0,23,-23
226000084,2,43,-41
226000085,1,11,-10
226000086,6,13,-7
226000087,1,12,-11
226000088,40,49,-9
226000090,238,97,141
226000091,32,43,-11
226000092,17,26,-9
226000093,14,1,13
226000094,3,1,2
226000095,6,1,5
226000105,20,1,19
226000106,11,0,11
226000107,10,0,10
226000108,11,2,9
226000109,114,0,114
226000124,176,47,129
226000134,823,450,373
226000135,1660,497,1163
226000136,584,399,185
226000137,6,196,-190
226000138,9,115,-106
226000139,0,29,-29
226000156,177,2,175
226000157,182,19,163
226000163,114,209,-95
226000202,3,174,-171
226000231,366,12,354
226000232,50,5,45
227000033,410,55,355
227000036,476,37,439
227000037,392,24,368
227000038,177,21,156
227000084,3,59,-56
227000085,1,28,-27
227000088,67,5,62
227000089,97,2,95
227000090,37,1,36
227000091,30,2,28
227000092,24,0,24
227000093,109,0,109
227000094,7,0,7
227000130,19,77,-58
227000131,19,129,-110
227000132,5,114,-109
227000133,15,152,-137
227000134,13,131,-118
227000152,0,9,-9
227000153,0,56,-56
227000154,0,20,-20
227000155,2,9,-7
227000156,2,10,-8
227000165,4,30,-26
227000196,415,153,262
227000199,392,282,110
227000230,9,252,-243
227000232,551,10,541
227000242,65,321,-256
227000243,540,106,434
227000245,9,198,-189
227000246,81,239,-158
227000247,581,56,525
227000248,149,21,128
227000249,22,77,-55
227000250,281,180,101
227000251,68,91,-23
227000252,28,124,-96
227000253,212,20,192
227000262,471,44,427
227000266,1283,7,1276
227000267,26,946,-920
227000282,0,67,-67
227000284,596,20,576
227000286,2,41,-39
227000291,12,345,-333
227000296,175,268,-93
227000484,191,20,171
227000485,18,652,-634
227000655,255,2,253
227000656,606,39,567
227000657,144,13,131
227000704,216,7,209
229000265,9,6,3
229000266,3,0,3
229000267,9,0,9
229000268,23,4,19
229000269,30,0,30
229000274,0,54,-54
229000275,2,29,-27
229000276,0,29,-29
229000277,1,5,-4
229000278,0,4,-4
229000295,20,20,0
229000296,3,16,-13
229000297,7,30,-23
229000298,12,127,-115
229000320,18,13,5
229000321,18,16,2
229000412,29,70,-41
229000414,30,38,-8
229000415,20,3,17
229000416,1,3,-2
229000417,2,8,-6
229000419,116,300,-184
229000440,345,73,272
229000442,34,16,18
229000443,3,2,1
229000444,1,29,-28
229000445,49,5,44
229000446,99,32,67
229000491,8,14,-6
229000492,16,38,-22
229000493,4,37,-33
229000494,34,2,32
229000495,124,1,123
229000496,68,2,66
229000507,0,81,-81
229000508,0,41,-41
229000509,0,58,-58
229000510,5,29,-24
229000511,1,37,-36
229000512,0,20,-20
229000513,0,7,-7
229000514,0,4,-4
229000517,3,3,0
229000518,15,8,7
229000519,0,4,-4
229000520,9,20,-11
229000521,62,7,55
229000522,6,7,-1
229000523,8,5,3
229000524,6,2,4
229000527,4,2,2
229000528,0,0,0
229000529,11,0,11
229000530,90,2,88
229000531,54,2,52
229000532,27,0,27
229000533,74,0,74
229000534,74,2,72
229000564,80,1,79
229000565,20,0,20
229000566,0,8,-8
229000567,0,31,-31
229000582,77,3,74
229000583,12,7,5
229000584,0,25,-25
229000585,2,64,-62
229000718,0,5,-5
229000719,0,1,-1
229000720,0,4,-4
229000721,0,3,-3
229000722,0,9,-9
229000723,0,5,-5
229000724,0,0,0
229000725,0,1,-1
229000738,4,0,4
229000739,1,0,1
229000740,2,0,2
229000741,20,0,20
229000742,12,0,12
229000743,11,0,11
229000744,7,0,7
229000745,0,0,0
229000746,12,0,12
229000847,50,0,50
229000848,16,0,16
229000849,72,2,70
229000851,51,1,50
229000854,0,17,-17
229000856,0,43,-43
229000857,0,11,-11
229000858,0,17,-17
229000919,8,74,-66
229000930,3,188,-185
229000937,57,15,42
229000966,48,32,16
229000981,30,18,12
229000985,22,25,-3
229000986,4,8,-4
229000987,0,0,0
229000988,2,3,-1
229000989,6,8,-2
229000990,0,2,-2
229000991,8,1,7
229000992,16,11,5
229000993,170,28,142
229000998,9,37,-28
229000999,86,8,78
229001034,2,21,-19
229001035,9,1,8
229001036,7,42,-35
229001037,31,3,28
229001038,0,4,-4
229001039,3,0,3
229001040,0,35,-35
229001041,75,1,74
229001042,23,22,1
229001047,12,37,-25
229001050,29,9,20
229001168,0,7,-7
229001200,13,7,6
229001338,0,10,-10
229001394,161,1,160
229001422,109,24,85
229001423,30,88,-58
229001431,60,51,9
229001432,22,60,-38
229001444,213,78,135
229001445,31,132,-101
229001479,19,3,16
229001503,230,68,162
229001504,110,98,12
229001505,91,26,65
229001506,49,72,-23
229001509,73,11,62
229001510,6,27,-21
229001545,93,3,90
229001546,5,61,-56
229001553,86,17,69
229001554,35,67,-32
229001630,47,7,40
229001631,9,18,-9
229001635,0,12,-12
229001636,11,2,9
229001658,0,121,-121
229001659,31,0,31
229001660,26,2,24
229001661,6,20,-14
229001662,8,0,8
229001663,0,9,-9
229002584,178,183,-5
229002831,148,176,-28
229002841,26,15,11
229002842,12,23,-11
229002843,48,25,23
229002844,50,40,10
229002845,13,67,-54
229002846,18,9,9
229002847,6,14,-8
229002848,6,9,-3
229002849,7,67,-60
229002850,14,4,10
229002851,58,127,-69
229002852,202,21,181
229002853,178,20,158
229002854,42,49,-7
229002855,5,27,-22
229002856,45,18,27
229002857,6,147,-141
229002858,4,7,-3
229002859,21,89,-68
229002860,196,10,186
229002861,94,29,65
229002862,50,32,18
229002863,29,16,13
229002864,42,32,10
229002865,20,20,0
229002866,16,26,-10
229002867,1,25,-24
229002868,14,29,-15
229002869,19,138,-119
229002870,87,18,69
235000066,393,93,300
235000067,106,94,12
235000072,18,48,-30
235000073,82,334,-252
235000074,85,53,32
235000080,30,88,-58
235000081,140,77,63
235000082,184,32,152
235000083,340,73,267
235000084,50,48,2
235000085,204,53,151
235000089,43,23,20
235000092,39,136,-97
235000093,6,2,4
235000097,3,9,-6
235000098,68,11,57
235000099,71,26,45
235000116,79,24,55
235000117,501,19,482
235000133,11,533,-522
235000134,15,179,-164
235000206,7,11,-4
235000207,0,1,-1
235000208,1,1,0
235000209,5,0,5
235000210,11,2,9
235000212,4,20,-16
235000213,0,8,-8
235000220,4,2,2
235000221,42,18,24
235000238,16,128,-112
235000239,2,15,-13
235000242,295,725,-430
235000245,440,161,279
235000246,12,51,-39
235000284,6,138,-132
235000295,126,17,109
235000305,306,27,279
235000306,329,6,323
235000307,41,1,40
235000308,28,1,27
235000309,59,1,58
235000310,42,0,42
235000311,53,28,25
235000322,0,31,-31
235000323,0,43,-43
235000324,0,26,-26
235000325,0,36,-36
235000326,3,64,-61
235000351,10,84,-74
235000352,13,58,-45
235000353,5,27,-22
235000354,25,34,-9
235000355,9,90,-81
235000356,100,7,93
235000357,42,11,31
235000358,140,18,122
235000359,7,5,2
235000360,59,16,43
235000361,47,16,31
235000381,94,93,1
235000382,249,32,217
235000390,14,1,13
235000391,149,8,141
235000392,189,256,-67
235000393,154,161,-7
235000395,137,29,108
235000396,452,75,377
235000400,157,55,102
235000401,19,104,-85
235000405,76,193,-117
235000406,43,188,-145
235000407,53,51,2
235000409,174,95,79
235000410,35,163,-128
235000411,5,35,-30
235000485,0,11,-11
235000486,16,2,14
235000549,84,92,-8
235000550,98,155,-57
235000599,177,48,129
235000600,13,13,0
235000601,16,35,-19
235000602,154,64,90
235000614,0,2,-2
235000648,3,16,-13
235000649,61,6,55
235000685,0,0,0
235000815,44,76,-32
235000834,2,22,-20
235000855,55,57,-2
235000862,42,82,-40
235000891,0,17,-17
235000892,28,1,27
235000901,101,62,39
235000907,10,9,1
235001010,106,56,50
235001029,448,260,188
235001030,336,271,65
235001078,86,94,-8
235001079,53,70,-17
235001147,1,29,-28
235001166,12,65,-53
235001167,60,30,30
235001169,40,284,-244
235001188,1,10,-9
235001189,6,0,6
235001197,11,8,3
235001200,69,40,29
235001207,123,27,96
235001208,14,14,0
235001209,15,20,-5
235001210,18,73,-55
235001215,6,41,-35
235001239,12,50,-38
235001244,0,8,-8
235016267,0,50,-50
241900007,48,3,45
277101746,0,0,0
277102712,0,0,0
277103813,0,0,0
277103898,0,0,0
277104249,0,0,0
277104250,0,3,-3
277104251,0,5,-5
277104252,0,2,-2
990011530,0,178,-178
990014944,2,298,-296
990015176,33,0,33
990015618,0,70,-70
990016032,1,236,-235
990032570,1,285,-284
990070001,88,26,62
990070103,0,1,-1
990070601,0,64,-64
990070751,1177,7,1170
990070766,0,302,-302
990071180,468,123,345
990071343,6,1,5
990071387,0,17,-17
990071823,566,3,563
990072600,6,1056,-1050
990072964,0,318,-318
990073285,0,3,-3
990074393,0,577,-577
990074870,1474,13,1461
990075106,1250,35,1215
990075746,566,5,561
990076437,1796,5,1791
990076458,0,409,-409
997000007,702,4,698
997000041,0,270,-270
997000058,96,0,96
997000062,54,3,51
997000069,0,3,-3
997000070,0,26,-26
997000100,50,0,50
997000141,5,2093,-2088
997000198,22,927,-905
998000475,6,72,-66
998000736,0,117,-117
998000965,0,14,-14
998001031,0,58,-58
998001700,0,2,-2
998001899,0,1,-1
998001900,8,3,5
998003073,1421,14,1407
998101900,0,0,0
998102850,13,234,-221
998501927,873,997,-124
998501929,102,5,97
998501930,68,1,67
998501931,147,1,146
998501932,7,0,7
998501933,61,3,58
998501937,22,1,21
998501944,6,1,5
998501950,0,0,0
998501970,78,4,74
998501971,0,82,-82
998501973,0,28,-28
998501974,1,175,-174
998501975,112,18,94
998501976,66,1,65
998501977,0,24,-24
998501978,25,0,25
998501979,0,16,-16
998501980,95,0,95
998501981,26,7,19
998501982,0,102,-102
998501983,0,0,0
998502006,0,0,0
998502024,1,7,-6
998502032,0,3,-3
998502062,19,2,17
998502063,0,0,0
998502173,11,0,11
998502269,0,3,-3
998601159,0,102,-102
998601292,2,28,-26
999033574,0,132,-132
999800001,69,0,69
999800002,0,6,-6
999800003,0,0,0
999800004,0,3,-3
999800005,0,6,-6
