ID,insum,outsum,diff
100000001,1106,1161,-55
100000002,4475,5313,-838
100000003,5551,6872,-1321
100000004,576,1514,-938
100000005,2946,6041,-3095
100000006,970,358,612
100000007,2607,1086,1521
100000008,275,833,-558
100000009,653,496,157
100000010,51,167,-116
100000011,633,203,430
100000012,55,2360,-2305
100000013,34,527,-493
100000014,449,576,-127
100000015,1596,2780,-1184
100000016,614,1615,-1001
100000017,771,1156,-385
100000018,936,1025,-89
100000019,4068,3464,604
100000020,1571,7993,-6422
100000021,8169,3029,5140
100000022,1021,3950,-2929
100000023,7542,2124,5418
100000025,576,1883,-1307
100000028,874,1466,-592
100000029,105,487,-382
100000030,108,52,56
100000031,2268,6054,-3786
100000032,1767,4901,-3134
100000033,1203,4195,-2992
100000034,146,1054,-908
100000035,1253,2356,-1103
100000036,1230,1921,-691
100000037,690,559,131
100000038,2696,1670,1026
100000039,485,1859,-1374
100000040,334,314,20
100000041,1911,715,1196
100000042,1198,554,644
100000043,876,617,259
100000044,241,1203,-962
100000045,416,1524,-1108
100000046,472,1189,-717
100000047,256,1439,-1183
100000048,521,988,-467
100000049,2152,1441,711
100000051,497,602,-105
100000053,115,13,102
100000054,459,36,423
100000055,692,459,233
100000056,519,1187,-668
100000057,2642,975,1667
100000058,1126,925,201
100000059,15,344,-329
100000060,539,417,122
100000061,2971,1200,1771
100000062,2206,875,1331
100000063,1310,353,957
100000064,2386,514,1872
100000065,375,806,-431
100000066,180,591,-411
100000067,380,649,-269
100000068,474,1375,-901
100000069,364,1105,-741
100000072,228,635,-407
100000073,1149,914,235
100000075,810,231,579
100000076,1723,4987,-3264
100000077,132,381,-249
100000078,26,33,-7
100000079,90,48,42
100000080,18,61,-43
100000081,104,296,-192
100000102,3370,5189,-1819
100000103,2135,2729,-594
100000104,3640,3615,25
100000105,1627,2520,-893
100000106,1484,3159,-1675
100000107,249,1570,-1321
100000108,418,1202,-784
100000109,1001,1695,-694
100000116,827,1068,-241
100000117,102,204,-102
100000118,730,1707,-977
100000119,611,1210,-599
100000121,344,526,-182
100000122,687,1988,-1301
100000123,1488,3550,-2062
100000124,3475,4670,-1195
100000125,4378,2156,2222
100000126,540,711,-171
100000127,1179,612,567
100000128,1346,3518,-2172
100000129,312,846,-534
100000130,770,377,393
100000131,1383,2393,-1010
100000132,995,2418,-1423
100000133,2578,1669,909
100000135,686,1697,-1011
100000139,241,699,-458
100000140,236,409,-173
100000142,780,600,180
100000143,2030,524,1506
100000144,2882,660,2222
100000147,1490,4248,-2758
100000150,87,753,-666
100000151,914,2442,-1528
100000153,178,554,-376
100000154,28,481,-453
100000155,21,63,-42
100000156,433,483,-50
100000157,444,301,143
100000158,289,217,72
100000159,142,938,-796
100000165,768,859,-91
100000169,67,1426,-1359
100000174,266,1217,-951
100000179,70,661,-591
100000180,1954,15021,-13067
100000181,506,970,-464
100000188,84,1472,-1388
100000189,1176,1262,-86
100000190,542,1889,-1347
100000191,790,1022,-232
100000192,27,96,-69
100000193,244,226,18
100000330,804,1033,-229
100000355,254,2162,-1908
100000362,2913,1709,1204
100000363,6536,6367,169
100000364,77,272,-195
100000365,6632,11359,-4727
100000366,2544,2018,526
100000367,5433,8356,-2923
100000368,3049,1136,1913
100000369,709,3061,-2352
100000370,248,1380,-1132
100000376,58,224,-166
100000379,1459,2072,-613
100000380,4332,6415,-2083
100000384,5771,7305,-1534
100000385,1754,4383,-2629
100000386,3977,6562,-2585
100000387,3029,6876,-3847
100000388,2870,7266,-4396
100000389,4205,7458,-3253
100000390,4830,7401,-2571
100000391,3772,10960,-7188
100000392,1781,5180,-3399
100000393,1592,6833,-5241
100000394,4491,10492,-6001
100000395,2923,7108,-4185
100000396,4160,4244,-84
100000397,3272,9749,-6477
100000398,8379,6597,1782
100900002,31,5,26
100900003,399,305,94
100900004,14,1455,-1441
100900005,161,24,137
100900006,62,101,-39
100900007,278,13,265
100900008,1,343,-342
100900009,108,248,-140
100900010,118,36,82
100900011,223,175,48
100900012,1,73,-72
100900013,1204,17,1187
100900014,12,3,9
100900015,86,49,37
100900016,3,28,-25
100900017,1292,101,1191
100900018,0,14,-14
100900019,68,142,-74
100900020,393,7,386
100900021,487,1,486
100900022,21,40,-19
100900023,0,43,-43
100900024,304,6,298
100900025,23,9,14
100900026,121,139,-18
100900027,464,2911,-2447
100900028,135,367,-232
100900029,53,7,46
100900030,7,218,-211
100900031,895,53,842
100900032,487,1,486
100900033,193,393,-200
100900034,962,2,960
100900035,295,4,291
100900036,15,0,15
100900037,149,181,-32
100900038,133,79,54
100900039,301,288,13
100900040,630,427,203
100900041,1028,372,656
100900042,1717,2306,-589
100900043,0,25,-25
100900044,1455,622,833
100900045,15,0,15
100900046,1372,13,1359
100900047,1531,356,1175
100900048,145,81,64
100900049,116,83,33
100900050,9,9,0
100900051,62,259,-197
100900052,447,68,379
100900053,641,19,622
100900054,9,44,-35
100900055,259,1048,-789
100900056,42,165,-123
100900057,2363,1375,988
100900058,203,209,-6
100900059,156,9,147
100900060,318,11,307
100900061,266,174,92
100900062,11,27,-16
100900063,304,981,-677
100900064,815,37,778
100900065,72,184,-112
100900066,288,351,-63
100900067,51,11,40
100900068,224,202,22
100900069,366,9,357
100900070,566,8,558
100900071,478,170,308
100900072,13,61,-48
100900073,158,378,-220
100900074,7,3,4
100900075,1851,286,1565
100900076,8,27,-19
100900077,69,22,47
100900078,143,286,-143
100900079,8,25,-17
100900080,83,323,-240
100900081,121,164,-43
100900082,234,318,-84
100900083,18,27,-9
100900085,25,691,-666
100900086,105,657,-552
100900088,169,212,-43
100900089,4,9,-5
100900090,145,774,-629
100900091,11,21,-10
100900092,152,177,-25
100900093,362,370,-8
100900094,230,159,71
100900095,10,15,-5
100900096,45,168,-123
100900097,0,4,-4
100900098,26,35,-9
100900099,21,366,-345
100900100,11,924,-913
100900101,371,84,287
100900102,30,266,-236
100900103,6,16,-10
100900104,4,116,-112
100900105,15,725,-710
100900106,25,7,18
100900107,1982,1032,950
100900108,7,94,-87
100900109,33,24,9
100900110,5,34,-29
100900111,25,191,-166
100900112,8,45,-37
100900113,25,36,-11
100900114,19,27,-8
100900115,15,16,-1
100900116,1443,604,839
100900117,354,1391,-1037
100900118,15,57,-42
100900119,12,16,-4
100900120,58,7,51
100900121,676,471,205
100900122,115,147,-32
100900123,136,127,9
100900124,6,25,-19
100900125,8,64,-56
100900126,255,125,130
100900127,8,10,-2
100900128,195,256,-61
100900129,0,411,-411
100900131,52,319,-267
100900133,83,27,56
100900134,8,3,5
100900135,4,471,-467
100900137,368,233,135
100900138,366,515,-149
100900139,4,17,-13
100900140,3,265,-262
100900141,4,786,-782
100900142,2,20,-18
100900143,459,514,-55
100900144,11,9,2
100900145,87,380,-293
100900146,8,93,-85
100900147,8,787,-779
100900148,27,242,-215
100900149,39,365,-326
100900150,2,39,-37
100900151,139,568,-429
100900152,1111,52,1059
100900153,4,287,-283
100900154,24,138,-114
100900155,32,9,23
100900156,91,13,78
100900157,15,1339,-1324
100900159,15,42,-27
100900160,26,1,25
100900161,153,23,130
100900162,47,1088,-1041
100900163,175,127,48
100900164,86,19,67
100900165,22,24,-2
100900166,719,11,708
100900167,29,75,-46
100900168,27,289,-262
100900169,88,970,-882
100900170,34,2,32
100900171,21,372,-351
100900172,0,33,-33
100900173,7,199,-192
100900174,79,36,43
100900176,1870,229,1641
100900177,529,384,145
100900178,229,213,16
100900179,357,521,-164
100900180,5,5,0
100900181,488,106,382
100900182,338,54,284
100900184,27,204,-177
100900186,599,474,125
100900187,11,59,-48
100900188,32,14,18
100900189,3727,340,3387
100900191,568,1547,-979
100900192,229,589,-360
100900195,131,230,-99
100900197,23,42,-19
100900198,29,101,-72
100900199,7,14,-7
100900200,1036,293,743
100900201,123,1094,-971
100900202,34,0,34
100900203,11,543,-532
100900204,291,2501,-2210
100900205,171,663,-492
100900206,344,150,194
100900207,323,180,143
100900210,147,452,-305
100900211,824,195,629
100900213,327,59,268
100900214,646,158,488
100900215,26,31,-5
100900217,88,175,-87
101000001,2092,2347,-255
101000002,9300,10178,-878
101000003,386,1193,-807
101000004,6650,6497,153
101000005,4642,5729,-1087
101000006,5828,8761,-2933
101000007,3738,5251,-1513
101000008,2044,2173,-129
101000009,2439,688,1751
101000010,1041,585,456
101000011,1116,472,644
101000012,638,717,-79
101000013,736,1382,-646
101000014,366,486,-120
101000015,1822,1083,739
101000016,295,637,-342
101000017,576,513,63
101000018,1649,2796,-1147
101000020,2025,864,1161
101000021,595,397,198
101000022,130,236,-106
101000023,1170,610,560
101000025,375,557,-182
101000026,226,40,186
101000027,2187,4045,-1858
101000028,1155,388,767
101000029,262,1943,-1681
101000030,1234,255,979
101000031,464,1339,-875
101000032,3268,5202,-1934
101000033,2701,4370,-1669
101000034,1056,2142,-1086
101000035,626,376,250
101000036,1218,1387,-169
101000037,1361,2373,-1012
101000039,3296,3332,-36
101000040,2901,5673,-2772
101000041,3038,9088,-6050
101000042,223,1496,-1273
101000043,4165,9700,-5535
101000045,579,1129,-550
101000046,1514,2964,-1450
101000047,1572,6570,-4998
101000048,702,513,189
101000049,762,3151,-2389
101000050,1836,2798,-962
101000051,1179,3485,-2306
101000052,1420,1845,-425
101000053,1160,1438,-278
101000054,2537,1042,1495
101000055,1288,1887,-599
101000056,45,151,-106
101000057,1049,1831,-782
101000058,1130,1659,-529
101000059,2034,2690,-656
101000060,2171,973,1198
101000061,707,1889,-1182
101000062,411,826,-415
101000063,358,1494,-1136
101000064,717,1327,-610
101000065,371,849,-478
101000066,647,1330,-683
101000067,746,1262,-516
101000068,175,639,-464
101000069,216,88,128
101000070,685,1197,-512
101000071,2771,1147,1624
101000072,719,4009,-3290
101000073,939,1538,-599
101000074,3374,5356,-1982
101000075,2326,6339,-4013
101000077,1963,1790,173
101000078,1018,1404,-386
101000079,1338,1343,-5
101000080,1097,1368,-271
101000081,1857,1665,192
101000082,2373,2486,-113
101000083,3543,2578,965
101000084,1153,680,473
101000085,1558,1271,287
101000086,908,1289,-381
101000087,864,880,-16
101000088,1644,1284,360
101000089,1300,1656,-356
101000090,1928,1042,886
101000091,521,667,-146
101000092,1588,625,963
101000093,1433,717,716
101000094,1266,1002,264
101000095,606,634,-28
101000096,477,435,42
101000097,522,888,-366
101000098,390,1049,-659
101000099,673,1749,-1076
101000100,768,1558,-790
101000101,232,436,-204
101000102,644,805,-161
101000103,668,820,-152
101000104,350,907,-557
101000105,210,893,-683
101000106,616,1544,-928
101000107,417,546,-129
101000108,565,141,424
101000109,677,110,567
101000110,34,179,-145
101000111,94,239,-145
101000113,233,931,-698
101000114,4956,11727,-6771
101000115,304,34,270
101000116,53,31,22
101000117,2323,373,1950
101000119,47,72,-25
101000120,165,79,86
101000121,81,68,13
101000122,135,164,-29
101000123,64,204,-140
101000124,1060,557,503
101000125,120,261,-141
101000128,318,1208,-890
101000130,141,292,-151
101000131,1391,466,925
101000132,1187,1203,-16
101000135,41,52,-11
101000136,311,333,-22
101000137,51,488,-437
101000141,867,4065,-3198
101000147,966,321,645
101000148,587,29,558
101000149,251,759,-508
101000150,121,312,-191
101000151,374,38,336
101000152,258,351,-93
101000153,369,184,185
101000154,418,600,-182
101000155,545,213,332
101000156,35,445,-410
101000157,84,43,41
101000160,92,31,61
101000163,180,545,-365
101000164,322,185,137
101000165,437,401,36
101000166,328,293,35
101000168,968,520,448
101000252,2747,1023,1724
101000254,82,113,-31
101000258,88,9,79
101000261,124,85,39
101000262,1355,4234,-2879
101000263,432,1556,-1124
101000265,102,930,-828
101000266,355,506,-151
101000269,22,22,0
101000290,645,2625,-1980
101000293,66,47,19
101000294,808,659,149
101000295,207,318,-111
101000301,440,580,-140
101000304,2344,3040,-696
101000305,3023,1199,1824
101900001,23,57,-34
101900002,0,12,-12
101900003,42,93,-51
101900004,2,81,-79
101900005,1632,3650,-2018
101900006,1746,82,1664
101900007,844,246,598
101900008,57,226,-169
101900009,62,375,-313
101900010,671,869,-198
101900011,162,930,-768
101900012,375,108,267
101900013,466,147,319
101900017,15,148,-133
101900018,846,389,457
101900019,99,119,-20
101900020,8,28,-20
101900021,0,64,-64
101900022,191,570,-379
101900023,181,110,71
101900026,144,62,82
101900027,18,92,-74
102000001,3491,6339,-2848
102000002,2680,1119,1561
102000003,2905,7716,-4811
102000004,4697,2536,2161
102000005,1227,3344,-2117
102000006,785,1519,-734
102000007,1879,5794,-3915
102000008,4516,1538,2978
102000009,8455,10512,-2057
102000010,4289,3773,516
102000011,4736,3748,988
102000012,3261,2823,438
102000018,2498,3262,-764
102000019,4018,1994,2024
102000026,269,540,-271
102000029,218,211,7
102000030,204,448,-244
102000031,72,98,-26
102000032,749,383,366
102000033,319,378,-59
102000034,573,613,-40
102000035,2839,790,2049
102000036,29,352,-323
102000037,213,44,169
102000038,121,535,-414
102000039,145,146,-1
102000040,218,396,-178
102000041,118,633,-515
102000042,158,520,-362
102000043,147,351,-204
102000044,328,681,-353
102000045,561,746,-185
102000046,1559,649,910
102000047,730,828,-98
102000048,559,982,-423
102000049,1155,1134,21
102000050,998,1102,-104
102000051,469,880,-411
102000052,1123,849,274
102000053,1011,1223,-212
102000054,939,1293,-354
102000055,1706,335,1371
102000056,1381,478,903
102000057,1706,505,1201
102000058,1203,852,351
102000059,1555,1286,269
102000060,949,832,117
102000061,2069,1537,532
102000062,2042,956,1086
102000063,1009,1388,-379
102000064,613,674,-61
102000065,81,190,-109
102000066,809,1059,-250
102000067,2742,2749,-7
102000068,13134,3290,9844
102000069,139,3958,-3819
102000070,1523,53,1470
102000071,6880,9144,-2264
102000072,3251,4155,-904
102000073,840,1263,-423
102000074,545,1675,-1130
102000075,147,359,-212
102000076,258,337,-79
102000077,896,480,416
102000078,1207,394,813
102000079,231,191,40
102000080,291,191,100
102000081,427,881,-454
102000082,748,434,314
102000083,850,237,613
102000084,552,212,340
102000085,5961,873,5088
102000086,1408,860,548
102000087,1413,1841,-428
102000088,413,406,7
102000089,1621,410,1211
102000090,435,1286,-851
102000091,1198,731,467
102000092,347,650,-303
102000093,543,727,-184
102000094,619,656,-37
102000095,838,1258,-420
102000096,550,844,-294
102000097,834,649,185
102000098,565,813,-248
102000099,903,1128,-225
102000100,255,1084,-829
102000101,423,626,-203
102000102,339,1222,-883
102000103,1954,361,1593
102000104,747,317,430
102000105,364,537,-173
102000106,946,496,450
102000107,1947,316,1631
102000108,723,161,562
102000109,725,359,366
102000110,1624,528,1096
102000111,12,256,-244
102000112,160,141,19
102000113,17,28,-11
102000114,579,297,282
102000115,338,340,-2
102000116,306,592,-286
102000117,132,836,-704
102000118,832,1771,-939
102000119,1376,1303,73
102000120,341,507,-166
102000121,1223,526,697
102000122,819,1141,-322
102000123,1325,1250,75
102000124,1729,1351,378
102000125,677,906,-229
102000126,735,790,-55
102000127,1454,642,812
102000128,901,835,66
102000129,1719,635,1084
102000130,909,967,-58
102000131,2491,1250,1241
102000132,1063,1737,-674
102000133,3134,1509,1625
102000134,1188,733,455
102000135,2056,1161,895
102000136,3496,685,2811
102000137,492,2104,-1612
102000138,196,579,-383
102000139,109,2274,-2165
102000140,180,3052,-2872
102000141,308,6971,-6663
102000142,344,415,-71
102000143,268,261,7
102000144,361,197,164
102000145,413,382,31
102000146,454,586,-132
102000147,567,409,158
102000148,194,444,-250
102000149,261,197,64
102000150,802,98,704
102000151,103,108,-5
102000152,257,148,109
102000153,1051,685,366
102000154,189,408,-219
102000155,67,418,-351
102000156,261,187,74
102000157,47,586,-539
102000158,410,548,-138
102000159,899,901,-2
102000161,2111,2253,-142
102000162,147,186,-39
102000163,79,556,-477
102000164,844,988,-144
102000165,336,190,146
102000166,67,189,-122
102000167,214,327,-113
102000168,294,195,99
102000169,127,637,-510
102000170,497,271,226
102000171,113,546,-433
102000172,74,631,-557
102000173,466,419,47
102000174,110,99,11
102000175,109,87,22
102000176,85,26,59
102000178,262,258,4
102000179,521,223,298
102000180,1125,277,848
102000181,1030,370,660
102000182,744,365,379
102000183,2234,1286,948
102000184,2417,515,1902
102000185,3442,920,2522
102000186,1652,1108,544
102000187,1234,1086,148
102000188,1366,1364,2
102000189,1726,504,1222
102000190,622,2483,-1861
102000191,1154,453,701
102000192,1565,1978,-413
102000193,91,72,19
102000194,51,173,-122
102000195,435,342,93
102000196,335,223,112
102000197,1086,233,853
102000198,284,386,-102
102000199,1566,255,1311
102000200,325,573,-248
102000201,1652,427,1225
102000202,11,55,-44
102000203,464,130,334
102000204,797,446,351
102000205,1580,318,1262
102000206,755,267,488
102000207,768,412,356
102000208,397,278,119
102000209,82,48,34
102000210,584,277,307
102000211,534,171,363
102000212,438,14,424
102000213,4,130,-126
102000214,446,9,437
102000215,5,216,-211
102000216,86,67,19
102000217,5,64,-59
102000218,373,232,141
102000219,211,163,48
102000225,384,579,-195
102000226,985,1938,-953
102000227,147,1,146
102000228,0,43,-43
102000229,64,36,28
102000230,389,316,73
102000231,406,412,-6
102000232,59,163,-104
102000233,456,576,-120
102000234,158,1143,-985
102000236,246,130,116
102000237,430,193,237
102000238,219,295,-76
102000240,474,826,-352
102000241,1566,176,1390
102000243,20,35,-15
102000245,17,175,-158
102000246,10,56,-46
102000247,424,656,-232
102000248,290,1028,-738
102000249,160,104,56
102000250,90,245,-155
102000254,217,153,64
102000266,18,1819,-1801
102000271,31,0,31
102000286,427,384,43
102000297,2218,1206,1012
102000299,0,0,0
102000301,0,0,0
102000303,0,0,0
102000305,0,0,0
102000307,0,3,-3
102000308,0,1,-1
102900001,1459,621,838
102900002,420,49,371
102900003,100,113,-13
102900005,537,228,309
102900006,698,66,632
102900007,663,27,636
102900008,315,36,279
102900009,577,506,71
102900010,333,1072,-739
102900011,1284,532,752
102900012,405,89,316
102900013,49,39,10
102900015,616,522,94
102900016,75,45,30
102900017,308,281,27
102900018,72,52,20
102900019,507,653,-146
102900020,190,36,154
102900021,43,60,-17
102900022,286,194,92
102900023,33,89,-56
102900024,42,66,-24
102900025,168,89,79
102900026,402,2192,-1790
102900027,64,53,11
102900028,293,1070,-777
102900029,126,258,-132
102900030,480,422,58
102900031,374,179,195
102900032,118,117,1
102900033,132,134,-2
102900034,664,63,601
102900035,195,249,-54
102900036,431,260,171
102900037,296,214,82
102900038,462,231,231
102900039,25,590,-565
102900040,274,276,-2
102900041,128,136,-8
102900042,307,227,80
102900043,304,150,154
102900044,632,1331,-699
102900045,336,413,-77
102900046,230,183,47
102900047,136,488,-352
102900048,570,350,220
102900049,85,349,-264
102900050,211,242,-31
102900051,185,189,-4
102900052,62,96,-34
102900053,331,528,-197
102900054,390,1631,-1241
102900055,209,291,-82
102900056,131,358,-227
102900057,15,90,-75
102900058,443,75,368
102900059,47,47,0
102900060,131,312,-181
102900061,217,252,-35
102900062,409,419,-10
102900063,1716,361,1355
102900064,104,491,-387
102900065,871,343,528
102900066,442,15,427
102900068,77,107,-30
102900070,245,1661,-1416
102900072,14,41,-27
102900073,104,9,95
102900075,17,125,-108
102900076,97,191,-94
102900077,45,40,5
102900078,33,79,-46
102900079,260,12,248
102900080,567,54,513
102900081,87,284,-197
102900082,20,237,-217
102900083,176,25,151
102900084,9,54,-45
102900085,316,123,193
102900086,26,124,-98
102900087,164,224,-60
102900088,52,55,-3
102900089,196,110,86
102900090,2,167,-165
102900091,244,4,240
102900092,756,347,409
102900093,342,180,162
102900094,3,153,-150
102900095,150,6,144
102900096,45,4,41
102900097,100,99,1
103000001,2051,2067,-16
103000002,2313,2500,-187
103000003,3198,2548,650
103000004,736,658,78
103000005,1854,3553,-1699
103000006,1048,1701,-653
103000007,572,570,2
103000008,1182,532,650
103000009,1924,1216,708
103000010,143,70,73
103000011,1422,1106,316
103000012,1618,1736,-118
103000013,2703,1699,1004
103000014,1419,2940,-1521
103000015,1492,574,918
103000016,541,1677,-1136
103000017,320,568,-248
103000018,735,266,469
103000019,489,423,66
103000020,1712,1247,465
103000021,1687,2204,-517
103000022,667,869,-202
103000023,728,2104,-1376
103000024,87,119,-32
103000025,155,924,-769
103000026,706,127,579
103000027,290,859,-569
103000028,234,429,-195
103000029,186,305,-119
103000030,1385,2049,-664
103000031,1092,2703,-1611
103000032,2311,1498,813
103000033,3146,2752,394
103000034,1174,901,273
103000035,372,1412,-1040
103000036,274,427,-153
103000037,622,620,2
103000038,722,1145,-423
103000039,645,283,362
103000040,687,508,179
103000041,2104,1553,551
103000042,1651,374,1277
103000043,822,692,130
103000044,369,112,257
103000046,587,443,144
103000047,745,419,326
103000048,344,192,152
103000049,130,102,28
103000050,861,300,561
103000051,727,406,321
103000052,704,221,483
103000053,225,451,-226
103000054,2603,1259,1344
103000055,1878,1815,63
103000056,899,1023,-124
103000057,1258,174,1084
103000058,806,620,186
103000059,741,586,155
103000060,818,364,454
103000061,562,777,-215
103000062,1202,324,878
103000063,1062,831,231
103000064,157,126,31
103000065,6,222,-216
103000066,206,8,198
103000069,428,203,225
103000070,1035,499,536
103000071,1606,552,1054
103000072,151,451,-300
103000073,903,137,766
103000074,914,103,811
103000075,145,544,-399
103000076,446,645,-199
103000077,17,251,-234
103000078,838,1045,-207
103000079,506,770,-264
103000080,733,501,232
103000081,369,1262,-893
103000082,521,174,347
103000083,145,305,-160
103000084,93,7,86
103000085,6,147,-141
103000086,530,476,54
103000087,169,693,-524
103000088,251,312,-61
103000089,299,697,-398
103000090,3349,928,2421
103000091,963,472,491
103000092,245,245,0
103000093,299,489,-190
103000094,232,123,109
103000095,121,310,-189
103000096,549,46,503
103000097,78,633,-555
103000098,616,160,456
103000099,201,619,-418
103000100,178,451,-273
103000101,1215,128,1087
103000102,135,368,-233
103000103,777,151,626
103000104,115,84,31
103000105,274,78,196
103000106,10,154,-144
103000107,317,94,223
103000108,1020,691,329
103000109,522,489,33
103000110,593,514,79
103000111,441,443,-2
103000112,330,301,29
103000113,394,588,-194
103000114,1393,687,706
103000115,765,504,261
103000116,873,395,478
103000117,492,414,78
103000118,462,443,19
103000119,721,398,323
103000120,108,151,-43
103000121,224,389,-165
103000122,354,654,-300
103000125,51,126,-75
103000126,842,2,840
103000127,15,118,-103
103000128,233,7,226
103000129,14,114,-100
103000130,88,46,42
103000131,269,114,155
103000132,118,187,-69
103000133,27,123,-96
103000134,322,1140,-818
103000135,618,233,385
103000136,539,549,-10
103000137,359,626,-267
103000138,637,742,-105
103000139,2,69,-67
103000140,96,32,64
103000141,48,150,-102
103000142,124,74,50
103000143,76,149,-73
103000144,196,52,144
103000145,23,493,-470
103000150,123,36,87
103000152,231,252,-21
103000153,286,206,80
103000156,43,188,-145
103000157,532,4,528
103000159,154,47,107
103000162,51,39,12
103000163,21,59,-38
103000164,5,12,-7
103000165,90,189,-99
103000166,319,402,-83
103000167,252,119,133
103000168,179,104,75
103000169,237,572,-335
103000170,1405,258,1147
103000171,21,132,-111
103000172,876,195,681
103000173,1004,237,767
103000174,298,211,87
103000175,366,124,242
103000176,851,774,77
103000177,395,402,-7
103000178,136,312,-176
103000179,203,24,179
103000183,314,23,291
103000185,208,51,157
103000186,187,71,116
103000187,980,158,822
103000188,35,104,-69
103000189,839,548,291
103000191,574,614,-40
103000292,587,1973,-1386
103000293,899,3231,-2332
103000295,67,147,-80
103000296,229,3,226
103000297,40,411,-371
103000504,85,62,23
103000505,5,61,-56
103000506,0,115,-115
103000507,261,4,257
103000508,111,145,-34
103000509,259,495,-236
103900001,22,64,-42
103900002,826,112,714
103900003,970,276,694
103900004,187,1,186
103900005,22,101,-79
103900006,15,1,14
103900007,82,3,79
103900008,26,2,24
103900009,555,483,72
103900010,232,314,-82
103900011,510,107,403
103900012,13,38,-25
103900013,112,28,84
103900014,122,16,106
103900015,93,10,83
103900016,267,106,161
103900017,62,37,25
103900018,479,150,329
103900019,65,523,-458
103900020,296,564,-268
103900021,187,60,127
103900022,1002,572,430
103900023,233,2,231
103900024,96,339,-243
103900025,20,27,-7
103900026,41,0,41
103900027,710,196,514
103900028,30,310,-280
103900029,1345,188,1157
103900030,472,187,285
103900031,52,5,47
103900032,141,105,36
103900033,91,32,59
103900034,47,40,7
103900035,82,40,42
103900036,51,77,-26
103900037,94,71,23
103900038,102,293,-191
103900039,179,142,37
103900040,11,140,-129
103900041,103,59,44
103900042,146,124,22
103900043,328,53,275
103900044,57,441,-384
103900045,436,164,272
103900047,142,23,119
103900048,52,68,-16
103900049,124,1003,-879
103900050,17,180,-163
103900051,0,43,-43
103900052,262,211,51
103900053,400,227,173
103900054,217,249,-32
103900055,524,173,351
103900056,108,41,67
103900057,51,67,-16
103900058,411,255,156
103900059,0,36,-36
103900060,97,92,5
103900061,290,16,274
103900062,640,169,471
103900063,5,0,5
103900064,140,2,138
103900065,433,320,113
103900066,226,86,140
103900067,279,12,267
103900068,8,0,8
103900069,101,24,77
103900070,133,173,-40
103900071,21,67,-46
103900072,30,107,-77
103900073,46,68,-22
103900074,98,47,51
103900075,357,42,315
103900076,788,296,492
103900077,63,222,-159
103900078,394,74,320
103900079,196,172,24
103900080,3,39,-36
103900081,11,21,-10
103900082,21,152,-131
103900083,931,1414,-483
103900084,85,179,-94
103900085,83,133,-50
103900086,1208,421,787
103900087,34,67,-33
103900088,380,629,-249
103900089,51,96,-45
103900090,1,58,-57
103900091,857,125,732
103900092,633,412,221
103900093,60,218,-158
103900094,20,62,-42
103900095,254,162,92
103900096,61,112,-51
103900097,21,419,-398
103900098,338,143,195
103900099,140,74,66
103900100,435,156,279
103900101,118,900,-782
103900102,1,44,-43
103900104,3,37,-34
103900105,55,130,-75
103900106,0,84,-84
103900107,194,92,102
103900108,64,178,-114
103900109,183,40,143
103900110,350,52,298
103900111,199,262,-63
103900112,121,183,-62
103900113,100,297,-197
103900114,308,220,88
103900115,277,264,13
103900116,1933,2859,-926
103900117,120,44,76
103900119,31,111,-80
103900120,94,67,27
103900122,212,83,129
103900123,643,705,-62
103900124,67,255,-188
103900125,167,42,125
103900126,756,246,510
103900127,230,234,-4
103900128,253,97,156
103900131,46,68,-22
103900133,1082,23,1059
103900134,0,19,-19
103900135,7,2,5
103900137,0,12,-12
103900138,195,39,156
103900139,181,3441,-3260
103900140,24,279,-255
103900141,219,39,180
103900142,330,47,283
103900143,185,2,183
103900144,1,16,-15
103900145,159,297,-138
103900146,311,207,104
103900147,417,125,292
103900148,388,188,200
103900149,550,213,337
103900150,3694,5686,-1992
103900151,31,173,-142
103900152,994,207,787
103900153,11,5,6
103900154,453,2330,-1877
103900155,81,105,-24
103900156,162,56,106
103900157,108,48,60
103900158,218,69,149
103900159,229,41,188
103900160,62,60,2
103900161,88,148,-60
103900162,85,57,28
103900163,13,435,-422
103900167,12,111,-99
103900168,201,82,119
103900169,29,95,-66
103900170,3,88,-85
103900171,0,33,-33
103900172,1,13,-12
103900173,18,25,-7
103900174,327,46,281
103900175,53,123,-70
103900176,9,52,-43
103900177,26,31,-5
103900178,109,24,85
103900179,130,29,101
103900180,15,38,-23
103900181,39,43,-4
103900182,40,12,28
103900184,220,157,63
103900185,87,645,-558
103900187,8,125,-117
103900188,96,60,36
103900189,111,13,98
103900190,115,73,42
103900191,30,46,-16
103900192,36,96,-60
103900193,109,138,-29
103900194,91,140,-49
103900195,3,165,-162
103900196,32,47,-15
103900197,19,38,-19
103900198,17,40,-23
103900199,132,77,55
103900200,196,69,127
103900201,111,129,-18
103900202,23,59,-36
103900203,48,32,16
103900204,2,41,-39
103900207,0,33,-33
103900208,191,0,191
103900209,7,91,-84
103900210,66,26,40
103900211,749,275,474
103900212,229,165,64
103900213,34,194,-160
103900214,189,219,-30
103900215,171,305,-134
103900216,7,167,-160
103900217,376,105,271
103900218,2,284,-282
103900219,225,159,66
103900233,73,7,66
103900235,14,46,-32
103900236,8,10,-2
103900242,13,11,2
103900243,7,3,4
103900244,147,146,1
103900245,144,126,18
103900246,41,31,10
103900247,24,82,-58
103900248,5,100,-95
103900249,8,84,-76
103900250,24,32,-8
103900251,2,15,-13
103900253,13,70,-57
103900254,4,19,-15
103900255,4,27,-23
103900256,14,30,-16
103900257,76,104,-28
103900258,18,15,3
103900259,48,8,40
103900261,30,4,26
103900262,25,2,23
103900263,32,35,-3
103900264,41,13,28
103900265,20,4,16
103900266,2,105,-103
103900267,3,66,-63
103900268,3,30,-27
103900269,206,17,189
103900270,72,47,25
103900271,54,73,-19
103900272,35,29,6
103900273,19,14,5
103900274,148,8,140
103900275,73,24,49
103900276,8,23,-15
103900277,16,19,-3
104000001,2807,2126,681
104000002,1754,1922,-168
104000003,2550,2172,378
104000004,2348,2275,73
104000005,2196,2179,17
104000006,3289,2657,632
104000007,3859,4059,-200
104000008,166,196,-30
104000009,250,103,147
104000010,182,345,-163
104000011,322,160,162
104000012,113,215,-102
104000013,338,274,64
104000014,215,419,-204
104000015,412,202,210
104000016,442,284,158
104000018,910,207,703
104000019,638,271,367
104000020,125,329,-204
104000021,251,390,-139
104000022,139,269,-130
104000023,1213,395,818
104000024,255,261,-6
104000026,61,293,-232
104000027,252,165,87
104000028,458,188,270
104000029,348,263,85
104000030,379,226,153
104000031,1457,311,1146
104000032,232,179,53
104000033,702,502,200
104000034,397,168,229
104000035,1156,369,787
104000036,994,354,640
104000037,319,141,178
104000038,662,326,336
104000039,185,150,35
104000040,159,375,-216
104000041,756,377,379
104000042,204,233,-29
104000043,223,233,-10
104000044,237,379,-142
104000045,877,612,265
104000046,743,928,-185
104000047,692,1094,-402
104000048,882,832,50
104000049,664,409,255
104000050,180,961,-781
104000051,144,514,-370
104000052,1914,1751,163
104000053,1008,404,604
104000054,698,222,476
104000055,3323,2277,1046
104000056,858,204,654
104000057,204,254,-50
104000058,768,633,135
104000059,616,988,-372
104000060,1262,1503,-241
104000061,1173,962,211
104000062,416,104,312
104000064,541,266,275
104000065,224,646,-422
104000069,596,1274,-678
104000070,53,539,-486
104000071,149,285,-136
104000072,487,120,367
104000075,141,257,-116
104000076,527,102,425
104000082,2343,3503,-1160
104000083,680,203,477
104000084,114,430,-316
104000085,402,313,89
104000086,263,435,-172
104000087,308,1900,-1592
104000090,1004,721,283
104000092,1645,1135,510
104000094,818,944,-126
104000095,2129,1255,874
104000096,1863,116,1747
104000097,2172,477,1695
104000098,2945,522,2423
104000100,2151,629,1522
104000101,1456,1277,179
104000106,30,564,-534
104000107,686,219,467
104000108,263,303,-40
104000109,384,167,217
104000110,716,1117,-401
104000111,2230,2836,-606
104000112,865,476,389
104000116,2,590,-588
104000117,257,330,-73
104000118,1111,146,965
104000119,951,316,635
104000120,344,409,-65
104000121,323,596,-273
104000122,961,702,259
104000123,736,671,65
104000124,438,1342,-904
104000125,2092,4991,-2899
104000126,580,515,65
104000127,1173,1446,-273
104000128,616,236,380
104000129,435,19,416
104000130,10,316,-306
104000131,257,264,-7
104000132,345,287,58
104000133,1454,838,616
104000134,866,1807,-941
104000135,458,1837,-1379
104000136,616,3402,-2786
104000137,1584,327,1257
104000138,1110,539,571
104000139,3366,2591,775
104000141,858,994,-136
104000142,581,393,188
104000143,684,281,403
104000144,124,184,-60
104000145,398,198,200
104000146,171,351,-180
104000147,173,304,-131
104000148,436,276,160
104000149,144,149,-5
104000150,1248,660,588
104000151,309,261,48
104000152,561,483,78
104000153,793,655,138
104000154,752,396,356
104000155,545,757,-212
104000157,961,1236,-275
104000158,280,1284,-1004
104000159,927,877,50
104000160,1782,2042,-260
104000161,226,181,45
104000162,102,181,-79
104000165,715,805,-90
104000167,807,1546,-739
104000168,720,7,713
104000169,164,50,114
104000170,237,442,-205
104000248,435,425,10
104000251,60,164,-104
104000272,0,0,0
104000273,0,0,0
104000274,0,0,0
104000275,0,0,0
104000279,640,462,178
104000290,88,242,-154
104000291,477,1044,-567
104000293,1192,757,435
104000294,107,0,107
104000295,722,667,55
104000296,565,628,-63
104000297,598,1696,-1098
104000298,2133,904,1229
104000299,852,1303,-451
104900001,151,210,-59
104900002,97,210,-113
104900003,85,263,-178
104900004,133,149,-16
104900005,412,326,86
104900006,496,92,404
104900007,372,191,181
104900009,168,178,-10
104900010,75,52,23
104900011,31,27,4
104900012,253,42,211
104900013,90,19,71
104900014,1790,311,1479
104900015,100,11,89
104900016,311,177,134
104900017,205,148,57
104900018,6,139,-133
104900019,243,4412,-4169
104900020,32,254,-222
104900021,7,63,-56
104900022,12,86,-74
104900023,1,20,-19
104900024,33,89,-56
104900025,107,127,-20
104900026,1,35,-34
104900027,687,411,276
104900028,18,73,-55
104900029,35,32,3
104900030,500,233,267
104900031,62,278,-216
104900032,50,50,0
104900033,231,276,-45
104900034,473,189,284
104900035,561,240,321
104900036,318,80,238
104900037,122,116,6
104900038,257,1189,-932
104900039,430,513,-83
104900040,530,91,439
104900041,393,152,241
104900042,186,168,18
104900043,24,298,-274
104900044,987,188,799
104900045,406,67,339
104900046,374,102,272
104900047,464,119,345
104900048,423,58,365
104900049,95,51,44
104900050,418,65,353
104900051,301,33,268
104900052,149,4,145
104900053,459,94,365
104900054,295,24,271
104900055,190,1,189
104900056,239,38,201
104900057,62,2,60
104900058,656,842,-186
104900059,128,75,53
104900060,0,498,-498
104900061,178,329,-151
104900063,0,118,-118
104900064,0,93,-93
104900065,3,229,-226
104900066,3,68,-65
104900067,14,283,-269
104900068,30,174,-144
104900070,176,235,-59
104900071,2,348,-346
104900072,94,201,-107
104900073,123,79,44
104900074,73,154,-81
104900075,71,29,42
104900076,144,155,-11
104900077,517,311,206
104900078,241,274,-33
104900079,118,655,-537
104900080,132,478,-346
104900082,17,321,-304
104900085,4,161,-157
104900087,379,9,370
104900089,343,1,342
104900090,1325,922,403
104900091,688,531,157
104900093,217,363,-146
104900097,1649,2895,-1246
104900098,218,40,178
104900099,108,720,-612
104900100,326,214,112
104900102,51,92,-41
104900103,419,60,359
104900104,1888,2485,-597
104900106,149,102,47
104900107,98,155,-57
104900108,71,156,-85
104900109,119,180,-61
104900110,6,38,-32
104900111,319,81,238
104900112,355,305,50
104900113,947,259,688
104900114,516,269,247
104900115,924,225,699
104900116,470,98,372
104900118,24,56,-32
104900119,3,84,-81
104900120,25,451,-426
104900121,1,30,-29
104900122,0,27,-27
104900123,100,30,70
104900124,79,0,79
104900125,473,7,466
104900126,62,24,38
104900127,29,53,-24
104900128,109,109,0
104900129,1083,2772,-1689
105000001,2976,1353,1623
105000002,2601,1572,1029
105000003,3006,3713,-707
105000004,719,785,-66
105000005,1455,1275,180
105000006,1561,1861,-300
105000007,1585,2207,-622
105000008,1311,4749,-3438
105000009,3669,3967,-298
105000010,2883,1212,1671
105000011,4373,3906,467
105000012,2925,2120,805
105000013,1274,1723,-449
105000014,3059,3976,-917
105000015,9960,16455,-6495
105000016,1411,1504,-93
105000017,1449,801,648
105000018,972,1843,-871
105000019,872,1083,-211
105000020,155,573,-418
105000021,237,171,66
105000022,271,192,79
105000023,548,234,314
105000028,42,59,-17
105000029,668,1857,-1189
105000030,3380,2163,1217
105000033,900,1426,-526
105000034,157,1472,-1315
105000037,632,270,362
105000038,1809,1837,-28
105000039,2147,1426,721
105000040,1180,1584,-404
105000041,489,1407,-918
105000042,2696,2512,184
105000043,1263,3053,-1790
105000044,786,811,-25
105000045,314,445,-131
105000046,1512,456,1056
105000047,520,653,-133
105000048,680,184,496
105000049,245,343,-98
105000050,740,395,345
105000051,212,334,-122
105000052,664,912,-248
105000053,82,124,-42
105000054,514,739,-225
105000055,991,353,638
105000056,1931,1533,398
105000057,1581,486,1095
105000058,1275,813,462
105000059,816,508,308
105000060,503,381,122
105000061,1025,473,552
105000062,561,527,34
105000063,368,320,48
105000064,2306,691,1615
105000065,379,347,32
105000066,988,951,37
105000067,1754,938,816
105000068,290,752,-462
105000069,1244,2659,-1415
105000070,358,1153,-795
105000071,246,1269,-1023
105000072,1018,3176,-2158
105000073,1097,762,335
105000074,714,545,169
105000075,605,599,6
105000076,1073,734,339
105000077,1855,1229,626
105000078,1186,1525,-339
105000079,1099,3533,-2434
105000080,1955,1856,99
105000081,2171,1491,680
105000082,881,2361,-1480
105000083,3219,4541,-1322
105000084,633,633,0
105000085,2149,2721,-572
105000086,742,1012,-270
105000087,1445,2246,-801
105000088,1384,1971,-587
105000089,2870,2258,612
105000090,968,849,119
105000091,1151,1431,-280
105000092,633,907,-274
105000093,338,464,-126
105000094,490,307,183
105000095,97,529,-432
105000096,1167,1629,-462
105000097,751,862,-111
105000098,1071,721,350
105000099,690,726,-36
105000100,1808,1313,495
105000101,2218,2383,-165
105000102,1848,2214,-366
105000103,1251,3740,-2489
105000104,2805,1212,1593
105000105,1183,1385,-202
105000106,1557,1093,464
105000107,1940,812,1128
105000108,2208,1033,1175
105000109,2073,1156,917
105000110,1005,398,607
105000111,1122,509,613
105000112,1200,454,746
105000113,540,653,-113
105000114,1797,1517,280
105000115,374,1385,-1011
105000116,1084,555,529
105000117,904,479,425
105000118,871,459,412
105000119,588,519,69
105000120,1511,549,962
105000121,756,605,151
105000122,484,654,-170
105000123,942,767,175
105000124,2544,709,1835
105000125,928,994,-66
105000126,2536,1211,1325
105000127,2722,1263,1459
105000128,696,910,-214
105000129,1077,188,889
105000130,312,3575,-3263
105000131,527,256,271
105000132,1333,809,524
105000133,561,707,-146
105000134,1278,586,692
105000135,376,379,-3
105000136,141,193,-52
105000137,855,243,612
105000138,149,223,-74
105000139,871,640,231
105000140,616,469,147
105000141,338,407,-69
105000142,347,487,-140
105000143,215,433,-218
105000144,273,526,-253
105000145,897,282,615
105000146,486,635,-149
105000147,862,310,552
105000148,1219,540,679
105000149,3407,2234,1173
105000150,1571,902,669
105000151,619,303,316
105000152,229,343,-114
105000153,712,637,75
105000154,588,356,232
105000155,330,869,-539
105000156,601,492,109
105000157,749,1266,-517
105000158,2133,762,1371
105000159,293,799,-506
105000160,2806,651,2155
105000161,711,990,-279
105000162,732,2268,-1536
105000163,826,711,115
105000164,186,262,-76
105000165,735,7219,-6484
105000166,3922,1546,2376
105000167,1310,2801,-1491
105000168,425,528,-103
105000169,753,177,576
105000170,301,1264,-963
105000171,1162,173,989
105000172,198,32,166
105000173,325,60,265
105000174,94,76,18
105000175,149,98,51
105000176,599,90,509
105000177,477,189,288
105000178,318,229,89
105000179,1191,162,1029
105000180,278,73,205
105000181,177,179,-2
105000182,92,42,50
105000183,1789,2831,-1042
105000184,1092,1556,-464
105000185,1370,1647,-277
105000186,427,911,-484
105000187,1049,312,737
105000188,308,248,60
105000189,138,685,-547
105000190,307,346,-39
105000191,492,287,205
105000192,333,61,272
105000193,112,168,-56
105000194,589,126,463
105000195,386,686,-300
105000196,96,238,-142
105000197,338,546,-208
105000198,405,249,156
105000199,158,542,-384
105000200,127,462,-335
105000201,108,86,22
105000203,21,111,-90
105000204,102,92,10
105000205,109,276,-167
105000207,273,144,129
105000208,205,1124,-919
105000209,182,215,-33
105000212,1310,635,675
105000213,119,234,-115
105000214,253,231,22
105000215,451,126,325
105000216,187,157,30
105000217,169,210,-41
105000218,2012,1037,975
105000221,208,135,73
105000222,640,162,478
105000223,495,177,318
105000226,117,114,3
105000227,93,123,-30
105000228,162,2296,-2134
105000229,176,620,-444
105000231,531,457,74
105000233,1046,826,220
105000234,633,842,-209
105000235,422,495,-73
105000237,1045,61,984
105000243,29,116,-87
105000248,40,76,-36
105000262,472,667,-195
105000269,202,208,-6
105000270,708,37,671
105000271,1,148,-147
105000282,52,23,29
105000287,281,210,71
105000288,922,444,478
105000289,1624,2077,-453
105000290,28,11,17
105000402,2483,4255,-1772
105000426,321,723,-402
105000438,2373,1642,731
105000446,8888,4712,4176
105000447,3306,1859,1447
105000454,833,303,530
105000455,173,120,53
105000474,74,1,73
105000477,862,702,160
105000478,2573,5975,-3402
105000479,100,150,-50
105000480,7223,9087,-1864
105000481,5009,4410,599
105000482,3408,5624,-2216
105000483,2121,3057,-936
105000484,1786,2356,-570
105000485,1518,3868,-2350
105000486,2140,2363,-223
105000488,5903,3183,2720
105000489,1129,684,445
105000549,132,133,-1
105000550,405,1159,-754
105000551,37,104,-67
105000552,1982,1070,912
105900001,5,2878,-2873
105900002,757,1037,-280
105900003,12,98,-86
105900004,185,109,76
105900005,14,207,-193
105900006,12,125,-113
105900007,98,36,62
105900008,109,310,-201
105900009,35,10,25
105900011,200,253,-53
105900012,472,225,247
105900013,5,42,-37
105900014,8,102,-94
105900015,153,658,-505
105900016,775,603,172
105900017,1924,36,1888
105900018,226,150,76
105900019,62,514,-452
105900020,93,84,9
105900021,56,3061,-3005
105900022,287,184,103
105900023,13,409,-396
105900024,13,584,-571
105900025,318,14,304
105900026,232,12,220
105900027,20143,7436,12707
105900028,708,560,148
105900029,2226,361,1865
105900030,230,273,-43
105900031,329,193,136
105900032,68,104,-36
105900033,70,100,-30
105900034,333,174,159
105900035,204,174,30
105900036,165,116,49
105900037,84,41,43
105900038,212,191,21
105900039,189,99,90
105900040,121,118,3
105900041,178,139,39
105900042,75,136,-61
105900043,1086,74,1012
105900044,4,312,-308
105900045,2,871,-869
105900046,23,198,-175
105900047,17,33,-16
105900048,82,429,-347
105900050,5656,11924,-6268
105900051,101,1144,-1043
105900052,700,301,399
105900053,2427,4044,-1617
105900054,261,388,-127
105900056,1112,492,620
105900057,42,227,-185
105900058,21,9,12
105900059,0,62,-62
106000001,3062,2392,670
106000002,1003,4150,-3147
106000003,3391,3633,-242
106000004,1408,2076,-668
106000005,4276,4408,-132
106000006,4280,2015,2265
106000007,642,505,137
106000008,436,287,149
106000009,735,332,403
106000010,516,526,-10
106000011,1655,1049,606
106000012,904,886,18
106000013,2248,1845,403
106000014,1747,972,775
106000015,2180,1449,731
106000016,1409,1499,-90
106000017,604,913,-309
106000018,674,434,240
106000019,487,485,2
106000020,359,281,78
106000021,304,439,-135
106000022,385,141,244
106000023,719,310,409
106000024,643,328,315
106000025,131,171,-40
106000026,89,133,-44
106000027,1819,1357,462
106000028,717,266,451
106000029,675,728,-53
106000030,338,552,-214
106000034,198,385,-187
106000035,988,2204,-1216
106000036,139,373,-234
106000037,1357,1094,263
106000038,115,113,2
106000039,79,106,-27
106000040,75,915,-840
106000041,676,660,16
106000043,496,246,250
106000046,302,78,224
106000047,44,482,-438
106000049,1130,232,898
106000050,284,448,-164
106000051,921,536,385
106000052,129,352,-223
106000053,601,138,463
106000054,320,291,29
106000055,1180,719,461
106000056,347,223,124
106000057,618,283,335
106000058,215,123,92
106000059,473,305,168
106000060,255,328,-73
106000061,299,594,-295
106000062,146,419,-273
106000063,963,697,266
106000064,39,290,-251
106000065,510,319,191
106000066,110,274,-164
106000067,525,116,409
106000068,66,490,-424
106000069,370,70,300
106000070,428,529,-101
106000071,1260,308,952
106000072,2128,1454,674
106000073,1370,3669,-2299
106000074,757,648,109
106000075,339,1273,-934
106000076,1521,1674,-153
106000077,2804,965,1839
106000078,1240,742,498
106000079,811,642,169
106000080,1292,502,790
106000081,717,899,-182
106000082,1955,637,1318
106000083,477,1277,-800
106000084,966,639,327
106000085,1281,1463,-182
106000086,622,693,-71
106000087,1105,439,666
106000088,393,608,-215
106000089,1171,274,897
106000090,359,572,-213
106000091,237,325,-88
106000092,770,247,523
106000093,353,172,181
106000094,99,206,-107
106000095,1209,580,629
106000096,1195,498,697
106000097,1491,608,883
106000098,933,772,161
106000099,264,1556,-1292
106000100,1485,227,1258
106000101,1300,687,613
106000102,168,1720,-1552
106000103,365,659,-294
106000104,892,416,476
106000105,503,565,-62
106000106,871,327,544
106000107,145,185,-40
106000108,317,164,153
106000109,225,176,49
106000110,375,229,146
106000111,173,165,8
106000112,332,666,-334
106000113,710,392,318
106000114,456,744,-288
106000115,220,258,-38
106000116,407,221,186
106000117,1017,506,511
106000118,1487,1426,61
106000119,967,617,350
106000120,1127,1522,-395
106000121,216,142,74
106000122,200,72,128
106000123,751,75,676
106000124,130,129,1
106000125,37,140,-103
106000126,383,53,330
106000127,1186,555,631
106000128,1098,136,962
106000129,540,369,171
106000130,1135,294,841
106000131,143,676,-533
106000132,519,148,371
106000133,2294,1369,925
106000134,444,2295,-1851
106000135,127,414,-287
106000136,671,1087,-416
106000137,56,575,-519
106000138,1519,105,1414
106000139,53,69,-16
106000140,25,20,5
106000141,149,24,125
106000142,106,39,67
106000143,30,24,6
106000144,43,68,-25
106000145,415,100,315
106000146,599,107,492
106000147,279,282,-3
106000148,379,485,-106
106000149,764,240,524
106000150,623,1860,-1237
106000151,2783,710,2073
106000152,997,2512,-1515
106000153,72,2027,-1955
106000154,1249,161,1088
106000155,130,263,-133
106000156,1485,272,1213
106000157,832,1378,-546
106000158,2249,965,1284
106000159,1998,2017,-19
106000160,579,3618,-3039
106000161,1127,217,910
106000162,382,1076,-694
106000163,476,214,262
106000164,653,274,379
106000165,247,300,-53
106000166,1044,281,763
106000167,477,606,-129
106000168,810,225,585
106000169,284,342,-58
106000170,1171,197,974
106000171,279,905,-626
106000172,3026,1440,1586
106000173,1372,2203,-831
106000174,1401,308,1093
106000175,266,556,-290
106000176,2039,861,1178
106000177,1100,1750,-650
106000178,3663,1407,2256
106000179,717,1352,-635
106000180,766,783,-17
106000181,1311,1417,-106
106000182,1918,613,1305
106000183,1947,472,1475
106000184,2338,567,1771
106000185,1416,1355,61
106000186,619,103,516
106000187,139,1016,-877
106000188,1,1,0
106000189,13,31,-18
106000190,15,1,14
106000191,690,119,571
106000192,1,12,-11
106000193,419,191,228
106000194,141,449,-308
106000195,688,343,345
106000196,226,772,-546
106000197,732,332,400
106000198,228,167,61
106000199,663,1077,-414
106000200,277,259,18
106000201,440,4216,-3776
106000202,2117,479,1638
106000203,16,110,-94
106000204,131,3,128
106000205,8,102,-94
106000206,104,25,79
106000207,28,339,-311
106000208,1847,181,1666
106000209,1941,472,1469
106000210,284,522,-238
106000211,183,873,-690
106000212,965,578,387
106000213,284,1721,-1437
106000214,1751,670,1081
106000215,329,380,-51
106000216,518,312,206
106000217,204,260,-56
106000218,472,361,111
106000219,162,213,-51
106000220,534,326,208
106000221,348,113,235
106000222,90,86,4
106000223,372,136,236
106000224,306,87,219
106000225,78,161,-83
106000226,93,162,-69
106000228,80,93,-13
106000229,96,626,-530
106000231,1181,126,1055
106000232,75,211,-136
106000233,653,93,560
106000234,62,247,-185
106000235,775,172,603
106000236,211,109,102
106000237,9,19,-10
106000238,182,27,155
106000239,5,129,-124
106000240,32,7,25
106000241,7,424,-417
106000242,282,35,247
106000249,95,35,60
106000250,88,594,-506
106000251,149,26,123
106000252,15,53,-38
106000253,88,98,-10
106000254,55,31,24
106000255,36,126,-90
106000256,31,26,5
106000257,124,200,-76
106000258,298,31,267
106000259,10,42,-32
106000260,29,1,28
106000261,3,52,-49
106000262,94,9,85
106000263,10,49,-39
106000264,184,9,175
106000265,20,113,-93
106000266,139,22,117
106000267,10,82,-72
106000268,375,54,321
106000269,41,27,14
106000270,110,312,-202
106000271,105,114,-9
106000272,237,60,177
106000273,11,228,-217
106000274,179,39,140
106000275,214,244,-30
106000276,115,25,90
106000277,160,263,-103
106000278,138,30,108
106000279,18,17,1
106000280,104,44,60
106000281,97,40,57
106000282,65,53,12
106000283,153,49,104
106000284,136,118,18
106000285,93,65,28
106000286,117,121,-4
106000287,125,78,47
106000288,99,106,-7
106000289,101,92,9
106000290,53,71,-18
106000291,98,69,29
106000292,93,61,32
106000293,156,92,64
106000294,111,95,16
106000295,83,46,37
106000296,47,84,-37
106000297,50,217,-167
106000298,108,93,15
106000299,54,119,-65
106000300,74,111,-37
106000301,110,121,-11
106000303,45,81,-36
106000304,34,56,-22
106000305,57,39,18
106000306,43,48,-5
106000307,91,19,72
106000308,56,75,-19
106000309,33,70,-37
106000310,320,215,105
106000311,417,165,252
106000312,160,95,65
106000313,323,159,164
106000318,51,474,-423
106000319,1288,324,964
106000320,1,85,-84
106000321,265,156,109
106000322,196,47,149
106000324,26,118,-92
106000325,2114,932,1182
106000326,1002,1206,-204
106000327,266,67,199
106000328,51,138,-87
106000329,114,247,-133
106000330,48,93,-45
106000428,107,175,-68
106000429,167,299,-132
106000430,351,942,-591
106000431,2638,403,2235
106000432,1159,2184,-1025
106000433,2739,1474,1265
106000434,3411,1749,1662
106000435,1048,2325,-1277
106000436,4,102,-98
106000437,370,89,281
106000438,410,324,86
106000439,82,354,-272
106000440,279,855,-576
106000441,3,1,2
106000442,161,3,158
106000443,238,133,105
106000450,0,64,-64
106000451,25,80,-55
106000454,3,136,-133
106000455,9,99,-90
106000456,116,23,93
106000457,31,394,-363
106000458,1377,52,1325
106000459,183,141,42
106000460,2082,19,2063
106000461,153,395,-242
106000462,1,29,-28
106000463,5,10,-5
106000464,4,127,-123
106000465,964,5,959
106000466,8,177,-169
106000467,128,290,-162
106000468,101,136,-35
106000469,85,2,83
106000470,234,2131,-1897
106000471,7,314,-307
106000472,189,18,171
106000473,45,8,37
106000474,297,286,11
106000475,413,112,301
106000476,133,257,-124
106000477,16,21,-5
106900001,0,9,-9
106900002,4,190,-186
106900003,171,2714,-2543
106900004,6,11,-5
106900006,0,10,-10
106900007,0,12,-12
106900008,493,72,421
106900009,448,159,289
106900010,265,188,77
106900012,998,2684,-1686
106900013,666,229,437
106900014,41,2,39
106900015,20,5,15
106900016,438,25,413
106900017,16,4,12
106900018,3,1,2
106900019,140,4,136
106900020,4140,1857,2283
106900021,277,232,45
106900022,1065,6,1059
106900023,30,193,-163
106900024,655,89,566
106900025,43,1122,-1079
106900026,0,169,-169
106900027,1184,5,1179
107000001,3783,5600,-1817
107000002,2011,3339,-1328
107000003,8550,7151,1399
107000004,4013,2354,1659
107000005,7416,6584,832
107000006,3853,2075,1778
107000007,6461,10558,-4097
107000008,6422,4538,1884
107000009,10544,9013,1531
107000010,6858,5729,1129
107000011,787,953,-166
107000012,2940,1920,1020
107000013,102,42,60
107000014,59,106,-47
107000015,619,402,217
107000016,1009,504,505
107000017,2483,11444,-8961
107000018,42,7940,-7898
107000020,1689,10778,-9089
107000021,1509,481,1028
107000022,966,4589,-3623
107000023,1996,218,1778
107000024,1477,1711,-234
107000025,256,299,-43
107000026,717,380,337
107000027,1707,991,716
107000028,1899,607,1292
107000029,4343,3580,763
107000030,2943,1805,1138
107000031,5683,2862,2821
107000032,483,711,-228
107000033,2607,3878,-1271
107000034,8744,1186,7558
107000035,502,259,243
107000036,1286,1346,-60
107000037,103,802,-699
107000038,251,210,41
107000039,1101,912,189
107000040,323,250,73
107000041,1543,933,610
107000042,671,2096,-1425
107000043,2092,1090,1002
107000044,316,699,-383
107000045,108,274,-166
107000046,882,563,319
107000047,502,614,-112
107000048,729,448,281
107000049,523,599,-76
107000050,1219,566,653
107000051,223,300,-77
107000052,1125,1166,-41
107000053,442,300,142
107000054,44,204,-160
107000055,220,118,102
107000056,429,613,-184
107000057,1493,226,1267
107000058,2344,2744,-400
107000059,2000,2496,-496
107000060,5956,5927,29
107000061,4996,2648,2348
107000062,6444,3116,3328
107000063,4290,3120,1170
107000064,5957,3585,2372
107000065,3883,3408,475
107000066,2120,4641,-2521
107000067,1551,2052,-501
107000068,1125,1327,-202
107000069,1356,728,628
107000070,1343,99,1244
107000071,5113,65,5048
107000072,34,1605,-1571
107000073,1334,588,746
107000074,130,708,-578
107000075,2561,690,1871
107000076,522,932,-410
107000077,4910,1667,3243
107000078,1793,1985,-192
107000079,3877,1347,2530
107000080,868,2347,-1479
107000081,3156,676,2480
107000082,781,836,-55
107000083,1754,594,1160
107000084,355,1067,-712
107000085,3450,3163,287
107000086,3172,2593,579
107000087,3567,2220,1347
107000088,3211,2758,453
107000089,1899,1942,-43
107000090,1432,781,651
107000091,1998,958,1040
107000092,1082,713,369
107000093,1618,933,685
107000094,831,766,65
107000095,1278,717,561
107000096,628,682,-54
107000097,709,426,283
107000098,427,409,18
107000099,452,378,74
107000100,277,399,-122
107000101,95,191,-96
107000102,188,293,-105
107000103,231,205,26
107000104,156,226,-70
107000105,416,194,222
107000106,175,183,-8
107000107,579,126,453
107000108,156,370,-214
107000109,851,136,715
107000110,64,377,-313
107000111,533,45,488
107000112,56,200,-144
107000113,923,102,821
107000114,111,379,-268
107000115,790,214,576
107000116,121,415,-294
107000117,179,967,-788
107000118,84,118,-34
107000119,1567,1723,-156
107000120,873,748,125
107000121,1137,724,413
107000122,1070,577,493
107000123,493,503,-10
107000124,589,462,127
107000125,1570,535,1035
107000126,1317,340,977
107000129,318,395,-77
107000130,909,331,578
107000131,554,534,20
107000132,603,323,280
107000133,424,167,257
107000134,290,0,290
107000135,1,502,-501
107000136,689,10,679
107000137,17,596,-579
107000138,184,35,149
107000139,43,823,-780
107000140,1915,122,1793
107000141,158,793,-635
107000142,615,110,505
107000143,77,604,-527
107000144,682,540,142
107000145,201,390,-189
107000146,204,354,-150
107000147,4322,784,3538
107000150,517,3720,-3203
107000151,40,79,-39
107000152,572,2147,-1575
107000153,121,356,-235
107000154,80,308,-228
107000155,1134,21,1113
107000156,1641,28,1613
107000157,112,660,-548
107000158,949,15,934
107000159,45,381,-336
107000160,1885,256,1629
107000161,112,511,-399
107000162,361,856,-495
107000163,199,11,188
107000164,1102,1,1101
107000165,1686,7,1679
107000166,39,515,-476
107000167,834,257,577
107000168,1243,609,634
107000169,614,536,78
107000170,3933,860,3073
107000171,823,1054,-231
107000172,1553,2022,-469
107000173,655,518,137
107000174,1388,7233,-5845
107000175,4311,1075,3236
107000176,0,4,-4
107000177,3,0,3
107000178,36,12,24
107000179,389,1179,-790
107000180,1940,256,1684
107000181,570,576,-6
107000182,2465,649,1816
107000183,291,509,-218
107000184,1615,503,1112
107000185,540,924,-384
107000186,1431,504,927
107000187,1645,1462,183
107000188,784,552,232
107000189,746,892,-146
107000190,906,769,137
107000191,1003,926,77
107000192,2156,573,1583
107000193,520,578,-58
107000194,642,474,168
107000197,1007,325,682
107000198,416,614,-198
107000199,1892,730,1162
107000200,562,606,-44
107000201,645,576,69
107000202,346,485,-139
107000203,1098,2304,-1206
107000204,1059,2173,-1114
107000205,1777,1130,647
107000206,752,2200,-1448
107000207,630,2071,-1441
107000208,853,897,-44
107000209,1264,1700,-436
107000210,270,244,26
107000211,3,67,-64
107000212,48,335,-287
107000213,6,25,-19
107000214,15,118,-103
107000215,669,255,414
107000216,684,397,287
107000217,437,110,327
107000219,132,350,-218
107000220,257,117,140
107000222,243,422,-179
107000224,1764,157,1607
107000225,270,278,-8
107000226,1267,123,1144
107000227,121,184,-63
107000228,853,576,277
107000229,118,144,-26
107000230,1042,449,593
107000231,756,1911,-1155
107000232,152,42,110
107000233,496,1060,-564
107000234,2,102,-100
107000235,161,32,129
107000236,9,442,-433
107000237,59,1,58
107000238,61,1,60
107000239,3295,713,2582
107000240,101,747,-646
107000241,82,10,72
107000242,226,24,202
107000243,0,39,-39
107000244,8,86,-78
107000246,2,1236,-1234
107000249,3,1411,-1408
107000251,0,467,-467
107000252,4,571,-567
107000255,222,215,7
107000257,4,506,-502
107000258,5,161,-156
107000259,7,140,-133
107000260,2444,54,2390
107000262,8,226,-218
107000263,506,6,500
107000266,21,21,0
107000267,41,59,-18
107000268,103,73,30
107000269,96,4,92
107000270,144,46,98
107000271,1,0,1
107000272,104,1,103
107000273,12,353,-341
107000274,1664,1024,640
107000275,166,4375,-4209
107000280,1403,38,1365
107000281,62,329,-267
107000282,107,421,-314
107000290,77,107,-30
107000291,25,14,11
107000292,5,1125,-1120
107000293,56,17,39
107000294,2,64,-62
107000295,89,7,82
107000296,0,14,-14
107000444,338,13,325
107000496,3,5,-2
107000497,1427,1197,230
107000500,480,306,174
107000501,134,182,-48
107000502,182,233,-51
107000505,253,655,-402
107000506,0,0,0
107000508,5,252,-247
107000509,229,695,-466
107000510,67,46,21
107000514,58,418,-360
107000515,13,96,-83
107000516,496,382,114
107000518,1737,2252,-515
107000519,1487,743,744
107000520,131,65,66
107000521,424,202,222
107000522,507,417,90
107900001,114,61,53
107900002,101,14,87
107900003,236,16,220
107900004,192,2,190
107900005,2119,8,2111
107900006,317,5,312
107900007,547,62,485
107900008,63,6,57
107900009,217,11,206
107900010,69,9,60
107900012,339,79,260
107900013,199,18,181
107900014,80,18,62
107900015,1689,19,1670
107900016,538,118,420
107900017,48,5,43
107900018,94,297,-203
107900019,35,12,23
107900020,107,49,58
107900021,156,71,85
107900023,4,3,1
107900024,0,9,-9
107900025,400,191,209
107900026,76,17,59
107900027,35,72,-37
107900028,191,60,131
107900030,220,47,173
107900031,67,92,-25
107900032,22,7,15
107900033,20,9,11
107900034,410,30,380
107900035,1519,57,1462
107900036,126,44,82
107900037,0,13,-13
107900038,111,352,-241
107900039,47,18,29
107900040,18,240,-222
107900041,3,3,0
107900043,82,53,29
107900044,10,13,-3
107900045,162,76,86
107900046,256,244,12
107900047,79,17,62
107900048,256,17,239
107900049,363,1216,-853
107900050,70,216,-146
107900051,110,36,74
107900052,27,50,-23
107900053,105,52,53
107900055,787,331,456
107900056,165,87,78
107900057,10,0,10
107900058,46,518,-472
107900060,24,106,-82
107900061,9,31,-22
107900063,123,127,-4
107900064,248,268,-20
107900065,422,15,407
107900066,63,6,57
107900067,2,2,0
107900068,153,1338,-1185
107900069,36,2985,-2949
107900070,224,137,87
107900071,50,388,-338
107900072,162,110,52
107900073,199,47,152
107900074,353,376,-23
107900076,172,52,120
107900077,140,6,134
107900078,198,74,124
107900079,7,20,-13
107900080,301,1150,-849
107900081,95,74,21
107900082,9,4,5
107900083,474,195,279
107900084,182,153,29
107900086,67,269,-202
107900087,275,193,82
107900088,76,34,42
107900089,191,1260,-1069
107900090,1274,3008,-1734
107900091,136,187,-51
107900092,1192,266,926
107900093,68,53,15
107900094,0,0,0
107900095,1875,2314,-439
107900097,51,93,-42
107900098,83,177,-94
107900100,673,1754,-1081
107900101,540,85,455
107900102,52,8,44
107900103,34,184,-150
107900104,235,5,230
107900105,1,118,-117
107900106,2,476,-474
107900107,1669,591,1078
107900108,131,80,51
107900109,2237,58,2179
107900110,104,25,79
107900111,6,238,-232
107900112,97,473,-376
107900113,284,57,227
107900114,300,63,237
107900115,0,18,-18
107900116,253,76,177
107900117,259,188,71
107900118,43,58,-15
107900119,102,263,-161
107900120,37,30,7
107900121,4,138,-134
107900122,0,192,-192
107900123,8,108,-100
107900124,10,68,-58
107900125,26,227,-201
107900126,21,86,-65
107900127,495,374,121
107900128,60,86,-26
107900129,112,11,101
107900130,103,11,92
107900131,234,531,-297
107900132,71,186,-115
107900133,2,62,-60
107900134,41,187,-146
107900135,9,96,-87
107900136,12,38,-26
107900137,119,116,3
107900138,86,31,55
107900139,78,37,41
107900140,78,54,24
107900141,38,54,-16
107900142,34,314,-280
107900143,65,10,55
107900144,5,175,-170
107900145,27,65,-38
107900146,46,135,-89
107900147,45,54,-9
107900148,180,109,71
107900149,442,147,295
107900150,27,276,-249
107900151,66,86,-20
107900152,66,152,-86
107900153,88,396,-308
107900154,78,41,37
107900155,154,67,87
107900156,16,138,-122
107900157,39,53,-14
107900158,1367,21,1346
107900159,21,328,-307
107900160,175,214,-39
107900161,49,54,-5
107900162,1,108,-107
107900163,29,86,-57
107900164,15,35,-20
107900165,45,194,-149
107900166,19,91,-72
107900167,13,67,-54
107900168,71,24,47
107900169,0,147,-147
107900171,6,495,-489
107900172,0,198,-198
107900173,35,60,-25
107900174,197,6,191
107900175,22,51,-29
107900176,101,20,81
107900177,8,301,-293
107900178,0,85,-85
107900179,37,68,-31
107900180,328,996,-668
107900181,278,236,42
107900182,0,278,-278
107900183,75,89,-14
107900184,203,114,89
107900185,191,6,185
107900186,57,40,17
107900187,0,140,-140
107900188,306,137,169
107900189,51,71,-20
107900190,34,179,-145
107900191,81,88,-7
107900193,2,66,-64
107900194,271,23,248
107900195,858,244,614
107900196,77,42,35
107900197,280,339,-59
107900199,2,444,-442
107900201,93,69,24
107900203,36,48,-12
107900204,168,235,-67
107900205,246,306,-60
107900206,1022,550,472
107900207,1,276,-275
107900208,6,206,-200
107900209,225,148,77
107900210,45,66,-21
107900213,485,515,-30
107900214,18,52,-34
107900215,169,432,-263
107900216,124,43,81
107900217,42,79,-37
107900218,48,2834,-2786
107900219,53,32,21
107900220,116,213,-97
107900221,154,156,-2
107900223,114,221,-107
107900224,73,564,-491
107900225,18,524,-506
107900226,60,70,-10
107900227,133,272,-139
107900228,33,106,-73
107900229,3,114,-111
107900230,46,25,21
107900231,40,92,-52
107900232,150,83,67
107900233,10,82,-72
107900234,157,126,31
107900235,12,183,-171
107900236,292,52,240
107900237,30,280,-250
107900238,21,46,-25
107900239,357,804,-447
107900240,55,44,11
107900241,10,41,-31
107900242,36,76,-40
107900243,0,62,-62
107900244,398,9,389
107900245,893,44,849
107900246,352,32,320
107900248,911,155,756
107900249,1310,93,1217
107900250,5,220,-215
107900251,69,617,-548
107900252,1195,29,1166
107900253,314,12,302
107900254,49,251,-202
107900255,160,98,62
107900256,763,2273,-1510
107900257,437,148,289
107900258,107,103,4
107900259,62,3314,-3252
107900261,6,152,-146
107900262,31,47,-16
107900264,580,11,569
107900265,211,113,98
107900267,430,11,419
107900268,13,3,10
107900269,0,3,-3
107900270,1,2,-1
107900271,1,44,-43
107900272,43,46,-3
107900273,80,58,22
107900274,164,0,164
107900275,28,0,28
107900276,0,35,-35
107900277,0,114,-114
107900278,486,222,264
107900279,68,114,-46
107900280,2706,1929,777
107900281,422,4610,-4188
107900282,39,823,-784
107900283,759,976,-217
107900284,651,332,319
107900285,141,40,101
107900286,58,66,-8
107900287,376,180,196
107900290,1,318,-317
107900291,699,54,645
107900292,101,105,-4
107900293,120,164,-44
107900295,46,12,34
107900297,2,298,-296
107900298,629,455,174
107900299,2183,3116,-933
107900300,118,385,-267
107900301,627,884,-257
107900302,123,48,75
107900303,299,162,137
107900304,560,201,359
107900305,490,13,477
107900306,10,60,-50
107900307,49,241,-192
107900308,223,201,22
107900309,66,0,66
107900310,165,4,161
107900311,11,979,-968
107900312,80,0,80
107900313,1,167,-166
107900314,1,49,-48
107900315,4,198,-194
107900316,62,2,60
107900317,110,10,100
107900318,8,213,-205
107900319,7,69,-62
107900320,1,85,-84
107900321,153,13,140
107900322,11,50,-39
107900323,6,134,-128
107900324,157,2,155
107900325,111,0,111
107900326,807,143,664
107900327,7,166,-159
107900328,79,1,78
107900329,91,242,-151
107900330,10,74,-64
107900331,381,17,364
107900332,487,20,467
107900333,95,21,74
107900334,9,52,-43
107900335,48,13,35
107900336,56,84,-28
107900337,537,1268,-731
107900338,2,100,-98
107900339,3,8,-5
107900340,0,65,-65
107900341,102,1,101
107900342,162,88,74
107900343,60,3,57
107900344,17,67,-50
107900345,124,16,108
107900346,21,0,21
107900347,11,3,8
107900348,2,2,0
107900349,29,12,17
107900350,10,300,-290
108000001,3836,3958,-122
108000002,1754,1642,112
108000003,3257,3896,-639
108000004,10265,10497,-232
108000005,8478,6681,1797
108000006,5298,5283,15
108000007,5742,4111,1631
108000008,3792,4437,-645
108000009,4874,4918,-44
108000010,2731,3201,-470
108000011,13717,12072,1645
108000012,10522,10358,164
108000014,736,1500,-764
108000015,970,180,790
108000016,417,726,-309
108000017,1211,360,851
108000018,2190,741,1449
108000019,1567,1246,321
108000020,1310,526,784
108000021,336,1774,-1438
108000022,411,945,-534
108000023,1562,287,1275
108000024,321,304,17
108000025,354,205,149
108000026,876,218,658
108000027,841,302,539
108000028,786,151,635
108000029,729,417,312
108000030,587,171,416
108000031,193,497,-304
108000032,2315,594,1721
108000033,887,755,132
108000034,2224,547,1677
108000035,757,1466,-709
108000036,415,720,-305
108000037,2166,356,1810
108000038,3417,542,2875
108000039,474,1250,-776
108000040,2393,989,1404
108000041,672,1539,-867
108000042,457,204,253
108000043,191,162,29
108000044,964,154,810
108000045,338,262,76
108000046,1957,335,1622
108000047,534,654,-120
108000048,189,297,-108
108000049,1127,258,869
108000050,83,383,-300
108000051,504,248,256
108000052,140,406,-266
108000053,533,330,203
108000054,382,1061,-679
108000055,1210,827,383
108000056,711,1236,-525
108000057,760,1684,-924
108000058,2176,4358,-2182
108000059,2235,1507,728
108000060,259,494,-235
108000061,121,201,-80
108000062,1270,667,603
108000063,682,366,316
108000064,339,248,91
108000065,623,377,246
108000066,1486,856,630
108000067,2320,830,1490
108000068,1015,482,533
108000069,279,564,-285
108000070,2529,771,1758
108000071,619,999,-380
108000072,2206,1060,1146
108000073,1161,1113,48
108000074,769,479,290
108000075,344,558,-214
108000076,955,607,348
108000077,597,454,143
108000078,2917,1157,1760
108000079,710,930,-220
108000080,1924,564,1360
108000081,550,776,-226
108000082,757,1200,-443
108000083,2200,1015,1185
108000084,381,709,-328
108000085,1016,562,454
108000086,622,405,217
108000087,208,2586,-2378
108000088,243,20,223
108000089,423,377,46
108000090,529,184,345
108000091,343,351,-8
108000092,259,80,179
108000093,289,265,24
108000094,777,72,705
108000095,205,173,32
108000096,498,170,328
108000097,190,216,-26
108000098,2339,1110,1229
108000099,352,79,273
108000100,96,236,-140
108000101,1776,1619,157
108000102,1761,3830,-2069
108000106,898,4,894
108000107,1,921,-920
108000108,740,80,660
108000109,11,617,-606
108000110,377,325,52
108000111,227,419,-192
108000112,68,187,-119
108000113,296,162,134
108000115,375,333,42
108000117,642,440,202
108000118,33,352,-319
108000119,462,260,202
108000120,158,862,-704
108000121,207,278,-71
108000122,775,333,442
108000123,919,153,766
108000124,451,438,13
108000125,573,179,394
108000126,187,282,-95
108000127,650,225,425
108000128,880,255,625
108000129,466,502,-36
108000130,662,203,459
108000131,1031,512,519
108000132,1207,872,335
108000133,1230,517,713
108000134,515,381,134
108000135,1540,577,963
108000136,340,571,-231
108000137,723,196,527
108000138,674,483,191
108000139,730,193,537
108000140,216,21,195
108000141,47,19,28
108000142,68,39,29
108000143,47,16,31
108000144,88,12,76
108000145,48,4,44
108000146,168,12,156
108000147,49,13,36
108000148,121,8,113
108000149,22,7,15
108000150,99,5,94
108000151,38,5,33
108000152,128,220,-92
108000153,838,154,684
108000154,43,8,35
108000155,39,24,15
108000156,310,139,171
108000157,198,1581,-1383
108000158,65,979,-914
108000159,271,202,69
108000160,1614,1125,489
108000161,1490,4249,-2759
108000165,4,355,-351
108000172,2,295,-293
108000173,789,2300,-1511
108000175,517,113,404
108000178,380,337,43
108000179,159,1069,-910
108000181,91,28,63
108000182,121,18,103
108000183,7,37,-30
108000184,641,2858,-2217
108000185,303,235,68
108000186,230,49,181
108000187,191,267,-76
108000188,1060,202,858
108000189,352,1648,-1296
108000190,34,86,-52
108000192,265,261,4
108000193,512,49,463
108000194,34,22,12
108000195,2,540,-538
108000196,461,140,321
108000198,581,100,481
108000199,2,469,-467
108000200,642,235,407
108000202,3,558,-555
108000203,228,295,-67
108000204,255,90,165
108000205,215,257,-42
108000339,912,356,556
108000364,85,281,-196
108000365,52,279,-227
108000367,212,217,-5
108000368,12,57,-45
108000369,529,250,279
108000371,1,531,-530
108000372,759,4,755
108000373,266,113,153
108000376,180,59,121
108000377,775,163,612
108000378,9365,11766,-2401
108000379,60,180,-120
108000381,127,11,116
108000382,72,1,71
108000383,3,296,-293
108900001,82,502,-420
108900002,218,75,143
108900003,236,481,-245
108900004,174,434,-260
108900005,70,516,-446
108900006,860,183,677
108900007,499,215,284
108900008,185,98,87
108900009,149,116,33
108900010,399,143,256
108900011,874,352,522
108900012,582,334,248
108900013,216,270,-54
108900014,19,141,-122
108900015,4,411,-407
108900016,4,194,-190
108900017,245,436,-191
108900018,229,282,-53
108900019,52,238,-186
108900020,63,92,-29
108900021,178,127,51
108900022,141,11,130
108900023,3,49,-46
108900024,66,52,14
108900025,236,59,177
108900026,21,61,-40
108900027,0,38,-38
108900028,152,118,34
108900029,81,148,-67
108900030,0,47,-47
108900031,152,161,-9
108900032,2,120,-118
108900033,3,648,-645
108900034,0,104,-104
108900035,316,593,-277
108900036,145,211,-66
108900037,42,178,-136
108900038,1,342,-341
108900039,0,193,-193
108900040,14,57,-43
108900041,3495,3736,-241
108900042,7,492,-485
108900043,38,287,-249
108900044,1,187,-186
108900045,107,191,-84
108900046,91,358,-267
108900047,0,225,-225
108900048,110,461,-351
108900049,1259,1881,-622
108900050,4,95,-91
108900051,0,87,-87
108900052,29,116,-87
108900053,61,310,-249
108900054,71,158,-87
108900055,78,343,-265
108900056,0,80,-80
108900057,5,58,-53
108900058,34,182,-148
108900059,622,96,526
108900060,94,218,-124
108900061,64,37,27
108900062,4,152,-148
108900063,35,95,-60
108900064,397,36,361
108900065,6,98,-92
108900066,529,159,370
108900067,16,120,-104
108900068,4,54,-50
108900069,139,37,102
108900070,67,77,-10
108900071,116,69,47
108900072,1586,523,1063
108900073,31,92,-61
108900074,266,74,192
108900075,24,46,-22
108900076,566,62,504
108900077,115,259,-144
108900078,74,49,25
108900079,414,142,272
108900080,29,1056,-1027
108900081,53,212,-159
108900082,148,53,95
108900083,17,339,-322
108900084,339,157,182
108900085,1074,134,940
108900086,177,60,117
108900087,107,138,-31
108900088,971,453,518
108900089,27,258,-231
108900090,87,86,1
108900091,88,63,25
108900092,644,347,297
108900093,146,147,-1
108900094,285,98,187
108900095,200,236,-36
108900096,207,13,194
108900097,350,116,234
108900098,1364,1067,297
108900099,542,105,437
108900100,85,90,-5
108900101,221,339,-118
108900102,76,1495,-1419
108900103,121,137,-16
108900104,86,316,-230
108900105,7,1783,-1776
108900106,680,173,507
108900108,436,52,384
108900109,247,72,175
108900110,279,174,105
108900111,661,254,407
108900112,420,22,398
108900113,37,88,-51
108900114,21,9,12
108900115,161,73,88
108900116,75,18,57
108900117,301,37,264
108900118,811,32,779
108900119,468,33,435
108900120,251,264,-13
108900121,367,155,212
108900122,167,30,137
108900123,139,152,-13
108900124,678,289,389
108900125,715,13,702
108900126,276,66,210
108900127,247,39,208
108900128,226,77,149
108900129,1077,197,880
108900130,602,8,594
108900131,638,13,625
108900132,604,65,539
108900133,398,59,339
108900134,670,156,514
108900135,291,12,279
108900136,50,2,48
108900137,269,4,265
108900138,1037,59,978
108900139,736,46,690
108900140,517,115,402
108900141,569,12,557
108900142,114,4,110
108900143,146,1,145
108900144,177,1,176
108900145,319,20,299
108900146,165,0,165
108900147,328,0,328
108900148,46,22,24
108900149,432,206,226
108900150,331,9,322
108900151,101,47,54
108900152,222,33,189
108900153,276,135,141
108900154,5546,420,5126
108900155,361,76,285
108900156,113,7,106
108900157,22,371,-349
108900158,583,68,515
108900159,5,90,-85
108900160,17,184,-167
108900161,17,220,-203
108900162,171,0,171
108900163,9,401,-392
108900164,67,56,11
108900165,124,61,63
108900167,898,9941,-9043
108900168,4446,2826,1620
108900169,97,106,-9
108900171,3069,3832,-763
108900172,201,65,136
108900173,157,335,-178
108900174,1262,505,757
108900176,75,300,-225
108900177,5154,7989,-2835
108900178,2977,4380,-1403
108900179,443,2249,-1806
108900180,159,412,-253
108900182,42,420,-378
108900183,317,175,142
108900184,622,289,333
108900185,104,343,-239
108900186,115,443,-328
108900187,637,54,583
108900188,914,34,880
108900189,476,135,341
108900190,116,1496,-1380
108900191,233,56,177
108900192,133,146,-13
108900193,95,43,52
108900194,5,307,-302
108900195,109,129,-20
108900196,53,180,-127
108900198,18,190,-172
108900199,245,252,-7
108900200,804,409,395
108900201,535,1018,-483
108900203,592,133,459
108900204,458,23,435
108900205,255,52,203
108900206,523,89,434
108900207,220,207,13
108900208,20,291,-271
108900209,159,434,-275
108900210,219,129,90
108900211,183,621,-438
108900212,351,1998,-1647
108900215,66,226,-160
108900216,337,434,-97
108900217,66,1,65
108900218,97,18,79
108900219,74,10,64
108900220,80,17,63
108900221,76,158,-82
108900222,353,20,333
108900223,6,81,-75
108900224,43,137,-94
108900225,0,174,-174
108900226,439,19,420
108900227,134,494,-360
108900230,182,198,-16
108900231,44,162,-118
108900232,5,146,-141
108900233,535,122,413
108900234,352,171,181
108900235,175,491,-316
108900236,25,269,-244
108900237,51,146,-95
108900240,143,115,28
108900241,44,70,-26
108900245,14,1677,-1663
108900249,141,39,102
108900250,263,119,144
108900257,262,243,19
108900258,9,109,-100
108900259,45,33,12
108900260,2,50,-48
108900261,55,76,-21
108900262,102,102,0
108900263,39,138,-99
108900264,272,217,55
108900265,1107,680,427
108900266,359,1156,-797
108900267,5,218,-213
108900268,7,11,-4
108900269,121,17,104
108900270,141,7,134
108900271,115,14,101
108900272,393,16,377
108900273,413,1179,-766
108900274,54,37,17
109000001,2736,2618,118
109000002,1115,2608,-1493
109000003,3092,390,2702
109000004,585,1887,-1302
109000005,2792,590,2202
109000006,888,1713,-825
109000007,2008,666,1342
109000008,707,1503,-796
109000009,3413,1382,2031
109000010,1041,3083,-2042
109000011,4354,2386,1968
109000012,2133,2498,-365
109000013,4819,4367,452
109000014,2175,2202,-27
109000015,4043,9996,-5953
109000016,5248,2221,3027
109000017,3313,1225,2088
109000018,1436,1816,-380
109000019,3016,1341,1675
109000020,1036,1486,-450
109000023,264,31,233
109000024,17,202,-185
109000025,351,609,-258
109000026,461,423,38
109000027,158,370,-212
109000028,114,88,26
109000029,117,317,-200
109000030,54,426,-372
109000031,357,173,184
109000032,147,456,-309
109000033,437,226,211
109000034,59,76,-17
109000035,17,67,-50
109000036,169,337,-168
109000037,362,2629,-2267
109000038,393,359,34
109000039,1191,1222,-31
109000040,3443,13928,-10485
109000041,1779,2509,-730
109000042,429,1558,-1129
109000044,515,78,437
109000045,139,305,-166
109000046,513,79,434
109000047,79,346,-267
109000048,741,353,388
109000049,200,490,-290
109000050,484,304,180
109000051,237,186,51
109000052,646,409,237
109000053,351,85,266
109000054,471,272,199
109000055,408,322,86
109000056,368,289,79
109000057,1089,533,556
109000058,508,204,304
109000059,361,1253,-892
109000060,234,378,-144
109000061,544,1798,-1254
109000062,199,397,-198
109000063,259,134,125
109000064,394,191,203
109000065,243,103,140
109000066,536,48,488
109000067,66,205,-139
109000068,972,7,965
109000069,886,24,862
109000070,47,2071,-2024
109000071,446,102,344
109000072,91,312,-221
109000073,98,79,19
109000074,20,138,-118
109000075,75,261,-186
109000076,129,276,-147
109000077,304,204,100
109000078,85,141,-56
109000079,135,105,30
109000080,280,74,206
109000081,153,319,-166
109000082,941,132,809
109000083,340,360,-20
109000088,156,310,-154
109000089,367,107,260
109000090,157,313,-156
109000091,509,282,227
109000092,334,329,5
109000093,443,233,210
109000094,764,2,762
109000095,99,259,-160
109000096,932,265,667
109000097,118,122,-4
109000098,62,139,-77
109000099,1000,285,715
109000100,278,611,-333
109000101,2106,543,1563
109000102,544,641,-97
109000103,704,511,193
109000104,2520,461,2059
109000105,488,792,-304
109000106,2411,726,1685
109000107,639,1312,-673
109000108,2634,577,2057
109000109,568,1017,-449
109000110,1509,546,963
109000111,836,1390,-554
109000112,457,114,343
109000113,376,172,204
109000114,216,317,-101
109000115,915,20,895
109000116,10,277,-267
109000117,289,22,267
109000118,4,282,-278
109000119,2152,84,2068
109000120,328,441,-113
109000121,839,19,820
109000122,161,337,-176
109000123,52,51,1
109000124,900,299,601
109000125,1225,270,955
109000126,581,376,205
109000127,1405,191,1214
109000128,616,634,-18
109000129,3526,876,2650
109000130,438,864,-426
109000131,1199,845,354
109000132,587,1229,-642
109000133,366,634,-268
109000134,749,998,-249
109000135,760,1912,-1152
109000136,245,193,52
109000137,365,332,33
109000138,515,188,327
109000139,692,292,400
109000140,229,185,44
109000141,774,349,425
109000142,149,492,-343
109000143,121,96,25
109000145,126,275,-149
109000146,63,101,-38
109000148,1871,2693,-822
109000149,26,112,-86
109000150,53,286,-233
109000155,1129,800,329
109000156,996,449,547
109000158,131,305,-174
109000159,182,456,-274
109000160,1528,209,1319
109000161,420,686,-266
109000162,2426,553,1873
109000163,1618,1223,395
109000164,1686,1726,-40
109000165,1630,444,1186
109000166,1031,106,925
109000167,144,328,-184
109000170,49,31,18
109000171,88,57,31
109000172,40,64,-24
109000173,36,146,-110
109000174,205,34,171
109000175,44,65,-21
109000176,400,143,257
109000177,28,79,-51
109000178,1150,327,823
109000179,2802,6747,-3945
109000180,3837,4245,-408
109000181,53,13,40
109000182,52,17,35
109000183,51,20,31
109000184,48,13,35
109000185,24,29,-5
109000188,567,969,-402
109000189,3695,544,3151
109000190,970,442,528
109000191,395,389,6
109000192,597,155,442
109000193,269,120,149
109000194,389,47,342
109000195,197,140,57
109000196,323,105,218
109000197,281,233,48
109000198,421,61,360
109000199,152,271,-119
109000206,231,31,200
109000207,186,28,158
109000208,180,106,74
109000209,148,111,37
109000210,145,434,-289
109000211,1107,369,738
109000214,449,214,235
109000215,114,69,45
109000216,408,327,81
109000217,400,254,146
109000218,496,274,222
109000221,311,721,-410
109000222,915,245,670
109000223,516,380,136
109000224,41,50,-9
109000225,120,24,96
109000226,89,121,-32
109000227,1708,674,1034
109000228,3,3194,-3191
109000231,567,150,417
109000232,599,161,438
109000236,340,518,-178
109000241,2383,1376,1007
109000242,1701,829,872
109000293,33,80,-47
109000361,90,201,-111
109000364,206,344,-138
109000396,2,319,-317
109000397,653,3,650
109000399,169,261,-92
109000400,157,129,28
109000403,46,1318,-1272
109000406,393,5,388
109000407,300,182,118
109000408,3,419,-416
109000410,1119,175,944
109000411,238,11,227
109900001,159,0,159
109900002,1312,22,1290
109900003,420,2,418
109900004,452,95,357
109900005,47,6,41
109900006,604,215,389
109900007,1387,266,1121
109900008,0,29,-29
109900009,144,238,-94
109900010,691,76,615
109900011,81,67,14
109900012,469,192,277
109900013,491,192,299
109900014,468,69,399
109900015,355,200,155
109900016,198,13,185
109900017,251,260,-9
109900018,281,35,246
109900019,392,41,351
109900020,55,49,6
109900021,40,18,22
109900022,107,228,-121
109900023,16,5,11
109900024,18,1,17
109900025,15,20,-5
109900026,8,184,-176
109900027,48,38,10
109900028,492,1553,-1061
109900029,3,191,-188
109900030,75,11,64
109900031,0,367,-367
109900032,7,187,-180
109900033,3,423,-420
109900034,59,2,57
109900035,38,29,9
109900036,27,24,3
109900037,37,323,-286
109900038,128,217,-89
109900039,13,1,12
109900040,45,339,-294
109900041,90,241,-151
109900042,89,3295,-3206
109900044,214,168,46
109900045,127,124,3
109900046,31,47,-16
109900047,348,257,91
109900048,2,79,-77
109900049,20,25,-5
109900050,0,63,-63
109900051,1,18,-17
109900052,94,180,-86
109900053,3,111,-108
109900054,1191,222,969
109900055,97,185,-88
109900056,24,371,-347
109900057,1,79,-78
109900058,1,53,-52
109900059,1350,107,1243
109900060,743,86,657
109900061,53,173,-120
109900062,0,95,-95
109900063,8,384,-376
109900064,743,197,546
109900065,50,114,-64
109900066,253,424,-171
109900067,0,109,-109
109900068,103,8,95
109900069,5,28,-23
109900070,34,145,-111
109900071,7,26,-19
109900072,8,102,-94
109900073,711,241,470
109900074,16,22,-6
109900075,45,44,1
109900076,15,81,-66
109900077,35,31,4
109900078,112,154,-42
109900080,144,165,-21
109900081,10,198,-188
109900082,68,189,-121
109900083,26,69,-43
109900084,60,83,-23
109900085,160,321,-161
109900086,168,712,-544
109900087,182,480,-298
109900089,831,214,617
109900090,379,789,-410
109900091,440,42,398
109900092,924,90,834
109900093,1350,159,1191
109900094,81,91,-10
109900095,221,182,39
109900096,47,13,34
109900097,121,3,118
109900098,752,42,710
109900099,324,2,322
109900100,122,3,119
109900101,930,22,908
109900102,596,31,565
109900103,51,35,16
109900104,1022,234,788
109900105,693,30,663
109900106,457,52,405
109900107,1223,73,1150
109900108,330,349,-19
109900109,55,401,-346
109900110,100,195,-95
109900111,211,509,-298
109900112,180,276,-96
109900113,1020,713,307
109900114,1141,1643,-502
109900115,205,86,119
109900117,1334,124,1210
109900118,159,314,-155
109900119,368,334,34
109900120,163,28,135
109900121,306,508,-202
109900122,671,4,667
109900123,21,85,-64
109900124,62,259,-197
109900125,2,205,-203
109900126,414,50,364
109900128,577,33,544
109900130,3521,3532,-11
109900131,27,92,-65
109900132,22,79,-57
109900133,93,175,-82
109900134,122,154,-32
109900135,234,43,191
109900136,144,107,37
109900137,239,170,69
109900140,198,83,115
109900142,1863,264,1599
109900145,5,612,-607
109900146,310,50,260
109900148,28,124,-96
109900149,36,56,-20
109900150,14,59,-45
109900151,20,20,0
109900152,1,21,-20
109900153,3,61,-58
109900154,29,0,29
109900155,70,13,57
109900157,73,135,-62
109900158,49,123,-74
109900159,130,57,73
109900160,214,70,144
109900161,295,112,183
109900162,323,144,179
109900163,456,289,167
109900164,59,226,-167
109900165,514,12,502
109900166,2,112,-110
109900167,193,275,-82
109900168,297,482,-185
109900169,307,105,202
109900170,242,1439,-1197
109900171,275,59,216
109900172,280,346,-66
109900173,1410,3022,-1612
109900174,67,73,-6
109900175,138,77,61
109900176,120,74,46
109900177,44,111,-67
109900178,4,310,-306
109900179,76,27,49
109900180,29,16,13
110000001,743,394,349
110000002,571,767,-196
110000003,838,644,194
110000004,502,836,-334
110000005,425,1856,-1431
110000006,215,307,-92
110000007,131,90,41
110000008,44,76,-32
110000009,51,26,25
110000010,42,85,-43
110000011,51,64,-13
110000012,704,252,452
110000013,44,703,-659
110000014,488,376,112
110000015,223,617,-394
110000016,287,1832,-1545
110000017,3650,277,3373
110000018,2754,323,2431
110000019,21,74,-53
110000020,673,207,466
110000021,350,620,-270
110000022,1178,160,1018
110000023,8,100,-92
110000024,603,575,28
110000025,618,11,607
110000026,7,193,-186
110000027,1087,1468,-381
110000028,1149,568,581
110000029,487,449,38
110000030,367,349,18
110000031,344,283,61
110000032,850,332,518
110000033,317,397,-80
110000034,659,608,51
110000035,818,516,302
110000036,1377,817,560
110000037,269,614,-345
110000038,332,747,-415
110000039,966,4652,-3686
110000040,302,231,71
110000041,375,2333,-1958
110000042,88,995,-907
110000043,996,364,632
110000044,79,2445,-2366
110000045,567,398,169
110000046,0,47,-47
110000047,21,284,-263
110000048,9,133,-124
110000049,27,42,-15
110000050,2,83,-81
110000051,32,24,8
110000052,31,25,6
110000053,54,19,35
110000054,123,880,-757
110000055,355,149,206
110000056,84,154,-70
110000057,317,500,-183
110000058,1083,475,608
110000059,1078,474,604
110000060,1329,1142,187
110000061,746,694,52
110000062,659,719,-60
110000063,40,218,-178
110000064,59,31,28
110000065,159,114,45
110000066,143,26,117
110000067,99,114,-15
110000068,332,50,282
110000069,558,64,494
110000071,377,61,316
110000073,43,24,19
110000075,13,90,-77
110000076,334,432,-98
110000077,298,1203,-905
110000078,59,21,38
110000080,235,456,-221
110000081,67,242,-175
110000082,36,452,-416
110000083,253,408,-155
110000084,1561,1165,396
110000085,1094,1310,-216
110000086,1269,2766,-1497
110000087,20,55,-35
110000088,147,209,-62
110000089,366,59,307
110000090,188,232,-44
110000091,737,218,519
110000092,50,48,2
110000093,43,24,19
110000094,503,227,276
110000095,192,746,-554
110000096,1356,1943,-587
110000097,1165,1724,-559
110000098,2056,637,1419
110000099,657,1358,-701
110000100,1387,280,1107
110000101,24,137,-113
110000102,96,51,45
110000104,479,185,294
110000105,76,220,-144
110000106,654,549,105
110000107,177,280,-103
110000108,124,135,-11
110000109,213,255,-42
110000110,1698,4281,-2583
110000111,3178,3180,-2
110000112,466,1335,-869
110000113,125,2556,-2431
110000114,322,1112,-790
110000115,453,446,7
110000116,52,60,-8
110000117,338,214,124
110000118,578,104,474
110000119,429,224,205
110000120,449,157,292
110000121,80,451,-371
110000122,353,398,-45
110000123,622,711,-89
110000124,2,666,-664
110000125,1075,10,1065
110000126,284,19,265
110000127,1249,69,1180
110000128,64,875,-811
110000129,5,384,-379
110000130,325,243,82
110000131,107,252,-145
110000132,1,436,-435
110000133,25,381,-356
110000134,20,357,-337
110000135,139,26,113
110000136,71,291,-220
110000137,677,396,281
110000138,1043,481,562
110000139,1043,541,502
110000140,857,761,96
110000143,574,351,223
110000144,3687,2530,1157
110000145,2070,2050,20
110000146,2455,1376,1079
110000147,540,826,-286
110000148,741,181,560
110000151,920,1348,-428
110000152,675,478,197
110000153,258,27,231
110000154,55,35,20
110000155,1200,3788,-2588
110000156,1082,2745,-1663
110000157,2145,3035,-890
110000160,422,330,92
110000161,200,173,27
110000166,887,116,771
110000167,1122,651,471
110000168,1259,666,593
110000169,1157,360,797
110000170,195,64,131
110000171,791,131,660
110000172,209,492,-283
110000173,686,709,-23
110000174,160,513,-353
110000175,1123,66,1057
110000176,178,545,-367
110000177,274,1100,-826
110000178,425,2049,-1624
110000179,1196,314,882
110000180,307,266,41
110000181,728,348,380
110000182,251,118,133
110000183,7143,9141,-1998
110000184,355,3038,-2683
110000185,853,1112,-259
110000186,690,786,-96
110000191,1588,163,1425
110000192,1098,20,1078
110000193,1826,27,1799
110000194,8,494,-486
110000195,644,135,509
110000196,583,118,465
110000197,138,75,63
110000198,78,36,42
110000199,81,126,-45
110000200,978,303,675
110000201,1301,1306,-5
110000202,1412,621,791
110000203,512,387,125
110000204,6,141,-135
110000205,214,35,179
110000206,552,695,-143
110000207,1511,392,1119
110000208,264,320,-56
110000209,83,1864,-1781
110000210,1778,441,1337
110000211,947,1441,-494
110000212,687,1183,-496
110000213,367,51,316
110000214,390,62,328
110000215,191,178,13
110000216,141,146,-5
110000217,534,105,429
110000218,261,154,107
110000219,540,39,501
110000220,76,127,-51
110000221,570,38,532
110000222,67,129,-62
110000223,3,122,-119
110000224,12,8,4
110000225,285,835,-550
110000226,305,62,243
110000227,596,1317,-721
110000228,237,79,158
110000229,0,176,-176
110000230,649,1090,-441
110000231,203,277,-74
110000232,288,252,36
110000233,273,325,-52
110000234,649,2426,-1777
110000235,1360,1197,163
110000236,737,564,173
110000237,2184,2199,-15
110000238,1232,1149,83
110000239,2078,933,1145
110000240,0,49,-49
110000242,0,28,-28
110000243,201,63,138
110000244,170,858,-688
110000245,36,500,-464
110000246,1090,414,676
110000247,1009,2926,-1917
110000248,1413,997,416
110000249,116,11,105
110000250,46,116,-70
110000251,443,318,125
110000252,417,101,316
110000253,1884,492,1392
110000254,644,583,61
110000255,214,553,-339
110000256,563,261,302
110000257,493,325,168
110000258,6,321,-315
110000259,234,17,217
110000260,41,132,-91
110000263,525,73,452
110000264,504,271,233
110000265,1299,1812,-513
110000266,1454,2675,-1221
110000267,32,135,-103
110000268,310,422,-112
110000269,13,61,-48
110000270,115,13,102
110000271,1064,231,833
110000272,1237,1119,118
110000273,1898,1541,357
110000274,299,2127,-1828
110000275,1518,672,846
110000276,424,532,-108
110000277,467,306,161
110000278,507,513,-6
110000279,928,553,375
110000280,818,437,381
110000281,88,333,-245
110000282,134,13,121
110000283,16,121,-105
110000284,13,39,-26
110000285,8,701,-693
110000286,5,1,4
110000287,139,0,139
110000288,42,90,-48
110000289,617,2825,-2208
110000290,582,648,-66
110000291,2835,944,1891
110000292,1029,6067,-5038
110000293,677,387,290
110000294,1466,1265,201
110000295,140,488,-348
110000296,622,239,383
110000297,2703,293,2410
110000298,164,342,-178
110000299,94,106,-12
110000301,404,39,365
110000302,492,864,-372
110000303,563,17,546
110000304,257,136,121
110000305,1712,37,1675
110000306,301,737,-436
110000307,2087,12,2075
110000308,642,8,634
110000309,6,487,-481
110000310,877,54,823
110000311,9,489,-480
110000312,517,101,416
110000313,2062,2171,-109
110000314,1,160,-159
110000315,2273,2653,-380
110000316,466,1353,-887
110000317,290,1976,-1686
110000318,1,44,-43
110000319,40,21,19
110000320,60,119,-59
110000321,12,54,-42
110000322,353,396,-43
110000323,725,255,470
110000324,2750,1824,926
110000325,2316,4157,-1841
110000327,476,402,74
110000328,194,563,-369
110000333,1336,1091,245
110000334,907,1224,-317
110000335,1056,672,384
110000336,822,762,60
110000337,2129,725,1404
110000338,628,222,406
110000339,414,183,231
110000340,193,134,59
110000341,619,328,291
110000342,182,4,178
110000343,0,13,-13
110000344,509,243,266
110000345,515,372,143
110000346,1913,1842,71
110000347,1422,728,694
110000348,20,15,5
110000349,4,24,-20
110000350,91,10,81
110000351,1557,595,962
110000352,823,1554,-731
110000353,3601,488,3113
110000354,1056,3712,-2656
110000355,177,77,100
110000356,1588,9,1579
110000357,524,9,515
110000361,71,33,38
110000362,134,32,102
110000363,722,91,631
110000364,336,429,-93
110000365,157,4,153
110000366,3,117,-114
110000367,508,188,320
110000368,5,57,-52
110000369,123,3,120
110000373,0,250,-250
110000374,244,30,214
110000375,122,855,-733
110000376,30,133,-103
110000377,78,495,-417
110000378,10,480,-470
110000379,2572,2110,462
110000380,96,6,90
110000383,0,937,-937
110000384,769,547,222
110000385,1,168,-167
110000387,130,4,126
110000388,62,153,-91
110000389,939,26,913
110000391,1252,178,1074
110000396,330,62,268
110000397,150,64,86
110000398,4,21,-17
110000399,165,1,164
110000587,196,107,89
110000589,235,129,106
110000640,233,56,177
110000652,11,408,-397
110000653,363,326,37
110000654,46,1517,-1471
110000656,1,227,-226
110000674,33,43,-10
110000675,23,48,-25
110000676,9,39,-30
110000679,89,1330,-1241
110000682,132,207,-75
110000683,261,390,-129
110000684,1,46,-45
110000685,2,19,-17
110000686,1,56,-55
110000687,28,4,24
110000688,44,1604,-1560
110000689,43,28,15
110000692,41,283,-242
110000693,68,494,-426
110000694,0,164,-164
110000695,256,902,-646
110000696,32,45,-13
110900001,322,28,294
110900002,324,263,61
110900003,1155,260,895
110900004,679,62,617
110900005,1370,3593,-2223
110900006,78,16,62
110900007,221,45,176
110900008,13,22,-9
110900009,538,280,258
110900010,13,28,-15
110900011,25,53,-28
110900012,35,59,-24
110900013,1291,123,1168
110900014,301,15,286
110900015,326,902,-576
110900016,74,76,-2
110900017,613,36,577
110900018,390,57,333
110900019,360,24,336
110900020,190,164,26
110900021,101,265,-164
110900022,67,138,-71
110900023,117,618,-501
110900024,15,154,-139
110900025,22,65,-43
110900027,44,173,-129
110900028,49,155,-106
110900029,56,131,-75
110900030,48,124,-76
110900031,1,82,-81
110900032,3,36,-33
110900033,52,164,-112
110900035,6,395,-389
110900036,107,14,93
110900037,93,21,72
110900038,786,157,629
110900039,9,193,-184
110900040,308,16,292
110900041,30,78,-48
110900042,211,41,170
110900043,4,50,-46
110900044,265,33,232
110900045,44,202,-158
110900046,15,109,-94
110900047,389,513,-124
110900049,142,181,-39
110900050,56,7,49
110900051,41,129,-88
110900052,4,134,-130
110900053,157,27,130
110900054,53,157,-104
110900055,28,9,19
110900056,32,125,-93
110900057,13,56,-43
110900058,382,202,180
110900059,397,197,200
110900060,503,196,307
110900061,24,74,-50
110900062,253,158,95
110900063,46,110,-64
110900064,24,0,24
110900065,119,122,-3
110900066,10,80,-70
110900067,333,674,-341
110900068,253,181,72
110900069,9,15,-6
110900071,173,939,-766
110900073,0,16,-16
110900074,687,109,578
110900075,522,78,444
110900077,1410,465,945
110900078,77,27,50
110900079,1336,1578,-242
110900080,208,79,129
110900081,15,22,-7
110900082,181,47,134
110900083,187,59,128
110900084,76,42,34
110900085,125,153,-28
110900086,62,369,-307
110900087,458,125,333
110900088,9,1,8
110900090,81,86,-5
110900091,2,39,-37
110900093,253,93,160
110900095,98,35,63
110900097,22,17,5
110900098,50,55,-5
110900099,110,352,-242
110900100,0,13,-13
110900102,102,9,93
110900105,2624,158,2466
110900108,20,30,-10
110900111,647,149,498
110900112,940,14,926
110900113,300,46,254
110900115,3,46,-43
110900116,1239,748,491
110900118,78,4140,-4062
110900119,1469,206,1263
110900120,60,52,8
110900121,229,1,228
110900122,546,221,325
110900125,428,470,-42
110900127,517,1486,-969
110900128,290,344,-54
110900129,203,981,-778
110900130,573,614,-41
110900131,368,120,248
110900132,625,131,494
110900133,127,239,-112
110900135,62,220,-158
110900136,444,17,427
110900137,38,4,34
110900138,610,1913,-1303
110900139,10,609,-599
110900140,35,9,26
110900141,9,368,-359
110900142,67,87,-20
110900143,267,95,172
110900144,1,275,-274
110900145,254,100,154
110900146,267,357,-90
110900147,84,665,-581
110900148,1,174,-173
110900149,21,41,-20
110900150,37,25,12
110900151,5,112,-107
110900152,36,86,-50
110900153,221,187,34
111000001,869,409,460
111000002,618,424,194
111000003,1716,859,857
111000004,469,690,-221
111000005,1386,1523,-137
111000006,947,1741,-794
111000007,5472,3662,1810
111000008,1662,2979,-1317
111000009,367,743,-376
111000010,1252,331,921
111000011,220,977,-757
111000012,514,504,10
111000013,522,1068,-546
111000014,1834,554,1280
111000017,206,1055,-849
111000018,234,369,-135
111000020,1041,1410,-369
111000021,57,112,-55
111000023,129,103,26
111000025,7184,4602,2582
111000029,58,191,-133
111000030,46,91,-45
111000031,2335,1337,998
111000032,874,342,532
111000033,373,264,109
111000034,64,274,-210
111000037,1157,507,650
111000038,2873,1899,974
111000039,1630,1575,55
111000040,1578,1648,-70
111000041,719,888,-169
111000042,1950,1950,0
111000043,2149,4687,-2538
111000044,1919,1132,787
111000045,3220,2647,573
111000046,2011,1668,343
111000047,3372,5642,-2270
111000049,498,426,72
111000050,1172,983,189
111000051,589,762,-173
111000052,610,1241,-631
111000053,338,669,-331
111000054,360,557,-197
111000055,1166,1346,-180
111000056,180,320,-140
111000057,122,312,-190
111000058,695,64,631
111000059,748,295,453
111000060,4818,966,3852
111000061,890,335,555
111000062,1252,447,805
111000063,2276,1155,1121
111000064,1019,650,369
111000065,1633,1027,606
111000066,781,433,348
111000067,780,420,360
111000068,682,719,-37
111000069,1618,1569,49
111000070,714,557,157
111000071,223,429,-206
111000072,1853,737,1116
111000073,350,1236,-886
111000074,1994,1877,117
111000075,1089,532,557
111000076,634,737,-103
111000077,1533,1563,-30
111000078,2536,1113,1423
111000079,992,572,420
111000080,627,526,101
111000081,1442,4543,-3101
111000082,882,519,363
111000084,925,525,400
111000085,1035,943,92
111000086,3588,871,2717
111000087,784,469,315
111000088,5783,3049,2734
111000089,816,669,147
111000090,687,1213,-526
111000091,842,340,502
111000092,1976,690,1286
111000093,926,1061,-135
111000094,2048,1062,986
111000095,766,2403,-1637
111000096,981,8622,-7641
111000097,4348,1396,2952
111000098,753,836,-83
111000099,522,1095,-573
111000100,493,852,-359
111000101,421,597,-176
111000102,386,480,-94
111000104,977,244,733
111000107,119,958,-839
111000109,1154,344,810
111000110,2086,679,1407
111000111,3253,360,2893
111000112,2425,600,1825
111000113,969,2099,-1130
111000114,1832,4231,-2399
111000115,3550,1040,2510
111000116,1129,796,333
111000117,332,798,-466
111000118,1177,582,595
111000119,1494,687,807
111000120,700,637,63
111000121,328,760,-432
111000122,594,962,-368
111000123,1342,1550,-208
111000124,482,1536,-1054
111000125,301,660,-359
111000126,79,445,-366
111000127,1422,127,1295
111000128,2961,377,2584
111000129,3979,528,3451
111000130,3090,595,2495
111000131,2725,484,2241
111000132,2393,1279,1114
111000133,250,93,157
111000134,184,77,107
111000135,106,181,-75
111000136,376,278,98
111000138,23,10,13
111000140,0,3,-3
111000141,193,611,-418
111000142,28,536,-508
111000143,4,724,-720
111000144,256,4832,-4576
111000145,287,69,218
111000146,103,28,75
111000147,161,35,126
111000148,212,142,70
111000149,3,20,-17
111000150,44,5,39
111000151,4,10,-6
111000153,543,594,-51
111000154,408,196,212
111000155,144,167,-23
111000156,947,661,286
111000157,191,880,-689
111000158,1104,784,320
111000159,5461,1048,4413
111000160,720,516,204
111000161,21,732,-711
111000162,24,157,-133
111000163,880,739,141
111000164,590,2857,-2267
111000165,635,342,293
111000166,704,231,473
111000167,128,322,-194
111000168,237,385,-148
111000169,345,438,-93
111000170,308,293,15
111000171,437,433,4
111000172,211,276,-65
111000173,482,522,-40
111000174,247,128,119
111000175,85,484,-399
111000176,522,77,445
111000177,663,132,531
111000178,2152,249,1903
111000179,342,121,221
111000180,329,432,-103
111000181,1887,195,1692
111000182,202,157,45
111000183,480,229,251
111000184,379,196,183
111000185,358,287,71
111000186,489,167,322
111000187,191,130,61
111000188,360,344,16
111000189,614,486,128
111000190,220,268,-48
111000191,162,209,-47
111000192,216,273,-57
111000193,296,142,154
111000194,77,199,-122
111000195,183,194,-11
111000196,78,97,-19
111000197,643,105,538
111000198,609,67,542
111000199,397,126,271
111000200,696,283,413
111000201,1021,214,807
111000202,488,207,281
111000203,552,359,193
111000204,361,1632,-1271
111000213,169,444,-275
111000214,1424,946,478
111000215,1140,938,202
111000217,1918,803,1115
111000218,1501,1017,484
111000219,267,137,130
111000220,822,686,136
111000221,430,156,274
111000224,1,198,-197
111000225,446,439,7
111000226,99,4,95
111000227,17,0,17
111000228,40,649,-609
111000229,147,1390,-1243
111000230,207,194,13
111000231,1183,323,860
111000232,1043,654,389
111000233,1412,500,912
111000234,210,590,-380
111000239,65,108,-43
111000240,68,290,-222
111000241,39,202,-163
111000242,371,62,309
111000243,162,274,-112
111000244,794,78,716
111000245,1037,244,793
111000246,717,165,552
111000247,699,407,292
111000248,833,348,485
111000249,657,296,361
111000250,51,52,-1
111000251,62,106,-44
111000253,21,15,6
111000255,64,9,55
111000257,78,27,51
111000260,96,1103,-1007
111000261,1939,91,1848
111000271,40,245,-205
111000273,2445,920,1525
111000274,1595,2563,-968
111000275,198,35,163
111000276,296,925,-629
111000277,194,227,-33
111000278,708,253,455
111000291,1026,9623,-8597
111000298,750,146,604
111000299,779,198,581
111000300,80,365,-285
111000302,464,49,415
111000303,129,144,-15
111000312,54,83,-29
111000315,0,54,-54
111000320,169,345,-176
111000321,676,172,504
111000322,424,208,216
111000323,414,36,378
111000324,381,177,204
111000325,63,68,-5
111000326,294,208,86
111000327,403,267,136
111000328,345,495,-150
111000329,0,10,-10
111000330,62,11,51
111000331,33,10,23
111000332,573,1149,-576
111000334,359,724,-365
111000335,1347,218,1129
111000337,1909,204,1705
111000338,69,55,14
111000339,1085,171,914
111000340,107,239,-132
111000341,1616,787,829
111000342,94,2104,-2010
111000344,1399,588,811
111000345,128,168,-40
111000346,40,360,-320
111000347,226,17,209
111000350,263,101,162
111000351,145,327,-182
111000352,210,124,86
111000353,191,182,9
111000354,582,145,437
111000355,331,362,-31
111000358,249,461,-212
111000360,312,231,81
111000361,252,129,123
111000546,1015,354,661
111000547,589,221,368
111000548,195,314,-119
111000549,477,151,326
111000550,41,1122,-1081
111000551,586,134,452
111000552,629,353,276
111000907,479,59,420
111000908,44,1,43
111000916,2517,158,2359
111000917,64,339,-275
111000918,300,286,14
111000920,832,9,823
111000921,15,111,-96
111000922,866,156,710
111000924,63,380,-317
111000925,3617,2329,1288
111000926,1056,1078,-22
111000927,2919,4857,-1938
111000928,3938,1909,2029
111000929,2753,1330,1423
111000930,1040,1296,-256
111000931,2529,2752,-223
111000932,3366,1468,1898
111000933,3505,3043,462
111000934,1879,2053,-174
111000935,2254,1113,1141
111000936,1246,1300,-54
111000937,1451,1522,-71
111000938,1281,807,474
111000939,922,30,892
111000940,687,53,634
111000941,476,275,201
111000943,856,256,600
111000944,221,166,55
111000945,111,856,-745
111001109,664,710,-46
111001110,153,344,-191
111001111,138,5,133
111001112,107,1,106
111001113,1,133,-132
111001114,500,235,265
111001115,17,1203,-1186
111001116,2674,5415,-2741
111001117,342,2917,-2575
111001120,133,170,-37
111001121,183,169,14
111001122,253,178,75
111001123,413,76,337
111001124,86,65,21
111900001,20,70,-50
111900002,48,266,-218
111900003,5,179,-174
111900004,33,38,-5
111900006,33,82,-49
111900007,206,12,194
111900008,437,2,435
111900009,355,79,276
111900010,211,285,-74
111900012,55,67,-12
111900013,62,23,39
111900014,2403,6187,-3784
111900015,0,22,-22
111900016,0,31,-31
111900017,1,38,-37
111900018,176,26,150
111900019,2,181,-179
111900020,1,37,-36
111900021,45,86,-41
111900022,26,35,-9
111900023,58,38,20
111900024,33,70,-37
111900025,0,21,-21
111900026,0,32,-32
111900027,8,44,-36
111900028,0,127,-127
111900029,1,39,-38
111900030,19,274,-255
111900031,12,19,-7
111900032,0,144,-144
111900033,15,35,-20
111900034,149,337,-188
111900035,135,121,14
111900036,0,101,-101
111900038,180,381,-201
111900039,33,182,-149
111900040,1,192,-191
111900042,6,129,-123
111900043,2,129,-127
111900044,130,191,-61
111900046,19,76,-57
111900048,374,273,101
111900049,20,148,-128
111900050,149,36,113
111900051,1,102,-101
111900052,199,314,-115
111900053,454,2220,-1766
111900054,182,10,172
111900055,16,185,-169
111900056,185,364,-179
111900057,202,17,185
111900058,728,285,443
111900059,1398,920,478
111900060,468,0,468
111900061,11,98,-87
111900062,79,102,-23
111900063,292,545,-253
111900064,60,123,-63
111900065,140,42,98
111900066,201,169,32
111900067,4,267,-263
111900068,91,99,-8
111900069,115,42,73
111900070,305,67,238
111900071,0,169,-169
111900072,64,37,27
111900073,1336,233,1103
111900074,23,185,-162
111900075,108,15,93
111900076,308,99,209
111900077,49,3,46
111900078,504,48,456
111900079,68,79,-11
111900080,181,286,-105
111900082,354,74,280
111900083,291,41,250
111900084,235,7,228
111900085,64,141,-77
111900086,79,10,69
111900087,97,0,97
111900088,793,22,771
111900089,241,4,237
111900090,93,88,5
111900091,570,4,566
111900092,164,0,164
111900093,639,6,633
111900094,182,4,178
111900095,494,71,423
111900096,360,37,323
111900097,75,0,75
111900098,455,2,453
111900099,112,0,112
111900100,223,14,209
111900101,152,46,106
111900102,999,292,707
111900103,83,157,-74
111900104,157,97,60
111900105,283,251,32
111900106,528,39,489
111900110,1096,370,726
111900111,310,49,261
111900112,495,4685,-4190
111900113,245,158,87
111900118,503,138,365
111900119,442,227,215
111900122,123,204,-81
111900123,24,42,-18
111900124,33,39,-6
111900125,681,85,596
111900126,439,8,431
111900127,3,296,-293
111900128,2,222,-220
111900129,400,15,385
111900130,330,74,256
111900131,763,2,761
111900132,23,423,-400
111900133,13,222,-209
111900134,4,134,-130
111900135,21,44,-23
111900136,75,141,-66
111900137,59,71,-12
111900138,10,78,-68
111900139,15,61,-46
111900140,194,77,117
111900141,148,13,135
111900142,175,28,147
111900143,231,86,145
111900144,54,83,-29
111900145,0,184,-184
111900146,0,91,-91
111900147,57,217,-160
111900148,27,359,-332
111900149,8,140,-132
111900150,31,86,-55
111900151,7,24,-17
111900152,82,93,-11
111900153,587,745,-158
111900154,23,619,-596
111900155,105,131,-26
111900156,111,98,13
111900157,201,32,169
111900158,748,149,599
111900159,467,52,415
111900160,526,5,521
111900161,424,5,419
111900162,92,213,-121
111900163,16,151,-135
111900164,173,86,87
111901113,708,71,637
111901114,347,206,141
111901115,161,2,159
111901116,42,4,38
111901117,48,56,-8
111901118,45,370,-325
111901119,343,74,269
111901121,112,82,30
111901122,9,237,-228
111901123,387,130,257
111901124,326,3,323
111901125,722,208,514
111901127,330,1187,-857
111901128,12,65,-53
111901129,5,89,-84
111901130,2,69,-67
111901131,3,113,-110
111901132,98,30,68
111901133,66,4,62
111901134,192,11,181
111901135,47,26,21
111901136,62,72,-10
111901137,0,29,-29
111901138,116,53,63
111901139,47,19,28
111901140,7,36,-29
111901141,8,53,-45
111901142,7,63,-56
111901143,0,84,-84
111901144,68,66,2
111901145,128,394,-266
111901146,120,7,113
112000001,2399,779,1620
112000002,617,1728,-1111
112000003,2515,1186,1329
112000004,745,404,341
112000005,4510,4379,131
112000006,1398,945,453
112000007,5836,3507,2329
112000008,3494,4616,-1122
112000009,2616,1623,993
112000010,4018,5552,-1534
112000011,1423,1132,291
112000012,5171,7690,-2519
112000013,2564,4227,-1663
112000014,2028,4573,-2545
112000015,2880,3951,-1071
112000016,3673,4642,-969
112000017,1269,6602,-5333
112000024,2476,542,1934
112000026,1976,2119,-143
112000027,767,675,92
112000028,777,985,-208
112000029,882,1178,-296
112000030,168,42,126
112000031,1749,6136,-4387
112000032,208,44,164
112000033,1864,4073,-2209
112000034,206,40,166
112000035,80,980,-900
112000036,398,1732,-1334
112000037,922,2097,-1175
112000038,1370,2726,-1356
112000039,130,78,52
112000040,41,163,-122
112000041,386,327,59
112000042,854,381,473
112000050,1313,1280,33
112000051,1320,2264,-944
112000054,1318,1152,166
112000057,1039,581,458
112000058,362,568,-206
112000059,474,578,-104
112000061,2860,1169,1691
112000062,911,1747,-836
112000063,354,2608,-2254
112000064,3147,3706,-559
112000065,1233,1859,-626
112000066,3636,1732,1904
112000067,680,469,211
112000068,3589,3086,503
112000069,536,1470,-934
112000070,2428,894,1534
112000071,1148,2084,-936
112000072,3138,762,2376
112000073,1532,2058,-526
112000074,1418,1261,157
112000075,1396,1373,23
112000076,3479,2424,1055
112000077,1052,397,655
112000078,2643,707,1936
112000079,2380,1487,893
112000080,1129,844,285
112000081,1349,2368,-1019
112000082,1470,687,783
112000083,773,1027,-254
112000084,1353,693,660
112000085,1675,1182,493
112000086,1816,1160,656
112000087,735,400,335
112000088,935,366,569
112000089,596,523,73
112000090,251,264,-13
112000091,608,580,28
112000092,2596,1165,1431
112000093,1676,595,1081
112000094,930,868,62
112000095,736,637,99
112000096,805,611,194
112000097,2178,745,1433
112000098,714,489,225
112000099,1018,2107,-1089
112000100,2609,640,1969
112000101,612,459,153
112000102,2198,453,1745
112000103,449,571,-122
112000105,527,620,-93
112000106,2324,407,1917
112000107,37,202,-165
112000108,254,1901,-1647
112000109,69,51,18
112000110,2531,632,1899
112000111,737,13412,-12675
112000112,3579,1819,1760
112000113,975,1434,-459
112000114,2931,1420,1511
112000115,520,339,181
112000116,736,787,-51
112000117,1106,647,459
112000118,969,637,332
112000119,405,481,-76
112000120,75,287,-212
112000121,183,211,-28
112000122,450,108,342
112000123,1028,105,923
112000124,625,83,542
112000125,357,288,69
112000126,448,217,231
112000127,1655,3414,-1759
112000128,602,1049,-447
112000129,135,90,45
112000130,263,106,157
112000131,78,130,-52
112000132,278,190,88
112000133,497,143,354
112000134,522,273,249
112000135,1699,1061,638
112000136,966,1935,-969
112000137,1921,5108,-3187
112000138,1600,2560,-960
112000139,701,839,-138
112000140,383,906,-523
112000141,1308,462,846
112000142,184,372,-188
112000143,1593,239,1354
112000144,312,651,-339
112000145,3579,580,2999
112000146,600,1120,-520
112000147,3075,1908,1167
112000148,1303,2208,-905
112000149,602,535,67
112000150,305,357,-52
112000151,360,230,130
112000152,725,325,400
112000153,126,214,-88
112000154,165,308,-143
112000155,104,125,-21
112000157,505,728,-223
112000158,399,246,153
112000159,958,339,619
112000167,555,167,388
112000169,253,367,-114
112000173,1287,290,997
112000175,554,362,192
112000176,1198,1653,-455
112000177,1275,343,932
112000178,149,195,-46
112000179,376,82,294
112000180,385,320,65
112000181,1414,1054,360
112000182,2110,759,1351
112000183,43,22,21
112000184,564,206,358
112000185,917,300,617
112000187,5362,3293,2069
112000195,180,16,164
112000196,240,3,237
112000197,178,297,-119
112000198,63,373,-310
112000199,750,758,-8
112000202,712,99,613
112000216,68,241,-173
112000230,165,7,158
112000231,4,146,-142
112000256,87,333,-246
112000313,63,58,5
112000314,60,73,-13
112000337,271,522,-251
112000352,161,417,-256
112000392,1548,970,578
112000398,2247,854,1393
112000399,1420,3945,-2525
112000400,1987,1314,673
112000401,2080,1438,642
112000402,4721,5226,-505
112000403,1646,4540,-2894
112000404,1579,1313,266
112000405,3251,3698,-447
112000406,2173,1061,1112
112000407,10233,9533,700
112000408,6468,3339,3129
112000409,1390,2108,-718
112000410,523,398,125
112000411,3847,2130,1717
112000412,1028,581,447
112000413,4509,8690,-4181
112000414,105,32,73
112000415,144,38,106
112000416,3945,1384,2561
112000417,388,94,294
112000421,91,51,40
112000422,427,198,229
112000424,1485,3810,-2325
112000425,411,392,19
112000426,203,275,-72
112000427,0,9,-9
112000428,373,201,172
112000429,2143,1789,354
112000430,2671,2833,-162
112000431,143,152,-9
112000432,568,439,129
112000433,290,637,-347
112000437,75,129,-54
112900001,89,1,88
112900002,823,396,427
112900003,88,169,-81
112900004,117,120,-3
112900005,348,95,253
112900006,23,132,-109
112900007,66,140,-74
112900008,0,86,-86
112900009,572,201,371
112900010,662,423,239
112900011,74,102,-28
112900012,1,29,-28
112900013,7,360,-353
112900014,5,203,-198
112900015,233,523,-290
112900016,6,193,-187
112900017,111,138,-27
112900018,2,99,-97
112900019,21,162,-141
112900020,286,801,-515
112900021,1,86,-85
112900022,34,50,-16
112900023,1,68,-67
112900024,24,173,-149
112900025,130,150,-20
112900026,11,114,-103
112900027,11,350,-339
112900028,31,116,-85
112900029,13,249,-236
112900030,91,74,17
112900031,5,216,-211
112900032,227,198,29
112900034,0,30,-30
112900035,3,231,-228
112900036,26,140,-114
112900037,198,282,-84
112900038,936,116,820
112900039,7,154,-147
112900040,11,866,-855
112900041,612,1352,-740
112900042,274,163,111
112900043,45,77,-32
112900044,292,286,6
112900045,146,218,-72
112900046,128,70,58
112900047,10,45,-35
112900049,419,57,362
112900050,21,530,-509
112900051,285,415,-130
112900052,13,350,-337
112900053,201,167,34
112900054,248,102,146
112900055,144,54,90
112900056,466,351,115
112900057,32,321,-289
112900058,386,417,-31
112900059,101,301,-200
112900060,71,124,-53
112900061,157,93,64
112900062,58,138,-80
112900063,52,16,36
112900064,82,204,-122
112900065,28,51,-23
112900066,342,277,65
112900067,324,115,209
112900068,73,73,0
112900069,1733,1095,638
112900071,61,10,51
112900072,1385,3386,-2001
112900073,545,221,324
112900074,144,380,-236
112900075,975,1347,-372
112900076,48,43,5
112900078,407,500,-93
112900079,271,43,228
112900080,135,7,128
112900081,106,342,-236
112900082,637,28,609
112900083,201,140,61
112900084,298,213,85
112900086,112,0,112
112900087,1335,199,1136
112900088,251,12,239
112900089,1039,90,949
112900090,138,62,76
112900091,406,16,390
112900092,74,682,-608
112900093,1484,46,1438
112900095,105,3,102
112900096,755,239,516
112900097,102,217,-115
112900098,173,3,170
112900099,1123,53,1070
112900100,124,11,113
112900101,481,7,474
112900102,186,42,144
112900103,298,6,292
112900104,178,8,170
112900105,18,0,18
112900106,472,149,323
112900107,7,0,7
112900108,6,1,5
112900109,189,1,188
112900110,2019,27,1992
112900111,840,5,835
112900112,460,5,455
112900113,0,8,-8
112900114,284,52,232
112900115,2369,7,2362
112900116,163,42,121
112900117,71,44,27
112900118,15,74,-59
112900119,229,4,225
112900120,769,264,505
112900121,47,89,-42
112900122,14,101,-87
112900123,146,12,134
112900124,25,85,-60
112900125,27,520,-493
112900126,122,125,-3
112900127,480,227,253
112900128,107,685,-578
112900129,2,502,-500
112900130,245,135,110
112900131,33,721,-688
112900132,120,1009,-889
112900133,32,2083,-2051
112900134,2,198,-196
112900135,99,76,23
112900137,9,295,-286
112900138,19,122,-103
112900139,124,613,-489
112900141,1032,45,987
112900142,64,252,-188
112900143,16,283,-267
112900144,0,140,-140
112900145,14,320,-306
112900146,3,418,-415
112900147,3,593,-590
112900148,74,6,68
112900149,333,375,-42
112900151,8,46,-38
112900152,4797,565,4232
112900153,955,3206,-2251
112900154,0,53,-53
112900155,186,16,170
112900156,713,666,47
112900157,533,43,490
112900158,141,7,134
112900159,188,220,-32
112900160,44,191,-147
112900161,142,51,91
112900162,26,18,8
112900163,62,60,2
112900164,34,163,-129
112900165,123,34,89
112900166,16,86,-70
112900167,3,126,-123
112900168,7,3,4
112900169,10,42,-32
112900170,149,215,-66
112900172,51,15,36
112900173,191,82,109
112900174,266,45,221
112900175,112,236,-124
112900176,48,59,-11
112900177,202,74,128
112900178,781,2970,-2189
112900179,22,614,-592
112900180,2452,1663,789
112900181,975,9,966
112900182,66,490,-424
112900183,115,315,-200
112900184,379,688,-309
112900185,185,865,-680
112900186,1031,1596,-565
112900187,117,734,-617
112900188,664,4127,-3463
112900189,28,16,12
112900190,6,6,0
112900192,897,864,33
112900193,1388,459,929
112900194,89,33,56
112900195,1138,60,1078
112900196,313,293,20
112900197,156,286,-130
112900199,888,326,562
112900200,1080,169,911
112900201,304,103,201
112900202,672,459,213
112900203,448,160,288
112900204,720,550,170
112900205,18,8,10
112900206,29,155,-126
112900207,40,0,40
112900208,106,390,-284
112900209,233,249,-16
112900210,0,46,-46
112900211,119,18,101
112900212,0,63,-63
112900213,92,16,76
112900214,20,21,-1
112900215,29,70,-41
112900216,13,37,-24
112900217,4,47,-43
112900218,81,44,37
112900219,125,15,110
112900220,2,0,2
112900221,75,129,-54
112900222,1,61,-60
112900223,1367,50,1317
112900224,613,252,361
112900225,639,239,400
112900226,208,392,-184
112900227,1161,450,711
112900228,95,45,50
112900229,485,22,463
112900230,8735,3499,5236
112900232,462,353,109
112900233,57,112,-55
112900234,30,24,6
112900235,49,16,33
112900236,529,8,521
112900237,270,69,201
112900238,6,18,-12
112900239,532,927,-395
113000001,7102,4562,2540
113000002,4309,3391,918
113000003,1985,1640,345
113000004,1486,1965,-479
113000005,2085,1098,987
113000006,1115,1154,-39
113000007,2541,1148,1393
113000008,1717,1579,138
113000009,1439,696,743
113000010,1352,1036,316
113000011,1076,1493,-417
113000012,2340,803,1537
113000013,1252,873,379
113000014,972,2922,-1950
113000015,376,661,-285
113000016,331,1823,-1492
113000017,89,439,-350
113000018,488,80,408
113000019,322,296,26
113000020,446,90,356
113000021,1389,580,809
113000022,946,1226,-280
113000025,155,1987,-1832
113000026,600,645,-45
113000027,526,942,-416
113000028,718,1448,-730
113000029,1332,866,466
113000030,260,527,-267
113000031,140,292,-152
113000032,246,398,-152
113000033,254,526,-272
113000034,218,205,13
113000035,35,55,-20
113000036,28,86,-58
113000037,53,39,14
113000038,25,90,-65
113000039,54,334,-280
113000040,71,81,-10
113000042,798,465,333
113000051,1109,2117,-1008
113000052,2233,703,1530
113000053,630,403,227
113000054,602,739,-137
113000055,1685,408,1277
113000056,1494,923,571
113000058,618,835,-217
113000059,974,359,615
113000060,442,548,-106
113000061,548,754,-206
113000062,525,373,152
113000063,471,61,410
113000064,83,147,-64
113000065,188,408,-220
113000066,1100,100,1000
113000067,3150,917,2233
113000068,386,628,-242
113000069,591,539,52
113000070,3503,918,2585
113000071,601,516,85
113000072,1301,477,824
113000073,334,1305,-971
113000074,1015,569,446
113000075,1801,904,897
113000076,494,2587,-2093
113000077,964,1289,-325
113000078,526,2093,-1567
113000079,580,1460,-880
113000080,597,1814,-1217
113000081,766,1396,-630
113000082,1162,2127,-965
113000083,494,780,-286
113000084,1947,1520,427
113000085,877,588,289
113000086,896,1052,-156
113000087,920,1032,-112
113000088,2446,1454,992
113000089,942,1488,-546
113000090,256,733,-477
113000091,311,385,-74
113000094,1415,329,1086
113000095,220,730,-510
113000096,107,1034,-927
113000097,1302,456,846
113000098,136,44,92
113000099,1025,569,456
113000100,141,558,-417
113000101,230,773,-543
113000102,736,668,68
113000103,1794,277,1517
113000104,696,2816,-2120
113000105,1046,525,521
113000106,369,339,30
113000107,1146,974,172
113000108,625,769,-144
113000109,667,1463,-796
113000110,2958,655,2303
113000111,187,732,-545
113000112,402,311,91
113000113,1171,360,811
113000114,345,1626,-1281
113000116,1067,419,648
113000117,3129,146,2983
113000118,68,606,-538
113000119,360,758,-398
113000120,89,363,-274
113000121,550,3770,-3220
113000124,285,110,175
113000125,77,1046,-969
113000127,1675,213,1462
113000128,1125,358,767
113000129,627,851,-224
113000133,2274,1125,1149
113000134,3,1312,-1309
113000135,5220,5703,-483
113000137,1103,3669,-2566
113000139,295,515,-220
113000140,93,205,-112
113000141,208,324,-116
113000142,346,1400,-1054
113000143,362,143,219
113000144,286,464,-178
113000145,176,112,64
113000146,138,43,95
113000147,226,59,167
113000148,363,102,261
113000149,223,131,92
113000150,683,360,323
113000151,49,43,6
113000152,59,146,-87
113000153,1101,444,657
113000154,780,1809,-1029
113000155,398,750,-352
113000156,183,296,-113
113000157,269,593,-324
113000158,699,259,440
113000159,1047,603,444
113000160,627,577,50
113000161,435,299,136
113000162,1059,328,731
113000163,157,52,105
113000164,20,75,-55
113000166,263,97,166
113000167,66,72,-6
113000168,92,103,-11
113000169,276,64,212
113000170,103,122,-19
113000171,44,77,-33
113000172,416,66,350
113000173,81,30,51
113000174,143,186,-43
113000175,587,95,492
113000176,625,118,507
113000177,216,252,-36
113000178,122,198,-76
113000179,398,142,256
113000180,828,1231,-403
113000181,1409,797,612
113000182,150,480,-330
113000183,122,604,-482
113000184,45,108,-63
113000189,315,909,-594
113000190,326,355,-29
113000192,580,5032,-4452
113000193,2126,3184,-1058
113000194,853,1623,-770
113000195,1610,2224,-614
113000196,333,57,276
113000197,1923,2015,-92
113000198,96,348,-252
113000199,1801,833,968
113000201,261,452,-191
113000202,6522,1263,5259
113000203,89,197,-108
113000204,597,4060,-3463
113000205,13,9,4
113000206,10,22,-12
113000207,98,13,85
113000208,40,30,10
113000209,14,20,-6
113000210,9,35,-26
113000211,88,277,-189
113000212,77,39,38
113000213,51,226,-175
113000214,143,299,-156
113000234,166,700,-534
113000410,347,373,-26
113000411,1884,4361,-2477
113000412,3713,1823,1890
113000413,1125,3028,-1903
113000414,3454,13702,-10248
113000415,1848,1884,-36
113000416,3806,2731,1075
113000417,1663,2033,-370
113000418,4223,4459,-236
113000419,1683,2518,-835
113000420,3311,6120,-2809
113000421,5170,8044,-2874
113000422,11241,10598,643
113000423,1721,5890,-4169
113000424,2922,11092,-8170
113000425,15,115,-100
113000428,79,456,-377
113000430,14,1395,-1381
113000432,2868,218,2650
113000433,174,393,-219
113000434,24,82,-58
113000435,30,172,-142
113000436,29,578,-549
113000437,1689,24,1665
113000438,419,12,407
113000439,20,45,-25
113000440,233,45,188
113000441,294,181,113
113000442,192,70,122
113000443,520,90,430
113000444,348,74,274
113000445,167,70,97
113000446,43,89,-46
113000448,424,246,178
113000449,114,898,-784
113000450,681,2289,-1608
113000451,1938,274,1664
113000452,136,495,-359
113000453,25,596,-571
113000454,325,162,163
113000455,6,781,-775
113000456,2933,2380,553
113000468,906,109,797
113000469,74,306,-232
113000470,400,21,379
113000471,13,260,-247
113000472,99,265,-166
113000474,1135,731,404
113000475,1405,1458,-53
113000476,2018,2077,-59
113000477,4339,1882,2457
113000478,3395,3423,-28
113000479,87,87,0
113000480,102,442,-340
113000483,0,0,0
113000484,0,0,0
113000485,0,0,0
113000486,1,2,-1
113000487,0,1,-1
113000488,1,0,1
113000489,0,3,-3
113000490,0,6,-6
113000491,22,8,14
113000492,6,2,4
113000493,0,0,0
113000495,232,116,116
113000496,177,100,77
113000497,0,0,0
113000500,0,4,-4
113900001,3,470,-467
113900002,1,39,-38
113900003,1,66,-65
113900004,1,102,-101
113900005,2,216,-214
113900006,0,15,-15
113900007,53,32,21
113900008,29,0,29
113900009,25,0,25
113900010,34,1,33
113900011,130,0,130
113900012,68,0,68
113900013,72,2,70
113900014,781,6,775
113900015,1,142,-141
113900016,64,0,64
113900017,2,40,-38
113900018,240,379,-139
113900019,281,59,222
113900020,253,3,250
113900022,62,0,62
113900023,33,0,33
113900024,73,29,44
113900025,235,19,216
113900026,82,0,82
113900027,15,37,-22
113900028,53,219,-166
113900029,82,90,-8
113900030,299,7,292
113900031,35,4,31
113900032,47,0,47
113900033,72,46,26
113900035,67,0,67
113900036,35,67,-32
113900037,213,234,-21
113900038,26,136,-110
113900039,176,28,148
113900040,30,58,-28
113900041,23,7,16
113900042,52,34,18
113900043,195,88,107
113900044,311,396,-85
113900045,85,2,83
113900046,207,1157,-950
113900047,66,80,-14
113900048,72,131,-59
113900049,220,363,-143
113900050,382,320,62
113900051,264,206,58
113900052,117,75,42
113900053,741,807,-66
113900054,46,3,43
113900055,122,346,-224
113900056,62,142,-80
113900057,19,64,-45
113900058,104,65,39
113900059,266,262,4
113900060,121,196,-75
113900061,538,248,290
113900062,175,28,147
113900063,121,79,42
113900064,49,62,-13
113900065,504,43,461
113900066,523,189,334
113900067,253,132,121
113900068,607,689,-82
113900069,55,30,25
113900070,162,271,-109
113900071,123,49,74
113900072,89,86,3
113900073,337,348,-11
113900074,194,175,19
113900075,1095,1744,-649
113900076,181,12,169
113900077,62,91,-29
113900078,39,36,3
113900079,2,25,-23
113900080,636,199,437
113900081,77,83,-6
113900082,176,187,-11
113900083,616,175,441
113900084,240,97,143
113900085,55,163,-108
113900086,91,24,67
113900087,136,62,74
113900088,78,86,-8
113900089,455,49,406
113900090,696,416,280
113900091,19,16,3
113900092,34,61,-27
113900093,63,958,-895
113900094,722,198,524
113900095,197,165,32
113900096,343,78,265
113900097,29,58,-29
113900098,860,140,720
113900099,1,34,-33
113900100,0,1,-1
113900101,5,75,-70
113900102,110,149,-39
113900103,346,373,-27
113900104,120,281,-161
113900105,191,70,121
113900106,0,45,-45
113900107,0,17,-17
113900108,121,305,-184
113900109,309,250,59
113900110,102,40,62
113900111,248,66,182
113900112,185,49,136
113900113,1551,381,1170
113900114,0,16,-16
113900115,3,42,-39
113900116,77,202,-125
113900117,87,25,62
113900118,190,504,-314
113900119,158,430,-272
113900120,142,54,88
113900121,100,64,36
113900122,682,2781,-2099
113900123,530,192,338
113900124,1,91,-90
113900125,656,97,559
113900126,123,51,72
113900127,433,911,-478
113900128,160,57,103
113900129,18,172,-154
113900130,7,593,-586
113900131,263,72,191
113900132,48,113,-65
113900133,25,53,-28
113900135,382,261,121
113900136,97,66,31
113900137,353,421,-68
113900138,25,268,-243
113900139,152,215,-63
113900140,67,438,-371
113900141,781,192,589
113900142,157,45,112
113900143,21,51,-30
113900144,105,704,-599
113900145,421,125,296
113900146,239,58,181
113900148,71,452,-381
113900149,179,77,102
113900150,285,278,7
113900151,538,145,393
113900152,58,48,10
113900153,123,615,-492
113900154,3,96,-93
113900155,127,234,-107
113900156,146,316,-170
113900157,82,321,-239
113900158,172,1001,-829
113900159,24,213,-189
113900160,374,356,18
113900161,77,299,-222
113900162,271,1666,-1395
113900163,247,273,-26
113900164,452,42,410
113900165,765,573,192
113900166,68,160,-92
113900167,382,41,341
113900168,53,69,-16
113900169,185,274,-89
113900171,304,75,229
113900172,11,76,-65
113900173,26,227,-201
113900174,565,447,118
113900175,421,139,282
113900176,393,297,96
113900177,308,147,161
113900178,355,219,136
113900179,42,227,-185
113900180,249,101,148
113900181,867,277,590
113900182,716,561,155
113900183,49,78,-29
113900184,11,324,-313
113900185,175,59,116
113900186,104,20,84
113900187,25,106,-81
113900188,48,131,-83
113900189,337,192,145
113900190,175,127,48
113900191,146,158,-12
113900192,6,707,-701
113900193,23,110,-87
113900194,1046,627,419
113900195,232,336,-104
113900196,6,280,-274
113900197,0,54,-54
113900198,22,269,-247
113900199,118,399,-281
113900200,31,144,-113
113900201,0,71,-71
113900202,60,141,-81
113900203,0,44,-44
113900204,35,268,-233
113900205,7,77,-70
113900206,16,100,-84
113900207,0,55,-55
113900208,1,24,-23
113900209,0,55,-55
113900210,538,794,-256
113900211,220,73,147
113900212,234,336,-102
113900214,342,516,-174
113900215,83,84,-1
113900216,213,357,-144
113900217,133,137,-4
113900218,143,83,60
113900219,174,621,-447
113900220,142,176,-34
113900221,330,350,-20
113900222,229,549,-320
113900223,192,278,-86
113900224,42,54,-12
113900225,383,104,279
113900226,487,196,291
113900227,478,199,279
113900228,415,756,-341
113900229,39,1220,-1181
113900230,2059,3567,-1508
113900231,153,111,42
113900232,153,60,93
113900233,120,81,39
113900234,415,496,-81
113900235,142,74,68
113900236,354,158,196
113900237,246,13,233
113900238,275,707,-432
113900239,48,133,-85
113900240,5,249,-244
113900241,89,74,15
113900242,28,163,-135
113900243,41,294,-253
113900244,109,198,-89
113900245,704,274,430
113900246,13,26,-13
113900247,125,592,-467
113900248,1970,1915,55
113900249,907,468,439
113900250,39,234,-195
113900251,1040,140,900
113900252,727,22,705
113900253,748,63,685
113900254,660,150,510
113900255,638,18,620
113900256,339,19,320
113900257,26,258,-232
113900258,16,239,-223
113900259,851,114,737
113900260,283,16,267
113900261,25,51,-26
113900262,154,318,-164
113900263,89,408,-319
113900264,2,186,-184
113900265,197,273,-76
113900266,35,144,-109
113900267,97,878,-781
113900268,375,541,-166
113900269,92,138,-46
113900270,243,761,-518
113900271,765,548,217
113900273,18,16,2
113900274,93,37,56
113900275,25,53,-28
113900276,2,66,-64
113900277,209,3,206
113900278,229,186,43
113900279,66,72,-6
113900280,1673,544,1129
113900281,436,1512,-1076
113900282,407,578,-171
113900283,402,445,-43
113900284,974,189,785
113900285,131,65,66
113900286,17,36,-19
113900287,89,53,36
113900288,3,95,-92
113900289,351,155,196
113900290,166,375,-209
113900291,89,109,-20
113900292,9,6,3
113900293,8,186,-178
113900294,641,21,620
113900295,379,457,-78
113900296,2587,394,2193
113900297,2709,69,2640
113900298,15,1197,-1182
113900299,140,58,82
113900300,3872,4168,-296
113900301,553,551,2
113900302,1357,1050,307
113900303,220,608,-388
113900304,2,74,-72
113900305,192,1,191
113900306,66,1,65
113900307,22,0,22
113900308,75,151,-76
113900309,0,372,-372
113900310,1,6,-5
113900311,13,0,13
113900312,215,232,-17
113900313,7,6,1
114000001,840,1754,-914
114000002,325,187,138
114000003,83,248,-165
114000004,461,300,161
114000005,453,181,272
114000006,1435,1433,2
114000007,760,898,-138
114000008,1482,1722,-240
114000009,1368,255,1113
114000011,3258,1824,1434
114000012,3533,1286,2247
114000013,2095,1055,1040
114000014,475,155,320
114000015,2518,237,2281
114000016,333,118,215
114000017,166,620,-454
114000018,114,25,89
114000026,3119,825,2294
114000027,4931,1853,3078
114000028,2363,3051,-688
114000038,380,118,262
114000039,82,31,51
114000040,242,266,-24
114000042,198,135,63
114000043,79,21,58
114000044,489,16,473
114000045,36,42,-6
114000046,2455,3497,-1042
114000047,12,60,-48
114000048,165,37,128
114000049,2060,1516,544
114000050,2082,1684,398
114000051,3208,2051,1157
114000052,4441,2411,2030
114000053,110,633,-523
114000054,152,590,-438
114000055,282,55,227
114000056,242,973,-731
114000057,3743,2044,1699
114000058,129,1336,-1207
114000059,40,534,-494
114000060,607,786,-179
114000061,2110,2806,-696
114000062,682,1559,-877
114000063,1126,1228,-102
114000064,2028,3510,-1482
114000065,1194,1811,-617
114000066,580,656,-76
114000067,15,1044,-1029
114000068,500,732,-232
114000069,1153,559,594
114000070,2150,1729,421
114000071,932,406,526
114000072,789,190,599
114000073,23,21,2
114000074,109,24,85
114000075,119,51,68
114000076,41,27,14
114000077,5,15,-10
114000078,449,319,130
114000079,290,23,267
114000080,81,57,24
114000081,137,83,54
114000082,42,258,-216
114000083,70,119,-49
114000084,319,85,234
114000085,89,307,-218
114000086,340,239,101
114000087,260,83,177
114000088,44,40,4
114000089,416,265,151
114000090,1203,1076,127
114000091,1330,935,395
114000092,790,481,309
114000093,1496,831,665
114000094,412,345,67
114000095,372,194,178
114000096,81,226,-145
114000097,130,227,-97
114000098,659,110,549
114000099,920,155,765
114000100,2188,436,1752
114000101,476,298,178
114000102,891,254,637
114000103,131,190,-59
114000104,72,149,-77
114000105,204,110,94
114000106,701,1984,-1283
114000107,636,93,543
114000108,754,739,15
114000109,766,1463,-697
114000110,480,796,-316
114000111,2513,1145,1368
114000112,407,1108,-701
114000113,1403,702,701
114000114,822,723,99
114000115,2374,1201,1173
114000116,1084,2057,-973
114000117,4668,644,4024
114000118,3643,601,3042
114000119,2728,585,2143
114000120,705,658,47
114000121,520,808,-288
114000122,515,383,132
114000123,2850,414,2436
114000124,1206,357,849
114000125,928,922,6
114000126,3057,244,2813
114000127,279,135,144
114000128,880,238,642
114000130,473,424,49
114000131,374,178,196
114000132,703,462,241
114000133,671,1150,-479
114000134,69,49,20
114000138,36,122,-86
114000139,430,407,23
114000144,744,688,56
114000145,79,83,-4
114000146,90,109,-19
114000147,1579,2693,-1114
114000148,1288,1810,-522
114000149,386,306,80
114000150,315,563,-248
114000151,612,1922,-1310
114000152,129,45,84
114000153,583,2283,-1700
114000154,713,538,175
114000155,1106,2614,-1508
114000156,871,832,39
114000157,288,1248,-960
114000158,985,692,293
114000159,101,422,-321
114000160,63,568,-505
114000161,1143,2935,-1792
114000162,1356,2779,-1423
114000163,25,44,-19
114000165,631,461,170
114000166,660,517,143
114000167,2008,1303,705
114000168,383,456,-73
114000169,1396,1880,-484
114000170,1176,1521,-345
114000171,1553,5627,-4074
114000174,172,394,-222
114000176,326,514,-188
114000177,816,531,285
114000178,75,35,40
114000179,994,762,232
114000180,225,497,-272
114000181,1842,4805,-2963
114000182,1323,2263,-940
114000183,608,694,-86
114000184,1226,642,584
114000185,1330,751,579
114000189,1619,242,1377
114000190,3932,499,3433
114000191,92,222,-130
114000192,111,834,-723
114000193,375,1173,-798
114000194,1587,693,894
114000195,212,87,125
114000196,3,80,-77
114000197,2134,16,2118
114000198,716,318,398
114000199,1620,1921,-301
114000200,546,943,-397
114000201,189,485,-296
114000202,1161,394,767
114000203,518,455,63
114000204,160,331,-171
114000205,217,860,-643
114000206,696,1136,-440
114000207,458,863,-405
114000208,440,1229,-789
114000209,362,1072,-710
114000210,178,684,-506
114000211,1522,1399,123
114000212,1142,903,239
114000213,1699,552,1147
114000214,98,98,0
114000215,244,67,177
114000216,2011,288,1723
114000217,498,172,326
114000218,215,134,81
114000219,1577,154,1423
114000220,18,438,-420
114000221,1196,212,984
114000222,145,472,-327
114000223,614,169,445
114000224,52,307,-255
114000225,298,432,-134
114000226,247,282,-35
114000227,990,515,475
114000228,961,528,433
114000229,1507,977,530
114000230,1920,830,1090
114000231,1111,1203,-92
114000232,1120,178,942
114000233,2803,139,2664
114000234,1237,628,609
114000235,1365,991,374
114000236,0,222,-222
114000237,133,565,-432
114000238,210,250,-40
114000239,182,769,-587
114000240,1014,950,64
114000241,253,625,-372
114000242,709,644,65
114000243,2145,969,1176
114000244,1291,313,978
114000245,497,753,-256
114000246,137,48,89
114000247,1219,497,722
114000248,1582,596,986
114000249,633,529,104
114000250,678,409,269
114000251,452,248,204
114000252,60,39,21
114000253,70,137,-67
114000254,93,27,66
114000255,473,176,297
114000256,436,1868,-1432
114000257,350,714,-364
114000258,402,212,190
114000259,139,154,-15
114000260,0,18,-18
114000261,54,42,12
114000262,478,173,305
114000263,14,1,13
114000264,1697,310,1387
114000265,0,4,-4
114000267,5,1458,-1453
114000268,23,590,-567
114000270,229,28,201
114000271,289,44,245
114000283,1740,317,1423
114000285,25,104,-79
114000288,145,223,-78
114000289,2061,136,1925
114000293,298,561,-263
114000294,259,277,-18
114000395,1386,15,1371
114000396,671,672,-1
114000402,894,180,714
114000403,445,233,212
114000405,264,211,53
114000423,460,225,235
114000424,589,179,410
114000425,1217,204,1013
114000426,316,826,-510
114000427,79,48,31
114000428,126,235,-109
114000429,18,138,-120
114000432,95,66,29
114000434,27,74,-47
114000435,16,137,-121
114000436,488,174,314
114000437,212,1869,-1657
114900001,723,335,388
114900002,810,222,588
114900003,801,556,245
114900004,364,509,-145
114900005,616,392,224
114900006,145,87,58
114900007,405,34,371
114900008,321,112,209
114900010,921,1700,-779
114900011,311,139,172
114900013,335,143,192
114900015,118,697,-579
114900018,1111,43,1068
114900020,206,73,133
114900022,23,473,-450
114900024,320,125,195
114900025,635,139,496
114900026,70,145,-75
114900027,182,189,-7
114900029,71,44,27
114900030,432,188,244
114900031,506,21,485
114900032,532,18,514
114900033,620,1541,-921
114900034,28,78,-50
114900035,126,235,-109
114900036,182,295,-113
114900037,124,94,30
114900038,232,253,-21
114900039,565,227,338
114900040,102,53,49
114900041,1165,227,938
114900042,1375,300,1075
114900043,462,181,281
114900044,179,46,133
114900046,30,52,-22
114900047,233,2749,-2516
114900048,77,186,-109
114900049,3,77,-74
114900050,57,155,-98
114900051,26,216,-190
114900052,109,241,-132
114900053,219,187,32
114900054,54,67,-13
114900057,238,18,220
114900058,0,52,-52
114900059,155,93,62
114900060,333,765,-432
114900061,143,50,93
114900062,161,237,-76
114900063,72,85,-13
114900064,2226,237,1989
114900065,540,745,-205
114900067,48,343,-295
114900068,59,62,-3
114900069,129,70,59
114900070,663,173,490
114900072,4,209,-205
114900073,1,106,-105
114900074,1058,259,799
114900075,541,12,529
114900076,7,287,-280
114900080,1036,223,813
114900082,2201,2854,-653
114900083,603,990,-387
114900090,544,202,342
114900091,138,144,-6
114900095,263,62,201
114900096,332,477,-145
114900097,201,7,194
114900098,1,80,-79
114900099,240,11,229
115000001,4023,2008,2015
115000002,5119,5679,-560
115000003,4045,1495,2550
115000004,6202,7014,-812
115000005,1455,1781,-326
115000006,1391,1645,-254
115000007,186,179,7
115000008,425,569,-144
115000009,291,221,70
115000010,262,191,71
115000013,30,192,-162
115000015,58,214,-156
115000016,173,363,-190
115000019,43,491,-448
115000020,166,1042,-876
115000021,142,384,-242
115000022,528,295,233
115000023,316,648,-332
115000024,896,411,485
115000025,859,916,-57
115000026,234,310,-76
115000027,390,412,-22
115000028,260,626,-366
115000029,787,88,699
115000030,783,891,-108
115000031,1326,439,887
115000032,15,202,-187
115000033,204,41,163
115000034,48,1070,-1022
115000035,1152,97,1055
115000036,4,372,-368
115000037,680,17,663
115000038,60,154,-94
115000039,2755,3922,-1167
115000040,3321,2427,894
115000041,1885,4601,-2716
115000042,829,655,174
115000043,4573,3116,1457
115000044,3923,3253,670
115000045,2441,1037,1404
115000046,3229,2867,362
115000047,2955,1413,1542
115000048,1766,1509,257
115000049,1271,2394,-1123
115000050,3568,1637,1931
115000051,1810,3821,-2011
115000052,1290,1353,-63
115000053,2213,2463,-250
115000054,597,786,-189
115000055,201,956,-755
115000056,222,622,-400
115000057,611,1183,-572
115000058,405,417,-12
115000059,376,192,184
115000061,100,208,-108
115000062,252,343,-91
115000063,487,448,39
115000064,219,76,143
115000065,71,579,-508
115000067,146,21,125
115000069,136,237,-101
115000070,32,806,-774
115000071,89,26,63
115000072,15,42,-27
115000073,1689,88,1601
115000075,125,34,91
115000076,2274,2013,261
115000077,2297,1221,1076
115000078,1793,836,957
115000079,1416,1107,309
115000080,2808,1445,1363
115000081,391,716,-325
115000082,4797,4101,696
115000083,2028,1182,846
115000084,3234,1072,2162
115000085,1051,688,363
115000086,1391,646,745
115000087,395,1299,-904
115000088,1798,579,1219
115000089,1267,1103,164
115000090,428,781,-353
115000091,239,599,-360
115000092,761,489,272
115000093,744,6,738
115000094,4880,6428,-1548
115000095,3954,7427,-3473
115000096,912,859,53
115000097,1761,1195,566
115000098,1672,609,1063
115000099,3292,1658,1634
115000100,1573,358,1215
115000101,595,1043,-448
115000102,587,308,279
115000103,327,442,-115
115000105,66,99,-33
115000106,886,441,445
115000107,239,283,-44
115000108,2058,1874,184
115000109,4095,5780,-1685
115000110,1368,2388,-1020
115000111,561,1137,-576
115000112,904,988,-84
115000113,695,772,-77
115000114,1492,600,892
115000116,3239,2287,952
115000117,2420,2567,-147
115000118,2401,1891,510
115000119,1673,2075,-402
115000120,584,1517,-933
115000121,817,833,-16
115000122,1169,2034,-865
115000123,903,2574,-1671
115000124,772,1036,-264
115000125,390,717,-327
115000126,127,298,-171
115000127,316,141,175
115000128,363,807,-444
115000129,181,552,-371
115000130,530,426,104
115000131,876,219,657
115000132,509,305,204
115000133,858,196,662
115000134,507,290,217
115000135,374,180,194
115000136,304,250,54
115000137,123,239,-116
115000138,455,238,217
115000139,297,191,106
115000140,603,185,418
115000141,282,121,161
115000142,246,101,145
115000143,1203,579,624
115000144,527,67,460
115000145,292,179,113
115000146,588,380,208
115000147,378,310,68
115000148,337,469,-132
115000149,749,240,509
115000150,665,469,196
115000151,1569,465,1104
115000152,682,487,195
115000153,1395,479,916
115000154,1074,249,825
115000155,665,629,36
115000156,956,715,241
115000157,481,656,-175
115000158,439,346,93
115000159,516,575,-59
115000160,488,619,-131
115000161,648,416,232
115000162,562,1019,-457
115000163,526,712,-186
115000164,620,706,-86
115000165,348,612,-264
115000167,102,91,11
115000168,484,387,97
115000169,413,665,-252
115000170,91,140,-49
115000171,239,238,1
115000172,695,696,-1
115000173,259,865,-606
115000174,70,394,-324
115000175,194,230,-36
115000176,107,145,-38
115000177,83,311,-228
115000178,10,152,-142
115000179,35,48,-13
115000180,145,310,-165
115000181,913,99,814
115000182,1353,292,1061
115000183,529,477,52
115000186,688,226,462
115000187,233,561,-328
115000188,446,490,-44
115000189,234,394,-160
115000190,712,397,315
115000191,173,519,-346
115000194,130,185,-55
115000195,202,329,-127
115000196,301,116,185
115000197,304,190,114
115000198,590,198,392
115000199,565,128,437
115000200,461,75,386
115000201,193,280,-87
115000206,551,45,506
115000207,275,248,27
115000208,313,640,-327
115000209,816,351,465
115000210,200,134,66
115000211,276,245,31
115000212,944,359,585
115000224,311,82,229
115000225,68,87,-19
115000229,144,119,25
115000230,90,475,-385
115000231,324,853,-529
115000232,2209,232,1977
115000233,129,156,-27
115000234,45,256,-211
115000241,129,160,-31
115000242,177,163,14
115000243,95,113,-18
115000244,14,110,-96
115000246,26,24,2
115000247,24,21,3
115000248,39,16,23
115000249,22,9,13
115000250,307,21,286
115000251,307,69,238
115000252,109,190,-81
115000253,24,480,-456
115000258,409,56,353
115000259,359,105,254
115000261,29,13,16
115000262,16,46,-30
115000263,21,44,-23
115000264,35,25,10
115000267,79,95,-16
115000268,36,96,-60
115000269,116,66,50
115000270,5,17,-12
115000272,80,85,-5
115000273,585,45,540
115000280,2092,250,1842
115000281,294,727,-433
115000282,828,1398,-570
115000284,163,151,12
115000296,1218,15,1203
115000297,113,173,-60
115000298,47,507,-460
115000300,292,131,161
115000302,727,79,648
115000303,1101,74,1027
115000304,1199,50,1149
115000305,84,327,-243
115000306,272,133,139
115000307,159,133,26
115000308,28,16,12
115000309,13,110,-97
115000310,1449,504,945
115000311,1401,1003,398
115000313,135,217,-82
115000314,670,148,522
115000315,564,816,-252
115000316,116,143,-27
115000317,151,384,-233
115000318,882,337,545
115000319,77,188,-111
115000320,10,322,-312
115000321,323,5,318
115000322,58,137,-79
115000449,184,140,44
115000557,4,1814,-1810
115000558,301,136,165
115000587,718,264,454
115000588,1848,2474,-626
115000589,3910,2201,1709
115000590,990,1596,-606
115000591,1634,950,684
115000592,422,1644,-1222
115000593,1619,873,746
115000594,456,2371,-1915
115000609,229,82,147
115000617,613,2972,-2359
115000624,398,32,366
115000633,500,1657,-1157
115000634,3240,768,2472
115000635,737,124,613
115000638,352,370,-18
115000641,55,205,-150
115000642,314,220,94
115000643,104,381,-277
115000644,173,323,-150
115000646,1023,1741,-718
115000647,208,554,-346
115000648,3071,1247,1824
115000893,1721,1262,459
115000894,143,743,-600
115000895,264,616,-352
115000896,1167,485,682
115000897,425,125,300
115000898,457,313,144
115000899,250,1448,-1198
115000900,44,222,-178
115000901,46,184,-138
115000912,460,104,356
115000913,4,15,-11
115000915,10,0,10
115000916,52,50,2
115000917,0,8,-8
115000918,50,548,-498
115000919,6,27,-21
115000920,15,37,-22
115000921,223,70,153
115000922,383,811,-428
115000923,112,1001,-889
115000925,139,152,-13
115000927,53,94,-41
115000933,81,284,-203
115000934,203,142,61
115000935,162,51,111
115000936,61,1045,-984
115000937,365,146,219
115000938,68,199,-131
115000939,26,137,-111
115900001,186,14,172
115900002,74,86,-12
115900003,202,42,160
115900004,2,17,-15
115900005,360,11,349
115900006,120,116,4
115900008,74,24,50
115900009,63,107,-44
115900010,523,57,466
115900011,474,426,48
115900012,275,38,237
115900013,313,126,187
115900014,118,202,-84
115900015,162,31,131
115900016,100,37,63
115900017,17,19,-2
115900018,147,59,88
115900019,170,8,162
115900020,180,1,179
115900021,1066,266,800
115900022,681,9,672
115900023,24,12,12
115900025,33,262,-229
115900026,762,101,661
115900027,0,144,-144
115900028,399,63,336
115900029,28,250,-222
115900030,25,39,-14
115900031,118,369,-251
115900032,541,579,-38
115900033,0,44,-44
115900034,31,164,-133
115900035,51,31,20
115900036,37,1331,-1294
115900037,25,144,-119
115900038,73,29,44
115900039,210,158,52
115900041,188,834,-646
115900042,80,13,67
115900043,136,32,104
115900044,200,312,-112
115900046,463,149,314
115900047,138,227,-89
115900049,216,156,60
115900051,2,25,-23
115900052,25,129,-104
115900053,340,129,211
115900054,408,22,386
115900055,44,98,-54
115900056,239,122,117
115900057,21,14,7
115900058,37,39,-2
115900060,126,158,-32
115900061,323,1,322
115900062,73,118,-45
115900063,75,4,71
115900064,141,200,-59
115900065,165,76,89
115900066,129,63,66
115900067,9,259,-250
115900068,1506,1328,178
115900069,50,187,-137
115900070,208,41,167
115900071,0,148,-148
115900072,16,94,-78
115900073,142,146,-4
115900074,5,145,-140
115900075,69,166,-97
115900076,2,26,-24
115900077,6,87,-81
115900078,79,111,-32
115900079,339,19,320
115900080,188,133,55
115900081,39,29,10
115900082,134,165,-31
115900084,703,37,666
115900085,41,65,-24
115900086,962,495,467
115900088,22,51,-29
115900089,568,382,186
115900090,650,20,630
115900091,16,25,-9
115900092,64,66,-2
115900093,4,13,-9
115900094,9,114,-105
115900096,12,16,-4
115900097,7,144,-137
115900098,315,170,145
115900099,82,34,48
115900100,18,206,-188
115900101,236,126,110
115900102,101,54,47
115900103,387,92,295
115900104,128,82,46
115900105,481,238,243
115900106,153,7,146
115900107,165,69,96
115900108,221,25,196
115900109,35,218,-183
115900110,5,10,-5
115900111,2,124,-122
115900112,50,491,-441
115900113,96,12,84
115900114,3,100,-97
115900115,134,184,-50
115900116,77,458,-381
115900117,149,7,142
115900118,3,137,-134
115900119,161,122,39
115900120,34,147,-113
115900121,299,136,163
115900124,389,886,-497
115900125,441,77,364
115900126,1037,114,923
115900127,1034,60,974
115900128,11,75,-64
115900129,805,61,744
115900130,14,232,-218
115900131,484,42,442
115900132,966,10,956
115900134,475,50,425
115900135,308,1242,-934
115900137,41,6,35
115900139,32,86,-54
115900140,412,43,369
115900141,4,38,-34
115900142,7,30,-23
115900143,279,948,-669
115900144,148,238,-90
115900146,14,44,-30
115900147,244,326,-82
115900148,161,12,149
115900149,239,20,219
115900150,125,6,119
115900151,24,97,-73
115900152,206,245,-39
115900153,140,144,-4
115900154,347,365,-18
115900155,0,14,-14
115900156,787,1109,-322
115900157,306,580,-274
115900158,14,6,8
115900159,286,158,128
115900160,2,23,-21
115900161,63,195,-132
115900163,329,146,183
115900164,739,17,722
115900165,3,131,-128
115900166,158,96,62
115900168,178,89,89
115900171,115,344,-229
115900172,81,93,-12
115900173,291,78,213
115900174,201,203,-2
115900175,206,185,21
115900178,3,240,-237
115900179,423,14,409
115900180,55,60,-5
115900181,246,79,167
115900182,605,71,534
115900183,19,75,-56
115900184,433,5,428
115900187,10,158,-148
115900189,0,267,-267
115900190,284,1104,-820
115900191,18,148,-130
115900192,15,87,-72
115900193,288,175,113
115900194,926,65,861
115900195,374,2868,-2494
115900198,232,301,-69
115900199,333,117,216
115900200,209,200,9
115900201,311,321,-10
115900202,1,82,-81
115900203,12,17,-5
115900204,2,12,-10
115900205,39,51,-12
115900206,292,106,186
115900207,78,11,67
115900208,153,68,85
115900209,7,86,-79
115900210,8,151,-143
115900211,1,101,-100
115900212,211,146,65
115900213,76,154,-78
115900214,697,132,565
115900215,39,234,-195
115900216,1,69,-68
115900217,2,32,-30
115900218,3,28,-25
115900219,154,1,153
115900220,355,2,353
115900221,131,11,120
115900222,117,51,66
115900223,10,648,-638
115900224,525,1936,-1411
115900225,47,78,-31
115900226,29,49,-20
115900227,32,28,4
115900228,18,39,-21
115900229,3,56,-53
115900230,18,74,-56
115900231,127,4,123
115900232,82,2,80
115900233,100,11,89
115900234,65,26,39
115900235,43,41,2
115900236,44,41,3
115900237,52,14,38
115900238,39,8,31
115900239,30,32,-2
115900240,8,26,-18
115900241,298,63,235
115900242,185,407,-222
115900243,8,3,5
115900244,12,10,2
115900245,71,8,63
115900246,14,15,-1
115900247,4,14,-10
115900248,10,2,8
115900249,10,8,2
115900250,14,19,-5
115900251,3,4,-1
115900252,3,2,1
115900253,18,24,-6
115900254,10,35,-25
115900255,2,21,-19
115900256,4,19,-15
115900257,7,8,-1
115900258,1,0,1
115900259,2,2,0
115900260,1,1,0
115900261,13,2,11
115900262,4,0,4
115900263,11,0,11
115900264,13,0,13
115900265,5,1,4
115900266,0,13,-13
115900267,2,16,-14
115900268,5,20,-15
115900269,736,187,549
115900270,526,170,356
115900271,202,2,200
115900272,66,4,62
115900273,33,25,8
115900274,1,7,-6
115900275,0,4,-4
115900276,0,13,-13
115900277,0,26,-26
115900278,37,96,-59
115900279,14,202,-188
115900280,21,649,-628
115900281,177,368,-191
115900282,3,23,-20
115900283,9,9,0
115900284,21,1,20
116000001,6605,2767,3838
116000002,4827,15329,-10502
116000003,1136,1162,-26
116000004,3323,5543,-2220
116000005,1550,3264,-1714
116000006,2720,3510,-790
116000007,2172,4545,-2373
116000008,4967,4038,929
116000009,1229,1511,-282
116000010,3036,2084,952
116000011,646,1367,-721
116000012,2133,1425,708
116000013,4466,3406,1060
116000014,7559,18076,-10517
116000015,117,1671,-1554
116000016,4662,5283,-621
116000017,33,917,-884
116000018,600,396,204
116000019,942,358,584
116000020,693,1128,-435
116000021,872,391,481
116000022,384,363,21
116000023,1523,1043,480
116000024,601,768,-167
116000025,1069,1007,62
116000026,1506,2948,-1442
116000027,781,688,93
116000028,501,1275,-774
116000029,527,750,-223
116000030,713,681,32
116000031,184,288,-104
116000032,391,173,218
116000033,586,439,147
116000034,954,716,238
116000035,433,661,-228
116000036,781,1923,-1142
116000037,303,521,-218
116000038,246,715,-469
116000039,283,910,-627
116000040,554,691,-137
116000041,141,693,-552
116000042,842,510,332
116000043,121,562,-441
116000044,15,31,-16
116000045,2026,1756,270
116000046,1055,1548,-493
116000047,1744,2534,-790
116000048,2425,1861,564
116000049,1840,3603,-1763
116000050,1617,1268,349
116000051,6127,3237,2890
116000052,5610,5153,457
116000053,2576,709,1867
116000054,1064,2544,-1480
116000055,910,923,-13
116000056,1355,1119,236
116000057,2749,1411,1338
116000058,3381,2975,406
116000059,2999,5103,-2104
116000060,1901,1046,855
116000061,611,1404,-793
116000062,569,206,363
116000063,646,1636,-990
116000066,297,796,-499
116000067,186,382,-196
116000068,217,297,-80
116000069,291,223,68
116000078,553,1127,-574
116000080,1968,669,1299
116000082,4,18,-14
116000083,2017,470,1547
116000084,1605,2318,-713
116000085,2425,2363,62
116000086,957,598,359
116000087,3118,2198,920
116000088,920,908,12
116000089,249,104,145
116000090,153,180,-27
116000091,303,412,-109
116000093,1010,728,282
116000094,871,405,466
116000095,1174,705,469
116000096,1099,1775,-676
116000097,1317,573,744
116000098,51,7812,-7761
116000099,4816,331,4485
116000100,316,14,302
116000101,1285,453,832
116000102,219,755,-536
116000103,719,354,365
116000104,268,923,-655
116000105,1264,172,1092
116000106,517,801,-284
116000107,2904,263,2641
116000108,144,186,-42
116000111,179,38,141
116000113,243,153,90
116000114,33,123,-90
116000115,517,197,320
116000116,234,259,-25
116000117,1839,1566,273
116000118,1820,1006,814
116000119,4454,1701,2753
116000120,2898,2672,226
116000121,1325,623,702
116000122,1088,935,153
116000123,1537,547,990
116000124,392,618,-226
116000125,3874,845,3029
116000126,352,894,-542
116000127,952,741,211
116000128,2543,1036,1507
116000129,1741,199,1542
116000130,915,721,194
116000133,1681,784,897
116000134,1634,1092,542
116000135,3597,1478,2119
116000136,926,1281,-355
116000137,1365,859,506
116000138,1017,738,279
116000139,1837,2667,-830
116000140,172,210,-38
116000141,435,349,86
116000142,2951,1999,952
116000143,2072,1890,182
116000144,1642,1496,146
116000145,2450,1092,1358
116000146,1019,100,919
116000147,266,136,130
116000148,832,811,21
116000149,848,928,-80
116000151,659,387,272
116000153,84,320,-236
116000155,215,240,-25
116000156,702,1010,-308
116000157,76,12,64
116000158,455,377,78
116000159,18,30,-12
116000160,14,48,-34
116000161,2,70,-68
116000162,57,188,-131
116000163,47,15,32
116000164,9,31,-22
116000177,115,128,-13
116000194,95,370,-275
116000195,1396,545,851
116000196,10,1,9
116000197,4,4,0
116000198,2293,1229,1064
116000200,639,826,-187
116000201,628,631,-3
116000202,17,146,-129
116000203,2,71,-69
116000204,20,48,-28
116000205,1,133,-132
116000206,3,157,-154
116000207,5,55,-50
116000233,186,424,-238
116000287,312,221,91
116000288,401,174,227
116000292,87,47,40
116000296,3,167,-164
116000297,126,13,113
116000304,203,38,165
116000305,22,30,-8
116000346,165,51,114
116000352,139,79,60
116000354,27,62,-35
116000357,12,63,-51
116000358,441,81,360
116000361,38,2,36
116000372,2966,6394,-3428
116000381,122,0,122
116000388,1,40,-39
116000389,961,577,384
116000445,766,292,474
116000446,849,234,615
116000447,33,637,-604
116000448,554,147,407
116000563,864,1115,-251
116000565,42,223,-181
116000568,84,397,-313
116000579,17,91,-74
116000584,23,8,15
116000585,43,19,24
116000586,81,85,-4
116000587,406,497,-91
116000589,48,41,7
116000590,128,68,60
116000591,363,132,231
116000592,6,41,-35
116000593,0,18,-18
116000594,1030,239,791
116000595,822,68,754
116000596,175,9,166
116000597,648,193,455
116000598,29,92,-63
116000602,42,480,-438
116000605,161,111,50
116000606,87,309,-222
116000607,0,17,-17
116000609,107,1184,-1077
116000611,237,251,-14
116000612,1156,2240,-1084
116000613,847,274,573
116000614,449,284,165
116000615,4,417,-413
116000616,80,87,-7
116000617,164,25,139
116000618,6,22,-16
116000619,57,69,-12
116000620,209,126,83
116000621,103,123,-20
116000622,88,142,-54
116000624,321,83,238
116000627,91,31,60
116000628,64,167,-103
116000629,47,182,-135
116000630,646,39,607
116000631,303,30,273
116000632,773,160,613
116000633,80,143,-63
116000634,737,23,714
116000635,2035,2626,-591
116000636,386,1155,-769
116000637,550,8,542
116000638,20,205,-185
116900001,259,133,126
116900002,308,6,302
116900003,67,11,56
116900004,72,85,-13
116900005,352,55,297
116900006,55,309,-254
116900007,107,300,-193
116900008,655,132,523
116900009,52,8,44
116900010,9,524,-515
116900011,22,38,-16
116900012,212,304,-92
116900013,5,90,-85
116900014,227,56,171
116900015,707,37,670
116900016,310,2,308
116900017,1,362,-361
116900018,110,49,61
116900019,6,189,-183
116900020,648,1999,-1351
116900023,82,21,61
116900024,763,41,722
116900025,1625,501,1124
116900026,100,389,-289
116900027,30,44,-14
116900028,3,49,-46
116900029,0,134,-134
116900031,2,1,1
116900032,2,219,-217
116900033,32,6,26
116900034,3,44,-41
116900035,226,158,68
116900036,4,98,-94
116900038,21,2,19
116900041,89,11,78
116900042,283,191,92
116900043,28,95,-67
116900047,19,205,-186
116900049,19,215,-196
116900050,129,256,-127
116900051,262,62,200
116900052,189,68,121
116900055,0,16,-16
116900057,31,108,-77
116900058,25,244,-219
116900059,0,32,-32
116900060,152,166,-14
116900062,0,6,-6
116900064,104,204,-100
116900065,29,75,-46
116900067,135,52,83
116900068,142,138,4
116900070,3,7,-4
116900072,37,180,-143
116900073,25,57,-32
116900074,7,58,-51
116900076,18,42,-24
116900077,9,43,-34
116900078,144,62,82
116900079,60,144,-84
116900080,11,32,-21
116900081,347,813,-466
116900082,352,888,-536
116900083,15,22,-7
116900084,77,57,20
116900085,24,103,-79
116900086,54,201,-147
116900088,350,81,269
116900090,38,20,18
116900091,480,15,465
116900092,104,473,-369
116900093,2388,1660,728
116900094,2998,5526,-2528
116900095,179,163,16
116900096,116,636,-520
116900097,1549,4112,-2563
116900098,723,456,267
116900099,353,916,-563
116900100,1269,84,1185
116900101,218,382,-164
116900103,3,0,3
116900104,42,123,-81
116900105,407,219,188
116900106,3090,213,2877
116900107,1713,3183,-1470
116900110,33,1,32
116900111,826,287,539
116900112,373,468,-95
116900113,943,2064,-1121
116900116,65,666,-601
116900117,192,135,57
116900118,726,1024,-298
116900120,592,80,512
116900121,245,19,226
116900122,1319,340,979
116900123,359,309,50
116900124,146,659,-513
116900125,719,106,613
116900126,90,584,-494
116900128,4,48,-44
116900129,1,188,-187
116900130,553,4958,-4405
116900131,96,286,-190
116900132,78,95,-17
116900133,193,88,105
116900134,294,176,118
116900136,208,233,-25
116900137,215,137,78
116900138,167,140,27
116900139,135,289,-154
116900140,187,137,50
116900141,584,314,270
116900142,4,102,-98
116900143,377,180,197
116900144,50,105,-55
116900145,90,156,-66
116900147,323,1268,-945
116900148,10,53,-43
116900149,86,297,-211
116900150,12,10,2
116900151,71,23,48
116900153,153,127,26
116900154,211,592,-381
116900155,73,120,-47
116900157,886,137,749
116900158,99,291,-192
116900159,61,342,-281
116900160,1001,1229,-228
116900161,4292,8895,-4603
116900162,18,68,-50
116900163,318,90,228
116900164,98,66,32
116900165,494,470,24
116900166,88,35,53
116900167,592,52,540
116900168,509,58,451
116900169,353,934,-581
116900170,689,591,98
116900171,51,152,-101
116900172,141,502,-361
116900173,340,33,307
116900174,92,92,0
116900175,310,400,-90
116900178,49,99,-50
116900179,102,434,-332
116900180,105,18,87
116900182,688,264,424
116900183,273,102,171
116900185,33,70,-37
116900186,89,121,-32
116900187,50,59,-9
116900188,161,38,123
116900189,101,2,99
116900191,317,606,-289
116900192,349,103,246
116900194,159,2011,-1852
116900195,74,30,44
116900196,13,57,-44
116900197,136,24,112
116900198,121,352,-231
116900200,159,14,145
116900201,251,10,241
116900202,79,22,57
116900203,159,6,153
116900204,86,160,-74
116900206,40,4,36
116900207,25,33,-8
116900208,5,56,-51
116900209,23,34,-11
116900210,692,331,361
116900211,336,5,331
116900212,160,29,131
116900213,267,112,155
116900214,248,185,63
116900215,68,62,6
116900216,304,138,166
116900218,56,201,-145
116900219,823,329,494
116900220,157,366,-209
116900221,205,281,-76
116900222,446,390,56
116900223,122,276,-154
116900226,125,19,106
116900227,286,37,249
116900228,450,137,313
116900230,61,112,-51
116900231,55,199,-144
116900232,33,220,-187
116900233,454,125,329
116900234,47,12,35
116900235,165,173,-8
116900238,1125,264,861
116900239,12,1249,-1237
116900240,3694,3768,-74
116900241,204,54,150
116900242,240,850,-610
116900243,3,62,-59
116900245,99,64,35
116900246,158,18,140
116900247,1158,41,1117
116900248,109,64,45
116900249,619,57,562
116900250,514,27,487
116900251,390,968,-578
116900252,191,449,-258
116900253,175,52,123
116900254,26,57,-31
116900255,188,153,35
116900256,514,100,414
116900257,25,275,-250
116900258,13,100,-87
116900259,401,15,386
116900260,2,66,-64
116900261,132,6,126
116900262,212,112,100
116900263,1,13,-12
116900264,1,5,-4
116900265,71,0,71
116900266,21,22,-1
116900267,5,2,3
116900268,290,243,47
116900269,384,796,-412
116900271,648,429,219
116900272,275,206,69
116900273,58,141,-83
116900274,153,34,119
116900275,273,71,202
116900276,520,252,268
116900277,347,55,292
116900278,1,11,-10
116900279,1,15,-14
116900280,56,17,39
116900281,3484,6673,-3189
116900282,17,48,-31
116900283,11,40,-29
116900284,20,119,-99
116900285,121,191,-70
116900286,128,22,106
116900287,2,12,-10
116900288,125,53,72
116900289,17,1,16
116900290,5,4,1
116900291,66,10,56
116900292,0,26,-26
116900293,90,24,66
116900294,8,115,-107
116900295,144,239,-95
116900296,52,148,-96
116900297,2,98,-96
116900298,52,164,-112
116900299,16,182,-166
116900300,2,269,-267
116900301,32,331,-299
116900302,25,127,-102
116900303,78,98,-20
116900304,1,189,-188
116900305,7,33,-26
116900306,286,37,249
117000001,3066,2334,732
117000002,1889,3299,-1410
117000003,6816,3751,3065
117000004,2307,4014,-1707
117000005,3000,2192,808
117000006,1081,2123,-1042
117000007,5628,1245,4383
117000008,964,2423,-1459
117000009,5264,1954,3310
117000010,1786,2474,-688
117000011,3232,1735,1497
117000012,1731,966,765
117000013,2374,887,1487
117000014,1430,2202,-772
117000015,2917,1555,1362
117000016,184,239,-55
117000017,132,261,-129
117000018,112,1000,-888
117000019,35,2,33
117000020,393,2409,-2016
117000021,989,342,647
117000022,205,259,-54
117000023,80,283,-203
117000024,182,436,-254
117000025,256,1711,-1455
117000026,1559,2022,-463
117000027,1087,4171,-3084
117000028,929,2607,-1678
117000030,250,488,-238
117000031,376,385,-9
117000032,1295,1276,19
117000033,1493,743,750
117000034,370,255,115
117000035,538,439,99
117000036,466,330,136
117000037,385,173,212
117000038,199,506,-307
117000039,505,300,205
117000040,227,626,-399
117000041,1428,137,1291
117000044,19,494,-475
117000045,614,141,473
117000046,334,651,-317
117000047,941,772,169
117000048,1466,638,828
117000049,104,501,-397
117000050,277,1155,-878
117000051,3443,74,3369
117000052,71,264,-193
117000053,849,53,796
117000054,1982,26,1956
117000055,8,1718,-1710
117000056,716,35,681
117000057,501,1967,-1466
117000060,468,1077,-609
117000061,2761,1141,1620
117000062,258,543,-285
117000063,2455,1277,1178
117000064,354,475,-121
117000066,669,796,-127
117000067,94,661,-567
117000074,84,194,-110
117000076,93,46,47
117000077,154,154,0
117000078,113,503,-390
117000079,618,279,339
117000080,1,338,-337
117000081,1097,168,929
117000082,20,54,-34
117000083,162,14,148
117000084,191,3,188
117000085,444,892,-448
117000086,909,351,558
117000087,92,494,-402
117000088,359,146,213
117000089,2266,213,2053
117000090,391,799,-408
117000091,1178,281,897
117000092,460,828,-368
117000093,2076,704,1372
117000094,1267,1588,-321
117000095,4557,838,3719
117000096,722,1529,-807
117000097,2192,1006,1186
117000098,1886,2673,-787
117000099,5631,1300,4331
117000100,251,371,-120
117000101,156,666,-510
117000102,2825,789,2036
117000103,628,1131,-503
117000104,2161,729,1432
117000105,596,1026,-430
117000106,1907,703,1204
117000107,471,1194,-723
117000108,2841,1057,1784
117000109,1019,1708,-689
117000110,2107,1779,328
117000111,3905,3880,25
117000112,4355,1615,2740
117000113,144,141,3
117000114,365,127,238
117000115,88,73,15
117000116,187,179,8
117000117,1443,1112,331
117000118,322,166,156
117000119,137,345,-208
117000120,108,946,-838
117000121,28,1101,-1073
117000122,435,901,-466
117000123,1796,50,1746
117000124,125,132,-7
117000125,153,591,-438
117000126,34,23,11
117000127,137,403,-266
117000128,151,950,-799
117000129,244,901,-657
117000130,81,1,80
117000131,0,66,-66
117000132,3907,29,3878
117000133,2861,27,2834
117000134,0,110,-110
117000135,2,138,-136
117000136,0,36,-36
117000137,242,217,25
117000138,1,616,-615
117000140,503,1036,-533
117000141,2559,479,2080
117000181,296,148,148
117000182,1159,1243,-84
117000195,160,701,-541
117000196,441,268,173
117000225,50,150,-100
117000226,2,120,-118
117000276,440,30,410
117000277,0,188,-188
117000310,1505,2624,-1119
117000315,135,583,-448
117000320,58,0,58
117000906,671,25,646
117000907,9,175,-166
117000908,16,162,-146
117000909,36,42,-6
117000910,302,175,127
117000911,61,156,-95
117000915,7,304,-297
117000916,65,5,60
117000917,1738,66,1672
117000918,61,57,4
117000919,13,46,-33
117000920,2,859,-857
117000921,2,536,-534
117000922,14,38,-24
117000924,586,744,-158
117000926,444,168,276
117000927,428,992,-564
117000928,1,74,-73
117000929,327,157,170
117000930,353,10,343
117000931,87,136,-49
117900002,68,601,-533
117900003,295,399,-104
117900005,3,96,-93
117900006,1,103,-102
117900007,163,98,65
117900008,0,22,-22
117900010,442,95,347
117900011,34,357,-323
117900012,60,72,-12
117900013,1,143,-142
117900014,599,115,484
117900015,16,49,-33
117900016,995,1184,-189
117900017,714,300,414
117900018,170,335,-165
117900019,679,144,535
117900020,48,516,-468
117900021,46,48,-2
117900022,38,14,24
117900023,1269,91,1178
117900024,74,40,34
117900025,43,10,33
117900026,569,129,440
117900028,31,7,24
117900029,346,315,31
117900030,673,273,400
117900031,112,224,-112
117900032,1281,772,509
117900033,361,344,17
117900034,47,15,32
117900035,290,113,177
117900036,305,282,23
117900037,250,96,154
117900038,34,139,-105
117900039,1,32,-31
117900040,153,181,-28
117900041,1,47,-46
117900042,2939,356,2583
117900043,27,50,-23
117900044,50,3754,-3704
117900045,231,164,67
117900048,521,174,347
117900049,287,313,-26
117900050,8,226,-218
117900051,6,4,2
117900052,99,531,-432
117900053,2231,296,1935
117900054,4,14,-10
117900055,723,123,600
117900056,31,83,-52
117900057,812,1150,-338
117900058,38,48,-10
117900059,174,100,74
117900060,3166,2651,515
117900061,17,331,-314
117900063,439,157,282
117900065,517,933,-416
117900066,20,107,-87
117900067,872,112,760
117900069,1063,172,891
117900070,95,181,-86
117900071,116,109,7
117900073,798,168,630
117900074,56,289,-233
117900075,84,49,35
117900076,28,48,-20
117900077,693,155,538
117900078,475,812,-337
117900080,160,31,129
117900081,366,389,-23
117900082,734,427,307
117900083,549,229,320
117900086,122,29,93
117900087,165,40,125
117900088,1780,1440,340
117900089,2914,750,2164
117900090,579,258,321
117900091,120,69,51
117900092,126,30,96
117900093,152,36,116
117900094,67,39,28
117900095,426,313,113
117900096,129,187,-58
117900097,369,72,297
117900098,79,16,63
117900099,212,204,8
117900100,448,4,444
117900101,627,2566,-1939
117900102,91,47,44
117900103,61,5,56
117900104,13,507,-494
117900105,85,155,-70
117900106,121,45,76
117900107,67,1,66
117900109,996,388,608
117900110,221,1,220
117900111,554,38,516
117900112,71,10,61
117900113,1315,2189,-874
117900114,35,1,34
117900115,67,152,-85
117900116,804,690,114
117900117,781,190,591
117900118,205,3,202
117900119,262,50,212
117900120,432,58,374
117900121,126,148,-22
117900122,1146,6337,-5191
117900123,769,304,465
117900124,597,502,95
117900125,1619,1695,-76
117900126,216,422,-206
117900127,585,197,388
117900128,455,304,151
117900129,114,0,114
117900130,727,325,402
117900131,0,76,-76
117900132,32,79,-47
117900133,24,51,-27
117900134,79,390,-311
117900135,14,127,-113
117900136,0,27,-27
117900137,51,203,-152
117900138,0,12,-12
117900139,117,89,28
117900140,3070,406,2664
117900141,148,144,4
117900142,21,114,-93
117900144,43,654,-611
117900145,16,94,-78
117900146,161,265,-104
117900147,90,74,16
117900148,2398,2094,304
117900149,175,115,60
117900150,49,58,-9
117900151,38,52,-14
117900152,69,90,-21
117900153,9,123,-114
117900154,531,488,43
117900156,584,564,20
117900157,68,481,-413
117900158,440,141,299
117900160,1015,959,56
117900161,1547,1452,95
117900162,731,410,321
117900163,16,408,-392
117900165,0,7,-7
117900166,96,547,-451
117900168,57,199,-142
117900169,3,111,-108
117900170,1,35,-34
117900171,1,25,-24
117900172,37,15,22
117900173,144,97,47
117900174,36,70,-34
117900175,10,23,-13
117900176,18,19,-1
117900177,25,16,9
117900178,77,45,32
117900180,232,34,198
117900181,46,596,-550
117900182,2,44,-42
117900183,89,202,-113
117900184,29,65,-36
117900185,80,57,23
117900186,80,22,58
117900187,51,10,41
117900188,241,41,200
117900189,93,40,53
117900190,18,3,15
117900191,138,2,136
117900192,332,1,331
117900193,4,56,-52
117900194,17,2,15
117900195,50,108,-58
117900196,18,31,-13
117900207,87,144,-57
117900208,25,33,-8
117900209,209,138,71
117900210,111,198,-87
117900211,4,119,-115
117900212,174,163,11
117900213,49,9,40
117900214,12,39,-27
117900215,29,50,-21
117900216,16,34,-18
117900217,28,283,-255
117900218,85,80,5
117900219,1,117,-116
117900220,48,232,-184
117900222,210,166,44
117900223,135,333,-198
118000001,769,1396,-627
118000002,507,1536,-1029
118000003,2134,3989,-1855
118000004,1530,2124,-594
118000005,2677,5233,-2556
118000006,2392,7315,-4923
118000007,4502,5254,-752
118000008,1706,3575,-1869
118000009,1431,3058,-1627
118000010,6278,4321,1957
118000011,1971,1811,160
118000012,1025,1414,-389
118000013,1908,1678,230
118000014,1727,1320,407
118000016,289,258,31
118000017,743,386,357
118000018,459,431,28
118000019,1742,1873,-131
118000020,790,3537,-2747
118000021,504,3460,-2956
118000022,1227,1048,179
118000023,588,250,338
118000024,778,1722,-944
118000027,8026,12306,-4280
118000029,557,982,-425
118000032,326,3704,-3378
118000033,2717,6862,-4145
118000034,3592,3027,565
118000035,2343,3497,-1154
118000036,796,1259,-463
118000037,776,1003,-227
118000038,288,111,177
118000039,88,174,-86
118000040,1741,1228,513
118000041,3010,1315,1695
118000045,201,235,-34
118000046,963,1128,-165
118000047,631,1569,-938
118000048,1438,2225,-787
118000051,1901,4678,-2777
118000052,1107,2159,-1052
118000053,210,659,-449
118000054,1997,1158,839
118000055,1961,1670,291
118000056,201,630,-429
118000057,257,465,-208
118000058,2233,3732,-1499
118000059,1703,2564,-861
118000060,1666,582,1084
118000061,1414,1130,284
118000062,522,353,169
118000063,434,1189,-755
118000064,799,1369,-570
118000065,1929,1393,536
118000066,1323,2538,-1215
118000067,463,716,-253
118000068,1067,6237,-5170
118000069,1562,1040,522
118000070,3716,1789,1927
118000071,2725,7203,-4478
118000072,877,1641,-764
118000073,643,863,-220
118000074,710,436,274
118000075,611,265,346
118000076,1462,3649,-2187
118000077,1037,1178,-141
118000078,1873,2852,-979
118000079,203,567,-364
118000080,653,833,-180
118000081,1667,1606,61
118000082,288,1363,-1075
118000083,1196,1869,-673
118000084,2592,2213,379
118000086,217,596,-379
118000087,3528,2417,1111
118000088,1506,1622,-116
118000089,3605,2803,802
118000090,2394,3150,-756
118000091,981,3618,-2637
118000092,854,587,267
118000093,112,716,-604
118000096,545,634,-89
118000097,815,721,94
118000098,280,176,104
118000099,940,535,405
118000101,1641,414,1227
118000102,541,753,-212
118000107,1222,453,769
118000108,536,3470,-2934
118000110,1,42,-41
118000111,1,79,-78
118000112,795,4,791
118000113,2,236,-234
118000114,629,24,605
118000115,11,6,5
118000116,23,1,22
118000117,666,667,-1
118000118,969,1444,-475
118000119,982,1198,-216
118000120,1292,929,363
118000121,40,580,-540
118000122,806,332,474
118000123,48,309,-261
118000125,1119,785,334
118000126,619,1799,-1180
118000127,1609,810,799
118000128,453,1185,-732
118000129,1113,538,575
118000130,1669,2349,-680
118000131,301,481,-180
118000132,3792,2980,812
118000133,1330,517,813
118000135,535,696,-161
118000136,173,381,-208
118000137,598,118,480
118000138,460,334,126
118000139,612,88,524
118000140,3188,7361,-4173
118000141,2772,1728,1044
118000142,2498,1536,962
118000143,3326,1400,1926
118000144,1160,556,604
118000145,1888,1033,855
118000146,1564,552,1012
118000147,1268,1063,205
118000148,705,1103,-398
118000149,1108,934,174
118000150,805,253,552
118000151,871,329,542
118000153,2058,1017,1041
118000154,1573,1497,76
118000155,2358,1196,1162
118000156,2239,2983,-744
118000157,644,357,287
118000158,252,508,-256
118000159,23,112,-89
118000160,891,425,466
118000161,755,438,317
118000162,1709,1098,611
118000163,1153,916,237
118000164,2031,1512,519
118000168,655,1260,-605
118000169,901,952,-51
118000170,2930,2681,249
118000171,498,386,112
118000172,87,227,-140
118000173,1123,1572,-449
118000175,297,402,-105
118000176,400,756,-356
118000177,311,803,-492
118000178,30,50,-20
118000179,1067,1610,-543
118000180,846,817,29
118000181,881,278,603
118000182,296,302,-6
118000183,305,363,-58
118000184,1263,646,617
118000185,1051,1810,-759
118000186,898,1474,-576
118000187,2040,465,1575
118000188,768,118,650
118000189,986,458,528
118000190,9,7,2
118000191,24,11,13
118000192,44,272,-228
118000193,37,223,-186
118000194,1280,834,446
118000195,256,1674,-1418
118000196,135,287,-152
118000197,45,149,-104
118000198,344,869,-525
118000199,315,564,-249
118000200,142,247,-105
118000201,334,595,-261
118000202,71,63,8
118000203,398,715,-317
118000204,86,415,-329
118000205,100,293,-193
118000206,263,231,32
118000207,0,43,-43
118000208,1388,1522,-134
118000209,2358,1150,1208
118000210,197,26,171
118000211,35,20,15
118000213,684,3954,-3270
118000214,438,665,-227
118000215,378,91,287
118000216,3594,1470,2124
118000217,39,58,-19
118000218,110,66,44
118000219,361,202,159
118000220,9,33,-24
118000221,441,436,5
118000222,92,7,85
118000223,39,41,-2
118000224,153,53,100
118000225,103,550,-447
118000226,1129,194,935
118000227,616,469,147
118000228,63,277,-214
118000229,64,154,-90
118000230,155,138,17
118000231,91,191,-100
118000232,969,404,565
118000233,1388,696,692
118000234,611,227,384
118000236,404,240,164
118000237,109,263,-154
118000238,274,130,144
118000239,312,254,58
118000240,189,126,63
118000241,224,194,30
118000242,518,289,229
118000243,363,154,209
118000244,102,69,33
118000246,0,52,-52
118000255,57,268,-211
118000256,117,193,-76
118000259,6,85,-79
118000260,260,130,130
118000261,59,25,34
118000263,111,154,-43
118000266,176,201,-25
118000267,0,123,-123
118000268,224,5,219
118000270,119,12,107
118000271,197,173,24
118000272,211,36,175
118000273,285,45,240
118000274,112,244,-132
118000276,610,368,242
118000295,13,134,-121
118000298,226,182,44
118000299,61,78,-17
118000301,0,63,-63
118000302,110,55,55
118000311,838,82,756
118000312,474,147,327
118000313,79,89,-10
118000314,190,29,161
118000315,67,15,52
118000316,957,391,566
118000325,65,23,42
118000326,80,25,55
118000331,46,12,34
118000332,21,21,0
118000333,41,31,10
118000335,527,2,525
118000336,0,102,-102
118000407,372,67,305
118000457,6,32,-26
118000465,992,3977,-2985
118000480,55,53,2
118000489,7,647,-640
118000490,14,144,-130
118000492,416,148,268
118000510,64,22,42
118000514,66,378,-312
118000515,685,986,-301
118000517,364,117,247
118000524,264,429,-165
118000525,617,718,-101
118000530,44,90,-46
118000531,488,258,230
118000532,312,259,53
118000533,262,122,140
118000534,633,368,265
118000535,441,138,303
118000536,131,1176,-1045
118000537,39,191,-152
118000538,23,115,-92
118000539,8,109,-101
118000540,263,141,122
118000541,140,92,48
118000542,157,222,-65
118000543,243,264,-21
118000546,57,28,29
118000560,1297,2719,-1422
118000562,36,89,-53
118000563,1251,1002,249
118000576,171,86,85
118000577,219,121,98
118000578,77,73,4
118000579,481,1565,-1084
118000595,236,86,150
118000596,1,241,-240
118000597,109,85,24
118000598,13,1,12
118000599,144,49,95
118000600,3,12,-9
118000601,12,0,12
118000602,0,16,-16
118000603,0,8,-8
118900001,374,1345,-971
118900002,701,1073,-372
118900003,611,10,601
118900004,47,33,14
118900005,120,7,113
118900006,172,5,167
118900007,20,2,18
118900008,1183,54,1129
118900009,99,99,0
118900010,81,11,70
118900011,162,31,131
118900012,459,200,259
118900013,596,270,326
118900015,336,69,267
118900016,21,10,11
118900017,99,273,-174
118900018,1008,42,966
118900019,16,15,1
118900020,86,153,-67
118900021,155,319,-164
118900022,161,79,82
118900023,130,83,47
118900024,138,147,-9
118900025,36,15,21
118900026,108,44,64
118900027,363,145,218
118900028,172,122,50
118900029,353,546,-193
118900030,698,46,652
118900031,237,56,181
118900032,285,107,178
118900033,378,623,-245
118900034,276,34,242
118900035,169,93,76
118900036,1400,706,694
118900037,287,435,-148
118900038,518,111,407
118900039,753,142,611
118900040,309,167,142
118900041,700,158,542
118900042,217,81,136
118900045,410,151,259
118900046,704,466,238
118900047,389,261,128
118900048,112,329,-217
118900049,45,47,-2
118900050,77,8,69
118900051,45,131,-86
118900052,291,332,-41
118900053,28,77,-49
118900054,190,29,161
118900055,188,46,142
118900056,24,281,-257
118900057,945,536,409
118900058,413,325,88
118900059,12,87,-75
118900060,61,121,-60
118900062,531,203,328
118900064,220,784,-564
118900065,112,141,-29
118900066,103,108,-5
118900067,2585,5409,-2824
118900068,10,209,-199
118900069,656,159,497
118900071,8,51,-43
118900072,606,366,240
118900073,221,138,83
118900074,203,79,124
118900075,85,28,57
118900076,208,229,-21
118900077,313,226,87
118900078,12,3,9
118900079,58,97,-39
118900080,37,97,-60
118900081,60,54,6
118900082,1512,193,1319
118900083,34,5,29
118900084,8,17,-9
118900085,690,473,217
118900086,41,132,-91
118900087,55,447,-392
118900088,3,7,-4
118900089,24,25,-1
118900090,754,234,520
118900091,203,299,-96
118900092,386,67,319
118900093,84,28,56
118900096,83,23,60
118900097,388,460,-72
118900099,86,237,-151
118900100,107,154,-47
118900101,277,302,-25
118900102,47,65,-18
118900103,74,205,-131
118900104,342,136,206
118900105,252,82,170
118900107,133,68,65
118900108,135,109,26
118900110,1062,1078,-16
118900111,768,362,406
118900112,126,199,-73
118900113,80,229,-149
118900114,16,60,-44
118900115,135,464,-329
118900116,135,227,-92
118900117,165,169,-4
118900118,343,265,78
118900119,120,210,-90
118900120,119,365,-246
118900121,34,100,-66
118900122,11,1270,-1259
118900123,186,203,-17
118900124,129,119,10
118900126,29,489,-460
118900129,251,239,12
118900130,34,206,-172
118900131,287,185,102
118900132,355,259,96
118900133,11,105,-94
118900135,217,166,51
118900136,290,336,-46
118900137,12,49,-37
118900139,274,160,114
118900140,586,418,168
118900141,105,96,9
118900144,185,271,-86
118900145,28,90,-62
118900146,526,712,-186
118900147,93,201,-108
118900148,107,47,60
118900150,110,520,-410
118900152,657,540,117
118900157,72,206,-134
118900158,175,33,142
118900159,2,115,-113
118900161,71,7,64
118900163,45,76,-31
118900164,2,59,-57
118900165,92,58,34
118900166,37,0,37
118900167,127,63,64
118900168,30,228,-198
118900169,174,140,34
118900170,319,35,284
118900171,69,29,40
118900174,86,61,25
118900175,609,445,164
118900176,163,233,-70
118900177,120,27,93
118900178,112,172,-60
118900179,16,44,-28
118900181,109,81,28
118900182,108,109,-1
118900183,39,151,-112
118900184,339,125,214
118900185,97,60,37
118900186,121,102,19
118900187,273,282,-9
118900188,304,226,78
118900189,65,983,-918
118900190,47,152,-105
118900191,266,40,226
118900192,329,3,326
118900193,854,7,847
118900195,237,420,-183
118900196,70,138,-68
118900197,257,28,229
118900198,41,9,32
118900199,143,20,123
118900200,45,53,-8
118900201,52,63,-11
118900202,16,52,-36
118900203,32,12,20
118900204,23,13,10
118900205,3,7,-4
118900206,5,10,-5
119000001,1643,2917,-1274
119000002,4682,5695,-1013
119000003,3993,843,3150
119000004,2823,1624,1199
119000005,2174,2466,-292
119000006,3728,1698,2030
119000007,4508,3907,601
119000008,2053,1462,591
119000009,3848,6493,-2645
119000010,4650,4147,503
119000011,2841,3166,-325
119000012,1296,3478,-2182
119000013,3295,2144,1151
119000014,1416,2214,-798
119000019,296,206,90
119000020,2918,1685,1233
119000021,6493,3439,3054
119000022,1589,4361,-2772
119000023,310,235,75
119000024,2475,15450,-12975
119000025,3894,1040,2854
119000026,73,727,-654
119000027,235,348,-113
119000028,1661,599,1062
119000029,84,372,-288
119000030,605,920,-315
119000031,1111,684,427
119000032,5876,2506,3370
119000033,2575,1204,1371
119000034,1259,969,290
119000035,49,248,-199
119000036,2583,524,2059
119000037,1637,959,678
119000038,275,449,-174
119000039,534,353,181
119000040,829,867,-38
119000041,712,1364,-652
119000048,2351,1817,534
119000049,2339,1432,907
119000050,1362,1200,162
119000051,2086,996,1090
119000052,1900,2431,-531
119000053,1933,1025,908
119000054,3717,1833,1884
119000055,6404,2521,3883
119000056,3626,1911,1715
119000057,1733,1271,462
119000058,2041,1194,847
119000059,1329,1133,196
119000060,2023,1092,931
119000061,1865,625,1240
119000062,1151,1170,-19
119000063,816,580,236
119000064,1154,1618,-464
119000065,1875,5080,-3205
119000066,2611,1451,1160
119000067,2690,1780,910
119000068,2022,867,1155
119000069,2047,2499,-452
119000070,3558,679,2879
119000071,542,869,-327
119000072,5230,5779,-549
119000073,4793,10254,-5461
119000074,1586,1477,109
119000075,4678,2726,1952
119000076,336,3677,-3341
119000077,703,1770,-1067
119000078,483,493,-10
119000079,160,1797,-1637
119000080,703,221,482
119000081,338,1328,-990
119000082,1070,291,779
119000083,861,442,419
119000084,389,597,-208
119000085,1418,188,1230
119000086,358,493,-135
119000087,1203,481,722
119000088,384,223,161
119000089,107,228,-121
119000090,158,92,66
119000091,98,394,-296
119000092,637,151,486
119000093,3564,2195,1369
119000094,3989,4701,-712
119000095,2409,2813,-404
119000097,1722,1023,699
119000098,1322,3987,-2665
119000099,2404,1170,1234
119000100,5184,3423,1761
119000101,4739,2708,2031
119000102,763,1573,-810
119000103,1319,1002,317
119000104,1625,993,632
119000105,1069,2672,-1603
119000106,407,779,-372
119000107,1497,596,901
119000108,426,570,-144
119000109,169,2526,-2357
119000110,513,2969,-2456
119000111,40,1101,-1061
119000112,230,588,-358
119000113,1726,598,1128
119000114,1609,1332,277
119000115,191,104,87
119000116,126,141,-15
119000117,233,444,-211
119000118,4,0,4
119000123,3686,3011,675
119000124,1007,151,856
119000125,5470,543,4927
119000126,1254,446,808
119000127,843,359,484
119000128,33,2,31
119000131,1204,310,894
119000132,2,2,0
119000133,0,4,-4
119000134,1415,485,930
119000135,205,402,-197
119000136,425,95,330
119000137,424,236,188
119000138,757,105,652
119000139,458,119,339
119000140,434,479,-45
119000284,1110,2082,-972
119000285,1826,1566,260
119000286,5047,3519,1528
119000287,1293,1345,-52
119000288,2187,727,1460
119000289,1400,2001,-601
119000290,236,261,-25
119000291,28,164,-136
119000293,155,247,-92
119000294,60,42,18
119000295,1113,202,911
119000296,323,198,125
119000302,1440,1237,203
119000303,54,210,-156
119000314,1428,12821,-11393
119000315,1,140,-139
119000316,266,80,186
119000317,242,123,119
119900001,233,1596,-1363
119900002,202,173,29
119900003,35,521,-486
119900004,189,2033,-1844
119900005,317,73,244
119900006,286,479,-193
119900007,999,345,654
119900008,220,63,157
119900009,626,429,197
119900010,1203,2837,-1634
119900011,32,241,-209
119900012,22,149,-127
119900013,2612,2632,-20
119900014,555,504,51
119900015,225,47,178
119900016,41,53,-12
119900017,51,42,9
119900018,1530,1313,217
119900019,64,14,50
119900020,163,212,-49
119900021,253,70,183
119900022,98,1323,-1225
119900023,341,2484,-2143
119900025,447,25,422
119900026,515,171,344
119900027,12,19,-7
119900028,242,202,40
119900029,3,10,-7
119900030,703,371,332
119900031,118,657,-539
119900033,2893,504,2389
119900034,709,42,667
119900037,270,24,246
119900038,36,556,-520
119900039,74,11,63
119900040,108,17,91
119900041,266,16,250
119900042,207,220,-13
119900043,148,135,13
119900044,185,1253,-1068
119900046,240,45,195
119900047,474,145,329
119900048,71,7,64
119900049,155,6,149
119900050,166,221,-55
119900051,921,15,906
119900052,127,15,112
119900053,395,156,239
119900054,295,12,283
119900055,1602,490,1112
119900057,426,41,385
119900058,398,24,374
119900059,97,48,49
119900060,476,55,421
119900062,193,15,178
119900063,13,78,-65
119900064,624,88,536
119900065,267,8,259
119900066,1,1,0
119900067,177,11,166
119900068,760,3,757
119900069,206,87,119
119900070,1559,17,1542
119900071,1267,60,1207
119900073,1441,529,912
119900074,54,43,11
119900075,2126,2473,-347
119900076,1142,258,884
119900077,1187,442,745
119900078,865,687,178
119900079,577,197,380
119900080,1981,1041,940
119900081,511,34,477
119900082,2880,435,2445
119900083,388,115,273
119900084,604,380,224
119900085,47,40,7
119900087,705,594,111
119900088,37,28,9
119900089,98,265,-167
119900090,99,33,66
119900091,70,402,-332
119900092,83,329,-246
119900093,1662,235,1427
119900094,35,175,-140
119900095,198,129,69
119900096,51,82,-31
119900097,388,192,196
119900098,42,47,-5
119900099,35,163,-128
119900100,1146,2902,-1756
119900101,151,2352,-2201
119900102,81,120,-39
119900103,46,175,-129
119900104,53,171,-118
119900105,982,12562,-11580
119900106,35,92,-57
119900107,246,1324,-1078
119900108,8288,665,7623
119900109,20,137,-117
119900110,1141,392,749
119900111,216,118,98
119900112,812,739,73
119900113,60,176,-116
119900114,379,665,-286
119900115,551,553,-2
119900116,146,475,-329
119900117,505,319,186
119900118,176,372,-196
119900119,372,164,208
119900120,678,605,73
119900121,601,504,97
119900122,203,220,-17
119900123,229,377,-148
119900124,343,395,-52
119900125,63,212,-149
119900126,5188,265,4923
119900127,1182,771,411
119900128,604,411,193
119900129,386,227,159
119900130,10,173,-163
119900131,46,122,-76
119900132,8,104,-96
119900133,129,107,22
119900134,887,182,705
119900135,0,243,-243
119900136,164,224,-60
119900138,211,393,-182
119900139,62,155,-93
119900140,6,119,-113
119900141,74,964,-890
119900142,13,64,-51
119900143,32,511,-479
119900144,1078,219,859
119900145,81,116,-35
119900146,222,153,69
119900147,4,184,-180
119900148,386,65,321
119900149,594,6183,-5589
119900150,127,124,3
119900151,2379,887,1492
119900152,212,168,44
119900153,301,38,263
119900154,31,99,-68
119900155,93,37,56
119900156,14,6,8
119900157,210,175,35
119900158,351,75,276
119900159,6,552,-546
119900160,16,93,-77
119900161,119,88,31
119900162,1338,1380,-42
119900163,76,147,-71
119900164,0,0,0
119900165,209,90,119
119900166,120,65,55
119900167,35,71,-36
119900168,1413,548,865
119900169,42,291,-249
119900170,187,253,-66
119900171,1190,336,854
119900172,88,33,55
119900173,8,163,-155
119900174,3,105,-102
119900175,2050,525,1525
119900177,13,134,-121
119900178,7,90,-83
119900179,153,1065,-912
119900180,1318,1115,203
119900181,42,156,-114
119900182,14,167,-153
119900183,124,558,-434
119900184,939,410,529
119900185,96,293,-197
119900186,48,1708,-1660
119900187,16,214,-198
119900188,192,234,-42
119900189,284,380,-96
119900190,91,435,-344
119900191,214,358,-144
119900192,105,148,-43
119900193,748,135,613
119900194,53,110,-57
119900195,338,192,146
119900196,460,175,285
119900197,357,161,196
119900198,327,252,75
119900199,192,25,167
119900200,775,745,30
119900201,289,230,59
119900202,115,347,-232
119900203,268,645,-377
119900204,466,254,212
119900205,1104,265,839
119900206,417,150,267
119900208,235,267,-32
119900209,730,1988,-1258
119900210,56,17,39
119900211,66,5,61
119900212,394,246,148
119900213,11,99,-88
119900214,77,40,37
119900215,44,34,10
119900216,17,22,-5
119900217,14,29,-15
119900218,30,73,-43
119900219,21,43,-22
119900220,13,40,-27
119900221,49,136,-87
119900222,20,74,-54
119900223,13,31,-18
119900224,11,29,-18
119900225,489,40,449
119900226,270,2206,-1936
119900227,541,321,220
119900228,176,205,-29
119900229,263,364,-101
119900230,1127,337,790
119900231,404,94,310
119900232,203,201,2
119900233,103,10,93
119900234,15,156,-141
119900235,19,70,-51
119900236,24,117,-93
119900237,64,683,-619
119900238,3,49,-46
119900240,131,95,36
119900241,188,158,30
119900242,1445,1603,-158
119900244,652,1230,-578
119900245,172,196,-24
119900246,309,665,-356
119900247,45,164,-119
119900248,86,415,-329
119900249,337,180,157
119900253,1170,465,705
119900254,113,1227,-1114
119900255,196,1059,-863
119900256,1183,646,537
119900257,181,7,174
119900258,437,55,382
119900259,11,63,-52
119900260,255,16,239
119900261,573,225,348
119900262,0,90,-90
119900263,1274,344,930
119900264,235,84,151
119900265,1207,372,835
119900266,678,159,519
119900267,297,395,-98
119900268,180,78,102
119900269,2207,707,1500
119900271,51,104,-53
119900272,392,484,-92
119900275,218,59,159
119900276,102,6,96
119900277,11,13,-2
119900278,216,178,38
119900279,119,324,-205
119900280,476,125,351
119900281,2,424,-422
119900282,82,195,-113
119900283,33,100,-67
119900284,61,126,-65
119900285,11,133,-122
119900286,5,24,-19
119900288,9,8,1
119900289,0,20,-20
119900290,11,6,5
119900291,0,61,-61
119900292,78,33,45
119900293,43,6,37
119900294,37,0,37
119900295,0,0,0
119900296,0,0,0
119900299,91,100,-9
119900300,335,229,106
119900301,75,153,-78
119900302,138,156,-18
119900303,400,147,253
119900304,259,14,245
119900305,8,81,-73
119900306,29,2,27
119900307,82,37,45
119900308,13,27,-14
119900309,79,204,-125
119900310,266,266,0
119900311,160,62,98
119900312,167,93,74
119900313,350,257,93
119900314,338,456,-118
119900315,2555,1101,1454
119900318,22,78,-56
119900319,130,176,-46
119900320,294,423,-129
119900321,120,8,112
119900322,17,101,-84
119900323,3,108,-105
119900324,2,31,-29
119900325,168,146,22
119900326,25,56,-31
120000001,7664,23145,-15481
120000002,2871,2266,605
120000003,2629,1596,1033
120000004,2433,1199,1234
120000005,2545,1666,879
120000006,1184,950,234
120000007,2807,3693,-886
120000008,890,1140,-250
120000009,1701,1033,668
120000010,2077,2216,-139
120000011,1064,1284,-220
120000012,1864,1890,-26
120000013,3610,2511,1099
120000014,747,1328,-581
120000015,2706,1470,1236
120000016,4560,2292,2268
120000017,4432,3347,1085
120000018,3379,15745,-12366
120000019,1129,1504,-375
120000020,2775,4177,-1402
120000021,2085,2641,-556
120000022,2651,3989,-1338
120000023,1406,1902,-496
120000024,1305,2793,-1488
120000025,2956,1782,1174
120000026,3274,1679,1595
120000027,2647,2268,379
120000028,1285,5070,-3785
120000029,1362,4410,-3048
120000030,1136,1049,87
120000031,2336,6235,-3899
120000032,6259,3582,2677
120000033,5304,1632,3672
120000034,3310,1354,1956
120000035,3480,2177,1303
120000036,4409,5721,-1312
120000037,598,1763,-1165
120000038,5707,3831,1876
120000039,1103,826,277
120000040,235,1202,-967
120000041,755,1367,-612
120000042,2231,1367,864
120000043,5244,1100,4144
120000044,6851,1585,5266
120000045,8380,978,7402
120000046,5137,3411,1726
120000047,609,7886,-7277
120000048,6688,4316,2372
120000049,3951,3133,818
120000050,3911,3428,483
120000051,2634,3790,-1156
120000052,7001,1740,5261
120000053,1674,1451,223
120000054,1827,2735,-908
120000055,2015,3392,-1377
120000056,5533,3574,1959
120000057,5033,1946,3087
120000058,1794,4006,-2212
120000059,21,2009,-1988
120000061,148,384,-236
120000062,167,359,-192
120000063,912,1694,-782
120000064,249,738,-489
120000065,714,897,-183
120000066,253,587,-334
120000067,31,513,-482
120000068,253,403,-150
120000069,607,402,205
120000070,143,394,-251
120000071,965,73,892
120000072,1237,432,805
120000073,1259,123,1136
120000074,176,175,1
120000075,1322,441,881
120000076,3322,433,2889
120000077,2844,752,2092
120000078,3642,1413,2229
120000079,459,194,265
120000080,278,207,71
120000081,536,157,379
120000082,332,272,60
120000083,86,893,-807
120000084,422,347,75
120000085,342,371,-29
120000086,310,323,-13
120000087,323,251,72
120000088,981,889,92
120000089,1314,552,762
120000090,848,464,384
120000091,1461,756,705
120000092,1677,608,1069
120000093,778,590,188
120000094,280,985,-705
120000095,1146,407,739
120000096,394,516,-122
120000098,1224,497,727
120000099,521,624,-103
120000100,967,631,336
120000101,773,386,387
120000102,756,1291,-535
120000103,1863,1094,769
120000104,2548,555,1993
120000105,3883,671,3212
120000106,3398,670,2728
120000107,6056,598,5458
120000108,2166,134,2032
120000109,1640,101,1539
120000110,64,800,-736
120000111,110,823,-713
120000112,894,1660,-766
120000113,585,1304,-719
120000114,851,1528,-677
120000115,380,1372,-992
120000116,742,1444,-702
120000117,776,1087,-311
120000118,39,61,-22
120000119,48,56,-8
120000120,112,122,-10
120000121,21,54,-33
120000122,254,655,-401
120000123,2831,9681,-6850
120000124,526,350,176
120000125,902,564,338
120000126,366,1287,-921
120000127,1470,1598,-128
120000128,2205,5117,-2912
120000129,218,299,-81
120000130,976,508,468
120000131,547,676,-129
120000134,410,498,-88
120000135,1243,740,503
120000137,384,420,-36
120000138,2167,267,1900
120000139,472,280,192
120000140,1791,260,1531
120000141,873,266,607
120000142,1457,409,1048
120000143,1,76,-75
120000144,188,9,179
120000145,715,1,714
120000146,710,1043,-333
120000149,677,720,-43
120000150,2380,11562,-9182
120000151,607,407,200
120000152,987,184,803
120000153,574,397,177
120000154,699,614,85
120000155,206,330,-124
120000156,505,1818,-1313
120000157,1347,646,701
120000158,1191,674,517
120000159,2049,2021,28
120000160,2613,2137,476
120000161,3102,2254,848
120000162,78,274,-196
120000163,1111,705,406
120000164,879,242,637
120000165,877,461,416
120000166,1747,394,1353
120000167,534,478,56
120000168,31,1491,-1460
120000169,133,3976,-3843
120000170,74,3587,-3513
120000171,36,1210,-1174
120000172,35,706,-671
120000173,841,4034,-3193
120000174,182,97,85
120000175,116,98,18
120000176,125,98,27
120000177,1012,140,872
120000178,50,40,10
120000179,90,86,4
120000180,347,237,110
120000181,250,3106,-2856
120000182,75,1353,-1278
120000183,9,1112,-1103
120000184,255,3056,-2801
120000186,43,1640,-1597
120000187,26,657,-631
120000188,61,1416,-1355
120000190,232,122,110
120000191,358,174,184
120000192,348,53,295
120000193,103,14,89
120000195,37,5,32
120000196,138,34,104
120000197,68,44,24
120000198,280,30,250
120000199,199,0,199
120000200,209,0,209
120000201,31,31,0
120000202,15,56,-41
120000203,124,130,-6
120000207,1,42,-41
120000208,18,92,-74
120000209,14,36,-22
120000210,52,59,-7
120000211,315,4,311
120000212,317,1,316
120000213,266,117,149
120000214,0,139,-139
120000215,2,121,-119
120000216,248,31,217
120000217,402,795,-393
120000218,78,455,-377
120000219,8,295,-287
120000220,29,813,-784
120000225,2886,8,2878
120000226,640,8,632
120000227,1114,144,970
120000228,17207,4408,12799
120000230,709,29,680
120000231,2155,1263,892
120000233,491,10,481
120000235,400,420,-20
120000236,1398,3,1395
120000237,1,646,-645
120000238,7,1718,-1711
120000241,1315,4332,-3017
120000412,381,23,358
120000413,497,113,384
120000414,277,4,273
120000415,5,24,-19
120000416,151,0,151
120000417,10,179,-169
120000418,348,15,333
120000419,19,83,-64
120000420,30,14,16
120000421,6958,4686,2272
120000422,78,1951,-1873
120000423,4,97,-93
120000424,216,127,89
120000436,122,965,-843
120000437,100,154,-54
120000438,1624,249,1375
120000439,332,724,-392
120000443,170,2,168
120000444,1993,307,1686
120000445,2386,1027,1359
120000446,921,167,754
120000447,239,3,236
120000449,287,4,283
120000450,10,128,-118
120000451,149,238,-89
120000452,687,6,681
120000453,0,108,-108
120000454,47,97,-50
120000455,104,38,66
120000456,4125,4780,-655
120000457,558,379,179
120000458,501,517,-16
120000459,144,111,33
120000665,487,389,98
120000668,183,4208,-4025
120000669,185,164,21
120000670,122,3412,-3290
120000671,2479,802,1677
120000672,87,597,-510
120900001,88,84,4
120900002,201,839,-638
120900003,205,16,189
120900004,17,172,-155
120900005,189,529,-340
120900006,684,265,419
120900007,306,83,223
120900008,540,620,-80
120900009,565,40,525
120900010,742,198,544
120900011,176,281,-105
120900012,126,1528,-1402
120900013,519,169,350
120900014,34,317,-283
120900015,1365,119,1246
120900016,1493,65,1428
120900017,2083,74,2009
120900018,288,316,-28
120900019,686,518,168
120900020,730,1719,-989
120900021,1237,284,953
120900022,19,221,-202
120900023,462,37,425
120900024,1913,517,1396
120900025,1167,952,215
120900026,180,156,24
120900027,778,18,760
120900028,690,197,493
120900029,76,880,-804
120900030,2331,926,1405
120900031,409,155,254
120900032,1770,108,1662
120900033,1779,119,1660
120900034,25,3189,-3164
120900035,101,128,-27
120900037,375,14,361
120900038,105,533,-428
120900039,120,85,35
120900040,621,7,614
120900041,101,60,41
120900042,921,44,877
120900043,91,64,27
120900044,8,469,-461
120900045,150,61,89
120900046,927,14,913
120900047,266,235,31
120900048,201,55,146
120900049,861,2,859
120900050,1171,2524,-1353
120900051,521,97,424
120900052,1063,11,1052
120900053,590,53,537
120900054,1271,397,874
120900055,627,6,621
120900056,855,59,796
120900057,225,35,190
120900058,1005,3,1002
120900059,220,5,215
120900060,131,49,82
120900061,255,194,61
120900062,385,2,383
120900063,1117,18,1099
120900064,1077,5,1072
120900065,839,3,836
120900066,615,145,470
120900067,221,124,97
120900068,612,2,610
120900069,487,17,470
120900071,134,9,125
120900072,1333,5,1328
120900073,978,45,933
120900074,985,25,960
120900076,604,2,602
120900077,1644,326,1318
120900078,1090,375,715
120900079,1422,96,1326
120900080,1299,636,663
120900081,1891,373,1518
120900082,379,604,-225
120900083,130,3,127
120900084,653,683,-30
120900085,60,107,-47
120900086,120,520,-400
120900087,621,493,128
120900088,294,847,-553
120900089,1795,4152,-2357
120900090,380,60,320
120900091,714,1156,-442
120900092,603,282,321
120900093,1097,116,981
120900094,318,148,170
120900095,398,39,359
120900096,75,213,-138
120900097,705,383,322
120900098,158,129,29
120900099,85,87,-2
120900100,63,163,-100
120900101,321,132,189
120900102,70,98,-28
120900103,157,315,-158
120900104,15,88,-73
120900105,52,259,-207
120900106,698,264,434
120900107,157,139,18
120900108,28,215,-187
120900109,38,357,-319
120900110,6,263,-257
120900111,220,253,-33
120900112,40,347,-307
120900113,25,401,-376
120900114,43,90,-47
120900115,143,298,-155
120900116,711,184,527
120900117,6,189,-183
120900118,22,323,-301
120900119,14735,3070,11665
120900120,59,340,-281
120900121,49,338,-289
120900122,1071,238,833
120900123,2,143,-141
120900124,3,272,-269
120900125,4,398,-394
120900126,1024,743,281
120900127,29,192,-163
120900128,764,1135,-371
120900129,36,222,-186
120900130,33,345,-312
120900131,223,220,3
120900132,1468,220,1248
120900133,77,491,-414
120900134,363,262,101
120900135,4,257,-253
120900136,77,265,-188
120900137,434,94,340
120900138,22,165,-143
120900139,2,385,-383
120900140,2,418,-416
120900141,324,233,91
120900142,12,160,-148
120900143,4,459,-455
120900144,0,93,-93
120900145,421,489,-68
120900146,2,417,-415
120900147,3,390,-387
120900148,172,138,34
120900149,0,107,-107
120900150,93,279,-186
120900151,0,273,-273
120900152,0,9,-9
120900153,11,0,11
120900154,0,128,-128
120900155,299,492,-193
120900156,103,219,-116
120900157,12,16,-4
120900158,101,303,-202
120900159,36,42,-6
120900160,44,477,-433
120900161,188,389,-201
120900162,113,897,-784
120900163,238,3549,-3311
120900164,1,157,-156
120900165,15,1080,-1065
120900166,71,915,-844
120900167,265,120,145
120900169,122,227,-105
120900170,421,4246,-3825
120900171,556,218,338
120900172,973,4644,-3671
120900173,0,38,-38
120900174,12,97,-85
120900175,190,136,54
120900176,17,424,-407
120900177,3,1776,-1773
120900178,0,655,-655
120900179,475,356,119
120900180,91,327,-236
120900181,125,40,85
120900182,54,162,-108
120900183,1119,439,680
120900184,245,78,167
120900185,1370,1566,-196
120900186,0,201,-201
120900187,708,1111,-403
120900188,324,12,312
120900189,103,2692,-2589
120900190,162,2,160
120900191,35,9,26
120900192,5154,12881,-7727
120900194,97,134,-37
120900195,113,291,-178
120900196,583,42,541
120900197,1031,230,801
120900198,235,392,-157
120900199,512,547,-35
120900200,28,148,-120
120900201,309,172,137
120900202,1,84,-83
120900203,47,104,-57
120900204,84,214,-130
120900205,83,21,62
120900206,34,37,-3
120900207,76,712,-636
121000001,648,1168,-520
121000002,2347,1852,495
121000003,2825,1777,1048
121000004,2553,3834,-1281
121000005,1459,2789,-1330
121000006,3025,2928,97
121000007,2074,4541,-2467
121000008,5102,5204,-102
121000009,3455,6487,-3032
121000010,7224,6542,682
121000011,5977,10814,-4837
121000012,13033,8715,4318
121000013,5076,6375,-1299
121000014,5908,5248,660
121000015,4227,7626,-3399
121000016,3905,3890,15
121000017,2321,2803,-482
121000018,3234,1826,1408
121000019,9566,9666,-100
121000020,10455,18185,-7730
121000021,2186,1978,208
121000022,2989,4001,-1012
121000023,2632,1592,1040
121000024,4897,5407,-510
121000025,399,1667,-1268
121000026,321,184,137
121000027,1338,1293,45
121000028,972,575,397
121000029,1048,724,324
121000030,808,689,119
121000031,604,819,-215
121000032,199,236,-37
121000034,360,338,22
121000035,150,197,-47
121000036,923,909,14
121000037,507,812,-305
121000038,335,901,-566
121000039,211,352,-141
121000041,536,602,-66
121000042,304,411,-107
121000043,577,724,-147
121000044,1275,1209,66
121000045,556,248,308
121000046,920,1102,-182
121000047,34,121,-87
121000049,1024,644,380
121000050,308,1808,-1500
121000051,649,347,302
121000052,445,977,-532
121000053,387,138,249
121000054,45,413,-368
121000055,849,1941,-1092
121000056,969,1118,-149
121000057,418,626,-208
121000058,303,249,54
121000059,2886,1446,1440
121000060,527,1127,-600
121000061,70,599,-529
121000062,184,478,-294
121000063,936,1181,-245
121000064,1076,1226,-150
121000065,219,574,-355
121000066,597,721,-124
121000067,359,677,-318
121000068,588,399,189
121000069,194,1097,-903
121000070,1441,1168,273
121000071,1756,1680,76
121000072,1040,742,298
121000073,1127,1283,-156
121000074,106,141,-35
121000075,25,350,-325
121000076,381,431,-50
121000077,155,191,-36
121000078,82,189,-107
121000080,1707,672,1035
121000081,4343,4312,31
121000082,112,347,-235
121000083,148,125,23
121000084,202,209,-7
121000085,271,509,-238
121000086,668,646,22
121000087,99,256,-157
121000088,605,409,196
121000089,197,541,-344
121000090,303,392,-89
121000091,992,855,137
121000092,234,58,176
121000093,261,236,25
121000094,500,881,-381
121000095,298,939,-641
121000096,3698,2410,1288
121000097,558,2459,-1901
121000098,708,632,76
121000099,947,645,302
121000100,1201,248,953
121000101,452,195,257
121000102,440,120,320
121000103,256,134,122
121000104,357,84,273
121000105,566,168,398
121000106,489,224,265
121000107,1956,2487,-531
121000109,1051,948,103
121000110,187,721,-534
121000114,3723,2299,1424
121000115,2055,886,1169
121000116,370,1016,-646
121000117,396,264,132
121000118,2267,202,2065
121000119,319,406,-87
121000120,395,347,48
121000121,627,1317,-690
121000123,1143,668,475
121000126,116,408,-292
121000127,185,116,69
121000128,1245,308,937
121000129,1216,478,738
121000130,877,566,311
121000131,1350,1535,-185
121000132,845,1305,-460
121000135,360,773,-413
121000136,830,1621,-791
121000137,539,512,27
121000138,839,2154,-1315
121000139,464,943,-479
121000141,234,236,-2
121000142,617,912,-295
121000143,181,22,159
121000144,488,1357,-869
121000145,637,768,-131
121000146,1562,1371,191
121000147,1298,550,748
121000148,913,878,35
121000149,2547,1718,829
121000152,486,358,128
121000153,1687,501,1186
121000154,1451,601,850
121000155,2097,1153,944
121000156,417,1073,-656
121000157,752,1359,-607
121000158,401,358,43
121000159,304,392,-88
121000160,342,352,-10
121000161,377,346,31
121000162,209,141,68
121000165,1165,2157,-992
121000166,28,590,-562
121000168,616,284,332
121000169,93,136,-43
121000170,422,81,341
121000171,56,166,-110
121000172,1052,689,363
121000173,1484,1704,-220
121000174,569,621,-52
121000175,1440,417,1023
121000176,399,353,46
121000177,857,628,229
121000178,81,37,44
121000179,31,41,-10
121000181,497,486,11
121000182,206,351,-145
121000183,88,140,-52
121000184,70,191,-121
121000185,50,289,-239
121000186,280,746,-466
121000187,271,138,133
121000188,317,107,210
121000192,1135,493,642
121000193,713,476,237
121000194,1896,1876,20
121000195,219,1056,-837
121000196,634,313,321
121000197,238,982,-744
121000198,208,302,-94
121000199,136,294,-158
121000200,788,201,587
121000201,6,189,-183
121000202,897,207,690
121000203,975,1762,-787
121000204,3767,920,2847
121000205,106,364,-258
121000206,89,103,-14
121000207,2289,1001,1288
121000208,0,376,-376
121000209,750,104,646
121000210,881,267,614
121000211,564,182,382
121000212,758,359,399
121000213,13723,3106,10617
121000214,906,2176,-1270
121000215,919,1583,-664
121000216,582,715,-133
121000217,3529,3259,270
121000218,405,1651,-1246
121000219,1610,637,973
121000220,134,56,78
121000221,160,400,-240
121000222,2576,2580,-4
121000223,242,871,-629
121000224,120,511,-391
121000225,652,2448,-1796
121000226,1357,1448,-91
121000227,9,149,-140
121000228,22,577,-555
121000229,379,546,-167
121000230,57,1806,-1749
121000231,1360,32,1328
121000232,449,408,41
121000233,553,345,208
121000234,28,53,-25
121000235,58,61,-3
121000236,16,70,-54
121000237,39,18,21
121000238,11,88,-77
121000239,70,11,59
121000240,13,171,-158
121000241,96,19,77
121000242,105,779,-674
121000243,292,80,212
121000244,19,111,-92
121000245,56,33,23
121000246,5,189,-184
121000247,172,17,155
121000248,613,1811,-1198
121000249,138,373,-235
121000250,635,306,329
121000251,31,248,-217
121000252,138,110,28
121000253,465,361,104
121000254,882,153,729
121000255,160,265,-105
121000256,347,191,156
121000257,49,102,-53
121000258,79,85,-6
121000259,58,88,-30
121000260,54,97,-43
121000261,87,159,-72
121000262,1058,486,572
121000263,486,459,27
121000271,803,1568,-765
121000273,23,8,15
121000274,17,80,-63
121000275,16,14,2
121000276,13,30,-17
121000278,53,40,13
121000279,35,22,13
121000280,33,57,-24
121000289,301,28,273
121000290,1133,1325,-192
121000294,265,66,199
121000297,562,1211,-649
121000299,87,703,-616
121000300,943,614,329
121000302,21,907,-886
121000303,549,314,235
121000304,515,121,394
121000305,161,63,98
121000306,155,177,-22
121000308,138,297,-159
121000309,322,448,-126
121000310,140,246,-106
121000311,79,547,-468
121000312,428,401,27
121000313,257,357,-100
121000314,42,81,-39
121000315,42,107,-65
121000530,2023,1430,593
121000531,1995,1570,425
121000532,6201,8825,-2624
121000533,4029,4471,-442
121000918,51,73,-22
121000919,36,114,-78
121000938,89,316,-227
121000939,45,260,-215
121000956,1886,1316,570
121000957,2,21,-19
121000958,23,106,-83
121000959,1281,376,905
121000960,1704,1843,-139
121000961,313,69,244
121000962,1070,498,572
121000973,1,236,-235
121000976,22,203,-181
121000979,572,169,403
121000981,365,123,242
121000982,367,175,192
121000983,592,240,352
121000984,20,50,-30
121000985,961,262,699
121000986,631,114,517
121000987,222,434,-212
121000988,1210,110,1100
121001302,308,142,166
121001308,2,44,-42
121001309,43,675,-632
121001313,267,66,201
121001314,1510,2113,-603
121001315,6684,4282,2402
121900001,108,217,-109
121900002,26,27,-1
121900003,500,16,484
121900004,78,455,-377
121900005,28,17,11
121900006,128,47,81
121900007,2362,1983,379
121900008,126,492,-366
121900009,1113,15,1098
121900010,251,11,240
121900011,307,294,13
121900012,5,0,5
121900013,476,126,350
121900014,1970,408,1562
121900015,225,226,-1
121900016,5,24,-19
121900017,583,801,-218
121900018,473,17,456
121900019,670,213,457
121900020,44,3,41
121900021,1032,12,1020
121900022,304,343,-39
121900023,198,527,-329
121900024,419,41,378
121900025,706,574,132
121900026,283,41,242
121900027,511,281,230
121900028,295,20,275
121900029,157,231,-74
121900030,513,647,-134
121900031,1068,7387,-6319
121900032,127,74,53
121900033,173,364,-191
121900034,333,182,151
121900035,3783,3002,781
121900036,95,440,-345
121900037,187,1044,-857
121900038,47,109,-62
121900039,377,48,329
121900040,121,62,59
121900041,146,361,-215
121900042,402,301,101
121900043,3,7,-4
121900044,94,36,58
121900046,211,356,-145
121900047,212,128,84
121900048,101,77,24
121900050,54,32,22
121900051,202,185,17
121900052,138,44,94
121900053,551,384,167
121900054,325,987,-662
121900055,13,12,1
121900058,368,148,220
121900059,470,202,268
121900060,121,491,-370
121900061,197,177,20
121900062,190,149,41
121900063,1822,442,1380
121900064,405,532,-127
121900066,110,22,88
121900067,91,19,72
121900069,158,101,57
121900070,114,231,-117
121900071,586,290,296
121900072,101,100,1
121900073,215,424,-209
121900074,377,902,-525
121900075,378,857,-479
121900076,548,641,-93
121900077,26,11,15
121900078,166,36,130
121900079,1,0,1
121900080,1073,461,612
121900082,91,94,-3
121900084,41,48,-7
121900085,2,7,-5
121900086,36,62,-26
121900087,96,190,-94
121900088,1454,2792,-1338
121900089,284,230,54
121900090,35,36,-1
121900091,81,62,19
121900092,146,107,39
121900093,115,101,14
121900094,29,11,18
121900095,459,200,259
121900096,1206,729,477
121900097,925,268,657
121900098,6,2,4
121900099,324,31,293
121900100,86,435,-349
121900101,198,197,1
121900102,2,122,-120
121900103,391,307,84
121900104,1841,411,1430
121900105,442,296,146
121900106,4,21,-17
121900107,109,40,69
121900108,1,14,-13
121900109,325,179,146
121900110,849,375,474
121900111,688,377,311
121900112,166,192,-26
121900113,94,503,-409
121900114,115,106,9
121900117,144,255,-111
121900118,1795,672,1123
121900119,165,77,88
121900120,74,1168,-1094
121900121,328,26,302
121900122,56,73,-17
121900123,219,415,-196
121900124,275,180,95
121900125,2053,1251,802
121900127,3,121,-118
121900128,86,53,33
121900129,234,185,49
121900130,134,325,-191
121900131,292,117,175
121900132,71,42,29
121900133,48,1143,-1095
121900134,36,270,-234
121900135,3703,458,3245
121900136,486,322,164
121900137,69,332,-263
121900138,106,184,-78
121900139,380,2246,-1866
121900140,87,90,-3
121900141,119,19,100
121900142,147,86,61
121900143,15,190,-175
121900144,163,367,-204
121900145,257,486,-229
121900146,524,680,-156
121900147,71,276,-205
121900148,207,375,-168
121900149,343,345,-2
121900150,64,222,-158
121900151,77,366,-289
121900152,147,126,21
121900153,59,581,-522
121900154,11,392,-381
121900155,2,165,-163
121900156,164,271,-107
121900157,0,309,-309
121900158,71,144,-73
121900159,0,174,-174
121900160,29,248,-219
121900161,298,515,-217
121900162,84,192,-108
121900163,404,304,100
121900164,328,264,64
121900165,204,114,90
121900166,162,203,-41
121900167,92,187,-95
121900168,139,185,-46
121900169,1,191,-190
121900170,8,165,-157
121900171,874,676,198
121900172,667,261,406
121900173,911,306,605
121900174,68,57,11
121900175,115,305,-190
121900176,600,1587,-987
121900177,183,67,116
121900178,52,49,3
121900179,505,346,159
121900180,1933,5809,-3876
121900182,720,936,-216
121900183,584,2285,-1701
121900184,91,1023,-932
121900186,16,526,-510
121900187,31,162,-131
121900188,709,289,420
121900189,59,99,-40
121900190,277,446,-169
121900191,89,205,-116
121900192,214,1686,-1472
121900193,44,222,-178
121900194,17,397,-380
121900195,32,102,-70
121900196,925,909,16
121900197,343,855,-512
121900198,2502,1637,865
121900199,10,72,-62
121900200,38,179,-141
121900201,654,867,-213
121900202,148,914,-766
121900203,109,1132,-1023
121900204,746,1224,-478
121900205,15,136,-121
121900206,19,80,-61
121900207,63,56,7
121900208,129,574,-445
121900209,103,88,15
121900210,1654,1332,322
121900211,58,92,-34
121900212,103,190,-87
121900213,335,44,291
121900214,11,538,-527
121900215,44,151,-107
121900216,27,379,-352
121900217,178,258,-80
121900218,224,597,-373
121900220,132,19,113
121900221,465,600,-135
121900222,266,131,135
121900223,158,56,102
121900224,83,38,45
121900225,113,256,-143
121900226,264,86,178
121900227,410,710,-300
121900228,137,183,-46
121900230,64,396,-332
121900231,97,1923,-1826
121900232,192,481,-289
121900233,233,183,50
121900234,462,194,268
121900235,699,175,524
121900236,289,190,99
121900237,208,506,-298
121900238,173,319,-146
121900239,258,61,197
121900240,371,182,189
121900241,103,59,44
121900242,13,0,13
121900243,19,0,19
121900244,43,3,40
121900245,263,61,202
121900246,4273,356,3917
121900247,386,227,159
121900248,1327,1109,218
121900250,221,411,-190
121900251,501,51,450
121900252,545,166,379
121900253,77,830,-753
121900254,490,375,115
121900255,604,100,504
121900258,4301,1919,2382
121900259,230,690,-460
121900260,207,110,97
121900261,138,688,-550
121900262,439,1194,-755
121900263,357,217,140
121900264,948,1003,-55
121900265,467,139,328
121900266,672,148,524
121900267,110,64,46
121900269,252,1017,-765
121900270,34,241,-207
121900271,41,188,-147
121900273,512,1883,-1371
121900274,403,260,143
121900277,350,1515,-1165
121900278,115,1209,-1094
121900279,164,226,-62
121900280,101,591,-490
121900281,179,515,-336
121900284,80,9,71
121900286,196,200,-4
121900287,11,48,-37
121900288,1,7,-6
121900290,260,988,-728
121900291,350,950,-600
121900292,152,173,-21
121900293,727,3249,-2522
121900294,309,11,298
121900295,257,147,110
121900296,70,383,-313
121900298,182,1070,-888
121900299,0,8,-8
121900300,97,7,90
121900301,119,2,117
121900302,6,72,-66
121900303,359,830,-471
121900304,5,14,-9
121900305,4,9,-5
121900306,346,2,344
121900307,170,10,160
121900308,22,139,-117
121900309,14,104,-90
121900310,15,223,-208
121900311,781,23,758
121900312,479,11,468
121900313,505,38,467
121900314,2,24,-22
121900315,22,0,22
121900316,0,3,-3
121900317,23,6,17
121900318,1,7,-6
121900319,46,155,-109
121900320,33,41,-8
121900321,14,1,13
121900322,5,10,-5
121900323,27,34,-7
121900324,1,32,-31
121900325,11,5,6
121900326,16,24,-8
121900327,3,32,-29
121900328,0,16,-16
121900329,0,85,-85
121900330,2,169,-167
121900331,52,168,-116
121900332,85,40,45
121900333,24,2,22
122000001,1347,5598,-4251
122000002,2615,1174,1441
122000003,1467,3150,-1683
122000004,2215,1622,593
122000005,3761,2561,1200
122000006,960,1439,-479
122000007,698,1870,-1172
122000008,1426,3537,-2111
122000009,625,503,122
122000010,2319,3016,-697
122000011,5077,2295,2782
122000012,768,3461,-2693
122000013,792,1673,-881
122000014,3203,1620,1583
122000015,1141,1084,57
122000016,581,793,-212
122000017,1378,1384,-6
122000018,1943,1868,75
122000019,958,1739,-781
122000020,220,476,-256
122000021,196,442,-246
122000022,1144,1356,-212
122000023,872,1897,-1025
122000024,547,2398,-1851
122000025,651,2876,-2225
122000026,437,1422,-985
122000027,554,1144,-590
122000028,1072,678,394
122000029,413,729,-316
122000030,171,176,-5
122000031,148,462,-314
122000032,3632,2615,1017
122000033,459,3341,-2882
122000034,519,1003,-484
122000035,195,658,-463
122000036,548,429,119
122000037,577,259,318
122000038,244,438,-194
122000039,567,616,-49
122000040,234,388,-154
122000041,633,882,-249
122000042,416,485,-69
122000043,103,183,-80
122000044,118,151,-33
122000045,1953,1014,939
122000046,890,1153,-263
122000047,159,256,-97
122000048,2944,4599,-1655
122000049,6284,3747,2537
122000050,835,928,-93
122000051,167,521,-354
122000052,459,564,-105
122000053,225,1114,-889
122000054,2158,2250,-92
122000055,1948,4042,-2094
122000056,3252,3364,-112
122000057,3212,4151,-939
122000058,926,2060,-1134
122000059,1030,3140,-2110
122000060,361,1038,-677
122000061,300,788,-488
122000062,526,298,228
122000063,606,1262,-656
122000064,3015,5548,-2533
122000065,2643,2716,-73
122000066,952,1252,-300
122000067,1226,1408,-182
122000068,1885,1094,791
122000069,958,770,188
122000070,1139,1513,-374
122000071,2891,1216,1675
122000072,665,786,-121
122000073,266,1283,-1017
122000074,3106,1486,1620
122000075,1033,1084,-51
122000076,5974,2057,3917
122000077,625,2128,-1503
122000078,938,4266,-3328
122000079,534,2742,-2208
122000080,543,623,-80
122000081,151,261,-110
122000082,371,1375,-1004
122000083,3482,1066,2416
122000084,2887,1154,1733
122000085,326,776,-450
122000086,2118,6356,-4238
122000087,219,455,-236
122000088,155,536,-381
122000089,4183,2510,1673
122000090,146,761,-615
122000091,106,216,-110
122000092,48,47,1
122000093,1485,3203,-1718
122000094,4534,3228,1306
122000095,806,4641,-3835
122000096,563,1968,-1405
122000098,2463,3762,-1299
122000099,739,1110,-371
122000100,738,835,-97
122000101,451,501,-50
122000102,2169,1025,1144
122000103,1562,1566,-4
122000104,920,239,681
122000105,344,360,-16
122000106,460,1353,-893
122000107,1133,405,728
122000108,517,833,-316
122000109,515,330,185
122000110,719,759,-40
122000111,3658,1607,2051
122000112,1417,1737,-320
122000113,749,690,59
122000114,1768,2381,-613
122000115,1714,1193,521
122000116,444,510,-66
122000117,1188,435,753
122000118,859,703,156
122000119,2295,2120,175
122000120,1012,3691,-2679
122000121,894,2269,-1375
122000122,434,1123,-689
122000123,1234,1599,-365
122000124,802,541,261
122000125,467,782,-315
122000126,462,735,-273
122000127,588,959,-371
122000128,314,450,-136
122000129,449,2074,-1625
122000130,2544,1512,1032
122000131,1016,1001,15
122000132,231,419,-188
122000133,1012,783,229
122000134,1083,745,338
122000135,632,405,227
122000136,969,768,201
122000137,2154,1008,1146
122000139,815,3924,-3109
122000140,450,871,-421
122000141,2881,1642,1239
122000142,127,1409,-1282
122000143,354,520,-166
122000144,1360,1061,299
122000145,952,919,33
122000146,625,1840,-1215
122000147,502,586,-84
122000148,713,2185,-1472
122000149,1765,1401,364
122000150,1245,980,265
122000151,102,315,-213
122000152,315,388,-73
122000153,309,449,-140
122000154,240,188,52
122000155,1482,2744,-1262
122000156,4317,3748,569
122000157,781,4821,-4040
122000158,308,656,-348
122000159,635,1095,-460
122000160,2268,2360,-92
122000161,1005,1104,-99
122000162,1202,1704,-502
122000163,311,128,183
122000164,33,209,-176
122000165,826,1089,-263
122000166,847,1590,-743
122000167,324,426,-102
122000168,160,880,-720
122000169,323,174,149
122000170,386,330,56
122000171,30,109,-79
122000172,1842,1558,284
122000173,1210,2753,-1543
122000174,1747,1273,474
122000175,754,365,389
122000176,291,1237,-946
122000177,1218,1564,-346
122000178,3926,2930,996
122000179,2365,3365,-1000
122000180,1008,1225,-217
122000181,1030,2360,-1330
122000182,1413,1611,-198
122000183,2431,1066,1365
122000184,2688,3205,-517
122000185,1186,3156,-1970
122000186,413,1608,-1195
122000187,1949,1048,901
122000188,390,373,17
122000189,240,443,-203
122000190,748,1678,-930
122000191,891,920,-29
122000192,1409,420,989
122000193,502,733,-231
122000194,564,196,368
122000195,110,659,-549
122000196,1294,507,787
122000197,453,562,-109
122000198,405,1883,-1478
122000199,276,333,-57
122000200,918,612,306
122000201,1080,2264,-1184
122000202,1040,2394,-1354
122000203,2259,1267,992
122000204,1236,1426,-190
122000205,710,1020,-310
122000206,3034,1007,2027
122000207,2315,1565,750
122000208,2337,1452,885
122000209,1926,500,1426
122000210,2071,1730,341
122000211,1401,1507,-106
122000212,892,591,301
122000213,985,1508,-523
122000214,2019,1828,191
122000215,2253,1790,463
122000217,1647,1927,-280
122000218,671,89,582
122000219,1037,808,229
122000220,316,688,-372
122000221,83,346,-263
122000222,583,173,410
122000223,1072,478,594
122000225,866,309,557
122000226,1598,1566,32
122000227,278,1698,-1420
122000228,336,257,79
122000229,24,433,-409
122000230,85,387,-302
122000231,368,693,-325
122000232,634,613,21
122000233,0,66,-66
122000234,555,54,501
122000235,644,80,564
122000236,1800,51,1749
122000237,146,94,52
122000238,447,514,-67
122000239,784,195,589
122000240,1518,666,852
122000241,2532,607,1925
122000242,950,198,752
122000243,273,36,237
122000244,77,344,-267
122000245,107,74,33
122000246,232,199,33
122000247,711,324,387
122000248,711,1049,-338
122000249,1582,1171,411
122000250,2309,1306,1003
122000251,144,487,-343
122000252,333,184,149
122000253,74,223,-149
122000254,359,118,241
122000255,626,883,-257
122000256,281,471,-190
122000257,312,158,154
122000258,384,272,112
122000259,18,327,-309
122000260,4,36,-32
122000261,25,372,-347
122000262,1,33,-32
122000263,399,742,-343
122000264,1496,312,1184
122000265,2638,1035,1603
122000266,4265,727,3538
122000267,189,118,71
122000268,179,375,-196
122000269,1065,339,726
122000270,512,192,320
122000271,225,1259,-1034
122000272,366,1010,-644
122000273,367,480,-113
122000274,276,199,77
122000275,59,217,-158
122000276,1058,520,538
122000277,1247,1741,-494
122000278,2093,468,1625
122000279,326,288,38
122000280,901,552,349
122000281,1156,742,414
122000282,246,523,-277
122000283,259,247,12
122000284,315,107,208
122000285,332,68,264
122000286,38,139,-101
122000287,1467,1453,14
122000288,541,287,254
122000291,2786,927,1859
122000293,211,147,64
122000294,111,298,-187
122000295,1355,207,1148
122000296,45,615,-570
122000297,2097,4201,-2104
122000299,708,563,145
122000300,497,500,-3
122000301,5851,3559,2292
122000302,756,2868,-2112
122000303,2633,1215,1418
122000304,66,155,-89
122000305,1640,236,1404
122000306,92,334,-242
122000307,154,166,-12
122000309,67,49,18
122000310,22,109,-87
122000311,166,118,48
122000312,188,332,-144
122000313,152,85,67
122000314,121,327,-206
122000315,325,70,255
122000316,1291,259,1032
122000317,2083,257,1826
122000318,368,1456,-1088
122000319,200,235,-35
122000320,252,812,-560
122000321,125,158,-33
122000322,1762,2192,-430
122000323,851,2971,-2120
122000324,1433,1817,-384
122000325,969,3549,-2580
122000326,120,84,36
122000327,483,730,-247
122000328,516,335,181
122000330,1502,1463,39
122000332,185,276,-91
122000333,14,64,-50
122000337,1261,535,726
122000338,612,370,242
122000340,168,1639,-1471
122000342,1289,669,620
122000343,637,481,156
122000344,131,12,119
122000345,21,16,5
122000346,349,185,164
122000348,1126,875,251
122000349,138,676,-538
122000351,167,286,-119
122000352,344,184,160
122000353,198,89,109
122000355,152,299,-147
122000356,645,1526,-881
122000357,132,34,98
122000358,1,14,-13
122000359,0,8,-8
122000360,0,22,-22
122000362,12,41,-29
122000364,278,271,7
122000365,4,31,-27
122000366,9,11,-2
122000368,567,617,-50
122000370,35,28,7
122000371,56,0,56
122000372,10,3,7
122000381,206,341,-135
122000382,112,190,-78
122000384,1494,1222,272
122000385,68,2,66
122000386,190,2016,-1826
122000387,450,869,-419
122000388,1341,924,417
122000389,145,1173,-1028
122000390,266,349,-83
122000391,198,824,-626
122000392,218,171,47
122000393,24,98,-74
122000394,686,190,496
122000395,142,101,41
122000396,287,83,204
122000397,21,48,-27
122000398,33,47,-14
122000399,144,58,86
122000400,55,795,-740
122000401,141,41,100
122000402,526,112,414
122000403,504,412,92
122000404,244,121,123
122000408,718,1112,-394
122000503,12,120,-108
122000524,123,246,-123
122000544,112,2400,-2288
122000616,302,2,300
122000640,99,61,38
122000641,173,129,44
122000642,1187,665,522
122000643,50,190,-140
122000644,99,40,59
122000645,69,227,-158
122000651,623,1815,-1192
122000664,200,29,171
122000665,1263,499,764
122000666,669,1199,-530
122000673,38,154,-116
122000674,272,157,115
122000675,2147,505,1642
122000686,532,942,-410
122000687,1739,329,1410
122000688,373,300,73
122000689,1212,214,998
122000690,3406,276,3130
122000691,1003,680,323
122000692,2224,344,1880
122000693,462,812,-350
122000695,510,293,217
122000696,797,103,694
122000698,495,265,230
122000699,196,92,104
122000701,1779,301,1478
122000702,366,962,-596
122000703,181,55,126
122000717,127,95,32
122000718,411,1288,-877
122000719,146,108,38
122000720,852,69,783
122000724,118,24,94
122900001,45,11,34
122900002,1339,7440,-6101
122900003,463,39,424
122900004,3096,141,2955
122900005,117,212,-95
122900006,534,1460,-926
122900007,104,196,-92
122900008,352,318,34
122900009,722,452,270
122900010,270,94,176
122900012,254,345,-91
122900014,164,141,23
122900015,661,1280,-619
122900016,136,226,-90
122900017,202,717,-515
122900018,202,25,177
122900019,19,98,-79
122900020,121,438,-317
122900021,53,381,-328
122900022,1308,773,535
122900023,885,257,628
122900024,155,103,52
122900025,8,433,-425
122900026,23,170,-147
122900027,34,486,-452
122900028,105,112,-7
122900029,4429,2773,1656
122900030,1536,579,957
122900031,23,358,-335
122900032,148,397,-249
122900033,220,193,27
122900034,3664,4954,-1290
122900035,27,10,17
122900036,44,71,-27
122900037,406,122,284
122900038,105,3038,-2933
122900039,113,643,-530
122900040,221,642,-421
122900041,308,369,-61
122900042,203,300,-97
122900043,385,276,109
122900044,88,373,-285
122900045,163,175,-12
122900046,166,402,-236
122900047,107,200,-93
122900048,32,208,-176
122900049,1810,168,1642
122900051,55,179,-124
122900052,237,101,136
122900053,40,44,-4
122900055,371,69,302
122900057,255,72,183
122900061,585,184,401
122900062,639,742,-103
122900063,183,172,11
122900064,774,327,447
122900065,647,239,408
122900066,790,398,392
122900067,914,437,477
122900068,146,289,-143
122900069,479,1648,-1169
122900070,371,62,309
122900071,114,230,-116
122900072,13,286,-273
122900073,19,111,-92
122900074,1367,292,1075
122900075,0,104,-104
122900076,4,178,-174
122900077,3,66,-63
122900078,302,35,267
122900080,37,55,-18
122900081,183,159,24
122900082,1089,101,988
122900083,113,73,40
122900084,33,120,-87
122900086,17,191,-174
122900087,372,405,-33
122900088,30,500,-470
122900089,54,254,-200
122900090,4,211,-207
122900091,439,4,435
122900092,1,123,-122
122900093,0,90,-90
122900094,0,111,-111
122900095,212,30,182
122900096,411,67,344
122900097,51,85,-34
122900098,47,130,-83
122900099,144,25,119
122900100,117,792,-675
122900101,447,334,113
122900102,43,49,-6
122900103,233,7,226
122900104,404,9,395
122900105,23,27,-4
122900106,4,45,-41
122900107,6,65,-59
122900108,3,84,-81
123000001,941,806,135
123000002,2616,6321,-3705
123000003,4472,4734,-262
123000004,2578,3784,-1206
123000005,3245,3130,115
123000006,2023,1930,93
123000007,4646,2869,1777
123000008,2906,2589,317
123000009,4887,3119,1768
123000010,3365,3367,-2
123000011,1853,1255,598
123000012,732,2587,-1855
123000013,3790,1179,2611
123000014,969,3217,-2248
123000015,2100,1359,741
123000016,2996,4108,-1112
123000017,3633,2267,1366
123000018,109,117,-8
123000019,578,53,525
123000020,453,39,414
123000021,232,259,-27
123000022,390,2032,-1642
123000023,2265,2392,-127
123000024,1719,710,1009
123000025,80,126,-46
123000026,9,162,-153
123000027,97,911,-814
123000028,1323,1234,89
123000029,636,1667,-1031
123000030,335,125,210
123000031,392,165,227
123000032,598,91,507
123000033,280,65,215
123000034,1231,847,384
123000035,472,445,27
123000036,266,1043,-777
123000037,261,160,101
123000038,137,296,-159
123000039,501,1702,-1201
123000040,558,239,319
123000041,831,1304,-473
123000042,541,934,-393
123000043,1960,12965,-11005
123000044,2880,2510,370
123000045,4147,2637,1510
123000046,384,1282,-898
123000047,1153,1246,-93
123000048,48,1063,-1015
123000049,4947,10652,-5705
123000050,2128,1658,470
123000051,68,247,-179
123000052,876,3698,-2822
123000053,2576,3259,-683
123000054,2003,1858,145
123000055,2049,4018,-1969
123000056,1220,1170,50
123000057,4154,6190,-2036
123000058,841,1423,-582
123000059,365,520,-155
123000060,1261,372,889
123000061,394,604,-210
123000063,1092,1084,8
123000064,1311,249,1062
123000065,4055,2681,1374
123000066,432,516,-84
123000067,1089,416,673
123000068,1978,1884,94
123000069,4442,1899,2543
123000070,182,455,-273
123000071,1836,900,936
123000072,1236,586,650
123000073,1845,863,982
123000074,1119,850,269
123000075,370,1328,-958
123000076,850,327,523
123000077,1950,1571,379
123000078,2081,1452,629
123000079,2163,1894,269
123000080,2525,1058,1467
123000081,181,311,-130
123000082,331,740,-409
123000083,1176,245,931
123000084,862,459,403
123000085,514,64,450
123000086,868,92,776
123000087,577,354,223
123000088,1309,540,769
123000089,745,952,-207
123000090,1432,850,582
123000091,1397,1284,113
123000092,1043,1291,-248
123000094,727,208,519
123000095,714,704,10
123000096,1169,352,817
123000097,715,361,354
123000098,1073,536,537
123000099,818,445,373
123000100,386,794,-408
123000101,517,569,-52
123000102,432,819,-387
123000104,495,618,-123
123000105,541,523,18
123000106,457,574,-117
123000107,341,372,-31
123000108,515,922,-407
123000111,1214,356,858
123000112,1827,543,1284
123000113,575,714,-139
123000114,452,724,-272
123000115,340,260,80
123000116,81,79,2
123000117,2316,1224,1092
123000118,594,569,25
123000119,244,513,-269
123000120,345,557,-212
123000121,550,752,-202
123000122,374,343,31
123000123,505,511,-6
123000124,403,476,-73
123000125,1479,1348,131
123000126,1339,4929,-3590
123000127,658,622,36
123000128,327,243,84
123000129,1146,210,936
123000130,959,75,884
123000131,1351,995,356
123000132,251,535,-284
123000133,146,281,-135
123000134,312,113,199
123000135,3098,1263,1835
123000136,230,457,-227
123000137,100,166,-66
123000138,86,285,-199
123000139,735,118,617
123000140,91,446,-355
123000141,719,200,519
123000142,1080,764,316
123000143,843,1354,-511
123000144,16,30,-14
123000145,198,269,-71
123000146,57,120,-63
123000147,85,124,-39
123000149,300,409,-109
123000150,116,254,-138
123000151,224,563,-339
123000152,63,384,-321
123000153,94,924,-830
123000154,1362,1984,-622
123000155,2015,1488,527
123000156,37,83,-46
123000157,682,825,-143
123000158,628,885,-257
123000159,3178,3721,-543
123000160,1136,1173,-37
123000161,1941,1255,686
123000162,1524,1819,-295
123000163,743,169,574
123000164,2160,285,1875
123000165,498,1001,-503
123000166,39,140,-101
123000167,163,178,-15
123000168,331,166,165
123000169,1159,170,989
123000170,103,36,67
123000171,1326,10,1316
123000172,161,425,-264
123000173,600,395,205
123000174,1119,581,538
123000175,356,961,-605
123000176,1240,281,959
123000177,344,884,-540
123000178,1064,203,861
123000179,47,360,-313
123000180,1986,411,1575
123000181,291,918,-627
123000182,375,274,101
123000183,219,578,-359
123000184,105,394,-289
123000185,1084,415,669
123000186,5,378,-373
123000187,784,11,773
123000188,222,1,221
123000189,245,146,99
123000190,72,170,-98
123000192,18,334,-316
123000193,86,647,-561
123000194,308,271,37
123000195,357,47,310
123000196,475,49,426
123000197,120,119,1
123000198,68,1395,-1327
123000199,14,695,-681
123000200,690,5,685
123000201,1490,22,1468
123000202,10,611,-601
123000203,1351,67,1284
123000204,97,667,-570
123000205,286,1017,-731
123000206,2635,277,2358
123000207,74,607,-533
123000208,612,272,340
123000209,2458,742,1716
123000210,358,1365,-1007
123000211,581,1565,-984
123000212,3918,497,3421
123000213,664,72,592
123000215,83,231,-148
123000216,248,835,-587
123000217,291,39,252
123000218,39,709,-670
123000219,680,103,577
123000220,693,139,554
123000221,267,99,168
123000222,545,279,266
123000223,651,169,482
123000224,507,272,235
123000225,346,62,284
123000226,103,359,-256
123000227,104,220,-116
123000228,391,80,311
123000229,778,1346,-568
123000232,149,422,-273
123000233,921,143,778
123000234,192,435,-243
123000235,1862,372,1490
123000236,384,453,-69
123000237,416,125,291
123000238,74,345,-271
123000239,360,797,-437
123000240,53,820,-767
123000241,270,92,178
123000242,326,196,130
123000243,809,810,-1
123000244,967,647,320
123000245,49,118,-69
123000249,1191,656,535
123000252,1068,347,721
123000253,1849,640,1209
123000254,874,942,-68
123000255,1139,971,168
123000256,22,177,-155
123000257,2199,1350,849
123000258,1051,609,442
123000259,519,426,93
123000260,627,355,272
123000261,456,161,295
123000262,90,125,-35
123000263,595,112,483
123000264,216,104,112
123000265,35,130,-95
123000266,604,623,-19
123000267,801,476,325
123000268,45,58,-13
123000269,54,67,-13
123000270,24,89,-65
123000271,56,39,17
123000272,811,344,467
123000273,291,1022,-731
123000274,1269,798,471
123000275,295,700,-405
123000278,2302,2830,-528
123000279,183,87,96
123000280,431,264,167
123000281,355,117,238
123000282,131,219,-88
123000283,195,78,117
123000284,63,58,5
123000286,208,453,-245
123000287,453,346,107
123000288,1477,1368,109
123000289,312,1792,-1480
123000291,250,804,-554
123000294,151,213,-62
123000295,806,1179,-373
123000296,852,481,371
123000297,965,351,614
123000298,1111,266,845
123000299,107,121,-14
123000300,1338,1126,212
123000301,151,406,-255
123000302,91,96,-5
123000303,148,341,-193
123000305,712,933,-221
123000306,272,53,219
123000309,39,49,-10
123000310,77,49,28
123000311,0,70,-70
123000312,408,539,-131
123000313,777,428,349
123000315,176,189,-13
123000316,669,105,564
123000317,275,85,190
123000318,107,265,-158
123000329,8,10,-2
123000337,479,812,-333
123000338,281,154,127
123000339,414,53,361
123000340,108,272,-164
123000342,18,57,-39
123000343,81,17,64
123000344,629,298,331
123000345,265,442,-177
123000346,429,27,402
123000352,968,727,241
123000353,61,86,-25
123000354,301,5,296
123000355,2,207,-205
123000356,528,28,500
123000357,2,95,-93
123000359,18,66,-48
123000360,272,84,188
123000361,182,282,-100
123000362,604,96,508
123000363,135,171,-36
123000364,491,580,-89
123000365,12,415,-403
123000366,306,2443,-2137
123000367,286,790,-504
123000370,38,270,-232
123000371,1012,99,913
123000372,442,41,401
123000373,11,330,-319
123000374,26,97,-71
123000375,558,40,518
123000376,906,702,204
123000377,735,16,719
123000378,27,265,-238
123000379,4,216,-212
123000380,25,387,-362
123000381,70,111,-41
123000382,460,192,268
123000383,88,1102,-1014
123000384,486,88,398
123000385,122,627,-505
123000436,26,1954,-1928
123000507,133,199,-66
123000508,163,1239,-1076
123000517,263,32,231
123000518,42,136,-94
123000519,144,126,18
123000520,38,190,-152
123000521,478,125,353
123000522,140,311,-171
123000541,6,1,5
123000542,0,3,-3
123000565,1039,26,1013
123000566,415,212,203
123000567,82,159,-77
123000573,41,415,-374
123000574,1089,89,1000
123000575,2066,780,1286
123000576,1289,839,450
123000577,67,753,-686
123000578,272,134,138
123000579,1100,7197,-6097
123000580,113,70,43
123000582,671,31,640
123000583,22,308,-286
123000584,155,305,-150
123000585,0,56,-56
123000586,93,1,92
123000596,86,76,10
123000597,77,209,-132
123000602,82,4,78
123000603,1347,353,994
123000604,763,308,455
123000605,789,91,698
123000606,1,482,-481
123000609,17,397,-380
123000610,149,115,34
123000613,46,155,-109
123000614,355,44,311
123000615,37,62,-25
123000616,1314,72,1242
123000617,133,150,-17
123000618,69,395,-326
123000619,584,51,533
123000620,38,340,-302
123000622,631,17,614
123000624,263,54,209
123000630,1751,494,1257
123000631,278,542,-264
123000632,565,614,-49
123000633,0,110,-110
123000634,83,324,-241
123000635,66,85,-19
123000636,76,393,-317
123000637,453,64,389
123000638,629,39,590
123000639,710,6094,-5384
123000640,14,304,-290
123000648,35,17,18
123000649,5,55,-50
123900001,958,25,933
123900002,30,1378,-1348
123900003,185,277,-92
123900005,310,169,141
123900006,417,59,358
124000001,2064,202,1862
124000002,72,1035,-963
124000003,1433,196,1237
124000004,69,269,-200
124000005,1425,802,623
124000006,215,671,-456
124000007,417,136,281
124000008,17,392,-375
124000009,1010,254,756
124000010,219,327,-108
124000011,1379,318,1061
124000012,246,279,-33
124000017,312,177,135
124000018,115,49,66
124000019,163,185,-22
124000020,47,74,-27
124000021,180,138,42
124000022,93,146,-53
124000023,1454,1615,-161
124000024,1251,405,846
124000025,1334,1909,-575
124000026,1178,984,194
124000027,4543,4763,-220
124000028,1092,3577,-2485
124000030,1901,1260,641
124000031,1438,5957,-4519
124000032,1022,642,380
124000033,288,363,-75
124000034,455,552,-97
124000035,161,319,-158
124000036,28,300,-272
124000037,590,1199,-609
124000038,37,170,-133
124000039,680,368,312
124000040,369,1183,-814
124000041,546,108,438
124000042,194,363,-169
124000043,122,122,0
124000044,113,141,-28
124000045,1145,387,758
124000046,279,523,-244
124000047,2503,718,1785
124000048,1189,593,596
124000049,2348,546,1802
124000050,895,1014,-119
124000051,1397,504,893
124000052,605,685,-80
124000053,587,2172,-1585
124000054,707,408,299
124000055,1277,3800,-2523
124000056,1406,915,491
124000057,1491,655,836
124000058,433,886,-453
124000059,887,1483,-596
124000060,624,503,121
124000061,1303,6313,-5010
124000062,1834,1447,387
124000063,1171,1215,-44
124000064,1758,961,797
124000065,31,542,-511
124000066,170,186,-16
124000067,229,109,120
124000068,82,147,-65
124000069,601,82,519
124000070,257,269,-12
124000071,788,136,652
124000072,375,385,-10
124000073,1359,243,1116
124000074,270,539,-269
124000075,633,28,605
124000076,11,85,-74
124000077,776,999,-223
124000078,2555,1173,1382
124000079,304,1298,-994
124000080,827,183,644
124000081,234,386,-152
124000082,72,217,-145
124000083,41,78,-37
124000084,64,770,-706
124000085,72,55,17
124000086,55,200,-145
124000087,119,171,-52
124000088,129,747,-618
124000089,1072,214,858
124000090,163,292,-129
124000091,595,142,453
124000092,168,596,-428
124000093,197,154,43
124000094,245,612,-367
124000095,132,89,43
124000096,157,246,-89
124000097,126,159,-33
124000098,47,55,-8
124000099,390,144,246
124000100,67,221,-154
124000101,111,146,-35
124000102,88,35,53
124000103,120,149,-29
124000104,94,32,62
124000105,142,131,11
124000106,131,34,97
124000107,30,222,-192
124000108,48,16,32
124000109,182,101,81
124000110,135,64,71
124000111,205,144,61
124000112,841,456,385
124000113,146,122,24
124000114,465,249,216
124000115,358,550,-192
124000116,123,201,-78
124000117,56,99,-43
124000118,30,76,-46
124000119,720,706,14
124000120,519,536,-17
124000121,1340,747,593
124000122,516,1283,-767
124000123,1130,474,656
124000124,374,880,-506
124000125,459,472,-13
124000126,274,535,-261
124000127,1030,349,681
124000128,602,639,-37
124000129,2342,1608,734
124000130,620,521,99
124000131,859,721,138
124000132,686,703,-17
124000133,1075,1308,-233
124000134,912,602,310
124000135,1640,2443,-803
124000136,674,820,-146
124000137,907,1274,-367
124000138,1331,1188,143
124000139,583,46,537
124000140,30,234,-204
124000141,106,16,90
124000142,13,186,-173
124000143,97,13,84
124000144,22,58,-36
124000145,209,64,145
124000146,61,51,10
124000148,54,112,-58
124000149,1262,398,864
124000150,220,569,-349
124000151,1157,621,536
124000152,756,946,-190
124000153,1303,1110,193
124000154,708,847,-139
124000155,1519,1013,506
124000156,1106,1176,-70
124000169,180,481,-301
124000170,559,478,81
124000171,313,224,89
124000172,289,482,-193
124000173,622,188,434
124000174,414,535,-121
124000175,5,72,-67
124000176,64,42,22
124000177,5,52,-47
124000178,101,76,25
124000190,68,120,-52
124000191,84,242,-158
124000192,1284,541,743
124000193,313,1106,-793
124000194,350,343,7
124000195,373,705,-332
124000196,781,688,93
124000197,41,49,-8
124000198,74,68,6
124000201,245,532,-287
124000202,686,260,426
124000203,834,236,598
124000204,1309,179,1130
124000205,138,232,-94
124000206,1182,188,994
124000207,0,25,-25
124000209,200,167,33
124000210,912,202,710
124000211,1004,1,1003
124000212,2,153,-151
124000213,880,137,743
124000214,598,210,388
124000215,557,32,525
124000216,0,194,-194
124000329,145,681,-536
124000338,99,382,-283
124000339,1811,84,1727
124000341,2160,76,2084
124000344,89,29,60
124000357,1393,2915,-1522
124000358,902,1905,-1003
124000359,1491,806,685
124000360,1178,542,636
124000361,2560,1100,1460
124000362,986,1350,-364
124000363,243,307,-64
124000364,424,486,-62
124000365,514,819,-305
124000366,1281,757,524
124000367,64,233,-169
124000368,512,884,-372
124000369,146,159,-13
124000370,49,507,-458
124000402,46,12,34
124000403,179,25,154
124000404,17,51,-34
124000405,1135,872,263
124000406,602,609,-7
124000407,2,22,-20
124000411,4,128,-124
124000412,592,3,589
124000413,70,25,45
124000414,189,120,69
124000415,32,47,-15
124000416,174,116,58
124000417,212,93,119
124000418,262,57,205
124000419,123,54,69
124000420,143,30,113
124000421,63,61,2
124000422,24,12,12
124000423,130,27,103
124000424,3,26,-23
124000425,62,19,43
124000426,24,69,-45
124000427,64,7,57
124000428,6,74,-68
124000429,107,59,48
124000430,1004,350,654
124000431,725,373,352
124000432,382,468,-86
124000439,10,2,8
124000443,1,14,-13
124000445,194,1605,-1411
124000446,794,229,565
124900001,832,567,265
124900002,207,252,-45
124900003,1242,521,721
124900004,1038,273,765
124900005,295,126,169
124900006,1089,265,824
124900008,1167,718,449
124900009,174,494,-320
124900010,299,221,78
124900011,796,458,338
124900012,573,118,455
124900013,851,201,650
124900014,444,58,386
124900015,185,467,-282
124900016,118,186,-68
124900017,487,2997,-2510
124900018,130,7,123
124900020,141,74,67
124900021,471,58,413
124900022,61,3,58
124900024,399,7,392
124900026,81,70,11
124900027,153,664,-511
124900028,351,107,244
124900029,15,637,-622
124900030,8,99,-91
124900031,37,232,-195
124900032,312,252,60
124900033,140,219,-79
124900034,15,256,-241
124900035,195,278,-83
124900036,1,50,-49
124900037,263,193,70
124900038,220,230,-10
124900039,2,162,-160
124900040,142,85,57
124900041,295,413,-118
124900042,167,7,160
124900043,522,436,86
124900044,127,8,119
124900045,505,1079,-574
124900046,486,202,284
124900047,114,153,-39
124900048,266,119,147
124900050,198,176,22
124900052,88,225,-137
124900053,175,294,-119
124900054,613,572,41
124900055,1,143,-142
124900057,15,46,-31
124900060,52,145,-93
124900061,162,17,145
124900062,341,13,328
124900066,1,7,-6
124900067,2,79,-77
124900068,198,717,-519
124900070,60,36,24
124900072,191,51,140
124900074,225,41,184
124900075,380,213,167
124900076,28,1569,-1541
124900077,30,121,-91
124900078,65,9,56
124900079,301,185,116
124900080,452,243,209
124900081,1332,338,994
124900082,259,426,-167
124900083,387,274,113
124900084,977,148,829
124900085,595,683,-88
124900086,48,1581,-1533
124900087,219,124,95
124900088,199,136,63
124900089,714,34,680
124900090,554,263,291
124900091,392,254,138
124900092,232,229,3
124900093,480,223,257
124900094,683,265,418
124900095,213,581,-368
124900096,468,249,219
124900097,429,80,349
124900098,169,282,-113
124900099,300,524,-224
124900100,440,48,392
124900101,48,362,-314
124900102,289,27,262
124900103,191,117,74
124900104,86,109,-23
124900105,105,68,37
124900106,474,46,428
124900107,157,52,105
124900108,169,119,50
124900109,41,61,-20
124900110,119,109,10
124900111,2,144,-142
124900112,80,214,-134
124900113,84,300,-216
124900114,88,167,-79
124900115,116,56,60
124900116,335,334,1
124900117,192,306,-114
124900118,158,595,-437
124900119,549,187,362
124900120,87,266,-179
124900121,97,461,-364
124900122,179,216,-37
124900123,226,112,114
124900124,173,298,-125
129000186,149,81,68
204000001,117,5,112
204000002,12,6,6
204000003,27,8,19
204000004,3,2,1
204000005,675,319,356
204000006,1205,950,255
204000011,14,27,-13
204000012,36,113,-77
204000019,1166,395,771
204000020,846,896,-50
204000021,2611,1469,1142
204000022,822,647,175
204000023,635,472,163
204000031,55,14,41
204000032,337,41,296
204000034,24,103,-79
204000035,0,13,-13
204000036,10,25,-15
204000037,1,25,-24
204000038,0,33,-33
204000039,73,79,-6
204000040,7,14,-7
204000041,8,34,-26
204000042,48,13,35
204000043,36,15,21
204000044,39,8,31
204000045,54,6,48
204000046,13,7,6
204000057,9,7,2
204000062,29,36,-7
204000068,17,351,-334
204000069,98,286,-188
204000070,100,79,21
204000080,98,62,36
204000085,1557,1068,489
204000086,1707,1151,556
204000087,55,16,39
204000088,5,80,-75
204000090,37,174,-137
204000093,668,53,615
204000096,1377,807,570
204000097,607,6,601
204000099,1230,1622,-392
204000100,1789,1630,159
204000105,1447,756,691
204000110,482,1799,-1317
204000111,489,858,-369
204000112,587,2295,-1708
204000113,442,1229,-787
204000114,1143,1093,50
204000115,727,366,361
204000116,830,1804,-974
204000119,2130,2134,-4
204000132,633,411,222
204000133,791,141,650
204000134,271,95,176
204000135,600,122,478
204000136,450,197,253
204000138,382,582,-200
204000140,259,108,151
204000141,167,47,120
204000144,2,27,-25
204000145,674,45,629
204000146,14,227,-213
204000147,15,176,-161
204000148,219,30,189
204000154,8,10,-2
204000155,0,8,-8
204000177,48,29,19
204000179,75,9,66
204000180,0,30,-30
204000222,7,18,-11
204000235,33,10,23
204000236,68,139,-71
204000238,30,22,8
204000240,376,77,299
204000263,486,679,-193
204000268,817,374,443
204000308,155,14,141
204000317,8,99,-91
204000322,18,65,-47
204000323,10,11,-1
204000328,210,55,155
204000329,34,155,-121
204000330,159,6,153
204000331,21,102,-81
204010341,33,132,-99
205000001,587,1041,-454
205000013,10,54,-44
205000014,17,43,-26
205000015,31,89,-58
205000016,25,80,-55
205000017,19,69,-50
205000022,213,577,-364
205000025,874,636,238
205000029,335,6,329
205000045,136,999,-863
205000046,132,631,-499
205000047,57,760,-703
205000048,314,569,-255
205000049,153,509,-356
205000050,1080,257,823
205000059,0,144,-144
205000060,0,84,-84
205000061,2,132,-130
205000062,2,241,-239
205000063,31,213,-182
205000064,17,65,-48
205000065,69,387,-318
205000066,88,329,-241
205000067,44,535,-491
205000069,237,17,220
205000082,177,222,-45
205000110,66,167,-101
205000111,204,130,74
205000112,186,195,-9
205000113,137,274,-137
205000121,259,50,209
205000123,34,178,-144
205000126,427,84,343
205000127,769,113,656
205000128,423,41,382
205000129,822,40,782
205000130,94,20,74
205000131,40,10,30
205000132,64,4,60
205000133,42,0,42
205000134,303,0,303
205000137,67,124,-57
205000138,122,322,-200
205000139,47,110,-63
205000144,129,58,71
205000145,495,186,309
205000151,189,24,165
205000152,167,12,155
205000153,272,19,253
205000154,91,28,63
205000155,141,11,130
205000207,6,105,-99
205000233,17,1,16
205000234,0,0,0
205000243,1,2,-1
205000244,0,10,-10
205000245,9,124,-115
205000249,0,14,-14
205000250,6,4,2
205000264,9,74,-65
206000027,15,8,7
206000028,10,3,7
206000043,4,32,-28
206000053,3,18,-15
206000054,0,20,-20
206000055,1,25,-24
206000075,24,20,4
206000076,39,5,34
206000077,32,2,30
206000078,14,3,11
206000079,52,3,49
206000082,388,58,330
206000100,17,337,-320
206000103,8,10,-2
206000104,7,11,-4
206000105,9,6,3
206000106,6,13,-7
206000108,631,45,586
206000125,106,0,106
206000157,43,374,-331
206000170,1,92,-91
206000171,4,166,-162
206000172,23,134,-111
206000173,2,80,-78
206000174,28,21,7
206000175,2,41,-39
206000176,23,75,-52
206000177,0,61,-61
206000178,1,129,-128
206000179,9,80,-71
206000180,11,59,-48
206000181,4,29,-25
206000182,3,45,-42
206000183,10,139,-129
206000184,8,124,-116
206000185,6,49,-43
206000186,64,265,-201
206000223,5,171,-166
206000226,21,2,19
206000227,29,8,21
206000237,32,118,-86
206000238,11,216,-205
206000239,136,1307,-1171
206000240,1,39,-38
206000241,0,32,-32
206000242,6,88,-82
206000243,14,49,-35
206000244,54,179,-125
206000245,1738,75,1663
206000246,561,18,543
206000247,635,5,630
206000248,735,15,720
206000252,68,39,29
206000258,19,38,-19
206000315,56,6,50
206000317,930,145,785
206000318,1185,98,1087
206000319,3407,117,3290
206000320,502,50,452
206000321,604,14,590
206000322,975,29,946
206000323,318,14,304
206000324,344,11,333
206000325,232,24,208
206000326,279,35,244
206000327,98,7,91
206000328,332,12,320
206000329,550,6,544
206000330,84,10,74
206000331,393,6,387
206000332,117,6,111
206000333,1357,8,1349
206000334,532,2,530
206000335,0,12,-12
206000361,2,136,-134
206000392,1,22,-21
206000405,247,6,241
206000441,76,21,55
206000498,79,9,70
206000515,59,54,5
206000530,682,94,588
206000531,375,390,-15
206000532,1775,473,1302
206000535,66,2259,-2193
206000536,7,87,-80
206000537,13,123,-110
206000613,2030,309,1721
207000001,115,652,-537
207000002,86,481,-395
207000003,165,145,20
207000007,1640,190,1450
207000008,185,4,181
207000009,86,37,49
207000010,278,214,64
207000012,645,194,451
207000015,248,704,-456
207000019,260,99,161
207000021,487,208,279
207000022,229,196,33
207000023,274,71,203
207000024,3,9,-6
207000025,30,92,-62
207000026,84,30,54
207000027,14,41,-27
207000028,55,133,-78
207000029,127,339,-212
207000033,287,496,-209
207000034,363,146,217
207000039,667,82,585
207000040,729,34,695
207000041,189,20,169
207000042,414,32,382
207000043,327,193,134
207000051,118,198,-80
207000052,15,135,-120
207000053,349,378,-29
207000054,61,84,-23
207000055,175,64,111
207000056,353,207,146
207000057,126,490,-364
207000058,229,273,-44
207000059,114,202,-88
207000060,66,208,-142
207000061,198,948,-750
207000062,538,27,511
207000063,585,59,526
207000064,427,101,326
207000065,461,262,199
207000066,340,137,203
207000067,61,68,-7
207000068,151,66,85
207000069,998,334,664
207000082,5,137,-132
207000083,93,153,-60
207000084,440,290,150
207000085,302,28,274
207000086,369,6,363
207000106,72,29,43
207000107,175,4,171
207000108,118,12,106
207000109,89,10,79
207000110,97,91,6
207000111,121,96,25
207000112,117,796,-679
207000114,18,35,-17
207000115,45,44,1
207000116,28,350,-322
207000117,12,71,-59
207000118,4,51,-47
207000119,9,49,-40
207000123,254,26,228
207000124,134,26,108
207000125,87,30,57
207000126,62,38,24
207000134,144,75,69
207000135,32,121,-89
207000148,137,421,-284
207000149,38,29,9
207000152,121,441,-320
207000153,342,990,-648
207000154,323,210,113
207000159,118,96,22
207000160,153,257,-104
207000238,0,143,-143
207000242,4,86,-82
207000248,25,34,-9
207000249,89,24,65
207000250,364,57,307
207000251,76,78,-2
207000252,37,36,1
207000278,165,81,84
207000279,30,117,-87
207000280,941,48,893
207000281,125,451,-326
207000282,128,162,-34
207000283,62,274,-212
207000284,26,523,-497
207000285,79,112,-33
207000291,15,95,-80
207000304,95,47,48
207000306,56,305,-249
207000310,187,93,94
207000353,159,2,157
207000356,14,67,-53
207000357,14,22,-8
207000358,2,35,-33
207000415,7,80,-73
207000417,53,3,50
207000418,94,130,-36
207000438,0,2,-2
207000439,663,603,60
207000446,178,4,174
207000460,56,4,52
207000466,93,113,-20
207000467,446,57,389
207000468,53,132,-79
207000476,3,52,-49
207000477,865,33,832
207000478,2,96,-94
207000523,0,22,-22
207000524,44,0,44
207000527,186,142,44
207000530,702,8,694
207000531,415,15,400
207000532,111,51,60
207000534,173,48,125
207000535,23,275,-252
207000537,20,64,-44
207000540,8,57,-49
207000541,2,159,-157
207000548,22,151,-129
207000549,439,17,422
207000561,217,229,-12
207000562,25,101,-76
207000567,154,346,-192
207000568,296,40,256
207000569,706,274,432
207000584,98,174,-76
207000585,53,297,-244
207000616,0,69,-69
207000617,232,1,231
207900008,438,77,361
208000001,656,1292,-636
208000002,761,742,19
208000003,1096,524,572
208000004,789,813,-24
208000005,1,12,-11
208000019,817,692,125
208000020,217,344,-127
208000021,298,256,42
208000022,1020,468,552
208000028,1015,1836,-821
208000033,650,672,-22
208000034,1111,1447,-336
208000037,308,13,295
208000040,177,102,75
208000041,895,607,288
208000042,1002,609,393
208000047,147,163,-16
208000064,2029,1324,705
208000066,1528,2497,-969
208000070,527,325,202
208000071,700,456,244
208000072,556,776,-220
208000080,367,460,-93
208000081,422,136,286
208000082,419,146,273
208000083,159,213,-54
208000084,11,13,-2
208000085,558,515,43
208000086,455,958,-503
208000087,334,760,-426
208000089,1157,288,869
208000090,1148,410,738
208000093,149,174,-25
208000094,474,353,121
208000095,674,467,207
208000104,1363,615,748
208000105,793,782,11
208000114,116,392,-276
208000115,605,293,312
208000116,763,1011,-248
208000117,109,135,-26
208000118,111,215,-104
208000155,688,1364,-676
208000158,1223,3518,-2295
208000186,1817,3161,-1344
208000204,795,963,-168
208000205,1375,800,575
208000282,2458,2630,-172
209000004,631,282,349
209000005,62,34,28
209000006,516,227,289
209000007,278,309,-31
209000010,348,95,253
209000011,104,247,-143
209000012,117,82,35
209000013,209,159,50
209000014,400,590,-190
209000025,580,48,532
209000026,1074,87,987
209000027,302,443,-141
209000028,352,364,-12
209000029,369,627,-258
209000030,341,938,-597
209000031,2162,1382,780
209000034,260,290,-30
209000035,164,204,-40
209000036,317,101,216
209000037,432,182,250
209000038,151,160,-9
209000039,96,140,-44
209000040,327,455,-128
209000041,195,317,-122
209000042,311,201,110
209000043,587,524,63
209000044,226,640,-414
209000045,921,335,586
209000046,555,351,204
209000047,379,161,218
209000048,571,342,229
209000049,115,64,51
209000050,173,54,119
209000051,248,141,107
209000052,128,126,2
209000062,66,51,15
209000063,61,42,19
209000064,43,39,4
209000065,162,20,142
209000066,143,13,130
209000067,199,28,171
209000080,24,190,-166
209000082,88,34,54
209000091,17,94,-77
209000093,34,21,13
209000094,69,181,-112
209000110,45,126,-81
209000111,704,2125,-1421
209000112,1575,558,1017
209000113,2246,541,1705
209000114,1298,617,681
209000115,54,64,-10
209000116,333,198,135
209000118,13,48,-35
209000119,17,7,10
209000121,91,350,-259
209000135,88,160,-72
209000142,761,2150,-1389
209000143,56,47,9
209000144,38,155,-117
209000229,269,140,129
209000240,26,158,-132
209000259,36,43,-7
209000260,48,772,-724
209000261,9,395,-386
209000262,3,251,-248
209000263,0,157,-157
209000264,1,230,-229
209000265,314,0,314
209000266,146,0,146
209000267,1161,11,1150
209000268,569,90,479
210000037,66,26,40
210000047,116,22,94
210000048,143,9,134
210000049,55,4,51
210000052,83,59,24
210000053,32,22,10
210000054,38,53,-15
210000070,205,3,202
210000071,88,0,88
210000072,31,0,31
210000073,0,16,-16
210000074,1,75,-74
210000075,3,125,-122
210000076,11,153,-142
210000077,11,66,-55
210000078,37,93,-56
210000079,20,8,12
210000080,67,47,20
210000081,131,30,101
210000082,104,4,100
210000083,92,6,86
210000084,53,1,52
210000085,0,44,-44
210000086,6,73,-67
210000099,70,193,-123
210000100,59,116,-57
210000101,87,150,-63
210000105,24,177,-153
210000159,0,223,-223
210000163,77,220,-143
210000164,213,185,28
210000168,119,53,66
210000187,1,44,-43
210000188,0,24,-24
210000214,18,1,17
210000219,60,56,4
210000220,169,30,139
210000232,2,22,-20
210000233,32,47,-15
210000234,26,75,-49
210000235,89,65,24
210000245,0,59,-59
210000246,53,16,37
210000258,19,71,-52
210000259,244,53,191
210000282,62,216,-154
210000285,1,114,-113
210000286,20,128,-108
210000290,0,14,-14
210000295,69,105,-36
210000296,56,28,28
210000320,273,56,217
210000321,140,43,97
210000338,33,57,-24
210000339,153,1001,-848
210000340,99,346,-247
210000341,247,302,-55
210000342,231,208,23
210000343,178,186,-8
210000344,113,135,-22
210000345,147,213,-66
210000346,67,117,-50
210000347,19,48,-29
210000348,90,29,61
210000349,49,17,32
210000350,146,34,112
210000351,185,54,131
210000352,77,35,42
210000353,56,52,4
210000354,72,46,26
210000355,41,53,-12
210000356,12,48,-36
210000357,37,66,-29
210000358,202,167,35
210000359,74,63,11
210000360,122,116,6
210000361,164,132,32
210000362,240,194,46
210000363,375,246,129
210000364,116,171,-55
210000365,141,83,58
210000366,124,53,71
210000367,102,28,74
210000368,137,31,106
210000369,26,33,-7
210000370,41,55,-14
210000372,25,26,-1
210000373,8,21,-13
210000374,61,25,36
210000375,41,34,7
210000376,64,67,-3
210000404,63,148,-85
210000439,54,19,35
210000472,82,6,76
210000482,47,108,-61
210000564,125,191,-66
210000567,5,44,-39
210000568,208,8,200
211000092,90,35,55
211000094,37,5,32
211000169,226,32,194
211000172,19,135,-116
211000209,1,35,-34
211000226,14,29,-15
211000270,27,10,17
211000275,41,6,35
211000276,143,21,122
211000279,23,23,0
211000281,80,41,39
211507980,2,92,-90
211977296,42,6,36
212000003,221,33,188
212000004,12,33,-21
212000005,9,57,-48
212000006,19,42,-23
212000008,162,67,95
212000009,36,72,-36
212000012,92,53,39
212000013,24,43,-19
212000014,296,104,192
212000015,343,180,163
212000016,552,405,147
212000027,645,254,391
212000028,449,260,189
212000029,277,142,135
212000030,55,17,38
212000031,94,26,68
212000048,60,256,-196
212000049,13,206,-193
212000050,37,9,28
212000051,288,142,146
212000052,235,160,75
212000053,361,307,54
212000054,463,49,414
212000055,345,84,261
212000056,33,11,22
212000057,11,13,-2
212000058,114,22,92
212000070,104,111,-7
212000077,179,393,-214
212000099,375,176,199
212000108,224,78,146
212000111,317,42,275
212000120,86,46,40
212000138,163,23,140
212000156,3,83,-80
212000158,10,17,-7
212000159,693,46,647
212000160,997,190,807
212000161,71,12,59
212000310,62,21,41
212000311,15,62,-47
212000374,39,22,17
213000001,44,368,-324
213000005,438,95,343
213000006,913,284,629
213000007,76,12,64
213000009,400,345,55
213000010,222,213,9
213000011,198,74,124
213000012,165,240,-75
213000014,76,9,67
213000015,291,4,287
213000016,400,1,399
213000017,115,2,113
213000018,5,56,-51
213000019,1,73,-72
213000020,135,248,-113
213000021,11,98,-87
213000023,512,283,229
213000033,354,1412,-1058
213000034,589,191,398
213000035,172,268,-96
213000045,246,272,-26
213000046,219,187,32
213000047,497,1183,-686
213000056,139,34,105
213000069,73,7,66
213000073,3,67,-64
213000074,101,355,-254
213000075,576,8,568
213000076,29,0,29
213000085,6,34,-28
213000086,16,155,-139
213000091,377,13,364
213000092,96,13,83
213000099,157,1178,-1021
213000100,859,259,600
213000101,530,91,439
213000102,753,171,582
213000103,872,650,222
213000104,62,316,-254
213000105,79,1252,-1173
213000106,39,104,-65
213000107,184,247,-63
213000108,61,282,-221
213000109,26,188,-162
213000110,36,132,-96
213000111,6,81,-75
213000112,89,127,-38
213000115,48,8,40
213000116,42,322,-280
213000117,9,430,-421
213000118,802,244,558
213000119,58,428,-370
213000120,131,258,-127
213000122,112,260,-148
213000123,235,589,-354
213000124,206,1238,-1032
213000125,171,59,112
213000126,50,146,-96
213000127,71,321,-250
213000128,233,1200,-967
213000129,276,805,-529
213000130,1036,353,683
213000132,757,105,652
213000133,990,88,902
213000134,1090,17,1073
213000136,614,16,598
213000137,791,73,718
213000139,173,18,155
213000147,58,5,53
213000148,21,23,-2
213000149,29,8,21
213000150,0,259,-259
213000151,2,151,-149
213000152,2,128,-126
213000153,1,198,-197
213000154,65,344,-279
213000155,52,149,-97
213000156,135,306,-171
213000157,874,352,522
213000158,460,710,-250
213000159,774,403,371
213000163,1412,142,1270
213000165,1023,386,637
213000171,2,52,-50
213000172,1,149,-148
213000173,2,98,-96
213000174,3,53,-50
213000175,6,54,-48
213000176,89,36,53
213000177,153,2,151
213000178,295,6,289
213000179,311,4,307
213000180,279,2,277
213000184,101,413,-312
213000188,522,87,435
213000189,618,44,574
213000190,850,548,302
213000191,554,257,297
213000192,350,162,188
213000193,441,318,123
213000194,1,142,-141
213000195,26,328,-302
213000196,267,1150,-883
213000197,526,573,-47
213000198,29,0,29
213000200,147,492,-345
213000201,28,46,-18
213000202,10,390,-380
213000203,2221,477,1744
213000204,940,51,889
213000205,542,55,487
213000206,563,36,527
213000207,102,10,92
213000208,60,3,57
213000209,135,2,133
213000210,237,4,233
213000211,8,27,-19
213000212,16,49,-33
213000213,12,56,-44
213000218,304,348,-44
213000219,723,27,696
213000220,594,19,575
213000223,159,243,-84
213000224,35,56,-21
213000225,146,31,115
213000226,96,34,62
213000227,1113,179,934
213000228,598,62,536
213000229,68,21,47
213000230,509,16,493
213000232,65,497,-432
213000233,15,552,-537
213000234,4,117,-113
213000293,15,59,-44
213000294,110,48,62
213000295,8,120,-112
213000296,68,30,38
213000297,6,58,-52
213000298,24,65,-41
213000299,53,22,31
213000300,4,2,2
213000303,2,24,-22
213000304,2,11,-9
213000305,9,27,-18
213000306,35,53,-18
213000307,89,109,-20
213000308,79,147,-68
213000309,223,84,139
213000310,492,258,234
213000311,183,878,-695
213000315,79,120,-41
213000316,172,64,108
213000322,127,57,70
213000323,197,60,137
213000324,98,18,80
213000325,104,67,37
213000326,79,20,59
213000327,70,26,44
213000328,57,132,-75
213000329,158,17,141
213000340,184,319,-135
213000341,798,80,718
213000346,210,345,-135
213000347,396,616,-220
213000348,5,230,-225
213000349,14,9,5
213000350,274,642,-368
213000366,74,178,-104
213000367,390,11,379
213000379,43,73,-30
213000386,37,151,-114
213000406,180,253,-73
213000417,1594,487,1107
213000425,301,37,264
213000426,216,35,181
213000427,74,96,-22
213000428,96,99,-3
213000429,20,6,14
213000430,107,328,-221
213000431,25,1,24
213000432,1,41,-40
213000433,32,90,-58
213000434,166,104,62
213000435,206,59,147
213000436,62,46,16
213000437,1,8,-7
213000438,209,47,162
213000439,39,13,26
213000440,12,245,-233
213000441,1,0,1
213000442,4,24,-20
213000443,529,273,256
213000444,67,17,50
213000445,1,81,-80
213000446,4,24,-20
213000447,2,52,-50
213000448,11,154,-143
213000449,769,6,763
213000450,26,40,-14
213000451,338,81,257
213000452,21,20,1
213000453,34,237,-203
213000455,153,2,151
213000456,1,186,-185
213000481,2,4,-2
213000482,27,1,26
213000489,188,71,117
213000491,8,200,-192
213000492,189,53,136
213000493,2,140,-138
213000494,311,114,197
213000495,0,33,-33
213000496,525,122,403
213000497,47,220,-173
213000498,172,109,63
213000499,241,170,71
213000500,774,77,697
213000501,162,41,121
213000502,187,178,9
213000503,5,32,-27
213000504,17,30,-13
213000505,15,2,13
213000506,0,11,-11
213000507,1,103,-102
213900016,0,3,-3
213900244,110,0,110
213900245,0,10,-10
218000003,17,37,-20
218000004,17,30,-13
218000005,33,37,-4
218000006,65,46,19
218000007,55,7,48
218000012,99,132,-33
218000013,144,175,-31
218000014,384,337,47
218000019,449,474,-25
218000020,249,348,-99
218000021,22,38,-16
218000022,11,12,-1
218000023,3,10,-7
218000024,3,7,-4
218000025,6,15,-9
218000026,14,15,-1
218000027,2,4,-2
218000028,0,5,-5
218000029,1,5,-4
218000030,13,17,-4
218000031,9,20,-11
218000032,0,43,-43
218000040,3,2,1
218000046,78,48,30
218000047,27,72,-45
218000048,94,51,43
218000049,73,30,43
218000050,365,133,232
218000051,66,110,-44
218000052,0,41,-41
218000053,0,25,-25
218000054,1,38,-37
218000055,2,14,-12
218000056,8,20,-12
218000057,2,12,-10
218000064,3,7,-4
218000065,61,35,26
218000066,14,33,-19
218000067,98,53,45
218000068,154,60,94
218000069,303,63,240
218000070,257,150,107
218000071,166,138,28
218000072,150,162,-12
218000078,1076,398,678
218000079,213,62,151
218000080,240,51,189
218000081,731,136,595
218000082,76,78,-2
218000083,99,48,51
218000084,238,85,153
218000085,252,208,44
218000086,114,91,23
218000087,259,87,172
218000090,18,94,-76
218000091,1280,602,678
218000092,127,98,29
218000093,100,48,52
218000094,465,518,-53
218000099,327,622,-295
218000100,398,316,82
218000101,362,176,186
218000102,561,138,423
218000103,112,119,-7
218000104,140,30,110
218000105,26,40,-14
218000106,13,23,-10
218000107,118,41,77
218000108,7,22,-15
218000112,57,46,11
218000117,53,54,-1
218000134,565,355,210
218000135,12,93,-81
218000136,171,127,44
218000137,201,103,98
218000138,55,112,-57
218000139,196,250,-54
218000140,594,194,400
218000141,102,41,61
218000142,222,116,106
218000143,89,444,-355
218000144,45,127,-82
218000145,576,303,273
218000146,155,146,9
218000151,3,20,-17
218000152,93,50,43
218000153,2,11,-9
218000154,27,3,24
218000155,51,6,45
218000156,110,15,95
218000157,65,19,46
218000158,23,17,6
218000159,4,12,-8
218000160,9,2,7
218000161,45,4,41
218000162,35,4,31
218000163,16,3,13
218000164,54,6,48
218000165,121,14,107
218000170,8,34,-26
218000171,53,10,43
218000172,4,16,-12
218000173,14,14,0
218000174,35,7,28
218000176,246,34,212
218000177,350,213,137
218000178,84,220,-136
218000179,92,104,-12
218000180,86,34,52
218000181,209,54,155
218000187,10,38,-28
218000188,15,46,-31
218000189,24,60,-36
218000190,23,19,4
218000191,212,44,168
218000192,282,107,175
218000193,547,203,344
218000194,143,230,-87
218000195,221,30,191
218000196,486,221,265
218000197,684,228,456
218000198,32,92,-60
218000199,62,22,40
218000200,61,30,31
218000201,35,10,25
218000202,48,288,-240
218000207,4,13,-9
218000208,28,46,-18
218000211,29,58,-29
218000212,0,10,-10
218000213,94,87,7
218000214,2,15,-13
218000215,29,46,-17
218000217,20,48,-28
218000218,139,42,97
218000219,3,13,-10
218000220,31,350,-319
218000221,560,246,314
218000222,3,40,-37
218000223,66,358,-292
218000224,23,191,-168
218000225,269,45,224
218000226,267,79,188
218000230,0,5,-5
218000232,35,45,-10
218000239,138,21,117
218000240,7,4,3
218000241,37,1,36
218000242,11,3,8
218000243,22,8,14
218000244,27,3,24
218000245,39,4,35
218000246,0,0,0
218000247,2,0,2
218000248,0,28,-28
218000249,0,2,-2
218000250,5,14,-9
218000251,15,180,-165
218000252,18,1097,-1079
218000253,4,473,-469
218000254,2,130,-128
218000255,4,60,-56
218000256,41,133,-92
218000267,317,932,-615
218000268,3,42,-39
218000269,0,9,-9
218000270,133,26,107
218000271,4,43,-39
218000273,55,6,49
218000274,24,4,20
218000275,64,63,1
218000276,18,12,6
218000278,6,22,-16
218000279,109,44,65
218000280,5,18,-13
218000281,20,12,8
218000282,451,808,-357
218000284,81,5,76
218000301,83,162,-79
218000302,103,42,61
218000303,28,59,-31
218000316,954,771,183
218000317,1815,527,1288
218000318,1327,372,955
218000319,1361,668,693
218000320,880,437,443
218000338,38,27,11
218000345,71,58,13
218000346,44,254,-210
218000459,27,102,-75
218000490,25,21,4
218000501,128,32,96
218000502,65,26,39
218000503,102,23,79
218000504,98,23,75
218000505,45,65,-20
218000506,12,126,-114
218000508,3,5,-2
218000510,119,12,107
218000520,130,143,-13
218000521,3,35,-32
218000522,0,143,-143
218000523,130,2,128
218000524,16,177,-161
218000525,136,19,117
218000526,20,150,-130
218000529,60,66,-6
218000530,16,4,12
218000531,13,13,0
218000532,30,14,16
218000534,211,20,191
218000537,22,78,-56
218000538,108,826,-718
218000540,152,167,-15
218000543,138,55,83
218000544,38,41,-3
218000545,105,79,26
218000546,59,47,12
218000547,162,206,-44
218000548,157,106,51
218000549,758,442,316
218000550,197,137,60
218000551,78,567,-489
218000552,221,52,169
218000553,34,66,-32
218000554,47,22,25
218000555,18,48,-30
218000556,241,98,143
218000557,418,107,311
218000558,73,4,69
218000559,0,38,-38
218000560,0,41,-41
218000561,13,0,13
218000562,29,175,-146
218000563,224,34,190
218000564,10,103,-93
218000565,134,39,95
218000566,120,53,67
218000567,2,140,-138
218000568,40,0,40
218000569,6,242,-236
218000570,77,27,50
218000571,2,127,-125
218000572,149,2,147
218000573,3,260,-257
218000574,14,26,-12
218000575,133,2,131
218000576,2,88,-86
218000577,128,2,126
218000578,1,112,-111
218000579,43,44,-1
218000581,11,69,-58
218000582,75,4,71
218000583,12,1,11
218000584,0,37,-37
218000585,43,3,40
218000586,8,41,-33
218000587,1,0,1
218000588,0,5,-5
218000589,1,10,-9
218000590,4,3,1
218000591,1,5,-4
218000592,3,15,-12
218000593,0,0,0
218000594,0,5,-5
218000595,0,0,0
218000596,0,0,0
218000597,0,0,0
218000598,0,0,0
218000599,1,2,-1
218000600,4,1,3
218000601,0,3,-3
218000602,0,8,-8
218000603,0,4,-4
218000604,18,1,17
218000605,0,53,-53
218000606,115,0,115
218000607,26,52,-26
218000608,54,31,23
218000609,12,74,-62
218000610,89,7,82
218000611,21,6,15
218000612,14,42,-28
218000613,71,0,71
218000614,0,62,-62
218000615,135,2,133
218000616,6,107,-101
218000617,14,0,14
218000618,0,27,-27
218000619,85,32,53
218000620,30,35,-5
218000621,0,3,-3
218000622,2,35,-33
218000623,21,1,20
218000624,1,61,-60
218000625,4,3,1
218000626,1,29,-28
218000628,209,57,152
218000631,35,14,21
218000632,1,172,-171
218000633,117,2,115
218000634,6,34,-28
218000635,7,24,-17
218000636,883,535,348
218000637,1315,263,1052
218000638,366,25,341
218000639,21,59,-38
218000640,516,38,478
218000641,67,143,-76
218000652,17,29,-12
218000653,279,87,192
218000663,8,72,-64
218000675,34,50,-16
218000676,2,16,-14
218000677,19,8,11
218000680,208,227,-19
218000681,427,136,291
218000691,256,90,166
218000693,474,97,377
218000703,6,20,-14
218000718,78,650,-572
218000719,147,377,-230
218000720,8,492,-484
218000721,62,29,33
218000725,3,5,-2
218001214,5,265,-260
218001258,150,2,148
218001329,111,98,13
218001330,67,43,24
218001351,36,15,21
218001352,24,11,13
218001353,9,6,3
218001354,6,21,-15
218001356,561,30,531
218001358,350,5,345
218001361,389,10,379
219000001,38,56,-18
219000002,24,56,-32
219000003,66,61,5
219000004,26,63,-37
219000017,74,101,-27
219000020,176,61,115
219000022,163,9,154
219000023,68,1,67
219000029,0,47,-47
219000034,48,36,12
219000039,77,216,-139
219000040,66,143,-77
219000041,164,29,135
219000051,0,41,-41
219000052,0,29,-29
219000053,0,52,-52
219000054,16,79,-63
219000055,353,1,352
219000056,10,2,8
219000057,101,2,99
219000062,20,53,-33
219000063,97,5,92
219000064,2,60,-58
219000110,267,88,179
219000111,67,39,28
219000112,214,62,152
219000113,206,81,125
219000114,147,135,12
219000116,144,52,92
219000117,188,95,93
219000118,204,95,109
219000123,171,51,120
219000124,55,38,17
219000125,12,17,-5
219000126,48,122,-74
219000127,1,7,-6
219000128,18,121,-103
219000129,23,123,-100
219000130,142,495,-353
219000131,655,957,-302
219000133,34,56,-22
219000134,13,27,-14
219000135,24,79,-55
219000136,76,188,-112
219000138,80,25,55
219000139,77,24,53
219000140,84,0,84
219000141,52,62,-10
219000142,15,35,-20
219000143,5,28,-23
219000145,11,45,-34
219000146,20,27,-7
219000147,7,21,-14
219000148,4,12,-8
219000149,13,35,-22
219000150,2,28,-26
219000151,2,8,-6
219000157,254,113,141
219000158,139,173,-34
219000161,149,9,140
219000163,882,447,435
219000166,151,201,-50
219000167,100,129,-29
219000168,241,98,143
219000174,445,119,326
219000175,129,3,126
219000176,175,10,165
219000177,122,1,121
219000178,87,1,86
219000179,34,7,27
219000180,52,29,23
219000182,141,20,121
219000183,104,25,79
219000184,142,18,124
219000185,3,35,-32
219000186,71,11,60
219000187,17,85,-68
219000189,40,181,-141
219000190,62,170,-108
219000191,192,1588,-1396
219000192,164,165,-1
219000193,117,132,-15
219000195,2,34,-32
219000196,8,83,-75
219000198,23,90,-67
219000199,31,136,-105
219000200,56,108,-52
219000201,57,160,-103
219000203,31,129,-98
219000204,118,356,-238
219000205,65,246,-181
219000207,88,265,-177
219000209,44,32,12
219000210,14,80,-66
219000213,5,155,-150
219000239,178,211,-33
219000240,167,340,-173
219000241,149,93,56
219000242,41,110,-69
219000243,105,241,-136
219000244,22,63,-41
219000245,25,34,-9
219000246,29,22,7
219000247,240,26,214
219000248,481,456,25
219000249,189,109,80
219000250,213,123,90
219000251,580,296,284
219000252,264,199,65
219000253,380,86,294
219000255,167,125,42
219000256,265,59,206
219000257,132,1,131
219000262,52,65,-13
219000263,60,69,-9
219000267,4,44,-40
219000268,2,5,-3
219000269,1,1,0
219000270,15,0,15
219000271,207,9,198
219000278,0,4,-4
219000279,2,1,1
219000283,0,13,-13
219000295,20,42,-22
219000296,63,197,-134
219000297,36,40,-4
219000298,17,49,-32
219000299,382,63,319
219000300,22,68,-46
219000301,108,250,-142
219000302,20,160,-140
219000307,33,24,9
219000308,58,78,-20
219000311,235,60,175
219000312,549,129,420
219000313,364,55,309
219000314,37,145,-108
219000315,347,54,293
219000316,672,53,619
219000317,173,7,166
219000320,0,64,-64
219000321,1,19,-18
219000323,5,50,-45
219000325,5,8,-3
219000326,47,54,-7
219000327,42,24,18
219000328,15,47,-32
219000329,290,114,176
219000330,32,31,1
219000331,51,34,17
219000332,171,87,84
219000333,53,0,53
219000335,97,2,95
219000337,33,1,32
219000338,41,0,41
219000344,22,63,-41
219000345,33,68,-35
219000346,38,64,-26
219000348,186,48,138
219000349,47,84,-37
219000350,133,462,-329
219000351,1,28,-27
219000352,430,107,323
219000353,118,52,66
219000354,232,98,134
219000355,172,40,132
219000356,489,1498,-1009
219000363,205,71,134
219000364,96,59,37
219000365,114,17,97
219000366,249,485,-236
219000368,258,543,-285
219000370,814,647,167
219000371,5,24,-19
219000382,12,23,-11
219000383,264,1532,-1268
219000385,303,540,-237
219000386,548,1907,-1359
219000387,4,9,-5
219000390,5,0,5
219000391,1,0,1
219000397,27,27,0
219000398,78,46,32
219000401,9,50,-41
219000402,35,66,-31
219000403,99,324,-225
219000404,11,129,-118
219000407,11,36,-25
219000409,95,48,47
219000410,153,39,114
219000411,118,17,101
219000446,75,423,-348
219000447,2,14,-12
219000448,8,14,-6
219000452,92,84,8
219000453,35,228,-193
219000454,144,322,-178
219000556,362,83,279
219000558,125,83,42
219000590,27,150,-123
219000591,160,74,86
219000592,66,208,-142
219000595,4,24,-20
219000635,202,29,173
219000636,44,39,5
219000657,25,32,-7
219000658,44,191,-147
219000673,0,96,-96
219000676,19,44,-25
219000679,29,7,22
219000684,108,1,107
219000685,1,34,-33
219000686,0,2,-2
219000688,1,44,-43
219000689,10,181,-171
219000690,168,23,145
219000691,49,151,-102
219000692,146,40,106
219000693,0,22,-22
219000694,27,0,27
219000695,52,0,52
219000698,13,0,13
219000699,0,15,-15
219000727,1,62,-61
219000728,80,2,78
219000770,50,2,48
219000771,1,55,-54
219000788,293,247,46
219001150,0,56,-56
219001151,1,4,-3
219001166,25,39,-14
219001167,2,49,-47
219001178,51,1,50
220000001,25,136,-111
220000002,6,96,-90
220000003,275,127,148
220000004,439,251,188
220000005,767,1671,-904
220000006,131,727,-596
220000007,368,227,141
220000008,348,457,-109
220000009,317,284,33
220000010,107,78,29
220000011,418,3443,-3025
220000012,59,296,-237
220000014,206,52,154
220000015,43,404,-361
220000017,28,273,-245
220000018,4936,2424,2512
220000019,73,411,-338
220000020,500,181,319
220000021,878,143,735
220000022,1228,307,921
220000023,458,175,283
220000024,1352,529,823
220000025,1431,2120,-689
220000026,332,811,-479
220000027,24,139,-115
220000028,46,69,-23
220000029,48,65,-17
220000030,52,55,-3
220000031,723,331,392
220000064,33,838,-805
221000046,6,0,6
221000047,0,0,0
221000048,0,2,-2
221000049,0,6,-6
221000050,13,3,10
221000055,25,41,-16
221000057,65,6,59
221000068,272,111,161
221000069,376,57,319
221000070,233,17,216
221000071,110,10,100
221000072,283,6,277
221000073,194,24,170
221000074,5,10,-5
221000075,11,20,-9
221000076,8,16,-8
221000077,13,74,-61
221000081,19,3,16
221000082,84,4,80
221000083,19,2,17
221000084,10,8,2
221000085,9,35,-26
221000086,18,86,-68
221000087,5,79,-74
221000088,14,101,-87
221000089,29,229,-200
221000090,72,534,-462
221000098,145,9,136
221000099,230,11,219
221000100,124,4,120
221000101,191,10,181
221000102,182,14,168
221000109,1,77,-76
221000110,11,37,-26
221000111,8,70,-62
221000112,5,102,-97
221000113,13,77,-64
221000114,8,81,-73
221000120,30,52,-22
221000121,5,46,-41
221000122,43,35,8
221000123,7,13,-6
221000124,26,116,-90
221000155,150,8,142
221000156,100,38,62
221000175,0,4,-4
221000176,0,5,-5
221000182,51,4,47
221000241,512,317,195
221000242,114,300,-186
221000243,535,258,277
221000244,300,336,-36
221000245,103,69,34
221000246,39,226,-187
221000247,119,58,61
221000248,123,109,14
221000267,37,510,-473
221000325,33,57,-24
221000331,7,46,-39
221000338,30,56,-26
221000378,266,32,234
221000381,41,35,6
222000282,6,2,4
222000296,3,9,-6
222000568,469,16,453
222000569,230,64,166
222000570,177,29,148
222000571,691,37,654
222000577,28,81,-53
222000578,12,74,-62
222000579,16,60,-44
222000580,70,506,-436
222000599,1,124,-123
222000600,2,215,-213
222000601,3,698,-695
222000603,10,44,-34
222000604,11,52,-41
222000605,12,72,-60
222000606,2,46,-44
222000607,16,23,-7
222000608,34,20,14
222000609,67,87,-20
222000616,695,32,663
222000617,6,34,-28
222000618,5,10,-5
222000620,20,23,-3
222000621,49,15,34
222000623,800,23,777
222000624,550,7,543
222000625,964,12,952
222000636,45,6,39
222000686,31,23,8
222000687,58,35,23
222001066,476,0,476
222001067,51,1,50
222001068,121,30,91
222001069,95,28,67
222001082,28,15,13
222001083,33,23,10
222001084,0,49,-49
222001085,6,197,-191
222001111,99,64,35
222001112,249,56,193
222001313,65,14,51
222001314,17,109,-92
222001464,33,46,-13
222001465,13,85,-72
222001484,203,39,164
222001485,24,44,-20
222001494,875,128,747
222001495,139,108,31
222001496,517,66,451
222001497,104,179,-75
222001502,9,53,-44
222001503,199,27,172
222001504,44,186,-142
222001505,437,9,428
222001506,51,228,-177
222001507,354,21,333
222001510,786,27,759
222001511,64,139,-75
222001514,908,162,746
222001515,115,182,-67
222001518,581,66,515
222001519,43,91,-48
222001527,209,70,139
222001528,36,90,-54
222001529,532,28,504
222001530,79,116,-37
222001533,121,145,-24
222001534,508,44,464
222001535,356,275,81
222001536,90,81,9
222001537,424,52,372
222001538,89,288,-199
222001563,1259,136,1123
222001564,74,180,-106
222001568,200,252,-52
222001576,1,3,-2
222001579,1,13,-12
222001583,8,64,-56
222001584,120,26,94
222001596,485,1270,-785
222001597,1746,612,1134
222001626,0,85,-85
222001650,31,289,-258
222001651,33,393,-360
222001914,251,66,185
222001915,31,102,-71
222001968,544,286,258
222001969,316,319,-3
222001970,169,295,-126
222001971,50,13,37
222001972,10,14,-4
225000001,438,125,313
225000002,678,163,515
225000003,927,67,860
225000004,483,175,308
225000005,62,47,15
225000006,0,153,-153
225000007,824,1031,-207
225000010,327,18,309
225000011,288,1107,-819
225000012,287,633,-346
225000013,93,114,-21
225000014,659,87,572
225000015,74,68,6
225000021,780,114,666
225000027,163,294,-131
225000032,749,103,646
225000042,76,390,-314
225000049,35,53,-18
225000050,82,13,69
225000053,3,244,-241
225000058,570,172,398
225000067,251,113,138
225000068,71,181,-110
225000069,97,301,-204
225000070,118,207,-89
225000071,25,82,-57
225000075,14,450,-436
225000076,34,82,-48
225000078,70,30,40
225000085,129,68,61
225000086,319,47,272
225000087,132,16,116
225000088,28,155,-127
225000089,92,751,-659
225000090,42,336,-294
225000091,155,84,71
225000092,55,61,-6
225000093,237,176,61
225000094,19,134,-115
225000095,199,200,-1
225000096,156,308,-152
225000098,889,283,606
225000099,394,100,294
225000100,486,116,370
225000104,108,257,-149
225000110,13,225,-212
225000111,175,511,-336
225000112,204,673,-469
225000113,178,504,-326
225000114,104,220,-116
225000115,869,513,356
225000116,626,140,486
225000117,749,267,482
225000118,1083,246,837
225000119,371,68,303
225000120,809,27,782
225000121,177,17,160
225000123,512,10,502
225000125,617,97,520
225000126,718,112,606
225000127,510,1621,-1111
225000128,452,963,-511
225000132,472,36,436
225000133,337,35,302
225000134,680,152,528
225000135,70,13,57
225000136,395,15,380
225000137,324,53,271
225000138,502,112,390
225000143,45,192,-147
225000144,8,305,-297
225000145,25,28,-3
225000146,47,38,9
225000147,42,82,-40
225000148,6,108,-102
225000149,39,226,-187
225000151,25,112,-87
225000155,276,250,26
225000156,154,698,-544
225000157,306,214,92
225000158,71,155,-84
225000171,5,116,-111
225000180,32,0,32
225000181,0,50,-50
225000182,90,7,83
225000185,4,325,-321
225000187,33,275,-242
225000191,87,2,85
225000194,0,11,-11
225000208,0,41,-41
225000209,80,12,68
225000210,6,206,-200
225000217,1,9,-8
225000218,9,2,7
225000223,0,32,-32
225000224,30,0,30
225000225,0,11,-11
225000226,21,0,21
225000227,36,58,-22
225000228,6,4,2
225000229,0,29,-29
225000230,14,1,13
225000231,0,33,-33
225000232,122,1,121
225000241,49,4,45
225000242,0,17,-17
225000249,5,0,5
225000250,44,421,-377
225000251,497,35,462
225000254,2,3,-1
225000256,3,43,-40
225000257,2,14,-12
226000042,167,277,-110
226000043,30,182,-152
226000044,84,237,-153
226000045,46,190,-144
226000046,589,53,536
226000047,475,96,379
226000048,445,90,355
226000049,307,159,148
226000070,0,30,-30
226000071,0,45,-45
226000072,0,16,-16
226000073,0,9,-9
226000074,1,13,-12
226000084,2,17,-15
226000085,0,2,-2
226000086,0,4,-4
226000087,1,17,-16
226000088,8,56,-48
226000090,117,148,-31
226000091,20,62,-42
226000092,0,52,-52
226000093,17,2,15
226000094,8,2,6
226000095,7,3,4
226000105,14,4,10
226000106,6,0,6
226000107,4,0,4
226000108,20,2,18
226000109,103,2,101
226000124,173,71,102
226000134,1251,637,614
226000135,2051,479,1572
226000136,746,383,363
226000137,9,101,-92
226000138,7,101,-94
226000139,0,29,-29
226000156,241,5,236
226000157,217,4,213
226000163,27,188,-161
226000202,11,107,-96
226000231,489,10,479
226000232,57,3,54
227000033,408,64,344
227000036,506,24,482
227000037,549,37,512
227000038,195,42,153
227000084,1,69,-68
227000085,0,58,-58
227000088,48,1,47
227000089,87,0,87
227000090,53,0,53
227000091,21,0,21
227000092,36,1,35
227000093,141,0,141
227000094,9,0,9
227000130,28,135,-107
227000131,21,135,-114
227000132,7,99,-92
227000133,8,89,-81
227000134,20,202,-182
227000152,0,11,-11
227000153,1,78,-77
227000154,0,56,-56
227000155,1,13,-12
227000156,0,12,-12
227000165,2,125,-123
227000196,601,120,481
227000199,520,199,321
227000230,7,144,-137
227000232,782,44,738
227000242,34,327,-293
227000243,493,56,437
227000245,17,184,-167
227000246,81,232,-151
227000247,585,62,523
227000248,209,57,152
227000249,20,80,-60
227000250,416,255,161
227000251,79,207,-128
227000252,36,152,-116
227000253,286,10,276
227000262,576,41,535
227000266,1952,19,1933
227000267,16,522,-506
227000282,3,63,-60
227000284,773,15,758
227000286,3,31,-28
227000287,31,55,-24
227000291,11,221,-210
227000296,169,140,29
227000484,270,9,261
227000485,18,529,-511
227000655,239,9,230
227000656,716,23,693
227000657,158,10,148
227000661,287,17,270
229000265,25,24,1
229000296,0,44,-44
229000297,4,45,-41
229000298,4,93,-89
229000320,14,6,8
229000321,19,2,17
229000412,13,47,-34
229000414,8,50,-42
229000415,13,2,11
229000416,2,15,-13
229000417,4,5,-1
229000419,76,281,-205
229000440,377,101,276
229000442,21,13,8
229000443,2,0,2
229000444,1,40,-39
229000445,72,7,65
229000446,93,13,80
229000491,0,14,-14
229000492,3,36,-33
229000493,4,46,-42
229000494,55,1,54
229000495,155,1,154
229000496,104,0,104
229000507,0,34,-34
229000508,0,33,-33
229000509,0,65,-65
229000510,1,19,-18
229000511,2,26,-24
229000512,0,25,-25
229000513,0,8,-8
229000514,0,2,-2
229000517,2,6,-4
229000518,9,12,-3
229000519,0,3,-3
229000520,14,18,-4
229000521,53,13,40
229000522,17,3,14
229000523,7,1,6
229000524,1,0,1
229000527,0,0,0
229000528,0,0,0
229000529,16,0,16
229000530,117,2,115
229000531,54,1,53
229000532,18,0,18
229000533,72,1,71
229000534,41,0,41
229000564,114,0,114
229000565,54,0,54
229000566,0,8,-8
229000567,0,13,-13
229000582,84,0,84
229000583,4,0,4
229000584,0,17,-17
229000585,1,71,-70
229000718,0,3,-3
229000719,0,3,-3
229000720,0,1,-1
229000721,0,10,-10
229000722,0,11,-11
229000723,0,4,-4
229000724,0,1,-1
229000725,0,0,0
229000738,1,0,1
229000739,2,0,2
229000740,2,0,2
229000741,45,0,45
229000742,10,1,9
229000743,24,0,24
229000744,0,0,0
229000745,2,0,2
229000746,13,1,12
229000847,111,0,111
229000848,37,0,37
229000849,151,2,149
229000851,70,0,70
229000854,0,2,-2
229000856,0,18,-18
229000857,0,10,-10
229000858,0,23,-23
229000919,5,34,-29
229000930,5,187,-182
229000937,94,5,89
229000966,34,65,-31
229000981,12,16,-4
229000985,19,27,-8
229000986,2,9,-7
229000987,0,3,-3
229000988,8,2,6
229000989,15,6,9
229000990,0,0,0
229000991,4,0,4
229000992,22,3,19
229000993,158,7,151
229000998,8,50,-42
229000999,74,13,61
229001034,0,13,-13
229001035,3,4,-1
229001037,61,5,56
229001042,54,6,48
229001047,5,17,-12
229001050,50,44,6
229001168,0,16,-16
229001200,21,10,11
229001338,0,17,-17
229001394,198,4,194
229001422,167,40,127
229001423,23,81,-58
229001431,57,36,21
229001432,15,37,-22
229001444,287,28,259
229001445,30,107,-77
229001479,26,2,24
229001503,243,68,175
229001504,115,43,72
229001505,175,45,130
229001506,87,44,43
229001509,34,14,20
229001545,126,4,122
229001546,4,54,-50
229001553,114,16,98
229001554,34,50,-16
229001630,77,4,73
229001631,5,34,-29
229001635,1,23,-22
229001636,2,1,1
229001658,0,88,-88
229001659,65,2,63
229001660,10,5,5
229001661,10,37,-27
229001662,13,2,11
229001663,0,13,-13
229002584,231,156,75
229002831,82,130,-48
229002841,16,22,-6
229002842,35,25,10
229002843,74,31,43
229002844,41,49,-8
229002845,9,96,-87
229002846,41,18,23
229002847,4,22,-18
229002848,20,9,11
229002849,3,38,-35
229002850,9,0,9
229002851,7,138,-131
229002852,181,18,163
229002853,138,18,120
229002854,37,69,-32
229002855,5,22,-17
229002856,49,19,30
229002857,9,120,-111
229002858,20,4,16
229002859,23,77,-54
229002860,105,15,90
229002861,76,85,-9
229002862,21,29,-8
229002863,30,30,0
229002864,49,40,9
229002865,9,25,-16
229002866,18,19,-1
229002867,4,43,-39
229002868,5,8,-3
229002869,18,96,-78
229002870,81,8,73
235000066,187,17,170
235000067,94,45,49
235000072,32,73,-41
235000073,129,351,-222
235000074,61,25,36
235000080,16,41,-25
235000081,105,62,43
235000082,180,17,163
235000083,292,59,233
235000084,56,49,7
235000085,226,51,175
235000089,36,10,26
235000092,48,118,-70
235000093,13,8,5
235000097,2,12,-10
235000098,76,4,72
235000099,35,16,19
235000116,33,4,29
235000117,284,14,270
235000133,6,555,-549
235000134,16,226,-210
235000206,7,10,-3
235000207,3,10,-7
235000208,3,5,-2
235000209,3,4,-1
235000210,13,3,10
235000212,3,5,-2
235000213,0,5,-5
235000220,0,3,-3
235000221,43,29,14
235000238,7,158,-151
235000239,7,32,-25
235000242,345,892,-547
235000245,315,149,166
235000246,13,58,-45
235000284,24,189,-165
235000295,106,25,81
235000305,317,16,301
235000306,392,11,381
235000307,23,3,20
235000308,23,0,23
235000309,70,1,69
235000310,66,1,65
235000311,60,25,35
235000322,3,34,-31
235000323,0,54,-54
235000324,0,23,-23
235000325,1,59,-58
235000326,4,77,-73
235000351,3,70,-67
235000352,13,42,-29
235000353,7,27,-20
235000354,11,122,-111
235000355,18,86,-68
235000356,96,5,91
235000357,48,6,42
235000358,41,12,29
235000359,24,6,18
235000360,62,6,56
235000361,58,4,54
235000381,95,45,50
235000382,214,29,185
235000390,10,4,6
235000391,230,21,209
235000392,251,249,2
235000393,167,124,43
235000395,151,21,130
235000396,616,54,562
235000400,61,72,-11
235000401,8,82,-74
235000405,96,92,4
235000406,24,104,-80
235000407,47,62,-15
235000409,92,53,39
235000410,27,139,-112
235000411,2,32,-30
235000485,0,9,-9
235000486,18,0,18
235000549,143,78,65
235000550,129,71,58
235000599,242,41,201
235000600,5,14,-9
235000601,31,20,11
235000602,119,42,77
235000614,0,4,-4
235000648,0,4,-4
235000649,39,5,34
235000685,1,11,-10
235000815,18,337,-319
235000834,0,5,-5
235000855,72,40,32
235000862,19,48,-29
235000891,0,13,-13
235000892,16,0,16
235000901,112,41,71
235000907,12,26,-14
235001010,124,39,85
235001029,199,153,46
235001030,365,169,196
235001078,81,67,14
235001079,33,54,-21
235001147,3,34,-31
235001166,10,33,-23
235001167,66,19,47
235001169,23,388,-365
235001188,1,8,-7
235001189,7,9,-2
235001197,6,5,1
235001200,92,52,40
235001207,157,19,138
235001210,13,87,-74
235001215,11,75,-64
235001239,0,31,-31
235001244,0,14,-14
235016267,0,54,-54
277101746,0,1,-1
277102712,0,0,0
277103813,0,0,0
277103814,0,0,0
277103898,0,0,0
277104249,0,2,-2
277104250,0,1,-1
277104251,0,9,-9
277104252,0,0,0
990011530,1,175,-174
990014944,0,251,-251
990015176,37,4,33
990015618,1,123,-122
990016032,0,226,-226
990032570,9,393,-384
990070001,74,1,73
990070103,0,1,-1
990070601,0,44,-44
990070751,1539,1,1538
990070766,1,199,-198
990071180,555,150,405
990071343,26,1,25
990071387,0,13,-13
990071823,407,14,393
990072600,2,1678,-1676
990072964,0,331,-331
990073285,0,4,-4
990074393,4,519,-515
990074870,1712,26,1686
990075106,780,12,768
990075746,709,30,679
990076437,2256,20,2236
990076458,1,295,-294
997000007,332,19,313
997000041,1,310,-309
997000058,59,0,59
997000062,80,33,47
997000069,0,4,-4
997000070,0,27,-27
997000100,75,15,60
997000141,6,2070,-2064
997000198,3,970,-967
998000475,0,1,-1
998000736,1,96,-95
998000965,0,14,-14
998001031,0,59,-59
998001700,0,44,-44
998001899,0,0,0
998001900,11,1,10
998003073,1095,7,1088
998101900,0,0,0
998102850,1,339,-338
998501927,463,1354,-891
998501929,120,6,114
998501930,50,10,40
998501931,179,25,154
998501932,0,0,0
998501933,91,0,91
998501937,12,2,10
998501944,3,0,3
998501970,72,2,70
998501971,0,78,-78
998501973,0,34,-34
998501974,0,183,-183
998501975,77,3,74
998501976,142,2,140
998501977,1,18,-17
998501978,27,0,27
998501979,0,5,-5
998501980,61,22,39
998501981,49,0,49
998501982,0,102,-102
998501983,0,2,-2
998502006,0,0,0
998502024,0,2,-2
998502032,0,7,-7
998502062,10,0,10
998502063,0,0,0
998502173,19,0,19
998502269,0,3,-3
998601159,1,51,-50
998601292,0,8,-8
999033574,1,198,-197
999800001,67,3,64
999800002,0,8,-8
999800003,2,0,2
999800004,0,1,-1
999800005,0,4,-4
