ID,insum,outsum,diff
100000001,558,891,-333
100000002,3459,2479,980
100000003,3827,4770,-943
100000004,637,1093,-456
100000005,2187,4556,-2369
100000006,573,230,343
100000007,1958,775,1183
100000008,192,503,-311
100000009,507,349,158
100000010,55,125,-70
100000011,555,80,475
100000012,67,747,-680
100000013,40,291,-251
100000014,274,357,-83
100000015,1437,2259,-822
100000016,554,1144,-590
100000017,498,697,-199
100000018,996,551,445
100000019,2786,1750,1036
100000020,1414,5666,-4252
100000021,4006,2003,2003
100000022,878,2573,-1695
100000023,3240,1838,1402
100000025,630,1536,-906
100000028,760,1071,-311
100000029,64,457,-393
100000030,112,65,47
100000031,3005,5800,-2795
100000032,1409,3424,-2015
100000033,943,2633,-1690
100000034,151,783,-632
100000035,785,1491,-706
100000036,983,1509,-526
100000037,681,373,308
100000038,2113,851,1262
100000039,367,277,90
100000040,206,132,74
100000041,1332,488,844
100000042,1019,372,647
100000043,758,352,406
100000044,233,612,-379
100000045,314,896,-582
100000046,473,567,-94
100000047,200,335,-135
100000048,306,435,-129
100000049,1083,936,147
100000051,366,581,-215
100000053,116,11,105
100000054,277,30,247
100000055,629,287,342
100000056,429,502,-73
100000057,2048,454,1594
100000058,688,794,-106
100000059,18,143,-125
100000060,407,268,139
100000061,2395,404,1991
100000062,1826,461,1365
100000063,1009,244,765
100000064,1210,250,960
100000065,262,501,-239
100000066,148,436,-288
100000067,418,520,-102
100000068,341,1155,-814
100000069,224,744,-520
100000072,136,637,-501
100000073,930,880,50
100000075,601,211,390
100000076,1569,3253,-1684
100000077,123,316,-193
100000078,20,47,-27
100000079,26,29,-3
100000080,15,51,-36
100000081,121,239,-118
100000102,2594,3484,-890
100000103,1732,1361,371
100000104,2344,2640,-296
100000105,1527,2050,-523
100000106,1893,2844,-951
100000107,325,1304,-979
100000108,395,687,-292
100000109,1364,1152,212
100000116,763,943,-180
100000117,60,154,-94
100000118,686,1377,-691
100000119,490,827,-337
100000121,215,364,-149
100000122,1341,1089,252
100000123,1410,2921,-1511
100000124,3091,4863,-1772
100000125,3075,1736,1339
100000126,515,462,53
100000127,1222,363,859
100000128,1349,2164,-815
100000129,283,532,-249
100000130,388,264,124
100000131,1153,2108,-955
100000132,741,2357,-1616
100000133,2354,1735,619
100000135,599,1226,-627
100000139,224,445,-221
100000140,194,333,-139
100000142,598,496,102
100000143,652,240,412
100000144,2029,601,1428
100000147,1135,3421,-2286
100000150,64,441,-377
100000151,645,1578,-933
100000153,235,495,-260
100000154,25,397,-372
100000155,11,53,-42
100000156,329,503,-174
100000157,312,161,151
100000158,280,155,125
100000159,216,560,-344
100000165,799,762,37
100000169,103,1285,-1182
100000174,298,1058,-760
100000179,57,456,-399
100000180,1036,1968,-932
100000181,401,286,115
100000188,61,133,-72
100000189,971,375,596
100000190,448,1303,-855
100000191,657,710,-53
100000192,24,98,-74
100000193,233,213,20
100000330,692,997,-305
100000355,199,754,-555
100000362,2907,1658,1249
100000363,4821,4385,436
100000364,102,306,-204
100000365,5234,8165,-2931
100000366,2696,2317,379
100000367,4396,7087,-2691
100000368,2438,936,1502
100000369,706,2418,-1712
100000370,145,920,-775
100000376,60,156,-96
100000379,1553,1498,55
100000380,4138,5250,-1112
100000384,5066,6026,-960
100000385,1931,3977,-2046
100000386,4219,5977,-1758
100000387,2872,5620,-2748
100000388,3659,6912,-3253
100000389,4456,6448,-1992
100000390,5519,6660,-1141
100000391,4050,9133,-5083
100000392,1920,4364,-2444
100000393,1813,5327,-3514
100000394,4137,8568,-4431
100000395,3290,5030,-1740
100000396,4098,3411,687
100000397,2825,7093,-4268
100000398,6782,6143,639
100900002,9,11,-2
100900003,391,216,175
100900004,17,795,-778
100900005,128,22,106
100900006,30,39,-9
100900007,199,7,192
100900008,1,309,-308
100900009,54,205,-151
100900010,113,32,81
100900011,201,143,58
100900012,0,86,-86
100900013,915,9,906
100900014,4,6,-2
100900015,70,65,5
100900016,4,21,-17
100900017,1205,67,1138
100900018,0,16,-16
100900019,61,140,-79
100900020,321,13,308
100900021,398,0,398
100900022,13,30,-17
100900023,0,24,-24
100900024,422,1,421
100900025,4,11,-7
100900026,119,75,44
100900027,413,2493,-2080
100900028,123,224,-101
100900029,27,7,20
100900030,3,89,-86
100900031,682,33,649
100900032,275,2,273
100900033,234,261,-27
100900034,733,4,729
100900035,236,0,236
100900036,16,2,14
100900037,137,94,43
100900038,111,50,61
100900039,168,244,-76
100900040,456,314,142
100900041,1053,329,724
100900042,1919,1430,489
100900043,0,14,-14
100900044,1269,477,792
100900045,49,0,49
100900046,972,17,955
100900047,543,201,342
100900048,163,104,59
100900049,55,100,-45
100900050,9,7,2
100900051,62,136,-74
100900052,327,31,296
100900053,561,21,540
100900054,14,28,-14
100900055,216,886,-670
100900056,48,92,-44
100900057,1290,1402,-112
100900058,248,60,188
100900059,107,6,101
100900060,216,10,206
100900061,285,159,126
100900062,4,6,-2
100900063,302,600,-298
100900064,610,25,585
100900065,66,131,-65
100900066,113,209,-96
100900067,7,6,1
100900068,126,51,75
100900069,933,14,919
100900070,440,9,431
100900071,490,198,292
100900072,7,14,-7
100900073,135,268,-133
100900074,7,1,6
100900075,1288,271,1017
100900076,4,28,-24
100900077,55,48,7
100900078,54,310,-256
100900079,17,17,0
100900080,63,143,-80
100900081,22,176,-154
100900082,188,274,-86
100900083,20,5,15
100900085,34,293,-259
100900086,125,588,-463
100900088,136,295,-159
100900089,12,8,4
100900090,87,464,-377
100900091,1,16,-15
100900092,172,250,-78
100900093,298,279,19
100900094,181,213,-32
100900095,5,6,-1
100900096,42,100,-58
100900097,3,3,0
100900098,28,14,14
100900099,29,331,-302
100900100,3,605,-602
100900101,199,39,160
100900102,93,114,-21
100900103,5,14,-9
100900104,3,130,-127
100900105,28,537,-509
100900106,22,1,21
100900107,1277,747,530
100900108,9,68,-59
100900109,17,44,-27
100900110,1,5,-4
100900111,38,174,-136
100900112,5,12,-7
100900113,20,27,-7
100900114,6,14,-8
100900115,26,18,8
100900116,674,579,95
100900117,272,1061,-789
100900118,103,132,-29
100900119,18,3,15
100900120,10,11,-1
100900121,312,550,-238
100900122,81,116,-35
100900123,108,163,-55
100900124,2,6,-4
100900125,11,42,-31
100900126,169,197,-28
100900127,1,17,-16
100900128,91,152,-61
100900129,1,171,-170
100900131,53,222,-169
100900133,82,45,37
100900134,0,1,-1
100900135,4,199,-195
100900137,301,215,86
100900138,446,472,-26
100900139,12,6,6
100900140,1,302,-301
100900141,3,460,-457
100900142,1,11,-10
100900143,476,361,115
100900144,6,5,1
100900145,121,175,-54
100900146,8,83,-75
100900147,6,456,-450
100900148,28,308,-280
100900149,29,186,-157
100900150,2,31,-29
100900151,93,356,-263
100900152,160,6,154
100900153,0,139,-139
100900154,56,159,-103
100900155,15,23,-8
100900156,13,1,12
100900157,17,434,-417
100900158,434,93,341
100900159,10,84,-74
100900160,44,4,40
100900161,16,14,2
100900162,22,466,-444
100900163,94,115,-21
100900164,35,47,-12
100900165,11,21,-10
100900166,26,1,25
100900167,8,32,-24
100900168,18,149,-131
100900169,73,705,-632
100900170,10,1,9
100900171,8,305,-297
100900172,0,22,-22
100900173,9,204,-195
100900174,110,28,82
100900176,1588,258,1330
100900177,431,238,193
100900178,210,121,89
100900179,180,361,-181
100900180,8,6,2
100900181,53,69,-16
100900182,42,49,-7
100900184,17,101,-84
100900186,456,327,129
100900187,17,41,-24
100900188,23,11,12
100900189,1523,182,1341
100900191,571,1221,-650
100900192,144,414,-270
100900195,137,123,14
100900197,39,14,25
100900198,34,117,-83
100900199,1,3,-2
100900200,563,284,279
100900201,97,498,-401
100900202,36,0,36
100900203,0,214,-214
100900204,182,776,-594
100900205,132,615,-483
100900206,241,100,141
100900207,272,171,101
100900210,44,241,-197
100900211,453,180,273
100900213,152,40,112
100900214,479,79,400
100900215,12,67,-55
101000001,1921,2012,-91
101000002,5688,6734,-1046
101000003,341,945,-604
101000004,6038,5488,550
101000005,4558,4590,-32
101000006,6194,6366,-172
101000007,3395,4131,-736
101000008,1933,1918,15
101000009,1920,717,1203
101000010,719,533,186
101000011,1009,402,607
101000012,525,620,-95
101000013,592,954,-362
101000014,312,474,-162
101000015,1433,717,716
101000016,332,415,-83
101000017,398,383,15
101000018,1550,1931,-381
101000020,1519,831,688
101000021,676,318,358
101000022,235,176,59
101000023,934,546,388
101000025,311,353,-42
101000026,179,59,120
101000027,2447,3245,-798
101000028,31,26,5
101000029,206,1600,-1394
101000030,1335,212,1123
101000031,493,1184,-691
101000032,3956,4524,-568
101000033,1546,3481,-1935
101000034,1111,1717,-606
101000035,653,311,342
101000036,1326,883,443
101000037,1386,1799,-413
101000039,1366,3231,-1865
101000040,2129,4432,-2303
101000041,4012,9098,-5086
101000042,244,1211,-967
101000043,3965,9490,-5525
101000045,680,1071,-391
101000046,1690,2149,-459
101000047,1415,5261,-3846
101000048,474,430,44
101000049,544,2229,-1685
101000050,1392,2371,-979
101000051,1061,2887,-1826
101000052,1175,1324,-149
101000053,698,1048,-350
101000054,1661,875,786
101000055,1016,1200,-184
101000056,45,97,-52
101000057,1053,1381,-328
101000058,634,1242,-608
101000059,1766,2131,-365
101000060,1460,769,691
101000061,728,1200,-472
101000062,397,740,-343
101000063,412,1096,-684
101000064,609,963,-354
101000065,243,587,-344
101000066,629,1025,-396
101000067,718,1070,-352
101000068,193,570,-377
101000069,180,98,82
101000070,619,1014,-395
101000071,1954,904,1050
101000072,548,3076,-2528
101000073,644,1221,-577
101000074,3090,4060,-970
101000075,2327,5301,-2974
101000077,1456,1303,153
101000078,632,1128,-496
101000079,1167,714,453
101000080,831,788,43
101000081,1499,1427,72
101000082,2156,2083,73
101000083,2352,2161,191
101000084,1062,557,505
101000085,1334,983,351
101000086,907,947,-40
101000087,751,710,41
101000088,1281,1048,233
101000089,928,1471,-543
101000090,1462,817,645
101000091,376,424,-48
101000092,1089,623,466
101000093,1296,587,709
101000094,936,820,116
101000095,489,470,19
101000096,362,314,48
101000097,419,550,-131
101000098,301,950,-649
101000099,659,1037,-378
101000100,599,1038,-439
101000101,199,312,-113
101000102,753,514,239
101000103,524,516,8
101000104,310,623,-313
101000105,286,448,-162
101000106,588,906,-318
101000107,293,383,-90
101000108,415,148,267
101000109,481,76,405
101000110,31,179,-148
101000111,59,179,-120
101000113,287,606,-319
101000114,4993,10033,-5040
101000115,68,58,10
101000116,51,59,-8
101000117,1139,138,1001
101000119,67,77,-10
101000120,145,70,75
101000121,51,57,-6
101000122,102,133,-31
101000123,28,117,-89
101000124,1008,360,648
101000125,120,310,-190
101000128,321,868,-547
101000130,129,202,-73
101000131,832,352,480
101000132,808,588,220
101000135,31,39,-8
101000136,236,189,47
101000137,16,358,-342
101000141,813,3522,-2709
101000147,549,309,240
101000148,499,58,441
101000149,119,346,-227
101000150,82,276,-194
101000151,308,36,272
101000152,211,201,10
101000153,262,190,72
101000154,304,562,-258
101000155,447,137,310
101000156,16,370,-354
101000157,44,37,7
101000160,65,24,41
101000163,146,367,-221
101000164,274,170,104
101000165,229,255,-26
101000166,186,244,-58
101000168,702,383,319
101000252,2086,893,1193
101000254,81,160,-79
101000258,26,6,20
101000261,119,66,53
101000262,1432,2906,-1474
101000263,408,1240,-832
101000265,82,715,-633
101000266,283,316,-33
101000269,17,16,1
101000290,732,2277,-1545
101000293,48,41,7
101000294,575,470,105
101000295,136,277,-141
101000301,349,453,-104
101000304,2084,2451,-367
101000305,2209,984,1225
101900001,14,29,-15
101900002,0,8,-8
101900003,20,78,-58
101900004,2,64,-62
101900005,1789,2805,-1016
101900006,1174,93,1081
101900007,687,262,425
101900008,63,210,-147
101900009,31,371,-340
101900010,515,539,-24
101900011,163,878,-715
101900012,374,105,269
101900013,447,190,257
101900017,13,107,-94
101900018,434,179,255
101900019,127,92,35
101900020,273,159,114
101900021,1,35,-34
101900022,172,573,-401
101900023,141,92,49
102000001,3117,4631,-1514
102000002,2029,570,1459
102000003,2491,7161,-4670
102000004,3500,2310,1190
102000005,1183,2464,-1281
102000006,779,1450,-671
102000007,1556,4154,-2598
102000008,2668,1325,1343
102000009,5990,7527,-1537
102000010,3383,2681,702
102000011,3431,2880,551
102000012,2556,2252,304
102000018,2136,2421,-285
102000019,1808,1715,93
102000026,143,411,-268
102000029,189,137,52
102000030,127,347,-220
102000031,82,108,-26
102000032,546,218,328
102000033,224,244,-20
102000034,485,384,101
102000035,837,550,287
102000036,9,195,-186
102000037,119,31,88
102000038,127,330,-203
102000039,107,81,26
102000040,263,279,-16
102000041,119,380,-261
102000042,135,415,-280
102000043,197,207,-10
102000044,322,434,-112
102000045,417,602,-185
102000046,968,549,419
102000047,589,647,-58
102000048,434,596,-162
102000049,904,651,253
102000050,795,948,-153
102000051,425,539,-114
102000052,976,625,351
102000053,850,896,-46
102000054,743,987,-244
102000055,1291,355,936
102000056,979,576,403
102000057,1238,438,800
102000058,816,868,-52
102000059,1166,1081,85
102000060,879,656,223
102000061,1524,1200,324
102000062,1984,832,1152
102000063,917,969,-52
102000064,384,451,-67
102000065,44,150,-106
102000066,650,593,57
102000067,1970,2211,-241
102000068,7818,2154,5664
102000069,115,2102,-1987
102000070,956,39,917
102000071,4962,6089,-1127
102000072,2671,3058,-387
102000073,798,807,-9
102000074,515,1108,-593
102000075,75,233,-158
102000076,179,221,-42
102000077,651,410,241
102000078,763,422,341
102000079,189,163,26
102000080,231,174,57
102000081,321,663,-342
102000082,542,342,200
102000083,687,192,495
102000084,329,194,135
102000085,1676,672,1004
102000086,1106,683,423
102000087,809,993,-184
102000088,222,234,-12
102000089,1144,308,836
102000090,386,984,-598
102000091,1126,565,561
102000092,273,503,-230
102000093,427,588,-161
102000094,592,572,20
102000095,631,1006,-375
102000096,443,668,-225
102000097,616,624,-8
102000098,390,587,-197
102000099,621,726,-105
102000100,280,987,-707
102000101,438,628,-190
102000102,219,874,-655
102000103,1144,281,863
102000104,502,177,325
102000105,291,390,-99
102000106,716,412,304
102000107,1422,375,1047
102000108,493,148,345
102000109,522,349,173
102000110,1070,556,514
102000111,10,153,-143
102000112,77,116,-39
102000113,15,23,-8
102000114,470,326,144
102000115,199,259,-60
102000116,248,459,-211
102000117,147,648,-501
102000118,801,1167,-366
102000119,939,956,-17
102000120,205,447,-242
102000121,1075,527,548
102000122,776,797,-21
102000123,1144,1118,26
102000124,1394,989,405
102000125,627,863,-236
102000126,665,616,49
102000127,1211,595,616
102000128,742,744,-2
102000129,1444,571,873
102000130,693,787,-94
102000131,1673,960,713
102000132,626,1636,-1010
102000133,2383,1119,1264
102000134,929,590,339
102000135,497,697,-200
102000136,806,578,228
102000137,478,821,-343
102000138,159,357,-198
102000139,77,451,-374
102000140,123,428,-305
102000141,212,511,-299
102000142,293,240,53
102000143,206,177,29
102000144,375,201,174
102000145,369,334,35
102000146,462,301,161
102000147,546,368,178
102000148,182,422,-240
102000149,194,159,35
102000150,581,69,512
102000151,96,131,-35
102000152,203,105,98
102000153,895,561,334
102000154,165,468,-303
102000155,73,281,-208
102000156,277,140,137
102000157,82,416,-334
102000158,205,307,-102
102000159,676,649,27
102000161,1928,2049,-121
102000162,122,91,31
102000163,71,504,-433
102000164,581,956,-375
102000165,164,131,33
102000166,54,161,-107
102000167,181,164,17
102000168,236,140,96
102000169,111,434,-323
102000170,320,239,81
102000171,138,277,-139
102000172,91,522,-431
102000173,374,269,105
102000174,108,49,59
102000175,91,76,15
102000176,87,17,70
102000178,425,261,164
102000179,547,196,351
102000180,1010,282,728
102000181,886,316,570
102000182,640,343,297
102000183,1681,1030,651
102000184,1855,488,1367
102000185,2579,818,1761
102000186,1304,999,305
102000187,787,823,-36
102000188,1019,1008,11
102000189,1474,470,1004
102000190,506,2067,-1561
102000191,957,363,594
102000192,1140,1284,-144
102000193,63,106,-43
102000194,41,91,-50
102000195,388,298,90
102000196,231,179,52
102000197,776,183,593
102000198,224,352,-128
102000199,1221,214,1007
102000200,244,590,-346
102000201,1214,352,862
102000202,4,61,-57
102000203,400,85,315
102000204,584,346,238
102000205,1179,217,962
102000206,720,270,450
102000207,781,385,396
102000208,399,257,142
102000209,96,41,55
102000210,428,197,231
102000211,665,207,458
102000212,425,8,417
102000213,4,134,-130
102000214,298,9,289
102000215,5,175,-170
102000216,108,59,49
102000217,4,69,-65
102000218,258,148,110
102000219,193,159,34
102000225,385,404,-19
102000226,1345,1086,259
102000227,139,2,137
102000228,0,46,-46
102000229,43,71,-28
102000230,294,251,43
102000231,235,302,-67
102000232,22,111,-89
102000233,369,497,-128
102000234,98,812,-714
102000236,168,81,87
102000237,391,98,293
102000238,137,183,-46
102000240,336,616,-280
102000241,162,102,60
102000243,20,27,-7
102000245,4,63,-59
102000246,6,27,-21
102000247,160,267,-107
102000248,212,525,-313
102000249,109,78,31
102000250,60,207,-147
102000254,159,151,8
102000266,19,323,-304
102000271,27,0,27
102000286,289,330,-41
102000297,1672,819,853
102000299,0,0,0
102000302,0,0,0
102000305,0,0,0
102000306,0,0,0
102000307,0,6,-6
102000308,0,1,-1
102900001,1279,498,781
102900002,397,34,363
102900003,86,109,-23
102900005,418,162,256
102900006,513,79,434
102900007,550,24,526
102900008,201,34,167
102900009,542,304,238
102900010,224,726,-502
102900011,1142,394,748
102900012,329,44,285
102900013,27,35,-8
102900015,553,505,48
102900016,43,40,3
102900017,174,248,-74
102900018,46,68,-22
102900019,368,364,4
102900020,151,25,126
102900021,34,49,-15
102900022,362,190,172
102900023,16,29,-13
102900024,43,43,0
102900025,135,86,49
102900026,292,1914,-1622
102900027,65,54,11
102900028,175,743,-568
102900029,128,176,-48
102900030,346,302,44
102900031,261,117,144
102900032,115,73,42
102900033,98,168,-70
102900034,530,62,468
102900035,135,176,-41
102900036,344,210,134
102900037,275,208,67
102900038,370,275,95
102900039,10,479,-469
102900040,198,208,-10
102900041,105,112,-7
102900042,192,172,20
102900043,158,150,8
102900044,492,1113,-621
102900045,138,319,-181
102900046,153,155,-2
102900047,152,380,-228
102900048,465,261,204
102900049,83,285,-202
102900050,186,214,-28
102900051,121,162,-41
102900052,41,42,-1
102900053,304,438,-134
102900054,412,1029,-617
102900055,111,170,-59
102900056,113,286,-173
102900057,10,38,-28
102900058,384,68,316
102900059,18,54,-36
102900060,104,250,-146
102900061,200,235,-35
102900062,354,467,-113
102900063,1279,291,988
102900064,77,360,-283
102900065,772,362,410
102900066,327,14,313
102900068,63,75,-12
102900070,213,353,-140
102900072,9,54,-45
102900073,77,10,67
102900074,176,193,-17
102900075,14,53,-39
102900076,81,140,-59
102900077,52,44,8
102900078,12,67,-55
102900079,208,11,197
102900080,417,33,384
102900081,44,237,-193
102900082,18,136,-118
102900083,94,16,78
102900084,8,43,-35
102900085,329,144,185
102900086,14,44,-30
102900087,138,81,57
102900088,41,26,15
102900089,156,80,76
102900090,1,170,-169
102900091,195,7,188
102900092,544,423,121
102900093,278,193,85
102900094,3,122,-119
102900095,136,0,136
102900096,57,5,52
102900097,8,67,-59
103000001,2067,1683,384
103000002,1733,2132,-399
103000003,2590,2856,-266
103000004,568,507,61
103000005,1491,2275,-784
103000006,686,1308,-622
103000007,305,518,-213
103000008,858,516,342
103000009,1366,862,504
103000010,83,52,31
103000011,1156,886,270
103000012,1512,1291,221
103000013,2415,1335,1080
103000014,1186,2395,-1209
103000015,1053,490,563
103000016,419,1222,-803
103000017,213,345,-132
103000018,523,216,307
103000019,339,269,70
103000020,1707,1111,596
103000021,1657,1653,4
103000022,585,758,-173
103000023,623,1594,-971
103000024,50,99,-49
103000025,78,666,-588
103000026,584,84,500
103000027,180,487,-307
103000028,198,207,-9
103000029,147,268,-121
103000030,1035,903,132
103000031,863,1642,-779
103000032,1929,1259,670
103000033,2569,2199,370
103000034,1008,1008,0
103000035,447,1315,-868
103000036,291,381,-90
103000037,439,390,49
103000038,424,1018,-594
103000039,518,236,282
103000040,501,461,40
103000041,1464,1197,267
103000042,1243,299,944
103000043,630,540,90
103000044,287,122,165
103000046,365,353,12
103000047,511,334,177
103000048,206,123,83
103000049,88,88,0
103000050,676,262,414
103000051,682,323,359
103000052,573,205,368
103000053,190,365,-175
103000054,2189,929,1260
103000055,1669,1546,123
103000056,696,834,-138
103000057,791,142,649
103000058,641,578,63
103000059,525,527,-2
103000060,602,298,304
103000061,351,660,-309
103000062,941,363,578
103000063,813,723,90
103000064,133,101,32
103000065,1,268,-267
103000066,204,11,193
103000069,338,167,171
103000070,929,508,421
103000071,1168,427,741
103000072,158,431,-273
103000073,710,118,592
103000074,754,55,699
103000075,110,381,-271
103000076,334,444,-110
103000077,15,179,-164
103000078,657,626,31
103000079,348,384,-36
103000080,575,313,262
103000081,347,817,-470
103000082,443,140,303
103000083,119,211,-92
103000084,84,8,76
103000085,4,59,-55
103000086,498,363,135
103000087,157,417,-260
103000088,186,265,-79
103000089,282,381,-99
103000090,2108,781,1327
103000091,562,415,147
103000092,193,219,-26
103000093,275,346,-71
103000094,219,90,129
103000095,85,244,-159
103000096,485,60,425
103000097,57,619,-562
103000098,559,162,397
103000099,183,620,-437
103000100,180,410,-230
103000101,924,92,832
103000102,105,305,-200
103000103,698,112,586
103000104,69,48,21
103000105,169,57,112
103000106,6,116,-110
103000107,180,47,133
103000108,616,458,158
103000109,330,307,23
103000110,422,476,-54
103000111,377,346,31
103000112,254,202,52
103000113,377,455,-78
103000114,1097,410,687
103000115,621,370,251
103000116,766,273,493
103000117,372,307,65
103000118,391,435,-44
103000119,746,350,396
103000120,49,106,-57
103000121,90,203,-113
103000122,233,299,-66
103000125,20,104,-84
103000126,618,3,615
103000127,0,101,-101
103000128,179,1,178
103000129,1,71,-70
103000130,67,28,39
103000131,92,80,12
103000132,54,146,-92
103000133,16,46,-30
103000134,245,942,-697
103000135,412,148,264
103000136,426,398,28
103000137,358,383,-25
103000138,421,479,-58
103000139,1,65,-64
103000140,104,17,87
103000141,32,123,-91
103000142,76,66,10
103000143,50,139,-89
103000144,178,30,148
103000145,18,113,-95
103000150,78,32,46
103000152,141,135,6
103000153,193,152,41
103000156,8,184,-176
103000157,417,1,416
103000159,125,53,72
103000162,24,13,11
103000163,3,21,-18
103000164,5,8,-3
103000165,69,135,-66
103000166,195,240,-45
103000167,142,76,66
103000168,93,97,-4
103000169,207,335,-128
103000170,932,203,729
103000171,36,77,-41
103000172,873,451,422
103000173,682,195,487
103000174,192,184,8
103000175,342,133,209
103000176,743,555,188
103000177,363,292,71
103000178,170,260,-90
103000179,155,24,131
103000183,190,12,178
103000185,142,24,118
103000186,167,87,80
103000187,799,153,646
103000188,21,81,-60
103000189,614,459,155
103000191,477,515,-38
103000292,674,1403,-729
103000293,630,2575,-1945
103000295,47,97,-50
103000296,146,3,143
103000297,34,50,-16
103000504,80,11,69
103000505,3,23,-20
103000506,1,90,-89
103000507,190,2,188
103000508,25,65,-40
103000509,192,400,-208
103900001,0,83,-83
103900002,690,105,585
103900003,937,225,712
103900004,217,3,214
103900005,1,98,-97
103900006,5,3,2
103900007,74,3,71
103900008,13,0,13
103900009,304,431,-127
103900010,141,285,-144
103900011,494,108,386
103900012,18,25,-7
103900013,83,34,49
103900014,85,14,71
103900015,67,8,59
103900016,191,116,75
103900017,29,36,-7
103900018,332,176,156
103900019,44,370,-326
103900020,153,447,-294
103900021,307,59,248
103900022,842,433,409
103900023,145,0,145
103900024,71,199,-128
103900025,11,26,-15
103900026,77,3,74
103900027,719,180,539
103900028,24,266,-242
103900029,933,105,828
103900030,313,106,207
103900031,46,1,45
103900032,102,53,49
103900033,101,18,83
103900034,51,61,-10
103900035,61,19,42
103900036,33,42,-9
103900037,97,86,11
103900038,94,194,-100
103900039,103,160,-57
103900040,18,96,-78
103900041,58,47,11
103900042,86,161,-75
103900043,186,42,144
103900044,65,272,-207
103900045,366,136,230
103900047,113,15,98
103900048,16,24,-8
103900049,131,717,-586
103900050,23,123,-100
103900051,2,43,-41
103900052,236,220,16
103900053,197,284,-87
103900054,129,171,-42
103900055,422,200,222
103900056,31,27,4
103900057,58,74,-16
103900058,342,260,82
103900059,0,17,-17
103900060,76,91,-15
103900061,197,17,180
103900062,533,125,408
103900063,13,0,13
103900064,141,6,135
103900065,538,354,184
103900066,189,21,168
103900067,232,12,220
103900068,10,0,10
103900069,72,20,52
103900070,133,116,17
103900071,8,59,-51
103900072,28,120,-92
103900073,26,40,-14
103900074,109,54,55
103900075,115,38,77
103900076,576,259,317
103900077,35,106,-71
103900078,321,101,220
103900079,149,170,-21
103900080,1,27,-26
103900081,46,46,0
103900082,7,104,-97
103900083,721,1246,-525
103900084,83,144,-61
103900085,67,139,-72
103900086,960,390,570
103900087,22,67,-45
103900088,307,557,-250
103900089,46,97,-51
103900090,0,66,-66
103900091,908,144,764
103900092,697,328,369
103900093,41,179,-138
103900094,12,68,-56
103900095,312,170,142
103900096,63,100,-37
103900097,8,298,-290
103900098,250,98,152
103900099,120,75,45
103900100,298,162,136
103900101,79,792,-713
103900102,2,19,-17
103900104,0,25,-25
103900105,63,129,-66
103900106,0,59,-59
103900107,161,82,79
103900108,42,147,-105
103900109,157,44,113
103900110,268,32,236
103900111,164,314,-150
103900112,116,141,-25
103900113,127,247,-120
103900114,292,190,102
103900115,272,275,-3
103900116,2262,2652,-390
103900117,89,27,62
103900119,20,78,-58
103900120,24,41,-17
103900122,146,96,50
103900123,610,523,87
103900124,45,16,29
103900125,88,27,61
103900126,575,221,354
103900127,186,214,-28
103900128,161,68,93
103900131,22,39,-17
103900133,933,75,858
103900134,1,13,-12
103900135,4,2,2
103900137,0,15,-15
103900138,126,63,63
103900139,155,2146,-1991
103900140,5,219,-214
103900141,213,57,156
103900142,258,68,190
103900143,70,0,70
103900144,0,14,-14
103900145,134,164,-30
103900146,306,161,145
103900147,337,84,253
103900148,271,176,95
103900149,444,319,125
103900150,3143,4517,-1374
103900151,39,123,-84
103900152,708,196,512
103900153,4,2,2
103900154,440,1608,-1168
103900155,33,112,-79
103900156,52,58,-6
103900157,96,71,25
103900158,146,71,75
103900159,203,35,168
103900160,55,46,9
103900161,95,129,-34
103900162,60,88,-28
103900163,5,300,-295
103900164,220,20,200
103900167,28,95,-67
103900168,121,53,68
103900169,59,46,13
103900170,1,48,-47
103900171,1,28,-27
103900172,7,11,-4
103900173,19,15,4
103900174,257,35,222
103900175,50,73,-23
103900176,7,52,-45
103900177,12,62,-50
103900178,70,25,45
103900179,81,52,29
103900180,9,36,-27
103900181,36,37,-1
103900182,33,18,15
103900184,323,91,232
103900185,99,455,-356
103900187,6,92,-86
103900188,51,34,17
103900189,86,6,80
103900190,85,40,45
103900191,31,42,-11
103900192,34,168,-134
103900193,85,90,-5
103900194,80,108,-28
103900195,3,106,-103
103900196,16,30,-14
103900197,17,16,1
103900198,27,33,-6
103900199,122,61,61
103900200,159,53,106
103900201,105,142,-37
103900202,11,42,-31
103900203,15,32,-17
103900204,3,40,-37
103900207,0,35,-35
103900208,148,1,147
103900209,5,50,-45
103900210,66,28,38
103900211,584,160,424
103900212,132,199,-67
103900213,42,187,-145
103900214,139,116,23
103900215,134,212,-78
103900216,10,380,-370
103900217,228,46,182
103900218,7,222,-215
103900219,115,92,23
103900233,86,5,81
103900235,16,28,-12
103900236,3,4,-1
103900242,4,0,4
103900243,2,6,-4
103900244,108,72,36
103900245,98,96,2
103900246,42,28,14
103900247,13,54,-41
103900248,1,26,-25
103900249,5,36,-31
103900250,16,25,-9
103900251,1,24,-23
103900253,4,58,-54
103900254,1,8,-7
103900255,0,7,-7
103900256,11,18,-7
103900257,12,77,-65
103900258,16,5,11
103900259,27,5,22
103900261,2,1,1
103900262,7,1,6
103900263,19,29,-10
103900264,29,7,22
103900265,19,2,17
103900266,0,98,-98
103900267,4,35,-31
104000001,2206,2106,100
104000002,1311,1462,-151
104000003,1958,1560,398
104000004,1916,1872,44
104000005,1523,1418,105
104000006,2721,1960,761
104000007,3187,3126,61
104000008,191,141,50
104000009,203,100,103
104000010,155,299,-144
104000011,267,150,117
104000012,131,198,-67
104000013,241,207,34
104000014,142,339,-197
104000015,304,79,225
104000016,453,229,224
104000018,782,153,629
104000019,576,197,379
104000020,98,268,-170
104000021,170,262,-92
104000022,95,178,-83
104000023,830,254,576
104000024,158,183,-25
104000026,38,237,-199
104000027,185,113,72
104000028,349,199,150
104000029,290,187,103
104000030,303,180,123
104000031,1294,320,974
104000032,230,155,75
104000033,618,368,250
104000034,328,174,154
104000035,1032,290,742
104000036,838,345,493
104000037,283,135,148
104000038,530,242,288
104000039,187,101,86
104000040,157,246,-89
104000041,557,214,343
104000042,128,191,-63
104000043,181,206,-25
104000044,162,282,-120
104000045,790,528,262
104000046,623,789,-166
104000047,546,628,-82
104000048,893,715,178
104000049,444,252,192
104000050,140,540,-400
104000051,99,384,-285
104000052,1415,1230,185
104000053,856,346,510
104000054,484,207,277
104000055,2792,1561,1231
104000056,689,158,531
104000057,94,205,-111
104000058,653,529,124
104000059,485,802,-317
104000060,1057,904,153
104000061,921,689,232
104000062,369,60,309
104000064,384,246,138
104000065,167,596,-429
104000069,506,1116,-610
104000070,55,422,-367
104000071,88,181,-93
104000072,473,123,350
104000075,117,203,-86
104000076,375,63,312
104000082,1936,2627,-691
104000083,645,159,486
104000084,101,333,-232
104000085,275,297,-22
104000086,164,321,-157
104000087,234,1606,-1372
104000090,786,724,62
104000092,1308,1170,138
104000094,712,789,-77
104000095,1655,947,708
104000096,1621,85,1536
104000097,1576,484,1092
104000098,2375,514,1861
104000100,1600,487,1113
104000101,1062,1044,18
104000106,37,433,-396
104000107,585,222,363
104000108,181,303,-122
104000109,289,108,181
104000110,659,888,-229
104000111,2103,2560,-457
104000112,945,423,522
104000116,0,531,-531
104000117,177,315,-138
104000118,749,144,605
104000119,657,211,446
104000120,248,372,-124
104000121,198,484,-286
104000122,628,644,-16
104000123,602,527,75
104000124,440,1133,-693
104000125,2031,4153,-2122
104000126,423,396,27
104000127,900,1207,-307
104000128,545,265,280
104000129,24,2,22
104000130,0,258,-258
104000131,219,227,-8
104000132,268,216,52
104000133,1021,637,384
104000134,699,1329,-630
104000135,268,1495,-1227
104000136,562,3234,-2672
104000137,1109,319,790
104000138,647,273,374
104000139,2873,2088,785
104000141,648,775,-127
104000142,511,333,178
104000143,572,242,330
104000144,97,181,-84
104000145,298,163,135
104000146,206,386,-180
104000147,108,197,-89
104000148,293,132,161
104000149,172,121,51
104000150,768,374,394
104000151,256,246,10
104000152,526,279,247
104000153,680,455,225
104000154,568,342,226
104000155,372,422,-50
104000157,797,793,4
104000158,173,459,-286
104000159,659,416,243
104000160,1418,1557,-139
104000161,170,159,11
104000162,62,86,-24
104000165,461,699,-238
104000167,574,1011,-437
104000168,658,9,649
104000169,92,33,59
104000170,204,543,-339
104000248,221,296,-75
104000251,37,119,-82
104000272,0,0,0
104000273,0,0,0
104000274,0,0,0
104000275,0,0,0
104000279,623,396,227
104000290,104,194,-90
104000291,338,777,-439
104000293,689,517,172
104000294,63,0,63
104000295,486,539,-53
104000296,373,487,-114
104000297,504,1339,-835
104000298,1535,686,849
104000299,472,915,-443
104900001,126,218,-92
104900002,88,158,-70
104900003,57,202,-145
104900004,97,134,-37
104900005,301,302,-1
104900006,374,49,325
104900007,324,220,104
104900009,115,180,-65
104900010,44,50,-6
104900011,9,19,-10
104900012,238,23,215
104900013,80,15,65
104900014,1456,266,1190
104900015,69,2,67
104900016,240,135,105
104900017,174,147,27
104900018,7,116,-109
104900019,157,3018,-2861
104900020,36,171,-135
104900021,2,71,-69
104900022,8,65,-57
104900023,2,45,-43
104900024,19,66,-47
104900025,72,122,-50
104900026,0,33,-33
104900027,589,256,333
104900028,22,51,-29
104900029,25,38,-13
104900030,409,163,246
104900031,63,150,-87
104900032,49,64,-15
104900033,180,211,-31
104900034,329,118,211
104900035,366,153,213
104900036,256,51,205
104900037,131,142,-11
104900038,225,828,-603
104900039,382,519,-137
104900040,494,70,424
104900041,252,143,109
104900042,152,127,25
104900043,18,157,-139
104900044,685,124,561
104900045,381,47,334
104900046,246,92,154
104900047,426,63,363
104900048,310,56,254
104900049,52,34,18
104900050,366,67,299
104900051,304,48,256
104900052,83,7,76
104900053,381,84,297
104900054,177,24,153
104900055,149,1,148
104900056,146,32,114
104900057,56,0,56
104900058,578,720,-142
104900059,137,55,82
104900060,3,349,-346
104900061,148,313,-165
104900063,0,70,-70
104900064,1,58,-57
104900065,0,183,-183
104900066,1,88,-87
104900067,9,177,-168
104900068,16,88,-72
104900070,180,194,-14
104900071,0,284,-284
104900072,56,230,-174
104900073,87,84,3
104900074,63,139,-76
104900075,46,28,18
104900076,122,176,-54
104900077,599,260,339
104900078,154,252,-98
104900079,102,475,-373
104900080,97,351,-254
104900082,20,226,-206
104900085,2,113,-111
104900087,244,3,241
104900089,362,1,361
104900090,974,719,255
104900091,477,428,49
104900093,176,307,-131
104900097,1487,2134,-647
104900098,132,34,98
104900099,55,553,-498
104900100,227,181,46
104900102,39,89,-50
104900103,440,47,393
104900104,1754,2030,-276
104900106,135,76,59
104900107,117,136,-19
104900108,81,128,-47
104900109,116,182,-66
104900110,6,44,-38
104900111,245,118,127
104900112,239,313,-74
104900113,721,240,481
104900114,417,262,155
104900115,840,206,634
104900116,298,102,196
104900118,28,30,-2
104900119,3,32,-29
104900120,1,207,-206
104900121,0,38,-38
104900122,2,34,-32
104900123,47,15,32
104900124,69,1,68
104900125,409,4,405
104900126,59,25,34
104900127,10,54,-44
104900128,96,121,-25
104900129,975,2116,-1141
105000001,2237,1094,1143
105000002,2064,1172,892
105000003,2483,3930,-1447
105000004,694,633,61
105000005,973,1014,-41
105000006,1255,1449,-194
105000007,1255,1694,-439
105000008,1153,3733,-2580
105000009,2403,2583,-180
105000010,2124,1074,1050
105000011,3594,2639,955
105000012,2893,1670,1223
105000013,1086,930,156
105000014,2114,2557,-443
105000015,8923,15287,-6364
105000016,1521,1565,-44
105000017,1383,750,633
105000018,869,1313,-444
105000019,771,789,-18
105000020,128,450,-322
105000021,197,88,109
105000022,190,93,97
105000023,403,214,189
105000028,45,73,-28
105000029,576,1305,-729
105000030,2693,1640,1053
105000033,686,1174,-488
105000034,121,906,-785
105000037,402,181,221
105000038,1431,1548,-117
105000039,1468,1121,347
105000040,1050,1486,-436
105000041,405,824,-419
105000042,2575,1654,921
105000043,992,1581,-589
105000044,1143,580,563
105000045,469,531,-62
105000046,984,380,604
105000047,522,641,-119
105000048,553,172,381
105000049,189,278,-89
105000050,621,313,308
105000051,110,203,-93
105000052,534,562,-28
105000053,67,98,-31
105000054,397,607,-210
105000055,633,186,447
105000056,1494,1223,271
105000057,1080,523,557
105000058,955,726,229
105000059,831,473,358
105000060,382,428,-46
105000061,698,367,331
105000062,457,495,-38
105000063,239,238,1
105000064,1690,605,1085
105000065,329,361,-32
105000066,749,825,-76
105000067,1489,613,876
105000068,333,566,-233
105000069,1121,2028,-907
105000070,364,846,-482
105000071,151,997,-846
105000072,625,2050,-1425
105000073,873,604,269
105000074,845,529,316
105000075,422,505,-83
105000076,847,609,238
105000077,1560,952,608
105000078,973,1187,-214
105000079,998,2656,-1658
105000080,1684,1535,149
105000081,2208,1125,1083
105000082,862,1830,-968
105000083,3213,3992,-779
105000084,395,547,-152
105000085,1484,2111,-627
105000086,566,623,-57
105000087,982,1304,-322
105000088,1098,1322,-224
105000089,1790,1398,392
105000090,744,562,182
105000091,824,866,-42
105000092,473,589,-116
105000093,241,301,-60
105000094,207,189,18
105000095,67,320,-253
105000096,977,963,14
105000097,682,549,133
105000098,854,612,242
105000099,593,547,46
105000100,1361,849,512
105000101,1675,1372,303
105000102,1510,1092,418
105000103,973,1670,-697
105000104,2660,808,1852
105000105,1183,1441,-258
105000106,1661,1290,371
105000107,1773,829,944
105000108,2092,1212,880
105000109,1823,1255,568
105000110,803,396,407
105000111,772,410,362
105000112,1024,433,591
105000113,383,556,-173
105000114,1535,1015,520
105000115,238,1075,-837
105000116,782,379,403
105000117,632,425,207
105000118,704,431,273
105000119,626,550,76
105000120,1327,514,813
105000121,803,586,217
105000122,358,520,-162
105000123,777,720,57
105000124,1903,565,1338
105000125,773,990,-217
105000126,2068,1029,1039
105000127,2008,1241,767
105000128,555,678,-123
105000129,820,184,636
105000130,331,3009,-2678
105000131,810,229,581
105000132,890,647,243
105000133,454,649,-195
105000134,790,416,374
105000135,278,301,-23
105000136,42,79,-37
105000137,334,133,201
105000138,35,58,-23
105000139,745,524,221
105000140,316,288,28
105000141,304,254,50
105000142,262,313,-51
105000143,201,335,-134
105000144,284,454,-170
105000145,661,242,419
105000146,351,498,-147
105000147,662,240,422
105000148,939,493,446
105000149,2431,1658,773
105000150,1301,847,454
105000151,494,271,223
105000152,155,304,-149
105000153,487,539,-52
105000154,519,362,157
105000155,295,794,-499
105000156,554,417,137
105000157,600,1100,-500
105000158,1587,556,1031
105000159,232,728,-496
105000160,1861,482,1379
105000161,584,645,-61
105000162,493,1558,-1065
105000163,697,553,144
105000164,153,168,-15
105000165,549,4858,-4309
105000166,3092,1075,2017
105000167,1063,2012,-949
105000168,586,345,241
105000169,584,173,411
105000170,280,892,-612
105000171,827,136,691
105000172,135,19,116
105000173,266,28,238
105000174,78,32,46
105000175,97,71,26
105000176,563,84,479
105000177,349,149,200
105000178,189,270,-81
105000179,764,98,666
105000180,174,69,105
105000181,173,143,30
105000182,40,51,-11
105000183,1502,1819,-317
105000184,933,767,166
105000185,978,997,-19
105000186,368,624,-256
105000187,720,227,493
105000188,235,128,107
105000189,139,395,-256
105000190,317,227,90
105000191,275,253,22
105000192,327,47,280
105000193,82,67,15
105000194,372,92,280
105000195,279,441,-162
105000196,62,197,-135
105000197,207,399,-192
105000198,366,191,175
105000199,144,504,-360
105000200,101,290,-189
105000201,70,24,46
105000203,6,91,-85
105000204,76,56,20
105000205,59,121,-62
105000207,306,127,179
105000208,229,621,-392
105000209,134,160,-26
105000212,961,626,335
105000213,98,127,-29
105000214,156,140,16
105000215,426,123,303
105000216,127,152,-25
105000217,136,150,-14
105000218,1546,841,705
105000221,130,113,17
105000222,342,138,204
105000223,249,168,81
105000226,65,103,-38
105000227,91,54,37
105000228,159,1947,-1788
105000229,109,504,-395
105000231,350,320,30
105000233,820,543,277
105000234,377,716,-339
105000235,348,462,-114
105000237,703,40,663
105000243,29,67,-38
105000248,78,82,-4
105000262,391,675,-284
105000269,201,181,20
105000270,509,22,487
105000271,2,145,-143
105000282,42,38,4
105000287,284,81,203
105000288,577,280,297
105000289,1449,1790,-341
105000290,40,15,25
105000402,2090,3891,-1801
105000426,285,551,-266
105000438,2613,1384,1229
105000446,6652,4450,2202
105000447,3562,1905,1657
105000454,616,136,480
105000455,182,83,99
105000474,100,0,100
105000477,486,523,-37
105000478,1802,5282,-3480
105000479,93,91,2
105000480,6472,6655,-183
105000481,3893,3070,823
105000482,3071,5188,-2117
105000483,1533,2138,-605
105000484,1403,2012,-609
105000485,1446,3042,-1596
105000486,1975,1772,203
105000488,5939,3276,2663
105000489,805,573,232
105000549,61,84,-23
105000550,335,987,-652
105000551,34,66,-32
105000552,1458,980,478
105900001,12,1489,-1477
105900002,559,722,-163
105900003,4,67,-63
105900004,200,86,114
105900005,6,124,-118
105900006,15,150,-135
105900007,67,42,25
105900008,74,319,-245
105900009,21,14,7
105900011,162,23,139
105900012,475,74,401
105900013,6,37,-31
105900014,4,66,-62
105900015,115,272,-157
105900016,722,318,404
105900017,1510,34,1476
105900018,135,136,-1
105900019,59,452,-393
105900020,56,43,13
105900021,22,349,-327
105900022,252,200,52
105900023,14,84,-70
105900024,9,157,-148
105900025,245,14,231
105900026,187,8,179
105900027,8586,6325,2261
105900028,403,495,-92
105900029,1295,350,945
105900030,174,222,-48
105900031,259,138,121
105900032,67,84,-17
105900033,95,91,4
105900034,212,176,36
105900035,216,206,10
105900036,111,88,23
105900037,100,47,53
105900038,121,181,-60
105900039,110,61,49
105900040,52,90,-38
105900041,151,228,-77
105900042,67,127,-60
105900043,1050,60,990
105900044,7,213,-206
105900045,5,686,-681
105900046,2,172,-170
105900047,30,32,-2
105900048,66,398,-332
105900050,5156,4475,681
105900051,45,1214,-1169
105900052,393,231,162
105900053,2065,2825,-760
105900054,237,186,51
105900056,483,425,58
105900057,22,106,-84
105900058,22,19,3
105900059,2,44,-42
106000001,2838,2418,420
106000002,1304,3993,-2689
106000003,2421,3058,-637
106000004,1143,1862,-719
106000005,3465,4093,-628
106000006,4048,2086,1962
106000007,377,462,-85
106000008,406,228,178
106000009,589,321,268
106000010,493,371,122
106000011,1081,865,216
106000012,711,758,-47
106000013,1818,1695,123
106000014,1413,1092,321
106000015,1797,1066,731
106000016,980,1199,-219
106000017,482,556,-74
106000018,425,302,123
106000019,345,303,42
106000020,353,197,156
106000021,291,321,-30
106000022,274,121,153
106000023,585,221,364
106000024,485,263,222
106000025,117,165,-48
106000026,56,109,-53
106000027,1509,1090,419
106000028,501,214,287
106000029,514,573,-59
106000030,309,476,-167
106000034,199,376,-177
106000035,780,1810,-1030
106000036,129,408,-279
106000037,1448,987,461
106000038,130,120,10
106000039,108,117,-9
106000040,103,673,-570
106000041,448,553,-105
106000043,394,237,157
106000046,277,79,198
106000047,24,399,-375
106000049,951,185,766
106000050,186,391,-205
106000051,667,399,268
106000052,122,326,-204
106000053,448,102,346
106000054,344,236,108
106000055,1020,682,338
106000056,164,191,-27
106000057,418,220,198
106000058,132,115,17
106000059,401,190,211
106000060,247,307,-60
106000061,188,390,-202
106000062,132,405,-273
106000063,659,471,188
106000064,23,182,-159
106000065,369,254,115
106000066,89,186,-97
106000067,428,117,311
106000068,41,396,-355
106000069,255,43,212
106000070,363,558,-195
106000071,871,245,626
106000072,1849,1213,636
106000073,1122,2677,-1555
106000074,516,529,-13
106000075,242,1116,-874
106000076,1398,1432,-34
106000077,2472,893,1579
106000078,1183,581,602
106000079,729,597,132
106000080,1103,423,680
106000081,625,843,-218
106000082,1815,513,1302
106000083,404,1063,-659
106000084,990,510,480
106000085,1005,1268,-263
106000086,494,651,-157
106000087,780,465,315
106000088,320,582,-262
106000089,878,226,652
106000090,233,368,-135
106000091,211,314,-103
106000092,503,178,325
106000093,243,111,132
106000094,68,209,-141
106000095,787,503,284
106000096,785,431,354
106000097,1103,472,631
106000098,720,636,84
106000099,193,624,-431
106000100,1098,152,946
106000101,659,208,451
106000102,116,463,-347
106000103,239,274,-35
106000104,587,253,334
106000105,430,323,107
106000106,663,272,391
106000107,114,147,-33
106000108,224,137,87
106000109,135,111,24
106000110,299,152,147
106000111,124,156,-32
106000112,208,361,-153
106000113,381,324,57
106000114,320,449,-129
106000115,167,225,-58
106000116,270,156,114
106000117,793,359,434
106000118,1210,1247,-37
106000119,877,578,299
106000120,854,1219,-365
106000121,184,91,93
106000122,151,84,67
106000123,465,89,376
106000124,89,123,-34
106000125,22,147,-125
106000126,297,39,258
106000127,841,431,410
106000128,637,84,553
106000129,373,291,82
106000130,798,172,626
106000131,121,481,-360
106000132,420,175,245
106000133,992,907,85
106000134,330,1451,-1121
106000135,140,321,-181
106000136,498,835,-337
106000137,41,346,-305
106000138,966,54,912
106000139,48,52,-4
106000140,48,32,16
106000141,109,29,80
106000142,80,42,38
106000143,12,23,-11
106000144,33,44,-11
106000145,292,80,212
106000146,405,95,310
106000147,308,235,73
106000148,339,421,-82
106000149,605,207,398
106000150,404,1457,-1053
106000151,2430,574,1856
106000152,763,1578,-815
106000153,74,1312,-1238
106000154,780,118,662
106000155,148,201,-53
106000156,1161,222,939
106000157,610,1164,-554
106000158,1424,721,703
106000159,1647,1447,200
106000160,400,2601,-2201
106000161,1082,202,880
106000162,303,894,-591
106000163,367,246,121
106000164,484,225,259
106000165,261,285,-24
106000166,829,210,619
106000167,398,517,-119
106000168,608,215,393
106000169,288,329,-41
106000170,810,188,622
106000171,207,774,-567
106000172,2643,1068,1575
106000173,930,1614,-684
106000174,1090,291,799
106000175,261,483,-222
106000176,1804,706,1098
106000177,758,1385,-627
106000178,3023,1244,1779
106000179,783,1238,-455
106000180,701,810,-109
106000181,926,1202,-276
106000182,1571,530,1041
106000183,1517,404,1113
106000184,1968,489,1479
106000185,1174,1032,142
106000186,783,95,688
106000187,199,870,-671
106000188,1,1,0
106000189,5,29,-24
106000190,11,0,11
106000191,591,129,462
106000192,3,14,-11
106000193,354,176,178
106000194,113,403,-290
106000195,600,250,350
106000196,229,637,-408
106000197,598,285,313
106000198,181,153,28
106000199,550,731,-181
106000200,145,187,-42
106000201,360,3028,-2668
106000202,1944,434,1510
106000203,21,87,-66
106000204,76,9,67
106000205,19,77,-58
106000206,63,27,36
106000207,17,324,-307
106000208,1526,146,1380
106000209,1531,349,1182
106000210,275,482,-207
106000211,226,812,-586
106000212,884,463,421
106000213,377,1551,-1174
106000214,1437,683,754
106000215,204,327,-123
106000216,249,244,5
106000217,201,221,-20
106000218,357,263,94
106000219,115,168,-53
106000220,361,154,207
106000221,202,128,74
106000222,83,66,17
106000223,299,88,211
106000224,227,80,147
106000225,81,109,-28
106000226,93,145,-52
106000228,73,54,19
106000229,73,370,-297
106000231,899,63,836
106000232,44,189,-145
106000233,484,75,409
106000234,31,178,-147
106000235,484,106,378
106000236,117,99,18
106000237,0,11,-11
106000238,16,23,-7
106000239,2,74,-72
106000240,18,1,17
106000241,15,346,-331
106000242,208,91,117
106000249,57,35,22
106000250,58,530,-472
106000251,126,21,105
106000252,20,52,-32
106000253,80,59,21
106000254,52,23,29
106000255,23,124,-101
106000256,36,26,10
106000257,158,145,13
106000258,194,11,183
106000259,3,51,-48
106000260,15,4,11
106000261,3,44,-41
106000262,74,4,70
106000263,15,41,-26
106000264,221,6,215
106000265,9,134,-125
106000266,94,14,80
106000267,10,82,-72
106000268,315,40,275
106000269,37,35,2
106000270,150,303,-153
106000271,62,143,-81
106000272,184,38,146
106000273,8,181,-173
106000274,121,26,95
106000275,146,296,-150
106000276,92,33,59
106000277,113,231,-118
106000278,88,18,70
106000279,8,14,-6
106000280,54,16,38
106000281,62,32,30
106000282,59,33,26
106000283,139,27,112
106000284,76,55,21
106000285,117,51,66
106000286,105,80,25
106000287,116,39,77
106000288,66,90,-24
106000289,82,31,51
106000290,46,36,10
106000291,80,62,18
106000292,47,55,-8
106000293,114,70,44
106000294,119,81,38
106000295,43,50,-7
106000296,26,68,-42
106000297,65,191,-126
106000298,82,55,27
106000299,58,95,-37
106000300,49,84,-35
106000301,50,88,-38
106000303,43,73,-30
106000304,35,27,8
106000305,45,36,9
106000306,42,35,7
106000307,50,25,25
106000308,27,50,-23
106000309,28,52,-24
106000310,348,304,44
106000311,381,167,214
106000312,86,100,-14
106000313,267,122,145
106000318,51,444,-393
106000319,944,238,706
106000320,3,63,-60
106000321,182,124,58
106000322,155,80,75
106000324,17,96,-79
106000325,1643,819,824
106000326,775,1063,-288
106000327,160,72,88
106000328,27,82,-55
106000329,54,188,-134
106000330,27,74,-47
106000428,93,131,-38
106000429,124,208,-84
106000430,235,855,-620
106000431,2211,363,1848
106000432,964,1725,-761
106000433,2482,1160,1322
106000434,3003,1623,1380
106000435,884,1652,-768
106000436,19,104,-85
106000437,252,52,200
106000438,378,217,161
106000439,75,335,-260
106000440,157,253,-96
106000441,3,1,2
106000442,131,7,124
106000443,192,131,61
106000450,1,81,-80
106000451,30,58,-28
106000454,2,76,-74
106000455,8,92,-84
106000456,101,16,85
106000457,35,401,-366
106000458,1156,50,1106
106000459,146,148,-2
106000460,1717,14,1703
106000461,123,432,-309
106000462,0,23,-23
106000463,4,15,-11
106000464,0,152,-152
106000465,764,5,759
106000466,7,245,-238
106000467,124,201,-77
106000468,77,106,-29
106000469,77,3,74
106000470,199,1590,-1391
106000471,9,212,-203
106000472,155,16,139
106000473,35,8,27
106000474,184,241,-57
106000475,280,107,173
106000476,64,206,-142
106000477,8,6,2
106900001,0,10,-10
106900002,3,202,-199
106900003,105,737,-632
106900004,0,20,-20
106900006,0,11,-11
106900007,0,9,-9
106900008,418,95,323
106900009,392,165,227
106900010,194,162,32
106900012,970,1982,-1012
106900013,460,163,297
106900014,30,5,25
106900015,18,2,16
106900016,272,11,261
106900017,18,3,15
106900018,3,2,1
106900019,79,4,75
106900020,1426,1600,-174
106900021,141,89,52
106900022,890,3,887
106900023,33,219,-186
106900024,629,60,569
106900025,27,447,-420
106900026,0,245,-245
106900027,816,2,814
107000001,2748,4943,-2195
107000002,1757,3432,-1675
107000003,6223,5784,439
107000004,3542,2694,848
107000005,5531,5141,390
107000006,3141,1966,1175
107000007,5217,9047,-3830
107000008,5599,4472,1127
107000009,7679,6617,1062
107000010,6143,5093,1050
107000011,581,879,-298
107000012,2392,1613,779
107000013,63,51,12
107000014,52,82,-30
107000015,330,403,-73
107000016,619,415,204
107000017,1307,1799,-492
107000018,11,1302,-1291
107000020,854,1528,-674
107000021,971,353,618
107000022,591,1312,-721
107000023,1591,182,1409
107000024,449,964,-515
107000025,212,267,-55
107000026,208,308,-100
107000027,1385,763,622
107000028,1263,691,572
107000029,3153,2401,752
107000030,1903,1619,284
107000031,4533,2212,2321
107000032,382,658,-276
107000033,1843,2822,-979
107000034,2999,1014,1985
107000035,360,208,152
107000036,316,1036,-720
107000037,80,627,-547
107000038,170,156,14
107000039,686,677,9
107000040,183,256,-73
107000041,1490,759,731
107000042,660,1645,-985
107000043,1632,917,715
107000044,272,290,-18
107000045,62,212,-150
107000046,693,367,326
107000047,378,524,-146
107000048,612,205,407
107000049,600,562,38
107000050,1020,418,602
107000051,180,235,-55
107000052,908,855,53
107000053,317,224,93
107000054,21,207,-186
107000055,110,81,29
107000056,393,528,-135
107000057,800,124,676
107000058,1838,2312,-474
107000059,1638,2399,-761
107000060,4568,4349,219
107000061,3932,2460,1472
107000062,5088,2450,2638
107000063,3625,2773,852
107000064,4214,2285,1929
107000065,2769,2729,40
107000066,1648,2619,-971
107000067,1160,1126,34
107000068,1137,740,397
107000069,941,573,368
107000070,1001,7,994
107000071,3696,60,3636
107000072,35,1476,-1441
107000073,878,467,411
107000074,107,541,-434
107000075,1941,568,1373
107000076,464,852,-388
107000077,3836,1303,2533
107000078,1728,1801,-73
107000079,2918,1064,1854
107000080,817,1713,-896
107000081,2359,524,1835
107000082,585,772,-187
107000083,1594,458,1136
107000084,353,836,-483
107000085,2302,2388,-86
107000086,2504,2415,89
107000087,2870,1713,1157
107000088,2649,2538,111
107000089,1547,1381,166
107000090,943,711,232
107000091,1521,647,874
107000092,867,636,231
107000093,1203,671,532
107000094,779,699,80
107000095,903,456,447
107000096,471,494,-23
107000097,397,214,183
107000098,269,227,42
107000099,348,339,9
107000100,247,190,57
107000101,99,136,-37
107000102,196,239,-43
107000103,209,145,64
107000104,125,168,-43
107000105,385,117,268
107000106,181,170,11
107000107,442,115,327
107000108,104,325,-221
107000109,656,110,546
107000110,49,197,-148
107000111,341,51,290
107000112,29,142,-113
107000113,588,102,486
107000114,76,244,-168
107000115,650,164,486
107000116,93,407,-314
107000117,171,590,-419
107000118,130,104,26
107000119,1073,1282,-209
107000120,635,416,219
107000121,1084,454,630
107000122,894,533,361
107000123,544,284,260
107000124,584,559,25
107000125,761,340,421
107000126,624,306,318
107000127,34,173,-139
107000129,111,94,17
107000130,256,220,36
107000131,343,240,103
107000132,622,342,280
107000133,388,145,243
107000134,273,4,269
107000135,2,317,-315
107000136,628,6,622
107000137,9,369,-360
107000138,199,29,170
107000139,16,458,-442
107000140,1292,110,1182
107000141,124,564,-440
107000142,460,101,359
107000143,76,431,-355
107000144,463,462,1
107000145,114,326,-212
107000146,158,265,-107
107000147,2744,622,2122
107000150,403,2555,-2152
107000151,27,99,-72
107000152,386,1540,-1154
107000153,65,305,-240
107000154,126,329,-203
107000155,835,11,824
107000156,1285,15,1270
107000157,29,688,-659
107000158,419,10,409
107000159,12,351,-339
107000160,1319,133,1186
107000161,77,556,-479
107000162,267,473,-206
107000163,200,0,200
107000164,826,2,824
107000165,1521,9,1512
107000166,32,508,-476
107000167,646,176,470
107000168,1032,509,523
107000169,385,495,-110
107000170,3096,730,2366
107000171,576,932,-356
107000172,1210,1519,-309
107000173,429,488,-59
107000174,1138,5758,-4620
107000175,3720,1031,2689
107000176,0,0,0
107000177,12,0,12
107000178,29,13,16
107000179,272,1005,-733
107000180,1656,209,1447
107000181,366,598,-232
107000182,2008,623,1385
107000183,138,512,-374
107000184,1150,478,672
107000185,456,852,-396
107000186,1444,403,1041
107000187,1188,920,268
107000188,620,434,186
107000189,575,761,-186
107000190,758,485,273
107000191,715,669,46
107000192,1758,505,1253
107000193,414,517,-103
107000194,641,464,177
107000197,911,278,633
107000198,284,379,-95
107000199,701,503,198
107000200,518,558,-40
107000201,326,296,30
107000202,264,391,-127
107000203,887,922,-35
107000204,922,1076,-154
107000205,1287,746,541
107000206,591,1394,-803
107000207,544,987,-443
107000208,747,556,191
107000209,1226,1363,-137
107000210,326,232,94
107000211,3,45,-42
107000212,37,275,-238
107000213,5,20,-15
107000214,42,143,-101
107000215,426,226,200
107000216,478,284,194
107000217,149,85,64
107000219,140,153,-13
107000220,184,138,46
107000222,225,381,-156
107000224,408,80,328
107000225,150,206,-56
107000226,571,115,456
107000227,70,108,-38
107000228,69,366,-297
107000229,52,74,-22
107000230,794,356,438
107000231,791,1754,-963
107000232,100,16,84
107000233,585,831,-246
107000234,2,91,-89
107000235,77,20,57
107000236,7,379,-372
107000237,45,1,44
107000238,45,0,45
107000239,1784,437,1347
107000240,68,385,-317
107000241,86,8,78
107000242,186,28,158
107000243,0,42,-42
107000244,25,80,-55
107000246,1,872,-871
107000249,7,833,-826
107000251,1,294,-293
107000252,3,543,-540
107000255,158,147,11
107000257,1,353,-352
107000258,6,173,-167
107000259,5,114,-109
107000260,1691,39,1652
107000262,8,186,-178
107000263,422,13,409
107000266,3,12,-9
107000267,53,69,-16
107000268,84,64,20
107000269,155,14,141
107000270,137,51,86
107000271,1,52,-51
107000272,62,4,58
107000273,2,240,-238
107000274,804,289,515
107000275,5,991,-986
107000280,953,26,927
107000281,24,367,-343
107000282,24,390,-366
107000290,5,28,-23
107000291,12,6,6
107000292,1,70,-69
107000293,34,3,31
107000294,0,48,-48
107000295,34,2,32
107000296,0,18,-18
107000444,248,3,245
107000496,2,5,-3
107000497,1048,1218,-170
107000500,297,231,66
107000501,77,114,-37
107000502,156,202,-46
107000505,231,522,-291
107000506,0,13,-13
107000508,7,274,-267
107000509,158,582,-424
107000510,22,34,-12
107000514,64,367,-303
107000515,9,71,-62
107000516,425,271,154
107000518,975,1733,-758
107000519,750,507,243
107000520,77,45,32
107900001,111,99,12
107900002,62,13,49
107900003,358,24,334
107900004,132,0,132
107900005,1577,8,1569
107900006,255,7,248
107900007,434,40,394
107900008,73,6,67
107900009,96,6,90
107900010,61,4,57
107900012,337,80,257
107900013,190,10,180
107900014,57,11,46
107900015,1304,15,1289
107900016,229,94,135
107900017,59,6,53
107900018,66,269,-203
107900019,26,24,2
107900020,33,6,27
107900021,119,57,62
107900023,6,2,4
107900024,0,2,-2
107900025,187,159,28
107900026,50,23,27
107900027,29,40,-11
107900028,110,31,79
107900030,218,26,192
107900031,53,45,8
107900032,9,9,0
107900033,28,10,18
107900034,457,29,428
107900035,1072,58,1014
107900036,73,14,59
107900037,0,2,-2
107900038,77,313,-236
107900039,32,26,6
107900040,17,143,-126
107900041,4,5,-1
107900043,58,75,-17
107900044,10,18,-8
107900045,136,71,65
107900046,185,204,-19
107900047,8,8,0
107900048,239,27,212
107900049,201,922,-721
107900050,58,160,-102
107900051,81,52,29
107900052,8,25,-17
107900053,72,50,22
107900055,805,356,449
107900056,109,73,36
107900057,0,0,0
107900058,20,381,-361
107900060,14,25,-11
107900061,13,9,4
107900063,91,113,-22
107900064,318,223,95
107900065,388,11,377
107900066,40,5,35
107900067,0,0,0
107900068,99,513,-414
107900069,22,2253,-2231
107900070,184,97,87
107900071,16,401,-385
107900072,136,51,85
107900073,132,32,100
107900074,333,294,39
107900076,158,39,119
107900077,64,2,62
107900078,220,62,158
107900079,11,17,-6
107900080,247,648,-401
107900081,51,33,18
107900082,14,6,8
107900083,325,170,155
107900084,101,96,5
107900086,37,214,-177
107900087,344,188,156
107900088,77,10,67
107900089,197,683,-486
107900090,505,2721,-2216
107900091,140,168,-28
107900092,1178,280,898
107900093,60,36,24
107900095,1893,1909,-16
107900097,48,65,-17
107900098,70,203,-133
107900100,600,1719,-1119
107900101,544,99,445
107900102,39,4,35
107900103,29,124,-95
107900104,149,2,147
107900105,0,137,-137
107900106,2,412,-410
107900107,1201,531,670
107900108,131,100,31
107900109,1655,29,1626
107900110,81,32,49
107900111,11,345,-334
107900112,65,317,-252
107900113,284,51,233
107900114,209,85,124
107900115,3,14,-11
107900116,248,59,189
107900117,310,150,160
107900118,50,64,-14
107900119,78,255,-177
107900120,31,30,1
107900121,0,111,-111
107900122,1,84,-83
107900123,6,61,-55
107900124,18,39,-21
107900125,21,156,-135
107900126,15,41,-26
107900127,331,372,-41
107900128,58,71,-13
107900129,86,15,71
107900130,97,11,86
107900131,290,440,-150
107900132,87,185,-98
107900133,0,36,-36
107900134,44,108,-64
107900135,11,117,-106
107900136,26,33,-7
107900137,98,96,2
107900138,66,25,41
107900139,61,44,17
107900140,68,42,26
107900141,41,33,8
107900142,74,377,-303
107900143,29,9,20
107900144,0,96,-96
107900145,8,82,-74
107900146,55,150,-95
107900147,45,34,11
107900148,137,78,59
107900149,538,135,403
107900150,60,301,-241
107900151,30,51,-21
107900152,6,125,-119
107900153,87,407,-320
107900154,76,24,52
107900155,78,40,38
107900156,5,105,-100
107900157,49,29,20
107900158,1062,15,1047
107900159,21,435,-414
107900160,116,101,15
107900161,41,78,-37
107900162,2,115,-113
107900163,35,34,1
107900164,22,34,-12
107900165,28,141,-113
107900166,24,72,-48
107900167,15,36,-21
107900168,36,23,13
107900169,7,255,-248
107900171,4,538,-534
107900172,1,149,-148
107900173,37,56,-19
107900174,168,2,166
107900175,15,76,-61
107900176,44,11,33
107900177,1,143,-142
107900178,1,90,-89
107900179,25,83,-58
107900180,313,720,-407
107900181,350,243,107
107900182,9,537,-528
107900183,87,115,-28
107900184,107,97,10
107900185,161,2,159
107900186,65,54,11
107900187,0,105,-105
107900188,322,127,195
107900189,30,73,-43
107900190,38,127,-89
107900191,97,67,30
107900193,3,60,-57
107900194,278,8,270
107900195,979,279,700
107900196,65,62,3
107900197,351,464,-113
107900199,1,429,-428
107900201,88,75,13
107900203,26,54,-28
107900204,117,234,-117
107900205,170,280,-110
107900206,878,302,576
107900207,8,237,-229
107900208,4,221,-217
107900209,177,88,89
107900210,58,48,10
107900213,649,611,38
107900214,14,58,-44
107900215,126,401,-275
107900216,137,50,87
107900217,28,96,-68
107900218,20,865,-845
107900219,42,30,12
107900220,121,213,-92
107900221,99,149,-50
107900223,126,233,-107
107900224,72,443,-371
107900225,11,347,-336
107900226,66,53,13
107900227,104,254,-150
107900228,24,83,-59
107900229,2,122,-120
107900230,12,34,-22
107900231,14,121,-107
107900232,110,58,52
107900233,5,54,-49
107900234,116,62,54
107900235,16,93,-77
107900236,177,47,130
107900237,23,252,-229
107900238,13,49,-36
107900239,417,468,-51
107900240,28,47,-19
107900241,7,57,-50
107900242,32,107,-75
107900243,2,53,-51
107900244,324,29,295
107900245,834,35,799
107900246,488,23,465
107900248,534,174,360
107900249,1078,64,1014
107900250,10,269,-259
107900251,44,650,-606
107900252,1215,41,1174
107900253,238,9,229
107900254,66,230,-164
107900255,147,85,62
107900256,826,1120,-294
107900257,273,119,154
107900258,114,101,13
107900259,110,2486,-2376
107900261,1,158,-157
107900262,28,61,-33
107900264,442,11,431
107900265,145,116,29
107900267,273,16,257
107900268,7,0,7
107900269,0,0,0
107900270,0,0,0
107900271,0,3,-3
107900272,8,5,3
107900273,48,55,-7
107900274,121,1,120
107900275,34,0,34
107900276,2,70,-68
107900277,0,124,-124
107900278,409,212,197
107900279,59,131,-72
107900280,1802,1700,102
107900281,534,3320,-2786
107900282,28,614,-586
107900283,647,690,-43
107900284,649,332,317
107900285,127,40,87
107900286,54,91,-37
107900287,303,194,109
107900290,1,210,-209
107900291,548,17,531
107900292,90,98,-8
107900293,77,203,-126
107900295,48,22,26
107900297,1,249,-248
107900298,578,399,179
107900299,1934,2406,-472
107900300,97,287,-190
107900301,542,729,-187
107900302,130,45,85
107900303,283,179,104
107900304,406,234,172
107900305,317,17,300
107900306,7,34,-27
107900307,50,199,-149
107900308,137,161,-24
107900309,64,1,63
107900310,441,6,435
107900311,21,555,-534
107900312,69,0,69
107900313,1,143,-142
107900314,0,112,-112
107900315,1,37,-36
107900316,44,1,43
107900317,64,10,54
107900318,14,86,-72
107900319,4,117,-113
107900320,1,87,-86
107900321,168,0,168
107900322,2,71,-69
107900323,6,78,-72
107900324,132,0,132
107900325,104,0,104
107900326,476,122,354
107900327,2,41,-39
107900328,40,0,40
107900329,40,93,-53
107900330,9,170,-161
107900331,280,17,263
107900332,257,10,247
107900333,87,13,74
107900334,5,66,-61
107900335,45,29,16
107900336,50,72,-22
107900337,521,780,-259
107900338,2,102,-100
107900339,4,23,-19
107900340,1,40,-39
107900341,76,0,76
107900342,58,33,25
107900343,33,1,32
107900344,3,79,-76
107900345,85,17,68
107900346,19,0,19
107900347,21,1,20
107900348,0,0,0
107900349,19,9,10
107900350,27,116,-89
108000001,3094,3303,-209
108000002,1371,1575,-204
108000003,3258,3350,-92
108000004,8554,9605,-1051
108000005,7142,5603,1539
108000006,5127,4870,257
108000007,4802,3477,1325
108000008,3214,3953,-739
108000009,3875,4343,-468
108000010,2197,2716,-519
108000011,10931,11244,-313
108000012,9794,10029,-235
108000014,475,922,-447
108000015,739,197,542
108000016,284,539,-255
108000017,1059,319,740
108000018,1783,601,1182
108000019,1414,854,560
108000020,1162,440,722
108000021,261,1168,-907
108000022,276,784,-508
108000023,1198,195,1003
108000024,289,242,47
108000025,302,172,130
108000026,766,188,578
108000027,770,255,515
108000028,673,156,517
108000029,525,310,215
108000030,582,132,450
108000031,177,378,-201
108000032,1598,569,1029
108000033,648,664,-16
108000034,1923,458,1465
108000035,577,1275,-698
108000036,295,599,-304
108000037,1789,359,1430
108000038,2819,478,2341
108000039,408,1117,-709
108000040,1984,844,1140
108000041,583,1489,-906
108000042,333,168,165
108000043,189,189,0
108000044,657,101,556
108000045,289,276,13
108000046,1561,247,1314
108000047,437,580,-143
108000048,127,214,-87
108000049,872,202,670
108000050,94,268,-174
108000051,341,131,210
108000052,125,347,-222
108000053,409,176,233
108000054,343,764,-421
108000055,1030,601,429
108000056,597,927,-330
108000057,550,1309,-759
108000058,1453,3470,-2017
108000059,1992,1249,743
108000060,169,356,-187
108000061,116,175,-59
108000062,934,492,442
108000063,477,356,121
108000064,232,216,16
108000065,478,302,176
108000066,1225,596,629
108000067,1971,641,1330
108000068,717,320,397
108000069,174,531,-357
108000070,2078,599,1479
108000071,580,884,-304
108000072,1734,920,814
108000073,1055,1058,-3
108000074,668,316,352
108000075,283,563,-280
108000076,893,467,426
108000077,435,435,0
108000078,2494,1000,1494
108000079,580,820,-240
108000080,1577,404,1173
108000081,430,697,-267
108000082,612,1089,-477
108000083,1914,812,1102
108000084,310,658,-348
108000085,808,444,364
108000086,491,424,67
108000087,138,2135,-1997
108000088,204,11,193
108000089,352,363,-11
108000090,569,160,409
108000091,362,329,33
108000092,186,83,103
108000093,204,315,-111
108000094,638,74,564
108000095,191,199,-8
108000096,352,110,242
108000097,118,267,-149
108000098,1959,810,1149
108000099,239,49,190
108000100,76,160,-84
108000101,1595,1225,370
108000102,1474,3134,-1660
108000106,667,2,665
108000107,3,598,-595
108000108,551,53,498
108000109,4,593,-589
108000110,236,261,-25
108000111,172,459,-287
108000112,58,150,-92
108000113,328,173,155
108000115,253,288,-35
108000117,454,398,56
108000118,59,272,-213
108000119,359,203,156
108000120,148,767,-619
108000121,167,281,-114
108000122,550,244,306
108000123,577,117,460
108000124,330,347,-17
108000125,504,128,376
108000126,169,219,-50
108000127,584,177,407
108000128,605,208,397
108000129,316,550,-234
108000130,551,194,357
108000131,874,470,404
108000132,1185,799,386
108000133,1106,457,649
108000134,385,293,92
108000135,1178,363,815
108000136,261,500,-239
108000137,538,151,387
108000138,345,230,115
108000139,520,163,357
108000140,124,15,109
108000141,32,29,3
108000142,64,49,15
108000143,46,15,31
108000144,64,3,61
108000145,64,5,59
108000146,100,13,87
108000147,43,19,24
108000148,77,13,64
108000149,11,9,2
108000150,52,2,50
108000151,7,14,-7
108000152,84,173,-89
108000153,656,96,560
108000154,40,7,33
108000155,38,29,9
108000156,173,103,70
108000157,147,1135,-988
108000158,38,799,-761
108000159,246,160,86
108000160,1401,970,431
108000161,1504,2896,-1392
108000165,6,219,-213
108000172,3,301,-298
108000173,800,1887,-1087
108000175,303,90,213
108000178,264,248,16
108000179,128,902,-774
108000181,51,19,32
108000182,62,10,52
108000183,3,8,-5
108000184,539,2260,-1721
108000185,249,180,69
108000186,221,42,179
108000187,104,170,-66
108000188,733,118,615
108000189,336,1330,-994
108000190,23,72,-49
108000192,184,269,-85
108000193,426,40,386
108000194,33,5,28
108000195,2,585,-583
108000196,152,146,6
108000197,122,196,-74
108000198,419,140,279
108000199,2,298,-296
108000200,500,190,310
108000202,2,335,-333
108000203,148,206,-58
108000204,196,67,129
108000205,107,197,-90
108000339,755,316,439
108000364,58,273,-215
108000365,72,211,-139
108000367,124,190,-66
108000368,11,41,-30
108000369,462,191,271
108000371,0,420,-420
108000372,553,3,550
108000373,208,82,126
108000376,106,40,66
108000377,476,96,380
108000378,8272,9621,-1349
108000379,12,135,-123
108000381,88,7,81
108000382,33,0,33
108000383,0,96,-96
108900001,45,482,-437
108900002,142,51,91
108900003,207,405,-198
108900004,146,478,-332
108900005,78,493,-415
108900006,625,142,483
108900007,363,184,179
108900008,155,131,24
108900009,130,131,-1
108900010,332,108,224
108900011,669,293,376
108900012,493,301,192
108900013,192,200,-8
108900014,18,101,-83
108900015,1,80,-79
108900016,3,165,-162
108900017,281,436,-155
108900018,179,282,-103
108900019,42,393,-351
108900020,62,114,-52
108900021,145,142,3
108900022,126,9,117
108900023,6,20,-14
108900024,32,52,-20
108900025,184,73,111
108900026,15,60,-45
108900027,0,34,-34
108900028,129,142,-13
108900029,65,147,-82
108900030,0,32,-32
108900031,188,189,-1
108900032,10,140,-130
108900033,0,99,-99
108900034,0,93,-93
108900035,262,544,-282
108900036,222,188,34
108900037,41,179,-138
108900038,0,151,-151
108900039,1,187,-186
108900040,3,45,-42
108900041,3258,3452,-194
108900042,3,338,-335
108900043,49,316,-267
108900044,3,236,-233
108900045,93,246,-153
108900046,25,374,-349
108900047,1,72,-71
108900048,73,418,-345
108900049,1290,1491,-201
108900050,2,129,-127
108900051,1,81,-80
108900052,17,99,-82
108900053,41,223,-182
108900054,52,157,-105
108900055,37,335,-298
108900056,0,85,-85
108900057,1,102,-101
108900058,34,161,-127
108900059,568,55,513
108900060,99,130,-31
108900061,69,25,44
108900062,2,122,-120
108900063,35,142,-107
108900064,362,20,342
108900065,16,112,-96
108900066,518,141,377
108900067,31,112,-81
108900068,2,50,-48
108900069,80,31,49
108900070,32,63,-31
108900071,136,62,74
108900072,1615,577,1038
108900073,8,45,-37
108900074,305,125,180
108900075,33,28,5
108900076,480,60,420
108900077,74,80,-6
108900078,67,78,-11
108900079,464,130,334
108900080,39,999,-960
108900081,41,171,-130
108900082,99,52,47
108900083,11,313,-302
108900084,307,161,146
108900085,1085,169,916
108900086,151,143,8
108900087,55,121,-66
108900088,1031,378,653
108900089,17,145,-128
108900090,66,155,-89
108900091,90,42,48
108900092,535,229,306
108900093,128,94,34
108900094,238,68,170
108900095,37,178,-141
108900096,217,8,209
108900097,307,121,186
108900098,1071,991,80
108900099,434,143,291
108900100,53,81,-28
108900101,223,240,-17
108900102,82,1340,-1258
108900103,85,140,-55
108900104,92,264,-172
108900105,8,1263,-1255
108900106,492,148,344
108900108,411,31,380
108900109,56,46,10
108900110,244,229,15
108900111,443,290,153
108900112,320,30,290
108900113,41,56,-15
108900114,5,3,2
108900115,149,71,78
108900116,92,19,73
108900117,210,13,197
108900118,817,29,788
108900119,389,26,363
108900120,193,196,-3
108900121,373,139,234
108900122,183,23,160
108900123,176,144,32
108900124,511,174,337
108900125,530,7,523
108900126,90,53,37
108900127,203,20,183
108900128,159,56,103
108900129,829,151,678
108900130,410,6,404
108900131,404,4,400
108900132,549,81,468
108900133,315,49,266
108900134,508,179,329
108900135,181,17,164
108900136,67,4,63
108900137,215,3,212
108900138,920,50,870
108900139,679,81,598
108900140,413,144,269
108900141,409,12,397
108900142,100,4,96
108900143,104,0,104
108900144,109,0,109
108900145,181,14,167
108900146,97,1,96
108900147,253,0,253
108900148,84,19,65
108900149,304,154,150
108900150,257,17,240
108900151,98,24,74
108900152,318,111,207
108900153,220,150,70
108900154,4803,385,4418
108900155,275,52,223
108900156,100,12,88
108900157,42,212,-170
108900158,393,33,360
108900159,2,96,-94
108900160,16,166,-150
108900161,10,231,-221
108900162,186,2,184
108900163,5,277,-272
108900164,41,56,-15
108900165,85,53,32
108900167,954,7709,-6755
108900168,3776,2581,1195
108900169,85,98,-13
108900171,3209,3029,180
108900172,198,40,158
108900173,129,212,-83
108900174,924,443,481
108900176,108,219,-111
108900177,2811,5557,-2746
108900178,2461,3649,-1188
108900179,493,2008,-1515
108900180,156,222,-66
108900182,35,371,-336
108900183,140,147,-7
108900184,541,192,349
108900185,122,340,-218
108900186,99,267,-168
108900187,548,22,526
108900188,844,58,786
108900189,496,115,381
108900190,104,1327,-1223
108900191,207,56,151
108900192,109,154,-45
108900193,50,32,18
108900194,3,191,-188
108900195,96,151,-55
108900196,23,179,-156
108900198,12,198,-186
108900199,234,201,33
108900200,651,316,335
108900201,450,977,-527
108900203,529,132,397
108900204,368,20,348
108900205,209,27,182
108900206,534,79,455
108900207,203,128,75
108900208,18,209,-191
108900209,106,336,-230
108900210,175,196,-21
108900211,133,498,-365
108900212,290,1226,-936
108900215,68,254,-186
108900216,235,287,-52
108900217,133,1,132
108900218,77,15,62
108900219,74,21,53
108900220,72,22,50
108900221,22,163,-141
108900222,315,24,291
108900223,5,66,-61
108900224,24,100,-76
108900225,0,104,-104
108900226,320,30,290
108900227,113,370,-257
108900230,165,169,-4
108900231,21,157,-136
108900232,0,152,-152
108900233,576,105,471
108900234,421,133,288
108900235,128,405,-277
108900236,30,268,-238
108900237,59,210,-151
108900240,163,61,102
108900241,40,50,-10
108900245,16,1597,-1581
108900249,146,34,112
108900250,254,71,183
108900257,314,189,125
108900258,8,126,-118
108900259,45,31,14
108900260,8,40,-32
108900261,53,61,-8
108900262,79,84,-5
108900263,27,105,-78
108900264,281,230,51
108900265,551,416,135
108900266,368,764,-396
108900267,3,146,-143
108900268,6,12,-6
108900269,65,22,43
108900270,71,16,55
108900271,84,16,68
108900272,203,21,182
108900273,406,732,-326
108900274,57,26,31
109000001,1697,1664,33
109000002,706,1446,-740
109000003,2541,325,2216
109000004,408,1546,-1138
109000005,2237,468,1769
109000006,465,1270,-805
109000007,1773,432,1341
109000008,548,1213,-665
109000009,3081,1073,2008
109000010,778,2568,-1790
109000011,3447,1879,1568
109000012,1662,2055,-393
109000013,4108,3105,1003
109000014,1903,1919,-16
109000015,3849,7238,-3389
109000016,4117,2225,1892
109000017,2499,1053,1446
109000018,848,1813,-965
109000019,2367,1036,1331
109000020,661,1236,-575
109000023,221,11,210
109000024,18,175,-157
109000025,246,472,-226
109000026,407,329,78
109000027,77,332,-255
109000028,84,119,-35
109000029,94,208,-114
109000030,62,370,-308
109000031,217,144,73
109000032,90,335,-245
109000033,303,147,156
109000034,47,46,1
109000035,13,55,-42
109000036,98,248,-150
109000037,293,2001,-1708
109000038,385,283,102
109000039,1101,1102,-1
109000040,2841,11566,-8725
109000041,1381,1759,-378
109000042,452,1303,-851
109000044,473,50,423
109000045,76,273,-197
109000046,372,60,312
109000047,46,303,-257
109000048,676,189,487
109000049,263,412,-149
109000050,406,247,159
109000051,213,190,23
109000052,515,501,14
109000053,239,81,158
109000054,367,297,70
109000055,296,322,-26
109000056,360,225,135
109000057,879,453,426
109000058,601,246,355
109000059,430,1239,-809
109000060,262,272,-10
109000061,495,1250,-755
109000062,88,301,-213
109000063,188,136,52
109000064,280,164,116
109000065,192,139,53
109000066,345,68,277
109000067,69,170,-101
109000068,934,34,900
109000069,545,27,518
109000070,15,1351,-1336
109000071,398,69,329
109000072,66,312,-246
109000073,56,78,-22
109000074,13,114,-101
109000075,54,248,-194
109000076,68,177,-109
109000077,202,152,50
109000078,54,111,-57
109000079,121,93,28
109000080,185,61,124
109000081,129,234,-105
109000082,575,102,473
109000083,278,276,2
109000088,123,301,-178
109000089,307,72,235
109000090,102,285,-183
109000091,399,239,160
109000092,244,257,-13
109000093,242,251,-9
109000094,683,3,680
109000095,106,210,-104
109000096,767,191,576
109000097,77,76,1
109000098,52,128,-76
109000099,762,228,534
109000100,223,433,-210
109000101,1723,435,1288
109000102,358,620,-262
109000103,457,396,61
109000104,2098,380,1718
109000105,396,668,-272
109000106,1970,639,1331
109000107,523,1040,-517
109000108,2017,546,1471
109000109,420,943,-523
109000110,1131,484,647
109000111,590,1372,-782
109000112,316,106,210
109000113,248,127,121
109000114,124,176,-52
109000115,907,19,888
109000116,4,166,-162
109000117,273,30,243
109000118,16,186,-170
109000119,1598,133,1465
109000120,195,434,-239
109000121,534,21,513
109000122,121,374,-253
109000123,18,16,2
109000124,744,230,514
109000125,749,210,539
109000126,340,393,-53
109000127,980,142,838
109000128,415,608,-193
109000129,2732,757,1975
109000130,346,905,-559
109000131,785,599,186
109000132,528,1034,-506
109000133,244,596,-352
109000134,587,855,-268
109000135,637,1091,-454
109000136,256,207,49
109000137,326,296,30
109000138,425,176,249
109000139,595,242,353
109000140,180,216,-36
109000141,527,282,245
109000142,104,411,-307
109000143,115,66,49
109000145,79,181,-102
109000146,19,50,-31
109000148,1815,1856,-41
109000149,16,43,-27
109000150,39,240,-201
109000155,936,598,338
109000156,774,391,383
109000158,124,206,-82
109000159,124,345,-221
109000160,1034,140,894
109000161,341,687,-346
109000162,2032,461,1571
109000163,1186,1095,91
109000164,1250,1538,-288
109000165,1349,355,994
109000166,830,82,748
109000167,92,287,-195
109000170,19,18,1
109000171,57,31,26
109000172,29,45,-16
109000173,13,83,-70
109000174,124,35,89
109000175,47,35,12
109000176,263,108,155
109000177,45,66,-21
109000178,366,72,294
109000179,2751,5230,-2479
109000180,2987,3344,-357
109000181,23,9,14
109000182,30,10,20
109000183,35,19,16
109000184,31,9,22
109000185,15,29,-14
109000188,436,888,-452
109000189,2494,633,1861
109000190,584,275,309
109000191,296,270,26
109000192,454,126,328
109000193,179,112,67
109000194,328,49,279
109000195,160,166,-6
109000196,267,83,184
109000197,224,177,47
109000198,378,64,314
109000199,109,265,-156
109000206,242,23,219
109000207,149,23,126
109000208,121,85,36
109000209,160,73,87
109000210,99,386,-287
109000211,204,158,46
109000214,428,185,243
109000215,154,39,115
109000216,281,275,6
109000217,182,149,33
109000218,408,243,165
109000221,328,670,-342
109000222,964,193,771
109000223,319,346,-27
109000224,36,52,-16
109000225,115,22,93
109000226,44,131,-87
109000227,1319,586,733
109000228,5,1673,-1668
109000231,0,190,-190
109000232,442,160,282
109000236,311,449,-138
109000241,1846,1384,462
109000242,1621,803,818
109000293,20,70,-50
109000361,94,154,-60
109000364,128,408,-280
109000396,4,281,-277
109000397,767,12,755
109000399,103,226,-123
109000400,94,110,-16
109000403,123,797,-674
109000406,219,6,213
109000407,246,118,128
109000408,1,132,-131
109000410,897,129,768
109000411,75,11,64
109900001,102,1,101
109900002,890,21,869
109900003,304,0,304
109900004,602,92,510
109900005,30,2,28
109900006,440,105,335
109900007,908,235,673
109900008,0,16,-16
109900009,140,279,-139
109900010,569,19,550
109900011,68,55,13
109900012,278,172,106
109900013,386,181,205
109900014,399,63,336
109900015,439,209,230
109900016,151,26,125
109900017,177,206,-29
109900018,238,38,200
109900019,299,55,244
109900020,34,28,6
109900021,53,9,44
109900022,45,157,-112
109900023,18,2,16
109900024,42,7,35
109900025,14,45,-31
109900026,1,125,-124
109900027,42,22,20
109900028,560,976,-416
109900029,11,149,-138
109900030,35,4,31
109900031,1,277,-276
109900032,4,213,-209
109900033,4,364,-360
109900034,50,5,45
109900035,35,33,2
109900036,21,41,-20
109900037,17,244,-227
109900038,107,249,-142
109900039,2,1,1
109900040,41,312,-271
109900041,53,239,-186
109900042,29,465,-436
109900044,117,131,-14
109900045,71,77,-6
109900046,46,43,3
109900047,244,250,-6
109900048,5,42,-37
109900049,24,19,5
109900050,0,70,-70
109900051,2,21,-19
109900052,99,239,-140
109900053,1,117,-116
109900054,1072,198,874
109900055,75,202,-127
109900056,16,167,-151
109900057,4,68,-64
109900058,0,53,-53
109900059,1201,134,1067
109900060,543,64,479
109900061,32,215,-183
109900062,0,84,-84
109900063,10,417,-407
109900064,544,154,390
109900065,23,110,-87
109900066,253,430,-177
109900067,0,96,-96
109900068,118,9,109
109900069,6,22,-16
109900070,22,171,-149
109900071,2,20,-18
109900072,10,93,-83
109900073,529,313,216
109900074,6,12,-6
109900075,28,21,7
109900076,13,85,-72
109900077,23,32,-9
109900078,76,184,-108
109900080,97,185,-88
109900081,25,174,-149
109900082,47,204,-157
109900083,21,48,-27
109900084,38,64,-26
109900085,179,397,-218
109900086,104,507,-403
109900087,192,462,-270
109900089,748,168,580
109900090,432,746,-314
109900091,466,67,399
109900092,435,25,410
109900093,1059,174,885
109900094,74,59,15
109900095,112,203,-91
109900096,47,6,41
109900097,116,4,112
109900098,469,49,420
109900099,199,0,199
109900100,32,1,31
109900101,812,5,807
109900102,448,29,419
109900103,27,35,-8
109900104,678,259,419
109900105,546,16,530
109900106,361,52,309
109900107,576,62,514
109900108,129,164,-35
109900109,29,149,-120
109900110,60,163,-103
109900111,226,482,-256
109900112,203,302,-99
109900113,968,712,256
109900114,1322,1137,185
109900115,198,74,124
109900117,1312,108,1204
109900118,142,291,-149
109900119,527,215,312
109900120,58,19,39
109900121,398,422,-24
109900122,518,10,508
109900123,13,107,-94
109900124,28,216,-188
109900125,0,133,-133
109900126,330,59,271
109900128,490,28,462
109900130,3640,2788,852
109900131,33,106,-73
109900132,22,91,-69
109900133,68,177,-109
109900134,55,83,-28
109900135,222,42,180
109900136,44,84,-40
109900137,147,179,-32
109900138,439,153,286
109900140,153,105,48
109900141,572,200,372
109900142,1466,251,1215
109900145,6,557,-551
109900146,306,25,281
109900148,43,55,-12
109900149,15,43,-28
109900150,13,45,-32
109900151,11,26,-15
109900152,0,19,-19
109900153,1,46,-45
109900154,62,2,60
109900155,80,20,60
109900157,55,130,-75
109900158,65,96,-31
109900159,146,27,119
109900160,142,53,89
109900161,251,77,174
109900162,226,108,118
109900163,555,248,307
109900164,58,112,-54
109900165,263,4,259
109900166,2,89,-87
109900167,142,279,-137
109900168,212,383,-171
109900169,238,98,140
109900170,196,1083,-887
109900171,253,52,201
109900172,214,231,-17
109900173,1437,2147,-710
109900174,28,70,-42
109900175,86,59,27
109900176,101,114,-13
109900177,40,102,-62
109900178,15,156,-141
109900179,39,8,31
109900180,2,8,-6
110000001,603,356,247
110000002,532,693,-161
110000003,577,531,46
110000004,464,626,-162
110000005,301,1721,-1420
110000006,166,259,-93
110000007,101,62,39
110000008,29,58,-29
110000009,32,8,24
110000010,30,86,-56
110000011,46,40,6
110000012,417,206,211
110000013,46,515,-469
110000014,379,267,112
110000015,186,506,-320
110000016,232,1523,-1291
110000017,2333,266,2067
110000018,1887,280,1607
110000019,8,54,-46
110000020,364,145,219
110000021,402,340,62
110000022,947,152,795
110000023,9,54,-45
110000024,519,244,275
110000025,546,9,537
110000026,4,130,-126
110000027,937,684,253
110000028,818,452,366
110000029,392,401,-9
110000030,265,336,-71
110000031,262,286,-24
110000032,824,282,542
110000033,230,93,137
110000034,488,387,101
110000035,812,309,503
110000036,1013,439,574
110000037,201,335,-134
110000038,261,532,-271
110000039,772,3252,-2480
110000040,267,217,50
110000041,265,1636,-1371
110000042,59,382,-323
110000043,720,217,503
110000044,49,652,-603
110000045,561,93,468
110000046,4,14,-10
110000047,29,38,-9
110000048,8,31,-23
110000049,22,11,11
110000050,11,101,-90
110000051,33,11,22
110000052,31,26,5
110000053,185,27,158
110000054,143,465,-322
110000055,495,101,394
110000056,79,126,-47
110000057,283,360,-77
110000058,991,366,625
110000059,949,356,593
110000060,1000,923,77
110000061,714,538,176
110000062,581,706,-125
110000063,42,143,-101
110000064,51,43,8
110000065,100,90,10
110000066,98,23,75
110000067,116,98,18
110000068,246,71,175
110000069,450,39,411
110000071,233,41,192
110000073,14,11,3
110000075,14,60,-46
110000076,244,405,-161
110000077,285,956,-671
110000078,41,26,15
110000080,206,446,-240
110000081,33,180,-147
110000082,19,243,-224
110000083,210,379,-169
110000084,1170,871,299
110000085,940,1067,-127
110000086,1016,2195,-1179
110000087,21,56,-35
110000088,100,181,-81
110000089,247,58,189
110000090,226,194,32
110000091,609,157,452
110000092,13,42,-29
110000093,57,20,37
110000094,397,144,253
110000095,202,587,-385
110000096,1194,1589,-395
110000097,1100,1466,-366
110000098,1681,578,1103
110000099,601,1321,-720
110000100,1078,254,824
110000101,33,132,-99
110000102,87,17,70
110000104,335,114,221
110000105,47,156,-109
110000106,556,408,148
110000107,200,227,-27
110000108,114,135,-21
110000109,178,233,-55
110000110,1654,4506,-2852
110000111,3239,2661,578
110000112,562,1021,-459
110000113,145,2156,-2011
110000114,193,615,-422
110000115,368,212,156
110000116,31,53,-22
110000117,238,162,76
110000118,507,114,393
110000119,261,157,104
110000120,337,118,219
110000121,68,330,-262
110000122,347,424,-77
110000123,636,686,-50
110000124,1,611,-610
110000125,946,11,935
110000126,330,24,306
110000127,1135,46,1089
110000128,38,820,-782
110000129,0,259,-259
110000130,253,206,47
110000131,72,170,-98
110000132,0,363,-363
110000133,22,365,-343
110000134,13,249,-236
110000135,168,14,154
110000136,68,180,-112
110000137,624,388,236
110000138,787,392,395
110000139,882,661,221
110000140,690,664,26
110000143,442,262,180
110000144,4002,1842,2160
110000145,1750,1402,348
110000146,2345,1248,1097
110000147,430,684,-254
110000148,665,196,469
110000151,895,966,-71
110000152,691,276,415
110000153,155,18,137
110000154,35,22,13
110000155,1211,3399,-2188
110000156,1086,2138,-1052
110000157,2031,2174,-143
110000160,284,191,93
110000161,149,157,-8
110000166,634,63,571
110000167,988,498,490
110000168,1099,486,613
110000169,902,288,614
110000170,128,52,76
110000171,560,84,476
110000172,165,502,-337
110000173,729,719,10
110000174,128,444,-316
110000175,748,45,703
110000176,302,386,-84
110000177,162,793,-631
110000178,345,1417,-1072
110000179,698,238,460
110000180,208,186,22
110000181,505,308,197
110000182,272,95,177
110000183,5050,7051,-2001
110000184,208,2347,-2139
110000185,647,514,133
110000186,618,532,86
110000191,1253,149,1104
110000192,662,15,647
110000193,1249,11,1238
110000194,10,485,-475
110000195,530,143,387
110000196,414,121,293
110000197,110,101,9
110000198,94,48,46
110000199,52,101,-49
110000200,911,380,531
110000201,956,1091,-135
110000202,1181,478,703
110000203,516,389,127
110000204,2,121,-119
110000205,191,36,155
110000206,391,675,-284
110000207,1401,277,1124
110000208,194,233,-39
110000209,80,553,-473
110000210,1429,250,1179
110000211,752,441,311
110000212,423,954,-531
110000213,268,23,245
110000214,375,62,313
110000215,189,179,10
110000216,103,166,-63
110000217,433,87,346
110000218,142,151,-9
110000219,403,39,364
110000220,73,126,-53
110000221,381,15,366
110000222,56,93,-37
110000223,5,107,-102
110000224,24,7,17
110000225,251,597,-346
110000226,214,47,167
110000227,637,857,-220
110000228,161,105,56
110000229,1,128,-127
110000230,447,402,45
110000231,196,178,18
110000232,211,138,73
110000233,257,186,71
110000234,450,701,-251
110000235,623,770,-147
110000236,583,333,250
110000237,1645,1018,627
110000238,1058,905,153
110000239,1732,823,909
110000240,1,35,-34
110000242,0,20,-20
110000243,145,61,84
110000244,157,257,-100
110000245,25,218,-193
110000246,868,361,507
110000247,850,2702,-1852
110000248,1421,1007,414
110000249,54,6,48
110000250,36,157,-121
110000251,403,310,93
110000252,331,132,199
110000253,1290,512,778
110000254,507,651,-144
110000255,157,595,-438
110000256,433,260,173
110000257,502,263,239
110000258,4,244,-240
110000259,179,33,146
110000260,31,120,-89
110000263,459,66,393
110000264,335,256,79
110000265,933,1776,-843
110000266,1408,2473,-1065
110000267,34,153,-119
110000268,322,314,8
110000269,10,76,-66
110000270,64,3,61
110000271,858,247,611
110000272,1040,823,217
110000273,2060,1361,699
110000274,167,1605,-1438
110000275,1121,450,671
110000276,276,375,-99
110000277,285,207,78
110000278,329,492,-163
110000279,792,533,259
110000280,537,332,205
110000281,44,327,-283
110000282,184,20,164
110000283,26,143,-117
110000284,24,34,-10
110000285,4,745,-741
110000286,10,0,10
110000287,67,7,60
110000288,3,72,-69
110000289,384,2050,-1666
110000290,492,529,-37
110000291,2691,854,1837
110000292,1114,4891,-3777
110000293,634,406,228
110000294,1260,1022,238
110000295,191,573,-382
110000296,602,235,367
110000297,2153,295,1858
110000298,88,327,-239
110000299,107,65,42
110000301,294,22,272
110000302,190,480,-290
110000303,404,5,399
110000304,89,133,-44
110000305,1346,21,1325
110000306,154,718,-564
110000307,1821,2,1819
110000308,699,6,693
110000309,6,524,-518
110000310,844,27,817
110000311,14,450,-436
110000312,504,109,395
110000313,1871,1935,-64
110000314,0,134,-134
110000315,2235,2218,17
110000316,374,1027,-653
110000317,382,529,-147
110000318,5,30,-25
110000319,4,7,-3
110000320,56,33,23
110000321,12,26,-14
110000322,283,241,42
110000323,525,106,419
110000324,1938,1358,580
110000325,1988,3029,-1041
110000327,479,277,202
110000328,134,265,-131
110000333,1010,730,280
110000334,628,942,-314
110000335,673,413,260
110000336,634,689,-55
110000337,1544,479,1065
110000338,469,166,303
110000339,314,186,128
110000340,51,122,-71
110000341,459,325,134
110000342,188,4,184
110000343,0,14,-14
110000344,855,158,697
110000345,803,179,624
110000346,1724,1447,277
110000347,1001,552,449
110000348,23,19,4
110000349,6,11,-5
110000350,54,6,48
110000351,1146,524,622
110000352,699,1181,-482
110000353,1749,433,1316
110000354,890,2369,-1479
110000355,121,83,38
110000356,618,12,606
110000357,476,11,465
110000361,48,28,20
110000362,82,29,53
110000363,572,70,502
110000364,314,164,150
110000365,213,1,212
110000366,1,76,-75
110000367,402,137,265
110000368,5,36,-31
110000369,92,2,90
110000373,3,188,-185
110000374,176,17,159
110000375,94,658,-564
110000376,16,45,-29
110000377,84,388,-304
110000378,11,382,-371
110000379,1822,1736,86
110000380,46,3,43
110000383,0,902,-902
110000384,843,580,263
110000385,2,194,-192
110000387,100,4,96
110000388,45,134,-89
110000389,859,9,850
110000391,872,189,683
110000396,171,57,114
110000397,161,74,87
110000398,2,16,-14
110000399,122,1,121
110000587,174,88,86
110000589,167,69,98
110000640,169,27,142
110000652,22,306,-284
110000653,301,278,23
110000654,19,628,-609
110000656,0,233,-233
110000674,40,23,17
110000675,23,19,4
110000676,0,27,-27
110000679,133,1176,-1043
110000682,77,188,-111
110000683,231,371,-140
110000684,2,18,-16
110000685,12,11,1
110000686,0,42,-42
110000687,29,4,25
110000688,42,1075,-1033
110000689,31,20,11
110000692,24,88,-64
110000693,27,169,-142
110000694,0,108,-108
110000695,280,451,-171
110000696,46,34,12
110900001,255,25,230
110900002,493,192,301
110900003,946,270,676
110900004,518,103,415
110900005,1467,2640,-1173
110900006,38,19,19
110900007,146,43,103
110900008,7,21,-14
110900009,462,184,278
110900010,19,42,-23
110900011,34,52,-18
110900012,40,75,-35
110900013,952,84,868
110900014,379,16,363
110900015,296,770,-474
110900016,64,90,-26
110900017,504,29,475
110900018,477,34,443
110900019,286,39,247
110900020,120,112,8
110900021,72,302,-230
110900022,84,131,-47
110900023,78,345,-267
110900024,26,196,-170
110900025,2,17,-15
110900027,40,208,-168
110900028,33,84,-51
110900029,14,138,-124
110900030,59,152,-93
110900031,0,96,-96
110900032,0,39,-39
110900033,46,157,-111
110900035,8,464,-456
110900036,92,23,69
110900037,88,15,73
110900038,538,146,392
110900039,8,253,-245
110900040,248,34,214
110900041,28,51,-23
110900042,141,43,98
110900043,9,40,-31
110900044,169,14,155
110900045,55,204,-149
110900046,16,137,-121
110900047,268,272,-4
110900049,100,83,17
110900050,19,1,18
110900051,20,132,-112
110900052,3,94,-91
110900053,88,25,63
110900054,52,130,-78
110900055,19,1,18
110900056,15,78,-63
110900057,4,57,-53
110900058,233,106,127
110900059,448,226,222
110900060,473,110,363
110900061,19,18,1
110900062,136,113,23
110900063,29,278,-249
110900064,18,0,18
110900065,154,82,72
110900066,5,85,-80
110900067,148,559,-411
110900068,178,177,1
110900069,7,20,-13
110900070,74,55,19
110900071,139,751,-612
110900073,0,17,-17
110900074,501,139,362
110900075,435,76,359
110900077,1019,396,623
110900078,56,23,33
110900079,1334,1144,190
110900080,178,53,125
110900081,13,21,-8
110900082,147,77,70
110900083,129,46,83
110900084,47,31,16
110900085,39,184,-145
110900086,68,427,-359
110900087,347,70,277
110900088,15,0,15
110900090,40,44,-4
110900091,0,35,-35
110900093,216,85,131
110900095,50,44,6
110900097,19,12,7
110900098,35,58,-23
110900099,48,230,-182
110900100,0,20,-20
110900102,65,5,60
110900105,738,166,572
110900108,26,41,-15
110900111,371,241,130
110900112,859,6,853
110900113,278,62,216
110900115,14,42,-28
110900116,927,894,33
110900118,60,3163,-3103
110900119,1556,202,1354
110900120,25,30,-5
110900121,174,1,173
110900122,479,144,335
110900125,426,415,11
110900127,462,1245,-783
110900128,211,238,-27
110900129,221,1005,-784
110900130,505,417,88
110900131,507,74,433
110900132,395,72,323
110900133,325,97,228
110900135,53,192,-139
110900136,393,20,373
110900137,39,3,36
110900138,420,305,115
110900139,7,113,-106
110900140,29,5,24
110900141,4,191,-187
110900142,67,87,-20
110900143,184,55,129
110900144,2,328,-326
110900145,217,56,161
110900146,154,225,-71
110900147,52,218,-166
110900148,4,144,-140
110900149,6,57,-51
110900150,84,9,75
110900151,9,37,-28
110900152,16,92,-76
110900153,176,45,131
111000001,281,188,93
111000002,211,377,-166
111000003,1143,607,536
111000004,401,581,-180
111000005,1409,1206,203
111000006,752,1378,-626
111000007,4013,3031,982
111000008,1548,2780,-1232
111000009,358,603,-245
111000010,939,235,704
111000011,139,723,-584
111000012,187,322,-135
111000013,338,621,-283
111000014,996,432,564
111000017,130,844,-714
111000018,155,294,-139
111000020,801,1381,-580
111000021,66,101,-35
111000023,100,77,23
111000025,2965,3315,-350
111000029,67,119,-52
111000030,37,88,-51
111000031,1808,1091,717
111000032,487,300,187
111000033,220,236,-16
111000034,102,255,-153
111000037,977,481,496
111000038,2762,1554,1208
111000039,1633,1541,92
111000040,1489,1385,104
111000041,955,974,-19
111000042,1726,1642,84
111000043,1665,3477,-1812
111000044,1615,1002,613
111000045,2541,2102,439
111000046,1781,1541,240
111000047,2536,4274,-1738
111000049,400,395,5
111000050,915,742,173
111000051,564,763,-199
111000052,612,1225,-613
111000053,320,595,-275
111000054,309,571,-262
111000055,800,1102,-302
111000056,175,284,-109
111000057,115,273,-158
111000058,496,55,441
111000059,765,238,527
111000060,3942,676,3266
111000061,640,228,412
111000062,859,317,542
111000063,1894,989,905
111000064,840,506,334
111000065,1211,815,396
111000066,511,337,174
111000067,578,367,211
111000068,571,660,-89
111000069,1392,1579,-187
111000070,474,514,-40
111000071,149,380,-231
111000072,973,352,621
111000073,276,595,-319
111000074,1321,1298,23
111000075,807,415,392
111000076,540,442,98
111000077,1411,1264,147
111000078,2511,1105,1406
111000079,912,496,416
111000080,423,455,-32
111000081,1142,2959,-1817
111000082,668,384,284
111000084,741,444,297
111000085,609,727,-118
111000086,1553,665,888
111000087,604,321,283
111000088,3466,2330,1136
111000089,661,591,70
111000090,609,1110,-501
111000091,716,275,441
111000092,1449,590,859
111000093,850,1054,-204
111000094,1832,827,1005
111000095,540,1985,-1445
111000096,1006,7154,-6148
111000097,2605,991,1614
111000098,496,712,-216
111000099,458,1016,-558
111000100,366,742,-376
111000101,292,416,-124
111000102,258,432,-174
111000104,680,149,531
111000107,136,744,-608
111000109,1061,205,856
111000110,1456,503,953
111000111,2817,443,2374
111000112,1952,545,1407
111000113,759,1578,-819
111000114,1251,3399,-2148
111000115,3523,1010,2513
111000116,865,725,140
111000117,305,705,-400
111000118,1222,577,645
111000119,1205,605,600
111000120,493,481,12
111000121,264,585,-321
111000122,496,814,-318
111000123,947,1465,-518
111000124,407,1314,-907
111000125,228,710,-482
111000126,84,527,-443
111000127,965,97,868
111000128,2251,242,2009
111000129,2928,355,2573
111000130,2378,482,1896
111000131,2236,401,1835
111000132,1819,949,870
111000133,180,77,103
111000134,144,92,52
111000135,68,120,-52
111000136,359,220,139
111000138,28,4,24
111000140,1,4,-3
111000141,152,277,-125
111000142,6,210,-204
111000143,2,315,-313
111000144,23,1181,-1158
111000145,205,10,195
111000146,124,8,116
111000147,110,34,76
111000148,140,95,45
111000149,1,23,-22
111000150,18,3,15
111000151,2,16,-14
111000153,463,684,-221
111000154,427,149,278
111000155,93,140,-47
111000156,435,590,-155
111000157,207,807,-600
111000158,719,577,142
111000159,2486,669,1817
111000160,500,303,197
111000161,6,379,-373
111000162,28,106,-78
111000163,681,556,125
111000164,420,1974,-1554
111000165,614,346,268
111000166,999,248,751
111000167,105,276,-171
111000168,167,327,-160
111000169,218,468,-250
111000170,292,264,28
111000171,366,333,33
111000172,157,186,-29
111000173,271,328,-57
111000174,186,129,57
111000175,49,223,-174
111000176,347,62,285
111000177,437,98,339
111000178,1351,157,1194
111000179,334,92,242
111000180,274,362,-88
111000181,1542,168,1374
111000182,210,172,38
111000183,267,207,60
111000184,306,156,150
111000185,292,236,56
111000186,287,153,134
111000187,153,117,36
111000188,318,251,67
111000189,543,384,159
111000190,162,179,-17
111000191,128,160,-32
111000192,197,248,-51
111000193,210,171,39
111000194,33,157,-124
111000195,95,162,-67
111000196,81,90,-9
111000197,354,77,277
111000198,403,57,346
111000199,205,84,121
111000200,550,197,353
111000201,752,155,597
111000202,328,116,212
111000203,330,237,93
111000204,313,908,-595
111000213,149,359,-210
111000214,1126,892,234
111000215,883,793,90
111000217,1355,670,685
111000218,1142,832,310
111000219,281,153,128
111000220,792,589,203
111000221,316,119,197
111000224,2,170,-168
111000225,212,42,170
111000226,56,2,54
111000227,18,0,18
111000228,21,485,-464
111000229,39,1183,-1144
111000230,297,190,107
111000231,1073,276,797
111000232,688,532,156
111000233,1320,444,876
111000234,187,509,-322
111000239,57,75,-18
111000240,71,210,-139
111000241,52,184,-132
111000242,192,46,146
111000243,120,255,-135
111000244,616,63,553
111000245,993,218,775
111000246,611,180,431
111000247,501,430,71
111000248,653,293,360
111000249,500,361,139
111000250,67,56,11
111000251,57,54,3
111000253,10,14,-4
111000255,24,9,15
111000257,9,15,-6
111000260,81,750,-669
111000261,1462,87,1375
111000271,35,176,-141
111000273,2035,813,1222
111000274,1047,1828,-781
111000275,142,26,116
111000276,247,887,-640
111000277,201,230,-29
111000278,569,199,370
111000291,685,6777,-6092
111000298,589,137,452
111000299,673,183,490
111000300,90,368,-278
111000302,309,55,254
111000303,42,137,-95
111000312,40,54,-14
111000315,1,17,-16
111000320,184,447,-263
111000321,373,146,227
111000322,293,244,49
111000323,306,27,279
111000324,286,122,164
111000325,51,56,-5
111000326,237,184,53
111000327,326,190,136
111000328,242,339,-97
111000329,0,15,-15
111000330,59,4,55
111000331,17,8,9
111000332,530,897,-367
111000334,287,716,-429
111000335,994,205,789
111000337,1558,235,1323
111000338,63,62,1
111000339,863,127,736
111000340,116,381,-265
111000341,1185,607,578
111000342,85,819,-734
111000344,1054,517,537
111000345,191,84,107
111000346,19,174,-155
111000347,182,11,171
111000350,112,70,42
111000351,118,175,-57
111000352,198,75,123
111000353,137,145,-8
111000354,652,103,549
111000355,388,341,47
111000358,184,459,-275
111000360,207,256,-49
111000361,163,122,41
111000546,806,388,418
111000547,472,217,255
111000548,155,270,-115
111000549,362,169,193
111000550,38,758,-720
111000551,398,124,274
111000552,593,143,450
111000907,152,17,135
111000908,19,0,19
111000916,2090,175,1915
111000917,30,295,-265
111000918,245,319,-74
111000920,584,21,563
111000921,5,86,-81
111000922,632,180,452
111000924,47,349,-302
111000925,2490,1678,812
111000926,840,798,42
111000927,2456,3900,-1444
111000928,3583,1954,1629
111000929,1836,1159,677
111000930,807,1385,-578
111000931,2411,2507,-96
111000932,2927,1457,1470
111000933,2871,2351,520
111000934,1132,2119,-987
111000935,1659,773,886
111000936,972,1189,-217
111000937,1023,1096,-73
111000938,1036,745,291
111000939,743,24,719
111000940,557,52,505
111000941,433,207,226
111000943,661,201,460
111000944,142,156,-14
111000945,90,755,-665
111001109,482,546,-64
111001110,172,267,-95
111001111,75,7,68
111001112,89,8,81
111001113,0,95,-95
111001114,515,108,407
111001115,13,521,-508
111001116,2330,4279,-1949
111001117,347,2318,-1971
111001120,87,117,-30
111001121,83,138,-55
111001122,17,101,-84
111900001,25,63,-38
111900002,41,337,-296
111900003,7,176,-169
111900004,26,57,-31
111900006,20,51,-31
111900007,162,3,159
111900008,299,2,297
111900009,307,99,208
111900010,231,290,-59
111900012,39,55,-16
111900013,20,31,-11
111900014,2464,4866,-2402
111900015,1,51,-50
111900016,0,45,-45
111900017,1,87,-86
111900018,145,1,144
111900019,3,113,-110
111900020,2,40,-38
111900021,17,47,-30
111900022,28,34,-6
111900023,81,55,26
111900024,0,41,-41
111900025,0,29,-29
111900026,0,26,-26
111900027,1,62,-61
111900028,0,140,-140
111900029,9,45,-36
111900030,27,220,-193
111900031,1,10,-9
111900032,5,163,-158
111900033,4,46,-42
111900034,152,247,-95
111900035,76,142,-66
111900036,0,106,-106
111900038,188,326,-138
111900039,40,211,-171
111900040,2,216,-214
111900042,10,92,-82
111900043,1,141,-140
111900044,137,157,-20
111900046,18,88,-70
111900048,330,294,36
111900049,36,134,-98
111900050,126,40,86
111900051,1,90,-89
111900052,157,248,-91
111900053,494,2027,-1533
111900054,157,9,148
111900055,10,141,-131
111900056,123,345,-222
111900057,190,22,168
111900058,677,306,371
111900059,859,661,198
111900060,419,1,418
111900061,3,115,-112
111900062,53,81,-28
111900063,357,247,110
111900064,41,115,-74
111900065,167,34,133
111900066,170,148,22
111900067,0,229,-229
111900068,54,50,4
111900069,87,36,51
111900070,207,90,117
111900071,1,94,-93
111900072,42,18,24
111900073,1141,173,968
111900074,23,129,-106
111900075,70,12,58
111900076,271,100,171
111900077,33,3,30
111900078,426,34,392
111900079,84,47,37
111900080,134,252,-118
111900081,459,208,251
111900082,248,38,210
111900083,172,14,158
111900084,118,6,112
111900085,44,157,-113
111900086,61,12,49
111900087,95,0,95
111900088,657,10,647
111900089,169,5,164
111900090,50,76,-26
111900091,334,2,332
111900092,111,0,111
111900093,535,10,525
111900094,177,0,177
111900095,311,50,261
111900096,259,4,255
111900097,72,0,72
111900098,381,8,373
111900099,88,0,88
111900100,236,10,226
111900101,93,21,72
111900102,783,280,503
111900103,74,75,-1
111900104,137,46,91
111900105,290,370,-80
111900106,687,50,637
111900107,73,93,-20
111900108,111,190,-79
111900109,256,507,-251
111900110,1129,350,779
111900111,181,69,112
111900112,311,3479,-3168
111900113,132,77,55
111900114,105,73,32
111900115,12,21,-9
111900118,253,117,136
111900119,323,228,95
111900122,108,107,1
111900123,8,27,-19
111900124,25,42,-17
111900125,704,69,635
111900126,372,1,371
111900127,1,273,-272
111900128,4,227,-223
111900129,414,5,409
111900130,242,61,181
111900131,607,2,605
111900132,8,422,-414
111900133,7,154,-147
111900134,10,123,-113
111900135,17,54,-37
111900136,65,149,-84
111900137,58,33,25
111900138,7,27,-20
111900139,24,58,-34
111900140,66,38,28
111900141,69,10,59
111900142,110,11,99
111900143,49,90,-41
111900144,1,57,-56
111900145,2,206,-204
111900146,1,139,-138
111900147,80,200,-120
111900148,14,347,-333
111900149,9,152,-143
111900150,23,130,-107
111900151,2,18,-16
111900152,59,68,-9
111900153,737,757,-20
111900154,14,358,-344
111900155,53,128,-75
111900156,66,106,-40
111900157,157,39,118
111900158,587,102,485
111900159,389,36,353
111900160,497,0,497
111900161,322,3,319
111900162,103,186,-83
111900163,13,153,-140
111900164,64,87,-23
111901113,722,68,654
111901114,360,141,219
111901115,92,2,90
111901116,47,4,43
111901117,46,51,-5
111901118,24,345,-321
111901119,325,53,272
111901120,57,93,-36
111901121,98,115,-17
111901122,6,205,-199
111901123,307,164,143
111901124,249,3,246
111901125,338,89,249
111901126,166,91,75
111901127,262,766,-504
111901128,5,54,-49
111901129,1,60,-59
111901130,4,100,-96
111901131,3,146,-143
111901132,69,36,33
111901133,50,2,48
111901134,104,3,101
111901135,40,11,29
111901136,25,36,-11
111901137,0,35,-35
111901138,108,20,88
111901139,22,20,2
111901140,6,38,-32
111901141,4,72,-68
111901142,1,52,-51
111901143,1,47,-46
111901144,29,34,-5
112000001,1946,655,1291
112000002,584,1464,-880
112000003,1848,1007,841
112000004,658,410,248
112000005,3786,3497,289
112000006,1499,939,560
112000007,3902,2403,1499
112000008,2193,3527,-1334
112000009,2066,1549,517
112000010,2713,3084,-371
112000011,1042,1002,40
112000012,3608,4680,-1072
112000013,2367,2605,-238
112000014,1963,2735,-772
112000015,2696,3006,-310
112000016,2999,1738,1261
112000017,1174,3126,-1952
112000024,1490,586,904
112000026,1837,2123,-286
112000027,808,644,164
112000028,741,935,-194
112000029,667,854,-187
112000030,105,49,56
112000031,1298,4401,-3103
112000032,155,40,115
112000033,1287,2197,-910
112000034,168,48,120
112000035,73,458,-385
112000036,420,1002,-582
112000037,826,661,165
112000038,1063,1035,28
112000039,122,102,20
112000040,62,132,-70
112000041,283,295,-12
112000042,753,356,397
112000050,1076,1141,-65
112000051,1017,1266,-249
112000054,1206,989,217
112000057,459,279,180
112000058,235,510,-275
112000059,358,646,-288
112000061,1924,1166,758
112000062,893,1003,-110
112000063,524,2169,-1645
112000064,2181,3530,-1349
112000065,977,1440,-463
112000066,3210,1463,1747
112000067,542,481,61
112000068,2900,2417,483
112000069,455,1363,-908
112000070,2104,871,1233
112000071,928,1722,-794
112000072,2806,871,1935
112000073,1433,1634,-201
112000074,1507,1021,486
112000075,1379,1136,243
112000076,2715,1867,848
112000077,782,381,401
112000078,1775,541,1234
112000079,1305,991,314
112000080,813,478,335
112000081,1040,1808,-768
112000082,1245,548,697
112000083,527,754,-227
112000084,1465,542,923
112000085,1230,623,607
112000086,1625,691,934
112000087,599,223,376
112000088,762,266,496
112000089,251,195,56
112000090,177,153,24
112000091,459,632,-173
112000092,2113,810,1303
112000093,1189,559,630
112000094,779,654,125
112000095,561,557,4
112000096,551,490,61
112000097,1647,664,983
112000098,697,500,197
112000099,847,1814,-967
112000100,2284,593,1691
112000101,504,555,-51
112000102,1883,346,1537
112000103,412,578,-166
112000105,440,701,-261
112000106,1904,257,1647
112000107,19,174,-155
112000108,210,836,-626
112000109,79,61,18
112000110,1458,398,1060
112000111,598,2581,-1983
112000112,2832,504,2328
112000113,586,1080,-494
112000114,2317,768,1549
112000115,312,280,32
112000116,704,785,-81
112000117,1000,571,429
112000118,818,490,328
112000119,405,435,-30
112000120,63,192,-129
112000121,153,230,-77
112000122,300,126,174
112000123,840,103,737
112000124,406,82,324
112000125,174,192,-18
112000126,331,244,87
112000127,1508,2253,-745
112000128,384,604,-220
112000129,99,73,26
112000130,235,100,135
112000131,48,148,-100
112000132,182,146,36
112000133,441,122,319
112000134,349,236,113
112000135,1710,625,1085
112000136,1024,986,38
112000137,1507,1626,-119
112000138,1013,763,250
112000139,608,584,24
112000140,480,824,-344
112000141,924,317,607
112000142,117,247,-130
112000143,994,168,826
112000144,209,566,-357
112000145,2664,422,2242
112000146,370,954,-584
112000147,2364,1389,975
112000148,1074,1174,-100
112000149,603,306,297
112000150,215,385,-170
112000151,272,169,103
112000152,404,239,165
112000153,140,137,3
112000154,90,224,-134
112000155,149,101,48
112000157,444,435,9
112000158,265,219,46
112000159,778,259,519
112000167,435,112,323
112000169,226,294,-68
112000173,937,213,724
112000175,371,225,146
112000176,1253,1413,-160
112000177,1015,249,766
112000178,84,187,-103
112000179,249,54,195
112000180,258,243,15
112000181,1198,1080,118
112000182,1607,752,855
112000183,16,19,-3
112000184,434,170,264
112000185,643,310,333
112000187,4564,2877,1687
112000195,170,12,158
112000196,283,0,283
112000197,233,284,-51
112000198,25,289,-264
112000199,82,511,-429
112000202,457,6,451
112000216,57,195,-138
112000230,107,4,103
112000231,2,132,-130
112000256,53,216,-163
112000313,39,96,-57
112000314,64,22,42
112000337,191,453,-262
112000352,142,360,-218
112000392,1134,1138,-4
112000398,1657,695,962
112000399,1396,2414,-1018
112000400,1305,1320,-15
112000401,1865,1191,674
112000402,3376,3558,-182
112000403,1479,2731,-1252
112000404,1271,898,373
112000405,2362,2832,-470
112000406,2250,1288,962
112000407,7955,8081,-126
112000408,5463,3064,2399
112000409,1289,2241,-952
112000410,520,350,170
112000411,2040,1749,291
112000412,957,465,492
112000413,4655,6745,-2090
112000414,95,46,49
112000415,83,40,43
112000416,2811,1071,1740
112000417,333,80,253
112000421,50,64,-14
112000422,320,150,170
112000424,1097,2700,-1603
112000425,324,311,13
112000426,163,247,-84
112000427,2,10,-8
112000428,286,135,151
112000429,1713,1375,338
112000430,2196,2175,21
112000431,92,113,-21
112000432,626,484,142
112000433,233,630,-397
112000437,47,104,-57
112900001,111,0,111
112900002,610,491,119
112900003,66,149,-83
112900004,72,128,-56
112900005,343,114,229
112900006,25,173,-148
112900007,77,159,-82
112900008,0,45,-45
112900009,385,148,237
112900010,440,435,5
112900011,75,136,-61
112900012,2,21,-19
112900013,10,188,-178
112900014,6,166,-160
112900015,295,464,-169
112900016,9,178,-169
112900017,49,135,-86
112900018,0,122,-122
112900019,17,136,-119
112900020,299,797,-498
112900021,2,110,-108
112900022,16,60,-44
112900023,1,55,-54
112900024,13,159,-146
112900025,103,210,-107
112900026,5,95,-90
112900027,63,496,-433
112900028,24,81,-57
112900029,25,276,-251
112900030,43,86,-43
112900031,6,205,-199
112900032,214,135,79
112900034,2,31,-29
112900035,2,191,-189
112900036,46,107,-61
112900037,138,208,-70
112900038,783,103,680
112900039,11,156,-145
112900040,6,371,-365
112900041,509,1297,-788
112900042,54,133,-79
112900043,72,53,19
112900044,331,356,-25
112900045,172,221,-49
112900046,106,67,39
112900047,6,12,-6
112900049,321,66,255
112900050,37,395,-358
112900051,188,299,-111
112900052,6,356,-350
112900053,190,98,92
112900054,125,48,77
112900055,100,40,60
112900056,387,235,152
112900057,22,213,-191
112900058,327,362,-35
112900059,95,105,-10
112900060,33,87,-54
112900061,127,60,67
112900062,56,52,4
112900063,42,20,22
112900064,81,197,-116
112900065,30,30,0
112900066,308,264,44
112900067,181,97,84
112900068,50,69,-19
112900069,931,744,187
112900071,30,4,26
112900072,85,2235,-2150
112900073,409,160,249
112900074,142,343,-201
112900075,682,917,-235
112900076,72,60,12
112900078,320,435,-115
112900079,271,25,246
112900080,85,8,77
112900081,55,231,-176
112900082,652,40,612
112900083,165,100,65
112900084,273,166,107
112900085,1,9,-8
112900086,92,0,92
112900087,853,145,708
112900088,189,21,168
112900089,1242,43,1199
112900090,97,59,38
112900091,304,13,291
112900092,99,333,-234
112900093,1237,32,1205
112900094,102,6,96
112900095,50,0,50
112900096,619,194,425
112900097,103,244,-141
112900098,339,13,326
112900099,1023,38,985
112900100,87,4,83
112900101,460,9,451
112900102,96,4,92
112900103,254,4,250
112900104,33,1,32
112900105,17,0,17
112900106,327,122,205
112900107,6,3,3
112900108,4,1,3
112900109,141,1,140
112900110,1652,17,1635
112900111,753,5,748
112900112,400,0,400
112900113,1,9,-8
112900114,167,18,149
112900115,1868,4,1864
112900116,132,39,93
112900117,49,35,14
112900118,11,64,-53
112900119,181,5,176
112900120,521,181,340
112900121,73,111,-38
112900122,13,58,-45
112900123,98,24,74
112900124,14,66,-52
112900125,65,488,-423
112900126,141,124,17
112900127,356,87,269
112900128,127,485,-358
112900129,1,499,-498
112900130,151,99,52
112900131,27,229,-202
112900132,78,247,-169
112900133,16,677,-661
112900134,0,165,-165
112900135,89,29,60
112900136,2,24,-22
112900137,1,236,-235
112900138,3,128,-125
112900139,128,817,-689
112900140,0,38,-38
112900141,1027,61,966
112900142,57,218,-161
112900143,16,280,-264
112900144,1,125,-124
112900145,14,392,-378
112900146,5,495,-490
112900147,5,625,-620
112900148,57,2,55
112900149,363,363,0
112900151,7,37,-30
112900152,2100,517,1583
112900153,1154,2537,-1383
112900154,3,47,-44
112900155,188,52,136
112900156,442,566,-124
112900157,309,6,303
112900158,91,14,77
112900159,233,168,65
112900160,66,197,-131
112900161,146,61,85
112900162,31,14,17
112900163,52,50,2
112900164,29,213,-184
112900165,93,39,54
112900166,14,92,-78
112900167,2,132,-130
112900168,1,5,-4
112900169,22,15,7
112900170,321,220,101
112900172,42,16,26
112900173,146,83,63
112900174,292,51,241
112900175,112,186,-74
112900176,24,31,-7
112900177,206,42,164
112900178,801,2523,-1722
112900179,27,250,-223
112900180,1824,853,971
112900181,682,4,678
112900182,57,478,-421
112900183,91,318,-227
112900184,329,549,-220
112900185,170,731,-561
112900186,838,1099,-261
112900187,70,508,-438
112900188,691,1190,-499
112900189,31,18,13
112900190,21,18,3
112900192,670,864,-194
112900193,1285,415,870
112900194,72,37,35
112900195,1149,88,1061
112900196,222,306,-84
112900197,150,257,-107
112900199,689,313,376
112900200,560,158,402
112900201,190,96,94
112900202,474,461,13
112900203,295,164,131
112900204,643,563,80
112900205,17,5,12
112900206,30,65,-35
112900207,16,0,16
112900208,85,293,-208
112900209,254,239,15
112900210,0,17,-17
112900211,100,15,85
112900212,0,43,-43
112900213,38,5,33
112900214,11,8,3
112900215,35,82,-47
112900216,20,51,-31
112900217,0,50,-50
112900218,121,20,101
112900219,121,12,109
112900220,1,0,1
112900221,50,124,-74
112900222,0,39,-39
112900223,1220,26,1194
112900224,482,256,226
112900225,525,231,294
112900226,184,389,-205
112900227,820,547,273
112900228,51,48,3
112900229,328,15,313
112900230,5122,3644,1478
112900232,300,328,-28
112900233,78,89,-11
112900234,32,28,4
112900235,69,11,58
112900236,397,9,388
112900237,349,227,122
112900238,11,8,3
113000001,5756,4117,1639
113000002,3119,2556,563
113000003,1425,1229,196
113000004,1203,1897,-694
113000005,1643,789,854
113000006,923,1093,-170
113000007,2006,871,1135
113000008,1435,1096,339
113000009,1158,542,616
113000010,1142,807,335
113000011,695,915,-220
113000012,1839,513,1326
113000013,944,574,370
113000014,820,1028,-208
113000015,241,164,77
113000016,198,749,-551
113000017,95,255,-160
113000018,361,48,313
113000019,281,275,6
113000020,487,56,431
113000021,1155,373,782
113000022,633,868,-235
113000025,90,215,-125
113000026,483,375,108
113000027,557,616,-59
113000028,672,768,-96
113000029,744,515,229
113000030,299,487,-188
113000031,140,222,-82
113000032,200,242,-42
113000033,203,346,-143
113000034,194,268,-74
113000035,44,49,-5
113000036,22,62,-40
113000037,55,31,24
113000038,14,67,-53
113000039,67,215,-148
113000040,42,70,-28
113000042,529,457,72
113000051,867,1867,-1000
113000052,1759,486,1273
113000053,443,247,196
113000054,339,565,-226
113000055,1226,358,868
113000056,1087,563,524
113000058,501,652,-151
113000059,908,355,553
113000060,266,377,-111
113000061,387,615,-228
113000062,424,313,111
113000063,238,48,190
113000064,45,189,-144
113000065,145,386,-241
113000066,818,77,741
113000067,2753,842,1911
113000068,358,580,-222
113000069,471,553,-82
113000070,3042,831,2211
113000071,472,399,73
113000072,956,341,615
113000073,351,1004,-653
113000074,913,456,457
113000075,1469,806,663
113000076,571,1587,-1016
113000077,798,532,266
113000078,483,2021,-1538
113000079,447,705,-258
113000080,394,671,-277
113000081,661,762,-101
113000082,889,708,181
113000083,524,722,-198
113000084,1417,990,427
113000085,714,533,181
113000086,871,942,-71
113000087,704,638,66
113000088,1839,1194,645
113000089,738,1254,-516
113000090,267,620,-353
113000091,312,305,7
113000094,1345,182,1163
113000095,186,450,-264
113000096,87,525,-438
113000097,934,346,588
113000098,90,40,50
113000099,972,415,557
113000100,102,261,-159
113000101,290,504,-214
113000102,632,521,111
113000103,1386,267,1119
113000104,401,1686,-1285
113000105,748,402,346
113000106,252,372,-120
113000107,795,600,195
113000108,536,613,-77
113000109,473,1014,-541
113000110,1752,396,1356
113000111,116,431,-315
113000112,253,179,74
113000113,938,215,723
113000114,220,1148,-928
113000116,484,282,202
113000117,790,71,719
113000118,53,461,-408
113000119,311,263,48
113000120,52,236,-184
113000121,440,846,-406
113000124,207,76,131
113000125,46,815,-769
113000127,1374,209,1165
113000128,450,374,76
113000129,483,656,-173
113000133,1445,1268,177
113000134,11,1370,-1359
113000135,3525,4928,-1403
113000137,1097,3375,-2278
113000139,247,218,29
113000140,66,199,-133
113000141,150,148,2
113000142,274,897,-623
113000143,181,126,55
113000144,169,355,-186
113000145,116,79,37
113000146,136,33,103
113000147,230,93,137
113000148,209,114,95
113000149,123,165,-42
113000150,570,208,362
113000151,42,38,4
113000152,44,90,-46
113000153,962,428,534
113000154,609,1256,-647
113000155,312,633,-321
113000156,133,274,-141
113000157,190,553,-363
113000158,633,173,460
113000159,934,384,550
113000160,420,642,-222
113000161,215,255,-40
113000162,952,308,644
113000163,135,28,107
113000164,5,66,-61
113000166,183,73,110
113000167,62,51,11
113000168,69,93,-24
113000169,248,59,189
113000170,74,103,-29
113000171,31,68,-37
113000172,250,42,208
113000173,58,20,38
113000174,87,256,-169
113000175,374,67,307
113000176,369,105,264
113000177,112,333,-221
113000178,142,222,-80
113000179,282,177,105
113000180,625,879,-254
113000181,898,543,355
113000182,108,374,-266
113000183,78,438,-360
113000184,29,84,-55
113000189,263,668,-405
113000190,381,345,36
113000192,669,2677,-2008
113000193,2000,1860,140
113000194,731,763,-32
113000195,1302,1303,-1
113000196,180,59,121
113000197,1368,1233,135
113000198,100,150,-50
113000199,1356,305,1051
113000201,211,216,-5
113000202,3621,910,2711
113000203,103,109,-6
113000204,625,2102,-1477
113000205,13,27,-14
113000206,7,26,-19
113000207,81,19,62
113000208,44,43,1
113000209,27,11,16
113000210,6,15,-9
113000211,75,168,-93
113000212,60,38,22
113000213,18,131,-113
113000214,145,239,-94
113000234,169,444,-275
113000410,76,239,-163
113000411,1648,3208,-1560
113000412,3548,1610,1938
113000413,1153,2394,-1241
113000414,2911,11084,-8173
113000415,1652,1972,-320
113000416,4152,2874,1278
113000417,1914,2133,-219
113000418,3667,3407,260
113000419,1672,2100,-428
113000420,3311,5866,-2555
113000421,3534,6641,-3107
113000422,7961,9860,-1899
113000423,1462,5028,-3566
113000424,1954,7530,-5576
113000425,9,66,-57
113000428,11,9,2
113000430,5,63,-58
113000432,2381,128,2253
113000433,68,482,-414
113000434,10,70,-60
113000435,17,270,-253
113000436,25,604,-579
113000437,1288,10,1278
113000438,284,6,278
113000439,22,35,-13
113000440,148,19,129
113000441,212,109,103
113000442,112,65,47
113000443,285,88,197
113000444,234,66,168
113000445,93,49,44
113000446,34,63,-29
113000448,161,184,-23
113000449,95,477,-382
113000450,476,1473,-997
113000451,930,183,747
113000452,174,293,-119
113000453,26,363,-337
113000454,348,34,314
113000455,1,302,-301
113000456,2171,2274,-103
113000468,739,105,634
113000469,59,177,-118
113000470,270,14,256
113000471,10,243,-233
113000472,121,206,-85
113000474,690,469,221
113000475,1142,1137,5
113000476,1605,1482,123
113000477,3336,1377,1959
113000478,2794,2722,72
113000479,75,59,16
113000480,87,265,-178
113000482,0,0,0
113000484,0,0,0
113000485,0,0,0
113000486,0,0,0
113000487,0,0,0
113000489,0,2,-2
113000490,0,0,0
113000491,0,0,0
113000492,1,0,1
113000493,2,0,2
113000495,82,65,17
113000496,69,68,1
113000498,0,0,0
113000499,0,0,0
113000500,0,0,0
113900001,4,311,-307
113900002,1,39,-38
113900003,1,38,-37
113900004,0,42,-42
113900005,0,67,-67
113900006,0,5,-5
113900007,26,13,13
113900008,13,0,13
113900009,39,0,39
113900010,44,1,43
113900011,58,2,56
113900012,31,0,31
113900013,110,1,109
113900014,570,7,563
113900015,1,29,-28
113900016,27,0,27
113900017,5,32,-27
113900018,272,297,-25
113900019,218,62,156
113900020,186,0,186
113900022,55,1,54
113900023,29,0,29
113900024,30,31,-1
113900025,212,14,198
113900026,64,0,64
113900027,5,26,-21
113900028,34,220,-186
113900029,63,106,-43
113900030,222,2,220
113900031,20,3,17
113900032,76,0,76
113900033,46,49,-3
113900035,64,0,64
113900036,21,36,-15
113900037,161,263,-102
113900038,17,135,-118
113900039,186,20,166
113900040,20,37,-17
113900041,15,0,15
113900042,56,49,7
113900043,139,71,68
113900044,154,360,-206
113900045,69,1,68
113900046,269,441,-172
113900047,65,83,-18
113900048,108,134,-26
113900049,275,350,-75
113900050,277,210,67
113900051,189,189,0
113900052,82,76,6
113900053,655,761,-106
113900054,34,3,31
113900055,83,278,-195
113900056,36,142,-106
113900057,12,41,-29
113900058,89,57,32
113900059,224,215,9
113900060,84,139,-55
113900061,455,180,275
113900062,62,20,42
113900063,104,108,-4
113900064,25,52,-27
113900065,463,21,442
113900066,432,179,253
113900067,253,127,126
113900068,525,515,10
113900069,36,20,16
113900070,133,261,-128
113900071,96,40,56
113900072,54,119,-65
113900073,208,185,23
113900074,163,235,-72
113900075,919,1264,-345
113900076,165,8,157
113900077,65,112,-47
113900078,31,53,-22
113900079,4,27,-23
113900080,662,181,481
113900081,73,93,-20
113900082,118,146,-28
113900083,462,156,306
113900084,241,105,136
113900085,43,144,-101
113900086,48,11,37
113900087,142,131,11
113900088,68,90,-22
113900089,330,42,288
113900090,641,298,343
113900091,21,14,7
113900092,25,67,-42
113900093,46,747,-701
113900094,626,238,388
113900095,123,83,40
113900096,304,69,235
113900097,48,50,-2
113900098,617,100,517
113900099,3,18,-15
113900100,0,7,-7
113900101,7,39,-32
113900102,83,127,-44
113900103,304,276,28
113900104,122,182,-60
113900105,120,60,60
113900106,1,30,-29
113900107,0,16,-16
113900108,153,195,-42
113900109,316,177,139
113900110,50,20,30
113900111,188,49,139
113900112,166,31,135
113900113,1006,379,627
113900114,3,34,-31
113900115,2,29,-27
113900116,84,138,-54
113900117,66,17,49
113900118,208,495,-287
113900119,99,398,-299
113900120,66,38,28
113900121,89,52,37
113900122,341,2144,-1803
113900123,522,153,369
113900124,2,27,-25
113900125,477,90,387
113900126,115,34,81
113900127,322,741,-419
113900128,121,68,53
113900129,6,131,-125
113900130,1,77,-76
113900131,296,74,222
113900132,25,60,-35
113900133,4,54,-50
113900135,215,131,84
113900136,102,50,52
113900137,287,211,76
113900138,46,233,-187
113900139,156,227,-71
113900140,98,321,-223
113900141,646,180,466
113900142,154,43,111
113900143,7,68,-61
113900144,79,201,-122
113900145,349,100,249
113900146,176,32,144
113900148,76,365,-289
113900149,131,106,25
113900150,279,392,-113
113900151,422,116,306
113900152,42,48,-6
113900153,105,689,-584
113900154,2,91,-89
113900155,145,192,-47
113900156,160,260,-100
113900157,50,278,-228
113900158,182,422,-240
113900159,8,217,-209
113900160,381,245,136
113900161,75,201,-126
113900162,228,712,-484
113900163,183,184,-1
113900164,290,22,268
113900165,514,246,268
113900166,82,121,-39
113900167,272,40,232
113900168,74,46,28
113900169,165,238,-73
113900171,299,67,232
113900172,14,63,-49
113900173,19,225,-206
113900174,406,377,29
113900175,343,119,224
113900176,271,311,-40
113900177,276,146,130
113900178,314,109,205
113900179,13,153,-140
113900180,129,51,78
113900181,826,128,698
113900182,629,574,55
113900183,92,37,55
113900184,8,165,-157
113900185,128,47,81
113900186,44,31,13
113900187,34,98,-64
113900188,45,142,-97
113900189,210,111,99
113900190,191,81,110
113900191,99,131,-32
113900192,3,666,-663
113900193,13,113,-100
113900194,920,557,363
113900195,172,218,-46
113900196,4,112,-108
113900197,0,115,-115
113900198,27,169,-142
113900199,56,477,-421
113900200,11,150,-139
113900201,0,90,-90
113900202,15,164,-149
113900203,0,23,-23
113900204,24,324,-300
113900205,5,126,-121
113900206,0,89,-89
113900207,0,26,-26
113900208,1,13,-12
113900209,0,40,-40
113900210,310,645,-335
113900211,203,60,143
113900212,228,245,-17
113900214,217,283,-66
113900215,20,69,-49
113900216,249,372,-123
113900217,107,131,-24
113900218,180,76,104
113900219,76,280,-204
113900220,108,121,-13
113900221,370,273,97
113900222,114,465,-351
113900223,215,333,-118
113900224,35,53,-18
113900225,328,182,146
113900226,330,117,213
113900227,363,227,136
113900228,202,491,-289
113900229,42,731,-689
113900230,2260,3315,-1055
113900231,128,123,5
113900232,130,47,83
113900233,129,52,77
113900234,391,379,12
113900235,104,27,77
113900236,274,172,102
113900237,211,15,196
113900238,216,575,-359
113900239,55,101,-46
113900240,5,236,-231
113900241,81,42,39
113900242,25,96,-71
113900243,60,319,-259
113900244,170,122,48
113900245,675,225,450
113900246,12,26,-14
113900247,85,514,-429
113900248,1428,1995,-567
113900249,472,490,-18
113900250,40,118,-78
113900251,820,120,700
113900252,532,21,511
113900253,692,59,633
113900254,694,154,540
113900255,556,12,544
113900256,298,18,280
113900257,29,188,-159
113900258,27,216,-189
113900259,537,85,452
113900260,243,9,234
113900261,32,48,-16
113900262,89,267,-178
113900263,90,412,-322
113900264,5,198,-193
113900265,115,264,-149
113900266,29,94,-65
113900267,78,421,-343
113900268,298,388,-90
113900269,56,87,-31
113900270,154,535,-381
113900271,571,548,23
113900273,37,15,22
113900274,72,23,49
113900275,12,73,-61
113900276,0,79,-79
113900277,216,9,207
113900278,161,108,53
113900279,51,42,9
113900280,1236,451,785
113900281,406,1171,-765
113900282,488,578,-90
113900283,351,481,-130
113900284,744,83,661
113900285,114,22,92
113900286,72,82,-10
113900287,83,30,53
113900288,2,84,-82
113900289,378,144,234
113900290,138,274,-136
113900291,81,112,-31
113900292,9,3,6
113900293,0,107,-107
113900294,481,12,469
113900295,278,275,3
113900296,1131,346,785
113900297,2646,45,2601
113900298,13,916,-903
113900299,118,39,79
113900300,2831,3479,-648
113900301,546,394,152
113900302,1456,814,642
113900303,292,538,-246
113900304,0,56,-56
113900305,118,0,118
113900306,98,1,97
113900307,13,1,12
113900308,79,86,-7
113900309,0,266,-266
113900310,0,5,-5
113900311,6,0,6
113900312,164,178,-14
113900313,4,6,-2
114000001,815,1739,-924
114000002,301,208,93
114000003,50,182,-132
114000004,102,113,-11
114000005,329,182,147
114000006,1601,1315,286
114000007,632,971,-339
114000008,1123,1688,-565
114000009,899,232,667
114000011,2481,1610,871
114000012,2803,1125,1678
114000013,1745,945,800
114000014,410,156,254
114000015,1913,216,1697
114000016,195,118,77
114000017,110,400,-290
114000018,128,28,100
114000026,2291,768,1523
114000027,3802,1599,2203
114000028,2011,2408,-397
114000038,293,79,214
114000039,66,28,38
114000040,113,176,-63
114000042,196,106,90
114000043,63,46,17
114000044,297,12,285
114000045,46,47,-1
114000046,2199,3393,-1194
114000047,3,64,-61
114000048,85,25,60
114000049,1413,1290,123
114000050,1744,1508,236
114000051,2806,1747,1059
114000052,3947,1616,2331
114000053,113,516,-403
114000054,219,492,-273
114000055,185,34,151
114000056,371,929,-558
114000057,3499,1777,1722
114000058,174,1459,-1285
114000059,106,341,-235
114000060,496,555,-59
114000061,2022,2992,-970
114000062,957,1814,-857
114000063,1231,1088,143
114000064,2491,3195,-704
114000065,1028,1472,-444
114000066,349,478,-129
114000067,34,811,-777
114000068,415,642,-227
114000069,1081,472,609
114000070,1853,1587,266
114000071,849,353,496
114000072,516,171,345
114000073,11,18,-7
114000074,50,15,35
114000075,37,35,2
114000076,11,32,-21
114000077,3,14,-11
114000078,281,324,-43
114000079,186,28,158
114000080,57,81,-24
114000081,54,68,-14
114000082,35,235,-200
114000083,82,134,-52
114000084,394,92,302
114000085,90,282,-192
114000086,210,184,26
114000087,190,83,107
114000088,33,25,8
114000089,359,206,153
114000090,801,852,-51
114000091,1422,763,659
114000092,828,408,420
114000093,1381,603,778
114000094,298,245,53
114000095,194,119,75
114000096,79,208,-129
114000097,73,246,-173
114000098,585,71,514
114000099,803,212,591
114000100,1680,414,1266
114000101,455,248,207
114000102,617,198,419
114000103,99,181,-82
114000104,122,135,-13
114000105,177,78,99
114000106,656,1390,-734
114000107,513,103,410
114000108,606,629,-23
114000109,626,1006,-380
114000110,466,734,-268
114000111,1792,828,964
114000112,274,752,-478
114000113,873,371,502
114000114,871,701,170
114000115,2000,1065,935
114000116,860,2145,-1285
114000117,3552,503,3049
114000118,2895,447,2448
114000119,1957,456,1501
114000120,499,462,37
114000121,312,562,-250
114000122,319,215,104
114000123,2166,292,1874
114000124,1132,224,908
114000125,657,801,-144
114000126,1997,217,1780
114000127,322,138,184
114000128,791,231,560
114000130,397,372,25
114000131,309,121,188
114000132,568,290,278
114000133,943,800,143
114000134,92,41,51
114000138,28,134,-106
114000139,409,227,182
114000144,830,525,305
114000145,86,91,-5
114000146,68,115,-47
114000147,1310,2094,-784
114000148,1319,1748,-429
114000149,314,281,33
114000150,282,450,-168
114000151,519,1225,-706
114000152,123,42,81
114000153,599,1866,-1267
114000154,582,395,187
114000155,1182,2197,-1015
114000156,631,514,117
114000157,198,796,-598
114000158,788,527,261
114000159,118,230,-112
114000160,81,274,-193
114000161,1053,2976,-1923
114000162,917,2607,-1690
114000163,19,65,-46
114000165,525,299,226
114000166,635,422,213
114000167,1897,1217,680
114000168,404,538,-134
114000169,1186,1368,-182
114000170,921,1220,-299
114000171,1106,4247,-3141
114000174,151,334,-183
114000176,261,324,-63
114000177,985,527,458
114000178,49,51,-2
114000179,983,590,393
114000180,273,438,-165
114000181,1609,3993,-2384
114000182,1138,1694,-556
114000183,554,665,-111
114000184,1729,588,1141
114000185,967,634,333
114000189,1356,169,1187
114000190,3145,481,2664
114000191,64,169,-105
114000192,117,724,-607
114000193,378,1184,-806
114000194,1166,537,629
114000195,183,46,137
114000196,0,94,-94
114000197,1639,19,1620
114000198,592,244,348
114000199,1389,1498,-109
114000200,486,860,-374
114000201,151,482,-331
114000202,871,428,443
114000203,426,425,1
114000204,156,269,-113
114000205,184,846,-662
114000206,547,876,-329
114000207,409,885,-476
114000208,364,1282,-918
114000209,412,1057,-645
114000210,169,614,-445
114000211,1068,980,88
114000212,892,693,199
114000213,1267,395,872
114000214,77,100,-23
114000215,227,54,173
114000216,1306,329,977
114000217,430,176,254
114000218,198,158,40
114000219,1034,155,879
114000220,29,424,-395
114000221,840,147,693
114000222,103,451,-348
114000223,491,145,346
114000224,60,328,-268
114000225,242,293,-51
114000226,201,182,19
114000227,708,402,306
114000228,765,408,357
114000229,1279,795,484
114000230,1423,628,795
114000231,935,917,18
114000232,754,115,639
114000233,2018,97,1921
114000234,1031,548,483
114000235,952,762,190
114000236,0,312,-312
114000237,78,451,-373
114000238,124,206,-82
114000239,109,599,-490
114000240,845,739,106
114000241,212,508,-296
114000242,606,517,89
114000243,1482,716,766
114000244,441,229,212
114000245,367,542,-175
114000246,91,56,35
114000247,586,425,161
114000248,1079,457,622
114000249,564,355,209
114000250,564,424,140
114000251,488,152,336
114000252,39,36,3
114000253,47,83,-36
114000254,68,27,41
114000255,457,196,261
114000256,533,2210,-1677
114000257,252,624,-372
114000258,405,165,240
114000259,167,137,30
114000260,2,22,-20
114000261,49,32,17
114000262,385,102,283
114000263,5,0,5
114000264,1476,310,1166
114000265,0,0,0
114000267,4,1361,-1357
114000268,0,734,-734
114000270,93,2,91
114000271,328,31,297
114000283,1210,234,976
114000285,31,93,-62
114000288,54,179,-125
114000289,1503,124,1379
114000293,192,342,-150
114000294,137,198,-61
114000395,1183,27,1156
114000396,700,556,144
114000402,660,211,449
114000403,288,135,153
114000405,217,203,14
114000423,405,204,201
114000424,461,134,327
114000425,984,207,777
114000426,272,700,-428
114000427,54,66,-12
114000428,121,159,-38
114000429,11,87,-76
114000432,85,35,50
114000434,20,33,-13
114000435,1,14,-13
114900001,666,418,248
114900002,484,165,319
114900003,791,575,216
114900004,273,394,-121
114900005,625,362,263
114900006,95,104,-9
114900007,322,24,298
114900008,194,91,103
114900010,1158,1397,-239
114900011,266,130,136
114900013,288,115,173
114900015,83,446,-363
114900018,1017,18,999
114900020,232,95,137
114900021,293,193,100
114900022,0,441,-441
114900024,340,131,209
114900025,526,114,412
114900026,55,172,-117
114900027,184,148,36
114900029,13,19,-6
114900030,342,142,200
114900031,445,31,414
114900032,475,15,460
114900033,514,973,-459
114900034,49,93,-44
114900035,105,190,-85
114900036,154,276,-122
114900037,128,80,48
114900038,165,256,-91
114900039,445,251,194
114900040,71,75,-4
114900041,805,269,536
114900042,986,318,668
114900043,326,164,162
114900044,141,36,105
114900045,133,244,-111
114900046,52,78,-26
114900047,186,2115,-1929
114900048,96,207,-111
114900049,4,61,-57
114900050,56,169,-113
114900051,14,209,-195
114900052,101,260,-159
114900053,128,210,-82
114900054,22,67,-45
114900057,193,8,185
114900058,4,79,-75
114900059,86,57,29
114900060,481,788,-307
114900061,122,79,43
114900062,171,218,-47
114900063,56,95,-39
114900064,1718,220,1498
114900065,469,562,-93
114900067,60,321,-261
114900068,50,66,-16
114900069,130,69,61
114900070,637,203,434
114900072,1,209,-208
114900073,0,92,-92
114900074,903,264,639
114900075,421,5,416
114900076,6,252,-246
114900080,1019,190,829
114900082,1998,2117,-119
114900083,831,927,-96
114900084,234,99,135
114900090,441,146,295
114900091,106,143,-37
114900095,167,89,78
114900096,358,463,-105
114900097,169,29,140
114900098,4,101,-97
114900099,247,8,239
115000001,3516,1802,1714
115000002,3627,4242,-615
115000003,3578,1533,2045
115000004,4391,5568,-1177
115000005,1204,1387,-183
115000006,945,1260,-315
115000007,99,154,-55
115000008,261,346,-85
115000009,178,169,9
115000010,260,161,99
115000013,45,159,-114
115000015,36,260,-224
115000016,144,311,-167
115000019,54,434,-380
115000020,82,953,-871
115000021,203,364,-161
115000022,403,309,94
115000023,297,653,-356
115000024,780,323,457
115000025,819,676,143
115000026,215,238,-23
115000027,294,299,-5
115000028,210,508,-298
115000029,696,109,587
115000030,763,876,-113
115000031,1219,374,845
115000032,5,169,-164
115000033,126,35,91
115000034,32,914,-882
115000035,939,57,882
115000036,1,266,-265
115000037,532,16,516
115000038,52,106,-54
115000039,2275,3255,-980
115000040,3118,1947,1171
115000041,1054,3312,-2258
115000042,775,539,236
115000043,3793,2284,1509
115000044,2941,2378,563
115000045,2057,919,1138
115000046,2342,1828,514
115000047,2110,1021,1089
115000048,1475,1426,49
115000049,1369,2237,-868
115000050,2914,1216,1698
115000051,1253,2773,-1520
115000052,1189,1234,-45
115000053,1597,1839,-242
115000054,431,699,-268
115000055,138,608,-470
115000056,139,481,-342
115000057,580,861,-281
115000058,540,394,146
115000059,274,154,120
115000061,93,131,-38
115000062,193,186,7
115000063,385,193,192
115000064,220,51,169
115000065,56,520,-464
115000067,148,19,129
115000069,61,217,-156
115000070,25,684,-659
115000071,96,24,72
115000072,14,55,-41
115000073,1515,99,1416
115000075,116,57,59
115000076,2511,1728,783
115000077,2096,1116,980
115000078,1274,749,525
115000079,1177,1022,155
115000080,2542,1404,1138
115000081,339,565,-226
115000082,3954,3210,744
115000083,1660,1005,655
115000084,2585,784,1801
115000085,734,504,230
115000086,1070,451,619
115000087,378,1053,-675
115000088,1670,456,1214
115000089,993,869,124
115000090,366,726,-360
115000091,159,473,-314
115000092,625,318,307
115000093,521,10,511
115000094,4289,5356,-1067
115000095,2842,5365,-2523
115000096,693,792,-99
115000097,1108,831,277
115000098,1148,524,624
115000099,2537,1579,958
115000100,1082,306,776
115000101,457,927,-470
115000102,441,210,231
115000103,208,357,-149
115000105,60,76,-16
115000106,672,280,392
115000107,171,217,-46
115000108,2008,1418,590
115000109,2831,4688,-1857
115000110,1322,1894,-572
115000111,555,1082,-527
115000112,884,841,43
115000113,652,681,-29
115000114,1329,603,726
115000116,2956,2108,848
115000117,2545,2472,73
115000118,2107,1610,497
115000119,1518,1789,-271
115000120,487,1220,-733
115000121,729,785,-56
115000122,1379,1751,-372
115000123,761,2421,-1660
115000124,567,820,-253
115000125,329,479,-150
115000126,164,248,-84
115000127,338,118,220
115000128,247,610,-363
115000129,185,386,-201
115000130,518,382,136
115000131,916,209,707
115000132,356,200,156
115000133,580,182,398
115000134,364,181,183
115000135,240,125,115
115000136,200,207,-7
115000137,84,108,-24
115000138,358,205,153
115000139,253,130,123
115000140,407,129,278
115000141,179,148,31
115000142,158,120,38
115000143,978,419,559
115000144,465,48,417
115000145,259,146,113
115000146,448,279,169
115000147,252,280,-28
115000148,318,494,-176
115000149,630,235,395
115000150,551,372,179
115000151,1232,371,861
115000152,657,432,225
115000153,1264,371,893
115000154,877,249,628
115000155,615,555,60
115000156,999,649,350
115000157,531,579,-48
115000158,471,396,75
115000159,533,555,-22
115000160,459,610,-151
115000161,386,357,29
115000162,454,744,-290
115000163,383,596,-213
115000164,588,496,92
115000165,293,465,-172
115000167,134,46,88
115000168,325,278,47
115000169,366,359,7
115000170,52,105,-53
115000171,187,212,-25
115000172,714,540,174
115000173,284,721,-437
115000174,147,436,-289
115000175,195,257,-62
115000176,140,154,-14
115000177,164,171,-7
115000178,17,149,-132
115000179,19,33,-14
115000180,131,294,-163
115000181,665,98,567
115000182,974,184,790
115000183,466,454,12
115000186,588,166,422
115000187,240,486,-246
115000188,333,462,-129
115000189,158,352,-194
115000190,564,476,88
115000191,151,505,-354
115000194,148,157,-9
115000195,274,266,8
115000196,201,78,123
115000197,193,145,48
115000198,410,118,292
115000199,405,115,290
115000200,419,73,346
115000201,129,211,-82
115000206,382,28,354
115000207,224,186,38
115000208,273,366,-93
115000209,785,321,464
115000210,158,104,54
115000211,153,179,-26
115000212,845,290,555
115000218,62,131,-69
115000219,68,23,45
115000224,261,51,210
115000225,47,60,-13
115000229,131,64,67
115000230,91,232,-141
115000231,187,682,-495
115000232,1700,247,1453
115000233,118,152,-34
115000234,20,258,-238
115000241,104,113,-9
115000242,137,129,8
115000243,56,115,-59
115000244,8,73,-65
115000246,22,16,6
115000247,29,25,4
115000248,14,15,-1
115000249,12,16,-4
115000250,232,26,206
115000251,253,64,189
115000252,103,138,-35
115000253,14,389,-375
115000258,316,77,239
115000259,268,101,167
115000261,19,26,-7
115000262,20,45,-25
115000263,17,27,-10
115000264,34,21,13
115000267,52,69,-17
115000268,27,69,-42
115000269,104,63,41
115000270,2,21,-19
115000272,31,71,-40
115000273,471,38,433
115000274,404,115,289
115000280,1454,343,1111
115000281,271,859,-588
115000282,747,1081,-334
115000284,137,145,-8
115000296,877,12,865
115000297,153,166,-13
115000298,52,486,-434
115000300,222,134,88
115000302,478,95,383
115000303,710,64,646
115000304,878,52,826
115000305,124,315,-191
115000306,255,161,94
115000307,123,113,10
115000308,11,7,4
115000310,1110,456,654
115000311,1148,829,319
115000313,106,248,-142
115000314,496,130,366
115000315,398,430,-32
115000316,75,109,-34
115000317,185,292,-107
115000318,813,310,503
115000319,51,175,-124
115000320,23,280,-257
115000321,288,17,271
115000322,46,113,-67
115000449,150,157,-7
115000557,28,1374,-1346
115000558,379,120,259
115000587,559,201,358
115000588,1410,1660,-250
115000589,3074,1668,1406
115000590,966,1267,-301
115000591,1487,612,875
115000592,492,1567,-1075
115000593,1314,657,657
115000594,411,1781,-1370
115000609,82,92,-10
115000617,812,3225,-2413
115000624,162,32,130
115000633,493,1569,-1076
115000634,2525,733,1792
115000635,557,81,476
115000638,296,393,-97
115000641,64,95,-31
115000642,271,232,39
115000643,134,260,-126
115000644,124,216,-92
115000646,720,1374,-654
115000647,174,405,-231
115000648,1976,1055,921
115000893,1358,1165,193
115000894,141,640,-499
115000895,255,458,-203
115000896,936,218,718
115000897,408,86,322
115000898,534,256,278
115000899,164,739,-575
115000900,69,223,-154
115000901,32,103,-71
115000912,393,94,299
115000913,3,6,-3
115000915,16,0,16
115000916,7,0,7
115000917,0,2,-2
115000918,117,718,-601
115000919,4,10,-6
115000920,18,33,-15
115000921,313,79,234
115000922,317,682,-365
115000923,112,680,-568
115000925,110,92,18
115000927,32,35,-3
115000933,56,106,-50
115900001,166,25,141
115900002,88,77,11
115900003,158,48,110
115900004,0,28,-28
115900005,253,10,243
115900006,129,115,14
115900008,65,1,64
115900009,111,106,5
115900010,394,78,316
115900011,369,145,224
115900012,266,25,241
115900013,357,140,217
115900014,108,95,13
115900015,186,39,147
115900016,125,43,82
115900017,25,10,15
115900018,88,65,23
115900019,340,19,321
115900020,107,9,98
115900021,665,782,-117
115900022,400,22,378
115900023,10,2,8
115900025,23,241,-218
115900026,699,111,588
115900027,0,136,-136
115900028,415,66,349
115900029,17,188,-171
115900030,34,27,7
115900031,167,388,-221
115900032,423,456,-33
115900033,0,25,-25
115900034,26,150,-124
115900035,35,13,22
115900036,40,947,-907
115900037,27,183,-156
115900038,70,13,57
115900039,146,96,50
115900041,231,667,-436
115900042,22,9,13
115900043,118,42,76
115900044,123,254,-131
115900046,352,174,178
115900047,141,182,-41
115900049,226,111,115
115900051,0,10,-10
115900052,11,83,-72
115900053,315,109,206
115900054,328,25,303
115900055,21,78,-57
115900056,203,159,44
115900057,20,16,4
115900058,21,54,-33
115900060,75,82,-7
115900061,282,1,281
115900062,141,111,30
115900063,60,4,56
115900064,180,140,40
115900065,138,44,94
115900066,99,62,37
115900067,2,201,-199
115900068,1438,1065,373
115900069,30,137,-107
115900070,160,61,99
115900071,0,180,-180
115900072,39,129,-90
115900073,109,93,16
115900074,4,149,-145
115900075,31,140,-109
115900076,5,23,-18
115900077,0,121,-121
115900078,52,92,-40
115900079,392,4,388
115900080,208,126,82
115900081,16,28,-12
115900082,119,132,-13
115900084,605,12,593
115900085,25,32,-7
115900086,936,498,438
115900088,13,32,-19
115900089,328,330,-2
115900090,433,6,427
115900091,5,11,-6
115900092,23,73,-50
115900093,9,11,-2
115900094,6,107,-101
115900096,3,8,-5
115900097,8,131,-123
115900098,226,166,60
115900099,142,41,101
115900100,10,188,-178
115900101,157,139,18
115900102,70,27,43
115900103,249,106,143
115900104,74,34,40
115900105,327,261,66
115900106,84,11,73
115900107,104,50,54
115900108,144,25,119
115900109,43,247,-204
115900110,2,10,-8
115900111,2,43,-41
115900112,33,531,-498
115900113,54,22,32
115900114,4,94,-90
115900115,97,181,-84
115900116,87,542,-455
115900117,104,20,84
115900118,3,130,-127
115900119,159,132,27
115900120,30,187,-157
115900121,228,119,109
115900124,218,641,-423
115900125,357,53,304
115900126,806,62,744
115900127,749,49,700
115900128,5,122,-117
115900129,764,65,699
115900130,14,146,-132
115900131,352,32,320
115900132,693,13,680
115900134,371,7,364
115900135,229,1186,-957
115900137,21,7,14
115900139,87,241,-154
115900140,331,24,307
115900141,20,144,-124
115900142,43,95,-52
115900143,262,216,46
115900144,102,141,-39
115900146,19,35,-16
115900147,190,273,-83
115900148,63,19,44
115900149,142,12,130
115900150,94,10,84
115900151,12,91,-79
115900152,143,262,-119
115900153,132,152,-20
115900154,318,260,58
115900155,0,11,-11
115900156,676,924,-248
115900157,267,484,-217
115900158,4,1,3
115900159,215,135,80
115900160,2,9,-7
115900161,41,88,-47
115900163,270,84,186
115900164,676,23,653
115900165,1,120,-119
115900166,157,88,69
115900168,146,84,62
115900171,125,320,-195
115900172,74,70,4
115900173,182,89,93
115900174,169,148,21
115900175,144,160,-16
115900178,3,257,-254
115900179,400,6,394
115900180,34,102,-68
115900181,181,86,95
115900182,432,92,340
115900183,151,188,-37
115900184,627,11,616
115900187,21,90,-69
115900189,0,229,-229
115900190,316,1109,-793
115900191,26,164,-138
115900192,2,98,-96
115900193,159,95,64
115900194,823,56,767
115900195,421,2213,-1792
115900198,273,213,60
115900199,255,138,117
115900200,197,245,-48
115900201,321,293,28
115900202,4,68,-64
115900203,6,17,-11
115900204,0,1,-1
115900205,43,13,30
115900206,270,85,185
115900207,31,11,20
115900208,146,54,92
115900209,6,86,-80
115900210,14,172,-158
115900211,5,170,-165
115900212,177,115,62
115900213,81,128,-47
115900214,416,107,309
115900215,21,207,-186
115900216,1,56,-55
115900217,8,19,-11
115900218,1,20,-19
115900219,121,5,116
115900220,243,11,232
115900221,119,9,110
115900222,69,40,29
115900223,5,452,-447
115900224,466,1312,-846
115900225,46,52,-6
115900226,22,38,-16
115900227,16,45,-29
115900228,8,30,-22
115900229,4,28,-24
115900230,29,71,-42
115900231,147,5,142
115900232,56,0,56
115900233,105,15,90
115900234,43,26,17
115900235,17,15,2
115900236,72,19,53
115900237,22,17,5
115900238,41,18,23
115900239,21,29,-8
115900240,14,41,-27
115900241,248,71,177
115900242,205,379,-174
115900243,22,16,6
115900244,15,3,12
115900245,0,10,-10
115900246,5,7,-2
115900247,14,5,9
115900248,10,9,1
115900249,3,14,-11
115900250,21,17,4
115900251,2,11,-9
115900252,5,3,2
115900253,4,8,-4
115900254,13,18,-5
115900255,0,20,-20
115900256,5,12,-7
115900257,6,3,3
115900258,0,0,0
115900259,4,3,1
115900260,6,4,2
115900261,16,0,16
115900262,3,0,3
115900263,11,1,10
115900264,40,1,39
115900265,3,7,-4
115900266,2,20,-18
115900267,3,19,-16
115900268,7,9,-2
115900269,573,200,373
115900270,446,151,295
116000001,5006,2586,2420
116000002,3713,11670,-7957
116000003,1003,925,78
116000004,2505,4216,-1711
116000005,1107,1939,-832
116000006,2074,2530,-456
116000007,1849,2059,-210
116000008,3762,2319,1443
116000009,990,1346,-356
116000010,2354,1555,799
116000011,619,1328,-709
116000012,1593,1043,550
116000013,4773,2921,1852
116000014,6263,12013,-5750
116000015,193,1247,-1054
116000016,4258,3862,396
116000017,22,671,-649
116000018,578,304,274
116000019,849,313,536
116000020,547,1064,-517
116000021,541,303,238
116000022,301,278,23
116000023,1092,850,242
116000024,641,623,18
116000025,801,766,35
116000026,1514,2181,-667
116000027,603,607,-4
116000028,402,972,-570
116000029,483,713,-230
116000030,701,492,209
116000031,178,236,-58
116000032,153,153,0
116000033,240,183,57
116000034,860,424,436
116000035,227,642,-415
116000036,1311,1964,-653
116000037,499,519,-20
116000038,242,519,-277
116000039,362,559,-197
116000040,522,418,104
116000041,142,504,-362
116000042,624,355,269
116000043,139,918,-779
116000044,2,10,-8
116000045,1645,1935,-290
116000046,945,1649,-704
116000047,1491,1894,-403
116000048,1976,1626,350
116000049,1395,2750,-1355
116000050,1429,1149,280
116000051,5502,2528,2974
116000052,5076,4461,615
116000053,2112,729,1383
116000054,899,2201,-1302
116000055,791,793,-2
116000056,840,890,-50
116000057,2767,1292,1475
116000058,2868,2599,269
116000059,2486,4642,-2156
116000060,1489,818,671
116000061,253,920,-667
116000062,499,188,311
116000063,483,1135,-652
116000066,250,648,-398
116000067,138,277,-139
116000068,214,266,-52
116000069,184,262,-78
116000078,473,985,-512
116000080,1645,554,1091
116000082,3,21,-18
116000083,1635,339,1296
116000084,1361,2056,-695
116000085,1806,1636,170
116000086,902,477,425
116000087,1962,1457,505
116000088,712,668,44
116000089,134,51,83
116000090,86,124,-38
116000091,271,173,98
116000093,728,484,244
116000094,688,383,305
116000095,825,486,339
116000096,806,1368,-562
116000097,1128,490,638
116000098,20,6303,-6283
116000099,4000,140,3860
116000100,269,27,242
116000101,1032,397,635
116000102,216,636,-420
116000103,412,246,166
116000104,206,824,-618
116000105,1175,157,1018
116000106,621,688,-67
116000107,2903,204,2699
116000108,466,152,314
116000111,100,23,77
116000113,131,86,45
116000114,19,98,-79
116000115,360,119,241
116000116,217,245,-28
116000117,1547,1461,86
116000118,1452,868,584
116000119,3593,1782,1811
116000120,2668,2482,186
116000121,993,493,500
116000122,830,906,-76
116000123,1239,341,898
116000124,327,628,-301
116000125,3383,779,2604
116000126,238,845,-607
116000127,776,731,45
116000128,1905,880,1025
116000129,1343,198,1145
116000130,658,577,81
116000133,1343,622,721
116000134,1399,995,404
116000135,2905,1064,1841
116000136,781,1092,-311
116000137,1264,638,626
116000138,819,587,232
116000139,1498,2042,-544
116000140,172,138,34
116000141,266,309,-43
116000142,2527,1665,862
116000143,1666,1584,82
116000144,1318,1097,221
116000145,1709,923,786
116000146,676,80,596
116000147,186,119,67
116000148,617,525,92
116000149,711,653,58
116000151,449,294,155
116000153,107,251,-144
116000155,132,239,-107
116000156,484,725,-241
116000157,74,13,61
116000158,231,339,-108
116000159,13,15,-2
116000160,9,38,-29
116000161,3,57,-54
116000162,59,139,-80
116000163,27,18,9
116000164,2,16,-14
116000177,487,98,389
116000194,83,331,-248
116000195,1079,515,564
116000196,23,1,22
116000197,17,23,-6
116000198,2091,1024,1067
116000200,486,481,5
116000201,527,580,-53
116000202,8,137,-129
116000203,0,73,-73
116000204,8,39,-31
116000205,0,75,-75
116000206,0,92,-92
116000207,9,30,-21
116000233,188,305,-117
116000287,151,224,-73
116000288,353,199,154
116000292,78,96,-18
116000296,9,77,-68
116000297,55,13,42
116000304,243,4,239
116000305,10,113,-103
116000346,238,75,163
116000352,146,28,118
116000354,34,15,19
116000357,10,20,-10
116000358,330,51,279
116000361,26,1,25
116000372,2597,4627,-2030
116000381,106,1,105
116000388,1,17,-16
116000389,938,421,517
116000445,444,244,200
116000446,727,245,482
116000447,26,440,-414
116000448,444,115,329
116000563,766,1016,-250
116000565,42,252,-210
116000568,60,370,-310
116000579,22,79,-57
116000584,18,8,10
116000585,36,13,23
116000586,56,111,-55
116000587,247,428,-181
116000589,32,40,-8
116000590,75,56,19
116000591,301,143,158
116000592,4,56,-52
116000593,0,20,-20
116000594,841,217,624
116000595,698,90,608
116000596,141,1,140
116000597,433,93,340
116000598,20,85,-65
116000602,22,505,-483
116000605,112,82,30
116000606,50,172,-122
116000607,3,48,-45
116000609,122,1018,-896
116000611,145,205,-60
116000612,814,1742,-928
116000613,734,276,458
116000614,333,281,52
116000615,28,434,-406
116000616,60,49,11
116000617,138,9,129
116000618,5,44,-39
116000619,49,76,-27
116000620,178,96,82
116000621,83,151,-68
116000622,74,115,-41
116000624,191,96,95
116900001,246,155,91
116900002,214,1,213
116900003,54,33,21
116900004,45,56,-11
116900005,307,49,258
116900006,66,161,-95
116900007,112,183,-71
116900008,521,148,373
116900009,15,14,1
116900010,0,607,-607
116900011,15,27,-12
116900012,163,168,-5
116900013,1,110,-109
116900014,190,77,113
116900015,496,33,463
116900016,215,2,213
116900017,1,265,-264
116900018,88,34,54
116900019,1,146,-145
116900020,242,681,-439
116900023,85,9,76
116900024,709,35,674
116900025,1286,595,691
116900026,82,431,-349
116900027,28,27,1
116900028,6,68,-62
116900029,1,33,-32
116900031,1,2,-1
116900032,4,171,-167
116900033,18,11,7
116900034,11,41,-30
116900035,136,115,21
116900036,3,75,-72
116900038,13,1,12
116900041,97,22,75
116900042,316,228,88
116900043,14,53,-39
116900045,232,79,153
116900047,21,202,-181
116900049,17,173,-156
116900050,101,297,-196
116900051,233,52,181
116900052,146,60,86
116900055,2,8,-6
116900057,18,124,-106
116900058,25,226,-201
116900059,0,108,-108
116900060,157,153,4
116900062,1,37,-36
116900064,85,259,-174
116900065,24,90,-66
116900067,95,52,43
116900068,116,183,-67
116900070,4,5,-1
116900072,37,164,-127
116900073,20,71,-51
116900074,11,27,-16
116900076,11,31,-20
116900077,12,75,-63
116900078,122,69,53
116900079,38,117,-79
116900080,9,28,-19
116900081,297,788,-491
116900082,332,781,-449
116900083,10,21,-11
116900084,77,50,27
116900085,30,122,-92
116900086,25,101,-76
116900088,293,65,228
116900090,66,16,50
116900091,295,18,277
116900092,86,490,-404
116900093,1689,1408,281
116900094,2619,4010,-1391
116900095,199,73,126
116900096,118,400,-282
116900097,1758,3229,-1471
116900098,653,330,323
116900099,498,668,-170
116900100,957,53,904
116900101,257,320,-63
116900103,4,0,4
116900104,38,79,-41
116900105,268,154,114
116900106,2495,114,2381
116900107,2002,2504,-502
116900110,2,6,-4
116900111,658,314,344
116900112,257,480,-223
116900113,1027,910,117
116900116,70,591,-521
116900117,155,100,55
116900118,531,713,-182
116900120,455,47,408
116900121,100,15,85
116900122,1059,388,671
116900123,238,428,-190
116900124,121,672,-551
116900125,509,133,376
116900126,54,513,-459
116900128,1,22,-21
116900129,0,204,-204
116900130,376,3968,-3592
116900131,110,320,-210
116900132,60,113,-53
116900133,173,82,91
116900134,245,172,73
116900136,201,143,58
116900137,225,142,83
116900138,270,115,155
116900139,141,311,-170
116900140,207,145,62
116900141,589,362,227
116900142,1,65,-64
116900143,424,477,-53
116900144,31,87,-56
116900145,77,139,-62
116900147,268,687,-419
116900148,7,37,-30
116900149,68,250,-182
116900150,9,11,-2
116900151,16,7,9
116900153,161,88,73
116900154,250,641,-391
116900155,76,97,-21
116900157,682,99,583
116900158,69,287,-218
116900159,42,288,-246
116900160,863,800,63
116900161,3897,7052,-3155
116900162,10,45,-35
116900163,220,63,157
116900164,62,62,0
116900165,338,327,11
116900166,48,34,14
116900167,399,31,368
116900168,361,45,316
116900169,322,667,-345
116900170,428,582,-154
116900171,41,82,-41
116900172,133,319,-186
116900173,274,38,236
116900174,51,35,16
116900175,180,246,-66
116900178,34,77,-43
116900179,116,318,-202
116900180,83,23,60
116900182,641,225,416
116900183,160,94,66
116900185,33,59,-26
116900186,53,101,-48
116900187,25,47,-22
116900188,133,37,96
116900189,53,1,52
116900191,347,523,-176
116900192,348,113,235
116900194,175,1476,-1301
116900195,61,31,30
116900196,20,47,-27
116900197,110,5,105
116900198,128,243,-115
116900200,90,11,79
116900201,156,11,145
116900202,79,33,46
116900203,182,14,168
116900204,49,104,-55
116900206,16,6,10
116900207,17,28,-11
116900208,2,57,-55
116900209,39,61,-22
116900210,532,255,277
116900211,214,3,211
116900212,92,13,79
116900213,215,65,150
116900214,221,137,84
116900215,57,38,19
116900216,277,140,137
116900218,0,144,-144
116900219,1037,261,776
116900220,126,202,-76
116900221,90,344,-254
116900222,326,290,36
116900223,128,276,-148
116900226,121,45,76
116900227,191,43,148
116900228,290,110,180
116900230,57,133,-76
116900231,27,207,-180
116900232,16,240,-224
116900233,354,82,272
116900234,27,10,17
116900235,115,189,-74
116900238,1066,232,834
116900239,22,1185,-1163
116900240,3365,2618,747
116900241,127,84,43
116900242,234,744,-510
116900243,7,47,-40
116900245,39,32,7
116900246,111,7,104
116900247,915,28,887
116900248,60,25,35
116900249,498,65,433
116900250,381,30,351
116900251,282,761,-479
116900252,160,422,-262
116900253,146,35,111
116900254,45,70,-25
116900255,78,101,-23
116900256,479,96,383
116900257,16,264,-248
116900258,1,90,-89
116900259,238,11,227
116900260,2,46,-44
116900261,69,0,69
116900262,165,94,71
116900263,0,11,-11
116900264,0,4,-4
116900265,55,0,55
116900266,28,21,7
116900267,1,1,0
116900268,248,139,109
116900269,270,484,-214
116900271,716,241,475
116900272,260,191,69
116900273,92,96,-4
116900274,127,34,93
116900275,185,59,126
116900276,304,144,160
116900277,283,18,265
116900278,0,8,-8
116900279,0,16,-16
116900280,33,12,21
116900281,3126,5157,-2031
116900282,4,32,-28
116900283,8,34,-26
116900284,12,102,-90
116900285,74,204,-130
116900286,146,15,131
116900287,4,23,-19
116900288,111,62,49
116900289,19,7,12
116900290,14,8,6
116900291,35,5,30
116900292,0,22,-22
116900293,61,14,47
116900294,15,97,-82
116900295,32,61,-29
116900296,15,36,-21
116900297,1,27,-26
116900298,28,35,-7
116900299,9,49,-40
116900300,0,70,-70
116900301,23,39,-16
116900302,372,931,-559
116900303,51,72,-21
116900304,1,135,-134
116900305,10,22,-12
116900306,177,59,118
117000001,2526,1667,859
117000002,1597,3133,-1536
117000003,5631,2980,2651
117000004,2457,3360,-903
117000005,2319,1827,492
117000006,940,1982,-1042
117000007,4268,1059,3209
117000008,744,2213,-1469
117000009,4289,1785,2504
117000010,1781,2431,-650
117000011,2455,1339,1116
117000012,1101,797,304
117000013,1822,690,1132
117000014,1186,1605,-419
117000015,2524,1109,1415
117000016,231,168,63
117000017,102,83,19
117000018,106,769,-663
117000019,61,1,60
117000020,301,1672,-1371
117000021,800,231,569
117000022,209,155,54
117000023,82,108,-26
117000024,145,272,-127
117000025,289,950,-661
117000026,1715,1555,160
117000027,592,2100,-1508
117000028,702,1181,-479
117000030,72,100,-28
117000032,974,967,7
117000033,1603,1289,314
117000034,278,63,215
117000036,120,69,51
117000038,79,163,-84
117000039,19,18,1
117000040,223,576,-353
117000041,1254,163,1091
117000044,8,387,-379
117000045,467,124,343
117000046,268,654,-386
117000047,1047,614,433
117000048,1396,604,792
117000049,88,618,-530
117000050,121,908,-787
117000051,2697,66,2631
117000052,47,188,-141
117000053,619,22,597
117000054,1876,8,1868
117000055,6,1606,-1600
117000056,652,21,631
117000057,366,1645,-1279
117000060,419,872,-453
117000061,1886,924,962
117000062,228,472,-244
117000063,1746,976,770
117000064,408,551,-143
117000066,703,648,55
117000067,72,616,-544
117000074,84,163,-79
117000076,64,43,21
117000077,150,203,-53
117000078,118,454,-336
117000079,503,183,320
117000080,2,212,-210
117000081,912,95,817
117000082,14,74,-60
117000083,92,5,87
117000084,144,1,143
117000085,297,784,-487
117000086,683,284,399
117000087,85,450,-365
117000088,236,147,89
117000089,1847,207,1640
117000090,278,725,-447
117000091,962,235,727
117000092,348,766,-418
117000093,1467,614,853
117000094,973,1630,-657
117000095,3678,694,2984
117000096,629,1431,-802
117000097,1838,863,975
117000098,1669,2525,-856
117000099,4154,1172,2982
117000100,257,365,-108
117000101,113,667,-554
117000102,2134,644,1490
117000103,524,979,-455
117000104,1534,511,1023
117000105,668,911,-243
117000106,1419,686,733
117000107,412,1121,-709
117000108,2150,813,1337
117000109,1009,1556,-547
117000110,1881,1312,569
117000111,3091,3233,-142
117000112,3368,1400,1968
117000113,122,161,-39
117000114,225,146,79
117000115,57,77,-20
117000116,198,204,-6
117000117,1429,1153,276
117000118,213,97,116
117000119,151,205,-54
117000120,155,557,-402
117000121,46,1015,-969
117000122,146,606,-460
117000123,1234,40,1194
117000124,187,155,32
117000125,101,146,-45
117000126,30,22,8
117000127,114,297,-183
117000128,162,742,-580
117000129,88,115,-27
117000130,27,0,27
117000131,0,44,-44
117000132,3500,35,3465
117000133,2298,31,2267
117000134,0,68,-68
117000135,2,70,-68
117000136,2,16,-14
117000137,112,143,-31
117000138,7,631,-624
117000140,378,1005,-627
117000141,2006,483,1523
117000181,353,130,223
117000182,432,809,-377
117000195,154,517,-363
117000196,294,194,100
117000225,64,35,29
117000226,4,81,-77
117000276,459,21,438
117000277,0,152,-152
117000310,1126,1666,-540
117000315,50,503,-453
117000320,35,0,35
117000906,411,24,387
117000907,2,149,-147
117000908,6,67,-61
117000909,48,28,20
117000910,184,141,43
117000911,61,124,-63
117000915,5,257,-252
117000916,86,4,82
117000917,1424,42,1382
117000918,123,53,70
117000919,7,47,-40
117000920,3,748,-745
117000921,1,571,-570
117000922,13,47,-34
117000924,593,613,-20
117000926,462,81,381
117000927,572,1524,-952
117000928,0,72,-72
117000929,223,115,108
117000930,254,16,238
117000931,159,142,17
117900002,56,370,-314
117900003,400,357,43
117900005,1,48,-47
117900006,0,61,-61
117900007,99,55,44
117900008,0,13,-13
117900010,269,62,207
117900011,23,121,-98
117900012,79,66,13
117900013,0,94,-94
117900014,314,53,261
117900015,6,27,-21
117900016,787,894,-107
117900017,607,132,475
117900018,103,146,-43
117900019,599,139,460
117900020,61,478,-417
117900021,28,38,-10
117900022,17,7,10
117900023,671,77,594
117900024,50,24,26
117900025,42,6,36
117900026,410,126,284
117900028,33,9,24
117900029,306,303,3
117900030,508,183,325
117900031,78,81,-3
117900032,1206,625,581
117900033,333,369,-36
117900034,27,18,9
117900035,265,74,191
117900036,261,226,35
117900037,225,93,132
117900038,30,138,-108
117900039,2,24,-22
117900040,103,163,-60
117900041,2,37,-35
117900042,3171,311,2860
117900043,15,34,-19
117900044,66,3146,-3080
117900045,171,134,37
117900048,378,143,235
117900049,235,342,-107
117900050,4,120,-116
117900051,32,5,27
117900052,55,365,-310
117900053,1862,361,1501
117900054,3,14,-11
117900055,289,156,133
117900056,65,6,59
117900057,675,882,-207
117900058,187,948,-761
117900059,174,73,101
117900060,2746,2767,-21
117900061,19,223,-204
117900063,371,155,216
117900065,436,729,-293
117900066,4,73,-69
117900067,589,110,479
117900069,745,199,546
117900070,130,57,73
117900071,98,81,17
117900073,639,194,445
117900074,59,75,-16
117900075,61,66,-5
117900076,4,20,-16
117900077,529,109,420
117900078,348,839,-491
117900080,108,50,58
117900081,329,319,10
117900082,532,342,190
117900083,468,237,231
117900086,111,23,88
117900087,155,32,123
117900088,1926,1473,453
117900089,2250,680,1570
117900090,387,222,165
117900091,88,123,-35
117900092,78,25,53
117900093,127,52,75
117900094,44,28,16
117900095,221,121,100
117900096,122,153,-31
117900097,366,54,312
117900098,37,14,23
117900099,140,107,33
117900100,346,3,343
117900101,366,1842,-1476
117900102,93,23,70
117900103,94,8,86
117900104,13,63,-50
117900105,81,172,-91
117900106,81,38,43
117900107,60,0,60
117900109,743,342,401
117900110,132,0,132
117900111,417,29,388
117900112,65,7,58
117900113,1313,1519,-206
117900114,33,0,33
117900115,83,64,19
117900116,651,664,-13
117900117,666,290,376
117900118,130,2,128
117900119,219,71,148
117900120,327,34,293
117900121,150,31,119
117900122,1011,4367,-3356
117900123,572,316,256
117900124,628,407,221
117900125,1591,1831,-240
117900126,136,425,-289
117900127,443,318,125
117900128,411,308,103
117900129,110,1,109
117900130,631,321,310
117900131,2,103,-101
117900132,14,61,-47
117900133,12,40,-28
117900134,73,199,-126
117900135,25,92,-67
117900136,0,14,-14
117900137,32,147,-115
117900138,1,19,-18
117900139,134,92,42
117900140,1966,210,1756
117900141,106,134,-28
117900142,65,63,2
117900144,39,286,-247
117900145,22,52,-30
117900146,79,193,-114
117900147,68,56,12
117900148,1632,1497,135
117900149,119,148,-29
117900150,32,22,10
117900151,48,56,-8
117900152,42,39,3
117900153,11,112,-101
117900154,394,377,17
117900156,646,577,69
117900157,68,425,-357
117900158,266,110,156
117900160,900,811,89
117900161,1641,1393,248
117900162,560,425,135
117900163,17,183,-166
117900165,0,7,-7
117900166,87,551,-464
117900168,54,125,-71
117900169,2,76,-74
117900170,3,19,-16
117900171,3,7,-4
117900172,11,10,1
117900173,82,76,6
117900174,17,36,-19
117900175,10,17,-7
117900176,20,9,11
117900177,20,15,5
117900178,68,29,39
117900180,164,22,142
117900181,46,355,-309
117900182,1,57,-56
117900183,55,146,-91
117900184,15,43,-28
117900185,62,39,23
117900186,58,8,50
117900187,22,4,18
117900188,188,47,141
117900189,59,33,26
117900190,19,1,18
117900191,75,0,75
117900192,194,1,193
117900193,14,32,-18
117900194,12,2,10
117900195,9,75,-66
117900196,16,25,-9
117900207,132,127,5
117900208,21,28,-7
117900209,121,162,-41
117900210,88,160,-72
117900211,4,105,-101
117900212,130,92,38
117900213,31,16,15
117900214,9,15,-6
117900216,9,44,-35
117900217,12,376,-364
117900218,95,117,-22
117900219,7,116,-109
117900220,40,106,-66
117900221,24,8,16
118000001,633,902,-269
118000002,423,1260,-837
118000003,1593,2879,-1286
118000004,1333,1368,-35
118000005,2614,5182,-2568
118000006,2499,7380,-4881
118000007,3993,3707,286
118000008,1865,2843,-978
118000009,1340,2458,-1118
118000010,5261,3484,1777
118000011,1458,1911,-453
118000012,948,1283,-335
118000013,1955,1575,380
118000014,1607,1285,322
118000016,221,166,55
118000017,440,382,58
118000018,292,278,14
118000019,1404,1265,139
118000020,804,2932,-2128
118000021,536,3016,-2480
118000022,1099,770,329
118000023,587,232,355
118000024,741,1315,-574
118000025,399,1693,-1294
118000027,6926,9472,-2546
118000029,573,830,-257
118000032,424,3609,-3185
118000033,2388,5913,-3525
118000034,3573,2329,1244
118000035,1769,2715,-946
118000036,712,985,-273
118000037,542,723,-181
118000038,174,64,110
118000039,90,154,-64
118000040,1471,1008,463
118000041,2047,1021,1026
118000045,323,134,189
118000046,814,577,237
118000047,645,1124,-479
118000048,1651,1551,100
118000051,1326,1709,-383
118000052,928,1052,-124
118000053,316,485,-169
118000054,1243,730,513
118000055,1127,1125,2
118000056,133,438,-305
118000057,182,345,-163
118000058,2907,2139,768
118000059,1633,1492,141
118000060,1259,433,826
118000061,1172,894,278
118000062,469,366,103
118000063,362,658,-296
118000064,652,939,-287
118000065,2007,1744,263
118000066,811,1510,-699
118000067,398,547,-149
118000068,1110,4603,-3493
118000069,1430,871,559
118000070,3412,1652,1760
118000071,2199,6310,-4111
118000072,939,1222,-283
118000073,726,626,100
118000074,383,262,121
118000075,510,216,294
118000076,1350,2236,-886
118000077,913,1010,-97
118000078,1532,2173,-641
118000079,200,467,-267
118000080,670,665,5
118000081,1487,1170,317
118000082,290,969,-679
118000083,1125,1401,-276
118000084,2410,1800,610
118000086,188,439,-251
118000087,2453,2018,435
118000088,1190,1364,-174
118000089,3019,2150,869
118000090,911,2271,-1360
118000091,722,2506,-1784
118000092,735,475,260
118000093,48,721,-673
118000096,412,569,-157
118000097,566,587,-21
118000098,225,168,57
118000099,769,490,279
118000101,1132,231,901
118000102,407,624,-217
118000107,991,391,600
118000108,518,2423,-1905
118000110,2,28,-26
118000111,0,121,-121
118000112,663,3,660
118000113,1,248,-247
118000114,488,9,479
118000115,6,12,-6
118000116,16,0,16
118000117,592,538,54
118000118,811,956,-145
118000119,888,1038,-150
118000120,1234,875,359
118000121,60,433,-373
118000122,851,291,560
118000123,36,165,-129
118000125,1007,581,426
118000126,556,1492,-936
118000127,1230,583,647
118000128,354,917,-563
118000129,882,324,558
118000130,1315,1828,-513
118000131,234,306,-72
118000132,2329,1883,446
118000133,932,280,652
118000135,552,379,173
118000136,93,240,-147
118000137,389,63,326
118000138,366,315,51
118000139,489,47,442
118000140,2216,5013,-2797
118000141,2026,1306,720
118000142,1733,1171,562
118000143,2143,1050,1093
118000144,847,503,344
118000145,1602,1018,584
118000146,1191,439,752
118000147,846,967,-121
118000148,463,901,-438
118000149,956,677,279
118000150,392,133,259
118000151,558,302,256
118000153,1451,979,472
118000154,1312,1424,-112
118000155,1388,1092,296
118000156,1790,2256,-466
118000157,568,256,312
118000158,247,382,-135
118000159,45,88,-43
118000160,610,330,280
118000161,564,487,77
118000162,1678,763,915
118000163,902,721,181
118000164,1652,1301,351
118000168,659,741,-82
118000169,703,708,-5
118000170,2614,2507,107
118000171,375,356,19
118000172,59,178,-119
118000173,706,1187,-481
118000175,339,452,-113
118000176,332,549,-217
118000177,258,623,-365
118000178,36,44,-8
118000179,945,1462,-517
118000180,669,651,18
118000181,645,283,362
118000182,242,224,18
118000183,209,270,-61
118000184,1005,511,494
118000185,963,1390,-427
118000186,865,1330,-465
118000187,1646,464,1182
118000188,646,63,583
118000189,806,343,463
118000190,9,5,4
118000191,25,17,8
118000192,36,106,-70
118000193,28,191,-163
118000194,819,650,169
118000195,251,1083,-832
118000196,246,185,61
118000197,91,138,-47
118000198,288,622,-334
118000199,413,313,100
118000200,61,174,-113
118000201,312,476,-164
118000202,43,46,-3
118000203,430,650,-220
118000204,53,282,-229
118000205,66,232,-166
118000206,258,185,73
118000207,1,50,-49
118000208,1019,1031,-12
118000209,2229,1076,1153
118000210,59,23,36
118000211,21,25,-4
118000213,605,1888,-1283
118000214,382,456,-74
118000215,315,90,225
118000216,2409,1267,1142
118000217,30,39,-9
118000218,94,31,63
118000219,322,171,151
118000220,4,41,-37
118000221,281,325,-44
118000222,61,5,56
118000223,26,31,-5
118000224,89,74,15
118000225,93,392,-299
118000226,939,153,786
118000227,418,334,84
118000228,99,242,-143
118000229,94,90,4
118000230,129,159,-30
118000231,78,146,-68
118000232,737,425,312
118000233,1252,532,720
118000234,413,121,292
118000236,309,292,17
118000237,81,224,-143
118000238,312,86,226
118000239,315,256,59
118000240,194,148,46
118000241,147,98,49
118000242,468,316,152
118000243,258,145,113
118000244,61,40,21
118000246,1,53,-52
118000255,36,155,-119
118000256,86,163,-77
118000259,11,59,-48
118000260,172,52,120
118000261,52,14,38
118000263,68,137,-69
118000266,106,202,-96
118000267,0,75,-75
118000268,188,1,187
118000270,76,10,66
118000271,129,131,-2
118000272,90,33,57
118000273,151,54,97
118000274,87,202,-115
118000276,504,245,259
118000295,16,106,-90
118000298,122,158,-36
118000299,64,57,7
118000301,0,53,-53
118000302,112,26,86
118000311,678,63,615
118000312,307,118,189
118000313,73,58,15
118000314,113,29,84
118000315,71,29,42
118000316,636,339,297
118000325,51,23,28
118000326,38,19,19
118000331,48,38,10
118000332,12,20,-8
118000333,31,63,-32
118000335,314,0,314
118000336,0,110,-110
118000407,206,48,158
118000457,14,23,-9
118000465,1271,3264,-1993
118000480,24,24,0
118000489,3,375,-372
118000490,12,100,-88
118000492,151,152,-1
118000510,30,19,11
118000514,101,250,-149
118000515,736,725,11
118000517,230,164,66
118000524,190,372,-182
118000525,567,624,-57
118000530,28,67,-39
118000531,358,216,142
118000532,250,218,32
118000533,248,97,151
118000534,505,308,197
118000535,233,139,94
118000536,234,1502,-1268
118000537,28,213,-185
118000538,19,89,-70
118000539,14,117,-103
118000540,284,148,136
118000541,264,47,217
118000542,134,155,-21
118000543,185,175,10
118000546,53,28,25
118000560,1238,2069,-831
118000562,27,77,-50
118000563,992,855,137
118000576,142,68,74
118000577,104,115,-11
118000578,61,31,30
118000579,296,1128,-832
118000595,249,85,164
118000596,0,53,-53
118000597,104,45,59
118000598,19,1,18
118000599,72,49,23
118000600,0,25,-25
118000601,14,0,14
118000602,0,15,-15
118000603,0,7,-7
118900001,313,1186,-873
118900002,671,824,-153
118900003,500,8,492
118900004,65,29,36
118900005,75,4,71
118900006,159,3,156
118900007,9,8,1
118900008,1331,58,1273
118900009,79,61,18
118900010,86,8,78
118900011,175,45,130
118900012,381,157,224
118900013,404,238,166
118900015,299,81,218
118900016,5,7,-2
118900017,157,245,-88
118900018,1001,37,964
118900019,22,24,-2
118900020,103,175,-72
118900021,126,375,-249
118900022,120,99,21
118900023,152,56,96
118900024,94,133,-39
118900025,29,23,6
118900026,46,47,-1
118900027,294,133,161
118900028,201,122,79
118900029,276,442,-166
118900030,501,36,465
118900031,205,68,137
118900032,221,124,97
118900033,266,391,-125
118900034,155,32,123
118900035,119,96,23
118900036,1052,528,524
118900037,350,306,44
118900038,366,88,278
118900039,622,113,509
118900040,212,134,78
118900041,634,89,545
118900042,213,100,113
118900045,252,133,119
118900046,515,306,209
118900047,310,177,133
118900048,114,224,-110
118900049,56,42,14
118900050,32,28,4
118900051,67,95,-28
118900052,237,234,3
118900053,30,93,-63
118900054,127,44,83
118900055,112,25,87
118900056,27,356,-329
118900057,848,489,359
118900058,348,238,110
118900059,19,62,-43
118900060,43,68,-25
118900062,533,169,364
118900064,316,572,-256
118900065,48,95,-47
118900066,55,63,-8
118900067,2411,3890,-1479
118900068,9,171,-162
118900069,513,152,361
118900071,9,36,-27
118900072,406,239,167
118900073,170,94,76
118900074,122,83,39
118900075,69,37,32
118900076,179,104,75
118900077,251,156,95
118900078,33,11,22
118900079,44,89,-45
118900080,25,69,-44
118900081,44,18,26
118900082,880,111,769
118900083,22,6,16
118900084,18,18,0
118900085,673,462,211
118900086,34,68,-34
118900087,38,229,-191
118900088,0,4,-4
118900089,25,28,-3
118900090,615,244,371
118900091,140,162,-22
118900092,158,55,103
118900093,115,16,99
118900096,59,11,48
118900097,330,344,-14
118900099,100,194,-94
118900100,107,148,-41
118900101,159,242,-83
118900102,54,86,-32
118900103,55,97,-42
118900104,277,81,196
118900105,225,94,131
118900107,114,48,66
118900108,131,80,51
118900109,422,375,47
118900110,980,858,122
118900111,488,316,172
118900112,99,131,-32
118900113,104,222,-118
118900114,17,59,-42
118900115,85,363,-278
118900116,120,212,-92
118900117,95,158,-63
118900118,312,189,123
118900119,138,129,9
118900120,93,242,-149
118900121,13,89,-76
118900122,9,1082,-1073
118900123,170,144,26
118900124,130,121,9
118900126,35,433,-398
118900129,203,178,25
118900130,36,161,-125
118900131,157,179,-22
118900132,299,157,142
118900133,8,94,-86
118900135,206,143,63
118900136,222,336,-114
118900137,3,42,-39
118900139,164,175,-11
118900140,434,461,-27
118900141,95,85,10
118900144,174,251,-77
118900145,28,75,-47
118900146,338,417,-79
118900147,179,124,55
118900148,68,68,0
118900150,111,479,-368
118900152,647,432,215
118900157,46,153,-107
118900158,159,41,118
118900159,1,76,-75
118900161,57,14,43
118900163,53,67,-14
118900164,3,63,-60
118900165,71,90,-19
118900166,43,1,42
118900167,79,129,-50
118900168,25,178,-153
118900169,116,150,-34
118900170,223,66,157
118900171,40,35,5
118900174,61,42,19
118900175,463,439,24
118900176,192,194,-2
118900177,46,21,25
118900178,61,163,-102
118900179,5,23,-18
118900181,78,60,18
118900182,107,44,63
118900183,40,116,-76
118900184,236,146,90
118900185,107,67,40
118900186,84,79,5
118900187,210,231,-21
118900188,284,242,42
118900189,42,935,-893
118900190,27,170,-143
118900191,235,32,203
118900192,201,9,192
118900193,609,10,599
118900195,199,465,-266
118900196,53,91,-38
118900197,209,35,174
118900198,34,7,27
118900199,73,14,59
118900200,16,17,-1
118900201,23,17,6
118900202,24,32,-8
118900203,13,10,3
118900204,16,15,1
118900205,2,19,-17
118900206,7,15,-8
119000001,1312,2221,-909
119000002,3786,4557,-771
119000003,2952,749,2203
119000004,2425,1208,1217
119000005,1677,1791,-114
119000006,2869,1249,1620
119000007,2922,2619,303
119000008,1761,1342,419
119000009,2924,4579,-1655
119000010,4354,3646,708
119000011,2570,2694,-124
119000012,1613,3020,-1407
119000013,2496,1459,1037
119000014,1247,2079,-832
119000019,270,129,141
119000020,2710,1265,1445
119000021,4525,2373,2152
119000022,1509,2929,-1420
119000023,189,217,-28
119000024,1293,11539,-10246
119000025,3405,948,2457
119000026,45,316,-271
119000027,156,292,-136
119000028,1338,451,887
119000029,67,280,-213
119000030,400,555,-155
119000031,660,428,232
119000032,1671,1652,19
119000033,2191,961,1230
119000034,954,572,382
119000035,20,190,-170
119000036,2161,538,1623
119000037,1243,955,288
119000038,162,452,-290
119000039,399,285,114
119000040,503,530,-27
119000041,540,1017,-477
119000048,2003,1466,537
119000049,1647,1149,498
119000050,1158,1150,8
119000051,1515,705,810
119000052,1260,1954,-694
119000053,1403,826,577
119000054,2976,1606,1370
119000055,4754,2097,2657
119000056,2910,1563,1347
119000057,1600,1245,355
119000058,1770,1110,660
119000059,1248,1082,166
119000060,1516,917,599
119000061,922,500,422
119000062,947,1043,-96
119000063,543,324,219
119000064,666,676,-10
119000065,1640,2459,-819
119000066,1980,1028,952
119000067,1379,1305,74
119000068,1558,760,798
119000069,1422,1398,24
119000070,2802,640,2162
119000071,319,453,-134
119000072,3531,2157,1374
119000073,3539,6362,-2823
119000074,1367,1237,130
119000075,2997,1584,1413
119000076,259,829,-570
119000077,467,458,9
119000078,333,122,211
119000079,122,444,-322
119000080,475,131,344
119000081,297,345,-48
119000082,841,186,655
119000083,593,342,251
119000084,256,350,-94
119000085,482,126,356
119000086,342,341,1
119000087,1064,491,573
119000088,390,162,228
119000089,54,158,-104
119000090,103,105,-2
119000091,77,320,-243
119000092,270,132,138
119000093,2856,1628,1228
119000094,3173,3891,-718
119000095,1973,1911,62
119000097,1475,901,574
119000098,945,2957,-2012
119000099,2031,1086,945
119000100,3976,2767,1209
119000101,3754,1344,2410
119000102,572,1018,-446
119000103,1233,559,674
119000104,1389,901,488
119000105,956,2137,-1181
119000106,378,643,-265
119000107,1164,520,644
119000108,365,450,-85
119000109,115,499,-384
119000110,320,375,-55
119000111,38,539,-501
119000112,131,117,14
119000113,1127,267,860
119000114,1007,977,30
119000115,119,158,-39
119000116,81,76,5
119000117,144,348,-204
119000118,4,1,3
119000123,3363,1606,1757
119000124,744,122,622
119000125,4116,482,3634
119000126,769,310,459
119000127,522,349,173
119000128,10,0,10
119000131,896,303,593
119000132,3,4,-1
119000133,0,5,-5
119000134,1157,422,735
119000135,162,149,13
119000136,289,76,213
119000137,274,168,106
119000138,570,167,403
119000139,222,99,123
119000140,389,298,91
119000284,822,2045,-1223
119000285,1469,1461,8
119000286,4327,3669,658
119000287,932,1317,-385
119000288,1643,634,1009
119000289,1097,1375,-278
119000290,188,239,-51
119000291,12,150,-138
119000293,136,104,32
119000294,39,22,17
119000295,971,245,726
119000296,238,113,125
119000302,972,894,78
119000303,54,109,-55
119000314,1206,9704,-8498
119000315,2,175,-173
119000316,103,60,43
119000317,64,134,-70
119900001,229,1270,-1041
119900002,137,119,18
119900003,21,461,-440
119900004,179,1492,-1313
119900005,242,69,173
119900006,213,386,-173
119900007,938,282,656
119900008,121,40,81
119900009,517,401,116
119900010,751,860,-109
119900011,25,150,-125
119900012,20,103,-83
119900013,1648,1294,354
119900014,469,256,213
119900015,125,32,93
119900016,53,46,7
119900017,55,37,18
119900018,1265,1181,84
119900019,55,12,43
119900020,214,165,49
119900021,166,78,88
119900022,70,1053,-983
119900023,313,1527,-1214
119900025,260,7,253
119900026,474,127,347
119900027,20,10,10
119900028,168,138,30
119900029,4,9,-5
119900030,740,310,430
119900031,66,530,-464
119900033,1731,336,1395
119900034,595,70,525
119900037,212,19,193
119900038,41,354,-313
119900039,31,7,24
119900040,188,14,174
119900041,181,22,159
119900042,225,116,109
119900043,112,92,20
119900044,196,970,-774
119900046,214,43,171
119900047,345,93,252
119900048,55,13,42
119900049,144,2,142
119900050,160,139,21
119900051,1210,21,1189
119900052,90,32,58
119900053,241,92,149
119900054,156,10,146
119900055,1438,471,967
119900057,266,48,218
119900058,291,4,287
119900059,61,38,23
119900060,355,41,314
119900061,478,31,447
119900062,108,23,85
119900063,9,56,-47
119900064,581,82,499
119900065,254,18,236
119900066,4,1,3
119900067,89,29,60
119900068,548,5,543
119900069,143,10,133
119900070,1622,34,1588
119900071,870,31,839
119900072,334,213,121
119900073,1035,451,584
119900074,28,36,-8
119900075,2289,2123,166
119900076,726,193,533
119900077,1096,413,683
119900078,551,492,59
119900079,409,159,250
119900080,340,163,177
119900081,47,17,30
119900082,1866,238,1628
119900083,265,112,153
119900084,524,376,148
119900085,24,35,-11
119900086,221,450,-229
119900087,675,421,254
119900088,28,32,-4
119900089,24,253,-229
119900090,107,43,64
119900091,84,470,-386
119900092,93,295,-202
119900093,1148,191,957
119900094,19,104,-85
119900095,144,107,37
119900096,21,80,-59
119900097,364,160,204
119900098,47,36,11
119900099,54,138,-84
119900100,1125,2557,-1432
119900101,120,1120,-1000
119900102,49,114,-65
119900103,57,158,-101
119900104,42,127,-85
119900105,845,2365,-1520
119900106,8,92,-84
119900107,181,1309,-1128
119900108,2685,555,2130
119900109,13,129,-116
119900110,585,346,239
119900111,188,154,34
119900112,739,516,223
119900113,45,192,-147
119900114,265,560,-295
119900115,478,489,-11
119900116,118,306,-188
119900117,352,328,24
119900118,156,383,-227
119900119,259,122,137
119900120,483,402,81
119900121,430,446,-16
119900122,222,203,19
119900123,185,235,-50
119900124,227,395,-168
119900125,37,196,-159
119900126,2580,271,2309
119900127,1224,735,489
119900128,516,344,172
119900129,227,229,-2
119900130,11,160,-149
119900131,29,113,-84
119900132,4,94,-90
119900133,58,82,-24
119900134,781,163,618
119900135,0,157,-157
119900136,142,211,-69
119900138,279,416,-137
119900139,41,118,-77
119900140,4,54,-50
119900141,64,745,-681
119900142,13,43,-30
119900143,18,139,-121
119900144,959,230,729
119900145,69,78,-9
119900146,165,175,-10
119900147,5,146,-141
119900148,286,55,231
119900149,681,4963,-4282
119900150,104,107,-3
119900151,1174,771,403
119900152,116,153,-37
119900153,223,46,177
119900154,15,130,-115
119900155,39,40,-1
119900156,17,2,15
119900157,190,127,63
119900158,245,38,207
119900159,3,687,-684
119900160,37,102,-65
119900161,126,96,30
119900162,909,1075,-166
119900163,69,115,-46
119900164,0,2,-2
119900165,177,98,79
119900166,129,38,91
119900167,52,52,0
119900168,1082,437,645
119900169,116,255,-139
119900170,192,225,-33
119900171,826,233,593
119900172,150,31,119
119900173,8,192,-184
119900174,4,107,-103
119900175,1561,497,1064
119900177,34,102,-68
119900178,3,84,-81
119900179,122,598,-476
119900180,967,695,272
119900181,60,132,-72
119900182,14,170,-156
119900183,97,419,-322
119900184,1096,373,723
119900185,67,214,-147
119900186,49,1203,-1154
119900187,8,189,-181
119900188,117,237,-120
119900189,303,332,-29
119900190,70,332,-262
119900191,237,265,-28
119900192,90,124,-34
119900193,513,106,407
119900194,35,87,-52
119900195,59,100,-41
119900196,661,303,358
119900197,324,163,161
119900198,246,148,98
119900199,120,27,93
119900200,639,496,143
119900201,205,152,53
119900202,88,270,-182
119900203,212,562,-350
119900204,388,171,217
119900205,1011,266,745
119900206,246,101,145
119900208,155,194,-39
119900209,553,1421,-868
119900210,51,16,35
119900211,70,10,60
119900212,213,164,49
119900213,13,63,-50
119900214,59,53,6
119900215,49,29,20
119900216,22,32,-10
119900217,16,36,-20
119900218,6,39,-33
119900219,5,69,-64
119900220,7,53,-46
119900221,18,115,-97
119900222,6,71,-65
119900223,5,31,-26
119900224,12,20,-8
119900225,408,35,373
119900226,339,1911,-1572
119900227,469,261,208
119900228,86,224,-138
119900229,245,290,-45
119900230,861,388,473
119900231,364,87,277
119900232,193,115,78
119900233,77,9,68
119900234,27,71,-44
119900235,8,54,-46
119900236,19,126,-107
119900237,56,611,-555
119900238,0,40,-40
119900240,80,67,13
119900241,147,155,-8
119900242,1321,1399,-78
119900244,551,936,-385
119900245,103,161,-58
119900246,268,571,-303
119900247,36,114,-78
119900248,53,305,-252
119900249,250,99,151
119900253,1286,405,881
119900254,115,816,-701
119900255,150,618,-468
119900256,988,568,420
119900257,112,3,109
119900258,193,9,184
119900259,7,51,-44
119900260,165,12,153
119900261,335,98,237
119900262,1,108,-107
119900263,1000,240,760
119900264,115,101,14
119900265,442,225,217
119900266,432,135,297
119900267,269,305,-36
119900268,153,50,103
119900269,871,564,307
119900271,35,94,-59
119900272,403,294,109
119900275,172,77,95
119900276,62,10,52
119900277,16,9,7
119900278,156,80,76
119900279,118,265,-147
119900280,427,109,318
119900281,1,234,-233
119900282,48,123,-75
119900283,23,154,-131
119900284,38,142,-104
119900285,17,51,-34
119900286,4,11,-7
119900288,2,12,-10
119900289,2,15,-13
119900290,5,14,-9
119900291,3,105,-102
119900292,20,65,-45
119900293,20,57,-37
119900294,19,48,-29
119900295,29,16,13
119900296,60,88,-28
119900297,3,25,-22
119900298,5,7,-2
119900299,48,79,-31
119900300,235,141,94
119900301,123,121,2
119900302,168,99,69
119900303,315,99,216
119900304,198,31,167
119900305,6,72,-66
119900306,23,1,22
119900307,89,49,40
119900308,11,17,-6
119900309,53,146,-93
119900310,208,214,-6
119900311,124,49,75
119900312,130,51,79
119900313,261,215,46
119900314,211,354,-143
119900315,2488,1190,1298
119900318,20,50,-30
119900319,15,142,-127
119900320,321,331,-10
119900321,116,14,102
120000001,6593,16207,-9614
120000002,2257,1711,546
120000003,2077,1091,986
120000004,1969,1249,720
120000005,2355,1435,920
120000006,919,834,85
120000007,2223,2746,-523
120000008,750,937,-187
120000009,1586,960,626
120000010,1709,1829,-120
120000011,941,1144,-203
120000012,1478,1640,-162
120000013,2946,2201,745
120000014,676,1158,-482
120000015,2240,1239,1001
120000016,3482,1910,1572
120000017,3115,2721,394
120000018,2706,12416,-9710
120000019,947,1452,-505
120000020,2118,3164,-1046
120000021,1366,1976,-610
120000022,2330,3286,-956
120000023,972,1304,-332
120000024,1055,1819,-764
120000025,2330,1433,897
120000026,2264,1328,936
120000027,2130,1751,379
120000028,668,1763,-1095
120000029,1563,1567,-4
120000030,846,912,-66
120000031,1975,5158,-3183
120000032,5290,2856,2434
120000033,3883,1237,2646
120000034,2250,1122,1128
120000035,2367,1379,988
120000036,2710,4447,-1737
120000037,540,1324,-784
120000038,3732,2980,752
120000039,565,693,-128
120000040,193,635,-442
120000041,761,990,-229
120000042,1768,1331,437
120000043,4542,1088,3454
120000044,5452,1337,4115
120000045,6318,874,5444
120000046,3965,2636,1329
120000047,627,6261,-5634
120000048,5053,3577,1476
120000049,3314,2295,1019
120000050,3282,2862,420
120000051,2209,3875,-1666
120000052,5513,1886,3627
120000053,1155,1410,-255
120000054,1163,2294,-1131
120000055,1429,3110,-1681
120000056,4370,3093,1277
120000057,3763,1057,2706
120000058,1589,1349,240
120000059,15,1329,-1314
120000061,96,288,-192
120000062,118,292,-174
120000063,912,1614,-702
120000064,180,661,-481
120000065,487,949,-462
120000066,218,479,-261
120000067,54,449,-395
120000068,189,434,-245
120000069,523,485,38
120000070,79,315,-236
120000071,766,72,694
120000072,988,301,687
120000073,1051,109,942
120000074,158,123,35
120000075,1077,281,796
120000076,2518,399,2119
120000077,2177,690,1487
120000078,3075,1212,1863
120000079,261,116,145
120000080,143,151,-8
120000081,289,112,177
120000082,236,212,24
120000083,76,610,-534
120000084,373,234,139
120000085,276,243,33
120000086,214,267,-53
120000087,216,287,-71
120000088,669,728,-59
120000089,1025,446,579
120000090,612,357,255
120000091,1028,735,293
120000092,1158,450,708
120000093,640,365,275
120000094,162,606,-444
120000095,891,317,574
120000096,325,485,-160
120000098,909,464,445
120000099,399,577,-178
120000100,768,600,168
120000101,659,382,277
120000102,620,891,-271
120000103,1419,866,553
120000104,2076,534,1542
120000105,3698,660,3038
120000106,2752,646,2106
120000107,4374,492,3882
120000108,1630,124,1506
120000109,1359,63,1296
120000110,68,578,-510
120000111,78,599,-521
120000112,560,1437,-877
120000113,516,1014,-498
120000114,753,1435,-682
120000115,218,1302,-1084
120000116,551,1141,-590
120000117,755,892,-137
120000118,30,56,-26
120000119,18,42,-24
120000120,92,95,-3
120000121,18,46,-28
120000122,201,396,-195
120000123,2520,6738,-4218
120000124,417,268,149
120000125,643,465,178
120000126,284,960,-676
120000127,1637,1134,503
120000128,2027,3814,-1787
120000129,201,205,-4
120000130,605,369,236
120000131,333,567,-234
120000134,312,424,-112
120000135,806,459,347
120000137,291,512,-221
120000138,1358,251,1107
120000139,311,299,12
120000140,1149,265,884
120000141,342,316,26
120000142,621,421,200
120000143,0,63,-63
120000144,171,7,164
120000145,459,2,457
120000146,758,814,-56
120000149,668,840,-172
120000150,1703,9975,-8272
120000151,424,379,45
120000152,769,116,653
120000153,396,333,63
120000154,504,393,111
120000155,150,205,-55
120000156,425,1194,-769
120000157,1021,414,607
120000158,803,562,241
120000159,1420,1713,-293
120000160,2153,1458,695
120000161,2423,1737,686
120000162,63,232,-169
120000163,830,704,126
120000164,767,205,562
120000165,690,407,283
120000166,1599,296,1303
120000167,258,241,17
120000168,37,726,-689
120000169,50,2385,-2335
120000170,69,1641,-1572
120000171,49,567,-518
120000172,15,370,-355
120000173,887,1547,-660
120000174,173,51,122
120000175,182,46,136
120000176,211,36,175
120000177,823,102,721
120000178,39,12,27
120000179,152,56,96
120000180,331,78,253
120000181,120,1247,-1127
120000182,56,578,-522
120000183,5,305,-300
120000184,122,1078,-956
120000186,61,775,-714
120000187,36,323,-287
120000188,95,538,-443
120000190,286,101,185
120000191,505,123,382
120000192,528,34,494
120000193,219,13,206
120000195,59,5,54
120000196,195,29,166
120000197,59,67,-8
120000198,286,59,227
120000199,139,1,138
120000200,204,3,201
120000201,10,53,-43
120000202,3,40,-37
120000203,87,156,-69
120000207,2,76,-74
120000208,14,97,-83
120000209,3,35,-32
120000210,49,68,-19
120000211,258,6,252
120000212,296,1,295
120000213,184,127,57
120000214,1,140,-139
120000215,4,97,-93
120000216,128,31,97
120000217,366,906,-540
120000218,98,463,-365
120000219,2,243,-241
120000220,4,713,-709
120000225,2170,4,2166
120000226,518,3,515
120000227,942,110,832
120000228,9438,3935,5503
120000230,585,24,561
120000231,1683,1196,487
120000233,498,5,493
120000235,359,401,-42
120000236,1260,1,1259
120000237,1,739,-738
120000238,1,905,-904
120000241,1110,3523,-2413
120000412,397,10,387
120000413,374,104,270
120000414,191,0,191
120000415,0,35,-35
120000416,129,2,127
120000417,9,68,-59
120000418,288,16,272
120000419,9,129,-120
120000420,30,12,18
120000421,6574,4427,2147
120000422,99,1380,-1281
120000423,2,93,-91
120000424,130,92,38
120000436,104,647,-543
120000437,78,77,1
120000438,1276,215,1061
120000439,251,560,-309
120000443,169,1,168
120000444,1501,337,1164
120000445,1695,807,888
120000446,666,167,499
120000447,283,0,283
120000449,183,4,179
120000450,3,102,-99
120000451,132,189,-57
120000452,313,1,312
120000453,0,154,-154
120000454,50,47,3
120000455,76,42,34
120000456,1712,3864,-2152
120000457,781,380,401
120000458,370,450,-80
120000459,139,71,68
120000665,700,239,461
120000668,133,983,-850
120000669,105,138,-33
120000670,113,1082,-969
120000671,1504,469,1035
120000672,56,355,-299
120900001,67,82,-15
120900002,243,600,-357
120900003,211,22,189
120900004,11,117,-106
120900005,4,352,-348
120900006,540,232,308
120900007,169,63,106
120900008,466,692,-226
120900009,296,23,273
120900010,627,118,509
120900011,102,189,-87
120900012,172,1646,-1474
120900013,405,178,227
120900014,1,265,-264
120900015,893,94,799
120900016,1117,54,1063
120900017,1253,55,1198
120900018,228,284,-56
120900019,719,444,275
120900020,556,1613,-1057
120900021,873,246,627
120900022,14,179,-165
120900023,324,24,300
120900024,1984,442,1542
120900025,1088,1064,24
120900026,272,136,136
120900027,789,18,771
120900028,587,134,453
120900029,104,657,-553
120900030,1555,773,782
120900031,352,129,223
120900032,1551,77,1474
120900033,1365,132,1233
120900034,37,2432,-2395
120900035,59,107,-48
120900037,307,11,296
120900038,71,423,-352
120900039,178,87,91
120900040,406,12,394
120900041,72,23,49
120900042,756,50,706
120900043,89,34,55
120900044,7,304,-297
120900045,121,68,53
120900046,683,8,675
120900047,162,173,-11
120900048,171,35,136
120900049,607,5,602
120900050,1089,1865,-776
120900051,392,75,317
120900052,766,5,761
120900053,469,44,425
120900054,1154,370,784
120900055,493,4,489
120900056,784,29,755
120900057,218,16,202
120900058,772,4,768
120900059,163,3,160
120900060,106,14,92
120900061,190,171,19
120900062,333,3,330
120900063,829,9,820
120900064,788,1,787
120900065,682,5,677
120900066,510,198,312
120900067,191,67,124
120900068,340,1,339
120900069,305,19,286
120900071,55,1,54
120900072,1096,3,1093
120900073,817,58,759
120900074,857,25,832
120900076,478,3,475
120900077,1629,271,1358
120900078,1104,434,670
120900079,999,64,935
120900080,1025,742,283
120900081,1328,531,797
120900082,288,431,-143
120900083,120,5,115
120900084,476,532,-56
120900085,79,99,-20
120900086,79,397,-318
120900087,535,397,138
120900088,215,623,-408
120900089,1852,3662,-1810
120900090,372,47,325
120900091,516,924,-408
120900092,760,285,475
120900093,967,107,860
120900094,251,163,88
120900095,412,7,405
120900096,57,183,-126
120900097,638,351,287
120900098,152,105,47
120900099,78,77,1
120900100,110,159,-49
120900101,341,138,203
120900102,62,94,-32
120900103,62,181,-119
120900104,9,58,-49
120900105,44,236,-192
120900106,781,295,486
120900107,183,131,52
120900108,9,250,-241
120900109,35,356,-321
120900110,8,258,-250
120900111,207,225,-18
120900112,18,380,-362
120900113,15,421,-406
120900114,33,97,-64
120900115,118,208,-90
120900116,533,211,322
120900117,8,251,-243
120900118,17,391,-374
120900119,5371,2912,2459
120900120,59,260,-201
120900121,99,324,-225
120900122,764,241,523
120900123,4,160,-156
120900124,3,302,-299
120900125,9,438,-429
120900126,1153,701,452
120900127,13,174,-161
120900128,752,944,-192
120900129,35,179,-144
120900130,4,197,-193
120900131,78,63,15
120900132,1159,154,1005
120900133,63,398,-335
120900134,492,292,200
120900135,5,329,-324
120900136,39,53,-14
120900137,288,88,200
120900138,20,140,-120
120900139,5,365,-360
120900140,6,113,-107
120900141,315,128,187
120900142,3,192,-189
120900143,1,405,-404
120900144,2,77,-75
120900145,189,464,-275
120900146,1,473,-472
120900147,0,407,-407
120900148,156,119,37
120900149,0,123,-123
120900150,65,288,-223
120900151,2,273,-271
120900152,3,17,-14
120900153,66,74,-8
120900154,0,99,-99
120900155,212,564,-352
120900156,122,223,-101
120900157,111,211,-100
120900158,89,351,-262
120900159,127,271,-144
120900160,48,452,-404
120900161,44,310,-266
120900162,63,452,-389
120900163,92,787,-695
120900164,2,76,-74
120900165,5,410,-405
120900166,123,543,-420
120900167,352,134,218
120900169,98,148,-50
120900170,464,3039,-2575
120900171,609,138,471
120900172,358,1316,-958
120900173,0,25,-25
120900174,18,84,-66
120900175,125,110,15
120900176,7,349,-342
120900177,4,1362,-1358
120900178,1,649,-648
120900179,500,321,179
120900180,84,159,-75
120900181,80,33,47
120900182,30,211,-181
120900183,517,79,438
120900184,218,58,160
120900185,28,396,-368
120900186,3,185,-182
120900187,546,800,-254
120900188,241,11,230
120900189,84,1739,-1655
120900190,138,5,133
120900191,14,14,0
120900192,4767,9416,-4649
120900194,73,53,20
120900195,117,193,-76
120900196,640,29,611
120900197,846,158,688
120900198,185,384,-199
120900199,459,1241,-782
120900200,47,94,-47
120900201,276,139,137
120900202,0,95,-95
120900203,40,85,-45
120900204,76,133,-57
120900205,48,40,8
120900206,20,45,-25
121000001,500,844,-344
121000002,2040,1476,564
121000003,2170,1546,624
121000004,2141,3148,-1007
121000005,1267,2063,-796
121000006,2808,1985,823
121000007,1734,2503,-769
121000008,4265,3823,442
121000009,3377,4616,-1239
121000010,5996,5744,252
121000011,5401,9729,-4328
121000012,11676,9003,2673
121000013,4065,5148,-1083
121000014,4648,4216,432
121000015,3344,5557,-2213
121000016,3242,2779,463
121000017,2047,2967,-920
121000018,2678,1541,1137
121000019,10226,9327,899
121000020,10029,17260,-7231
121000021,1865,1793,72
121000022,2614,3454,-840
121000023,2602,1811,791
121000024,4612,4234,378
121000025,351,1225,-874
121000026,240,118,122
121000027,1146,1062,84
121000028,739,457,282
121000029,762,401,361
121000030,246,194,52
121000031,483,526,-43
121000032,184,108,76
121000034,250,180,70
121000035,105,127,-22
121000036,712,685,27
121000037,497,427,70
121000038,316,835,-519
121000039,211,307,-96
121000041,432,374,58
121000042,268,299,-31
121000043,475,418,57
121000044,1090,815,275
121000045,449,231,218
121000046,714,808,-94
121000047,54,77,-23
121000049,918,497,421
121000050,257,1068,-811
121000051,494,189,305
121000052,322,600,-278
121000053,297,122,175
121000054,54,355,-301
121000055,726,1021,-295
121000056,634,855,-221
121000057,291,394,-103
121000058,197,177,20
121000059,1954,973,981
121000060,495,1015,-520
121000061,128,349,-221
121000062,160,382,-222
121000063,684,734,-50
121000064,533,527,6
121000065,255,371,-116
121000066,214,258,-44
121000067,348,522,-174
121000068,598,326,272
121000069,174,1039,-865
121000070,1452,933,519
121000071,1455,1259,196
121000072,1322,474,848
121000073,1071,998,73
121000074,130,115,15
121000075,27,353,-326
121000076,286,352,-66
121000077,143,197,-54
121000078,110,148,-38
121000080,1535,485,1050
121000081,3556,3094,462
121000082,65,204,-139
121000083,87,117,-30
121000084,161,117,44
121000085,182,315,-133
121000086,269,454,-185
121000087,67,208,-141
121000088,438,377,61
121000089,299,375,-76
121000090,293,300,-7
121000091,937,729,208
121000092,207,56,151
121000093,177,147,30
121000094,378,679,-301
121000095,332,577,-245
121000096,2166,1761,405
121000097,591,2021,-1430
121000098,631,522,109
121000099,658,497,161
121000100,959,203,756
121000101,487,208,279
121000102,334,135,199
121000103,282,171,111
121000104,369,80,289
121000105,486,176,310
121000106,372,220,152
121000107,1741,2275,-534
121000109,881,850,31
121000110,218,560,-342
121000114,2360,1661,699
121000115,1104,450,654
121000116,241,609,-368
121000117,344,159,185
121000118,1548,146,1402
121000119,230,346,-116
121000120,269,311,-42
121000121,552,953,-401
121000123,1175,577,598
121000126,66,286,-220
121000127,143,61,82
121000128,1047,245,802
121000129,932,491,441
121000130,654,538,116
121000131,1196,1588,-392
121000132,1018,1810,-792
121000135,349,818,-469
121000136,1097,972,125
121000137,422,301,121
121000138,743,1336,-593
121000139,506,464,42
121000141,228,138,90
121000142,490,620,-130
121000143,115,41,74
121000144,608,1723,-1115
121000145,481,641,-160
121000146,1403,889,514
121000147,1008,443,565
121000148,789,657,132
121000149,1968,1215,753
121000152,404,310,94
121000153,1291,435,856
121000154,978,473,505
121000155,1328,795,533
121000156,395,800,-405
121000157,577,1227,-650
121000158,302,361,-59
121000159,219,288,-69
121000160,268,258,10
121000161,289,216,73
121000162,133,97,36
121000165,1093,1900,-807
121000166,22,275,-253
121000168,466,235,231
121000169,85,106,-21
121000170,323,86,237
121000171,63,125,-62
121000172,645,526,119
121000173,1015,1169,-154
121000174,370,435,-65
121000175,1098,282,816
121000176,321,238,83
121000177,679,392,287
121000178,81,36,45
121000179,38,32,6
121000181,381,306,75
121000182,144,214,-70
121000183,109,112,-3
121000184,202,152,50
121000185,45,228,-183
121000186,234,563,-329
121000187,188,94,94
121000188,187,85,102
121000192,859,340,519
121000193,536,403,133
121000194,1597,1721,-124
121000195,150,757,-607
121000196,244,135,109
121000197,158,445,-287
121000198,169,194,-25
121000199,93,126,-33
121000200,520,121,399
121000201,20,96,-76
121000202,179,4,175
121000203,792,1319,-527
121000204,2906,722,2184
121000205,103,191,-88
121000206,189,45,144
121000207,2048,603,1445
121000208,7,223,-216
121000209,458,110,348
121000210,749,230,519
121000211,411,87,324
121000212,575,317,258
121000213,7707,2307,5400
121000214,758,1750,-992
121000215,753,954,-201
121000216,409,543,-134
121000217,3089,2544,545
121000218,254,1092,-838
121000219,1205,498,707
121000220,112,92,20
121000221,123,288,-165
121000222,1635,2326,-691
121000223,229,321,-92
121000224,161,340,-179
121000225,639,1720,-1081
121000226,2359,1121,1238
121000227,16,96,-80
121000228,24,410,-386
121000229,386,377,9
121000230,35,1169,-1134
121000231,1323,36,1287
121000232,280,272,8
121000233,483,252,231
121000234,18,35,-17
121000235,60,52,8
121000236,6,40,-34
121000237,28,10,18
121000238,11,50,-39
121000239,55,5,50
121000240,4,119,-115
121000241,79,13,66
121000242,36,391,-355
121000243,206,54,152
121000244,8,75,-67
121000245,30,25,5
121000246,5,79,-74
121000247,123,3,120
121000248,352,622,-270
121000249,103,223,-120
121000250,624,282,342
121000251,23,174,-151
121000252,125,97,28
121000253,252,199,53
121000254,640,99,541
121000255,137,112,25
121000256,283,167,116
121000257,29,75,-46
121000258,70,51,19
121000259,27,69,-42
121000260,59,72,-13
121000261,79,44,35
121000262,750,554,196
121000263,479,252,227
121000271,315,1008,-693
121000273,33,5,28
121000274,14,61,-47
121000275,3,8,-5
121000276,8,18,-10
121000278,38,14,24
121000279,16,7,9
121000280,42,42,0
121000289,226,23,203
121000290,824,718,106
121000294,190,44,146
121000297,485,954,-469
121000299,70,337,-267
121000300,743,516,227
121000302,59,722,-663
121000303,447,229,218
121000304,413,74,339
121000305,135,59,76
121000306,100,140,-40
121000308,134,264,-130
121000309,326,357,-31
121000310,108,245,-137
121000311,93,562,-469
121000312,324,256,68
121000313,232,364,-132
121000314,51,68,-17
121000315,14,57,-43
121000530,1565,1031,534
121000531,1704,1155,549
121000532,5782,7231,-1449
121000533,2786,2975,-189
121000918,33,57,-24
121000919,34,85,-51
121000938,41,118,-77
121000939,30,194,-164
121000956,1651,708,943
121000957,5,8,-3
121000958,24,30,-6
121000959,834,382,452
121000960,1163,1301,-138
121000961,248,45,203
121000962,363,316,47
121000973,0,150,-150
121000976,7,219,-212
121000979,332,144,188
121000981,294,85,209
121000982,337,92,245
121000983,423,216,207
121000984,28,48,-20
121000985,801,243,558
121000986,484,75,409
121000987,278,397,-119
121000988,1020,85,935
121001302,190,116,74
121001308,3,9,-6
121001309,57,321,-264
121001313,152,50,102
121001314,1232,1739,-507
121001315,4646,2538,2108
121900001,124,142,-18
121900002,26,24,2
121900003,401,22,379
121900004,115,258,-143
121900005,14,8,6
121900006,136,43,93
121900007,1474,1703,-229
121900008,186,694,-508
121900009,539,17,522
121900010,201,1,200
121900011,261,193,68
121900012,28,0,28
121900013,742,99,643
121900014,1093,335,758
121900015,191,157,34
121900016,2,19,-17
121900017,788,305,483
121900018,358,9,349
121900019,581,171,410
121900020,13,2,11
121900021,1065,15,1050
121900022,249,228,21
121900023,147,241,-94
121900024,260,60,200
121900025,535,337,198
121900026,296,25,271
121900027,504,163,341
121900028,252,9,243
121900029,134,187,-53
121900030,399,523,-124
121900031,706,5898,-5192
121900032,110,61,49
121900033,176,225,-49
121900034,347,90,257
121900035,2208,2170,38
121900036,100,311,-211
121900037,186,857,-671
121900038,27,97,-70
121900039,332,62,270
121900040,81,83,-2
121900041,119,162,-43
121900042,381,205,176
121900043,0,4,-4
121900044,69,74,-5
121900045,321,166,155
121900046,273,317,-44
121900047,168,63,105
121900048,106,81,25
121900050,52,45,7
121900051,200,105,95
121900052,229,39,190
121900053,417,330,87
121900054,362,834,-472
121900055,1,14,-13
121900058,293,139,154
121900059,358,159,199
121900060,140,232,-92
121900061,175,157,18
121900062,141,127,14
121900063,1403,348,1055
121900064,353,381,-28
121900066,89,20,69
121900067,73,20,53
121900069,135,93,42
121900070,205,167,38
121900071,402,223,179
121900072,51,73,-22
121900073,160,166,-6
121900074,491,1114,-623
121900075,318,739,-421
121900076,537,341,196
121900077,28,12,16
121900078,101,40,61
121900079,0,0,0
121900080,858,349,509
121900082,67,66,1
121900084,22,41,-19
121900085,5,12,-7
121900086,16,65,-49
121900087,118,102,16
121900088,1226,2850,-1624
121900089,246,204,42
121900090,69,55,14
121900091,81,51,30
121900092,98,115,-17
121900093,73,56,17
121900094,10,6,4
121900095,333,158,175
121900096,1110,666,444
121900097,738,217,521
121900098,5,5,0
121900099,233,41,192
121900100,78,499,-421
121900101,122,95,27
121900102,2,102,-100
121900103,424,148,276
121900104,1568,271,1297
121900105,338,260,78
121900106,9,19,-10
121900107,75,23,52
121900108,0,23,-23
121900109,233,124,109
121900110,698,424,274
121900111,562,230,332
121900112,194,135,59
121900113,46,506,-460
121900114,111,47,64
121900115,118,294,-176
121900117,174,195,-21
121900118,1437,673,764
121900119,292,58,234
121900120,44,925,-881
121900121,342,22,320
121900122,31,59,-28
121900123,150,347,-197
121900124,152,130,22
121900125,1708,908,800
121900127,11,94,-83
121900128,77,68,9
121900129,293,134,159
121900130,86,173,-87
121900131,188,91,97
121900132,70,58,12
121900133,53,1079,-1026
121900134,29,170,-141
121900135,2876,460,2416
121900136,457,196,261
121900137,36,258,-222
121900138,113,135,-22
121900139,271,620,-349
121900140,73,123,-50
121900141,70,33,37
121900142,136,105,31
121900143,19,145,-126
121900144,88,182,-94
121900145,240,299,-59
121900146,514,559,-45
121900147,53,158,-105
121900148,138,255,-117
121900149,314,396,-82
121900150,28,100,-72
121900151,61,194,-133
121900152,96,78,18
121900153,40,727,-687
121900154,10,215,-205
121900155,3,132,-129
121900156,136,106,30
121900157,2,222,-220
121900158,74,75,-1
121900159,2,163,-161
121900160,25,188,-163
121900161,213,343,-130
121900162,50,131,-81
121900163,345,307,38
121900164,275,115,160
121900165,212,83,129
121900166,129,121,8
121900167,83,84,-1
121900168,143,173,-30
121900169,6,138,-132
121900170,10,176,-166
121900171,819,528,291
121900172,516,185,331
121900173,643,241,402
121900174,48,58,-10
121900175,160,242,-82
121900176,415,1071,-656
121900177,142,54,88
121900179,462,190,272
121900180,1829,4984,-3155
121900182,667,326,341
121900183,761,1218,-457
121900184,106,576,-470
121900185,122,63,59
121900186,5,463,-458
121900187,20,170,-150
121900188,478,273,205
121900189,37,87,-50
121900190,192,320,-128
121900191,121,221,-100
121900192,211,765,-554
121900194,10,330,-320
121900195,41,74,-33
121900196,743,767,-24
121900197,250,799,-549
121900198,1019,782,237
121900199,4,22,-18
121900200,31,146,-115
121900201,645,803,-158
121900202,134,596,-462
121900203,139,876,-737
121900204,559,1159,-600
121900205,139,134,5
121900206,13,30,-17
121900207,72,58,14
121900208,111,235,-124
121900209,85,42,43
121900210,1051,871,180
121900211,10,106,-96
121900212,88,82,6
121900213,191,37,154
121900214,13,415,-402
121900215,41,123,-82
121900216,28,273,-245
121900217,210,164,46
121900218,157,324,-167
121900219,260,62,198
121900220,106,13,93
121900221,211,472,-261
121900222,189,57,132
121900223,162,50,112
121900224,108,44,64
121900225,92,99,-7
121900226,376,84,292
121900227,241,433,-192
121900228,152,212,-60
121900229,280,253,27
121900230,59,341,-282
121900231,86,1970,-1884
121900232,156,280,-124
121900233,139,165,-26
121900234,442,151,291
121900235,635,107,528
121900236,316,140,176
121900237,148,274,-126
121900238,122,225,-103
121900239,196,50,146
121900240,289,144,145
121900241,88,35,53
121900242,12,0,12
121900243,12,0,12
121900244,26,12,14
121900245,196,49,147
121900246,2314,181,2133
121900247,265,209,56
121900248,940,1126,-186
121900250,220,299,-79
121900251,343,41,302
121900252,468,142,326
121900253,59,479,-420
121900254,344,243,101
121900255,309,91,218
121900258,3040,1859,1181
121900259,267,532,-265
121900260,176,97,79
121900261,116,493,-377
121900262,296,787,-491
121900263,342,219,123
121900264,1151,1097,54
121900265,346,163,183
121900266,586,123,463
121900267,73,23,50
121900269,189,817,-628
121900270,41,145,-104
121900271,35,115,-80
121900273,346,1676,-1330
121900274,301,211,90
121900276,813,86,727
121900277,405,705,-300
121900278,97,633,-536
121900279,152,129,23
121900280,151,345,-194
121900281,146,577,-431
121900284,76,5,71
121900286,177,82,95
121900287,13,29,-16
121900290,191,436,-245
121900291,295,619,-324
121900292,148,134,14
121900293,684,2326,-1642
121900294,218,5,213
121900295,172,167,5
121900296,57,196,-139
121900298,184,890,-706
121900299,4,22,-18
121900300,111,21,90
121900301,53,5,48
121900302,2,39,-37
121900303,282,243,39
121900304,15,18,-3
121900305,5,11,-6
121900306,267,0,267
121900307,154,7,147
121900308,11,157,-146
121900309,6,104,-98
121900310,8,181,-173
121900311,470,21,449
121900312,400,7,393
121900313,405,20,385
121900314,1,42,-41
121900315,11,0,11
121900316,0,3,-3
121900317,24,1,23
121900318,3,11,-8
121900319,27,157,-130
121900320,29,34,-5
121900321,25,3,22
121900322,3,15,-12
121900323,12,17,-5
121900324,2,28,-26
121900325,13,0,13
121900326,0,12,-12
121900327,3,26,-23
121900328,1,19,-18
121900329,2,48,-46
121900330,1,89,-88
121900331,49,49,0
121900332,63,28,35
122000001,1260,3805,-2545
122000002,2214,1084,1130
122000003,1219,2413,-1194
122000004,1727,1224,503
122000005,2047,1861,186
122000006,1160,858,302
122000007,644,1305,-661
122000008,1519,3213,-1694
122000009,304,358,-54
122000010,1660,2376,-716
122000011,2938,1525,1413
122000012,719,1875,-1156
122000013,664,912,-248
122000014,1622,892,730
122000015,957,980,-23
122000016,434,610,-176
122000017,981,910,71
122000018,1227,1364,-137
122000019,695,947,-252
122000020,208,236,-28
122000021,185,375,-190
122000022,861,947,-86
122000023,777,1369,-592
122000024,514,1519,-1005
122000025,606,1812,-1206
122000026,455,1163,-708
122000027,502,1030,-528
122000028,799,470,329
122000029,372,470,-98
122000030,141,127,14
122000031,153,261,-108
122000032,1715,1551,164
122000033,365,1416,-1051
122000034,417,571,-154
122000035,285,575,-290
122000036,469,312,157
122000037,291,215,76
122000038,181,242,-61
122000039,478,382,96
122000040,159,195,-36
122000041,352,470,-118
122000042,282,322,-40
122000043,72,110,-38
122000044,114,89,25
122000045,990,442,548
122000046,678,642,36
122000047,177,191,-14
122000048,2482,3678,-1196
122000049,4578,3070,1508
122000050,905,635,270
122000051,126,352,-226
122000052,378,409,-31
122000053,147,777,-630
122000054,1876,1585,291
122000055,1616,2807,-1191
122000056,2819,2494,325
122000057,1988,3076,-1088
122000058,1084,1406,-322
122000059,1191,1939,-748
122000060,380,723,-343
122000061,228,516,-288
122000062,503,249,254
122000063,658,778,-120
122000064,2374,3161,-787
122000065,2263,1897,366
122000066,737,780,-43
122000067,1075,897,178
122000068,1512,924,588
122000069,696,548,148
122000070,741,1178,-437
122000071,1791,943,848
122000072,399,375,24
122000073,222,662,-440
122000074,2679,1218,1461
122000075,663,946,-283
122000076,2848,1161,1687
122000077,661,946,-285
122000078,957,2393,-1436
122000079,500,1183,-683
122000080,442,285,157
122000081,125,192,-67
122000082,319,874,-555
122000083,2200,1017,1183
122000084,1839,1008,831
122000085,259,662,-403
122000086,1735,4757,-3022
122000087,273,485,-212
122000088,322,361,-39
122000089,3318,2236,1082
122000090,174,507,-333
122000091,120,131,-11
122000092,55,17,38
122000093,1507,2410,-903
122000094,3606,2772,834
122000095,1010,3395,-2385
122000096,801,1545,-744
122000098,1796,2822,-1026
122000099,929,721,208
122000100,590,475,115
122000101,351,429,-78
122000102,1552,798,754
122000103,1694,1230,464
122000104,409,123,286
122000105,373,209,164
122000106,348,672,-324
122000107,846,400,446
122000108,383,628,-245
122000109,341,198,143
122000110,404,391,13
122000111,2091,1190,901
122000112,903,1140,-237
122000113,556,539,17
122000114,1796,1480,316
122000115,1380,1125,255
122000116,440,577,-137
122000117,1285,402,883
122000118,524,579,-55
122000119,2022,1782,240
122000120,1028,2904,-1876
122000121,1020,2167,-1147
122000122,465,1276,-811
122000123,1329,1507,-178
122000124,713,803,-90
122000125,459,726,-267
122000126,453,1111,-658
122000127,587,783,-196
122000128,263,421,-158
122000129,390,983,-593
122000130,2475,1251,1224
122000131,1061,869,192
122000132,303,415,-112
122000133,898,761,137
122000134,973,704,269
122000135,599,488,111
122000136,796,545,251
122000137,2040,765,1275
122000139,711,3099,-2388
122000140,541,518,23
122000141,2441,1016,1425
122000142,137,644,-507
122000143,368,402,-34
122000144,1163,852,311
122000145,834,683,151
122000146,512,1548,-1036
122000147,489,374,115
122000148,693,1788,-1095
122000149,1522,1012,510
122000150,1144,756,388
122000151,130,298,-168
122000152,234,286,-52
122000153,295,259,36
122000154,186,221,-35
122000155,1336,2010,-674
122000156,2099,2387,-288
122000157,837,2314,-1477
122000158,258,541,-283
122000159,515,1048,-533
122000160,2153,1891,262
122000161,888,920,-32
122000162,1196,1465,-269
122000163,130,84,46
122000164,29,66,-37
122000165,721,564,157
122000166,588,850,-262
122000167,192,229,-37
122000168,183,453,-270
122000169,223,123,100
122000170,278,228,50
122000171,34,85,-51
122000172,1325,1085,240
122000173,1147,1933,-786
122000174,1734,937,797
122000175,558,249,309
122000176,253,625,-372
122000177,1008,1205,-197
122000178,2078,2281,-203
122000179,1307,2065,-758
122000180,1045,1160,-115
122000181,1074,2471,-1397
122000182,1290,1609,-319
122000183,1690,838,852
122000184,2218,2299,-81
122000185,938,1585,-647
122000186,346,707,-361
122000187,1727,705,1022
122000188,356,222,134
122000189,157,276,-119
122000190,693,973,-280
122000191,711,700,11
122000192,1089,277,812
122000193,381,561,-180
122000194,439,180,259
122000195,132,321,-189
122000196,1066,412,654
122000197,479,549,-70
122000198,336,806,-470
122000199,242,304,-62
122000200,745,555,190
122000201,865,1363,-498
122000202,1086,1328,-242
122000203,2133,949,1184
122000204,1061,1300,-239
122000205,740,995,-255
122000206,2116,780,1336
122000207,1797,1088,709
122000208,2115,1089,1026
122000209,1564,365,1199
122000210,1746,1148,598
122000211,1192,970,222
122000212,751,605,146
122000213,868,1275,-407
122000214,1851,1576,275
122000215,1784,1403,381
122000217,1396,1271,125
122000218,652,92,560
122000219,783,675,108
122000220,334,512,-178
122000221,62,356,-294
122000222,494,132,362
122000223,1040,423,617
122000225,725,258,467
122000226,1372,1195,177
122000227,208,1619,-1411
122000228,287,267,20
122000229,68,491,-423
122000230,62,299,-237
122000231,184,539,-355
122000232,562,382,180
122000233,1,34,-33
122000234,376,37,339
122000235,476,72,404
122000236,1560,64,1496
122000237,121,70,51
122000238,303,259,44
122000239,657,147,510
122000240,1010,592,418
122000241,221,300,-79
122000242,570,110,460
122000243,49,26,23
122000244,6,207,-201
122000245,8,49,-41
122000246,30,101,-71
122000247,446,157,289
122000248,562,869,-307
122000249,852,813,39
122000250,1776,781,995
122000251,165,374,-209
122000252,408,101,307
122000253,97,169,-72
122000254,361,78,283
122000255,616,872,-256
122000256,282,455,-173
122000257,186,193,-7
122000258,344,212,132
122000259,26,272,-246
122000260,7,44,-37
122000261,13,195,-182
122000262,1,25,-24
122000263,233,466,-233
122000264,1364,226,1138
122000265,2052,776,1276
122000266,3732,504,3228
122000267,161,97,64
122000268,143,253,-110
122000269,822,214,608
122000270,503,130,373
122000271,214,820,-606
122000272,294,706,-412
122000273,326,283,43
122000274,176,137,39
122000275,60,174,-114
122000276,929,412,517
122000277,1079,1258,-179
122000278,1822,416,1406
122000279,274,234,40
122000280,800,471,329
122000281,834,633,201
122000282,209,293,-84
122000283,266,149,117
122000284,193,42,151
122000285,252,60,192
122000286,64,123,-59
122000287,1213,1081,132
122000288,357,221,136
122000291,2076,625,1451
122000293,177,150,27
122000294,114,231,-117
122000295,1259,141,1118
122000296,49,290,-241
122000297,1785,3433,-1648
122000299,467,363,104
122000300,323,579,-256
122000301,5267,2495,2772
122000302,444,1760,-1316
122000303,2132,1000,1132
122000304,68,184,-116
122000305,1271,153,1118
122000306,28,309,-281
122000307,145,86,59
122000309,43,35,8
122000310,17,53,-36
122000311,104,87,17
122000312,103,112,-9
122000313,56,66,-10
122000314,89,209,-120
122000315,241,35,206
122000316,1168,205,963
122000317,1646,225,1421
122000318,238,917,-679
122000319,117,176,-59
122000320,272,694,-422
122000321,71,114,-43
122000322,1134,1558,-424
122000323,856,1884,-1028
122000324,971,953,18
122000325,741,1773,-1032
122000326,95,71,24
122000327,401,542,-141
122000328,514,326,188
122000330,1449,857,592
122000332,191,303,-112
122000333,4,53,-49
122000337,1177,652,525
122000338,550,216,334
122000340,212,632,-420
122000342,866,702,164
122000343,193,208,-15
122000344,43,12,31
122000345,43,12,31
122000346,272,110,162
122000348,798,534,264
122000349,89,393,-304
122000351,146,152,-6
122000352,237,158,79
122000353,116,47,69
122000355,125,238,-113
122000356,782,1007,-225
122000357,77,19,58
122000358,0,16,-16
122000359,0,18,-18
122000360,0,22,-22
122000362,9,51,-42
122000364,225,266,-41
122000365,1,28,-27
122000366,3,8,-5
122000368,400,504,-104
122000370,33,29,4
122000371,35,0,35
122000372,14,3,11
122000381,130,246,-116
122000382,79,175,-96
122000384,1359,828,531
122000385,109,0,109
122000386,180,1418,-1238
122000387,388,553,-165
122000388,1221,665,556
122000389,167,647,-480
122000390,292,222,70
122000391,192,273,-81
122000392,187,128,59
122000393,44,87,-43
122000394,484,188,296
122000395,106,70,36
122000396,207,50,157
122000397,12,15,-3
122000398,31,31,0
122000399,129,61,68
122000400,70,559,-489
122000401,111,44,67
122000402,378,96,282
122000403,436,365,71
122000404,192,130,62
122000408,439,719,-280
122000503,17,81,-64
122000524,112,130,-18
122000544,58,1667,-1609
122000616,257,3,254
122000640,104,74,30
122000641,114,162,-48
122000642,989,589,400
122000643,51,119,-68
122000644,88,33,55
122000645,78,169,-91
122000651,676,884,-208
122000664,119,30,89
122000665,989,390,599
122000666,620,977,-357
122000673,23,113,-90
122000674,169,55,114
122000675,1694,517,1177
122000686,395,542,-147
122000687,1314,216,1098
122000688,274,281,-7
122000689,984,215,769
122000690,2569,254,2315
122000691,706,697,9
122000692,1408,248,1160
122000693,395,811,-416
122000695,413,206,207
122000696,608,129,479
122000698,480,214,266
122000699,147,58,89
122000701,1206,247,959
122000702,374,593,-219
122000703,156,55,101
122000717,76,54,22
122000718,278,739,-461
122000719,121,75,46
122000720,504,104,400
122900001,48,11,37
122900002,814,5000,-4186
122900003,372,43,329
122900004,1730,91,1639
122900005,111,115,-4
122900006,614,968,-354
122900007,87,97,-10
122900008,412,146,266
122900009,504,439,65
122900010,199,77,122
122900012,127,313,-186
122900014,97,148,-51
122900015,805,1384,-579
122900016,106,191,-85
122900017,260,549,-289
122900018,147,25,122
122900019,7,123,-116
122900020,169,343,-174
122900021,38,433,-395
122900022,1128,519,609
122900023,593,117,476
122900024,167,101,66
122900025,4,315,-311
122900026,21,170,-149
122900027,45,422,-377
122900028,169,267,-98
122900029,3348,2582,766
122900030,1120,514,606
122900031,28,233,-205
122900032,76,381,-305
122900033,199,134,65
122900034,3132,4043,-911
122900035,38,9,29
122900036,63,58,5
122900037,331,81,250
122900038,93,2952,-2859
122900039,124,460,-336
122900040,235,429,-194
122900041,269,267,2
122900042,143,229,-86
122900043,306,204,102
122900044,86,281,-195
122900045,99,105,-6
122900046,141,250,-109
122900047,105,169,-64
122900048,38,200,-162
122900049,976,112,864
122900051,94,116,-22
122900052,93,91,2
122900053,25,25,0
122900055,249,94,155
122900057,198,58,140
122900061,423,201,222
122900062,520,603,-83
122900063,189,128,61
122900064,737,334,403
122900065,568,215,353
122900066,744,301,443
122900067,750,434,316
122900068,118,205,-87
122900069,401,1345,-944
122900070,340,46,294
122900071,78,216,-138
122900072,9,321,-312
122900073,9,143,-134
122900074,938,301,637
122900075,2,62,-60
122900076,4,96,-92
122900077,1,93,-92
122900078,233,47,186
122900080,18,49,-31
122900081,114,132,-18
122900082,982,139,843
122900083,107,104,3
122900084,6,125,-119
122900086,18,129,-111
122900087,361,387,-26
122900088,49,215,-166
122900089,20,254,-234
122900090,16,228,-212
122900091,284,2,282
122900092,1,88,-87
122900093,0,111,-111
122900094,0,73,-73
122900095,182,11,171
122900096,409,59,350
122900097,28,30,-2
122900098,45,109,-64
122900099,52,19,33
122900100,133,423,-290
122900101,288,239,49
123000001,841,420,421
123000002,2323,5337,-3014
123000003,3632,4105,-473
123000004,2065,3056,-991
123000005,2636,2544,92
123000006,1712,1516,196
123000007,2968,2154,814
123000008,1942,2021,-79
123000009,4124,2317,1807
123000010,2708,2627,81
123000011,1645,720,925
123000012,559,1667,-1108
123000013,3381,786,2595
123000014,573,2662,-2089
123000015,2005,784,1221
123000016,2309,3985,-1676
123000017,2581,1487,1094
123000018,48,71,-23
123000019,478,79,399
123000020,299,38,261
123000021,141,195,-54
123000022,211,1645,-1434
123000023,1575,1691,-116
123000024,1459,513,946
123000025,75,94,-19
123000026,6,94,-88
123000027,96,625,-529
123000028,1276,667,609
123000029,724,1157,-433
123000030,279,152,127
123000031,332,125,207
123000032,450,72,378
123000033,263,61,202
123000034,1009,542,467
123000035,602,397,205
123000036,270,790,-520
123000037,303,223,80
123000038,131,184,-53
123000039,433,1726,-1293
123000040,470,255,215
123000041,854,1172,-318
123000042,463,572,-109
123000043,1946,11211,-9265
123000044,2578,2226,352
123000045,3598,2572,1026
123000046,477,1528,-1051
123000047,1163,846,317
123000048,104,944,-840
123000049,4513,10504,-5991
123000050,1847,1580,267
123000051,55,163,-108
123000052,795,3004,-2209
123000053,2308,2790,-482
123000054,1519,1381,138
123000055,1454,2879,-1425
123000056,868,1332,-464
123000057,4875,6336,-1461
123000058,578,1124,-546
123000059,288,367,-79
123000060,1024,346,678
123000061,270,557,-287
123000063,858,840,18
123000064,1027,168,859
123000065,2736,1996,740
123000066,430,455,-25
123000067,772,341,431
123000068,1810,1756,54
123000069,4690,1836,2854
123000070,160,436,-276
123000071,1339,664,675
123000072,1044,447,597
123000073,1399,699,700
123000074,952,581,371
123000075,318,1214,-896
123000076,659,338,321
123000077,1505,1282,223
123000078,1745,1060,685
123000079,1659,1365,294
123000080,2261,1017,1244
123000081,120,265,-145
123000082,252,628,-376
123000083,947,236,711
123000084,769,289,480
123000085,480,50,430
123000086,629,95,534
123000087,479,212,267
123000088,1285,514,771
123000089,555,773,-218
123000090,1163,663,500
123000091,1124,965,159
123000092,624,906,-282
123000094,577,150,427
123000095,714,531,183
123000096,637,260,377
123000097,582,317,265
123000098,624,362,262
123000099,498,374,124
123000100,400,686,-286
123000101,433,497,-64
123000102,303,631,-328
123000104,374,374,0
123000105,425,353,72
123000106,334,381,-47
123000107,257,370,-113
123000108,439,813,-374
123000111,954,309,645
123000112,1404,427,977
123000113,400,654,-254
123000114,304,542,-238
123000115,263,179,84
123000116,36,29,7
123000117,1715,1091,624
123000118,447,602,-155
123000119,239,515,-276
123000120,306,487,-181
123000121,330,469,-139
123000122,248,199,49
123000123,364,423,-59
123000124,332,298,34
123000125,1216,1232,-16
123000126,981,4579,-3598
123000127,470,430,40
123000128,201,134,67
123000129,794,151,643
123000130,741,74,667
123000131,1121,667,454
123000132,201,384,-183
123000133,123,211,-88
123000134,193,71,122
123000135,2737,1038,1699
123000136,208,429,-221
123000137,107,176,-69
123000138,86,202,-116
123000139,622,79,543
123000140,82,422,-340
123000141,669,109,560
123000142,655,570,85
123000143,733,1129,-396
123000144,21,23,-2
123000145,172,327,-155
123000146,32,91,-59
123000147,71,107,-36
123000149,328,261,67
123000150,130,136,-6
123000151,152,430,-278
123000152,70,421,-351
123000153,145,607,-462
123000154,986,1345,-359
123000155,1365,991,374
123000156,26,69,-43
123000157,487,573,-86
123000158,438,664,-226
123000159,2876,2673,203
123000160,974,748,226
123000161,1589,1041,548
123000162,1231,1409,-178
123000163,513,122,391
123000164,1698,280,1418
123000165,333,913,-580
123000166,49,120,-71
123000167,108,174,-66
123000168,212,140,72
123000169,936,95,841
123000170,88,75,13
123000171,948,11,937
123000172,121,384,-263
123000173,527,212,315
123000174,1070,453,617
123000175,369,732,-363
123000176,1090,261,829
123000177,256,724,-468
123000178,780,122,658
123000179,48,271,-223
123000180,1608,269,1339
123000181,256,713,-457
123000182,240,223,17
123000183,125,457,-332
123000184,131,286,-155
123000185,959,244,715
123000186,6,341,-335
123000187,623,8,615
123000188,172,0,172
123000189,204,80,124
123000190,65,77,-12
123000192,12,255,-243
123000193,59,567,-508
123000194,280,215,65
123000195,305,38,267
123000196,330,21,309
123000197,54,63,-9
123000198,26,796,-770
123000199,18,555,-537
123000200,564,5,559
123000201,1226,17,1209
123000202,16,521,-505
123000203,1124,78,1046
123000204,60,621,-561
123000205,303,869,-566
123000206,2404,240,2164
123000207,51,492,-441
123000208,448,181,267
123000209,2066,649,1417
123000210,337,1126,-789
123000211,459,1436,-977
123000212,3305,454,2851
123000213,482,52,430
123000215,59,163,-104
123000216,186,522,-336
123000217,162,29,133
123000218,39,645,-606
123000219,531,67,464
123000220,464,103,361
123000221,158,64,94
123000222,445,228,217
123000223,534,150,384
123000224,410,192,218
123000225,301,56,245
123000226,92,215,-123
123000227,54,195,-141
123000228,284,62,222
123000229,624,851,-227
123000232,88,306,-218
123000233,781,138,643
123000234,183,369,-186
123000235,1441,265,1176
123000236,262,431,-169
123000237,311,96,215
123000238,56,245,-189
123000239,337,674,-337
123000240,53,537,-484
123000241,194,71,123
123000242,288,97,191
123000243,714,666,48
123000244,798,616,182
123000245,29,117,-88
123000249,389,425,-36
123000252,838,259,579
123000253,1423,435,988
123000254,684,568,116
123000255,1142,684,458
123000256,25,176,-151
123000257,1832,1175,657
123000258,858,494,364
123000259,406,285,121
123000260,477,196,281
123000261,300,102,198
123000262,83,90,-7
123000263,518,94,424
123000264,194,51,143
123000265,29,87,-58
123000266,490,465,25
123000267,702,265,437
123000268,34,56,-22
123000269,34,48,-14
123000270,30,49,-19
123000271,30,45,-15
123000272,624,268,356
123000273,238,686,-448
123000274,966,444,522
123000275,157,540,-383
123000278,1572,2150,-578
123000279,94,67,27
123000280,278,227,51
123000281,272,97,175
123000282,88,198,-110
123000283,153,57,96
123000284,48,47,1
123000286,126,234,-108
123000287,372,276,96
123000288,1292,1058,234
123000289,341,1226,-885
123000291,174,626,-452
123000294,141,163,-22
123000295,712,905,-193
123000296,743,379,364
123000297,276,168,108
123000298,244,137,107
123000299,19,85,-66
123000300,1101,780,321
123000301,132,295,-163
123000302,84,68,16
123000303,90,152,-62
123000305,577,578,-1
123000306,140,51,89
123000309,37,46,-9
123000310,28,22,6
123000311,1,54,-53
123000312,319,443,-124
123000313,615,247,368
123000315,140,168,-28
123000316,572,68,504
123000317,226,54,172
123000318,46,158,-112
123000329,26,20,6
123000337,515,439,76
123000338,256,102,154
123000339,331,59,272
123000340,86,192,-106
123000342,5,22,-17
123000343,36,8,28
123000344,670,276,394
123000345,285,407,-122
123000346,363,28,335
123000352,702,579,123
123000353,33,78,-45
123000354,204,2,202
123000355,0,162,-162
123000356,351,6,345
123000357,0,84,-84
123000359,5,61,-56
123000360,203,60,143
123000361,102,223,-121
123000362,532,67,465
123000363,110,118,-8
123000364,511,411,100
123000365,16,356,-340
123000366,303,1980,-1677
123000367,260,652,-392
123000370,31,150,-119
123000371,725,20,705
123000372,325,18,307
123000373,3,219,-216
123000374,8,116,-108
123000375,324,37,287
123000376,788,573,215
123000377,572,15,557
123000378,17,139,-122
123000379,2,101,-99
123000380,32,420,-388
123000381,95,144,-49
123000382,634,135,499
123000383,64,1184,-1120
123000384,410,121,289
123000385,92,460,-368
123000436,31,1029,-998
123000507,61,138,-77
123000508,95,1093,-998
123000517,234,32,202
123000518,16,133,-117
123000519,151,84,67
123000520,23,164,-141
123000521,429,86,343
123000522,92,191,-99
123000541,6,1,5
123000542,0,6,-6
123000565,785,28,757
123000566,298,206,92
123000567,75,111,-36
123000573,39,446,-407
123000574,812,73,739
123000575,1479,627,852
123000576,1163,697,466
123000577,56,467,-411
123000578,302,82,220
123000579,987,5776,-4789
123000580,110,34,76
123000582,454,35,419
123000583,23,195,-172
123000584,125,248,-123
123000585,0,70,-70
123000586,71,1,70
123000596,59,80,-21
123000597,59,108,-49
123000602,56,9,47
123000603,988,294,694
123000604,467,330,137
123000605,517,61,456
123000606,0,287,-287
123000609,14,241,-227
123000610,160,107,53
123000613,25,144,-119
123000614,270,51,219
123000615,32,53,-21
123000616,913,46,867
123000617,108,165,-57
123000618,73,324,-251
123000619,501,76,425
123000620,18,241,-223
123000622,544,29,515
123000624,245,31,214
123000630,1246,353,893
123000631,164,437,-273
123000632,452,449,3
123000633,0,99,-99
123000634,42,161,-119
123000635,56,84,-28
123000636,25,269,-244
123000637,109,40,69
123000638,457,18,439
123000639,649,4601,-3952
123000640,22,350,-328
123900001,721,17,704
123900002,32,1088,-1056
123900003,172,250,-78
123900005,223,122,101
123900006,287,32,255
124000001,2004,169,1835
124000002,52,1044,-992
124000003,1080,140,940
124000004,65,352,-287
124000005,1183,641,542
124000006,162,619,-457
124000007,311,117,194
124000008,8,361,-353
124000009,822,175,647
124000010,205,238,-33
124000011,1181,287,894
124000012,331,226,105
124000017,218,105,113
124000018,131,34,97
124000019,132,136,-4
124000020,65,100,-35
124000021,129,65,64
124000022,95,136,-41
124000023,1091,1343,-252
124000024,882,288,594
124000025,941,1493,-552
124000026,741,753,-12
124000027,4197,4748,-551
124000028,972,2698,-1726
124000030,1637,985,652
124000031,1242,4100,-2858
124000032,1263,546,717
124000033,192,254,-62
124000034,457,404,53
124000035,20,229,-209
124000036,22,107,-85
124000037,529,1220,-691
124000038,25,69,-44
124000039,776,453,323
124000040,406,1082,-676
124000041,428,81,347
124000042,92,335,-243
124000043,109,82,27
124000044,39,120,-81
124000045,856,448,408
124000046,276,422,-146
124000047,2208,557,1651
124000048,878,551,327
124000049,1908,428,1480
124000050,696,845,-149
124000051,1038,433,605
124000052,480,520,-40
124000053,474,1652,-1178
124000054,624,290,334
124000055,1053,3023,-1970
124000056,1259,888,371
124000057,912,482,430
124000058,336,675,-339
124000059,583,1179,-596
124000060,589,437,152
124000061,1035,4803,-3768
124000062,1803,1311,492
124000063,848,1106,-258
124000064,1459,816,643
124000065,6,350,-344
124000066,80,29,51
124000067,223,164,59
124000068,12,9,3
124000069,215,15,200
124000070,53,58,-5
124000071,242,105,137
124000072,195,308,-113
124000073,923,112,811
124000074,150,399,-249
124000075,464,32,432
124000076,6,113,-107
124000077,934,692,242
124000078,2301,1229,1072
124000079,263,1153,-890
124000080,649,212,437
124000081,252,339,-87
124000082,62,132,-70
124000083,53,78,-25
124000084,36,302,-266
124000085,89,15,74
124000086,39,149,-110
124000087,107,105,2
124000088,224,477,-253
124000089,894,360,534
124000090,88,128,-40
124000091,408,55,353
124000092,42,223,-181
124000093,125,188,-63
124000094,126,610,-484
124000095,93,63,30
124000096,128,175,-47
124000097,76,129,-53
124000098,45,46,-1
124000099,137,51,86
124000100,53,50,3
124000101,114,109,5
124000102,43,35,8
124000103,149,90,59
124000104,63,25,38
124000105,125,61,64
124000106,108,42,66
124000107,20,166,-146
124000108,30,23,7
124000109,94,95,-1
124000110,122,59,63
124000111,163,124,39
124000112,717,318,399
124000113,90,86,4
124000114,305,247,58
124000115,263,403,-140
124000116,96,117,-21
124000117,42,52,-10
124000118,22,75,-53
124000119,719,407,312
124000120,466,302,164
124000121,835,568,267
124000122,414,938,-524
124000123,946,423,523
124000124,317,685,-368
124000125,412,463,-51
124000126,242,472,-230
124000127,833,277,556
124000128,465,607,-142
124000129,1689,1246,443
124000130,549,435,114
124000131,691,483,208
124000132,614,590,24
124000133,770,715,55
124000134,820,362,458
124000135,1715,1859,-144
124000136,602,658,-56
124000137,977,896,81
124000138,1233,1047,186
124000139,695,44,651
124000140,33,202,-169
124000141,140,13,127
124000142,24,127,-103
124000143,47,12,35
124000144,14,23,-9
124000145,227,80,147
124000146,37,43,-6
124000148,34,109,-75
124000149,1240,376,864
124000150,218,507,-289
124000151,720,303,417
124000152,483,719,-236
124000153,708,780,-72
124000154,287,547,-260
124000155,957,681,276
124000156,724,727,-3
124000169,182,403,-221
124000170,370,323,47
124000171,330,206,124
124000172,338,303,35
124000173,493,117,376
124000174,295,347,-52
124000175,10,80,-70
124000176,52,22,30
124000177,12,40,-28
124000178,33,109,-76
124000190,13,29,-16
124000191,25,42,-17
124000192,1278,386,892
124000193,470,525,-55
124000194,244,280,-36
124000195,273,476,-203
124000196,609,566,43
124000197,25,18,7
124000198,47,42,5
124000201,250,543,-293
124000202,638,301,337
124000203,549,312,237
124000204,1055,176,879
124000205,134,238,-104
124000206,827,218,609
124000207,0,26,-26
124000209,180,231,-51
124000210,758,189,569
124000211,818,4,814
124000212,1,231,-230
124000213,578,182,396
124000214,451,240,211
124000215,485,44,441
124000216,2,168,-166
124000329,163,748,-585
124000338,106,358,-252
124000339,1307,88,1219
124000341,1675,68,1607
124000344,38,0,38
124000357,1136,2361,-1225
124000358,879,1448,-569
124000359,1568,694,874
124000360,1137,477,660
124000361,2076,776,1300
124000362,623,991,-368
124000363,203,224,-21
124000364,420,625,-205
124000365,458,640,-182
124000366,870,555,315
124000367,90,225,-135
124000368,414,459,-45
124000369,112,99,13
124000370,25,343,-318
124000402,41,6,35
124000403,154,14,140
124000404,22,49,-27
124000405,883,664,219
124000406,498,539,-41
124000407,2,22,-20
124000411,9,94,-85
124000412,412,8,404
124000413,86,25,61
124000414,59,85,-26
124000415,59,62,-3
124000416,88,112,-24
124000417,159,64,95
124000418,177,63,114
124000419,93,70,23
124000420,93,31,62
124000421,52,36,16
124000422,15,15,0
124000423,123,28,95
124000424,5,23,-18
124000425,47,17,30
124000426,10,23,-13
124000427,46,5,41
124000428,8,26,-18
124000429,83,60,23
124000430,589,338,251
124000431,316,403,-87
124000432,326,368,-42
124000439,6,0,6
124000442,9,32,-23
124000443,2,8,-6
124000445,60,462,-402
124000446,302,33,269
124900001,538,300,238
124900002,153,202,-49
124900003,899,323,576
124900004,635,223,412
124900005,245,90,155
124900006,646,173,473
124900008,777,484,293
124900009,183,598,-415
124900010,322,163,159
124900011,922,563,359
124900012,896,128,768
124900013,617,98,519
124900014,322,57,265
124900015,155,495,-340
124900016,65,123,-58
124900017,517,2023,-1506
124900018,87,15,72
124900019,497,22,475
124900020,167,70,97
124900021,420,78,342
124900022,50,5,45
124900024,271,13,258
124900026,95,19,76
124900027,105,473,-368
124900028,315,75,240
124900029,14,422,-408
124900030,3,86,-83
124900031,52,247,-195
124900032,167,228,-61
124900033,74,257,-183
124900034,3,56,-53
124900035,191,393,-202
124900036,1,39,-38
124900037,136,200,-64
124900038,174,144,30
124900039,6,74,-68
124900040,120,91,29
124900041,187,377,-190
124900042,68,2,66
124900043,333,417,-84
124900044,84,2,82
124900045,418,774,-356
124900046,866,299,567
124900047,109,154,-45
124900048,116,68,48
124900050,82,115,-33
124900052,163,409,-246
124900053,142,183,-41
124900054,704,521,183
124900055,1,146,-145
124900057,6,27,-21
124900060,54,137,-83
124900061,80,7,73
124900062,172,20,152
124900066,0,12,-12
124900067,4,77,-73
124900068,280,1080,-800
124900069,95,150,-55
124900070,144,33,111
124900072,190,23,167
124900074,520,145,375
124900075,264,148,116
124900076,24,1167,-1143
124900077,14,78,-64
124900078,82,15,67
124900079,311,168,143
124900080,205,264,-59
124900081,884,215,669
124900082,215,308,-93
124900083,190,264,-74
124900084,766,79,687
124900085,428,471,-43
124900086,73,1285,-1212
124900087,208,77,131
124900088,254,98,156
124900089,640,18,622
124900090,451,202,249
124900091,359,197,162
124900092,248,139,109
124900093,395,170,225
124900094,487,240,247
124900095,105,532,-427
124900096,407,410,-3
124900097,384,53,331
124900098,136,296,-160
124900099,463,464,-1
124900100,332,76,256
124900101,58,264,-206
124900102,273,13,260
124900103,113,131,-18
124900104,50,100,-50
124900105,98,71,27
124900106,451,39,412
124900107,116,35,81
124900108,88,79,9
124900109,89,109,-20
124900110,353,172,181
124900111,1,84,-83
124900112,44,336,-292
129000186,119,82,37
204000001,26,1,25
204000002,8,3,5
204000003,21,2,19
204000004,4,1,3
204000005,508,359,149
204000006,1032,984,48
204000008,750,424,326
204000011,3,27,-24
204000012,35,51,-16
204000013,2,20,-18
204000019,735,386,349
204000020,619,414,205
204000021,860,567,293
204000022,593,348,245
204000023,523,428,95
204000031,6,9,-3
204000032,236,16,220
204000034,20,147,-127
204000035,1,2,-1
204000036,4,11,-7
204000037,1,10,-9
204000038,1,9,-8
204000039,13,11,2
204000040,11,12,-1
204000041,11,19,-8
204000042,48,13,35
204000043,42,4,38
204000044,42,1,41
204000045,58,2,56
204000046,10,1,9
204000057,11,13,-2
204000062,2,12,-10
204000068,31,118,-87
204000069,6,229,-223
204000070,57,56,1
204000080,32,36,-4
204000085,1601,1305,296
204000086,1487,1173,314
204000087,53,5,48
204000088,7,76,-69
204000090,18,164,-146
204000093,567,43,524
204000096,990,787,203
204000097,583,5,578
204000099,1011,1197,-186
204000100,1432,1488,-56
204000105,1546,962,584
204000110,301,711,-410
204000111,407,407,0
204000112,462,605,-143
204000113,291,565,-274
204000114,547,538,9
204000115,504,260,244
204000116,440,416,24
204000119,1765,1977,-212
204000132,702,337,365
204000133,833,148,685
204000134,248,68,180
204000135,479,48,431
204000136,521,120,401
204000138,373,388,-15
204000140,215,102,113
204000141,144,49,95
204000144,3,22,-19
204000145,476,29,447
204000146,13,204,-191
204000147,16,64,-48
204000148,205,12,193
204000154,7,3,4
204000155,1,14,-13
204000177,56,25,31
204000179,40,2,38
204000180,0,23,-23
204000222,5,16,-11
204000235,22,15,7
204000236,49,105,-56
204000238,22,18,4
204000240,339,54,285
204000308,99,7,92
204000317,7,38,-31
204000322,8,42,-34
204000323,12,3,9
204000328,188,34,154
204000329,29,147,-118
204000330,119,15,104
204000331,25,64,-39
204010341,11,175,-164
205000001,490,1031,-541
205000013,4,43,-39
205000014,19,63,-44
205000015,28,113,-85
205000016,15,83,-68
205000017,14,73,-59
205000022,203,491,-288
205000025,751,628,123
205000029,249,8,241
205000045,100,573,-473
205000047,59,286,-227
205000048,284,391,-107
205000049,147,450,-303
205000050,436,183,253
205000059,0,114,-114
205000060,1,49,-48
205000061,0,59,-59
205000062,1,101,-100
205000063,15,135,-120
205000064,8,46,-38
205000065,35,329,-294
205000066,92,316,-224
205000067,26,518,-492
205000069,223,21,202
205000082,133,172,-39
205000110,58,134,-76
205000111,131,117,14
205000112,151,132,19
205000113,182,252,-70
205000121,261,54,207
205000123,40,166,-126
205000126,441,68,373
205000127,646,116,530
205000128,392,26,366
205000129,683,36,647
205000130,85,11,74
205000131,33,10,23
205000132,81,5,76
205000133,81,2,79
205000134,259,0,259
205000137,53,132,-79
205000138,113,308,-195
205000139,20,122,-102
205000144,68,74,-6
205000145,293,151,142
205000151,131,27,104
205000152,164,13,151
205000153,206,24,182
205000154,117,45,72
205000155,78,14,64
205000207,6,103,-97
205000233,5,0,5
205000234,0,1,-1
205000243,0,1,-1
205000244,6,5,1
205000245,8,83,-75
205000249,2,17,-15
205000250,9,3,6
205000251,81,320,-239
205000264,4,69,-65
206000027,21,2,19
206000028,10,3,7
206000043,2,30,-28
206000053,4,11,-7
206000054,2,12,-10
206000055,0,8,-8
206000075,10,14,-4
206000076,36,12,24
206000077,11,6,5
206000078,41,6,35
206000079,26,7,19
206000082,334,71,263
206000100,10,256,-246
206000103,3,4,-1
206000104,16,9,7
206000105,9,5,4
206000106,7,10,-3
206000108,645,36,609
206000125,104,0,104
206000157,34,419,-385
206000170,1,83,-82
206000171,4,120,-116
206000172,8,181,-173
206000173,0,84,-84
206000174,18,39,-21
206000175,2,46,-44
206000176,16,52,-36
206000177,1,76,-75
206000178,1,94,-93
206000179,5,63,-58
206000180,8,63,-55
206000181,3,39,-36
206000182,3,49,-46
206000183,7,143,-136
206000184,2,131,-129
206000185,6,48,-42
206000186,70,301,-231
206000223,1,113,-112
206000226,14,5,9
206000227,31,5,26
206000237,29,124,-95
206000238,10,216,-206
206000239,157,895,-738
206000240,0,47,-47
206000241,1,45,-44
206000242,4,78,-74
206000243,5,55,-50
206000244,26,160,-134
206000245,1112,72,1040
206000246,301,12,289
206000247,410,9,401
206000248,470,9,461
206000252,67,27,40
206000258,12,19,-7
206000315,24,7,17
206000317,675,119,556
206000318,645,84,561
206000319,2277,84,2193
206000320,327,44,283
206000321,337,12,325
206000322,697,25,672
206000323,198,11,187
206000324,256,6,250
206000325,198,19,179
206000326,203,20,183
206000327,74,8,66
206000328,243,5,238
206000329,347,7,340
206000330,64,5,59
206000331,286,4,282
206000332,73,1,72
206000333,970,3,967
206000334,385,0,385
206000335,0,16,-16
206000361,1,125,-124
206000392,1,4,-3
206000405,110,1,109
206000441,50,19,31
206000498,26,3,23
206000515,82,26,56
206000530,356,49,307
206000531,206,357,-151
206000532,1440,447,993
206000535,110,1175,-1065
206000536,13,63,-50
206000537,15,78,-63
206000613,1765,218,1547
207000001,83,450,-367
207000002,72,252,-180
207000003,97,113,-16
207000007,1276,167,1109
207000008,127,14,113
207000009,44,55,-11
207000010,246,210,36
207000012,440,152,288
207000015,205,503,-298
207000019,218,53,165
207000021,521,171,350
207000022,158,149,9
207000023,262,46,216
207000024,6,16,-10
207000025,36,50,-14
207000026,68,26,42
207000027,8,57,-49
207000028,31,99,-68
207000029,157,317,-160
207000033,210,431,-221
207000034,263,101,162
207000039,580,67,513
207000040,576,60,516
207000041,117,36,81
207000042,335,33,302
207000043,199,136,63
207000051,106,166,-60
207000052,7,93,-86
207000053,338,388,-50
207000054,53,48,5
207000055,144,69,75
207000056,251,221,30
207000057,101,180,-79
207000058,99,133,-34
207000059,83,226,-143
207000060,44,72,-28
207000061,170,614,-444
207000062,393,40,353
207000063,360,61,299
207000064,384,127,257
207000065,356,194,162
207000066,241,132,109
207000067,53,63,-10
207000068,144,37,107
207000069,629,289,340
207000082,0,117,-117
207000083,81,147,-66
207000084,303,147,156
207000085,241,17,224
207000086,237,2,235
207000106,42,24,18
207000107,98,16,82
207000108,72,10,62
207000109,59,6,53
207000110,43,65,-22
207000111,95,67,28
207000112,93,585,-492
207000114,9,16,-7
207000115,15,38,-23
207000116,12,300,-288
207000117,7,49,-42
207000118,6,31,-25
207000119,26,34,-8
207000123,146,14,132
207000124,74,22,52
207000125,39,27,12
207000126,55,25,30
207000134,106,72,34
207000135,30,98,-68
207000148,78,271,-193
207000149,48,18,30
207000152,88,333,-245
207000153,455,982,-527
207000154,232,150,82
207000159,95,154,-59
207000160,136,170,-34
207000238,1,92,-91
207000242,1,77,-76
207000248,21,24,-3
207000249,74,12,62
207000250,316,49,267
207000251,59,66,-7
207000252,42,25,17
207000278,103,69,34
207000279,10,57,-47
207000280,776,43,733
207000281,97,332,-235
207000282,67,75,-8
207000283,38,127,-89
207000284,37,266,-229
207000285,30,62,-32
207000291,7,69,-62
207000304,111,43,68
207000306,48,319,-271
207000310,108,66,42
207000353,175,5,170
207000356,4,46,-42
207000357,9,22,-13
207000415,1,71,-70
207000417,38,0,38
207000437,0,0,0
207000439,646,639,7
207000446,187,2,185
207000460,28,8,20
207000466,90,82,8
207000467,0,0,0
207000468,0,5,-5
207000476,5,45,-40
207000477,773,31,742
207000523,0,5,-5
207000524,20,1,19
207000527,129,149,-20
207000530,554,7,547
207000531,315,5,310
207000532,83,17,66
207000534,181,32,149
207000535,21,178,-157
207000537,7,48,-41
207000540,6,76,-70
207000541,0,148,-148
207000548,10,130,-120
207000549,221,8,213
207000561,142,196,-54
207000562,22,109,-87
207000567,119,149,-30
207000568,233,39,194
207000569,520,296,224
207000584,159,160,-1
207000585,37,256,-219
207000616,0,44,-44
207000617,176,0,176
207000628,0,1,-1
207900008,301,102,199
208000001,504,976,-472
208000002,644,418,226
208000003,985,285,700
208000004,817,517,300
208000005,3,6,-3
208000019,591,562,29
208000020,204,334,-130
208000021,255,264,-9
208000022,1002,365,637
208000028,705,998,-293
208000033,613,382,231
208000034,879,1036,-157
208000040,143,110,33
208000041,683,534,149
208000042,717,486,231
208000047,114,123,-9
208000064,1805,1226,579
208000066,1334,2213,-879
208000070,418,284,134
208000071,482,449,33
208000072,442,732,-290
208000080,284,262,22
208000081,301,99,202
208000082,301,172,129
208000083,132,210,-78
208000084,13,9,4
208000085,538,366,172
208000086,345,735,-390
208000087,290,460,-170
208000089,978,238,740
208000090,901,348,553
208000093,116,104,12
208000094,490,269,221
208000095,575,368,207
208000104,1077,601,476
208000105,680,735,-55
208000114,93,373,-280
208000115,489,239,250
208000116,592,799,-207
208000117,111,105,6
208000118,101,127,-26
208000155,580,769,-189
208000158,1102,3114,-2012
208000186,2001,3193,-1192
208000204,656,981,-325
208000205,1055,708,347
208000282,2772,2493,279
209000004,371,177,194
209000005,53,30,23
209000006,459,205,254
209000007,236,237,-1
209000010,261,119,142
209000011,100,189,-89
209000012,76,84,-8
209000013,166,149,17
209000014,333,503,-170
209000025,402,45,357
209000026,785,75,710
209000027,316,401,-85
209000028,298,286,12
209000029,312,447,-135
209000030,262,676,-414
209000031,1356,1077,279
209000034,141,150,-9
209000035,113,131,-18
209000036,199,61,138
209000037,281,124,157
209000038,120,67,53
209000039,69,89,-20
209000040,259,362,-103
209000041,160,245,-85
209000042,264,220,44
209000043,610,525,85
209000044,257,604,-347
209000045,828,299,529
209000046,499,373,126
209000047,324,143,181
209000048,480,353,127
209000049,68,40,28
209000050,113,40,73
209000051,182,95,87
209000052,98,97,1
209000062,34,47,-13
209000063,55,49,6
209000064,44,31,13
209000065,69,21,48
209000066,110,17,93
209000067,95,24,71
209000080,47,142,-95
209000082,49,33,16
209000091,11,81,-70
209000093,31,13,18
209000094,61,139,-78
209000110,35,121,-86
209000111,493,1525,-1032
209000112,1198,356,842
209000113,1616,425,1191
209000114,905,448,457
209000115,51,48,3
209000116,232,207,25
209000118,18,31,-13
209000119,4,7,-3
209000121,65,241,-176
209000135,42,121,-79
209000142,562,1661,-1099
209000143,25,29,-4
209000144,57,98,-41
209000229,206,106,100
209000240,29,125,-96
209000259,33,42,-9
209000260,35,804,-769
209000261,4,570,-566
209000262,3,378,-375
209000263,2,126,-124
209000264,2,204,-202
209000265,343,0,343
209000266,109,1,108
209000267,1653,6,1647
209000268,581,51,530
210000037,75,30,45
210000047,68,8,60
210000048,101,25,76
210000049,46,7,39
210000052,70,48,22
210000053,27,28,-1
210000054,41,56,-15
210000070,171,1,170
210000071,82,0,82
210000072,28,0,28
210000073,0,21,-21
210000074,0,71,-71
210000075,4,75,-71
210000076,21,117,-96
210000077,6,46,-40
210000078,23,33,-10
210000079,22,7,15
210000080,53,54,-1
210000081,175,26,149
210000082,81,5,76
210000083,67,2,65
210000084,65,2,63
210000085,0,48,-48
210000086,1,70,-69
210000099,43,192,-149
210000100,42,113,-71
210000101,52,119,-67
210000105,19,135,-116
210000159,1,180,-179
210000163,101,198,-97
210000164,182,249,-67
210000168,147,55,92
210000187,0,11,-11
210000188,0,21,-21
210000214,16,0,16
210000219,47,47,0
210000220,128,25,103
210000232,4,13,-9
210000233,25,29,-4
210000234,28,67,-39
210000235,78,50,28
210000245,2,47,-45
210000246,26,0,26
210000258,9,80,-71
210000259,289,59,230
210000282,88,186,-98
210000285,0,78,-78
210000286,28,129,-101
210000295,44,96,-52
210000296,37,23,14
210000320,203,48,155
210000321,156,44,112
210000338,43,33,10
210000339,180,919,-739
210000340,110,271,-161
210000341,153,225,-72
210000342,182,170,12
210000343,171,141,30
210000344,98,82,16
210000345,95,151,-56
210000346,59,73,-14
210000347,22,29,-7
210000348,90,17,73
210000349,24,14,10
210000350,119,44,75
210000351,142,63,79
210000352,75,47,28
210000353,62,60,2
210000354,74,47,27
210000355,45,41,4
210000356,16,28,-12
210000357,36,49,-13
210000358,153,132,21
210000359,64,72,-8
210000360,154,105,49
210000361,200,97,103
210000362,251,174,77
210000363,438,221,217
210000364,121,159,-38
210000365,129,56,73
210000366,111,55,56
210000367,85,16,69
210000368,117,26,91
210000369,20,25,-5
210000370,62,35,27
210000372,7,27,-20
210000373,23,12,11
210000374,49,37,12
210000375,45,36,9
210000376,65,63,2
210000404,43,88,-45
210000439,28,22,6
210000472,44,0,44
210000482,35,101,-66
210000564,168,227,-59
210000568,203,1,202
211000092,52,20,32
211000094,29,0,29
211000169,179,18,161
211000172,11,54,-43
211000209,1,16,-15
211000275,9,11,-2
211000276,73,34,39
211000279,15,13,2
211000281,114,15,99
211507980,0,29,-29
211977296,44,0,44
212000003,81,21,60
212000004,10,25,-15
212000005,8,31,-23
212000006,27,35,-8
212000008,168,90,78
212000009,30,59,-29
212000012,83,45,38
212000013,29,35,-6
212000014,246,94,152
212000015,266,161,105
212000016,481,385,96
212000027,564,299,265
212000028,354,263,91
212000029,215,182,33
212000030,81,31,50
212000031,98,22,76
212000048,30,196,-166
212000049,12,132,-120
212000050,16,10,6
212000051,194,120,74
212000052,203,140,63
212000053,309,276,33
212000054,359,60,299
212000055,301,124,177
212000056,23,28,-5
212000057,13,19,-6
212000058,122,29,93
212000070,106,113,-7
212000077,104,276,-172
212000099,310,193,117
212000108,222,91,131
212000111,209,38,171
212000120,74,35,39
212000138,91,19,72
212000156,1,84,-83
212000158,1,14,-13
212000159,554,49,505
212000160,811,195,616
212000161,41,3,38
212000310,35,7,28
212000311,19,29,-10
212000374,32,5,27
213000001,29,324,-295
213000005,506,129,377
213000006,795,260,535
213000007,63,8,55
213000009,407,377,30
213000010,213,227,-14
213000011,203,67,136
213000012,125,192,-67
213000014,67,15,52
213000015,276,3,273
213000016,405,2,403
213000017,96,1,95
213000018,0,61,-61
213000019,1,81,-80
213000020,117,200,-83
213000021,1,73,-72
213000023,420,175,245
213000033,343,1325,-982
213000034,537,226,311
213000035,93,152,-59
213000045,166,195,-29
213000046,167,113,54
213000047,449,932,-483
213000056,127,23,104
213000069,64,0,64
213000073,0,24,-24
213000074,50,229,-179
213000075,454,9,445
213000085,6,40,-34
213000086,9,85,-76
213000091,285,17,268
213000092,43,5,38
213000099,118,895,-777
213000100,873,237,636
213000101,403,78,325
213000102,453,171,282
213000103,782,554,228
213000104,54,247,-193
213000105,6,168,-162
213000106,29,51,-22
213000107,137,244,-107
213000108,27,291,-264
213000109,4,146,-142
213000110,8,48,-40
213000111,5,52,-47
213000112,117,97,20
213000115,52,6,46
213000116,22,187,-165
213000117,11,402,-391
213000118,567,215,352
213000119,31,336,-305
213000120,106,275,-169
213000122,85,276,-191
213000123,304,586,-282
213000124,127,1042,-915
213000125,181,19,162
213000126,51,102,-51
213000127,77,208,-131
213000128,185,942,-757
213000129,319,728,-409
213000130,851,279,572
213000132,563,80,483
213000133,670,72,598
213000134,936,23,913
213000136,515,21,494
213000137,694,71,623
213000139,76,23,53
213000147,47,5,42
213000148,17,5,12
213000149,18,4,14
213000150,0,144,-144
213000151,1,141,-140
213000152,2,103,-101
213000153,2,80,-78
213000154,46,497,-451
213000155,63,197,-134
213000156,142,318,-176
213000157,947,294,653
213000158,469,613,-144
213000159,795,323,472
213000163,1308,120,1188
213000165,836,301,535
213000171,1,37,-36
213000172,1,139,-138
213000173,0,121,-121
213000174,10,83,-73
213000175,18,73,-55
213000176,276,41,235
213000177,199,7,192
213000178,251,9,242
213000179,278,2,276
213000180,265,1,264
213000184,64,318,-254
213000188,364,87,277
213000189,487,42,445
213000190,808,503,305
213000191,356,252,104
213000192,310,154,156
213000193,372,216,156
213000194,0,59,-59
213000195,22,275,-253
213000196,280,1009,-729
213000197,418,409,9
213000198,45,1,44
213000200,94,453,-359
213000201,35,29,6
213000202,12,320,-308
213000203,2006,486,1520
213000204,665,37,628
213000205,510,55,455
213000206,307,40,267
213000207,68,13,55
213000208,44,1,43
213000209,122,3,119
213000210,227,2,225
213000211,1,12,-11
213000212,10,27,-17
213000213,6,41,-35
213000218,246,285,-39
213000219,572,14,558
213000220,466,10,456
213000223,142,198,-56
213000224,15,40,-25
213000225,135,9,126
213000226,52,14,38
213000227,932,159,773
213000228,449,67,382
213000229,75,18,57
213000230,376,25,351
213000232,23,790,-767
213000233,7,961,-954
213000234,1,46,-45
213000293,13,66,-53
213000294,108,15,93
213000295,4,53,-49
213000296,34,17,17
213000297,15,73,-58
213000298,13,46,-33
213000299,38,20,18
213000300,6,10,-4
213000303,5,13,-8
213000304,5,5,0
213000305,1,19,-18
213000306,23,22,1
213000307,87,41,46
213000308,94,134,-40
213000309,137,58,79
213000310,508,185,323
213000311,183,625,-442
213000315,37,60,-23
213000316,126,53,73
213000322,91,84,7
213000323,101,45,56
213000324,195,70,125
213000325,151,69,82
213000326,169,58,111
213000327,131,76,55
213000328,122,123,-1
213000329,166,52,114
213000340,144,248,-104
213000341,694,84,610
213000347,501,479,22
213000348,8,104,-96
213000349,11,14,-3
213000350,202,598,-396
213000366,61,134,-73
213000367,250,6,244
213000379,59,49,10
213000386,6,241,-235
213000406,78,243,-165
213000417,1264,431,833
213000425,273,31,242
213000426,165,28,137
213000427,57,119,-62
213000428,40,104,-64
213000429,8,1,7
213000430,122,323,-201
213000431,23,3,20
213000432,3,33,-30
213000433,24,96,-72
213000434,131,76,55
213000435,149,78,71
213000436,57,24,33
213000437,1,20,-19
213000438,163,90,73
213000439,48,16,32
213000440,25,226,-201
213000441,0,0,0
213000442,22,45,-23
213000443,349,187,162
213000444,59,42,17
213000445,0,50,-50
213000446,0,21,-21
213000447,3,54,-51
213000448,6,150,-144
213000449,566,12,554
213000450,19,26,-7
213000451,266,80,186
213000452,16,9,7
213000453,17,190,-173
213000455,158,15,143
213000456,1,231,-230
213000481,4,8,-4
213000484,34,0,34
213000489,318,49,269
213900002,2,91,-89
213900003,122,21,101
213900013,2,71,-69
213900015,0,8,-8
213900016,16,5,11
213900020,12,46,-34
213900030,2,38,-36
213900032,172,148,24
213900033,145,28,117
213900034,692,66,626
213900035,237,227,10
213900036,124,68,56
213900037,41,177,-136
213900038,555,141,414
213900039,0,42,-42
213900041,2,118,-116
213900042,169,293,-124
213900043,299,124,175
213900244,56,1,55
213900245,0,10,-10
218000003,24,15,9
218000004,13,9,4
218000005,21,35,-14
218000006,48,40,8
218000007,10,9,1
218000012,108,94,14
218000013,113,168,-55
218000014,315,371,-56
218000019,533,572,-39
218000020,230,343,-113
218000021,39,52,-13
218000022,14,11,3
218000023,3,9,-6
218000024,0,2,-2
218000025,8,9,-1
218000026,5,18,-13
218000027,1,12,-11
218000028,3,5,-2
218000029,0,5,-5
218000030,8,13,-5
218000031,10,14,-4
218000032,1,11,-10
218000039,26,12,14
218000040,9,1,8
218000046,61,57,4
218000047,15,109,-94
218000048,63,73,-10
218000049,73,65,8
218000050,288,154,134
218000051,102,166,-64
218000052,1,78,-77
218000053,2,11,-9
218000054,6,69,-63
218000055,4,18,-14
218000056,14,37,-23
218000057,3,21,-18
218000064,0,20,-20
218000065,137,25,112
218000066,23,56,-33
218000067,62,67,-5
218000068,132,71,61
218000069,267,89,178
218000070,232,165,67
218000071,220,134,86
218000072,215,216,-1
218000078,751,355,396
218000079,185,65,120
218000080,147,57,90
218000081,610,150,460
218000082,68,80,-12
218000083,84,45,39
218000084,164,90,74
218000085,210,243,-33
218000086,85,102,-17
218000087,181,113,68
218000090,11,110,-99
218000091,677,277,400
218000092,83,137,-54
218000093,63,49,14
218000094,215,205,10
218000099,292,837,-545
218000100,334,353,-19
218000101,290,142,148
218000102,517,159,358
218000103,147,137,10
218000104,97,41,56
218000105,52,42,10
218000106,4,2,2
218000107,83,33,50
218000108,12,30,-18
218000112,92,63,29
218000117,138,157,-19
218000134,474,315,159
218000135,21,41,-20
218000136,133,72,61
218000137,156,69,87
218000138,58,93,-35
218000139,180,219,-39
218000140,429,196,233
218000141,98,58,40
218000142,142,118,24
218000143,57,222,-165
218000144,29,101,-72
218000145,454,268,186
218000146,125,212,-87
218000151,9,23,-14
218000152,183,61,122
218000153,15,10,5
218000154,10,0,10
218000155,36,5,31
218000156,83,7,76
218000157,52,12,40
218000158,11,8,3
218000159,0,6,-6
218000160,9,3,6
218000161,53,9,44
218000162,35,7,28
218000163,12,2,10
218000164,52,6,46
218000165,106,27,79
218000170,14,31,-17
218000171,48,7,41
218000172,12,10,2
218000173,19,27,-8
218000174,20,12,8
218000176,276,39,237
218000177,457,207,250
218000178,92,178,-86
218000179,138,71,67
218000180,116,38,78
218000181,238,31,207
218000187,11,17,-6
218000188,16,33,-17
218000189,26,56,-30
218000190,17,9,8
218000191,128,25,103
218000192,282,130,152
218000193,451,201,250
218000194,110,188,-78
218000195,142,54,88
218000196,491,264,227
218000197,584,260,324
218000198,17,87,-70
218000199,53,20,33
218000200,65,22,43
218000201,29,5,24
218000202,58,191,-133
218000207,3,12,-9
218000208,28,16,12
218000211,14,12,2
218000212,4,24,-20
218000213,122,185,-63
218000214,5,48,-43
218000215,48,37,11
218000217,4,45,-41
218000218,233,63,170
218000219,15,29,-14
218000220,42,288,-246
218000221,452,188,264
218000222,3,25,-22
218000223,38,551,-513
218000224,21,205,-184
218000225,212,24,188
218000226,187,66,121
218000230,0,2,-2
218000232,35,52,-17
218000234,35,4,31
218000239,135,9,126
218000240,6,4,2
218000241,13,0,13
218000242,14,9,5
218000243,10,3,7
218000244,25,2,23
218000245,9,3,6
218000246,0,1,-1
218000247,0,0,0
218000248,0,27,-27
218000249,0,5,-5
218000250,3,4,-1
218000251,6,24,-18
218000252,2,74,-72
218000253,3,154,-151
218000254,0,36,-36
218000255,2,25,-23
218000256,9,60,-51
218000267,138,432,-294
218000268,8,27,-19
218000269,5,10,-5
218000270,27,7,20
218000271,7,17,-10
218000273,35,0,35
218000274,17,1,16
218000275,25,27,-2
218000276,12,16,-4
218000278,2,27,-25
218000279,34,8,26
218000280,2,9,-7
218000281,6,14,-8
218000282,251,235,16
218000284,43,4,39
218000301,106,87,19
218000302,103,39,64
218000303,9,30,-21
218000316,678,533,145
218000317,1234,503,731
218000318,844,377,467
218000319,854,501,353
218000320,588,403,185
218000338,20,33,-13
218000339,18,7,11
218000342,59,31,28
218000343,96,21,75
218000345,25,18,7
218000346,10,126,-116
218000353,52,7,45
218000354,46,33,13
218000459,29,189,-160
218000490,29,24,5
218000501,135,14,121
218000502,51,42,9
218000503,129,34,95
218000504,161,64,97
218000505,62,93,-31
218000506,35,231,-196
218000508,0,3,-3
218000510,170,27,143
218000520,110,135,-25
218000521,0,7,-7
218000522,1,109,-108
218000523,148,3,145
218000524,5,232,-227
218000525,65,19,46
218000526,34,140,-106
218000529,11,32,-21
218000530,21,1,20
218000531,36,15,21
218000532,61,10,51
218000534,63,7,56
218000537,5,39,-34
218000538,72,164,-92
218000539,68,13,55
218000540,126,65,61
218000543,158,37,121
218000544,35,35,0
218000545,99,48,51
218000546,53,48,5
218000547,116,123,-7
218000548,168,72,96
218000549,543,440,103
218000550,170,150,20
218000551,69,700,-631
218000552,242,58,184
218000553,13,35,-22
218000554,19,7,12
218000555,19,16,3
218000556,92,116,-24
218000557,303,27,276
218000558,48,0,48
218000559,1,27,-26
218000560,0,31,-31
218000561,10,0,10
218000562,35,115,-80
218000563,163,14,149
218000564,5,82,-77
218000565,135,54,81
218000566,90,29,61
218000567,0,69,-69
218000568,10,2,8
218000569,6,164,-158
218000570,16,7,9
218000571,1,63,-62
218000572,112,1,111
218000573,7,113,-106
218000574,37,26,11
218000575,56,0,56
218000576,0,53,-53
218000577,85,2,83
218000578,0,71,-71
218000579,8,11,-3
218000581,4,33,-29
218000582,46,2,44
218000583,13,0,13
218000584,1,19,-18
218000585,41,2,39
218000586,18,24,-6
218000587,2,4,-2
218000588,1,6,-5
218000589,0,8,-8
218000590,3,0,3
218000591,0,5,-5
218000592,6,0,6
218000593,0,0,0
218000594,2,2,0
218000595,0,1,-1
218000596,0,0,0
218000597,0,1,-1
218000598,0,0,0
218000599,2,2,0
218000600,0,1,-1
218000601,0,2,-2
218000602,0,3,-3
218000603,0,3,-3
218000604,6,0,6
218000605,0,20,-20
218000606,53,0,53
218000607,13,32,-19
218000608,26,12,14
218000609,5,17,-12
218000610,60,9,51
218000611,26,1,25
218000612,1,16,-15
218000613,51,0,51
218000614,1,37,-36
218000615,152,0,152
218000616,4,92,-88
218000617,17,0,17
218000618,2,15,-13
218000619,68,21,47
218000620,12,23,-11
218000621,0,2,-2
218000622,0,14,-14
218000623,23,1,22
218000624,2,12,-10
218000625,1,1,0
218000626,0,6,-6
218000628,95,52,43
218000631,14,2,12
218000632,3,92,-89
218000633,58,0,58
218000634,4,9,-5
218000635,18,9,9
218000636,672,499,173
218000637,948,270,678
218000638,302,20,282
218000639,28,83,-55
218000640,341,29,312
218000641,85,154,-69
218000652,40,28,12
218000653,197,63,134
218000663,4,13,-9
218000675,15,7,8
218000676,2,21,-19
218000677,24,4,20
218000680,35,55,-20
218000681,118,18,100
218000691,21,25,-4
218000693,106,22,84
218000703,1,17,-16
218000718,84,919,-835
218000719,166,502,-336
218000720,0,198,-198
218000721,33,11,22
218000725,9,8,1
218001214,3,51,-48
218001329,8,12,-4
218001330,12,10,2
219000001,38,40,-2
219000002,28,35,-7
219000003,83,34,49
219000004,36,49,-13
219000017,67,23,44
219000020,160,34,126
219000022,89,8,81
219000023,75,0,75
219000029,0,41,-41
219000034,35,30,5
219000039,56,99,-43
219000040,50,64,-14
219000041,96,21,75
219000051,0,26,-26
219000052,0,24,-24
219000053,2,74,-72
219000054,309,238,71
219000055,231,2,229
219000056,12,3,9
219000057,89,1,88
219000062,4,49,-45
219000063,65,7,58
219000064,0,4,-4
219000110,325,63,262
219000111,80,43,37
219000112,165,37,128
219000113,157,35,122
219000114,154,51,103
219000116,95,42,53
219000117,109,36,73
219000118,142,46,96
219000123,145,54,91
219000124,69,53,16
219000125,10,4,6
219000126,38,76,-38
219000127,2,7,-5
219000128,24,104,-80
219000129,27,103,-76
219000130,189,301,-112
219000131,487,883,-396
219000133,24,43,-19
219000134,5,22,-17
219000135,26,109,-83
219000136,84,184,-100
219000138,58,17,41
219000139,63,19,44
219000140,77,1,76
219000141,54,54,0
219000142,22,27,-5
219000143,5,27,-22
219000145,13,38,-25
219000146,3,16,-13
219000147,2,30,-28
219000148,0,8,-8
219000149,7,55,-48
219000150,3,33,-30
219000151,2,20,-18
219000157,190,85,105
219000158,130,103,27
219000161,117,10,107
219000163,834,357,477
219000166,110,169,-59
219000167,88,91,-3
219000168,227,62,165
219000174,431,130,301
219000175,157,4,153
219000176,103,13,90
219000177,75,2,73
219000178,67,0,67
219000179,25,3,22
219000180,21,30,-9
219000182,155,19,136
219000183,85,24,61
219000184,101,11,90
219000185,5,37,-32
219000186,66,25,41
219000187,36,66,-30
219000189,53,166,-113
219000190,51,170,-119
219000191,268,1073,-805
219000192,131,141,-10
219000193,142,102,40
219000195,2,29,-27
219000196,8,57,-49
219000198,13,56,-43
219000199,37,104,-67
219000200,21,101,-80
219000201,64,96,-32
219000203,23,61,-38
219000204,62,156,-94
219000205,36,154,-118
219000207,59,146,-87
219000209,33,29,4
219000210,12,35,-23
219000213,6,108,-102
219000239,146,164,-18
219000240,173,292,-119
219000241,137,78,59
219000242,31,119,-88
219000243,64,158,-94
219000244,18,48,-30
219000245,29,27,2
219000246,28,15,13
219000247,179,41,138
219000248,385,287,98
219000249,133,91,42
219000250,184,93,91
219000251,464,196,268
219000252,186,151,35
219000253,362,69,293
219000255,110,97,13
219000256,234,53,181
219000257,81,1,80
219000262,51,51,0
219000263,53,59,-6
219000267,2,56,-54
219000268,0,1,-1
219000269,1,2,-1
219000270,11,0,11
219000271,97,5,92
219000278,0,5,-5
219000279,1,1,0
219000283,0,7,-7
219000295,13,46,-33
219000296,78,205,-127
219000297,16,52,-36
219000298,5,58,-53
219000299,453,49,404
219000300,15,68,-53
219000301,132,211,-79
219000302,18,161,-143
219000307,31,22,9
219000308,57,40,17
219000311,165,56,109
219000312,536,113,423
219000313,397,59,338
219000314,37,149,-112
219000315,334,25,309
219000316,595,53,542
219000317,111,30,81
219000320,0,32,-32
219000321,1,17,-16
219000323,3,46,-43
219000325,7,5,2
219000326,63,30,33
219000327,50,20,30
219000328,27,32,-5
219000329,274,94,180
219000330,28,17,11
219000331,48,34,14
219000332,180,95,85
219000333,22,1,21
219000335,110,3,107
219000337,20,0,20
219000338,42,3,39
219000344,20,42,-22
219000345,27,43,-16
219000346,45,30,15
219000348,164,84,80
219000349,38,93,-55
219000350,93,273,-180
219000351,0,10,-10
219000352,404,73,331
219000353,105,34,71
219000354,230,62,168
219000355,148,55,93
219000356,579,1457,-878
219000363,182,55,127
219000364,87,43,44
219000365,102,18,84
219000366,185,407,-222
219000368,252,513,-261
219000370,740,566,174
219000371,8,12,-4
219000382,4,17,-13
219000383,206,1069,-863
219000385,277,385,-108
219000386,424,1142,-718
219000387,3,8,-5
219000390,3,1,2
219000391,3,0,3
219000397,50,19,31
219000398,57,50,7
219000401,8,73,-65
219000402,31,42,-11
219000403,92,289,-197
219000404,16,111,-95
219000407,1,11,-10
219000409,74,36,38
219000410,105,32,73
219000411,72,10,62
219000446,50,240,-190
219000447,0,15,-15
219000448,8,2,6
219000452,74,74,0
219000453,42,135,-93
219000454,136,280,-144
219000556,271,71,200
219000558,72,56,16
219000590,25,135,-110
219000591,91,45,46
219000592,70,184,-114
219000595,3,21,-18
219000635,180,20,160
219000636,16,25,-9
219000657,22,29,-7
219000658,36,131,-95
219000673,1,35,-34
219000676,12,16,-4
219000679,34,5,29
219000684,86,0,86
219000685,2,26,-24
219000686,1,5,-4
219000688,0,33,-33
219000689,25,170,-145
219000690,175,28,147
219000691,6,18,-12
219000692,46,10,36
219000693,2,15,-13
219000694,48,0,48
219000695,21,3,18
219000698,22,0,22
219000699,0,10,-10
219000727,1,71,-70
219000728,112,2,110
219000770,21,1,20
219000771,0,20,-20
219001150,0,30,-30
219001151,3,6,-3
219001166,19,22,-3
219001167,2,41,-39
220000001,39,56,-17
220000002,13,54,-41
220000003,251,129,122
220000004,341,266,75
220000005,682,1667,-985
220000006,115,675,-560
220000007,389,229,160
220000008,269,298,-29
220000009,235,210,25
220000010,99,60,39
220000011,355,2700,-2345
220000012,40,252,-212
220000014,100,32,68
220000015,22,158,-136
220000017,53,149,-96
220000018,2848,1300,1548
220000019,63,284,-221
220000020,354,146,208
220000021,656,108,548
220000022,865,264,601
220000023,306,145,161
220000024,1081,349,732
220000025,900,1471,-571
220000026,268,462,-194
220000027,15,99,-84
220000028,42,36,6
220000029,15,80,-65
220000030,38,45,-7
220000031,500,238,262
220000064,23,747,-724
221000046,5,0,5
221000047,0,4,-4
221000048,0,2,-2
221000049,0,6,-6
221000050,14,0,14
221000055,28,43,-15
221000057,46,5,41
221000068,272,118,154
221000069,312,39,273
221000070,188,18,170
221000071,101,6,95
221000072,203,11,192
221000073,165,34,131
221000074,0,9,-9
221000075,11,18,-7
221000076,11,10,1
221000077,17,65,-48
221000081,14,4,10
221000082,69,4,65
221000083,12,4,8
221000084,3,2,1
221000085,5,34,-29
221000086,11,63,-52
221000087,4,87,-83
221000088,16,139,-123
221000089,26,211,-185
221000090,57,391,-334
221000098,103,15,88
221000099,159,10,149
221000100,81,5,76
221000101,161,5,156
221000102,138,12,126
221000109,4,67,-63
221000110,11,44,-33
221000111,13,69,-56
221000112,6,76,-70
221000113,19,84,-65
221000114,12,101,-89
221000120,54,15,39
221000121,7,55,-48
221000122,44,37,7
221000123,1,1,0
221000124,20,73,-53
221000155,140,15,125
221000156,8,22,-14
221000175,1,6,-5
221000176,0,3,-3
221000182,39,3,36
221000241,550,234,316
221000242,95,268,-173
221000243,455,130,325
221000244,246,218,28
221000245,71,79,-8
221000246,35,134,-99
221000247,94,75,19
221000248,112,58,54
221000267,61,464,-403
221000325,24,61,-37
221000331,6,26,-20
221000338,5,36,-31
221000378,189,36,153
221000381,32,23,9
222000282,3,6,-3
222000296,2,20,-18
222000568,394,21,373
222000569,285,81,204
222000570,187,30,157
222000571,430,19,411
222000577,24,76,-52
222000578,43,83,-40
222000579,16,62,-46
222000580,36,465,-429
222000599,0,94,-94
222000600,2,151,-149
222000601,7,560,-553
222000603,13,40,-27
222000604,3,35,-32
222000605,14,38,-24
222000606,2,6,-4
222000607,5,7,-2
222000608,28,19,9
222000609,76,74,2
222000616,543,25,518
222000617,6,10,-4
222000618,8,3,5
222000620,7,9,-2
222000621,34,19,15
222000623,568,9,559
222000624,420,2,418
222000625,549,12,537
222000636,76,1,75
222000686,11,29,-18
222000687,34,26,8
222001066,288,1,287
222001067,20,2,18
222001068,63,7,56
222001069,69,19,50
222001082,23,19,4
222001083,27,7,20
222001084,0,16,-16
222001085,1,207,-206
222001111,85,64,21
222001112,187,40,147
222001313,35,9,26
222001314,8,83,-75
222001464,43,24,19
222001465,6,32,-26
222001484,149,41,108
222001485,18,31,-13
222001494,663,98,565
222001495,119,114,5
222001496,395,79,316
222001497,77,186,-109
222001502,22,40,-18
222001503,150,39,111
222001504,31,221,-190
222001505,404,14,390
222001506,46,287,-241
222001507,346,26,320
222001510,651,41,610
222001511,46,181,-135
222001514,710,194,516
222001515,196,292,-96
222001518,517,69,448
222001519,69,90,-21
222001527,179,55,124
222001528,34,74,-40
222001529,448,40,408
222001530,71,103,-32
222001533,121,201,-80
222001534,523,47,476
222001535,256,216,40
222001536,72,89,-17
222001537,324,68,256
222001538,65,261,-196
222001563,877,78,799
222001564,68,216,-148
222001568,172,214,-42
222001576,1,3,-2
222001579,1,9,-8
222001583,11,97,-86
222001584,93,6,87
222001596,530,1010,-480
222001597,1519,341,1178
222001626,0,62,-62
222001650,45,135,-90
222001651,56,548,-492
222001914,248,47,201
222001915,47,148,-101
222900004,465,250,215
222900009,255,355,-100
222900019,151,191,-40
222900024,23,10,13
222900025,8,16,-8
225000001,360,112,248
225000002,627,150,477
225000003,627,92,535
225000004,324,161,163
225000005,57,37,20
225000006,0,131,-131
225000007,663,866,-203
225000010,352,16,336
225000011,227,984,-757
225000012,209,535,-326
225000013,91,85,6
225000014,655,86,569
225000015,64,101,-37
225000021,625,117,508
225000027,155,259,-104
225000032,515,81,434
225000042,64,314,-250
225000049,43,37,6
225000050,79,9,70
225000053,5,232,-227
225000058,511,141,370
225000067,114,69,45
225000068,95,172,-77
225000069,57,271,-214
225000070,95,206,-111
225000071,31,64,-33
225000075,22,426,-404
225000076,41,71,-30
225000078,57,34,23
225000085,79,80,-1
225000086,215,65,150
225000087,137,22,115
225000088,4,101,-97
225000089,112,698,-586
225000090,47,336,-289
225000091,133,68,65
225000092,28,40,-12
225000093,168,151,17
225000094,9,116,-107
225000095,238,173,65
225000096,189,218,-29
225000098,628,232,396
225000099,366,110,256
225000100,402,86,316
225000104,58,211,-153
225000110,15,179,-164
225000111,171,511,-340
225000112,174,632,-458
225000113,150,368,-218
225000114,66,168,-102
225000115,626,379,247
225000116,536,177,359
225000117,543,215,328
225000118,1022,229,793
225000119,243,67,176
225000120,658,29,629
225000121,124,20,104
225000123,471,14,457
225000125,399,105,294
225000126,538,110,428
225000127,422,1183,-761
225000128,344,749,-405
225000132,307,18,289
225000133,218,27,191
225000134,540,144,396
225000135,54,14,40
225000136,260,14,246
225000137,257,51,206
225000138,355,113,242
225000143,47,113,-66
225000144,4,177,-173
225000145,23,17,6
225000146,32,30,2
225000147,11,85,-74
225000148,9,79,-70
225000149,41,221,-180
225000151,21,95,-74
225000155,249,209,40
225000156,119,608,-489
225000157,238,215,23
225000158,44,94,-50
225000171,2,102,-100
225000180,26,1,25
225000181,0,51,-51
225000182,83,5,78
225000185,3,283,-280
225000187,25,261,-236
225000191,87,0,87
225000194,0,10,-10
225000208,0,31,-31
225000209,112,9,103
225000210,3,194,-191
225000217,0,7,-7
225000218,18,0,18
225000223,0,17,-17
225000224,15,2,13
225000225,1,21,-20
225000226,10,1,9
225000227,15,37,-22
225000228,14,4,10
225000229,0,33,-33
225000230,17,0,17
225000231,0,22,-22
225000232,116,0,116
225000241,27,1,26
225000242,0,26,-26
225000249,5,0,5
225000250,35,360,-325
225000251,349,19,330
225000254,3,2,1
225000256,0,20,-20
225000257,0,12,-12
226000042,176,223,-47
226000043,44,168,-124
226000044,78,191,-113
226000045,55,131,-76
226000046,412,68,344
226000047,328,77,251
226000048,274,77,197
226000049,259,137,122
226000070,1,18,-17
226000071,0,22,-22
226000072,0,4,-4
226000073,0,4,-4
226000074,1,6,-5
226000084,0,21,-21
226000085,1,10,-9
226000086,2,6,-4
226000087,6,10,-4
226000088,12,40,-28
226000090,261,83,178
226000091,13,49,-36
226000092,5,29,-24
226000093,22,0,22
226000094,2,5,-3
226000095,10,3,7
226000105,8,0,8
226000106,9,0,9
226000107,7,0,7
226000108,18,0,18
226000109,81,0,81
226000124,155,29,126
226000134,886,348,538
226000135,1609,446,1163
226000136,589,381,208
226000137,6,156,-150
226000138,6,73,-67
226000139,0,25,-25
226000156,190,3,187
226000157,204,3,201
226000163,108,155,-47
226000202,14,155,-141
226000231,258,4,254
226000232,32,5,27
227000033,381,58,323
227000036,432,29,403
227000037,458,24,434
227000038,143,19,124
227000084,3,68,-65
227000085,0,38,-38
227000088,36,1,35
227000089,81,3,78
227000090,16,4,12
227000091,25,0,25
227000092,14,0,14
227000093,93,1,92
227000094,9,0,9
227000130,13,68,-55
227000131,15,106,-91
227000132,6,133,-127
227000133,5,99,-94
227000134,13,126,-113
227000152,0,4,-4
227000153,0,50,-50
227000154,0,20,-20
227000155,2,10,-8
227000156,0,11,-11
227000165,2,38,-36
227000196,460,118,342
227000199,454,214,240
227000230,1,139,-138
227000232,547,25,522
227000242,47,224,-177
227000243,462,69,393
227000245,9,236,-227
227000246,107,207,-100
227000247,533,49,484
227000248,132,18,114
227000249,24,51,-27
227000250,258,110,148
227000251,36,95,-59
227000252,15,115,-100
227000253,205,15,190
227000262,482,48,434
227000266,1394,16,1378
227000267,29,579,-550
227000282,3,90,-87
227000284,587,24,563
227000286,7,26,-19
227000291,10,206,-196
227000296,132,247,-115
227000484,148,13,135
227000485,10,416,-406
227000655,212,4,208
227000656,546,31,515
227000657,73,5,68
227000704,32,0,32
229000265,9,2,7
229000266,10,0,10
229000267,13,0,13
229000268,25,1,24
229000269,33,0,33
229000274,1,16,-15
229000275,0,19,-19
229000276,0,19,-19
229000277,1,4,-3
229000278,1,5,-4
229000295,13,20,-7
229000296,18,7,11
229000297,7,22,-15
229000298,10,95,-85
229000320,25,14,11
229000321,12,8,4
229000412,7,42,-35
229000414,7,46,-39
229000415,21,1,20
229000416,4,9,-5
229000417,0,11,-11
229000419,65,266,-201
229000440,341,68,273
229000442,23,6,17
229000443,7,4,3
229000444,0,13,-13
229000445,81,4,77
229000446,96,19,77
229000491,5,7,-2
229000492,11,48,-37
229000493,7,44,-37
229000494,55,3,52
229000495,149,1,148
229000496,79,2,77
229000507,0,58,-58
229000508,1,33,-32
229000509,1,60,-59
229000510,7,23,-16
229000511,2,40,-38
229000512,0,16,-16
229000513,0,2,-2
229000514,0,2,-2
229000517,5,11,-6
229000518,28,6,22
229000519,1,6,-5
229000520,20,41,-21
229000521,52,11,41
229000522,9,18,-9
229000523,7,3,4
229000524,5,1,4
229000527,1,0,1
229000528,0,0,0
229000529,5,0,5
229000530,68,1,67
229000531,39,0,39
229000532,19,0,19
229000533,58,1,57
229000534,52,1,51
229000564,72,4,68
229000565,27,0,27
229000566,0,3,-3
229000567,0,26,-26
229000582,69,1,68
229000583,7,4,3
229000584,0,40,-40
229000585,1,47,-46
229000718,0,3,-3
229000719,0,0,0
229000720,0,1,-1
229000721,0,7,-7
229000722,0,6,-6
229000723,0,3,-3
229000724,0,0,0
229000725,0,2,-2
229000738,2,0,2
229000739,1,0,1
229000740,1,0,1
229000741,22,0,22
229000742,3,0,3
229000743,19,0,19
229000744,1,0,1
229000745,2,0,2
229000746,22,0,22
229000847,82,0,82
229000848,35,0,35
229000849,156,3,153
229000851,95,0,95
229000854,0,5,-5
229000856,1,30,-29
229000857,0,23,-23
229000858,0,19,-19
229000919,12,50,-38
229000930,1,217,-216
229000937,80,9,71
229000966,56,19,37
229000981,14,10,4
229000985,24,13,11
229000986,2,2,0
229000987,1,2,-1
229000988,3,5,-2
229000989,6,1,5
229000990,2,2,0
229000991,0,0,0
229000992,17,1,16
229000993,136,20,116
229000998,17,44,-27
229000999,77,6,71
229001034,0,16,-16
229001035,2,2,0
229001036,5,60,-55
229001037,47,1,46
229001038,0,4,-4
229001039,0,0,0
229001040,0,35,-35
229001041,32,0,32
229001042,15,9,6
229001047,21,34,-13
229001050,29,17,12
229001168,0,18,-18
229001200,37,1,36
229001338,10,17,-7
229001394,144,3,141
229001422,152,20,132
229001423,49,75,-26
229001431,36,19,17
229001432,45,61,-16
229001444,303,97,206
229001445,35,102,-67
229001479,39,4,35
229001503,191,70,121
229001504,112,72,40
229001505,103,15,88
229001506,84,53,31
229001509,24,2,22
229001510,8,38,-30
229001545,83,1,82
229001546,4,88,-84
229001553,90,11,79
229001554,44,43,1
229001630,52,16,36
229001631,17,24,-7
229001635,1,16,-15
229001636,3,0,3
229001658,0,118,-118
229001659,57,4,53
229001660,8,7,1
229001661,5,16,-11
229001662,6,0,6
229001663,1,23,-22
229002584,216,173,43
229002831,147,130,17
229002841,4,14,-10
229002842,15,15,0
229002843,72,12,60
229002844,42,41,1
229002845,25,88,-63
229002846,21,20,1
229002847,3,11,-8
229002848,18,13,5
229002849,2,121,-119
229002850,19,1,18
229002851,30,173,-143
229002852,241,20,221
229002853,141,15,126
229002854,49,66,-17
229002855,5,33,-28
229002856,29,10,19
229002857,7,221,-214
229002858,16,10,6
229002859,54,218,-164
229002860,265,30,235
229002861,56,23,33
229002862,24,20,4
229002863,26,15,11
229002864,26,21,5
229002865,9,6,3
229002866,20,15,5
229002867,0,15,-15
229002868,4,5,-1
229002869,32,95,-63
229002870,78,11,67
235000066,71,11,60
235000067,183,38,145
235000072,94,172,-78
235000073,29,62,-33
235000074,12,4,8
235000080,17,44,-27
235000081,116,69,47
235000082,180,21,159
235000083,337,32,305
235000084,57,24,33
235000085,218,19,199
235000089,1,3,-2
235000092,11,8,3
235000093,7,3,4
235000097,4,5,-1
235000098,40,11,29
235000099,3,3,0
235000115,48,51,-3
235000116,27,11,16
235000117,341,17,324
235000133,3,490,-487
235000134,10,133,-123
235000206,8,4,4
235000207,0,2,-2
235000208,0,0,0
235000209,0,1,-1
235000210,5,9,-4
235000212,0,8,-8
235000213,0,0,0
235000220,0,1,-1
235000221,60,8,52
235000238,8,123,-115
235000239,1,20,-19
235000242,296,802,-506
235000245,320,121,199
235000246,7,32,-25
235000284,10,92,-82
235000295,56,11,45
235000305,263,23,240
235000306,276,7,269
235000307,8,0,8
235000308,30,1,29
235000309,48,1,47
235000310,48,1,47
235000311,73,16,57
235000322,1,45,-44
235000323,1,51,-50
235000324,0,15,-15
235000325,0,9,-9
235000326,7,68,-61
235000351,3,40,-37
235000352,26,34,-8
235000353,1,22,-21
235000354,9,25,-16
235000355,8,54,-46
235000356,55,1,54
235000357,37,6,31
235000358,38,10,28
235000359,12,4,8
235000360,65,12,53
235000361,50,4,46
235000381,70,75,-5
235000382,277,21,256
235000390,4,1,3
235000391,197,7,190
235000392,175,291,-116
235000393,112,153,-41
235000395,123,35,88
235000396,561,58,503
235000399,108,19,89
235000400,125,43,82
235000401,12,131,-119
235000402,8,76,-68
235000405,81,138,-57
235000406,26,123,-97
235000407,35,59,-24
235000409,112,43,69
235000410,5,30,-25
235000411,0,24,-24
235000485,0,4,-4
235000486,14,0,14
235000549,105,61,44
235000550,74,78,-4
235000599,121,21,100
235000600,4,7,-3
235000601,13,19,-6
235000602,53,34,19
235000614,1,3,-2
235000648,0,2,-2
235000649,25,7,18
235000685,0,2,-2
235000815,13,86,-73
235000834,0,6,-6
235000855,59,29,30
235000862,49,88,-39
235000891,0,8,-8
235000892,27,1,26
235000901,69,33,36
235000907,3,7,-4
235001010,86,43,43
235001029,82,35,47
235001030,330,194,136
235001078,67,66,1
235001079,55,58,-3
235001147,4,43,-39
235001166,9,28,-19
235001167,61,15,46
235001169,24,244,-220
235001188,0,0,0
235001189,4,0,4
235001197,0,12,-12
235001200,51,30,21
235001208,3,9,-6
235001209,3,25,-22
235001210,3,22,-19
235001239,0,11,-11
235001244,0,1,-1
235016267,0,53,-53
235900013,0,3,-3
235900014,1,9,-8
241900007,53,4,49
277101746,0,0,0
277102712,1,0,1
277103813,0,0,0
277103814,0,0,0
277103898,0,1,-1
990010990,14,92,-78
990011530,1,154,-153
990014944,1,270,-269
990015176,19,2,17
990015618,0,105,-105
990015888,23,45,-22
990016032,0,190,-190
990032570,0,307,-307
990070001,55,4,51
990070103,0,7,-7
990070601,0,61,-61
990070751,1168,2,1166
990070766,1,201,-200
990071180,427,138,289
990071343,17,1,16
990071387,0,8,-8
990071823,422,0,422
990072600,1,1166,-1165
990072964,1,300,-299
990073285,0,2,-2
990074393,1,464,-463
990074714,15,14,1
990074870,1432,9,1423
990075106,872,6,866
990075746,510,5,505
990076437,1673,1,1672
990076458,2,302,-300
997000007,331,14,317
997000041,0,190,-190
997000058,44,1,43
997000062,27,1,26
997000069,0,3,-3
997000070,0,8,-8
997000100,48,0,48
997000141,7,1641,-1634
997000198,1,476,-475
998000475,2,20,-18
998000736,0,107,-107
998000965,0,7,-7
998001031,0,60,-60
998001072,193,132,61
998001091,2,5,-3
998001093,4,0,4
998001103,0,3,-3
998001105,2,8,-6
998001700,0,0,0
998001899,0,0,0
998001900,2,1,1
998003073,816,37,779
998003124,15,5,10
998003125,34,58,-24
998101900,0,0,0
998102850,4,349,-345
998501819,3,0,3
998501820,0,3,-3
998501832,72,38,34
998501927,574,849,-275
998501929,80,3,77
998501930,23,0,23
998501931,126,25,101
998501932,5,0,5
998501933,58,1,57
998501937,5,0,5
998501944,0,0,0
998501950,0,0,0
998501970,58,3,55
998501971,0,71,-71
998501972,289,5,284
998501973,1,29,-28
998501974,0,137,-137
998501975,92,1,91
998501976,113,40,73
998501977,0,20,-20
998501978,9,0,9
998501979,0,9,-9
998501980,23,0,23
998501981,18,0,18
998501982,0,122,-122
998502006,0,0,0
998502024,0,2,-2
998502032,0,4,-4
998502062,17,1,16
998502063,0,0,0
998502173,0,0,0
998502269,0,3,-3
998601159,3,54,-51
998601292,0,13,-13
999033574,0,71,-71
999800001,34,4,30
999800002,0,2,-2
999800003,2,1,1
999800004,0,6,-6
999800005,0,2,-2
