ID,insum,outsum,diff
100000001,1034,849,185
100000002,8265,14665,-6400
100000003,7145,12430,-5285
100000004,473,1696,-1223
100000005,5040,7938,-2898
100000006,964,1507,-543
100000007,4211,1209,3002
100000008,152,2926,-2774
100000009,536,982,-446
100000010,74,2253,-2179
100000011,906,472,434
100000012,31,681,-650
100000013,30,893,-863
100000014,536,1911,-1375
100000015,2014,3215,-1201
100000016,529,4079,-3550
100000017,523,5233,-4710
100000018,1416,1065,351
100000019,5124,5597,-473
100000020,2501,10762,-8261
100000021,13445,2922,10523
100000022,1372,10343,-8971
100000023,10710,5071,5639
100000025,762,3918,-3156
100000028,630,5520,-4890
100000029,72,2237,-2165
100000030,61,68,-7
100000031,3499,14591,-11092
100000032,4385,10672,-6287
100000033,1999,7842,-5843
100000034,281,3213,-2932
100000035,1041,3286,-2245
100000036,1252,3307,-2055
100000037,1283,1061,222
100000038,4725,2207,2518
100000039,242,1871,-1629
100000040,1117,376,741
100000041,3082,1071,2011
100000042,2374,906,1468
100000043,1115,263,852
100000044,459,691,-232
100000045,613,1424,-811
100000046,804,1389,-585
100000047,291,1147,-856
100000048,372,1394,-1022
100000049,2893,2805,88
100000051,1166,755,411
100000053,129,18,111
100000054,549,42,507
100000055,1017,262,755
100000056,567,1192,-625
100000057,3285,1336,1949
100000058,1617,791,826
100000059,42,856,-814
100000060,1402,1026,376
100000061,3229,1546,1683
100000062,2308,1491,817
100000063,1705,607,1098
100000064,2912,975,1937
100000065,501,1166,-665
100000066,322,833,-511
100000067,371,840,-469
100000068,524,3332,-2808
100000069,496,1864,-1368
100000072,179,648,-469
100000073,1970,1326,644
100000075,1735,317,1418
100000076,2694,9955,-7261
100000077,346,1238,-892
100000078,21,84,-63
100000079,45,89,-44
100000080,6,69,-63
100000081,44,229,-185
100000102,5164,15272,-10108
100000103,3117,3629,-512
100000104,10069,4242,5827
100000105,1696,5815,-4119
100000106,1434,8311,-6877
100000107,115,2497,-2382
100000108,466,3289,-2823
100000109,853,4369,-3516
100000116,325,1336,-1011
100000117,76,282,-206
100000118,794,2210,-1416
100000119,1436,1807,-371
100000121,419,1283,-864
100000122,732,8256,-7524
100000123,2155,4866,-2711
100000124,3818,4301,-483
100000125,16971,4007,12964
100000126,921,3422,-2501
100000127,2010,3435,-1425
100000128,583,6924,-6341
100000129,453,1902,-1449
100000130,1399,362,1037
100000131,1617,2954,-1337
100000132,2085,3006,-921
100000133,2514,1825,689
100000135,1255,1729,-474
100000139,170,729,-559
100000140,147,346,-199
100000142,815,1073,-258
100000143,1353,539,814
100000144,4375,705,3670
100000147,2621,7714,-5093
100000150,155,1206,-1051
100000151,647,4100,-3453
100000153,78,1081,-1003
100000154,38,2382,-2344
100000155,10,99,-89
100000156,197,284,-87
100000157,681,386,295
100000158,339,267,72
100000159,119,3332,-3213
100000165,1318,1194,124
100000169,32,4351,-4319
100000174,429,2639,-2210
100000179,86,2613,-2527
100000180,1504,12722,-11218
100000181,653,860,-207
100000188,151,1154,-1003
100000189,1259,1368,-109
100000190,713,3108,-2395
100000191,1537,1095,442
100000192,42,170,-128
100000193,333,229,104
100000330,1335,1749,-414
100000355,369,1931,-1562
100000362,3113,1462,1651
100000363,10396,13835,-3439
100000364,134,369,-235
100000365,9559,15122,-5563
100000366,2472,1843,629
100000367,9652,12602,-2950
100000368,2504,2061,443
100000369,950,4525,-3575
100000370,450,1659,-1209
100000376,35,439,-404
100000379,1065,9022,-7957
100000380,4510,19284,-14774
100000384,9193,15277,-6084
100000385,2458,11073,-8615
100000386,2288,15354,-13066
100000387,7769,17338,-9569
100000388,2535,7062,-4527
100000389,8637,12273,-3636
100000390,4561,5501,-940
100000391,4527,12046,-7519
100000392,1048,4600,-3552
100000393,1091,7465,-6374
100000394,2751,9854,-7103
100000395,1435,9295,-7860
100000396,1336,3074,-1738
100000397,2367,11783,-9416
100000398,8807,6064,2743
100900002,18,79,-61
100900003,1010,385,625
100900004,20,3135,-3115
100900005,267,20,247
100900006,124,76,48
100900007,356,1,355
100900008,9,776,-767
100900009,59,92,-33
100900010,108,25,83
100900011,393,118,275
100900012,6,29,-23
100900013,1840,34,1806
100900014,6,0,6
100900015,73,102,-29
100900016,1,21,-20
100900017,2098,412,1686
100900018,0,14,-14
100900019,82,125,-43
100900020,638,5,633
100900021,668,5,663
100900022,10,51,-41
100900023,0,99,-99
100900024,679,4,675
100900025,22,4,18
100900026,292,149,143
100900027,867,5427,-4560
100900028,80,736,-656
100900029,33,5,28
100900030,3,613,-610
100900031,1783,209,1574
100900032,1064,3,1061
100900033,150,1321,-1171
100900034,2645,5,2640
100900035,405,1,404
100900036,37,4,33
100900037,332,63,269
100900038,18,229,-211
100900039,386,198,188
100900040,1064,417,647
100900041,2608,272,2336
100900042,530,4281,-3751
100900043,0,111,-111
100900044,1926,1360,566
100900045,21,2,19
100900046,2240,26,2214
100900047,1277,209,1068
100900048,311,115,196
100900049,175,222,-47
100900050,10,44,-34
100900051,59,403,-344
100900052,493,40,453
100900053,1140,59,1081
100900054,21,26,-5
100900055,1145,2532,-1387
100900056,88,196,-108
100900057,4520,969,3551
100900058,190,138,52
100900059,259,7,252
100900060,289,13,276
100900061,200,266,-66
100900062,6,5,1
100900063,537,1621,-1084
100900064,1086,30,1056
100900065,95,243,-148
100900066,232,89,143
100900067,84,27,57
100900068,154,430,-276
100900069,216,29,187
100900070,1167,31,1136
100900071,440,178,262
100900072,0,23,-23
100900073,636,822,-186
100900074,1,4,-3
100900075,3094,560,2534
100900076,5,50,-45
100900077,135,4,131
100900078,591,442,149
100900079,7,8,-1
100900080,169,345,-176
100900081,104,314,-210
100900082,421,104,317
100900083,29,75,-46
100900085,4,767,-763
100900086,97,521,-424
100900088,529,121,408
100900089,9,22,-13
100900090,183,3147,-2964
100900091,9,9,0
100900092,167,248,-81
100900093,501,1128,-627
100900094,369,147,222
100900095,0,38,-38
100900096,21,572,-551
100900097,2,1,1
100900098,19,23,-4
100900099,9,911,-902
100900100,11,393,-382
100900101,401,71,330
100900102,4,321,-317
100900103,19,13,6
100900104,10,369,-359
100900105,32,1030,-998
100900106,9,3,6
100900107,6174,1626,4548
100900108,10,64,-54
100900109,25,59,-34
100900110,7,33,-26
100900111,33,483,-450
100900112,4,92,-88
100900113,23,15,8
100900114,6,58,-52
100900115,29,99,-70
100900116,2482,703,1779
100900117,454,1717,-1263
100900118,61,158,-97
100900119,14,14,0
100900120,11,25,-14
100900121,1228,663,565
100900122,60,104,-44
100900123,479,78,401
100900124,0,2,-2
100900125,3,59,-56
100900126,1244,404,840
100900127,2,10,-8
100900128,228,1743,-1515
100900129,2,348,-346
100900131,26,162,-136
100900133,175,43,132
100900134,4,11,-7
100900135,7,1403,-1396
100900137,541,482,59
100900138,530,924,-394
100900139,0,28,-28
100900140,0,215,-215
100900141,3,1042,-1039
100900142,0,11,-11
100900143,566,2149,-1583
100900144,12,9,3
100900145,102,1664,-1562
100900146,12,51,-39
100900147,44,4284,-4240
100900148,402,205,197
100900149,15,1099,-1084
100900150,14,107,-93
100900151,223,990,-767
100900152,1401,39,1362
100900153,1,475,-474
100900154,8,455,-447
100900155,6,9,-3
100900156,155,11,144
100900157,50,578,-528
100900158,1774,88,1686
100900159,8,115,-107
100900160,55,0,55
100900161,171,2,169
100900162,17,343,-326
100900163,494,102,392
100900164,175,89,86
100900165,20,19,1
100900166,321,3,318
100900167,23,56,-33
100900168,63,115,-52
100900169,67,1666,-1599
100900170,37,37,0
100900171,16,725,-709
100900172,3,139,-136
100900173,25,208,-183
100900174,60,68,-8
100900176,2444,1065,1379
100900177,688,586,102
100900178,548,289,259
100900179,368,491,-123
100900180,0,10,-10
100900181,274,103,171
100900182,240,30,210
100900184,51,232,-181
100900186,1061,560,501
100900187,137,132,5
100900188,75,11,64
100900189,4659,223,4436
100900191,886,1585,-699
100900192,175,609,-434
100900195,192,1465,-1273
100900197,58,120,-62
100900198,42,35,7
100900199,24,4,20
100900200,1503,517,986
100900201,375,1439,-1064
100900202,116,1,115
100900203,0,205,-205
100900204,192,5104,-4912
100900205,365,761,-396
100900206,308,409,-101
100900207,539,247,292
100900210,250,257,-7
100900211,1368,190,1178
100900213,528,80,448
100900214,569,251,318
100900215,172,28,144
101000001,2490,2946,-456
101000002,11553,15108,-3555
101000003,849,1548,-699
101000004,12352,9319,3033
101000005,7578,9730,-2152
101000006,16746,17146,-400
101000007,7795,9260,-1465
101000008,2827,4009,-1182
101000009,5066,1336,3730
101000010,2171,1387,784
101000011,2688,715,1973
101000012,571,1317,-746
101000013,855,2468,-1613
101000014,589,665,-76
101000015,3469,3041,428
101000016,409,1976,-1567
101000017,499,1058,-559
101000018,2235,16965,-14730
101000020,2749,3001,-252
101000021,654,1824,-1170
101000022,91,734,-643
101000023,2009,1781,228
101000025,656,1235,-579
101000026,393,63,330
101000027,3047,7134,-4087
101000028,640,102,538
101000029,69,2427,-2358
101000030,1633,227,1406
101000031,118,1089,-971
101000032,3141,7253,-4112
101000033,2344,11465,-9121
101000034,1138,5340,-4202
101000035,695,1009,-314
101000036,586,4945,-4359
101000037,1408,6737,-5329
101000039,3073,8448,-5375
101000040,5033,12512,-7479
101000041,3210,11078,-7868
101000042,100,1904,-1804
101000043,4920,14054,-9134
101000045,398,1087,-689
101000046,1820,3339,-1519
101000047,1438,7335,-5897
101000048,705,781,-76
101000049,916,4678,-3762
101000050,1232,4129,-2897
101000051,924,3681,-2757
101000052,1905,3784,-1879
101000053,631,2515,-1884
101000054,4544,1718,2826
101000055,1881,3265,-1384
101000056,25,299,-274
101000057,643,5385,-4742
101000058,1382,4743,-3361
101000059,3436,4903,-1467
101000060,2868,2740,128
101000061,577,4201,-3624
101000062,241,991,-750
101000063,270,3169,-2899
101000064,374,1555,-1181
101000065,202,2273,-2071
101000066,366,2700,-2334
101000067,290,1254,-964
101000068,121,592,-471
101000069,282,143,139
101000070,414,1023,-609
101000071,6910,3324,3586
101000072,1199,4295,-3096
101000073,679,1549,-870
101000074,2931,5406,-2475
101000075,2906,4740,-1834
101000077,2675,3600,-925
101000078,1025,1811,-786
101000079,1156,1737,-581
101000080,877,2049,-1172
101000081,3113,2299,814
101000082,2937,2760,177
101000083,5693,3670,2023
101000084,1520,675,845
101000085,2368,2094,274
101000086,1258,2073,-815
101000087,1567,1983,-416
101000088,3236,2248,988
101000089,1711,2729,-1018
101000090,3061,1148,1913
101000091,1214,722,492
101000092,3358,780,2578
101000093,2959,696,2263
101000094,1924,1325,599
101000095,1375,985,390
101000096,1224,426,798
101000097,745,2149,-1404
101000098,684,1711,-1027
101000099,936,2959,-2023
101000100,1280,3136,-1856
101000101,204,2810,-2606
101000102,844,3340,-2496
101000103,659,2922,-2263
101000104,412,1524,-1112
101000105,158,1208,-1050
101000106,263,4283,-4020
101000107,405,1315,-910
101000108,951,165,786
101000109,1559,281,1278
101000110,58,255,-197
101000111,92,534,-442
101000113,267,2108,-1841
101000114,2738,10671,-7933
101000115,31,32,-1
101000116,43,85,-42
101000117,2223,458,1765
101000119,13,136,-123
101000120,69,161,-92
101000121,22,64,-42
101000122,140,114,26
101000123,33,128,-95
101000124,602,699,-97
101000125,184,175,9
101000128,221,2813,-2592
101000130,257,279,-22
101000131,2692,507,2185
101000132,1804,1208,596
101000135,14,34,-20
101000136,78,225,-147
101000137,17,982,-965
101000141,858,8544,-7686
101000147,1117,406,711
101000148,1449,31,1418
101000149,25,110,-85
101000150,254,394,-140
101000151,694,108,586
101000152,781,666,115
101000153,627,364,263
101000154,846,1030,-184
101000155,1228,419,809
101000156,30,1381,-1351
101000157,69,593,-524
101000160,10,23,-13
101000163,113,1005,-892
101000164,536,144,392
101000165,474,1078,-604
101000166,326,430,-104
101000168,1218,801,417
101000252,4232,1390,2842
101000254,12,69,-57
101000258,63,5,58
101000261,53,191,-138
101000262,4188,10360,-6172
101000263,691,2378,-1687
101000265,118,1247,-1129
101000266,776,613,163
101000269,17,72,-55
101000290,526,6004,-5478
101000293,24,116,-92
101000294,1277,1287,-10
101000295,626,305,321
101000301,176,1539,-1363
101000304,4454,8335,-3881
101000305,4573,3557,1016
101900001,35,58,-23
101900002,0,8,-8
101900003,48,437,-389
101900004,5,339,-334
101900005,2055,8484,-6429
101900006,4106,386,3720
101900007,995,613,382
101900008,134,892,-758
101900009,80,826,-746
101900010,781,1341,-560
101900011,126,2672,-2546
101900012,1281,169,1112
101900013,1043,106,937
101900017,52,149,-97
101900018,2387,759,1628
101900019,159,246,-87
101900020,302,234,68
101900021,6,112,-106
101900022,569,2340,-1771
101900023,427,436,-9
102000001,7063,14361,-7298
102000002,4379,10040,-5661
102000003,3752,9911,-6159
102000004,13202,7281,5921
102000005,2879,6376,-3497
102000006,1448,2789,-1341
102000007,5237,9267,-4030
102000008,12291,2921,9370
102000009,16129,16215,-86
102000010,7556,4963,2593
102000011,9592,10263,-671
102000012,6419,5688,731
102000018,6295,6675,-380
102000019,6691,3836,2855
102000026,1482,817,665
102000029,449,675,-226
102000030,278,786,-508
102000031,208,240,-32
102000032,1049,795,254
102000033,869,544,325
102000034,932,812,120
102000035,3754,1024,2730
102000036,27,531,-504
102000037,367,83,284
102000038,155,755,-600
102000039,82,295,-213
102000040,242,607,-365
102000041,37,1096,-1059
102000042,156,689,-533
102000043,152,1105,-953
102000044,870,2267,-1397
102000045,1597,2280,-683
102000046,3462,2063,1399
102000047,1830,1350,480
102000048,1606,1145,461
102000049,1735,2890,-1155
102000050,2888,2351,537
102000051,394,1492,-1098
102000052,2236,2563,-327
102000053,2091,2853,-762
102000054,1765,1617,148
102000055,2791,297,2494
102000056,3665,479,3186
102000057,3606,831,2775
102000058,1754,1001,753
102000059,1668,2354,-686
102000060,1444,1392,52
102000061,3741,2817,924
102000062,4290,1963,2327
102000063,2447,2629,-182
102000064,908,1012,-104
102000065,69,267,-198
102000066,1256,1621,-365
102000067,11969,7187,4782
102000068,17365,6665,10700
102000069,187,4106,-3919
102000070,2912,61,2851
102000071,10512,17617,-7105
102000072,4768,6595,-1827
102000073,1563,1016,547
102000074,1329,2585,-1256
102000075,440,557,-117
102000076,782,217,565
102000077,1910,676,1234
102000078,2389,428,1961
102000079,420,227,193
102000080,775,436,339
102000081,473,1303,-830
102000082,1009,645,364
102000083,2115,525,1590
102000084,1084,450,634
102000085,6925,1341,5584
102000086,2497,1204,1293
102000087,1431,2044,-613
102000088,499,565,-66
102000089,2663,495,2168
102000090,642,2240,-1598
102000091,2052,1153,899
102000092,450,1115,-665
102000093,1607,736,871
102000094,689,490,199
102000095,1165,1684,-519
102000096,625,596,29
102000097,1778,493,1285
102000098,507,750,-243
102000099,1308,881,427
102000100,393,1296,-903
102000101,512,565,-53
102000102,660,2188,-1528
102000103,5245,772,4473
102000104,1342,677,665
102000105,434,674,-240
102000106,1738,771,967
102000107,4193,266,3927
102000108,1233,743,490
102000109,2432,960,1472
102000110,3211,1180,2031
102000111,24,1309,-1285
102000112,185,262,-77
102000113,31,117,-86
102000114,2491,607,1884
102000115,642,655,-13
102000116,420,1085,-665
102000117,98,1988,-1890
102000118,1372,2829,-1457
102000119,1125,2258,-1133
102000120,466,944,-478
102000121,1905,713,1192
102000122,943,1252,-309
102000123,1858,1427,431
102000124,2436,2341,95
102000125,795,1786,-991
102000126,853,1640,-787
102000127,1944,1254,690
102000128,1172,1316,-144
102000129,3135,858,2277
102000130,940,1369,-429
102000131,2281,1437,844
102000132,507,1705,-1198
102000133,6643,3548,3095
102000134,1706,1669,37
102000135,2154,1255,899
102000136,3123,1069,2054
102000137,830,2318,-1488
102000138,473,892,-419
102000139,154,2361,-2207
102000140,262,2367,-2105
102000141,391,3690,-3299
102000142,692,634,58
102000143,567,383,184
102000144,730,329,401
102000145,550,470,80
102000146,929,813,116
102000147,1053,734,319
102000148,525,1222,-697
102000149,1024,158,866
102000150,1216,125,1091
102000151,182,182,0
102000152,671,234,437
102000153,1393,1210,183
102000154,222,520,-298
102000155,56,1058,-1002
102000156,322,301,21
102000157,93,2573,-2480
102000158,114,551,-437
102000159,4355,2184,2171
102000161,6113,3883,2230
102000162,232,604,-372
102000163,208,718,-510
102000164,1322,1317,5
102000165,280,843,-563
102000166,105,616,-511
102000167,283,442,-159
102000168,347,424,-77
102000169,389,1143,-754
102000170,1888,234,1654
102000171,157,271,-114
102000172,23,831,-808
102000173,853,645,208
102000174,278,298,-20
102000175,89,84,5
102000176,45,84,-39
102000178,327,1258,-931
102000179,837,668,169
102000180,1866,315,1551
102000181,2174,556,1618
102000182,1097,557,540
102000183,4274,1525,2749
102000184,3710,1167,2543
102000185,5717,1203,4514
102000186,3460,1380,2080
102000187,1927,5373,-3446
102000188,3049,4913,-1864
102000189,6632,1875,4757
102000190,931,4136,-3205
102000191,1493,445,1048
102000192,3495,2327,1168
102000193,308,258,50
102000194,92,638,-546
102000195,994,725,269
102000196,861,590,271
102000197,2349,250,2099
102000198,511,507,4
102000199,2404,172,2232
102000200,750,771,-21
102000201,2794,646,2148
102000202,13,467,-454
102000203,1219,272,947
102000204,2030,1074,956
102000205,2943,1086,1857
102000206,1408,766,642
102000207,1584,1177,407
102000208,1007,1370,-363
102000209,118,384,-266
102000210,1031,593,438
102000211,1209,451,758
102000212,1158,9,1149
102000213,3,269,-266
102000214,1274,12,1262
102000215,10,305,-295
102000216,289,300,-11
102000217,32,106,-74
102000218,393,504,-111
102000219,295,83,212
102000225,234,755,-521
102000226,285,414,-129
102000227,177,5,172
102000228,0,289,-289
102000229,131,235,-104
102000230,794,441,353
102000231,711,524,187
102000232,297,414,-117
102000233,2696,936,1760
102000234,163,1693,-1530
102000236,454,114,340
102000237,1592,1103,489
102000238,528,599,-71
102000240,492,1241,-749
102000241,824,217,607
102000243,5,64,-59
102000245,12,142,-130
102000246,9,172,-163
102000247,273,467,-194
102000248,245,1622,-1377
102000249,320,235,85
102000250,177,298,-121
102000254,502,338,164
102000266,8,1779,-1771
102000271,156,54,102
102000286,843,462,381
102000297,5489,2373,3116
102000301,0,0,0
102000303,0,0,0
102000305,0,0,0
102000306,0,0,0
102000307,0,4,-4
102000308,0,0,0
102900001,1809,968,841
102900002,412,73,339
102900003,214,161,53
102900005,1236,348,888
102900006,976,117,859
102900007,1625,11,1614
102900008,582,44,538
102900009,420,630,-210
102900010,334,1904,-1570
102900011,1239,1393,-154
102900012,699,325,374
102900013,168,6,162
102900015,1537,1009,528
102900016,178,17,161
102900017,801,115,686
102900018,118,54,64
102900019,1033,1215,-182
102900020,582,46,536
102900021,103,42,61
102900022,113,89,24
102900023,43,192,-149
102900024,122,84,38
102900025,113,103,10
102900026,1083,4069,-2986
102900027,111,155,-44
102900028,359,2103,-1744
102900029,423,943,-520
102900030,621,734,-113
102900031,631,230,401
102900032,276,58,218
102900033,216,266,-50
102900034,1661,41,1620
102900035,467,362,105
102900036,940,338,602
102900037,613,381,232
102900038,760,309,451
102900039,38,1589,-1551
102900040,788,524,264
102900041,348,153,195
102900042,825,144,681
102900043,788,211,577
102900044,1000,2226,-1226
102900045,541,507,34
102900046,469,188,281
102900047,260,1490,-1230
102900048,1250,366,884
102900049,89,319,-230
102900050,326,749,-423
102900051,375,742,-367
102900052,64,92,-28
102900053,636,913,-277
102900054,331,3384,-3053
102900055,270,866,-596
102900056,229,597,-368
102900057,16,238,-222
102900058,763,151,612
102900059,64,45,19
102900060,189,616,-427
102900061,591,848,-257
102900062,818,725,93
102900063,3489,698,2791
102900064,152,1019,-867
102900065,1290,277,1013
102900066,686,14,672
102900068,136,507,-371
102900070,531,1533,-1002
102900072,31,98,-67
102900073,110,3,107
102900074,224,235,-11
102900075,20,116,-96
102900076,118,301,-183
102900077,41,27,14
102900078,28,47,-19
102900079,675,14,661
102900080,976,42,934
102900081,125,222,-97
102900082,62,250,-188
102900083,121,32,89
102900084,1,70,-69
102900085,354,221,133
102900086,18,140,-122
102900087,312,231,81
102900088,137,102,35
102900089,482,480,2
102900090,0,332,-332
102900091,661,4,657
102900092,1279,136,1143
102900093,638,392,246
102900094,4,324,-320
102900095,132,4,128
102900096,93,11,82
102900097,104,61,43
103000001,3333,5015,-1682
103000002,3658,6349,-2691
103000003,4798,5191,-393
103000004,1075,648,427
103000005,2590,8136,-5546
103000006,1950,2526,-576
103000007,933,618,315
103000008,2182,2488,-306
103000009,4495,3547,948
103000010,213,162,51
103000011,2331,1043,1288
103000012,2136,3185,-1049
103000013,6011,3934,2077
103000014,1958,7752,-5794
103000015,5400,1917,3483
103000016,935,4035,-3100
103000017,439,1578,-1139
103000018,1469,322,1147
103000019,602,1005,-403
103000020,2142,3367,-1225
103000021,3299,6742,-3443
103000022,1323,2699,-1376
103000023,1708,5959,-4251
103000024,197,83,114
103000025,234,2433,-2199
103000026,597,561,36
103000027,138,1026,-888
103000028,300,459,-159
103000029,71,478,-407
103000030,3409,3386,23
103000031,1118,5474,-4356
103000032,3515,2189,1326
103000033,4297,4496,-199
103000034,2338,1464,874
103000035,315,2411,-2096
103000036,342,341,1
103000037,1298,674,624
103000038,981,1599,-618
103000039,1456,545,911
103000040,1049,658,391
103000041,5438,2006,3432
103000042,4725,876,3849
103000043,1837,886,951
103000044,798,188,610
103000046,551,847,-296
103000047,1237,446,791
103000048,534,535,-1
103000049,165,222,-57
103000050,1579,385,1194
103000051,1063,888,175
103000052,1468,314,1154
103000053,529,417,112
103000054,3627,651,2976
103000055,4005,1667,2338
103000056,2207,1027,1180
103000057,2605,177,2428
103000058,2026,458,1568
103000059,1719,960,759
103000060,1705,408,1297
103000061,1324,1122,202
103000062,1289,252,1037
103000063,2113,1483,630
103000064,246,112,134
103000065,28,312,-284
103000066,607,37,570
103000069,685,716,-31
103000070,1342,492,850
103000071,3469,1865,1604
103000072,226,824,-598
103000073,2338,223,2115
103000074,2555,361,2194
103000075,206,735,-529
103000076,764,2077,-1313
103000077,22,460,-438
103000078,2222,3523,-1301
103000079,998,1640,-642
103000080,826,858,-32
103000081,518,1211,-693
103000082,981,481,500
103000083,241,1309,-1068
103000084,185,7,178
103000085,4,144,-140
103000086,638,975,-337
103000087,489,1034,-545
103000088,436,808,-372
103000089,677,1601,-924
103000090,8109,1739,6370
103000091,2054,938,1116
103000092,678,434,244
103000093,718,981,-263
103000094,661,280,381
103000095,340,762,-422
103000096,1082,112,970
103000097,230,1195,-965
103000098,1159,292,867
103000099,206,1570,-1364
103000100,255,660,-405
103000101,2956,198,2758
103000102,214,443,-229
103000103,1599,218,1381
103000104,185,137,48
103000105,500,139,361
103000106,28,184,-156
103000107,425,228,197
103000108,2804,2391,413
103000109,1271,1489,-218
103000110,1204,1343,-139
103000111,591,1618,-1027
103000112,512,1271,-759
103000113,251,3684,-3433
103000114,3364,3585,-221
103000115,1868,1561,307
103000116,1453,635,818
103000117,642,835,-193
103000118,818,544,274
103000119,2621,757,1864
103000120,132,1161,-1029
103000121,116,254,-138
103000122,649,711,-62
103000125,30,176,-146
103000126,1848,3,1845
103000127,3,125,-122
103000128,353,6,347
103000129,7,103,-96
103000130,261,96,165
103000131,210,183,27
103000132,76,187,-111
103000133,18,88,-70
103000134,553,2636,-2083
103000135,1088,213,875
103000136,745,1154,-409
103000137,602,1094,-492
103000138,716,1305,-589
103000139,1,198,-197
103000140,364,40,324
103000141,61,420,-359
103000142,282,210,72
103000143,123,314,-191
103000144,466,300,166
103000145,13,330,-317
103000150,207,92,115
103000152,399,959,-560
103000153,477,881,-404
103000156,15,159,-144
103000157,698,4,694
103000159,688,110,578
103000162,37,26,11
103000163,17,14,3
103000164,1,6,-5
103000165,163,204,-41
103000166,635,1705,-1070
103000167,588,654,-66
103000168,418,736,-318
103000169,259,1504,-1245
103000170,2303,326,1977
103000171,66,281,-215
103000172,2472,365,2107
103000173,2422,247,2175
103000174,951,376,575
103000175,764,170,594
103000176,1218,2091,-873
103000177,392,909,-517
103000178,171,429,-258
103000179,233,252,-19
103000183,910,87,823
103000185,539,112,427
103000186,582,131,451
103000187,2872,178,2694
103000188,79,236,-157
103000189,1093,1281,-188
103000191,1045,666,379
103000292,880,3783,-2903
103000293,1276,8900,-7624
103000295,145,309,-164
103000296,150,2,148
103000297,4,146,-142
103000504,28,17,11
103000505,1,39,-38
103000506,1,130,-129
103000507,430,2,428
103000508,115,101,14
103000509,605,609,-4
103900001,103,31,72
103900002,1196,93,1103
103900003,1347,685,662
103900004,390,1,389
103900005,2,130,-128
103900006,3,5,-2
103900007,207,2,205
103900008,58,2,56
103900009,770,255,515
103900010,511,121,390
103900011,1091,103,988
103900012,13,77,-64
103900013,184,22,162
103900014,145,42,103
103900015,189,8,181
103900016,215,217,-2
103900017,191,213,-22
103900018,392,120,272
103900019,37,565,-528
103900020,943,547,396
103900021,138,84,54
103900022,690,458,232
103900023,471,5,466
103900024,135,488,-353
103900025,6,13,-7
103900026,54,26,28
103900027,745,294,451
103900028,158,628,-470
103900029,2139,195,1944
103900030,570,383,187
103900031,143,3,140
103900032,157,149,8
103900033,117,104,13
103900034,98,35,63
103900035,263,59,204
103900036,127,163,-36
103900037,474,264,210
103900038,126,231,-105
103900039,572,165,407
103900040,27,136,-109
103900041,167,107,60
103900042,427,70,357
103900043,466,57,409
103900044,74,1417,-1343
103900045,832,330,502
103900047,261,19,242
103900048,53,323,-270
103900049,169,2133,-1964
103900050,92,473,-381
103900051,4,145,-141
103900052,382,810,-428
103900053,527,224,303
103900054,552,191,361
103900055,1079,282,797
103900056,86,123,-37
103900057,605,77,528
103900058,982,383,599
103900059,4,242,-238
103900060,173,133,40
103900061,454,28,426
103900062,2055,569,1486
103900063,5,0,5
103900064,445,8,437
103900065,256,375,-119
103900066,483,179,304
103900067,749,39,710
103900068,2,0,2
103900069,193,22,171
103900070,900,197,703
103900071,20,51,-31
103900072,156,150,6
103900073,65,103,-38
103900074,234,324,-90
103900075,235,92,143
103900076,1520,270,1250
103900077,23,372,-349
103900078,915,1331,-416
103900079,148,349,-201
103900080,1,47,-46
103900081,14,43,-29
103900082,121,118,3
103900083,3416,4445,-1029
103900084,68,1490,-1422
103900085,143,137,6
103900086,3419,378,3041
103900087,65,208,-143
103900088,403,725,-322
103900089,63,288,-225
103900090,3,173,-170
103900091,1392,213,1179
103900092,1126,2420,-1294
103900093,314,876,-562
103900094,24,33,-9
103900095,264,954,-690
103900096,512,77,435
103900097,52,398,-346
103900098,831,199,632
103900099,973,104,869
103900100,552,141,411
103900101,1513,1426,87
103900102,4,141,-137
103900104,1,22,-21
103900105,24,105,-81
103900106,5,1867,-1862
103900107,308,31,277
103900108,108,112,-4
103900109,394,8,386
103900110,896,73,823
103900111,477,236,241
103900112,35,195,-160
103900113,270,379,-109
103900114,2229,348,1881
103900115,174,409,-235
103900116,2245,3918,-1673
103900117,74,31,43
103900119,15,230,-215
103900120,59,82,-23
103900122,840,94,746
103900123,593,1783,-1190
103900124,70,12,58
103900125,253,92,161
103900126,1058,160,898
103900127,295,263,32
103900128,321,95,226
103900131,33,76,-43
103900133,1501,39,1462
103900134,2,33,-31
103900135,1,6,-5
103900137,0,6,-6
103900138,586,55,531
103900139,306,7436,-7130
103900140,7,746,-739
103900141,302,44,258
103900142,642,96,546
103900143,525,2,523
103900144,0,5,-5
103900145,246,281,-35
103900146,949,130,819
103900147,1137,121,1016
103900148,921,104,817
103900149,865,328,537
103900150,7220,12066,-4846
103900151,22,314,-292
103900152,2984,560,2424
103900153,17,0,17
103900154,312,4617,-4305
103900155,58,184,-126
103900156,122,76,46
103900157,569,93,476
103900158,832,75,757
103900159,958,84,874
103900160,73,126,-53
103900161,114,200,-86
103900162,155,44,111
103900163,41,1045,-1004
103900164,524,50,474
103900167,14,262,-248
103900168,206,141,65
103900169,31,117,-86
103900170,5,57,-52
103900171,1,45,-44
103900172,2,12,-10
103900173,64,60,4
103900174,1091,47,1044
103900175,78,294,-216
103900176,21,58,-37
103900177,67,13,54
103900178,144,6,138
103900179,124,11,113
103900180,46,74,-28
103900181,11,179,-168
103900182,41,57,-16
103900184,405,210,195
103900185,123,1783,-1660
103900187,24,446,-422
103900188,307,181,126
103900189,227,29,198
103900190,458,78,380
103900191,113,96,17
103900192,27,91,-64
103900193,49,75,-26
103900194,123,145,-22
103900195,2,277,-275
103900196,157,298,-141
103900197,7,37,-30
103900198,16,41,-25
103900199,319,163,156
103900200,657,73,584
103900201,189,131,58
103900202,17,131,-114
103900203,81,72,9
103900204,12,23,-11
103900207,0,10,-10
103900208,307,1,306
103900209,13,96,-83
103900210,143,75,68
103900211,1659,103,1556
103900212,436,147,289
103900213,16,672,-656
103900214,447,999,-552
103900215,243,840,-597
103900216,74,374,-300
103900217,912,238,674
103900218,2,678,-676
103900219,980,345,635
103900233,1136,125,1011
103900235,89,782,-693
103900236,41,51,-10
103900242,5,13,-8
103900243,3,15,-12
103900244,361,216,145
103900245,373,81,292
103900246,69,122,-53
103900247,24,53,-29
103900248,14,201,-187
103900249,52,226,-174
103900250,207,163,44
103900251,1,161,-160
103900253,16,294,-278
103900254,13,126,-113
103900255,1,145,-144
103900256,65,61,4
103900257,254,530,-276
103900258,69,30,39
103900259,8,165,-157
103900261,106,1,105
103900262,71,11,60
103900263,82,189,-107
103900264,40,10,30
103900265,22,2,20
103900266,0,833,-833
103900267,1,41,-40
104000001,6911,4405,2506
104000002,3373,3673,-300
104000003,4874,3311,1563
104000004,4917,3413,1504
104000005,4860,3495,1365
104000006,6199,3374,2825
104000007,7420,5417,2003
104000008,381,600,-219
104000009,405,381,24
104000010,216,1306,-1090
104000011,499,224,275
104000012,185,229,-44
104000013,573,978,-405
104000014,362,449,-87
104000015,971,360,611
104000016,542,374,168
104000018,1216,485,731
104000019,951,776,175
104000020,165,328,-163
104000021,655,281,374
104000022,550,593,-43
104000023,2208,883,1325
104000024,519,567,-48
104000026,71,235,-164
104000027,644,383,261
104000028,810,831,-21
104000029,639,504,135
104000030,656,808,-152
104000031,2462,424,2038
104000032,440,245,195
104000033,1416,793,623
104000034,419,215,204
104000035,1900,513,1387
104000036,2303,528,1775
104000037,393,171,222
104000038,715,650,65
104000039,276,164,112
104000040,196,1012,-816
104000041,1020,873,147
104000042,380,339,41
104000043,420,346,74
104000044,730,883,-153
104000045,1337,705,632
104000046,1109,1134,-25
104000047,1164,995,169
104000048,1797,983,814
104000049,1716,893,823
104000050,243,1723,-1480
104000051,384,1857,-1473
104000052,4046,4917,-871
104000053,2473,675,1798
104000054,1442,330,1112
104000055,4696,3952,744
104000056,1025,255,770
104000057,408,259,149
104000058,2265,1537,728
104000059,1766,1795,-29
104000060,2478,3609,-1131
104000061,1898,1357,541
104000062,421,202,219
104000064,1403,417,986
104000065,251,1108,-857
104000069,727,3141,-2414
104000070,137,1129,-992
104000071,403,350,53
104000072,1054,199,855
104000075,217,418,-201
104000076,918,86,832
104000082,3293,7851,-4558
104000083,909,374,535
104000084,245,470,-225
104000085,972,597,375
104000086,490,621,-131
104000087,542,3729,-3187
104000090,2386,1030,1356
104000092,3263,1357,1906
104000094,1610,1043,567
104000095,6555,2319,4236
104000096,5304,159,5145
104000097,5869,781,5088
104000098,8082,770,7312
104000100,5053,1467,3586
104000101,4103,2641,1462
104000106,39,954,-915
104000107,1183,241,942
104000108,406,431,-25
104000109,794,468,326
104000110,1217,2336,-1119
104000111,3547,8819,-5272
104000112,904,675,229
104000116,1,917,-916
104000117,704,469,235
104000118,3650,290,3360
104000119,1979,577,1402
104000120,502,641,-139
104000121,635,736,-101
104000122,1617,759,858
104000123,1472,901,571
104000124,428,1839,-1411
104000125,3659,9436,-5777
104000126,1012,776,236
104000127,2232,2072,160
104000128,1133,206,927
104000129,382,10,372
104000130,2,661,-659
104000131,503,674,-171
104000132,857,794,63
104000133,2505,1150,1355
104000134,2045,2783,-738
104000135,1166,2394,-1228
104000136,1049,4184,-3135
104000137,3889,600,3289
104000138,3135,870,2265
104000139,3623,3930,-307
104000141,1236,829,407
104000142,1674,526,1148
104000143,1667,434,1233
104000144,379,485,-106
104000145,492,339,153
104000146,209,922,-713
104000147,249,560,-311
104000148,515,487,28
104000149,381,101,280
104000150,1735,895,840
104000151,596,216,380
104000152,1244,497,747
104000153,1701,1014,687
104000154,804,294,510
104000155,788,1409,-621
104000157,3164,1302,1862
104000158,191,1490,-1299
104000159,1407,1348,59
104000160,2622,4240,-1618
104000161,334,253,81
104000162,265,196,69
104000165,1408,1032,376
104000167,1081,2659,-1578
104000168,2242,20,2222
104000169,482,121,361
104000170,439,474,-35
104000248,803,910,-107
104000251,176,257,-81
104000272,0,0,0
104000273,0,0,0
104000274,0,0,0
104000275,0,0,0
104000279,983,809,174
104000290,165,863,-698
104000291,886,3177,-2291
104000293,3436,1955,1481
104000294,258,0,258
104000295,1603,1898,-295
104000296,1082,1031,51
104000297,1567,4693,-3126
104000298,2861,1432,1429
104000299,2143,1268,875
104900001,209,288,-79
104900002,119,471,-352
104900003,119,211,-92
104900004,126,85,41
104900005,1060,472,588
104900006,1511,98,1413
104900007,1154,246,908
104900009,287,294,-7
104900010,184,32,152
104900011,42,855,-813
104900012,1194,306,888
104900013,267,16,251
104900014,2180,496,1684
104900015,157,7,150
104900016,439,237,202
104900017,304,258,46
104900018,7,306,-299
104900019,344,10760,-10416
104900020,57,589,-532
104900021,8,20,-12
104900022,40,759,-719
104900023,1,34,-33
104900024,64,563,-499
104900025,307,280,27
104900026,0,58,-58
104900027,1095,535,560
104900028,44,217,-173
104900029,8,31,-23
104900030,982,246,736
104900031,64,409,-345
104900032,168,75,93
104900033,524,273,251
104900034,584,257,327
104900035,663,367,296
104900036,543,53,490
104900037,395,209,186
104900038,269,3301,-3032
104900039,463,564,-101
104900040,980,68,912
104900041,787,246,541
104900042,421,314,107
104900043,38,668,-630
104900044,1793,205,1588
104900045,501,98,403
104900046,1393,121,1272
104900047,828,131,697
104900048,871,80,791
104900049,153,71,82
104900050,983,142,841
104900051,650,89,561
104900052,277,16,261
104900053,991,130,861
104900054,451,35,416
104900055,564,1,563
104900056,640,30,610
104900057,115,1,114
104900058,592,1079,-487
104900059,302,58,244
104900060,2,508,-506
104900061,131,192,-61
104900063,2,485,-483
104900064,0,164,-164
104900065,1,752,-751
104900066,2,92,-90
104900067,6,637,-631
104900068,218,331,-113
104900070,171,208,-37
104900071,1,623,-622
104900072,189,218,-29
104900073,200,171,29
104900074,133,104,29
104900075,237,60,177
104900076,359,146,213
104900077,748,226,522
104900078,363,156,207
104900079,380,2923,-2543
104900080,308,252,56
104900082,7,360,-353
104900085,26,248,-222
104900087,664,8,656
104900089,673,1,672
104900090,2933,2049,884
104900091,857,704,153
104900093,303,419,-116
104900097,2223,7777,-5554
104900098,593,80,513
104900099,134,1931,-1797
104900100,928,220,708
104900102,207,87,120
104900103,325,101,224
104900104,2335,2772,-437
104900106,789,365,424
104900107,130,352,-222
104900108,92,386,-294
104900109,212,227,-15
104900110,38,89,-51
104900111,863,152,711
104900112,1247,354,893
104900113,1683,285,1398
104900114,1567,603,964
104900115,2130,305,1825
104900116,1298,521,777
104900118,48,218,-170
104900119,0,379,-379
104900120,19,1921,-1902
104900121,0,17,-17
104900122,0,41,-41
104900123,257,42,215
104900124,173,2,171
104900125,728,3,725
104900126,88,77,11
104900127,69,40,29
104900128,276,117,159
104900129,1487,6742,-5255
105000001,6581,2130,4451
105000002,4965,3833,1132
105000003,4943,8819,-3876
105000004,2492,1859,633
105000005,3234,3128,106
105000006,2330,5139,-2809
105000007,3020,6189,-3169
105000008,1702,8106,-6404
105000009,5755,7742,-1987
105000010,4455,1818,2637
105000011,5534,8144,-2610
105000012,3430,2965,465
105000013,2347,3278,-931
105000014,7011,7077,-66
105000015,14782,27439,-12657
105000016,1397,1445,-48
105000017,2292,1620,672
105000018,805,3711,-2906
105000019,1982,2201,-219
105000020,162,1154,-992
105000021,548,431,117
105000022,228,305,-77
105000023,1975,355,1620
105000028,11,113,-102
105000029,1136,2590,-1454
105000030,6207,3439,2768
105000033,2226,1815,411
105000034,332,2853,-2521
105000037,1284,371,913
105000038,2106,4373,-2267
105000039,2380,1702,678
105000040,1545,4156,-2611
105000041,529,1712,-1183
105000042,3674,3304,370
105000043,1375,4374,-2999
105000044,2027,1174,853
105000045,599,514,85
105000046,3798,583,3215
105000047,1072,667,405
105000048,2432,522,1910
105000049,594,771,-177
105000050,2098,1082,1016
105000051,354,554,-200
105000052,1454,2646,-1192
105000053,429,322,107
105000054,869,3507,-2638
105000055,1578,502,1076
105000056,3939,3770,169
105000057,3485,1638,1847
105000058,2725,1767,958
105000059,2371,1387,984
105000060,908,628,280
105000061,3211,1503,1708
105000062,1224,976,248
105000063,695,762,-67
105000064,5656,1655,4001
105000065,798,975,-177
105000066,1698,2328,-630
105000067,3381,2492,889
105000068,722,1789,-1067
105000069,2558,5892,-3334
105000070,1085,2551,-1466
105000071,316,4353,-4037
105000072,2187,11628,-9441
105000073,2309,1898,411
105000074,969,1001,-32
105000075,1222,1141,81
105000076,2081,2348,-267
105000077,4985,1665,3320
105000078,1524,2554,-1030
105000079,1618,3904,-2286
105000080,3818,5067,-1249
105000081,1725,2142,-417
105000082,1250,2916,-1666
105000083,3379,5458,-2079
105000084,1378,1508,-130
105000085,4062,4116,-54
105000086,1709,2013,-304
105000087,5252,5287,-35
105000088,3596,6197,-2601
105000089,4199,3050,1149
105000090,1111,1080,31
105000091,1549,1566,-17
105000092,999,1580,-581
105000093,661,904,-243
105000094,589,454,135
105000095,389,1743,-1354
105000096,2530,5208,-2678
105000097,740,1411,-671
105000098,2824,3866,-1042
105000099,1069,2855,-1786
105000100,4134,1990,2144
105000101,5294,3436,1858
105000102,3579,3734,-155
105000103,2483,5820,-3337
105000104,4931,2552,2379
105000105,2629,2141,488
105000106,3728,1868,1860
105000107,3751,1785,1966
105000108,3935,2155,1780
105000109,5670,1713,3957
105000110,2203,841,1362
105000111,2761,635,2126
105000112,2474,880,1594
105000113,853,1772,-919
105000114,2602,2674,-72
105000115,611,4640,-4029
105000116,2637,1551,1086
105000117,1255,773,482
105000118,2602,1298,1304
105000119,1392,1098,294
105000120,3717,1349,2368
105000121,2155,774,1381
105000122,806,1187,-381
105000123,1153,911,242
105000124,4774,1522,3252
105000125,2331,1891,440
105000126,4435,2832,1603
105000127,6095,2968,3127
105000128,1688,2840,-1152
105000129,3106,813,2293
105000130,384,6472,-6088
105000131,582,248,334
105000132,2832,1705,1127
105000133,936,1113,-177
105000134,3244,838,2406
105000135,458,642,-184
105000136,60,84,-24
105000137,1019,318,701
105000138,130,93,37
105000139,1401,550,851
105000140,609,496,113
105000141,914,409,505
105000142,577,535,42
105000143,332,718,-386
105000144,587,787,-200
105000145,1753,462,1291
105000146,850,1001,-151
105000147,1145,887,258
105000148,1184,1749,-565
105000149,5826,3447,2379
105000150,2036,1154,882
105000151,1632,789,843
105000152,336,1079,-743
105000153,1932,982,950
105000154,1141,985,156
105000155,722,764,-42
105000156,875,1388,-513
105000157,1382,2178,-796
105000158,4931,1288,3643
105000159,638,1092,-454
105000160,6183,1433,4750
105000161,1544,1300,244
105000162,1200,5791,-4591
105000163,2022,1884,138
105000164,187,848,-661
105000165,2056,20727,-18671
105000166,9166,3020,6146
105000167,2461,7046,-4585
105000168,818,775,43
105000169,2094,188,1906
105000170,883,2182,-1299
105000171,3115,465,2650
105000172,698,88,610
105000173,903,51,852
105000174,204,47,157
105000175,228,149,79
105000176,1364,292,1072
105000177,840,523,317
105000178,646,437,209
105000179,2460,279,2181
105000180,601,203,398
105000181,494,242,252
105000182,131,156,-25
105000183,4531,5977,-1446
105000184,477,2617,-2140
105000185,1085,2173,-1088
105000186,887,1459,-572
105000187,1688,1129,559
105000188,237,821,-584
105000189,138,1154,-1016
105000190,473,635,-162
105000191,1019,654,365
105000192,886,92,794
105000193,137,463,-326
105000194,1191,78,1113
105000195,770,1092,-322
105000196,170,423,-253
105000197,487,706,-219
105000198,630,273,357
105000199,129,781,-652
105000200,225,842,-617
105000201,143,189,-46
105000203,88,225,-137
105000204,129,73,56
105000205,161,254,-93
105000207,307,110,197
105000208,365,1630,-1265
105000209,315,172,143
105000212,2404,796,1608
105000213,139,361,-222
105000214,184,483,-299
105000215,682,309,373
105000216,525,126,399
105000217,556,141,415
105000218,4942,1860,3082
105000221,386,562,-176
105000222,707,758,-51
105000223,922,1185,-263
105000226,391,234,157
105000227,136,328,-192
105000228,115,3160,-3045
105000229,336,1661,-1325
105000231,927,474,453
105000233,2023,2202,-179
105000234,749,1167,-418
105000235,921,1424,-503
105000237,3239,234,3005
105000243,85,82,3
105000248,70,176,-106
105000262,1238,521,717
105000269,383,204,179
105000270,1406,24,1382
105000271,0,348,-348
105000282,75,119,-44
105000287,457,448,9
105000288,1784,901,883
105000289,788,2657,-1869
105000290,54,51,3
105000402,2568,9391,-6823
105000426,527,832,-305
105000438,1255,1773,-518
105000446,13842,5224,8618
105000447,3091,1874,1217
105000454,1962,208,1754
105000455,389,169,220
105000474,319,2,317
105000477,2264,1031,1233
105000478,4813,10449,-5636
105000479,221,374,-153
105000480,7216,12811,-5595
105000481,9053,10262,-1209
105000482,3604,3973,-369
105000483,4320,7684,-3364
105000484,2777,3731,-954
105000485,1773,6772,-4999
105000486,2742,3568,-826
105000488,3744,2283,1461
105000489,3551,1755,1796
105000549,188,1150,-962
105000550,552,1130,-578
105000551,57,153,-96
105000552,3915,1690,2225
105900001,22,5625,-5603
105900002,980,2501,-1521
105900003,15,299,-284
105900004,392,96,296
105900005,1207,611,596
105900006,40,595,-555
105900007,94,473,-379
105900008,260,224,36
105900009,90,89,1
105900011,236,175,61
105900012,765,179,586
105900013,20,67,-47
105900014,13,103,-90
105900015,149,929,-780
105900016,1739,591,1148
105900017,3854,54,3800
105900018,253,252,1
105900019,237,602,-365
105900020,85,141,-56
105900021,58,2842,-2784
105900022,518,740,-222
105900023,25,480,-455
105900024,8,1024,-1016
105900025,540,8,532
105900026,521,29,492
105900027,32901,6939,25962
105900028,392,2324,-1932
105900029,3764,451,3313
105900030,511,558,-47
105900031,1108,261,847
105900032,258,150,108
105900033,156,266,-110
105900034,1094,761,333
105900035,1069,473,596
105900036,289,251,38
105900037,522,76,446
105900038,294,315,-21
105900039,467,137,330
105900040,321,133,188
105900041,265,601,-336
105900042,309,419,-110
105900043,2849,62,2787
105900044,2,1009,-1007
105900045,11,3292,-3281
105900046,3,378,-375
105900047,66,111,-45
105900048,294,623,-329
105900050,1772,17571,-15799
105900051,110,1763,-1653
105900052,2688,285,2403
105900053,5434,8388,-2954
105900054,387,806,-419
105900056,1567,1104,463
105900057,35,256,-221
105900058,28,44,-16
105900059,1,325,-324
106000001,3180,4148,-968
106000002,1373,3977,-2604
106000003,6626,8761,-2135
106000004,2114,2835,-721
106000005,7641,6978,663
106000006,7325,2147,5178
106000007,838,595,243
106000008,524,556,-32
106000009,816,438,378
106000010,455,513,-58
106000011,3099,1708,1391
106000012,1686,1487,199
106000013,4019,2476,1543
106000014,2621,2082,539
106000015,4754,1807,2947
106000016,2783,2175,608
106000017,1260,1404,-144
106000018,1118,992,126
106000019,934,780,154
106000020,599,631,-32
106000021,639,836,-197
106000022,612,417,195
106000023,1546,913,633
106000024,1139,754,385
106000025,322,449,-127
106000026,202,185,17
106000027,3022,2940,82
106000028,1475,343,1132
106000029,1267,1113,154
106000030,301,941,-640
106000034,275,528,-253
106000035,1516,2986,-1470
106000036,187,610,-423
106000037,2079,1942,137
106000038,122,356,-234
106000039,158,311,-153
106000040,152,1238,-1086
106000041,1179,716,463
106000043,531,445,86
106000046,723,135,588
106000047,60,777,-717
106000049,2600,301,2299
106000050,450,1095,-645
106000051,1712,1007,705
106000052,467,501,-34
106000053,1224,229,995
106000054,826,423,403
106000055,2043,1403,640
106000056,871,408,463
106000057,1101,515,586
106000058,532,174,358
106000059,907,709,198
106000060,876,431,445
106000061,388,1681,-1293
106000062,322,493,-171
106000063,1575,1469,106
106000064,44,714,-670
106000065,1002,349,653
106000066,209,1154,-945
106000067,1232,157,1075
106000068,200,931,-731
106000069,873,141,732
106000070,666,840,-174
106000071,1448,432,1016
106000072,5070,2278,2792
106000073,2775,11194,-8419
106000074,1511,1312,199
106000075,774,2047,-1273
106000076,2503,2439,64
106000077,2988,1303,1685
106000078,2984,1137,1847
106000079,1723,1325,398
106000080,2575,928,1647
106000081,1964,1254,710
106000082,2812,909,1903
106000083,644,1677,-1033
106000084,1408,777,631
106000085,2365,1810,555
106000086,961,997,-36
106000087,1460,633,827
106000088,772,998,-226
106000089,2571,449,2122
106000090,766,974,-208
106000091,319,615,-296
106000092,2399,582,1817
106000093,1222,215,1007
106000094,98,392,-294
106000095,2202,1408,794
106000096,2989,881,2108
106000097,2712,1469,1243
106000098,2578,1273,1305
106000099,401,2175,-1774
106000100,3317,460,2857
106000101,1984,1759,225
106000102,196,3387,-3191
106000103,416,1879,-1463
106000104,1852,722,1130
106000105,779,1211,-432
106000106,1771,653,1118
106000107,194,429,-235
106000108,806,185,621
106000109,377,213,164
106000110,925,258,667
106000111,238,257,-19
106000112,664,1485,-821
106000113,1396,673,723
106000114,954,2099,-1145
106000115,716,533,183
106000116,533,357,176
106000117,1823,609,1214
106000118,2812,2111,701
106000119,1630,723,907
106000120,2256,3316,-1060
106000121,971,409,562
106000122,566,105,461
106000123,2068,145,1923
106000124,396,132,264
106000125,121,182,-61
106000126,936,110,826
106000127,3863,1046,2817
106000128,2566,440,2126
106000129,1677,587,1090
106000130,2775,755,2020
106000131,359,1488,-1129
106000132,1795,479,1316
106000133,5040,3696,1344
106000134,1255,8193,-6938
106000135,225,1173,-948
106000136,1900,3436,-1536
106000137,122,1775,-1653
106000138,5914,145,5769
106000139,280,114,166
106000140,25,78,-53
106000141,220,95,125
106000142,252,109,143
106000143,29,75,-46
106000144,75,229,-154
106000145,1346,216,1130
106000146,948,295,653
106000147,1045,712,333
106000148,863,880,-17
106000149,1393,582,811
106000150,1740,4118,-2378
106000151,6162,971,5191
106000152,1950,4885,-2935
106000153,200,3995,-3795
106000154,2713,329,2384
106000155,411,522,-111
106000156,3945,366,3579
106000157,1368,3157,-1789
106000158,3219,1010,2209
106000159,4947,5002,-55
106000160,1770,8910,-7140
106000161,1881,569,1312
106000162,757,2804,-2047
106000163,765,398,367
106000164,1584,433,1151
106000165,496,876,-380
106000166,2682,571,2111
106000167,928,1937,-1009
106000168,2019,582,1437
106000169,747,847,-100
106000170,2700,1257,1443
106000171,440,1821,-1381
106000172,4232,2791,1441
106000173,1201,4845,-3644
106000174,2557,607,1950
106000175,329,660,-331
106000176,5168,1504,3664
106000177,1947,2948,-1001
106000178,5217,2145,3072
106000179,1119,2065,-946
106000180,1463,853,610
106000181,3610,1841,1769
106000182,4412,758,3654
106000183,4417,490,3927
106000184,3167,1020,2147
106000185,4102,3270,832
106000186,633,79,554
106000187,225,2853,-2628
106000188,0,2,-2
106000189,10,134,-124
106000190,66,6,60
106000191,985,219,766
106000192,0,25,-25
106000193,567,365,202
106000194,236,662,-426
106000195,439,385,54
106000196,170,944,-774
106000197,1555,472,1083
106000198,437,438,-1
106000199,1087,2859,-1772
106000200,909,557,352
106000201,666,13981,-13315
106000202,5040,964,4076
106000203,83,270,-187
106000204,109,7,102
106000205,33,150,-117
106000206,183,22,161
106000207,18,346,-328
106000208,6186,636,5550
106000209,4487,1418,3069
106000210,643,953,-310
106000211,242,1637,-1395
106000212,2495,758,1737
106000213,353,1523,-1170
106000214,2050,769,1281
106000215,609,537,72
106000216,1259,639,620
106000217,261,608,-347
106000218,433,404,29
106000219,339,273,66
106000220,857,546,311
106000221,917,153,764
106000222,182,128,54
106000223,1003,218,785
106000224,777,125,652
106000225,277,286,-9
106000226,156,285,-129
106000228,132,137,-5
106000229,440,805,-365
106000231,2529,131,2398
106000232,133,461,-328
106000233,1031,1819,-788
106000234,136,931,-795
106000235,633,1226,-593
106000236,174,866,-692
106000237,0,52,-52
106000238,7,96,-89
106000239,1,206,-205
106000240,114,13,101
106000241,26,919,-893
106000242,1038,51,987
106000249,278,76,202
106000250,259,1652,-1393
106000251,355,26,329
106000252,44,99,-55
106000253,112,106,6
106000254,482,33,449
106000255,113,350,-237
106000256,252,26,226
106000257,219,295,-76
106000258,168,393,-225
106000259,3,245,-242
106000260,107,49,58
106000261,28,98,-70
106000262,180,43,137
106000263,61,77,-16
106000264,394,55,339
106000265,33,216,-183
106000266,273,62,211
106000267,42,199,-157
106000268,476,76,400
106000269,65,39,26
106000270,132,309,-177
106000271,174,159,15
106000272,231,115,116
106000273,45,319,-274
106000274,244,60,184
106000275,517,287,230
106000276,321,15,306
106000277,185,243,-58
106000278,169,26,143
106000279,61,13,48
106000280,232,60,172
106000281,113,25,88
106000282,234,89,145
106000283,202,76,126
106000284,316,133,183
106000285,202,120,82
106000286,292,133,159
106000287,173,117,56
106000288,256,165,91
106000289,204,129,75
106000290,198,110,88
106000291,268,125,143
106000292,292,153,139
106000293,229,80,149
106000294,163,55,108
106000295,100,107,-7
106000296,82,53,29
106000297,67,272,-205
106000298,93,153,-60
106000299,77,103,-26
106000300,94,147,-53
106000301,61,205,-144
106000303,74,72,2
106000304,106,15,91
106000305,202,31,171
106000306,55,69,-14
106000307,330,20,310
106000308,58,140,-82
106000309,57,51,6
106000310,542,358,184
106000311,969,246,723
106000312,267,245,22
106000313,734,168,566
106000318,92,659,-567
106000319,5676,616,5060
106000320,9,169,-160
106000321,272,577,-305
106000322,617,93,524
106000324,164,162,2
106000325,3894,1507,2387
106000326,1432,1511,-79
106000327,514,168,346
106000328,40,660,-620
106000329,100,1107,-1007
106000330,87,520,-433
106000428,138,389,-251
106000429,188,256,-68
106000430,446,2304,-1858
106000431,3989,585,3404
106000432,1157,3321,-2164
106000433,3681,1684,1997
106000434,7020,1795,5225
106000435,1708,2641,-933
106000436,7,254,-247
106000437,1174,111,1063
106000438,332,899,-567
106000439,167,1637,-1470
106000440,319,1562,-1243
106000441,2,6,-4
106000442,688,8,680
106000443,535,169,366
106000450,3,100,-97
106000451,44,302,-258
106000454,7,195,-188
106000455,5,172,-167
106000456,216,43,173
106000457,93,1096,-1003
106000458,2333,183,2150
106000459,1070,92,978
106000460,4000,103,3897
106000461,819,342,477
106000462,1,119,-118
106000463,3,13,-10
106000464,6,213,-207
106000465,1254,13,1241
106000466,15,256,-241
106000467,220,417,-197
106000468,358,287,71
106000469,266,0,266
106000470,252,5330,-5078
106000471,7,540,-533
106000472,365,27,338
106000473,117,3,114
106000474,521,670,-149
106000475,757,314,443
106000476,181,310,-129
106000477,19,26,-7
106900001,2,17,-15
106900002,22,216,-194
106900003,137,5576,-5439
106900004,0,42,-42
106900006,0,16,-16
106900007,1,27,-26
106900008,1869,92,1777
106900009,1462,242,1220
106900010,859,538,321
106900012,2266,7139,-4873
106900013,1612,351,1261
106900014,210,12,198
106900015,50,7,43
106900016,801,59,742
106900017,74,1,73
106900018,16,0,16
106900019,392,0,392
106900020,6358,6095,263
106900021,303,131,172
106900022,3128,14,3114
106900023,119,126,-7
106900024,1410,111,1299
106900025,34,1228,-1194
106900026,1,176,-175
106900027,1953,11,1942
107000001,5336,7521,-2185
107000002,2123,2590,-467
107000003,18771,13827,4944
107000004,6115,2516,3599
107000005,17753,13260,4493
107000006,5882,3649,2233
107000007,12080,15080,-3000
107000008,8899,5347,3552
107000009,18732,12986,5746
107000010,8838,5846,2992
107000011,1406,2039,-633
107000012,4003,3478,525
107000013,282,57,225
107000014,192,100,92
107000015,899,492,407
107000016,2070,478,1592
107000017,1264,9420,-8156
107000018,26,7981,-7955
107000020,1435,8001,-6566
107000021,1534,774,760
107000022,1621,6678,-5057
107000023,3168,377,2791
107000024,1042,6412,-5370
107000025,709,386,323
107000026,529,1113,-584
107000027,3750,1259,2491
107000028,3174,729,2445
107000029,9270,4876,4394
107000030,5079,2355,2724
107000031,11327,5019,6308
107000032,477,890,-413
107000033,4017,7019,-3002
107000034,8443,1892,6551
107000035,1076,407,669
107000036,2551,3056,-505
107000037,191,1325,-1134
107000038,616,348,268
107000039,2393,2033,360
107000040,841,266,575
107000041,1778,1321,457
107000042,1321,4133,-2812
107000043,2706,1265,1441
107000044,441,1053,-612
107000045,114,786,-672
107000046,1227,809,418
107000047,858,1740,-882
107000048,1046,951,95
107000049,685,1456,-771
107000050,1191,948,243
107000051,492,531,-39
107000052,2112,3064,-952
107000053,684,936,-252
107000054,59,219,-160
107000055,196,265,-69
107000056,716,646,70
107000057,2123,136,1987
107000058,3420,5964,-2544
107000059,3388,3954,-566
107000060,11778,9978,1800
107000061,7620,3902,3718
107000062,13326,7099,6227
107000063,6156,3986,2170
107000064,10981,11218,-237
107000065,5216,7598,-2382
107000066,3007,7241,-4234
107000067,3023,2405,618
107000068,1124,2036,-912
107000069,2111,1560,551
107000070,2647,4,2643
107000071,9284,127,9157
107000072,33,1357,-1324
107000073,2820,1571,1249
107000074,93,747,-654
107000075,4639,545,4094
107000076,565,998,-433
107000077,6458,1267,5191
107000078,889,1757,-868
107000079,6847,2538,4309
107000080,702,2153,-1451
107000081,6151,1382,4769
107000082,1283,1078,205
107000083,2966,1707,1259
107000084,445,1031,-586
107000085,5636,5181,455
107000086,5007,2977,2030
107000087,7013,5356,1657
107000088,5019,5747,-728
107000089,4131,6202,-2071
107000090,2871,1403,1468
107000091,3521,2413,1108
107000092,1766,1154,612
107000093,2497,2315,182
107000094,1823,1408,415
107000095,3184,1659,1525
107000096,1193,639,554
107000097,1338,1734,-396
107000098,376,932,-556
107000099,1010,1154,-144
107000100,449,1058,-609
107000101,268,606,-338
107000102,421,737,-316
107000103,825,570,255
107000104,298,502,-204
107000105,1155,485,670
107000106,352,393,-41
107000107,1990,418,1572
107000108,330,848,-518
107000109,2647,466,2181
107000110,155,294,-139
107000111,1407,134,1273
107000112,71,256,-185
107000113,2183,238,1945
107000114,92,522,-430
107000115,1584,1432,152
107000116,138,1070,-932
107000117,366,5389,-5023
107000118,210,208,2
107000119,2861,2332,529
107000120,1245,1737,-492
107000121,1824,1102,722
107000122,1578,1003,575
107000123,1186,936,250
107000124,1258,526,732
107000125,2781,824,1957
107000126,3357,297,3060
107000127,40,975,-935
107000129,311,249,62
107000130,520,591,-71
107000131,675,582,93
107000132,1281,741,540
107000133,654,398,256
107000134,476,1,475
107000135,1,585,-584
107000136,919,9,910
107000137,11,735,-724
107000138,336,104,232
107000139,42,1325,-1283
107000140,3617,93,3524
107000141,140,1568,-1428
107000142,1253,131,1122
107000143,123,2851,-2728
107000144,1285,1314,-29
107000145,464,1226,-762
107000146,325,777,-452
107000147,5976,898,5078
107000150,892,9101,-8209
107000151,10,53,-43
107000152,1702,4899,-3197
107000153,60,348,-288
107000154,22,562,-540
107000155,2000,80,1920
107000156,2387,40,2347
107000157,63,913,-850
107000158,1840,11,1829
107000159,24,590,-566
107000160,4187,398,3789
107000161,281,434,-153
107000162,719,1544,-825
107000163,645,8,637
107000164,2489,14,2475
107000165,3309,26,3283
107000166,291,274,17
107000167,2040,628,1412
107000168,2240,949,1291
107000169,577,484,93
107000170,8027,1461,6566
107000171,1256,1102,154
107000172,3196,3577,-381
107000173,736,582,154
107000174,2889,13341,-10452
107000175,5931,920,5011
107000176,0,2,-2
107000177,21,1,20
107000178,91,7,84
107000179,986,1332,-346
107000180,3983,355,3628
107000181,906,763,143
107000182,4752,1090,3662
107000183,627,928,-301
107000184,3457,1284,2173
107000185,737,1889,-1152
107000186,2186,904,1282
107000187,2606,2150,456
107000188,1454,513,941
107000189,1710,1268,442
107000190,1697,805,892
107000191,1811,1569,242
107000192,3176,967,2209
107000193,921,1367,-446
107000194,937,818,119
107000197,1818,646,1172
107000198,665,1092,-427
107000199,2251,1317,934
107000200,2410,1609,801
107000201,988,777,211
107000202,641,822,-181
107000203,768,2656,-1888
107000204,834,3172,-2338
107000205,1473,1332,141
107000206,687,2079,-1392
107000207,978,1982,-1004
107000208,1400,1050,350
107000209,896,1463,-567
107000210,161,256,-95
107000211,3,90,-87
107000212,22,184,-162
107000213,8,50,-42
107000214,29,146,-117
107000215,1262,345,917
107000216,1098,1388,-290
107000217,542,667,-125
107000219,146,436,-290
107000220,231,297,-66
107000222,685,438,247
107000224,2045,750,1295
107000225,384,546,-162
107000226,1331,823,508
107000227,206,228,-22
107000228,1126,1158,-32
107000229,110,289,-179
107000230,2371,989,1382
107000231,795,2235,-1440
107000232,151,49,102
107000233,306,817,-511
107000234,4,178,-174
107000235,276,68,208
107000236,30,911,-881
107000237,112,0,112
107000238,75,4,71
107000239,5210,1234,3976
107000240,1095,1010,85
107000241,67,15,52
107000242,271,20,251
107000243,1,113,-112
107000244,7,192,-185
107000246,0,687,-687
107000249,0,559,-559
107000251,11,456,-445
107000252,9,1792,-1783
107000255,440,482,-42
107000257,6,1588,-1582
107000258,3,289,-286
107000259,27,248,-221
107000260,4480,37,4443
107000262,314,200,114
107000263,1051,26,1025
107000266,41,57,-16
107000267,51,190,-139
107000268,535,55,480
107000269,120,10,110
107000270,337,111,226
107000271,5,0,5
107000272,223,1,222
107000273,17,687,-670
107000274,993,2150,-1157
107000275,19,6058,-6039
107000280,2706,36,2670
107000281,59,566,-507
107000282,69,510,-441
107000290,32,194,-162
107000291,62,13,49
107000292,3,1303,-1300
107000293,13,23,-10
107000294,3,365,-362
107000295,102,18,84
107000296,0,21,-21
107000444,449,4,445
107000496,26,5,21
107000497,1867,1779,88
107000500,1023,775,248
107000501,264,348,-84
107000502,492,1194,-702
107000505,544,1132,-588
107000506,0,7,-7
107000508,75,372,-297
107000509,212,1304,-1092
107000510,97,173,-76
107000514,96,844,-748
107000515,25,39,-14
107000516,1206,868,338
107000518,4092,6019,-1927
107000519,2329,847,1482
107000520,258,295,-37
107900001,463,125,338
107900002,208,22,186
107900003,1464,16,1448
107900004,695,9,686
107900005,5811,34,5777
107900006,478,4,474
107900007,770,121,649
107900008,99,3,96
107900009,204,24,180
107900010,120,16,104
107900012,828,124,704
107900013,634,13,621
107900014,301,35,266
107900015,3806,45,3761
107900016,797,128,669
107900017,146,2,144
107900018,122,607,-485
107900019,28,27,1
107900020,61,60,1
107900021,390,39,351
107900023,13,4,9
107900024,0,14,-14
107900025,500,148,352
107900026,71,19,52
107900027,31,182,-151
107900028,754,29,725
107900030,558,71,487
107900031,316,102,214
107900032,87,43,44
107900033,67,42,25
107900034,690,42,648
107900035,3738,201,3537
107900036,131,32,99
107900037,0,12,-12
107900038,139,785,-646
107900039,52,14,38
107900040,17,246,-229
107900041,4,4,0
107900043,302,123,179
107900044,33,30,3
107900045,228,81,147
107900046,597,722,-125
107900047,92,31,61
107900048,757,67,690
107900049,750,2375,-1625
107900050,45,359,-314
107900051,123,54,69
107900052,16,103,-87
107900053,199,107,92
107900055,1316,662,654
107900056,225,273,-48
107900057,6,0,6
107900058,57,817,-760
107900060,45,397,-352
107900061,1,15,-14
107900063,213,356,-143
107900064,288,1262,-974
107900065,1072,40,1032
107900066,65,32,33
107900067,4,0,4
107900068,224,1568,-1344
107900069,65,6530,-6465
107900070,260,336,-76
107900071,71,392,-321
107900072,460,51,409
107900073,292,207,85
107900074,129,623,-494
107900076,325,194,131
107900077,186,29,157
107900078,240,152,88
107900079,45,46,-1
107900080,87,1317,-1230
107900081,167,76,91
107900082,1,7,-6
107900083,634,244,390
107900084,334,417,-83
107900086,51,666,-615
107900087,609,82,527
107900088,171,15,156
107900089,335,1432,-1097
107900090,2495,5163,-2668
107900091,172,218,-46
107900092,2033,235,1798
107900093,86,198,-112
107900095,1873,1934,-61
107900097,90,165,-75
107900098,229,1797,-1568
107900100,464,2681,-2217
107900101,803,68,735
107900102,214,8,206
107900103,150,237,-87
107900104,675,3,672
107900105,37,115,-78
107900106,31,359,-328
107900107,2006,503,1503
107900108,309,78,231
107900109,4237,80,4157
107900110,235,112,123
107900111,3,338,-335
107900112,129,1181,-1052
107900113,380,63,317
107900114,460,116,344
107900115,0,11,-11
107900116,503,90,413
107900117,506,364,142
107900118,110,234,-124
107900119,290,378,-88
107900120,139,51,88
107900121,7,257,-250
107900122,4,458,-454
107900123,50,237,-187
107900124,17,125,-108
107900125,6,340,-334
107900126,132,845,-713
107900127,942,431,511
107900128,144,144,0
107900129,288,21,267
107900130,291,30,261
107900131,133,332,-199
107900132,181,237,-56
107900133,3,37,-34
107900134,76,113,-37
107900135,6,31,-25
107900136,33,38,-5
107900137,151,149,2
107900138,225,24,201
107900139,248,57,191
107900140,146,108,38
107900141,52,33,19
107900142,161,620,-459
107900143,36,8,28
107900144,0,81,-81
107900145,6,44,-38
107900146,66,220,-154
107900147,44,35,9
107900148,265,364,-99
107900149,769,50,719
107900150,182,419,-237
107900151,108,32,76
107900152,11,99,-88
107900153,431,483,-52
107900154,32,101,-69
107900155,151,235,-84
107900156,5,61,-56
107900157,38,93,-55
107900158,2854,96,2758
107900159,114,420,-306
107900160,321,92,229
107900161,422,96,326
107900162,0,96,-96
107900163,85,97,-12
107900164,81,175,-94
107900165,7,488,-481
107900166,111,74,37
107900167,21,97,-76
107900168,210,170,40
107900169,11,5814,-5803
107900171,257,608,-351
107900172,1,423,-422
107900173,127,40,87
107900174,411,3,408
107900175,74,287,-213
107900176,174,43,131
107900177,4,352,-348
107900178,0,350,-350
107900179,106,234,-128
107900180,391,1987,-1596
107900181,408,586,-178
107900182,8,592,-584
107900183,130,50,80
107900184,378,665,-287
107900185,399,30,369
107900186,52,47,5
107900187,0,272,-272
107900188,1089,114,975
107900189,154,138,16
107900190,22,170,-148
107900191,120,282,-162
107900193,6,140,-134
107900194,415,62,353
107900195,2162,225,1937
107900196,164,49,115
107900197,352,473,-121
107900199,0,508,-508
107900201,257,187,70
107900203,70,50,20
107900204,353,479,-126
107900205,442,316,126
107900206,322,985,-663
107900207,2,426,-424
107900208,6,275,-269
107900209,741,169,572
107900210,59,79,-20
107900213,955,653,302
107900214,29,467,-438
107900215,337,670,-333
107900216,14,39,-25
107900217,151,103,48
107900218,39,5059,-5020
107900219,265,35,230
107900220,90,218,-128
107900221,331,483,-152
107900223,397,155,242
107900224,365,850,-485
107900225,10,931,-921
107900226,33,72,-39
107900227,349,515,-166
107900228,107,246,-139
107900229,5,141,-136
107900230,51,30,21
107900231,61,65,-4
107900232,678,118,560
107900233,14,59,-45
107900234,639,148,491
107900235,227,356,-129
107900236,957,132,825
107900237,6,493,-487
107900238,171,30,141
107900239,689,1456,-767
107900240,194,93,101
107900241,13,19,-6
107900242,105,469,-364
107900243,1,48,-47
107900244,629,3,626
107900245,1737,169,1568
107900246,550,99,451
107900248,1759,262,1497
107900249,2365,329,2036
107900250,0,283,-283
107900251,134,706,-572
107900252,1879,92,1787
107900253,471,48,423
107900254,157,380,-223
107900255,337,95,242
107900256,776,3983,-3207
107900257,826,255,571
107900258,245,100,145
107900259,40,7298,-7258
107900261,10,225,-215
107900262,258,105,153
107900264,892,42,850
107900265,257,511,-254
107900267,908,38,870
107900268,64,4,60
107900269,1,6,-5
107900270,0,0,0
107900271,4,65,-61
107900272,20,41,-21
107900273,140,58,82
107900274,172,0,172
107900275,116,0,116
107900276,0,7,-7
107900277,0,44,-44
107900278,1256,151,1105
107900279,22,77,-55
107900280,4027,1713,2314
107900281,1398,15195,-13797
107900282,33,1861,-1828
107900283,1117,2168,-1051
107900284,1663,1658,5
107900285,377,32,345
107900286,58,45,13
107900287,871,158,713
107900290,2,1503,-1501
107900291,1243,35,1208
107900292,389,122,267
107900293,181,289,-108
107900295,216,57,159
107900297,3,678,-675
107900298,974,881,93
107900299,3975,5036,-1061
107900300,153,1800,-1647
107900301,1765,1500,265
107900302,232,65,167
107900303,834,600,234
107900304,1207,81,1126
107900305,573,48,525
107900306,9,121,-112
107900307,12,338,-326
107900308,293,325,-32
107900309,112,0,112
107900310,57,0,57
107900311,2,464,-462
107900312,88,0,88
107900313,0,218,-218
107900314,1,195,-194
107900315,1,77,-76
107900316,31,2,29
107900317,163,9,154
107900318,1,287,-286
107900319,21,53,-32
107900320,0,90,-90
107900321,560,32,528
107900322,2,48,-46
107900323,3,92,-89
107900324,324,14,310
107900325,529,9,520
107900326,1369,70,1299
107900327,4,218,-214
107900328,48,1,47
107900329,31,539,-508
107900330,23,87,-64
107900331,1153,126,1027
107900332,872,21,851
107900333,147,101,46
107900334,29,62,-33
107900335,35,140,-105
107900336,61,266,-205
107900337,642,1729,-1087
107900338,4,179,-175
107900339,2,10,-8
107900340,0,146,-146
107900341,166,1,165
107900342,213,134,79
107900343,23,0,23
107900344,5,105,-100
107900345,114,69,45
107900346,28,0,28
107900347,47,5,42
107900348,1,8,-7
107900349,86,0,86
107900350,79,372,-293
108000001,7969,6807,1162
108000002,2151,1740,411
108000003,5248,5923,-675
108000004,13359,13011,348
108000005,13030,10200,2830
108000006,4894,7091,-2197
108000007,10734,10098,636
108000008,4934,5840,-906
108000009,11022,10394,628
108000010,3625,6355,-2730
108000011,22366,17352,5014
108000012,12596,11848,748
108000014,1001,2049,-1048
108000015,2126,349,1777
108000016,497,594,-97
108000017,2669,699,1970
108000018,3400,2103,1297
108000019,1639,2053,-414
108000020,2081,627,1454
108000021,394,2297,-1903
108000022,759,1176,-417
108000023,3548,535,3013
108000024,768,453,315
108000025,1122,295,827
108000026,1462,1034,428
108000027,1920,380,1540
108000028,1355,568,787
108000029,1276,633,643
108000030,926,405,521
108000031,229,1075,-846
108000032,4817,1195,3622
108000033,1493,887,606
108000034,3822,892,2930
108000035,866,1942,-1076
108000036,1163,875,288
108000037,5295,514,4781
108000038,7219,690,6529
108000039,1168,1510,-342
108000040,4646,1978,2668
108000041,706,2261,-1555
108000042,1090,164,926
108000043,559,384,175
108000044,1527,163,1364
108000045,588,222,366
108000046,4097,682,3415
108000047,820,788,32
108000048,138,415,-277
108000049,1654,321,1333
108000050,200,382,-182
108000051,841,551,290
108000052,358,354,4
108000053,843,542,301
108000054,495,1365,-870
108000055,1887,1089,798
108000056,851,1644,-793
108000057,1213,2416,-1203
108000058,3473,9097,-5624
108000059,2923,1573,1350
108000060,395,974,-579
108000061,195,307,-112
108000062,2477,1110,1367
108000063,936,699,237
108000064,701,382,319
108000065,1222,799,423
108000066,3883,2134,1749
108000067,5325,1721,3604
108000068,1868,1106,762
108000069,241,906,-665
108000070,4486,1525,2961
108000071,886,1785,-899
108000072,2829,1579,1250
108000073,1282,1434,-152
108000074,1360,1123,237
108000075,612,594,18
108000076,1939,876,1063
108000077,953,587,366
108000078,5131,1371,3760
108000079,969,890,79
108000080,3692,914,2778
108000081,1734,828,906
108000082,928,1472,-544
108000083,3681,1310,2371
108000084,989,1546,-557
108000085,2802,1454,1348
108000086,608,746,-138
108000087,242,4741,-4499
108000088,712,26,686
108000089,744,773,-29
108000090,1497,451,1046
108000091,222,595,-373
108000092,673,338,335
108000093,642,610,32
108000094,2338,331,2007
108000095,364,611,-247
108000096,1372,393,979
108000097,290,606,-316
108000098,5738,2185,3553
108000099,468,164,304
108000100,147,442,-295
108000101,2370,2383,-13
108000102,2355,5274,-2919
108000106,1469,1,1468
108000107,4,1370,-1366
108000108,1382,139,1243
108000109,6,739,-733
108000110,967,604,363
108000111,515,1421,-906
108000112,75,418,-343
108000113,569,321,248
108000115,562,425,137
108000117,1211,1215,-4
108000118,45,840,-795
108000119,1009,429,580
108000120,454,1796,-1342
108000121,647,810,-163
108000122,1920,670,1250
108000123,1625,597,1028
108000124,760,1944,-1184
108000125,1429,309,1120
108000126,394,577,-183
108000127,1631,571,1060
108000128,1798,317,1481
108000129,673,1771,-1098
108000130,1274,778,496
108000131,1055,279,776
108000132,882,792,90
108000133,2212,554,1658
108000134,1082,364,718
108000135,2011,1314,697
108000136,1008,765,243
108000137,1036,218,818
108000138,1323,782,541
108000139,1331,471,860
108000140,1194,32,1162
108000141,175,23,152
108000142,150,132,18
108000143,122,33,89
108000144,247,6,241
108000145,187,6,181
108000146,296,16,280
108000147,62,8,54
108000148,280,38,242
108000149,94,16,78
108000150,150,29,121
108000151,10,16,-6
108000152,521,302,219
108000153,1873,275,1598
108000154,87,4,83
108000155,75,86,-11
108000156,701,286,415
108000157,595,4614,-4019
108000158,180,1946,-1766
108000159,297,404,-107
108000160,2260,2560,-300
108000161,2718,9058,-6340
108000165,5,890,-885
108000172,4,633,-629
108000173,1029,4110,-3081
108000175,965,198,767
108000178,529,366,163
108000179,188,1574,-1386
108000181,212,45,167
108000182,166,20,146
108000183,17,38,-21
108000184,898,5981,-5083
108000185,947,320,627
108000186,574,172,402
108000187,410,401,9
108000188,2191,158,2033
108000189,641,3420,-2779
108000190,70,108,-38
108000192,725,169,556
108000193,753,22,731
108000194,35,6,29
108000195,8,1260,-1252
108000196,666,762,-96
108000198,1371,112,1259
108000199,2,487,-485
108000200,1626,412,1214
108000202,2,574,-572
108000203,615,540,75
108000204,293,116,177
108000205,317,305,12
108000339,1502,757,745
108000364,70,503,-433
108000365,102,899,-797
108000367,427,299,128
108000368,35,86,-51
108000369,552,99,453
108000371,0,619,-619
108000372,1289,3,1286
108000373,397,95,302
108000376,226,23,203
108000377,1644,91,1553
108000378,14546,23644,-9098
108000379,34,455,-421
108000381,333,14,319
108000382,96,0,96
108000383,0,304,-304
108900001,29,393,-364
108900002,509,101,408
108900003,281,713,-432
108900004,16,941,-925
108900005,98,645,-547
108900006,1895,584,1311
108900007,700,344,356
108900008,362,165,197
108900009,355,462,-107
108900010,769,295,474
108900011,1735,361,1374
108900012,955,388,567
108900013,378,631,-253
108900014,143,248,-105
108900015,0,361,-361
108900016,0,215,-215
108900017,211,1244,-1033
108900018,350,563,-213
108900019,117,410,-293
108900020,62,167,-105
108900021,261,164,97
108900022,246,38,208
108900023,3,123,-120
108900024,162,27,135
108900025,742,72,670
108900026,42,42,0
108900027,0,21,-21
108900028,396,114,282
108900029,169,199,-30
108900030,0,20,-20
108900031,934,161,773
108900032,11,207,-196
108900033,0,112,-112
108900034,0,46,-46
108900035,878,407,471
108900036,356,424,-68
108900037,39,273,-234
108900038,1,69,-68
108900039,0,68,-68
108900040,15,36,-21
108900041,6923,5043,1880
108900042,18,489,-471
108900043,69,1068,-999
108900044,1,120,-119
108900045,165,147,18
108900046,57,270,-213
108900047,1,171,-170
108900048,281,320,-39
108900049,1549,5498,-3949
108900050,4,59,-55
108900051,1,64,-63
108900052,83,43,40
108900053,295,1389,-1094
108900054,100,129,-29
108900055,36,512,-476
108900056,2,29,-27
108900057,2,97,-95
108900058,107,114,-7
108900059,2731,134,2597
108900060,189,254,-65
108900061,128,24,104
108900062,1,285,-284
108900063,20,150,-130
108900064,1082,27,1055
108900065,88,106,-18
108900066,905,236,669
108900067,5,273,-268
108900068,0,93,-93
108900069,446,14,432
108900070,96,54,42
108900071,337,79,258
108900072,2030,274,1756
108900073,12,34,-22
108900074,1497,92,1405
108900075,25,33,-8
108900076,1074,47,1027
108900077,44,131,-87
108900078,137,59,78
108900079,376,337,39
108900080,18,2314,-2296
108900081,97,420,-323
108900082,230,22,208
108900083,19,662,-643
108900084,390,202,188
108900085,2131,299,1832
108900086,567,48,519
108900087,159,278,-119
108900088,1110,643,467
108900089,31,213,-182
108900090,350,62,288
108900091,199,127,72
108900092,774,532,242
108900093,186,129,57
108900094,693,301,392
108900095,67,632,-565
108900096,364,18,346
108900097,624,187,437
108900098,1862,2752,-890
108900099,1028,138,890
108900100,143,124,19
108900101,565,1146,-581
108900102,19,2678,-2659
108900103,258,599,-341
108900104,78,500,-422
108900105,19,4899,-4880
108900106,1217,248,969
108900108,535,47,488
108900109,137,156,-19
108900110,435,247,188
108900111,1251,256,995
108900112,860,44,816
108900113,41,131,-90
108900114,1,13,-12
108900115,309,267,42
108900116,226,43,183
108900117,641,42,599
108900118,1840,88,1752
108900119,1137,54,1083
108900120,326,547,-221
108900121,535,159,376
108900122,622,76,546
108900123,671,210,461
108900124,2356,252,2104
108900125,1751,20,1731
108900126,404,105,299
108900127,703,79,624
108900128,510,136,374
108900129,2775,297,2478
108900130,1910,5,1905
108900131,1044,34,1010
108900132,1358,116,1242
108900133,796,61,735
108900134,1676,283,1393
108900135,731,47,684
108900136,80,1,79
108900137,713,6,707
108900138,2507,193,2314
108900139,1698,163,1535
108900140,1573,77,1496
108900141,1438,50,1388
108900142,145,16,129
108900143,265,2,263
108900144,487,5,482
108900145,945,94,851
108900146,462,6,456
108900147,759,0,759
108900148,173,33,140
108900149,996,1530,-534
108900150,611,9,602
108900151,57,20,37
108900152,195,327,-132
108900153,783,108,675
108900154,11161,447,10714
108900155,905,109,796
108900156,320,50,270
108900157,183,461,-278
108900158,1269,232,1037
108900159,317,125,192
108900160,11,203,-192
108900161,194,533,-339
108900162,530,13,517
108900163,10,530,-520
108900164,223,88,135
108900165,171,68,103
108900167,1690,22351,-20661
108900168,5657,3245,2412
108900169,73,223,-150
108900171,4981,6395,-1414
108900172,389,159,230
108900173,122,536,-414
108900174,2094,703,1391
108900176,329,382,-53
108900177,7789,18177,-10388
108900178,3718,11093,-7375
108900179,524,3672,-3148
108900180,113,521,-408
108900182,153,708,-555
108900183,268,496,-228
108900184,785,480,305
108900185,163,982,-819
108900186,158,614,-456
108900187,1503,78,1425
108900188,1931,157,1774
108900189,698,826,-128
108900190,133,3977,-3844
108900191,223,298,-75
108900192,157,286,-129
108900193,71,63,8
108900194,9,485,-476
108900195,188,200,-12
108900196,308,370,-62
108900198,9,380,-371
108900199,355,456,-101
108900200,1714,894,820
108900201,513,1273,-760
108900203,848,166,682
108900204,868,19,849
108900205,565,30,535
108900206,1202,205,997
108900207,637,661,-24
108900208,23,549,-526
108900209,180,795,-615
108900210,101,174,-73
108900211,423,1181,-758
108900212,272,3822,-3550
108900215,130,511,-381
108900216,399,714,-315
108900217,166,0,166
108900218,80,19,61
108900219,68,4,64
108900220,131,47,84
108900221,52,72,-20
108900222,696,11,685
108900223,4,85,-81
108900224,74,123,-49
108900225,1,263,-262
108900226,981,88,893
108900227,472,665,-193
108900230,115,289,-174
108900231,13,142,-129
108900232,1,155,-154
108900233,921,229,692
108900234,464,267,197
108900235,373,475,-102
108900236,72,616,-544
108900237,52,65,-13
108900240,352,151,201
108900241,254,78,176
108900245,18,5651,-5633
108900249,246,23,223
108900250,1106,314,792
108900257,661,486,175
108900258,9,106,-97
108900259,85,57,28
108900260,20,40,-20
108900261,56,34,22
108900262,117,269,-152
108900263,104,360,-256
108900264,230,328,-98
108900265,3909,1293,2616
108900266,178,3542,-3364
108900267,4,690,-686
108900268,42,84,-42
108900269,450,55,395
108900270,512,73,439
108900271,230,436,-206
108900272,1052,158,894
108900273,467,4051,-3584
108900274,109,15,94
109000001,7273,5268,2005
109000002,1004,5128,-4124
109000003,6666,920,5746
109000004,893,2556,-1663
109000005,3990,1077,2913
109000006,1523,2255,-732
109000007,4558,1345,3213
109000008,1053,1898,-845
109000009,6549,2384,4165
109000010,1166,3702,-2536
109000011,9351,4568,4783
109000012,2463,3527,-1064
109000013,10220,10121,99
109000014,2758,2990,-232
109000015,6181,25336,-19155
109000016,6225,2946,3279
109000017,6530,2289,4241
109000018,2368,2512,-144
109000019,5562,2256,3306
109000020,1789,3147,-1358
109000023,533,28,505
109000024,9,378,-369
109000025,304,1393,-1089
109000026,1077,419,658
109000027,179,574,-395
109000028,173,85,88
109000029,200,891,-691
109000030,13,508,-495
109000031,655,202,453
109000032,177,699,-522
109000033,1045,367,678
109000034,59,91,-32
109000035,31,98,-67
109000036,85,568,-483
109000037,652,6106,-5454
109000038,449,444,5
109000039,1852,1559,293
109000040,5357,28359,-23002
109000041,2136,5484,-3348
109000042,880,3430,-2550
109000044,838,199,639
109000045,164,526,-362
109000046,1043,234,809
109000047,133,471,-338
109000048,659,643,16
109000049,353,903,-550
109000050,485,559,-74
109000051,370,285,85
109000052,1094,582,512
109000053,935,123,812
109000054,354,407,-53
109000055,699,530,169
109000056,752,562,190
109000057,2480,1034,1446
109000058,412,147,265
109000059,267,1965,-1698
109000060,155,810,-655
109000061,623,3646,-3023
109000062,343,608,-265
109000063,410,315,95
109000064,982,238,744
109000065,447,735,-288
109000066,1058,92,966
109000067,178,947,-769
109000068,977,28,949
109000069,1013,56,957
109000070,203,1509,-1306
109000071,784,146,638
109000072,168,391,-223
109000073,126,230,-104
109000074,24,336,-312
109000075,173,447,-274
109000076,107,475,-368
109000077,562,283,279
109000078,114,175,-61
109000079,324,122,202
109000080,528,91,437
109000081,271,495,-224
109000082,1931,214,1717
109000083,625,745,-120
109000088,321,272,49
109000089,696,221,475
109000090,181,306,-125
109000091,1010,345,665
109000092,384,362,22
109000093,522,276,246
109000094,2118,10,2108
109000095,340,456,-116
109000096,2391,370,2021
109000097,108,135,-27
109000098,174,235,-61
109000099,1667,209,1458
109000100,815,559,256
109000101,3974,597,3377
109000102,1293,604,689
109000103,1470,899,571
109000104,5504,577,4927
109000105,1106,938,168
109000106,4045,908,3137
109000107,1339,1736,-397
109000108,5043,1104,3939
109000109,1103,1563,-460
109000110,2881,926,1955
109000111,1435,1950,-515
109000112,762,258,504
109000113,489,812,-323
109000114,262,1079,-817
109000115,1470,22,1448
109000116,16,451,-435
109000117,664,45,619
109000118,18,270,-252
109000119,4043,257,3786
109000120,1006,1000,6
109000121,1341,60,1281
109000122,403,418,-15
109000123,50,46,4
109000124,2140,450,1690
109000125,2042,433,1609
109000126,1338,669,669
109000127,3239,182,3057
109000128,1274,859,415
109000129,7086,818,6268
109000130,665,880,-215
109000131,1258,1040,218
109000132,637,1817,-1180
109000133,337,633,-296
109000134,965,2763,-1798
109000135,758,3492,-2734
109000136,544,437,107
109000137,626,737,-111
109000138,1000,260,740
109000139,1430,907,523
109000140,414,367,47
109000141,1509,575,934
109000142,326,724,-398
109000143,343,274,69
109000145,136,288,-152
109000146,44,100,-56
109000148,3237,4172,-935
109000149,26,101,-75
109000150,65,395,-330
109000155,1696,1304,392
109000156,1599,370,1229
109000158,83,371,-288
109000159,187,925,-738
109000160,3304,283,3021
109000161,1253,1832,-579
109000162,4743,724,4019
109000163,2723,1810,913
109000164,3612,2414,1198
109000165,3721,741,2980
109000166,3074,188,2886
109000167,295,686,-391
109000170,19,59,-40
109000171,255,68,187
109000172,42,134,-92
109000173,42,295,-253
109000174,437,78,359
109000175,93,176,-83
109000176,1284,485,799
109000177,71,220,-149
109000178,1257,45,1212
109000179,4207,11246,-7039
109000180,5812,5464,348
109000181,28,9,19
109000182,134,21,113
109000183,186,65,121
109000184,70,7,63
109000185,88,44,44
109000188,530,2168,-1638
109000189,6420,2526,3894
109000190,1428,825,603
109000191,628,744,-116
109000192,1393,259,1134
109000193,1371,101,1270
109000194,820,83,737
109000195,751,108,643
109000196,578,70,508
109000197,854,257,597
109000198,675,72,603
109000199,401,457,-56
109000206,433,33,400
109000207,482,30,452
109000208,246,262,-16
109000209,235,167,68
109000210,391,562,-171
109000211,710,633,77
109000214,896,174,722
109000215,172,79,93
109000216,608,783,-175
109000217,212,1391,-1179
109000218,481,775,-294
109000221,192,820,-628
109000222,1219,239,980
109000223,1274,792,482
109000224,101,66,35
109000225,357,49,308
109000226,117,267,-150
109000227,4266,519,3747
109000228,1,1071,-1070
109000231,0,114,-114
109000232,1784,97,1687
109000236,663,597,66
109000241,3113,1396,1717
109000242,1981,776,1205
109000293,122,611,-489
109000361,66,242,-176
109000364,179,1668,-1489
109000396,15,282,-267
109000397,1559,72,1487
109000399,246,394,-148
109000400,215,377,-162
109000403,57,2611,-2554
109000406,1012,7,1005
109000407,378,192,186
109000408,0,837,-837
109000410,1016,327,689
109000411,330,14,316
109900001,324,2,322
109900002,2180,25,2155
109900003,978,4,974
109900004,414,140,274
109900005,33,1,32
109900006,1266,122,1144
109900007,2970,125,2845
109900008,0,57,-57
109900009,340,311,29
109900010,1543,124,1419
109900011,67,77,-10
109900012,834,2050,-1216
109900013,722,576,146
109900014,981,128,853
109900015,206,114,92
109900016,171,12,159
109900017,687,549,138
109900018,320,25,295
109900019,473,190,283
109900020,137,56,81
109900021,98,28,70
109900022,89,530,-441
109900023,54,25,29
109900024,27,17,10
109900025,10,55,-45
109900026,6,135,-129
109900027,108,55,53
109900028,587,3980,-3393
109900029,11,161,-150
109900030,51,41,10
109900031,4,1061,-1057
109900032,29,211,-182
109900033,6,757,-751
109900034,34,1,33
109900035,144,271,-127
109900036,70,42,28
109900037,17,355,-338
109900038,142,451,-309
109900039,1,1,0
109900040,60,413,-353
109900041,128,478,-350
109900042,54,4723,-4669
109900044,121,419,-298
109900045,171,28,143
109900046,95,149,-54
109900047,480,407,73
109900048,7,182,-175
109900049,13,90,-77
109900050,0,30,-30
109900051,0,5,-5
109900052,95,254,-159
109900053,1,45,-44
109900054,1836,167,1669
109900055,178,241,-63
109900056,45,596,-551
109900057,0,96,-96
109900058,2,57,-55
109900059,2639,94,2545
109900060,2380,134,2246
109900061,108,176,-68
109900062,1,93,-92
109900063,8,680,-672
109900064,1590,145,1445
109900065,117,125,-8
109900066,625,723,-98
109900067,1,159,-158
109900068,107,10,97
109900069,236,43,193
109900070,102,163,-61
109900071,78,42,36
109900072,69,112,-43
109900073,1226,161,1065
109900074,43,6,37
109900075,62,64,-2
109900076,34,58,-24
109900077,96,50,46
109900078,187,209,-22
109900080,394,123,271
109900081,5,304,-299
109900082,216,208,8
109900083,81,43,38
109900084,58,262,-204
109900085,160,256,-96
109900086,206,2054,-1848
109900087,75,531,-456
109900089,1879,263,1616
109900090,273,786,-513
109900091,1002,192,810
109900092,433,224,209
109900093,2336,190,2146
109900094,147,121,26
109900095,76,223,-147
109900096,336,11,325
109900097,294,5,289
109900098,1205,57,1148
109900099,806,1,805
109900100,117,0,117
109900101,1950,10,1940
109900102,1205,23,1182
109900103,54,103,-49
109900104,2253,101,2152
109900105,1158,51,1107
109900106,821,35,786
109900107,2128,87,2041
109900108,473,494,-21
109900109,103,840,-737
109900110,89,192,-103
109900111,81,342,-261
109900112,221,216,5
109900113,1383,632,751
109900114,852,2577,-1725
109900115,244,208,36
109900117,2732,86,2646
109900118,216,285,-69
109900119,205,592,-387
109900120,180,42,138
109900121,466,330,136
109900122,1350,13,1337
109900123,16,49,-33
109900124,197,201,-4
109900125,2,227,-225
109900126,848,20,828
109900128,703,109,594
109900130,3861,7836,-3975
109900131,98,132,-34
109900132,25,68,-43
109900133,176,314,-138
109900134,68,583,-515
109900135,470,32,438
109900136,85,285,-200
109900137,377,352,25
109900138,1159,166,993
109900140,378,153,225
109900141,1605,268,1337
109900142,4003,282,3721
109900145,8,1331,-1323
109900146,159,47,112
109900148,82,111,-29
109900149,88,75,13
109900150,116,141,-25
109900151,20,44,-24
109900152,2,56,-54
109900153,5,546,-541
109900154,59,1,58
109900155,159,35,124
109900157,79,125,-46
109900158,95,171,-76
109900159,319,71,248
109900160,490,55,435
109900161,860,90,770
109900162,893,201,692
109900163,440,223,217
109900164,76,400,-324
109900165,586,9,577
109900166,4,108,-104
109900167,316,340,-24
109900168,233,563,-330
109900169,273,148,125
109900170,419,3992,-3573
109900171,814,155,659
109900172,639,730,-91
109900173,2204,4747,-2543
109900174,74,181,-107
109900175,185,233,-48
109900176,393,362,31
109900177,89,118,-29
109900178,5,1172,-1167
109900179,20,281,-261
109900180,39,23,16
110000001,1001,671,330
110000002,810,1055,-245
110000003,831,1311,-480
110000004,597,917,-320
110000005,468,3247,-2779
110000006,383,366,17
110000007,310,147,163
110000008,41,569,-528
110000009,70,45,25
110000010,83,210,-127
110000011,126,64,62
110000012,1411,294,1117
110000013,137,1467,-1330
110000014,834,588,246
110000015,345,1353,-1008
110000016,617,2848,-2231
110000017,4524,542,3982
110000018,3745,430,3315
110000019,20,211,-191
110000020,1951,409,1542
110000021,265,1046,-781
110000022,2815,141,2674
110000023,7,331,-324
110000024,769,1057,-288
110000025,2386,10,2376
110000026,4,310,-306
110000027,762,3442,-2680
110000028,1924,712,1212
110000029,771,678,93
110000030,735,786,-51
110000031,439,350,89
110000032,2338,313,2025
110000033,333,628,-295
110000034,1230,899,331
110000035,867,589,278
110000036,3283,1316,1967
110000037,432,714,-282
110000038,521,1445,-924
110000039,1981,13210,-11229
110000040,451,478,-27
110000041,449,4045,-3596
110000042,155,1170,-1015
110000043,1317,670,647
110000044,90,2275,-2185
110000045,305,586,-281
110000046,8,101,-93
110000047,21,544,-523
110000048,13,139,-126
110000049,11,47,-36
110000050,7,310,-303
110000051,24,23,1
110000052,89,23,66
110000053,21,10,11
110000054,184,2689,-2505
110000055,337,424,-87
110000056,175,365,-190
110000057,437,776,-339
110000058,1659,756,903
110000059,1224,859,365
110000060,2579,1730,849
110000061,694,931,-237
110000062,829,1342,-513
110000063,104,500,-396
110000064,107,41,66
110000065,287,328,-41
110000066,148,29,119
110000067,85,193,-108
110000068,688,135,553
110000069,1420,43,1377
110000071,1276,69,1207
110000073,74,3,71
110000075,30,231,-201
110000076,815,1032,-217
110000077,661,2709,-2048
110000078,271,18,253
110000080,276,439,-163
110000081,65,415,-350
110000082,18,550,-532
110000083,366,398,-32
110000084,2670,2024,646
110000085,984,1422,-438
110000086,1160,4484,-3324
110000087,66,89,-23
110000088,249,344,-95
110000089,864,59,805
110000090,130,414,-284
110000091,1138,260,878
110000092,45,41,4
110000093,129,28,101
110000094,973,259,714
110000095,358,1278,-920
110000096,1647,3597,-1950
110000097,1437,3261,-1824
110000098,3672,1129,2543
110000099,1468,2078,-610
110000100,3218,272,2946
110000101,195,159,36
110000102,207,31,176
110000104,757,552,205
110000105,43,490,-447
110000106,871,732,139
110000107,168,537,-369
110000108,183,267,-84
110000109,343,457,-114
110000110,2882,5367,-2485
110000111,5484,4921,563
110000112,230,1705,-1475
110000113,121,5101,-4980
110000114,809,1190,-381
110000115,906,434,472
110000116,243,101,142
110000117,932,365,567
110000118,1396,199,1197
110000119,1039,391,648
110000120,850,277,573
110000121,150,618,-468
110000122,338,337,1
110000123,1033,535,498
110000124,1,537,-536
110000125,1652,23,1629
110000126,428,25,403
110000127,2319,235,2084
110000128,32,936,-904
110000129,2,425,-423
110000130,562,970,-408
110000131,84,378,-294
110000132,0,459,-459
110000133,67,633,-566
110000134,25,515,-490
110000135,461,95,366
110000136,110,400,-290
110000137,1643,820,823
110000138,1878,751,1127
110000139,3098,574,2524
110000140,1645,1250,395
110000143,814,632,182
110000144,2435,2842,-407
110000145,2434,2612,-178
110000146,1937,2015,-78
110000147,746,2700,-1954
110000148,1540,494,1046
110000151,715,2823,-2108
110000152,575,1125,-550
110000153,706,24,682
110000154,142,46,96
110000155,1213,3154,-1941
110000156,1074,1996,-922
110000157,1320,3488,-2168
110000160,625,481,144
110000161,462,471,-9
110000166,1805,139,1666
110000167,3238,967,2271
110000168,1489,1117,372
110000169,1657,535,1122
110000170,492,140,352
110000171,1771,149,1622
110000172,742,690,52
110000173,829,888,-59
110000174,217,652,-435
110000175,2403,171,2232
110000176,101,1415,-1314
110000177,547,3045,-2498
110000178,695,5095,-4400
110000179,2602,503,2099
110000180,1074,590,484
110000181,2272,578,1694
110000182,897,220,677
110000183,10895,16199,-5304
110000184,699,6867,-6168
110000185,926,1731,-805
110000186,804,1498,-694
110000191,2991,197,2794
110000192,1329,43,1286
110000193,2607,64,2543
110000194,3,657,-654
110000195,1221,103,1118
110000196,1755,76,1679
110000197,224,40,184
110000198,150,122,28
110000199,170,933,-763
110000200,853,1260,-407
110000201,1945,4231,-2286
110000202,1833,781,1052
110000203,504,650,-146
110000204,0,318,-318
110000205,691,52,639
110000206,566,1000,-434
110000207,3051,450,2601
110000208,375,574,-199
110000209,96,1303,-1207
110000210,3138,866,2272
110000211,1688,1284,404
110000212,1021,2469,-1448
110000213,854,82,772
110000214,1102,86,1016
110000215,380,247,133
110000216,253,116,137
110000217,1346,208,1138
110000218,447,123,324
110000219,1094,69,1025
110000220,134,104,30
110000221,1530,25,1505
110000222,99,151,-52
110000223,35,183,-148
110000224,2,5,-3
110000225,276,1146,-870
110000226,706,168,538
110000227,1249,2294,-1045
110000228,731,244,487
110000229,1,131,-130
110000230,1013,1268,-255
110000231,566,712,-146
110000232,297,803,-506
110000233,239,2669,-2430
110000234,874,4749,-3875
110000235,3525,1757,1768
110000236,1614,648,966
110000237,4976,3154,1822
110000238,1529,2214,-685
110000239,3627,1728,1899
110000240,0,14,-14
110000242,1,0,1
110000243,582,51,531
110000244,371,707,-336
110000245,56,499,-443
110000246,1921,710,1211
110000247,1496,3954,-2458
110000248,1626,1137,489
110000249,353,7,346
110000250,27,178,-151
110000251,878,292,586
110000252,1271,531,740
110000253,3607,565,3042
110000254,1208,716,492
110000255,254,647,-393
110000256,736,290,446
110000257,674,292,382
110000258,16,1013,-997
110000259,592,34,558
110000260,107,133,-26
110000263,969,15,954
110000264,1345,620,725
110000265,2444,3185,-741
110000266,1573,3163,-1590
110000267,55,129,-74
110000268,530,324,206
110000269,5,225,-220
110000270,307,14,293
110000271,3077,396,2681
110000272,2046,2014,32
110000273,1768,1429,339
110000274,521,6372,-5851
110000275,2646,1211,1435
110000276,404,1859,-1455
110000277,565,614,-49
110000278,832,870,-38
110000279,1232,853,379
110000280,1564,885,679
110000281,135,315,-180
110000282,247,48,199
110000283,17,117,-100
110000284,6,17,-11
110000285,2,600,-598
110000286,6,1,5
110000287,298,6,292
110000288,18,120,-102
110000289,785,5325,-4540
110000290,646,1391,-745
110000291,4681,1085,3596
110000292,1418,14182,-12764
110000293,1036,631,405
110000294,2749,2709,40
110000295,242,854,-612
110000296,1459,686,773
110000297,4406,427,3979
110000298,149,521,-372
110000299,236,84,152
110000301,1013,26,987
110000302,690,2775,-2085
110000303,1098,35,1063
110000304,279,200,79
110000305,3101,57,3044
110000306,652,943,-291
110000307,4830,21,4809
110000308,1239,10,1229
110000309,4,888,-884
110000310,1641,26,1615
110000311,16,586,-570
110000312,802,68,734
110000313,3202,1935,1267
110000314,0,143,-143
110000315,2275,2004,271
110000316,749,1270,-521
110000317,198,4198,-4000
110000318,1,26,-25
110000319,24,19,5
110000320,26,67,-41
110000321,28,51,-23
110000322,565,379,186
110000323,1190,396,794
110000324,3007,1819,1188
110000325,2756,8826,-6070
110000327,664,414,250
110000328,231,623,-392
110000333,2381,2545,-164
110000334,520,1944,-1424
110000335,1362,743,619
110000336,744,1830,-1086
110000337,3394,1138,2256
110000338,876,447,429
110000339,903,399,504
110000340,26,521,-495
110000341,1260,516,744
110000342,159,1,158
110000343,0,9,-9
110000344,137,3623,-3486
110000345,386,4042,-3656
110000346,2315,3349,-1034
110000347,3113,1221,1892
110000348,48,14,34
110000349,8,51,-43
110000350,243,1,242
110000351,3084,953,2131
110000352,1118,3552,-2434
110000353,5222,539,4683
110000354,2013,8713,-6700
110000355,411,71,340
110000356,2310,25,2285
110000357,1437,18,1419
110000361,278,39,239
110000362,328,42,286
110000363,1949,127,1822
110000364,1050,1003,47
110000365,281,4,277
110000366,1,162,-161
110000367,1305,646,659
110000368,61,191,-130
110000369,171,13,158
110000373,12,1143,-1131
110000374,189,44,145
110000375,118,1614,-1496
110000376,58,135,-77
110000377,84,614,-530
110000378,18,812,-794
110000379,3303,4868,-1565
110000380,244,4,240
110000383,2,1077,-1075
110000384,1278,381,897
110000385,0,304,-304
110000387,375,6,369
110000388,150,216,-66
110000389,2305,79,2226
110000391,2467,343,2124
110000396,573,241,332
110000397,327,84,243
110000398,15,70,-55
110000399,559,3,556
110000587,234,1025,-791
110000589,438,316,122
110000640,336,32,304
110000652,14,950,-936
110000653,524,317,207
110000654,9,310,-301
110000656,0,303,-303
110000674,73,65,8
110000675,52,90,-38
110000676,0,61,-61
110000679,82,1109,-1027
110000682,229,394,-165
110000683,361,499,-138
110000684,0,102,-102
110000685,23,23,0
110000686,6,217,-211
110000687,21,12,9
110000688,89,2374,-2285
110000689,140,54,86
110000692,32,343,-311
110000693,23,1126,-1103
110000694,0,200,-200
110000695,167,1143,-976
110000696,80,104,-24
110900001,918,35,883
110900002,566,1784,-1218
110900003,2943,209,2734
110900004,1204,41,1163
110900005,2046,10356,-8310
110900006,112,131,-19
110900007,604,206,398
110900008,4,31,-27
110900009,619,830,-211
110900010,26,41,-15
110900011,36,95,-59
110900012,20,48,-28
110900013,2410,221,2189
110900014,478,44,434
110900015,420,1098,-678
110900016,131,75,56
110900017,1167,101,1066
110900018,674,46,628
110900019,1039,45,994
110900020,398,215,183
110900021,183,1030,-847
110900022,110,162,-52
110900023,114,1065,-951
110900024,92,264,-172
110900025,42,184,-142
110900027,99,122,-23
110900028,108,104,4
110900029,25,110,-85
110900030,77,140,-63
110900031,6,159,-153
110900032,0,69,-69
110900033,42,228,-186
110900035,38,1076,-1038
110900036,272,7,265
110900037,432,19,413
110900038,830,245,585
110900039,6,383,-377
110900040,565,10,555
110900041,72,53,19
110900042,234,118,116
110900043,1,40,-39
110900044,717,36,681
110900045,181,304,-123
110900046,13,111,-98
110900047,434,1159,-725
110900049,300,185,115
110900050,100,2,98
110900051,22,90,-68
110900052,3,270,-267
110900053,449,16,433
110900054,94,306,-212
110900055,23,1,22
110900056,43,114,-71
110900057,2,141,-139
110900058,963,291,672
110900059,1253,219,1034
110900060,622,189,433
110900061,3,35,-32
110900062,529,81,448
110900063,180,136,44
110900064,10,0,10
110900065,91,146,-55
110900066,18,69,-51
110900067,367,1361,-994
110900068,429,295,134
110900069,20,20,0
110900070,566,116,450
110900071,164,2120,-1956
110900073,0,17,-17
110900074,1070,144,926
110900075,1055,131,924
110900077,2900,589,2311
110900078,445,6,439
110900079,700,1818,-1118
110900080,337,101,236
110900081,37,7,30
110900082,532,121,411
110900083,242,72,170
110900084,265,70,195
110900085,426,239,187
110900086,193,598,-405
110900087,923,401,522
110900088,15,1,14
110900090,130,225,-95
110900091,2,49,-47
110900093,371,186,185
110900095,189,28,161
110900097,103,30,73
110900098,81,91,-10
110900099,62,435,-373
110900100,0,17,-17
110900102,121,34,87
110900105,4177,177,4000
110900108,87,49,38
110900111,2624,148,2476
110900112,1366,30,1336
110900113,352,252,100
110900115,17,112,-95
110900116,2743,806,1937
110900118,111,7865,-7754
110900119,1812,189,1623
110900120,396,42,354
110900121,206,2,204
110900122,1131,318,813
110900125,619,1543,-924
110900127,312,2103,-1791
110900128,86,381,-295
110900129,259,1618,-1359
110900130,304,523,-219
110900131,780,328,452
110900132,1095,135,960
110900133,224,306,-82
110900135,68,231,-163
110900136,627,39,588
110900137,9,5,4
110900138,497,2261,-1764
110900139,0,882,-882
110900140,10,2,8
110900141,12,721,-709
110900142,89,211,-122
110900143,551,57,494
110900144,1,252,-251
110900145,420,290,130
110900146,132,1126,-994
110900147,106,979,-873
110900148,3,398,-395
110900149,2,213,-211
110900150,63,31,32
110900151,25,60,-35
110900152,93,52,41
110900153,404,58,346
111000001,1143,1386,-243
111000002,397,626,-229
111000003,3849,2224,1625
111000004,1786,1864,-78
111000005,2477,3312,-835
111000006,1583,4184,-2601
111000007,8477,9445,-968
111000008,6044,6857,-813
111000009,739,1924,-1185
111000010,3061,526,2535
111000011,132,868,-736
111000012,313,448,-135
111000013,712,1845,-1133
111000014,3395,1083,2312
111000017,34,901,-867
111000018,235,474,-239
111000020,982,1210,-228
111000021,80,165,-85
111000023,310,195,115
111000025,4586,6459,-1873
111000029,210,197,13
111000030,26,87,-61
111000031,2540,925,1615
111000032,903,514,389
111000033,502,202,300
111000034,56,241,-185
111000037,1841,589,1252
111000038,2715,2969,-254
111000039,2588,2831,-243
111000040,2498,1632,866
111000041,786,638,148
111000042,3765,3407,358
111000043,3644,11108,-7464
111000044,3861,1061,2800
111000045,6416,3121,3295
111000046,4743,2624,2119
111000047,4464,11680,-7216
111000049,782,531,251
111000050,2113,709,1404
111000051,1215,1050,165
111000052,847,1881,-1034
111000053,290,760,-470
111000054,593,900,-307
111000055,1454,2019,-565
111000056,323,1094,-771
111000057,258,282,-24
111000058,1514,133,1381
111000059,1519,603,916
111000060,10957,1515,9442
111000061,1555,674,881
111000062,2381,1141,1240
111000063,2043,1874,169
111000064,1977,848,1129
111000065,2739,1348,1391
111000066,1531,642,889
111000067,2634,578,2056
111000068,1766,929,837
111000069,1790,2130,-340
111000070,877,515,362
111000071,607,284,323
111000072,2544,1148,1396
111000073,337,2701,-2364
111000074,3278,2495,783
111000075,1207,1176,31
111000076,1507,1872,-365
111000077,1635,1136,499
111000078,2164,819,1345
111000079,1680,1193,487
111000080,1819,799,1020
111000081,2534,10628,-8094
111000082,1710,1063,647
111000084,1824,979,845
111000085,1882,1691,191
111000086,4085,1340,2745
111000087,1515,769,746
111000088,11614,7804,3810
111000089,1345,702,643
111000090,774,1073,-299
111000091,1269,373,896
111000092,4139,1002,3137
111000093,2092,1800,292
111000094,3839,2029,1810
111000095,2172,5408,-3236
111000096,1192,15646,-14454
111000097,4237,1225,3012
111000098,604,1386,-782
111000099,740,2526,-1786
111000100,1078,2312,-1234
111000101,672,1018,-346
111000102,404,947,-543
111000104,2079,973,1106
111000107,164,1214,-1050
111000109,1823,483,1340
111000110,3462,1084,2378
111000111,8113,671,7442
111000112,4823,522,4301
111000113,1012,4022,-3010
111000114,1752,10019,-8267
111000115,4006,1709,2297
111000116,1696,1274,422
111000117,360,1249,-889
111000118,1319,1352,-33
111000119,3345,1050,2295
111000120,1262,1064,198
111000121,587,1487,-900
111000122,668,910,-242
111000123,2236,2093,143
111000124,637,2825,-2188
111000125,487,2066,-1579
111000126,151,1009,-858
111000127,2640,365,2275
111000128,6504,716,5788
111000129,7013,977,6036
111000130,6026,876,5150
111000131,7010,732,6278
111000132,3755,3179,576
111000133,444,174,270
111000134,673,77,596
111000135,87,298,-211
111000136,941,453,488
111000138,97,13,84
111000140,15,6,9
111000141,354,928,-574
111000142,2,101,-99
111000143,9,292,-283
111000144,29,833,-804
111000145,137,21,116
111000146,183,46,137
111000147,136,42,94
111000148,580,134,446
111000149,25,28,-3
111000150,70,5,65
111000151,32,90,-58
111000153,736,383,353
111000154,531,304,227
111000155,245,193,52
111000156,1435,552,883
111000157,402,739,-337
111000158,1428,1049,379
111000159,4908,1760,3148
111000160,813,319,494
111000161,14,649,-635
111000162,4,89,-85
111000163,1967,1247,720
111000164,601,5447,-4846
111000165,864,285,579
111000166,524,170,354
111000167,202,310,-108
111000168,341,470,-129
111000169,728,309,419
111000170,458,348,110
111000171,650,613,37
111000172,378,649,-271
111000173,412,1033,-621
111000174,581,297,284
111000175,77,1169,-1092
111000176,1241,80,1161
111000177,1901,280,1621
111000178,3551,224,3327
111000179,598,136,462
111000180,407,434,-27
111000181,4464,246,4218
111000182,502,173,329
111000183,356,601,-245
111000184,515,257,258
111000185,867,800,67
111000186,462,587,-125
111000187,368,175,193
111000188,1125,544,581
111000189,478,356,122
111000190,628,164,464
111000191,430,162,268
111000192,168,177,-9
111000193,446,231,215
111000194,73,558,-485
111000195,187,2094,-1907
111000196,91,83,8
111000197,1536,262,1274
111000198,1396,151,1245
111000199,781,456,325
111000200,1516,703,813
111000201,1907,125,1782
111000202,1084,96,988
111000203,835,390,445
111000204,626,2992,-2366
111000213,474,596,-122
111000214,2237,1358,879
111000215,1552,1188,364
111000217,3294,908,2386
111000218,3152,1318,1834
111000219,393,242,151
111000220,1318,801,517
111000221,486,272,214
111000224,1,156,-155
111000225,1126,178,948
111000226,273,1,272
111000227,30,11,19
111000228,10,1239,-1229
111000229,29,2585,-2556
111000230,433,163,270
111000231,3191,623,2568
111000232,1829,1398,431
111000233,3884,812,3072
111000234,410,1789,-1379
111000239,178,70,108
111000240,181,919,-738
111000241,158,141,17
111000242,793,144,649
111000243,403,553,-150
111000244,1919,810,1109
111000245,1503,835,668
111000246,1354,218,1136
111000247,1280,576,704
111000248,1332,355,977
111000249,1062,308,754
111000250,142,34,108
111000251,256,52,204
111000253,99,51,48
111000255,139,16,123
111000257,201,15,186
111000260,84,733,-649
111000261,3466,207,3259
111000271,37,594,-557
111000273,6095,1764,4331
111000274,2733,5743,-3010
111000275,420,48,372
111000276,492,1074,-582
111000277,477,358,119
111000278,824,303,521
111000291,3774,28096,-24322
111000298,845,361,484
111000299,1705,271,1434
111000300,72,661,-589
111000302,842,132,710
111000303,268,171,97
111000312,100,89,11
111000315,0,66,-66
111000320,260,352,-92
111000321,857,360,497
111000322,1079,199,880
111000323,635,122,513
111000324,533,185,348
111000325,62,64,-2
111000326,406,249,157
111000327,611,439,172
111000328,736,2176,-1440
111000329,1,65,-64
111000330,261,23,238
111000331,13,15,-2
111000332,849,1240,-391
111000334,344,1332,-988
111000335,2772,430,2342
111000337,4111,425,3686
111000338,305,164,141
111000339,2089,332,1757
111000340,326,1614,-1288
111000341,3504,2393,1111
111000342,122,960,-838
111000344,2595,596,1999
111000345,356,78,278
111000346,16,139,-123
111000347,430,8,422
111000350,299,157,142
111000351,192,561,-369
111000352,506,203,303
111000353,229,233,-4
111000354,1133,628,505
111000355,784,1057,-273
111000358,268,842,-574
111000360,426,272,154
111000361,451,102,349
111000546,2392,2066,326
111000547,871,2110,-1239
111000548,577,353,224
111000549,412,445,-33
111000550,52,2000,-1948
111000551,627,175,452
111000552,748,191,557
111000907,594,10,584
111000908,364,1,363
111000916,5281,517,4764
111000917,173,323,-150
111000918,435,586,-151
111000920,1351,23,1328
111000921,41,96,-55
111000922,2075,192,1883
111000924,55,545,-490
111000925,8437,3468,4969
111000926,1638,1371,267
111000927,3394,8483,-5089
111000928,4509,1793,2716
111000929,3584,1797,1787
111000930,1961,1756,205
111000931,4179,2579,1600
111000932,3442,1643,1799
111000933,5315,6360,-1045
111000934,1973,2072,-99
111000935,5585,2184,3401
111000936,2395,1516,879
111000937,2331,2721,-390
111000938,2268,1158,1110
111000939,1915,78,1837
111000940,2304,73,2231
111000941,731,1859,-1128
111000943,1033,202,831
111000944,290,274,16
111000945,426,1831,-1405
111001109,920,1993,-1073
111001110,303,464,-161
111001111,346,41,305
111001112,151,131,20
111001113,1,1345,-1344
111001114,1192,198,994
111001115,23,2408,-2385
111001116,5158,12713,-7555
111001117,584,4604,-4020
111001120,206,459,-253
111001121,890,87,803
111001122,302,103,199
111001123,352,145,207
111900001,104,40,64
111900002,295,180,115
111900003,2,119,-117
111900004,9,25,-16
111900006,39,146,-107
111900007,902,28,874
111900008,1099,11,1088
111900009,986,22,964
111900010,46,463,-417
111900012,53,107,-54
111900013,32,34,-2
111900014,2473,14649,-12176
111900015,2,184,-182
111900016,0,29,-29
111900017,0,63,-63
111900018,322,36,286
111900019,6,221,-215
111900020,2,54,-52
111900021,32,75,-43
111900022,35,49,-14
111900023,101,54,47
111900024,1,294,-293
111900025,0,192,-192
111900026,0,61,-61
111900027,3,343,-340
111900028,0,55,-55
111900029,42,36,6
111900030,116,597,-481
111900031,102,103,-1
111900032,3,46,-43
111900033,125,71,54
111900034,43,354,-311
111900035,133,515,-382
111900036,0,72,-72
111900038,199,268,-69
111900039,63,315,-252
111900040,34,115,-81
111900042,58,176,-118
111900043,1,75,-74
111900044,135,209,-74
111900046,8,168,-160
111900048,1167,245,922
111900049,18,184,-166
111900050,357,42,315
111900051,0,56,-56
111900052,112,245,-133
111900053,549,5392,-4843
111900054,411,9,402
111900055,13,126,-113
111900056,170,802,-632
111900057,513,43,470
111900058,2029,355,1674
111900059,1730,1789,-59
111900060,558,6,552
111900061,3,72,-69
111900062,192,165,27
111900063,331,104,227
111900064,25,73,-48
111900065,536,62,474
111900066,361,233,128
111900067,813,425,388
111900068,107,268,-161
111900069,198,24,174
111900070,553,165,388
111900071,1,133,-132
111900072,84,227,-143
111900073,3126,1005,2121
111900074,0,297,-297
111900075,125,39,86
111900076,923,314,609
111900077,125,6,119
111900078,1226,177,1049
111900079,122,110,12
111900080,133,172,-39
111900081,649,313,336
111900082,404,136,268
111900083,688,106,582
111900084,387,4,383
111900085,133,140,-7
111900086,235,29,206
111900087,208,9,199
111900088,2247,105,2142
111900089,240,7,233
111900090,154,351,-197
111900091,1921,45,1876
111900092,330,2,328
111900093,1746,74,1672
111900094,462,1,461
111900095,1158,121,1037
111900096,707,13,694
111900097,265,0,265
111900098,1438,34,1404
111900099,213,2,211
111900100,267,22,245
111900101,256,12,244
111900102,2051,792,1259
111900103,120,242,-122
111900104,243,117,126
111900105,253,1053,-800
111900106,389,20,369
111900107,35,275,-240
111900108,166,552,-386
111900109,198,1194,-996
111900110,2371,578,1793
111900111,627,32,595
111900112,481,11919,-11438
111900113,525,55,470
111900114,281,106,175
111900115,27,10,17
111900118,708,112,596
111900119,504,184,320
111900122,71,81,-10
111900123,5,80,-75
111900124,46,17,29
111900125,1442,237,1205
111900126,1306,16,1290
111900127,0,269,-269
111900128,94,346,-252
111900129,716,15,701
111900130,485,202,283
111900131,1615,3,1612
111900132,62,406,-344
111900133,8,281,-273
111900134,9,179,-170
111900135,15,83,-68
111900136,117,149,-32
111900137,27,13,14
111900138,43,54,-11
111900139,94,38,56
111900140,245,81,164
111900141,201,10,191
111900142,222,33,189
111900143,150,96,54
111900144,0,32,-32
111900145,0,153,-153
111900146,1,46,-45
111900147,46,459,-413
111900148,19,475,-456
111900149,25,198,-173
111900150,92,95,-3
111900151,0,111,-111
111900152,133,107,26
111900153,611,1071,-460
111900154,64,1576,-1512
111900155,164,375,-211
111900156,153,118,35
111900157,431,40,391
111900158,1684,170,1514
111900159,1092,191,901
111900160,844,2,842
111900161,901,6,895
111900162,287,713,-426
111900163,52,153,-101
111900164,104,104,0
111901113,1994,69,1925
111901114,917,648,269
111901115,1009,1,1008
111901116,287,12,275
111901117,65,232,-167
111901118,24,1735,-1711
111901119,353,111,242
111901120,28,158,-130
111901121,21,62,-41
111901122,2,101,-99
111901123,1112,111,1001
111901124,869,34,835
111901125,2433,203,2230
111901126,480,265,215
111901127,1040,3416,-2376
111901128,15,93,-78
111901129,5,363,-358
111901130,34,200,-166
111901131,4,194,-190
111901132,179,86,93
111901133,300,3,297
111901134,420,30,390
111901135,45,23,22
111901136,95,35,60
111901137,2,72,-70
111901138,33,32,1
111901139,3,23,-20
111901140,0,46,-46
111901141,14,128,-114
111901142,9,36,-27
111901143,3,167,-164
111901144,49,112,-63
112000001,4775,1350,3425
112000002,1946,3154,-1208
112000003,7367,2074,5293
112000004,2066,606,1460
112000005,7411,8035,-624
112000006,1352,711,641
112000007,9589,6231,3358
112000008,7972,7363,609
112000009,4875,1825,3050
112000010,9814,9880,-66
112000011,2593,1647,946
112000012,7308,9591,-2283
112000013,2120,5612,-3492
112000014,1375,6897,-5522
112000015,1287,5344,-4057
112000016,4638,8831,-4193
112000017,791,9699,-8908
112000024,1414,367,1047
112000026,2676,1876,800
112000027,1372,1212,160
112000028,1121,1478,-357
112000029,1187,1415,-228
112000030,375,23,352
112000031,2571,6700,-4129
112000032,133,16,117
112000033,2487,7169,-4682
112000034,94,30,64
112000035,58,1921,-1863
112000036,261,2978,-2717
112000037,1175,1397,-222
112000038,1563,2570,-1007
112000039,187,111,76
112000040,49,185,-136
112000041,418,567,-149
112000042,1695,331,1364
112000050,2176,2006,170
112000051,2423,6822,-4399
112000054,2569,2308,261
112000057,1249,375,874
112000058,369,449,-80
112000059,1201,823,378
112000061,5755,985,4770
112000062,776,2683,-1907
112000063,437,5404,-4967
112000064,5070,4261,809
112000065,1514,2261,-747
112000066,4816,2327,2489
112000067,690,1077,-387
112000068,5109,4386,723
112000069,791,4839,-4048
112000070,2289,2348,-59
112000071,1892,2931,-1039
112000072,5134,1570,3564
112000073,1797,4841,-3044
112000074,1475,3150,-1675
112000075,1829,2915,-1086
112000076,4699,3782,917
112000077,2013,828,1185
112000078,4383,1209,3174
112000079,4360,2595,1765
112000080,1585,1175,410
112000081,1596,2153,-557
112000082,2261,853,1408
112000083,1427,1298,129
112000084,1907,667,1240
112000085,2940,1169,1771
112000086,3846,1226,2620
112000087,1695,324,1371
112000088,1736,272,1464
112000089,882,601,281
112000090,641,489,152
112000091,966,467,499
112000092,4726,1323,3403
112000093,2610,514,2096
112000094,1339,939,400
112000095,1535,445,1090
112000096,1293,712,581
112000097,4902,909,3993
112000098,476,605,-129
112000099,1255,3481,-2226
112000100,4320,1076,3244
112000101,880,456,424
112000102,3359,551,2808
112000103,932,457,475
112000105,749,513,236
112000106,4761,512,4249
112000107,119,239,-120
112000108,1345,1657,-312
112000109,139,92,47
112000110,3909,966,2943
112000111,1019,8545,-7526
112000112,4068,1373,2695
112000113,1795,2910,-1115
112000114,4450,1388,3062
112000115,721,622,99
112000116,1196,1635,-439
112000117,2303,978,1325
112000118,911,957,-46
112000119,645,719,-74
112000120,83,324,-241
112000121,717,254,463
112000122,1162,164,998
112000123,1738,190,1548
112000124,1150,286,864
112000125,648,819,-171
112000126,1241,214,1027
112000127,4459,4069,390
112000128,924,900,24
112000129,315,97,218
112000130,827,238,589
112000131,78,190,-112
112000132,327,273,54
112000133,721,174,547
112000134,1199,402,797
112000135,3187,2038,1149
112000136,1567,4626,-3059
112000137,3355,9980,-6625
112000138,2253,3456,-1203
112000139,739,2076,-1337
112000140,377,1089,-712
112000141,2123,739,1384
112000142,200,462,-262
112000143,3050,370,2680
112000144,553,689,-136
112000145,5842,564,5278
112000146,1516,1047,469
112000147,3690,1870,1820
112000148,1508,1867,-359
112000149,1271,1554,-283
112000150,852,1105,-253
112000151,1031,204,827
112000152,2363,339,2024
112000153,445,230,215
112000154,350,956,-606
112000155,285,323,-38
112000157,795,2028,-1233
112000158,582,320,262
112000159,2939,538,2401
112000167,791,417,374
112000169,248,2742,-2494
112000173,2792,256,2536
112000175,902,506,396
112000176,1360,1684,-324
112000177,1947,630,1317
112000178,159,249,-90
112000179,820,111,709
112000180,739,351,388
112000181,1794,1031,763
112000182,4449,627,3822
112000183,33,29,4
112000184,838,436,402
112000185,2973,232,2741
112000187,10768,7162,3606
112000195,509,16,493
112000196,290,1,289
112000197,173,187,-14
112000198,23,420,-397
112000199,308,543,-235
112000202,1685,83,1602
112000216,75,222,-147
112000230,341,7,334
112000231,2,93,-91
112000256,137,862,-725
112000313,75,88,-13
112000314,193,171,22
112000337,416,2222,-1806
112000352,238,1261,-1023
112000392,4150,759,3391
112000398,4290,1210,3080
112000399,2206,16113,-13907
112000400,2735,1292,1443
112000401,1590,1254,336
112000402,7070,8294,-1224
112000403,3350,14630,-11280
112000404,3527,2311,1216
112000405,6602,5300,1302
112000406,3618,1290,2328
112000407,18805,12374,6431
112000408,7929,2711,5218
112000409,1950,1789,161
112000410,475,452,23
112000411,3871,2712,1159
112000412,706,428,278
112000413,6314,10449,-4135
112000414,397,36,361
112000415,192,58,134
112000416,7742,1622,6120
112000417,564,188,376
112000421,116,78,38
112000422,495,298,197
112000424,2013,6935,-4922
112000425,726,474,252
112000426,640,698,-58
112000427,2,11,-9
112000428,897,174,723
112000429,4163,3821,342
112000430,4736,8241,-3505
112000431,257,557,-300
112000432,822,760,62
112000433,596,610,-14
112000437,86,128,-42
112900001,107,0,107
112900002,2177,227,1950
112900003,105,83,22
112900004,173,119,54
112900005,701,166,535
112900006,53,82,-29
112900007,92,32,60
112900008,2,286,-284
112900009,725,447,278
112900010,1044,228,816
112900011,39,464,-425
112900012,6,8,-2
112900013,4,1488,-1484
112900014,18,144,-126
112900015,241,401,-160
112900016,17,670,-653
112900017,390,295,95
112900018,2,96,-94
112900019,64,296,-232
112900020,811,674,137
112900021,4,220,-216
112900022,157,55,102
112900023,0,49,-49
112900024,29,59,-30
112900025,683,187,496
112900026,0,25,-25
112900027,5,311,-306
112900028,405,84,321
112900029,11,52,-41
112900030,59,44,15
112900031,12,2027,-2015
112900032,466,377,89
112900034,0,28,-28
112900035,1,292,-291
112900036,34,299,-265
112900037,597,405,192
112900038,1622,249,1373
112900039,14,238,-224
112900040,8,3061,-3053
112900041,1209,1455,-246
112900042,272,207,65
112900043,42,80,-38
112900044,245,316,-71
112900045,1303,256,1047
112900046,213,66,147
112900047,21,77,-56
112900049,920,59,861
112900050,30,692,-662
112900051,281,296,-15
112900052,13,469,-456
112900053,165,459,-294
112900054,632,144,488
112900055,113,81,32
112900056,715,327,388
112900057,66,253,-187
112900058,528,819,-291
112900059,391,1787,-1396
112900060,79,51,28
112900061,228,444,-216
112900062,124,121,3
112900063,25,21,4
112900064,197,106,91
112900065,18,54,-36
112900066,404,764,-360
112900067,448,68,380
112900068,54,154,-100
112900069,5050,2467,2583
112900071,87,32,55
112900072,556,10909,-10353
112900073,330,452,-122
112900074,262,739,-477
112900075,2253,3356,-1103
112900076,93,68,25
112900078,347,1081,-734
112900079,528,116,412
112900080,452,13,439
112900081,93,740,-647
112900082,932,68,864
112900083,524,385,139
112900084,672,555,117
112900085,0,16,-16
112900086,410,0,410
112900087,3230,315,2915
112900088,719,10,709
112900089,1721,181,1540
112900090,194,177,17
112900091,668,33,635
112900092,101,2845,-2744
112900093,2147,55,2092
112900094,384,19,365
112900095,197,1,196
112900096,1564,842,722
112900097,188,452,-264
112900098,374,6,368
112900099,2470,173,2297
112900100,282,12,270
112900101,1145,19,1126
112900102,109,114,-5
112900103,471,7,464
112900104,96,1,95
112900105,59,0,59
112900106,1062,286,776
112900107,6,1,5
112900108,7,0,7
112900109,459,2,457
112900110,3424,47,3377
112900111,1796,14,1782
112900112,585,0,585
112900113,0,13,-13
112900114,918,20,898
112900115,4811,19,4792
112900116,361,28,333
112900117,52,32,20
112900118,5,70,-65
112900119,1111,42,1069
112900120,592,436,156
112900121,52,96,-44
112900122,18,59,-41
112900123,1284,133,1151
112900124,10,54,-44
112900125,26,443,-417
112900126,231,96,135
112900127,896,109,787
112900128,83,656,-573
112900129,3,695,-692
112900130,640,575,65
112900131,13,761,-748
112900132,680,772,-92
112900133,22,1730,-1708
112900134,1,699,-698
112900135,270,419,-149
112900136,0,65,-65
112900137,1,438,-437
112900138,45,96,-51
112900139,51,662,-611
112900140,0,104,-104
112900141,1657,41,1616
112900142,94,832,-738
112900143,8,372,-364
112900144,4,328,-324
112900145,4,268,-264
112900146,15,899,-884
112900147,2,486,-484
112900148,59,2,57
112900149,288,226,62
112900151,4,37,-33
112900152,4395,411,3984
112900153,412,12121,-11709
112900154,1,49,-48
112900155,304,34,270
112900156,2186,522,1664
112900157,985,7,978
112900158,184,0,184
112900159,222,739,-517
112900160,41,316,-275
112900161,377,148,229
112900162,38,55,-17
112900163,44,83,-39
112900164,71,292,-221
112900165,71,59,12
112900166,64,257,-193
112900167,6,1265,-1259
112900168,4,10,-6
112900169,3,38,-35
112900170,239,133,106
112900172,109,19,90
112900173,162,185,-23
112900174,1138,84,1054
112900175,210,501,-291
112900176,11,70,-59
112900177,358,127,231
112900178,932,6224,-5292
112900179,49,445,-396
112900180,3869,1502,2367
112900181,2635,27,2608
112900182,104,340,-236
112900183,165,380,-215
112900184,713,578,135
112900185,152,1062,-910
112900186,1262,1344,-82
112900187,100,677,-577
112900188,1033,6542,-5509
112900189,28,45,-17
112900190,17,289,-272
112900192,881,830,51
112900193,1201,471,730
112900194,229,23,206
112900195,1112,62,1050
112900196,953,455,498
112900197,160,549,-389
112900199,1864,184,1680
112900200,1201,73,1128
112900201,242,263,-21
112900202,1279,444,835
112900203,825,78,747
112900204,944,517,427
112900205,23,1,22
112900206,39,37,2
112900207,116,0,116
112900208,63,1428,-1365
112900209,124,307,-183
112900210,3,2,1
112900211,185,2,183
112900212,1,36,-35
112900213,37,5,32
112900214,3,12,-9
112900215,24,63,-39
112900216,66,21,45
112900217,16,36,-20
112900218,216,5,211
112900219,357,8,349
112900220,1,0,1
112900221,60,87,-27
112900222,2,331,-329
112900223,1789,32,1757
112900224,1617,200,1417
112900225,1334,222,1112
112900226,585,443,142
112900227,2200,292,1908
112900228,315,53,262
112900229,1044,12,1032
112900230,15744,3685,12059
112900232,928,547,381
112900233,172,141,31
112900234,48,3,45
112900235,12,10,2
112900236,1392,32,1360
112900237,1076,161,915
112900238,62,6,56
113000001,10345,7541,2804
113000002,11040,5582,5458
113000003,5038,3273,1765
113000004,5565,2951,2614
113000005,4744,2983,1761
113000006,2968,2376,592
113000007,5781,2872,2909
113000008,4504,2903,1601
113000009,3202,1630,1572
113000010,3398,1702,1696
113000011,2892,1724,1168
113000012,2791,1150,1641
113000013,1030,777,253
113000014,1936,3104,-1168
113000015,199,325,-126
113000016,437,996,-559
113000017,125,968,-843
113000018,866,81,785
113000019,445,464,-19
113000020,321,98,223
113000021,3051,1476,1575
113000022,1576,7206,-5630
113000025,227,635,-408
113000026,1221,1638,-417
113000027,1190,2758,-1568
113000028,764,5724,-4960
113000029,1791,1403,388
113000030,252,910,-658
113000031,454,336,118
113000032,429,507,-78
113000033,399,633,-234
113000034,426,182,244
113000035,57,77,-20
113000036,53,163,-110
113000037,39,70,-31
113000038,44,74,-30
113000039,45,381,-336
113000040,56,146,-90
113000042,1537,1164,373
113000051,4834,5427,-593
113000052,5201,912,4289
113000053,1576,643,933
113000054,1696,1741,-45
113000055,4416,643,3773
113000056,4144,1633,2511
113000058,993,1541,-548
113000059,1533,403,1130
113000060,1123,1177,-54
113000061,987,1529,-542
113000062,858,836,22
113000063,960,102,858
113000064,294,231,63
113000065,455,650,-195
113000066,2080,243,1837
113000067,5864,1016,4848
113000068,993,513,480
113000069,1161,766,395
113000070,4995,1052,3943
113000071,1531,563,968
113000072,2218,911,1307
113000073,918,2072,-1154
113000074,1687,596,1091
113000075,3419,1082,2337
113000076,638,5434,-4796
113000077,1044,1427,-383
113000078,648,2211,-1563
113000079,537,1615,-1078
113000080,740,2020,-1280
113000081,1558,1968,-410
113000082,1511,1926,-415
113000083,1021,1599,-578
113000084,3535,2006,1529
113000085,1773,1129,644
113000086,1417,3996,-2579
113000087,1961,2768,-807
113000088,5155,3065,2090
113000089,1266,3157,-1891
113000090,240,1468,-1228
113000091,314,718,-404
113000094,2889,638,2251
113000095,412,1515,-1103
113000096,144,1990,-1846
113000097,2553,993,1560
113000098,182,91,91
113000099,2294,865,1429
113000100,290,984,-694
113000101,322,1509,-1187
113000102,1216,1007,209
113000103,8017,702,7315
113000104,1500,5878,-4378
113000105,2682,1272,1410
113000106,1122,549,573
113000107,2397,1979,418
113000108,1974,1347,627
113000109,651,1831,-1180
113000110,14649,1405,13244
113000111,431,538,-107
113000112,1477,533,944
113000113,5535,648,4887
113000114,328,1472,-1144
113000116,1157,517,640
113000117,2084,344,1740
113000118,68,1493,-1425
113000119,690,744,-54
113000120,135,673,-538
113000121,572,2511,-1939
113000124,664,313,351
113000125,37,2878,-2841
113000127,2078,268,1810
113000128,3944,462,3482
113000129,683,1329,-646
113000133,5683,846,4837
113000134,13,2910,-2897
113000135,8443,7257,1186
113000137,1365,3950,-2585
113000139,441,279,162
113000140,93,108,-15
113000141,161,186,-25
113000142,343,749,-406
113000143,507,202,305
113000144,319,387,-68
113000145,231,238,-7
113000146,146,77,69
113000147,345,80,265
113000148,660,193,467
113000149,405,319,86
113000150,702,557,145
113000151,103,51,52
113000152,92,611,-519
113000153,1947,426,1521
113000154,717,3860,-3143
113000155,987,1441,-454
113000156,275,444,-169
113000157,485,474,11
113000158,967,379,588
113000159,2063,372,1691
113000160,958,478,480
113000161,618,275,343
113000162,1685,189,1496
113000163,420,41,379
113000164,37,61,-24
113000166,565,111,454
113000167,182,64,118
113000168,344,89,255
113000169,492,69,423
113000170,144,113,31
113000171,88,142,-54
113000172,685,93,592
113000173,109,70,39
113000174,452,174,278
113000175,1195,111,1084
113000176,1380,68,1312
113000177,490,121,369
113000178,298,324,-26
113000179,598,80,518
113000180,1530,3166,-1636
113000181,2159,1198,961
113000182,176,1400,-1224
113000183,507,1081,-574
113000184,37,174,-137
113000189,390,1202,-812
113000190,237,276,-39
113000192,506,8726,-8220
113000193,2148,5106,-2958
113000194,1417,7873,-6456
113000195,2362,8504,-6142
113000196,563,146,417
113000197,2643,7607,-4964
113000198,277,751,-474
113000199,3990,871,3119
113000201,1166,1129,37
113000202,27403,4075,23328
113000203,153,1059,-906
113000204,542,10626,-10084
113000205,76,11,65
113000206,4,91,-87
113000207,190,43,147
113000208,89,207,-118
113000209,37,51,-14
113000210,14,69,-55
113000211,111,331,-220
113000212,15,99,-84
113000213,34,216,-182
113000214,449,549,-100
113000234,530,846,-316
113000410,62,336,-274
113000411,1872,3047,-1175
113000412,11936,1983,9953
113000413,1635,4150,-2515
113000414,6465,17653,-11188
113000415,3621,1940,1681
113000416,3103,2872,231
113000417,1492,1872,-380
113000418,8218,6322,1896
113000419,3138,2870,268
113000420,4538,7581,-3043
113000421,9056,10137,-1081
113000422,15416,14467,949
113000423,1678,7308,-5630
113000424,4124,17754,-13630
113000425,20,122,-102
113000428,71,93,-22
113000430,12,405,-393
113000432,6303,451,5852
113000433,128,1595,-1467
113000434,14,181,-167
113000435,32,118,-86
113000436,9,1233,-1224
113000437,4076,85,3991
113000438,1054,26,1028
113000439,115,39,76
113000440,326,40,286
113000441,221,197,24
113000442,393,55,338
113000443,582,186,396
113000444,876,39,837
113000445,155,126,29
113000446,117,219,-102
113000448,1429,714,715
113000449,314,1585,-1271
113000450,3808,5677,-1869
113000451,6360,944,5416
113000452,168,1004,-836
113000453,67,1488,-1421
113000454,347,216,131
113000455,9,3564,-3555
113000456,2713,3438,-725
113000468,1067,194,873
113000469,71,458,-387
113000470,1182,39,1143
113000471,46,859,-813
113000472,121,430,-309
113000474,2852,1388,1464
113000475,2477,1365,1112
113000476,6099,3784,2315
113000477,10129,3493,6636
113000478,4435,4311,124
113000479,253,230,23
113000480,140,851,-711
113000481,0,0,0
113000483,0,0,0
113000485,0,0,0
113000486,0,0,0
113000487,0,0,0
113000488,0,0,0
113000489,0,0,0
113000490,0,0,0
113000491,0,0,0
113000492,0,0,0
113000493,0,0,0
113000495,428,49,379
113000496,226,150,76
113000497,0,0,0
113000500,0,1,-1
113900001,71,5629,-5558
113900002,28,348,-320
113900003,8,569,-561
113900004,4,780,-776
113900005,8,1440,-1432
113900006,5,108,-103
113900007,84,201,-117
113900008,32,0,32
113900009,116,0,116
113900010,113,4,109
113900011,458,2,456
113900012,227,5,222
113900013,197,18,179
113900014,1753,17,1736
113900015,0,40,-40
113900016,59,0,59
113900017,3,32,-29
113900018,141,267,-126
113900019,524,31,493
113900020,382,25,357
113900022,153,10,143
113900023,58,2,56
113900024,127,29,98
113900025,904,98,806
113900026,180,0,180
113900027,21,103,-82
113900028,97,264,-167
113900029,250,97,153
113900030,895,10,885
113900031,104,2,102
113900032,120,1,119
113900033,80,62,18
113900035,161,1,160
113900036,154,151,3
113900037,514,459,55
113900038,11,208,-197
113900039,719,36,683
113900040,12,30,-18
113900041,29,2,27
113900042,236,47,189
113900043,360,81,279
113900044,72,417,-345
113900045,333,9,324
113900046,375,1797,-1422
113900047,406,132,274
113900048,359,288,71
113900049,141,766,-625
113900050,676,733,-57
113900051,587,172,415
113900052,242,109,133
113900053,763,1785,-1022
113900054,110,3,107
113900055,193,802,-609
113900056,244,80,164
113900057,10,32,-22
113900058,338,30,308
113900059,672,230,442
113900060,84,645,-561
113900061,1256,177,1079
113900062,222,64,158
113900063,320,47,273
113900064,27,63,-36
113900065,1311,45,1266
113900066,1956,379,1577
113900067,623,1102,-479
113900068,541,1834,-1293
113900069,67,47,20
113900070,260,278,-18
113900071,292,25,267
113900072,256,69,187
113900073,1172,417,755
113900074,600,2016,-1416
113900075,1478,5441,-3963
113900076,201,53,148
113900077,108,139,-31
113900078,146,8,138
113900079,1,35,-34
113900080,1123,410,713
113900081,112,107,5
113900082,551,435,116
113900083,1119,158,961
113900084,335,192,143
113900085,41,237,-196
113900086,258,52,206
113900087,212,210,2
113900088,301,194,107
113900089,729,62,667
113900090,1043,536,507
113900091,6,16,-10
113900092,35,225,-190
113900093,114,3496,-3382
113900094,1754,388,1366
113900095,211,304,-93
113900096,629,144,485
113900097,77,292,-215
113900098,1080,448,632
113900099,1,34,-33
113900100,0,0,0
113900101,22,336,-314
113900102,248,321,-73
113900103,302,750,-448
113900104,255,467,-212
113900105,581,36,545
113900106,1,31,-30
113900107,6,6,0
113900108,105,662,-557
113900109,432,511,-79
113900110,73,41,32
113900111,493,81,412
113900112,544,58,486
113900113,2333,653,1680
113900114,1,25,-24
113900115,1,8,-7
113900116,35,437,-402
113900117,47,57,-10
113900118,222,1893,-1671
113900119,135,228,-93
113900120,148,71,77
113900121,313,88,225
113900122,566,6566,-6000
113900123,1459,254,1205
113900124,5,124,-119
113900125,1883,205,1678
113900126,93,94,-1
113900127,617,1320,-703
113900128,571,125,446
113900129,1,183,-182
113900130,4,444,-440
113900131,493,52,441
113900132,40,166,-126
113900133,28,27,1
113900135,542,802,-260
113900136,87,39,48
113900137,543,434,109
113900138,23,517,-494
113900139,475,611,-136
113900140,26,350,-324
113900141,1454,353,1101
113900142,168,72,96
113900143,22,147,-125
113900144,142,453,-311
113900145,565,316,249
113900146,514,268,246
113900148,57,447,-390
113900149,292,279,13
113900150,363,235,128
113900151,962,208,754
113900152,85,244,-159
113900153,84,400,-316
113900154,1,107,-106
113900155,77,323,-246
113900156,438,445,-7
113900157,78,922,-844
113900158,173,711,-538
113900159,25,205,-180
113900160,879,876,3
113900161,282,493,-211
113900162,259,988,-729
113900163,631,230,401
113900164,925,16,909
113900165,878,711,167
113900166,68,89,-21
113900167,579,46,533
113900168,72,66,6
113900169,439,503,-64
113900171,496,127,369
113900172,8,164,-156
113900173,24,246,-222
113900174,813,587,226
113900175,446,188,258
113900176,525,527,-2
113900177,345,178,167
113900178,440,412,28
113900179,25,182,-157
113900180,230,134,96
113900181,2034,336,1698
113900182,998,774,224
113900183,148,60,88
113900184,55,456,-401
113900185,93,37,56
113900186,343,27,316
113900187,57,101,-44
113900188,23,142,-119
113900189,421,336,85
113900190,250,105,145
113900191,70,161,-91
113900192,10,1651,-1641
113900193,19,194,-175
113900194,1976,554,1422
113900195,506,366,140
113900196,9,875,-866
113900197,0,136,-136
113900198,53,929,-876
113900199,54,369,-315
113900200,9,334,-325
113900201,0,83,-83
113900202,72,36,36
113900203,0,25,-25
113900204,12,443,-431
113900205,5,61,-56
113900206,4,114,-110
113900207,3,66,-63
113900208,0,41,-41
113900209,0,23,-23
113900210,1901,1455,446
113900211,256,66,190
113900212,672,362,310
113900214,420,489,-69
113900215,114,298,-184
113900216,378,280,98
113900217,302,87,215
113900218,98,147,-49
113900219,264,1154,-890
113900220,229,387,-158
113900221,540,1020,-480
113900222,320,1576,-1256
113900223,549,248,301
113900224,77,80,-3
113900225,2071,237,1834
113900226,814,287,527
113900227,468,795,-327
113900228,300,1071,-771
113900229,114,2589,-2475
113900230,2988,5577,-2589
113900231,325,92,233
113900232,364,33,331
113900233,255,143,112
113900234,764,814,-50
113900235,174,26,148
113900236,724,130,594
113900237,516,283,233
113900238,258,891,-633
113900239,102,202,-100
113900240,3,352,-349
113900241,68,174,-106
113900242,50,499,-449
113900243,39,181,-142
113900244,148,206,-58
113900245,531,491,40
113900246,14,17,-3
113900247,98,949,-851
113900248,3569,3860,-291
113900249,745,1016,-271
113900250,93,1794,-1701
113900251,2490,104,2386
113900252,2116,62,2054
113900253,1257,53,1204
113900254,902,281,621
113900255,2240,14,2226
113900256,908,48,860
113900257,61,364,-303
113900258,98,217,-119
113900259,1675,87,1588
113900260,535,14,521
113900261,97,104,-7
113900262,212,248,-36
113900263,17,377,-360
113900264,2,221,-219
113900265,288,769,-481
113900266,109,161,-52
113900267,99,1220,-1121
113900268,386,641,-255
113900269,316,236,80
113900270,383,759,-376
113900271,1156,408,748
113900273,22,27,-5
113900274,54,51,3
113900275,20,253,-233
113900276,0,93,-93
113900277,649,9,640
113900278,165,225,-60
113900279,64,55,9
113900280,1780,744,1036
113900281,178,1559,-1381
113900282,432,406,26
113900283,644,1225,-581
113900284,2315,200,2115
113900285,178,24,154
113900286,314,122,192
113900287,329,27,302
113900288,5,386,-381
113900289,396,219,177
113900290,585,1318,-733
113900291,126,112,14
113900292,4,38,-34
113900293,2,443,-441
113900294,1512,21,1491
113900295,779,549,230
113900296,3597,429,3168
113900297,3936,69,3867
113900298,88,2829,-2741
113900299,213,11,202
113900300,7419,7518,-99
113900301,677,1714,-1037
113900302,1702,1706,-4
113900303,194,2671,-2477
113900304,2,182,-180
113900305,392,0,392
113900306,224,4,220
113900307,22,0,22
113900308,82,117,-35
113900309,1,454,-453
113900310,0,18,-18
113900311,58,3,55
113900312,208,326,-118
113900313,20,7,13
114000001,1627,1914,-287
114000002,882,493,389
114000003,289,306,-17
114000004,1122,516,606
114000005,983,381,602
114000006,1848,1718,130
114000007,1384,1305,79
114000008,3003,2747,256
114000009,2439,624,1815
114000011,5681,2525,3156
114000012,8578,2085,6493
114000013,4371,1514,2857
114000014,1137,139,998
114000015,4235,267,3968
114000016,876,110,766
114000017,261,1749,-1488
114000018,170,64,106
114000026,6083,1876,4207
114000027,7360,5067,2293
114000028,3205,7601,-4396
114000038,710,320,390
114000039,110,43,67
114000040,336,784,-448
114000042,432,330,102
114000043,97,58,39
114000044,812,37,775
114000045,26,61,-35
114000046,2302,6105,-3803
114000047,10,265,-255
114000048,226,42,184
114000049,3840,2154,1686
114000050,3653,2119,1534
114000051,5959,3090,2869
114000052,6044,4119,1925
114000053,62,949,-887
114000054,275,1227,-952
114000055,637,96,541
114000056,190,1551,-1361
114000057,5480,2211,3269
114000058,89,1854,-1765
114000059,63,2679,-2616
114000060,948,1418,-470
114000061,3992,5482,-1490
114000062,507,1836,-1329
114000063,1444,1650,-206
114000064,2025,7369,-5344
114000065,1528,2329,-801
114000066,1144,1453,-309
114000067,47,2349,-2302
114000068,551,1431,-880
114000069,2159,741,1418
114000070,4710,2257,2453
114000071,2073,1089,984
114000072,1405,319,1086
114000073,42,25,17
114000074,229,8,221
114000075,110,106,4
114000076,68,77,-9
114000077,17,19,-2
114000078,881,1032,-151
114000079,489,100,389
114000080,250,148,102
114000081,150,159,-9
114000082,80,551,-471
114000083,157,61,96
114000084,466,231,235
114000085,139,267,-128
114000086,423,326,97
114000087,755,71,684
114000088,75,65,10
114000089,551,284,267
114000090,1482,2136,-654
114000091,1320,1552,-232
114000092,828,551,277
114000093,2201,648,1553
114000094,1118,679,439
114000095,514,335,179
114000096,95,507,-412
114000097,177,255,-78
114000098,1028,263,765
114000099,2156,101,2055
114000100,3189,438,2751
114000101,880,315,565
114000102,1436,359,1077
114000103,175,164,11
114000104,67,205,-138
114000105,581,230,351
114000106,1214,5394,-4180
114000107,1142,319,823
114000108,1156,903,253
114000109,1476,4512,-3036
114000110,838,1178,-340
114000111,5022,2221,2801
114000112,698,1155,-457
114000113,2086,542,1544
114000114,517,1039,-522
114000115,3331,906,2425
114000116,1644,4137,-2493
114000117,8839,1265,7574
114000118,7934,698,7236
114000119,6103,685,5418
114000120,1210,1096,114
114000121,1054,848,206
114000122,783,531,252
114000123,4941,576,4365
114000124,2642,915,1727
114000125,1709,1820,-111
114000126,4021,422,3599
114000127,475,207,268
114000128,1662,330,1332
114000130,1200,793,407
114000131,618,132,486
114000132,1232,393,839
114000133,804,1356,-552
114000134,185,58,127
114000138,116,146,-30
114000139,722,791,-69
114000144,1058,1051,7
114000145,111,33,78
114000146,223,40,183
114000147,1945,4136,-2191
114000148,1067,3170,-2103
114000149,568,758,-190
114000150,310,716,-406
114000151,899,3343,-2444
114000152,109,60,49
114000153,710,4077,-3367
114000154,585,1063,-478
114000155,1264,6491,-5227
114000156,1243,1470,-227
114000157,614,3368,-2754
114000158,1345,793,552
114000159,154,501,-347
114000160,97,1030,-933
114000161,1636,3000,-1364
114000162,2225,3528,-1303
114000163,37,38,-1
114000165,707,629,78
114000166,537,941,-404
114000167,3433,1742,1691
114000168,1006,323,683
114000169,1648,1960,-312
114000170,1463,1302,161
114000171,1953,8170,-6217
114000174,542,429,113
114000176,424,744,-320
114000177,893,592,301
114000178,192,46,146
114000179,1430,1178,252
114000180,391,421,-30
114000181,1857,15032,-13175
114000182,2127,3638,-1511
114000183,2043,798,1245
114000184,763,920,-157
114000185,2809,1465,1344
114000189,3283,273,3010
114000190,6927,675,6252
114000191,215,910,-695
114000192,242,949,-707
114000193,210,1802,-1592
114000194,3239,1122,2117
114000195,365,525,-160
114000196,1,97,-96
114000197,4712,49,4663
114000198,1067,595,472
114000199,1866,1925,-59
114000200,1629,1621,8
114000201,481,1152,-671
114000202,1373,1019,354
114000203,994,1091,-97
114000204,283,781,-498
114000205,739,2298,-1559
114000206,1515,3589,-2074
114000207,899,2901,-2002
114000208,948,1406,-458
114000209,665,1913,-1248
114000210,553,991,-438
114000211,2401,2036,365
114000212,1344,1710,-366
114000213,2936,575,2361
114000214,180,159,21
114000215,279,134,145
114000216,3720,586,3134
114000217,657,308,349
114000218,1013,141,872
114000219,3091,311,2780
114000220,53,1012,-959
114000221,2526,302,2224
114000222,373,1013,-640
114000223,1420,212,1208
114000224,164,522,-358
114000225,710,270,440
114000226,527,259,268
114000227,1204,695,509
114000228,1606,904,702
114000229,2773,1776,997
114000230,2797,1343,1454
114000231,1741,2345,-604
114000232,2352,324,2028
114000233,5206,94,5112
114000234,2556,1111,1445
114000235,2883,1913,970
114000236,0,514,-514
114000237,299,977,-678
114000238,179,651,-472
114000239,310,1303,-993
114000240,1661,2849,-1188
114000241,514,3532,-3018
114000242,1161,1377,-216
114000243,4523,1690,2833
114000244,1018,610,408
114000245,1050,1517,-467
114000246,325,65,260
114000247,914,1230,-316
114000248,3147,931,2216
114000249,966,823,143
114000250,1303,339,964
114000251,650,261,389
114000252,60,15,45
114000253,58,142,-84
114000254,143,132,11
114000255,1029,396,633
114000256,577,2487,-1910
114000257,974,1312,-338
114000258,1102,1212,-110
114000259,505,2918,-2413
114000260,0,53,-53
114000261,108,66,42
114000262,684,209,475
114000263,43,5,38
114000264,3457,667,2790
114000265,0,4,-4
114000267,6,5621,-5615
114000268,58,948,-890
114000270,614,28,586
114000271,781,233,548
114000283,3306,499,2807
114000285,30,113,-83
114000288,176,874,-698
114000289,4015,219,3796
114000293,596,857,-261
114000294,586,555,31
114000395,3071,65,3006
114000396,1019,977,42
114000402,2335,205,2130
114000403,894,253,641
114000405,407,342,65
114000423,1056,226,830
114000424,946,954,-8
114000425,2370,282,2088
114000426,642,1447,-805
114000427,144,85,59
114000428,44,191,-147
114000429,37,126,-89
114000432,277,104,173
114000434,43,50,-7
114000435,11,60,-49
114000436,2746,589,2157
114000437,1898,24015,-22117
114900001,1480,394,1086
114900002,460,104,356
114900003,1883,443,1440
114900004,407,732,-325
114900005,1100,320,780
114900006,97,164,-67
114900007,425,35,390
114900008,992,204,788
114900010,1298,2971,-1673
114900011,731,250,481
114900013,740,203,537
114900015,166,1485,-1319
114900018,1682,79,1603
114900020,134,162,-28
114900022,2,852,-850
114900024,252,279,-27
114900025,1203,163,1040
114900026,120,151,-31
114900027,265,179,86
114900029,37,28,9
114900030,590,301,289
114900031,1285,59,1226
114900032,1038,22,1016
114900033,1008,4256,-3248
114900034,63,70,-7
114900035,158,559,-401
114900036,417,374,43
114900037,178,86,92
114900038,576,448,128
114900039,1390,225,1165
114900040,229,27,202
114900041,2938,146,2792
114900042,3485,228,3257
114900043,333,141,192
114900044,230,116,114
114900046,50,69,-19
114900047,276,8338,-8062
114900048,47,159,-112
114900049,28,101,-73
114900050,101,162,-61
114900051,23,256,-233
114900052,69,331,-262
114900053,127,279,-152
114900054,40,77,-37
114900057,251,47,204
114900058,0,39,-39
114900059,335,172,163
114900060,382,774,-392
114900061,114,51,63
114900062,235,664,-429
114900063,196,47,149
114900064,4320,187,4133
114900065,629,1224,-595
114900067,56,791,-735
114900068,54,84,-30
114900069,290,38,252
114900070,996,273,723
114900072,0,286,-286
114900073,1,45,-44
114900074,2091,347,1744
114900075,287,16,271
114900076,7,234,-227
114900080,1013,194,819
114900082,2650,4766,-2116
114900083,459,1059,-600
114900090,1254,260,994
114900091,93,136,-43
114900095,481,91,390
114900096,228,583,-355
114900097,254,2,252
114900098,5,488,-483
114900099,563,22,541
115000001,7063,3805,3258
115000002,9417,10534,-1117
115000003,5933,3607,2326
115000004,9314,11469,-2155
115000005,3545,4868,-1323
115000006,2942,4135,-1193
115000007,589,592,-3
115000008,802,899,-97
115000009,1119,979,140
115000010,472,591,-119
115000013,61,330,-269
115000015,64,519,-455
115000016,328,551,-223
115000019,45,1119,-1074
115000020,687,2518,-1831
115000021,370,585,-215
115000022,572,334,238
115000023,522,716,-194
115000024,1044,285,759
115000025,1368,1011,357
115000026,302,279,23
115000027,750,335,415
115000028,488,502,-14
115000029,1757,247,1510
115000030,988,950,38
115000031,1033,485,548
115000032,11,327,-316
115000033,333,44,289
115000034,197,1877,-1680
115000035,1380,182,1198
115000036,1,680,-679
115000037,966,66,900
115000038,118,271,-153
115000039,3759,7891,-4132
115000040,6296,4069,2227
115000041,3472,8245,-4773
115000042,799,1096,-297
115000043,5110,4686,424
115000044,4198,4921,-723
115000045,5257,1709,3548
115000046,5293,4890,403
115000047,5389,2964,2425
115000048,5610,3836,1774
115000049,3399,5617,-2218
115000050,5543,1871,3672
115000051,3005,9379,-6374
115000052,1596,1293,303
115000053,5518,4716,802
115000054,877,1919,-1042
115000055,280,1660,-1380
115000056,128,414,-286
115000057,823,2689,-1866
115000058,71,659,-588
115000059,193,662,-469
115000061,204,501,-297
115000062,696,1288,-592
115000063,897,657,240
115000064,587,248,339
115000065,101,809,-708
115000067,604,75,529
115000069,225,446,-221
115000070,45,2217,-2172
115000071,177,43,134
115000072,37,39,-2
115000073,3981,117,3864
115000075,192,113,79
115000076,3612,2850,762
115000077,3771,1671,2100
115000078,3956,1252,2704
115000079,3567,1651,1916
115000080,8081,2053,6028
115000081,363,622,-259
115000082,12708,8581,4127
115000083,4750,1040,3710
115000084,5730,1282,4448
115000085,2802,1378,1424
115000086,2467,1482,985
115000087,1001,3136,-2135
115000088,2533,1289,1244
115000089,3119,1667,1452
115000090,841,1569,-728
115000091,383,584,-201
115000092,1381,2061,-680
115000093,1567,4,1563
115000094,6972,15318,-8346
115000095,5866,15859,-9993
115000096,2307,1067,1240
115000097,3737,3109,628
115000098,4100,813,3287
115000099,5491,1917,3574
115000100,3622,621,3001
115000101,1467,1366,101
115000102,1021,299,722
115000103,654,696,-42
115000105,271,115,156
115000106,2078,1149,929
115000107,377,425,-48
115000108,3185,2175,1010
115000109,5405,8973,-3568
115000110,2177,4188,-2011
115000111,536,1023,-487
115000112,1156,1381,-225
115000113,533,1138,-605
115000114,1113,890,223
115000116,4412,2723,1689
115000117,2732,3957,-1225
115000118,3776,2613,1163
115000119,2719,3330,-611
115000120,1009,1725,-716
115000121,882,976,-94
115000122,971,3474,-2503
115000123,3121,3384,-263
115000124,1551,2324,-773
115000125,661,3655,-2994
115000126,310,1423,-1113
115000127,769,485,284
115000128,579,2033,-1454
115000129,461,1384,-923
115000130,794,648,146
115000131,1575,479,1096
115000132,934,915,19
115000133,1575,286,1289
115000134,588,1364,-776
115000135,306,387,-81
115000136,484,786,-302
115000137,123,597,-474
115000138,707,346,361
115000139,452,364,88
115000140,942,373,569
115000141,394,133,261
115000142,496,91,405
115000143,1850,1526,324
115000144,801,115,686
115000145,566,392,174
115000146,833,1754,-921
115000147,583,1207,-624
115000148,801,1001,-200
115000149,1531,597,934
115000150,1260,860,400
115000151,2757,575,2182
115000152,2063,1790,273
115000153,3421,775,2646
115000154,2135,266,1869
115000155,1580,2172,-592
115000156,1371,1605,-234
115000157,875,3336,-2461
115000158,982,984,-2
115000159,620,2291,-1671
115000160,1097,1369,-272
115000161,1659,647,1012
115000162,692,1709,-1017
115000163,825,921,-96
115000164,868,1467,-599
115000165,366,1132,-766
115000167,147,402,-255
115000168,835,1597,-762
115000169,380,2135,-1755
115000170,127,285,-158
115000171,408,986,-578
115000172,1445,1329,116
115000173,425,2605,-2180
115000174,131,1254,-1123
115000175,266,306,-40
115000176,94,311,-217
115000177,80,496,-416
115000178,6,247,-241
115000179,50,178,-128
115000180,346,430,-84
115000181,2124,314,1810
115000182,2939,551,2388
115000183,985,1024,-39
115000186,1400,259,1141
115000187,356,577,-221
115000188,892,885,7
115000189,539,563,-24
115000190,1455,1901,-446
115000191,626,1270,-644
115000194,143,212,-69
115000195,230,756,-526
115000196,641,185,456
115000197,518,143,375
115000198,1389,311,1078
115000199,1191,182,1009
115000200,1014,358,656
115000201,535,263,272
115000206,1000,44,956
115000207,901,650,251
115000208,860,2288,-1428
115000209,1655,1170,485
115000210,335,619,-284
115000211,870,443,427
115000212,2082,659,1423
115000218,17,239,-222
115000219,125,42,83
115000224,255,116,139
115000225,161,65,96
115000229,364,78,286
115000230,226,702,-476
115000231,527,1238,-711
115000232,5263,614,4649
115000233,178,382,-204
115000234,83,469,-386
115000241,395,467,-72
115000242,436,102,334
115000243,404,174,230
115000244,4,472,-468
115000246,69,48,21
115000247,14,69,-55
115000248,91,26,65
115000249,50,20,30
115000250,425,35,390
115000251,953,203,750
115000252,263,531,-268
115000253,53,1163,-1110
115000258,1228,88,1140
115000259,807,218,589
115000261,55,37,18
115000262,69,60,9
115000263,63,69,-6
115000264,37,46,-9
115000267,117,68,49
115000268,62,161,-99
115000269,212,69,143
115000270,20,52,-32
115000272,214,106,108
115000273,1371,81,1290
115000274,1028,135,893
115000280,1833,567,1266
115000281,346,891,-545
115000282,1012,2593,-1581
115000284,197,435,-238
115000296,518,10,508
115000297,161,654,-493
115000298,116,1161,-1045
115000300,399,250,149
115000302,1216,293,923
115000303,2457,90,2367
115000304,2314,126,2188
115000305,168,451,-283
115000306,529,205,324
115000307,436,347,89
115000308,76,59,17
115000309,3,41,-38
115000310,4735,922,3813
115000311,2700,1719,981
115000313,522,306,216
115000314,1309,494,815
115000315,1476,1702,-226
115000316,210,401,-191
115000317,480,917,-437
115000318,2285,990,1295
115000319,292,221,71
115000320,132,745,-613
115000321,1319,29,1290
115000322,111,162,-51
115000449,399,258,141
115000557,47,4185,-4138
115000558,189,345,-156
115000587,1781,460,1321
115000588,3280,5008,-1728
115000589,8285,6646,1639
115000590,1287,2764,-1477
115000591,2453,2113,340
115000592,619,3044,-2425
115000593,2638,2051,587
115000594,325,4193,-3868
115000609,609,187,422
115000617,638,4084,-3446
115000624,789,51,738
115000633,681,2096,-1415
115000634,6290,1175,5115
115000635,1428,267,1161
115000638,508,402,106
115000641,107,561,-454
115000642,561,411,150
115000643,176,391,-215
115000644,228,345,-117
115000646,1003,2008,-1005
115000647,329,1019,-690
115000648,6902,1375,5527
115000893,3393,1943,1450
115000894,298,1317,-1019
115000895,387,1272,-885
115000896,2523,884,1639
115000897,697,189,508
115000898,1015,874,141
115000899,352,2350,-1998
115000900,105,923,-818
115000901,92,304,-212
115000912,814,215,599
115000913,4,9,-5
115000915,10,0,10
115000916,4,1,3
115000917,0,23,-23
115000918,130,2980,-2850
115000919,4,130,-126
115000920,1,192,-191
115000921,651,248,403
115000922,489,1606,-1117
115000923,97,2990,-2893
115000925,126,282,-156
115000927,59,118,-59
115000933,20,638,-618
115000934,18,52,-34
115000935,37,7,30
115900001,503,38,465
115900002,159,143,16
115900003,535,167,368
115900004,0,54,-54
115900005,561,15,546
115900006,165,270,-105
115900008,323,2,321
115900009,58,578,-520
115900010,1147,193,954
115900011,998,492,506
115900012,472,5,467
115900013,599,249,350
115900014,263,186,77
115900015,474,124,350
115900016,196,61,135
115900017,71,14,57
115900018,315,29,286
115900019,575,41,534
115900020,163,2,161
115900021,1161,2272,-1111
115900022,996,29,967
115900023,2,41,-39
115900025,46,386,-340
115900026,957,164,793
115900027,1,256,-255
115900028,334,72,262
115900029,66,282,-216
115900030,50,32,18
115900031,59,447,-388
115900032,549,1203,-654
115900033,0,79,-79
115900034,33,171,-138
115900035,118,47,71
115900036,106,6711,-6605
115900037,75,107,-32
115900038,77,17,60
115900039,358,136,222
115900041,170,2036,-1866
115900042,70,5,65
115900043,190,71,119
115900044,257,1232,-975
115900046,1647,275,1372
115900047,117,339,-222
115900049,695,230,465
115900051,1,19,-18
115900052,77,50,27
115900053,1144,107,1037
115900054,767,38,729
115900055,46,95,-49
115900056,473,179,294
115900057,21,28,-7
115900058,14,46,-32
115900060,171,376,-205
115900061,777,13,764
115900062,145,101,44
115900063,53,3,50
115900064,530,372,158
115900065,411,214,197
115900066,64,180,-116
115900067,72,64,8
115900068,1133,2906,-1773
115900069,86,336,-250
115900070,453,49,404
115900071,11,144,-133
115900072,66,169,-103
115900073,429,245,184
115900074,0,79,-79
115900075,96,151,-55
115900076,2,7,-5
115900077,4,38,-34
115900078,36,460,-424
115900079,977,17,960
115900080,226,100,126
115900081,158,8,150
115900082,220,1559,-1339
115900084,1245,23,1222
115900085,46,169,-123
115900086,1530,720,810
115900088,3,135,-132
115900089,911,324,587
115900090,1492,19,1473
115900091,12,126,-114
115900092,103,76,27
115900093,19,41,-22
115900094,2,54,-52
115900096,3,1,2
115900097,54,68,-14
115900098,598,296,302
115900099,155,529,-374
115900100,52,239,-187
115900101,730,156,574
115900102,209,234,-25
115900103,619,125,494
115900104,232,254,-22
115900105,492,285,207
115900106,268,1,267
115900107,106,98,8
115900108,428,26,402
115900109,9,458,-449
115900110,62,2,60
115900111,5,63,-58
115900112,111,479,-368
115900113,127,113,14
115900114,81,66,15
115900115,201,123,78
115900116,325,568,-243
115900117,231,70,161
115900118,5,102,-97
115900119,303,98,205
115900120,97,231,-134
115900121,624,224,400
115900124,400,1647,-1247
115900125,1135,295,840
115900126,2217,88,2129
115900127,2249,142,2107
115900128,3,314,-311
115900129,1175,45,1130
115900130,7,1657,-1650
115900131,843,52,791
115900132,1546,10,1536
115900134,772,8,764
115900135,1763,1214,549
115900137,21,4,17
115900139,56,296,-240
115900140,952,129,823
115900141,3,149,-146
115900142,31,128,-97
115900143,519,535,-16
115900144,503,326,177
115900146,13,50,-37
115900147,365,732,-367
115900148,31,40,-9
115900149,478,22,456
115900150,253,51,202
115900151,177,110,67
115900152,553,177,376
115900153,293,134,159
115900154,674,583,91
115900155,0,24,-24
115900156,1354,1549,-195
115900157,595,1018,-423
115900158,54,6,48
115900159,589,384,205
115900160,14,14,0
115900161,29,388,-359
115900163,743,276,467
115900164,2149,76,2073
115900165,2,519,-517
115900166,96,128,-32
115900168,534,156,378
115900171,239,423,-184
115900172,115,178,-63
115900173,455,172,283
115900174,250,496,-246
115900175,429,310,119
115900178,17,191,-174
115900179,994,29,965
115900180,285,45,240
115900181,757,78,679
115900182,1698,86,1612
115900183,79,525,-446
115900184,735,29,706
115900187,25,497,-472
115900189,0,334,-334
115900190,615,2030,-1415
115900191,32,387,-355
115900192,69,255,-186
115900193,318,343,-25
115900194,2875,114,2761
115900195,963,7164,-6201
115900198,858,384,474
115900199,757,98,659
115900200,531,111,420
115900201,259,549,-290
115900202,5,301,-296
115900203,14,6,8
115900204,1,24,-23
115900205,9,5,4
115900206,806,214,592
115900207,192,10,182
115900208,241,92,149
115900209,6,116,-110
115900210,0,476,-476
115900211,1,278,-277
115900212,438,201,237
115900213,125,312,-187
115900214,1248,171,1077
115900215,24,320,-296
115900216,2,62,-60
115900217,1,15,-14
115900218,2,24,-22
115900219,365,4,361
115900220,517,15,502
115900221,230,18,212
115900222,156,66,90
115900223,7,841,-834
115900224,944,3742,-2798
115900225,194,85,109
115900226,43,171,-128
115900227,10,61,-51
115900228,10,87,-77
115900229,53,82,-29
115900230,131,56,75
115900231,300,2,298
115900232,265,2,263
115900233,308,10,298
115900234,168,120,48
115900235,85,120,-35
115900236,47,805,-758
115900237,104,94,10
115900238,27,22,5
115900239,29,89,-60
115900240,28,53,-25
115900241,492,49,443
115900242,971,1125,-154
115900243,41,10,31
115900244,19,57,-38
115900245,32,53,-21
115900246,10,18,-8
115900247,2,19,-17
115900248,8,4,4
115900249,18,4,14
115900250,106,5,101
115900251,28,9,19
115900252,19,1,18
115900253,60,9,51
115900254,40,98,-58
115900255,0,61,-61
115900256,80,147,-67
115900257,4,74,-70
115900258,1,3,-2
115900259,2,5,-3
115900260,20,9,11
115900261,5,1,4
115900262,12,1,11
115900263,51,0,51
115900264,48,1,47
115900265,6,6,0
115900266,4,4,0
115900267,0,14,-14
115900268,4,43,-39
115900269,1816,292,1524
115900270,732,158,574
115900271,45,0,45
115900272,9,2,7
115900273,8,10,-2
115900274,0,6,-6
115900275,0,2,-2
115900276,0,1,-1
115900277,0,15,-15
115900278,39,27,12
115900279,35,115,-80
115900280,13,561,-548
115900281,7,76,-69
116000001,12773,3379,9394
116000002,9543,26840,-17297
116000003,2098,2561,-463
116000004,6508,10265,-3757
116000005,1521,8422,-6901
116000006,5180,11059,-5879
116000007,2647,6696,-4049
116000008,10268,6722,3546
116000009,1160,1262,-102
116000010,5911,2898,3013
116000011,945,1463,-518
116000012,4178,2281,1897
116000013,7348,9909,-2561
116000014,19233,42974,-23741
116000015,421,3671,-3250
116000016,9086,12959,-3873
116000017,108,1138,-1030
116000018,948,787,161
116000019,3388,486,2902
116000020,1019,2345,-1326
116000021,2309,464,1845
116000022,1158,783,375
116000023,3854,2519,1335
116000024,1343,1768,-425
116000025,2023,1848,175
116000026,1953,7469,-5516
116000027,729,1627,-898
116000028,858,1773,-915
116000029,726,582,144
116000030,1036,871,165
116000031,72,274,-202
116000032,435,146,289
116000033,1214,624,590
116000034,1123,1017,106
116000035,872,432,440
116000036,737,6183,-5446
116000037,239,901,-662
116000038,116,1986,-1870
116000039,595,2524,-1929
116000040,703,2731,-2028
116000041,173,2023,-1850
116000042,1565,1869,-304
116000043,434,814,-380
116000044,1,17,-16
116000045,2164,2598,-434
116000046,1378,3284,-1906
116000047,3900,5730,-1830
116000048,5934,1731,4203
116000049,3427,3457,-30
116000050,2519,2189,330
116000051,4806,3846,960
116000052,5085,4812,273
116000053,4621,1450,3171
116000054,2116,3962,-1846
116000055,1988,1595,393
116000056,3188,1543,1645
116000057,4874,1807,3067
116000058,9657,5627,4030
116000059,4455,8262,-3807
116000060,5865,2631,3234
116000061,287,2223,-1936
116000062,1108,731,377
116000063,1144,3987,-2843
116000066,778,1195,-417
116000067,580,715,-135
116000068,272,637,-365
116000069,692,453,239
116000078,1144,1181,-37
116000080,3048,666,2382
116000082,23,11,12
116000083,3620,513,3107
116000084,1753,2213,-460
116000085,2675,3365,-690
116000086,1224,750,474
116000087,4824,2536,2288
116000088,2956,1639,1317
116000089,296,153,143
116000090,373,249,124
116000091,319,1093,-774
116000093,1595,404,1191
116000094,3220,809,2411
116000095,1444,823,621
116000096,4464,6498,-2034
116000097,1862,936,926
116000098,56,25182,-25126
116000099,12012,475,11537
116000100,577,90,487
116000101,2911,1066,1845
116000102,466,880,-414
116000103,1454,726,728
116000104,421,1666,-1245
116000105,3694,295,3399
116000106,720,5417,-4697
116000107,6062,1325,4737
116000108,125,1071,-946
116000111,258,40,218
116000113,176,83,93
116000114,23,155,-132
116000115,463,152,311
116000116,485,200,285
116000117,2566,2093,473
116000118,3275,1338,1937
116000119,6614,2349,4265
116000120,4385,3024,1361
116000121,1934,576,1358
116000122,1204,1006,198
116000123,2336,983,1353
116000124,994,483,511
116000125,6467,1227,5240
116000126,641,563,78
116000127,1437,653,784
116000128,4032,1195,2837
116000129,2935,189,2746
116000130,1752,1145,607
116000133,3804,1268,2536
116000134,2188,1405,783
116000135,5652,1956,3696
116000136,1383,2083,-700
116000137,1976,1794,182
116000138,2913,1196,1717
116000139,4144,9787,-5643
116000140,327,689,-362
116000141,1125,610,515
116000142,5242,2674,2568
116000143,3698,2475,1223
116000144,3832,2637,1195
116000145,4768,1407,3361
116000146,1997,233,1764
116000147,683,822,-139
116000148,2297,3021,-724
116000149,1434,1742,-308
116000151,1056,1673,-617
116000153,265,590,-325
116000155,394,996,-602
116000156,2106,769,1337
116000157,140,14,126
116000158,754,216,538
116000159,18,17,1
116000160,190,134,56
116000161,11,164,-153
116000162,236,538,-302
116000163,145,79,66
116000164,70,153,-83
116000177,273,1047,-774
116000194,138,586,-448
116000195,3046,1187,1859
116000196,278,21,257
116000197,152,102,50
116000198,3606,2227,1379
116000200,1872,1761,111
116000201,1021,1088,-67
116000202,21,410,-389
116000203,4,37,-33
116000204,20,33,-13
116000205,0,101,-101
116000206,0,318,-318
116000207,35,115,-80
116000233,366,968,-602
116000287,692,149,543
116000288,649,393,256
116000292,264,362,-98
116000296,8,182,-174
116000297,121,20,101
116000304,537,7,530
116000305,30,248,-218
116000346,507,356,151
116000352,484,318,166
116000354,156,176,-20
116000357,72,49,23
116000358,1181,264,917
116000361,86,2,84
116000372,5250,15739,-10489
116000381,284,4,280
116000388,4,95,-91
116000389,1684,536,1148
116000445,2137,441,1696
116000446,1177,399,778
116000447,51,1078,-1027
116000448,996,122,874
116000563,1290,1455,-165
116000565,39,260,-221
116000568,99,1189,-1090
116000579,22,132,-110
116000584,175,5,170
116000585,123,63,60
116000586,113,233,-120
116000587,401,445,-44
116000589,162,114,48
116000590,340,272,68
116000591,403,317,86
116000592,9,55,-46
116000593,1,44,-43
116000594,3516,203,3313
116000595,1724,79,1645
116000596,552,10,542
116000597,1578,577,1001
116000598,74,82,-8
116000602,57,1742,-1685
116000605,230,214,16
116000606,118,1583,-1465
116000607,3,204,-201
116000609,158,3049,-2891
116000611,554,255,299
116000612,2925,2706,219
116000613,1240,418,822
116000614,1111,310,801
116000615,47,1053,-1006
116000616,159,155,4
116000617,404,19,385
116000618,8,78,-70
116000619,44,230,-186
116000620,570,239,331
116000621,217,194,23
116000622,181,116,65
116000624,233,297,-64
116000627,8,15,-7
116000628,17,83,-66
116000629,7,222,-215
116000630,1584,26,1558
116000631,678,7,671
116000632,1932,31,1901
116000633,41,374,-333
116000634,1064,6,1058
116000635,1069,2089,-1020
116900001,639,181,458
116900002,421,4,417
116900003,119,13,106
116900004,102,178,-76
116900005,473,73,400
116900006,225,1264,-1039
116900007,257,831,-574
116900008,2048,170,1878
116900009,26,30,-4
116900010,1,756,-755
116900011,47,280,-233
116900012,492,776,-284
116900013,9,142,-133
116900014,397,129,268
116900015,1432,97,1335
116900016,287,4,283
116900017,9,462,-453
116900018,194,168,26
116900019,5,161,-156
116900020,846,4063,-3217
116900023,165,18,147
116900024,2051,54,1997
116900025,3129,1095,2034
116900026,230,729,-499
116900027,105,54,51
116900028,6,37,-31
116900029,2,282,-280
116900031,9,7,2
116900032,59,137,-78
116900033,86,22,64
116900034,92,37,55
116900035,302,374,-72
116900036,15,196,-181
116900038,32,7,25
116900041,605,52,553
116900042,318,207,111
116900043,27,111,-84
116900045,538,120,418
116900047,55,416,-361
116900049,55,496,-441
116900050,72,328,-256
116900051,939,14,925
116900052,501,93,408
116900055,0,181,-181
116900057,28,169,-141
116900058,14,430,-416
116900059,0,52,-52
116900060,994,701,293
116900062,4,42,-38
116900064,122,234,-112
116900065,10,237,-227
116900067,290,63,227
116900068,264,131,133
116900070,3,13,-10
116900072,35,170,-135
116900073,15,138,-123
116900074,11,73,-62
116900076,72,145,-73
116900077,2,32,-30
116900078,167,54,113
116900079,109,144,-35
116900080,7,73,-66
116900081,432,922,-490
116900082,194,1489,-1295
116900083,46,16,30
116900084,68,74,-6
116900085,27,112,-85
116900086,93,427,-334
116900088,632,35,597
116900090,20,15,5
116900091,1306,56,1250
116900092,172,446,-274
116900093,5393,1753,3640
116900094,6408,12153,-5745
116900095,586,749,-163
116900096,252,777,-525
116900097,1705,8306,-6601
116900098,1597,519,1078
116900099,336,1593,-1257
116900100,2354,219,2135
116900101,294,1205,-911
116900103,62,0,62
116900104,18,630,-612
116900105,950,406,544
116900106,6715,258,6457
116900107,2002,6101,-4099
116900110,50,0,50
116900111,1590,437,1153
116900112,434,480,-46
116900113,2399,5093,-2694
116900116,47,1619,-1572
116900117,546,1041,-495
116900118,2176,1289,887
116900120,945,101,844
116900121,480,124,356
116900122,2436,557,1879
116900123,1586,364,1222
116900124,232,398,-166
116900125,1460,181,1279
116900126,201,1325,-1124
116900128,4,77,-73
116900129,0,394,-394
116900130,2493,10824,-8331
116900131,171,501,-330
116900132,217,196,21
116900133,480,237,243
116900134,526,470,56
116900136,594,473,121
116900137,415,246,169
116900138,251,125,126
116900139,85,321,-236
116900140,290,91,199
116900141,681,128,553
116900142,7,61,-54
116900143,868,358,510
116900144,115,56,59
116900145,152,689,-537
116900147,245,3508,-3263
116900148,4,37,-33
116900149,64,449,-385
116900150,23,16,7
116900151,222,49,173
116900153,345,226,119
116900154,330,1273,-943
116900155,166,319,-153
116900157,2254,97,2157
116900158,145,572,-427
116900159,165,921,-756
116900160,1535,1204,331
116900161,7754,21059,-13305
116900162,42,119,-77
116900163,719,117,602
116900164,289,104,185
116900165,1573,704,869
116900166,208,87,121
116900167,1212,36,1176
116900168,1262,64,1198
116900169,339,4021,-3682
116900170,1340,555,785
116900171,127,178,-51
116900172,214,1065,-851
116900173,720,21,699
116900174,99,230,-131
116900175,587,1050,-463
116900178,136,148,-12
116900179,70,766,-696
116900180,152,15,137
116900182,2251,562,1689
116900183,369,219,150
116900185,92,54,38
116900186,286,113,173
116900187,129,260,-131
116900188,332,47,285
116900189,36,3,33
116900191,235,436,-201
116900192,858,210,648
116900194,336,3262,-2926
116900195,63,7,56
116900196,68,43,25
116900197,266,67,199
116900198,56,646,-590
116900200,170,10,160
116900201,545,21,524
116900202,152,46,106
116900203,313,20,293
116900204,75,671,-596
116900206,35,7,28
116900207,25,164,-139
116900208,9,82,-73
116900209,55,32,23
116900210,1463,680,783
116900211,419,35,384
116900212,154,11,143
116900213,560,268,292
116900214,768,456,312
116900215,118,64,54
116900216,762,389,373
116900218,5,391,-386
116900219,464,207,257
116900220,220,463,-243
116900221,449,504,-55
116900222,631,399,232
116900223,108,266,-158
116900226,376,49,327
116900227,480,53,427
116900228,767,373,394
116900230,124,95,29
116900231,110,263,-153
116900232,67,441,-374
116900233,764,139,625
116900234,63,20,43
116900235,377,290,87
116900238,892,273,619
116900239,16,1109,-1093
116900240,6425,8624,-2199
116900241,449,44,405
116900242,621,2432,-1811
116900243,17,174,-157
116900245,103,93,10
116900246,230,52,178
116900247,1960,72,1888
116900248,112,54,58
116900249,1432,82,1350
116900250,1030,152,878
116900251,473,3076,-2603
116900252,596,2734,-2138
116900253,244,98,146
116900254,216,269,-53
116900255,225,308,-83
116900256,1829,248,1581
116900257,306,1169,-863
116900258,26,34,-8
116900259,722,56,666
116900260,3,20,-17
116900261,153,5,148
116900262,422,562,-140
116900263,0,16,-16
116900264,1,7,-6
116900265,402,0,402
116900266,56,24,32
116900267,30,2,28
116900268,71,354,-283
116900269,753,2829,-2076
116900271,1115,1185,-70
116900272,1215,762,453
116900273,49,1225,-1176
116900274,417,55,362
116900275,929,89,840
116900276,495,1076,-581
116900277,238,101,137
116900278,0,1,-1
116900279,23,38,-15
116900280,190,28,162
116900281,4937,13940,-9003
116900282,0,39,-39
116900283,2,25,-23
116900284,26,130,-104
116900285,177,1017,-840
116900286,194,13,181
116900287,3,37,-34
116900288,253,33,220
116900289,50,2,48
116900290,32,3,29
116900291,72,38,34
116900292,0,33,-33
116900293,194,8,186
116900294,36,189,-153
116900295,258,1020,-762
116900296,28,488,-460
116900297,2,86,-84
116900298,104,245,-141
116900299,25,446,-421
116900300,1,159,-158
116900301,60,966,-906
116900302,106,635,-529
116900303,310,297,13
116900304,1,284,-283
116900305,76,76,0
116900306,589,80,509
117000001,5746,7557,-1811
117000002,3014,8030,-5016
117000003,10867,8091,2776
117000004,3307,11965,-8658
117000005,6476,5593,883
117000006,1507,3688,-2181
117000007,13330,2533,10797
117000008,1779,4358,-2579
117000009,7867,2671,5196
117000010,1668,3099,-1431
117000011,6005,3063,2942
117000012,3493,1982,1511
117000013,4914,2728,2186
117000014,2751,3744,-993
117000015,8307,3751,4556
117000016,479,1132,-653
117000017,110,4144,-4034
117000018,202,2272,-2070
117000019,161,4,157
117000020,1795,4655,-2860
117000021,5500,750,4750
117000022,348,1310,-962
117000023,168,984,-816
117000024,251,2587,-2336
117000025,201,9904,-9703
117000026,2550,7337,-4787
117000027,1981,5559,-3578
117000028,1682,5195,-3513
117000030,257,742,-485
117000031,277,375,-98
117000032,2212,3123,-911
117000033,4317,5342,-1025
117000034,385,300,85
117000035,300,442,-142
117000036,783,478,305
117000037,281,215,66
117000038,529,875,-346
117000039,189,494,-305
117000040,174,837,-663
117000041,2419,143,2276
117000044,18,1000,-982
117000045,2849,863,1986
117000046,696,2234,-1538
117000047,1372,1946,-574
117000048,2540,2241,299
117000049,115,1888,-1773
117000050,1038,2410,-1372
117000051,5952,131,5821
117000052,165,223,-58
117000053,1939,89,1850
117000054,3801,22,3779
117000055,6,1789,-1783
117000056,1327,59,1268
117000057,1225,2362,-1137
117000060,956,2185,-1229
117000061,4904,3475,1429
117000062,346,2094,-1748
117000063,3279,1719,1560
117000064,1003,1214,-211
117000066,1070,1642,-572
117000067,126,1153,-1027
117000074,49,445,-396
117000076,70,130,-60
117000077,572,253,319
117000078,471,1472,-1001
117000079,895,585,310
117000080,3,1094,-1091
117000081,1978,312,1666
117000082,58,174,-116
117000083,271,21,250
117000084,493,1,492
117000085,883,1804,-921
117000086,1834,649,1185
117000087,243,878,-635
117000088,752,336,416
117000089,5760,438,5322
117000090,825,1026,-201
117000091,3232,501,2731
117000092,831,1169,-338
117000093,4691,798,3893
117000094,1602,1768,-166
117000095,6516,1098,5418
117000096,1564,1793,-229
117000097,5061,2147,2914
117000098,2655,3055,-400
117000099,9861,1950,7911
117000100,376,584,-208
117000101,244,942,-698
117000102,4973,1193,3780
117000103,889,1517,-628
117000104,3475,1208,2267
117000105,628,1621,-993
117000106,5061,1203,3858
117000107,1187,1927,-740
117000108,4737,2189,2548
117000109,1830,3088,-1258
117000110,3191,3820,-629
117000111,7897,8935,-1038
117000112,8096,2376,5720
117000113,228,168,60
117000114,568,1163,-595
117000115,124,91,33
117000116,403,1351,-948
117000117,3882,2228,1654
117000118,905,1007,-102
117000119,298,1672,-1374
117000120,121,3687,-3566
117000121,54,2339,-2285
117000122,2774,3256,-482
117000123,7565,100,7465
117000124,320,843,-523
117000125,96,3184,-3088
117000126,43,275,-232
117000127,198,2089,-1891
117000128,210,4283,-4073
117000129,253,892,-639
117000130,47,0,47
117000131,0,178,-178
117000132,11566,211,11355
117000133,6830,40,6790
117000134,2,413,-411
117000135,1,627,-626
117000136,1,243,-242
117000137,415,181,234
117000138,6,1974,-1968
117000140,757,1307,-550
117000141,3953,1054,2899
117000181,1459,204,1255
117000182,5372,2791,2581
117000195,389,835,-446
117000196,555,308,247
117000225,30,556,-526
117000226,5,540,-535
117000276,760,43,717
117000277,0,130,-130
117000310,2258,5247,-2989
117000315,621,1510,-889
117000320,127,0,127
117000906,1360,34,1326
117000907,8,269,-261
117000908,1,439,-438
117000909,161,255,-94
117000910,437,144,293
117000911,35,149,-114
117000915,9,235,-226
117000916,271,40,231
117000917,3365,168,3197
117000918,433,145,288
117000919,5,88,-83
117000920,0,2412,-2412
117000921,2,372,-370
117000922,95,112,-17
117000924,2748,884,1864
117000926,2079,1284,795
117000927,403,999,-596
117000928,0,233,-233
117000929,1284,266,1018
117000930,1642,35,1607
117000931,194,270,-76
117900002,92,1971,-1879
117900003,167,291,-124
117900005,6,411,-405
117900006,0,84,-84
117900007,439,136,303
117900008,0,4,-4
117900010,883,142,741
117900011,27,2797,-2770
117900012,130,115,15
117900013,0,327,-327
117900014,1232,243,989
117900015,32,237,-205
117900016,1938,2404,-466
117900017,2051,678,1373
117900018,927,1643,-716
117900019,2357,392,1965
117900020,91,581,-490
117900021,88,433,-345
117900022,53,8,45
117900023,6396,196,6200
117900024,249,213,36
117900025,29,2,27
117900026,1567,376,1191
117900028,202,32,170
117900029,997,1339,-342
117900030,815,1022,-207
117900031,714,1863,-1149
117900032,1825,943,882
117900033,1492,879,613
117900034,97,53,44
117900035,653,1894,-1241
117900036,1185,594,591
117900037,442,136,306
117900038,401,180,221
117900039,0,116,-116
117900040,519,148,371
117900041,1,36,-35
117900042,4746,1518,3228
117900043,5,31,-26
117900044,357,10972,-10615
117900045,736,205,531
117900048,656,282,374
117900049,1107,1003,104
117900050,20,1600,-1580
117900051,87,81,6
117900052,164,1335,-1171
117900053,3422,276,3146
117900054,2,18,-16
117900055,4832,779,4053
117900056,199,200,-1
117900057,2298,1358,940
117900058,90,950,-860
117900059,207,464,-257
117900060,5636,3175,2461
117900061,24,751,-727
117900063,1530,428,1102
117900065,459,1858,-1399
117900066,3,321,-318
117900067,2310,357,1953
117900069,2829,206,2623
117900070,59,873,-814
117900071,431,216,215
117900073,2144,709,1435
117900074,45,1564,-1519
117900075,398,204,194
117900076,62,382,-320
117900077,1808,158,1650
117900078,778,966,-188
117900080,379,128,251
117900081,448,578,-130
117900082,1668,448,1220
117900083,1629,1129,500
117900086,589,330,259
117900087,381,98,283
117900088,934,1523,-589
117900089,4905,809,4096
117900090,1631,1343,288
117900091,333,98,235
117900092,314,147,167
117900093,206,86,120
117900094,122,101,21
117900095,1323,1338,-15
117900096,548,1618,-1070
117900097,339,116,223
117900098,172,37,135
117900099,589,1831,-1242
117900100,1606,11,1595
117900101,2130,5086,-2956
117900102,262,60,202
117900103,272,24,248
117900104,19,779,-760
117900105,183,313,-130
117900106,344,72,272
117900107,171,1,170
117900109,2406,827,1579
117900110,465,2,463
117900111,2327,225,2102
117900112,143,36,107
117900113,1774,5867,-4093
117900114,81,1,80
117900115,67,804,-737
117900116,1322,910,412
117900117,1819,313,1506
117900118,546,1,545
117900119,476,36,440
117900120,2042,59,1983
117900121,252,101,151
117900122,1444,12579,-11135
117900123,2606,783,1823
117900124,378,2202,-1824
117900125,2709,1776,933
117900126,289,427,-138
117900127,1586,695,891
117900128,891,288,603
117900129,288,2,286
117900130,1838,1899,-61
117900131,10,354,-344
117900132,58,156,-98
117900133,68,73,-5
117900134,241,478,-237
117900135,145,123,22
117900136,0,25,-25
117900137,544,441,103
117900138,0,11,-11
117900139,122,115,7
117900140,12730,1966,10764
117900141,125,877,-752
117900142,40,1166,-1126
117900144,84,2715,-2631
117900145,22,683,-661
117900146,68,772,-704
117900147,213,334,-121
117900148,7331,8095,-764
117900149,149,905,-756
117900150,247,248,-1
117900151,89,715,-626
117900152,151,293,-142
117900153,36,399,-363
117900154,1363,1704,-341
117900156,546,682,-136
117900157,112,768,-656
117900158,679,171,508
117900160,1738,1229,509
117900161,1370,1060,310
117900162,1754,883,871
117900163,30,1778,-1748
117900165,0,7,-7
117900166,23,666,-643
117900168,143,337,-194
117900169,3,87,-84
117900170,2,117,-115
117900171,25,30,-5
117900172,97,33,64
117900173,152,91,61
117900174,74,80,-6
117900175,17,30,-13
117900176,41,13,28
117900177,92,80,12
117900178,196,180,16
117900180,416,91,325
117900181,99,1173,-1074
117900182,1,133,-132
117900183,253,396,-143
117900184,104,166,-62
117900185,103,60,43
117900186,121,19,102
117900187,56,18,38
117900188,706,109,597
117900189,320,70,250
117900190,39,0,39
117900191,317,0,317
117900192,451,3,448
117900193,21,95,-74
117900194,55,15,40
117900195,55,591,-536
117900196,87,94,-7
117900207,225,254,-29
117900208,129,101,28
117900209,377,101,276
117900210,234,116,118
117900211,3,55,-52
117900212,264,284,-20
117900213,52,46,6
117900214,30,5,25
117900215,24,8,16
117900216,9,114,-105
117900217,106,493,-387
117900218,421,195,226
117900219,15,492,-477
117900220,11,1028,-1017
117900221,1,24,-23
118000001,1511,5467,-3956
118000002,1088,2403,-1315
118000003,3430,9889,-6459
118000004,1754,13332,-11578
118000005,8252,4901,3351
118000006,9896,7431,2465
118000007,9216,23786,-14570
118000008,1605,14758,-13153
118000009,2630,7052,-4422
118000010,6171,7117,-946
118000011,5313,2269,3044
118000012,2181,4070,-1889
118000013,5824,6335,-511
118000014,3200,3596,-396
118000016,631,354,277
118000017,1859,728,1131
118000018,906,275,631
118000019,1715,3503,-1788
118000020,698,3735,-3037
118000021,1177,5301,-4124
118000022,1772,1091,681
118000023,859,633,226
118000024,822,1348,-526
118000025,332,1192,-860
118000027,21431,10317,11114
118000029,1013,993,20
118000032,300,3579,-3279
118000033,2785,8298,-5513
118000034,4995,6967,-1972
118000035,3599,3963,-364
118000036,1525,2209,-684
118000037,1668,5518,-3850
118000038,1387,238,1149
118000039,252,172,80
118000040,3735,3978,-243
118000041,8403,3056,5347
118000045,268,542,-274
118000046,1984,3133,-1149
118000047,1153,8698,-7545
118000048,2275,11603,-9328
118000051,2115,10995,-8880
118000052,1045,3625,-2580
118000053,791,4038,-3247
118000054,7777,2278,5499
118000055,7220,3448,3772
118000056,211,2043,-1832
118000057,305,1281,-976
118000058,2928,11116,-8188
118000059,2400,6030,-3630
118000060,3002,1397,1605
118000061,2537,3038,-501
118000062,701,355,346
118000063,858,1487,-629
118000064,1054,2619,-1565
118000065,3007,3528,-521
118000066,2876,7747,-4871
118000067,680,1326,-646
118000068,2001,21229,-19228
118000069,2041,2896,-855
118000070,15484,4533,10951
118000071,11061,21033,-9972
118000072,1095,7287,-6192
118000073,694,3605,-2911
118000074,976,908,68
118000075,982,577,405
118000076,3924,17346,-13422
118000077,1688,3959,-2271
118000078,3484,5928,-2444
118000079,308,1079,-771
118000080,572,2855,-2283
118000081,2535,3593,-1058
118000082,796,2314,-1518
118000083,2443,3816,-1373
118000084,2904,5571,-2667
118000086,230,1527,-1297
118000087,10926,5497,5429
118000088,1888,3837,-1949
118000089,7863,7488,375
118000090,1777,7926,-6149
118000091,3094,9796,-6702
118000092,1707,1338,369
118000093,266,1253,-987
118000096,1429,1641,-212
118000097,1131,1615,-484
118000098,378,736,-358
118000099,1950,669,1281
118000101,3942,718,3224
118000102,899,999,-100
118000107,5792,1180,4612
118000108,2007,10261,-8254
118000110,4,50,-46
118000111,2,207,-205
118000112,2756,14,2742
118000113,15,702,-687
118000114,2393,40,2353
118000115,37,21,16
118000116,89,0,89
118000117,1135,2908,-1773
118000118,2381,4117,-1736
118000119,2271,4219,-1948
118000120,2075,2023,52
118000121,16,960,-944
118000122,1101,459,642
118000123,84,512,-428
118000125,1620,5203,-3583
118000126,1453,5721,-4268
118000127,2105,3034,-929
118000128,548,6598,-6050
118000129,3341,2289,1052
118000130,4704,6862,-2158
118000131,987,2360,-1373
118000132,5557,4975,582
118000133,2875,1988,887
118000135,1432,3146,-1714
118000136,194,3293,-3099
118000137,801,519,282
118000138,922,721,201
118000139,1250,380,870
118000140,9624,19936,-10312
118000141,6123,2966,3157
118000142,6597,3382,3215
118000143,6459,2715,3744
118000144,1374,843,531
118000145,2406,2106,300
118000146,2823,872,1951
118000147,2598,1489,1109
118000148,1867,2596,-729
118000149,1605,686,919
118000150,1463,375,1088
118000151,1669,627,1042
118000153,4039,1618,2421
118000154,2787,2157,630
118000155,5405,1932,3473
118000156,4655,7987,-3332
118000157,1336,619,717
118000158,592,999,-407
118000159,111,191,-80
118000160,2007,578,1429
118000161,1603,472,1131
118000162,2331,1621,710
118000163,2224,2006,218
118000164,4126,3042,1084
118000168,948,3549,-2601
118000169,1896,1317,579
118000170,6116,4320,1796
118000171,689,1094,-405
118000172,106,380,-274
118000173,1616,2576,-960
118000175,356,377,-21
118000176,854,584,270
118000177,785,1080,-295
118000178,105,66,39
118000179,1289,1225,64
118000180,1191,862,329
118000181,912,310,602
118000182,510,307,203
118000183,381,503,-122
118000184,2689,735,1954
118000185,837,3883,-3046
118000186,595,2746,-2151
118000187,5611,724,4887
118000188,2276,136,2140
118000189,2895,750,2145
118000190,11,29,-18
118000191,15,89,-74
118000192,26,455,-429
118000193,24,223,-199
118000194,5487,1622,3865
118000195,473,13544,-13071
118000196,128,2897,-2769
118000197,92,434,-342
118000198,652,3514,-2862
118000199,593,3839,-3246
118000200,251,1915,-1664
118000201,168,2161,-1993
118000202,77,1373,-1296
118000203,479,2503,-2024
118000204,111,1322,-1211
118000205,127,714,-587
118000206,489,773,-284
118000207,0,133,-133
118000208,2909,3163,-254
118000209,5307,1192,4115
118000210,454,80,374
118000211,249,113,136
118000213,1226,12981,-11755
118000214,713,1752,-1039
118000215,1068,205,863
118000216,18682,3765,14917
118000217,13,173,-160
118000218,391,75,316
118000219,525,571,-46
118000220,109,161,-52
118000221,1802,1815,-13
118000222,126,20,106
118000223,217,88,129
118000224,250,188,62
118000225,439,3022,-2583
118000226,3013,411,2602
118000227,1948,969,979
118000228,138,909,-771
118000229,117,2432,-2315
118000230,228,717,-489
118000231,131,1107,-976
118000232,2200,317,1883
118000233,2595,966,1629
118000234,1205,191,1014
118000236,579,1229,-650
118000237,495,647,-152
118000238,528,511,17
118000239,569,989,-420
118000240,234,147,87
118000241,887,403,484
118000242,1346,363,983
118000243,527,217,310
118000244,175,94,81
118000246,1,76,-75
118000255,50,761,-711
118000256,263,387,-124
118000259,78,237,-159
118000260,514,154,360
118000261,224,52,172
118000263,252,419,-167
118000266,568,370,198
118000267,1,817,-816
118000268,504,44,460
118000270,636,7,629
118000271,427,272,155
118000272,184,38,146
118000273,570,41,529
118000274,160,593,-433
118000276,1001,445,556
118000295,76,224,-148
118000298,333,132,201
118000299,151,91,60
118000301,0,218,-218
118000302,336,45,291
118000311,2719,115,2604
118000312,992,132,860
118000313,260,86,174
118000314,322,20,302
118000315,226,40,186
118000316,1903,636,1267
118000325,229,88,141
118000326,181,46,135
118000331,101,17,84
118000332,46,58,-12
118000333,57,67,-10
118000335,1506,6,1500
118000336,3,308,-305
118000407,755,69,686
118000457,25,145,-120
118000465,1149,5347,-4198
118000480,150,79,71
118000489,20,1374,-1354
118000490,9,632,-623
118000492,942,199,743
118000510,156,43,113
118000514,134,1219,-1085
118000515,899,2772,-1873
118000517,1172,292,880
118000524,256,1440,-1184
118000525,920,1032,-112
118000530,77,376,-299
118000531,1021,322,699
118000532,546,425,121
118000533,458,203,255
118000534,1670,685,985
118000535,678,120,558
118000536,98,946,-848
118000537,41,245,-204
118000538,24,261,-237
118000539,106,378,-272
118000540,338,617,-279
118000541,114,190,-76
118000542,203,979,-776
118000543,611,967,-356
118000546,91,87,4
118000560,2085,4993,-2908
118000562,204,186,18
118000563,2488,1438,1050
118000576,264,39,225
118000577,235,247,-12
118000578,95,57,38
118000579,688,5002,-4314
118000595,285,84,201
118000596,4,1102,-1098
118000597,319,64,255
118000598,45,3,42
118000599,530,84,446
118000600,0,24,-24
118000601,151,5,146
118000602,0,28,-28
118000603,0,4,-4
118900001,1332,2337,-1005
118900002,1881,1460,421
118900003,1505,14,1491
118900004,554,143,411
118900005,184,22,162
118900006,528,6,522
118900007,0,1,-1
118900008,2612,148,2464
118900009,231,258,-27
118900010,329,62,267
118900011,375,25,350
118900012,509,638,-129
118900013,3220,1145,2075
118900015,617,38,579
118900016,11,6,5
118900017,25,426,-401
118900018,2592,78,2514
118900019,19,14,5
118900020,67,374,-307
118900021,204,1937,-1733
118900022,169,16,153
118900023,125,392,-267
118900024,167,296,-129
118900025,37,278,-241
118900026,85,16,69
118900027,972,389,583
118900028,493,181,312
118900029,529,951,-422
118900030,1423,614,809
118900031,152,63,89
118900032,552,103,449
118900033,677,1692,-1015
118900034,500,80,420
118900035,221,102,119
118900036,2402,654,1748
118900037,510,1614,-1104
118900038,1148,91,1057
118900039,1614,415,1199
118900040,464,138,326
118900041,1737,526,1211
118900042,134,55,79
118900045,478,309,169
118900046,515,518,-3
118900047,573,594,-21
118900048,193,1359,-1166
118900049,228,46,182
118900050,192,11,181
118900051,78,333,-255
118900052,562,1295,-733
118900053,20,156,-136
118900054,411,33,378
118900055,426,12,414
118900056,55,922,-867
118900057,1597,967,630
118900058,1074,1032,42
118900059,72,209,-137
118900060,119,85,34
118900062,652,235,417
118900064,489,1312,-823
118900065,129,392,-263
118900066,285,181,104
118900067,6838,8488,-1650
118900068,8,940,-932
118900069,972,419,553
118900071,4,12,-8
118900072,1695,1458,237
118900073,371,167,204
118900074,628,124,504
118900075,452,17,435
118900076,418,341,77
118900077,1106,204,902
118900078,6,0,6
118900079,56,357,-301
118900080,212,61,151
118900081,95,54,41
118900082,4431,438,3993
118900083,56,36,20
118900084,23,29,-6
118900085,528,666,-138
118900086,28,155,-127
118900087,265,1865,-1600
118900088,0,1,-1
118900089,40,36,4
118900090,635,267,368
118900091,354,490,-136
118900092,1013,72,941
118900093,338,24,314
118900096,87,63,24
118900097,936,928,8
118900099,89,191,-102
118900100,152,486,-334
118900101,603,269,334
118900102,75,175,-100
118900103,59,260,-201
118900104,844,170,674
118900105,376,202,174
118900107,170,106,64
118900108,205,452,-247
118900109,248,487,-239
118900110,2217,2319,-102
118900111,1922,678,1244
118900112,535,824,-289
118900113,160,556,-396
118900114,11,356,-345
118900115,434,721,-287
118900116,139,255,-116
118900117,199,161,38
118900118,603,367,236
118900119,356,290,66
118900120,114,388,-274
118900121,57,288,-231
118900122,10,2023,-2013
118900123,266,462,-196
118900124,230,457,-227
118900126,96,577,-481
118900129,568,297,271
118900130,35,278,-243
118900131,789,541,248
118900132,670,299,371
118900133,30,418,-388
118900135,643,385,258
118900136,616,375,241
118900137,40,238,-198
118900139,775,401,374
118900140,1320,559,761
118900141,254,133,121
118900144,675,243,432
118900145,86,345,-259
118900146,837,528,309
118900147,235,1728,-1493
118900148,141,77,64
118900150,169,1199,-1030
118900152,1073,502,571
118900157,101,596,-495
118900158,461,61,400
118900159,1,341,-340
118900161,81,51,30
118900163,91,105,-14
118900164,5,83,-78
118900165,184,64,120
118900166,5,0,5
118900167,173,57,116
118900168,91,248,-157
118900169,423,187,236
118900170,816,86,730
118900171,206,87,119
118900174,175,81,94
118900175,1101,497,604
118900176,335,383,-48
118900177,219,8,211
118900178,190,90,100
118900179,2,22,-20
118900181,314,136,178
118900182,43,115,-72
118900183,64,459,-395
118900184,287,63,224
118900185,256,53,203
118900186,93,451,-358
118900187,136,1441,-1305
118900188,619,481,138
118900189,77,1122,-1045
118900190,285,391,-106
118900191,1183,136,1047
118900192,1224,65,1159
118900193,2109,25,2084
118900195,333,1010,-677
118900196,58,196,-138
118900197,717,161,556
118900198,76,4,72
118900199,198,26,172
118900200,49,35,14
118900201,83,104,-21
118900202,3,123,-120
118900203,132,6,126
118900204,104,20,84
118900205,22,1,21
118900206,19,4,15
119000001,2965,3831,-866
119000002,5900,7203,-1303
119000003,7341,1863,5478
119000004,5618,4581,1037
119000005,4369,6660,-2291
119000006,8422,3831,4591
119000007,8791,8757,34
119000008,4137,3434,703
119000009,4360,13830,-9470
119000010,6870,7881,-1011
119000011,3687,4333,-646
119000012,2169,7063,-4894
119000013,6071,3130,2941
119000014,3414,4327,-913
119000019,527,446,81
119000020,5510,2931,2579
119000021,10355,6238,4117
119000022,2735,10096,-7361
119000023,296,710,-414
119000024,4571,48532,-43961
119000025,7574,2510,5064
119000026,66,947,-881
119000027,214,840,-626
119000028,3652,981,2671
119000029,89,392,-303
119000030,965,1144,-179
119000031,2872,1201,1671
119000032,6793,3009,3784
119000033,4098,1506,2592
119000034,3321,1659,1662
119000035,88,342,-254
119000036,5874,531,5343
119000037,3868,1310,2558
119000038,687,470,217
119000039,1699,1033,666
119000040,1597,2212,-615
119000041,1984,3985,-2001
119000048,4056,2224,1832
119000049,6858,4168,2690
119000050,2156,5784,-3628
119000051,4757,3613,1144
119000052,8900,4392,4508
119000053,4067,2098,1969
119000054,6517,1891,4626
119000055,12778,2389,10389
119000056,8649,2221,6428
119000057,3554,1119,2435
119000058,3122,1588,1534
119000059,1806,1931,-125
119000060,4576,1177,3399
119000061,2271,797,1474
119000062,1589,1310,279
119000063,1729,1056,673
119000064,1707,1957,-250
119000065,1947,7331,-5384
119000066,3832,1942,1890
119000067,3717,2091,1626
119000068,4109,1361,2748
119000069,4489,2790,1699
119000070,6779,875,5904
119000071,2391,964,1427
119000072,8924,7402,1522
119000073,7427,25350,-17923
119000074,3346,2156,1190
119000075,8555,4520,4035
119000076,284,3496,-3212
119000077,1336,1708,-372
119000078,731,2154,-1423
119000079,261,1583,-1322
119000080,1912,464,1448
119000081,808,2018,-1210
119000082,1812,480,1332
119000083,1222,814,408
119000084,578,850,-272
119000085,1542,166,1376
119000086,435,1416,-981
119000087,1337,297,1040
119000088,555,121,434
119000089,113,259,-146
119000090,276,82,194
119000091,143,313,-170
119000092,630,195,435
119000093,8514,4836,3678
119000094,9263,10546,-1283
119000095,5322,13441,-8119
119000097,2676,1502,1174
119000098,2301,13790,-11489
119000099,3604,1262,2342
119000100,9997,5555,4442
119000101,6068,4159,1909
119000102,488,2457,-1969
119000103,1181,1085,96
119000104,2343,1395,948
119000105,1995,6364,-4369
119000106,857,1043,-186
119000107,2702,1020,1682
119000108,1382,1152,230
119000109,319,2143,-1824
119000110,540,2247,-1707
119000111,68,2018,-1950
119000112,268,491,-223
119000113,1565,721,844
119000114,3208,2748,460
119000115,127,407,-280
119000116,232,205,27
119000117,694,724,-30
119000118,31,1,30
119000123,2564,6976,-4412
119000124,2821,437,2384
119000125,11578,956,10622
119000126,2816,644,2172
119000127,2009,531,1478
119000128,38,2,36
119000131,2743,264,2479
119000132,4,2,2
119000133,5,30,-25
119000134,2114,1212,902
119000135,297,843,-546
119000136,801,141,660
119000137,463,162,301
119000138,2029,92,1937
119000139,452,104,348
119000140,800,603,197
119000284,1642,2418,-776
119000285,2561,1714,847
119000286,5938,4370,1568
119000287,2097,2053,44
119000288,4175,1272,2903
119000289,2368,4377,-2009
119000290,342,459,-117
119000291,343,648,-305
119000293,254,282,-28
119000294,111,53,58
119000295,3806,508,3298
119000296,457,126,331
119000302,3520,1686,1834
119000303,21,609,-588
119000314,4139,24670,-20531
119000315,0,233,-233
119000316,515,127,388
119000317,183,125,58
119900001,195,3914,-3719
119900002,558,624,-66
119900003,17,358,-341
119900004,256,5983,-5727
119900005,718,106,612
119900006,132,797,-665
119900007,819,539,280
119900008,31,133,-102
119900009,1014,488,526
119900010,987,2543,-1556
119900011,30,638,-608
119900012,40,267,-227
119900013,2515,2955,-440
119900014,723,555,168
119900015,685,189,496
119900016,220,152,68
119900017,132,83,49
119900018,1671,3674,-2003
119900019,265,19,246
119900020,138,332,-194
119900021,470,80,390
119900022,205,2671,-2466
119900023,876,7047,-6171
119900025,1070,30,1040
119900026,1140,191,949
119900027,16,22,-6
119900028,580,601,-21
119900029,12,6,6
119900030,1172,909,263
119900031,145,2119,-1974
119900033,2183,438,1745
119900034,2275,67,2208
119900037,357,24,333
119900038,36,918,-882
119900039,148,16,132
119900040,482,159,323
119900041,913,21,892
119900042,109,809,-700
119900043,325,186,139
119900044,332,1217,-885
119900046,751,47,704
119900047,1054,431,623
119900048,153,18,135
119900049,408,7,401
119900050,486,510,-24
119900051,3158,87,3071
119900052,396,32,364
119900053,638,261,377
119900054,1108,23,1085
119900055,2386,585,1801
119900057,1041,47,994
119900058,965,5,960
119900059,134,70,64
119900060,494,141,353
119900061,1228,14,1214
119900062,407,11,396
119900063,14,227,-213
119900064,2108,260,1848
119900065,414,12,402
119900066,2,0,2
119900067,305,72,233
119900068,1669,9,1660
119900069,309,18,291
119900070,2492,16,2476
119900071,1843,88,1755
119900072,570,175,395
119900073,2689,286,2403
119900074,33,111,-78
119900075,2289,2060,229
119900076,1727,199,1528
119900077,2060,540,1520
119900078,1423,632,791
119900079,1438,75,1363
119900080,1014,536,478
119900081,1104,93,1011
119900082,3687,329,3358
119900083,885,25,860
119900084,695,1176,-481
119900085,184,75,109
119900086,823,506,317
119900087,314,2423,-2109
119900088,51,56,-5
119900089,78,189,-111
119900090,142,28,114
119900091,204,228,-24
119900092,98,2492,-2394
119900093,5268,364,4904
119900094,51,768,-717
119900095,267,132,135
119900096,93,182,-89
119900097,446,267,179
119900098,48,31,17
119900099,37,182,-145
119900100,1047,3584,-2537
119900101,522,2888,-2366
119900102,95,142,-47
119900103,84,101,-17
119900104,104,119,-15
119900105,1857,9626,-7769
119900106,24,133,-109
119900107,655,1560,-905
119900108,7843,661,7182
119900109,26,127,-101
119900110,1481,559,922
119900111,517,91,426
119900112,979,2008,-1029
119900113,66,238,-172
119900114,528,678,-150
119900115,1380,307,1073
119900116,205,1155,-950
119900117,910,366,544
119900118,383,180,203
119900119,667,237,430
119900120,866,402,464
119900121,1440,706,734
119900122,75,207,-132
119900123,304,483,-179
119900124,985,514,471
119900125,60,187,-127
119900126,5848,280,5568
119900127,651,375,276
119900128,1090,1602,-512
119900129,835,178,657
119900130,4,172,-168
119900131,152,95,57
119900132,3,75,-72
119900133,245,119,126
119900134,783,115,668
119900135,0,232,-232
119900136,135,247,-112
119900138,253,316,-63
119900139,40,350,-310
119900140,1,128,-127
119900141,70,2458,-2388
119900142,36,55,-19
119900143,70,580,-510
119900144,1184,334,850
119900145,136,395,-259
119900146,451,214,237
119900147,4,388,-384
119900148,644,93,551
119900149,622,15951,-15329
119900150,186,179,7
119900151,5834,2434,3400
119900152,521,179,342
119900153,441,59,382
119900154,120,338,-218
119900155,49,26,23
119900156,28,8,20
119900157,553,255,298
119900158,468,118,350
119900159,4,347,-343
119900160,24,258,-234
119900161,238,180,58
119900162,2408,1097,1311
119900163,77,306,-229
119900164,0,4,-4
119900165,452,109,343
119900166,215,53,162
119900167,6,135,-129
119900168,3855,401,3454
119900169,55,923,-868
119900170,271,413,-142
119900171,1924,771,1153
119900172,65,35,30
119900173,95,167,-72
119900174,16,273,-257
119900175,4579,512,4067
119900177,76,141,-65
119900178,3,170,-167
119900179,624,2241,-1617
119900180,2603,1260,1343
119900181,46,172,-126
119900182,4,111,-107
119900183,256,796,-540
119900184,899,678,221
119900185,118,714,-596
119900186,24,4149,-4125
119900187,7,272,-265
119900188,334,405,-71
119900189,237,766,-529
119900190,260,723,-463
119900191,193,785,-592
119900192,206,280,-74
119900193,1772,147,1625
119900194,47,92,-45
119900195,79,222,-143
119900196,475,102,373
119900197,972,519,453
119900198,266,378,-112
119900199,417,47,370
119900200,1768,939,829
119900201,369,227,142
119900202,64,568,-504
119900203,353,1670,-1317
119900204,769,547,222
119900205,2648,484,2164
119900206,618,324,294
119900208,150,212,-62
119900209,959,4884,-3925
119900210,220,31,189
119900211,115,14,101
119900212,1086,348,738
119900213,16,98,-82
119900214,285,78,207
119900215,141,43,98
119900216,47,37,10
119900217,22,20,2
119900218,18,172,-154
119900219,72,82,-10
119900220,26,28,-2
119900221,112,64,48
119900222,32,83,-51
119900223,19,28,-9
119900224,46,15,31
119900225,382,40,342
119900226,285,4113,-3828
119900227,399,235,164
119900228,26,712,-686
119900229,120,297,-177
119900230,1788,305,1483
119900231,751,86,665
119900232,313,157,156
119900233,176,16,160
119900234,28,357,-329
119900235,21,106,-85
119900236,59,441,-382
119900237,117,894,-777
119900238,1,594,-593
119900240,180,361,-181
119900241,534,165,369
119900242,3299,2235,1064
119900244,1355,1363,-8
119900245,562,447,115
119900246,253,883,-630
119900247,30,106,-76
119900248,58,1236,-1178
119900249,896,367,529
119900253,1998,501,1497
119900254,160,3529,-3369
119900255,408,1226,-818
119900256,1800,427,1373
119900257,194,16,178
119900258,431,16,415
119900259,15,70,-55
119900260,411,34,377
119900261,1061,808,253
119900262,5,217,-212
119900263,2752,275,2477
119900264,514,81,433
119900265,1695,481,1214
119900266,1490,337,1153
119900267,223,371,-148
119900268,732,95,637
119900269,4216,697,3519
119900271,162,166,-4
119900272,166,446,-280
119900275,281,40,241
119900276,201,2,199
119900277,14,7,7
119900278,958,115,843
119900279,188,700,-512
119900280,923,96,827
119900281,0,732,-732
119900282,54,172,-118
119900283,142,74,68
119900284,74,136,-62
119900285,5,137,-132
119900286,1,23,-22
119900288,13,22,-9
119900289,0,21,-21
119900290,16,2,14
119900291,1,120,-119
119900292,70,106,-36
119900293,54,57,-3
119900294,46,78,-32
119900295,24,8,16
119900296,104,34,70
119900297,2,11,-9
119900298,11,9,2
119900299,276,1172,-896
119900300,516,606,-90
119900301,132,503,-371
119900302,84,559,-475
119900303,573,537,36
119900304,379,24,355
119900305,16,179,-163
119900306,41,2,39
119900307,48,240,-192
119900308,9,37,-28
119900309,113,809,-696
119900310,476,470,6
119900311,402,50,352
119900312,397,63,334
119900313,464,478,-14
119900314,568,803,-235
119900315,5853,1400,4453
119900318,23,238,-215
119900319,1,107,-106
119900320,579,330,249
119900321,509,36,473
120000001,17039,62570,-45531
120000002,4460,4943,-483
120000003,3780,1765,2015
120000004,4980,1530,3450
120000005,3825,2123,1702
120000006,2998,1603,1395
120000007,4390,9466,-5076
120000008,2073,1465,608
120000009,2284,1486,798
120000010,4824,4980,-156
120000011,2755,2312,443
120000012,3680,2753,927
120000013,8696,4981,3715
120000014,2012,3770,-1758
120000015,5830,4100,1730
120000016,8137,4176,3961
120000017,8220,8648,-428
120000018,5851,36180,-30329
120000019,2350,2850,-500
120000020,4011,7083,-3072
120000021,3435,3211,224
120000022,3704,4987,-1283
120000023,3107,3014,93
120000024,1760,3723,-1963
120000025,5208,3006,2202
120000026,6964,3130,3834
120000027,4894,2902,1992
120000028,1600,5303,-3703
120000029,2657,4484,-1827
120000030,337,2077,-1740
120000031,3642,10140,-6498
120000032,7495,4164,3331
120000033,7144,1814,5330
120000034,7869,1748,6121
120000035,7568,2471,5097
120000036,6649,9961,-3312
120000037,999,3268,-2269
120000038,10435,5804,4631
120000039,1640,2646,-1006
120000040,119,4067,-3948
120000041,813,2692,-1879
120000042,5017,3863,1154
120000043,10214,1461,8753
120000044,12771,1945,10826
120000045,15064,1014,14050
120000046,8070,8003,67
120000047,1148,25258,-24110
120000048,20081,7387,12694
120000049,8683,9339,-656
120000050,6823,10845,-4022
120000051,4309,8163,-3854
120000052,10542,1434,9108
120000053,2307,1796,511
120000054,2729,2894,-165
120000055,3124,4579,-1455
120000056,8379,5948,2431
120000057,7311,4009,3302
120000058,1953,1937,16
120000059,27,2988,-2961
120000061,345,2363,-2018
120000062,272,422,-150
120000063,1049,2986,-1937
120000064,690,683,7
120000065,784,1302,-518
120000066,313,764,-451
120000067,42,213,-171
120000068,555,310,245
120000069,1713,385,1328
120000070,414,452,-38
120000071,1947,146,1801
120000072,3040,895,2145
120000073,2524,94,2430
120000074,351,451,-100
120000075,2798,1326,1472
120000076,6260,570,5690
120000077,5818,1069,4749
120000078,4340,1730,2610
120000079,283,208,75
120000080,120,354,-234
120000081,384,154,230
120000082,421,331,90
120000083,93,1102,-1009
120000084,444,486,-42
120000085,543,771,-228
120000086,252,382,-130
120000087,327,463,-136
120000088,1586,1361,225
120000089,1799,786,1013
120000090,1812,875,937
120000091,2653,1062,1591
120000092,1942,427,1515
120000093,1470,717,753
120000094,633,2376,-1743
120000095,1587,196,1391
120000096,993,444,549
120000098,1942,752,1190
120000099,1080,872,208
120000100,1666,763,903
120000101,1743,584,1159
120000102,1706,1981,-275
120000103,3160,1786,1374
120000104,4824,717,4107
120000105,6412,592,5820
120000106,8190,545,7645
120000107,13722,742,12980
120000108,4651,391,4260
120000109,2841,223,2618
120000110,154,940,-786
120000111,292,1324,-1032
120000112,1192,1724,-532
120000113,1020,1391,-371
120000114,800,1355,-555
120000115,732,1237,-505
120000116,640,1841,-1201
120000117,663,1118,-455
120000118,52,109,-57
120000119,42,35,7
120000120,286,546,-260
120000121,23,61,-38
120000122,571,2134,-1563
120000123,2838,20516,-17678
120000124,1055,1253,-198
120000125,2838,1034,1804
120000126,773,6018,-5245
120000127,1320,3148,-1828
120000128,4198,11470,-7272
120000129,621,306,315
120000130,2219,839,1380
120000131,1088,1090,-2
120000134,1475,693,782
120000135,2905,1034,1871
120000137,815,340,475
120000138,4679,407,4272
120000139,947,461,486
120000140,4135,195,3940
120000141,713,1893,-1180
120000142,2318,2979,-661
120000143,2,95,-93
120000144,372,42,330
120000145,2054,7,2047
120000146,1894,3244,-1350
120000149,967,909,58
120000150,3539,21539,-18000
120000151,1019,825,194
120000152,2878,246,2632
120000153,1790,872,918
120000154,1329,1391,-62
120000155,540,1055,-515
120000156,836,6339,-5503
120000157,2494,792,1702
120000158,2133,868,1265
120000159,3542,1742,1800
120000160,4054,2571,1483
120000161,7222,4117,3105
120000162,375,696,-321
120000163,1771,917,854
120000164,1656,208,1448
120000165,2088,629,1459
120000166,3476,648,2828
120000167,421,554,-133
120000168,8,1353,-1345
120000169,30,3677,-3647
120000170,18,2945,-2927
120000171,9,924,-915
120000172,5,627,-622
120000173,189,2240,-2051
120000174,62,78,-16
120000175,57,85,-28
120000176,23,58,-35
120000177,809,91,718
120000178,5,51,-46
120000179,43,67,-24
120000180,36,72,-36
120000181,201,3372,-3171
120000182,67,2155,-2088
120000183,3,742,-739
120000184,310,2365,-2055
120000186,50,2126,-2076
120000187,27,1678,-1651
120000188,59,1236,-1177
120000190,80,98,-18
120000191,53,283,-230
120000192,97,10,87
120000193,55,3,52
120000195,12,0,12
120000196,78,2,76
120000197,16,15,1
120000198,825,33,792
120000199,994,0,994
120000200,692,6,686
120000201,119,234,-115
120000202,2,76,-74
120000203,551,233,318
120000207,0,43,-43
120000208,34,49,-15
120000209,12,12,0
120000210,59,33,26
120000211,1282,11,1271
120000212,1007,5,1002
120000213,802,395,407
120000214,2,70,-68
120000215,18,90,-72
120000216,937,55,882
120000217,370,1657,-1287
120000218,52,478,-426
120000219,7,309,-302
120000220,2,841,-839
120000225,6178,21,6157
120000226,1422,15,1407
120000227,2092,224,1868
120000228,17896,7841,10055
120000230,1135,55,1080
120000231,4325,942,3383
120000233,1603,45,1558
120000235,876,610,266
120000236,4361,3,4358
120000237,0,1720,-1720
120000238,4,797,-793
120000241,2507,9661,-7154
120000412,300,22,278
120000413,1939,303,1636
120000414,752,26,726
120000415,8,33,-25
120000416,424,12,412
120000417,24,307,-283
120000418,1219,27,1192
120000419,98,50,48
120000420,109,20,89
120000421,13266,6345,6921
120000422,234,6858,-6624
120000423,20,336,-316
120000424,860,114,746
120000436,127,2890,-2763
120000437,117,234,-117
120000438,2239,468,1771
120000439,712,1688,-976
120000443,333,0,333
120000444,3881,780,3101
120000445,4742,3404,1338
120000446,4559,301,4258
120000447,1165,6,1159
120000449,909,5,904
120000450,15,85,-70
120000451,516,417,99
120000452,1265,6,1259
120000453,0,44,-44
120000454,73,130,-57
120000455,414,119,295
120000456,4509,11831,-7322
120000457,711,431,280
120000458,713,885,-172
120000459,433,158,275
120000665,222,888,-666
120000668,191,8584,-8393
120000669,1228,147,1081
120000670,100,1821,-1721
120000671,8234,1722,6512
120000672,145,711,-566
120900001,185,101,84
120900002,131,1297,-1166
120900003,405,22,383
120900004,16,330,-314
120900005,89,315,-226
120900006,1663,344,1319
120900007,869,161,708
120900008,1259,825,434
120900009,448,14,434
120900010,1498,271,1227
120900011,74,985,-911
120900012,48,2548,-2500
120900013,834,565,269
120900014,1,487,-486
120900015,2307,692,1615
120900016,4505,224,4281
120900017,3502,102,3400
120900018,660,260,400
120900019,822,953,-131
120900020,532,1144,-612
120900021,806,336,470
120900022,24,319,-295
120900023,828,148,680
120900024,2542,689,1853
120900025,1871,1260,611
120900026,486,131,355
120900027,792,54,738
120900028,1374,447,927
120900029,33,1761,-1728
120900030,5098,1048,4050
120900031,611,135,476
120900032,3188,84,3104
120900033,3475,775,2700
120900034,38,7460,-7422
120900035,752,205,547
120900037,1021,82,939
120900038,389,799,-410
120900039,199,107,92
120900040,801,14,787
120900041,36,26,10
120900042,1337,36,1301
120900043,300,274,26
120900044,16,1071,-1055
120900045,573,92,481
120900046,1959,22,1937
120900047,220,313,-93
120900048,495,60,435
120900049,1390,20,1370
120900050,1376,6923,-5547
120900051,1087,143,944
120900052,2865,61,2804
120900053,1462,44,1418
120900054,2348,452,1896
120900055,1856,13,1843
120900056,1407,112,1295
120900057,995,44,951
120900058,1981,19,1962
120900059,542,4,538
120900060,210,19,191
120900061,537,290,247
120900062,1195,6,1189
120900063,2687,55,2632
120900064,2076,23,2053
120900065,2022,15,2007
120900066,2102,244,1858
120900067,610,256,354
120900068,1564,1,1563
120900069,1545,41,1504
120900071,71,3,68
120900072,2627,38,2589
120900073,2960,117,2843
120900074,3433,110,3323
120900076,1703,2,1701
120900077,2161,973,1188
120900078,2020,526,1494
120900079,3235,103,3132
120900080,3184,445,2739
120900081,4393,541,3852
120900082,419,971,-552
120900083,391,4,387
120900084,1374,1097,277
120900085,82,154,-72
120900086,56,1619,-1563
120900087,980,413,567
120900088,565,1805,-1240
120900089,2446,8885,-6439
120900090,942,27,915
120900091,377,1393,-1016
120900092,191,361,-170
120900093,1680,143,1537
120900094,359,208,151
120900095,863,27,836
120900096,292,202,90
120900097,1082,795,287
120900098,108,138,-30
120900099,131,76,55
120900100,136,239,-103
120900101,63,165,-102
120900102,217,176,41
120900103,294,424,-130
120900104,28,74,-46
120900105,73,910,-837
120900106,321,291,30
120900107,98,212,-114
120900108,74,346,-272
120900109,88,434,-346
120900110,46,302,-256
120900111,343,227,116
120900112,166,272,-106
120900113,62,484,-422
120900114,68,207,-139
120900115,199,393,-194
120900116,1952,138,1814
120900117,22,122,-100
120900118,92,172,-80
120900119,18224,3438,14786
120900120,199,991,-792
120900121,130,398,-268
120900122,2207,206,2001
120900123,94,93,1
120900124,4,122,-118
120900125,24,476,-452
120900126,295,632,-337
120900127,121,241,-120
120900128,358,734,-376
120900129,21,108,-87
120900130,6,280,-274
120900131,190,340,-150
120900132,3264,296,2968
120900133,115,799,-684
120900134,176,138,38
120900135,9,210,-201
120900136,105,272,-167
120900137,1169,204,965
120900138,11,159,-148
120900139,4,177,-173
120900140,9,412,-403
120900141,1015,323,692
120900142,4,179,-175
120900143,0,180,-180
120900144,0,51,-51
120900145,347,2304,-1957
120900146,0,186,-186
120900147,2,38,-36
120900148,499,173,326
120900149,2,107,-105
120900150,266,205,61
120900151,0,104,-104
120900152,0,16,-16
120900153,1,0,1
120900154,16,203,-187
120900155,499,317,182
120900156,749,239,510
120900157,0,0,0
120900158,207,294,-87
120900159,1,55,-54
120900160,145,574,-429
120900161,105,523,-418
120900162,49,985,-936
120900163,142,2484,-2342
120900164,0,45,-45
120900165,1,65,-64
120900166,114,1720,-1606
120900167,271,150,121
120900169,443,387,56
120900170,231,9980,-9749
120900171,732,95,637
120900172,57,4173,-4116
120900173,18,95,-77
120900174,10,207,-197
120900175,381,155,226
120900176,31,922,-891
120900177,14,5164,-5150
120900178,4,2028,-2024
120900179,131,331,-200
120900180,51,657,-606
120900181,63,75,-12
120900182,113,658,-545
120900183,1369,176,1193
120900184,458,176,282
120900185,1271,2520,-1249
120900186,0,123,-123
120900187,2017,842,1175
120900188,585,18,567
120900189,147,7381,-7234
120900190,756,4,752
120900191,485,15,470
120900192,7063,34048,-26985
120900194,224,359,-135
120900195,196,380,-184
120900196,538,199,339
120900197,1564,187,1377
120900198,214,471,-257
120900199,823,1456,-633
120900200,18,152,-134
120900201,247,105,142
120900202,1,207,-206
120900203,84,90,-6
120900204,131,287,-156
120900205,194,24,170
120900206,170,62,108
121000001,1264,5551,-4287
121000002,4261,4465,-204
121000003,13097,4029,9068
121000004,3803,6294,-2491
121000005,4081,5314,-1233
121000006,5110,5712,-602
121000007,4573,11413,-6840
121000008,6230,9822,-3592
121000009,8262,16832,-8570
121000010,10645,11941,-1296
121000011,10356,13810,-3454
121000012,18537,8181,10356
121000013,11500,9823,1677
121000014,8262,6747,1515
121000015,9256,12434,-3178
121000016,6302,6708,-406
121000017,5201,2617,2584
121000018,6677,3424,3253
121000019,12556,10789,1767
121000020,14190,23679,-9489
121000021,3298,3925,-627
121000022,4573,7802,-3229
121000023,4489,1554,2935
121000024,8236,9287,-1051
121000025,1064,3375,-2311
121000026,675,313,362
121000027,3123,2344,779
121000028,1530,1616,-86
121000029,1823,1368,455
121000030,1551,1211,340
121000031,691,1855,-1164
121000032,296,330,-34
121000034,736,2620,-1884
121000035,564,816,-252
121000036,2387,2540,-153
121000037,1193,3194,-2001
121000038,592,1886,-1294
121000039,294,794,-500
121000041,736,923,-187
121000042,335,855,-520
121000043,1100,1148,-48
121000044,2240,1916,324
121000045,1073,560,513
121000046,1733,2294,-561
121000047,78,161,-83
121000049,1968,1198,770
121000050,399,3795,-3396
121000051,1175,765,410
121000052,832,2465,-1633
121000053,1081,647,434
121000054,94,1156,-1062
121000055,1869,6685,-4816
121000056,1660,2677,-1017
121000057,286,1050,-764
121000058,319,182,137
121000059,5583,2561,3022
121000060,921,1946,-1025
121000061,69,955,-886
121000062,218,2437,-2219
121000063,1408,2096,-688
121000064,904,964,-60
121000065,269,1318,-1049
121000066,811,1235,-424
121000067,615,2508,-1893
121000068,602,1007,-405
121000069,254,2929,-2675
121000070,2318,3716,-1398
121000071,3955,4169,-214
121000072,1410,3572,-2162
121000073,1716,2908,-1192
121000074,126,475,-349
121000075,16,347,-331
121000076,500,1338,-838
121000077,270,434,-164
121000078,251,538,-287
121000080,5431,1351,4080
121000081,10403,8519,1884
121000082,127,613,-486
121000083,113,381,-268
121000084,287,527,-240
121000085,528,811,-283
121000086,2136,817,1319
121000087,156,502,-346
121000088,1561,607,954
121000089,382,1394,-1012
121000090,357,818,-461
121000091,1907,1356,551
121000092,411,195,216
121000093,486,574,-88
121000094,489,2201,-1712
121000095,235,1372,-1137
121000096,12612,3814,8798
121000097,1082,4492,-3410
121000098,1160,918,242
121000099,1744,886,858
121000100,1786,290,1496
121000101,770,289,481
121000102,784,162,622
121000103,440,184,256
121000104,572,110,462
121000105,1003,273,730
121000106,669,437,232
121000107,2698,4708,-2010
121000109,2308,1385,923
121000110,319,1246,-927
121000114,7333,4616,2717
121000115,7650,1138,6512
121000116,620,1890,-1270
121000117,413,524,-111
121000118,2740,593,2147
121000119,717,397,320
121000120,1033,787,246
121000121,774,4724,-3950
121000123,1397,583,814
121000126,102,813,-711
121000127,154,364,-210
121000128,2566,230,2336
121000129,2262,349,1913
121000130,836,920,-84
121000131,2369,1321,1048
121000132,782,1212,-430
121000135,499,785,-286
121000136,1436,3039,-1603
121000137,2351,707,1644
121000138,725,2881,-2156
121000139,272,995,-723
121000141,534,804,-270
121000142,891,812,79
121000143,192,38,154
121000144,875,1145,-270
121000145,1324,1305,19
121000146,2696,2926,-230
121000147,3671,1346,2325
121000148,1622,1570,52
121000149,4817,4140,677
121000152,679,748,-69
121000153,2934,928,2006
121000154,3079,1291,1788
121000155,6540,2398,4142
121000156,788,2302,-1514
121000157,1596,2552,-956
121000158,386,544,-158
121000159,504,818,-314
121000160,402,1085,-683
121000161,505,560,-55
121000162,309,126,183
121000165,2323,2809,-486
121000166,105,832,-727
121000168,729,310,419
121000169,317,324,-7
121000170,614,183,431
121000171,182,430,-248
121000172,2056,3209,-1153
121000173,2943,2982,-39
121000174,1612,1419,193
121000175,3579,1580,1999
121000176,1411,511,900
121000177,1443,1681,-238
121000178,133,173,-40
121000179,57,144,-87
121000181,578,475,103
121000182,659,971,-312
121000183,118,342,-224
121000184,41,587,-546
121000185,118,1029,-911
121000186,713,2186,-1473
121000187,625,124,501
121000188,740,196,544
121000192,1880,817,1063
121000193,1531,663,868
121000194,3749,3906,-157
121000195,496,2832,-2336
121000196,751,1123,-372
121000197,245,3985,-3740
121000198,240,699,-459
121000199,280,1517,-1237
121000200,1252,641,611
121000201,40,1011,-971
121000202,229,10,219
121000203,1805,3363,-1558
121000204,6364,1216,5148
121000205,180,466,-286
121000206,203,296,-93
121000207,4248,824,3424
121000208,10,542,-532
121000209,1866,169,1697
121000210,1427,742,685
121000211,1264,248,1016
121000212,698,1271,-573
121000213,36124,6185,29939
121000214,2931,4286,-1355
121000215,1140,5124,-3984
121000216,1094,1463,-369
121000217,7592,6862,730
121000218,792,5623,-4831
121000219,3322,1982,1340
121000220,431,252,179
121000221,411,1428,-1017
121000222,9846,7426,2420
121000223,217,1697,-1480
121000224,113,1286,-1173
121000225,834,8338,-7504
121000226,1545,3950,-2405
121000227,22,197,-175
121000228,69,1458,-1389
121000229,1080,1064,16
121000230,141,6429,-6288
121000231,3542,35,3507
121000232,1253,604,649
121000233,1341,659,682
121000234,13,91,-78
121000235,109,63,46
121000236,4,80,-76
121000237,40,64,-24
121000238,6,184,-178
121000239,76,5,71
121000240,23,246,-223
121000241,144,22,122
121000242,65,482,-417
121000243,201,72,129
121000244,2,102,-100
121000245,20,41,-21
121000246,0,135,-135
121000247,164,5,159
121000248,588,1302,-714
121000249,255,880,-625
121000250,1013,938,75
121000251,28,406,-378
121000252,216,286,-70
121000253,943,938,5
121000254,1365,527,838
121000255,356,1472,-1116
121000256,815,2334,-1519
121000257,113,426,-313
121000258,154,839,-685
121000259,41,333,-292
121000260,68,627,-559
121000261,95,586,-491
121000262,5123,601,4522
121000263,788,650,138
121000271,2341,2977,-636
121000273,57,45,12
121000274,53,490,-437
121000275,2,43,-41
121000276,46,152,-106
121000278,197,74,123
121000279,104,310,-206
121000280,135,209,-74
121000289,1031,28,1003
121000290,3998,3595,403
121000294,509,57,452
121000297,705,2605,-1900
121000299,307,10320,-10013
121000300,4543,1751,2792
121000302,27,1118,-1091
121000303,1377,444,933
121000304,954,201,753
121000305,462,257,205
121000306,517,617,-100
121000308,152,602,-450
121000309,371,886,-515
121000310,244,653,-409
121000311,119,511,-392
121000312,1431,1006,425
121000313,780,610,170
121000314,35,99,-64
121000315,27,97,-70
121000530,4929,4105,824
121000531,4718,3090,1628
121000532,9804,9440,364
121000533,6735,6232,503
121000918,22,71,-49
121000919,24,144,-120
121000938,129,142,-13
121000939,34,395,-361
121000956,2797,4282,-1485
121000957,6,121,-115
121000958,7,903,-896
121000959,3066,507,2559
121000960,3690,2019,1671
121000961,803,78,725
121000962,740,547,193
121000973,2,602,-600
121000976,37,175,-138
121000979,810,417,393
121000981,848,112,736
121000982,696,406,290
121000983,1299,267,1032
121000984,7,290,-283
121000985,2424,802,1622
121000986,1579,199,1380
121000987,815,1216,-401
121000988,2543,229,2314
121001302,583,402,181
121001308,0,256,-256
121001309,35,476,-441
121001313,661,88,573
121001314,3792,2480,1312
121001315,9027,6182,2845
121900001,329,632,-303
121900002,45,337,-292
121900003,549,30,519
121900004,79,2541,-2462
121900005,26,18,8
121900006,132,3,129
121900007,4644,3453,1191
121900008,31,406,-375
121900009,2062,45,2017
121900010,416,4,412
121900011,515,235,280
121900012,21,1,20
121900013,198,159,39
121900014,6877,829,6048
121900015,186,374,-188
121900016,20,84,-64
121900017,1055,1656,-601
121900018,1144,11,1133
121900019,1642,316,1326
121900020,136,4,132
121900021,3341,115,3226
121900022,378,361,17
121900023,683,913,-230
121900024,1207,97,1110
121900025,1111,1100,11
121900026,989,239,750
121900027,691,590,101
121900028,484,63,421
121900029,386,1096,-710
121900030,840,1261,-421
121900031,3197,11378,-8181
121900032,267,193,74
121900033,250,539,-289
121900034,460,954,-494
121900035,14505,6449,8056
121900036,399,977,-578
121900037,198,2439,-2241
121900038,102,252,-150
121900039,345,59,286
121900040,95,228,-133
121900041,55,469,-414
121900042,890,430,460
121900043,1,14,-13
121900044,160,58,102
121900046,334,593,-259
121900047,328,155,173
121900048,187,178,9
121900050,63,114,-51
121900051,222,1032,-810
121900052,371,129,242
121900053,1011,1176,-165
121900054,537,2976,-2439
121900055,11,51,-40
121900058,1013,986,27
121900059,520,344,176
121900060,329,1409,-1080
121900061,274,300,-26
121900062,270,116,154
121900063,3286,2198,1088
121900064,773,1489,-716
121900066,191,49,142
121900067,137,70,67
121900069,311,473,-162
121900070,196,363,-167
121900071,1537,786,751
121900072,84,323,-239
121900073,254,437,-183
121900074,991,993,-2
121900075,563,1647,-1084
121900076,924,3833,-2909
121900077,67,46,21
121900078,352,79,273
121900079,0,0,0
121900080,2122,633,1489
121900082,105,350,-245
121900084,60,75,-15
121900085,6,17,-11
121900086,68,42,26
121900087,77,164,-87
121900088,2452,3627,-1175
121900089,931,429,502
121900090,22,46,-24
121900091,154,61,93
121900092,525,146,379
121900093,204,168,36
121900094,24,31,-7
121900095,717,267,450
121900096,1944,1538,406
121900097,1721,190,1531
121900098,22,11,11
121900099,663,48,615
121900100,94,271,-177
121900101,151,278,-127
121900102,1,125,-124
121900103,897,606,291
121900104,4200,1373,2827
121900105,613,326,287
121900106,8,22,-14
121900107,334,40,294
121900108,4,173,-169
121900109,386,279,107
121900110,1740,1247,493
121900111,1071,739,332
121900112,324,557,-233
121900113,210,1172,-962
121900114,109,155,-46
121900115,387,471,-84
121900117,373,659,-286
121900118,4933,1567,3366
121900119,208,75,133
121900120,397,1828,-1431
121900121,925,36,889
121900122,185,99,86
121900123,621,595,26
121900124,466,397,69
121900125,8147,2968,5179
121900127,21,230,-209
121900128,189,158,31
121900129,411,252,159
121900130,174,881,-707
121900131,513,256,257
121900132,162,150,12
121900133,23,914,-891
121900134,45,1091,-1046
121900135,9861,686,9175
121900136,378,906,-528
121900137,120,831,-711
121900138,94,794,-700
121900139,625,6707,-6082
121900140,84,89,-5
121900141,100,144,-44
121900142,280,75,205
121900143,44,197,-153
121900144,262,1270,-1008
121900145,388,461,-73
121900146,637,952,-315
121900147,95,786,-691
121900148,504,862,-358
121900149,603,506,97
121900150,100,409,-309
121900151,47,705,-658
121900152,412,96,316
121900153,111,253,-142
121900154,31,851,-820
121900155,8,1367,-1359
121900156,509,451,58
121900157,1,527,-526
121900158,215,248,-33
121900159,1,200,-199
121900160,58,269,-211
121900161,377,740,-363
121900162,208,428,-220
121900163,1192,324,868
121900164,300,442,-142
121900165,264,500,-236
121900166,254,295,-41
121900167,163,111,52
121900168,190,115,75
121900169,24,580,-556
121900170,35,182,-147
121900171,2130,1315,815
121900172,1455,837,618
121900173,1783,785,998
121900174,138,53,85
121900175,155,2336,-2181
121900176,1299,3926,-2627
121900177,289,213,76
121900178,31,22,9
121900179,619,591,28
121900180,2672,10613,-7941
121900182,1208,1844,-636
121900183,313,3209,-2896
121900184,41,2088,-2047
121900186,12,1298,-1286
121900187,20,327,-307
121900188,3201,273,2928
121900189,289,233,56
121900190,381,1040,-659
121900191,73,678,-605
121900192,422,4628,-4206
121900193,21,208,-187
121900194,15,520,-505
121900195,30,92,-62
121900196,2463,1857,606
121900197,456,1923,-1467
121900198,6850,5731,1119
121900199,0,53,-53
121900200,50,401,-351
121900201,2204,1436,768
121900202,474,2200,-1726
121900203,180,2535,-2355
121900204,3602,2550,1052
121900205,67,153,-86
121900206,20,519,-499
121900207,124,147,-23
121900208,194,1423,-1229
121900209,211,175,36
121900210,4718,2263,2455
121900211,582,583,-1
121900212,24,259,-235
121900213,1016,44,972
121900214,6,1060,-1054
121900215,114,553,-439
121900216,23,931,-908
121900217,632,609,23
121900218,244,1199,-955
121900219,426,104,322
121900220,171,56,115
121900221,1187,844,343
121900222,731,130,601
121900223,385,401,-16
121900224,342,311,31
121900225,256,1298,-1042
121900226,632,40,592
121900227,599,6085,-5486
121900228,511,193,318
121900229,777,1790,-1013
121900230,150,901,-751
121900231,100,3144,-3044
121900232,284,1441,-1157
121900233,1237,484,753
121900234,855,1284,-429
121900235,1426,211,1215
121900236,689,429,260
121900237,467,1996,-1529
121900238,277,845,-568
121900239,266,117,149
121900240,272,493,-221
121900241,106,60,46
121900242,52,0,52
121900243,21,0,21
121900244,59,1,58
121900245,925,78,847
121900246,14088,804,13284
121900247,969,454,515
121900248,3916,1307,2609
121900250,181,332,-151
121900251,1446,51,1395
121900252,853,247,606
121900253,67,1872,-1805
121900254,396,472,-76
121900255,1168,312,856
121900258,9385,3068,6317
121900259,165,1004,-839
121900260,477,263,214
121900261,194,1886,-1692
121900262,1094,2958,-1864
121900263,596,424,172
121900264,2003,1405,598
121900265,986,285,701
121900266,1388,215,1173
121900267,502,68,434
121900269,740,2097,-1357
121900270,113,413,-300
121900271,298,431,-133
121900273,994,4060,-3066
121900274,1019,461,558
121900276,760,488,272
121900277,505,4361,-3856
121900278,291,5388,-5097
121900279,350,408,-58
121900280,181,652,-471
121900281,161,687,-526
121900284,90,9,81
121900286,362,1530,-1168
121900287,12,76,-64
121900290,325,2809,-2484
121900291,659,3613,-2954
121900292,379,220,159
121900293,1344,14964,-13620
121900294,991,11,980
121900295,517,217,300
121900296,165,556,-391
121900298,283,2562,-2279
121900299,2,25,-23
121900300,105,2,103
121900301,83,2,81
121900302,32,148,-116
121900303,436,2577,-2141
121900304,65,42,23
121900305,61,59,2
121900306,705,7,698
121900307,367,10,357
121900308,25,297,-272
121900309,31,225,-194
121900310,13,176,-163
121900311,1207,56,1151
121900312,1014,124,890
121900313,835,43,792
121900314,3,40,-37
121900315,137,5,132
121900316,0,3,-3
121900317,50,61,-11
121900318,0,1,-1
121900319,99,549,-450
121900320,138,25,113
121900321,32,4,28
121900322,18,3,15
121900323,142,52,90
121900324,8,104,-96
121900325,79,0,79
121900326,1,3,-2
121900327,1,64,-63
121900328,0,113,-113
121900329,4,50,-46
121900330,2,84,-82
121900331,49,148,-99
121900332,58,57,1
121900333,1,0,1
122000001,2674,6346,-3672
122000002,3693,1436,2257
122000003,1437,3272,-1835
122000004,1746,1656,90
122000005,12070,3118,8952
122000006,794,2273,-1479
122000007,799,2383,-1584
122000008,1823,4636,-2813
122000009,773,786,-13
122000010,3887,4376,-489
122000011,8754,3029,5725
122000012,1294,5862,-4568
122000013,857,3434,-2577
122000014,10582,3031,7551
122000015,1728,1281,447
122000016,594,990,-396
122000017,2645,2393,252
122000018,5907,3967,1940
122000019,1675,4191,-2516
122000020,282,1233,-951
122000021,173,531,-358
122000022,2247,3011,-764
122000023,2210,4551,-2341
122000024,685,4993,-4308
122000025,754,5762,-5008
122000026,325,1638,-1313
122000027,1441,1432,9
122000028,4796,1532,3264
122000029,394,3430,-3036
122000030,231,668,-437
122000031,276,1032,-756
122000032,10013,4935,5078
122000033,640,6632,-5992
122000034,417,2313,-1896
122000035,369,766,-397
122000036,780,1817,-1037
122000037,2079,506,1573
122000038,440,1181,-741
122000039,944,1700,-756
122000040,277,927,-650
122000041,3483,1724,1759
122000042,649,1680,-1031
122000043,150,374,-224
122000044,129,232,-103
122000045,3160,1728,1432
122000046,1771,2802,-1031
122000047,137,394,-257
122000048,3381,7406,-4025
122000049,13214,7415,5799
122000050,807,1340,-533
122000051,340,786,-446
122000052,762,841,-79
122000053,528,2193,-1665
122000054,3237,4789,-1552
122000055,2441,5210,-2769
122000056,5663,3505,2158
122000057,7509,4766,2743
122000058,761,2424,-1663
122000059,1067,4657,-3590
122000060,367,1651,-1284
122000061,155,1020,-865
122000062,935,354,581
122000063,355,2240,-1885
122000064,4283,10270,-5987
122000065,3249,7389,-4140
122000066,1135,5449,-4314
122000067,2176,3832,-1656
122000068,10459,2832,7627
122000069,3277,2482,795
122000070,4415,3112,1303
122000071,7621,2327,5294
122000072,3049,1265,1784
122000073,226,2897,-2671
122000074,4594,3712,882
122000075,2409,1948,461
122000076,13530,3484,10046
122000077,890,3602,-2712
122000078,624,4087,-3463
122000079,301,5697,-5396
122000080,565,946,-381
122000081,143,578,-435
122000082,352,2234,-1882
122000083,23691,1874,21817
122000084,7698,3664,4034
122000085,657,2066,-1409
122000086,6375,17708,-11333
122000087,475,470,5
122000088,58,539,-481
122000089,10398,6065,4333
122000090,1906,4556,-2650
122000091,216,3010,-2794
122000092,35,161,-126
122000093,3076,11533,-8457
122000094,13793,5872,7921
122000095,1281,12651,-11370
122000096,611,7250,-6639
122000098,10631,7553,3078
122000099,806,4889,-4083
122000100,1266,1453,-187
122000101,496,1264,-768
122000102,8754,2457,6297
122000103,2175,5152,-2977
122000104,3159,298,2861
122000105,314,940,-626
122000106,944,3341,-2397
122000107,2196,1042,1154
122000108,1351,1409,-58
122000109,552,495,57
122000110,1341,890,451
122000111,5641,2773,2868
122000112,3411,3376,35
122000113,1140,1589,-449
122000114,2234,8555,-6321
122000115,3720,2178,1542
122000116,490,1276,-786
122000117,2449,838,1611
122000118,1312,802,510
122000119,2941,1441,1500
122000120,1199,2643,-1444
122000121,870,1754,-884
122000122,465,1109,-644
122000123,1893,2481,-588
122000124,1085,736,349
122000125,461,840,-379
122000126,418,723,-305
122000127,351,651,-300
122000128,259,547,-288
122000129,726,3440,-2714
122000130,5562,1218,4344
122000131,2570,1156,1414
122000132,389,351,38
122000133,1672,1221,451
122000134,2290,1117,1173
122000135,798,284,514
122000136,1480,755,725
122000137,5509,2027,3482
122000139,1612,7559,-5947
122000140,241,3876,-3635
122000141,11215,6201,5014
122000142,153,6910,-6757
122000143,416,389,27
122000144,3393,2461,932
122000145,1548,4041,-2493
122000146,866,7910,-7044
122000147,891,2325,-1434
122000148,477,3010,-2533
122000149,3094,1474,1620
122000150,3055,2157,898
122000151,274,574,-300
122000152,789,757,32
122000153,976,880,96
122000154,533,283,250
122000155,1955,6361,-4406
122000156,22259,8725,13534
122000157,1016,22759,-21743
122000158,505,2474,-1969
122000159,1603,1841,-238
122000160,3585,1924,1661
122000161,2033,1413,620
122000162,1606,1682,-76
122000163,1182,274,908
122000164,97,536,-439
122000165,2133,3084,-951
122000166,1228,5158,-3930
122000167,449,1340,-891
122000168,513,2633,-2120
122000169,959,495,464
122000170,424,782,-358
122000171,66,116,-50
122000172,4444,2791,1653
122000173,3585,6250,-2665
122000174,1744,3996,-2252
122000175,984,685,299
122000176,523,3352,-2829
122000177,1138,3255,-2117
122000178,9783,7404,2379
122000179,6373,7010,-637
122000180,998,1642,-644
122000181,972,2547,-1575
122000182,2295,2146,149
122000183,5236,1753,3483
122000184,5930,5126,804
122000185,1588,6659,-5071
122000186,1184,4488,-3304
122000187,3327,3468,-141
122000188,651,750,-99
122000189,427,594,-167
122000190,1011,3524,-2513
122000191,1336,1489,-153
122000192,2267,944,1323
122000193,930,1762,-832
122000194,843,575,268
122000195,286,2952,-2666
122000196,2208,583,1625
122000197,685,1452,-767
122000198,721,6107,-5386
122000199,518,853,-335
122000200,1667,1602,65
122000201,1515,6421,-4906
122000202,1373,4228,-2855
122000203,3127,2156,971
122000204,1912,1870,42
122000205,1308,980,328
122000206,12548,2077,10471
122000207,3488,4753,-1265
122000208,3941,5936,-1995
122000209,4418,1671,2747
122000210,2742,6708,-3966
122000211,2020,4059,-2039
122000212,1628,986,642
122000213,1854,3583,-1729
122000214,3595,3618,-23
122000215,5045,3564,1481
122000217,2541,5596,-3055
122000218,1654,180,1474
122000219,3359,1717,1642
122000220,440,1271,-831
122000221,583,661,-78
122000222,999,233,766
122000223,935,1298,-363
122000225,854,1265,-411
122000226,1858,2106,-248
122000227,276,2587,-2311
122000228,553,498,55
122000229,22,955,-933
122000230,154,1420,-1266
122000231,589,1249,-660
122000232,921,920,1
122000233,1,117,-116
122000234,1284,127,1157
122000235,1038,209,829
122000236,2978,52,2926
122000237,194,609,-415
122000238,782,1688,-906
122000239,1326,1042,284
122000240,2496,1121,1375
122000241,3223,1068,2155
122000242,1212,300,912
122000243,62,20,42
122000244,5,461,-456
122000245,20,56,-36
122000246,42,213,-171
122000247,1184,428,756
122000248,2033,1062,971
122000249,2482,1718,764
122000250,3898,1597,2301
122000251,134,306,-172
122000252,355,193,162
122000253,175,301,-126
122000254,703,126,577
122000255,782,907,-125
122000256,561,1054,-493
122000257,636,206,430
122000258,561,1058,-497
122000259,116,768,-652
122000260,23,41,-18
122000261,23,479,-456
122000262,1,50,-49
122000263,365,444,-79
122000264,3426,1011,2415
122000265,6207,2717,3490
122000266,7282,1465,5817
122000267,228,420,-192
122000268,417,534,-117
122000269,1797,826,971
122000270,1192,625,567
122000271,400,6757,-6357
122000272,727,2034,-1307
122000273,1280,960,320
122000274,854,564,290
122000275,105,538,-433
122000276,2449,950,1499
122000277,1977,3238,-1261
122000278,4096,370,3726
122000279,569,580,-11
122000280,954,1587,-633
122000281,1021,701,320
122000282,154,715,-561
122000283,424,325,99
122000284,125,104,21
122000285,618,118,500
122000286,134,210,-76
122000287,3208,2021,1187
122000288,816,401,415
122000291,6290,1661,4629
122000293,315,117,198
122000294,294,762,-468
122000295,2188,436,1752
122000296,54,2050,-1996
122000297,3686,6791,-3105
122000299,1398,592,806
122000300,597,695,-98
122000301,13517,5974,7543
122000302,764,8456,-7692
122000303,3787,1740,2047
122000304,36,522,-486
122000305,4280,877,3403
122000306,165,420,-255
122000307,264,288,-24
122000309,119,106,13
122000310,30,116,-86
122000311,15,191,-176
122000312,319,324,-5
122000313,56,192,-136
122000314,275,813,-538
122000315,626,59,567
122000316,3599,600,2999
122000317,6329,445,5884
122000318,415,3480,-3065
122000319,232,550,-318
122000320,617,1704,-1087
122000321,197,258,-61
122000322,2492,4448,-1956
122000323,789,4607,-3818
122000324,2874,4794,-1920
122000325,1289,6828,-5539
122000326,266,225,41
122000327,460,2457,-1997
122000328,781,1785,-1004
122000330,5533,4809,724
122000332,527,1006,-479
122000333,27,65,-38
122000337,3060,698,2362
122000338,1130,435,695
122000340,302,7950,-7648
122000342,3392,1839,1553
122000343,864,663,201
122000344,178,12,166
122000345,116,44,72
122000346,417,269,148
122000348,1245,1352,-107
122000349,122,1005,-883
122000351,455,525,-70
122000352,370,334,36
122000353,408,127,281
122000355,265,499,-234
122000356,464,4326,-3862
122000357,99,37,62
122000358,3,10,-7
122000359,0,6,-6
122000360,0,13,-13
122000362,22,34,-12
122000364,614,247,367
122000365,3,88,-85
122000366,28,31,-3
122000368,886,1483,-597
122000370,54,19,35
122000371,72,0,72
122000372,40,27,13
122000381,384,695,-311
122000382,96,379,-283
122000384,1860,1822,38
122000385,168,0,168
122000386,310,4733,-4423
122000387,617,3887,-3270
122000388,2349,3670,-1321
122000389,425,3008,-2583
122000390,515,1479,-964
122000391,107,3967,-3860
122000392,294,401,-107
122000393,91,208,-117
122000394,1952,448,1504
122000395,311,236,75
122000396,747,145,602
122000397,46,151,-105
122000398,35,322,-287
122000399,293,178,115
122000400,43,3020,-2977
122000401,251,116,135
122000402,1004,417,587
122000403,1135,780,355
122000404,652,379,273
122000408,889,1355,-466
122000503,3,180,-177
122000524,130,1128,-998
122000544,94,6031,-5937
122000616,359,8,351
122000640,263,130,133
122000641,403,305,98
122000642,2696,769,1927
122000643,89,550,-461
122000644,392,149,243
122000645,24,213,-189
122000651,664,5008,-4344
122000664,293,269,24
122000665,3558,1292,2266
122000666,738,1295,-557
122000673,124,250,-126
122000674,1324,553,771
122000675,4541,1116,3425
122000686,1560,3437,-1877
122000687,3959,524,3435
122000688,600,941,-341
122000689,2675,904,1771
122000690,7523,3537,3986
122000691,2010,2463,-453
122000692,2518,429,2089
122000693,582,1379,-797
122000695,922,449,473
122000696,1726,335,1391
122000698,1023,342,681
122000699,1214,412,802
122000701,5364,454,4910
122000702,959,1815,-856
122000703,668,205,463
122000717,230,150,80
122000718,458,5531,-5073
122000719,55,202,-147
122000720,2082,238,1844
122900001,70,38,32
122900002,1517,16273,-14756
122900003,1300,43,1257
122900004,3519,343,3176
122900005,87,220,-133
122900006,468,1559,-1091
122900007,92,1093,-1001
122900008,289,201,88
122900009,1637,775,862
122900010,600,342,258
122900012,374,680,-306
122900013,0,0,0
122900014,208,136,72
122900015,1900,1770,130
122900016,394,323,71
122900017,496,4103,-3607
122900018,506,18,488
122900019,32,106,-74
122900020,339,728,-389
122900021,77,782,-705
122900022,2798,1603,1195
122900023,2004,319,1685
122900024,170,273,-103
122900025,7,562,-555
122900026,42,231,-189
122900027,87,1262,-1175
122900028,94,134,-40
122900029,15650,4311,11339
122900030,8494,1046,7448
122900031,42,730,-688
122900032,2535,856,1679
122900033,359,294,65
122900034,10399,8499,1900
122900035,162,29,133
122900036,70,101,-31
122900037,963,1061,-98
122900038,148,6049,-5901
122900039,60,825,-765
122900040,378,2986,-2608
122900041,236,917,-681
122900042,383,458,-75
122900043,802,685,117
122900044,248,642,-394
122900045,253,831,-578
122900046,211,738,-527
122900047,149,352,-203
122900048,21,634,-613
122900049,8108,288,7820
122900051,201,2522,-2321
122900052,180,83,97
122900053,27,41,-14
122900055,800,150,650
122900057,541,61,480
122900061,1116,116,1000
122900062,1184,1704,-520
122900063,483,230,253
122900064,1571,650,921
122900065,1125,354,771
122900066,1167,576,591
122900067,1061,645,416
122900068,206,334,-128
122900069,695,3941,-3246
122900070,947,192,755
122900071,177,414,-237
122900072,7,416,-409
122900073,24,143,-119
122900074,2237,153,2084
122900075,0,328,-328
122900076,4,669,-665
122900077,0,103,-103
122900078,483,33,450
122900080,30,78,-48
122900081,315,530,-215
122900082,3477,167,3310
122900083,643,120,523
122900084,6,204,-198
122900086,23,270,-247
122900087,1003,924,79
122900088,25,1542,-1517
122900089,140,802,-662
122900090,52,340,-288
122900091,942,2,940
122900092,2,224,-222
122900093,0,99,-99
122900094,4,218,-214
122900095,453,80,373
122900096,849,382,467
122900097,43,119,-76
122900098,23,216,-193
122900099,234,99,135
122900100,152,1552,-1400
122900101,649,578,71
122900102,86,129,-43
122900103,387,5,382
122900104,771,10,761
122900105,37,16,21
122900106,2,36,-34
122900107,13,75,-62
122900108,0,158,-158
123000001,1252,2371,-1119
123000002,4553,10806,-6253
123000003,10609,8689,1920
123000004,6054,5663,391
123000005,8000,4192,3808
123000006,5421,3131,2290
123000007,7355,4424,2931
123000008,4866,5154,-288
123000009,7301,6415,886
123000010,4618,8970,-4352
123000011,2865,3488,-623
123000012,1322,10501,-9179
123000013,11458,3006,8452
123000014,1413,6364,-4951
123000015,5545,1762,3783
123000016,5007,5814,-807
123000017,6856,3271,3585
123000018,158,213,-55
123000019,1622,89,1533
123000020,1150,41,1109
123000021,645,734,-89
123000022,968,4198,-3230
123000023,4113,6858,-2745
123000024,3344,2014,1330
123000025,28,645,-617
123000026,12,419,-407
123000027,66,1533,-1467
123000028,502,2407,-1905
123000029,333,2322,-1989
123000030,548,400,148
123000031,875,291,584
123000032,1615,277,1338
123000033,737,350,387
123000034,2411,1187,1224
123000035,1671,1149,522
123000036,425,2769,-2344
123000037,444,268,176
123000038,324,532,-208
123000039,983,2647,-1664
123000040,662,382,280
123000041,963,3562,-2599
123000042,582,2217,-1635
123000043,3510,30127,-26617
123000044,4357,4662,-305
123000045,7992,3311,4681
123000046,376,2402,-2026
123000047,746,2013,-1267
123000048,264,2960,-2696
123000049,9665,19998,-10333
123000050,5960,3786,2174
123000051,137,531,-394
123000052,1715,5882,-4167
123000053,5327,4243,1084
123000054,6756,4558,2198
123000055,4020,12722,-8702
123000056,2432,807,1625
123000057,6961,11852,-4891
123000058,1191,3314,-2123
123000059,330,676,-346
123000060,2508,661,1847
123000061,656,839,-183
123000063,3294,2184,1110
123000064,3694,413,3281
123000065,7546,7039,507
123000066,925,1150,-225
123000067,2639,1503,1136
123000068,2905,3399,-494
123000069,5541,1908,3633
123000070,404,1016,-612
123000071,5580,1248,4332
123000072,2751,1225,1526
123000073,4888,1491,3397
123000074,2660,2244,416
123000075,926,4363,-3437
123000076,2118,809,1309
123000077,4764,2221,2543
123000078,7884,2133,5751
123000079,7971,3530,4441
123000080,6562,2231,4331
123000081,715,931,-216
123000082,690,1546,-856
123000083,3010,317,2693
123000084,1971,574,1397
123000085,1237,176,1061
123000086,2352,364,1988
123000087,963,463,500
123000088,3165,997,2168
123000089,2484,2467,17
123000090,3756,1777,1979
123000091,4791,2809,1982
123000092,2099,3139,-1040
123000094,2218,343,1875
123000095,2816,2018,798
123000096,3189,851,2338
123000097,2301,645,1656
123000098,2253,998,1255
123000099,2005,534,1471
123000100,524,1711,-1187
123000101,880,676,204
123000102,1051,2528,-1477
123000104,910,771,139
123000105,764,463,301
123000106,1349,744,605
123000107,853,524,329
123000108,1431,1880,-449
123000111,2577,828,1749
123000112,3243,726,2517
123000113,1329,1323,6
123000114,902,1410,-508
123000115,787,699,88
123000116,83,165,-82
123000117,6052,2811,3241
123000118,1265,718,547
123000119,588,761,-173
123000120,482,1408,-926
123000121,1151,1562,-411
123000122,680,703,-23
123000123,1269,1091,178
123000124,743,820,-77
123000125,2836,1867,969
123000126,2096,10093,-7997
123000127,672,760,-88
123000128,650,509,141
123000129,2363,423,1940
123000130,2461,97,2364
123000131,3801,1596,2205
123000132,656,1393,-737
123000133,251,511,-260
123000134,462,166,296
123000135,6413,1749,4664
123000136,336,749,-413
123000137,432,417,15
123000138,296,446,-150
123000139,1520,588,932
123000140,98,708,-610
123000141,1541,268,1273
123000142,1889,1202,687
123000143,1134,3071,-1937
123000144,17,111,-94
123000145,341,849,-508
123000146,28,228,-200
123000147,131,452,-321
123000149,674,646,28
123000150,225,326,-101
123000151,238,1097,-859
123000152,41,1498,-1457
123000153,125,1459,-1334
123000154,1641,3184,-1543
123000155,3433,2717,716
123000156,76,136,-60
123000157,1500,1466,34
123000158,1132,1655,-523
123000159,5559,11571,-6012
123000160,2203,3235,-1032
123000161,3129,2295,834
123000162,3861,3648,213
123000163,1904,736,1168
123000164,5180,658,4522
123000165,325,1730,-1405
123000166,51,141,-90
123000167,153,379,-226
123000168,719,287,432
123000169,2099,323,1776
123000170,236,166,70
123000171,3430,97,3333
123000172,182,827,-645
123000173,1356,1435,-79
123000174,1959,945,1014
123000175,756,1534,-778
123000176,2284,1313,971
123000177,830,1518,-688
123000178,2426,550,1876
123000179,88,1216,-1128
123000180,3553,630,2923
123000181,496,1308,-812
123000182,420,1166,-746
123000183,336,903,-567
123000184,88,1059,-971
123000185,2266,1136,1130
123000186,8,422,-414
123000187,1481,28,1453
123000188,1130,6,1124
123000189,501,154,347
123000190,181,87,94
123000192,5,504,-499
123000193,32,753,-721
123000194,457,298,159
123000195,927,45,882
123000196,1715,68,1647
123000197,288,209,79
123000198,204,407,-203
123000199,26,581,-555
123000200,1674,36,1638
123000201,3489,37,3452
123000202,30,584,-554
123000203,3209,101,3108
123000204,69,658,-589
123000205,249,894,-645
123000206,6849,500,6349
123000207,139,928,-789
123000208,1721,261,1460
123000209,3752,1201,2551
123000210,154,1948,-1794
123000211,665,2251,-1586
123000212,9649,901,8748
123000213,1482,71,1411
123000215,169,412,-243
123000216,505,2956,-2451
123000217,517,88,429
123000218,97,1341,-1244
123000219,1974,166,1808
123000220,1262,272,990
123000221,436,630,-194
123000222,1103,696,407
123000223,1508,460,1048
123000224,1291,478,813
123000225,571,197,374
123000226,289,2326,-2037
123000227,111,464,-353
123000228,674,84,590
123000229,1136,2040,-904
123000232,308,814,-506
123000233,1950,232,1718
123000234,266,926,-660
123000235,3519,463,3056
123000236,643,806,-163
123000237,1033,317,716
123000238,119,589,-470
123000239,673,1254,-581
123000240,68,2359,-2291
123000241,1075,216,859
123000242,527,510,17
123000243,1327,1357,-30
123000244,1380,798,582
123000245,144,241,-97
123000249,2007,1303,704
123000252,1872,821,1051
123000253,3472,1143,2329
123000254,1141,1252,-111
123000255,2375,1577,798
123000256,64,344,-280
123000257,4002,1723,2279
123000258,1612,861,751
123000259,1110,702,408
123000260,1469,412,1057
123000261,982,303,679
123000262,131,140,-9
123000263,1025,140,885
123000264,311,214,97
123000265,51,233,-182
123000266,857,681,176
123000267,1646,668,978
123000268,101,75,26
123000269,55,232,-177
123000270,69,160,-91
123000271,37,76,-39
123000272,1327,397,930
123000273,613,2431,-1818
123000274,2331,2018,313
123000275,392,1137,-745
123000278,2878,8505,-5627
123000279,387,176,211
123000280,755,489,266
123000281,718,400,318
123000282,237,706,-469
123000283,414,117,297
123000284,150,76,74
123000286,188,1139,-951
123000287,618,996,-378
123000288,1414,3278,-1864
123000289,355,3732,-3377
123000291,215,2142,-1927
123000294,139,210,-71
123000295,1053,2440,-1387
123000296,1463,1113,350
123000297,1199,607,592
123000298,2260,565,1695
123000299,192,228,-36
123000300,2830,1731,1099
123000301,289,972,-683
123000302,429,171,258
123000303,118,671,-553
123000305,2086,1447,639
123000306,532,68,464
123000309,126,161,-35
123000310,172,136,36
123000311,0,288,-288
123000312,632,683,-51
123000313,931,754,177
123000315,361,408,-47
123000316,1244,391,853
123000317,400,200,200
123000318,100,488,-388
123000329,11,41,-30
123000337,444,470,-26
123000338,175,404,-229
123000339,1020,35,985
123000340,124,488,-364
123000342,2,147,-145
123000343,470,31,439
123000344,767,303,464
123000345,727,577,150
123000346,1316,181,1135
123000352,4305,1728,2577
123000353,144,158,-14
123000354,1098,12,1086
123000355,0,413,-413
123000356,1607,42,1565
123000357,7,202,-195
123000359,15,74,-59
123000360,1170,653,517
123000361,1495,562,933
123000362,1127,373,754
123000363,530,490,40
123000364,948,953,-5
123000365,42,621,-579
123000366,787,7457,-6670
123000367,478,959,-481
123000370,47,3774,-3727
123000371,1121,1004,117
123000372,868,250,618
123000373,41,820,-779
123000374,29,226,-197
123000375,1006,113,893
123000376,1827,1795,32
123000377,1991,36,1955
123000378,34,692,-658
123000379,19,1355,-1336
123000380,20,603,-583
123000381,117,279,-162
123000382,1173,348,825
123000383,337,1769,-1432
123000384,1531,459,1072
123000385,347,1454,-1107
123000436,161,3072,-2911
123000507,102,216,-114
123000508,187,2405,-2218
123000517,356,15,341
123000518,36,109,-73
123000519,373,130,243
123000520,39,126,-87
123000521,1109,116,993
123000522,365,296,69
123000541,25,8,17
123000542,0,8,-8
123000565,1629,80,1549
123000566,1352,89,1263
123000567,312,89,223
123000573,73,1080,-1007
123000574,2047,155,1892
123000575,4245,684,3561
123000576,1678,1118,560
123000577,198,1884,-1686
123000578,972,505,467
123000579,1540,16356,-14816
123000580,251,237,14
123000582,1868,71,1797
123000583,55,729,-674
123000584,512,419,93
123000585,0,65,-65
123000586,816,1,815
123000596,108,150,-42
123000597,120,348,-228
123000602,260,41,219
123000603,3147,631,2516
123000604,1521,571,950
123000605,1976,312,1664
123000606,3,944,-941
123000609,55,570,-515
123000610,380,136,244
123000613,131,202,-71
123000614,953,112,841
123000615,138,157,-19
123000616,3061,78,2983
123000617,275,465,-190
123000618,55,954,-899
123000619,766,51,715
123000620,25,423,-398
123000622,997,37,960
123000624,433,145,288
123000630,3933,945,2988
123000631,566,784,-218
123000632,1308,1245,63
123000633,0,512,-512
123000634,115,1184,-1069
123000635,79,367,-288
123000636,86,583,-497
123000637,612,80,532
123000638,1298,33,1265
123000639,2176,15395,-13219
123000640,8,628,-620
123900001,1999,299,1700
123900002,40,3027,-2987
123900003,263,768,-505
123900005,662,641,21
123900006,1242,244,998
124000001,3795,357,3438
124000002,57,1961,-1904
124000003,2813,293,2520
124000004,122,621,-499
124000005,2364,3637,-1273
124000006,214,643,-429
124000007,2425,350,2075
124000008,5,1044,-1039
124000009,1491,982,509
124000010,739,916,-177
124000011,1879,1925,-46
124000012,607,448,159
124000017,723,208,515
124000018,208,99,109
124000019,685,241,444
124000020,50,165,-115
124000021,307,142,165
124000022,77,271,-194
124000023,3028,2689,339
124000024,1957,449,1508
124000025,2429,2506,-77
124000026,1691,1218,473
124000027,5488,5819,-331
124000028,1869,4503,-2634
124000030,2087,1830,257
124000031,2407,18199,-15792
124000032,2143,992,1151
124000033,393,933,-540
124000034,1343,990,353
124000035,26,353,-327
124000036,62,404,-342
124000037,370,1220,-850
124000038,23,236,-213
124000039,593,485,108
124000040,304,1262,-958
124000041,1392,432,960
124000042,244,597,-353
124000043,231,220,11
124000044,52,559,-507
124000045,3552,644,2908
124000046,420,1434,-1014
124000047,6213,1050,5163
124000048,1486,1055,431
124000049,4493,826,3667
124000050,1908,1408,500
124000051,2691,659,2032
124000052,1399,929,470
124000053,566,4889,-4323
124000054,1023,467,556
124000055,1875,13135,-11260
124000056,2519,1019,1500
124000057,3228,648,2580
124000058,1484,1398,86
124000059,2725,2162,563
124000060,631,851,-220
124000061,1916,10877,-8961
124000062,2691,1616,1075
124000063,1556,1303,253
124000064,2372,1545,827
124000065,8,2004,-1996
124000066,198,71,127
124000067,361,405,-44
124000068,45,76,-31
124000069,471,37,434
124000070,225,65,160
124000071,249,256,-7
124000072,653,916,-263
124000073,2149,230,1919
124000074,604,741,-137
124000075,1069,108,961
124000076,39,118,-79
124000077,356,1220,-864
124000078,2099,1504,595
124000079,448,1661,-1213
124000080,1744,415,1329
124000081,482,680,-198
124000082,132,305,-173
124000083,66,96,-30
124000084,60,1179,-1119
124000085,89,74,15
124000086,39,582,-543
124000087,77,463,-386
124000088,147,851,-704
124000089,1239,461,778
124000090,262,254,8
124000091,1265,186,1079
124000092,246,437,-191
124000093,325,328,-3
124000094,242,1056,-814
124000095,484,156,328
124000096,307,281,26
124000097,417,226,191
124000098,137,121,16
124000099,422,85,337
124000100,91,80,11
124000101,402,459,-57
124000102,166,69,97
124000103,589,364,225
124000104,141,66,75
124000105,429,275,154
124000106,164,65,99
124000107,90,530,-440
124000108,100,18,82
124000109,260,171,89
124000110,103,47,56
124000111,475,140,335
124000112,1615,688,927
124000113,445,241,204
124000114,692,599,93
124000115,373,1112,-739
124000116,151,401,-250
124000117,38,109,-71
124000118,79,201,-122
124000119,1711,1977,-266
124000120,1445,1393,52
124000121,1533,1218,315
124000122,536,1955,-1419
124000123,1465,585,880
124000124,599,933,-334
124000125,823,541,282
124000126,496,571,-75
124000127,2272,521,1751
124000128,988,1006,-18
124000129,2417,1797,620
124000130,611,708,-97
124000131,1281,1250,31
124000132,570,1264,-694
124000133,2469,1866,603
124000134,1409,953,456
124000135,3513,4082,-569
124000136,1044,1372,-328
124000137,1497,2586,-1089
124000138,1376,1334,42
124000139,812,216,596
124000140,15,803,-788
124000141,52,56,-4
124000142,1,442,-441
124000143,130,69,61
124000144,29,60,-31
124000145,237,545,-308
124000146,72,468,-396
124000148,27,86,-59
124000149,2410,415,1995
124000150,427,1001,-574
124000151,2046,706,1340
124000152,1166,1221,-55
124000153,1602,1382,220
124000154,731,799,-68
124000155,1895,1334,561
124000156,999,1205,-206
124000169,352,1688,-1336
124000170,2117,1204,913
124000171,654,897,-243
124000172,444,1156,-712
124000173,1838,555,1283
124000174,857,845,12
124000175,24,184,-160
124000176,122,46,76
124000177,11,85,-74
124000178,87,149,-62
124000190,84,50,34
124000191,30,220,-190
124000192,2409,1996,413
124000193,377,7520,-7143
124000194,382,551,-169
124000195,783,633,150
124000196,957,1257,-300
124000197,81,42,39
124000198,161,174,-13
124000201,86,814,-728
124000202,1156,198,958
124000203,1779,280,1499
124000204,3382,1414,1968
124000205,245,331,-86
124000206,2503,520,1983
124000207,0,19,-19
124000209,336,296,40
124000210,2710,395,2315
124000211,2078,6,2072
124000212,0,164,-164
124000213,1773,129,1644
124000214,1505,436,1069
124000215,1238,24,1214
124000216,9,260,-251
124000329,813,997,-184
124000338,570,847,-277
124000339,4517,58,4459
124000341,4828,158,4670
124000344,82,1,81
124000357,1900,6173,-4273
124000358,813,2994,-2181
124000359,2797,1494,1303
124000360,2585,1098,1487
124000361,3223,1925,1298
124000362,2954,5567,-2613
124000363,911,485,426
124000364,1051,1279,-228
124000365,1031,1338,-307
124000366,3468,946,2522
124000367,86,528,-442
124000368,530,2646,-2116
124000369,73,238,-165
124000370,40,1058,-1018
124000402,80,71,9
124000403,405,50,355
124000404,57,141,-84
124000405,1319,1065,254
124000406,824,580,244
124000407,7,31,-24
124000411,5,482,-477
124000412,999,2,997
124000413,239,662,-423
124000414,343,188,155
124000415,208,66,142
124000416,334,258,76
124000417,787,173,614
124000418,745,72,673
124000419,168,80,88
124000420,464,45,419
124000421,97,57,40
124000422,27,54,-27
124000423,239,67,172
124000424,24,25,-1
124000425,93,53,40
124000426,24,108,-84
124000427,118,18,100
124000428,10,547,-537
124000429,261,37,224
124000430,2014,764,1250
124000431,939,1056,-117
124000432,705,1559,-854
124000439,30,3,27
124000442,39,33,6
124000443,6,12,-6
124000445,58,2927,-2869
124000446,557,296,261
124900001,1893,450,1443
124900002,547,418,129
124900003,2491,467,2024
124900004,1988,373,1615
124900005,549,119,430
124900006,1763,404,1359
124900008,644,710,-66
124900009,142,910,-768
124900010,601,158,443
124900011,2050,560,1490
124900012,723,97,626
124900013,989,258,731
124900014,723,391,332
124900015,367,878,-511
124900016,244,502,-258
124900017,976,8053,-7077
124900018,366,9,357
124900020,216,98,118
124900021,774,361,413
124900022,93,16,77
124900024,987,6,981
124900026,93,62,31
124900027,251,503,-252
124900028,497,184,313
124900029,34,1114,-1080
124900030,3,131,-128
124900031,157,405,-248
124900032,646,307,339
124900033,269,305,-36
124900034,58,477,-419
124900035,330,302,28
124900036,4,270,-266
124900037,237,207,30
124900038,179,211,-32
124900039,5,126,-121
124900040,280,147,133
124900041,756,694,62
124900042,61,0,61
124900043,1032,429,603
124900044,210,14,196
124900045,476,1624,-1148
124900046,902,188,714
124900047,60,395,-335
124900048,456,87,369
124900050,341,180,161
124900052,202,487,-285
124900053,468,652,-184
124900054,1187,879,308
124900055,0,121,-121
124900057,12,57,-45
124900060,66,373,-307
124900061,231,3,228
124900062,404,6,398
124900066,0,7,-7
124900067,2,66,-64
124900068,151,1753,-1602
124900070,130,59,71
124900072,584,49,535
124900074,829,422,407
124900075,1466,153,1313
124900076,65,5165,-5100
124900077,27,164,-137
124900078,302,23,279
124900079,252,567,-315
124900080,766,233,533
124900081,2216,276,1940
124900082,656,423,233
124900083,686,618,68
124900084,1323,100,1223
124900085,587,563,24
124900086,69,1413,-1344
124900087,282,105,177
124900088,110,128,-18
124900089,627,22,605
124900090,1649,442,1207
124900091,719,384,335
124900092,574,399,175
124900093,1494,441,1053
124900094,2012,468,1544
124900095,393,1254,-861
124900096,438,182,256
124900097,1279,140,1139
124900098,337,555,-218
124900099,273,1201,-928
124900100,1037,33,1004
124900101,199,309,-110
124900102,947,20,927
124900103,290,187,103
124900104,103,248,-145
124900105,165,174,-9
124900106,771,102,669
124900107,542,89,453
124900108,287,206,81
124900109,245,412,-167
124900110,1103,279,824
124900111,5,151,-146
124900112,267,415,-148
124900113,71,316,-245
124900114,59,205,-146
124900115,95,213,-118
124900116,394,594,-200
124900117,159,251,-92
124900118,89,950,-861
124900119,677,349,328
124900120,13,237,-224
124900121,96,572,-476
124900122,137,161,-24
124900123,95,110,-15
124900124,60,200,-140
129000186,269,300,-31
204000001,53,8,45
204000002,4,4,0
204000003,57,21,36
204000004,4,4,0
204000005,806,502,304
204000006,1675,1385,290
204000008,940,452,488
204000011,13,61,-48
204000012,154,170,-16
204000013,7,36,-29
204000019,1795,672,1123
204000020,2161,1717,444
204000021,4318,2063,2255
204000022,2399,909,1490
204000023,1126,547,579
204000031,24,29,-5
204000032,707,90,617
204000034,116,250,-134
204000035,0,9,-9
204000036,10,71,-61
204000037,0,34,-34
204000038,0,5,-5
204000039,8,21,-13
204000040,23,46,-23
204000041,20,57,-37
204000042,143,17,126
204000043,83,25,58
204000044,94,7,87
204000045,126,9,117
204000046,48,18,30
204000057,26,20,6
204000062,32,15,17
204000068,30,1114,-1084
204000069,15,1100,-1085
204000070,116,439,-323
204000080,270,329,-59
204000085,1839,1171,668
204000086,2878,1492,1386
204000087,90,20,70
204000088,21,82,-61
204000090,120,475,-355
204000093,1209,125,1084
204000096,3113,963,2150
204000097,1161,13,1148
204000099,1598,4047,-2449
204000100,2950,1810,1140
204000105,2365,696,1669
204000110,516,2070,-1554
204000111,1128,1207,-79
204000112,1244,2997,-1753
204000113,538,1666,-1128
204000114,1752,1884,-132
204000115,2359,1116,1243
204000116,1148,3348,-2200
204000119,4619,2210,2409
204000132,1165,903,262
204000133,1310,137,1173
204000134,358,115,243
204000135,1058,178,880
204000136,644,658,-14
204000138,469,1543,-1074
204000140,459,140,319
204000141,195,85,110
204000144,19,41,-22
204000145,1113,69,1044
204000146,48,331,-283
204000147,52,1486,-1434
204000148,531,136,395
204000154,21,30,-9
204000155,9,11,-2
204000177,78,242,-164
204000179,103,26,77
204000180,0,60,-60
204000222,12,7,5
204000235,150,54,96
204000236,97,246,-149
204000238,44,49,-5
204000240,568,136,432
204000263,429,993,-564
204000308,231,65,166
204000317,37,231,-194
204000322,18,176,-158
204000323,40,16,24
204000328,541,47,494
204000329,66,190,-124
204000330,396,25,371
204000331,120,236,-116
204010341,25,196,-171
205000001,984,1511,-527
205000013,163,174,-11
205000014,241,82,159
205000015,312,65,247
205000016,145,219,-74
205000017,154,74,80
205000022,511,618,-107
205000025,2732,807,1925
205000029,874,56,818
205000045,508,333,175
205000047,259,977,-718
205000048,1160,442,718
205000049,385,558,-173
205000050,1852,340,1512
205000059,2,974,-972
205000060,4,1642,-1638
205000061,15,2589,-2574
205000062,5,2749,-2744
205000063,101,2930,-2829
205000064,220,792,-572
205000065,1142,966,176
205000066,493,439,54
205000067,330,578,-248
205000069,195,29,166
205000082,244,413,-169
205000110,149,197,-48
205000111,253,135,118
205000112,240,208,32
205000113,130,402,-272
205000121,368,139,229
205000123,192,188,4
205000126,1149,98,1051
205000127,1087,117,970
205000128,842,90,752
205000129,1731,84,1647
205000130,84,44,40
205000131,18,55,-37
205000132,71,48,23
205000133,38,12,26
205000134,542,8,534
205000137,449,90,359
205000138,528,613,-85
205000139,78,245,-167
205000144,86,140,-54
205000145,445,735,-290
205000151,358,108,250
205000152,177,254,-77
205000153,274,266,8
205000154,191,298,-107
205000155,568,80,488
205000207,9,205,-196
205000233,30,1,29
205000234,1,0,1
205000243,1,11,-10
205000244,0,7,-7
205000245,24,280,-256
205000249,1,66,-65
205000250,0,0,0
205000251,483,443,40
205000264,36,152,-116
206000027,23,28,-5
206000028,21,24,-3
206000043,7,97,-90
206000053,7,22,-15
206000054,1,60,-59
206000055,2,35,-33
206000075,52,35,17
206000076,47,19,28
206000077,57,35,22
206000078,17,23,-6
206000079,47,6,41
206000082,451,263,188
206000100,24,1049,-1025
206000103,6,43,-37
206000104,8,26,-18
206000105,21,65,-44
206000106,4,23,-19
206000108,987,190,797
206000125,221,1,220
206000157,36,633,-597
206000170,1,262,-261
206000171,41,282,-241
206000172,25,220,-195
206000173,5,104,-99
206000174,59,31,28
206000175,15,71,-56
206000176,49,135,-86
206000177,4,101,-97
206000178,3,582,-579
206000179,4,976,-972
206000180,28,156,-128
206000181,5,65,-60
206000182,21,59,-38
206000183,28,162,-134
206000184,5,109,-104
206000185,47,34,13
206000186,152,296,-144
206000223,18,722,-704
206000226,57,24,33
206000227,44,19,25
206000237,31,174,-143
206000238,125,318,-193
206000239,313,2086,-1773
206000240,0,71,-71
206000241,0,79,-79
206000242,52,262,-210
206000243,57,69,-12
206000244,120,149,-29
206000245,2887,174,2713
206000246,838,28,810
206000247,1082,23,1059
206000248,1263,167,1096
206000252,161,78,83
206000258,11,116,-105
206000315,119,27,92
206000317,835,275,560
206000318,1099,118,981
206000319,3912,211,3701
206000320,960,33,927
206000321,936,28,908
206000322,1566,144,1422
206000323,606,26,580
206000324,659,63,596
206000325,452,65,387
206000326,566,107,459
206000327,51,68,-17
206000328,661,40,621
206000329,860,43,817
206000330,220,174,46
206000331,622,132,490
206000332,163,33,130
206000333,2991,8,2983
206000334,1318,5,1313
206000335,0,28,-28
206000361,9,158,-149
206000392,6,19,-13
206000405,340,2,338
206000441,141,66,75
206000498,54,3,51
206000515,79,117,-38
206000530,585,129,456
206000531,212,532,-320
206000532,1575,817,758
206000535,212,5720,-5508
206000536,39,104,-65
206000537,46,150,-104
206000613,1490,326,1164
207000001,242,337,-95
207000002,236,422,-186
207000003,261,241,20
207000007,2852,350,2502
207000008,665,8,657
207000009,208,29,179
207000010,880,427,453
207000012,751,320,431
207000015,704,752,-48
207000019,645,180,465
207000021,675,857,-182
207000022,442,399,43
207000023,681,212,469
207000024,2,65,-63
207000025,42,267,-225
207000026,154,95,59
207000027,32,87,-55
207000028,117,190,-73
207000029,258,718,-460
207000033,508,408,100
207000034,603,165,438
207000039,1418,211,1207
207000040,1351,88,1263
207000041,350,709,-359
207000042,680,254,426
207000043,414,278,136
207000051,187,606,-419
207000052,10,583,-573
207000053,554,383,171
207000054,96,64,32
207000055,286,64,222
207000056,402,616,-214
207000057,249,455,-206
207000058,347,294,53
207000059,191,219,-28
207000060,80,434,-354
207000061,239,1472,-1233
207000062,1063,74,989
207000063,1141,492,649
207000064,774,332,442
207000065,706,374,332
207000066,760,405,355
207000067,144,199,-55
207000068,356,100,256
207000069,1546,405,1141
207000082,44,202,-158
207000083,262,292,-30
207000084,1127,499,628
207000085,557,71,486
207000086,788,11,777
207000106,186,44,142
207000107,360,37,323
207000108,241,13,228
207000109,191,23,168
207000110,122,299,-177
207000111,130,247,-117
207000112,161,2945,-2784
207000114,65,35,30
207000115,156,212,-56
207000116,36,590,-554
207000117,13,213,-200
207000118,1,292,-291
207000119,69,199,-130
207000123,825,39,786
207000124,330,47,283
207000125,126,11,115
207000126,83,26,57
207000134,366,185,181
207000135,93,404,-311
207000148,172,1237,-1065
207000149,157,62,95
207000152,194,703,-509
207000153,299,810,-511
207000154,697,370,327
207000159,542,254,288
207000160,641,315,326
207000238,0,81,-81
207000242,0,55,-55
207000248,91,130,-39
207000249,274,88,186
207000250,1136,203,933
207000251,314,262,52
207000252,134,80,54
207000278,265,311,-46
207000279,121,206,-85
207000280,1873,62,1811
207000281,437,343,94
207000282,76,659,-583
207000283,54,191,-137
207000284,46,2350,-2304
207000285,118,95,23
207000291,39,144,-105
207000304,107,116,-9
207000306,95,337,-242
207000310,259,161,98
207000353,249,13,236
207000356,9,261,-252
207000357,3,41,-38
207000358,0,17,-17
207000415,2,105,-103
207000417,167,5,162
207000418,0,21,-21
207000437,0,2,-2
207000439,606,463,143
207000446,516,3,513
207000460,228,34,194
207000466,189,595,-406
207000467,362,215,147
207000468,81,180,-99
207000476,10,24,-14
207000477,1322,82,1240
207000523,0,11,-11
207000524,39,3,36
207000527,441,187,254
207000530,2339,15,2324
207000531,820,53,767
207000532,359,475,-116
207000534,286,31,255
207000535,24,599,-575
207000537,15,284,-269
207000540,2,129,-127
207000541,7,160,-153
207000548,8,1161,-1153
207000549,1078,235,843
207000561,550,263,287
207000562,59,96,-37
207000567,120,303,-183
207000568,839,91,748
207000569,2213,192,2021
207000584,78,280,-202
207000585,40,319,-279
207000616,2,278,-276
207000617,354,0,354
207900008,937,96,841
208000001,1082,2325,-1243
208000002,1359,1566,-207
208000003,1655,579,1076
208000004,1436,2120,-684
208000005,4,213,-209
208000019,2131,719,1412
208000020,524,340,184
208000021,537,707,-170
208000022,2050,500,1550
208000028,1725,3724,-1999
208000033,926,495,431
208000034,1418,2091,-673
208000040,513,401,112
208000041,2272,983,1289
208000042,2919,945,1974
208000047,240,299,-59
208000064,3186,2692,494
208000066,1732,2611,-879
208000070,1329,692,637
208000071,1467,461,1006
208000072,1390,918,472
208000080,623,1325,-702
208000081,689,172,517
208000082,1120,264,856
208000083,330,332,-2
208000084,9,139,-130
208000085,1116,965,151
208000086,953,1573,-620
208000087,675,1012,-337
208000089,1995,534,1461
208000090,2034,622,1412
208000093,59,206,-147
208000094,1171,419,752
208000095,1862,848,1014
208000104,2884,730,2154
208000105,1628,1269,359
208000114,245,757,-512
208000115,1215,634,581
208000116,2395,3019,-624
208000117,49,332,-283
208000118,292,557,-265
208000155,1216,2067,-851
208000158,2954,4949,-1995
208000186,1292,3031,-1739
208000204,1515,3008,-1493
208000205,2739,1767,972
208000282,1074,1848,-774
209000004,1525,477,1048
209000005,134,861,-727
209000006,520,926,-406
209000007,648,1004,-356
209000010,429,838,-409
209000011,156,394,-238
209000012,274,844,-570
209000013,772,1002,-230
209000014,1093,1368,-275
209000025,1051,104,947
209000026,2023,338,1685
209000027,863,515,348
209000028,643,449,194
209000029,1370,3093,-1723
209000030,1496,2879,-1383
209000031,7252,2475,4777
209000034,344,708,-364
209000035,346,600,-254
209000036,679,460,219
209000037,880,522,358
209000038,399,332,67
209000039,152,203,-51
209000040,385,808,-423
209000041,588,654,-66
209000042,1766,456,1310
209000043,1032,726,306
209000044,720,1004,-284
209000045,959,337,622
209000046,942,505,437
209000047,748,442,306
209000048,848,1049,-201
209000049,218,54,164
209000050,279,102,177
209000051,427,161,266
209000052,304,217,87
209000062,212,74,138
209000063,144,31,113
209000064,115,23,92
209000065,383,109,274
209000066,306,76,230
209000067,365,43,322
209000080,45,244,-199
209000082,92,74,18
209000091,69,128,-59
209000093,63,194,-131
209000094,85,256,-171
209000110,97,308,-211
209000111,653,3629,-2976
209000112,2128,1210,918
209000113,3959,2651,1308
209000114,1676,1560,116
209000115,151,120,31
209000116,461,354,107
209000118,33,313,-280
209000119,25,132,-107
209000121,202,611,-409
209000135,44,159,-115
209000142,1608,6297,-4689
209000143,138,329,-191
209000144,142,1044,-902
209000229,296,140,156
209000240,136,382,-246
209000259,40,93,-53
209000260,51,1034,-983
209000261,4,628,-624
209000262,3,554,-551
209000263,4,2422,-2418
209000264,0,211,-211
209000265,980,2,978
209000266,343,6,337
209000267,3570,17,3553
209000268,738,174,564
210000037,129,198,-69
210000047,197,25,172
210000048,169,36,133
210000049,132,10,122
210000052,179,58,121
210000053,78,39,39
210000054,19,95,-76
210000070,475,16,459
210000071,429,2,427
210000072,122,0,122
210000073,0,97,-97
210000074,0,201,-201
210000075,0,262,-262
210000076,10,394,-384
210000077,16,376,-360
210000078,38,411,-373
210000079,61,119,-58
210000080,71,499,-428
210000081,593,52,541
210000082,33,11,22
210000083,123,6,117
210000084,145,1,144
210000085,0,316,-316
210000086,2,168,-166
210000099,182,336,-154
210000100,214,193,21
210000101,188,221,-33
210000105,24,417,-393
210000159,1,396,-395
210000163,69,213,-144
210000164,400,334,66
210000168,636,163,473
210000187,0,81,-81
210000188,0,96,-96
210000214,16,0,16
210000219,152,52,100
210000220,309,33,276
210000232,5,21,-16
210000233,62,16,46
210000234,69,48,21
210000235,199,43,156
210000245,2,260,-258
210000246,15,0,15
210000258,41,94,-53
210000259,571,159,412
210000282,78,441,-363
210000285,0,185,-185
210000286,41,170,-129
210000290,0,1,-1
210000295,101,252,-151
210000296,156,79,77
210000320,492,67,425
210000321,364,29,335
210000338,94,132,-38
210000339,179,1219,-1040
210000340,204,604,-400
210000341,380,409,-29
210000342,532,272,260
210000343,322,308,14
210000344,155,424,-269
210000345,272,729,-457
210000346,133,404,-271
210000347,88,737,-649
210000348,316,470,-154
210000349,203,189,14
210000350,443,472,-29
210000351,390,254,136
210000352,81,49,32
210000353,58,79,-21
210000354,100,94,6
210000355,103,666,-563
210000356,32,1025,-993
210000357,104,1045,-941
210000358,1509,835,674
210000359,188,1164,-976
210000360,495,920,-425
210000361,594,377,217
210000362,683,443,240
210000363,1294,488,806
210000364,596,351,245
210000365,496,137,359
210000366,615,74,541
210000367,329,73,256
210000368,395,67,328
210000369,76,257,-181
210000370,110,376,-266
210000372,83,107,-24
210000373,42,408,-366
210000374,142,431,-289
210000375,34,57,-23
210000376,66,721,-655
210000404,104,275,-171
210000439,155,31,124
210000472,66,7,59
210000482,92,189,-97
210000564,432,322,110
210000567,0,4,-4
210000568,470,17,453
211000092,112,29,83
211000094,64,5,59
211000169,378,25,353
211000172,39,131,-92
211000209,0,56,-56
211000226,0,0,0
211000270,1,0,1
211000275,60,55,5
211000276,316,52,264
211000279,58,70,-12
211000281,238,27,211
211507980,0,232,-232
211977296,80,2,78
212000003,557,232,325
212000004,4,246,-242
212000005,33,295,-262
212000006,92,339,-247
212000008,490,362,128
212000009,143,258,-115
212000012,239,82,157
212000013,70,54,16
212000014,714,114,600
212000015,654,168,486
212000016,1151,447,704
212000027,809,426,383
212000028,534,338,196
212000029,435,253,182
212000030,98,32,66
212000031,130,51,79
212000048,110,967,-857
212000049,24,401,-377
212000050,18,14,4
212000051,661,133,528
212000052,622,123,499
212000053,436,276,160
212000054,1107,91,1016
212000055,776,147,629
212000056,40,87,-47
212000057,9,42,-33
212000058,260,76,184
212000070,323,164,159
212000077,419,345,74
212000099,771,309,462
212000108,413,597,-184
212000111,584,155,429
212000120,299,429,-130
212000138,502,149,353
212000156,2,65,-63
212000158,2,60,-58
212000159,1327,164,1163
212000160,1143,274,869
212000161,128,12,116
212000310,107,19,88
212000311,42,59,-17
212000374,79,21,58
213000001,10,781,-771
213000005,935,617,318
213000006,1034,526,508
213000007,231,49,182
213000009,478,269,209
213000010,578,205,373
213000011,330,201,129
213000012,542,300,242
213000014,113,49,64
213000015,616,35,581
213000016,853,7,846
213000017,182,0,182
213000018,0,31,-31
213000019,0,435,-435
213000020,197,138,59
213000021,7,74,-67
213000023,428,741,-313
213000033,708,1823,-1115
213000034,671,309,362
213000035,268,437,-169
213000045,310,391,-81
213000046,163,143,20
213000047,442,1152,-710
213000056,320,135,185
213000069,402,53,349
213000073,1,63,-62
213000074,95,731,-636
213000075,1269,16,1253
213000085,3,46,-43
213000086,30,210,-180
213000091,464,11,453
213000092,46,26,20
213000099,469,1615,-1146
213000100,1204,757,447
213000101,1307,128,1179
213000102,1123,177,946
213000103,874,473,401
213000104,99,305,-206
213000105,150,2504,-2354
213000106,78,592,-514
213000107,248,686,-438
213000108,75,643,-568
213000109,8,245,-237
213000110,15,191,-176
213000111,13,146,-133
213000112,82,131,-49
213000115,66,8,58
213000116,72,507,-435
213000117,13,578,-565
213000118,2012,636,1376
213000119,59,530,-471
213000120,146,421,-275
213000122,277,427,-150
213000123,181,525,-344
213000124,606,736,-130
213000125,186,80,106
213000126,274,378,-104
213000127,78,371,-293
213000128,143,800,-657
213000129,312,3522,-3210
213000130,1331,1652,-321
213000132,1803,466,1337
213000133,2015,175,1840
213000134,3893,28,3865
213000136,1088,28,1060
213000137,1240,113,1127
213000139,275,45,230
213000147,35,56,-21
213000148,24,47,-23
213000149,35,62,-27
213000150,4,1396,-1392
213000151,0,453,-453
213000152,5,674,-669
213000153,2,362,-360
213000154,211,933,-722
213000155,126,976,-850
213000156,336,463,-127
213000157,2010,294,1716
213000158,1015,811,204
213000159,1211,483,728
213000163,2908,312,2596
213000165,920,629,291
213000171,1,58,-57
213000172,2,123,-121
213000173,0,84,-84
213000174,12,70,-58
213000175,19,92,-73
213000176,527,75,452
213000177,463,22,441
213000178,671,3,668
213000179,638,3,635
213000180,466,0,466
213000184,223,758,-535
213000188,1113,181,932
213000189,1458,116,1342
213000190,853,376,477
213000191,996,215,781
213000192,614,184,430
213000193,1161,439,722
213000194,2,346,-344
213000195,78,287,-209
213000196,804,2862,-2058
213000197,963,1380,-417
213000198,50,23,27
213000200,237,608,-371
213000201,15,131,-116
213000202,23,711,-688
213000203,2030,353,1677
213000204,1515,82,1433
213000205,1096,106,990
213000206,1197,170,1027
213000207,96,18,78
213000208,59,7,52
213000209,276,32,244
213000210,552,24,528
213000211,16,91,-75
213000212,44,186,-142
213000213,33,119,-86
213000218,821,873,-52
213000219,2247,125,2122
213000220,2334,28,2306
213000223,393,289,104
213000224,29,67,-38
213000225,130,16,114
213000226,75,18,57
213000227,2671,220,2451
213000228,1326,1186,140
213000229,122,168,-46
213000230,2158,41,2117
213000232,197,9,188
213000233,81,251,-170
213000234,6,109,-103
213000293,85,162,-77
213000294,140,104,36
213000295,23,166,-143
213000296,185,50,135
213000297,7,139,-132
213000298,17,190,-173
213000299,160,31,129
213000300,10,22,-12
213000303,3,41,-38
213000304,2,13,-11
213000305,8,64,-56
213000306,129,1217,-1088
213000307,183,786,-603
213000308,234,270,-36
213000309,415,105,310
213000310,374,268,106
213000311,309,1011,-702
213000315,190,443,-253
213000316,543,213,330
213000322,214,31,183
213000323,248,160,88
213000324,301,14,287
213000325,208,54,154
213000326,346,25,321
213000327,169,48,121
213000328,173,116,57
213000329,372,33,339
213000340,199,720,-521
213000341,1824,115,1709
213000347,317,2029,-1712
213000348,2,193,-191
213000349,12,22,-10
213000350,382,1394,-1012
213000366,119,341,-222
213000367,1023,17,1006
213000379,46,189,-143
213000386,35,33,2
213000406,714,66,648
213000417,3803,826,2977
213000425,840,116,724
213000426,477,44,433
213000427,173,81,92
213000428,87,282,-195
213000429,39,5,34
213000430,234,570,-336
213000431,18,1,17
213000432,3,57,-54
213000433,31,61,-30
213000434,297,160,137
213000435,221,123,98
213000436,138,95,43
213000437,9,18,-9
213000438,251,54,197
213000439,136,82,54
213000440,38,190,-152
213000441,0,3,-3
213000442,13,47,-34
213000443,1229,780,449
213000444,72,26,46
213000445,0,103,-103
213000446,2,46,-44
213000447,3,188,-185
213000448,19,259,-240
213000449,1941,14,1927
213000450,29,34,-5
213000451,770,47,723
213000452,57,43,14
213000453,74,334,-260
213000455,192,80,112
213000456,1,263,-262
213000481,5,2,3
213000484,101,2,99
213000489,338,60,278
213900002,5,672,-667
213900003,216,65,151
213900013,9,88,-79
213900015,0,3,-3
213900016,12,4,8
213900020,86,56,30
213900030,0,66,-66
213900032,169,307,-138
213900033,527,166,361
213900034,1567,111,1456
213900035,586,173,413
213900036,331,145,186
213900037,129,216,-87
213900038,1059,195,864
213900039,0,129,-129
213900041,27,620,-593
213900042,235,559,-324
213900043,372,112,260
213900244,97,0,97
213900245,0,25,-25
218000003,115,98,17
218000004,171,248,-77
218000005,83,162,-79
218000006,157,130,27
218000007,19,36,-17
218000012,395,367,28
218000013,521,315,206
218000014,612,416,196
218000019,641,579,62
218000020,505,389,116
218000021,93,66,27
218000022,64,29,35
218000023,43,18,25
218000024,9,15,-6
218000025,18,30,-12
218000026,18,53,-35
218000027,2,5,-3
218000028,3,3,0
218000029,4,19,-15
218000030,31,16,15
218000031,30,20,10
218000032,2,44,-42
218000040,3,19,-16
218000046,266,118,148
218000047,59,65,-6
218000048,106,37,69
218000049,76,67,9
218000050,244,178,66
218000051,108,384,-276
218000052,0,67,-67
218000053,11,33,-22
218000054,1,62,-61
218000055,20,49,-29
218000056,47,43,4
218000057,11,51,-40
218000064,0,50,-50
218000065,322,20,302
218000066,31,125,-94
218000067,205,105,100
218000068,298,140,158
218000069,728,130,598
218000070,357,497,-140
218000071,341,376,-35
218000072,275,482,-207
218000078,2538,511,2027
218000079,562,311,251
218000080,389,244,145
218000081,1478,216,1262
218000082,352,98,254
218000083,244,106,138
218000084,545,116,429
218000085,359,181,178
218000086,205,130,75
218000087,389,126,263
218000090,54,254,-200
218000091,2001,866,1135
218000092,411,162,249
218000093,233,106,127
218000094,784,511,273
218000099,493,976,-483
218000100,876,443,433
218000101,639,234,405
218000102,1024,587,437
218000103,252,171,81
218000104,374,68,306
218000105,27,34,-7
218000106,17,10,7
218000107,262,74,188
218000108,35,44,-9
218000112,208,82,126
218000117,95,248,-153
218000134,1258,471,787
218000135,19,122,-103
218000136,495,182,313
218000137,539,288,251
218000138,93,151,-58
218000139,563,694,-131
218000140,1244,830,414
218000141,144,107,37
218000142,306,251,55
218000143,80,969,-889
218000144,36,341,-305
218000145,1337,654,683
218000146,315,399,-84
218000151,14,67,-53
218000152,145,75,70
218000153,8,15,-7
218000154,11,3,8
218000155,93,5,88
218000156,247,21,226
218000157,69,32,37
218000158,44,94,-50
218000159,7,42,-35
218000160,17,2,15
218000161,115,3,112
218000162,139,6,133
218000163,32,11,21
218000164,242,17,225
218000165,229,47,182
218000170,2,72,-70
218000171,103,16,87
218000172,27,26,1
218000173,38,26,12
218000174,37,19,18
218000176,374,276,98
218000177,578,341,237
218000178,111,319,-208
218000179,323,98,225
218000180,291,71,220
218000181,794,75,719
218000187,10,96,-86
218000188,32,37,-5
218000189,31,105,-74
218000190,147,40,107
218000191,341,34,307
218000192,527,229,298
218000193,736,328,408
218000194,374,316,58
218000195,330,68,262
218000196,866,344,522
218000197,1455,285,1170
218000198,265,115,150
218000199,82,23,59
218000200,116,144,-28
218000201,45,4,41
218000202,113,1029,-916
218000207,10,26,-16
218000208,82,177,-95
218000211,67,43,24
218000212,5,17,-12
218000213,290,108,182
218000214,11,34,-23
218000215,183,89,94
218000217,3,68,-65
218000218,333,45,288
218000219,3,402,-399
218000220,60,2403,-2343
218000221,979,587,392
218000222,1,410,-409
218000223,151,1481,-1330
218000224,19,421,-402
218000225,304,39,265
218000226,419,108,311
218000230,0,2,-2
218000232,107,52,55
218000239,160,37,123
218000240,9,7,2
218000241,84,1,83
218000242,19,7,12
218000243,10,16,-6
218000244,38,25,13
218000245,152,16,136
218000246,0,9,-9
218000247,3,1,2
218000248,2,125,-123
218000249,0,32,-32
218000250,19,1354,-1335
218000251,0,82,-82
218000252,0,110,-110
218000253,1,52,-51
218000254,1,37,-36
218000255,1,11,-10
218000256,6,50,-44
218000267,670,1084,-414
218000268,13,42,-29
218000269,1,56,-55
218000270,144,47,97
218000271,8,19,-11
218000273,108,3,105
218000274,17,4,13
218000275,113,68,45
218000276,34,25,9
218000278,9,120,-111
218000279,19,32,-13
218000280,5,7,-2
218000281,34,63,-29
218000282,963,1313,-350
218000284,243,4,239
218000301,189,243,-54
218000302,113,63,50
218000303,41,89,-48
218000316,2652,1220,1432
218000317,3816,1032,2784
218000318,2459,868,1591
218000319,2711,714,1997
218000320,2404,854,1550
218000338,39,199,-160
218000345,227,234,-7
218000346,80,430,-350
218000459,62,187,-125
218000490,21,111,-90
218000501,320,146,174
218000502,372,155,217
218000503,290,40,250
218000504,279,52,227
218000505,78,130,-52
218000506,45,306,-261
218000508,3,16,-13
218000510,108,10,98
218000520,366,171,195
218000521,9,29,-20
218000522,2,659,-657
218000523,200,1,199
218000524,4,469,-465
218000525,135,40,95
218000526,59,397,-338
218000529,30,70,-40
218000530,57,8,49
218000531,30,26,4
218000532,99,17,82
218000534,382,14,368
218000537,19,247,-228
218000538,128,1016,-888
218000540,178,252,-74
218000543,257,141,116
218000544,72,79,-7
218000545,216,164,52
218000546,52,56,-4
218000547,232,540,-308
218000548,265,123,142
218000549,1400,226,1174
218000550,292,191,101
218000551,141,480,-339
218000552,402,336,66
218000553,16,124,-108
218000554,14,48,-34
218000555,72,48,24
218000556,246,171,75
218000557,858,174,684
218000558,115,0,115
218000559,0,78,-78
218000560,0,52,-52
218000561,17,0,17
218000562,55,218,-163
218000563,412,64,348
218000564,19,207,-188
218000565,144,80,64
218000566,67,53,14
218000567,2,98,-96
218000568,19,1,18
218000569,3,280,-277
218000570,12,24,-12
218000571,1,235,-234
218000572,180,93,87
218000573,21,119,-98
218000574,100,20,80
218000575,205,1,204
218000576,2,110,-108
218000577,213,1,212
218000578,0,344,-344
218000579,145,66,79
218000581,3,135,-132
218000582,130,14,116
218000583,16,2,14
218000584,1,34,-33
218000585,40,19,21
218000586,28,53,-25
218000587,5,1,4
218000588,1,9,-8
218000589,1,11,-10
218000590,2,0,2
218000591,3,5,-2
218000592,41,1,40
218000593,0,7,-7
218000594,0,0,0
218000595,0,0,0
218000596,0,3,-3
218000597,0,0,0
218000598,0,0,0
218000599,2,4,-2
218000600,0,3,-3
218000601,0,0,0
218000602,0,2,-2
218000603,0,13,-13
218000604,6,0,6
218000605,0,70,-70
218000606,98,0,98
218000607,28,126,-98
218000608,74,13,61
218000609,6,125,-119
218000610,91,1,90
218000611,51,0,51
218000612,8,88,-80
218000613,48,1,47
218000614,1,40,-39
218000615,443,54,389
218000616,3,255,-252
218000617,32,30,2
218000618,0,32,-32
218000619,94,77,17
218000620,44,137,-93
218000621,0,2,-2
218000622,0,142,-142
218000623,100,21,79
218000624,1,245,-244
218000625,0,14,-14
218000626,2,21,-19
218000628,323,409,-86
218000631,30,12,18
218000632,0,248,-248
218000633,171,6,165
218000634,9,18,-9
218000635,23,35,-12
218000636,1810,1069,741
218000637,2444,982,1462
218000638,608,62,546
218000639,31,136,-105
218000640,989,212,777
218000641,211,197,14
218000652,103,76,27
218000653,436,70,366
218000663,27,61,-34
218000675,40,62,-22
218000676,14,30,-16
218000677,65,3,62
218000680,222,205,17
218000681,652,505,147
218000691,319,276,43
218000693,664,136,528
218000703,24,34,-10
218000718,28,231,-203
218000719,97,201,-104
218000720,1,146,-145
218000721,25,11,14
218000725,15,38,-23
218001214,20,256,-236
218001329,98,120,-22
218001330,63,85,-22
218001351,4,4,0
218001352,7,11,-4
218001353,2,4,-2
218001354,5,15,-10
219000001,33,73,-40
219000002,66,106,-40
219000003,103,57,46
219000004,86,131,-45
219000017,111,436,-325
219000020,532,45,487
219000022,252,12,240
219000023,129,1,128
219000029,5,259,-254
219000034,100,85,15
219000039,58,423,-365
219000040,68,80,-12
219000041,270,125,145
219000051,0,355,-355
219000052,1,207,-206
219000053,2,183,-181
219000054,545,643,-98
219000055,626,5,621
219000056,12,0,12
219000057,144,0,144
219000062,29,336,-307
219000063,271,27,244
219000064,19,130,-111
219000110,370,849,-479
219000111,161,219,-58
219000112,532,91,441
219000113,859,108,751
219000114,491,80,411
219000116,253,95,158
219000117,368,127,241
219000118,286,133,153
219000123,367,150,217
219000124,124,73,51
219000125,44,4,40
219000126,111,274,-163
219000127,1,50,-49
219000128,106,156,-50
219000129,62,184,-122
219000130,276,878,-602
219000131,1083,1679,-596
219000133,52,128,-76
219000134,11,76,-65
219000135,32,319,-287
219000136,123,406,-283
219000138,250,43,207
219000139,198,39,159
219000140,222,1,221
219000141,81,84,-3
219000142,17,88,-71
219000143,65,55,10
219000145,16,58,-42
219000146,5,53,-48
219000147,5,48,-43
219000148,5,30,-25
219000149,49,60,-11
219000150,4,48,-44
219000151,4,39,-35
219000157,459,390,69
219000158,454,595,-141
219000161,373,17,356
219000163,1619,438,1181
219000166,316,486,-170
219000167,415,407,8
219000168,346,146,200
219000174,919,299,620
219000175,441,16,425
219000176,464,37,427
219000177,259,4,255
219000178,206,8,198
219000179,112,15,97
219000180,174,42,132
219000182,325,20,305
219000183,205,49,156
219000184,205,13,192
219000185,4,85,-81
219000186,145,120,25
219000187,36,216,-180
219000189,136,337,-201
219000190,92,460,-368
219000191,252,2370,-2118
219000192,250,471,-221
219000193,793,281,512
219000195,9,580,-571
219000196,7,233,-226
219000198,142,450,-308
219000199,311,207,104
219000200,277,125,152
219000201,67,216,-149
219000203,41,320,-279
219000204,103,627,-524
219000205,72,360,-288
219000207,138,283,-145
219000209,39,83,-44
219000210,35,810,-775
219000213,7,409,-402
219000239,388,323,65
219000240,361,916,-555
219000241,297,307,-10
219000242,160,318,-158
219000243,206,359,-153
219000244,30,68,-38
219000245,32,39,-7
219000246,56,88,-32
219000247,393,54,339
219000248,780,1279,-499
219000249,368,286,82
219000250,354,236,118
219000251,840,477,363
219000252,450,284,166
219000253,576,81,495
219000255,394,193,201
219000256,609,703,-94
219000257,292,0,292
219000262,137,580,-443
219000263,131,237,-106
219000267,32,102,-70
219000268,56,65,-9
219000269,14,4,10
219000270,45,4,41
219000271,628,9,619
219000278,22,71,-49
219000279,1,41,-40
219000283,0,227,-227
219000295,24,101,-77
219000296,154,665,-511
219000297,189,36,153
219000298,171,53,118
219000299,715,50,665
219000300,182,134,48
219000301,75,487,-412
219000302,75,147,-72
219000307,120,29,91
219000308,168,258,-90
219000311,445,124,321
219000312,1005,149,856
219000313,938,55,883
219000314,231,213,18
219000315,768,34,734
219000316,1348,95,1253
219000317,427,39,388
219000320,1,217,-216
219000321,3,47,-44
219000323,4,75,-71
219000325,7,10,-3
219000326,93,64,29
219000327,55,13,42
219000328,33,40,-7
219000329,337,138,199
219000330,36,54,-18
219000331,114,106,8
219000332,464,392,72
219000333,201,7,194
219000335,147,12,135
219000337,96,6,90
219000338,44,2,42
219000344,38,199,-161
219000345,109,74,35
219000346,119,45,74
219000348,305,204,101
219000349,59,155,-96
219000350,120,536,-416
219000351,0,26,-26
219000352,146,132,14
219000353,342,57,285
219000354,395,69,326
219000355,330,109,221
219000356,475,2626,-2151
219000363,138,214,-76
219000364,289,127,162
219000365,117,100,17
219000366,181,1606,-1425
219000368,497,826,-329
219000370,928,948,-20
219000371,12,8,4
219000382,31,45,-14
219000383,380,2139,-1759
219000385,304,1179,-875
219000386,1226,2763,-1537
219000387,0,26,-26
219000390,63,11,52
219000391,7,13,-6
219000397,90,59,31
219000398,73,105,-32
219000401,46,207,-161
219000402,63,168,-105
219000403,104,1001,-897
219000404,65,206,-141
219000407,2,26,-24
219000409,132,79,53
219000410,635,141,494
219000411,294,67,227
219000446,152,575,-423
219000447,0,48,-48
219000448,5,10,-5
219000452,174,216,-42
219000453,38,351,-313
219000454,426,887,-461
219000556,640,430,210
219000558,194,387,-193
219000590,45,382,-337
219000591,287,1043,-756
219000592,152,269,-117
219000595,6,18,-12
219000635,303,180,123
219000636,144,411,-267
219000657,72,16,56
219000658,84,360,-276
219000673,0,60,-60
219000676,2,15,-13
219000679,56,113,-57
219000684,216,2,214
219000685,1,112,-111
219000686,1,11,-10
219000688,1,42,-41
219000689,43,137,-94
219000690,286,16,270
219000691,71,153,-82
219000692,372,6,366
219000693,7,20,-13
219000694,64,0,64
219000695,116,34,82
219000698,107,4,103
219000699,0,204,-204
219000727,38,878,-840
219000728,216,19,197
219000770,47,4,43
219000771,0,146,-146
219001150,0,62,-62
219001151,0,1,-1
219001166,16,59,-43
219001167,0,93,-93
220000001,65,326,-261
220000002,16,188,-172
220000003,550,413,137
220000004,622,1204,-582
220000005,672,3010,-2338
220000006,214,1297,-1083
220000007,1037,336,701
220000008,494,637,-143
220000009,798,589,209
220000010,172,123,49
220000011,835,7777,-6942
220000012,87,1104,-1017
220000014,265,116,149
220000015,53,371,-318
220000017,27,697,-670
220000018,13014,5911,7103
220000019,376,1284,-908
220000020,891,315,576
220000021,1436,576,860
220000022,1762,448,1314
220000023,498,301,197
220000024,1295,1168,127
220000025,985,3471,-2486
220000026,549,1739,-1190
220000027,17,425,-408
220000028,88,227,-139
220000029,42,95,-53
220000030,80,144,-64
220000031,1044,1095,-51
220000064,59,1931,-1872
221000046,2,0,2
221000047,0,0,0
221000048,0,4,-4
221000049,0,64,-64
221000050,52,1,51
221000055,123,213,-90
221000057,196,9,187
221000068,250,114,136
221000069,408,51,357
221000070,355,22,333
221000071,235,7,228
221000072,668,12,656
221000073,375,115,260
221000074,1,36,-35
221000075,16,64,-48
221000076,72,18,54
221000077,56,69,-13
221000081,45,25,20
221000082,107,20,87
221000083,13,20,-7
221000084,8,35,-27
221000085,55,278,-223
221000086,20,173,-153
221000087,9,250,-241
221000088,9,291,-282
221000089,47,271,-224
221000090,103,633,-530
221000098,243,88,155
221000099,378,31,347
221000100,236,7,229
221000101,198,10,188
221000102,255,25,230
221000109,20,71,-51
221000110,8,40,-32
221000111,13,81,-68
221000112,5,95,-90
221000113,7,230,-223
221000114,17,145,-128
221000120,26,239,-213
221000121,12,71,-59
221000122,51,90,-39
221000123,1,13,-12
221000124,30,72,-42
221000155,289,33,256
221000156,20,98,-78
221000175,2,19,-17
221000176,0,0,0
221000182,80,40,40
221000241,392,387,5
221000242,214,260,-46
221000243,558,340,218
221000244,485,536,-51
221000245,163,184,-21
221000246,58,445,-387
221000247,102,209,-107
221000248,274,188,86
221000267,24,1041,-1017
221000325,28,177,-149
221000331,2,99,-97
221000338,20,109,-89
221000378,521,60,461
221000381,127,53,74
222000282,6,23,-17
222000296,1,19,-18
222000568,676,21,655
222000569,294,52,242
222000570,265,99,166
222000571,699,110,589
222000577,39,61,-22
222000578,3,150,-147
222000579,10,122,-112
222000580,60,784,-724
222000599,0,81,-81
222000600,0,143,-143
222000601,1,889,-888
222000603,8,272,-264
222000604,3,318,-315
222000605,15,98,-83
222000606,2,23,-21
222000607,20,18,2
222000608,43,38,5
222000609,144,136,8
222000616,1044,159,885
222000617,33,112,-79
222000618,11,69,-58
222000620,31,54,-23
222000621,29,44,-15
222000623,1137,22,1115
222000624,921,6,915
222000625,2716,13,2703
222000636,100,15,85
222000686,76,71,5
222000687,97,62,35
222001066,1360,1,1359
222001067,113,3,110
222001068,381,30,351
222001069,158,75,83
222001082,70,15,55
222001083,198,4,194
222001084,3,33,-30
222001085,2,592,-590
222001111,233,40,193
222001112,389,433,-44
222001313,5,66,-61
222001314,2,166,-164
222001464,107,133,-26
222001465,12,143,-131
222001484,415,98,317
222001485,45,104,-59
222001494,1507,522,985
222001495,276,162,114
222001496,815,466,349
222001497,195,347,-152
222001502,16,70,-54
222001503,426,204,222
222001504,40,398,-358
222001505,1317,48,1269
222001506,79,281,-202
222001507,885,28,857
222001510,1535,100,1435
222001511,97,134,-37
222001514,1677,113,1564
222001515,154,307,-153
222001518,958,54,904
222001519,281,135,146
222001527,277,206,71
222001528,39,238,-199
222001529,839,45,794
222001530,182,127,55
222001533,269,426,-157
222001534,1178,468,710
222001535,603,849,-246
222001536,157,174,-17
222001537,723,88,635
222001538,53,387,-334
222001563,1819,224,1595
222001564,133,318,-185
222001568,369,224,145
222001576,1,12,-11
222001579,0,20,-20
222001583,29,112,-83
222001584,325,20,305
222001596,758,2259,-1501
222001597,2717,1124,1593
222001626,0,38,-38
222001650,28,171,-143
222001651,56,289,-233
222001914,660,41,619
222001915,87,169,-82
222900004,1001,306,695
222900009,476,416,60
222900019,162,317,-155
222900024,144,17,127
222900025,38,9,29
225000001,939,167,772
225000002,1526,598,928
225000003,1861,796,1065
225000004,1058,1456,-398
225000005,96,472,-376
225000006,3,410,-407
225000007,3089,1599,1490
225000010,835,26,809
225000011,461,3167,-2706
225000012,490,1190,-700
225000013,271,323,-52
225000014,1511,473,1038
225000015,310,302,8
225000021,1591,268,1323
225000027,476,671,-195
225000032,1500,232,1268
225000042,219,836,-617
225000049,207,546,-339
225000050,456,98,358
225000053,15,390,-375
225000058,1154,550,604
225000067,653,247,406
225000068,438,882,-444
225000069,216,753,-537
225000070,403,405,-2
225000071,144,142,2
225000075,188,4588,-4400
225000076,98,462,-364
225000078,128,169,-41
225000085,243,45,198
225000086,517,89,428
225000087,1009,25,984
225000088,85,437,-352
225000089,137,719,-582
225000090,95,1183,-1088
225000091,148,294,-146
225000092,121,340,-219
225000093,836,623,213
225000094,35,396,-361
225000095,665,433,232
225000096,215,422,-207
225000098,1920,218,1702
225000099,900,175,725
225000100,1152,259,893
225000104,404,588,-184
225000110,37,612,-575
225000111,810,809,1
225000112,1228,1217,11
225000113,405,2401,-1996
225000114,345,948,-603
225000115,2392,940,1452
225000116,337,298,39
225000117,980,661,319
225000118,2758,696,2062
225000119,1070,265,805
225000120,2104,358,1746
225000121,310,52,258
225000123,1232,105,1127
225000125,1175,434,741
225000126,1399,646,753
225000127,819,5479,-4660
225000128,648,1791,-1143
225000132,1238,86,1152
225000133,838,33,805
225000134,1414,172,1242
225000135,259,28,231
225000136,1205,15,1190
225000137,930,306,624
225000138,1986,282,1704
225000143,302,443,-141
225000144,36,438,-402
225000145,169,273,-104
225000146,201,598,-397
225000147,91,248,-157
225000148,11,95,-84
225000149,177,284,-107
225000151,221,174,47
225000155,316,386,-70
225000156,430,1466,-1036
225000157,1130,669,461
225000158,114,415,-301
225000171,25,262,-237
225000180,65,12,53
225000181,0,288,-288
225000182,160,44,116
225000185,14,684,-670
225000187,367,590,-223
225000191,177,1,176
225000194,0,7,-7
225000208,1,111,-110
225000209,449,51,398
225000210,56,422,-366
225000217,1,95,-94
225000218,76,0,76
225000223,2,566,-564
225000224,392,33,359
225000225,3,249,-246
225000226,76,16,60
225000227,695,673,22
225000228,15,26,-11
225000229,1,672,-671
225000230,5,4,1
225000231,0,25,-25
225000232,456,2,454
225000241,303,3,300
225000242,0,61,-61
225000249,1,2,-1
225000250,262,471,-209
225000251,1248,354,894
225000254,1,376,-375
225000256,1,1402,-1401
225000257,0,190,-190
226000042,542,794,-252
226000043,225,602,-377
226000044,537,1309,-772
226000045,295,640,-345
226000046,1127,349,778
226000047,937,282,655
226000048,826,256,570
226000049,1063,596,467
226000070,0,25,-25
226000071,0,118,-118
226000072,0,70,-70
226000073,0,25,-25
226000074,1,49,-48
226000084,8,50,-42
226000085,3,84,-81
226000086,2,73,-71
226000087,1,84,-83
226000088,17,70,-53
226000090,68,331,-263
226000091,21,175,-154
226000092,5,23,-18
226000093,88,5,83
226000094,12,16,-4
226000095,16,29,-13
226000105,12,3,9
226000106,54,0,54
226000107,19,0,19
226000108,36,1,35
226000109,288,0,288
226000124,385,285,100
226000134,2097,915,1182
226000135,3698,857,2841
226000136,1592,1232,360
226000137,12,720,-708
226000138,18,145,-127
226000139,0,164,-164
226000156,883,6,877
226000157,840,43,797
226000163,142,501,-359
226000202,10,514,-504
226000231,1305,55,1250
226000232,120,10,110
227000033,801,34,767
227000036,1111,44,1067
227000037,877,204,673
227000038,313,111,202
227000084,5,237,-232
227000085,0,169,-169
227000088,88,0,88
227000089,69,1,68
227000090,28,0,28
227000091,55,0,55
227000092,55,3,52
227000093,296,0,296
227000094,6,0,6
227000130,147,253,-106
227000131,77,210,-133
227000132,68,183,-115
227000133,38,117,-79
227000134,110,137,-27
227000152,0,17,-17
227000153,0,256,-256
227000154,1,150,-149
227000155,2,44,-42
227000156,2,64,-62
227000165,4,130,-126
227000196,1327,132,1195
227000199,1152,325,827
227000230,27,214,-187
227000232,1499,69,1430
227000242,94,510,-416
227000243,468,107,361
227000245,40,359,-319
227000246,180,285,-105
227000247,872,54,818
227000248,164,80,84
227000249,51,144,-93
227000250,527,402,125
227000251,66,633,-567
227000252,99,215,-116
227000253,461,55,406
227000262,965,64,901
227000266,3279,93,3186
227000267,21,847,-826
227000282,5,155,-150
227000284,1426,25,1401
227000286,8,97,-89
227000291,10,402,-392
227000296,466,260,206
227000484,293,14,279
227000485,15,746,-731
227000655,597,11,586
227000656,1143,34,1109
227000657,371,12,359
227000704,630,24,606
229000265,17,32,-15
229000266,3,17,-14
229000267,35,3,32
229000268,69,0,69
229000269,39,4,35
229000274,0,438,-438
229000275,0,124,-124
229000276,1,143,-142
229000277,0,8,-8
229000278,3,22,-19
229000295,194,55,139
229000296,1,172,-171
229000297,75,46,29
229000298,41,163,-122
229000320,16,14,2
229000321,79,366,-287
229000412,45,87,-42
229000414,15,51,-36
229000415,18,3,15
229000416,0,4,-4
229000417,0,23,-23
229000419,208,453,-245
229000440,465,296,169
229000442,71,40,31
229000443,4,25,-21
229000444,3,81,-78
229000445,218,6,212
229000446,269,41,228
229000491,5,28,-23
229000492,21,60,-39
229000493,23,210,-187
229000494,98,30,68
229000495,243,46,197
229000496,154,11,143
229000507,1,51,-50
229000508,2,48,-46
229000509,2,130,-128
229000510,5,85,-80
229000511,7,62,-55
229000512,0,41,-41
229000513,0,6,-6
229000514,1,2,-1
229000517,9,1,8
229000518,81,21,60
229000519,0,12,-12
229000520,46,43,3
229000521,117,21,96
229000522,11,6,5
229000523,8,4,4
229000524,9,2,7
229000527,1,1,0
229000528,1,0,1
229000529,32,1,31
229000530,116,1,115
229000531,77,1,76
229000532,10,2,8
229000533,113,0,113
229000534,37,2,35
229000564,109,1,108
229000565,96,1,95
229000566,1,15,-14
229000567,2,24,-22
229000582,85,20,65
229000583,4,27,-23
229000584,0,13,-13
229000585,2,117,-115
229000718,0,3,-3
229000719,0,1,-1
229000720,0,39,-39
229000721,0,4,-4
229000722,0,2,-2
229000723,0,1,-1
229000724,0,6,-6
229000725,0,4,-4
229000738,8,0,8
229000739,1,2,-1
229000740,2,2,0
229000741,77,2,75
229000742,34,1,33
229000743,50,0,50
229000744,0,0,0
229000745,1,0,1
229000746,40,1,39
229000847,184,0,184
229000848,74,0,74
229000849,203,0,203
229000851,116,0,116
229000854,0,36,-36
229000856,1,82,-81
229000857,0,43,-43
229000858,0,95,-95
229000919,3,107,-104
229000930,16,174,-158
229000937,204,35,169
229000966,134,77,57
229000981,26,21,5
229000985,43,14,29
229000986,0,6,-6
229000987,0,15,-15
229000988,2,24,-22
229000989,13,30,-17
229000990,0,4,-4
229000991,0,0,0
229000992,32,4,28
229000993,286,17,269
229000998,59,66,-7
229000999,74,14,60
229001034,0,30,-30
229001035,7,34,-27
229001036,42,100,-58
229001037,105,8,97
229001038,0,36,-36
229001039,4,0,4
229001040,0,98,-98
229001041,488,0,488
229001042,59,18,41
229001047,78,59,19
229001050,75,60,15
229001168,1,24,-23
229001200,114,2,112
229001338,1,27,-26
229001394,454,1,453
229001422,247,47,200
229001423,31,136,-105
229001431,110,113,-3
229001432,34,141,-107
229001444,350,89,261
229001445,202,119,83
229001479,33,0,33
229001503,485,77,408
229001504,193,206,-13
229001505,330,50,280
229001506,132,195,-63
229001509,127,15,112
229001510,93,92,1
229001545,209,18,191
229001546,5,91,-86
229001553,250,84,166
229001554,35,115,-80
229001630,219,34,185
229001631,104,67,37
229001635,0,90,-90
229001636,0,2,-2
229001658,0,85,-85
229001659,142,3,139
229001660,1,46,-45
229001661,10,73,-63
229001662,56,2,54
229001663,0,194,-194
229002584,410,546,-136
229002831,228,135,93
229002841,11,36,-25
229002842,21,105,-84
229002843,58,43,15
229002844,71,150,-79
229002845,8,172,-164
229002846,14,30,-16
229002847,2,34,-32
229002848,7,152,-145
229002849,17,67,-50
229002850,24,0,24
229002851,97,210,-113
229002852,208,72,136
229002853,184,67,117
229002854,120,124,-4
229002855,30,155,-125
229002856,70,39,31
229002857,27,214,-187
229002858,69,30,39
229002859,75,136,-61
229002860,212,75,137
229002861,102,181,-79
229002862,36,51,-15
229002863,34,57,-23
229002864,45,45,0
229002865,8,22,-14
229002866,34,31,3
229002867,2,19,-17
229002868,22,5,17
229002869,37,80,-43
229002870,74,22,52
235000066,555,50,505
235000067,521,173,348
235000072,48,114,-66
235000073,188,663,-475
235000074,205,72,133
235000080,25,108,-83
235000081,433,187,246
235000082,552,57,495
235000083,707,52,655
235000084,53,82,-29
235000085,268,118,150
235000089,76,459,-383
235000092,117,585,-468
235000093,13,13,0
235000097,15,15,0
235000098,256,4,252
235000099,110,183,-73
235000116,38,37,1
235000117,1451,42,1409
235000133,59,1651,-1592
235000134,30,362,-332
235000206,15,10,5
235000207,11,2,9
235000208,0,0,0
235000209,12,4,8
235000210,7,2,5
235000212,7,15,-8
235000213,4,17,-13
235000220,2,7,-5
235000221,21,110,-89
235000238,9,248,-239
235000239,0,119,-119
235000242,596,1268,-672
235000245,539,270,269
235000246,19,77,-58
235000284,10,113,-103
235000295,135,218,-83
235000305,652,111,541
235000306,950,32,918
235000307,45,3,42
235000308,76,0,76
235000309,211,0,211
235000310,91,0,91
235000311,145,90,55
235000322,0,28,-28
235000323,3,25,-22
235000324,0,50,-50
235000325,2,37,-35
235000326,18,49,-31
235000351,15,53,-38
235000352,44,62,-18
235000353,20,52,-32
235000354,35,24,11
235000355,16,811,-795
235000356,255,10,245
235000357,213,7,206
235000358,43,2,41
235000359,17,5,12
235000360,223,12,211
235000361,110,27,83
235000381,624,161,463
235000382,563,137,426
235000390,10,2,8
235000391,256,39,217
235000392,322,328,-6
235000393,291,1138,-847
235000395,239,62,177
235000396,984,127,857
235000400,496,237,259
235000401,1,236,-235
235000405,520,126,394
235000406,235,143,92
235000407,154,68,86
235000409,231,274,-43
235000410,230,201,29
235000411,5,49,-44
235000485,0,24,-24
235000486,7,0,7
235000549,133,1083,-950
235000550,284,366,-82
235000599,357,58,299
235000600,7,23,-16
235000601,64,54,10
235000602,202,75,127
235000614,11,9,2
235000648,0,7,-7
235000649,360,19,341
235000685,0,6,-6
235000815,6,34,-28
235000834,0,18,-18
235000855,79,69,10
235000862,196,146,50
235000891,2,92,-90
235000892,53,2,51
235000901,202,789,-587
235000907,13,10,3
235001010,198,408,-210
235001029,253,266,-13
235001030,210,130,80
235001078,138,355,-217
235001079,163,73,90
235001147,2,103,-101
235001166,30,59,-29
235001167,202,71,131
235001169,61,184,-123
235001188,0,16,-16
235001189,3,1,2
235001197,0,21,-21
235001200,138,80,58
235001208,35,42,-7
235001209,148,128,20
235001210,34,229,-195
235001239,0,94,-94
235001244,1,32,-31
235016267,1,324,-323
241900007,109,0,109
277101746,0,4,-4
277102712,4,0,4
277103813,0,0,0
277103814,0,0,0
277103898,0,0,0
277104249,0,0,0
277104250,0,11,-11
277104251,0,5,-5
277104252,0,1,-1
990011530,1,682,-681
990014944,0,331,-331
990015176,147,0,147
990015618,1,213,-212
990016032,1,297,-296
990032570,3,2029,-2026
990070001,71,4,67
990070103,0,7,-7
990070601,2,52,-50
990070751,4306,6,4300
990070766,1,126,-125
990071180,1002,598,404
990071343,58,2,56
990071387,0,5,-5
990071823,828,1,827
990072600,1,809,-808
990072964,0,121,-121
990073285,0,1,-1
990074393,2,660,-658
990074870,3394,19,3375
990075106,1711,9,1702
990075746,1137,8,1129
990076437,6986,10,6976
990076458,1,593,-592
997000007,688,4,684
997000041,3,560,-557
997000058,114,0,114
997000062,14,1,13
997000069,0,1,-1
997000070,0,20,-20
997000100,299,0,299
997000141,3,671,-668
997000198,0,341,-341
998000475,0,3,-3
998000736,0,468,-468
998000965,0,53,-53
998001031,0,116,-116
998001700,0,98,-98
998001899,0,0,0
998001900,19,2,17
998003073,1764,2,1762
998101900,0,0,0
998102850,3,126,-123
998501927,684,1682,-998
998501929,325,54,271
998501930,128,0,128
998501931,465,16,449
998501932,10,0,10
998501933,135,0,135
998501937,22,0,22
998501944,4,0,4
998501950,0,0,0
998501970,452,8,444
998501971,2,564,-562
998501972,517,7,510
998501973,0,13,-13
998501974,1,126,-125
998501975,210,5,205
998501976,324,27,297
998501977,0,77,-77
998501978,22,0,22
998501979,0,3,-3
998501980,372,7,365
998501981,96,0,96
998501982,0,244,-244
998502006,0,0,0
998502024,0,48,-48
998502032,0,1,-1
998502062,28,3,25
998502063,0,0,0
998502173,5,0,5
998502269,0,10,-10
998601159,0,27,-27
998601292,2,66,-64
999033574,1,204,-203
999800001,59,6,53
999800002,0,4,-4
999800003,9,5,4
999800004,0,10,-10
999800005,0,78,-78
