ID,insum,outsum,diff
100000001,93,44,49
100000002,1142,1860,-718
100000003,1247,2214,-967
100000004,87,519,-432
100000005,997,1530,-533
100000006,13,16,-3
100000007,65,121,-56
100000008,0,0,0
100000009,22,22,0
100000010,0,10,-10
100000011,29,6,23
100000012,0,0,0
100000013,0,0,0
100000014,0,0,0
100000015,197,277,-80
100000016,0,1,-1
100000017,0,0,0
100000018,136,89,47
100000019,128,315,-187
100000020,70,334,-264
100000021,7,0,7
100000022,103,194,-91
100000023,66,0,66
100000025,0,1,-1
100000028,16,20,-4
100000029,0,0,0
100000030,0,0,0
100000031,242,634,-392
100000032,161,150,11
100000033,111,143,-32
100000034,0,0,0
100000035,20,125,-105
100000036,25,72,-47
100000037,38,45,-7
100000038,276,135,141
100000039,101,21,80
100000040,6,14,-8
100000041,36,54,-18
100000042,79,69,10
100000043,19,29,-10
100000044,0,0,0
100000045,0,0,0
100000046,0,0,0
100000047,0,0,0
100000048,0,0,0
100000049,0,0,0
100000051,0,0,0
100000053,17,1,16
100000054,9,5,4
100000055,0,0,0
100000056,10,31,-21
100000057,141,78,63
100000058,0,0,0
100000059,0,10,-10
100000060,85,43,42
100000061,95,75,20
100000062,106,78,28
100000063,137,59,78
100000064,192,17,175
100000065,26,7,19
100000066,6,5,1
100000067,8,6,2
100000068,23,18,5
100000069,12,24,-12
100000072,0,0,0
100000073,0,0,0
100000075,0,0,0
100000076,150,910,-760
100000077,23,74,-51
100000078,13,149,-136
100000079,1,89,-88
100000080,0,22,-22
100000081,6,18,-12
100000102,245,1148,-903
100000103,90,117,-27
100000104,68,145,-77
100000105,0,0,0
100000106,85,1190,-1105
100000107,4,353,-349
100000108,3,17,-14
100000109,94,31,63
100000116,117,33,84
100000117,1,75,-74
100000118,270,64,206
100000119,148,80,68
100000121,22,27,-5
100000122,162,84,78
100000123,266,84,182
100000124,113,148,-35
100000125,42,102,-60
100000126,3,9,-6
100000127,4,12,-8
100000128,0,12,-12
100000129,9,12,-3
100000130,0,0,0
100000131,0,0,0
100000132,12,161,-149
100000133,321,94,227
100000135,161,79,82
100000139,35,114,-79
100000140,0,0,0
100000142,97,63,34
100000143,0,0,0
100000144,0,0,0
100000147,296,943,-647
100000150,0,14,-14
100000151,70,528,-458
100000153,0,0,0
100000154,0,0,0
100000155,0,63,-63
100000156,18,145,-127
100000157,239,112,127
100000158,39,84,-45
100000159,10,50,-40
100000165,61,15,46
100000169,0,0,0
100000174,0,0,0
100000179,3,19,-16
100000180,0,0,0
100000181,10,1,9
100000188,0,0,0
100000189,167,76,91
100000190,71,234,-163
100000191,8,126,-118
100000192,4,234,-230
100000193,37,42,-5
100000330,0,0,0
100000355,27,4,23
100000362,214,72,142
100000363,1790,2425,-635
100000364,0,0,0
100000365,2678,1408,1270
100000366,501,298,203
100000367,2346,1674,672
100000368,87,72,15
100000369,138,797,-659
100000370,0,30,-30
100000376,1,0,1
100000379,87,525,-438
100000380,693,1674,-981
100000384,1213,2138,-925
100000385,152,666,-514
100000386,505,1060,-555
100000387,235,1443,-1208
100000388,1315,1063,252
100000389,1194,1964,-770
100000390,666,371,295
100000391,777,1831,-1054
100000392,186,271,-85
100000393,106,911,-805
100000394,159,374,-215
100000395,107,191,-84
100000396,273,346,-73
100000397,409,698,-289
100000398,1949,864,1085
100900002,0,0,0
100900003,0,0,0
100900004,0,0,0
100900005,0,0,0
100900006,0,0,0
100900007,0,0,0
100900008,0,0,0
100900009,0,0,0
100900010,0,0,0
100900011,0,0,0
100900012,0,0,0
100900013,0,0,0
100900014,0,0,0
100900015,0,0,0
100900016,0,0,0
100900017,0,0,0
100900018,0,0,0
100900019,0,0,0
100900020,0,0,0
100900021,0,0,0
100900022,0,0,0
100900023,0,0,0
100900024,0,0,0
100900025,0,0,0
100900026,0,0,0
100900027,0,0,0
100900028,0,0,0
100900029,0,0,0
100900030,0,0,0
100900031,0,0,0
100900032,0,0,0
100900033,0,0,0
100900034,0,0,0
100900035,0,0,0
100900036,0,0,0
100900037,0,0,0
100900038,0,0,0
100900039,0,0,0
100900040,0,0,0
100900041,0,0,0
100900042,14,13,1
100900043,0,0,0
100900044,0,0,0
100900045,0,0,0
100900046,0,0,0
100900047,0,0,0
100900048,0,0,0
100900049,0,0,0
100900050,0,0,0
100900051,0,0,0
100900052,0,0,0
100900053,0,0,0
100900054,0,0,0
100900055,0,0,0
100900056,0,0,0
100900057,0,0,0
100900058,0,0,0
100900059,0,0,0
100900060,0,0,0
100900061,0,0,0
100900062,0,0,0
100900063,0,0,0
100900064,0,0,0
100900065,0,0,0
100900066,0,0,0
100900067,0,0,0
100900068,0,0,0
100900069,0,0,0
100900070,0,0,0
100900071,0,0,0
100900072,0,0,0
100900073,0,0,0
100900074,0,0,0
100900075,0,0,0
100900076,0,0,0
100900077,0,0,0
100900078,0,0,0
100900079,0,0,0
100900080,0,0,0
100900081,0,0,0
100900082,0,0,0
100900083,0,0,0
100900085,0,0,0
100900086,0,0,0
100900088,0,0,0
100900089,0,0,0
100900090,0,0,0
100900091,0,0,0
100900092,0,0,0
100900093,0,0,0
100900094,0,0,0
100900095,0,0,0
100900096,0,0,0
100900097,0,0,0
100900098,0,0,0
100900099,0,0,0
100900100,0,0,0
100900101,0,0,0
100900102,0,0,0
100900103,0,0,0
100900104,0,0,0
100900105,0,0,0
100900106,0,0,0
100900107,0,0,0
100900108,0,0,0
100900109,0,0,0
100900110,0,0,0
100900111,0,0,0
100900112,0,0,0
100900113,0,0,0
100900114,0,0,0
100900115,0,0,0
100900116,0,0,0
100900117,0,0,0
100900118,0,0,0
100900119,0,0,0
100900120,0,0,0
100900121,0,0,0
100900122,0,0,0
100900123,0,0,0
100900124,0,0,0
100900125,0,0,0
100900126,0,0,0
100900127,0,0,0
100900128,0,0,0
100900129,0,0,0
100900131,0,0,0
100900133,0,0,0
100900134,0,0,0
100900135,0,0,0
100900137,0,0,0
100900138,0,0,0
100900139,0,0,0
100900140,0,0,0
100900141,0,0,0
100900142,0,0,0
100900143,0,0,0
100900144,0,0,0
100900145,0,0,0
100900146,0,0,0
100900147,0,0,0
100900148,0,0,0
100900149,0,0,0
100900150,0,0,0
100900151,0,0,0
100900152,0,0,0
100900153,0,0,0
100900154,0,0,0
100900155,0,0,0
100900156,0,0,0
100900157,0,0,0
100900158,0,0,0
100900159,0,0,0
100900160,0,0,0
100900161,0,0,0
100900162,0,0,0
100900163,0,0,0
100900164,0,0,0
100900165,0,0,0
100900166,0,0,0
100900167,0,0,0
100900168,0,0,0
100900169,0,0,0
100900170,0,0,0
100900171,0,0,0
100900172,0,0,0
100900173,0,0,0
100900174,0,0,0
100900176,0,0,0
100900177,0,0,0
100900178,0,0,0
100900179,0,0,0
100900180,0,0,0
100900181,0,0,0
100900182,0,0,0
100900184,0,0,0
100900186,0,0,0
100900187,0,0,0
100900188,0,0,0
100900189,0,0,0
100900191,0,0,0
100900192,0,0,0
100900195,0,0,0
100900197,0,0,0
100900198,0,0,0
100900199,0,0,0
100900200,0,0,0
100900201,0,0,0
100900202,0,0,0
100900203,0,0,0
100900204,0,0,0
100900205,0,0,0
100900206,0,0,0
100900207,0,0,0
100900210,0,0,0
100900211,0,0,0
100900213,0,0,0
100900214,0,0,0
100900215,0,0,0
100900217,0,0,0
101000001,141,508,-367
101000002,39,140,-101
101000003,4,96,-92
101000004,1176,1655,-479
101000005,824,1402,-578
101000006,378,62,316
101000007,66,342,-276
101000008,243,772,-529
101000009,189,77,112
101000010,51,43,8
101000011,16,92,-76
101000012,0,0,0
101000013,47,141,-94
101000014,56,118,-62
101000015,19,21,-2
101000016,0,0,0
101000017,0,0,0
101000018,111,6,105
101000020,125,21,104
101000021,14,82,-68
101000022,0,0,0
101000023,37,178,-141
101000025,0,0,0
101000026,0,0,0
101000027,157,228,-71
101000028,0,0,0
101000029,0,0,0
101000030,0,0,0
101000031,1,20,-19
101000032,758,911,-153
101000033,16,15,1
101000034,55,133,-78
101000035,0,0,0
101000036,3,37,-34
101000037,65,298,-233
101000039,0,0,0
101000040,58,156,-98
101000041,927,1702,-775
101000042,9,183,-174
101000043,64,197,-133
101000045,67,215,-148
101000046,324,423,-99
101000047,471,387,84
101000048,35,112,-77
101000049,1,13,-12
101000050,51,209,-158
101000051,95,640,-545
101000052,136,601,-465
101000053,161,146,15
101000054,190,51,139
101000055,437,544,-107
101000056,0,0,0
101000057,78,3,75
101000058,55,368,-313
101000059,370,1338,-968
101000060,32,1,31
101000061,93,1067,-974
101000062,30,3,27
101000063,96,641,-545
101000064,58,2,56
101000065,28,236,-208
101000066,141,248,-107
101000067,77,4,73
101000068,30,7,23
101000069,101,8,93
101000070,154,10,144
101000071,75,64,11
101000072,895,527,368
101000073,244,136,108
101000074,1435,462,973
101000075,1326,344,982
101000077,166,78,88
101000078,100,67,33
101000079,240,187,53
101000080,25,8,17
101000081,247,130,117
101000082,40,41,-1
101000083,551,186,365
101000084,9,15,-6
101000085,375,268,107
101000086,0,0,0
101000087,0,0,0
101000088,377,180,197
101000089,178,152,26
101000090,0,0,0
101000091,28,5,23
101000092,299,84,215
101000093,149,57,92
101000094,10,46,-36
101000095,1,32,-31
101000096,73,23,50
101000097,9,14,-5
101000098,1,10,-9
101000099,81,198,-117
101000100,5,3,2
101000101,57,51,6
101000102,128,117,11
101000103,52,77,-25
101000104,23,155,-132
101000105,8,62,-54
101000106,0,0,0
101000107,0,0,0
101000108,0,0,0
101000109,0,0,0
101000110,0,0,0
101000111,0,0,0
101000113,0,0,0
101000114,333,122,211
101000115,0,0,0
101000116,0,0,0
101000117,0,0,0
101000119,1,15,-14
101000120,0,0,0
101000121,0,0,0
101000122,0,0,0
101000123,0,0,0
101000124,0,0,0
101000125,2,1,1
101000128,0,0,0
101000130,26,13,13
101000131,49,42,7
101000132,8,12,-4
101000135,0,0,0
101000136,0,0,0
101000137,0,0,0
101000141,220,1736,-1516
101000147,4,6,-2
101000148,0,0,0
101000149,0,0,0
101000150,0,0,0
101000151,0,0,0
101000152,33,1,32
101000153,30,12,18
101000154,36,21,15
101000155,0,0,0
101000156,0,0,0
101000157,0,0,0
101000160,0,0,0
101000163,23,174,-151
101000164,3,0,3
101000165,178,92,86
101000166,14,24,-10
101000168,0,0,0
101000252,355,85,270
101000254,0,0,0
101000258,0,0,0
101000261,0,0,0
101000262,308,1949,-1641
101000263,88,369,-281
101000265,0,0,0
101000266,0,0,0
101000269,0,0,0
101000290,86,262,-176
101000293,0,0,0
101000294,30,19,11
101000295,2,20,-18
101000301,3,12,-9
101000304,182,525,-343
101000305,333,321,12
101900001,0,0,0
101900002,0,0,0
101900003,0,0,0
101900004,0,0,0
101900005,0,0,0
101900006,0,0,0
101900007,0,0,0
101900008,0,0,0
101900009,0,0,0
101900010,0,0,0
101900011,0,0,0
101900012,0,0,0
101900013,0,0,0
101900017,0,0,0
101900018,0,0,0
101900019,0,0,0
101900020,0,0,0
101900021,0,0,0
101900022,0,0,0
101900023,0,0,0
101900026,0,0,0
101900027,0,0,0
102000001,287,504,-217
102000002,75,47,28
102000003,184,358,-174
102000004,162,409,-247
102000005,51,359,-308
102000006,35,315,-280
102000007,48,486,-438
102000008,520,224,296
102000009,412,539,-127
102000010,257,334,-77
102000011,200,593,-393
102000012,354,438,-84
102000018,60,124,-64
102000019,0,0,0
102000026,0,0,0
102000029,0,0,0
102000030,0,0,0
102000031,0,0,0
102000032,0,0,0
102000033,1,0,1
102000034,0,0,0
102000035,0,0,0
102000036,0,0,0
102000037,0,0,0
102000038,0,0,0
102000039,0,0,0
102000040,0,0,0
102000041,0,0,0
102000042,0,0,0
102000043,0,0,0
102000044,0,0,0
102000045,67,47,20
102000046,0,0,0
102000047,66,80,-14
102000048,0,0,0
102000049,0,0,0
102000050,96,76,20
102000051,0,0,0
102000052,155,60,95
102000053,0,0,0
102000054,73,21,52
102000055,43,2,41
102000056,284,61,223
102000057,51,112,-61
102000058,19,6,13
102000059,18,28,-10
102000060,479,348,131
102000061,4,21,-17
102000062,158,186,-28
102000063,19,31,-12
102000064,14,41,-27
102000065,1,2,-1
102000066,160,37,123
102000067,65,179,-114
102000068,324,304,20
102000069,0,0,0
102000070,0,0,0
102000071,668,559,109
102000072,455,553,-98
102000073,0,0,0
102000074,0,0,0
102000075,0,0,0
102000076,0,0,0
102000077,5,0,5
102000078,0,0,0
102000079,0,0,0
102000080,0,0,0
102000081,2,4,-2
102000082,0,0,0
102000083,0,1,-1
102000084,172,28,144
102000085,0,1,-1
102000086,178,66,112
102000087,8,14,-6
102000088,5,30,-25
102000089,137,61,76
102000090,54,223,-169
102000091,162,138,24
102000092,113,181,-68
102000093,179,172,7
102000094,264,74,190
102000095,0,0,0
102000096,1241,152,1089
102000097,0,0,0
102000098,252,163,89
102000099,42,13,29
102000100,53,42,11
102000101,42,31,11
102000102,38,31,7
102000103,13,105,-92
102000104,0,0,0
102000105,0,0,0
102000106,0,0,0
102000107,0,0,0
102000108,0,0,0
102000109,0,0,0
102000110,0,0,0
102000111,0,0,0
102000112,0,0,0
102000113,0,0,0
102000114,0,0,0
102000115,0,0,0
102000116,1,38,-37
102000117,0,0,0
102000118,36,310,-274
102000119,0,0,0
102000120,0,1,-1
102000121,0,0,0
102000122,0,0,0
102000123,0,0,0
102000124,0,0,0
102000125,0,0,0
102000126,0,0,0
102000127,0,0,0
102000128,0,0,0
102000129,0,0,0
102000130,0,0,0
102000131,0,0,0
102000132,0,0,0
102000133,249,73,176
102000134,95,96,-1
102000135,0,0,0
102000136,0,0,0
102000137,0,0,0
102000138,0,0,0
102000139,0,0,0
102000140,0,0,0
102000141,0,0,0
102000142,0,0,0
102000143,0,0,0
102000144,0,0,0
102000145,0,0,0
102000146,0,0,0
102000147,0,0,0
102000148,0,0,0
102000149,0,0,0
102000150,0,0,0
102000151,0,0,0
102000152,0,0,0
102000153,0,0,0
102000154,0,0,0
102000155,0,0,0
102000156,0,0,0
102000157,0,0,0
102000158,0,0,0
102000159,0,0,0
102000161,0,0,0
102000162,0,0,0
102000163,0,2,-2
102000164,1,1,0
102000165,0,0,0
102000166,0,2,-2
102000167,0,0,0
102000168,7,6,1
102000169,1,0,1
102000170,0,0,0
102000171,0,0,0
102000172,0,1,-1
102000173,9,19,-10
102000174,0,0,0
102000175,28,6,22
102000176,1,1,0
102000178,10,0,10
102000179,18,19,-1
102000180,59,0,59
102000181,82,11,71
102000182,40,15,25
102000183,247,125,122
102000184,31,11,20
102000185,262,99,163
102000186,32,5,27
102000187,29,9,20
102000188,246,99,147
102000189,117,11,106
102000190,460,335,125
102000191,97,30,67
102000192,0,0,0
102000193,0,0,0
102000194,0,0,0
102000195,0,0,0
102000196,0,0,0
102000197,0,0,0
102000198,0,0,0
102000199,0,0,0
102000200,0,0,0
102000201,0,0,0
102000202,0,0,0
102000203,0,0,0
102000204,0,0,0
102000205,0,0,0
102000206,0,0,0
102000207,0,0,0
102000208,0,0,0
102000209,0,0,0
102000210,0,0,0
102000211,0,0,0
102000212,0,0,0
102000213,0,0,0
102000214,0,0,0
102000215,0,0,0
102000216,0,0,0
102000217,0,0,0
102000218,0,0,0
102000219,0,0,0
102000225,154,141,13
102000226,0,0,0
102000227,0,0,0
102000228,0,0,0
102000229,0,0,0
102000230,34,50,-16
102000231,0,1,-1
102000232,0,0,0
102000233,52,66,-14
102000234,23,426,-403
102000236,0,0,0
102000237,0,0,0
102000238,0,0,0
102000240,0,0,0
102000241,0,0,0
102000243,1,11,-10
102000245,0,0,0
102000246,0,0,0
102000247,7,50,-43
102000248,23,181,-158
102000249,0,0,0
102000250,0,0,0
102000254,51,30,21
102000266,0,0,0
102000271,0,0,0
102000286,0,6,-6
102000297,0,0,0
102000299,0,0,0
102000301,0,0,0
102000305,0,0,0
102000307,0,0,0
102000308,0,0,0
102900001,0,0,0
102900002,0,0,0
102900003,0,0,0
102900005,0,0,0
102900006,0,0,0
102900007,0,0,0
102900008,0,0,0
102900009,0,0,0
102900010,0,0,0
102900011,0,0,0
102900012,0,0,0
102900013,0,0,0
102900015,0,0,0
102900016,0,0,0
102900017,0,0,0
102900018,0,0,0
102900019,0,0,0
102900020,0,0,0
102900021,0,0,0
102900022,0,0,0
102900023,0,0,0
102900024,0,0,0
102900025,0,0,0
102900026,0,0,0
102900027,0,0,0
102900028,0,0,0
102900029,0,0,0
102900030,0,0,0
102900031,0,0,0
102900032,0,0,0
102900033,0,0,0
102900034,0,0,0
102900035,0,0,0
102900036,0,0,0
102900037,0,0,0
102900038,0,0,0
102900039,0,0,0
102900040,0,0,0
102900041,0,0,0
102900042,0,0,0
102900043,0,0,0
102900044,0,0,0
102900045,0,0,0
102900046,0,0,0
102900047,0,0,0
102900048,0,0,0
102900049,0,0,0
102900050,0,0,0
102900051,0,0,0
102900052,0,0,0
102900053,0,0,0
102900054,0,0,0
102900055,0,0,0
102900056,0,0,0
102900057,0,0,0
102900058,0,0,0
102900059,0,0,0
102900060,0,0,0
102900061,0,0,0
102900062,0,0,0
102900063,0,0,0
102900064,0,0,0
102900065,0,0,0
102900066,0,0,0
102900068,0,0,0
102900070,0,0,0
102900072,0,0,0
102900073,0,0,0
102900075,0,0,0
102900076,0,0,0
102900077,0,0,0
102900078,0,0,0
102900079,0,0,0
102900080,0,0,0
102900081,0,0,0
102900082,0,0,0
102900083,0,0,0
102900084,0,0,0
102900085,0,0,0
102900086,0,0,0
102900087,0,0,0
102900088,0,0,0
102900089,0,0,0
102900090,0,0,0
102900091,0,0,0
102900092,0,0,0
102900093,0,0,0
102900094,0,0,0
102900095,0,0,0
102900096,0,0,0
102900097,0,0,0
103000001,151,61,90
103000002,40,59,-19
103000003,39,92,-53
103000004,7,29,-22
103000005,426,281,145
103000006,154,173,-19
103000007,2,15,-13
103000008,0,0,0
103000009,56,120,-64
103000010,0,0,0
103000011,26,42,-16
103000012,466,393,73
103000013,87,10,77
103000014,413,684,-271
103000015,0,0,0
103000016,62,55,7
103000017,95,73,22
103000018,0,0,0
103000019,102,99,3
103000020,7,83,-76
103000021,934,592,342
103000022,38,33,5
103000023,221,647,-426
103000024,0,0,0
103000025,9,130,-121
103000026,0,0,0
103000027,41,66,-25
103000028,18,32,-14
103000029,32,49,-17
103000030,62,49,13
103000031,178,307,-129
103000032,196,176,20
103000033,1621,874,747
103000034,16,46,-30
103000035,77,260,-183
103000036,6,223,-217
103000037,13,10,3
103000038,212,251,-39
103000039,6,55,-49
103000040,40,43,-3
103000041,162,205,-43
103000042,81,24,57
103000043,73,111,-38
103000044,0,0,0
103000046,0,0,0
103000047,0,0,0
103000048,0,0,0
103000049,0,0,0
103000050,0,0,0
103000051,0,0,0
103000052,0,0,0
103000053,0,0,0
103000054,226,42,184
103000055,352,27,325
103000056,36,23,13
103000057,402,143,259
103000058,216,25,191
103000059,31,64,-33
103000060,104,18,86
103000061,118,103,15
103000062,0,0,0
103000063,91,60,31
103000064,0,0,0
103000065,0,0,0
103000066,0,0,0
103000069,0,0,0
103000070,0,0,0
103000071,47,35,12
103000072,0,0,0
103000073,116,6,110
103000074,149,3,146
103000075,0,0,0
103000076,31,34,-3
103000077,0,0,0
103000078,43,38,5
103000079,1,47,-46
103000080,222,64,158
103000081,21,149,-128
103000082,154,12,142
103000083,0,0,0
103000084,12,2,10
103000085,0,0,0
103000086,192,130,62
103000087,58,198,-140
103000088,0,0,0
103000089,48,109,-61
103000090,552,356,196
103000091,55,164,-109
103000092,281,49,232
103000093,0,0,0
103000094,104,41,63
103000095,0,0,0
103000096,136,15,121
103000097,0,0,0
103000098,194,16,178
103000099,0,0,0
103000100,0,0,0
103000101,239,12,227
103000102,0,0,0
103000103,118,15,103
103000104,2,0,2
103000105,18,4,14
103000106,0,0,0
103000107,114,14,100
103000108,91,49,42
103000109,4,21,-17
103000110,98,85,13
103000111,0,0,0
103000112,33,25,8
103000113,0,0,0
103000114,272,93,179
103000115,35,21,14
103000116,75,17,58
103000117,97,13,84
103000118,0,0,0
103000119,0,0,0
103000120,0,0,0
103000121,4,20,-16
103000122,307,858,-551
103000125,1,18,-17
103000126,77,0,77
103000127,0,7,-7
103000128,18,0,18
103000129,0,4,-4
103000130,49,1,48
103000131,1,19,-18
103000132,3,1,2
103000133,0,23,-23
103000134,211,121,90
103000135,92,37,55
103000136,257,98,159
103000137,10,129,-119
103000138,67,91,-24
103000139,0,0,0
103000140,19,7,12
103000141,0,0,0
103000142,10,13,-3
103000143,0,0,0
103000144,35,17,18
103000145,1,0,1
103000150,0,0,0
103000152,0,0,0
103000153,77,46,31
103000156,0,13,-13
103000157,28,0,28
103000159,1,0,1
103000162,2,0,2
103000163,1,26,-25
103000164,0,0,0
103000165,0,0,0
103000166,20,83,-63
103000167,16,6,10
103000168,0,0,0
103000169,33,27,6
103000170,550,323,227
103000171,16,10,6
103000172,169,10,159
103000173,0,0,0
103000174,97,19,78
103000175,0,0,0
103000176,15,34,-19
103000177,0,0,0
103000178,0,0,0
103000179,0,0,0
103000183,69,0,69
103000185,25,1,24
103000186,25,6,19
103000187,0,0,0
103000188,0,0,0
103000189,0,0,0
103000191,0,0,0
103000292,4,80,-76
103000293,25,177,-152
103000295,57,20,37
103000296,2,0,2
103000297,1,0,1
103000504,0,0,0
103000505,0,0,0
103000506,0,0,0
103000507,0,0,0
103000508,0,0,0
103000509,0,0,0
103900001,0,0,0
103900002,0,0,0
103900003,0,0,0
103900004,0,0,0
103900005,0,0,0
103900006,0,0,0
103900007,0,0,0
103900008,0,0,0
103900009,0,0,0
103900010,0,0,0
103900011,0,0,0
103900012,0,0,0
103900013,0,0,0
103900014,0,0,0
103900015,0,0,0
103900016,0,0,0
103900017,0,0,0
103900018,0,0,0
103900019,0,0,0
103900020,0,0,0
103900021,0,0,0
103900022,0,0,0
103900023,0,0,0
103900024,0,0,0
103900025,0,0,0
103900026,0,0,0
103900027,0,0,0
103900028,0,0,0
103900029,0,0,0
103900030,0,0,0
103900031,0,0,0
103900032,0,0,0
103900033,0,0,0
103900034,0,0,0
103900035,0,0,0
103900036,0,0,0
103900037,0,0,0
103900038,0,0,0
103900039,0,0,0
103900040,0,0,0
103900041,0,0,0
103900042,0,0,0
103900043,0,0,0
103900044,0,0,0
103900045,0,0,0
103900047,0,0,0
103900048,0,0,0
103900049,0,0,0
103900050,0,0,0
103900051,0,0,0
103900052,0,0,0
103900053,0,0,0
103900054,0,0,0
103900055,0,0,0
103900056,0,0,0
103900057,0,0,0
103900058,0,0,0
103900059,0,0,0
103900060,0,0,0
103900061,0,0,0
103900062,0,0,0
103900063,0,0,0
103900064,0,0,0
103900065,0,0,0
103900066,0,0,0
103900067,0,0,0
103900068,0,0,0
103900069,0,0,0
103900070,0,0,0
103900071,0,0,0
103900072,0,0,0
103900073,0,0,0
103900074,0,0,0
103900075,0,0,0
103900076,0,0,0
103900077,0,0,0
103900078,0,0,0
103900079,0,0,0
103900080,0,0,0
103900081,0,0,0
103900082,0,0,0
103900083,0,0,0
103900084,0,0,0
103900085,0,0,0
103900086,0,0,0
103900087,0,0,0
103900088,0,0,0
103900089,0,0,0
103900090,0,0,0
103900091,0,0,0
103900092,0,0,0
103900093,0,0,0
103900094,0,0,0
103900095,0,0,0
103900096,0,0,0
103900097,0,0,0
103900098,0,0,0
103900099,0,0,0
103900100,0,0,0
103900101,0,0,0
103900102,0,0,0
103900104,0,0,0
103900105,0,0,0
103900106,0,0,0
103900107,0,0,0
103900108,0,0,0
103900109,0,0,0
103900110,0,0,0
103900111,0,0,0
103900112,0,0,0
103900113,0,0,0
103900114,0,0,0
103900115,0,0,0
103900116,0,0,0
103900117,0,0,0
103900119,0,0,0
103900120,0,0,0
103900122,0,0,0
103900123,0,0,0
103900124,0,0,0
103900125,0,0,0
103900126,0,0,0
103900127,0,0,0
103900128,0,0,0
103900131,0,0,0
103900133,0,0,0
103900134,0,0,0
103900135,0,0,0
103900137,0,0,0
103900138,0,0,0
103900139,0,0,0
103900140,0,0,0
103900141,0,0,0
103900142,0,0,0
103900143,0,0,0
103900144,0,0,0
103900145,0,0,0
103900146,0,0,0
103900147,0,0,0
103900148,0,0,0
103900149,0,0,0
103900150,0,0,0
103900151,0,0,0
103900152,0,0,0
103900153,0,0,0
103900154,0,0,0
103900155,0,0,0
103900156,0,0,0
103900157,0,0,0
103900158,0,0,0
103900159,0,0,0
103900160,0,0,0
103900161,0,0,0
103900162,0,0,0
103900163,0,0,0
103900167,0,0,0
103900168,0,0,0
103900169,0,0,0
103900170,0,0,0
103900171,0,0,0
103900172,0,0,0
103900173,0,0,0
103900174,0,0,0
103900175,0,0,0
103900176,0,0,0
103900177,0,0,0
103900178,0,0,0
103900179,0,0,0
103900180,0,0,0
103900181,0,0,0
103900182,0,0,0
103900184,0,0,0
103900185,0,0,0
103900187,0,0,0
103900188,0,0,0
103900189,0,0,0
103900190,0,0,0
103900191,0,0,0
103900192,0,0,0
103900193,0,0,0
103900194,0,0,0
103900195,0,0,0
103900196,0,0,0
103900197,0,0,0
103900198,0,0,0
103900199,0,0,0
103900200,0,0,0
103900201,0,0,0
103900202,0,0,0
103900203,0,0,0
103900204,0,0,0
103900207,0,0,0
103900208,0,0,0
103900209,0,0,0
103900210,0,0,0
103900211,0,0,0
103900212,0,0,0
103900213,8,138,-130
103900214,45,130,-85
103900215,39,49,-10
103900216,0,0,0
103900217,0,0,0
103900218,0,0,0
103900219,0,0,0
103900233,0,0,0
103900235,0,0,0
103900236,0,0,0
103900242,0,0,0
103900243,0,0,0
103900244,0,0,0
103900245,0,0,0
103900246,0,0,0
103900247,0,0,0
103900248,0,0,0
103900249,0,0,0
103900250,0,0,0
103900251,0,0,0
103900253,0,0,0
103900254,0,0,0
103900255,0,0,0
103900256,0,0,0
103900257,0,0,0
103900258,0,0,0
103900259,0,0,0
103900261,0,0,0
103900262,0,0,0
103900263,0,0,0
103900264,0,0,0
103900265,0,0,0
103900266,0,0,0
103900267,0,0,0
103900268,0,0,0
103900269,0,0,0
103900270,0,0,0
103900271,0,0,0
104000001,512,363,149
104000002,36,96,-60
104000003,694,436,258
104000004,728,317,411
104000005,510,587,-77
104000006,1183,383,800
104000007,809,198,611
104000008,124,77,47
104000009,141,68,73
104000010,31,42,-11
104000011,0,0,0
104000012,0,0,0
104000013,110,29,81
104000014,0,0,0
104000015,170,25,145
104000016,0,0,0
104000018,137,157,-20
104000019,251,144,107
104000020,82,128,-46
104000021,154,65,89
104000022,29,43,-14
104000023,182,30,152
104000024,0,0,0
104000026,0,0,0
104000027,30,34,-4
104000028,222,44,178
104000029,16,42,-26
104000030,131,40,91
104000031,159,32,127
104000032,0,0,0
104000033,234,15,219
104000034,0,0,0
104000035,305,41,264
104000036,317,79,238
104000037,0,0,0
104000038,158,74,84
104000039,123,70,53
104000040,27,87,-60
104000041,80,30,50
104000042,49,33,16
104000043,65,38,27
104000044,70,42,28
104000045,104,31,73
104000046,118,97,21
104000047,56,314,-258
104000048,169,507,-338
104000049,4,12,-8
104000050,1,19,-18
104000051,0,0,0
104000052,184,100,84
104000053,153,57,96
104000054,3,3,0
104000055,406,161,245
104000056,0,0,0
104000057,0,0,0
104000058,410,56,354
104000059,128,183,-55
104000060,264,110,154
104000061,65,69,-4
104000062,3,2,1
104000064,0,0,0
104000065,0,0,0
104000069,0,0,0
104000070,0,0,0
104000071,0,0,0
104000072,25,1,24
104000075,0,0,0
104000076,0,0,0
104000082,221,217,4
104000083,7,9,-2
104000084,5,12,-7
104000085,10,4,6
104000086,11,6,5
104000087,1,4,-3
104000090,0,0,0
104000092,0,0,0
104000094,0,0,0
104000095,83,238,-155
104000096,297,1,296
104000097,585,93,492
104000098,891,62,829
104000100,1021,111,910
104000101,196,214,-18
104000106,0,0,0
104000107,188,32,156
104000108,56,2,54
104000109,41,4,37
104000110,28,3,25
104000111,132,24,108
104000112,1,3,-2
104000116,0,0,0
104000117,111,23,88
104000118,32,2,30
104000119,20,0,20
104000120,42,9,33
104000121,2,35,-33
104000122,168,27,141
104000123,59,129,-70
104000124,322,585,-263
104000125,32,22,10
104000126,272,85,187
104000127,95,456,-361
104000128,251,26,225
104000129,156,0,156
104000130,5,0,5
104000131,0,0,0
104000132,0,0,0
104000133,97,16,81
104000134,125,78,47
104000135,75,170,-95
104000136,257,186,71
104000137,296,106,190
104000138,0,0,0
104000139,669,472,197
104000141,118,231,-113
104000142,0,0,0
104000143,0,0,0
104000144,0,0,0
104000145,237,35,202
104000146,0,0,0
104000147,0,0,0
104000148,61,52,9
104000149,0,0,0
104000150,261,129,132
104000151,0,0,0
104000152,0,0,0
104000153,156,89,67
104000154,0,0,0
104000155,142,112,30
104000157,45,28,17
104000158,10,15,-5
104000159,11,13,-2
104000160,216,54,162
104000161,46,48,-2
104000162,39,66,-27
104000165,209,320,-111
104000167,136,195,-59
104000168,47,0,47
104000169,51,7,44
104000170,0,0,0
104000248,0,0,0
104000251,0,0,0
104000272,0,0,0
104000273,0,0,0
104000274,0,0,0
104000275,0,0,0
104000279,0,0,0
104000290,0,0,0
104000291,95,144,-49
104000293,115,105,10
104000294,0,0,0
104000295,37,42,-5
104000296,247,210,37
104000297,66,157,-91
104000298,420,117,303
104000299,94,150,-56
104900001,0,0,0
104900002,0,0,0
104900003,0,0,0
104900004,0,0,0
104900005,0,0,0
104900006,0,0,0
104900007,0,0,0
104900009,0,0,0
104900010,0,0,0
104900011,0,0,0
104900012,0,0,0
104900013,0,0,0
104900014,0,0,0
104900015,0,0,0
104900016,0,0,0
104900017,0,0,0
104900018,0,0,0
104900019,0,0,0
104900020,0,0,0
104900021,0,0,0
104900022,0,0,0
104900023,0,0,0
104900024,0,0,0
104900025,0,0,0
104900026,0,0,0
104900027,0,0,0
104900028,0,0,0
104900029,0,0,0
104900030,0,0,0
104900031,0,0,0
104900032,0,0,0
104900033,0,0,0
104900034,0,0,0
104900035,0,0,0
104900036,0,0,0
104900037,0,0,0
104900038,0,0,0
104900039,0,0,0
104900040,0,0,0
104900041,0,0,0
104900042,0,0,0
104900043,0,0,0
104900044,0,0,0
104900045,0,0,0
104900046,0,0,0
104900047,0,0,0
104900048,0,0,0
104900049,0,0,0
104900050,0,0,0
104900051,0,0,0
104900052,0,0,0
104900053,0,0,0
104900054,0,0,0
104900055,0,0,0
104900056,0,0,0
104900057,0,0,0
104900058,0,0,0
104900059,0,0,0
104900060,0,0,0
104900061,0,0,0
104900063,0,0,0
104900064,0,0,0
104900065,0,0,0
104900066,0,0,0
104900067,0,0,0
104900068,0,0,0
104900070,0,0,0
104900071,0,0,0
104900072,0,0,0
104900073,0,0,0
104900074,0,0,0
104900075,0,0,0
104900076,0,0,0
104900077,0,0,0
104900078,0,0,0
104900079,0,0,0
104900080,0,0,0
104900082,0,0,0
104900085,0,0,0
104900087,0,0,0
104900089,0,0,0
104900090,0,0,0
104900091,0,0,0
104900093,0,0,0
104900097,0,0,0
104900098,0,0,0
104900099,0,0,0
104900100,0,0,0
104900102,0,0,0
104900103,0,0,0
104900104,0,0,0
104900106,0,0,0
104900107,0,0,0
104900108,0,0,0
104900109,0,0,0
104900110,0,0,0
104900111,0,0,0
104900112,0,0,0
104900113,0,0,0
104900114,0,0,0
104900115,0,0,0
104900116,0,0,0
104900118,0,0,0
104900119,0,0,0
104900120,0,0,0
104900121,0,0,0
104900122,0,0,0
104900123,0,0,0
104900124,0,0,0
104900125,0,0,0
104900126,0,0,0
104900127,0,0,0
104900128,0,0,0
104900129,0,0,0
105000001,856,233,623
105000002,351,401,-50
105000003,477,333,144
105000004,21,39,-18
105000005,75,284,-209
105000006,146,375,-229
105000007,55,242,-187
105000008,10,438,-428
105000009,1781,1050,731
105000010,25,126,-101
105000011,754,758,-4
105000012,42,104,-62
105000013,328,601,-273
105000014,2455,1354,1101
105000015,1868,2650,-782
105000016,205,187,18
105000017,31,29,2
105000018,75,84,-9
105000019,0,0,0
105000020,0,0,0
105000021,0,0,0
105000022,12,4,8
105000023,0,0,0
105000028,0,1,-1
105000029,1,17,-16
105000030,236,226,10
105000033,47,101,-54
105000034,0,0,0
105000037,0,0,0
105000038,316,272,44
105000039,118,168,-50
105000040,250,228,22
105000041,14,104,-90
105000042,968,355,613
105000043,93,72,21
105000044,202,65,137
105000045,8,48,-40
105000046,394,39,355
105000047,19,78,-59
105000048,353,165,188
105000049,2,0,2
105000050,377,116,261
105000051,0,0,0
105000052,62,66,-4
105000053,1,10,-9
105000054,81,54,27
105000055,0,0,0
105000056,414,220,194
105000057,12,3,9
105000058,17,29,-12
105000059,379,202,177
105000060,4,2,2
105000061,435,82,353
105000062,0,0,0
105000063,0,0,0
105000064,365,77,288
105000065,0,0,0
105000066,60,21,39
105000067,390,205,185
105000068,2,13,-11
105000069,27,108,-81
105000070,66,58,8
105000071,194,176,18
105000072,334,67,267
105000073,186,88,98
105000074,0,0,0
105000075,9,30,-21
105000076,42,26,16
105000077,73,6,67
105000078,35,105,-70
105000079,1,18,-17
105000080,665,660,5
105000081,7,0,7
105000082,242,581,-339
105000083,912,829,83
105000084,0,0,0
105000085,714,785,-71
105000086,0,0,0
105000087,0,0,0
105000088,285,527,-242
105000089,53,58,-5
105000090,38,10,28
105000091,0,0,0
105000092,0,0,0
105000093,0,0,0
105000094,47,8,39
105000095,0,0,0
105000096,230,165,65
105000097,0,0,0
105000098,205,85,120
105000099,0,0,0
105000100,0,0,0
105000101,141,33,108
105000102,0,0,0
105000103,193,93,100
105000104,0,0,0
105000105,283,73,210
105000106,10,4,6
105000107,20,3,17
105000108,23,14,9
105000109,26,4,22
105000110,21,15,6
105000111,8,0,8
105000112,48,28,20
105000113,0,1,-1
105000114,15,83,-68
105000115,0,0,0
105000116,102,37,65
105000117,0,0,0
105000118,35,21,14
105000119,0,0,0
105000120,246,54,192
105000121,0,0,0
105000122,20,16,4
105000123,176,13,163
105000124,150,47,103
105000125,165,40,125
105000126,104,29,75
105000127,196,27,169
105000128,6,19,-13
105000129,36,80,-44
105000130,13,360,-347
105000131,0,0,0
105000132,86,74,12
105000133,0,0,0
105000134,235,26,209
105000135,0,0,0
105000136,0,0,0
105000137,188,34,154
105000138,0,0,0
105000139,0,0,0
105000140,459,37,422
105000141,0,0,0
105000142,215,40,175
105000143,0,0,0
105000144,0,0,0
105000145,205,87,118
105000146,0,0,0
105000147,318,62,256
105000148,221,58,163
105000149,659,120,539
105000150,0,0,0
105000151,0,0,0
105000152,2,1,1
105000153,0,0,0
105000154,11,5,6
105000155,0,0,0
105000156,19,2,17
105000157,23,23,0
105000158,46,20,26
105000159,31,7,24
105000160,68,42,26
105000161,69,15,54
105000162,13,26,-13
105000163,45,12,33
105000164,4,5,-1
105000165,18,50,-32
105000166,33,47,-14
105000167,24,172,-148
105000168,167,146,21
105000169,23,33,-10
105000170,0,0,0
105000171,0,0,0
105000172,20,0,20
105000173,5,2,3
105000174,0,3,-3
105000175,0,0,0
105000176,8,0,8
105000177,84,32,52
105000178,44,3,41
105000179,29,4,25
105000180,0,0,0
105000181,1,1,0
105000182,0,0,0
105000183,0,0,0
105000184,0,0,0
105000185,32,302,-270
105000186,0,0,0
105000187,112,33,79
105000188,4,41,-37
105000189,0,0,0
105000190,131,59,72
105000191,14,3,11
105000192,139,34,105
105000193,4,25,-21
105000194,81,17,64
105000195,5,4,1
105000196,19,18,1
105000197,10,1,9
105000198,0,0,0
105000199,1,36,-35
105000200,66,168,-102
105000201,16,0,16
105000203,0,0,0
105000204,1,6,-5
105000205,0,0,0
105000207,0,0,0
105000208,14,147,-133
105000209,0,0,0
105000212,111,7,104
105000213,52,39,13
105000214,27,6,21
105000215,138,90,48
105000216,22,0,22
105000217,0,0,0
105000218,200,29,171
105000221,30,12,18
105000222,63,0,63
105000223,35,0,35
105000226,1,0,1
105000227,0,0,0
105000228,0,5,-5
105000229,37,227,-190
105000231,258,70,188
105000233,277,357,-80
105000234,59,273,-214
105000235,201,84,117
105000237,60,0,60
105000243,0,0,0
105000248,0,0,0
105000262,1,1,0
105000269,0,0,0
105000270,63,0,63
105000271,0,0,0
105000282,17,1,16
105000287,0,0,0
105000288,1,8,-7
105000289,276,432,-156
105000290,0,0,0
105000402,23,105,-82
105000426,0,0,0
105000438,26,123,-97
105000446,429,402,27
105000447,99,34,65
105000454,0,0,0
105000455,0,0,0
105000474,4,0,4
105000477,0,0,0
105000478,424,1202,-778
105000479,0,0,0
105000480,1730,1618,112
105000481,925,446,479
105000482,100,194,-94
105000483,222,839,-617
105000484,86,333,-247
105000485,287,1183,-896
105000486,275,294,-19
105000488,51,180,-129
105000489,322,110,212
105000549,0,39,-39
105000550,0,0,0
105000551,12,5,7
105000552,105,79,26
105900001,0,0,0
105900002,0,0,0
105900003,0,0,0
105900004,0,0,0
105900005,0,0,0
105900006,0,0,0
105900007,0,0,0
105900008,0,0,0
105900009,0,0,0
105900011,0,0,0
105900012,0,0,0
105900013,0,0,0
105900014,0,0,0
105900015,0,0,0
105900016,0,0,0
105900017,0,0,0
105900018,0,0,0
105900019,0,0,0
105900020,0,0,0
105900021,0,0,0
105900022,0,0,0
105900023,0,0,0
105900024,0,0,0
105900025,0,0,0
105900026,0,0,0
105900027,0,0,0
105900028,0,0,0
105900029,0,0,0
105900030,0,0,0
105900031,0,0,0
105900032,0,0,0
105900033,0,0,0
105900034,0,0,0
105900035,0,0,0
105900036,0,0,0
105900037,0,0,0
105900038,0,0,0
105900039,0,0,0
105900040,0,0,0
105900041,0,0,0
105900042,0,0,0
105900043,0,0,0
105900044,0,0,0
105900045,0,0,0
105900046,0,0,0
105900047,0,0,0
105900048,22,2,20
105900050,0,0,0
105900051,0,0,0
105900052,0,0,0
105900053,0,0,0
105900054,0,0,0
105900056,0,0,0
105900057,0,0,0
105900058,0,0,0
105900059,0,0,0
106000001,838,350,488
106000002,7,164,-157
106000003,1262,736,526
106000004,58,369,-311
106000005,1926,1225,701
106000006,99,349,-250
106000007,679,105,574
106000008,75,109,-34
106000009,567,178,389
106000010,29,78,-49
106000011,789,341,448
106000012,11,33,-22
106000013,1242,510,732
106000014,89,69,20
106000015,1147,518,629
106000016,75,118,-43
106000017,537,157,380
106000018,127,169,-42
106000019,180,109,71
106000020,5,47,-42
106000021,238,136,102
106000022,36,31,5
106000023,428,41,387
106000024,59,64,-5
106000025,206,123,83
106000026,17,47,-30
106000027,773,484,289
106000028,11,69,-58
106000029,38,38,0
106000030,0,0,0
106000034,0,0,0
106000035,161,269,-108
106000036,0,0,0
106000037,0,0,0
106000038,0,0,0
106000039,0,0,0
106000040,0,0,0
106000041,196,74,122
106000043,120,16,104
106000046,0,0,0
106000047,0,0,0
106000049,199,6,193
106000050,0,0,0
106000051,101,109,-8
106000052,0,0,0
106000053,225,54,171
106000054,0,0,0
106000055,132,28,104
106000056,0,0,0
106000057,202,57,145
106000058,0,0,0
106000059,193,139,54
106000060,0,0,0
106000061,16,133,-117
106000062,0,0,0
106000063,478,178,300
106000064,0,0,0
106000065,226,32,194
106000066,5,0,5
106000067,189,5,184
106000068,3,4,-1
106000069,64,1,63
106000070,24,4,20
106000071,283,22,261
106000072,323,268,55
106000073,386,176,210
106000074,177,193,-16
106000075,86,149,-63
106000076,542,124,418
106000077,785,127,658
106000078,284,40,244
106000079,470,48,422
106000080,495,45,450
106000081,364,132,232
106000082,428,10,418
106000083,285,132,153
106000084,509,33,476
106000085,416,244,172
106000086,477,100,377
106000087,219,14,205
106000088,203,23,180
106000089,483,31,452
106000090,411,42,369
106000091,5,0,5
106000092,180,33,147
106000093,155,2,153
106000094,0,0,0
106000095,267,39,228
106000096,335,32,303
106000097,242,35,207
106000098,264,11,253
106000099,9,8,1
106000100,631,20,611
106000101,355,9,346
106000102,7,29,-22
106000103,7,92,-85
106000104,82,42,40
106000105,11,69,-58
106000106,147,33,114
106000107,19,105,-86
106000108,95,1,94
106000109,10,74,-64
106000110,92,3,89
106000111,2,60,-58
106000112,147,17,130
106000113,6,43,-37
106000114,54,4,50
106000115,23,60,-37
106000116,64,47,17
106000117,0,0,0
106000118,382,97,285
106000119,0,0,0
106000120,228,147,81
106000121,14,7,7
106000122,0,0,0
106000123,23,3,20
106000124,0,0,0
106000125,0,0,0
106000126,25,4,21
106000127,0,0,0
106000128,158,32,126
106000129,0,0,0
106000130,212,44,168
106000131,0,0,0
106000132,276,9,267
106000133,0,0,0
106000134,232,70,162
106000135,0,0,0
106000136,280,89,191
106000137,0,0,0
106000138,175,4,171
106000139,104,15,89
106000140,0,0,0
106000141,0,0,0
106000142,24,9,15
106000143,0,0,0
106000144,127,23,104
106000145,0,0,0
106000146,226,86,140
106000147,55,5,50
106000148,102,95,7
106000149,245,41,204
106000150,61,81,-20
106000151,172,78,94
106000152,115,141,-26
106000153,0,17,-17
106000154,63,4,59
106000155,46,30,16
106000156,303,34,269
106000157,165,93,72
106000158,461,134,327
106000159,203,50,153
106000160,225,213,12
106000161,92,2,90
106000162,211,36,175
106000163,22,12,10
106000164,154,17,137
106000165,58,18,40
106000166,333,16,317
106000167,89,63,26
106000168,183,17,166
106000169,15,27,-12
106000170,154,17,137
106000171,23,129,-106
106000172,482,57,425
106000173,68,157,-89
106000174,207,14,193
106000175,74,5,69
106000176,286,72,214
106000177,0,0,0
106000178,453,72,381
106000179,0,0,0
106000180,119,55,64
106000181,57,57,0
106000182,585,38,547
106000183,604,40,564
106000184,324,45,279
106000185,59,29,30
106000186,84,10,74
106000187,15,18,-3
106000188,0,0,0
106000189,0,5,-5
106000190,18,1,17
106000191,149,21,128
106000192,0,0,0
106000193,84,34,50
106000194,1,11,-10
106000195,26,3,23
106000196,9,18,-9
106000197,156,1,155
106000198,0,3,-3
106000199,130,11,119
106000200,27,90,-63
106000201,38,50,-12
106000202,29,29,0
106000203,0,0,0
106000204,20,7,13
106000205,0,0,0
106000206,23,0,23
106000207,1,38,-37
106000208,390,32,358
106000209,619,56,563
106000210,0,19,-19
106000211,16,61,-45
106000212,675,83,592
106000213,0,0,0
106000214,265,49,216
106000215,3,86,-83
106000216,120,17,103
106000217,8,76,-68
106000218,82,36,46
106000219,18,51,-33
106000220,161,21,140
106000221,0,0,0
106000222,54,9,45
106000223,155,21,134
106000224,0,0,0
106000225,5,123,-118
106000226,0,0,0
106000228,0,0,0
106000229,0,0,0
106000231,218,2,216
106000232,0,0,0
106000233,59,17,42
106000234,0,0,0
106000235,36,37,-1
106000236,0,0,0
106000237,0,0,0
106000238,1,1,0
106000239,0,0,0
106000240,1,0,1
106000241,0,51,-51
106000242,99,38,61
106000249,77,21,56
106000250,0,51,-51
106000251,0,0,0
106000252,0,0,0
106000253,0,0,0
106000254,0,0,0
106000255,0,0,0
106000256,0,0,0
106000257,33,24,9
106000258,0,0,0
106000259,0,0,0
106000260,0,0,0
106000261,0,0,0
106000262,0,0,0
106000263,0,0,0
106000264,0,0,0
106000265,0,0,0
106000266,0,0,0
106000267,0,0,0
106000268,0,0,0
106000269,0,0,0
106000270,36,0,36
106000271,0,0,0
106000272,0,0,0
106000273,0,0,0
106000274,0,0,0
106000275,0,0,0
106000276,0,0,0
106000277,0,0,0
106000278,0,0,0
106000279,0,0,0
106000280,0,0,0
106000281,0,0,0
106000282,0,0,0
106000283,0,0,0
106000284,0,0,0
106000285,0,0,0
106000286,0,0,0
106000287,0,0,0
106000288,0,0,0
106000289,0,0,0
106000290,0,0,0
106000291,0,0,0
106000292,0,0,0
106000293,0,0,0
106000294,0,0,0
106000295,0,0,0
106000296,0,0,0
106000297,0,0,0
106000298,0,0,0
106000299,0,0,0
106000300,0,0,0
106000301,0,0,0
106000303,0,0,0
106000304,0,0,0
106000305,0,0,0
106000306,0,0,0
106000307,0,0,0
106000308,0,0,0
106000309,0,0,0
106000310,40,34,6
106000311,98,17,81
106000312,1,15,-14
106000313,15,2,13
106000318,0,0,0
106000319,299,54,245
106000320,0,0,0
106000321,0,0,0
106000322,0,0,0
106000324,0,0,0
106000325,1283,276,1007
106000326,25,89,-64
106000327,133,9,124
106000328,0,0,0
106000329,4,1,3
106000330,0,1,-1
106000428,50,226,-176
106000429,0,0,0
106000430,0,0,0
106000431,378,320,58
106000432,5,128,-123
106000433,910,511,399
106000434,954,367,587
106000435,4,97,-93
106000436,0,0,0
106000437,41,10,31
106000438,13,8,5
106000439,0,0,0
106000440,0,44,-44
106000441,1,1,0
106000442,53,1,52
106000443,49,47,2
106000450,0,0,0
106000451,3,20,-17
106000454,0,0,0
106000455,0,17,-17
106000456,51,1,50
106000457,0,0,0
106000458,128,14,114
106000459,0,0,0
106000460,330,9,321
106000461,0,0,0
106000462,0,0,0
106000463,1,5,-4
106000464,0,0,0
106000465,134,0,134
106000466,0,0,0
106000467,1,45,-44
106000468,41,32,9
106000469,35,3,32
106000470,0,0,0
106000471,0,0,0
106000472,24,0,24
106000473,0,0,0
106000474,16,58,-42
106000475,96,71,25
106000476,13,0,13
106000477,0,0,0
106900001,0,0,0
106900002,0,0,0
106900003,0,0,0
106900004,0,0,0
106900006,0,0,0
106900007,0,0,0
106900008,0,0,0
106900009,0,0,0
106900010,0,0,0
106900012,0,0,0
106900013,0,0,0
106900014,0,0,0
106900015,0,0,0
106900016,0,0,0
106900017,0,0,0
106900018,0,0,0
106900019,0,0,0
106900020,0,0,0
106900021,0,0,0
106900022,0,0,0
106900023,0,0,0
106900024,0,0,0
106900025,0,0,0
106900026,0,0,0
106900027,176,1,175
107000001,1456,2211,-755
107000002,272,343,-71
107000003,4214,4117,97
107000004,538,331,207
107000005,4031,2762,1269
107000006,351,279,72
107000007,1755,2286,-531
107000008,489,393,96
107000009,3915,2984,931
107000010,493,341,152
107000011,0,0,0
107000012,0,0,0
107000013,0,0,0
107000014,0,0,0
107000015,0,0,0
107000016,0,0,0
107000017,33,6,27
107000018,0,0,0
107000020,40,373,-333
107000021,18,1,17
107000022,95,355,-260
107000023,193,1,192
107000024,76,230,-154
107000025,41,10,31
107000026,42,57,-15
107000027,222,32,190
107000028,68,103,-35
107000029,919,74,845
107000030,101,136,-35
107000031,803,208,595
107000032,87,124,-37
107000033,211,78,133
107000034,0,0,0
107000035,45,65,-20
107000036,0,0,0
107000037,38,149,-111
107000038,4,46,-42
107000039,109,401,-292
107000040,17,13,4
107000041,416,106,310
107000042,59,59,0
107000043,271,119,152
107000044,22,13,9
107000045,2,22,-20
107000046,420,73,347
107000047,12,63,-51
107000048,350,78,272
107000049,30,104,-74
107000050,312,88,224
107000051,44,186,-142
107000052,301,119,182
107000053,269,68,201
107000054,12,157,-145
107000055,187,66,121
107000056,28,42,-14
107000057,68,171,-103
107000058,1104,1159,-55
107000059,0,0,0
107000060,2294,1829,465
107000061,41,18,23
107000062,1730,1144,586
107000063,8,30,-22
107000064,1178,1159,19
107000065,4,11,-7
107000066,666,604,62
107000067,160,143,17
107000068,143,142,1
107000069,110,244,-134
107000070,204,1,203
107000071,895,20,875
107000072,0,0,0
107000073,231,41,190
107000074,0,0,0
107000075,1266,64,1202
107000076,0,0,0
107000077,1226,31,1195
107000078,0,0,0
107000079,1039,46,993
107000080,0,0,0
107000081,1028,200,828
107000082,0,0,0
107000083,397,495,-98
107000084,0,0,0
107000085,743,606,137
107000086,135,343,-208
107000087,537,185,352
107000088,121,121,0
107000089,323,204,119
107000090,69,76,-7
107000091,325,117,208
107000092,60,55,5
107000093,248,323,-75
107000094,31,65,-34
107000095,1166,546,620
107000096,0,0,0
107000097,204,105,99
107000098,0,0,0
107000099,274,204,70
107000100,0,0,0
107000101,144,135,9
107000102,0,0,0
107000103,232,69,163
107000104,0,0,0
107000105,282,64,218
107000106,0,0,0
107000107,220,108,112
107000108,0,1,-1
107000109,209,20,189
107000110,0,0,0
107000111,151,5,146
107000112,0,0,0
107000113,305,21,284
107000114,0,0,0
107000115,371,51,320
107000116,0,0,0
107000117,232,42,190
107000118,0,0,0
107000119,698,271,427
107000120,0,0,0
107000121,344,62,282
107000122,8,96,-88
107000123,418,47,371
107000124,4,67,-63
107000125,719,35,684
107000126,51,79,-28
107000129,0,0,0
107000130,430,262,168
107000131,0,0,0
107000132,322,160,162
107000133,2,0,2
107000134,38,0,38
107000135,0,0,0
107000136,128,0,128
107000137,0,3,-3
107000138,0,0,0
107000139,0,0,0
107000140,92,0,92
107000141,0,2,-2
107000142,37,1,36
107000143,0,11,-11
107000144,59,2,57
107000145,3,15,-12
107000146,0,0,0
107000147,5,23,-18
107000150,0,0,0
107000151,0,0,0
107000152,8,56,-48
107000153,0,0,0
107000154,0,0,0
107000155,53,0,53
107000156,85,1,84
107000157,0,0,0
107000158,60,2,58
107000159,0,0,0
107000160,101,51,50
107000161,0,0,0
107000162,2,90,-88
107000163,38,0,38
107000164,0,0,0
107000165,0,0,0
107000166,0,0,0
107000167,0,0,0
107000168,496,26,470
107000169,11,12,-1
107000170,608,71,537
107000171,7,11,-4
107000172,252,106,146
107000173,3,8,-5
107000174,167,196,-29
107000175,32,6,26
107000176,10,0,10
107000177,0,0,0
107000178,1,1,0
107000179,0,0,0
107000180,534,28,506
107000181,0,0,0
107000182,435,54,381
107000183,0,0,0
107000184,381,69,312
107000185,0,0,0
107000186,464,53,411
107000187,63,43,20
107000188,0,0,0
107000189,54,35,19
107000190,0,0,0
107000191,124,129,-5
107000192,0,0,0
107000193,57,39,18
107000194,0,0,0
107000197,250,68,182
107000198,0,0,0
107000199,174,55,119
107000200,5,40,-35
107000201,52,52,0
107000202,42,44,-2
107000203,71,168,-97
107000204,55,479,-424
107000205,93,49,44
107000206,38,482,-444
107000207,15,61,-46
107000208,13,21,-8
107000209,0,0,0
107000210,0,0,0
107000211,0,0,0
107000212,0,0,0
107000213,0,0,0
107000214,0,0,0
107000215,0,0,0
107000216,0,0,0
107000217,0,0,0
107000219,0,0,0
107000220,0,0,0
107000222,25,35,-10
107000224,14,0,14
107000225,0,0,0
107000226,123,6,117
107000227,0,0,0
107000228,0,0,0
107000229,0,0,0
107000230,30,9,21
107000231,55,137,-82
107000232,0,0,0
107000233,0,0,0
107000234,0,0,0
107000235,149,7,142
107000236,0,0,0
107000237,1,0,1
107000238,20,0,20
107000239,0,0,0
107000240,0,0,0
107000241,0,0,0
107000242,0,0,0
107000243,0,0,0
107000244,10,0,10
107000246,0,0,0
107000249,0,0,0
107000251,0,0,0
107000252,0,0,0
107000255,0,0,0
107000257,0,0,0
107000258,0,0,0
107000259,0,0,0
107000260,0,0,0
107000262,0,0,0
107000263,0,0,0
107000266,0,0,0
107000267,0,0,0
107000268,0,0,0
107000269,0,0,0
107000270,0,0,0
107000271,0,0,0
107000272,0,0,0
107000273,0,0,0
107000274,3,0,3
107000275,0,0,0
107000280,50,2,48
107000281,0,0,0
107000282,0,0,0
107000290,0,0,0
107000291,0,0,0
107000292,0,0,0
107000293,0,0,0
107000294,0,0,0
107000295,0,0,0
107000296,0,6,-6
107000444,46,1,45
107000496,0,0,0
107000497,0,0,0
107000500,0,0,0
107000501,0,0,0
107000502,0,0,0
107000505,0,33,-33
107000506,0,0,0
107000508,0,0,0
107000509,38,51,-13
107000510,0,0,0
107000514,0,0,0
107000515,0,0,0
107000516,121,97,24
107000518,427,87,340
107000519,0,0,0
107000520,0,0,0
107900001,0,0,0
107900002,0,0,0
107900003,0,0,0
107900004,0,0,0
107900005,0,0,0
107900006,0,0,0
107900007,0,0,0
107900008,0,0,0
107900009,0,0,0
107900010,0,0,0
107900012,0,0,0
107900013,0,0,0
107900014,0,0,0
107900015,0,0,0
107900016,0,0,0
107900017,0,0,0
107900018,0,0,0
107900019,0,0,0
107900020,0,0,0
107900021,0,0,0
107900023,0,0,0
107900024,0,0,0
107900025,0,0,0
107900026,0,0,0
107900027,0,0,0
107900028,0,0,0
107900030,0,0,0
107900031,0,0,0
107900032,0,0,0
107900033,0,0,0
107900034,0,0,0
107900035,0,0,0
107900036,0,0,0
107900037,0,0,0
107900038,0,0,0
107900039,0,0,0
107900040,0,0,0
107900041,0,0,0
107900043,0,0,0
107900044,0,0,0
107900045,0,0,0
107900046,0,0,0
107900047,0,0,0
107900048,0,0,0
107900049,0,0,0
107900050,0,0,0
107900051,0,0,0
107900052,0,0,0
107900053,0,0,0
107900055,0,0,0
107900056,0,0,0
107900057,0,0,0
107900058,0,0,0
107900060,0,0,0
107900061,0,0,0
107900063,0,0,0
107900064,0,0,0
107900065,0,0,0
107900066,0,0,0
107900067,0,0,0
107900068,0,0,0
107900069,0,0,0
107900070,0,0,0
107900071,0,0,0
107900072,0,0,0
107900073,0,0,0
107900074,0,0,0
107900076,0,0,0
107900077,0,0,0
107900078,0,0,0
107900079,0,0,0
107900080,0,0,0
107900081,0,0,0
107900082,0,0,0
107900083,0,0,0
107900084,0,0,0
107900086,0,0,0
107900087,0,0,0
107900088,0,0,0
107900089,0,0,0
107900090,0,0,0
107900091,0,0,0
107900092,0,0,0
107900093,0,0,0
107900095,0,0,0
107900097,0,0,0
107900098,0,0,0
107900100,0,0,0
107900101,0,0,0
107900102,0,0,0
107900103,0,0,0
107900104,0,0,0
107900105,0,0,0
107900106,0,0,0
107900107,0,0,0
107900108,0,0,0
107900109,0,0,0
107900110,0,0,0
107900111,0,0,0
107900112,0,0,0
107900113,0,0,0
107900114,0,0,0
107900115,0,0,0
107900116,0,0,0
107900117,0,0,0
107900118,0,0,0
107900119,0,0,0
107900120,0,0,0
107900121,0,0,0
107900122,0,0,0
107900123,0,0,0
107900124,0,0,0
107900125,0,0,0
107900126,0,0,0
107900127,0,0,0
107900128,0,0,0
107900129,0,0,0
107900130,0,0,0
107900131,0,0,0
107900132,0,0,0
107900133,0,0,0
107900134,0,0,0
107900135,0,0,0
107900136,0,0,0
107900137,0,0,0
107900138,0,0,0
107900139,0,0,0
107900140,0,0,0
107900141,0,0,0
107900142,0,0,0
107900143,0,0,0
107900144,0,0,0
107900145,0,0,0
107900146,0,0,0
107900147,0,0,0
107900148,0,0,0
107900149,0,0,0
107900150,0,0,0
107900151,0,0,0
107900152,0,0,0
107900153,0,0,0
107900154,0,0,0
107900155,0,0,0
107900156,0,0,0
107900157,0,0,0
107900158,0,0,0
107900159,0,0,0
107900160,0,0,0
107900161,0,0,0
107900162,0,0,0
107900163,0,0,0
107900164,0,0,0
107900165,0,0,0
107900166,0,0,0
107900167,0,0,0
107900168,0,0,0
107900169,0,0,0
107900171,0,0,0
107900172,0,0,0
107900173,0,0,0
107900174,0,0,0
107900175,0,0,0
107900176,0,0,0
107900177,0,0,0
107900178,0,0,0
107900179,0,0,0
107900180,0,0,0
107900181,0,0,0
107900182,0,0,0
107900183,0,0,0
107900184,0,0,0
107900185,0,0,0
107900186,0,0,0
107900187,0,0,0
107900188,0,0,0
107900189,0,0,0
107900190,0,0,0
107900191,0,0,0
107900193,0,0,0
107900194,0,0,0
107900195,0,0,0
107900196,0,0,0
107900197,0,0,0
107900199,0,0,0
107900201,0,0,0
107900203,0,0,0
107900204,0,0,0
107900205,0,0,0
107900206,0,0,0
107900207,0,0,0
107900208,0,0,0
107900209,0,0,0
107900210,0,0,0
107900213,0,0,0
107900214,0,0,0
107900215,0,0,0
107900216,0,0,0
107900217,0,0,0
107900218,0,0,0
107900219,0,0,0
107900220,0,0,0
107900221,0,0,0
107900223,0,0,0
107900224,0,0,0
107900225,0,0,0
107900226,0,0,0
107900227,0,0,0
107900228,0,0,0
107900229,0,0,0
107900230,0,0,0
107900231,0,0,0
107900232,0,0,0
107900233,0,0,0
107900234,0,0,0
107900235,0,0,0
107900236,0,0,0
107900237,0,0,0
107900238,0,0,0
107900239,0,0,0
107900240,0,0,0
107900241,0,0,0
107900242,0,0,0
107900243,0,0,0
107900244,0,0,0
107900245,0,0,0
107900246,0,0,0
107900248,0,0,0
107900249,0,0,0
107900250,0,0,0
107900251,0,0,0
107900252,0,0,0
107900253,0,0,0
107900254,0,0,0
107900255,0,0,0
107900256,0,0,0
107900257,0,0,0
107900258,0,0,0
107900259,0,0,0
107900261,0,0,0
107900262,0,0,0
107900264,0,0,0
107900265,0,0,0
107900267,0,0,0
107900268,0,0,0
107900269,0,0,0
107900270,0,0,0
107900271,0,0,0
107900272,0,0,0
107900273,0,0,0
107900274,0,0,0
107900275,0,0,0
107900276,0,0,0
107900277,0,0,0
107900278,0,0,0
107900279,0,0,0
107900280,0,0,0
107900281,0,0,0
107900282,0,0,0
107900283,0,0,0
107900284,0,0,0
107900285,0,0,0
107900286,0,0,0
107900287,0,0,0
107900290,0,0,0
107900291,0,0,0
107900292,0,0,0
107900293,0,0,0
107900295,0,0,0
107900297,0,0,0
107900298,0,0,0
107900299,0,0,0
107900300,11,22,-11
107900301,1,21,-20
107900302,0,0,0
107900303,0,0,0
107900304,0,0,0
107900305,0,0,0
107900306,0,0,0
107900307,0,0,0
107900308,0,0,0
107900309,0,0,0
107900310,0,0,0
107900311,0,0,0
107900312,0,0,0
107900313,0,0,0
107900314,0,0,0
107900315,0,0,0
107900316,0,0,0
107900317,0,0,0
107900318,0,0,0
107900319,0,0,0
107900320,0,0,0
107900321,0,0,0
107900322,0,0,0
107900323,0,0,0
107900324,0,0,0
107900325,0,0,0
107900326,0,0,0
107900327,0,0,0
107900328,0,0,0
107900329,0,0,0
107900330,0,0,0
107900331,0,0,0
107900332,0,0,0
107900333,0,0,0
107900334,0,0,0
107900335,0,0,0
107900336,0,0,0
107900337,0,0,0
107900338,0,0,0
107900339,0,0,0
107900340,0,0,0
107900341,0,0,0
107900342,0,0,0
107900343,0,0,0
107900344,0,0,0
107900345,0,0,0
107900346,0,0,0
107900347,0,0,0
107900348,0,0,0
107900349,0,0,0
107900350,0,0,0
108000001,2307,1268,1039
108000002,136,190,-54
108000003,1666,834,832
108000004,431,1422,-991
108000005,4667,1667,3000
108000006,83,583,-500
108000007,4052,1072,2980
108000008,379,307,72
108000009,2634,1336,1298
108000010,206,238,-32
108000011,4635,1628,3007
108000012,644,656,-12
108000014,235,0,235
108000015,483,6,477
108000016,0,3,-3
108000017,462,17,445
108000018,1458,64,1394
108000019,193,61,132
108000020,541,147,394
108000021,0,0,0
108000022,44,51,-7
108000023,707,110,597
108000024,108,28,80
108000025,25,10,15
108000026,428,18,410
108000027,90,3,87
108000028,455,13,442
108000029,93,2,91
108000030,426,19,407
108000031,23,1,22
108000032,1152,101,1051
108000033,0,0,0
108000034,1177,67,1110
108000035,0,0,0
108000036,19,23,-4
108000037,456,75,381
108000038,826,42,784
108000039,18,20,-2
108000040,1118,146,972
108000041,6,27,-21
108000042,356,5,351
108000043,59,0,59
108000044,652,11,641
108000045,24,0,24
108000046,978,159,819
108000047,0,0,0
108000048,0,0,0
108000049,322,33,289
108000050,0,5,-5
108000051,130,40,90
108000052,4,3,1
108000053,239,102,137
108000054,2,40,-38
108000055,477,106,371
108000056,37,28,9
108000057,366,435,-69
108000058,488,631,-143
108000059,3,169,-166
108000060,149,163,-14
108000061,0,0,0
108000062,335,90,245
108000063,0,0,0
108000064,91,114,-23
108000065,0,0,0
108000066,432,47,385
108000067,848,9,839
108000068,626,78,548
108000069,0,0,0
108000070,1516,80,1436
108000071,0,0,0
108000072,1601,172,1429
108000073,0,0,0
108000074,453,133,320
108000075,0,0,0
108000076,950,266,684
108000077,0,0,0
108000078,1886,627,1259
108000079,0,0,0
108000080,1099,336,763
108000081,0,0,0
108000082,0,0,0
108000083,179,34,145
108000084,0,0,0
108000085,60,46,14
108000086,0,0,0
108000087,38,233,-195
108000088,131,4,127
108000089,0,0,0
108000090,339,34,305
108000091,0,0,0
108000092,477,31,446
108000093,0,0,0
108000094,772,40,732
108000095,0,0,0
108000096,493,270,223
108000097,0,0,0
108000098,1244,106,1138
108000099,108,19,89
108000100,139,49,90
108000101,1026,293,733
108000102,362,590,-228
108000106,222,0,222
108000107,0,0,0
108000108,205,11,194
108000109,0,0,0
108000110,7,11,-4
108000111,0,0,0
108000112,2,22,-20
108000113,78,15,63
108000115,94,27,67
108000117,145,18,127
108000118,1,0,1
108000119,87,8,79
108000120,620,159,461
108000121,56,20,36
108000122,489,48,441
108000123,352,34,318
108000124,0,0,0
108000125,416,55,361
108000126,0,0,0
108000127,592,28,564
108000128,0,0,0
108000129,0,0,0
108000130,395,37,358
108000131,252,55,197
108000132,0,0,0
108000133,692,43,649
108000134,0,0,0
108000135,1398,29,1369
108000136,0,0,0
108000137,50,23,27
108000138,14,19,-5
108000139,81,38,43
108000140,0,0,0
108000141,0,0,0
108000142,0,0,0
108000143,0,0,0
108000144,0,0,0
108000145,0,0,0
108000146,0,0,0
108000147,0,0,0
108000148,0,0,0
108000149,0,0,0
108000150,0,0,0
108000151,0,0,0
108000152,0,0,0
108000153,0,0,0
108000154,0,0,0
108000155,0,0,0
108000156,0,0,0
108000157,0,0,0
108000158,0,0,0
108000159,44,9,35
108000160,81,4,77
108000161,179,76,103
108000165,0,0,0
108000172,0,0,0
108000173,0,0,0
108000175,304,11,293
108000178,0,0,0
108000179,84,437,-353
108000181,0,0,0
108000182,0,0,0
108000183,0,0,0
108000184,43,163,-120
108000185,0,0,0
108000186,0,0,0
108000187,0,0,0
108000188,0,0,0
108000189,64,16,48
108000190,0,0,0
108000192,0,0,0
108000193,0,3,-3
108000194,3,0,3
108000195,0,0,0
108000196,74,52,22
108000198,0,0,0
108000199,0,0,0
108000200,0,0,0
108000202,1,172,-171
108000203,0,0,0
108000204,0,0,0
108000205,0,0,0
108000339,179,17,162
108000364,23,15,8
108000365,20,9,11
108000367,0,0,0
108000368,0,0,0
108000369,0,0,0
108000371,0,0,0
108000372,105,0,105
108000373,50,20,30
108000376,0,0,0
108000377,61,88,-27
108000378,5897,2901,2996
108000379,0,0,0
108000381,0,0,0
108000382,52,0,52
108000383,0,0,0
108900001,0,0,0
108900002,0,0,0
108900003,0,0,0
108900004,60,25,35
108900005,0,13,-13
108900006,2,4,-2
108900007,59,15,44
108900008,19,0,19
108900009,5,0,5
108900010,0,0,0
108900011,58,14,44
108900012,27,3,24
108900013,68,30,38
108900014,0,0,0
108900015,0,0,0
108900016,0,0,0
108900017,0,0,0
108900018,0,0,0
108900019,0,0,0
108900020,0,0,0
108900021,0,0,0
108900022,0,0,0
108900023,0,0,0
108900024,0,0,0
108900025,0,0,0
108900026,0,0,0
108900027,0,0,0
108900028,0,0,0
108900029,0,0,0
108900030,0,0,0
108900031,0,0,0
108900032,0,0,0
108900033,0,0,0
108900034,0,0,0
108900035,0,0,0
108900036,0,0,0
108900037,0,0,0
108900038,0,0,0
108900039,0,0,0
108900040,0,0,0
108900041,188,73,115
108900042,0,0,0
108900043,0,0,0
108900044,0,0,0
108900045,0,0,0
108900046,0,0,0
108900047,0,0,0
108900048,0,0,0
108900049,0,0,0
108900050,0,0,0
108900051,0,0,0
108900052,0,0,0
108900053,0,0,0
108900054,0,0,0
108900055,0,0,0
108900056,0,0,0
108900057,0,0,0
108900058,0,0,0
108900059,0,0,0
108900060,2,4,-2
108900061,0,0,0
108900062,0,0,0
108900063,0,0,0
108900064,0,0,0
108900065,0,0,0
108900066,42,0,42
108900067,0,0,0
108900068,0,0,0
108900069,0,0,0
108900070,0,0,0
108900071,4,0,4
108900072,0,0,0
108900073,0,0,0
108900074,0,0,0
108900075,0,0,0
108900076,3,0,3
108900077,0,0,0
108900078,0,0,0
108900079,0,0,0
108900080,0,0,0
108900081,0,0,0
108900082,0,0,0
108900083,0,0,0
108900084,0,0,0
108900085,0,0,0
108900086,0,0,0
108900087,0,0,0
108900088,16,0,16
108900089,0,0,0
108900090,0,0,0
108900091,0,0,0
108900092,85,9,76
108900093,0,0,0
108900094,0,0,0
108900095,0,0,0
108900096,0,0,0
108900097,9,0,9
108900098,0,0,0
108900099,12,2,10
108900100,0,0,0
108900101,0,0,0
108900102,0,0,0
108900103,0,0,0
108900104,0,0,0
108900105,0,0,0
108900106,16,1,15
108900108,0,0,0
108900109,0,0,0
108900110,28,8,20
108900111,14,0,14
108900112,0,0,0
108900113,0,0,0
108900114,0,0,0
108900115,0,0,0
108900116,0,0,0
108900117,0,0,0
108900118,0,0,0
108900119,0,0,0
108900120,0,0,0
108900121,0,0,0
108900122,0,0,0
108900123,0,0,0
108900124,0,0,0
108900125,0,0,0
108900126,0,0,0
108900127,0,0,0
108900128,0,0,0
108900129,0,0,0
108900130,0,0,0
108900131,0,0,0
108900132,0,0,0
108900133,0,0,0
108900134,0,0,0
108900135,0,0,0
108900136,0,0,0
108900137,0,0,0
108900138,0,0,0
108900139,0,0,0
108900140,0,0,0
108900141,0,0,0
108900142,0,0,0
108900143,0,0,0
108900144,0,0,0
108900145,0,0,0
108900146,0,0,0
108900147,0,0,0
108900148,0,0,0
108900149,0,0,0
108900150,0,0,0
108900151,0,0,0
108900152,0,0,0
108900153,0,0,0
108900154,7,0,7
108900155,0,0,0
108900156,0,0,0
108900157,0,0,0
108900158,0,0,0
108900159,0,0,0
108900160,0,0,0
108900161,0,0,0
108900162,0,0,0
108900163,0,0,0
108900164,0,0,0
108900165,0,0,0
108900167,0,0,0
108900168,0,0,0
108900169,0,0,0
108900171,30,89,-59
108900172,0,0,0
108900173,0,0,0
108900174,0,0,0
108900176,0,0,0
108900177,0,0,0
108900178,0,0,0
108900179,5,43,-38
108900180,3,10,-7
108900182,1,8,-7
108900183,0,0,0
108900184,38,3,35
108900185,0,0,0
108900186,0,0,0
108900187,0,0,0
108900188,0,0,0
108900189,6,1,5
108900190,0,0,0
108900191,0,0,0
108900192,0,0,0
108900193,0,0,0
108900194,0,0,0
108900195,2,0,2
108900196,0,0,0
108900198,0,0,0
108900199,2,0,2
108900200,11,0,11
108900201,0,0,0
108900203,0,0,0
108900204,0,0,0
108900205,0,0,0
108900206,0,0,0
108900207,0,0,0
108900208,0,0,0
108900209,0,0,0
108900210,0,0,0
108900211,0,0,0
108900212,0,0,0
108900215,0,0,0
108900216,0,0,0
108900217,0,0,0
108900218,0,0,0
108900219,0,0,0
108900220,0,0,0
108900221,0,0,0
108900222,0,0,0
108900223,0,0,0
108900224,0,0,0
108900225,0,0,0
108900226,0,0,0
108900227,0,0,0
108900230,0,0,0
108900231,0,0,0
108900232,0,0,0
108900233,0,0,0
108900234,0,0,0
108900235,0,0,0
108900236,0,0,0
108900237,0,0,0
108900240,0,0,0
108900241,0,0,0
108900245,0,0,0
108900249,0,0,0
108900250,0,0,0
108900257,0,0,0
108900258,0,0,0
108900259,0,0,0
108900260,0,0,0
108900261,0,0,0
108900262,0,0,0
108900263,0,0,0
108900264,0,0,0
108900265,0,0,0
108900266,0,0,0
108900267,0,0,0
108900268,0,0,0
108900269,0,0,0
108900270,0,0,0
108900271,0,0,0
108900272,0,0,0
108900273,0,0,0
108900274,0,0,0
109000001,878,607,271
109000002,1,346,-345
109000003,1593,246,1347
109000004,2,187,-185
109000005,1404,176,1228
109000006,3,152,-149
109000007,1381,280,1101
109000008,3,129,-126
109000009,2057,276,1781
109000010,29,207,-178
109000011,2310,573,1737
109000012,32,198,-166
109000013,2803,806,1997
109000014,34,305,-271
109000015,3797,561,3236
109000016,124,342,-218
109000017,2078,620,1458
109000018,60,319,-259
109000019,1767,288,1479
109000020,14,185,-171
109000023,17,0,17
109000024,0,0,0
109000025,0,0,0
109000026,45,5,40
109000027,0,0,0
109000028,24,1,23
109000029,0,0,0
109000030,0,0,0
109000031,259,47,212
109000032,0,0,0
109000033,253,53,200
109000034,0,0,0
109000035,0,0,0
109000036,0,3,-3
109000037,0,0,0
109000038,35,23,12
109000039,0,0,0
109000040,0,0,0
109000041,42,66,-24
109000042,7,60,-53
109000044,141,39,102
109000045,0,0,0
109000046,160,23,137
109000047,0,0,0
109000048,288,65,223
109000049,0,0,0
109000050,170,92,78
109000051,0,0,0
109000052,0,0,0
109000053,0,0,0
109000054,0,0,0
109000055,0,0,0
109000056,0,0,0
109000057,0,0,0
109000058,0,0,0
109000059,0,0,0
109000060,10,11,-1
109000061,0,0,0
109000062,8,34,-26
109000063,0,0,0
109000064,7,29,-22
109000065,0,0,0
109000066,52,0,52
109000067,0,0,0
109000068,137,1,136
109000069,268,16,252
109000070,0,0,0
109000071,0,0,0
109000072,0,7,-7
109000073,0,0,0
109000074,0,16,-16
109000075,0,0,0
109000076,6,31,-25
109000077,23,0,23
109000078,0,0,0
109000079,40,0,40
109000080,4,4,0
109000081,42,12,30
109000082,29,5,24
109000083,33,7,26
109000088,0,19,-19
109000089,0,0,0
109000090,1,16,-15
109000091,0,0,0
109000092,4,21,-17
109000093,0,0,0
109000094,0,0,0
109000095,2,5,-3
109000096,47,2,45
109000097,0,0,0
109000098,33,3,30
109000099,213,8,205
109000100,1,9,-8
109000101,342,12,330
109000102,19,38,-19
109000103,21,17,4
109000104,479,13,466
109000105,12,81,-69
109000106,481,12,469
109000107,13,62,-49
109000108,433,55,378
109000109,32,68,-36
109000110,109,76,33
109000111,92,215,-123
109000112,0,0,0
109000113,15,2,13
109000114,166,71,95
109000115,167,2,165
109000116,0,0,0
109000117,132,3,129
109000118,0,0,0
109000119,327,3,324
109000120,0,0,0
109000121,204,20,184
109000122,0,0,0
109000123,0,0,0
109000124,49,4,45
109000125,562,26,536
109000126,0,0,0
109000127,611,9,602
109000128,0,0,0
109000129,489,74,415
109000130,0,0,0
109000131,148,207,-59
109000132,2,27,-25
109000133,0,0,0
109000134,0,0,0
109000135,0,0,0
109000136,20,13,7
109000137,59,4,55
109000138,42,2,40
109000139,103,37,66
109000140,18,6,12
109000141,91,7,84
109000142,0,0,0
109000143,0,0,0
109000145,0,0,0
109000146,24,39,-15
109000148,0,0,0
109000149,0,0,0
109000150,9,63,-54
109000155,0,0,0
109000156,267,8,259
109000158,0,0,0
109000159,50,26,24
109000160,0,0,0
109000161,417,64,353
109000162,67,1,66
109000163,565,58,507
109000164,80,17,63
109000165,397,168,229
109000166,38,39,-1
109000167,1,13,-12
109000170,0,0,0
109000171,0,0,0
109000172,0,0,0
109000173,0,0,0
109000174,0,0,0
109000175,0,0,0
109000176,18,2,16
109000177,0,0,0
109000178,13,2,11
109000179,0,0,0
109000180,0,0,0
109000181,0,0,0
109000182,0,0,0
109000183,0,8,-8
109000184,0,0,0
109000185,15,3,12
109000188,25,31,-6
109000189,52,0,52
109000190,0,0,0
109000191,474,53,421
109000192,0,0,0
109000193,0,0,0
109000194,0,0,0
109000195,0,0,0
109000196,0,0,0
109000197,0,0,0
109000198,0,0,0
109000199,0,0,0
109000206,0,0,0
109000207,0,0,0
109000208,0,0,0
109000209,0,0,0
109000210,0,0,0
109000211,0,0,0
109000214,57,29,28
109000215,184,31,153
109000216,81,205,-124
109000217,0,0,0
109000218,0,0,0
109000221,0,13,-13
109000222,12,2,10
109000223,4,79,-75
109000224,0,0,0
109000225,22,7,15
109000226,18,3,15
109000227,67,8,59
109000228,0,0,0
109000231,0,4,-4
109000232,52,3,49
109000236,0,0,0
109000241,44,31,13
109000242,291,50,241
109000293,0,0,0
109000361,0,0,0
109000364,0,0,0
109000396,0,7,-7
109000397,3,0,3
109000399,1,35,-34
109000400,0,0,0
109000403,0,0,0
109000406,118,0,118
109000407,0,0,0
109000408,0,141,-141
109000410,0,0,0
109000411,23,2,21
109900001,0,0,0
109900002,0,0,0
109900003,0,0,0
109900004,0,0,0
109900005,0,0,0
109900006,0,0,0
109900007,0,0,0
109900008,0,0,0
109900009,0,0,0
109900010,0,0,0
109900011,0,0,0
109900012,0,0,0
109900013,0,0,0
109900014,0,0,0
109900015,0,0,0
109900016,0,0,0
109900017,0,0,0
109900018,0,0,0
109900019,0,0,0
109900020,0,0,0
109900021,0,0,0
109900022,4,1,3
109900023,0,0,0
109900024,0,0,0
109900025,0,0,0
109900026,0,0,0
109900027,0,0,0
109900028,0,0,0
109900029,0,0,0
109900030,0,0,0
109900031,0,0,0
109900032,0,0,0
109900033,0,0,0
109900034,0,0,0
109900035,0,0,0
109900036,0,0,0
109900037,0,0,0
109900038,0,0,0
109900039,0,0,0
109900040,0,0,0
109900041,0,0,0
109900042,0,0,0
109900044,0,0,0
109900045,0,0,0
109900046,0,0,0
109900047,0,0,0
109900048,0,0,0
109900049,0,0,0
109900050,0,0,0
109900051,0,0,0
109900052,0,0,0
109900053,0,0,0
109900054,0,0,0
109900055,0,0,0
109900056,0,0,0
109900057,0,0,0
109900058,0,0,0
109900059,0,0,0
109900060,0,0,0
109900061,0,0,0
109900062,0,0,0
109900063,0,0,0
109900064,20,1,19
109900065,0,0,0
109900066,0,0,0
109900067,0,0,0
109900068,0,0,0
109900069,0,0,0
109900070,0,0,0
109900071,0,0,0
109900072,0,0,0
109900073,0,0,0
109900074,0,0,0
109900075,0,0,0
109900076,0,0,0
109900077,0,0,0
109900078,0,0,0
109900080,0,0,0
109900081,0,0,0
109900082,0,0,0
109900083,0,0,0
109900084,0,0,0
109900085,0,0,0
109900086,0,0,0
109900087,0,0,0
109900089,0,0,0
109900090,0,0,0
109900091,0,0,0
109900092,0,0,0
109900093,0,0,0
109900094,0,0,0
109900095,0,0,0
109900096,0,0,0
109900097,0,0,0
109900098,0,0,0
109900099,0,0,0
109900100,0,0,0
109900101,0,0,0
109900102,0,0,0
109900103,0,0,0
109900104,0,0,0
109900105,0,0,0
109900106,0,0,0
109900107,0,0,0
109900108,0,0,0
109900109,0,0,0
109900110,0,0,0
109900111,0,0,0
109900112,0,0,0
109900113,0,0,0
109900114,0,0,0
109900115,0,0,0
109900117,0,0,0
109900118,0,0,0
109900119,0,0,0
109900120,0,0,0
109900121,0,0,0
109900122,0,0,0
109900123,0,0,0
109900124,0,0,0
109900125,0,0,0
109900126,0,0,0
109900128,0,0,0
109900130,0,0,0
109900131,0,0,0
109900132,0,0,0
109900133,0,0,0
109900134,0,0,0
109900135,0,0,0
109900136,0,0,0
109900137,0,0,0
109900138,0,0,0
109900140,0,0,0
109900142,0,0,0
109900145,0,0,0
109900146,0,0,0
109900148,0,0,0
109900149,0,0,0
109900150,0,0,0
109900151,0,0,0
109900152,0,0,0
109900153,0,0,0
109900154,0,0,0
109900155,0,0,0
109900157,0,0,0
109900158,0,0,0
109900159,0,0,0
109900160,0,0,0
109900161,0,0,0
109900162,0,0,0
109900163,0,0,0
109900164,0,0,0
109900165,0,0,0
109900166,0,0,0
109900167,0,0,0
109900168,0,0,0
109900169,0,0,0
109900170,0,0,0
109900171,0,0,0
109900172,0,0,0
109900173,0,0,0
109900174,0,0,0
109900175,0,0,0
109900176,0,0,0
109900177,0,0,0
109900178,0,0,0
109900179,0,0,0
109900180,0,0,0
110000001,48,107,-59
110000002,547,295,252
110000003,137,233,-96
110000004,580,219,361
110000005,61,66,-5
110000006,1,91,-90
110000007,6,2,4
110000008,0,0,0
110000009,1,0,1
110000010,0,0,0
110000011,13,1,12
110000012,0,0,0
110000013,15,27,-12
110000014,20,26,-6
110000015,15,6,9
110000016,38,52,-14
110000017,82,83,-1
110000018,9,37,-28
110000019,0,0,0
110000020,0,0,0
110000021,39,3,36
110000022,0,0,0
110000023,0,0,0
110000024,0,0,0
110000025,0,0,0
110000026,0,0,0
110000027,9,21,-12
110000028,164,7,157
110000029,0,0,0
110000030,61,13,48
110000031,0,0,0
110000032,111,2,109
110000033,4,4,0
110000034,2,0,2
110000035,19,17,2
110000036,63,0,63
110000037,26,37,-11
110000038,17,1,16
110000039,141,70,71
110000040,0,0,0
110000041,274,146,128
110000042,0,0,0
110000043,105,139,-34
110000044,0,0,0
110000045,1,25,-24
110000046,0,0,0
110000047,0,23,-23
110000048,0,0,0
110000049,0,4,-4
110000050,0,0,0
110000051,0,0,0
110000052,3,5,-2
110000053,3,1,2
110000054,0,0,0
110000055,17,11,6
110000056,159,53,106
110000057,0,0,0
110000058,135,114,21
110000059,17,94,-77
110000060,744,219,525
110000061,56,181,-125
110000062,752,169,583
110000063,0,0,0
110000064,18,1,17
110000065,0,0,0
110000066,0,0,0
110000067,4,1,3
110000068,1,1,0
110000069,0,0,0
110000071,0,0,0
110000073,0,0,0
110000075,0,0,0
110000076,0,0,0
110000077,0,0,0
110000078,0,0,0
110000080,43,5,38
110000081,3,0,3
110000082,0,0,0
110000083,37,128,-91
110000084,419,118,301
110000085,332,372,-40
110000086,434,276,158
110000087,1,32,-31
110000088,0,130,-130
110000089,391,1,390
110000090,0,0,0
110000091,0,0,0
110000092,0,0,0
110000093,111,2,109
110000094,18,5,13
110000095,444,35,409
110000096,127,65,62
110000097,692,93,599
110000098,445,56,389
110000099,72,58,14
110000100,80,0,80
110000101,0,0,0
110000102,0,0,0
110000104,0,0,0
110000105,15,0,15
110000106,0,0,0
110000107,2,39,-37
110000108,401,4,397
110000109,0,0,0
110000110,981,163,818
110000111,0,0,0
110000112,0,0,0
110000113,0,0,0
110000114,0,3,-3
110000115,6,19,-13
110000116,2,13,-11
110000117,0,0,0
110000118,152,22,130
110000119,0,0,0
110000120,78,6,72
110000121,0,0,0
110000122,21,2,19
110000123,48,93,-45
110000124,0,0,0
110000125,319,31,288
110000126,94,11,83
110000127,320,23,297
110000128,0,0,0
110000129,0,0,0
110000130,50,19,31
110000131,0,0,0
110000132,0,0,0
110000133,0,0,0
110000134,0,0,0
110000135,50,0,50
110000136,0,0,0
110000137,93,0,93
110000138,0,0,0
110000139,137,4,133
110000140,618,19,599
110000143,151,5,146
110000144,1197,377,820
110000145,255,121,134
110000146,781,114,667
110000147,0,0,0
110000148,79,22,57
110000151,10,48,-38
110000152,0,0,0
110000153,0,0,0
110000154,0,4,-4
110000155,98,446,-348
110000156,7,155,-148
110000157,51,309,-258
110000160,0,0,0
110000161,0,0,0
110000166,0,0,0
110000167,351,49,302
110000168,561,62,499
110000169,199,125,74
110000170,77,9,68
110000171,207,21,186
110000172,18,37,-19
110000173,51,22,29
110000174,0,0,0
110000175,76,10,66
110000176,20,17,3
110000177,22,54,-32
110000178,172,42,130
110000179,29,54,-25
110000180,59,42,17
110000181,107,8,99
110000182,80,8,72
110000183,311,153,158
110000184,97,102,-5
110000185,0,0,0
110000186,0,0,0
110000191,165,1,164
110000192,3,0,3
110000193,0,0,0
110000194,0,0,0
110000195,0,0,0
110000196,0,0,0
110000197,0,0,0
110000198,0,0,0
110000199,0,0,0
110000200,10,0,10
110000201,0,0,0
110000202,0,0,0
110000203,0,0,0
110000204,0,0,0
110000205,0,0,0
110000206,0,0,0
110000207,0,0,0
110000208,0,0,0
110000209,0,0,0
110000210,649,202,447
110000211,635,206,429
110000212,105,40,65
110000213,3,0,3
110000214,28,0,28
110000215,0,0,0
110000216,0,0,0
110000217,179,0,179
110000218,0,1,-1
110000219,71,1,70
110000220,0,0,0
110000221,36,0,36
110000222,0,0,0
110000223,0,0,0
110000224,0,0,0
110000225,0,0,0
110000226,363,27,336
110000227,0,0,0
110000228,19,1,18
110000229,0,0,0
110000230,274,68,206
110000231,83,69,14
110000232,0,0,0
110000233,69,27,42
110000234,119,16,103
110000235,128,127,1
110000236,0,0,0
110000237,0,0,0
110000238,353,92,261
110000239,0,0,0
110000240,0,0,0
110000242,0,0,0
110000243,0,0,0
110000244,0,0,0
110000245,0,0,0
110000246,28,9,19
110000247,75,115,-40
110000248,66,53,13
110000249,0,0,0
110000250,0,9,-9
110000251,10,24,-14
110000252,85,5,80
110000253,109,47,62
110000254,0,0,0
110000255,0,0,0
110000256,33,27,6
110000257,21,6,15
110000258,0,5,-5
110000259,0,0,0
110000260,5,2,3
110000263,0,0,0
110000264,1,3,-2
110000265,1063,139,924
110000266,428,386,42
110000267,0,0,0
110000268,1,1,0
110000269,0,0,0
110000270,34,0,34
110000271,193,31,162
110000272,169,288,-119
110000273,92,159,-67
110000274,48,142,-94
110000275,142,50,92
110000276,2,117,-115
110000277,507,132,375
110000278,6,152,-146
110000279,419,93,326
110000280,270,32,238
110000281,0,0,0
110000282,55,0,55
110000283,0,0,0
110000284,0,0,0
110000285,0,0,0
110000286,28,13,15
110000287,0,0,0
110000288,0,0,0
110000289,0,0,0
110000290,0,0,0
110000291,181,8,173
110000292,0,0,0
110000293,263,9,254
110000294,0,0,0
110000295,69,24,45
110000296,0,0,0
110000297,0,0,0
110000298,0,0,0
110000299,0,0,0
110000301,0,0,0
110000302,0,0,0
110000303,0,0,0
110000304,0,0,0
110000305,104,0,104
110000306,0,0,0
110000307,75,0,75
110000308,174,1,173
110000309,0,0,0
110000310,58,2,56
110000311,0,0,0
110000312,22,0,22
110000313,0,0,0
110000314,0,0,0
110000315,57,239,-182
110000316,8,188,-180
110000317,0,0,0
110000318,0,0,0
110000319,0,0,0
110000320,0,0,0
110000321,0,0,0
110000322,9,8,1
110000323,0,0,0
110000324,0,0,0
110000325,524,350,174
110000327,152,5,147
110000328,0,0,0
110000333,48,119,-71
110000334,5,13,-8
110000335,20,26,-6
110000336,2,32,-30
110000337,748,155,593
110000338,53,16,37
110000339,40,38,2
110000340,0,2,-2
110000341,55,7,48
110000342,14,0,14
110000343,0,0,0
110000344,0,0,0
110000345,5,4,1
110000346,254,227,27
110000347,594,254,340
110000348,0,0,0
110000349,0,0,0
110000350,33,0,33
110000351,465,110,355
110000352,0,0,0
110000353,803,72,731
110000354,1,6,-5
110000355,0,0,0
110000356,168,1,167
110000357,0,0,0
110000361,0,0,0
110000362,1,17,-16
110000363,106,1,105
110000364,84,57,27
110000365,26,0,26
110000366,0,0,0
110000367,0,0,0
110000368,0,0,0
110000369,6,0,6
110000373,0,0,0
110000374,0,0,0
110000375,126,34,92
110000376,0,0,0
110000377,116,152,-36
110000378,0,0,0
110000379,534,145,389
110000380,94,6,88
110000383,0,0,0
110000384,149,0,149
110000385,0,0,0
110000387,20,6,14
110000388,0,0,0
110000389,636,27,609
110000391,210,4,206
110000396,0,0,0
110000397,0,0,0
110000398,0,0,0
110000399,429,6,423
110000587,5,1,4
110000589,1,1,0
110000640,0,0,0
110000652,0,0,0
110000653,0,0,0
110000654,0,0,0
110000656,0,0,0
110000674,0,0,0
110000675,0,0,0
110000676,0,0,0
110000679,0,0,0
110000682,4,37,-33
110000683,76,26,50
110000684,0,0,0
110000685,18,5,13
110000686,0,0,0
110000687,7,0,7
110000688,38,0,38
110000689,0,0,0
110000692,2,4,-2
110000693,0,0,0
110000694,0,0,0
110000695,0,0,0
110000696,36,3,33
110900001,0,0,0
110900002,0,0,0
110900003,0,0,0
110900004,0,0,0
110900005,0,0,0
110900006,0,0,0
110900007,0,0,0
110900008,0,0,0
110900009,0,0,0
110900010,0,0,0
110900011,0,0,0
110900012,0,0,0
110900013,0,0,0
110900014,0,0,0
110900015,0,0,0
110900016,0,0,0
110900017,0,0,0
110900018,0,0,0
110900019,0,0,0
110900020,0,0,0
110900021,0,0,0
110900022,0,0,0
110900023,0,0,0
110900024,0,0,0
110900025,0,0,0
110900027,0,0,0
110900028,0,0,0
110900029,0,0,0
110900030,0,0,0
110900031,0,0,0
110900032,0,0,0
110900033,0,0,0
110900035,0,0,0
110900036,0,0,0
110900037,0,0,0
110900038,0,0,0
110900039,0,0,0
110900040,0,0,0
110900041,0,0,0
110900042,0,0,0
110900043,0,0,0
110900044,0,0,0
110900045,0,0,0
110900046,0,0,0
110900047,0,0,0
110900049,0,0,0
110900050,0,0,0
110900051,0,0,0
110900052,0,0,0
110900053,0,0,0
110900054,0,0,0
110900055,0,0,0
110900056,0,0,0
110900057,0,0,0
110900058,0,0,0
110900059,0,0,0
110900060,0,0,0
110900061,0,0,0
110900062,0,0,0
110900063,0,0,0
110900064,0,0,0
110900065,0,0,0
110900066,0,0,0
110900067,0,0,0
110900068,0,0,0
110900069,0,0,0
110900070,0,0,0
110900071,0,0,0
110900073,0,0,0
110900074,2,2,0
110900075,0,0,0
110900077,0,0,0
110900078,0,0,0
110900079,0,0,0
110900080,0,0,0
110900081,0,0,0
110900082,0,0,0
110900083,0,0,0
110900084,0,0,0
110900085,0,0,0
110900086,0,0,0
110900087,0,0,0
110900088,0,0,0
110900090,0,0,0
110900091,0,0,0
110900093,0,0,0
110900095,0,0,0
110900097,0,0,0
110900098,0,0,0
110900099,0,0,0
110900100,0,0,0
110900102,0,0,0
110900105,0,0,0
110900108,0,0,0
110900111,0,0,0
110900112,0,0,0
110900113,0,0,0
110900115,0,0,0
110900116,0,0,0
110900118,0,0,0
110900119,0,0,0
110900120,0,0,0
110900121,0,0,0
110900122,0,0,0
110900125,0,0,0
110900127,0,0,0
110900128,0,0,0
110900129,0,0,0
110900130,0,0,0
110900131,0,0,0
110900132,0,0,0
110900133,0,0,0
110900135,0,0,0
110900136,0,0,0
110900137,0,0,0
110900138,0,0,0
110900139,0,0,0
110900140,0,0,0
110900141,0,0,0
110900142,0,0,0
110900143,0,0,0
110900144,0,0,0
110900145,0,0,0
110900146,0,0,0
110900147,0,0,0
110900148,0,0,0
110900149,0,0,0
110900150,0,0,0
110900151,0,0,0
110900152,0,0,0
110900153,0,0,0
111000001,141,30,111
111000002,1,0,1
111000003,500,80,420
111000004,0,0,0
111000005,433,86,347
111000006,0,0,0
111000007,767,111,656
111000008,0,0,0
111000009,5,129,-124
111000010,642,110,532
111000011,6,18,-12
111000012,325,89,236
111000013,16,47,-31
111000014,650,137,513
111000017,0,0,0
111000018,0,0,0
111000020,0,0,0
111000021,43,7,36
111000023,54,4,50
111000025,96,221,-125
111000029,0,0,0
111000030,0,0,0
111000031,489,144,345
111000032,68,15,53
111000033,53,11,42
111000034,5,17,-12
111000037,0,0,0
111000038,14,8,6
111000039,20,3,17
111000040,2,10,-8
111000041,0,0,0
111000042,0,0,0
111000043,1001,162,839
111000044,898,120,778
111000045,946,365,581
111000046,414,168,246
111000047,505,206,299
111000049,83,32,51
111000050,0,0,0
111000051,0,0,0
111000052,0,0,0
111000053,0,0,0
111000054,0,0,0
111000055,3,0,3
111000056,0,0,0
111000057,0,0,0
111000058,105,14,91
111000059,313,81,232
111000060,1699,127,1572
111000061,71,44,27
111000062,481,18,463
111000063,700,68,632
111000064,704,105,599
111000065,767,64,703
111000066,193,24,169
111000067,0,0,0
111000068,0,0,0
111000069,0,0,0
111000070,0,0,0
111000071,0,0,0
111000072,866,110,756
111000073,380,169,211
111000074,1061,209,852
111000075,181,23,158
111000076,275,52,223
111000077,737,199,538
111000078,171,47,124
111000079,350,52,298
111000080,194,44,150
111000081,123,109,14
111000082,156,27,129
111000084,64,141,-77
111000085,41,31,10
111000086,74,22,52
111000087,118,24,94
111000088,230,59,171
111000089,88,51,37
111000090,46,65,-19
111000091,0,0,0
111000092,0,0,0
111000093,0,0,0
111000094,75,9,66
111000095,4,12,-8
111000096,67,32,35
111000097,0,0,0
111000098,0,0,0
111000099,0,0,0
111000100,0,0,0
111000101,0,0,0
111000102,0,0,0
111000104,134,31,103
111000107,0,0,0
111000109,80,53,27
111000110,248,99,149
111000111,1063,31,1032
111000112,1151,30,1121
111000113,440,164,276
111000114,318,166,152
111000115,1367,188,1179
111000116,307,65,242
111000117,69,15,54
111000118,209,35,174
111000119,263,61,202
111000120,234,47,187
111000121,122,68,54
111000122,8,18,-10
111000123,5,1,4
111000124,0,0,0
111000125,0,0,0
111000126,0,0,0
111000127,331,6,325
111000128,879,4,875
111000129,1331,25,1306
111000130,1213,62,1151
111000131,925,46,879
111000132,521,58,463
111000133,18,16,2
111000134,65,17,48
111000135,0,0,0
111000136,305,9,296
111000138,8,0,8
111000140,0,0,0
111000141,3,2,1
111000142,0,0,0
111000143,0,0,0
111000144,0,0,0
111000145,1,0,1
111000146,3,0,3
111000147,34,1,33
111000148,67,7,60
111000149,0,0,0
111000150,48,0,48
111000151,0,0,0
111000153,113,2,111
111000154,0,10,-10
111000155,43,10,33
111000156,176,40,136
111000157,83,98,-15
111000158,212,138,74
111000159,335,155,180
111000160,95,31,64
111000161,4,70,-66
111000162,0,0,0
111000163,0,0,0
111000164,0,0,0
111000165,107,10,97
111000166,0,0,0
111000167,0,0,0
111000168,22,27,-5
111000169,24,20,4
111000170,48,11,37
111000171,68,8,60
111000172,5,5,0
111000173,42,11,31
111000174,10,4,6
111000175,2,5,-3
111000176,0,0,0
111000177,0,0,0
111000178,0,0,0
111000179,0,0,0
111000180,0,0,0
111000181,125,0,125
111000182,62,1,61
111000183,37,2,35
111000184,87,26,61
111000185,8,12,-4
111000186,8,0,8
111000187,15,3,12
111000188,12,8,4
111000189,0,0,0
111000190,0,0,0
111000191,0,0,0
111000192,0,0,0
111000193,0,0,0
111000194,0,0,0
111000195,0,0,0
111000196,0,0,0
111000197,104,3,101
111000198,148,2,146
111000199,75,22,53
111000200,275,26,249
111000201,152,5,147
111000202,67,4,63
111000203,141,25,116
111000204,39,198,-159
111000213,136,44,92
111000214,211,39,172
111000215,234,57,177
111000217,363,35,328
111000218,99,193,-94
111000219,0,0,0
111000220,154,33,121
111000221,17,24,-7
111000224,0,0,0
111000225,63,116,-53
111000226,1,2,-1
111000227,0,0,0
111000228,0,0,0
111000229,0,0,0
111000230,14,3,11
111000231,236,13,223
111000232,0,0,0
111000233,0,0,0
111000234,0,0,0
111000239,0,0,0
111000240,38,28,10
111000241,0,0,0
111000242,55,6,49
111000243,0,0,0
111000244,81,2,79
111000245,200,36,164
111000246,135,55,80
111000247,0,0,0
111000248,122,61,61
111000249,0,0,0
111000250,0,0,0
111000251,0,0,0
111000253,0,0,0
111000255,0,0,0
111000257,0,0,0
111000260,0,0,0
111000261,92,9,83
111000271,0,0,0
111000273,98,16,82
111000274,292,221,71
111000275,41,5,36
111000276,0,0,0
111000277,0,0,0
111000278,142,2,140
111000291,285,475,-190
111000298,0,0,0
111000299,115,0,115
111000300,0,0,0
111000302,0,0,0
111000303,0,0,0
111000312,0,0,0
111000315,0,0,0
111000320,4,26,-22
111000321,7,12,-5
111000322,101,20,81
111000323,5,1,4
111000324,9,5,4
111000325,0,0,0
111000326,6,1,5
111000327,66,41,25
111000328,30,62,-32
111000329,0,0,0
111000330,7,1,6
111000331,23,1,22
111000332,104,63,41
111000334,26,46,-20
111000335,52,0,52
111000337,123,3,120
111000338,3,1,2
111000339,0,1,-1
111000340,11,7,4
111000341,200,8,192
111000342,0,0,0
111000344,198,37,161
111000345,7,9,-2
111000346,0,0,0
111000347,0,0,0
111000350,24,24,0
111000351,0,0,0
111000352,32,4,28
111000353,0,0,0
111000354,38,12,26
111000355,0,0,0
111000358,40,15,25
111000360,58,7,51
111000361,84,3,81
111000546,3,0,3
111000547,130,7,123
111000548,1,1,0
111000549,139,7,132
111000550,0,1,-1
111000551,70,4,66
111000552,13,17,-4
111000907,246,3,243
111000908,3,0,3
111000916,151,1,150
111000917,0,0,0
111000918,33,12,21
111000920,51,2,49
111000921,0,0,0
111000922,0,0,0
111000924,0,0,0
111000925,2098,304,1794
111000926,90,74,16
111000927,1970,472,1498
111000928,205,344,-139
111000929,1355,231,1124
111000930,20,156,-136
111000931,1669,307,1362
111000932,78,146,-68
111000933,1756,517,1239
111000934,9,138,-129
111000935,972,177,795
111000936,2,88,-86
111000937,538,204,334
111000938,17,106,-89
111000939,195,3,192
111000940,0,0,0
111000941,40,6,34
111000943,0,0,0
111000944,34,1,33
111000945,19,0,19
111001109,129,7,122
111001110,0,0,0
111001111,1,0,1
111001112,182,0,182
111001113,2,164,-162
111001114,4,4,0
111001115,0,0,0
111001116,609,94,515
111001117,0,0,0
111001120,30,9,21
111001121,0,0,0
111001122,0,0,0
111001123,5,9,-4
111001124,0,0,0
111900001,0,0,0
111900002,0,0,0
111900003,0,0,0
111900004,0,0,0
111900006,0,0,0
111900007,0,0,0
111900008,0,0,0
111900009,0,0,0
111900010,0,0,0
111900012,0,0,0
111900013,0,0,0
111900014,9,0,9
111900015,0,0,0
111900016,0,0,0
111900017,0,0,0
111900018,0,0,0
111900019,0,0,0
111900020,0,0,0
111900021,0,0,0
111900022,0,0,0
111900023,0,0,0
111900024,0,0,0
111900025,0,0,0
111900026,0,0,0
111900027,0,0,0
111900028,0,0,0
111900029,0,0,0
111900030,0,0,0
111900031,0,0,0
111900032,0,0,0
111900033,0,0,0
111900034,0,0,0
111900035,0,0,0
111900036,0,0,0
111900038,0,0,0
111900039,0,0,0
111900040,0,0,0
111900042,0,0,0
111900043,0,0,0
111900044,0,0,0
111900046,0,0,0
111900048,0,0,0
111900049,0,0,0
111900050,0,0,0
111900051,0,0,0
111900052,0,0,0
111900053,0,0,0
111900054,0,0,0
111900055,0,0,0
111900056,0,0,0
111900057,36,0,36
111900058,0,0,0
111900059,30,26,4
111900060,0,0,0
111900061,0,0,0
111900062,0,0,0
111900063,0,0,0
111900064,0,0,0
111900065,0,0,0
111900066,0,0,0
111900067,0,0,0
111900068,0,0,0
111900069,0,0,0
111900070,0,0,0
111900071,0,0,0
111900072,0,0,0
111900073,0,0,0
111900074,0,0,0
111900075,0,0,0
111900076,0,0,0
111900077,0,0,0
111900078,0,0,0
111900079,0,0,0
111900080,0,0,0
111900081,0,0,0
111900082,0,0,0
111900083,0,0,0
111900084,0,0,0
111900085,0,0,0
111900086,0,0,0
111900087,0,0,0
111900088,0,0,0
111900089,0,0,0
111900090,0,0,0
111900091,0,0,0
111900092,0,0,0
111900093,0,0,0
111900094,0,0,0
111900095,0,0,0
111900096,0,0,0
111900097,0,0,0
111900098,0,0,0
111900099,0,0,0
111900100,0,0,0
111900101,0,0,0
111900102,0,0,0
111900103,0,0,0
111900104,0,0,0
111900105,0,0,0
111900106,0,0,0
111900107,0,0,0
111900108,0,0,0
111900109,0,0,0
111900110,0,0,0
111900111,29,1,28
111900112,0,0,0
111900113,0,0,0
111900114,0,0,0
111900115,0,0,0
111900118,0,0,0
111900119,0,0,0
111900122,0,0,0
111900123,0,0,0
111900124,0,0,0
111900125,0,0,0
111900126,0,0,0
111900127,0,0,0
111900128,0,0,0
111900129,0,0,0
111900130,0,0,0
111900131,0,0,0
111900132,0,0,0
111900133,0,0,0
111900134,0,0,0
111900135,0,0,0
111900136,0,0,0
111900137,0,0,0
111900138,0,0,0
111900139,0,0,0
111900140,0,0,0
111900141,0,0,0
111900142,0,0,0
111900143,0,0,0
111900144,0,0,0
111900145,0,0,0
111900146,0,0,0
111900147,0,0,0
111900148,0,0,0
111900149,0,0,0
111900150,0,0,0
111900151,0,0,0
111900152,0,0,0
111900153,0,0,0
111900154,0,0,0
111900155,0,0,0
111900156,0,0,0
111900157,0,0,0
111900158,0,0,0
111900159,0,0,0
111900160,0,0,0
111900161,0,0,0
111900162,0,0,0
111900163,0,0,0
111900164,0,0,0
111901113,0,0,0
111901114,0,0,0
111901115,0,0,0
111901116,0,0,0
111901117,0,0,0
111901118,0,0,0
111901119,0,0,0
111901120,0,0,0
111901121,0,0,0
111901122,0,0,0
111901123,0,0,0
111901124,0,0,0
111901125,31,22,9
111901126,0,0,0
111901127,0,0,0
111901128,0,0,0
111901129,0,0,0
111901130,0,0,0
111901131,0,0,0
111901132,0,0,0
111901133,0,0,0
111901134,0,0,0
111901135,0,0,0
111901136,0,0,0
111901137,0,0,0
111901138,0,0,0
111901139,0,0,0
111901140,0,0,0
111901141,0,0,0
111901142,0,0,0
111901143,0,0,0
111901144,0,0,0
111901145,0,0,0
111901146,0,0,0
112000001,1170,322,848
112000002,0,0,0
112000003,537,105,432
112000004,0,0,0
112000005,2867,1262,1605
112000006,0,0,0
112000007,1141,985,156
112000008,1681,1691,-10
112000009,650,49,601
112000010,383,757,-374
112000011,134,31,103
112000012,725,1365,-640
112000013,96,78,18
112000014,199,554,-355
112000015,0,0,0
112000016,127,272,-145
112000017,0,0,0
112000024,0,0,0
112000026,0,0,0
112000027,564,371,193
112000028,0,0,0
112000029,0,0,0
112000030,0,0,0
112000031,1,44,-43
112000032,0,0,0
112000033,0,43,-43
112000034,0,0,0
112000035,0,0,0
112000036,0,0,0
112000037,0,0,0
112000038,0,0,0
112000039,19,8,11
112000040,0,0,0
112000041,0,0,0
112000042,0,0,0
112000050,698,524,174
112000051,545,827,-282
112000054,33,161,-128
112000057,0,0,0
112000058,0,2,-2
112000059,0,0,0
112000061,0,0,0
112000062,11,70,-59
112000063,0,0,0
112000064,0,0,0
112000065,0,0,0
112000066,98,337,-239
112000067,0,0,0
112000068,76,217,-141
112000069,0,0,0
112000070,84,67,17
112000071,0,0,0
112000072,255,18,237
112000073,0,0,0
112000074,131,47,84
112000075,389,127,262
112000076,151,56,95
112000077,99,16,83
112000078,231,28,203
112000079,99,25,74
112000080,37,30,7
112000081,52,135,-83
112000082,135,124,11
112000083,132,29,103
112000084,225,96,129
112000085,403,45,358
112000086,350,46,304
112000087,81,14,67
112000088,88,49,39
112000089,18,14,4
112000090,5,4,1
112000091,23,31,-8
112000092,956,75,881
112000093,124,39,85
112000094,442,115,327
112000095,139,27,112
112000096,555,61,494
112000097,466,495,-29
112000098,0,0,0
112000099,37,1027,-990
112000100,642,136,506
112000101,0,0,0
112000102,436,62,374
112000103,0,0,0
112000105,0,0,0
112000106,376,66,310
112000107,0,5,-5
112000108,0,0,0
112000109,6,1,5
112000110,245,10,235
112000111,8,27,-19
112000112,369,19,350
112000113,3,15,-12
112000114,372,63,309
112000115,0,0,0
112000116,0,0,0
112000117,0,0,0
112000118,0,0,0
112000119,0,0,0
112000120,0,0,0
112000121,0,0,0
112000122,48,5,43
112000123,170,21,149
112000124,23,25,-2
112000125,51,30,21
112000126,0,0,0
112000127,47,162,-115
112000128,0,0,0
112000129,130,2,128
112000130,0,0,0
112000131,0,0,0
112000132,0,0,0
112000133,57,0,57
112000134,99,10,89
112000135,259,34,225
112000136,8,0,8
112000137,333,92,241
112000138,8,2,6
112000139,4,24,-20
112000140,0,0,0
112000141,61,7,54
112000142,0,0,0
112000143,182,1,181
112000144,0,0,0
112000145,318,13,305
112000146,0,0,0
112000147,172,29,143
112000148,0,0,0
112000149,9,3,6
112000150,0,0,0
112000151,6,3,3
112000152,0,0,0
112000153,5,0,5
112000154,63,0,63
112000155,0,0,0
112000157,14,270,-256
112000158,48,3,45
112000159,0,0,0
112000167,0,0,0
112000169,0,0,0
112000173,0,0,0
112000175,2,2,0
112000176,0,0,0
112000177,0,0,0
112000178,0,0,0
112000179,0,0,0
112000180,0,0,0
112000181,71,18,53
112000182,223,18,205
112000183,24,2,22
112000184,19,1,18
112000185,0,0,0
112000187,0,0,0
112000195,0,0,0
112000196,0,0,0
112000197,0,0,0
112000198,0,0,0
112000199,0,0,0
112000202,374,0,374
112000216,0,0,0
112000230,0,0,0
112000231,0,0,0
112000256,56,58,-2
112000313,0,0,0
112000314,0,0,0
112000337,0,0,0
112000352,0,0,0
112000392,94,155,-61
112000398,290,65,225
112000399,156,1566,-1410
112000400,7,51,-44
112000401,61,59,2
112000402,618,1700,-1082
112000403,119,907,-788
112000404,174,355,-181
112000405,1069,738,331
112000406,34,90,-56
112000407,2710,496,2214
112000408,88,101,-13
112000409,12,123,-111
112000410,0,0,0
112000411,0,0,0
112000412,0,0,0
112000413,0,0,0
112000414,0,0,0
112000415,0,0,0
112000416,780,180,600
112000417,14,24,-10
112000421,0,0,0
112000422,16,0,16
112000424,0,0,0
112000425,0,0,0
112000426,0,0,0
112000427,0,0,0
112000428,0,0,0
112000429,448,423,25
112000430,424,644,-220
112000431,26,6,20
112000432,0,0,0
112000433,20,81,-61
112000437,1,8,-7
112900001,0,0,0
112900002,0,0,0
112900003,0,0,0
112900004,0,0,0
112900005,0,0,0
112900006,0,0,0
112900007,0,0,0
112900008,0,0,0
112900009,0,0,0
112900010,0,0,0
112900011,0,0,0
112900012,0,0,0
112900013,0,0,0
112900014,0,0,0
112900015,0,0,0
112900016,0,0,0
112900017,0,0,0
112900018,0,0,0
112900019,0,0,0
112900020,0,0,0
112900021,0,0,0
112900022,0,0,0
112900023,0,0,0
112900024,0,0,0
112900025,0,0,0
112900026,0,0,0
112900027,0,0,0
112900028,0,0,0
112900029,0,0,0
112900030,0,0,0
112900031,0,0,0
112900032,0,0,0
112900034,0,0,0
112900035,0,0,0
112900036,0,0,0
112900037,0,0,0
112900038,0,0,0
112900039,0,0,0
112900040,0,0,0
112900041,0,0,0
112900042,0,0,0
112900043,0,0,0
112900044,0,0,0
112900045,0,0,0
112900046,0,0,0
112900047,0,0,0
112900049,0,0,0
112900050,0,0,0
112900051,0,0,0
112900052,0,0,0
112900053,0,0,0
112900054,0,0,0
112900055,0,0,0
112900056,0,0,0
112900057,0,0,0
112900058,0,0,0
112900059,0,0,0
112900060,0,0,0
112900061,0,0,0
112900062,0,0,0
112900063,0,0,0
112900064,0,0,0
112900065,0,0,0
112900066,0,0,0
112900067,0,0,0
112900068,0,0,0
112900069,0,0,0
112900071,0,0,0
112900072,0,0,0
112900073,0,0,0
112900074,0,0,0
112900075,0,0,0
112900076,0,0,0
112900078,0,0,0
112900079,0,0,0
112900080,0,0,0
112900081,0,0,0
112900082,0,0,0
112900083,0,0,0
112900084,0,0,0
112900085,0,0,0
112900086,0,0,0
112900087,0,0,0
112900088,0,0,0
112900089,0,0,0
112900090,0,0,0
112900091,0,0,0
112900092,0,0,0
112900093,0,0,0
112900094,0,0,0
112900095,0,0,0
112900096,0,0,0
112900097,0,0,0
112900098,0,0,0
112900099,0,0,0
112900100,0,0,0
112900101,0,0,0
112900102,0,0,0
112900103,0,0,0
112900104,0,0,0
112900105,0,0,0
112900106,0,0,0
112900107,0,0,0
112900108,0,0,0
112900109,0,0,0
112900110,0,0,0
112900111,0,0,0
112900112,0,0,0
112900113,0,0,0
112900114,0,0,0
112900115,0,0,0
112900116,0,0,0
112900117,0,0,0
112900118,0,0,0
112900119,0,0,0
112900120,0,0,0
112900121,0,0,0
112900122,0,0,0
112900123,0,0,0
112900124,0,0,0
112900125,0,0,0
112900126,0,0,0
112900127,0,0,0
112900128,0,0,0
112900129,0,0,0
112900130,0,0,0
112900131,0,0,0
112900132,0,0,0
112900133,0,0,0
112900134,0,0,0
112900135,0,0,0
112900136,0,0,0
112900137,0,0,0
112900138,0,0,0
112900139,0,0,0
112900140,0,0,0
112900141,0,0,0
112900142,0,0,0
112900143,0,0,0
112900144,0,0,0
112900145,0,0,0
112900146,0,0,0
112900147,0,0,0
112900148,0,0,0
112900149,0,0,0
112900151,0,0,0
112900152,0,0,0
112900153,0,0,0
112900154,0,0,0
112900155,0,0,0
112900156,0,0,0
112900157,0,0,0
112900158,0,0,0
112900159,0,0,0
112900160,0,0,0
112900161,0,0,0
112900162,0,0,0
112900163,0,0,0
112900164,0,0,0
112900165,0,0,0
112900166,0,0,0
112900167,0,0,0
112900168,0,0,0
112900169,0,0,0
112900170,0,0,0
112900172,0,0,0
112900173,0,0,0
112900174,0,0,0
112900175,0,0,0
112900176,0,0,0
112900177,0,0,0
112900178,0,0,0
112900179,0,0,0
112900180,0,0,0
112900181,0,0,0
112900182,0,0,0
112900183,0,0,0
112900184,0,0,0
112900185,0,0,0
112900186,0,0,0
112900187,0,0,0
112900188,0,0,0
112900189,0,0,0
112900190,0,0,0
112900192,0,0,0
112900193,0,0,0
112900194,0,0,0
112900195,0,0,0
112900196,0,0,0
112900197,0,0,0
112900199,0,0,0
112900200,0,0,0
112900201,0,0,0
112900202,0,0,0
112900203,0,0,0
112900204,0,0,0
112900205,0,0,0
112900206,0,0,0
112900207,0,0,0
112900208,0,0,0
112900209,0,0,0
112900210,0,0,0
112900211,0,0,0
112900212,0,0,0
112900213,0,0,0
112900214,0,0,0
112900215,0,0,0
112900216,0,0,0
112900217,0,0,0
112900218,0,0,0
112900219,0,0,0
112900220,0,0,0
112900221,0,0,0
112900222,0,0,0
112900223,0,0,0
112900224,0,0,0
112900225,0,0,0
112900226,0,0,0
112900227,0,0,0
112900228,0,0,0
112900229,0,0,0
112900230,0,0,0
112900232,0,0,0
112900233,0,0,0
112900234,0,0,0
112900235,0,0,0
112900236,0,0,0
112900237,0,0,0
112900238,0,0,0
112900239,0,0,0
113000001,243,293,-50
113000002,322,315,7
113000003,132,150,-18
113000004,103,124,-21
113000005,54,34,20
113000006,73,89,-16
113000007,67,43,24
113000008,95,51,44
113000009,75,38,37
113000010,179,58,121
113000011,0,0,0
113000012,667,48,619
113000013,7,58,-51
113000014,52,5,47
113000015,6,1,5
113000016,2,0,2
113000017,0,0,0
113000018,48,16,32
113000019,0,0,0
113000020,169,3,166
113000021,270,19,251
113000022,74,0,74
113000025,0,0,0
113000026,21,7,14
113000027,110,12,98
113000028,1,3,-2
113000029,46,30,16
113000030,0,0,0
113000031,0,0,0
113000032,42,34,8
113000033,66,26,40
113000034,0,0,0
113000035,0,0,0
113000036,0,0,0
113000037,0,0,0
113000038,0,0,0
113000039,0,0,0
113000040,0,0,0
113000042,0,0,0
113000051,180,130,50
113000052,126,78,48
113000053,20,15,5
113000054,46,71,-25
113000055,128,25,103
113000056,130,62,68
113000058,0,0,0
113000059,286,59,227
113000060,1,2,-1
113000061,117,96,21
113000062,0,0,0
113000063,0,0,0
113000064,0,0,0
113000065,5,7,-2
113000066,163,0,163
113000067,28,3,25
113000068,50,25,25
113000069,35,34,1
113000070,66,25,41
113000071,18,28,-10
113000072,106,3,103
113000073,2,60,-58
113000074,53,20,33
113000075,289,13,276
113000076,1,185,-184
113000077,114,88,26
113000078,0,0,0
113000079,0,0,0
113000080,58,62,-4
113000081,182,73,109
113000082,0,0,0
113000083,198,184,14
113000084,12,2,10
113000085,170,192,-22
113000086,4,7,-3
113000087,111,436,-325
113000088,9,3,6
113000089,210,409,-199
113000090,6,40,-34
113000091,40,0,40
113000094,79,5,74
113000095,0,0,0
113000096,0,0,0
113000097,65,33,32
113000098,1,0,1
113000099,73,15,58
113000100,1,3,-2
113000101,2,0,2
113000102,29,36,-7
113000103,0,0,0
113000104,329,171,158
113000105,658,118,540
113000106,0,0,0
113000107,217,444,-227
113000108,90,25,65
113000109,0,0,0
113000110,96,117,-21
113000111,0,0,0
113000112,10,60,-50
113000113,106,60,46
113000114,0,0,0
113000116,0,0,0
113000117,0,0,0
113000118,0,0,0
113000119,0,0,0
113000120,0,0,0
113000121,0,0,0
113000124,29,14,15
113000125,0,0,0
113000127,0,0,0
113000128,0,0,0
113000129,0,0,0
113000133,41,1,40
113000134,1,60,-59
113000135,1143,1004,139
113000137,401,389,12
113000139,72,25,47
113000140,0,0,0
113000141,74,18,56
113000142,0,0,0
113000143,0,0,0
113000144,0,0,0
113000145,0,0,0
113000146,0,0,0
113000147,0,0,0
113000148,0,0,0
113000149,0,0,0
113000150,0,0,0
113000151,0,0,0
113000152,0,0,0
113000153,0,0,0
113000154,12,50,-38
113000155,39,31,8
113000156,0,0,0
113000157,0,0,0
113000158,8,0,8
113000159,16,0,16
113000160,0,0,0
113000161,0,0,0
113000162,0,0,0
113000163,0,0,0
113000164,0,0,0
113000166,71,4,67
113000167,0,0,0
113000168,0,0,0
113000169,104,18,86
113000170,218,15,203
113000171,0,0,0
113000172,104,8,96
113000173,5,2,3
113000174,0,0,0
113000175,57,17,40
113000176,224,22,202
113000177,0,0,0
113000178,0,0,0
113000179,76,20,56
113000180,80,15,65
113000181,64,12,52
113000182,0,2,-2
113000183,9,45,-36
113000184,0,0,0
113000189,0,0,0
113000190,0,0,0
113000192,50,228,-178
113000193,104,34,70
113000194,21,56,-35
113000195,45,51,-6
113000196,122,12,110
113000197,24,13,11
113000198,0,0,0
113000199,1,0,1
113000201,0,0,0
113000202,0,0,0
113000203,4,0,4
113000204,15,119,-104
113000205,0,0,0
113000206,0,0,0
113000207,0,0,0
113000208,0,0,0
113000209,0,0,0
113000210,0,0,0
113000211,0,0,0
113000212,0,0,0
113000213,19,2,17
113000214,0,0,0
113000234,0,0,0
113000410,0,6,-6
113000411,35,153,-118
113000412,551,270,281
113000413,333,365,-32
113000414,362,398,-36
113000415,27,75,-48
113000416,102,68,34
113000417,22,84,-62
113000418,475,268,207
113000419,128,152,-24
113000420,628,206,422
113000421,2127,1391,736
113000422,479,516,-37
113000423,507,395,112
113000424,846,473,373
113000425,0,0,0
113000428,0,0,0
113000430,0,0,0
113000432,228,4,224
113000433,0,0,0
113000434,0,0,0
113000435,0,0,0
113000436,0,0,0
113000437,78,2,76
113000438,3,0,3
113000439,0,0,0
113000440,0,1,-1
113000441,1,1,0
113000442,0,0,0
113000443,0,0,0
113000444,0,0,0
113000445,0,0,0
113000446,0,0,0
113000448,0,0,0
113000449,0,2,-2
113000450,0,1,-1
113000451,0,0,0
113000452,19,2,17
113000453,0,0,0
113000454,3,8,-5
113000455,0,0,0
113000456,0,0,0
113000468,0,0,0
113000469,0,0,0
113000470,0,0,0
113000471,0,0,0
113000472,0,0,0
113000474,27,75,-48
113000475,86,58,28
113000476,209,387,-178
113000477,924,334,590
113000478,439,158,281
113000479,0,0,0
113000480,0,0,0
113000483,0,0,0
113000485,0,0,0
113000486,0,0,0
113000487,0,0,0
113000488,0,0,0
113000489,0,0,0
113000490,0,0,0
113000491,0,0,0
113000492,0,0,0
113000493,0,0,0
113000495,0,0,0
113000496,1,0,1
113000499,0,0,0
113000500,0,0,0
113900001,0,0,0
113900002,0,0,0
113900003,0,0,0
113900004,0,0,0
113900005,0,0,0
113900006,0,0,0
113900007,0,0,0
113900008,0,0,0
113900009,0,0,0
113900010,0,0,0
113900011,0,0,0
113900012,0,0,0
113900013,0,0,0
113900014,0,0,0
113900015,0,0,0
113900016,0,0,0
113900017,0,0,0
113900018,0,0,0
113900019,0,0,0
113900020,0,0,0
113900022,0,0,0
113900023,0,0,0
113900024,0,0,0
113900025,0,0,0
113900026,0,0,0
113900027,0,0,0
113900028,0,0,0
113900029,0,0,0
113900030,0,0,0
113900031,0,0,0
113900032,0,0,0
113900033,0,0,0
113900035,0,0,0
113900036,0,0,0
113900037,0,0,0
113900038,0,0,0
113900039,0,0,0
113900040,0,0,0
113900041,0,0,0
113900042,0,0,0
113900043,0,0,0
113900044,0,0,0
113900045,0,0,0
113900046,0,0,0
113900047,0,0,0
113900048,0,0,0
113900049,0,0,0
113900050,0,0,0
113900051,0,0,0
113900052,0,0,0
113900053,0,0,0
113900054,0,0,0
113900055,0,0,0
113900056,0,0,0
113900057,0,0,0
113900058,0,0,0
113900059,0,0,0
113900060,0,0,0
113900061,0,0,0
113900062,0,0,0
113900063,0,0,0
113900064,0,0,0
113900065,0,0,0
113900066,0,0,0
113900067,0,0,0
113900068,0,0,0
113900069,0,0,0
113900070,0,0,0
113900071,0,0,0
113900072,0,0,0
113900073,0,0,0
113900074,0,0,0
113900075,0,0,0
113900076,0,0,0
113900077,0,0,0
113900078,0,0,0
113900079,0,0,0
113900080,0,0,0
113900081,0,0,0
113900082,0,0,0
113900083,0,0,0
113900084,0,0,0
113900085,0,0,0
113900086,0,0,0
113900087,0,0,0
113900088,0,0,0
113900089,0,0,0
113900090,0,0,0
113900091,0,0,0
113900092,0,0,0
113900093,0,0,0
113900094,0,0,0
113900095,0,0,0
113900096,0,0,0
113900097,0,0,0
113900098,0,0,0
113900099,0,0,0
113900100,0,0,0
113900101,0,0,0
113900102,0,0,0
113900103,0,0,0
113900104,0,0,0
113900105,0,0,0
113900106,0,0,0
113900107,0,0,0
113900108,0,0,0
113900109,0,0,0
113900110,0,0,0
113900111,0,0,0
113900112,0,0,0
113900113,0,0,0
113900114,0,0,0
113900115,0,0,0
113900116,0,0,0
113900117,0,0,0
113900118,0,0,0
113900119,0,0,0
113900120,0,0,0
113900121,0,0,0
113900122,0,0,0
113900123,0,0,0
113900124,0,0,0
113900125,0,0,0
113900126,0,0,0
113900127,0,0,0
113900128,0,0,0
113900129,0,0,0
113900130,0,0,0
113900131,0,0,0
113900132,0,0,0
113900133,0,0,0
113900135,0,0,0
113900136,0,0,0
113900137,0,0,0
113900138,0,0,0
113900139,0,0,0
113900140,0,0,0
113900141,0,0,0
113900142,0,0,0
113900143,0,0,0
113900144,0,0,0
113900145,0,0,0
113900146,0,0,0
113900148,0,0,0
113900149,0,0,0
113900150,0,0,0
113900151,0,0,0
113900152,0,0,0
113900153,0,0,0
113900154,0,0,0
113900155,0,0,0
113900156,0,0,0
113900157,0,0,0
113900158,0,0,0
113900159,0,0,0
113900160,0,0,0
113900161,0,0,0
113900162,0,0,0
113900163,0,0,0
113900164,0,0,0
113900165,0,0,0
113900166,0,0,0
113900167,0,0,0
113900168,0,0,0
113900169,0,0,0
113900171,0,0,0
113900172,0,0,0
113900173,0,0,0
113900174,0,0,0
113900175,0,0,0
113900176,0,0,0
113900177,0,0,0
113900178,0,0,0
113900179,0,0,0
113900180,0,0,0
113900181,0,0,0
113900182,0,0,0
113900183,0,0,0
113900184,0,0,0
113900185,0,0,0
113900186,0,0,0
113900187,0,0,0
113900188,0,0,0
113900189,0,0,0
113900190,0,0,0
113900191,0,0,0
113900192,0,0,0
113900193,0,0,0
113900194,0,0,0
113900195,0,0,0
113900196,0,0,0
113900197,0,0,0
113900198,0,0,0
113900199,0,0,0
113900200,0,0,0
113900201,0,0,0
113900202,0,0,0
113900203,0,0,0
113900204,0,0,0
113900205,0,0,0
113900206,0,0,0
113900207,0,0,0
113900208,0,0,0
113900209,0,0,0
113900210,0,0,0
113900211,0,0,0
113900212,0,0,0
113900214,0,0,0
113900215,0,0,0
113900216,0,0,0
113900217,0,0,0
113900218,0,0,0
113900219,0,0,0
113900220,0,0,0
113900221,0,0,0
113900222,0,0,0
113900223,0,0,0
113900224,0,0,0
113900225,0,0,0
113900226,0,0,0
113900227,0,0,0
113900228,0,0,0
113900229,0,0,0
113900230,0,0,0
113900231,0,0,0
113900232,0,0,0
113900233,0,0,0
113900234,0,0,0
113900235,0,0,0
113900236,0,0,0
113900237,0,0,0
113900238,0,0,0
113900239,0,0,0
113900240,0,0,0
113900241,0,0,0
113900242,0,0,0
113900243,0,0,0
113900244,0,0,0
113900245,0,0,0
113900246,0,0,0
113900247,0,0,0
113900248,0,0,0
113900249,0,0,0
113900250,0,0,0
113900251,0,0,0
113900252,0,0,0
113900253,0,0,0
113900254,0,0,0
113900255,0,0,0
113900256,0,0,0
113900257,0,0,0
113900258,0,0,0
113900259,0,0,0
113900260,0,0,0
113900261,0,0,0
113900262,0,0,0
113900263,0,0,0
113900264,0,0,0
113900265,0,0,0
113900266,0,0,0
113900267,0,0,0
113900268,0,0,0
113900269,0,0,0
113900270,0,0,0
113900271,0,0,0
113900273,0,0,0
113900274,0,0,0
113900275,0,0,0
113900276,0,0,0
113900277,0,0,0
113900278,0,0,0
113900279,0,0,0
113900280,0,0,0
113900281,0,0,0
113900282,0,0,0
113900283,0,0,0
113900284,0,0,0
113900285,0,0,0
113900286,0,0,0
113900287,0,0,0
113900288,0,0,0
113900289,0,0,0
113900290,0,0,0
113900291,0,0,0
113900292,0,0,0
113900293,0,0,0
113900294,0,0,0
113900295,7,10,-3
113900296,0,0,0
113900297,0,0,0
113900298,0,0,0
113900299,0,0,0
113900300,0,0,0
113900301,0,0,0
113900302,0,0,0
113900303,0,0,0
113900304,0,0,0
113900305,0,0,0
113900306,0,0,0
113900307,0,0,0
113900308,0,0,0
113900309,0,0,0
113900310,0,0,0
113900311,0,0,0
113900312,0,0,0
113900313,0,0,0
114000001,198,123,75
114000002,71,48,23
114000003,0,0,0
114000004,0,0,0
114000005,0,0,0
114000006,0,0,0
114000007,0,0,0
114000008,1,76,-75
114000009,6,22,-16
114000011,739,108,631
114000012,447,69,378
114000013,264,153,111
114000014,0,0,0
114000015,0,0,0
114000016,0,0,0
114000017,41,5,36
114000018,0,0,0
114000026,289,96,193
114000027,358,169,189
114000028,274,225,49
114000038,0,0,0
114000039,0,0,0
114000040,5,4,1
114000042,0,0,0
114000043,0,0,0
114000044,13,1,12
114000045,0,0,0
114000046,0,0,0
114000047,0,0,0
114000048,0,5,-5
114000049,35,45,-10
114000050,16,75,-59
114000051,32,221,-189
114000052,31,145,-114
114000053,0,0,0
114000054,0,0,0
114000055,0,0,0
114000056,0,0,0
114000057,290,119,171
114000058,0,0,0
114000059,0,0,0
114000060,0,0,0
114000061,76,153,-77
114000062,48,183,-135
114000063,2,5,-3
114000064,3,0,3
114000065,20,31,-11
114000066,28,57,-29
114000067,16,7,9
114000068,10,3,7
114000069,66,0,66
114000070,634,351,283
114000071,0,0,0
114000072,0,0,0
114000073,0,0,0
114000074,0,0,0
114000075,17,1,16
114000076,24,3,21
114000077,16,0,16
114000078,1,0,1
114000079,0,0,0
114000080,3,17,-14
114000081,38,13,25
114000082,0,0,0
114000083,0,0,0
114000084,0,0,0
114000085,0,0,0
114000086,0,0,0
114000087,0,0,0
114000088,3,2,1
114000089,7,16,-9
114000090,106,66,40
114000091,52,46,6
114000092,76,26,50
114000093,48,37,11
114000094,74,31,43
114000095,22,22,0
114000096,0,0,0
114000097,0,0,0
114000098,61,6,55
114000099,0,0,0
114000100,955,5,950
114000101,0,0,0
114000102,136,15,121
114000103,0,0,0
114000104,0,0,0
114000105,0,0,0
114000106,0,0,0
114000107,0,0,0
114000108,0,0,0
114000109,373,201,172
114000110,0,0,0
114000111,492,109,383
114000112,0,0,0
114000113,421,30,391
114000114,0,0,0
114000115,641,131,510
114000116,333,108,225
114000117,1116,58,1058
114000118,631,54,577
114000119,775,54,721
114000120,85,14,71
114000121,0,0,0
114000122,137,22,115
114000123,441,41,400
114000124,91,42,49
114000125,32,131,-99
114000126,309,24,285
114000127,2,6,-4
114000128,26,10,16
114000130,30,7,23
114000131,46,38,8
114000132,1,1,0
114000133,0,0,0
114000134,0,0,0
114000138,0,0,0
114000139,9,44,-35
114000144,161,72,89
114000145,0,0,0
114000146,0,0,0
114000147,331,68,263
114000148,35,30,5
114000149,15,77,-62
114000150,0,0,0
114000151,78,107,-29
114000152,1,1,0
114000153,0,0,0
114000154,57,5,52
114000155,285,112,173
114000156,73,28,45
114000157,34,81,-47
114000158,0,0,0
114000159,0,0,0
114000160,0,0,0
114000161,151,459,-308
114000162,908,767,141
114000163,0,0,0
114000165,4,37,-33
114000166,8,8,0
114000167,221,99,122
114000168,0,0,0
114000169,355,315,40
114000170,491,223,268
114000171,819,176,643
114000174,0,0,0
114000176,0,0,0
114000177,0,0,0
114000178,6,6,0
114000179,205,58,147
114000180,0,0,0
114000181,193,614,-421
114000182,151,175,-24
114000183,147,100,47
114000184,62,139,-77
114000185,271,150,121
114000189,262,11,251
114000190,724,19,705
114000191,0,0,0
114000192,0,41,-41
114000193,0,0,0
114000194,256,18,238
114000195,0,0,0
114000196,0,0,0
114000197,336,4,332
114000198,0,0,0
114000199,0,0,0
114000200,11,12,-1
114000201,0,0,0
114000202,215,87,128
114000203,43,21,22
114000204,0,0,0
114000205,0,5,-5
114000206,0,0,0
114000207,6,121,-115
114000208,3,41,-38
114000209,5,83,-78
114000210,2,95,-93
114000211,633,256,377
114000212,105,276,-171
114000213,557,257,300
114000214,22,0,22
114000215,0,0,0
114000216,273,86,187
114000217,123,33,90
114000218,18,0,18
114000219,251,4,247
114000220,0,20,-20
114000221,239,15,224
114000222,21,33,-12
114000223,296,28,268
114000224,7,27,-20
114000225,33,5,28
114000226,115,45,70
114000227,260,155,105
114000228,292,56,236
114000229,171,47,124
114000230,530,67,463
114000231,94,32,62
114000232,353,69,284
114000233,744,87,657
114000234,636,200,436
114000235,94,41,53
114000236,0,0,0
114000237,0,0,0
114000238,2,166,-164
114000239,0,0,0
114000240,97,57,40
114000241,31,64,-33
114000242,114,59,55
114000243,550,251,299
114000244,512,137,375
114000245,0,0,0
114000246,0,0,0
114000247,229,86,143
114000248,356,76,280
114000249,231,173,58
114000250,117,8,109
114000251,84,17,67
114000252,0,0,0
114000253,18,4,14
114000254,0,0,0
114000255,0,0,0
114000256,20,55,-35
114000257,0,140,-140
114000258,45,5,40
114000259,0,13,-13
114000260,0,0,0
114000261,89,20,69
114000262,0,0,0
114000263,66,4,62
114000264,0,0,0
114000265,0,0,0
114000267,0,331,-331
114000268,0,0,0
114000270,49,0,49
114000271,113,1,112
114000283,286,22,264
114000285,0,0,0
114000288,2,7,-5
114000289,0,0,0
114000293,46,3,43
114000294,1,1,0
114000395,517,18,499
114000396,86,46,40
114000402,0,0,0
114000403,44,21,23
114000405,34,6,28
114000423,143,21,122
114000424,63,28,35
114000425,176,16,160
114000426,66,54,12
114000427,0,0,0
114000428,0,0,0
114000429,2,1,1
114000432,0,0,0
114000434,0,0,0
114000435,0,0,0
114000436,10,0,10
114000437,219,115,104
114900001,0,0,0
114900002,0,0,0
114900003,0,0,0
114900004,0,0,0
114900005,0,0,0
114900006,0,0,0
114900007,0,0,0
114900008,0,0,0
114900010,0,0,0
114900011,0,0,0
114900013,0,0,0
114900015,0,0,0
114900018,0,0,0
114900020,0,0,0
114900022,0,0,0
114900024,0,0,0
114900025,0,0,0
114900026,0,0,0
114900027,0,0,0
114900029,0,0,0
114900030,0,0,0
114900031,0,0,0
114900032,0,0,0
114900033,0,0,0
114900034,0,0,0
114900035,0,0,0
114900036,0,0,0
114900037,0,0,0
114900038,0,0,0
114900039,0,0,0
114900040,0,0,0
114900041,0,0,0
114900042,0,0,0
114900043,0,0,0
114900044,0,0,0
114900046,0,0,0
114900047,0,0,0
114900048,0,0,0
114900049,0,0,0
114900050,0,0,0
114900051,0,0,0
114900052,0,0,0
114900053,0,0,0
114900054,0,0,0
114900057,0,0,0
114900058,0,0,0
114900059,0,0,0
114900060,0,0,0
114900061,0,0,0
114900062,0,0,0
114900063,0,0,0
114900064,0,0,0
114900065,0,0,0
114900067,0,0,0
114900068,0,0,0
114900069,0,0,0
114900070,0,0,0
114900072,0,0,0
114900073,0,0,0
114900074,0,0,0
114900075,0,0,0
114900076,0,0,0
114900080,0,0,0
114900082,0,0,0
114900083,0,0,0
114900090,0,0,0
114900091,0,0,0
114900095,0,0,0
114900096,0,0,0
114900097,0,0,0
114900098,0,0,0
114900099,0,0,0
115000001,144,193,-49
115000002,1598,511,1087
115000003,163,140,23
115000004,1258,998,260
115000005,24,97,-73
115000006,503,386,117
115000007,0,0,0
115000008,160,156,4
115000009,0,0,0
115000010,168,216,-48
115000013,0,0,0
115000015,0,0,0
115000016,0,0,0
115000019,31,134,-103
115000020,0,0,0
115000021,3,329,-326
115000022,14,69,-55
115000023,515,218,297
115000024,13,52,-39
115000025,569,125,444
115000026,1,2,-1
115000027,250,101,149
115000028,1,5,-4
115000029,503,15,488
115000030,4,72,-68
115000031,695,38,657
115000032,0,0,0
115000033,59,13,46
115000034,0,0,0
115000035,556,3,553
115000036,0,0,0
115000037,284,0,284
115000038,3,81,-78
115000039,18,53,-35
115000040,176,38,138
115000041,34,54,-20
115000042,55,56,-1
115000043,962,543,419
115000044,543,84,459
115000045,160,13,147
115000046,725,317,408
115000047,1114,220,894
115000048,201,83,118
115000049,131,198,-67
115000050,1392,357,1035
115000051,449,281,168
115000052,124,134,-10
115000053,315,200,115
115000054,96,41,55
115000055,0,0,0
115000056,43,35,8
115000057,0,0,0
115000058,46,18,28
115000059,0,0,0
115000061,19,4,15
115000062,0,0,0
115000063,0,0,0
115000064,78,7,71
115000065,0,0,0
115000067,4,1,3
115000069,0,0,0
115000070,0,25,-25
115000071,27,1,26
115000072,0,0,0
115000073,367,15,352
115000075,0,0,0
115000076,525,307,218
115000077,193,130,63
115000078,170,116,54
115000079,200,166,34
115000080,465,200,265
115000081,0,0,0
115000082,1142,559,583
115000083,0,0,0
115000084,792,179,613
115000085,0,0,0
115000086,551,77,474
115000087,0,0,0
115000088,806,170,636
115000089,0,0,0
115000090,80,77,3
115000091,56,28,28
115000092,378,10,368
115000093,401,3,398
115000094,1565,315,1250
115000095,1026,243,783
115000096,158,44,114
115000097,268,61,207
115000098,282,18,264
115000099,806,196,610
115000100,630,101,529
115000101,2,3,-1
115000102,272,78,194
115000103,1,0,1
115000105,2,5,-3
115000106,270,66,204
115000107,2,8,-6
115000108,87,59,28
115000109,881,895,-14
115000110,193,144,49
115000111,5,90,-85
115000112,102,18,84
115000113,65,66,-1
115000114,72,54,18
115000116,104,78,26
115000117,86,37,49
115000118,111,253,-142
115000119,97,76,21
115000120,14,252,-238
115000121,97,71,26
115000122,84,31,53
115000123,125,330,-205
115000124,72,26,46
115000125,82,72,10
115000126,43,38,5
115000127,17,1,16
115000128,13,23,-10
115000129,49,1,48
115000130,66,8,58
115000131,55,24,31
115000132,84,4,80
115000133,64,3,61
115000134,58,6,52
115000135,20,1,19
115000136,78,23,55
115000137,0,0,0
115000138,164,44,120
115000139,0,0,0
115000140,194,55,139
115000141,0,0,0
115000142,0,0,0
115000143,200,58,142
115000144,0,0,0
115000145,0,0,0
115000146,122,46,76
115000147,0,0,0
115000148,21,41,-20
115000149,3,18,-15
115000150,44,13,31
115000151,45,31,14
115000152,45,5,40
115000153,26,19,7
115000154,24,6,18
115000155,23,20,3
115000156,6,71,-65
115000157,9,11,-2
115000158,6,26,-20
115000159,0,0,0
115000160,2,0,2
115000161,204,129,75
115000162,266,67,199
115000163,0,0,0
115000164,0,0,0
115000165,83,96,-13
115000167,67,2,65
115000168,113,60,53
115000169,0,0,0
115000170,0,0,0
115000171,42,108,-66
115000172,0,0,0
115000173,16,11,5
115000174,24,24,0
115000175,0,0,0
115000176,1,1,0
115000177,0,0,0
115000178,0,0,0
115000179,9,2,7
115000180,0,0,0
115000181,145,2,143
115000182,217,12,205
115000183,0,0,0
115000186,106,5,101
115000187,42,53,-11
115000188,177,38,139
115000189,9,76,-67
115000190,524,17,507
115000191,3,52,-49
115000194,0,0,0
115000195,7,0,7
115000196,1,0,1
115000197,0,0,0
115000198,30,1,29
115000199,0,0,0
115000200,6,2,4
115000201,0,0,0
115000206,324,1,323
115000207,0,0,0
115000208,25,67,-42
115000209,422,6,416
115000210,37,75,-38
115000211,7,6,1
115000212,21,1,20
115000224,0,0,0
115000225,0,0,0
115000229,4,0,4
115000230,1,1,0
115000231,90,4,86
115000232,342,2,340
115000233,0,0,0
115000234,0,0,0
115000241,0,0,0
115000242,0,0,0
115000243,0,0,0
115000244,0,0,0
115000246,0,0,0
115000247,0,0,0
115000248,0,0,0
115000249,0,0,0
115000250,0,0,0
115000251,0,0,0
115000252,0,0,0
115000253,0,0,0
115000258,0,0,0
115000259,0,0,0
115000261,0,0,0
115000262,0,0,0
115000263,0,0,0
115000264,0,0,0
115000267,0,0,0
115000268,0,0,0
115000269,0,0,0
115000270,0,0,0
115000272,1,1,0
115000273,0,0,0
115000280,24,512,-488
115000281,0,0,0
115000282,220,459,-239
115000284,0,0,0
115000296,309,9,300
115000297,10,331,-321
115000298,0,0,0
115000300,0,0,0
115000302,98,0,98
115000303,126,3,123
115000304,108,17,91
115000305,0,0,0
115000306,0,0,0
115000307,0,0,0
115000308,0,0,0
115000309,0,0,0
115000310,0,0,0
115000311,315,70,245
115000313,0,0,0
115000314,9,22,-13
115000315,14,48,-34
115000316,0,0,0
115000317,82,30,52
115000318,498,7,491
115000319,0,30,-30
115000320,2,62,-60
115000321,63,0,63
115000322,0,54,-54
115000449,0,0,0
115000557,0,0,0
115000558,93,4,89
115000587,4,10,-6
115000588,106,202,-96
115000589,1906,1007,899
115000590,44,80,-36
115000591,461,377,84
115000592,12,92,-80
115000593,573,173,400
115000594,91,116,-25
115000609,1,21,-20
115000617,201,149,52
115000624,0,0,0
115000633,243,146,97
115000634,1289,151,1138
115000635,343,56,287
115000638,0,0,0
115000641,0,0,0
115000642,167,11,156
115000643,1,30,-29
115000644,0,8,-8
115000646,82,79,3
115000647,60,20,40
115000648,262,27,235
115000893,1454,488,966
115000894,1,128,-127
115000895,17,135,-118
115000896,890,171,719
115000897,53,22,31
115000898,123,30,93
115000899,5,37,-32
115000900,1,41,-40
115000901,0,24,-24
115000912,80,10,70
115000913,0,0,0
115000915,1,0,1
115000916,0,0,0
115000917,0,0,0
115000918,0,0,0
115000919,0,0,0
115000920,0,0,0
115000921,0,0,0
115000922,68,357,-289
115000923,14,85,-71
115000925,0,0,0
115000927,0,0,0
115000933,1,10,-9
115000934,0,0,0
115000935,0,0,0
115000936,0,0,0
115000937,9,27,-18
115000938,2,10,-8
115000939,7,9,-2
115900001,0,0,0
115900002,0,0,0
115900003,0,0,0
115900004,0,0,0
115900005,0,0,0
115900006,0,0,0
115900008,0,0,0
115900009,0,0,0
115900010,0,0,0
115900011,0,0,0
115900012,0,0,0
115900013,0,0,0
115900014,0,0,0
115900015,0,0,0
115900016,0,0,0
115900017,0,0,0
115900018,0,0,0
115900019,0,0,0
115900020,0,0,0
115900021,0,0,0
115900022,0,0,0
115900023,0,0,0
115900025,0,0,0
115900026,0,0,0
115900027,0,0,0
115900028,0,0,0
115900029,0,0,0
115900030,0,0,0
115900031,0,0,0
115900032,0,0,0
115900033,0,0,0
115900034,0,0,0
115900035,0,0,0
115900036,0,0,0
115900037,0,0,0
115900038,0,0,0
115900039,0,0,0
115900041,0,0,0
115900042,0,0,0
115900043,0,0,0
115900044,0,0,0
115900046,0,0,0
115900047,0,0,0
115900049,0,0,0
115900051,0,0,0
115900052,0,0,0
115900053,0,0,0
115900054,0,0,0
115900055,0,0,0
115900056,0,0,0
115900057,0,0,0
115900058,0,0,0
115900060,0,0,0
115900061,0,0,0
115900062,0,0,0
115900063,0,0,0
115900064,0,0,0
115900065,0,0,0
115900066,0,0,0
115900067,0,0,0
115900068,0,0,0
115900069,0,0,0
115900070,0,0,0
115900071,0,0,0
115900072,0,0,0
115900073,0,0,0
115900074,0,0,0
115900075,0,0,0
115900076,0,0,0
115900077,0,0,0
115900078,0,0,0
115900079,0,0,0
115900080,0,0,0
115900081,0,0,0
115900082,0,0,0
115900084,0,0,0
115900085,0,0,0
115900086,0,0,0
115900088,0,0,0
115900089,0,0,0
115900090,0,0,0
115900091,0,0,0
115900092,0,0,0
115900093,0,0,0
115900094,0,0,0
115900096,0,0,0
115900097,0,0,0
115900098,0,0,0
115900099,0,0,0
115900100,0,0,0
115900101,0,0,0
115900102,0,0,0
115900103,0,0,0
115900104,0,0,0
115900105,0,0,0
115900106,0,0,0
115900107,0,0,0
115900108,0,0,0
115900109,0,0,0
115900110,0,0,0
115900111,0,0,0
115900112,0,0,0
115900113,0,0,0
115900114,0,0,0
115900115,0,0,0
115900116,0,0,0
115900117,0,0,0
115900118,0,0,0
115900119,0,0,0
115900120,0,0,0
115900121,0,0,0
115900124,0,0,0
115900125,0,0,0
115900126,0,0,0
115900127,0,0,0
115900128,0,0,0
115900129,0,0,0
115900130,0,0,0
115900131,0,0,0
115900132,0,0,0
115900134,0,0,0
115900135,0,0,0
115900137,0,0,0
115900139,0,0,0
115900140,0,0,0
115900141,0,0,0
115900142,0,0,0
115900143,0,0,0
115900144,0,0,0
115900146,0,0,0
115900147,0,0,0
115900148,0,0,0
115900149,0,0,0
115900150,0,0,0
115900151,0,0,0
115900152,0,0,0
115900153,0,0,0
115900154,0,0,0
115900155,0,0,0
115900156,0,0,0
115900157,0,0,0
115900158,0,0,0
115900159,0,0,0
115900160,0,0,0
115900161,0,0,0
115900163,0,0,0
115900164,0,0,0
115900165,0,0,0
115900166,0,0,0
115900168,0,0,0
115900171,0,0,0
115900172,0,0,0
115900173,0,0,0
115900174,0,0,0
115900175,0,0,0
115900178,0,0,0
115900179,0,0,0
115900180,0,0,0
115900181,0,0,0
115900182,0,0,0
115900183,0,0,0
115900184,0,0,0
115900187,0,0,0
115900189,0,0,0
115900190,0,0,0
115900191,0,0,0
115900192,0,0,0
115900193,0,0,0
115900194,0,0,0
115900195,0,0,0
115900198,0,0,0
115900199,0,0,0
115900200,0,0,0
115900201,0,0,0
115900202,0,0,0
115900203,0,0,0
115900204,0,0,0
115900205,0,0,0
115900206,0,0,0
115900207,0,0,0
115900208,0,0,0
115900209,0,0,0
115900210,0,0,0
115900211,0,0,0
115900212,0,0,0
115900213,0,0,0
115900214,0,0,0
115900215,0,0,0
115900216,0,0,0
115900217,0,0,0
115900218,0,0,0
115900219,0,0,0
115900220,0,0,0
115900221,0,0,0
115900222,0,0,0
115900223,0,0,0
115900224,0,0,0
115900225,0,0,0
115900226,0,0,0
115900227,0,0,0
115900228,0,0,0
115900229,0,0,0
115900230,0,0,0
115900231,0,0,0
115900232,0,0,0
115900233,0,0,0
115900234,0,0,0
115900235,0,0,0
115900236,0,0,0
115900237,0,0,0
115900238,0,0,0
115900239,0,0,0
115900240,0,0,0
115900241,0,0,0
115900242,1,1,0
115900243,0,0,0
115900244,0,0,0
115900245,0,0,0
115900246,0,0,0
115900247,0,0,0
115900248,0,0,0
115900249,0,0,0
115900250,0,0,0
115900251,0,0,0
115900252,0,0,0
115900253,0,0,0
115900254,0,0,0
115900255,0,0,0
115900256,0,0,0
115900257,0,0,0
115900258,0,0,0
115900259,0,0,0
115900260,0,0,0
115900261,0,0,0
115900262,0,0,0
115900263,0,0,0
115900264,0,0,0
115900265,0,0,0
115900266,0,0,0
115900267,0,0,0
115900268,0,0,0
115900269,0,0,0
115900270,0,0,0
115900271,0,0,0
115900272,0,0,0
115900273,0,0,0
115900274,0,0,0
115900275,0,0,0
115900276,0,0,0
115900277,0,0,0
115900278,0,0,0
115900279,0,0,0
115900280,0,0,0
115900281,0,0,0
115900282,0,0,0
115900283,0,0,0
115900284,0,0,0
116000001,134,262,-128
116000002,1533,2532,-999
116000003,53,127,-74
116000004,584,2040,-1456
116000005,42,129,-87
116000006,222,712,-490
116000007,144,183,-39
116000008,753,570,183
116000009,24,168,-144
116000010,623,586,37
116000011,51,224,-173
116000012,958,362,596
116000013,162,449,-287
116000014,0,0,0
116000015,0,5,-5
116000016,930,50,880
116000017,40,12,28
116000018,137,4,133
116000019,48,1,47
116000020,445,64,381
116000021,223,1,222
116000022,162,39,123
116000023,4,5,-1
116000024,271,26,245
116000025,5,8,-3
116000026,438,70,368
116000027,274,68,206
116000028,459,631,-172
116000029,0,0,0
116000030,403,431,-28
116000031,0,0,0
116000032,209,2,207
116000033,384,297,87
116000034,1142,1363,-221
116000035,487,49,438
116000036,0,0,0
116000037,8,37,-29
116000038,37,124,-87
116000039,0,0,0
116000040,75,132,-57
116000041,0,0,0
116000042,376,249,127
116000043,0,0,0
116000044,0,0,0
116000045,2077,2070,7
116000046,194,86,108
116000047,141,69,72
116000048,1709,695,1014
116000049,1006,531,475
116000050,456,238,218
116000051,1733,345,1388
116000052,723,249,474
116000053,736,268,468
116000054,0,0,0
116000055,0,0,0
116000056,440,853,-413
116000057,0,0,0
116000058,60,86,-26
116000059,406,1916,-1510
116000060,87,63,24
116000061,106,314,-208
116000062,25,33,-8
116000063,137,410,-273
116000066,44,385,-341
116000067,0,0,0
116000068,18,102,-84
116000069,0,0,0
116000078,191,401,-210
116000080,0,0,0
116000082,0,0,0
116000083,382,162,220
116000084,36,412,-376
116000085,428,106,322
116000086,15,102,-87
116000087,971,266,705
116000088,55,72,-17
116000089,0,0,0
116000090,0,0,0
116000091,0,0,0
116000093,358,125,233
116000094,1,59,-58
116000095,401,36,365
116000096,58,152,-94
116000097,640,34,606
116000098,15,307,-292
116000099,609,12,597
116000100,24,0,24
116000101,25,1,24
116000102,76,15,61
116000103,72,34,38
116000104,7,9,-2
116000105,90,13,77
116000106,52,19,33
116000107,182,11,171
116000108,2,4,-2
116000111,13,0,13
116000113,28,10,18
116000114,0,0,0
116000115,131,23,108
116000116,0,0,0
116000117,246,367,-121
116000118,0,0,0
116000119,1129,427,702
116000120,0,0,0
116000121,245,183,62
116000122,0,0,0
116000123,858,77,781
116000124,0,0,0
116000125,860,69,791
116000126,0,0,0
116000127,0,0,0
116000128,776,74,702
116000129,0,0,0
116000130,0,0,0
116000133,432,10,422
116000134,166,15,151
116000135,659,181,478
116000136,131,69,62
116000137,347,151,196
116000138,0,0,0
116000139,574,958,-384
116000140,2,5,-3
116000141,25,8,17
116000142,296,748,-452
116000143,525,265,260
116000144,105,232,-127
116000145,1494,367,1127
116000146,164,1,163
116000147,129,235,-106
116000148,3,18,-15
116000149,0,0,0
116000151,55,66,-11
116000153,154,707,-553
116000155,177,490,-313
116000156,15,53,-38
116000157,27,0,27
116000158,548,23,525
116000159,17,4,13
116000160,0,0,0
116000161,0,0,0
116000162,0,0,0
116000163,0,0,0
116000164,0,0,0
116000177,6,0,6
116000194,0,0,0
116000195,961,238,723
116000196,0,0,0
116000197,0,0,0
116000198,465,455,10
116000200,3,24,-21
116000201,0,0,0
116000202,0,2,-2
116000203,0,0,0
116000204,0,0,0
116000205,0,0,0
116000206,0,0,0
116000207,0,0,0
116000233,0,0,0
116000287,0,0,0
116000288,150,51,99
116000292,0,0,0
116000296,0,0,0
116000297,0,0,0
116000304,0,0,0
116000305,0,0,0
116000346,0,0,0
116000352,0,0,0
116000354,0,0,0
116000357,0,0,0
116000358,0,0,0
116000361,0,0,0
116000372,0,0,0
116000381,0,0,0
116000388,0,0,0
116000389,73,23,50
116000445,0,0,0
116000446,398,56,342
116000447,0,0,0
116000448,481,149,332
116000563,125,1169,-1044
116000565,0,0,0
116000566,0,0,0
116000568,0,0,0
116000579,0,0,0
116000584,0,0,0
116000585,0,0,0
116000586,0,0,0
116000587,691,14,677
116000589,0,0,0
116000590,6,0,6
116000591,132,16,116
116000592,0,0,0
116000593,0,0,0
116000594,0,0,0
116000595,0,0,0
116000596,0,0,0
116000597,144,1,143
116000598,0,0,0
116000602,0,0,0
116000605,0,0,0
116000606,39,12,27
116000607,0,0,0
116000609,0,0,0
116000611,0,0,0
116000612,1038,436,602
116000613,440,144,296
116000614,0,0,0
116000615,0,0,0
116000616,0,0,0
116000617,0,0,0
116000618,0,0,0
116000619,0,3,-3
116000620,464,62,402
116000621,9,50,-41
116000622,81,28,53
116000624,0,3,-3
116000627,0,0,0
116000628,0,0,0
116000629,0,0,0
116000630,24,1,23
116000631,1,1,0
116000632,0,0,0
116000633,0,0,0
116000634,0,0,0
116000635,1126,1250,-124
116000636,110,198,-88
116000637,0,0,0
116000638,0,0,0
116900001,0,0,0
116900002,0,0,0
116900003,0,0,0
116900004,0,0,0
116900005,0,0,0
116900006,0,0,0
116900007,0,0,0
116900008,0,0,0
116900009,0,0,0
116900010,0,0,0
116900011,0,0,0
116900012,0,0,0
116900013,0,0,0
116900014,0,0,0
116900015,0,0,0
116900016,0,0,0
116900017,0,0,0
116900018,0,0,0
116900019,0,0,0
116900020,0,0,0
116900023,0,0,0
116900024,0,0,0
116900025,0,0,0
116900026,0,0,0
116900027,0,0,0
116900028,0,0,0
116900029,0,0,0
116900031,0,0,0
116900032,0,0,0
116900033,0,0,0
116900034,0,0,0
116900035,0,0,0
116900036,0,0,0
116900038,0,0,0
116900041,0,0,0
116900042,0,0,0
116900043,0,0,0
116900047,0,0,0
116900049,0,0,0
116900050,0,0,0
116900051,0,0,0
116900052,0,0,0
116900055,0,0,0
116900057,0,0,0
116900058,0,0,0
116900059,0,0,0
116900060,0,0,0
116900062,0,0,0
116900064,0,0,0
116900065,0,0,0
116900067,0,0,0
116900068,0,0,0
116900070,0,0,0
116900072,0,0,0
116900073,0,0,0
116900074,0,0,0
116900076,0,0,0
116900077,0,0,0
116900078,0,0,0
116900079,0,0,0
116900080,0,0,0
116900081,0,0,0
116900082,0,0,0
116900083,0,0,0
116900084,0,0,0
116900085,0,0,0
116900086,0,0,0
116900088,0,0,0
116900090,0,0,0
116900091,0,0,0
116900092,0,0,0
116900093,0,0,0
116900094,0,0,0
116900095,0,0,0
116900096,0,0,0
116900097,0,0,0
116900098,0,0,0
116900099,0,0,0
116900100,0,0,0
116900101,0,0,0
116900103,0,0,0
116900104,0,0,0
116900105,0,0,0
116900106,0,0,0
116900107,0,0,0
116900110,0,0,0
116900111,287,4,283
116900112,113,5,108
116900113,90,34,56
116900116,0,0,0
116900117,0,0,0
116900118,0,0,0
116900120,0,0,0
116900121,0,0,0
116900122,0,0,0
116900123,0,0,0
116900124,0,0,0
116900125,0,0,0
116900126,0,0,0
116900128,0,0,0
116900129,0,0,0
116900130,0,0,0
116900131,0,0,0
116900132,0,0,0
116900133,0,0,0
116900134,0,0,0
116900136,0,0,0
116900137,0,0,0
116900138,0,0,0
116900139,0,0,0
116900140,0,0,0
116900141,0,0,0
116900142,0,0,0
116900143,0,0,0
116900144,0,0,0
116900145,0,0,0
116900147,0,0,0
116900148,0,0,0
116900149,0,0,0
116900150,0,0,0
116900151,0,0,0
116900153,0,0,0
116900154,0,0,0
116900155,0,0,0
116900157,0,0,0
116900158,0,0,0
116900159,0,0,0
116900160,0,0,0
116900161,0,0,0
116900162,0,0,0
116900163,0,0,0
116900164,0,0,0
116900165,0,0,0
116900166,0,0,0
116900167,0,0,0
116900168,0,0,0
116900169,0,0,0
116900170,0,0,0
116900171,0,0,0
116900172,0,0,0
116900173,0,0,0
116900174,0,0,0
116900175,0,0,0
116900178,0,0,0
116900179,0,0,0
116900180,0,0,0
116900182,0,0,0
116900183,0,0,0
116900185,0,0,0
116900186,0,0,0
116900187,0,0,0
116900188,0,0,0
116900189,0,0,0
116900191,0,0,0
116900192,0,0,0
116900194,0,0,0
116900195,0,0,0
116900196,0,0,0
116900197,0,0,0
116900198,0,0,0
116900200,0,0,0
116900201,0,0,0
116900202,0,0,0
116900203,0,0,0
116900204,0,0,0
116900206,0,0,0
116900207,0,0,0
116900208,0,0,0
116900209,0,0,0
116900210,0,0,0
116900211,0,0,0
116900212,0,0,0
116900213,0,0,0
116900214,0,0,0
116900215,0,0,0
116900216,0,0,0
116900218,0,0,0
116900219,0,0,0
116900220,0,0,0
116900221,0,0,0
116900222,177,84,93
116900223,0,0,0
116900226,0,0,0
116900227,0,0,0
116900228,0,0,0
116900230,0,0,0
116900231,0,0,0
116900232,0,0,0
116900233,0,0,0
116900234,0,0,0
116900235,0,0,0
116900238,0,0,0
116900239,0,0,0
116900240,0,0,0
116900241,0,0,0
116900242,0,0,0
116900243,0,0,0
116900245,0,0,0
116900246,0,0,0
116900247,0,0,0
116900248,0,0,0
116900249,0,0,0
116900250,0,0,0
116900251,0,0,0
116900252,132,36,96
116900253,0,0,0
116900254,0,0,0
116900255,0,0,0
116900256,0,0,0
116900257,0,0,0
116900258,0,0,0
116900259,0,0,0
116900260,0,0,0
116900261,0,0,0
116900262,0,0,0
116900263,0,0,0
116900264,0,0,0
116900265,0,0,0
116900266,0,0,0
116900267,0,0,0
116900268,0,0,0
116900269,180,85,95
116900271,0,0,0
116900272,0,0,0
116900273,0,0,0
116900274,0,0,0
116900275,0,0,0
116900276,87,1,86
116900277,0,0,0
116900278,0,0,0
116900279,0,0,0
116900280,0,0,0
116900281,0,0,0
116900282,0,0,0
116900283,0,0,0
116900284,0,0,0
116900285,0,0,0
116900286,0,0,0
116900287,0,0,0
116900288,0,0,0
116900289,0,0,0
116900290,0,0,0
116900291,0,0,0
116900292,0,0,0
116900293,0,0,0
116900294,0,0,0
116900295,0,0,0
116900296,0,0,0
116900297,0,0,0
116900298,0,0,0
116900299,0,0,0
116900300,0,0,0
116900301,0,0,0
116900302,0,0,0
116900303,0,0,0
116900304,0,0,0
116900305,0,0,0
116900306,9,5,4
117000001,1157,580,577
117000002,14,40,-26
117000003,2262,1075,1187
117000004,274,226,48
117000005,1562,664,898
117000006,138,162,-24
117000007,2921,714,2207
117000008,74,161,-87
117000009,1962,391,1571
117000010,166,172,-6
117000011,1112,349,763
117000012,177,85,92
117000013,1115,169,946
117000014,33,289,-256
117000015,491,251,240
117000016,34,36,-2
117000017,69,20,49
117000018,3,29,-26
117000019,13,18,-5
117000020,8,33,-25
117000021,41,0,41
117000022,69,10,59
117000023,27,38,-11
117000024,0,0,0
117000025,0,0,0
117000026,864,949,-85
117000027,0,0,0
117000028,390,155,235
117000030,185,43,142
117000031,201,160,41
117000032,411,342,69
117000033,400,291,109
117000034,143,90,53
117000035,522,59,463
117000036,135,153,-18
117000037,473,50,423
117000038,186,159,27
117000039,406,70,336
117000040,0,0,0
117000041,557,2,555
117000044,0,0,0
117000045,25,21,4
117000046,0,0,0
117000047,712,371,341
117000048,0,0,0
117000049,9,40,-31
117000050,10,11,-1
117000051,730,295,435
117000052,0,0,0
117000053,0,0,0
117000054,1303,71,1232
117000055,1,44,-43
117000056,391,72,319
117000057,2,17,-15
117000060,0,0,0
117000061,488,375,113
117000062,0,0,0
117000063,253,129,124
117000064,0,0,0
117000066,7,22,-15
117000067,19,59,-40
117000074,0,23,-23
117000076,0,7,-7
117000077,75,61,14
117000078,0,0,0
117000079,72,16,56
117000080,0,0,0
117000081,181,1,180
117000082,0,0,0
117000083,38,0,38
117000084,110,69,41
117000085,14,16,-2
117000086,257,231,26
117000087,19,69,-50
117000088,247,83,164
117000089,1141,258,883
117000090,17,48,-31
117000091,700,136,564
117000092,0,33,-33
117000093,1346,239,1107
117000094,56,60,-4
117000095,2134,183,1951
117000096,19,74,-55
117000097,1266,163,1103
117000098,53,53,0
117000099,1561,173,1388
117000100,0,0,0
117000101,0,0,0
117000102,1032,265,767
117000103,43,47,-4
117000104,867,262,605
117000105,17,36,-19
117000106,1097,264,833
117000107,98,20,78
117000108,937,582,355
117000109,189,34,155
117000110,941,797,144
117000111,2303,1613,690
117000112,751,460,291
117000113,0,0,0
117000114,0,12,-12
117000115,0,0,0
117000116,4,3,1
117000117,117,128,-11
117000118,13,27,-14
117000119,0,46,-46
117000120,0,33,-33
117000121,1,42,-41
117000122,3,82,-79
117000123,154,43,111
117000124,4,0,4
117000125,3,0,3
117000126,0,0,0
117000127,7,0,7
117000128,1,4,-3
117000129,159,464,-305
117000130,36,0,36
117000131,0,0,0
117000132,1618,29,1589
117000133,0,0,0
117000134,0,0,0
117000135,0,0,0
117000136,0,0,0
117000137,0,0,0
117000138,0,0,0
117000140,22,68,-46
117000141,1085,177,908
117000181,0,0,0
117000182,0,0,0
117000195,0,0,0
117000196,0,0,0
117000225,0,0,0
117000226,0,0,0
117000276,0,0,0
117000277,0,0,0
117000310,0,391,-391
117000315,0,0,0
117000320,152,4,148
117000906,126,4,122
117000907,0,0,0
117000908,0,0,0
117000909,5,15,-10
117000910,0,0,0
117000911,0,53,-53
117000915,0,0,0
117000916,8,21,-13
117000917,269,12,257
117000918,50,49,1
117000919,0,0,0
117000920,0,23,-23
117000921,0,0,0
117000922,3,15,-12
117000924,50,292,-242
117000926,67,0,67
117000927,101,536,-435
117000928,0,0,0
117000929,0,0,0
117000930,0,0,0
117000931,0,0,0
117900002,0,0,0
117900003,0,0,0
117900005,0,0,0
117900006,0,0,0
117900007,0,0,0
117900008,0,0,0
117900010,0,0,0
117900011,0,0,0
117900012,0,0,0
117900013,0,0,0
117900014,0,0,0
117900015,0,0,0
117900016,0,0,0
117900017,0,0,0
117900018,0,0,0
117900019,0,0,0
117900020,0,0,0
117900021,0,0,0
117900022,0,0,0
117900023,0,0,0
117900024,0,0,0
117900025,0,0,0
117900026,0,0,0
117900028,0,0,0
117900029,0,0,0
117900030,0,0,0
117900031,0,0,0
117900032,0,0,0
117900033,0,0,0
117900034,0,0,0
117900035,0,0,0
117900036,0,0,0
117900037,0,0,0
117900038,0,0,0
117900039,0,0,0
117900040,0,0,0
117900041,0,0,0
117900042,0,0,0
117900043,0,0,0
117900044,0,0,0
117900045,0,0,0
117900048,0,0,0
117900049,0,0,0
117900050,0,0,0
117900051,0,0,0
117900052,0,0,0
117900053,0,0,0
117900054,0,0,0
117900055,0,0,0
117900056,0,0,0
117900057,0,0,0
117900058,0,0,0
117900059,0,0,0
117900060,0,0,0
117900061,0,0,0
117900063,0,0,0
117900065,0,0,0
117900066,0,0,0
117900067,0,0,0
117900069,0,0,0
117900070,0,0,0
117900071,0,0,0
117900073,0,0,0
117900074,0,0,0
117900075,0,0,0
117900076,0,0,0
117900077,0,0,0
117900078,0,0,0
117900080,0,0,0
117900081,0,0,0
117900082,0,0,0
117900083,0,0,0
117900086,0,0,0
117900087,0,0,0
117900088,0,0,0
117900089,0,0,0
117900090,0,0,0
117900091,0,0,0
117900092,0,0,0
117900093,0,0,0
117900094,0,0,0
117900095,0,0,0
117900096,0,0,0
117900097,0,0,0
117900098,0,0,0
117900099,0,0,0
117900100,0,0,0
117900101,0,0,0
117900102,0,0,0
117900103,0,0,0
117900104,0,0,0
117900105,0,0,0
117900106,0,0,0
117900107,0,0,0
117900109,0,0,0
117900110,0,0,0
117900111,35,6,29
117900112,0,0,0
117900113,0,0,0
117900114,0,0,0
117900115,0,0,0
117900116,0,0,0
117900117,0,0,0
117900118,6,0,6
117900119,0,0,0
117900120,0,0,0
117900121,4,0,4
117900122,0,0,0
117900123,0,0,0
117900124,0,0,0
117900125,0,0,0
117900126,0,0,0
117900127,0,0,0
117900128,0,0,0
117900129,0,0,0
117900130,0,0,0
117900131,0,0,0
117900132,0,0,0
117900133,0,0,0
117900134,0,0,0
117900135,0,0,0
117900136,0,0,0
117900137,0,0,0
117900138,0,0,0
117900139,0,0,0
117900140,0,0,0
117900141,0,0,0
117900142,0,0,0
117900144,0,0,0
117900145,0,0,0
117900146,0,0,0
117900147,0,0,0
117900148,0,0,0
117900149,0,0,0
117900150,0,0,0
117900151,0,0,0
117900152,0,0,0
117900153,0,0,0
117900154,0,0,0
117900156,0,0,0
117900157,0,0,0
117900158,0,0,0
117900160,0,0,0
117900161,0,0,0
117900162,0,0,0
117900163,0,0,0
117900165,0,0,0
117900166,0,0,0
117900168,0,0,0
117900169,0,0,0
117900170,0,0,0
117900171,0,0,0
117900172,0,0,0
117900173,0,0,0
117900174,0,0,0
117900175,0,0,0
117900176,0,0,0
117900177,0,0,0
117900178,0,0,0
117900180,0,0,0
117900181,0,0,0
117900182,0,0,0
117900183,0,0,0
117900184,0,0,0
117900185,0,0,0
117900186,0,0,0
117900187,0,0,0
117900188,0,0,0
117900189,0,0,0
117900190,0,0,0
117900191,0,0,0
117900192,0,0,0
117900193,0,0,0
117900194,0,0,0
117900195,0,0,0
117900196,0,0,0
117900207,0,0,0
117900208,0,0,0
117900209,0,0,0
117900210,0,0,0
117900211,0,0,0
117900212,0,0,0
117900213,0,0,0
117900214,0,0,0
117900215,0,0,0
117900216,0,0,0
117900217,0,0,0
117900218,0,0,0
117900219,0,0,0
117900220,0,0,0
117900222,0,0,0
117900223,0,0,0
118000001,237,781,-544
118000002,9,114,-105
118000003,958,1898,-940
118000004,46,75,-29
118000005,1943,1690,253
118000006,150,237,-87
118000007,144,661,-517
118000008,272,571,-299
118000009,17,209,-192
118000010,82,364,-282
118000011,0,0,0
118000012,0,0,0
118000013,0,0,0
118000014,0,0,0
118000016,0,0,0
118000017,79,85,-6
118000018,0,0,0
118000019,10,5,5
118000020,3,78,-75
118000021,0,139,-139
118000022,107,41,66
118000023,288,168,120
118000024,266,262,4
118000027,249,348,-99
118000029,28,474,-446
118000032,245,763,-518
118000033,822,1486,-664
118000034,90,386,-296
118000035,59,312,-253
118000036,71,150,-79
118000037,0,0,0
118000038,14,146,-132
118000039,0,0,0
118000040,241,322,-81
118000041,0,0,0
118000045,1,64,-63
118000046,1,134,-133
118000047,0,0,0
118000048,65,174,-109
118000051,37,251,-214
118000052,11,73,-62
118000053,8,33,-25
118000054,76,117,-41
118000055,1,53,-52
118000056,0,2,-2
118000057,2,8,-6
118000058,0,0,0
118000059,6,51,-45
118000060,14,6,8
118000061,10,93,-83
118000062,0,0,0
118000063,1,17,-16
118000064,15,127,-112
118000065,123,67,56
118000066,8,243,-235
118000067,1,59,-58
118000068,29,198,-169
118000069,4,26,-22
118000070,25,66,-41
118000071,112,159,-47
118000072,216,409,-193
118000073,17,76,-59
118000074,2,22,-20
118000075,13,30,-17
118000076,638,1989,-1351
118000077,0,0,0
118000078,813,1049,-236
118000079,9,87,-78
118000080,0,0,0
118000081,338,574,-236
118000082,0,0,0
118000083,0,0,0
118000084,0,0,0
118000086,0,0,0
118000087,111,116,-5
118000088,151,416,-265
118000089,388,199,189
118000090,6,136,-130
118000091,71,153,-82
118000092,0,0,0
118000093,0,0,0
118000096,0,0,0
118000097,0,0,0
118000098,0,0,0
118000099,0,0,0
118000101,404,248,156
118000102,129,45,84
118000107,25,0,25
118000108,56,6,50
118000110,0,0,0
118000111,0,0,0
118000112,133,0,133
118000113,0,0,0
118000114,95,0,95
118000115,1,0,1
118000116,7,0,7
118000117,31,1,30
118000118,261,303,-42
118000119,314,311,3
118000120,62,11,51
118000121,0,0,0
118000122,0,0,0
118000123,0,0,0
118000125,0,0,0
118000126,5,22,-17
118000127,98,289,-191
118000128,0,0,0
118000129,124,86,38
118000130,9,82,-73
118000131,25,65,-40
118000132,192,275,-83
118000133,128,121,7
118000135,173,189,-16
118000136,1,5,-4
118000137,0,0,0
118000138,1,1,0
118000139,0,0,0
118000140,43,107,-64
118000141,1126,905,221
118000142,78,35,43
118000143,417,477,-60
118000144,98,136,-38
118000145,309,120,189
118000146,294,53,241
118000147,379,54,325
118000148,40,130,-90
118000149,0,0,0
118000150,338,102,236
118000151,60,22,38
118000153,503,600,-97
118000154,375,337,38
118000155,493,632,-139
118000156,206,112,94
118000157,261,69,192
118000158,0,0,0
118000159,73,157,-84
118000160,589,233,356
118000161,0,0,0
118000162,220,60,160
118000163,197,155,42
118000164,663,201,462
118000168,0,0,0
118000169,0,0,0
118000170,42,30,12
118000171,10,20,-10
118000172,1,0,1
118000173,158,79,79
118000175,250,558,-308
118000176,209,531,-322
118000177,191,331,-140
118000178,0,0,0
118000179,1023,784,239
118000180,728,354,374
118000181,35,21,14
118000182,71,41,30
118000183,34,64,-30
118000184,743,292,451
118000185,0,0,0
118000186,0,0,0
118000187,0,0,0
118000188,0,0,0
118000189,0,0,0
118000190,0,0,0
118000191,0,0,0
118000192,0,12,-12
118000193,0,0,0
118000194,707,861,-154
118000195,10,32,-22
118000196,0,0,0
118000197,1,0,1
118000198,1,42,-41
118000199,148,182,-34
118000200,0,0,0
118000201,0,0,0
118000202,0,0,0
118000203,0,0,0
118000204,1,21,-20
118000205,52,25,27
118000206,88,21,67
118000207,0,0,0
118000208,304,453,-149
118000209,323,65,258
118000210,46,10,36
118000211,27,6,21
118000213,5,75,-70
118000214,48,16,32
118000215,0,0,0
118000216,0,0,0
118000217,0,0,0
118000218,0,0,0
118000219,0,0,0
118000220,1,14,-13
118000221,0,0,0
118000222,0,0,0
118000223,19,10,9
118000224,0,0,0
118000225,0,0,0
118000226,18,1,17
118000227,44,68,-24
118000228,1,28,-27
118000229,0,0,0
118000230,0,0,0
118000231,0,0,0
118000232,0,0,0
118000233,113,24,89
118000234,0,0,0
118000236,0,0,0
118000237,0,0,0
118000238,0,0,0
118000239,156,35,121
118000240,0,0,0
118000241,0,0,0
118000242,0,0,0
118000243,0,0,0
118000244,0,0,0
118000246,0,0,0
118000255,0,0,0
118000256,0,0,0
118000259,0,0,0
118000260,0,0,0
118000261,0,0,0
118000263,0,0,0
118000266,0,0,0
118000267,0,0,0
118000268,19,6,13
118000270,0,0,0
118000271,3,0,3
118000272,0,0,0
118000273,0,0,0
118000274,0,0,0
118000276,0,0,0
118000295,0,0,0
118000298,0,0,0
118000299,0,0,0
118000301,0,0,0
118000302,0,0,0
118000311,0,0,0
118000312,0,0,0
118000313,0,0,0
118000314,0,0,0
118000315,0,0,0
118000316,0,0,0
118000325,0,0,0
118000326,0,0,0
118000331,0,0,0
118000332,0,0,0
118000333,0,0,0
118000335,72,0,72
118000336,0,0,0
118000407,0,0,0
118000457,0,0,0
118000465,65,130,-65
118000480,0,0,0
118000489,6,109,-103
118000490,0,0,0
118000492,123,48,75
118000510,0,0,0
118000514,23,0,23
118000515,39,4,35
118000517,0,0,0
118000524,0,0,0
118000525,93,64,29
118000530,4,65,-61
118000531,105,36,69
118000532,0,0,0
118000533,0,0,0
118000534,0,0,0
118000535,80,32,48
118000536,0,0,0
118000537,0,0,0
118000538,0,0,0
118000539,2,41,-39
118000540,0,0,0
118000541,0,0,0
118000542,24,58,-34
118000543,3,27,-24
118000546,0,0,0
118000560,0,0,0
118000562,0,0,0
118000563,196,608,-412
118000576,0,0,0
118000577,0,0,0
118000578,0,0,0
118000579,1,10,-9
118000595,35,130,-95
118000596,0,0,0
118000597,0,0,0
118000598,0,0,0
118000599,0,0,0
118000600,0,0,0
118000601,0,0,0
118000602,0,0,0
118000603,0,0,0
118900001,0,0,0
118900002,0,0,0
118900003,0,0,0
118900004,0,0,0
118900005,0,0,0
118900006,0,0,0
118900007,0,0,0
118900008,0,0,0
118900009,0,0,0
118900010,0,0,0
118900011,0,0,0
118900012,0,0,0
118900013,0,0,0
118900015,0,0,0
118900016,0,0,0
118900017,0,0,0
118900018,0,0,0
118900019,0,0,0
118900020,0,0,0
118900021,0,0,0
118900022,0,0,0
118900023,0,0,0
118900024,0,0,0
118900025,0,0,0
118900026,0,0,0
118900027,0,0,0
118900028,0,0,0
118900029,0,0,0
118900030,0,0,0
118900031,0,0,0
118900032,0,0,0
118900033,0,0,0
118900034,0,0,0
118900035,0,0,0
118900036,0,0,0
118900037,0,0,0
118900038,0,0,0
118900039,0,0,0
118900040,0,0,0
118900041,0,0,0
118900042,0,0,0
118900045,0,0,0
118900046,0,0,0
118900047,0,0,0
118900048,0,0,0
118900049,0,0,0
118900050,0,0,0
118900051,0,0,0
118900052,0,0,0
118900053,0,0,0
118900054,0,0,0
118900055,0,0,0
118900056,0,0,0
118900057,0,0,0
118900058,0,0,0
118900059,0,0,0
118900060,0,0,0
118900062,0,0,0
118900064,0,0,0
118900065,0,0,0
118900066,0,0,0
118900067,0,0,0
118900068,0,0,0
118900069,0,0,0
118900071,0,0,0
118900072,0,0,0
118900073,0,0,0
118900074,0,0,0
118900075,0,0,0
118900076,0,0,0
118900077,0,0,0
118900078,0,0,0
118900079,0,0,0
118900080,0,0,0
118900081,0,0,0
118900082,0,0,0
118900083,0,0,0
118900084,0,0,0
118900085,0,0,0
118900086,0,0,0
118900087,0,0,0
118900088,0,0,0
118900089,0,0,0
118900090,0,0,0
118900091,0,0,0
118900092,0,0,0
118900093,0,0,0
118900096,0,0,0
118900097,0,0,0
118900099,0,0,0
118900100,0,0,0
118900101,0,0,0
118900102,0,0,0
118900103,0,0,0
118900104,0,0,0
118900105,0,0,0
118900107,0,0,0
118900108,0,0,0
118900110,0,0,0
118900111,0,0,0
118900112,0,0,0
118900113,0,0,0
118900114,0,0,0
118900115,0,0,0
118900116,0,0,0
118900117,0,0,0
118900118,0,0,0
118900119,0,0,0
118900120,0,0,0
118900121,0,0,0
118900122,0,0,0
118900123,0,0,0
118900124,0,0,0
118900126,0,0,0
118900129,0,0,0
118900130,0,0,0
118900131,0,0,0
118900132,0,0,0
118900133,0,0,0
118900135,0,0,0
118900136,0,0,0
118900137,0,0,0
118900139,0,0,0
118900140,0,0,0
118900141,0,0,0
118900144,0,0,0
118900145,0,0,0
118900146,0,0,0
118900147,0,0,0
118900148,0,0,0
118900150,0,0,0
118900152,0,0,0
118900157,0,0,0
118900158,0,0,0
118900159,0,0,0
118900161,0,0,0
118900163,0,0,0
118900164,0,0,0
118900165,0,0,0
118900166,0,0,0
118900167,0,0,0
118900168,0,0,0
118900169,0,0,0
118900170,0,0,0
118900171,0,0,0
118900174,0,0,0
118900175,0,0,0
118900176,0,0,0
118900177,0,0,0
118900178,0,0,0
118900179,0,0,0
118900181,0,0,0
118900182,0,0,0
118900183,0,0,0
118900184,0,0,0
118900185,0,0,0
118900186,0,0,0
118900187,0,0,0
118900188,0,0,0
118900189,0,0,0
118900190,0,0,0
118900191,0,0,0
118900192,0,0,0
118900193,0,0,0
118900195,0,0,0
118900196,0,0,0
118900197,0,0,0
118900198,0,0,0
118900199,0,0,0
118900200,0,0,0
118900201,0,0,0
118900202,0,0,0
118900203,0,0,0
118900204,0,0,0
118900205,0,0,0
118900206,0,0,0
119000001,410,523,-113
119000002,553,226,327
119000003,61,52,9
119000004,31,132,-101
119000005,112,81,31
119000006,133,47,86
119000007,863,621,242
119000008,0,0,0
119000009,332,330,2
119000010,0,0,0
119000011,583,355,228
119000012,22,83,-61
119000013,1386,550,836
119000014,24,79,-55
119000019,63,32,31
119000020,153,139,14
119000021,167,124,43
119000022,0,0,0
119000023,67,180,-113
119000024,234,1202,-968
119000025,41,71,-30
119000026,0,0,0
119000027,3,42,-39
119000028,67,44,23
119000029,0,0,0
119000030,10,110,-100
119000031,0,0,0
119000032,13,30,-17
119000033,291,90,201
119000034,0,3,-3
119000035,0,15,-15
119000036,136,49,87
119000037,1,23,-22
119000038,0,18,-18
119000039,18,50,-32
119000040,6,206,-200
119000041,5,44,-39
119000048,291,121,170
119000049,44,55,-11
119000050,19,17,2
119000051,77,53,24
119000052,3,5,-2
119000053,45,24,21
119000054,239,92,147
119000055,1340,151,1189
119000056,567,320,247
119000057,88,68,20
119000058,111,87,24
119000059,658,230,428
119000060,0,0,0
119000061,135,83,52
119000062,0,0,0
119000063,70,51,19
119000064,16,76,-60
119000065,19,32,-13
119000066,127,93,34
119000067,204,87,117
119000068,153,61,92
119000069,267,86,181
119000070,76,24,52
119000071,0,0,0
119000072,260,109,151
119000073,177,59,118
119000074,395,98,297
119000075,243,68,175
119000076,0,0,0
119000077,0,0,0
119000078,0,0,0
119000079,0,0,0
119000080,0,0,0
119000081,0,0,0
119000082,0,0,0
119000083,0,0,0
119000084,0,0,0
119000085,0,0,0
119000086,0,0,0
119000087,0,0,0
119000088,0,0,0
119000089,0,0,0
119000090,0,0,0
119000091,0,0,0
119000092,0,0,0
119000093,317,117,200
119000094,943,224,719
119000095,110,122,-12
119000097,126,74,52
119000098,196,530,-334
119000099,552,151,401
119000100,392,363,29
119000101,0,0,0
119000102,0,0,0
119000103,13,17,-4
119000104,0,0,0
119000105,55,117,-62
119000106,0,0,0
119000107,121,142,-21
119000108,0,0,0
119000109,0,0,0
119000110,0,0,0
119000111,0,0,0
119000112,0,0,0
119000113,0,0,0
119000114,34,36,-2
119000115,0,0,0
119000116,12,54,-42
119000117,0,0,0
119000118,0,0,0
119000123,0,0,0
119000124,117,10,107
119000125,382,34,348
119000126,273,62,211
119000127,0,0,0
119000128,0,0,0
119000131,0,0,0
119000132,0,0,0
119000133,0,0,0
119000134,244,198,46
119000135,0,0,0
119000136,0,0,0
119000137,0,0,0
119000138,0,0,0
119000139,0,0,0
119000140,0,0,0
119000284,0,0,0
119000285,0,0,0
119000286,0,0,0
119000287,0,0,0
119000288,0,0,0
119000289,0,0,0
119000290,92,11,81
119000291,0,0,0
119000293,2,5,-3
119000294,127,50,77
119000295,0,0,0
119000296,0,0,0
119000302,0,0,0
119000303,1,31,-30
119000314,0,0,0
119000315,0,0,0
119000316,0,0,0
119000317,0,0,0
119900001,0,0,0
119900002,0,0,0
119900003,0,0,0
119900004,0,0,0
119900005,0,0,0
119900006,0,0,0
119900007,0,0,0
119900008,0,0,0
119900009,0,0,0
119900010,0,0,0
119900011,0,0,0
119900012,0,0,0
119900013,0,0,0
119900014,0,0,0
119900015,0,0,0
119900016,0,0,0
119900017,0,0,0
119900018,0,0,0
119900019,0,0,0
119900020,0,0,0
119900021,0,0,0
119900022,0,0,0
119900023,0,0,0
119900025,0,0,0
119900026,0,0,0
119900027,0,0,0
119900028,0,0,0
119900029,0,0,0
119900030,0,0,0
119900031,0,0,0
119900033,0,0,0
119900034,0,0,0
119900037,0,0,0
119900038,0,0,0
119900039,0,0,0
119900040,0,0,0
119900041,0,0,0
119900042,0,0,0
119900043,0,0,0
119900044,0,0,0
119900046,0,0,0
119900047,0,0,0
119900048,0,0,0
119900049,0,0,0
119900050,0,0,0
119900051,0,0,0
119900052,0,0,0
119900053,0,0,0
119900054,0,0,0
119900055,0,0,0
119900057,0,0,0
119900058,0,0,0
119900059,0,0,0
119900060,0,0,0
119900062,0,0,0
119900063,0,0,0
119900064,0,0,0
119900065,0,0,0
119900066,0,0,0
119900067,0,0,0
119900068,0,0,0
119900069,0,0,0
119900070,0,0,0
119900071,0,0,0
119900073,0,0,0
119900074,0,0,0
119900075,0,0,0
119900076,0,0,0
119900077,0,0,0
119900078,0,0,0
119900079,0,0,0
119900080,0,0,0
119900081,0,0,0
119900082,3,1,2
119900083,0,0,0
119900084,0,0,0
119900085,0,0,0
119900087,0,0,0
119900088,0,0,0
119900089,0,0,0
119900090,0,0,0
119900091,0,0,0
119900092,0,0,0
119900093,0,0,0
119900094,0,0,0
119900095,0,0,0
119900096,0,0,0
119900097,0,0,0
119900098,0,0,0
119900099,0,0,0
119900100,0,0,0
119900101,0,0,0
119900102,0,0,0
119900103,0,0,0
119900104,0,0,0
119900105,0,0,0
119900106,0,0,0
119900107,0,0,0
119900108,0,0,0
119900109,0,0,0
119900110,0,0,0
119900111,0,0,0
119900112,0,0,0
119900113,0,0,0
119900114,0,0,0
119900115,0,0,0
119900116,0,0,0
119900117,0,0,0
119900118,0,0,0
119900119,0,0,0
119900120,0,0,0
119900121,0,0,0
119900122,0,0,0
119900123,0,0,0
119900124,0,0,0
119900125,0,0,0
119900126,0,0,0
119900127,0,0,0
119900128,0,0,0
119900129,0,0,0
119900130,0,0,0
119900131,0,0,0
119900132,0,0,0
119900133,0,0,0
119900134,0,0,0
119900135,0,0,0
119900136,0,0,0
119900138,0,0,0
119900139,0,0,0
119900140,0,0,0
119900141,0,0,0
119900142,0,0,0
119900143,0,0,0
119900144,0,0,0
119900145,0,0,0
119900146,0,0,0
119900147,0,0,0
119900148,0,0,0
119900149,0,0,0
119900150,0,0,0
119900151,0,0,0
119900152,0,0,0
119900153,0,0,0
119900154,0,0,0
119900155,0,0,0
119900156,0,0,0
119900157,0,0,0
119900158,0,0,0
119900159,0,0,0
119900160,0,0,0
119900161,0,0,0
119900162,0,0,0
119900163,0,0,0
119900164,0,0,0
119900165,0,0,0
119900166,0,0,0
119900167,0,0,0
119900168,0,0,0
119900169,0,0,0
119900170,0,0,0
119900171,0,0,0
119900172,0,0,0
119900173,0,0,0
119900174,0,0,0
119900175,0,0,0
119900177,0,0,0
119900178,0,0,0
119900179,0,0,0
119900180,0,0,0
119900181,0,0,0
119900182,0,0,0
119900183,0,0,0
119900184,0,0,0
119900185,0,0,0
119900186,0,0,0
119900187,0,0,0
119900188,0,0,0
119900189,0,0,0
119900190,0,0,0
119900191,0,0,0
119900192,0,0,0
119900193,0,0,0
119900194,0,0,0
119900195,0,0,0
119900196,0,0,0
119900197,0,0,0
119900198,0,0,0
119900199,0,0,0
119900200,0,0,0
119900201,0,0,0
119900202,0,0,0
119900203,0,0,0
119900204,0,0,0
119900205,0,0,0
119900206,0,0,0
119900208,0,0,0
119900209,0,0,0
119900210,0,0,0
119900211,0,0,0
119900212,0,0,0
119900213,0,0,0
119900214,0,0,0
119900215,0,0,0
119900216,0,0,0
119900217,0,0,0
119900218,0,0,0
119900219,0,0,0
119900220,0,0,0
119900221,0,0,0
119900222,0,0,0
119900223,0,0,0
119900224,0,0,0
119900225,0,0,0
119900226,0,0,0
119900227,0,0,0
119900228,0,0,0
119900229,0,0,0
119900230,0,0,0
119900231,0,0,0
119900232,0,0,0
119900233,0,0,0
119900234,0,0,0
119900235,0,0,0
119900236,0,0,0
119900237,0,0,0
119900238,0,0,0
119900240,0,0,0
119900241,0,0,0
119900242,0,0,0
119900244,0,0,0
119900245,0,0,0
119900246,0,0,0
119900247,0,0,0
119900248,0,0,0
119900249,0,0,0
119900253,0,0,0
119900254,0,0,0
119900255,0,0,0
119900256,0,0,0
119900257,0,0,0
119900258,0,0,0
119900259,0,0,0
119900260,0,0,0
119900261,0,0,0
119900262,0,0,0
119900263,0,0,0
119900264,0,0,0
119900265,0,0,0
119900266,0,0,0
119900267,0,0,0
119900268,0,0,0
119900269,0,0,0
119900271,0,0,0
119900272,0,0,0
119900275,0,0,0
119900276,0,0,0
119900277,0,0,0
119900278,0,0,0
119900279,0,0,0
119900280,0,0,0
119900281,0,0,0
119900282,0,0,0
119900283,0,0,0
119900284,0,0,0
119900285,0,0,0
119900286,0,0,0
119900288,0,0,0
119900289,0,0,0
119900290,0,0,0
119900291,0,0,0
119900292,0,0,0
119900293,0,0,0
119900294,0,0,0
119900295,0,0,0
119900296,0,0,0
119900299,0,0,0
119900300,0,0,0
119900301,0,0,0
119900302,0,0,0
119900303,0,0,0
119900304,0,0,0
119900305,0,0,0
119900306,0,0,0
119900307,0,0,0
119900308,0,0,0
119900309,0,0,0
119900310,0,0,0
119900311,0,0,0
119900312,0,0,0
119900313,0,0,0
119900314,0,0,0
119900315,0,0,0
119900318,0,0,0
119900319,0,0,0
119900320,0,0,0
119900321,0,0,0
119900322,0,0,0
119900323,0,0,0
119900324,0,0,0
119900325,0,0,0
119900326,0,0,0
120000001,1840,2441,-601
120000002,137,113,24
120000003,41,98,-57
120000004,107,175,-68
120000005,246,186,60
120000006,63,69,-6
120000007,101,104,-3
120000008,45,129,-84
120000009,51,14,37
120000010,65,79,-14
120000011,25,128,-103
120000012,64,295,-231
120000013,555,207,348
120000014,300,313,-13
120000015,889,622,267
120000016,2265,740,1525
120000017,732,464,268
120000018,1562,564,998
120000019,315,169,146
120000020,887,438,449
120000021,284,839,-555
120000022,2091,1459,632
120000023,459,363,96
120000024,268,438,-170
120000025,958,398,560
120000026,363,485,-122
120000027,575,780,-205
120000028,1,0,1
120000029,35,188,-153
120000030,18,191,-173
120000031,664,561,103
120000032,493,95,398
120000033,254,88,166
120000034,284,70,214
120000035,478,90,388
120000036,1167,798,369
120000037,314,623,-309
120000038,255,710,-455
120000039,4,48,-44
120000040,0,39,-39
120000041,25,19,6
120000042,51,30,21
120000043,191,44,147
120000044,37,7,30
120000045,8,0,8
120000046,97,50,47
120000047,11,26,-15
120000048,611,204,407
120000049,536,228,308
120000050,32,217,-185
120000051,68,260,-192
120000052,0,0,0
120000053,247,60,187
120000054,106,44,62
120000055,72,40,32
120000056,366,241,125
120000057,385,80,305
120000058,41,39,2
120000059,3,369,-366
120000061,0,6,-6
120000062,0,0,0
120000063,78,2,76
120000064,24,1,23
120000065,172,2,170
120000066,54,1,53
120000067,13,13,0
120000068,14,42,-28
120000069,86,23,63
120000070,1,17,-16
120000071,290,129,161
120000072,476,75,401
120000073,234,151,83
120000074,80,78,2
120000075,514,102,412
120000076,717,89,628
120000077,401,216,185
120000078,579,206,373
120000079,0,0,0
120000080,0,0,0
120000081,0,0,0
120000082,0,0,0
120000083,0,0,0
120000084,27,5,22
120000085,4,3,1
120000086,39,27,12
120000087,2,11,-9
120000088,387,69,318
120000089,653,44,609
120000090,290,64,226
120000091,667,174,493
120000092,778,199,579
120000093,117,185,-68
120000094,93,327,-234
120000095,0,0,0
120000096,0,0,0
120000098,143,0,143
120000099,12,0,12
120000100,180,0,180
120000101,76,26,50
120000102,117,769,-652
120000103,706,668,38
120000104,1277,138,1139
120000105,1614,55,1559
120000106,1539,40,1499
120000107,1965,57,1908
120000108,1118,7,1111
120000109,415,8,407
120000110,0,40,-40
120000111,0,21,-21
120000112,4,10,-6
120000113,10,25,-15
120000114,62,9,53
120000115,5,11,-6
120000116,25,56,-31
120000117,0,0,0
120000118,0,0,0
120000119,5,101,-96
120000120,0,0,0
120000121,5,83,-78
120000122,101,141,-40
120000123,328,242,86
120000124,283,133,150
120000125,26,14,12
120000126,114,210,-96
120000127,231,99,132
120000128,164,14,150
120000129,137,115,22
120000130,560,131,429
120000131,129,85,44
120000134,0,0,0
120000135,0,0,0
120000137,0,0,0
120000138,0,0,0
120000139,0,0,0
120000140,0,0,0
120000141,0,0,0
120000142,0,0,0
120000143,0,0,0
120000144,0,0,0
120000145,0,0,0
120000146,407,520,-113
120000149,0,0,0
120000150,0,0,0
120000151,177,74,103
120000152,300,34,266
120000153,0,0,0
120000154,41,5,36
120000155,117,46,71
120000156,166,15,151
120000157,175,90,85
120000158,0,0,0
120000159,82,286,-204
120000160,668,291,377
120000161,351,168,183
120000162,26,134,-108
120000163,0,0,0
120000164,0,0,0
120000165,151,5,146
120000166,136,87,49
120000167,0,0,0
120000168,0,0,0
120000169,0,0,0
120000170,0,0,0
120000171,0,0,0
120000172,0,0,0
120000173,0,0,0
120000174,0,0,0
120000175,0,0,0
120000176,0,0,0
120000177,0,0,0
120000178,0,0,0
120000179,0,0,0
120000180,0,0,0
120000181,0,0,0
120000182,0,0,0
120000183,0,0,0
120000184,0,0,0
120000186,0,0,0
120000187,0,0,0
120000188,0,0,0
120000190,0,0,0
120000191,0,0,0
120000192,0,0,0
120000193,0,0,0
120000195,0,0,0
120000196,0,0,0
120000197,0,0,0
120000198,0,0,0
120000199,0,0,0
120000200,0,0,0
120000201,0,0,0
120000202,0,0,0
120000203,0,0,0
120000207,0,0,0
120000208,0,0,0
120000209,0,0,0
120000210,0,0,0
120000211,0,0,0
120000212,0,0,0
120000213,0,0,0
120000214,0,0,0
120000215,0,0,0
120000216,0,0,0
120000217,0,0,0
120000218,0,0,0
120000219,0,0,0
120000220,0,0,0
120000225,0,0,0
120000226,0,0,0
120000227,0,0,0
120000228,0,0,0
120000230,0,0,0
120000231,0,0,0
120000233,395,1,394
120000235,0,53,-53
120000236,921,11,910
120000237,0,0,0
120000238,0,0,0
120000241,709,560,149
120000412,0,0,0
120000413,0,0,0
120000414,0,0,0
120000415,0,0,0
120000416,0,0,0
120000417,0,0,0
120000418,0,0,0
120000419,0,0,0
120000420,33,2,31
120000421,395,454,-59
120000422,0,0,0
120000423,0,0,0
120000424,0,0,0
120000436,112,97,15
120000437,0,0,0
120000438,0,0,0
120000439,471,151,320
120000443,0,0,0
120000444,534,103,431
120000445,296,325,-29
120000446,135,72,63
120000447,463,1,462
120000449,0,0,0
120000450,0,0,0
120000451,36,41,-5
120000452,9,0,9
120000453,0,0,0
120000454,10,5,5
120000455,27,57,-30
120000456,9,171,-162
120000457,62,25,37
120000458,10,0,10
120000459,46,29,17
120000665,6,124,-118
120000668,1,56,-55
120000669,44,8,36
120000670,1,84,-83
120000671,100,29,71
120000672,0,9,-9
120900001,0,0,0
120900002,0,0,0
120900003,0,0,0
120900004,0,0,0
120900005,0,0,0
120900006,0,0,0
120900007,0,0,0
120900008,0,0,0
120900009,0,0,0
120900010,0,0,0
120900011,0,0,0
120900012,0,0,0
120900013,0,0,0
120900014,0,0,0
120900015,0,0,0
120900016,0,0,0
120900017,0,0,0
120900018,0,0,0
120900019,0,0,0
120900020,0,0,0
120900021,0,0,0
120900022,0,0,0
120900023,0,0,0
120900024,0,0,0
120900025,0,0,0
120900026,0,0,0
120900027,0,0,0
120900028,0,0,0
120900029,0,0,0
120900030,0,0,0
120900031,0,0,0
120900032,0,0,0
120900033,0,0,0
120900034,0,0,0
120900035,0,0,0
120900037,0,0,0
120900038,0,0,0
120900039,0,0,0
120900040,0,0,0
120900041,0,0,0
120900042,0,0,0
120900043,0,0,0
120900044,0,0,0
120900045,0,0,0
120900046,0,0,0
120900047,0,0,0
120900048,0,0,0
120900049,0,0,0
120900050,0,0,0
120900051,0,0,0
120900052,0,0,0
120900053,0,0,0
120900054,0,0,0
120900055,0,0,0
120900056,0,0,0
120900057,0,0,0
120900058,0,0,0
120900059,0,0,0
120900060,0,0,0
120900061,0,0,0
120900062,0,0,0
120900063,0,0,0
120900064,0,0,0
120900065,0,0,0
120900066,0,0,0
120900067,0,0,0
120900068,0,0,0
120900069,0,0,0
120900071,0,0,0
120900072,0,0,0
120900073,0,0,0
120900074,0,0,0
120900076,0,0,0
120900077,0,0,0
120900078,0,0,0
120900079,0,0,0
120900080,0,0,0
120900081,0,0,0
120900082,0,0,0
120900083,0,0,0
120900084,0,0,0
120900085,0,0,0
120900086,0,0,0
120900087,0,0,0
120900088,0,0,0
120900089,0,0,0
120900090,0,0,0
120900091,0,0,0
120900092,0,0,0
120900093,0,0,0
120900094,0,0,0
120900095,0,0,0
120900096,0,0,0
120900097,0,0,0
120900098,0,0,0
120900099,0,0,0
120900100,0,0,0
120900101,0,0,0
120900102,0,0,0
120900103,0,0,0
120900104,0,0,0
120900105,0,0,0
120900106,0,0,0
120900107,0,0,0
120900108,0,0,0
120900109,0,0,0
120900110,0,0,0
120900111,0,0,0
120900112,0,0,0
120900113,0,0,0
120900114,0,0,0
120900115,93,20,73
120900116,0,0,0
120900117,0,0,0
120900118,0,0,0
120900119,0,0,0
120900120,0,0,0
120900121,0,0,0
120900122,0,0,0
120900123,0,0,0
120900124,0,0,0
120900125,0,0,0
120900126,0,0,0
120900127,0,0,0
120900128,0,0,0
120900129,0,0,0
120900130,0,0,0
120900131,0,0,0
120900132,0,0,0
120900133,0,0,0
120900134,0,0,0
120900135,0,0,0
120900136,0,0,0
120900137,0,0,0
120900138,0,0,0
120900139,0,0,0
120900140,0,0,0
120900141,0,0,0
120900142,0,0,0
120900143,0,0,0
120900144,0,0,0
120900145,0,0,0
120900146,0,0,0
120900147,0,0,0
120900148,0,0,0
120900149,0,0,0
120900150,0,0,0
120900151,0,0,0
120900152,0,0,0
120900153,0,0,0
120900154,0,0,0
120900155,0,0,0
120900156,0,0,0
120900157,0,0,0
120900158,0,0,0
120900159,0,0,0
120900160,0,0,0
120900161,0,0,0
120900162,0,0,0
120900163,0,0,0
120900164,0,0,0
120900165,0,0,0
120900166,0,0,0
120900167,0,0,0
120900169,0,0,0
120900170,0,0,0
120900171,0,0,0
120900172,0,0,0
120900173,0,0,0
120900174,0,0,0
120900175,0,0,0
120900176,0,0,0
120900177,0,0,0
120900178,0,0,0
120900179,0,0,0
120900180,0,0,0
120900181,0,0,0
120900182,0,0,0
120900183,0,0,0
120900184,0,0,0
120900185,0,0,0
120900186,0,0,0
120900187,0,0,0
120900188,0,0,0
120900189,0,0,0
120900190,0,0,0
120900191,0,0,0
120900192,0,0,0
120900194,0,0,0
120900195,0,0,0
120900196,0,0,0
120900197,0,0,0
120900198,0,0,0
120900199,0,0,0
120900200,0,0,0
120900201,0,0,0
120900202,0,0,0
120900203,0,0,0
120900204,0,0,0
120900205,0,0,0
120900206,0,0,0
120900207,0,0,0
121000001,0,0,0
121000002,280,154,126
121000003,0,0,0
121000004,255,209,46
121000005,9,42,-33
121000006,199,372,-173
121000007,10,49,-39
121000008,399,441,-42
121000009,77,71,6
121000010,645,320,325
121000011,410,292,118
121000012,1854,717,1137
121000013,312,320,-8
121000014,1921,695,1226
121000015,655,918,-263
121000016,1040,719,321
121000017,94,201,-107
121000018,242,287,-45
121000019,508,272,236
121000020,869,1006,-137
121000021,33,44,-11
121000022,108,419,-311
121000023,41,25,16
121000024,545,705,-160
121000025,54,69,-15
121000026,56,89,-33
121000027,120,111,9
121000028,7,70,-63
121000029,66,25,41
121000030,0,0,0
121000031,3,25,-22
121000032,0,0,0
121000034,2,14,-12
121000035,0,0,0
121000036,21,38,-17
121000037,56,59,-3
121000038,34,121,-87
121000039,0,0,0
121000041,0,0,0
121000042,3,65,-62
121000043,51,5,46
121000044,8,58,-50
121000045,3,13,-10
121000046,0,0,0
121000047,0,0,0
121000049,115,60,55
121000050,15,226,-211
121000051,8,25,-17
121000052,19,73,-54
121000053,21,5,16
121000054,0,0,0
121000055,0,0,0
121000056,249,304,-55
121000057,0,0,0
121000058,0,0,0
121000059,14,20,-6
121000060,50,58,-8
121000061,0,27,-27
121000062,0,17,-17
121000063,12,23,-11
121000064,30,20,10
121000065,1,20,-19
121000066,0,0,0
121000067,0,0,0
121000068,35,4,31
121000069,2,4,-2
121000070,90,127,-37
121000071,35,252,-217
121000072,29,29,0
121000073,11,181,-170
121000074,0,0,0
121000075,0,0,0
121000076,2,2,0
121000077,17,31,-14
121000078,0,0,0
121000080,168,74,94
121000081,281,198,83
121000082,11,49,-38
121000083,16,12,4
121000084,0,0,0
121000085,76,55,21
121000086,0,38,-38
121000087,3,58,-55
121000088,0,0,0
121000089,1,107,-106
121000090,0,0,0
121000091,595,82,513
121000092,11,9,2
121000093,4,48,-44
121000094,69,52,17
121000095,0,2,-2
121000096,0,0,0
121000097,0,0,0
121000098,65,48,17
121000099,5,10,-5
121000100,0,0,0
121000101,10,24,-14
121000102,0,0,0
121000103,8,12,-4
121000104,0,0,0
121000105,0,0,0
121000106,12,13,-1
121000107,208,273,-65
121000109,64,190,-126
121000110,0,2,-2
121000114,304,438,-134
121000115,0,0,0
121000116,0,0,0
121000117,4,1,3
121000118,0,0,0
121000119,0,0,0
121000120,1,38,-37
121000121,0,3,-3
121000123,2,2,0
121000126,0,0,0
121000127,0,0,0
121000128,0,0,0
121000129,0,0,0
121000130,15,50,-35
121000131,0,0,0
121000132,44,85,-41
121000135,0,0,0
121000136,30,105,-75
121000137,0,0,0
121000138,21,34,-13
121000139,0,0,0
121000141,0,0,0
121000142,0,0,0
121000143,0,0,0
121000144,0,0,0
121000145,0,2,-2
121000146,30,8,22
121000147,46,26,20
121000148,0,0,0
121000149,172,302,-130
121000152,15,20,-5
121000153,63,3,60
121000154,130,10,120
121000155,97,67,30
121000156,95,38,57
121000157,65,17,48
121000158,11,9,2
121000159,1,10,-9
121000160,9,3,6
121000161,0,0,0
121000162,0,0,0
121000165,118,620,-502
121000166,2,47,-45
121000168,11,68,-57
121000169,5,6,-1
121000170,66,25,41
121000171,24,49,-25
121000172,35,64,-29
121000173,2,3,-1
121000174,2,6,-4
121000175,5,8,-3
121000176,21,9,12
121000177,8,1,7
121000178,0,0,0
121000179,9,14,-5
121000181,37,105,-68
121000182,61,65,-4
121000183,6,15,-9
121000184,4,25,-21
121000185,0,12,-12
121000186,0,9,-9
121000187,0,0,0
121000188,0,0,0
121000192,15,11,4
121000193,0,0,0
121000194,63,155,-92
121000195,0,0,0
121000196,0,0,0
121000197,2,1,1
121000198,0,0,0
121000199,4,0,4
121000200,0,0,0
121000201,0,0,0
121000202,0,0,0
121000203,0,0,0
121000204,0,0,0
121000205,39,13,26
121000206,0,0,0
121000207,0,0,0
121000208,0,0,0
121000209,40,7,33
121000210,0,0,0
121000211,3,1,2
121000212,0,0,0
121000213,47,176,-129
121000214,16,135,-119
121000215,64,49,15
121000216,47,77,-30
121000217,559,172,387
121000218,6,23,-17
121000219,164,119,45
121000220,0,0,0
121000221,2,66,-64
121000222,14,59,-45
121000223,0,0,0
121000224,0,0,0
121000225,1,78,-77
121000226,34,208,-174
121000227,0,0,0
121000228,0,0,0
121000229,0,0,0
121000230,0,0,0
121000231,176,2,174
121000232,0,0,0
121000233,141,10,131
121000234,2,6,-4
121000235,0,13,-13
121000236,2,1,1
121000237,20,1,19
121000238,0,1,-1
121000239,1,1,0
121000240,0,17,-17
121000241,24,0,24
121000242,0,9,-9
121000243,42,1,41
121000244,0,14,-14
121000245,8,0,8
121000246,0,2,-2
121000247,20,0,20
121000248,30,6,24
121000249,0,0,0
121000250,26,103,-77
121000251,0,0,0
121000252,14,36,-22
121000253,0,0,0
121000254,144,13,131
121000255,0,0,0
121000256,28,29,-1
121000257,0,0,0
121000258,12,54,-42
121000259,0,0,0
121000260,0,0,0
121000261,2,27,-25
121000262,0,0,0
121000263,14,75,-61
121000271,0,0,0
121000273,0,0,0
121000274,3,16,-13
121000275,0,0,0
121000276,2,17,-15
121000278,29,3,26
121000279,0,0,0
121000280,4,24,-20
121000289,5,0,5
121000290,71,45,26
121000294,0,0,0
121000297,42,58,-16
121000299,0,0,0
121000300,0,0,0
121000302,0,52,-52
121000303,18,18,0
121000304,262,138,124
121000305,36,44,-8
121000306,28,75,-47
121000308,0,0,0
121000309,0,0,0
121000310,0,0,0
121000311,0,0,0
121000312,81,52,29
121000313,0,0,0
121000314,0,0,0
121000315,0,0,0
121000530,245,172,73
121000531,416,314,102
121000532,1201,328,873
121000533,3578,1250,2328
121000918,0,0,0
121000919,0,0,0
121000938,0,0,0
121000939,13,23,-10
121000956,0,0,0
121000957,0,0,0
121000958,2,1,1
121000959,22,14,8
121000960,49,56,-7
121000961,106,0,106
121000962,0,12,-12
121000973,0,0,0
121000976,0,0,0
121000979,0,0,0
121000981,71,8,63
121000982,0,0,0
121000983,8,1,7
121000984,0,0,0
121000985,0,0,0
121000986,0,0,0
121000987,0,0,0
121000988,233,27,206
121001302,0,0,0
121001308,0,0,0
121001309,0,0,0
121001313,0,0,0
121001314,0,0,0
121001315,1298,92,1206
121900001,0,49,-49
121900002,0,0,0
121900003,0,0,0
121900004,0,0,0
121900005,0,0,0
121900006,0,0,0
121900007,11,8,3
121900008,0,0,0
121900009,0,0,0
121900010,0,0,0
121900011,0,0,0
121900012,0,0,0
121900013,0,0,0
121900014,0,0,0
121900015,0,0,0
121900016,0,0,0
121900017,0,0,0
121900018,0,0,0
121900019,0,0,0
121900020,0,0,0
121900021,0,0,0
121900022,0,0,0
121900023,0,0,0
121900024,0,0,0
121900025,0,0,0
121900026,0,0,0
121900027,0,0,0
121900028,0,0,0
121900029,0,0,0
121900030,0,0,0
121900031,0,0,0
121900032,0,0,0
121900033,0,0,0
121900034,0,0,0
121900035,0,0,0
121900036,0,0,0
121900037,0,0,0
121900038,0,0,0
121900039,0,0,0
121900040,0,0,0
121900041,0,0,0
121900042,0,0,0
121900043,0,0,0
121900044,0,0,0
121900046,0,0,0
121900047,0,0,0
121900048,0,0,0
121900050,0,0,0
121900051,0,0,0
121900052,0,0,0
121900053,0,0,0
121900054,0,0,0
121900055,0,0,0
121900058,0,0,0
121900059,0,0,0
121900060,0,0,0
121900061,0,0,0
121900062,0,0,0
121900063,0,0,0
121900064,0,0,0
121900066,0,0,0
121900067,0,0,0
121900069,0,0,0
121900070,0,0,0
121900071,0,0,0
121900072,0,0,0
121900073,0,0,0
121900074,0,0,0
121900075,0,0,0
121900076,0,0,0
121900077,0,0,0
121900078,0,0,0
121900079,0,0,0
121900080,0,0,0
121900082,0,0,0
121900084,0,0,0
121900085,0,0,0
121900086,0,0,0
121900087,0,0,0
121900088,0,0,0
121900089,0,0,0
121900090,0,0,0
121900091,0,0,0
121900092,0,0,0
121900093,0,0,0
121900094,0,0,0
121900095,0,0,0
121900096,0,0,0
121900097,0,0,0
121900098,0,0,0
121900099,0,0,0
121900100,0,0,0
121900101,0,0,0
121900102,0,0,0
121900103,0,0,0
121900104,0,0,0
121900105,0,0,0
121900106,0,0,0
121900107,0,0,0
121900108,0,0,0
121900109,0,0,0
121900110,0,0,0
121900111,0,0,0
121900112,0,0,0
121900113,0,0,0
121900114,0,0,0
121900117,0,0,0
121900118,0,0,0
121900119,0,0,0
121900120,0,0,0
121900121,0,0,0
121900122,0,0,0
121900123,0,0,0
121900124,0,0,0
121900125,0,0,0
121900127,0,0,0
121900128,0,0,0
121900129,0,0,0
121900130,0,0,0
121900131,0,0,0
121900132,0,0,0
121900133,0,0,0
121900134,0,0,0
121900135,0,0,0
121900136,0,0,0
121900137,0,0,0
121900138,0,0,0
121900139,0,0,0
121900140,0,0,0
121900141,0,0,0
121900142,0,0,0
121900143,0,0,0
121900144,0,0,0
121900145,0,0,0
121900146,0,0,0
121900147,0,0,0
121900148,0,0,0
121900149,0,0,0
121900150,0,0,0
121900151,0,0,0
121900152,0,0,0
121900153,0,0,0
121900154,0,0,0
121900155,0,0,0
121900156,0,0,0
121900157,0,0,0
121900158,0,0,0
121900159,0,0,0
121900160,0,0,0
121900161,0,0,0
121900162,0,0,0
121900163,0,0,0
121900164,0,0,0
121900165,0,0,0
121900166,0,0,0
121900167,0,0,0
121900168,0,0,0
121900169,0,0,0
121900170,0,0,0
121900171,0,0,0
121900172,0,0,0
121900173,0,0,0
121900174,0,0,0
121900175,0,0,0
121900176,0,0,0
121900177,0,0,0
121900178,0,0,0
121900179,0,0,0
121900180,0,0,0
121900182,0,0,0
121900183,0,0,0
121900184,0,0,0
121900186,0,0,0
121900187,0,0,0
121900188,0,0,0
121900189,0,0,0
121900190,0,0,0
121900191,0,0,0
121900192,0,0,0
121900193,0,0,0
121900194,0,0,0
121900195,0,0,0
121900196,0,0,0
121900197,0,0,0
121900198,0,0,0
121900199,0,0,0
121900200,0,0,0
121900201,0,0,0
121900202,0,0,0
121900203,0,0,0
121900204,0,0,0
121900205,0,0,0
121900206,0,0,0
121900207,0,0,0
121900208,0,0,0
121900209,0,0,0
121900210,0,0,0
121900211,0,0,0
121900212,0,0,0
121900213,0,0,0
121900214,0,0,0
121900215,0,0,0
121900216,0,0,0
121900217,0,0,0
121900218,0,0,0
121900220,0,0,0
121900221,0,0,0
121900222,0,0,0
121900223,0,0,0
121900224,0,0,0
121900225,0,0,0
121900226,0,0,0
121900227,0,0,0
121900228,0,0,0
121900230,0,0,0
121900231,0,0,0
121900232,0,0,0
121900233,0,0,0
121900234,0,0,0
121900235,0,0,0
121900236,0,0,0
121900237,0,0,0
121900238,0,0,0
121900239,0,0,0
121900240,0,0,0
121900241,0,0,0
121900242,0,0,0
121900243,0,0,0
121900244,0,0,0
121900245,0,0,0
121900246,0,0,0
121900247,0,0,0
121900248,0,0,0
121900250,0,0,0
121900251,0,0,0
121900252,0,0,0
121900253,0,0,0
121900254,0,0,0
121900255,0,0,0
121900258,0,0,0
121900259,0,0,0
121900260,0,0,0
121900261,0,0,0
121900262,0,0,0
121900263,0,0,0
121900264,0,0,0
121900265,0,0,0
121900266,0,0,0
121900267,0,0,0
121900269,0,0,0
121900270,0,0,0
121900271,0,0,0
121900273,0,0,0
121900274,0,0,0
121900277,0,0,0
121900278,0,0,0
121900279,0,0,0
121900280,0,0,0
121900281,0,0,0
121900284,0,0,0
121900286,0,0,0
121900287,0,0,0
121900288,0,0,0
121900290,0,0,0
121900291,0,0,0
121900292,0,0,0
121900293,0,0,0
121900294,0,0,0
121900295,0,0,0
121900296,0,0,0
121900298,0,0,0
121900299,0,0,0
121900300,0,0,0
121900301,0,0,0
121900302,0,0,0
121900303,0,0,0
121900304,0,0,0
121900305,0,0,0
121900306,0,0,0
121900307,0,0,0
121900308,0,0,0
121900309,0,0,0
121900310,0,0,0
121900311,0,0,0
121900312,0,0,0
121900313,0,0,0
121900314,0,0,0
121900315,0,0,0
121900316,0,0,0
121900317,0,0,0
121900318,0,0,0
121900319,0,0,0
121900320,0,0,0
121900321,0,0,0
121900322,0,0,0
121900323,0,0,0
121900324,0,0,0
121900325,0,0,0
121900326,0,0,0
121900327,0,0,0
121900328,0,0,0
121900329,0,0,0
121900330,0,0,0
121900331,0,0,0
121900332,0,0,0
121900333,0,0,0
122000001,106,92,14
122000002,93,48,45
122000003,58,122,-64
122000004,136,158,-22
122000005,587,798,-211
122000006,102,320,-218
122000007,67,279,-212
122000008,108,214,-106
122000009,25,53,-28
122000010,630,374,256
122000011,189,163,26
122000012,152,96,56
122000013,27,103,-76
122000014,7,60,-53
122000015,45,46,-1
122000016,6,80,-74
122000017,0,0,0
122000018,0,0,0
122000019,8,45,-37
122000020,0,0,0
122000021,0,0,0
122000022,64,21,43
122000023,14,18,-4
122000024,228,152,76
122000025,58,115,-57
122000026,384,252,132
122000027,0,0,0
122000028,83,21,62
122000029,42,15,27
122000030,0,0,0
122000031,1,7,-6
122000032,68,79,-11
122000033,111,245,-134
122000034,0,0,0
122000035,0,0,0
122000036,0,0,0
122000037,3,3,0
122000038,27,5,22
122000039,0,0,0
122000040,0,0,0
122000041,1,4,-3
122000042,0,4,-4
122000043,2,0,2
122000044,0,0,0
122000045,149,51,98
122000046,137,73,64
122000047,0,0,0
122000048,371,707,-336
122000049,497,219,278
122000050,36,20,16
122000051,2,9,-7
122000052,4,21,-17
122000053,19,532,-513
122000054,62,142,-80
122000055,301,637,-336
122000056,265,156,109
122000057,93,167,-74
122000058,69,54,15
122000059,80,76,4
122000060,0,0,0
122000061,0,0,0
122000062,78,13,65
122000063,1,14,-13
122000064,56,150,-94
122000065,139,214,-75
122000066,101,109,-8
122000067,152,470,-318
122000068,73,243,-170
122000069,47,27,20
122000070,279,62,217
122000071,70,50,20
122000072,0,0,0
122000073,0,0,0
122000074,30,66,-36
122000075,52,54,-2
122000076,150,137,13
122000077,0,0,0
122000078,373,198,175
122000079,1,48,-47
122000080,0,1,-1
122000081,0,0,0
122000082,142,81,61
122000083,0,0,0
122000084,0,0,0
122000085,1,13,-12
122000086,31,324,-293
122000087,19,58,-39
122000088,0,0,0
122000089,156,314,-158
122000090,0,0,0
122000091,0,0,0
122000092,0,0,0
122000093,168,559,-391
122000094,339,377,-38
122000095,25,57,-32
122000096,12,268,-256
122000098,368,437,-69
122000099,6,9,-3
122000100,16,2,14
122000101,0,3,-3
122000102,0,0,0
122000103,0,0,0
122000104,0,0,0
122000105,5,7,-2
122000106,2,3,-1
122000107,13,25,-12
122000108,0,0,0
122000109,0,16,-16
122000110,0,0,0
122000111,306,57,249
122000112,63,58,5
122000113,74,25,49
122000114,405,640,-235
122000115,465,430,35
122000116,5,84,-79
122000117,90,2,88
122000118,27,11,16
122000119,0,0,0
122000120,0,0,0
122000121,73,13,60
122000122,13,12,1
122000123,170,151,19
122000124,14,73,-59
122000125,12,40,-28
122000126,3,50,-47
122000127,11,49,-38
122000128,4,13,-9
122000129,27,17,10
122000130,165,79,86
122000131,15,23,-8
122000132,0,0,0
122000133,0,0,0
122000134,43,56,-13
122000135,6,20,-14
122000136,28,52,-24
122000137,20,20,0
122000139,7,155,-148
122000140,0,0,0
122000141,20,2,18
122000142,0,0,0
122000143,0,0,0
122000144,30,14,16
122000145,0,0,0
122000146,104,46,58
122000147,4,87,-83
122000148,190,160,30
122000149,155,52,103
122000150,98,64,34
122000151,0,0,0
122000152,0,0,0
122000153,71,63,8
122000154,92,9,83
122000155,228,67,161
122000156,416,482,-66
122000157,235,240,-5
122000158,0,2,-2
122000159,64,23,41
122000160,175,57,118
122000161,87,24,63
122000162,172,54,118
122000163,0,0,0
122000164,0,0,0
122000165,1,4,-3
122000166,58,65,-7
122000167,0,0,0
122000168,0,2,-2
122000169,0,0,0
122000170,0,0,0
122000171,0,0,0
122000172,0,0,0
122000173,0,0,0
122000174,381,346,35
122000175,0,0,0
122000176,0,1,-1
122000177,347,458,-111
122000178,467,105,362
122000179,0,2,-2
122000180,229,361,-132
122000181,765,535,230
122000182,111,69,42
122000183,43,2,41
122000184,499,382,117
122000185,158,176,-18
122000186,0,1,-1
122000187,87,44,43
122000188,0,0,0
122000189,14,14,0
122000190,228,70,158
122000191,40,7,33
122000192,0,0,0
122000193,0,0,0
122000194,0,0,0
122000195,0,1,-1
122000196,0,0,0
122000197,9,6,3
122000198,0,0,0
122000199,11,83,-72
122000200,44,43,1
122000201,152,246,-94
122000202,127,178,-51
122000203,0,0,0
122000204,0,0,0
122000205,0,0,0
122000206,102,55,47
122000207,115,66,49
122000208,161,37,124
122000209,208,48,160
122000210,20,5,15
122000211,2,40,-38
122000212,23,78,-55
122000213,79,189,-110
122000214,201,194,7
122000215,92,138,-46
122000217,9,5,4
122000218,99,29,70
122000219,67,54,13
122000220,21,40,-19
122000221,0,0,0
122000222,2,0,2
122000223,65,52,13
122000225,133,8,125
122000226,0,13,-13
122000227,0,14,-14
122000228,6,6,0
122000229,0,2,-2
122000230,0,12,-12
122000231,0,27,-27
122000232,0,5,-5
122000233,0,0,0
122000234,30,4,26
122000235,16,1,15
122000236,8,1,7
122000237,0,0,0
122000238,4,7,-3
122000239,59,2,57
122000240,91,0,91
122000241,88,41,47
122000242,0,0,0
122000243,0,0,0
122000244,0,0,0
122000245,2,0,2
122000246,12,68,-56
122000247,9,0,9
122000248,4,5,-1
122000249,89,101,-12
122000250,140,48,92
122000251,0,0,0
122000252,12,0,12
122000253,0,0,0
122000254,3,1,2
122000255,0,0,0
122000256,25,31,-6
122000257,0,23,-23
122000258,37,32,5
122000259,0,0,0
122000260,0,0,0
122000261,0,1,-1
122000262,0,0,0
122000263,0,0,0
122000264,157,21,136
122000265,145,13,132
122000266,259,8,251
122000267,0,0,0
122000268,0,0,0
122000269,0,0,0
122000270,0,0,0
122000271,0,0,0
122000272,0,0,0
122000273,0,0,0
122000274,0,0,0
122000275,0,0,0
122000276,38,84,-46
122000277,211,115,96
122000278,95,39,56
122000279,4,8,-4
122000280,9,10,-1
122000281,8,12,-4
122000282,14,3,11
122000283,0,0,0
122000284,0,0,0
122000285,0,0,0
122000286,0,0,0
122000287,440,64,376
122000288,28,2,26
122000291,984,59,925
122000293,0,0,0
122000294,78,27,51
122000295,102,1,101
122000296,26,132,-106
122000297,893,416,477
122000299,89,13,76
122000300,0,16,-16
122000301,86,76,10
122000302,3,5,-2
122000303,38,100,-62
122000304,0,0,0
122000305,410,43,367
122000306,0,21,-21
122000307,0,0,0
122000309,0,0,0
122000310,0,0,0
122000311,0,0,0
122000312,5,60,-55
122000313,26,57,-31
122000314,64,51,13
122000315,0,0,0
122000316,27,13,14
122000317,43,19,24
122000318,29,50,-21
122000319,5,2,3
122000320,0,0,0
122000321,0,0,0
122000322,113,117,-4
122000323,36,45,-9
122000324,9,25,-16
122000325,62,163,-101
122000326,2,0,2
122000327,2,23,-21
122000328,0,0,0
122000330,86,123,-37
122000332,0,0,0
122000333,0,0,0
122000337,23,20,3
122000338,3,5,-2
122000340,0,2,-2
122000342,10,10,0
122000343,0,10,-10
122000344,26,1,25
122000345,16,2,14
122000346,0,0,0
122000348,39,32,7
122000349,0,0,0
122000351,3,0,3
122000352,0,0,0
122000353,0,0,0
122000355,0,0,0
122000356,14,13,1
122000357,0,12,-12
122000358,0,0,0
122000359,0,0,0
122000360,0,0,0
122000362,0,0,0
122000364,0,0,0
122000365,0,0,0
122000366,0,0,0
122000368,0,0,0
122000370,0,0,0
122000371,0,0,0
122000372,0,0,0
122000381,0,0,0
122000382,0,0,0
122000384,0,0,0
122000385,0,0,0
122000386,9,153,-144
122000387,0,0,0
122000388,8,43,-35
122000389,0,0,0
122000390,8,96,-88
122000391,0,0,0
122000392,0,0,0
122000393,0,0,0
122000394,0,0,0
122000395,0,0,0
122000396,0,0,0
122000397,0,0,0
122000398,21,41,-20
122000399,0,0,0
122000400,6,48,-42
122000401,0,0,0
122000402,22,26,-4
122000403,0,0,0
122000404,154,17,137
122000408,213,272,-59
122000503,0,0,0
122000524,0,0,0
122000544,0,0,0
122000616,0,0,0
122000640,0,0,0
122000641,0,0,0
122000642,0,0,0
122000643,23,11,12
122000644,0,0,0
122000645,0,0,0
122000651,12,32,-20
122000664,5,3,2
122000665,0,0,0
122000666,98,35,63
122000673,0,0,0
122000674,30,32,-2
122000675,32,38,-6
122000686,75,15,60
122000687,56,13,43
122000688,120,31,89
122000689,133,44,89
122000690,311,3,308
122000691,246,45,201
122000692,37,1,36
122000693,28,41,-13
122000695,0,0,0
122000696,110,11,99
122000698,0,0,0
122000699,6,4,2
122000701,114,7,107
122000702,99,58,41
122000703,35,20,15
122000717,0,0,0
122000718,53,220,-167
122000719,0,7,-7
122000720,81,14,67
122000724,0,0,0
122900001,0,0,0
122900002,0,0,0
122900003,0,0,0
122900004,0,0,0
122900005,0,0,0
122900006,0,0,0
122900007,0,0,0
122900008,0,0,0
122900009,0,0,0
122900010,0,0,0
122900012,0,0,0
122900014,0,0,0
122900015,0,0,0
122900016,0,0,0
122900017,0,0,0
122900018,0,0,0
122900019,0,0,0
122900020,0,0,0
122900021,0,0,0
122900022,0,0,0
122900023,0,0,0
122900024,0,0,0
122900025,0,0,0
122900026,0,0,0
122900027,0,0,0
122900028,0,0,0
122900029,0,0,0
122900030,0,0,0
122900031,0,0,0
122900032,0,0,0
122900033,0,0,0
122900034,0,0,0
122900035,0,0,0
122900036,0,0,0
122900037,0,0,0
122900038,0,0,0
122900039,0,0,0
122900040,0,0,0
122900041,0,0,0
122900042,0,0,0
122900043,0,0,0
122900044,0,0,0
122900045,0,0,0
122900046,0,0,0
122900047,0,0,0
122900048,0,0,0
122900049,0,0,0
122900051,0,0,0
122900052,0,0,0
122900053,0,10,-10
122900055,0,0,0
122900057,0,0,0
122900061,0,0,0
122900062,0,0,0
122900063,0,0,0
122900064,0,0,0
122900065,0,0,0
122900066,0,0,0
122900067,0,0,0
122900068,0,0,0
122900069,0,0,0
122900070,0,0,0
122900071,0,0,0
122900072,0,0,0
122900073,0,0,0
122900074,0,0,0
122900075,0,0,0
122900076,0,0,0
122900077,0,0,0
122900078,0,0,0
122900080,0,0,0
122900081,0,0,0
122900082,0,0,0
122900083,0,0,0
122900084,0,0,0
122900086,0,0,0
122900087,0,0,0
122900088,0,0,0
122900089,0,0,0
122900090,0,0,0
122900091,0,0,0
122900092,0,0,0
122900093,0,0,0
122900094,0,0,0
122900095,0,0,0
122900096,0,0,0
122900097,0,0,0
122900098,0,0,0
122900099,0,0,0
122900100,0,0,0
122900101,0,0,0
122900102,0,0,0
122900103,0,0,0
122900104,0,0,0
122900105,0,0,0
122900106,0,0,0
122900107,0,0,0
122900108,0,0,0
123000001,170,34,136
123000002,192,1106,-914
123000003,757,364,393
123000004,244,464,-220
123000005,936,278,658
123000006,147,512,-365
123000007,837,374,463
123000008,40,102,-62
123000009,2180,1624,556
123000010,57,203,-146
123000011,624,702,-78
123000012,12,202,-190
123000013,910,290,620
123000014,8,163,-155
123000015,1315,378,937
123000016,24,157,-133
123000017,911,269,642
123000018,98,4,94
123000019,104,0,104
123000020,34,0,34
123000021,63,2,61
123000022,234,42,192
123000023,203,81,122
123000024,108,66,42
123000025,1,43,-42
123000026,0,0,0
123000027,0,0,0
123000028,46,144,-98
123000029,0,0,0
123000030,0,0,0
123000031,20,4,16
123000032,33,4,29
123000033,8,17,-9
123000034,285,57,228
123000035,58,58,0
123000036,29,351,-322
123000037,0,0,0
123000038,0,0,0
123000039,0,0,0
123000040,0,0,0
123000041,38,579,-541
123000042,0,0,0
123000043,209,260,-51
123000044,15,66,-51
123000045,0,0,0
123000046,0,0,0
123000047,0,0,0
123000048,9,105,-96
123000049,3162,1046,2116
123000050,154,133,21
123000051,0,2,-2
123000052,118,265,-147
123000053,744,318,426
123000054,145,415,-270
123000055,697,773,-76
123000056,14,55,-41
123000057,42,177,-135
123000058,0,0,0
123000059,2,2,0
123000060,0,2,-2
123000061,1,12,-11
123000063,31,38,-7
123000064,8,2,6
123000065,12,39,-27
123000066,1,17,-16
123000067,9,25,-16
123000068,44,144,-100
123000069,126,122,4
123000070,1,0,1
123000071,120,26,94
123000072,0,0,0
123000073,169,28,141
123000074,0,0,0
123000075,31,161,-130
123000076,0,0,0
123000077,24,0,24
123000078,222,86,136
123000079,435,140,295
123000080,39,0,39
123000081,0,0,0
123000082,0,0,0
123000083,1,3,-2
123000084,0,0,0
123000085,0,0,0
123000086,0,0,0
123000087,0,0,0
123000088,0,1,-1
123000089,322,106,216
123000090,0,0,0
123000091,143,22,121
123000092,0,0,0
123000094,3,3,0
123000095,24,36,-12
123000096,97,7,90
123000097,0,0,0
123000098,82,22,60
123000099,0,0,0
123000100,0,0,0
123000101,52,20,32
123000102,91,67,24
123000104,0,0,0
123000105,0,0,0
123000106,0,0,0
123000107,0,0,0
123000108,0,0,0
123000111,13,17,-4
123000112,12,4,8
123000113,0,0,0
123000114,5,23,-18
123000115,25,17,8
123000116,0,0,0
123000117,4,15,-11
123000118,8,3,5
123000119,1,11,-10
123000120,4,30,-26
123000121,0,0,0
123000122,0,0,0
123000123,0,0,0
123000124,0,0,0
123000125,102,78,24
123000126,265,218,47
123000127,0,0,0
123000128,0,0,0
123000129,223,35,188
123000130,88,14,74
123000131,60,19,41
123000132,0,0,0
123000133,0,0,0
123000134,0,0,0
123000135,82,37,45
123000136,0,0,0
123000137,0,0,0
123000138,0,0,0
123000139,88,27,61
123000140,0,0,0
123000141,55,10,45
123000142,0,0,0
123000143,0,0,0
123000144,0,0,0
123000145,0,0,0
123000146,0,0,0
123000147,0,0,0
123000149,15,42,-27
123000150,36,20,16
123000151,28,48,-20
123000152,0,0,0
123000153,5,14,-9
123000154,26,47,-21
123000155,13,37,-24
123000156,0,0,0
123000157,10,12,-2
123000158,45,46,-1
123000159,128,188,-60
123000160,33,100,-67
123000161,141,30,111
123000162,252,140,112
123000163,35,8,27
123000164,318,17,301
123000165,0,0,0
123000166,0,0,0
123000167,13,12,1
123000168,81,1,80
123000169,145,29,116
123000170,2,0,2
123000171,218,0,218
123000172,0,0,0
123000173,67,28,39
123000174,112,11,101
123000175,0,0,0
123000176,165,21,144
123000177,0,0,0
123000178,209,32,177
123000179,0,0,0
123000180,448,42,406
123000181,0,0,0
123000182,0,0,0
123000183,52,17,35
123000184,0,0,0
123000185,270,24,246
123000186,0,0,0
123000187,499,11,488
123000188,271,0,271
123000189,229,0,229
123000190,43,1,42
123000192,0,0,0
123000193,0,0,0
123000194,0,0,0
123000195,264,2,262
123000196,242,0,242
123000197,63,0,63
123000198,0,0,0
123000199,0,0,0
123000200,196,20,176
123000201,410,16,394
123000202,0,0,0
123000203,495,14,481
123000204,0,0,0
123000205,0,0,0
123000206,556,18,538
123000207,0,0,0
123000208,143,19,124
123000209,210,26,184
123000210,0,0,0
123000211,0,0,0
123000212,618,32,586
123000213,201,0,201
123000215,120,109,11
123000216,26,138,-112
123000217,81,5,76
123000218,0,0,0
123000219,50,10,40
123000220,184,6,178
123000221,7,1,6
123000222,13,11,2
123000223,30,18,12
123000224,58,53,5
123000225,11,2,9
123000226,52,4,48
123000227,3,3,0
123000228,72,1,71
123000229,0,0,0
123000232,0,0,0
123000233,221,8,213
123000234,0,0,0
123000235,143,37,106
123000236,0,3,-3
123000237,33,19,14
123000238,0,0,0
123000239,0,0,0
123000240,0,0,0
123000241,17,8,9
123000242,0,0,0
123000243,6,57,-51
123000244,5,92,-87
123000245,0,0,0
123000249,0,0,0
123000252,244,123,121
123000253,316,135,181
123000254,8,13,-5
123000255,67,114,-47
123000256,0,0,0
123000257,0,0,0
123000258,0,0,0
123000259,16,4,12
123000260,8,29,-21
123000261,0,0,0
123000262,0,0,0
123000263,32,9,23
123000264,18,4,14
123000265,0,0,0
123000266,25,5,20
123000267,39,137,-98
123000268,0,0,0
123000269,5,26,-21
123000270,10,28,-18
123000271,0,0,0
123000272,300,81,219
123000273,76,507,-431
123000274,195,100,95
123000275,0,0,0
123000278,7,61,-54
123000279,6,19,-13
123000280,15,2,13
123000281,53,1,52
123000282,0,0,0
123000283,2,3,-1
123000284,0,0,0
123000286,0,1,-1
123000287,4,34,-30
123000288,227,110,117
123000289,66,67,-1
123000291,0,0,0
123000294,0,0,0
123000295,254,234,20
123000296,118,196,-78
123000297,0,0,0
123000298,19,19,0
123000299,24,138,-114
123000300,54,43,11
123000301,0,0,0
123000302,161,19,142
123000303,2,63,-61
123000305,0,0,0
123000306,0,0,0
123000309,0,0,0
123000310,6,17,-11
123000311,0,0,0
123000312,0,0,0
123000313,99,19,80
123000315,127,4,123
123000316,500,10,490
123000317,0,0,0
123000318,0,0,0
123000329,0,0,0
123000337,57,5,52
123000338,149,13,136
123000339,0,0,0
123000340,8,27,-19
123000342,0,0,0
123000343,4,0,4
123000344,34,0,34
123000345,4,2,2
123000346,122,34,88
123000352,0,0,0
123000353,0,0,0
123000354,390,3,387
123000355,0,0,0
123000356,94,1,93
123000357,0,0,0
123000359,0,0,0
123000360,103,29,74
123000361,0,0,0
123000362,146,4,142
123000363,37,1,36
123000364,15,16,-1
123000365,0,0,0
123000366,9,73,-64
123000367,0,27,-27
123000370,0,0,0
123000371,110,0,110
123000372,92,2,90
123000373,0,0,0
123000374,0,0,0
123000375,132,6,126
123000376,74,46,28
123000377,196,3,193
123000378,0,0,0
123000379,0,0,0
123000380,0,0,0
123000381,38,21,17
123000382,82,16,66
123000383,0,0,0
123000384,38,3,35
123000385,0,0,0
123000436,0,0,0
123000507,5,24,-19
123000508,325,690,-365
123000517,0,0,0
123000518,0,0,0
123000519,0,0,0
123000520,0,0,0
123000521,0,0,0
123000522,0,0,0
123000541,0,1,-1
123000542,0,0,0
123000565,0,0,0
123000566,63,1,62
123000567,40,0,40
123000573,0,0,0
123000574,77,4,73
123000575,179,4,175
123000576,95,3,92
123000577,0,0,0
123000578,28,8,20
123000579,534,263,271
123000580,3,0,3
123000582,80,1,79
123000583,0,0,0
123000584,40,43,-3
123000585,0,0,0
123000586,54,19,35
123000596,0,0,0
123000597,11,6,5
123000602,0,0,0
123000603,206,3,203
123000604,21,3,18
123000605,801,410,391
123000606,0,0,0
123000609,0,0,0
123000610,94,66,28
123000613,0,0,0
123000614,63,7,56
123000615,0,0,0
123000616,61,10,51
123000617,0,0,0
123000618,0,0,0
123000619,27,12,15
123000620,0,0,0
123000622,111,31,80
123000624,92,19,73
123000630,427,41,386
123000631,69,15,54
123000632,0,0,0
123000633,4,333,-329
123000634,2,5,-3
123000635,0,0,0
123000636,0,0,0
123000637,5,1,4
123000638,10,8,2
123000639,339,260,79
123000640,0,0,0
123900001,0,0,0
123900002,0,0,0
123900003,0,0,0
123900005,0,0,0
123900006,0,0,0
124000001,552,166,386
124000002,0,187,-187
124000003,235,41,194
124000004,0,10,-10
124000005,221,25,196
124000006,0,17,-17
124000007,94,17,77
124000008,0,0,0
124000009,166,59,107
124000010,0,0,0
124000011,269,68,201
124000012,0,0,0
124000017,156,117,39
124000018,0,0,0
124000019,172,27,145
124000020,0,0,0
124000021,246,18,228
124000022,0,0,0
124000023,421,60,361
124000024,0,0,0
124000025,385,48,337
124000026,0,0,0
124000027,1316,294,1022
124000028,80,595,-515
124000030,0,0,0
124000031,319,137,182
124000032,0,24,-24
124000033,5,0,5
124000034,1,21,-20
124000035,3,5,-2
124000036,0,2,-2
124000037,31,56,-25
124000038,1,1,0
124000039,44,12,32
124000040,64,73,-9
124000041,108,7,101
124000042,1,15,-14
124000043,7,3,4
124000044,1,13,-12
124000045,104,5,99
124000046,0,0,0
124000047,251,20,231
124000048,0,0,0
124000049,244,13,231
124000050,0,0,0
124000051,273,15,258
124000052,0,0,0
124000053,101,52,49
124000054,0,0,0
124000055,365,73,292
124000056,0,0,0
124000057,162,42,120
124000058,0,0,0
124000059,148,82,66
124000060,0,0,0
124000061,106,150,-44
124000062,0,0,0
124000063,0,0,0
124000064,0,0,0
124000065,0,0,0
124000066,74,12,62
124000067,56,19,37
124000068,0,0,0
124000069,257,16,241
124000070,0,0,0
124000071,50,23,27
124000072,0,0,0
124000073,185,25,160
124000074,0,0,0
124000075,148,43,105
124000076,0,0,0
124000077,0,0,0
124000078,204,251,-47
124000079,0,0,0
124000080,238,63,175
124000081,0,0,0
124000082,8,111,-103
124000083,0,0,0
124000084,2,101,-99
124000085,0,0,0
124000086,0,0,0
124000087,0,0,0
124000088,10,12,-2
124000089,135,15,120
124000090,0,0,0
124000091,171,28,143
124000092,0,0,0
124000093,4,52,-48
124000094,0,0,0
124000095,78,1,77
124000096,0,0,0
124000097,37,15,22
124000098,0,0,0
124000099,8,7,1
124000100,0,0,0
124000101,14,3,11
124000102,0,0,0
124000103,8,5,3
124000104,0,0,0
124000105,3,0,3
124000106,0,0,0
124000107,1,5,-4
124000108,0,0,0
124000109,35,7,28
124000110,0,0,0
124000111,141,23,118
124000112,0,0,0
124000113,17,63,-46
124000114,0,0,0
124000115,0,0,0
124000116,24,33,-9
124000117,0,0,0
124000118,9,10,-1
124000119,0,0,0
124000120,40,6,34
124000121,118,44,74
124000122,0,0,0
124000123,127,20,107
124000124,8,42,-34
124000125,87,21,66
124000126,5,30,-25
124000127,253,15,238
124000128,55,61,-6
124000129,114,61,53
124000130,69,42,27
124000131,74,89,-15
124000132,80,158,-78
124000133,256,52,204
124000134,0,0,0
124000135,338,45,293
124000136,0,0,0
124000137,108,23,85
124000138,0,0,0
124000139,59,19,40
124000140,0,0,0
124000141,0,0,0
124000142,0,0,0
124000143,7,0,7
124000144,0,0,0
124000145,38,1,37
124000146,0,0,0
124000148,0,4,-4
124000149,50,24,26
124000150,0,0,0
124000151,41,53,-12
124000152,0,0,0
124000153,58,228,-170
124000154,0,0,0
124000155,152,84,68
124000156,0,0,0
124000169,4,9,-5
124000170,0,0,0
124000171,53,17,36
124000172,0,0,0
124000173,18,29,-11
124000174,0,0,0
124000175,0,0,0
124000176,140,56,84
124000177,0,0,0
124000178,12,5,7
124000190,10,10,0
124000191,0,0,0
124000192,102,116,-14
124000193,0,0,0
124000194,24,23,1
124000195,116,9,107
124000196,0,0,0
124000197,0,0,0
124000198,3,8,-5
124000201,0,0,0
124000202,234,8,226
124000203,0,0,0
124000204,241,8,233
124000205,49,0,49
124000206,358,1,357
124000207,0,0,0
124000209,58,0,58
124000210,117,56,61
124000211,475,2,473
124000212,0,0,0
124000213,0,0,0
124000214,315,7,308
124000215,38,0,38
124000216,0,0,0
124000329,0,0,0
124000338,0,0,0
124000339,201,1,200
124000341,219,2,217
124000344,21,0,21
124000357,485,173,312
124000358,645,330,315
124000359,441,87,354
124000360,186,112,74
124000361,579,210,369
124000362,0,0,0
124000363,0,0,0
124000364,0,0,0
124000365,37,228,-191
124000366,6,114,-108
124000367,0,0,0
124000368,8,52,-44
124000369,13,53,-40
124000370,0,0,0
124000402,2,0,2
124000403,41,4,37
124000404,0,0,0
124000405,187,31,156
124000406,35,70,-35
124000407,0,0,0
124000411,0,0,0
124000412,35,0,35
124000413,0,11,-11
124000414,8,10,-2
124000415,0,0,0
124000416,0,0,0
124000417,5,8,-3
124000418,16,6,10
124000419,0,0,0
124000420,46,5,41
124000421,0,0,0
124000422,0,0,0
124000423,0,0,0
124000424,0,0,0
124000425,4,0,4
124000426,0,0,0
124000427,0,0,0
124000428,0,0,0
124000429,37,0,37
124000430,0,0,0
124000431,0,0,0
124000432,1,2,-1
124000439,3,0,3
124000443,0,0,0
124000445,19,130,-111
124000446,0,0,0
124900001,0,0,0
124900002,0,0,0
124900003,0,0,0
124900004,0,0,0
124900005,0,0,0
124900006,0,0,0
124900008,0,0,0
124900009,0,0,0
124900010,0,0,0
124900011,0,0,0
124900012,0,0,0
124900013,0,0,0
124900014,0,0,0
124900015,0,0,0
124900016,0,0,0
124900017,0,0,0
124900018,0,0,0
124900020,0,0,0
124900021,0,0,0
124900022,0,0,0
124900024,0,0,0
124900026,0,0,0
124900027,0,0,0
124900028,0,0,0
124900029,0,0,0
124900030,0,0,0
124900031,0,0,0
124900032,0,0,0
124900033,0,0,0
124900034,0,0,0
124900035,0,0,0
124900036,0,0,0
124900037,0,0,0
124900038,0,0,0
124900039,0,0,0
124900040,0,0,0
124900041,0,0,0
124900042,0,0,0
124900043,0,0,0
124900044,0,0,0
124900045,0,0,0
124900046,0,0,0
124900047,0,0,0
124900048,0,0,0
124900050,0,0,0
124900052,0,0,0
124900053,0,0,0
124900054,0,0,0
124900055,0,0,0
124900057,0,0,0
124900060,0,0,0
124900061,0,0,0
124900062,0,0,0
124900066,0,0,0
124900067,0,0,0
124900068,0,0,0
124900070,0,0,0
124900072,0,0,0
124900074,0,0,0
124900075,0,0,0
124900076,0,0,0
124900077,0,0,0
124900078,0,0,0
124900079,0,0,0
124900080,0,0,0
124900081,0,0,0
124900082,0,0,0
124900083,0,0,0
124900084,0,0,0
124900085,0,0,0
124900086,0,0,0
124900087,0,0,0
124900088,0,0,0
124900089,0,0,0
124900090,0,0,0
124900091,0,0,0
124900092,0,0,0
124900093,0,0,0
124900094,0,0,0
124900095,0,0,0
124900096,0,0,0
124900097,0,0,0
124900098,0,0,0
124900099,0,0,0
124900100,0,0,0
124900101,0,0,0
124900102,0,0,0
124900103,0,0,0
124900104,0,0,0
124900105,0,0,0
124900106,0,0,0
124900107,0,0,0
124900108,0,0,0
124900109,0,0,0
124900110,0,0,0
124900111,0,0,0
124900112,0,0,0
124900113,0,0,0
124900114,0,0,0
124900115,0,0,0
124900116,0,0,0
124900117,0,0,0
124900118,0,0,0
124900119,0,0,0
124900120,0,0,0
124900121,0,0,0
124900122,0,0,0
124900123,0,0,0
124900124,0,0,0
129000186,0,0,0
204000001,31,1,30
204000002,4,1,3
204000003,4,0,4
204000004,2,19,-17
204000005,495,338,157
204000006,1558,1187,371
204000011,0,0,0
204000012,0,0,0
204000013,0,0,0
204000019,532,295,237
204000020,126,75,51
204000021,214,70,144
204000022,660,348,312
204000023,0,0,0
204000031,6,38,-32
204000032,249,23,226
204000034,0,0,0
204000035,0,0,0
204000036,0,0,0
204000037,0,0,0
204000038,0,0,0
204000039,0,0,0
204000040,0,0,0
204000041,0,0,0
204000042,4,8,-4
204000043,7,1,6
204000044,3,0,3
204000045,3,0,3
204000046,1,0,1
204000057,0,0,0
204000062,0,0,0
204000068,0,0,0
204000069,0,0,0
204000070,293,260,33
204000080,0,0,0
204000085,0,0,0
204000086,0,0,0
204000087,0,0,0
204000088,0,0,0
204000090,0,0,0
204000093,360,13,347
204000096,396,297,99
204000097,113,6,107
204000099,788,442,346
204000100,766,384,382
204000105,0,0,0
204000110,0,0,0
204000111,0,0,0
204000112,0,0,0
204000113,0,0,0
204000114,112,257,-145
204000115,53,129,-76
204000116,101,53,48
204000119,1348,489,859
204000132,661,56,605
204000133,755,79,676
204000134,112,57,55
204000135,556,22,534
204000136,329,210,119
204000138,424,93,331
204000140,251,177,74
204000141,258,97,161
204000144,0,21,-21
204000145,48,4,44
204000146,0,0,0
204000147,0,0,0
204000148,220,7,213
204000154,0,3,-3
204000155,0,0,0
204000177,80,31,49
204000179,11,2,9
204000180,0,0,0
204000222,0,0,0
204000235,0,0,0
204000236,10,35,-25
204000238,6,15,-9
204000240,17,3,14
204000263,0,0,0
204000268,713,208,505
204000308,46,5,41
204000317,0,0,0
204000322,0,0,0
204000323,1,8,-7
204000328,159,43,116
204000329,0,0,0
204000330,94,8,86
204000331,0,0,0
204010341,13,2,11
205000001,0,0,0
205000013,0,0,0
205000014,0,0,0
205000015,0,0,0
205000016,0,0,0
205000017,0,0,0
205000022,0,0,0
205000025,0,0,0
205000029,66,17,49
205000045,0,0,0
205000046,0,0,0
205000047,0,0,0
205000048,0,0,0
205000049,0,0,0
205000050,0,0,0
205000059,0,0,0
205000060,0,0,0
205000061,0,0,0
205000062,0,0,0
205000063,0,0,0
205000064,0,0,0
205000065,0,0,0
205000066,0,0,0
205000067,0,0,0
205000069,0,0,0
205000082,161,58,103
205000110,0,0,0
205000111,0,0,0
205000112,156,133,23
205000113,0,0,0
205000121,188,91,97
205000123,0,0,0
205000126,791,143,648
205000127,1067,96,971
205000128,404,42,362
205000129,618,14,604
205000130,104,9,95
205000131,8,0,8
205000132,12,3,9
205000133,5,0,5
205000134,237,0,237
205000137,0,0,0
205000138,0,0,0
205000139,0,0,0
205000144,79,34,45
205000145,128,28,100
205000151,57,33,24
205000152,98,32,66
205000153,273,23,250
205000154,76,65,11
205000155,122,7,115
205000207,0,0,0
205000233,6,0,6
205000234,0,0,0
205000243,0,0,0
205000244,0,0,0
205000245,0,0,0
205000249,0,0,0
205000250,3,1,2
205000264,0,0,0
206000027,27,2,25
206000028,8,15,-7
206000043,0,0,0
206000053,0,0,0
206000054,0,0,0
206000055,0,0,0
206000075,0,0,0
206000076,0,0,0
206000077,0,0,0
206000078,0,0,0
206000079,0,0,0
206000082,184,8,176
206000100,0,0,0
206000103,0,0,0
206000104,0,0,0
206000105,0,0,0
206000106,0,0,0
206000108,295,129,166
206000125,140,0,140
206000157,0,0,0
206000170,0,0,0
206000171,0,0,0
206000172,0,0,0
206000173,0,0,0
206000174,0,0,0
206000175,0,0,0
206000176,0,0,0
206000177,0,0,0
206000178,0,0,0
206000179,0,0,0
206000180,0,0,0
206000181,0,0,0
206000182,0,0,0
206000183,0,0,0
206000184,0,0,0
206000185,0,0,0
206000186,0,0,0
206000223,0,0,0
206000226,0,1,-1
206000227,43,0,43
206000237,0,0,0
206000238,0,0,0
206000239,0,0,0
206000240,0,0,0
206000241,0,0,0
206000242,0,0,0
206000243,0,0,0
206000244,0,0,0
206000245,156,0,156
206000246,85,0,85
206000247,33,0,33
206000248,44,9,35
206000252,0,0,0
206000258,0,0,0
206000315,0,0,0
206000317,78,10,68
206000318,31,3,28
206000319,215,8,207
206000320,96,1,95
206000321,34,3,31
206000322,99,6,93
206000323,37,1,36
206000324,55,0,55
206000325,48,2,46
206000326,24,5,19
206000327,6,14,-8
206000328,156,0,156
206000329,37,0,37
206000330,18,1,17
206000331,45,2,43
206000332,4,0,4
206000333,268,0,268
206000334,69,1,68
206000335,0,0,0
206000361,0,0,0
206000392,0,0,0
206000405,136,1,135
206000441,63,77,-14
206000498,37,1,36
206000515,0,0,0
206000530,20,2,18
206000531,29,5,24
206000532,95,8,87
206000535,0,0,0
206000536,0,0,0
206000537,0,0,0
206000613,94,12,82
207000001,0,0,0
207000002,0,0,0
207000003,0,0,0
207000007,247,107,140
207000008,0,0,0
207000009,0,0,0
207000010,5,29,-24
207000012,84,124,-40
207000015,6,34,-28
207000019,215,14,201
207000021,394,59,335
207000022,269,27,242
207000023,230,13,217
207000024,4,11,-7
207000025,6,36,-30
207000026,0,0,0
207000027,0,0,0
207000028,0,0,0
207000029,0,0,0
207000033,254,214,40
207000034,69,35,34
207000039,183,36,147
207000040,279,8,271
207000041,80,5,75
207000042,320,50,270
207000043,141,61,80
207000051,0,0,0
207000052,0,0,0
207000053,0,0,0
207000054,0,0,0
207000055,0,0,0
207000056,0,0,0
207000057,0,0,0
207000058,0,0,0
207000059,0,0,0
207000060,0,0,0
207000061,44,282,-238
207000062,214,107,107
207000063,155,146,9
207000064,284,66,218
207000065,203,60,143
207000066,205,63,142
207000067,56,30,26
207000068,136,5,131
207000069,669,75,594
207000082,0,21,-21
207000083,0,23,-23
207000084,76,46,30
207000085,0,0,0
207000086,0,0,0
207000106,21,4,17
207000107,64,5,59
207000108,79,0,79
207000109,44,4,40
207000110,36,12,24
207000111,169,9,160
207000112,111,35,76
207000114,0,0,0
207000115,0,0,0
207000116,0,0,0
207000117,0,0,0
207000118,0,0,0
207000119,0,0,0
207000123,83,0,83
207000124,79,4,75
207000125,15,2,13
207000126,60,10,50
207000134,0,0,0
207000135,0,0,0
207000148,173,83,90
207000149,0,0,0
207000152,0,0,0
207000153,0,0,0
207000154,306,32,274
207000159,0,0,0
207000160,0,0,0
207000238,0,0,0
207000242,0,0,0
207000248,0,0,0
207000249,0,0,0
207000250,0,0,0
207000251,0,0,0
207000252,0,0,0
207000278,76,52,24
207000279,0,0,0
207000280,181,15,166
207000281,33,70,-37
207000282,0,6,-6
207000283,1,4,-3
207000284,0,0,0
207000285,0,4,-4
207000291,0,0,0
207000304,34,18,16
207000306,0,0,0
207000310,117,94,23
207000353,55,0,55
207000356,0,0,0
207000357,1,41,-40
207000358,0,11,-11
207000415,0,0,0
207000417,49,0,49
207000418,27,38,-11
207000438,0,0,0
207000439,578,127,451
207000446,93,0,93
207000460,0,0,0
207000466,0,0,0
207000467,161,13,148
207000468,0,0,0
207000476,0,0,0
207000477,0,0,0
207000478,0,0,0
207000523,0,0,0
207000524,3,1,2
207000527,364,51,313
207000530,247,0,247
207000531,161,2,159
207000532,76,17,59
207000534,244,13,231
207000535,0,0,0
207000537,0,0,0
207000540,0,0,0
207000541,0,0,0
207000548,0,0,0
207000549,103,16,87
207000561,128,36,92
207000562,0,0,0
207000567,0,0,0
207000568,0,0,0
207000569,0,0,0
207000584,0,0,0
207000585,49,76,-27
207000616,0,0,0
207000617,84,0,84
207900008,0,0,0
208000001,102,206,-104
208000002,162,111,51
208000003,191,163,28
208000004,230,133,97
208000005,0,0,0
208000019,274,155,119
208000020,263,156,107
208000021,0,0,0
208000022,0,0,0
208000028,0,0,0
208000033,0,0,0
208000034,0,0,0
208000037,122,0,122
208000040,40,60,-20
208000041,253,73,180
208000042,293,88,205
208000047,0,0,0
208000064,742,426,316
208000066,366,388,-22
208000070,52,50,2
208000071,160,49,111
208000072,73,78,-5
208000080,99,127,-28
208000081,84,26,58
208000082,0,0,0
208000083,0,0,0
208000084,1,4,-3
208000085,0,0,0
208000086,0,0,0
208000087,0,0,0
208000089,0,0,0
208000090,0,0,0
208000093,0,0,0
208000094,0,0,0
208000095,2,0,2
208000104,589,113,476
208000105,564,130,434
208000114,145,152,-7
208000115,220,90,130
208000116,235,256,-21
208000117,10,15,-5
208000118,33,8,25
208000155,0,0,0
208000158,0,0,0
208000186,535,452,83
208000204,0,0,0
208000205,0,0,0
208000282,0,0,0
209000004,17,18,-1
209000005,29,4,25
209000006,163,21,142
209000007,0,0,0
209000010,0,0,0
209000011,0,0,0
209000012,0,0,0
209000013,0,0,0
209000014,0,0,0
209000025,73,35,38
209000026,282,30,252
209000027,0,0,0
209000028,0,0,0
209000029,0,0,0
209000030,0,0,0
209000031,0,0,0
209000034,0,0,0
209000035,0,0,0
209000036,0,0,0
209000037,0,0,0
209000038,0,0,0
209000039,0,0,0
209000040,0,0,0
209000041,0,0,0
209000042,0,0,0
209000043,0,0,0
209000044,0,0,0
209000045,301,31,270
209000046,159,35,124
209000047,318,15,303
209000048,362,46,316
209000049,0,0,0
209000050,0,0,0
209000051,0,0,0
209000052,0,0,0
209000062,0,0,0
209000063,0,0,0
209000064,0,0,0
209000065,6,7,-1
209000066,7,4,3
209000067,26,6,20
209000080,0,0,0
209000082,8,0,8
209000091,0,0,0
209000093,0,0,0
209000094,0,0,0
209000110,23,20,3
209000111,122,66,56
209000112,161,30,131
209000113,174,49,125
209000114,26,9,17
209000115,0,0,0
209000116,0,0,0
209000118,3,7,-4
209000119,0,0,0
209000121,0,0,0
209000135,8,17,-9
209000142,134,31,103
209000143,0,0,0
209000144,0,0,0
209000229,102,6,96
209000240,0,0,0
209000259,0,0,0
209000260,0,0,0
209000261,0,0,0
209000262,0,0,0
209000263,0,0,0
209000264,0,0,0
209000265,49,2,47
209000266,6,1,5
209000267,240,3,237
209000268,561,0,561
210000037,16,0,16
210000047,61,1,60
210000048,41,0,41
210000049,4,1,3
210000052,0,0,0
210000053,0,0,0
210000054,0,0,0
210000070,19,0,19
210000071,58,0,58
210000072,31,0,31
210000073,0,0,0
210000074,0,0,0
210000075,0,0,0
210000076,0,0,0
210000077,0,0,0
210000078,0,0,0
210000079,2,2,0
210000080,47,6,41
210000081,46,2,44
210000082,22,0,22
210000083,49,0,49
210000084,87,0,87
210000085,0,0,0
210000086,0,0,0
210000099,0,0,0
210000100,0,0,0
210000101,0,0,0
210000105,0,0,0
210000159,0,0,0
210000163,0,0,0
210000164,51,15,36
210000168,20,0,20
210000187,0,0,0
210000188,0,0,0
210000214,22,0,22
210000219,33,1,32
210000220,40,0,40
210000232,0,0,0
210000233,0,0,0
210000234,0,0,0
210000235,0,0,0
210000245,0,0,0
210000246,42,0,42
210000258,0,0,0
210000259,102,1,101
210000282,0,0,0
210000285,0,0,0
210000286,0,0,0
210000290,0,1,-1
210000295,0,0,0
210000296,0,0,0
210000320,58,6,52
210000321,15,9,6
210000338,0,0,0
210000339,0,0,0
210000340,0,0,0
210000341,0,0,0
210000342,0,0,0
210000343,0,0,0
210000344,0,0,0
210000345,0,0,0
210000346,0,0,0
210000347,0,0,0
210000348,0,0,0
210000349,0,0,0
210000350,0,0,0
210000351,0,0,0
210000352,8,9,-1
210000353,55,13,42
210000354,25,21,4
210000355,19,10,9
210000356,7,9,-2
210000357,11,35,-24
210000358,18,11,7
210000359,45,16,29
210000360,125,40,85
210000361,86,55,31
210000362,79,50,29
210000363,274,113,161
210000364,64,50,14
210000365,77,16,61
210000366,120,3,117
210000367,74,2,72
210000368,64,2,62
210000369,4,7,-3
210000370,30,3,27
210000372,1,8,-7
210000373,4,1,3
210000374,118,2,116
210000375,11,9,2
210000376,31,15,16
210000404,0,0,0
210000439,19,1,18
210000472,7,0,7
210000482,24,11,13
210000564,298,49,249
210000567,0,0,0
210000568,15,0,15
211000092,0,0,0
211000094,0,0,0
211000169,0,0,0
211000172,0,0,0
211000209,0,0,0
211000226,23,1,22
211000270,0,0,0
211000275,0,0,0
211000276,0,0,0
211000279,0,0,0
211000281,0,0,0
211507980,0,0,0
211977296,0,0,0
212000003,79,2,77
212000004,0,0,0
212000005,0,0,0
212000006,0,0,0
212000008,0,0,0
212000009,0,0,0
212000012,0,0,0
212000013,0,0,0
212000014,0,0,0
212000015,0,0,0
212000016,0,0,0
212000027,363,66,297
212000028,165,130,35
212000029,180,171,9
212000030,6,19,-13
212000031,52,3,49
212000048,0,0,0
212000049,0,0,0
212000050,0,0,0
212000051,0,0,0
212000052,0,0,0
212000053,0,0,0
212000054,258,13,245
212000055,184,30,154
212000056,39,22,17
212000057,1,20,-19
212000058,1,8,-7
212000070,0,0,0
212000077,0,0,0
212000099,149,29,120
212000108,162,13,149
212000111,29,7,22
212000120,0,0,0
212000138,0,0,0
212000156,0,0,0
212000158,2,40,-38
212000159,388,55,333
212000160,304,36,268
212000161,4,4,0
212000310,0,0,0
212000311,1,24,-23
212000374,0,0,0
213000001,0,0,0
213000005,204,19,185
213000006,157,40,117
213000007,3,0,3
213000009,250,56,194
213000010,233,23,210
213000011,133,10,123
213000012,0,0,0
213000014,16,25,-9
213000015,163,0,163
213000016,99,0,99
213000017,18,0,18
213000018,0,0,0
213000019,0,0,0
213000020,0,0,0
213000021,0,0,0
213000023,903,40,863
213000033,0,0,0
213000034,410,34,376
213000035,156,32,124
213000045,0,0,0
213000046,0,0,0
213000047,0,0,0
213000056,186,8,178
213000069,12,3,9
213000073,0,0,0
213000074,0,0,0
213000075,279,0,279
213000076,1,0,1
213000085,0,0,0
213000086,0,0,0
213000091,276,1,275
213000092,5,0,5
213000099,0,0,0
213000100,406,83,323
213000101,356,6,350
213000102,335,3,332
213000103,296,5,291
213000104,0,0,0
213000105,0,0,0
213000106,0,0,0
213000107,0,0,0
213000108,0,0,0
213000109,0,0,0
213000110,0,0,0
213000111,0,0,0
213000112,0,0,0
213000115,4,0,4
213000116,0,0,0
213000117,0,0,0
213000118,101,211,-110
213000119,0,0,0
213000120,0,0,0
213000122,0,0,0
213000123,0,0,0
213000124,0,0,0
213000125,107,143,-36
213000126,0,0,0
213000127,0,0,0
213000128,0,0,0
213000129,242,106,136
213000130,390,50,340
213000132,262,35,227
213000133,443,100,343
213000134,326,0,326
213000136,161,3,158
213000137,450,7,443
213000139,70,1,69
213000147,3,0,3
213000148,2,0,2
213000149,1,0,1
213000150,0,0,0
213000151,0,0,0
213000152,0,0,0
213000153,0,0,0
213000154,0,0,0
213000155,0,0,0
213000156,0,0,0
213000157,0,0,0
213000158,0,0,0
213000159,406,51,355
213000163,285,97,188
213000165,421,48,373
213000171,0,0,0
213000172,0,0,0
213000173,0,0,0
213000174,0,0,0
213000175,0,0,0
213000176,308,60,248
213000177,170,6,164
213000178,417,1,416
213000179,129,1,128
213000180,206,1,205
213000184,0,0,0
213000188,112,6,106
213000189,165,2,163
213000190,177,4,173
213000191,126,0,126
213000192,62,0,62
213000193,0,0,0
213000194,0,0,0
213000195,0,0,0
213000196,0,0,0
213000197,496,57,439
213000198,1,0,1
213000200,0,0,0
213000201,0,0,0
213000202,0,0,0
213000203,845,90,755
213000204,642,19,623
213000205,324,14,310
213000206,554,9,545
213000207,7,10,-3
213000208,0,0,0
213000209,11,0,11
213000210,40,0,40
213000211,0,0,0
213000212,0,0,0
213000213,0,0,0
213000218,31,163,-132
213000219,261,26,235
213000220,189,28,161
213000223,12,53,-41
213000224,1,7,-6
213000225,39,2,37
213000226,54,4,50
213000227,593,19,574
213000228,314,4,310
213000229,18,1,17
213000230,160,1,159
213000232,0,0,0
213000233,0,0,0
213000234,0,0,0
213000293,0,0,0
213000294,21,1,20
213000295,0,0,0
213000296,11,4,7
213000297,0,0,0
213000298,0,0,0
213000299,7,3,4
213000300,0,3,-3
213000303,0,0,0
213000304,0,0,0
213000305,0,16,-16
213000306,0,0,0
213000307,3,4,-1
213000308,0,0,0
213000309,85,12,73
213000310,63,14,49
213000311,0,0,0
213000315,0,0,0
213000316,58,12,46
213000322,0,0,0
213000323,0,0,0
213000324,0,0,0
213000325,0,0,0
213000326,0,0,0
213000327,0,0,0
213000328,0,0,0
213000329,0,0,0
213000340,0,0,0
213000341,265,21,244
213000346,2,36,-34
213000347,115,38,77
213000348,0,0,0
213000349,0,0,0
213000350,0,0,0
213000366,0,0,0
213000367,96,0,96
213000379,0,0,0
213000386,0,0,0
213000406,0,0,0
213000417,456,150,306
213000425,0,0,0
213000426,0,0,0
213000427,0,0,0
213000428,0,0,0
213000429,0,0,0
213000430,0,0,0
213000431,0,0,0
213000432,0,0,0
213000433,0,0,0
213000434,0,0,0
213000435,0,0,0
213000436,0,0,0
213000437,0,0,0
213000438,0,0,0
213000439,0,0,0
213000440,0,0,0
213000441,0,0,0
213000442,0,0,0
213000443,0,0,0
213000444,0,0,0
213000445,0,0,0
213000446,0,0,0
213000447,0,0,0
213000448,0,0,0
213000449,0,0,0
213000450,0,0,0
213000451,0,0,0
213000452,0,0,0
213000453,0,0,0
213000455,30,0,30
213000456,0,0,0
213000481,7,0,7
213000482,2,0,2
213000489,29,2,27
213000491,0,0,0
213000492,48,0,48
213000493,0,0,0
213000494,195,14,181
213000495,0,0,0
213000496,614,98,516
213000497,0,0,0
213000498,0,0,0
213000499,0,0,0
213000500,219,1,218
213000501,34,4,30
213000502,23,5,18
213000503,0,0,0
213000504,0,0,0
213000505,75,0,75
213000506,0,0,0
213000507,0,0,0
213900016,0,0,0
213900244,74,0,74
213900245,0,0,0
218000003,0,0,0
218000004,0,0,0
218000005,3,21,-18
218000006,0,0,0
218000007,0,0,0
218000012,0,0,0
218000013,22,53,-31
218000014,54,50,4
218000019,0,0,0
218000020,0,0,0
218000021,0,0,0
218000022,0,0,0
218000023,0,0,0
218000024,0,0,0
218000025,0,0,0
218000026,0,0,0
218000027,0,0,0
218000028,0,0,0
218000029,0,0,0
218000030,0,0,0
218000031,0,0,0
218000032,0,0,0
218000040,1,0,1
218000046,2,24,-22
218000047,1,0,1
218000048,3,1,2
218000049,1,10,-9
218000050,37,10,27
218000051,1,13,-12
218000052,0,1,-1
218000053,0,1,-1
218000054,1,2,-1
218000055,0,0,0
218000056,0,9,-9
218000057,0,5,-5
218000064,0,1,-1
218000065,55,2,53
218000066,21,7,14
218000067,0,0,0
218000068,0,0,0
218000069,0,0,0
218000070,0,0,0
218000071,0,0,0
218000072,0,0,0
218000078,0,0,0
218000079,0,0,0
218000080,0,0,0
218000081,0,0,0
218000082,0,0,0
218000083,0,0,0
218000084,0,0,0
218000085,0,0,0
218000086,0,0,0
218000087,0,0,0
218000090,0,0,0
218000091,141,80,61
218000092,0,0,0
218000093,22,2,20
218000094,0,0,0
218000099,46,57,-11
218000100,45,29,16
218000101,8,8,0
218000102,102,8,94
218000103,15,6,9
218000104,40,0,40
218000105,0,0,0
218000106,0,0,0
218000107,0,0,0
218000108,0,0,0
218000112,0,0,0
218000117,37,16,21
218000134,0,0,0
218000135,0,0,0
218000136,0,0,0
218000137,0,0,0
218000138,0,0,0
218000139,0,0,0
218000140,0,0,0
218000141,0,0,0
218000142,0,0,0
218000143,0,0,0
218000144,0,0,0
218000145,0,0,0
218000146,0,0,0
218000151,1,17,-16
218000152,36,4,32
218000153,0,0,0
218000154,0,0,0
218000155,0,0,0
218000156,0,0,0
218000157,0,0,0
218000158,0,0,0
218000159,0,0,0
218000160,0,0,0
218000161,0,0,0
218000162,0,0,0
218000163,0,0,0
218000164,0,0,0
218000165,0,0,0
218000170,0,3,-3
218000171,49,2,47
218000172,1,8,-7
218000173,1,5,-4
218000174,17,3,14
218000176,139,3,136
218000177,352,44,308
218000178,132,37,95
218000179,398,30,368
218000180,52,1,51
218000181,107,16,91
218000187,0,0,0
218000188,0,0,0
218000189,0,0,0
218000190,0,0,0
218000191,0,0,0
218000192,0,0,0
218000193,0,0,0
218000194,0,0,0
218000195,0,0,0
218000196,0,0,0
218000197,0,0,0
218000198,0,0,0
218000199,0,0,0
218000200,1,0,1
218000201,1,0,1
218000202,0,0,0
218000207,0,0,0
218000208,0,0,0
218000211,0,0,0
218000212,0,0,0
218000213,9,3,6
218000214,0,0,0
218000215,3,2,1
218000217,1,5,-4
218000218,10,30,-20
218000219,0,17,-17
218000220,33,6,27
218000221,255,180,75
218000222,3,30,-27
218000223,25,148,-123
218000224,4,93,-89
218000225,130,50,80
218000226,176,31,145
218000230,0,0,0
218000232,0,0,0
218000239,27,0,27
218000240,0,0,0
218000241,0,0,0
218000242,0,0,0
218000243,0,0,0
218000244,0,0,0
218000245,0,0,0
218000246,0,0,0
218000247,0,0,0
218000248,0,0,0
218000249,0,0,0
218000250,0,0,0
218000251,0,0,0
218000252,0,0,0
218000253,0,0,0
218000254,0,0,0
218000255,0,0,0
218000256,0,0,0
218000267,0,0,0
218000268,0,0,0
218000269,0,0,0
218000270,0,0,0
218000271,0,0,0
218000273,71,15,56
218000274,32,10,22
218000275,0,0,0
218000276,0,0,0
218000278,0,0,0
218000279,0,0,0
218000280,0,0,0
218000281,0,0,0
218000282,42,9,33
218000284,87,46,41
218000301,0,0,0
218000302,0,0,0
218000303,0,0,0
218000316,20,31,-11
218000317,3,0,3
218000318,0,0,0
218000319,0,0,0
218000320,0,0,0
218000338,1,1,0
218000345,0,0,0
218000346,40,36,4
218000459,6,4,2
218000490,0,0,0
218000501,34,3,31
218000502,0,0,0
218000503,14,1,13
218000504,38,3,35
218000505,0,0,0
218000506,0,0,0
218000508,0,0,0
218000510,48,1,47
218000520,0,0,0
218000521,0,0,0
218000522,0,0,0
218000523,26,0,26
218000524,0,0,0
218000525,13,0,13
218000526,0,0,0
218000529,0,0,0
218000530,0,0,0
218000531,43,4,39
218000532,0,0,0
218000534,11,3,8
218000537,1,32,-31
218000538,0,0,0
218000540,0,0,0
218000543,0,0,0
218000544,0,0,0
218000545,0,0,0
218000546,0,0,0
218000547,0,0,0
218000548,0,0,0
218000549,190,4,186
218000550,0,0,0
218000551,0,0,0
218000552,86,5,81
218000553,0,0,0
218000554,0,0,0
218000555,0,3,-3
218000556,0,0,0
218000557,21,21,0
218000558,25,0,25
218000559,0,0,0
218000560,0,0,0
218000561,1,0,1
218000562,0,0,0
218000563,146,0,146
218000564,0,0,0
218000565,29,1,28
218000566,3,0,3
218000567,0,0,0
218000568,0,0,0
218000569,0,0,0
218000570,3,0,3
218000571,0,0,0
218000572,6,0,6
218000573,0,0,0
218000574,6,0,6
218000575,26,0,26
218000576,0,0,0
218000577,26,0,26
218000578,0,0,0
218000579,0,0,0
218000581,0,0,0
218000582,0,0,0
218000583,0,0,0
218000584,0,0,0
218000585,0,0,0
218000586,0,0,0
218000587,0,0,0
218000588,0,0,0
218000589,0,0,0
218000590,0,0,0
218000591,0,0,0
218000592,0,0,0
218000593,0,0,0
218000594,0,0,0
218000595,0,0,0
218000596,0,0,0
218000597,0,0,0
218000598,0,0,0
218000599,0,0,0
218000600,0,0,0
218000601,0,0,0
218000602,0,0,0
218000603,0,0,0
218000604,0,0,0
218000605,0,0,0
218000606,0,0,0
218000607,0,0,0
218000608,0,0,0
218000609,0,0,0
218000610,0,0,0
218000611,0,0,0
218000612,0,0,0
218000613,0,0,0
218000614,0,0,0
218000615,0,0,0
218000616,0,0,0
218000617,0,0,0
218000618,0,0,0
218000619,4,1,3
218000620,0,0,0
218000621,0,0,0
218000622,0,0,0
218000623,0,0,0
218000624,1,2,-1
218000625,0,0,0
218000626,0,0,0
218000628,35,24,11
218000631,1,1,0
218000632,0,0,0
218000633,0,0,0
218000634,0,0,0
218000635,0,2,-2
218000636,0,0,0
218000637,0,0,0
218000638,346,58,288
218000639,0,0,0
218000640,103,1,102
218000641,0,0,0
218000652,17,4,13
218000653,282,49,233
218000663,0,0,0
218000675,0,7,-7
218000676,0,0,0
218000677,0,0,0
218000680,0,0,0
218000681,64,9,55
218000691,0,0,0
218000693,165,28,137
218000703,0,0,0
218000718,0,0,0
218000719,24,22,2
218000720,0,0,0
218000721,0,0,0
218000725,0,0,0
218001214,0,0,0
218001258,37,0,37
218001329,65,13,52
218001330,0,0,0
218001351,0,2,-2
218001352,0,0,0
218001353,0,0,0
218001354,0,0,0
218001356,60,15,45
218001358,35,0,35
218001361,83,0,83
219000001,0,0,0
219000002,0,0,0
219000003,35,4,31
219000004,13,46,-33
219000017,0,0,0
219000020,111,0,111
219000022,61,0,61
219000023,41,0,41
219000029,0,0,0
219000034,9,24,-15
219000039,0,0,0
219000040,0,0,0
219000041,0,0,0
219000051,0,0,0
219000052,0,0,0
219000053,0,0,0
219000054,0,0,0
219000055,0,0,0
219000056,0,0,0
219000057,0,0,0
219000062,0,0,0
219000063,0,0,0
219000064,0,0,0
219000110,36,15,21
219000111,51,20,31
219000112,53,13,40
219000113,56,0,56
219000114,63,1,62
219000116,0,0,0
219000117,0,0,0
219000118,9,2,7
219000123,73,0,73
219000124,4,1,3
219000125,0,0,0
219000126,0,0,0
219000127,0,0,0
219000128,0,0,0
219000129,0,0,0
219000130,0,0,0
219000131,162,244,-82
219000133,0,2,-2
219000134,3,12,-9
219000135,3,5,-2
219000136,29,29,0
219000138,0,0,0
219000139,0,0,0
219000140,3,0,3
219000141,0,0,0
219000142,0,0,0
219000143,0,0,0
219000145,7,1,6
219000146,0,0,0
219000147,0,0,0
219000148,0,0,0
219000149,0,0,0
219000150,0,0,0
219000151,0,0,0
219000157,12,6,6
219000158,0,5,-5
219000161,0,0,0
219000163,24,16,8
219000166,6,21,-15
219000167,0,0,0
219000168,26,14,12
219000174,68,1,67
219000175,0,0,0
219000176,0,0,0
219000177,0,0,0
219000178,0,0,0
219000179,0,0,0
219000180,0,0,0
219000182,38,0,38
219000183,48,1,47
219000184,6,1,5
219000185,0,0,0
219000186,42,1,41
219000187,27,0,27
219000189,0,0,0
219000190,0,0,0
219000191,0,0,0
219000192,17,22,-5
219000193,0,0,0
219000195,0,0,0
219000196,0,0,0
219000198,0,0,0
219000199,0,0,0
219000200,0,0,0
219000201,0,0,0
219000203,0,0,0
219000204,0,0,0
219000205,0,0,0
219000207,0,0,0
219000209,0,0,0
219000210,0,0,0
219000213,0,0,0
219000239,0,0,0
219000240,0,0,0
219000241,0,0,0
219000242,0,0,0
219000243,0,0,0
219000244,0,0,0
219000245,0,0,0
219000246,6,32,-26
219000247,36,17,19
219000248,126,125,1
219000249,38,38,0
219000250,18,18,0
219000251,96,76,20
219000252,139,59,80
219000253,91,11,80
219000255,4,22,-18
219000256,29,7,22
219000257,67,0,67
219000262,0,0,0
219000263,0,0,0
219000267,0,0,0
219000268,0,0,0
219000269,0,0,0
219000270,0,0,0
219000271,0,0,0
219000278,0,0,0
219000279,0,0,0
219000283,0,0,0
219000295,0,0,0
219000296,0,0,0
219000297,0,0,0
219000298,0,0,0
219000299,152,6,146
219000300,0,0,0
219000301,0,0,0
219000302,0,0,0
219000307,0,0,0
219000308,0,0,0
219000311,64,5,59
219000312,45,11,34
219000313,74,1,73
219000314,0,0,0
219000315,133,4,129
219000316,136,1,135
219000317,49,2,47
219000320,0,0,0
219000321,0,0,0
219000323,0,0,0
219000325,0,0,0
219000326,0,0,0
219000327,0,0,0
219000328,0,0,0
219000329,0,0,0
219000330,0,0,0
219000331,0,0,0
219000332,20,0,20
219000333,0,0,0
219000335,0,0,0
219000337,5,0,5
219000338,9,0,9
219000344,0,0,0
219000345,0,0,0
219000346,0,0,0
219000348,0,0,0
219000349,0,0,0
219000350,0,0,0
219000351,0,0,0
219000352,4,27,-23
219000353,4,18,-14
219000354,2,25,-23
219000355,19,5,14
219000356,42,55,-13
219000363,94,19,75
219000364,173,4,169
219000365,14,0,14
219000366,108,4,104
219000368,48,30,18
219000370,50,54,-4
219000371,0,0,0
219000382,0,0,0
219000383,0,0,0
219000385,0,0,0
219000386,0,0,0
219000387,0,1,-1
219000390,0,0,0
219000391,0,0,0
219000397,0,0,0
219000398,0,0,0
219000401,0,0,0
219000402,0,0,0
219000403,0,0,0
219000404,0,0,0
219000407,0,0,0
219000409,13,36,-23
219000410,94,1,93
219000411,28,2,26
219000446,0,0,0
219000447,0,0,0
219000448,22,1,21
219000452,0,0,0
219000453,0,0,0
219000454,24,13,11
219000556,61,25,36
219000558,0,0,0
219000590,0,0,0
219000591,17,14,3
219000592,0,0,0
219000595,0,0,0
219000635,33,0,33
219000636,0,0,0
219000657,1,0,1
219000658,0,0,0
219000673,0,0,0
219000676,3,0,3
219000679,1,0,1
219000684,0,0,0
219000685,0,0,0
219000686,0,0,0
219000688,0,0,0
219000689,0,0,0
219000690,237,4,233
219000691,0,0,0
219000692,44,1,43
219000693,0,0,0
219000694,0,0,0
219000695,0,0,0
219000698,26,0,26
219000699,0,0,0
219000727,0,0,0
219000728,0,0,0
219000770,2,0,2
219000771,0,0,0
219000788,0,0,0
219001150,0,0,0
219001151,0,0,0
219001166,5,0,5
219001167,0,0,0
219001178,90,0,90
220000001,1,6,-5
220000002,0,0,0
220000003,0,0,0
220000004,0,0,0
220000005,0,0,0
220000006,0,0,0
220000007,0,0,0
220000008,0,0,0
220000009,0,0,0
220000010,3,0,3
220000011,0,10,-10
220000012,1,0,1
220000014,0,0,0
220000015,0,0,0
220000017,0,0,0
220000018,6,4,2
220000019,0,0,0
220000020,3,13,-10
220000021,0,0,0
220000022,0,0,0
220000023,1,0,1
220000024,4,2,2
220000025,12,14,-2
220000026,15,23,-8
220000027,1,9,-8
220000028,0,7,-7
220000029,0,0,0
220000030,0,0,0
220000031,18,38,-20
220000064,0,0,0
221000046,19,0,19
221000047,0,0,0
221000048,0,0,0
221000049,0,0,0
221000050,31,0,31
221000055,28,0,28
221000057,113,12,101
221000068,325,36,289
221000069,190,31,159
221000070,106,22,84
221000071,104,1,103
221000072,167,2,165
221000073,75,20,55
221000074,0,0,0
221000075,0,0,0
221000076,0,0,0
221000077,0,0,0
221000081,8,1,7
221000082,15,0,15
221000083,21,2,19
221000084,7,1,6
221000085,1,0,1
221000086,0,0,0
221000087,0,0,0
221000088,0,0,0
221000089,0,0,0
221000090,0,0,0
221000098,109,15,94
221000099,86,2,84
221000100,74,2,72
221000101,156,2,154
221000102,75,0,75
221000109,0,0,0
221000110,0,0,0
221000111,0,0,0
221000112,0,0,0
221000113,0,0,0
221000114,0,0,0
221000120,0,0,0
221000121,1,30,-29
221000122,1,9,-8
221000123,0,0,0
221000124,0,0,0
221000155,43,6,37
221000156,2,0,2
221000175,0,0,0
221000176,0,0,0
221000182,6,0,6
221000241,759,60,699
221000242,0,0,0
221000243,331,29,302
221000244,0,0,0
221000245,212,23,189
221000246,0,0,0
221000247,252,35,217
221000248,0,0,0
221000267,0,0,0
221000325,0,0,0
221000331,0,0,0
221000338,0,10,-10
221000378,106,10,96
221000381,0,0,0
222000282,0,0,0
222000296,0,0,0
222000568,88,5,83
222000569,94,15,79
222000570,55,2,53
222000571,221,8,213
222000577,0,0,0
222000578,0,0,0
222000579,0,0,0
222000580,0,0,0
222000599,0,0,0
222000600,0,0,0
222000601,0,0,0
222000603,0,0,0
222000604,0,0,0
222000605,0,0,0
222000606,0,0,0
222000607,0,0,0
222000608,0,0,0
222000609,0,0,0
222000616,53,0,53
222000617,0,1,-1
222000618,0,0,0
222000620,0,1,-1
222000621,32,1,31
222000623,249,0,249
222000624,261,0,261
222000625,224,2,222
222000636,17,0,17
222000686,0,0,0
222000687,4,2,2
222001066,157,0,157
222001067,66,0,66
222001068,51,0,51
222001069,16,0,16
222001082,0,0,0
222001083,0,0,0
222001084,0,0,0
222001085,0,0,0
222001111,0,0,0
222001112,55,12,43
222001313,1,0,1
222001314,0,0,0
222001464,0,2,-2
222001465,0,0,0
222001484,8,0,8
222001485,0,0,0
222001494,94,6,88
222001495,0,0,0
222001496,122,7,115
222001497,0,0,0
222001502,0,0,0
222001503,83,1,82
222001504,0,0,0
222001505,196,1,195
222001506,0,0,0
222001507,113,2,111
222001510,217,5,212
222001511,0,0,0
222001514,261,12,249
222001515,0,0,0
222001518,105,6,99
222001519,0,0,0
222001527,21,0,21
222001528,0,0,0
222001529,97,1,96
222001530,0,0,0
222001533,0,0,0
222001534,354,2,352
222001535,40,27,13
222001536,0,0,0
222001537,35,16,19
222001538,0,0,0
222001563,319,4,315
222001564,0,0,0
222001568,24,8,16
222001576,0,1,-1
222001579,0,0,0
222001583,0,0,0
222001584,30,0,30
222001596,0,0,0
222001597,194,43,151
222001626,0,0,0
222001650,0,16,-16
222001651,1,0,1
222001914,21,1,20
222001915,0,0,0
222001968,89,26,63
222001969,0,0,0
222001970,34,0,34
222001971,31,1,30
222001972,0,0,0
225000001,76,21,55
225000002,210,26,184
225000003,116,13,103
225000004,149,26,123
225000005,70,7,63
225000006,0,0,0
225000007,0,0,0
225000010,15,0,15
225000011,29,166,-137
225000012,78,87,-9
225000013,61,30,31
225000014,58,22,36
225000015,0,0,0
225000021,191,30,161
225000027,0,0,0
225000032,172,55,117
225000042,0,0,0
225000049,0,0,0
225000050,19,0,19
225000053,0,0,0
225000058,193,38,155
225000067,0,0,0
225000068,0,0,0
225000069,0,0,0
225000070,0,0,0
225000071,0,0,0
225000075,0,0,0
225000076,0,0,0
225000078,3,11,-8
225000085,2,17,-15
225000086,10,1,9
225000087,65,1,64
225000088,0,0,0
225000089,0,0,0
225000090,0,0,0
225000091,0,0,0
225000092,0,0,0
225000093,0,0,0
225000094,0,0,0
225000095,0,0,0
225000096,0,0,0
225000098,200,94,106
225000099,172,20,152
225000100,71,34,37
225000104,0,0,0
225000110,0,0,0
225000111,0,0,0
225000112,0,0,0
225000113,0,0,0
225000114,0,0,0
225000115,0,0,0
225000116,162,29,133
225000117,295,185,110
225000118,382,56,326
225000119,52,9,43
225000120,186,8,178
225000121,127,5,122
225000123,558,6,552
225000125,141,46,95
225000126,194,32,162
225000127,388,108,280
225000128,280,116,164
225000132,0,0,0
225000133,0,0,0
225000134,52,72,-20
225000135,15,0,15
225000136,51,0,51
225000137,13,0,13
225000138,234,0,234
225000143,0,0,0
225000144,0,0,0
225000145,83,46,37
225000146,0,0,0
225000147,0,0,0
225000148,0,0,0
225000149,0,0,0
225000151,0,0,0
225000155,0,0,0
225000156,0,0,0
225000157,0,0,0
225000158,0,0,0
225000171,0,0,0
225000180,11,5,6
225000181,0,0,0
225000182,31,1,30
225000185,0,0,0
225000187,0,0,0
225000191,22,0,22
225000194,0,0,0
225000208,0,0,0
225000209,53,9,44
225000210,0,0,0
225000217,0,0,0
225000218,36,0,36
225000223,0,0,0
225000224,3,0,3
225000225,0,0,0
225000226,344,8,336
225000227,0,0,0
225000228,16,7,9
225000229,0,0,0
225000230,1,0,1
225000231,0,0,0
225000232,60,0,60
225000241,72,0,72
225000242,0,0,0
225000249,26,1,25
225000250,0,0,0
225000251,0,0,0
225000254,0,0,0
225000256,0,0,0
225000257,0,0,0
226000042,0,0,0
226000043,0,0,0
226000044,0,0,0
226000045,0,0,0
226000046,124,28,96
226000047,79,3,76
226000048,178,4,174
226000049,67,45,22
226000070,0,0,0
226000071,0,0,0
226000072,0,0,0
226000073,0,0,0
226000074,0,0,0
226000084,0,0,0
226000085,0,0,0
226000086,0,0,0
226000087,0,0,0
226000088,0,0,0
226000090,1,11,-10
226000091,2,3,-1
226000092,0,0,0
226000093,0,0,0
226000094,0,2,-2
226000095,4,17,-13
226000105,1,0,1
226000106,7,1,6
226000107,0,0,0
226000108,0,0,0
226000109,11,0,11
226000124,41,40,1
226000134,104,61,43
226000135,138,27,111
226000136,9,18,-9
226000137,0,0,0
226000138,0,0,0
226000139,0,0,0
226000156,68,0,68
226000157,109,2,107
226000163,0,0,0
226000202,0,0,0
226000231,120,1,119
226000232,2,0,2
227000033,117,4,113
227000036,154,1,153
227000037,93,0,93
227000038,40,2,38
227000084,0,0,0
227000085,0,0,0
227000088,8,0,8
227000089,2,0,2
227000090,1,0,1
227000091,0,0,0
227000092,1,0,1
227000093,2,0,2
227000094,0,0,0
227000130,0,0,0
227000131,0,0,0
227000132,0,0,0
227000133,0,0,0
227000134,0,0,0
227000152,0,0,0
227000153,0,0,0
227000154,0,0,0
227000155,0,0,0
227000156,0,0,0
227000165,0,0,0
227000196,46,2,44
227000199,150,1,149
227000230,0,0,0
227000232,52,4,48
227000242,0,0,0
227000243,145,2,143
227000245,0,0,0
227000246,0,0,0
227000247,142,2,140
227000248,8,0,8
227000249,0,0,0
227000250,9,55,-46
227000251,0,0,0
227000252,0,0,0
227000253,88,1,87
227000262,241,3,238
227000266,252,1,251
227000267,0,0,0
227000282,0,0,0
227000284,156,3,153
227000286,0,0,0
227000287,0,0,0
227000291,0,0,0
227000296,11,1,10
227000484,204,0,204
227000485,0,0,0
227000655,31,0,31
227000656,109,6,103
227000657,7,1,6
227000661,43,1,42
229000265,16,0,16
229000296,0,0,0
229000297,0,0,0
229000298,0,0,0
229000320,1,0,1
229000321,0,0,0
229000412,0,0,0
229000414,0,0,0
229000415,0,0,0
229000416,0,0,0
229000417,0,0,0
229000419,0,2,-2
229000440,69,2,67
229000442,3,1,2
229000443,0,0,0
229000444,0,1,-1
229000445,3,0,3
229000446,23,4,19
229000491,0,0,0
229000492,0,0,0
229000493,0,0,0
229000494,0,0,0
229000495,0,0,0
229000496,0,0,0
229000507,0,0,0
229000508,0,0,0
229000509,0,0,0
229000510,0,0,0
229000511,0,0,0
229000512,0,0,0
229000513,0,0,0
229000514,0,0,0
229000517,0,0,0
229000518,0,0,0
229000519,0,0,0
229000520,0,0,0
229000521,0,0,0
229000522,0,0,0
229000523,0,0,0
229000524,0,0,0
229000527,0,0,0
229000528,0,0,0
229000529,0,0,0
229000530,0,0,0
229000531,0,0,0
229000532,0,0,0
229000533,16,2,14
229000534,10,6,4
229000564,47,10,37
229000565,17,1,16
229000566,0,0,0
229000567,0,0,0
229000582,32,15,17
229000583,1,11,-10
229000584,0,0,0
229000585,0,0,0
229000718,0,0,0
229000719,0,0,0
229000720,0,0,0
229000721,0,0,0
229000722,0,0,0
229000723,0,0,0
229000724,0,0,0
229000725,0,0,0
229000738,2,0,2
229000739,0,0,0
229000740,1,0,1
229000741,50,0,50
229000742,44,0,44
229000743,13,0,13
229000744,0,0,0
229000745,0,0,0
229000746,29,0,29
229000847,0,0,0
229000848,0,0,0
229000849,0,0,0
229000851,0,0,0
229000854,0,0,0
229000856,0,0,0
229000857,0,0,0
229000858,0,0,0
229000919,0,0,0
229000930,0,0,0
229000937,110,4,106
229000966,12,3,9
229000981,0,0,0
229000985,0,0,0
229000986,0,0,0
229000987,0,0,0
229000988,0,0,0
229000989,0,1,-1
229000990,0,0,0
229000991,0,0,0
229000992,19,0,19
229000993,20,1,19
229000998,0,0,0
229000999,1,0,1
229001034,0,0,0
229001035,2,0,2
229001037,10,0,10
229001042,1,1,0
229001047,0,0,0
229001050,26,0,26
229001168,0,0,0
229001200,2,1,1
229001338,0,0,0
229001394,121,1,120
229001422,93,9,84
229001423,0,0,0
229001431,56,4,52
229001432,0,0,0
229001444,58,4,54
229001445,0,0,0
229001479,0,0,0
229001503,126,12,114
229001504,0,0,0
229001505,111,4,107
229001506,0,0,0
229001509,3,0,3
229001545,41,1,40
229001546,0,0,0
229001553,36,0,36
229001554,0,0,0
229001630,0,1,-1
229001631,0,0,0
229001635,0,0,0
229001636,0,0,0
229001658,0,0,0
229001659,59,0,59
229001660,1,1,0
229001661,0,1,-1
229001662,10,0,10
229001663,0,1,-1
229002584,16,2,14
229002831,3,0,3
229002841,0,0,0
229002842,1,1,0
229002843,3,1,2
229002844,1,0,1
229002845,0,0,0
229002846,2,0,2
229002847,0,0,0
229002848,0,0,0
229002849,0,1,-1
229002850,21,0,21
229002851,0,0,0
229002852,7,3,4
229002853,11,0,11
229002854,0,0,0
229002855,0,0,0
229002856,5,1,4
229002857,0,0,0
229002858,0,0,0
229002859,0,0,0
229002860,1,0,1
229002861,4,0,4
229002862,0,0,0
229002863,0,0,0
229002864,2,2,0
229002865,0,0,0
229002866,2,0,2
229002867,0,0,0
229002868,8,0,8
229002869,0,0,0
229002870,2,0,2
235000066,246,1,245
235000067,93,8,85
235000072,0,0,0
235000073,0,0,0
235000074,0,0,0
235000080,0,0,0
235000081,0,0,0
235000082,91,9,82
235000083,118,3,115
235000084,15,11,4
235000085,283,4,279
235000089,40,0,40
235000092,0,0,0
235000093,0,0,0
235000097,0,0,0
235000098,109,2,107
235000099,17,5,12
235000116,9,0,9
235000117,106,0,106
235000133,0,0,0
235000134,0,0,0
235000206,0,5,-5
235000207,1,0,1
235000208,0,0,0
235000209,0,0,0
235000210,0,0,0
235000212,0,0,0
235000213,0,0,0
235000220,0,0,0
235000221,0,0,0
235000238,7,142,-135
235000239,0,0,0
235000242,32,371,-339
235000245,0,0,0
235000246,0,0,0
235000284,0,0,0
235000295,36,0,36
235000305,69,22,47
235000306,60,1,59
235000307,22,0,22
235000308,0,0,0
235000309,4,0,4
235000310,0,0,0
235000311,4,0,4
235000322,0,0,0
235000323,0,0,0
235000324,0,0,0
235000325,0,0,0
235000326,0,0,0
235000351,0,0,0
235000352,0,0,0
235000353,0,0,0
235000354,0,0,0
235000355,0,0,0
235000356,4,0,4
235000357,13,0,13
235000358,4,3,1
235000359,0,0,0
235000360,5,0,5
235000361,7,1,6
235000381,0,0,0
235000382,44,5,39
235000390,0,0,0
235000391,145,2,143
235000392,201,23,178
235000393,98,35,63
235000395,84,4,80
235000396,367,11,356
235000400,10,3,7
235000401,0,0,0
235000405,0,0,0
235000406,0,0,0
235000407,0,0,0
235000409,0,0,0
235000410,0,0,0
235000411,0,0,0
235000485,0,0,0
235000486,43,0,43
235000549,75,10,65
235000550,0,0,0
235000599,0,0,0
235000600,0,0,0
235000601,6,0,6
235000602,50,0,50
235000614,0,0,0
235000648,0,0,0
235000649,62,1,61
235000685,0,0,0
235000815,0,0,0
235000834,0,0,0
235000855,36,8,28
235000862,0,0,0
235000891,0,0,0
235000892,3,0,3
235000901,0,0,0
235000907,0,0,0
235001010,60,1,59
235001029,0,0,0
235001030,248,11,237
235001078,92,14,78
235001079,0,0,0
235001147,10,6,4
235001166,8,2,6
235001167,0,0,0
235001169,0,0,0
235001188,0,0,0
235001189,0,0,0
235001197,0,0,0
235001200,0,0,0
235001207,76,4,72
235001210,0,0,0
235001215,0,0,0
235001239,0,0,0
235001244,0,0,0
235016267,0,0,0
277101746,0,0,0
277102712,0,0,0
277103813,0,0,0
277103814,0,0,0
277103898,0,0,0
277104249,0,0,0
277104250,0,0,0
277104251,0,0,0
277104252,0,0,0
990011530,0,0,0
990014944,0,0,0
990015176,1,0,1
990015618,0,0,0
990016032,0,0,0
990032570,0,1,-1
990070001,32,2,30
990070103,0,0,0
990070601,0,0,0
990070751,0,0,0
990070766,0,0,0
990071180,411,1,410
990071343,3,0,3
990071387,0,0,0
990071823,81,0,81
990072600,0,0,0
990072964,0,0,0
990073285,0,0,0
990074393,0,0,0
990074870,358,1,357
990075106,206,0,206
990075746,167,2,165
990076437,1384,49,1335
990076458,0,0,0
997000007,111,1,110
997000041,0,0,0
997000058,43,0,43
997000062,74,0,74
997000069,0,0,0
997000070,0,0,0
997000100,0,0,0
997000141,0,0,0
997000198,0,0,0
998000475,0,0,0
998000736,0,0,0
998000965,0,0,0
998001031,0,0,0
998001700,0,0,0
998001899,0,0,0
998001900,77,146,-69
998003073,373,20,353
998101900,2,29,-27
998102850,0,0,0
998501927,203,0,203
998501929,459,7,452
998501930,51,1,50
998501931,168,5,163
998501932,2,0,2
998501933,328,1,327
998501937,11,1,10
998501944,3,0,3
998501970,27,0,27
998501971,0,163,-163
998501973,0,0,0
998501974,0,0,0
998501975,36,0,36
998501976,41,0,41
998501977,0,3,-3
998501978,0,0,0
998501979,0,0,0
998501980,35,0,35
998501981,89,0,89
998501982,0,0,0
998502006,0,0,0
998502024,0,0,0
998502032,0,4,-4
998502062,39,10,29
998502063,0,0,0
998502173,1,0,1
998502269,0,0,0
998601159,0,0,0
998601292,0,0,0
999033574,0,0,0
999800001,34,0,34
999800002,0,0,0
999800003,10,0,10
999800004,0,0,0
999800005,0,0,0
