ID,insum,outsum,diff
100000001,694,1173,-479
100000002,4503,3913,590
100000003,7733,6253,1480
100000004,1483,1365,118
100000005,3078,5943,-2865
100000006,560,204,356
100000007,2257,997,1260
100000008,237,723,-486
100000009,772,707,65
100000010,125,94,31
100000011,1722,193,1529
100000012,138,1496,-1358
100000013,171,384,-213
100000014,658,357,301
100000015,2198,3126,-928
100000016,1243,1889,-646
100000017,771,1134,-363
100000018,2081,768,1313
100000019,5577,2602,2975
100000020,3082,8992,-5910
100000021,7341,3004,4337
100000022,2340,3547,-1207
100000023,6363,2035,4328
100000025,1793,1641,152
100000028,2297,1536,761
100000029,326,424,-98
100000030,304,85,219
100000031,4946,7265,-2319
100000032,3160,4915,-1755
100000033,1094,3367,-2273
100000034,469,644,-175
100000035,2446,2196,250
100000036,2787,1800,987
100000037,1017,537,480
100000038,2624,1234,1390
100000039,1096,709,387
100000040,335,271,64
100000041,1638,637,1001
100000042,1405,687,718
100000043,1382,674,708
100000044,452,995,-543
100000045,583,1477,-894
100000046,1351,1137,214
100000047,530,740,-210
100000048,1108,730,378
100000049,1964,1964,0
100000051,702,1014,-312
100000053,328,8,320
100000054,770,60,710
100000055,1789,316,1473
100000056,706,624,82
100000057,2338,928,1410
100000058,1327,1218,109
100000059,22,181,-159
100000060,452,405,47
100000061,2513,720,1793
100000062,2200,782,1418
100000063,941,332,609
100000064,1755,395,1360
100000065,555,940,-385
100000066,218,716,-498
100000067,511,861,-350
100000068,587,1900,-1313
100000069,355,1529,-1174
100000072,282,995,-713
100000073,1444,1312,132
100000075,775,328,447
100000076,2968,3637,-669
100000077,286,259,27
100000078,51,57,-6
100000079,59,84,-25
100000080,32,70,-38
100000081,237,271,-34
100000102,3294,2802,492
100000103,3683,2676,1007
100000104,6246,3900,2346
100000105,3177,2050,1127
100000106,3404,3023,381
100000107,1001,1351,-350
100000108,922,1679,-757
100000109,2886,1648,1238
100000116,1694,1451,243
100000117,97,174,-77
100000118,1802,1796,6
100000119,724,1164,-440
100000121,559,580,-21
100000122,972,1417,-445
100000123,4495,5215,-720
100000124,5690,7588,-1898
100000125,4398,2167,2231
100000126,909,590,319
100000127,2073,606,1467
100000128,2117,3635,-1518
100000129,782,583,199
100000130,552,633,-81
100000131,2923,3435,-512
100000132,1489,3770,-2281
100000133,5614,2639,2975
100000135,777,1525,-748
100000139,572,505,67
100000140,569,469,100
100000142,579,621,-42
100000143,2075,741,1334
100000144,4317,1051,3266
100000147,1463,3558,-2095
100000150,49,471,-422
100000151,1701,1522,179
100000153,291,514,-223
100000154,71,267,-196
100000155,23,59,-36
100000156,679,548,131
100000157,200,180,20
100000158,405,130,275
100000159,307,730,-423
100000165,1846,1037,809
100000169,407,664,-257
100000174,814,703,111
100000179,123,686,-563
100000180,6987,6750,237
100000181,870,426,444
100000188,120,428,-308
100000189,1895,594,1301
100000190,1047,1324,-277
100000191,869,843,26
100000192,64,173,-109
100000193,385,218,167
100000330,1428,977,451
100000355,293,935,-642
100000362,5091,3624,1467
100000363,4826,5254,-428
100000364,340,365,-25
100000365,6878,9052,-2174
100000366,7482,4027,3455
100000367,6855,8059,-1204
100000368,2976,1802,1174
100000369,1875,2714,-839
100000370,353,1158,-805
100000376,124,179,-55
100000379,2613,1962,651
100000380,4871,5004,-133
100000384,6260,6014,246
100000385,4948,5491,-543
100000386,9231,5641,3590
100000387,6184,7500,-1316
100000388,8188,7641,547
100000389,9254,8083,1171
100000390,9738,7803,1935
100000391,8028,10018,-1990
100000392,4682,5116,-434
100000393,4118,6497,-2379
100000394,9704,10769,-1065
100000395,7599,5387,2212
100000396,9902,5174,4728
100000397,7279,9331,-2052
100000398,13302,10253,3049
100900002,15,45,-30
100900003,497,237,260
100900004,58,1431,-1373
100900005,156,27,129
100900006,32,110,-78
100900007,730,42,688
100900008,6,450,-444
100900009,159,218,-59
100900010,112,66,46
100900011,115,189,-74
100900012,6,183,-177
100900013,1787,10,1777
100900014,3,23,-20
100900015,125,93,32
100900016,6,39,-33
100900017,823,90,733
100900018,0,17,-17
100900019,40,246,-206
100900020,341,6,335
100900021,507,4,503
100900022,45,39,6
100900023,0,43,-43
100900024,1102,6,1096
100900025,68,17,51
100900026,126,112,14
100900027,751,3013,-2262
100900028,150,305,-155
100900029,49,9,40
100900030,2,129,-127
100900031,696,61,635
100900032,284,1,283
100900033,337,349,-12
100900034,552,5,547
100900035,743,2,741
100900036,36,1,35
100900037,104,176,-72
100900038,134,48,86
100900039,422,706,-284
100900040,441,629,-188
100900041,875,691,184
100900042,1778,1761,17
100900043,1,29,-28
100900044,2240,706,1534
100900045,34,1,33
100900046,1594,25,1569
100900047,1044,285,759
100900048,294,62,232
100900049,181,166,15
100900050,2,16,-14
100900051,67,219,-152
100900052,657,92,565
100900053,442,34,408
100900054,6,59,-53
100900055,484,838,-354
100900056,253,458,-205
100900057,1567,1281,286
100900058,328,105,223
100900059,128,22,106
100900060,281,16,265
100900061,353,331,22
100900062,15,60,-45
100900063,239,807,-568
100900064,841,22,819
100900065,112,106,6
100900066,222,227,-5
100900067,13,13,0
100900068,152,98,54
100900069,575,8,567
100900070,478,5,473
100900071,907,339,568
100900072,4,43,-39
100900073,165,397,-232
100900074,2,7,-5
100900075,2069,399,1670
100900076,51,45,6
100900077,43,92,-49
100900078,194,479,-285
100900079,5,31,-26
100900080,37,262,-225
100900081,52,178,-126
100900082,176,514,-338
100900083,20,52,-32
100900085,35,408,-373
100900086,190,1083,-893
100900088,136,491,-355
100900089,6,11,-5
100900090,219,566,-347
100900091,8,29,-21
100900092,343,262,81
100900093,258,548,-290
100900094,201,445,-244
100900095,3,41,-38
100900096,80,122,-42
100900097,0,4,-4
100900098,24,19,5
100900099,48,576,-528
100900100,29,761,-732
100900101,302,81,221
100900102,54,210,-156
100900103,13,29,-16
100900104,6,202,-196
100900105,47,725,-678
100900106,30,2,28
100900107,2227,1031,1196
100900108,9,79,-70
100900109,22,44,-22
100900110,10,28,-18
100900111,59,195,-136
100900112,18,26,-8
100900113,23,48,-25
100900114,17,21,-4
100900115,5,46,-41
100900116,1225,829,396
100900117,407,1101,-694
100900118,23,51,-28
100900119,17,13,4
100900120,7,9,-2
100900121,548,714,-166
100900122,282,217,65
100900123,105,185,-80
100900124,15,15,0
100900125,26,90,-64
100900126,181,226,-45
100900127,5,15,-10
100900128,159,228,-69
100900129,0,254,-254
100900131,100,318,-218
100900133,60,41,19
100900134,0,9,-9
100900135,1,288,-287
100900137,358,228,130
100900138,620,666,-46
100900139,28,8,20
100900140,5,452,-447
100900141,10,663,-653
100900142,2,14,-12
100900143,1129,573,556
100900144,33,9,24
100900145,309,255,54
100900146,9,91,-82
100900147,44,776,-732
100900148,25,568,-543
100900149,66,291,-225
100900150,6,44,-38
100900151,175,627,-452
100900152,772,10,762
100900153,12,252,-240
100900154,15,111,-96
100900155,24,39,-15
100900156,132,3,129
100900157,23,299,-276
100900159,5,57,-52
100900160,26,10,16
100900161,121,11,110
100900162,41,734,-693
100900163,191,179,12
100900164,58,65,-7
100900165,7,25,-18
100900166,27,9,18
100900167,36,87,-51
100900168,60,254,-194
100900169,143,1271,-1128
100900170,85,15,70
100900171,25,573,-548
100900172,0,34,-34
100900173,13,391,-378
100900174,531,90,441
100900176,1955,247,1708
100900177,647,319,328
100900178,281,187,94
100900179,348,582,-234
100900180,6,9,-3
100900181,116,97,19
100900182,136,33,103
100900184,12,237,-225
100900186,811,513,298
100900187,15,88,-73
100900188,46,10,36
100900189,2329,284,2045
100900191,1211,1221,-10
100900192,366,502,-136
100900195,132,189,-57
100900197,75,87,-12
100900198,40,196,-156
100900199,8,13,-5
100900200,847,453,394
100900201,139,799,-660
100900202,121,2,119
100900203,0,309,-309
100900204,1152,2223,-1071
100900205,235,673,-438
100900206,212,150,62
100900207,314,257,57
100900210,143,445,-302
100900211,936,226,710
100900213,311,98,213
100900214,829,154,675
100900215,14,70,-56
100900217,143,129,14
101000001,5011,2969,2042
101000002,7006,8582,-1576
101000003,635,2102,-1467
101000004,8994,7592,1402
101000005,4808,5730,-922
101000006,6911,7946,-1035
101000007,3332,5383,-2051
101000008,3575,3288,287
101000009,2259,1507,752
101000010,1097,1189,-92
101000011,1776,726,1050
101000012,1497,926,571
101000013,798,1431,-633
101000014,700,818,-118
101000015,1452,1307,145
101000016,432,670,-238
101000017,767,671,96
101000018,3698,3042,656
101000020,3156,1418,1738
101000021,1031,509,522
101000022,252,93,159
101000023,1722,842,880
101000025,265,426,-161
101000026,400,36,364
101000027,2437,3208,-771
101000028,1264,289,975
101000029,774,2983,-2209
101000030,2667,198,2469
101000031,1765,1364,401
101000032,12407,6863,5544
101000033,3096,4466,-1370
101000034,2838,2032,806
101000035,1235,721,514
101000036,2157,1232,925
101000037,3609,2223,1386
101000039,3003,3302,-299
101000040,3959,4114,-155
101000041,12876,10336,2540
101000042,875,1854,-979
101000043,9339,10211,-872
101000045,2632,1366,1266
101000046,5598,2587,3011
101000047,3919,6015,-2096
101000048,1194,987,207
101000049,1091,3416,-2325
101000050,3733,3970,-237
101000051,2901,3985,-1084
101000052,2213,1672,541
101000053,2000,2449,-449
101000054,3362,1848,1514
101000055,1895,1916,-21
101000056,79,131,-52
101000057,2729,1438,1291
101000058,1537,1538,-1
101000059,2681,2578,103
101000060,2218,790,1428
101000061,1099,1545,-446
101000062,1095,926,169
101000063,743,1170,-427
101000064,1306,1388,-82
101000065,586,606,-20
101000066,1320,1067,253
101000067,1651,1369,282
101000068,409,634,-225
101000069,498,185,313
101000070,1602,1532,70
101000071,2411,1136,1275
101000072,1251,4494,-3243
101000073,1222,1493,-271
101000074,8704,5332,3372
101000075,6839,7955,-1116
101000077,2018,1488,530
101000078,1295,2260,-965
101000079,1031,587,444
101000080,776,690,86
101000081,2354,1828,526
101000082,3792,3354,438
101000083,3204,2620,584
101000084,1471,1060,411
101000085,1976,1591,385
101000086,1293,1360,-67
101000087,1148,1129,19
101000088,1759,1461,298
101000089,1498,1771,-273
101000090,2259,1367,892
101000091,513,875,-362
101000092,1280,1135,145
101000093,1540,1031,509
101000094,1268,1238,30
101000095,548,738,-190
101000096,448,623,-175
101000097,679,618,61
101000098,532,673,-141
101000099,1461,1412,49
101000100,1291,1280,11
101000101,488,542,-54
101000102,1067,620,447
101000103,1103,691,412
101000104,382,718,-336
101000105,741,674,67
101000106,1260,1344,-84
101000107,321,417,-96
101000108,966,324,642
101000109,439,90,349
101000110,50,536,-486
101000111,195,434,-239
101000113,301,987,-686
101000114,12428,9860,2568
101000115,692,266,426
101000116,322,203,119
101000117,2468,514,1954
101000119,90,94,-4
101000120,184,72,112
101000121,96,63,33
101000122,156,167,-11
101000123,84,192,-108
101000124,826,375,451
101000125,308,524,-216
101000128,612,554,58
101000130,355,456,-101
101000131,969,670,299
101000132,824,1179,-355
101000135,45,58,-13
101000136,658,302,356
101000137,67,463,-396
101000141,1608,3854,-2246
101000147,920,477,443
101000148,1426,30,1396
101000149,378,567,-189
101000150,131,712,-581
101000151,261,58,203
101000152,486,381,105
101000153,604,315,289
101000154,297,1034,-737
101000155,351,155,196
101000156,72,367,-295
101000157,77,53,24
101000160,133,111,22
101000163,403,494,-91
101000164,396,346,50
101000165,391,424,-33
101000166,325,482,-157
101000168,1037,540,497
101000252,2355,1081,1274
101000254,595,150,445
101000258,58,13,45
101000261,212,66,146
101000262,1509,2775,-1266
101000263,601,2149,-1548
101000265,199,1213,-1014
101000266,588,547,41
101000269,41,18,23
101000290,1484,3223,-1739
101000293,76,113,-37
101000294,892,531,361
101000295,188,597,-409
101000301,916,604,312
101000304,2197,3864,-1667
101000305,3117,1667,1450
101900001,38,109,-71
101900002,0,21,-21
101900003,68,117,-49
101900004,5,76,-71
101900005,3589,2717,872
101900006,1448,78,1370
101900007,1031,338,693
101900008,79,411,-332
101900009,93,492,-399
101900010,969,698,271
101900011,286,1416,-1130
101900012,309,327,-18
101900013,997,226,771
101900017,17,216,-199
101900018,1615,297,1318
101900019,268,163,105
101900020,55,58,-3
101900021,4,73,-69
101900022,183,1157,-974
101900023,134,225,-91
101900026,144,40,104
101900027,21,144,-123
102000001,2956,5286,-2330
102000002,3103,1670,1433
102000003,4067,8724,-4657
102000004,7916,3647,4269
102000005,1618,2556,-938
102000006,1546,2163,-617
102000007,2276,5840,-3564
102000008,5682,1818,3864
102000009,7643,9032,-1389
102000010,6575,4174,2401
102000011,3610,3355,255
102000012,3875,3691,184
102000018,3318,2850,468
102000019,2685,1790,895
102000026,267,612,-345
102000029,499,390,109
102000030,197,519,-322
102000031,88,139,-51
102000032,558,357,201
102000033,361,422,-61
102000034,755,486,269
102000035,1813,766,1047
102000036,17,320,-303
102000037,202,67,135
102000038,291,450,-159
102000039,241,114,127
102000040,530,315,215
102000041,240,376,-136
102000042,312,384,-72
102000043,382,254,128
102000044,377,456,-79
102000045,821,1090,-269
102000046,1216,622,594
102000047,1117,1260,-143
102000048,477,860,-383
102000049,1305,854,451
102000050,1480,1517,-37
102000051,544,789,-245
102000052,1450,1060,390
102000053,1061,1083,-22
102000054,763,1303,-540
102000055,1384,681,703
102000056,1123,1280,-157
102000057,1936,748,1188
102000058,1636,1542,94
102000059,2089,1887,202
102000060,1750,1358,392
102000061,1941,2201,-260
102000062,2021,1422,599
102000063,1235,1538,-303
102000064,828,953,-125
102000065,84,222,-138
102000066,991,1061,-70
102000067,2323,3327,-1004
102000068,9964,3083,6881
102000069,120,2134,-2014
102000070,1924,80,1844
102000071,7562,10243,-2681
102000072,3466,4174,-708
102000073,1861,1582,279
102000074,1110,1486,-376
102000075,220,548,-328
102000076,289,672,-383
102000077,941,862,79
102000078,965,995,-30
102000079,233,327,-94
102000080,315,338,-23
102000081,609,970,-361
102000082,899,561,338
102000083,622,381,241
102000084,322,328,-6
102000085,2624,1225,1399
102000086,1538,1672,-134
102000087,1060,1851,-791
102000088,538,381,157
102000089,1438,414,1024
102000090,851,1600,-749
102000091,1888,909,979
102000092,561,1017,-456
102000093,707,1078,-371
102000094,1337,767,570
102000095,1337,1701,-364
102000096,1065,883,182
102000097,1088,1057,31
102000098,714,979,-265
102000099,1194,996,198
102000100,801,1402,-601
102000101,1311,856,455
102000102,359,1455,-1096
102000103,1337,507,830
102000104,761,381,380
102000105,326,538,-212
102000106,895,674,221
102000107,1433,493,940
102000108,793,209,584
102000109,509,592,-83
102000110,1136,1183,-47
102000111,18,248,-230
102000112,185,113,72
102000113,33,29,4
102000114,713,350,363
102000115,283,320,-37
102000116,365,416,-51
102000117,245,515,-270
102000118,1378,1389,-11
102000119,1708,773,935
102000120,224,614,-390
102000121,1115,765,350
102000122,852,1224,-372
102000123,1492,1436,56
102000124,1742,1369,373
102000125,1236,1120,116
102000126,1116,897,219
102000127,1431,764,667
102000128,867,1194,-327
102000129,1647,978,669
102000130,744,991,-247
102000131,2187,1012,1175
102000132,855,1422,-567
102000133,2144,1915,229
102000134,834,978,-144
102000135,1061,1069,-8
102000136,1535,648,887
102000137,1182,1425,-243
102000138,477,562,-85
102000139,371,750,-379
102000140,578,946,-368
102000141,1183,1510,-327
102000142,503,493,10
102000143,198,542,-344
102000144,303,460,-157
102000145,753,564,189
102000146,578,474,104
102000147,661,586,75
102000148,244,493,-249
102000149,193,442,-249
102000150,380,110,270
102000151,136,308,-172
102000152,200,125,75
102000153,1372,592,780
102000154,371,683,-312
102000155,113,426,-313
102000156,470,177,293
102000157,143,507,-364
102000158,668,755,-87
102000159,1054,588,466
102000161,4151,2370,1781
102000162,195,233,-38
102000163,128,654,-526
102000164,1288,1217,71
102000165,321,202,119
102000166,68,201,-133
102000167,314,273,41
102000168,418,163,255
102000169,161,492,-331
102000170,698,420,278
102000171,491,678,-187
102000172,529,773,-244
102000173,491,424,67
102000174,105,85,20
102000175,238,117,121
102000176,99,38,61
102000178,275,447,-172
102000179,421,271,150
102000180,938,507,431
102000181,792,592,200
102000182,689,587,102
102000183,1849,1722,127
102000184,1953,837,1116
102000185,2906,1363,1543
102000186,1292,1714,-422
102000187,1146,1526,-380
102000188,1382,1668,-286
102000189,2397,798,1599
102000190,936,2798,-1862
102000191,1621,588,1033
102000192,1100,1505,-405
102000193,74,166,-92
102000194,76,162,-86
102000195,506,491,15
102000196,292,423,-131
102000197,743,478,265
102000198,253,1007,-754
102000199,1211,409,802
102000200,345,1265,-920
102000201,1192,511,681
102000202,1,115,-114
102000203,412,233,179
102000204,512,696,-184
102000205,1211,427,784
102000206,750,680,70
102000207,766,509,257
102000208,424,536,-112
102000209,81,83,-2
102000210,456,428,28
102000211,583,292,291
102000212,349,12,337
102000213,3,310,-307
102000214,277,13,264
102000215,11,390,-379
102000216,67,79,-12
102000217,11,170,-159
102000218,277,195,82
102000219,398,304,94
102000225,638,668,-30
102000226,6555,2231,4324
102000227,163,1,162
102000228,0,95,-95
102000229,71,79,-8
102000230,306,428,-122
102000231,463,461,2
102000232,36,185,-149
102000233,480,844,-364
102000234,167,1313,-1146
102000236,467,98,369
102000237,464,197,267
102000238,152,308,-156
102000240,573,705,-132
102000241,353,166,187
102000243,46,62,-16
102000245,58,188,-130
102000246,20,70,-50
102000247,1276,1640,-364
102000248,851,1630,-779
102000249,167,189,-22
102000250,110,407,-297
102000254,125,301,-176
102000266,101,651,-550
102000271,25,0,25
102000286,455,506,-51
102000297,2016,1056,960
102000299,0,0,0
102000301,0,1,-1
102000303,0,0,0
102000305,0,0,0
102000307,0,4,-4
102000308,0,6,-6
102900001,1453,945,508
102900002,454,77,377
102900003,70,208,-138
102900005,402,331,71
102900006,579,207,372
102900007,599,32,567
102900008,242,55,187
102900009,660,451,209
102900010,531,1063,-532
102900011,1916,432,1484
102900012,528,96,432
102900013,43,74,-31
102900015,833,564,269
102900016,62,122,-60
102900017,229,596,-367
102900018,60,112,-52
102900019,487,563,-76
102900020,141,26,115
102900021,37,94,-57
102900022,543,181,362
102900023,51,48,3
102900024,52,32,20
102900025,283,144,139
102900026,422,2061,-1639
102900027,111,54,57
102900028,202,858,-656
102900029,281,286,-5
102900030,457,311,146
102900031,244,149,95
102900032,152,145,7
102900033,171,210,-39
102900034,638,117,521
102900035,141,388,-247
102900036,454,577,-123
102900037,271,545,-274
102900038,545,511,34
102900039,61,712,-651
102900040,162,332,-170
102900041,99,176,-77
102900042,212,293,-81
102900043,230,259,-29
102900044,789,1989,-1200
102900045,258,561,-303
102900046,206,278,-72
102900047,127,690,-563
102900048,739,540,199
102900049,184,430,-246
102900050,268,286,-18
102900051,264,220,44
102900052,67,88,-21
102900053,545,660,-115
102900054,976,1531,-555
102900055,182,262,-80
102900056,173,418,-245
102900057,7,83,-76
102900058,433,75,358
102900059,23,47,-24
102900060,163,548,-385
102900061,208,403,-195
102900062,311,886,-575
102900063,1332,417,915
102900064,213,473,-260
102900065,1387,690,697
102900066,364,25,339
102900068,123,74,49
102900070,396,748,-352
102900072,8,41,-33
102900073,122,9,113
102900075,19,85,-66
102900076,213,215,-2
102900077,98,50,48
102900078,64,98,-34
102900079,245,8,237
102900080,363,53,310
102900081,131,351,-220
102900082,23,261,-238
102900083,239,39,200
102900084,12,33,-21
102900085,405,184,221
102900086,30,85,-55
102900087,200,141,59
102900088,55,37,18
102900089,275,147,128
102900090,1,348,-347
102900091,172,6,166
102900092,432,678,-246
102900093,396,309,87
102900094,1,163,-162
102900095,163,1,162
102900096,40,16,24
102900097,177,306,-129
103000001,2758,2574,184
103000002,2379,2670,-291
103000003,3902,3287,615
103000004,1071,847,224
103000005,1998,3103,-1105
103000006,792,1483,-691
103000007,499,819,-320
103000008,982,806,176
103000009,1314,1165,149
103000010,180,89,91
103000011,1841,1570,271
103000012,1642,1638,4
103000013,4557,2308,2249
103000014,1788,2943,-1155
103000015,1849,784,1065
103000016,575,1542,-967
103000017,254,440,-186
103000018,911,417,494
103000019,390,354,36
103000020,2489,1541,948
103000021,2101,1946,155
103000022,784,1060,-276
103000023,655,1772,-1117
103000024,118,148,-30
103000025,136,723,-587
103000026,1076,163,913
103000027,383,730,-347
103000028,495,414,81
103000029,368,366,2
103000030,1872,1341,531
103000031,1775,2127,-352
103000032,2589,1925,664
103000033,3480,3104,376
103000034,1755,1280,475
103000035,523,1435,-912
103000036,451,612,-161
103000037,753,663,90
103000038,604,1213,-609
103000039,475,351,124
103000040,498,931,-433
103000041,1687,2248,-561
103000042,1233,522,711
103000043,580,970,-390
103000044,319,191,128
103000046,474,443,31
103000047,711,790,-79
103000048,215,205,10
103000049,122,196,-74
103000050,809,506,303
103000051,566,633,-67
103000052,913,410,503
103000053,177,588,-411
103000054,2777,1348,1429
103000055,2140,2361,-221
103000056,838,1430,-592
103000057,718,306,412
103000058,831,880,-49
103000059,606,870,-264
103000060,919,658,261
103000061,394,1121,-727
103000062,1293,601,692
103000063,898,1024,-126
103000064,198,183,15
103000065,6,466,-460
103000066,209,13,196
103000069,513,407,106
103000070,1036,890,146
103000071,1341,581,760
103000072,126,639,-513
103000073,652,116,536
103000074,759,103,656
103000075,176,692,-516
103000076,584,420,164
103000077,77,498,-421
103000078,1076,731,345
103000079,763,883,-120
103000080,1375,385,990
103000081,663,1475,-812
103000082,554,257,297
103000083,126,301,-175
103000084,162,20,142
103000085,3,136,-133
103000086,677,460,217
103000087,164,711,-547
103000088,294,349,-55
103000089,301,571,-270
103000090,1973,726,1247
103000091,698,439,259
103000092,266,284,-18
103000093,289,426,-137
103000094,235,96,139
103000095,87,359,-272
103000096,721,130,591
103000097,102,813,-711
103000098,903,223,680
103000099,365,806,-441
103000100,145,648,-503
103000101,909,111,798
103000102,118,478,-360
103000103,682,184,498
103000104,53,98,-45
103000105,121,80,41
103000106,13,161,-148
103000107,219,53,166
103000108,728,574,154
103000109,506,499,7
103000110,529,466,63
103000111,583,512,71
103000112,405,227,178
103000113,893,670,223
103000114,1407,495,912
103000115,549,481,68
103000116,637,410,227
103000117,469,515,-46
103000118,731,716,15
103000119,1220,516,704
103000120,80,169,-89
103000121,612,1098,-486
103000122,659,1151,-492
103000125,48,275,-227
103000126,902,8,894
103000127,1,198,-197
103000128,217,4,213
103000129,3,125,-122
103000130,78,52,26
103000131,231,127,104
103000132,98,216,-118
103000133,19,164,-145
103000134,649,865,-216
103000135,658,359,299
103000136,796,531,265
103000137,604,708,-104
103000138,1070,854,216
103000139,6,111,-105
103000140,149,48,101
103000141,80,131,-51
103000142,200,107,93
103000143,91,184,-93
103000144,215,80,135
103000145,48,201,-153
103000150,104,32,72
103000152,159,289,-130
103000153,248,186,62
103000156,16,340,-324
103000157,496,3,493
103000159,189,55,134
103000162,76,77,-1
103000163,26,120,-94
103000164,60,14,46
103000165,102,302,-200
103000166,266,293,-27
103000167,237,111,126
103000168,119,176,-57
103000169,276,523,-247
103000170,837,537,300
103000171,81,115,-34
103000172,643,318,325
103000173,742,560,182
103000174,192,393,-201
103000175,352,244,108
103000176,824,688,136
103000177,571,403,168
103000178,275,307,-32
103000179,201,64,137
103000183,141,37,104
103000185,108,49,59
103000186,151,186,-35
103000187,610,350,260
103000188,18,97,-79
103000189,840,792,48
103000191,643,685,-42
103000292,1572,1934,-362
103000293,1205,2468,-1263
103000295,100,124,-24
103000296,463,5,458
103000297,146,165,-19
103000504,127,13,114
103000505,10,48,-38
103000506,3,221,-218
103000507,217,5,212
103000508,82,124,-42
103000509,214,594,-380
103900001,19,210,-191
103900002,1250,200,1050
103900003,1511,127,1384
103900004,156,0,156
103900005,4,243,-239
103900006,3,5,-2
103900007,44,39,5
103900008,25,2,23
103900009,285,519,-234
103900010,176,473,-297
103900011,363,231,132
103900012,15,17,-2
103900013,105,79,26
103900014,67,10,57
103900015,54,25,29
103900016,285,230,55
103900017,41,93,-52
103900018,707,258,449
103900019,108,378,-270
103900020,225,564,-339
103900021,482,59,423
103900022,1238,820,418
103900023,211,3,208
103900024,108,504,-396
103900025,14,38,-24
103900026,263,1,262
103900027,818,251,567
103900028,18,351,-333
103900029,1144,120,1024
103900030,295,123,172
103900031,42,7,35
103900032,95,76,19
103900033,98,20,78
103900034,41,177,-136
103900035,85,70,15
103900036,56,33,23
103900037,123,86,37
103900038,147,201,-54
103900039,99,311,-212
103900040,12,181,-169
103900041,64,79,-15
103900042,41,336,-295
103900043,200,97,103
103900044,123,237,-114
103900045,382,239,143
103900047,109,32,77
103900048,74,32,42
103900049,213,1541,-1328
103900050,25,139,-114
103900051,1,30,-29
103900052,228,447,-219
103900053,277,562,-285
103900054,141,364,-223
103900055,450,226,224
103900056,51,61,-10
103900057,39,132,-93
103900058,334,599,-265
103900059,0,63,-63
103900060,42,158,-116
103900061,173,43,130
103900062,334,102,232
103900063,14,0,14
103900064,142,7,135
103900065,1036,491,545
103900066,193,31,162
103900067,190,8,182
103900068,53,6,47
103900069,77,22,55
103900070,177,203,-26
103900071,15,123,-108
103900072,21,186,-165
103900073,34,30,4
103900074,67,86,-19
103900075,343,107,236
103900076,508,568,-60
103900077,55,93,-38
103900078,675,126,549
103900079,207,197,10
103900080,25,44,-19
103900081,66,15,51
103900082,25,141,-116
103900083,1354,1080,274
103900084,70,193,-123
103900085,106,119,-13
103900086,700,492,208
103900087,16,81,-65
103900088,352,636,-284
103900089,68,170,-102
103900090,15,182,-167
103900091,1186,325,861
103900092,761,497,264
103900093,86,296,-210
103900094,10,138,-128
103900095,347,237,110
103900096,34,152,-118
103900097,21,484,-463
103900098,289,136,153
103900099,62,118,-56
103900100,267,352,-85
103900101,182,1017,-835
103900102,7,56,-49
103900104,6,36,-30
103900105,82,224,-142
103900106,2,163,-161
103900107,178,207,-29
103900108,66,319,-253
103900109,124,74,50
103900110,251,88,163
103900111,90,567,-477
103900112,125,191,-66
103900113,163,232,-69
103900114,440,320,120
103900115,357,268,89
103900116,5617,2928,2689
103900117,127,89,38
103900119,36,62,-26
103900120,99,103,-4
103900122,86,269,-183
103900123,1402,749,653
103900124,83,484,-401
103900125,140,66,74
103900126,487,353,134
103900127,212,495,-283
103900128,219,152,67
103900131,60,144,-84
103900133,1051,125,926
103900134,2,15,-13
103900135,41,9,32
103900137,2,37,-35
103900138,60,182,-122
103900139,295,2232,-1937
103900140,25,104,-79
103900141,327,75,252
103900142,268,204,64
103900143,46,1,45
103900144,0,73,-73
103900145,222,257,-35
103900146,346,280,66
103900147,411,147,264
103900148,261,297,-36
103900149,377,756,-379
103900150,6842,4498,2344
103900151,50,178,-128
103900152,546,452,94
103900153,6,4,2
103900154,892,1913,-1021
103900155,59,212,-153
103900156,75,154,-79
103900157,42,164,-122
103900158,132,167,-35
103900159,235,71,164
103900160,52,35,17
103900161,96,184,-88
103900162,70,195,-125
103900163,17,452,-435
103900167,17,112,-95
103900168,106,138,-32
103900169,79,59,20
103900170,0,78,-78
103900171,3,46,-43
103900172,4,19,-15
103900173,9,13,-4
103900174,202,70,132
103900175,70,78,-8
103900176,12,20,-8
103900177,5,64,-59
103900178,30,85,-55
103900179,58,158,-100
103900180,12,120,-108
103900181,44,49,-5
103900182,21,26,-5
103900184,407,107,300
103900185,136,459,-323
103900187,23,60,-37
103900188,49,23,26
103900189,176,12,164
103900190,106,71,35
103900191,35,58,-23
103900192,20,111,-91
103900193,148,247,-99
103900194,82,273,-191
103900195,5,88,-83
103900196,223,60,163
103900197,19,34,-15
103900198,22,46,-24
103900199,201,68,133
103900200,171,132,39
103900201,134,209,-75
103900202,39,78,-39
103900203,47,34,13
103900204,4,90,-86
103900207,0,105,-105
103900208,92,2,90
103900209,14,117,-103
103900210,46,48,-2
103900211,560,403,157
103900212,131,358,-227
103900213,84,251,-167
103900214,305,208,97
103900215,469,359,110
103900216,6,379,-373
103900217,605,63,542
103900218,2,310,-308
103900219,197,308,-111
103900233,88,2,86
103900235,34,25,9
103900236,31,1,30
103900242,7,27,-20
103900243,9,5,4
103900244,137,199,-62
103900245,110,190,-80
103900246,43,38,5
103900247,40,101,-61
103900248,21,191,-170
103900249,46,46,0
103900250,42,33,9
103900251,9,33,-24
103900253,14,106,-92
103900254,6,7,-1
103900255,6,17,-11
103900256,16,30,-14
103900257,125,136,-11
103900258,37,8,29
103900259,99,14,85
103900261,16,6,10
103900262,51,11,40
103900263,49,86,-37
103900264,85,79,6
103900265,83,31,52
103900266,3,129,-126
103900267,12,83,-71
103900268,3,57,-54
103900269,157,37,120
103900270,61,81,-20
103900271,44,118,-74
103900272,68,65,3
103900273,29,51,-22
103900274,88,26,62
103900275,41,23,18
103900276,5,124,-119
103900277,8,89,-81
104000001,2428,2144,284
104000002,1851,2646,-795
104000003,2488,2293,195
104000004,2843,2935,-92
104000005,1731,2175,-444
104000006,3467,2805,662
104000007,4442,4558,-116
104000008,217,287,-70
104000009,191,121,70
104000010,203,276,-73
104000011,449,234,215
104000012,128,341,-213
104000013,273,208,65
104000014,208,587,-379
104000015,357,158,199
104000016,589,382,207
104000018,958,171,787
104000019,690,216,474
104000020,168,527,-359
104000021,257,560,-303
104000022,144,317,-173
104000023,806,380,426
104000024,247,328,-81
104000026,60,347,-287
104000027,246,268,-22
104000028,375,251,124
104000029,375,339,36
104000030,235,209,26
104000031,1445,410,1035
104000032,215,248,-33
104000033,764,477,287
104000034,404,251,153
104000035,1000,412,588
104000036,802,526,276
104000037,328,246,82
104000038,497,256,241
104000039,212,209,3
104000040,290,432,-142
104000041,648,307,341
104000042,236,356,-120
104000043,225,369,-144
104000044,234,489,-255
104000045,1013,965,48
104000046,1149,1560,-411
104000047,1373,1403,-30
104000048,1118,1459,-341
104000049,520,364,156
104000050,292,748,-456
104000051,127,586,-459
104000052,1514,1698,-184
104000053,780,499,281
104000054,632,414,218
104000055,4118,2606,1512
104000056,1265,253,1012
104000057,145,472,-327
104000058,795,752,43
104000059,594,988,-394
104000060,1122,1300,-178
104000061,1588,1133,455
104000062,396,135,261
104000064,503,343,160
104000065,274,741,-467
104000069,1098,1143,-45
104000070,72,533,-461
104000071,118,401,-283
104000072,601,223,378
104000075,121,273,-152
104000076,568,141,427
104000082,2574,3420,-846
104000083,950,243,707
104000084,160,581,-421
104000085,291,398,-107
104000086,295,463,-168
104000087,438,2347,-1909
104000090,825,1192,-367
104000092,1350,2049,-699
104000094,919,1499,-580
104000095,1834,1350,484
104000096,1704,238,1466
104000097,1957,811,1146
104000098,2400,913,1487
104000100,1795,690,1105
104000101,1210,1655,-445
104000106,60,616,-556
104000107,711,449,262
104000108,308,569,-261
104000109,346,96,250
104000110,833,1142,-309
104000111,3810,2574,1236
104000112,2223,585,1638
104000116,3,1021,-1018
104000117,203,636,-433
104000118,678,270,408
104000119,689,300,389
104000120,300,705,-405
104000121,268,803,-535
104000122,791,849,-58
104000123,801,968,-167
104000124,976,1991,-1015
104000125,3407,4502,-1095
104000126,452,448,4
104000127,1205,2622,-1417
104000128,714,529,185
104000129,499,40,459
104000130,11,371,-360
104000131,512,425,87
104000132,427,554,-127
104000133,1596,1041,555
104000134,1177,1945,-768
104000135,534,2274,-1740
104000136,950,4467,-3517
104000137,1794,471,1323
104000138,1159,395,764
104000139,6041,3334,2707
104000141,1302,1429,-127
104000142,715,645,70
104000143,575,535,40
104000144,131,235,-104
104000145,416,186,230
104000146,291,519,-228
104000147,181,271,-90
104000148,419,187,232
104000149,206,237,-31
104000150,1216,596,620
104000151,407,380,27
104000152,670,589,81
104000153,813,613,200
104000154,943,651,292
104000155,538,557,-19
104000157,1142,1405,-263
104000158,758,976,-218
104000159,1051,826,225
104000160,1981,1914,67
104000161,235,186,49
104000162,82,180,-98
104000165,1083,1060,23
104000167,784,1127,-343
104000168,601,11,590
104000169,151,44,107
104000170,467,616,-149
104000248,242,608,-366
104000251,54,226,-172
104000272,0,0,0
104000273,0,0,0
104000274,0,0,0
104000275,0,0,0
104000279,750,480,270
104000290,128,338,-210
104000291,560,1128,-568
104000293,894,718,176
104000294,34,0,34
104000295,651,879,-228
104000296,382,696,-314
104000297,870,2074,-1204
104000298,2145,937,1208
104000299,775,1464,-689
104900001,189,399,-210
104900002,92,222,-130
104900003,73,264,-191
104900004,84,242,-158
104900005,320,311,9
104900006,412,123,289
104900007,292,240,52
104900009,140,345,-205
104900010,115,107,8
104900011,73,19,54
104900012,424,54,370
104900013,184,28,156
104900014,2639,391,2248
104900015,127,5,122
104900016,233,216,17
104900017,234,234,0
104900018,12,216,-204
104900019,318,2994,-2676
104900020,68,245,-177
104900021,1,136,-135
104900022,17,129,-112
104900023,3,57,-54
104900024,30,81,-51
104900025,74,280,-206
104900026,2,94,-92
104900027,565,349,216
104900028,25,79,-54
104900029,65,64,1
104900030,563,255,308
104900031,87,219,-132
104900032,87,141,-54
104900033,259,299,-40
104900034,395,161,234
104900035,382,246,136
104900036,240,93,147
104900037,195,203,-8
104900038,571,870,-299
104900039,600,400,200
104900040,501,102,399
104900041,326,195,131
104900042,146,280,-134
104900043,19,203,-184
104900044,654,220,434
104900045,530,56,474
104900046,177,195,-18
104900047,384,118,266
104900048,346,93,253
104900049,39,44,-5
104900050,302,127,175
104900051,330,40,290
104900052,99,3,96
104900053,463,134,329
104900054,156,33,123
104900055,112,0,112
104900056,147,22,125
104900057,36,1,35
104900058,941,807,134
104900059,334,93,241
104900060,0,462,-462
104900061,238,496,-258
104900063,1,141,-140
104900064,0,76,-76
104900065,3,224,-221
104900066,3,130,-127
104900067,7,289,-282
104900068,19,168,-149
104900070,205,258,-53
104900071,6,434,-428
104900072,44,278,-234
104900073,142,218,-76
104900074,58,220,-162
104900075,113,58,55
104900076,102,257,-155
104900077,965,319,646
104900078,178,435,-257
104900079,141,560,-419
104900080,139,531,-392
104900082,22,377,-355
104900085,7,186,-179
104900087,388,7,381
104900089,257,2,255
104900090,957,769,188
104900091,633,668,-35
104900093,320,539,-219
104900097,2638,2506,132
104900098,120,52,68
104900099,101,570,-469
104900100,476,299,177
104900102,38,171,-133
104900103,502,57,445
104900104,3140,2237,903
104900106,97,140,-43
104900107,191,216,-25
104900108,75,226,-151
104900109,132,227,-95
104900110,9,62,-53
104900111,251,194,57
104900112,299,673,-374
104900113,782,352,430
104900114,394,456,-62
104900115,834,417,417
104900116,231,165,66
104900118,23,77,-54
104900119,21,105,-84
104900120,33,286,-253
104900121,0,97,-97
104900122,3,54,-51
104900123,55,18,37
104900124,47,1,46
104900125,498,14,484
104900126,59,53,6
104900127,32,113,-81
104900128,130,183,-53
104900129,1898,2106,-208
105000001,2998,1626,1372
105000002,2401,1700,701
105000003,3712,3904,-192
105000004,674,1029,-355
105000005,946,1259,-313
105000006,1626,1902,-276
105000007,1435,1701,-266
105000008,2006,3652,-1646
105000009,2588,3555,-967
105000010,2907,2221,686
105000011,3922,3151,771
105000012,4058,3084,974
105000013,1118,1102,16
105000014,2180,2966,-786
105000015,11498,16723,-5225
105000016,3175,2573,602
105000017,2009,1044,965
105000018,1385,1635,-250
105000019,1362,965,397
105000020,159,438,-279
105000021,278,119,159
105000022,352,122,230
105000023,749,453,296
105000028,104,98,6
105000029,631,1574,-943
105000030,4243,2846,1397
105000033,1132,2153,-1021
105000034,166,967,-801
105000037,758,348,410
105000038,2295,1924,371
105000039,3167,1958,1209
105000040,1079,1324,-245
105000041,595,1687,-1092
105000042,4966,2212,2754
105000043,2113,3104,-991
105000044,642,613,29
105000045,422,739,-317
105000046,1393,438,955
105000047,536,1260,-724
105000048,638,189,449
105000049,251,475,-224
105000050,629,328,301
105000051,152,376,-224
105000052,642,948,-306
105000053,126,143,-17
105000054,418,927,-509
105000055,1036,410,626
105000056,1286,1949,-663
105000057,1306,857,449
105000058,1356,1243,113
105000059,848,652,196
105000060,500,622,-122
105000061,701,530,171
105000062,574,805,-231
105000063,376,499,-123
105000064,1591,895,696
105000065,342,575,-233
105000066,1145,1382,-237
105000067,1726,894,832
105000068,495,866,-371
105000069,1785,1909,-124
105000070,554,906,-352
105000071,285,852,-567
105000072,1203,2268,-1065
105000073,985,715,270
105000074,1313,815,498
105000075,584,948,-364
105000076,1251,1151,100
105000077,2837,1431,1406
105000078,1524,1704,-180
105000079,1454,3863,-2409
105000080,2410,1672,738
105000081,4168,1721,2447
105000082,1373,2258,-885
105000083,6099,4732,1367
105000084,709,796,-87
105000085,1886,2520,-634
105000086,611,842,-231
105000087,1567,1924,-357
105000088,1609,1555,54
105000089,3616,2476,1140
105000090,1167,891,276
105000091,1468,1758,-290
105000092,852,1001,-149
105000093,374,313,61
105000094,332,325,7
105000095,127,582,-455
105000096,1396,1247,149
105000097,1162,966,196
105000098,1002,841,161
105000099,884,804,80
105000100,1378,1104,274
105000101,1977,2386,-409
105000102,3040,1622,1418
105000103,2001,3027,-1026
105000104,2520,1044,1476
105000105,1261,1935,-674
105000106,1543,1687,-144
105000107,1548,816,732
105000108,1788,1412,376
105000109,1580,1639,-59
105000110,988,586,402
105000111,816,673,143
105000112,1380,727,653
105000113,557,780,-223
105000114,2543,1204,1339
105000115,312,1271,-959
105000116,954,570,384
105000117,912,969,-57
105000118,636,456,180
105000119,666,891,-225
105000120,1001,545,456
105000121,793,956,-163
105000122,503,705,-202
105000123,992,1286,-294
105000124,2183,886,1297
105000125,784,1718,-934
105000126,2247,1805,442
105000127,2419,1910,509
105000128,785,960,-175
105000129,929,307,622
105000130,534,3449,-2915
105000131,873,395,478
105000132,1007,741,266
105000133,539,1011,-472
105000134,815,692,123
105000135,472,612,-140
105000136,142,349,-207
105000137,575,223,352
105000138,228,342,-114
105000139,1057,1004,53
105000140,450,523,-73
105000141,376,660,-284
105000142,259,518,-259
105000143,325,677,-352
105000144,298,791,-493
105000145,772,413,359
105000146,417,1034,-617
105000147,713,326,387
105000148,1413,638,775
105000149,2710,2217,493
105000150,1991,1625,366
105000151,395,421,-26
105000152,223,433,-210
105000153,607,599,8
105000154,709,601,108
105000155,362,899,-537
105000156,934,726,208
105000157,876,1674,-798
105000158,2010,799,1211
105000159,278,1040,-762
105000160,1842,561,1281
105000161,741,1057,-316
105000162,679,1558,-879
105000163,1057,835,222
105000164,262,204,58
105000165,861,5351,-4490
105000166,5118,1072,4046
105000167,1882,1673,209
105000168,435,665,-230
105000169,615,275,340
105000170,241,1390,-1149
105000171,1050,274,776
105000172,245,46,199
105000173,229,43,186
105000174,69,61,8
105000175,87,140,-53
105000176,428,97,331
105000177,352,205,147
105000178,148,473,-325
105000179,620,192,428
105000180,185,168,17
105000181,116,312,-196
105000182,89,62,27
105000183,2410,2021,389
105000184,1471,1518,-47
105000185,1918,1261,657
105000186,623,1015,-392
105000187,1011,312,699
105000188,405,199,206
105000189,238,595,-357
105000190,327,368,-41
105000191,490,419,71
105000192,471,101,370
105000193,102,262,-160
105000194,392,174,218
105000195,465,822,-357
105000196,83,254,-171
105000197,364,641,-277
105000198,672,429,243
105000199,323,623,-300
105000200,183,366,-183
105000201,146,46,100
105000203,2,159,-157
105000204,126,140,-14
105000205,128,227,-99
105000207,646,249,397
105000208,279,763,-484
105000209,230,425,-195
105000212,1268,1173,95
105000213,247,216,31
105000214,181,255,-74
105000215,308,188,120
105000216,138,299,-161
105000217,175,257,-82
105000218,1479,1130,349
105000221,193,162,31
105000222,691,140,551
105000223,501,187,314
105000226,103,274,-171
105000227,104,205,-101
105000228,326,2427,-2101
105000229,191,608,-417
105000231,417,340,77
105000233,923,801,122
105000234,531,1292,-761
105000235,437,574,-137
105000237,758,94,664
105000243,42,164,-122
105000248,75,67,8
105000262,374,1238,-864
105000269,186,212,-26
105000270,403,48,355
105000271,2,248,-246
105000282,83,51,32
105000287,418,122,296
105000288,589,450,139
105000289,3226,2291,935
105000290,28,11,17
105000402,3728,4934,-1206
105000426,595,678,-83
105000438,4499,1956,2543
105000446,12681,6250,6431
105000447,7408,3212,4196
105000454,544,708,-164
105000455,315,192,123
105000474,54,3,51
105000477,444,622,-178
105000478,2037,5027,-2990
105000479,131,167,-36
105000480,10770,8192,2578
105000481,5802,4138,1664
105000482,5866,9116,-3250
105000483,1956,2219,-263
105000484,2577,3700,-1123
105000485,1915,3792,-1877
105000486,3894,2718,1176
105000488,10925,6126,4799
105000489,960,793,167
105000549,186,133,53
105000550,561,1802,-1241
105000551,25,124,-99
105000552,2807,1800,1007
105900001,9,2230,-2221
105900002,1288,678,610
105900003,20,106,-86
105900004,332,141,191
105900005,23,214,-191
105900006,18,136,-118
105900007,160,40,120
105900008,82,524,-442
105900009,33,32,1
105900011,495,114,381
105900012,797,232,565
105900013,1,40,-39
105900014,17,84,-67
105900015,257,398,-141
105900016,542,702,-160
105900017,1173,73,1100
105900018,218,191,27
105900019,96,602,-506
105900020,44,62,-18
105900021,73,1185,-1112
105900022,265,197,68
105900023,11,268,-257
105900024,11,289,-278
105900025,185,35,150
105900026,248,26,222
105900027,13607,9727,3880
105900028,750,416,334
105900029,1825,357,1468
105900030,207,260,-53
105900031,446,233,213
105900032,78,179,-101
105900033,161,155,6
105900034,219,225,-6
105900035,195,209,-14
105900036,110,125,-15
105900037,103,99,4
105900038,196,245,-49
105900039,157,105,52
105900040,58,132,-74
105900041,197,184,13
105900042,63,182,-119
105900043,1393,91,1302
105900044,4,272,-268
105900045,5,792,-787
105900046,5,289,-284
105900047,14,46,-32
105900048,84,460,-376
105900050,8777,7034,1743
105900051,63,1173,-1110
105900052,663,356,307
105900053,2918,2865,53
105900054,395,240,155
105900056,1013,443,570
105900057,108,161,-53
105900058,31,14,17
105900059,0,32,-32
106000001,4633,2572,2061
106000002,2424,5666,-3242
106000003,3096,3646,-550
106000004,1815,2929,-1114
106000005,3703,5721,-2018
106000006,5535,3849,1686
106000007,518,642,-124
106000008,508,339,169
106000009,635,469,166
106000010,755,646,109
106000011,1241,1138,103
106000012,1012,1361,-349
106000013,1901,2122,-221
106000014,2050,1645,405
106000015,1953,1371,582
106000016,1335,2172,-837
106000017,524,761,-237
106000018,775,453,322
106000019,451,418,33
106000020,326,339,-13
106000021,350,431,-81
106000022,387,212,175
106000023,666,313,353
106000024,526,424,102
106000025,141,234,-93
106000026,111,172,-61
106000027,1294,1281,13
106000028,608,446,162
106000029,783,1135,-352
106000030,555,652,-97
106000034,221,609,-388
106000035,956,2038,-1082
106000036,268,445,-177
106000037,1887,1436,451
106000038,428,146,282
106000039,169,98,71
106000040,134,946,-812
106000041,668,614,54
106000043,615,261,354
106000046,387,77,310
106000047,54,530,-476
106000049,1033,212,821
106000050,315,739,-424
106000051,807,561,246
106000052,95,623,-528
106000053,426,129,297
106000054,424,489,-65
106000055,1146,978,168
106000056,359,361,-2
106000057,441,279,162
106000058,137,193,-56
106000059,347,291,56
106000060,365,488,-123
106000061,242,490,-248
106000062,174,530,-356
106000063,685,569,116
106000064,27,353,-326
106000065,365,370,-5
106000066,69,361,-292
106000067,348,99,249
106000068,45,652,-607
106000069,271,88,183
106000070,401,764,-363
106000071,1149,468,681
106000072,2758,1751,1007
106000073,1660,3022,-1362
106000074,754,655,99
106000075,371,1378,-1007
106000076,1919,2121,-202
106000077,3677,1401,2276
106000078,1207,899,308
106000079,707,921,-214
106000080,1382,615,767
106000081,769,1166,-397
106000082,2526,797,1729
106000083,430,1484,-1054
106000084,1223,736,487
106000085,1569,1625,-56
106000086,703,852,-149
106000087,1063,507,556
106000088,415,812,-397
106000089,1108,327,781
106000090,282,594,-312
106000091,264,509,-245
106000092,684,229,455
106000093,312,107,205
106000094,98,271,-173
106000095,901,764,137
106000096,811,625,186
106000097,1235,818,417
106000098,811,910,-99
106000099,277,999,-722
106000100,1959,265,1694
106000101,2613,476,2137
106000102,402,876,-474
106000103,350,581,-231
106000104,1091,499,592
106000105,473,609,-136
106000106,693,448,245
106000107,173,270,-97
106000108,260,346,-86
106000109,182,255,-73
106000110,278,419,-141
106000111,314,351,-37
106000112,242,698,-456
106000113,726,492,234
106000114,451,627,-176
106000115,241,408,-167
106000116,273,202,71
106000117,1244,679,565
106000118,1310,1456,-146
106000119,1449,1019,430
106000120,943,1206,-263
106000121,226,150,76
106000122,111,186,-75
106000123,495,151,344
106000124,88,186,-98
106000125,31,247,-216
106000126,299,101,198
106000127,938,812,126
106000128,776,187,589
106000129,494,508,-14
106000130,825,242,583
106000131,115,667,-552
106000132,564,137,427
106000133,1967,1169,798
106000134,546,2600,-2054
106000135,224,543,-319
106000136,640,1080,-440
106000137,73,722,-649
106000138,995,103,892
106000139,62,140,-78
106000140,38,50,-12
106000141,120,46,74
106000142,107,94,13
106000143,37,64,-27
106000144,26,79,-53
106000145,250,256,-6
106000146,432,202,230
106000147,407,408,-1
106000148,516,721,-205
106000149,615,319,296
106000150,551,1813,-1262
106000151,3455,828,2627
106000152,1388,1868,-480
106000153,91,1562,-1471
106000154,1426,194,1232
106000155,139,255,-116
106000156,851,249,602
106000157,704,1626,-922
106000158,2447,1000,1447
106000159,2973,1970,1003
106000160,450,2598,-2148
106000161,1479,439,1040
106000162,247,847,-600
106000163,445,339,106
106000164,420,333,87
106000165,240,484,-244
106000166,634,329,305
106000167,420,886,-466
106000168,486,209,277
106000169,261,590,-329
106000170,845,240,605
106000171,292,1115,-823
106000172,3125,1529,1596
106000173,1288,2688,-1400
106000174,1115,445,670
106000175,304,850,-546
106000176,1646,862,784
106000177,810,2281,-1471
106000178,3549,1851,1698
106000179,1134,2222,-1088
106000180,942,1290,-348
106000181,797,1902,-1105
106000182,1313,703,610
106000183,1314,594,720
106000184,2069,665,1404
106000185,1071,1522,-451
106000186,1012,151,861
106000187,253,1061,-808
106000188,1,6,-5
106000189,25,48,-23
106000190,32,0,32
106000191,724,192,532
106000192,1,19,-18
106000193,441,205,236
106000194,166,486,-320
106000195,852,286,566
106000196,279,771,-492
106000197,762,364,398
106000198,185,228,-43
106000199,747,823,-76
106000200,285,256,29
106000201,438,2714,-2276
106000202,3770,628,3142
106000203,66,173,-107
106000204,68,9,59
106000205,15,147,-132
106000206,90,27,63
106000207,30,977,-947
106000208,1363,167,1196
106000209,1728,402,1326
106000210,893,980,-87
106000211,383,1151,-768
106000212,914,488,426
106000213,694,2124,-1430
106000214,2657,844,1813
106000215,248,513,-265
106000216,331,316,15
106000217,266,363,-97
106000218,570,370,200
106000219,161,269,-108
106000220,555,274,281
106000221,169,251,-82
106000222,72,96,-24
106000223,244,116,128
106000224,241,196,45
106000225,81,113,-32
106000226,116,236,-120
106000228,50,88,-38
106000229,67,700,-633
106000231,998,139,859
106000232,83,333,-250
106000233,693,88,605
106000234,59,217,-158
106000235,535,137,398
106000236,203,90,113
106000237,1,37,-36
106000238,17,14,3
106000239,14,103,-89
106000240,62,8,54
106000241,26,485,-459
106000242,298,39,259
106000249,58,69,-11
106000250,92,610,-518
106000251,130,31,99
106000252,32,80,-48
106000253,53,86,-33
106000254,47,32,15
106000255,18,176,-158
106000256,62,81,-19
106000257,165,243,-78
106000258,276,22,254
106000259,6,76,-70
106000260,30,3,27
106000261,4,51,-47
106000262,108,8,100
106000263,21,53,-32
106000264,260,11,249
106000265,25,144,-119
106000266,156,22,134
106000267,7,91,-84
106000268,564,66,498
106000269,87,66,21
106000270,164,466,-302
106000271,85,222,-137
106000272,187,78,109
106000273,18,301,-283
106000274,176,43,133
106000275,139,357,-218
106000276,191,61,130
106000277,108,304,-196
106000278,189,48,141
106000279,30,37,-7
106000280,81,64,17
106000281,79,62,17
106000282,80,79,1
106000283,144,50,94
106000284,93,121,-28
106000285,133,93,40
106000286,109,130,-21
106000287,139,47,92
106000288,86,162,-76
106000289,133,54,79
106000290,54,87,-33
106000291,121,116,5
106000292,88,73,15
106000293,146,85,61
106000294,128,75,53
106000295,53,57,-4
106000296,69,92,-23
106000297,111,216,-105
106000298,83,57,26
106000299,90,139,-49
106000300,67,90,-23
106000301,71,115,-44
106000303,46,91,-45
106000304,43,47,-4
106000305,36,66,-30
106000306,40,53,-13
106000307,78,31,47
106000308,24,124,-100
106000309,20,62,-42
106000310,335,389,-54
106000311,365,198,167
106000312,99,172,-73
106000313,193,203,-10
106000318,129,521,-392
106000319,999,263,736
106000320,2,121,-119
106000321,470,190,280
106000322,156,134,22
106000324,21,152,-131
106000325,1676,986,690
106000326,1108,1852,-744
106000327,196,141,55
106000328,95,117,-22
106000329,215,275,-60
106000330,66,86,-20
106000428,115,181,-66
106000429,182,449,-267
106000430,386,1198,-812
106000431,2265,423,1842
106000432,1718,2730,-1012
106000433,2421,1553,868
106000434,3179,1752,1427
106000435,1475,2575,-1100
106000436,12,229,-217
106000437,326,61,265
106000438,496,236,260
106000439,99,571,-472
106000440,362,584,-222
106000441,0,0,0
106000442,141,6,135
106000443,149,297,-148
106000450,1,139,-138
106000451,24,76,-52
106000454,5,155,-150
106000455,8,194,-186
106000456,118,55,63
106000457,8,831,-823
106000458,927,84,843
106000459,128,331,-203
106000460,1801,36,1765
106000461,110,982,-872
106000462,1,22,-21
106000463,6,24,-18
106000464,2,400,-398
106000465,847,6,841
106000466,3,481,-478
106000467,282,374,-92
106000468,81,156,-75
106000469,145,9,136
106000470,319,1666,-1347
106000471,21,495,-474
106000472,171,15,156
106000473,54,15,39
106000474,307,397,-90
106000475,238,179,59
106000476,118,210,-92
106000477,27,37,-10
106900001,0,7,-7
106900002,5,329,-324
106900003,240,1386,-1146
106900004,0,15,-15
106900006,0,8,-8
106900007,0,6,-6
106900008,331,183,148
106900009,400,246,154
106900010,211,214,-3
106900012,1330,2615,-1285
106900013,993,191,802
106900014,29,6,23
106900015,14,0,14
106900016,294,18,276
106900017,6,0,6
106900018,3,0,3
106900019,50,3,47
106900020,2625,1589,1036
106900021,168,85,83
106900022,813,4,809
106900023,74,284,-210
106900024,989,80,909
106900025,64,818,-754
106900026,3,420,-417
106900027,791,1,790
107000001,4999,5041,-42
107000002,3596,5352,-1756
107000003,6569,7640,-1071
107000004,4899,5066,-167
107000005,4888,6351,-1463
107000006,4374,4415,-41
107000007,7084,11587,-4503
107000008,12648,8739,3909
107000009,8986,9087,-101
107000010,11063,10469,594
107000011,1261,1382,-121
107000012,4008,3219,789
107000013,76,143,-67
107000014,60,286,-226
107000015,595,817,-222
107000016,851,790,61
107000017,7852,3747,4105
107000018,105,3278,-3173
107000020,5491,4425,1066
107000021,2011,527,1484
107000022,1816,2597,-781
107000023,2034,305,1729
107000024,970,1625,-655
107000025,258,414,-156
107000026,369,509,-140
107000027,1457,1255,202
107000028,1803,1403,400
107000029,3752,3319,433
107000030,3695,3148,547
107000031,4346,3242,1104
107000032,580,1188,-608
107000033,3076,6131,-3055
107000034,5150,1718,3432
107000035,409,325,84
107000036,874,1443,-569
107000037,98,904,-806
107000038,284,374,-90
107000039,989,980,9
107000040,206,399,-193
107000041,2000,1069,931
107000042,926,2266,-1340
107000043,3269,1409,1860
107000044,670,487,183
107000045,169,347,-178
107000046,1050,524,526
107000047,540,939,-399
107000048,815,365,450
107000049,698,815,-117
107000050,1311,593,718
107000051,416,390,26
107000052,1371,1157,214
107000053,413,230,183
107000054,86,319,-233
107000055,230,85,145
107000056,519,907,-388
107000057,1410,236,1174
107000058,2592,2800,-208
107000059,2201,3507,-1306
107000060,4978,5822,-844
107000061,5376,3859,1517
107000062,5001,3316,1685
107000063,4241,5020,-779
107000064,5097,2865,2232
107000065,4542,4690,-148
107000066,2462,3568,-1106
107000067,1414,1498,-84
107000068,1707,833,874
107000069,983,581,402
107000070,1625,33,1592
107000071,3781,87,3694
107000072,52,2592,-2540
107000073,977,324,653
107000074,158,914,-756
107000075,1948,577,1371
107000076,737,1552,-815
107000077,4419,1672,2747
107000078,2548,3358,-810
107000079,3101,1234,1867
107000080,1239,3328,-2089
107000081,2195,660,1535
107000082,699,1969,-1270
107000083,1615,515,1100
107000084,340,1889,-1549
107000085,3396,3567,-171
107000086,3959,3640,319
107000087,3435,2218,1217
107000088,3974,4075,-101
107000089,1830,1948,-118
107000090,1277,1140,137
107000091,1677,860,817
107000092,965,1092,-127
107000093,1385,994,391
107000094,1087,1239,-152
107000095,970,748,222
107000096,732,802,-70
107000097,826,357,469
107000098,597,564,33
107000099,507,295,212
107000100,255,457,-202
107000101,66,155,-89
107000102,274,430,-156
107000103,301,194,107
107000104,202,293,-91
107000105,386,120,266
107000106,164,220,-56
107000107,586,177,409
107000108,161,525,-364
107000109,726,196,530
107000110,92,574,-482
107000111,408,66,342
107000112,54,308,-254
107000113,650,124,526
107000114,95,435,-340
107000115,631,157,474
107000116,138,716,-578
107000117,179,605,-426
107000118,141,178,-37
107000119,1597,1624,-27
107000120,1263,498,765
107000121,1133,786,347
107000122,1255,925,330
107000123,589,670,-81
107000124,521,815,-294
107000125,1125,692,433
107000126,1021,747,274
107000129,312,568,-256
107000130,800,261,539
107000131,548,532,16
107000132,572,369,203
107000133,785,119,666
107000134,379,2,377
107000135,4,336,-332
107000136,1025,9,1016
107000137,19,520,-501
107000138,565,41,524
107000139,38,553,-515
107000140,1646,169,1477
107000141,195,838,-643
107000142,491,117,374
107000143,58,626,-568
107000144,626,549,77
107000145,200,529,-329
107000146,308,515,-207
107000147,3550,997,2553
107000150,732,4895,-4163
107000151,55,210,-155
107000152,462,1745,-1283
107000153,148,426,-278
107000154,304,306,-2
107000155,1011,42,969
107000156,1422,24,1398
107000157,188,1404,-1216
107000158,651,33,618
107000159,40,862,-822
107000160,1136,261,875
107000161,83,1365,-1282
107000162,399,787,-388
107000163,288,4,284
107000164,1042,9,1033
107000165,978,33,945
107000166,48,1007,-959
107000167,675,270,405
107000168,1109,606,503
107000169,847,999,-152
107000170,2484,961,1523
107000171,782,2176,-1394
107000172,1250,1549,-299
107000173,874,977,-103
107000174,1267,6586,-5319
107000175,7674,1894,5780
107000176,0,3,-3
107000177,7,0,7
107000178,2,16,-14
107000179,319,1976,-1657
107000180,1550,379,1171
107000181,433,1004,-571
107000182,1972,1100,872
107000183,151,805,-654
107000184,1074,690,384
107000185,543,1517,-974
107000186,1482,579,903
107000187,1384,1346,38
107000188,703,696,7
107000189,634,1013,-379
107000190,720,722,-2
107000191,789,969,-180
107000192,1865,727,1138
107000193,466,625,-159
107000194,1060,722,338
107000197,1234,306,928
107000198,326,728,-402
107000199,945,775,170
107000200,724,812,-88
107000201,442,382,60
107000202,386,500,-114
107000203,1267,1367,-100
107000204,1492,1664,-172
107000205,2587,1149,1438
107000206,1111,1836,-725
107000207,785,1180,-395
107000208,1376,679,697
107000209,2395,1508,887
107000210,890,468,422
107000211,3,83,-80
107000212,25,331,-306
107000213,4,22,-18
107000214,34,133,-99
107000215,564,353,211
107000216,481,692,-211
107000217,169,166,3
107000219,133,246,-113
107000220,257,245,12
107000222,317,802,-485
107000224,1046,102,944
107000225,260,611,-351
107000226,711,153,558
107000227,97,358,-261
107000228,268,276,-8
107000229,143,226,-83
107000230,1176,502,674
107000231,1922,2171,-249
107000232,129,46,83
107000233,1557,1147,410
107000234,3,37,-34
107000235,136,11,125
107000236,16,760,-744
107000237,28,3,25
107000238,46,1,45
107000239,4391,667,3724
107000240,110,1053,-943
107000241,107,23,84
107000242,391,60,331
107000243,0,34,-34
107000244,4,50,-46
107000246,2,1047,-1045
107000249,6,1164,-1158
107000251,0,362,-362
107000252,3,920,-917
107000255,394,95,299
107000257,4,377,-373
107000258,0,111,-111
107000259,11,167,-156
107000260,708,4,704
107000262,13,548,-535
107000263,280,7,273
107000266,17,9,8
107000267,184,172,12
107000268,170,160,10
107000269,701,122,579
107000270,4,43,-39
107000271,21,622,-601
107000272,30,140,-110
107000273,12,357,-345
107000274,5726,835,4891
107000275,672,3866,-3194
107000280,972,71,901
107000281,45,841,-796
107000282,152,813,-661
107000290,30,35,-5
107000291,21,23,-2
107000292,1,247,-246
107000293,309,8,301
107000294,2,28,-26
107000295,77,4,73
107000296,0,20,-20
107000444,477,16,461
107000496,0,8,-8
107000497,1591,2271,-680
107000500,425,388,37
107000501,232,156,76
107000502,251,332,-81
107000505,421,810,-389
107000506,6,146,-140
107000508,6,587,-581
107000509,300,868,-568
107000510,44,52,-8
107000514,44,394,-350
107000515,21,200,-179
107000516,329,262,67
107000518,1159,1542,-383
107000519,1805,1028,777
107000520,136,43,93
107000521,384,356,28
107000522,538,424,114
107900001,75,136,-61
107900002,75,8,67
107900003,600,27,573
107900004,138,5,133
107900005,1599,7,1592
107900006,264,3,261
107900007,308,55,253
107900008,225,35,190
107900009,238,11,227
107900010,39,4,35
107900012,321,38,283
107900013,204,43,161
107900014,45,17,28
107900015,1081,13,1068
107900016,571,114,457
107900017,43,2,41
107900018,74,180,-106
107900019,40,41,-1
107900020,99,45,54
107900021,93,123,-30
107900023,5,4,1
107900024,0,35,-35
107900025,254,256,-2
107900026,84,72,12
107900027,40,80,-40
107900028,132,98,34
107900030,159,37,122
107900031,54,84,-30
107900032,22,3,19
107900033,25,9,16
107900034,392,31,361
107900035,834,73,761
107900036,89,21,68
107900037,0,34,-34
107900038,133,294,-161
107900039,40,47,-7
107900040,64,339,-275
107900041,0,6,-6
107900043,54,124,-70
107900044,14,20,-6
107900045,150,45,105
107900046,131,213,-82
107900047,47,54,-7
107900048,193,19,174
107900049,479,2276,-1797
107900050,187,351,-164
107900051,88,97,-9
107900052,20,44,-24
107900053,32,131,-99
107900055,910,351,559
107900056,218,60,158
107900057,1,0,1
107900058,46,560,-514
107900060,61,57,4
107900061,12,11,1
107900063,90,119,-29
107900064,290,172,118
107900065,261,7,254
107900066,46,5,41
107900067,0,0,0
107900068,154,701,-547
107900069,33,1921,-1888
107900070,106,62,44
107900071,34,668,-634
107900072,116,158,-42
107900073,244,86,158
107900074,720,327,393
107900076,135,53,82
107900077,90,1,89
107900078,176,53,123
107900079,5,21,-16
107900080,314,881,-567
107900081,40,95,-55
107900082,24,21,3
107900083,382,184,198
107900084,121,161,-40
107900086,72,210,-138
107900087,587,188,399
107900088,19,9,10
107900089,272,1067,-795
107900090,1521,3053,-1532
107900091,218,386,-168
107900092,2168,494,1674
107900093,90,99,-9
107900094,0,0,0
107900095,3237,2248,989
107900097,29,67,-38
107900098,57,208,-151
107900100,1030,1394,-364
107900101,894,236,658
107900102,62,6,56
107900103,32,205,-173
107900104,298,19,279
107900105,4,441,-437
107900106,2,850,-848
107900107,2617,628,1989
107900108,290,168,122
107900109,1428,16,1412
107900110,78,107,-29
107900111,8,725,-717
107900112,197,410,-213
107900113,232,111,121
107900114,198,163,35
107900115,2,41,-39
107900116,187,184,3
107900117,346,333,13
107900118,85,163,-78
107900119,85,347,-262
107900120,28,27,1
107900121,2,132,-130
107900122,4,118,-114
107900123,4,55,-51
107900124,12,43,-31
107900125,39,227,-188
107900126,13,65,-52
107900127,756,347,409
107900128,101,97,4
107900129,108,31,77
107900130,75,26,49
107900131,785,370,415
107900132,113,354,-241
107900133,2,94,-92
107900134,44,138,-94
107900135,18,194,-176
107900136,44,51,-7
107900137,156,101,55
107900138,60,45,15
107900139,30,43,-13
107900140,118,56,62
107900141,56,45,11
107900142,68,762,-694
107900143,68,37,31
107900144,2,141,-139
107900145,40,118,-78
107900146,71,147,-76
107900147,54,47,7
107900148,194,118,76
107900149,891,250,641
107900150,53,669,-616
107900151,73,99,-26
107900152,23,218,-195
107900153,154,331,-177
107900154,87,44,43
107900155,109,58,51
107900156,9,285,-276
107900157,54,77,-23
107900158,907,25,882
107900159,36,904,-868
107900160,150,205,-55
107900161,44,150,-106
107900162,1,167,-166
107900163,78,120,-42
107900164,18,55,-37
107900165,43,124,-81
107900166,21,191,-170
107900167,28,47,-19
107900168,35,53,-18
107900169,1,174,-173
107900171,7,1214,-1207
107900172,4,337,-333
107900173,27,111,-84
107900174,159,8,151
107900175,28,59,-31
107900176,26,48,-22
107900177,5,455,-450
107900178,5,148,-143
107900179,23,148,-125
107900180,605,607,-2
107900181,433,296,137
107900182,0,943,-943
107900183,66,206,-140
107900184,117,311,-194
107900185,147,6,141
107900186,32,55,-23
107900187,3,215,-212
107900188,642,176,466
107900189,41,114,-73
107900190,69,167,-98
107900191,67,94,-27
107900193,3,47,-44
107900194,249,13,236
107900195,2333,449,1884
107900196,74,131,-57
107900197,878,513,365
107900199,2,915,-913
107900201,84,77,7
107900203,46,84,-38
107900204,199,263,-64
107900205,230,336,-106
107900206,1125,420,705
107900207,2,584,-582
107900208,14,564,-550
107900209,392,159,233
107900210,83,120,-37
107900213,965,755,210
107900214,46,119,-73
107900215,126,368,-242
107900216,191,78,113
107900217,73,113,-40
107900218,23,2596,-2573
107900219,40,104,-64
107900220,243,236,7
107900221,164,223,-59
107900223,98,600,-502
107900224,88,470,-382
107900225,19,805,-786
107900226,106,109,-3
107900227,125,400,-275
107900228,18,98,-80
107900229,0,240,-240
107900230,7,92,-85
107900231,17,249,-232
107900232,81,101,-20
107900233,6,146,-140
107900234,89,93,-4
107900235,44,137,-93
107900236,84,54,30
107900237,57,503,-446
107900238,38,111,-73
107900239,754,603,151
107900240,75,100,-25
107900241,14,91,-77
107900242,53,207,-154
107900243,3,60,-57
107900244,356,5,351
107900245,577,65,512
107900246,398,27,371
107900248,300,366,-66
107900249,761,36,725
107900250,1,559,-558
107900251,116,1386,-1270
107900252,959,30,929
107900253,181,5,176
107900254,51,494,-443
107900255,339,116,223
107900256,2760,3034,-274
107900257,264,119,145
107900258,139,230,-91
107900259,97,2142,-2045
107900261,3,351,-348
107900262,233,144,89
107900264,368,8,360
107900265,158,208,-50
107900267,227,24,203
107900268,34,1,33
107900269,1,4,-3
107900270,3,0,3
107900271,3,19,-16
107900272,110,35,75
107900273,39,44,-5
107900274,68,0,68
107900275,26,1,25
107900276,0,77,-77
107900277,1,232,-231
107900278,371,374,-3
107900279,88,194,-106
107900280,2419,2297,122
107900281,1583,2602,-1019
107900282,37,558,-521
107900283,1162,720,442
107900284,518,531,-13
107900285,105,72,33
107900286,138,92,46
107900287,266,157,109
107900290,1,137,-136
107900291,482,12,470
107900292,135,180,-45
107900293,73,397,-324
107900295,44,47,-3
107900297,1,293,-292
107900298,890,889,1
107900299,2915,2589,326
107900300,77,311,-234
107900301,526,741,-215
107900302,108,65,43
107900303,240,310,-70
107900304,318,495,-177
107900305,335,7,328
107900306,17,32,-15
107900307,50,261,-211
107900308,176,173,3
107900309,79,0,79
107900310,887,8,879
107900311,18,918,-900
107900312,102,3,99
107900313,2,255,-253
107900314,2,74,-72
107900315,3,65,-62
107900316,59,8,51
107900317,157,26,131
107900318,27,154,-127
107900319,6,168,-162
107900320,3,168,-165
107900321,179,6,173
107900322,11,104,-93
107900323,8,173,-165
107900324,251,2,249
107900325,171,1,170
107900326,317,231,86
107900327,2,74,-72
107900328,121,5,116
107900329,136,170,-34
107900330,17,300,-283
107900331,241,38,203
107900332,290,31,259
107900333,55,43,12
107900334,24,147,-123
107900335,143,44,99
107900336,77,101,-24
107900337,1081,1027,54
107900338,6,201,-195
107900339,9,23,-14
107900340,0,75,-75
107900341,73,2,71
107900342,213,190,23
107900343,50,6,44
107900344,12,68,-56
107900345,117,36,81
107900346,46,6,40
107900347,29,5,24
107900348,23,3,20
107900349,18,6,12
107900350,52,248,-196
108000001,3130,4064,-934
108000002,2098,2539,-441
108000003,4104,3874,230
108000004,12617,14734,-2117
108000005,10366,7258,3108
108000006,9066,8390,676
108000007,5827,4352,1475
108000008,4392,6506,-2114
108000009,4038,5121,-1083
108000010,2962,4486,-1524
108000011,13958,13500,458
108000012,17374,15924,1450
108000014,1352,917,435
108000015,762,337,425
108000016,382,692,-310
108000017,1135,467,668
108000018,2163,742,1421
108000019,3497,1093,2404
108000020,1547,616,931
108000021,391,1987,-1596
108000022,520,1243,-723
108000023,1447,225,1222
108000024,461,581,-120
108000025,344,316,28
108000026,700,485,215
108000027,716,444,272
108000028,647,247,400
108000029,664,503,161
108000030,799,260,539
108000031,299,792,-493
108000032,1714,861,853
108000033,838,1069,-231
108000034,1842,594,1248
108000035,840,2236,-1396
108000036,388,877,-489
108000037,1840,607,1233
108000038,2718,771,1947
108000039,498,1742,-1244
108000040,1971,1133,838
108000041,719,2208,-1489
108000042,368,243,125
108000043,247,342,-95
108000044,554,184,370
108000045,292,462,-170
108000046,1743,388,1355
108000047,563,977,-414
108000048,259,354,-95
108000049,1092,369,723
108000050,128,425,-297
108000051,340,150,190
108000052,235,601,-366
108000053,441,269,172
108000054,492,1035,-543
108000055,1106,677,429
108000056,1036,1359,-323
108000057,660,1346,-686
108000058,2268,4270,-2002
108000059,3287,1933,1354
108000060,259,420,-161
108000061,152,282,-130
108000062,879,646,233
108000063,615,546,69
108000064,235,308,-73
108000065,528,565,-37
108000066,1556,845,711
108000067,1734,676,1058
108000068,799,453,346
108000069,175,905,-730
108000070,2216,918,1298
108000071,820,1400,-580
108000072,1812,1390,422
108000073,1421,1769,-348
108000074,760,414,346
108000075,467,848,-381
108000076,952,711,241
108000077,604,732,-128
108000078,2475,1487,988
108000079,833,1576,-743
108000080,1373,571,802
108000081,551,1729,-1178
108000082,939,1970,-1031
108000083,1875,1080,795
108000084,414,1188,-774
108000085,897,459,438
108000086,940,722,218
108000087,194,2195,-2001
108000088,180,14,166
108000089,395,389,6
108000090,463,197,266
108000091,375,471,-96
108000092,167,80,87
108000093,253,504,-251
108000094,553,113,440
108000095,165,322,-157
108000096,301,177,124
108000097,185,410,-225
108000098,1814,1476,338
108000099,368,119,249
108000100,73,214,-141
108000101,1368,1606,-238
108000102,1936,3680,-1744
108000106,1130,2,1128
108000107,6,951,-945
108000108,1212,60,1152
108000109,12,752,-740
108000110,241,266,-25
108000111,168,510,-342
108000112,64,146,-82
108000113,449,239,210
108000115,354,300,54
108000117,764,390,374
108000118,90,245,-155
108000119,683,351,332
108000120,180,809,-629
108000121,249,474,-225
108000122,609,301,308
108000123,1175,255,920
108000124,392,475,-83
108000125,479,362,117
108000126,201,386,-185
108000127,574,352,222
108000128,611,420,191
108000129,298,907,-609
108000130,459,268,191
108000131,936,530,406
108000132,1872,1405,467
108000133,958,510,448
108000134,569,487,82
108000135,1138,491,647
108000136,390,999,-609
108000137,433,342,91
108000138,444,913,-469
108000139,585,360,225
108000140,127,33,94
108000141,30,88,-58
108000142,62,94,-32
108000143,28,30,-2
108000144,58,13,45
108000145,47,21,26
108000146,88,8,80
108000147,44,16,28
108000148,66,5,61
108000149,26,27,-1
108000150,37,12,25
108000151,78,33,45
108000152,116,558,-442
108000153,474,135,339
108000154,52,24,28
108000155,38,29,9
108000156,404,124,280
108000157,578,1221,-643
108000158,95,943,-848
108000159,436,244,192
108000160,2861,1243,1618
108000161,2730,3099,-369
108000165,9,233,-224
108000172,6,315,-309
108000173,1748,2106,-358
108000175,283,136,147
108000178,448,316,132
108000179,197,993,-796
108000181,59,38,21
108000182,126,18,108
108000183,52,38,14
108000184,938,2138,-1200
108000185,299,510,-211
108000186,188,63,125
108000187,98,569,-471
108000188,603,195,408
108000189,673,1618,-945
108000190,51,139,-88
108000192,214,507,-293
108000193,1220,52,1168
108000194,85,21,64
108000195,2,867,-865
108000196,409,268,141
108000198,521,324,197
108000199,1,207,-206
108000200,443,477,-34
108000202,4,362,-358
108000203,124,681,-557
108000204,187,66,121
108000205,304,454,-150
108000339,1354,437,917
108000364,116,289,-173
108000365,79,315,-236
108000367,185,322,-137
108000368,10,51,-41
108000369,945,230,715
108000371,0,519,-519
108000372,810,3,807
108000373,298,229,69
108000376,132,48,84
108000377,497,261,236
108000378,10384,11124,-740
108000379,35,232,-197
108000381,76,8,68
108000382,197,1,196
108000383,0,144,-144
108900001,120,1101,-981
108900002,224,86,138
108900003,319,625,-306
108900004,582,508,74
108900005,64,437,-373
108900006,967,316,651
108900007,332,227,105
108900008,124,177,-53
108900009,98,113,-15
108900010,249,214,35
108900011,622,397,225
108900012,441,434,7
108900013,190,271,-81
108900014,15,136,-121
108900015,0,150,-150
108900016,0,272,-272
108900017,249,412,-163
108900018,152,442,-290
108900019,42,673,-631
108900020,69,230,-161
108900021,127,226,-99
108900022,117,5,112
108900023,1,46,-45
108900024,34,127,-93
108900025,112,128,-16
108900026,30,106,-76
108900027,0,61,-61
108900028,95,281,-186
108900029,85,245,-160
108900030,1,83,-82
108900031,113,313,-200
108900032,24,215,-191
108900033,1,91,-90
108900034,1,204,-203
108900035,411,1204,-793
108900036,212,239,-27
108900037,74,350,-276
108900038,2,273,-271
108900039,0,387,-387
108900040,10,79,-69
108900041,5258,3651,1607
108900042,13,360,-347
108900043,86,522,-436
108900044,0,414,-414
108900045,75,460,-385
108900046,44,690,-646
108900047,1,114,-113
108900048,136,796,-660
108900049,2843,1210,1633
108900050,0,187,-187
108900051,3,167,-164
108900052,58,216,-158
108900053,106,214,-108
108900054,97,180,-83
108900055,67,380,-313
108900056,1,121,-120
108900057,0,131,-131
108900058,38,331,-293
108900059,426,35,391
108900060,128,115,13
108900061,86,40,46
108900062,4,217,-213
108900063,16,246,-230
108900064,206,57,149
108900065,31,226,-195
108900066,431,132,299
108900067,10,181,-171
108900068,0,128,-128
108900069,103,87,16
108900070,34,143,-109
108900071,132,62,70
108900072,2229,861,1368
108900073,37,169,-132
108900074,184,366,-182
108900075,42,40,2
108900076,393,84,309
108900077,125,307,-182
108900078,41,117,-76
108900079,795,214,581
108900080,50,882,-832
108900081,96,233,-137
108900082,70,84,-14
108900083,48,271,-223
108900084,449,168,281
108900085,2213,169,2044
108900086,113,190,-77
108900087,153,235,-82
108900088,1028,550,478
108900089,17,166,-149
108900090,39,225,-186
108900091,120,76,44
108900092,471,392,79
108900093,141,114,27
108900094,258,96,162
108900095,155,417,-262
108900096,331,20,311
108900097,257,233,24
108900098,2035,760,1275
108900099,428,230,198
108900100,105,101,4
108900101,186,198,-12
108900102,93,1051,-958
108900103,116,155,-39
108900104,126,370,-244
108900105,11,1173,-1162
108900106,453,317,136
108900108,485,76,409
108900109,171,42,129
108900110,307,419,-112
108900111,481,452,29
108900112,264,37,227
108900113,40,57,-17
108900114,12,12,0
108900115,92,94,-2
108900116,137,34,103
108900117,221,24,197
108900118,619,26,593
108900119,245,33,212
108900120,240,198,42
108900121,399,159,240
108900122,165,28,137
108900123,168,149,19
108900124,475,218,257
108900125,439,4,435
108900126,132,34,98
108900127,224,31,193
108900128,141,70,71
108900129,781,176,605
108900130,401,3,398
108900131,412,10,402
108900132,576,90,486
108900133,186,107,79
108900134,332,200,132
108900135,134,11,123
108900136,78,0,78
108900137,188,3,185
108900138,719,45,674
108900139,497,87,410
108900140,334,258,76
108900141,334,22,312
108900142,121,7,114
108900143,71,1,70
108900144,104,0,104
108900145,174,10,164
108900146,63,0,63
108900147,244,11,233
108900148,68,31,37
108900149,943,403,540
108900150,322,10,312
108900151,276,17,259
108900152,266,37,229
108900153,172,321,-149
108900154,5437,518,4919
108900155,278,113,165
108900156,74,13,61
108900157,36,429,-393
108900158,372,39,333
108900159,6,194,-188
108900160,16,225,-209
108900161,25,361,-336
108900162,86,1,85
108900163,10,288,-278
108900164,46,105,-59
108900165,149,135,14
108900167,1592,7422,-5830
108900168,6830,2914,3916
108900169,63,124,-61
108900171,6864,3352,3512
108900172,194,57,137
108900173,240,385,-145
108900174,946,672,274
108900176,183,524,-341
108900177,5989,6589,-600
108900178,3620,3535,85
108900179,631,1943,-1312
108900180,154,293,-139
108900182,60,294,-234
108900183,210,238,-28
108900184,871,273,598
108900185,140,442,-302
108900186,193,436,-243
108900187,459,81,378
108900188,681,48,633
108900189,480,180,300
108900190,73,2538,-2465
108900191,238,48,190
108900192,98,231,-133
108900193,431,128,303
108900194,36,714,-678
108900195,220,238,-18
108900196,43,345,-302
108900198,2,347,-345
108900199,338,356,-18
108900200,802,449,353
108900201,581,1504,-923
108900203,541,120,421
108900204,424,15,409
108900205,212,33,179
108900206,449,75,374
108900207,189,97,92
108900208,13,327,-314
108900209,253,601,-348
108900210,167,229,-62
108900211,198,612,-414
108900212,645,1592,-947
108900215,116,382,-266
108900216,698,232,466
108900217,225,0,225
108900218,206,34,172
108900219,119,10,109
108900220,64,46,18
108900221,65,202,-137
108900222,288,27,261
108900223,14,136,-122
108900224,46,223,-177
108900225,1,189,-188
108900226,289,22,267
108900227,143,360,-217
108900230,249,232,17
108900231,36,186,-150
108900232,1,249,-248
108900233,451,136,315
108900234,388,203,185
108900235,246,689,-443
108900236,69,385,-316
108900237,90,192,-102
108900240,123,117,6
108900241,60,41,19
108900245,20,1421,-1401
108900249,167,37,130
108900250,276,141,135
108900257,242,449,-207
108900258,30,208,-178
108900259,358,66,292
108900260,18,90,-72
108900261,80,169,-89
108900262,187,153,34
108900263,28,165,-137
108900264,568,252,316
108900265,1481,556,925
108900266,760,646,114
108900267,5,99,-94
108900268,13,6,7
108900269,92,13,79
108900270,79,14,65
108900271,66,14,52
108900272,237,8,229
108900273,804,1209,-405
108900274,56,52,4
109000001,3503,1711,1792
109000002,1593,1816,-223
109000003,2806,554,2252
109000004,581,2074,-1493
109000005,2760,692,2068
109000006,734,2113,-1379
109000007,1579,721,858
109000008,545,1690,-1145
109000009,4165,1471,2694
109000010,1474,3397,-1923
109000011,3652,2531,1121
109000012,2045,3119,-1074
109000013,4097,3585,512
109000014,1925,3139,-1214
109000015,4126,7874,-3748
109000016,6038,3448,2590
109000017,2715,1405,1310
109000018,999,2681,-1682
109000019,2671,1449,1222
109000020,1039,1911,-872
109000023,333,31,302
109000024,14,192,-178
109000025,379,504,-125
109000026,691,324,367
109000027,88,327,-239
109000028,129,110,19
109000029,132,196,-64
109000030,102,597,-495
109000031,288,223,65
109000032,167,465,-298
109000033,387,273,114
109000034,44,44,0
109000035,19,91,-72
109000036,138,363,-225
109000037,266,1396,-1130
109000038,585,403,182
109000039,1085,802,283
109000040,4530,8751,-4221
109000041,2966,1907,1059
109000042,500,1460,-960
109000044,500,83,417
109000045,128,383,-255
109000046,388,96,292
109000047,58,494,-436
109000048,1060,312,748
109000049,340,707,-367
109000050,421,264,157
109000051,345,279,66
109000052,498,855,-357
109000053,225,99,126
109000054,328,555,-227
109000055,280,423,-143
109000056,405,526,-121
109000057,817,510,307
109000058,931,300,631
109000059,916,1459,-543
109000060,380,349,31
109000061,868,1294,-426
109000062,142,370,-228
109000063,234,170,64
109000064,356,210,146
109000065,167,190,-23
109000066,415,94,321
109000067,81,274,-193
109000068,3704,19,3685
109000069,1166,58,1108
109000070,19,1519,-1500
109000071,431,92,339
109000072,94,302,-208
109000073,44,92,-48
109000074,26,202,-176
109000075,104,406,-302
109000076,127,224,-97
109000077,402,280,122
109000078,92,173,-81
109000079,173,156,17
109000080,188,116,72
109000081,106,451,-345
109000082,733,202,531
109000083,295,652,-357
109000088,157,516,-359
109000089,363,79,284
109000090,164,437,-273
109000091,347,249,98
109000092,358,521,-163
109000093,243,281,-38
109000094,497,3,494
109000095,97,393,-296
109000096,685,335,350
109000097,102,140,-38
109000098,55,160,-105
109000099,1358,457,901
109000100,359,600,-241
109000101,1891,803,1088
109000102,424,756,-332
109000103,430,639,-209
109000104,1854,645,1209
109000105,546,1163,-617
109000106,2417,998,1419
109000107,655,1869,-1214
109000108,1877,705,1172
109000109,473,1640,-1167
109000110,1495,686,809
109000111,1020,1839,-819
109000112,472,149,323
109000113,427,247,180
109000114,168,376,-208
109000115,1360,41,1319
109000116,6,297,-291
109000117,264,91,173
109000118,10,345,-335
109000119,1678,254,1424
109000120,295,809,-514
109000121,540,59,481
109000122,111,734,-623
109000123,49,52,-3
109000124,690,412,278
109000125,865,470,395
109000126,455,790,-335
109000127,938,203,735
109000128,514,1371,-857
109000129,2473,937,1536
109000130,654,1712,-1058
109000131,1058,600,458
109000132,829,1828,-999
109000133,413,998,-585
109000134,924,1298,-374
109000135,1525,2112,-587
109000136,341,342,-1
109000137,281,386,-105
109000138,598,330,268
109000139,591,489,102
109000140,219,395,-176
109000141,560,509,51
109000142,166,563,-397
109000143,172,96,76
109000145,158,243,-85
109000146,70,152,-82
109000148,3663,1969,1694
109000149,18,56,-38
109000150,82,257,-175
109000155,839,712,127
109000156,1140,686,454
109000158,247,372,-125
109000159,211,642,-431
109000160,1132,246,886
109000161,344,1114,-770
109000162,2148,706,1442
109000163,1191,1913,-722
109000164,1307,2395,-1088
109000165,1269,553,716
109000166,678,119,559
109000167,134,499,-365
109000170,44,67,-23
109000171,70,50,20
109000172,63,73,-10
109000173,28,89,-61
109000174,122,72,50
109000175,60,104,-44
109000176,350,261,89
109000177,33,164,-131
109000178,1014,481,533
109000179,4858,5345,-487
109000180,5611,3952,1659
109000181,19,35,-16
109000182,57,29,28
109000183,41,27,14
109000184,43,23,20
109000185,34,54,-20
109000188,484,1782,-1298
109000189,2292,936,1356
109000190,642,480,162
109000191,387,532,-145
109000192,493,223,270
109000193,182,308,-126
109000194,281,80,201
109000195,154,315,-161
109000196,490,125,365
109000197,265,398,-133
109000198,439,70,369
109000199,134,432,-298
109000206,262,48,214
109000207,114,43,71
109000208,101,81,20
109000209,199,137,62
109000210,217,544,-327
109000211,647,486,161
109000214,430,336,94
109000215,157,91,66
109000216,246,323,-77
109000217,257,134,123
109000218,355,229,126
109000221,484,980,-496
109000222,964,371,593
109000223,335,344,-9
109000224,34,129,-95
109000225,71,37,34
109000226,78,190,-112
109000227,1168,1092,76
109000228,7,1499,-1492
109000231,344,302,42
109000232,360,231,129
109000236,324,681,-357
109000241,2378,2088,290
109000242,2132,1514,618
109000293,19,117,-98
109000361,122,305,-183
109000364,509,628,-119
109000396,2,485,-483
109000397,542,9,533
109000399,113,380,-267
109000400,77,216,-139
109000403,130,997,-867
109000406,381,6,375
109000407,300,218,82
109000408,1,381,-380
109000410,1220,366,854
109000411,221,22,199
109900001,107,0,107
109900002,1021,38,983
109900003,289,2,287
109900004,863,183,680
109900005,24,9,15
109900006,518,224,294
109900007,904,536,368
109900008,0,55,-55
109900009,167,594,-427
109900010,557,34,523
109900011,124,51,73
109900012,424,245,179
109900013,348,171,177
109900014,415,79,336
109900015,476,253,223
109900016,214,22,192
109900017,178,292,-114
109900018,258,63,195
109900019,485,61,424
109900020,35,49,-14
109900021,32,27,5
109900022,172,224,-52
109900023,31,18,13
109900024,22,18,4
109900025,24,59,-35
109900026,1,151,-150
109900027,65,110,-45
109900028,1493,949,544
109900029,4,250,-246
109900030,61,13,48
109900031,1,226,-225
109900032,16,343,-327
109900033,5,455,-450
109900034,38,1,37
109900035,22,31,-9
109900036,20,68,-48
109900037,28,433,-405
109900038,100,220,-120
109900039,17,2,15
109900040,46,471,-425
109900041,67,336,-269
109900042,97,1557,-1460
109900044,101,210,-109
109900045,295,145,150
109900046,21,109,-88
109900047,388,375,13
109900048,7,68,-61
109900049,12,43,-31
109900050,0,147,-147
109900051,2,55,-53
109900052,92,284,-192
109900053,4,237,-233
109900054,698,231,467
109900055,84,286,-202
109900056,14,317,-303
109900057,6,130,-124
109900058,0,80,-80
109900059,698,119,579
109900060,416,143,273
109900061,67,288,-221
109900062,1,176,-175
109900063,16,515,-499
109900064,526,227,299
109900065,114,122,-8
109900066,389,860,-471
109900067,0,240,-240
109900068,99,13,86
109900069,5,48,-43
109900070,45,304,-259
109900071,10,53,-43
109900072,21,138,-117
109900073,455,498,-43
109900074,16,33,-17
109900075,31,49,-18
109900076,19,168,-149
109900077,50,66,-16
109900078,98,207,-109
109900080,143,295,-152
109900081,28,278,-250
109900082,39,299,-260
109900083,22,74,-52
109900084,71,110,-39
109900085,190,642,-452
109900086,154,492,-338
109900087,313,606,-293
109900089,901,300,601
109900090,559,1001,-442
109900091,334,79,255
109900092,1800,45,1755
109900093,1147,179,968
109900094,108,126,-18
109900095,126,249,-123
109900096,41,12,29
109900097,112,7,105
109900098,474,44,430
109900099,220,4,216
109900100,54,0,54
109900101,529,29,500
109900102,525,24,501
109900103,32,43,-11
109900104,667,719,-52
109900105,527,33,494
109900106,646,85,561
109900107,962,125,837
109900108,173,393,-220
109900109,43,239,-196
109900110,91,396,-305
109900111,336,837,-501
109900112,316,537,-221
109900113,823,596,227
109900114,1371,1315,56
109900115,173,121,52
109900117,992,212,780
109900118,346,446,-100
109900119,619,421,198
109900120,102,30,72
109900121,478,559,-81
109900122,464,4,460
109900123,19,169,-150
109900124,47,393,-346
109900125,1,152,-151
109900126,252,92,160
109900128,325,57,268
109900130,6298,2518,3780
109900131,42,145,-103
109900132,26,133,-107
109900133,62,290,-228
109900134,97,111,-14
109900135,292,63,229
109900136,77,167,-90
109900137,213,294,-81
109900140,249,185,64
109900142,1303,325,978
109900145,3,460,-457
109900146,521,41,480
109900148,43,88,-45
109900149,70,73,-3
109900150,10,98,-88
109900151,8,48,-40
109900152,4,37,-33
109900153,1,57,-56
109900154,204,2,202
109900155,108,45,63
109900157,68,247,-179
109900158,57,149,-92
109900159,175,53,122
109900160,184,81,103
109900161,209,103,106
109900162,234,141,93
109900163,721,331,390
109900164,80,197,-117
109900165,267,6,261
109900166,2,160,-158
109900167,179,510,-331
109900168,247,617,-370
109900169,258,233,25
109900170,248,959,-711
109900171,167,93,74
109900172,222,272,-50
109900173,2785,2535,250
109900174,66,145,-79
109900175,53,91,-38
109900176,176,174,2
109900177,68,203,-135
109900178,15,240,-225
109900179,83,21,62
109900180,10,20,-10
110000001,988,487,501
110000002,715,856,-141
110000003,1074,689,385
110000004,558,877,-319
110000005,492,1978,-1486
110000006,326,358,-32
110000007,163,132,31
110000008,24,69,-45
110000009,23,24,-1
110000010,54,65,-11
110000011,54,68,-14
110000012,576,382,194
110000013,43,595,-552
110000014,618,504,114
110000015,302,665,-363
110000016,281,1770,-1489
110000017,3439,292,3147
110000018,2901,482,2419
110000019,18,131,-113
110000020,668,262,406
110000021,738,513,225
110000022,1198,262,936
110000023,18,202,-184
110000024,677,449,228
110000025,424,10,414
110000026,16,403,-387
110000027,1346,1248,98
110000028,912,721,191
110000029,505,730,-225
110000030,254,387,-133
110000031,289,468,-179
110000032,782,406,376
110000033,354,207,147
110000034,568,781,-213
110000035,1089,656,433
110000036,1072,698,374
110000037,293,632,-339
110000038,285,707,-422
110000039,647,3732,-3085
110000040,321,353,-32
110000041,287,1539,-1252
110000042,130,762,-632
110000043,1068,311,757
110000044,436,1299,-863
110000045,2434,228,2206
110000046,1,36,-35
110000047,58,130,-72
110000048,15,89,-74
110000049,115,19,96
110000050,16,73,-57
110000051,37,14,23
110000052,18,37,-19
110000053,223,29,194
110000054,209,477,-268
110000055,697,135,562
110000056,309,120,189
110000057,420,591,-171
110000058,1238,607,631
110000059,1006,574,432
110000060,858,1130,-272
110000061,1014,785,229
110000062,723,886,-163
110000063,51,109,-58
110000064,85,88,-3
110000065,93,64,29
110000066,98,31,67
110000067,133,228,-95
110000068,349,214,135
110000069,293,87,206
110000071,191,134,57
110000073,11,24,-13
110000075,5,72,-67
110000076,355,476,-121
110000077,487,1739,-1252
110000078,36,46,-10
110000080,262,781,-519
110000081,73,344,-271
110000082,41,484,-443
110000083,209,578,-369
110000084,1423,954,469
110000085,1907,1770,137
110000086,1551,2524,-973
110000087,16,62,-46
110000088,106,203,-97
110000089,279,147,132
110000090,519,260,259
110000091,1072,265,807
110000092,35,59,-24
110000093,89,15,74
110000094,623,249,374
110000095,215,671,-456
110000096,2061,2111,-50
110000097,1294,1321,-27
110000098,2465,730,1735
110000099,841,1760,-919
110000100,933,510,423
110000101,23,374,-351
110000102,92,15,77
110000104,479,160,319
110000105,72,273,-201
110000106,727,462,265
110000107,300,403,-103
110000108,142,72,70
110000109,305,272,33
110000110,3225,4882,-1657
110000111,5852,3237,2615
110000112,1198,1309,-111
110000113,327,2129,-1802
110000114,311,919,-608
110000115,379,453,-74
110000116,52,66,-14
110000117,232,328,-96
110000118,461,148,313
110000119,313,306,7
110000120,465,192,273
110000121,69,433,-364
110000122,485,656,-171
110000123,600,771,-171
110000124,4,905,-901
110000125,1148,15,1133
110000126,312,35,277
110000127,1222,90,1132
110000128,52,1343,-1291
110000129,5,483,-478
110000130,269,218,51
110000131,91,285,-194
110000132,3,585,-582
110000133,45,514,-469
110000134,23,346,-323
110000135,223,38,185
110000136,90,237,-147
110000137,497,659,-162
110000138,866,594,272
110000139,910,1072,-162
110000140,1042,718,324
110000143,569,422,147
110000144,6047,2335,3712
110000145,2320,1472,848
110000146,3137,1082,2055
110000147,717,761,-44
110000148,655,323,332
110000151,1126,1372,-246
110000152,857,385,472
110000153,142,28,114
110000154,62,43,19
110000155,2011,4981,-2970
110000156,1070,3060,-1990
110000157,2803,2765,38
110000160,533,271,262
110000161,227,277,-50
110000166,617,130,487
110000167,1063,574,489
110000168,1177,527,650
110000169,1017,438,579
110000170,125,110,15
110000171,648,166,482
110000172,207,749,-542
110000173,1016,1159,-143
110000174,150,823,-673
110000175,750,89,661
110000176,525,354,171
110000177,260,876,-616
110000178,531,1489,-958
110000179,1267,334,933
110000180,211,261,-50
110000181,591,447,144
110000182,362,163,199
110000183,9272,8153,1119
110000184,442,2780,-2338
110000185,2245,1100,1145
110000186,919,868,51
110000191,1025,298,727
110000192,695,14,681
110000193,1282,24,1258
110000194,24,1047,-1023
110000195,475,329,146
110000196,467,340,127
110000197,109,154,-45
110000198,123,80,43
110000199,84,102,-18
110000200,1275,530,745
110000201,1219,1120,99
110000202,1362,644,718
110000203,748,693,55
110000204,3,228,-225
110000205,154,73,81
110000206,670,1336,-666
110000207,1212,464,748
110000208,419,299,120
110000209,179,1325,-1146
110000210,1330,542,788
110000211,1145,890,255
110000212,492,1140,-648
110000213,207,68,139
110000214,313,73,240
110000215,229,361,-132
110000216,131,340,-209
110000217,314,205,109
110000218,179,326,-147
110000219,429,111,318
110000220,73,280,-207
110000221,319,103,216
110000222,68,199,-131
110000223,1,171,-170
110000224,59,19,40
110000225,347,800,-453
110000226,237,56,181
110000227,999,945,54
110000228,359,164,195
110000229,4,263,-259
110000230,825,775,50
110000231,167,236,-69
110000232,262,357,-95
110000233,278,315,-37
110000234,1351,1879,-528
110000235,1166,1371,-205
110000236,787,682,105
110000237,2855,1607,1248
110000238,1251,1730,-479
110000239,2058,1312,746
110000240,2,99,-97
110000242,0,18,-18
110000243,162,145,17
110000244,162,499,-337
110000245,26,413,-387
110000246,891,596,295
110000247,1257,4745,-3488
110000248,2014,1686,328
110000249,72,8,64
110000250,95,223,-128
110000251,327,494,-167
110000252,273,199,74
110000253,1327,613,714
110000254,654,1214,-560
110000255,272,1057,-785
110000256,534,329,205
110000257,750,441,309
110000258,5,451,-446
110000259,119,25,94
110000260,28,233,-205
110000263,515,114,401
110000264,334,406,-72
110000265,1247,2187,-940
110000266,2571,3573,-1002
110000267,33,228,-195
110000268,385,483,-98
110000269,5,75,-70
110000270,92,7,85
110000271,1406,309,1097
110000272,1200,1133,67
110000273,4176,2193,1983
110000274,209,1636,-1427
110000275,1963,608,1355
110000276,352,362,-10
110000277,350,364,-14
110000278,368,706,-338
110000279,886,744,142
110000280,499,429,70
110000281,81,441,-360
110000282,419,24,395
110000283,76,149,-73
110000284,71,64,7
110000285,7,925,-918
110000286,44,0,44
110000287,80,1,79
110000288,5,110,-105
110000289,456,2038,-1582
110000290,851,566,285
110000291,4743,1389,3354
110000292,1402,4367,-2965
110000293,604,652,-48
110000294,986,1056,-70
110000295,184,880,-696
110000296,458,333,125
110000297,2485,343,2142
110000298,230,582,-352
110000299,257,129,128
110000301,357,56,301
110000302,355,917,-562
110000303,448,7,441
110000304,163,250,-87
110000305,1311,25,1286
110000306,200,1204,-1004
110000307,1708,12,1696
110000308,655,9,646
110000309,6,761,-755
110000310,721,54,667
110000311,22,617,-595
110000312,461,112,349
110000313,2563,3183,-620
110000314,3,273,-270
110000315,3440,3337,103
110000316,588,1484,-896
110000317,518,723,-205
110000318,15,99,-84
110000319,22,58,-36
110000320,62,71,-9
110000321,16,54,-38
110000322,303,398,-95
110000323,508,220,288
110000324,3535,2018,1517
110000325,3103,3307,-204
110000327,616,329,287
110000328,222,470,-248
110000333,1145,796,349
110000334,881,1669,-788
110000335,1175,536,639
110000336,751,1089,-338
110000337,1472,655,817
110000338,617,253,364
110000339,413,253,160
110000340,163,229,-66
110000341,470,477,-7
110000342,700,7,693
110000343,1,20,-19
110000344,337,182,155
110000345,391,279,112
110000346,2944,2211,733
110000347,1225,839,386
110000348,18,24,-6
110000349,12,22,-10
110000350,59,11,48
110000351,1141,903,238
110000352,746,1659,-913
110000353,3105,694,2411
110000354,1100,3440,-2340
110000355,97,83,14
110000356,1359,10,1349
110000357,428,19,409
110000361,48,52,-4
110000362,81,101,-20
110000363,401,128,273
110000364,381,469,-88
110000365,231,2,229
110000366,4,94,-90
110000367,640,245,395
110000368,4,76,-72
110000369,88,3,85
110000373,9,287,-278
110000374,193,17,176
110000375,133,987,-854
110000376,28,123,-95
110000377,90,601,-511
110000378,28,410,-382
110000379,3030,2021,1009
110000380,111,29,82
110000383,0,1282,-1282
110000384,1911,1262,649
110000385,1,250,-249
110000387,87,8,79
110000388,71,224,-153
110000389,958,5,953
110000391,748,345,403
110000396,214,174,40
110000397,152,142,10
110000398,7,36,-29
110000399,150,1,149
110000587,150,88,62
110000589,244,163,81
110000640,187,73,114
110000652,53,355,-302
110000653,364,400,-36
110000654,180,382,-202
110000656,3,590,-587
110000674,43,36,7
110000675,25,46,-21
110000676,20,43,-23
110000679,328,1367,-1039
110000682,124,238,-114
110000683,442,530,-88
110000684,10,48,-38
110000685,18,23,-5
110000686,2,37,-35
110000687,41,4,37
110000688,83,1029,-946
110000689,36,29,7
110000692,111,231,-120
110000693,158,382,-224
110000694,0,162,-162
110000695,211,694,-483
110000696,71,98,-27
110900001,370,35,335
110900002,429,213,216
110900003,867,571,296
110900004,532,184,348
110900005,2344,2458,-114
110900006,63,21,42
110900007,149,37,112
110900008,20,34,-14
110900009,478,151,327
110900010,28,93,-65
110900011,20,82,-62
110900012,17,86,-69
110900013,1124,157,967
110900014,333,12,321
110900015,569,755,-186
110900016,66,148,-82
110900017,448,39,409
110900018,571,82,489
110900019,221,25,196
110900020,102,305,-203
110900021,75,530,-455
110900022,121,313,-192
110900023,139,595,-456
110900024,24,381,-357
110900025,11,75,-64
110900027,43,229,-186
110900028,38,167,-129
110900029,31,296,-265
110900030,33,252,-219
110900031,2,184,-182
110900032,1,80,-79
110900033,45,250,-205
110900035,51,444,-393
110900036,143,24,119
110900037,57,31,26
110900038,1005,196,809
110900039,17,282,-265
110900040,225,45,180
110900041,13,108,-95
110900042,116,38,78
110900043,3,134,-131
110900044,209,19,190
110900045,64,376,-312
110900046,48,230,-182
110900047,491,287,204
110900049,136,87,49
110900050,41,2,39
110900051,57,225,-168
110900052,6,175,-169
110900053,147,45,102
110900054,96,186,-90
110900055,33,3,30
110900056,54,126,-72
110900057,9,155,-146
110900058,284,200,84
110900059,560,490,70
110900060,533,207,326
110900061,26,52,-26
110900062,148,227,-79
110900063,88,172,-84
110900064,22,0,22
110900065,341,148,193
110900066,18,119,-101
110900067,330,623,-293
110900068,378,240,138
110900069,6,30,-24
110900071,270,762,-492
110900073,1,29,-28
110900074,342,94,248
110900075,476,89,387
110900077,942,622,320
110900078,71,62,9
110900079,1992,1532,460
110900080,135,95,40
110900081,9,61,-52
110900082,131,113,18
110900083,133,105,28
110900084,31,99,-68
110900085,62,263,-201
110900086,90,369,-279
110900087,426,121,305
110900088,18,3,15
110900090,46,71,-25
110900091,0,66,-66
110900093,321,122,199
110900095,60,53,7
110900097,12,15,-3
110900098,36,117,-81
110900099,106,431,-325
110900100,0,27,-27
110900102,63,22,41
110900105,1273,287,986
110900108,30,48,-18
110900111,538,223,315
110900112,894,11,883
110900113,560,84,476
110900115,5,82,-77
110900116,681,1693,-1012
110900118,169,3025,-2856
110900119,3732,403,3329
110900120,23,67,-44
110900121,142,4,138
110900122,576,218,358
110900125,451,456,-5
110900127,783,1526,-743
110900128,283,295,-12
110900129,420,940,-520
110900130,1022,684,338
110900131,478,45,433
110900132,394,97,297
110900133,316,193,123
110900135,99,369,-270
110900136,387,17,370
110900137,79,4,75
110900138,1569,980,589
110900139,46,233,-187
110900140,86,10,76
110900141,8,243,-235
110900142,70,135,-65
110900143,269,118,151
110900144,3,578,-575
110900145,194,53,141
110900146,616,178,438
110900147,107,459,-352
110900148,1,294,-293
110900149,10,79,-69
110900150,178,30,148
110900151,28,137,-109
110900152,22,271,-249
110900153,157,150,7
111000001,579,451,128
111000002,663,527,136
111000003,1151,703,448
111000004,470,1052,-582
111000005,1415,1247,168
111000006,950,1700,-750
111000007,5006,2952,2054
111000008,2124,3347,-1223
111000009,425,806,-381
111000010,807,282,525
111000011,384,1337,-953
111000012,693,411,282
111000013,418,1303,-885
111000014,1349,472,877
111000017,156,1227,-1071
111000018,342,475,-133
111000020,1091,2662,-1571
111000021,58,107,-49
111000023,106,127,-21
111000025,4696,4247,449
111000029,136,132,4
111000030,36,115,-79
111000031,2524,1646,878
111000032,545,357,188
111000033,298,356,-58
111000034,211,183,28
111000037,1607,934,673
111000038,3756,2561,1195
111000039,2013,2189,-176
111000040,1959,2389,-430
111000041,1764,1694,70
111000042,3256,2487,769
111000043,2257,3462,-1205
111000044,2074,1296,778
111000045,2533,2531,2
111000046,1758,1948,-190
111000047,2695,4358,-1663
111000049,525,546,-21
111000050,1647,1452,195
111000051,610,1036,-426
111000052,594,1679,-1085
111000053,407,939,-532
111000054,432,761,-329
111000055,1063,1491,-428
111000056,166,473,-307
111000057,78,491,-413
111000058,437,75,362
111000059,562,336,226
111000060,4182,1013,3169
111000061,654,424,230
111000062,888,373,515
111000063,1971,1048,923
111000064,749,704,45
111000065,1242,1072,170
111000066,565,563,2
111000067,578,689,-111
111000068,672,1030,-358
111000069,1877,2109,-232
111000070,1313,1014,299
111000071,280,658,-378
111000072,1278,535,743
111000073,371,834,-463
111000074,1753,1749,4
111000075,1078,735,343
111000076,604,635,-31
111000077,1837,1770,67
111000078,2962,1459,1503
111000079,1542,839,703
111000080,699,743,-44
111000081,1894,5375,-3481
111000082,749,655,94
111000084,1056,785,271
111000085,1020,1454,-434
111000086,2875,1085,1790
111000087,703,649,54
111000088,5624,2535,3089
111000089,804,839,-35
111000090,858,1442,-584
111000091,814,482,332
111000092,1253,801,452
111000093,855,1163,-308
111000094,1817,1032,785
111000095,677,2207,-1530
111000096,1903,7486,-5583
111000097,4946,1861,3085
111000098,1070,1279,-209
111000099,685,1716,-1031
111000100,415,1287,-872
111000101,494,848,-354
111000102,304,648,-344
111000104,741,229,512
111000107,190,795,-605
111000109,1171,301,870
111000110,1614,694,920
111000111,2604,570,2034
111000112,1978,664,1314
111000113,1112,1686,-574
111000114,2445,4077,-1632
111000115,5725,1312,4413
111000116,1119,826,293
111000117,531,877,-346
111000118,1491,879,612
111000119,1121,1004,117
111000120,526,568,-42
111000121,342,689,-347
111000122,524,1206,-682
111000123,1011,2593,-1582
111000124,493,2485,-1992
111000125,238,1180,-942
111000126,102,740,-638
111000127,1024,208,816
111000128,1917,326,1591
111000129,2741,528,2213
111000130,2480,713,1767
111000131,1771,575,1196
111000132,1606,913,693
111000133,216,164,52
111000134,212,112,100
111000135,55,171,-116
111000136,332,332,0
111000138,29,2,27
111000140,5,3,2
111000141,229,434,-205
111000142,21,153,-132
111000143,5,160,-155
111000144,58,554,-496
111000145,2109,28,2081
111000146,143,26,117
111000147,461,57,404
111000148,183,85,98
111000149,0,23,-23
111000150,33,9,24
111000151,2,27,-25
111000153,631,767,-136
111000154,772,300,472
111000155,137,188,-51
111000156,625,706,-81
111000157,280,1175,-895
111000158,1134,753,381
111000159,3413,800,2613
111000160,485,391,94
111000161,22,377,-355
111000162,112,181,-69
111000163,834,1013,-179
111000164,817,4503,-3686
111000165,1005,609,396
111000166,2257,426,1831
111000167,190,433,-243
111000168,251,490,-239
111000169,325,624,-299
111000170,487,453,34
111000171,628,671,-43
111000172,200,444,-244
111000173,380,863,-483
111000174,252,344,-92
111000175,40,356,-316
111000176,537,149,388
111000177,373,233,140
111000178,1387,328,1059
111000179,240,146,94
111000180,223,492,-269
111000181,1185,225,960
111000182,203,201,2
111000183,335,370,-35
111000184,380,254,126
111000185,458,385,73
111000186,414,233,181
111000187,165,195,-30
111000188,280,357,-77
111000189,1034,671,363
111000190,211,344,-133
111000191,161,287,-126
111000192,198,425,-227
111000193,326,319,7
111000194,48,303,-255
111000195,140,283,-143
111000196,71,186,-115
111000197,478,125,353
111000198,514,142,372
111000199,240,131,109
111000200,438,286,152
111000201,695,259,436
111000202,362,180,182
111000203,330,267,63
111000204,505,1277,-772
111000213,197,449,-252
111000214,1571,1370,201
111000215,1070,1192,-122
111000217,1585,1025,560
111000218,1392,1224,168
111000219,440,195,245
111000220,1660,983,677
111000221,818,132,686
111000224,4,353,-349
111000225,494,418,76
111000226,110,2,108
111000227,45,2,43
111000228,37,444,-407
111000229,247,878,-631
111000230,301,352,-51
111000231,901,741,160
111000232,787,915,-128
111000233,789,605,184
111000234,174,441,-267
111000239,99,132,-33
111000240,37,172,-135
111000241,47,334,-287
111000242,191,71,120
111000243,166,525,-359
111000244,547,87,460
111000245,1371,369,1002
111000246,562,430,132
111000247,376,719,-343
111000248,643,532,111
111000249,570,618,-48
111000250,64,105,-41
111000251,59,124,-65
111000253,31,19,12
111000255,45,11,34
111000257,68,18,50
111000260,103,1218,-1115
111000261,1308,139,1169
111000271,72,321,-249
111000273,3730,1442,2288
111000274,1531,2654,-1123
111000275,190,50,140
111000276,269,1762,-1493
111000277,235,420,-185
111000278,700,258,442
111000291,806,6341,-5535
111000298,599,240,359
111000299,729,156,573
111000300,133,506,-373
111000302,300,68,232
111000303,77,253,-176
111000312,75,71,4
111000315,2,107,-105
111000320,332,676,-344
111000321,387,158,229
111000322,375,469,-94
111000323,211,24,187
111000324,414,261,153
111000325,54,56,-2
111000326,167,252,-85
111000327,413,388,25
111000328,261,539,-278
111000329,1,29,-28
111000330,47,5,42
111000331,52,4,48
111000332,590,1393,-803
111000334,359,1187,-828
111000335,814,348,466
111000337,1355,469,886
111000338,120,120,0
111000339,692,363,329
111000340,116,587,-471
111000341,1255,768,487
111000342,396,1276,-880
111000344,1155,771,384
111000345,349,96,253
111000346,19,128,-109
111000347,135,24,111
111000350,165,122,43
111000351,92,352,-260
111000352,200,131,69
111000353,175,263,-88
111000354,532,157,375
111000355,302,626,-324
111000358,177,1067,-890
111000360,240,675,-435
111000361,148,268,-120
111000546,957,636,321
111000547,461,437,24
111000548,126,420,-294
111000549,330,335,-5
111000550,86,1149,-1063
111000551,773,169,604
111000552,2370,246,2124
111000907,482,50,432
111000908,28,1,27
111000916,1575,365,1210
111000917,46,454,-408
111000918,193,678,-485
111000920,569,10,559
111000921,4,193,-189
111000922,602,310,292
111000924,50,730,-680
111000925,2529,1894,635
111000926,1011,1511,-500
111000927,3197,4237,-1040
111000928,4366,3115,1251
111000929,1269,1321,-52
111000930,845,2177,-1332
111000931,2190,2804,-614
111000932,4397,2462,1935
111000933,3969,2486,1483
111000934,1964,3811,-1847
111000935,1594,1032,562
111000936,1194,2283,-1089
111000937,1130,1366,-236
111000938,1486,1545,-59
111000939,519,66,453
111000940,455,191,264
111000941,454,457,-3
111000943,495,313,182
111000944,169,328,-159
111000945,94,1327,-1233
111001109,503,347,156
111001110,121,492,-371
111001111,94,14,80
111001112,110,4,106
111001113,4,175,-171
111001114,1023,172,851
111001115,30,551,-521
111001116,5066,4602,464
111001117,663,2307,-1644
111001120,119,322,-203
111001121,203,217,-14
111001122,197,483,-286
111001123,308,81,227
111001124,65,134,-69
111900001,24,139,-115
111900002,21,661,-640
111900003,1,323,-322
111900004,74,125,-51
111900006,21,73,-52
111900007,128,16,112
111900008,272,20,252
111900009,258,218,40
111900010,317,453,-136
111900012,65,87,-22
111900013,27,130,-103
111900014,4645,4156,489
111900015,1,75,-74
111900016,0,106,-106
111900017,2,121,-119
111900018,278,16,262
111900019,9,188,-179
111900020,7,68,-61
111900021,42,96,-54
111900022,8,65,-57
111900023,110,85,25
111900024,0,87,-87
111900025,0,39,-39
111900026,1,66,-65
111900027,1,129,-128
111900028,11,303,-292
111900029,3,108,-105
111900030,39,418,-379
111900031,11,31,-20
111900032,2,259,-257
111900033,6,88,-82
111900034,219,544,-325
111900035,66,209,-143
111900036,0,244,-244
111900038,323,634,-311
111900039,50,405,-355
111900040,3,412,-409
111900042,79,131,-52
111900043,3,254,-251
111900044,336,205,131
111900046,37,143,-106
111900048,225,536,-311
111900049,31,207,-176
111900050,147,55,92
111900051,2,208,-206
111900052,350,428,-78
111900053,1061,1634,-573
111900054,246,11,235
111900055,13,372,-359
111900056,220,330,-110
111900057,182,26,156
111900058,402,529,-127
111900059,1716,754,962
111900060,506,9,497
111900061,7,200,-193
111900062,19,89,-70
111900063,475,315,160
111900064,130,248,-118
111900065,68,30,38
111900066,163,170,-7
111900067,0,321,-321
111900068,92,64,28
111900069,69,26,43
111900070,175,113,62
111900071,1,205,-204
111900072,83,40,43
111900073,946,139,807
111900074,13,187,-174
111900075,137,16,121
111900076,191,57,134
111900077,83,0,83
111900078,295,23,272
111900079,51,68,-17
111900080,255,302,-47
111900082,139,41,98
111900083,141,10,131
111900084,150,20,130
111900085,37,118,-81
111900086,34,2,32
111900087,57,2,55
111900088,500,13,487
111900089,144,3,141
111900090,67,46,21
111900091,299,5,294
111900092,122,2,120
111900093,412,8,404
111900094,166,0,166
111900095,237,34,203
111900096,195,0,195
111900097,55,0,55
111900098,263,6,257
111900099,115,0,115
111900100,140,2,138
111900101,143,54,89
111900102,532,529,3
111900103,71,128,-57
111900104,295,61,234
111900105,373,243,130
111900106,1067,52,1015
111900110,1864,539,1325
111900111,292,148,144
111900112,650,2984,-2334
111900113,324,124,200
111900118,372,100,272
111900119,369,205,164
111900122,154,113,41
111900123,28,45,-17
111900124,63,89,-26
111900125,463,38,425
111900126,377,6,371
111900127,5,624,-619
111900128,8,424,-416
111900129,305,11,294
111900130,302,60,242
111900131,610,5,605
111900132,25,967,-942
111900133,16,309,-293
111900134,11,175,-164
111900135,15,44,-29
111900136,104,186,-82
111900137,52,55,-3
111900138,10,53,-43
111900139,24,86,-62
111900140,98,49,49
111900141,57,16,41
111900142,100,37,63
111900143,74,197,-123
111900144,2,82,-80
111900145,2,359,-357
111900146,4,203,-199
111900147,156,430,-274
111900148,27,544,-517
111900149,10,274,-264
111900150,12,158,-146
111900151,3,29,-26
111900152,64,139,-75
111900153,1256,536,720
111900154,26,302,-276
111900155,81,113,-32
111900156,72,58,14
111900157,144,21,123
111900158,646,76,570
111900159,273,12,261
111900160,266,2,264
111900161,161,3,158
111900162,111,170,-59
111900163,49,264,-215
111900164,154,70,84
111901113,473,142,331
111901114,340,278,62
111901115,89,1,88
111901116,46,2,44
111901117,20,34,-14
111901118,44,243,-199
111901119,681,79,602
111901121,114,153,-39
111901122,3,343,-340
111901123,221,258,-37
111901124,222,1,221
111901125,375,210,165
111901127,504,612,-108
111901128,13,86,-73
111901129,14,96,-82
111901130,7,122,-115
111901131,5,224,-219
111901132,106,25,81
111901133,47,5,42
111901134,98,6,92
111901135,37,14,23
111901136,43,56,-13
111901137,1,36,-35
111901138,270,46,224
111901139,22,36,-14
111901140,7,93,-86
111901141,16,153,-137
111901142,14,93,-79
111901143,0,79,-79
111901144,34,71,-37
111901145,194,380,-186
111901146,443,26,417
112000001,1973,808,1165
112000002,763,2296,-1533
112000003,1450,1149,301
112000004,608,922,-314
112000005,3627,3688,-61
112000006,2325,1961,364
112000007,3429,2503,926
112000008,2867,4040,-1173
112000009,3421,2877,544
112000010,3339,4409,-1070
112000011,1984,1698,286
112000012,5768,5752,16
112000013,5018,3912,1106
112000014,3086,3067,19
112000015,4185,4466,-281
112000016,6825,2302,4523
112000017,2992,4118,-1126
112000024,2546,1178,1368
112000026,3512,4345,-833
112000027,937,702,235
112000028,1285,1698,-413
112000029,579,929,-350
112000030,176,92,84
112000031,1635,5562,-3927
112000032,477,72,405
112000033,2341,2602,-261
112000034,357,79,278
112000035,180,719,-539
112000036,889,1557,-668
112000037,1550,1170,380
112000038,1478,1580,-102
112000039,117,103,14
112000040,100,286,-186
112000041,519,470,49
112000042,1245,563,682
112000050,1362,1622,-260
112000051,1244,1883,-639
112000054,1829,2174,-345
112000057,790,520,270
112000058,514,736,-222
112000059,644,930,-286
112000061,3203,2186,1017
112000062,1796,1166,630
112000063,1164,1840,-676
112000064,4479,5208,-729
112000065,1885,2430,-545
112000066,3904,1589,2315
112000067,984,809,175
112000068,3760,2631,1129
112000069,864,1985,-1121
112000070,2428,995,1433
112000071,1291,3183,-1892
112000072,2760,1096,1664
112000073,2071,2777,-706
112000074,1762,1385,377
112000075,1680,1480,200
112000076,4249,2876,1373
112000077,927,574,353
112000078,2081,875,1206
112000079,1837,1505,332
112000080,864,930,-66
112000081,1591,2782,-1191
112000082,1571,919,652
112000083,632,1226,-594
112000084,1328,924,404
112000085,1392,1027,365
112000086,2035,1294,741
112000087,568,430,138
112000088,890,530,360
112000089,621,382,239
112000090,372,360,12
112000091,616,916,-300
112000092,2015,1090,925
112000093,1512,904,608
112000094,783,839,-56
112000095,662,873,-211
112000096,632,544,88
112000097,1430,872,558
112000098,1034,1176,-142
112000099,827,1876,-1049
112000100,2007,896,1111
112000101,618,970,-352
112000102,1419,533,886
112000103,331,1024,-693
112000105,546,1307,-761
112000106,1544,424,1120
112000107,24,377,-353
112000108,238,1731,-1493
112000109,67,75,-8
112000110,2118,722,1396
112000111,1561,5814,-4253
112000112,7690,887,6803
112000113,1065,1871,-806
112000114,4356,1123,3233
112000115,497,519,-22
112000116,724,1152,-428
112000117,1165,843,322
112000118,1334,935,399
112000119,571,731,-160
112000120,109,381,-272
112000121,163,448,-285
112000122,388,165,223
112000123,811,189,622
112000124,404,95,309
112000125,280,280,0
112000126,292,470,-178
112000127,3162,2782,380
112000128,1103,1026,77
112000129,150,108,42
112000130,264,106,158
112000131,62,261,-199
112000132,138,253,-115
112000133,433,214,219
112000134,565,383,182
112000135,2296,769,1527
112000136,1731,1549,182
112000137,3850,2703,1147
112000138,3810,1663,2147
112000139,1116,696,420
112000140,1401,1223,178
112000141,935,390,545
112000142,202,664,-462
112000143,1170,236,934
112000144,343,1255,-912
112000145,2573,636,1937
112000146,570,1744,-1174
112000147,2764,2085,679
112000148,1782,2405,-623
112000149,592,652,-60
112000150,234,707,-473
112000151,371,390,-19
112000152,456,411,45
112000153,204,282,-78
112000154,175,271,-96
112000155,154,114,40
112000157,1170,735,435
112000158,354,472,-118
112000159,557,378,179
112000167,566,88,478
112000169,352,545,-193
112000173,914,271,643
112000175,544,366,178
112000176,3108,2196,912
112000177,729,236,493
112000178,112,408,-296
112000179,319,127,192
112000180,347,365,-18
112000181,1412,1771,-359
112000182,1434,1616,-182
112000183,59,84,-25
112000184,415,407,8
112000185,579,508,71
112000187,4745,3218,1527
112000195,186,24,162
112000196,239,2,237
112000197,316,277,39
112000198,89,310,-221
112000199,1021,959,62
112000202,558,49,509
112000216,79,246,-167
112000230,131,2,129
112000231,2,291,-289
112000256,59,318,-259
112000313,83,161,-78
112000314,80,31,49
112000337,873,764,109
112000352,575,454,121
112000392,1571,1343,228
112000398,1502,1036,466
112000399,1909,2675,-766
112000400,1887,2989,-1102
112000401,2959,2558,401
112000402,3917,4216,-299
112000403,2230,3683,-1453
112000404,1013,1115,-102
112000405,2106,3072,-966
112000406,3399,2346,1053
112000407,8231,9190,-959
112000408,8066,6312,1754
112000409,1633,4241,-2608
112000410,576,349,227
112000411,4207,2314,1893
112000412,1452,757,695
112000413,7758,6501,1257
112000414,93,53,40
112000415,103,63,40
112000416,2802,1554,1248
112000417,304,97,207
112000421,62,175,-113
112000422,332,357,-25
112000424,2355,3158,-803
112000425,500,871,-371
112000426,141,336,-195
112000427,0,17,-17
112000428,241,306,-65
112000429,2561,2888,-327
112000430,2763,3800,-1037
112000431,89,208,-119
112000432,677,1216,-539
112000433,514,925,-411
112000437,83,187,-104
112900001,77,2,75
112900002,522,874,-352
112900003,104,359,-255
112900004,75,256,-181
112900005,257,186,71
112900006,18,355,-337
112900007,52,217,-165
112900008,0,37,-37
112900009,420,160,260
112900010,435,989,-554
112900011,221,256,-35
112900012,2,56,-54
112900013,17,324,-307
112900014,3,391,-388
112900015,440,770,-330
112900016,3,244,-241
112900017,46,272,-226
112900018,1,239,-238
112900019,85,243,-158
112900020,444,1209,-765
112900021,4,223,-219
112900022,17,72,-55
112900023,6,140,-134
112900024,12,281,-269
112900025,128,307,-179
112900026,3,223,-220
112900027,9,934,-925
112900028,25,136,-111
112900029,18,500,-482
112900030,138,143,-5
112900031,6,450,-444
112900032,538,265,273
112900034,0,64,-64
112900035,6,360,-354
112900036,127,143,-16
112900037,206,207,-1
112900038,780,190,590
112900039,13,290,-277
112900040,8,2327,-2319
112900041,858,1182,-324
112900042,173,298,-125
112900043,38,62,-24
112900044,612,532,80
112900045,350,302,48
112900046,236,91,145
112900047,23,64,-41
112900049,265,91,174
112900050,41,550,-509
112900051,389,529,-140
112900052,10,775,-765
112900053,551,305,246
112900054,522,73,449
112900055,188,54,134
112900056,424,267,157
112900057,40,465,-425
112900058,415,374,41
112900059,167,183,-16
112900060,37,197,-160
112900061,102,135,-33
112900062,93,150,-57
112900063,154,29,125
112900064,222,250,-28
112900065,70,27,43
112900066,430,195,235
112900067,401,183,218
112900068,97,45,52
112900069,3197,1067,2130
112900071,28,10,18
112900072,308,2257,-1949
112900073,656,94,562
112900074,103,310,-207
112900075,1980,1039,941
112900076,110,37,73
112900078,373,445,-72
112900079,289,53,236
112900080,88,5,83
112900081,69,228,-159
112900082,556,27,529
112900083,102,119,-17
112900084,238,151,87
112900086,100,2,98
112900087,729,187,542
112900088,263,30,233
112900089,1138,60,1078
112900090,63,53,10
112900091,290,4,286
112900092,366,415,-49
112900093,1559,42,1517
112900095,37,0,37
112900096,530,178,352
112900097,106,318,-212
112900098,460,5,455
112900099,908,35,873
112900100,114,4,110
112900101,374,5,369
112900102,473,26,447
112900103,244,17,227
112900104,166,7,159
112900105,33,0,33
112900106,466,143,323
112900107,17,3,14
112900108,40,2,38
112900109,143,1,142
112900110,1292,24,1268
112900111,780,9,771
112900112,349,2,347
112900113,0,19,-19
112900114,182,56,126
112900115,1198,2,1196
112900116,166,30,136
112900117,83,107,-24
112900118,46,74,-28
112900119,113,3,110
112900120,938,343,595
112900121,90,229,-139
112900122,17,109,-92
112900123,167,19,148
112900124,14,144,-130
112900125,62,667,-605
112900126,222,308,-86
112900127,417,126,291
112900128,301,758,-457
112900129,3,873,-870
112900130,328,99,229
112900131,43,381,-338
112900132,232,626,-394
112900133,28,1501,-1473
112900134,0,344,-344
112900135,135,55,80
112900137,3,540,-537
112900138,13,248,-235
112900139,256,1089,-833
112900141,1043,64,979
112900142,69,180,-111
112900143,28,492,-464
112900144,2,321,-319
112900145,32,438,-406
112900146,2,1067,-1065
112900147,1,1469,-1468
112900148,87,6,81
112900149,314,468,-154
112900151,14,80,-66
112900152,4461,945,3516
112900153,2063,2713,-650
112900154,2,194,-192
112900155,289,67,222
112900156,446,1374,-928
112900157,366,83,283
112900158,107,21,86
112900159,263,141,122
112900160,100,312,-212
112900161,136,50,86
112900162,73,27,46
112900163,115,58,57
112900164,47,264,-217
112900165,191,39,152
112900166,23,78,-55
112900167,9,113,-104
112900168,6,1,5
112900169,12,23,-11
112900170,227,139,88
112900172,79,16,63
112900173,219,161,58
112900174,289,48,241
112900175,163,155,8
112900176,10,102,-92
112900177,239,57,182
112900178,931,2799,-1868
112900179,45,539,-494
112900180,2433,2019,414
112900181,671,7,664
112900182,48,1083,-1035
112900183,170,339,-169
112900184,614,528,86
112900185,337,894,-557
112900186,1623,1329,294
112900187,96,715,-619
112900188,727,1199,-472
112900189,11,44,-33
112900190,25,51,-26
112900192,803,789,14
112900193,1575,464,1111
112900194,50,63,-13
112900195,1158,91,1067
112900196,229,383,-154
112900197,275,415,-140
112900199,685,472,213
112900200,678,237,441
112900201,132,93,39
112900202,459,902,-443
112900203,267,233,34
112900204,1086,709,377
112900205,28,11,17
112900206,50,86,-36
112900207,31,0,31
112900208,88,360,-272
112900209,441,363,78
112900210,1,21,-20
112900211,147,120,27
112900212,0,118,-118
112900213,57,23,34
112900214,26,19,7
112900215,21,188,-167
112900216,32,83,-51
112900217,1,61,-60
112900218,75,26,49
112900219,221,2,219
112900220,20,0,20
112900221,83,95,-12
112900222,0,29,-29
112900223,1241,36,1205
112900224,413,537,-124
112900225,517,368,149
112900226,329,469,-140
112900227,818,950,-132
112900228,79,61,18
112900229,303,78,225
112900230,8124,4888,3236
112900232,431,327,104
112900233,59,193,-134
112900234,21,78,-57
112900235,132,20,112
112900236,292,15,277
112900237,203,175,28
112900238,5,27,-22
112900239,695,484,211
113000001,6670,5053,1617
113000002,4401,4032,369
113000003,2258,1725,533
113000004,1863,2614,-751
113000005,2078,1108,970
113000006,1273,1527,-254
113000007,2459,1315,1144
113000008,1973,1998,-25
113000009,1441,981,460
113000010,1246,1636,-390
113000011,1361,2552,-1191
113000012,2320,969,1351
113000013,3757,1183,2574
113000014,2508,4677,-2169
113000015,1153,1095,58
113000016,1031,3099,-2068
113000017,177,723,-546
113000018,646,179,467
113000019,422,592,-170
113000020,672,162,510
113000021,1381,576,805
113000022,863,1228,-365
113000025,975,4154,-3179
113000026,544,680,-136
113000027,641,764,-123
113000028,1070,846,224
113000029,1057,953,104
113000030,488,883,-395
113000031,347,402,-55
113000032,330,380,-50
113000033,421,538,-117
113000034,528,480,48
113000035,76,56,20
113000036,35,83,-48
113000037,83,53,30
113000038,27,76,-49
113000039,126,470,-344
113000040,74,101,-27
113000042,977,668,309
113000051,1066,2543,-1477
113000052,2259,910,1349
113000053,553,414,139
113000054,389,931,-542
113000055,1067,624,443
113000056,1100,945,155
113000058,789,969,-180
113000059,1312,671,641
113000060,259,603,-344
113000061,798,900,-102
113000062,856,302,554
113000063,205,86,119
113000064,56,323,-267
113000065,105,790,-685
113000066,835,109,726
113000067,2263,1257,1006
113000068,348,1186,-838
113000069,584,1101,-517
113000070,2847,1087,1760
113000071,586,774,-188
113000072,773,558,215
113000073,454,1415,-961
113000074,1213,547,666
113000075,2270,750,1520
113000076,730,2172,-1442
113000077,1401,753,648
113000078,1000,2662,-1662
113000079,1112,1065,47
113000080,803,962,-159
113000081,1025,1078,-53
113000082,1475,1145,330
113000083,697,953,-256
113000084,1813,1505,308
113000085,1015,756,259
113000086,1094,1162,-68
113000087,945,1054,-109
113000088,2559,1426,1133
113000089,1100,1868,-768
113000090,343,753,-410
113000091,637,439,198
113000094,1428,241,1187
113000095,241,850,-609
113000096,136,806,-670
113000097,1346,505,841
113000098,152,33,119
113000099,1101,479,622
113000100,136,475,-339
113000101,442,633,-191
113000102,764,547,217
113000103,2183,517,1666
113000104,650,2511,-1861
113000105,877,553,324
113000106,300,558,-258
113000107,936,731,205
113000108,688,1203,-515
113000109,630,1967,-1337
113000110,2076,574,1502
113000111,116,665,-549
113000112,377,360,17
113000113,1923,431,1492
113000114,377,1718,-1341
113000116,927,391,536
113000117,1080,129,951
113000118,141,663,-522
113000119,417,468,-51
113000120,71,271,-200
113000121,933,1449,-516
113000124,242,135,107
113000125,102,838,-736
113000127,2564,401,2163
113000128,1109,650,459
113000129,776,1162,-386
113000133,2411,1962,449
113000134,5,1112,-1107
113000135,4904,4736,168
113000137,2209,3796,-1587
113000139,546,382,164
113000140,248,317,-69
113000141,553,404,149
113000142,925,1735,-810
113000143,370,270,100
113000144,327,777,-450
113000145,91,196,-105
113000146,200,98,102
113000147,205,155,50
113000148,222,169,53
113000149,138,148,-10
113000150,667,354,313
113000151,103,77,26
113000152,76,131,-55
113000153,2063,734,1329
113000154,1127,2142,-1015
113000155,538,837,-299
113000156,241,465,-224
113000157,480,1022,-542
113000158,912,323,589
113000159,1251,877,374
113000160,955,1252,-297
113000161,384,531,-147
113000162,1040,566,474
113000163,125,93,32
113000164,39,99,-60
113000166,194,151,43
113000167,69,86,-17
113000168,127,111,16
113000169,281,94,187
113000170,93,130,-37
113000171,81,123,-42
113000172,285,78,207
113000173,85,36,49
113000174,209,482,-273
113000175,558,170,388
113000176,591,240,351
113000177,331,437,-106
113000178,432,336,96
113000179,339,283,56
113000180,806,1436,-630
113000181,1281,1133,148
113000182,233,578,-345
113000183,173,750,-577
113000184,17,145,-128
113000189,652,1147,-495
113000190,1077,664,413
113000192,1407,2856,-1449
113000193,4503,1760,2743
113000194,1588,1358,230
113000195,2850,1438,1412
113000196,237,98,139
113000197,1747,1458,289
113000198,85,610,-525
113000199,2119,555,1564
113000201,298,418,-120
113000202,4373,1384,2989
113000203,263,117,146
113000204,1581,2942,-1361
113000205,17,42,-25
113000206,19,34,-15
113000207,150,30,120
113000208,49,75,-26
113000209,23,51,-28
113000210,16,25,-9
113000211,198,212,-14
113000212,121,18,103
113000213,132,324,-192
113000214,167,300,-133
113000234,242,847,-605
113000410,2933,779,2154
113000411,3247,5083,-1836
113000412,7716,2822,4894
113000413,3022,3474,-452
113000414,7570,16257,-8687
113000415,2534,3494,-960
113000416,9462,4633,4829
113000417,2909,3727,-818
113000418,5692,4152,1540
113000419,2255,2589,-334
113000420,5232,7160,-1928
113000421,5153,7740,-2587
113000422,14297,12653,1644
113000423,2607,6432,-3825
113000424,3702,10232,-6530
113000425,10,89,-79
113000428,803,475,328
113000430,277,3188,-2911
113000432,2115,215,1900
113000433,150,797,-647
113000434,25,162,-137
113000435,63,549,-486
113000436,37,1108,-1071
113000437,1208,21,1187
113000438,335,13,322
113000439,11,117,-106
113000440,150,30,120
113000441,279,246,33
113000442,124,193,-69
113000443,243,249,-6
113000444,168,187,-19
113000445,152,141,11
113000446,28,120,-92
113000448,193,192,1
113000449,220,979,-759
113000450,802,2283,-1481
113000451,1233,199,1034
113000452,459,402,57
113000453,48,385,-337
113000454,719,99,620
113000455,17,321,-304
113000456,4438,3353,1085
113000468,1781,288,1493
113000469,236,251,-15
113000470,312,24,288
113000471,10,419,-409
113000472,102,334,-232
113000474,669,671,-2
113000475,1692,1958,-266
113000476,1685,2172,-487
113000477,3649,2318,1331
113000478,4488,5909,-1421
113000479,103,228,-125
113000480,130,315,-185
113000483,0,0,0
113000484,0,0,0
113000485,5,0,5
113000486,52,11,41
113000487,2,3,-1
113000488,20,8,12
113000489,2,42,-40
113000490,0,56,-56
113000491,60,38,22
113000492,7,2,5
113000493,2,0,2
113000495,198,178,20
113000496,158,115,43
113000497,0,0,0
113000500,0,4,-4
113900001,4,277,-273
113900002,2,85,-83
113900003,0,68,-68
113900004,3,44,-41
113900005,1,63,-62
113900006,0,15,-15
113900007,51,37,14
113900008,26,0,26
113900009,133,2,131
113900010,84,1,83
113900011,42,1,41
113900012,49,1,48
113900013,252,3,249
113900014,627,2,625
113900015,1,74,-73
113900016,63,1,62
113900017,1,63,-62
113900018,464,273,191
113900019,148,58,90
113900020,184,3,181
113900022,30,1,29
113900023,27,0,27
113900024,59,61,-2
113900025,313,16,297
113900026,96,0,96
113900027,10,55,-45
113900028,15,409,-394
113900029,60,182,-122
113900030,262,1,261
113900031,10,0,10
113900032,29,0,29
113900033,72,87,-15
113900035,62,0,62
113900036,19,128,-109
113900037,172,419,-247
113900038,70,140,-70
113900039,171,10,161
113900040,7,10,-3
113900041,5,3,2
113900042,78,53,25
113900043,151,132,19
113900044,747,396,351
113900045,94,5,89
113900046,347,666,-319
113900047,59,136,-77
113900048,186,116,70
113900049,575,312,263
113900050,280,347,-67
113900051,260,363,-103
113900052,164,163,1
113900053,801,656,145
113900054,34,1,33
113900055,87,442,-355
113900056,58,201,-143
113900057,15,142,-127
113900058,79,127,-48
113900059,246,343,-97
113900060,81,221,-140
113900061,1045,275,770
113900062,111,18,93
113900063,98,135,-37
113900064,54,187,-133
113900065,493,27,466
113900066,374,329,45
113900067,168,263,-95
113900068,591,559,32
113900069,88,35,53
113900070,180,548,-368
113900071,74,59,15
113900072,83,201,-118
113900073,235,417,-182
113900074,199,432,-233
113900075,1380,1208,172
113900076,224,26,198
113900077,56,183,-127
113900078,61,44,17
113900079,1,54,-53
113900080,529,267,262
113900081,65,193,-128
113900082,115,244,-129
113900083,419,413,6
113900084,306,114,192
113900085,46,285,-239
113900086,59,16,43
113900087,88,159,-71
113900088,82,127,-45
113900089,425,41,384
113900090,754,457,297
113900091,34,26,8
113900092,33,81,-48
113900093,87,756,-669
113900094,441,400,41
113900095,151,128,23
113900096,372,77,295
113900097,73,87,-14
113900098,689,84,605
113900099,0,57,-57
113900100,0,6,-6
113900101,7,87,-80
113900102,157,192,-35
113900103,399,364,35
113900104,145,192,-47
113900105,151,212,-61
113900106,0,70,-70
113900107,1,28,-27
113900108,219,295,-76
113900109,470,242,228
113900110,92,41,51
113900111,175,103,72
113900112,134,67,67
113900113,1111,540,571
113900114,1,57,-56
113900115,2,76,-74
113900116,142,157,-15
113900117,135,19,116
113900118,261,448,-187
113900119,180,614,-434
113900120,79,125,-46
113900121,106,101,5
113900122,565,2087,-1522
113900123,540,181,359
113900124,5,68,-63
113900125,890,156,734
113900126,147,55,92
113900127,370,887,-517
113900128,182,70,112
113900129,20,157,-137
113900130,24,131,-107
113900131,266,82,184
113900132,76,74,2
113900133,23,47,-24
113900135,311,384,-73
113900136,120,72,48
113900137,383,285,98
113900138,73,282,-209
113900139,346,146,200
113900140,334,417,-83
113900141,679,245,434
113900142,127,78,49
113900143,19,30,-11
113900144,307,452,-145
113900145,456,177,279
113900146,183,74,109
113900148,198,332,-134
113900149,226,101,125
113900150,768,503,265
113900151,494,219,275
113900152,54,44,10
113900153,323,712,-389
113900154,3,178,-175
113900155,254,210,44
113900156,276,407,-131
113900157,64,291,-227
113900158,484,842,-358
113900159,20,298,-278
113900160,702,585,117
113900161,82,285,-203
113900162,725,1258,-533
113900163,349,288,61
113900164,308,53,255
113900165,958,499,459
113900166,309,201,108
113900167,294,56,238
113900168,98,95,3
113900169,306,388,-82
113900171,258,84,174
113900172,14,215,-201
113900173,56,537,-481
113900174,560,630,-70
113900175,402,138,264
113900176,578,556,22
113900177,369,208,161
113900178,430,146,284
113900179,25,432,-407
113900180,140,110,30
113900181,627,145,482
113900182,892,994,-102
113900183,56,91,-35
113900184,13,526,-513
113900185,168,92,76
113900186,42,37,5
113900187,37,133,-96
113900188,52,173,-121
113900189,364,133,231
113900190,341,135,206
113900191,123,281,-158
113900192,6,664,-658
113900193,26,226,-200
113900194,1721,1026,695
113900195,270,393,-123
113900196,97,312,-215
113900197,3,162,-159
113900198,55,270,-215
113900199,185,718,-533
113900200,37,355,-318
113900201,0,145,-145
113900202,37,368,-331
113900203,0,100,-100
113900204,78,469,-391
113900205,14,232,-218
113900206,8,165,-157
113900207,5,57,-52
113900208,0,68,-68
113900209,0,89,-89
113900210,909,984,-75
113900211,230,88,142
113900212,175,435,-260
113900214,462,460,2
113900215,144,152,-8
113900216,119,887,-768
113900217,111,193,-82
113900218,207,86,121
113900219,170,491,-321
113900220,189,137,52
113900221,440,285,155
113900222,323,668,-345
113900223,138,698,-560
113900224,78,46,32
113900225,636,258,378
113900226,387,154,233
113900227,466,275,191
113900228,383,656,-273
113900229,81,998,-917
113900230,4351,4068,283
113900231,182,215,-33
113900232,132,106,26
113900233,91,83,8
113900234,441,480,-39
113900235,171,58,113
113900236,178,292,-114
113900237,367,21,346
113900238,287,595,-308
113900239,69,94,-25
113900240,5,197,-192
113900241,132,54,78
113900242,70,168,-98
113900243,155,456,-301
113900244,396,243,153
113900245,1290,337,953
113900246,10,33,-23
113900247,217,511,-294
113900248,2685,1998,687
113900249,845,443,402
113900250,67,128,-61
113900251,743,165,578
113900252,585,26,559
113900253,726,85,641
113900254,1074,179,895
113900255,539,32,507
113900256,396,36,360
113900257,43,556,-513
113900258,22,452,-430
113900259,630,178,452
113900260,199,32,167
113900261,43,92,-49
113900262,159,504,-345
113900263,184,718,-534
113900264,3,414,-411
113900265,225,343,-118
113900266,62,168,-106
113900267,116,573,-457
113900268,403,648,-245
113900269,93,189,-96
113900270,442,1036,-594
113900271,809,1026,-217
113900273,104,17,87
113900274,92,37,55
113900275,34,66,-32
113900276,2,149,-147
113900277,145,11,134
113900278,323,226,97
113900279,91,121,-30
113900280,1798,758,1040
113900281,733,1653,-920
113900282,969,683,286
113900283,473,515,-42
113900284,966,364,602
113900285,195,122,73
113900286,24,89,-65
113900287,42,102,-60
113900288,1,181,-180
113900289,933,117,816
113900290,261,230,31
113900291,147,201,-54
113900292,16,3,13
113900293,3,269,-266
113900294,419,30,389
113900295,509,494,15
113900296,2185,469,1716
113900297,2411,50,2361
113900298,18,1808,-1790
113900299,101,115,-14
113900300,5056,3638,1418
113900301,947,442,505
113900302,2270,1166,1104
113900303,464,493,-29
113900304,2,94,-92
113900305,109,0,109
113900306,69,1,68
113900307,71,0,71
113900308,87,130,-43
113900309,4,890,-886
113900310,0,9,-9
113900311,20,1,19
113900312,231,257,-26
113900313,9,8,1
114000001,1059,2542,-1483
114000002,376,370,6
114000003,52,282,-230
114000004,382,456,-74
114000005,342,281,61
114000006,2436,2465,-29
114000007,903,1413,-510
114000008,1461,2091,-630
114000009,865,246,619
114000011,3006,2547,459
114000012,2682,1766,916
114000013,1852,1501,351
114000014,603,273,330
114000015,1833,344,1489
114000016,225,324,-99
114000017,165,476,-311
114000018,234,62,172
114000026,2026,1318,708
114000027,3478,2118,1360
114000028,2825,2710,115
114000038,342,208,134
114000039,101,56,45
114000040,154,280,-126
114000042,137,216,-79
114000043,42,101,-59
114000044,325,46,279
114000045,48,74,-26
114000046,3252,5606,-2354
114000047,12,62,-50
114000048,105,66,39
114000049,1692,1878,-186
114000050,1816,2247,-431
114000051,3158,2283,875
114000052,4181,2153,2028
114000053,92,797,-705
114000054,212,1061,-849
114000055,253,43,210
114000056,1094,1127,-33
114000057,5087,2469,2618
114000058,677,1718,-1041
114000059,343,331,12
114000060,675,951,-276
114000061,2987,3089,-102
114000062,2362,1680,682
114000063,2693,1812,881
114000064,5851,4071,1780
114000065,1744,2628,-884
114000066,540,680,-140
114000067,31,918,-887
114000068,566,784,-218
114000069,1045,653,392
114000070,2479,1909,570
114000071,796,693,103
114000072,542,281,261
114000073,19,70,-51
114000074,30,12,18
114000075,72,127,-55
114000076,20,141,-121
114000077,17,52,-35
114000078,553,835,-282
114000079,155,40,115
114000080,99,108,-9
114000081,94,112,-18
114000082,59,389,-330
114000083,85,271,-186
114000084,382,98,284
114000085,105,605,-500
114000086,236,445,-209
114000087,142,181,-39
114000088,43,50,-7
114000089,929,388,541
114000090,1190,1024,166
114000091,1767,891,876
114000092,1179,557,622
114000093,1505,738,767
114000094,421,379,42
114000095,252,189,63
114000096,134,407,-273
114000097,132,567,-435
114000098,538,122,416
114000099,681,448,233
114000100,1462,629,833
114000101,415,689,-274
114000102,643,336,307
114000103,170,372,-202
114000104,87,243,-156
114000105,210,90,120
114000106,893,1097,-204
114000107,380,144,236
114000108,1425,1013,412
114000109,550,1162,-612
114000110,665,1320,-655
114000111,1785,876,909
114000112,517,1737,-1220
114000113,1358,598,760
114000114,1372,1281,91
114000115,2173,1240,933
114000116,1102,1082,20
114000117,3066,452,2614
114000118,2813,490,2323
114000119,1861,540,1321
114000120,597,807,-210
114000121,471,818,-347
114000122,402,270,132
114000123,2289,360,1929
114000124,927,308,619
114000125,898,1263,-365
114000126,1838,243,1595
114000127,321,201,120
114000128,835,394,441
114000130,572,587,-15
114000131,366,116,250
114000132,643,549,94
114000133,1022,1492,-470
114000134,79,144,-65
114000138,33,225,-192
114000139,546,326,220
114000144,1041,539,502
114000145,100,173,-73
114000146,100,217,-117
114000147,1711,2013,-302
114000148,2101,2016,85
114000149,420,292,128
114000150,553,786,-233
114000151,923,1503,-580
114000152,163,55,108
114000153,821,2592,-1771
114000154,908,800,108
114000155,1286,2244,-958
114000156,953,821,132
114000157,294,1081,-787
114000158,1744,854,890
114000159,201,490,-289
114000160,106,625,-519
114000161,1485,3233,-1748
114000162,1373,2974,-1601
114000163,21,128,-107
114000165,774,361,413
114000166,920,441,479
114000167,3140,1614,1526
114000168,708,673,35
114000169,1615,1651,-36
114000170,1177,1427,-250
114000171,1335,3023,-1688
114000174,271,482,-211
114000176,525,579,-54
114000177,1779,920,859
114000178,63,72,-9
114000179,1251,704,547
114000180,465,683,-218
114000181,1815,4205,-2390
114000182,2996,2624,372
114000183,842,884,-42
114000184,2269,989,1280
114000185,1307,840,467
114000189,1112,162,950
114000190,2918,401,2517
114000191,40,97,-57
114000192,215,1377,-1162
114000193,567,2497,-1930
114000194,1343,952,391
114000195,185,44,141
114000196,3,180,-177
114000197,1343,35,1308
114000198,878,332,546
114000199,2144,1755,389
114000200,637,1785,-1148
114000201,146,856,-710
114000202,986,560,426
114000203,487,579,-92
114000204,217,491,-274
114000205,220,1378,-1158
114000206,699,1333,-634
114000207,699,1695,-996
114000208,485,2358,-1873
114000209,678,2183,-1505
114000210,264,1188,-924
114000211,1121,1516,-395
114000212,814,836,-22
114000213,1389,607,782
114000214,107,202,-95
114000215,228,100,128
114000216,1332,303,1029
114000217,384,232,152
114000218,180,270,-90
114000219,1273,254,1019
114000220,30,858,-828
114000221,1121,166,955
114000222,256,1018,-762
114000223,512,126,386
114000224,125,572,-447
114000225,231,601,-370
114000226,214,243,-29
114000227,801,473,328
114000228,928,857,71
114000229,1219,1215,4
114000230,1788,1175,613
114000231,1032,1209,-177
114000232,784,145,639
114000233,2316,136,2180
114000234,1217,1054,163
114000235,1187,1326,-139
114000236,4,435,-431
114000237,132,790,-658
114000238,194,178,16
114000239,217,1153,-936
114000240,866,890,-24
114000241,290,916,-626
114000242,922,795,127
114000243,1763,936,827
114000244,910,423,487
114000245,471,752,-281
114000246,122,44,78
114000247,977,696,281
114000248,1220,569,651
114000249,484,461,23
114000250,551,718,-167
114000251,455,223,232
114000252,68,78,-10
114000253,98,179,-81
114000254,54,63,-9
114000255,585,307,278
114000256,1659,2346,-687
114000257,426,1311,-885
114000258,291,426,-135
114000259,146,256,-110
114000260,0,25,-25
114000261,64,45,19
114000262,364,142,222
114000263,13,1,12
114000264,1214,590,624
114000265,0,2,-2
114000267,10,1625,-1615
114000268,5,1196,-1191
114000270,88,0,88
114000271,385,76,309
114000283,1261,501,760
114000285,26,193,-167
114000288,82,338,-256
114000289,1298,120,1178
114000293,246,470,-224
114000294,315,517,-202
114000395,1387,60,1327
114000396,654,513,141
114000402,544,273,271
114000403,323,459,-136
114000405,145,443,-298
114000423,352,434,-82
114000424,500,256,244
114000425,763,419,344
114000426,372,897,-525
114000427,85,76,9
114000428,200,201,-1
114000429,20,224,-204
114000432,122,96,26
114000434,25,76,-51
114000435,2,161,-159
114000436,804,248,556
114000437,155,1024,-869
114900001,805,902,-97
114900002,627,145,482
114900003,664,1266,-602
114900004,257,514,-257
114900005,634,734,-100
114900006,91,102,-11
114900007,475,28,447
114900008,149,86,63
114900010,1701,1720,-19
114900011,226,155,71
114900013,295,131,164
114900015,88,454,-366
114900018,788,32,756
114900020,214,89,125
114900022,76,682,-606
114900024,255,164,91
114900025,518,212,306
114900026,44,149,-105
114900027,302,289,13
114900029,19,15,4
114900030,354,244,110
114900031,426,15,411
114900032,355,42,313
114900033,1015,863,152
114900034,45,194,-149
114900035,142,318,-176
114900036,237,655,-418
114900037,163,147,16
114900038,168,615,-447
114900039,567,510,57
114900040,58,150,-92
114900041,789,437,352
114900042,908,678,230
114900043,625,278,347
114900044,190,40,150
114900046,42,122,-80
114900047,260,2054,-1794
114900048,128,261,-133
114900049,8,171,-163
114900050,45,393,-348
114900051,32,385,-353
114900052,118,306,-188
114900053,119,285,-166
114900054,62,138,-76
114900057,262,11,251
114900058,1,69,-68
114900059,118,43,75
114900060,1106,859,247
114900061,138,138,0
114900062,241,346,-105
114900063,97,157,-60
114900064,1677,447,1230
114900065,453,706,-253
114900067,70,460,-390
114900068,79,154,-75
114900069,221,123,98
114900070,536,441,95
114900072,19,391,-372
114900073,0,148,-148
114900074,766,613,153
114900075,332,11,321
114900076,24,382,-358
114900080,1978,385,1593
114900082,3305,2283,1022
114900083,1254,1269,-15
114900090,339,188,151
114900091,173,161,12
114900095,286,105,181
114900096,580,772,-192
114900097,138,2,136
114900098,4,208,-204
114900099,353,16,337
115000001,5972,4032,1940
115000002,4176,4415,-239
115000003,5006,3282,1724
115000004,4776,6339,-1563
115000005,1755,2397,-642
115000006,1027,1715,-688
115000007,188,204,-16
115000008,504,580,-76
115000009,248,263,-15
115000010,270,231,39
115000013,116,178,-62
115000015,73,345,-272
115000016,318,390,-72
115000019,34,484,-450
115000020,123,807,-684
115000021,261,447,-186
115000022,613,444,169
115000023,365,714,-349
115000024,1179,571,608
115000025,985,845,140
115000026,174,466,-292
115000027,285,317,-32
115000028,331,925,-594
115000029,685,128,557
115000030,1061,1302,-241
115000031,1401,489,912
115000032,12,244,-232
115000033,205,60,145
115000034,103,1339,-1236
115000035,1398,91,1307
115000036,0,493,-493
115000037,663,11,652
115000038,43,201,-158
115000039,3863,3656,207
115000040,6616,3482,3134
115000041,1597,3923,-2326
115000042,898,860,38
115000043,4285,2599,1686
115000044,4287,4001,286
115000045,2807,1701,1106
115000046,2594,2591,3
115000047,2621,1462,1159
115000048,1690,2297,-607
115000049,1604,3227,-1623
115000050,3576,1830,1746
115000051,1908,2841,-933
115000052,2151,1702,449
115000053,1861,1888,-27
115000054,748,1222,-474
115000055,194,817,-623
115000056,254,642,-388
115000057,649,1164,-515
115000058,504,339,165
115000059,308,172,136
115000061,208,158,50
115000062,193,264,-71
115000063,424,325,99
115000064,266,168,98
115000065,47,484,-437
115000067,171,12,159
115000069,78,381,-303
115000070,47,928,-881
115000071,157,23,134
115000072,7,57,-50
115000073,1309,82,1227
115000075,108,68,40
115000076,3162,2876,286
115000077,2197,2347,-150
115000078,1522,1348,174
115000079,1226,1633,-407
115000080,2403,2202,201
115000081,514,1053,-539
115000082,4367,3991,376
115000083,2105,2076,29
115000084,2748,1227,1521
115000085,833,829,4
115000086,1356,920,436
115000087,459,1452,-993
115000088,1995,751,1244
115000089,1455,1268,187
115000090,596,831,-235
115000091,228,889,-661
115000092,604,364,240
115000093,596,5,591
115000094,6656,5522,1134
115000095,4733,6009,-1276
115000096,879,1366,-487
115000097,1103,951,152
115000098,1281,716,565
115000099,2739,2587,152
115000100,1058,387,671
115000101,455,1488,-1033
115000102,507,254,253
115000103,295,579,-284
115000105,85,144,-59
115000106,743,312,431
115000107,207,384,-177
115000108,3075,2514,561
115000109,4398,4763,-365
115000110,1646,1720,-74
115000111,769,1691,-922
115000112,944,789,155
115000113,1011,926,85
115000114,1719,821,898
115000116,4327,2650,1677
115000117,3900,3593,307
115000118,2198,2037,161
115000119,1725,2793,-1068
115000120,635,1608,-973
115000121,1524,1122,402
115000122,4703,2239,2464
115000123,2012,2914,-902
115000124,831,1062,-231
115000125,506,826,-320
115000126,204,338,-134
115000127,407,156,251
115000128,546,804,-258
115000129,257,336,-79
115000130,642,805,-163
115000131,801,287,514
115000132,285,450,-165
115000133,459,282,177
115000134,281,397,-116
115000135,299,247,52
115000136,339,381,-42
115000137,280,336,-56
115000138,374,284,90
115000139,226,270,-44
115000140,438,265,173
115000141,176,219,-43
115000142,284,220,64
115000143,800,648,152
115000144,550,68,482
115000145,240,296,-56
115000146,488,407,81
115000147,413,459,-46
115000148,348,981,-633
115000149,639,247,392
115000150,837,928,-91
115000151,1248,571,677
115000152,745,1077,-332
115000153,1184,614,570
115000154,846,351,495
115000155,730,923,-193
115000156,1227,771,456
115000157,813,868,-55
115000158,733,499,234
115000159,786,710,76
115000160,806,750,56
115000161,610,563,47
115000162,773,918,-145
115000163,645,703,-58
115000164,635,623,12
115000165,376,614,-238
115000167,147,93,54
115000168,633,298,335
115000169,647,388,259
115000170,120,162,-42
115000171,370,263,107
115000172,1418,742,676
115000173,439,649,-210
115000174,212,352,-140
115000175,189,223,-34
115000176,195,232,-37
115000177,197,331,-134
115000178,16,248,-232
115000179,37,40,-3
115000180,136,566,-430
115000181,760,133,627
115000182,999,333,666
115000183,461,731,-270
115000186,762,275,487
115000187,245,789,-544
115000188,438,489,-51
115000189,183,426,-243
115000190,821,398,423
115000191,201,605,-404
115000194,176,216,-40
115000195,346,344,2
115000196,225,96,129
115000197,266,245,21
115000198,402,231,171
115000199,352,158,194
115000200,428,153,275
115000201,142,388,-246
115000206,477,76,401
115000207,166,309,-143
115000208,490,603,-113
115000209,876,340,536
115000210,187,131,56
115000211,246,289,-43
115000212,1577,411,1166
115000224,491,56,435
115000225,70,94,-24
115000229,178,145,33
115000230,126,469,-343
115000231,318,1437,-1119
115000232,1689,280,1409
115000233,201,224,-23
115000234,27,336,-309
115000241,115,242,-127
115000242,128,252,-124
115000243,57,211,-154
115000244,5,126,-121
115000246,36,36,0
115000247,29,36,-7
115000248,36,35,1
115000249,33,14,19
115000250,329,53,276
115000251,304,144,160
115000252,129,238,-109
115000253,42,566,-524
115000258,447,166,281
115000259,407,170,237
115000261,28,31,-3
115000262,32,25,7
115000263,23,49,-26
115000264,33,34,-1
115000267,83,69,14
115000268,51,121,-70
115000269,126,56,70
115000270,5,37,-32
115000272,104,155,-51
115000273,409,43,366
115000280,3092,317,2775
115000281,903,924,-21
115000282,1602,931,671
115000284,346,205,141
115000296,1334,18,1316
115000297,222,158,64
115000298,111,586,-475
115000300,273,177,96
115000302,649,168,481
115000303,812,179,633
115000304,908,72,836
115000305,114,735,-621
115000306,206,343,-137
115000307,145,204,-59
115000308,28,21,7
115000309,11,83,-72
115000310,1054,736,318
115000311,1060,1193,-133
115000313,106,591,-485
115000314,506,153,353
115000315,875,482,393
115000316,69,121,-52
115000317,216,458,-242
115000318,800,354,446
115000319,65,323,-258
115000320,7,377,-370
115000321,416,9,407
115000322,59,233,-174
115000449,278,200,78
115000557,2,1233,-1231
115000558,516,143,373
115000587,475,408,67
115000588,2218,2958,-740
115000589,3755,2722,1033
115000590,1277,1774,-497
115000591,1946,932,1014
115000592,695,1931,-1236
115000593,1587,679,908
115000594,942,2614,-1672
115000609,213,106,107
115000617,2018,3706,-1688
115000624,318,58,260
115000633,505,2106,-1601
115000634,2995,968,2027
115000635,540,169,371
115000638,820,698,122
115000641,66,117,-51
115000642,423,287,136
115000643,111,539,-428
115000644,195,491,-296
115000646,965,1744,-779
115000647,311,606,-295
115000648,2089,1871,218
115000893,3247,1529,1718
115000894,134,1057,-923
115000895,340,786,-446
115000896,1100,394,706
115000897,596,140,456
115000898,809,245,564
115000899,540,1137,-597
115000900,99,289,-190
115000901,57,144,-87
115000912,445,94,351
115000913,2,19,-17
115000915,26,2,24
115000916,15,7,8
115000917,0,9,-9
115000918,99,369,-270
115000919,5,38,-33
115000920,11,40,-29
115000921,684,93,591
115000922,779,812,-33
115000923,441,921,-480
115000925,106,113,-7
115000927,40,65,-25
115000933,229,200,29
115000934,199,200,-1
115000935,171,95,76
115000936,77,592,-515
115000937,674,155,519
115000938,114,230,-116
115000939,73,181,-108
115900001,92,36,56
115900002,106,154,-48
115900003,212,75,137
115900004,0,58,-58
115900005,203,20,183
115900006,161,270,-109
115900008,64,7,57
115900009,94,294,-200
115900010,412,138,274
115900011,649,357,292
115900012,179,63,116
115900013,445,140,305
115900014,229,195,34
115900015,187,65,122
115900016,138,30,108
115900017,24,7,17
115900018,220,90,130
115900019,276,15,261
115900020,83,2,81
115900021,1378,191,1187
115900022,1580,14,1566
115900023,39,24,15
115900025,64,304,-240
115900026,931,239,692
115900027,1,319,-318
115900028,580,49,531
115900029,24,305,-281
115900030,36,57,-21
115900031,327,348,-21
115900032,662,748,-86
115900033,0,60,-60
115900034,70,324,-254
115900035,54,47,7
115900036,65,782,-717
115900037,67,329,-262
115900038,66,16,50
115900039,178,216,-38
115900041,452,640,-188
115900042,38,4,34
115900043,112,103,9
115900044,234,305,-71
115900046,276,239,37
115900047,192,177,15
115900049,169,224,-55
115900051,4,47,-43
115900052,6,237,-231
115900053,232,242,-10
115900054,225,33,192
115900055,32,148,-116
115900056,262,279,-17
115900057,26,14,12
115900058,41,97,-56
115900060,136,194,-58
115900061,209,2,207
115900062,40,270,-230
115900063,89,16,73
115900064,169,252,-83
115900065,143,158,-15
115900066,230,115,115
115900067,9,497,-488
115900068,2876,869,2007
115900069,63,218,-155
115900070,211,185,26
115900071,1,493,-492
115900072,49,169,-120
115900073,71,89,-18
115900074,4,208,-204
115900075,98,262,-164
115900076,4,46,-42
115900077,1,210,-209
115900078,56,149,-93
115900079,228,8,220
115900080,474,247,227
115900081,10,75,-65
115900082,153,168,-15
115900084,565,20,545
115900085,41,79,-38
115900086,1384,649,735
115900088,12,116,-104
115900089,365,656,-291
115900090,363,20,343
115900091,17,34,-17
115900092,19,150,-131
115900093,6,11,-5
115900094,1,279,-278
115900096,3,8,-5
115900097,14,357,-343
115900098,184,312,-128
115900099,135,89,46
115900100,7,430,-423
115900101,128,241,-113
115900102,90,61,29
115900103,402,187,215
115900104,77,123,-46
115900105,356,676,-320
115900106,99,26,73
115900107,94,116,-22
115900108,174,41,133
115900109,85,403,-318
115900110,4,25,-21
115900111,0,89,-89
115900112,43,840,-797
115900113,63,49,14
115900114,2,141,-139
115900115,69,223,-154
115900116,76,860,-784
115900117,89,29,60
115900118,4,252,-248
115900119,131,124,7
115900120,25,283,-258
115900121,188,255,-67
115900124,275,597,-322
115900125,386,70,316
115900126,737,78,659
115900127,680,53,627
115900128,17,199,-182
115900129,793,57,736
115900130,12,257,-245
115900131,302,24,278
115900132,550,10,540
115900134,292,14,278
115900135,517,1320,-803
115900137,69,5,64
115900139,80,111,-31
115900140,235,33,202
115900141,9,65,-56
115900142,10,37,-27
115900143,359,500,-141
115900144,79,309,-230
115900146,10,95,-85
115900147,269,264,5
115900148,93,9,84
115900149,100,14,86
115900150,67,25,42
115900151,20,127,-107
115900152,133,310,-177
115900153,128,194,-66
115900154,551,360,191
115900155,0,80,-80
115900156,785,892,-107
115900157,169,447,-278
115900158,32,12,20
115900159,152,213,-61
115900160,22,9,13
115900161,79,260,-181
115900163,200,188,12
115900164,553,68,485
115900165,7,122,-115
115900166,230,211,19
115900168,103,172,-69
115900171,143,441,-298
115900172,72,132,-60
115900173,256,157,99
115900174,291,211,80
115900175,147,228,-81
115900178,9,451,-442
115900179,244,10,234
115900180,56,141,-85
115900181,200,184,16
115900182,432,182,250
115900183,79,87,-8
115900184,1785,14,1771
115900187,12,104,-92
115900189,1,338,-337
115900190,361,1495,-1134
115900191,33,336,-303
115900192,15,105,-90
115900193,249,118,131
115900194,699,56,643
115900195,678,1999,-1321
115900198,161,346,-185
115900199,202,216,-14
115900200,238,339,-101
115900201,603,352,251
115900202,18,47,-29
115900203,9,19,-10
115900204,1,7,-6
115900205,66,48,18
115900206,235,194,41
115900207,46,32,14
115900208,180,125,55
115900209,7,152,-145
115900210,4,135,-131
115900211,3,211,-208
115900212,162,232,-70
115900213,123,92,31
115900214,435,216,219
115900215,41,168,-127
115900216,3,140,-137
115900217,11,57,-46
115900218,25,41,-16
115900219,96,7,89
115900220,169,8,161
115900221,119,16,103
115900222,72,36,36
115900223,8,385,-377
115900224,1044,1107,-63
115900225,70,68,2
115900226,30,60,-30
115900227,14,54,-40
115900228,24,63,-39
115900229,12,72,-60
115900230,59,132,-73
115900231,125,6,119
115900232,45,7,38
115900233,79,10,69
115900234,50,43,7
115900235,26,27,-1
115900236,45,37,8
115900237,32,29,3
115900238,38,12,26
115900239,13,33,-20
115900240,21,42,-21
115900241,200,121,79
115900242,232,299,-67
115900243,7,16,-9
115900244,8,23,-15
115900245,55,12,43
115900246,8,17,-9
115900247,45,15,30
115900248,14,2,12
115900249,7,16,-9
115900250,2,26,-24
115900251,1,10,-9
115900252,5,4,1
115900253,13,16,-3
115900254,16,18,-2
115900255,16,9,7
115900256,19,27,-8
115900257,9,7,2
115900258,1,1,0
115900259,3,1,2
115900260,23,1,22
115900261,24,2,22
115900262,3,1,2
115900263,12,5,7
115900264,9,6,3
115900265,7,7,0
115900266,3,16,-13
115900267,12,22,-10
115900268,5,12,-7
115900269,466,390,76
115900270,450,379,71
115900271,178,1,177
115900272,39,3,36
115900273,8,27,-19
115900274,2,14,-12
115900275,3,21,-18
115900276,0,23,-23
115900277,0,76,-76
115900278,61,120,-59
115900279,23,235,-212
115900280,22,422,-400
115900281,280,248,32
115900282,11,18,-7
115900283,1,34,-33
115900284,24,7,17
116000001,12449,5129,7320
116000002,5915,11993,-6078
116000003,1702,1797,-95
116000004,2638,4185,-1547
116000005,2632,3564,-932
116000006,3024,2759,265
116000007,3585,4154,-569
116000008,5463,2693,2770
116000009,1862,2457,-595
116000010,2699,1918,781
116000011,961,1949,-988
116000012,1846,1128,718
116000013,8451,4281,4170
116000014,11371,11660,-289
116000015,352,1471,-1119
116000016,6733,3849,2884
116000017,30,928,-898
116000018,887,403,484
116000019,929,389,540
116000020,770,1147,-377
116000021,499,321,178
116000022,457,418,39
116000023,1131,779,352
116000024,790,828,-38
116000025,985,879,106
116000026,1951,3163,-1212
116000027,821,684,137
116000028,477,1033,-556
116000029,739,906,-167
116000030,984,517,467
116000031,230,341,-111
116000032,451,218,233
116000033,351,480,-129
116000034,845,742,103
116000035,388,774,-386
116000036,2004,1365,639
116000037,705,587,118
116000038,546,557,-11
116000039,766,468,298
116000040,809,357,452
116000041,236,576,-340
116000042,670,326,344
116000043,111,846,-735
116000044,11,67,-56
116000045,2091,1397,694
116000046,1242,1833,-591
116000047,1878,2292,-414
116000048,2045,1822,223
116000049,1340,3537,-2197
116000050,1530,1465,65
116000051,6785,3081,3704
116000052,6507,5715,792
116000053,2035,985,1050
116000054,843,2957,-2114
116000055,804,1037,-233
116000056,1039,1069,-30
116000057,3109,1780,1329
116000058,3451,2760,691
116000059,3417,4647,-1230
116000060,2421,1073,1348
116000061,812,1135,-323
116000062,621,260,361
116000063,706,1159,-453
116000066,334,691,-357
116000067,221,537,-316
116000068,299,357,-58
116000069,436,429,7
116000078,696,1277,-581
116000080,1928,1007,921
116000082,9,72,-63
116000083,1708,479,1229
116000084,2348,4263,-1915
116000085,2509,2229,280
116000086,1851,1071,780
116000087,2116,1863,253
116000088,856,1219,-363
116000089,208,142,66
116000090,103,216,-113
116000091,723,275,448
116000093,1308,614,694
116000094,700,677,23
116000095,903,780,123
116000096,747,1564,-817
116000097,990,801,189
116000098,161,6578,-6417
116000099,7324,274,7050
116000100,299,17,282
116000101,912,998,-86
116000102,310,1505,-1195
116000103,539,286,253
116000104,251,1562,-1311
116000105,1020,167,853
116000106,509,1085,-576
116000107,2622,414,2208
116000108,279,225,54
116000111,176,50,126
116000113,194,142,52
116000114,78,203,-125
116000115,391,168,223
116000116,291,623,-332
116000117,1756,2153,-397
116000118,1623,1301,322
116000119,3723,2093,1630
116000120,3071,3983,-912
116000121,947,617,330
116000122,1340,1893,-553
116000123,1354,488,866
116000124,429,1209,-780
116000125,3251,949,2302
116000126,343,1565,-1222
116000127,1105,1199,-94
116000128,1933,956,977
116000129,1381,295,1086
116000130,638,538,100
116000133,1189,837,352
116000134,1957,2152,-195
116000135,2834,1638,1196
116000136,1248,2109,-861
116000137,1192,744,448
116000138,1177,884,293
116000139,1609,2459,-850
116000140,134,180,-46
116000141,327,681,-354
116000142,3178,2624,554
116000143,1815,1647,168
116000144,1456,1981,-525
116000145,1900,1264,636
116000146,500,234,266
116000147,197,105,92
116000148,544,545,-1
116000149,895,869,26
116000151,445,575,-130
116000153,145,430,-285
116000155,258,244,14
116000156,1223,1300,-77
116000157,103,22,81
116000158,411,356,55
116000159,18,10,8
116000160,40,68,-28
116000161,7,122,-115
116000162,65,108,-43
116000163,22,14,8
116000164,24,21,3
116000177,221,148,73
116000194,104,457,-353
116000195,1493,615,878
116000196,3,0,3
116000197,2,2,0
116000198,2517,1148,1369
116000200,699,567,132
116000201,690,749,-59
116000202,10,284,-274
116000203,2,114,-112
116000204,25,72,-47
116000205,0,164,-164
116000206,3,107,-104
116000207,13,65,-52
116000233,245,562,-317
116000287,151,451,-300
116000288,319,188,131
116000292,63,88,-25
116000296,24,438,-414
116000297,132,15,117
116000304,154,47,107
116000305,40,66,-26
116000346,181,113,68
116000352,70,99,-29
116000354,39,52,-13
116000357,10,95,-85
116000358,469,60,409
116000361,102,3,99
116000372,5022,4600,422
116000381,114,1,113
116000388,2,45,-43
116000389,1136,613,523
116000445,532,508,24
116000446,601,615,-14
116000447,15,589,-574
116000448,533,207,326
116000563,956,841,115
116000565,54,417,-363
116000568,44,345,-301
116000579,27,148,-121
116000584,17,15,2
116000585,64,13,51
116000586,79,164,-85
116000587,671,732,-61
116000589,71,76,-5
116000590,101,95,6
116000591,265,226,39
116000592,10,113,-103
116000593,1,29,-28
116000594,536,449,87
116000595,649,165,484
116000596,87,12,75
116000597,500,89,411
116000598,41,183,-142
116000602,82,392,-310
116000605,316,141,175
116000606,118,300,-182
116000607,2,11,-9
116000609,219,818,-599
116000611,138,466,-328
116000612,673,1811,-1138
116000613,739,312,427
116000614,426,532,-106
116000615,4,430,-426
116000616,67,75,-8
116000617,89,31,58
116000618,5,81,-76
116000619,51,109,-58
116000620,144,101,43
116000621,77,125,-48
116000622,104,172,-68
116000624,231,112,119
116000627,49,18,31
116000628,86,370,-284
116000629,60,293,-233
116000630,531,47,484
116000631,210,72,138
116000632,583,246,337
116000633,120,338,-218
116000634,583,60,523
116000635,2680,2478,202
116000636,793,1120,-327
116000637,367,14,353
116000638,39,437,-398
116900001,252,149,103
116900002,302,3,299
116900003,34,46,-12
116900004,65,43,22
116900005,268,85,183
116900006,278,341,-63
116900007,127,237,-110
116900008,501,245,256
116900009,22,3,19
116900010,2,1243,-1241
116900011,27,53,-26
116900012,186,212,-26
116900013,2,174,-172
116900014,117,203,-86
116900015,388,65,323
116900016,218,4,214
116900017,4,511,-507
116900018,70,62,8
116900019,8,318,-310
116900020,1148,1141,7
116900023,65,20,45
116900024,586,48,538
116900025,1072,887,185
116900026,145,515,-370
116900027,33,61,-28
116900028,3,91,-88
116900029,2,63,-61
116900031,6,5,1
116900032,3,333,-330
116900033,22,17,5
116900034,32,61,-29
116900035,189,177,12
116900036,5,82,-77
116900038,29,1,28
116900041,57,22,35
116900042,509,239,270
116900043,34,70,-36
116900047,41,138,-97
116900049,36,316,-280
116900050,157,519,-362
116900051,181,218,-37
116900052,204,77,127
116900055,1,10,-9
116900057,11,266,-255
116900058,89,381,-292
116900059,2,139,-137
116900060,188,196,-8
116900062,2,6,-4
116900064,84,617,-533
116900065,24,124,-100
116900067,121,116,5
116900068,112,200,-88
116900070,0,4,-4
116900072,30,322,-292
116900073,16,124,-108
116900074,9,37,-28
116900076,14,33,-19
116900077,16,146,-130
116900078,230,104,126
116900079,71,211,-140
116900080,15,25,-10
116900081,423,1107,-684
116900082,430,1050,-620
116900083,50,44,6
116900084,130,78,52
116900085,37,181,-144
116900086,98,179,-81
116900088,389,156,233
116900090,131,55,76
116900091,415,45,370
116900092,75,629,-554
116900093,1702,2121,-419
116900094,4254,3821,433
116900095,243,120,123
116900096,205,425,-220
116900097,2799,2793,6
116900098,908,370,538
116900099,913,842,71
116900100,968,50,918
116900101,376,521,-145
116900103,4,0,4
116900104,86,99,-13
116900105,301,178,123
116900106,1987,292,1695
116900107,3663,2750,913
116900110,13,1,12
116900111,501,749,-248
116900112,290,974,-684
116900113,2067,1471,596
116900116,168,647,-479
116900117,119,108,11
116900118,695,942,-247
116900120,424,94,330
116900121,154,24,130
116900122,821,726,95
116900123,230,730,-500
116900124,219,962,-743
116900125,372,315,57
116900126,164,574,-410
116900128,6,54,-48
116900129,4,314,-310
116900130,623,3606,-2983
116900131,151,426,-275
116900132,56,114,-58
116900133,191,146,45
116900134,277,284,-7
116900136,237,270,-33
116900137,286,149,137
116900138,185,130,55
116900139,159,416,-257
116900140,185,176,9
116900141,915,512,403
116900142,3,72,-69
116900143,285,417,-132
116900144,32,108,-76
116900145,119,231,-112
116900147,607,516,91
116900148,7,54,-47
116900149,81,275,-194
116900150,33,12,21
116900151,62,23,39
116900153,123,98,25
116900154,662,672,-10
116900155,91,116,-25
116900157,571,261,310
116900158,119,318,-199
116900159,83,315,-232
116900160,929,1044,-115
116900161,6234,6740,-506
116900162,13,79,-66
116900163,191,184,7
116900164,151,74,77
116900165,227,357,-130
116900166,38,66,-28
116900167,479,78,401
116900168,382,71,311
116900169,553,604,-51
116900170,304,637,-333
116900171,44,193,-149
116900172,255,375,-120
116900173,208,49,159
116900174,78,72,6
116900175,254,215,39
116900178,66,133,-67
116900179,119,349,-230
116900180,88,28,60
116900182,466,220,246
116900183,144,108,36
116900185,37,45,-8
116900186,71,243,-172
116900187,133,60,73
116900188,180,23,157
116900189,159,1,158
116900191,574,617,-43
116900192,357,125,232
116900194,199,1342,-1143
116900195,68,26,42
116900196,8,89,-81
116900197,100,15,85
116900198,187,264,-77
116900200,52,23,29
116900201,160,13,147
116900202,133,54,79
116900203,140,3,137
116900204,58,97,-39
116900206,15,23,-8
116900207,32,29,3
116900208,9,168,-159
116900209,20,103,-83
116900210,573,331,242
116900211,316,9,307
116900212,63,65,-2
116900213,292,151,141
116900214,245,130,115
116900215,70,70,0
116900216,226,242,-16
116900218,67,247,-180
116900219,1376,453,923
116900220,106,265,-159
116900221,115,373,-258
116900222,419,378,41
116900223,138,335,-197
116900226,102,86,16
116900227,177,92,85
116900228,317,244,73
116900230,86,250,-164
116900231,41,327,-286
116900232,13,360,-347
116900233,284,98,186
116900234,40,13,27
116900235,177,297,-120
116900238,1528,352,1176
116900239,13,1233,-1220
116900240,5482,3524,1958
116900241,84,209,-125
116900242,366,684,-318
116900243,5,63,-58
116900245,33,26,7
116900246,145,17,128
116900247,751,22,729
116900248,101,42,59
116900249,357,127,230
116900250,643,34,609
116900251,520,520,0
116900252,149,857,-708
116900253,150,80,70
116900254,29,85,-56
116900255,91,72,19
116900256,418,125,293
116900257,19,399,-380
116900258,4,232,-228
116900259,259,10,249
116900260,4,108,-104
116900261,67,3,64
116900262,168,137,31
116900263,0,16,-16
116900264,1,2,-1
116900265,34,0,34
116900266,16,58,-42
116900267,3,1,2
116900268,289,249,40
116900269,328,626,-298
116900271,1907,288,1619
116900272,315,326,-11
116900273,159,77,82
116900274,68,98,-30
116900275,150,127,23
116900276,815,152,663
116900277,538,38,500
116900278,7,12,-5
116900279,5,17,-12
116900280,28,23,5
116900281,5677,4285,1392
116900282,1,103,-102
116900283,21,93,-72
116900284,10,199,-189
116900285,286,234,52
116900286,221,20,201
116900287,11,40,-29
116900288,63,134,-71
116900289,11,5,6
116900290,4,18,-14
116900291,24,18,6
116900292,0,11,-11
116900293,30,60,-30
116900294,35,182,-147
116900295,134,70,64
116900296,65,79,-14
116900297,13,102,-89
116900298,118,74,44
116900299,39,85,-46
116900300,18,78,-60
116900301,58,105,-47
116900302,61,105,-44
116900303,265,77,188
116900304,0,142,-142
116900305,15,45,-30
116900306,158,85,73
117000001,2211,1610,601
117000002,1911,4140,-2229
117000003,6941,3662,3279
117000004,3924,5159,-1235
117000005,2252,1929,323
117000006,1199,3232,-2033
117000007,4107,1274,2833
117000008,1156,3578,-2422
117000009,5459,2193,3266
117000010,2729,3913,-1184
117000011,2423,1745,678
117000012,1327,1238,89
117000013,1953,926,1027
117000014,1292,2064,-772
117000015,2680,1548,1132
117000016,380,117,263
117000017,288,112,176
117000018,148,623,-475
117000019,97,1,96
117000020,529,1476,-947
117000021,1706,384,1322
117000022,413,118,295
117000023,254,204,50
117000024,268,235,33
117000025,460,1112,-652
117000026,2232,1326,906
117000027,2962,6273,-3311
117000028,4724,2361,2363
117000030,575,512,63
117000031,398,298,100
117000032,1787,1194,593
117000033,1275,679,596
117000034,436,314,122
117000035,484,332,152
117000036,382,311,71
117000037,315,235,80
117000038,244,693,-449
117000039,497,273,224
117000040,213,982,-769
117000041,944,167,777
117000044,29,663,-634
117000045,375,101,274
117000046,413,765,-352
117000047,864,704,160
117000048,2033,1056,977
117000049,132,595,-463
117000050,162,1698,-1536
117000051,2363,161,2202
117000052,55,320,-265
117000053,612,69,543
117000054,1934,15,1919
117000055,9,2753,-2744
117000056,788,26,762
117000057,613,2379,-1766
117000060,529,1477,-948
117000061,1750,959,791
117000062,333,683,-350
117000063,1949,1131,818
117000064,800,794,6
117000066,1075,1067,8
117000067,166,623,-457
117000074,164,214,-50
117000076,118,46,72
117000077,171,161,10
117000078,128,786,-658
117000079,459,269,190
117000080,1,309,-308
117000081,1173,128,1045
117000082,22,92,-70
117000083,170,7,163
117000084,206,1,205
117000085,374,763,-389
117000086,903,497,406
117000087,84,467,-383
117000088,241,200,41
117000089,1746,280,1466
117000090,392,1196,-804
117000091,964,304,660
117000092,411,1260,-849
117000093,1183,922,261
117000094,1383,2725,-1342
117000095,3675,957,2718
117000096,801,2235,-1434
117000097,1679,1180,499
117000098,2693,4415,-1722
117000099,3823,1333,2490
117000100,237,435,-198
117000101,234,1125,-891
117000102,1850,642,1208
117000103,749,1550,-801
117000104,1426,697,729
117000105,829,1456,-627
117000106,1381,825,556
117000107,485,1903,-1418
117000108,1911,870,1041
117000109,1454,2389,-935
117000110,1708,1124,584
117000111,3914,4419,-505
117000112,3590,1895,1695
117000113,162,273,-111
117000114,363,182,181
117000115,79,142,-63
117000116,155,340,-185
117000117,1753,1136,617
117000118,262,143,119
117000119,232,238,-6
117000120,193,625,-432
117000121,109,1320,-1211
117000122,364,729,-365
117000123,1925,65,1860
117000124,840,87,753
117000125,357,156,201
117000126,44,17,27
117000127,198,400,-202
117000128,488,921,-433
117000129,396,538,-142
117000130,132,3,129
117000131,0,74,-74
117000132,3071,65,3006
117000133,1611,51,1560
117000134,0,76,-76
117000135,0,51,-51
117000136,1,43,-42
117000137,142,126,16
117000138,2,813,-811
117000140,518,1459,-941
117000141,1867,614,1253
117000181,684,330,354
117000182,433,690,-257
117000195,195,1003,-808
117000196,284,149,135
117000225,135,36,99
117000226,11,142,-131
117000276,344,22,322
117000277,2,341,-339
117000310,1624,2247,-623
117000315,70,657,-587
117000320,78,0,78
117000906,355,10,345
117000907,23,302,-279
117000908,39,22,17
117000909,43,39,4
117000910,206,216,-10
117000911,123,214,-91
117000915,19,496,-477
117000916,34,2,32
117000917,1223,57,1166
117000918,90,80,10
117000919,10,91,-81
117000920,2,1232,-1230
117000921,4,1214,-1210
117000922,46,90,-44
117000924,355,791,-436
117000926,988,107,881
117000927,2080,1352,728
117000928,1,155,-154
117000929,189,281,-92
117000930,192,16,176
117000931,536,229,307
117900002,93,440,-347
117900003,864,572,292
117900005,7,44,-37
117900006,0,79,-79
117900007,171,130,41
117900008,2,37,-35
117900010,238,82,156
117900011,35,122,-87
117900012,49,108,-59
117900013,0,210,-210
117900014,389,122,267
117900015,18,95,-77
117900016,1480,1135,345
117900017,450,255,195
117900018,203,154,49
117900019,494,255,239
117900020,93,508,-415
117900021,34,63,-29
117900022,57,27,30
117900023,753,175,578
117900024,103,81,22
117900025,56,10,46
117900026,392,341,51
117900028,46,12,34
117900029,265,664,-399
117900030,628,266,362
117900031,198,88,110
117900032,1065,538,527
117900033,290,540,-250
117900034,34,44,-10
117900035,178,87,91
117900036,256,395,-139
117900037,175,116,59
117900038,37,292,-255
117900039,2,58,-56
117900040,154,451,-297
117900041,7,99,-92
117900042,4236,410,3826
117900043,27,63,-36
117900044,16,2706,-2690
117900045,163,162,1
117900048,380,270,110
117900049,241,462,-221
117900050,12,59,-47
117900051,30,3,27
117900052,58,414,-356
117900053,1611,675,936
117900054,3,27,-24
117900055,240,128,112
117900056,329,56,273
117900057,1299,1324,-25
117900058,83,31,52
117900059,398,115,283
117900060,2758,4781,-2023
117900061,24,222,-198
117900063,456,189,267
117900065,730,1430,-700
117900066,5,98,-93
117900067,450,167,283
117900069,798,257,541
117900070,212,50,162
117900071,96,124,-28
117900073,480,293,187
117900074,116,86,30
117900075,95,99,-4
117900076,12,61,-49
117900077,508,202,306
117900078,404,881,-477
117900080,115,57,58
117900081,575,483,92
117900082,476,431,45
117900083,383,389,-6
117900086,145,35,110
117900087,281,63,218
117900088,3453,2172,1281
117900089,2531,786,1745
117900090,421,448,-27
117900091,237,183,54
117900092,77,34,43
117900093,83,36,47
117900094,40,27,13
117900095,281,304,-23
117900096,100,302,-202
117900097,335,96,239
117900098,66,6,60
117900099,168,182,-14
117900100,250,5,245
117900101,507,2013,-1506
117900102,87,37,50
117900103,96,1,95
117900104,16,210,-194
117900105,180,243,-63
117900106,132,46,86
117900107,67,1,66
117900109,715,423,292
117900110,165,0,165
117900111,398,47,351
117900112,49,16,33
117900113,3330,1853,1477
117900114,22,0,22
117900115,297,94,203
117900116,1118,950,168
117900117,632,304,328
117900118,86,1,85
117900119,208,137,71
117900120,311,50,261
117900121,277,72,205
117900122,1919,4416,-2497
117900123,702,374,328
117900124,830,750,80
117900125,1949,2116,-167
117900126,328,579,-251
117900127,511,455,56
117900128,431,731,-300
117900129,94,3,91
117900130,1176,501,675
117900131,9,162,-153
117900132,43,126,-83
117900133,21,111,-90
117900134,112,319,-207
117900135,36,263,-227
117900136,0,30,-30
117900137,67,339,-272
117900138,0,28,-28
117900139,162,148,14
117900140,3213,276,2937
117900141,187,231,-44
117900142,107,76,31
117900144,68,209,-141
117900145,59,48,11
117900146,225,168,57
117900147,98,70,28
117900148,2963,1677,1286
117900149,116,223,-107
117900150,62,52,10
117900151,41,87,-46
117900152,102,97,5
117900153,25,80,-55
117900154,445,604,-159
117900156,1050,950,100
117900157,183,644,-461
117900158,297,153,144
117900160,769,858,-89
117900161,2569,2320,249
117900162,491,445,46
117900163,66,114,-48
117900165,0,15,-15
117900166,153,648,-495
117900168,3,141,-138
117900169,0,82,-82
117900170,3,44,-41
117900171,1,24,-23
117900172,11,33,-22
117900173,144,117,27
117900174,29,76,-47
117900175,14,25,-11
117900176,32,33,-1
117900177,33,31,2
117900178,101,42,59
117900180,229,34,195
117900181,93,331,-238
117900182,2,41,-39
117900183,71,203,-132
117900184,23,78,-55
117900185,57,50,7
117900186,51,19,32
117900187,28,14,14
117900188,175,49,126
117900189,79,43,36
117900190,31,1,30
117900191,87,2,85
117900192,263,2,261
117900193,13,62,-49
117900194,7,7,0
117900195,29,55,-26
117900196,14,44,-30
117900207,205,174,31
117900208,27,21,6
117900209,236,152,84
117900210,171,314,-143
117900211,13,191,-178
117900212,164,175,-11
117900213,16,13,3
117900214,6,38,-32
117900215,24,39,-15
117900216,36,16,20
117900217,123,418,-295
117900218,123,149,-26
117900219,8,150,-142
117900220,152,106,46
117900222,198,260,-62
117900223,151,444,-293
118000001,885,1018,-133
118000002,927,2117,-1190
118000003,2599,3295,-696
118000004,2698,2525,173
118000005,5737,6446,-709
118000006,6467,10505,-4038
118000007,6213,4519,1694
118000008,5280,4419,861
118000009,2000,4310,-2310
118000010,8245,5051,3194
118000011,1537,2519,-982
118000012,1235,2382,-1147
118000013,3074,2596,478
118000014,2033,2411,-378
118000016,228,437,-209
118000017,598,541,57
118000018,395,495,-100
118000019,2977,1841,1136
118000020,1606,4822,-3216
118000021,801,4101,-3300
118000022,1825,987,838
118000023,1051,295,756
118000024,1892,1894,-2
118000027,16341,15403,938
118000029,1289,870,419
118000032,1294,4117,-2823
118000033,3350,7522,-4172
118000034,5870,3183,2687
118000035,2045,3822,-1777
118000036,1113,1621,-508
118000037,798,983,-185
118000038,251,161,90
118000039,90,272,-182
118000040,1811,1488,323
118000041,2563,1390,1173
118000045,742,219,523
118000046,1573,830,743
118000047,944,1020,-76
118000048,3023,2355,668
118000051,3854,2511,1343
118000052,2733,1257,1476
118000053,506,1287,-781
118000054,2020,2390,-370
118000055,1924,2468,-544
118000056,340,570,-230
118000057,315,497,-182
118000058,3230,2246,984
118000059,1999,1534,465
118000060,1330,664,666
118000061,1569,1691,-122
118000062,652,317,335
118000063,419,819,-400
118000064,929,1254,-325
118000065,4232,1906,2326
118000066,1002,1839,-837
118000067,1129,1072,57
118000068,1985,4952,-2967
118000069,3137,1257,1880
118000070,5713,2400,3313
118000071,3920,7676,-3756
118000072,1744,1667,77
118000073,2333,729,1604
118000074,502,687,-185
118000075,779,333,446
118000076,1791,2905,-1114
118000077,1372,1410,-38
118000078,1955,2676,-721
118000079,317,539,-222
118000080,1045,963,82
118000081,1929,1411,518
118000082,370,1337,-967
118000083,2134,1960,174
118000084,3733,1728,2005
118000086,300,556,-256
118000087,5290,3008,2282
118000088,2097,1795,302
118000089,3904,2848,1056
118000090,4163,3214,949
118000091,1332,2433,-1101
118000092,1081,503,578
118000093,120,808,-688
118000096,563,727,-164
118000097,901,615,286
118000098,298,227,71
118000099,656,778,-122
118000101,1226,358,868
118000102,419,1218,-799
118000107,1887,522,1365
118000108,782,2080,-1298
118000110,0,30,-30
118000111,2,296,-294
118000112,525,3,522
118000113,4,533,-529
118000114,477,6,471
118000115,17,11,6
118000116,38,0,38
118000117,1182,831,351
118000118,946,1044,-98
118000119,1039,1116,-77
118000120,1730,1322,408
118000121,130,708,-578
118000122,1579,398,1181
118000123,66,305,-239
118000125,1879,951,928
118000126,751,1591,-840
118000127,1949,689,1260
118000128,714,1311,-597
118000129,1135,646,489
118000130,2513,3499,-986
118000131,683,939,-256
118000132,2961,2147,814
118000133,920,493,427
118000135,624,409,215
118000136,131,455,-324
118000137,663,124,539
118000138,392,547,-155
118000139,435,96,339
118000140,2756,4845,-2089
118000141,2198,1861,337
118000142,1926,1697,229
118000143,2235,1309,926
118000144,1031,790,241
118000145,1591,1796,-205
118000146,1283,831,452
118000147,879,1546,-667
118000148,481,1160,-679
118000149,1046,974,72
118000150,534,234,300
118000151,558,477,81
118000153,1558,1369,189
118000154,1520,1631,-111
118000155,1338,1348,-10
118000156,2253,2542,-289
118000157,661,402,259
118000158,194,427,-233
118000159,30,100,-70
118000160,500,390,110
118000161,513,730,-217
118000162,1885,917,968
118000163,950,925,25
118000164,2168,1601,567
118000168,1114,640,474
118000169,1131,1195,-64
118000170,4161,5622,-1461
118000171,383,678,-295
118000172,99,282,-183
118000173,886,1277,-391
118000175,338,438,-100
118000176,312,453,-141
118000177,286,542,-256
118000178,39,32,7
118000179,1371,1485,-114
118000180,1041,784,257
118000181,817,291,526
118000182,342,283,59
118000183,256,289,-33
118000184,945,639,306
118000185,1558,1379,179
118000186,1026,1250,-224
118000187,1454,733,721
118000188,667,181,486
118000189,694,678,16
118000190,17,7,10
118000191,27,34,-7
118000192,404,673,-269
118000193,315,609,-294
118000194,1439,1072,367
118000195,1143,1464,-321
118000196,421,246,175
118000197,213,201,12
118000198,542,751,-209
118000199,492,551,-59
118000200,133,299,-166
118000201,492,494,-2
118000202,69,84,-15
118000203,1140,768,372
118000204,157,385,-228
118000205,228,403,-175
118000206,302,180,122
118000207,0,65,-65
118000208,1408,1596,-188
118000209,2037,1624,413
118000210,63,48,15
118000211,41,44,-3
118000213,1805,2203,-398
118000214,717,568,149
118000215,401,133,268
118000216,2455,2663,-208
118000217,32,116,-84
118000218,88,102,-14
118000219,471,272,199
118000220,5,41,-36
118000221,214,339,-125
118000222,87,10,77
118000223,35,50,-15
118000224,215,98,117
118000225,136,604,-468
118000226,1006,174,832
118000227,851,473,378
118000228,161,293,-132
118000229,278,94,184
118000230,159,276,-117
118000231,112,231,-119
118000232,846,724,122
118000233,1181,831,350
118000234,518,263,255
118000236,419,321,98
118000237,107,434,-327
118000238,245,197,48
118000239,359,286,73
118000240,394,214,180
118000241,170,215,-45
118000242,350,596,-246
118000243,351,237,114
118000244,98,124,-26
118000246,0,46,-46
118000255,58,260,-202
118000256,131,201,-70
118000259,4,75,-71
118000260,204,99,105
118000261,32,40,-8
118000263,72,226,-154
118000266,144,222,-78
118000267,0,115,-115
118000268,291,2,289
118000270,96,29,67
118000271,192,309,-117
118000272,106,40,66
118000273,180,89,91
118000274,126,330,-204
118000276,603,452,151
118000295,12,170,-158
118000298,197,327,-130
118000299,45,147,-102
118000301,0,45,-45
118000302,124,81,43
118000311,513,107,406
118000312,338,260,78
118000313,79,153,-74
118000314,81,49,32
118000315,105,53,52
118000316,792,503,289
118000325,127,53,74
118000326,42,30,12
118000331,41,63,-22
118000332,13,34,-21
118000333,48,77,-29
118000335,328,0,328
118000336,0,224,-224
118000407,168,88,80
118000457,3,23,-20
118000465,3730,4417,-687
118000480,38,112,-74
118000489,97,418,-321
118000490,90,285,-195
118000492,333,183,150
118000510,92,32,60
118000514,242,271,-29
118000515,857,656,201
118000517,371,213,158
118000524,590,288,302
118000525,932,918,14
118000530,24,142,-118
118000531,353,345,8
118000532,252,284,-32
118000533,307,136,171
118000534,545,472,73
118000535,311,178,133
118000536,830,1782,-952
118000537,23,274,-251
118000538,35,79,-44
118000539,17,137,-120
118000540,372,168,204
118000541,214,82,132
118000542,138,238,-100
118000543,253,219,34
118000546,54,44,10
118000560,2759,2431,328
118000562,31,187,-156
118000563,1533,1199,334
118000576,197,135,62
118000577,147,126,21
118000578,151,86,65
118000579,591,1339,-748
118000595,198,103,95
118000596,1,58,-57
118000597,139,105,34
118000598,22,2,20
118000599,41,35,6
118000600,6,43,-37
118000601,32,1,31
118000602,0,28,-28
118000603,0,25,-25
118900001,727,1474,-747
118900002,916,890,26
118900003,440,16,424
118900004,31,55,-24
118900005,94,4,90
118900006,166,20,146
118900007,23,2,21
118900008,1782,58,1724
118900009,96,51,45
118900010,67,10,57
118900011,182,27,155
118900012,410,216,194
118900013,538,171,367
118900015,223,65,158
118900016,15,16,-1
118900017,277,307,-30
118900018,933,27,906
118900019,79,45,34
118900020,243,144,99
118900021,235,406,-171
118900022,152,109,43
118900023,221,79,142
118900024,135,160,-25
118900025,83,26,57
118900026,95,93,2
118900027,418,187,231
118900028,221,202,19
118900029,391,409,-18
118900030,392,45,347
118900031,151,121,30
118900032,186,189,-3
118900033,437,484,-47
118900034,211,23,188
118900035,194,169,25
118900036,1341,739,602
118900037,404,264,140
118900038,453,167,286
118900039,549,200,349
118900040,222,209,13
118900041,531,187,344
118900042,217,143,74
118900045,253,194,59
118900046,930,547,383
118900047,609,326,283
118900048,194,226,-32
118900049,70,55,15
118900050,31,126,-95
118900051,65,95,-30
118900052,389,234,155
118900053,32,125,-93
118900054,117,46,71
118900055,101,62,39
118900056,34,379,-345
118900057,913,513,400
118900058,466,356,110
118900059,26,66,-40
118900060,103,135,-32
118900062,447,182,265
118900064,618,646,-28
118900065,77,188,-111
118900066,66,102,-36
118900067,5002,3706,1296
118900068,13,285,-272
118900069,422,239,183
118900071,6,88,-82
118900072,458,342,116
118900073,133,101,32
118900074,116,136,-20
118900075,61,91,-30
118900076,248,141,107
118900077,256,179,77
118900078,73,13,60
118900079,57,183,-126
118900080,23,150,-127
118900081,82,38,44
118900082,820,159,661
118900083,81,8,73
118900084,32,12,20
118900085,608,798,-190
118900086,77,106,-29
118900087,29,241,-212
118900088,0,17,-17
118900089,35,35,0
118900090,509,318,191
118900091,195,214,-19
118900092,163,113,50
118900093,184,26,158
118900096,46,20,26
118900097,241,390,-149
118900099,89,258,-169
118900100,142,256,-114
118900101,147,464,-317
118900102,49,60,-11
118900103,61,107,-46
118900104,252,135,117
118900105,259,143,116
118900107,148,89,59
118900108,119,125,-6
118900110,1411,864,547
118900111,520,466,54
118900112,97,183,-86
118900113,106,460,-354
118900114,27,109,-82
118900115,148,506,-358
118900116,159,197,-38
118900117,113,220,-107
118900118,299,364,-65
118900119,135,219,-84
118900120,115,353,-238
118900121,11,165,-154
118900122,25,913,-888
118900123,156,282,-126
118900124,93,199,-106
118900126,28,403,-375
118900129,252,232,20
118900130,68,225,-157
118900131,228,246,-18
118900132,347,212,135
118900133,24,113,-89
118900135,255,264,-9
118900136,194,525,-331
118900137,16,53,-37
118900139,187,388,-201
118900140,444,639,-195
118900141,93,157,-64
118900144,147,387,-240
118900145,58,139,-81
118900146,392,727,-335
118900147,267,132,135
118900148,95,81,14
118900150,135,667,-532
118900152,543,732,-189
118900157,75,181,-106
118900158,110,71,39
118900159,0,181,-181
118900161,70,6,64
118900163,111,120,-9
118900164,8,84,-76
118900165,65,223,-158
118900166,56,3,53
118900167,110,99,11
118900168,31,240,-209
118900169,160,311,-151
118900170,186,139,47
118900171,50,39,11
118900174,48,79,-31
118900175,477,481,-4
118900176,167,276,-109
118900177,42,46,-4
118900178,58,169,-111
118900179,5,28,-23
118900181,63,94,-31
118900182,107,56,51
118900183,32,149,-117
118900184,384,141,243
118900185,116,135,-19
118900186,130,103,27
118900187,287,289,-2
118900188,301,261,40
118900189,52,789,-737
118900190,30,344,-314
118900191,202,49,153
118900192,188,16,172
118900193,527,13,514
118900195,269,621,-352
118900196,45,138,-93
118900197,125,53,72
118900198,41,28,13
118900199,105,57,48
118900200,29,23,6
118900201,43,38,5
118900202,18,87,-69
118900203,21,35,-14
118900204,27,47,-20
118900205,6,18,-12
118900206,8,31,-23
119000001,1451,2074,-623
119000002,5411,4126,1285
119000003,3045,1261,1784
119000004,2512,1561,951
119000005,1957,2186,-229
119000006,2770,1500,1270
119000007,3915,3406,509
119000008,2144,1929,215
119000009,4396,5077,-681
119000010,6859,4864,1995
119000011,4664,3202,1462
119000012,3467,3989,-522
119000013,2881,1972,909
119000014,2085,3196,-1111
119000019,340,190,150
119000020,2339,1584,755
119000021,4709,2702,2007
119000022,2789,2899,-110
119000023,314,303,11
119000024,2277,11819,-9542
119000025,7336,1652,5684
119000026,194,563,-369
119000027,382,541,-159
119000028,1920,1067,853
119000029,140,443,-303
119000030,639,1244,-605
119000031,1075,844,231
119000032,3411,2931,480
119000033,2604,1540,1064
119000034,1191,1174,17
119000035,33,342,-309
119000036,1841,886,955
119000037,1425,1530,-105
119000038,207,818,-611
119000039,287,397,-110
119000040,1049,655,394
119000041,937,1367,-430
119000048,3458,3058,400
119000049,1723,2184,-461
119000050,2048,1919,129
119000051,2674,1119,1555
119000052,2112,3035,-923
119000053,2134,1321,813
119000054,3618,3202,416
119000055,4923,3543,1380
119000056,3062,2219,843
119000057,1922,1948,-26
119000058,2323,1780,543
119000059,1443,1735,-292
119000060,1868,1300,568
119000061,1252,857,395
119000062,1447,1484,-37
119000063,590,567,23
119000064,1172,1739,-567
119000065,2169,4179,-2010
119000066,2992,1282,1710
119000067,2267,2531,-264
119000068,2004,1181,823
119000069,1632,2724,-1092
119000070,2792,1042,1750
119000071,652,877,-225
119000072,5900,4321,1579
119000073,7238,7730,-492
119000074,1263,2343,-1080
119000075,2571,2430,141
119000076,729,1847,-1118
119000077,1402,840,562
119000078,537,297,240
119000079,177,1048,-871
119000080,341,280,61
119000081,447,596,-149
119000082,1158,287,871
119000083,685,426,259
119000084,350,504,-154
119000085,804,239,565
119000086,377,464,-87
119000087,1794,998,796
119000088,417,271,146
119000089,78,212,-134
119000090,155,162,-7
119000091,147,416,-269
119000092,660,238,422
119000093,3551,2911,640
119000094,3242,5403,-2161
119000095,2000,3315,-1315
119000097,2192,1535,657
119000098,987,3061,-2074
119000099,2670,1687,983
119000100,4336,3253,1083
119000101,5909,2673,3236
119000102,987,1260,-273
119000103,1965,778,1187
119000104,2447,1443,1004
119000105,1324,2240,-916
119000106,355,1489,-1134
119000107,972,546,426
119000108,460,882,-422
119000109,273,1305,-1032
119000110,1097,1196,-99
119000111,88,854,-766
119000112,304,292,12
119000113,3530,455,3075
119000114,1273,1077,196
119000115,192,133,59
119000116,128,115,13
119000117,148,463,-315
119000118,6,2,4
119000123,4834,2761,2073
119000124,810,251,559
119000125,3960,857,3103
119000126,942,691,251
119000127,532,556,-24
119000128,38,8,30
119000131,954,663,291
119000132,6,3,3
119000133,3,8,-5
119000134,2166,558,1608
119000135,141,345,-204
119000136,256,228,28
119000137,242,377,-135
119000138,521,323,198
119000139,401,255,146
119000140,259,500,-241
119000284,1381,2637,-1256
119000285,2372,2105,267
119000286,7719,5756,1963
119000287,1280,2137,-857
119000288,1873,1372,501
119000289,1720,2931,-1211
119000290,221,522,-301
119000291,18,276,-258
119000293,133,180,-47
119000294,65,35,30
119000295,1673,403,1270
119000296,270,145,125
119000302,2670,1410,1260
119000303,47,136,-89
119000314,1827,10869,-9042
119000315,1,409,-408
119000316,169,169,0
119000317,97,349,-252
119900001,334,1270,-936
119900002,176,294,-118
119900003,69,1052,-983
119900004,300,1180,-880
119900005,186,118,68
119900006,235,432,-197
119900007,1346,290,1056
119900008,86,41,45
119900009,667,661,6
119900010,2580,2152,428
119900011,27,82,-55
119900012,23,102,-79
119900013,2531,1704,827
119900014,810,430,380
119900015,94,38,56
119900016,76,93,-17
119900017,41,47,-6
119900018,2183,896,1287
119900019,55,7,48
119900020,224,265,-41
119900021,197,101,96
119900022,149,800,-651
119900023,577,1466,-889
119900025,219,27,192
119900026,797,233,564
119900027,25,19,6
119900028,259,153,106
119900029,3,5,-2
119900030,531,555,-24
119900031,91,418,-327
119900033,3014,399,2615
119900034,415,178,237
119900037,209,50,159
119900038,57,344,-287
119900039,90,16,74
119900040,183,20,163
119900041,150,52,98
119900042,168,212,-44
119900043,72,179,-107
119900044,236,985,-749
119900046,134,63,71
119900047,360,87,273
119900048,35,44,-9
119900049,184,5,179
119900050,357,143,214
119900051,672,22,650
119900052,80,51,29
119900053,256,176,80
119900054,150,14,136
119900055,1462,458,1004
119900057,269,74,195
119900058,275,4,271
119900059,223,72,151
119900060,351,35,316
119900062,113,37,76
119900063,20,65,-45
119900064,591,97,494
119900065,298,6,292
119900066,0,1,-1
119900067,188,29,159
119900068,508,1,507
119900069,168,106,62
119900070,961,7,954
119900071,706,21,685
119900073,2064,695,1369
119900074,129,77,52
119900075,4953,2927,2026
119900076,602,373,229
119900077,871,1065,-194
119900078,588,919,-331
119900079,530,235,295
119900080,1838,1626,212
119900081,279,41,238
119900082,1421,301,1120
119900083,602,184,418
119900084,966,474,492
119900085,84,58,26
119900087,798,543,255
119900088,48,65,-17
119900089,59,562,-503
119900090,157,67,90
119900091,180,978,-798
119900092,463,435,28
119900093,1563,289,1274
119900094,86,199,-113
119900095,215,112,103
119900096,37,163,-126
119900097,581,259,322
119900098,55,49,6
119900099,39,233,-194
119900100,1940,3156,-1216
119900101,230,1663,-1433
119900102,68,286,-218
119900103,56,393,-337
119900104,63,240,-177
119900105,1765,6543,-4778
119900106,22,183,-161
119900107,291,2476,-2185
119900108,5180,850,4330
119900109,23,162,-139
119900110,1017,520,497
119900111,132,300,-168
119900112,1445,673,772
119900113,105,336,-231
119900114,304,1196,-892
119900115,344,1067,-723
119900116,240,479,-239
119900117,391,791,-400
119900118,122,764,-642
119900119,285,234,51
119900120,872,680,192
119900121,346,1016,-670
119900122,507,424,83
119900123,232,282,-50
119900124,275,847,-572
119900125,88,290,-202
119900126,5350,405,4945
119900127,2259,1161,1098
119900128,437,770,-333
119900129,263,570,-307
119900130,29,279,-250
119900131,61,269,-208
119900132,10,216,-206
119900133,70,95,-25
119900134,1687,284,1403
119900135,0,376,-376
119900136,224,375,-151
119900138,448,571,-123
119900139,21,172,-151
119900140,2,141,-139
119900141,103,698,-595
119900142,13,48,-35
119900143,21,325,-304
119900144,1660,298,1362
119900145,119,192,-73
119900146,186,268,-82
119900147,6,187,-181
119900148,269,64,205
119900149,1273,5014,-3741
119900150,157,170,-13
119900151,2194,891,1303
119900152,154,374,-220
119900153,164,87,77
119900154,25,249,-224
119900155,54,56,-2
119900156,16,9,7
119900157,158,312,-154
119900158,246,91,155
119900159,6,1315,-1309
119900160,52,250,-198
119900161,204,223,-19
119900162,1093,1059,34
119900163,162,160,2
119900164,2,5,-3
119900165,177,192,-15
119900166,103,46,57
119900167,124,158,-34
119900168,1061,539,522
119900169,284,382,-98
119900170,267,370,-103
119900171,1572,495,1077
119900172,162,33,129
119900173,3,411,-408
119900174,3,250,-247
119900175,1441,752,689
119900177,20,197,-177
119900178,15,164,-149
119900179,96,559,-463
119900180,1110,1081,29
119900181,91,131,-40
119900182,14,472,-458
119900183,192,605,-413
119900184,2431,591,1840
119900185,41,210,-169
119900186,99,1024,-925
119900187,62,556,-494
119900188,111,349,-238
119900189,569,578,-9
119900190,78,382,-304
119900191,436,333,103
119900192,46,176,-130
119900193,395,196,199
119900194,34,93,-59
119900195,665,434,231
119900196,1640,601,1039
119900197,273,169,104
119900198,249,309,-60
119900199,198,43,155
119900200,871,702,169
119900201,380,252,128
119900202,122,354,-232
119900203,191,558,-367
119900204,405,378,27
119900205,859,502,357
119900206,211,157,54
119900208,154,171,-17
119900209,535,1376,-841
119900210,51,22,29
119900211,99,6,93
119900212,166,278,-112
119900213,8,70,-62
119900214,36,58,-22
119900215,48,52,-4
119900216,14,48,-34
119900217,8,62,-54
119900218,47,70,-23
119900219,18,145,-127
119900220,9,91,-82
119900221,24,275,-251
119900222,21,233,-212
119900223,20,106,-86
119900224,14,34,-20
119900225,929,53,876
119900226,642,2269,-1627
119900227,1184,407,777
119900228,57,313,-256
119900229,362,476,-114
119900230,1431,602,829
119900231,335,188,147
119900232,317,176,141
119900233,129,14,115
119900234,42,127,-85
119900235,27,73,-46
119900236,29,218,-189
119900237,113,675,-562
119900238,4,91,-87
119900240,77,171,-94
119900241,155,285,-130
119900242,1803,2026,-223
119900244,751,1949,-1198
119900245,210,223,-13
119900246,425,789,-364
119900247,39,150,-111
119900248,103,259,-156
119900249,347,126,221
119900253,2756,451,2305
119900254,93,818,-725
119900255,173,742,-569
119900256,672,988,-316
119900257,99,5,94
119900258,271,116,155
119900259,12,136,-124
119900260,184,14,170
119900261,229,197,32
119900262,3,201,-198
119900263,1101,406,695
119900264,116,176,-60
119900265,845,437,408
119900266,397,328,69
119900267,352,524,-172
119900268,155,190,-35
119900269,1437,1519,-82
119900271,54,124,-70
119900272,541,320,221
119900275,175,50,125
119900276,77,2,75
119900277,27,11,16
119900278,340,117,223
119900279,145,332,-187
119900280,727,204,523
119900281,1,242,-241
119900282,82,122,-40
119900283,35,224,-189
119900284,82,271,-189
119900285,18,105,-87
119900286,5,42,-37
119900288,11,31,-20
119900289,0,59,-59
119900290,4,27,-23
119900291,1,94,-93
119900292,50,28,22
119900293,22,5,17
119900294,16,3,13
119900295,0,0,0
119900296,0,0,0
119900299,54,181,-127
119900300,202,198,4
119900301,127,151,-24
119900302,170,122,48
119900303,278,224,54
119900304,138,63,75
119900305,17,140,-123
119900306,33,10,23
119900307,90,110,-20
119900308,15,32,-17
119900309,52,112,-60
119900310,354,341,13
119900311,88,116,-28
119900312,108,115,-7
119900313,289,318,-29
119900314,236,428,-192
119900315,1848,2520,-672
119900318,17,32,-15
119900319,10,308,-298
119900320,354,612,-258
119900321,80,9,71
119900322,16,59,-43
119900323,8,107,-99
119900324,0,39,-39
119900325,131,173,-42
119900326,49,67,-18
120000001,7179,15580,-8401
120000002,2680,2926,-246
120000003,3907,1800,2107
120000004,3020,2075,945
120000005,4306,2055,2251
120000006,1350,1358,-8
120000007,3825,3135,690
120000008,1066,1545,-479
120000009,2932,1088,1844
120000010,2334,2671,-337
120000011,1040,1857,-817
120000012,1789,2806,-1017
120000013,3491,3064,427
120000014,698,1577,-879
120000015,2715,1776,939
120000016,4036,2328,1708
120000017,3176,2597,579
120000018,4051,11841,-7790
120000019,1205,1483,-278
120000020,3291,3436,-145
120000021,2135,2474,-339
120000022,3366,4303,-937
120000023,1180,1806,-626
120000024,1744,2935,-1191
120000025,2751,2162,589
120000026,2121,1796,325
120000027,2335,2241,94
120000028,915,1491,-576
120000029,5031,1685,3346
120000030,370,1217,-847
120000031,2806,8292,-5486
120000032,8828,4620,4208
120000033,5570,2187,3383
120000034,2037,1819,218
120000035,2187,2322,-135
120000036,3065,5534,-2469
120000037,908,1933,-1025
120000038,6826,4316,2510
120000039,790,1021,-231
120000040,137,523,-386
120000041,2185,2012,173
120000042,2032,2457,-425
120000043,5495,1859,3636
120000044,5812,1702,4110
120000045,6119,1224,4895
120000046,3325,2882,443
120000047,1167,5670,-4503
120000048,7805,4706,3099
120000049,3762,3246,516
120000050,4522,4121,401
120000051,3429,4718,-1289
120000052,8741,2472,6269
120000053,1257,2426,-1169
120000054,1461,4016,-2555
120000055,1940,4678,-2738
120000056,4826,4049,777
120000057,3266,1218,2048
120000058,4474,1443,3031
120000059,31,1937,-1906
120000061,176,545,-369
120000062,284,410,-126
120000063,1484,2575,-1091
120000064,245,1226,-981
120000065,587,1501,-914
120000066,1106,669,437
120000067,108,727,-619
120000068,208,844,-636
120000069,671,1280,-609
120000070,92,653,-561
120000071,547,164,383
120000072,878,575,303
120000073,970,191,779
120000074,293,216,77
120000075,1373,463,910
120000076,2130,538,1592
120000077,1986,741,1245
120000078,3702,1423,2279
120000079,343,161,182
120000080,170,218,-48
120000081,293,115,178
120000082,209,277,-68
120000083,87,726,-639
120000084,459,426,33
120000085,276,386,-110
120000086,215,489,-274
120000087,189,529,-340
120000088,868,1217,-349
120000089,1174,765,409
120000090,931,612,319
120000091,1118,1118,0
120000092,1568,681,887
120000093,505,534,-29
120000094,258,924,-666
120000095,1036,527,509
120000096,243,812,-569
120000098,1143,917,226
120000099,629,859,-230
120000100,1048,960,88
120000101,622,462,160
120000102,672,919,-247
120000103,1650,968,682
120000104,2213,556,1657
120000105,3228,766,2462
120000106,2534,720,1814
120000107,4023,672,3351
120000108,1283,132,1151
120000109,1180,109,1071
120000110,116,968,-852
120000111,136,1095,-959
120000112,834,2808,-1974
120000113,692,1892,-1200
120000114,1102,2593,-1491
120000115,361,2188,-1827
120000116,792,2010,-1218
120000117,1101,1601,-500
120000118,93,31,62
120000119,24,83,-59
120000120,104,86,18
120000121,41,78,-37
120000122,315,368,-53
120000123,4794,5755,-961
120000124,472,441,31
120000125,575,697,-122
120000126,374,1161,-787
120000127,3197,1185,2012
120000128,3804,4894,-1090
120000129,321,304,17
120000130,924,563,361
120000131,374,849,-475
120000134,452,1209,-757
120000135,591,634,-43
120000137,275,1479,-1204
120000138,1023,550,473
120000139,310,750,-440
120000140,948,693,255
120000141,798,459,339
120000142,994,801,193
120000143,2,123,-121
120000144,156,7,149
120000145,452,2,450
120000146,1263,1048,215
120000149,847,1207,-360
120000150,3780,12785,-9005
120000151,457,416,41
120000152,617,221,396
120000153,372,587,-215
120000154,649,455,194
120000155,186,261,-75
120000156,861,1218,-357
120000157,1056,739,317
120000158,998,957,41
120000159,2133,2655,-522
120000160,2908,1665,1243
120000161,2391,2412,-21
120000162,82,336,-254
120000163,751,1387,-636
120000164,647,471,176
120000165,709,903,-194
120000166,1507,746,761
120000167,161,251,-90
120000168,37,726,-689
120000169,90,1977,-1887
120000170,90,1283,-1193
120000171,26,446,-420
120000172,43,256,-213
120000173,3037,1584,1453
120000174,604,40,564
120000175,322,41,281
120000176,465,53,412
120000177,1628,171,1457
120000178,171,42,129
120000179,344,63,281
120000180,1121,178,943
120000181,247,1619,-1372
120000182,99,853,-754
120000183,31,742,-711
120000184,206,1592,-1386
120000186,76,446,-370
120000187,40,321,-281
120000188,160,477,-317
120000190,1109,61,1048
120000191,1235,102,1133
120000192,1457,37,1420
120000193,656,11,645
120000195,202,7,195
120000196,516,64,452
120000197,246,154,92
120000198,186,74,112
120000199,127,1,126
120000200,131,1,130
120000201,23,26,-3
120000202,3,31,-28
120000203,45,162,-117
120000207,2,88,-86
120000208,9,205,-196
120000209,3,61,-58
120000210,73,92,-19
120000211,152,6,146
120000212,227,0,227
120000213,172,312,-140
120000214,1,266,-265
120000215,5,117,-112
120000216,71,12,59
120000217,741,1132,-391
120000218,182,697,-515
120000219,5,430,-425
120000220,9,1364,-1355
120000225,1875,3,1872
120000226,340,1,339
120000227,917,58,859
120000228,10956,3618,7338
120000230,375,50,325
120000231,1377,2242,-865
120000233,376,24,352
120000235,283,599,-316
120000236,1219,3,1216
120000237,3,1223,-1220
120000238,17,1016,-999
120000241,1441,3922,-2481
120000412,966,10,956
120000413,342,273,69
120000414,178,9,169
120000415,3,129,-126
120000416,145,12,133
120000417,14,90,-76
120000418,171,18,153
120000419,27,287,-260
120000420,75,35,40
120000421,10683,6196,4487
120000422,116,1486,-1370
120000423,4,56,-52
120000424,79,117,-38
120000436,164,646,-482
120000437,177,147,30
120000438,3021,336,2685
120000439,252,539,-287
120000443,247,1,246
120000444,1589,618,971
120000445,1757,1075,682
120000446,695,229,466
120000447,224,8,216
120000449,135,7,128
120000450,6,251,-245
120000451,164,267,-103
120000452,253,7,246
120000453,1,304,-303
120000454,75,61,14
120000455,84,37,47
120000456,2531,3828,-1297
120000457,1155,505,650
120000458,847,748,99
120000459,159,47,112
120000665,1338,308,1030
120000668,140,1185,-1045
120000669,56,147,-91
120000670,261,946,-685
120000671,1665,623,1042
120000672,97,567,-470
120900001,62,123,-61
120900002,601,728,-127
120900003,333,27,306
120900004,21,84,-63
120900005,117,1073,-956
120900006,458,242,216
120900007,198,103,95
120900008,302,1188,-886
120900009,766,55,711
120900010,592,145,447
120900011,593,218,375
120900012,397,1323,-926
120900013,380,114,266
120900014,3,620,-617
120900015,809,100,709
120900016,878,54,824
120900017,2504,91,2413
120900018,164,497,-333
120900019,737,422,315
120900020,836,1481,-645
120900021,845,260,585
120900022,44,368,-324
120900023,275,66,209
120900024,2296,595,1701
120900025,1727,1030,697
120900026,531,275,256
120900027,894,29,865
120900028,449,127,322
120900029,181,485,-304
120900030,1412,926,486
120900031,333,133,200
120900032,1108,144,964
120900033,1110,77,1033
120900034,22,2512,-2490
120900035,83,152,-69
120900037,274,12,262
120900038,62,303,-241
120900039,106,51,55
120900040,382,7,375
120900041,182,31,151
120900042,579,65,514
120900043,94,39,55
120900044,23,392,-369
120900045,162,114,48
120900046,521,12,509
120900047,160,126,34
120900048,157,23,134
120900049,572,2,570
120900050,2312,1683,629
120900051,369,172,197
120900052,662,8,654
120900053,329,87,242
120900054,2019,809,1210
120900055,447,6,441
120900056,483,23,460
120900057,159,16,143
120900058,534,3,531
120900059,103,3,100
120900060,94,45,49
120900061,277,287,-10
120900062,212,0,212
120900063,560,9,551
120900064,641,1,640
120900065,517,3,514
120900066,456,291,165
120900067,235,73,162
120900068,257,0,257
120900069,286,43,243
120900071,47,1,46
120900072,709,10,699
120900073,594,146,448
120900074,881,14,867
120900076,344,0,344
120900077,3357,435,2922
120900078,878,658,220
120900079,775,112,663
120900080,738,1535,-797
120900081,881,619,262
120900082,585,414,171
120900083,100,4,96
120900084,372,569,-197
120900085,82,121,-39
120900086,140,322,-182
120900087,502,387,115
120900088,211,432,-221
120900089,3043,3133,-90
120900090,303,139,164
120900091,774,906,-132
120900092,1257,499,758
120900093,2290,177,2113
120900094,551,207,344
120900095,689,44,645
120900096,69,267,-198
120900097,824,761,63
120900098,313,213,100
120900099,128,72,56
120900100,119,258,-139
120900101,678,331,347
120900102,93,158,-65
120900103,81,251,-170
120900104,39,65,-26
120900105,43,559,-516
120900106,1378,538,840
120900107,315,166,149
120900108,13,565,-552
120900109,68,565,-497
120900110,9,820,-811
120900111,230,336,-106
120900112,22,835,-813
120900113,13,769,-756
120900114,52,151,-99
120900115,191,256,-65
120900116,414,437,-23
120900117,2,454,-452
120900118,23,678,-655
120900119,6823,6072,751
120900120,91,542,-451
120900121,634,552,82
120900122,568,555,13
120900123,3,392,-389
120900124,1,525,-524
120900125,4,686,-682
120900126,1649,1137,512
120900127,14,563,-549
120900128,1206,1591,-385
120900129,54,331,-277
120900130,28,486,-458
120900131,73,236,-163
120900132,1018,269,749
120900133,266,862,-596
120900134,718,536,182
120900135,9,589,-580
120900136,74,355,-281
120900137,251,133,118
120900138,27,224,-197
120900139,8,759,-751
120900140,14,313,-299
120900141,227,248,-21
120900142,26,539,-513
120900143,6,877,-871
120900144,1,181,-180
120900145,240,789,-549
120900146,2,1061,-1059
120900147,3,545,-542
120900148,153,122,31
120900149,0,305,-305
120900150,30,508,-478
120900151,3,737,-734
120900152,14,46,-32
120900153,43,142,-99
120900154,1,234,-233
120900155,204,1038,-834
120900156,64,356,-292
120900157,104,348,-244
120900158,56,602,-546
120900159,242,525,-283
120900160,32,640,-608
120900161,79,525,-446
120900162,73,717,-644
120900163,95,1226,-1131
120900164,2,30,-28
120900165,40,121,-81
120900166,253,750,-497
120900167,493,238,255
120900169,118,361,-243
120900170,1236,2976,-1740
120900171,1244,316,928
120900172,2529,2504,25
120900173,0,77,-77
120900174,13,178,-165
120900175,299,199,100
120900176,12,344,-332
120900177,0,1312,-1312
120900178,0,541,-541
120900179,900,429,471
120900180,111,158,-47
120900181,237,80,157
120900182,44,316,-272
120900183,644,86,558
120900184,460,95,365
120900185,23,779,-756
120900186,0,418,-418
120900187,610,1245,-635
120900188,221,21,200
120900189,105,1167,-1062
120900190,91,13,78
120900191,16,25,-9
120900192,9813,7612,2201
120900194,67,103,-36
120900195,200,384,-184
120900196,712,52,660
120900197,680,195,485
120900198,294,572,-278
120900199,429,518,-89
120900200,86,144,-58
120900201,514,224,290
120900202,2,180,-178
120900203,42,103,-61
120900204,169,331,-162
120900205,60,72,-12
120900206,31,62,-31
120900207,115,1455,-1340
121000001,749,1248,-499
121000002,2450,1432,1018
121000003,3357,2384,973
121000004,3126,3699,-573
121000005,2074,3140,-1066
121000006,4028,2055,1973
121000007,2724,3300,-576
121000008,5914,3933,1981
121000009,5796,6331,-535
121000010,9500,6426,3074
121000011,9732,13405,-3673
121000012,18762,11417,7345
121000013,5441,7847,-2406
121000014,7012,6015,997
121000015,4622,7581,-2959
121000016,4991,3866,1125
121000017,2510,4373,-1863
121000018,3094,2002,1092
121000019,19993,13747,6246
121000020,16064,19140,-3076
121000021,3460,3565,-105
121000022,2811,3967,-1156
121000023,4371,3155,1216
121000024,5024,5105,-81
121000025,926,1596,-670
121000026,360,173,187
121000027,1868,1398,470
121000028,1019,613,406
121000029,1227,799,428
121000030,805,607,198
121000031,908,813,95
121000032,391,140,251
121000034,517,281,236
121000035,209,229,-20
121000036,1251,997,254
121000037,653,638,15
121000038,578,1129,-551
121000039,371,473,-102
121000041,692,525,167
121000042,342,473,-131
121000043,768,738,30
121000044,1404,886,518
121000045,511,367,144
121000046,770,1227,-457
121000047,62,102,-40
121000049,1593,773,820
121000050,396,1386,-990
121000051,709,364,345
121000052,486,720,-234
121000053,527,131,396
121000054,72,482,-410
121000055,1230,1432,-202
121000056,906,1253,-347
121000057,487,631,-144
121000058,442,265,177
121000059,2706,1526,1180
121000060,848,1052,-204
121000061,149,473,-324
121000062,255,431,-176
121000063,830,899,-69
121000064,909,939,-30
121000065,542,594,-52
121000066,803,652,151
121000067,615,660,-45
121000068,792,504,288
121000069,681,930,-249
121000070,2183,1486,697
121000071,1620,1385,235
121000072,1625,900,725
121000073,1195,1119,76
121000074,172,206,-34
121000075,64,414,-350
121000076,1035,460,575
121000077,177,259,-82
121000078,104,238,-134
121000080,2453,759,1694
121000081,4696,3511,1185
121000082,133,335,-202
121000083,212,165,47
121000084,207,191,16
121000085,387,412,-25
121000086,246,859,-613
121000087,78,412,-334
121000088,555,693,-138
121000089,475,443,32
121000090,505,499,6
121000091,1661,1101,560
121000092,199,75,124
121000093,175,226,-51
121000094,642,886,-244
121000095,421,914,-493
121000096,2769,2709,60
121000097,1083,2631,-1548
121000098,815,1457,-642
121000099,772,897,-125
121000100,1013,493,520
121000101,344,380,-36
121000102,328,378,-50
121000103,213,355,-142
121000104,320,154,166
121000105,526,307,219
121000106,413,410,3
121000107,2181,3586,-1405
121000109,1363,1244,119
121000110,441,857,-416
121000114,3248,2289,959
121000115,1071,758,313
121000116,315,982,-667
121000117,825,246,579
121000118,1681,249,1432
121000119,309,534,-225
121000120,334,531,-197
121000121,625,1636,-1011
121000123,1707,903,804
121000126,107,383,-276
121000127,200,99,101
121000128,1196,604,592
121000129,991,691,300
121000130,681,1044,-363
121000131,3034,2358,676
121000132,2188,2303,-115
121000135,660,1092,-432
121000136,1600,1388,212
121000137,598,435,163
121000138,1145,1719,-574
121000139,722,699,23
121000141,230,180,50
121000142,706,1021,-315
121000143,181,35,146
121000144,1238,1826,-588
121000145,765,1156,-391
121000146,1466,1133,333
121000147,1122,551,571
121000148,1116,1214,-98
121000149,2365,1481,884
121000152,527,539,-12
121000153,2072,746,1326
121000154,1122,620,502
121000155,1688,1125,563
121000156,533,1119,-586
121000157,1214,1908,-694
121000158,488,529,-41
121000159,258,421,-163
121000160,333,422,-89
121000161,260,340,-80
121000162,118,236,-118
121000165,2041,2184,-143
121000166,24,513,-489
121000168,454,292,162
121000169,71,204,-133
121000170,402,101,301
121000171,126,258,-132
121000172,806,647,159
121000173,1645,1425,220
121000174,401,458,-57
121000175,1089,391,698
121000176,474,316,158
121000177,1096,800,296
121000178,118,69,49
121000179,108,88,20
121000181,505,416,89
121000182,174,262,-88
121000183,111,119,-8
121000184,130,124,6
121000185,59,219,-160
121000186,252,742,-490
121000187,211,197,14
121000188,269,220,49
121000192,1129,486,643
121000193,711,617,94
121000194,2633,2508,125
121000195,377,997,-620
121000196,732,299,433
121000197,301,819,-518
121000198,237,152,85
121000199,188,388,-200
121000200,630,101,529
121000201,5,237,-232
121000202,1119,116,1003
121000203,884,2111,-1227
121000204,3058,906,2152
121000205,249,378,-129
121000206,268,69,199
121000207,2310,411,1899
121000208,10,334,-324
121000209,530,299,231
121000210,711,411,300
121000211,362,141,221
121000212,454,661,-207
121000213,10725,3406,7319
121000214,972,2600,-1628
121000215,1200,1088,112
121000216,592,787,-195
121000217,4846,2879,1967
121000218,398,1808,-1410
121000219,1630,480,1150
121000220,204,87,117
121000221,122,251,-129
121000222,2687,2883,-196
121000223,597,457,140
121000224,307,239,68
121000225,1160,1918,-758
121000226,2627,1263,1364
121000227,11,143,-132
121000228,32,517,-485
121000229,328,316,12
121000230,62,1537,-1475
121000231,846,24,822
121000232,368,337,31
121000233,589,434,155
121000234,34,47,-13
121000235,83,126,-43
121000236,10,47,-37
121000237,51,33,18
121000238,11,95,-84
121000239,86,10,76
121000240,15,206,-191
121000241,117,25,92
121000242,157,492,-335
121000243,985,303,682
121000244,47,122,-75
121000245,166,73,93
121000246,2,147,-145
121000247,130,15,115
121000248,2667,784,1883
121000249,137,293,-156
121000250,650,241,409
121000251,28,359,-331
121000252,110,61,49
121000253,385,461,-76
121000254,621,245,376
121000255,191,258,-67
121000256,385,206,179
121000257,47,133,-86
121000258,199,108,91
121000259,73,94,-21
121000260,90,119,-29
121000261,118,91,27
121000262,1082,740,342
121000263,549,462,87
121000271,373,1558,-1185
121000273,52,7,45
121000274,10,42,-32
121000275,6,7,-1
121000276,5,19,-14
121000278,53,42,11
121000279,35,27,8
121000280,66,42,24
121000289,210,29,181
121000290,1260,1043,217
121000294,164,176,-12
121000297,1002,1182,-180
121000299,223,518,-295
121000300,978,569,409
121000302,97,1636,-1539
121000303,556,504,52
121000304,545,62,483
121000305,224,46,178
121000306,128,154,-26
121000308,204,431,-227
121000309,426,573,-147
121000310,109,393,-284
121000311,82,809,-727
121000312,439,302,137
121000313,383,472,-89
121000314,164,177,-13
121000315,57,176,-119
121000530,1589,1400,189
121000531,1537,1583,-46
121000532,7298,8531,-1233
121000533,3674,4152,-478
121000918,69,161,-92
121000919,61,85,-24
121000938,291,471,-180
121000939,338,453,-115
121000956,1492,1452,40
121000957,14,27,-13
121000958,56,103,-47
121000959,834,756,78
121000960,1692,2114,-422
121000961,350,300,50
121000962,425,509,-84
121000973,1,201,-200
121000976,23,259,-236
121000979,644,222,422
121000981,488,527,-39
121000982,313,197,116
121000983,513,442,71
121000984,59,85,-26
121000985,822,582,240
121000986,336,196,140
121000987,259,874,-615
121000988,817,131,686
121001302,294,118,176
121001308,6,21,-15
121001309,62,125,-63
121001313,273,205,68
121001314,2340,2948,-608
121001315,5428,3356,2072
121900001,146,213,-67
121900002,30,37,-7
121900003,483,16,467
121900004,122,466,-344
121900005,27,5,22
121900006,104,28,76
121900007,2332,2317,15
121900008,1096,520,576
121900009,670,30,640
121900010,267,5,262
121900011,440,499,-59
121900012,22,0,22
121900013,1531,141,1390
121900014,1445,363,1082
121900015,273,276,-3
121900016,3,31,-28
121900017,723,546,177
121900018,380,8,372
121900019,605,288,317
121900020,29,2,27
121900021,1060,31,1029
121900022,487,307,180
121900023,191,417,-226
121900024,409,87,322
121900025,780,486,294
121900026,419,62,357
121900027,447,232,215
121900028,291,27,264
121900029,113,220,-107
121900030,528,564,-36
121900031,1068,6987,-5919
121900032,214,88,126
121900033,274,284,-10
121900034,277,80,197
121900035,3504,2500,1004
121900036,86,344,-258
121900037,223,1185,-962
121900038,68,161,-93
121900039,430,81,349
121900040,178,94,84
121900041,130,249,-119
121900042,406,225,181
121900043,8,13,-5
121900044,208,62,146
121900046,346,439,-93
121900047,254,79,175
121900048,70,133,-63
121900050,44,71,-27
121900051,204,249,-45
121900052,170,45,125
121900053,639,358,281
121900054,562,1096,-534
121900055,33,38,-5
121900058,266,199,67
121900059,607,230,377
121900060,202,468,-266
121900061,240,224,16
121900062,215,120,95
121900063,1527,441,1086
121900064,342,690,-348
121900066,76,40,36
121900067,76,85,-9
121900069,202,178,24
121900070,297,175,122
121900071,400,293,107
121900072,71,217,-146
121900073,336,282,54
121900074,970,1151,-181
121900075,577,572,5
121900076,379,688,-309
121900077,27,35,-8
121900078,95,43,52
121900079,1,0,1
121900080,1218,529,689
121900082,98,81,17
121900084,32,170,-138
121900085,7,12,-5
121900086,17,73,-56
121900087,150,148,2
121900088,2392,3403,-1011
121900089,210,416,-206
121900090,61,113,-52
121900091,67,87,-20
121900092,153,131,22
121900093,104,82,22
121900094,27,17,10
121900095,277,200,77
121900096,1423,1215,208
121900097,568,279,289
121900098,12,10,2
121900099,200,55,145
121900100,352,681,-329
121900101,287,214,73
121900102,16,239,-223
121900103,524,324,200
121900104,1608,335,1273
121900105,332,234,98
121900106,23,10,13
121900107,47,47,0
121900108,2,25,-23
121900109,316,180,136
121900110,508,843,-335
121900111,767,317,450
121900112,238,190,48
121900113,99,388,-289
121900114,132,100,32
121900117,320,156,164
121900118,2000,701,1299
121900119,177,115,62
121900120,93,1353,-1260
121900121,467,73,394
121900122,34,101,-67
121900123,296,463,-167
121900124,197,160,37
121900125,1855,988,867
121900127,13,136,-123
121900128,115,95,20
121900129,655,199,456
121900130,140,263,-123
121900131,263,111,152
121900132,72,111,-39
121900133,103,1050,-947
121900134,36,230,-194
121900135,3549,462,3087
121900136,667,390,277
121900137,77,385,-308
121900138,138,321,-183
121900139,414,692,-278
121900140,105,249,-144
121900141,98,70,28
121900142,235,162,73
121900143,46,198,-152
121900144,176,317,-141
121900145,375,419,-44
121900146,668,937,-269
121900147,62,226,-164
121900148,238,333,-95
121900149,397,666,-269
121900150,87,188,-101
121900151,107,272,-165
121900152,102,159,-57
121900153,155,905,-750
121900154,12,288,-276
121900155,8,229,-221
121900156,310,238,72
121900157,3,412,-409
121900158,80,148,-68
121900159,1,203,-202
121900160,63,271,-208
121900161,437,456,-19
121900162,91,212,-121
121900163,261,594,-333
121900164,459,355,104
121900165,461,230,231
121900166,215,199,16
121900167,88,139,-51
121900168,155,294,-139
121900169,7,225,-218
121900170,14,223,-209
121900171,895,637,258
121900172,605,233,372
121900173,1079,318,761
121900174,42,100,-58
121900175,191,242,-51
121900176,623,1400,-777
121900177,250,114,136
121900178,37,38,-1
121900179,429,246,183
121900180,4062,4722,-660
121900182,705,355,350
121900183,763,1575,-812
121900184,90,685,-595
121900186,17,517,-500
121900187,45,205,-160
121900188,612,481,131
121900189,52,150,-98
121900190,381,465,-84
121900191,210,180,30
121900192,333,910,-577
121900193,58,180,-122
121900194,10,380,-370
121900195,126,115,11
121900196,989,1141,-152
121900197,286,1403,-1117
121900198,1461,1213,248
121900199,5,57,-52
121900200,91,291,-200
121900201,1203,907,296
121900202,156,872,-716
121900203,224,1107,-883
121900204,1018,1193,-175
121900205,29,90,-61
121900206,15,60,-45
121900207,153,53,100
121900208,176,350,-174
121900209,129,66,63
121900210,1536,1130,406
121900211,30,108,-78
121900212,295,140,155
121900213,227,69,158
121900214,22,508,-486
121900215,83,139,-56
121900216,43,310,-267
121900217,249,156,93
121900218,272,464,-192
121900220,163,21,142
121900221,344,595,-251
121900222,178,243,-65
121900223,273,71,202
121900224,106,50,56
121900225,151,172,-21
121900226,326,550,-224
121900227,363,671,-308
121900228,204,365,-161
121900230,238,382,-144
121900231,434,2121,-1687
121900232,337,547,-210
121900233,271,294,-23
121900234,330,356,-26
121900235,561,201,360
121900236,390,195,195
121900237,210,326,-116
121900238,209,298,-89
121900239,267,50,217
121900240,311,153,158
121900241,78,68,10
121900242,12,0,12
121900243,20,0,20
121900244,26,6,20
121900245,209,126,83
121900246,2590,294,2296
121900247,352,343,9
121900248,1678,1402,276
121900250,290,331,-41
121900251,605,65,540
121900252,666,173,493
121900253,103,803,-700
121900254,474,311,163
121900255,457,128,329
121900258,4014,2301,1713
121900259,452,601,-149
121900260,217,217,0
121900261,278,631,-353
121900262,383,991,-608
121900263,332,276,56
121900264,1904,1497,407
121900265,324,280,44
121900266,523,167,356
121900267,100,45,55
121900269,328,834,-506
121900270,33,209,-176
121900271,57,208,-151
121900273,548,2084,-1536
121900274,357,291,66
121900277,700,1323,-623
121900278,133,1057,-924
121900279,144,267,-123
121900280,227,508,-281
121900281,437,500,-63
121900284,172,6,166
121900286,156,106,50
121900287,32,22,10
121900288,8,1,7
121900290,298,463,-165
121900291,466,731,-265
121900292,196,159,37
121900293,1138,2918,-1780
121900294,311,4,307
121900295,169,232,-63
121900296,111,292,-181
121900298,296,775,-479
121900299,0,15,-15
121900300,153,5,148
121900301,68,12,56
121900302,2,38,-36
121900303,354,557,-203
121900304,10,12,-2
121900305,5,10,-5
121900306,243,3,240
121900307,65,16,49
121900308,65,308,-243
121900309,24,269,-245
121900310,28,410,-382
121900311,429,23,406
121900312,395,18,377
121900313,381,28,353
121900314,6,55,-49
121900315,16,1,15
121900316,2,30,-28
121900317,7,12,-5
121900318,2,18,-16
121900319,51,106,-55
121900320,56,55,1
121900321,10,2,8
121900322,1,21,-20
121900323,21,24,-3
121900324,3,55,-52
121900325,17,2,15
121900326,9,34,-25
121900327,7,43,-36
121900328,1,32,-31
121900329,5,137,-132
121900330,1,39,-38
121900331,131,58,73
121900332,110,26,84
121900333,32,2,30
122000001,2543,5684,-3141
122000002,4569,1938,2631
122000003,2404,3083,-679
122000004,3414,1830,1584
122000005,2964,2003,961
122000006,1845,1128,717
122000007,1241,2019,-778
122000008,4064,5356,-1292
122000009,441,502,-61
122000010,2457,3142,-685
122000011,3869,1794,2075
122000012,1437,1889,-452
122000013,1746,1093,653
122000014,1868,1339,529
122000015,1741,1368,373
122000016,642,1108,-466
122000017,1429,1210,219
122000018,1661,1547,114
122000019,821,1213,-392
122000020,258,253,5
122000021,291,539,-248
122000022,1415,1117,298
122000023,765,1814,-1049
122000024,962,1692,-730
122000025,1242,2113,-871
122000026,1246,1315,-69
122000027,700,2283,-1583
122000028,1121,609,512
122000029,579,659,-80
122000030,346,180,166
122000031,174,320,-146
122000032,2064,2055,9
122000033,847,1446,-599
122000034,870,828,42
122000035,410,887,-477
122000036,618,602,16
122000037,519,275,244
122000038,358,391,-33
122000039,743,521,222
122000040,338,315,23
122000041,627,622,5
122000042,401,524,-123
122000043,167,121,46
122000044,156,168,-12
122000045,1331,574,757
122000046,796,845,-49
122000047,327,270,57
122000048,3926,4868,-942
122000049,6802,3904,2898
122000050,1471,953,518
122000051,464,346,118
122000052,590,507,83
122000053,211,936,-725
122000054,2771,2264,507
122000055,2361,3665,-1304
122000056,5377,3869,1508
122000057,3785,4253,-468
122000058,2649,1537,1112
122000059,3265,2051,1214
122000060,775,771,4
122000061,544,607,-63
122000062,1092,410,682
122000063,1637,799,838
122000064,3468,3175,293
122000065,4256,2727,1529
122000066,1383,1115,268
122000067,1581,1271,310
122000068,1366,1156,210
122000069,854,804,50
122000070,973,1666,-693
122000071,1921,1336,585
122000072,430,535,-105
122000073,469,836,-367
122000074,2893,1807,1086
122000075,1092,1298,-206
122000076,2756,1461,1295
122000077,1220,1057,163
122000078,2338,3040,-702
122000079,1312,1705,-393
122000080,820,494,326
122000081,241,287,-46
122000082,759,1093,-334
122000083,1899,2030,-131
122000084,1434,1012,422
122000085,406,1238,-832
122000086,2562,5542,-2980
122000087,554,294,260
122000088,453,580,-127
122000089,5851,2533,3318
122000090,299,487,-188
122000091,205,82,123
122000092,198,29,169
122000093,2036,2222,-186
122000094,6455,3174,3281
122000095,3119,4120,-1001
122000096,2947,2158,789
122000098,4096,2882,1214
122000099,1904,726,1178
122000100,1330,563,767
122000101,445,685,-240
122000102,2282,1516,766
122000103,2146,1953,193
122000104,402,190,212
122000105,483,300,183
122000106,578,780,-202
122000107,1102,541,561
122000108,543,871,-328
122000109,606,373,233
122000110,630,633,-3
122000111,3292,1628,1664
122000112,1135,1495,-360
122000113,817,712,105
122000114,3208,1485,1723
122000115,2147,1419,728
122000116,607,635,-28
122000117,1526,513,1013
122000118,744,1033,-289
122000119,3826,2734,1092
122000120,2259,4465,-2206
122000121,2196,3271,-1075
122000122,819,1772,-953
122000123,1792,1907,-115
122000124,1217,662,555
122000125,761,882,-121
122000126,705,1197,-492
122000127,1183,1469,-286
122000128,565,868,-303
122000129,518,1504,-986
122000130,3451,1393,2058
122000131,1523,1348,175
122000132,673,748,-75
122000133,1006,1728,-722
122000134,1024,865,159
122000135,853,892,-39
122000136,909,621,288
122000137,1783,1089,694
122000139,1303,3624,-2321
122000140,1003,732,271
122000141,4818,1353,3465
122000142,421,974,-553
122000143,498,570,-72
122000144,1467,1562,-95
122000145,1340,964,376
122000146,891,1695,-804
122000147,641,615,26
122000148,2024,2562,-538
122000149,2442,1832,610
122000150,1270,1144,126
122000151,214,434,-220
122000152,394,494,-100
122000153,436,423,13
122000154,290,281,9
122000155,1726,2513,-787
122000156,2878,2942,-64
122000157,1560,2651,-1091
122000158,443,825,-382
122000159,846,1987,-1141
122000160,3846,2346,1500
122000161,1320,1194,126
122000162,2408,1997,411
122000163,313,102,211
122000164,48,116,-68
122000165,838,728,110
122000166,994,1130,-136
122000167,318,260,58
122000168,287,632,-345
122000169,435,192,243
122000170,417,288,129
122000171,61,113,-52
122000172,1990,1614,376
122000173,1889,2648,-759
122000174,2551,1067,1484
122000175,1253,329,924
122000176,422,835,-413
122000177,1598,1724,-126
122000178,3105,2394,711
122000179,1905,2701,-796
122000180,2023,1549,474
122000181,1923,3345,-1422
122000182,1959,1953,6
122000183,2367,1080,1287
122000184,3419,2607,812
122000185,1720,1865,-145
122000186,532,1023,-491
122000187,1954,1018,936
122000188,533,259,274
122000189,345,317,28
122000190,1227,1211,16
122000191,1057,853,204
122000192,1167,414,753
122000193,475,887,-412
122000194,563,214,349
122000195,197,597,-400
122000196,1259,741,518
122000197,532,919,-387
122000198,559,993,-434
122000199,428,358,70
122000200,1171,675,496
122000201,1597,1687,-90
122000202,1346,1826,-480
122000203,2952,1643,1309
122000204,1729,2330,-601
122000205,1597,1636,-39
122000206,2447,1077,1370
122000207,1987,1585,402
122000208,2398,1499,899
122000209,2098,433,1665
122000210,2193,1879,314
122000211,1438,1553,-115
122000212,879,497,382
122000213,1272,1440,-168
122000214,2402,1850,552
122000215,2379,1853,526
122000217,2058,1684,374
122000218,841,94,747
122000219,1402,1064,338
122000220,479,788,-309
122000221,86,465,-379
122000222,707,148,559
122000223,1477,632,845
122000225,915,305,610
122000226,2139,2002,137
122000227,400,2362,-1962
122000228,466,437,29
122000229,45,560,-515
122000230,423,624,-201
122000231,452,918,-466
122000232,714,1179,-465
122000233,1,154,-153
122000234,404,94,310
122000235,580,148,432
122000236,1256,123,1133
122000237,138,94,44
122000238,754,369,385
122000239,664,215,449
122000240,1336,736,600
122000241,1792,614,1178
122000242,922,192,730
122000243,203,85,118
122000244,65,441,-376
122000245,148,213,-65
122000246,173,193,-20
122000247,675,568,107
122000248,1229,1617,-388
122000249,1201,911,290
122000250,2316,1019,1297
122000251,319,495,-176
122000252,536,187,349
122000253,101,308,-207
122000254,372,109,263
122000255,816,1716,-900
122000256,450,987,-537
122000257,200,308,-108
122000258,320,299,21
122000259,26,520,-494
122000260,3,78,-75
122000261,23,191,-168
122000262,0,47,-47
122000263,518,179,339
122000264,1548,400,1148
122000265,2659,895,1764
122000266,4762,695,4067
122000267,344,133,211
122000268,246,309,-63
122000269,873,412,461
122000270,692,182,510
122000271,290,1034,-744
122000272,363,1082,-719
122000273,493,481,12
122000274,225,195,30
122000275,251,198,53
122000276,711,642,69
122000277,1589,1879,-290
122000278,1661,808,853
122000279,291,540,-249
122000280,1073,702,371
122000281,1075,759,316
122000282,248,698,-450
122000283,371,200,171
122000284,314,69,245
122000285,398,112,286
122000286,57,164,-107
122000287,1222,1713,-491
122000288,431,294,137
122000291,2075,751,1324
122000293,291,267,24
122000294,171,242,-71
122000295,1541,248,1293
122000296,41,511,-470
122000297,2769,3211,-442
122000299,617,492,125
122000300,648,591,57
122000301,9803,3398,6405
122000302,640,1619,-979
122000303,3211,1436,1775
122000304,79,226,-147
122000305,1267,314,953
122000306,56,560,-504
122000307,119,124,-5
122000309,65,50,15
122000310,19,133,-114
122000311,267,155,112
122000312,110,182,-72
122000313,151,82,69
122000314,132,266,-134
122000315,311,61,250
122000316,922,286,636
122000317,1804,279,1525
122000318,382,903,-521
122000319,224,425,-201
122000320,315,1132,-817
122000321,98,170,-72
122000322,2702,2459,243
122000323,1648,2461,-813
122000324,1386,1346,40
122000325,1303,1998,-695
122000326,88,85,3
122000327,467,863,-396
122000328,998,814,184
122000330,2395,1118,1277
122000332,239,388,-149
122000333,9,114,-105
122000337,1096,1540,-444
122000338,482,418,64
122000340,439,617,-178
122000342,1827,1010,817
122000343,569,1358,-789
122000344,59,20,39
122000345,35,20,15
122000346,390,495,-105
122000348,837,865,-28
122000349,170,865,-695
122000351,109,205,-96
122000352,409,197,212
122000353,123,67,56
122000355,158,368,-210
122000356,1402,1362,40
122000357,81,19,62
122000358,1,67,-66
122000359,0,29,-29
122000360,0,58,-58
122000362,15,88,-73
122000364,164,462,-298
122000365,3,35,-32
122000366,11,11,0
122000368,544,825,-281
122000370,41,59,-18
122000371,21,0,21
122000372,12,1,11
122000381,119,382,-263
122000382,121,269,-148
122000384,3268,1353,1915
122000385,90,2,88
122000386,404,1521,-1117
122000387,598,774,-176
122000388,1459,782,677
122000389,167,741,-574
122000390,405,289,116
122000391,442,438,4
122000392,202,232,-30
122000393,33,166,-133
122000394,749,278,471
122000395,170,162,8
122000396,333,115,218
122000397,28,64,-36
122000398,45,53,-8
122000399,134,66,68
122000400,187,653,-466
122000401,129,76,53
122000402,303,145,158
122000403,575,802,-227
122000404,237,240,-3
122000408,1061,1483,-422
122000503,25,157,-132
122000524,228,181,47
122000544,110,2336,-2226
122000616,446,4,442
122000640,118,108,10
122000641,132,355,-223
122000642,1218,908,310
122000643,58,173,-115
122000644,151,33,118
122000645,165,175,-10
122000651,1657,1042,615
122000664,140,43,97
122000665,1529,623,906
122000666,759,1266,-507
122000673,34,247,-213
122000674,165,91,74
122000675,1834,760,1074
122000686,526,1290,-764
122000687,1495,322,1173
122000688,467,578,-111
122000689,941,438,503
122000690,2267,538,1729
122000691,889,1576,-687
122000692,1607,526,1081
122000693,459,1916,-1457
122000695,292,363,-71
122000696,433,261,172
122000698,388,578,-190
122000699,268,116,152
122000701,1422,312,1110
122000702,519,1203,-684
122000703,188,63,125
122000717,61,52,9
122000718,179,795,-616
122000719,107,105,2
122000720,493,198,295
122000724,115,27,88
122900001,37,17,20
122900002,1326,5383,-4057
122900003,414,42,372
122900004,1540,67,1473
122900005,167,98,69
122900006,756,747,9
122900007,120,113,7
122900008,586,177,409
122900009,900,463,437
122900010,346,174,172
122900012,276,568,-292
122900014,185,260,-75
122900015,2116,1180,936
122900016,160,246,-86
122900017,397,1105,-708
122900018,249,26,223
122900019,12,135,-123
122900020,219,458,-239
122900021,42,451,-409
122900022,1091,1010,81
122900023,494,276,218
122900024,158,152,6
122900025,16,475,-459
122900026,99,294,-195
122900027,76,584,-508
122900028,104,182,-78
122900029,4664,3405,1259
122900030,1094,619,475
122900031,95,309,-214
122900032,126,429,-303
122900033,208,163,45
122900034,4742,5482,-740
122900035,40,30,10
122900036,97,161,-64
122900037,499,167,332
122900038,144,2767,-2623
122900039,119,641,-522
122900040,296,536,-240
122900041,377,421,-44
122900042,248,400,-152
122900043,427,277,150
122900044,138,405,-267
122900045,136,143,-7
122900046,224,339,-115
122900047,180,259,-79
122900048,85,239,-154
122900049,1583,200,1383
122900051,97,188,-91
122900052,116,159,-43
122900053,30,33,-3
122900055,491,131,360
122900057,245,82,163
122900061,514,218,296
122900062,633,701,-68
122900063,204,297,-93
122900064,863,522,341
122900065,600,321,279
122900066,781,404,377
122900067,1298,820,478
122900068,155,411,-256
122900069,318,1407,-1089
122900070,436,58,378
122900071,156,345,-189
122900072,15,489,-474
122900073,30,223,-193
122900074,892,721,171
122900075,2,90,-88
122900076,8,175,-167
122900077,0,135,-135
122900078,206,109,97
122900080,62,35,27
122900081,245,192,53
122900082,891,368,523
122900083,140,207,-67
122900084,9,271,-262
122900086,18,117,-99
122900087,334,470,-136
122900088,64,235,-171
122900089,80,331,-251
122900090,6,425,-419
122900091,279,4,275
122900092,1,213,-212
122900093,0,234,-234
122900094,15,214,-199
122900095,178,16,162
122900096,290,196,94
122900097,44,28,16
122900098,87,147,-60
122900099,89,21,68
122900100,273,344,-71
122900101,607,322,285
122900102,17,43,-26
122900103,126,9,117
122900104,187,15,172
122900105,14,10,4
122900106,4,78,-74
122900107,7,163,-156
122900108,10,144,-134
123000001,1533,588,945
123000002,4101,5727,-1626
123000003,3914,4312,-398
123000004,3290,4289,-999
123000005,2684,2953,-269
123000006,2472,2627,-155
123000007,4124,2940,1184
123000008,2959,3470,-511
123000009,4952,3143,1809
123000010,3516,3638,-122
123000011,2578,933,1645
123000012,879,2476,-1597
123000013,3507,1042,2465
123000014,945,3883,-2938
123000015,4209,1426,2783
123000016,4720,5154,-434
123000017,3678,1905,1773
123000018,66,113,-47
123000019,368,158,210
123000020,206,89,117
123000021,136,255,-119
123000022,389,1906,-1517
123000023,1724,1881,-157
123000024,1610,717,893
123000025,115,141,-26
123000026,28,85,-57
123000027,270,749,-479
123000028,1799,897,902
123000029,1185,1653,-468
123000030,261,352,-91
123000031,301,245,56
123000032,489,180,309
123000033,244,86,158
123000034,1091,924,167
123000035,409,415,-6
123000036,316,958,-642
123000037,218,380,-162
123000038,123,239,-116
123000039,475,1707,-1232
123000040,898,358,540
123000041,1256,1292,-36
123000042,1267,751,516
123000043,3460,10183,-6723
123000044,5421,3009,2412
123000045,8546,3487,5059
123000046,881,1954,-1073
123000047,2318,1126,1192
123000048,113,967,-854
123000049,7430,10389,-2959
123000050,1633,1832,-199
123000051,114,224,-110
123000052,859,3628,-2769
123000053,2796,3544,-748
123000054,1623,2046,-423
123000055,2447,2864,-417
123000056,1233,2050,-817
123000057,12954,8238,4716
123000058,754,1202,-448
123000059,514,626,-112
123000060,885,441,444
123000061,289,713,-424
123000063,846,965,-119
123000064,1057,266,791
123000065,5356,3459,1897
123000066,790,670,120
123000067,822,556,266
123000068,2878,3006,-128
123000069,6794,3357,3437
123000070,249,764,-515
123000071,1263,949,314
123000072,1236,980,256
123000073,1265,725,540
123000074,1156,1157,-1
123000075,378,1200,-822
123000076,848,706,142
123000077,2104,2606,-502
123000078,1712,1752,-40
123000079,1637,1887,-250
123000080,2494,1681,813
123000081,196,387,-191
123000082,375,1093,-718
123000083,1096,270,826
123000084,677,569,108
123000085,323,86,237
123000086,555,165,390
123000087,488,363,125
123000088,1424,809,615
123000089,561,1110,-549
123000090,1255,901,354
123000091,1620,1394,226
123000092,1104,1100,4
123000094,571,276,295
123000095,622,655,-33
123000096,675,403,272
123000097,517,676,-159
123000098,860,640,220
123000099,688,751,-63
123000100,576,771,-195
123000101,604,778,-174
123000102,605,678,-73
123000104,453,509,-56
123000105,745,536,209
123000106,460,482,-22
123000107,426,496,-70
123000108,797,1124,-327
123000111,908,347,561
123000112,1314,569,745
123000113,657,1405,-748
123000114,443,614,-171
123000115,363,336,27
123000116,44,149,-105
123000117,1662,2041,-379
123000118,506,901,-395
123000119,303,855,-552
123000120,421,895,-474
123000121,581,616,-35
123000122,355,306,49
123000123,515,526,-11
123000124,520,540,-20
123000125,1235,1317,-82
123000126,1440,4512,-3072
123000127,830,728,102
123000128,367,409,-42
123000129,785,228,557
123000130,662,93,569
123000131,903,674,229
123000132,430,965,-535
123000133,268,422,-154
123000134,423,154,269
123000135,2495,1228,1267
123000136,249,786,-537
123000137,98,356,-258
123000138,116,452,-336
123000139,635,126,509
123000140,139,812,-673
123000141,940,225,715
123000142,1212,1211,1
123000143,1094,1986,-892
123000144,74,31,43
123000145,235,351,-116
123000146,75,99,-24
123000147,115,115,0
123000149,447,536,-89
123000150,204,311,-107
123000151,426,611,-185
123000152,198,399,-201
123000153,241,820,-579
123000154,2042,2358,-316
123000155,2536,1458,1078
123000156,63,158,-95
123000157,702,1032,-330
123000158,731,852,-121
123000159,3439,2771,668
123000160,1171,945,226
123000161,2015,1238,777
123000162,1004,1763,-759
123000163,666,141,525
123000164,1720,301,1419
123000165,555,1424,-869
123000166,66,152,-86
123000167,138,282,-144
123000168,302,223,79
123000169,824,179,645
123000170,89,152,-63
123000171,807,27,780
123000172,251,564,-313
123000173,673,330,343
123000174,1083,435,648
123000175,627,1217,-590
123000176,1168,294,874
123000177,291,1071,-780
123000178,824,191,633
123000179,53,526,-473
123000180,1664,399,1265
123000181,331,1292,-961
123000182,262,456,-194
123000183,196,514,-318
123000184,129,677,-548
123000185,839,369,470
123000186,5,558,-553
123000187,592,8,584
123000188,239,2,237
123000189,237,196,41
123000190,71,68,3
123000192,29,379,-350
123000193,81,916,-835
123000194,475,357,118
123000195,440,55,385
123000196,378,38,340
123000197,83,112,-29
123000198,62,579,-517
123000199,10,728,-718
123000200,600,6,594
123000201,1108,33,1075
123000202,21,954,-933
123000203,1168,69,1099
123000204,95,982,-887
123000205,690,1643,-953
123000206,2595,294,2301
123000207,84,782,-698
123000208,641,259,382
123000209,2309,693,1616
123000210,486,1892,-1406
123000211,523,2280,-1757
123000212,3145,670,2475
123000213,738,100,638
123000215,114,376,-262
123000216,257,1330,-1073
123000217,226,51,175
123000218,81,891,-810
123000219,918,124,794
123000220,574,118,456
123000221,187,153,34
123000222,537,450,87
123000223,386,354,32
123000224,459,497,-38
123000225,392,79,313
123000226,73,362,-289
123000227,76,392,-316
123000228,288,54,234
123000229,1042,1540,-498
123000232,105,571,-466
123000233,848,181,667
123000234,161,602,-441
123000235,1208,319,889
123000236,317,770,-453
123000237,345,105,240
123000238,111,454,-343
123000239,502,1397,-895
123000240,97,485,-388
123000241,509,100,409
123000242,242,203,39
123000243,723,969,-246
123000244,1084,772,312
123000245,79,202,-123
123000249,604,645,-41
123000252,871,290,581
123000253,1190,620,570
123000254,765,1033,-268
123000255,1331,1129,202
123000256,40,279,-239
123000257,2713,2028,685
123000258,1033,836,197
123000259,490,453,37
123000260,565,415,150
123000261,292,167,125
123000262,100,180,-80
123000263,392,110,282
123000264,172,109,63
123000265,52,167,-115
123000266,568,701,-133
123000267,701,451,250
123000268,53,81,-28
123000269,79,67,12
123000270,36,48,-12
123000271,55,66,-11
123000272,874,285,589
123000273,292,665,-373
123000274,1190,625,565
123000275,388,884,-496
123000278,2583,2620,-37
123000279,95,116,-21
123000280,329,354,-25
123000281,323,107,216
123000282,188,369,-181
123000283,152,47,105
123000284,77,108,-31
123000286,275,429,-154
123000287,616,300,316
123000288,1643,951,692
123000289,472,1126,-654
123000291,318,928,-610
123000294,207,274,-67
123000295,1031,878,153
123000296,640,394,246
123000297,663,574,89
123000298,755,545,210
123000299,58,202,-144
123000300,982,866,116
123000301,139,313,-174
123000302,107,209,-102
123000303,116,223,-107
123000305,1097,1133,-36
123000306,223,149,74
123000309,46,73,-27
123000310,51,30,21
123000311,0,76,-76
123000312,581,762,-181
123000313,636,364,272
123000315,155,347,-192
123000316,1198,113,1085
123000317,189,70,119
123000318,84,207,-123
123000329,18,20,-2
123000337,1095,433,662
123000338,455,88,367
123000339,291,200,91
123000340,181,381,-200
123000342,39,34,5
123000343,51,21,30
123000344,1213,455,758
123000345,352,734,-382
123000346,346,54,292
123000352,1533,970,563
123000353,34,94,-60
123000354,388,19,369
123000355,2,336,-334
123000356,392,23,369
123000357,1,143,-142
123000359,12,162,-150
123000360,253,77,176
123000361,293,350,-57
123000362,478,132,346
123000363,85,243,-158
123000364,480,557,-77
123000365,25,431,-406
123000366,469,2088,-1619
123000367,368,1159,-791
123000370,31,367,-336
123000371,519,66,453
123000372,403,25,378
123000373,15,398,-383
123000374,33,182,-149
123000375,432,81,351
123000376,1030,697,333
123000377,413,21,392
123000378,25,300,-275
123000379,6,254,-248
123000380,49,465,-416
123000381,181,90,91
123000382,1359,147,1212
123000383,221,1329,-1108
123000384,559,130,429
123000385,165,518,-353
123000436,44,1063,-1019
123000507,137,302,-165
123000508,217,1109,-892
123000517,344,26,318
123000518,27,229,-202
123000519,222,67,155
123000520,54,264,-210
123000521,457,103,354
123000522,149,414,-265
123000541,5,4,1
123000542,0,10,-10
123000565,722,54,668
123000566,275,528,-253
123000567,107,215,-108
123000573,46,808,-762
123000574,744,79,665
123000575,1468,1097,371
123000576,955,1321,-366
123000577,63,677,-614
123000578,544,87,457
123000579,2836,5834,-2998
123000580,166,33,133
123000582,442,39,403
123000583,32,383,-351
123000584,242,309,-67
123000585,0,97,-97
123000586,115,0,115
123000596,78,95,-17
123000597,68,154,-86
123000602,51,8,43
123000603,839,600,239
123000604,531,717,-186
123000605,846,142,704
123000606,2,361,-359
123000609,19,399,-380
123000610,264,112,152
123000613,26,179,-153
123000614,228,65,163
123000615,36,110,-74
123000616,808,81,727
123000617,142,366,-224
123000618,64,648,-584
123000619,635,64,571
123000620,26,513,-487
123000622,432,34,398
123000624,173,33,140
123000630,1060,474,586
123000631,264,1101,-837
123000632,904,810,94
123000633,0,185,-185
123000634,88,136,-48
123000635,150,136,14
123000636,46,563,-517
123000637,195,117,78
123000638,511,57,454
123000639,1181,4380,-3199
123000640,20,646,-626
123000648,15,17,-2
123000649,7,86,-79
123900001,1360,71,1289
123900002,21,1301,-1280
123900003,285,436,-151
123900005,249,157,92
123900006,293,43,250
124000001,2013,184,1829
124000002,115,1745,-1630
124000003,871,157,714
124000004,86,556,-470
124000005,1108,393,715
124000006,274,1025,-751
124000007,436,110,326
124000008,16,544,-528
124000009,664,242,422
124000010,181,403,-222
124000011,1013,297,716
124000012,300,570,-270
124000017,215,152,63
124000018,110,80,30
124000019,151,135,16
124000020,61,184,-123
124000021,125,110,15
124000022,99,216,-117
124000023,1577,1820,-243
124000024,1050,513,537
124000025,1422,2075,-653
124000026,1110,1177,-67
124000027,5406,5437,-31
124000028,2285,4783,-2498
124000030,2926,1452,1474
124000031,1315,3031,-1716
124000032,2542,884,1658
124000033,315,288,27
124000034,1062,662,400
124000035,155,267,-112
124000036,102,380,-278
124000037,770,1141,-371
124000038,48,153,-105
124000039,1038,520,518
124000040,611,1252,-641
124000041,469,89,380
124000042,104,535,-431
124000043,138,100,38
124000044,85,213,-128
124000045,940,537,403
124000046,391,706,-315
124000047,1815,818,997
124000048,1039,1542,-503
124000049,1642,692,950
124000050,831,1818,-987
124000051,952,770,182
124000052,867,991,-124
124000053,741,1552,-811
124000054,985,743,242
124000055,1569,2645,-1076
124000056,2416,1545,871
124000057,1027,651,376
124000058,470,1192,-722
124000059,669,1307,-638
124000060,1290,659,631
124000061,1470,5489,-4019
124000062,4040,1958,2082
124000063,1340,1730,-390
124000064,2320,1441,879
124000065,80,362,-282
124000066,230,163,67
124000067,241,159,82
124000068,71,103,-32
124000069,578,135,443
124000070,197,354,-157
124000071,245,99,146
124000072,202,436,-234
124000073,1089,191,898
124000074,292,797,-505
124000075,313,22,291
124000076,6,227,-221
124000077,1561,1203,358
124000078,3016,1138,1878
124000079,411,1745,-1334
124000080,579,189,390
124000081,273,592,-319
124000082,84,160,-76
124000083,105,160,-55
124000084,93,468,-375
124000085,141,64,77
124000086,111,96,15
124000087,217,113,104
124000088,298,509,-211
124000089,943,380,563
124000090,178,460,-282
124000091,557,133,424
124000092,97,668,-571
124000093,131,76,55
124000094,232,629,-397
124000095,106,51,55
124000096,162,313,-151
124000097,110,102,8
124000098,55,82,-27
124000099,342,124,218
124000100,72,129,-57
124000101,112,108,4
124000102,122,64,58
124000103,114,117,-3
124000104,105,49,56
124000105,92,124,-32
124000106,120,60,60
124000107,21,188,-167
124000108,42,26,16
124000109,149,116,33
124000110,216,106,110
124000111,223,170,53
124000112,775,732,43
124000113,109,96,13
124000114,327,460,-133
124000115,457,717,-260
124000116,142,180,-38
124000117,78,102,-24
124000118,49,95,-46
124000119,928,688,240
124000120,628,545,83
124000121,1474,717,757
124000122,610,1241,-631
124000123,1186,508,678
124000124,385,1281,-896
124000125,460,598,-138
124000126,291,657,-366
124000127,973,393,580
124000128,661,1021,-360
124000129,2333,1823,510
124000130,831,762,69
124000131,1000,680,320
124000132,955,876,79
124000133,966,819,147
124000134,1124,742,382
124000135,2032,1876,156
124000136,1192,1023,169
124000137,1435,971,464
124000138,2471,1383,1088
124000139,659,28,631
124000140,37,494,-457
124000141,106,22,84
124000142,26,156,-130
124000143,59,17,42
124000144,14,59,-45
124000145,141,50,91
124000146,18,71,-53
124000148,24,126,-102
124000149,1232,474,758
124000150,404,637,-233
124000151,1027,424,603
124000152,889,1294,-405
124000153,1102,776,326
124000154,597,765,-168
124000155,1788,1049,739
124000156,1763,1210,553
124000169,245,449,-204
124000170,591,497,94
124000171,357,273,84
124000172,416,528,-112
124000173,473,249,224
124000174,464,567,-103
124000175,12,140,-128
124000176,40,27,13
124000177,10,44,-34
124000178,94,58,36
124000190,127,66,61
124000191,164,217,-53
124000192,1722,439,1283
124000193,443,1133,-690
124000194,443,512,-69
124000195,316,605,-289
124000196,1166,1032,134
124000197,56,65,-9
124000198,45,61,-16
124000201,302,936,-634
124000202,654,512,142
124000203,441,532,-91
124000204,846,348,498
124000205,121,386,-265
124000206,686,425,261
124000207,0,54,-54
124000209,216,410,-194
124000210,522,227,295
124000211,797,2,795
124000212,1,359,-358
124000213,412,291,121
124000214,384,520,-136
124000215,353,27,326
124000216,1,360,-359
124000329,181,1541,-1360
124000338,407,740,-333
124000339,1020,124,896
124000341,1333,79,1254
124000344,44,8,36
124000357,1141,2167,-1026
124000358,948,1361,-413
124000359,1080,645,435
124000360,797,459,338
124000361,1891,896,995
124000362,1351,1725,-374
124000363,282,349,-67
124000364,534,800,-266
124000365,618,1182,-564
124000366,1612,983,629
124000367,102,478,-376
124000368,488,444,44
124000369,184,142,42
124000370,87,665,-578
124000402,39,12,27
124000403,135,16,119
124000404,17,110,-93
124000405,1366,950,416
124000406,824,923,-99
124000407,2,31,-29
124000411,8,278,-270
124000412,512,11,501
124000413,171,30,141
124000414,71,108,-37
124000415,62,115,-53
124000416,162,205,-43
124000417,168,91,77
124000418,197,106,91
124000419,116,140,-24
124000420,90,63,27
124000421,59,201,-142
124000422,31,12,19
124000423,121,29,92
124000424,6,67,-61
124000425,58,16,42
124000426,10,34,-24
124000427,44,15,29
124000428,9,69,-60
124000429,97,66,31
124000430,765,474,291
124000431,290,589,-299
124000432,306,892,-586
124000439,7,1,6
124000443,0,8,-8
124000445,232,898,-666
124000446,1289,164,1125
124900001,589,394,195
124900002,185,310,-125
124900003,1218,644,574
124900004,751,370,381
124900005,283,214,69
124900006,736,331,405
124900008,1368,646,722
124900009,239,362,-123
124900010,234,205,29
124900011,663,269,394
124900012,523,102,421
124900013,511,144,367
124900014,368,59,309
124900015,228,415,-187
124900016,75,110,-35
124900017,603,1356,-753
124900018,49,8,41
124900020,95,54,41
124900021,331,30,301
124900022,74,7,67
124900024,272,16,256
124900026,157,55,102
124900027,148,523,-375
124900028,461,123,338
124900029,23,526,-503
124900030,6,149,-143
124900031,68,296,-228
124900032,495,287,208
124900033,138,346,-208
124900034,109,635,-526
124900035,194,438,-244
124900036,7,84,-77
124900037,246,326,-80
124900038,342,281,61
124900039,1,239,-238
124900040,223,129,94
124900041,306,914,-608
124900042,168,3,165
124900043,521,858,-337
124900044,71,5,66
124900045,764,1228,-464
124900046,1004,378,626
124900047,187,207,-20
124900048,216,123,93
124900050,198,204,-6
124900052,92,478,-386
124900053,138,383,-245
124900054,1427,480,947
124900055,0,237,-237
124900057,12,59,-47
124900060,108,208,-100
124900061,108,10,98
124900062,270,14,256
124900066,0,16,-16
124900067,13,113,-100
124900068,246,559,-313
124900070,80,27,53
124900072,135,43,92
124900074,193,51,142
124900075,279,227,52
124900076,46,1151,-1105
124900077,57,151,-94
124900078,126,18,108
124900079,507,225,282
124900080,283,537,-254
124900081,1033,293,740
124900082,382,786,-404
124900083,250,516,-266
124900084,1953,149,1804
124900085,1071,592,479
124900086,104,1543,-1439
124900087,775,170,605
124900088,740,119,621
124900089,1101,50,1051
124900090,390,319,71
124900091,419,382,37
124900092,218,247,-29
124900093,406,232,174
124900094,456,324,132
124900095,160,472,-312
124900096,625,281,344
124900097,390,73,317
124900098,192,358,-166
124900099,670,553,117
124900100,387,46,341
124900101,68,575,-507
124900102,218,15,203
124900103,152,180,-28
124900104,78,198,-120
124900105,116,121,-5
124900106,418,39,379
124900107,130,28,102
124900108,181,96,85
124900109,32,38,-6
124900110,86,125,-39
124900111,8,190,-182
124900112,46,616,-570
124900113,104,290,-186
124900114,181,185,-4
124900115,80,36,44
124900116,290,207,83
124900117,407,188,219
124900118,233,281,-48
124900119,501,241,260
124900120,54,403,-349
124900121,135,381,-246
124900122,320,250,70
124900123,360,118,242
124900124,191,305,-114
129000186,166,42,124
204000001,83,8,75
204000002,41,10,31
204000003,24,3,21
204000004,8,3,5
204000005,590,380,210
204000006,1376,1015,361
204000011,6,47,-41
204000012,91,115,-24
204000019,699,519,180
204000020,794,693,101
204000021,2482,1053,1429
204000022,539,576,-37
204000023,502,662,-160
204000031,99,9,90
204000032,337,35,302
204000034,26,191,-165
204000035,0,5,-5
204000036,3,24,-21
204000037,0,26,-26
204000038,0,14,-14
204000039,2,62,-60
204000040,4,14,-10
204000041,13,31,-18
204000042,50,19,31
204000043,38,12,26
204000044,39,9,30
204000045,63,7,56
204000046,14,6,8
204000057,5,31,-26
204000062,15,39,-24
204000068,24,182,-158
204000069,66,349,-283
204000070,88,63,25
204000080,55,51,4
204000085,1989,1582,407
204000086,2212,1766,446
204000087,37,11,26
204000088,2,76,-74
204000090,28,277,-249
204000093,370,59,311
204000096,901,928,-27
204000097,508,8,500
204000099,1312,1364,-52
204000100,1598,1833,-235
204000105,2091,1269,822
204000110,1004,1271,-267
204000111,511,730,-219
204000112,1239,1085,154
204000113,632,912,-280
204000114,1260,846,414
204000115,717,365,352
204000116,2519,911,1608
204000119,1951,2667,-716
204000132,701,409,292
204000133,891,202,689
204000134,447,97,350
204000135,799,100,699
204000136,766,230,536
204000138,402,725,-323
204000140,195,171,24
204000141,185,68,117
204000144,14,35,-21
204000145,630,33,597
204000146,24,396,-372
204000147,12,165,-153
204000148,232,15,217
204000154,3,3,0
204000155,5,4,1
204000177,90,48,42
204000179,15,6,9
204000180,0,26,-26
204000222,6,22,-16
204000235,17,27,-10
204000236,96,300,-204
204000238,33,26,7
204000240,394,67,327
204000263,575,888,-313
204000268,1081,714,367
204000308,229,13,216
204000317,12,68,-56
204000322,10,42,-32
204000323,26,8,18
204000328,261,68,193
204000329,50,186,-136
204000330,192,13,179
204000331,30,89,-59
204010341,11,180,-169
205000001,877,1757,-880
205000013,5,56,-51
205000014,19,81,-62
205000015,30,165,-135
205000016,7,162,-155
205000017,15,101,-86
205000022,262,748,-486
205000025,1061,1113,-52
205000029,235,12,223
205000045,162,595,-433
205000046,140,572,-432
205000047,111,610,-499
205000048,282,881,-599
205000049,192,724,-532
205000050,780,306,474
205000059,1,190,-189
205000060,1,81,-80
205000061,2,65,-63
205000062,6,71,-65
205000063,15,124,-109
205000064,11,77,-66
205000065,57,451,-394
205000066,89,526,-437
205000067,17,666,-649
205000069,206,18,188
205000082,247,159,88
205000110,92,271,-179
205000111,257,211,46
205000112,221,202,19
205000113,150,313,-163
205000121,291,38,253
205000123,51,239,-188
205000126,422,81,341
205000127,764,109,655
205000128,316,50,266
205000129,478,67,411
205000130,193,29,164
205000131,98,9,89
205000132,201,2,199
205000133,79,0,79
205000134,286,1,285
205000137,83,145,-62
205000138,143,317,-174
205000139,26,137,-111
205000144,82,94,-12
205000145,500,180,320
205000151,171,27,144
205000152,230,24,206
205000153,240,14,226
205000154,115,28,87
205000155,92,9,83
205000207,23,161,-138
205000233,40,2,38
205000234,0,0,0
205000243,3,3,0
205000244,0,2,-2
205000245,16,209,-193
205000249,2,30,-28
205000250,3,2,1
205000264,5,94,-89
206000027,13,1,12
206000028,8,3,5
206000043,15,66,-51
206000053,1,7,-6
206000054,2,23,-21
206000055,2,39,-37
206000075,10,37,-27
206000076,20,32,-12
206000077,24,9,15
206000078,22,10,12
206000079,14,7,7
206000082,421,50,371
206000100,32,564,-532
206000103,5,11,-6
206000104,14,21,-7
206000105,1,10,-9
206000106,5,24,-19
206000108,654,51,603
206000125,64,0,64
206000157,54,599,-545
206000170,1,175,-174
206000171,3,145,-142
206000172,11,376,-365
206000173,0,178,-178
206000174,5,61,-56
206000175,3,96,-93
206000176,15,152,-137
206000177,2,128,-126
206000178,1,185,-184
206000179,6,105,-99
206000180,10,140,-130
206000181,3,110,-107
206000182,9,139,-130
206000183,16,501,-485
206000184,2,328,-326
206000185,3,172,-169
206000186,78,855,-777
206000223,7,280,-273
206000226,9,2,7
206000227,26,4,22
206000237,57,251,-194
206000238,44,390,-346
206000239,243,1703,-1460
206000240,2,61,-59
206000241,1,77,-76
206000242,3,250,-247
206000243,6,152,-146
206000244,36,558,-522
206000245,801,69,732
206000246,233,27,206
206000247,223,9,214
206000248,390,11,379
206000252,77,42,35
206000258,27,61,-34
206000315,27,6,21
206000317,630,90,540
206000318,467,56,411
206000319,1430,74,1356
206000320,212,39,173
206000321,229,17,212
206000322,472,16,456
206000323,147,5,142
206000324,142,10,132
206000325,211,11,200
206000326,164,12,152
206000327,211,14,197
206000328,190,8,182
206000329,307,6,301
206000330,77,2,75
206000331,205,1,204
206000332,48,1,47
206000333,544,2,542
206000334,266,2,264
206000335,0,11,-11
206000361,5,163,-158
206000392,2,28,-26
206000405,145,19,126
206000441,27,20,7
206000498,81,2,79
206000515,108,34,74
206000530,266,53,213
206000531,201,220,-19
206000532,1894,262,1632
206000535,230,1594,-1364
206000536,18,173,-155
206000537,22,167,-145
206000613,1676,176,1500
207000001,155,601,-446
207000002,158,371,-213
207000003,144,180,-36
207000007,844,260,584
207000008,107,11,96
207000009,42,41,1
207000010,373,358,15
207000012,375,243,132
207000015,253,1076,-823
207000019,231,103,128
207000021,624,173,451
207000022,176,143,33
207000023,188,39,149
207000024,9,13,-4
207000025,40,62,-22
207000026,93,51,42
207000027,16,74,-58
207000028,71,216,-145
207000029,264,424,-160
207000033,179,445,-266
207000034,272,109,163
207000039,439,139,300
207000040,404,96,308
207000041,172,44,128
207000042,277,44,233
207000043,278,182,96
207000051,100,252,-152
207000052,29,123,-94
207000053,490,525,-35
207000054,40,110,-70
207000055,180,127,53
207000056,442,255,187
207000057,165,284,-119
207000058,212,280,-68
207000059,105,446,-341
207000060,79,194,-115
207000061,205,600,-395
207000062,300,45,255
207000063,330,83,247
207000064,552,153,399
207000065,394,239,155
207000066,207,148,59
207000067,64,84,-20
207000068,98,64,34
207000069,729,364,365
207000082,12,201,-189
207000083,71,245,-174
207000084,277,205,72
207000085,234,26,208
207000086,207,14,193
207000106,40,34,6
207000107,72,17,55
207000108,50,9,41
207000109,55,20,35
207000110,62,80,-18
207000111,85,72,13
207000112,198,619,-421
207000114,39,40,-1
207000115,31,67,-36
207000116,33,401,-368
207000117,9,105,-96
207000118,7,64,-57
207000119,38,75,-37
207000123,148,21,127
207000124,93,30,63
207000125,56,39,17
207000126,83,42,41
207000134,67,120,-53
207000135,22,199,-177
207000148,64,336,-272
207000149,63,46,17
207000152,129,415,-286
207000153,1043,1489,-446
207000154,374,133,241
207000159,79,156,-77
207000160,140,424,-284
207000238,0,153,-153
207000242,3,162,-159
207000248,33,39,-6
207000249,150,35,115
207000250,608,77,531
207000251,125,82,43
207000252,96,68,28
207000278,108,87,21
207000279,23,136,-113
207000280,529,83,446
207000281,171,768,-597
207000282,178,144,34
207000283,157,212,-55
207000284,61,242,-181
207000285,126,60,66
207000291,7,132,-125
207000304,129,44,85
207000306,87,333,-246
207000310,112,61,51
207000353,250,6,244
207000356,17,55,-38
207000357,22,17,5
207000358,19,17,2
207000415,3,150,-147
207000417,35,3,32
207000418,164,147,17
207000438,0,4,-4
207000439,898,826,72
207000446,157,4,153
207000460,56,7,49
207000466,190,136,54
207000467,244,109,135
207000468,39,273,-234
207000476,13,67,-54
207000477,704,71,633
207000478,1,73,-72
207000523,1,13,-12
207000524,39,0,39
207000527,150,155,-5
207000530,496,5,491
207000531,334,13,321
207000532,136,33,103
207000534,439,64,375
207000535,48,333,-285
207000537,67,121,-54
207000540,7,173,-166
207000541,2,290,-288
207000548,8,254,-246
207000549,290,19,271
207000561,207,221,-14
207000562,61,162,-101
207000567,246,261,-15
207000568,213,77,136
207000569,426,618,-192
207000584,288,230,58
207000585,76,404,-328
207000616,0,148,-148
207000617,157,0,157
207900008,226,77,149
208000001,638,1174,-536
208000002,685,504,181
208000003,1320,426,894
208000004,1435,800,635
208000005,7,13,-6
208000019,599,917,-318
208000020,170,484,-314
208000021,230,344,-114
208000022,1091,482,609
208000028,1755,1107,648
208000033,655,595,60
208000034,1330,1234,96
208000037,310,20,290
208000040,278,197,81
208000041,1124,538,586
208000042,1583,636,947
208000047,150,194,-44
208000064,2576,1483,1093
208000066,1789,2611,-822
208000070,375,358,17
208000071,396,711,-315
208000072,424,1171,-747
208000080,365,400,-35
208000081,372,169,203
208000082,261,225,36
208000083,113,348,-235
208000084,26,25,1
208000085,937,674,263
208000086,451,1038,-587
208000087,357,793,-436
208000089,1172,392,780
208000090,944,569,375
208000093,155,154,1
208000094,494,362,132
208000095,654,485,169
208000104,977,879,98
208000105,646,1025,-379
208000114,146,388,-242
208000115,545,362,183
208000116,531,1165,-634
208000117,99,162,-63
208000118,148,155,-7
208000155,739,1229,-490
208000158,1449,3950,-2501
208000186,3655,4533,-878
208000204,701,996,-295
208000205,1110,936,174
208000282,5631,3388,2243
209000004,396,165,231
209000005,40,37,3
209000006,412,196,216
209000007,254,305,-51
209000010,418,107,311
209000011,172,281,-109
209000012,261,161,100
209000013,263,267,-4
209000014,475,948,-473
209000025,305,45,260
209000026,602,115,487
209000027,362,731,-369
209000028,467,642,-175
209000029,509,754,-245
209000030,411,1329,-918
209000031,2374,2125,249
209000034,235,254,-19
209000035,153,204,-51
209000036,212,101,111
209000037,373,233,140
209000038,138,187,-49
209000039,91,172,-81
209000040,280,551,-271
209000041,173,437,-264
209000042,265,365,-100
209000043,674,843,-169
209000044,211,846,-635
209000045,1402,446,956
209000046,581,476,105
209000047,418,239,179
209000048,606,370,236
209000049,106,143,-37
209000050,213,180,33
209000051,272,307,-35
209000052,171,284,-113
209000062,34,66,-32
209000063,41,72,-31
209000064,34,83,-49
209000065,86,26,60
209000066,83,26,57
209000067,121,35,86
209000080,22,189,-167
209000082,99,43,56
209000091,23,111,-88
209000093,45,25,20
209000094,179,183,-4
209000110,50,157,-107
209000111,568,1439,-871
209000112,894,441,453
209000113,1654,467,1187
209000114,781,407,374
209000115,51,124,-73
209000116,542,433,109
209000118,10,63,-53
209000119,14,11,3
209000121,146,451,-305
209000135,115,235,-120
209000142,785,1620,-835
209000143,54,81,-27
209000144,60,127,-67
209000229,292,171,121
209000240,32,254,-222
209000259,104,105,-1
209000260,46,1081,-1035
209000261,2,513,-511
209000262,1,352,-351
209000263,0,164,-164
209000264,0,134,-134
209000265,561,1,560
209000266,87,3,84
209000267,984,11,973
209000268,869,63,806
210000037,73,18,55
210000047,65,28,37
210000048,116,23,93
210000049,49,14,35
210000052,59,76,-17
210000053,33,61,-28
210000054,44,79,-35
210000070,186,5,181
210000071,104,3,101
210000072,39,0,39
210000073,0,20,-20
210000074,0,122,-122
210000075,5,104,-99
210000076,11,155,-144
210000077,9,43,-34
210000078,48,33,15
210000079,30,14,16
210000080,93,84,9
210000081,173,21,152
210000082,141,1,140
210000083,94,2,92
210000084,41,0,41
210000085,1,66,-65
210000086,5,128,-123
210000099,58,242,-184
210000100,65,151,-86
210000101,72,125,-53
210000105,37,226,-189
210000159,4,158,-154
210000163,142,246,-104
210000164,286,186,100
210000168,172,62,110
210000187,0,23,-23
210000188,1,16,-15
210000214,44,0,44
210000219,54,81,-27
210000220,97,71,26
210000232,6,21,-15
210000233,42,77,-35
210000234,28,102,-74
210000235,71,63,8
210000245,1,79,-78
210000246,60,21,39
210000258,22,86,-64
210000259,290,78,212
210000282,86,220,-134
210000285,1,122,-121
210000286,22,193,-171
210000290,7,8,-1
210000295,54,114,-60
210000296,35,36,-1
210000320,179,105,74
210000321,140,74,66
210000338,73,49,24
210000339,337,1167,-830
210000340,124,394,-270
210000341,208,300,-92
210000342,223,180,43
210000343,184,190,-6
210000344,158,125,33
210000345,188,203,-15
210000346,63,129,-66
210000347,90,50,40
210000348,145,23,122
210000349,52,22,30
210000350,117,50,67
210000351,138,90,48
210000352,82,55,27
210000353,50,92,-42
210000354,74,57,17
210000355,50,86,-36
210000356,78,51,27
210000357,55,28,27
210000358,265,116,149
210000359,89,101,-12
210000360,145,124,21
210000361,176,130,46
210000362,277,170,107
210000363,705,231,474
210000364,117,171,-54
210000365,125,76,49
210000366,125,41,84
210000367,98,40,58
210000368,144,50,94
210000369,21,18,3
210000370,60,40,20
210000372,12,27,-15
210000373,30,7,23
210000374,58,27,31
210000375,35,73,-38
210000376,69,104,-35
210000404,87,96,-9
210000439,23,44,-21
210000472,103,4,99
210000482,65,122,-57
210000564,353,310,43
210000567,4,36,-32
210000568,422,2,420
211000092,60,104,-44
211000094,23,8,15
211000169,218,19,199
211000172,12,276,-264
211000209,2,36,-34
211000226,28,26,2
211000270,28,16,12
211000275,25,22,3
211000276,93,32,61
211000279,22,47,-25
211000281,48,54,-6
211507980,9,72,-63
211977296,39,6,33
212000003,145,43,102
212000004,24,30,-6
212000005,17,31,-14
212000006,27,51,-24
212000008,192,157,35
212000009,41,119,-78
212000012,68,87,-19
212000013,34,59,-25
212000014,241,169,72
212000015,290,271,19
212000016,509,582,-73
212000027,516,430,86
212000028,350,402,-52
212000029,234,236,-2
212000030,53,29,24
212000031,81,37,44
212000048,38,141,-103
212000049,10,103,-93
212000050,18,7,11
212000051,192,235,-43
212000052,182,277,-95
212000053,457,526,-69
212000054,291,117,174
212000055,263,228,35
212000056,13,39,-26
212000057,24,20,4
212000058,256,46,210
212000070,136,185,-49
212000077,154,575,-421
212000099,353,281,72
212000108,167,166,1
212000111,247,110,137
212000120,111,67,44
212000138,136,28,108
212000156,12,97,-85
212000158,19,26,-7
212000159,485,53,432
212000160,765,260,505
212000161,57,12,45
212000310,34,7,27
212000311,22,50,-28
212000374,56,13,43
213000001,27,445,-418
213000005,439,125,314
213000006,1231,364,867
213000007,140,11,129
213000009,917,478,439
213000010,228,298,-70
213000011,279,123,156
213000012,162,365,-203
213000014,89,20,69
213000015,239,6,233
213000016,584,4,580
213000017,137,0,137
213000018,3,189,-186
213000019,0,117,-117
213000020,111,384,-273
213000021,1,96,-95
213000023,387,209,178
213000033,399,1674,-1275
213000034,898,269,629
213000035,134,197,-63
213000045,207,260,-53
213000046,239,171,68
213000047,618,1373,-755
213000056,124,45,79
213000069,102,3,99
213000073,1,48,-47
213000074,67,350,-283
213000075,583,12,571
213000076,40,2,38
213000085,5,41,-36
213000086,16,142,-126
213000091,217,20,197
213000092,155,16,139
213000099,155,1197,-1042
213000100,1233,297,936
213000101,428,125,303
213000102,540,298,242
213000103,1036,802,234
213000104,65,386,-321
213000105,3,180,-177
213000106,56,125,-69
213000107,122,504,-382
213000108,45,465,-420
213000109,6,244,-238
213000110,25,97,-72
213000111,15,77,-62
213000112,168,128,40
213000115,47,19,28
213000116,37,356,-319
213000117,9,598,-589
213000118,413,272,141
213000119,51,599,-548
213000120,169,530,-361
213000122,158,594,-436
213000123,429,1337,-908
213000124,132,1561,-1429
213000125,187,28,159
213000126,104,162,-58
213000127,179,254,-75
213000128,457,1128,-671
213000129,423,712,-289
213000130,717,375,342
213000132,518,118,400
213000133,601,150,451
213000134,894,29,865
213000136,486,25,461
213000137,712,86,626
213000139,277,9,268
213000147,97,10,87
213000148,14,11,3
213000149,69,5,64
213000150,0,161,-161
213000151,4,131,-127
213000152,2,109,-107
213000153,2,117,-115
213000154,19,351,-332
213000155,52,262,-210
213000156,136,432,-296
213000157,650,407,243
213000158,348,884,-536
213000159,690,538,152
213000163,1019,118,901
213000165,1049,311,738
213000171,2,96,-94
213000172,2,264,-262
213000173,3,255,-252
213000174,5,119,-114
213000175,8,77,-69
213000176,46,32,14
213000177,78,13,65
213000178,202,5,197
213000179,234,1,233
213000180,186,1,185
213000184,123,441,-318
213000188,475,106,369
213000189,395,54,341
213000190,1015,819,196
213000191,337,434,-97
213000192,216,353,-137
213000193,881,312,569
213000194,0,80,-80
213000195,30,362,-332
213000196,311,1189,-878
213000197,482,494,-12
213000198,98,6,92
213000200,178,898,-720
213000201,70,52,18
213000202,13,510,-497
213000203,3385,691,2694
213000204,725,60,665
213000205,403,81,322
213000206,512,69,443
213000207,162,17,145
213000208,103,6,97
213000209,187,3,184
213000210,430,5,425
213000211,9,45,-36
213000212,17,44,-27
213000213,35,60,-25
213000218,218,524,-306
213000219,571,23,548
213000220,556,18,538
213000223,167,229,-62
213000224,66,72,-6
213000225,154,8,146
213000226,93,16,77
213000227,944,196,748
213000228,507,94,413
213000229,283,20,263
213000230,394,28,366
213000232,79,839,-760
213000233,19,380,-361
213000234,6,46,-40
213000293,26,79,-53
213000294,146,26,120
213000295,6,93,-87
213000296,81,32,49
213000297,14,80,-66
213000298,25,90,-65
213000299,76,47,29
213000300,34,6,28
213000303,5,32,-27
213000304,4,15,-11
213000305,4,7,-3
213000306,37,45,-8
213000307,181,64,117
213000308,106,200,-94
213000309,151,61,90
213000310,558,213,345
213000311,280,830,-550
213000315,58,84,-26
213000316,161,71,90
213000322,96,156,-60
213000323,115,83,32
213000324,65,50,15
213000325,31,96,-65
213000326,34,30,4
213000327,45,59,-14
213000328,54,124,-70
213000329,157,40,117
213000340,157,600,-443
213000341,495,102,393
213000346,279,315,-36
213000347,757,507,250
213000348,22,107,-85
213000349,45,19,26
213000350,347,954,-607
213000366,84,294,-210
213000367,297,25,272
213000379,143,48,95
213000386,22,324,-302
213000406,108,411,-303
213000417,1187,465,722
213000425,213,52,161
213000426,187,82,105
213000427,49,255,-206
213000428,49,200,-151
213000429,30,8,22
213000430,166,700,-534
213000431,113,2,111
213000432,6,124,-118
213000433,22,131,-109
213000434,81,101,-20
213000435,145,67,78
213000436,32,70,-38
213000437,3,14,-11
213000438,211,67,144
213000439,53,11,42
213000440,24,314,-290
213000441,3,2,1
213000442,0,26,-26
213000443,443,414,29
213000444,43,35,8
213000445,0,72,-72
213000446,0,187,-187
213000447,6,82,-76
213000448,9,151,-142
213000449,357,12,345
213000450,27,37,-10
213000451,300,129,171
213000452,25,15,10
213000453,24,270,-246
213000455,789,3,786
213000456,1,354,-353
213000481,12,4,8
213000482,47,16,31
213000489,292,61,231
213000491,1,150,-149
213000492,210,11,199
213000493,0,112,-112
213000494,229,132,97
213000495,0,87,-87
213000496,470,159,311
213000497,42,277,-235
213000498,143,187,-44
213000499,183,468,-285
213000500,562,70,492
213000501,131,43,88
213000502,270,209,61
213000503,4,72,-68
213000504,11,95,-84
213000505,7,8,-1
213000506,0,8,-8
213000507,1,137,-136
213900016,0,9,-9
213900244,75,0,75
213900245,0,42,-42
218000003,30,25,5
218000004,36,35,1
218000005,42,38,4
218000006,39,26,13
218000007,49,14,35
218000012,217,150,67
218000013,115,172,-57
218000014,509,417,92
218000019,843,688,155
218000020,250,420,-170
218000021,26,40,-14
218000022,16,23,-7
218000023,12,23,-11
218000024,0,8,-8
218000025,3,13,-10
218000026,12,20,-8
218000027,1,12,-11
218000028,2,4,-2
218000029,10,6,4
218000030,25,27,-2
218000031,4,21,-17
218000032,1,37,-36
218000040,7,4,3
218000046,43,103,-60
218000047,10,125,-115
218000048,44,71,-27
218000049,92,103,-11
218000050,341,225,116
218000051,71,245,-174
218000052,1,110,-109
218000053,13,13,0
218000054,26,53,-27
218000055,7,30,-23
218000056,21,36,-15
218000057,1,21,-20
218000064,2,11,-9
218000065,128,50,78
218000066,14,46,-32
218000067,55,62,-7
218000068,118,109,9
218000069,200,116,84
218000070,236,214,22
218000071,188,190,-2
218000072,303,185,118
218000078,952,796,156
218000079,112,78,34
218000080,150,60,90
218000081,455,255,200
218000082,52,114,-62
218000083,74,48,26
218000084,144,135,9
218000085,161,342,-181
218000086,76,173,-97
218000087,149,186,-37
218000090,12,79,-67
218000091,1038,445,593
218000092,89,136,-47
218000093,85,58,27
218000094,504,553,-49
218000099,387,743,-356
218000100,279,309,-30
218000101,283,136,147
218000102,410,213,197
218000103,124,159,-35
218000104,101,59,42
218000105,33,19,14
218000106,20,9,11
218000107,90,60,30
218000108,7,46,-39
218000112,62,34,28
218000117,106,75,31
218000134,552,598,-46
218000135,20,97,-77
218000136,347,110,237
218000137,273,151,122
218000138,47,93,-46
218000139,165,320,-155
218000140,569,261,308
218000141,102,50,52
218000142,220,154,66
218000143,183,289,-106
218000144,84,101,-17
218000145,359,351,8
218000146,114,211,-97
218000151,6,21,-15
218000152,77,41,36
218000153,10,1,9
218000154,23,0,23
218000155,27,2,25
218000156,44,11,33
218000157,30,11,19
218000158,5,7,-2
218000159,2,1,1
218000160,9,1,8
218000161,39,4,35
218000162,25,6,19
218000163,5,3,2
218000164,35,1,34
218000165,82,17,65
218000170,6,43,-37
218000171,25,16,9
218000172,5,7,-2
218000173,59,5,54
218000174,10,7,3
218000176,95,27,68
218000177,140,180,-40
218000178,34,196,-162
218000179,32,86,-54
218000180,36,36,0
218000181,108,60,48
218000187,10,34,-24
218000188,35,57,-22
218000189,34,57,-23
218000190,22,24,-2
218000191,142,56,86
218000192,169,206,-37
218000193,410,317,93
218000194,90,289,-199
218000195,158,71,87
218000196,362,211,151
218000197,384,299,85
218000198,27,118,-91
218000199,73,27,46
218000200,69,41,28
218000201,18,24,-6
218000202,83,229,-146
218000207,4,27,-23
218000208,40,33,7
218000211,109,36,73
218000212,2,8,-6
218000213,84,85,-1
218000214,4,31,-27
218000215,34,64,-30
218000217,5,67,-62
218000218,209,70,139
218000219,39,15,24
218000220,65,384,-319
218000221,515,162,353
218000222,9,21,-12
218000223,33,325,-292
218000224,4,145,-141
218000225,96,20,76
218000226,93,50,43
218000230,1,14,-13
218000232,35,52,-17
218000239,208,40,168
218000240,63,12,51
218000241,86,2,84
218000242,218,8,210
218000243,333,3,330
218000244,62,6,56
218000245,22,2,20
218000246,0,0,0
218000247,0,0,0
218000248,2,16,-14
218000249,0,3,-3
218000250,2,8,-6
218000251,2,19,-17
218000252,13,72,-59
218000253,14,37,-23
218000254,0,33,-33
218000255,1,30,-29
218000256,6,60,-54
218000267,495,947,-452
218000268,10,49,-39
218000269,5,13,-8
218000270,91,52,39
218000271,24,63,-39
218000273,19,6,13
218000274,14,6,8
218000275,31,46,-15
218000276,19,43,-24
218000278,22,22,0
218000279,75,72,3
218000280,4,23,-19
218000281,21,20,1
218000282,565,483,82
218000284,115,9,106
218000301,97,142,-45
218000302,143,66,77
218000303,56,68,-12
218000316,778,907,-129
218000317,1150,891,259
218000318,739,656,83
218000319,1042,1054,-12
218000320,788,577,211
218000338,57,38,19
218000345,97,82,15
218000346,39,174,-135
218000459,34,194,-160
218000490,36,46,-10
218000501,80,39,41
218000502,43,95,-52
218000503,113,27,86
218000504,185,32,153
218000505,54,116,-62
218000506,44,243,-199
218000508,6,7,-1
218000510,154,13,141
218000520,92,82,10
218000521,5,59,-54
218000522,0,106,-106
218000523,113,4,109
218000524,66,195,-129
218000525,154,10,144
218000526,40,123,-83
218000529,25,151,-126
218000530,18,3,15
218000531,15,28,-13
218000532,43,23,20
218000534,125,14,111
218000537,26,48,-22
218000538,155,329,-174
218000540,542,94,448
218000543,150,45,105
218000544,34,55,-21
218000545,63,86,-23
218000546,32,63,-31
218000547,91,158,-67
218000548,127,128,-1
218000549,443,542,-99
218000550,250,271,-21
218000551,88,925,-837
218000552,383,51,332
218000553,103,108,-5
218000554,65,29,36
218000555,37,42,-5
218000556,117,192,-75
218000557,224,138,86
218000558,69,0,69
218000559,0,51,-51
218000560,1,43,-42
218000561,30,0,30
218000562,35,197,-162
218000563,221,36,185
218000564,16,122,-106
218000565,202,25,177
218000566,639,36,603
218000567,5,100,-95
218000568,61,2,59
218000569,10,143,-133
218000570,232,11,221
218000571,17,138,-121
218000572,180,4,176
218000573,31,181,-150
218000574,286,42,244
218000575,112,0,112
218000576,1,101,-100
218000577,111,1,110
218000578,0,92,-92
218000579,107,20,87
218000581,1,76,-75
218000582,54,6,48
218000583,16,1,15
218000584,1,17,-16
218000585,34,14,20
218000586,6,36,-30
218000587,6,0,6
218000588,8,2,6
218000589,0,3,-3
218000590,13,3,10
218000591,13,4,9
218000592,27,2,25
218000593,0,0,0
218000594,1,0,1
218000595,0,0,0
218000596,0,0,0
218000597,0,0,0
218000598,0,1,-1
218000599,1,1,0
218000600,0,1,-1
218000601,0,0,0
218000602,0,4,-4
218000603,0,7,-7
218000604,22,1,21
218000605,1,52,-51
218000606,107,0,107
218000607,8,40,-32
218000608,66,23,43
218000609,8,34,-26
218000610,51,12,39
218000611,31,7,24
218000612,0,25,-25
218000613,33,3,30
218000614,1,36,-35
218000615,164,0,164
218000616,2,94,-92
218000617,34,6,28
218000618,1,13,-12
218000619,48,46,2
218000620,25,20,5
218000621,0,1,-1
218000622,2,6,-4
218000623,332,2,330
218000624,7,18,-11
218000625,11,0,11
218000626,0,11,-11
218000628,190,37,153
218000631,33,23,10
218000632,8,107,-99
218000633,153,2,151
218000634,14,16,-2
218000635,21,18,3
218000636,924,1103,-179
218000637,1047,489,558
218000638,194,53,141
218000639,21,188,-167
218000640,275,26,249
218000641,37,287,-250
218000652,42,68,-26
218000653,91,40,51
218000663,5,137,-132
218000675,70,63,7
218000676,1,17,-16
218000677,19,5,14
218000680,163,328,-165
218000681,351,179,172
218000691,183,207,-24
218000693,198,131,67
218000703,13,32,-19
218000718,544,1200,-656
218000719,806,781,25
218000720,31,345,-314
218000721,369,23,346
218000725,5,6,-1
218001214,16,105,-89
218001258,135,10,125
218001329,129,114,15
218001330,72,69,3
218001351,26,14,12
218001352,12,15,-3
218001353,28,9,19
218001354,3,38,-35
218001356,444,21,423
218001358,317,7,310
218001361,236,25,211
219000001,43,43,0
219000002,47,52,-5
219000003,76,34,42
219000004,58,68,-10
219000017,87,32,55
219000020,102,40,62
219000022,132,9,123
219000023,96,1,95
219000029,0,69,-69
219000034,60,29,31
219000039,100,190,-90
219000040,68,94,-26
219000041,155,26,129
219000051,0,54,-54
219000052,0,24,-24
219000053,2,86,-84
219000054,31,86,-55
219000055,218,0,218
219000056,4,1,3
219000057,77,0,77
219000062,12,67,-55
219000063,69,5,64
219000064,0,45,-45
219000110,486,78,408
219000111,92,30,62
219000112,180,38,142
219000113,134,32,102
219000114,161,72,89
219000116,119,51,68
219000117,163,54,109
219000118,140,47,93
219000123,173,85,88
219000124,88,32,56
219000125,24,8,16
219000126,50,137,-87
219000127,0,3,-3
219000128,10,94,-84
219000129,14,109,-95
219000130,439,471,-32
219000131,584,998,-414
219000133,52,56,-4
219000134,27,41,-14
219000135,47,93,-46
219000136,91,183,-92
219000138,61,16,45
219000139,23,45,-22
219000140,38,1,37
219000141,24,91,-67
219000142,13,66,-53
219000143,28,62,-34
219000145,26,45,-19
219000146,1,24,-23
219000147,3,28,-25
219000148,3,25,-22
219000149,10,54,-44
219000150,1,67,-66
219000151,1,41,-40
219000157,187,118,69
219000158,211,208,3
219000161,125,8,117
219000163,1368,464,904
219000166,175,183,-8
219000167,85,171,-86
219000168,250,111,139
219000174,396,154,242
219000175,58,7,51
219000176,121,5,116
219000177,76,5,71
219000178,55,5,50
219000179,25,6,19
219000180,31,38,-7
219000182,139,15,124
219000183,91,40,51
219000184,85,8,77
219000185,2,39,-37
219000186,33,40,-7
219000187,26,70,-44
219000189,61,167,-106
219000190,82,221,-139
219000191,695,1463,-768
219000192,199,99,100
219000193,216,130,86
219000195,0,39,-39
219000196,4,87,-83
219000198,15,94,-79
219000199,60,233,-173
219000200,41,175,-134
219000201,53,152,-99
219000203,35,112,-77
219000204,91,238,-147
219000205,28,169,-141
219000207,121,226,-105
219000209,18,73,-55
219000210,25,87,-62
219000213,9,115,-106
219000239,208,241,-33
219000240,253,383,-130
219000241,158,136,22
219000242,61,152,-91
219000243,108,231,-123
219000244,18,78,-60
219000245,34,33,1
219000246,31,22,9
219000247,126,38,88
219000248,582,454,128
219000249,150,120,30
219000250,147,113,34
219000251,565,248,317
219000252,198,161,37
219000253,491,97,394
219000255,112,118,-6
219000256,199,54,145
219000257,71,0,71
219000262,110,125,-15
219000263,72,119,-47
219000267,6,75,-69
219000268,1,4,-3
219000269,1,2,-1
219000270,8,1,7
219000271,124,5,119
219000278,3,5,-2
219000279,8,3,5
219000283,0,12,-12
219000295,15,81,-66
219000296,57,373,-316
219000297,14,124,-110
219000298,12,92,-80
219000299,366,64,302
219000300,17,154,-137
219000301,216,354,-138
219000302,29,269,-240
219000307,37,34,3
219000308,46,36,10
219000311,244,58,186
219000312,659,129,530
219000313,316,41,275
219000314,46,373,-327
219000315,309,40,269
219000316,512,40,472
219000317,113,17,96
219000320,0,39,-39
219000321,0,15,-15
219000323,5,55,-50
219000325,1,12,-11
219000326,81,76,5
219000327,70,46,24
219000328,24,54,-30
219000329,313,115,198
219000330,43,28,15
219000331,47,74,-27
219000332,116,83,33
219000333,18,2,16
219000335,120,4,116
219000337,23,2,21
219000338,45,1,44
219000344,23,55,-32
219000345,42,79,-37
219000346,28,98,-70
219000348,163,80,83
219000349,41,160,-119
219000350,109,292,-183
219000351,7,10,-3
219000352,361,119,242
219000353,90,79,11
219000354,183,88,95
219000355,129,38,91
219000356,1287,1380,-93
219000363,263,55,208
219000364,85,64,21
219000365,122,18,104
219000366,294,259,35
219000368,367,577,-210
219000370,1200,518,682
219000371,9,20,-11
219000382,22,27,-5
219000383,556,1170,-614
219000385,434,504,-70
219000386,744,1563,-819
219000387,2,26,-24
219000390,4,2,2
219000391,2,2,0
219000397,73,70,3
219000398,66,60,6
219000401,11,79,-68
219000402,45,86,-41
219000403,168,372,-204
219000404,25,132,-107
219000407,2,49,-47
219000409,47,52,-5
219000410,101,44,57
219000411,101,15,86
219000446,127,400,-273
219000447,5,20,-15
219000448,23,3,20
219000452,106,64,42
219000453,71,192,-121
219000454,211,228,-17
219000556,254,77,177
219000558,130,148,-18
219000590,19,192,-173
219000591,87,114,-27
219000592,103,322,-219
219000595,17,19,-2
219000635,184,47,137
219000636,17,71,-54
219000657,44,30,14
219000658,57,130,-73
219000673,0,62,-62
219000676,161,22,139
219000679,29,11,18
219000684,75,5,70
219000685,0,40,-40
219000686,2,5,-3
219000688,1,79,-78
219000689,21,224,-203
219000690,154,23,131
219000691,45,170,-125
219000692,193,22,171
219000693,0,18,-18
219000694,4,6,-2
219000695,38,2,36
219000698,40,0,40
219000699,0,10,-10
219000727,7,92,-85
219000728,115,2,113
219000770,57,2,55
219000771,1,24,-23
219000788,276,204,72
219001150,1,42,-41
219001151,0,11,-11
219001166,36,34,2
219001167,1,68,-67
219001178,48,1,47
220000001,35,95,-60
220000002,5,100,-95
220000003,435,269,166
220000004,755,455,300
220000005,1755,2154,-399
220000006,206,892,-686
220000007,447,522,-75
220000008,340,797,-457
220000009,268,417,-149
220000010,246,114,132
220000011,513,2827,-2314
220000012,176,260,-84
220000014,191,60,131
220000015,76,283,-207
220000017,103,279,-176
220000018,4450,1883,2567
220000019,118,308,-190
220000020,459,269,190
220000021,889,219,670
220000022,771,471,300
220000023,363,179,184
220000024,2449,409,2040
220000025,1860,1333,527
220000026,294,426,-132
220000027,33,120,-87
220000028,62,47,15
220000029,58,150,-92
220000030,90,68,22
220000031,467,343,124
220000064,26,1061,-1035
221000046,8,1,7
221000047,0,1,-1
221000048,0,0,0
221000049,0,11,-11
221000050,18,2,16
221000055,34,49,-15
221000057,50,10,40
221000068,351,124,227
221000069,428,43,385
221000070,251,28,223
221000071,103,4,99
221000072,245,5,240
221000073,179,44,135
221000074,0,15,-15
221000075,23,22,1
221000076,5,32,-27
221000077,26,98,-72
221000081,41,2,39
221000082,66,8,58
221000083,36,2,34
221000084,4,4,0
221000085,10,65,-55
221000086,11,76,-65
221000087,2,145,-143
221000088,9,172,-163
221000089,22,279,-257
221000090,122,506,-384
221000098,97,15,82
221000099,140,9,131
221000100,86,4,82
221000101,161,27,134
221000102,129,30,99
221000109,3,65,-62
221000110,10,74,-64
221000111,16,150,-134
221000112,6,119,-113
221000113,12,124,-112
221000114,9,134,-125
221000120,33,39,-6
221000121,7,31,-24
221000122,48,46,2
221000123,8,14,-6
221000124,36,170,-134
221000155,116,12,104
221000156,73,29,44
221000175,1,7,-6
221000176,1,6,-5
221000182,62,11,51
221000241,602,302,300
221000242,173,462,-289
221000243,534,222,312
221000244,288,478,-190
221000245,106,109,-3
221000246,42,237,-195
221000247,88,118,-30
221000248,110,123,-13
221000267,51,566,-515
221000325,71,74,-3
221000331,7,58,-51
221000338,16,22,-6
221000378,137,18,119
221000381,38,51,-13
222000282,18,7,11
222000296,3,16,-13
222000568,344,17,327
222000569,200,50,150
222000570,163,18,145
222000571,346,35,311
222000577,18,132,-114
222000578,36,184,-148
222000579,38,128,-90
222000580,69,724,-655
222000599,0,135,-135
222000600,5,278,-273
222000601,9,966,-957
222000603,28,32,-4
222000604,14,58,-44
222000605,15,28,-13
222000606,5,23,-18
222000607,10,5,5
222000608,31,21,10
222000609,86,164,-78
222000616,316,22,294
222000617,24,28,-4
222000618,8,4,4
222000620,24,10,14
222000621,106,17,89
222000623,542,12,530
222000624,364,10,354
222000625,614,33,581
222000636,68,3,65
222000686,67,14,53
222000687,48,39,9
222001066,395,3,392
222001067,12,9,3
222001068,55,24,31
222001069,37,27,10
222001082,6,34,-28
222001083,25,59,-34
222001084,0,42,-42
222001085,0,188,-188
222001111,66,121,-55
222001112,125,31,94
222001313,49,6,43
222001314,8,105,-97
222001464,42,34,8
222001465,12,59,-47
222001484,106,54,52
222001485,19,44,-25
222001494,417,131,286
222001495,111,198,-87
222001496,294,110,184
222001497,107,386,-279
222001502,31,78,-47
222001503,110,30,80
222001504,22,315,-293
222001505,370,22,348
222001506,37,402,-365
222001507,295,22,273
222001510,405,37,368
222001511,61,350,-289
222001514,679,197,482
222001515,209,494,-285
222001518,284,84,200
222001519,66,236,-170
222001527,221,57,164
222001528,87,154,-67
222001529,306,52,254
222001530,78,205,-127
222001533,146,241,-95
222001534,282,80,202
222001535,254,236,18
222001536,84,198,-114
222001537,450,66,384
222001538,63,426,-363
222001563,719,106,613
222001564,115,493,-378
222001568,394,150,244
222001576,3,2,1
222001579,0,13,-13
222001583,12,118,-106
222001584,81,10,71
222001596,798,1092,-294
222001597,2056,408,1648
222001626,0,138,-138
222001650,95,127,-32
222001651,111,147,-36
222001914,224,87,137
222001915,108,233,-125
222001968,527,260,267
222001969,432,593,-161
222001970,179,236,-57
222001971,31,22,9
222001972,4,23,-19
225000001,434,123,311
225000002,472,153,319
225000003,498,76,422
225000004,295,157,138
225000005,54,43,11
225000006,0,156,-156
225000007,1454,1079,375
225000010,273,20,253
225000011,393,780,-387
225000012,222,434,-212
225000013,98,94,4
225000014,671,107,564
225000015,107,158,-51
225000021,701,130,571
225000027,212,413,-201
225000032,646,147,499
225000042,47,561,-514
225000049,61,71,-10
225000050,83,11,72
225000053,11,307,-296
225000058,607,169,438
225000067,284,113,171
225000068,72,297,-225
225000069,105,455,-350
225000070,60,378,-318
225000071,41,157,-116
225000075,25,469,-444
225000076,39,108,-69
225000078,89,46,43
225000085,65,142,-77
225000086,275,111,164
225000087,95,21,74
225000088,10,161,-151
225000089,163,844,-681
225000090,62,428,-366
225000091,155,170,-15
225000092,64,81,-17
225000093,171,257,-86
225000094,15,237,-222
225000095,209,381,-172
225000096,260,447,-187
225000098,679,226,453
225000099,381,128,253
225000100,334,98,236
225000104,81,384,-303
225000110,26,312,-286
225000111,197,847,-650
225000112,201,908,-707
225000113,190,499,-309
225000114,46,181,-135
225000115,1232,586,646
225000116,986,197,789
225000117,734,250,484
225000118,934,201,733
225000119,235,51,184
225000120,619,33,586
225000121,249,26,223
225000123,455,15,440
225000125,332,177,155
225000126,797,131,666
225000127,583,934,-351
225000128,460,605,-145
225000132,273,34,239
225000133,250,17,233
225000134,622,139,483
225000135,72,12,60
225000136,290,9,281
225000137,300,60,240
225000138,366,65,301
225000143,49,201,-152
225000144,2,306,-304
225000145,82,23,59
225000146,51,77,-26
225000147,25,198,-173
225000148,3,179,-176
225000149,46,394,-348
225000151,43,157,-114
225000155,290,365,-75
225000156,150,670,-520
225000157,211,316,-105
225000158,55,240,-185
225000171,7,169,-162
225000180,71,44,27
225000181,0,66,-66
225000182,67,6,61
225000185,5,366,-361
225000187,24,316,-292
225000191,128,2,126
225000194,0,5,-5
225000208,2,32,-30
225000209,57,20,37
225000210,2,222,-220
225000217,0,12,-12
225000218,16,0,16
225000223,0,29,-29
225000224,42,0,42
225000225,2,10,-8
225000226,18,0,18
225000227,16,77,-61
225000228,8,3,5
225000229,0,68,-68
225000230,17,0,17
225000231,0,54,-54
225000232,124,0,124
225000241,51,0,51
225000242,1,49,-48
225000249,12,0,12
225000250,34,598,-564
225000251,338,25,313
225000254,7,12,-5
225000256,2,19,-17
225000257,0,67,-67
226000042,277,443,-166
226000043,58,262,-204
226000044,134,437,-303
226000045,59,289,-230
226000046,379,65,314
226000047,401,92,309
226000048,293,88,205
226000049,241,168,73
226000070,0,34,-34
226000071,0,76,-76
226000072,0,19,-19
226000073,0,8,-8
226000074,0,12,-12
226000084,0,51,-51
226000085,0,5,-5
226000086,6,16,-10
226000087,4,13,-9
226000088,39,46,-7
226000090,229,88,141
226000091,43,62,-19
226000092,4,16,-12
226000093,40,3,37
226000094,12,4,8
226000095,27,9,18
226000105,12,2,10
226000106,13,0,13
226000107,10,0,10
226000108,70,0,70
226000109,94,0,94
226000124,115,58,57
226000134,709,468,241
226000135,1478,496,982
226000136,481,319,162
226000137,8,260,-252
226000138,12,169,-157
226000139,1,19,-18
226000156,144,4,140
226000157,188,7,181
226000163,97,156,-59
226000202,17,239,-222
226000231,360,7,353
226000232,88,10,78
227000033,317,52,265
227000036,290,27,263
227000037,256,25,231
227000038,214,37,177
227000084,1,61,-60
227000085,0,39,-39
227000088,47,4,43
227000089,102,1,101
227000090,37,1,36
227000091,13,1,12
227000092,55,0,55
227000093,106,0,106
227000094,17,0,17
227000130,17,58,-41
227000131,13,204,-191
227000132,11,193,-182
227000133,9,167,-158
227000134,16,256,-240
227000152,0,9,-9
227000153,0,45,-45
227000154,0,24,-24
227000155,0,10,-10
227000156,0,5,-5
227000165,6,29,-23
227000196,407,239,168
227000199,382,387,-5
227000230,26,377,-351
227000232,442,21,421
227000242,49,419,-370
227000243,377,70,307
227000245,12,272,-260
227000246,77,301,-224
227000247,411,60,351
227000248,131,33,98
227000249,21,139,-118
227000250,319,124,195
227000251,80,162,-82
227000252,13,251,-238
227000253,156,16,140
227000262,327,55,272
227000266,997,13,984
227000267,21,1253,-1232
227000282,6,131,-125
227000284,411,9,402
227000286,1,71,-70
227000287,7,82,-75
227000291,16,468,-452
227000296,184,196,-12
227000484,276,22,254
227000485,22,741,-719
227000655,165,10,155
227000656,595,42,553
227000657,95,14,81
227000661,250,12,238
229000265,10,43,-33
229000296,3,22,-19
229000297,3,26,-23
229000298,5,131,-126
229000320,23,3,20
229000321,48,2,46
229000412,17,52,-35
229000414,0,34,-34
229000415,32,2,30
229000416,5,2,3
229000417,4,30,-26
229000419,102,288,-186
229000440,424,87,337
229000442,23,5,18
229000443,2,3,-1
229000444,2,18,-16
229000445,71,6,65
229000446,97,12,85
229000491,2,10,-8
229000492,8,89,-81
229000493,5,71,-66
229000494,26,2,24
229000495,118,4,114
229000496,42,2,40
229000507,0,49,-49
229000508,0,43,-43
229000509,0,52,-52
229000510,1,31,-30
229000511,0,41,-41
229000512,0,31,-31
229000513,0,12,-12
229000514,0,3,-3
229000517,3,9,-6
229000518,17,23,-6
229000519,0,9,-9
229000520,15,30,-15
229000521,36,23,13
229000522,3,6,-3
229000523,6,7,-1
229000524,10,5,5
229000527,0,0,0
229000528,0,0,0
229000529,3,0,3
229000530,47,1,46
229000531,37,0,37
229000532,26,0,26
229000533,60,1,59
229000534,45,0,45
229000564,47,0,47
229000565,8,0,8
229000566,0,7,-7
229000567,1,31,-30
229000582,91,2,89
229000583,2,2,0
229000584,0,21,-21
229000585,1,57,-56
229000718,0,0,0
229000719,0,5,-5
229000720,0,6,-6
229000721,0,4,-4
229000722,0,8,-8
229000723,0,4,-4
229000724,0,1,-1
229000725,0,2,-2
229000738,0,0,0
229000739,1,0,1
229000740,4,0,4
229000741,12,0,12
229000742,9,0,9
229000743,9,0,9
229000744,2,0,2
229000745,2,0,2
229000746,22,2,20
229000847,42,3,39
229000848,30,0,30
229000849,109,1,108
229000851,49,1,48
229000854,0,19,-19
229000856,1,55,-54
229000857,0,19,-19
229000858,0,43,-43
229000919,13,89,-76
229000930,8,219,-211
229000937,75,13,62
229000966,54,40,14
229000981,19,14,5
229000985,7,40,-33
229000986,2,6,-4
229000987,0,3,-3
229000988,3,6,-3
229000989,10,6,4
229000990,0,1,-1
229000991,1,2,-1
229000992,12,4,8
229000993,122,15,107
229000998,11,61,-50
229000999,74,13,61
229001034,0,16,-16
229001035,5,2,3
229001037,36,8,28
229001042,20,13,7
229001047,5,29,-24
229001050,21,25,-4
229001168,0,22,-22
229001200,16,2,14
229001338,9,29,-20
229001394,188,8,180
229001422,128,18,110
229001423,25,145,-120
229001431,61,40,21
229001432,50,74,-24
229001444,163,36,127
229001445,56,153,-97
229001479,12,5,7
229001503,208,100,108
229001504,116,112,4
229001505,105,36,69
229001506,83,114,-31
229001509,54,9,45
229001545,74,6,68
229001546,5,87,-82
229001553,84,31,53
229001554,30,110,-80
229001630,81,4,77
229001631,10,19,-9
229001635,1,11,-10
229001636,18,0,18
229001658,1,107,-106
229001659,47,1,46
229001660,32,2,30
229001661,12,21,-9
229001662,25,1,24
229001663,0,19,-19
229002584,188,180,8
229002831,121,115,6
229002841,11,19,-8
229002842,24,15,9
229002843,70,7,63
229002844,39,61,-22
229002845,6,67,-61
229002846,26,5,21
229002847,0,12,-12
229002848,7,3,4
229002849,4,61,-57
229002850,10,0,10
229002851,40,144,-104
229002852,241,16,225
229002853,158,26,132
229002854,38,63,-25
229002855,9,16,-7
229002856,32,7,25
229002857,10,113,-103
229002858,31,16,15
229002859,32,66,-34
229002860,272,15,257
229002861,44,28,16
229002862,50,23,27
229002863,26,20,6
229002864,24,19,5
229002865,17,14,3
229002866,39,18,21
229002867,2,17,-15
229002868,17,11,6
229002869,23,138,-115
229002870,63,6,57
235000066,355,55,300
235000067,121,67,54
235000072,40,74,-34
235000073,65,328,-263
235000074,35,76,-41
235000080,17,95,-78
235000081,90,147,-57
235000082,116,39,77
235000083,170,74,96
235000084,36,44,-8
235000085,109,80,29
235000089,23,20,3
235000092,25,158,-133
235000093,13,10,3
235000097,13,10,3
235000098,70,15,55
235000099,30,15,15
235000116,67,9,58
235000117,599,8,591
235000133,9,442,-433
235000134,9,156,-147
235000206,18,2,16
235000207,6,2,4
235000208,3,4,-1
235000209,16,0,16
235000210,5,4,1
235000212,3,21,-18
235000213,2,10,-8
235000220,1,1,0
235000221,69,12,57
235000238,14,100,-86
235000239,4,34,-30
235000242,418,571,-153
235000245,586,147,439
235000246,9,71,-62
235000284,34,107,-73
235000295,257,18,239
235000305,250,15,235
235000306,236,7,229
235000307,21,2,19
235000308,22,1,21
235000309,42,1,41
235000310,50,0,50
235000311,134,36,98
235000322,0,36,-36
235000323,0,59,-59
235000324,0,45,-45
235000325,2,10,-8
235000326,8,137,-129
235000351,0,70,-70
235000352,22,45,-23
235000353,1,19,-18
235000354,6,37,-31
235000355,9,63,-54
235000356,144,15,129
235000357,43,14,29
235000358,288,11,277
235000359,11,21,-10
235000360,74,40,34
235000361,63,67,-4
235000381,85,153,-68
235000382,147,42,105
235000390,10,3,7
235000391,111,27,84
235000392,200,293,-93
235000393,109,107,2
235000395,140,49,91
235000396,521,90,431
235000400,94,29,65
235000401,25,133,-108
235000405,78,281,-203
235000406,39,308,-269
235000407,158,107,51
235000409,182,135,47
235000410,42,260,-218
235000411,0,88,-88
235000485,0,10,-10
235000486,9,0,9
235000549,132,129,3
235000550,96,177,-81
235000599,153,77,76
235000600,12,20,-8
235000601,45,51,-6
235000602,139,89,50
235000614,3,3,0
235000648,0,17,-17
235000649,21,4,17
235000685,3,8,-5
235000815,36,35,1
235000834,0,10,-10
235000855,57,83,-26
235000862,25,137,-112
235000891,0,8,-8
235000892,33,21,12
235000901,120,93,27
235000907,14,9,5
235001010,72,66,6
235001029,493,427,66
235001030,390,264,126
235001078,73,88,-15
235001079,58,108,-50
235001147,13,45,-32
235001166,17,82,-65
235001167,26,54,-28
235001169,29,260,-231
235001188,0,8,-8
235001189,15,3,12
235001197,6,19,-13
235001200,36,43,-7
235001207,127,16,111
235001210,20,79,-59
235001215,42,86,-44
235001239,1,45,-44
235001244,1,9,-8
235016267,0,69,-69
277101746,0,0,0
277102712,22,37,-15
277103813,0,0,0
277103814,0,0,0
277103898,0,1,-1
277104249,0,2,-2
277104250,0,4,-4
277104251,0,3,-3
277104252,0,3,-3
990011530,0,163,-163
990014944,0,429,-429
990015176,19,12,7
990015618,0,122,-122
990016032,1,270,-269
990032570,2,264,-262
990070001,59,0,59
990070103,0,11,-11
990070601,0,45,-45
990070751,803,4,799
990070766,3,486,-483
990071180,530,166,364
990071343,9,2,7
990071387,0,23,-23
990071823,589,2,587
990072600,3,1103,-1100
990072964,1,389,-388
990073285,0,9,-9
990074393,1,692,-691
990074870,1526,3,1523
990075106,2017,13,2004
990075746,569,8,561
990076437,1237,41,1196
990076458,15,578,-563
997000007,683,9,674
997000041,1,251,-250
997000058,56,2,54
997000062,36,1,35
997000069,0,8,-8
997000070,0,54,-54
997000100,27,1,26
997000141,38,3696,-3658
997000198,4,1981,-1977
998000475,4,72,-68
998000736,0,142,-142
998000965,0,18,-18
998001031,0,67,-67
998001700,0,7,-7
998001899,0,2,-2
998001900,24,0,24
998003073,1477,7,1470
998101900,0,0,0
998102850,7,369,-362
998501927,1542,755,787
998501929,192,7,185
998501930,55,1,54
998501931,159,4,155
998501932,3,0,3
998501933,43,0,43
998501937,17,4,13
998501944,11,0,11
998501970,178,92,86
998501971,0,76,-76
998501973,0,54,-54
998501974,1,232,-231
998501975,115,4,111
998501976,49,0,49
998501977,0,19,-19
998501978,31,0,31
998501979,0,18,-18
998501980,63,0,63
998501981,45,2,43
998501982,0,108,-108
998501983,0,0,0
998502006,0,0,0
998502024,1,4,-3
998502032,0,2,-2
998502062,16,0,16
998502063,0,0,0
998502173,30,0,30
998502269,1,4,-3
998601159,12,144,-132
998601292,0,20,-20
999033574,1,418,-417
999800001,57,11,46
999800002,0,4,-4
999800003,8,8,0
999800004,0,5,-5
999800005,0,7,-7
