ID,insum,outsum,diff
100000001,731,698,33
100000002,8507,15126,-6619
100000003,7072,11107,-4035
100000004,377,1757,-1380
100000005,5266,6922,-1656
100000006,844,528,316
100000007,3906,1028,2878
100000008,93,931,-838
100000009,575,771,-196
100000010,32,634,-602
100000011,837,150,687
100000012,81,507,-426
100000013,9,304,-295
100000014,253,1317,-1064
100000015,1950,3015,-1065
100000016,484,4013,-3529
100000017,318,4690,-4372
100000018,1263,994,269
100000019,4607,5367,-760
100000020,2400,10240,-7840
100000021,10049,2609,7440
100000022,1307,10385,-9078
100000023,7595,5609,1986
100000025,777,3802,-3025
100000028,675,5698,-5023
100000029,42,2411,-2369
100000030,65,84,-19
100000031,3297,14518,-11221
100000032,4494,11120,-6626
100000033,1716,6992,-5276
100000034,234,3226,-2992
100000035,954,2379,-1425
100000036,1168,3659,-2491
100000037,1073,847,226
100000038,4164,1656,2508
100000039,245,663,-418
100000040,1016,286,730
100000041,2758,1092,1666
100000042,2072,726,1346
100000043,918,207,711
100000044,324,498,-174
100000045,308,1241,-933
100000046,591,1261,-670
100000047,261,512,-251
100000048,163,980,-817
100000049,2216,1693,523
100000051,882,772,110
100000053,106,10,96
100000054,372,35,337
100000055,873,237,636
100000056,503,982,-479
100000057,2862,725,2137
100000058,1382,810,572
100000059,73,701,-628
100000060,1247,696,551
100000061,3304,1113,2191
100000062,2235,1407,828
100000063,1534,615,919
100000064,2056,856,1200
100000065,457,1198,-741
100000066,199,748,-549
100000067,229,956,-727
100000068,432,2536,-2104
100000069,368,1599,-1231
100000072,274,598,-324
100000073,1745,1226,519
100000075,1532,225,1307
100000076,2802,10690,-7888
100000077,135,1321,-1186
100000078,14,72,-58
100000079,11,81,-70
100000080,9,73,-64
100000081,33,201,-168
100000102,5526,15770,-10244
100000103,2919,3504,-585
100000104,8819,3786,5033
100000105,1476,5860,-4384
100000106,1449,8891,-7442
100000107,98,2551,-2453
100000108,369,3371,-3002
100000109,847,4286,-3439
100000116,280,1253,-973
100000117,87,233,-146
100000118,583,1983,-1400
100000119,1138,1862,-724
100000121,776,1190,-414
100000122,737,8145,-7408
100000123,1579,4458,-2879
100000124,3417,4030,-613
100000125,18194,4243,13951
100000126,793,3655,-2862
100000127,1948,3546,-1598
100000128,568,6391,-5823
100000129,457,1772,-1315
100000130,1515,319,1196
100000131,1337,2474,-1137
100000132,2262,2490,-228
100000133,1911,1188,723
100000135,912,1539,-627
100000139,152,512,-360
100000140,104,281,-177
100000142,791,810,-19
100000143,1289,521,768
100000144,1787,490,1297
100000147,2668,7557,-4889
100000150,106,976,-870
100000151,452,4067,-3615
100000153,81,1396,-1315
100000154,54,2560,-2506
100000155,1,111,-110
100000156,138,281,-143
100000157,353,289,64
100000158,277,186,91
100000159,114,4092,-3978
100000165,1087,1197,-110
100000169,51,4142,-4091
100000174,436,2766,-2330
100000179,77,2437,-2360
100000180,973,4646,-3673
100000181,359,852,-493
100000188,64,380,-316
100000189,1078,833,245
100000190,752,3064,-2312
100000191,1508,1170,338
100000192,49,257,-208
100000193,329,206,123
100000330,947,1933,-986
100000355,334,851,-517
100000362,2964,1275,1689
100000363,9736,12242,-2506
100000364,132,294,-162
100000365,9258,13836,-4578
100000366,2032,1463,569
100000367,9801,10666,-865
100000368,2384,1567,817
100000369,961,4464,-3503
100000370,368,1499,-1131
100000376,27,448,-421
100000379,1018,9711,-8693
100000380,4307,20371,-16064
100000384,8753,15044,-6291
100000385,2754,11954,-9200
100000386,2239,14755,-12516
100000387,7715,17878,-10163
100000388,2265,6921,-4656
100000389,8273,12797,-4524
100000390,4299,5530,-1231
100000391,4649,12711,-8062
100000392,711,4633,-3922
100000393,1056,7586,-6530
100000394,2741,9793,-7052
100000395,1287,9133,-7846
100000396,1173,2865,-1692
100000397,2285,11519,-9234
100000398,7034,5254,1780
100900002,25,77,-52
100900003,983,344,639
100900004,14,1777,-1763
100900005,172,20,152
100900006,127,25,102
100900007,415,4,411
100900008,6,969,-963
100900009,32,90,-58
100900010,97,17,80
100900011,419,100,319
100900012,1,48,-47
100900013,1883,39,1844
100900014,5,0,5
100900015,41,86,-45
100900016,0,26,-26
100900017,2218,157,2061
100900018,0,24,-24
100900019,92,140,-48
100900020,677,3,674
100900021,794,2,792
100900022,2,41,-39
100900023,0,48,-48
100900024,747,4,743
100900025,18,2,16
100900026,200,111,89
100900027,773,5356,-4583
100900028,97,728,-631
100900029,28,5,23
100900030,5,505,-500
100900031,1813,98,1715
100900032,863,1,862
100900033,101,1171,-1070
100900034,2758,3,2755
100900035,333,2,331
100900036,18,1,17
100900037,322,90,232
100900038,28,216,-188
100900039,342,170,172
100900040,918,505,413
100900041,2894,275,2619
100900042,633,4368,-3735
100900043,1,158,-157
100900044,1768,1365,403
100900045,15,0,15
100900046,2249,12,2237
100900047,925,169,756
100900048,146,81,65
100900049,43,136,-93
100900050,8,108,-100
100900051,68,419,-351
100900052,417,31,386
100900053,1129,58,1071
100900054,22,43,-21
100900055,1150,2672,-1522
100900056,55,159,-104
100900057,4514,923,3591
100900058,188,187,1
100900059,174,22,152
100900060,216,7,209
100900061,172,315,-143
100900062,3,9,-6
100900063,593,1778,-1185
100900064,959,17,942
100900065,65,249,-184
100900066,165,87,78
100900067,26,31,-5
100900068,164,320,-156
100900069,225,20,205
100900070,1176,26,1150
100900071,234,198,36
100900072,1,25,-24
100900073,297,758,-461
100900074,1,14,-13
100900075,2922,238,2684
100900076,6,52,-46
100900077,140,10,130
100900078,393,376,17
100900079,6,24,-18
100900080,126,92,34
100900081,71,163,-92
100900082,482,85,397
100900083,28,134,-106
100900085,9,716,-707
100900086,88,585,-497
100900088,506,204,302
100900089,10,26,-16
100900090,189,2769,-2580
100900091,6,16,-10
100900092,137,273,-136
100900093,544,1068,-524
100900094,297,155,142
100900095,7,28,-21
100900096,206,579,-373
100900097,1,6,-5
100900098,9,22,-13
100900099,24,893,-869
100900100,4,384,-380
100900101,423,59,364
100900102,5,195,-190
100900103,4,5,-1
100900104,1,200,-199
100900105,15,1081,-1066
100900106,2,7,-5
100900107,5864,1283,4581
100900108,8,76,-68
100900109,15,57,-42
100900110,9,26,-17
100900111,49,372,-323
100900112,2,26,-24
100900113,12,8,4
100900114,4,71,-67
100900115,36,88,-52
100900116,1824,597,1227
100900117,381,1786,-1405
100900118,52,131,-79
100900119,15,34,-19
100900120,6,21,-15
100900121,965,537,428
100900122,33,121,-88
100900123,549,68,481
100900124,0,1,-1
100900125,8,35,-27
100900126,1081,87,994
100900127,12,1,11
100900128,124,2073,-1949
100900129,2,444,-442
100900131,30,203,-173
100900133,198,23,175
100900134,8,10,-2
100900135,2,891,-889
100900137,475,418,57
100900138,399,899,-500
100900139,2,39,-37
100900140,0,242,-242
100900141,4,890,-886
100900142,0,10,-10
100900143,408,1965,-1557
100900144,16,6,10
100900145,45,357,-312
100900146,43,50,-7
100900147,22,4159,-4137
100900148,85,171,-86
100900149,7,1028,-1021
100900150,6,65,-59
100900151,102,789,-687
100900152,348,18,330
100900153,3,390,-387
100900154,2,358,-356
100900155,15,7,8
100900156,52,5,47
100900157,16,724,-708
100900158,725,41,684
100900159,11,101,-90
100900160,55,0,55
100900161,55,1,54
100900162,25,690,-665
100900163,86,99,-13
100900164,242,37,205
100900165,22,50,-28
100900166,48,1,47
100900167,21,49,-28
100900168,12,234,-222
100900169,45,1227,-1182
100900170,38,23,15
100900171,7,774,-767
100900172,4,146,-142
100900173,10,121,-111
100900174,66,66,0
100900176,2050,1218,832
100900177,820,461,359
100900178,521,266,255
100900179,261,552,-291
100900180,0,2,-2
100900181,74,55,19
100900182,96,11,85
100900184,24,97,-73
100900186,1003,430,573
100900187,97,124,-27
100900188,16,11,5
100900189,4061,330,3731
100900191,846,1708,-862
100900192,235,684,-449
100900195,142,1680,-1538
100900197,60,92,-32
100900198,49,178,-129
100900199,10,6,4
100900200,1426,431,995
100900201,198,1601,-1403
100900202,124,0,124
100900203,3,136,-133
100900204,148,1276,-1128
100900205,321,771,-450
100900206,360,374,-14
100900207,520,172,348
100900210,119,135,-16
100900211,983,201,782
100900213,234,70,164
100900214,408,193,215
100900215,119,40,79
101000001,2008,2847,-839
101000002,10921,14587,-3666
101000003,861,1323,-462
101000004,11204,8900,2304
101000005,7490,9215,-1725
101000006,16674,16358,316
101000007,7349,9500,-2151
101000008,2649,3991,-1342
101000009,4705,1144,3561
101000010,1862,1377,485
101000011,2416,581,1835
101000012,458,1208,-750
101000013,851,2332,-1481
101000014,579,522,57
101000015,3576,3177,399
101000016,357,1728,-1371
101000017,427,1008,-581
101000018,2018,17619,-15601
101000020,1778,3131,-1353
101000021,640,1992,-1352
101000022,109,803,-694
101000023,1493,1595,-102
101000025,675,1055,-380
101000026,343,48,295
101000027,2815,7397,-4582
101000028,237,48,189
101000029,77,2511,-2434
101000030,1872,213,1659
101000031,83,1087,-1004
101000032,2755,6641,-3886
101000033,1845,11636,-9791
101000034,1001,5412,-4411
101000035,764,982,-218
101000036,489,5011,-4522
101000037,1229,6722,-5493
101000039,2542,8405,-5863
101000040,4821,11534,-6713
101000041,2957,11178,-8221
101000042,83,1900,-1817
101000043,4544,14710,-10166
101000045,281,1095,-814
101000046,1824,3051,-1227
101000047,1401,7098,-5697
101000048,674,745,-71
101000049,884,4473,-3589
101000050,946,3918,-2972
101000051,880,3228,-2348
101000052,1795,3673,-1878
101000053,530,2568,-2038
101000054,4630,1703,2927
101000055,1656,3144,-1488
101000056,27,283,-256
101000057,631,5893,-5262
101000058,1195,4552,-3357
101000059,3111,5146,-2035
101000060,2569,2972,-403
101000061,569,4318,-3749
101000062,235,1015,-780
101000063,219,3328,-3109
101000064,258,1397,-1139
101000065,186,2295,-2109
101000066,440,2750,-2310
101000067,231,1108,-877
101000068,134,528,-394
101000069,221,120,101
101000070,373,911,-538
101000071,7219,2901,4318
101000072,1022,4377,-3355
101000073,714,1614,-900
101000074,2541,5184,-2643
101000075,2532,4346,-1814
101000077,2762,2672,90
101000078,1094,1669,-575
101000079,973,1324,-351
101000080,809,1244,-435
101000081,2772,2062,710
101000082,2664,2477,187
101000083,5564,3433,2131
101000084,1433,712,721
101000085,2370,1916,454
101000086,1232,1656,-424
101000087,1194,1576,-382
101000088,3036,2123,913
101000089,1727,2925,-1198
101000090,2253,1189,1064
101000091,1160,645,515
101000092,3515,758,2757
101000093,3008,781,2227
101000094,1562,1205,357
101000095,1066,900,166
101000096,1355,450,905
101000097,751,2220,-1469
101000098,675,1952,-1277
101000099,928,2499,-1571
101000100,1444,2752,-1308
101000101,241,2977,-2736
101000102,785,3275,-2490
101000103,638,2725,-2087
101000104,446,1289,-843
101000105,240,1152,-912
101000106,409,4348,-3939
101000107,426,1141,-715
101000108,955,158,797
101000109,1450,293,1157
101000110,56,221,-165
101000111,61,388,-327
101000113,232,1886,-1654
101000114,2490,9957,-7467
101000115,18,13,5
101000116,39,59,-20
101000117,2117,565,1552
101000119,14,213,-199
101000120,84,212,-128
101000121,33,78,-45
101000122,80,126,-46
101000123,43,147,-104
101000124,475,552,-77
101000125,115,128,-13
101000128,172,2816,-2644
101000130,269,292,-23
101000131,2818,458,2360
101000132,1680,939,741
101000135,10,46,-36
101000136,52,174,-122
101000137,17,998,-981
101000141,788,8505,-7717
101000147,963,307,656
101000148,1146,31,1115
101000149,30,87,-57
101000150,303,397,-94
101000151,643,65,578
101000152,747,623,124
101000153,424,352,72
101000154,825,760,65
101000155,1310,417,893
101000156,32,1237,-1205
101000157,48,611,-563
101000160,15,29,-14
101000163,113,1042,-929
101000164,516,156,360
101000165,401,1022,-621
101000166,277,393,-116
101000168,1271,797,474
101000252,4329,1515,2814
101000254,26,81,-55
101000258,27,5,22
101000261,49,216,-167
101000262,4690,10292,-5602
101000263,568,2486,-1918
101000265,93,1262,-1169
101000266,927,586,341
101000269,15,87,-72
101000290,510,5830,-5320
101000293,19,138,-119
101000294,1355,1311,44
101000295,581,313,268
101000301,130,1576,-1446
101000304,4709,7993,-3284
101000305,4284,3340,944
101900001,43,42,1
101900002,0,15,-15
101900003,38,587,-549
101900004,4,340,-336
101900005,1717,8323,-6606
101900006,3761,373,3388
101900007,938,514,424
101900008,146,784,-638
101900009,76,924,-848
101900010,551,1231,-680
101900011,156,2499,-2343
101900012,996,161,835
101900013,1213,121,1092
101900017,34,124,-90
101900018,669,363,306
101900019,38,178,-140
101900020,855,447,408
101900021,0,164,-164
101900022,369,886,-517
101900023,366,83,283
102000001,6740,14261,-7521
102000002,3882,12598,-8716
102000003,3590,9354,-5764
102000004,13897,7605,6292
102000005,3217,6235,-3018
102000006,1443,2515,-1072
102000007,4802,7927,-3125
102000008,10678,2710,7968
102000009,15502,15015,487
102000010,6321,3938,2383
102000011,9498,10255,-757
102000012,5903,5130,773
102000018,6450,5894,556
102000019,5523,3741,1782
102000026,1405,718,687
102000029,418,643,-225
102000030,234,625,-391
102000031,111,169,-58
102000032,1248,789,459
102000033,995,364,631
102000034,846,705,141
102000035,2296,797,1499
102000036,25,362,-337
102000037,394,79,315
102000038,147,817,-670
102000039,109,380,-271
102000040,268,536,-268
102000041,23,1149,-1126
102000042,60,676,-616
102000043,131,1161,-1030
102000044,916,2082,-1166
102000045,1615,2131,-516
102000046,3229,1871,1358
102000047,1785,1409,376
102000048,1364,1070,294
102000049,1560,2421,-861
102000050,2926,2418,508
102000051,374,1424,-1050
102000052,2072,2600,-528
102000053,1750,2635,-885
102000054,1586,1433,153
102000055,2510,236,2274
102000056,3618,339,3279
102000057,3673,820,2853
102000058,1778,1061,717
102000059,1478,2209,-731
102000060,1279,1248,31
102000061,3408,2633,775
102000062,3981,1413,2568
102000063,2191,2590,-399
102000064,876,968,-92
102000065,56,229,-173
102000066,1350,1202,148
102000067,12720,7143,5577
102000068,15312,6327,8985
102000069,174,3692,-3518
102000070,2759,63,2696
102000071,10422,17501,-7079
102000072,4540,6459,-1919
102000073,1323,902,421
102000074,1288,2985,-1697
102000075,382,458,-76
102000076,790,234,556
102000077,1799,743,1056
102000078,2392,336,2056
102000079,417,171,246
102000080,771,429,342
102000081,381,1235,-854
102000082,851,535,316
102000083,2071,310,1761
102000084,1125,301,824
102000085,4236,956,3280
102000086,2906,1108,1798
102000087,1199,1684,-485
102000088,477,598,-121
102000089,2290,537,1753
102000090,377,1862,-1485
102000091,1580,914,666
102000092,494,994,-500
102000093,1497,693,804
102000094,649,459,190
102000095,1058,1513,-455
102000096,554,540,14
102000097,987,498,489
102000098,371,712,-341
102000099,1261,943,318
102000100,342,1285,-943
102000101,505,639,-134
102000102,572,1875,-1303
102000103,5414,677,4737
102000104,1234,661,573
102000105,320,616,-296
102000106,1326,755,571
102000107,3837,311,3526
102000108,1160,644,516
102000109,2569,1060,1509
102000110,3352,747,2605
102000111,15,1130,-1115
102000112,188,271,-83
102000113,33,135,-102
102000114,2448,593,1855
102000115,530,677,-147
102000116,462,1191,-729
102000117,93,2004,-1911
102000118,1435,2902,-1467
102000119,1190,2210,-1020
102000120,282,1097,-815
102000121,1801,642,1159
102000122,831,1194,-363
102000123,1756,1347,409
102000124,2688,2102,586
102000125,559,987,-428
102000126,670,1011,-341
102000127,1930,685,1245
102000128,1138,1373,-235
102000129,2552,693,1859
102000130,876,1280,-404
102000131,1807,1442,365
102000132,602,1649,-1047
102000133,7010,2755,4255
102000134,1718,1344,374
102000135,1486,1206,280
102000136,2165,898,1267
102000137,700,1237,-537
102000138,547,573,-26
102000139,125,1408,-1283
102000140,248,1412,-1164
102000141,281,1788,-1507
102000142,652,444,208
102000143,484,287,197
102000144,853,390,463
102000145,581,386,195
102000146,847,619,228
102000147,1078,584,494
102000148,739,1084,-345
102000149,910,112,798
102000150,1474,88,1386
102000151,205,252,-47
102000152,619,237,382
102000153,1378,1137,241
102000154,229,566,-337
102000155,41,1019,-978
102000156,361,293,68
102000157,61,2502,-2441
102000158,89,406,-317
102000159,4281,2237,2044
102000161,5209,3378,1831
102000162,290,618,-328
102000163,337,782,-445
102000164,1105,1291,-186
102000165,267,558,-291
102000166,108,528,-420
102000167,272,532,-260
102000168,338,376,-38
102000169,290,1029,-739
102000170,1574,220,1354
102000171,136,257,-121
102000172,13,618,-605
102000173,829,564,265
102000174,263,120,143
102000175,48,92,-44
102000176,45,96,-51
102000178,315,1380,-1065
102000179,843,586,257
102000180,1780,294,1486
102000181,1910,604,1306
102000182,894,560,334
102000183,3502,1534,1968
102000184,3287,748,2539
102000185,5638,785,4853
102000186,3581,1260,2321
102000187,1675,1279,396
102000188,2641,2345,296
102000189,2961,495,2466
102000190,1083,4086,-3003
102000191,992,407,585
102000192,3686,2337,1349
102000193,305,279,26
102000194,79,723,-644
102000195,929,709,220
102000196,648,577,71
102000197,1947,254,1693
102000198,406,584,-178
102000199,2608,200,2408
102000200,581,788,-207
102000201,2386,650,1736
102000202,13,358,-345
102000203,1165,279,886
102000204,1888,992,896
102000205,2475,1254,1221
102000206,1236,710,526
102000207,1502,1110,392
102000208,951,1510,-559
102000209,102,486,-384
102000210,1095,647,448
102000211,1266,391,875
102000212,1025,4,1021
102000213,7,181,-174
102000214,1052,18,1034
102000215,4,225,-221
102000216,280,217,63
102000217,52,84,-32
102000218,497,466,31
102000219,342,110,232
102000225,271,753,-482
102000226,1317,400,917
102000227,165,6,159
102000228,0,343,-343
102000229,96,112,-16
102000230,771,373,398
102000231,719,409,310
102000232,281,371,-90
102000233,2671,801,1870
102000234,144,1484,-1340
102000236,489,93,396
102000237,1456,999,457
102000238,426,621,-195
102000240,501,1236,-735
102000241,417,148,269
102000243,9,64,-55
102000245,45,128,-83
102000246,10,154,-144
102000247,193,421,-228
102000248,207,1856,-1649
102000249,319,228,91
102000250,164,233,-69
102000254,510,225,285
102000266,4,814,-810
102000271,70,1,69
102000286,671,411,260
102000297,5405,2183,3222
102000300,0,0,0
102000301,0,0,0
102000305,0,0,0
102000306,0,0,0
102000307,0,2,-2
102000308,0,0,0
102900001,1585,754,831
102900002,369,72,297
102900003,190,167,23
102900005,851,300,551
102900006,849,88,761
102900007,1615,7,1608
102900008,508,39,469
102900009,324,536,-212
102900010,345,1878,-1533
102900011,1526,1484,42
102900012,606,336,270
102900013,161,6,155
102900015,1281,920,361
102900016,137,20,117
102900017,660,150,510
102900018,120,41,79
102900019,980,1239,-259
102900020,495,61,434
102900021,116,14,102
102900022,101,98,3
102900023,64,90,-26
102900024,141,43,98
102900025,114,55,59
102900026,906,3635,-2729
102900027,131,110,21
102900028,417,2107,-1690
102900029,130,699,-569
102900030,502,664,-162
102900031,605,172,433
102900032,208,66,142
102900033,175,241,-66
102900034,1514,46,1468
102900035,323,451,-128
102900036,768,251,517
102900037,557,293,264
102900038,642,316,326
102900039,16,1488,-1472
102900040,735,497,238
102900041,294,202,92
102900042,672,152,520
102900043,851,154,697
102900044,891,1827,-936
102900045,512,476,36
102900046,411,172,239
102900047,319,553,-234
102900048,1089,309,780
102900049,121,378,-257
102900050,294,586,-292
102900051,317,740,-423
102900052,33,87,-54
102900053,371,1054,-683
102900054,418,3001,-2583
102900055,264,747,-483
102900056,175,573,-398
102900057,10,168,-158
102900058,714,122,592
102900059,35,29,6
102900060,166,545,-379
102900061,522,661,-139
102900062,792,587,205
102900063,3722,420,3302
102900064,133,921,-788
102900065,1206,382,824
102900066,618,20,598
102900068,95,536,-441
102900070,441,904,-463
102900072,27,81,-54
102900073,105,3,102
102900074,302,236,66
102900075,13,101,-88
102900076,89,212,-123
102900077,51,22,29
102900078,32,30,2
102900079,587,6,581
102900080,806,58,748
102900081,113,212,-99
102900082,61,260,-199
102900083,84,4,80
102900084,0,65,-65
102900085,250,93,157
102900086,7,111,-104
102900087,370,183,187
102900088,166,119,47
102900089,373,481,-108
102900090,0,271,-271
102900091,518,1,517
102900092,1348,194,1154
102900093,463,399,64
102900094,4,279,-275
102900095,182,2,180
102900096,109,16,93
102900097,351,140,211
103000001,3245,4922,-1677
103000002,3579,5951,-2372
103000003,4613,5399,-786
103000004,1109,688,421
103000005,2142,7642,-5500
103000006,1797,2524,-727
103000007,812,673,139
103000008,1823,2678,-855
103000009,4201,3048,1153
103000010,203,155,48
103000011,2182,1052,1130
103000012,1940,2841,-901
103000013,5757,3816,1941
103000014,1850,7593,-5743
103000015,5295,1900,3395
103000016,754,4053,-3299
103000017,484,1542,-1058
103000018,1294,274,1020
103000019,570,1016,-446
103000020,2122,3477,-1355
103000021,3282,6552,-3270
103000022,1122,2669,-1547
103000023,1915,5366,-3451
103000024,161,98,63
103000025,206,2097,-1891
103000026,367,178,189
103000027,155,717,-562
103000028,239,253,-14
103000029,66,378,-312
103000030,3492,2353,1139
103000031,1003,4643,-3640
103000032,3039,2117,922
103000033,4491,4046,445
103000034,2582,1461,1121
103000035,394,2146,-1752
103000036,272,332,-60
103000037,1215,513,702
103000038,877,1540,-663
103000039,1709,468,1241
103000040,1230,613,617
103000041,5171,1803,3368
103000042,4595,430,4165
103000043,1713,870,843
103000044,577,105,472
103000046,522,755,-233
103000047,1038,427,611
103000048,538,238,300
103000049,130,155,-25
103000050,1544,336,1208
103000051,1069,756,313
103000052,1692,330,1362
103000053,408,387,21
103000054,3491,576,2915
103000055,2891,1730,1161
103000056,1938,939,999
103000057,2629,157,2472
103000058,1528,419,1109
103000059,1345,926,419
103000060,1485,371,1114
103000061,1342,980,362
103000062,1199,232,967
103000063,1850,1304,546
103000064,268,93,175
103000065,17,305,-288
103000066,556,31,525
103000069,590,262,328
103000070,1141,453,688
103000071,3461,1267,2194
103000072,292,908,-616
103000073,2530,226,2304
103000074,2358,183,2175
103000075,187,722,-535
103000076,698,1850,-1152
103000077,14,549,-535
103000078,1867,3558,-1691
103000079,1001,1879,-878
103000080,572,879,-307
103000081,573,1256,-683
103000082,1107,401,706
103000083,210,798,-588
103000084,149,5,144
103000085,0,175,-175
103000086,557,980,-423
103000087,897,987,-90
103000088,388,876,-488
103000089,634,1507,-873
103000090,7972,1719,6253
103000091,2228,952,1276
103000092,716,469,247
103000093,646,969,-323
103000094,692,274,418
103000095,394,743,-349
103000096,1083,107,976
103000097,284,1209,-925
103000098,1212,320,892
103000099,162,1624,-1462
103000100,330,605,-275
103000101,2977,192,2785
103000102,215,478,-263
103000103,1809,229,1580
103000104,189,161,28
103000105,430,137,293
103000106,48,217,-169
103000107,456,331,125
103000108,2890,2911,-21
103000109,1271,1718,-447
103000110,1162,1529,-367
103000111,441,1820,-1379
103000112,459,1303,-844
103000113,241,4088,-3847
103000114,3029,4056,-1027
103000115,1859,1506,353
103000116,1448,699,749
103000117,819,707,112
103000118,785,556,229
103000119,2574,898,1676
103000120,121,1083,-962
103000121,138,210,-72
103000122,753,730,23
103000125,53,118,-65
103000126,1694,6,1688
103000127,5,66,-61
103000128,516,3,513
103000129,3,82,-79
103000130,185,92,93
103000131,117,178,-61
103000132,106,144,-38
103000133,22,94,-72
103000134,588,2979,-2391
103000135,1229,262,967
103000136,933,1193,-260
103000137,619,1439,-820
103000138,689,1423,-734
103000139,0,195,-195
103000140,366,33,333
103000141,72,430,-358
103000142,272,174,98
103000143,151,267,-116
103000144,400,275,125
103000145,28,374,-346
103000150,123,76,47
103000152,326,928,-602
103000153,393,939,-546
103000156,7,115,-108
103000157,676,2,674
103000159,508,138,370
103000162,56,28,28
103000163,24,11,13
103000164,3,6,-3
103000165,100,219,-119
103000166,513,1712,-1199
103000167,573,730,-157
103000168,376,347,29
103000169,217,1497,-1280
103000170,2463,286,2177
103000171,33,263,-230
103000172,2354,273,2081
103000173,2291,220,2071
103000174,1004,405,599
103000175,631,122,509
103000176,1206,1746,-540
103000177,387,1050,-663
103000178,132,415,-283
103000179,229,135,94
103000183,875,14,861
103000185,423,73,350
103000186,395,94,301
103000187,3023,220,2803
103000188,70,252,-182
103000189,1033,1271,-238
103000191,1083,647,436
103000292,759,3905,-3146
103000293,1415,8365,-6950
103000295,93,244,-151
103000296,152,5,147
103000297,5,37,-32
103000504,44,56,-12
103000505,9,55,-46
103000506,4,119,-115
103000507,398,8,390
103000508,61,96,-35
103000509,528,546,-18
103900001,3,31,-28
103900002,1066,81,985
103900003,1314,368,946
103900004,265,1,264
103900005,11,126,-115
103900006,1,8,-7
103900007,80,5,75
103900008,28,1,27
103900009,753,204,549
103900010,512,136,376
103900011,1139,114,1025
103900012,22,78,-56
103900013,232,35,197
103900014,111,43,68
103900015,200,14,186
103900016,236,210,26
103900017,111,177,-66
103900018,371,66,305
103900019,45,537,-492
103900020,858,565,293
103900021,65,29,36
103900022,618,460,158
103900023,511,1,510
103900024,122,497,-375
103900025,16,20,-4
103900026,1,0,1
103900027,402,346,56
103900028,178,611,-433
103900029,1866,166,1700
103900030,612,350,262
103900031,118,3,115
103900032,184,183,1
103900033,92,134,-42
103900034,99,20,79
103900035,231,24,207
103900036,118,164,-46
103900037,421,183,238
103900038,113,234,-121
103900039,482,143,339
103900040,14,157,-143
103900041,167,65,102
103900042,324,81,243
103900043,435,27,408
103900044,55,1457,-1402
103900045,740,215,525
103900047,295,47,248
103900048,30,294,-264
103900049,171,1825,-1654
103900050,90,347,-257
103900051,2,124,-122
103900052,343,845,-502
103900053,502,157,345
103900054,495,179,316
103900055,1030,235,795
103900056,63,56,7
103900057,661,67,594
103900058,939,244,695
103900059,0,93,-93
103900060,119,119,0
103900061,399,17,382
103900062,2241,610,1631
103900063,7,0,7
103900064,330,4,326
103900065,258,332,-74
103900066,367,150,217
103900067,671,29,642
103900068,11,0,11
103900069,229,17,212
103900070,348,118,230
103900071,39,25,14
103900072,126,128,-2
103900073,54,111,-57
103900074,205,73,132
103900075,232,45,187
103900076,1517,270,1247
103900077,42,403,-361
103900078,656,316,340
103900079,145,366,-221
103900080,2,35,-33
103900081,31,121,-90
103900082,104,176,-72
103900083,3471,4596,-1125
103900084,64,985,-921
103900085,92,115,-23
103900086,3403,424,2979
103900087,52,167,-115
103900088,307,612,-305
103900089,111,280,-169
103900090,19,120,-101
103900091,966,127,839
103900092,1093,2787,-1694
103900093,222,985,-763
103900094,25,41,-16
103900095,290,1251,-961
103900096,470,60,410
103900097,39,296,-257
103900098,779,189,590
103900099,1180,91,1089
103900100,704,162,542
103900101,366,1260,-894
103900102,2,72,-70
103900104,2,26,-24
103900105,31,72,-41
103900106,0,336,-336
103900107,308,22,286
103900108,37,118,-81
103900109,341,1,340
103900110,847,77,770
103900111,543,159,384
103900112,57,149,-92
103900113,253,333,-80
103900114,2750,448,2302
103900115,193,335,-142
103900116,2169,3141,-972
103900117,39,30,9
103900119,17,183,-166
103900120,71,81,-10
103900122,741,114,627
103900123,638,1718,-1080
103900124,48,14,34
103900125,176,84,92
103900126,1362,138,1224
103900127,225,220,5
103900128,278,66,212
103900131,23,74,-51
103900133,1412,30,1382
103900134,0,32,-32
103900135,1,5,-4
103900137,0,8,-8
103900138,746,31,715
103900139,193,7168,-6975
103900140,8,857,-849
103900141,214,62,152
103900142,602,70,532
103900143,545,1,544
103900144,0,9,-9
103900145,243,248,-5
103900146,459,104,355
103900147,944,169,775
103900148,900,114,786
103900149,598,278,320
103900150,6306,11578,-5272
103900151,33,335,-302
103900152,2944,380,2564
103900153,29,26,3
103900154,344,4419,-4075
103900155,55,172,-117
103900156,89,50,39
103900157,458,75,383
103900158,635,107,528
103900159,862,41,821
103900160,60,40,20
103900161,81,185,-104
103900162,102,42,60
103900163,10,703,-693
103900164,572,41,531
103900167,7,191,-184
103900168,152,183,-31
103900169,52,117,-65
103900170,0,79,-79
103900171,0,33,-33
103900172,2,13,-11
103900173,62,70,-8
103900174,1173,72,1101
103900175,38,205,-167
103900176,24,48,-24
103900177,76,26,50
103900178,120,9,111
103900179,171,16,155
103900180,6,57,-51
103900181,5,153,-148
103900182,22,30,-8
103900184,361,100,261
103900185,95,1793,-1698
103900187,24,469,-445
103900188,300,218,82
103900189,182,14,168
103900190,329,73,256
103900191,100,114,-14
103900192,11,106,-95
103900193,44,115,-71
103900194,134,120,14
103900195,0,232,-232
103900196,115,148,-33
103900197,16,18,-2
103900198,8,50,-42
103900199,214,52,162
103900200,502,60,442
103900201,278,164,114
103900202,35,87,-52
103900203,51,116,-65
103900204,0,36,-36
103900207,0,13,-13
103900208,301,1,300
103900209,9,76,-67
103900210,101,63,38
103900211,2010,539,1471
103900212,423,140,283
103900213,11,765,-754
103900214,437,1262,-825
103900215,208,944,-736
103900216,50,413,-363
103900217,810,137,673
103900218,1,893,-892
103900219,896,365,531
103900233,1515,203,1312
103900235,105,971,-866
103900236,40,84,-44
103900242,1,7,-6
103900243,1,16,-15
103900244,279,195,84
103900245,364,82,282
103900246,56,102,-46
103900247,39,57,-18
103900248,1,158,-157
103900249,56,178,-122
103900250,310,172,138
103900251,3,117,-114
103900253,23,338,-315
103900254,35,152,-117
103900255,14,176,-162
103900256,43,70,-27
103900257,118,507,-389
103900258,77,47,30
103900259,22,91,-69
103900261,70,0,70
103900262,34,6,28
103900263,38,152,-114
103900264,34,20,14
103900265,28,2,26
103900266,1,338,-337
103900267,2,39,-37
104000001,6555,4369,2186
104000002,3442,3408,34
104000003,4498,2813,1685
104000004,4036,3173,863
104000005,5184,3255,1929
104000006,6350,3122,3228
104000007,7347,5360,1987
104000008,451,550,-99
104000009,449,433,16
104000010,275,1533,-1258
104000011,477,239,238
104000012,184,225,-41
104000013,547,1050,-503
104000014,439,397,42
104000015,1092,407,685
104000016,487,308,179
104000018,1355,560,795
104000019,978,751,227
104000020,117,326,-209
104000021,704,310,394
104000022,536,641,-105
104000023,2189,858,1331
104000024,558,513,45
104000026,98,205,-107
104000027,586,288,298
104000028,885,787,98
104000029,678,475,203
104000030,714,859,-145
104000031,2485,433,2052
104000032,374,207,167
104000033,1549,857,692
104000034,437,198,239
104000035,2224,565,1659
104000036,2154,620,1534
104000037,403,172,231
104000038,788,538,250
104000039,320,174,146
104000040,242,1029,-787
104000041,1170,774,396
104000042,289,284,5
104000043,336,240,96
104000044,661,585,76
104000045,1309,785,524
104000046,979,1108,-129
104000047,1138,938,200
104000048,1698,736,962
104000049,1500,617,883
104000050,306,1052,-746
104000051,392,1262,-870
104000052,3806,4437,-631
104000053,2353,611,1742
104000054,1387,326,1061
104000055,4452,3559,893
104000056,987,250,737
104000057,410,267,143
104000058,2382,1445,937
104000059,1774,1421,353
104000060,2455,2818,-363
104000061,1712,1198,514
104000062,566,244,322
104000064,1369,506,863
104000065,204,993,-789
104000069,564,3017,-2453
104000070,137,920,-783
104000071,293,311,-18
104000072,1060,213,847
104000075,206,481,-275
104000076,1006,75,931
104000082,3246,8102,-4856
104000083,925,316,609
104000084,320,509,-189
104000085,1070,473,597
104000086,609,652,-43
104000087,557,3215,-2658
104000090,2327,1006,1321
104000092,3066,1341,1725
104000094,1728,986,742
104000095,6553,2382,4171
104000096,5296,88,5208
104000097,5603,827,4776
104000098,8203,890,7313
104000100,4981,1303,3678
104000101,3694,2368,1326
104000106,54,1092,-1038
104000107,1141,220,921
104000108,458,365,93
104000109,775,354,421
104000110,1293,2233,-940
104000111,3576,8620,-5044
104000112,1009,602,407
104000116,1,769,-768
104000117,684,417,267
104000118,3734,208,3526
104000119,1956,470,1486
104000120,491,469,22
104000121,750,663,87
104000122,1731,739,992
104000123,1447,968,479
104000124,417,1642,-1225
104000125,3662,9653,-5991
104000126,1089,867,222
104000127,2285,2077,208
104000128,1177,235,942
104000129,177,5,172
104000130,1,722,-721
104000131,426,690,-264
104000132,795,840,-45
104000133,2331,1181,1150
104000134,2088,2351,-263
104000135,1334,1917,-583
104000136,1212,4383,-3171
104000137,4371,764,3607
104000138,2642,481,2161
104000139,3783,3580,203
104000141,1292,603,689
104000142,1466,466,1000
104000143,1658,420,1238
104000144,425,455,-30
104000145,466,277,189
104000146,206,842,-636
104000147,257,598,-341
104000148,732,357,375
104000149,287,123,164
104000150,1925,882,1043
104000151,552,263,289
104000152,1174,332,842
104000153,1731,1133,598
104000154,667,261,406
104000155,792,1426,-634
104000157,3280,1232,2048
104000158,319,794,-475
104000159,1408,1009,399
104000160,2551,4058,-1507
104000161,370,242,128
104000162,211,194,17
104000165,1246,1070,176
104000167,1078,2681,-1603
104000168,2005,21,1984
104000169,608,116,492
104000170,332,364,-32
104000248,725,740,-15
104000251,123,208,-85
104000272,0,0,0
104000273,0,0,0
104000274,0,0,0
104000275,0,0,0
104000279,846,655,191
104000290,200,646,-446
104000291,531,2634,-2103
104000293,3124,2198,926
104000294,262,5,257
104000295,1362,1424,-62
104000296,1029,924,105
104000297,1687,3177,-1490
104000298,2518,1213,1305
104000299,1838,1205,633
104900001,188,325,-137
104900002,163,575,-412
104900003,180,183,-3
104900004,118,75,43
104900005,999,380,619
104900006,1707,145,1562
104900007,1197,192,1005
104900009,264,250,14
104900010,141,23,118
104900011,33,45,-12
104900012,304,46,258
104900013,175,10,165
104900014,2177,471,1706
104900015,144,8,136
104900016,424,162,262
104900017,209,207,2
104900018,11,133,-122
104900019,297,10774,-10477
104900020,42,383,-341
104900021,5,28,-23
104900022,68,689,-621
104900023,1,47,-46
104900024,84,593,-509
104900025,125,325,-200
104900026,1,77,-76
104900027,1214,541,673
104900028,84,246,-162
104900029,13,29,-16
104900030,1232,301,931
104900031,103,430,-327
104900032,118,86,32
104900033,438,278,160
104900034,630,252,378
104900035,647,344,303
104900036,643,57,586
104900037,413,166,247
104900038,172,3177,-3005
104900039,543,681,-138
104900040,1142,43,1099
104900041,826,190,636
104900042,442,276,166
104900043,46,717,-671
104900044,1955,171,1784
104900045,573,89,484
104900046,1216,172,1044
104900047,732,145,587
104900048,956,111,845
104900049,135,50,85
104900050,942,116,826
104900051,721,108,613
104900052,318,4,314
104900053,971,157,814
104900054,523,61,462
104900055,560,1,559
104900056,631,50,581
104900057,108,0,108
104900058,727,889,-162
104900059,289,30,259
104900060,2,519,-517
104900061,167,214,-47
104900063,0,412,-412
104900064,0,196,-196
104900065,3,694,-691
104900066,8,101,-93
104900067,16,509,-493
104900068,187,201,-14
104900070,130,237,-107
104900071,1,706,-705
104900072,139,242,-103
104900073,194,52,142
104900074,152,112,40
104900075,144,33,111
104900076,317,152,165
104900077,474,234,240
104900078,329,167,162
104900079,317,2680,-2363
104900080,290,176,114
104900082,6,310,-304
104900085,25,192,-167
104900087,650,13,637
104900089,741,2,739
104900090,2758,1597,1161
104900091,766,636,130
104900093,260,345,-85
104900097,1733,6555,-4822
104900098,794,95,699
104900099,255,2179,-1924
104900100,725,242,483
104900102,79,158,-79
104900103,324,66,258
104900104,2379,2590,-211
104900106,756,394,362
104900107,147,234,-87
104900108,59,205,-146
104900109,292,373,-81
104900110,42,69,-27
104900111,792,104,688
104900112,852,421,431
104900113,1632,313,1319
104900114,1653,460,1193
104900115,2381,256,2125
104900116,1111,399,712
104900118,38,56,-18
104900119,1,93,-92
104900120,10,1816,-1806
104900121,0,54,-54
104900122,3,47,-44
104900123,278,19,259
104900124,231,2,229
104900125,982,9,973
104900126,50,19,31
104900127,75,33,42
104900128,265,122,143
104900129,1501,6689,-5188
105000001,5575,1997,3578
105000002,4685,3822,863
105000003,4373,8952,-4579
105000004,2438,1829,609
105000005,3007,2850,157
105000006,2228,4976,-2748
105000007,3255,5861,-2606
105000008,1549,6750,-5201
105000009,5256,6512,-1256
105000010,3774,1548,2226
105000011,5519,5932,-413
105000012,3249,2221,1028
105000013,2452,2786,-334
105000014,6886,6619,267
105000015,14055,27874,-13819
105000016,1309,1155,154
105000017,2206,1592,614
105000018,858,3583,-2725
105000019,1794,2269,-475
105000020,134,1103,-969
105000021,582,458,124
105000022,204,346,-142
105000023,2160,386,1774
105000028,24,124,-100
105000029,1030,2463,-1433
105000030,4877,2680,2197
105000033,1794,1375,419
105000034,345,2416,-2071
105000037,1068,399,669
105000038,1959,2753,-794
105000039,1390,1162,228
105000040,1395,2171,-776
105000041,388,1061,-673
105000042,3443,1962,1481
105000043,1210,2055,-845
105000044,2526,761,1765
105000045,756,480,276
105000046,2217,485,1732
105000047,927,407,520
105000048,2495,618,1877
105000049,465,670,-205
105000050,1693,1041,652
105000051,236,460,-224
105000052,1437,1779,-342
105000053,328,173,155
105000054,887,2155,-1268
105000055,1449,382,1067
105000056,3687,3063,624
105000057,2927,1080,1847
105000058,2425,1536,889
105000059,2398,1328,1070
105000060,919,626,293
105000061,2987,1449,1538
105000062,1002,857,145
105000063,564,611,-47
105000064,5572,1771,3801
105000065,608,940,-332
105000066,1562,2423,-861
105000067,3018,2483,535
105000068,591,1814,-1223
105000069,3005,6305,-3300
105000070,1098,2468,-1370
105000071,306,4316,-4010
105000072,2196,11028,-8832
105000073,2315,1910,405
105000074,955,724,231
105000075,1284,1187,97
105000076,2275,2340,-65
105000077,4735,1553,3182
105000078,1311,2525,-1214
105000079,1439,3808,-2369
105000080,3547,5149,-1602
105000081,1705,2080,-375
105000082,1242,2946,-1704
105000083,3230,5360,-2130
105000084,1093,1239,-146
105000085,4020,3987,33
105000086,1509,1513,-4
105000087,5066,4338,728
105000088,3642,5439,-1797
105000089,3105,2400,705
105000090,759,648,111
105000091,1080,1124,-44
105000092,870,1645,-775
105000093,702,815,-113
105000094,428,368,60
105000095,430,1474,-1044
105000096,2322,4790,-2468
105000097,687,1251,-564
105000098,2996,3944,-948
105000099,1140,2819,-1679
105000100,3946,1665,2281
105000101,4757,2005,2752
105000102,3629,2214,1415
105000103,2424,3254,-830
105000104,4906,2271,2635
105000105,2437,2485,-48
105000106,3833,1737,2096
105000107,3561,1350,2211
105000108,3866,1791,2075
105000109,5603,1634,3969
105000110,1841,739,1102
105000111,2812,543,2269
105000112,1762,803,959
105000113,466,1712,-1246
105000114,2331,2327,4
105000115,520,4518,-3998
105000116,2430,1433,997
105000117,1167,636,531
105000118,2591,973,1618
105000119,1119,868,251
105000120,3893,1170,2723
105000121,2105,725,1380
105000122,788,1244,-456
105000123,875,878,-3
105000124,4300,1457,2843
105000125,2237,1938,299
105000126,4106,2852,1254
105000127,5504,2570,2934
105000128,1554,2932,-1378
105000129,2917,826,2091
105000130,411,6560,-6149
105000131,667,268,399
105000132,2695,1764,931
105000133,758,1098,-340
105000134,2953,791,2162
105000135,456,674,-218
105000136,51,47,4
105000137,757,235,522
105000138,108,67,41
105000139,1302,571,731
105000140,571,443,128
105000141,795,370,425
105000142,586,465,121
105000143,402,627,-225
105000144,677,699,-22
105000145,1413,518,895
105000146,794,868,-74
105000147,1102,815,287
105000148,1262,1851,-589
105000149,5462,3792,1670
105000150,1733,1076,657
105000151,1834,791,1043
105000152,318,968,-650
105000153,1686,1029,657
105000154,906,1113,-207
105000155,690,716,-26
105000156,540,1146,-606
105000157,1182,2118,-936
105000158,5257,1331,3926
105000159,628,1143,-515
105000160,5839,1363,4476
105000161,1340,1387,-47
105000162,1176,5423,-4247
105000163,1811,2118,-307
105000164,159,1085,-926
105000165,2162,20437,-18275
105000166,9042,3250,5792
105000167,2415,6704,-4289
105000168,604,802,-198
105000169,1972,214,1758
105000170,759,1899,-1140
105000171,2355,417,1938
105000172,743,59,684
105000173,769,59,710
105000174,217,68,149
105000175,278,136,142
105000176,1695,248,1447
105000177,897,675,222
105000178,632,368,264
105000179,2406,235,2171
105000180,575,197,378
105000181,408,244,164
105000182,110,77,33
105000183,3882,4831,-949
105000184,440,1458,-1018
105000185,842,1794,-952
105000186,744,914,-170
105000187,1650,759,891
105000188,188,863,-675
105000189,122,899,-777
105000190,444,791,-347
105000191,685,684,1
105000192,939,118,821
105000193,94,508,-414
105000194,1320,64,1256
105000195,734,1371,-637
105000196,107,444,-337
105000197,244,687,-443
105000198,583,167,416
105000199,156,877,-721
105000200,250,745,-495
105000201,137,126,11
105000203,86,144,-58
105000204,110,74,36
105000205,125,117,8
105000207,329,107,222
105000208,379,743,-364
105000209,283,148,135
105000212,2093,854,1239
105000213,144,288,-144
105000214,158,379,-221
105000215,479,251,228
105000216,473,84,389
105000217,552,145,407
105000218,4618,1504,3114
105000221,303,547,-244
105000222,676,504,172
105000223,900,390,510
105000226,308,195,113
105000227,135,169,-34
105000228,102,3135,-3033
105000229,422,1796,-1374
105000231,704,433,271
105000233,2150,1563,587
105000234,610,948,-338
105000235,747,1416,-669
105000237,3397,264,3133
105000243,77,124,-47
105000248,68,167,-99
105000262,1155,542,613
105000269,359,229,130
105000270,1236,43,1193
105000271,0,382,-382
105000282,72,145,-73
105000287,388,207,181
105000288,1611,774,837
105000289,524,2804,-2280
105000290,64,16,48
105000402,2909,9059,-6150
105000426,419,746,-327
105000438,1044,1525,-481
105000446,10112,4725,5387
105000447,2614,1644,970
105000454,1786,149,1637
105000455,382,138,244
105000474,316,2,314
105000477,2402,845,1557
105000478,4510,10500,-5990
105000479,237,413,-176
105000480,6402,12577,-6175
105000481,8905,9398,-493
105000482,2978,3973,-995
105000483,3951,7152,-3201
105000484,2576,3512,-936
105000485,1747,6436,-4689
105000486,2890,3495,-605
105000488,3669,2512,1157
105000489,3356,1835,1521
105000549,188,502,-314
105000550,416,1173,-757
105000551,49,190,-141
105000552,3567,1591,1976
105900001,12,4619,-4607
105900002,978,2609,-1631
105900003,6,328,-322
105900004,341,53,288
105900005,296,729,-433
105900006,21,289,-268
105900007,92,78,14
105900008,223,256,-33
105900009,71,34,37
105900011,232,83,149
105900012,957,161,796
105900013,12,93,-81
105900014,4,90,-86
105900015,189,485,-296
105900016,1696,403,1293
105900017,3438,57,3381
105900018,207,221,-14
105900019,298,265,33
105900020,98,94,4
105900021,89,1039,-950
105900022,461,265,196
105900023,15,280,-265
105900024,7,600,-593
105900025,526,5,521
105900026,328,29,299
105900027,25149,7496,17653
105900028,311,916,-605
105900029,3193,536,2657
105900030,443,526,-83
105900031,904,191,713
105900032,247,151,96
105900033,239,205,34
105900034,1168,356,812
105900035,937,374,563
105900036,270,137,133
105900037,294,46,248
105900038,272,250,22
105900039,455,139,316
105900040,270,91,179
105900041,183,267,-84
105900042,259,445,-186
105900043,1558,54,1504
105900044,6,993,-987
105900045,1,3026,-3025
105900046,4,349,-345
105900047,39,70,-31
105900048,325,680,-355
105900050,2086,13863,-11777
105900051,103,1657,-1554
105900052,2625,275,2350
105900053,4073,7299,-3226
105900054,348,369,-21
105900056,874,1352,-478
105900057,25,161,-136
105900058,42,33,9
105900059,2,344,-342
106000001,2973,3773,-800
106000002,1098,3570,-2472
106000003,6292,8132,-1840
106000004,2338,2386,-48
106000005,7709,6438,1271
106000006,6810,2145,4665
106000007,813,557,256
106000008,508,416,92
106000009,729,398,331
106000010,411,484,-73
106000011,3270,1682,1588
106000012,1705,1462,243
106000013,4051,2773,1278
106000014,2563,1694,869
106000015,4788,2083,2705
106000016,2406,1872,534
106000017,1327,1498,-171
106000018,1068,852,216
106000019,1031,803,228
106000020,559,619,-60
106000021,651,780,-129
106000022,580,461,119
106000023,1551,713,838
106000024,1186,701,485
106000025,345,525,-180
106000026,193,166,27
106000027,3057,2918,139
106000028,1402,443,959
106000029,1150,993,157
106000030,311,964,-653
106000034,249,521,-272
106000035,1514,2865,-1351
106000036,197,520,-323
106000037,2171,2022,149
106000038,99,371,-272
106000039,107,269,-162
106000040,138,970,-832
106000041,1014,652,362
106000043,543,385,158
106000046,750,122,628
106000047,51,620,-569
106000049,2226,281,1945
106000050,447,1158,-711
106000051,1660,901,759
106000052,405,596,-191
106000053,1033,236,797
106000054,522,494,28
106000055,1748,1317,431
106000056,644,421,223
106000057,1008,434,574
106000058,371,212,159
106000059,795,659,136
106000060,817,471,346
106000061,305,1571,-1266
106000062,353,532,-179
106000063,1825,1385,440
106000064,21,530,-509
106000065,969,355,614
106000066,179,620,-441
106000067,1137,194,943
106000068,234,881,-647
106000069,903,228,675
106000070,618,853,-235
106000071,1273,412,861
106000072,5031,1856,3175
106000073,2630,10747,-8117
106000074,1275,1307,-32
106000075,765,1971,-1206
106000076,2236,2336,-100
106000077,2814,1240,1574
106000078,2785,987,1798
106000079,1947,1276,671
106000080,2447,713,1734
106000081,1918,1218,700
106000082,2670,812,1858
106000083,965,1610,-645
106000084,1395,654,741
106000085,2423,1778,645
106000086,945,912,33
106000087,1447,664,783
106000088,815,1013,-198
106000089,2138,409,1729
106000090,869,888,-19
106000091,299,524,-225
106000092,2442,557,1885
106000093,1038,194,844
106000094,90,388,-298
106000095,1827,1435,392
106000096,2597,776,1821
106000097,2491,1465,1026
106000098,2233,1012,1221
106000099,315,764,-449
106000100,3181,321,2860
106000101,1813,407,1406
106000102,193,730,-537
106000103,354,831,-477
106000104,1908,584,1324
106000105,739,825,-86
106000106,1920,455,1465
106000107,181,332,-151
106000108,743,184,559
106000109,339,134,205
106000110,942,156,786
106000111,248,218,30
106000112,585,1486,-901
106000113,772,569,203
106000114,864,2156,-1292
106000115,488,472,16
106000116,610,356,254
106000117,1461,708,753
106000118,2947,2167,780
106000119,1506,805,701
106000120,2270,3039,-769
106000121,854,418,436
106000122,564,139,425
106000123,1812,191,1621
106000124,365,139,226
106000125,101,210,-109
106000126,894,100,794
106000127,3394,834,2560
106000128,2622,301,2321
106000129,1773,618,1155
106000130,2378,690,1688
106000131,337,1463,-1126
106000132,1489,418,1071
106000133,3232,3615,-383
106000134,1195,7705,-6510
106000135,239,1035,-796
106000136,1647,3239,-1592
106000137,108,1439,-1331
106000138,5737,122,5615
106000139,201,111,90
106000140,51,103,-52
106000141,263,45,218
106000142,197,117,80
106000143,89,38,51
106000144,77,206,-129
106000145,1150,194,956
106000146,924,295,629
106000147,974,724,250
106000148,763,770,-7
106000149,1557,552,1005
106000150,1664,3580,-1916
106000151,5888,880,5008
106000152,1431,5086,-3655
106000153,187,2732,-2545
106000154,1614,245,1369
106000155,315,426,-111
106000156,3860,369,3491
106000157,1344,2904,-1560
106000158,2491,790,1701
106000159,4742,4517,225
106000160,1542,8655,-7113
106000161,1657,255,1402
106000162,735,2862,-2127
106000163,873,341,532
106000164,1609,439,1170
106000165,424,927,-503
106000166,2691,476,2215
106000167,902,2100,-1198
106000168,1983,557,1426
106000169,598,656,-58
106000170,2451,437,2014
106000171,330,1521,-1191
106000172,4250,2647,1603
106000173,1112,4465,-3353
106000174,2399,508,1891
106000175,388,772,-384
106000176,5064,1411,3653
106000177,2024,2763,-739
106000178,5124,1983,3141
106000179,1038,2068,-1030
106000180,1315,774,541
106000181,3410,1862,1548
106000182,4100,836,3264
106000183,3840,512,3328
106000184,2698,837,1861
106000185,4023,3111,912
106000186,599,93,506
106000187,135,2802,-2667
106000188,0,8,-8
106000189,46,62,-16
106000190,26,4,22
106000191,972,172,800
106000192,1,11,-10
106000193,607,381,226
106000194,273,717,-444
106000195,395,505,-110
106000196,149,1109,-960
106000197,1626,682,944
106000198,447,337,110
106000199,1253,2465,-1212
106000200,817,430,387
106000201,648,12780,-12132
106000202,4978,1165,3813
106000203,63,232,-169
106000204,120,10,110
106000205,22,142,-120
106000206,208,18,190
106000207,8,292,-284
106000208,4123,296,3827
106000209,4387,658,3729
106000210,620,816,-196
106000211,207,1486,-1279
106000212,2443,814,1629
106000213,371,1256,-885
106000214,1974,631,1343
106000215,665,595,70
106000216,1225,629,596
106000217,241,527,-286
106000218,479,342,137
106000219,270,278,-8
106000220,957,256,701
106000221,698,133,565
106000222,223,124,99
106000223,996,285,711
106000224,649,142,507
106000225,351,259,92
106000226,130,324,-194
106000228,81,147,-66
106000229,396,754,-358
106000231,2279,133,2146
106000232,157,423,-266
106000233,1102,539,563
106000234,62,771,-709
106000235,558,734,-176
106000236,138,578,-440
106000237,0,45,-45
106000238,10,63,-53
106000239,0,175,-175
106000240,54,6,48
106000241,17,942,-925
106000242,555,76,479
106000249,285,76,209
106000250,204,1512,-1308
106000251,348,11,337
106000252,37,122,-85
106000253,123,78,45
106000254,287,39,248
106000255,133,354,-221
106000256,186,26,160
106000257,175,246,-71
106000258,115,297,-182
106000259,3,321,-318
106000260,84,39,45
106000261,21,125,-104
106000262,185,86,99
106000263,48,213,-165
106000264,355,51,304
106000265,50,215,-165
106000266,275,52,223
106000267,25,184,-159
106000268,513,78,435
106000269,128,33,95
106000270,105,312,-207
106000271,142,182,-40
106000272,238,61,177
106000273,44,285,-241
106000274,267,33,234
106000275,458,229,229
106000276,160,39,121
106000277,198,277,-79
106000278,109,27,82
106000279,50,19,31
106000280,229,52,177
106000281,158,37,121
106000282,150,89,61
106000283,217,39,178
106000284,388,135,253
106000285,280,132,148
106000286,325,127,198
106000287,151,156,-5
106000288,255,160,95
106000289,197,111,86
106000290,224,120,104
106000291,253,122,131
106000292,293,111,182
106000293,232,100,132
106000294,227,77,150
106000295,128,116,12
106000296,45,68,-23
106000297,63,328,-265
106000298,68,172,-104
106000299,61,126,-65
106000300,101,142,-41
106000301,46,274,-228
106000303,97,110,-13
106000304,122,35,87
106000305,116,66,50
106000306,55,83,-28
106000307,355,30,325
106000308,96,109,-13
106000309,64,85,-21
106000310,643,363,280
106000311,892,251,641
106000312,247,265,-18
106000313,724,162,562
106000318,92,548,-456
106000319,4352,696,3656
106000320,6,153,-147
106000321,244,462,-218
106000322,617,53,564
106000324,164,99,65
106000325,4019,1495,2524
106000326,1412,1566,-154
106000327,527,132,395
106000328,27,271,-244
106000329,111,662,-551
106000330,56,231,-175
106000428,117,360,-243
106000429,172,334,-162
106000430,368,1682,-1314
106000431,3721,538,3183
106000432,1106,3051,-1945
106000433,3421,1527,1894
106000434,6804,1597,5207
106000435,1629,2722,-1093
106000436,11,247,-236
106000437,1057,131,926
106000438,373,836,-463
106000439,109,1709,-1600
106000440,239,497,-258
106000441,0,0,0
106000442,1029,9,1020
106000443,690,228,462
106000450,4,120,-116
106000451,22,311,-289
106000454,4,202,-198
106000455,2,140,-138
106000456,260,31,229
106000457,75,588,-513
106000458,2256,120,2136
106000459,958,66,892
106000460,3718,36,3682
106000461,678,316,362
106000462,1,95,-94
106000463,3,8,-5
106000464,8,247,-239
106000465,1967,8,1959
106000466,4,329,-325
106000467,201,309,-108
106000468,366,248,118
106000469,169,2,167
106000470,232,4281,-4049
106000471,29,352,-323
106000472,412,22,390
106000473,98,3,95
106000474,470,555,-85
106000475,741,294,447
106000476,159,332,-173
106000477,7,15,-8
106900001,0,21,-21
106900002,21,155,-134
106900003,76,1705,-1629
106900004,0,12,-12
106900006,0,19,-19
106900007,0,37,-37
106900008,1567,100,1467
106900009,1298,235,1063
106900010,702,460,242
106900012,2195,7358,-5163
106900013,1538,309,1229
106900014,212,5,207
106900015,40,13,27
106900016,916,32,884
106900017,47,4,43
106900018,37,0,37
106900019,358,1,357
106900020,2482,5757,-3275
106900021,257,49,208
106900022,3106,13,3093
106900023,181,132,49
106900024,1478,103,1375
106900025,26,858,-832
106900026,0,144,-144
106900027,2084,4,2080
107000001,4328,6922,-2594
107000002,1982,2293,-311
107000003,16979,13025,3954
107000004,5367,2196,3171
107000005,17341,10672,6669
107000006,4817,2184,2633
107000007,11661,13762,-2101
107000008,5356,3452,1904
107000009,18480,12099,6381
107000010,7660,4468,3192
107000011,880,1452,-572
107000012,3326,3433,-107
107000013,174,47,127
107000014,181,109,72
107000015,621,465,156
107000016,1710,388,1322
107000017,1039,2319,-1280
107000018,3,2473,-2470
107000020,980,2446,-1466
107000021,1669,601,1068
107000022,1582,2397,-815
107000023,3257,345,2912
107000024,722,2137,-1415
107000025,662,312,350
107000026,437,426,11
107000027,3592,995,2597
107000028,1682,752,930
107000029,7799,4435,3364
107000030,2379,1900,479
107000031,10739,4947,5792
107000032,350,1031,-681
107000033,3781,7022,-3241
107000034,6381,1870,4511
107000035,957,501,456
107000036,659,2970,-2311
107000037,150,1186,-1036
107000038,436,343,93
107000039,1953,1893,60
107000040,618,315,303
107000041,1580,1279,301
107000042,987,3774,-2787
107000043,2611,1240,1371
107000044,370,493,-123
107000045,115,624,-509
107000046,1388,586,802
107000047,791,1341,-550
107000048,962,600,362
107000049,603,1153,-550
107000050,1224,817,407
107000051,389,426,-37
107000052,1703,2695,-992
107000053,695,795,-100
107000054,46,228,-182
107000055,227,257,-30
107000056,574,490,84
107000057,1417,136,1281
107000058,3192,5056,-1864
107000059,3200,3393,-193
107000060,10222,9171,1051
107000061,6494,3407,3087
107000062,13066,6299,6767
107000063,5911,3988,1923
107000064,10355,8065,2290
107000065,3745,6448,-2703
107000066,2884,5880,-2996
107000067,2666,2257,409
107000068,1097,1706,-609
107000069,2100,1527,573
107000070,2096,25,2071
107000071,7999,89,7910
107000072,10,1325,-1315
107000073,2159,1314,845
107000074,75,761,-686
107000075,4064,528,3536
107000076,316,908,-592
107000077,5516,1057,4459
107000078,775,1676,-901
107000079,5627,1744,3883
107000080,555,1748,-1193
107000081,5971,1124,4847
107000082,1044,1001,43
107000083,3221,1630,1591
107000084,395,1011,-616
107000085,5112,4489,623
107000086,4281,2694,1587
107000087,6716,5021,1695
107000088,4626,5512,-886
107000089,3845,5184,-1339
107000090,2383,1253,1130
107000091,3448,2305,1143
107000092,1628,1148,480
107000093,2792,2432,360
107000094,1617,1353,264
107000095,2889,1281,1608
107000096,1027,614,413
107000097,1110,655,455
107000098,325,559,-234
107000099,944,992,-48
107000100,581,442,139
107000101,267,531,-264
107000102,419,464,-45
107000103,728,476,252
107000104,198,485,-287
107000105,1215,355,860
107000106,277,293,-16
107000107,1481,297,1184
107000108,337,639,-302
107000109,2483,337,2146
107000110,137,340,-203
107000111,1311,120,1191
107000112,53,180,-127
107000113,2177,200,1977
107000114,82,471,-389
107000115,1800,1450,350
107000116,86,863,-777
107000117,331,5072,-4741
107000118,159,218,-59
107000119,2428,2349,79
107000120,1003,1282,-279
107000121,1516,1070,446
107000122,1545,788,757
107000123,1165,748,417
107000124,1321,495,826
107000125,1566,589,977
107000126,1767,274,1493
107000127,52,597,-545
107000129,235,166,69
107000130,622,594,28
107000131,449,436,13
107000132,1331,560,771
107000133,394,232,162
107000134,415,0,415
107000135,0,600,-600
107000136,821,4,817
107000137,21,701,-680
107000138,233,27,206
107000139,17,950,-933
107000140,3268,60,3208
107000141,88,1441,-1353
107000142,1004,75,929
107000143,98,1313,-1215
107000144,1122,1083,39
107000145,193,775,-582
107000146,258,546,-288
107000147,5803,863,4940
107000150,739,8678,-7939
107000151,20,119,-99
107000152,1309,4603,-3294
107000153,89,315,-226
107000154,7,316,-309
107000155,1866,32,1834
107000156,2573,31,2542
107000157,40,706,-666
107000158,1200,13,1187
107000159,5,478,-473
107000160,4287,310,3977
107000161,180,472,-292
107000162,626,1189,-563
107000163,635,3,632
107000164,2179,5,2174
107000165,3065,9,3056
107000166,95,297,-202
107000167,1681,504,1177
107000168,2188,990,1198
107000169,329,400,-71
107000170,7825,1312,6513
107000171,1046,1246,-200
107000172,2527,3632,-1105
107000173,564,549,15
107000174,2667,12606,-9939
107000175,4895,941,3954
107000176,0,0,0
107000177,5,0,5
107000178,110,8,102
107000179,683,1362,-679
107000180,4299,280,4019
107000181,858,750,108
107000182,4631,793,3838
107000183,547,887,-340
107000184,3049,1026,2023
107000185,581,1637,-1056
107000186,2315,643,1672
107000187,2502,2047,455
107000188,1244,543,701
107000189,1647,1240,407
107000190,1386,859,527
107000191,1575,1408,167
107000192,3181,863,2318
107000193,817,1270,-453
107000194,856,807,49
107000197,1674,544,1130
107000198,485,733,-248
107000199,1642,1133,509
107000200,2508,1414,1094
107000201,602,692,-90
107000202,722,718,4
107000203,745,1870,-1125
107000204,692,2588,-1896
107000205,1236,927,309
107000206,599,1686,-1087
107000207,761,1509,-748
107000208,986,907,79
107000209,858,1369,-511
107000210,128,210,-82
107000211,3,114,-111
107000212,25,145,-120
107000213,21,38,-17
107000214,39,130,-91
107000215,1195,353,842
107000216,917,401,516
107000217,477,669,-192
107000219,138,426,-288
107000220,234,295,-61
107000222,604,337,267
107000224,1077,159,918
107000225,371,331,40
107000226,1178,190,988
107000227,221,157,64
107000228,295,1150,-855
107000229,89,310,-221
107000230,2482,950,1532
107000231,594,1572,-978
107000232,141,22,119
107000233,190,852,-662
107000234,3,169,-166
107000235,168,58,110
107000236,19,1011,-992
107000237,137,0,137
107000238,72,5,67
107000239,2481,1145,1336
107000240,391,345,46
107000241,79,9,70
107000242,246,22,224
107000243,1,121,-120
107000244,8,111,-103
107000246,1,556,-555
107000249,2,555,-553
107000251,0,257,-257
107000252,5,679,-674
107000255,399,394,5
107000257,0,948,-948
107000258,5,328,-323
107000259,19,301,-282
107000260,4003,26,3977
107000262,27,213,-186
107000263,963,21,942
107000266,30,43,-13
107000267,28,210,-182
107000268,393,68,325
107000269,144,18,126
107000270,456,134,322
107000271,30,0,30
107000272,295,0,295
107000273,0,228,-228
107000274,1002,181,821
107000275,19,1210,-1191
107000280,2533,30,2503
107000281,48,424,-376
107000282,29,531,-502
107000290,26,50,-24
107000291,66,18,48
107000292,1,337,-336
107000293,5,12,-7
107000294,0,87,-87
107000295,68,9,59
107000296,0,18,-18
107000444,474,2,472
107000496,32,1,31
107000497,988,1598,-610
107000500,989,706,283
107000501,180,308,-128
107000502,558,1167,-609
107000505,437,1059,-622
107000506,0,39,-39
107000508,30,267,-237
107000509,210,1070,-860
107000510,79,108,-29
107000514,106,719,-613
107000515,16,44,-28
107000516,1183,819,364
107000518,3634,5551,-1917
107000519,1467,560,907
107000520,235,143,92
107900001,238,32,206
107900002,177,11,166
107900003,2105,11,2094
107900004,671,1,670
107900005,5428,33,5395
107900006,454,13,441
107900007,643,70,573
107900008,44,11,33
107900009,162,29,133
107900010,122,9,113
107900012,733,160,573
107900013,287,24,263
107900014,341,19,322
107900015,3829,44,3785
107900016,704,108,596
107900017,116,0,116
107900018,86,592,-506
107900019,30,7,23
107900020,61,40,21
107900021,302,45,257
107900023,14,4,10
107900024,1,7,-6
107900025,459,165,294
107900026,114,13,101
107900027,8,117,-109
107900028,722,26,696
107900030,541,63,478
107900031,204,117,87
107900032,65,14,51
107900033,55,25,30
107900034,488,47,441
107900035,3756,254,3502
107900036,96,61,35
107900037,0,6,-6
107900038,83,708,-625
107900039,41,13,28
107900040,5,363,-358
107900041,4,6,-2
107900043,202,74,128
107900044,25,21,4
107900045,165,81,84
107900046,421,527,-106
107900047,131,14,117
107900048,615,99,516
107900049,476,2459,-1983
107900050,59,392,-333
107900051,114,30,84
107900052,17,66,-49
107900053,156,91,65
107900055,763,513,250
107900056,150,267,-117
107900057,11,0,11
107900058,31,693,-662
107900060,71,84,-13
107900061,2,26,-24
107900063,116,264,-148
107900064,256,1227,-971
107900065,1294,20,1274
107900066,27,10,17
107900067,1,0,1
107900068,193,1109,-916
107900069,31,6443,-6412
107900070,207,309,-102
107900071,30,425,-395
107900072,451,56,395
107900073,167,277,-110
107900074,139,642,-503
107900076,325,128,197
107900077,181,4,177
107900078,214,139,75
107900079,74,46,28
107900080,106,1208,-1102
107900081,95,87,8
107900082,3,10,-7
107900083,570,336,234
107900084,366,345,21
107900086,16,470,-454
107900087,486,80,406
107900088,197,31,166
107900089,340,1303,-963
107900090,576,4419,-3843
107900091,181,171,10
107900092,1783,226,1557
107900093,88,100,-12
107900095,1493,1664,-171
107900097,131,132,-1
107900098,226,644,-418
107900100,577,3065,-2488
107900101,475,112,363
107900102,167,16,151
107900103,183,219,-36
107900104,365,4,361
107900105,1,148,-147
107900106,4,475,-471
107900107,1409,499,910
107900108,378,55,323
107900109,3744,58,3686
107900110,238,43,195
107900111,2,256,-254
107900112,74,965,-891
107900113,327,88,239
107900114,536,89,447
107900115,1,5,-4
107900116,632,89,543
107900117,454,284,170
107900118,41,269,-228
107900119,187,468,-281
107900120,122,43,79
107900121,2,245,-243
107900122,1,249,-248
107900123,53,172,-119
107900124,15,111,-96
107900125,4,368,-364
107900126,140,197,-57
107900127,694,409,285
107900128,90,173,-83
107900129,333,16,317
107900130,228,23,205
107900131,102,368,-266
107900132,58,323,-265
107900133,2,28,-26
107900134,59,131,-72
107900135,6,22,-16
107900136,16,21,-5
107900137,190,243,-53
107900138,297,43,254
107900139,143,33,110
107900140,122,140,-18
107900141,54,38,16
107900142,43,581,-538
107900143,39,3,36
107900144,3,53,-50
107900145,4,58,-54
107900146,94,223,-129
107900147,69,51,18
107900148,231,512,-281
107900149,814,84,730
107900150,45,417,-372
107900151,50,38,12
107900152,13,147,-134
107900153,84,467,-383
107900154,62,115,-53
107900155,183,111,72
107900156,11,51,-40
107900157,42,118,-76
107900158,2814,123,2691
107900159,64,499,-435
107900160,205,51,154
107900161,303,42,261
107900162,2,86,-84
107900163,52,100,-48
107900164,88,115,-27
107900165,19,547,-528
107900166,120,51,69
107900167,47,61,-14
107900168,293,37,256
107900169,0,1106,-1106
107900171,102,627,-525
107900172,4,242,-238
107900173,113,37,76
107900174,314,4,310
107900175,41,93,-52
107900176,167,9,158
107900177,4,167,-163
107900178,0,56,-56
107900179,79,159,-80
107900180,401,2118,-1717
107900181,440,576,-136
107900182,9,388,-379
107900183,149,66,83
107900184,333,552,-219
107900185,307,12,295
107900186,51,40,11
107900187,1,77,-76
107900188,601,109,492
107900189,29,173,-144
107900190,38,177,-139
107900191,76,248,-172
107900193,9,167,-158
107900194,371,31,340
107900195,1690,232,1458
107900196,128,37,91
107900197,285,526,-241
107900199,2,507,-505
107900201,194,156,38
107900203,115,76,39
107900204,248,428,-180
107900205,336,353,-17
107900206,260,989,-729
107900207,2,318,-316
107900208,1,256,-255
107900209,356,159,197
107900210,25,82,-57
107900213,714,669,45
107900214,19,246,-227
107900215,283,838,-555
107900216,6,29,-23
107900217,88,44,44
107900218,23,875,-852
107900219,65,31,34
107900220,36,229,-193
107900221,209,280,-71
107900223,372,152,220
107900224,214,677,-463
107900225,3,368,-365
107900226,41,74,-33
107900227,101,472,-371
107900228,101,214,-113
107900229,0,126,-126
107900230,60,29,31
107900231,57,56,1
107900232,547,82,465
107900233,34,61,-27
107900234,511,147,364
107900235,62,209,-147
107900236,865,103,762
107900237,12,484,-472
107900238,124,32,92
107900239,384,1036,-652
107900240,91,77,14
107900241,9,35,-26
107900242,111,141,-30
107900243,1,23,-22
107900244,560,9,551
107900245,1785,71,1714
107900246,415,52,363
107900248,545,166,379
107900249,2448,329,2119
107900250,1,408,-407
107900251,18,892,-874
107900252,1496,80,1416
107900253,518,66,452
107900254,65,434,-369
107900255,195,55,140
107900256,567,1462,-895
107900257,647,331,316
107900258,268,45,223
107900259,58,7654,-7596
107900261,2,236,-234
107900262,146,122,24
107900264,1207,53,1154
107900265,204,307,-103
107900267,932,12,920
107900268,22,0,22
107900269,0,7,-7
107900270,1,0,1
107900271,1,114,-113
107900272,16,29,-13
107900273,145,46,99
107900274,201,0,201
107900275,88,0,88
107900276,2,20,-18
107900277,2,32,-30
107900278,1075,173,902
107900279,20,82,-62
107900280,3631,1622,2009
107900281,1436,14143,-12707
107900282,26,1778,-1752
107900283,1267,2274,-1007
107900284,1613,722,891
107900285,323,37,286
107900286,52,47,5
107900287,815,183,632
107900290,0,1091,-1091
107900291,974,45,929
107900292,389,110,279
107900293,186,331,-145
107900295,177,51,126
107900297,6,561,-555
107900298,1048,783,265
107900299,3968,4469,-501
107900300,152,709,-557
107900301,1651,1338,313
107900302,249,37,212
107900303,803,282,521
107900304,1239,83,1156
107900305,545,29,516
107900306,1,66,-65
107900307,15,284,-269
107900308,268,284,-16
107900309,66,0,66
107900310,58,0,58
107900311,10,396,-386
107900312,92,6,86
107900313,0,200,-200
107900314,0,196,-196
107900315,1,78,-77
107900316,20,5,15
107900317,121,0,121
107900318,2,262,-260
107900319,31,64,-33
107900320,0,74,-74
107900321,508,34,474
107900322,2,47,-45
107900323,2,66,-64
107900324,228,9,219
107900325,472,15,457
107900326,1424,71,1353
107900327,6,293,-287
107900328,55,0,55
107900329,51,515,-464
107900330,13,112,-99
107900331,1160,72,1088
107900332,777,8,769
107900333,175,55,120
107900334,18,52,-34
107900335,41,46,-5
107900336,63,128,-65
107900337,603,1614,-1011
107900338,3,198,-195
107900339,4,28,-24
107900340,1,109,-108
107900341,116,0,116
107900342,71,42,29
107900343,35,0,35
107900344,1,113,-112
107900345,93,29,64
107900346,49,1,48
107900347,20,3,17
107900348,6,3,3
107900349,83,6,77
107900350,43,274,-231
108000001,7877,5830,2047
108000002,1956,1457,499
108000003,4750,5515,-765
108000004,12143,12326,-183
108000005,11277,9061,2216
108000006,4419,4757,-338
108000007,10152,8998,1154
108000008,4523,5230,-707
108000009,10740,9008,1732
108000010,3316,5947,-2631
108000011,19961,16100,3861
108000012,11396,10733,663
108000014,757,2087,-1330
108000015,1551,292,1259
108000016,563,443,120
108000017,2368,435,1933
108000018,3321,1257,2064
108000019,1295,1070,225
108000020,1904,593,1311
108000021,366,1763,-1397
108000022,653,1169,-516
108000023,3785,505,3280
108000024,692,335,357
108000025,885,282,603
108000026,1266,493,773
108000027,1712,284,1428
108000028,1211,466,745
108000029,1090,454,636
108000030,904,427,477
108000031,188,1000,-812
108000032,4836,1134,3702
108000033,757,814,-57
108000034,3646,830,2816
108000035,757,1759,-1002
108000036,570,1028,-458
108000037,5267,546,4721
108000038,6778,672,6106
108000039,749,1546,-797
108000040,4262,1747,2515
108000041,533,2269,-1736
108000042,968,131,837
108000043,409,244,165
108000044,1515,113,1402
108000045,510,252,258
108000046,3685,615,3070
108000047,445,633,-188
108000048,97,230,-133
108000049,1614,226,1388
108000050,138,253,-115
108000051,695,460,235
108000052,257,348,-91
108000053,819,436,383
108000054,377,1527,-1150
108000055,1960,1045,915
108000056,625,1565,-940
108000057,1329,2167,-838
108000058,2852,8353,-5501
108000059,2624,1641,983
108000060,449,954,-505
108000061,94,270,-176
108000062,2279,946,1333
108000063,803,710,93
108000064,599,363,236
108000065,1025,556,469
108000066,3387,2250,1137
108000067,5116,1490,3626
108000068,1857,981,876
108000069,237,813,-576
108000070,4372,1518,2854
108000071,744,1494,-750
108000072,2689,1513,1176
108000073,1200,1222,-22
108000074,1255,1092,163
108000075,466,431,35
108000076,1862,859,1003
108000077,746,610,136
108000078,4610,1195,3415
108000079,671,860,-189
108000080,4037,759,3278
108000081,1273,874,399
108000082,648,1643,-995
108000083,3568,1282,2286
108000084,686,1238,-552
108000085,2746,1218,1528
108000086,497,555,-58
108000087,195,4349,-4154
108000088,713,38,675
108000089,593,741,-148
108000090,1419,331,1088
108000091,173,570,-397
108000092,755,319,436
108000093,605,604,1
108000094,2173,291,1882
108000095,309,579,-270
108000096,1131,381,750
108000097,250,549,-299
108000098,4999,1733,3266
108000099,498,110,388
108000100,153,414,-261
108000101,2485,2308,177
108000102,2293,4673,-2380
108000106,1384,11,1373
108000107,3,1181,-1178
108000108,1374,155,1219
108000109,7,520,-513
108000110,1291,544,747
108000111,557,1227,-670
108000112,50,327,-277
108000113,452,249,203
108000115,429,505,-76
108000117,654,621,33
108000118,50,765,-715
108000119,918,325,593
108000120,468,1568,-1100
108000121,507,549,-42
108000122,1911,644,1267
108000123,1414,287,1127
108000124,672,812,-140
108000125,1342,248,1094
108000126,421,409,12
108000127,1709,388,1321
108000128,1764,229,1535
108000129,587,380,207
108000130,1011,583,428
108000131,992,267,725
108000132,465,869,-404
108000133,2068,494,1574
108000134,664,380,284
108000135,2364,1333,1031
108000136,615,504,111
108000137,973,240,733
108000138,749,595,154
108000139,1213,265,948
108000140,953,26,927
108000141,186,20,166
108000142,96,49,47
108000143,88,11,77
108000144,204,8,196
108000145,176,27,149
108000146,260,11,249
108000147,68,13,55
108000148,226,37,189
108000149,72,10,62
108000150,126,41,85
108000151,6,23,-17
108000152,211,269,-58
108000153,2010,277,1733
108000154,99,6,93
108000155,74,63,11
108000156,464,271,193
108000157,493,3879,-3386
108000158,172,1795,-1623
108000159,235,378,-143
108000160,2127,2668,-541
108000161,2405,9681,-7276
108000165,1,846,-845
108000172,4,608,-604
108000173,793,3917,-3124
108000175,877,184,693
108000178,443,350,93
108000179,201,1525,-1324
108000181,123,34,89
108000182,103,7,96
108000183,16,7,9
108000184,897,5753,-4856
108000185,848,332,516
108000186,544,104,440
108000187,312,381,-69
108000188,2242,160,2082
108000189,500,3013,-2513
108000190,40,107,-67
108000192,588,126,462
108000193,585,23,562
108000194,42,24,18
108000195,4,1025,-1021
108000196,477,460,17
108000197,267,118,149
108000198,1000,121,879
108000199,2,481,-479
108000200,1488,270,1218
108000202,0,454,-454
108000203,403,463,-60
108000204,308,111,197
108000205,187,231,-44
108000339,1242,710,532
108000364,139,364,-225
108000365,101,306,-205
108000367,273,314,-41
108000368,31,82,-51
108000369,392,112,280
108000371,0,495,-495
108000372,1512,12,1500
108000373,366,98,268
108000376,223,28,195
108000377,1643,130,1513
108000378,13636,22016,-8380
108000379,70,402,-332
108000381,396,13,383
108000382,103,4,99
108000383,3,287,-284
108900001,14,337,-323
108900002,490,69,421
108900003,178,560,-382
108900004,2,919,-917
108900005,127,536,-409
108900006,1770,315,1455
108900007,675,212,463
108900008,312,135,177
108900009,329,350,-21
108900010,749,247,502
108900011,1751,280,1471
108900012,891,358,533
108900013,319,719,-400
108900014,41,214,-173
108900015,0,235,-235
108900016,1,196,-195
108900017,202,913,-711
108900018,332,558,-226
108900019,81,420,-339
108900020,60,148,-88
108900021,236,161,75
108900022,191,17,174
108900023,1,152,-151
108900024,92,26,66
108900025,691,74,617
108900026,52,22,30
108900027,1,22,-21
108900028,243,84,159
108900029,160,256,-96
108900030,1,15,-14
108900031,718,132,586
108900032,24,125,-101
108900033,0,95,-95
108900034,0,20,-20
108900035,749,431,318
108900036,362,376,-14
108900037,52,218,-166
108900038,0,84,-84
108900039,1,46,-45
108900040,11,37,-26
108900041,6731,4637,2094
108900042,4,493,-489
108900043,55,1200,-1145
108900044,0,129,-129
108900045,171,105,66
108900046,19,170,-151
108900047,0,102,-102
108900048,172,313,-141
108900049,1530,5983,-4453
108900050,5,60,-55
108900051,0,40,-40
108900052,72,39,33
108900053,288,1261,-973
108900054,79,120,-41
108900055,40,300,-260
108900056,0,15,-15
108900057,0,77,-77
108900058,130,74,56
108900059,2757,111,2646
108900060,169,243,-74
108900061,114,21,93
108900062,0,204,-204
108900063,24,200,-176
108900064,1009,24,985
108900065,21,118,-97
108900066,872,233,639
108900067,9,190,-181
108900068,1,75,-74
108900069,344,16,328
108900070,69,49,20
108900071,420,92,328
108900072,1832,233,1599
108900073,23,53,-30
108900074,1211,85,1126
108900075,14,29,-15
108900076,1059,44,1015
108900077,58,177,-119
108900078,131,57,74
108900079,283,311,-28
108900080,21,2159,-2138
108900081,55,371,-316
108900082,198,49,149
108900083,25,587,-562
108900084,245,158,87
108900085,2096,286,1810
108900086,520,108,412
108900087,110,331,-221
108900088,1046,680,366
108900089,23,167,-144
108900090,278,74,204
108900091,140,133,7
108900092,762,558,204
108900093,180,154,26
108900094,634,409,225
108900095,102,293,-191
108900096,457,22,435
108900097,495,181,314
108900098,1672,3614,-1942
108900099,912,205,707
108900100,97,80,17
108900101,559,1032,-473
108900102,16,2803,-2787
108900103,249,336,-87
108900104,120,381,-261
108900105,10,4086,-4076
108900106,938,181,757
108900108,518,37,481
108900109,155,133,22
108900110,393,256,137
108900111,985,241,744
108900112,723,38,685
108900113,44,107,-63
108900114,1,17,-16
108900115,325,272,53
108900116,180,22,158
108900117,619,39,580
108900118,1812,52,1760
108900119,1088,51,1037
108900120,355,449,-94
108900121,428,184,244
108900122,549,55,494
108900123,626,163,463
108900124,1956,249,1707
108900125,1960,14,1946
108900126,440,143,297
108900127,571,71,500
108900128,536,105,431
108900129,2722,271,2451
108900130,2079,8,2071
108900131,1066,13,1053
108900132,1233,107,1126
108900133,897,87,810
108900134,1704,285,1419
108900135,944,47,897
108900136,43,6,37
108900137,645,11,634
108900138,2566,163,2403
108900139,1563,109,1454
108900140,1697,81,1616
108900141,1510,50,1460
108900142,161,25,136
108900143,225,11,214
108900144,431,7,424
108900145,955,88,867
108900146,345,7,338
108900147,778,6,772
108900148,195,29,166
108900149,906,555,351
108900150,513,8,505
108900151,74,17,57
108900152,254,158,96
108900153,562,109,453
108900154,10655,557,10098
108900155,520,139,381
108900156,370,22,348
108900157,30,387,-357
108900158,1490,71,1419
108900159,36,75,-39
108900160,11,101,-90
108900161,3,217,-214
108900162,569,11,558
108900163,6,501,-495
108900164,196,84,112
108900165,123,99,24
108900167,1397,23048,-21651
108900168,5290,3100,2190
108900169,124,153,-29
108900171,4797,6372,-1575
108900172,319,155,164
108900173,139,485,-346
108900174,2135,676,1459
108900176,177,409,-232
108900177,4334,17565,-13231
108900178,3434,10527,-7093
108900179,400,3623,-3223
108900180,119,393,-274
108900182,134,783,-649
108900183,323,661,-338
108900184,709,380,329
108900185,172,995,-823
108900186,162,594,-432
108900187,1541,51,1490
108900188,1920,92,1828
108900189,623,293,330
108900190,141,3168,-3027
108900191,225,319,-94
108900192,199,284,-85
108900193,73,62,11
108900194,11,321,-310
108900195,196,164,32
108900196,179,328,-149
108900198,6,278,-272
108900199,225,484,-259
108900200,1170,874,296
108900201,412,1159,-747
108900203,770,161,609
108900204,753,24,729
108900205,559,54,505
108900206,1230,201,1029
108900207,578,642,-64
108900208,26,510,-484
108900209,80,793,-713
108900210,132,198,-66
108900211,331,962,-631
108900212,118,3349,-3231
108900215,67,380,-313
108900216,273,769,-496
108900217,131,1,130
108900218,71,33,38
108900219,94,7,87
108900220,92,23,69
108900221,31,55,-24
108900222,630,9,621
108900223,2,119,-117
108900224,84,126,-42
108900225,0,231,-231
108900226,987,69,918
108900227,384,733,-349
108900230,67,244,-177
108900231,13,102,-89
108900232,1,146,-145
108900233,956,259,697
108900234,470,230,240
108900235,257,483,-226
108900236,65,524,-459
108900237,48,46,2
108900240,345,115,230
108900241,205,67,138
108900245,3,5321,-5318
108900249,219,22,197
108900250,930,141,789
108900257,564,293,271
108900258,6,108,-102
108900259,34,36,-2
108900260,19,29,-10
108900261,60,50,10
108900262,91,229,-138
108900263,84,367,-283
108900264,172,373,-201
108900265,1098,977,121
108900266,195,3632,-3437
108900267,0,795,-795
108900268,20,64,-44
108900269,382,48,334
108900270,499,43,456
108900271,145,155,-10
108900272,1067,84,983
108900273,440,1550,-1110
108900274,68,21,47
109000001,5536,4865,671
109000002,800,3921,-3121
109000003,5904,775,5129
109000004,820,2570,-1750
109000005,3671,843,2828
109000006,1354,2207,-853
109000007,4372,1253,3119
109000008,1003,1746,-743
109000009,6058,2139,3919
109000010,908,3504,-2596
109000011,8488,3453,5035
109000012,2310,3711,-1401
109000013,9517,8670,847
109000014,2626,2714,-88
109000015,5921,22600,-16679
109000016,5964,2607,3357
109000017,6228,2112,4116
109000018,2021,2533,-512
109000019,4747,1944,2803
109000020,1709,3108,-1399
109000023,618,20,598
109000024,4,374,-370
109000025,265,1197,-932
109000026,1022,363,659
109000027,206,509,-303
109000028,220,116,104
109000029,131,786,-655
109000030,47,455,-408
109000031,584,237,347
109000032,186,734,-548
109000033,706,377,329
109000034,90,102,-12
109000035,10,75,-65
109000036,93,463,-370
109000037,810,5760,-4950
109000038,368,385,-17
109000039,1887,1436,451
109000040,5573,29621,-24048
109000041,1839,4782,-2943
109000042,850,3342,-2492
109000044,820,162,658
109000045,124,485,-361
109000046,1061,216,845
109000047,147,509,-362
109000048,668,751,-83
109000049,319,1094,-775
109000050,553,681,-128
109000051,300,207,93
109000052,1199,592,607
109000053,945,121,824
109000054,271,468,-197
109000055,516,363,153
109000056,691,626,65
109000057,1737,669,1068
109000058,455,190,265
109000059,254,1692,-1438
109000060,222,704,-482
109000061,596,3958,-3362
109000062,302,602,-300
109000063,390,213,177
109000064,999,225,774
109000065,487,323,164
109000066,1135,79,1056
109000067,143,316,-173
109000068,900,30,870
109000069,1202,41,1161
109000070,155,1225,-1070
109000071,595,145,450
109000072,167,358,-191
109000073,97,170,-73
109000074,7,244,-237
109000075,100,411,-311
109000076,78,359,-281
109000077,469,243,226
109000078,99,198,-99
109000079,185,99,86
109000080,481,100,381
109000081,231,482,-251
109000082,1778,205,1573
109000083,661,664,-3
109000088,281,269,12
109000089,585,157,428
109000090,166,414,-248
109000091,1010,218,792
109000092,435,418,17
109000093,547,255,292
109000094,1935,6,1929
109000095,409,379,30
109000096,2050,289,1761
109000097,127,91,36
109000098,123,153,-30
109000099,1505,197,1308
109000100,734,413,321
109000101,3726,606,3120
109000102,1199,505,694
109000103,1259,692,567
109000104,5239,475,4764
109000105,985,784,201
109000106,3738,815,2923
109000107,1071,1600,-529
109000108,4220,1052,3168
109000109,932,1394,-462
109000110,2719,839,1880
109000111,1007,2061,-1054
109000112,586,136,450
109000113,415,482,-67
109000114,199,597,-398
109000115,1441,39,1402
109000116,19,484,-465
109000117,514,47,467
109000118,15,353,-338
109000119,3717,142,3575
109000120,1108,703,405
109000121,1309,29,1280
109000122,434,371,63
109000123,31,41,-10
109000124,2003,406,1597
109000125,1830,427,1403
109000126,713,472,241
109000127,3029,182,2847
109000128,1228,757,471
109000129,7113,928,6185
109000130,494,911,-417
109000131,1252,937,315
109000132,521,1510,-989
109000133,325,674,-349
109000134,818,1135,-317
109000135,789,1583,-794
109000136,564,338,226
109000137,678,590,88
109000138,857,210,647
109000139,1356,708,648
109000140,438,197,241
109000141,1346,653,693
109000142,284,759,-475
109000143,216,157,59
109000145,145,244,-99
109000146,55,128,-73
109000148,2832,2997,-165
109000149,33,105,-72
109000150,105,467,-362
109000155,1755,1103,652
109000156,1421,339,1082
109000158,84,317,-233
109000159,163,671,-508
109000160,3043,273,2770
109000161,1276,1521,-245
109000162,4221,686,3535
109000163,2884,1678,1206
109000164,2890,2134,756
109000165,3409,761,2648
109000166,2718,168,2550
109000167,268,548,-280
109000170,41,67,-26
109000171,278,35,243
109000172,33,64,-31
109000173,35,317,-282
109000174,411,29,382
109000175,92,130,-38
109000176,1040,273,767
109000177,52,172,-120
109000178,1251,73,1178
109000179,4304,11868,-7564
109000180,5343,4133,1210
109000181,24,24,0
109000182,113,14,99
109000183,155,46,109
109000184,55,13,42
109000185,80,43,37
109000188,359,1360,-1001
109000189,5816,1254,4562
109000190,1229,575,654
109000191,583,555,28
109000192,1287,201,1086
109000193,630,81,549
109000194,558,73,485
109000195,437,125,312
109000196,539,65,474
109000197,432,188,244
109000198,581,80,501
109000199,302,484,-182
109000206,419,60,359
109000207,467,32,435
109000208,268,357,-89
109000209,202,84,118
109000210,298,527,-229
109000211,736,365,371
109000214,760,126,634
109000215,186,77,109
109000216,721,718,3
109000217,204,331,-127
109000218,443,576,-133
109000221,196,755,-559
109000222,1048,221,827
109000223,1225,744,481
109000224,112,66,46
109000225,396,30,366
109000226,85,191,-106
109000227,3709,573,3136
109000228,1,791,-790
109000231,2,155,-153
109000232,1696,87,1609
109000236,624,594,30
109000241,2535,1302,1233
109000242,1957,785,1172
109000293,104,173,-69
109000361,65,249,-184
109000364,192,657,-465
109000396,6,281,-275
109000397,1571,67,1504
109000399,204,448,-244
109000400,202,193,9
109000403,38,1806,-1768
109000406,947,9,938
109000407,344,220,124
109000408,1,346,-345
109000410,1195,330,865
109000411,392,4,388
109900001,240,0,240
109900002,1919,8,1911
109900003,933,1,932
109900004,429,194,235
109900005,31,1,30
109900006,1112,107,1005
109900007,2893,127,2766
109900008,0,22,-22
109900009,243,266,-23
109900010,1442,43,1399
109900011,57,63,-6
109900012,641,491,150
109900013,614,224,390
109900014,667,135,532
109900015,155,60,95
109900016,200,9,191
109900017,413,371,42
109900018,372,30,342
109900019,384,75,309
109900020,126,59,67
109900021,130,20,110
109900022,77,341,-264
109900023,22,7,15
109900024,33,2,31
109900025,6,92,-86
109900026,3,105,-102
109900027,61,55,6
109900028,661,3793,-3132
109900029,10,112,-102
109900030,51,26,25
109900031,4,1082,-1078
109900032,8,172,-164
109900033,2,740,-738
109900034,28,2,26
109900035,159,141,18
109900036,56,74,-18
109900037,22,321,-299
109900038,162,458,-296
109900039,3,0,3
109900040,28,309,-281
109900041,95,336,-241
109900042,29,904,-875
109900044,133,484,-351
109900045,161,5,156
109900046,88,95,-7
109900047,199,357,-158
109900048,2,109,-107
109900049,12,46,-34
109900050,5,37,-32
109900051,0,4,-4
109900052,115,246,-131
109900053,1,68,-67
109900054,2069,223,1846
109900055,213,222,-9
109900056,35,597,-562
109900057,3,77,-74
109900058,3,65,-62
109900059,2834,132,2702
109900060,2181,105,2076
109900061,137,241,-104
109900062,0,143,-143
109900063,19,646,-627
109900064,1389,167,1222
109900065,95,107,-12
109900066,307,671,-364
109900067,2,156,-154
109900068,130,11,119
109900069,19,40,-21
109900070,87,140,-53
109900071,21,26,-5
109900072,29,112,-83
109900073,1240,143,1097
109900074,21,8,13
109900075,59,74,-15
109900076,61,54,7
109900077,54,64,-10
109900078,169,209,-40
109900080,286,92,194
109900081,9,418,-409
109900082,234,173,61
109900083,27,39,-12
109900084,18,284,-266
109900085,108,315,-207
109900086,232,1694,-1462
109900087,91,595,-504
109900089,1658,242,1416
109900090,286,930,-644
109900091,1038,160,878
109900092,412,78,334
109900093,2483,219,2264
109900094,189,154,35
109900095,93,193,-100
109900096,302,12,290
109900097,272,1,271
109900098,934,49,885
109900099,759,6,753
109900100,115,2,113
109900101,2178,20,2158
109900102,964,39,925
109900103,44,101,-57
109900104,2283,145,2138
109900105,1157,53,1104
109900106,755,32,723
109900107,1433,65,1368
109900108,266,333,-67
109900109,98,450,-352
109900110,53,194,-141
109900111,82,477,-395
109900112,220,199,21
109900113,1517,729,788
109900114,969,2745,-1776
109900115,249,213,36
109900117,2963,114,2849
109900118,234,325,-91
109900119,174,633,-459
109900120,120,32,88
109900121,375,329,46
109900122,1573,5,1568
109900123,18,46,-28
109900124,85,148,-63
109900125,1,209,-208
109900126,809,34,775
109900128,869,43,826
109900130,3886,7170,-3284
109900131,67,260,-193
109900132,72,91,-19
109900133,141,261,-120
109900134,58,314,-256
109900135,324,27,297
109900136,75,119,-44
109900137,408,471,-63
109900138,1191,292,899
109900140,403,111,292
109900141,1398,311,1087
109900142,3834,276,3558
109900145,3,1005,-1002
109900146,225,75,150
109900148,39,107,-68
109900149,20,58,-38
109900150,30,83,-53
109900151,14,17,-3
109900152,0,24,-24
109900153,10,99,-89
109900154,48,1,47
109900155,87,38,49
109900157,78,144,-66
109900158,55,204,-149
109900159,271,43,228
109900160,235,48,187
109900161,444,95,349
109900162,494,166,328
109900163,541,219,322
109900164,76,301,-225
109900165,577,7,570
109900166,4,144,-140
109900167,227,322,-95
109900168,142,605,-463
109900169,338,180,158
109900170,348,2791,-2443
109900171,672,92,580
109900172,565,570,-5
109900173,2238,4116,-1878
109900174,83,265,-182
109900175,135,318,-183
109900176,471,200,271
109900177,79,110,-31
109900178,0,340,-340
109900179,0,75,-75
109900180,19,27,-8
110000001,974,764,210
110000002,897,1022,-125
110000003,791,1123,-332
110000004,555,1019,-464
110000005,426,3417,-2991
110000006,364,439,-75
110000007,208,174,34
110000008,27,485,-458
110000009,101,82,19
110000010,111,247,-136
110000011,80,53,27
110000012,847,273,574
110000013,91,1301,-1210
110000014,742,511,231
110000015,425,1184,-759
110000016,747,2746,-1999
110000017,4477,625,3852
110000018,3558,463,3095
110000019,23,112,-89
110000020,1532,499,1033
110000021,308,674,-366
110000022,2931,193,2738
110000023,14,170,-156
110000024,761,547,214
110000025,2218,3,2215
110000026,2,270,-268
110000027,868,3145,-2277
110000028,1826,782,1044
110000029,821,606,215
110000030,611,680,-69
110000031,391,367,24
110000032,2228,271,1957
110000033,361,556,-195
110000034,1392,548,844
110000035,955,627,328
110000036,3182,761,2421
110000037,456,625,-169
110000038,533,1212,-679
110000039,1913,12342,-10429
110000040,417,393,24
110000041,409,3636,-3227
110000042,127,897,-770
110000043,1285,602,683
110000044,61,1763,-1702
110000045,425,327,98
110000046,4,206,-202
110000047,26,245,-219
110000048,9,169,-160
110000049,9,47,-38
110000050,13,326,-313
110000051,33,13,20
110000052,64,40,24
110000053,31,14,17
110000054,170,1631,-1461
110000055,273,281,-8
110000056,103,266,-163
110000057,629,544,85
110000058,1595,705,890
110000059,1282,702,580
110000060,2412,1549,863
110000061,714,956,-242
110000062,809,1310,-501
110000063,123,495,-372
110000064,123,68,55
110000065,359,357,2
110000066,152,38,114
110000067,173,246,-73
110000068,636,110,526
110000069,1193,38,1155
110000071,1209,59,1150
110000073,33,8,25
110000075,34,121,-87
110000076,867,1182,-315
110000077,541,2969,-2428
110000078,219,13,206
110000080,285,408,-123
110000081,55,300,-245
110000082,6,444,-438
110000083,436,379,57
110000084,2246,1994,252
110000085,909,1408,-499
110000086,1137,4312,-3175
110000087,51,78,-27
110000088,238,300,-62
110000089,801,63,738
110000090,157,300,-143
110000091,1140,189,951
110000092,30,49,-19
110000093,133,48,85
110000094,929,286,643
110000095,297,1086,-789
110000096,1619,3489,-1870
110000097,1492,2953,-1461
110000098,3333,1050,2283
110000099,1454,1844,-390
110000100,3406,248,3158
110000101,175,160,15
110000102,171,24,147
110000104,693,217,476
110000105,26,252,-226
110000106,876,767,109
110000107,129,432,-303
110000108,217,328,-111
110000109,313,466,-153
110000110,2673,4676,-2003
110000111,4823,4598,225
110000112,173,1561,-1388
110000113,53,4566,-4513
110000114,742,1128,-386
110000115,987,355,632
110000116,194,58,136
110000117,873,324,549
110000118,1370,133,1237
110000119,821,302,519
110000120,722,241,481
110000121,107,535,-428
110000122,478,298,180
110000123,1017,505,512
110000124,3,510,-507
110000125,1549,17,1532
110000126,389,15,374
110000127,2044,123,1921
110000128,32,570,-538
110000129,2,272,-270
110000130,522,511,11
110000131,71,200,-129
110000132,1,523,-522
110000133,65,582,-517
110000134,17,504,-487
110000135,335,78,257
110000136,81,364,-283
110000137,1398,717,681
110000138,1873,799,1074
110000139,2820,561,2259
110000140,1552,1199,353
110000143,767,491,276
110000144,2303,2369,-66
110000145,2246,2096,150
110000146,1754,2100,-346
110000147,495,1600,-1105
110000148,1213,360,853
110000151,721,2776,-2055
110000152,544,1114,-570
110000153,765,15,750
110000154,124,43,81
110000155,999,3010,-2011
110000156,1098,2187,-1089
110000157,1545,3183,-1638
110000160,624,246,378
110000161,414,316,98
110000166,1967,108,1859
110000167,3103,960,2143
110000168,1594,1097,497
110000169,1623,569,1054
110000170,501,107,394
110000171,1429,119,1310
110000172,776,613,163
110000173,745,751,-6
110000174,236,734,-498
110000175,2318,143,2175
110000176,89,1279,-1190
110000177,350,2905,-2555
110000178,699,5186,-4487
110000179,1480,438,1042
110000180,741,450,291
110000181,2430,519,1911
110000182,483,96,387
110000183,8424,15276,-6852
110000184,501,7113,-6612
110000185,772,812,-40
110000186,897,1024,-127
110000191,2432,171,2261
110000192,1185,58,1127
110000193,2547,21,2526
110000194,5,569,-564
110000195,1128,107,1021
110000196,1377,64,1313
110000197,163,52,111
110000198,119,75,44
110000199,80,404,-324
110000200,767,630,137
110000201,1707,2644,-937
110000202,1654,700,954
110000203,517,635,-118
110000204,2,339,-337
110000205,628,50,578
110000206,577,780,-203
110000207,2929,349,2580
110000208,355,520,-165
110000209,64,467,-403
110000210,2835,811,2024
110000211,1659,961,698
110000212,985,2558,-1573
110000213,762,49,713
110000214,1099,90,1009
110000215,287,203,84
110000216,244,118,126
110000217,1439,272,1167
110000218,481,142,339
110000219,957,89,868
110000220,91,85,6
110000221,1463,18,1445
110000222,131,118,13
110000223,21,137,-116
110000224,4,3,1
110000225,297,951,-654
110000226,518,69,449
110000227,1070,1651,-581
110000228,732,175,557
110000229,0,160,-160
110000230,801,783,18
110000231,593,725,-132
110000232,285,152,133
110000233,244,712,-468
110000234,706,1359,-653
110000235,1554,1205,349
110000236,1418,454,964
110000237,4331,2147,2184
110000238,1448,1811,-363
110000239,3304,1394,1910
110000240,0,20,-20
110000242,0,7,-7
110000243,468,43,425
110000244,249,341,-92
110000245,31,390,-359
110000246,1619,490,1129
110000247,1267,3817,-2550
110000248,1447,1139,308
110000249,247,13,234
110000250,24,192,-168
110000251,771,220,551
110000252,886,425,461
110000253,2856,526,2330
110000254,979,673,306
110000255,241,618,-377
110000256,730,303,427
110000257,620,311,309
110000258,7,637,-630
110000259,532,41,491
110000260,154,164,-10
110000263,881,26,855
110000264,1132,416,716
110000265,1930,2320,-390
110000266,1454,2952,-1498
110000267,54,126,-72
110000268,426,286,140
110000269,3,91,-88
110000270,306,0,306
110000271,2574,372,2202
110000272,1764,1579,185
110000273,1818,1373,445
110000274,333,5443,-5110
110000275,2308,1085,1223
110000276,410,1437,-1027
110000277,564,491,73
110000278,728,628,100
110000279,1043,768,275
110000280,1345,844,501
110000281,120,289,-169
110000282,228,29,199
110000283,9,118,-109
110000284,4,26,-22
110000285,15,631,-616
110000286,5,0,5
110000287,220,50,170
110000288,25,164,-139
110000289,767,5035,-4268
110000290,585,1032,-447
110000291,4359,1050,3309
110000292,1270,12572,-11302
110000293,1116,635,481
110000294,2702,2728,-26
110000295,210,892,-682
110000296,1375,578,797
110000297,3864,393,3471
110000298,119,479,-360
110000299,162,81,81
110000301,822,32,790
110000302,695,1160,-465
110000303,1005,23,982
110000304,286,234,52
110000305,3016,30,2986
110000306,500,1064,-564
110000307,3712,13,3699
110000308,1318,7,1311
110000309,1,890,-889
110000310,1572,37,1535
110000311,5,668,-663
110000312,813,104,709
110000313,2849,2011,838
110000314,0,164,-164
110000315,2229,2000,229
110000316,707,1275,-568
110000317,243,1757,-1514
110000318,0,67,-67
110000319,11,34,-23
110000320,32,70,-38
110000321,26,92,-66
110000322,540,416,124
110000323,1211,319,892
110000324,2993,1724,1269
110000325,2064,8163,-6099
110000327,707,502,205
110000328,185,579,-394
110000333,2101,2112,-11
110000334,543,1852,-1309
110000335,1102,737,365
110000336,652,2044,-1392
110000337,3431,1147,2284
110000338,842,671,171
110000339,753,391,362
110000340,23,340,-317
110000341,1057,512,545
110000342,166,4,162
110000343,0,18,-18
110000344,89,906,-817
110000345,174,1005,-831
110000346,1868,2762,-894
110000347,2031,899,1132
110000348,34,37,-3
110000349,18,13,5
110000350,239,3,236
110000351,2804,716,2088
110000352,1113,3034,-1921
110000353,3531,508,3023
110000354,1883,7681,-5798
110000355,306,47,259
110000356,787,15,772
110000357,1350,36,1314
110000361,132,25,107
110000362,324,41,283
110000363,2197,92,2105
110000364,1003,470,533
110000365,267,0,267
110000366,3,229,-226
110000367,1134,243,891
110000368,3,108,-105
110000369,201,6,195
110000373,1,631,-630
110000374,165,55,110
110000375,188,1484,-1296
110000376,42,43,-1
110000377,89,509,-420
110000378,17,767,-750
110000379,2606,4454,-1848
110000380,273,42,231
110000383,2,946,-944
110000384,1380,439,941
110000385,1,312,-311
110000387,430,1,429
110000388,112,187,-75
110000389,1912,10,1902
110000391,2422,294,2128
110000396,535,105,430
110000397,282,69,213
110000398,17,56,-39
110000399,490,3,487
110000587,428,261,167
110000589,419,124,295
110000640,327,28,299
110000652,24,871,-847
110000653,724,409,315
110000654,11,268,-257
110000656,2,215,-213
110000674,77,37,40
110000675,63,48,15
110000676,4,57,-53
110000679,80,1299,-1219
110000682,188,326,-138
110000683,242,397,-155
110000684,0,73,-73
110000685,17,31,-14
110000686,3,196,-193
110000687,21,7,14
110000688,88,2037,-1949
110000689,115,28,87
110000692,22,284,-262
110000693,21,792,-771
110000694,0,125,-125
110000695,226,915,-689
110000696,96,81,15
110900001,878,23,855
110900002,624,1051,-427
110900003,2886,199,2687
110900004,1446,39,1407
110900005,1923,10540,-8617
110900006,136,135,1
110900007,507,239,268
110900008,1,12,-11
110900009,682,940,-258
110900010,18,60,-42
110900011,21,101,-80
110900012,13,47,-34
110900013,2177,190,1987
110900014,434,50,384
110900015,418,1046,-628
110900016,111,91,20
110900017,1321,66,1255
110900018,822,39,783
110900019,871,40,831
110900020,527,230,297
110900021,204,486,-282
110900022,147,97,50
110900023,130,633,-503
110900024,127,240,-113
110900025,40,62,-22
110900027,109,127,-18
110900028,92,80,12
110900029,36,147,-111
110900030,59,105,-46
110900031,0,105,-105
110900032,0,37,-37
110900033,19,235,-216
110900035,33,988,-955
110900036,328,15,313
110900037,434,29,405
110900038,588,185,403
110900039,2,426,-424
110900040,580,9,571
110900041,42,30,12
110900042,241,89,152
110900043,2,66,-64
110900044,413,21,392
110900045,177,206,-29
110900046,10,94,-84
110900047,247,1150,-903
110900049,258,146,112
110900050,116,2,114
110900051,26,167,-141
110900052,0,205,-205
110900053,361,17,344
110900054,49,242,-193
110900055,44,2,42
110900056,48,131,-83
110900057,6,122,-116
110900058,879,144,735
110900059,724,205,519
110900060,466,206,260
110900061,3,61,-58
110900062,468,90,378
110900063,81,133,-52
110900064,13,1,12
110900065,85,129,-44
110900066,7,47,-40
110900067,151,1318,-1167
110900068,454,274,180
110900069,18,23,-5
110900070,472,92,380
110900071,191,2060,-1869
110900073,0,27,-27
110900074,977,117,860
110900075,1158,96,1062
110900077,2882,601,2281
110900078,441,19,422
110900079,779,1810,-1031
110900080,331,107,224
110900081,44,7,37
110900082,316,106,210
110900083,231,67,164
110900084,295,20,275
110900085,160,231,-71
110900086,153,593,-440
110900087,755,278,477
110900088,18,0,18
110900090,186,259,-73
110900091,3,28,-25
110900093,400,169,231
110900095,194,33,161
110900097,118,21,97
110900098,58,117,-59
110900099,87,354,-267
110900100,0,6,-6
110900102,141,25,116
110900105,2641,138,2503
110900108,74,49,25
110900111,998,145,853
110900112,1105,16,1089
110900113,397,241,156
110900115,3,47,-44
110900116,2527,940,1587
110900118,142,7168,-7026
110900119,1667,196,1471
110900120,480,39,441
110900121,159,1,158
110900122,1083,319,764
110900125,747,1404,-657
110900127,233,2475,-2242
110900128,63,470,-407
110900129,341,1586,-1245
110900130,363,532,-169
110900131,817,203,614
110900132,1033,119,914
110900133,102,256,-154
110900135,67,217,-150
110900136,655,42,613
110900137,17,1,16
110900138,741,1488,-747
110900139,3,447,-444
110900140,17,3,14
110900141,1,354,-353
110900142,92,147,-55
110900143,496,41,455
110900144,4,224,-220
110900145,420,304,116
110900146,135,848,-713
110900147,75,423,-348
110900148,2,294,-292
110900149,19,107,-88
110900150,36,32,4
110900151,25,46,-21
110900152,79,40,39
110900153,344,70,274
111000001,791,1471,-680
111000002,263,781,-518
111000003,3974,2362,1612
111000004,1921,1823,98
111000005,3131,3653,-522
111000006,1504,3947,-2443
111000007,7193,9186,-1993
111000008,6219,6985,-766
111000009,705,2006,-1301
111000010,2185,282,1903
111000011,108,568,-460
111000012,262,276,-14
111000013,649,694,-45
111000014,2523,602,1921
111000017,38,1053,-1015
111000018,238,378,-140
111000020,613,1229,-616
111000021,53,115,-62
111000023,247,129,118
111000025,3146,5866,-2720
111000029,227,184,43
111000030,65,91,-26
111000031,2140,829,1311
111000032,888,355,533
111000033,567,172,395
111000034,70,130,-60
111000037,1642,561,1081
111000038,2365,3214,-849
111000039,2488,3008,-520
111000040,2430,1622,808
111000041,706,635,71
111000042,3704,3526,178
111000043,3891,10926,-7035
111000044,3473,1150,2323
111000045,6347,3209,3138
111000046,4874,2643,2231
111000047,4341,11226,-6885
111000049,342,545,-203
111000050,1106,632,474
111000051,816,877,-61
111000052,815,1405,-590
111000053,315,744,-429
111000054,422,652,-230
111000055,1448,1917,-469
111000056,275,623,-348
111000057,333,269,64
111000058,1444,101,1343
111000059,1411,574,837
111000060,10728,1382,9346
111000061,1843,703,1140
111000062,2285,1139,1146
111000063,2055,1908,147
111000064,1974,799,1175
111000065,2734,1290,1444
111000066,1599,653,946
111000067,2809,512,2297
111000068,1637,559,1078
111000069,1902,2242,-340
111000070,469,468,1
111000071,242,194,48
111000072,2211,1062,1149
111000073,321,1767,-1446
111000074,3159,2238,921
111000075,1066,705,361
111000076,1453,1015,438
111000077,1409,1210,199
111000078,2136,619,1517
111000079,1178,930,248
111000080,1403,759,644
111000081,2204,8207,-6003
111000082,1518,630,888
111000084,1735,825,910
111000085,1772,1214,558
111000086,2790,1311,1479
111000087,1270,604,666
111000088,7055,7747,-692
111000089,1329,698,631
111000090,718,1156,-438
111000091,1205,340,865
111000092,3971,1017,2954
111000093,2039,1662,377
111000094,3517,2012,1505
111000095,1907,5445,-3538
111000096,1234,14141,-12907
111000097,3629,995,2634
111000098,569,991,-422
111000099,562,1641,-1079
111000100,912,1369,-457
111000101,557,871,-314
111000102,437,689,-252
111000104,1781,373,1408
111000107,92,840,-748
111000109,1681,330,1351
111000110,2867,780,2087
111000111,8098,510,7588
111000112,4837,475,4362
111000113,894,3849,-2955
111000114,1565,9521,-7956
111000115,4365,1744,2621
111000116,1522,1209,313
111000117,351,1168,-817
111000118,1196,998,198
111000119,3343,1044,2299
111000120,1368,960,408
111000121,492,1446,-954
111000122,544,880,-336
111000123,2073,1944,129
111000124,589,2723,-2134
111000125,478,1200,-722
111000126,109,653,-544
111000127,2519,230,2289
111000128,5826,546,5280
111000129,6950,946,6004
111000130,6323,809,5514
111000131,7148,698,6450
111000132,3618,3234,384
111000133,396,121,275
111000134,551,88,463
111000135,88,163,-75
111000136,840,424,416
111000138,113,4,109
111000140,7,3,4
111000141,255,822,-567
111000142,4,131,-127
111000143,11,276,-265
111000144,15,635,-620
111000145,60,15,45
111000146,139,7,132
111000147,116,31,85
111000148,611,117,494
111000149,19,15,4
111000150,94,8,86
111000151,41,18,23
111000153,748,465,283
111000154,519,316,203
111000155,250,182,68
111000156,1273,562,711
111000157,372,716,-344
111000158,1300,806,494
111000159,4090,1525,2565
111000160,701,261,440
111000161,11,597,-586
111000162,2,99,-97
111000163,2026,1108,918
111000164,627,4592,-3965
111000165,844,287,557
111000166,473,204,269
111000167,187,363,-176
111000168,340,481,-141
111000169,660,288,372
111000170,318,273,45
111000171,599,721,-122
111000172,355,446,-91
111000173,361,871,-510
111000174,500,193,307
111000175,71,552,-481
111000176,1184,31,1153
111000177,1974,262,1712
111000178,3366,224,3142
111000179,877,141,736
111000180,434,433,1
111000181,4408,210,4198
111000182,530,192,338
111000183,282,341,-59
111000184,527,205,322
111000185,743,458,285
111000186,514,314,200
111000187,349,130,219
111000188,1230,463,767
111000189,405,418,-13
111000190,480,203,277
111000191,351,191,160
111000192,197,173,24
111000193,435,137,298
111000194,94,237,-143
111000195,119,751,-632
111000196,101,104,-3
111000197,1428,163,1265
111000198,1361,101,1260
111000199,672,467,205
111000200,1553,746,807
111000201,2050,127,1923
111000202,1187,135,1052
111000203,993,417,576
111000204,548,2745,-2197
111000213,562,647,-85
111000214,2151,1267,884
111000215,1270,1123,147
111000217,2728,889,1839
111000218,3237,1137,2100
111000219,309,240,69
111000220,1433,889,544
111000221,479,338,141
111000224,0,166,-166
111000225,1187,101,1086
111000226,173,1,172
111000227,24,3,21
111000228,6,1462,-1456
111000229,46,2752,-2706
111000230,481,258,223
111000231,1866,454,1412
111000232,1882,907,975
111000233,3366,741,2625
111000234,536,1672,-1136
111000239,211,79,132
111000240,182,863,-681
111000241,125,183,-58
111000242,877,116,761
111000243,535,365,170
111000244,1867,226,1641
111000245,1414,419,995
111000246,1307,205,1102
111000247,1402,356,1046
111000248,1322,287,1035
111000249,1131,224,907
111000250,130,41,89
111000251,166,49,117
111000253,58,69,-11
111000255,99,15,84
111000257,145,23,122
111000260,86,847,-761
111000261,2888,275,2613
111000271,52,447,-395
111000273,5788,1788,4000
111000274,2654,5251,-2597
111000275,422,18,404
111000276,392,1245,-853
111000277,543,400,143
111000278,619,245,374
111000291,3588,27654,-24066
111000298,788,335,453
111000299,1570,255,1315
111000300,46,622,-576
111000302,772,99,673
111000303,347,175,172
111000312,156,68,88
111000315,0,111,-111
111000320,244,387,-143
111000321,968,288,680
111000322,1083,190,893
111000323,665,104,561
111000324,509,162,347
111000325,27,79,-52
111000326,329,192,137
111000327,574,372,202
111000328,625,1050,-425
111000329,2,38,-36
111000330,174,18,156
111000331,61,8,53
111000332,697,1198,-501
111000334,264,955,-691
111000335,2417,252,2165
111000337,4013,322,3691
111000338,160,56,104
111000339,1709,282,1427
111000340,148,519,-371
111000341,3198,2138,1060
111000342,106,899,-793
111000344,2499,612,1887
111000345,325,62,263
111000346,35,125,-90
111000347,318,4,314
111000350,143,92,51
111000351,186,355,-169
111000352,396,193,203
111000353,221,147,74
111000354,1117,319,798
111000355,811,587,224
111000358,255,749,-494
111000360,455,297,158
111000361,388,77,311
111000546,2061,539,1522
111000547,773,471,302
111000548,448,317,131
111000549,543,267,276
111000550,14,1827,-1813
111000551,275,165,110
111000552,680,196,484
111000907,180,53,127
111000908,372,1,371
111000916,5154,273,4881
111000917,138,353,-215
111000918,300,326,-26
111000920,1316,20,1296
111000921,20,83,-63
111000922,1853,218,1635
111000924,54,453,-399
111000925,7761,3034,4727
111000926,1426,988,438
111000927,3177,7267,-4090
111000928,4040,1541,2499
111000929,3548,1565,1983
111000930,1679,1275,404
111000931,4182,2455,1727
111000932,2345,1274,1071
111000933,4818,6119,-1301
111000934,1338,1770,-432
111000935,5018,1924,3094
111000936,1680,1376,304
111000937,1749,2349,-600
111000938,1433,1012,421
111000939,1904,48,1856
111000940,2147,63,2084
111000941,595,561,34
111000943,1317,247,1070
111000944,269,268,1
111000945,373,996,-623
111001109,811,1842,-1031
111001110,290,481,-191
111001111,352,16,336
111001112,100,7,93
111001113,4,1201,-1197
111001114,1102,241,861
111001115,39,2705,-2666
111001116,2782,10520,-7738
111001117,586,5350,-4764
111001120,153,237,-84
111001121,354,135,219
111001122,155,67,88
111900001,91,60,31
111900002,293,220,73
111900003,4,159,-155
111900004,8,35,-27
111900006,47,105,-58
111900007,787,14,773
111900008,1027,13,1014
111900009,770,34,736
111900010,31,468,-437
111900012,47,117,-70
111900013,11,26,-15
111900014,2474,15300,-12826
111900015,0,75,-75
111900016,0,51,-51
111900017,1,51,-50
111900018,279,4,275
111900019,10,194,-184
111900020,7,47,-40
111900021,8,75,-67
111900022,12,49,-37
111900023,99,49,50
111900024,2,111,-109
111900025,1,187,-186
111900026,0,22,-22
111900027,4,92,-88
111900028,1,46,-45
111900029,11,26,-15
111900030,70,603,-533
111900031,13,51,-38
111900032,1,53,-52
111900033,45,52,-7
111900034,33,325,-292
111900035,130,427,-297
111900036,0,68,-68
111900038,84,271,-187
111900039,50,256,-206
111900040,0,88,-88
111900042,29,51,-22
111900043,2,89,-87
111900044,151,256,-105
111900046,9,189,-180
111900048,1165,233,932
111900049,12,210,-198
111900050,372,54,318
111900051,3,53,-50
111900052,66,192,-126
111900053,489,5620,-5131
111900054,683,9,674
111900055,3,127,-124
111900056,104,754,-650
111900057,410,15,395
111900058,1949,293,1656
111900059,1494,2111,-617
111900060,788,12,776
111900061,1,73,-72
111900062,155,153,2
111900063,735,167,568
111900064,24,80,-56
111900065,548,61,487
111900066,422,231,191
111900067,2,290,-288
111900068,78,271,-193
111900069,286,59,227
111900070,611,144,467
111900071,0,118,-118
111900072,83,154,-71
111900073,3137,479,2658
111900074,4,201,-197
111900075,117,20,97
111900076,1012,223,789
111900077,95,8,87
111900078,1265,139,1126
111900079,119,87,32
111900080,182,162,20
111900081,434,254,180
111900082,500,126,374
111900083,756,137,619
111900084,398,18,380
111900085,125,154,-29
111900086,212,46,166
111900087,196,2,194
111900088,2126,87,2039
111900089,279,2,277
111900090,92,234,-142
111900091,1995,37,1958
111900092,346,2,344
111900093,1654,64,1590
111900094,470,2,468
111900095,1286,92,1194
111900096,719,6,713
111900097,310,1,309
111900098,1300,30,1270
111900099,205,0,205
111900100,305,16,289
111900101,190,11,179
111900102,2110,1180,930
111900103,129,195,-66
111900104,218,46,172
111900105,346,792,-446
111900106,550,12,538
111900107,33,143,-110
111900108,182,666,-484
111900109,298,1412,-1114
111900110,2591,543,2048
111900111,541,13,528
111900112,417,11529,-11112
111900113,300,77,223
111900114,160,77,83
111900115,12,11,1
111900118,618,115,503
111900119,469,167,302
111900122,87,65,22
111900123,7,25,-18
111900124,37,10,27
111900125,1417,251,1166
111900126,1319,16,1303
111900127,6,221,-215
111900128,21,201,-180
111900129,712,4,708
111900130,435,209,226
111900131,1496,8,1488
111900132,17,365,-348
111900133,9,167,-158
111900134,8,182,-174
111900135,9,84,-75
111900136,90,137,-47
111900137,33,14,19
111900138,53,42,11
111900139,53,33,20
111900140,220,74,146
111900141,255,12,243
111900142,173,54,119
111900143,349,60,289
111900144,0,44,-44
111900145,0,97,-97
111900146,0,50,-50
111900147,47,526,-479
111900148,27,407,-380
111900149,5,186,-181
111900150,39,91,-52
111900151,1,124,-123
111900152,94,165,-71
111900153,587,1097,-510
111900154,46,1672,-1626
111900155,143,340,-197
111900156,217,123,94
111900157,359,48,311
111900158,1677,155,1522
111900159,1070,156,914
111900160,999,7,992
111900161,837,6,831
111900162,426,776,-350
111900163,59,178,-119
111900164,159,49,110
111901113,1684,40,1644
111901114,787,530,257
111901115,942,8,934
111901116,333,6,327
111901117,57,281,-224
111901118,14,1625,-1611
111901119,358,78,280
111901120,23,143,-120
111901121,24,77,-53
111901122,6,75,-69
111901123,1292,112,1180
111901124,944,33,911
111901125,2294,101,2193
111901126,509,222,287
111901127,894,4480,-3586
111901128,9,104,-95
111901129,5,301,-296
111901130,7,94,-87
111901131,0,182,-182
111901132,177,60,117
111901133,295,3,292
111901134,396,5,391
111901135,40,18,22
111901136,104,32,72
111901137,0,67,-67
111901138,4,24,-20
111901139,6,14,-8
111901140,9,52,-43
111901141,3,61,-58
111901142,4,50,-46
111901143,1,170,-169
111901144,57,90,-33
112000001,4734,1242,3492
112000002,1654,3101,-1447
112000003,7021,1929,5092
112000004,2120,612,1508
112000005,7158,7983,-825
112000006,994,709,285
112000007,9385,5725,3660
112000008,7430,7140,290
112000009,4883,1697,3186
112000010,9410,9211,199
112000011,2533,1694,839
112000012,7032,8574,-1542
112000013,2020,4385,-2365
112000014,1449,6315,-4866
112000015,1387,4658,-3271
112000016,4020,7010,-2990
112000017,571,7812,-7241
112000024,870,314,556
112000026,2715,1794,921
112000027,1295,1108,187
112000028,850,1399,-549
112000029,1342,1190,152
112000030,311,38,273
112000031,2337,5906,-3569
112000032,82,9,73
112000033,2167,6906,-4739
112000034,92,40,52
112000035,34,1922,-1888
112000036,181,2708,-2527
112000037,1179,1360,-181
112000038,1667,2550,-883
112000039,208,59,149
112000040,61,173,-112
112000041,476,512,-36
112000042,1719,281,1438
112000050,2327,1709,618
112000051,2516,6170,-3654
112000054,2348,2311,37
112000057,1261,308,953
112000058,280,429,-149
112000059,1135,877,258
112000061,3785,866,2919
112000062,606,2625,-2019
112000063,290,5590,-5300
112000064,4114,3589,525
112000065,1143,2214,-1071
112000066,5289,2094,3195
112000067,563,816,-253
112000068,5074,4181,893
112000069,787,1994,-1207
112000070,2634,1327,1307
112000071,1893,2655,-762
112000072,4499,1239,3260
112000073,1735,4251,-2516
112000074,1296,2889,-1593
112000075,1635,2670,-1035
112000076,4446,3684,762
112000077,1846,586,1260
112000078,3964,984,2980
112000079,3588,2091,1497
112000080,1271,871,400
112000081,1226,1662,-436
112000082,2120,776,1344
112000083,1427,1104,323
112000084,1935,692,1243
112000085,2856,889,1967
112000086,4194,990,3204
112000087,1543,308,1235
112000088,1726,291,1435
112000089,639,399,240
112000090,247,283,-36
112000091,890,463,427
112000092,4443,1146,3297
112000093,2428,495,1933
112000094,1245,935,310
112000095,1519,432,1087
112000096,1397,844,553
112000097,4680,1033,3647
112000098,451,626,-175
112000099,1284,3497,-2213
112000100,4310,887,3423
112000101,973,382,591
112000102,3254,505,2749
112000103,830,496,334
112000105,824,506,318
112000106,4487,402,4085
112000107,97,158,-61
112000108,1285,1157,128
112000109,122,101,21
112000110,3261,758,2503
112000111,900,4446,-3546
112000112,4119,796,3323
112000113,1414,1238,176
112000114,4441,1214,3227
112000115,565,486,79
112000116,1108,762,346
112000117,2086,990,1096
112000118,1062,1001,61
112000119,648,669,-21
112000120,68,322,-254
112000121,510,257,253
112000122,799,186,613
112000123,1698,119,1579
112000124,1145,252,893
112000125,587,637,-50
112000126,1579,211,1368
112000127,4511,3888,623
112000128,959,747,212
112000129,321,77,244
112000130,736,149,587
112000131,56,265,-209
112000132,342,213,129
112000133,741,145,596
112000134,959,385,574
112000135,2754,1407,1347
112000136,1505,1850,-345
112000137,3015,4120,-1105
112000138,2200,1218,982
112000139,736,1235,-499
112000140,250,1071,-821
112000141,2230,650,1580
112000142,237,453,-216
112000143,2137,338,1799
112000144,505,693,-188
112000145,5715,586,5129
112000146,1084,1287,-203
112000147,3278,1779,1499
112000148,1053,1224,-171
112000149,1014,843,171
112000150,706,549,157
112000151,800,206,594
112000152,2252,348,1904
112000153,208,223,-15
112000154,298,906,-608
112000155,361,224,137
112000157,645,2015,-1370
112000158,505,325,180
112000159,2585,412,2173
112000167,683,499,184
112000169,335,2803,-2468
112000173,2669,314,2355
112000175,959,410,549
112000176,1188,1481,-293
112000177,1841,628,1213
112000178,182,323,-141
112000179,731,108,623
112000180,817,287,530
112000181,1648,944,704
112000182,4032,564,3468
112000183,53,33,20
112000184,741,341,400
112000185,2899,258,2641
112000187,8464,5805,2659
112000195,451,28,423
112000196,383,1,382
112000197,146,149,-3
112000198,20,360,-340
112000199,261,662,-401
112000202,1718,163,1555
112000216,70,191,-121
112000230,374,9,365
112000231,2,85,-83
112000256,114,808,-694
112000313,343,103,240
112000314,109,209,-100
112000337,299,1585,-1286
112000352,169,735,-566
112000392,4096,820,3276
112000398,4018,909,3109
112000399,1947,16071,-14124
112000400,1633,1118,515
112000401,1525,1075,450
112000402,6700,7445,-745
112000403,3045,14196,-11151
112000404,3137,1906,1231
112000405,6329,4802,1527
112000406,3461,1385,2076
112000407,18295,11807,6488
112000408,6736,2329,4407
112000409,1818,1571,247
112000410,330,435,-105
112000411,2526,2832,-306
112000412,470,314,156
112000413,5146,11487,-6341
112000414,358,28,330
112000415,240,52,188
112000416,6725,1480,5245
112000417,594,154,440
112000421,103,44,59
112000422,388,320,68
112000424,1669,6625,-4956
112000425,650,316,334
112000426,656,630,26
112000427,0,26,-26
112000428,891,588,303
112000429,3765,3608,157
112000430,4549,7481,-2932
112000431,249,380,-131
112000432,858,548,310
112000433,406,577,-171
112000437,104,79,25
112900001,141,3,138
112900002,1843,193,1650
112900003,118,49,69
112900004,117,178,-61
112900005,592,84,508
112900006,53,100,-47
112900007,73,22,51
112900008,0,84,-84
112900009,703,525,178
112900010,1218,245,973
112900011,33,596,-563
112900012,0,14,-14
112900013,2,553,-551
112900014,25,160,-135
112900015,171,361,-190
112900016,9,71,-62
112900017,99,235,-136
112900018,1,165,-164
112900019,60,242,-182
112900020,451,747,-296
112900021,2,109,-107
112900022,47,44,3
112900023,1,44,-43
112900024,16,60,-44
112900025,228,187,41
112900026,2,26,-24
112900027,2,289,-287
112900028,11,85,-74
112900029,19,76,-57
112900030,106,54,52
112900031,3,627,-624
112900032,439,242,197
112900034,0,17,-17
112900035,0,141,-141
112900036,11,156,-145
112900037,506,363,143
112900038,1516,198,1318
112900039,8,278,-270
112900040,2,817,-815
112900041,717,1359,-642
112900042,240,222,18
112900043,36,83,-47
112900044,168,304,-136
112900045,452,176,276
112900046,138,80,58
112900047,20,17,3
112900049,840,95,745
112900050,45,671,-626
112900051,185,285,-100
112900052,3,374,-371
112900053,125,280,-155
112900054,183,115,68
112900055,124,54,70
112900056,631,354,277
112900057,69,275,-206
112900058,414,824,-410
112900059,229,1791,-1562
112900060,69,56,13
112900061,204,433,-229
112900062,90,86,4
112900063,11,22,-11
112900064,198,98,100
112900065,12,72,-60
112900066,438,857,-419
112900067,581,65,516
112900068,62,153,-91
112900069,3230,2435,795
112900071,32,54,-22
112900072,106,10411,-10305
112900073,316,526,-210
112900074,217,629,-412
112900075,1484,3312,-1828
112900076,72,51,21
112900078,290,1090,-800
112900079,743,23,720
112900080,463,6,457
112900081,91,747,-656
112900082,805,78,727
112900083,494,363,131
112900084,570,499,71
112900085,1,8,-7
112900086,266,2,264
112900087,3580,324,3256
112900088,732,22,710
112900089,2069,81,1988
112900090,183,130,53
112900091,637,31,606
112900092,90,2285,-2195
112900093,2052,90,1962
112900094,235,0,235
112900095,165,3,162
112900096,1645,367,1278
112900097,151,244,-93
112900098,285,3,282
112900099,2502,46,2456
112900100,315,4,311
112900101,975,10,965
112900102,122,127,-5
112900103,540,18,522
112900104,123,0,123
112900105,44,0,44
112900106,1075,213,862
112900107,7,1,6
112900108,5,1,4
112900109,350,3,347
112900110,3213,34,3179
112900111,1756,14,1742
112900112,581,1,580
112900113,1,6,-5
112900114,958,30,928
112900115,4213,32,4181
112900116,235,14,221
112900117,72,32,40
112900118,11,62,-51
112900119,651,11,640
112900120,423,269,154
112900121,34,56,-22
112900122,7,66,-59
112900123,978,120,858
112900124,12,47,-35
112900125,32,340,-308
112900126,93,101,-8
112900127,765,85,680
112900128,114,387,-273
112900129,0,597,-597
112900130,568,238,330
112900131,6,362,-356
112900132,214,341,-127
112900133,10,950,-940
112900134,0,611,-611
112900135,226,211,15
112900136,1,36,-35
112900137,1,449,-448
112900138,10,84,-74
112900139,38,688,-650
112900140,0,89,-89
112900141,1182,31,1151
112900142,69,812,-743
112900143,6,296,-290
112900144,1,206,-205
112900145,3,312,-309
112900146,5,413,-408
112900147,2,433,-431
112900148,42,2,40
112900149,251,141,110
112900151,2,20,-18
112900152,3115,327,2788
112900153,329,9582,-9253
112900154,1,30,-29
112900155,336,40,296
112900156,1982,526,1456
112900157,902,18,884
112900158,245,1,244
112900159,346,571,-225
112900160,42,230,-188
112900161,405,86,319
112900162,15,36,-21
112900163,37,66,-29
112900164,76,278,-202
112900165,40,95,-55
112900166,26,163,-137
112900167,14,579,-565
112900168,2,3,-1
112900169,4,38,-34
112900170,215,135,80
112900172,76,21,55
112900173,91,108,-17
112900174,916,94,822
112900175,184,500,-316
112900176,18,75,-57
112900177,268,170,98
112900178,782,6050,-5268
112900179,21,329,-308
112900180,3977,1270,2707
112900181,2627,27,2600
112900182,76,329,-253
112900183,132,302,-170
112900184,513,519,-6
112900185,246,783,-537
112900186,1169,1258,-89
112900187,79,646,-567
112900188,838,5754,-4916
112900189,23,39,-16
112900190,25,231,-206
112900192,832,795,37
112900193,1196,485,711
112900194,185,11,174
112900195,987,68,919
112900196,874,424,450
112900197,160,481,-321
112900199,1661,174,1487
112900200,1250,87,1163
112900201,185,271,-86
112900202,1126,526,600
112900203,651,70,581
112900204,602,418,184
112900205,20,1,19
112900206,47,18,29
112900207,45,0,45
112900208,111,1372,-1261
112900209,101,220,-119
112900210,4,4,0
112900211,134,3,131
112900212,2,11,-9
112900213,55,6,49
112900214,1,10,-9
112900215,16,68,-52
112900216,31,26,5
112900217,7,41,-34
112900218,197,4,193
112900219,258,4,254
112900220,1,0,1
112900221,74,86,-12
112900222,0,188,-188
112900223,1588,29,1559
112900224,1797,216,1581
112900225,1366,187,1179
112900226,476,396,80
112900227,2083,510,1573
112900228,161,39,122
112900229,762,7,755
112900230,14062,3420,10642
112900232,593,586,7
112900233,167,57,110
112900234,71,5,66
112900235,16,2,14
112900236,1407,25,1382
112900237,860,97,763
112900238,10,12,-2
113000001,9492,7027,2465
113000002,10400,5493,4907
113000003,5050,3108,1942
113000004,5680,2620,3060
113000005,4156,3275,881
113000006,3050,2366,684
113000007,5549,2668,2881
113000008,4224,2901,1323
113000009,3136,1049,2087
113000010,3516,1676,1840
113000011,3289,1484,1805
113000012,2608,1180,1428
113000013,1288,595,693
113000014,2241,2655,-414
113000015,484,260,224
113000016,496,770,-274
113000017,193,925,-732
113000018,788,49,739
113000019,460,593,-133
113000020,330,114,216
113000021,3017,1399,1618
113000022,1437,7555,-6118
113000025,431,528,-97
113000026,1109,1573,-464
113000027,1230,2537,-1307
113000028,781,5727,-4946
113000029,1728,1028,700
113000030,332,831,-499
113000031,273,309,-36
113000032,406,427,-21
113000033,463,635,-172
113000034,343,188,155
113000035,43,65,-22
113000036,57,153,-96
113000037,72,74,-2
113000038,47,66,-19
113000039,68,403,-335
113000040,59,184,-125
113000042,1676,1021,655
113000051,4932,5089,-157
113000052,4634,694,3940
113000053,1517,674,843
113000054,1664,1783,-119
113000055,4396,722,3674
113000056,4319,1419,2900
113000058,570,1565,-995
113000059,1368,352,1016
113000060,892,1085,-193
113000061,1030,1370,-340
113000062,677,671,6
113000063,860,111,749
113000064,298,271,27
113000065,356,625,-269
113000066,2358,278,2080
113000067,5721,877,4844
113000068,1083,440,643
113000069,1142,571,571
113000070,4747,925,3822
113000071,1608,590,1018
113000072,2153,665,1488
113000073,857,2132,-1275
113000074,1628,702,926
113000075,3323,1085,2238
113000076,665,5525,-4860
113000077,1081,1320,-239
113000078,518,2250,-1732
113000079,592,1370,-778
113000080,934,1769,-835
113000081,1585,1796,-211
113000082,1543,1269,274
113000083,958,1587,-629
113000084,3113,1278,1835
113000085,1569,991,578
113000086,1262,2627,-1365
113000087,1742,2078,-336
113000088,4083,2735,1348
113000089,1252,2941,-1689
113000090,223,1230,-1007
113000091,321,762,-441
113000094,2936,629,2307
113000095,497,1355,-858
113000096,170,1973,-1803
113000097,2452,983,1469
113000098,161,121,40
113000099,1944,1074,870
113000100,292,1021,-729
113000101,277,1611,-1334
113000102,1067,1018,49
113000103,7719,656,7063
113000104,1323,5408,-4085
113000105,2573,1071,1502
113000106,1125,459,666
113000107,2553,1940,613
113000108,2010,1390,620
113000109,577,1717,-1140
113000110,14395,1461,12934
113000111,314,567,-253
113000112,1290,479,811
113000113,5230,478,4752
113000114,237,1126,-889
113000116,881,488,393
113000117,1595,183,1412
113000118,44,1600,-1556
113000119,722,530,192
113000120,197,759,-562
113000121,631,1779,-1148
113000124,670,254,416
113000125,45,2179,-2134
113000127,2324,337,1987
113000128,3807,432,3375
113000129,669,1316,-647
113000133,5693,715,4978
113000134,11,2844,-2833
113000135,8206,6980,1226
113000137,1425,3355,-1930
113000139,319,211,108
113000140,85,163,-78
113000141,138,178,-40
113000142,318,427,-109
113000143,439,233,206
113000144,331,453,-122
113000145,262,268,-6
113000146,194,104,90
113000147,421,140,281
113000148,771,226,545
113000149,545,474,71
113000150,672,603,69
113000151,93,56,37
113000152,92,562,-470
113000153,2359,345,2014
113000154,801,3662,-2861
113000155,734,1328,-594
113000156,298,454,-156
113000157,444,540,-96
113000158,950,202,748
113000159,2030,377,1653
113000160,906,408,498
113000161,641,244,397
113000162,1728,192,1536
113000163,313,36,277
113000164,27,70,-43
113000166,538,132,406
113000167,193,49,144
113000168,283,85,198
113000169,499,84,415
113000170,149,114,35
113000171,70,167,-97
113000172,748,77,671
113000173,102,49,53
113000174,444,176,268
113000175,1140,87,1053
113000176,1093,65,1028
113000177,500,159,341
113000178,330,306,24
113000179,531,114,417
113000180,1466,2716,-1250
113000181,1932,1199,733
113000182,186,1137,-951
113000183,529,1029,-500
113000184,9,122,-113
113000189,392,1217,-825
113000190,311,265,46
113000192,571,10262,-9691
113000193,2113,5436,-3323
113000194,1367,8283,-6916
113000195,1868,7320,-5452
113000196,525,137,388
113000197,2138,7071,-4933
113000198,272,672,-400
113000199,3767,559,3208
113000201,997,1083,-86
113000202,28284,4000,24284
113000203,178,856,-678
113000204,544,12021,-11477
113000205,44,18,26
113000206,3,110,-107
113000207,106,72,34
113000208,94,188,-94
113000209,34,64,-30
113000210,6,66,-60
113000211,45,327,-282
113000212,44,56,-12
113000213,43,176,-133
113000214,344,519,-175
113000234,423,990,-567
113000410,590,270,320
113000411,1601,2525,-924
113000412,12445,1803,10642
113000413,1591,4353,-2762
113000414,6898,17738,-10840
113000415,3310,1859,1451
113000416,3128,2591,537
113000417,1284,1777,-493
113000418,7794,5360,2434
113000419,2993,2814,179
113000420,4141,7149,-3008
113000421,8557,9662,-1105
113000422,12565,14325,-1760
113000423,1338,7124,-5786
113000424,3096,16562,-13466
113000425,16,78,-62
113000428,99,63,36
113000430,35,130,-95
113000432,4849,302,4547
113000433,96,1599,-1503
113000434,53,139,-86
113000435,34,143,-109
113000436,6,1394,-1388
113000437,3424,36,3388
113000438,1049,21,1028
113000439,112,65,47
113000440,261,36,225
113000441,263,225,38
113000442,473,89,384
113000443,656,220,436
113000444,832,53,779
113000445,119,146,-27
113000446,85,207,-122
113000448,1564,631,933
113000449,317,1351,-1034
113000450,4117,5493,-1376
113000451,6399,893,5506
113000452,117,819,-702
113000453,58,1521,-1463
113000454,377,205,172
113000455,12,3906,-3894
113000456,2544,3032,-488
113000468,1253,112,1141
113000469,72,430,-358
113000470,966,14,952
113000471,42,791,-749
113000472,142,346,-204
113000474,2742,1407,1335
113000475,2137,1281,856
113000476,6238,3321,2917
113000477,10047,3024,7023
113000478,4155,3482,673
113000479,277,262,15
113000480,143,830,-687
113000482,0,0,0
113000483,0,0,0
113000485,0,0,0
113000486,0,0,0
113000487,0,0,0
113000488,0,0,0
113000489,0,0,0
113000490,0,0,0
113000491,0,0,0
113000492,0,0,0
113000493,0,0,0
113000495,493,107,386
113000496,240,107,133
113000497,0,0,0
113000500,0,3,-3
113900001,54,4511,-4457
113900002,43,163,-120
113900003,6,443,-437
113900004,6,708,-702
113900005,12,1539,-1527
113900006,4,62,-58
113900007,71,112,-41
113900008,32,1,31
113900009,123,0,123
113900010,89,7,82
113900011,539,4,535
113900012,206,4,202
113900013,175,21,154
113900014,1750,12,1738
113900015,0,31,-31
113900016,76,0,76
113900017,1,19,-18
113900018,136,304,-168
113900019,488,44,444
113900020,331,11,320
113900022,165,2,163
113900023,71,0,71
113900024,120,39,81
113900025,681,92,589
113900026,214,0,214
113900027,23,104,-81
113900028,63,203,-140
113900029,247,80,167
113900030,1035,12,1023
113900031,146,4,142
113900032,97,0,97
113900033,111,55,56
113900035,90,1,89
113900036,167,133,34
113900037,328,324,4
113900038,12,229,-217
113900039,626,18,608
113900040,14,36,-22
113900041,28,10,18
113900042,160,41,119
113900043,376,52,324
113900044,174,308,-134
113900045,227,0,227
113900046,255,1748,-1493
113900047,368,157,211
113900048,301,342,-41
113900049,195,837,-642
113900050,495,651,-156
113900051,587,132,455
113900052,150,120,30
113900053,645,1713,-1068
113900054,106,0,106
113900055,193,843,-650
113900056,247,103,144
113900057,20,45,-25
113900058,293,29,264
113900059,625,247,378
113900060,72,460,-388
113900061,1228,115,1113
113900062,168,75,93
113900063,408,75,333
113900064,46,62,-16
113900065,1281,32,1249
113900066,1799,261,1538
113900067,661,696,-35
113900068,494,1653,-1159
113900069,51,63,-12
113900070,201,369,-168
113900071,420,29,391
113900072,182,47,135
113900073,970,301,669
113900074,591,1686,-1095
113900075,1640,5155,-3515
113900076,132,23,109
113900077,73,114,-41
113900078,139,17,122
113900079,3,30,-27
113900080,942,329,613
113900081,152,100,52
113900082,664,442,222
113900083,1091,121,970
113900084,365,209,156
113900085,100,214,-114
113900086,317,51,266
113900087,259,124,135
113900088,242,186,56
113900089,840,48,792
113900090,858,453,405
113900091,1,13,-12
113900092,38,185,-147
113900093,83,3829,-3746
113900094,1831,364,1467
113900095,228,394,-166
113900096,656,176,480
113900097,36,225,-189
113900098,1418,517,901
113900099,2,46,-44
113900100,0,3,-3
113900101,7,307,-300
113900102,112,215,-103
113900103,248,986,-738
113900104,198,556,-358
113900105,524,19,505
113900106,0,24,-24
113900107,2,3,-1
113900108,91,569,-478
113900109,274,422,-148
113900110,64,15,49
113900111,457,87,370
113900112,648,72,576
113900113,2168,559,1609
113900114,3,32,-29
113900115,1,6,-5
113900116,24,518,-494
113900117,39,47,-8
113900118,163,1762,-1599
113900119,76,323,-247
113900120,101,75,26
113900121,278,169,109
113900122,526,7230,-6704
113900123,1163,260,903
113900124,2,65,-63
113900125,1950,260,1690
113900126,67,66,1
113900127,416,1316,-900
113900128,381,159,222
113900129,2,257,-255
113900130,2,135,-133
113900131,429,67,362
113900132,52,161,-109
113900133,11,19,-8
113900135,399,695,-296
113900136,141,36,105
113900137,522,347,175
113900138,6,344,-338
113900139,428,755,-327
113900140,36,331,-295
113900141,1308,275,1033
113900142,179,29,150
113900143,55,121,-66
113900144,109,382,-273
113900145,526,196,330
113900146,522,52,470
113900148,63,458,-395
113900149,201,276,-75
113900150,315,230,85
113900151,850,189,661
113900152,138,113,25
113900153,117,467,-350
113900154,0,159,-159
113900155,126,250,-124
113900156,386,441,-55
113900157,125,778,-653
113900158,177,444,-267
113900159,5,164,-159
113900160,672,598,74
113900161,295,533,-238
113900162,257,661,-404
113900163,674,170,504
113900164,1064,24,1040
113900165,862,742,120
113900166,62,109,-47
113900167,703,73,630
113900168,104,108,-4
113900169,398,434,-36
113900171,527,92,435
113900172,7,142,-135
113900173,3,325,-322
113900174,679,577,102
113900175,472,205,267
113900176,462,371,91
113900177,399,184,215
113900178,480,402,78
113900179,28,194,-166
113900180,261,189,72
113900181,2051,453,1598
113900182,912,525,387
113900183,246,76,170
113900184,96,514,-418
113900185,112,48,64
113900186,105,42,63
113900187,33,113,-80
113900188,28,160,-132
113900189,435,401,34
113900190,259,131,128
113900191,48,97,-49
113900192,7,1725,-1718
113900193,10,129,-119
113900194,1932,622,1310
113900195,462,427,35
113900196,1,502,-501
113900197,6,91,-85
113900198,11,890,-879
113900199,98,391,-293
113900200,13,281,-268
113900201,0,59,-59
113900202,33,53,-20
113900203,0,30,-30
113900204,13,492,-479
113900205,14,10,4
113900206,9,91,-82
113900207,1,79,-78
113900208,0,28,-28
113900209,0,35,-35
113900210,1801,1372,429
113900211,284,57,227
113900212,580,326,254
113900214,480,508,-28
113900215,129,256,-127
113900216,438,357,81
113900217,332,88,244
113900218,112,95,17
113900219,163,1119,-956
113900220,258,309,-51
113900221,318,1059,-741
113900222,225,1435,-1210
113900223,521,202,319
113900224,81,97,-16
113900225,1802,221,1581
113900226,631,202,429
113900227,324,595,-271
113900228,208,826,-618
113900229,89,2292,-2203
113900230,2993,5339,-2346
113900231,380,93,287
113900232,380,38,342
113900233,307,97,210
113900234,676,729,-53
113900235,127,16,111
113900236,721,139,582
113900237,404,44,360
113900238,255,985,-730
113900239,108,185,-77
113900240,4,336,-332
113900241,52,172,-120
113900242,33,451,-418
113900243,38,207,-169
113900244,127,159,-32
113900245,621,591,30
113900246,17,43,-26
113900247,98,862,-764
113900248,3318,3750,-432
113900249,449,1088,-639
113900250,122,1535,-1413
113900251,2420,107,2313
113900252,1926,53,1873
113900253,1228,68,1160
113900254,746,315,431
113900255,1997,5,1992
113900256,1025,30,995
113900257,24,367,-343
113900258,72,272,-200
113900259,1421,115,1306
113900260,576,21,555
113900261,46,82,-36
113900262,225,241,-16
113900263,22,478,-456
113900264,5,146,-141
113900265,224,584,-360
113900266,150,242,-92
113900267,74,1326,-1252
113900268,481,701,-220
113900269,267,164,103
113900270,389,723,-334
113900271,1042,415,627
113900273,64,26,38
113900274,63,70,-7
113900275,26,237,-211
113900276,2,92,-90
113900277,611,12,599
113900278,145,189,-44
113900279,87,52,35
113900280,1416,624,792
113900281,126,1413,-1287
113900282,425,468,-43
113900283,537,1005,-468
113900284,2445,107,2338
113900285,121,31,90
113900286,195,125,70
113900287,242,51,191
113900288,2,311,-309
113900289,395,189,206
113900290,559,1195,-636
113900291,73,81,-8
113900292,8,19,-11
113900293,0,347,-347
113900294,1474,22,1452
113900295,622,580,42
113900296,3146,494,2652
113900297,3457,111,3346
113900298,70,2809,-2739
113900299,322,23,299
113900300,7971,7779,192
113900301,828,2013,-1185
113900302,1565,1355,210
113900303,192,2690,-2498
113900304,1,162,-161
113900305,382,3,379
113900306,241,0,241
113900307,21,1,20
113900308,65,143,-78
113900309,0,469,-469
113900310,0,12,-12
113900311,17,0,17
113900312,186,249,-63
113900313,5,1,4
114000001,1620,2342,-722
114000002,893,348,545
114000003,262,275,-13
114000004,280,268,12
114000005,780,337,443
114000006,1780,1780,0
114000007,1280,1315,-35
114000008,3039,2899,140
114000009,2449,567,1882
114000011,5329,2222,3107
114000012,7810,1821,5989
114000013,4472,1475,2997
114000014,1243,124,1119
114000015,4060,219,3841
114000016,836,116,720
114000017,231,430,-199
114000018,214,61,153
114000026,5750,1646,4104
114000027,7584,4304,3280
114000028,3161,7523,-4362
114000038,635,249,386
114000039,136,51,85
114000040,316,908,-592
114000042,396,321,75
114000043,114,81,33
114000044,677,19,658
114000045,30,71,-41
114000046,2493,6273,-3780
114000047,28,261,-233
114000048,225,45,180
114000049,3273,2289,984
114000050,3286,2337,949
114000051,5183,2990,2193
114000052,5904,4557,1347
114000053,53,1290,-1237
114000054,323,983,-660
114000055,726,121,605
114000056,185,1571,-1386
114000057,5254,2335,2919
114000058,68,1998,-1930
114000059,27,2339,-2312
114000060,1038,1377,-339
114000061,3977,5262,-1285
114000062,517,1871,-1354
114000063,1426,1506,-80
114000064,1999,7311,-5312
114000065,1405,2334,-929
114000066,964,1385,-421
114000067,88,2691,-2603
114000068,524,1463,-939
114000069,2080,883,1197
114000070,4834,2383,2451
114000071,1936,1140,796
114000072,1281,319,962
114000073,61,26,35
114000074,275,7,268
114000075,112,107,5
114000076,93,63,30
114000077,17,21,-4
114000078,742,512,230
114000079,555,40,515
114000080,186,100,86
114000081,173,217,-44
114000082,65,419,-354
114000083,123,77,46
114000084,517,235,282
114000085,112,250,-138
114000086,489,308,181
114000087,456,56,400
114000088,60,66,-6
114000089,545,204,341
114000090,1476,2090,-614
114000091,1400,1652,-252
114000092,895,635,260
114000093,2362,643,1719
114000094,1018,555,463
114000095,246,319,-73
114000096,84,488,-404
114000097,130,247,-117
114000098,971,216,755
114000099,2096,139,1957
114000100,3163,396,2767
114000101,825,290,535
114000102,1374,326,1048
114000103,219,157,62
114000104,63,190,-127
114000105,649,214,435
114000106,1381,5008,-3627
114000107,1402,369,1033
114000108,978,803,175
114000109,1324,3366,-2042
114000110,761,740,21
114000111,4928,1678,3250
114000112,448,812,-364
114000113,1561,327,1234
114000114,515,1047,-532
114000115,3207,988,2219
114000116,1310,8499,-7189
114000117,7897,1468,6429
114000118,7686,652,7034
114000119,6534,619,5915
114000120,1039,923,116
114000121,883,876,7
114000122,756,431,325
114000123,4965,479,4486
114000124,2735,818,1917
114000125,1676,1580,96
114000126,3878,426,3452
114000127,408,159,249
114000128,1513,326,1187
114000130,1046,647,399
114000131,789,128,661
114000132,1097,280,817
114000133,704,1299,-595
114000134,151,35,116
114000138,35,86,-51
114000139,704,786,-82
114000144,1289,1114,175
114000145,105,19,86
114000146,197,48,149
114000147,2034,4446,-2412
114000148,984,2844,-1860
114000149,534,807,-273
114000150,348,720,-372
114000151,967,3208,-2241
114000152,89,54,35
114000153,717,4323,-3606
114000154,609,990,-381
114000155,1308,5588,-4280
114000156,1162,1519,-357
114000157,534,3136,-2602
114000158,1890,1052,838
114000159,190,565,-375
114000160,134,1269,-1135
114000161,1328,2850,-1522
114000162,2293,3768,-1475
114000163,28,26,2
114000165,718,669,49
114000166,534,1004,-470
114000167,3381,1999,1382
114000168,704,335,369
114000169,1686,1569,117
114000170,1612,1539,73
114000171,3041,24315,-21274
114000174,285,457,-172
114000176,237,913,-676
114000177,893,558,335
114000178,193,62,131
114000179,1237,1575,-338
114000180,360,390,-30
114000181,1929,14368,-12439
114000182,925,3430,-2505
114000183,841,963,-122
114000184,3418,699,2719
114000185,2450,1284,1166
114000189,3464,208,3256
114000190,6958,594,6364
114000191,188,845,-657
114000192,236,824,-588
114000193,276,1259,-983
114000194,3114,1129,1985
114000195,472,581,-109
114000196,3,129,-126
114000197,4653,26,4627
114000198,1031,353,678
114000199,1518,2106,-588
114000200,763,1342,-579
114000201,395,1155,-760
114000202,1377,931,446
114000203,951,925,26
114000204,275,518,-243
114000205,433,1497,-1064
114000206,1205,1745,-540
114000207,777,1231,-454
114000208,808,1465,-657
114000209,431,1810,-1379
114000210,301,976,-675
114000211,1997,1822,175
114000212,866,1560,-694
114000213,2189,467,1722
114000214,137,107,30
114000215,318,157,161
114000216,3669,559,3110
114000217,703,277,426
114000218,979,161,818
114000219,2274,224,2050
114000220,119,876,-757
114000221,2534,285,2249
114000222,257,712,-455
114000223,1334,205,1129
114000224,82,504,-422
114000225,755,268,487
114000226,395,248,147
114000227,903,720,183
114000228,1407,825,582
114000229,2812,1695,1117
114000230,2517,1206,1311
114000231,2038,2049,-11
114000232,2518,305,2213
114000233,5065,110,4955
114000234,2032,908,1124
114000235,3038,1607,1431
114000236,0,503,-503
114000237,257,889,-632
114000238,217,604,-387
114000239,284,1249,-965
114000240,1634,2460,-826
114000241,443,1603,-1160
114000242,968,1146,-178
114000243,4497,1629,2868
114000244,1026,460,566
114000245,1108,1854,-746
114000246,219,79,140
114000247,812,883,-71
114000248,3126,997,2129
114000249,722,716,6
114000250,1399,394,1005
114000251,529,201,328
114000252,61,29,32
114000253,46,129,-83
114000254,120,52,68
114000255,1154,1631,-477
114000256,504,2423,-1919
114000257,993,1217,-224
114000258,1212,183,1029
114000259,539,424,115
114000260,2,67,-65
114000261,71,47,24
114000262,808,119,689
114000263,29,1,28
114000264,3178,721,2457
114000265,0,12,-12
114000267,6,3826,-3820
114000268,2,923,-921
114000270,532,7,525
114000271,584,103,481
114000283,2888,551,2337
114000285,13,149,-136
114000288,141,342,-201
114000289,4028,189,3839
114000293,608,788,-180
114000294,456,470,-14
114000395,2996,47,2949
114000396,1170,935,235
114000402,2247,233,2014
114000403,758,278,480
114000405,347,286,61
114000423,830,218,612
114000424,921,212,709
114000425,2237,152,2085
114000426,631,1337,-706
114000427,146,68,78
114000428,32,176,-144
114000429,16,115,-99
114000432,206,59,147
114000434,54,67,-13
114900001,1593,314,1279
114900002,491,164,327
114900003,1794,510,1284
114900004,450,662,-212
114900005,1136,340,796
114900006,100,116,-16
114900007,377,40,337
114900008,896,175,721
114900010,1569,2666,-1097
114900011,743,218,525
114900013,650,182,468
114900015,231,1106,-875
114900018,1518,80,1438
114900020,135,130,5
114900021,402,161,241
114900022,2,847,-845
114900024,342,259,83
114900025,1068,184,884
114900026,162,198,-36
114900027,234,223,11
114900029,70,27,43
114900030,518,269,249
114900031,1377,62,1315
114900032,1082,35,1047
114900033,1200,4240,-3040
114900034,30,72,-42
114900035,126,698,-572
114900036,315,287,28
114900037,179,66,113
114900038,620,385,235
114900039,1358,190,1168
114900040,180,36,144
114900041,2761,158,2603
114900042,3278,295,2983
114900043,383,103,280
114900044,233,111,122
114900045,225,127,98
114900046,45,88,-43
114900047,273,7874,-7601
114900048,50,153,-103
114900049,25,92,-67
114900050,55,175,-120
114900051,19,165,-146
114900052,61,376,-315
114900053,77,410,-333
114900054,58,67,-9
114900057,184,44,140
114900058,2,79,-77
114900059,292,157,135
114900060,346,892,-546
114900061,147,36,111
114900062,109,672,-563
114900063,198,42,156
114900064,4151,222,3929
114900065,624,1282,-658
114900067,28,428,-400
114900068,33,111,-78
114900069,247,33,214
114900070,904,193,711
114900072,2,191,-189
114900073,0,51,-51
114900074,2047,237,1810
114900075,255,12,243
114900076,4,236,-232
114900080,1067,161,906
114900082,2652,4486,-1834
114900083,417,1102,-685
114900084,692,94,598
114900090,1145,223,922
114900091,111,176,-65
114900095,295,84,211
114900096,238,569,-331
114900097,219,16,203
114900098,5,263,-258
114900099,412,35,377
115000001,6761,3482,3279
115000002,8579,9910,-1331
115000003,5391,3440,1951
115000004,8614,11011,-2397
115000005,3183,4646,-1463
115000006,2833,3485,-652
115000007,514,560,-46
115000008,785,786,-1
115000009,984,891,93
115000010,518,508,10
115000013,71,315,-244
115000015,37,401,-364
115000016,371,442,-71
115000019,57,1022,-965
115000020,404,2097,-1693
115000021,433,469,-36
115000022,506,265,241
115000023,699,645,54
115000024,913,246,667
115000025,1402,1004,398
115000026,220,267,-47
115000027,681,390,291
115000028,396,555,-159
115000029,1539,305,1234
115000030,891,823,68
115000031,1076,483,593
115000032,19,195,-176
115000033,366,22,344
115000034,194,1888,-1694
115000035,1387,168,1219
115000036,2,649,-647
115000037,957,56,901
115000038,121,255,-134
115000039,3718,6533,-2815
115000040,6087,3696,2391
115000041,3463,7651,-4188
115000042,761,1045,-284
115000043,5441,4983,458
115000044,3796,4778,-982
115000045,4882,1259,3623
115000046,5087,4994,93
115000047,5302,2371,2931
115000048,4823,2833,1990
115000049,2116,4747,-2631
115000050,5769,1761,4008
115000051,3117,9262,-6145
115000052,1427,1275,152
115000053,4977,4288,689
115000054,941,1470,-529
115000055,276,1897,-1621
115000056,99,426,-327
115000057,811,2652,-1841
115000058,68,638,-570
115000059,174,706,-532
115000061,189,449,-260
115000062,539,853,-314
115000063,740,539,201
115000064,511,176,335
115000065,137,801,-664
115000067,532,50,482
115000069,128,468,-340
115000070,36,1860,-1824
115000071,188,59,129
115000072,5,56,-51
115000073,3714,105,3609
115000075,213,111,102
115000076,3284,2708,576
115000077,3555,1836,1719
115000078,3739,1339,2400
115000079,3797,1670,2127
115000080,7904,1505,6399
115000081,304,575,-271
115000082,12387,8111,4276
115000083,4615,1062,3553
115000084,5601,1283,4318
115000085,2668,1405,1263
115000086,2740,1558,1182
115000087,708,3032,-2324
115000088,2645,1225,1420
115000089,2294,1441,853
115000090,914,1503,-589
115000091,451,587,-136
115000092,1281,1830,-549
115000093,1588,1,1587
115000094,6838,15375,-8537
115000095,5303,15921,-10618
115000096,2482,1013,1469
115000097,3610,3212,398
115000098,3939,840,3099
115000099,5755,1828,3927
115000100,3220,593,2627
115000101,1266,1370,-104
115000102,1298,333,965
115000103,680,803,-123
115000105,276,90,186
115000106,1826,1099,727
115000107,272,362,-90
115000108,3059,1905,1154
115000109,5157,8802,-3645
115000110,1938,3939,-2001
115000111,531,784,-253
115000112,1191,1380,-189
115000113,548,1045,-497
115000114,1047,748,299
115000116,3828,2720,1108
115000117,2640,3758,-1118
115000118,3181,2777,404
115000119,2477,3814,-1337
115000120,941,1525,-584
115000121,655,1047,-392
115000122,966,3513,-2547
115000123,2851,2715,136
115000124,1562,2069,-507
115000125,689,2304,-1615
115000126,332,1463,-1131
115000127,1030,426,604
115000128,579,2067,-1488
115000129,318,1135,-817
115000130,729,772,-43
115000131,1577,474,1103
115000132,1053,792,261
115000133,1497,321,1176
115000134,587,1096,-509
115000135,272,437,-165
115000136,415,677,-262
115000137,134,487,-353
115000138,718,396,322
115000139,543,304,239
115000140,939,294,645
115000141,401,114,287
115000142,469,86,383
115000143,1795,1435,360
115000144,674,128,546
115000145,622,328,294
115000146,801,1890,-1089
115000147,402,1153,-751
115000148,752,1116,-364
115000149,1483,516,967
115000150,1362,825,537
115000151,2581,622,1959
115000152,1810,1710,100
115000153,2991,660,2331
115000154,1857,351,1506
115000155,1563,2172,-609
115000156,1361,1726,-365
115000157,1012,3209,-2197
115000158,1001,1107,-106
115000159,734,2414,-1680
115000160,965,1417,-452
115000161,1492,694,798
115000162,624,1778,-1154
115000163,949,907,42
115000164,835,1419,-584
115000165,427,1241,-814
115000167,140,335,-195
115000168,793,1592,-799
115000169,451,2405,-1954
115000170,178,306,-128
115000171,333,1000,-667
115000172,1446,1280,166
115000173,379,2477,-2098
115000174,169,1217,-1048
115000175,223,305,-82
115000176,48,318,-270
115000177,71,451,-380
115000178,5,212,-207
115000179,57,174,-117
115000180,236,466,-230
115000181,2058,273,1785
115000182,3277,460,2817
115000183,1030,880,150
115000186,1322,198,1124
115000187,303,568,-265
115000188,876,890,-14
115000189,560,604,-44
115000190,1535,2045,-510
115000191,613,1324,-711
115000194,174,238,-64
115000195,275,659,-384
115000196,607,157,450
115000197,570,163,407
115000198,1435,259,1176
115000199,1117,151,966
115000200,960,298,662
115000201,516,258,258
115000206,1005,53,952
115000207,1028,349,679
115000208,570,1108,-538
115000209,1545,1060,485
115000210,273,434,-161
115000211,657,519,138
115000212,1826,663,1163
115000218,23,328,-305
115000219,91,70,21
115000224,268,127,141
115000225,138,80,58
115000229,429,91,338
115000230,144,519,-375
115000231,456,1239,-783
115000232,5963,595,5368
115000233,131,441,-310
115000234,84,455,-371
115000241,295,132,163
115000242,338,90,248
115000243,272,152,120
115000244,24,472,-448
115000246,97,54,43
115000247,21,48,-27
115000248,82,28,54
115000249,58,20,38
115000250,543,25,518
115000251,946,73,873
115000252,269,337,-68
115000253,40,1082,-1042
115000258,1002,77,925
115000259,513,94,419
115000261,91,35,56
115000262,51,51,0
115000263,91,73,18
115000264,21,22,-1
115000267,109,81,28
115000268,60,178,-118
115000269,170,97,73
115000270,7,45,-38
115000272,247,131,116
115000273,1159,49,1110
115000274,1021,143,878
115000280,1934,487,1447
115000281,354,912,-558
115000282,914,2523,-1609
115000284,99,480,-381
115000296,531,6,525
115000297,126,657,-531
115000298,99,1290,-1191
115000300,429,192,237
115000302,925,226,699
115000303,1936,86,1850
115000304,2297,172,2125
115000305,161,435,-274
115000306,573,216,357
115000307,329,367,-38
115000308,62,54,8
115000310,4598,833,3765
115000311,2535,1699,836
115000313,374,306,68
115000314,1248,499,749
115000315,1392,1437,-45
115000316,274,324,-50
115000317,458,687,-229
115000318,2054,772,1282
115000319,306,193,113
115000320,151,771,-620
115000321,1222,21,1201
115000322,80,173,-93
115000449,385,226,159
115000557,47,4048,-4001
115000558,166,313,-147
115000587,1607,460,1147
115000588,3153,4688,-1535
115000589,7623,5960,1663
115000590,1150,2517,-1367
115000591,2081,1772,309
115000592,650,2784,-2134
115000593,2362,2144,218
115000594,249,3668,-3419
115000609,459,180,279
115000617,581,3549,-2968
115000624,545,40,505
115000633,689,1723,-1034
115000634,5369,1024,4345
115000635,1541,177,1364
115000638,448,358,90
115000641,105,495,-390
115000642,445,361,84
115000643,171,408,-237
115000644,195,343,-148
115000646,965,2017,-1052
115000647,274,853,-579
115000648,6683,1369,5314
115000893,3207,1749,1458
115000894,288,1049,-761
115000895,329,1345,-1016
115000896,2394,759,1635
115000897,690,186,504
115000898,894,731,163
115000899,326,3010,-2684
115000900,125,1027,-902
115000901,90,436,-346
115000912,873,256,617
115000913,9,28,-19
115000915,10,0,10
115000916,2,1,1
115000917,0,66,-66
115000918,144,2047,-1903
115000919,3,198,-195
115000920,8,172,-164
115000921,634,232,402
115000922,395,1529,-1134
115000923,35,3091,-3056
115000925,190,286,-96
115000927,38,98,-60
115000933,53,468,-415
115900001,463,34,429
115900002,118,173,-55
115900003,409,203,206
115900004,0,51,-51
115900005,507,24,483
115900006,224,222,2
115900008,243,3,240
115900009,37,478,-441
115900010,1237,188,1049
115900011,803,353,450
115900012,541,11,530
115900013,605,352,253
115900014,231,135,96
115900015,495,56,439
115900016,244,71,173
115900017,121,16,105
115900018,225,28,197
115900019,473,49,424
115900020,194,11,183
115900021,935,2886,-1951
115900022,844,37,807
115900023,6,17,-11
115900025,18,219,-201
115900026,1022,141,881
115900027,0,210,-210
115900028,276,59,217
115900029,98,239,-141
115900030,86,32,54
115900031,48,500,-452
115900032,546,1331,-785
115900033,0,73,-73
115900034,73,163,-90
115900035,118,38,80
115900036,51,6637,-6586
115900037,41,138,-97
115900038,99,50,49
115900039,344,99,245
115900041,177,2073,-1896
115900042,90,10,80
115900043,183,42,141
115900044,318,1268,-950
115900046,1643,128,1515
115900047,130,362,-232
115900049,591,307,284
115900051,7,32,-25
115900052,82,122,-40
115900053,981,99,882
115900054,840,40,800
115900055,58,120,-62
115900056,539,162,377
115900057,10,45,-35
115900058,11,51,-40
115900060,138,135,3
115900061,859,28,831
115900062,272,63,209
115900063,30,1,29
115900064,652,330,322
115900065,460,70,390
115900066,50,90,-40
115900067,47,119,-72
115900068,1018,2804,-1786
115900069,87,296,-209
115900070,546,61,485
115900071,0,124,-124
115900072,63,155,-92
115900073,385,250,135
115900074,3,45,-42
115900075,140,194,-54
115900076,10,24,-14
115900077,0,41,-41
115900078,24,575,-551
115900079,1033,26,1007
115900080,144,90,54
115900081,79,10,69
115900082,165,918,-753
115900084,1139,18,1121
115900085,68,186,-118
115900086,1384,616,768
115900088,4,171,-167
115900089,1050,416,634
115900090,1628,20,1608
115900091,7,86,-79
115900092,114,100,14
115900093,24,38,-14
115900094,2,76,-74
115900096,10,11,-1
115900097,27,67,-40
115900098,727,294,433
115900099,116,91,25
115900100,35,300,-265
115900101,641,131,510
115900102,213,106,107
115900103,627,113,514
115900104,146,81,65
115900105,428,263,165
115900106,253,5,248
115900107,92,28,64
115900108,446,14,432
115900109,22,363,-341
115900110,56,2,54
115900111,3,68,-65
115900112,83,548,-465
115900113,130,40,90
115900114,25,70,-45
115900115,191,134,57
115900116,176,576,-400
115900117,265,36,229
115900118,5,68,-63
115900119,324,102,222
115900120,71,214,-143
115900121,584,193,391
115900124,387,1589,-1202
115900125,1102,186,916
115900126,2345,69,2276
115900127,2211,72,2139
115900128,15,239,-224
115900129,1158,45,1113
115900130,13,1689,-1676
115900131,966,66,900
115900132,1800,5,1795
115900134,810,29,781
115900135,1599,914,685
115900137,31,9,22
115900139,61,407,-346
115900140,1037,55,982
115900141,6,250,-244
115900142,34,114,-80
115900143,464,297,167
115900144,495,224,271
115900146,12,23,-11
115900147,330,591,-261
115900148,42,53,-11
115900149,411,6,405
115900150,308,30,278
115900151,177,143,34
115900152,525,220,305
115900153,259,160,99
115900154,650,540,110
115900155,0,44,-44
115900156,1227,1625,-398
115900157,477,1061,-584
115900158,46,7,39
115900159,423,375,48
115900160,8,20,-12
115900161,38,110,-72
115900163,722,156,566
115900164,1937,12,1925
115900165,5,527,-522
115900166,90,127,-37
115900168,503,191,312
115900171,286,518,-232
115900172,118,213,-95
115900173,449,163,286
115900174,297,526,-229
115900175,414,215,199
115900178,23,193,-170
115900179,969,26,943
115900180,200,37,163
115900181,662,124,538
115900182,1319,83,1236
115900183,88,669,-581
115900184,941,46,895
115900187,14,678,-664
115900189,3,310,-307
115900190,418,1816,-1398
115900191,34,231,-197
115900192,72,260,-188
115900193,214,340,-126
115900194,3037,95,2942
115900195,1037,7027,-5990
115900198,749,541,208
115900199,670,85,585
115900200,467,138,329
115900201,278,548,-270
115900202,9,464,-455
115900203,16,11,5
115900204,0,18,-18
115900205,3,27,-24
115900206,817,104,713
115900207,164,4,160
115900208,166,60,106
115900209,5,173,-168
115900210,5,454,-449
115900211,6,240,-234
115900212,336,198,138
115900213,120,301,-181
115900214,1129,62,1067
115900215,29,381,-352
115900216,6,46,-40
115900217,2,15,-13
115900218,0,13,-13
115900219,379,8,371
115900220,550,11,539
115900221,311,13,298
115900222,174,48,126
115900223,10,784,-774
115900224,984,4049,-3065
115900225,146,40,106
115900226,27,211,-184
115900227,6,93,-87
115900228,0,131,-131
115900229,16,133,-117
115900230,45,75,-30
115900231,320,4,316
115900232,221,3,218
115900233,274,12,262
115900234,128,82,46
115900235,87,78,9
115900236,36,117,-81
115900237,43,18,25
115900238,47,27,20
115900239,43,102,-59
115900240,27,90,-63
115900241,452,48,404
115900242,1134,1249,-115
115900243,44,21,23
115900244,25,81,-56
115900245,5,57,-52
115900246,18,21,-3
115900247,6,11,-5
115900248,15,7,8
115900249,26,7,19
115900250,123,14,109
115900251,51,1,50
115900252,44,1,43
115900253,114,14,100
115900254,55,118,-63
115900255,11,73,-62
115900256,90,259,-169
115900257,3,99,-96
115900258,0,11,-11
115900259,2,8,-6
115900260,17,8,9
115900261,6,1,5
115900262,1,0,1
115900263,30,0,30
115900264,75,5,70
115900265,5,11,-6
115900266,5,6,-1
115900267,1,6,-5
115900268,3,9,-6
115900269,1864,245,1619
115900270,782,158,624
116000001,11388,3386,8002
116000002,9736,25964,-16228
116000003,1844,2816,-972
116000004,6115,9825,-3710
116000005,1175,8087,-6912
116000006,5295,11723,-6428
116000007,2332,3111,-779
116000008,9615,5299,4316
116000009,1167,1184,-17
116000010,5884,2496,3388
116000011,857,1165,-308
116000012,4351,2018,2333
116000013,6843,9143,-2300
116000014,19092,41918,-22826
116000015,451,3937,-3486
116000016,9257,12402,-3145
116000017,150,1070,-920
116000018,976,948,28
116000019,3304,347,2957
116000020,1059,2442,-1383
116000021,2230,489,1741
116000022,1077,744,333
116000023,4123,2358,1765
116000024,1649,1887,-238
116000025,1734,1701,33
116000026,2132,7614,-5482
116000027,823,1556,-733
116000028,762,1691,-929
116000029,720,611,109
116000030,1098,773,325
116000031,108,326,-218
116000032,202,154,48
116000033,925,369,556
116000034,1182,764,418
116000035,683,513,170
116000036,938,8024,-7086
116000037,212,1378,-1166
116000038,146,2440,-2294
116000039,606,3078,-2472
116000040,853,2883,-2030
116000041,169,2221,-2052
116000042,1628,2076,-448
116000043,626,1457,-831
116000045,2552,3194,-642
116000046,1466,3583,-2117
116000047,4306,5625,-1319
116000048,5689,1900,3789
116000049,3432,3401,31
116000050,2950,2208,742
116000051,4565,3571,994
116000052,5446,4667,779
116000053,4288,1522,2766
116000054,2126,3885,-1759
116000055,2101,1754,347
116000056,3093,1593,1500
116000057,4788,1747,3041
116000058,9597,5840,3757
116000059,4582,7792,-3210
116000060,5654,2961,2693
116000061,266,1969,-1703
116000062,1111,739,372
116000063,1181,3525,-2344
116000066,764,1202,-438
116000067,640,698,-58
116000068,267,776,-509
116000069,738,425,313
116000078,1055,1145,-90
116000080,2933,688,2245
116000082,9,10,-1
116000083,3794,498,3296
116000084,1716,1842,-126
116000085,2631,2685,-54
116000086,958,573,385
116000087,4884,2228,2656
116000088,2683,1175,1508
116000089,315,74,241
116000090,363,210,153
116000091,338,509,-171
116000093,1548,405,1143
116000094,2227,482,1745
116000095,1617,841,776
116000096,4113,5735,-1622
116000097,2141,1345,796
116000098,50,22184,-22134
116000099,9034,392,8642
116000100,508,47,461
116000101,2450,746,1704
116000102,40,236,-196
116000103,902,733,169
116000104,342,1357,-1015
116000105,3205,332,2873
116000106,718,2039,-1321
116000107,5351,512,4839
116000108,70,807,-737
116000111,196,53,143
116000113,228,107,121
116000114,18,138,-120
116000115,601,186,415
116000116,402,242,160
116000117,2794,2100,694
116000118,3425,1424,2001
116000119,6381,2027,4354
116000120,4122,3100,1022
116000121,1889,743,1146
116000122,987,906,81
116000123,2424,715,1709
116000124,777,460,317
116000125,6409,839,5570
116000126,535,506,29
116000127,1315,564,751
116000128,4224,1245,2979
116000129,2923,157,2766
116000130,1641,1180,461
116000133,3672,1136,2536
116000134,2395,1388,1007
116000135,5911,1736,4175
116000136,1267,1993,-726
116000137,1859,1201,658
116000138,3355,1269,2086
116000139,4030,11395,-7365
116000140,280,686,-406
116000141,1197,649,548
116000142,4831,2447,2384
116000143,4332,1502,2830
116000144,3686,2491,1195
116000145,4301,1345,2956
116000146,2287,179,2108
116000147,740,918,-178
116000148,2175,3112,-937
116000149,1452,1693,-241
116000151,947,1788,-841
116000153,287,506,-219
116000155,333,1025,-692
116000156,1594,903,691
116000157,7,0,7
116000158,636,220,416
116000159,0,0,0
116000160,167,132,35
116000161,16,154,-138
116000162,240,523,-283
116000163,140,94,46
116000164,38,140,-102
116000177,140,1076,-936
116000194,113,531,-418
116000195,2463,964,1499
116000196,235,17,218
116000197,206,88,118
116000198,3224,2358,866
116000200,1921,1563,358
116000201,922,917,5
116000202,12,231,-219
116000203,1,29,-28
116000204,1,18,-17
116000205,0,59,-59
116000206,0,109,-109
116000207,9,48,-39
116000233,296,924,-628
116000287,667,182,485
116000288,673,383,290
116000292,233,334,-101
116000296,8,169,-161
116000297,61,37,24
116000304,487,7,480
116000305,7,285,-278
116000346,380,357,23
116000352,384,354,30
116000354,145,148,-3
116000357,50,44,6
116000358,1226,270,956
116000361,70,1,69
116000372,5639,15381,-9742
116000381,261,9,252
116000388,1,40,-39
116000389,1446,484,962
116000445,2124,363,1761
116000446,1095,305,790
116000447,38,1011,-973
116000448,922,92,830
116000563,1274,1411,-137
116000565,55,296,-241
116000568,95,1201,-1106
116000579,37,94,-57
116000584,115,11,104
116000585,147,51,96
116000586,78,230,-152
116000587,465,406,59
116000589,138,119,19
116000590,335,145,190
116000591,459,189,270
116000592,4,43,-39
116000593,0,19,-19
116000594,3890,214,3676
116000595,1763,67,1696
116000596,631,11,620
116000597,1398,615,783
116000598,43,109,-66
116000602,81,1569,-1488
116000605,209,182,27
116000606,104,494,-390
116000607,4,192,-188
116000609,155,3117,-2962
116000611,557,228,329
116000612,3677,2101,1576
116000613,1172,376,796
116000614,1008,294,714
116000615,80,1212,-1132
116000616,113,126,-13
116000617,344,19,325
116000618,6,70,-64
116000619,53,176,-123
116000620,512,240,272
116000621,159,169,-10
116000622,168,134,34
116000624,141,185,-44
116900001,682,458,224
116900002,524,1,523
116900003,145,7,138
116900004,123,219,-96
116900005,387,61,326
116900006,193,212,-19
116900007,260,778,-518
116900008,1881,159,1722
116900009,26,35,-9
116900010,12,558,-546
116900011,18,84,-66
116900012,511,595,-84
116900013,7,188,-181
116900014,446,77,369
116900015,1391,92,1299
116900016,286,3,283
116900017,0,563,-563
116900018,234,236,-2
116900019,11,129,-118
116900020,605,2489,-1884
116900023,55,14,41
116900024,1723,70,1653
116900025,3197,890,2307
116900026,110,746,-636
116900027,112,64,48
116900028,6,33,-27
116900029,0,276,-276
116900031,1,13,-12
116900032,1,106,-105
116900033,71,15,56
116900034,13,12,1
116900035,195,336,-141
116900036,6,183,-177
116900038,10,5,5
116900041,708,45,663
116900042,153,236,-83
116900043,6,128,-122
116900045,435,112,323
116900047,69,487,-418
116900049,23,346,-323
116900050,60,335,-275
116900051,965,31,934
116900052,506,97,409
116900055,0,49,-49
116900057,19,177,-158
116900058,18,380,-362
116900059,0,80,-80
116900060,375,831,-456
116900062,0,13,-13
116900064,121,236,-115
116900065,25,180,-155
116900067,313,83,230
116900068,222,160,62
116900070,5,23,-18
116900072,30,117,-87
116900073,25,145,-120
116900074,9,81,-72
116900076,41,113,-72
116900077,2,33,-31
116900078,243,28,215
116900079,90,180,-90
116900080,3,43,-40
116900081,297,746,-449
116900082,231,1649,-1418
116900083,12,16,-4
116900084,101,78,23
116900085,16,112,-96
116900086,51,345,-294
116900088,667,75,592
116900090,15,21,-6
116900091,1245,53,1192
116900092,92,409,-317
116900093,6529,1818,4711
116900094,6608,12434,-5826
116900095,549,827,-278
116900096,214,873,-659
116900097,1490,7861,-6371
116900098,707,370,337
116900099,315,1443,-1128
116900100,2157,198,1959
116900101,267,1202,-935
116900103,26,0,26
116900104,43,508,-465
116900105,900,472,428
116900106,6239,130,6109
116900107,1824,5433,-3609
116900110,46,2,44
116900111,1641,375,1266
116900112,537,521,16
116900113,1585,2665,-1080
116900116,64,1522,-1458
116900117,431,318,113
116900118,2314,1246,1068
116900120,878,117,761
116900121,404,59,345
116900122,2436,361,2075
116900123,1581,251,1330
116900124,173,361,-188
116900125,1374,244,1130
116900126,271,1405,-1134
116900128,8,97,-89
116900129,1,307,-306
116900130,2507,10066,-7559
116900131,125,594,-469
116900132,262,213,49
116900133,477,274,203
116900134,603,423,180
116900136,557,254,303
116900137,557,185,372
116900138,281,134,147
116900139,127,299,-172
116900140,250,49,201
116900141,613,136,477
116900142,14,77,-63
116900143,984,534,450
116900144,163,48,115
116900145,157,860,-703
116900147,259,4040,-3781
116900148,21,53,-32
116900149,65,400,-335
116900150,41,20,21
116900151,963,268,695
116900153,273,205,68
116900154,229,1209,-980
116900155,236,293,-57
116900157,2248,123,2125
116900158,166,637,-471
116900159,221,980,-759
116900160,1607,1111,496
116900161,8454,20922,-12468
116900162,57,102,-45
116900163,693,101,592
116900164,268,80,188
116900165,1320,663,657
116900166,247,74,173
116900167,936,57,879
116900168,1173,68,1105
116900169,297,4213,-3916
116900170,1195,640,555
116900171,152,210,-58
116900172,244,1073,-829
116900173,681,17,664
116900174,148,133,15
116900175,546,1116,-570
116900178,95,131,-36
116900179,40,777,-737
116900180,137,13,124
116900182,2825,656,2169
116900183,355,195,160
116900185,47,35,12
116900186,134,80,54
116900187,95,188,-93
116900188,243,24,219
116900189,48,0,48
116900191,337,350,-13
116900192,887,229,658
116900194,297,3375,-3078
116900195,42,25,17
116900196,74,32,42
116900197,261,36,225
116900198,90,743,-653
116900200,154,2,152
116900201,463,18,445
116900202,130,47,83
116900203,306,13,293
116900204,71,559,-488
116900206,50,5,45
116900207,37,97,-60
116900208,9,125,-116
116900209,26,45,-19
116900210,1532,715,817
116900211,375,22,353
116900212,144,11,133
116900213,558,204,354
116900214,681,491,190
116900215,133,92,41
116900216,819,286,533
116900218,15,326,-311
116900219,498,166,332
116900220,209,545,-336
116900221,483,441,42
116900222,551,425,126
116900223,153,209,-56
116900226,427,22,405
116900227,463,41,422
116900228,544,300,244
116900230,134,118,16
116900231,109,185,-76
116900232,57,210,-153
116900233,718,144,574
116900234,57,28,29
116900235,333,399,-66
116900238,770,190,580
116900239,1,974,-973
116900240,5988,7498,-1510
116900241,511,79,432
116900242,727,2840,-2113
116900243,4,85,-81
116900245,125,103,22
116900246,328,23,305
116900247,1754,25,1729
116900248,100,65,35
116900249,1391,90,1301
116900250,914,153,761
116900251,688,3144,-2456
116900252,576,819,-243
116900253,276,97,179
116900254,160,229,-69
116900255,217,273,-56
116900256,1807,248,1559
116900257,83,175,-92
116900258,7,46,-39
116900259,674,11,663
116900260,4,32,-28
116900261,168,2,166
116900262,251,169,82
116900263,0,27,-27
116900264,2,22,-20
116900265,361,0,361
116900266,57,17,40
116900267,69,1,68
116900268,71,297,-226
116900269,619,2795,-2176
116900271,1089,1204,-115
116900272,1093,807,286
116900273,59,1367,-1308
116900274,408,56,352
116900275,764,81,683
116900276,331,869,-538
116900277,345,280,65
116900278,3,4,-1
116900279,17,42,-25
116900280,225,35,190
116900281,4780,13102,-8322
116900282,0,36,-36
116900283,3,26,-23
116900284,16,139,-123
116900285,154,980,-826
116900286,172,11,161
116900287,2,42,-40
116900288,270,23,247
116900289,60,2,58
116900290,48,5,43
116900291,35,9,26
116900292,0,37,-37
116900293,220,4,216
116900294,22,123,-101
116900295,279,918,-639
116900296,42,345,-303
116900297,5,141,-136
116900298,137,212,-75
116900299,33,376,-343
116900300,0,125,-125
116900301,82,967,-885
116900302,456,2007,-1551
116900303,315,446,-131
116900304,0,334,-334
116900305,30,61,-31
116900306,435,184,251
117000001,5847,7490,-1643
117000002,2841,8259,-5418
117000003,9963,8131,1832
117000004,3428,12340,-8912
117000005,6290,5687,603
117000006,1295,3770,-2475
117000007,12492,2524,9968
117000008,1741,4580,-2839
117000009,8071,2886,5185
117000010,1652,3206,-1554
117000011,5766,2487,3279
117000012,2981,1709,1272
117000013,5196,2517,2679
117000014,2450,3332,-882
117000015,7869,3498,4371
117000016,541,1458,-917
117000017,200,4344,-4144
117000018,289,2290,-2001
117000019,156,16,140
117000020,1981,4767,-2786
117000021,5695,787,4908
117000022,313,1570,-1257
117000023,187,938,-751
117000024,317,2682,-2365
117000025,279,10276,-9997
117000026,3348,8516,-5168
117000027,2130,3893,-1763
117000028,1562,5074,-3512
117000030,248,309,-61
117000032,2249,3142,-893
117000033,4116,5538,-1422
117000034,304,70,234
117000036,517,249,268
117000038,568,567,1
117000039,56,210,-154
117000040,131,888,-757
117000041,2463,135,2328
117000044,12,783,-771
117000045,2792,1005,1787
117000046,710,2274,-1564
117000047,1573,2169,-596
117000048,2512,2099,413
117000049,106,2021,-1915
117000050,911,1841,-930
117000051,4966,108,4858
117000052,126,147,-21
117000053,1929,46,1883
117000054,3670,10,3660
117000055,24,1644,-1620
117000056,1458,52,1406
117000057,881,2228,-1347
117000060,906,2196,-1290
117000061,4861,3752,1109
117000062,353,1909,-1556
117000063,3456,1766,1690
117000064,904,1318,-414
117000066,1114,1753,-639
117000067,113,1091,-978
117000074,19,429,-410
117000076,88,52,36
117000077,585,296,289
117000078,350,1229,-879
117000079,829,458,371
117000080,2,1106,-1104
117000081,1779,385,1394
117000082,57,196,-139
117000083,236,13,223
117000084,540,3,537
117000085,1051,1510,-459
117000086,1738,372,1366
117000087,235,842,-607
117000088,802,356,446
117000089,5611,352,5259
117000090,800,936,-136
117000091,3174,362,2812
117000092,1021,1167,-146
117000093,4625,696,3929
117000094,1296,1809,-513
117000095,6718,1027,5691
117000096,1523,1576,-53
117000097,5376,1765,3611
117000098,2293,2895,-602
117000099,10073,2032,8041
117000100,347,570,-223
117000101,166,968,-802
117000102,4777,1116,3661
117000103,948,1589,-641
117000104,3453,1227,2226
117000105,900,1610,-710
117000106,4398,1271,3127
117000107,1085,1947,-862
117000108,4454,1991,2463
117000109,1975,3002,-1027
117000110,3238,3903,-665
117000111,7495,8562,-1067
117000112,7716,2406,5310
117000113,269,162,107
117000114,582,322,260
117000115,129,83,46
117000116,434,441,-7
117000117,4082,2781,1301
117000118,1172,1136,36
117000119,254,1606,-1352
117000120,118,3786,-3668
117000121,31,2507,-2476
117000122,1744,2624,-880
117000123,8223,147,8076
117000124,220,1124,-904
117000125,94,3838,-3744
117000126,85,366,-281
117000127,267,2577,-2310
117000128,160,4386,-4226
117000129,303,1000,-697
117000130,48,0,48
117000131,0,124,-124
117000132,12105,20,12085
117000133,7205,105,7100
117000134,0,370,-370
117000135,0,650,-650
117000136,0,238,-238
117000137,437,186,251
117000138,2,2234,-2232
117000140,665,1516,-851
117000141,3722,1072,2650
117000181,844,260,584
117000182,5531,3034,2497
117000195,247,672,-425
117000196,553,406,147
117000225,50,578,-528
117000226,2,509,-507
117000276,643,43,600
117000277,1,154,-153
117000310,1807,4597,-2790
117000315,933,1715,-782
117000320,123,0,123
117000906,1291,45,1246
117000907,6,236,-230
117000908,6,437,-431
117000909,146,322,-176
117000910,459,173,286
117000911,106,240,-134
117000915,5,212,-207
117000916,240,37,203
117000917,3781,195,3586
117000918,499,143,356
117000919,5,42,-37
117000920,2,1600,-1598
117000921,0,376,-376
117000922,46,124,-78
117000924,2858,961,1897
117000926,2257,1318,939
117000927,414,1180,-766
117000928,0,240,-240
117000929,984,224,760
117000930,1450,30,1420
117000931,266,267,-1
117900002,88,2139,-2051
117900003,144,329,-185
117900005,7,452,-445
117900006,0,190,-190
117900007,414,151,263
117900008,0,18,-18
117900010,780,193,587
117900011,39,3069,-3030
117900012,262,70,192
117900013,0,386,-386
117900014,1143,165,978
117900015,37,190,-153
117900016,1852,2185,-333
117900017,2374,521,1853
117900018,943,1828,-885
117900019,2450,490,1960
117900020,80,469,-389
117900021,81,456,-375
117900022,44,10,34
117900023,7738,210,7528
117900024,242,206,36
117900025,41,5,36
117900026,1642,437,1205
117900028,182,35,147
117900029,1246,1302,-56
117900030,835,998,-163
117900031,939,2119,-1180
117900032,1586,1049,537
117900033,1649,828,821
117900034,63,96,-33
117900035,593,570,23
117900036,1439,486,953
117900037,417,95,322
117900038,146,152,-6
117900039,0,81,-81
117900040,445,118,327
117900041,0,52,-52
117900042,4323,1434,2889
117900043,3,28,-25
117900044,139,10794,-10655
117900045,736,210,526
117900048,970,226,744
117900049,1038,991,47
117900050,34,1799,-1765
117900051,100,122,-22
117900052,233,1358,-1125
117900053,3689,237,3452
117900054,0,17,-17
117900055,5711,788,4923
117900056,171,143,28
117900057,2040,1143,897
117900058,212,2434,-2222
117900059,235,503,-268
117900060,5125,2508,2617
117900061,32,847,-815
117900063,1560,482,1078
117900065,420,1747,-1327
117900066,11,320,-309
117900067,2428,346,2082
117900069,2788,217,2571
117900070,81,934,-853
117900071,363,355,8
117900073,1948,315,1633
117900074,66,1486,-1420
117900075,328,289,39
117900076,52,321,-269
117900077,1749,146,1603
117900078,945,1046,-101
117900080,391,177,214
117900081,388,403,-15
117900082,1692,571,1121
117900083,1393,1321,72
117900086,550,362,188
117900087,272,33,239
117900088,1027,1388,-361
117900089,4606,885,3721
117900090,1676,1595,81
117900091,349,96,253
117900092,232,174,58
117900093,209,59,150
117900094,126,87,39
117900095,1200,760,440
117900096,428,1849,-1421
117900097,276,62,214
117900098,144,35,109
117900099,436,1587,-1151
117900100,1801,7,1794
117900101,2330,4750,-2420
117900102,227,47,180
117900103,170,29,141
117900104,33,978,-945
117900105,119,221,-102
117900106,257,26,231
117900107,147,3,144
117900109,2708,943,1765
117900110,512,3,509
117900111,2526,242,2284
117900112,143,44,99
117900113,1774,5105,-3331
117900114,102,0,102
117900115,65,886,-821
117900116,1150,827,323
117900117,2092,391,1701
117900118,517,1,516
117900119,521,48,473
117900120,2204,45,2159
117900121,218,208,10
117900122,1544,11535,-9991
117900123,2781,893,1888
117900124,337,1041,-704
117900125,2792,1798,994
117900126,253,358,-105
117900127,1683,807,876
117900128,920,349,571
117900129,266,4,262
117900130,1497,830,667
117900131,22,118,-96
117900132,22,102,-80
117900133,30,60,-30
117900134,64,324,-260
117900135,65,90,-25
117900136,0,15,-15
117900137,196,331,-135
117900138,0,1,-1
117900139,140,104,36
117900140,12960,2453,10507
117900141,82,967,-885
117900142,76,1185,-1109
117900144,96,3303,-3207
117900145,39,834,-795
117900146,74,1083,-1009
117900147,288,401,-113
117900148,7714,8902,-1188
117900149,139,330,-191
117900150,167,145,22
117900151,96,883,-787
117900152,125,404,-279
117900153,90,460,-370
117900154,1371,1351,20
117900156,650,614,36
117900157,134,869,-735
117900158,704,160,544
117900160,1727,1442,285
117900161,1176,1117,59
117900162,1615,731,884
117900163,69,2082,-2013
117900165,0,11,-11
117900166,14,544,-530
117900168,111,189,-78
117900169,5,52,-47
117900170,1,44,-43
117900171,5,10,-5
117900172,43,28,15
117900173,108,107,1
117900174,46,159,-113
117900175,9,26,-17
117900176,31,11,20
117900177,103,46,57
117900178,154,73,81
117900180,442,119,323
117900181,112,948,-836
117900182,6,108,-102
117900183,256,426,-170
117900184,75,187,-112
117900185,125,42,83
117900186,117,26,91
117900187,56,5,51
117900188,499,84,415
117900189,198,71,127
117900190,21,0,21
117900191,263,3,260
117900192,497,0,497
117900193,12,71,-59
117900194,41,24,17
117900195,18,179,-161
117900196,26,44,-18
117900207,153,273,-120
117900208,74,94,-20
117900209,281,84,197
117900210,137,145,-8
117900211,4,70,-66
117900212,291,320,-29
117900213,57,23,34
117900214,32,3,29
117900216,14,173,-159
117900217,76,821,-745
117900218,1228,606,622
117900219,6,647,-641
117900220,17,984,-967
117900221,11,132,-121
118000001,1588,5553,-3965
118000002,1069,2297,-1228
118000003,3160,9545,-6385
118000004,1678,13162,-11484
118000005,8281,4886,3395
118000006,10137,7322,2815
118000007,9923,23857,-13934
118000008,1625,14865,-13240
118000009,2823,7067,-4244
118000010,6344,6686,-342
118000011,5077,2357,2720
118000012,2028,4149,-2121
118000013,6067,6208,-141
118000014,3071,2975,96
118000016,693,275,418
118000017,1753,643,1110
118000018,683,263,420
118000019,1528,3476,-1948
118000020,563,3451,-2888
118000021,1015,5275,-4260
118000022,1755,1224,531
118000023,805,643,162
118000024,702,1468,-766
118000025,256,1193,-937
118000027,21527,9778,11749
118000029,1067,1028,39
118000032,338,3595,-3257
118000033,2680,8253,-5573
118000034,4766,6814,-2048
118000035,3649,4041,-392
118000036,1592,2179,-587
118000037,1604,5766,-4162
118000038,1657,198,1459
118000039,242,122,120
118000040,3975,4075,-100
118000041,8012,3070,4942
118000045,207,525,-318
118000046,1769,3413,-1644
118000047,1112,10110,-8998
118000048,2218,9293,-7075
118000051,1858,11255,-9397
118000052,951,3532,-2581
118000053,793,4084,-3291
118000054,7536,1649,5887
118000055,7176,3142,4034
118000056,90,1286,-1196
118000057,369,718,-349
118000058,2806,11414,-8608
118000059,2220,6049,-3829
118000060,2779,1156,1623
118000061,2359,2768,-409
118000062,638,308,330
118000063,786,1509,-723
118000064,1165,2538,-1373
118000065,2898,3442,-544
118000066,2798,7755,-4957
118000067,584,1281,-697
118000068,2065,20810,-18745
118000069,1773,3287,-1514
118000070,15127,4332,10795
118000071,10865,21092,-10227
118000072,1095,7829,-6734
118000073,647,3898,-3251
118000074,949,897,52
118000075,956,614,342
118000076,4098,18030,-13932
118000077,1855,4178,-2323
118000078,3389,5780,-2391
118000079,425,1263,-838
118000080,658,3001,-2343
118000081,2494,3728,-1234
118000082,836,2138,-1302
118000083,2452,3513,-1061
118000084,3132,5249,-2117
118000086,195,1367,-1172
118000087,9553,4812,4741
118000088,1968,3829,-1861
118000089,8161,7010,1151
118000090,1463,7452,-5989
118000091,3139,9014,-5875
118000092,1661,1465,196
118000093,229,1237,-1008
118000096,1452,1584,-132
118000097,1297,1714,-417
118000098,332,674,-342
118000099,1670,649,1021
118000101,3904,749,3155
118000102,675,907,-232
118000107,6731,1008,5723
118000108,2211,10045,-7834
118000110,0,82,-82
118000111,13,236,-223
118000112,2523,8,2515
118000113,28,514,-486
118000114,2281,39,2242
118000115,24,19,5
118000116,69,1,68
118000117,1048,2913,-1865
118000118,2391,4189,-1798
118000119,2465,4261,-1796
118000120,2152,2144,8
118000121,10,1032,-1022
118000122,1022,453,569
118000123,64,499,-435
118000125,1579,5187,-3608
118000126,1516,5371,-3855
118000127,2207,3002,-795
118000128,611,5290,-4679
118000129,3553,2136,1417
118000130,4406,7046,-2640
118000131,978,2345,-1367
118000132,5027,4678,349
118000133,2844,1855,989
118000135,1178,2684,-1506
118000136,243,3397,-3154
118000137,777,541,236
118000138,786,826,-40
118000139,973,321,652
118000140,10283,19239,-8956
118000141,6355,3069,3286
118000142,6625,3470,3155
118000143,6141,2974,3167
118000144,1289,1023,266
118000145,2491,1901,590
118000146,2898,631,2267
118000147,2458,1392,1066
118000148,1961,2530,-569
118000149,1581,633,948
118000150,1490,378,1112
118000151,1595,490,1105
118000153,3957,1362,2595
118000154,2915,1923,992
118000155,5233,1666,3567
118000156,4435,7575,-3140
118000157,1356,513,843
118000158,565,983,-418
118000159,93,183,-90
118000160,1888,544,1344
118000161,1554,471,1083
118000162,2355,1528,827
118000163,2219,1800,419
118000164,3978,2979,999
118000168,965,3198,-2233
118000169,2024,1200,824
118000170,5677,4219,1458
118000171,769,1125,-356
118000172,91,315,-224
118000173,1574,2565,-991
118000175,246,341,-95
118000176,828,579,249
118000177,631,1124,-493
118000178,58,50,8
118000179,1155,1096,59
118000180,1115,810,305
118000181,719,289,430
118000182,549,266,283
118000183,391,438,-47
118000184,2851,827,2024
118000185,759,3598,-2839
118000186,556,2535,-1979
118000187,5129,593,4536
118000188,1753,102,1651
118000189,3057,550,2507
118000190,10,19,-9
118000191,16,61,-45
118000192,242,529,-287
118000193,159,181,-22
118000194,4786,1580,3206
118000195,505,12983,-12478
118000196,122,2989,-2867
118000197,81,545,-464
118000198,752,3800,-3048
118000199,522,4228,-3706
118000200,258,2013,-1755
118000201,250,2095,-1845
118000202,65,1311,-1246
118000203,394,2958,-2564
118000204,86,1354,-1268
118000205,134,725,-591
118000206,434,1042,-608
118000207,0,122,-122
118000208,3072,2771,301
118000209,5330,1060,4270
118000210,354,52,302
118000211,253,120,133
118000213,803,13277,-12474
118000214,662,1848,-1186
118000215,830,174,656
118000216,19605,4058,15547
118000217,34,107,-73
118000218,280,40,240
118000219,485,626,-141
118000220,133,89,44
118000221,1715,1707,8
118000222,105,28,77
118000223,171,40,131
118000224,207,121,86
118000225,380,3562,-3182
118000226,2631,344,2287
118000227,2188,1039,1149
118000228,137,840,-703
118000229,75,2366,-2291
118000230,223,662,-439
118000231,71,1235,-1164
118000232,1908,314,1594
118000233,2785,934,1851
118000234,1325,145,1180
118000236,540,1185,-645
118000237,503,659,-156
118000238,571,254,317
118000239,604,825,-221
118000240,194,155,39
118000241,720,337,383
118000242,1336,466,870
118000243,557,286,271
118000244,173,73,100
118000246,0,68,-68
118000255,43,585,-542
118000256,302,325,-23
118000259,84,216,-132
118000260,506,94,412
118000261,236,14,222
118000263,234,456,-222
118000266,480,372,108
118000267,1,831,-830
118000268,528,30,498
118000270,615,14,601
118000271,455,270,185
118000272,149,51,98
118000273,646,39,607
118000274,225,642,-417
118000276,791,291,500
118000295,94,220,-126
118000298,298,119,179
118000299,165,118,47
118000301,3,329,-326
118000302,298,40,258
118000311,2553,103,2450
118000312,895,148,747
118000313,238,79,159
118000314,429,19,410
118000315,280,20,260
118000316,1744,644,1100
118000325,215,84,131
118000326,145,41,104
118000331,89,35,54
118000332,44,56,-12
118000333,82,86,-4
118000335,1621,2,1619
118000336,3,337,-334
118000407,715,45,670
118000457,20,229,-209
118000465,957,5131,-4174
118000480,192,81,111
118000489,33,1170,-1137
118000490,46,648,-602
118000492,695,229,466
118000510,150,54,96
118000514,112,1279,-1167
118000515,946,2679,-1733
118000517,845,231,614
118000524,223,1237,-1014
118000525,939,1182,-243
118000530,47,397,-350
118000531,891,339,552
118000532,475,365,110
118000533,439,195,244
118000534,1555,559,996
118000535,644,114,530
118000536,98,975,-877
118000537,40,246,-206
118000538,52,298,-246
118000539,64,325,-261
118000540,394,604,-210
118000541,85,200,-115
118000542,233,918,-685
118000543,533,947,-414
118000546,133,83,50
118000560,1911,4815,-2904
118000562,187,148,39
118000563,2496,1685,811
118000576,210,44,166
118000577,209,231,-22
118000578,114,84,30
118000579,715,4621,-3906
118000595,327,107,220
118000596,6,1336,-1330
118000597,246,56,190
118000598,31,5,26
118000599,484,34,450
118000600,0,25,-25
118000601,101,6,95
118000602,0,55,-55
118000603,0,10,-10
118900001,1253,2156,-903
118900002,1906,1571,335
118900003,1681,18,1663
118900004,397,160,237
118900005,222,32,190
118900006,401,17,384
118900007,2,2,0
118900008,2923,137,2786
118900009,238,347,-109
118900010,264,18,246
118900011,202,21,181
118900012,323,644,-321
118900013,3612,1246,2366
118900015,451,35,416
118900016,3,0,3
118900017,35,326,-291
118900018,2690,113,2577
118900019,36,7,29
118900020,64,336,-272
118900021,248,2165,-1917
118900022,165,24,141
118900023,111,393,-282
118900024,122,223,-101
118900025,47,160,-113
118900026,68,13,55
118900027,1031,374,657
118900028,484,175,309
118900029,386,966,-580
118900030,1485,245,1240
118900031,130,65,65
118900032,486,106,380
118900033,596,1934,-1338
118900034,520,76,444
118900035,237,116,121
118900036,1835,549,1286
118900037,485,1850,-1365
118900038,1076,88,988
118900039,1631,268,1363
118900040,475,146,329
118900041,1762,595,1167
118900042,113,93,20
118900045,410,266,144
118900046,478,462,16
118900047,587,615,-28
118900048,213,1418,-1205
118900049,301,62,239
118900050,147,13,134
118900051,58,386,-328
118900052,452,1346,-894
118900053,49,112,-63
118900054,370,9,361
118900055,357,9,348
118900056,55,1148,-1093
118900057,1616,933,683
118900058,742,1049,-307
118900059,52,220,-168
118900060,69,99,-30
118900062,627,186,441
118900064,561,1068,-507
118900065,68,328,-260
118900066,234,137,97
118900067,6529,7953,-1424
118900068,9,719,-710
118900069,945,434,511
118900071,10,23,-13
118900072,1747,1455,292
118900073,496,223,273
118900074,679,207,472
118900075,486,13,473
118900076,437,394,43
118900077,1204,258,946
118900078,8,0,8
118900079,39,272,-233
118900080,210,54,156
118900081,70,46,24
118900082,4797,429,4368
118900083,41,6,35
118900084,32,40,-8
118900085,562,674,-112
118900086,66,154,-88
118900087,324,1984,-1660
118900088,0,1,-1
118900089,13,43,-30
118900090,620,196,424
118900091,417,525,-108
118900092,685,51,634
118900093,165,39,126
118900096,63,40,23
118900097,609,795,-186
118900099,82,202,-120
118900100,117,600,-483
118900101,600,269,331
118900102,97,179,-82
118900103,39,251,-212
118900104,978,155,823
118900105,374,136,238
118900107,145,91,54
118900108,222,503,-281
118900109,191,387,-196
118900110,2384,2603,-219
118900111,1995,739,1256
118900112,594,787,-193
118900113,90,530,-440
118900114,7,333,-326
118900115,304,706,-402
118900116,122,323,-201
118900117,183,154,29
118900118,728,310,418
118900119,441,315,126
118900120,155,425,-270
118900121,45,289,-244
118900122,6,1862,-1856
118900123,277,308,-31
118900124,313,412,-99
118900126,100,478,-378
118900129,490,254,236
118900130,47,227,-180
118900131,829,254,575
118900132,803,313,490
118900133,18,354,-336
118900135,651,357,294
118900136,573,437,136
118900137,13,385,-372
118900139,608,291,317
118900140,1108,637,471
118900141,222,167,55
118900144,644,299,345
118900145,42,280,-238
118900146,980,496,484
118900147,175,1903,-1728
118900148,163,61,102
118900150,171,1037,-866
118900152,944,430,514
118900157,127,759,-632
118900158,444,48,396
118900159,1,316,-315
118900161,73,71,2
118900163,72,65,7
118900164,2,73,-71
118900165,203,73,130
118900166,21,0,21
118900167,120,63,57
118900168,101,251,-150
118900169,442,213,229
118900170,868,111,757
118900171,225,96,129
118900174,195,95,100
118900175,1204,519,685
118900176,309,469,-160
118900177,243,9,234
118900178,165,145,20
118900179,20,25,-5
118900181,278,109,169
118900182,123,114,9
118900183,23,435,-412
118900184,230,51,179
118900185,276,58,218
118900186,67,544,-477
118900187,171,1550,-1379
118900188,560,462,98
118900189,58,1149,-1091
118900190,284,358,-74
118900191,1060,139,921
118900192,1340,84,1256
118900193,2056,20,2036
118900195,298,976,-678
118900196,54,226,-172
118900197,735,137,598
118900198,76,15,61
118900199,129,11,118
118900200,64,66,-2
118900201,43,130,-87
118900202,9,100,-91
118900203,114,10,104
118900204,46,5,41
118900205,7,0,7
118900206,1,2,-1
119000001,2895,3785,-890
119000002,5689,6405,-716
119000003,7477,1685,5792
119000004,5027,4378,649
119000005,4536,5471,-935
119000006,8280,3421,4859
119000007,8175,9235,-1060
119000008,4381,3880,501
119000009,3642,13946,-10304
119000010,6673,8285,-1612
119000011,3547,4408,-861
119000012,2305,6856,-4551
119000013,6120,3400,2720
119000014,3190,4137,-947
119000019,517,460,57
119000020,5339,2929,2410
119000021,9641,6361,3280
119000022,2557,9293,-6736
119000023,280,849,-569
119000024,4237,46998,-42761
119000025,7181,2297,4884
119000026,59,1118,-1059
119000027,236,919,-683
119000028,3669,1015,2654
119000029,105,468,-363
119000030,786,1062,-276
119000031,2186,1011,1175
119000032,3090,2426,664
119000033,3816,1418,2398
119000034,2961,1101,1860
119000035,84,274,-190
119000036,5723,534,5189
119000037,3633,1214,2419
119000038,697,528,169
119000039,1534,938,596
119000040,1662,1996,-334
119000041,1715,3551,-1836
119000048,3959,2166,1793
119000049,6716,3812,2904
119000050,2143,2847,-704
119000051,4885,2238,2647
119000052,8608,3510,5098
119000053,3835,1883,1952
119000054,7209,1771,5438
119000055,12525,2299,10226
119000056,8445,2205,6240
119000057,3421,1246,2175
119000058,2974,1563,1411
119000059,1754,1799,-45
119000060,4271,1286,2985
119000061,1485,677,808
119000062,1425,1203,222
119000063,1662,1082,580
119000064,1453,1215,238
119000065,1722,5085,-3363
119000066,3404,1618,1786
119000067,2666,1784,882
119000068,3982,1314,2668
119000069,3829,1775,2054
119000070,7112,887,6225
119000071,932,606,326
119000072,7227,3984,3243
119000073,6833,22425,-15592
119000074,3241,1809,1432
119000075,8242,3919,4323
119000076,238,1234,-996
119000077,1431,698,733
119000078,781,668,113
119000079,258,706,-448
119000080,1848,321,1527
119000081,690,1136,-446
119000082,2153,341,1812
119000083,1330,815,515
119000084,555,642,-87
119000085,1278,185,1093
119000086,455,1450,-995
119000087,1230,349,881
119000088,463,113,350
119000089,102,218,-116
119000090,187,68,119
119000091,110,286,-176
119000092,455,240,215
119000093,8414,4796,3618
119000094,9203,9912,-709
119000095,5391,13453,-8062
119000097,2522,1565,957
119000098,2516,13748,-11232
119000099,3399,1480,1919
119000100,10092,5483,4609
119000101,5505,2342,3163
119000102,381,2460,-2079
119000103,994,789,205
119000104,2159,1302,857
119000105,1907,5931,-4024
119000106,849,971,-122
119000107,2615,994,1621
119000108,1520,993,527
119000109,251,921,-670
119000110,596,712,-116
119000111,83,1111,-1028
119000112,270,177,93
119000113,1316,482,834
119000114,3052,2220,832
119000115,179,398,-219
119000116,273,178,95
119000117,329,707,-378
119000118,33,0,33
119000123,2168,7071,-4903
119000124,2426,274,2152
119000125,11074,941,10133
119000126,2730,686,2044
119000127,1734,490,1244
119000128,59,2,57
119000131,2484,225,2259
119000132,1,3,-2
119000133,7,25,-18
119000134,1664,1021,643
119000135,424,273,151
119000136,840,137,703
119000137,572,171,401
119000138,2147,104,2043
119000139,383,118,265
119000140,716,731,-15
119000284,1587,2192,-605
119000285,2480,1635,845
119000286,5203,4194,1009
119000287,2125,2211,-86
119000288,3920,1133,2787
119000289,1899,4054,-2155
119000290,289,455,-166
119000291,315,549,-234
119000293,302,333,-31
119000294,80,53,27
119000295,3737,519,3218
119000296,475,142,333
119000302,3208,1304,1904
119000303,32,853,-821
119000314,4313,22154,-17841
119000315,1,232,-231
119000316,323,84,239
119000317,187,128,59
119900001,187,4127,-3940
119900002,657,387,270
119900003,19,404,-385
119900004,221,6224,-6003
119900005,696,71,625
119900006,145,875,-730
119900007,739,458,281
119900008,24,123,-99
119900009,1019,435,584
119900010,1288,904,384
119900011,36,694,-658
119900012,48,243,-195
119900013,2359,2132,227
119900014,779,213,566
119900015,692,120,572
119900016,185,171,14
119900017,127,76,51
119900018,1393,3532,-2139
119900019,221,6,215
119900020,189,231,-42
119900021,429,65,364
119900022,191,3351,-3160
119900023,779,6465,-5686
119900025,1051,44,1007
119900026,1202,130,1072
119900027,7,22,-15
119900028,213,726,-513
119900029,11,6,5
119900030,1044,671,373
119900031,151,2143,-1992
119900033,1311,398,913
119900034,1953,50,1903
119900037,369,13,356
119900038,45,942,-897
119900039,114,9,105
119900040,401,104,297
119900041,650,18,632
119900042,77,470,-393
119900043,318,197,121
119900044,235,1230,-995
119900046,702,36,666
119900047,1021,498,523
119900048,104,12,92
119900049,321,10,311
119900050,398,353,45
119900051,3487,49,3438
119900052,416,43,373
119900053,598,147,451
119900054,1049,17,1032
119900055,2422,446,1976
119900057,998,21,977
119900058,1008,15,993
119900059,222,47,175
119900060,506,79,427
119900061,1314,9,1305
119900062,277,15,262
119900063,36,201,-165
119900064,1727,220,1507
119900065,395,5,390
119900066,4,1,3
119900067,309,78,231
119900068,1723,17,1706
119900069,179,33,146
119900070,2886,15,2871
119900071,2052,75,1977
119900072,760,247,513
119900073,2073,276,1797
119900074,32,94,-62
119900075,2443,2153,290
119900076,2188,286,1902
119900077,1977,455,1522
119900078,1338,755,583
119900079,1448,38,1410
119900080,874,375,499
119900081,704,71,633
119900082,5039,507,4532
119900083,942,71,871
119900084,687,1352,-665
119900085,80,26,54
119900086,292,333,-41
119900087,381,2820,-2439
119900088,11,47,-36
119900089,91,211,-120
119900090,83,13,70
119900091,185,232,-47
119900092,41,1074,-1033
119900093,5837,312,5525
119900094,2,260,-258
119900095,233,142,91
119900096,39,127,-88
119900097,163,270,-107
119900098,55,24,31
119900099,27,174,-147
119900100,721,3798,-3077
119900101,295,1642,-1347
119900102,130,137,-7
119900103,104,117,-13
119900104,42,100,-58
119900105,1155,3535,-2380
119900106,12,112,-100
119900107,426,1320,-894
119900108,4594,739,3855
119900109,11,148,-137
119900110,927,527,400
119900111,614,75,539
119900112,908,2210,-1302
119900113,91,219,-128
119900114,471,688,-217
119900115,1394,246,1148
119900116,228,765,-537
119900117,675,351,324
119900118,339,181,158
119900119,614,160,454
119900120,807,397,410
119900121,1582,469,1113
119900122,75,145,-70
119900123,261,421,-160
119900124,876,402,474
119900125,64,172,-108
119900126,3593,330,3263
119900127,636,304,332
119900128,1068,553,515
119900129,791,153,638
119900130,3,126,-123
119900131,134,116,18
119900132,3,65,-62
119900133,274,112,162
119900134,615,90,525
119900135,29,182,-153
119900136,79,243,-164
119900138,266,338,-72
119900139,27,346,-319
119900140,2,91,-89
119900141,64,1980,-1916
119900142,14,41,-27
119900143,68,433,-365
119900144,1169,306,863
119900145,85,272,-187
119900146,437,184,253
119900147,11,341,-330
119900148,612,51,561
119900149,694,14449,-13755
119900150,123,145,-22
119900151,4999,2479,2520
119900152,476,176,300
119900153,521,65,456
119900154,98,315,-217
119900155,66,49,17
119900156,30,6,24
119900157,481,212,269
119900158,541,156,385
119900159,1,408,-407
119900160,19,307,-288
119900161,192,195,-3
119900162,2652,1173,1479
119900163,80,174,-94
119900164,0,5,-5
119900165,440,86,354
119900166,254,46,208
119900167,7,143,-136
119900168,3765,445,3320
119900169,63,720,-657
119900170,263,417,-154
119900171,1381,385,996
119900172,66,33,33
119900173,25,191,-166
119900174,0,319,-319
119900175,4521,425,4096
119900177,63,168,-105
119900178,0,161,-161
119900179,526,1973,-1447
119900180,1909,1003,906
119900181,53,175,-122
119900182,2,89,-87
119900183,180,729,-549
119900184,911,720,191
119900185,118,770,-652
119900186,13,3831,-3818
119900187,3,199,-196
119900188,391,461,-70
119900189,232,581,-349
119900190,235,711,-476
119900191,170,728,-558
119900192,94,163,-69
119900193,1674,247,1427
119900194,47,65,-18
119900195,19,217,-198
119900196,619,98,521
119900197,991,452,539
119900198,181,272,-91
119900199,455,33,422
119900200,1594,882,712
119900201,312,195,117
119900202,46,547,-501
119900203,329,1653,-1324
119900204,707,550,157
119900205,2948,267,2681
119900206,687,199,488
119900208,164,157,7
119900209,907,4572,-3665
119900210,276,17,259
119900211,108,10,98
119900212,465,280,185
119900213,19,118,-99
119900214,205,31,174
119900215,99,26,73
119900216,51,52,-1
119900217,10,24,-14
119900218,11,135,-124
119900219,52,87,-35
119900220,23,25,-2
119900221,67,77,-10
119900222,38,96,-58
119900223,39,42,-3
119900224,55,23,32
119900225,412,42,370
119900226,275,4132,-3857
119900227,387,259,128
119900228,15,426,-411
119900229,114,341,-227
119900230,1175,356,819
119900231,719,125,594
119900232,304,180,124
119900233,123,17,106
119900234,16,272,-256
119900235,5,102,-97
119900236,66,316,-250
119900237,148,824,-676
119900238,1,223,-222
119900240,120,183,-63
119900241,388,201,187
119900242,3329,2248,1081
119900244,1406,1288,118
119900245,566,370,196
119900246,232,792,-560
119900247,8,74,-66
119900248,78,1196,-1118
119900249,750,274,476
119900253,1764,372,1392
119900254,146,3571,-3425
119900255,324,922,-598
119900256,1473,403,1070
119900257,172,7,165
119900258,564,61,503
119900259,13,86,-73
119900260,390,37,353
119900261,970,402,568
119900262,4,120,-116
119900263,2615,310,2305
119900264,482,46,436
119900265,940,294,646
119900266,1474,257,1217
119900267,233,304,-71
119900268,520,77,443
119900269,2601,561,2040
119900271,90,253,-163
119900272,189,344,-155
119900275,362,37,325
119900276,267,9,258
119900277,11,5,6
119900278,710,96,614
119900279,169,648,-479
119900280,1004,107,897
119900281,2,682,-680
119900282,60,200,-140
119900283,126,86,40
119900284,74,144,-70
119900285,4,119,-115
119900286,2,17,-15
119900288,9,9,0
119900289,0,2,-2
119900290,13,0,13
119900291,0,150,-150
119900292,67,117,-50
119900293,52,54,-2
119900294,35,73,-38
119900295,21,10,11
119900296,161,36,125
119900297,3,12,-9
119900298,11,7,4
119900299,139,432,-293
119900300,585,512,73
119900301,144,583,-439
119900302,63,523,-460
119900303,522,272,250
119900304,324,10,314
119900305,6,141,-135
119900306,29,4,25
119900307,27,104,-77
119900308,4,48,-44
119900309,72,749,-677
119900310,492,276,216
119900311,372,45,327
119900312,476,80,396
119900313,283,331,-48
119900314,424,724,-300
119900315,4539,1145,3394
119900318,29,233,-204
119900319,1,80,-79
119900320,479,332,147
119900321,385,12,373
120000001,16927,60818,-43891
120000002,4226,4348,-122
120000003,3668,1332,2336
120000004,5145,1500,3645
120000005,3828,1979,1849
120000006,2892,1408,1484
120000007,4651,9144,-4493
120000008,2116,1534,582
120000009,2370,1517,853
120000010,4515,5181,-666
120000011,2912,2569,343
120000012,3859,2801,1058
120000013,8889,4874,4015
120000014,1948,3498,-1550
120000015,6277,4704,1573
120000016,8160,4019,4141
120000017,8073,8390,-317
120000018,6277,35054,-28777
120000019,2315,2801,-486
120000020,3775,6772,-2997
120000021,2990,3180,-190
120000022,3910,4940,-1030
120000023,2913,2576,337
120000024,1971,3123,-1152
120000025,5680,2315,3365
120000026,7201,3015,4186
120000027,5115,3135,1980
120000028,1539,4285,-2746
120000029,2156,3773,-1617
120000030,277,2047,-1770
120000031,3419,9636,-6217
120000032,6855,3722,3133
120000033,6652,1832,4820
120000034,7817,1659,6158
120000035,7430,2414,5016
120000036,6496,9527,-3031
120000037,891,3494,-2603
120000038,8099,5033,3066
120000039,1344,2782,-1438
120000040,113,3920,-3807
120000041,669,2082,-1413
120000042,5073,2854,2219
120000043,10750,1174,9576
120000044,12630,1905,10725
120000045,14634,1118,13516
120000046,8768,8112,656
120000047,1518,26290,-24772
120000048,21370,8050,13320
120000049,8564,9514,-950
120000050,6947,10886,-3939
120000051,4163,8277,-4114
120000052,9694,1373,8321
120000053,2556,1859,697
120000054,2581,3002,-421
120000055,2347,3929,-1582
120000056,8373,5383,2990
120000057,7932,2238,5694
120000058,1758,1582,176
120000059,11,2806,-2795
120000061,268,1681,-1413
120000062,197,454,-257
120000063,682,2687,-2005
120000064,564,839,-275
120000065,654,2166,-1512
120000066,278,386,-108
120000067,40,209,-169
120000068,476,311,165
120000069,1316,401,915
120000070,370,479,-109
120000071,1737,140,1597
120000072,2471,605,1866
120000073,2376,70,2306
120000074,200,208,-8
120000075,2755,787,1968
120000076,5920,681,5239
120000077,6071,945,5126
120000078,4540,1519,3021
120000079,325,244,81
120000080,141,359,-218
120000081,382,180,202
120000082,421,288,133
120000083,111,1072,-961
120000084,378,483,-105
120000085,472,376,96
120000086,254,304,-50
120000087,319,345,-26
120000088,1520,1375,145
120000089,1769,618,1151
120000090,1587,817,770
120000091,2379,1062,1317
120000092,1928,506,1422
120000093,1497,631,866
120000094,771,1417,-646
120000095,1609,197,1412
120000096,1024,489,535
120000098,2326,888,1438
120000099,858,769,89
120000100,1755,816,939
120000101,1984,533,1451
120000102,1691,1983,-292
120000103,3204,1732,1472
120000104,4751,689,4062
120000105,6509,458,6051
120000106,8139,548,7591
120000107,13395,671,12724
120000108,4908,216,4692
120000109,2768,95,2673
120000110,53,838,-785
120000111,251,734,-483
120000112,865,1476,-611
120000113,776,1308,-532
120000114,545,1246,-701
120000115,636,1368,-732
120000116,616,1761,-1145
120000117,559,1051,-492
120000118,54,180,-126
120000119,32,42,-10
120000120,332,544,-212
120000121,11,96,-85
120000122,604,2371,-1767
120000123,3052,20610,-17558
120000124,1041,1257,-216
120000125,2664,865,1799
120000126,821,6608,-5787
120000127,1301,3107,-1806
120000128,4299,12323,-8024
120000129,545,340,205
120000130,1856,929,927
120000131,1169,1052,117
120000134,654,379,275
120000135,2532,1139,1393
120000137,675,340,335
120000138,4658,285,4373
120000139,827,317,510
120000140,3896,251,3645
120000141,661,737,-76
120000142,1847,990,857
120000143,1,45,-44
120000144,303,30,273
120000145,1625,1,1624
120000146,2033,3355,-1322
120000149,928,832,96
120000150,2602,21233,-18631
120000151,1433,676,757
120000152,2606,241,2365
120000153,1799,786,1013
120000154,1242,1303,-61
120000155,628,974,-346
120000156,925,5650,-4725
120000157,2483,716,1767
120000158,2205,934,1271
120000159,3674,1778,1896
120000160,3841,2440,1401
120000161,7344,4035,3309
120000162,382,671,-289
120000163,1795,900,895
120000164,1518,150,1368
120000165,1849,583,1266
120000166,3054,491,2563
120000167,453,421,32
120000168,25,1376,-1351
120000169,81,3675,-3594
120000170,17,3533,-3516
120000171,6,956,-950
120000172,11,590,-579
120000173,321,1799,-1478
120000174,27,50,-23
120000175,62,73,-11
120000176,13,81,-68
120000177,911,193,718
120000178,6,35,-29
120000179,44,124,-80
120000180,19,73,-54
120000181,126,2765,-2639
120000182,47,1682,-1635
120000183,7,469,-462
120000184,388,2482,-2094
120000186,27,2125,-2098
120000187,18,1374,-1356
120000188,39,1117,-1078
120000190,83,79,4
120000191,46,194,-148
120000192,103,25,78
120000193,54,2,52
120000195,15,3,12
120000196,61,10,51
120000197,4,11,-7
120000198,847,16,831
120000199,1176,2,1174
120000200,769,1,768
120000201,156,210,-54
120000202,1,49,-48
120000203,603,329,274
120000207,1,33,-32
120000208,48,48,0
120000209,17,21,-4
120000210,29,30,-1
120000211,1167,13,1154
120000212,1032,2,1030
120000213,833,83,750
120000214,1,43,-42
120000215,15,77,-62
120000216,955,34,921
120000217,275,1327,-1052
120000218,50,386,-336
120000219,3,331,-328
120000220,3,767,-764
120000225,6137,21,6116
120000226,1285,31,1254
120000227,2191,273,1918
120000228,17782,8357,9425
120000230,1019,82,937
120000231,4395,900,3495
120000233,1329,14,1315
120000235,869,544,325
120000236,4193,2,4191
120000237,4,1301,-1297
120000238,5,1037,-1032
120000241,2504,9044,-6540
120000412,439,29,410
120000413,1516,284,1232
120000414,675,12,663
120000415,2,31,-29
120000416,365,9,356
120000417,28,361,-333
120000418,1177,43,1134
120000419,99,115,-16
120000420,85,7,78
120000421,13876,6534,7342
120000422,226,5927,-5701
120000423,16,394,-378
120000424,811,117,694
120000436,137,2435,-2298
120000437,101,229,-128
120000438,2169,446,1723
120000439,676,1530,-854
120000443,356,2,354
120000444,3506,737,2769
120000445,4793,2998,1795
120000446,4923,335,4588
120000447,1428,4,1424
120000449,754,0,754
120000450,35,85,-50
120000451,498,376,122
120000452,764,1,763
120000453,0,49,-49
120000454,89,144,-55
120000455,322,99,223
120000456,3593,11193,-7600
120000457,532,393,139
120000458,588,690,-102
120000459,432,161,271
120000665,241,930,-689
120000668,216,5817,-5601
120000669,1062,161,901
120000670,64,1407,-1343
120000671,7743,1519,6224
120000672,102,476,-374
120900001,189,56,133
120900002,212,1379,-1167
120900003,354,28,326
120900004,5,369,-364
120900005,509,444,65
120900006,1540,343,1197
120900007,870,96,774
120900008,1138,556,582
120900009,450,21,429
120900010,1446,288,1158
120900011,62,636,-574
120900012,45,2785,-2740
120900013,735,274,461
120900014,12,486,-474
120900015,2217,399,1818
120900016,4551,228,4323
120900017,2864,209,2655
120900018,543,298,245
120900019,935,878,57
120900020,560,1179,-619
120900021,758,260,498
120900022,5,294,-289
120900023,934,92,842
120900024,2217,572,1645
120900025,1477,1086,391
120900026,296,172,124
120900027,946,80,866
120900028,1243,407,836
120900029,48,1957,-1909
120900030,5167,1021,4146
120900031,608,173,435
120900032,2845,73,2772
120900033,3162,246,2916
120900034,26,7394,-7368
120900035,377,227,150
120900037,949,50,899
120900038,355,1004,-649
120900039,201,118,83
120900040,969,15,954
120900041,18,47,-29
120900042,1160,37,1123
120900043,299,146,153
120900044,12,1079,-1067
120900045,241,64,177
120900046,2056,14,2042
120900047,213,339,-126
120900048,449,57,392
120900049,1438,16,1422
120900050,1506,6874,-5368
120900051,794,117,677
120900052,2665,14,2651
120900053,1358,19,1339
120900054,1334,277,1057
120900055,1830,17,1813
120900056,1646,66,1580
120900057,943,40,903
120900058,1961,16,1945
120900059,535,3,532
120900060,182,11,171
120900061,435,255,180
120900062,1191,11,1180
120900063,2812,39,2773
120900064,2156,8,2148
120900065,1845,12,1833
120900066,2240,146,2094
120900067,625,269,356
120900068,1111,2,1109
120900069,1334,30,1304
120900071,62,4,58
120900072,2575,30,2545
120900073,3094,83,3011
120900074,3323,122,3201
120900076,1511,1,1510
120900077,1948,446,1502
120900078,2153,476,1677
120900079,3103,104,2999
120900080,2822,296,2526
120900081,3983,384,3599
120900082,448,737,-289
120900083,237,2,235
120900084,1674,1248,426
120900085,46,138,-92
120900086,50,1626,-1576
120900087,970,377,593
120900088,636,1925,-1289
120900089,2839,8676,-5837
120900090,750,11,739
120900091,229,1252,-1023
120900092,153,276,-123
120900093,1370,176,1194
120900094,323,229,94
120900095,670,34,636
120900096,179,165,14
120900097,1181,529,652
120900098,79,118,-39
120900099,116,80,36
120900100,168,229,-61
120900101,88,108,-20
120900102,265,148,117
120900103,382,347,35
120900104,21,49,-28
120900105,57,455,-398
120900106,340,256,84
120900107,105,212,-107
120900108,76,246,-170
120900109,24,406,-382
120900110,58,254,-196
120900111,280,202,78
120900112,131,257,-126
120900113,51,483,-432
120900114,96,299,-203
120900115,191,408,-217
120900116,1758,116,1642
120900117,19,93,-74
120900118,53,335,-282
120900119,15589,4100,11489
120900120,174,1310,-1136
120900121,29,403,-374
120900122,2274,190,2084
120900123,93,85,8
120900124,1,126,-125
120900125,9,419,-410
120900126,169,709,-540
120900127,105,208,-103
120900128,293,598,-305
120900129,34,115,-81
120900130,2,288,-286
120900131,226,213,13
120900132,3352,233,3119
120900133,135,545,-410
120900134,176,150,26
120900135,3,208,-205
120900136,91,224,-133
120900137,1130,120,1010
120900138,11,204,-193
120900139,3,121,-118
120900140,18,454,-436
120900141,860,237,623
120900142,2,131,-129
120900143,0,145,-145
120900144,0,41,-41
120900145,285,1020,-735
120900146,0,145,-145
120900147,4,19,-15
120900148,534,229,305
120900149,3,86,-83
120900150,169,204,-35
120900151,0,77,-77
120900152,0,1,-1
120900153,3,0,3
120900154,0,167,-167
120900155,476,302,174
120900156,673,169,504
120900157,0,1,-1
120900158,123,240,-117
120900159,6,60,-54
120900160,86,408,-322
120900161,33,480,-447
120900162,55,729,-674
120900163,259,2147,-1888
120900164,0,33,-33
120900165,0,60,-60
120900166,88,1825,-1737
120900167,215,105,110
120900169,236,320,-84
120900170,226,9109,-8883
120900171,537,172,365
120900172,117,3392,-3275
120900173,0,26,-26
120900174,25,172,-147
120900175,294,122,172
120900176,32,851,-819
120900177,4,4809,-4805
120900178,7,2413,-2406
120900179,145,387,-242
120900180,72,616,-544
120900181,15,50,-35
120900182,99,250,-151
120900183,1561,68,1493
120900184,691,125,566
120900185,993,3047,-2054
120900186,2,133,-131
120900187,1747,798,949
120900188,709,9,700
120900189,104,7973,-7869
120900190,837,6,831
120900191,522,9,513
120900192,6355,31909,-25554
120900194,192,343,-151
120900195,117,434,-317
120900196,718,172,546
120900197,1591,188,1403
120900198,175,384,-209
120900199,766,1477,-711
120900200,3,113,-110
120900201,215,145,70
120900202,0,133,-133
120900203,76,54,22
120900204,127,204,-77
120900205,144,23,121
120900206,184,84,100
121000001,1280,5118,-3838
121000002,4382,4704,-322
121000003,13107,4134,8973
121000004,3947,6100,-2153
121000005,3580,5189,-1609
121000006,5181,6030,-849
121000007,4868,11390,-6522
121000008,6266,10601,-4335
121000009,8335,16201,-7866
121000010,10476,12165,-1689
121000011,9754,14431,-4677
121000012,17599,7851,9748
121000013,11015,9817,1198
121000014,8160,6324,1836
121000015,10196,12519,-2323
121000016,6762,6812,-50
121000017,5239,2515,2724
121000018,6853,3047,3806
121000019,11259,10127,1132
121000020,15007,22630,-7623
121000021,3278,3023,255
121000022,4209,5333,-1124
121000023,3894,1529,2365
121000024,7752,7424,328
121000025,1009,2889,-1880
121000026,514,257,257
121000027,2904,2209,695
121000028,1538,1510,28
121000029,1532,1094,438
121000030,321,245,76
121000031,576,1531,-955
121000032,222,316,-94
121000034,693,2400,-1707
121000035,555,973,-418
121000036,1773,2151,-378
121000037,1175,3201,-2026
121000038,486,1697,-1211
121000039,309,825,-516
121000041,892,789,103
121000042,316,708,-392
121000043,1056,935,121
121000044,2100,2170,-70
121000045,851,521,330
121000046,1483,1561,-78
121000047,69,105,-36
121000049,1748,1223,525
121000050,494,3483,-2989
121000051,1139,793,346
121000052,890,2315,-1425
121000053,1113,582,531
121000054,93,1175,-1082
121000055,1990,7319,-5329
121000056,1649,2493,-844
121000057,222,1024,-802
121000058,231,202,29
121000059,5583,2681,2902
121000060,869,1948,-1079
121000061,53,828,-775
121000062,186,2522,-2336
121000063,1247,2143,-896
121000064,824,1155,-331
121000065,262,1250,-988
121000066,593,1346,-753
121000067,742,2457,-1715
121000068,652,1036,-384
121000069,263,2824,-2561
121000070,2062,3381,-1319
121000071,3596,3852,-256
121000072,1273,3715,-2442
121000073,1549,2853,-1304
121000074,180,523,-343
121000075,14,340,-326
121000076,456,1133,-677
121000077,287,412,-125
121000078,205,549,-344
121000080,5472,1391,4081
121000081,10343,7774,2569
121000082,151,669,-518
121000083,77,368,-291
121000084,361,507,-146
121000085,668,738,-70
121000086,2461,735,1726
121000087,115,456,-341
121000088,1576,661,915
121000089,277,1314,-1037
121000090,329,787,-458
121000091,1826,1335,491
121000092,403,128,275
121000093,446,526,-80
121000094,502,1677,-1175
121000095,317,1489,-1172
121000096,13687,4341,9346
121000097,933,4848,-3915
121000098,1174,774,400
121000099,1573,731,842
121000100,1479,267,1212
121000101,749,289,460
121000102,777,181,596
121000103,528,195,333
121000104,788,89,699
121000105,924,163,761
121000106,586,346,240
121000107,2724,5242,-2518
121000109,2522,1301,1221
121000110,360,1191,-831
121000114,7300,4673,2627
121000115,8921,1118,7803
121000116,670,2029,-1359
121000117,369,706,-337
121000118,2611,579,2032
121000119,602,363,239
121000120,1020,669,351
121000121,714,5043,-4329
121000123,1120,725,395
121000126,119,746,-627
121000127,189,393,-204
121000128,2487,197,2290
121000129,2300,322,1978
121000130,905,987,-82
121000131,1972,1230,742
121000132,693,1141,-448
121000135,473,848,-375
121000136,1453,3021,-1568
121000137,2516,673,1843
121000138,584,2515,-1931
121000139,276,1083,-807
121000141,404,926,-522
121000142,882,1144,-262
121000143,271,34,237
121000144,872,1008,-136
121000145,1294,1309,-15
121000146,2233,3714,-1481
121000147,2064,1021,1043
121000148,1687,2034,-347
121000149,4302,4276,26
121000152,641,762,-121
121000153,2996,910,2086
121000154,3807,1083,2724
121000155,7548,2395,5153
121000156,741,2251,-1510
121000157,1803,2051,-248
121000158,290,489,-199
121000159,458,870,-412
121000160,364,1146,-782
121000161,525,516,9
121000162,367,126,241
121000165,2379,2810,-431
121000166,93,552,-459
121000168,623,438,185
121000169,274,278,-4
121000170,463,146,317
121000171,164,462,-298
121000172,1910,4002,-2092
121000173,3015,2949,66
121000174,1669,1322,347
121000175,3694,1720,1974
121000176,1713,667,1046
121000177,934,1360,-426
121000178,152,136,16
121000179,62,164,-102
121000181,478,599,-121
121000182,558,846,-288
121000183,92,435,-343
121000184,66,1106,-1040
121000185,86,895,-809
121000186,790,2081,-1291
121000187,527,126,401
121000188,708,154,554
121000192,1410,1045,365
121000193,1505,677,828
121000194,3918,4048,-130
121000195,532,2875,-2343
121000196,696,1067,-371
121000197,298,3500,-3202
121000198,238,697,-459
121000199,285,1102,-817
121000200,1109,550,559
121000201,17,1016,-999
121000202,245,13,232
121000203,1335,3394,-2059
121000204,5847,1296,4551
121000205,129,452,-323
121000206,264,282,-18
121000207,4348,849,3499
121000208,18,348,-330
121000209,1332,162,1170
121000210,1225,636,589
121000211,990,222,768
121000212,579,1261,-682
121000213,36157,6097,30060
121000214,3111,4132,-1021
121000215,1240,5082,-3842
121000216,1270,1386,-116
121000217,7402,6668,734
121000218,769,5391,-4622
121000219,3219,1974,1245
121000220,395,262,133
121000221,525,1255,-730
121000222,9899,7707,2192
121000223,268,1797,-1529
121000224,197,1020,-823
121000225,702,8080,-7378
121000226,1468,4146,-2678
121000227,20,199,-179
121000228,73,1374,-1301
121000229,989,1107,-118
121000230,123,6205,-6082
121000231,3653,38,3615
121000232,1394,536,858
121000233,1167,605,562
121000234,6,84,-78
121000235,95,101,-6
121000236,8,58,-50
121000237,45,49,-4
121000238,18,114,-96
121000239,96,3,93
121000240,29,253,-224
121000241,137,21,116
121000242,39,462,-423
121000243,255,50,205
121000244,4,105,-101
121000245,37,34,3
121000246,4,133,-129
121000247,193,4,189
121000248,399,820,-421
121000249,189,681,-492
121000250,810,894,-84
121000251,35,441,-406
121000252,243,239,4
121000253,789,884,-95
121000254,1201,335,866
121000255,223,1224,-1001
121000256,778,928,-150
121000257,58,319,-261
121000258,86,474,-388
121000259,40,339,-299
121000260,46,444,-398
121000261,65,413,-348
121000262,5231,691,4540
121000263,888,581,307
121000271,2157,3143,-986
121000273,59,21,38
121000274,51,415,-364
121000275,1,33,-32
121000276,25,125,-100
121000278,117,57,60
121000279,110,184,-74
121000280,122,202,-80
121000289,1089,21,1068
121000290,3866,3672,194
121000294,577,26,551
121000297,603,2550,-1947
121000299,217,10946,-10729
121000300,4499,1594,2905
121000302,43,1096,-1053
121000303,1384,477,907
121000304,928,207,721
121000305,505,267,238
121000306,469,635,-166
121000308,114,504,-390
121000309,417,822,-405
121000310,287,596,-309
121000311,100,505,-405
121000312,1575,1038,537
121000313,781,533,248
121000314,59,81,-22
121000315,15,95,-80
121000530,4878,4354,524
121000531,3947,3268,679
121000532,9684,9027,657
121000533,6067,5696,371
121000918,14,95,-81
121000919,26,141,-115
121000938,148,95,53
121000939,49,396,-347
121000956,2839,2923,-84
121000957,4,129,-125
121000958,7,929,-922
121000959,3064,445,2619
121000960,3055,1576,1479
121000961,834,73,761
121000962,512,564,-52
121000973,5,701,-696
121000976,25,164,-139
121000979,982,326,656
121000981,832,142,690
121000982,737,332,405
121000983,1084,226,858
121000984,1,185,-184
121000985,2087,793,1294
121000986,1618,241,1377
121000987,763,1256,-493
121000988,2569,207,2362
121001302,457,230,227
121001308,0,234,-234
121001309,72,398,-326
121001313,501,100,401
121001314,3607,2409,1198
121001315,8943,5630,3313
121900001,372,545,-173
121900002,51,339,-288
121900003,480,33,447
121900004,57,2939,-2882
121900005,35,20,15
121900006,270,10,260
121900007,4873,3029,1844
121900008,52,396,-344
121900009,2155,44,2111
121900010,469,7,462
121900011,442,166,276
121900012,4,1,3
121900013,180,191,-11
121900014,6809,649,6160
121900015,207,366,-159
121900016,38,81,-43
121900017,983,1003,-20
121900018,1259,16,1243
121900019,1343,305,1038
121900020,72,5,67
121900021,2488,115,2373
121900022,300,357,-57
121900023,471,982,-511
121900024,1080,91,989
121900025,1176,1486,-310
121900026,1092,333,759
121900027,817,668,149
121900028,325,53,272
121900029,267,1071,-804
121900030,750,1215,-465
121900031,3757,11385,-7628
121900032,245,203,42
121900033,257,524,-267
121900034,419,861,-442
121900035,15315,6809,8506
121900036,405,993,-588
121900037,217,2213,-1996
121900038,123,196,-73
121900039,231,62,169
121900040,86,144,-58
121900041,36,459,-423
121900042,808,396,412
121900043,1,20,-19
121900044,136,61,75
121900045,1199,1002,197
121900046,221,523,-302
121900047,279,216,63
121900048,178,165,13
121900050,41,134,-93
121900051,282,737,-455
121900052,368,159,209
121900053,956,521,435
121900054,503,2745,-2242
121900055,30,35,-5
121900058,803,1060,-257
121900059,574,300,274
121900060,233,1113,-880
121900061,262,240,22
121900062,219,144,75
121900063,2964,1048,1916
121900064,635,1348,-713
121900066,79,38,41
121900067,113,49,64
121900069,247,553,-306
121900070,284,394,-110
121900071,1497,874,623
121900072,82,325,-243
121900073,313,480,-167
121900074,905,1015,-110
121900075,550,1678,-1128
121900076,881,3559,-2678
121900077,65,29,36
121900078,332,69,263
121900079,0,0,0
121900080,1842,574,1268
121900082,110,280,-170
121900083,424,408,16
121900084,49,60,-11
121900085,7,13,-6
121900086,42,81,-39
121900087,71,129,-58
121900088,2555,3730,-1175
121900089,625,374,251
121900090,68,36,32
121900091,154,57,97
121900092,379,181,198
121900093,185,114,71
121900094,14,29,-15
121900095,785,235,550
121900096,1809,1509,300
121900097,1376,162,1214
121900098,37,12,25
121900099,563,77,486
121900100,68,236,-168
121900101,183,220,-37
121900102,2,118,-116
121900103,647,831,-184
121900104,4227,879,3348
121900105,421,281,140
121900106,14,11,3
121900107,335,44,291
121900108,1,36,-35
121900109,300,314,-14
121900110,1695,1051,644
121900111,1215,752,463
121900112,223,466,-243
121900113,81,938,-857
121900114,96,151,-55
121900115,281,430,-149
121900117,388,661,-273
121900118,5066,1591,3475
121900119,169,37,132
121900120,354,1742,-1388
121900121,942,35,907
121900122,121,52,69
121900123,565,535,30
121900124,556,302,254
121900125,8685,2594,6091
121900127,18,219,-201
121900128,212,144,68
121900129,369,220,149
121900130,121,900,-779
121900131,597,217,380
121900132,178,181,-3
121900133,17,1009,-992
121900134,22,1075,-1053
121900135,11171,836,10335
121900136,428,295,133
121900137,107,808,-701
121900138,58,787,-729
121900139,679,7033,-6354
121900140,77,122,-45
121900141,99,194,-95
121900142,162,47,115
121900143,30,206,-176
121900144,353,1362,-1009
121900145,382,458,-76
121900146,566,1032,-466
121900147,116,942,-826
121900148,564,815,-251
121900149,618,556,62
121900150,114,492,-378
121900151,44,774,-730
121900152,375,55,320
121900153,17,300,-283
121900154,24,896,-872
121900155,10,1411,-1401
121900156,280,510,-230
121900157,5,421,-416
121900158,217,292,-75
121900159,1,166,-165
121900160,27,389,-362
121900161,259,847,-588
121900162,212,432,-220
121900163,899,293,606
121900164,253,495,-242
121900165,246,543,-297
121900166,196,372,-176
121900167,163,145,18
121900168,173,76,97
121900169,53,495,-442
121900170,71,184,-113
121900171,1855,1455,400
121900172,1444,976,468
121900173,1602,788,814
121900174,130,81,49
121900175,92,2262,-2170
121900176,1200,4330,-3130
121900177,314,170,144
121900178,64,5,59
121900179,618,711,-93
121900180,2569,10017,-7448
121900182,1275,1814,-539
121900183,346,3048,-2702
121900184,52,2414,-2362
121900185,244,174,70
121900186,11,1319,-1308
121900187,36,353,-317
121900188,3327,295,3032
121900189,333,130,203
121900190,330,879,-549
121900191,70,692,-622
121900192,453,4863,-4410
121900193,38,245,-207
121900194,20,545,-525
121900195,27,79,-52
121900196,2507,1753,754
121900197,422,1619,-1197
121900198,7398,5473,1925
121900199,2,47,-45
121900200,71,436,-365
121900201,2396,1342,1054
121900202,388,2072,-1684
121900203,196,2326,-2130
121900204,4221,2187,2034
121900205,325,707,-382
121900206,38,571,-533
121900207,103,190,-87
121900208,200,1570,-1370
121900209,260,140,120
121900210,4540,2254,2286
121900211,24,193,-169
121900212,13,331,-318
121900213,967,47,920
121900214,3,991,-988
121900215,77,605,-528
121900216,21,872,-851
121900217,585,587,-2
121900218,278,1134,-856
121900219,501,98,403
121900220,173,64,109
121900221,1396,883,513
121900222,573,172,401
121900223,320,492,-172
121900224,283,305,-22
121900225,318,1474,-1156
121900226,578,57,521
121900227,568,6620,-6052
121900228,371,187,184
121900229,695,1944,-1249
121900230,110,945,-835
121900231,148,3549,-3401
121900232,329,1424,-1095
121900233,1517,511,1006
121900234,705,1208,-503
121900235,1249,282,967
121900236,621,399,222
121900237,361,2183,-1822
121900238,265,938,-673
121900239,239,121,118
121900240,277,552,-275
121900241,107,61,46
121900242,22,0,22
121900243,10,0,10
121900244,17,1,16
121900245,912,79,833
121900246,13705,752,12953
121900247,954,415,539
121900248,4241,1282,2959
121900250,193,342,-149
121900251,1525,59,1466
121900252,784,200,584
121900253,38,1897,-1859
121900254,377,521,-144
121900255,1002,378,624
121900258,10486,2976,7510
121900259,159,1083,-924
121900260,473,291,182
121900261,179,1523,-1344
121900262,1459,2469,-1010
121900263,564,333,231
121900264,1824,1249,575
121900265,1002,362,640
121900266,1222,171,1051
121900267,532,69,463
121900269,850,2246,-1396
121900270,149,451,-302
121900271,24,417,-393
121900273,1099,3937,-2838
121900274,937,478,459
121900276,795,511,284
121900277,500,2891,-2391
121900278,301,5792,-5491
121900279,315,471,-156
121900280,217,639,-422
121900281,172,708,-536
121900284,56,6,50
121900286,374,303,71
121900287,12,94,-82
121900290,345,3135,-2790
121900291,652,3578,-2926
121900292,378,233,145
121900293,1242,15574,-14332
121900294,922,16,906
121900295,378,168,210
121900296,160,466,-306
121900298,257,2536,-2279
121900299,9,51,-42
121900300,104,10,94
121900301,46,0,46
121900302,41,193,-152
121900303,324,2396,-2072
121900304,40,60,-20
121900305,43,49,-6
121900306,674,8,666
121900307,443,4,439
121900308,15,289,-274
121900309,59,198,-139
121900310,6,164,-158
121900311,1184,47,1137
121900312,1064,52,1012
121900313,981,23,958
121900314,2,23,-21
121900315,107,1,106
121900316,0,0,0
121900317,55,39,16
121900318,2,3,-1
121900319,133,601,-468
121900320,49,20,29
121900321,40,0,40
121900322,13,6,7
121900323,91,42,49
121900324,6,97,-91
121900325,58,1,57
121900326,10,3,7
121900327,4,54,-50
121900328,0,46,-46
121900329,7,48,-41
121900330,2,100,-98
121900331,221,232,-11
121900332,30,42,-12
122000001,2693,5697,-3004
122000002,3242,1288,1954
122000003,1426,3152,-1726
122000004,1854,1606,248
122000005,12137,3202,8935
122000006,928,2352,-1424
122000007,891,2508,-1617
122000008,1737,4715,-2978
122000009,751,725,26
122000010,4020,4105,-85
122000011,9150,3097,6053
122000012,1233,5885,-4652
122000013,807,3584,-2777
122000014,10466,3113,7353
122000015,1689,1366,323
122000016,572,952,-380
122000017,2696,2355,341
122000018,5850,4054,1796
122000019,1820,4566,-2746
122000020,255,1188,-933
122000021,192,662,-470
122000022,2245,3098,-853
122000023,1809,4570,-2761
122000024,632,5083,-4451
122000025,757,5931,-5174
122000026,332,1542,-1210
122000027,1473,1329,144
122000028,5436,1674,3762
122000029,437,3758,-3321
122000030,227,388,-161
122000031,335,1109,-774
122000032,9893,4831,5062
122000033,686,6295,-5609
122000034,431,2292,-1861
122000035,370,748,-378
122000036,788,2118,-1330
122000037,2104,545,1559
122000038,385,1255,-870
122000039,639,1501,-862
122000040,230,681,-451
122000041,3679,1773,1906
122000042,618,1800,-1182
122000043,96,436,-340
122000044,181,227,-46
122000045,2918,1617,1301
122000046,1813,2672,-859
122000047,82,334,-252
122000048,3102,6807,-3705
122000049,13370,6814,6556
122000050,783,1297,-514
122000051,410,1022,-612
122000052,764,847,-83
122000053,472,2094,-1622
122000054,2993,4832,-1839
122000055,2286,4904,-2618
122000056,5520,3242,2278
122000057,8176,4906,3270
122000058,872,2419,-1547
122000059,958,4446,-3488
122000060,280,1490,-1210
122000061,151,1016,-865
122000062,825,318,507
122000063,356,2040,-1684
122000064,3909,10630,-6721
122000065,2959,8501,-5542
122000066,1156,5289,-4133
122000067,1942,3048,-1106
122000068,11082,2789,8293
122000069,3378,2409,969
122000070,5056,2502,2554
122000071,7871,2197,5674
122000072,3359,1310,2049
122000073,247,3135,-2888
122000074,4376,3717,659
122000075,2509,1912,597
122000076,12853,3416,9437
122000077,752,3454,-2702
122000078,619,3955,-3336
122000079,271,5759,-5488
122000080,665,756,-91
122000081,171,298,-127
122000082,359,2312,-1953
122000083,25139,1793,23346
122000084,7144,3688,3456
122000085,641,1736,-1095
122000086,6603,17696,-11093
122000087,329,532,-203
122000088,39,522,-483
122000089,9178,6104,3074
122000090,1669,4663,-2994
122000091,223,3014,-2791
122000092,17,140,-123
122000093,3128,11468,-8340
122000094,14616,6236,8380
122000095,1260,12406,-11146
122000096,746,7001,-6255
122000098,12461,7461,5000
122000099,776,5960,-5184
122000100,1298,1315,-17
122000101,428,876,-448
122000102,9195,2440,6755
122000103,1917,5271,-3354
122000104,2592,198,2394
122000105,340,750,-410
122000106,933,3030,-2097
122000107,2191,928,1263
122000108,1427,1484,-57
122000109,595,513,82
122000110,1277,888,389
122000111,5565,2755,2810
122000112,3359,2928,431
122000113,1056,1406,-350
122000114,2196,9049,-6853
122000115,3358,2390,968
122000116,458,904,-446
122000117,2632,691,1941
122000118,1251,653,598
122000119,4039,2080,1959
122000120,1346,4441,-3095
122000121,942,2525,-1583
122000122,405,1098,-693
122000123,1651,2702,-1051
122000124,945,729,216
122000125,519,899,-380
122000126,412,852,-440
122000127,406,685,-279
122000128,306,494,-188
122000129,642,2302,-1660
122000130,5222,1647,3575
122000131,2082,1690,392
122000132,368,539,-171
122000133,1323,1133,190
122000134,1828,1203,625
122000135,595,259,336
122000136,1603,775,828
122000137,4827,2006,2821
122000139,1543,7249,-5706
122000140,195,3916,-3721
122000141,11065,5909,5156
122000142,135,6545,-6410
122000143,463,683,-220
122000144,3559,2520,1039
122000145,1447,2660,-1213
122000146,898,7449,-6551
122000147,717,2205,-1488
122000148,476,2501,-2025
122000149,2559,1455,1104
122000150,2847,1810,1037
122000151,187,547,-360
122000152,750,807,-57
122000153,628,971,-343
122000154,417,386,31
122000155,1762,4588,-2826
122000156,22730,8928,13802
122000157,1017,23449,-22432
122000158,618,2608,-1990
122000159,1598,2290,-692
122000160,3266,2554,712
122000161,1808,1514,294
122000162,1528,1693,-165
122000163,1381,337,1044
122000164,108,616,-508
122000165,1939,3215,-1276
122000166,1228,4958,-3730
122000167,536,1528,-992
122000168,449,3020,-2571
122000169,781,498,283
122000170,446,787,-341
122000171,51,127,-76
122000172,4432,2892,1540
122000173,3786,6138,-2352
122000174,1872,3947,-2075
122000175,897,848,49
122000176,628,3353,-2725
122000177,1144,3069,-1925
122000178,9814,6915,2899
122000179,5973,6511,-538
122000180,789,1526,-737
122000181,902,2633,-1731
122000182,2456,1855,601
122000183,5319,1723,3596
122000184,6131,5328,803
122000185,1657,6438,-4781
122000186,1155,4413,-3258
122000187,2937,3592,-655
122000188,645,680,-35
122000189,386,546,-160
122000190,964,3295,-2331
122000191,1269,1492,-223
122000192,2038,997,1041
122000193,894,1762,-868
122000194,780,584,196
122000195,242,2968,-2726
122000196,1780,513,1267
122000197,549,1285,-736
122000198,651,6260,-5609
122000199,390,913,-523
122000200,1492,1438,54
122000201,1533,6499,-4966
122000202,1658,4345,-2687
122000203,3134,2251,883
122000204,1845,1997,-152
122000205,863,1006,-143
122000206,13947,2095,11852
122000207,3352,5069,-1717
122000208,3620,6344,-2724
122000209,4211,1805,2406
122000210,3092,7187,-4095
122000211,1924,3872,-1948
122000212,1365,1037,328
122000213,1704,3457,-1753
122000214,3407,3012,395
122000215,5075,3634,1441
122000217,2421,5669,-3248
122000218,1493,189,1304
122000219,3851,1801,2050
122000220,398,1424,-1026
122000221,339,627,-288
122000222,864,253,611
122000223,1007,1276,-269
122000225,804,723,81
122000226,1981,2173,-192
122000227,402,2324,-1922
122000228,370,355,15
122000229,22,520,-498
122000230,46,759,-713
122000231,462,1023,-561
122000232,784,720,64
122000233,1,63,-62
122000234,1145,78,1067
122000235,1066,130,936
122000236,3011,56,2955
122000237,183,279,-96
122000238,642,650,-8
122000239,1382,479,903
122000240,1748,940,808
122000241,404,768,-364
122000242,759,201,558
122000243,31,65,-34
122000244,6,542,-536
122000245,6,31,-25
122000246,75,234,-159
122000247,1126,425,701
122000248,1946,970,976
122000249,2406,1721,685
122000250,4427,1177,3250
122000251,151,349,-198
122000252,360,111,249
122000253,217,227,-10
122000254,828,127,701
122000255,717,788,-71
122000256,400,752,-352
122000257,575,132,443
122000258,555,405,150
122000259,92,434,-342
122000260,33,42,-9
122000261,26,493,-467
122000262,0,42,-42
122000263,397,586,-189
122000264,3569,930,2639
122000265,5657,2593,3064
122000266,6847,1397,5450
122000267,134,255,-121
122000268,280,655,-375
122000269,1717,691,1026
122000270,1260,656,604
122000271,319,7030,-6711
122000272,660,2262,-1602
122000273,964,1115,-151
122000274,546,430,116
122000275,92,347,-255
122000276,2262,804,1458
122000277,1871,2590,-719
122000278,3789,266,3523
122000279,531,477,54
122000280,1005,1127,-122
122000281,838,655,183
122000282,98,547,-449
122000283,420,222,198
122000284,125,50,75
122000285,537,75,462
122000286,106,210,-104
122000287,3373,2127,1246
122000288,680,326,354
122000291,6951,1388,5563
122000293,329,162,167
122000294,277,724,-447
122000295,2148,380,1768
122000296,59,1068,-1009
122000297,3677,6696,-3019
122000299,1225,611,614
122000300,572,736,-164
122000301,13095,5501,7594
122000302,739,8312,-7573
122000303,3466,1532,1934
122000304,25,448,-423
122000305,3670,1018,2652
122000306,137,434,-297
122000307,270,202,68
122000309,97,76,21
122000310,16,126,-110
122000311,41,247,-206
122000312,202,368,-166
122000313,54,248,-194
122000314,276,1024,-748
122000315,416,64,352
122000316,3657,569,3088
122000317,6201,430,5771
122000318,384,3732,-3348
122000319,120,445,-325
122000320,555,1426,-871
122000321,154,255,-101
122000322,1957,3722,-1765
122000323,616,4672,-4056
122000324,2782,4383,-1601
122000325,1183,6068,-4885
122000326,246,159,87
122000327,660,2575,-1915
122000328,837,1892,-1055
122000330,5898,4355,1543
122000332,347,743,-396
122000333,25,75,-50
122000337,2421,602,1819
122000338,1094,413,681
122000340,435,8036,-7601
122000342,2816,1294,1522
122000343,431,324,107
122000344,104,22,82
122000345,77,36,41
122000346,209,35,174
122000348,1018,1370,-352
122000349,70,1026,-956
122000351,505,394,111
122000352,337,316,21
122000353,401,111,290
122000355,232,516,-284
122000356,475,4942,-4467
122000357,125,34,91
122000358,1,8,-7
122000359,0,6,-6
122000360,0,3,-3
122000362,11,25,-14
122000364,574,255,319
122000365,3,23,-20
122000366,52,33,19
122000368,678,1346,-668
122000370,41,23,18
122000371,73,1,72
122000372,14,6,8
122000381,434,750,-316
122000382,61,280,-219
122000384,1793,1931,-138
122000385,182,0,182
122000386,217,3936,-3719
122000387,598,4008,-3410
122000388,2056,3703,-1647
122000389,465,2550,-2085
122000390,458,1390,-932
122000391,147,4204,-4057
122000392,271,288,-17
122000393,85,180,-95
122000394,1476,348,1128
122000395,241,253,-12
122000396,563,118,445
122000397,28,189,-161
122000398,19,371,-352
122000399,278,104,174
122000400,51,2931,-2880
122000401,244,129,115
122000402,974,347,627
122000403,1138,563,575
122000404,566,301,265
122000408,638,1289,-651
122000503,6,190,-184
122000524,84,1300,-1216
122000544,69,5124,-5055
122000616,400,1,399
122000640,253,102,151
122000641,366,266,100
122000642,2672,692,1980
122000643,66,530,-464
122000644,459,160,299
122000645,40,227,-187
122000651,630,5075,-4445
122000664,343,218,125
122000665,3847,1512,2335
122000666,641,1354,-713
122000673,102,259,-157
122000674,1133,459,674
122000675,4317,1028,3289
122000686,703,3348,-2645
122000687,3661,451,3210
122000688,490,810,-320
122000689,2649,621,2028
122000690,7325,1410,5915
122000691,1943,1417,526
122000692,2311,315,1996
122000693,512,1108,-596
122000695,928,520,408
122000696,1647,352,1295
122000698,975,297,678
122000699,1059,311,748
122000701,5247,454,4793
122000702,834,1682,-848
122000703,589,229,360
122000717,257,126,131
122000718,493,4680,-4187
122000719,53,173,-120
122000720,1490,220,1270
122900001,56,45,11
122900002,1487,13221,-11734
122900003,1073,71,1002
122900004,3972,313,3659
122900005,52,271,-219
122900006,526,1711,-1185
122900007,118,391,-273
122900008,313,304,9
122900009,2045,642,1403
122900010,516,268,248
122900012,297,666,-369
122900014,194,101,93
122900015,1833,1621,212
122900016,311,306,5
122900017,438,4505,-4067
122900018,554,31,523
122900019,35,109,-74
122900020,361,565,-204
122900021,66,792,-726
122900022,2963,1396,1567
122900023,2100,301,1799
122900024,233,191,42
122900025,3,494,-491
122900026,13,159,-146
122900027,111,969,-858
122900028,211,267,-56
122900029,16013,4104,11909
122900030,9096,990,8106
122900031,33,708,-675
122900032,2887,763,2124
122900033,273,274,-1
122900034,9402,7480,1922
122900035,169,116,53
122900036,76,84,-8
122900037,1010,1601,-591
122900038,175,5534,-5359
122900039,56,749,-693
122900040,348,2959,-2611
122900041,247,841,-594
122900042,347,389,-42
122900043,782,582,200
122900044,246,634,-388
122900045,257,880,-623
122900046,137,629,-492
122900047,155,284,-129
122900048,28,585,-557
122900049,8815,342,8473
122900051,87,2941,-2854
122900052,169,95,74
122900053,16,23,-7
122900055,450,207,243
122900057,508,49,459
122900061,853,63,790
122900062,1136,1533,-397
122900063,422,228,194
122900064,1557,632,925
122900065,1021,350,671
122900066,1333,448,885
122900067,1124,714,410
122900068,155,356,-201
122900069,645,3379,-2734
122900070,536,126,410
122900071,194,443,-249
122900072,11,420,-409
122900073,28,190,-162
122900074,1977,154,1823
122900075,3,502,-499
122900076,12,789,-777
122900077,0,78,-78
122900078,400,23,377
122900080,14,116,-102
122900081,181,612,-431
122900082,2741,118,2623
122900083,216,79,137
122900084,3,176,-173
122900086,56,205,-149
122900087,861,525,336
122900088,45,1559,-1514
122900089,91,756,-665
122900090,13,427,-414
122900091,894,12,882
122900092,2,214,-212
122900093,2,108,-106
122900094,1,178,-177
122900095,495,34,461
122900096,1018,275,743
122900097,45,131,-86
122900098,34,228,-194
122900099,139,62,77
122900100,108,1775,-1667
122900101,491,455,36
123000001,1216,2188,-972
123000002,4066,11106,-7040
123000003,10388,8379,2009
123000004,5998,5584,414
123000005,8280,3557,4723
123000006,5376,3070,2306
123000007,4512,3825,687
123000008,3482,4701,-1219
123000009,6890,6193,697
123000010,4432,9023,-4591
123000011,2537,3253,-716
123000012,1195,10634,-9439
123000013,12122,3065,9057
123000014,1250,5677,-4427
123000015,5552,1769,3783
123000016,4633,5533,-900
123000017,6887,3059,3828
123000018,198,156,42
123000019,1604,75,1529
123000020,1169,42,1127
123000021,646,767,-121
123000022,1081,4243,-3162
123000023,4264,6962,-2698
123000024,3114,2080,1034
123000025,18,218,-200
123000026,0,392,-392
123000027,44,1586,-1542
123000028,400,2425,-2025
123000029,346,2393,-2047
123000030,688,365,323
123000031,870,271,599
123000032,1485,322,1163
123000033,650,427,223
123000034,1938,1187,751
123000035,1092,1086,6
123000036,491,2317,-1826
123000037,494,225,269
123000038,358,574,-216
123000039,1143,2413,-1270
123000040,626,338,288
123000041,871,2537,-1666
123000042,569,2112,-1543
123000043,3637,29441,-25804
123000044,4148,4564,-416
123000045,8192,3382,4810
123000046,441,2364,-1923
123000047,647,2128,-1481
123000048,278,3468,-3190
123000049,9882,19520,-9638
123000050,5470,3819,1651
123000051,171,592,-421
123000052,1704,6282,-4578
123000053,5328,4382,946
123000054,6081,4049,2032
123000055,4516,10853,-6337
123000056,2133,868,1265
123000057,7057,11492,-4435
123000058,1144,3197,-2053
123000059,348,760,-412
123000060,2109,736,1373
123000061,553,943,-390
123000063,3221,2312,909
123000064,3747,468,3279
123000065,7834,5288,2546
123000066,876,1151,-275
123000067,2790,991,1799
123000068,2555,3282,-727
123000069,5648,1902,3746
123000070,499,1196,-697
123000071,5542,1158,4384
123000072,2629,1301,1328
123000073,4489,1339,3150
123000074,2328,2187,141
123000075,1052,3939,-2887
123000076,2120,752,1368
123000077,4861,2165,2696
123000078,7436,2024,5412
123000079,7154,3254,3900
123000080,6373,2176,4197
123000081,593,866,-273
123000082,638,1523,-885
123000083,2658,316,2342
123000084,2329,636,1693
123000085,1221,168,1053
123000086,2477,315,2162
123000087,1097,549,548
123000088,3319,1106,2213
123000089,2393,2401,-8
123000090,3698,1698,2000
123000091,4629,2426,2203
123000092,1872,3165,-1293
123000094,2331,295,2036
123000095,2688,1421,1267
123000096,2733,720,2013
123000097,2095,641,1454
123000098,1564,888,676
123000099,1611,483,1128
123000100,496,1712,-1216
123000101,677,590,87
123000102,964,2447,-1483
123000104,823,828,-5
123000105,807,549,258
123000106,1382,766,616
123000107,895,557,338
123000108,1447,1996,-549
123000111,2366,715,1651
123000112,3344,815,2529
123000113,1284,1465,-181
123000114,797,1118,-321
123000115,704,722,-18
123000116,58,163,-105
123000117,5915,2708,3207
123000118,1202,745,457
123000119,690,822,-132
123000120,542,1542,-1000
123000121,1374,1822,-448
123000122,726,730,-4
123000123,1380,1211,169
123000124,859,681,178
123000125,2832,1877,955
123000126,1996,9544,-7548
123000127,695,756,-61
123000128,577,547,30
123000129,2214,382,1832
123000130,2158,105,2053
123000131,3891,1651,2240
123000132,516,1624,-1108
123000133,329,548,-219
123000134,418,119,299
123000135,5997,1702,4295
123000136,432,678,-246
123000137,373,484,-111
123000138,178,433,-255
123000139,1483,589,894
123000140,72,635,-563
123000141,1532,277,1255
123000142,1810,1345,465
123000143,1155,2981,-1826
123000144,7,43,-36
123000145,266,744,-478
123000146,26,301,-275
123000147,115,497,-382
123000149,711,634,77
123000150,260,337,-77
123000151,273,1112,-839
123000152,15,482,-467
123000153,83,1193,-1110
123000154,1580,2847,-1267
123000155,2555,2312,243
123000156,58,184,-126
123000157,1137,1588,-451
123000158,996,1618,-622
123000159,5556,9384,-3828
123000160,2060,3077,-1017
123000161,3216,2155,1061
123000162,4087,3417,670
123000163,1961,460,1501
123000164,4633,371,4262
123000165,382,1707,-1325
123000166,34,192,-158
123000167,131,381,-250
123000168,595,356,239
123000169,2224,233,1991
123000170,155,367,-212
123000171,3322,27,3295
123000172,136,868,-732
123000173,1534,811,723
123000174,1600,1035,565
123000175,938,1501,-563
123000176,2151,802,1349
123000177,826,1483,-657
123000178,2451,453,1998
123000179,98,1331,-1233
123000180,3318,669,2649
123000181,423,1018,-595
123000182,327,545,-218
123000183,354,765,-411
123000184,84,1030,-946
123000185,2604,723,1881
123000186,11,375,-364
123000187,1508,42,1466
123000188,1040,11,1029
123000189,502,221,281
123000190,195,58,137
123000192,9,436,-427
123000193,25,737,-712
123000194,469,308,161
123000195,1024,51,973
123000196,1382,66,1316
123000197,155,239,-84
123000198,190,335,-145
123000199,15,482,-467
123000200,1709,9,1700
123000201,3335,31,3304
123000202,30,545,-515
123000203,2853,96,2757
123000204,54,638,-584
123000205,191,778,-587
123000206,6374,415,5959
123000207,95,974,-879
123000208,1720,256,1464
123000209,3319,974,2345
123000210,133,2041,-1908
123000211,482,2386,-1904
123000212,8730,681,8049
123000213,1508,87,1421
123000215,86,368,-282
123000216,275,3051,-2776
123000217,467,30,437
123000218,61,1168,-1107
123000219,1021,168,853
123000220,1451,226,1225
123000221,311,839,-528
123000222,1142,626,516
123000223,1661,543,1118
123000224,1489,512,977
123000225,581,53,528
123000226,254,522,-268
123000227,103,263,-160
123000228,736,67,669
123000229,1199,1905,-706
123000232,192,814,-622
123000233,1875,267,1608
123000234,272,914,-642
123000235,3135,435,2700
123000236,557,847,-290
123000237,1004,287,717
123000238,42,622,-580
123000239,634,1183,-549
123000240,80,2365,-2285
123000241,1286,262,1024
123000242,487,597,-110
123000243,1330,1390,-60
123000244,1236,789,447
123000245,130,222,-92
123000249,680,1012,-332
123000252,1893,843,1050
123000253,3770,1216,2554
123000254,1154,1091,63
123000255,2078,1310,768
123000256,68,238,-170
123000257,3958,1633,2325
123000258,1569,795,774
123000259,1090,717,373
123000260,1384,445,939
123000261,868,250,618
123000262,88,198,-110
123000263,1011,132,879
123000264,250,100,150
123000265,48,210,-162
123000266,935,675,260
123000267,1534,597,937
123000268,60,54,6
123000269,24,231,-207
123000270,103,212,-109
123000271,29,99,-70
123000272,1362,360,1002
123000273,695,2046,-1351
123000274,2312,1908,404
123000275,333,1132,-799
123000278,2905,8273,-5368
123000279,396,118,278
123000280,559,518,41
123000281,807,302,505
123000282,173,577,-404
123000283,462,139,323
123000284,94,124,-30
123000286,118,1092,-974
123000287,682,996,-314
123000288,1325,3159,-1834
123000289,417,3798,-3381
123000291,217,2053,-1836
123000294,161,278,-117
123000295,1143,2527,-1384
123000296,1591,1169,422
123000297,194,499,-305
123000298,390,739,-349
123000299,20,219,-199
123000300,2831,1502,1329
123000301,345,1001,-656
123000302,411,133,278
123000303,240,841,-601
123000305,2538,1661,877
123000306,577,90,487
123000309,139,168,-29
123000310,185,167,18
123000311,0,291,-291
123000312,575,578,-3
123000313,952,670,282
123000315,350,355,-5
123000316,1069,420,649
123000317,452,220,232
123000318,82,458,-376
123000329,14,41,-27
123000337,394,310,84
123000338,164,278,-114
123000339,943,37,906
123000340,144,544,-400
123000342,2,105,-103
123000343,493,71,422
123000344,716,354,362
123000345,734,715,19
123000346,1318,166,1152
123000352,2524,1518,1006
123000353,143,166,-23
123000354,1095,44,1051
123000355,0,527,-527
123000356,979,36,943
123000357,5,184,-179
123000359,36,86,-50
123000360,461,618,-157
123000361,874,507,367
123000362,1003,228,775
123000363,488,309,179
123000364,985,840,145
123000365,71,591,-520
123000366,790,7158,-6368
123000367,507,888,-381
123000370,51,393,-342
123000371,1198,251,947
123000372,699,96,603
123000373,26,572,-546
123000374,20,225,-205
123000375,1035,112,923
123000376,1788,1723,65
123000377,1892,42,1850
123000378,29,407,-378
123000379,5,655,-650
123000380,9,630,-621
123000381,128,244,-116
123000382,1188,242,946
123000383,208,1663,-1455
123000384,1813,416,1397
123000385,383,1386,-1003
123000436,147,2691,-2544
123000507,71,194,-123
123000508,184,2680,-2496
123000517,319,28,291
123000518,69,123,-54
123000519,396,154,242
123000520,91,136,-45
123000521,1366,133,1233
123000522,379,302,77
123000541,15,8,7
123000542,0,11,-11
123000565,1331,90,1241
123000566,1186,101,1085
123000567,295,104,191
123000573,55,721,-666
123000574,2007,130,1877
123000575,4329,741,3588
123000576,1894,1141,753
123000577,200,1848,-1648
123000578,809,464,345
123000579,1452,15409,-13957
123000580,247,152,95
123000582,1986,67,1919
123000583,42,670,-628
123000584,464,441,23
123000585,0,33,-33
123000586,528,36,492
123000596,114,129,-15
123000597,160,376,-216
123000602,291,38,253
123000603,3117,411,2706
123000604,1402,400,1002
123000605,1769,205,1564
123000606,1,876,-875
123000609,36,494,-458
123000610,102,154,-52
123000613,87,170,-83
123000614,617,97,520
123000615,66,175,-109
123000616,2306,82,2224
123000617,192,354,-162
123000618,20,869,-849
123000619,794,63,731
123000620,30,565,-535
123000622,1007,19,988
123000624,516,110,406
123000630,3982,817,3165
123000631,416,616,-200
123000632,1491,1398,93
123000633,0,438,-438
123000634,56,1039,-983
123000635,50,202,-152
123000636,77,574,-497
123000637,176,58,118
123000638,1017,20,997
123000639,1749,13391,-11642
123000640,9,497,-488
123900001,2120,228,1892
123900002,42,2619,-2577
123900003,333,788,-455
123900005,717,627,90
123900006,1230,278,952
124000001,3617,398,3219
124000002,89,1796,-1707
124000003,2402,302,2100
124000004,122,572,-450
124000005,2349,3120,-771
124000006,182,630,-448
124000007,2374,277,2097
124000008,5,1060,-1055
124000009,1423,1132,291
124000010,665,719,-54
124000011,1879,2191,-312
124000012,567,441,126
124000017,615,218,397
124000018,212,74,138
124000019,651,255,396
124000020,96,119,-23
124000021,343,123,220
124000022,123,231,-108
124000023,2831,2369,462
124000024,1748,418,1330
124000025,2292,2333,-41
124000026,1632,1055,577
124000027,5009,5498,-489
124000028,1881,4220,-2339
124000030,2170,1790,380
124000031,2399,16388,-13989
124000032,2190,827,1363
124000033,421,714,-293
124000034,1355,942,413
124000035,12,304,-292
124000036,15,344,-329
124000037,255,1052,-797
124000038,10,145,-135
124000039,530,475,55
124000040,279,1316,-1037
124000041,1760,374,1386
124000042,351,575,-224
124000043,258,107,151
124000044,45,461,-416
124000045,3021,549,2472
124000046,356,1054,-698
124000047,5994,842,5152
124000048,1602,883,719
124000049,4368,617,3751
124000050,1717,1277,440
124000051,2458,662,1796
124000052,1292,737,555
124000053,542,4486,-3944
124000054,1053,376,677
124000055,2000,12521,-10521
124000056,2454,983,1471
124000057,3145,653,2492
124000058,1397,1530,-133
124000059,2820,2277,543
124000060,749,822,-73
124000061,2113,10215,-8102
124000062,2407,1651,756
124000063,1522,1228,294
124000064,2091,1589,502
124000065,6,1921,-1915
124000066,219,81,138
124000067,341,345,-4
124000068,46,83,-37
124000069,394,22,372
124000070,250,67,183
124000071,228,277,-49
124000072,592,690,-98
124000073,1830,177,1653
124000074,413,709,-296
124000075,1186,104,1082
124000076,24,140,-116
124000077,232,1203,-971
124000078,1792,1572,220
124000079,415,1686,-1271
124000080,1317,413,904
124000081,549,667,-118
124000082,141,302,-161
124000083,67,56,11
124000084,51,1070,-1019
124000085,98,49,49
124000086,26,412,-386
124000087,55,266,-211
124000088,166,702,-536
124000089,1240,546,694
124000090,220,178,42
124000091,1036,126,910
124000092,170,464,-294
124000093,244,270,-26
124000094,323,963,-640
124000095,377,137,240
124000096,265,340,-75
124000097,324,175,149
124000098,168,65,103
124000099,220,119,101
124000100,93,60,33
124000101,342,420,-78
124000102,120,50,70
124000103,505,379,126
124000104,177,68,109
124000105,317,272,45
124000106,134,36,98
124000107,59,465,-406
124000108,63,15,48
124000109,237,170,67
124000110,121,58,63
124000111,474,124,350
124000112,1625,666,959
124000113,397,224,173
124000114,654,474,180
124000115,318,847,-529
124000116,218,321,-103
124000117,42,75,-33
124000118,60,137,-77
124000119,1621,2327,-706
124000120,1570,1057,513
124000121,1024,1037,-13
124000122,560,1643,-1083
124000123,1535,528,1007
124000124,601,818,-217
124000125,812,558,254
124000126,465,475,-10
124000127,2005,559,1446
124000128,960,1068,-108
124000129,2466,1921,545
124000130,563,671,-108
124000131,1175,1293,-118
124000132,561,1177,-616
124000133,2372,1723,649
124000134,1389,881,508
124000135,3498,3888,-390
124000136,1122,1299,-177
124000137,1314,2450,-1136
124000138,1230,1528,-298
124000139,613,172,441
124000140,18,583,-565
124000141,65,39,26
124000142,3,491,-488
124000143,126,26,100
124000144,33,73,-40
124000145,197,104,93
124000146,73,145,-72
124000148,26,123,-97
124000149,2005,394,1611
124000150,523,1222,-699
124000151,1657,358,1299
124000152,1054,1179,-125
124000153,1515,1042,473
124000154,663,594,69
124000155,1684,861,823
124000156,686,926,-240
124000169,253,1893,-1640
124000170,2212,1111,1101
124000171,701,1082,-381
124000172,462,1209,-747
124000173,1938,413,1525
124000174,783,972,-189
124000175,54,152,-98
124000176,124,64,60
124000177,13,135,-122
124000178,93,163,-70
124000190,54,54,0
124000191,17,180,-163
124000192,2260,1450,810
124000193,327,7779,-7452
124000194,403,494,-91
124000195,758,615,143
124000196,876,1278,-402
124000197,78,49,29
124000198,189,201,-12
124000201,55,933,-878
124000202,1115,172,943
124000203,1746,227,1519
124000204,3484,463,3021
124000205,220,275,-55
124000206,2463,375,2088
124000207,0,32,-32
124000209,265,329,-64
124000210,2656,451,2205
124000211,2201,5,2196
124000212,1,151,-150
124000213,1537,114,1423
124000214,1319,311,1008
124000215,1415,28,1387
124000216,8,232,-224
124000329,150,902,-752
124000338,192,579,-387
124000339,4372,63,4309
124000341,4523,150,4373
124000344,90,22,68
124000357,1779,5452,-3673
124000358,731,2738,-2007
124000359,2559,1489,1070
124000360,2537,1021,1516
124000361,2994,1828,1166
124000362,2898,4133,-1235
124000363,787,445,342
124000364,972,1232,-260
124000365,915,1334,-419
124000366,3273,893,2380
124000367,82,408,-326
124000368,469,2354,-1885
124000369,61,235,-174
124000370,36,893,-857
124000402,61,76,-15
124000403,362,38,324
124000404,53,76,-23
124000405,1292,985,307
124000406,672,538,134
124000407,6,29,-23
124000411,13,416,-403
124000412,1055,4,1051
124000413,217,617,-400
124000414,284,177,107
124000415,172,33,139
124000416,227,173,54
124000417,909,188,721
124000418,585,62,523
124000419,266,32,234
124000420,308,28,280
124000421,128,41,87
124000422,36,34,2
124000423,307,122,185
124000424,18,23,-5
124000425,62,35,27
124000426,48,103,-55
124000427,119,20,99
124000428,7,354,-347
124000429,298,53,245
124000430,1543,603,940
124000431,676,687,-11
124000432,574,1053,-479
124000439,11,1,10
124000442,49,45,4
124000443,3,23,-20
124000445,52,2105,-2053
124000446,392,221,171
124900001,1739,373,1366
124900002,620,368,252
124900003,2305,387,1918
124900004,1712,280,1432
124900005,560,123,437
124900006,1747,272,1475
124900008,578,458,120
124900009,184,1119,-935
124900010,722,219,503
124900011,2789,449,2340
124900012,1146,217,929
124900013,852,178,674
124900014,501,176,325
124900015,431,1603,-1172
124900016,202,571,-369
124900017,806,6916,-6110
124900018,295,4,291
124900019,1045,35,1010
124900020,340,253,87
124900021,889,187,702
124900022,122,0,122
124900024,804,8,796
124900026,64,4,60
124900027,192,357,-165
124900028,553,153,400
124900029,27,1015,-988
124900030,5,153,-148
124900031,177,687,-510
124900032,559,276,283
124900033,209,299,-90
124900034,22,394,-372
124900035,199,318,-119
124900036,4,122,-118
124900037,240,198,42
124900038,134,217,-83
124900039,5,46,-41
124900040,249,130,119
124900041,501,559,-58
124900042,52,1,51
124900043,582,390,192
124900044,238,12,226
124900045,390,1328,-938
124900046,1053,306,747
124900047,82,274,-192
124900048,331,104,227
124900050,297,145,152
124900052,181,587,-406
124900053,425,379,46
124900054,947,966,-19
124900055,4,131,-127
124900057,1,62,-61
124900060,32,211,-179
124900061,214,2,212
124900062,373,12,361
124900066,0,10,-10
124900067,3,60,-57
124900068,283,2326,-2043
124900069,100,522,-422
124900070,98,45,53
124900072,550,54,496
124900074,606,249,357
124900075,1400,167,1233
124900076,61,5290,-5229
124900077,21,186,-165
124900078,321,14,307
124900079,239,604,-365
124900080,704,214,490
124900081,2188,272,1916
124900082,476,318,158
124900083,621,441,180
124900084,1170,84,1086
124900085,563,548,15
124900086,94,1333,-1239
124900087,222,99,123
124900088,63,118,-55
124900089,647,11,636
124900090,1441,507,934
124900091,675,342,333
124900092,521,361,160
124900093,1551,456,1095
124900094,1946,642,1304
124900095,359,1281,-922
124900096,531,294,237
124900097,1364,131,1233
124900098,260,508,-248
124900099,371,1093,-722
124900100,789,24,765
124900101,129,304,-175
124900102,969,11,958
124900103,295,239,56
124900104,182,212,-30
124900105,196,122,74
124900106,890,73,817
124900107,341,104,237
124900108,269,234,35
124900109,212,361,-149
124900110,1227,179,1048
124900111,0,108,-108
124900112,360,588,-228
129000186,259,245,14
204000001,24,9,15
204000002,7,18,-11
204000003,47,49,-2
204000004,16,1,15
204000005,623,387,236
204000006,1483,1235,248
204000008,865,312,553
204000011,15,43,-28
204000012,105,76,29
204000013,1,20,-19
204000019,1744,493,1251
204000020,2093,1115,978
204000021,2833,1656,1177
204000022,2359,825,1534
204000023,1111,468,643
204000031,2,16,-14
204000032,428,84,344
204000034,78,269,-191
204000035,2,8,-6
204000036,19,67,-48
204000037,0,23,-23
204000038,3,14,-11
204000039,4,18,-14
204000040,31,48,-17
204000041,18,27,-9
204000042,114,24,90
204000043,82,20,62
204000044,81,6,75
204000045,143,11,132
204000046,33,2,31
204000057,32,17,15
204000062,26,31,-5
204000068,12,588,-576
204000069,35,765,-730
204000070,106,95,11
204000080,129,133,-4
204000085,1690,1613,77
204000086,2529,1470,1059
204000087,89,15,74
204000088,26,71,-45
204000090,112,450,-338
204000093,1307,84,1223
204000096,2928,1002,1926
204000097,941,1,940
204000099,1593,4001,-2408
204000100,2817,1839,978
204000105,2124,1278,846
204000110,479,1339,-860
204000111,1214,969,245
204000112,836,858,-22
204000113,409,921,-512
204000114,1869,1770,99
204000115,2446,1086,1360
204000116,1094,1459,-365
204000119,4357,2363,1994
204000132,1033,768,265
204000133,1326,116,1210
204000134,360,52,308
204000135,963,51,912
204000136,646,607,39
204000138,496,1331,-835
204000140,407,137,270
204000141,245,72,173
204000144,16,26,-10
204000145,1087,60,1027
204000146,49,278,-229
204000147,70,582,-512
204000148,273,139,134
204000154,13,33,-20
204000155,8,11,-3
204000177,116,65,51
204000179,119,34,85
204000180,0,64,-64
204000222,13,8,5
204000235,96,59,37
204000236,78,269,-191
204000238,31,53,-22
204000240,598,114,484
204000308,198,67,131
204000317,35,118,-83
204000322,26,108,-82
204000323,31,27,4
204000328,462,52,410
204000329,55,136,-81
204000330,502,16,486
204000331,117,160,-43
204010341,13,159,-146
205000001,800,1334,-534
205000013,185,296,-111
205000014,228,146,82
205000015,306,87,219
205000016,149,125,24
205000017,119,82,37
205000022,436,552,-116
205000025,2798,674,2124
205000029,832,16,816
205000045,282,271,11
205000047,132,313,-181
205000048,854,295,559
205000049,220,488,-268
205000050,801,244,557
205000059,0,878,-878
205000060,5,1645,-1640
205000061,5,2473,-2468
205000062,8,2877,-2869
205000063,96,2790,-2694
205000064,210,742,-532
205000065,1093,1074,19
205000066,435,350,85
205000067,284,429,-145
205000069,115,22,93
205000082,174,270,-96
205000110,110,156,-46
205000111,187,115,72
205000112,168,171,-3
205000113,124,196,-72
205000121,291,63,228
205000123,276,215,61
205000126,1043,77,966
205000127,979,101,878
205000128,456,59,397
205000129,1143,58,1085
205000130,75,28,47
205000131,19,36,-17
205000132,50,54,-4
205000133,51,15,36
205000134,449,5,444
205000137,539,137,402
205000138,682,340,342
205000139,49,105,-56
205000144,42,87,-45
205000145,369,296,73
205000151,278,72,206
205000152,162,44,118
205000153,310,91,219
205000154,175,121,54
205000155,155,16,139
205000207,2,192,-190
205000233,71,27,44
205000234,0,2,-2
205000243,0,0,0
205000244,0,7,-7
205000245,1,277,-276
205000249,0,40,-40
205000250,4,0,4
205000251,338,284,54
205000264,56,128,-72
206000027,30,27,3
206000028,14,4,10
206000043,4,84,-80
206000053,6,10,-4
206000054,0,31,-31
206000055,2,30,-28
206000075,54,26,28
206000076,52,7,45
206000077,37,3,34
206000078,15,7,8
206000079,16,7,9
206000082,336,326,10
206000100,39,1009,-970
206000103,11,14,-3
206000104,14,28,-14
206000105,28,57,-29
206000106,3,24,-21
206000108,931,103,828
206000125,282,0,282
206000157,25,586,-561
206000170,0,257,-257
206000171,37,222,-185
206000172,32,259,-227
206000173,3,141,-138
206000174,59,34,25
206000175,3,80,-77
206000176,31,103,-72
206000177,2,56,-54
206000178,0,564,-564
206000179,3,847,-844
206000180,2,116,-114
206000181,7,38,-31
206000182,8,77,-69
206000183,23,144,-121
206000184,4,90,-86
206000185,29,35,-6
206000186,217,305,-88
206000223,39,611,-572
206000226,55,12,43
206000227,60,11,49
206000237,38,145,-107
206000238,71,214,-143
206000239,247,1901,-1654
206000240,0,76,-76
206000241,0,49,-49
206000242,41,253,-212
206000243,34,44,-10
206000244,149,153,-4
206000245,2601,105,2496
206000246,780,23,757
206000247,941,21,920
206000248,1017,128,889
206000252,121,89,32
206000258,9,123,-114
206000315,109,3,106
206000317,720,266,454
206000318,1136,81,1055
206000319,3839,168,3671
206000320,792,47,745
206000321,914,10,904
206000322,1578,73,1505
206000323,681,31,650
206000324,774,48,726
206000325,395,36,359
206000326,555,98,457
206000327,67,64,3
206000328,560,46,514
206000329,819,23,796
206000330,247,37,210
206000331,742,20,722
206000332,158,15,143
206000333,2405,5,2400
206000334,1229,8,1221
206000335,0,27,-27
206000361,1,144,-143
206000392,2,13,-11
206000405,225,0,225
206000441,216,48,168
206000498,80,8,72
206000515,128,78,50
206000530,418,113,305
206000531,239,612,-373
206000532,1758,936,822
206000535,166,5247,-5081
206000536,66,82,-16
206000537,48,150,-102
206000613,1182,333,849
207000001,185,402,-217
207000002,209,441,-232
207000003,257,267,-10
207000007,2817,248,2569
207000008,581,8,573
207000009,176,28,148
207000010,491,379,112
207000012,650,205,445
207000015,577,713,-136
207000019,454,137,317
207000021,544,396,148
207000022,365,264,101
207000023,574,121,453
207000024,6,36,-30
207000025,26,119,-93
207000026,93,91,2
207000027,29,95,-66
207000028,86,226,-140
207000029,250,597,-347
207000033,405,333,72
207000034,559,202,357
207000039,1110,122,988
207000040,1046,164,882
207000041,279,153,126
207000042,690,96,594
207000043,440,299,141
207000051,120,378,-258
207000052,8,231,-223
207000053,498,407,91
207000054,94,68,26
207000055,274,77,197
207000056,336,289,47
207000057,177,240,-63
207000058,221,207,14
207000059,138,205,-67
207000060,86,283,-197
207000061,92,1360,-1268
207000062,943,57,886
207000063,1050,154,896
207000064,636,190,446
207000065,565,243,322
207000066,696,263,433
207000067,119,128,-9
207000068,300,87,213
207000069,1149,313,836
207000082,21,134,-113
207000083,173,233,-60
207000084,957,392,565
207000085,487,57,430
207000086,773,9,764
207000106,152,42,110
207000107,249,34,215
207000108,186,13,173
207000109,134,10,124
207000110,84,130,-46
207000111,107,126,-19
207000112,81,2246,-2165
207000114,54,18,36
207000115,135,97,38
207000116,43,484,-441
207000117,12,114,-102
207000118,1,145,-144
207000119,31,64,-33
207000123,518,22,496
207000124,217,39,178
207000125,75,10,65
207000126,61,39,22
207000134,332,164,168
207000135,113,264,-151
207000148,206,837,-631
207000149,99,38,61
207000152,258,557,-299
207000153,259,737,-478
207000154,487,308,179
207000159,234,227,7
207000160,342,277,65
207000238,0,68,-68
207000242,2,45,-43
207000248,34,61,-27
207000249,96,31,65
207000250,600,199,401
207000251,96,221,-125
207000252,33,73,-40
207000278,425,236,189
207000279,60,172,-112
207000280,1671,74,1597
207000281,384,319,65
207000282,40,651,-611
207000283,32,160,-128
207000284,49,2032,-1983
207000285,110,60,50
207000291,18,84,-66
207000304,87,101,-14
207000306,88,322,-234
207000310,312,168,144
207000353,144,0,144
207000356,10,295,-285
207000357,6,49,-43
207000415,5,68,-63
207000417,85,2,83
207000437,0,3,-3
207000439,548,363,185
207000446,447,3,444
207000460,206,7,199
207000466,174,237,-63
207000476,19,7,12
207000477,1023,31,992
207000523,0,7,-7
207000524,48,1,47
207000527,404,121,283
207000530,1257,0,1257
207000531,749,7,742
207000532,380,51,329
207000534,137,41,96
207000535,7,388,-381
207000537,6,82,-76
207000540,1,68,-67
207000541,5,134,-129
207000548,5,261,-256
207000549,524,25,499
207000561,505,251,254
207000562,32,97,-65
207000567,128,174,-46
207000568,751,53,698
207000569,1950,196,1754
207000584,45,294,-249
207000585,11,160,-149
207000616,0,102,-102
207000617,214,0,214
207900008,759,68,691
208000001,944,1762,-818
208000002,1212,1296,-84
208000003,1126,591,535
208000004,1303,1970,-667
208000005,4,225,-221
208000019,2053,710,1343
208000020,546,286,260
208000021,506,451,55
208000022,1485,427,1058
208000028,1554,2448,-894
208000033,659,324,335
208000034,1065,1626,-561
208000040,409,229,180
208000041,1765,935,830
208000042,2696,925,1771
208000047,172,278,-106
208000064,3134,2039,1095
208000066,1558,1808,-250
208000070,1198,666,532
208000071,1349,490,859
208000072,1403,799,604
208000080,613,1292,-679
208000081,566,136,430
208000082,996,251,745
208000083,350,294,56
208000084,6,138,-132
208000085,1115,760,355
208000086,1037,1381,-344
208000087,563,963,-400
208000089,1525,370,1155
208000090,1391,557,834
208000093,60,274,-214
208000094,918,426,492
208000095,1431,769,662
208000104,2687,775,1912
208000105,1734,1110,624
208000114,145,631,-486
208000115,940,612,328
208000116,2433,2489,-56
208000117,38,324,-286
208000118,330,493,-163
208000155,1219,1893,-674
208000158,2807,3726,-919
208000186,1434,2815,-1381
208000204,1542,1585,-43
208000205,2506,1120,1386
208000282,1139,1642,-503
209000004,1615,377,1238
209000005,215,249,-34
209000006,523,516,7
209000007,648,971,-323
209000010,370,882,-512
209000011,134,417,-283
209000012,250,331,-81
209000013,757,459,298
209000014,985,755,230
209000025,992,87,905
209000026,1834,350,1484
209000027,770,322,448
209000028,615,241,374
209000029,825,3519,-2694
209000030,881,2938,-2057
209000031,7117,2495,4622
209000034,285,560,-275
209000035,292,590,-298
209000036,589,449,140
209000037,820,453,367
209000038,325,241,84
209000039,223,203,20
209000040,432,636,-204
209000041,392,478,-86
209000042,719,394,325
209000043,686,747,-61
209000044,473,1026,-553
209000045,749,302,447
209000046,850,402,448
209000047,553,218,335
209000048,729,971,-242
209000049,134,36,98
209000050,242,74,168
209000051,391,107,284
209000052,280,140,140
209000062,180,70,110
209000063,175,41,134
209000064,70,26,44
209000065,302,62,240
209000066,262,22,240
209000067,398,36,362
209000080,51,302,-251
209000082,151,86,65
209000091,57,132,-75
209000093,98,203,-105
209000094,123,243,-120
209000110,57,258,-201
209000111,701,3245,-2544
209000112,2237,1167,1070
209000113,3739,2887,852
209000114,1581,1783,-202
209000115,117,96,21
209000116,327,387,-60
209000118,37,271,-234
209000119,26,158,-132
209000121,230,559,-329
209000135,52,142,-90
209000142,1278,6108,-4830
209000143,88,362,-274
209000144,114,1104,-990
209000229,204,151,53
209000240,101,341,-240
209000259,46,57,-11
209000260,48,988,-940
209000261,10,590,-580
209000262,0,319,-319
209000263,0,827,-827
209000264,0,196,-196
209000265,1009,6,1003
209000266,381,0,381
209000267,2668,2,2666
209000268,557,206,351
210000037,127,276,-149
210000047,216,24,192
210000048,175,33,142
210000049,123,10,113
210000052,129,50,79
210000053,61,27,34
210000054,18,110,-92
210000070,478,23,455
210000071,452,8,444
210000072,157,1,156
210000073,0,72,-72
210000074,0,150,-150
210000075,0,271,-271
210000076,27,451,-424
210000077,23,510,-487
210000078,30,484,-454
210000079,59,105,-46
210000080,59,505,-446
210000081,522,40,482
210000082,43,9,34
210000083,114,7,107
210000084,151,0,151
210000085,1,305,-304
210000086,8,144,-136
210000099,129,270,-141
210000100,142,199,-57
210000101,238,170,68
210000105,19,343,-324
210000159,1,351,-350
210000163,64,226,-162
210000164,452,343,109
210000168,897,198,699
210000187,0,40,-40
210000188,0,33,-33
210000214,9,1,8
210000219,136,48,88
210000220,266,28,238
210000232,3,14,-11
210000233,35,20,15
210000234,55,69,-14
210000235,149,33,116
210000245,1,62,-61
210000246,12,3,9
210000258,28,106,-78
210000259,566,177,389
210000282,84,316,-232
210000285,3,184,-181
210000286,31,164,-133
210000295,104,241,-137
210000296,121,110,11
210000320,521,30,491
210000321,340,21,319
210000338,98,145,-47
210000339,215,975,-760
210000340,205,362,-157
210000341,390,366,24
210000342,394,292,102
210000343,296,312,-16
210000344,160,370,-210
210000345,241,601,-360
210000346,81,366,-285
210000347,65,531,-466
210000348,320,473,-153
210000349,170,241,-71
210000350,294,267,27
210000351,421,83,338
210000352,94,39,55
210000353,48,66,-18
210000354,106,64,42
210000355,49,703,-654
210000356,25,941,-916
210000357,70,1041,-971
210000358,1506,769,737
210000359,144,1247,-1103
210000360,458,924,-466
210000361,633,359,274
210000362,665,515,150
210000363,1373,486,887
210000364,635,287,348
210000365,517,96,421
210000366,568,69,499
210000367,336,43,293
210000368,391,53,338
210000369,87,286,-199
210000370,127,419,-292
210000372,115,126,-11
210000373,37,564,-527
210000374,125,494,-369
210000375,24,48,-24
210000376,54,709,-655
210000404,84,150,-66
210000439,147,14,133
210000472,46,15,31
210000482,72,169,-97
210000564,498,374,124
210000568,529,17,512
211000092,80,22,58
211000094,70,3,67
211000169,370,10,360
211000172,29,117,-88
211000209,1,104,-103
211000275,71,17,54
211000276,320,30,290
211000279,44,14,30
211000281,192,26,166
211507980,0,238,-238
211977296,50,1,49
212000003,570,256,314
212000004,8,300,-292
212000005,39,288,-249
212000006,67,334,-267
212000008,361,289,72
212000009,155,173,-18
212000012,370,73,297
212000013,124,32,92
212000014,627,102,525
212000015,784,125,659
212000016,1104,427,677
212000027,694,428,266
212000028,465,357,108
212000029,337,223,114
212000030,94,38,56
212000031,88,55,33
212000048,155,1097,-942
212000049,25,417,-392
212000050,20,31,-11
212000051,643,130,513
212000052,479,150,329
212000053,326,254,72
212000054,848,87,761
212000055,678,132,546
212000056,36,54,-18
212000057,9,25,-16
212000058,286,65,221
212000070,301,156,145
212000077,376,216,160
212000099,638,237,401
212000108,446,811,-365
212000111,557,104,453
212000120,350,380,-30
212000138,432,173,259
212000156,1,46,-45
212000158,1,55,-54
212000159,1189,65,1124
212000160,1068,155,913
212000161,166,14,152
212000310,148,9,139
212000311,47,85,-38
212000374,74,14,60
213000001,25,662,-637
213000005,1084,248,836
213000006,1032,288,744
213000007,121,66,55
213000009,479,179,300
213000010,661,216,445
213000011,347,140,207
213000012,455,295,160
213000014,125,56,69
213000015,620,14,606
213000016,864,3,861
213000017,153,0,153
213000018,0,20,-20
213000019,0,134,-134
213000020,166,132,34
213000021,3,61,-58
213000023,630,670,-40
213000033,498,1853,-1355
213000034,674,378,296
213000035,311,402,-91
213000045,385,410,-25
213000046,151,169,-18
213000047,401,1173,-772
213000056,332,65,267
213000069,408,53,355
213000073,0,22,-22
213000074,111,826,-715
213000075,1270,18,1252
213000085,26,85,-59
213000086,32,245,-213
213000091,715,20,695
213000092,13,5,8
213000099,364,1558,-1194
213000100,1204,497,707
213000101,1382,116,1266
213000102,1138,195,943
213000103,888,445,443
213000104,64,274,-210
213000105,144,2352,-2208
213000106,97,248,-151
213000107,234,397,-163
213000108,27,245,-218
213000109,9,126,-117
213000110,14,218,-204
213000111,3,183,-180
213000112,47,148,-101
213000115,83,3,80
213000116,36,514,-478
213000117,11,500,-489
213000118,2124,634,1490
213000119,53,424,-371
213000120,103,309,-206
213000122,308,329,-21
213000123,150,529,-379
213000124,550,829,-279
213000125,205,108,97
213000126,97,386,-289
213000127,40,321,-281
213000128,65,687,-622
213000129,310,2809,-2499
213000130,1714,1275,439
213000132,1700,360,1340
213000133,2203,155,2048
213000134,4003,41,3962
213000136,1165,16,1149
213000137,1175,54,1121
213000139,259,61,198
213000147,21,49,-28
213000148,32,67,-35
213000149,21,59,-38
213000150,1,1144,-1143
213000151,6,448,-442
213000152,1,705,-704
213000153,6,307,-301
213000154,123,608,-485
213000155,99,467,-368
213000156,355,435,-80
213000157,1587,308,1279
213000158,982,918,64
213000159,1404,583,821
213000163,3409,506,2903
213000165,1053,592,461
213000171,1,54,-53
213000172,1,169,-168
213000173,2,107,-105
213000174,21,85,-64
213000175,29,86,-57
213000176,850,90,760
213000177,616,10,606
213000178,886,11,875
213000179,613,0,613
213000180,621,2,619
213000184,125,603,-478
213000188,1301,168,1133
213000189,1455,74,1381
213000190,1012,431,581
213000191,979,212,767
213000192,677,186,491
213000193,848,406,442
213000194,2,323,-321
213000195,56,305,-249
213000196,602,3233,-2631
213000197,1006,1300,-294
213000198,76,10,66
213000200,174,506,-332
213000201,13,126,-113
213000202,33,652,-619
213000203,1943,328,1615
213000204,1505,59,1446
213000205,1154,65,1089
213000206,1082,83,999
213000207,63,21,42
213000208,56,2,54
213000209,191,5,186
213000210,388,14,374
213000211,14,28,-14
213000212,41,170,-129
213000213,34,110,-76
213000218,572,734,-162
213000219,2125,219,1906
213000220,2530,52,2478
213000223,367,247,120
213000224,19,71,-52
213000225,125,21,104
213000226,77,21,56
213000227,2648,209,2439
213000228,1262,138,1124
213000229,110,83,27
213000230,1041,13,1028
213000232,185,25,160
213000233,94,266,-172
213000234,0,36,-36
213000293,35,110,-75
213000294,106,109,-3
213000295,28,126,-98
213000296,157,31,126
213000297,6,85,-79
213000298,33,98,-65
213000299,139,29,110
213000300,3,11,-8
213000303,1,14,-13
213000304,1,8,-7
213000305,12,72,-60
213000306,56,1446,-1390
213000307,218,697,-479
213000308,155,301,-146
213000309,588,54,534
213000310,483,290,193
213000311,121,1042,-921
213000315,101,403,-302
213000316,629,138,491
213000322,214,28,186
213000323,290,115,175
213000324,427,48,379
213000325,330,40,290
213000326,497,28,469
213000327,370,64,306
213000328,224,137,87
213000329,439,51,388
213000340,253,380,-127
213000341,1887,138,1749
213000347,299,1929,-1630
213000348,7,201,-194
213000349,5,24,-19
213000350,210,1150,-940
213000366,118,204,-86
213000367,1005,17,988
213000379,51,158,-107
213000386,33,32,1
213000406,605,87,518
213000417,3552,894,2658
213000425,980,167,813
213000426,333,107,226
213000427,147,80,67
213000428,76,157,-81
213000429,17,12,5
213000430,259,487,-228
213000431,12,1,11
213000432,4,39,-35
213000433,57,53,4
213000434,298,179,119
213000435,279,101,178
213000436,106,43,63
213000437,21,20,1
213000438,240,79,161
213000439,121,46,75
213000440,27,183,-156
213000441,1,2,-1
213000442,58,23,35
213000443,1015,633,382
213000444,101,53,48
213000445,1,53,-52
213000446,3,54,-51
213000447,4,219,-215
213000448,6,289,-283
213000449,2090,29,2061
213000450,43,29,14
213000451,754,104,650
213000452,65,31,34
213000453,45,388,-343
213000455,164,0,164
213000456,1,268,-267
213000481,8,0,8
213000484,48,0,48
213000489,272,49,223
213900002,2,693,-691
213900003,145,2,143
213900013,0,74,-74
213900015,0,4,-4
213900016,18,1,17
213900020,65,25,40
213900030,0,33,-33
213900032,204,300,-96
213900033,505,151,354
213900034,1506,101,1405
213900035,539,130,409
213900036,420,115,305
213900037,98,211,-113
213900038,1203,150,1053
213900039,0,76,-76
213900041,27,581,-554
213900042,157,576,-419
213900043,468,101,367
213900244,118,0,118
213900245,0,33,-33
218000003,26,48,-22
218000004,34,84,-50
218000005,52,117,-65
218000006,102,151,-49
218000007,23,61,-38
218000012,294,306,-12
218000013,544,346,198
218000014,740,524,216
218000019,770,748,22
218000020,576,508,68
218000021,90,64,26
218000022,58,21,37
218000023,34,15,19
218000024,14,15,-1
218000025,11,31,-20
218000026,17,35,-18
218000027,0,9,-9
218000028,6,2,4
218000029,2,7,-5
218000030,26,11,15
218000031,18,12,6
218000032,1,16,-15
218000039,221,55,166
218000040,1,14,-13
218000046,230,102,128
218000047,33,52,-19
218000048,49,47,2
218000049,49,46,3
218000050,200,81,119
218000051,106,97,9
218000052,0,34,-34
218000053,3,41,-38
218000054,13,59,-46
218000055,19,34,-15
218000056,11,73,-62
218000057,0,39,-39
218000064,2,36,-34
218000065,333,85,248
218000066,52,275,-223
218000067,254,172,82
218000068,433,128,305
218000069,759,152,607
218000070,428,536,-108
218000071,486,427,59
218000072,266,509,-243
218000078,2167,368,1799
218000079,894,202,692
218000080,489,130,359
218000081,1807,182,1625
218000082,354,136,218
218000083,302,134,168
218000084,518,130,388
218000085,427,223,204
218000086,302,145,157
218000087,511,136,375
218000090,51,250,-199
218000091,1105,307,798
218000092,410,244,166
218000093,142,138,4
218000094,312,189,123
218000099,422,1100,-678
218000100,816,581,235
218000101,650,402,248
218000102,1230,470,760
218000103,206,187,19
218000104,456,124,332
218000105,115,44,71
218000107,329,123,206
218000108,42,74,-32
218000112,449,274,175
218000117,201,807,-606
218000134,1220,384,836
218000135,40,114,-74
218000136,277,186,91
218000137,317,125,192
218000138,124,162,-38
218000139,333,975,-642
218000140,1170,839,331
218000141,176,168,8
218000142,314,266,48
218000143,50,464,-414
218000144,40,254,-214
218000145,1334,630,704
218000146,496,394,102
218000151,9,41,-32
218000152,78,37,41
218000153,5,6,-1
218000154,16,3,13
218000155,55,2,53
218000156,172,19,153
218000157,70,19,51
218000158,26,24,2
218000159,2,5,-3
218000160,5,5,0
218000161,61,3,58
218000162,97,12,85
218000163,41,8,33
218000164,118,4,114
218000165,186,39,147
218000170,8,31,-23
218000171,92,11,81
218000172,23,25,-2
218000173,25,27,-2
218000174,35,22,13
218000176,359,68,291
218000177,402,178,224
218000178,110,251,-141
218000179,263,85,178
218000180,153,81,72
218000181,547,44,503
218000187,4,50,-46
218000188,55,55,0
218000189,34,115,-81
218000190,115,39,76
218000191,383,28,355
218000192,616,350,266
218000193,943,362,581
218000194,502,449,53
218000195,358,138,220
218000196,759,684,75
218000197,1402,426,976
218000198,203,134,69
218000199,58,22,36
218000200,92,144,-52
218000201,7,6,1
218000202,112,863,-751
218000207,12,34,-22
218000208,86,227,-141
218000211,58,35,23
218000212,2,8,-6
218000213,153,67,86
218000214,1,18,-17
218000215,79,63,16
218000217,2,71,-69
218000218,234,28,206
218000219,7,327,-320
218000220,65,2256,-2191
218000221,932,564,368
218000222,4,343,-339
218000223,102,1154,-1052
218000224,7,332,-325
218000225,246,50,196
218000226,287,109,178
218000230,0,9,-9
218000232,210,91,119
218000234,185,25,160
218000239,136,47,89
218000240,12,8,4
218000241,40,1,39
218000242,17,7,10
218000243,6,19,-13
218000244,38,36,2
218000245,126,6,120
218000246,0,9,-9
218000247,1,1,0
218000248,0,45,-45
218000249,0,1,-1
218000250,0,259,-259
218000251,0,80,-80
218000252,0,31,-31
218000253,1,51,-50
218000254,1,31,-30
218000255,1,5,-4
218000256,3,15,-12
218000267,229,666,-437
218000268,10,54,-44
218000269,0,33,-33
218000270,87,66,21
218000271,11,63,-52
218000273,105,4,101
218000274,13,3,10
218000275,101,67,34
218000276,39,29,10
218000278,4,84,-80
218000279,22,34,-12
218000280,0,23,-23
218000281,20,31,-11
218000282,420,600,-180
218000284,62,5,57
218000301,154,189,-35
218000302,98,78,20
218000303,90,84,6
218000316,2260,945,1315
218000317,3549,860,2689
218000318,1959,567,1392
218000319,2539,677,1862
218000320,2024,927,1097
218000338,22,230,-208
218000339,68,27,41
218000342,342,111,231
218000343,287,73,214
218000345,31,42,-11
218000346,8,80,-72
218000353,52,9,43
218000354,213,85,128
218000459,39,142,-103
218000490,28,84,-56
218000501,280,100,180
218000502,244,65,179
218000503,316,63,253
218000504,352,137,215
218000505,117,166,-49
218000506,41,499,-458
218000508,2,12,-10
218000510,128,36,92
218000520,446,507,-61
218000522,0,608,-608
218000523,211,0,211
218000524,11,390,-379
218000525,146,40,106
218000526,56,325,-269
218000530,48,6,42
218000531,53,39,14
218000532,182,34,148
218000537,13,42,-29
218000538,153,458,-305
218000539,161,27,134
218000540,160,145,15
218000543,296,104,192
218000544,78,64,14
218000545,285,97,188
218000546,59,78,-19
218000547,261,230,31
218000548,213,144,69
218000549,1342,347,995
218000550,316,169,147
218000551,104,580,-476
218000552,420,298,122
218000553,3,61,-58
218000554,13,28,-15
218000555,45,19,26
218000556,94,175,-81
218000557,920,49,871
218000558,61,0,61
218000559,0,60,-60
218000560,0,48,-48
218000561,12,0,12
218000562,40,219,-179
218000563,270,79,191
218000564,6,213,-207
218000565,114,42,72
218000566,54,27,27
218000567,2,79,-77
218000568,4,4,0
218000569,8,294,-286
218000570,14,6,8
218000571,0,241,-241
218000572,135,5,130
218000573,21,75,-54
218000574,113,48,65
218000575,143,14,129
218000576,0,95,-95
218000577,205,3,202
218000578,12,331,-319
218000579,114,10,104
218000581,4,146,-142
218000582,21,15,6
218000583,13,1,12
218000584,0,15,-15
218000585,39,22,17
218000586,29,28,1
218000587,1,3,-2
218000588,1,16,-15
218000589,0,3,-3
218000590,2,0,2
218000591,0,7,-7
218000592,3,0,3
218000593,2,4,-2
218000594,7,0,7
218000595,0,0,0
218000596,0,2,-2
218000597,0,0,0
218000598,0,0,0
218000599,0,0,0
218000600,0,6,-6
218000601,1,0,1
218000602,0,1,-1
218000603,0,11,-11
218000604,6,1,5
218000605,0,45,-45
218000606,81,0,81
218000607,12,106,-94
218000608,62,17,45
218000609,4,135,-131
218000610,74,5,69
218000611,48,1,47
218000612,0,41,-41
218000613,93,1,92
218000614,1,44,-43
218000615,348,36,312
218000616,10,307,-297
218000617,31,26,5
218000618,3,17,-14
218000619,192,67,125
218000620,9,148,-139
218000621,0,4,-4
218000622,0,123,-123
218000623,71,62,9
218000624,1,394,-393
218000625,1,29,-28
218000626,0,7,-7
218000628,304,412,-108
218000632,0,202,-202
218000633,188,2,186
218000634,23,7,16
218000635,11,35,-24
218000636,1710,549,1161
218000637,2045,542,1503
218000638,515,32,483
218000639,42,69,-27
218000640,818,18,800
218000641,170,101,69
218000652,71,38,33
218000653,304,59,245
218000675,4,19,-15
218000676,13,24,-11
218000677,43,6,37
218000703,7,27,-20
218000718,31,182,-151
218000719,138,207,-69
218000720,0,124,-124
218000721,7,7,0
218000725,22,7,15
218001214,43,98,-55
219000001,20,33,-13
219000002,58,64,-6
219000003,110,35,75
219000004,61,123,-62
219000017,80,331,-251
219000020,298,40,258
219000022,163,8,155
219000023,90,0,90
219000029,0,223,-223
219000034,65,83,-18
219000039,46,432,-386
219000040,68,101,-33
219000041,220,77,143
219000051,0,366,-366
219000052,0,151,-151
219000053,2,163,-161
219000054,412,747,-335
219000055,549,1,548
219000056,15,0,15
219000057,142,0,142
219000062,8,334,-326
219000063,245,22,223
219000110,334,207,127
219000111,154,111,43
219000112,306,72,234
219000113,411,68,343
219000114,179,52,127
219000116,222,94,128
219000117,327,81,246
219000118,198,88,110
219000123,297,80,217
219000124,98,66,32
219000125,16,30,-14
219000126,94,233,-139
219000127,2,16,-14
219000128,55,173,-118
219000129,34,161,-127
219000130,262,890,-628
219000131,1088,1515,-427
219000133,112,110,2
219000134,25,66,-41
219000135,32,127,-95
219000136,143,345,-202
219000138,200,45,155
219000139,197,28,169
219000140,284,1,283
219000141,84,42,42
219000142,29,54,-25
219000143,27,45,-18
219000145,12,75,-63
219000146,8,32,-24
219000147,6,29,-23
219000148,1,39,-38
219000149,17,31,-14
219000150,2,77,-75
219000151,3,23,-20
219000157,341,139,202
219000158,267,393,-126
219000161,302,6,296
219000163,1521,427,1094
219000166,251,348,-97
219000167,247,244,3
219000168,295,117,178
219000174,784,226,558
219000175,368,3,365
219000176,302,34,268
219000177,191,5,186
219000178,138,1,137
219000179,166,17,149
219000180,163,37,126
219000182,244,17,227
219000183,196,56,140
219000184,295,4,291
219000185,1,79,-78
219000186,126,40,86
219000187,28,149,-121
219000189,116,219,-103
219000190,90,344,-254
219000191,182,2311,-2129
219000192,238,263,-25
219000193,601,184,417
219000195,3,57,-54
219000196,16,91,-75
219000198,29,182,-153
219000199,36,202,-166
219000200,94,122,-28
219000201,58,244,-186
219000203,60,192,-132
219000204,106,548,-442
219000205,45,246,-201
219000207,133,267,-134
219000209,45,53,-8
219000210,40,722,-682
219000213,9,375,-366
219000239,229,325,-96
219000240,204,645,-441
219000241,181,316,-135
219000242,72,183,-111
219000243,93,373,-280
219000244,9,48,-39
219000245,21,61,-40
219000246,32,54,-22
219000247,357,46,311
219000248,554,984,-430
219000249,304,236,68
219000250,258,217,41
219000251,786,341,445
219000252,546,162,384
219000253,571,41,530
219000255,312,214,98
219000256,576,193,383
219000257,167,1,166
219000262,139,240,-101
219000263,116,127,-11
219000267,14,82,-68
219000268,31,58,-27
219000269,8,0,8
219000270,25,0,25
219000271,545,11,534
219000278,18,39,-21
219000279,0,19,-19
219000283,0,40,-40
219000295,26,80,-54
219000296,107,515,-408
219000297,75,62,13
219000298,92,51,41
219000299,714,49,665
219000300,155,111,44
219000301,53,338,-285
219000302,52,148,-96
219000307,61,27,34
219000308,112,113,-1
219000311,408,129,279
219000312,616,173,443
219000313,871,52,819
219000314,147,194,-47
219000315,638,43,595
219000316,1259,126,1133
219000317,275,23,252
219000320,0,202,-202
219000321,0,30,-30
219000323,1,115,-114
219000325,9,6,3
219000326,46,42,4
219000327,52,17,35
219000328,51,38,13
219000329,335,100,235
219000330,37,61,-24
219000331,58,71,-13
219000332,383,150,233
219000333,123,3,120
219000335,154,11,143
219000337,50,3,47
219000338,57,7,50
219000344,35,51,-16
219000345,71,54,17
219000346,53,35,18
219000348,349,129,220
219000349,97,180,-83
219000350,73,638,-565
219000351,1,26,-25
219000352,112,137,-25
219000353,294,99,195
219000354,404,71,333
219000355,264,67,197
219000356,441,2379,-1938
219000363,185,157,28
219000364,284,100,184
219000365,105,47,58
219000366,188,1220,-1032
219000368,448,704,-256
219000370,919,861,58
219000371,11,9,2
219000382,12,26,-14
219000383,297,1947,-1650
219000385,355,1030,-675
219000386,860,2521,-1661
219000387,0,20,-20
219000390,37,4,33
219000391,3,4,-1
219000397,71,39,32
219000398,43,79,-36
219000401,29,154,-125
219000402,29,101,-72
219000403,38,330,-292
219000404,57,133,-76
219000409,161,91,70
219000410,261,50,211
219000411,216,12,204
219000446,80,477,-397
219000447,0,15,-15
219000448,8,9,-1
219000452,141,191,-50
219000453,76,356,-280
219000454,460,704,-244
219000556,563,292,271
219000558,108,267,-159
219000590,58,364,-306
219000591,333,336,-3
219000592,73,246,-173
219000595,3,29,-26
219000635,328,58,270
219000636,146,157,-11
219000657,12,15,-3
219000658,38,320,-282
219000673,0,42,-42
219000676,3,2,1
219000679,40,50,-10
219000684,182,5,177
219000685,0,72,-72
219000686,0,15,-15
219000688,0,53,-53
219000689,56,385,-329
219000690,395,54,341
219000693,3,33,-30
219000694,68,0,68
219000695,148,2,146
219000698,34,2,32
219000699,1,332,-331
219000727,42,375,-333
219000728,127,3,124
219000770,58,2,56
219000771,1,50,-49
219001150,0,61,-61
219001151,0,3,-3
220000001,45,294,-249
220000002,6,158,-152
220000003,423,185,238
220000004,560,1066,-506
220000005,703,2938,-2235
220000006,207,912,-705
220000007,804,190,614
220000008,396,347,49
220000009,391,423,-32
220000010,83,98,-15
220000011,614,7120,-6506
220000012,64,955,-891
220000014,185,128,57
220000015,54,525,-471
220000017,46,753,-707
220000018,12181,4751,7430
220000019,442,1243,-801
220000020,923,320,603
220000021,1575,543,1032
220000022,1964,418,1546
220000023,399,255,144
220000024,1355,637,718
220000025,1097,3302,-2205
220000026,569,1646,-1077
220000027,20,461,-441
220000028,62,258,-196
220000029,43,87,-44
220000030,56,150,-94
220000031,1120,923,197
220000064,57,1973,-1916
221000046,3,0,3
221000047,0,0,0
221000048,0,0,0
221000049,0,7,-7
221000050,16,0,16
221000055,58,82,-24
221000057,110,2,108
221000068,294,93,201
221000069,444,38,406
221000070,362,19,343
221000071,227,3,224
221000072,490,12,478
221000073,327,37,290
221000074,0,24,-24
221000075,14,54,-40
221000076,26,25,1
221000077,6,66,-60
221000081,20,16,4
221000082,80,6,74
221000083,21,11,10
221000084,2,31,-29
221000085,36,117,-81
221000086,34,68,-34
221000087,14,279,-265
221000088,18,309,-291
221000089,28,300,-272
221000090,98,600,-502
221000098,179,19,160
221000099,251,8,243
221000100,139,6,133
221000101,189,9,180
221000102,164,16,148
221000109,4,55,-51
221000110,4,72,-68
221000111,6,97,-91
221000112,5,65,-60
221000113,12,191,-179
221000114,13,142,-129
221000120,26,310,-284
221000121,3,98,-95
221000122,53,78,-25
221000123,2,3,-1
221000124,23,95,-72
221000155,273,62,211
221000156,12,95,-83
221000175,1,20,-19
221000176,1,20,-19
221000182,53,12,41
221000241,367,401,-34
221000242,171,252,-81
221000243,585,291,294
221000244,235,491,-256
221000245,115,144,-29
221000246,49,361,-312
221000247,118,189,-71
221000248,210,140,70
221000267,33,851,-818
221000325,16,211,-195
221000331,3,101,-98
221000338,20,107,-87
221000378,585,64,521
221000381,79,43,36
222000282,3,27,-24
222000296,5,12,-7
222000568,577,17,560
222000569,205,59,146
222000570,249,64,185
222000571,516,62,454
222000577,24,31,-7
222000578,4,116,-112
222000579,4,55,-51
222000580,47,660,-613
222000599,0,86,-86
222000600,1,103,-102
222000601,0,623,-623
222000603,7,252,-245
222000604,1,88,-87
222000605,15,25,-10
222000606,0,5,-5
222000607,14,21,-7
222000608,40,39,1
222000609,66,111,-45
222000616,983,120,863
222000617,36,105,-69
222000618,10,49,-39
222000620,48,50,-2
222000621,25,46,-21
222000623,948,16,932
222000624,623,4,619
222000625,1695,12,1683
222000636,111,32,79
222000686,44,70,-26
222000687,41,44,-3
222001066,821,2,819
222001067,120,4,116
222001068,297,20,277
222001069,117,44,73
222001082,80,24,56
222001083,200,10,190
222001084,6,62,-56
222001085,0,553,-553
222001111,261,31,230
222001112,289,27,262
222001313,3,36,-33
222001314,0,131,-131
222001464,178,91,87
222001465,5,154,-149
222001484,360,137,223
222001485,43,91,-48
222001494,1456,310,1146
222001495,175,184,-9
222001496,820,132,688
222001497,108,290,-182
222001502,25,40,-15
222001503,414,106,308
222001504,108,225,-117
222001505,998,16,982
222001506,72,305,-233
222001507,650,11,639
222001510,1349,48,1301
222001511,61,154,-93
222001514,1204,122,1082
222001515,95,279,-184
222001518,976,60,916
222001519,118,108,10
222001527,223,61,162
222001528,25,224,-199
222001529,824,19,805
222001530,128,78,50
222001533,200,250,-50
222001534,1077,206,871
222001535,463,356,107
222001536,70,125,-55
222001537,533,67,466
222001538,54,372,-318
222001563,1817,115,1702
222001564,103,211,-108
222001568,425,316,109
222001576,1,11,-10
222001579,0,21,-21
222001583,25,189,-164
222001584,293,27,266
222001596,719,1540,-821
222001597,2388,462,1926
222001626,0,66,-66
222001650,24,110,-86
222001651,25,268,-243
222001914,489,55,434
222001915,37,194,-157
222900004,893,315,578
222900009,283,361,-78
222900019,149,415,-266
222900024,126,31,95
222900025,33,16,17
225000001,683,215,468
225000002,1486,416,1070
225000003,1744,305,1439
225000004,1043,544,499
225000005,93,78,15
225000006,2,451,-449
225000007,2513,1554,959
225000010,578,13,565
225000011,366,3150,-2784
225000012,491,1208,-717
225000013,208,334,-126
225000014,1390,525,865
225000015,222,283,-61
225000021,1559,257,1302
225000027,569,630,-61
225000032,1339,241,1098
225000042,200,735,-535
225000049,209,177,32
225000050,394,37,357
225000053,13,290,-277
225000058,1050,510,540
225000067,727,100,627
225000068,253,428,-175
225000069,122,568,-446
225000070,321,358,-37
225000071,103,142,-39
225000075,122,4802,-4680
225000076,90,398,-308
225000078,98,186,-88
225000085,238,45,193
225000086,770,119,651
225000087,343,29,314
225000088,115,418,-303
225000089,96,633,-537
225000090,81,1236,-1155
225000091,116,252,-136
225000092,146,198,-52
225000093,609,248,361
225000094,23,221,-198
225000095,544,463,81
225000096,159,399,-240
225000098,1507,231,1276
225000099,802,145,657
225000100,1060,253,807
225000104,289,572,-283
225000110,43,452,-409
225000111,735,689,46
225000112,1066,1223,-157
225000113,413,2384,-1971
225000114,298,985,-687
225000115,2523,821,1702
225000116,329,381,-52
225000117,1065,629,436
225000118,2407,683,1724
225000119,885,199,686
225000120,1876,96,1780
225000121,305,30,275
225000123,1355,102,1253
225000125,1070,357,713
225000126,1365,585,780
225000127,830,4372,-3542
225000128,540,1694,-1154
225000132,1130,52,1078
225000133,690,37,653
225000134,1407,282,1125
225000135,232,32,200
225000136,1204,16,1188
225000137,852,250,602
225000138,1388,265,1123
225000143,335,369,-34
225000144,30,402,-372
225000145,68,89,-21
225000146,192,140,52
225000147,79,130,-51
225000148,32,116,-84
225000149,112,236,-124
225000151,103,107,-4
225000155,267,339,-72
225000156,425,1473,-1048
225000157,1004,585,419
225000158,92,306,-214
225000171,8,261,-253
225000180,41,0,41
225000181,2,297,-295
225000182,109,48,61
225000185,12,721,-709
225000187,259,455,-196
225000191,181,9,172
225000194,0,13,-13
225000208,0,144,-144
225000209,282,35,247
225000210,9,354,-345
225000217,0,31,-31
225000218,41,1,40
225000223,1,630,-629
225000224,525,25,500
225000225,2,312,-310
225000226,77,10,67
225000227,626,687,-61
225000228,11,16,-5
225000229,0,155,-155
225000230,3,8,-5
225000231,0,62,-62
225000232,327,0,327
225000241,212,1,211
225000242,0,80,-80
225000249,6,0,6
225000250,114,442,-328
225000251,1180,392,788
225000254,6,393,-387
225000256,11,1470,-1459
225000257,1,201,-200
226000042,429,746,-317
226000043,73,488,-415
226000044,317,1213,-896
226000045,191,701,-510
226000046,968,360,608
226000047,1005,260,745
226000048,612,242,370
226000049,1017,524,493
226000070,0,24,-24
226000071,0,83,-83
226000072,1,81,-80
226000073,0,14,-14
226000074,0,31,-31
226000084,0,20,-20
226000085,2,119,-117
226000086,7,100,-93
226000087,0,48,-48
226000088,17,102,-85
226000090,37,279,-242
226000091,23,155,-132
226000092,1,37,-36
226000093,58,2,56
226000094,19,16,3
226000095,20,17,3
226000105,16,0,16
226000106,52,1,51
226000107,20,0,20
226000108,30,0,30
226000109,296,0,296
226000124,394,288,106
226000134,1935,860,1075
226000135,3550,821,2729
226000136,1522,695,827
226000137,25,296,-271
226000138,31,115,-84
226000139,4,159,-155
226000156,1076,3,1073
226000157,872,38,834
226000163,147,595,-448
226000202,2,289,-287
226000231,723,11,712
226000232,101,3,98
227000033,666,28,638
227000036,1033,59,974
227000037,684,81,603
227000038,254,70,184
227000084,3,190,-187
227000085,0,129,-129
227000088,105,3,102
227000089,74,1,73
227000090,32,1,31
227000091,57,0,57
227000092,46,1,45
227000093,246,1,245
227000094,4,0,4
227000130,76,255,-179
227000131,50,162,-112
227000132,36,105,-69
227000133,59,82,-23
227000134,59,115,-56
227000152,0,6,-6
227000153,0,180,-180
227000154,0,116,-116
227000155,3,29,-26
227000156,0,54,-54
227000165,1,102,-101
227000196,1156,146,1010
227000199,1119,349,770
227000230,12,232,-220
227000232,1662,22,1640
227000242,53,402,-349
227000243,441,54,387
227000245,17,234,-217
227000246,99,248,-149
227000247,923,45,878
227000248,186,74,112
227000249,36,83,-47
227000250,419,419,0
227000251,85,509,-424
227000252,59,174,-115
227000253,411,31,380
227000262,939,60,879
227000266,3287,40,3247
227000267,14,727,-713
227000282,11,137,-126
227000284,1291,36,1255
227000286,10,44,-34
227000291,19,385,-366
227000296,363,329,34
227000484,224,14,210
227000485,8,685,-677
227000655,525,0,525
227000656,946,32,914
227000657,285,14,271
229000265,11,13,-2
229000266,2,0,2
229000267,11,0,11
229000268,22,0,22
229000269,52,1,51
229000274,0,107,-107
229000275,0,65,-65
229000276,0,130,-130
229000277,0,6,-6
229000278,3,19,-16
229000295,57,48,9
229000296,4,38,-34
229000297,21,10,11
229000298,21,122,-101
229000320,5,15,-10
229000321,34,112,-78
229000412,31,126,-95
229000414,10,59,-49
229000415,10,47,-37
229000416,2,1,1
229000417,0,14,-14
229000419,113,228,-115
229000440,311,108,203
229000442,80,50,30
229000443,7,39,-32
229000444,1,21,-20
229000445,107,13,94
229000446,136,28,108
229000491,6,21,-15
229000492,16,68,-52
229000493,13,84,-71
229000494,63,1,62
229000495,159,12,147
229000496,117,19,98
229000507,0,54,-54
229000508,1,29,-28
229000509,0,137,-137
229000510,3,65,-62
229000511,7,43,-36
229000512,0,27,-27
229000513,0,4,-4
229000514,1,2,-1
229000517,4,4,0
229000518,30,11,19
229000519,0,8,-8
229000520,42,45,-3
229000521,73,12,61
229000522,12,10,2
229000523,8,1,7
229000524,5,0,5
229000527,0,0,0
229000528,0,0,0
229000529,25,0,25
229000530,91,2,89
229000531,40,0,40
229000532,21,2,19
229000533,92,1,91
229000534,56,0,56
229000564,92,1,91
229000565,60,0,60
229000566,1,5,-4
229000567,1,19,-18
229000582,88,15,73
229000583,1,20,-19
229000584,0,17,-17
229000585,3,104,-101
229000718,0,2,-2
229000719,0,3,-3
229000720,0,24,-24
229000721,0,5,-5
229000722,2,3,-1
229000723,0,1,-1
229000724,0,3,-3
229000725,0,1,-1
229000738,3,0,3
229000739,1,0,1
229000740,4,0,4
229000741,64,0,64
229000742,33,0,33
229000743,23,0,23
229000744,0,0,0
229000745,1,0,1
229000746,42,0,42
229000847,135,2,133
229000848,98,1,97
229000849,180,0,180
229000851,210,0,210
229000854,0,47,-47
229000856,0,117,-117
229000857,0,34,-34
229000858,0,69,-69
229000919,3,34,-31
229000930,14,187,-173
229000937,157,22,135
229000966,86,58,28
229000981,13,19,-6
229000985,42,8,34
229000986,2,4,-2
229000987,0,0,0
229000988,5,12,-7
229000989,19,7,12
229000990,1,6,-5
229000991,2,1,1
229000992,25,5,20
229000993,277,12,265
229000998,48,15,33
229000999,80,10,70
229001034,0,12,-12
229001035,2,29,-27
229001036,30,58,-28
229001037,67,10,57
229001038,0,23,-23
229001039,1,0,1
229001040,0,63,-63
229001041,311,0,311
229001042,72,12,60
229001047,11,44,-33
229001050,38,21,17
229001168,0,30,-30
229001200,36,12,24
229001338,0,8,-8
229001394,358,0,358
229001422,249,28,221
229001423,49,112,-63
229001431,116,76,40
229001432,30,64,-34
229001444,498,77,421
229001445,143,76,67
229001479,35,4,31
229001503,394,102,292
229001504,155,87,68
229001505,212,65,147
229001506,89,151,-62
229001509,100,19,81
229001510,33,57,-24
229001545,215,12,203
229001546,7,88,-81
229001553,261,25,236
229001554,16,69,-53
229001630,165,13,152
229001631,41,34,7
229001635,0,26,-26
229001636,0,0,0
229001658,0,63,-63
229001659,80,2,78
229001660,1,65,-64
229001661,4,66,-62
229001662,53,2,51
229001663,1,152,-151
229002584,374,380,-6
229002831,163,130,33
229002841,8,42,-34
229002842,29,119,-90
229002843,84,54,30
229002844,25,121,-96
229002845,23,167,-144
229002846,11,19,-8
229002847,0,32,-32
229002848,8,152,-144
229002849,23,83,-60
229002850,5,1,4
229002851,38,173,-135
229002852,153,74,79
229002853,165,120,45
229002854,17,129,-112
229002855,12,134,-122
229002856,55,52,3
229002857,25,181,-156
229002858,13,9,4
229002859,31,130,-99
229002860,193,85,108
229002861,57,141,-84
229002862,36,47,-11
229002863,21,23,-2
229002864,49,46,3
229002865,3,65,-62
229002866,27,50,-23
229002867,2,15,-13
229002868,8,16,-8
229002869,8,57,-49
229002870,52,25,27
235000067,321,51,270
235000072,78,242,-164
235000080,6,85,-79
235000081,133,164,-31
235000082,360,47,313
235000083,583,96,487
235000084,50,51,-1
235000085,299,89,210
235000093,22,5,17
235000097,0,11,-11
235000098,64,0,64
235000115,232,121,111
235000116,10,26,-16
235000117,623,24,599
235000133,70,867,-797
235000134,9,189,-180
235000206,4,27,-23
235000207,1,6,-5
235000210,1,0,1
235000212,1,22,-21
235000220,0,8,-8
235000221,8,114,-106
235000238,21,279,-258
235000239,0,110,-110
235000242,449,1270,-821
235000245,424,204,220
235000246,20,70,-50
235000284,1,88,-87
235000295,124,57,67
235000305,656,54,602
235000306,613,8,605
235000307,41,14,27
235000308,43,0,43
235000309,164,1,163
235000310,29,1,28
235000311,235,141,94
235000322,0,24,-24
235000323,1,32,-31
235000324,1,28,-27
235000325,1,44,-43
235000326,46,52,-6
235000351,3,63,-60
235000352,42,76,-34
235000353,42,58,-16
235000354,10,11,-1
235000355,9,272,-263
235000356,241,11,230
235000357,235,13,222
235000358,57,3,54
235000359,27,3,24
235000360,176,20,156
235000361,101,21,80
235000381,52,119,-67
235000382,324,95,229
235000390,19,10,9
235000391,194,29,165
235000392,270,258,12
235000393,264,224,40
235000395,180,62,118
235000396,733,84,649
235000399,224,60,164
235000400,90,196,-106
235000401,16,248,-232
235000402,53,253,-200
235000405,237,188,49
235000406,57,121,-64
235000407,81,58,23
235000409,193,36,157
235000411,0,45,-45
235000485,0,4,-4
235000486,5,0,5
235000549,128,207,-79
235000550,115,155,-40
235000599,151,39,112
235000600,3,13,-10
235000601,37,14,23
235000602,108,15,93
235000614,0,1,-1
235000648,0,1,-1
235000649,81,14,67
235000815,3,23,-20
235000834,1,22,-21
235000855,51,22,29
235000862,89,135,-46
235000891,0,82,-82
235000892,19,2,17
235000901,154,17,137
235000907,3,10,-7
235001010,111,107,4
235001030,206,117,89
235001078,138,114,24
235001079,174,75,99
235001147,3,106,-103
235001166,3,38,-35
235001167,75,59,16
235001169,31,185,-154
235001200,84,64,20
235001239,0,19,-19
235016266,3,28,-25
235016267,3,245,-242
235900013,2,4,-2
235900014,1,5,-4
241900007,127,2,125
277101746,0,15,-15
277102712,0,1,-1
277103813,0,0,0
277103814,0,0,0
277103898,0,1,-1
990010990,53,180,-127
990011530,0,627,-627
990014944,1,280,-279
990015176,128,0,128
990015618,0,197,-197
990015888,54,97,-43
990016032,1,310,-309
990032570,1,1717,-1716
990070001,102,4,98
990070103,0,4,-4
990070601,0,44,-44
990070751,3972,5,3967
990070766,1,138,-137
990071180,966,542,424
990071343,31,3,28
990071387,0,3,-3
990071823,966,0,966
990072600,1,689,-688
990072964,6,184,-178
990073285,0,3,-3
990074393,1,624,-623
990074714,35,51,-16
990074870,3218,17,3201
990075106,1181,4,1177
990075746,1110,13,1097
990076437,6722,6,6716
990076458,1,489,-488
997000007,526,10,516
997000041,1,422,-421
997000058,133,0,133
997000062,7,0,7
997000069,0,4,-4
997000070,0,20,-20
997000100,375,0,375
997000141,0,547,-547
997000198,2,333,-331
998000475,0,4,-4
998000736,0,238,-238
998000965,0,94,-94
998001031,0,92,-92
998001072,169,155,14
998001091,9,4,5
998001093,3,1,2
998001103,2,15,-13
998001105,7,8,-1
998001700,1,81,-80
998001899,0,0,0
998001900,15,0,15
998003073,2003,50,1953
998003124,59,53,6
998003125,81,149,-68
998101900,0,0,0
998102850,0,91,-91
998501819,1,0,1
998501820,0,49,-49
998501832,122,123,-1
998501927,700,1517,-817
998501929,252,14,238
998501930,99,0,99
998501931,513,39,474
998501932,8,0,8
998501933,167,32,135
998501937,9,2,7
998501944,10,0,10
998501950,0,0,0
998501970,389,15,374
998501971,1,272,-271
998501972,813,13,800
998501973,0,25,-25
998501974,1,181,-180
998501975,280,26,254
998501976,273,12,261
998501977,0,156,-156
998501978,22,0,22
998501979,0,5,-5
998501980,122,1,121
998501981,175,10,165
998501982,2,375,-373
998501983,0,0,0
998502006,0,0,0
998502024,0,60,-60
998502032,0,4,-4
998502062,10,1,9
998502063,0,0,0
998502173,10,0,10
998502269,0,7,-7
998601159,1,69,-68
998601292,4,76,-72
999033574,0,284,-284
999800001,89,5,84
999800002,0,5,-5
999800003,7,4,3
999800004,0,4,-4
999800005,1,59,-58
