ID,insum,outsum,diff
100000001,1295,573,722
100000002,4616,6969,-2353
100000003,5072,6122,-1050
100000004,316,1544,-1228
100000005,3886,4460,-574
100000006,662,1088,-426
100000007,2897,1831,1066
100000008,102,778,-676
100000009,344,1467,-1123
100000010,63,1967,-1904
100000011,564,278,286
100000012,27,355,-328
100000013,8,265,-257
100000014,97,2438,-2341
100000015,1213,2043,-830
100000016,304,2467,-2163
100000017,253,3651,-3398
100000018,778,825,-47
100000019,2496,2373,123
100000020,1310,6635,-5325
100000021,7557,1747,5810
100000022,728,4776,-4048
100000023,4704,1812,2892
100000025,598,2035,-1437
100000028,505,2546,-2041
100000029,39,745,-706
100000030,61,39,22
100000031,2326,8678,-6352
100000032,2081,5121,-3040
100000033,1294,3935,-2641
100000034,116,1719,-1603
100000035,667,1470,-803
100000036,482,2233,-1751
100000037,909,469,440
100000038,3445,1043,2402
100000039,278,406,-128
100000040,974,338,636
100000041,2358,1343,1015
100000042,1724,337,1387
100000043,758,171,587
100000044,155,218,-63
100000045,341,435,-94
100000046,316,496,-180
100000047,89,262,-173
100000048,226,497,-271
100000049,1265,1165,100
100000051,536,497,39
100000053,67,8,59
100000054,303,39,264
100000055,563,166,397
100000056,309,413,-104
100000057,2616,389,2227
100000058,1117,391,726
100000059,74,264,-190
100000060,1090,379,711
100000061,3114,581,2533
100000062,2203,758,1445
100000063,1584,470,1114
100000064,2470,446,2024
100000065,295,472,-177
100000066,151,481,-330
100000067,240,683,-443
100000068,284,1569,-1285
100000069,404,1004,-600
100000072,171,433,-262
100000073,985,809,176
100000075,911,124,787
100000076,1608,10769,-9161
100000077,79,746,-667
100000078,7,84,-77
100000079,11,58,-47
100000080,5,39,-34
100000081,22,111,-89
100000102,2295,5249,-2954
100000103,1327,6527,-5200
100000104,3380,2890,490
100000105,1284,2292,-1008
100000106,706,3740,-3034
100000107,102,1491,-1389
100000108,343,1035,-692
100000109,444,1659,-1215
100000116,196,570,-374
100000117,46,166,-120
100000118,477,1351,-874
100000119,917,994,-77
100000121,206,444,-238
100000122,607,2402,-1795
100000123,1181,2163,-982
100000124,1992,2470,-478
100000125,6495,2202,4293
100000126,478,716,-238
100000127,1483,910,573
100000128,570,3680,-3110
100000129,284,793,-509
100000130,1209,239,970
100000131,825,1114,-289
100000132,1079,1392,-313
100000133,1276,718,558
100000135,763,1060,-297
100000139,141,603,-462
100000140,138,122,16
100000142,835,621,214
100000143,775,337,438
100000144,1194,352,842
100000147,1628,5359,-3731
100000150,162,460,-298
100000151,253,1814,-1561
100000153,40,543,-503
100000154,14,781,-767
100000155,1,85,-84
100000156,52,195,-143
100000157,174,186,-12
100000158,177,153,24
100000159,73,1138,-1065
100000165,662,511,151
100000169,33,2957,-2924
100000174,381,1624,-1243
100000179,55,920,-865
100000180,1181,2645,-1464
100000181,377,198,179
100000188,71,104,-33
100000189,920,766,154
100000190,460,1660,-1200
100000191,864,505,359
100000192,13,252,-239
100000193,404,201,203
100000330,607,1029,-422
100000355,165,432,-267
100000362,1921,851,1070
100000363,7262,8143,-881
100000364,76,282,-206
100000365,5727,8412,-2685
100000366,1444,1003,441
100000367,5336,6260,-924
100000368,1865,1386,479
100000369,525,2341,-1816
100000370,148,1180,-1032
100000376,27,440,-413
100000379,735,4244,-3509
100000380,2907,8102,-5195
100000384,5260,6942,-1682
100000385,1180,4653,-3473
100000386,1318,7615,-6297
100000387,3244,8258,-5014
100000388,1834,4357,-2523
100000389,4676,6671,-1995
100000390,2502,3154,-652
100000391,2524,6988,-4464
100000392,502,2045,-1543
100000393,552,3866,-3314
100000394,1436,4402,-2966
100000395,731,4006,-3275
100000396,751,1753,-1002
100000397,1377,6076,-4699
100000398,4915,3723,1192
100900002,18,23,-5
100900003,773,389,384
100900004,2,462,-460
100900005,173,26,147
100900006,43,5,38
100900007,355,3,352
100900008,0,253,-253
100900009,57,12,45
100900010,48,4,44
100900011,215,179,36
100900012,0,29,-29
100900013,1481,8,1473
100900014,1,2,-1
100900015,64,34,30
100900016,0,5,-5
100900017,1790,66,1724
100900018,0,6,-6
100900019,77,96,-19
100900020,609,4,605
100900021,595,1,594
100900022,4,16,-12
100900023,0,67,-67
100900024,480,17,463
100900025,31,1,30
100900026,103,135,-32
100900027,418,3432,-3014
100900028,125,302,-177
100900029,13,2,11
100900030,1,122,-121
100900031,1592,52,1540
100900032,561,0,561
100900033,103,540,-437
100900034,2293,5,2288
100900035,236,6,230
100900036,121,0,121
100900037,196,51,145
100900038,11,60,-49
100900039,333,141,192
100900040,836,456,380
100900041,2290,161,2129
100900042,240,2660,-2420
100900043,0,26,-26
100900044,941,1079,-138
100900045,47,0,47
100900046,1760,14,1746
100900047,761,202,559
100900048,136,16,120
100900049,94,41,53
100900050,6,19,-13
100900051,15,160,-145
100900052,428,5,423
100900053,962,23,939
100900054,4,20,-16
100900055,427,1837,-1410
100900056,34,50,-16
100900057,2069,305,1764
100900058,191,36,155
100900059,249,2,247
100900060,320,6,314
100900061,154,177,-23
100900062,9,2,7
100900063,387,1510,-1123
100900064,771,7,764
100900065,28,218,-190
100900066,139,31,108
100900067,64,1,63
100900068,290,1002,-712
100900069,78,2,76
100900070,1031,9,1022
100900071,286,77,209
100900072,3,25,-22
100900073,228,124,104
100900074,0,11,-11
100900075,1632,73,1559
100900076,11,12,-1
100900077,131,2,129
100900078,95,165,-70
100900079,5,3,2
100900080,269,216,53
100900081,6,116,-110
100900082,416,82,334
100900083,35,32,3
100900085,0,396,-396
100900086,21,518,-497
100900088,344,98,246
100900089,3,25,-22
100900090,103,1134,-1031
100900091,1,4,-3
100900092,66,205,-139
100900093,597,1000,-403
100900094,504,77,427
100900095,6,18,-12
100900096,18,157,-139
100900097,5,0,5
100900098,5,31,-26
100900099,4,301,-297
100900100,3,165,-162
100900101,471,14,457
100900102,2,153,-151
100900103,2,9,-7
100900104,1,94,-93
100900105,6,389,-383
100900106,10,2,8
100900107,1781,741,1040
100900108,6,48,-42
100900109,26,15,11
100900110,18,25,-7
100900111,14,185,-171
100900112,1,38,-37
100900113,26,28,-2
100900114,8,26,-18
100900115,31,21,10
100900116,1054,479,575
100900117,232,1461,-1229
100900118,13,38,-25
100900119,19,36,-17
100900120,55,2,53
100900121,568,345,223
100900122,44,65,-21
100900123,314,36,278
100900124,1,9,-8
100900125,5,45,-40
100900126,978,469,509
100900127,9,18,-9
100900128,92,347,-255
100900129,1,275,-274
100900131,18,92,-74
100900133,123,61,62
100900134,7,9,-2
100900135,1,408,-407
100900137,282,157,125
100900138,930,364,566
100900139,0,50,-50
100900140,1,77,-76
100900141,2,461,-459
100900142,0,9,-9
100900143,267,745,-478
100900144,11,0,11
100900145,78,1164,-1086
100900146,1,71,-70
100900147,11,1786,-1775
100900148,109,124,-15
100900149,10,849,-839
100900150,6,89,-83
100900151,31,342,-311
100900152,226,0,226
100900153,2,236,-234
100900154,0,154,-154
100900155,28,6,22
100900156,11,1,10
100900157,19,808,-789
100900158,758,29,729
100900159,3,36,-33
100900160,65,1,64
100900161,55,1,54
100900162,8,468,-460
100900163,66,84,-18
100900164,300,15,285
100900165,27,5,22
100900166,35,2,33
100900167,3,53,-50
100900168,5,120,-115
100900169,50,553,-503
100900170,15,4,11
100900171,2,397,-395
100900172,1,127,-126
100900173,1,79,-78
100900174,35,18,17
100900176,1235,237,998
100900177,235,130,105
100900178,294,357,-63
100900179,193,234,-41
100900180,0,1,-1
100900181,68,76,-8
100900182,38,6,32
100900184,144,218,-74
100900186,624,348,276
100900187,18,36,-18
100900188,25,17,8
100900189,3290,317,2973
100900191,345,1297,-952
100900192,82,410,-328
100900195,86,300,-214
100900197,75,45,30
100900198,31,16,15
100900199,4,2,2
100900200,710,156,554
100900201,54,1152,-1098
100900202,79,0,79
100900203,0,56,-56
100900204,94,299,-205
100900205,164,642,-478
100900206,390,423,-33
100900207,525,109,416
100900210,57,70,-13
100900211,397,132,265
100900213,96,59,37
100900214,187,179,8
100900215,35,21,14
100900217,29,55,-26
101000001,1869,2846,-977
101000002,7309,9099,-1790
101000003,309,1190,-881
101000004,7062,7777,-715
101000005,5593,7829,-2236
101000006,6546,12259,-5713
101000007,3157,5351,-2194
101000008,1827,2457,-630
101000009,3175,819,2356
101000010,1478,624,854
101000011,984,349,635
101000012,209,554,-345
101000013,509,1386,-877
101000014,392,364,28
101000015,3416,1535,1881
101000016,244,746,-502
101000017,301,405,-104
101000018,1335,6303,-4968
101000020,1065,1313,-248
101000021,512,839,-327
101000022,127,550,-423
101000023,896,824,72
101000025,462,672,-210
101000026,495,36,459
101000027,1608,3416,-1808
101000028,715,240,475
101000029,32,1139,-1107
101000030,656,121,535
101000031,48,600,-552
101000032,2347,4095,-1748
101000033,915,5333,-4418
101000034,455,2717,-2262
101000035,426,481,-55
101000036,347,2660,-2313
101000037,576,3811,-3235
101000039,1616,3254,-1638
101000040,2561,7760,-5199
101000041,1798,6503,-4705
101000042,35,845,-810
101000043,3001,6873,-3872
101000045,228,761,-533
101000046,1053,1713,-660
101000047,878,4236,-3358
101000048,416,253,163
101000049,593,2179,-1586
101000050,406,1971,-1565
101000051,726,2030,-1304
101000052,1115,2060,-945
101000053,358,1368,-1010
101000054,1463,654,809
101000055,1484,1394,90
101000056,7,135,-128
101000057,499,3537,-3038
101000058,504,2457,-1953
101000059,2316,4233,-1917
101000060,1944,1081,863
101000061,240,2502,-2262
101000062,215,849,-634
101000063,149,1585,-1436
101000064,180,1563,-1383
101000065,82,881,-799
101000066,307,1320,-1013
101000067,258,774,-516
101000068,73,376,-303
101000069,82,86,-4
101000070,376,806,-430
101000071,3208,1366,1842
101000072,513,2512,-1999
101000073,428,1027,-599
101000074,1628,3081,-1453
101000075,1345,2390,-1045
101000077,1647,2799,-1152
101000078,668,1013,-345
101000079,710,866,-156
101000080,712,855,-143
101000081,1568,1556,12
101000082,1523,1197,326
101000083,3478,2076,1402
101000084,1002,568,434
101000085,1969,955,1014
101000086,924,755,169
101000087,543,680,-137
101000088,2031,1134,897
101000089,1134,1958,-824
101000090,1155,510,645
101000091,595,461,134
101000092,2447,462,1985
101000093,1861,519,1342
101000094,885,696,189
101000095,705,607,98
101000096,897,230,667
101000097,471,757,-286
101000098,339,782,-443
101000099,469,1008,-539
101000100,724,1076,-352
101000101,199,758,-559
101000102,325,1266,-941
101000103,333,919,-586
101000104,303,737,-434
101000105,216,513,-297
101000106,198,1610,-1412
101000107,414,560,-146
101000108,577,105,472
101000109,1189,208,981
101000110,20,185,-165
101000111,27,192,-165
101000113,94,1249,-1155
101000114,1647,5731,-4084
101000115,25,14,11
101000116,43,5,38
101000117,953,117,836
101000119,34,123,-89
101000120,40,194,-154
101000121,23,63,-40
101000122,36,95,-59
101000123,28,102,-74
101000124,437,573,-136
101000125,92,97,-5
101000128,262,2056,-1794
101000130,153,325,-172
101000131,2182,330,1852
101000132,1023,420,603
101000135,5,14,-9
101000136,75,122,-47
101000137,16,469,-453
101000141,656,4627,-3971
101000147,1437,299,1138
101000148,982,14,968
101000149,38,103,-65
101000150,139,217,-78
101000151,733,44,689
101000152,472,407,65
101000153,331,227,104
101000154,862,442,420
101000155,1033,215,818
101000156,53,1179,-1126
101000157,27,219,-192
101000160,7,20,-13
101000163,65,650,-585
101000164,358,102,256
101000165,284,475,-191
101000166,186,258,-72
101000168,1396,422,974
101000252,3319,729,2590
101000254,24,27,-3
101000258,70,4,66
101000261,57,75,-18
101000262,1317,6472,-5155
101000263,321,1276,-955
101000265,109,604,-495
101000266,435,229,206
101000269,10,54,-44
101000290,286,4077,-3791
101000293,3,12,-9
101000294,371,498,-127
101000295,309,164,145
101000301,215,842,-627
101000304,2250,4201,-1951
101000305,2680,1247,1433
101900001,14,89,-75
101900002,0,10,-10
101900003,46,69,-23
101900004,2,157,-155
101900005,1055,5190,-4135
101900006,1586,128,1458
101900007,344,236,108
101900008,38,279,-241
101900009,22,480,-458
101900010,734,847,-113
101900011,74,1773,-1699
101900012,386,78,308
101900013,305,60,245
101900017,19,91,-72
101900018,1453,286,1167
101900019,48,212,-164
101900020,251,181,70
101900021,10,52,-42
101900022,234,1309,-1075
101900023,189,198,-9
102000001,4550,8230,-3680
102000002,2821,3011,-190
102000003,1693,5984,-4291
102000004,4565,3371,1194
102000005,1614,3829,-2215
102000006,803,1141,-338
102000007,1700,4835,-3135
102000008,5219,1424,3795
102000009,9026,10546,-1520
102000010,3670,2534,1136
102000011,5486,4821,665
102000012,4082,2551,1531
102000018,2906,3862,-956
102000019,3078,2309,769
102000026,569,462,107
102000029,276,251,25
102000030,194,439,-245
102000031,139,100,39
102000032,899,431,468
102000033,782,240,542
102000034,437,266,171
102000035,991,483,508
102000036,35,165,-130
102000037,199,25,174
102000038,197,148,49
102000039,87,87,0
102000040,191,235,-44
102000041,16,348,-332
102000042,76,243,-167
102000043,61,335,-274
102000044,500,1015,-515
102000045,883,678,205
102000046,1878,576,1302
102000047,1502,502,1000
102000048,980,605,375
102000049,1143,875,268
102000050,1409,805,604
102000051,215,450,-235
102000052,1439,978,461
102000053,1142,793,349
102000054,979,901,78
102000055,1285,216,1069
102000056,2045,215,1830
102000057,2052,628,1424
102000058,865,821,44
102000059,818,914,-96
102000060,923,866,57
102000061,2761,1314,1447
102000062,2605,963,1642
102000063,1093,1612,-519
102000064,626,782,-156
102000065,51,167,-116
102000066,811,397,414
102000067,5908,4649,1259
102000068,8918,3442,5476
102000069,123,2565,-2442
102000070,2064,25,2039
102000071,6284,12899,-6615
102000072,2704,3634,-930
102000073,715,638,77
102000074,1029,706,323
102000075,243,177,66
102000076,689,119,570
102000077,1046,886,160
102000078,1835,457,1378
102000079,205,49,156
102000080,482,184,298
102000081,349,683,-334
102000082,756,532,224
102000083,1174,158,1016
102000084,1090,106,984
102000085,1586,561,1025
102000086,1888,698,1190
102000087,619,1026,-407
102000088,400,264,136
102000089,2000,250,1750
102000090,371,1419,-1048
102000091,1034,880,154
102000092,336,726,-390
102000093,712,631,81
102000094,544,382,162
102000095,759,867,-108
102000096,639,417,222
102000097,632,284,348
102000098,338,381,-43
102000099,728,531,197
102000100,231,507,-276
102000101,342,281,61
102000102,236,1508,-1272
102000103,3422,601,2821
102000104,468,334,134
102000105,358,341,17
102000106,1046,472,574
102000107,2681,183,2498
102000108,855,847,8
102000109,844,1083,-239
102000110,1644,473,1171
102000111,7,1675,-1668
102000112,127,192,-65
102000113,29,123,-94
102000114,2653,611,2042
102000115,271,502,-231
102000116,283,766,-483
102000117,72,901,-829
102000118,874,2262,-1388
102000119,592,1068,-476
102000120,263,458,-195
102000121,1572,255,1317
102000122,670,773,-103
102000123,972,678,294
102000124,1890,1179,711
102000125,576,625,-49
102000126,595,742,-147
102000127,1577,809,768
102000128,911,863,48
102000129,1806,733,1073
102000130,669,1014,-345
102000131,996,861,135
102000132,514,1058,-544
102000133,5198,2571,2627
102000134,1853,660,1193
102000135,494,759,-265
102000136,852,569,283
102000137,524,408,116
102000138,383,132,251
102000139,74,324,-250
102000140,194,207,-13
102000141,274,548,-274
102000142,425,171,254
102000143,339,86,253
102000144,506,81,425
102000145,406,175,231
102000146,774,159,615
102000147,716,358,358
102000148,311,528,-217
102000149,563,133,430
102000150,1225,72,1153
102000151,147,72,75
102000152,501,106,395
102000153,938,480,458
102000154,170,220,-50
102000155,45,315,-270
102000156,256,99,157
102000157,23,545,-522
102000158,159,370,-211
102000159,1114,1435,-321
102000161,2579,2765,-186
102000162,188,305,-117
102000163,170,367,-197
102000164,568,724,-156
102000165,261,552,-291
102000166,69,334,-265
102000167,220,185,35
102000168,283,237,46
102000169,169,784,-615
102000170,726,189,537
102000171,120,91,29
102000172,19,419,-400
102000173,495,421,74
102000174,256,70,186
102000175,99,68,31
102000176,69,34,35
102000178,247,523,-276
102000179,746,305,441
102000180,1170,296,874
102000181,1671,350,1321
102000182,1027,1205,-178
102000183,2498,768,1730
102000184,2098,609,1489
102000185,3802,372,3430
102000186,2399,549,1850
102000187,1111,607,504
102000188,1805,1149,656
102000189,1710,315,1395
102000190,657,2585,-1928
102000191,936,243,693
102000192,2230,1624,606
102000193,155,159,-4
102000194,60,371,-311
102000195,965,495,470
102000196,532,315,217
102000197,1814,150,1664
102000198,376,258,118
102000199,2228,139,2089
102000200,563,303,260
102000201,2852,506,2346
102000202,17,253,-236
102000203,927,143,784
102000204,1374,707,667
102000205,1945,1302,643
102000206,1017,637,380
102000207,995,1030,-35
102000208,560,1187,-627
102000209,117,234,-117
102000210,951,509,442
102000211,1051,296,755
102000212,791,26,765
102000213,10,293,-283
102000214,934,23,911
102000215,4,196,-192
102000216,244,191,53
102000217,29,40,-11
102000218,346,260,86
102000219,206,68,138
102000225,226,1082,-856
102000226,165,576,-411
102000227,215,5,210
102000228,0,108,-108
102000229,154,65,89
102000230,526,245,281
102000231,615,374,241
102000232,40,176,-136
102000233,1266,376,890
102000234,60,1183,-1123
102000236,319,38,281
102000237,1307,367,940
102000238,435,355,80
102000240,335,897,-562
102000241,111,107,4
102000243,20,63,-43
102000245,15,75,-60
102000246,16,54,-38
102000247,121,321,-200
102000248,160,1033,-873
102000249,191,51,140
102000250,127,219,-92
102000254,588,119,469
102000266,6,307,-301
102000271,41,0,41
102000286,360,341,19
102000297,2909,835,2074
102000301,0,0,0
102000303,0,0,0
102000305,0,0,0
102000307,0,9,-9
102000308,0,2,-2
102900001,1278,721,557
102900002,280,57,223
102900003,179,46,133
102900005,605,190,415
102900006,784,40,744
102900007,1062,3,1059
102900008,443,51,392
102900009,263,406,-143
102900010,275,1698,-1423
102900011,937,574,363
102900012,638,124,514
102900013,62,11,51
102900015,1175,549,626
102900016,172,12,160
102900017,340,109,231
102900018,107,29,78
102900019,867,409,458
102900020,186,6,180
102900021,81,17,64
102900022,61,34,27
102900023,24,15,9
102900024,55,10,45
102900025,53,7,46
102900026,375,2555,-2180
102900027,85,35,50
102900028,215,1062,-847
102900029,29,500,-471
102900030,483,610,-127
102900031,381,139,242
102900032,166,24,142
102900033,179,78,101
102900034,1090,32,1058
102900035,260,95,165
102900036,392,98,294
102900037,248,401,-153
102900038,340,167,173
102900039,10,986,-976
102900040,314,324,-10
102900041,169,109,60
102900042,453,98,355
102900043,421,94,327
102900044,592,1599,-1007
102900045,305,299,6
102900046,322,82,240
102900047,264,1016,-752
102900048,800,127,673
102900049,97,193,-96
102900050,229,1026,-797
102900051,301,377,-76
102900052,66,61,5
102900053,389,537,-148
102900054,303,1554,-1251
102900055,140,513,-373
102900056,145,179,-34
102900057,6,99,-93
102900058,556,98,458
102900059,20,5,15
102900060,112,468,-356
102900061,279,1029,-750
102900062,234,297,-63
102900063,2274,345,1929
102900064,45,573,-528
102900065,1181,271,910
102900066,345,12,333
102900068,42,145,-103
102900070,328,148,180
102900072,2,127,-125
102900073,37,1,36
102900074,322,168,154
102900075,1,75,-74
102900076,37,158,-121
102900077,27,6,21
102900078,43,15,28
102900079,297,0,297
102900080,580,8,572
102900081,25,83,-58
102900082,15,70,-55
102900083,81,15,66
102900084,3,19,-16
102900085,113,69,44
102900086,15,16,-1
102900087,335,43,292
102900088,86,25,61
102900089,304,151,153
102900090,3,158,-155
102900091,556,2,554
102900092,1327,112,1215
102900093,519,201,318
102900094,1,68,-67
102900095,59,2,57
102900096,130,4,126
102900097,12,18,-6
103000001,2455,2271,184
103000002,2904,2881,23
103000003,3561,2124,1437
103000004,780,475,305
103000005,1646,4904,-3258
103000006,1846,2172,-326
103000007,463,334,129
103000008,1003,607,396
103000009,3356,1385,1971
103000010,139,83,56
103000011,1332,516,816
103000012,1472,1434,38
103000013,2374,1726,648
103000014,1311,3295,-1984
103000015,1306,779,527
103000016,595,2137,-1542
103000017,324,1205,-881
103000018,837,195,642
103000019,559,823,-264
103000020,1399,1246,153
103000021,2524,3395,-871
103000022,722,1040,-318
103000023,1261,2521,-1260
103000024,160,79,81
103000025,193,2043,-1850
103000026,321,428,-107
103000027,185,606,-421
103000028,112,135,-23
103000029,122,263,-141
103000030,1730,1236,494
103000031,703,3165,-2462
103000032,1903,1542,361
103000033,4171,3633,538
103000034,1197,833,364
103000035,119,1029,-910
103000036,279,198,81
103000037,654,385,269
103000038,685,868,-183
103000039,1045,247,798
103000040,1255,347,908
103000041,3577,1289,2288
103000042,2562,136,2426
103000043,1242,414,828
103000044,453,80,373
103000046,313,714,-401
103000047,1079,333,746
103000048,349,430,-81
103000049,113,124,-11
103000050,1251,136,1115
103000051,964,437,527
103000052,1198,158,1040
103000053,336,334,2
103000054,2035,243,1792
103000055,2257,880,1377
103000056,960,712,248
103000057,1941,122,1819
103000058,1236,289,947
103000059,1243,350,893
103000060,911,215,696
103000061,1255,610,645
103000062,831,130,701
103000063,1496,493,1003
103000064,151,42,109
103000065,14,100,-86
103000066,202,11,191
103000069,435,482,-47
103000070,831,236,595
103000071,2503,802,1701
103000072,254,401,-147
103000073,1770,90,1680
103000074,1384,58,1326
103000075,104,373,-269
103000076,549,1255,-706
103000077,7,227,-220
103000078,1010,1754,-744
103000079,655,974,-319
103000080,484,525,-41
103000081,288,990,-702
103000082,657,158,499
103000083,110,330,-220
103000084,222,6,216
103000085,1,163,-162
103000086,579,589,-10
103000087,296,775,-479
103000088,128,282,-154
103000089,389,902,-513
103000090,4517,1024,3493
103000091,918,533,385
103000092,571,150,421
103000093,370,588,-218
103000094,585,132,453
103000095,146,346,-200
103000096,754,35,719
103000097,40,680,-640
103000098,732,53,679
103000099,117,888,-771
103000100,222,493,-271
103000101,2241,107,2134
103000102,143,253,-110
103000103,1086,115,971
103000104,232,56,176
103000105,413,85,328
103000106,29,132,-103
103000107,366,98,268
103000108,1782,1450,332
103000109,556,762,-206
103000110,450,926,-476
103000111,423,699,-276
103000112,385,606,-221
103000113,580,1174,-594
103000114,2108,1155,953
103000115,1046,637,409
103000116,1149,325,824
103000117,454,412,42
103000118,433,241,192
103000119,1022,266,756
103000120,98,271,-173
103000121,75,198,-123
103000122,618,1257,-639
103000125,11,55,-44
103000126,1686,3,1683
103000127,1,106,-105
103000128,295,4,291
103000129,1,80,-79
103000130,170,131,39
103000131,64,119,-55
103000132,24,146,-122
103000133,64,38,26
103000134,218,1648,-1430
103000135,759,186,573
103000136,473,378,95
103000137,318,576,-258
103000138,475,676,-201
103000139,0,44,-44
103000140,108,18,90
103000141,39,238,-199
103000142,159,98,61
103000143,67,118,-51
103000144,343,54,289
103000145,24,41,-17
103000150,45,74,-29
103000152,227,427,-200
103000153,209,248,-39
103000156,6,72,-66
103000157,575,3,572
103000159,378,81,297
103000162,29,38,-9
103000163,17,26,-9
103000164,5,34,-29
103000165,46,76,-30
103000166,321,957,-636
103000167,277,254,23
103000168,357,191,166
103000169,473,1226,-753
103000170,2586,270,2316
103000171,34,137,-103
103000172,1530,157,1373
103000173,1798,176,1622
103000174,672,178,494
103000175,591,113,478
103000176,1069,1381,-312
103000177,274,823,-549
103000178,89,307,-218
103000179,158,78,80
103000183,659,5,654
103000185,363,115,248
103000186,537,62,475
103000187,2350,98,2252
103000188,14,169,-155
103000189,922,525,397
103000191,699,294,405
103000292,496,2728,-2232
103000293,546,4520,-3974
103000295,29,134,-105
103000296,126,1,125
103000297,1,37,-36
103000504,42,7,35
103000505,2,25,-23
103000506,2,83,-81
103000507,295,1,294
103000508,107,96,11
103000509,232,458,-226
103900001,56,26,30
103900002,530,65,465
103900003,918,316,602
103900004,175,0,175
103900005,3,50,-47
103900006,0,4,-4
103900007,169,1,168
103900008,7,0,7
103900009,517,70,447
103900010,246,97,149
103900011,1111,99,1012
103900012,9,124,-115
103900013,94,7,87
103900014,209,15,194
103900015,173,2,171
103900016,231,90,141
103900017,103,72,31
103900018,272,62,210
103900019,28,699,-671
103900020,384,358,26
103900021,55,22,33
103900022,641,495,146
103900023,425,1,424
103900024,204,168,36
103900025,6,7,-1
103900026,0,0,0
103900027,385,190,195
103900028,105,372,-267
103900029,1601,109,1492
103900030,371,100,271
103900031,92,0,92
103900032,197,138,59
103900033,232,25,207
103900034,142,14,128
103900035,203,155,48
103900036,60,25,35
103900037,265,124,141
103900038,90,236,-146
103900039,382,65,317
103900040,9,75,-66
103900041,194,30,164
103900042,265,52,213
103900043,554,17,537
103900044,34,652,-618
103900045,440,347,93
103900047,187,30,157
103900048,7,66,-59
103900049,47,932,-885
103900050,15,304,-289
103900051,1,121,-120
103900052,335,357,-22
103900053,567,181,386
103900054,423,95,328
103900055,656,92,564
103900056,245,120,125
103900057,388,72,316
103900058,650,132,518
103900059,0,138,-138
103900060,88,46,42
103900061,302,4,298
103900062,1562,325,1237
103900063,4,0,4
103900064,242,0,242
103900065,145,473,-328
103900066,341,92,249
103900067,492,23,469
103900068,2,1,1
103900069,98,19,79
103900070,281,144,137
103900071,47,36,11
103900072,81,87,-6
103900073,179,48,131
103900074,186,24,162
103900075,353,24,329
103900076,1254,171,1083
103900077,38,150,-112
103900078,581,177,404
103900079,89,67,22
103900080,2,10,-8
103900081,8,14,-6
103900082,75,92,-17
103900083,1044,3366,-2322
103900084,22,233,-211
103900085,72,83,-11
103900086,2486,304,2182
103900087,68,98,-30
103900088,317,632,-315
103900089,58,131,-73
103900090,35,47,-12
103900091,683,79,604
103900092,722,462,260
103900093,104,244,-140
103900094,14,60,-46
103900095,189,298,-109
103900096,341,28,313
103900097,57,148,-91
103900098,525,115,410
103900099,736,23,713
103900100,524,48,476
103900101,1223,732,491
103900102,5,102,-97
103900104,0,1,-1
103900105,78,52,26
103900106,1,1333,-1332
103900107,399,36,363
103900108,97,98,-1
103900109,401,2,399
103900110,665,31,634
103900111,664,137,527
103900112,14,58,-44
103900113,74,69,5
103900114,536,166,370
103900115,175,183,-8
103900116,1288,3001,-1713
103900117,27,13,14
103900119,25,255,-230
103900120,68,18,50
103900122,284,71,213
103900123,236,886,-650
103900124,45,160,-115
103900125,134,35,99
103900126,1036,69,967
103900127,181,138,43
103900128,278,38,240
103900131,45,37,8
103900133,1033,16,1017
103900134,0,25,-25
103900135,0,0,0
103900137,0,4,-4
103900138,506,16,490
103900139,189,5227,-5038
103900140,9,674,-665
103900141,252,33,219
103900142,967,60,907
103900143,289,1,288
103900144,0,16,-16
103900145,152,158,-6
103900146,395,139,256
103900147,681,115,566
103900148,747,111,636
103900149,510,117,393
103900150,3252,7849,-4597
103900151,4,139,-135
103900152,1872,117,1755
103900153,22,0,22
103900154,225,2996,-2771
103900155,26,64,-38
103900156,69,23,46
103900157,445,20,425
103900158,520,12,508
103900159,717,16,701
103900160,35,27,8
103900161,53,103,-50
103900162,43,21,22
103900163,42,357,-315
103900167,5,101,-96
103900168,81,44,37
103900169,28,59,-31
103900170,0,24,-24
103900171,0,12,-12
103900172,0,12,-12
103900173,15,13,2
103900174,764,18,746
103900175,21,156,-135
103900176,4,24,-20
103900177,4,11,-7
103900178,113,6,107
103900179,75,16,59
103900180,3,30,-27
103900181,3,44,-41
103900182,5,7,-2
103900184,123,60,63
103900185,54,1628,-1574
103900187,14,254,-240
103900188,196,127,69
103900189,225,16,209
103900190,169,47,122
103900191,17,32,-15
103900192,14,55,-41
103900193,50,35,15
103900194,135,54,81
103900195,4,183,-179
103900196,121,45,76
103900197,9,37,-28
103900198,2,7,-5
103900199,132,50,82
103900200,412,45,367
103900201,125,64,61
103900202,2,82,-80
103900203,70,70,0
103900204,0,16,-16
103900207,0,40,-40
103900208,297,1,296
103900209,5,25,-20
103900210,127,38,89
103900211,1274,152,1122
103900212,268,108,160
103900213,7,249,-242
103900214,165,482,-317
103900215,90,355,-265
103900216,3,107,-104
103900217,449,68,381
103900218,0,467,-467
103900219,458,90,368
103900233,98,8,90
103900235,34,92,-58
103900236,32,8,24
103900242,4,5,-1
103900243,1,3,-2
103900244,155,37,118
103900245,273,72,201
103900246,13,85,-72
103900247,11,26,-15
103900248,1,12,-11
103900249,2,70,-68
103900250,34,17,17
103900251,0,14,-14
103900253,3,59,-56
103900254,0,16,-16
103900255,2,23,-21
103900256,12,35,-23
103900257,56,191,-135
103900258,8,7,1
103900259,18,7,11
103900261,132,2,130
103900262,58,3,55
103900263,41,125,-84
103900264,38,4,34
103900265,8,1,7
103900266,2,92,-90
103900267,0,55,-55
103900268,36,7,29
103900269,610,35,575
103900270,181,61,120
103900271,0,3,-3
104000001,3955,1843,2112
104000002,2412,1685,727
104000003,2375,1380,995
104000004,3559,1839,1720
104000005,2798,1752,1046
104000006,2974,2280,694
104000007,5408,3841,1567
104000008,224,163,61
104000009,364,112,252
104000010,314,709,-395
104000011,188,163,25
104000012,168,101,67
104000013,318,733,-415
104000014,395,169,226
104000015,767,118,649
104000016,355,140,215
104000018,1144,221,923
104000019,1105,332,773
104000020,117,192,-75
104000021,487,252,235
104000022,603,488,115
104000023,2043,476,1567
104000024,229,257,-28
104000026,69,109,-40
104000027,396,170,226
104000028,841,264,577
104000029,354,285,69
104000030,702,336,366
104000031,1781,172,1609
104000032,201,97,104
104000033,1127,357,770
104000034,257,151,106
104000035,1650,239,1411
104000036,1620,259,1361
104000037,251,120,131
104000038,560,354,206
104000039,298,96,202
104000040,118,903,-785
104000041,781,622,159
104000042,198,161,37
104000043,149,215,-66
104000044,361,1642,-1281
104000045,770,590,180
104000046,835,617,218
104000047,741,585,156
104000048,1063,466,597
104000049,957,370,587
104000050,104,540,-436
104000051,318,744,-426
104000052,2365,2985,-620
104000053,1637,444,1193
104000054,838,262,576
104000055,2280,1969,311
104000056,638,164,474
104000057,317,117,200
104000058,1547,759,788
104000059,962,1102,-140
104000060,1551,2461,-910
104000061,1409,793,616
104000062,498,126,372
104000064,729,253,476
104000065,226,624,-398
104000069,311,1989,-1678
104000070,47,667,-620
104000071,206,158,48
104000072,980,159,821
104000075,43,274,-231
104000076,780,42,738
104000082,2171,3535,-1364
104000083,597,126,471
104000084,131,198,-67
104000085,671,227,444
104000086,368,229,139
104000087,343,1661,-1318
104000090,1530,464,1066
104000092,2242,468,1774
104000094,899,522,377
104000095,3584,1222,2362
104000096,4185,34,4151
104000097,3966,365,3601
104000098,5836,362,5474
104000100,3907,850,3057
104000101,2229,1089,1140
104000106,19,555,-536
104000107,682,174,508
104000108,345,289,56
104000109,508,146,362
104000110,874,1632,-758
104000111,2275,5935,-3660
104000112,540,455,85
104000116,0,352,-352
104000117,415,221,194
104000118,3026,111,2915
104000119,1601,228,1373
104000120,556,470,86
104000121,307,295,12
104000122,824,418,406
104000123,887,609,278
104000124,309,1336,-1027
104000125,1683,6697,-5014
104000126,695,546,149
104000127,1560,1198,362
104000128,863,100,763
104000129,654,15,639
104000130,24,528,-504
104000131,220,343,-123
104000132,424,330,94
104000133,2038,968,1070
104000134,994,1787,-793
104000135,446,1336,-890
104000136,721,2952,-2231
104000137,1903,388,1515
104000138,1077,396,681
104000139,2132,2612,-480
104000141,724,431,293
104000142,951,323,628
104000143,937,196,741
104000144,229,325,-96
104000145,352,172,180
104000146,189,559,-370
104000147,291,379,-88
104000148,598,165,433
104000149,155,76,79
104000150,1749,271,1478
104000151,539,103,436
104000152,1013,165,848
104000153,1265,551,714
104000154,587,193,394
104000155,654,838,-184
104000157,1435,550,885
104000158,119,341,-222
104000159,1314,376,938
104000160,2343,3062,-719
104000161,153,98,55
104000162,151,85,66
104000165,1127,717,410
104000167,909,1997,-1088
104000168,1628,4,1624
104000169,414,43,371
104000170,159,320,-161
104000248,564,605,-41
104000251,97,96,1
104000272,0,0,0
104000273,0,0,0
104000274,0,0,0
104000275,0,0,0
104000279,833,446,387
104000290,89,319,-230
104000291,389,1214,-825
104000293,1725,902,823
104000294,272,5,267
104000295,1038,906,132
104000296,733,638,95
104000297,1258,1983,-725
104000298,1897,756,1141
104000299,1663,725,938
104900001,76,135,-59
104900002,60,356,-296
104900003,90,120,-30
104900004,204,61,143
104900005,1144,243,901
104900006,1268,90,1178
104900007,1023,217,806
104900009,241,146,95
104900010,196,27,169
104900011,1,24,-23
104900012,356,70,286
104900013,85,28,57
104900014,1190,258,932
104900015,105,8,97
104900016,272,86,186
104900017,172,111,61
104900018,0,43,-43
104900019,164,7093,-6929
104900020,34,181,-147
104900021,1,31,-30
104900022,4,62,-58
104900023,0,40,-40
104900024,27,177,-150
104900025,103,161,-58
104900026,5,43,-38
104900027,1125,387,738
104900028,21,102,-81
104900029,29,30,-1
104900030,647,181,466
104900031,18,167,-149
104900032,36,66,-30
104900033,513,96,417
104900034,549,184,365
104900035,663,311,352
104900036,470,26,444
104900037,487,84,403
104900038,136,2580,-2444
104900039,252,989,-737
104900040,996,23,973
104900041,719,64,655
104900042,269,116,153
104900043,84,723,-639
104900044,1666,69,1597
104900045,585,44,541
104900046,991,42,949
104900047,988,92,896
104900048,997,70,927
104900049,113,52,61
104900050,1301,123,1178
104900051,642,19,623
104900052,437,5,432
104900053,905,57,848
104900054,542,65,477
104900055,591,3,588
104900056,639,16,623
104900057,151,0,151
104900058,546,422,124
104900059,314,59,255
104900060,0,292,-292
104900061,277,119,158
104900063,0,206,-206
104900064,1,94,-93
104900065,0,245,-245
104900066,1,42,-41
104900067,7,721,-714
104900068,63,440,-377
104900070,58,177,-119
104900071,0,250,-250
104900072,42,71,-29
104900073,195,95,100
104900074,93,68,25
104900075,138,23,115
104900076,267,99,168
104900077,454,123,331
104900078,299,117,182
104900079,90,1903,-1813
104900080,295,137,158
104900082,2,158,-156
104900085,17,113,-96
104900087,503,8,495
104900089,860,3,857
104900090,2221,1770,451
104900091,407,454,-47
104900093,176,209,-33
104900097,1037,4613,-3576
104900098,383,76,307
104900099,54,890,-836
104900100,263,75,188
104900102,55,102,-47
104900103,299,36,263
104900104,1772,1979,-207
104900106,416,63,353
104900107,73,127,-54
104900108,37,246,-209
104900109,152,241,-89
104900110,10,27,-17
104900111,266,52,214
104900112,576,146,430
104900113,1343,133,1210
104900114,1029,302,727
104900115,1569,125,1444
104900116,975,73,902
104900118,3,25,-22
104900119,0,51,-51
104900120,23,1397,-1374
104900121,3,32,-29
104900122,1,24,-23
104900123,422,37,385
104900124,276,2,274
104900125,480,4,476
104900126,35,22,13
104900127,57,19,38
104900128,206,61,145
104900129,707,4168,-3461
105000001,3135,1128,2007
105000002,2470,1575,895
105000003,2725,3592,-867
105000004,1700,767,933
105000005,2558,1350,1208
105000006,1258,2041,-783
105000007,2058,2475,-417
105000008,661,3380,-2719
105000009,4533,4560,-27
105000010,2739,860,1879
105000011,3502,3942,-440
105000012,1890,1607,283
105000013,1434,1629,-195
105000014,5052,4432,620
105000015,8160,16382,-8222
105000016,843,899,-56
105000017,1689,1042,647
105000018,644,2145,-1501
105000019,1039,1249,-210
105000020,59,624,-565
105000021,292,154,138
105000022,112,142,-30
105000023,978,157,821
105000028,44,82,-38
105000029,809,1206,-397
105000030,2822,2412,410
105000033,1017,777,240
105000034,150,1864,-1714
105000037,1074,121,953
105000038,1172,1880,-708
105000039,645,823,-178
105000040,1029,2377,-1348
105000041,361,899,-538
105000042,2280,1669,611
105000043,688,482,206
105000044,1147,252,895
105000045,208,194,14
105000046,1740,237,1503
105000047,530,211,319
105000048,1441,342,1099
105000049,338,483,-145
105000050,1411,616,795
105000051,209,237,-28
105000052,1027,1530,-503
105000053,116,91,25
105000054,606,884,-278
105000055,990,597,393
105000056,2355,2609,-254
105000057,2138,2318,-180
105000058,1704,1265,439
105000059,2375,814,1561
105000060,832,422,410
105000061,2613,547,2066
105000062,884,438,446
105000063,502,256,246
105000064,4307,757,3550
105000065,705,327,378
105000066,1257,866,391
105000067,2712,1000,1712
105000068,269,684,-415
105000069,1179,4629,-3450
105000070,459,1507,-1048
105000071,218,2752,-2534
105000072,1317,9329,-8012
105000073,1968,886,1082
105000074,473,374,99
105000075,682,518,164
105000076,1291,845,446
105000077,2128,848,1280
105000078,925,1097,-172
105000079,768,1985,-1217
105000080,2238,2464,-226
105000081,1280,1206,74
105000082,958,1590,-632
105000083,2217,3294,-1077
105000084,619,842,-223
105000085,3071,2214,857
105000086,910,775,135
105000087,1889,1789,100
105000088,2490,3992,-1502
105000089,1853,1170,683
105000090,573,423,150
105000091,706,711,-5
105000092,589,380,209
105000093,429,433,-4
105000094,297,148,149
105000095,282,628,-346
105000096,1620,2117,-497
105000097,595,556,39
105000098,2073,1434,639
105000099,623,962,-339
105000100,2957,1526,1431
105000101,3527,1032,2495
105000102,2806,1190,1616
105000103,1453,1519,-66
105000104,3986,3669,317
105000105,1887,3082,-1195
105000106,2572,490,2082
105000107,2732,1239,1493
105000108,3272,833,2439
105000109,4415,643,3772
105000110,1894,347,1547
105000111,2884,336,2548
105000112,1465,359,1106
105000113,795,833,-38
105000114,1207,1405,-198
105000115,383,2844,-2461
105000116,1866,815,1051
105000117,1461,359,1102
105000118,1934,344,1590
105000119,1099,346,753
105000120,3541,540,3001
105000121,1783,414,1369
105000122,719,1042,-323
105000123,795,548,247
105000124,3412,571,2841
105000125,1774,1000,774
105000126,3529,1287,2242
105000127,4088,1231,2857
105000128,1293,1589,-296
105000129,2105,1184,921
105000130,279,5245,-4966
105000131,258,150,108
105000132,2436,1103,1333
105000133,462,454,8
105000134,2300,339,1961
105000135,397,271,126
105000136,76,67,9
105000137,1004,138,866
105000138,111,106,5
105000139,1138,307,831
105000140,918,311,607
105000141,716,215,501
105000142,594,452,142
105000143,269,302,-33
105000144,565,363,202
105000145,1170,272,898
105000146,705,317,388
105000147,860,287,573
105000148,794,620,174
105000149,5054,1212,3842
105000150,1734,459,1275
105000151,1471,357,1114
105000152,430,568,-138
105000153,1862,278,1584
105000154,1453,432,1021
105000155,630,368,262
105000156,550,349,201
105000157,1071,754,317
105000158,4400,583,3817
105000159,545,497,48
105000160,6483,564,5919
105000161,1106,502,604
105000162,1019,4631,-3612
105000163,1057,593,464
105000164,139,337,-198
105000165,786,15198,-14412
105000166,3387,3407,-20
105000167,1401,5738,-4337
105000168,888,396,492
105000169,1738,119,1619
105000170,1198,1071,127
105000171,1896,294,1602
105000172,775,6,769
105000173,1178,4,1174
105000174,272,28,244
105000175,393,65,328
105000176,1277,80,1197
105000177,830,396,434
105000178,724,156,568
105000179,2923,75,2848
105000180,1040,84,956
105000181,357,184,173
105000182,159,64,95
105000183,2130,4148,-2018
105000184,266,563,-297
105000185,405,1143,-738
105000186,512,828,-316
105000187,992,809,183
105000188,145,126,19
105000189,68,424,-356
105000190,342,274,68
105000191,539,230,309
105000192,460,64,396
105000193,111,107,4
105000194,720,65,655
105000195,576,411,165
105000196,76,340,-264
105000197,139,404,-265
105000198,173,120,53
105000199,111,560,-449
105000200,137,787,-650
105000201,113,70,43
105000203,56,87,-31
105000204,133,72,61
105000205,90,84,6
105000207,147,50,97
105000208,88,328,-240
105000209,273,113,160
105000212,1778,463,1315
105000213,72,108,-36
105000214,199,129,70
105000215,798,149,649
105000216,371,87,284
105000217,387,70,317
105000218,4039,1013,3026
105000221,204,137,67
105000222,642,166,476
105000223,866,190,676
105000226,254,94,160
105000227,102,100,2
105000228,52,1776,-1724
105000229,167,869,-702
105000231,690,152,538
105000233,1648,1187,461
105000234,330,677,-347
105000235,907,599,308
105000237,2150,91,2059
105000243,107,63,44
105000248,57,66,-9
105000262,773,321,452
105000269,152,155,-3
105000270,1041,4,1037
105000271,1,187,-186
105000282,78,49,29
105000287,195,83,112
105000288,1415,1290,125
105000289,663,1225,-562
105000290,57,10,47
105000402,1646,5513,-3867
105000426,153,381,-228
105000438,1052,930,122
105000446,6035,3588,2447
105000447,1758,1255,503
105000454,920,177,743
105000455,194,60,134
105000474,217,1,216
105000477,2139,526,1613
105000478,2949,6063,-3114
105000479,172,119,53
105000480,4552,6784,-2232
105000481,5306,4598,708
105000482,2184,2303,-119
105000483,2149,3275,-1126
105000484,1289,1290,-1
105000485,1130,3561,-2431
105000486,1270,1862,-592
105000488,2459,1468,991
105000489,2540,790,1750
105000549,207,366,-159
105000550,435,524,-89
105000551,22,70,-48
105000552,1569,788,781
105900001,11,2953,-2942
105900002,692,2039,-1347
105900003,21,135,-114
105900004,304,56,248
105900005,108,685,-577
105900006,16,51,-35
105900007,93,91,2
105900008,178,145,33
105900009,58,44,14
105900011,286,30,256
105900012,730,80,650
105900013,6,41,-35
105900014,3,80,-77
105900015,78,332,-254
105900016,1367,269,1098
105900017,3392,60,3332
105900018,159,192,-33
105900019,150,94,56
105900020,104,29,75
105900021,82,162,-80
105900022,405,125,280
105900023,21,67,-46
105900024,6,717,-711
105900025,640,5,635
105900026,117,5,112
105900027,11631,4926,6705
105900028,326,550,-224
105900029,1584,219,1365
105900030,266,207,59
105900031,560,92,468
105900032,134,70,64
105900033,124,165,-41
105900034,671,161,510
105900035,955,248,707
105900036,286,125,161
105900037,292,25,267
105900038,279,264,15
105900039,291,58,233
105900040,278,81,197
105900041,340,61,279
105900042,195,180,15
105900043,887,180,707
105900044,1,554,-553
105900045,4,2283,-2279
105900046,1,144,-143
105900047,8,53,-45
105900048,146,334,-188
105900050,1329,4553,-3224
105900051,43,1068,-1025
105900052,1690,150,1540
105900053,3031,6370,-3339
105900054,231,153,78
105900056,583,910,-327
105900057,17,156,-139
105900058,34,23,11
105900059,0,249,-249
106000001,1996,2688,-692
106000002,930,2369,-1439
106000003,3998,4622,-624
106000004,1451,2093,-642
106000005,5025,3432,1593
106000006,5060,1223,3837
106000007,701,236,465
106000008,226,264,-38
106000009,707,215,492
106000010,288,320,-32
106000011,2563,991,1572
106000012,1221,693,528
106000013,2120,1344,776
106000014,1655,1127,528
106000015,3411,914,2497
106000016,1655,912,743
106000017,1205,560,645
106000018,616,481,135
106000019,685,248,437
106000020,460,235,225
106000021,587,326,261
106000022,393,156,237
106000023,1079,223,856
106000024,856,301,555
106000025,200,254,-54
106000026,107,102,5
106000027,2870,1184,1686
106000028,1252,249,1003
106000029,1185,755,430
106000030,244,473,-229
106000034,100,335,-235
106000035,1288,1409,-121
106000036,118,376,-258
106000037,1063,848,215
106000038,90,339,-249
106000039,24,360,-336
106000040,102,963,-861
106000041,746,516,230
106000043,353,194,159
106000046,308,20,288
106000047,66,353,-287
106000049,1744,108,1636
106000050,301,379,-78
106000051,1648,926,722
106000052,160,124,36
106000053,948,90,858
106000054,273,76,197
106000055,1780,401,1379
106000056,404,133,271
106000057,907,124,783
106000058,265,22,243
106000059,678,346,332
106000060,135,184,-49
106000061,219,929,-710
106000062,148,211,-63
106000063,1554,1038,516
106000064,2,228,-226
106000065,905,218,687
106000066,157,678,-521
106000067,944,56,888
106000068,178,228,-50
106000069,792,74,718
106000070,430,202,228
106000071,1228,140,1088
106000072,2398,1335,1063
106000073,1656,7983,-6327
106000074,905,611,294
106000075,497,995,-498
106000076,1274,1354,-80
106000077,1877,458,1419
106000078,2041,325,1716
106000079,1238,320,918
106000080,1721,329,1392
106000081,1588,419,1169
106000082,1712,412,1300
106000083,652,733,-81
106000084,963,424,539
106000085,1432,991,441
106000086,447,313,134
106000087,1092,269,823
106000088,406,390,16
106000089,1665,204,1461
106000090,634,304,330
106000091,253,421,-168
106000092,1301,207,1094
106000093,929,35,894
106000094,118,235,-117
106000095,2027,436,1591
106000096,2675,289,2386
106000097,2569,869,1700
106000098,1759,488,1271
106000099,211,340,-129
106000100,3012,207,2805
106000101,1454,231,1223
106000102,139,405,-266
106000103,357,540,-183
106000104,1692,481,1211
106000105,409,592,-183
106000106,1946,225,1721
106000107,268,184,84
106000108,683,85,598
106000109,395,98,297
106000110,711,130,581
106000111,311,117,194
106000112,457,1148,-691
106000113,602,310,292
106000114,688,1373,-685
106000115,242,246,-4
106000116,613,144,469
106000117,1143,537,606
106000118,2080,1393,687
106000119,833,422,411
106000120,1408,2716,-1308
106000121,711,180,531
106000122,609,72,537
106000123,1709,47,1662
106000124,498,69,429
106000125,68,123,-55
106000126,884,73,811
106000127,2878,582,2296
106000128,2397,190,2207
106000129,1345,226,1119
106000130,2418,201,2217
106000131,388,955,-567
106000132,1089,84,1005
106000133,1307,2622,-1315
106000134,735,5776,-5041
106000135,245,525,-280
106000136,1416,2543,-1127
106000137,186,966,-780
106000138,4845,101,4744
106000139,116,77,39
106000140,71,20,51
106000141,199,41,158
106000142,298,83,215
106000143,34,48,-14
106000144,102,84,18
106000145,924,159,765
106000146,1020,96,924
106000147,697,312,385
106000148,649,573,76
106000149,1313,267,1046
106000150,1700,2821,-1121
106000151,3507,546,2961
106000152,1036,3097,-2061
106000153,116,1709,-1593
106000154,1132,112,1020
106000155,361,253,108
106000156,2988,127,2861
106000157,744,1802,-1058
106000158,1277,569,708
106000159,2427,3114,-687
106000160,1166,6763,-5597
106000161,806,194,612
106000162,700,2359,-1659
106000163,645,158,487
106000164,1191,235,956
106000165,308,287,21
106000166,2404,236,2168
106000167,957,439,518
106000168,1803,171,1632
106000169,572,534,38
106000170,1870,273,1597
106000171,422,1014,-592
106000172,3808,1302,2506
106000173,1433,1733,-300
106000174,2165,230,1935
106000175,247,338,-91
106000176,4340,529,3811
106000177,1651,1024,627
106000178,4879,810,4069
106000179,1184,828,356
106000180,1784,427,1357
106000181,4029,1310,2719
106000182,3585,380,3205
106000183,3362,277,3085
106000184,2263,480,1783
106000185,3413,2352,1061
106000186,370,37,333
106000187,95,2206,-2111
106000188,1,0,1
106000189,17,33,-16
106000190,62,3,59
106000191,532,78,454
106000192,0,4,-4
106000193,343,358,-15
106000194,243,554,-311
106000195,505,299,206
106000196,218,1244,-1026
106000197,1053,753,300
106000198,386,303,83
106000199,794,3434,-2640
106000200,374,436,-62
106000201,559,13418,-12859
106000202,2682,972,1710
106000203,9,103,-94
106000204,120,8,112
106000205,2,123,-121
106000206,150,14,136
106000207,12,338,-326
106000208,3397,79,3318
106000209,4013,172,3841
106000210,663,340,323
106000211,258,1130,-872
106000212,2325,347,1978
106000213,280,1075,-795
106000214,1483,350,1133
106000215,560,557,3
106000216,1059,372,687
106000217,187,348,-161
106000218,499,170,329
106000219,219,139,80
106000220,1069,256,813
106000221,438,74,364
106000222,234,69,165
106000223,890,52,838
106000224,488,74,414
106000225,108,251,-143
106000226,56,103,-47
106000228,63,84,-21
106000229,315,462,-147
106000231,2477,88,2389
106000232,189,424,-235
106000233,1240,297,943
106000234,66,1582,-1516
106000235,450,1815,-1365
106000236,167,1724,-1557
106000237,0,20,-20
106000238,17,139,-122
106000239,0,153,-153
106000240,31,13,18
106000241,1,621,-620
106000242,493,17,476
106000249,260,110,150
106000250,101,995,-894
106000251,218,11,207
106000252,104,365,-261
106000253,180,55,125
106000254,210,44,166
106000255,67,222,-155
106000256,186,20,166
106000257,162,185,-23
106000258,139,503,-364
106000259,12,769,-757
106000260,35,8,27
106000261,29,115,-86
106000262,131,27,104
106000263,100,273,-173
106000264,303,3,300
106000265,14,118,-104
106000266,271,35,236
106000267,28,52,-24
106000268,389,34,355
106000269,172,18,154
106000270,162,243,-81
106000271,105,70,35
106000272,145,121,24
106000273,25,124,-99
106000274,213,44,169
106000275,274,90,184
106000276,62,15,47
106000277,208,135,73
106000278,121,9,112
106000279,62,7,55
106000280,262,24,238
106000281,97,11,86
106000282,141,55,86
106000283,220,29,191
106000284,391,55,336
106000285,126,96,30
106000286,233,43,190
106000287,83,20,63
106000288,221,30,191
106000289,183,36,147
106000290,139,45,94
106000291,148,36,112
106000292,247,29,218
106000293,169,101,68
106000294,216,21,195
106000295,40,88,-48
106000296,67,45,22
106000297,29,173,-144
106000298,39,151,-112
106000299,53,34,19
106000300,43,73,-30
106000301,39,123,-84
106000303,154,53,101
106000304,174,15,159
106000305,356,27,329
106000306,119,54,65
106000307,469,8,461
106000308,92,83,9
106000309,34,20,14
106000310,498,152,346
106000311,645,127,518
106000312,282,88,194
106000313,542,55,487
106000318,102,691,-589
106000319,3689,629,3060
106000320,5,371,-366
106000321,242,870,-628
106000322,513,51,462
106000324,178,143,35
106000325,2777,510,2267
106000326,742,750,-8
106000327,584,80,504
106000328,8,428,-420
106000329,42,751,-709
106000330,19,198,-179
106000428,150,300,-150
106000429,162,175,-13
106000430,368,1070,-702
106000431,3633,401,3232
106000432,730,1492,-762
106000433,3025,992,2033
106000434,4628,958,3670
106000435,1072,1269,-197
106000436,10,194,-184
106000437,1634,91,1543
106000438,343,875,-532
106000439,59,905,-846
106000440,220,287,-67
106000441,17,2,15
106000442,1875,42,1833
106000443,480,139,341
106000450,0,111,-111
106000451,53,274,-221
106000454,1,172,-171
106000455,1,122,-121
106000456,327,30,297
106000457,53,239,-186
106000458,2873,52,2821
106000459,1026,48,978
106000460,4558,62,4496
106000461,674,232,442
106000462,2,88,-86
106000463,2,5,-3
106000464,3,189,-186
106000465,1648,11,1637
106000466,0,179,-179
106000467,97,292,-195
106000468,443,124,319
106000469,121,0,121
106000470,238,3315,-3077
106000471,9,202,-193
106000472,651,9,642
106000473,107,1,106
106000474,314,305,9
106000475,617,240,377
106000476,149,530,-381
106000477,40,27,13
106900001,0,4,-4
106900002,20,164,-144
106900003,112,1253,-1141
106900004,1,35,-34
106900006,0,4,-4
106900007,0,1,-1
106900008,1395,70,1325
106900009,957,103,854
106900010,738,133,605
106900012,633,5546,-4913
106900013,1302,285,1017
106900014,174,1,173
106900015,32,0,32
106900016,1023,79,944
106900017,17,0,17
106900018,47,0,47
106900019,444,0,444
106900020,1295,4028,-2733
106900021,414,123,291
106900022,2893,13,2880
106900023,177,112,65
106900024,1299,90,1209
106900025,11,323,-312
106900026,0,93,-93
106900027,2521,3,2518
107000001,3695,3937,-242
107000002,1539,1900,-361
107000003,11810,8661,3149
107000004,3140,1387,1753
107000005,13983,8056,5927
107000006,3509,1541,1968
107000007,6460,8382,-1922
107000008,3381,2221,1160
107000009,11627,8102,3525
107000010,5203,3419,1784
107000011,650,732,-82
107000012,1964,3428,-1464
107000013,201,40,161
107000014,203,70,133
107000015,738,302,436
107000016,1690,448,1242
107000017,673,838,-165
107000018,4,819,-815
107000020,829,639,190
107000021,1230,347,883
107000022,1424,2567,-1143
107000023,2255,189,2066
107000024,887,2476,-1589
107000025,504,296,208
107000026,351,422,-71
107000027,2861,509,2352
107000028,1806,392,1414
107000029,6267,2989,3278
107000030,2695,1225,1470
107000031,8022,2964,5058
107000032,282,600,-318
107000033,1961,4612,-2651
107000034,2666,885,1781
107000035,567,96,471
107000036,510,1537,-1027
107000037,234,478,-244
107000038,263,89,174
107000039,1528,768,760
107000040,528,181,347
107000041,1148,446,702
107000042,617,2520,-1903
107000043,1205,514,691
107000044,196,99,97
107000045,30,163,-133
107000046,1097,268,829
107000047,378,485,-107
107000048,522,180,342
107000049,500,436,64
107000050,913,287,626
107000051,242,378,-136
107000052,853,2327,-1474
107000053,438,452,-14
107000054,32,202,-170
107000055,140,103,37
107000056,542,581,-39
107000057,1190,122,1068
107000058,2781,2034,747
107000059,2351,2134,217
107000060,9093,3964,5129
107000061,3943,1641,2302
107000062,11283,3122,8161
107000063,3805,1666,2139
107000064,8772,6159,2613
107000065,2109,2978,-869
107000066,1952,3772,-1820
107000067,1730,998,732
107000068,860,962,-102
107000069,1676,1087,589
107000070,1630,9,1621
107000071,7696,54,7642
107000072,7,699,-692
107000073,2351,1215,1136
107000074,47,341,-294
107000075,2950,175,2775
107000076,221,502,-281
107000077,4313,474,3839
107000078,521,583,-62
107000079,5041,754,4287
107000080,410,815,-405
107000081,6792,749,6043
107000082,527,577,-50
107000083,2425,1990,435
107000084,182,704,-522
107000085,2886,3042,-156
107000086,2981,2029,952
107000087,3586,3076,510
107000088,2508,2200,308
107000089,1789,2511,-722
107000090,1679,606,1073
107000091,2806,669,2137
107000092,986,451,535
107000093,2161,997,1164
107000094,897,541,356
107000095,2832,1027,1805
107000096,720,661,59
107000097,1039,605,434
107000098,255,579,-324
107000099,839,393,446
107000100,302,391,-89
107000101,208,243,-35
107000102,291,295,-4
107000103,628,262,366
107000104,177,271,-94
107000105,939,706,233
107000106,170,133,37
107000107,1566,240,1326
107000108,272,287,-15
107000109,2432,184,2248
107000110,97,240,-143
107000111,1338,39,1299
107000112,26,236,-210
107000113,2265,76,2189
107000114,93,343,-250
107000115,1501,1087,414
107000116,140,303,-163
107000117,249,4272,-4023
107000118,77,86,-9
107000119,1522,2449,-927
107000120,769,1568,-799
107000121,1387,422,965
107000122,659,580,79
107000123,950,316,634
107000124,965,218,747
107000125,2643,274,2369
107000126,2638,163,2475
107000129,992,268,724
107000130,1920,389,1531
107000131,544,377,167
107000132,1041,237,804
107000133,490,95,395
107000134,282,1,281
107000135,3,272,-269
107000136,582,5,577
107000137,7,367,-360
107000138,185,36,149
107000139,5,447,-442
107000140,2549,79,2470
107000141,75,1315,-1240
107000142,805,71,734
107000143,49,1379,-1330
107000144,800,846,-46
107000145,59,582,-523
107000146,252,473,-221
107000147,3662,567,3095
107000150,210,6299,-6089
107000151,0,50,-50
107000152,422,4822,-4400
107000153,42,186,-144
107000154,13,120,-107
107000155,1440,8,1432
107000156,2090,17,2073
107000157,14,331,-317
107000158,1743,53,1690
107000159,44,212,-168
107000160,3140,223,2917
107000161,68,252,-184
107000162,480,1271,-791
107000163,823,2,821
107000164,2129,1,2128
107000165,3009,11,2998
107000166,16,212,-196
107000167,1898,378,1520
107000168,1502,642,860
107000169,259,283,-24
107000170,6727,828,5899
107000171,831,431,400
107000172,2554,3101,-547
107000173,546,202,344
107000174,1699,10277,-8578
107000175,2786,438,2348
107000176,0,1,-1
107000177,2,0,2
107000178,308,11,297
107000179,987,793,194
107000180,3209,268,2941
107000181,747,309,438
107000182,3358,319,3039
107000183,470,327,143
107000184,2990,304,2686
107000185,583,600,-17
107000186,1282,115,1167
107000187,1572,1276,296
107000188,810,358,452
107000189,1528,429,1099
107000190,1428,407,1021
107000191,1293,418,875
107000192,2206,279,1927
107000193,589,307,282
107000194,508,185,323
107000197,1428,126,1302
107000198,554,409,145
107000199,690,598,92
107000200,1127,960,167
107000201,363,230,133
107000202,525,383,142
107000203,510,975,-465
107000204,716,3105,-2389
107000205,558,319,239
107000206,467,1299,-832
107000207,309,330,-21
107000208,593,285,308
107000209,782,723,59
107000210,66,110,-44
107000211,6,90,-84
107000212,24,92,-68
107000213,7,10,-3
107000214,16,33,-17
107000215,846,322,524
107000216,806,86,720
107000217,439,1493,-1054
107000219,73,286,-213
107000220,74,247,-173
107000222,297,276,21
107000224,767,298,469
107000225,188,178,10
107000226,1290,476,814
107000227,244,116,128
107000228,148,660,-512
107000229,60,231,-171
107000230,796,384,412
107000231,357,1111,-754
107000232,188,27,161
107000233,137,633,-496
107000234,8,91,-83
107000235,68,34,34
107000236,7,728,-721
107000237,150,0,150
107000238,50,2,48
107000239,1544,776,768
107000240,72,181,-109
107000241,44,9,35
107000242,190,8,182
107000243,0,58,-58
107000244,8,175,-167
107000246,0,384,-384
107000249,15,490,-475
107000251,2,121,-119
107000252,1,166,-165
107000255,232,356,-124
107000257,5,1092,-1087
107000258,0,284,-284
107000259,6,99,-93
107000260,3305,20,3285
107000262,54,241,-187
107000263,1148,17,1131
107000266,82,23,59
107000267,41,45,-4
107000268,422,33,389
107000269,42,5,37
107000270,590,112,478
107000271,14,0,14
107000272,168,0,168
107000273,3,1047,-1044
107000274,605,156,449
107000275,26,737,-711
107000280,2541,93,2448
107000281,83,318,-235
107000282,9,529,-520
107000290,3,52,-49
107000291,25,8,17
107000292,1,129,-128
107000293,29,2,27
107000294,1,396,-395
107000295,22,2,20
107000296,1,37,-36
107000444,420,1,419
107000496,25,12,13
107000497,1024,807,217
107000500,667,182,485
107000501,114,168,-54
107000502,319,241,78
107000505,264,421,-157
107000506,0,9,-9
107000508,0,119,-119
107000509,144,842,-698
107000510,137,408,-271
107000514,68,583,-515
107000515,32,45,-13
107000516,809,508,301
107000518,2799,5590,-2791
107000519,608,381,227
107000520,342,70,272
107900001,104,31,73
107900002,45,2,43
107900003,1552,22,1530
107900004,600,4,596
107900005,6517,40,6477
107900006,344,5,339
107900007,511,62,449
107900008,16,12,4
107900009,172,5,167
107900010,133,10,123
107900012,259,32,227
107900013,300,7,293
107900014,432,11,421
107900015,4104,34,4070
107900016,218,45,173
107900017,142,3,139
107900018,92,627,-535
107900019,7,10,-3
107900020,47,34,13
107900021,431,11,420
107900023,18,11,7
107900024,0,2,-2
107900025,307,78,229
107900026,173,18,155
107900027,23,99,-76
107900028,598,15,583
107900030,357,27,330
107900031,262,61,201
107900032,149,0,149
107900033,95,14,81
107900034,418,11,407
107900035,3158,295,2863
107900036,30,50,-20
107900037,0,5,-5
107900038,48,577,-529
107900039,70,7,63
107900040,4,392,-388
107900041,5,2,3
107900043,180,52,128
107900044,8,19,-11
107900045,189,46,143
107900046,500,524,-24
107900047,105,33,72
107900048,634,42,592
107900049,350,1987,-1637
107900050,42,114,-72
107900051,94,39,55
107900052,7,127,-120
107900053,186,46,140
107900055,574,178,396
107900056,88,232,-144
107900057,4,0,4
107900058,17,251,-234
107900060,25,38,-13
107900061,2,9,-7
107900063,68,79,-11
107900064,138,1333,-1195
107900065,1195,22,1173
107900066,41,11,30
107900067,4,0,4
107900068,210,1015,-805
107900069,13,5852,-5839
107900070,326,286,40
107900071,41,271,-230
107900072,312,50,262
107900073,166,364,-198
107900074,219,573,-354
107900076,294,17,277
107900077,232,3,229
107900078,205,40,165
107900079,23,40,-17
107900080,96,660,-564
107900081,18,50,-32
107900082,1,10,-9
107900083,598,172,426
107900084,415,194,221
107900086,22,664,-642
107900087,411,68,343
107900088,211,7,204
107900089,156,565,-409
107900090,849,2966,-2117
107900091,87,96,-9
107900092,897,104,793
107900093,28,48,-20
107900095,1616,1396,220
107900097,74,81,-7
107900098,249,330,-81
107900100,260,2089,-1829
107900101,341,21,320
107900102,62,1,61
107900103,38,83,-45
107900104,507,5,502
107900105,0,91,-91
107900106,0,202,-202
107900107,1060,406,654
107900108,172,25,147
107900109,3607,122,3485
107900110,158,7,151
107900111,0,171,-171
107900112,46,699,-653
107900113,547,21,526
107900114,433,43,390
107900115,1,11,-10
107900116,408,63,345
107900117,229,153,76
107900118,63,125,-62
107900119,300,465,-165
107900120,59,12,47
107900121,0,155,-155
107900122,1,71,-70
107900123,29,258,-229
107900124,9,28,-19
107900125,8,83,-75
107900126,72,147,-75
107900127,956,249,707
107900128,106,49,57
107900129,300,11,289
107900130,326,15,311
107900131,70,96,-26
107900132,33,425,-392
107900133,1,24,-23
107900134,11,57,-46
107900135,9,23,-14
107900136,5,41,-36
107900137,77,46,31
107900138,249,12,237
107900139,175,22,153
107900140,44,25,19
107900141,56,7,49
107900142,27,627,-600
107900143,46,38,8
107900144,0,23,-23
107900145,2,22,-20
107900146,40,77,-37
107900147,53,24,29
107900148,146,84,62
107900149,511,39,472
107900150,5,188,-183
107900151,40,25,15
107900152,6,73,-67
107900153,266,216,50
107900154,82,34,48
107900155,275,45,230
107900156,2,59,-57
107900157,8,40,-32
107900158,3165,158,3007
107900159,35,321,-286
107900160,220,63,157
107900161,160,27,133
107900162,1,71,-70
107900163,28,39,-11
107900164,89,27,62
107900165,3,375,-372
107900166,56,30,26
107900167,41,114,-73
107900168,136,31,105
107900169,6,2423,-2417
107900171,22,327,-305
107900172,0,125,-125
107900173,112,26,86
107900174,261,2,259
107900175,2,118,-116
107900176,146,20,126
107900177,4,217,-213
107900178,2,183,-181
107900179,96,47,49
107900180,221,2053,-1832
107900181,206,264,-58
107900182,3,195,-192
107900183,122,40,82
107900184,259,731,-472
107900185,304,2,302
107900186,28,15,13
107900187,5,109,-104
107900188,947,79,868
107900189,91,253,-162
107900190,17,121,-104
107900191,77,45,32
107900193,1,79,-78
107900194,211,7,204
107900195,2078,174,1904
107900196,68,45,23
107900197,137,123,14
107900199,1,355,-354
107900201,79,25,54
107900203,45,13,32
107900204,48,123,-75
107900205,371,132,239
107900206,263,794,-531
107900207,14,159,-145
107900208,2,215,-213
107900209,272,141,131
107900210,71,56,15
107900213,370,240,130
107900214,6,42,-36
107900215,114,257,-143
107900216,14,4,10
107900217,68,61,7
107900218,23,1013,-990
107900219,255,19,236
107900220,133,135,-2
107900221,67,90,-23
107900223,375,133,242
107900224,93,377,-284
107900225,12,245,-233
107900226,12,15,-3
107900227,78,136,-58
107900228,118,77,41
107900229,1,22,-21
107900230,93,19,74
107900231,46,38,8
107900232,555,23,532
107900233,2,38,-36
107900234,607,40,567
107900235,18,38,-20
107900236,732,64,668
107900237,5,61,-56
107900238,134,24,110
107900239,189,791,-602
107900240,154,19,135
107900241,11,20,-9
107900242,32,50,-18
107900243,0,35,-35
107900244,407,5,402
107900245,1754,68,1686
107900246,531,114,417
107900248,676,75,601
107900249,1864,194,1670
107900250,0,187,-187
107900251,12,230,-218
107900252,1221,75,1146
107900253,408,35,373
107900254,66,318,-252
107900255,192,33,159
107900256,689,2241,-1552
107900257,741,239,502
107900258,262,43,219
107900259,42,6262,-6220
107900261,1,113,-112
107900262,195,22,173
107900264,960,62,898
107900265,204,442,-238
107900267,735,22,713
107900268,4,0,4
107900269,1,0,1
107900270,1,2,-1
107900271,1,60,-59
107900272,25,57,-32
107900273,70,69,1
107900274,224,11,213
107900275,74,0,74
107900276,1,11,-10
107900277,0,24,-24
107900278,718,85,633
107900279,20,40,-20
107900280,3773,1205,2568
107900281,1063,13307,-12244
107900282,29,1474,-1445
107900283,377,1241,-864
107900284,1191,358,833
107900285,362,34,328
107900286,39,35,4
107900287,1085,175,910
107900290,3,1109,-1106
107900291,830,9,821
107900292,137,61,76
107900293,114,114,0
107900295,127,35,92
107900297,1,323,-322
107900298,604,432,172
107900299,1656,4731,-3075
107900300,36,486,-450
107900301,1171,1015,156
107900302,108,28,80
107900303,765,246,519
107900304,1178,51,1127
107900305,711,10,701
107900306,0,46,-46
107900307,7,144,-137
107900308,243,122,121
107900309,25,1,24
107900310,24,0,24
107900311,246,389,-143
107900312,11,0,11
107900313,0,170,-170
107900314,0,156,-156
107900315,0,88,-88
107900316,41,2,39
107900317,130,8,122
107900318,6,266,-260
107900319,5,37,-32
107900320,8,67,-59
107900321,367,2,365
107900322,3,33,-30
107900323,15,53,-38
107900324,149,1,148
107900325,370,4,366
107900326,1617,93,1524
107900327,2,110,-108
107900328,16,0,16
107900329,5,137,-132
107900330,21,70,-49
107900331,1066,42,1024
107900332,804,6,798
107900333,177,11,166
107900334,6,32,-26
107900335,14,85,-71
107900336,39,41,-2
107900337,454,1811,-1357
107900338,0,52,-52
107900339,0,9,-9
107900340,1,111,-110
107900341,79,3,76
107900342,181,39,142
107900343,70,3,67
107900344,1,228,-227
107900345,167,45,122
107900346,35,1,34
107900347,9,2,7
107900348,4,2,2
107900349,45,6,39
107900350,6,66,-60
108000001,6093,3159,2934
108000002,995,1031,-36
108000003,3193,1962,1231
108000004,7491,7487,4
108000005,9359,4501,4858
108000006,2636,1989,647
108000007,7026,3262,3764
108000008,2518,2556,-38
108000009,7902,4600,3302
108000010,1989,2400,-411
108000011,15644,11341,4303
108000012,6368,7609,-1241
108000014,479,1758,-1279
108000015,1279,161,1118
108000016,364,415,-51
108000017,1831,191,1640
108000018,2208,575,1633
108000019,1194,485,709
108000020,1490,282,1208
108000021,204,907,-703
108000022,597,485,112
108000023,2617,377,2240
108000024,715,153,562
108000025,766,90,676
108000026,1394,146,1248
108000027,1499,117,1382
108000028,1057,119,938
108000029,1169,198,971
108000030,750,121,629
108000031,251,464,-213
108000032,4190,525,3665
108000033,613,383,230
108000034,2686,571,2115
108000035,488,657,-169
108000036,514,399,115
108000037,4443,351,4092
108000038,6556,303,6253
108000039,577,690,-113
108000040,3971,1076,2895
108000041,374,1096,-722
108000042,960,108,852
108000043,162,157,5
108000044,1054,95,959
108000045,170,179,-9
108000046,3485,214,3271
108000047,298,292,6
108000048,91,319,-228
108000049,1152,212,940
108000050,79,202,-123
108000051,503,351,152
108000052,198,179,19
108000053,609,298,311
108000054,326,418,-92
108000055,1647,365,1282
108000056,380,570,-190
108000057,945,1319,-374
108000058,2005,6466,-4461
108000059,1428,820,608
108000060,218,348,-130
108000061,97,161,-64
108000062,2149,499,1650
108000063,568,320,248
108000064,376,219,157
108000065,993,320,673
108000066,2775,1281,1494
108000067,4145,1134,3011
108000068,1596,282,1314
108000069,85,418,-333
108000070,3668,480,3188
108000071,488,608,-120
108000072,2068,569,1499
108000073,563,555,8
108000074,1274,319,955
108000075,273,208,65
108000076,1370,371,999
108000077,398,313,85
108000078,4538,943,3595
108000079,556,409,147
108000080,3918,823,3095
108000081,518,791,-273
108000082,480,507,-27
108000083,3245,690,2555
108000084,377,723,-346
108000085,2056,625,1431
108000086,365,310,55
108000087,197,3842,-3645
108000088,534,6,528
108000089,514,460,54
108000090,1485,54,1431
108000091,159,299,-140
108000092,874,132,742
108000093,373,322,51
108000094,2520,219,2301
108000095,325,193,132
108000096,1559,204,1355
108000097,234,359,-125
108000098,4472,1147,3325
108000099,416,50,366
108000100,152,210,-58
108000101,1886,1405,481
108000102,1253,2903,-1650
108000106,1443,1,1442
108000107,0,495,-495
108000108,1287,122,1165
108000109,3,258,-255
108000110,1119,220,899
108000111,344,475,-131
108000112,71,158,-87
108000113,441,116,325
108000115,417,184,233
108000117,390,301,89
108000118,12,329,-317
108000119,601,161,440
108000120,408,1263,-855
108000121,425,295,130
108000122,1823,275,1548
108000123,1945,704,1241
108000124,609,980,-371
108000125,1297,215,1082
108000126,510,403,107
108000127,1270,1146,124
108000128,1285,147,1138
108000129,400,960,-560
108000130,1167,409,758
108000131,1067,110,957
108000132,459,375,84
108000133,2031,170,1861
108000134,602,182,420
108000135,2267,1113,1154
108000136,777,438,339
108000137,923,147,776
108000138,856,298,558
108000139,1072,213,859
108000140,1227,8,1219
108000141,50,17,33
108000142,26,36,-10
108000143,50,6,44
108000144,254,1,253
108000145,86,2,84
108000146,363,4,359
108000147,63,14,49
108000148,335,31,304
108000149,12,7,5
108000150,146,8,138
108000151,14,5,9
108000152,46,94,-48
108000153,1715,182,1533
108000154,27,1,26
108000155,69,32,37
108000156,359,119,240
108000157,201,3214,-3013
108000158,42,1379,-1337
108000159,114,181,-67
108000160,1712,2053,-341
108000161,1710,7305,-5595
108000165,12,754,-742
108000172,1,435,-434
108000173,514,2949,-2435
108000175,727,176,551
108000178,251,129,122
108000179,104,812,-708
108000181,85,6,79
108000182,92,2,90
108000183,2,9,-7
108000184,324,5681,-5357
108000185,828,101,727
108000186,719,47,672
108000187,296,220,76
108000188,2206,267,1939
108000189,288,2896,-2608
108000190,26,62,-36
108000192,431,136,295
108000193,308,33,275
108000194,17,15,2
108000195,0,768,-768
108000196,179,1252,-1073
108000198,898,93,805
108000199,1,380,-379
108000200,1950,161,1789
108000202,2,436,-434
108000203,672,246,426
108000204,515,113,402
108000205,121,332,-211
108000339,447,290,157
108000364,62,153,-91
108000365,134,356,-222
108000367,93,95,-2
108000368,35,67,-32
108000369,456,99,357
108000371,1,421,-420
108000372,1282,0,1282
108000373,288,64,224
108000376,495,16,479
108000377,1591,96,1495
108000378,10301,16446,-6145
108000379,81,276,-195
108000381,400,14,386
108000382,67,0,67
108000383,0,274,-274
108900001,27,205,-178
108900002,177,50,127
108900003,233,287,-54
108900004,10,546,-536
108900005,49,374,-325
108900006,1200,181,1019
108900007,639,158,481
108900008,289,50,239
108900009,251,163,88
108900010,840,87,753
108900011,1541,126,1415
108900012,787,139,648
108900013,241,245,-4
108900014,44,118,-74
108900015,1,121,-120
108900016,1,131,-130
108900017,147,453,-306
108900018,169,239,-70
108900019,58,208,-150
108900020,101,62,39
108900021,143,138,5
108900022,210,38,172
108900023,4,74,-70
108900024,54,35,19
108900025,585,25,560
108900026,17,72,-55
108900027,0,24,-24
108900028,198,52,146
108900029,113,147,-34
108900030,0,17,-17
108900031,265,91,174
108900032,10,59,-49
108900033,0,54,-54
108900034,0,53,-53
108900035,320,350,-30
108900036,231,173,58
108900037,106,88,18
108900038,0,109,-109
108900039,1,89,-88
108900040,11,39,-28
108900041,3288,4084,-796
108900042,3,348,-345
108900043,51,531,-480
108900044,0,94,-94
108900045,101,71,30
108900046,6,127,-121
108900047,0,84,-84
108900048,141,204,-63
108900049,721,4396,-3675
108900050,2,53,-51
108900051,0,48,-48
108900052,52,42,10
108900053,111,699,-588
108900054,52,60,-8
108900055,16,361,-345
108900056,2,72,-70
108900057,1,41,-40
108900058,48,102,-54
108900059,1985,57,1928
108900060,102,85,17
108900061,94,8,86
108900062,0,79,-79
108900063,33,89,-56
108900064,828,13,815
108900065,42,44,-2
108900066,843,61,782
108900067,7,86,-79
108900068,0,37,-37
108900069,157,19,138
108900070,62,28,34
108900071,298,29,269
108900072,1559,213,1346
108900073,11,44,-33
108900074,826,57,769
108900075,24,30,-6
108900076,927,21,906
108900077,58,240,-182
108900078,143,30,113
108900079,393,53,340
108900080,2,1536,-1534
108900081,19,114,-95
108900082,169,56,113
108900083,2,368,-366
108900084,189,50,139
108900085,784,83,701
108900086,461,109,352
108900087,65,76,-11
108900088,600,633,-33
108900089,36,91,-55
108900090,121,83,38
108900091,186,26,160
108900092,571,428,143
108900093,248,74,174
108900094,524,130,394
108900095,28,76,-48
108900096,199,9,190
108900097,358,77,281
108900098,783,2228,-1445
108900099,680,91,589
108900100,61,45,16
108900101,371,832,-461
108900102,7,1953,-1946
108900103,236,168,68
108900104,63,197,-134
108900105,6,3998,-3992
108900106,894,106,788
108900108,474,20,454
108900109,119,53,66
108900110,281,125,156
108900111,821,100,721
108900112,547,15,532
108900113,80,54,26
108900114,2,14,-12
108900115,347,247,100
108900116,122,10,112
108900117,656,13,643
108900118,1606,18,1588
108900119,954,30,924
108900120,319,252,67
108900121,339,124,215
108900122,542,18,524
108900123,641,91,550
108900124,1554,130,1424
108900125,1736,6,1730
108900126,246,132,114
108900127,555,25,530
108900128,423,37,386
108900129,2698,121,2577
108900130,1724,4,1720
108900131,976,7,969
108900132,1163,91,1072
108900133,628,37,591
108900134,1220,116,1104
108900135,792,28,764
108900136,27,2,25
108900137,679,3,676
108900138,1647,55,1592
108900139,1451,46,1405
108900140,1467,39,1428
108900141,1106,17,1089
108900142,139,45,94
108900143,231,0,231
108900144,252,0,252
108900145,624,6,618
108900146,216,15,201
108900147,805,1,804
108900148,143,14,129
108900149,343,153,190
108900150,332,7,325
108900151,65,24,41
108900152,262,97,165
108900153,396,84,312
108900154,10369,451,9918
108900155,765,45,720
108900156,345,4,341
108900157,11,139,-128
108900158,1128,109,1019
108900159,341,160,181
108900160,28,162,-134
108900161,440,604,-164
108900162,433,4,429
108900163,7,483,-476
108900164,47,34,13
108900165,103,63,40
108900167,622,19515,-18893
108900168,3573,2093,1480
108900169,66,78,-12
108900171,2761,5100,-2339
108900172,186,71,115
108900173,80,158,-78
108900174,1376,358,1018
108900176,70,184,-114
108900177,2005,13552,-11547
108900178,1692,8111,-6419
108900179,304,2256,-1952
108900180,134,214,-80
108900182,97,466,-369
108900183,189,92,97
108900184,470,187,283
108900185,77,142,-65
108900186,120,214,-94
108900187,1390,21,1369
108900188,1773,44,1729
108900189,614,195,419
108900190,29,743,-714
108900191,125,331,-206
108900192,56,173,-117
108900193,43,27,16
108900194,7,96,-89
108900195,162,76,86
108900196,9,111,-102
108900198,1,165,-164
108900199,255,219,36
108900200,1106,570,536
108900201,412,721,-309
108900203,807,134,673
108900204,638,14,624
108900205,327,24,303
108900206,966,156,810
108900207,471,649,-178
108900208,17,188,-171
108900209,110,310,-200
108900210,109,129,-20
108900211,218,791,-573
108900212,107,2504,-2397
108900215,92,165,-73
108900216,211,599,-388
108900217,120,2,118
108900218,52,22,30
108900219,27,8,19
108900220,40,22,18
108900221,55,105,-50
108900222,299,7,292
108900223,7,138,-131
108900224,20,121,-101
108900225,0,135,-135
108900226,960,49,911
108900227,217,311,-94
108900230,64,111,-47
108900231,4,103,-99
108900232,1,116,-115
108900233,675,201,474
108900234,496,279,217
108900235,167,250,-83
108900236,61,214,-153
108900237,15,41,-26
108900240,238,40,198
108900241,137,30,107
108900245,12,3778,-3766
108900249,182,14,168
108900250,503,87,416
108900257,540,124,416
108900258,6,60,-54
108900259,17,18,-1
108900260,17,15,2
108900261,38,42,-4
108900262,115,155,-40
108900263,21,144,-123
108900264,136,185,-49
108900265,431,534,-103
108900266,141,3086,-2945
108900267,1,601,-600
108900268,16,25,-9
108900269,291,20,271
108900270,390,12,378
108900271,95,9,86
108900272,805,24,781
108900273,305,614,-309
108900274,65,22,43
109000001,5510,5696,-186
109000002,719,4350,-3631
109000003,5506,471,5035
109000004,860,1918,-1058
109000005,2604,419,2185
109000006,1163,1010,153
109000007,3465,463,3002
109000008,1467,882,585
109000009,5002,753,4249
109000010,1224,1374,-150
109000011,8968,1882,7086
109000012,1709,1648,61
109000013,8514,7016,1498
109000014,1630,1128,502
109000015,4799,19328,-14529
109000016,2636,1334,1302
109000017,5117,920,4197
109000018,1267,1296,-29
109000019,4068,1192,2876
109000020,1652,1060,592
109000023,185,6,179
109000024,4,202,-198
109000025,168,964,-796
109000026,425,232,193
109000027,137,486,-349
109000028,177,19,158
109000029,63,492,-429
109000030,204,269,-65
109000031,813,78,735
109000032,162,296,-134
109000033,976,163,813
109000034,37,35,2
109000035,20,22,-2
109000036,56,330,-274
109000037,540,5463,-4923
109000038,272,121,151
109000039,1406,971,435
109000040,2701,25424,-22723
109000041,931,4895,-3964
109000042,948,2767,-1819
109000044,842,14,828
109000045,212,204,8
109000046,877,25,852
109000047,106,202,-96
109000048,544,182,362
109000049,292,304,-12
109000050,466,285,181
109000051,348,105,243
109000052,519,336,183
109000053,741,157,584
109000054,116,719,-603
109000055,831,1956,-1125
109000056,254,348,-94
109000057,2214,543,1671
109000058,186,82,104
109000059,122,1119,-997
109000060,183,542,-359
109000061,416,3112,-2696
109000062,274,484,-210
109000063,321,135,186
109000064,1147,97,1050
109000065,630,129,501
109000066,928,57,871
109000067,261,191,70
109000068,859,47,812
109000069,728,30,698
109000070,21,2197,-2176
109000071,503,66,437
109000072,76,184,-108
109000073,84,59,25
109000074,9,86,-77
109000075,117,156,-39
109000076,111,347,-236
109000077,353,115,238
109000078,261,122,139
109000079,170,45,125
109000080,476,57,419
109000081,341,237,104
109000082,1805,58,1747
109000083,564,216,348
109000088,260,153,107
109000089,522,177,345
109000090,111,137,-26
109000091,935,172,763
109000092,201,139,62
109000093,567,92,475
109000094,2095,16,2079
109000095,545,149,396
109000096,2007,120,1887
109000097,55,33,22
109000098,115,109,6
109000099,1411,119,1292
109000100,679,311,368
109000101,3304,329,2975
109000102,928,305,623
109000103,1231,238,993
109000104,5307,168,5139
109000105,870,396,474
109000106,3504,326,3178
109000107,775,612,163
109000108,4456,483,3973
109000109,559,551,8
109000110,2141,428,1713
109000111,693,874,-181
109000112,465,89,376
109000113,751,385,366
109000114,133,318,-185
109000115,878,20,858
109000116,6,330,-324
109000117,495,17,478
109000118,23,236,-213
109000119,4077,60,4017
109000120,892,171,721
109000121,1229,33,1196
109000122,425,214,211
109000123,18,22,-4
109000124,1960,201,1759
109000125,1373,332,1041
109000126,760,556,204
109000127,2209,94,2115
109000128,787,358,429
109000129,6182,281,5901
109000130,441,313,128
109000131,1406,838,568
109000132,509,544,-35
109000133,159,412,-253
109000134,450,499,-49
109000135,443,627,-184
109000136,355,160,195
109000137,503,227,276
109000138,424,137,287
109000139,1198,248,950
109000140,219,260,-41
109000141,948,631,317
109000142,145,275,-130
109000143,194,184,10
109000145,148,191,-43
109000146,22,15,7
109000148,1619,3459,-1840
109000149,14,61,-47
109000150,16,154,-138
109000155,1555,1116,439
109000156,927,320,607
109000158,31,232,-201
109000159,175,293,-118
109000160,3087,136,2951
109000161,1288,565,723
109000162,3613,231,3382
109000163,2603,681,1922
109000164,2609,1237,1372
109000165,2731,336,2395
109000166,2387,111,2276
109000167,285,182,103
109000170,43,33,10
109000171,204,15,189
109000172,17,58,-41
109000173,7,220,-213
109000174,498,37,461
109000175,43,40,3
109000176,777,142,635
109000177,36,86,-50
109000178,975,26,949
109000179,2674,10095,-7421
109000180,3543,5270,-1727
109000181,63,5,58
109000182,58,10,48
109000183,98,12,86
109000184,173,4,169
109000185,24,14,10
109000188,659,3027,-2368
109000189,5514,3424,2090
109000190,1218,408,810
109000191,442,1095,-653
109000192,1289,82,1207
109000193,617,70,547
109000194,669,24,645
109000195,499,39,460
109000196,405,19,386
109000197,490,143,347
109000198,467,51,416
109000199,395,155,240
109000206,291,9,282
109000207,412,14,398
109000208,147,140,7
109000209,325,40,285
109000210,321,216,105
109000211,3172,324,2848
109000214,702,95,607
109000215,144,36,108
109000216,485,539,-54
109000217,186,220,-34
109000218,359,367,-8
109000221,174,261,-87
109000222,858,135,723
109000223,1316,627,689
109000224,190,43,147
109000225,433,12,421
109000226,168,108,60
109000227,3958,319,3639
109000228,1,689,-688
109000231,2,57,-55
109000232,2050,120,1930
109000236,372,356,16
109000241,2313,511,1802
109000242,1881,359,1522
109000293,122,144,-22
109000361,166,88,78
109000364,91,387,-296
109000396,4,185,-181
109000397,1393,45,1348
109000399,137,206,-69
109000400,115,142,-27
109000403,17,2050,-2033
109000406,1827,33,1794
109000407,222,116,106
109000408,0,249,-249
109000410,1268,133,1135
109000411,567,5,562
109900001,184,0,184
109900002,1524,5,1519
109900003,1319,6,1313
109900004,233,89,144
109900005,57,26,31
109900006,1456,67,1389
109900007,3011,167,2844
109900008,0,2,-2
109900009,173,248,-75
109900010,1392,72,1320
109900011,26,13,13
109900012,654,205,449
109900013,717,109,608
109900014,305,77,228
109900015,205,38,167
109900016,106,19,87
109900017,318,85,233
109900018,272,30,242
109900019,229,48,181
109900020,107,23,84
109900021,101,9,92
109900022,68,137,-69
109900023,37,3,34
109900024,25,0,25
109900025,11,148,-137
109900026,6,76,-70
109900027,38,21,17
109900028,451,4965,-4514
109900029,5,84,-79
109900030,96,5,91
109900031,2,1211,-1209
109900032,18,121,-103
109900033,2,247,-245
109900034,25,0,25
109900035,325,203,122
109900036,72,485,-413
109900037,29,170,-141
109900038,117,112,5
109900039,8,0,8
109900040,10,119,-109
109900041,102,296,-194
109900042,18,1323,-1305
109900044,98,546,-448
109900045,64,83,-19
109900046,135,85,50
109900047,192,244,-52
109900048,2,37,-35
109900049,85,13,72
109900050,0,9,-9
109900051,2,6,-4
109900052,162,516,-354
109900053,1,49,-48
109900054,2010,95,1915
109900055,334,188,146
109900056,218,430,-212
109900057,0,104,-104
109900058,1,32,-31
109900059,2873,51,2822
109900060,1758,63,1695
109900061,147,74,73
109900062,0,53,-53
109900063,10,521,-511
109900064,1258,39,1219
109900065,111,51,60
109900066,490,258,232
109900067,0,82,-82
109900068,146,3,143
109900069,1,19,-18
109900070,39,65,-26
109900071,1,11,-10
109900072,10,48,-38
109900073,1402,214,1188
109900074,23,11,12
109900075,106,136,-30
109900076,30,40,-10
109900077,36,32,4
109900078,133,40,93
109900080,184,77,107
109900081,2,184,-182
109900082,82,85,-3
109900083,11,7,4
109900084,63,173,-110
109900085,85,140,-55
109900086,114,1722,-1608
109900087,29,270,-241
109900089,1049,116,933
109900090,201,426,-225
109900091,1010,351,659
109900092,384,248,136
109900093,2055,117,1938
109900094,102,36,66
109900095,44,119,-75
109900096,191,1,190
109900097,310,0,310
109900098,1317,65,1252
109900099,1004,4,1000
109900100,166,0,166
109900101,1819,8,1811
109900102,1072,16,1056
109900103,25,87,-62
109900104,2133,106,2027
109900105,1137,13,1124
109900106,671,31,640
109900107,1111,47,1064
109900108,169,181,-12
109900109,37,59,-22
109900110,65,125,-60
109900111,69,222,-153
109900112,147,110,37
109900113,1345,363,982
109900114,349,1359,-1010
109900115,339,135,204
109900117,2984,74,2910
109900118,146,125,21
109900119,146,283,-137
109900120,85,3,82
109900121,337,95,242
109900122,2022,11,2011
109900123,17,32,-15
109900124,36,75,-39
109900125,0,103,-103
109900126,864,11,853
109900128,701,84,617
109900130,3034,5803,-2769
109900131,11,42,-31
109900132,17,54,-37
109900133,152,121,31
109900134,92,134,-42
109900135,358,26,332
109900136,97,62,35
109900137,438,120,318
109900138,1401,115,1286
109900140,148,54,94
109900142,4733,376,4357
109900145,5,861,-856
109900146,219,50,169
109900148,11,33,-22
109900149,18,29,-11
109900150,4,21,-17
109900151,7,13,-6
109900152,1,5,-4
109900153,1,23,-22
109900154,17,0,17
109900155,44,17,27
109900157,115,69,46
109900158,74,29,45
109900159,104,19,85
109900160,219,7,212
109900161,600,21,579
109900162,380,34,346
109900163,289,102,187
109900164,60,155,-95
109900165,365,5,360
109900166,4,475,-471
109900167,181,213,-32
109900168,107,352,-245
109900169,391,106,285
109900170,411,2786,-2375
109900171,741,143,598
109900172,725,683,42
109900173,2225,3913,-1688
109900174,77,69,8
109900175,213,439,-226
109900176,239,97,142
109900177,54,66,-12
109900178,6,214,-208
109900179,4,11,-7
109900180,6,12,-6
110000001,896,263,633
110000002,709,408,301
110000003,666,608,58
110000004,328,455,-127
110000005,339,3110,-2771
110000006,506,298,208
110000007,130,37,93
110000008,32,598,-566
110000009,125,11,114
110000010,84,175,-91
110000011,85,20,65
110000012,742,134,608
110000013,106,862,-756
110000014,685,411,274
110000015,224,800,-576
110000016,405,1731,-1326
110000017,2309,285,2024
110000018,2632,514,2118
110000019,15,34,-19
110000020,1014,547,467
110000021,164,214,-50
110000022,2405,69,2336
110000023,6,64,-58
110000024,865,167,698
110000025,2695,6,2689
110000026,6,194,-188
110000027,705,1461,-756
110000028,1706,196,1510
110000029,859,261,598
110000030,634,498,136
110000031,566,177,389
110000032,1763,112,1651
110000033,254,206,48
110000034,1675,350,1325
110000035,1331,375,956
110000036,2770,322,2448
110000037,640,149,491
110000038,516,1250,-734
110000039,1390,11890,-10500
110000040,446,412,34
110000041,488,4354,-3866
110000042,110,457,-347
110000043,1064,482,582
110000044,40,240,-200
110000045,114,94,20
110000046,3,158,-155
110000047,13,40,-27
110000048,2,123,-121
110000049,4,22,-18
110000050,3,149,-146
110000051,13,17,-4
110000052,94,26,68
110000053,13,22,-9
110000054,114,1273,-1159
110000055,137,267,-130
110000056,104,173,-69
110000057,542,202,340
110000058,2526,497,2029
110000059,1010,515,495
110000060,1770,694,1076
110000061,651,497,154
110000062,679,568,111
110000063,127,610,-483
110000064,282,14,268
110000065,217,374,-157
110000066,189,15,174
110000067,116,65,51
110000068,756,74,682
110000069,1421,14,1407
110000071,1773,12,1761
110000073,78,0,78
110000075,14,115,-101
110000076,828,881,-53
110000077,396,2636,-2240
110000078,226,9,217
110000080,168,278,-110
110000081,42,559,-517
110000082,118,555,-437
110000083,273,259,14
110000084,2051,1903,148
110000085,640,1763,-1123
110000086,782,2658,-1876
110000087,78,63,15
110000088,268,444,-176
110000089,774,60,714
110000090,214,1333,-1119
110000091,803,247,556
110000092,25,38,-13
110000093,66,16,50
110000094,607,78,529
110000095,156,679,-523
110000096,1053,3545,-2492
110000097,982,2275,-1293
110000098,2661,544,2117
110000099,1494,1580,-86
110000100,3577,90,3487
110000101,480,90,390
110000102,115,62,53
110000104,559,249,310
110000105,101,873,-772
110000106,899,542,357
110000107,123,351,-228
110000108,174,218,-44
110000109,402,235,167
110000110,1652,4042,-2390
110000111,3533,3640,-107
110000112,162,1335,-1173
110000113,75,4268,-4193
110000114,1075,1033,42
110000115,1375,142,1233
110000116,121,130,-9
110000117,1291,155,1136
110000118,1555,142,1413
110000119,1282,121,1161
110000120,793,134,659
110000121,149,702,-553
110000122,461,149,312
110000123,853,305,548
110000124,1,466,-465
110000125,1367,5,1362
110000126,413,55,358
110000127,1890,109,1781
110000128,25,434,-409
110000129,2,178,-176
110000130,400,264,136
110000131,74,79,-5
110000132,0,217,-217
110000133,54,573,-519
110000134,48,412,-364
110000135,408,12,396
110000136,132,122,10
110000137,1448,192,1256
110000138,1722,218,1504
110000139,2480,371,2109
110000140,1094,1163,-69
110000143,928,598,330
110000144,1807,1637,170
110000145,1845,1376,469
110000146,1418,880,538
110000147,373,1121,-748
110000148,1165,301,864
110000151,687,1563,-876
110000152,495,601,-106
110000153,1140,39,1101
110000154,101,94,7
110000155,751,1683,-932
110000156,1330,904,426
110000157,1351,2511,-1160
110000160,532,192,340
110000161,331,190,141
110000166,1927,67,1860
110000167,3071,961,2110
110000168,810,1274,-464
110000169,875,669,206
110000170,250,165,85
110000171,759,120,639
110000172,422,350,72
110000173,440,409,31
110000174,180,226,-46
110000175,2378,268,2110
110000176,66,2029,-1963
110000177,314,3074,-2760
110000178,473,5346,-4873
110000179,1457,435,1022
110000180,1035,319,716
110000181,2105,232,1873
110000182,795,138,657
110000183,5489,11652,-6163
110000184,294,5287,-4993
110000185,531,580,-49
110000186,583,1460,-877
110000191,2507,219,2288
110000192,1676,25,1651
110000193,2211,33,2178
110000194,2,1097,-1095
110000195,1095,43,1052
110000196,1237,100,1137
110000197,271,46,225
110000198,86,54,32
110000199,64,361,-297
110000200,683,1740,-1057
110000201,1698,3210,-1512
110000202,1504,443,1061
110000203,393,521,-128
110000204,6,97,-91
110000205,704,72,632
110000206,316,401,-85
110000207,3091,186,2905
110000208,227,446,-219
110000209,36,244,-208
110000210,1909,655,1254
110000211,1077,581,496
110000212,827,1954,-1127
110000213,844,25,819
110000214,990,33,957
110000215,233,57,176
110000216,314,101,213
110000217,1081,69,1012
110000218,411,61,350
110000219,678,34,644
110000220,66,65,1
110000221,904,16,888
110000222,62,90,-28
110000223,53,75,-22
110000224,2,4,-2
110000225,287,686,-399
110000226,550,76,474
110000227,929,1313,-384
110000228,655,60,595
110000229,1,102,-101
110000230,619,560,59
110000231,529,820,-291
110000232,207,339,-132
110000233,184,1196,-1012
110000234,514,464,50
110000235,1139,899,240
110000236,1102,613,489
110000237,3511,1566,1945
110000238,1271,624,647
110000239,2919,814,2105
110000240,2,23,-21
110000242,0,12,-12
110000243,443,109,334
110000244,167,463,-296
110000245,22,277,-255
110000246,2320,640,1680
110000247,1569,2919,-1350
110000248,1331,1822,-491
110000249,335,14,321
110000250,17,191,-174
110000251,899,243,656
110000252,956,182,774
110000253,3288,447,2841
110000254,1616,469,1147
110000255,268,396,-128
110000256,699,257,442
110000257,401,274,127
110000258,3,404,-401
110000259,731,46,685
110000260,138,93,45
110000263,1100,41,1059
110000264,1347,314,1033
110000265,1655,1575,80
110000266,1196,1615,-419
110000267,77,57,20
110000268,384,172,212
110000269,5,40,-35
110000270,222,2,220
110000271,1687,234,1453
110000272,1311,1176,135
110000273,1909,734,1175
110000274,514,5852,-5338
110000275,1781,1153,628
110000276,325,1807,-1482
110000277,759,906,-147
110000278,786,862,-76
110000279,1204,355,849
110000280,1151,525,626
110000281,181,115,66
110000282,147,19,128
110000283,15,116,-101
110000284,10,9,1
110000285,0,182,-182
110000286,52,0,52
110000287,216,97,119
110000288,1,180,-179
110000289,543,3677,-3134
110000290,210,1294,-1084
110000291,3880,901,2979
110000292,1070,12907,-11837
110000293,897,629,268
110000294,2508,3697,-1189
110000295,238,530,-292
110000296,1267,338,929
110000297,4452,260,4192
110000298,124,581,-457
110000299,192,49,143
110000301,636,41,595
110000302,1124,3068,-1944
110000303,1394,58,1336
110000304,409,543,-134
110000305,2350,68,2282
110000306,675,619,56
110000307,5744,8,5736
110000308,1363,8,1355
110000309,5,847,-842
110000310,1833,65,1768
110000311,2,389,-387
110000312,1017,60,957
110000313,3377,1993,1384
110000314,0,200,-200
110000315,1796,1171,625
110000316,467,878,-411
110000317,306,1004,-698
110000318,3,158,-155
110000319,13,65,-52
110000320,28,60,-32
110000321,79,154,-75
110000322,269,715,-446
110000323,1429,266,1163
110000324,2538,1214,1324
110000325,1710,7393,-5683
110000327,813,363,450
110000328,71,480,-409
110000333,1889,2508,-619
110000334,412,2387,-1975
110000335,1057,354,703
110000336,721,1444,-723
110000337,2867,1000,1867
110000338,564,1346,-782
110000339,878,221,657
110000340,99,269,-170
110000341,1109,293,816
110000342,111,14,97
110000343,0,7,-7
110000344,75,1505,-1430
110000345,153,1641,-1488
110000346,1524,2211,-687
110000347,1609,545,1064
110000348,141,19,122
110000349,34,4,30
110000350,201,1,200
110000351,2308,328,1980
110000352,1069,2595,-1526
110000353,3034,367,2667
110000354,1871,6938,-5067
110000355,427,60,367
110000356,617,27,590
110000357,1495,3,1492
110000361,256,12,244
110000362,462,30,432
110000363,1553,41,1512
110000364,591,245,346
110000365,172,2,170
110000366,2,356,-354
110000367,1062,156,906
110000368,22,81,-59
110000369,111,33,78
110000373,8,1056,-1048
110000374,119,65,54
110000375,223,991,-768
110000376,47,55,-8
110000377,147,301,-154
110000378,47,460,-413
110000379,2065,3693,-1628
110000380,262,4,258
110000383,0,534,-534
110000384,1357,161,1196
110000385,1,60,-59
110000387,603,4,599
110000388,86,120,-34
110000389,1559,4,1555
110000391,1708,924,784
110000396,574,194,380
110000397,139,35,104
110000398,5,20,-15
110000399,440,46,394
110000587,349,379,-30
110000589,302,83,219
110000640,274,9,265
110000652,4,392,-388
110000653,779,177,602
110000654,3,345,-342
110000656,1,180,-179
110000674,147,25,122
110000675,35,29,6
110000676,0,34,-34
110000679,99,1088,-989
110000682,167,308,-141
110000683,384,148,236
110000684,0,27,-27
110000685,7,23,-16
110000686,0,217,-217
110000687,14,6,8
110000688,57,1629,-1572
110000689,51,9,42
110000692,8,222,-214
110000693,21,369,-348
110000694,0,99,-99
110000695,126,1032,-906
110000696,142,16,126
110900001,683,61,622
110900002,552,261,291
110900003,3837,123,3714
110900004,1225,23,1202
110900005,2068,10156,-8088
110900006,211,97,114
110900007,573,336,237
110900008,8,8,0
110900009,473,1461,-988
110900010,3,9,-6
110900011,14,40,-26
110900012,18,33,-15
110900013,2053,80,1973
110900014,553,99,454
110900015,211,674,-463
110900016,193,47,146
110900017,1047,36,1011
110900018,821,11,810
110900019,1146,14,1132
110900020,662,61,601
110900021,282,165,117
110900022,61,48,13
110900023,63,152,-89
110900024,195,114,81
110900025,17,72,-55
110900027,139,56,83
110900028,37,58,-21
110900029,17,76,-59
110900030,50,72,-22
110900031,4,73,-69
110900032,0,24,-24
110900033,27,132,-105
110900035,40,533,-493
110900036,252,3,249
110900037,305,2,303
110900038,478,199,279
110900039,6,271,-265
110900040,581,7,574
110900041,26,49,-23
110900042,260,86,174
110900043,1,32,-31
110900044,209,42,167
110900045,343,125,218
110900046,7,78,-71
110900047,166,1091,-925
110900049,271,99,172
110900050,127,0,127
110900051,89,35,54
110900052,2,727,-725
110900053,533,26,507
110900054,46,743,-697
110900055,45,0,45
110900056,117,64,53
110900057,4,115,-111
110900058,790,75,715
110900059,445,480,-35
110900060,425,118,307
110900061,34,32,2
110900062,489,64,425
110900063,46,87,-41
110900064,15,0,15
110900065,49,81,-32
110900066,3,71,-68
110900067,107,897,-790
110900068,344,46,298
110900069,29,3,26
110900070,450,16,434
110900071,110,2479,-2369
110900073,0,4,-4
110900074,1321,105,1216
110900075,1221,54,1167
110900077,3357,306,3051
110900078,545,16,529
110900079,706,1222,-516
110900080,416,70,346
110900081,79,10,69
110900082,572,36,536
110900083,242,29,213
110900084,430,16,414
110900085,35,54,-19
110900086,93,294,-201
110900087,728,369,359
110900088,3,0,3
110900090,108,203,-95
110900091,0,17,-17
110900093,298,77,221
110900095,126,18,108
110900097,69,6,63
110900098,37,27,10
110900099,31,107,-76
110900100,0,8,-8
110900102,121,42,79
110900105,793,59,734
110900108,44,22,22
110900111,1412,84,1328
110900112,837,10,827
110900113,658,203,455
110900115,3,16,-13
110900116,3254,767,2487
110900118,87,6694,-6607
110900119,1581,119,1462
110900120,401,78,323
110900121,108,0,108
110900122,730,148,582
110900125,487,1640,-1153
110900127,506,1649,-1143
110900128,21,178,-157
110900129,101,1250,-1149
110900130,180,240,-60
110900131,705,1489,-784
110900132,1177,72,1105
110900133,120,1411,-1291
110900135,90,144,-54
110900136,522,59,463
110900137,18,0,18
110900138,306,393,-87
110900139,0,43,-43
110900140,5,0,5
110900141,2,281,-279
110900142,63,82,-19
110900143,726,35,691
110900144,0,163,-163
110900145,449,236,213
110900146,106,788,-682
110900147,248,375,-127
110900148,1,349,-348
110900149,1,47,-46
110900150,11,20,-9
110900151,3,63,-60
110900152,38,45,-7
110900153,292,26,266
111000001,1347,687,660
111000002,503,568,-65
111000003,3735,1565,2170
111000004,810,949,-139
111000005,1353,1828,-475
111000006,822,2417,-1595
111000007,4720,6623,-1903
111000008,2985,5912,-2927
111000009,341,913,-572
111000010,2764,592,2172
111000011,145,907,-762
111000012,442,606,-164
111000013,466,1574,-1108
111000014,3275,880,2395
111000017,33,674,-641
111000018,210,291,-81
111000020,535,1044,-509
111000021,57,85,-28
111000023,167,467,-300
111000025,3162,5951,-2789
111000029,137,111,26
111000030,21,40,-19
111000031,1772,1027,745
111000032,649,1128,-479
111000033,356,82,274
111000034,89,157,-68
111000037,959,258,701
111000038,1969,1096,873
111000039,2321,852,1469
111000040,1799,647,1152
111000041,451,470,-19
111000042,2295,2282,13
111000043,2073,8666,-6593
111000044,2693,561,2132
111000045,4835,1137,3698
111000046,4228,966,3262
111000047,4067,8793,-4726
111000049,467,196,271
111000050,1120,435,685
111000051,865,581,284
111000052,748,1586,-838
111000053,298,453,-155
111000054,318,669,-351
111000055,837,1787,-950
111000056,276,1527,-1251
111000057,235,156,79
111000058,1503,90,1413
111000059,1250,566,684
111000060,8790,1257,7533
111000061,1496,305,1191
111000062,1809,680,1129
111000063,1495,1413,82
111000064,1512,317,1195
111000065,1884,402,1482
111000066,1579,182,1397
111000067,2455,205,2250
111000068,1403,316,1087
111000069,1373,1486,-113
111000070,635,372,263
111000071,324,115,209
111000072,2106,1013,1093
111000073,184,2566,-2382
111000074,2673,1681,992
111000075,1062,400,662
111000076,1163,721,442
111000077,1274,506,768
111000078,2110,330,1780
111000079,1123,542,581
111000080,870,394,476
111000081,1653,8671,-7018
111000082,1494,312,1182
111000084,1231,322,909
111000085,1700,829,871
111000086,2108,880,1228
111000087,1044,386,658
111000088,4277,6931,-2654
111000089,1265,532,733
111000090,589,593,-4
111000091,1148,215,933
111000092,3511,594,2917
111000093,1515,1841,-326
111000094,2452,1250,1202
111000095,1475,3987,-2512
111000096,1219,11050,-9831
111000097,2137,725,1412
111000098,319,527,-208
111000099,708,905,-197
111000100,817,828,-11
111000101,449,612,-163
111000102,467,360,107
111000104,1599,148,1451
111000107,161,371,-210
111000109,1513,220,1293
111000110,2203,561,1642
111000111,6835,162,6673
111000112,3754,332,3422
111000113,691,3195,-2504
111000114,1173,7327,-6154
111000115,2690,903,1787
111000116,963,557,406
111000117,259,708,-449
111000118,906,921,-15
111000119,2641,378,2263
111000120,1102,630,472
111000121,377,912,-535
111000122,538,439,99
111000123,1806,1078,728
111000124,530,1352,-822
111000125,411,1224,-813
111000126,134,376,-242
111000127,2377,104,2273
111000128,5487,304,5183
111000129,6058,293,5765
111000130,5707,317,5390
111000131,5667,347,5320
111000132,3625,3178,447
111000133,182,44,138
111000134,210,25,185
111000135,160,171,-11
111000136,563,163,400
111000138,180,2,178
111000140,8,4,4
111000141,187,324,-137
111000142,18,63,-45
111000143,15,253,-238
111000144,5,497,-492
111000145,56,5,51
111000146,227,3,224
111000147,116,35,81
111000148,256,57,199
111000149,9,30,-21
111000150,228,2,226
111000151,5,143,-138
111000153,501,207,294
111000154,327,107,220
111000155,313,100,213
111000156,1029,236,793
111000157,534,390,144
111000158,1750,582,1168
111000159,2455,767,1688
111000160,805,181,624
111000161,8,261,-253
111000162,12,31,-19
111000163,1551,723,828
111000164,385,2946,-2561
111000165,648,153,495
111000166,376,88,288
111000167,83,151,-68
111000168,216,205,11
111000169,506,122,384
111000170,294,183,111
111000171,595,231,364
111000172,357,261,96
111000173,314,371,-57
111000174,832,97,735
111000175,45,634,-589
111000176,1467,22,1445
111000177,2360,132,2228
111000178,3051,118,2933
111000179,680,52,628
111000180,376,222,154
111000181,3437,134,3303
111000182,440,245,195
111000183,250,1564,-1314
111000184,458,96,362
111000185,409,485,-76
111000186,280,1479,-1199
111000187,318,87,231
111000188,595,332,263
111000189,233,187,46
111000190,453,84,369
111000191,352,147,205
111000192,211,232,-21
111000193,253,125,128
111000194,126,254,-128
111000195,238,463,-225
111000196,205,59,146
111000197,1406,48,1358
111000198,899,37,862
111000199,757,501,256
111000200,1321,940,381
111000201,1705,71,1634
111000202,876,102,774
111000203,871,217,654
111000204,310,2733,-2423
111000213,411,183,228
111000214,1689,819,870
111000215,965,555,410
111000217,2247,404,1843
111000218,2799,713,2086
111000219,348,77,271
111000220,895,615,280
111000221,190,82,108
111000224,1,185,-184
111000225,478,427,51
111000226,335,2,333
111000227,11,2,9
111000228,3,994,-991
111000229,13,2384,-2371
111000230,279,121,158
111000231,1416,294,1122
111000232,1469,1653,-184
111000233,3686,365,3321
111000234,391,642,-251
111000239,90,62,28
111000240,92,765,-673
111000241,66,182,-116
111000242,758,78,680
111000243,325,428,-103
111000244,2115,403,1712
111000245,828,566,262
111000246,1068,75,993
111000247,1106,329,777
111000248,981,149,832
111000249,626,164,462
111000250,165,31,134
111000251,229,64,165
111000253,60,13,47
111000255,97,3,94
111000257,141,6,135
111000260,180,562,-382
111000261,3724,59,3665
111000271,92,298,-206
111000273,2312,918,1394
111000274,1570,3544,-1974
111000275,223,9,214
111000276,314,498,-184
111000277,343,210,133
111000278,411,95,316
111000291,1684,21601,-19917
111000298,815,177,638
111000299,1287,145,1142
111000300,69,324,-255
111000302,564,17,547
111000303,288,87,201
111000312,104,44,60
111000315,0,44,-44
111000320,420,209,211
111000321,634,219,415
111000322,1251,160,1091
111000323,489,104,385
111000324,262,97,165
111000325,55,43,12
111000326,349,183,166
111000327,435,288,147
111000328,597,739,-142
111000329,1,22,-21
111000330,397,11,386
111000331,57,6,51
111000332,378,503,-125
111000334,132,642,-510
111000335,2098,452,1646
111000337,4230,190,4040
111000338,308,34,274
111000339,1986,87,1899
111000340,138,1563,-1425
111000341,3340,1944,1396
111000342,60,893,-833
111000344,1868,353,1515
111000345,142,86,56
111000346,21,117,-96
111000347,385,6,379
111000350,256,96,160
111000351,137,656,-519
111000352,303,87,216
111000353,137,207,-70
111000354,894,147,747
111000355,818,384,434
111000358,135,328,-193
111000360,286,112,174
111000361,308,133,175
111000546,2212,417,1795
111000547,887,513,374
111000548,487,164,323
111000549,508,121,387
111000550,12,1960,-1948
111000551,257,55,202
111000552,684,205,479
111000907,1865,31,1834
111000908,100,3,97
111000916,5334,434,4900
111000917,103,402,-299
111000918,305,195,110
111000920,1581,11,1570
111000921,0,45,-45
111000922,2330,113,2217
111000924,47,222,-175
111000925,6363,2627,3736
111000926,1700,2343,-643
111000927,2230,5808,-3578
111000928,4635,1934,2701
111000929,2644,1096,1548
111000930,1795,4387,-2592
111000931,2685,955,1730
111000932,2824,1353,1471
111000933,3084,3834,-750
111000934,1476,1091,385
111000935,4103,1090,3013
111000936,1916,762,1154
111000937,1679,1233,446
111000938,1977,942,1035
111000939,1836,39,1797
111000940,2377,22,2355
111000941,759,235,524
111000943,1337,133,1204
111000944,322,95,227
111000945,442,1216,-774
111001109,599,1528,-929
111001110,231,209,22
111001111,543,16,527
111001112,166,66,100
111001113,1,353,-352
111001114,877,69,808
111001115,9,745,-736
111001116,2392,9761,-7369
111001117,245,5132,-4887
111001120,169,122,47
111001121,361,26,335
111001122,459,103,356
111001123,875,72,803
111001124,57,29,28
111900001,159,40,119
111900002,254,111,143
111900003,8,140,-132
111900004,15,45,-30
111900006,132,161,-29
111900007,787,3,784
111900008,899,3,896
111900009,629,3,626
111900010,79,135,-56
111900012,47,22,25
111900013,76,3,73
111900014,1750,11465,-9715
111900015,1,29,-28
111900016,0,37,-37
111900017,1,31,-30
111900018,280,25,255
111900019,1,162,-161
111900020,2,9,-7
111900021,4,18,-14
111900022,4,13,-9
111900023,94,50,44
111900024,1,354,-353
111900025,0,18,-18
111900026,0,23,-23
111900027,8,42,-34
111900028,0,48,-48
111900029,0,15,-15
111900030,24,264,-240
111900031,60,42,18
111900032,0,67,-67
111900033,30,14,16
111900034,31,166,-135
111900035,116,1649,-1533
111900036,0,89,-89
111900038,44,114,-70
111900039,21,328,-307
111900040,0,123,-123
111900042,10,27,-17
111900043,1,111,-110
111900044,36,82,-46
111900046,17,69,-52
111900048,1037,684,353
111900049,3,66,-63
111900050,386,34,352
111900051,0,78,-78
111900052,107,69,38
111900053,497,4389,-3892
111900054,866,12,854
111900055,2,101,-99
111900056,102,496,-394
111900057,525,3,522
111900058,1649,306,1343
111900059,898,1408,-510
111900060,962,1,961
111900061,2,68,-66
111900062,160,457,-297
111900063,719,126,593
111900064,30,57,-27
111900065,487,48,439
111900066,235,84,151
111900067,0,65,-65
111900068,41,209,-168
111900069,174,20,154
111900070,417,12,405
111900071,0,42,-42
111900072,68,91,-23
111900073,2474,281,2193
111900074,1,82,-81
111900075,64,2,62
111900076,805,126,679
111900077,87,0,87
111900078,1017,64,953
111900079,47,98,-51
111900080,79,166,-87
111900081,213,98,115
111900082,473,63,410
111900083,653,91,562
111900084,293,28,265
111900085,83,57,26
111900086,263,17,246
111900087,226,11,215
111900088,1708,53,1655
111900089,205,5,200
111900090,73,237,-164
111900091,1571,28,1543
111900092,348,0,348
111900093,1199,17,1182
111900094,266,0,266
111900095,1081,45,1036
111900096,465,8,457
111900097,260,0,260
111900098,1037,38,999
111900099,148,1,147
111900100,263,7,256
111900101,520,10,510
111900102,1751,1049,702
111900103,66,102,-36
111900104,164,26,138
111900105,152,355,-203
111900106,267,12,255
111900107,19,53,-34
111900108,364,580,-216
111900109,465,1291,-826
111900110,2833,206,2627
111900111,739,8,731
111900112,177,9018,-8841
111900113,308,115,193
111900114,159,36,123
111900115,46,2,44
111900118,610,77,533
111900119,285,149,136
111900122,36,83,-47
111900123,13,30,-17
111900124,42,16,26
111900125,1493,155,1338
111900126,1435,2,1433
111900127,3,130,-127
111900128,35,125,-90
111900129,728,16,712
111900130,285,90,195
111900131,1419,1,1418
111900132,36,335,-299
111900133,4,133,-129
111900134,1,60,-59
111900135,17,12,5
111900136,65,84,-19
111900137,54,7,47
111900138,5,20,-15
111900139,61,27,34
111900140,187,15,172
111900141,162,3,159
111900142,132,2,130
111900143,106,91,15
111900144,0,32,-32
111900145,1,159,-158
111900146,0,55,-55
111900147,18,183,-165
111900148,7,469,-462
111900149,15,122,-107
111900150,7,23,-16
111900151,1,21,-20
111900152,58,33,25
111900153,413,749,-336
111900154,31,1439,-1408
111900155,93,277,-184
111900156,113,62,51
111900157,357,25,332
111900158,1113,138,975
111900159,957,176,781
111900160,914,17,897
111900161,919,2,917
111900162,170,711,-541
111900163,11,56,-45
111900164,110,70,40
111901113,2150,86,2064
111901114,701,1558,-857
111901115,654,4,650
111901116,68,9,59
111901117,37,167,-130
111901118,20,1287,-1267
111901119,256,13,243
111901120,22,49,-27
111901121,33,65,-32
111901122,18,131,-113
111901123,981,74,907
111901124,735,36,699
111901125,2461,211,2250
111901126,432,167,265
111901127,1609,3108,-1499
111901128,12,21,-9
111901129,1,65,-64
111901130,13,185,-172
111901131,0,117,-117
111901132,116,37,79
111901133,224,3,221
111901134,439,3,436
111901135,131,4,127
111901136,77,17,60
111901137,1,17,-16
111901138,3,29,-26
111901139,2,29,-27
111901140,9,21,-12
111901141,2,55,-53
111901142,1,36,-35
111901143,0,43,-43
111901144,42,46,-4
111901145,39,339,-300
111901146,44,6,38
112000001,4127,980,3147
112000002,1160,2190,-1030
112000003,7003,1190,5813
112000004,1983,418,1565
112000005,5776,5546,230
112000006,803,493,310
112000007,7030,4396,2634
112000008,5120,4843,277
112000009,3059,951,2108
112000010,6195,5586,609
112000011,1635,909,726
112000012,4189,4830,-641
112000013,1324,1803,-479
112000014,805,3921,-3116
112000015,1182,3059,-1877
112000016,2621,3840,-1219
112000017,404,4611,-4207
112000024,410,148,262
112000026,2094,916,1178
112000027,766,526,240
112000028,566,763,-197
112000029,1098,793,305
112000030,144,23,121
112000031,1246,4186,-2940
112000032,118,7,111
112000033,2026,4743,-2717
112000034,88,26,62
112000035,60,823,-763
112000036,142,1143,-1001
112000037,728,2325,-1597
112000038,1009,1420,-411
112000039,199,32,167
112000040,32,176,-144
112000041,412,326,86
112000042,452,87,365
112000050,1452,642,810
112000051,1423,3473,-2050
112000054,1355,1075,280
112000057,572,129,443
112000058,315,240,75
112000059,696,521,175
112000061,2306,510,1796
112000062,505,1101,-596
112000063,201,4168,-3967
112000064,2422,1814,608
112000065,804,894,-90
112000066,3554,1187,2367
112000067,419,411,8
112000068,3627,1857,1770
112000069,516,1666,-1150
112000070,1826,687,1139
112000071,1493,1515,-22
112000072,4200,750,3450
112000073,1183,1804,-621
112000074,1178,1033,145
112000075,1671,1500,171
112000076,3722,2241,1481
112000077,1688,533,1155
112000078,3160,661,2499
112000079,3131,1166,1965
112000080,1284,540,744
112000081,921,1092,-171
112000082,1836,401,1435
112000083,1396,623,773
112000084,1725,338,1387
112000085,2221,384,1837
112000086,3635,487,3148
112000087,1465,155,1310
112000088,1612,189,1423
112000089,422,259,163
112000090,313,275,38
112000091,717,261,456
112000092,3861,475,3386
112000093,2020,324,1696
112000094,901,376,525
112000095,1213,210,1003
112000096,1354,327,1027
112000097,4604,482,4122
112000098,434,392,42
112000099,1281,2601,-1320
112000100,4412,550,3862
112000101,894,401,493
112000102,3530,229,3301
112000103,596,311,285
112000105,544,295,249
112000106,4642,169,4473
112000107,154,92,62
112000108,1559,531,1028
112000109,159,59,100
112000110,3572,594,2978
112000111,545,1173,-628
112000112,3270,192,3078
112000113,1327,1492,-165
112000114,4452,561,3891
112000115,508,179,329
112000116,1157,460,697
112000117,1752,428,1324
112000118,618,538,80
112000119,605,311,294
112000120,66,113,-47
112000121,560,163,397
112000122,1078,40,1038
112000123,1593,45,1548
112000124,858,63,795
112000125,540,365,175
112000126,1790,131,1659
112000127,2344,2081,263
112000128,944,576,368
112000129,280,34,246
112000130,686,101,585
112000131,57,82,-25
112000132,293,90,203
112000133,1042,74,968
112000134,1092,170,922
112000135,2057,1435,622
112000136,1088,3955,-2867
112000137,2522,2685,-163
112000138,1554,839,715
112000139,680,698,-18
112000140,162,450,-288
112000141,1968,319,1649
112000142,247,266,-19
112000143,2466,219,2247
112000144,453,553,-100
112000145,4681,383,4298
112000146,1149,559,590
112000147,3016,1429,1587
112000148,1033,582,451
112000149,1242,406,836
112000150,727,194,533
112000151,830,144,686
112000152,1400,169,1231
112000153,845,146,699
112000154,297,682,-385
112000155,202,97,105
112000157,371,942,-571
112000158,479,139,340
112000159,2554,260,2294
112000167,554,343,211
112000169,163,1159,-996
112000173,2548,170,2378
112000175,1216,224,992
112000176,647,1223,-576
112000177,2055,474,1581
112000178,87,129,-42
112000179,702,161,541
112000180,654,87,567
112000181,1168,472,696
112000182,3859,291,3568
112000183,79,15,64
112000184,1017,197,820
112000185,2048,165,1883
112000187,5469,4134,1335
112000195,455,4,451
112000196,207,0,207
112000197,92,87,5
112000198,29,119,-90
112000199,464,433,31
112000202,2038,3,2035
112000216,32,122,-90
112000230,357,5,352
112000231,0,68,-68
112000256,119,456,-337
112000313,162,23,139
112000314,89,80,9
112000337,319,664,-345
112000352,205,279,-74
112000392,1838,497,1341
112000398,3267,472,2795
112000399,1167,6118,-4951
112000400,1346,810,536
112000401,1087,882,205
112000402,4980,5036,-56
112000403,1542,9560,-8018
112000404,2393,1281,1112
112000405,4657,2645,2012
112000406,2739,1109,1630
112000407,13491,7976,5515
112000408,4814,1423,3391
112000409,1730,1004,726
112000410,269,350,-81
112000411,1435,2054,-619
112000412,313,247,66
112000413,3654,10600,-6946
112000414,259,24,235
112000415,260,27,233
112000416,6389,667,5722
112000417,393,66,327
112000421,170,20,150
112000422,433,112,321
112000424,896,4881,-3985
112000425,617,197,420
112000426,631,508,123
112000427,10,16,-6
112000428,647,371,276
112000429,1971,1581,390
112000430,2557,3333,-776
112000431,333,184,149
112000432,1031,460,571
112000433,167,319,-152
112000437,81,67,14
112900001,146,0,146
112900002,1269,243,1026
112900003,66,56,10
112900004,116,169,-53
112900005,667,55,612
112900006,126,99,27
112900007,83,24,59
112900008,0,136,-136
112900009,687,312,375
112900010,494,177,317
112900011,61,140,-79
112900012,0,10,-10
112900013,0,387,-387
112900014,7,50,-43
112900015,31,192,-161
112900016,3,204,-201
112900017,81,172,-91
112900018,1,172,-171
112900019,26,126,-100
112900020,257,295,-38
112900021,2,97,-95
112900022,46,33,13
112900023,2,62,-60
112900024,4,40,-36
112900025,255,106,149
112900026,0,43,-43
112900027,3,174,-171
112900028,100,42,58
112900029,18,100,-82
112900030,259,82,177
112900031,13,288,-275
112900032,261,70,191
112900034,1,38,-37
112900035,0,79,-79
112900036,18,71,-53
112900037,133,209,-76
112900038,1476,39,1437
112900039,8,143,-135
112900040,2,221,-219
112900041,401,1037,-636
112900042,221,129,92
112900043,14,31,-17
112900044,128,139,-11
112900045,194,119,75
112900046,24,46,-22
112900047,0,9,-9
112900049,760,33,727
112900050,10,251,-241
112900051,150,173,-23
112900052,8,246,-238
112900053,82,214,-132
112900054,79,73,6
112900055,77,16,61
112900056,263,158,105
112900057,113,220,-107
112900058,412,467,-55
112900059,148,123,25
112900060,38,40,-2
112900061,52,72,-20
112900062,60,32,28
112900063,13,37,-24
112900064,28,27,1
112900065,20,13,7
112900066,376,539,-163
112900067,239,28,211
112900068,39,155,-116
112900069,791,1761,-970
112900071,41,18,23
112900072,47,8383,-8336
112900073,506,389,117
112900074,208,600,-392
112900075,532,2513,-1981
112900076,37,21,16
112900078,323,907,-584
112900079,300,124,176
112900080,427,14,413
112900081,42,704,-662
112900082,664,30,634
112900083,345,353,-8
112900084,491,419,72
112900085,0,10,-10
112900086,329,1,328
112900087,2858,232,2626
112900088,513,11,502
112900089,1376,28,1348
112900090,227,160,67
112900091,613,14,599
112900092,45,1003,-958
112900093,1734,25,1709
112900094,371,7,364
112900095,370,0,370
112900096,1051,226,825
112900097,125,137,-12
112900098,230,1,229
112900099,2292,23,2269
112900100,261,5,256
112900101,702,8,694
112900102,103,83,20
112900103,495,11,484
112900104,92,0,92
112900105,98,0,98
112900106,811,163,648
112900107,27,2,25
112900108,3,4,-1
112900109,353,3,350
112900110,2783,38,2745
112900111,1403,5,1398
112900112,620,2,618
112900113,1,11,-10
112900114,881,14,867
112900115,4326,6,4320
112900116,167,6,161
112900117,96,13,83
112900118,1,35,-34
112900119,863,4,859
112900120,310,202,108
112900121,57,44,13
112900122,17,50,-33
112900123,778,30,748
112900124,8,33,-25
112900125,28,252,-224
112900126,22,63,-41
112900127,1102,34,1068
112900128,77,215,-138
112900129,1,259,-258
112900130,336,61,275
112900131,3,131,-128
112900132,44,464,-420
112900133,25,1351,-1326
112900134,0,202,-202
112900135,165,60,105
112900136,1,24,-23
112900137,1,211,-210
112900138,1,61,-60
112900139,29,471,-442
112900140,0,65,-65
112900141,1145,24,1121
112900142,27,466,-439
112900143,2,201,-199
112900144,0,111,-111
112900145,2,140,-138
112900146,7,154,-147
112900147,1,233,-232
112900148,30,2,28
112900149,275,179,96
112900151,4,23,-19
112900152,2286,258,2028
112900153,550,5920,-5370
112900154,0,25,-25
112900155,191,17,174
112900156,1462,267,1195
112900157,1068,11,1057
112900158,175,1,174
112900159,273,342,-69
112900160,24,95,-71
112900161,315,36,279
112900162,8,22,-14
112900163,9,80,-71
112900164,19,160,-141
112900165,25,21,4
112900166,30,92,-62
112900167,6,1055,-1049
112900168,5,3,2
112900169,7,9,-2
112900170,228,26,202
112900172,15,28,-13
112900173,184,74,110
112900174,591,27,564
112900175,181,280,-99
112900176,44,118,-74
112900177,318,61,257
112900178,481,4984,-4503
112900179,8,311,-303
112900180,3103,694,2409
112900181,1741,9,1732
112900182,76,303,-227
112900183,27,174,-147
112900184,143,251,-108
112900185,58,291,-233
112900186,702,723,-21
112900187,39,236,-197
112900188,510,1710,-1200
112900189,31,0,31
112900190,27,0,27
112900192,559,470,89
112900193,1096,258,838
112900194,118,2,116
112900195,1003,58,945
112900196,291,146,145
112900197,67,268,-201
112900199,1218,141,1077
112900200,885,53,832
112900201,248,172,76
112900202,1279,358,921
112900203,542,72,470
112900204,594,146,448
112900205,21,0,21
112900206,42,7,35
112900207,19,0,19
112900208,70,650,-580
112900209,78,140,-62
112900210,1,18,-17
112900211,106,4,102
112900212,1,4,-3
112900213,69,1,68
112900214,12,14,-2
112900215,7,15,-8
112900216,40,18,22
112900217,0,21,-21
112900218,106,6,100
112900219,230,0,230
112900220,2,0,2
112900221,68,85,-17
112900222,0,626,-626
112900223,1277,52,1225
112900224,1954,150,1804
112900225,1030,125,905
112900226,99,205,-106
112900227,2148,1601,547
112900228,106,26,80
112900229,680,7,673
112900230,6618,3040,3578
112900232,530,426,104
112900233,121,27,94
112900234,123,0,123
112900235,4,3,1
112900236,1674,21,1653
112900237,978,113,865
112900238,18,0,18
112900239,344,988,-644
113000001,6647,4391,2256
113000002,7465,3487,3978
113000003,2225,1439,786
113000004,3195,1555,1640
113000005,2800,1220,1580
113000006,2335,1301,1034
113000007,3275,1071,2204
113000008,2996,1225,1771
113000009,1941,598,1343
113000010,2543,757,1786
113000011,1091,1043,48
113000012,1620,972,648
113000013,569,500,69
113000014,809,1060,-251
113000015,132,184,-52
113000016,309,515,-206
113000017,156,370,-214
113000018,798,25,773
113000019,365,373,-8
113000020,302,35,267
113000021,3191,823,2368
113000022,1477,2335,-858
113000025,50,182,-132
113000026,1110,591,519
113000027,1041,805,236
113000028,830,1269,-439
113000029,710,450,260
113000030,74,580,-506
113000031,190,230,-40
113000032,180,110,70
113000033,208,119,89
113000034,144,75,69
113000035,40,7,33
113000036,15,45,-30
113000037,46,23,23
113000038,15,48,-33
113000039,15,197,-182
113000040,80,29,51
113000042,1137,637,500
113000051,2219,3187,-968
113000052,2801,401,2400
113000053,1038,227,811
113000054,1272,920,352
113000055,3304,299,3005
113000056,3304,710,2594
113000058,478,785,-307
113000059,937,286,651
113000060,437,565,-128
113000061,1014,998,16
113000062,387,340,47
113000063,705,35,670
113000064,173,167,6
113000065,258,253,5
113000066,1774,99,1675
113000067,5524,344,5180
113000068,610,336,274
113000069,898,273,625
113000070,4600,393,4207
113000071,867,363,504
113000072,2182,268,1914
113000073,590,823,-233
113000074,1148,415,733
113000075,2278,609,1669
113000076,521,1593,-1072
113000077,480,515,-35
113000078,340,1468,-1128
113000079,289,506,-217
113000080,444,612,-168
113000081,1429,1672,-243
113000082,1028,426,602
113000083,845,883,-38
113000084,1024,989,35
113000085,1400,731,669
113000086,735,1900,-1165
113000087,1627,1844,-217
113000088,1575,1396,179
113000089,850,1312,-462
113000090,68,929,-861
113000091,117,258,-141
113000094,2272,199,2073
113000095,229,425,-196
113000096,71,515,-444
113000097,1313,418,895
113000098,77,83,-6
113000099,1300,609,691
113000100,178,364,-186
113000101,155,429,-274
113000102,936,498,438
113000103,3517,377,3140
113000104,985,2897,-1912
113000105,1536,467,1069
113000106,782,145,637
113000107,1821,963,858
113000108,1204,497,707
113000109,490,958,-468
113000110,7224,746,6478
113000111,299,437,-138
113000112,1037,312,725
113000113,2520,379,2141
113000114,110,760,-650
113000116,463,206,257
113000117,492,102,390
113000118,26,916,-890
113000119,439,275,164
113000120,90,312,-222
113000121,492,668,-176
113000124,406,97,309
113000125,41,1625,-1584
113000127,796,104,692
113000128,1539,175,1364
113000129,298,1120,-822
113000133,1963,408,1555
113000134,9,2333,-2324
113000135,5004,4640,364
113000137,757,3375,-2618
113000139,268,106,162
113000140,78,54,24
113000141,129,41,88
113000142,211,206,5
113000143,486,99,387
113000144,273,184,89
113000145,207,72,135
113000146,139,18,121
113000147,277,34,243
113000148,452,63,389
113000149,268,229,39
113000150,559,236,323
113000151,25,11,14
113000152,61,257,-196
113000153,956,195,761
113000154,418,2347,-1929
113000155,408,981,-573
113000156,216,130,86
113000157,276,159,117
113000158,812,66,746
113000159,1522,95,1427
113000160,460,251,209
113000161,418,134,284
113000162,1236,94,1142
113000163,114,22,92
113000164,15,127,-112
113000166,528,41,487
113000167,117,31,86
113000168,214,75,139
113000169,287,10,277
113000170,96,38,58
113000171,27,76,-49
113000172,492,18,474
113000173,79,21,58
113000174,237,103,134
113000175,961,34,927
113000176,998,67,931
113000177,285,50,235
113000178,263,68,195
113000179,465,43,422
113000180,1244,1714,-470
113000181,2286,984,1302
113000182,63,611,-548
113000183,167,727,-560
113000184,14,54,-40
113000189,354,255,99
113000190,222,145,77
113000192,515,2877,-2362
113000193,1509,2235,-726
113000194,1103,3882,-2779
113000195,1738,2180,-442
113000196,938,114,824
113000197,1901,3908,-2007
113000198,133,469,-336
113000199,2633,425,2208
113000201,1205,397,808
113000202,8985,2603,6382
113000203,177,558,-381
113000204,478,3279,-2801
113000205,21,7,14
113000206,3,39,-36
113000207,130,6,124
113000208,64,45,19
113000209,12,7,5
113000210,29,38,-9
113000211,70,120,-50
113000212,30,12,18
113000213,28,95,-67
113000214,333,314,19
113000234,257,266,-9
113000410,17,174,-157
113000411,1187,1219,-32
113000412,5640,939,4701
113000413,1017,1301,-284
113000414,3647,14171,-10524
113000415,2006,995,1011
113000416,1680,1785,-105
113000417,724,1186,-462
113000418,4730,3326,1404
113000419,1547,1407,140
113000420,2718,5723,-3005
113000421,4880,6631,-1751
113000422,7368,9571,-2203
113000423,1095,3218,-2123
113000424,1288,8835,-7547
113000425,8,113,-105
113000428,101,18,83
113000430,4,188,-184
113000432,4588,276,4312
113000433,25,475,-450
113000434,29,88,-59
113000435,16,89,-73
113000436,12,459,-447
113000437,2716,32,2684
113000438,959,11,948
113000439,32,18,14
113000440,307,29,278
113000441,404,245,159
113000442,370,24,346
113000443,831,131,700
113000444,1040,49,991
113000445,183,117,66
113000446,65,191,-126
113000448,341,583,-242
113000449,190,1451,-1261
113000450,856,5282,-4426
113000451,3154,752,2402
113000452,59,859,-800
113000453,13,644,-631
113000454,163,187,-24
113000455,3,794,-791
113000456,789,1724,-935
113000468,700,128,572
113000469,102,338,-236
113000470,411,19,392
113000471,9,444,-435
113000472,44,214,-170
113000474,1971,827,1144
113000475,1491,732,759
113000476,3823,2276,1547
113000477,5915,2149,3766
113000478,2762,2739,23
113000479,170,87,83
113000480,314,274,40
113000485,0,0,0
113000486,0,0,0
113000487,0,0,0
113000488,0,0,0
113000489,0,0,0
113000490,0,0,0
113000491,0,0,0
113000492,0,0,0
113000493,0,0,0
113000495,261,79,182
113000496,158,145,13
113000497,0,0,0
113000499,0,1,-1
113000500,0,0,0
113900001,12,2034,-2022
113900002,16,97,-81
113900003,7,181,-174
113900004,5,333,-328
113900005,7,644,-637
113900006,5,117,-112
113900007,52,157,-105
113900008,15,0,15
113900009,56,1,55
113900010,38,1,37
113900011,384,2,382
113900012,169,1,168
113900013,147,6,141
113900014,1160,2,1158
113900015,0,11,-11
113900016,28,0,28
113900017,1,12,-11
113900018,63,213,-150
113900019,443,10,433
113900020,611,0,611
113900022,138,0,138
113900023,97,0,97
113900024,7,7,0
113900025,330,46,284
113900026,209,1,208
113900027,29,22,7
113900028,10,241,-231
113900029,162,29,133
113900030,903,2,901
113900031,83,10,73
113900032,50,1,49
113900033,34,32,2
113900035,116,0,116
113900036,78,59,19
113900037,141,954,-813
113900038,26,190,-164
113900039,601,22,579
113900040,6,28,-22
113900041,69,0,69
113900042,58,10,48
113900043,166,25,141
113900044,92,221,-129
113900045,91,1,90
113900046,133,394,-261
113900047,297,10,287
113900048,178,171,7
113900049,98,644,-546
113900050,348,216,132
113900051,392,45,347
113900052,77,123,-46
113900053,386,1153,-767
113900054,13,1,12
113900055,102,337,-235
113900056,149,9,140
113900057,10,18,-8
113900058,128,13,115
113900059,371,109,262
113900060,102,1349,-1247
113900061,505,71,434
113900062,152,60,92
113900063,304,25,279
113900064,15,59,-44
113900065,830,17,813
113900066,1284,73,1211
113900067,778,177,601
113900068,340,1403,-1063
113900069,61,52,9
113900070,65,126,-61
113900071,237,14,223
113900072,47,25,22
113900073,856,265,591
113900074,681,617,64
113900075,449,2985,-2536
113900076,128,7,121
113900077,61,57,4
113900078,78,9,69
113900079,0,14,-14
113900080,603,151,452
113900081,182,36,146
113900082,331,268,63
113900083,1155,141,1014
113900084,198,66,132
113900085,23,119,-96
113900086,169,39,130
113900087,197,206,-9
113900088,109,127,-18
113900089,700,17,683
113900090,353,193,160
113900091,11,19,-8
113900092,28,89,-61
113900093,25,2214,-2189
113900094,1302,190,1112
113900095,230,64,166
113900096,502,230,272
113900097,36,82,-46
113900098,1279,237,1042
113900099,0,8,-8
113900100,0,1,-1
113900101,2,69,-67
113900102,64,100,-36
113900103,229,464,-235
113900104,105,78,27
113900105,584,22,562
113900106,0,9,-9
113900107,0,0,0
113900108,106,204,-98
113900109,249,372,-123
113900110,29,27,2
113900111,334,48,286
113900112,279,10,269
113900113,1364,423,941
113900114,5,13,-8
113900115,0,5,-5
113900116,7,228,-221
113900117,14,11,3
113900118,108,1646,-1538
113900119,36,250,-214
113900120,180,43,137
113900121,255,48,207
113900122,122,6269,-6147
113900123,592,74,518
113900124,0,72,-72
113900125,573,105,468
113900126,66,61,5
113900127,249,751,-502
113900128,430,45,385
113900129,1,67,-66
113900130,0,25,-25
113900131,318,20,298
113900132,23,74,-51
113900133,27,27,0
113900135,395,209,186
113900136,62,22,40
113900137,385,160,225
113900138,12,250,-238
113900139,354,388,-34
113900140,32,153,-121
113900141,1079,154,925
113900142,153,41,112
113900143,5,90,-85
113900144,49,73,-24
113900145,422,59,363
113900146,399,120,279
113900148,21,90,-69
113900149,158,168,-10
113900150,431,130,301
113900151,689,132,557
113900152,52,42,10
113900153,106,114,-8
113900154,0,78,-78
113900155,106,201,-95
113900156,178,203,-25
113900157,74,374,-300
113900158,119,143,-24
113900159,2,277,-275
113900160,334,579,-245
113900161,172,249,-77
113900162,100,177,-77
113900163,402,75,327
113900164,595,45,550
113900165,395,305,90
113900166,17,64,-47
113900167,588,32,556
113900168,54,32,22
113900169,165,162,3
113900171,434,67,367
113900172,32,60,-28
113900173,5,160,-155
113900174,266,295,-29
113900175,356,199,157
113900176,238,167,71
113900177,187,76,111
113900178,291,296,-5
113900179,9,129,-120
113900180,144,23,121
113900181,1526,204,1322
113900182,769,230,539
113900183,97,10,87
113900184,34,194,-160
113900185,52,20,32
113900186,5,9,-4
113900187,15,57,-42
113900188,18,40,-22
113900189,295,161,134
113900190,120,21,99
113900191,20,36,-16
113900192,3,1106,-1103
113900193,1,65,-64
113900194,634,322,312
113900195,201,145,56
113900196,0,32,-32
113900197,0,45,-45
113900198,6,167,-161
113900199,42,134,-92
113900200,2,59,-57
113900201,0,49,-49
113900202,15,29,-14
113900203,2,52,-50
113900204,8,143,-135
113900205,2,21,-19
113900206,0,61,-61
113900207,0,54,-54
113900208,0,15,-15
113900209,0,5,-5
113900210,429,927,-498
113900211,229,16,213
113900212,510,179,331
113900214,125,203,-78
113900215,164,45,119
113900216,227,223,4
113900217,202,99,103
113900218,115,64,51
113900219,93,156,-63
113900220,266,249,17
113900221,327,961,-634
113900222,26,808,-782
113900223,626,158,468
113900224,23,44,-21
113900225,1290,87,1203
113900226,282,120,162
113900227,250,341,-91
113900228,236,563,-327
113900229,17,1428,-1411
113900230,1792,3667,-1875
113900231,208,81,127
113900232,116,11,105
113900233,171,17,154
113900234,442,455,-13
113900235,218,31,187
113900236,700,99,601
113900237,372,26,346
113900238,61,335,-274
113900239,57,83,-26
113900240,14,140,-126
113900241,34,38,-4
113900242,34,74,-40
113900243,18,103,-85
113900244,100,78,22
113900245,298,191,107
113900246,16,33,-17
113900247,25,724,-699
113900248,1557,2315,-758
113900249,210,832,-622
113900250,64,571,-507
113900251,1730,68,1662
113900252,1073,21,1052
113900253,934,39,895
113900254,504,137,367
113900255,1564,5,1559
113900256,846,13,833
113900257,11,228,-217
113900258,31,144,-113
113900259,1116,92,1024
113900260,348,3,345
113900261,93,27,66
113900262,276,146,130
113900263,6,97,-91
113900264,3,103,-100
113900265,101,1794,-1693
113900266,12,65,-53
113900267,114,361,-247
113900268,109,1576,-1467
113900269,63,188,-125
113900270,192,330,-138
113900271,679,215,464
113900273,16,17,-1
113900274,69,74,-5
113900275,9,19,-10
113900276,3,42,-39
113900277,472,2,470
113900278,171,89,82
113900279,47,10,37
113900280,602,562,40
113900281,109,1094,-985
113900282,150,226,-76
113900283,418,411,7
113900284,1923,115,1808
113900285,124,17,107
113900286,235,46,189
113900287,253,33,220
113900288,2,82,-80
113900289,257,159,98
113900290,451,1107,-656
113900291,98,58,40
113900292,6,18,-12
113900293,13,98,-85
113900294,1295,7,1288
113900295,454,93,361
113900296,701,215,486
113900297,2755,45,2710
113900298,36,1301,-1265
113900299,224,11,213
113900300,4360,5694,-1334
113900301,193,1253,-1060
113900302,1892,1277,615
113900303,134,1647,-1513
113900304,1,111,-110
113900305,340,0,340
113900306,255,0,255
113900307,11,0,11
113900308,29,38,-9
113900309,0,204,-204
113900310,0,3,-3
113900311,37,0,37
113900312,42,144,-102
113900313,1,0,1
114000001,1126,1012,114
114000002,672,195,477
114000003,313,157,156
114000004,1368,227,1141
114000005,1186,145,1041
114000006,1690,664,1026
114000007,1485,637,848
114000008,2817,1551,1266
114000009,2458,275,2183
114000011,4252,1505,2747
114000012,6488,1667,4821
114000013,3722,1554,2168
114000014,1466,76,1390
114000015,4145,200,3945
114000016,918,90,828
114000017,93,1771,-1678
114000018,153,8,145
114000026,5881,877,5004
114000027,8325,2888,5437
114000028,2262,3553,-1291
114000038,748,138,610
114000039,134,12,122
114000040,284,728,-444
114000042,208,133,75
114000043,39,49,-10
114000044,860,15,845
114000045,59,32,27
114000046,1876,3651,-1775
114000047,7,98,-91
114000048,262,16,246
114000049,3547,1179,2368
114000050,2621,877,1744
114000051,4299,1807,2492
114000052,4324,4404,-80
114000053,38,851,-813
114000054,317,890,-573
114000055,640,133,507
114000056,103,551,-448
114000057,3268,1279,1989
114000058,80,1034,-954
114000059,39,2276,-2237
114000060,922,629,293
114000061,2707,2627,80
114000062,489,960,-471
114000063,1303,1279,24
114000064,1668,4979,-3311
114000065,1321,1279,42
114000066,1224,739,485
114000067,41,2387,-2346
114000068,539,1219,-680
114000069,1929,355,1574
114000070,2395,991,1404
114000071,1664,265,1399
114000072,2163,392,1771
114000073,52,7,45
114000074,199,3,196
114000075,141,60,81
114000076,67,52,15
114000077,11,7,4
114000078,977,595,382
114000079,570,198,372
114000080,222,99,123
114000081,160,90,70
114000082,225,150,75
114000083,126,26,100
114000084,424,163,261
114000085,168,167,1
114000086,463,436,27
114000087,664,60,604
114000088,116,25,91
114000089,624,325,299
114000090,1196,909,287
114000091,1039,847,192
114000092,803,455,348
114000093,2345,491,1854
114000094,945,342,603
114000095,476,377,99
114000096,114,122,-8
114000097,164,183,-19
114000098,1604,124,1480
114000099,2247,107,2140
114000100,3458,338,3120
114000101,936,255,681
114000102,1849,206,1643
114000103,249,116,133
114000104,22,304,-282
114000105,588,191,397
114000106,852,4692,-3840
114000107,987,217,770
114000108,681,420,261
114000109,1143,3551,-2408
114000110,1390,399,991
114000111,4399,2074,2325
114000112,755,505,250
114000113,2053,282,1771
114000114,413,363,50
114000115,2683,549,2134
114000116,1577,1746,-169
114000117,7971,604,7367
114000118,7147,325,6822
114000119,5873,412,5461
114000120,1294,546,748
114000121,626,324,302
114000122,521,263,258
114000123,5081,281,4800
114000124,3368,268,3100
114000125,1358,1161,197
114000126,3206,472,2734
114000127,317,126,191
114000128,1758,176,1582
114000130,912,438,474
114000131,762,98,664
114000132,1594,172,1422
114000133,1010,717,293
114000134,190,17,173
114000138,76,50,26
114000139,706,472,234
114000144,926,792,134
114000145,150,26,124
114000146,290,25,265
114000147,1183,3187,-2004
114000148,745,2529,-1784
114000149,394,276,118
114000150,362,555,-193
114000151,378,2983,-2605
114000152,91,67,24
114000153,684,1747,-1063
114000154,1105,390,715
114000155,942,5426,-4484
114000156,851,795,56
114000157,636,2119,-1483
114000158,610,402,208
114000159,338,167,171
114000160,172,225,-53
114000161,1033,1322,-289
114000162,1336,2381,-1045
114000163,56,22,34
114000165,520,393,127
114000166,478,269,209
114000167,2479,2966,-487
114000168,452,148,304
114000169,1122,1141,-19
114000170,990,830,160
114000171,1656,7375,-5719
114000174,171,758,-587
114000176,170,414,-244
114000177,539,258,281
114000178,274,148,126
114000179,1110,518,592
114000180,168,211,-43
114000181,1358,10567,-9209
114000182,933,2742,-1809
114000183,673,1445,-772
114000184,416,331,85
114000185,2488,860,1628
114000189,3371,159,3212
114000190,5964,549,5415
114000191,203,1074,-871
114000192,107,358,-251
114000193,174,554,-380
114000194,3325,711,2614
114000195,650,762,-112
114000196,4,95,-91
114000197,4020,34,3986
114000198,862,237,625
114000199,1172,1458,-286
114000200,976,703,273
114000201,316,720,-404
114000202,1278,511,767
114000203,950,375,575
114000204,286,307,-21
114000205,704,3774,-3070
114000206,1265,1025,240
114000207,499,658,-159
114000208,828,545,283
114000209,465,856,-391
114000210,283,575,-292
114000211,2969,954,2015
114000212,1578,2204,-626
114000213,3169,399,2770
114000214,311,31,280
114000215,292,108,184
114000216,3418,494,2924
114000217,779,175,604
114000218,970,330,640
114000219,3135,134,3001
114000220,41,417,-376
114000221,2364,245,2119
114000222,223,362,-139
114000223,1330,164,1166
114000224,34,385,-351
114000225,836,233,603
114000226,382,156,226
114000227,1390,688,702
114000228,1647,329,1318
114000229,2733,788,1945
114000230,2368,540,1828
114000231,1158,1443,-285
114000232,2028,163,1865
114000233,4227,79,4148
114000234,1902,518,1384
114000235,3143,902,2241
114000236,0,132,-132
114000237,122,325,-203
114000238,217,478,-261
114000239,258,695,-437
114000240,1294,4118,-2824
114000241,418,706,-288
114000242,813,941,-128
114000243,3747,1205,2542
114000244,657,380,277
114000245,650,1995,-1345
114000246,194,299,-105
114000247,745,502,243
114000248,2951,561,2390
114000249,1088,293,795
114000250,1464,156,1308
114000251,551,174,377
114000252,93,25,68
114000253,199,101,98
114000254,50,14,36
114000255,545,312,233
114000256,554,820,-266
114000257,1169,1034,135
114000258,1277,211,1066
114000259,325,414,-89
114000260,0,37,-37
114000261,59,33,26
114000262,695,451,244
114000263,13,1,12
114000264,3554,289,3265
114000265,1,6,-5
114000267,4,4440,-4436
114000268,9,545,-536
114000270,637,9,628
114000271,302,71,231
114000283,3399,354,3045
114000285,32,90,-58
114000288,306,268,38
114000289,3399,138,3261
114000293,564,487,77
114000294,307,673,-366
114000395,4266,88,4178
114000396,866,453,413
114000402,1975,116,1859
114000403,892,119,773
114000405,613,199,414
114000423,1314,94,1220
114000424,1075,176,899
114000425,2640,85,2555
114000426,555,1179,-624
114000427,102,54,48
114000428,71,162,-91
114000429,28,118,-90
114000432,232,21,211
114000434,45,22,23
114000435,4,23,-19
114000436,1526,224,1302
114000437,1935,18342,-16407
114900001,1211,200,1011
114900002,440,627,-187
114900003,1226,237,989
114900004,320,925,-605
114900005,677,141,536
114900006,126,216,-90
114900007,274,8,266
114900008,699,141,558
114900010,894,2488,-1594
114900011,759,83,676
114900013,752,74,678
114900015,49,1221,-1172
114900018,1338,33,1305
114900020,117,69,48
114900022,5,802,-797
114900024,162,136,26
114900025,975,65,910
114900026,152,181,-29
114900027,187,101,86
114900029,31,2,29
114900030,507,150,357
114900031,1260,8,1252
114900032,1281,3,1278
114900033,426,3066,-2640
114900034,47,36,11
114900035,112,173,-61
114900036,332,204,128
114900037,224,40,184
114900038,528,216,312
114900039,1471,114,1357
114900040,221,27,194
114900041,2714,147,2567
114900042,2829,216,2613
114900043,472,91,381
114900044,336,84,252
114900046,31,29,2
114900047,290,6894,-6604
114900048,51,87,-36
114900049,4,54,-50
114900050,52,61,-9
114900051,33,224,-191
114900052,28,1109,-1081
114900053,49,433,-384
114900054,58,16,42
114900057,309,27,282
114900058,0,17,-17
114900059,292,64,228
114900060,184,556,-372
114900061,102,20,82
114900062,178,160,18
114900063,244,28,216
114900064,3772,141,3631
114900065,395,1080,-685
114900067,62,189,-127
114900068,31,55,-24
114900069,328,20,308
114900070,1006,97,909
114900072,0,109,-109
114900073,0,24,-24
114900074,2215,125,2090
114900075,479,7,472
114900076,2,120,-118
114900080,471,59,412
114900082,1434,3429,-1995
114900083,172,658,-486
114900090,1135,128,1007
114900091,148,90,58
114900095,152,35,117
114900096,62,280,-218
114900097,630,3,627
114900098,2,97,-95
114900099,441,13,428
115000001,4800,1721,3079
115000002,5379,8939,-3560
115000003,4741,1388,3353
115000004,6939,7280,-341
115000005,1904,2225,-321
115000006,2118,1105,1013
115000007,230,195,35
115000008,550,685,-135
115000009,449,326,123
115000010,278,331,-53
115000013,29,207,-178
115000015,43,374,-331
115000016,133,157,-24
115000019,41,839,-798
115000020,233,1685,-1452
115000021,79,418,-339
115000022,210,111,99
115000023,454,869,-415
115000024,506,145,361
115000025,1266,640,626
115000026,256,118,138
115000027,596,241,355
115000028,424,203,221
115000029,1781,73,1708
115000030,780,361,419
115000031,865,197,668
115000032,13,325,-312
115000033,295,7,288
115000034,53,1789,-1736
115000035,1110,244,866
115000036,0,252,-252
115000037,1187,150,1037
115000038,97,155,-58
115000039,2195,6415,-4220
115000040,3872,3160,712
115000041,1496,7248,-5752
115000042,592,765,-173
115000043,3684,3324,360
115000044,3144,3094,50
115000045,3966,596,3370
115000046,4520,2247,2273
115000047,4229,1242,2987
115000048,4110,1827,2283
115000049,2097,3269,-1172
115000050,4179,894,3285
115000051,2110,6823,-4713
115000052,1298,921,377
115000053,3690,3523,167
115000054,946,795,151
115000055,280,1293,-1013
115000056,142,354,-212
115000057,663,1438,-775
115000058,61,774,-713
115000059,97,427,-330
115000061,122,307,-185
115000062,412,567,-155
115000063,938,231,707
115000064,496,133,363
115000065,214,687,-473
115000067,387,26,361
115000069,115,335,-220
115000070,26,1486,-1460
115000071,135,17,118
115000072,14,31,-17
115000073,2532,124,2408
115000075,144,89,55
115000076,2587,1290,1297
115000077,3442,1018,2424
115000078,3443,606,2837
115000079,2984,1149,1835
115000080,6704,982,5722
115000081,205,351,-146
115000082,8748,5797,2951
115000083,3918,627,3291
115000084,5144,500,4644
115000085,2592,452,2140
115000086,2008,440,1568
115000087,693,2077,-1384
115000088,1787,438,1349
115000089,1631,935,696
115000090,645,963,-318
115000091,516,231,285
115000092,1432,1637,-205
115000093,1766,5,1761
115000094,5510,14266,-8756
115000095,3233,11840,-8607
115000096,1696,516,1180
115000097,3689,2635,1054
115000098,3289,329,2960
115000099,4431,913,3518
115000100,3256,436,2820
115000101,973,480,493
115000102,1027,161,866
115000103,458,344,114
115000105,176,40,136
115000106,1530,778,752
115000107,216,138,78
115000108,1712,1233,479
115000109,3340,8345,-5005
115000110,1188,3219,-2031
115000111,327,474,-147
115000112,614,523,91
115000113,473,446,27
115000114,747,291,456
115000116,2414,2055,359
115000117,1578,2681,-1103
115000118,2311,2534,-223
115000119,1757,3638,-1881
115000120,672,858,-186
115000121,386,684,-298
115000122,561,2117,-1556
115000123,878,1188,-310
115000124,1025,1128,-103
115000125,549,811,-262
115000126,108,415,-307
115000127,538,106,432
115000128,602,916,-314
115000129,185,1102,-917
115000130,543,429,114
115000131,1535,302,1233
115000132,1092,904,188
115000133,1646,892,754
115000134,562,593,-31
115000135,257,524,-267
115000136,352,239,113
115000137,49,229,-180
115000138,598,360,238
115000139,265,71,194
115000140,653,124,529
115000141,279,70,209
115000142,242,38,204
115000143,1421,588,833
115000144,778,76,702
115000145,373,97,276
115000146,696,667,29
115000147,434,861,-427
115000148,566,355,211
115000149,1073,239,834
115000150,1027,210,817
115000151,2309,230,2079
115000152,1647,441,1206
115000153,2636,306,2330
115000154,1908,181,1727
115000155,1426,767,659
115000156,1072,603,469
115000157,536,515,21
115000158,388,265,123
115000159,557,441,116
115000160,596,634,-38
115000161,1159,721,438
115000162,439,1784,-1345
115000163,478,386,92
115000164,375,355,20
115000165,217,598,-381
115000167,171,70,101
115000168,637,563,74
115000169,427,739,-312
115000170,52,173,-121
115000171,440,295,145
115000172,762,720,42
115000173,418,1858,-1440
115000174,79,534,-455
115000175,170,225,-55
115000176,67,158,-91
115000177,45,232,-187
115000178,16,178,-162
115000179,27,203,-176
115000180,213,274,-61
115000181,1781,176,1605
115000182,2077,274,1803
115000183,749,402,347
115000186,729,139,590
115000187,304,242,62
115000188,692,465,227
115000189,446,594,-148
115000190,842,1224,-382
115000191,314,1109,-795
115000194,179,66,113
115000195,232,275,-43
115000196,807,393,414
115000197,588,237,351
115000198,1185,221,964
115000199,1303,96,1207
115000200,1010,138,872
115000201,607,378,229
115000206,1017,49,968
115000207,1238,250,988
115000208,376,1015,-639
115000209,1203,908,295
115000210,493,218,275
115000211,352,275,77
115000212,915,309,606
115000224,323,18,305
115000225,143,61,82
115000229,132,58,74
115000230,192,279,-87
115000231,765,473,292
115000232,5359,352,5007
115000233,188,118,70
115000234,39,187,-148
115000241,263,43,220
115000242,534,34,500
115000243,399,53,346
115000244,35,113,-78
115000246,49,45,4
115000247,34,33,1
115000248,49,2,47
115000249,33,34,-1
115000250,423,3,420
115000251,786,88,698
115000252,255,301,-46
115000253,14,763,-749
115000258,701,68,633
115000259,245,30,215
115000261,69,6,63
115000262,39,65,-26
115000263,15,76,-61
115000264,28,19,9
115000267,61,42,19
115000268,38,28,10
115000269,99,26,73
115000270,66,26,40
115000272,133,42,91
115000273,1394,36,1358
115000280,1117,519,598
115000281,211,1042,-831
115000282,722,2745,-2023
115000284,126,294,-168
115000296,420,5,415
115000297,79,430,-351
115000298,65,852,-787
115000300,415,109,306
115000302,1069,198,871
115000303,2002,39,1963
115000304,1928,106,1822
115000305,216,183,33
115000306,603,172,431
115000307,488,354,134
115000308,3,59,-56
115000309,15,300,-285
115000310,4296,219,4077
115000311,2256,633,1623
115000313,221,94,127
115000314,851,423,428
115000315,317,1428,-1111
115000316,138,253,-115
115000317,330,347,-17
115000318,1749,503,1246
115000319,245,84,161
115000320,42,645,-603
115000321,877,24,853
115000322,131,80,51
115000449,182,248,-66
115000557,3,4736,-4733
115000558,109,141,-32
115000587,1487,263,1224
115000588,1949,2523,-574
115000589,6087,2817,3270
115000590,946,2220,-1274
115000591,2091,995,1096
115000592,681,1196,-515
115000593,2288,656,1632
115000594,343,1875,-1532
115000609,244,59,185
115000617,489,4473,-3984
115000624,702,42,660
115000633,528,1680,-1152
115000634,4010,797,3213
115000635,970,94,876
115000638,212,335,-123
115000641,67,646,-579
115000642,695,196,499
115000643,287,214,73
115000644,233,299,-66
115000646,694,1576,-882
115000647,336,490,-154
115000648,5909,488,5421
115000893,1484,734,750
115000894,256,563,-307
115000895,374,719,-345
115000896,1286,369,917
115000897,459,68,391
115000898,533,288,245
115000899,324,1551,-1227
115000900,39,327,-288
115000901,71,268,-197
115000912,726,121,605
115000913,8,9,-1
115000915,18,0,18
115000916,15,13,2
115000917,0,56,-56
115000918,82,1162,-1080
115000919,25,78,-53
115000920,43,88,-45
115000921,405,119,286
115000922,267,649,-382
115000923,44,1192,-1148
115000925,262,247,15
115000927,41,123,-82
115000933,51,302,-251
115000934,97,249,-152
115000935,287,52,235
115000936,44,1477,-1433
115000937,204,170,34
115000938,24,65,-41
115000939,6,42,-36
115900001,469,13,456
115900002,74,51,23
115900003,461,68,393
115900004,0,17,-17
115900005,611,46,565
115900006,315,125,190
115900008,286,2,284
115900009,88,153,-65
115900010,1189,79,1110
115900011,590,77,513
115900012,649,7,642
115900013,724,116,608
115900014,213,26,187
115900015,489,23,466
115900016,187,63,124
115900017,287,56,231
115900018,220,12,208
115900019,135,10,125
115900020,569,2,567
115900021,379,372,7
115900022,554,22,532
115900023,1,6,-5
115900025,29,263,-234
115900026,1023,52,971
115900027,0,144,-144
115900028,154,38,116
115900029,25,96,-71
115900030,72,34,38
115900031,61,325,-264
115900032,483,718,-235
115900033,0,30,-30
115900034,23,89,-66
115900035,140,21,119
115900036,46,5310,-5264
115900037,29,115,-86
115900038,78,9,69
115900039,506,87,419
115900041,147,1732,-1585
115900042,83,6,77
115900043,278,116,162
115900044,169,1239,-1070
115900046,1512,90,1422
115900047,69,257,-188
115900049,329,167,162
115900051,2,20,-18
115900052,63,59,4
115900053,1090,40,1050
115900054,781,19,762
115900055,26,37,-11
115900056,638,52,586
115900057,4,25,-21
115900058,8,31,-23
115900060,99,73,26
115900061,704,1,703
115900062,82,82,0
115900063,30,6,24
115900064,176,232,-56
115900065,377,45,332
115900066,35,45,-10
115900067,48,64,-16
115900068,1371,2900,-1529
115900069,55,151,-96
115900070,559,22,537
115900071,0,104,-104
115900072,25,55,-30
115900073,257,179,78
115900074,4,53,-49
115900075,86,124,-38
115900076,0,36,-36
115900077,1,48,-47
115900078,77,1007,-930
115900079,876,16,860
115900080,108,26,82
115900081,21,10,11
115900082,159,739,-580
115900084,1446,14,1432
115900085,61,87,-26
115900086,870,342,528
115900088,2,203,-201
115900089,1142,199,943
115900090,1729,5,1724
115900091,48,11,37
115900092,95,40,55
115900093,1,17,-16
115900094,6,80,-74
115900096,33,14,19
115900097,20,69,-49
115900098,601,160,441
115900099,198,382,-184
115900100,8,116,-108
115900101,645,121,524
115900102,261,78,183
115900103,596,51,545
115900104,158,92,66
115900105,683,121,562
115900106,374,0,374
115900107,172,48,124
115900108,335,6,329
115900109,14,166,-152
115900110,12,1,11
115900111,1,29,-28
115900112,48,336,-288
115900113,153,20,133
115900114,15,27,-12
115900115,257,60,197
115900116,232,379,-147
115900117,213,6,207
115900118,3,79,-76
115900119,497,78,419
115900120,65,114,-49
115900121,438,46,392
115900124,186,1153,-967
115900125,746,258,488
115900126,1997,84,1913
115900127,1979,92,1887
115900128,0,215,-215
115900129,932,20,912
115900130,4,380,-376
115900131,997,175,822
115900132,1252,9,1243
115900134,798,14,784
115900135,287,605,-318
115900137,29,8,21
115900139,28,148,-120
115900140,862,33,829
115900141,2,71,-69
115900142,1,19,-18
115900143,498,101,397
115900144,531,87,444
115900146,25,43,-18
115900147,262,606,-344
115900148,19,34,-15
115900149,481,5,476
115900150,329,18,311
115900151,163,61,102
115900152,356,81,275
115900153,194,102,92
115900154,138,275,-137
115900155,0,16,-16
115900156,788,617,171
115900157,678,526,152
115900158,21,6,15
115900159,685,109,576
115900160,0,9,-9
115900161,62,61,1
115900163,699,59,640
115900164,1896,10,1886
115900165,17,564,-547
115900166,200,94,106
115900168,759,88,671
115900171,233,139,94
115900172,25,60,-35
115900173,467,140,327
115900174,82,132,-50
115900175,371,91,280
115900178,22,96,-74
115900179,821,5,816
115900180,65,60,5
115900181,565,49,516
115900182,1359,83,1276
115900183,9,305,-296
115900184,459,8,451
115900187,3,244,-241
115900189,0,155,-155
115900190,267,1085,-818
115900191,8,139,-131
115900192,54,180,-126
115900193,138,612,-474
115900194,1682,28,1654
115900195,555,5206,-4651
115900198,749,460,289
115900199,582,48,534
115900200,327,55,272
115900201,392,306,86
115900202,0,546,-546
115900203,0,1,-1
115900204,0,24,-24
115900205,15,10,5
115900206,988,60,928
115900207,139,5,134
115900208,223,41,182
115900209,11,85,-74
115900210,5,599,-594
115900211,0,136,-136
115900212,556,103,453
115900213,108,251,-143
115900214,1664,84,1580
115900215,33,397,-364
115900216,6,17,-11
115900217,2,24,-22
115900218,1,5,-4
115900219,394,8,386
115900220,661,2,659
115900221,309,8,301
115900222,151,68,83
115900223,3,765,-762
115900224,901,3868,-2967
115900225,73,90,-17
115900226,10,23,-13
115900227,46,13,33
115900228,1,32,-31
115900229,5,7,-2
115900230,119,39,80
115900231,283,1,282
115900232,135,4,131
115900233,328,7,321
115900234,101,38,63
115900235,50,57,-7
115900236,12,394,-382
115900237,53,41,12
115900238,27,42,-15
115900239,20,56,-36
115900240,31,29,2
115900241,576,16,560
115900242,396,805,-409
115900243,29,3,26
115900244,35,5,30
115900245,153,4,149
115900246,1,3,-2
115900247,1,0,1
115900248,2,0,2
115900249,28,4,24
115900250,93,0,93
115900251,16,0,16
115900252,17,1,16
115900253,42,8,34
115900254,10,72,-62
115900255,2,44,-42
115900256,27,82,-55
115900257,2,7,-5
115900258,0,4,-4
115900259,47,8,39
115900260,13,3,10
115900261,38,1,37
115900262,1,3,-2
115900263,29,0,29
115900264,127,3,124
115900265,23,1,22
115900266,6,4,2
115900267,2,34,-32
115900268,3,165,-162
115900269,2002,87,1915
115900270,563,72,491
115900271,675,2,673
115900272,163,1,162
115900273,31,47,-16
115900274,0,2,-2
115900275,0,3,-3
115900276,0,3,-3
115900277,0,31,-31
115900278,104,64,40
115900279,13,279,-266
115900280,18,1672,-1654
115900281,132,218,-86
115900282,5,28,-23
116000001,4479,1219,3260
116000002,6639,22647,-16008
116000003,1104,883,221
116000004,6225,8712,-2487
116000005,913,2692,-1779
116000006,3275,7209,-3934
116000007,1704,1682,22
116000008,7541,3197,4344
116000009,966,786,180
116000010,4683,2827,1856
116000011,817,671,146
116000012,2883,1346,1537
116000013,3862,2274,1588
116000014,9619,34054,-24435
116000015,211,3348,-3137
116000016,3843,9495,-5652
116000017,74,850,-776
116000018,535,279,256
116000019,2685,198,2487
116000020,644,896,-252
116000021,2169,186,1983
116000022,885,332,553
116000023,3258,1800,1458
116000024,735,621,114
116000025,1454,841,613
116000026,1712,3455,-1743
116000027,831,1188,-357
116000028,663,1060,-397
116000029,462,369,93
116000030,1057,688,369
116000031,33,88,-55
116000032,342,93,249
116000033,1254,308,946
116000034,604,876,-272
116000035,534,307,227
116000036,188,1686,-1498
116000037,205,623,-418
116000038,114,928,-814
116000039,139,722,-583
116000040,502,930,-428
116000041,140,569,-429
116000042,1403,809,594
116000043,150,393,-243
116000044,0,24,-24
116000045,1186,1483,-297
116000046,930,903,27
116000047,2279,3132,-853
116000048,3493,1423,2070
116000049,2461,2133,328
116000050,1468,1063,405
116000051,3252,2677,575
116000052,3363,2389,974
116000053,3378,782,2596
116000054,1358,2443,-1085
116000055,901,1075,-174
116000056,2300,1148,1152
116000057,2292,891,1401
116000058,4527,2979,1548
116000059,2966,5590,-2624
116000060,2332,1591,741
116000061,440,1621,-1181
116000062,884,264,620
116000063,945,2429,-1484
116000066,958,828,130
116000067,325,299,26
116000068,182,193,-11
116000069,386,186,200
116000078,863,994,-131
116000080,1633,413,1220
116000082,9,10,-1
116000083,2936,313,2623
116000084,1655,1421,234
116000085,2152,3070,-918
116000086,811,296,515
116000087,4733,2129,2604
116000088,2498,880,1618
116000089,185,157,28
116000090,438,143,295
116000091,273,872,-599
116000093,1241,232,1009
116000094,1655,558,1097
116000095,1365,361,1004
116000096,3456,5546,-2090
116000097,1860,449,1411
116000098,87,18078,-17991
116000099,8406,699,7707
116000100,528,30,498
116000101,3270,240,3030
116000102,415,464,-49
116000103,781,489,292
116000104,398,1148,-750
116000105,2942,123,2819
116000106,859,3930,-3071
116000107,4680,870,3810
116000108,45,2930,-2885
116000111,422,45,377
116000113,242,55,187
116000114,50,90,-40
116000115,532,182,350
116000116,443,106,337
116000117,2422,1151,1271
116000118,2496,618,1878
116000119,6812,1347,5465
116000120,2721,1924,797
116000121,1948,354,1594
116000122,896,506,390
116000123,2878,444,2434
116000124,946,332,614
116000125,5386,490,4896
116000126,748,401,347
116000127,1313,457,856
116000128,3819,743,3076
116000129,2924,97,2827
116000130,1678,848,830
116000133,4096,483,3613
116000134,2164,672,1492
116000135,5536,885,4651
116000136,1246,1051,195
116000137,1802,640,1162
116000138,1093,382,711
116000139,2742,3493,-751
116000140,374,547,-173
116000141,1646,424,1222
116000142,3955,1872,2083
116000143,3347,2229,1118
116000144,3330,1862,1468
116000145,5112,907,4205
116000146,1622,143,1479
116000147,380,248,132
116000148,1838,1527,311
116000149,743,445,298
116000151,1092,584,508
116000153,190,456,-266
116000155,323,511,-188
116000156,1638,596,1042
116000157,146,8,138
116000158,880,138,742
116000159,28,8,20
116000160,152,37,115
116000161,10,132,-122
116000162,90,605,-515
116000163,121,24,97
116000164,67,40,27
116000177,172,2308,-2136
116000194,119,362,-243
116000195,3912,671,3241
116000196,292,49,243
116000197,174,84,90
116000198,2536,1213,1323
116000200,789,1386,-597
116000201,869,422,447
116000202,29,443,-414
116000203,1,29,-28
116000204,7,6,1
116000205,0,96,-96
116000206,0,347,-347
116000207,19,342,-323
116000233,148,226,-78
116000287,752,131,621
116000288,795,249,546
116000292,228,153,75
116000296,3,101,-98
116000297,150,4,146
116000304,750,19,731
116000305,5,44,-39
116000346,736,171,565
116000352,255,94,161
116000354,93,63,30
116000357,26,60,-34
116000358,992,327,665
116000361,18,0,18
116000372,3152,11063,-7911
116000381,506,1,505
116000388,8,57,-49
116000389,1235,119,1116
116000445,2757,245,2512
116000446,1459,116,1343
116000447,34,841,-807
116000448,625,52,573
116000563,700,987,-287
116000565,171,235,-64
116000568,81,887,-806
116000579,77,224,-147
116000584,130,5,125
116000585,284,100,184
116000586,45,150,-105
116000587,486,207,279
116000589,102,43,59
116000590,286,27,259
116000591,567,98,469
116000592,4,21,-17
116000593,1,17,-16
116000594,3144,191,2953
116000595,1633,41,1592
116000596,552,7,545
116000597,1404,496,908
116000598,212,182,30
116000602,17,1706,-1689
116000605,334,48,286
116000606,159,814,-655
116000607,0,67,-67
116000609,74,2403,-2329
116000611,465,141,324
116000612,3056,2778,278
116000613,1316,279,1037
116000614,848,119,729
116000615,1,359,-358
116000616,202,43,159
116000617,441,15,426
116000618,3,44,-41
116000619,54,178,-124
116000620,740,205,535
116000621,129,93,36
116000622,231,63,168
116000624,168,570,-402
116000627,187,61,126
116000628,402,178,224
116000629,111,165,-54
116000630,2417,32,2385
116000631,1224,38,1186
116000632,2538,95,2443
116000633,32,223,-191
116000634,2108,18,2090
116000635,1809,2164,-355
116000636,160,984,-824
116000637,606,5,601
116000638,1,207,-206
116900001,271,67,204
116900002,318,5,313
116900003,175,7,168
116900004,59,220,-161
116900005,584,28,556
116900006,90,210,-120
116900007,83,173,-90
116900008,1688,140,1548
116900009,30,28,2
116900010,0,318,-318
116900011,5,15,-10
116900012,198,381,-183
116900013,6,96,-90
116900014,417,36,381
116900015,1662,49,1613
116900016,560,7,553
116900017,0,184,-184
116900018,168,115,53
116900019,1,130,-129
116900020,492,4618,-4126
116900023,57,38,19
116900024,2061,22,2039
116900025,2926,461,2465
116900026,43,224,-181
116900027,220,33,187
116900028,3,30,-27
116900029,3,386,-383
116900031,4,0,4
116900032,18,83,-65
116900033,101,13,88
116900034,15,12,3
116900035,354,71,283
116900036,30,111,-81
116900038,20,7,13
116900041,234,15,219
116900042,227,210,17
116900043,60,46,14
116900047,69,715,-646
116900049,52,151,-99
116900050,68,173,-105
116900051,867,65,802
116900052,383,149,234
116900055,0,37,-37
116900057,53,92,-39
116900058,18,148,-130
116900059,0,31,-31
116900060,187,312,-125
116900062,9,190,-181
116900064,169,134,35
116900065,12,103,-91
116900067,203,13,190
116900068,271,144,127
116900070,64,3,61
116900072,92,54,38
116900073,20,49,-29
116900074,13,29,-16
116900076,46,202,-156
116900077,4,47,-43
116900078,198,31,167
116900079,112,82,30
116900080,0,14,-14
116900081,150,371,-221
116900082,271,1229,-958
116900083,4,7,-3
116900084,81,23,58
116900085,6,80,-74
116900086,37,126,-89
116900088,335,15,320
116900090,16,8,8
116900091,1320,14,1306
116900092,85,241,-156
116900093,2549,1667,882
116900094,4263,9658,-5395
116900095,657,200,457
116900096,223,752,-529
116900097,1125,6980,-5855
116900098,482,232,250
116900099,205,536,-331
116900100,2548,239,2309
116900101,204,594,-390
116900103,6,0,6
116900104,13,186,-173
116900105,863,434,429
116900106,7491,74,7417
116900107,1253,5418,-4165
116900110,42,0,42
116900111,1767,348,1419
116900112,539,302,237
116900113,1168,5238,-4070
116900116,33,561,-528
116900117,550,548,2
116900118,873,1520,-647
116900120,855,70,785
116900121,570,44,526
116900122,2817,541,2276
116900123,1220,394,826
116900124,166,194,-28
116900125,1107,58,1049
116900126,179,1547,-1368
116900128,6,19,-13
116900129,0,222,-222
116900130,940,9135,-8195
116900131,76,342,-266
116900132,168,116,52
116900133,543,104,439
116900134,454,166,288
116900136,379,404,-25
116900137,338,86,252
116900138,140,63,77
116900139,38,129,-91
116900140,159,37,122
116900141,476,90,386
116900142,9,54,-45
116900143,697,88,609
116900144,170,15,155
116900145,168,110,58
116900147,171,1264,-1093
116900148,6,9,-3
116900149,134,288,-154
116900150,5,2,3
116900151,68,36,32
116900153,276,207,69
116900154,305,1026,-721
116900155,121,117,4
116900157,2182,61,2121
116900158,181,508,-327
116900159,130,530,-400
116900160,1641,741,900
116900161,3313,17400,-14087
116900162,58,114,-56
116900163,768,49,719
116900164,180,44,136
116900165,1128,377,751
116900166,202,152,50
116900167,1061,21,1040
116900168,1249,20,1229
116900169,102,999,-897
116900170,985,349,636
116900171,115,127,-12
116900172,139,1149,-1010
116900173,1118,9,1109
116900174,50,251,-201
116900175,678,345,333
116900178,77,52,25
116900179,76,757,-681
116900180,116,4,112
116900182,1185,213,972
116900183,339,173,166
116900185,55,14,41
116900186,282,58,224
116900187,100,117,-17
116900188,408,8,400
116900189,107,2,105
116900191,162,156,6
116900192,772,250,522
116900194,138,2318,-2180
116900195,30,4,26
116900196,5,26,-21
116900197,321,12,309
116900198,56,1575,-1519
116900200,254,5,249
116900201,611,9,602
116900202,117,35,82
116900203,393,5,388
116900204,18,436,-418
116900206,30,2,28
116900207,9,36,-27
116900208,1,57,-56
116900209,46,22,24
116900210,515,194,321
116900211,290,4,286
116900212,333,7,326
116900213,271,94,177
116900214,694,225,469
116900215,53,31,22
116900216,440,132,308
116900218,0,138,-138
116900219,716,110,606
116900220,176,203,-27
116900221,260,289,-29
116900222,470,272,198
116900223,57,57,0
116900226,553,10,543
116900227,775,19,756
116900228,827,104,723
116900230,120,72,48
116900231,155,154,1
116900232,88,221,-133
116900233,723,119,604
116900234,81,12,69
116900235,127,163,-36
116900238,450,96,354
116900239,21,1754,-1733
116900240,3548,6585,-3037
116900241,120,32,88
116900242,602,1906,-1304
116900243,4,47,-43
116900245,95,121,-26
116900246,100,8,92
116900247,2017,51,1966
116900248,158,20,138
116900249,1578,21,1557
116900250,1076,103,973
116900251,280,2726,-2446
116900252,797,566,231
116900253,393,54,339
116900254,130,173,-43
116900255,199,311,-112
116900256,1249,285,964
116900257,66,562,-496
116900258,15,30,-15
116900259,589,52,537
116900260,3,22,-19
116900261,101,4,97
116900262,149,119,30
116900263,3,5,-2
116900264,3,3,0
116900265,184,0,184
116900266,35,3,32
116900267,48,0,48
116900268,33,572,-539
116900269,461,1242,-781
116900271,486,1521,-1035
116900272,372,277,95
116900273,23,206,-183
116900274,282,14,268
116900275,646,102,544
116900276,509,747,-238
116900277,159,125,34
116900278,2,9,-7
116900279,7,4,3
116900280,136,6,130
116900281,2542,13622,-11080
116900282,1,42,-41
116900283,0,19,-19
116900284,2,89,-87
116900285,80,959,-879
116900286,166,5,161
116900287,38,27,11
116900288,385,46,339
116900289,102,1,101
116900290,48,1,47
116900291,86,9,77
116900292,2,17,-15
116900293,350,8,342
116900294,16,82,-66
116900295,300,281,19
116900296,115,146,-31
116900297,2,66,-64
116900298,29,146,-117
116900299,5,168,-163
116900300,3,124,-121
116900301,25,390,-365
116900302,30,127,-97
116900303,218,251,-33
116900304,0,277,-277
116900305,11,51,-40
116900306,632,36,596
117000001,4443,4555,-112
117000002,2023,3158,-1135
117000003,7452,3018,4434
117000004,2317,3900,-1583
117000005,5387,1977,3410
117000006,1102,1752,-650
117000007,11422,1428,9994
117000008,1669,2352,-683
117000009,6227,1793,4434
117000010,1217,1851,-634
117000011,5829,1520,4309
117000012,2434,1481,953
117000013,4100,1218,2882
117000014,2160,2618,-458
117000015,5467,2481,2986
117000016,292,328,-36
117000017,75,383,-308
117000018,232,1746,-1514
117000019,66,0,66
117000020,547,4579,-4032
117000021,1585,407,1178
117000022,96,658,-562
117000023,86,661,-575
117000024,174,896,-722
117000025,255,3538,-3283
117000026,2566,4312,-1746
117000027,935,2954,-2019
117000028,819,1675,-856
117000030,334,483,-149
117000031,692,230,462
117000032,1908,1806,102
117000033,2511,1011,1500
117000034,456,290,166
117000035,507,292,215
117000036,774,357,417
117000037,564,228,336
117000038,373,462,-89
117000039,302,404,-102
117000040,102,515,-413
117000041,2424,112,2312
117000044,32,345,-313
117000045,1753,708,1045
117000046,269,918,-649
117000047,925,1196,-271
117000048,1430,801,629
117000049,88,370,-282
117000050,1404,2033,-629
117000051,4578,107,4471
117000052,157,214,-57
117000053,2656,27,2629
117000054,3227,4,3223
117000055,1,748,-747
117000056,1025,31,994
117000057,1285,1797,-512
117000060,492,842,-350
117000061,3893,2045,1848
117000062,193,777,-584
117000063,2344,785,1559
117000064,572,422,150
117000066,351,760,-409
117000067,111,776,-665
117000074,30,266,-236
117000076,35,68,-33
117000077,244,187,57
117000078,134,976,-842
117000079,532,224,308
117000080,1,465,-464
117000081,881,159,722
117000082,21,137,-116
117000083,197,48,149
117000084,312,3,309
117000085,867,1624,-757
117000086,906,445,461
117000087,204,634,-430
117000088,995,157,838
117000089,4896,168,4728
117000090,615,521,94
117000091,2638,144,2494
117000092,703,534,169
117000093,4144,246,3898
117000094,1294,746,548
117000095,6214,327,5887
117000096,1155,688,467
117000097,4660,787,3873
117000098,2597,1587,1010
117000099,8514,829,7685
117000100,473,354,119
117000101,276,477,-201
117000102,3476,423,3053
117000103,659,737,-78
117000104,3622,485,3137
117000105,673,851,-178
117000106,3887,338,3549
117000107,845,1102,-257
117000108,4757,966,3791
117000109,738,1449,-711
117000110,2539,2952,-413
117000111,5624,4423,1201
117000112,6833,1080,5753
117000113,158,92,66
117000114,660,604,56
117000115,113,53,60
117000116,375,359,16
117000117,1765,1052,713
117000118,892,531,361
117000119,208,575,-367
117000120,20,676,-656
117000121,9,1124,-1115
117000122,1485,2431,-946
117000123,2656,78,2578
117000124,75,188,-113
117000125,49,530,-481
117000126,33,93,-60
117000127,155,625,-470
117000128,114,1254,-1140
117000129,115,652,-537
117000130,134,36,98
117000131,0,91,-91
117000132,9519,51,9468
117000133,7404,12,7392
117000134,1,95,-94
117000135,0,135,-135
117000136,0,22,-22
117000137,512,138,374
117000138,2,961,-959
117000140,586,626,-40
117000141,3413,392,3021
117000181,353,134,219
117000182,2714,3176,-462
117000195,381,279,102
117000196,763,309,454
117000225,70,350,-280
117000226,7,354,-347
117000276,935,76,859
117000277,0,119,-119
117000310,1198,3847,-2649
117000315,244,1194,-950
117000320,66,0,66
117000906,1245,20,1225
117000907,3,87,-84
117000908,4,280,-276
117000909,133,141,-8
117000910,416,137,279
117000911,61,192,-131
117000915,0,183,-183
117000916,151,27,124
117000917,2597,102,2495
117000918,323,236,87
117000919,3,55,-52
117000920,4,1757,-1753
117000921,0,351,-351
117000922,99,32,67
117000924,2038,1077,961
117000926,597,265,332
117000927,281,744,-463
117000928,1,149,-148
117000929,984,93,891
117000930,1765,10,1755
117000931,124,96,28
117900002,132,1176,-1044
117900003,91,150,-59
117900005,5,276,-271
117900006,0,44,-44
117900007,312,81,231
117900008,0,23,-23
117900010,754,37,717
117900011,22,791,-769
117900012,226,56,170
117900013,0,741,-741
117900014,1402,115,1287
117900015,47,175,-128
117900016,1065,2062,-997
117900017,1716,287,1429
117900018,592,533,59
117900019,1741,212,1529
117900020,32,274,-242
117900021,56,193,-137
117900022,27,9,18
117900023,3187,177,3010
117900024,235,203,32
117900025,37,2,35
117900026,978,286,692
117900028,159,21,138
117900029,758,249,509
117900030,518,655,-137
117900031,613,500,113
117900032,1738,708,1030
117900033,1038,258,780
117900034,134,43,91
117900035,478,1349,-871
117900036,661,191,470
117900037,426,67,359
117900038,141,90,51
117900039,0,57,-57
117900040,420,91,329
117900041,0,39,-39
117900042,2845,694,2151
117900043,0,26,-26
117900044,34,7556,-7522
117900045,653,131,522
117900048,568,217,351
117900049,514,301,213
117900050,2,430,-428
117900051,61,52,9
117900052,156,971,-815
117900053,3281,142,3139
117900054,1,7,-6
117900055,1658,414,1244
117900056,65,191,-126
117900057,1623,884,739
117900058,12,101,-89
117900059,135,259,-124
117900060,5669,2398,3271
117900061,6,478,-472
117900063,954,220,734
117900065,364,1105,-741
117900066,26,260,-234
117900067,1757,201,1556
117900069,2129,119,2010
117900070,32,487,-455
117900071,429,140,289
117900073,1966,125,1841
117900074,6,692,-686
117900075,300,121,179
117900076,44,143,-99
117900077,1494,112,1382
117900078,861,675,186
117900080,435,34,401
117900081,338,184,154
117900082,1753,347,1406
117900083,1719,529,1190
117900086,348,76,272
117900087,391,21,370
117900088,734,892,-158
117900089,4440,506,3934
117900090,1478,809,669
117900091,204,70,134
117900092,419,62,357
117900093,323,20,303
117900094,146,57,89
117900095,1266,744,522
117900096,470,344,126
117900097,441,191,250
117900098,266,43,223
117900099,623,845,-222
117900100,1862,8,1854
117900101,1468,3747,-2279
117900102,243,31,212
117900103,204,2,202
117900104,3,433,-430
117900105,61,207,-146
117900106,161,15,146
117900107,218,0,218
117900109,3000,854,2146
117900110,687,4,683
117900111,2476,202,2274
117900112,236,3,233
117900113,2004,4077,-2073
117900114,124,0,124
117900115,21,253,-232
117900116,1238,400,838
117900117,2013,192,1821
117900118,632,1,631
117900119,784,74,710
117900120,1679,33,1646
117900121,142,42,100
117900122,1236,10947,-9711
117900123,1541,686,855
117900124,385,986,-601
117900125,2370,1006,1364
117900126,219,189,30
117900127,1337,254,1083
117900128,772,376,396
117900129,382,1,381
117900130,1578,1085,493
117900131,7,149,-142
117900132,10,38,-28
117900133,35,34,1
117900134,179,410,-231
117900135,90,145,-55
117900136,0,1,-1
117900137,139,115,24
117900138,0,5,-5
117900139,93,95,-2
117900140,5659,621,5038
117900141,48,319,-271
117900142,36,548,-512
117900144,7,877,-870
117900145,21,514,-493
117900146,58,526,-468
117900147,220,167,53
117900148,3203,5135,-1932
117900149,90,145,-55
117900150,195,82,113
117900151,82,184,-102
117900152,73,172,-99
117900153,49,242,-193
117900154,1027,535,492
117900156,280,283,-3
117900157,98,345,-247
117900158,698,69,629
117900160,1716,790,926
117900161,1196,462,734
117900162,1005,362,643
117900163,31,1018,-987
117900165,0,5,-5
117900166,15,285,-270
117900168,149,163,-14
117900169,0,31,-31
117900170,1,18,-17
117900171,17,3,14
117900172,36,3,33
117900173,47,39,8
117900174,34,9,25
117900175,14,31,-17
117900176,29,8,21
117900177,48,11,37
117900178,112,47,65
117900180,314,24,290
117900181,95,979,-884
117900182,1,125,-124
117900183,337,171,166
117900184,74,92,-18
117900185,119,46,73
117900186,146,21,125
117900187,48,5,43
117900188,380,105,275
117900189,201,32,169
117900190,22,0,22
117900191,179,2,177
117900192,605,0,605
117900193,52,39,13
117900194,15,2,13
117900195,25,458,-433
117900196,64,24,40
117900207,95,213,-118
117900208,110,28,82
117900209,373,81,292
117900210,165,60,105
117900211,3,54,-51
117900212,307,104,203
117900213,119,34,85
117900214,19,15,4
117900215,92,17,75
117900216,9,85,-76
117900217,124,227,-103
117900218,96,178,-82
117900219,3,202,-199
117900220,5,258,-253
117900222,326,127,199
117900223,126,594,-468
118000001,772,2158,-1386
118000002,625,1218,-593
118000003,2253,4133,-1880
118000004,1250,3598,-2348
118000005,4581,2648,1933
118000006,2489,3549,-1060
118000007,6258,12204,-5946
118000008,1001,10378,-9377
118000009,1685,3817,-2132
118000010,3694,4523,-829
118000011,3891,1523,2368
118000012,1293,2354,-1061
118000013,2877,2994,-117
118000014,1844,1756,88
118000016,456,170,286
118000017,1092,503,589
118000018,526,172,354
118000019,1280,2040,-760
118000020,440,1987,-1547
118000021,529,2251,-1722
118000022,1360,531,829
118000023,562,325,237
118000024,723,746,-23
118000027,9293,6605,2688
118000029,658,891,-233
118000032,362,1837,-1475
118000033,1874,4318,-2444
118000034,2634,2938,-304
118000035,2093,1999,94
118000036,1295,1028,267
118000037,1054,1382,-328
118000038,1246,83,1163
118000039,187,86,101
118000040,3201,1411,1790
118000041,5051,1957,3094
118000045,122,243,-121
118000046,547,1454,-907
118000047,571,2717,-2146
118000048,1660,3728,-2068
118000051,1172,3623,-2451
118000052,392,1271,-879
118000053,502,1912,-1410
118000054,3681,1684,1997
118000055,2195,1846,349
118000056,83,754,-671
118000057,157,975,-818
118000058,2175,6474,-4299
118000059,1323,3795,-2472
118000060,1836,1334,502
118000061,2035,1757,278
118000062,590,234,356
118000063,516,897,-381
118000064,800,1537,-737
118000065,2401,2086,315
118000066,1399,3078,-1679
118000067,466,764,-298
118000068,870,13186,-12316
118000069,1249,1266,-17
118000070,7892,3144,4748
118000071,4637,15884,-11247
118000072,762,5593,-4831
118000073,467,2576,-2109
118000074,488,989,-501
118000075,804,445,359
118000076,2122,11223,-9101
118000077,1098,1181,-83
118000078,2871,2693,178
118000079,168,662,-494
118000080,447,747,-300
118000081,1690,1669,21
118000082,419,1087,-668
118000083,1278,1529,-251
118000084,1481,3716,-2235
118000086,126,889,-763
118000087,3735,2589,1146
118000088,1846,1938,-92
118000089,4372,4264,108
118000090,1511,4907,-3396
118000091,1510,7432,-5922
118000092,790,671,119
118000093,82,797,-715
118000096,936,466,470
118000097,911,563,348
118000098,275,269,6
118000099,930,303,627
118000101,2865,475,2390
118000102,507,389,118
118000107,2009,340,1669
118000108,859,9793,-8934
118000110,0,39,-39
118000111,0,90,-90
118000112,2563,30,2533
118000113,4,308,-304
118000114,2594,62,2532
118000115,34,11,23
118000116,65,0,65
118000117,775,698,77
118000118,1904,1295,609
118000119,2136,1375,761
118000120,1577,937,640
118000121,12,464,-452
118000122,347,203,144
118000123,78,303,-225
118000125,903,1403,-500
118000126,1001,3155,-2154
118000127,1768,973,795
118000128,419,2144,-1725
118000129,1936,1022,914
118000130,2007,3346,-1339
118000131,368,730,-362
118000132,3114,2848,266
118000133,2180,843,1337
118000135,1017,1115,-98
118000136,129,823,-694
118000137,452,71,381
118000138,679,306,373
118000139,750,105,645
118000140,5084,11884,-6800
118000141,4533,1785,2748
118000142,4666,2067,2599
118000143,4811,2162,2649
118000144,788,397,391
118000145,1551,845,706
118000146,1856,296,1560
118000147,1723,700,1023
118000148,1513,1751,-238
118000149,1214,434,780
118000150,1498,200,1298
118000151,1311,208,1103
118000153,2898,659,2239
118000154,2876,832,2044
118000155,3910,1024,2886
118000156,2330,4994,-2664
118000157,807,338,469
118000158,345,711,-366
118000159,73,136,-63
118000160,1225,353,872
118000161,1001,302,699
118000162,2190,895,1295
118000163,1586,1093,493
118000164,2577,1377,1200
118000168,729,2339,-1610
118000169,1141,851,290
118000170,3178,2588,590
118000171,694,505,189
118000172,55,204,-149
118000173,953,1513,-560
118000175,303,245,58
118000176,632,277,355
118000177,630,385,245
118000178,23,27,-4
118000179,792,767,25
118000180,716,405,311
118000181,493,122,371
118000182,351,83,268
118000183,300,223,77
118000184,2433,523,1910
118000185,526,2684,-2158
118000186,484,1533,-1049
118000187,3856,411,3445
118000188,1875,81,1794
118000189,2427,148,2279
118000190,5,10,-5
118000191,40,23,17
118000192,15,172,-157
118000193,18,172,-154
118000194,2445,1273,1172
118000195,267,3903,-3636
118000196,100,806,-706
118000197,96,377,-281
118000198,262,2324,-2062
118000199,323,1324,-1001
118000200,162,852,-690
118000201,149,1080,-931
118000202,66,801,-735
118000203,277,2219,-1942
118000204,32,782,-750
118000205,60,354,-294
118000206,370,292,78
118000207,0,90,-90
118000208,2349,1741,608
118000209,3038,576,2462
118000210,532,15,517
118000211,302,64,238
118000213,552,4509,-3957
118000214,318,918,-600
118000215,708,104,604
118000216,12195,2303,9892
118000217,15,34,-19
118000218,161,28,133
118000219,293,316,-23
118000220,93,59,34
118000221,2093,1459,634
118000222,132,4,128
118000223,138,46,92
118000224,120,73,47
118000225,302,786,-484
118000226,2873,185,2688
118000227,716,605,111
118000228,62,340,-278
118000229,36,693,-657
118000230,165,136,29
118000231,70,196,-126
118000232,1272,217,1055
118000233,2340,388,1952
118000234,851,63,788
118000236,374,390,-16
118000237,304,171,133
118000238,356,78,278
118000239,514,303,211
118000240,111,119,-8
118000241,458,149,309
118000242,1101,161,940
118000243,505,111,394
118000244,118,39,79
118000246,0,66,-66
118000255,50,447,-397
118000256,294,222,72
118000259,42,109,-67
118000260,476,33,443
118000261,160,14,146
118000263,159,235,-76
118000266,273,152,121
118000267,0,122,-122
118000268,484,5,479
118000270,387,6,381
118000271,562,146,416
118000272,90,46,44
118000273,729,44,685
118000274,82,196,-114
118000276,655,131,524
118000295,71,145,-74
118000298,164,120,44
118000299,52,64,-12
118000301,0,54,-54
118000302,159,12,147
118000311,2434,73,2361
118000312,793,65,728
118000313,108,45,63
118000314,265,10,255
118000315,229,20,209
118000316,1402,238,1164
118000325,209,29,180
118000326,88,66,22
118000331,139,3,136
118000332,44,22,22
118000333,115,52,63
118000335,1727,3,1724
118000336,0,208,-208
118000407,726,26,700
118000457,1,85,-84
118000465,661,3281,-2620
118000480,150,53,97
118000489,10,913,-903
118000490,6,201,-195
118000492,1021,227,794
118000510,69,10,59
118000514,92,341,-249
118000515,1057,2546,-1489
118000517,283,206,77
118000524,235,618,-383
118000525,409,765,-356
118000530,50,256,-206
118000531,942,188,754
118000532,302,123,179
118000533,342,80,262
118000534,962,239,723
118000535,638,66,572
118000536,45,455,-410
118000537,60,114,-54
118000538,24,65,-41
118000539,82,264,-182
118000540,345,206,139
118000541,125,139,-14
118000542,183,343,-160
118000543,566,215,351
118000546,117,26,91
118000560,808,3950,-3142
118000562,176,53,123
118000563,1724,1384,340
118000576,349,44,305
118000577,267,207,60
118000578,145,35,110
118000579,564,3042,-2478
118000595,284,57,227
118000596,1,280,-279
118000597,326,99,227
118000598,85,2,83
118000599,306,62,244
118000600,1,34,-33
118000601,59,0,59
118000602,0,31,-31
118000603,0,20,-20
118900001,659,1642,-983
118900002,965,1135,-170
118900003,1263,10,1253
118900004,246,32,214
118900005,103,7,96
118900006,355,1,354
118900007,2,2,0
118900008,914,30,884
118900009,220,192,28
118900010,125,39,86
118900011,288,23,265
118900012,310,251,59
118900013,1420,952,468
118900015,806,34,772
118900016,8,7,1
118900017,45,320,-275
118900018,1490,28,1462
118900019,1,10,-9
118900020,28,105,-77
118900021,255,723,-468
118900022,172,22,150
118900023,66,96,-30
118900024,167,172,-5
118900025,41,150,-109
118900026,74,12,62
118900027,516,273,243
118900028,269,131,138
118900029,324,409,-85
118900030,1994,108,1886
118900031,176,46,130
118900032,620,152,468
118900033,544,789,-245
118900034,476,43,433
118900035,194,77,117
118900036,1973,376,1597
118900037,537,935,-398
118900038,811,55,756
118900039,1735,228,1507
118900040,362,85,277
118900041,1211,147,1064
118900042,147,33,114
118900045,261,238,23
118900046,391,333,58
118900047,246,502,-256
118900048,75,557,-482
118900049,40,14,26
118900050,255,4,251
118900051,119,142,-23
118900052,347,539,-192
118900053,3,35,-32
118900054,188,61,127
118900055,434,4,430
118900056,51,273,-222
118900057,931,687,244
118900058,898,535,363
118900059,29,67,-38
118900060,253,176,77
118900062,363,118,245
118900064,181,869,-688
118900065,118,242,-124
118900066,183,55,128
118900067,3041,6409,-3368
118900068,7,759,-752
118900069,1030,109,921
118900071,3,5,-2
118900072,846,1316,-470
118900073,581,68,513
118900074,252,49,203
118900075,548,15,533
118900076,321,61,260
118900077,781,120,661
118900078,1,0,1
118900079,44,95,-51
118900080,278,58,220
118900081,48,53,-5
118900082,3364,316,3048
118900083,34,3,31
118900084,15,3,12
118900085,298,170,128
118900086,61,127,-66
118900087,181,1592,-1411
118900088,1,3,-2
118900089,44,16,28
118900090,208,71,137
118900091,236,340,-104
118900092,555,26,529
118900093,91,4,87
118900096,109,10,99
118900097,475,314,161
118900099,32,111,-79
118900100,59,88,-29
118900101,585,168,417
118900102,113,84,29
118900103,24,96,-72
118900104,789,116,673
118900105,223,64,159
118900107,37,36,1
118900108,174,213,-39
118900110,1383,2021,-638
118900111,1514,625,889
118900112,475,346,129
118900113,127,280,-153
118900114,5,50,-45
118900115,247,314,-67
118900116,196,94,102
118900117,231,45,186
118900118,712,137,575
118900119,342,125,217
118900120,80,309,-229
118900121,47,101,-54
118900122,1,981,-980
118900123,93,189,-96
118900124,291,193,98
118900126,69,185,-116
118900129,446,115,331
118900130,25,53,-28
118900131,786,210,576
118900132,456,156,300
118900133,10,184,-174
118900135,357,101,256
118900136,405,157,248
118900137,7,122,-115
118900139,615,368,247
118900140,753,257,496
118900141,155,278,-123
118900144,234,121,113
118900145,19,223,-204
118900146,632,357,275
118900147,61,485,-424
118900148,63,31,32
118900150,61,927,-866
118900152,670,244,426
118900157,30,200,-170
118900158,386,35,351
118900159,5,122,-117
118900161,100,29,71
118900163,66,25,41
118900164,0,24,-24
118900165,150,87,63
118900166,7,0,7
118900167,59,66,-7
118900168,45,141,-96
118900169,359,188,171
118900170,819,71,748
118900171,125,14,111
118900174,19,33,-14
118900175,752,321,431
118900176,262,296,-34
118900177,162,9,153
118900178,93,50,43
118900179,15,23,-8
118900181,211,33,178
118900182,15,53,-38
118900183,26,196,-170
118900184,224,34,190
118900185,159,33,126
118900186,114,64,50
118900187,193,438,-245
118900188,378,199,179
118900189,35,688,-653
118900190,185,92,93
118900191,914,60,854
118900192,1158,54,1104
118900193,2429,38,2391
118900195,251,560,-309
118900196,59,97,-38
118900197,779,6,773
118900198,119,1,118
118900199,154,3,151
118900200,91,50,41
118900201,65,98,-33
118900202,5,27,-22
118900203,113,4,109
118900204,45,5,40
118900205,1,1,0
118900206,2,2,0
119000001,2216,1805,411
119000002,4556,4094,462
119000003,8023,916,7107
119000004,4729,2578,2151
119000005,3444,3558,-114
119000006,6812,2958,3854
119000007,6042,5234,808
119000008,2577,2368,209
119000009,2896,10902,-8006
119000010,4904,7338,-2434
119000011,2572,3705,-1133
119000012,1417,5529,-4112
119000013,4304,2298,2006
119000014,2924,3592,-668
119000019,434,247,187
119000020,4252,2245,2007
119000021,8093,4484,3609
119000022,1701,5978,-4277
119000023,210,411,-201
119000024,2243,29707,-27464
119000025,3826,1702,2124
119000026,66,930,-864
119000027,125,694,-569
119000028,2357,714,1643
119000029,22,239,-217
119000030,918,913,5
119000031,2110,782,1328
119000032,1745,1335,410
119000033,3532,992,2540
119000034,2815,569,2246
119000035,37,167,-130
119000036,5064,319,4745
119000037,2905,629,2276
119000038,548,356,192
119000039,868,596,272
119000040,801,1118,-317
119000041,1490,2831,-1341
119000048,2302,988,1314
119000049,4681,1346,3335
119000050,1429,3565,-2136
119000051,3796,1756,2040
119000052,3073,2319,754
119000053,3238,1108,2130
119000054,4998,931,4067
119000055,9378,1134,8244
119000056,5902,1174,4728
119000057,2573,585,1988
119000058,1906,814,1092
119000059,863,660,203
119000060,3406,470,2936
119000061,1216,350,866
119000062,1422,597,825
119000063,1046,729,317
119000064,749,588,161
119000065,1469,2700,-1231
119000066,2326,1204,1122
119000067,2042,757,1285
119000068,3164,510,2654
119000069,3269,911,2358
119000070,6219,304,5915
119000071,737,326,411
119000072,4280,2337,1943
119000073,6457,13023,-6566
119000074,2852,838,2014
119000075,7824,2078,5746
119000076,151,412,-261
119000077,1564,372,1192
119000078,895,287,608
119000079,361,234,127
119000080,1391,150,1241
119000081,487,301,186
119000082,1585,224,1361
119000083,1041,517,524
119000084,665,285,380
119000085,630,96,534
119000086,484,927,-443
119000087,866,140,726
119000088,360,39,321
119000089,170,161,9
119000090,210,60,150
119000091,89,253,-164
119000092,164,129,35
119000093,3568,1690,1878
119000094,7184,5536,1648
119000095,4276,2870,1406
119000097,1192,702,490
119000098,1514,8992,-7478
119000099,2040,583,1457
119000100,6931,3558,3373
119000101,5344,1550,3794
119000102,431,1957,-1526
119000103,1068,768,300
119000104,1099,573,526
119000105,1668,4108,-2440
119000106,672,438,234
119000107,2254,726,1528
119000108,1073,332,741
119000109,219,276,-57
119000110,278,158,120
119000111,82,631,-549
119000112,152,45,107
119000113,903,115,788
119000114,1594,2420,-826
119000115,61,170,-109
119000116,109,100,9
119000117,309,360,-51
119000118,91,0,91
119000123,2258,2277,-19
119000124,2029,151,1878
119000125,8957,440,8517
119000126,2465,285,2180
119000127,1337,226,1111
119000128,48,0,48
119000131,1789,124,1665
119000132,0,0,0
119000133,10,12,-2
119000134,862,1173,-311
119000135,362,241,121
119000136,600,44,556
119000137,667,112,555
119000138,1558,34,1524
119000139,218,43,175
119000140,419,343,76
119000284,1365,1639,-274
119000285,1434,768,666
119000286,3638,2386,1252
119000287,2021,2464,-443
119000288,2886,805,2081
119000289,1691,1703,-12
119000290,393,312,81
119000291,79,520,-441
119000293,210,295,-85
119000294,57,68,-11
119000295,2109,259,1850
119000296,615,66,549
119000302,1398,1377,21
119000303,7,178,-171
119000314,2178,18035,-15857
119000315,0,62,-62
119000316,486,54,432
119000317,295,81,214
119900001,85,2420,-2335
119900002,615,164,451
119900003,24,241,-217
119900004,153,4499,-4346
119900005,533,98,435
119900006,66,471,-405
119900007,495,351,144
119900008,48,446,-398
119900009,582,225,357
119900010,1188,270,918
119900011,14,448,-434
119900012,12,296,-284
119900013,1524,968,556
119900014,841,56,785
119900015,570,103,467
119900016,133,84,49
119900017,36,67,-31
119900018,641,2584,-1943
119900019,104,3,101
119900020,150,103,47
119900021,292,77,215
119900022,96,1799,-1703
119900023,369,3958,-3589
119900025,955,19,936
119900026,659,110,549
119900027,7,19,-12
119900028,433,390,43
119900029,3,4,-1
119900030,1025,750,275
119900031,91,1398,-1307
119900033,1029,282,747
119900034,1920,37,1883
119900037,335,27,308
119900038,11,900,-889
119900039,160,12,148
119900040,175,32,143
119900041,600,14,586
119900042,97,809,-712
119900043,145,182,-37
119900044,151,1248,-1097
119900046,520,19,501
119900047,1138,406,732
119900048,121,14,107
119900049,302,7,295
119900050,288,220,68
119900051,1945,42,1903
119900052,389,17,372
119900053,748,196,552
119900054,826,16,810
119900055,2092,280,1812
119900057,863,4,859
119900058,931,10,921
119900059,233,12,221
119900060,736,59,677
119900062,470,2,468
119900063,25,120,-95
119900064,1309,232,1077
119900065,384,1,383
119900066,2,1,1
119900067,130,239,-109
119900068,1518,1,1517
119900069,257,13,244
119900070,1999,38,1961
119900071,1864,59,1805
119900073,2420,158,2262
119900074,120,31,89
119900075,1886,1476,410
119900076,1675,226,1449
119900077,2300,240,2060
119900078,1098,1086,12
119900079,1494,56,1438
119900080,3153,502,2651
119900081,1808,12,1796
119900082,3254,217,3037
119900083,660,81,579
119900084,981,443,538
119900085,73,17,56
119900087,236,456,-220
119900088,92,15,77
119900089,50,130,-80
119900090,103,7,96
119900091,45,208,-163
119900092,18,397,-379
119900093,1861,170,1691
119900094,5,162,-157
119900095,314,30,284
119900096,90,87,3
119900097,67,162,-95
119900098,28,16,12
119900099,27,102,-75
119900100,423,2922,-2499
119900101,90,571,-481
119900102,64,60,4
119900103,58,73,-15
119900104,20,56,-36
119900105,643,1011,-368
119900106,13,57,-44
119900107,250,866,-616
119900108,2618,479,2139
119900109,23,76,-53
119900110,774,262,512
119900111,384,76,308
119900112,492,1279,-787
119900113,75,223,-148
119900114,386,226,160
119900115,1275,187,1088
119900116,262,437,-175
119900117,520,194,326
119900118,335,187,148
119900119,564,110,454
119900120,427,225,202
119900121,1158,244,914
119900122,114,82,32
119900123,113,139,-26
119900124,428,196,232
119900125,78,96,-18
119900126,1313,239,1074
119900127,564,200,364
119900128,877,968,-91
119900129,679,119,560
119900130,22,58,-36
119900131,109,82,27
119900132,0,33,-33
119900133,307,50,257
119900134,288,49,239
119900135,3,177,-174
119900136,145,121,24
119900138,246,199,47
119900139,11,913,-902
119900140,17,59,-42
119900141,25,1102,-1077
119900142,16,32,-16
119900143,14,126,-112
119900144,734,284,450
119900145,54,207,-153
119900146,427,200,227
119900147,1,228,-227
119900148,737,26,711
119900149,400,10751,-10351
119900150,129,82,47
119900151,2118,985,1133
119900152,468,83,385
119900153,366,53,313
119900154,72,113,-41
119900155,131,15,116
119900156,7,11,-4
119900157,231,46,185
119900158,369,87,282
119900159,1,237,-236
119900160,20,63,-43
119900161,191,54,137
119900162,2357,782,1575
119900163,204,195,9
119900164,2,0,2
119900165,273,31,242
119900166,168,33,135
119900167,1,28,-27
119900168,2837,153,2684
119900169,14,262,-248
119900170,338,207,131
119900171,1061,515,546
119900172,41,18,23
119900173,3,54,-51
119900174,1,63,-62
119900175,3750,255,3495
119900177,8,80,-72
119900178,3,80,-77
119900179,481,1898,-1417
119900180,2402,650,1752
119900181,33,55,-22
119900182,37,67,-30
119900183,130,349,-219
119900184,593,397,196
119900185,58,457,-399
119900186,13,2504,-2491
119900187,1,119,-118
119900188,194,299,-105
119900189,183,265,-82
119900190,145,473,-328
119900191,226,365,-139
119900192,62,98,-36
119900193,1447,97,1350
119900194,67,31,36
119900195,4,136,-132
119900196,330,159,171
119900197,659,141,518
119900198,120,836,-716
119900199,171,16,155
119900200,1073,1238,-165
119900201,143,52,91
119900202,14,395,-381
119900203,273,809,-536
119900204,485,239,246
119900205,2225,222,2003
119900206,559,455,104
119900208,415,70,345
119900209,769,3192,-2423
119900210,147,7,140
119900211,97,1,96
119900212,568,361,207
119900213,3,71,-68
119900214,171,48,123
119900215,92,9,83
119900216,44,18,26
119900217,24,14,10
119900218,6,238,-232
119900219,42,64,-22
119900220,11,10,1
119900221,73,45,28
119900222,20,38,-18
119900223,16,17,-1
119900224,24,17,7
119900225,256,50,206
119900226,180,3105,-2925
119900227,206,107,99
119900228,19,1607,-1588
119900229,109,115,-6
119900230,1542,213,1329
119900231,744,50,694
119900232,231,89,142
119900233,124,6,118
119900234,7,144,-137
119900235,3,57,-54
119900236,101,137,-36
119900237,181,538,-357
119900238,0,46,-46
119900240,216,71,145
119900241,373,151,222
119900242,2049,1682,367
119900244,570,1017,-447
119900245,370,182,188
119900246,251,417,-166
119900247,23,23,0
119900248,41,927,-886
119900249,512,103,409
119900253,1245,339,906
119900254,105,2260,-2155
119900255,130,319,-189
119900256,2324,308,2016
119900257,212,1,211
119900258,478,19,459
119900259,4,52,-48
119900260,467,9,458
119900261,843,1661,-818
119900262,2,90,-88
119900263,1841,268,1573
119900264,406,54,352
119900265,896,284,612
119900266,979,207,772
119900267,225,314,-89
119900268,451,45,406
119900269,2060,449,1611
119900271,159,87,72
119900272,154,128,26
119900275,272,64,208
119900276,126,2,124
119900277,11,4,7
119900278,667,64,603
119900279,145,408,-263
119900280,579,53,526
119900281,3,605,-602
119900282,30,145,-115
119900283,58,54,4
119900284,25,131,-106
119900285,2,79,-77
119900286,0,8,-8
119900288,1,1,0
119900289,0,13,-13
119900290,14,1,13
119900291,0,29,-29
119900292,20,113,-93
119900293,65,8,57
119900294,38,2,36
119900295,30,9,21
119900296,239,7,232
119900299,361,202,159
119900300,1050,737,313
119900301,49,212,-163
119900302,53,255,-202
119900303,927,1107,-180
119900304,571,9,562
119900305,1,47,-46
119900306,16,1,15
119900307,91,30,61
119900308,6,18,-12
119900309,56,380,-324
119900310,500,123,377
119900311,345,21,324
119900312,161,24,137
119900313,265,229,36
119900314,463,559,-96
119900315,5148,779,4369
119900318,24,149,-125
119900319,156,97,59
119900320,571,146,425
119900321,476,16,460
119900322,17,31,-14
119900323,2,25,-23
119900324,1,49,-48
119900325,7,85,-78
119900326,27,31,-4
120000001,11196,40959,-29763
120000002,3509,2622,887
120000003,2454,747,1707
120000004,3224,950,2274
120000005,3061,1055,2006
120000006,1912,777,1135
120000007,3397,5594,-2197
120000008,1621,769,852
120000009,1304,877,427
120000010,2924,4408,-1484
120000011,1632,1133,499
120000012,2290,1090,1200
120000013,5026,2547,2479
120000014,1342,1229,113
120000015,3546,1333,2213
120000016,5602,2477,3125
120000017,6213,5974,239
120000018,3662,27064,-23402
120000019,1597,1493,104
120000020,2493,3429,-936
120000021,2234,1223,1011
120000022,2974,3290,-316
120000023,2056,1467,589
120000024,1500,1733,-233
120000025,4100,1352,2748
120000026,5573,1292,4281
120000027,3380,1970,1410
120000028,703,1734,-1031
120000029,1515,1323,192
120000030,247,1497,-1250
120000031,2484,5917,-3433
120000032,4440,1892,2548
120000033,5460,743,4717
120000034,7108,737,6371
120000035,6263,1027,5236
120000036,4831,6230,-1399
120000037,720,3037,-2317
120000038,4175,2554,1621
120000039,634,1966,-1332
120000040,83,9413,-9330
120000041,917,1508,-591
120000042,5337,1297,4040
120000043,9328,763,8565
120000044,12244,1818,10426
120000045,13358,671,12687
120000046,8883,6967,1916
120000047,687,16849,-16162
120000048,7435,3648,3787
120000049,6137,2299,3838
120000050,4981,3929,1052
120000051,2683,5560,-2877
120000052,5796,702,5094
120000053,2315,1082,1233
120000054,2224,2203,21
120000055,1926,2626,-700
120000056,5267,3212,2055
120000057,5129,2283,2846
120000058,1663,1230,433
120000059,27,2878,-2851
120000061,226,1064,-838
120000062,235,218,17
120000063,584,2023,-1439
120000064,543,812,-269
120000065,618,3363,-2745
120000066,280,262,18
120000067,50,163,-113
120000068,578,222,356
120000069,1417,241,1176
120000070,404,431,-27
120000071,2158,149,2009
120000072,2288,561,1727
120000073,2331,70,2261
120000074,132,112,20
120000075,2341,474,1867
120000076,4990,1362,3628
120000077,5324,530,4794
120000078,3077,966,2111
120000079,473,164,309
120000080,87,160,-73
120000081,467,71,396
120000082,445,146,299
120000083,39,810,-771
120000084,376,355,21
120000085,378,697,-319
120000086,292,215,77
120000087,434,228,206
120000088,826,541,285
120000089,1219,240,979
120000090,1077,303,774
120000091,2380,1015,1365
120000092,1305,274,1031
120000093,2305,400,1905
120000094,672,580,92
120000095,1080,155,925
120000096,693,291,402
120000098,1511,1355,156
120000099,625,306,319
120000100,1329,440,889
120000101,1181,529,652
120000102,1327,1439,-112
120000103,2363,959,1404
120000104,4518,424,4094
120000105,4347,191,4156
120000106,7181,317,6864
120000107,12384,578,11806
120000108,4188,168,4020
120000109,2327,91,2236
120000110,77,594,-517
120000111,170,546,-376
120000112,710,1097,-387
120000113,636,1289,-653
120000114,544,649,-105
120000115,506,636,-130
120000116,414,992,-578
120000117,519,525,-6
120000118,72,64,8
120000119,4,31,-27
120000120,264,413,-149
120000121,22,7,15
120000122,256,1627,-1371
120000123,2211,15885,-13674
120000124,631,369,262
120000125,1795,564,1231
120000126,699,1423,-724
120000127,811,881,-70
120000128,2886,3662,-776
120000129,246,211,35
120000130,1085,421,664
120000131,862,440,422
120000134,768,167,601
120000135,2235,837,1398
120000137,533,270,263
120000138,4141,161,3980
120000139,797,336,461
120000140,3417,143,3274
120000141,927,1499,-572
120000142,1627,1411,216
120000143,2,22,-20
120000144,298,30,268
120000145,1349,2,1347
120000146,794,1207,-413
120000149,557,358,199
120000150,1459,15868,-14409
120000151,1267,236,1031
120000152,2532,118,2414
120000153,2026,365,1661
120000154,1065,951,114
120000155,539,569,-30
120000156,1013,3747,-2734
120000157,2706,423,2283
120000158,1560,489,1071
120000159,2620,1167,1453
120000160,2597,1613,984
120000161,6478,3044,3434
120000162,190,251,-61
120000163,1919,391,1528
120000164,1913,186,1727
120000165,2632,245,2387
120000166,3690,362,3328
120000167,124,158,-34
120000168,2,476,-474
120000169,5,1203,-1198
120000170,12,1165,-1153
120000171,5,321,-316
120000172,8,336,-328
120000173,119,495,-376
120000174,24,95,-71
120000175,20,26,-6
120000176,16,28,-12
120000177,426,105,321
120000178,5,23,-18
120000179,70,80,-10
120000180,22,107,-85
120000181,35,705,-670
120000182,11,551,-540
120000183,1,139,-138
120000184,68,748,-680
120000186,24,469,-445
120000187,7,509,-502
120000188,12,172,-160
120000190,37,24,13
120000191,62,39,23
120000192,68,10,58
120000193,30,13,17
120000195,8,1,7
120000196,13,9,4
120000197,10,8,2
120000198,658,20,638
120000199,777,0,777
120000200,577,1,576
120000201,44,156,-112
120000202,0,38,-38
120000203,394,98,296
120000207,3,15,-12
120000208,66,24,42
120000209,60,13,47
120000210,28,33,-5
120000211,1271,8,1263
120000212,1005,3,1002
120000213,861,261,600
120000214,0,42,-42
120000215,23,44,-21
120000216,944,62,882
120000217,245,521,-276
120000218,45,405,-360
120000219,3,260,-257
120000220,1,652,-651
120000225,5039,7,5032
120000226,1090,33,1057
120000227,1670,282,1388
120000228,10748,6839,3909
120000230,848,29,819
120000231,3755,414,3341
120000233,1682,38,1644
120000235,830,418,412
120000236,4279,0,4279
120000237,2,511,-509
120000238,1,353,-352
120000241,1544,7138,-5594
120000412,996,280,716
120000413,1423,165,1258
120000414,627,10,617
120000415,1,38,-37
120000416,293,6,287
120000417,30,956,-926
120000418,658,30,628
120000419,22,61,-39
120000420,112,38,74
120000421,8387,4500,3887
120000422,74,5103,-5029
120000423,6,243,-237
120000424,1001,76,925
120000436,140,2037,-1897
120000437,73,76,-3
120000438,1370,240,1130
120000439,354,1022,-668
120000443,578,1,577
120000444,3525,483,3042
120000445,3705,1665,2040
120000446,928,79,849
120000447,1415,4,1411
120000449,491,27,464
120000450,11,92,-81
120000451,351,84,267
120000452,222,3,219
120000453,0,24,-24
120000454,56,185,-129
120000455,226,46,180
120000456,1507,7848,-6341
120000457,580,188,392
120000458,633,328,305
120000459,590,79,511
120000665,115,414,-299
120000668,103,1330,-1227
120000669,967,95,872
120000670,83,455,-372
120000671,6010,1278,4732
120000672,69,348,-279
120900001,113,56,57
120900002,137,650,-513
120900003,226,3,223
120900004,38,212,-174
120900005,116,252,-136
120900006,1720,162,1558
120900007,329,161,168
120900008,1051,312,739
120900009,267,3,264
120900010,1531,178,1353
120900011,47,118,-71
120900012,27,1727,-1700
120900013,629,97,532
120900014,1,187,-186
120900015,2166,123,2043
120900016,3621,78,3543
120900017,1650,119,1531
120900018,660,130,530
120900019,628,506,122
120900020,497,650,-153
120900021,638,94,544
120900022,4,60,-56
120900023,885,1015,-130
120900024,1603,710,893
120900025,1604,547,1057
120900026,233,75,158
120900027,653,20,633
120900028,1172,273,899
120900029,22,1760,-1738
120900030,3556,400,3156
120900031,663,107,556
120900032,3580,266,3314
120900033,2917,210,2707
120900034,14,4672,-4658
120900035,260,88,172
120900037,847,22,825
120900038,159,961,-802
120900039,171,68,103
120900040,1131,13,1118
120900041,24,36,-12
120900042,1480,37,1443
120900043,342,103,239
120900044,14,567,-553
120900045,231,49,182
120900046,1833,6,1827
120900047,251,366,-115
120900048,346,16,330
120900049,1665,16,1649
120900050,714,6405,-5691
120900051,1081,65,1016
120900052,3128,4,3124
120900053,1247,52,1195
120900054,992,207,785
120900055,1559,15,1544
120900056,1559,61,1498
120900057,748,17,731
120900058,1697,3,1694
120900059,346,9,337
120900060,194,13,181
120900061,321,106,215
120900062,897,1,896
120900063,2169,42,2127
120900064,1960,4,1956
120900065,1449,1,1448
120900066,2788,101,2687
120900067,569,174,395
120900068,1194,4,1190
120900069,1131,32,1099
120900071,82,0,82
120900072,2164,20,2144
120900073,2058,44,2014
120900074,3370,122,3248
120900076,1411,1,1410
120900077,1279,303,976
120900078,1707,206,1501
120900079,2788,63,2725
120900080,2656,366,2290
120900081,4395,503,3892
120900082,860,592,268
120900083,365,78,287
120900084,989,551,438
120900085,65,82,-17
120900086,62,1261,-1199
120900087,840,243,597
120900088,272,1130,-858
120900089,2606,6735,-4129
120900090,648,71,577
120900091,195,1159,-964
120900092,188,156,32
120900093,1075,106,969
120900094,204,88,116
120900095,395,12,383
120900096,209,146,63
120900097,871,331,540
120900098,44,113,-69
120900099,173,17,156
120900100,77,88,-11
120900101,26,111,-85
120900102,157,24,133
120900103,219,155,64
120900104,14,30,-16
120900105,20,378,-358
120900106,266,143,123
120900107,174,79,95
120900108,9,294,-285
120900109,67,202,-135
120900110,8,172,-164
120900111,292,192,100
120900112,29,205,-176
120900113,17,330,-313
120900114,40,101,-61
120900115,169,208,-39
120900116,2160,175,1985
120900117,13,93,-80
120900118,48,1566,-1518
120900119,5270,2292,2978
120900120,114,242,-128
120900121,31,250,-219
120900122,2213,212,2001
120900123,9,83,-74
120900124,3,139,-136
120900125,12,285,-273
120900126,178,379,-201
120900127,13,135,-122
120900128,329,525,-196
120900129,6,145,-139
120900130,14,200,-186
120900131,50,117,-67
120900132,2467,164,2303
120900133,16,494,-478
120900134,108,182,-74
120900135,4,655,-651
120900136,39,148,-109
120900137,871,55,816
120900138,1,108,-107
120900139,2,216,-214
120900140,5,188,-183
120900141,682,125,557
120900142,0,98,-98
120900143,0,176,-176
120900144,0,52,-52
120900145,145,2097,-1952
120900146,0,112,-112
120900147,3,3,0
120900148,429,119,310
120900149,0,86,-86
120900150,191,98,93
120900151,0,79,-79
120900152,20,2,18
120900153,0,0,0
120900154,0,49,-49
120900155,503,253,250
120900156,654,115,539
120900157,0,0,0
120900158,142,260,-118
120900159,2,45,-43
120900160,35,524,-489
120900161,13,406,-393
120900162,11,278,-267
120900163,44,305,-261
120900164,1,42,-41
120900165,0,83,-83
120900166,91,557,-466
120900167,139,33,106
120900169,305,188,117
120900170,442,7221,-6779
120900171,343,80,263
120900172,19,558,-539
120900173,0,34,-34
120900174,18,131,-113
120900175,203,80,123
120900176,29,637,-608
120900177,6,3681,-3675
120900178,1,1514,-1513
120900179,72,113,-41
120900180,40,139,-99
120900181,19,16,3
120900182,72,59,13
120900183,531,212,319
120900184,97,52,45
120900185,196,1123,-927
120900186,2,114,-112
120900187,1557,622,935
120900188,971,11,960
120900189,29,6349,-6320
120900190,626,15,611
120900191,428,1,427
120900192,5400,24999,-19599
120900194,229,96,133
120900195,253,130,123
120900196,483,9,474
120900197,1161,73,1088
120900198,58,322,-264
120900199,448,1207,-759
120900200,27,90,-63
120900201,179,98,81
120900202,0,92,-92
120900203,39,25,14
120900204,30,103,-73
120900205,329,36,293
120900206,113,83,30
120900207,2,71,-69
121000001,925,1379,-454
121000002,2764,2332,432
121000003,5691,1953,3738
121000004,2181,4396,-2215
121000005,2958,3576,-618
121000006,2610,3493,-883
121000007,3756,4616,-860
121000008,4700,5725,-1025
121000009,6009,9242,-3233
121000010,6201,7930,-1729
121000011,6384,7071,-687
121000012,12352,5091,7261
121000013,6743,5418,1325
121000014,4880,3300,1580
121000015,5372,7620,-2248
121000016,3623,4939,-1316
121000017,4359,2094,2265
121000018,4462,1992,2470
121000019,8596,8535,61
121000020,9182,14949,-5767
121000021,1872,3213,-1341
121000022,3140,3896,-756
121000023,3029,1610,1419
121000024,6073,7132,-1059
121000025,292,2325,-2033
121000026,233,171,62
121000027,1558,1456,102
121000028,1121,687,434
121000029,1325,631,694
121000030,938,512,426
121000031,527,558,-31
121000032,183,85,98
121000034,376,588,-212
121000035,145,279,-134
121000036,1503,1098,405
121000037,815,1030,-215
121000038,333,1238,-905
121000039,236,435,-199
121000041,505,408,97
121000042,281,335,-54
121000043,488,625,-137
121000044,1154,1602,-448
121000045,793,334,459
121000046,1412,851,561
121000047,31,70,-39
121000049,1037,679,358
121000050,260,1908,-1648
121000051,1064,319,745
121000052,560,949,-389
121000053,355,220,135
121000054,48,502,-454
121000055,1059,2729,-1670
121000056,950,1932,-982
121000057,203,397,-194
121000058,205,118,87
121000059,4336,996,3340
121000060,737,1269,-532
121000061,20,573,-553
121000062,54,606,-552
121000063,1114,1262,-148
121000064,853,1105,-252
121000065,261,577,-316
121000066,760,764,-4
121000067,348,978,-630
121000068,537,616,-79
121000069,115,1507,-1392
121000070,1221,1623,-402
121000071,2518,1684,834
121000072,720,1540,-820
121000073,1055,2500,-1445
121000074,44,500,-456
121000075,33,60,-27
121000076,326,318,8
121000077,134,155,-21
121000078,113,200,-87
121000080,1794,519,1275
121000081,3067,4466,-1399
121000082,109,156,-47
121000083,70,131,-61
121000084,175,193,-18
121000085,187,659,-472
121000086,1282,820,462
121000087,60,225,-165
121000088,971,1095,-124
121000089,173,654,-481
121000090,363,349,14
121000091,1593,837,756
121000092,333,32,301
121000093,352,133,219
121000094,457,1252,-795
121000095,268,838,-570
121000096,6755,1651,5104
121000097,625,1992,-1367
121000098,1036,468,568
121000099,1450,490,960
121000100,1869,182,1687
121000101,573,121,452
121000102,748,173,575
121000103,410,301,109
121000104,745,143,602
121000105,637,66,571
121000106,608,250,358
121000107,2074,2528,-454
121000109,1307,944,363
121000110,184,747,-563
121000114,3233,2012,1221
121000115,2258,529,1729
121000116,310,763,-453
121000117,314,252,62
121000118,1920,245,1675
121000119,584,252,332
121000120,771,1039,-268
121000121,810,1784,-974
121000123,1087,395,692
121000126,112,320,-208
121000127,394,141,253
121000128,2197,114,2083
121000129,2130,198,1932
121000130,1110,1057,53
121000131,2246,1150,1096
121000132,723,800,-77
121000135,445,668,-223
121000136,795,1797,-1002
121000137,804,571,233
121000138,383,3407,-3024
121000139,175,967,-792
121000141,250,228,22
121000142,706,514,192
121000143,111,26,85
121000144,635,1053,-418
121000145,852,607,245
121000146,1646,931,715
121000147,2084,498,1586
121000148,979,401,578
121000149,3887,1872,2015
121000152,289,477,-188
121000153,1503,477,1026
121000154,1736,525,1211
121000155,2286,1006,1280
121000156,477,822,-345
121000157,515,996,-481
121000158,334,244,90
121000159,388,325,63
121000160,409,188,221
121000161,302,346,-44
121000162,268,99,169
121000165,953,2248,-1295
121000166,65,383,-318
121000168,811,158,653
121000169,151,95,56
121000170,474,73,401
121000171,49,117,-68
121000172,1179,1616,-437
121000173,1474,1671,-197
121000174,1121,694,427
121000175,2553,378,2175
121000176,560,264,296
121000177,1150,574,576
121000178,78,79,-1
121000179,54,221,-167
121000181,315,381,-66
121000182,267,659,-392
121000183,83,348,-265
121000184,29,328,-299
121000185,23,450,-427
121000186,204,779,-575
121000187,372,270,102
121000188,593,57,536
121000192,1294,251,1043
121000193,1196,257,939
121000194,1950,1767,183
121000195,365,1200,-835
121000196,731,478,253
121000197,132,853,-721
121000198,157,236,-79
121000199,282,271,11
121000200,930,184,746
121000201,5,249,-244
121000202,1042,145,897
121000203,1259,1249,10
121000204,4543,557,3986
121000205,233,239,-6
121000206,160,81,79
121000207,3500,1029,2471
121000208,21,348,-327
121000209,1391,118,1273
121000210,1560,381,1179
121000211,723,90,633
121000212,707,499,208
121000213,14742,3570,11172
121000214,1432,3089,-1657
121000215,686,1478,-792
121000216,576,829,-253
121000217,4846,4958,-112
121000218,590,1885,-1295
121000219,2109,917,1192
121000220,267,76,191
121000221,969,717,252
121000222,7752,3420,4332
121000223,172,634,-462
121000224,126,475,-349
121000225,593,11217,-10624
121000226,967,3475,-2508
121000227,11,150,-139
121000228,54,603,-549
121000229,890,390,500
121000230,88,2536,-2448
121000231,2924,55,2869
121000232,518,320,198
121000233,1225,441,784
121000234,19,55,-36
121000235,67,205,-138
121000236,1,32,-31
121000237,28,93,-65
121000238,9,120,-111
121000239,224,21,203
121000240,15,169,-154
121000241,127,4,123
121000242,13,197,-184
121000243,220,32,188
121000244,4,45,-41
121000245,73,10,63
121000246,1,79,-78
121000247,204,5,199
121000248,369,369,0
121000249,165,256,-91
121000250,849,817,32
121000251,23,270,-247
121000252,260,189,71
121000253,662,1133,-471
121000254,1439,512,927
121000255,143,615,-472
121000256,498,696,-198
121000257,43,297,-254
121000258,51,313,-262
121000259,20,209,-189
121000260,21,120,-99
121000261,95,264,-169
121000262,1719,409,1310
121000263,712,1224,-512
121000271,1017,1837,-820
121000273,85,10,75
121000274,29,320,-291
121000275,20,5,15
121000276,22,161,-139
121000278,143,109,34
121000279,94,130,-36
121000280,62,182,-120
121000289,758,15,743
121000290,1233,1156,77
121000294,723,37,686
121000297,341,1227,-886
121000299,142,4666,-4524
121000300,1716,815,901
121000302,5,705,-700
121000303,893,307,586
121000304,772,51,721
121000305,432,44,388
121000306,330,210,120
121000308,111,209,-98
121000309,180,246,-66
121000310,204,186,18
121000311,80,253,-173
121000312,564,375,189
121000313,204,245,-41
121000314,15,48,-33
121000315,19,98,-79
121000530,3538,1487,2051
121000531,2969,1929,1040
121000532,5351,6647,-1296
121000533,4675,2819,1856
121000918,26,100,-74
121000919,19,93,-74
121000938,70,130,-60
121000939,48,275,-227
121000956,3164,2242,922
121000957,3,33,-30
121000958,6,151,-145
121000959,2308,337,1971
121000960,2262,1389,873
121000961,666,40,626
121000962,255,254,1
121000973,4,559,-555
121000976,16,88,-72
121000979,417,125,292
121000981,696,77,619
121000982,767,500,267
121000983,1036,97,939
121000984,3,61,-58
121000985,1931,683,1248
121000986,1765,350,1415
121000987,306,552,-246
121000988,2207,92,2115
121001302,283,97,186
121001308,1,15,-14
121001309,18,660,-642
121001313,378,318,60
121001314,2548,2459,89
121001315,6127,4017,2110
121900001,207,628,-421
121900002,21,173,-152
121900003,672,3,669
121900004,48,601,-553
121900005,37,8,29
121900006,358,35,323
121900007,2372,2157,215
121900008,43,113,-70
121900009,1152,17,1135
121900010,489,1,488
121900011,338,146,192
121900012,29,0,29
121900013,50,143,-93
121900014,2729,413,2316
121900015,126,129,-3
121900016,4,17,-13
121900017,786,1308,-522
121900018,758,7,751
121900019,960,214,746
121900020,54,16,38
121900021,2023,38,1985
121900022,373,138,235
121900023,277,471,-194
121900024,517,31,486
121900025,794,379,415
121900026,338,79,259
121900027,505,234,271
121900028,316,26,290
121900029,167,628,-461
121900030,510,430,80
121900031,1388,9294,-7906
121900032,169,83,86
121900033,146,185,-39
121900034,304,184,120
121900035,5147,3213,1934
121900036,198,171,27
121900037,311,871,-560
121900038,45,47,-2
121900039,244,24,220
121900040,113,78,35
121900041,37,175,-138
121900042,729,149,580
121900043,0,1,-1
121900044,56,47,9
121900046,202,141,61
121900047,189,40,149
121900048,182,39,143
121900050,58,159,-101
121900051,249,253,-4
121900052,213,20,193
121900053,554,504,50
121900054,573,2445,-1872
121900055,10,20,-10
121900058,595,211,384
121900059,329,182,147
121900060,173,499,-326
121900061,147,204,-57
121900062,194,117,77
121900063,2824,312,2512
121900064,686,610,76
121900066,192,36,156
121900067,77,156,-79
121900069,98,175,-77
121900070,167,310,-143
121900071,1276,364,912
121900072,45,108,-63
121900073,323,177,146
121900074,352,655,-303
121900075,369,943,-574
121900076,605,930,-325
121900077,31,9,22
121900078,292,100,192
121900079,1,0,1
121900080,1225,206,1019
121900082,124,94,30
121900084,37,23,14
121900085,3,5,-2
121900086,36,38,-2
121900087,97,59,38
121900088,1406,1966,-560
121900089,566,181,385
121900090,55,136,-81
121900091,134,15,119
121900092,402,78,324
121900093,134,77,57
121900094,6,24,-18
121900095,631,111,520
121900096,1558,600,958
121900097,1117,109,1008
121900098,14,12,2
121900099,571,47,524
121900100,76,203,-127
121900101,136,66,70
121900102,3,64,-61
121900103,725,240,485
121900104,2525,557,1968
121900105,247,172,75
121900106,7,23,-16
121900107,260,35,225
121900108,0,13,-13
121900109,268,79,189
121900110,1301,333,968
121900111,454,417,37
121900112,232,120,112
121900113,33,805,-772
121900114,124,75,49
121900117,149,107,42
121900118,1640,652,988
121900119,209,204,5
121900120,54,944,-890
121900121,503,20,483
121900122,197,67,130
121900123,329,307,22
121900124,192,263,-71
121900125,2521,1433,1088
121900127,27,76,-49
121900128,112,49,63
121900129,182,86,96
121900130,124,312,-188
121900131,344,114,230
121900132,193,124,69
121900133,7,718,-711
121900134,13,308,-295
121900135,4778,392,4386
121900136,288,631,-343
121900137,26,412,-386
121900138,103,252,-149
121900139,428,1896,-1468
121900140,78,48,30
121900141,79,69,10
121900142,148,10,138
121900143,16,165,-149
121900144,132,552,-420
121900145,306,683,-377
121900146,428,391,37
121900147,78,156,-78
121900148,82,208,-126
121900149,391,273,118
121900150,117,88,29
121900151,23,223,-200
121900152,232,60,172
121900153,13,260,-247
121900154,2,269,-267
121900155,0,444,-444
121900156,187,116,71
121900157,2,76,-74
121900158,177,115,62
121900159,1,108,-107
121900160,60,112,-52
121900161,121,239,-118
121900162,79,123,-44
121900163,889,197,692
121900164,190,147,43
121900165,153,164,-11
121900166,181,63,118
121900167,67,33,34
121900168,114,38,76
121900169,34,104,-70
121900170,17,100,-83
121900171,1272,420,852
121900172,619,217,402
121900173,578,246,332
121900174,213,29,184
121900175,74,800,-726
121900176,1137,1524,-387
121900177,261,108,153
121900178,66,26,40
121900179,411,418,-7
121900180,1395,9386,-7991
121900182,590,373,217
121900183,205,3052,-2847
121900184,27,1049,-1022
121900186,4,506,-502
121900187,12,113,-101
121900188,1709,119,1590
121900189,91,82,9
121900190,212,483,-271
121900191,53,290,-237
121900192,236,2257,-2021
121900193,82,174,-92
121900194,9,198,-189
121900195,12,28,-16
121900196,1010,995,15
121900197,441,748,-307
121900198,3032,3395,-363
121900199,3,45,-42
121900200,60,423,-363
121900201,675,1496,-821
121900202,178,1427,-1249
121900203,72,1217,-1145
121900204,1052,2032,-980
121900205,25,97,-72
121900206,29,42,-13
121900207,58,73,-15
121900208,85,460,-375
121900209,305,119,186
121900210,3375,1542,1833
121900211,14,89,-75
121900212,33,204,-171
121900213,926,57,869
121900214,2,755,-753
121900215,63,167,-104
121900216,3,408,-405
121900217,99,386,-287
121900218,156,721,-565
121900220,101,19,82
121900221,420,417,3
121900222,444,45,399
121900223,111,107,4
121900224,131,161,-30
121900225,122,452,-330
121900226,298,39,259
121900227,351,2065,-1714
121900228,167,267,-100
121900230,49,311,-262
121900231,24,911,-887
121900232,93,443,-350
121900233,285,177,108
121900234,400,261,139
121900235,1193,84,1109
121900236,340,162,178
121900237,151,369,-218
121900238,131,278,-147
121900239,190,24,166
121900240,181,117,64
121900241,54,68,-14
121900242,38,0,38
121900243,17,0,17
121900244,19,1,18
121900245,382,76,306
121900246,7713,306,7407
121900247,248,514,-266
121900248,1447,870,577
121900250,227,202,25
121900251,521,40,481
121900252,469,119,350
121900253,28,629,-601
121900254,178,219,-41
121900255,576,85,491
121900258,5002,2026,2976
121900259,237,379,-142
121900260,315,84,231
121900261,120,601,-481
121900262,458,1182,-724
121900263,320,259,61
121900264,740,940,-200
121900265,747,113,634
121900266,1208,97,1111
121900267,204,31,173
121900269,286,1231,-945
121900270,108,252,-144
121900271,69,159,-90
121900273,638,2297,-1659
121900274,843,272,571
121900277,256,698,-442
121900278,153,1090,-937
121900279,243,209,34
121900280,188,521,-333
121900281,112,171,-59
121900284,26,1,25
121900286,345,240,105
121900287,18,122,-104
121900288,5,1,4
121900290,164,1050,-886
121900291,396,714,-318
121900292,341,102,239
121900293,1110,4617,-3507
121900294,518,21,497
121900295,289,89,200
121900296,154,162,-8
121900298,125,1333,-1208
121900299,0,48,-48
121900300,47,11,36
121900301,30,2,28
121900302,35,64,-29
121900303,133,354,-221
121900304,46,43,3
121900305,27,22,5
121900306,781,2,779
121900307,650,29,621
121900308,30,192,-162
121900309,26,131,-105
121900310,57,110,-53
121900311,1088,47,1041
121900312,702,18,684
121900313,829,25,804
121900314,15,5,10
121900315,66,0,66
121900316,0,1,-1
121900317,69,4,65
121900318,0,2,-2
121900319,67,263,-196
121900320,49,9,40
121900321,40,0,40
121900322,1,4,-3
121900323,41,50,-9
121900324,5,35,-30
121900325,21,0,21
121900326,3,10,-7
121900327,21,40,-19
121900328,1,44,-43
121900329,0,56,-56
121900330,0,101,-101
121900331,1,212,-211
121900332,51,25,26
121900333,80,1,79
122000001,1644,3206,-1562
122000002,2762,585,2177
122000003,804,1825,-1021
122000004,1048,1447,-399
122000005,4999,2107,2892
122000006,450,850,-400
122000007,470,854,-384
122000008,928,1951,-1023
122000009,236,355,-119
122000010,2045,2175,-130
122000011,3221,1063,2158
122000012,664,1427,-763
122000013,614,1084,-470
122000014,6306,1168,5138
122000015,1272,605,667
122000016,435,512,-77
122000017,984,978,6
122000018,2504,1492,1012
122000019,822,2137,-1315
122000020,229,401,-172
122000021,110,351,-241
122000022,842,1093,-251
122000023,769,1626,-857
122000024,353,1676,-1323
122000025,396,2104,-1708
122000026,269,880,-611
122000027,673,585,88
122000028,1549,582,967
122000029,392,619,-227
122000030,195,136,59
122000031,177,537,-360
122000032,2392,1746,646
122000033,391,1445,-1054
122000034,255,878,-623
122000035,111,396,-285
122000036,504,396,108
122000037,473,235,238
122000038,216,323,-107
122000039,617,366,251
122000040,172,311,-139
122000041,1231,952,279
122000042,426,701,-275
122000043,83,156,-73
122000044,72,138,-66
122000045,1161,616,545
122000046,995,741,254
122000047,57,124,-67
122000048,2479,4051,-1572
122000049,5330,3931,1399
122000050,593,514,79
122000051,236,618,-382
122000052,461,539,-78
122000053,284,1587,-1303
122000054,2542,1722,820
122000055,1726,2617,-891
122000056,2756,2071,685
122000057,2108,2375,-267
122000058,356,1226,-870
122000059,569,2140,-1571
122000060,376,560,-184
122000061,139,449,-310
122000062,665,446,219
122000063,191,1375,-1184
122000064,2909,3940,-1031
122000065,2399,2269,130
122000066,851,1594,-743
122000067,1130,1589,-459
122000068,3308,1418,1890
122000069,1427,822,605
122000070,1674,1820,-146
122000071,4117,1213,2904
122000072,732,545,187
122000073,117,869,-752
122000074,2940,1866,1074
122000075,1191,1059,132
122000076,3419,1251,2168
122000077,504,1575,-1071
122000078,494,1446,-952
122000079,211,1955,-1744
122000080,485,324,161
122000081,113,210,-97
122000082,294,1316,-1022
122000083,6774,1004,5770
122000084,5315,1663,3652
122000085,410,891,-481
122000086,2701,7532,-4831
122000087,237,324,-87
122000088,111,325,-214
122000089,4549,3265,1284
122000090,275,1257,-982
122000091,126,549,-423
122000092,55,199,-144
122000093,1538,4476,-2938
122000094,5663,3131,2532
122000095,692,4647,-3955
122000096,590,3047,-2457
122000098,3749,3571,178
122000099,330,2500,-2170
122000100,662,410,252
122000101,386,1052,-666
122000102,3267,1103,2164
122000103,1339,1799,-460
122000104,1433,159,1274
122000105,594,431,163
122000106,616,1611,-995
122000107,1639,306,1333
122000108,731,541,190
122000109,399,211,188
122000110,587,492,95
122000111,1845,1319,526
122000112,1595,1783,-188
122000113,645,422,223
122000114,1447,3543,-2096
122000115,4755,2296,2459
122000116,327,841,-514
122000117,1431,865,566
122000118,1316,881,435
122000119,2281,1698,583
122000120,1093,2783,-1690
122000121,1584,2703,-1119
122000122,695,1208,-513
122000123,1332,2201,-869
122000124,854,453,401
122000125,306,591,-285
122000126,351,581,-230
122000127,249,860,-611
122000128,540,426,114
122000129,367,3062,-2695
122000130,3654,1115,2539
122000131,1807,839,968
122000132,204,279,-75
122000133,1558,623,935
122000134,1531,739,792
122000135,540,156,384
122000136,1173,633,540
122000137,3612,583,3029
122000139,703,4190,-3487
122000140,106,989,-883
122000141,4312,1873,2439
122000142,121,1845,-1724
122000143,384,333,51
122000144,2933,819,2114
122000145,880,2218,-1338
122000146,641,3865,-3224
122000147,755,1004,-249
122000148,358,1374,-1016
122000149,2025,635,1390
122000150,2243,1164,1079
122000151,146,384,-238
122000152,409,247,162
122000153,489,346,143
122000154,169,287,-118
122000155,1146,3063,-1917
122000156,8041,4158,3883
122000157,632,8745,-8113
122000158,430,935,-505
122000159,1709,766,943
122000160,2606,1419,1187
122000161,1372,1129,243
122000162,852,1124,-272
122000163,372,110,262
122000164,42,178,-136
122000165,1056,1605,-549
122000166,599,1993,-1394
122000167,208,673,-465
122000168,244,1299,-1055
122000169,358,159,199
122000170,342,206,136
122000171,19,63,-44
122000172,2032,1439,593
122000173,1715,2513,-798
122000174,1139,5210,-4071
122000175,548,311,237
122000176,418,1837,-1419
122000177,984,2223,-1239
122000178,3397,3930,-533
122000179,3339,4671,-1332
122000180,688,1016,-328
122000181,665,1751,-1086
122000182,1002,1076,-74
122000183,2137,885,1252
122000184,3503,3245,258
122000185,1155,2900,-1745
122000186,592,1236,-644
122000187,2285,817,1468
122000188,469,214,255
122000189,303,292,11
122000190,452,2317,-1865
122000191,611,805,-194
122000192,1551,452,1099
122000193,705,656,49
122000194,417,173,244
122000195,182,1272,-1090
122000196,1912,370,1542
122000197,805,686,119
122000198,437,2338,-1901
122000199,311,231,80
122000200,818,855,-37
122000201,1146,3168,-2022
122000202,738,3444,-2706
122000203,2198,1447,751
122000204,1484,1181,303
122000205,798,602,196
122000206,4668,1116,3552
122000207,2640,1879,761
122000208,2402,1488,914
122000209,2907,465,2442
122000210,2487,2104,383
122000211,1337,1899,-562
122000212,937,503,434
122000213,890,1865,-975
122000214,2146,1933,213
122000215,2765,2948,-183
122000217,1523,2215,-692
122000218,703,84,619
122000219,1226,636,590
122000220,302,811,-509
122000221,100,428,-328
122000222,559,134,425
122000223,889,799,90
122000225,911,521,390
122000226,1785,1368,417
122000227,192,1285,-1093
122000228,445,440,5
122000229,24,1265,-1241
122000230,50,401,-351
122000231,298,1075,-777
122000232,602,339,263
122000233,0,47,-47
122000234,1044,118,926
122000235,591,71,520
122000236,2139,67,2072
122000237,177,230,-53
122000238,352,677,-325
122000239,658,1104,-446
122000240,1737,589,1148
122000241,4097,544,3553
122000242,646,87,559
122000243,23,69,-46
122000244,4,445,-441
122000245,11,107,-96
122000246,7,278,-271
122000247,1020,2663,-1643
122000248,1269,1130,139
122000249,2140,2535,-395
122000250,2640,842,1798
122000251,157,154,3
122000252,289,36,253
122000253,141,139,2
122000254,796,46,750
122000255,607,531,76
122000256,438,469,-31
122000257,693,218,475
122000258,449,253,196
122000259,60,176,-116
122000260,6,68,-62
122000261,9,211,-202
122000262,0,14,-14
122000263,286,200,86
122000264,2424,339,2085
122000265,3771,1209,2562
122000266,4561,420,4141
122000267,72,79,-7
122000268,198,118,80
122000269,1071,298,773
122000270,654,198,456
122000271,196,1838,-1642
122000272,469,535,-66
122000273,937,258,679
122000274,370,194,176
122000275,36,193,-157
122000276,2463,794,1669
122000277,1161,2908,-1747
122000278,3544,493,3051
122000279,366,308,58
122000280,708,645,63
122000281,693,377,316
122000282,97,911,-814
122000283,272,346,-74
122000284,66,417,-351
122000285,503,185,318
122000286,119,237,-118
122000287,2298,2163,135
122000288,663,321,342
122000291,3405,760,2645
122000293,242,227,15
122000294,164,597,-433
122000295,1444,489,955
122000296,49,1659,-1610
122000297,2155,4655,-2500
122000299,792,312,480
122000300,407,704,-297
122000301,7002,5693,1309
122000302,494,6427,-5933
122000303,1801,1365,436
122000304,25,324,-299
122000305,2913,302,2611
122000306,145,314,-169
122000307,96,170,-74
122000309,28,69,-41
122000310,11,82,-71
122000311,35,101,-66
122000312,169,212,-43
122000313,22,219,-197
122000314,279,1009,-730
122000315,396,39,357
122000316,2423,258,2165
122000317,4544,316,4228
122000318,428,2954,-2526
122000319,147,232,-85
122000320,311,722,-411
122000321,110,163,-53
122000322,1171,2043,-872
122000323,437,1517,-1080
122000324,1602,2111,-509
122000325,820,2142,-1322
122000326,244,73,171
122000327,389,825,-436
122000328,549,526,23
122000330,2917,1767,1150
122000332,240,473,-233
122000333,94,54,40
122000337,2281,1200,1081
122000338,840,194,646
122000340,142,2918,-2776
122000342,1235,859,376
122000343,769,263,506
122000344,135,6,129
122000345,55,15,40
122000346,358,118,240
122000348,766,648,118
122000349,66,358,-292
122000351,575,193,382
122000352,174,101,73
122000353,323,45,278
122000355,75,528,-453
122000356,254,1551,-1297
122000357,84,39,45
122000358,0,20,-20
122000359,0,6,-6
122000360,0,0,0
122000362,22,50,-28
122000364,661,240,421
122000365,1,44,-43
122000366,16,13,3
122000368,704,735,-31
122000370,52,40,12
122000371,153,0,153
122000372,56,4,52
122000381,384,364,20
122000382,46,114,-68
122000384,1221,1184,37
122000385,120,0,120
122000386,150,2396,-2246
122000387,511,2093,-1582
122000388,1578,1211,367
122000389,180,1010,-830
122000390,300,518,-218
122000391,25,1747,-1722
122000392,140,142,-2
122000393,53,177,-124
122000394,975,192,783
122000395,226,192,34
122000396,502,53,449
122000397,54,113,-59
122000398,7,236,-229
122000399,266,68,198
122000400,17,1162,-1145
122000401,208,44,164
122000402,1178,128,1050
122000403,351,221,130
122000404,523,179,344
122000408,517,776,-259
122000503,8,91,-83
122000524,63,214,-151
122000544,114,3227,-3113
122000616,295,2,293
122000640,179,60,119
122000641,339,171,168
122000642,1459,592,867
122000643,59,275,-216
122000644,202,104,98
122000645,76,186,-110
122000651,284,1613,-1329
122000664,341,52,289
122000665,1432,396,1036
122000666,432,442,-10
122000673,49,138,-89
122000674,1051,292,759
122000675,3690,690,3000
122000686,472,2241,-1769
122000687,3572,764,2808
122000688,331,366,-35
122000689,3383,271,3112
122000690,6991,563,6428
122000691,1462,595,867
122000692,2102,721,1381
122000693,497,662,-165
122000695,697,260,437
122000696,1557,195,1362
122000698,525,155,370
122000699,903,183,720
122000701,3405,272,3133
122000702,658,988,-330
122000703,261,54,207
122000717,122,105,17
122000718,292,3146,-2854
122000719,13,78,-65
122000720,1411,88,1323
122000724,102,15,87
122900001,107,31,76
122900002,913,11824,-10911
122900003,802,11,791
122900004,6130,428,5702
122900005,41,420,-379
122900006,415,3293,-2878
122900007,62,92,-30
122900008,306,608,-302
122900009,420,307,113
122900010,322,101,221
122900012,320,433,-113
122900014,111,95,16
122900015,1199,835,364
122900016,131,184,-53
122900017,413,1225,-812
122900018,294,7,287
122900019,10,83,-73
122900020,327,971,-644
122900021,10,883,-873
122900022,2562,1234,1328
122900023,1633,193,1440
122900024,173,113,60
122900025,2,579,-577
122900026,7,124,-117
122900027,61,866,-805
122900028,45,53,-8
122900029,6290,2332,3958
122900030,1831,341,1490
122900031,88,421,-333
122900032,631,431,200
122900033,152,104,48
122900034,3548,5333,-1785
122900035,12,6,6
122900036,56,59,-3
122900037,763,256,507
122900038,74,3287,-3213
122900039,97,576,-479
122900040,359,958,-599
122900041,151,695,-544
122900042,163,147,16
122900043,540,272,268
122900044,172,456,-284
122900045,218,149,69
122900046,97,524,-427
122900047,211,91,120
122900048,36,307,-271
122900049,2555,55,2500
122900051,38,271,-233
122900052,131,77,54
122900053,17,16,1
122900055,342,96,246
122900057,344,58,286
122900061,733,40,693
122900062,770,1284,-514
122900063,393,140,253
122900064,1416,694,722
122900065,742,191,551
122900066,1119,204,915
122900067,823,664,159
122900068,113,233,-120
122900069,599,3245,-2646
122900070,652,86,566
122900071,117,298,-181
122900072,11,184,-173
122900073,24,83,-59
122900074,2496,161,2335
122900075,0,35,-35
122900076,4,62,-58
122900077,0,52,-52
122900078,455,14,441
122900080,17,91,-74
122900081,303,45,258
122900082,2755,88,2667
122900083,248,40,208
122900084,1,107,-106
122900086,2,103,-101
122900087,652,281,371
122900088,23,718,-695
122900089,35,678,-643
122900090,4,127,-123
122900091,1064,3,1061
122900092,0,95,-95
122900093,3,121,-118
122900094,0,118,-118
122900095,442,56,386
122900096,1401,82,1319
122900097,30,161,-131
122900098,5,149,-144
122900099,225,123,102
122900100,103,1812,-1709
122900101,437,398,39
122900102,116,79,37
122900103,526,31,495
122900104,973,16,957
122900105,36,78,-42
122900106,2,34,-32
122900107,1,62,-61
122900108,1,49,-48
123000001,930,956,-26
123000002,2524,6526,-4002
123000003,6487,5081,1406
123000004,2768,3221,-453
123000005,4862,2564,2298
123000006,2222,1703,519
123000007,5601,3608,1993
123000008,2135,3584,-1449
123000009,5914,3541,2373
123000010,2924,3560,-636
123000011,1750,1171,579
123000012,518,3234,-2716
123000013,7159,1233,5926
123000014,749,2687,-1938
123000015,3879,935,2944
123000016,2464,2613,-149
123000017,5029,2121,2908
123000018,151,87,64
123000019,1486,52,1434
123000020,1156,57,1099
123000021,782,957,-175
123000022,1169,3492,-2323
123000023,2572,4057,-1485
123000024,2292,839,1453
123000025,13,116,-103
123000026,3,237,-234
123000027,34,748,-714
123000028,488,3045,-2557
123000029,467,2097,-1630
123000030,504,237,267
123000031,951,172,779
123000032,1460,212,1248
123000033,474,107,367
123000034,1568,803,765
123000035,437,603,-166
123000036,235,1481,-1246
123000037,308,159,149
123000038,80,226,-146
123000039,563,1463,-900
123000040,592,196,396
123000041,571,1331,-760
123000042,405,1080,-675
123000043,1697,17752,-16055
123000044,2898,2310,588
123000045,2674,1587,1087
123000046,315,1197,-882
123000047,328,629,-301
123000048,265,2309,-2044
123000049,5507,10712,-5205
123000050,3884,2258,1626
123000051,241,400,-159
123000052,1462,3585,-2123
123000053,2913,2502,411
123000054,3996,2837,1159
123000055,2674,7191,-4517
123000056,1389,732,657
123000057,3533,5976,-2443
123000058,934,1963,-1029
123000059,232,460,-228
123000060,1735,667,1068
123000061,547,583,-36
123000063,2107,1516,591
123000064,2581,163,2418
123000065,3116,3905,-789
123000066,423,546,-123
123000067,1223,468,755
123000068,1780,1454,326
123000069,2371,1131,1240
123000070,191,236,-45
123000071,3730,435,3295
123000072,1218,383,835
123000073,3658,749,2909
123000074,1203,620,583
123000075,460,2742,-2282
123000076,1334,264,1070
123000077,2464,1113,1351
123000078,4427,724,3703
123000079,4706,1264,3442
123000080,3230,714,2516
123000081,434,252,182
123000082,290,492,-202
123000083,1627,194,1433
123000084,1096,254,842
123000085,967,68,899
123000086,1780,91,1689
123000087,820,163,657
123000088,1404,834,570
123000089,1813,874,939
123000090,1954,707,1247
123000091,2225,1612,613
123000092,923,1390,-467
123000094,1513,112,1401
123000095,2108,2246,-138
123000096,2221,319,1902
123000097,1093,254,839
123000098,2181,284,1897
123000099,1222,260,962
123000100,209,766,-557
123000101,383,263,120
123000102,671,1379,-708
123000104,661,446,215
123000105,391,137,254
123000106,980,302,678
123000107,399,120,279
123000108,513,697,-184
123000111,2293,457,1836
123000112,2941,375,2566
123000113,745,382,363
123000114,464,1011,-547
123000115,814,706,108
123000116,81,52,29
123000117,4655,1775,2880
123000118,894,339,555
123000119,453,400,53
123000120,345,750,-405
123000121,844,449,395
123000122,448,180,268
123000123,917,369,548
123000124,500,145,355
123000125,1950,762,1188
123000126,1326,4888,-3562
123000127,562,341,221
123000128,360,81,279
123000129,2124,75,2049
123000130,1950,28,1922
123000131,2812,940,1872
123000132,436,332,104
123000133,212,128,84
123000134,279,60,219
123000135,4901,1960,2941
123000136,268,303,-35
123000137,285,106,179
123000138,262,199,63
123000139,1223,46,1177
123000140,62,435,-373
123000141,718,90,628
123000142,1304,694,610
123000143,924,1532,-608
123000144,4,45,-41
123000145,169,971,-802
123000146,39,179,-140
123000147,51,336,-285
123000149,345,151,194
123000150,126,165,-39
123000151,166,497,-331
123000152,16,516,-500
123000153,77,844,-767
123000154,811,2449,-1638
123000155,1602,2377,-775
123000156,31,45,-14
123000157,1016,1115,-99
123000158,545,1313,-768
123000159,2765,7310,-4545
123000160,1622,2119,-497
123000161,1885,1998,-113
123000162,2538,3161,-623
123000163,1984,338,1646
123000164,4115,178,3937
123000165,158,803,-645
123000166,11,83,-72
123000167,129,117,12
123000168,576,85,491
123000169,1798,160,1638
123000170,203,27,176
123000171,2859,39,2820
123000172,147,259,-112
123000173,938,670,268
123000174,1175,630,545
123000175,245,734,-489
123000176,1571,418,1153
123000177,214,887,-673
123000178,1659,344,1315
123000179,23,397,-374
123000180,2454,404,2050
123000181,199,692,-493
123000182,450,303,147
123000183,205,730,-525
123000184,56,428,-372
123000185,2116,1023,1093
123000186,1,125,-124
123000187,1046,25,1021
123000188,745,0,745
123000189,328,126,202
123000190,136,80,56
123000192,5,194,-189
123000193,17,266,-249
123000194,240,142,98
123000195,695,23,672
123000196,910,47,863
123000197,126,130,-4
123000198,184,333,-149
123000199,37,291,-254
123000200,984,10,974
123000201,2524,23,2501
123000202,27,315,-288
123000203,2333,32,2301
123000204,23,375,-352
123000205,139,512,-373
123000206,5085,185,4900
123000207,82,420,-338
123000208,1615,93,1522
123000209,2936,614,2322
123000210,109,742,-633
123000211,330,989,-659
123000212,7687,442,7245
123000213,1026,61,965
123000215,98,173,-75
123000216,304,1920,-1616
123000217,363,112,251
123000218,31,817,-786
123000219,843,208,635
123000220,884,567,317
123000221,308,117,191
123000222,913,196,717
123000223,1830,162,1668
123000224,947,222,725
123000225,631,78,553
123000226,329,457,-128
123000227,181,197,-16
123000228,643,79,564
123000229,798,573,225
123000232,94,560,-466
123000233,1614,80,1534
123000234,89,474,-385
123000235,3287,187,3100
123000236,459,451,8
123000237,1179,172,1007
123000238,27,284,-257
123000239,489,438,51
123000240,28,1176,-1148
123000241,317,48,269
123000242,412,219,193
123000243,1147,771,376
123000244,979,443,536
123000245,9,133,-124
123000249,279,657,-378
123000252,1391,396,995
123000253,2923,582,2341
123000254,866,418,448
123000255,1738,890,848
123000256,14,255,-241
123000257,1731,1587,144
123000258,842,520,322
123000259,895,593,302
123000260,1105,180,925
123000261,743,134,609
123000262,56,65,-9
123000263,1018,72,946
123000264,224,90,134
123000265,22,79,-57
123000266,658,590,68
123000267,1530,257,1273
123000268,80,18,62
123000269,49,34,15
123000270,56,34,22
123000271,59,26,33
123000272,857,336,521
123000273,478,1112,-634
123000274,1810,806,1004
123000275,208,566,-358
123000278,1594,5585,-3991
123000279,357,109,248
123000280,461,408,53
123000281,584,126,458
123000282,129,198,-69
123000283,429,81,348
123000284,63,74,-11
123000286,147,377,-230
123000287,343,293,50
123000288,949,1890,-941
123000289,201,2574,-2373
123000291,119,640,-521
123000294,178,149,29
123000295,749,1550,-801
123000296,1346,689,657
123000297,1471,285,1186
123000298,2456,308,2148
123000299,204,124,80
123000300,2152,797,1355
123000301,290,826,-536
123000302,384,45,339
123000303,77,670,-593
123000305,605,718,-113
123000306,549,89,460
123000309,55,140,-85
123000310,132,47,85
123000311,0,46,-46
123000312,312,335,-23
123000313,1070,1663,-593
123000315,514,130,384
123000316,1169,321,848
123000317,411,119,292
123000318,18,321,-303
123000329,20,8,12
123000337,462,302,160
123000338,169,472,-303
123000339,861,66,795
123000340,115,283,-168
123000342,3,146,-143
123000343,192,63,129
123000344,384,104,280
123000345,394,220,174
123000346,967,110,857
123000352,1136,555,581
123000353,83,83,0
123000354,1853,19,1834
123000355,1,551,-550
123000356,849,24,825
123000357,0,77,-77
123000359,22,50,-28
123000360,309,460,-151
123000361,513,116,397
123000362,993,72,921
123000363,309,134,175
123000364,658,938,-280
123000365,27,397,-370
123000366,353,3994,-3641
123000367,348,457,-109
123000370,43,514,-471
123000371,1040,115,925
123000372,709,141,568
123000373,32,195,-163
123000374,35,113,-78
123000375,613,731,-118
123000376,1558,704,854
123000377,1501,20,1481
123000378,11,212,-201
123000379,14,275,-261
123000380,12,262,-250
123000381,70,165,-95
123000382,894,239,655
123000383,74,1038,-964
123000384,1213,292,921
123000385,234,446,-212
123000436,144,1856,-1712
123000507,74,146,-72
123000508,268,1780,-1512
123000517,286,3,283
123000518,14,48,-34
123000519,252,45,207
123000520,34,62,-28
123000521,745,40,705
123000522,113,86,27
123000541,31,4,27
123000542,0,2,-2
123000565,0,7,-7
123000566,2610,339,2271
123000567,292,89,203
123000573,25,314,-289
123000574,2167,147,2020
123000575,4559,414,4145
123000576,1939,525,1414
123000577,55,497,-442
123000578,917,48,869
123000579,952,9695,-8743
123000580,72,107,-35
123000582,1331,68,1263
123000583,15,200,-185
123000584,238,144,94
123000585,0,28,-28
123000586,461,0,461
123000596,60,37,23
123000597,178,169,9
123000602,381,42,339
123000603,2771,256,2515
123000604,1891,262,1629
123000605,1460,139,1321
123000606,1,964,-963
123000609,28,328,-300
123000610,97,95,2
123000613,175,72,103
123000614,592,42,550
123000615,161,37,124
123000616,2362,34,2328
123000617,143,168,-25
123000618,13,244,-231
123000619,883,29,854
123000620,17,183,-166
123000622,1234,40,1194
123000624,730,40,690
123000630,3131,733,2398
123000631,455,561,-106
123000632,736,375,361
123000633,0,217,-217
123000634,42,836,-794
123000635,54,203,-149
123000636,77,440,-363
123000637,294,25,269
123000638,1811,29,1782
123000639,1460,11085,-9625
123000640,21,234,-213
123900001,1695,83,1612
123900002,31,1727,-1696
123900003,138,306,-168
123900005,465,244,221
123900006,775,68,707
124000001,3703,352,3351
124000002,27,580,-553
124000003,2390,236,2154
124000004,157,207,-50
124000005,2084,2101,-17
124000006,285,477,-192
124000007,1755,409,1346
124000008,2,1046,-1044
124000009,1229,602,627
124000010,967,748,219
124000011,1809,1270,539
124000012,794,245,549
124000017,488,92,396
124000018,330,116,214
124000019,368,103,265
124000020,173,68,105
124000021,231,100,131
124000022,159,133,26
124000023,1952,1812,140
124000024,1131,225,906
124000025,1643,1808,-165
124000026,1237,972,265
124000027,3617,2372,1245
124000028,1228,3481,-2253
124000030,1721,1183,538
124000031,1639,15873,-14234
124000032,1148,698,450
124000033,7,848,-841
124000034,1466,1198,268
124000035,24,347,-323
124000036,87,627,-540
124000037,448,749,-301
124000038,33,93,-60
124000039,450,293,157
124000040,258,1206,-948
124000041,1346,310,1036
124000042,365,659,-294
124000043,304,61,243
124000044,129,263,-134
124000045,2688,265,2423
124000046,344,586,-242
124000047,5346,461,4885
124000048,2215,338,1877
124000049,3418,472,2946
124000050,1354,995,359
124000051,2591,266,2325
124000052,1005,553,452
124000053,518,3680,-3162
124000054,948,222,726
124000055,1352,9073,-7721
124000056,1613,590,1023
124000057,2601,319,2282
124000058,1125,673,452
124000059,1925,1435,490
124000060,502,453,49
124000061,1574,8958,-7384
124000062,1376,960,416
124000063,1219,665,554
124000064,1206,1208,-2
124000065,13,2181,-2168
124000066,624,7595,-6971
124000067,146,211,-65
124000068,49,59,-10
124000069,299,52,247
124000070,253,29,224
124000071,286,654,-368
124000072,765,3306,-2541
124000073,1536,87,1449
124000074,332,546,-214
124000075,1119,83,1036
124000076,139,50,89
124000077,473,927,-454
124000078,1828,985,843
124000079,377,1062,-685
124000080,1772,463,1309
124000081,520,1000,-480
124000082,163,110,53
124000083,51,107,-56
124000084,58,1319,-1261
124000085,52,25,27
124000086,5,429,-424
124000087,77,457,-380
124000088,188,384,-196
124000089,924,174,750
124000090,209,251,-42
124000091,945,83,862
124000092,552,416,136
124000093,219,138,81
124000094,198,815,-617
124000095,255,49,206
124000096,479,261,218
124000097,281,69,212
124000098,286,74,212
124000099,431,123,308
124000100,124,90,34
124000101,252,153,99
124000102,174,17,157
124000103,351,128,223
124000104,155,23,132
124000105,410,85,325
124000106,254,19,235
124000107,57,357,-300
124000108,46,11,35
124000109,294,75,219
124000110,180,52,128
124000111,345,116,229
124000112,1886,376,1510
124000113,313,142,171
124000114,862,284,578
124000115,625,621,4
124000116,83,330,-247
124000117,52,72,-20
124000118,29,73,-44
124000119,1287,761,526
124000120,1138,311,827
124000121,1041,1007,34
124000122,551,1920,-1369
124000123,679,286,393
124000124,639,771,-132
124000125,646,263,383
124000126,446,374,72
124000127,1232,285,947
124000128,1189,389,800
124000129,1803,945,858
124000130,464,235,229
124000131,708,575,133
124000132,572,486,86
124000133,1627,837,790
124000134,863,379,484
124000135,1890,2051,-161
124000136,569,608,-39
124000137,1063,1060,3
124000138,788,705,83
124000139,625,124,501
124000140,40,573,-533
124000141,56,44,12
124000142,15,652,-637
124000143,50,76,-26
124000144,28,119,-91
124000145,222,301,-79
124000146,38,448,-410
124000148,23,168,-145
124000149,1455,287,1168
124000150,412,1701,-1289
124000151,1963,505,1458
124000152,994,1166,-172
124000153,1601,806,795
124000154,997,680,317
124000155,1087,805,282
124000156,1068,825,243
124000169,197,1090,-893
124000170,736,402,334
124000171,438,450,-12
124000172,361,450,-89
124000173,1336,219,1117
124000174,814,464,350
124000175,85,110,-25
124000176,135,48,87
124000177,6,98,-92
124000178,46,156,-110
124000190,26,96,-70
124000191,67,365,-298
124000192,1762,1591,171
124000193,219,4356,-4137
124000194,358,276,82
124000195,574,460,114
124000196,620,617,3
124000197,95,7,88
124000198,130,19,111
124000201,78,309,-231
124000202,1324,128,1196
124000203,1874,182,1692
124000204,4686,348,4338
124000205,330,737,-407
124000206,3136,738,2398
124000207,0,16,-16
124000209,278,172,106
124000210,2596,378,2218
124000211,2435,4,2431
124000212,1,189,-188
124000213,1466,225,1241
124000214,1618,247,1371
124000215,1984,4,1980
124000216,10,447,-437
124000329,84,557,-473
124000338,131,491,-360
124000339,6858,26,6832
124000341,4860,47,4813
124000344,134,47,87
124000357,1408,3957,-2549
124000358,770,2360,-1590
124000359,1665,676,989
124000360,1969,518,1451
124000361,3629,1318,2311
124000362,1785,3664,-1879
124000363,651,170,481
124000364,542,301,241
124000365,943,610,333
124000366,2318,636,1682
124000367,87,213,-126
124000368,357,2391,-2034
124000369,70,94,-24
124000370,65,838,-773
124000402,78,42,36
124000403,312,58,254
124000404,235,60,175
124000405,804,622,182
124000406,750,312,438
124000407,13,16,-3
124000411,6,414,-408
124000412,1064,1,1063
124000413,245,405,-160
124000414,241,56,185
124000415,77,26,51
124000416,291,90,201
124000417,652,71,581
124000418,674,29,645
124000419,206,24,182
124000420,472,26,446
124000421,105,48,57
124000422,15,23,-8
124000423,198,26,172
124000424,38,43,-5
124000425,49,91,-42
124000426,18,213,-195
124000427,79,6,73
124000428,14,1367,-1353
124000429,327,16,311
124000430,1643,585,1058
124000431,690,279,411
124000432,690,988,-298
124000439,88,2,86
124000443,2,9,-7
124000445,149,3194,-3045
124000446,814,442,372
124900001,1266,167,1099
124900002,483,141,342
124900003,1670,234,1436
124900004,1498,201,1297
124900005,258,76,182
124900006,1530,138,1392
124900008,509,590,-81
124900009,65,594,-529
124900010,589,88,501
124900011,1818,224,1594
124900012,338,77,261
124900013,852,107,745
124900014,343,324,19
124900015,297,845,-548
124900016,175,300,-125
124900017,459,5273,-4814
124900018,326,8,318
124900020,213,33,180
124900021,922,202,720
124900022,124,5,119
124900024,1287,1,1286
124900026,150,110,40
124900027,183,179,4
124900028,325,82,243
124900029,41,827,-786
124900030,3,74,-71
124900031,54,282,-228
124900032,178,96,82
124900033,162,276,-114
124900034,47,148,-101
124900035,200,130,70
124900036,0,122,-122
124900037,380,104,276
124900038,167,102,65
124900039,1,111,-110
124900040,206,57,149
124900041,572,321,251
124900042,28,1,27
124900043,834,322,512
124900044,118,2,116
124900045,336,1341,-1005
124900046,438,179,259
124900047,93,69,24
124900048,478,48,430
124900050,245,67,178
124900052,211,200,11
124900053,518,133,385
124900054,900,793,107
124900055,0,77,-77
124900057,4,397,-393
124900060,138,220,-82
124900061,259,4,255
124900062,221,9,212
124900066,0,4,-4
124900067,3,102,-99
124900068,126,1706,-1580
124900070,61,55,6
124900072,339,27,312
124900074,544,360,184
124900075,1127,113,1014
124900076,35,3032,-2997
124900077,26,75,-49
124900078,222,10,212
124900079,347,340,7
124900080,608,173,435
124900081,2027,117,1910
124900082,606,162,444
124900083,711,371,340
124900084,765,43,722
124900085,337,370,-33
124900086,26,844,-818
124900087,341,41,300
124900088,130,52,78
124900089,749,12,737
124900090,1355,170,1185
124900091,463,99,364
124900092,549,93,456
124900093,1143,167,976
124900094,1203,170,1033
124900095,261,945,-684
124900096,350,109,241
124900097,934,38,896
124900098,284,321,-37
124900099,209,836,-627
124900100,622,21,601
124900101,185,240,-55
124900102,805,19,786
124900103,367,94,273
124900104,214,109,105
124900105,239,52,187
124900106,509,56,453
124900107,443,9,434
124900108,525,177,348
124900109,211,321,-110
124900110,924,116,808
124900111,3,301,-298
124900112,485,154,331
124900113,52,188,-136
124900114,57,170,-113
124900115,51,410,-359
124900116,708,585,123
124900117,235,298,-63
124900118,92,1692,-1600
124900119,661,345,316
124900120,52,141,-89
124900121,54,653,-599
124900122,314,126,188
124900123,124,66,58
124900124,35,162,-127
129000186,175,202,-27
204000001,108,10,98
204000002,13,4,9
204000003,6,13,-7
204000004,14,6,8
204000005,419,275,144
204000006,1082,1150,-68
204000011,12,11,1
204000012,70,27,43
204000013,1,12,-11
204000019,1422,391,1031
204000020,1809,308,1501
204000021,1177,910,267
204000022,1639,629,1010
204000023,758,391,367
204000031,53,16,37
204000032,245,8,237
204000034,74,111,-37
204000035,0,5,-5
204000036,2,95,-93
204000037,1,35,-34
204000038,0,12,-12
204000039,10,41,-31
204000040,5,39,-34
204000041,38,36,2
204000042,33,46,-13
204000043,53,8,45
204000044,147,28,119
204000045,71,17,54
204000046,28,7,21
204000057,18,35,-17
204000062,25,42,-17
204000068,39,311,-272
204000069,135,494,-359
204000070,74,98,-24
204000080,84,46,38
204000085,1027,426,601
204000086,1439,729,710
204000087,91,3,88
204000088,5,23,-18
204000090,74,204,-130
204000093,1204,13,1191
204000096,2070,374,1696
204000097,1039,7,1032
204000099,1185,2117,-932
204000100,1974,779,1195
204000105,1253,299,954
204000110,400,520,-120
204000111,586,467,119
204000112,272,284,-12
204000113,206,322,-116
204000114,1521,1137,384
204000115,1636,317,1319
204000116,860,332,528
204000119,3398,707,2691
204000132,636,614,22
204000133,1065,69,996
204000134,333,48,285
204000135,883,40,843
204000136,570,227,343
204000138,328,1107,-779
204000140,315,95,220
204000141,189,42,147
204000144,10,24,-14
204000145,1114,26,1088
204000146,16,99,-83
204000147,5,263,-258
204000148,181,18,163
204000154,8,15,-7
204000155,3,4,-1
204000177,70,71,-1
204000179,16,12,4
204000180,1,40,-39
204000222,16,16,0
204000235,191,56,135
204000236,58,131,-73
204000238,17,19,-2
204000240,522,44,478
204000263,522,379,143
204000268,732,166,566
204000308,123,15,108
204000317,13,188,-175
204000322,24,200,-176
204000323,22,6,16
204000328,358,21,337
204000329,134,22,112
204000330,359,5,354
204000331,82,60,22
204010341,14,172,-158
205000001,605,1031,-426
205000013,68,147,-79
205000014,179,97,82
205000015,175,37,138
205000016,84,60,24
205000017,89,71,18
205000022,272,266,6
205000025,1159,364,795
205000029,1029,12,1017
205000045,261,219,42
205000046,186,149,37
205000047,123,108,15
205000048,462,154,308
205000049,214,224,-10
205000050,372,109,263
205000059,1,312,-311
205000060,2,355,-353
205000061,2,844,-842
205000062,3,872,-869
205000063,51,921,-870
205000064,82,233,-151
205000065,335,661,-326
205000066,247,214,33
205000067,167,220,-53
205000069,222,12,210
205000082,88,128,-40
205000110,25,80,-55
205000111,148,61,87
205000112,104,93,11
205000113,112,164,-52
205000121,103,69,34
205000123,178,60,118
205000126,662,96,566
205000127,667,109,558
205000128,414,61,353
205000129,1007,97,910
205000130,302,31,271
205000131,37,11,26
205000132,48,8,40
205000133,49,3,46
205000134,346,1,345
205000137,309,44,265
205000138,517,168,349
205000139,53,61,-8
205000144,104,58,46
205000145,191,224,-33
205000151,95,46,49
205000152,157,62,95
205000153,173,39,134
205000154,76,66,10
205000155,124,13,111
205000207,0,23,-23
205000233,23,0,23
205000234,0,0,0
205000243,0,0,0
205000244,0,4,-4
205000245,13,48,-35
205000249,0,13,-13
205000250,18,0,18
205000264,36,91,-55
206000027,4,10,-6
206000028,16,4,12
206000043,0,44,-44
206000053,2,8,-6
206000054,0,22,-22
206000055,2,21,-19
206000075,27,10,17
206000076,82,5,77
206000077,95,7,88
206000078,19,16,3
206000079,34,16,18
206000082,457,111,346
206000100,7,416,-409
206000103,0,0,0
206000104,0,0,0
206000105,0,1,-1
206000106,0,0,0
206000108,1087,49,1038
206000125,289,0,289
206000157,12,236,-224
206000170,0,98,-98
206000171,23,132,-109
206000172,19,130,-111
206000173,3,95,-92
206000174,25,27,-2
206000175,2,29,-27
206000176,3,72,-69
206000177,1,39,-38
206000178,2,323,-321
206000179,2,211,-209
206000180,1,54,-53
206000181,0,15,-15
206000182,9,41,-32
206000183,26,75,-49
206000184,4,63,-59
206000185,7,20,-13
206000186,97,217,-120
206000223,13,234,-221
206000226,83,5,78
206000227,98,21,77
206000237,35,109,-74
206000238,15,410,-395
206000239,172,1317,-1145
206000240,0,0,0
206000241,0,39,-39
206000242,8,69,-61
206000243,13,32,-19
206000244,15,119,-104
206000245,3997,37,3960
206000246,785,8,777
206000247,1343,3,1340
206000248,1581,46,1535
206000252,88,81,7
206000258,2,10,-8
206000315,76,7,69
206000317,697,228,469
206000318,1013,72,941
206000319,3600,52,3548
206000320,1005,30,975
206000321,1281,12,1269
206000322,2024,31,1993
206000323,772,12,760
206000324,947,19,928
206000325,702,49,653
206000326,591,26,565
206000327,131,39,92
206000328,708,16,692
206000329,1589,6,1583
206000330,508,20,488
206000331,725,10,715
206000332,151,4,147
206000333,3082,5,3077
206000334,1823,2,1821
206000335,0,15,-15
206000361,1,50,-49
206000392,1,17,-16
206000405,723,1,722
206000441,231,19,212
206000498,116,2,114
206000515,120,47,73
206000530,647,56,591
206000531,263,380,-117
206000532,1462,340,1122
206000535,172,2542,-2370
206000536,29,59,-30
206000537,10,117,-107
206000613,1064,319,745
207000001,206,209,-3
207000002,146,164,-18
207000003,102,83,19
207000007,3104,134,2970
207000008,553,3,550
207000009,114,15,99
207000010,364,202,162
207000012,897,84,813
207000015,236,391,-155
207000019,556,61,495
207000021,410,381,29
207000022,354,192,162
207000023,490,79,411
207000024,0,36,-36
207000025,22,154,-132
207000026,65,41,24
207000027,32,57,-25
207000028,109,100,9
207000029,300,216,84
207000033,336,199,137
207000034,472,54,418
207000039,1191,25,1166
207000040,1345,17,1328
207000041,287,35,252
207000042,742,43,699
207000043,522,207,315
207000051,64,227,-163
207000052,4,96,-92
207000053,286,200,86
207000054,71,48,23
207000055,117,48,69
207000056,207,160,47
207000057,119,138,-19
207000058,92,143,-51
207000059,59,258,-199
207000060,56,367,-311
207000061,154,1834,-1680
207000062,1222,49,1173
207000063,1087,45,1042
207000064,629,48,581
207000065,432,123,309
207000066,746,187,559
207000067,168,59,109
207000068,278,24,254
207000069,1554,235,1319
207000082,42,103,-61
207000083,88,141,-53
207000084,855,161,694
207000085,549,45,504
207000086,1028,13,1015
207000106,141,13,128
207000107,293,8,285
207000108,222,1,221
207000109,172,3,169
207000110,77,14,63
207000111,137,47,90
207000112,40,892,-852
207000114,23,19,4
207000115,54,30,24
207000116,12,181,-169
207000117,1,64,-63
207000118,0,46,-46
207000119,18,51,-33
207000123,505,15,490
207000124,292,13,279
207000125,94,9,85
207000126,69,2,67
207000134,589,71,518
207000135,140,116,24
207000148,210,372,-162
207000149,46,15,31
207000152,187,438,-251
207000153,301,565,-264
207000154,452,101,351
207000159,43,86,-43
207000160,98,231,-133
207000238,0,18,-18
207000242,0,44,-44
207000248,14,12,2
207000249,82,16,66
207000250,263,79,184
207000251,62,118,-56
207000252,41,24,17
207000278,339,119,220
207000279,7,102,-95
207000280,1760,26,1734
207000281,181,328,-147
207000282,25,897,-872
207000283,38,227,-189
207000284,64,2912,-2848
207000285,42,99,-57
207000291,10,57,-47
207000304,87,35,52
207000306,48,183,-135
207000310,491,169,322
207000353,92,0,92
207000356,2,139,-137
207000357,5,8,-3
207000358,1,23,-22
207000415,2,36,-34
207000417,29,5,24
207000418,81,32,49
207000438,0,3,-3
207000439,417,132,285
207000446,221,2,219
207000460,223,8,215
207000466,46,91,-45
207000467,1227,36,1191
207000468,36,137,-101
207000476,4,23,-19
207000477,913,30,883
207000478,0,65,-65
207000523,0,7,-7
207000524,74,0,74
207000527,399,113,286
207000530,927,1,926
207000531,380,1,379
207000532,132,26,106
207000534,162,18,144
207000535,5,112,-107
207000537,3,47,-44
207000540,3,19,-16
207000541,1,96,-95
207000548,8,95,-87
207000549,445,17,428
207000561,277,133,144
207000562,1,57,-56
207000567,37,114,-77
207000568,1191,63,1128
207000569,2222,144,2078
207000584,23,77,-54
207000585,8,79,-71
207000616,0,49,-49
207000617,473,0,473
207900008,978,33,945
208000001,904,745,159
208000002,977,584,393
208000003,1099,216,883
208000004,808,720,88
208000005,1,60,-59
208000019,1921,228,1693
208000020,475,151,324
208000021,336,252,84
208000022,809,215,594
208000028,1138,1887,-749
208000033,372,180,192
208000034,468,777,-309
208000040,556,127,429
208000041,1260,586,674
208000042,2569,481,2088
208000047,91,106,-15
208000064,3049,1167,1882
208000066,1589,912,677
208000070,970,607,363
208000071,1368,199,1169
208000072,1241,345,896
208000080,466,529,-63
208000081,556,221,335
208000082,631,133,498
208000083,350,190,160
208000084,11,142,-131
208000085,980,360,620
208000086,727,532,195
208000087,618,366,252
208000089,1411,255,1156
208000090,1026,319,707
208000093,34,91,-57
208000094,457,237,220
208000095,1037,390,647
208000104,2613,247,2366
208000105,1355,444,911
208000114,189,335,-146
208000115,1102,545,557
208000116,2344,1761,583
208000117,16,75,-59
208000118,206,406,-200
208000155,1009,817,192
208000158,2132,2351,-219
208000186,1222,1375,-153
208000204,1005,949,56
208000205,2054,671,1383
208000282,839,693,146
209000004,1025,193,832
209000005,158,99,59
209000006,398,235,163
209000007,488,440,48
209000010,110,281,-171
209000011,70,252,-182
209000012,113,86,27
209000013,389,110,279
209000014,515,264,251
209000025,773,56,717
209000026,1826,138,1688
209000027,358,135,223
209000028,266,134,132
209000029,528,642,-114
209000030,458,826,-368
209000031,2397,773,1624
209000034,283,346,-63
209000035,200,347,-147
209000036,494,138,356
209000037,696,156,540
209000038,237,90,147
209000039,187,79,108
209000040,374,312,62
209000041,313,262,51
209000042,386,128,258
209000043,652,245,407
209000044,447,444,3
209000045,498,229,269
209000046,832,297,535
209000047,763,247,516
209000048,800,778,22
209000049,89,35,54
209000050,205,35,170
209000051,283,43,240
209000052,255,105,150
209000062,175,57,118
209000063,134,18,116
209000064,49,39,10
209000065,271,21,250
209000066,347,21,326
209000067,476,44,432
209000080,8,114,-106
209000082,226,31,195
209000091,32,94,-62
209000093,77,75,2
209000094,34,190,-156
209000110,115,54,61
209000111,427,3245,-2818
209000112,2039,460,1579
209000113,4358,693,3665
209000114,1879,721,1158
209000115,90,56,34
209000116,208,183,25
209000118,18,99,-81
209000119,26,69,-43
209000121,91,258,-167
209000135,206,48,158
209000142,750,5651,-4901
209000143,50,63,-13
209000144,107,325,-218
209000229,351,48,303
209000240,15,141,-126
209000259,73,20,53
209000260,30,450,-420
209000261,27,510,-483
209000262,5,388,-383
209000263,1,224,-223
209000264,0,152,-152
209000265,533,1,532
209000266,168,0,168
209000267,2208,1,2207
209000268,710,124,586
210000037,280,98,182
210000047,132,12,120
210000048,201,65,136
210000049,238,6,232
210000052,183,26,157
210000053,61,17,44
210000054,9,52,-43
210000070,353,13,340
210000071,181,3,178
210000072,52,1,51
210000073,0,18,-18
210000074,0,37,-37
210000075,0,45,-45
210000076,3,68,-65
210000077,7,114,-107
210000078,18,158,-140
210000079,28,17,11
210000080,46,369,-323
210000081,342,43,299
210000082,24,1,23
210000083,92,0,92
210000084,162,0,162
210000085,0,80,-80
210000086,1,60,-59
210000099,61,146,-85
210000100,44,76,-32
210000101,66,107,-41
210000105,9,342,-333
210000159,0,370,-370
210000163,25,84,-59
210000164,376,152,224
210000168,429,60,369
210000187,1,16,-15
210000188,1,14,-13
210000214,24,0,24
210000219,205,43,162
210000220,313,10,303
210000232,4,34,-30
210000233,53,6,47
210000234,53,17,36
210000235,156,31,125
210000245,0,23,-23
210000246,80,49,31
210000258,17,57,-40
210000259,415,80,335
210000282,14,188,-174
210000285,1,162,-161
210000286,25,143,-118
210000290,0,7,-7
210000295,122,205,-83
210000296,102,32,70
210000320,747,25,722
210000321,594,30,564
210000338,71,108,-37
210000339,84,844,-760
210000340,98,153,-55
210000341,273,128,145
210000342,314,118,196
210000343,226,162,64
210000344,97,225,-128
210000345,137,401,-264
210000346,74,243,-169
210000347,28,232,-204
210000348,175,196,-21
210000349,86,142,-56
210000350,226,77,149
210000351,291,44,247
210000352,37,15,22
210000353,27,28,-1
210000354,73,33,40
210000355,25,275,-250
210000356,20,517,-497
210000357,36,442,-406
210000358,831,555,276
210000359,131,359,-228
210000360,471,459,12
210000361,500,139,361
210000362,639,125,514
210000363,755,158,597
210000364,485,140,345
210000365,556,56,500
210000366,583,42,541
210000367,227,19,208
210000368,372,30,342
210000369,72,119,-47
210000370,154,161,-7
210000372,18,33,-15
210000373,24,69,-45
210000374,75,151,-76
210000375,21,24,-3
210000376,37,365,-328
210000404,33,71,-38
210000439,192,6,186
210000472,104,12,92
210000482,265,134,131
210000564,388,175,213
210000567,0,60,-60
210000568,389,1,388
211000092,170,35,135
211000094,26,1,25
211000169,431,6,425
211000172,59,115,-56
211000209,0,100,-100
211000226,13,11,2
211000270,112,26,86
211000275,22,16,6
211000276,299,43,256
211000279,62,49,13
211000281,301,21,280
211507980,1,52,-51
211977296,41,1,40
212000003,386,195,191
212000004,9,120,-111
212000005,13,177,-164
212000006,38,203,-165
212000008,254,220,34
212000009,88,152,-64
212000012,246,44,202
212000013,59,25,34
212000014,417,54,363
212000015,395,72,323
212000016,538,188,350
212000027,779,145,634
212000028,609,130,479
212000029,371,137,234
212000030,63,28,35
212000031,66,28,38
212000048,37,591,-554
212000049,17,333,-316
212000050,8,39,-31
212000051,406,81,325
212000052,248,86,162
212000053,229,126,103
212000054,1099,62,1037
212000055,921,63,858
212000056,30,39,-9
212000057,14,46,-32
212000058,224,40,184
212000070,226,66,160
212000077,283,133,150
212000099,887,125,762
212000108,357,503,-146
212000111,667,37,630
212000120,132,205,-73
212000138,292,76,216
212000156,3,69,-66
212000158,2,67,-65
212000159,1138,45,1093
212000160,1291,57,1234
212000161,201,3,198
212000310,82,9,73
212000311,26,41,-15
212000374,69,8,61
213000001,12,317,-305
213000005,1191,77,1114
213000006,1073,117,956
213000007,64,6,58
213000009,425,105,320
213000010,593,94,499
213000011,250,49,201
213000012,249,181,68
213000014,77,15,62
213000015,382,12,370
213000016,455,10,445
213000017,77,0,77
213000018,0,10,-10
213000019,0,33,-33
213000020,119,94,25
213000021,1,67,-66
213000023,946,245,701
213000033,461,1021,-560
213000034,602,102,500
213000035,259,403,-144
213000045,165,228,-63
213000046,71,44,27
213000047,179,736,-557
213000056,472,11,461
213000069,129,37,92
213000073,0,32,-32
213000074,64,300,-236
213000075,1701,13,1688
213000076,25,2,23
213000085,9,39,-30
213000086,18,50,-32
213000091,727,3,724
213000092,66,3,63
213000099,144,897,-753
213000100,1256,227,1029
213000101,1334,67,1267
213000102,1503,108,1395
213000103,775,284,491
213000104,32,143,-111
213000105,126,2279,-2153
213000106,48,185,-137
213000107,117,261,-144
213000108,63,242,-179
213000109,3,151,-148
213000110,6,76,-70
213000111,1,50,-49
213000112,63,79,-16
213000115,140,7,133
213000116,31,300,-269
213000117,10,287,-277
213000118,1821,433,1388
213000119,9,261,-252
213000120,38,206,-168
213000122,131,239,-108
213000123,79,362,-283
213000124,260,585,-325
213000125,232,82,150
213000126,25,71,-46
213000127,26,118,-92
213000128,56,443,-387
213000129,186,2684,-2498
213000130,2081,800,1281
213000132,2362,127,2235
213000133,2318,141,2177
213000134,3267,17,3250
213000136,924,13,911
213000137,945,27,918
213000139,333,21,312
213000147,50,4,46
213000148,6,17,-11
213000149,12,18,-6
213000150,1,646,-645
213000151,6,211,-205
213000152,1,251,-250
213000153,6,276,-270
213000154,106,177,-71
213000155,119,113,6
213000156,164,155,9
213000157,1106,133,973
213000158,582,316,266
213000159,1089,215,874
213000163,4145,518,3627
213000165,987,303,684
213000171,0,6,-6
213000172,1,42,-41
213000173,0,52,-52
213000174,0,37,-37
213000175,12,19,-7
213000176,258,30,228
213000177,257,2,255
213000178,669,3,666
213000179,849,0,849
213000180,1060,0,1060
213000184,45,252,-207
213000188,1449,60,1389
213000189,2142,30,2112
213000190,1242,201,1041
213000191,1363,133,1230
213000192,793,93,700
213000193,329,209,120
213000194,0,265,-265
213000195,39,131,-92
213000196,474,1681,-1207
213000197,813,1003,-190
213000198,19,0,19
213000200,178,399,-221
213000201,17,88,-71
213000202,19,387,-368
213000203,1605,209,1396
213000204,1529,39,1490
213000205,1107,28,1079
213000206,1388,35,1353
213000207,82,14,68
213000208,29,5,24
213000209,128,2,126
213000210,227,0,227
213000211,9,5,4
213000212,13,9,4
213000213,65,37,28
213000218,602,371,231
213000219,2033,70,1963
213000220,2657,18,2639
213000223,598,70,528
213000224,60,26,34
213000225,100,17,83
213000226,80,0,80
213000227,2435,69,2366
213000228,1575,53,1522
213000229,585,27,558
213000230,794,15,779
213000232,157,10,147
213000233,27,169,-142
213000234,2,68,-66
213000293,14,65,-51
213000294,131,32,99
213000295,48,42,6
213000296,133,22,111
213000297,28,84,-56
213000298,29,75,-46
213000299,65,21,44
213000300,9,4,5
213000303,3,27,-24
213000304,0,4,-4
213000305,0,19,-19
213000306,35,294,-259
213000307,128,110,18
213000308,56,205,-149
213000309,388,58,330
213000310,489,170,319
213000311,82,425,-343
213000315,117,250,-133
213000316,572,34,538
213000322,149,39,110
213000323,302,39,263
213000324,114,10,104
213000325,227,30,197
213000326,169,9,160
213000327,161,32,129
213000328,141,80,61
213000329,299,29,270
213000340,129,225,-96
213000341,2185,43,2142
213000346,174,436,-262
213000347,251,1180,-929
213000348,2,95,-93
213000349,8,14,-6
213000350,142,743,-601
213000366,122,109,13
213000367,614,20,594
213000379,49,53,-4
213000386,30,28,2
213000406,265,95,170
213000417,2773,682,2091
213000425,655,102,553
213000426,390,24,366
213000427,149,67,82
213000428,109,67,42
213000429,15,3,12
213000430,147,161,-14
213000431,20,1,19
213000432,2,50,-48
213000433,51,37,14
213000434,391,106,285
213000435,255,41,214
213000436,248,29,219
213000437,9,7,2
213000438,242,40,202
213000439,62,11,51
213000440,18,162,-144
213000441,0,1,-1
213000442,1,11,-10
213000443,989,309,680
213000444,60,8,52
213000445,0,50,-50
213000446,0,56,-56
213000447,1,108,-107
213000448,18,156,-138
213000449,2351,27,2324
213000450,30,15,15
213000451,853,55,798
213000452,17,7,10
213000453,14,158,-144
213000455,430,161,269
213000456,0,216,-216
213000481,0,2,-2
213000482,43,8,35
213000489,234,117,117
213000491,23,349,-326
213000492,127,2,125
213000493,6,685,-679
213000494,548,61,487
213000495,1,9,-8
213000496,1079,93,986
213000497,26,197,-171
213000498,192,97,95
213000499,316,114,202
213000500,1439,39,1400
213000501,462,31,431
213000502,136,77,59
213000503,0,67,-67
213000504,50,59,-9
213000505,35,1,34
213000506,0,3,-3
213000507,1,35,-34
213900016,0,6,-6
213900244,320,0,320
213900245,0,12,-12
218000003,66,44,22
218000004,127,33,94
218000005,20,57,-37
218000006,104,66,38
218000007,20,22,-2
218000012,115,307,-192
218000013,338,296,42
218000014,529,154,375
218000019,502,202,300
218000020,406,156,250
218000021,70,49,21
218000022,50,34,16
218000023,4,30,-26
218000024,2,10,-8
218000025,14,14,0
218000026,35,12,23
218000027,5,4,1
218000028,6,1,5
218000029,5,3,2
218000030,66,7,59
218000031,17,5,12
218000032,2,18,-16
218000040,2,10,-8
218000046,134,115,19
218000047,30,68,-38
218000048,173,28,145
218000049,81,56,25
218000050,385,129,256
218000051,117,110,7
218000052,1,36,-35
218000053,4,3,1
218000054,7,29,-22
218000055,5,42,-37
218000056,28,71,-43
218000057,2,37,-35
218000064,0,5,-5
218000065,105,29,76
218000066,38,53,-15
218000067,196,31,165
218000068,309,89,220
218000069,757,45,712
218000070,439,171,268
218000071,244,132,112
218000072,106,188,-82
218000078,1592,240,1352
218000079,493,36,457
218000080,349,40,309
218000081,951,63,888
218000082,363,36,327
218000083,226,42,184
218000084,264,58,206
218000085,165,115,50
218000086,110,36,74
218000087,234,41,193
218000090,31,304,-273
218000091,1728,665,1063
218000092,309,30,279
218000093,183,69,114
218000094,641,217,424
218000099,332,241,91
218000100,496,137,359
218000101,447,176,271
218000102,736,196,540
218000103,221,81,140
218000104,178,52,126
218000105,14,9,5
218000106,47,7,40
218000107,325,37,288
218000108,48,31,17
218000112,62,12,50
218000117,31,103,-72
218000134,566,219,347
218000135,16,96,-80
218000136,172,132,40
218000137,140,169,-29
218000138,105,62,43
218000139,205,491,-286
218000140,699,455,244
218000141,127,93,34
218000142,263,169,94
218000143,48,298,-250
218000144,12,236,-224
218000145,695,262,433
218000146,159,103,56
218000151,1,34,-33
218000152,39,29,10
218000153,8,7,1
218000154,18,8,10
218000155,59,1,58
218000156,131,3,128
218000157,83,4,79
218000158,28,18,10
218000159,3,14,-11
218000160,13,11,2
218000161,63,8,55
218000162,67,5,62
218000163,46,4,42
218000164,136,1,135
218000165,190,81,109
218000170,2,31,-29
218000171,54,4,50
218000172,2,7,-5
218000173,18,4,14
218000174,9,18,-9
218000176,318,22,296
218000177,290,96,194
218000178,79,110,-31
218000179,199,45,154
218000180,91,45,46
218000181,321,84,237
218000187,22,21,1
218000188,15,36,-21
218000189,19,104,-85
218000190,23,26,-3
218000191,175,25,150
218000192,234,97,137
218000193,338,126,212
218000194,190,167,23
218000195,264,28,236
218000196,533,172,361
218000197,1285,128,1157
218000198,184,60,124
218000199,87,15,72
218000200,38,47,-9
218000201,35,15,20
218000202,39,835,-796
218000207,8,13,-5
218000208,29,101,-72
218000211,49,8,41
218000212,1,4,-3
218000213,235,92,143
218000214,4,37,-33
218000215,194,47,147
218000217,2,34,-32
218000218,346,30,316
218000219,9,73,-64
218000220,79,530,-451
218000221,1220,395,825
218000222,0,122,-122
218000223,48,475,-427
218000224,8,231,-223
218000225,255,18,237
218000226,305,50,255
218000230,0,17,-17
218000232,85,37,48
218000239,176,18,158
218000240,10,1,9
218000241,9,1,8
218000242,1,0,1
218000243,6,4,2
218000244,47,4,43
218000245,17,32,-15
218000246,1,6,-5
218000247,0,0,0
218000248,0,56,-56
218000249,0,3,-3
218000250,0,137,-137
218000251,2,99,-97
218000252,0,95,-95
218000253,0,36,-36
218000254,0,33,-33
218000255,1,36,-35
218000256,6,31,-25
218000267,578,867,-289
218000268,6,60,-54
218000269,8,21,-13
218000270,98,46,52
218000271,2,11,-9
218000273,212,1,211
218000274,46,0,46
218000275,160,104,56
218000276,44,16,28
218000278,5,10,-5
218000279,139,29,110
218000280,0,35,-35
218000281,5,35,-30
218000282,670,1528,-858
218000284,104,2,102
218000301,65,145,-80
218000302,78,59,19
218000303,9,61,-52
218000316,1899,615,1284
218000317,3701,385,3316
218000318,2000,277,1723
218000319,1639,393,1246
218000320,1504,540,964
218000338,16,23,-7
218000345,224,67,157
218000346,28,198,-170
218000459,67,98,-31
218000490,20,31,-11
218000501,220,37,183
218000502,197,19,178
218000503,184,30,154
218000504,158,34,124
218000505,55,25,30
218000506,8,46,-38
218000508,3,1,2
218000510,89,28,61
218000520,136,170,-34
218000521,18,22,-4
218000522,0,244,-244
218000523,180,2,178
218000524,5,187,-182
218000525,115,25,90
218000526,40,155,-115
218000529,37,47,-10
218000530,40,5,35
218000531,47,18,29
218000532,79,7,72
218000534,717,7,710
218000537,15,130,-115
218000538,146,264,-118
218000540,66,92,-26
218000543,372,31,341
218000544,25,45,-20
218000545,301,57,244
218000546,73,22,51
218000547,287,149,138
218000548,137,50,87
218000549,1358,140,1218
218000550,265,110,155
218000551,97,214,-117
218000552,396,84,312
218000553,12,137,-125
218000554,19,54,-35
218000555,31,146,-115
218000556,340,105,235
218000557,1147,80,1067
218000558,110,1,109
218000559,0,67,-67
218000560,0,34,-34
218000561,12,0,12
218000562,34,106,-72
218000563,255,21,234
218000564,3,85,-82
218000565,105,37,68
218000566,47,11,36
218000567,2,99,-97
218000568,21,0,21
218000569,0,151,-151
218000570,22,2,20
218000571,1,120,-119
218000572,89,0,89
218000573,15,102,-87
218000574,112,22,90
218000575,128,0,128
218000576,1,91,-90
218000577,149,19,130
218000578,0,75,-75
218000579,43,30,13
218000581,4,73,-69
218000582,78,7,71
218000583,5,0,5
218000584,0,54,-54
218000585,59,1,58
218000586,20,31,-11
218000587,4,1,3
218000588,0,7,-7
218000589,1,34,-33
218000590,4,5,-1
218000591,0,61,-61
218000592,7,2,5
218000593,0,0,0
218000594,0,6,-6
218000595,0,0,0
218000596,0,1,-1
218000597,1,0,1
218000598,0,7,-7
218000599,4,1,3
218000600,7,5,2
218000601,1,1,0
218000602,0,0,0
218000603,0,3,-3
218000604,11,0,11
218000605,0,22,-22
218000606,101,0,101
218000607,8,91,-83
218000608,57,16,41
218000609,5,90,-85
218000610,81,1,80
218000611,36,1,35
218000612,0,27,-27
218000613,32,32,0
218000614,1,47,-46
218000615,239,5,234
218000616,1,176,-175
218000617,3,1,2
218000618,0,43,-43
218000619,55,59,-4
218000620,1,148,-147
218000621,1,13,-12
218000622,0,117,-117
218000623,34,14,20
218000624,2,240,-238
218000625,12,33,-21
218000626,0,30,-30
218000628,268,198,70
218000631,144,10,134
218000632,1,123,-122
218000633,83,1,82
218000634,22,30,-8
218000635,24,3,21
218000636,956,303,653
218000637,1938,146,1792
218000638,686,8,678
218000639,63,28,35
218000640,1227,18,1209
218000641,162,53,109
218000652,78,31,47
218000653,264,33,231
218000663,9,54,-45
218000675,29,71,-42
218000676,16,12,4
218000677,67,0,67
218000680,255,120,135
218000681,1155,71,1084
218000691,378,73,305
218000693,1212,58,1154
218000703,7,24,-17
218000718,46,164,-118
218000719,74,103,-29
218000720,2,127,-125
218000721,22,4,18
218000725,18,12,6
218001214,26,26,0
218001258,48,1,47
218001329,316,37,279
218001330,26,38,-12
218001351,8,11,-3
218001352,14,28,-14
218001353,0,5,-5
218001354,2,57,-55
218001355,198,0,198
218001356,585,29,556
218001357,189,1,188
218001358,443,4,439
218001361,321,5,316
219000001,0,13,-13
219000002,42,23,19
219000003,61,22,39
219000004,95,67,28
219000017,84,135,-51
219000020,283,35,248
219000022,179,0,179
219000023,104,0,104
219000029,2,127,-125
219000034,127,49,78
219000039,25,184,-159
219000040,16,76,-60
219000041,169,30,139
219000051,0,69,-69
219000052,0,61,-61
219000053,0,77,-77
219000054,38,72,-34
219000055,534,1,533
219000056,2,0,2
219000057,144,0,144
219000062,14,90,-76
219000063,427,5,422
219000064,0,92,-92
219000110,292,273,19
219000111,91,73,18
219000112,396,24,372
219000113,438,22,416
219000114,303,38,265
219000116,111,36,75
219000117,283,32,251
219000118,143,82,61
219000123,235,88,147
219000124,69,71,-2
219000125,32,3,29
219000126,40,138,-98
219000127,0,8,-8
219000128,30,77,-47
219000129,38,82,-44
219000130,262,273,-11
219000131,1069,745,324
219000133,29,87,-58
219000134,8,56,-48
219000135,33,63,-30
219000136,68,289,-221
219000138,175,11,164
219000139,169,27,142
219000140,318,0,318
219000141,60,24,36
219000142,52,25,27
219000143,18,17,1
219000145,24,25,-1
219000146,0,0,0
219000147,9,16,-7
219000148,6,12,-6
219000149,1,8,-7
219000150,0,28,-28
219000151,0,0,0
219000157,612,112,500
219000158,350,121,229
219000161,542,5,537
219000163,1520,322,1198
219000166,220,179,41
219000167,154,180,-26
219000168,470,154,316
219000174,898,190,708
219000175,391,10,381
219000176,459,22,437
219000177,254,2,252
219000178,337,1,336
219000179,225,42,183
219000180,140,25,115
219000182,224,8,216
219000183,103,8,95
219000184,97,7,90
219000185,4,9,-5
219000186,155,42,113
219000187,19,35,-16
219000189,32,113,-81
219000190,64,107,-43
219000191,103,541,-438
219000192,310,163,147
219000193,285,82,203
219000195,7,299,-292
219000196,3,120,-117
219000198,63,36,27
219000199,152,50,102
219000200,135,40,95
219000201,57,81,-24
219000203,19,31,-12
219000204,54,345,-291
219000205,18,163,-145
219000207,63,255,-192
219000209,83,34,49
219000210,11,190,-179
219000213,17,180,-163
219000239,211,207,4
219000240,84,358,-274
219000241,155,151,4
219000242,75,251,-176
219000243,147,255,-108
219000244,32,99,-67
219000245,35,56,-21
219000246,29,36,-7
219000247,464,57,407
219000248,654,589,65
219000249,296,148,148
219000250,412,56,356
219000251,856,115,741
219000252,370,40,330
219000253,260,26,234
219000255,279,79,200
219000256,552,85,467
219000257,119,0,119
219000262,57,96,-39
219000263,62,89,-27
219000267,3,24,-21
219000268,0,4,-4
219000269,8,2,6
219000270,15,0,15
219000271,404,4,400
219000278,0,3,-3
219000279,0,0,0
219000283,0,16,-16
219000295,55,95,-40
219000296,37,271,-234
219000297,18,30,-12
219000298,24,26,-2
219000299,368,30,338
219000300,101,60,41
219000301,28,209,-181
219000302,40,76,-36
219000307,70,18,52
219000308,66,50,16
219000311,356,37,319
219000312,460,170,290
219000313,615,64,551
219000314,97,80,17
219000315,645,13,632
219000316,909,68,841
219000317,341,15,326
219000320,0,64,-64
219000321,0,14,-14
219000323,3,53,-50
219000325,0,0,0
219000326,21,36,-15
219000327,35,13,22
219000328,54,26,28
219000329,545,104,441
219000330,29,15,14
219000331,73,52,21
219000332,346,105,241
219000333,149,4,145
219000335,127,2,125
219000337,23,1,22
219000338,29,0,29
219000344,11,94,-83
219000345,101,55,46
219000346,33,22,11
219000348,132,54,78
219000349,27,108,-81
219000350,24,313,-289
219000351,0,11,-11
219000352,109,72,37
219000353,389,43,346
219000354,967,24,943
219000355,251,55,196
219000356,534,880,-346
219000363,209,106,103
219000364,204,52,152
219000365,99,67,32
219000366,145,1088,-943
219000368,431,461,-30
219000370,860,419,441
219000371,4,8,-4
219000382,2,33,-31
219000383,228,624,-396
219000385,206,476,-270
219000386,442,1394,-952
219000387,1,6,-5
219000390,12,0,12
219000391,22,0,22
219000397,59,7,52
219000398,38,61,-23
219000401,35,96,-61
219000402,17,41,-24
219000403,64,334,-270
219000404,53,102,-49
219000407,34,58,-24
219000409,120,43,77
219000410,120,24,96
219000411,119,19,100
219000446,71,313,-242
219000447,0,14,-14
219000448,6,4,2
219000452,87,67,20
219000453,29,87,-58
219000454,400,406,-6
219000556,1042,76,966
219000558,61,160,-99
219000590,15,281,-266
219000591,308,60,248
219000592,46,150,-104
219000595,2,8,-6
219000635,233,17,216
219000636,46,24,22
219000657,91,16,75
219000658,14,151,-137
219000673,0,9,-9
219000676,41,17,24
219000679,77,5,72
219000684,303,1,302
219000685,0,84,-84
219000686,3,3,0
219000688,0,40,-40
219000689,13,130,-117
219000690,160,30,130
219000691,46,99,-53
219000692,157,12,145
219000693,0,3,-3
219000694,29,0,29
219000695,174,2,172
219000698,6,0,6
219000699,0,95,-95
219000727,0,128,-128
219000728,184,3,181
219000770,37,0,37
219000771,0,39,-39
219000788,190,204,-14
219001150,2,85,-83
219001151,1,5,-4
219001166,20,70,-50
219001167,0,33,-33
219001178,105,0,105
220000001,29,305,-276
220000002,8,186,-178
220000003,206,136,70
220000004,349,300,49
220000005,363,1086,-723
220000006,107,394,-287
220000007,456,86,370
220000008,241,214,27
220000009,290,304,-14
220000010,51,42,9
220000011,340,4852,-4512
220000012,43,646,-603
220000014,152,105,47
220000015,60,393,-333
220000017,62,299,-237
220000018,9406,3407,5999
220000019,237,765,-528
220000020,685,166,519
220000021,1052,372,680
220000022,1711,217,1494
220000023,225,103,122
220000024,959,312,647
220000025,766,1700,-934
220000026,510,848,-338
220000027,17,206,-189
220000028,58,152,-94
220000029,9,94,-85
220000030,36,50,-14
220000031,1135,478,657
220000064,84,1039,-955
221000046,1,3,-2
221000047,0,0,0
221000048,0,0,0
221000049,0,6,-6
221000050,12,1,11
221000055,18,60,-42
221000057,207,4,203
221000068,215,52,163
221000069,496,28,468
221000070,247,9,238
221000071,226,3,223
221000072,464,0,464
221000073,238,20,218
221000074,0,13,-13
221000075,4,14,-10
221000076,8,9,-1
221000077,9,36,-27
221000081,8,5,3
221000082,91,7,84
221000083,24,5,19
221000084,3,4,-1
221000085,6,45,-39
221000086,6,44,-38
221000087,1,116,-115
221000088,5,168,-163
221000089,17,119,-102
221000090,30,238,-208
221000098,160,10,150
221000099,370,14,356
221000100,218,4,214
221000101,284,5,279
221000102,183,15,168
221000109,12,19,-7
221000110,5,12,-7
221000111,5,37,-32
221000112,4,33,-29
221000113,4,56,-52
221000114,5,61,-56
221000120,34,154,-120
221000121,0,36,-36
221000122,36,14,22
221000123,8,17,-9
221000124,11,125,-114
221000155,155,20,135
221000156,146,63,83
221000175,1,12,-11
221000176,0,4,-4
221000182,241,5,236
221000241,335,240,95
221000242,88,107,-19
221000243,612,149,463
221000244,78,239,-161
221000245,204,83,121
221000246,18,154,-136
221000247,202,153,49
221000248,105,80,25
221000267,18,505,-487
221000325,29,123,-94
221000331,1,35,-34
221000338,21,47,-26
221000378,534,48,486
221000381,50,59,-9
222000282,3,3,0
222000296,4,28,-24
222000568,491,14,477
222000569,155,29,126
222000570,150,39,111
222000571,702,35,667
222000577,25,27,-2
222000578,1,68,-67
222000579,2,76,-74
222000580,18,685,-667
222000599,0,65,-65
222000600,0,77,-77
222000601,2,524,-522
222000603,8,74,-66
222000604,0,158,-158
222000605,18,68,-50
222000606,3,25,-22
222000607,1,22,-21
222000608,9,22,-13
222000609,68,38,30
222000616,1140,30,1110
222000617,29,17,12
222000618,1,20,-19
222000620,39,11,28
222000621,35,34,1
222000623,767,7,760
222000624,758,11,747
222000625,1994,8,1986
222000636,55,3,52
222000686,31,27,4
222000687,98,24,74
222001066,1123,1,1122
222001067,214,4,210
222001068,374,8,366
222001069,164,75,89
222001082,211,2,209
222001083,496,19,477
222001084,8,88,-80
222001085,8,1274,-1266
222001111,602,28,574
222001112,272,39,233
222001313,5,10,-5
222001314,0,149,-149
222001464,147,35,112
222001465,10,105,-95
222001484,474,47,427
222001485,23,21,2
222001494,1785,114,1671
222001495,146,96,50
222001496,879,50,829
222001497,196,184,12
222001502,8,37,-29
222001503,791,16,775
222001504,19,69,-50
222001505,1309,12,1297
222001506,12,95,-83
222001507,838,36,802
222001510,1635,34,1601
222001511,36,157,-121
222001514,1477,22,1455
222001515,61,101,-40
222001518,1225,26,1199
222001519,156,140,16
222001527,276,94,182
222001528,28,114,-86
222001529,655,36,619
222001530,36,93,-57
222001533,44,265,-221
222001534,1221,35,1186
222001535,683,170,513
222001536,40,134,-94
222001537,916,44,872
222001538,12,152,-140
222001563,1930,54,1876
222001564,48,183,-135
222001568,259,98,161
222001576,0,3,-3
222001579,1,59,-58
222001583,23,66,-43
222001584,303,29,274
222001596,313,608,-295
222001597,2348,265,2083
222001626,1,35,-34
222001650,10,105,-95
222001651,10,212,-202
222001914,577,44,533
222001915,11,124,-113
222001968,749,170,579
222001969,245,248,-3
222001970,177,174,3
222001971,215,9,206
222001972,50,30,20
225000001,726,79,647
225000002,1517,156,1361
225000003,1650,51,1599
225000004,1122,133,989
225000005,91,71,20
225000006,0,134,-134
225000007,629,1133,-504
225000010,378,22,356
225000011,256,2180,-1924
225000012,386,1017,-631
225000013,267,96,171
225000014,1020,123,897
225000015,143,206,-63
225000021,1040,78,962
225000027,300,257,43
225000032,909,81,828
225000042,146,273,-127
225000049,31,136,-105
225000050,238,23,215
225000053,0,98,-98
225000058,938,151,787
225000067,335,83,252
225000068,189,142,47
225000069,100,228,-128
225000070,161,217,-56
225000071,88,65,23
225000075,54,974,-920
225000076,100,67,33
225000078,65,33,32
225000085,328,30,298
225000086,788,17,771
225000087,102,20,82
225000088,16,204,-188
225000089,60,123,-63
225000090,15,141,-126
225000091,41,39,2
225000092,63,86,-23
225000093,482,88,394
225000094,15,99,-84
225000095,270,136,134
225000096,84,119,-35
225000098,1444,142,1302
225000099,769,41,728
225000100,1201,52,1149
225000104,169,458,-289
225000110,30,264,-234
225000111,577,338,239
225000112,814,873,-59
225000113,339,1376,-1037
225000114,228,640,-412
225000115,1344,790,554
225000116,313,124,189
225000117,535,490,45
225000118,1529,396,1133
225000119,625,84,541
225000120,1281,42,1239
225000121,245,22,223
225000123,946,8,938
225000125,812,243,569
225000126,842,206,636
225000127,628,4111,-3483
225000128,413,1621,-1208
225000132,859,27,832
225000133,487,11,476
225000134,1027,170,857
225000135,130,15,115
225000136,740,3,737
225000137,617,138,479
225000138,798,211,587
225000143,86,290,-204
225000144,15,289,-274
225000145,68,27,41
225000146,89,38,51
225000147,56,85,-29
225000148,1,34,-33
225000149,67,152,-85
225000151,37,73,-36
225000155,106,89,17
225000156,270,1052,-782
225000157,640,292,348
225000158,35,127,-92
225000171,1,194,-193
225000180,31,2,29
225000181,0,223,-223
225000182,59,3,56
225000185,7,346,-339
225000187,105,280,-175
225000191,108,3,105
225000194,0,2,-2
225000208,4,89,-85
225000209,96,22,74
225000210,1,137,-136
225000217,0,10,-10
225000218,69,3,66
225000223,0,358,-358
225000224,4,2,2
225000225,1,152,-151
225000226,30,0,30
225000227,203,271,-68
225000228,2,4,-2
225000229,0,95,-95
225000230,3,1,2
225000231,0,12,-12
225000232,243,0,243
225000241,67,0,67
225000242,0,15,-15
225000249,4,0,4
225000250,77,156,-79
225000251,828,101,727
225000254,3,112,-109
225000256,4,1025,-1021
225000257,0,96,-96
226000042,151,207,-56
226000043,13,129,-116
226000044,58,357,-299
226000045,39,168,-129
226000046,1273,113,1160
226000047,1146,159,987
226000048,854,112,742
226000049,922,283,639
226000070,0,28,-28
226000071,0,29,-29
226000072,0,25,-25
226000073,0,9,-9
226000074,0,7,-7
226000084,0,19,-19
226000085,0,49,-49
226000086,0,25,-25
226000087,0,60,-60
226000088,4,22,-18
226000090,90,217,-127
226000091,9,122,-113
226000092,0,24,-24
226000093,6,2,4
226000094,8,20,-12
226000095,10,31,-21
226000105,2,3,-1
226000106,5,0,5
226000107,6,0,6
226000108,23,0,23
226000109,392,0,392
226000124,374,126,248
226000134,2101,353,1748
226000135,3503,503,3000
226000136,1295,360,935
226000137,3,71,-68
226000138,5,46,-41
226000139,10,48,-38
226000156,719,11,708
226000157,768,19,749
226000163,27,113,-86
226000202,10,64,-54
226000231,1670,29,1641
226000232,69,9,60
227000033,658,8,650
227000036,1120,17,1103
227000037,1099,22,1077
227000038,337,35,302
227000084,1,69,-68
227000085,1,86,-85
227000088,75,0,75
227000089,65,2,63
227000090,29,1,28
227000091,49,0,49
227000092,13,2,11
227000093,151,0,151
227000094,19,1,18
227000130,71,109,-38
227000131,30,130,-100
227000132,35,72,-37
227000133,20,55,-35
227000134,37,86,-49
227000152,0,4,-4
227000153,0,170,-170
227000154,0,47,-47
227000155,3,17,-14
227000156,0,22,-22
227000165,5,100,-95
227000196,864,143,721
227000199,1647,218,1429
227000230,8,231,-223
227000232,2380,76,2304
227000242,19,161,-142
227000243,388,29,359
227000245,19,126,-107
227000246,72,108,-36
227000247,856,8,848
227000248,278,49,229
227000249,9,75,-66
227000250,469,290,179
227000251,34,182,-148
227000252,79,93,-14
227000253,443,17,426
227000262,919,23,896
227000266,3861,68,3793
227000267,12,535,-523
227000282,4,71,-67
227000284,2084,17,2067
227000286,14,21,-7
227000287,39,17,22
227000291,13,130,-117
227000296,358,143,215
227000484,209,13,196
227000485,4,385,-381
227000655,1032,2,1030
227000656,1524,14,1510
227000657,1065,6,1059
227000661,1570,34,1536
229000265,31,50,-19
229000266,0,0,0
229000267,7,1,6
229000268,5,0,5
229000269,0,0,0
229000274,0,4,-4
229000275,0,5,-5
229000276,0,1,-1
229000277,0,3,-3
229000278,0,0,0
229000295,0,3,-3
229000296,0,94,-94
229000297,0,34,-34
229000298,12,365,-353
229000320,69,3,66
229000321,58,27,31
229000412,8,117,-109
229000414,19,104,-85
229000415,13,1,12
229000416,0,3,-3
229000417,1,4,-3
229000419,164,331,-167
229000440,408,119,289
229000442,40,9,31
229000443,4,0,4
229000444,0,35,-35
229000445,105,7,98
229000446,108,47,61
229000491,5,8,-3
229000492,18,81,-63
229000493,10,78,-68
229000494,105,2,103
229000495,180,3,177
229000496,224,18,206
229000507,0,49,-49
229000508,0,35,-35
229000509,0,78,-78
229000510,5,30,-25
229000511,8,53,-45
229000512,1,31,-30
229000513,0,8,-8
229000514,0,6,-6
229000517,13,9,4
229000518,25,39,-14
229000519,0,16,-16
229000520,61,33,28
229000521,110,18,92
229000522,26,12,14
229000523,11,1,10
229000524,2,0,2
229000527,0,0,0
229000528,0,0,0
229000529,9,0,9
229000530,119,0,119
229000531,106,1,105
229000532,20,1,19
229000533,53,0,53
229000534,33,0,33
229000564,230,0,230
229000565,121,0,121
229000566,0,8,-8
229000567,0,7,-7
229000582,92,7,85
229000583,54,7,47
229000584,0,5,-5
229000585,0,116,-116
229000718,0,2,-2
229000719,0,4,-4
229000720,0,25,-25
229000721,0,22,-22
229000722,0,2,-2
229000723,0,1,-1
229000724,0,19,-19
229000725,0,11,-11
229000738,1,0,1
229000739,18,0,18
229000740,1,0,1
229000741,69,0,69
229000742,21,1,20
229000743,20,0,20
229000744,0,0,0
229000745,1,0,1
229000746,37,0,37
229000847,162,0,162
229000848,178,0,178
229000849,307,1,306
229000851,425,0,425
229000854,0,33,-33
229000856,0,51,-51
229000857,0,24,-24
229000858,1,26,-25
229000919,0,15,-15
229000930,2,8,-6
229000937,171,8,163
229000966,68,16,52
229000981,18,8,10
229000985,31,9,22
229000986,0,1,-1
229000987,0,0,0
229000988,3,2,1
229000989,1,30,-29
229000990,6,19,-13
229000991,0,1,-1
229000992,63,5,58
229000993,434,6,428
229000998,15,27,-12
229000999,129,6,123
229001034,1,50,-49
229001035,23,4,19
229001036,0,0,0
229001037,90,3,87
229001038,0,0,0
229001039,0,0,0
229001040,0,6,-6
229001041,17,0,17
229001042,47,5,42
229001047,2,90,-88
229001050,118,31,87
229001168,0,44,-44
229001200,45,3,42
229001338,8,11,-3
229001394,517,4,513
229001422,198,34,164
229001423,2,38,-36
229001431,51,37,14
229001432,0,31,-31
229001444,377,38,339
229001445,131,157,-26
229001479,76,1,75
229001503,498,38,460
229001504,27,27,0
229001505,229,39,190
229001506,38,39,-1
229001509,122,2,120
229001510,1,3,-2
229001545,77,23,54
229001546,1,21,-20
229001553,118,9,109
229001554,0,7,-7
229001630,132,0,132
229001631,12,76,-64
229001635,2,23,-21
229001636,0,0,0
229001658,0,16,-16
229001659,67,23,44
229001660,5,13,-8
229001661,0,76,-76
229001662,49,8,41
229001663,0,2,-2
229002584,554,361,193
229002831,233,134,99
229002841,33,66,-33
229002842,40,94,-54
229002843,93,57,36
229002844,23,140,-117
229002845,18,176,-158
229002846,13,43,-30
229002847,1,24,-23
229002848,5,83,-78
229002849,0,229,-229
229002850,12,3,9
229002851,50,267,-217
229002852,126,44,82
229002853,153,54,99
229002854,34,90,-56
229002855,3,53,-50
229002856,103,37,66
229002857,11,119,-108
229002858,9,4,5
229002859,36,30,6
229002860,53,50,3
229002861,56,86,-30
229002862,22,58,-36
229002863,11,1,10
229002864,73,83,-10
229002865,4,31,-27
229002866,23,42,-19
229002867,0,21,-21
229002868,6,49,-43
229002869,62,99,-37
229002870,75,18,57
235000066,329,19,310
235000067,146,96,50
235000072,29,6,23
235000073,35,55,-20
235000074,56,13,43
235000080,8,24,-16
235000081,44,53,-9
235000082,455,76,379
235000083,542,145,397
235000084,19,57,-38
235000085,259,104,155
235000089,41,22,19
235000092,9,6,3
235000093,2,0,2
235000097,0,1,-1
235000098,141,3,138
235000099,48,21,27
235000116,13,22,-9
235000117,656,24,632
235000133,8,172,-164
235000134,4,46,-42
235000206,1,3,-2
235000207,0,1,-1
235000208,1,0,1
235000209,4,2,2
235000210,5,1,4
235000212,0,13,-13
235000213,0,8,-8
235000220,0,5,-5
235000221,5,35,-30
235000238,26,170,-144
235000239,1,65,-64
235000242,295,1200,-905
235000245,409,197,212
235000246,42,40,2
235000284,4,53,-49
235000295,60,6,54
235000305,427,7,420
235000306,653,3,650
235000307,106,3,103
235000308,24,0,24
235000309,156,0,156
235000310,46,0,46
235000311,54,46,8
235000322,0,128,-128
235000323,0,40,-40
235000324,0,78,-78
235000325,4,65,-61
235000326,27,100,-73
235000351,3,49,-46
235000352,50,41,9
235000353,3,21,-18
235000354,22,30,-8
235000355,20,267,-247
235000356,96,1,95
235000357,116,8,108
235000358,41,4,37
235000359,25,2,23
235000360,195,10,185
235000361,53,3,50
235000381,129,60,69
235000382,223,60,163
235000390,4,1,3
235000391,234,5,229
235000392,250,80,170
235000393,170,119,51
235000395,180,55,125
235000396,572,38,534
235000400,79,121,-42
235000401,2,114,-112
235000405,66,107,-41
235000406,53,56,-3
235000407,61,37,24
235000409,158,47,111
235000410,53,65,-12
235000411,0,71,-71
235000485,0,1,-1
235000486,3,0,3
235000549,165,107,58
235000550,102,48,54
235000599,138,19,119
235000600,1,2,-1
235000601,31,10,21
235000602,144,32,112
235000614,1,8,-7
235000648,0,1,-1
235000649,67,14,53
235000685,0,10,-10
235000815,0,15,-15
235000834,0,21,-21
235000855,38,37,1
235000862,17,52,-35
235000891,0,6,-6
235000892,28,0,28
235000901,33,26,7
235000907,0,3,-3
235001010,210,46,164
235001029,111,76,35
235001030,121,39,82
235001078,91,65,26
235001079,68,25,43
235001147,2,130,-128
235001166,22,8,14
235001167,28,6,22
235001169,64,191,-127
235001188,0,9,-9
235001189,0,0,0
235001197,3,17,-14
235001200,37,7,30
235001207,241,70,171
235001210,5,119,-114
235001215,24,74,-50
235001239,1,1,0
235001244,0,5,-5
235016267,0,150,-150
277101746,0,1,-1
277102712,42,8,34
277103813,0,0,0
277103898,0,2,-2
277104249,0,2,-2
277104250,0,31,-31
277104251,0,1,-1
277104252,0,2,-2
990011530,0,191,-191
990014944,1,160,-159
990015176,10,1,9
990015618,0,159,-159
990016032,1,415,-414
990032570,2,1651,-1649
990070001,82,3,79
990070103,0,2,-2
990070601,1,7,-6
990070751,4118,2,4116
990070766,0,114,-114
990071180,555,69,486
990071343,20,0,20
990071387,0,1,-1
990071823,776,48,728
990072600,1,640,-639
990072964,1,152,-151
990073285,0,0,0
990074393,3,392,-389
990074870,3523,10,3513
990075106,573,3,570
990075746,736,4,732
990076437,8221,8,8213
990076458,9,362,-353
997000007,390,10,380
997000041,0,336,-336
997000058,74,0,74
997000062,31,8,23
997000069,0,6,-6
997000070,1,69,-68
997000100,231,1,230
997000141,0,95,-95
997000198,0,90,-90
998000475,0,2,-2
998000736,0,489,-489
998000965,0,56,-56
998001031,1,137,-136
998001700,0,87,-87
998001899,0,0,0
998001900,8,1,7
998003073,2308,8,2300
998101900,0,0,0
998102850,2,147,-145
998501927,429,1087,-658
998501929,238,3,235
998501930,119,0,119
998501931,264,4,260
998501932,22,8,14
998501933,59,0,59
998501937,13,0,13
998501944,17,1,16
998501950,0,0,0
998501970,446,11,435
998501971,1,182,-181
998501973,0,8,-8
998501974,2,77,-75
998501975,123,3,120
998501976,206,0,206
998501977,0,28,-28
998501978,23,1,22
998501979,0,4,-4
998501980,307,3,304
998501981,152,13,139
998501982,1,89,-88
998502006,0,0,0
998502024,0,17,-17
998502032,0,2,-2
998502062,6,0,6
998502063,0,0,0
998502173,5,0,5
998502269,0,2,-2
998601159,0,22,-22
998601292,1,26,-25
999033574,0,263,-263
999800001,66,14,52
999800002,0,3,-3
999800003,1,2,-1
999800004,0,3,-3
999800005,0,16,-16
