ID,insum,outsum,diff
100000001,781,980,-199
100000002,3778,3133,645
100000003,4872,6379,-1507
100000004,757,1295,-538
100000005,2503,5583,-3080
100000006,574,294,280
100000007,2177,829,1348
100000008,192,661,-469
100000009,445,323,122
100000010,106,139,-33
100000011,696,162,534
100000012,69,999,-930
100000013,373,294,79
100000014,247,363,-116
100000015,1609,2524,-915
100000016,633,1275,-642
100000017,598,847,-249
100000018,1122,678,444
100000019,3791,2336,1455
100000020,1591,6340,-4749
100000021,5450,2892,2558
100000022,1136,3449,-2313
100000023,6091,2174,3917
100000025,653,1748,-1095
100000028,952,1264,-312
100000029,162,440,-278
100000030,111,62,49
100000031,3260,6335,-3075
100000032,1598,4098,-2500
100000033,1070,3097,-2027
100000034,183,808,-625
100000035,1074,1942,-868
100000036,1136,1581,-445
100000037,716,435,281
100000038,2125,1170,955
100000039,416,1240,-824
100000040,189,202,-13
100000041,1502,629,873
100000042,1078,472,606
100000043,824,432,392
100000044,261,769,-508
100000045,400,1074,-674
100000046,507,833,-326
100000047,222,811,-589
100000048,389,666,-277
100000049,1510,1116,394
100000051,386,634,-248
100000053,156,10,146
100000054,324,37,287
100000055,642,312,330
100000056,511,690,-179
100000057,2339,875,1464
100000058,869,966,-97
100000059,18,172,-154
100000060,428,282,146
100000061,2562,744,1818
100000062,1940,626,1314
100000063,962,306,656
100000064,1688,295,1393
100000065,327,695,-368
100000066,156,486,-330
100000067,470,537,-67
100000068,437,1156,-719
100000069,311,895,-584
100000072,186,598,-412
100000073,1003,866,137
100000075,790,218,572
100000076,1941,3625,-1684
100000077,167,354,-187
100000078,13,42,-29
100000079,38,40,-2
100000080,30,50,-20
100000081,116,211,-95
100000102,2971,3723,-752
100000103,1694,1824,-130
100000104,3537,3357,180
100000105,1566,2190,-624
100000106,2175,3048,-873
100000107,385,1538,-1153
100000108,501,996,-495
100000109,1305,1313,-8
100000116,864,1059,-195
100000117,98,157,-59
100000118,869,1562,-693
100000119,591,948,-357
100000121,723,444,279
100000122,1587,1227,360
100000123,1597,3258,-1661
100000124,3624,5288,-1664
100000125,3494,1894,1600
100000126,598,541,57
100000127,1384,413,971
100000128,1690,2704,-1014
100000129,346,544,-198
100000130,459,424,35
100000131,1482,2463,-981
100000132,905,3046,-2141
100000133,2549,1952,597
100000135,669,1362,-693
100000139,298,544,-246
100000140,265,399,-134
100000142,584,532,52
100000143,1679,501,1178
100000144,3382,652,2730
100000147,1253,3610,-2357
100000150,73,460,-387
100000151,931,1619,-688
100000153,347,499,-152
100000154,55,443,-388
100000155,22,42,-20
100000156,363,501,-138
100000157,321,215,106
100000158,332,146,186
100000159,230,624,-394
100000165,1032,823,209
100000169,103,1356,-1253
100000174,344,1105,-761
100000179,79,537,-458
100000180,2291,10792,-8501
100000181,623,412,211
100000188,90,864,-774
100000189,1022,706,316
100000190,602,1459,-857
100000191,699,733,-34
100000192,45,116,-71
100000193,307,243,64
100000330,895,1084,-189
100000355,178,1279,-1101
100000362,3086,1960,1126
100000363,5431,4858,573
100000364,138,247,-109
100000365,5627,8775,-3148
100000366,3160,2546,614
100000367,4939,7574,-2635
100000368,2767,1177,1590
100000369,843,2709,-1866
100000370,144,1182,-1038
100000376,68,158,-90
100000379,1814,1860,-46
100000380,4741,5990,-1249
100000384,5389,7082,-1693
100000385,2441,4448,-2007
100000386,5145,6756,-1611
100000387,3682,6394,-2712
100000388,3910,7410,-3500
100000389,5035,7255,-2220
100000390,5965,7358,-1393
100000391,4618,9141,-4523
100000392,2327,5086,-2759
100000393,2153,5653,-3500
100000394,5414,10002,-4588
100000395,3979,5607,-1628
100000396,4634,3958,676
100000397,3627,7915,-4288
100000398,8443,6975,1468
100900002,16,18,-2
100900003,360,228,132
100900004,30,2075,-2045
100900005,129,19,110
100900006,55,111,-56
100900007,233,16,217
100900008,3,318,-315
100900009,71,213,-142
100900010,106,83,23
100900011,149,205,-56
100900012,3,132,-129
100900013,1121,6,1115
100900014,6,9,-3
100900015,81,65,16
100900016,10,26,-16
100900017,1217,109,1108
100900018,0,22,-22
100900019,33,177,-144
100900020,390,5,385
100900021,540,3,537
100900022,11,41,-30
100900023,0,34,-34
100900024,410,5,405
100900025,8,9,-1
100900026,124,100,24
100900027,612,3011,-2399
100900028,115,259,-144
100900029,39,11,28
100900030,14,84,-70
100900031,711,43,668
100900032,366,3,363
100900033,196,309,-113
100900034,767,6,761
100900035,379,2,377
100900036,17,1,16
100900037,120,164,-44
100900038,112,58,54
100900039,239,304,-65
100900040,554,367,187
100900041,1129,400,729
100900042,1838,1552,286
100900043,0,8,-8
100900044,1317,549,768
100900045,93,1,92
100900046,1271,22,1249
100900047,1058,193,865
100900048,183,118,65
100900049,72,84,-12
100900050,5,12,-7
100900051,34,144,-110
100900052,383,55,328
100900053,616,27,589
100900054,10,35,-25
100900055,265,964,-699
100900056,61,124,-63
100900057,1471,1506,-35
100900058,253,92,161
100900059,108,10,98
100900060,283,9,274
100900061,303,196,107
100900062,20,28,-8
100900063,276,802,-526
100900064,785,35,750
100900065,57,173,-116
100900066,168,253,-85
100900067,17,8,9
100900068,132,144,-12
100900069,1112,10,1102
100900070,438,6,432
100900071,566,206,360
100900072,7,17,-10
100900073,179,253,-74
100900074,11,4,7
100900075,2043,321,1722
100900076,8,47,-39
100900077,65,68,-3
100900078,137,316,-179
100900079,12,11,1
100900080,68,282,-214
100900081,74,177,-103
100900082,151,336,-185
100900083,17,25,-8
100900085,26,342,-316
100900086,149,811,-662
100900088,190,266,-76
100900089,1,11,-10
100900090,117,571,-454
100900091,8,25,-17
100900092,168,270,-102
100900093,305,361,-56
100900094,199,213,-14
100900095,2,13,-11
100900096,159,93,66
100900097,1,2,-1
100900098,19,23,-4
100900099,27,481,-454
100900100,11,760,-749
100900101,269,50,219
100900102,52,177,-125
100900103,7,22,-15
100900104,9,136,-127
100900105,26,713,-687
100900106,24,9,15
100900107,1765,801,964
100900108,11,70,-59
100900109,15,38,-23
100900110,1,18,-17
100900111,17,189,-172
100900112,10,26,-16
100900113,20,29,-9
100900114,14,7,7
100900115,15,20,-5
100900116,1286,693,593
100900117,296,1189,-893
100900118,20,19,1
100900119,20,8,12
100900120,10,16,-6
100900121,670,618,52
100900122,103,150,-47
100900123,91,150,-59
100900124,3,20,-17
100900125,18,57,-39
100900126,171,123,48
100900127,2,12,-10
100900128,163,160,3
100900129,2,245,-243
100900131,71,277,-206
100900133,58,33,25
100900134,3,9,-6
100900135,1,274,-273
100900137,318,233,85
100900138,383,483,-100
100900139,10,11,-1
100900140,2,301,-299
100900141,7,742,-735
100900142,3,16,-13
100900143,529,412,117
100900144,13,8,5
100900145,47,210,-163
100900146,1,78,-77
100900147,8,468,-460
100900148,38,336,-298
100900149,22,261,-239
100900150,2,26,-24
100900151,172,372,-200
100900152,870,16,854
100900153,12,158,-146
100900154,24,117,-93
100900155,19,10,9
100900156,80,6,74
100900157,14,461,-447
100900158,295,20,275
100900159,23,41,-18
100900160,23,9,14
100900161,90,8,82
100900162,18,607,-589
100900163,228,132,96
100900164,78,38,40
100900165,27,33,-6
100900166,212,6,206
100900167,33,64,-31
100900168,33,188,-155
100900169,124,1190,-1066
100900170,32,3,29
100900171,18,357,-339
100900172,0,41,-41
100900173,7,219,-212
100900174,179,26,153
100900176,1941,291,1650
100900177,565,413,152
100900178,205,162,43
100900179,272,481,-209
100900180,7,5,2
100900181,217,99,118
100900182,255,42,213
100900184,21,293,-272
100900186,483,436,47
100900187,10,36,-26
100900188,32,14,18
100900189,2486,230,2256
100900191,854,1387,-533
100900192,223,448,-225
100900195,108,174,-66
100900197,22,24,-2
100900198,34,249,-215
100900199,5,10,-5
100900200,944,398,546
100900201,125,618,-493
100900202,40,0,40
100900203,1,207,-206
100900204,555,3225,-2670
100900205,163,639,-476
100900206,281,103,178
100900207,273,141,132
100900210,136,363,-227
100900211,822,218,604
100900213,363,67,296
100900214,479,134,345
100900215,25,45,-20
100900217,84,109,-25
101000001,2395,2338,57
101000002,7450,7979,-529
101000003,397,1152,-755
101000004,6647,6031,616
101000005,4002,4982,-980
101000006,5817,6970,-1153
101000007,3888,4319,-431
101000008,2256,2148,108
101000009,1994,749,1245
101000010,864,617,247
101000011,1106,488,618
101000012,853,690,163
101000013,736,1159,-423
101000014,368,530,-162
101000015,1531,779,752
101000016,372,420,-48
101000017,526,411,115
101000018,1980,2296,-316
101000020,2087,868,1219
101000021,770,387,383
101000022,207,138,69
101000023,1362,633,729
101000025,370,429,-59
101000026,193,46,147
101000027,2414,3258,-844
101000028,846,282,564
101000029,291,2010,-1719
101000030,1350,210,1140
101000031,626,1440,-814
101000032,4641,5403,-762
101000033,2744,4391,-1647
101000034,1363,1963,-600
101000035,915,406,509
101000036,1455,997,458
101000037,1646,1938,-292
101000039,2664,3682,-1018
101000040,2670,4890,-2220
101000041,4938,10462,-5524
101000042,293,1472,-1179
101000043,4775,10406,-5631
101000045,936,1183,-247
101000046,2131,2652,-521
101000047,1830,5832,-4002
101000048,556,522,34
101000049,709,2478,-1769
101000050,1661,2684,-1023
101000051,1233,3458,-2225
101000052,1311,1517,-206
101000053,1148,1306,-158
101000054,1975,1021,954
101000055,1195,1623,-428
101000056,47,123,-76
101000057,1362,1485,-123
101000058,1043,1554,-511
101000059,2302,2448,-146
101000060,1905,803,1102
101000061,793,1552,-759
101000062,491,785,-294
101000063,461,1211,-750
101000064,874,1074,-200
101000065,314,544,-230
101000066,819,1241,-422
101000067,982,1202,-220
101000068,197,635,-438
101000069,181,84,97
101000070,826,1221,-395
101000071,2141,1012,1129
101000072,691,3424,-2733
101000073,847,1348,-501
101000074,3761,4429,-668
101000075,2714,6018,-3304
101000077,1821,1403,418
101000078,930,1510,-580
101000079,1433,789,644
101000080,1124,919,205
101000081,1711,1556,155
101000082,2543,2546,-3
101000083,2871,2386,485
101000084,1198,741,457
101000085,1391,1154,237
101000086,1098,1022,76
101000087,828,793,35
101000088,1363,1250,113
101000089,1131,1559,-428
101000090,1665,906,759
101000091,487,588,-101
101000092,1120,646,474
101000093,1332,672,660
101000094,1135,902,233
101000095,533,581,-48
101000096,367,402,-35
101000097,495,768,-273
101000098,446,1124,-678
101000099,816,1583,-767
101000100,750,1292,-542
101000101,272,356,-84
101000102,860,685,175
101000103,638,595,43
101000104,427,768,-341
101000105,404,637,-233
101000106,769,1257,-488
101000107,321,432,-111
101000108,533,176,357
101000109,534,92,442
101000110,31,226,-195
101000111,86,272,-186
101000113,343,726,-383
101000114,6078,11572,-5494
101000115,188,100,88
101000116,85,63,22
101000117,1921,342,1579
101000119,72,69,3
101000120,125,57,68
101000121,48,58,-10
101000122,100,141,-41
101000123,63,122,-59
101000124,1258,429,829
101000125,179,392,-213
101000128,327,831,-504
101000130,151,276,-125
101000131,1028,353,675
101000132,915,885,30
101000135,24,36,-12
101000136,288,216,72
101000137,29,377,-348
101000141,1009,4398,-3389
101000147,885,378,507
101000148,560,30,530
101000149,347,584,-237
101000150,106,410,-304
101000151,344,42,302
101000152,298,331,-33
101000153,341,201,140
101000154,354,723,-369
101000155,470,197,273
101000156,32,344,-312
101000157,50,29,21
101000160,97,45,52
101000163,207,412,-205
101000164,377,251,126
101000165,306,331,-25
101000166,277,273,4
101000168,928,469,459
101000252,2349,1036,1313
101000254,135,210,-75
101000258,47,13,34
101000261,165,80,85
101000262,1844,3118,-1274
101000263,530,1391,-861
101000265,111,900,-789
101000266,327,364,-37
101000269,22,18,4
101000290,894,2559,-1665
101000293,70,61,9
101000294,644,531,113
101000295,159,320,-161
101000301,436,586,-150
101000304,2475,2733,-258
101000305,2737,1204,1533
101900001,28,60,-32
101900002,0,10,-10
101900003,51,118,-67
101900004,1,58,-57
101900005,2104,2938,-834
101900006,1581,98,1483
101900007,1007,289,718
101900008,88,258,-170
101900009,39,445,-406
101900010,563,663,-100
101900011,182,929,-747
101900012,394,117,277
101900013,553,166,387
101900017,11,148,-137
101900018,800,376,424
101900019,191,138,53
101900020,36,32,4
101900021,0,45,-45
101900022,158,613,-455
101900023,140,105,35
101900026,63,34,29
101900027,13,82,-69
102000001,3641,5225,-1584
102000002,2409,938,1471
102000003,2681,7457,-4776
102000004,4342,2377,1965
102000005,1342,2617,-1275
102000006,848,1600,-752
102000007,1786,5037,-3251
102000008,3750,1624,2126
102000009,7350,8996,-1646
102000010,4051,3262,789
102000011,4126,3182,944
102000012,2805,2711,94
102000018,2224,2656,-432
102000019,3053,1769,1284
102000026,199,575,-376
102000029,215,216,-1
102000030,174,376,-202
102000031,92,128,-36
102000032,687,263,424
102000033,322,365,-43
102000034,545,452,93
102000035,2672,670,2002
102000036,15,289,-274
102000037,144,52,92
102000038,158,330,-172
102000039,143,84,59
102000040,325,260,65
102000041,128,453,-325
102000042,217,388,-171
102000043,191,250,-59
102000044,350,429,-79
102000045,630,723,-93
102000046,1210,582,628
102000047,719,748,-29
102000048,526,694,-168
102000049,1013,774,239
102000050,949,1029,-80
102000051,401,611,-210
102000052,1026,723,303
102000053,957,963,-6
102000054,707,1077,-370
102000055,1438,347,1091
102000056,1063,569,494
102000057,1305,474,831
102000058,920,851,69
102000059,1520,1150,370
102000060,997,824,173
102000061,1698,1277,421
102000062,1968,971,997
102000063,1070,1183,-113
102000064,560,610,-50
102000065,73,190,-117
102000066,819,647,172
102000067,1970,2436,-466
102000068,10040,2363,7677
102000069,126,2848,-2722
102000070,1107,36,1071
102000071,5695,7488,-1793
102000072,2845,3142,-297
102000073,1178,1111,67
102000074,586,1200,-614
102000075,121,321,-200
102000076,166,333,-167
102000077,744,398,346
102000078,876,497,379
102000079,178,198,-20
102000080,286,209,77
102000081,374,709,-335
102000082,634,398,236
102000083,623,189,434
102000084,390,214,176
102000085,3301,721,2580
102000086,1133,829,304
102000087,1092,1397,-305
102000088,315,276,39
102000089,1296,381,915
102000090,490,1068,-578
102000091,1153,575,578
102000092,287,589,-302
102000093,438,572,-134
102000094,815,688,127
102000095,902,1216,-314
102000096,590,784,-194
102000097,724,626,98
102000098,581,610,-29
102000099,846,874,-28
102000100,403,1119,-716
102000101,611,809,-198
102000102,263,1109,-846
102000103,1272,343,929
102000104,647,306,341
102000105,266,458,-192
102000106,828,451,377
102000107,1616,369,1247
102000108,589,198,391
102000109,605,387,218
102000110,1246,684,562
102000111,6,187,-181
102000112,124,130,-6
102000113,37,26,11
102000114,570,263,307
102000115,262,306,-44
102000116,334,507,-173
102000117,200,628,-428
102000118,830,1366,-536
102000119,1257,882,375
102000120,195,511,-316
102000121,1154,569,585
102000122,917,1054,-137
102000123,1255,1089,166
102000124,1498,1083,415
102000125,683,871,-188
102000126,714,713,1
102000127,1369,596,773
102000128,837,786,51
102000129,1609,567,1042
102000130,786,885,-99
102000131,1737,1175,562
102000132,644,1821,-1177
102000133,2449,1258,1191
102000134,1073,625,448
102000135,1422,979,443
102000136,1992,620,1372
102000137,557,1836,-1279
102000138,261,586,-325
102000139,195,1189,-994
102000140,193,1634,-1441
102000141,482,3414,-2932
102000142,304,367,-63
102000143,181,235,-54
102000144,430,231,199
102000145,421,307,114
102000146,424,300,124
102000147,499,366,133
102000148,165,444,-279
102000149,236,246,-10
102000150,546,74,472
102000151,118,155,-37
102000152,224,103,121
102000153,1085,580,505
102000154,220,469,-249
102000155,61,326,-265
102000156,301,139,162
102000157,107,414,-307
102000158,422,516,-94
102000159,750,763,-13
102000161,1982,2111,-129
102000162,135,179,-44
102000163,130,579,-449
102000164,668,882,-214
102000165,258,118,140
102000166,71,194,-123
102000167,297,183,114
102000168,342,146,196
102000169,112,460,-348
102000170,339,187,152
102000171,175,238,-63
102000172,144,478,-334
102000173,399,256,143
102000174,93,71,22
102000175,99,75,24
102000176,99,27,72
102000178,346,262,84
102000179,594,184,410
102000180,924,346,578
102000181,902,408,494
102000182,553,373,180
102000183,1828,1212,616
102000184,1940,542,1398
102000185,3055,872,2183
102000186,1437,1079,358
102000187,859,1001,-142
102000188,1228,1222,6
102000189,1570,519,1051
102000190,628,2407,-1779
102000191,1202,470,732
102000192,1292,1404,-112
102000193,60,89,-29
102000194,63,108,-45
102000195,435,396,39
102000196,195,256,-61
102000197,833,263,570
102000198,237,458,-221
102000199,1314,219,1095
102000200,257,680,-423
102000201,1305,399,906
102000202,7,77,-70
102000203,407,138,269
102000204,621,416,205
102000205,1275,311,964
102000206,718,374,344
102000207,690,422,268
102000208,411,353,58
102000209,71,62,9
102000210,577,267,310
102000211,483,137,346
102000212,417,9,408
102000213,2,167,-165
102000214,370,8,362
102000215,10,236,-226
102000216,81,85,-4
102000217,5,79,-74
102000218,373,216,157
102000219,284,195,89
102000225,404,481,-77
102000226,1995,1751,244
102000227,168,1,167
102000228,0,69,-69
102000229,35,63,-28
102000230,323,220,103
102000231,322,324,-2
102000232,38,158,-120
102000233,393,551,-158
102000234,117,992,-875
102000236,193,81,112
102000237,378,126,252
102000238,137,228,-91
102000240,435,622,-187
102000241,428,156,272
102000243,30,41,-11
102000245,19,168,-149
102000246,14,24,-10
102000247,392,506,-114
102000248,247,762,-515
102000249,117,77,40
102000250,91,229,-138
102000254,162,178,-16
102000266,31,741,-710
102000271,19,0,19
102000286,400,341,59
102000297,1992,889,1103
102000299,0,1,-1
102000301,0,0,0
102000305,0,0,0
102000307,0,5,-5
102000308,0,0,0
102900001,1181,548,633
102900002,458,46,412
102900003,67,156,-89
102900005,396,181,215
102900006,595,70,525
102900007,597,18,579
102900008,223,46,177
102900009,591,328,263
102900010,258,931,-673
102900011,1246,429,817
102900012,401,101,300
102900013,40,46,-6
102900015,660,468,192
102900016,73,100,-27
102900017,236,382,-146
102900018,72,90,-18
102900019,408,349,59
102900020,141,35,106
102900021,34,57,-23
102900022,420,182,238
102900023,18,44,-26
102900024,27,46,-19
102900025,156,95,61
102900026,352,1998,-1646
102900027,76,55,21
102900028,196,790,-594
102900029,177,249,-72
102900030,412,322,90
102900031,300,114,186
102900032,106,82,24
102900033,154,189,-35
102900034,615,64,551
102900035,194,228,-34
102900036,325,269,56
102900037,323,258,65
102900038,430,326,104
102900039,21,587,-566
102900040,235,237,-2
102900041,119,167,-48
102900042,275,210,65
102900043,223,147,76
102900044,629,1330,-701
102900045,204,366,-162
102900046,162,206,-44
102900047,154,471,-317
102900048,526,342,184
102900049,135,359,-224
102900050,210,252,-42
102900051,136,191,-55
102900052,52,83,-31
102900053,339,492,-153
102900054,479,1355,-876
102900055,160,262,-102
102900056,119,289,-170
102900057,11,68,-57
102900058,383,73,310
102900059,39,67,-28
102900060,120,375,-255
102900061,205,294,-89
102900062,331,523,-192
102900063,1342,333,1009
102900064,93,462,-369
102900065,834,348,486
102900066,371,18,353
102900068,83,96,-13
102900070,276,889,-613
102900072,18,34,-16
102900073,88,8,80
102900075,26,82,-56
102900076,87,184,-97
102900077,60,39,21
102900078,28,60,-32
102900079,222,10,212
102900080,486,42,444
102900081,88,286,-198
102900082,14,202,-188
102900083,172,26,146
102900084,12,31,-19
102900085,351,167,184
102900086,47,57,-10
102900087,158,108,50
102900088,50,36,14
102900089,213,100,113
102900090,1,195,-194
102900091,205,1,204
102900092,502,386,116
102900093,304,219,85
102900094,5,136,-131
102900095,131,0,131
102900096,18,4,14
102900097,399,417,-18
103000001,2230,1929,301
103000002,2011,2379,-368
103000003,2900,3004,-104
103000004,814,666,148
103000005,1545,2848,-1303
103000006,840,1458,-618
103000007,469,627,-158
103000008,1137,515,622
103000009,1557,989,568
103000010,89,47,42
103000011,1470,1086,384
103000012,1684,1327,357
103000013,2847,1490,1357
103000014,1288,2539,-1251
103000015,1276,593,683
103000016,539,1358,-819
103000017,227,399,-172
103000018,568,282,286
103000019,405,297,108
103000020,1977,1391,586
103000021,1765,1811,-46
103000022,658,839,-181
103000023,637,1701,-1064
103000024,76,111,-35
103000025,104,702,-598
103000026,678,91,587
103000027,245,599,-354
103000028,308,338,-30
103000029,153,354,-201
103000030,1208,1102,106
103000031,1093,1867,-774
103000032,2023,1386,637
103000033,2607,2591,16
103000034,1172,1098,74
103000035,421,1228,-807
103000036,282,444,-162
103000037,560,534,26
103000038,514,939,-425
103000039,584,263,321
103000040,535,545,-10
103000041,1624,1387,237
103000042,1406,336,1070
103000043,611,629,-18
103000044,325,130,195
103000046,460,433,27
103000047,591,365,226
103000048,210,131,79
103000049,97,93,4
103000050,732,313,419
103000051,643,350,293
103000052,752,227,525
103000053,181,420,-239
103000054,2500,1178,1322
103000055,1816,1863,-47
103000056,799,936,-137
103000057,742,189,553
103000058,633,640,-7
103000059,555,609,-54
103000060,708,320,388
103000061,445,709,-264
103000062,1053,397,656
103000063,821,765,56
103000064,132,149,-17
103000065,4,290,-286
103000066,209,12,197
103000069,431,216,215
103000070,1118,578,540
103000071,1271,444,827
103000072,172,488,-316
103000073,721,122,599
103000074,848,91,757
103000075,94,409,-315
103000076,347,460,-113
103000077,23,212,-189
103000078,778,802,-24
103000079,433,475,-42
103000080,680,413,267
103000081,391,1048,-657
103000082,438,220,218
103000083,162,207,-45
103000084,105,8,97
103000085,6,104,-98
103000086,459,357,102
103000087,164,586,-422
103000088,214,270,-56
103000089,287,447,-160
103000090,2228,828,1400
103000091,574,428,146
103000092,271,222,49
103000093,292,357,-65
103000094,213,80,133
103000095,69,247,-178
103000096,526,49,477
103000097,81,614,-533
103000098,575,177,398
103000099,224,624,-400
103000100,162,458,-296
103000101,985,110,875
103000102,140,358,-218
103000103,723,142,581
103000104,69,59,10
103000105,202,71,131
103000106,32,131,-99
103000107,198,84,114
103000108,755,469,286
103000109,368,351,17
103000110,431,450,-19
103000111,414,381,33
103000112,265,200,65
103000113,462,533,-71
103000114,1153,429,724
103000115,617,414,203
103000116,701,348,353
103000117,371,379,-8
103000118,423,479,-56
103000119,787,453,334
103000120,88,139,-51
103000121,165,346,-181
103000122,360,544,-184
103000125,34,167,-133
103000126,791,8,783
103000127,1,138,-137
103000128,261,3,258
103000129,4,107,-103
103000130,86,54,32
103000131,163,131,32
103000132,109,234,-125
103000133,43,105,-62
103000134,254,928,-674
103000135,468,213,255
103000136,522,435,87
103000137,334,528,-194
103000138,552,564,-12
103000139,2,81,-79
103000140,116,19,97
103000141,30,122,-92
103000142,96,111,-15
103000143,56,155,-99
103000144,159,60,99
103000145,46,157,-111
103000150,154,37,117
103000152,158,208,-50
103000153,191,145,46
103000156,17,245,-228
103000157,511,5,506
103000159,161,48,113
103000162,44,20,24
103000163,28,43,-15
103000164,12,14,-2
103000165,55,154,-99
103000166,189,315,-126
103000167,165,110,55
103000168,118,104,14
103000169,197,412,-215
103000170,963,245,718
103000171,50,80,-30
103000172,628,263,365
103000173,765,343,422
103000174,241,260,-19
103000175,381,166,215
103000176,806,681,125
103000177,426,326,100
103000178,171,303,-132
103000179,246,34,212
103000183,164,22,142
103000185,166,41,125
103000186,199,124,75
103000187,780,176,604
103000188,20,84,-64
103000189,694,520,174
103000191,535,534,1
103000292,751,1876,-1125
103000293,963,2460,-1497
103000295,86,101,-15
103000296,353,5,348
103000297,116,127,-11
103000504,94,29,65
103000505,13,37,-24
103000506,1,142,-141
103000507,204,2,202
103000508,49,83,-34
103000509,191,451,-260
103900001,3,103,-100
103900002,706,122,584
103900003,978,178,800
103900004,160,7,153
103900005,20,90,-70
103900006,6,5,1
103900007,123,8,115
103900008,23,4,19
103900009,364,486,-122
103900010,144,311,-167
103900011,453,111,342
103900012,14,33,-19
103900013,68,42,26
103900014,112,16,96
103900015,87,11,76
103900016,253,127,126
103900017,49,48,1
103900018,443,222,221
103900019,90,555,-465
103900020,256,476,-220
103900021,303,62,241
103900022,1091,550,541
103900023,189,2,187
103900024,66,245,-179
103900025,24,19,5
103900026,20,0,20
103900027,840,180,660
103900028,30,275,-245
103900029,1108,155,953
103900030,344,91,253
103900031,35,0,35
103900032,125,75,50
103900033,134,15,119
103900034,45,61,-16
103900035,74,31,43
103900036,42,43,-1
103900037,83,48,35
103900038,126,302,-176
103900039,117,199,-82
103900040,22,136,-114
103900041,76,44,32
103900042,98,165,-67
103900043,241,51,190
103900044,68,262,-194
103900045,436,146,290
103900047,125,17,108
103900048,26,52,-26
103900049,164,826,-662
103900050,19,141,-122
103900051,0,42,-42
103900052,201,250,-49
103900053,314,346,-32
103900054,178,212,-34
103900055,475,226,249
103900056,71,32,39
103900057,58,111,-53
103900058,380,321,59
103900059,0,46,-46
103900060,69,134,-65
103900061,231,34,197
103900062,440,104,336
103900063,7,0,7
103900064,141,2,139
103900065,636,388,248
103900066,192,23,169
103900067,217,12,205
103900068,3,0,3
103900069,94,20,74
103900070,136,138,-2
103900071,36,58,-22
103900072,33,113,-80
103900073,33,66,-33
103900074,67,63,4
103900075,329,86,243
103900076,682,292,390
103900077,48,136,-88
103900078,327,90,237
103900079,189,156,33
103900080,27,37,-10
103900081,24,28,-4
103900082,16,112,-96
103900083,819,1370,-551
103900084,85,176,-91
103900085,85,124,-39
103900086,1020,382,638
103900087,19,86,-67
103900088,371,591,-220
103900089,65,107,-42
103900090,5,88,-83
103900091,1051,173,878
103900092,839,345,494
103900093,70,203,-133
103900094,14,79,-65
103900095,310,224,86
103900096,36,94,-58
103900097,19,318,-299
103900098,301,150,151
103900099,157,89,68
103900100,294,198,96
103900101,107,876,-769
103900102,5,18,-13
103900104,2,34,-32
103900105,61,152,-91
103900106,0,77,-77
103900107,177,125,52
103900108,51,184,-133
103900109,152,49,103
103900110,274,35,239
103900111,144,341,-197
103900112,110,166,-56
103900113,112,272,-160
103900114,292,182,110
103900115,277,240,37
103900116,2707,2777,-70
103900117,79,67,12
103900119,37,99,-62
103900120,79,53,26
103900122,130,148,-18
103900123,934,675,259
103900124,61,280,-219
103900125,128,28,100
103900126,633,310,323
103900127,242,303,-61
103900128,155,99,56
103900131,28,85,-57
103900133,938,12,926
103900134,1,10,-9
103900135,1,5,-4
103900137,1,26,-25
103900138,181,118,63
103900139,196,2387,-2191
103900140,4,237,-233
103900141,250,54,196
103900142,297,86,211
103900143,92,0,92
103900144,2,17,-15
103900145,169,192,-23
103900146,277,178,99
103900147,343,94,249
103900148,309,186,123
103900149,430,275,155
103900150,3618,4865,-1247
103900151,26,125,-99
103900152,723,204,519
103900153,7,3,4
103900154,570,2082,-1512
103900155,48,160,-112
103900156,81,128,-47
103900157,107,105,2
103900158,137,73,64
103900159,243,50,193
103900160,66,63,3
103900161,84,157,-73
103900162,85,123,-38
103900163,8,337,-329
103900167,13,118,-105
103900168,151,74,77
103900169,56,45,11
103900170,1,56,-55
103900171,0,34,-34
103900172,5,10,-5
103900173,7,21,-14
103900174,261,67,194
103900175,58,103,-45
103900176,11,45,-34
103900177,25,70,-45
103900178,72,40,32
103900179,87,74,13
103900180,20,61,-41
103900181,46,47,-1
103900182,43,15,28
103900184,361,121,240
103900185,112,499,-387
103900187,18,99,-81
103900188,66,41,25
103900189,149,7,142
103900190,131,40,91
103900191,47,51,-4
103900192,19,145,-126
103900193,107,142,-35
103900194,90,167,-77
103900195,12,125,-113
103900196,28,29,-1
103900197,14,25,-11
103900198,13,44,-31
103900199,113,53,60
103900200,161,73,88
103900201,132,134,-2
103900202,25,54,-29
103900203,34,38,-4
103900204,2,40,-38
103900207,0,52,-52
103900208,121,1,120
103900209,8,100,-92
103900210,46,32,14
103900211,642,229,413
103900212,192,211,-19
103900213,64,177,-113
103900214,235,120,115
103900215,191,283,-92
103900216,10,235,-225
103900217,305,54,251
103900218,1,254,-253
103900219,148,117,31
103900233,34,2,32
103900235,14,21,-7
103900236,7,4,3
103900242,2,11,-9
103900243,9,13,-4
103900244,158,108,50
103900245,116,116,0
103900246,49,28,21
103900247,39,62,-23
103900248,6,55,-49
103900249,13,75,-62
103900250,14,37,-23
103900251,1,23,-22
103900253,15,64,-49
103900254,1,12,-11
103900255,2,12,-10
103900256,18,22,-4
103900257,37,67,-30
103900258,22,7,15
103900259,60,15,45
103900261,9,2,7
103900262,14,1,13
103900263,19,35,-16
103900264,51,41,10
103900265,48,7,41
103900266,2,109,-107
103900267,7,56,-49
103900268,6,24,-18
103900269,117,13,104
103900270,56,54,2
103900271,95,64,31
104000001,2335,2155,180
104000002,1500,1711,-211
104000003,2211,1682,529
104000004,2240,2084,156
104000005,1728,1674,54
104000006,2866,2289,577
104000007,3222,3667,-445
104000008,185,147,38
104000009,177,107,70
104000010,163,337,-174
104000011,319,166,153
104000012,109,191,-82
104000013,250,213,37
104000014,185,381,-196
104000015,362,87,275
104000016,538,275,263
104000018,811,139,672
104000019,603,205,398
104000020,103,269,-166
104000021,229,280,-51
104000022,126,208,-82
104000023,853,290,563
104000024,213,252,-39
104000026,49,270,-221
104000027,211,146,65
104000028,318,209,109
104000029,318,157,161
104000030,207,156,51
104000031,1345,307,1038
104000032,198,156,42
104000033,713,413,300
104000034,393,198,195
104000035,972,304,668
104000036,817,404,413
104000037,317,177,140
104000038,559,237,322
104000039,214,139,75
104000040,145,301,-156
104000041,592,270,322
104000042,208,236,-28
104000043,159,238,-79
104000044,192,306,-114
104000045,800,573,227
104000046,707,1064,-357
104000047,736,855,-119
104000048,901,816,85
104000049,519,347,172
104000050,145,779,-634
104000051,123,425,-302
104000052,1401,1333,68
104000053,902,424,478
104000054,506,262,244
104000055,3010,1895,1115
104000056,758,187,571
104000057,112,234,-122
104000058,678,606,72
104000059,433,833,-400
104000060,1033,1084,-51
104000061,1128,738,390
104000062,346,74,272
104000064,386,203,183
104000065,201,664,-463
104000069,593,1219,-626
104000070,52,490,-438
104000071,117,205,-88
104000072,528,141,387
104000075,124,230,-106
104000076,385,120,265
104000082,2185,2940,-755
104000083,733,201,532
104000084,134,380,-246
104000085,321,338,-17
104000086,190,361,-171
104000087,326,1859,-1533
104000090,862,786,76
104000092,1368,1191,177
104000094,853,1020,-167
104000095,1812,1017,795
104000096,1557,99,1458
104000097,1768,590,1178
104000098,2415,555,1860
104000100,1873,464,1409
104000101,1114,1090,24
104000106,48,487,-439
104000107,596,259,337
104000108,204,350,-146
104000109,288,113,175
104000110,704,904,-200
104000111,2275,2508,-233
104000112,1068,516,552
104000116,0,552,-552
104000117,201,313,-112
104000118,851,158,693
104000119,669,214,455
104000120,246,400,-154
104000121,265,582,-317
104000122,715,671,44
104000123,624,584,40
104000124,513,1282,-769
104000125,2092,4264,-2172
104000126,437,415,22
104000127,1007,1398,-391
104000128,627,288,339
104000129,373,24,349
104000130,5,332,-327
104000131,250,277,-27
104000132,269,259,10
104000133,1203,749,454
104000134,810,1567,-757
104000135,417,1652,-1235
104000136,583,3549,-2966
104000137,1078,344,734
104000138,757,468,289
104000139,3320,2325,995
104000141,792,984,-192
104000142,570,388,182
104000143,561,265,296
104000144,108,211,-103
104000145,296,184,112
104000146,224,414,-190
104000147,113,256,-143
104000148,336,162,174
104000149,153,199,-46
104000150,1064,551,513
104000151,313,260,53
104000152,586,418,168
104000153,725,458,267
104000154,721,404,317
104000155,446,504,-58
104000157,959,1110,-151
104000158,436,849,-413
104000159,883,666,217
104000160,1612,1811,-199
104000161,195,194,1
104000162,51,154,-103
104000165,582,867,-285
104000167,669,1134,-465
104000168,655,7,648
104000169,141,24,117
104000170,255,448,-193
104000248,257,397,-140
104000251,40,132,-92
104000272,0,0,0
104000273,0,0,0
104000274,0,0,0
104000275,0,0,0
104000279,648,424,224
104000290,88,184,-96
104000291,410,878,-468
104000293,816,610,206
104000294,55,0,55
104000295,582,661,-79
104000296,388,626,-238
104000297,514,1503,-989
104000298,1794,774,1020
104000299,610,1168,-558
104900001,109,279,-170
104900002,84,201,-117
104900003,65,219,-154
104900004,115,175,-60
104900005,311,330,-19
104900006,415,70,345
104900007,325,214,111
104900009,155,195,-40
104900010,72,58,14
104900011,21,6,15
104900012,245,45,200
104900013,115,10,105
104900014,1596,298,1298
104900015,68,8,60
104900016,245,173,72
104900017,195,138,57
104900018,10,132,-122
104900019,217,3149,-2932
104900020,25,245,-220
104900021,0,109,-109
104900022,10,92,-82
104900023,1,41,-40
104900024,21,54,-33
104900025,57,141,-84
104900026,2,38,-36
104900027,623,310,313
104900028,21,82,-61
104900029,48,42,6
104900030,474,177,297
104900031,61,169,-108
104900032,41,64,-23
104900033,189,225,-36
104900034,375,155,220
104900035,404,196,208
104900036,245,69,176
104900037,159,131,28
104900038,298,822,-524
104900039,423,452,-29
104900040,443,101,342
104900041,268,127,141
104900042,137,162,-25
104900043,16,219,-203
104900044,726,186,540
104900045,427,50,377
104900046,269,75,194
104900047,429,102,327
104900048,356,47,309
104900049,53,41,12
104900050,317,81,236
104900051,326,29,297
104900052,87,1,86
104900053,430,92,338
104900054,182,28,154
104900055,175,1,174
104900056,125,20,105
104900057,51,3,48
104900058,661,689,-28
104900059,153,86,67
104900060,2,361,-359
104900061,187,258,-71
104900063,0,94,-94
104900064,1,71,-70
104900065,1,187,-186
104900066,3,98,-95
104900067,3,228,-225
104900068,23,148,-125
104900070,162,192,-30
104900071,0,375,-375
104900072,75,206,-131
104900073,91,109,-18
104900074,63,136,-73
104900075,61,29,32
104900076,101,170,-69
104900077,624,305,319
104900078,179,267,-88
104900079,116,505,-389
104900080,116,418,-302
104900082,19,270,-251
104900085,2,127,-125
104900087,286,10,276
104900089,274,2,272
104900090,942,647,295
104900091,579,437,142
104900093,178,304,-126
104900097,1731,2149,-418
104900098,159,38,121
104900099,118,595,-477
104900100,283,174,109
104900102,34,95,-61
104900103,437,57,380
104900104,1995,2102,-107
104900106,124,87,37
104900107,123,140,-17
104900108,61,164,-103
104900109,115,157,-42
104900110,8,46,-38
104900111,251,101,150
104900112,261,318,-57
104900113,765,240,525
104900114,434,232,202
104900115,811,267,544
104900116,318,135,183
104900118,20,26,-6
104900119,1,70,-69
104900120,25,206,-181
104900121,1,56,-55
104900122,6,22,-16
104900123,70,16,54
104900124,49,1,48
104900125,408,8,400
104900126,43,33,10
104900127,29,41,-12
104900128,95,109,-14
104900129,963,2170,-1207
105000001,2366,1218,1148
105000002,2107,1346,761
105000003,2754,4061,-1307
105000004,688,739,-51
105000005,1096,1154,-58
105000006,1468,1691,-223
105000007,1295,1655,-360
105000008,1404,3969,-2565
105000009,2942,3030,-88
105000010,2502,1246,1256
105000011,3976,2737,1239
105000012,3141,2054,1087
105000013,1041,1084,-43
105000014,2209,2716,-507
105000015,9875,16594,-6719
105000016,1583,1720,-137
105000017,1519,764,755
105000018,979,1465,-486
105000019,984,881,103
105000020,181,474,-293
105000021,246,107,139
105000022,306,146,160
105000023,553,347,206
105000028,61,78,-17
105000029,691,1360,-669
105000030,3041,1797,1244
105000033,778,1304,-526
105000034,165,956,-791
105000037,594,160,434
105000038,1697,1615,82
105000039,2164,1461,703
105000040,1133,1655,-522
105000041,556,1404,-848
105000042,3223,2472,751
105000043,1291,2808,-1517
105000044,718,668,50
105000045,326,538,-212
105000046,1317,366,951
105000047,490,812,-322
105000048,522,158,364
105000049,218,305,-87
105000050,659,374,285
105000051,139,259,-120
105000052,565,713,-148
105000053,90,89,1
105000054,415,641,-226
105000055,883,226,657
105000056,1488,1298,190
105000057,1289,499,790
105000058,1138,856,282
105000059,735,507,228
105000060,428,435,-7
105000061,780,425,355
105000062,563,524,39
105000063,302,308,-6
105000064,1743,616,1127
105000065,365,345,20
105000066,966,945,21
105000067,1567,683,884
105000068,371,687,-316
105000069,1177,2180,-1003
105000070,354,873,-519
105000071,209,1037,-828
105000072,779,2514,-1735
105000073,839,610,229
105000074,868,623,245
105000075,502,645,-143
105000076,959,674,285
105000077,1982,998,984
105000078,1065,1371,-306
105000079,1137,3486,-2349
105000080,1994,1689,305
105000081,3387,1478,1909
105000082,1117,2584,-1467
105000083,4773,4661,112
105000084,589,685,-96
105000085,1665,2684,-1019
105000086,597,860,-263
105000087,1176,1924,-748
105000088,1186,1616,-430
105000089,2605,1861,744
105000090,889,815,74
105000091,1122,1134,-12
105000092,574,620,-46
105000093,297,311,-14
105000094,364,247,117
105000095,92,435,-343
105000096,1053,1037,16
105000097,796,736,60
105000098,933,575,358
105000099,653,633,20
105000100,1502,877,625
105000101,1577,1777,-200
105000102,1956,1538,418
105000103,1195,2347,-1152
105000104,2377,902,1475
105000105,921,1425,-504
105000106,1549,1128,421
105000107,1673,755,918
105000108,1912,1054,858
105000109,1875,1031,844
105000110,923,411,512
105000111,914,474,440
105000112,1197,455,742
105000113,500,644,-144
105000114,1861,1170,691
105000115,276,1194,-918
105000116,814,419,395
105000117,775,547,228
105000118,642,365,277
105000119,579,491,88
105000120,1224,459,765
105000121,807,554,253
105000122,430,576,-146
105000123,877,783,94
105000124,2084,539,1545
105000125,792,1116,-324
105000126,1981,1109,872
105000127,2206,1319,887
105000128,564,738,-174
105000129,739,212,527
105000130,376,3494,-3118
105000131,717,309,408
105000132,1022,770,252
105000133,472,769,-297
105000134,990,538,452
105000135,409,398,11
105000136,136,192,-56
105000137,631,184,447
105000138,161,286,-125
105000139,882,665,217
105000140,486,390,96
105000141,325,353,-28
105000142,324,340,-16
105000143,190,397,-207
105000144,235,473,-238
105000145,750,233,517
105000146,422,570,-148
105000147,731,235,496
105000148,1077,478,599
105000149,2552,1850,702
105000150,1551,929,622
105000151,507,326,181
105000152,188,383,-195
105000153,550,536,14
105000154,486,393,93
105000155,311,991,-680
105000156,566,469,97
105000157,666,1085,-419
105000158,1583,588,995
105000159,275,691,-416
105000160,1934,505,1429
105000161,623,628,-5
105000162,556,1523,-967
105000163,755,603,152
105000164,175,172,3
105000165,591,4965,-4374
105000166,3280,1133,2147
105000167,1189,2079,-890
105000168,494,433,61
105000169,637,252,385
105000170,326,1095,-769
105000171,891,190,701
105000172,139,47,92
105000173,331,96,235
105000174,85,71,14
105000175,100,82,18
105000176,619,82,537
105000177,397,212,185
105000178,173,211,-38
105000179,794,116,678
105000180,240,74,166
105000181,166,127,39
105000182,69,43,26
105000183,1576,2015,-439
105000184,1075,1309,-234
105000185,1441,1217,224
105000186,494,780,-286
105000187,839,218,621
105000188,264,133,131
105000189,153,496,-343
105000190,363,297,66
105000191,438,257,181
105000192,419,59,360
105000193,88,112,-24
105000194,403,83,320
105000195,301,535,-234
105000196,77,275,-198
105000197,313,461,-148
105000198,413,244,169
105000199,188,575,-387
105000200,87,361,-274
105000201,101,39,62
105000203,4,109,-105
105000204,92,66,26
105000205,107,183,-76
105000207,377,178,199
105000208,234,978,-744
105000209,202,258,-56
105000212,1106,731,375
105000213,114,160,-46
105000214,194,160,34
105000215,438,125,313
105000216,167,204,-37
105000217,128,250,-122
105000218,1649,885,764
105000221,188,157,31
105000222,449,122,327
105000223,407,138,269
105000226,102,122,-20
105000227,62,82,-20
105000228,177,2150,-1973
105000229,135,520,-385
105000231,456,375,81
105000233,944,604,340
105000234,584,838,-254
105000235,370,507,-137
105000237,829,77,752
105000243,29,136,-107
105000248,80,81,-1
105000262,332,668,-336
105000269,234,198,36
105000270,507,33,474
105000271,1,125,-124
105000282,64,30,34
105000287,361,95,266
105000288,606,312,294
105000289,2430,2116,314
105000290,32,9,23
105000402,2382,4043,-1661
105000426,437,601,-164
105000438,3817,1762,2055
105000446,7577,4798,2779
105000447,4019,2058,1961
105000454,671,493,178
105000455,189,136,53
105000474,77,3,74
105000477,515,515,0
105000478,2162,5643,-3481
105000479,122,118,4
105000480,8934,8168,766
105000481,4979,3476,1503
105000482,3989,6943,-2954
105000483,1576,2285,-709
105000484,1631,2528,-897
105000485,1593,3503,-1910
105000486,2272,2063,209
105000488,8539,3992,4547
105000489,892,616,276
105000549,117,110,7
105000550,431,1224,-793
105000551,31,95,-64
105000552,1912,1154,758
105900001,7,2204,-2197
105900002,780,726,54
105900003,18,60,-42
105900004,241,129,112
105900005,5,158,-153
105900006,16,151,-135
105900007,95,44,51
105900008,53,307,-254
105900009,32,16,16
105900011,259,70,189
105900012,566,178,388
105900013,13,47,-34
105900014,27,57,-30
105900015,153,379,-226
105900016,690,419,271
105900017,1512,18,1494
105900018,155,144,11
105900019,70,496,-426
105900020,63,59,4
105900021,53,1076,-1023
105900022,330,171,159
105900023,12,238,-226
105900024,14,355,-341
105900025,229,28,201
105900026,222,16,206
105900027,14473,7840,6633
105900028,469,422,47
105900029,1743,355,1388
105900030,216,200,16
105900031,357,206,151
105900032,56,121,-65
105900033,76,101,-25
105900034,368,179,189
105900035,175,192,-17
105900036,147,131,16
105900037,94,59,35
105900038,157,246,-89
105900039,160,96,64
105900040,46,124,-78
105900041,164,245,-81
105900042,59,133,-74
105900043,1136,59,1077
105900044,2,232,-230
105900045,6,731,-725
105900046,3,218,-215
105900047,16,50,-34
105900048,65,414,-349
105900050,6570,7936,-1366
105900051,46,1061,-1015
105900052,594,297,297
105900053,1979,3150,-1171
105900054,312,192,120
105900056,676,435,241
105900057,26,171,-145
105900058,30,17,13
105900059,0,64,-64
106000001,3260,2336,924
106000002,1341,4207,-2866
106000003,2864,3204,-340
106000004,1328,2092,-764
106000005,3588,4300,-712
106000006,4203,2197,2006
106000007,542,467,75
106000008,405,263,142
106000009,649,322,327
106000010,509,427,82
106000011,1140,971,169
106000012,783,849,-66
106000013,1874,1706,168
106000014,1545,1119,426
106000015,1768,1091,677
106000016,1108,1466,-358
106000017,461,582,-121
106000018,588,337,251
106000019,405,335,70
106000020,333,235,98
106000021,286,345,-59
106000022,298,174,124
106000023,533,214,319
106000024,538,262,276
106000025,84,179,-95
106000026,79,112,-33
106000027,1551,1128,423
106000028,555,229,326
106000029,657,621,36
106000030,356,480,-124
106000034,169,440,-271
106000035,894,2103,-1209
106000036,150,451,-301
106000037,1545,1103,442
106000038,226,106,120
106000039,107,84,23
106000040,110,746,-636
106000041,537,569,-32
106000043,492,229,263
106000046,347,78,269
106000047,42,507,-465
106000049,968,190,778
106000050,281,477,-196
106000051,705,458,247
106000052,118,383,-265
106000053,411,87,324
106000054,291,258,33
106000055,1097,685,412
106000056,241,241,0
106000057,462,249,213
106000058,143,113,30
106000059,426,244,182
106000060,273,400,-127
106000061,264,520,-256
106000062,143,487,-344
106000063,703,536,167
106000064,24,262,-238
106000065,407,332,75
106000066,84,228,-144
106000067,474,113,361
106000068,55,441,-386
106000069,294,59,235
106000070,463,603,-140
106000071,985,289,696
106000072,1963,1377,586
106000073,1176,2832,-1656
106000074,592,602,-10
106000075,271,1299,-1028
106000076,1574,1705,-131
106000077,2982,1077,1905
106000078,1089,717,372
106000079,670,650,20
106000080,1224,426,798
106000081,683,862,-179
106000082,1983,630,1353
106000083,411,1246,-835
106000084,1120,590,530
106000085,1188,1393,-205
106000086,527,727,-200
106000087,835,465,370
106000088,336,639,-303
106000089,905,278,627
106000090,242,433,-191
106000091,297,333,-36
106000092,591,201,390
106000093,284,147,137
106000094,68,216,-148
106000095,876,559,317
106000096,860,475,385
106000097,1190,530,660
106000098,724,639,85
106000099,205,706,-501
106000100,1297,209,1088
106000101,1466,243,1223
106000102,231,575,-344
106000103,297,370,-73
106000104,766,284,482
106000105,491,385,106
106000106,746,290,456
106000107,115,156,-41
106000108,289,184,105
106000109,151,134,17
106000110,250,217,33
106000111,180,208,-28
106000112,264,435,-171
106000113,467,407,60
106000114,366,562,-196
106000115,182,268,-86
106000116,304,176,128
106000117,919,500,419
106000118,1104,1257,-153
106000119,943,630,313
106000120,847,1173,-326
106000121,205,145,60
106000122,125,88,37
106000123,505,99,406
106000124,67,125,-58
106000125,23,125,-102
106000126,357,63,294
106000127,914,557,357
106000128,764,106,658
106000129,451,377,74
106000130,830,246,584
106000131,136,550,-414
106000132,516,126,390
106000133,1192,1084,108
106000134,403,1859,-1456
106000135,167,348,-181
106000136,538,1031,-493
106000137,86,414,-328
106000138,1111,100,1011
106000139,61,73,-12
106000140,33,30,3
106000141,132,27,105
106000142,97,51,46
106000143,42,20,22
106000144,25,42,-17
106000145,307,155,152
106000146,424,123,301
106000147,340,323,17
106000148,415,554,-139
106000149,549,303,246
106000150,511,1639,-1128
106000151,2435,692,1743
106000152,903,1833,-930
106000153,79,1557,-1478
106000154,806,160,646
106000155,155,256,-101
106000156,1214,229,985
106000157,653,1292,-639
106000158,2076,865,1211
106000159,1974,1757,217
106000160,453,2653,-2200
106000161,1204,220,984
106000162,296,1140,-844
106000163,338,193,145
106000164,493,219,274
106000165,291,321,-30
106000166,878,271,607
106000167,388,516,-128
106000168,578,199,379
106000169,289,352,-63
106000170,796,223,573
106000171,250,843,-593
106000172,2856,1079,1777
106000173,1113,1890,-777
106000174,1273,322,951
106000175,299,523,-224
106000176,1802,734,1068
106000177,799,1520,-721
106000178,2942,1237,1705
106000179,882,1359,-477
106000180,773,934,-161
106000181,1069,1307,-238
106000182,1581,514,1067
106000183,1590,454,1136
106000184,2229,468,1761
106000185,1261,1114,147
106000186,637,99,538
106000187,208,935,-727
106000188,2,0,2
106000189,21,34,-13
106000190,36,1,35
106000191,605,129,476
106000192,2,17,-15
106000193,340,208,132
106000194,175,442,-267
106000195,618,285,333
106000196,198,668,-470
106000197,508,308,200
106000198,159,176,-17
106000199,599,843,-244
106000200,218,223,-5
106000201,388,3376,-2988
106000202,2325,556,1769
106000203,18,121,-103
106000204,99,6,93
106000205,8,102,-94
106000206,72,17,55
106000207,28,299,-271
106000208,1369,150,1219
106000209,1581,331,1250
106000210,255,542,-287
106000211,301,871,-570
106000212,935,513,422
106000213,424,1942,-1518
106000214,1522,852,670
106000215,264,365,-101
106000216,339,263,76
106000217,206,239,-33
106000218,417,283,134
106000219,126,182,-56
106000220,458,192,266
106000221,202,134,68
106000222,82,89,-7
106000223,293,79,214
106000224,263,124,139
106000225,77,104,-27
106000226,88,172,-84
106000228,104,61,43
106000229,64,452,-388
106000231,856,109,747
106000232,69,201,-132
106000233,458,62,396
106000234,92,186,-94
106000235,360,113,247
106000236,123,94,29
106000237,5,15,-10
106000238,9,16,-7
106000239,5,66,-61
106000240,26,7,19
106000241,15,415,-400
106000242,201,37,164
106000249,49,43,6
106000250,102,528,-426
106000251,100,38,62
106000252,22,51,-29
106000253,72,61,11
106000254,42,32,10
106000255,19,163,-144
106000256,43,35,8
106000257,192,154,38
106000258,145,12,133
106000259,1,52,-51
106000260,36,1,35
106000261,4,54,-50
106000262,83,6,77
106000263,15,56,-41
106000264,238,13,225
106000265,3,163,-160
106000266,89,30,59
106000267,9,97,-88
106000268,363,39,324
106000269,46,39,7
106000270,120,342,-222
106000271,70,123,-53
106000272,160,54,106
106000273,8,215,-207
106000274,156,38,118
106000275,166,236,-70
106000276,112,44,68
106000277,120,260,-140
106000278,129,31,98
106000279,15,21,-6
106000280,79,26,53
106000281,102,32,70
106000282,74,63,11
106000283,103,29,74
106000284,80,57,23
106000285,126,73,53
106000286,102,132,-30
106000287,120,50,70
106000288,97,112,-15
106000289,74,46,28
106000290,74,75,-1
106000291,129,71,58
106000292,63,92,-29
106000293,128,90,38
106000294,113,82,31
106000295,48,52,-4
106000296,39,84,-45
106000297,54,216,-162
106000298,102,71,31
106000299,76,117,-41
106000300,66,99,-33
106000301,63,81,-18
106000303,31,54,-23
106000304,22,31,-9
106000305,48,34,14
106000306,44,40,4
106000307,74,20,54
106000308,35,64,-29
106000309,26,54,-28
106000310,315,338,-23
106000311,380,160,220
106000312,95,104,-9
106000313,190,157,33
106000318,82,405,-323
106000319,993,248,745
106000320,3,84,-81
106000321,240,157,83
106000322,163,103,60
106000324,20,99,-79
106000325,1715,920,795
106000326,800,1106,-306
106000327,244,50,194
106000328,24,75,-51
106000329,62,236,-174
106000330,44,80,-36
106000428,65,138,-73
106000429,168,281,-113
106000430,328,886,-558
106000431,2388,347,2041
106000432,1216,2040,-824
106000433,2544,1341,1203
106000434,2957,1530,1427
106000435,933,1699,-766
106000436,8,99,-91
106000437,311,78,233
106000438,469,245,224
106000439,92,468,-376
106000440,252,323,-71
106000441,1,1,0
106000442,148,4,144
106000443,189,170,19
106000450,0,111,-111
106000451,14,70,-56
106000454,1,86,-85
106000455,3,121,-118
106000456,88,29,59
106000457,12,454,-442
106000458,1051,84,967
106000459,172,198,-26
106000460,1591,12,1579
106000461,137,456,-319
106000462,2,25,-23
106000463,2,12,-10
106000464,1,185,-184
106000465,795,4,791
106000466,5,298,-293
106000467,171,312,-141
106000468,97,107,-10
106000469,100,5,95
106000470,254,1704,-1450
106000471,13,307,-294
106000472,174,11,163
106000473,33,15,18
106000474,276,274,2
106000475,307,116,191
106000476,117,208,-91
106000477,15,14,1
106900001,0,14,-14
106900002,0,302,-302
106900003,178,1077,-899
106900004,3,14,-11
106900006,0,12,-12
106900007,0,8,-8
106900008,449,108,341
106900009,399,183,216
106900010,209,208,1
106900012,1011,2289,-1278
106900013,684,204,480
106900014,45,2,43
106900015,26,5,21
106900016,288,21,267
106900017,8,0,8
106900018,6,2,4
106900019,95,3,92
106900020,2041,1659,382
106900021,229,149,80
106900022,975,6,969
106900023,66,212,-146
106900024,737,78,659
106900025,41,647,-606
106900026,3,277,-274
106900027,874,5,869
107000001,3775,5646,-1871
107000002,2121,3709,-1588
107000003,6623,5996,627
107000004,3864,3011,853
107000005,5851,5754,97
107000006,3467,2230,1237
107000007,5728,10047,-4319
107000008,7089,5745,1344
107000009,8634,7861,773
107000010,6974,6001,973
107000011,821,944,-123
107000012,2927,1984,943
107000013,138,41,97
107000014,60,108,-48
107000015,442,545,-103
107000016,825,529,296
107000017,3305,6532,-3227
107000018,48,5211,-5163
107000020,2428,6061,-3633
107000021,1339,521,818
107000022,965,3053,-2088
107000023,2073,226,1847
107000024,940,1243,-303
107000025,278,345,-67
107000026,481,335,146
107000027,1468,1071,397
107000028,1663,805,858
107000029,4010,3378,632
107000030,2817,2122,695
107000031,4834,2635,2199
107000032,443,683,-240
107000033,2126,3487,-1361
107000034,6714,1192,5522
107000035,416,232,184
107000036,1733,1112,621
107000037,102,700,-598
107000038,163,217,-54
107000039,946,755,191
107000040,250,235,15
107000041,1596,848,748
107000042,729,1890,-1161
107000043,2033,1082,951
107000044,396,579,-183
107000045,101,229,-128
107000046,842,527,315
107000047,507,612,-105
107000048,769,268,501
107000049,716,630,86
107000050,1015,464,551
107000051,230,325,-95
107000052,1083,1055,28
107000053,329,259,70
107000054,60,230,-170
107000055,162,80,82
107000056,428,606,-178
107000057,1077,194,883
107000058,2001,2500,-499
107000059,1736,2631,-895
107000060,4932,4745,187
107000061,4486,2749,1737
107000062,5502,2780,2722
107000063,3978,3146,832
107000064,4900,2726,2174
107000065,3703,3420,283
107000066,1848,3457,-1609
107000067,1288,1466,-178
107000068,1312,798,514
107000069,1011,549,462
107000070,1075,26,1049
107000071,3809,57,3752
107000072,31,1639,-1608
107000073,1115,406,709
107000074,163,636,-473
107000075,2128,525,1603
107000076,594,892,-298
107000077,4283,1478,2805
107000078,2096,2079,17
107000079,3227,1260,1967
107000080,917,2143,-1226
107000081,2275,630,1645
107000082,608,923,-315
107000083,1615,442,1173
107000084,310,954,-644
107000085,2944,2928,16
107000086,3201,2683,518
107000087,3232,1888,1344
107000088,3307,3129,178
107000089,1704,1678,26
107000090,1197,882,315
107000091,1766,733,1033
107000092,909,631,278
107000093,1275,829,446
107000094,985,831,154
107000095,1035,585,450
107000096,474,585,-111
107000097,418,294,124
107000098,245,427,-182
107000099,382,228,154
107000100,295,384,-89
107000101,68,161,-93
107000102,168,323,-155
107000103,277,185,92
107000104,140,194,-54
107000105,359,126,233
107000106,184,168,16
107000107,469,123,346
107000108,121,297,-176
107000109,636,158,478
107000110,74,303,-229
107000111,402,74,328
107000112,46,179,-133
107000113,745,106,639
107000114,82,360,-278
107000115,736,148,588
107000116,99,483,-384
107000117,139,642,-503
107000118,125,122,3
107000119,1378,1587,-209
107000120,840,567,273
107000121,1164,553,611
107000122,1098,635,463
107000123,559,407,152
107000124,617,599,18
107000125,1172,470,702
107000126,1044,482,562
107000129,391,265,126
107000130,838,319,519
107000131,602,460,142
107000132,605,329,276
107000133,456,162,294
107000134,244,6,238
107000135,6,288,-282
107000136,640,8,632
107000137,8,441,-433
107000138,219,28,191
107000139,19,530,-511
107000140,1275,122,1153
107000141,126,524,-398
107000142,577,92,485
107000143,69,427,-358
107000144,545,488,57
107000145,114,357,-243
107000146,220,284,-64
107000147,3645,788,2857
107000150,566,3006,-2440
107000151,40,96,-56
107000152,373,1637,-1264
107000153,79,336,-257
107000154,151,300,-149
107000155,903,29,874
107000156,1171,24,1147
107000157,160,710,-550
107000158,713,18,695
107000159,38,457,-419
107000160,1437,146,1291
107000161,122,642,-520
107000162,314,607,-293
107000163,241,0,241
107000164,798,2,796
107000165,1548,7,1541
107000166,35,642,-607
107000167,815,232,583
107000168,1082,567,515
107000169,755,571,184
107000170,3075,787,2288
107000171,690,1040,-350
107000172,1280,1585,-305
107000173,613,562,51
107000174,1244,6085,-4841
107000175,4744,1144,3600
107000176,2,0,2
107000177,1,0,1
107000178,30,9,21
107000179,261,1212,-951
107000180,1565,243,1322
107000181,438,647,-209
107000182,2112,678,1434
107000183,157,528,-371
107000184,1187,520,667
107000185,498,994,-496
107000186,1559,454,1105
107000187,1243,1060,183
107000188,645,516,129
107000189,595,840,-245
107000190,796,548,248
107000191,747,682,65
107000192,1834,541,1293
107000193,570,476,94
107000194,696,546,150
107000197,967,288,679
107000198,290,521,-231
107000199,920,586,334
107000200,646,606,40
107000201,523,329,194
107000202,325,409,-84
107000203,1195,1069,126
107000204,1308,1273,35
107000205,1937,1128,809
107000206,882,1845,-963
107000207,672,1270,-598
107000208,1178,732,446
107000209,1485,1462,23
107000210,359,209,150
107000211,4,52,-48
107000212,68,331,-263
107000213,4,35,-31
107000214,30,127,-97
107000215,593,260,333
107000216,495,870,-375
107000217,190,93,97
107000219,118,249,-131
107000220,194,133,61
107000222,270,468,-198
107000224,1022,104,918
107000225,226,270,-44
107000226,823,90,733
107000227,86,138,-52
107000228,311,448,-137
107000229,87,83,4
107000230,846,415,431
107000231,1045,2004,-959
107000232,161,29,132
107000233,744,1052,-308
107000234,0,77,-77
107000235,187,8,179
107000236,13,374,-361
107000237,46,0,46
107000238,34,0,34
107000239,3471,421,3050
107000240,57,805,-748
107000241,99,20,79
107000242,312,45,267
107000243,0,48,-48
107000244,6,77,-71
107000246,2,908,-906
107000249,3,1078,-1075
107000251,9,339,-330
107000252,2,534,-532
107000255,247,162,85
107000257,3,371,-368
107000258,1,205,-204
107000259,3,111,-108
107000260,1780,82,1698
107000262,11,261,-250
107000263,406,8,398
107000266,17,13,4
107000267,34,81,-47
107000268,85,82,3
107000269,184,19,165
107000270,32,20,12
107000271,2,55,-53
107000272,28,10,18
107000273,22,575,-553
107000274,2532,1743,789
107000275,158,4508,-4350
107000280,1058,26,1032
107000281,54,384,-330
107000282,104,526,-422
107000290,29,84,-55
107000291,14,10,4
107000292,2,434,-432
107000293,44,9,35
107000294,1,49,-48
107000295,29,2,27
107000296,0,9,-9
107000444,320,10,310
107000496,2,3,-1
107000497,1365,1415,-50
107000500,410,211,199
107000501,87,105,-18
107000502,141,185,-44
107000505,245,644,-399
107000506,0,10,-10
107000508,4,321,-317
107000509,211,544,-333
107000510,27,37,-10
107000514,48,316,-268
107000515,10,101,-91
107000516,404,303,101
107000518,1415,1734,-319
107000519,1194,709,485
107000520,114,68,46
107900001,102,68,34
107900002,89,15,74
107900003,217,19,198
107900004,143,2,141
107900005,1551,3,1548
107900006,303,2,301
107900007,489,44,445
107900008,66,15,51
107900009,140,6,134
107900010,60,2,58
107900012,338,52,286
107900013,246,21,225
107900014,51,10,41
107900015,1156,13,1143
107900016,373,132,241
107900017,35,1,34
107900018,99,240,-141
107900019,22,17,5
107900020,107,15,92
107900021,107,49,58
107900023,8,2,6
107900024,0,4,-4
107900025,251,185,66
107900026,77,32,45
107900027,41,66,-25
107900028,134,49,85
107900030,237,34,203
107900031,53,55,-2
107900032,12,7,5
107900033,28,4,24
107900034,405,16,389
107900035,1003,43,960
107900036,82,28,54
107900037,0,10,-10
107900038,103,316,-213
107900039,41,27,14
107900040,16,210,-194
107900041,5,3,2
107900043,51,100,-49
107900044,22,6,16
107900045,142,61,81
107900046,217,192,25
107900047,22,4,18
107900048,242,13,229
107900049,371,1391,-1020
107900050,76,200,-124
107900051,115,39,76
107900052,50,43,7
107900053,85,68,17
107900055,858,325,533
107900056,148,78,70
107900057,2,0,2
107900058,26,444,-418
107900060,34,71,-37
107900061,6,20,-14
107900063,98,130,-32
107900064,253,181,72
107900065,349,14,335
107900066,38,5,33
107900067,2,0,2
107900068,170,618,-448
107900069,26,2416,-2390
107900070,206,103,103
107900071,27,598,-571
107900072,169,110,59
107900073,226,78,148
107900074,432,376,56
107900076,164,38,126
107900077,125,2,123
107900078,226,74,152
107900079,20,27,-7
107900080,245,785,-540
107900081,68,70,-2
107900082,15,17,-2
107900083,351,177,174
107900084,142,119,23
107900086,52,208,-156
107900087,498,165,333
107900088,55,8,47
107900089,252,1034,-782
107900090,2202,2903,-701
107900091,153,184,-31
107900092,1180,320,860
107900093,64,65,-1
107900095,2214,2116,98
107900097,19,64,-45
107900098,72,159,-87
107900100,685,1486,-801
107900101,659,132,527
107900102,48,10,38
107900103,58,176,-118
107900104,167,5,162
107900105,1,175,-174
107900106,4,590,-586
107900107,1801,517,1284
107900108,149,114,35
107900109,1786,22,1764
107900110,74,32,42
107900111,4,315,-311
107900112,83,389,-306
107900113,273,70,203
107900114,216,67,149
107900115,3,27,-24
107900116,241,58,183
107900117,269,186,83
107900118,67,107,-40
107900119,93,333,-240
107900120,52,42,10
107900121,1,135,-134
107900122,0,206,-206
107900123,5,69,-64
107900124,14,56,-42
107900125,42,195,-153
107900126,13,63,-50
107900127,536,368,168
107900128,93,59,34
107900129,90,26,64
107900130,90,20,70
107900131,339,433,-94
107900132,74,210,-136
107900133,3,79,-76
107900134,34,110,-76
107900135,12,145,-133
107900136,26,39,-13
107900137,134,91,43
107900138,76,25,51
107900139,53,36,17
107900140,123,48,75
107900141,48,42,6
107900142,42,436,-394
107900143,50,17,33
107900144,7,136,-129
107900145,65,64,1
107900146,51,174,-123
107900147,77,47,30
107900148,156,89,67
107900149,556,172,384
107900150,72,340,-268
107900151,41,65,-24
107900152,4,112,-108
107900153,124,409,-285
107900154,59,14,45
107900155,86,40,46
107900156,8,172,-164
107900157,54,48,6
107900158,1073,32,1041
107900159,26,478,-452
107900160,157,141,16
107900161,44,76,-32
107900162,1,134,-133
107900163,81,73,8
107900164,16,22,-6
107900165,24,151,-127
107900166,27,88,-61
107900167,34,31,3
107900168,53,18,35
107900169,7,126,-119
107900171,2,603,-601
107900172,0,176,-176
107900173,34,79,-45
107900174,167,7,160
107900175,41,71,-30
107900176,41,28,13
107900177,6,399,-393
107900178,1,93,-92
107900179,13,96,-83
107900180,325,761,-436
107900181,332,258,74
107900182,0,588,-588
107900183,42,134,-92
107900184,120,167,-47
107900185,171,5,166
107900186,48,55,-7
107900187,5,88,-83
107900188,357,143,214
107900189,41,67,-26
107900190,49,177,-128
107900191,78,84,-6
107900193,3,63,-60
107900194,234,10,224
107900195,897,237,660
107900196,115,93,22
107900197,446,440,6
107900199,0,481,-481
107900201,103,74,29
107900203,37,61,-24
107900204,112,239,-127
107900205,221,305,-84
107900206,1118,329,789
107900207,3,209,-206
107900208,3,260,-257
107900209,238,81,157
107900210,50,80,-30
107900213,701,708,-7
107900214,11,63,-52
107900215,134,419,-285
107900216,157,39,118
107900217,50,118,-68
107900218,20,3025,-3005
107900219,49,48,1
107900220,167,264,-97
107900221,138,144,-6
107900223,131,309,-178
107900224,98,426,-328
107900225,2,561,-559
107900226,95,68,27
107900227,109,247,-138
107900228,38,98,-60
107900229,2,147,-145
107900230,16,23,-7
107900231,18,121,-103
107900232,100,78,22
107900233,12,66,-54
107900234,101,46,55
107900235,25,123,-98
107900236,183,31,152
107900237,40,263,-223
107900238,37,81,-44
107900239,403,670,-267
107900240,29,51,-22
107900241,12,46,-34
107900242,37,101,-64
107900243,0,56,-56
107900244,329,15,314
107900245,786,26,760
107900246,363,54,309
107900248,706,231,475
107900249,1107,66,1041
107900250,1,206,-205
107900251,48,641,-593
107900252,1121,32,1089
107900253,249,14,235
107900254,82,314,-232
107900255,175,91,84
107900256,1450,2877,-1427
107900257,273,129,144
107900258,117,191,-74
107900259,96,2605,-2509
107900261,5,211,-206
107900262,37,82,-45
107900264,474,9,465
107900265,162,192,-30
107900267,222,8,214
107900268,8,0,8
107900269,0,2,-2
107900270,1,0,1
107900271,0,10,-10
107900272,44,18,26
107900273,33,51,-18
107900274,126,7,119
107900275,51,1,50
107900276,0,86,-86
107900277,0,116,-116
107900278,354,274,80
107900279,52,123,-71
107900280,2056,1922,134
107900281,565,3335,-2770
107900282,32,536,-504
107900283,627,600,27
107900284,625,348,277
107900285,137,52,85
107900286,73,93,-20
107900287,339,164,175
107900290,0,165,-165
107900291,588,23,565
107900292,88,93,-5
107900293,88,199,-111
107900295,55,23,32
107900297,3,261,-258
107900298,617,432,185
107900299,2187,2803,-616
107900300,84,286,-202
107900301,662,753,-91
107900302,120,42,78
107900303,281,155,126
107900304,413,274,139
107900305,417,7,410
107900306,12,43,-31
107900307,30,231,-201
107900308,182,133,49
107900309,97,0,97
107900310,568,1,567
107900311,18,1284,-1266
107900312,60,0,60
107900313,0,294,-294
107900314,2,66,-64
107900315,0,37,-37
107900316,40,4,36
107900317,95,12,83
107900318,15,110,-95
107900319,6,115,-109
107900320,0,86,-86
107900321,122,1,121
107900322,6,82,-76
107900323,3,94,-91
107900324,83,0,83
107900325,74,0,74
107900326,714,104,610
107900327,18,57,-39
107900328,64,0,64
107900329,109,149,-40
107900330,7,119,-112
107900331,231,16,215
107900332,345,13,332
107900333,85,24,61
107900334,2,102,-100
107900335,41,51,-10
107900336,30,87,-57
107900337,599,949,-350
107900338,5,111,-106
107900339,4,20,-16
107900340,1,36,-35
107900341,50,2,48
107900342,121,88,33
107900343,59,5,54
107900344,11,135,-124
107900345,93,26,67
107900346,30,0,30
107900347,25,4,21
107900348,15,8,7
107900349,32,12,20
107900350,14,185,-171
108000001,3143,3409,-266
108000002,1546,1742,-196
108000003,3823,3866,-43
108000004,9456,10427,-971
108000005,8860,7170,1690
108000006,6693,6702,-9
108000007,5403,3798,1605
108000008,3429,4737,-1308
108000009,4353,4717,-364
108000010,2587,3206,-619
108000011,12495,11710,785
108000012,11102,10656,446
108000014,713,969,-256
108000015,819,211,608
108000016,275,634,-359
108000017,1041,370,671
108000018,1937,647,1290
108000019,1864,934,930
108000020,1270,476,794
108000021,270,1502,-1232
108000022,387,997,-610
108000023,1225,219,1006
108000024,334,284,50
108000025,349,218,131
108000026,761,223,538
108000027,813,301,512
108000028,757,181,576
108000029,608,306,302
108000030,620,168,452
108000031,197,475,-278
108000032,1867,649,1218
108000033,865,788,77
108000034,1818,471,1347
108000035,626,1349,-723
108000036,327,688,-361
108000037,1902,373,1529
108000038,2856,496,2360
108000039,453,1348,-895
108000040,2119,932,1187
108000041,671,1654,-983
108000042,343,161,182
108000043,208,209,-1
108000044,726,113,613
108000045,305,316,-11
108000046,1654,344,1310
108000047,413,607,-194
108000048,167,248,-81
108000049,939,301,638
108000050,87,322,-235
108000051,349,153,196
108000052,191,449,-258
108000053,463,243,220
108000054,416,899,-483
108000055,1146,687,459
108000056,820,1126,-306
108000057,709,1426,-717
108000058,2125,3803,-1678
108000059,2346,1432,914
108000060,197,383,-186
108000061,140,204,-64
108000062,1089,621,468
108000063,589,365,224
108000064,304,260,44
108000065,497,365,132
108000066,1210,715,495
108000067,1925,696,1229
108000068,783,338,445
108000069,209,588,-379
108000070,2081,650,1431
108000071,513,983,-470
108000072,1868,989,879
108000073,1060,1205,-145
108000074,615,405,210
108000075,278,515,-237
108000076,951,546,405
108000077,534,515,19
108000078,2501,1113,1388
108000079,640,904,-264
108000080,1514,445,1069
108000081,462,823,-361
108000082,666,1212,-546
108000083,2165,893,1272
108000084,314,698,-384
108000085,959,494,465
108000086,629,475,154
108000087,218,2425,-2207
108000088,255,10,245
108000089,435,371,64
108000090,547,153,394
108000091,396,355,41
108000092,210,92,118
108000093,251,317,-66
108000094,610,74,536
108000095,170,208,-38
108000096,386,133,253
108000097,136,292,-156
108000098,2106,994,1112
108000099,263,52,211
108000100,83,183,-100
108000101,1467,1510,-43
108000102,1584,3475,-1891
108000106,872,2,870
108000107,3,752,-749
108000108,651,54,597
108000109,12,699,-687
108000110,251,267,-16
108000111,155,399,-244
108000112,58,136,-78
108000113,371,166,205
108000115,328,347,-19
108000117,714,465,249
108000118,71,258,-187
108000119,437,248,189
108000120,173,801,-628
108000121,166,304,-138
108000122,659,294,365
108000123,896,203,693
108000124,307,363,-56
108000125,466,192,274
108000126,173,266,-93
108000127,632,214,418
108000128,674,270,404
108000129,286,505,-219
108000130,567,208,359
108000131,941,579,362
108000132,1545,906,639
108000133,1151,462,689
108000134,496,349,147
108000135,1128,413,715
108000136,296,590,-294
108000137,564,146,418
108000138,638,646,-8
108000139,596,269,327
108000140,129,30,99
108000141,68,34,34
108000142,70,52,18
108000143,55,11,44
108000144,67,6,61
108000145,40,10,30
108000146,125,15,110
108000147,50,17,33
108000148,98,23,75
108000149,21,18,3
108000150,55,9,46
108000151,23,17,6
108000152,91,247,-156
108000153,702,147,555
108000154,32,4,28
108000155,24,37,-13
108000156,396,81,315
108000157,160,1186,-1026
108000158,62,872,-810
108000159,336,175,161
108000160,1716,1120,596
108000161,1731,2971,-1240
108000165,3,231,-228
108000172,2,268,-266
108000173,1030,1838,-808
108000175,393,94,299
108000178,347,263,84
108000179,146,977,-831
108000181,75,28,47
108000182,118,14,104
108000183,6,15,-9
108000184,590,2343,-1753
108000185,288,242,46
108000186,211,41,170
108000187,125,297,-172
108000188,792,150,642
108000189,410,1476,-1066
108000190,35,97,-62
108000192,258,328,-70
108000193,555,18,537
108000194,29,8,21
108000195,2,631,-629
108000196,182,171,11
108000198,439,167,272
108000199,1,344,-343
108000200,535,217,318
108000202,1,366,-365
108000203,163,270,-107
108000204,200,73,127
108000205,155,252,-97
108000339,941,352,589
108000364,76,254,-178
108000365,51,233,-182
108000367,101,186,-85
108000368,9,54,-45
108000369,410,222,188
108000371,1,528,-527
108000372,527,3,524
108000373,208,90,118
108000376,133,52,81
108000377,513,140,373
108000378,8808,10111,-1303
108000379,10,202,-192
108000381,98,10,88
108000382,66,1,65
108000383,0,182,-182
108900001,65,545,-480
108900002,233,88,145
108900003,279,454,-175
108900004,140,492,-352
108900005,82,563,-481
108900006,768,222,546
108900007,437,213,224
108900008,154,118,36
108900009,124,106,18
108900010,343,138,205
108900011,745,294,451
108900012,449,330,119
108900013,203,231,-28
108900014,32,96,-64
108900015,0,137,-137
108900016,0,188,-188
108900017,306,365,-59
108900018,164,312,-148
108900019,71,401,-330
108900020,64,126,-62
108900021,152,168,-16
108900022,102,19,83
108900023,7,43,-36
108900024,44,85,-41
108900025,169,90,79
108900026,15,110,-95
108900027,0,51,-51
108900028,120,178,-58
108900029,81,212,-131
108900030,0,86,-86
108900031,156,163,-7
108900032,9,142,-133
108900033,1,126,-125
108900034,1,89,-88
108900035,270,676,-406
108900036,196,200,-4
108900037,63,244,-181
108900038,2,224,-222
108900039,1,250,-249
108900040,15,48,-33
108900041,3535,3369,166
108900042,12,366,-354
108900043,63,400,-337
108900044,0,277,-277
108900045,96,234,-138
108900046,51,441,-390
108900047,2,134,-132
108900048,64,492,-428
108900049,1498,1575,-77
108900050,4,136,-132
108900051,0,81,-81
108900052,28,100,-72
108900053,57,258,-201
108900054,66,141,-75
108900055,68,364,-296
108900056,1,86,-85
108900057,2,72,-70
108900058,16,200,-184
108900059,598,52,546
108900060,98,121,-23
108900061,101,34,67
108900062,8,156,-148
108900063,23,158,-135
108900064,355,44,311
108900065,14,95,-81
108900066,546,142,404
108900067,8,148,-140
108900068,0,47,-47
108900069,95,44,51
108900070,27,56,-29
108900071,149,48,101
108900072,1730,590,1140
108900073,12,46,-34
108900074,270,154,116
108900075,39,51,-12
108900076,469,57,412
108900077,72,131,-59
108900078,56,96,-40
108900079,524,141,383
108900080,31,871,-840
108900081,48,215,-167
108900082,126,72,54
108900083,21,330,-309
108900084,386,197,189
108900085,1209,186,1023
108900086,164,168,-4
108900087,89,153,-64
108900088,1013,394,619
108900089,42,161,-119
108900090,80,138,-58
108900091,91,49,42
108900092,522,269,253
108900093,141,81,60
108900094,225,78,147
108900095,34,200,-166
108900096,198,4,194
108900097,302,153,149
108900098,1306,958,348
108900099,424,160,264
108900100,79,101,-22
108900101,223,261,-38
108900102,86,1210,-1124
108900103,91,157,-66
108900104,107,264,-157
108900105,6,1356,-1350
108900106,538,164,374
108900108,360,38,322
108900109,45,39,6
108900110,237,249,-12
108900111,490,323,167
108900112,379,31,348
108900113,59,90,-31
108900114,1,2,-1
108900115,139,78,61
108900116,65,18,47
108900117,279,21,258
108900118,711,23,688
108900119,373,22,351
108900120,180,193,-13
108900121,313,141,172
108900122,174,27,147
108900123,171,162,9
108900124,555,216,339
108900125,554,7,547
108900126,139,36,103
108900127,228,25,203
108900128,163,57,106
108900129,945,139,806
108900130,457,5,452
108900131,413,8,405
108900132,597,113,484
108900133,327,52,275
108900134,468,180,288
108900135,233,11,222
108900136,66,1,65
108900137,203,2,201
108900138,972,57,915
108900139,719,87,632
108900140,512,163,349
108900141,522,15,507
108900142,105,11,94
108900143,110,1,109
108900144,125,2,123
108900145,266,14,252
108900146,98,0,98
108900147,211,2,209
108900148,91,48,43
108900149,398,186,212
108900150,302,22,280
108900151,137,16,121
108900152,318,17,301
108900153,247,175,72
108900154,4909,403,4506
108900155,223,63,160
108900156,117,12,105
108900157,47,255,-208
108900158,437,23,414
108900159,4,130,-126
108900160,13,159,-146
108900161,10,311,-301
108900162,156,1,155
108900163,4,319,-315
108900164,50,63,-13
108900165,132,67,65
108900167,1103,8086,-6983
108900168,4400,2670,1730
108900169,69,101,-32
108900171,3554,3270,284
108900172,199,45,154
108900173,179,280,-101
108900174,1071,547,524
108900176,128,259,-131
108900177,5047,6314,-1267
108900178,2711,3607,-896
108900179,549,2163,-1614
108900180,161,283,-122
108900182,60,402,-342
108900183,185,153,32
108900184,583,218,365
108900185,161,314,-153
108900186,108,300,-192
108900187,507,42,465
108900188,877,80,797
108900189,568,111,457
108900190,181,1421,-1240
108900191,236,72,164
108900192,99,171,-72
108900193,105,70,35
108900194,8,322,-314
108900195,86,137,-51
108900196,19,185,-166
108900198,4,244,-240
108900199,264,271,-7
108900200,670,361,309
108900201,498,1119,-621
108900203,494,157,337
108900204,398,20,378
108900205,209,50,159
108900206,497,80,417
108900207,235,144,91
108900208,6,260,-254
108900209,161,337,-176
108900210,218,182,36
108900211,200,658,-458
108900212,458,1675,-1217
108900215,81,269,-188
108900216,372,287,85
108900217,175,0,175
108900218,124,15,109
108900219,77,18,59
108900220,64,38,26
108900221,27,167,-140
108900222,322,33,289
108900223,6,78,-72
108900224,36,147,-111
108900225,1,167,-166
108900226,372,25,347
108900227,99,447,-348
108900230,169,190,-21
108900231,37,176,-139
108900232,1,179,-178
108900233,586,133,453
108900234,358,186,172
108900235,165,414,-249
108900236,43,281,-238
108900237,69,180,-111
108900240,135,62,73
108900241,69,58,11
108900245,16,1530,-1514
108900249,132,28,104
108900250,260,123,137
108900257,238,175,63
108900258,7,150,-143
108900259,31,39,-8
108900260,6,50,-44
108900261,44,94,-50
108900262,122,150,-28
108900263,41,110,-69
108900264,367,237,130
108900265,2143,707,1436
108900266,514,816,-302
108900267,8,160,-152
108900268,7,21,-14
108900269,99,14,85
108900270,77,14,63
108900271,74,13,61
108900272,265,23,242
108900273,575,2142,-1567
108900274,50,44,6
109000001,2318,1910,408
109000002,839,1961,-1122
109000003,2643,359,2284
109000004,552,1671,-1119
109000005,2343,501,1842
109000006,657,1509,-852
109000007,1744,535,1209
109000008,645,1285,-640
109000009,3444,1172,2272
109000010,942,2856,-1914
109000011,3713,1964,1749
109000012,1741,2211,-470
109000013,4459,3505,954
109000014,2110,1956,154
109000015,3777,8358,-4581
109000016,4470,2321,2149
109000017,2972,1146,1826
109000018,962,1895,-933
109000019,2434,1229,1205
109000020,883,1314,-431
109000023,257,25,232
109000024,21,147,-126
109000025,294,497,-203
109000026,513,266,247
109000027,111,377,-266
109000028,102,75,27
109000029,93,273,-180
109000030,64,380,-316
109000031,227,163,64
109000032,119,353,-234
109000033,355,144,211
109000034,53,52,1
109000035,14,75,-61
109000036,87,301,-214
109000037,261,2022,-1761
109000038,447,318,129
109000039,1154,928,226
109000040,3054,11243,-8189
109000041,1662,1744,-82
109000042,484,1278,-794
109000044,467,59,408
109000045,133,244,-111
109000046,342,59,283
109000047,43,336,-293
109000048,789,211,578
109000049,222,459,-237
109000050,355,244,111
109000051,300,207,93
109000052,549,500,49
109000053,205,81,124
109000054,277,287,-10
109000055,278,303,-25
109000056,420,254,166
109000057,987,447,540
109000058,671,199,472
109000059,620,1505,-885
109000060,277,287,-10
109000061,565,1307,-742
109000062,128,338,-210
109000063,193,142,51
109000064,252,138,114
109000065,211,141,70
109000066,423,68,355
109000067,58,197,-139
109000068,1237,13,1224
109000069,636,29,607
109000070,17,1653,-1636
109000071,420,83,337
109000072,83,260,-177
109000073,64,82,-18
109000074,22,135,-113
109000075,69,213,-144
109000076,109,214,-105
109000077,268,185,83
109000078,93,118,-25
109000079,107,112,-5
109000080,255,88,167
109000081,155,306,-151
109000082,807,140,667
109000083,314,363,-49
109000088,129,350,-221
109000089,356,58,298
109000090,107,277,-170
109000091,380,255,125
109000092,264,365,-101
109000093,309,243,66
109000094,758,1,757
109000095,108,253,-145
109000096,857,287,570
109000097,113,110,3
109000098,42,126,-84
109000099,807,249,558
109000100,248,445,-197
109000101,1994,492,1502
109000102,478,625,-147
109000103,506,474,32
109000104,1982,361,1621
109000105,417,705,-288
109000106,2001,604,1397
109000107,591,1085,-494
109000108,2076,500,1576
109000109,456,1023,-567
109000110,1295,563,732
109000111,647,1462,-815
109000112,267,113,154
109000113,270,108,162
109000114,148,207,-59
109000115,957,29,928
109000116,11,236,-225
109000117,297,66,231
109000118,15,253,-238
109000119,1553,143,1410
109000120,189,397,-208
109000121,701,20,681
109000122,126,416,-290
109000123,25,40,-15
109000124,714,250,464
109000125,920,231,689
109000126,451,447,4
109000127,1174,158,1016
109000128,510,657,-147
109000129,3049,757,2292
109000130,540,903,-363
109000131,1026,743,283
109000132,643,1199,-556
109000133,321,704,-383
109000134,654,1026,-372
109000135,813,1816,-1003
109000136,268,260,8
109000137,337,335,2
109000138,491,252,239
109000139,621,318,303
109000140,261,230,31
109000141,574,326,248
109000142,133,436,-303
109000143,98,76,22
109000145,133,230,-97
109000146,41,80,-39
109000148,2147,2257,-110
109000149,14,48,-34
109000150,76,310,-234
109000155,962,649,313
109000156,889,462,427
109000158,162,258,-96
109000159,158,354,-196
109000160,1108,203,905
109000161,386,635,-249
109000162,1996,589,1407
109000163,1190,1167,23
109000164,1254,1783,-529
109000165,1258,416,842
109000166,761,86,675
109000167,96,340,-244
109000170,30,27,3
109000171,64,50,14
109000172,38,44,-6
109000173,31,130,-99
109000174,140,37,103
109000175,54,59,-5
109000176,289,161,128
109000177,43,63,-20
109000178,794,270,524
109000179,2789,5345,-2556
109000180,3805,3644,161
109000181,26,16,10
109000182,41,24,17
109000183,66,14,52
109000184,25,14,11
109000185,14,27,-13
109000188,407,953,-546
109000189,2350,631,1719
109000190,600,334,266
109000191,377,301,76
109000192,457,200,257
109000193,182,135,47
109000194,316,69,247
109000195,145,200,-55
109000196,279,96,183
109000197,250,209,41
109000198,390,81,309
109000199,113,327,-214
109000206,250,20,230
109000207,154,31,123
109000208,113,99,14
109000209,161,100,61
109000210,135,379,-244
109000211,693,355,338
109000214,461,188,273
109000215,166,50,116
109000216,257,257,0
109000217,181,116,65
109000218,370,192,178
109000221,464,699,-235
109000222,1040,283,757
109000223,429,366,63
109000224,36,62,-26
109000225,83,27,56
109000226,54,111,-57
109000227,1325,588,737
109000228,5,2060,-2055
109000231,1,204,-203
109000232,518,193,325
109000236,247,600,-353
109000241,2055,1625,430
109000242,1905,913,992
109000293,29,66,-37
109000361,81,174,-93
109000364,116,378,-262
109000396,3,275,-272
109000397,698,8,690
109000399,99,270,-171
109000400,105,109,-4
109000403,91,1039,-948
109000406,316,1,315
109000407,232,128,104
109000408,0,281,-281
109000410,986,167,819
109000411,161,10,151
109900001,99,0,99
109900002,1114,40,1074
109900003,311,0,311
109900004,702,90,612
109900005,22,3,19
109900006,524,112,412
109900007,1055,301,754
109900008,0,27,-27
109900009,171,401,-230
109900010,584,39,545
109900011,96,52,44
109900012,342,192,150
109900013,387,136,251
109900014,424,53,371
109900015,422,227,195
109900016,168,13,155
109900017,203,211,-8
109900018,221,40,181
109900019,281,46,235
109900020,31,54,-23
109900021,72,35,37
109900022,82,163,-81
109900023,16,4,12
109900024,24,1,23
109900025,17,43,-26
109900026,5,121,-116
109900027,40,37,3
109900028,627,1220,-593
109900029,2,171,-169
109900030,59,8,51
109900031,2,298,-296
109900032,12,241,-229
109900033,3,470,-467
109900034,47,3,44
109900035,20,33,-13
109900036,28,31,-3
109900037,20,336,-316
109900038,111,252,-141
109900039,14,0,14
109900040,33,335,-302
109900041,57,199,-142
109900042,57,2686,-2629
109900044,180,150,30
109900045,188,151,37
109900046,17,59,-42
109900047,277,275,2
109900048,7,80,-73
109900049,19,41,-22
109900050,0,74,-74
109900051,0,30,-30
109900052,79,224,-145
109900053,0,138,-138
109900054,907,179,728
109900055,82,187,-105
109900056,17,205,-188
109900057,6,93,-87
109900058,0,38,-38
109900059,1116,90,1026
109900060,601,74,527
109900061,41,180,-139
109900062,0,68,-68
109900063,8,433,-425
109900064,610,161,449
109900065,63,130,-67
109900066,297,437,-140
109900067,2,123,-121
109900068,67,11,56
109900069,5,27,-22
109900070,27,221,-194
109900071,0,15,-15
109900072,15,121,-106
109900073,534,306,228
109900074,13,15,-2
109900075,42,41,1
109900076,13,108,-95
109900077,37,33,4
109900078,81,167,-86
109900080,130,201,-71
109900081,25,255,-230
109900082,79,245,-166
109900083,27,67,-40
109900084,71,97,-26
109900085,227,416,-189
109900086,137,458,-321
109900087,219,421,-202
109900089,823,215,608
109900090,463,778,-315
109900091,377,96,281
109900092,908,70,838
109900093,1219,164,1055
109900094,77,92,-15
109900095,137,177,-40
109900096,46,6,40
109900097,73,2,71
109900098,548,39,509
109900099,221,4,217
109900100,52,0,52
109900101,656,15,641
109900102,541,31,510
109900103,33,24,9
109900104,831,320,511
109900105,542,19,523
109900106,450,48,402
109900107,1134,68,1066
109900108,200,277,-77
109900109,58,208,-150
109900110,80,220,-140
109900111,244,565,-321
109900112,228,315,-87
109900113,903,638,265
109900114,1375,1104,271
109900115,204,101,103
109900117,1129,105,1024
109900118,133,318,-185
109900119,554,301,253
109900120,86,35,51
109900121,374,483,-109
109900122,593,11,582
109900123,10,135,-125
109900124,41,278,-237
109900125,1,165,-164
109900126,322,72,250
109900128,403,28,375
109900130,3757,3193,564
109900131,32,100,-68
109900132,45,89,-44
109900133,70,199,-129
109900134,83,93,-10
109900135,287,69,218
109900136,59,114,-55
109900137,166,193,-27
109900138,95,44,51
109900140,180,91,89
109900142,1477,253,1224
109900145,10,590,-580
109900146,403,52,351
109900148,45,85,-40
109900149,44,64,-20
109900150,18,64,-46
109900151,11,30,-19
109900152,1,32,-31
109900153,1,58,-57
109900154,60,1,59
109900155,48,17,31
109900157,60,207,-147
109900158,47,89,-42
109900159,155,33,122
109900160,190,62,128
109900161,266,100,166
109900162,181,125,56
109900163,571,274,297
109900164,68,168,-100
109900165,300,8,292
109900166,3,130,-127
109900167,158,313,-155
109900168,239,428,-189
109900169,226,108,118
109900170,170,1146,-976
109900171,231,78,153
109900172,228,267,-39
109900173,1396,2383,-987
109900174,50,99,-49
109900175,70,57,13
109900176,123,123,0
109900177,54,111,-57
109900178,11,331,-320
109900179,43,24,19
109900180,10,18,-8
110000001,806,467,339
110000002,621,636,-15
110000003,819,658,161
110000004,447,704,-257
110000005,429,1719,-1290
110000006,192,277,-85
110000007,128,100,28
110000008,30,67,-37
110000009,64,15,49
110000010,27,36,-9
110000011,40,40,0
110000012,494,266,228
110000013,50,512,-462
110000014,495,315,180
110000015,218,519,-301
110000016,227,1560,-1333
110000017,4682,255,4427
110000018,2776,301,2475
110000019,5,55,-50
110000020,345,176,169
110000021,419,389,30
110000022,1139,237,902
110000023,6,102,-96
110000024,486,375,111
110000025,591,9,582
110000026,13,200,-187
110000027,1107,793,314
110000028,914,485,429
110000029,362,444,-82
110000030,304,274,30
110000031,259,310,-51
110000032,674,287,387
110000033,273,177,96
110000034,556,526,30
110000035,638,401,237
110000036,1015,850,165
110000037,225,915,-690
110000038,224,575,-351
110000039,750,3841,-3091
110000040,281,298,-17
110000041,267,1810,-1543
110000042,100,1225,-1125
110000043,875,239,636
110000044,129,3769,-3640
110000045,940,488,452
110000046,3,24,-21
110000047,13,334,-321
110000048,19,31,-12
110000049,93,25,68
110000050,8,26,-18
110000051,17,15,2
110000052,24,14,10
110000053,176,9,167
110000054,182,437,-255
110000055,542,92,450
110000056,75,124,-49
110000057,319,482,-163
110000058,1004,478,526
110000059,963,408,555
110000060,1087,905,182
110000061,705,607,98
110000062,562,760,-198
110000063,55,135,-80
110000064,44,46,-2
110000065,93,77,16
110000066,107,31,76
110000067,110,90,20
110000068,253,73,180
110000069,406,62,344
110000071,316,75,241
110000073,14,24,-10
110000075,41,63,-22
110000076,329,508,-179
110000077,331,1235,-904
110000078,40,31,9
110000080,204,472,-268
110000081,37,221,-184
110000082,23,322,-299
110000083,217,462,-245
110000084,1314,885,429
110000085,976,1255,-279
110000086,1077,2206,-1129
110000087,24,44,-20
110000088,151,186,-35
110000089,239,66,173
110000090,53,149,-96
110000091,648,165,483
110000092,12,46,-34
110000093,40,30,10
110000094,429,174,255
110000095,159,563,-404
110000096,1178,1650,-472
110000097,1013,1457,-444
110000098,1733,649,1084
110000099,617,1430,-813
110000100,1167,269,898
110000101,21,149,-128
110000102,82,24,58
110000104,347,127,220
110000105,39,202,-163
110000106,568,511,57
110000107,166,232,-66
110000108,125,153,-28
110000109,200,234,-34
110000110,1897,4448,-2551
110000111,3423,2913,510
110000112,601,1123,-522
110000113,194,2478,-2284
110000114,215,637,-422
110000115,550,245,305
110000116,84,53,31
110000117,295,184,111
110000118,604,121,483
110000119,334,219,115
110000120,417,100,317
110000121,70,370,-300
110000122,510,427,83
110000123,715,690,25
110000124,5,690,-685
110000125,1027,6,1021
110000126,336,25,311
110000127,1086,54,1032
110000128,37,885,-848
110000129,4,364,-360
110000130,250,214,36
110000131,140,180,-40
110000132,2,400,-398
110000133,36,293,-257
110000134,23,293,-270
110000135,181,32,149
110000136,53,195,-142
110000137,628,438,190
110000138,828,437,391
110000139,964,659,305
110000140,662,656,6
110000143,532,327,205
110000144,4312,1809,2503
110000145,2039,1279,760
110000146,2313,1286,1027
110000147,543,699,-156
110000148,613,178,435
110000151,939,1050,-111
110000152,715,422,293
110000153,218,21,197
110000154,77,14,63
110000155,1206,3365,-2159
110000156,976,2237,-1261
110000157,2053,2372,-319
110000160,403,232,171
110000161,211,155,56
110000166,648,60,588
110000167,954,466,488
110000168,1079,513,566
110000169,993,328,665
110000170,140,28,112
110000171,571,111,460
110000172,170,521,-351
110000173,686,690,-4
110000174,136,521,-385
110000175,776,51,725
110000176,63,371,-308
110000177,261,833,-572
110000178,355,1525,-1170
110000179,874,324,550
110000180,210,300,-90
110000181,547,377,170
110000182,268,171,97
110000183,6640,7707,-1067
110000184,299,2754,-2455
110000185,1055,1332,-277
110000186,617,651,-34
110000191,1330,213,1117
110000192,784,9,775
110000193,1099,6,1093
110000194,10,523,-513
110000195,533,170,363
110000196,429,181,248
110000197,143,125,18
110000198,117,50,67
110000199,109,90,19
110000200,930,315,615
110000201,1047,983,64
110000202,1379,569,810
110000203,577,430,147
110000204,6,136,-130
110000205,251,38,213
110000206,523,791,-268
110000207,1530,319,1211
110000208,267,232,35
110000209,98,801,-703
110000210,1534,364,1170
110000211,879,634,245
110000212,474,1096,-622
110000213,321,50,271
110000214,335,72,263
110000215,145,336,-191
110000216,122,203,-81
110000217,475,126,349
110000218,216,185,31
110000219,485,60,425
110000220,80,155,-75
110000221,432,32,400
110000222,66,153,-87
110000223,3,131,-128
110000224,44,7,37
110000225,252,689,-437
110000226,225,40,185
110000227,916,990,-74
110000228,164,105,59
110000229,1,162,-161
110000230,610,504,106
110000231,156,191,-35
110000232,205,310,-105
110000233,239,324,-85
110000234,797,3492,-2695
110000235,1473,1385,88
110000236,651,419,232
110000237,1927,1200,727
110000238,1195,1057,138
110000239,1908,893,1015
110000240,1,36,-35
110000242,0,19,-19
110000243,115,91,24
110000244,141,320,-179
110000245,33,293,-260
110000246,894,351,543
110000247,1005,2513,-1508
110000248,1491,946,545
110000249,102,12,90
110000250,38,101,-63
110000251,406,265,141
110000252,307,134,173
110000253,1415,487,928
110000254,533,619,-86
110000255,250,606,-356
110000256,547,332,215
110000257,508,275,233
110000258,12,286,-274
110000259,201,14,187
110000260,42,122,-80
110000263,464,49,415
110000264,406,234,172
110000265,1025,1617,-592
110000266,1661,2701,-1040
110000267,37,143,-106
110000268,324,346,-22
110000269,3,70,-67
110000270,108,11,97
110000271,885,265,620
110000272,990,961,29
110000273,2199,1363,836
110000274,157,1694,-1537
110000275,1251,535,716
110000276,269,361,-92
110000277,326,267,59
110000278,390,523,-133
110000279,824,609,215
110000280,613,336,277
110000281,63,393,-330
110000282,208,17,191
110000283,31,92,-61
110000284,18,43,-25
110000285,2,809,-807
110000286,13,0,13
110000287,85,3,82
110000288,1,108,-107
110000289,459,2239,-1780
110000290,575,574,1
110000291,2745,1017,1728
110000292,1138,5008,-3870
110000293,655,551,104
110000294,1295,1087,208
110000295,208,490,-282
110000296,554,297,257
110000297,2307,258,2049
110000298,135,313,-178
110000299,119,72,47
110000301,285,11,274
110000302,421,538,-117
110000303,443,9,434
110000304,145,143,2
110000305,1371,19,1352
110000306,169,837,-668
110000307,1896,9,1887
110000308,607,7,600
110000309,7,541,-534
110000310,764,63,701
110000311,21,472,-451
110000312,511,82,429
110000313,1935,1809,126
110000314,0,158,-158
110000315,2254,2516,-262
110000316,401,1125,-724
110000317,322,764,-442
110000318,3,44,-41
110000319,15,23,-8
110000320,34,38,-4
110000321,21,34,-13
110000322,282,240,42
110000323,544,140,404
110000324,2246,1376,870
110000325,2022,3378,-1356
110000327,437,276,161
110000328,144,337,-193
110000333,1002,741,261
110000334,670,1027,-357
110000335,907,424,483
110000336,848,726,122
110000337,1801,487,1314
110000338,477,198,279
110000339,372,176,196
110000340,37,153,-116
110000341,506,334,172
110000342,213,5,208
110000343,0,20,-20
110000344,217,167,50
110000345,280,214,66
110000346,2087,1733,354
110000347,1099,618,481
110000348,12,23,-11
110000349,10,13,-3
110000350,62,9,53
110000351,1362,675,687
110000352,601,1161,-560
110000353,2597,484,2113
110000354,733,2700,-1967
110000355,162,58,104
110000356,2390,7,2383
110000357,485,16,469
110000361,68,40,28
110000362,93,36,57
110000363,494,87,407
110000364,311,608,-297
110000365,188,0,188
110000366,1,91,-90
110000367,415,221,194
110000368,6,62,-56
110000369,87,4,83
110000373,1,201,-200
110000374,159,13,146
110000375,128,835,-707
110000376,38,66,-28
110000377,72,459,-387
110000378,12,424,-412
110000379,1977,2044,-67
110000380,73,5,68
110000383,2,1304,-1302
110000384,1349,991,358
110000385,2,201,-199
110000387,98,6,92
110000388,35,136,-101
110000389,753,1,752
110000391,856,155,701
110000396,182,76,106
110000397,162,91,71
110000398,2,18,-16
110000399,163,1,162
110000587,168,105,63
110000589,199,84,115
110000640,151,23,128
110000652,12,260,-248
110000653,279,264,15
110000654,36,791,-755
110000656,0,281,-281
110000674,38,25,13
110000675,16,16,0
110000676,6,48,-42
110000679,178,1198,-1020
110000682,87,183,-96
110000683,265,360,-95
110000684,1,26,-25
110000685,8,15,-7
110000686,4,19,-15
110000687,28,5,23
110000688,29,1100,-1071
110000689,31,25,6
110000692,63,152,-89
110000693,89,266,-177
110000694,0,109,-109
110000695,187,533,-346
110000696,41,45,-4
110900001,280,18,262
110900002,414,168,246
110900003,982,264,718
110900004,518,97,421
110900005,1564,2747,-1183
110900006,44,18,26
110900007,179,36,143
110900008,10,39,-29
110900009,435,201,234
110900010,14,57,-43
110900011,29,64,-35
110900012,45,81,-36
110900013,962,101,861
110900014,192,12,180
110900015,336,690,-354
110900016,75,82,-7
110900017,467,24,443
110900018,526,53,473
110900019,302,18,284
110900020,159,120,39
110900021,97,290,-193
110900022,69,172,-103
110900023,135,425,-290
110900024,28,183,-155
110900025,26,46,-20
110900027,44,179,-135
110900028,35,89,-54
110900029,16,177,-161
110900030,50,141,-91
110900031,1,111,-110
110900032,0,40,-40
110900033,50,185,-135
110900035,26,489,-463
110900036,96,25,71
110900037,90,21,69
110900038,615,163,452
110900039,11,260,-249
110900040,248,30,218
110900041,23,58,-35
110900042,163,35,128
110900043,5,53,-48
110900044,181,16,165
110900045,49,207,-158
110900046,18,94,-76
110900047,303,352,-49
110900049,124,86,38
110900050,25,1,24
110900051,49,153,-104
110900052,3,91,-88
110900053,106,22,84
110900054,42,109,-67
110900055,22,7,15
110900056,41,127,-86
110900057,4,49,-45
110900058,297,405,-108
110900059,490,269,221
110900060,478,126,352
110900061,15,45,-30
110900062,169,184,-15
110900063,46,104,-58
110900064,23,0,23
110900065,163,131,32
110900066,12,86,-74
110900067,475,620,-145
110900068,235,152,83
110900069,8,27,-19
110900070,87,42,45
110900071,200,841,-641
110900073,0,20,-20
110900074,407,84,323
110900075,451,80,371
110900077,1047,424,623
110900078,83,36,47
110900079,1390,1126,264
110900080,156,49,107
110900081,14,16,-2
110900082,149,64,85
110900083,148,52,96
110900084,69,52,17
110900085,58,188,-130
110900086,49,414,-365
110900087,345,49,296
110900088,8,2,6
110900090,43,63,-20
110900091,1,32,-31
110900093,312,113,199
110900095,58,41,17
110900097,28,11,17
110900098,49,78,-29
110900099,78,280,-202
110900100,0,14,-14
110900102,85,10,75
110900105,1123,170,953
110900108,34,28,6
110900111,451,175,276
110900112,820,9,811
110900113,319,51,268
110900115,1,35,-34
110900116,974,802,172
110900118,83,3147,-3064
110900119,1679,229,1450
110900120,45,51,-6
110900121,163,0,163
110900122,582,183,399
110900125,434,426,8
110900127,473,1292,-819
110900128,255,242,13
110900129,327,947,-620
110900130,583,595,-12
110900131,285,35,250
110900132,414,84,330
110900133,50,109,-59
110900135,75,165,-90
110900136,406,23,383
110900137,62,3,59
110900138,954,960,-6
110900139,15,264,-249
110900140,51,8,43
110900141,20,247,-227
110900142,58,125,-67
110900143,230,104,126
110900144,2,435,-433
110900145,234,91,143
110900146,244,257,-13
110900147,89,269,-180
110900148,11,178,-167
110900149,5,52,-47
110900150,121,15,106
110900151,14,52,-38
110900152,33,123,-90
110900153,207,69,138
111000001,690,312,378
111000002,424,486,-62
111000003,1240,685,555
111000004,352,635,-283
111000005,1276,1188,88
111000006,812,1341,-529
111000007,4803,2839,1964
111000008,1450,2795,-1345
111000009,331,625,-294
111000010,996,276,720
111000011,312,891,-579
111000012,520,373,147
111000013,386,844,-458
111000014,1321,395,926
111000017,104,894,-790
111000018,234,293,-59
111000020,756,1431,-675
111000021,64,93,-29
111000023,69,95,-26
111000025,3960,3648,312
111000029,87,123,-36
111000030,47,77,-30
111000031,2155,1184,971
111000032,617,306,311
111000033,358,283,75
111000034,143,268,-125
111000037,1133,532,601
111000038,2968,1688,1280
111000039,1746,1649,97
111000040,1703,1724,-21
111000041,1204,1175,29
111000042,1835,1894,-59
111000043,1795,3633,-1838
111000044,1854,1172,682
111000045,2853,2399,454
111000046,1878,1558,320
111000047,2973,4473,-1500
111000049,455,427,28
111000050,1059,828,231
111000051,518,737,-219
111000052,571,1193,-622
111000053,342,669,-327
111000054,344,667,-323
111000055,1034,1138,-104
111000056,151,292,-141
111000057,132,327,-195
111000058,547,79,468
111000059,560,273,287
111000060,3814,922,2892
111000061,699,296,403
111000062,978,333,645
111000063,1683,1094,589
111000064,879,490,389
111000065,1246,880,366
111000066,584,333,251
111000067,648,459,189
111000068,683,771,-88
111000069,1533,1633,-100
111000070,725,705,20
111000071,158,400,-242
111000072,1330,432,898
111000073,293,900,-607
111000074,1549,1563,-14
111000075,1046,487,559
111000076,605,631,-26
111000077,1755,1530,225
111000078,2906,1259,1647
111000079,1107,638,469
111000080,459,452,7
111000081,1258,3972,-2714
111000082,643,455,188
111000084,751,405,346
111000085,816,817,-1
111000086,2817,728,2089
111000087,671,386,285
111000088,5657,2470,3187
111000089,740,666,74
111000090,677,1244,-567
111000091,696,287,409
111000092,1385,647,738
111000093,725,979,-254
111000094,1473,926,547
111000095,640,1926,-1286
111000096,1167,6771,-5604
111000097,3232,1339,1893
111000098,705,847,-142
111000099,554,1043,-489
111000100,368,821,-453
111000101,374,628,-254
111000102,305,398,-93
111000104,700,161,539
111000107,122,698,-576
111000109,1077,227,850
111000110,1684,619,1065
111000111,2849,432,2417
111000112,1912,632,1280
111000113,948,1632,-684
111000114,1707,3409,-1702
111000115,3520,1022,2498
111000116,880,695,185
111000117,286,713,-427
111000118,1032,563,469
111000119,1242,728,514
111000120,484,491,-7
111000121,298,649,-351
111000122,472,906,-434
111000123,935,1685,-750
111000124,440,1452,-1012
111000125,236,764,-528
111000126,102,490,-388
111000127,1069,114,955
111000128,2253,239,2014
111000129,3000,339,2661
111000130,2617,501,2116
111000131,2148,449,1699
111000132,1956,990,966
111000133,186,105,81
111000134,138,88,50
111000135,51,158,-107
111000136,362,254,108
111000138,30,6,24
111000140,2,6,-4
111000141,178,328,-150
111000142,22,281,-259
111000143,7,334,-327
111000144,24,1752,-1728
111000145,322,6,316
111000146,102,7,95
111000147,138,18,120
111000148,114,96,18
111000149,6,14,-8
111000150,45,9,36
111000151,2,16,-14
111000153,570,766,-196
111000154,540,192,348
111000155,129,194,-65
111000156,640,648,-8
111000157,251,1046,-795
111000158,1007,812,195
111000159,3837,831,3006
111000160,528,464,64
111000161,16,483,-467
111000162,36,93,-57
111000163,723,579,144
111000164,482,2244,-1762
111000165,681,330,351
111000166,1238,279,959
111000167,146,282,-136
111000168,222,329,-107
111000169,295,609,-314
111000170,359,303,56
111000171,470,403,67
111000172,162,257,-95
111000173,324,391,-67
111000174,259,123,136
111000175,37,407,-370
111000176,391,91,300
111000177,454,127,327
111000178,1677,198,1479
111000179,204,94,110
111000180,295,384,-89
111000181,1510,188,1322
111000182,215,155,60
111000183,316,221,95
111000184,328,189,139
111000185,344,270,74
111000186,333,142,191
111000187,154,113,41
111000188,289,327,-38
111000189,598,521,77
111000190,232,204,28
111000191,174,194,-20
111000192,206,284,-78
111000193,233,158,75
111000194,52,201,-149
111000195,133,202,-69
111000196,99,132,-33
111000197,480,84,396
111000198,591,68,523
111000199,271,84,187
111000200,518,216,302
111000201,775,143,632
111000202,381,174,207
111000203,415,277,138
111000204,416,1428,-1012
111000213,174,382,-208
111000214,1257,937,320
111000215,951,828,123
111000217,1645,817,828
111000218,1263,990,273
111000219,332,160,172
111000220,865,604,261
111000221,431,112,319
111000224,2,217,-215
111000225,292,281,11
111000226,89,0,89
111000227,29,6,23
111000228,37,499,-462
111000229,64,1225,-1161
111000230,199,222,-23
111000231,1142,394,748
111000232,820,704,116
111000233,1215,482,733
111000234,192,471,-279
111000239,73,102,-29
111000240,57,220,-163
111000241,35,213,-178
111000242,249,72,177
111000243,189,323,-134
111000244,665,77,588
111000245,1139,234,905
111000246,641,168,473
111000247,505,438,67
111000248,657,307,350
111000249,440,398,42
111000250,55,58,-3
111000251,30,81,-51
111000253,7,12,-5
111000255,52,12,40
111000257,55,22,33
111000260,75,863,-788
111000261,1515,109,1406
111000271,34,222,-188
111000273,2250,888,1362
111000274,1143,2076,-933
111000275,141,36,105
111000276,247,974,-727
111000277,185,245,-60
111000278,589,193,396
111000291,867,7340,-6473
111000298,562,143,419
111000299,729,195,534
111000300,112,365,-253
111000302,316,60,256
111000303,54,138,-84
111000312,52,64,-12
111000315,0,42,-42
111000320,223,503,-280
111000321,460,167,293
111000322,373,266,107
111000323,331,25,306
111000324,362,203,159
111000325,54,68,-14
111000326,232,202,30
111000327,506,231,275
111000328,292,424,-132
111000329,0,32,-32
111000330,51,9,42
111000331,16,5,11
111000332,586,1134,-548
111000334,308,753,-445
111000335,1008,268,740
111000337,1490,268,1222
111000338,59,70,-11
111000339,698,172,526
111000340,138,318,-180
111000341,1183,593,590
111000342,271,1285,-1014
111000344,1192,581,611
111000345,169,115,54
111000346,21,256,-235
111000347,171,8,163
111000350,144,99,45
111000351,97,249,-152
111000352,250,92,158
111000353,192,204,-12
111000354,541,89,452
111000355,279,400,-121
111000358,189,497,-308
111000360,231,267,-36
111000361,153,145,8
111000546,820,375,445
111000547,425,253,172
111000548,205,275,-70
111000549,389,186,203
111000550,61,795,-734
111000551,651,138,513
111000552,836,249,587
111000907,358,34,324
111000908,38,1,37
111000916,1892,167,1725
111000917,27,281,-254
111000918,209,371,-162
111000920,597,17,580
111000921,4,96,-92
111000922,632,188,444
111000924,28,399,-371
111000925,2699,1714,985
111000926,911,944,-33
111000927,2497,3837,-1340
111000928,3556,2053,1503
111000929,1772,1201,571
111000930,766,1398,-632
111000931,2236,2558,-322
111000932,3458,1531,1927
111000933,3388,2604,784
111000934,1409,2333,-924
111000935,1755,902,853
111000936,1033,1370,-337
111000937,1218,1148,70
111000938,1134,898,236
111000939,814,46,768
111000940,542,80,462
111000941,396,240,156
111000943,676,244,432
111000944,137,181,-44
111000945,74,860,-786
111001109,627,604,23
111001110,167,353,-186
111001111,77,11,66
111001112,104,4,100
111001113,1,120,-119
111001114,712,172,540
111001115,26,618,-592
111001116,2871,3752,-881
111001117,410,2629,-2219
111001120,132,171,-39
111001121,122,149,-27
111001122,219,219,0
111001123,316,37,279
111001124,111,73,38
111900001,37,67,-30
111900002,28,393,-365
111900003,5,186,-181
111900004,19,75,-56
111900006,19,67,-48
111900007,150,8,142
111900008,327,6,321
111900009,327,104,223
111900010,297,386,-89
111900012,57,85,-28
111900013,48,52,-4
111900014,2697,4985,-2288
111900015,0,57,-57
111900016,0,56,-56
111900017,1,40,-39
111900018,155,8,147
111900019,1,116,-115
111900020,4,26,-22
111900021,36,78,-42
111900022,28,43,-15
111900023,47,73,-26
111900024,35,61,-26
111900025,0,32,-32
111900026,1,36,-35
111900027,4,82,-78
111900028,1,207,-206
111900029,3,55,-52
111900030,29,233,-204
111900031,14,23,-9
111900032,2,161,-159
111900033,7,55,-48
111900034,189,323,-134
111900035,81,154,-73
111900036,1,133,-132
111900038,217,426,-209
111900039,35,248,-213
111900040,1,216,-215
111900042,20,105,-85
111900043,2,196,-194
111900044,212,189,23
111900046,44,106,-62
111900048,271,344,-73
111900049,26,139,-113
111900050,131,42,89
111900051,1,145,-144
111900052,251,264,-13
111900053,583,2128,-1545
111900054,174,5,169
111900055,18,203,-185
111900056,132,402,-270
111900057,153,18,135
111900058,584,311,273
111900059,1200,722,478
111900060,473,4,469
111900061,3,86,-83
111900062,41,68,-27
111900063,338,264,74
111900064,88,125,-37
111900065,152,30,122
111900066,136,154,-18
111900067,4,247,-243
111900068,31,47,-16
111900069,88,29,59
111900070,172,82,90
111900071,1,156,-155
111900072,38,19,19
111900073,1142,207,935
111900074,17,121,-104
111900075,79,13,66
111900076,228,71,157
111900077,42,4,38
111900078,416,39,377
111900079,71,52,19
111900080,191,332,-141
111900081,250,94,156
111900082,204,42,162
111900083,224,13,211
111900084,161,10,151
111900085,63,118,-55
111900086,71,4,67
111900087,84,0,84
111900088,735,20,715
111900089,157,3,154
111900090,41,53,-12
111900091,349,3,346
111900092,151,0,151
111900093,561,9,552
111900094,163,2,161
111900095,360,32,328
111900096,244,14,230
111900097,63,0,63
111900098,353,3,350
111900099,91,0,91
111900100,211,7,204
111900101,169,39,130
111900102,730,273,457
111900103,82,72,10
111900104,198,61,137
111900105,235,230,5
111900106,576,28,548
111900107,64,49,15
111900108,64,134,-70
111900109,196,236,-40
111900110,1038,358,680
111900111,195,78,117
111900112,416,3597,-3181
111900113,181,147,34
111900114,69,49,20
111900115,1,18,-17
111900118,330,110,220
111900119,334,198,136
111900122,106,106,0
111900123,27,37,-10
111900124,39,57,-18
111900125,637,71,566
111900126,348,3,345
111900127,7,402,-395
111900128,0,320,-320
111900129,350,7,343
111900130,264,44,220
111900131,688,2,686
111900132,24,486,-462
111900133,15,197,-182
111900134,5,138,-133
111900135,17,52,-35
111900136,71,140,-69
111900137,82,33,49
111900138,18,34,-16
111900139,11,69,-58
111900140,105,28,77
111900141,73,6,67
111900142,97,28,69
111900143,41,100,-59
111900144,43,75,-32
111900145,0,225,-225
111900146,4,128,-124
111900147,104,282,-178
111900148,23,396,-373
111900149,10,176,-166
111900150,7,95,-88
111900151,4,25,-21
111900152,76,107,-31
111900153,777,775,2
111900154,37,420,-383
111900155,87,125,-38
111900156,96,98,-2
111900157,186,36,150
111900158,572,94,478
111900159,380,32,348
111900160,491,3,488
111900161,295,9,286
111900162,106,188,-82
111900163,27,159,-132
111900164,80,75,5
111901113,666,63,603
111901114,321,251,70
111901115,118,5,113
111901116,109,1,108
111901117,45,64,-19
111901118,39,408,-369
111901119,397,81,316
111901120,52,38,14
111901121,144,124,20
111901122,5,310,-305
111901123,331,194,137
111901124,316,6,310
111901125,525,166,359
111901126,106,55,51
111901127,344,782,-438
111901128,16,62,-46
111901129,5,90,-85
111901130,6,104,-98
111901131,4,197,-193
111901132,69,17,52
111901133,65,3,62
111901134,114,7,107
111901135,51,20,31
111901136,62,81,-19
111901137,1,48,-47
111901138,246,36,210
111901139,50,26,24
111901140,11,54,-43
111901141,3,91,-88
111901142,1,77,-76
111901143,1,102,-101
111901144,72,44,28
111901145,108,262,-154
111901146,244,22,222
112000001,1977,697,1280
112000002,466,1665,-1199
112000003,1854,1008,846
112000004,672,466,206
112000005,3854,3641,213
112000006,1697,1015,682
112000007,4378,2652,1726
112000008,2566,3829,-1263
112000009,2088,1745,343
112000010,3188,3919,-731
112000011,1313,1192,121
112000012,4221,5521,-1300
112000013,2829,3644,-815
112000014,2112,2882,-770
112000015,2902,3610,-708
112000016,3971,2612,1359
112000017,1456,4583,-3127
112000024,2201,728,1473
112000026,2070,2224,-154
112000027,743,696,47
112000028,737,925,-188
112000029,770,953,-183
112000030,134,81,53
112000031,1415,5098,-3683
112000032,244,44,200
112000033,1641,3141,-1500
112000034,174,63,111
112000035,101,673,-572
112000036,534,1520,-986
112000037,870,1046,-176
112000038,1250,1621,-371
112000039,134,60,74
112000040,43,145,-102
112000041,385,335,50
112000042,861,380,481
112000050,1248,1205,43
112000051,1240,1588,-348
112000054,1278,1122,156
112000057,733,369,364
112000058,277,449,-172
112000059,428,567,-139
112000061,2530,1313,1217
112000062,996,1331,-335
112000063,529,2256,-1727
112000064,2787,4002,-1215
112000065,1263,1646,-383
112000066,3266,1626,1640
112000067,620,569,51
112000068,3167,2548,619
112000069,465,1383,-918
112000070,2273,910,1363
112000071,987,1777,-790
112000072,2602,789,1813
112000073,1706,1953,-247
112000074,1690,1059,631
112000075,1563,1163,400
112000076,3264,1998,1266
112000077,795,376,419
112000078,1892,622,1270
112000079,1772,1126,646
112000080,929,716,213
112000081,1271,2152,-881
112000082,1275,629,646
112000083,622,815,-193
112000084,1336,569,767
112000085,1247,938,309
112000086,1617,901,716
112000087,619,286,333
112000088,872,324,548
112000089,582,450,132
112000090,312,232,80
112000091,524,606,-82
112000092,2141,890,1251
112000093,1405,619,786
112000094,851,632,219
112000095,706,659,47
112000096,603,437,166
112000097,1517,666,851
112000098,867,553,314
112000099,829,1810,-981
112000100,2246,663,1583
112000101,583,556,27
112000102,1829,397,1432
112000103,420,634,-214
112000105,416,812,-396
112000106,1888,277,1611
112000107,28,232,-204
112000108,238,1535,-1297
112000109,65,76,-11
112000110,1903,543,1360
112000111,908,7400,-6492
112000112,4097,903,3194
112000113,864,1479,-615
112000114,2498,1111,1387
112000115,321,352,-31
112000116,751,778,-27
112000117,911,648,263
112000118,988,622,366
112000119,433,481,-48
112000120,64,224,-160
112000121,171,260,-89
112000122,415,134,281
112000123,887,145,742
112000124,511,71,440
112000125,279,247,32
112000126,343,251,92
112000127,1690,2480,-790
112000128,566,773,-207
112000129,133,79,54
112000130,218,106,112
112000131,42,199,-157
112000132,227,194,33
112000133,476,136,340
112000134,428,266,162
112000135,1475,753,722
112000136,1036,1795,-759
112000137,1785,4210,-2425
112000138,1660,2188,-528
112000139,787,738,49
112000140,536,869,-333
112000141,1019,395,624
112000142,132,374,-242
112000143,1149,213,936
112000144,235,678,-443
112000145,2752,481,2271
112000146,527,1114,-587
112000147,2748,1713,1035
112000148,1316,1829,-513
112000149,537,404,133
112000150,249,403,-154
112000151,336,244,92
112000152,476,302,174
112000153,140,164,-24
112000154,106,218,-112
112000155,122,101,21
112000157,679,595,84
112000158,356,259,97
112000159,815,297,518
112000167,442,105,337
112000169,343,413,-70
112000173,918,240,678
112000175,437,320,117
112000176,1391,1626,-235
112000177,1049,233,816
112000178,139,211,-72
112000179,269,76,193
112000180,268,243,25
112000181,1233,1120,113
112000182,1677,867,810
112000183,24,25,-1
112000184,527,246,281
112000185,631,317,314
112000187,4269,2548,1721
112000195,153,14,139
112000196,243,3,240
112000197,265,266,-1
112000198,50,299,-249
112000199,899,676,223
112000202,461,3,458
112000216,70,217,-147
112000230,127,6,121
112000231,3,119,-116
112000256,50,246,-196
112000313,61,94,-33
112000314,64,50,14
112000337,176,486,-310
112000352,209,395,-186
112000392,1327,1093,234
112000398,1701,741,960
112000399,1583,2470,-887
112000400,1704,1524,180
112000401,2234,1455,779
112000402,3989,3853,136
112000403,1918,3440,-1522
112000404,1270,929,341
112000405,2420,2856,-436
112000406,2367,1379,988
112000407,8462,8184,278
112000408,6131,3482,2649
112000409,1418,2715,-1297
112000410,440,402,38
112000411,3409,2187,1222
112000412,1286,628,658
112000413,4985,7161,-2176
112000414,97,36,61
112000415,93,37,56
112000416,3157,1276,1881
112000417,306,79,227
112000421,65,48,17
112000422,311,232,79
112000424,1370,2953,-1583
112000425,429,370,59
112000426,189,294,-105
112000427,0,9,-9
112000428,264,234,30
112000429,2006,1676,330
112000430,2666,2664,2
112000431,95,141,-46
112000432,579,573,6
112000433,295,600,-305
112000437,61,86,-25
112900001,122,3,119
112900002,576,476,100
112900003,86,250,-164
112900004,51,162,-111
112900005,275,138,137
112900006,32,192,-160
112900007,79,216,-137
112900008,0,39,-39
112900009,397,149,248
112900010,466,554,-88
112900011,89,190,-101
112900012,1,48,-47
112900013,3,284,-281
112900014,1,233,-232
112900015,312,542,-230
112900016,2,222,-220
112900017,84,143,-59
112900018,0,113,-113
112900019,30,159,-129
112900020,350,822,-472
112900021,2,154,-152
112900022,22,40,-18
112900023,0,87,-87
112900024,14,168,-154
112900025,118,206,-88
112900026,6,118,-112
112900027,9,475,-466
112900028,16,94,-78
112900029,6,362,-356
112900030,78,109,-31
112900031,6,226,-220
112900032,213,213,0
112900034,2,35,-33
112900035,1,249,-248
112900036,76,129,-53
112900037,211,209,2
112900038,927,109,818
112900039,11,145,-134
112900040,14,2194,-2180
112900041,519,1126,-607
112900042,199,159,40
112900043,85,65,20
112900044,411,360,51
112900045,139,270,-131
112900046,145,71,74
112900047,5,69,-64
112900049,371,74,297
112900050,34,439,-405
112900051,298,371,-73
112900052,15,488,-473
112900053,223,242,-19
112900054,447,68,379
112900055,116,59,57
112900056,431,263,168
112900057,27,302,-275
112900058,299,356,-57
112900059,131,215,-84
112900060,38,128,-90
112900061,94,73,21
112900062,81,77,4
112900063,98,16,82
112900064,138,181,-43
112900065,42,59,-17
112900066,312,285,27
112900067,221,172,49
112900068,61,68,-7
112900069,2335,896,1439
112900071,38,7,31
112900072,505,2592,-2087
112900073,493,145,348
112900074,120,300,-180
112900075,1344,1030,314
112900076,72,61,11
112900078,377,530,-153
112900079,262,21,241
112900080,109,3,106
112900081,58,246,-188
112900082,599,24,575
112900083,149,120,29
112900084,274,155,119
112900085,0,4,-4
112900086,123,1,122
112900087,990,178,812
112900088,184,15,169
112900089,972,66,906
112900090,87,30,57
112900091,319,9,310
112900092,113,456,-343
112900093,1446,25,1421
112900094,41,1,40
112900095,66,0,66
112900096,593,199,394
112900097,76,260,-184
112900098,467,9,458
112900099,818,34,784
112900100,98,1,97
112900101,444,9,435
112900102,244,24,220
112900103,231,4,227
112900104,111,4,107
112900105,33,0,33
112900106,472,147,325
112900107,9,0,9
112900108,19,4,15
112900109,142,1,141
112900110,1666,39,1627
112900111,707,4,703
112900112,386,2,384
112900113,1,9,-8
112900114,189,30,159
112900115,1805,3,1802
112900116,140,57,83
112900117,74,47,27
112900118,19,63,-44
112900119,217,2,215
112900120,863,276,587
112900121,43,134,-91
112900122,7,62,-55
112900123,239,28,211
112900124,12,69,-57
112900125,70,402,-332
112900126,162,138,24
112900127,383,115,268
112900128,154,677,-523
112900129,0,477,-477
112900130,220,113,107
112900131,47,596,-549
112900132,65,375,-310
112900133,15,1202,-1187
112900134,1,203,-202
112900135,125,50,75
112900136,0,11,-11
112900137,0,328,-328
112900138,14,129,-115
112900139,152,810,-658
112900140,1,48,-47
112900141,1000,53,947
112900142,102,250,-148
112900143,25,307,-282
112900144,1,129,-128
112900145,17,322,-305
112900146,2,622,-620
112900147,4,776,-772
112900148,69,1,68
112900149,335,519,-184
112900151,19,57,-38
112900152,2964,549,2415
112900153,1386,2780,-1394
112900154,1,110,-109
112900155,230,61,169
112900156,484,666,-182
112900157,316,9,307
112900158,134,10,124
112900159,235,170,65
112900160,70,207,-137
112900161,182,43,139
112900162,44,22,22
112900163,86,57,29
112900164,57,204,-147
112900165,111,26,85
112900166,13,121,-108
112900167,6,126,-120
112900168,4,5,-1
112900169,9,18,-9
112900170,312,230,82
112900172,55,18,37
112900173,171,118,53
112900174,266,35,231
112900175,131,230,-99
112900176,44,79,-35
112900177,235,70,165
112900178,754,2947,-2193
112900179,28,384,-356
112900180,2474,1191,1283
112900181,772,9,763
112900182,64,520,-456
112900183,120,324,-204
112900184,390,534,-144
112900185,214,685,-471
112900186,884,1177,-293
112900187,123,697,-574
112900188,745,2518,-1773
112900189,12,9,3
112900190,32,17,15
112900192,751,806,-55
112900193,1281,440,841
112900194,46,58,-12
112900195,1161,79,1082
112900196,218,370,-152
112900197,156,288,-132
112900199,764,317,447
112900200,790,179,611
112900201,196,83,113
112900202,530,461,69
112900203,324,178,146
112900204,784,597,187
112900205,11,5,6
112900206,65,92,-27
112900207,38,0,38
112900208,116,359,-243
112900209,351,275,76
112900210,0,13,-13
112900211,108,42,66
112900212,0,95,-95
112900213,64,12,52
112900214,17,23,-6
112900215,17,100,-83
112900216,21,53,-32
112900217,0,73,-73
112900218,104,23,81
112900219,112,4,108
112900220,2,0,2
112900221,77,118,-41
112900222,3,33,-30
112900223,1191,46,1145
112900224,516,282,234
112900225,482,263,219
112900226,200,326,-126
112900227,787,610,177
112900228,75,32,43
112900229,321,46,275
112900230,7130,3786,3344
112900232,293,292,1
112900233,58,90,-32
112900234,32,42,-10
112900235,91,29,62
112900236,447,17,430
112900237,240,90,150
112900238,16,19,-3
112900239,381,493,-112
113000001,6520,4743,1777
113000002,3393,2812,581
113000003,1845,1533,312
113000004,1294,2096,-802
113000005,1774,945,829
113000006,931,1273,-342
113000007,2357,991,1366
113000008,1707,1387,320
113000009,1325,731,594
113000010,1157,951,206
113000011,736,1152,-416
113000012,1985,732,1253
113000013,1364,635,729
113000014,1085,1448,-363
113000015,390,245,145
113000016,340,918,-578
113000017,90,326,-236
113000018,488,40,448
113000019,324,201,123
113000020,427,69,358
113000021,1170,439,731
113000022,753,874,-121
113000025,217,396,-179
113000026,474,451,23
113000027,611,619,-8
113000028,736,764,-28
113000029,936,639,297
113000030,214,458,-244
113000031,140,267,-127
113000032,233,287,-54
113000033,269,420,-151
113000034,264,289,-25
113000035,36,32,4
113000036,25,53,-28
113000037,55,30,25
113000038,14,66,-52
113000039,86,244,-158
113000040,68,56,12
113000042,615,411,204
113000051,895,1943,-1048
113000052,1853,626,1227
113000053,545,301,244
113000054,367,722,-355
113000055,1218,376,842
113000056,1268,686,582
113000058,621,764,-143
113000059,1018,463,555
113000060,346,500,-154
113000061,491,749,-258
113000062,563,413,150
113000063,318,67,251
113000064,51,215,-164
113000065,172,449,-277
113000066,826,100,726
113000067,2542,867,1675
113000068,346,674,-328
113000069,509,575,-66
113000070,2771,870,1901
113000071,504,429,75
113000072,929,392,537
113000073,309,1032,-723
113000074,891,369,522
113000075,1716,790,926
113000076,478,1901,-1423
113000077,1047,827,220
113000078,538,1998,-1460
113000079,562,935,-373
113000080,528,1078,-550
113000081,829,976,-147
113000082,1158,1202,-44
113000083,565,815,-250
113000084,1488,1215,273
113000085,768,642,126
113000086,1039,937,102
113000087,751,806,-55
113000088,2140,1199,941
113000089,864,1366,-502
113000090,288,688,-400
113000091,374,350,24
113000094,1285,215,1070
113000095,188,541,-353
113000096,82,585,-503
113000097,1138,381,757
113000098,96,27,69
113000099,929,446,483
113000100,91,230,-139
113000101,254,517,-263
113000102,677,558,119
113000103,1376,259,1117
113000104,490,1949,-1459
113000105,829,409,420
113000106,303,326,-23
113000107,913,649,264
113000108,498,691,-193
113000109,545,1226,-681
113000110,1933,477,1456
113000111,124,533,-409
113000112,273,269,4
113000113,1050,326,724
113000114,289,1474,-1185
113000116,771,340,431
113000117,1668,118,1550
113000118,48,527,-479
113000119,349,502,-153
113000120,64,270,-206
113000121,748,1936,-1188
113000124,247,102,145
113000125,83,860,-777
113000127,1395,224,1171
113000128,567,412,155
113000129,562,728,-166
113000133,1494,1303,191
113000134,4,1286,-1282
113000135,4110,5135,-1025
113000137,1330,3374,-2044
113000139,292,320,-28
113000140,99,188,-89
113000141,181,242,-61
113000142,450,1210,-760
113000143,267,151,116
113000144,235,389,-154
113000145,121,111,10
113000146,116,49,67
113000147,195,70,125
113000148,243,100,143
113000149,149,101,48
113000150,508,228,280
113000151,51,47,4
113000152,31,123,-92
113000153,985,441,544
113000154,698,1455,-757
113000155,405,718,-313
113000156,120,314,-194
113000157,238,634,-396
113000158,757,259,498
113000159,947,644,303
113000160,516,749,-233
113000161,240,278,-38
113000162,892,351,541
113000163,129,61,68
113000164,15,59,-44
113000166,191,111,80
113000167,56,56,0
113000168,77,93,-16
113000169,266,54,212
113000170,86,107,-21
113000171,40,77,-37
113000172,256,70,186
113000173,92,31,61
113000174,94,276,-182
113000175,397,101,296
113000176,496,133,363
113000177,175,287,-112
113000178,148,211,-63
113000179,342,197,145
113000180,726,944,-218
113000181,1060,681,379
113000182,132,383,-251
113000183,96,445,-349
113000184,16,83,-67
113000189,323,750,-427
113000190,476,397,79
113000192,681,2524,-1843
113000193,2161,1873,288
113000194,783,855,-72
113000195,1370,1334,36
113000196,257,70,187
113000197,1546,1293,253
113000198,89,220,-131
113000199,1613,515,1098
113000201,225,244,-19
113000202,3436,1036,2400
113000203,94,138,-44
113000204,667,2141,-1474
113000205,21,23,-2
113000206,8,21,-13
113000207,83,15,68
113000208,42,50,-8
113000209,19,20,-1
113000210,8,18,-10
113000211,102,173,-71
113000212,47,20,27
113000213,36,134,-98
113000214,218,206,12
113000234,193,463,-270
113000410,212,234,-22
113000411,2037,3770,-1733
113000412,4031,1728,2303
113000413,1282,2761,-1479
113000414,3318,11968,-8650
113000415,1866,2231,-365
113000416,4757,3274,1483
113000417,1942,2267,-325
113000418,4071,3679,392
113000419,1761,1983,-222
113000420,3816,5913,-2097
113000421,4319,6990,-2671
113000422,11096,9739,1357
113000423,1711,5175,-3464
113000424,2798,8729,-5931
113000425,8,56,-48
113000428,41,101,-60
113000430,10,422,-412
113000432,2161,170,1991
113000433,106,455,-349
113000434,34,85,-51
113000435,22,253,-231
113000436,31,577,-546
113000437,1250,25,1225
113000438,329,11,318
113000439,31,62,-31
113000440,187,78,109
113000441,255,147,108
113000442,162,90,72
113000443,406,78,328
113000444,216,106,110
113000445,116,53,63
113000446,42,77,-35
113000448,141,196,-55
113000449,133,715,-582
113000450,499,1999,-1500
113000451,1112,262,850
113000452,183,417,-234
113000453,41,397,-356
113000454,344,102,242
113000455,14,352,-338
113000456,2791,2343,448
113000468,874,102,772
113000469,94,250,-156
113000470,283,26,257
113000471,20,321,-301
113000472,136,228,-92
113000474,892,609,283
113000475,1194,1387,-193
113000476,1595,1605,-10
113000477,3678,1689,1989
113000478,3023,3302,-279
113000479,87,87,0
113000480,93,291,-198
113000483,0,0,0
113000485,0,0,0
113000486,3,0,3
113000487,0,1,-1
113000488,0,0,0
113000489,0,3,-3
113000490,0,3,-3
113000491,7,0,7
113000492,1,0,1
113000493,0,0,0
113000495,147,115,32
113000496,118,106,12
113000499,0,0,0
113000500,0,4,-4
113900001,5,284,-279
113900002,0,54,-54
113900003,0,49,-49
113900004,1,72,-71
113900005,2,78,-76
113900006,0,12,-12
113900007,58,19,39
113900008,15,0,15
113900009,45,1,44
113900010,54,3,51
113900011,79,0,79
113900012,37,2,35
113900013,102,6,96
113900014,549,4,545
113900015,0,38,-38
113900016,38,0,38
113900017,7,39,-32
113900018,291,379,-88
113900019,263,50,213
113900020,179,0,179
113900022,64,0,64
113900023,28,0,28
113900024,64,20,44
113900025,205,29,176
113900026,93,1,92
113900027,14,15,-1
113900028,28,334,-306
113900029,89,105,-16
113900030,253,3,250
113900031,47,2,45
113900032,37,0,37
113900033,44,51,-7
113900035,49,0,49
113900036,38,41,-3
113900037,172,293,-121
113900038,29,126,-97
113900039,211,26,185
113900040,17,20,-3
113900041,14,5,9
113900042,48,30,18
113900043,135,92,43
113900044,360,313,47
113900045,54,0,54
113900046,196,513,-317
113900047,74,67,7
113900048,112,144,-32
113900049,325,359,-34
113900050,248,251,-3
113900051,256,238,18
113900052,91,92,-1
113900053,772,709,63
113900054,37,2,35
113900055,107,333,-226
113900056,35,151,-116
113900057,14,56,-42
113900058,89,64,25
113900059,283,231,52
113900060,71,199,-128
113900061,544,220,324
113900062,108,28,80
113900063,87,95,-8
113900064,21,75,-54
113900065,502,21,481
113900066,448,170,278
113900067,196,150,46
113900068,507,575,-68
113900069,61,32,29
113900070,167,315,-148
113900071,91,29,62
113900072,80,102,-22
113900073,322,253,69
113900074,150,294,-144
113900075,1071,1444,-373
113900076,157,24,133
113900077,72,97,-25
113900078,29,33,-4
113900079,2,45,-43
113900080,429,195,234
113900081,73,135,-62
113900082,128,199,-71
113900083,486,218,268
113900084,214,113,101
113900085,46,163,-117
113900086,41,5,36
113900087,94,102,-8
113900088,88,108,-20
113900089,372,43,329
113900090,624,427,197
113900091,24,20,4
113900092,30,76,-46
113900093,67,884,-817
113900094,497,233,264
113900095,155,141,14
113900096,328,64,264
113900097,21,66,-45
113900098,786,105,681
113900099,1,39,-38
113900100,0,5,-5
113900101,11,63,-52
113900102,111,150,-39
113900103,339,271,68
113900104,128,198,-70
113900105,169,109,60
113900106,1,51,-50
113900107,0,28,-28
113900108,159,273,-114
113900109,311,194,117
113900110,99,28,71
113900111,184,90,94
113900112,168,49,119
113900113,1061,348,713
113900114,1,54,-53
113900115,0,51,-51
113900116,92,117,-25
113900117,79,31,48
113900118,216,498,-282
113900119,129,421,-292
113900120,76,54,22
113900121,88,58,30
113900122,501,2430,-1929
113900123,519,171,348
113900124,0,44,-44
113900125,508,107,401
113900126,97,39,58
113900127,342,720,-378
113900128,139,62,77
113900129,14,135,-121
113900130,16,231,-215
113900131,264,56,208
113900132,48,83,-35
113900133,6,31,-25
113900135,301,201,100
113900136,92,66,26
113900137,329,268,61
113900138,40,244,-204
113900139,191,192,-1
113900140,98,374,-276
113900141,603,162,441
113900142,150,45,105
113900143,13,42,-29
113900144,136,364,-228
113900145,347,123,224
113900146,153,37,116
113900148,87,359,-272
113900149,145,108,37
113900150,235,387,-152
113900151,447,136,311
113900152,83,65,18
113900153,145,674,-529
113900154,0,107,-107
113900155,134,215,-81
113900156,143,239,-96
113900157,44,314,-270
113900158,242,670,-428
113900159,16,220,-204
113900160,369,279,90
113900161,77,246,-169
113900162,309,1129,-820
113900163,242,220,22
113900164,362,45,317
113900165,442,262,180
113900166,106,182,-76
113900167,332,38,294
113900168,64,67,-3
113900169,136,267,-131
113900171,272,50,222
113900172,5,85,-80
113900173,34,274,-240
113900174,454,373,81
113900175,344,193,151
113900176,325,297,28
113900177,276,175,101
113900178,352,143,209
113900179,19,198,-179
113900180,166,56,110
113900181,771,134,637
113900182,659,644,15
113900183,54,57,-3
113900184,15,237,-222
113900185,142,52,90
113900186,57,36,21
113900187,39,104,-65
113900188,40,164,-124
113900189,260,121,139
113900190,182,91,91
113900191,129,129,0
113900192,6,643,-637
113900193,22,91,-69
113900194,990,678,312
113900195,236,256,-20
113900196,2,169,-167
113900197,1,69,-68
113900198,35,225,-190
113900199,114,492,-378
113900200,21,176,-155
113900201,1,66,-65
113900202,31,214,-183
113900203,0,49,-49
113900204,38,295,-257
113900205,4,130,-126
113900206,3,91,-88
113900207,0,30,-30
113900208,0,28,-28
113900209,0,45,-45
113900210,381,627,-246
113900211,259,62,197
113900212,200,290,-90
113900214,317,281,36
113900215,45,85,-40
113900216,324,502,-178
113900217,126,132,-6
113900218,167,86,81
113900219,131,357,-226
113900220,130,153,-23
113900221,341,270,71
113900222,216,534,-318
113900223,131,369,-238
113900224,56,49,7
113900225,479,168,311
113900226,416,132,284
113900227,346,190,156
113900228,301,652,-351
113900229,49,922,-873
113900230,2415,3267,-852
113900231,204,153,51
113900232,131,69,62
113900233,129,60,69
113900234,401,372,29
113900235,162,35,127
113900236,259,208,51
113900237,232,23,209
113900238,236,612,-376
113900239,62,119,-57
113900240,7,208,-201
113900241,137,52,85
113900242,21,128,-107
113900243,68,310,-242
113900244,171,157,14
113900245,713,259,454
113900246,5,25,-20
113900247,135,491,-356
113900248,1617,1879,-262
113900249,705,527,178
113900250,36,227,-191
113900251,772,76,696
113900252,520,24,496
113900253,604,65,539
113900254,841,155,686
113900255,584,23,561
113900256,337,15,322
113900257,20,239,-219
113900258,45,267,-222
113900259,622,105,517
113900260,231,16,215
113900261,46,84,-38
113900262,116,314,-198
113900263,130,444,-314
113900264,1,199,-198
113900265,135,225,-90
113900266,42,106,-64
113900267,78,429,-351
113900268,361,383,-22
113900269,46,106,-60
113900270,210,549,-339
113900271,579,591,-12
113900273,72,13,59
113900274,169,43,126
113900275,31,61,-30
113900276,1,65,-64
113900277,190,2,188
113900278,219,170,49
113900279,80,68,12
113900280,1359,448,911
113900281,525,1386,-861
113900282,535,669,-134
113900283,432,512,-80
113900284,865,177,688
113900285,241,30,211
113900286,56,76,-20
113900287,73,44,29
113900288,4,91,-87
113900289,445,111,334
113900290,132,281,-149
113900291,92,122,-30
113900292,20,3,17
113900293,3,157,-154
113900294,483,40,443
113900295,366,289,77
113900296,1749,394,1355
113900297,2382,43,2339
113900298,14,983,-969
113900299,135,74,61
113900300,3208,3598,-390
113900301,506,404,102
113900302,1639,901,738
113900303,340,606,-266
113900304,0,70,-70
113900305,134,0,134
113900306,76,0,76
113900307,19,1,18
113900308,64,99,-35
113900309,2,379,-377
113900310,0,6,-6
113900311,13,1,12
113900312,210,260,-50
113900313,13,6,7
114000001,901,1803,-902
114000002,302,234,68
114000003,62,182,-120
114000004,391,268,123
114000005,319,199,120
114000006,1580,1238,342
114000007,642,983,-341
114000008,1308,1776,-468
114000009,955,220,735
114000011,2728,1664,1064
114000012,2616,1213,1403
114000013,1787,1052,735
114000014,391,190,201
114000015,1994,227,1767
114000016,230,154,76
114000017,112,401,-289
114000018,146,20,126
114000026,2321,811,1510
114000027,3940,1613,2327
114000028,2330,2494,-164
114000038,321,93,228
114000039,56,26,30
114000040,159,190,-31
114000042,183,137,46
114000043,60,36,24
114000044,322,24,298
114000045,35,36,-1
114000046,2307,3274,-967
114000047,3,60,-57
114000048,64,48,16
114000049,1661,1206,455
114000050,1760,1283,477
114000051,2964,1648,1316
114000052,3775,1663,2112
114000053,91,548,-457
114000054,192,641,-449
114000055,229,36,193
114000056,330,997,-667
114000057,3507,1876,1631
114000058,191,1377,-1186
114000059,115,408,-293
114000060,456,679,-223
114000061,1937,2789,-852
114000062,1056,1568,-512
114000063,1298,1124,174
114000064,2479,3176,-697
114000065,1145,1715,-570
114000066,313,427,-114
114000067,28,738,-710
114000068,427,661,-234
114000069,1110,484,626
114000070,2215,1610,605
114000071,765,350,415
114000072,551,132,419
114000073,16,36,-20
114000074,53,23,30
114000075,47,37,10
114000076,27,45,-18
114000077,5,10,-5
114000078,293,291,2
114000079,165,23,142
114000080,51,71,-20
114000081,65,72,-7
114000082,36,267,-231
114000083,54,131,-77
114000084,343,89,254
114000085,91,292,-201
114000086,217,171,46
114000087,179,80,99
114000088,36,21,15
114000089,417,268,149
114000090,921,885,36
114000091,1367,757,610
114000092,901,357,544
114000093,1307,597,710
114000094,296,303,-7
114000095,280,132,148
114000096,116,233,-117
114000097,118,298,-180
114000098,597,90,507
114000099,809,245,564
114000100,1685,495,1190
114000101,516,299,217
114000102,548,211,337
114000103,120,202,-82
114000104,34,137,-103
114000105,218,85,133
114000106,565,1515,-950
114000107,433,112,321
114000108,756,741,15
114000109,633,1250,-617
114000110,514,759,-245
114000111,1960,891,1069
114000112,456,1048,-592
114000113,1152,586,566
114000114,1052,716,336
114000115,1906,1178,728
114000116,1045,785,260
114000117,3517,470,3047
114000118,2980,515,2465
114000119,2053,498,1555
114000120,562,484,78
114000121,381,630,-249
114000122,378,273,105
114000123,2149,294,1855
114000124,1065,220,845
114000125,728,770,-42
114000126,1672,212,1460
114000127,330,143,187
114000128,806,268,538
114000130,371,442,-71
114000131,290,87,203
114000132,626,303,323
114000133,774,844,-70
114000134,78,49,29
114000138,41,148,-107
114000139,522,256,266
114000144,834,504,330
114000145,57,65,-8
114000146,112,112,0
114000147,1367,2146,-779
114000148,1296,1620,-324
114000149,356,294,62
114000150,306,480,-174
114000151,529,1528,-999
114000152,108,44,64
114000153,589,1662,-1073
114000154,653,450,203
114000155,1382,2269,-887
114000156,788,527,261
114000157,212,857,-645
114000158,926,678,248
114000159,96,292,-196
114000160,83,380,-297
114000161,1105,3052,-1947
114000162,1086,2626,-1540
114000163,26,47,-21
114000165,705,295,410
114000166,776,385,391
114000167,1904,1182,722
114000168,447,484,-37
114000169,1181,1411,-230
114000170,761,843,-82
114000171,1504,2577,-1073
114000174,164,342,-178
114000176,385,362,23
114000177,1118,536,582
114000178,57,50,7
114000179,1029,572,457
114000180,291,475,-184
114000181,1727,3921,-2194
114000182,1674,1883,-209
114000183,549,587,-38
114000184,360,629,-269
114000185,1328,675,653
114000189,1334,177,1157
114000190,3197,447,2750
114000191,60,131,-71
114000192,147,757,-610
114000193,354,1221,-867
114000194,1147,580,567
114000195,193,42,151
114000196,6,101,-95
114000197,1595,23,1572
114000198,687,335,352
114000199,1619,1605,14
114000200,485,1008,-523
114000201,123,482,-359
114000202,992,416,576
114000203,379,365,14
114000204,137,353,-216
114000205,237,973,-736
114000206,628,1055,-427
114000207,426,1044,-618
114000208,335,1321,-986
114000209,411,1149,-738
114000210,226,657,-431
114000211,1182,971,211
114000212,964,761,203
114000213,1434,392,1042
114000214,77,157,-80
114000215,194,52,142
114000216,1296,274,1022
114000217,395,154,241
114000218,169,151,18
114000219,1176,145,1031
114000220,22,442,-420
114000221,934,157,777
114000222,117,534,-417
114000223,518,138,380
114000224,62,446,-384
114000225,232,393,-161
114000226,200,217,-17
114000227,747,438,309
114000228,844,468,376
114000229,1251,917,334
114000230,1555,717,838
114000231,912,975,-63
114000232,692,143,549
114000233,2146,138,2008
114000234,1095,614,481
114000235,1043,859,184
114000236,0,262,-262
114000237,100,573,-473
114000238,104,172,-68
114000239,126,654,-528
114000240,826,694,132
114000241,250,567,-317
114000242,612,561,51
114000243,1409,723,686
114000244,449,260,189
114000245,392,492,-100
114000246,93,43,50
114000247,512,445,67
114000248,1376,416,960
114000249,578,310,268
114000250,617,479,138
114000251,508,181,327
114000252,45,26,19
114000253,52,87,-35
114000254,60,29,31
114000255,444,168,276
114000256,633,2103,-1470
114000257,305,721,-416
114000258,368,242,126
114000259,80,145,-65
114000260,1,29,-28
114000261,62,36,26
114000262,240,79,161
114000263,3,3,0
114000264,1415,271,1144
114000265,0,0,0
114000267,4,1229,-1225
114000268,1,786,-785
114000270,195,0,195
114000271,297,48,249
114000283,1403,327,1076
114000285,21,87,-66
114000288,98,196,-98
114000289,1482,88,1394
114000293,217,421,-204
114000294,201,240,-39
114000395,1137,40,1097
114000396,646,575,71
114000402,646,225,421
114000403,362,199,163
114000405,214,186,28
114000423,335,239,96
114000424,563,170,393
114000425,932,223,709
114000426,270,778,-508
114000427,60,55,5
114000428,126,139,-13
114000429,8,114,-106
114000432,135,41,94
114000434,28,56,-28
114000435,9,73,-64
114000436,1378,529,849
114000437,477,4225,-3748
114900001,619,466,153
114900002,503,180,323
114900003,788,720,68
114900004,224,408,-184
114900005,580,455,125
114900006,91,80,11
114900007,298,25,273
114900008,199,86,113
114900010,1026,1523,-497
114900011,276,127,149
114900013,241,152,89
114900015,92,543,-451
114900018,1168,23,1145
114900020,170,65,105
114900022,47,488,-441
114900024,288,156,132
114900025,544,141,403
114900026,72,135,-63
114900027,255,156,99
114900029,20,25,-5
114900030,355,156,199
114900031,472,25,447
114900032,432,22,410
114900033,584,1138,-554
114900034,23,88,-65
114900035,109,253,-144
114900036,150,340,-190
114900037,166,99,67
114900038,177,313,-136
114900039,475,208,267
114900040,68,62,6
114900041,845,184,661
114900042,988,310,678
114900043,385,179,206
114900044,182,47,135
114900046,29,83,-54
114900047,214,2199,-1985
114900048,114,213,-99
114900049,3,103,-100
114900050,65,165,-100
114900051,33,233,-200
114900052,102,282,-180
114900053,118,205,-87
114900054,32,77,-45
114900057,186,14,172
114900058,0,69,-69
114900059,142,59,83
114900060,485,748,-263
114900061,102,65,37
114900062,179,224,-45
114900063,57,81,-24
114900064,1793,233,1560
114900065,460,522,-62
114900067,61,342,-281
114900068,81,110,-29
114900069,157,87,70
114900070,558,208,350
114900072,12,240,-228
114900073,3,127,-124
114900074,824,271,553
114900075,457,17,440
114900076,13,307,-294
114900080,992,256,736
114900082,2204,2302,-98
114900083,873,1003,-130
114900090,448,207,241
114900091,109,140,-31
114900095,189,68,121
114900096,311,472,-161
114900097,148,3,145
114900098,7,120,-113
114900099,218,8,210
115000001,3610,1925,1685
115000002,3803,4301,-498
115000003,3706,1725,1981
115000004,4589,5396,-807
115000005,1343,1438,-95
115000006,1131,1143,-12
115000007,117,139,-22
115000008,411,494,-83
115000009,198,180,18
115000010,254,167,87
115000013,43,162,-119
115000015,41,218,-177
115000016,147,366,-219
115000019,37,420,-383
115000020,99,994,-895
115000021,197,407,-210
115000022,546,341,205
115000023,307,692,-385
115000024,894,424,470
115000025,867,885,-18
115000026,192,314,-122
115000027,321,371,-50
115000028,261,628,-367
115000029,713,143,570
115000030,993,977,16
115000031,1412,397,1015
115000032,8,250,-242
115000033,138,38,100
115000034,61,1039,-978
115000035,1161,98,1063
115000036,2,500,-498
115000037,675,25,650
115000038,32,117,-85
115000039,2264,2838,-574
115000040,3196,2158,1038
115000041,1341,3710,-2369
115000042,655,507,148
115000043,3696,2271,1425
115000044,3351,2492,859
115000045,2204,934,1270
115000046,2471,2069,402
115000047,2342,1125,1217
115000048,1579,1494,85
115000049,1455,2282,-827
115000050,3182,1478,1704
115000051,1363,2771,-1408
115000052,1090,1381,-291
115000053,1717,1790,-73
115000054,471,722,-251
115000055,166,578,-412
115000056,135,586,-451
115000057,722,940,-218
115000058,541,294,247
115000059,293,201,92
115000061,108,161,-53
115000062,219,182,37
115000063,408,210,198
115000064,224,82,142
115000065,60,549,-489
115000067,161,13,148
115000069,89,233,-144
115000070,32,820,-788
115000071,93,11,82
115000072,10,63,-53
115000073,1467,88,1379
115000075,126,63,63
115000076,2338,1931,407
115000077,2216,1249,967
115000078,1349,882,467
115000079,1395,1140,255
115000080,2461,1370,1091
115000081,434,654,-220
115000082,4494,3313,1181
115000083,1915,1214,701
115000084,2544,897,1647
115000085,823,594,229
115000086,1171,606,565
115000087,354,1196,-842
115000088,1746,510,1236
115000089,1015,996,19
115000090,486,688,-202
115000091,220,627,-407
115000092,774,387,387
115000093,502,5,497
115000094,4887,5905,-1018
115000095,3307,5876,-2569
115000096,764,891,-127
115000097,1293,836,457
115000098,1313,518,795
115000099,2628,1692,936
115000100,1210,332,878
115000101,504,1017,-513
115000102,448,235,213
115000103,226,402,-176
115000105,84,80,4
115000106,667,287,380
115000107,205,242,-37
115000108,1993,1623,370
115000109,3402,4678,-1276
115000110,1212,1888,-676
115000111,583,1092,-509
115000112,895,1129,-234
115000113,757,835,-78
115000114,1437,629,808
115000116,3153,2212,941
115000117,2893,2727,166
115000118,1993,1621,372
115000119,1518,1901,-383
115000120,444,1462,-1018
115000121,898,773,125
115000122,1636,1856,-220
115000123,985,2567,-1582
115000124,657,931,-274
115000125,393,554,-161
115000126,133,290,-157
115000127,318,134,184
115000128,266,652,-386
115000129,250,412,-162
115000130,408,350,58
115000131,928,206,722
115000132,363,201,162
115000133,692,181,511
115000134,360,160,200
115000135,277,150,127
115000136,272,201,71
115000137,88,150,-62
115000138,463,230,233
115000139,219,154,65
115000140,439,158,281
115000141,228,143,85
115000142,186,151,35
115000143,927,537,390
115000144,498,62,436
115000145,276,162,114
115000146,481,350,131
115000147,294,321,-27
115000148,273,494,-221
115000149,695,230,465
115000150,610,393,217
115000151,1292,432,860
115000152,598,445,153
115000153,1164,413,751
115000154,846,167,679
115000155,663,583,80
115000156,959,657,302
115000157,521,678,-157
115000158,481,462,19
115000159,575,652,-77
115000160,436,641,-205
115000161,521,361,160
115000162,572,769,-197
115000163,452,536,-84
115000164,588,538,50
115000165,355,453,-98
115000167,136,62,74
115000168,451,260,191
115000169,443,336,107
115000170,105,132,-27
115000171,175,199,-24
115000172,674,547,127
115000173,356,736,-380
115000174,128,312,-184
115000175,144,147,-3
115000176,126,128,-2
115000177,156,177,-21
115000178,12,141,-129
115000179,46,76,-30
115000180,147,344,-197
115000181,750,131,619
115000182,901,213,688
115000183,510,455,55
115000186,605,233,372
115000187,248,515,-267
115000188,390,452,-62
115000189,221,476,-255
115000190,668,508,160
115000191,168,541,-373
115000194,128,141,-13
115000195,245,249,-4
115000196,230,121,109
115000197,196,152,44
115000198,392,108,284
115000199,410,106,304
115000200,377,86,291
115000201,106,243,-137
115000206,494,54,440
115000207,220,208,12
115000208,271,450,-179
115000209,587,313,274
115000210,209,94,115
115000211,212,217,-5
115000212,1047,364,683
115000224,415,58,357
115000225,55,64,-9
115000229,115,128,-13
115000230,101,285,-184
115000231,242,838,-596
115000232,1978,272,1706
115000233,111,126,-15
115000234,21,250,-229
115000241,114,183,-69
115000242,101,148,-47
115000243,59,137,-78
115000244,12,82,-70
115000246,34,22,12
115000247,33,21,12
115000248,34,13,21
115000249,31,26,5
115000250,277,26,251
115000251,236,79,157
115000252,134,149,-15
115000253,22,387,-365
115000258,345,105,240
115000259,271,107,164
115000261,19,16,3
115000262,16,22,-6
115000263,18,26,-8
115000264,47,22,25
115000267,90,55,35
115000268,48,97,-49
115000269,158,77,81
115000270,5,23,-18
115000272,71,98,-27
115000273,457,35,422
115000280,1752,405,1347
115000281,303,910,-607
115000282,949,1254,-305
115000284,199,139,60
115000296,927,16,911
115000297,159,238,-79
115000298,72,562,-490
115000300,222,179,43
115000302,554,85,469
115000303,808,66,742
115000304,962,49,913
115000305,122,409,-287
115000306,219,171,48
115000307,104,132,-28
115000308,19,19,0
115000309,9,64,-55
115000310,1229,494,735
115000311,1078,920,158
115000313,76,280,-204
115000314,526,135,391
115000315,418,459,-41
115000316,86,141,-55
115000317,191,305,-114
115000318,744,301,443
115000319,60,247,-187
115000320,19,406,-387
115000321,442,23,419
115000322,72,149,-77
115000449,197,165,32
115000557,0,1653,-1653
115000558,373,92,281
115000587,606,247,359
115000588,1523,1910,-387
115000589,3257,1862,1395
115000590,1094,1227,-133
115000591,1610,640,970
115000592,521,1668,-1147
115000593,1424,645,779
115000594,479,2341,-1862
115000609,144,136,8
115000617,843,3231,-2388
115000624,395,44,351
115000633,546,1673,-1127
115000634,2800,858,1942
115000635,637,114,523
115000638,338,416,-78
115000641,50,142,-92
115000642,285,242,43
115000643,147,284,-137
115000644,139,245,-106
115000646,821,1508,-687
115000647,181,407,-226
115000648,2155,1122,1033
115000893,1587,1279,308
115000894,121,700,-579
115000895,316,453,-137
115000896,949,253,696
115000897,469,106,363
115000898,469,279,190
115000899,223,935,-712
115000900,40,268,-228
115000901,42,96,-54
115000912,386,94,292
115000913,5,10,-5
115000915,13,0,13
115000916,9,1,8
115000917,0,9,-9
115000918,41,439,-398
115000919,5,27,-22
115000920,26,44,-18
115000921,367,71,296
115000922,444,752,-308
115000923,200,765,-565
115000925,126,94,32
115000927,31,65,-34
115000933,102,157,-55
115000934,225,212,13
115000935,159,78,81
115000936,51,793,-742
115000937,328,106,222
115000938,37,151,-114
115000939,21,82,-61
115900001,143,36,107
115900002,66,73,-7
115900003,213,55,158
115900004,0,27,-27
115900005,231,17,214
115900006,167,155,12
115900008,87,7,80
115900009,110,148,-38
115900010,379,105,274
115900011,501,292,209
115900012,248,30,218
115900013,279,168,111
115900014,121,135,-14
115900015,176,51,125
115900016,117,40,77
115900017,30,11,19
115900018,172,39,133
115900019,146,10,136
115900020,152,15,137
115900021,869,237,632
115900022,713,17,696
115900023,43,14,29
115900025,40,249,-209
115900026,674,174,500
115900027,0,149,-149
115900028,494,57,437
115900029,15,232,-217
115900030,38,30,8
115900031,198,343,-145
115900032,484,480,4
115900033,0,30,-30
115900034,29,197,-168
115900035,39,13,26
115900036,34,1100,-1066
115900037,46,174,-128
115900038,55,3,52
115900039,161,136,25
115900041,305,675,-370
115900042,43,6,37
115900043,106,42,64
115900044,210,252,-42
115900046,343,211,132
115900047,170,206,-36
115900049,217,120,97
115900051,2,16,-14
115900052,12,130,-118
115900053,253,110,143
115900054,341,29,312
115900055,13,76,-63
115900056,275,123,152
115900057,36,6,30
115900058,25,62,-37
115900060,153,133,20
115900061,393,2,391
115900062,79,158,-79
115900063,79,10,69
115900064,129,164,-35
115900065,143,67,76
115900066,100,63,37
115900067,8,241,-233
115900068,1812,1088,724
115900069,36,164,-128
115900070,164,77,87
115900071,0,173,-173
115900072,44,125,-81
115900073,86,131,-45
115900074,8,166,-158
115900075,22,157,-135
115900076,9,25,-16
115900077,10,143,-133
115900078,22,78,-56
115900079,266,16,250
115900080,240,126,114
115900081,34,59,-25
115900082,97,79,18
115900084,758,21,737
115900085,24,68,-44
115900086,976,471,505
115900088,24,51,-27
115900089,422,477,-55
115900090,457,6,451
115900091,7,27,-20
115900092,33,64,-31
115900093,13,6,7
115900094,5,156,-151
115900096,8,6,2
115900097,20,168,-148
115900098,223,203,20
115900099,76,47,29
115900100,16,251,-235
115900101,155,153,2
115900102,79,52,27
115900103,286,140,146
115900104,89,82,7
115900105,391,327,64
115900106,93,16,77
115900107,89,78,11
115900108,157,34,123
115900109,39,209,-170
115900110,3,18,-15
115900111,0,54,-54
115900112,39,502,-463
115900113,107,42,65
115900114,1,102,-101
115900115,111,186,-75
115900116,89,489,-400
115900117,101,17,84
115900118,2,171,-169
115900119,164,102,62
115900120,33,172,-139
115900121,221,120,101
115900124,282,717,-435
115900125,337,51,286
115900126,789,59,730
115900127,665,42,623
115900128,3,43,-40
115900129,801,56,745
115900130,13,213,-200
115900131,342,29,313
115900132,701,11,690
115900134,322,6,316
115900135,308,1247,-939
115900137,46,5,41
115900139,34,86,-52
115900140,336,35,301
115900141,8,29,-21
115900142,21,33,-12
115900143,256,504,-248
115900144,111,231,-120
115900146,12,37,-25
115900147,221,236,-15
115900148,60,9,51
115900149,177,6,171
115900150,106,27,79
115900151,18,98,-80
115900152,143,190,-47
115900153,138,186,-48
115900154,330,273,57
115900155,0,20,-20
115900156,650,774,-124
115900157,220,457,-237
115900158,18,15,3
115900159,197,174,23
115900160,3,10,-7
115900161,165,174,-9
115900163,230,118,112
115900164,617,12,605
115900165,2,112,-110
115900166,231,113,118
115900168,169,92,77
115900171,134,293,-159
115900172,54,83,-29
115900173,223,97,126
115900174,227,192,35
115900175,169,178,-9
115900178,7,277,-270
115900179,296,12,284
115900180,25,82,-57
115900181,176,123,53
115900182,500,120,380
115900183,40,54,-14
115900184,801,13,788
115900187,16,140,-124
115900189,0,287,-287
115900190,257,1298,-1041
115900191,23,201,-178
115900192,5,75,-70
115900193,146,107,39
115900194,720,64,656
115900195,469,2233,-1764
115900198,204,228,-24
115900199,170,114,56
115900200,177,186,-9
115900201,393,432,-39
115900202,3,122,-119
115900203,6,29,-23
115900204,1,8,-7
115900205,54,12,42
115900206,273,88,185
115900207,51,19,32
115900208,79,54,25
115900209,8,75,-67
115900210,3,104,-101
115900211,1,131,-130
115900212,193,147,46
115900213,71,123,-52
115900214,553,141,412
115900215,44,218,-174
115900216,4,120,-116
115900217,12,47,-35
115900218,3,50,-47
115900219,115,5,110
115900220,274,14,260
115900221,119,12,107
115900222,90,46,44
115900223,4,494,-490
115900224,570,1347,-777
115900225,53,74,-21
115900226,24,44,-20
115900227,16,60,-44
115900228,10,64,-54
115900229,3,33,-30
115900230,40,62,-22
115900231,130,4,126
115900232,98,0,98
115900233,85,15,70
115900234,49,38,11
115900235,24,38,-14
115900236,57,45,12
115900237,42,18,24
115900238,58,20,38
115900239,28,32,-4
115900240,18,34,-16
115900241,276,81,195
115900242,184,285,-101
115900243,9,4,5
115900244,12,9,3
115900245,44,17,27
115900246,11,12,-1
115900247,22,9,13
115900248,16,7,9
115900249,16,14,2
115900250,17,29,-12
115900251,1,12,-11
115900252,5,2,3
115900253,3,31,-28
115900254,7,25,-18
115900255,1,11,-10
115900256,5,17,-12
115900257,10,6,4
115900258,0,0,0
115900259,2,1,1
115900260,5,0,5
115900261,5,2,3
115900262,4,0,4
115900263,21,1,20
115900264,32,1,31
115900265,2,15,-13
115900266,3,20,-17
115900267,8,17,-9
115900268,11,23,-12
115900269,702,237,465
115900270,368,162,206
115900271,168,0,168
115900272,60,1,59
115900273,11,26,-15
115900274,0,1,-1
115900275,0,12,-12
115900276,0,12,-12
115900277,0,19,-19
115900278,38,82,-44
115900279,26,195,-169
115900280,20,452,-432
115900281,239,254,-15
115900282,3,15,-12
115900283,0,1,-1
115900284,2,0,2
116000001,5350,2937,2413
116000002,4398,12719,-8321
116000003,1087,1032,55
116000004,2788,4221,-1433
116000005,1329,2460,-1131
116000006,2340,2624,-284
116000007,2204,2440,-236
116000008,4292,2491,1801
116000009,1039,1334,-295
116000010,2371,1554,817
116000011,566,1385,-819
116000012,1665,1126,539
116000013,5025,3093,1932
116000014,7086,12583,-5497
116000015,216,1511,-1295
116000016,4487,4290,197
116000017,39,790,-751
116000018,703,329,374
116000019,870,331,539
116000020,674,843,-169
116000021,637,328,309
116000022,354,284,70
116000023,1272,810,462
116000024,656,703,-47
116000025,820,804,16
116000026,1632,2286,-654
116000027,806,681,125
116000028,533,1362,-829
116000029,559,791,-232
116000030,807,683,124
116000031,204,338,-134
116000032,399,192,207
116000033,433,451,-18
116000034,929,753,176
116000035,372,760,-388
116000036,1208,1605,-397
116000037,458,456,2
116000038,263,561,-298
116000039,455,580,-125
116000040,668,555,113
116000041,151,520,-369
116000042,550,344,206
116000043,108,660,-552
116000044,6,58,-52
116000045,2081,1831,250
116000046,1062,1745,-683
116000047,1607,2461,-854
116000048,2088,1923,165
116000049,1475,3263,-1788
116000050,1668,1312,356
116000051,6579,2795,3784
116000052,6230,4871,1359
116000053,2238,796,1442
116000054,1005,2437,-1432
116000055,907,875,32
116000056,1016,1145,-129
116000057,3013,1272,1741
116000058,2881,2339,542
116000059,2609,4605,-1996
116000060,1582,865,717
116000061,561,1048,-487
116000062,404,173,231
116000063,502,1180,-678
116000066,236,728,-492
116000067,156,301,-145
116000068,226,261,-35
116000069,250,245,5
116000078,491,1056,-565
116000080,1709,658,1051
116000082,7,25,-18
116000083,1844,362,1482
116000084,1688,2390,-702
116000085,2059,1865,194
116000086,1103,593,510
116000087,2279,1547,732
116000088,758,768,-10
116000089,162,62,100
116000090,99,151,-52
116000091,266,330,-64
116000093,730,612,118
116000094,688,437,251
116000095,903,501,402
116000096,734,1299,-565
116000097,961,455,506
116000098,53,6212,-6159
116000099,4095,217,3878
116000100,277,22,255
116000101,960,481,479
116000102,210,687,-477
116000103,518,270,248
116000104,226,759,-533
116000105,1359,147,1212
116000106,413,559,-146
116000107,2509,244,2265
116000108,287,160,127
116000111,112,39,73
116000113,143,120,23
116000114,35,132,-97
116000115,359,110,249
116000116,271,294,-23
116000117,1486,1502,-16
116000118,1528,929,599
116000119,3657,1731,1926
116000120,2659,2585,74
116000121,1013,484,529
116000122,999,887,112
116000123,1239,385,854
116000124,364,700,-336
116000125,3135,784,2351
116000126,283,911,-628
116000127,898,826,72
116000128,2027,945,1082
116000129,1539,224,1315
116000130,702,574,128
116000133,1359,615,744
116000134,1570,1183,387
116000135,2954,1287,1667
116000136,784,1262,-478
116000137,1279,633,646
116000138,862,569,293
116000139,1467,2289,-822
116000140,143,129,14
116000141,340,418,-78
116000142,2590,1719,871
116000143,1675,1764,-89
116000144,1236,1342,-106
116000145,1851,925,926
116000146,727,95,632
116000147,187,78,109
116000148,595,516,79
116000149,748,730,18
116000151,459,309,150
116000153,90,286,-196
116000155,151,253,-102
116000156,513,837,-324
116000157,65,14,51
116000158,374,420,-46
116000159,28,20,8
116000160,12,48,-36
116000161,2,72,-70
116000162,78,119,-41
116000163,22,22,0
116000164,9,16,-7
116000177,187,77,110
116000194,103,342,-239
116000195,1207,490,717
116000196,22,10,12
116000197,17,15,2
116000198,2302,1167,1135
116000200,615,588,27
116000201,665,661,4
116000202,12,153,-141
116000203,1,82,-81
116000204,23,55,-32
116000205,0,101,-101
116000206,6,140,-134
116000207,22,49,-27
116000233,184,299,-115
116000287,202,254,-52
116000288,349,183,166
116000292,98,94,4
116000296,10,155,-145
116000297,141,5,136
116000304,193,20,173
116000305,10,43,-33
116000346,248,86,162
116000352,121,56,65
116000354,44,11,33
116000357,8,23,-15
116000358,412,60,352
116000361,46,0,46
116000372,2845,4688,-1843
116000381,98,0,98
116000388,0,42,-42
116000389,962,498,464
116000445,584,280,304
116000446,681,311,370
116000447,9,546,-537
116000448,523,126,397
116000563,704,999,-295
116000565,64,260,-196
116000566,1,8,-7
116000568,61,333,-272
116000579,28,119,-91
116000584,25,3,22
116000585,35,20,15
116000586,66,71,-5
116000587,559,757,-198
116000589,29,36,-7
116000590,98,51,47
116000591,306,142,164
116000592,13,62,-49
116000593,0,12,-12
116000594,753,203,550
116000595,688,72,616
116000596,103,5,98
116000597,400,152,248
116000598,12,96,-84
116000602,20,516,-496
116000605,164,107,57
116000606,58,303,-245
116000607,6,36,-30
116000609,149,917,-768
116000611,209,289,-80
116000612,878,1777,-899
116000613,752,304,448
116000614,372,339,33
116000615,1,415,-414
116000616,64,71,-7
116000617,122,16,106
116000618,7,41,-34
116000619,48,78,-30
116000620,190,105,85
116000621,62,123,-61
116000622,63,148,-85
116000624,236,113,123
116000627,62,7,55
116000628,116,138,-22
116000629,25,137,-112
116000630,524,18,506
116000631,167,21,146
116000632,633,152,481
116000633,90,148,-58
116000634,654,33,621
116000635,1833,2494,-661
116000636,346,1033,-687
116000637,356,13,343
116000638,25,166,-141
116900001,233,142,91
116900002,244,2,242
116900003,35,23,12
116900004,58,90,-32
116900005,333,50,283
116900006,88,448,-360
116900007,104,181,-77
116900008,452,141,311
116900009,15,6,9
116900010,5,612,-607
116900011,12,21,-9
116900012,179,191,-12
116900013,2,106,-104
116900014,181,127,54
116900015,579,64,515
116900016,218,2,216
116900017,3,293,-290
116900018,103,38,65
116900019,4,227,-223
116900020,637,1374,-737
116900023,91,15,76
116900024,596,40,556
116900025,1362,607,755
116900026,105,401,-296
116900027,48,33,15
116900028,4,80,-76
116900029,0,76,-76
116900031,0,2,-2
116900032,4,220,-216
116900033,35,9,26
116900034,6,63,-57
116900035,167,124,43
116900036,3,114,-111
116900038,11,1,10
116900041,74,19,55
116900042,352,238,114
116900043,50,62,-12
116900047,28,188,-160
116900049,48,227,-179
116900050,137,328,-191
116900051,217,86,131
116900052,120,46,74
116900055,0,7,-7
116900057,12,123,-111
116900058,20,267,-247
116900059,9,84,-75
116900060,167,144,23
116900062,0,5,-5
116900064,101,305,-204
116900065,39,83,-44
116900067,109,66,43
116900068,134,159,-25
116900070,0,3,-3
116900072,22,232,-210
116900073,19,65,-46
116900074,5,50,-45
116900076,18,19,-1
116900077,10,89,-79
116900078,159,71,88
116900079,40,139,-99
116900080,7,22,-15
116900081,390,840,-450
116900082,389,800,-411
116900083,42,24,18
116900084,89,55,34
116900085,29,104,-75
116900086,29,127,-98
116900088,295,80,215
116900090,90,24,66
116900091,446,24,422
116900092,98,533,-435
116900093,1764,1474,290
116900094,2762,4375,-1613
116900095,177,63,114
116900096,91,390,-299
116900097,1904,3389,-1485
116900098,756,399,357
116900099,503,760,-257
116900100,1040,60,980
116900101,298,330,-32
116900103,6,1,5
116900104,64,72,-8
116900105,324,171,153
116900106,2440,188,2252
116900107,2118,2606,-488
116900110,16,2,14
116900111,607,331,276
116900112,267,532,-265
116900113,1060,1618,-558
116900116,72,635,-563
116900117,151,96,55
116900118,622,838,-216
116900120,492,59,433
116900121,118,11,107
116900122,957,342,615
116900123,247,417,-170
116900124,163,803,-640
116900125,461,116,345
116900126,89,567,-478
116900128,0,38,-38
116900129,0,226,-226
116900130,427,4154,-3727
116900131,85,334,-249
116900132,57,87,-30
116900133,210,95,115
116900134,267,191,76
116900136,278,199,79
116900137,277,148,129
116900138,177,107,70
116900139,121,364,-243
116900140,181,150,31
116900141,685,421,264
116900142,4,71,-67
116900143,373,230,143
116900144,26,79,-53
116900145,85,155,-70
116900147,323,736,-413
116900148,6,41,-35
116900149,76,294,-218
116900150,15,14,1
116900151,52,11,41
116900153,171,75,96
116900154,355,600,-245
116900155,49,82,-33
116900157,780,133,647
116900158,103,366,-263
116900159,57,269,-212
116900160,828,848,-20
116900161,4151,7382,-3231
116900162,14,60,-46
116900163,226,74,152
116900164,73,71,2
116900165,351,272,79
116900166,74,35,39
116900167,496,54,442
116900168,405,69,336
116900169,342,768,-426
116900170,415,598,-183
116900171,73,127,-54
116900172,176,407,-231
116900173,216,32,184
116900174,62,86,-24
116900175,231,293,-62
116900178,38,73,-35
116900179,79,332,-253
116900180,107,34,73
116900182,572,184,388
116900183,159,94,65
116900185,25,76,-51
116900186,121,125,-4
116900187,58,44,14
116900188,148,25,123
116900189,99,0,99
116900191,418,564,-146
116900192,309,86,223
116900194,184,1644,-1460
116900195,54,36,18
116900196,22,55,-33
116900197,125,7,118
116900198,119,309,-190
116900200,88,12,76
116900201,197,4,193
116900202,100,28,72
116900203,187,10,177
116900204,65,107,-42
116900206,18,6,12
116900207,38,26,12
116900208,2,70,-68
116900209,25,61,-36
116900210,542,309,233
116900211,190,0,190
116900212,91,48,43
116900213,231,102,129
116900214,236,153,83
116900215,49,46,3
116900216,233,128,105
116900218,10,130,-120
116900219,1119,363,756
116900220,144,224,-80
116900221,93,277,-184
116900222,488,385,103
116900223,134,312,-178
116900226,117,24,93
116900227,248,56,192
116900228,393,133,260
116900230,73,136,-63
116900231,38,262,-224
116900232,12,242,-230
116900233,374,117,257
116900234,35,15,20
116900235,145,198,-53
116900238,1194,274,920
116900239,5,1412,-1407
116900240,3729,3131,598
116900241,124,77,47
116900242,190,832,-642
116900243,1,38,-37
116900245,41,40,1
116900246,131,24,107
116900247,997,30,967
116900248,102,36,66
116900249,456,67,389
116900250,326,34,292
116900251,336,645,-309
116900252,161,449,-288
116900253,134,49,85
116900254,40,58,-18
116900255,154,88,66
116900256,390,83,307
116900257,20,259,-239
116900258,4,119,-115
116900259,257,7,250
116900260,4,43,-39
116900261,97,4,93
116900262,148,115,33
116900263,0,15,-15
116900264,6,10,-4
116900265,69,3,66
116900266,25,19,6
116900267,11,1,10
116900268,341,154,187
116900269,388,565,-177
116900271,611,358,253
116900272,257,227,30
116900273,92,113,-21
116900274,157,38,119
116900275,200,72,128
116900276,458,180,278
116900277,325,26,299
116900278,1,14,-13
116900279,2,11,-9
116900280,32,6,26
116900281,3332,5219,-1887
116900282,11,52,-41
116900283,11,54,-43
116900284,13,124,-111
116900285,147,218,-71
116900286,149,19,130
116900287,8,25,-17
116900288,104,88,16
116900289,15,5,10
116900290,9,16,-7
116900291,50,12,38
116900292,0,16,-16
116900293,78,21,57
116900294,49,113,-64
116900295,111,66,45
116900296,49,54,-5
116900297,14,74,-60
116900298,87,59,28
116900299,17,66,-49
116900300,4,116,-112
116900301,55,121,-66
116900302,13,72,-59
116900303,75,89,-14
116900304,0,193,-193
116900305,8,37,-29
116900306,210,28,182
117000001,2317,1683,634
117000002,1669,3253,-1584
117000003,6412,3138,3274
117000004,2521,3971,-1450
117000005,2583,1754,829
117000006,1234,2145,-911
117000007,4312,1155,3157
117000008,855,2421,-1566
117000009,4643,1887,2756
117000010,2045,2589,-544
117000011,2224,1378,846
117000012,1237,805,432
117000013,1722,661,1061
117000014,1144,1766,-622
117000015,2123,1272,851
117000016,265,119,146
117000017,119,127,-8
117000018,125,754,-629
117000019,64,0,64
117000020,373,1945,-1572
117000021,863,367,496
117000022,290,195,95
117000023,122,187,-65
117000024,144,281,-137
117000025,267,1022,-755
117000026,1776,1536,240
117000027,1037,4494,-3457
117000028,1357,2152,-795
117000030,322,391,-69
117000031,340,297,43
117000032,1354,1150,204
117000033,1163,645,518
117000034,578,261,317
117000035,497,344,153
117000036,371,269,102
117000037,444,201,243
117000038,112,514,-402
117000039,394,222,172
117000040,242,706,-464
117000041,1295,145,1150
117000044,18,470,-452
117000045,483,120,363
117000046,335,898,-563
117000047,1171,655,516
117000048,1457,682,775
117000049,123,482,-359
117000050,134,1098,-964
117000051,2534,85,2449
117000052,81,175,-94
117000053,662,24,638
117000054,1751,14,1737
117000055,12,1794,-1782
117000056,644,44,600
117000057,410,1742,-1332
117000060,530,951,-421
117000061,2184,1003,1181
117000062,270,492,-222
117000063,2125,1069,1056
117000064,447,476,-29
117000066,747,878,-131
117000067,85,684,-599
117000074,95,199,-104
117000076,50,33,17
117000077,139,198,-59
117000078,94,547,-453
117000079,402,185,217
117000080,5,236,-231
117000081,1038,110,928
117000082,14,68,-54
117000083,134,1,133
117000084,162,2,160
117000085,345,817,-472
117000086,789,290,499
117000087,101,432,-331
117000088,263,150,113
117000089,1849,196,1653
117000090,354,825,-471
117000091,986,267,719
117000092,407,819,-412
117000093,1468,664,804
117000094,1233,1855,-622
117000095,4172,842,3330
117000096,683,1795,-1112
117000097,1979,880,1099
117000098,1982,2851,-869
117000099,4508,1167,3341
117000100,237,420,-183
117000101,151,783,-632
117000102,2183,706,1477
117000103,560,1110,-550
117000104,1812,609,1203
117000105,762,986,-224
117000106,1624,797,827
117000107,493,1297,-804
117000108,2299,952,1347
117000109,1057,1830,-773
117000110,1941,1365,576
117000111,3409,3512,-103
117000112,3624,1603,2021
117000113,96,165,-69
117000114,199,88,111
117000115,85,60,25
117000116,153,166,-13
117000117,1442,1172,270
117000118,258,110,148
117000119,173,178,-5
117000120,141,581,-440
117000121,67,1054,-987
117000122,258,782,-524
117000123,1536,40,1496
117000124,189,94,95
117000125,138,172,-34
117000126,34,10,24
117000127,138,307,-169
117000128,230,716,-486
117000129,176,595,-419
117000130,109,1,108
117000131,0,49,-49
117000132,2955,59,2896
117000133,2071,48,2023
117000134,0,57,-57
117000135,2,62,-60
117000136,1,20,-19
117000137,136,147,-11
117000138,4,669,-665
117000140,415,1039,-624
117000141,2268,546,1722
117000181,373,185,188
117000182,615,974,-359
117000195,144,527,-383
117000196,300,196,104
117000225,82,89,-7
117000226,4,81,-77
117000276,402,25,377
117000277,1,182,-181
117000310,1312,1981,-669
117000315,80,644,-564
117000320,54,0,54
117000906,397,22,375
117000907,12,205,-193
117000908,12,84,-72
117000909,33,44,-11
117000910,204,178,26
117000911,96,160,-64
117000915,4,320,-316
117000916,56,8,48
117000917,1508,39,1469
117000918,95,58,37
117000919,4,39,-35
117000920,1,717,-716
117000921,0,536,-536
117000922,17,43,-26
117000924,364,607,-243
117000926,474,115,359
117000927,602,1161,-559
117000928,0,82,-82
117000929,223,186,37
117000930,247,17,230
117000931,111,165,-54
117900002,84,469,-385
117900003,506,420,86
117900005,8,53,-45
117900006,2,79,-77
117900007,136,69,67
117900008,1,13,-12
117900010,284,52,232
117900011,18,135,-117
117900012,55,52,3
117900013,0,123,-123
117900014,464,62,402
117900015,17,52,-35
117900016,1057,968,89
117900017,551,163,388
117900018,129,184,-55
117900019,582,167,415
117900020,57,500,-443
117900021,30,46,-16
117900022,37,10,27
117900023,682,102,580
117900024,59,58,1
117900025,56,3,53
117900026,468,130,338
117900028,37,6,31
117900029,262,315,-53
117900030,545,221,324
117900031,115,102,13
117900032,1024,651,373
117900033,335,329,6
117900034,38,25,13
117900035,199,106,93
117900036,220,246,-26
117900037,251,87,164
117900038,33,154,-121
117900039,2,45,-43
117900040,133,205,-72
117900041,0,47,-47
117900042,3157,310,2847
117900043,22,39,-17
117900044,95,3062,-2967
117900045,172,122,50
117900048,363,147,216
117900049,244,341,-97
117900050,5,111,-106
117900051,32,1,31
117900052,66,449,-383
117900053,1808,478,1330
117900054,2,24,-22
117900055,388,197,191
117900056,55,62,-7
117900057,769,883,-114
117900058,34,18,16
117900059,187,106,81
117900060,2954,3142,-188
117900061,25,269,-244
117900063,402,165,237
117900065,531,883,-352
117900066,19,94,-75
117900067,588,138,450
117900069,763,204,559
117900070,155,60,95
117900071,91,104,-13
117900073,520,206,314
117900074,102,78,24
117900075,52,57,-5
117900076,28,34,-6
117900077,513,84,429
117900078,407,855,-448
117900080,99,27,72
117900081,403,387,16
117900082,489,407,82
117900083,432,304,128
117900086,135,21,114
117900087,184,37,147
117900088,2329,1650,679
117900089,2587,715,1872
117900090,339,266,73
117900091,90,109,-19
117900092,60,23,37
117900093,142,42,100
117900094,37,21,16
117900095,285,228,57
117900096,97,167,-70
117900097,479,81,398
117900098,44,12,32
117900099,162,155,7
117900100,410,2,408
117900101,461,2014,-1553
117900102,86,22,64
117900103,67,4,63
117900104,12,175,-163
117900105,70,174,-104
117900106,118,25,93
117900107,58,0,58
117900109,680,360,320
117900110,232,2,230
117900111,431,32,399
117900112,96,17,79
117900113,1522,1840,-318
117900114,23,0,23
117900115,117,92,25
117900116,806,748,58
117900117,625,222,403
117900118,102,1,101
117900119,218,82,136
117900120,303,30,273
117900121,229,124,105
117900122,1144,4526,-3382
117900123,559,289,270
117900124,608,496,112
117900125,1789,1761,28
117900126,233,467,-234
117900127,424,210,214
117900128,401,370,31
117900129,133,1,132
117900130,700,338,362
117900131,4,93,-89
117900132,18,68,-50
117900133,12,77,-65
117900134,78,234,-156
117900135,10,132,-122
117900136,0,26,-26
117900137,41,208,-167
117900138,0,19,-19
117900139,120,75,45
117900140,2406,417,1989
117900141,102,151,-49
117900142,49,37,12
117900144,65,369,-304
117900145,30,42,-12
117900146,113,177,-64
117900147,55,41,14
117900148,1967,1700,267
117900149,148,132,16
117900150,63,29,34
117900151,68,60,8
117900152,64,58,6
117900153,12,109,-97
117900154,424,402,22
117900156,834,754,80
117900157,62,509,-447
117900158,369,128,241
117900160,786,807,-21
117900161,1988,1522,466
117900162,467,375,92
117900163,41,172,-131
117900165,0,4,-4
117900166,133,524,-391
117900168,69,189,-120
117900169,2,78,-76
117900170,3,25,-22
117900171,3,11,-8
117900172,13,27,-14
117900173,152,95,57
117900174,19,50,-31
117900175,3,17,-14
117900176,10,19,-9
117900177,33,33,0
117900178,87,46,41
117900180,195,39,156
117900181,43,488,-445
117900182,4,34,-30
117900183,65,130,-65
117900184,36,45,-9
117900185,50,45,5
117900186,64,15,49
117900187,29,14,15
117900188,165,53,112
117900189,66,26,40
117900190,9,2,7
117900191,75,0,75
117900192,247,0,247
117900193,4,38,-34
117900194,17,7,10
117900195,40,50,-10
117900196,17,25,-8
117900207,142,108,34
117900208,45,25,20
117900209,146,133,13
117900210,128,201,-73
117900211,7,213,-206
117900212,113,116,-3
117900213,32,7,25
117900214,18,20,-2
117900215,26,46,-20
117900216,24,22,2
117900217,37,308,-271
117900218,60,119,-59
117900219,13,140,-127
117900220,68,115,-47
117900222,172,156,16
117900223,104,224,-120
118000001,711,1004,-293
118000002,424,1383,-959
118000003,1939,3341,-1402
118000004,1617,1724,-107
118000005,3022,5490,-2468
118000006,2777,7935,-5158
118000007,4910,4524,386
118000008,2672,3297,-625
118000009,1479,2685,-1206
118000010,6162,3558,2604
118000011,1456,1745,-289
118000012,939,1314,-375
118000013,1900,1746,154
118000014,1607,1476,131
118000016,237,207,30
118000017,458,387,71
118000018,398,311,87
118000019,1620,1498,122
118000020,951,3242,-2291
118000021,574,3158,-2584
118000022,1262,890,372
118000023,598,227,371
118000024,881,1335,-454
118000027,8215,12304,-4089
118000029,619,1023,-404
118000032,475,3772,-3297
118000033,2576,6290,-3714
118000034,3813,2420,1393
118000035,1879,3049,-1170
118000036,844,1231,-387
118000037,697,702,-5
118000038,190,64,126
118000039,88,184,-96
118000040,1574,1018,556
118000041,2490,1152,1338
118000045,389,165,224
118000046,958,798,160
118000047,711,951,-240
118000048,1953,1790,163
118000051,1420,2135,-715
118000052,951,1092,-141
118000053,317,591,-274
118000054,1360,929,431
118000055,1345,1438,-93
118000056,223,457,-234
118000057,265,405,-140
118000058,3355,2080,1275
118000059,1760,1406,354
118000060,1365,439,926
118000061,1288,1032,256
118000062,537,375,162
118000063,392,792,-400
118000064,780,980,-200
118000065,2289,2130,159
118000066,919,1571,-652
118000067,607,672,-65
118000068,1261,4684,-3423
118000069,2000,1041,959
118000070,3710,1811,1899
118000071,2533,6497,-3964
118000072,1164,1392,-228
118000073,871,812,59
118000074,466,323,143
118000075,577,262,315
118000076,1624,2724,-1100
118000077,1012,1117,-105
118000078,1721,2413,-692
118000079,215,516,-301
118000080,800,745,55
118000081,1659,1255,404
118000082,325,1136,-811
118000083,1354,1609,-255
118000084,2515,1797,718
118000086,245,496,-251
118000087,3133,2357,776
118000088,1473,1533,-60
118000089,3191,2191,1000
118000090,1352,2683,-1331
118000091,940,2712,-1772
118000092,801,511,290
118000093,87,761,-674
118000096,461,575,-114
118000097,649,660,-11
118000098,210,145,65
118000099,828,624,204
118000101,1251,338,913
118000102,460,772,-312
118000107,1098,497,601
118000108,591,2430,-1839
118000110,0,30,-30
118000111,0,116,-116
118000112,586,5,581
118000113,2,285,-283
118000114,472,7,465
118000115,12,14,-2
118000116,25,3,22
118000117,725,589,136
118000118,897,1007,-110
118000119,858,1070,-212
118000120,1253,918,335
118000121,85,584,-499
118000122,1073,337,736
118000123,31,238,-207
118000125,1074,714,360
118000126,633,1608,-975
118000127,1352,607,745
118000128,353,926,-573
118000129,966,369,597
118000130,1492,2040,-548
118000131,288,423,-135
118000132,3017,2321,696
118000133,975,396,579
118000135,599,435,164
118000136,95,421,-326
118000137,535,88,447
118000138,416,407,9
118000139,531,74,457
118000140,2347,5314,-2967
118000141,2219,1426,793
118000142,1859,1232,627
118000143,2552,1138,1414
118000144,987,549,438
118000145,1503,1162,341
118000146,1496,605,891
118000147,959,999,-40
118000148,585,1046,-461
118000149,971,763,208
118000150,528,235,293
118000151,616,347,269
118000153,1485,1084,401
118000154,1304,1361,-57
118000155,1664,1277,387
118000156,1818,2324,-506
118000157,664,370,294
118000158,232,422,-190
118000159,29,139,-110
118000160,666,423,243
118000161,649,565,84
118000162,1645,786,859
118000163,918,832,86
118000164,1687,1448,239
118000168,693,964,-271
118000169,823,741,82
118000170,2907,3058,-151
118000171,414,452,-38
118000172,83,233,-150
118000173,923,1108,-185
118000175,314,481,-167
118000176,362,713,-351
118000177,306,722,-416
118000178,33,45,-12
118000179,1220,1949,-729
118000180,905,859,46
118000181,776,382,394
118000182,307,284,23
118000183,230,362,-132
118000184,1017,667,350
118000185,1232,1569,-337
118000186,990,1594,-604
118000187,1753,531,1222
118000188,671,107,564
118000189,807,390,417
118000190,10,11,-1
118000191,29,16,13
118000192,56,190,-134
118000193,64,326,-262
118000194,1202,835,367
118000195,365,1244,-879
118000196,240,197,43
118000197,97,181,-84
118000198,417,613,-196
118000199,553,427,126
118000200,87,212,-125
118000201,416,532,-116
118000202,80,69,11
118000203,513,667,-154
118000204,52,414,-362
118000205,96,288,-192
118000206,236,169,67
118000207,0,46,-46
118000208,1370,1175,195
118000209,2036,995,1041
118000210,93,35,58
118000211,33,35,-2
118000213,666,2310,-1644
118000214,395,544,-149
118000215,284,113,171
118000216,2385,1577,808
118000217,38,74,-36
118000218,109,85,24
118000219,391,181,210
118000220,2,51,-49
118000221,334,328,6
118000222,74,10,64
118000223,55,44,11
118000224,123,75,48
118000225,109,436,-327
118000226,913,154,759
118000227,466,403,63
118000228,104,267,-163
118000229,134,138,-4
118000230,154,153,1
118000231,109,184,-75
118000232,774,474,300
118000233,1211,549,662
118000234,507,135,372
118000236,361,290,71
118000237,124,225,-101
118000238,297,112,185
118000239,291,230,61
118000240,250,167,83
118000241,134,120,14
118000242,462,283,179
118000243,304,151,153
118000244,50,54,-4
118000246,2,26,-24
118000255,61,240,-179
118000256,132,124,8
118000259,8,62,-54
118000260,223,84,139
118000261,48,32,16
118000263,104,167,-63
118000266,154,195,-41
118000267,1,86,-85
118000268,289,19,270
118000270,72,16,56
118000271,153,186,-33
118000272,99,38,61
118000273,178,73,105
118000274,85,200,-115
118000276,561,305,256
118000295,17,112,-95
118000298,161,164,-3
118000299,51,68,-17
118000301,0,30,-30
118000302,136,43,93
118000311,669,71,598
118000312,381,134,247
118000313,51,82,-31
118000314,105,46,59
118000315,65,36,29
118000316,641,421,220
118000325,53,32,21
118000326,69,24,45
118000331,38,35,3
118000332,13,29,-16
118000333,33,45,-12
118000335,384,0,384
118000336,0,112,-112
118000407,235,67,168
118000457,5,21,-16
118000465,1391,3538,-2147
118000480,48,47,1
118000489,25,428,-403
118000490,21,98,-77
118000492,301,167,134
118000510,42,15,27
118000514,104,295,-191
118000515,755,628,127
118000517,367,145,222
118000524,202,378,-176
118000525,622,654,-32
118000530,39,95,-56
118000531,344,223,121
118000532,281,224,57
118000533,289,141,148
118000534,569,386,183
118000535,316,149,167
118000536,261,1558,-1297
118000537,22,170,-148
118000538,19,82,-63
118000539,19,116,-97
118000540,327,156,171
118000541,205,57,148
118000542,137,245,-108
118000543,220,255,-35
118000546,47,25,22
118000560,1508,2495,-987
118000562,17,91,-74
118000563,1291,945,346
118000576,163,97,66
118000577,123,98,25
118000578,86,61,25
118000579,433,1201,-768
118000595,224,82,142
118000596,0,52,-52
118000597,95,57,38
118000598,19,5,14
118000599,63,40,23
118000600,0,20,-20
118000601,19,0,19
118000602,0,8,-8
118000603,1,10,-9
118900001,413,1256,-843
118900002,712,916,-204
118900003,485,14,471
118900004,51,30,21
118900005,85,6,79
118900006,131,20,111
118900007,15,1,14
118900008,1561,60,1501
118900009,75,82,-7
118900010,53,10,43
118900011,174,33,141
118900012,447,213,234
118900013,460,228,232
118900015,382,93,289
118900016,11,7,4
118900017,172,327,-155
118900018,906,64,842
118900019,42,26,16
118900020,137,143,-6
118900021,142,344,-202
118900022,143,115,28
118900023,190,80,110
118900024,124,126,-2
118900025,41,14,27
118900026,99,65,34
118900027,377,182,195
118900028,225,196,29
118900029,323,432,-109
118900030,533,45,488
118900031,229,77,152
118900032,121,69,52
118900033,375,340,35
118900034,224,22,202
118900035,134,87,47
118900036,1137,609,528
118900037,428,337,91
118900038,397,125,272
118900039,717,170,547
118900040,230,204,26
118900041,685,114,571
118900042,190,75,115
118900045,279,144,135
118900046,816,453,363
118900047,366,228,138
118900048,134,228,-94
118900049,35,53,-18
118900050,22,28,-6
118900051,65,75,-10
118900052,270,268,2
118900053,38,83,-45
118900054,103,31,72
118900055,112,67,45
118900056,27,362,-335
118900057,731,477,254
118900058,457,252,205
118900059,19,84,-65
118900060,68,95,-27
118900062,512,150,362
118900064,328,717,-389
118900065,63,97,-34
118900066,70,49,21
118900067,2654,4323,-1669
118900068,10,209,-199
118900069,523,178,345
118900071,6,48,-42
118900072,485,319,166
118900073,227,145,82
118900074,131,83,48
118900075,64,37,27
118900076,204,120,84
118900077,204,162,42
118900078,48,6,42
118900079,53,107,-54
118900080,40,118,-78
118900081,81,46,35
118900082,1114,164,950
118900083,44,5,39
118900084,18,15,3
118900085,683,521,162
118900086,26,92,-66
118900087,32,325,-293
118900088,0,9,-9
118900089,30,24,6
118900090,684,267,417
118900091,146,240,-94
118900092,303,69,234
118900093,118,26,92
118900096,64,21,43
118900097,274,371,-97
118900099,88,200,-112
118900100,127,152,-25
118900101,200,303,-103
118900102,46,78,-32
118900103,65,126,-61
118900104,314,124,190
118900105,222,121,101
118900107,114,72,42
118900108,119,100,19
118900110,1061,971,90
118900111,527,310,217
118900112,93,152,-59
118900113,83,262,-179
118900114,18,65,-47
118900115,125,399,-274
118900116,132,245,-113
118900117,120,201,-81
118900118,355,229,126
118900119,127,141,-14
118900120,85,236,-151
118900121,28,94,-66
118900122,27,1279,-1252
118900123,173,160,13
118900124,103,88,15
118900126,25,487,-462
118900129,292,227,65
118900130,71,223,-152
118900131,179,162,17
118900132,322,209,113
118900133,13,101,-88
118900135,235,148,87
118900136,279,336,-57
118900137,4,33,-29
118900139,185,165,20
118900140,463,447,16
118900141,76,98,-22
118900144,128,289,-161
118900145,42,73,-31
118900146,378,525,-147
118900147,211,120,91
118900148,106,49,57
118900150,155,521,-366
118900152,619,469,150
118900157,84,134,-50
118900158,62,24,38
118900159,0,105,-105
118900161,80,9,71
118900163,64,49,15
118900164,3,88,-85
118900165,87,81,6
118900166,94,5,89
118900167,96,155,-59
118900168,19,210,-191
118900169,164,168,-4
118900170,204,73,131
118900171,50,27,23
118900174,52,58,-6
118900175,498,501,-3
118900176,143,204,-61
118900177,77,49,28
118900178,74,116,-42
118900179,5,22,-17
118900181,61,87,-26
118900182,131,72,59
118900183,43,137,-94
118900184,324,117,207
118900185,163,90,73
118900186,145,92,53
118900187,222,303,-81
118900188,311,297,14
118900189,60,981,-921
118900190,45,203,-158
118900191,197,37,160
118900192,250,11,239
118900193,679,4,675
118900195,238,409,-171
118900196,48,136,-88
118900197,247,45,202
118900198,40,8,32
118900199,102,23,79
118900200,37,27,10
118900201,50,35,15
118900202,15,31,-16
118900203,11,14,-3
118900204,27,21,6
118900205,3,12,-9
118900206,1,27,-26
119000001,1389,2027,-638
119000002,4326,4037,289
119000003,2978,734,2244
119000004,2296,1139,1157
119000005,1736,1854,-118
119000006,2876,1311,1565
119000007,3595,3120,475
119000008,1789,1323,466
119000009,3568,5112,-1544
119000010,4852,3957,895
119000011,2808,2780,28
119000012,1698,3321,-1623
119000013,2795,1742,1053
119000014,1322,2211,-889
119000019,252,120,132
119000020,2482,1310,1172
119000021,4986,2383,2603
119000022,1713,3141,-1428
119000023,303,217,86
119000024,1987,12512,-10525
119000025,3968,1083,2885
119000026,65,423,-358
119000027,180,331,-151
119000028,1514,554,960
119000029,109,268,-159
119000030,520,770,-250
119000031,852,552,300
119000032,3833,2288,1545
119000033,2180,1088,1092
119000034,1034,694,340
119000035,34,234,-200
119000036,2110,615,1495
119000037,1396,900,496
119000038,192,470,-278
119000039,384,312,72
119000040,944,589,355
119000041,704,1031,-327
119000048,2072,1804,268
119000049,1879,1312,567
119000050,1492,1306,186
119000051,1681,711,970
119000052,1397,2285,-888
119000053,1593,917,676
119000054,3163,1877,1286
119000055,5086,2481,2605
119000056,3031,1740,1291
119000057,1671,1347,324
119000058,1771,1220,551
119000059,1252,1108,144
119000060,1622,970,652
119000061,1272,620,652
119000062,1098,1053,45
119000063,579,428,151
119000064,941,1052,-111
119000065,1692,3675,-1983
119000066,2299,1096,1203
119000067,2103,1524,579
119000068,1671,841,830
119000069,1535,2041,-506
119000070,2893,654,2239
119000071,469,660,-191
119000072,4144,4040,104
119000073,4738,7596,-2858
119000074,1316,1311,5
119000075,3035,2121,914
119000076,382,2165,-1783
119000077,757,1114,-357
119000078,404,288,116
119000079,172,1281,-1109
119000080,437,268,169
119000081,390,2128,-1738
119000082,985,330,655
119000083,623,346,277
119000084,259,755,-496
119000085,1693,174,1519
119000086,301,404,-103
119000087,1255,560,695
119000088,334,159,175
119000089,65,163,-98
119000090,109,90,19
119000091,69,344,-275
119000092,736,165,571
119000093,2936,1751,1185
119000094,3212,4262,-1050
119000095,2052,2204,-152
119000097,1720,942,778
119000098,931,3070,-2139
119000099,2408,1105,1303
119000100,4425,3000,1425
119000101,4317,1931,2386
119000102,681,1165,-484
119000103,1482,644,838
119000104,1706,911,795
119000105,982,2157,-1175
119000106,305,786,-481
119000107,1142,503,639
119000108,425,548,-123
119000109,190,1489,-1299
119000110,592,1806,-1214
119000111,61,752,-691
119000112,275,387,-112
119000113,1952,437,1515
119000114,1091,1072,19
119000115,209,137,72
119000116,110,142,-32
119000117,183,406,-223
119000118,2,0,2
119000123,3873,1669,2204
119000124,837,237,600
119000125,4300,508,3792
119000126,779,392,387
119000127,548,293,255
119000128,32,2,30
119000131,1013,383,630
119000132,1,1,0
119000133,0,6,-6
119000134,1498,413,1085
119000135,187,280,-93
119000136,326,97,229
119000137,349,177,172
119000138,626,173,453
119000139,340,145,195
119000140,394,443,-49
119000284,951,2147,-1196
119000285,1716,1455,261
119000286,5416,3794,1622
119000287,1033,1329,-296
119000288,1940,820,1120
119000289,1247,1682,-435
119000290,218,239,-21
119000291,5,157,-152
119000293,108,153,-45
119000294,57,30,27
119000295,942,246,696
119000296,225,117,108
119000302,1230,1087,143
119000303,44,100,-56
119000314,1308,10456,-9148
119000315,8,159,-151
119000316,225,82,143
119000317,140,149,-9
119900001,266,1351,-1085
119900002,178,211,-33
119900003,38,503,-465
119900004,215,1469,-1254
119900005,253,87,166
119900006,229,413,-184
119900007,1093,271,822
119900008,69,27,42
119900009,662,525,137
119900010,1444,1728,-284
119900011,35,133,-98
119900012,27,119,-92
119900013,2376,1846,530
119900014,556,348,208
119900015,161,32,129
119900016,62,55,7
119900017,68,23,45
119900018,1632,1074,558
119900019,46,10,36
119900020,201,158,43
119900021,253,91,162
119900022,70,1051,-981
119900023,413,1905,-1492
119900025,225,19,206
119900026,552,130,422
119900027,35,11,24
119900028,209,174,35
119900029,2,5,-3
119900030,627,293,334
119900031,75,449,-374
119900033,2199,332,1867
119900034,542,65,477
119900037,251,32,219
119900038,56,366,-310
119900039,43,9,34
119900040,117,17,100
119900041,209,24,185
119900042,103,127,-24
119900043,109,90,19
119900044,258,1065,-807
119900046,205,42,163
119900047,408,104,304
119900048,55,13,42
119900049,142,9,133
119900050,167,106,61
119900051,746,6,740
119900052,85,29,56
119900053,245,121,124
119900054,156,12,144
119900055,1496,465,1031
119900057,299,49,250
119900058,311,6,305
119900059,100,36,64
119900060,404,42,362
119900062,123,24,99
119900063,6,61,-55
119900064,569,101,468
119900065,245,9,236
119900066,0,0,0
119900067,84,23,61
119900068,495,7,488
119900069,172,50,122
119900070,1181,8,1173
119900071,889,30,859
119900073,1220,499,721
119900074,64,54,10
119900075,2555,2272,283
119900076,750,204,546
119900077,1056,487,569
119900078,688,785,-97
119900079,437,151,286
119900080,1592,859,733
119900081,314,28,286
119900082,1948,303,1645
119900083,322,99,223
119900084,616,335,281
119900085,39,63,-24
119900087,779,471,308
119900088,27,36,-9
119900089,81,265,-184
119900090,107,61,46
119900091,26,526,-500
119900092,53,272,-219
119900093,1280,256,1024
119900094,29,106,-77
119900095,196,115,81
119900096,23,96,-73
119900097,525,243,282
119900098,41,48,-7
119900099,37,155,-118
119900100,1272,2693,-1421
119900101,132,1702,-1570
119900102,83,148,-65
119900103,72,197,-125
119900104,42,142,-100
119900105,1217,8559,-7342
119900106,12,113,-101
119900107,214,1427,-1213
119900108,6240,604,5636
119900109,13,115,-102
119900110,944,332,612
119900111,164,210,-46
119900112,839,571,268
119900113,45,221,-176
119900114,312,655,-343
119900115,396,626,-230
119900116,114,368,-254
119900117,409,377,32
119900118,157,539,-382
119900119,282,110,172
119900120,580,453,127
119900121,473,483,-10
119900122,445,303,142
119900123,215,262,-47
119900124,222,492,-270
119900125,36,238,-202
119900126,4217,261,3956
119900127,1562,824,738
119900128,536,368,168
119900129,256,254,2
119900130,22,177,-155
119900131,38,181,-143
119900132,18,107,-89
119900133,90,69,21
119900134,977,162,815
119900135,2,219,-217
119900136,164,247,-83
119900138,300,489,-189
119900139,11,115,-104
119900140,6,91,-85
119900141,78,849,-771
119900142,33,36,-3
119900143,26,363,-337
119900144,1105,209,896
119900145,115,77,38
119900146,234,158,76
119900147,4,140,-136
119900148,292,54,238
119900149,771,5230,-4459
119900150,103,146,-43
119900151,1791,679,1112
119900152,147,195,-48
119900153,251,60,191
119900154,23,131,-108
119900155,43,28,15
119900156,25,10,15
119900157,224,171,53
119900158,249,65,184
119900159,2,683,-681
119900160,35,96,-61
119900161,220,118,102
119900162,1031,1080,-49
119900163,62,140,-78
119900164,6,2,4
119900165,147,104,43
119900166,134,33,101
119900167,78,82,-4
119900168,1099,467,632
119900169,45,275,-230
119900170,219,272,-53
119900171,833,268,565
119900172,146,26,120
119900173,21,234,-213
119900174,4,122,-118
119900175,1567,482,1085
119900177,10,150,-140
119900178,12,122,-110
119900179,127,716,-589
119900180,1076,919,157
119900181,59,151,-92
119900182,24,198,-174
119900183,137,481,-344
119900184,1211,397,814
119900185,91,211,-120
119900186,69,1281,-1212
119900187,11,211,-200
119900188,164,268,-104
119900189,441,446,-5
119900190,77,341,-264
119900191,291,286,5
119900192,58,142,-84
119900193,561,133,428
119900194,60,69,-9
119900195,31,122,-91
119900196,792,331,461
119900197,312,215,97
119900198,199,179,20
119900199,130,27,103
119900200,630,594,36
119900201,275,169,106
119900202,126,340,-214
119900203,231,453,-222
119900204,401,261,140
119900205,819,350,469
119900206,271,101,170
119900208,212,176,36
119900209,581,1603,-1022
119900210,55,28,27
119900211,66,6,60
119900212,223,177,46
119900213,11,68,-57
119900214,47,54,-7
119900215,65,44,21
119900216,7,32,-25
119900217,13,41,-28
119900218,6,60,-54
119900219,4,58,-54
119900220,29,61,-32
119900221,24,105,-81
119900222,9,104,-95
119900223,8,30,-22
119900224,12,8,4
119900225,506,35,471
119900226,382,2250,-1868
119900227,584,294,290
119900228,23,198,-175
119900229,285,371,-86
119900230,951,446,505
119900231,367,121,246
119900232,243,130,113
119900233,69,3,66
119900234,34,101,-67
119900235,34,44,-10
119900236,13,92,-79
119900237,85,511,-426
119900238,2,57,-55
119900240,102,114,-12
119900241,169,167,2
119900242,1191,1555,-364
119900244,615,1226,-611
119900245,117,154,-37
119900246,299,705,-406
119900247,40,132,-92
119900248,92,325,-233
119900249,328,176,152
119900253,1393,390,1003
119900254,102,770,-668
119900255,137,758,-621
119900256,904,564,340
119900257,156,15,141
119900258,333,16,317
119900259,7,75,-68
119900260,216,12,204
119900261,368,129,239
119900262,2,92,-90
119900263,1137,301,836
119900264,115,98,17
119900265,866,242,624
119900266,449,201,248
119900267,254,314,-60
119900268,165,98,67
119900269,1554,773,781
119900271,40,100,-60
119900272,498,308,190
119900275,173,5,168
119900276,74,9,65
119900277,11,9,2
119900278,204,112,92
119900279,120,313,-193
119900280,502,134,368
119900281,3,266,-263
119900282,53,149,-96
119900283,21,150,-129
119900284,52,176,-124
119900285,22,71,-49
119900286,1,14,-13
119900288,3,27,-24
119900289,1,39,-38
119900290,9,19,-10
119900291,3,79,-76
119900292,39,31,8
119900293,59,4,55
119900294,35,0,35
119900295,1,0,1
119900296,7,9,-2
119900299,39,82,-43
119900300,200,151,49
119900301,147,173,-26
119900302,149,106,43
119900303,267,86,181
119900304,201,15,186
119900305,1,68,-67
119900306,35,6,29
119900307,107,49,58
119900308,3,22,-19
119900309,43,123,-80
119900310,169,184,-15
119900311,115,88,27
119900312,103,86,17
119900313,269,201,68
119900314,269,364,-95
119900315,2342,1213,1129
119900318,19,41,-22
119900319,49,189,-140
119900320,409,467,-58
119900321,134,8,126
119900322,12,67,-55
119900323,6,83,-77
119900324,1,50,-49
119900325,101,231,-130
119900326,32,70,-38
120000001,6214,16387,-10173
120000002,2224,1892,332
120000003,2209,1241,968
120000004,2264,1259,1005
120000005,2691,1494,1197
120000006,1083,892,191
120000007,2614,3117,-503
120000008,858,1119,-261
120000009,1693,907,786
120000010,1653,1760,-107
120000011,913,1142,-229
120000012,1472,1781,-309
120000013,3101,2244,857
120000014,790,1117,-327
120000015,2329,1312,1017
120000016,3717,1871,1846
120000017,3125,2803,322
120000018,2989,12731,-9742
120000019,1018,1470,-452
120000020,2700,3432,-732
120000021,1764,2140,-376
120000022,2480,3628,-1148
120000023,1033,1496,-463
120000024,1090,2243,-1153
120000025,2388,1669,719
120000026,2382,1465,917
120000027,2230,1928,302
120000028,859,2143,-1284
120000029,1959,1882,77
120000030,197,951,-754
120000031,2067,5795,-3728
120000032,5999,3209,2790
120000033,5094,1424,3670
120000034,2414,1265,1149
120000035,2354,1597,757
120000036,3066,4911,-1845
120000037,626,1482,-856
120000038,3851,3292,559
120000039,717,784,-67
120000040,103,538,-435
120000041,987,1074,-87
120000042,1896,1446,450
120000043,4539,1093,3446
120000044,5426,1415,4011
120000045,6958,938,6020
120000046,4245,2813,1432
120000047,661,6265,-5604
120000048,5756,3984,1772
120000049,3474,2426,1048
120000050,3777,3051,726
120000051,2717,3851,-1134
120000052,5706,1925,3781
120000053,1358,1602,-244
120000054,1440,2612,-1172
120000055,1776,3287,-1511
120000056,4251,3428,823
120000057,3405,1183,2222
120000058,1971,1985,-14
120000059,12,1605,-1593
120000061,110,314,-204
120000062,147,301,-154
120000063,1112,1657,-545
120000064,208,668,-460
120000065,479,961,-482
120000066,218,499,-281
120000067,54,493,-439
120000068,208,465,-257
120000069,585,511,74
120000070,105,366,-261
120000071,708,66,642
120000072,903,358,545
120000073,944,98,846
120000074,209,89,120
120000075,1063,284,779
120000076,2402,320,2082
120000077,2254,658,1596
120000078,3228,1197,2031
120000079,343,171,172
120000080,166,211,-45
120000081,457,123,334
120000082,268,245,23
120000083,78,650,-572
120000084,392,326,66
120000085,244,302,-58
120000086,259,356,-97
120000087,211,318,-107
120000088,762,878,-116
120000089,1143,537,606
120000090,710,438,272
120000091,1076,783,293
120000092,1383,573,810
120000093,607,424,183
120000094,222,681,-459
120000095,985,303,682
120000096,279,482,-203
120000098,926,628,298
120000099,457,565,-108
120000100,820,611,209
120000101,618,362,256
120000102,622,951,-329
120000103,1620,908,712
120000104,2059,537,1522
120000105,3516,694,2822
120000106,2743,635,2108
120000107,5057,524,4533
120000108,1793,126,1667
120000109,1362,86,1276
120000110,54,687,-633
120000111,119,676,-557
120000112,667,1677,-1010
120000113,627,1225,-598
120000114,901,1621,-720
120000115,279,1336,-1057
120000116,591,1214,-623
120000117,783,1001,-218
120000118,49,79,-30
120000119,23,43,-20
120000120,131,117,14
120000121,15,71,-56
120000122,174,590,-416
120000123,3038,7164,-4126
120000124,477,314,163
120000125,773,565,208
120000126,421,972,-551
120000127,2023,1277,746
120000128,2372,4193,-1821
120000129,242,245,-3
120000130,745,469,276
120000131,438,598,-160
120000134,309,607,-298
120000135,855,469,386
120000137,254,582,-328
120000138,1383,309,1074
120000139,364,301,63
120000140,1104,304,800
120000141,440,296,144
120000142,788,484,304
120000143,0,75,-75
120000144,186,3,183
120000145,428,0,428
120000146,794,939,-145
120000149,689,927,-238
120000150,2159,10499,-8340
120000151,439,434,5
120000152,772,155,617
120000153,388,391,-3
120000154,597,426,171
120000155,192,286,-94
120000156,534,1279,-745
120000157,1052,481,571
120000158,876,598,278
120000159,1817,1796,21
120000160,2460,1697,763
120000161,2677,1927,750
120000162,85,214,-129
120000163,842,732,110
120000164,715,226,489
120000165,636,396,240
120000166,1468,412,1056
120000167,222,294,-72
120000168,30,892,-862
120000169,49,2132,-2083
120000170,52,1793,-1741
120000171,29,606,-577
120000172,17,401,-384
120000173,1030,1986,-956
120000174,208,86,122
120000175,196,46,150
120000176,187,50,137
120000177,1038,125,913
120000178,81,28,53
120000179,170,76,94
120000180,495,122,373
120000181,221,1763,-1542
120000182,71,777,-706
120000183,15,541,-526
120000184,236,1620,-1384
120000186,39,860,-821
120000187,28,336,-308
120000188,77,720,-643
120000190,429,117,312
120000191,588,115,473
120000192,549,44,505
120000193,195,4,191
120000195,66,9,57
120000196,239,41,198
120000197,65,58,7
120000198,217,74,143
120000199,183,0,183
120000200,229,1,228
120000201,21,30,-9
120000202,3,35,-32
120000203,94,151,-57
120000207,1,50,-49
120000208,12,148,-136
120000209,9,66,-57
120000210,50,75,-25
120000211,242,3,239
120000212,331,0,331
120000213,243,205,38
120000214,0,159,-159
120000215,6,153,-147
120000216,139,38,101
120000217,515,873,-358
120000218,97,516,-419
120000219,4,263,-259
120000220,4,888,-884
120000225,2227,4,2223
120000226,509,6,503
120000227,1094,106,988
120000228,10565,3761,6804
120000230,559,29,530
120000231,1720,1467,253
120000233,406,3,403
120000235,313,481,-168
120000236,1245,4,1241
120000237,0,792,-792
120000238,4,1108,-1104
120000241,1229,3906,-2677
120000412,426,17,409
120000413,295,95,200
120000414,162,4,158
120000415,2,40,-38
120000416,104,5,99
120000417,15,46,-31
120000418,277,23,254
120000419,6,157,-151
120000420,42,12,30
120000421,6728,4600,2128
120000422,96,1402,-1306
120000423,7,76,-69
120000424,163,120,43
120000436,120,732,-612
120000437,89,99,-10
120000438,1391,265,1126
120000439,289,616,-327
120000443,170,2,168
120000444,1402,284,1118
120000445,1604,874,730
120000446,652,228,424
120000447,258,0,258
120000449,146,9,137
120000450,6,86,-80
120000451,141,230,-89
120000452,193,2,191
120000453,0,171,-171
120000454,89,62,27
120000455,95,60,35
120000456,2261,3703,-1442
120000457,845,399,446
120000458,489,546,-57
120000459,120,55,65
120000665,904,227,677
120000668,150,1305,-1155
120000669,118,131,-13
120000670,149,1157,-1008
120000671,1584,512,1072
120000672,68,441,-373
120900001,87,140,-53
120900002,301,739,-438
120900003,172,26,146
120900004,29,137,-108
120900005,33,672,-639
120900006,571,219,352
120900007,206,73,133
120900008,505,819,-314
120900009,755,38,717
120900010,633,142,491
120900011,127,219,-92
120900012,177,1571,-1394
120900013,429,136,293
120900014,20,309,-289
120900015,895,85,810
120900016,991,71,920
120900017,2105,75,2030
120900018,196,327,-131
120900019,623,457,166
120900020,686,1652,-966
120900021,1006,260,746
120900022,24,246,-222
120900023,351,26,325
120900024,1986,476,1510
120900025,1216,1032,184
120900026,149,180,-31
120900027,1055,30,1025
120900028,554,154,400
120900029,106,610,-504
120900030,1677,837,840
120900031,370,148,222
120900032,1508,76,1432
120900033,1236,91,1145
120900034,19,2587,-2568
120900035,93,187,-94
120900037,281,7,274
120900038,77,372,-295
120900039,183,74,109
120900040,399,16,383
120900041,141,42,99
120900042,766,35,731
120900043,84,25,59
120900044,17,369,-352
120900045,141,122,19
120900046,601,5,596
120900047,211,156,55
120900048,151,42,109
120900049,589,2,587
120900050,1200,1971,-771
120900051,425,71,354
120900052,802,3,799
120900053,492,37,455
120900054,1572,485,1087
120900055,525,6,519
120900056,731,28,703
120900057,228,24,204
120900058,730,0,730
120900059,149,3,146
120900060,118,21,97
120900061,262,216,46
120900062,296,2,294
120900063,786,15,771
120900064,794,0,794
120900065,690,5,685
120900066,595,285,310
120900067,188,58,130
120900068,334,1,333
120900069,316,39,277
120900071,37,3,34
120900072,940,9,931
120900073,777,114,663
120900074,753,10,743
120900076,438,1,437
120900077,1916,263,1653
120900078,986,397,589
120900079,1072,86,986
120900080,1076,957,119
120900081,1521,331,1190
120900082,383,390,-7
120900083,95,4,91
120900084,451,606,-155
120900085,67,127,-60
120900086,59,419,-360
120900087,572,443,129
120900088,237,597,-360
120900089,1877,3181,-1304
120900090,346,53,293
120900091,676,970,-294
120900092,995,340,655
120900093,1172,124,1048
120900094,364,130,234
120900095,449,18,431
120900096,65,248,-183
120900097,582,472,110
120900098,235,160,75
120900099,63,59,4
120900100,122,182,-60
120900101,449,191,258
120900102,52,97,-45
120900103,58,221,-163
120900104,16,57,-41
120900105,45,250,-205
120900106,764,309,455
120900107,188,139,49
120900108,7,284,-277
120900109,26,426,-400
120900110,12,429,-417
120900111,202,252,-50
120900112,26,464,-438
120900113,21,562,-541
120900114,42,114,-72
120900115,147,315,-168
120900116,575,245,330
120900117,2,262,-260
120900118,13,364,-351
120900119,7727,3955,3772
120900120,90,324,-234
120900121,43,367,-324
120900122,771,267,504
120900123,3,218,-215
120900124,1,317,-316
120900125,4,397,-393
120900126,1455,734,721
120900127,10,204,-194
120900128,1098,1178,-80
120900129,44,234,-190
120900130,23,262,-239
120900131,104,82,22
120900132,1299,172,1127
120900133,80,508,-428
120900134,694,324,370
120900135,7,386,-379
120900136,37,202,-165
120900137,346,72,274
120900138,29,175,-146
120900139,4,454,-450
120900140,6,111,-105
120900141,240,144,96
120900142,9,229,-220
120900143,3,508,-505
120900144,1,82,-81
120900145,255,599,-344
120900146,1,675,-674
120900147,5,399,-394
120900148,157,181,-24
120900149,1,144,-143
120900150,85,409,-324
120900151,1,344,-343
120900152,1,27,-26
120900153,83,86,-3
120900154,3,110,-107
120900155,219,666,-447
120900156,94,246,-152
120900157,84,229,-145
120900158,69,461,-392
120900159,315,335,-20
120900160,29,630,-601
120900161,66,391,-325
120900162,88,723,-635
120900163,159,1442,-1283
120900164,4,104,-100
120900165,6,427,-421
120900166,191,582,-391
120900167,349,171,178
120900169,122,197,-75
120900170,596,3292,-2696
120900171,669,205,464
120900172,509,1955,-1446
120900173,3,41,-38
120900174,15,97,-82
120900175,225,129,96
120900176,16,411,-395
120900177,2,1391,-1389
120900178,1,618,-617
120900179,625,372,253
120900180,66,161,-95
120900181,223,60,163
120900182,32,302,-270
120900183,526,71,455
120900184,241,72,169
120900185,28,407,-379
120900186,1,215,-214
120900187,584,896,-312
120900188,238,15,223
120900189,74,1834,-1760
120900190,156,5,151
120900191,13,18,-5
120900192,5476,9352,-3876
120900194,83,106,-23
120900195,70,287,-217
120900196,719,47,672
120900197,843,156,687
120900198,273,484,-211
120900199,450,528,-78
120900200,64,139,-75
120900201,328,126,202
120900202,1,80,-79
120900203,45,90,-45
120900204,91,174,-83
120900205,41,36,5
120900206,25,31,-6
120900207,79,827,-748
121000001,551,979,-428
121000002,2090,1468,622
121000003,2416,1646,770
121000004,2259,3366,-1107
121000005,1541,2304,-763
121000006,2999,2065,934
121000007,1912,2721,-809
121000008,4589,3973,616
121000009,3636,5020,-1384
121000010,6472,5429,1043
121000011,5522,9049,-3527
121000012,11716,8440,3276
121000013,4106,5334,-1228
121000014,5034,4526,508
121000015,3585,6024,-2439
121000016,3226,3062,164
121000017,2053,3283,-1230
121000018,2595,1607,988
121000019,10165,10051,114
121000020,10104,17845,-7741
121000021,1947,1865,82
121000022,2384,3406,-1022
121000023,2664,1582,1082
121000024,4138,4231,-93
121000025,465,1388,-923
121000026,361,168,193
121000027,1239,1180,59
121000028,816,414,402
121000029,865,527,338
121000030,656,431,225
121000031,629,589,40
121000032,225,138,87
121000034,350,274,76
121000035,165,157,8
121000036,758,774,-16
121000037,501,482,19
121000038,398,828,-430
121000039,214,306,-92
121000041,417,388,29
121000042,335,280,55
121000043,483,529,-46
121000044,1160,986,174
121000045,456,215,241
121000046,730,832,-102
121000047,48,76,-28
121000049,1001,536,465
121000050,287,1254,-967
121000051,558,244,314
121000052,379,665,-286
121000053,462,123,339
121000054,62,391,-329
121000055,809,1095,-286
121000056,681,990,-309
121000057,443,464,-21
121000058,289,205,84
121000059,2270,1189,1081
121000060,529,1093,-564
121000061,184,386,-202
121000062,207,410,-203
121000063,860,892,-32
121000064,732,988,-256
121000065,191,432,-241
121000066,568,511,57
121000067,439,541,-102
121000068,611,323,288
121000069,263,855,-592
121000070,1660,992,668
121000071,1452,1304,148
121000072,1168,593,575
121000073,1191,993,198
121000074,103,99,4
121000075,34,369,-335
121000076,334,315,19
121000077,133,236,-103
121000078,103,173,-70
121000080,1745,546,1199
121000081,3776,3345,431
121000082,88,235,-147
121000083,90,136,-46
121000084,188,181,7
121000085,238,398,-160
121000086,325,453,-128
121000087,74,197,-123
121000088,545,387,158
121000089,219,379,-160
121000090,307,316,-9
121000091,1017,770,247
121000092,180,53,127
121000093,187,174,13
121000094,413,761,-348
121000095,414,649,-235
121000096,2146,1825,321
121000097,504,1956,-1452
121000098,590,595,-5
121000099,779,468,311
121000100,1037,196,841
121000101,408,177,231
121000102,398,154,244
121000103,222,142,80
121000104,387,119,268
121000105,514,155,359
121000106,385,245,140
121000107,1739,2478,-739
121000109,942,837,105
121000110,235,602,-367
121000114,2682,1747,935
121000115,1216,564,652
121000116,293,749,-456
121000117,403,180,223
121000118,1686,188,1498
121000119,283,378,-95
121000120,260,268,-8
121000121,654,1132,-478
121000123,1221,601,620
121000126,59,271,-212
121000127,210,72,138
121000128,980,218,762
121000129,1050,494,556
121000130,620,448,172
121000131,1481,1856,-375
121000132,1028,1876,-848
121000135,347,932,-585
121000136,1181,1124,57
121000137,433,430,3
121000138,960,1370,-410
121000139,564,535,29
121000141,287,140,147
121000142,585,615,-30
121000143,109,37,72
121000144,746,1895,-1149
121000145,473,555,-82
121000146,1410,868,542
121000147,1082,416,666
121000148,853,703,150
121000149,1986,1193,793
121000152,451,348,103
121000153,1346,516,830
121000154,961,487,474
121000155,1472,895,577
121000156,382,899,-517
121000157,771,1497,-726
121000158,377,351,26
121000159,262,319,-57
121000160,281,256,25
121000161,258,253,5
121000162,145,119,26
121000165,1084,2083,-999
121000166,19,359,-340
121000168,574,269,305
121000169,82,86,-4
121000170,349,91,258
121000171,51,141,-90
121000172,658,516,142
121000173,1132,1237,-105
121000174,371,496,-125
121000175,1159,317,842
121000176,323,222,101
121000177,859,495,364
121000178,84,54,30
121000179,52,35,17
121000181,503,348,155
121000182,136,252,-116
121000183,89,100,-11
121000184,224,149,75
121000185,59,254,-195
121000186,215,614,-399
121000187,165,117,48
121000188,194,91,103
121000192,912,349,563
121000193,594,437,157
121000194,1555,1812,-257
121000195,207,825,-618
121000196,552,264,288
121000197,184,606,-422
121000198,180,258,-78
121000199,131,202,-71
121000200,645,135,510
121000201,9,109,-100
121000202,1016,94,922
121000203,893,1329,-436
121000204,3226,693,2533
121000205,158,231,-73
121000206,246,56,190
121000207,2162,641,1521
121000208,6,297,-291
121000209,529,105,424
121000210,704,216,488
121000211,403,131,272
121000212,676,296,380
121000213,9181,2554,6627
121000214,748,1862,-1114
121000215,710,1137,-427
121000216,492,639,-147
121000217,3270,2870,400
121000218,306,1383,-1077
121000219,1325,607,718
121000220,125,76,49
121000221,121,295,-174
121000222,2179,2450,-271
121000223,272,497,-225
121000224,194,252,-58
121000225,820,2284,-1464
121000226,3015,1256,1759
121000227,14,105,-91
121000228,18,398,-380
121000229,291,392,-101
121000230,71,1231,-1160
121000231,1252,27,1225
121000232,364,289,75
121000233,547,320,227
121000234,25,56,-31
121000235,62,50,12
121000236,9,73,-64
121000237,35,20,15
121000238,12,69,-57
121000239,79,5,74
121000240,2,148,-146
121000241,126,37,89
121000242,66,540,-474
121000243,274,69,205
121000244,12,104,-92
121000245,47,23,24
121000246,2,89,-87
121000247,113,9,104
121000248,492,837,-345
121000249,69,235,-166
121000250,598,225,373
121000251,31,228,-197
121000252,132,78,54
121000253,359,257,102
121000254,753,178,575
121000255,178,201,-23
121000256,320,213,107
121000257,37,136,-99
121000258,154,115,39
121000259,58,65,-7
121000260,45,83,-38
121000261,68,78,-10
121000262,726,502,224
121000263,382,346,36
121000271,349,1093,-744
121000273,36,7,29
121000274,11,66,-55
121000275,3,7,-4
121000276,13,15,-2
121000278,52,20,32
121000279,30,35,-5
121000280,37,52,-15
121000289,226,14,212
121000290,839,901,-62
121000294,167,72,95
121000297,461,1086,-625
121000299,79,406,-327
121000300,764,565,199
121000302,37,844,-807
121000303,577,250,327
121000304,416,76,340
121000305,139,51,88
121000306,154,121,33
121000308,162,263,-101
121000309,273,390,-117
121000310,102,256,-154
121000311,90,567,-477
121000312,361,274,87
121000313,261,417,-156
121000314,61,97,-36
121000315,25,109,-84
121000530,1639,1037,602
121000531,1492,1079,413
121000532,5806,7809,-2003
121000533,3117,3290,-173
121000918,50,50,0
121000919,38,66,-28
121000938,94,236,-142
121000939,81,228,-147
121000956,1596,829,767
121000957,6,4,2
121000958,45,46,-1
121000959,1009,415,594
121000960,1556,1405,151
121000961,283,68,215
121000962,430,413,17
121000973,1,143,-142
121000976,12,253,-241
121000979,336,159,177
121000981,314,111,203
121000982,344,105,239
121000983,406,249,157
121000984,51,52,-1
121000985,630,254,376
121000986,484,85,399
121000987,225,452,-227
121000988,940,110,830
121001302,217,102,115
121001308,3,26,-23
121001309,44,365,-321
121001313,226,71,155
121001314,1188,1911,-723
121001315,4901,2694,2207
121900001,90,110,-20
121900002,41,22,19
121900003,449,20,429
121900004,81,275,-194
121900005,26,12,14
121900006,127,18,109
121900007,1684,1919,-235
121900008,286,578,-292
121900009,475,14,461
121900010,263,48,215
121900011,455,280,175
121900012,15,0,15
121900013,859,124,735
121900014,1318,344,974
121900015,235,173,62
121900016,5,25,-20
121900017,594,305,289
121900018,365,7,358
121900019,474,247,227
121900020,21,3,18
121900021,916,19,897
121900022,253,275,-22
121900023,162,246,-84
121900024,303,81,222
121900025,630,319,311
121900026,247,33,214
121900027,619,222,397
121900028,242,23,219
121900029,102,227,-125
121900030,418,463,-45
121900031,766,6300,-5534
121900032,91,52,39
121900033,190,229,-39
121900034,319,91,228
121900035,2445,2357,88
121900036,97,345,-248
121900037,176,964,-788
121900038,37,139,-102
121900039,336,49,287
121900040,74,79,-5
121900041,169,198,-29
121900042,368,176,192
121900043,6,3,3
121900044,77,63,14
121900046,270,342,-72
121900047,180,67,113
121900048,66,78,-12
121900050,27,45,-18
121900051,187,127,60
121900052,168,35,133
121900053,409,365,44
121900054,497,778,-281
121900055,2,10,-8
121900058,298,118,180
121900059,437,180,257
121900060,133,275,-142
121900061,201,181,20
121900062,130,144,-14
121900063,1495,372,1123
121900064,281,407,-126
121900066,98,17,81
121900067,89,42,47
121900069,176,91,85
121900070,273,165,108
121900071,491,239,252
121900072,56,82,-26
121900073,239,248,-9
121900074,553,1141,-588
121900075,426,780,-354
121900076,507,466,41
121900077,30,11,19
121900078,127,56,71
121900079,0,0,0
121900080,1003,336,667
121900082,70,73,-3
121900084,46,65,-19
121900085,1,7,-6
121900086,14,68,-54
121900087,126,114,12
121900088,1473,2418,-945
121900089,241,234,7
121900090,37,49,-12
121900091,81,38,43
121900092,110,100,10
121900093,83,66,17
121900094,30,6,24
121900095,421,173,248
121900096,1111,668,443
121900097,692,241,451
121900098,7,4,3
121900099,223,30,193
121900100,129,572,-443
121900101,157,127,30
121900102,2,98,-96
121900103,502,186,316
121900104,1450,300,1150
121900105,371,212,159
121900106,11,24,-13
121900107,64,21,43
121900108,0,14,-14
121900109,250,142,108
121900110,660,434,226
121900111,761,295,466
121900112,217,143,74
121900113,74,454,-380
121900114,89,71,18
121900117,190,261,-71
121900118,1569,706,863
121900119,195,83,112
121900120,70,1053,-983
121900121,418,40,378
121900122,43,100,-57
121900123,227,337,-110
121900124,141,136,5
121900125,1812,975,837
121900127,20,120,-100
121900128,79,55,24
121900129,272,151,121
121900130,115,210,-95
121900131,206,94,112
121900132,59,84,-25
121900133,83,1180,-1097
121900134,39,200,-161
121900135,2824,440,2384
121900136,401,204,197
121900137,37,269,-232
121900138,128,111,17
121900139,343,656,-313
121900140,102,123,-21
121900141,104,35,69
121900142,162,100,62
121900143,21,243,-222
121900144,121,288,-167
121900145,198,433,-235
121900146,562,636,-74
121900147,53,178,-125
121900148,162,259,-97
121900149,380,393,-13
121900150,38,154,-116
121900151,71,234,-163
121900152,111,88,23
121900153,65,931,-866
121900154,7,243,-236
121900155,5,128,-123
121900156,157,244,-87
121900157,4,244,-240
121900158,82,82,0
121900159,2,185,-183
121900160,45,220,-175
121900161,250,364,-114
121900162,80,169,-89
121900163,312,393,-81
121900164,292,150,142
121900165,215,95,120
121900166,151,104,47
121900167,120,107,13
121900168,145,237,-92
121900169,5,128,-123
121900170,8,180,-172
121900171,736,545,191
121900172,506,186,320
121900173,677,215,462
121900174,39,66,-27
121900175,143,268,-125
121900176,487,1118,-631
121900177,208,83,125
121900178,48,35,13
121900179,480,215,265
121900180,1888,5084,-3196
121900182,755,337,418
121900183,850,1377,-527
121900184,123,637,-514
121900186,6,478,-472
121900187,33,171,-138
121900188,526,277,249
121900189,18,97,-79
121900190,219,415,-196
121900191,135,231,-96
121900192,248,883,-635
121900193,64,105,-41
121900194,8,392,-384
121900195,38,79,-41
121900196,769,887,-118
121900197,383,810,-427
121900198,1192,869,323
121900199,7,43,-36
121900200,92,200,-108
121900201,648,924,-276
121900202,134,642,-508
121900203,152,900,-748
121900204,565,1150,-585
121900205,32,89,-57
121900206,39,26,13
121900207,76,34,42
121900208,101,285,-184
121900209,76,56,20
121900210,1121,959,162
121900211,24,74,-50
121900212,99,123,-24
121900213,308,52,256
121900214,15,455,-440
121900215,49,101,-52
121900216,44,295,-251
121900217,203,187,16
121900218,186,338,-152
121900220,96,16,80
121900221,267,600,-333
121900222,256,148,108
121900223,159,31,128
121900224,101,28,73
121900225,136,108,28
121900226,262,116,146
121900227,294,456,-162
121900228,172,223,-51
121900230,64,392,-328
121900231,140,1971,-1831
121900232,190,338,-148
121900233,169,191,-22
121900234,411,173,238
121900235,563,109,454
121900236,253,162,91
121900237,141,292,-151
121900238,155,296,-141
121900239,252,27,225
121900240,290,134,156
121900241,77,53,24
121900242,10,0,10
121900243,18,0,18
121900244,13,8,5
121900245,190,54,136
121900246,2374,148,2226
121900247,284,182,102
121900248,1003,1169,-166
121900250,223,377,-154
121900251,416,29,387
121900252,514,178,336
121900253,91,514,-423
121900254,424,241,183
121900255,367,82,285
121900258,3154,2032,1122
121900259,265,560,-295
121900260,184,93,91
121900261,171,645,-474
121900262,339,926,-587
121900263,297,186,111
121900264,1202,1101,101
121900265,406,178,228
121900266,498,98,400
121900267,95,43,52
121900269,206,859,-653
121900270,50,186,-136
121900271,42,171,-129
121900273,427,1642,-1215
121900274,312,192,120
121900277,324,924,-600
121900278,130,703,-573
121900279,115,176,-61
121900280,146,366,-220
121900281,181,529,-348
121900284,71,5,66
121900286,166,604,-438
121900287,21,25,-4
121900288,11,1,10
121900290,218,527,-309
121900291,352,700,-348
121900292,137,129,8
121900293,756,2385,-1629
121900294,219,3,216
121900295,159,122,37
121900296,89,284,-195
121900298,199,863,-664
121900299,0,28,-28
121900300,119,4,115
121900301,79,4,75
121900302,3,70,-67
121900303,408,389,19
121900304,3,13,-10
121900305,2,5,-3
121900306,214,2,212
121900307,106,18,88
121900308,7,164,-157
121900309,5,147,-142
121900310,18,259,-241
121900311,422,15,407
121900312,306,16,290
121900313,349,31,318
121900314,0,33,-33
121900315,11,0,11
121900316,0,5,-5
121900317,37,0,37
121900318,1,11,-10
121900319,48,153,-105
121900320,31,45,-14
121900321,8,1,7
121900322,5,12,-7
121900323,33,29,4
121900324,2,31,-29
121900325,8,1,7
121900326,2,12,-10
121900327,3,25,-22
121900328,0,13,-13
121900329,0,65,-65
121900330,3,71,-68
121900331,48,49,-1
121900332,70,23,47
121900333,23,4,19
122000001,1220,4073,-2853
122000002,2470,1046,1424
122000003,1339,2573,-1234
122000004,1895,1286,609
122000005,2442,1975,467
122000006,1134,1003,131
122000007,693,1438,-745
122000008,1518,3325,-1807
122000009,363,329,34
122000010,1809,2357,-548
122000011,3088,1446,1642
122000012,807,1829,-1022
122000013,771,1106,-335
122000014,1792,1010,782
122000015,1164,988,176
122000016,548,742,-194
122000017,1048,923,125
122000018,1453,1509,-56
122000019,877,995,-118
122000020,206,278,-72
122000021,204,369,-165
122000022,994,952,42
122000023,709,1453,-744
122000024,537,1461,-924
122000025,696,2018,-1322
122000026,572,1198,-626
122000027,542,1278,-736
122000028,844,534,310
122000029,433,521,-88
122000030,210,126,84
122000031,162,348,-186
122000032,2071,1916,155
122000033,426,1637,-1211
122000034,487,673,-186
122000035,241,610,-369
122000036,483,381,102
122000037,361,248,113
122000038,211,297,-86
122000039,543,465,78
122000040,200,337,-137
122000041,453,518,-65
122000042,305,333,-28
122000043,70,118,-48
122000044,125,116,9
122000045,1132,553,579
122000046,747,685,62
122000047,192,209,-17
122000048,2903,4057,-1154
122000049,4838,3310,1528
122000050,1068,665,403
122000051,161,353,-192
122000052,393,484,-91
122000053,187,944,-757
122000054,2011,1842,169
122000055,1687,2901,-1214
122000056,3200,2976,224
122000057,2298,3293,-995
122000058,1201,1423,-222
122000059,1311,2225,-914
122000060,439,873,-434
122000061,300,640,-340
122000062,517,268,249
122000063,719,684,35
122000064,2743,3310,-567
122000065,2298,2063,235
122000066,907,932,-25
122000067,1308,984,324
122000068,1530,951,579
122000069,680,603,77
122000070,881,1075,-194
122000071,1815,1026,789
122000072,545,498,47
122000073,281,862,-581
122000074,2899,1395,1504
122000075,882,1144,-262
122000076,3228,1240,1988
122000077,815,1217,-402
122000078,1084,2705,-1621
122000079,559,1441,-882
122000080,543,360,183
122000081,165,243,-78
122000082,430,1059,-629
122000083,2096,1105,991
122000084,1936,883,1053
122000085,308,664,-356
122000086,2110,4906,-2796
122000087,325,454,-129
122000088,543,553,-10
122000089,3781,2143,1638
122000090,193,501,-308
122000091,124,103,21
122000092,70,33,37
122000093,1464,2517,-1053
122000094,3970,2955,1015
122000095,1132,3732,-2600
122000096,915,1646,-731
122000098,2004,3099,-1095
122000099,1088,682,406
122000100,677,452,225
122000101,368,405,-37
122000102,1667,917,750
122000103,1730,1230,500
122000104,454,170,284
122000105,339,265,74
122000106,370,672,-302
122000107,977,471,506
122000108,481,675,-194
122000109,403,244,159
122000110,500,532,-32
122000111,2491,1436,1055
122000112,965,1370,-405
122000113,635,602,33
122000114,2190,1551,639
122000115,1552,1032,520
122000116,418,580,-162
122000117,1014,405,609
122000118,544,683,-139
122000119,2175,1781,394
122000120,1036,2804,-1768
122000121,1033,2183,-1150
122000122,565,1232,-667
122000123,1272,1477,-205
122000124,767,519,248
122000125,453,654,-201
122000126,410,798,-388
122000127,617,867,-250
122000128,312,492,-180
122000129,487,1699,-1212
122000130,2434,1167,1267
122000131,1014,748,266
122000132,242,394,-152
122000133,903,861,42
122000134,902,705,197
122000135,560,452,108
122000136,736,641,95
122000137,1970,791,1179
122000139,883,3200,-2317
122000140,574,559,15
122000141,2917,1206,1711
122000142,223,860,-637
122000143,300,318,-18
122000144,1125,825,300
122000145,682,736,-54
122000146,503,1588,-1085
122000147,484,429,55
122000148,960,2076,-1116
122000149,1854,1317,537
122000150,1056,868,188
122000151,121,308,-187
122000152,246,300,-54
122000153,331,200,131
122000154,197,164,33
122000155,1375,2498,-1123
122000156,2312,2569,-257
122000157,885,2452,-1567
122000158,294,413,-119
122000159,538,753,-215
122000160,2226,1570,656
122000161,956,1058,-102
122000162,1281,1569,-288
122000163,237,91,146
122000164,44,95,-51
122000165,721,650,71
122000166,716,1051,-335
122000167,269,249,20
122000168,149,506,-357
122000169,277,164,113
122000170,378,198,180
122000171,56,106,-50
122000172,1540,1225,315
122000173,1246,2200,-954
122000174,2047,947,1100
122000175,724,269,455
122000176,273,708,-435
122000177,1196,1358,-162
122000178,2452,2155,297
122000179,1536,2126,-590
122000180,1262,1244,18
122000181,1095,2608,-1513
122000182,1163,1520,-357
122000183,1823,936,887
122000184,2277,2351,-74
122000185,1235,1689,-454
122000186,417,888,-471
122000187,1856,760,1096
122000188,336,282,54
122000189,211,277,-66
122000190,783,1112,-329
122000191,825,782,43
122000192,1253,321,932
122000193,451,662,-211
122000194,477,190,287
122000195,115,432,-317
122000196,1285,488,797
122000197,475,669,-194
122000198,396,970,-574
122000199,346,325,21
122000200,724,588,136
122000201,1164,1395,-231
122000202,1140,1440,-300
122000203,2242,1082,1160
122000204,1033,1407,-374
122000205,834,1105,-271
122000206,2101,800,1301
122000207,1896,1142,754
122000208,2294,1227,1067
122000209,1706,377,1329
122000210,1680,1270,410
122000211,1331,1028,303
122000212,778,610,168
122000213,862,1407,-545
122000214,1913,1732,181
122000215,1861,1620,241
122000217,1494,1267,227
122000218,652,77,575
122000219,784,717,67
122000220,306,596,-290
122000221,47,355,-308
122000222,541,186,355
122000223,1133,502,631
122000225,797,307,490
122000226,1589,1270,319
122000227,201,1835,-1634
122000228,365,247,118
122000229,26,505,-479
122000230,68,286,-218
122000231,333,668,-335
122000232,562,702,-140
122000233,0,61,-61
122000234,357,46,311
122000235,437,90,347
122000236,1553,82,1471
122000237,106,91,15
122000238,357,374,-17
122000239,766,158,608
122000240,1293,516,777
122000241,1813,472,1341
122000242,810,130,680
122000243,83,46,37
122000244,28,291,-263
122000245,40,78,-38
122000246,110,123,-13
122000247,599,213,386
122000248,721,923,-202
122000249,1130,795,335
122000250,1817,901,916
122000251,208,460,-252
122000252,400,110,290
122000253,58,198,-140
122000254,272,88,184
122000255,679,925,-246
122000256,307,474,-167
122000257,215,147,68
122000258,328,239,89
122000259,18,229,-211
122000260,5,36,-31
122000261,17,264,-247
122000262,1,30,-29
122000263,272,373,-101
122000264,1305,272,1033
122000265,2257,849,1408
122000266,3855,589,3266
122000267,149,132,17
122000268,158,288,-130
122000269,852,279,573
122000270,507,163,344
122000271,283,835,-552
122000272,337,721,-384
122000273,365,324,41
122000274,207,172,35
122000275,85,165,-80
122000276,713,430,283
122000277,1069,1421,-352
122000278,1590,476,1114
122000279,237,283,-46
122000280,882,428,454
122000281,1030,809,221
122000282,249,327,-78
122000283,302,159,143
122000284,238,68,170
122000285,307,48,259
122000286,71,121,-50
122000287,1159,1247,-88
122000288,443,234,209
122000291,2040,662,1378
122000293,221,157,64
122000294,141,252,-111
122000295,1115,172,943
122000296,27,488,-461
122000297,1895,3413,-1518
122000299,433,441,-8
122000300,431,603,-172
122000301,6267,3075,3192
122000302,487,2034,-1547
122000303,2383,1045,1338
122000304,77,149,-72
122000305,1192,204,988
122000306,52,379,-327
122000307,96,128,-32
122000309,47,43,4
122000310,27,68,-41
122000311,122,86,36
122000312,124,153,-29
122000313,74,64,10
122000314,96,198,-102
122000315,308,55,253
122000316,959,220,739
122000317,1668,221,1447
122000318,269,957,-688
122000319,147,293,-146
122000320,274,791,-517
122000321,66,142,-76
122000322,1449,1963,-514
122000323,812,2190,-1378
122000324,986,1207,-221
122000325,771,1880,-1109
122000326,108,74,34
122000327,374,574,-200
122000328,511,351,160
122000330,1460,931,529
122000332,196,279,-83
122000333,10,55,-45
122000337,1009,646,363
122000338,520,286,234
122000340,208,741,-533
122000342,1168,774,394
122000343,463,567,-104
122000344,100,15,85
122000345,28,22,6
122000346,317,220,97
122000348,943,713,230
122000349,83,595,-512
122000351,152,221,-69
122000352,331,155,176
122000353,129,86,43
122000355,112,281,-169
122000356,842,1131,-289
122000357,89,24,65
122000358,0,15,-15
122000359,0,15,-15
122000360,1,32,-31
122000362,15,45,-30
122000364,285,281,4
122000365,5,56,-51
122000366,12,3,9
122000368,482,528,-46
122000370,35,25,10
122000371,37,0,37
122000372,4,1,3
122000381,152,288,-136
122000382,106,160,-54
122000384,1482,919,563
122000385,64,0,64
122000386,265,1528,-1263
122000387,457,532,-75
122000388,1342,675,667
122000389,189,738,-549
122000390,275,275,0
122000391,210,445,-235
122000392,188,113,75
122000393,37,117,-80
122000394,606,240,366
122000395,133,103,30
122000396,243,77,166
122000397,20,23,-3
122000398,23,53,-30
122000399,149,56,93
122000400,86,676,-590
122000401,138,59,79
122000402,351,107,244
122000403,435,468,-33
122000404,174,144,30
122000408,584,854,-270
122000503,9,104,-95
122000524,223,173,50
122000544,68,1937,-1869
122000616,198,2,196
122000640,101,79,22
122000641,118,175,-57
122000642,1002,661,341
122000643,76,208,-132
122000644,105,51,54
122000645,95,186,-91
122000651,732,1047,-315
122000664,129,24,105
122000665,1126,432,694
122000666,615,974,-359
122000673,29,143,-114
122000674,171,55,116
122000675,1728,537,1191
122000686,379,623,-244
122000687,1549,236,1313
122000688,249,343,-94
122000689,1064,278,786
122000690,2398,273,2125
122000691,798,777,21
122000692,1670,304,1366
122000693,429,1093,-664
122000695,436,275,161
122000696,585,130,455
122000698,416,408,8
122000699,178,89,89
122000701,1472,289,1183
122000702,379,755,-376
122000703,166,55,111
122000717,80,68,12
122000718,287,807,-520
122000719,115,64,51
122000720,522,86,436
122000724,75,32,43
122900001,34,9,25
122900002,910,5893,-4983
122900003,406,36,370
122900004,1880,71,1809
122900005,143,138,5
122900006,693,1074,-381
122900007,305,140,165
122900008,398,187,211
122900009,514,485,29
122900010,202,101,101
122900012,190,405,-215
122900014,172,156,16
122900015,805,1307,-502
122900016,132,197,-65
122900017,257,567,-310
122900018,189,28,161
122900019,13,110,-97
122900020,164,348,-184
122900021,40,337,-297
122900022,1117,664,453
122900023,586,168,418
122900024,153,90,63
122900025,22,349,-327
122900026,34,180,-146
122900027,38,532,-494
122900028,112,120,-8
122900029,3535,2514,1021
122900030,1086,580,506
122900031,33,305,-272
122900032,100,396,-296
122900033,227,141,86
122900034,3429,4513,-1084
122900035,66,9,57
122900036,72,68,4
122900037,408,115,293
122900038,98,2842,-2744
122900039,99,563,-464
122900040,258,403,-145
122900041,335,322,13
122900042,163,304,-141
122900043,412,189,223
122900044,60,385,-325
122900045,123,96,27
122900046,159,275,-116
122900047,144,153,-9
122900048,51,201,-150
122900049,1109,155,954
122900051,86,138,-52
122900052,123,139,-16
122900053,23,35,-12
122900055,367,118,249
122900057,273,54,219
122900061,481,220,261
122900062,519,658,-139
122900063,140,200,-60
122900064,728,385,343
122900065,613,228,385
122900066,719,364,355
122900067,810,495,315
122900068,134,237,-103
122900069,367,1510,-1143
122900070,287,55,232
122900071,127,261,-134
122900072,8,284,-276
122900073,30,111,-81
122900074,946,395,551
122900075,0,76,-76
122900076,4,115,-111
122900077,1,62,-61
122900078,202,37,165
122900080,31,50,-19
122900081,123,178,-55
122900082,887,170,717
122900083,138,119,19
122900084,11,154,-143
122900086,20,138,-118
122900087,322,472,-150
122900088,31,243,-212
122900089,22,261,-239
122900090,2,226,-224
122900091,300,1,299
122900092,12,135,-123
122900093,0,123,-123
122900094,0,122,-122
122900095,200,9,191
122900096,478,44,434
122900097,32,59,-27
122900098,55,151,-96
122900099,114,28,86
122900100,198,478,-280
122900101,414,272,142
122900102,18,27,-9
122900103,118,4,114
122900104,192,8,184
122900105,21,16,5
122900106,7,35,-28
122900107,8,81,-73
122900108,2,98,-96
123000001,867,441,426
123000002,2541,5527,-2986
123000003,3716,4377,-661
123000004,2248,3226,-978
123000005,2588,2586,2
123000006,1643,1573,70
123000007,4015,2291,1724
123000008,2149,2179,-30
123000009,4407,2607,1800
123000010,2769,2882,-113
123000011,1746,734,1012
123000012,592,1891,-1299
123000013,3198,849,2349
123000014,671,2804,-2133
123000015,2060,1009,1051
123000016,2573,3830,-1257
123000017,2997,1636,1361
123000018,55,122,-67
123000019,520,74,446
123000020,324,45,279
123000021,190,229,-39
123000022,366,1756,-1390
123000023,1536,1838,-302
123000024,1569,588,981
123000025,105,124,-19
123000026,41,130,-89
123000027,111,645,-534
123000028,1442,794,648
123000029,602,1218,-616
123000030,338,148,190
123000031,283,183,100
123000032,453,113,340
123000033,228,65,163
123000034,976,681,295
123000035,368,394,-26
123000036,247,850,-603
123000037,217,178,39
123000038,49,215,-166
123000039,340,1625,-1285
123000040,557,249,308
123000041,882,1169,-287
123000042,524,511,13
123000043,2047,10972,-8925
123000044,2825,2313,512
123000045,3893,2831,1062
123000046,386,1451,-1065
123000047,1289,929,360
123000048,74,957,-883
123000049,4500,9609,-5109
123000050,1662,1414,248
123000051,82,172,-90
123000052,751,2956,-2205
123000053,2187,2544,-357
123000054,1528,1518,10
123000055,1478,3105,-1627
123000056,1041,1492,-451
123000057,4988,6144,-1156
123000058,584,1110,-526
123000059,284,441,-157
123000060,877,337,540
123000061,276,574,-298
123000063,817,839,-22
123000064,1025,254,771
123000065,4060,2132,1928
123000066,547,465,82
123000067,891,385,506
123000068,2041,2050,-9
123000069,4779,2127,2652
123000070,164,455,-291
123000071,1310,609,701
123000072,1148,540,608
123000073,1454,666,788
123000074,956,697,259
123000075,345,1157,-812
123000076,681,395,286
123000077,1765,1516,249
123000078,1728,1177,551
123000079,1764,1276,488
123000080,2083,1066,1017
123000081,121,213,-92
123000082,249,737,-488
123000083,868,254,614
123000084,721,353,368
123000085,502,76,426
123000086,693,104,589
123000087,535,197,338
123000088,1165,545,620
123000089,534,738,-204
123000090,1115,740,375
123000091,1122,1191,-69
123000092,743,860,-117
123000094,529,236,293
123000095,647,495,152
123000096,868,273,595
123000097,513,387,126
123000098,878,381,497
123000099,670,432,238
123000100,417,688,-271
123000101,446,520,-74
123000102,364,638,-274
123000104,355,426,-71
123000105,433,349,84
123000106,316,446,-130
123000107,233,393,-160
123000108,394,767,-373
123000111,974,353,621
123000112,1368,403,965
123000113,470,768,-298
123000114,298,557,-259
123000115,297,221,76
123000116,55,102,-47
123000117,1557,1073,484
123000118,442,579,-137
123000119,200,594,-394
123000120,300,486,-186
123000121,369,393,-24
123000122,278,293,-15
123000123,408,452,-44
123000124,338,390,-52
123000125,1110,1256,-146
123000126,1082,4248,-3166
123000127,536,528,8
123000128,256,181,75
123000129,855,184,671
123000130,720,85,635
123000131,1054,684,370
123000132,251,417,-166
123000133,163,233,-70
123000134,212,103,109
123000135,2662,905,1757
123000136,230,463,-233
123000137,88,154,-66
123000138,77,238,-161
123000139,655,95,560
123000140,117,401,-284
123000141,633,154,479
123000142,732,630,102
123000143,739,1262,-523
123000144,43,32,11
123000145,239,293,-54
123000146,57,74,-17
123000147,50,72,-22
123000149,313,273,40
123000150,142,201,-59
123000151,179,481,-302
123000152,121,418,-297
123000153,279,741,-462
123000154,1226,1755,-529
123000155,1589,1239,350
123000156,20,89,-69
123000157,510,813,-303
123000158,507,691,-184
123000159,2637,2574,63
123000160,977,856,121
123000161,1691,1174,517
123000162,1114,1522,-408
123000163,624,153,471
123000164,1750,299,1451
123000165,334,989,-655
123000166,45,94,-49
123000167,115,192,-77
123000168,259,132,127
123000169,1002,119,883
123000170,103,63,40
123000171,975,6,969
123000172,143,337,-194
123000173,501,282,219
123000174,1041,425,616
123000175,465,768,-303
123000176,1125,288,837
123000177,305,683,-378
123000178,765,183,582
123000179,51,304,-253
123000180,1551,263,1288
123000181,277,840,-563
123000182,255,209,46
123000183,172,469,-297
123000184,77,372,-295
123000185,925,250,675
123000186,4,292,-288
123000187,659,7,652
123000188,142,0,142
123000189,219,130,89
123000190,89,78,11
123000192,24,274,-250
123000193,92,566,-474
123000194,392,219,173
123000195,297,40,257
123000196,355,23,332
123000197,72,101,-29
123000198,34,791,-757
123000199,12,514,-502
123000200,600,10,590
123000201,1297,27,1270
123000202,12,572,-560
123000203,1083,68,1015
123000204,71,671,-600
123000205,389,978,-589
123000206,2312,265,2047
123000207,66,557,-491
123000208,530,213,317
123000209,2238,690,1548
123000210,416,1364,-948
123000211,453,1509,-1056
123000212,3370,471,2899
123000213,612,77,535
123000215,59,170,-111
123000216,172,589,-417
123000217,175,39,136
123000218,54,672,-618
123000219,502,60,442
123000220,442,117,325
123000221,136,72,64
123000222,451,286,165
123000223,606,157,449
123000224,493,257,236
123000225,255,57,198
123000226,115,268,-153
123000227,76,160,-84
123000228,334,54,280
123000229,639,1043,-404
123000232,93,409,-316
123000233,769,169,600
123000234,191,411,-220
123000235,1521,233,1288
123000236,293,422,-129
123000237,293,102,191
123000238,78,280,-202
123000239,360,732,-372
123000240,56,548,-492
123000241,310,76,234
123000242,284,154,130
123000243,710,867,-157
123000244,835,755,80
123000245,35,131,-96
123000249,811,456,355
123000252,867,292,575
123000253,1416,482,934
123000254,686,582,104
123000255,1142,693,449
123000256,30,215,-185
123000257,2003,1153,850
123000258,910,488,422
123000259,425,368,57
123000260,491,294,197
123000261,315,135,180
123000262,104,121,-17
123000263,500,82,418
123000264,217,96,121
123000265,30,104,-74
123000266,562,509,53
123000267,652,298,354
123000268,61,54,7
123000269,59,59,0
123000270,37,44,-7
123000271,59,64,-5
123000272,676,263,413
123000273,254,766,-512
123000274,1036,516,520
123000275,258,663,-405
123000278,1602,2098,-496
123000279,112,49,63
123000280,297,200,97
123000281,279,85,194
123000282,102,234,-132
123000283,143,51,92
123000284,54,67,-13
123000286,206,369,-163
123000287,403,281,122
123000288,1511,1131,380
123000289,330,1355,-1025
123000291,268,714,-446
123000294,154,189,-35
123000295,856,991,-135
123000296,835,415,420
123000297,875,292,583
123000298,842,298,544
123000299,86,92,-6
123000300,1164,805,359
123000301,124,291,-167
123000302,73,141,-68
123000303,129,204,-75
123000305,609,759,-150
123000306,187,90,97
123000309,44,51,-7
123000310,59,43,16
123000311,1,66,-65
123000312,308,496,-188
123000313,592,297,295
123000315,162,172,-10
123000316,690,80,610
123000317,203,86,117
123000318,51,149,-98
123000329,11,18,-7
123000337,664,557,107
123000338,348,134,214
123000339,356,79,277
123000340,102,191,-89
123000342,18,26,-8
123000343,36,8,28
123000344,749,359,390
123000345,343,483,-140
123000346,432,34,398
123000352,858,700,158
123000353,18,83,-65
123000354,192,12,180
123000355,0,171,-171
123000356,349,7,342
123000357,1,94,-93
123000359,3,87,-84
123000360,195,106,89
123000361,138,240,-102
123000362,527,57,470
123000363,137,142,-5
123000364,413,402,11
123000365,14,441,-427
123000366,386,2099,-1713
123000367,299,666,-367
123000370,36,201,-165
123000371,827,34,793
123000372,271,25,246
123000373,10,240,-230
123000374,15,142,-127
123000375,316,30,286
123000376,841,566,275
123000377,588,8,580
123000378,20,195,-175
123000379,2,140,-138
123000380,37,371,-334
123000381,105,119,-14
123000382,601,138,463
123000383,72,1147,-1075
123000384,421,140,281
123000385,160,584,-424
123000436,23,1168,-1145
123000507,82,161,-79
123000508,125,953,-828
123000517,224,24,200
123000518,34,167,-133
123000519,145,60,85
123000520,45,182,-137
123000521,382,93,289
123000522,112,292,-180
123000541,4,2,2
123000542,0,10,-10
123000565,0,0,0
123000566,1138,292,846
123000567,84,138,-54
123000573,51,361,-310
123000574,776,80,696
123000575,1369,611,758
123000576,1118,783,335
123000577,62,567,-505
123000578,288,85,203
123000579,1079,6242,-5163
123000580,97,47,50
123000582,576,15,561
123000583,27,224,-197
123000584,173,278,-105
123000585,0,63,-63
123000586,52,1,51
123000596,72,64,8
123000597,53,107,-54
123000602,109,14,95
123000603,964,327,637
123000604,587,346,241
123000605,621,116,505
123000606,2,375,-373
123000609,17,331,-314
123000610,168,118,50
123000613,36,132,-96
123000614,243,46,197
123000615,29,61,-32
123000616,1029,79,950
123000617,93,152,-59
123000618,76,356,-280
123000619,589,33,556
123000620,34,234,-200
123000622,562,13,549
123000624,197,34,163
123000630,1234,420,814
123000631,244,552,-308
123000632,424,464,-40
123000633,2,101,-99
123000634,45,186,-141
123000635,66,69,-3
123000636,40,312,-272
123000637,272,36,236
123000638,439,26,413
123000639,753,5137,-4384
123000640,9,393,-384
123900001,860,30,830
123900002,40,1255,-1215
123900003,190,224,-34
123900005,262,142,120
123900006,302,35,267
124000001,1827,156,1671
124000002,57,949,-892
124000003,986,130,856
124000004,52,331,-279
124000005,1191,605,586
124000006,177,619,-442
124000007,353,98,255
124000008,16,311,-295
124000009,668,206,462
124000010,187,306,-119
124000011,1031,288,743
124000012,224,287,-63
124000017,198,99,99
124000018,117,57,60
124000019,136,86,50
124000020,36,106,-70
124000021,113,82,31
124000022,72,152,-80
124000023,1351,1362,-11
124000024,1062,380,682
124000025,1109,1714,-605
124000026,869,794,75
124000027,4193,4580,-387
124000028,1130,3216,-2086
124000030,1783,1160,623
124000031,1125,4187,-3062
124000032,1284,577,707
124000033,5,241,-236
124000034,584,456,128
124000035,52,280,-228
124000036,38,136,-98
124000037,542,969,-427
124000038,45,58,-13
124000039,714,365,349
124000040,388,1093,-705
124000041,479,101,378
124000042,88,327,-239
124000043,125,137,-12
124000044,63,131,-68
124000045,933,396,537
124000046,289,497,-208
124000047,2139,593,1546
124000048,1096,616,480
124000049,2052,483,1569
124000050,825,939,-114
124000051,1073,450,623
124000052,507,556,-49
124000053,559,1705,-1146
124000054,678,326,352
124000055,1260,3190,-1930
124000056,1268,966,302
124000057,1142,571,571
124000058,407,767,-360
124000059,667,1258,-591
124000060,712,469,243
124000061,1236,5596,-4360
124000062,1953,1354,599
124000063,925,1130,-205
124000064,1429,842,587
124000065,17,408,-391
124000066,170,570,-400
124000067,220,153,67
124000068,13,9,4
124000069,134,10,124
124000070,33,45,-12
124000071,170,89,81
124000072,142,334,-192
124000073,1226,144,1082
124000074,169,513,-344
124000075,447,28,419
124000076,6,98,-92
124000077,1033,764,269
124000078,2450,1090,1360
124000079,211,1160,-949
124000080,569,208,361
124000081,240,340,-100
124000082,49,175,-126
124000083,50,75,-25
124000084,65,494,-429
124000085,86,65,21
124000086,48,135,-87
124000087,163,120,43
124000088,264,574,-310
124000089,961,293,668
124000090,131,226,-95
124000091,528,124,404
124000092,114,432,-318
124000093,93,168,-75
124000094,122,608,-486
124000095,121,90,31
124000096,139,218,-79
124000097,92,120,-28
124000098,53,78,-25
124000099,293,131,162
124000100,82,120,-38
124000101,89,91,-2
124000102,60,42,18
124000103,135,111,24
124000104,76,16,60
124000105,129,75,54
124000106,122,26,96
124000107,16,166,-150
124000108,25,13,12
124000109,154,115,39
124000110,126,80,46
124000111,190,132,58
124000112,749,409,340
124000113,110,58,52
124000114,326,246,80
124000115,418,426,-8
124000116,105,176,-71
124000117,54,89,-35
124000118,42,75,-33
124000119,797,430,367
124000120,526,383,143
124000121,1033,518,515
124000122,469,1118,-649
124000123,993,407,586
124000124,325,814,-489
124000125,429,445,-16
124000126,276,466,-190
124000127,917,319,598
124000128,549,647,-98
124000129,2190,1452,738
124000130,614,454,160
124000131,823,560,263
124000132,770,602,168
124000133,876,777,99
124000134,856,444,412
124000135,1589,2075,-486
124000136,700,732,-32
124000137,1024,1052,-28
124000138,1401,1147,254
124000139,409,24,385
124000140,13,313,-300
124000141,169,8,161
124000142,19,154,-135
124000143,57,11,46
124000144,25,31,-6
124000145,166,25,141
124000146,26,32,-6
124000148,15,92,-77
124000149,1078,433,645
124000150,242,436,-194
124000151,971,499,472
124000152,616,774,-158
124000153,798,1199,-401
124000154,426,863,-437
124000155,1237,895,342
124000156,1116,1185,-69
124000169,198,378,-180
124000170,411,403,8
124000171,355,207,148
124000172,356,375,-19
124000173,496,155,341
124000174,346,398,-52
124000175,6,84,-78
124000176,34,24,10
124000177,8,40,-32
124000178,38,74,-36
124000190,45,75,-30
124000191,64,178,-114
124000192,1111,387,724
124000193,249,677,-428
124000194,267,345,-78
124000195,305,520,-215
124000196,762,684,78
124000197,67,29,38
124000198,62,48,14
124000201,267,460,-193
124000202,668,232,436
124000203,544,251,293
124000204,1024,196,828
124000205,156,244,-88
124000206,840,194,646
124000207,0,31,-31
124000209,189,270,-81
124000210,669,159,510
124000211,750,8,742
124000212,1,194,-193
124000213,586,185,401
124000214,499,267,232
124000215,588,33,555
124000216,1,205,-204
124000329,101,837,-736
124000338,68,374,-306
124000339,1332,84,1248
124000341,1699,86,1613
124000344,58,42,16
124000357,1247,2237,-990
124000358,855,1417,-562
124000359,1210,550,660
124000360,964,385,579
124000361,1930,813,1117
124000362,774,1062,-288
124000363,235,222,13
124000364,345,479,-134
124000365,381,691,-310
124000366,934,628,306
124000367,85,235,-150
124000368,418,440,-22
124000369,125,82,43
124000370,34,356,-322
124000402,27,8,19
124000403,164,43,121
124000404,11,48,-37
124000405,1049,701,348
124000406,617,605,12
124000407,0,29,-29
124000411,7,154,-147
124000412,422,12,410
124000413,120,29,91
124000414,86,103,-17
124000415,39,49,-10
124000416,130,116,14
124000417,204,94,110
124000418,244,96,148
124000419,114,98,16
124000420,133,46,87
124000421,52,74,-22
124000422,19,13,6
124000423,112,27,85
124000424,2,50,-48
124000425,59,11,48
124000426,11,32,-21
124000427,60,12,48
124000428,9,40,-31
124000429,93,49,44
124000430,768,385,383
124000431,329,334,-5
124000432,354,391,-37
124000439,13,3,10
124000443,5,3,2
124000445,156,901,-745
124000446,630,140,490
124900001,631,405,226
124900002,187,170,17
124900003,1056,436,620
124900004,709,232,477
124900005,187,88,99
124900006,754,241,513
124900008,1054,564,490
124900009,201,390,-189
124900010,237,155,82
124900011,774,369,405
124900012,497,51,446
124900013,590,146,444
124900014,335,82,253
124900015,161,383,-222
124900016,98,137,-39
124900017,486,1915,-1429
124900018,91,5,86
124900020,85,55,30
124900021,361,37,324
124900022,88,15,73
124900024,301,19,282
124900026,216,32,184
124900027,139,523,-384
124900028,380,90,290
124900029,12,533,-521
124900030,10,82,-72
124900031,46,197,-151
124900032,150,236,-86
124900033,107,225,-118
124900034,9,81,-72
124900035,179,337,-158
124900036,2,66,-64
124900037,198,232,-34
124900038,255,191,64
124900039,5,70,-65
124900040,122,97,25
124900041,229,553,-324
124900042,175,0,175
124900043,445,595,-150
124900044,136,8,128
124900045,567,982,-415
124900046,595,260,335
124900047,122,162,-40
124900048,185,96,89
124900050,151,151,0
124900052,95,225,-130
124900053,161,248,-87
124900054,845,517,328
124900055,1,126,-125
124900057,7,50,-43
124900060,64,149,-85
124900061,120,11,109
124900062,220,18,202
124900066,0,19,-19
124900067,5,88,-83
124900068,207,616,-409
124900070,34,11,23
124900072,156,40,116
124900074,549,155,394
124900075,272,167,105
124900076,27,1223,-1196
124900077,29,73,-44
124900078,76,21,55
124900079,361,187,174
124900080,326,363,-37
124900081,1050,227,823
124900082,315,435,-120
124900083,271,347,-76
124900084,981,119,862
124900085,630,722,-92
124900086,76,1335,-1259
124900087,312,122,190
124900088,387,101,286
124900089,851,49,802
124900090,462,210,252
124900091,364,200,164
124900092,208,142,66
124900093,389,170,219
124900094,501,210,291
124900095,100,567,-467
124900096,444,300,144
124900097,406,58,348
124900098,142,214,-72
124900099,387,516,-129
124900100,324,84,240
124900101,42,249,-207
124900102,238,27,211
124900103,171,94,77
124900104,61,102,-41
124900105,77,77,0
124900106,445,35,410
124900107,124,29,95
124900108,172,110,62
124900109,71,119,-48
124900110,333,266,67
124900111,0,111,-111
124900112,41,258,-217
124900113,71,284,-213
124900114,109,142,-33
124900115,55,18,37
124900116,307,224,83
124900117,213,181,32
124900118,194,367,-173
124900119,513,210,303
124900120,43,249,-206
124900121,123,411,-288
124900122,169,157,12
124900123,203,130,73
124900124,138,245,-107
129000186,105,72,33
204000001,72,11,61
204000002,12,2,10
204000003,17,5,12
204000004,11,3,8
204000005,566,386,180
204000006,1159,925,234
204000011,7,23,-16
204000012,42,64,-22
204000013,0,10,-10
204000019,694,383,311
204000020,629,597,32
204000021,1493,925,568
204000022,578,428,150
204000023,528,498,30
204000031,67,12,55
204000032,280,34,246
204000034,21,96,-75
204000035,1,4,-3
204000036,6,41,-35
204000037,0,17,-17
204000038,1,10,-9
204000039,4,14,-10
204000040,4,2,2
204000041,19,28,-9
204000042,39,12,27
204000043,55,7,48
204000044,38,4,34
204000045,64,0,64
204000046,18,1,17
204000057,4,24,-20
204000062,19,16,3
204000068,22,227,-205
204000069,59,244,-185
204000070,67,62,5
204000080,64,54,10
204000085,1839,1093,746
204000086,1626,1276,350
204000087,53,7,46
204000088,16,93,-77
204000090,20,216,-196
204000093,537,27,510
204000096,985,866,119
204000097,546,8,538
204000099,1051,1228,-177
204000100,1573,1670,-97
204000105,1608,905,703
204000110,684,931,-247
204000111,388,482,-94
204000112,649,1313,-664
204000113,288,877,-589
204000114,707,638,69
204000115,526,255,271
204000116,811,911,-100
204000119,1941,2165,-224
204000132,640,332,308
204000133,775,159,616
204000134,286,97,189
204000135,592,73,519
204000136,582,158,424
204000138,395,518,-123
204000140,219,109,110
204000141,176,45,131
204000144,8,19,-11
204000145,494,40,454
204000146,29,225,-196
204000147,10,100,-90
204000148,197,5,192
204000154,3,3,0
204000155,5,5,0
204000177,49,34,15
204000179,51,3,48
204000180,0,19,-19
204000222,4,20,-16
204000235,23,9,14
204000236,57,147,-90
204000238,21,12,9
204000240,389,45,344
204000263,499,618,-119
204000268,819,475,344
204000308,140,9,131
204000317,13,81,-68
204000322,8,65,-57
204000323,8,3,5
204000328,175,47,128
204000329,35,134,-99
204000330,146,5,141
204000331,36,90,-54
204010341,13,168,-155
205000001,627,1125,-498
205000013,6,58,-52
205000014,20,55,-35
205000015,32,106,-74
205000016,14,86,-72
205000017,22,76,-54
205000022,221,586,-365
205000025,905,755,150
205000029,256,13,243
205000045,102,657,-555
205000046,130,407,-277
205000047,95,397,-302
205000048,324,565,-241
205000049,163,498,-335
205000050,548,212,336
205000059,0,139,-139
205000060,0,69,-69
205000061,3,84,-81
205000062,1,115,-114
205000063,22,143,-121
205000064,15,71,-56
205000065,42,381,-339
205000066,85,400,-315
205000067,15,598,-583
205000069,235,21,214
205000082,163,225,-62
205000110,60,186,-126
205000111,167,126,41
205000112,166,172,-6
205000113,173,297,-124
205000121,337,35,302
205000123,50,188,-138
205000126,441,75,366
205000127,812,111,701
205000128,358,32,326
205000129,668,36,632
205000130,115,22,93
205000131,50,1,49
205000132,88,1,87
205000133,74,1,73
205000134,217,0,217
205000137,56,136,-80
205000138,114,412,-298
205000139,25,112,-87
205000144,90,52,38
205000145,372,150,222
205000151,197,27,170
205000152,190,18,172
205000153,242,9,233
205000154,97,36,61
205000155,94,6,88
205000207,8,141,-133
205000233,25,0,25
205000234,0,0,0
205000243,0,0,0
205000244,0,5,-5
205000245,12,108,-96
205000249,1,15,-14
205000250,1,5,-4
205000264,8,72,-64
206000027,3,6,-3
206000028,10,1,9
206000043,10,41,-31
206000053,1,5,-4
206000054,3,29,-26
206000055,0,18,-18
206000075,11,27,-16
206000076,15,8,7
206000077,23,4,19
206000078,32,9,23
206000079,31,5,26
206000082,320,51,269
206000100,20,297,-277
206000103,3,5,-2
206000104,18,9,9
206000105,6,12,-6
206000106,5,19,-14
206000108,628,55,573
206000125,71,0,71
206000157,35,382,-347
206000170,1,105,-104
206000171,4,135,-131
206000172,17,176,-159
206000173,2,104,-102
206000174,15,36,-21
206000175,3,47,-44
206000176,13,67,-54
206000177,1,67,-66
206000178,0,81,-81
206000179,4,61,-57
206000180,11,69,-58
206000181,5,53,-48
206000182,1,57,-56
206000183,15,155,-140
206000184,6,119,-113
206000185,6,47,-41
206000186,63,324,-261
206000223,6,123,-117
206000226,16,2,14
206000227,28,1,27
206000237,36,113,-77
206000238,12,256,-244
206000239,150,937,-787
206000240,0,53,-53
206000241,0,53,-53
206000242,4,91,-87
206000243,5,79,-74
206000244,32,145,-113
206000245,1169,53,1116
206000246,375,5,370
206000247,435,12,423
206000248,576,16,560
206000252,57,50,7
206000258,37,36,1
206000315,31,5,26
206000317,780,111,669
206000318,761,68,693
206000319,2369,78,2291
206000320,317,30,287
206000321,379,13,366
206000322,675,12,663
206000323,201,13,188
206000324,236,5,231
206000325,190,15,175
206000326,229,18,211
206000327,103,8,95
206000328,281,1,280
206000329,371,4,367
206000330,83,12,71
206000331,295,2,293
206000332,81,1,80
206000333,910,5,905
206000334,365,0,365
206000335,0,19,-19
206000361,5,144,-139
206000392,1,14,-13
206000405,159,0,159
206000441,47,17,30
206000498,46,0,46
206000515,88,41,47
206000530,432,82,350
206000531,283,306,-23
206000532,1626,355,1271
206000535,86,1317,-1231
206000536,10,63,-53
206000537,6,99,-93
206000613,1925,269,1656
207000001,89,569,-480
207000002,106,304,-198
207000003,124,139,-15
207000007,1300,205,1095
207000008,154,8,146
207000009,49,60,-11
207000010,206,210,-4
207000012,477,201,276
207000015,198,602,-404
207000019,199,67,132
207000021,478,182,296
207000022,204,120,84
207000023,239,50,189
207000024,5,12,-7
207000025,44,52,-8
207000026,70,36,34
207000027,9,48,-39
207000028,47,148,-101
207000029,146,304,-158
207000033,201,434,-233
207000034,280,127,153
207000039,614,58,556
207000040,540,44,496
207000041,194,31,163
207000042,300,45,255
207000043,219,129,90
207000051,100,185,-85
207000052,29,96,-67
207000053,428,388,40
207000054,47,83,-36
207000055,150,81,69
207000056,296,186,110
207000057,115,146,-31
207000058,108,161,-53
207000059,92,252,-160
207000060,61,111,-50
207000061,216,673,-457
207000062,358,38,320
207000063,406,76,330
207000064,351,86,265
207000065,368,181,187
207000066,235,136,99
207000067,32,66,-34
207000068,117,29,88
207000069,730,188,542
207000082,3,111,-108
207000083,67,151,-84
207000084,393,235,158
207000085,278,19,259
207000086,237,10,227
207000106,43,23,20
207000107,117,12,105
207000108,78,16,62
207000109,66,10,56
207000110,62,69,-7
207000111,134,94,40
207000112,112,649,-537
207000114,16,16,0
207000115,32,29,3
207000116,19,307,-288
207000117,5,66,-61
207000118,6,61,-55
207000119,24,63,-39
207000123,160,13,147
207000124,83,34,49
207000125,69,34,35
207000126,71,43,28
207000134,135,85,50
207000135,27,102,-75
207000148,104,258,-154
207000149,69,39,30
207000152,83,329,-246
207000153,493,1068,-575
207000154,268,166,102
207000159,112,88,24
207000160,102,206,-104
207000238,0,146,-146
207000242,4,108,-104
207000248,32,38,-6
207000249,97,43,54
207000250,364,49,315
207000251,74,79,-5
207000252,67,37,30
207000278,114,73,41
207000279,20,116,-96
207000280,758,33,725
207000281,108,389,-281
207000282,119,128,-9
207000283,44,165,-121
207000284,28,380,-352
207000285,49,62,-13
207000291,19,85,-66
207000304,95,46,49
207000306,56,259,-203
207000310,90,51,39
207000353,232,2,230
207000356,7,50,-43
207000357,16,20,-4
207000358,12,14,-2
207000415,0,88,-88
207000417,33,1,32
207000418,94,113,-19
207000438,0,1,-1
207000439,620,736,-116
207000446,174,6,168
207000460,38,9,29
207000466,134,92,42
207000467,318,57,261
207000468,61,153,-92
207000476,9,26,-17
207000477,678,36,642
207000478,3,74,-71
207000523,0,7,-7
207000524,35,0,35
207000527,123,125,-2
207000530,562,7,555
207000531,332,8,324
207000532,90,39,51
207000534,189,62,127
207000535,28,219,-191
207000537,14,55,-41
207000540,14,75,-61
207000541,3,181,-178
207000548,7,157,-150
207000549,274,13,261
207000561,210,203,7
207000562,33,84,-51
207000567,112,161,-49
207000568,243,28,215
207000569,639,265,374
207000584,171,158,13
207000585,53,333,-280
207000616,0,67,-67
207000617,200,0,200
207900008,351,73,278
208000001,598,1111,-513
208000002,630,492,138
208000003,1028,322,706
208000004,774,637,137
208000005,8,8,0
208000019,604,677,-73
208000020,192,341,-149
208000021,221,249,-28
208000022,939,374,565
208000028,872,1386,-514
208000033,571,440,131
208000034,888,1113,-225
208000037,167,10,157
208000040,153,103,50
208000041,609,445,164
208000042,802,500,302
208000047,190,145,45
208000064,1940,1097,843
208000066,1421,2345,-924
208000070,338,322,16
208000071,527,471,56
208000072,465,818,-353
208000080,306,335,-29
208000081,348,117,231
208000082,292,152,140
208000083,172,222,-50
208000084,7,14,-7
208000085,704,576,128
208000086,399,817,-418
208000087,360,590,-230
208000089,978,273,705
208000090,901,361,540
208000093,118,140,-22
208000094,380,306,74
208000095,543,355,188
208000104,1090,620,470
208000105,606,738,-132
208000114,118,355,-237
208000115,507,252,255
208000116,683,840,-157
208000117,114,102,12
208000118,117,161,-44
208000155,628,912,-284
208000158,1099,3226,-2127
208000186,2220,3409,-1189
208000204,598,898,-300
208000205,1171,712,459
208000282,3398,2576,822
209000004,381,169,212
209000005,52,36,16
209000006,451,175,276
209000007,235,245,-10
209000010,285,96,189
209000011,118,204,-86
209000012,94,108,-14
209000013,210,132,78
209000014,314,459,-145
209000025,440,43,397
209000026,751,102,649
209000027,344,453,-109
209000028,265,326,-61
209000029,391,452,-61
209000030,310,717,-407
209000031,1531,1170,361
209000034,173,161,12
209000035,104,142,-38
209000036,196,78,118
209000037,264,114,150
209000038,125,96,29
209000039,82,92,-10
209000040,250,351,-101
209000041,158,290,-132
209000042,233,280,-47
209000043,521,635,-114
209000044,226,679,-453
209000045,987,278,709
209000046,518,331,187
209000047,392,149,243
209000048,551,278,273
209000049,78,43,35
209000050,138,59,79
209000051,192,120,72
209000052,131,123,8
209000062,51,34,17
209000063,42,34,8
209000064,38,35,3
209000065,90,20,70
209000066,99,11,88
209000067,100,24,76
209000080,25,144,-119
209000082,71,13,58
209000091,18,83,-65
209000093,50,17,33
209000094,77,152,-75
209000110,46,104,-58
209000111,508,1576,-1068
209000112,1207,409,798
209000113,1709,424,1285
209000114,938,408,530
209000115,46,42,4
209000116,273,167,106
209000118,25,33,-8
209000119,13,11,2
209000121,87,267,-180
209000135,37,147,-110
209000142,490,1621,-1131
209000143,41,50,-9
209000144,34,112,-78
209000229,224,111,113
209000240,35,129,-94
209000259,34,54,-20
209000260,31,601,-570
209000261,6,344,-338
209000262,2,209,-207
209000263,1,130,-129
209000264,1,272,-271
209000265,324,2,322
209000266,123,1,122
209000267,1063,11,1052
209000268,483,67,416
210000037,57,19,38
210000047,67,8,59
210000048,130,17,113
210000049,51,4,47
210000052,73,41,32
210000053,20,37,-17
210000054,48,49,-1
210000070,154,2,152
210000071,93,0,93
210000072,26,0,26
210000073,1,19,-18
210000074,0,92,-92
210000075,5,90,-85
210000076,15,116,-101
210000077,8,33,-25
210000078,17,27,-10
210000079,9,12,-3
210000080,45,48,-3
210000081,145,18,127
210000082,127,2,125
210000083,76,3,73
210000084,20,1,19
210000085,1,46,-45
210000086,3,83,-80
210000099,51,172,-121
210000100,44,117,-73
210000101,74,139,-65
210000105,35,134,-99
210000159,1,167,-166
210000163,96,166,-70
210000164,227,259,-32
210000168,50,18,32
210000187,0,18,-18
210000188,0,11,-11
210000214,25,0,25
210000219,52,50,2
210000220,95,32,63
210000232,10,17,-7
210000233,48,37,11
210000234,38,80,-42
210000235,66,42,24
210000245,2,42,-40
210000246,18,1,17
210000258,6,61,-55
210000259,294,71,223
210000282,76,178,-102
210000285,1,108,-107
210000286,21,151,-130
210000290,4,14,-10
210000295,60,85,-25
210000296,40,20,20
210000320,193,40,153
210000321,183,58,125
210000338,40,50,-10
210000339,193,952,-759
210000340,93,318,-225
210000341,214,208,6
210000342,195,156,39
210000343,158,180,-22
210000344,118,84,34
210000345,148,171,-23
210000346,44,100,-56
210000347,23,44,-21
210000348,80,24,56
210000349,35,29,6
210000350,153,46,107
210000351,163,71,92
210000352,66,39,27
210000353,42,40,2
210000354,42,53,-11
210000355,32,19,13
210000356,21,26,-5
210000357,30,30,0
210000358,137,106,31
210000359,43,65,-22
210000360,134,115,19
210000361,140,91,49
210000362,234,149,85
210000363,367,174,193
210000364,82,134,-52
210000365,118,78,40
210000366,126,34,92
210000367,84,28,56
210000368,114,42,72
210000369,16,12,4
210000370,50,25,25
210000372,11,18,-7
210000373,6,15,-9
210000374,54,32,22
210000375,47,48,-1
210000376,36,49,-13
210000404,45,106,-61
210000439,27,28,-1
210000472,65,4,61
210000482,42,128,-86
210000564,177,265,-88
210000567,0,34,-34
210000568,244,3,241
211000092,36,41,-5
211000094,18,5,13
211000169,185,12,173
211000172,15,115,-100
211000209,1,28,-27
211000226,18,8,10
211000270,6,10,-4
211000275,18,11,7
211000276,83,18,65
211000279,21,31,-10
211000281,79,46,33
211507980,1,72,-71
211977296,40,4,36
212000003,97,15,82
212000004,8,20,-12
212000005,5,25,-20
212000006,35,39,-4
212000008,152,76,76
212000009,52,57,-5
212000012,75,62,13
212000013,45,32,13
212000014,224,116,108
212000015,226,180,46
212000016,423,363,60
212000027,532,260,272
212000028,361,237,124
212000029,262,144,118
212000030,58,17,41
212000031,64,30,34
212000048,18,161,-143
212000049,14,153,-139
212000050,21,9,12
212000051,179,103,76
212000052,194,133,61
212000053,288,288,0
212000054,329,52,277
212000055,291,116,175
212000056,26,23,3
212000057,9,18,-9
212000058,120,26,94
212000070,81,137,-56
212000077,94,334,-240
212000099,258,179,79
212000108,177,95,82
212000111,225,59,166
212000120,76,44,32
212000138,142,23,119
212000156,6,70,-64
212000158,7,17,-10
212000159,499,49,450
212000160,747,168,579
212000161,51,8,43
212000310,51,20,31
212000311,14,28,-14
212000374,36,14,22
213000001,23,257,-234
213000005,454,123,331
213000006,878,270,608
213000007,83,6,77
213000009,576,437,139
213000010,214,269,-55
213000011,193,103,90
213000012,185,223,-38
213000014,96,22,74
213000015,308,9,299
213000016,398,5,393
213000017,85,0,85
213000018,0,92,-92
213000019,2,98,-96
213000020,128,252,-124
213000021,3,94,-91
213000023,427,207,220
213000033,390,1590,-1200
213000034,622,195,427
213000035,104,163,-59
213000045,172,218,-46
213000046,177,142,35
213000047,481,1097,-616
213000056,125,26,99
213000069,69,3,66
213000073,0,55,-55
213000074,66,304,-238
213000075,521,9,512
213000076,18,1,17
213000085,10,36,-26
213000086,21,126,-105
213000091,249,19,230
213000092,63,15,48
213000099,129,973,-844
213000100,899,196,703
213000101,495,86,409
213000102,476,145,331
213000103,768,575,193
213000104,74,258,-184
213000105,5,210,-205
213000106,31,84,-53
213000107,151,276,-125
213000108,44,282,-238
213000109,9,136,-127
213000110,21,54,-33
213000111,5,68,-63
213000112,106,146,-40
213000115,63,16,47
213000116,55,243,-188
213000117,9,378,-369
213000118,561,178,383
213000119,60,468,-408
213000120,80,278,-198
213000122,87,343,-256
213000123,287,727,-440
213000124,148,1059,-911
213000125,143,22,121
213000126,44,126,-82
213000127,85,223,-138
213000128,273,935,-662
213000129,344,641,-297
213000130,766,248,518
213000132,526,79,447
213000133,701,90,611
213000134,846,25,821
213000136,511,15,496
213000137,719,47,672
213000139,133,10,123
213000147,72,9,63
213000148,15,4,11
213000149,27,6,21
213000150,0,140,-140
213000151,4,139,-135
213000152,2,89,-87
213000153,3,100,-97
213000154,51,352,-301
213000155,56,176,-120
213000156,142,291,-149
213000157,703,281,422
213000158,395,762,-367
213000159,777,349,428
213000163,1163,108,1055
213000165,929,261,668
213000171,0,43,-43
213000172,4,127,-123
213000173,3,145,-142
213000174,3,92,-89
213000175,23,57,-34
213000176,73,32,41
213000177,109,3,106
213000178,223,7,216
213000179,287,6,281
213000180,219,1,218
213000184,81,325,-244
213000188,421,110,311
213000189,443,47,396
213000190,859,568,291
213000191,439,247,192
213000192,279,186,93
213000193,508,259,249
213000194,1,91,-90
213000195,30,301,-271
213000196,265,1078,-813
213000197,451,436,15
213000198,38,2,36
213000200,123,580,-457
213000201,57,52,5
213000202,16,363,-347
213000203,2262,556,1706
213000204,676,59,617
213000205,354,62,292
213000206,392,27,365
213000207,121,12,109
213000208,56,1,55
213000209,151,0,151
213000210,215,4,211
213000211,5,17,-12
213000212,10,26,-16
213000213,17,65,-48
213000218,206,312,-106
213000219,524,15,509
213000220,477,14,463
213000223,152,196,-44
213000224,36,43,-7
213000225,86,22,64
213000226,54,7,47
213000227,896,137,759
213000228,482,54,428
213000229,102,15,87
213000230,294,15,279
213000232,24,743,-719
213000233,7,688,-681
213000234,5,39,-34
213000293,8,84,-76
213000294,124,12,112
213000295,4,100,-96
213000296,54,18,36
213000297,6,73,-67
213000298,26,60,-34
213000299,38,25,13
213000300,13,8,5
213000303,4,30,-26
213000304,4,14,-10
213000305,3,23,-20
213000306,35,40,-5
213000307,89,49,40
213000308,66,128,-62
213000309,144,45,99
213000310,518,155,363
213000311,214,712,-498
213000315,66,80,-14
213000316,136,35,101
213000322,119,79,40
213000323,121,40,81
213000324,91,33,58
213000325,99,66,33
213000326,79,30,49
213000327,87,41,46
213000328,66,142,-76
213000329,113,20,93
213000340,129,301,-172
213000341,546,79,467
213000346,198,304,-106
213000347,524,498,26
213000348,3,171,-168
213000349,27,3,24
213000350,317,669,-352
213000366,70,164,-94
213000367,259,12,247
213000379,41,65,-24
213000386,8,224,-216
213000406,116,292,-176
213000417,1211,435,776
213000425,203,43,160
213000426,215,49,166
213000427,81,139,-58
213000428,36,112,-76
213000429,8,4,4
213000430,121,351,-230
213000431,29,6,23
213000432,2,38,-36
213000433,24,116,-92
213000434,120,62,58
213000435,146,79,67
213000436,49,43,6
213000437,2,7,-5
213000438,113,54,59
213000439,50,13,37
213000440,7,264,-257
213000441,8,2,6
213000442,1,36,-35
213000443,317,188,129
213000444,55,36,19
213000445,1,77,-76
213000446,0,35,-35
213000447,1,37,-36
213000448,12,143,-131
213000449,619,11,608
213000450,28,28,0
213000451,287,80,207
213000452,27,12,15
213000453,45,192,-147
213000455,217,1,216
213000456,1,319,-318
213000481,7,4,3
213000482,24,5,19
213000489,297,59,238
213000491,0,182,-182
213000492,110,1,109
213000493,1,83,-82
213000494,280,102,178
213000495,0,40,-40
213000496,542,158,384
213000497,40,189,-149
213000498,172,102,70
213000499,236,278,-42
213000500,632,62,570
213000501,140,26,114
213000502,167,154,13
213000503,2,37,-35
213000504,18,49,-31
213000505,8,2,6
213000506,0,12,-12
213000507,1,71,-70
213900016,0,10,-10
213900244,46,0,46
213900245,0,13,-13
218000003,35,19,16
218000004,22,18,4
218000005,23,31,-8
218000006,58,28,30
218000007,21,20,1
218000012,98,108,-10
218000013,106,148,-42
218000014,309,257,52
218000019,508,432,76
218000020,210,289,-79
218000021,18,49,-31
218000022,15,9,6
218000023,1,14,-13
218000024,0,3,-3
218000025,15,12,3
218000026,3,14,-11
218000027,0,3,-3
218000028,6,2,4
218000029,0,1,-1
218000030,25,19,6
218000031,9,17,-8
218000032,0,24,-24
218000040,7,2,5
218000046,64,46,18
218000047,15,80,-65
218000048,54,55,-1
218000049,105,59,46
218000050,370,143,227
218000051,64,128,-64
218000052,1,47,-46
218000053,5,14,-9
218000054,12,57,-45
218000055,4,21,-17
218000056,8,26,-18
218000057,4,11,-7
218000064,3,7,-4
218000065,60,35,25
218000066,13,27,-14
218000067,62,51,11
218000068,101,63,38
218000069,250,76,174
218000070,184,133,51
218000071,161,107,54
218000072,186,143,43
218000078,722,412,310
218000079,119,50,69
218000080,155,43,112
218000081,567,155,412
218000082,68,86,-18
218000083,75,47,28
218000084,144,78,66
218000085,151,194,-43
218000086,76,87,-11
218000087,173,96,77
218000090,20,114,-94
218000091,932,415,517
218000092,84,101,-17
218000093,73,50,23
218000094,345,374,-29
218000099,273,600,-327
218000100,277,231,46
218000101,299,112,187
218000102,383,123,260
218000103,102,80,22
218000104,74,20,54
218000105,19,38,-19
218000106,5,9,-4
218000107,70,27,43
218000108,2,28,-26
218000112,51,47,4
218000117,59,62,-3
218000134,481,315,166
218000135,22,72,-50
218000136,152,85,67
218000137,164,105,59
218000138,26,86,-60
218000139,161,218,-57
218000140,433,213,220
218000141,72,37,35
218000142,192,129,63
218000143,65,274,-209
218000144,28,85,-57
218000145,459,205,254
218000146,107,116,-9
218000151,3,13,-10
218000152,153,38,115
218000153,23,10,13
218000154,9,0,9
218000155,34,1,33
218000156,96,14,82
218000157,52,11,41
218000158,13,9,4
218000159,3,5,-2
218000160,5,5,0
218000161,33,3,30
218000162,25,6,19
218000163,21,1,20
218000164,39,4,35
218000165,85,27,58
218000170,4,29,-25
218000171,33,11,22
218000172,18,9,9
218000173,12,16,-4
218000174,21,19,2
218000176,138,32,106
218000177,226,178,48
218000178,47,185,-138
218000179,68,68,0
218000180,57,37,20
218000181,129,39,90
218000187,12,35,-23
218000188,15,48,-33
218000189,39,58,-19
218000190,19,18,1
218000191,187,37,150
218000192,241,118,123
218000193,416,196,220
218000194,72,222,-150
218000195,142,38,104
218000196,407,189,218
218000197,479,170,309
218000198,31,62,-31
218000199,46,19,27
218000200,51,40,11
218000201,34,12,22
218000202,46,257,-211
218000207,4,13,-9
218000208,47,28,19
218000211,37,19,18
218000212,1,14,-13
218000213,99,172,-73
218000214,3,63,-60
218000215,40,33,7
218000217,5,50,-45
218000218,278,47,231
218000219,10,17,-7
218000220,32,336,-304
218000221,475,199,276
218000222,7,34,-27
218000223,35,402,-367
218000224,5,164,-159
218000225,142,15,127
218000226,161,53,108
218000230,0,5,-5
218000232,33,35,-2
218000239,106,16,90
218000240,10,4,6
218000241,24,1,23
218000242,12,1,11
218000243,28,8,20
218000244,33,5,28
218000245,10,2,8
218000246,0,0,0
218000247,0,0,0
218000248,0,18,-18
218000249,0,3,-3
218000250,3,15,-12
218000251,6,50,-44
218000252,4,152,-148
218000253,6,191,-185
218000254,2,89,-87
218000255,3,50,-47
218000256,9,73,-64
218000267,350,681,-331
218000268,14,34,-20
218000269,2,6,-4
218000270,93,47,46
218000271,14,28,-14
218000273,30,3,27
218000274,9,1,8
218000275,21,32,-11
218000276,11,22,-11
218000278,12,30,-18
218000279,120,46,74
218000280,4,19,-15
218000281,12,10,2
218000282,412,570,-158
218000284,42,2,40
218000301,100,76,24
218000302,149,38,111
218000303,12,36,-24
218000316,731,580,151
218000317,1303,489,814
218000318,934,382,552
218000319,883,506,377
218000320,697,384,313
218000338,36,16,20
218000345,59,58,1
218000346,15,178,-163
218000459,21,141,-120
218000490,23,62,-39
218000501,93,32,61
218000502,52,24,28
218000503,73,31,42
218000504,106,30,76
218000505,42,83,-41
218000506,28,142,-114
218000508,6,3,3
218000510,156,15,141
218000520,99,74,25
218000521,9,57,-48
218000522,0,101,-101
218000523,113,0,113
218000524,7,299,-292
218000525,103,29,74
218000526,25,174,-149
218000529,35,51,-16
218000530,22,3,19
218000531,12,11,1
218000532,31,16,15
218000534,215,20,195
218000537,29,49,-20
218000538,90,319,-229
218000540,190,86,104
218000543,171,48,123
218000544,23,42,-19
218000545,80,54,26
218000546,49,49,0
218000547,92,161,-69
218000548,114,83,31
218000549,505,439,66
218000550,152,128,24
218000551,76,713,-637
218000552,260,42,218
218000553,29,84,-55
218000554,27,28,-1
218000555,35,27,8
218000556,139,128,11
218000557,368,54,314
218000558,47,2,45
218000559,0,33,-33
218000560,0,35,-35
218000561,5,0,5
218000562,14,154,-140
218000563,200,29,171
218000564,9,85,-76
218000565,147,45,102
218000566,122,37,85
218000567,2,100,-98
218000568,47,1,46
218000569,11,220,-209
218000570,93,14,79
218000571,1,95,-94
218000572,109,2,107
218000573,4,207,-203
218000574,43,26,17
218000575,71,0,71
218000576,0,72,-72
218000577,90,1,89
218000578,3,82,-79
218000579,43,17,26
218000581,7,44,-37
218000582,62,1,61
218000583,19,0,19
218000584,0,30,-30
218000585,31,9,22
218000586,7,52,-45
218000587,4,1,3
218000588,0,5,-5
218000589,2,7,-5
218000590,3,2,1
218000591,3,6,-3
218000592,3,2,1
218000593,0,0,0
218000594,0,2,-2
218000595,0,0,0
218000596,0,0,0
218000597,2,0,2
218000598,0,2,-2
218000599,3,1,2
218000600,0,1,-1
218000601,0,2,-2
218000602,0,2,-2
218000603,0,10,-10
218000604,7,0,7
218000605,0,22,-22
218000606,63,0,63
218000607,10,27,-17
218000608,49,12,37
218000609,24,26,-2
218000610,64,3,61
218000611,24,2,22
218000612,4,28,-24
218000613,57,0,57
218000614,0,40,-40
218000615,138,1,137
218000616,3,93,-90
218000617,17,1,16
218000618,2,31,-29
218000619,55,25,30
218000620,22,21,1
218000621,0,4,-4
218000622,0,20,-20
218000623,19,4,15
218000624,5,12,-7
218000625,16,7,9
218000626,0,15,-15
218000628,195,43,152
218000631,26,8,18
218000632,2,106,-104
218000633,114,0,114
218000634,5,15,-10
218000635,16,9,7
218000636,620,549,71
218000637,1007,300,707
218000638,304,22,282
218000639,18,52,-34
218000640,381,14,367
218000641,85,143,-58
218000652,39,30,9
218000653,158,45,113
218000663,5,54,-49
218000675,24,37,-13
218000676,7,19,-12
218000677,20,4,16
218000680,126,202,-76
218000681,346,117,229
218000691,156,117,39
218000693,301,56,245
218000703,4,24,-20
218000718,125,763,-638
218000719,261,576,-315
218000720,15,325,-310
218000721,133,18,115
218000725,8,4,4
218001214,7,121,-114
218001258,88,1,87
218001329,102,59,43
218001330,32,53,-21
218001351,35,9,26
218001352,7,17,-10
218001353,11,2,9
218001354,2,18,-16
218001356,427,17,410
218001358,286,5,281
218001361,289,16,273
219000001,29,30,-1
219000002,19,30,-11
219000003,90,38,52
219000004,32,31,1
219000017,47,44,3
219000020,145,28,117
219000022,117,2,115
219000023,112,1,111
219000029,1,39,-38
219000034,31,19,12
219000039,74,135,-61
219000040,48,52,-4
219000041,107,7,100
219000051,0,21,-21
219000052,0,17,-17
219000053,1,64,-63
219000054,20,57,-37
219000055,201,11,190
219000056,10,3,7
219000057,82,0,82
219000062,18,48,-30
219000063,96,10,86
219000064,1,26,-25
219000110,333,66,267
219000111,60,39,21
219000112,161,46,115
219000113,146,48,98
219000114,128,54,74
219000116,86,22,64
219000117,126,49,77
219000118,117,36,81
219000123,124,52,72
219000124,46,48,-2
219000125,19,11,8
219000126,54,104,-50
219000127,0,8,-8
219000128,5,95,-90
219000129,22,72,-50
219000130,186,341,-155
219000131,476,808,-332
219000133,33,51,-18
219000134,8,20,-12
219000135,20,58,-38
219000136,100,161,-61
219000138,87,14,73
219000139,53,22,31
219000140,79,4,75
219000141,30,45,-15
219000142,31,48,-17
219000143,10,27,-17
219000145,12,35,-23
219000146,7,11,-4
219000147,1,29,-28
219000148,6,15,-9
219000149,7,18,-11
219000150,1,34,-33
219000151,0,24,-24
219000157,167,65,102
219000158,117,115,2
219000161,118,5,113
219000163,926,463,463
219000166,89,167,-78
219000167,81,92,-11
219000168,260,74,186
219000174,379,127,252
219000175,122,7,115
219000176,112,5,107
219000177,107,4,103
219000178,80,0,80
219000179,25,9,16
219000180,41,40,1
219000182,125,22,103
219000183,87,23,64
219000184,100,6,94
219000185,0,31,-31
219000186,87,17,70
219000187,28,63,-35
219000189,38,146,-108
219000190,48,192,-144
219000191,290,1088,-798
219000192,154,107,47
219000193,109,115,-6
219000195,2,39,-37
219000196,7,70,-63
219000198,14,55,-41
219000199,29,89,-60
219000200,23,81,-58
219000201,46,126,-80
219000203,30,82,-52
219000204,63,163,-100
219000205,47,151,-104
219000207,47,164,-117
219000209,34,18,16
219000210,34,64,-30
219000213,7,89,-82
219000239,149,170,-21
219000240,189,288,-99
219000241,176,83,93
219000242,41,108,-67
219000243,66,170,-104
219000244,13,61,-48
219000245,15,28,-13
219000246,23,11,12
219000247,202,39,163
219000248,443,331,112
219000249,172,104,68
219000250,183,94,89
219000251,556,222,334
219000252,209,182,27
219000253,419,102,317
219000255,168,96,72
219000256,214,54,160
219000257,92,0,92
219000262,69,51,18
219000263,66,82,-16
219000267,2,40,-38
219000268,1,5,-4
219000269,4,4,0
219000270,5,1,4
219000271,107,5,102
219000278,1,5,-4
219000279,1,5,-4
219000283,0,9,-9
219000295,11,44,-33
219000296,68,208,-140
219000297,10,45,-35
219000298,13,63,-50
219000299,403,53,350
219000300,17,74,-57
219000301,135,258,-123
219000302,22,209,-187
219000307,26,25,1
219000308,33,25,8
219000311,188,29,159
219000312,550,131,419
219000313,337,57,280
219000314,39,195,-156
219000315,325,29,296
219000316,524,54,470
219000317,151,23,128
219000320,0,45,-45
219000321,0,20,-20
219000323,6,60,-54
219000325,1,3,-2
219000326,79,39,40
219000327,49,34,15
219000328,20,44,-24
219000329,303,111,192
219000330,48,30,18
219000331,38,23,15
219000332,129,98,31
219000333,19,6,13
219000335,96,0,96
219000337,18,0,18
219000338,42,1,41
219000344,9,51,-42
219000345,38,27,11
219000346,49,46,3
219000348,160,75,85
219000349,30,136,-106
219000350,113,271,-158
219000351,4,11,-7
219000352,385,101,284
219000353,98,38,60
219000354,251,49,202
219000355,172,42,130
219000356,567,1348,-781
219000363,182,68,114
219000364,81,43,38
219000365,112,20,92
219000366,179,346,-167
219000368,275,503,-228
219000370,699,658,41
219000371,9,26,-17
219000382,7,13,-6
219000383,251,1115,-864
219000385,337,345,-8
219000386,448,1115,-667
219000387,3,12,-9
219000390,6,0,6
219000391,2,0,2
219000397,47,32,15
219000398,62,36,26
219000401,14,60,-46
219000402,21,76,-55
219000403,125,312,-187
219000404,12,126,-114
219000407,5,17,-12
219000409,56,57,-1
219000410,88,42,46
219000411,62,12,50
219000446,87,279,-192
219000447,1,24,-23
219000448,8,1,7
219000452,76,53,23
219000453,50,182,-132
219000454,131,308,-177
219000556,299,91,208
219000558,87,76,11
219000590,19,140,-121
219000591,125,70,55
219000592,83,210,-127
219000595,1,10,-9
219000635,172,26,146
219000636,24,33,-9
219000657,21,33,-12
219000658,61,108,-47
219000673,0,49,-49
219000676,20,9,11
219000679,41,15,26
219000684,93,2,91
219000685,0,46,-46
219000686,1,2,-1
219000688,0,41,-41
219000689,18,142,-124
219000690,166,15,151
219000691,41,108,-67
219000692,145,27,118
219000693,0,8,-8
219000694,24,0,24
219000695,39,1,38
219000698,13,0,13
219000699,0,22,-22
219000727,0,38,-38
219000728,128,1,127
219000770,36,1,35
219000771,2,27,-25
219000788,239,197,42
219001150,0,30,-30
219001151,1,2,-1
219001166,14,48,-34
219001167,2,43,-41
219001178,43,0,43
220000001,38,78,-40
220000002,4,56,-52
220000003,218,100,118
220000004,316,248,68
220000005,555,1722,-1167
220000006,181,644,-463
220000007,329,236,93
220000008,317,356,-39
220000009,201,223,-22
220000010,108,56,52
220000011,339,2806,-2467
220000012,59,237,-178
220000014,112,48,64
220000015,38,245,-207
220000017,41,165,-124
220000018,3066,1812,1254
220000019,56,264,-208
220000020,339,186,153
220000021,702,103,599
220000022,795,206,589
220000023,301,105,196
220000024,1123,303,820
220000025,823,1489,-666
220000026,297,446,-149
220000027,20,92,-72
220000028,36,48,-12
220000029,41,76,-35
220000030,40,48,-8
220000031,529,240,289
220000064,24,701,-677
221000046,2,0,2
221000047,0,0,0
221000048,0,1,-1
221000049,0,18,-18
221000050,33,1,32
221000055,19,49,-30
221000057,68,11,57
221000068,294,110,184
221000069,343,50,293
221000070,208,15,193
221000071,106,4,102
221000072,205,10,195
221000073,182,47,135
221000074,3,19,-16
221000075,17,12,5
221000076,13,17,-4
221000077,25,70,-45
221000081,5,13,-8
221000082,64,5,59
221000083,7,5,2
221000084,7,2,5
221000085,9,52,-43
221000086,13,58,-45
221000087,5,104,-99
221000088,11,130,-119
221000089,21,236,-215
221000090,69,441,-372
221000098,96,20,76
221000099,139,11,128
221000100,111,6,105
221000101,220,18,202
221000102,141,14,127
221000109,6,92,-86
221000110,7,56,-49
221000111,13,84,-71
221000112,6,94,-88
221000113,18,90,-72
221000114,8,112,-104
221000120,33,25,8
221000121,4,64,-60
221000122,40,45,-5
221000123,5,10,-5
221000124,23,67,-44
221000155,164,6,158
221000156,67,28,39
221000175,0,6,-6
221000176,0,5,-5
221000182,40,7,33
221000241,493,269,224
221000242,152,294,-142
221000243,399,191,208
221000244,306,305,1
221000245,92,72,20
221000246,36,170,-134
221000247,86,75,11
221000248,102,66,36
221000267,49,517,-468
221000325,45,49,-4
221000331,3,26,-23
221000338,11,30,-19
221000378,275,28,247
221000381,36,27,9
222000282,6,6,0
222000296,4,11,-7
222000568,391,43,348
222000569,270,36,234
222000570,189,19,170
222000571,546,22,524
222000577,21,66,-45
222000578,14,100,-86
222000579,24,120,-96
222000580,69,530,-461
222000599,1,107,-106
222000600,0,162,-162
222000601,10,601,-591
222000603,10,35,-25
222000604,3,54,-51
222000605,22,42,-20
222000606,0,23,-23
222000607,4,18,-14
222000608,27,29,-2
222000609,61,91,-30
222000616,528,17,511
222000617,13,18,-5
222000618,7,2,5
222000620,16,15,1
222000621,37,28,9
222000623,536,8,528
222000624,377,2,375
222000625,746,7,739
222000636,84,3,81
222000686,67,22,45
222000687,43,31,12
222001066,312,1,311
222001067,28,0,28
222001068,66,18,48
222001069,76,19,57
222001082,24,25,-1
222001083,31,18,13
222001084,0,14,-14
222001085,0,197,-197
222001111,84,61,23
222001112,189,20,169
222001313,24,10,14
222001314,11,72,-61
222001464,79,29,50
222001465,7,59,-52
222001484,179,32,147
222001485,18,49,-31
222001494,590,84,506
222001495,109,110,-1
222001496,378,57,321
222001497,96,185,-89
222001502,20,61,-41
222001503,159,35,124
222001504,37,202,-165
222001505,384,26,358
222001506,43,288,-245
222001507,296,37,259
222001510,709,38,671
222001511,61,188,-127
222001514,881,190,691
222001515,176,328,-152
222001518,466,74,392
222001519,47,118,-71
222001527,219,37,182
222001528,38,86,-48
222001529,439,38,401
222001530,85,110,-25
222001533,93,171,-78
222001534,431,31,400
222001535,310,186,124
222001536,45,112,-67
222001537,403,64,339
222001538,63,289,-226
222001563,924,108,816
222001564,64,250,-186
222001568,212,213,-1
222001576,0,3,-3
222001579,0,10,-10
222001583,19,79,-60
222001584,100,10,90
222001596,684,1022,-338
222001597,1715,451,1264
222001626,0,89,-89
222001650,33,167,-134
222001651,35,653,-618
222001914,196,74,122
222001915,66,115,-49
222001968,516,208,308
222001969,269,370,-101
222001970,161,173,-12
222001971,50,7,43
222001972,4,17,-13
225000001,369,121,248
225000002,571,117,454
225000003,641,58,583
225000004,353,137,216
225000005,63,47,16
225000006,0,104,-104
225000007,797,903,-106
225000010,271,12,259
225000011,313,926,-613
225000012,230,479,-249
225000013,83,77,6
225000014,595,82,513
225000015,65,93,-28
225000021,623,132,491
225000027,164,272,-108
225000032,563,102,461
225000042,52,406,-354
225000049,83,40,43
225000050,73,22,51
225000053,1,190,-189
225000058,536,163,373
225000067,152,93,59
225000068,91,193,-102
225000069,80,281,-201
225000070,92,204,-112
225000071,31,81,-50
225000075,19,404,-385
225000076,47,107,-60
225000078,47,26,21
225000085,111,99,12
225000086,225,68,157
225000087,99,18,81
225000088,10,138,-128
225000089,137,717,-580
225000090,41,333,-292
225000091,132,89,43
225000092,15,52,-37
225000093,152,154,-2
225000094,18,130,-112
225000095,244,218,26
225000096,237,309,-72
225000098,770,257,513
225000099,377,111,266
225000100,409,74,335
225000104,97,286,-189
225000110,2,229,-227
225000111,136,606,-470
225000112,197,732,-535
225000113,192,418,-226
225000114,75,209,-134
225000115,681,483,198
225000116,608,144,464
225000117,616,176,440
225000118,972,197,775
225000119,254,72,182
225000120,616,24,592
225000121,195,14,181
225000123,419,7,412
225000125,432,93,339
225000126,554,107,447
225000127,481,1212,-731
225000128,381,724,-343
225000132,361,39,322
225000133,224,31,193
225000134,551,111,440
225000135,49,12,37
225000136,280,20,260
225000137,223,33,190
225000138,335,79,256
225000143,31,111,-80
225000144,3,209,-206
225000145,36,27,9
225000146,40,26,14
225000147,26,85,-59
225000148,2,122,-120
225000149,35,264,-229
225000151,20,109,-89
225000155,346,232,114
225000156,131,699,-568
225000157,198,275,-77
225000158,53,105,-52
225000171,1,93,-92
225000180,42,1,41
225000181,0,34,-34
225000182,75,2,73
225000185,9,278,-269
225000187,31,270,-239
225000191,90,2,88
225000194,0,6,-6
225000208,0,40,-40
225000209,73,7,66
225000210,5,193,-188
225000217,0,15,-15
225000218,11,1,10
225000223,1,34,-33
225000224,20,2,18
225000225,1,10,-9
225000226,21,2,19
225000227,16,33,-17
225000228,9,5,4
225000229,0,39,-39
225000230,12,0,12
225000231,0,18,-18
225000232,101,0,101
225000241,55,2,53
225000242,1,18,-17
225000249,2,0,2
225000250,32,312,-280
225000251,374,25,349
225000254,2,0,2
225000256,1,18,-17
225000257,0,12,-12
226000042,168,285,-117
226000043,24,181,-157
226000044,96,206,-110
226000045,59,158,-99
226000046,359,58,301
226000047,315,65,250
226000048,316,102,214
226000049,272,174,98
226000070,0,19,-19
226000071,0,37,-37
226000072,0,11,-11
226000073,0,10,-10
226000074,0,10,-10
226000084,1,30,-29
226000085,1,1,0
226000086,2,7,-5
226000087,8,14,-6
226000088,23,46,-23
226000090,182,77,105
226000091,24,38,-14
226000092,4,33,-29
226000093,21,4,17
226000094,4,2,2
226000095,10,3,7
226000105,9,1,8
226000106,6,0,6
226000107,18,0,18
226000108,32,0,32
226000109,90,0,90
226000124,119,37,82
226000134,788,402,386
226000135,1585,505,1080
226000136,592,373,219
226000137,3,138,-135
226000138,6,73,-67
226000139,3,29,-26
226000156,168,4,164
226000157,154,12,142
226000163,78,164,-86
226000202,19,117,-98
226000231,411,7,404
226000232,45,6,39
227000033,314,53,261
227000036,380,28,352
227000037,351,25,326
227000038,96,18,78
227000084,1,47,-46
227000085,1,44,-43
227000088,42,4,38
227000089,76,2,74
227000090,26,1,25
227000091,14,0,14
227000092,29,0,29
227000093,109,0,109
227000094,14,2,12
227000130,8,75,-67
227000131,12,105,-93
227000132,4,96,-92
227000133,9,94,-85
227000134,11,142,-131
227000152,0,10,-10
227000153,0,45,-45
227000154,0,26,-26
227000155,2,12,-10
227000156,0,11,-11
227000165,3,54,-51
227000196,404,110,294
227000199,430,251,179
227000230,8,187,-179
227000232,518,13,505
227000242,49,269,-220
227000243,390,60,330
227000245,11,129,-118
227000246,102,167,-65
227000247,377,70,307
227000248,97,22,75
227000249,15,61,-46
227000250,239,135,104
227000251,72,114,-42
227000252,24,110,-86
227000253,151,14,137
227000262,340,34,306
227000266,1278,11,1267
227000267,9,676,-667
227000282,4,74,-70
227000284,680,29,651
227000286,5,29,-24
227000287,9,49,-40
227000291,8,247,-239
227000296,170,245,-75
227000484,203,10,193
227000485,22,431,-409
227000655,223,8,215
227000656,611,35,576
227000657,115,10,105
227000661,253,9,244
229000265,16,23,-7
229000296,1,15,-14
229000297,7,37,-30
229000298,1,104,-103
229000320,17,6,11
229000321,15,3,12
229000412,18,62,-44
229000414,8,37,-29
229000415,25,4,21
229000416,0,14,-14
229000417,2,8,-6
229000419,68,297,-229
229000440,333,77,256
229000442,29,10,19
229000443,8,0,8
229000444,1,39,-38
229000445,75,1,74
229000446,96,7,89
229000491,2,7,-5
229000492,5,53,-48
229000493,5,50,-45
229000494,48,4,44
229000495,186,1,185
229000496,69,2,67
229000507,0,50,-50
229000508,0,32,-32
229000509,0,56,-56
229000510,2,32,-30
229000511,1,39,-38
229000512,0,25,-25
229000513,0,8,-8
229000514,0,5,-5
229000517,2,8,-6
229000518,49,8,41
229000519,5,3,2
229000520,10,66,-56
229000521,77,15,62
229000522,17,6,11
229000523,10,2,8
229000524,4,1,3
229000527,0,0,0
229000528,0,0,0
229000529,14,0,14
229000530,68,1,67
229000531,39,1,38
229000532,29,0,29
229000533,68,1,67
229000534,31,0,31
229000564,66,1,65
229000565,21,0,21
229000566,0,9,-9
229000567,0,22,-22
229000582,69,4,65
229000583,10,4,6
229000584,0,39,-39
229000585,1,56,-55
229000718,0,3,-3
229000719,0,3,-3
229000720,0,4,-4
229000721,0,2,-2
229000722,0,5,-5
229000723,0,3,-3
229000724,0,1,-1
229000725,0,3,-3
229000738,0,0,0
229000739,0,0,0
229000740,1,0,1
229000741,26,0,26
229000742,12,0,12
229000743,18,0,18
229000744,5,0,5
229000745,2,0,2
229000746,18,0,18
229000847,44,0,44
229000848,21,0,21
229000849,67,3,64
229000851,47,0,47
229000854,0,6,-6
229000856,0,25,-25
229000857,0,24,-24
229000858,0,22,-22
229000919,18,32,-14
229000930,1,154,-153
229000937,76,14,62
229000966,35,23,12
229000981,18,17,1
229000985,10,33,-23
229000986,1,8,-7
229000987,2,1,1
229000988,1,5,-4
229000989,5,8,-3
229000990,0,0,0
229000991,2,2,0
229000992,29,8,21
229000993,141,9,132
229000998,3,32,-29
229000999,66,4,62
229001034,1,11,-10
229001035,6,2,4
229001037,37,4,33
229001042,16,3,13
229001047,11,27,-16
229001050,31,29,2
229001168,0,17,-17
229001200,15,2,13
229001338,5,24,-19
229001394,142,3,139
229001422,87,12,75
229001423,32,62,-30
229001431,34,19,15
229001432,15,51,-36
229001444,237,68,169
229001445,44,114,-70
229001479,34,3,31
229001503,138,48,90
229001504,62,64,-2
229001505,65,16,49
229001506,52,68,-16
229001509,30,8,22
229001545,82,5,77
229001546,9,44,-35
229001553,99,18,81
229001554,28,35,-7
229001630,56,8,48
229001631,8,22,-14
229001635,0,20,-20
229001636,15,2,13
229001658,0,62,-62
229001659,42,1,41
229001660,14,4,10
229001661,4,22,-18
229001662,21,0,21
229001663,0,7,-7
229002584,209,154,55
229002831,93,114,-21
229002841,9,13,-4
229002842,28,21,7
229002843,83,14,69
229002844,41,52,-11
229002845,20,131,-111
229002846,35,13,22
229002847,1,5,-4
229002848,16,14,2
229002849,3,148,-145
229002850,16,0,16
229002851,44,291,-247
229002852,239,20,219
229002853,157,21,136
229002854,40,88,-48
229002855,6,61,-55
229002856,42,27,15
229002857,10,265,-255
229002858,19,9,10
229002859,46,338,-292
229002860,332,33,299
229002861,44,24,20
229002862,18,20,-2
229002863,31,9,22
229002864,35,25,10
229002865,9,14,-5
229002866,13,16,-3
229002867,3,12,-9
229002868,3,15,-12
229002869,20,77,-57
229002870,58,5,53
235000066,242,28,214
235000067,80,48,32
235000072,26,52,-26
235000073,99,271,-172
235000074,39,37,2
235000080,13,59,-46
235000081,144,62,82
235000082,137,44,93
235000083,294,40,254
235000084,56,38,18
235000085,135,33,102
235000089,35,14,21
235000092,23,76,-53
235000093,7,1,6
235000097,4,8,-4
235000098,41,5,36
235000099,22,11,11
235000116,34,11,23
235000117,343,15,328
235000133,11,498,-487
235000134,10,158,-148
235000206,22,2,20
235000207,6,6,0
235000208,1,1,0
235000209,7,0,7
235000210,10,0,10
235000212,4,14,-10
235000213,2,5,-3
235000220,2,4,-2
235000221,77,18,59
235000238,16,134,-118
235000239,2,17,-15
235000242,360,736,-376
235000245,308,159,149
235000246,11,81,-70
235000284,7,148,-141
235000295,54,12,42
235000305,213,23,190
235000306,303,10,293
235000307,20,4,16
235000308,16,1,15
235000309,72,1,71
235000310,43,1,42
235000311,112,50,62
235000322,2,25,-23
235000323,1,50,-49
235000324,0,18,-18
235000325,1,274,-273
235000326,10,116,-106
235000351,2,69,-67
235000352,14,40,-26
235000353,1,26,-25
235000354,7,63,-56
235000355,11,54,-43
235000356,64,3,61
235000357,23,8,15
235000358,48,6,42
235000359,17,1,16
235000360,43,3,40
235000361,55,13,42
235000381,80,63,17
235000382,151,23,128
235000390,14,2,12
235000391,140,22,118
235000392,208,207,1
235000393,136,129,7
235000395,136,27,109
235000396,546,47,499
235000400,86,44,42
235000401,25,112,-87
235000405,88,137,-49
235000406,34,129,-95
235000407,24,41,-17
235000409,98,74,24
235000410,40,145,-105
235000411,2,38,-36
235000485,0,5,-5
235000486,9,0,9
235000549,103,62,41
235000550,80,84,-4
235000599,216,35,181
235000600,5,6,-1
235000601,13,25,-12
235000602,108,44,64
235000614,1,2,-1
235000648,1,14,-13
235000649,27,12,15
235000685,2,6,-4
235000815,14,82,-68
235000834,1,9,-8
235000855,41,23,18
235000862,45,104,-59
235000891,0,14,-14
235000892,27,1,26
235000901,72,41,31
235000907,8,3,5
235001010,92,41,51
235001029,272,209,63
235001030,285,193,92
235001078,79,89,-10
235001079,56,53,3
235001147,19,40,-21
235001166,5,40,-35
235001167,47,22,25
235001169,22,264,-242
235001188,0,8,-8
235001189,6,1,5
235001197,3,12,-9
235001200,52,44,8
235001207,149,25,124
235001210,18,71,-53
235001215,12,57,-45
235001239,1,18,-17
235001244,1,6,-5
235016267,0,59,-59
277101746,0,2,-2
277102712,0,0,0
277103813,0,0,0
277103814,0,0,0
277103898,0,2,-2
277104249,0,0,0
277104250,0,4,-4
277104251,0,5,-5
277104252,0,0,0
990011530,0,123,-123
990014944,2,259,-257
990015176,20,8,12
990015618,0,94,-94
990016032,0,211,-211
990032570,0,317,-317
990070001,47,2,45
990070103,0,1,-1
990070601,0,63,-63
990070751,1290,3,1287
990070766,0,229,-229
990071180,429,159,270
990071343,4,3,1
990071387,0,12,-12
990071823,483,2,481
990072600,2,1137,-1135
990072964,1,313,-312
990073285,0,2,-2
990074393,0,458,-458
990074870,1355,13,1342
990075106,921,8,913
990075746,526,5,521
990076437,1572,3,1569
990076458,6,266,-260
997000007,458,9,449
997000041,0,201,-201
997000058,52,0,52
997000062,24,5,19
997000069,0,0,0
997000070,0,10,-10
997000100,38,0,38
997000141,5,1985,-1980
997000198,5,770,-765
998000475,0,5,-5
998000736,0,80,-80
998000965,0,7,-7
998001031,0,73,-73
998001700,0,1,-1
998001899,0,0,0
998001900,23,6,17
998003073,1128,9,1119
998101900,0,0,0
998102850,1,261,-260
998501927,623,985,-362
998501929,145,29,116
998501930,59,1,58
998501931,159,29,130
998501932,7,1,6
998501933,68,4,64
998501937,54,48,6
998501944,5,0,5
998501970,57,6,51
998501971,1,92,-91
998501973,0,23,-23
998501974,1,165,-164
998501975,106,2,104
998501976,103,13,90
998501977,0,24,-24
998501978,9,0,9
998501979,0,10,-10
998501980,72,13,59
998501981,24,1,23
998501982,0,101,-101
998502006,0,0,0
998502024,0,4,-4
998502032,0,1,-1
998502062,7,1,6
998502063,0,0,0
998502173,19,0,19
998502269,0,2,-2
998601159,1,88,-87
998601292,2,8,-6
999033574,1,205,-204
999800001,55,20,35
999800002,0,5,-5
999800003,0,1,-1
999800004,0,2,-2
999800005,0,11,-11
