ID,insum,outsum,diff
100000001,393,324,69
100000002,916,274,642
100000003,5056,1074,3982
100000004,750,225,525
100000005,778,974,-196
100000006,63,31,32
100000007,199,140,59
100000008,38,399,-361
100000009,21,69,-48
100000010,0,15,-15
100000011,87,30,57
100000012,14,517,-503
100000013,10,128,-118
100000014,108,272,-164
100000015,225,227,-2
100000016,367,866,-499
100000017,177,835,-658
100000018,425,311,114
100000019,2844,978,1866
100000020,658,944,-286
100000021,5038,1107,3931
100000022,399,344,55
100000023,3972,516,3456
100000025,1828,323,1505
100000028,794,465,329
100000029,135,129,6
100000030,441,24,417
100000031,1895,1553,342
100000032,1608,1959,-351
100000033,215,1141,-926
100000034,704,254,450
100000035,561,328,233
100000036,1039,458,581
100000037,236,191,45
100000038,298,296,2
100000039,218,86,132
100000040,189,34,155
100000041,140,151,-11
100000042,109,134,-25
100000043,90,92,-2
100000044,169,487,-318
100000045,210,894,-684
100000046,238,1012,-774
100000047,218,767,-549
100000048,487,601,-114
100000049,1024,2029,-1005
100000051,210,1012,-802
100000053,12,4,8
100000054,22,6,16
100000055,149,309,-160
100000056,93,245,-152
100000057,630,316,314
100000058,498,1251,-753
100000059,1,68,-67
100000060,74,191,-117
100000061,393,220,173
100000062,253,191,62
100000063,118,113,5
100000064,253,305,-52
100000065,191,1419,-1228
100000066,83,828,-745
100000067,155,672,-517
100000068,257,1001,-744
100000069,115,1083,-968
100000072,234,992,-758
100000073,639,981,-342
100000075,234,218,16
100000076,833,780,53
100000077,306,40,266
100000078,98,9,89
100000079,24,32,-8
100000080,5,12,-7
100000081,16,4,12
100000102,564,562,2
100000103,1432,384,1048
100000104,2117,630,1487
100000105,1935,282,1653
100000106,928,597,331
100000107,162,133,29
100000108,503,920,-417
100000109,2111,908,1203
100000116,785,259,526
100000117,22,10,12
100000118,704,623,81
100000119,190,570,-380
100000121,86,320,-234
100000122,277,496,-219
100000123,2409,2359,50
100000124,7355,2792,4563
100000125,2234,334,1900
100000126,218,149,69
100000127,836,202,634
100000128,778,545,233
100000129,269,265,4
100000130,225,420,-195
100000131,4513,1966,2547
100000132,1925,717,1208
100000133,9852,2324,7528
100000135,110,357,-247
100000139,64,465,-401
100000140,155,193,-38
100000142,81,200,-119
100000143,1358,802,556
100000144,2579,831,1748
100000147,347,908,-561
100000150,18,335,-317
100000151,206,264,-58
100000153,156,109,47
100000154,32,55,-23
100000155,2,11,-9
100000156,74,30,44
100000157,30,85,-55
100000158,13,90,-77
100000159,116,218,-102
100000165,562,458,104
100000169,235,103,132
100000174,789,143,646
100000179,37,359,-322
100000180,792,1093,-301
100000181,21,403,-382
100000188,71,225,-154
100000189,201,165,36
100000190,169,170,-1
100000191,242,193,49
100000192,47,39,8
100000193,26,38,-12
100000330,1275,308,967
100000355,37,343,-306
100000362,2847,2452,395
100000363,728,1399,-671
100000364,249,333,-84
100000365,1882,4614,-2732
100000366,2759,1930,829
100000367,1073,2039,-966
100000368,1161,1326,-165
100000369,286,532,-246
100000370,60,165,-105
100000376,38,43,-5
100000379,756,482,274
100000380,1092,721,371
100000384,3316,1223,2093
100000385,2539,1924,615
100000386,3846,1120,2726
100000387,4073,1661,2412
100000388,11239,1656,9583
100000389,8448,1708,6740
100000390,8927,1894,7033
100000391,4644,1513,3131
100000392,1835,631,1204
100000393,578,480,98
100000394,3551,1707,1844
100000395,1495,489,1006
100000396,2449,1003,1446
100000397,1263,633,630
100000398,8670,5972,2698
100900002,0,0,0
100900003,35,70,-35
100900004,21,1063,-1042
100900005,21,0,21
100900006,0,0,0
100900007,12,1,11
100900008,9,564,-555
100900009,12,16,-4
100900010,0,0,0
100900011,4,236,-232
100900012,3,387,-384
100900013,186,0,186
100900014,0,0,0
100900015,83,26,57
100900016,2,11,-9
100900017,84,23,61
100900018,0,0,0
100900019,0,0,0
100900020,36,0,36
100900021,612,0,612
100900022,0,0,0
100900023,0,0,0
100900024,12,0,12
100900025,0,0,0
100900026,5,92,-87
100900027,287,1177,-890
100900028,19,79,-60
100900029,20,2,18
100900030,0,8,-8
100900031,82,3,79
100900032,74,0,74
100900033,82,34,48
100900034,45,0,45
100900035,9,0,9
100900036,0,0,0
100900037,4,191,-187
100900038,4,7,-3
100900039,97,534,-437
100900040,84,962,-878
100900041,45,892,-847
100900042,121,20,101
100900043,0,0,0
100900044,1011,102,909
100900045,0,1,-1
100900046,469,5,464
100900047,0,2,-2
100900048,5,6,-1
100900049,11,122,-111
100900050,0,9,-9
100900051,22,20,2
100900052,27,5,22
100900053,70,13,57
100900054,1,91,-90
100900055,52,54,-2
100900056,0,10,-10
100900057,123,170,-47
100900058,20,13,7
100900059,4,0,4
100900060,22,8,14
100900061,59,95,-36
100900062,0,31,-31
100900063,27,188,-161
100900064,315,3,312
100900065,9,16,-7
100900066,14,11,3
100900067,0,0,0
100900068,1,71,-70
100900069,18,1,17
100900070,24,3,21
100900071,233,62,171
100900072,0,39,-39
100900073,6,260,-254
100900074,0,3,-3
100900075,2774,123,2651
100900076,16,4,12
100900077,0,0,0
100900078,25,47,-22
100900079,0,12,-12
100900080,0,0,0
100900081,0,23,-23
100900082,15,511,-496
100900083,1,24,-23
100900085,0,43,-43
100900086,24,160,-136
100900088,0,385,-385
100900089,0,8,-8
100900090,22,262,-240
100900091,0,0,0
100900092,48,49,-1
100900093,29,71,-42
100900094,12,430,-418
100900095,1,21,-20
100900096,5,64,-59
100900097,0,0,0
100900098,7,28,-21
100900099,2,314,-312
100900100,2,46,-44
100900101,127,9,118
100900102,1,3,-2
100900103,0,3,-3
100900104,5,84,-79
100900105,0,11,-11
100900106,39,1,38
100900107,983,148,835
100900108,0,0,0
100900109,0,6,-6
100900110,0,0,0
100900111,21,63,-42
100900112,0,0,0
100900113,0,17,-17
100900114,0,16,-16
100900115,0,0,0
100900116,241,87,154
100900117,61,131,-70
100900118,0,27,-27
100900119,1,18,-17
100900120,0,0,0
100900121,126,68,58
100900122,85,131,-46
100900123,1,9,-8
100900124,0,1,-1
100900125,5,36,-31
100900126,7,28,-21
100900127,1,1,0
100900128,19,58,-39
100900129,0,21,-21
100900131,17,21,-4
100900133,1,8,-7
100900134,0,2,-2
100900135,0,32,-32
100900137,192,95,97
100900138,60,24,36
100900139,0,1,-1
100900140,7,740,-733
100900141,0,87,-87
100900142,0,0,0
100900143,557,125,432
100900144,3,0,3
100900145,0,18,-18
100900146,0,0,0
100900147,3,129,-126
100900148,9,770,-761
100900149,0,9,-9
100900150,0,2,-2
100900151,39,333,-294
100900152,0,0,0
100900153,1,104,-103
100900154,0,1,-1
100900155,0,5,-5
100900156,0,0,0
100900157,0,38,-38
100900159,0,1,-1
100900160,1,3,-2
100900161,0,0,0
100900162,1,56,-55
100900163,43,166,-123
100900164,1,9,-8
100900165,3,42,-39
100900166,0,0,0
100900167,3,51,-48
100900168,1,18,-17
100900169,208,1355,-1147
100900170,0,0,0
100900171,9,767,-758
100900172,0,0,0
100900173,2,475,-473
100900174,3,0,3
100900176,487,20,467
100900177,748,71,677
100900178,0,61,-61
100900179,25,13,12
100900180,0,0,0
100900181,0,0,0
100900182,0,0,0
100900184,0,0,0
100900186,496,174,322
100900187,2,115,-113
100900188,33,2,31
100900189,231,31,200
100900191,758,302,456
100900192,142,57,85
100900195,36,163,-127
100900197,0,0,0
100900198,5,58,-53
100900199,0,0,0
100900200,351,201,150
100900201,8,699,-691
100900202,3,0,3
100900203,0,32,-32
100900204,166,59,107
100900205,49,108,-59
100900206,25,15,10
100900207,12,23,-11
100900210,38,532,-494
100900211,68,12,56
100900213,4,5,-1
100900214,610,32,578
100900215,1,8,-7
100900217,22,16,6
101000001,2968,1151,1817
101000002,2172,1137,1035
101000003,499,701,-202
101000004,7379,2339,5040
101000005,4629,2713,1916
101000006,5799,3702,2097
101000007,1936,1727,209
101000008,1982,1460,522
101000009,688,1688,-1000
101000010,377,971,-594
101000011,1422,278,1144
101000012,543,196,347
101000013,295,331,-36
101000014,219,257,-38
101000015,505,679,-174
101000016,102,212,-110
101000017,225,338,-113
101000018,2122,1773,349
101000020,2449,632,1817
101000021,397,133,264
101000022,501,45,456
101000023,994,597,397
101000025,57,145,-88
101000026,258,18,240
101000027,839,935,-96
101000028,476,141,335
101000029,11,220,-209
101000030,423,75,348
101000031,202,94,108
101000032,2460,1282,1178
101000033,1737,719,1018
101000034,1233,623,610
101000035,896,269,627
101000036,755,207,548
101000037,2331,469,1862
101000039,1953,392,1561
101000040,3029,996,2033
101000041,5074,792,4282
101000042,400,199,201
101000043,6860,1091,5769
101000045,545,72,473
101000046,1060,662,398
101000047,567,646,-79
101000048,395,208,187
101000049,499,352,147
101000050,1759,540,1219
101000051,3643,698,2945
101000052,1245,333,912
101000053,502,447,55
101000054,1126,642,484
101000055,1329,474,855
101000056,67,46,21
101000057,2567,355,2212
101000058,1310,265,1045
101000059,1451,460,991
101000060,1336,123,1213
101000061,513,200,313
101000062,1544,236,1308
101000063,130,84,46
101000064,850,238,612
101000065,76,154,-78
101000066,50,21,29
101000067,367,231,136
101000068,228,97,131
101000069,225,41,184
101000070,1720,542,1178
101000071,1402,423,979
101000072,1166,1520,-354
101000073,192,139,53
101000074,3607,966,2641
101000075,7065,2104,4961
101000077,638,558,80
101000078,721,983,-262
101000079,240,1282,-1042
101000080,526,1391,-865
101000081,393,516,-123
101000082,2079,1441,638
101000083,744,644,100
101000084,660,1119,-459
101000085,809,437,372
101000086,857,659,198
101000087,552,988,-436
101000088,359,330,29
101000089,368,611,-243
101000090,1801,847,954
101000091,122,751,-629
101000092,616,731,-115
101000093,818,533,285
101000094,304,732,-428
101000095,137,512,-375
101000096,115,419,-304
101000097,115,183,-68
101000098,228,345,-117
101000099,729,550,179
101000100,521,374,147
101000101,147,220,-73
101000102,383,194,189
101000103,458,420,38
101000104,120,155,-35
101000105,272,35,237
101000106,141,148,-7
101000107,49,125,-76
101000108,903,197,706
101000109,86,46,40
101000110,8,485,-477
101000111,71,65,6
101000113,61,176,-115
101000114,1342,719,623
101000115,35,41,-6
101000116,9,22,-13
101000117,16,86,-70
101000119,137,22,115
101000120,153,17,136
101000121,26,4,22
101000122,38,16,22
101000123,10,44,-34
101000124,360,560,-200
101000125,76,241,-165
101000128,572,171,401
101000130,371,247,124
101000131,357,464,-107
101000132,181,1218,-1037
101000135,36,7,29
101000136,183,121,62
101000137,42,184,-142
101000141,1597,631,966
101000147,594,453,141
101000148,2041,11,2030
101000149,4,6,-2
101000150,21,769,-748
101000151,24,51,-27
101000152,187,272,-85
101000153,377,345,32
101000154,59,1482,-1423
101000155,53,75,-22
101000156,9,142,-133
101000157,34,12,22
101000160,2,11,-9
101000163,0,0,0
101000164,330,198,132
101000165,202,134,68
101000166,136,273,-137
101000168,230,161,69
101000252,251,318,-67
101000254,235,15,220
101000258,41,16,25
101000261,120,178,-58
101000262,159,430,-271
101000263,60,360,-300
101000265,34,217,-183
101000266,191,188,3
101000269,119,9,110
101000290,751,744,7
101000293,1,30,-29
101000294,304,313,-9
101000295,73,387,-314
101000301,459,84,375
101000304,1261,1549,-288
101000305,1285,1006,279
101000328,5,31,-26
101900001,12,33,-21
101900002,1,11,-10
101900003,30,75,-45
101900004,5,10,-5
101900005,4043,407,3636
101900006,338,4,334
101900007,194,15,179
101900008,45,28,17
101900009,9,21,-12
101900010,508,102,406
101900011,123,91,32
101900012,18,10,8
101900013,744,27,717
101900017,8,22,-14
101900018,990,53,937
101900019,31,11,20
101900020,114,52,62
101900021,0,4,-4
101900022,13,856,-843
101900023,12,169,-157
101900026,26,21,5
101900027,3,60,-57
102000001,1128,2247,-1119
102000002,1585,864,721
102000003,2843,1963,880
102000004,6479,1135,5344
102000005,825,1253,-428
102000006,1146,554,592
102000007,1371,2855,-1484
102000008,5574,846,4728
102000009,3922,3774,148
102000010,5408,1891,3517
102000011,1444,1522,-78
102000012,1948,2109,-161
102000018,2063,777,1286
102000019,1693,455,1238
102000026,158,131,27
102000029,333,81,252
102000030,60,119,-59
102000031,9,115,-106
102000032,127,238,-111
102000033,37,249,-212
102000034,346,179,167
102000035,708,270,438
102000036,5,107,-102
102000037,145,83,62
102000038,51,60,-9
102000039,14,27,-13
102000040,200,65,135
102000041,48,76,-28
102000042,60,27,33
102000043,79,140,-61
102000044,59,235,-176
102000045,419,572,-153
102000046,421,176,245
102000047,372,672,-300
102000048,95,268,-173
102000049,263,254,9
102000050,449,634,-185
102000051,152,186,-34
102000052,505,629,-124
102000053,255,385,-130
102000054,124,370,-246
102000055,368,577,-209
102000056,185,414,-229
102000057,556,156,400
102000058,624,892,-268
102000059,449,968,-519
102000060,304,268,36
102000061,550,1906,-1356
102000062,298,634,-336
102000063,692,906,-214
102000064,431,505,-74
102000065,35,53,-18
102000066,497,775,-278
102000067,1433,1631,-198
102000068,4624,1500,3124
102000069,14,652,-638
102000070,2141,75,2066
102000071,4528,7074,-2546
102000072,2256,3760,-1504
102000073,159,576,-417
102000074,160,745,-585
102000075,22,206,-184
102000076,55,395,-340
102000077,112,952,-840
102000078,299,966,-667
102000079,43,173,-130
102000080,77,214,-137
102000081,126,550,-424
102000082,348,213,135
102000083,89,570,-481
102000084,29,225,-196
102000085,1098,930,168
102000086,589,800,-211
102000087,430,1611,-1181
102000088,120,204,-84
102000089,269,247,22
102000090,186,683,-497
102000091,699,264,435
102000092,344,438,-94
102000093,293,363,-70
102000094,377,83,294
102000095,460,854,-394
102000096,792,231,561
102000097,1889,1401,488
102000098,280,783,-503
102000099,849,331,518
102000100,244,294,-50
102000101,545,133,412
102000102,230,387,-157
102000103,792,212,580
102000104,908,266,642
102000105,77,775,-698
102000106,167,853,-686
102000107,185,306,-121
102000108,199,214,-15
102000109,127,395,-268
102000110,135,797,-662
102000111,8,136,-128
102000112,91,53,38
102000113,11,24,-13
102000114,511,140,371
102000115,130,92,38
102000116,58,111,-53
102000117,57,306,-249
102000118,726,614,112
102000119,1512,286,1226
102000120,35,259,-224
102000121,352,336,16
102000122,105,393,-288
102000123,740,453,287
102000124,549,438,111
102000125,476,304,172
102000126,284,422,-138
102000127,476,298,178
102000128,266,606,-340
102000129,312,590,-278
102000130,168,464,-296
102000131,353,327,26
102000132,148,270,-122
102000133,498,2032,-1534
102000134,204,454,-250
102000135,827,366,461
102000136,569,112,457
102000137,593,467,126
102000138,181,328,-147
102000139,23,343,-320
102000140,187,234,-47
102000141,122,575,-453
102000142,75,226,-151
102000143,14,341,-327
102000144,25,319,-294
102000145,83,242,-159
102000146,116,205,-89
102000147,124,100,24
102000148,34,85,-51
102000149,71,365,-294
102000150,27,157,-130
102000151,41,182,-141
102000152,27,109,-82
102000153,320,111,209
102000154,177,288,-111
102000155,45,154,-109
102000156,131,25,106
102000157,40,71,-31
102000158,231,104,127
102000159,1464,57,1407
102000161,2998,382,2616
102000162,135,55,80
102000163,41,108,-67
102000164,720,259,461
102000165,173,92,81
102000166,11,42,-31
102000167,67,138,-71
102000168,84,76,8
102000169,112,171,-59
102000170,566,69,497
102000171,160,40,120
102000172,88,73,15
102000173,126,118,8
102000174,15,90,-75
102000175,46,36,10
102000176,9,10,-1
102000178,66,411,-345
102000179,42,123,-81
102000180,170,386,-216
102000181,69,534,-465
102000182,173,666,-493
102000183,423,634,-211
102000184,457,814,-357
102000185,419,519,-100
102000186,345,1612,-1267
102000187,205,1476,-1271
102000188,115,542,-427
102000189,2558,720,1838
102000190,371,950,-579
102000191,754,136,618
102000192,434,656,-222
102000193,11,147,-136
102000194,27,101,-74
102000195,135,444,-309
102000196,25,411,-386
102000197,113,382,-269
102000198,28,651,-623
102000199,95,345,-250
102000200,90,711,-621
102000201,133,348,-215
102000202,7,123,-116
102000203,60,242,-182
102000204,91,427,-336
102000205,227,324,-97
102000206,157,510,-353
102000207,122,221,-99
102000208,107,415,-308
102000209,11,37,-26
102000210,27,489,-462
102000211,68,414,-346
102000212,18,13,5
102000213,7,316,-309
102000214,38,2,36
102000215,2,469,-467
102000216,10,7,3
102000217,6,189,-183
102000218,27,8,19
102000219,175,443,-268
102000225,174,58,116
102000226,1022,58,964
102000227,10,1,9
102000228,2,117,-115
102000229,17,29,-12
102000230,56,302,-246
102000231,118,262,-144
102000232,6,108,-102
102000233,266,359,-93
102000234,11,228,-217
102000236,413,54,359
102000237,161,135,26
102000238,102,119,-17
102000240,450,407,43
102000241,205,64,141
102000243,5,21,-16
102000245,11,55,-44
102000246,5,12,-7
102000247,384,500,-116
102000248,169,281,-112
102000249,57,136,-79
102000250,14,304,-290
102000254,9,250,-241
102000266,36,135,-99
102000271,6,0,6
102000286,246,178,68
102000297,657,334,323
102000299,0,0,0
102000301,0,0,0
102000305,0,0,0
102000307,0,6,-6
102000308,0,2,-2
102900001,234,215,19
102900002,95,2,93
102900003,10,245,-235
102900005,32,58,-26
102900006,83,44,39
102900007,55,5,50
102900008,42,12,30
102900009,0,0,0
102900010,105,211,-106
102900011,1608,158,1450
102900012,158,31,127
102900013,0,0,0
102900015,287,62,225
102900016,0,0,0
102900017,0,0,0
102900018,0,0,0
102900019,72,179,-107
102900020,21,28,-7
102900021,0,0,0
102900022,174,51,123
102900023,0,0,0
102900024,0,12,-12
102900025,0,0,0
102900026,186,307,-121
102900027,17,32,-15
102900028,23,82,-59
102900029,33,61,-28
102900030,34,62,-28
102900031,20,43,-23
102900032,10,154,-144
102900033,0,0,0
102900034,55,41,14
102900035,18,432,-414
102900036,28,302,-274
102900037,48,329,-281
102900038,150,281,-131
102900039,20,190,-170
102900040,69,101,-32
102900041,35,111,-76
102900042,72,251,-179
102900043,56,208,-152
102900044,168,1439,-1271
102900045,30,401,-371
102900046,36,260,-224
102900047,27,469,-442
102900048,185,590,-405
102900049,20,225,-205
102900050,100,262,-162
102900051,66,116,-50
102900052,0,0,0
102900053,110,478,-368
102900054,207,410,-203
102900055,0,0,0
102900056,59,241,-182
102900057,0,0,0
102900058,114,23,91
102900059,0,0,0
102900060,32,236,-204
102900061,16,301,-285
102900062,27,1175,-1148
102900063,104,107,-3
102900064,54,112,-58
102900065,345,184,161
102900066,90,7,83
102900068,31,30,1
102900070,38,519,-481
102900072,19,26,-7
102900073,46,4,42
102900075,0,0,0
102900076,0,0,0
102900077,0,0,0
102900078,0,0,0
102900079,50,21,29
102900080,40,6,34
102900081,32,137,-105
102900082,8,141,-133
102900083,0,0,0
102900084,0,0,0
102900085,0,0,0
102900086,0,0,0
102900087,8,68,-60
102900088,6,23,-17
102900089,133,69,64
102900090,1,456,-455
102900091,22,1,21
102900092,59,825,-766
102900093,96,57,39
102900094,0,27,-27
102900095,4,1,3
102900096,7,1,6
102900097,0,114,-114
103000001,1182,1541,-359
103000002,878,1159,-281
103000003,1907,1539,368
103000004,648,563,85
103000005,1157,992,165
103000006,324,647,-323
103000007,186,558,-372
103000008,321,898,-577
103000009,208,484,-276
103000010,55,76,-21
103000011,1082,682,400
103000012,669,481,188
103000013,5655,1392,4263
103000014,705,624,81
103000015,1965,679,1286
103000016,254,351,-97
103000017,32,72,-40
103000018,567,269,298
103000019,29,28,1
103000020,657,936,-279
103000021,322,479,-157
103000022,438,984,-546
103000023,179,505,-326
103000024,56,87,-31
103000025,28,65,-37
103000026,1462,72,1390
103000027,115,94,21
103000028,692,138,554
103000029,509,146,363
103000030,2069,324,1745
103000031,903,504,399
103000032,992,1052,-60
103000033,1332,1082,250
103000034,1209,560,649
103000035,258,469,-211
103000036,290,159,131
103000037,562,342,220
103000038,312,359,-47
103000039,64,344,-280
103000040,108,756,-648
103000041,859,2079,-1220
103000042,340,592,-252
103000043,156,883,-727
103000044,58,184,-126
103000046,146,167,-21
103000047,179,387,-208
103000048,104,71,33
103000049,59,100,-41
103000050,180,456,-276
103000051,99,302,-203
103000052,332,317,15
103000053,43,173,-130
103000054,813,729,84
103000055,677,717,-40
103000056,345,1255,-910
103000057,268,183,85
103000058,162,632,-470
103000059,157,477,-320
103000060,476,588,-112
103000061,212,457,-245
103000062,393,637,-244
103000063,304,380,-76
103000064,80,221,-141
103000065,2,240,-238
103000066,41,10,31
103000069,73,304,-231
103000070,209,959,-750
103000071,300,142,158
103000072,37,846,-809
103000073,72,54,18
103000074,110,32,78
103000075,88,750,-662
103000076,56,42,14
103000077,23,306,-283
103000078,462,65,397
103000079,974,267,707
103000080,347,63,284
103000081,176,295,-119
103000082,107,84,23
103000083,37,266,-229
103000084,0,0,0
103000085,2,56,-54
103000086,187,81,106
103000087,46,228,-182
103000088,126,225,-99
103000089,62,212,-150
103000090,756,836,-80
103000091,238,274,-36
103000092,103,167,-64
103000093,158,441,-283
103000094,36,81,-45
103000095,9,304,-295
103000096,194,47,147
103000097,18,409,-391
103000098,575,33,542
103000099,102,350,-248
103000100,26,665,-639
103000101,200,98,102
103000102,51,520,-469
103000103,135,125,10
103000104,8,126,-118
103000105,27,67,-40
103000106,1,90,-89
103000107,183,64,119
103000108,297,391,-94
103000109,197,235,-38
103000110,271,277,-6
103000111,268,260,8
103000112,106,168,-62
103000113,146,406,-260
103000114,252,268,-16
103000115,169,321,-152
103000116,141,325,-184
103000117,88,324,-236
103000118,647,832,-185
103000119,1804,573,1231
103000120,56,110,-54
103000121,71,302,-231
103000122,49,79,-30
103000125,10,526,-516
103000126,135,9,126
103000127,1,338,-337
103000128,49,4,45
103000129,0,176,-176
103000130,7,17,-10
103000131,235,66,169
103000132,50,97,-47
103000133,7,307,-300
103000134,277,225,52
103000135,655,70,585
103000136,413,176,237
103000137,228,211,17
103000138,277,165,112
103000139,1,30,-29
103000140,79,12,67
103000141,16,73,-57
103000142,45,38,7
103000143,7,151,-144
103000144,71,58,13
103000145,15,41,-26
103000150,24,52,-28
103000152,53,160,-107
103000153,44,80,-36
103000156,4,570,-566
103000157,125,1,124
103000159,54,103,-49
103000162,9,1,8
103000163,1,1,0
103000164,1,3,-2
103000165,74,334,-260
103000166,18,35,-17
103000167,41,83,-42
103000168,33,132,-99
103000169,37,59,-22
103000170,390,401,-11
103000171,15,50,-35
103000172,77,145,-68
103000173,88,640,-552
103000174,83,209,-126
103000175,79,423,-344
103000176,381,109,272
103000177,449,268,181
103000178,248,171,77
103000179,67,26,41
103000183,5,37,-32
103000185,18,39,-21
103000186,39,122,-83
103000187,147,546,-399
103000188,12,64,-52
103000189,271,853,-582
103000191,340,461,-121
103000292,2043,481,1562
103000293,1281,374,907
103000295,33,50,-17
103000296,120,8,112
103000297,169,20,149
103000504,140,23,117
103000505,12,10,2
103000506,3,161,-158
103000507,69,0,69
103000508,52,31,21
103000509,103,436,-333
103900001,0,141,-141
103900002,1054,71,983
103900003,807,44,763
103900004,2,0,2
103900005,0,142,-142
103900006,0,0,0
103900007,0,1,-1
103900008,0,0,0
103900009,19,122,-103
103900010,26,118,-92
103900011,19,174,-155
103900012,9,7,2
103900013,4,94,-90
103900014,2,10,-8
103900015,14,7,7
103900016,109,298,-189
103900017,12,92,-80
103900018,509,95,414
103900019,14,57,-43
103900020,35,73,-38
103900021,12,3,9
103900022,249,378,-129
103900023,12,0,12
103900024,42,603,-561
103900025,5,21,-16
103900026,0,0,0
103900027,38,116,-78
103900028,4,113,-109
103900029,257,137,120
103900030,59,6,53
103900031,6,0,6
103900032,10,13,-3
103900033,18,0,18
103900034,17,218,-201
103900035,33,50,-17
103900036,8,0,8
103900037,3,16,-13
103900038,8,46,-38
103900039,2,310,-308
103900040,3,133,-130
103900041,6,12,-6
103900042,2,374,-372
103900043,14,51,-37
103900044,99,67,32
103900045,36,82,-46
103900047,7,35,-28
103900048,13,4,9
103900049,150,848,-698
103900050,2,76,-74
103900051,1,18,-17
103900052,51,416,-365
103900053,44,1034,-990
103900054,10,498,-488
103900055,53,142,-89
103900056,2,51,-49
103900057,6,230,-224
103900058,17,532,-515
103900059,0,0,0
103900060,2,127,-125
103900061,17,28,-11
103900062,14,35,-21
103900063,0,0,0
103900064,4,0,4
103900065,445,181,264
103900066,22,0,22
103900067,3,1,2
103900068,0,0,0
103900069,21,4,17
103900070,17,138,-121
103900071,15,164,-149
103900072,0,301,-301
103900073,2,1,1
103900074,5,50,-45
103900075,28,55,-27
103900076,113,565,-452
103900077,27,19,8
103900078,13,65,-52
103900079,60,151,-91
103900080,5,1,4
103900081,0,0,0
103900082,0,26,-26
103900083,1345,81,1264
103900084,3,91,-88
103900085,28,45,-17
103900086,62,126,-64
103900087,9,15,-6
103900088,255,72,183
103900089,15,110,-95
103900090,9,287,-278
103900091,411,116,295
103900092,58,272,-214
103900093,39,345,-306
103900094,1,86,-85
103900095,17,82,-65
103900096,5,293,-288
103900097,1,400,-399
103900098,54,35,19
103900099,14,215,-201
103900100,33,275,-242
103900101,23,581,-558
103900102,0,15,-15
103900104,15,13,2
103900105,61,115,-54
103900106,0,8,-8
103900107,9,138,-129
103900108,17,340,-323
103900109,7,34,-27
103900110,61,25,36
103900111,6,706,-700
103900112,4,19,-15
103900113,65,96,-31
103900114,333,178,155
103900115,139,17,122
103900116,3867,256,3611
103900117,221,86,135
103900119,19,21,-2
103900120,8,50,-42
103900122,3,273,-270
103900123,880,254,626
103900124,21,570,-549
103900125,29,56,-27
103900126,56,228,-172
103900127,51,588,-537
103900128,17,194,-177
103900131,7,80,-73
103900133,256,5,251
103900134,0,0,0
103900135,0,1,-1
103900137,0,57,-57
103900138,1,75,-74
103900139,125,344,-219
103900140,0,0,0
103900141,75,32,43
103900142,0,27,-27
103900143,1,2,-1
103900144,0,12,-12
103900145,68,300,-232
103900146,78,225,-147
103900147,79,58,21
103900148,21,160,-139
103900149,8,317,-309
103900150,4395,542,3853
103900151,8,60,-52
103900152,35,557,-522
103900153,2,0,2
103900154,934,224,710
103900155,8,111,-103
103900156,1,93,-92
103900157,5,199,-194
103900158,1,138,-137
103900159,14,62,-48
103900160,19,8,11
103900161,26,74,-48
103900162,48,191,-143
103900163,2,220,-218
103900167,6,18,-12
103900168,3,47,-44
103900169,0,9,-9
103900170,0,68,-68
103900171,1,30,-29
103900172,1,21,-20
103900173,1,3,-2
103900174,22,45,-23
103900175,35,17,18
103900176,2,10,-8
103900177,0,17,-17
103900178,9,42,-33
103900179,6,168,-162
103900180,3,90,-87
103900181,28,16,12
103900182,28,6,22
103900184,389,10,379
103900185,131,25,106
103900187,58,9,49
103900188,16,0,16
103900189,59,9,50
103900190,2,17,-15
103900191,5,44,-39
103900192,8,59,-51
103900193,76,67,9
103900194,6,203,-197
103900195,1,12,-11
103900196,5,9,-4
103900197,0,18,-18
103900198,3,24,-21
103900199,19,44,-25
103900200,21,89,-68
103900201,6,123,-117
103900202,5,32,-27
103900203,5,1,4
103900204,2,92,-90
103900207,0,121,-121
103900208,4,0,4
103900209,1,72,-71
103900210,0,13,-13
103900211,76,381,-305
103900212,17,394,-377
103900213,33,114,-81
103900214,3,0,3
103900215,510,176,334
103900216,7,315,-308
103900217,8,4,4
103900218,0,74,-74
103900219,9,110,-101
103900233,15,1,14
103900235,8,4,4
103900236,12,2,10
103900242,0,2,-2
103900243,0,3,-3
103900244,11,181,-170
103900245,14,137,-123
103900246,18,4,14
103900247,16,67,-51
103900248,0,3,-3
103900249,1,1,0
103900250,3,3,0
103900251,0,6,-6
103900253,11,4,7
103900254,0,4,-4
103900255,1,1,0
103900256,3,1,2
103900257,40,15,25
103900258,1,0,1
103900259,44,3,41
103900261,2,1,1
103900262,5,0,5
103900263,7,3,4
103900264,9,0,9
103900265,15,3,12
103900266,0,19,-19
103900267,0,31,-31
103900268,1,64,-63
103900269,32,24,8
103900270,4,78,-74
103900271,17,156,-139
103900272,0,0,0
103900273,0,0,0
103900274,0,0,0
103900275,0,0,0
103900276,0,0,0
103900277,0,0,0
103900278,0,0,0
103900279,0,0,0
104000001,1125,1589,-464
104000002,1006,1669,-663
104000003,1207,1496,-289
104000004,2469,1575,894
104000005,515,929,-414
104000006,1415,1900,-485
104000007,2290,2195,95
104000008,166,480,-314
104000009,49,124,-75
104000010,21,57,-36
104000011,591,469,122
104000012,38,545,-507
104000013,22,33,-11
104000014,148,714,-566
104000015,65,70,-5
104000016,133,335,-202
104000018,245,72,173
104000019,149,51,98
104000020,73,751,-678
104000021,159,708,-549
104000022,66,274,-208
104000023,242,162,80
104000024,76,155,-79
104000026,21,69,-48
104000027,98,412,-314
104000028,126,157,-31
104000029,199,560,-361
104000030,63,152,-89
104000031,195,123,72
104000032,89,291,-202
104000033,173,135,38
104000034,150,377,-227
104000035,172,287,-115
104000036,178,444,-266
104000037,120,263,-143
104000038,158,201,-43
104000039,65,403,-338
104000040,270,397,-127
104000041,188,195,-7
104000042,123,399,-276
104000043,176,267,-91
104000044,116,626,-510
104000045,375,963,-588
104000046,770,934,-164
104000047,341,927,-586
104000048,784,1523,-739
104000049,97,171,-74
104000050,110,420,-310
104000051,58,608,-550
104000052,441,932,-491
104000053,263,336,-73
104000054,258,472,-214
104000055,2534,1733,801
104000056,925,115,810
104000057,37,487,-450
104000058,361,531,-170
104000059,168,654,-486
104000060,148,611,-463
104000061,410,817,-407
104000062,16,22,-6
104000064,322,165,157
104000065,33,152,-119
104000069,1317,323,994
104000070,18,203,-185
104000071,52,287,-235
104000072,56,26,30
104000075,22,137,-115
104000076,152,34,118
104000082,891,1234,-343
104000083,352,95,257
104000084,84,361,-277
104000085,70,116,-46
104000086,120,392,-272
104000087,181,326,-145
104000090,303,1348,-1045
104000092,224,1977,-1753
104000094,376,1640,-1264
104000095,854,949,-95
104000096,197,432,-235
104000097,292,571,-279
104000098,261,763,-502
104000100,241,372,-131
104000101,479,1000,-521
104000106,118,215,-97
104000107,165,444,-279
104000108,160,408,-248
104000109,72,22,50
104000110,374,538,-164
104000111,3344,643,2701
104000112,1337,371,966
104000116,4,1312,-1308
104000117,3,834,-831
104000118,93,166,-73
104000119,96,152,-56
104000120,10,837,-827
104000121,115,445,-330
104000122,275,473,-198
104000123,515,622,-107
104000124,1131,1394,-263
104000125,4480,1659,2821
104000126,141,357,-216
104000127,1056,2444,-1388
104000128,217,317,-100
104000129,233,23,210
104000130,3,149,-146
104000131,903,614,289
104000132,499,886,-387
104000133,716,601,115
104000134,581,877,-296
104000135,263,536,-273
104000136,623,1127,-504
104000137,1316,117,1199
104000138,1135,231,904
104000139,8437,1725,6712
104000141,1166,1374,-208
104000142,291,794,-503
104000143,255,740,-485
104000144,22,90,-68
104000145,96,71,25
104000146,297,404,-107
104000147,65,243,-178
104000148,37,45,-8
104000149,126,345,-219
104000150,185,194,-9
104000151,230,695,-465
104000152,193,904,-711
104000153,68,143,-75
104000154,861,723,138
104000155,106,186,-80
104000157,918,1339,-421
104000158,190,211,-21
104000159,192,252,-60
104000160,1273,906,367
104000161,84,43,41
104000162,22,55,-33
104000165,486,381,105
104000167,89,172,-83
104000168,135,2,133
104000169,0,0,0
104000170,1008,172,836
104000248,9,472,-463
104000251,25,264,-239
104000272,2,1,1
104000273,1,1,0
104000274,2,0,2
104000275,2,1,1
104000279,485,366,119
104000290,44,285,-241
104000291,428,493,-65
104000293,270,451,-181
104000294,0,0,0
104000295,254,612,-358
104000296,126,389,-263
104000297,556,1030,-474
104000298,1270,526,744
104000299,283,900,-617
104900001,9,68,-59
104900002,10,26,-16
104900003,11,322,-311
104900004,12,300,-288
104900005,36,96,-60
104900006,20,25,-5
104900007,50,143,-93
104900009,22,315,-293
104900010,4,2,2
104900011,4,0,4
104900012,16,2,14
104900013,24,0,24
104900014,2470,144,2326
104900015,31,2,29
104900016,21,263,-242
104900017,8,128,-120
104900018,4,167,-163
104900019,72,223,-151
104900020,17,134,-117
104900021,0,0,0
104900022,6,92,-86
104900023,0,0,0
104900024,7,99,-92
104900025,40,293,-253
104900026,0,0,0
104900027,20,33,-13
104900028,15,78,-63
104900029,0,0,0
104900030,63,32,31
104900031,75,154,-79
104900032,10,75,-65
104900033,0,0,0
104900034,44,22,22
104900035,14,23,-9
104900036,17,9,8
104900037,24,160,-136
104900038,223,111,112
104900039,0,0,0
104900040,13,24,-11
104900041,0,0,0
104900042,30,237,-207
104900043,0,0,0
104900044,45,41,4
104900045,0,0,0
104900046,5,44,-39
104900047,28,30,-2
104900048,39,16,23
104900049,0,0,0
104900050,26,34,-8
104900051,8,8,0
104900052,0,0,0
104900053,45,3,42
104900054,34,2,32
104900055,0,0,0
104900056,16,2,14
104900057,16,0,16
104900058,60,47,13
104900059,0,0,0
104900060,1,262,-261
104900061,165,498,-333
104900063,0,81,-81
104900064,0,80,-80
104900065,0,68,-68
104900066,13,125,-112
104900067,1,196,-195
104900068,2,153,-151
104900070,16,255,-239
104900071,5,751,-746
104900072,8,161,-153
104900073,7,135,-128
104900074,22,194,-172
104900075,6,37,-31
104900076,53,447,-394
104900077,540,20,520
104900078,63,725,-662
104900079,49,48,1
104900080,13,423,-410
104900082,0,45,-45
104900085,0,115,-115
104900087,75,0,75
104900089,0,0,0
104900090,75,53,22
104900091,151,625,-474
104900093,91,337,-246
104900097,1921,460,1461
104900098,8,6,2
104900099,28,242,-214
104900100,547,92,455
104900102,10,191,-181
104900103,310,75,235
104900104,1361,295,1066
104900106,11,94,-83
104900107,14,257,-243
104900108,1,149,-148
104900109,8,62,-54
104900110,2,30,-28
104900111,40,52,-12
104900112,79,595,-516
104900113,153,245,-92
104900114,56,553,-497
104900115,124,367,-243
104900116,35,231,-196
104900118,2,52,-50
104900119,1,16,-15
104900120,0,0,0
104900121,0,0,0
104900122,0,0,0
104900123,0,0,0
104900124,0,0,0
104900125,53,1,52
104900126,18,29,-11
104900127,2,9,-7
104900128,0,11,-11
104900129,1311,267,1044
105000001,1295,1388,-93
105000002,753,1090,-337
105000003,1290,2540,-1250
105000004,206,734,-528
105000005,359,754,-395
105000006,462,824,-362
105000007,290,663,-373
105000008,345,980,-635
105000009,508,1236,-728
105000010,1968,2125,-157
105000011,939,965,-26
105000012,3060,2960,100
105000013,400,430,-30
105000014,602,993,-391
105000015,4336,2429,1907
105000016,2594,1243,1351
105000017,688,716,-28
105000018,535,633,-98
105000019,714,538,176
105000020,85,313,-228
105000021,175,116,59
105000022,64,20,44
105000023,200,143,57
105000028,44,135,-91
105000029,222,403,-181
105000030,2852,3046,-194
105000033,748,2152,-1404
105000034,78,301,-223
105000037,354,441,-87
105000038,641,557,84
105000039,3167,2226,941
105000040,206,304,-98
105000041,404,1580,-1176
105000042,993,435,558
105000043,2001,2937,-936
105000044,102,179,-77
105000045,184,888,-704
105000046,233,205,28
105000047,227,1509,-1282
105000048,105,85,20
105000049,177,645,-468
105000050,72,32,40
105000051,143,394,-251
105000052,110,588,-478
105000053,53,146,-93
105000054,83,672,-589
105000055,127,350,-223
105000056,292,1817,-1525
105000057,531,788,-257
105000058,586,989,-403
105000059,130,229,-99
105000060,183,500,-317
105000061,61,195,-134
105000062,326,948,-622
105000063,128,633,-505
105000064,192,380,-188
105000065,143,921,-778
105000066,373,1743,-1370
105000067,250,278,-28
105000068,293,648,-355
105000069,1693,267,1426
105000070,488,395,93
105000071,61,127,-66
105000072,308,222,86
105000073,402,285,117
105000074,417,767,-350
105000075,248,522,-274
105000076,548,832,-284
105000077,1092,636,456
105000078,709,628,81
105000079,1038,1207,-169
105000080,681,628,53
105000081,507,549,-42
105000082,128,353,-225
105000083,549,317,232
105000084,298,868,-570
105000085,489,469,20
105000086,247,697,-450
105000087,1828,1355,473
105000088,815,610,205
105000089,2712,2363,349
105000090,961,1055,-94
105000091,1669,2051,-382
105000092,335,1140,-805
105000093,310,188,122
105000094,84,121,-37
105000095,57,354,-297
105000096,327,323,4
105000097,453,441,12
105000098,126,259,-133
105000099,289,724,-435
105000100,920,853,67
105000101,1148,1686,-538
105000102,1282,1184,98
105000103,900,1802,-902
105000104,514,685,-171
105000105,365,1352,-987
105000106,389,1265,-876
105000107,241,542,-301
105000108,458,1031,-573
105000109,500,1143,-643
105000110,257,518,-261
105000111,163,385,-222
105000112,442,490,-48
105000113,101,349,-248
105000114,2269,536,1733
105000115,165,364,-199
105000116,115,167,-52
105000117,304,1129,-825
105000118,75,191,-116
105000119,202,869,-667
105000120,141,291,-150
105000121,383,843,-460
105000122,91,212,-121
105000123,435,1022,-587
105000124,338,576,-238
105000125,249,1256,-1007
105000126,752,1637,-885
105000127,1026,1445,-419
105000128,135,940,-805
105000129,165,239,-74
105000130,24,276,-252
105000131,273,245,28
105000132,220,151,69
105000133,156,898,-742
105000134,135,232,-97
105000135,116,571,-455
105000136,35,276,-241
105000137,24,32,-8
105000138,134,339,-205
105000139,506,990,-484
105000140,25,101,-76
105000141,70,474,-404
105000142,20,146,-126
105000143,88,447,-359
105000144,128,510,-382
105000145,134,302,-168
105000146,133,441,-308
105000147,39,46,-7
105000148,138,68,70
105000149,182,160,22
105000150,1114,1033,81
105000151,141,203,-62
105000152,62,520,-458
105000153,209,306,-97
105000154,202,864,-662
105000155,68,335,-267
105000156,317,711,-394
105000157,587,1484,-897
105000158,614,550,64
105000159,225,1204,-979
105000160,588,420,168
105000161,327,1784,-1457
105000162,134,607,-473
105000163,637,878,-241
105000164,183,192,-9
105000165,863,1293,-430
105000166,5671,116,5555
105000167,2139,694,1445
105000168,17,672,-655
105000169,104,442,-338
105000170,16,630,-614
105000171,690,261,429
105000172,1,0,1
105000173,3,0,3
105000174,5,3,2
105000175,34,104,-70
105000176,24,30,-6
105000177,21,70,-49
105000178,35,167,-132
105000179,68,58,10
105000180,28,88,-60
105000181,9,122,-113
105000182,21,51,-30
105000183,2023,568,1455
105000184,1061,720,341
105000185,344,204,140
105000186,214,1180,-966
105000187,177,107,70
105000188,38,39,-1
105000189,80,631,-551
105000190,16,49,-33
105000191,159,465,-306
105000192,30,71,-41
105000193,32,99,-67
105000194,31,72,-41
105000195,146,915,-769
105000196,6,32,-26
105000197,77,523,-446
105000198,357,168,189
105000199,58,79,-21
105000200,35,249,-214
105000201,15,20,-5
105000203,6,198,-192
105000204,38,85,-47
105000205,77,193,-116
105000207,654,226,428
105000208,2,0,2
105000209,102,343,-241
105000212,328,1057,-729
105000213,117,170,-53
105000214,13,163,-150
105000215,10,146,-136
105000216,41,336,-295
105000217,43,358,-315
105000218,140,533,-393
105000221,42,216,-174
105000222,9,13,-4
105000223,27,110,-83
105000226,0,89,-89
105000227,4,44,-40
105000228,90,539,-449
105000229,20,93,-73
105000231,0,1,-1
105000233,252,345,-93
105000234,426,1179,-753
105000235,49,232,-183
105000237,155,16,139
105000243,5,172,-167
105000248,57,50,7
105000262,69,1354,-1285
105000269,22,94,-72
105000270,87,111,-24
105000271,0,218,-218
105000282,36,22,14
105000287,203,80,123
105000288,93,241,-148
105000289,400,506,-106
105000290,0,0,0
105000402,3509,1360,2149
105000426,149,340,-191
105000438,298,322,-24
105000446,8965,3095,5870
105000447,5707,1780,3927
105000454,36,784,-748
105000455,56,153,-97
105000474,1,0,1
105000477,30,182,-152
105000478,431,582,-151
105000479,40,107,-67
105000480,809,721,88
105000481,835,993,-158
105000482,2791,1910,881
105000483,402,717,-315
105000484,1355,1903,-548
105000485,660,1019,-359
105000486,1897,1757,140
105000488,1858,1781,77
105000489,182,468,-286
105000549,0,10,-10
105000550,234,776,-542
105000551,13,55,-42
105000552,2844,1432,1412
105000555,56,198,-142
105900001,7,479,-472
105900002,1216,150,1066
105900003,11,47,-36
105900004,403,117,286
105900005,2,237,-235
105900006,1,32,-31
105900007,19,7,12
105900008,23,630,-607
105900009,5,10,-5
105900011,43,59,-16
105900012,122,160,-38
105900013,1,8,-7
105900014,1,50,-49
105900015,101,300,-199
105900016,51,713,-662
105900017,225,35,190
105900018,131,153,-22
105900019,19,565,-546
105900020,16,36,-20
105900021,8,399,-391
105900022,84,223,-139
105900023,1,97,-96
105900024,2,214,-212
105900025,17,32,-15
105900026,160,20,140
105900027,2810,1179,1631
105900028,10,104,-94
105900029,1533,330,1203
105900030,71,255,-184
105900031,193,189,4
105900032,13,99,-86
105900033,10,90,-80
105900034,50,189,-139
105900035,60,110,-50
105900036,10,104,-94
105900037,39,84,-45
105900038,59,137,-78
105900039,9,124,-115
105900040,36,83,-47
105900041,106,268,-162
105900042,17,67,-50
105900043,1060,54,1006
105900044,4,103,-99
105900045,0,312,-312
105900046,17,107,-90
105900047,16,14,2
105900048,5,304,-299
105900050,354,507,-153
105900051,0,863,-863
105900052,44,9,35
105900053,2700,318,2382
105900054,144,187,-43
105900056,615,52,563
105900057,12,175,-163
105900058,1,15,-14
105900059,0,6,-6
106000001,1166,413,753
106000002,1512,2408,-896
106000003,1939,877,1062
106000004,1815,1753,62
106000005,1273,2035,-762
106000006,3991,3444,547
106000007,303,236,67
106000008,196,235,-39
106000009,222,171,51
106000010,294,420,-126
106000011,196,384,-188
106000012,379,1342,-963
106000013,779,886,-107
106000014,1296,1426,-130
106000015,459,523,-64
106000016,606,1741,-1135
106000017,339,454,-115
106000018,259,504,-245
106000019,75,272,-197
106000020,51,385,-334
106000021,169,311,-142
106000022,119,330,-211
106000023,230,194,36
106000024,209,763,-554
106000025,93,136,-43
106000026,102,275,-173
106000027,138,292,-154
106000028,309,744,-435
106000029,524,1301,-777
106000030,543,168,375
106000034,162,487,-325
106000035,199,385,-186
106000036,254,178,76
106000037,669,974,-305
106000038,141,51,90
106000039,81,46,35
106000040,95,518,-423
106000041,329,214,115
106000043,149,42,107
106000046,149,9,140
106000047,9,265,-256
106000049,91,41,50
106000050,146,720,-574
106000051,129,132,-3
106000052,37,621,-584
106000053,15,17,-2
106000054,203,384,-181
106000055,126,272,-146
106000056,188,467,-279
106000057,0,0,0
106000058,65,181,-116
106000059,46,80,-34
106000060,380,534,-154
106000061,31,166,-135
106000062,136,503,-367
106000063,87,155,-68
106000064,39,386,-347
106000065,24,43,-19
106000066,49,280,-231
106000067,27,40,-13
106000068,13,446,-433
106000069,30,47,-17
106000070,86,608,-522
106000071,75,131,-56
106000072,2867,669,2198
106000073,835,791,44
106000074,135,338,-203
106000075,139,537,-398
106000076,412,918,-506
106000077,1012,642,370
106000078,179,432,-253
106000079,195,709,-514
106000080,340,544,-204
106000081,170,633,-463
106000082,1068,578,490
106000083,161,579,-418
106000084,137,411,-274
106000085,557,595,-38
106000086,160,361,-201
106000087,169,292,-123
106000088,71,555,-484
106000089,160,302,-142
106000090,62,475,-413
106000091,153,420,-267
106000092,143,113,30
106000093,39,30,9
106000094,68,325,-257
106000095,73,970,-897
106000096,125,518,-393
106000097,141,1226,-1085
106000098,97,667,-570
106000099,28,784,-756
106000100,184,171,13
106000101,223,178,45
106000102,37,433,-396
106000103,149,508,-359
106000104,269,186,83
106000105,115,764,-649
106000106,130,243,-113
106000107,41,367,-326
106000108,59,188,-129
106000109,32,271,-239
106000110,65,173,-108
106000111,59,494,-435
106000112,46,169,-123
106000113,801,512,289
106000114,264,212,52
106000115,94,386,-292
106000116,86,161,-75
106000117,539,654,-115
106000118,436,598,-162
106000119,2077,902,1175
106000120,406,246,160
106000121,54,114,-60
106000122,11,219,-208
106000123,89,251,-162
106000124,13,284,-271
106000125,12,299,-287
106000126,25,186,-161
106000127,154,778,-624
106000128,100,159,-59
106000129,188,655,-467
106000130,146,143,3
106000131,49,483,-434
106000132,357,70,287
106000133,3240,572,2668
106000134,212,192,20
106000135,116,679,-563
106000136,133,92,41
106000137,51,1239,-1188
106000138,92,16,76
106000139,0,0,0
106000140,9,78,-69
106000141,19,126,-107
106000142,0,0,0
106000143,10,126,-116
106000144,0,0,0
106000145,74,340,-266
106000146,0,0,0
106000147,154,295,-141
106000148,344,472,-128
106000149,225,226,-1
106000150,225,855,-630
106000151,2792,379,2413
106000152,783,448,335
106000153,35,468,-433
106000154,868,141,727
106000155,9,56,-47
106000156,156,224,-68
106000157,288,1342,-1054
106000158,1849,361,1488
106000159,3792,1085,2707
106000160,52,549,-497
106000161,802,509,293
106000162,53,182,-129
106000163,65,442,-377
106000164,55,129,-74
106000165,81,611,-530
106000166,115,175,-60
106000167,129,1303,-1174
106000168,39,183,-144
106000169,24,693,-669
106000170,107,146,-39
106000171,26,698,-672
106000172,825,522,303
106000173,256,2060,-1804
106000174,91,160,-69
106000175,88,853,-765
106000176,320,297,23
106000177,251,1682,-1431
106000178,953,674,279
106000179,500,1340,-840
106000180,417,1541,-1124
106000181,170,1621,-1451
106000182,150,572,-422
106000183,193,919,-726
106000184,451,704,-253
106000185,374,603,-229
106000186,294,99,195
106000187,87,477,-390
106000188,0,3,-3
106000189,1,40,-39
106000190,0,0,0
106000191,131,145,-14
106000192,0,43,-43
106000193,139,82,57
106000194,52,251,-199
106000195,196,54,142
106000196,37,202,-165
106000197,142,220,-78
106000198,33,253,-220
106000199,550,190,360
106000200,260,76,184
106000201,220,503,-283
106000202,5878,295,5583
106000203,119,167,-48
106000204,3,2,1
106000205,13,179,-166
106000206,12,3,9
106000207,28,713,-685
106000208,96,15,81
106000209,102,118,-16
106000210,110,1183,-1073
106000211,151,1331,-1180
106000212,38,49,-11
106000213,361,637,-276
106000214,849,133,716
106000215,82,296,-214
106000216,139,163,-24
106000217,95,361,-266
106000218,136,183,-47
106000219,45,173,-128
106000220,143,142,1
106000221,31,246,-215
106000222,15,79,-64
106000223,5,78,-73
106000224,64,278,-214
106000225,15,26,-11
106000226,45,320,-275
106000228,14,95,-81
106000229,27,652,-625
106000231,144,40,104
106000232,12,357,-345
106000233,63,36,27
106000234,20,181,-161
106000235,68,24,44
106000236,18,24,-6
106000237,0,9,-9
106000238,3,1,2
106000239,1,56,-55
106000240,3,0,3
106000241,16,428,-412
106000242,17,2,15
106000249,0,0,0
106000250,19,231,-212
106000251,15,20,-5
106000252,10,130,-120
106000253,9,40,-31
106000254,14,88,-74
106000255,4,85,-81
106000256,38,105,-67
106000257,33,240,-207
106000258,18,4,14
106000259,0,19,-19
106000260,4,2,2
106000261,0,36,-36
106000262,5,2,3
106000263,0,46,-46
106000264,34,0,34
106000265,5,103,-98
106000266,32,4,28
106000267,5,88,-83
106000268,112,9,103
106000269,42,46,-4
106000270,70,280,-210
106000271,18,107,-89
106000272,37,69,-32
106000273,5,75,-70
106000274,126,25,101
106000275,37,93,-56
106000276,57,38,19
106000277,96,78,18
106000278,128,35,93
106000279,2,75,-73
106000280,10,168,-158
106000281,52,74,-22
106000282,49,42,7
106000283,38,85,-47
106000284,12,63,-51
106000285,47,125,-78
106000286,22,95,-73
106000287,30,92,-62
106000288,45,120,-75
106000289,27,67,-40
106000290,28,123,-95
106000291,19,76,-57
106000292,34,120,-86
106000293,40,66,-26
106000294,38,72,-34
106000295,20,28,-8
106000296,56,58,-2
106000297,91,73,18
106000298,101,31,70
106000299,23,73,-50
106000300,9,82,-73
106000301,53,93,-40
106000303,6,35,-29
106000304,3,51,-48
106000305,8,15,-7
106000306,47,66,-19
106000307,7,5,2
106000308,29,175,-146
106000309,8,73,-65
106000310,83,284,-201
106000311,117,68,49
106000312,23,103,-80
106000313,41,176,-135
106000318,114,158,-44
106000319,97,9,88
106000320,4,12,-8
106000321,105,30,75
106000322,17,162,-145
106000324,4,106,-102
106000325,427,367,60
106000326,449,1418,-969
106000327,7,82,-75
106000328,1,46,-45
106000329,14,206,-192
106000330,16,27,-11
106000428,26,135,-109
106000429,38,462,-424
106000430,169,1226,-1057
106000431,260,162,98
106000432,589,1824,-1235
106000433,415,313,102
106000434,768,217,551
106000435,1502,1827,-325
106000436,18,342,-324
106000437,63,10,53
106000438,141,50,91
106000439,63,382,-319
106000440,99,367,-268
106000441,0,0,0
106000442,13,7,6
106000443,40,457,-417
106000450,1,142,-141
106000451,21,4,17
106000454,0,23,-23
106000455,4,106,-102
106000456,19,9,10
106000457,5,972,-967
106000458,75,38,37
106000459,13,352,-339
106000460,120,3,117
106000461,12,1820,-1808
106000462,0,8,-8
106000463,2,2,0
106000464,1,480,-479
106000465,42,0,42
106000466,0,611,-611
106000467,313,356,-43
106000468,8,160,-152
106000469,41,3,38
106000470,107,574,-467
106000471,2,508,-506
106000472,25,2,23
106000473,10,23,-13
106000474,126,633,-507
106000475,69,87,-18
106000476,181,117,64
106000477,13,49,-36
106000480,0,17,-17
106900001,0,7,-7
106900002,2,470,-468
106900003,87,511,-424
106900004,0,31,-31
106900006,0,13,-13
106900007,0,9,-9
106900008,36,132,-96
106900009,20,200,-180
106900010,41,204,-163
106900012,693,307,386
106900013,56,7,49
106900014,0,2,-2
106900015,5,0,5
106900016,20,0,20
106900017,0,0,0
106900018,1,0,1
106900019,5,0,5
106900020,1818,221,1597
106900021,2,10,-8
106900022,30,0,30
106900023,0,178,-178
106900024,60,6,54
106900025,24,442,-418
106900026,1,716,-715
106900027,45,0,45
107000001,472,751,-279
107000002,1786,2898,-1112
107000003,1432,2433,-1001
107000004,3544,5092,-1548
107000005,578,1250,-672
107000006,2004,5789,-3785
107000007,2652,2126,526
107000008,17303,10313,6990
107000009,1931,2097,-166
107000010,7901,10478,-2577
107000011,687,1079,-392
107000012,2502,2770,-268
107000013,27,189,-162
107000014,11,220,-209
107000015,201,800,-599
107000016,131,1078,-947
107000017,2669,759,1910
107000018,3,330,-327
107000020,1028,251,777
107000021,1092,1167,-75
107000022,517,2076,-1559
107000023,1588,481,1107
107000024,360,2486,-2126
107000025,81,278,-197
107000026,62,667,-605
107000027,573,668,-95
107000028,630,1058,-428
107000029,562,940,-378
107000030,2125,2235,-110
107000031,675,971,-296
107000032,59,202,-143
107000033,2956,4054,-1098
107000034,5580,1726,3854
107000035,157,117,40
107000036,251,623,-372
107000037,59,358,-299
107000038,146,196,-50
107000039,186,284,-98
107000040,85,256,-171
107000041,646,330,316
107000042,356,1017,-661
107000043,1978,429,1549
107000044,441,389,52
107000045,53,210,-157
107000046,169,167,2
107000047,153,629,-476
107000048,112,257,-145
107000049,142,482,-340
107000050,186,341,-155
107000051,392,235,157
107000052,475,339,136
107000053,74,38,36
107000054,38,226,-188
107000055,13,10,3
107000056,239,527,-288
107000057,1057,193,864
107000058,397,585,-188
107000059,1022,2190,-1168
107000060,975,2094,-1119
107000061,2947,3417,-470
107000062,834,1189,-355
107000063,1905,4637,-2732
107000064,900,973,-73
107000065,2078,5330,-3252
107000066,725,884,-159
107000067,428,547,-119
107000068,896,257,639
107000069,199,233,-34
107000070,33,9,24
107000071,268,9,259
107000072,23,2898,-2875
107000073,36,51,-15
107000074,85,705,-620
107000075,190,27,163
107000076,460,1748,-1288
107000077,553,84,469
107000078,690,3003,-2313
107000079,378,143,235
107000080,545,2685,-2140
107000081,230,171,59
107000082,223,2424,-2201
107000083,167,98,69
107000084,194,2294,-2100
107000085,1387,1785,-398
107000086,2038,1867,171
107000087,1281,1245,36
107000088,1141,2075,-934
107000089,739,981,-242
107000090,610,694,-84
107000091,344,679,-335
107000092,303,867,-564
107000093,233,525,-292
107000094,342,926,-584
107000095,97,78,19
107000096,320,739,-419
107000097,126,95,31
107000098,265,623,-358
107000099,133,114,19
107000100,166,327,-161
107000101,23,42,-19
107000102,234,264,-30
107000103,72,56,16
107000104,132,236,-104
107000105,78,41,37
107000106,76,252,-176
107000107,89,65,24
107000108,73,662,-589
107000109,0,0,0
107000110,29,475,-446
107000111,0,0,0
107000112,18,381,-363
107000113,0,0,0
107000114,21,571,-550
107000115,0,0,0
107000116,18,883,-865
107000117,3,0,3
107000118,36,222,-186
107000119,1105,223,882
107000120,2158,321,1837
107000121,151,246,-95
107000122,418,740,-322
107000123,54,421,-367
107000124,174,634,-460
107000125,167,552,-385
107000126,345,1075,-730
107000129,60,760,-700
107000130,44,78,-34
107000131,163,500,-337
107000132,91,123,-32
107000133,100,70,30
107000134,61,2,59
107000135,1,186,-185
107000136,104,3,101
107000137,1,282,-281
107000138,147,13,134
107000139,10,244,-234
107000140,243,5,238
107000141,72,719,-647
107000142,100,13,87
107000143,11,743,-732
107000144,119,77,42
107000145,62,410,-348
107000146,85,50,35
107000147,2066,458,1608
107000150,552,1199,-647
107000151,16,22,-6
107000152,188,244,-56
107000153,209,158,51
107000154,20,25,-5
107000155,292,26,266
107000156,562,37,525
107000157,21,2618,-2597
107000158,125,7,118
107000159,35,1458,-1423
107000160,182,33,149
107000161,40,1830,-1790
107000162,68,150,-82
107000163,0,0,0
107000164,30,0,30
107000165,102,0,102
107000166,36,1167,-1131
107000167,193,195,-2
107000168,286,113,173
107000169,636,982,-346
107000170,279,223,56
107000171,233,2922,-2689
107000172,177,323,-146
107000173,410,1051,-641
107000174,431,1362,-931
107000175,10362,1280,9082
107000176,0,0,0
107000177,2,1,1
107000178,0,24,-24
107000179,103,2819,-2716
107000180,247,226,21
107000181,118,1106,-988
107000182,252,473,-221
107000183,59,919,-860
107000184,147,430,-283
107000185,82,1058,-976
107000186,100,161,-61
107000187,486,628,-142
107000188,213,232,-19
107000189,126,544,-418
107000190,196,483,-287
107000191,166,436,-270
107000192,474,739,-265
107000193,126,189,-63
107000194,430,563,-133
107000197,113,100,13
107000198,95,730,-635
107000199,401,710,-309
107000200,738,304,434
107000201,180,221,-41
107000202,105,335,-230
107000203,630,414,216
107000204,668,368,300
107000205,2729,1199,1530
107000206,420,235,185
107000207,647,745,-98
107000208,1334,207,1127
107000209,1325,274,1051
107000210,1190,130,1060
107000211,7,8,-1
107000212,6,248,-242
107000213,83,10,73
107000214,5,145,-140
107000215,132,422,-290
107000216,48,437,-389
107000217,17,115,-98
107000219,19,79,-60
107000220,35,343,-308
107000222,107,588,-481
107000224,140,21,119
107000225,87,918,-831
107000226,62,29,33
107000227,37,652,-615
107000228,81,87,-6
107000229,134,72,62
107000230,840,330,510
107000231,127,185,-58
107000232,47,41,6
107000233,150,184,-34
107000234,0,6,-6
107000235,0,2,-2
107000236,15,478,-463
107000237,0,1,-1
107000238,0,0,0
107000239,5521,260,5261
107000240,30,1088,-1058
107000241,74,48,26
107000242,490,56,434
107000243,0,30,-30
107000244,2,63,-61
107000246,3,1029,-1026
107000249,4,704,-700
107000251,0,266,-266
107000252,5,1262,-1257
107000255,557,71,486
107000257,2,577,-575
107000258,1,151,-150
107000259,0,262,-262
107000260,64,0,64
107000262,3,857,-854
107000263,40,2,38
107000266,2,1,1
107000267,43,209,-166
107000268,101,184,-83
107000269,59,23,36
107000270,0,10,-10
107000271,5,1011,-1006
107000272,8,339,-331
107000273,4,276,-272
107000274,894,259,635
107000275,122,759,-637
107000280,127,3,124
107000281,5,1020,-1015
107000282,15,1729,-1714
107000290,2,52,-50
107000291,10,7,3
107000292,1,63,-62
107000293,67,6,61
107000294,1,45,-44
107000295,30,0,30
107000296,0,4,-4
107000444,154,7,147
107000496,0,12,-12
107000497,628,2872,-2244
107000500,216,215,1
107000501,36,117,-81
107000502,39,278,-239
107000505,466,552,-86
107000506,1,22,-21
107000508,2,657,-655
107000509,55,134,-79
107000510,7,6,1
107000514,0,264,-264
107000515,5,298,-293
107000516,58,96,-38
107000518,110,100,10
107000519,2574,1087,1487
107000520,20,8,12
107000521,126,448,-322
107000522,72,530,-458
107900001,13,231,-218
107900002,53,0,53
107900003,108,8,100
107900004,9,0,9
107900005,175,2,173
107900006,7,0,7
107900007,48,5,43
107900008,38,41,-3
107900009,55,4,51
107900010,3,0,3
107900012,107,2,105
107900013,67,38,29
107900014,1,2,-1
107900015,151,2,149
107900016,283,92,191
107900017,2,3,-1
107900018,9,14,-5
107900019,2,106,-104
107900020,26,8,18
107900021,9,111,-102
107900023,0,1,-1
107900024,0,2,-2
107900025,174,393,-219
107900026,3,140,-137
107900027,7,112,-105
107900028,8,98,-90
107900030,45,3,42
107900031,19,196,-177
107900032,1,1,0
107900033,3,1,2
107900034,48,0,48
107900035,135,1,134
107900036,8,0,8
107900037,0,12,-12
107900038,67,38,29
107900039,0,68,-68
107900040,12,37,-25
107900041,0,0,0
107900043,7,104,-97
107900044,2,0,2
107900045,4,4,0
107900046,42,10,32
107900047,0,32,-32
107900048,22,1,21
107900049,114,346,-232
107900050,59,259,-200
107900051,16,43,-27
107900052,1,0,1
107900053,3,61,-58
107900055,118,55,63
107900056,33,6,27
107900057,0,0,0
107900058,10,630,-620
107900060,6,17,-11
107900061,15,5,10
107900063,14,62,-48
107900064,156,13,143
107900065,26,2,24
107900066,0,2,-2
107900067,0,0,0
107900068,79,124,-45
107900069,11,166,-155
107900070,14,7,7
107900071,6,891,-885
107900072,14,132,-118
107900073,3,78,-75
107900074,575,50,525
107900076,30,33,-3
107900077,13,0,13
107900078,98,6,92
107900079,0,4,-4
107900080,147,109,38
107900081,1,40,-39
107900082,9,4,5
107900083,74,72,2
107900084,24,49,-25
107900086,32,39,-7
107900087,173,23,150
107900088,2,2,0
107900089,296,820,-524
107900090,234,281,-47
107900091,49,383,-334
107900092,1720,346,1374
107900093,20,12,8
107900095,1929,632,1297
107900097,11,20,-9
107900098,19,33,-14
107900100,642,140,502
107900101,569,59,510
107900102,4,1,3
107900103,38,194,-156
107900104,31,0,31
107900105,2,432,-430
107900106,0,1380,-1380
107900107,1197,72,1125
107900108,173,26,147
107900109,126,2,124
107900110,0,100,-100
107900111,5,1179,-1174
107900112,38,145,-107
107900113,9,41,-32
107900114,28,200,-172
107900115,1,20,-19
107900116,12,195,-183
107900117,79,293,-214
107900118,21,140,-119
107900119,7,60,-53
107900120,17,2,15
107900121,0,83,-83
107900122,12,35,-23
107900123,0,9,-9
107900124,2,91,-89
107900125,9,154,-145
107900126,0,16,-16
107900127,371,36,335
107900128,85,19,66
107900129,6,71,-65
107900130,4,8,-4
107900131,47,9,38
107900132,48,358,-310
107900133,0,33,-33
107900134,12,10,2
107900135,6,136,-130
107900136,41,16,25
107900137,52,48,4
107900138,8,17,-9
107900139,2,12,-10
107900140,54,34,20
107900141,24,3,21
107900142,22,844,-822
107900143,23,35,-12
107900144,0,98,-98
107900145,5,76,-71
107900146,14,53,-39
107900147,4,6,-2
107900148,103,121,-18
107900149,1979,83,1896
107900150,41,526,-485
107900151,3,108,-105
107900152,6,189,-183
107900153,63,98,-35
107900154,3,2,1
107900155,7,12,-5
107900156,1,238,-237
107900157,34,39,-5
107900158,73,3,70
107900159,16,1018,-1002
107900160,3,169,-166
107900161,1,195,-194
107900162,1,145,-144
107900163,18,23,-5
107900164,2,15,-13
107900165,24,7,17
107900166,6,280,-274
107900167,2,1,1
107900168,1,34,-33
107900169,0,161,-161
107900171,7,1334,-1327
107900172,1,260,-259
107900173,2,202,-200
107900174,15,2,13
107900175,3,7,-4
107900176,1,36,-35
107900177,0,177,-177
107900178,0,207,-207
107900179,1,112,-111
107900180,932,57,875
107900181,248,381,-133
107900182,7,1346,-1339
107900183,4,370,-366
107900184,2,201,-199
107900185,17,3,14
107900186,3,23,-20
107900187,1,107,-106
107900188,476,51,425
107900189,5,116,-111
107900190,94,4,90
107900191,11,147,-136
107900193,0,21,-21
107900194,34,1,33
107900195,3534,247,3287
107900196,22,37,-15
107900197,134,47,87
107900199,3,1093,-1090
107900201,37,118,-81
107900203,7,41,-34
107900204,230,160,70
107900205,64,419,-355
107900206,173,110,63
107900207,2,660,-658
107900208,8,765,-757
107900209,220,63,157
107900210,28,73,-45
107900213,94,248,-154
107900214,1,159,-158
107900215,84,298,-214
107900216,14,26,-12
107900217,5,23,-18
107900218,9,1527,-1518
107900219,3,117,-114
107900220,104,41,63
107900221,161,184,-23
107900223,26,339,-313
107900224,126,304,-178
107900225,1,612,-611
107900226,21,127,-106
107900227,55,376,-321
107900228,3,110,-107
107900229,2,281,-279
107900230,1,126,-125
107900231,3,106,-103
107900232,8,224,-216
107900233,3,139,-136
107900234,25,144,-119
107900235,40,121,-81
107900236,6,75,-69
107900237,155,430,-275
107900238,5,75,-70
107900239,949,348,601
107900240,3,147,-144
107900241,4,103,-99
107900242,4,289,-285
107900243,0,38,-38
107900244,24,1,23
107900245,63,22,41
107900246,30,4,26
107900248,11,454,-443
107900249,88,1,87
107900250,1,425,-424
107900251,11,954,-943
107900252,53,0,53
107900253,19,0,19
107900254,26,96,-70
107900255,221,24,197
107900256,340,572,-232
107900257,23,23,0
107900258,14,227,-213
107900259,61,231,-170
107900261,1,433,-432
107900262,31,54,-23
107900264,29,0,29
107900265,15,211,-196
107900267,21,17,4
107900268,21,4,17
107900269,1,6,-5
107900270,0,0,0
107900271,0,0,0
107900272,2,0,2
107900273,5,59,-54
107900274,10,0,10
107900275,27,0,27
107900276,0,54,-54
107900277,0,210,-210
107900278,63,266,-203
107900279,131,19,112
107900280,1689,776,913
107900281,2216,444,1772
107900282,22,72,-50
107900283,1145,208,937
107900284,47,700,-653
107900285,21,88,-67
107900286,32,44,-12
107900287,25,64,-39
107900290,0,15,-15
107900291,123,3,120
107900292,54,189,-135
107900293,12,358,-346
107900295,10,131,-121
107900297,0,198,-198
107900298,377,682,-305
107900299,2924,524,2400
107900300,10,151,-141
107900301,139,124,15
107900302,12,4,8
107900303,15,217,-202
107900304,44,477,-433
107900305,53,11,42
107900306,8,6,2
107900307,31,237,-206
107900308,58,11,47
107900309,0,0,0
107900310,0,0,0
107900311,45,27,18
107900312,0,0,0
107900313,1,25,-24
107900314,0,29,-29
107900315,0,22,-22
107900316,7,0,7
107900317,9,0,9
107900318,0,56,-56
107900319,2,199,-197
107900320,5,159,-154
107900321,15,0,15
107900322,0,179,-179
107900323,22,159,-137
107900324,47,0,47
107900325,25,0,25
107900326,74,392,-318
107900327,0,0,0
107900328,0,0,0
107900329,0,0,0
107900330,3,592,-589
107900331,18,28,-10
107900332,38,23,15
107900333,14,2,12
107900334,6,201,-195
107900335,32,38,-6
107900336,3,8,-5
107900337,892,146,746
107900338,0,86,-86
107900339,0,29,-29
107900340,0,34,-34
107900341,1,0,1
107900342,20,100,-80
107900343,8,1,7
107900344,1,31,-30
107900345,22,19,3
107900346,15,0,15
107900347,14,0,14
107900348,0,2,-2
107900349,10,0,10
107900350,29,267,-238
108000001,979,1091,-112
108000002,1722,2813,-1091
108000003,1235,709,526
108000004,14000,12410,1590
108000005,1610,1138,472
108000006,2717,4831,-2114
108000007,1315,1483,-168
108000008,2699,4668,-1969
108000009,755,1452,-697
108000010,1294,4188,-2894
108000011,3765,3089,676
108000012,13704,12560,1144
108000014,90,280,-190
108000015,75,171,-96
108000016,111,485,-374
108000017,92,147,-55
108000018,202,177,25
108000019,180,287,-107
108000020,168,174,-6
108000021,254,1393,-1139
108000022,324,1201,-877
108000023,366,47,319
108000024,15,509,-494
108000025,35,121,-86
108000026,52,481,-429
108000027,84,429,-345
108000028,23,214,-191
108000029,47,588,-541
108000030,29,110,-81
108000031,38,492,-454
108000032,248,150,98
108000033,278,1095,-817
108000034,254,148,106
108000035,461,2225,-1764
108000036,177,1395,-1218
108000037,377,100,277
108000038,429,113,316
108000039,182,2112,-1930
108000040,330,128,202
108000041,346,2161,-1815
108000042,19,156,-137
108000043,53,278,-225
108000044,11,99,-88
108000045,54,765,-711
108000046,175,104,71
108000047,218,1008,-790
108000048,43,452,-409
108000049,68,66,2
108000050,57,335,-278
108000051,24,20,4
108000052,169,539,-370
108000053,43,34,9
108000054,232,590,-358
108000055,184,157,27
108000056,474,792,-318
108000057,132,292,-160
108000058,634,780,-146
108000059,2301,1109,1192
108000060,24,153,-129
108000061,92,308,-216
108000062,165,177,-12
108000063,127,622,-495
108000064,42,113,-71
108000065,176,603,-427
108000066,520,306,214
108000067,303,138,165
108000068,103,96,7
108000069,62,921,-859
108000070,200,165,35
108000071,268,1527,-1259
108000072,210,208,2
108000073,585,1552,-967
108000074,49,71,-22
108000075,116,686,-570
108000076,142,117,25
108000077,314,881,-567
108000078,501,501,0
108000079,703,1591,-888
108000080,175,241,-66
108000081,221,2675,-2454
108000082,698,1169,-471
108000083,629,209,420
108000084,173,950,-777
108000085,61,75,-14
108000086,551,569,-18
108000087,61,476,-415
108000088,22,0,22
108000089,148,145,3
108000090,47,33,14
108000091,39,469,-430
108000092,14,21,-7
108000093,67,764,-697
108000094,70,32,38
108000095,89,431,-342
108000096,25,31,-6
108000097,31,435,-404
108000098,122,421,-299
108000099,0,3,-3
108000100,4,17,-13
108000101,109,230,-121
108000102,352,727,-375
108000106,131,0,131
108000107,2,606,-604
108000108,100,4,96
108000109,1,579,-578
108000110,44,120,-76
108000111,60,437,-377
108000112,10,21,-11
108000113,300,297,3
108000115,333,261,72
108000117,545,208,337
108000118,43,75,-32
108000119,345,310,35
108000120,8,232,-224
108000121,46,453,-407
108000122,35,141,-106
108000123,75,246,-171
108000124,49,491,-442
108000125,47,315,-268
108000126,50,568,-518
108000127,67,317,-250
108000128,72,786,-714
108000129,85,1320,-1235
108000130,41,223,-182
108000131,183,80,103
108000132,621,813,-192
108000133,176,236,-60
108000134,341,817,-476
108000135,187,140,47
108000136,553,1056,-503
108000137,118,319,-201
108000138,128,901,-773
108000139,26,274,-248
108000140,13,21,-8
108000141,10,142,-132
108000142,27,94,-67
108000143,12,11,1
108000144,18,15,3
108000145,14,28,-14
108000146,15,6,9
108000147,12,33,-21
108000148,10,4,6
108000149,4,24,-20
108000150,18,2,16
108000151,6,7,-1
108000152,43,543,-500
108000153,64,37,27
108000154,25,16,9
108000155,9,4,5
108000156,192,67,125
108000157,42,194,-152
108000158,52,207,-155
108000159,427,91,336
108000160,4122,360,3762
108000161,3664,563,3101
108000165,4,73,-69
108000172,3,68,-65
108000173,2182,806,1376
108000175,23,36,-13
108000178,319,347,-28
108000179,122,270,-148
108000181,32,32,0
108000182,63,14,49
108000183,2,12,-10
108000184,584,585,-1
108000185,29,639,-610
108000186,19,63,-44
108000187,21,797,-776
108000188,99,168,-69
108000189,143,297,-154
108000190,6,120,-114
108000192,58,545,-487
108000193,372,49,323
108000194,0,1,-1
108000195,4,969,-965
108000196,6,46,-40
108000198,130,303,-173
108000199,1,76,-75
108000200,83,571,-488
108000202,1,219,-218
108000203,25,1026,-1001
108000204,57,18,39
108000205,524,470,54
108000339,794,143,651
108000364,119,67,52
108000365,34,251,-217
108000367,58,231,-173
108000368,4,41,-37
108000369,1633,67,1566
108000371,2,460,-458
108000372,66,0,66
108000373,1,2,-1
108000376,48,8,40
108000377,149,260,-111
108000378,4406,2532,1874
108000379,29,114,-85
108000381,12,4,8
108000382,8,0,8
108000383,0,90,-90
108900001,132,818,-686
108900002,115,30,85
108900003,215,771,-556
108900004,286,100,186
108900005,8,64,-56
108900006,194,107,87
108900007,42,109,-67
108900008,13,105,-92
108900009,3,64,-61
108900010,30,91,-61
108900011,51,224,-173
108900012,47,407,-360
108900013,24,176,-152
108900014,1,41,-40
108900015,0,13,-13
108900016,0,150,-150
108900017,55,94,-39
108900018,30,578,-548
108900019,2,1200,-1198
108900020,17,288,-271
108900021,43,310,-267
108900022,23,15,8
108900023,0,27,-27
108900024,4,107,-103
108900025,9,45,-36
108900026,6,51,-45
108900027,1,129,-128
108900028,31,567,-536
108900029,10,175,-165
108900030,0,131,-131
108900031,9,634,-625
108900032,3,218,-215
108900033,0,63,-63
108900034,1,268,-267
108900035,64,1899,-1835
108900036,106,328,-222
108900037,22,425,-403
108900038,2,361,-359
108900039,3,504,-501
108900040,2,88,-86
108900041,4302,673,3629
108900042,0,166,-166
108900043,10,360,-350
108900044,4,678,-674
108900045,7,561,-554
108900046,19,870,-851
108900047,1,64,-63
108900048,17,692,-675
108900049,4257,344,3913
108900050,1,202,-201
108900051,0,219,-219
108900052,0,268,-268
108900053,43,43,0
108900054,19,154,-135
108900055,54,421,-367
108900056,1,187,-186
108900057,2,156,-154
108900058,9,489,-480
108900059,98,2,96
108900060,54,31,23
108900061,19,6,13
108900062,1,395,-394
108900063,4,384,-380
108900064,17,47,-30
108900065,1,302,-301
108900066,54,44,10
108900067,5,261,-256
108900068,0,211,-211
108900069,11,123,-112
108900070,21,162,-141
108900071,13,22,-9
108900072,1738,97,1641
108900073,7,338,-331
108900074,17,394,-377
108900075,29,77,-48
108900076,49,37,12
108900077,47,465,-418
108900078,3,154,-151
108900079,422,158,264
108900080,11,83,-72
108900081,21,187,-166
108900082,9,80,-71
108900083,3,45,-42
108900084,283,80,203
108900085,1594,66,1528
108900086,15,288,-273
108900087,85,113,-28
108900088,137,54,83
108900089,5,25,-20
108900090,5,420,-415
108900091,97,68,29
108900092,70,109,-39
108900093,27,11,16
108900094,70,28,42
108900095,28,597,-569
108900096,327,14,313
108900097,64,221,-157
108900098,2379,53,2326
108900099,67,276,-209
108900100,29,117,-88
108900101,32,13,19
108900102,117,175,-58
108900103,13,27,-14
108900104,209,196,13
108900105,5,173,-168
108900106,62,527,-465
108900108,23,6,17
108900109,42,28,14
108900110,19,378,-359
108900111,38,631,-593
108900112,26,2,24
108900113,6,3,3
108900114,16,8,8
108900115,19,19,0
108900116,2,1,1
108900117,19,6,13
108900118,63,1,62
108900119,46,21,25
108900120,19,19,0
108900121,46,4,42
108900122,24,11,13
108900123,10,6,4
108900124,56,34,22
108900125,32,0,32
108900126,15,1,14
108900127,25,8,17
108900128,7,3,4
108900129,58,26,32
108900130,14,0,14
108900131,59,1,58
108900132,74,18,56
108900133,53,14,39
108900134,30,91,-61
108900135,15,1,14
108900136,1,1,0
108900137,17,0,17
108900138,89,1,88
108900139,24,17,7
108900140,22,133,-111
108900141,28,2,26
108900142,5,3,2
108900143,3,0,3
108900144,3,0,3
108900145,15,3,12
108900146,2,0,2
108900147,26,0,26
108900148,27,16,11
108900149,255,225,30
108900150,148,4,144
108900151,9,1,8
108900152,4,5,-1
108900153,15,491,-476
108900154,789,79,710
108900155,41,61,-20
108900156,22,9,13
108900157,3,513,-510
108900158,14,10,4
108900159,6,249,-243
108900160,3,194,-191
108900161,6,409,-403
108900162,20,0,20
108900163,3,45,-42
108900164,10,62,-52
108900165,70,36,34
108900167,990,585,405
108900168,9517,861,8656
108900169,1,52,-51
108900171,5375,576,4799
108900172,24,7,17
108900173,148,193,-45
108900174,107,198,-91
108900176,36,577,-541
108900177,8887,944,7943
108900178,4516,465,4051
108900179,139,280,-141
108900180,26,56,-30
108900182,2,53,-51
108900183,63,129,-66
108900184,43,61,-18
108900185,19,167,-148
108900186,2,201,-199
108900187,53,27,26
108900188,42,18,24
108900189,24,71,-47
108900190,7,2343,-2336
108900191,39,1,38
108900192,18,251,-233
108900193,20,7,13
108900194,2,294,-292
108900195,13,266,-253
108900196,8,503,-495
108900198,2,468,-466
108900199,37,218,-181
108900200,132,228,-96
108900201,83,642,-559
108900203,83,3,80
108900204,68,3,65
108900205,21,5,16
108900206,47,6,41
108900207,17,1,16
108900208,18,288,-270
108900209,128,521,-393
108900210,59,166,-107
108900211,27,94,-67
108900212,497,283,214
108900215,43,526,-483
108900216,208,123,85
108900217,33,0,33
108900218,16,1,15
108900219,9,0,9
108900220,15,3,12
108900221,10,25,-15
108900222,19,1,18
108900223,3,33,-30
108900224,18,59,-41
108900225,0,116,-116
108900226,25,3,22
108900227,18,25,-7
108900230,311,266,45
108900231,29,247,-218
108900232,1,348,-347
108900233,77,24,53
108900234,51,28,23
108900235,132,502,-370
108900236,10,265,-255
108900237,8,198,-190
108900240,9,63,-54
108900241,2,13,-11
108900245,0,161,-161
108900249,17,2,15
108900250,23,59,-36
108900257,15,495,-480
108900258,9,163,-154
108900259,10,37,-27
108900260,2,104,-102
108900261,46,105,-59
108900262,243,51,192
108900263,23,321,-298
108900264,113,157,-44
108900265,1067,110,957
108900266,718,77,641
108900267,0,14,-14
108900268,0,1,-1
108900269,11,9,2
108900270,13,0,13
108900271,0,4,-4
108900272,20,2,18
108900273,642,173,469
108900274,7,34,-27
109000001,1463,429,1034
109000002,3729,1104,2625
109000003,707,308,399
109000004,334,2594,-2260
109000005,454,372,82
109000006,426,1866,-1440
109000007,273,282,-9
109000008,228,1685,-1457
109000009,1060,476,584
109000010,898,3261,-2363
109000011,532,612,-80
109000012,817,3676,-2859
109000013,862,562,300
109000014,816,3251,-2435
109000015,1158,1108,50
109000016,8939,3530,5409
109000017,599,495,104
109000018,480,3170,-2690
109000019,668,422,246
109000020,811,1833,-1022
109000023,2,2,0
109000024,8,93,-85
109000025,229,142,87
109000026,346,166,180
109000027,40,157,-117
109000028,34,82,-48
109000029,108,54,54
109000030,27,392,-365
109000031,0,0,0
109000032,42,419,-377
109000033,29,6,23
109000034,20,14,6
109000035,2,7,-5
109000036,72,270,-198
109000037,36,291,-255
109000038,463,268,195
109000039,289,113,176
109000040,3634,1101,2533
109000041,5374,606,4768
109000042,514,566,-52
109000044,17,29,-12
109000045,24,383,-359
109000046,17,41,-24
109000047,26,456,-430
109000048,112,31,81
109000049,105,438,-333
109000050,29,35,-6
109000051,111,247,-136
109000052,169,1474,-1305
109000053,47,52,-5
109000054,40,596,-556
109000055,46,108,-62
109000056,101,560,-459
109000057,83,87,-4
109000058,337,170,167
109000059,156,531,-375
109000060,147,26,121
109000061,1256,280,976
109000062,51,61,-10
109000063,139,219,-80
109000064,23,81,-58
109000065,18,350,-332
109000066,50,72,-22
109000067,26,343,-317
109000068,5,5,0
109000069,10,1,9
109000070,6,563,-557
109000071,170,71,99
109000072,41,300,-259
109000073,13,56,-43
109000074,20,195,-175
109000075,25,351,-326
109000076,26,87,-61
109000077,169,187,-18
109000078,8,62,-54
109000079,26,196,-170
109000080,34,87,-53
109000081,10,446,-436
109000082,98,253,-155
109000083,43,714,-671
109000088,45,368,-323
109000089,36,3,33
109000090,151,473,-322
109000091,136,22,114
109000092,192,601,-409
109000093,92,27,65
109000094,42,4,38
109000095,49,739,-690
109000096,109,14,95
109000097,53,82,-29
109000098,6,1,5
109000099,98,233,-135
109000100,68,426,-358
109000101,151,530,-379
109000102,106,705,-599
109000103,60,498,-438
109000104,268,358,-90
109000105,202,1429,-1227
109000106,283,252,31
109000107,187,1480,-1293
109000108,224,193,31
109000109,230,1462,-1232
109000110,240,223,17
109000111,482,1863,-1381
109000112,96,91,5
109000113,95,158,-63
109000114,36,218,-182
109000115,319,15,304
109000116,0,148,-148
109000117,35,56,-21
109000118,1,244,-243
109000119,122,179,-57
109000120,27,1274,-1247
109000121,44,36,8
109000122,32,1208,-1176
109000123,16,75,-59
109000124,141,220,-79
109000125,124,203,-79
109000126,98,964,-866
109000127,98,88,10
109000128,120,2474,-2354
109000129,292,117,175
109000130,246,2369,-2123
109000131,263,85,178
109000132,414,1392,-978
109000133,115,659,-544
109000134,272,1365,-1093
109000135,454,1009,-555
109000136,107,389,-282
109000137,79,123,-44
109000138,99,492,-393
109000139,132,276,-144
109000140,30,492,-462
109000141,87,264,-177
109000142,56,510,-454
109000143,39,27,12
109000145,24,70,-46
109000146,34,48,-14
109000148,3564,369,3195
109000149,22,16,6
109000150,16,99,-83
109000155,151,353,-202
109000156,743,735,8
109000158,5,195,-190
109000159,37,441,-404
109000160,143,240,-97
109000161,83,1069,-986
109000162,734,1031,-297
109000163,242,1036,-794
109000164,363,1753,-1390
109000165,339,445,-106
109000166,125,133,-8
109000167,55,718,-663
109000170,11,31,-20
109000171,41,37,4
109000172,16,26,-10
109000173,8,33,-25
109000174,22,40,-18
109000175,3,94,-91
109000176,59,322,-263
109000177,6,76,-70
109000178,135,318,-183
109000179,6283,936,5347
109000180,4023,1578,2445
109000181,10,33,-23
109000182,8,41,-33
109000183,8,34,-26
109000184,26,20,6
109000185,5,49,-44
109000188,134,2398,-2264
109000189,358,570,-212
109000190,186,465,-279
109000191,63,388,-325
109000192,44,193,-149
109000193,44,379,-335
109000194,24,91,-67
109000195,22,431,-409
109000196,39,82,-43
109000197,40,458,-418
109000198,35,40,-5
109000199,51,413,-362
109000206,60,46,14
109000207,15,34,-19
109000208,66,27,39
109000209,69,40,29
109000210,144,390,-246
109000211,65,166,-101
109000214,101,615,-514
109000215,14,21,-7
109000216,20,22,-2
109000217,89,31,58
109000218,178,58,120
109000221,62,896,-834
109000222,104,5,99
109000223,94,168,-74
109000224,28,268,-240
109000225,44,30,14
109000226,25,230,-205
109000227,235,1175,-940
109000228,2,257,-255
109000231,3,510,-507
109000232,37,447,-410
109000236,101,661,-560
109000241,418,1282,-864
109000242,255,816,-561
109000293,4,11,-7
109000361,42,163,-121
109000364,68,530,-462
109000396,2,903,-901
109000397,88,2,86
109000399,79,397,-318
109000400,19,345,-326
109000403,22,95,-73
109000406,0,2,-2
109000407,73,257,-184
109000408,2,375,-373
109000410,351,103,248
109000411,25,7,18
109900001,14,0,14
109900002,130,2,128
109900003,52,0,52
109900004,205,191,14
109900005,2,1,1
109900006,33,206,-173
109900007,77,934,-857
109900008,0,25,-25
109900009,42,1389,-1347
109900010,125,8,117
109900011,14,17,-3
109900012,29,44,-15
109900013,113,30,83
109900014,36,27,9
109900015,63,39,24
109900016,34,53,-19
109900017,11,19,-8
109900018,17,128,-111
109900019,31,71,-40
109900020,1,2,-1
109900021,7,2,5
109900022,24,335,-311
109900023,1,1,0
109900024,5,0,5
109900025,4,73,-69
109900026,3,131,-128
109900027,18,0,18
109900028,2312,188,2124
109900029,4,595,-591
109900030,1,0,1
109900031,0,33,-33
109900032,4,197,-193
109900033,0,309,-309
109900034,1,1,0
109900035,2,12,-10
109900036,20,76,-56
109900037,10,450,-440
109900038,3,174,-171
109900039,0,0,0
109900040,11,625,-614
109900041,28,388,-360
109900042,15,449,-434
109900044,135,190,-55
109900045,2,22,-20
109900046,5,34,-29
109900047,214,151,63
109900048,6,38,-32
109900049,1,19,-18
109900050,0,237,-237
109900051,0,43,-43
109900052,11,218,-207
109900053,5,458,-453
109900054,75,35,40
109900055,6,170,-164
109900056,2,32,-30
109900057,5,224,-219
109900058,0,97,-97
109900059,73,31,42
109900060,59,89,-30
109900061,70,242,-172
109900062,2,284,-282
109900063,0,127,-127
109900064,37,124,-87
109900065,70,99,-29
109900066,70,965,-895
109900067,1,403,-402
109900068,5,1,4
109900069,0,15,-15
109900070,44,225,-181
109900071,1,27,-26
109900072,3,100,-97
109900073,32,641,-609
109900074,1,43,-42
109900075,2,13,-11
109900076,7,236,-229
109900077,13,52,-39
109900078,38,207,-169
109900080,25,288,-263
109900081,1,53,-52
109900082,24,431,-407
109900083,2,33,-31
109900084,9,116,-107
109900085,41,1022,-981
109900086,31,65,-34
109900087,50,208,-158
109900089,76,36,40
109900090,200,701,-501
109900091,28,22,6
109900092,236,4,232
109900093,176,40,136
109900094,8,41,-33
109900095,26,125,-99
109900096,4,0,4
109900097,3,0,3
109900098,32,3,29
109900099,12,0,12
109900100,2,0,2
109900101,32,0,32
109900102,137,13,124
109900103,2,25,-23
109900104,69,1010,-941
109900105,90,10,80
109900106,103,71,32
109900107,141,60,81
109900108,21,1685,-1664
109900109,12,469,-457
109900110,10,459,-449
109900111,93,802,-709
109900112,147,836,-689
109900113,101,99,2
109900114,290,35,255
109900115,17,27,-10
109900117,138,35,103
109900118,113,295,-182
109900119,261,163,98
109900120,6,0,6
109900121,113,45,68
109900122,26,1,25
109900123,0,115,-115
109900124,18,880,-862
109900125,3,200,-197
109900126,8,108,-100
109900128,29,36,-7
109900130,9171,408,8763
109900131,23,66,-43
109900132,24,103,-79
109900133,22,369,-347
109900134,8,14,-6
109900135,205,8,197
109900136,25,93,-68
109900137,7,279,-272
109900140,39,361,-322
109900142,142,106,36
109900145,3,47,-44
109900146,79,14,65
109900148,14,33,-19
109900149,23,19,4
109900150,2,31,-29
109900151,0,33,-33
109900152,1,11,-10
109900153,0,11,-11
109900154,2,0,2
109900155,1,1,0
109900157,29,185,-156
109900158,43,73,-30
109900159,39,12,27
109900160,17,27,-10
109900161,15,29,-14
109900162,29,23,6
109900163,441,188,253
109900164,21,157,-136
109900165,25,5,20
109900166,1,137,-136
109900167,25,503,-478
109900168,37,487,-450
109900169,27,54,-27
109900170,158,135,23
109900171,22,44,-22
109900172,41,87,-46
109900173,3278,370,2908
109900174,5,128,-123
109900175,7,52,-45
109900176,23,182,-159
109900177,11,267,-256
109900178,1,79,-78
109900179,4,13,-9
109900180,3,0,3
110000001,272,427,-155
110000002,121,267,-146
110000003,608,453,155
110000004,282,299,-17
110000005,619,716,-97
110000006,424,323,101
110000007,38,102,-64
110000008,4,24,-20
110000009,7,27,-20
110000010,11,61,-50
110000011,5,80,-75
110000012,507,441,66
110000013,12,166,-154
110000014,539,267,272
110000015,265,330,-65
110000016,242,431,-189
110000017,3588,199,3389
110000018,3407,367,3040
110000019,6,110,-104
110000020,365,123,242
110000021,326,215,111
110000022,421,156,265
110000023,0,155,-155
110000024,482,306,176
110000025,48,1,47
110000026,4,533,-529
110000027,280,139,141
110000028,320,454,-134
110000029,219,827,-608
110000030,97,202,-105
110000031,72,585,-513
110000032,276,206,70
110000033,49,111,-62
110000034,104,639,-535
110000035,184,1166,-982
110000036,287,583,-296
110000037,53,1144,-1091
110000038,123,357,-234
110000039,181,509,-328
110000040,164,523,-359
110000041,22,99,-77
110000042,44,389,-345
110000043,89,13,76
110000044,58,100,-42
110000045,167,16,151
110000046,1,3,-2
110000047,1,0,1
110000048,8,4,4
110000049,0,1,-1
110000050,4,3,1
110000051,0,1,-1
110000052,11,38,-27
110000053,3,0,3
110000054,53,232,-179
110000055,84,5,79
110000056,4,27,-23
110000057,189,777,-588
110000058,248,554,-306
110000059,339,477,-138
110000060,177,365,-188
110000061,730,842,-112
110000062,384,401,-17
110000063,11,51,-40
110000064,34,110,-76
110000065,10,57,-47
110000066,18,31,-13
110000067,26,324,-298
110000068,58,525,-467
110000069,41,46,-5
110000071,18,83,-65
110000073,0,17,-17
110000075,0,56,-56
110000076,189,135,54
110000077,317,437,-120
110000078,6,42,-36
110000080,105,400,-295
110000081,10,152,-142
110000082,12,127,-115
110000083,110,419,-309
110000084,187,265,-78
110000085,2436,864,1572
110000086,737,435,302
110000087,2,22,-20
110000088,14,156,-142
110000089,46,124,-78
110000090,21,199,-178
110000091,1439,230,1209
110000092,18,74,-56
110000093,18,3,15
110000094,272,178,94
110000095,43,241,-198
110000096,3340,1051,2289
110000097,423,467,-44
110000098,490,183,307
110000099,465,903,-438
110000100,80,744,-664
110000101,7,605,-598
110000102,33,16,17
110000104,47,31,16
110000105,27,191,-164
110000106,150,101,49
110000107,233,307,-74
110000108,20,21,-1
110000109,171,304,-133
110000110,3157,1159,1998
110000111,8299,1246,7053
110000112,838,183,655
110000113,589,357,232
110000114,42,161,-119
110000115,68,123,-55
110000116,11,24,-13
110000117,65,508,-443
110000118,144,236,-92
110000119,84,389,-305
110000120,120,120,0
110000121,32,253,-221
110000122,161,437,-276
110000123,139,196,-57
110000124,2,721,-719
110000125,329,0,329
110000126,61,5,56
110000127,131,11,120
110000128,10,1450,-1440
110000129,3,410,-407
110000130,33,59,-26
110000131,50,213,-163
110000132,1,602,-601
110000133,37,187,-150
110000134,14,206,-192
110000135,75,19,56
110000136,12,236,-224
110000137,109,539,-430
110000138,188,723,-535
110000139,211,1079,-868
110000140,329,86,243
110000143,332,224,108
110000144,1881,451,1430
110000145,571,293,278
110000146,1587,342,1245
110000147,43,499,-456
110000148,48,108,-60
110000151,425,261,164
110000152,350,217,133
110000153,34,64,-30
110000154,7,0,7
110000155,911,893,18
110000156,375,659,-284
110000157,1326,862,464
110000160,175,336,-161
110000161,90,478,-388
110000166,37,104,-67
110000167,173,259,-86
110000168,282,145,137
110000169,95,124,-29
110000170,44,55,-11
110000171,145,99,46
110000172,54,603,-549
110000173,524,736,-212
110000174,39,1133,-1094
110000175,59,29,30
110000176,17,80,-63
110000177,37,352,-315
110000178,408,378,30
110000179,890,200,690
110000180,35,265,-230
110000181,169,264,-95
110000182,225,217,8
110000183,9766,2319,7447
110000184,373,892,-519
110000185,1080,594,486
110000186,587,362,225
110000191,103,352,-249
110000192,54,1,53
110000193,79,0,79
110000194,7,1063,-1056
110000195,41,313,-272
110000196,68,463,-395
110000197,14,157,-143
110000198,19,62,-43
110000199,21,107,-86
110000200,985,651,334
110000201,245,263,-18
110000202,347,244,103
110000203,300,828,-528
110000204,1,327,-326
110000205,13,74,-61
110000206,313,1596,-1283
110000207,138,138,0
110000208,38,53,-15
110000209,71,673,-602
110000210,0,3,-3
110000211,1,2,-1
110000212,71,490,-419
110000213,16,19,-3
110000214,44,63,-19
110000215,9,619,-610
110000216,11,623,-612
110000217,54,139,-85
110000218,44,447,-403
110000219,60,31,29
110000220,9,402,-393
110000221,59,37,22
110000222,16,258,-242
110000223,6,14,-8
110000224,29,2,27
110000225,68,376,-308
110000226,7,11,-4
110000227,304,238,66
110000228,72,8,64
110000229,0,207,-207
110000230,231,438,-207
110000231,79,114,-35
110000232,65,212,-147
110000233,27,141,-114
110000234,376,291,85
110000235,519,522,-3
110000236,114,866,-752
110000237,707,719,-12
110000238,305,810,-505
110000239,512,960,-448
110000240,2,88,-86
110000242,0,27,-27
110000243,30,220,-190
110000244,60,181,-121
110000245,14,306,-292
110000246,167,461,-294
110000247,691,2964,-2273
110000248,1006,1118,-112
110000249,20,0,20
110000250,3,207,-204
110000251,40,441,-401
110000252,57,274,-217
110000253,318,279,39
110000254,264,1197,-933
110000255,117,986,-869
110000256,128,86,42
110000257,170,280,-110
110000258,0,420,-420
110000259,11,8,3
110000260,12,413,-401
110000263,253,104,149
110000264,78,448,-370
110000265,485,635,-150
110000266,873,976,-103
110000267,13,203,-190
110000268,43,382,-339
110000269,0,99,-99
110000270,1,5,-4
110000271,914,137,777
110000272,291,602,-311
110000273,1018,915,103
110000274,170,421,-251
110000275,2605,368,2237
110000276,61,163,-102
110000277,59,257,-198
110000278,134,694,-560
110000279,131,397,-266
110000280,84,266,-182
110000281,5,143,-138
110000282,31,32,-1
110000283,7,27,-20
110000284,8,23,-15
110000285,1,137,-136
110000286,0,0,0
110000287,13,0,13
110000288,3,91,-88
110000289,232,639,-407
110000290,1179,400,779
110000291,5400,898,4502
110000292,930,1369,-439
110000293,178,866,-688
110000294,228,360,-132
110000295,27,720,-693
110000296,80,272,-192
110000297,1151,297,854
110000298,138,451,-313
110000299,155,12,143
110000301,64,3,61
110000302,74,1151,-1077
110000303,86,5,81
110000304,46,218,-172
110000305,159,6,153
110000306,71,2168,-2097
110000307,320,3,317
110000308,74,5,69
110000309,5,1527,-1522
110000310,156,49,107
110000311,15,954,-939
110000312,140,22,118
110000313,1257,1195,62
110000314,0,229,-229
110000315,1590,1174,416
110000316,381,807,-426
110000317,341,355,-14
110000318,3,101,-98
110000319,16,4,12
110000320,7,60,-53
110000321,10,23,-13
110000322,65,547,-482
110000323,110,430,-320
110000324,4865,877,3988
110000325,335,737,-402
110000327,139,113,26
110000328,118,575,-457
110000333,158,142,16
110000334,221,1112,-891
110000335,264,363,-99
110000336,195,1243,-1048
110000337,207,325,-118
110000338,66,223,-157
110000339,50,195,-145
110000340,23,136,-113
110000341,84,538,-454
110000342,84,2,82
110000343,0,15,-15
110000344,40,101,-61
110000345,10,54,-44
110000346,1474,740,734
110000347,593,427,166
110000348,0,3,-3
110000349,2,1,1
110000350,2,1,1
110000351,140,539,-399
110000352,178,1277,-1099
110000353,1975,453,1522
110000354,383,1449,-1066
110000355,43,74,-31
110000356,0,0,0
110000357,111,5,106
110000361,9,61,-52
110000362,17,76,-59
110000363,90,68,22
110000364,37,223,-186
110000365,36,0,36
110000366,0,69,-69
110000367,178,210,-32
110000368,1,42,-41
110000369,4,1,3
110000373,0,260,-260
110000374,11,4,7
110000375,53,578,-525
110000376,21,102,-81
110000377,0,0,0
110000378,28,208,-180
110000379,2558,634,1924
110000380,8,4,4
110000383,1,275,-274
110000384,353,77,276
110000385,1,228,-227
110000387,0,13,-13
110000388,12,204,-192
110000389,90,19,71
110000391,5,322,-317
110000396,12,116,-104
110000397,19,196,-177
110000398,0,14,-14
110000399,14,15,-1
110000587,9,32,-23
110000589,57,126,-69
110000640,63,81,-18
110000652,9,112,-103
110000653,64,377,-313
110000654,1,21,-20
110000656,1,451,-450
110000674,7,6,1
110000675,0,23,-23
110000676,1,25,-24
110000679,535,216,319
110000682,23,39,-16
110000683,382,281,101
110000684,2,58,-56
110000685,0,0,0
110000686,2,15,-13
110000687,0,1,-1
110000688,16,207,-191
110000689,1,3,-2
110000692,83,246,-163
110000693,60,135,-75
110000694,0,81,-81
110000695,91,721,-630
110000696,88,114,-26
110900001,24,6,18
110900002,12,193,-181
110900003,54,1012,-958
110900004,44,328,-284
110900005,2944,427,2517
110900006,12,6,6
110900007,1,3,-2
110900008,19,36,-17
110900009,59,10,49
110900010,1,53,-52
110900011,4,60,-56
110900012,1,102,-101
110900013,235,95,140
110900014,26,0,26
110900015,502,70,432
110900016,2,133,-131
110900017,37,34,3
110900018,118,11,107
110900019,16,8,8
110900020,6,403,-397
110900021,44,647,-603
110900022,28,392,-364
110900023,69,471,-402
110900024,15,595,-580
110900025,2,50,-48
110900027,8,194,-186
110900028,16,167,-151
110900029,25,449,-424
110900030,12,262,-250
110900031,0,125,-125
110900032,0,71,-71
110900033,10,264,-254
110900035,23,236,-213
110900036,19,20,-1
110900037,7,24,-17
110900038,906,136,770
110900039,5,144,-139
110900040,70,23,47
110900041,4,164,-160
110900042,19,62,-43
110900043,0,180,-180
110900044,167,30,137
110900045,14,613,-599
110900046,136,291,-155
110900047,516,41,475
110900049,15,20,-5
110900050,3,0,3
110900051,29,156,-127
110900052,5,194,-189
110900053,22,72,-50
110900054,11,272,-261
110900055,8,2,6
110900056,45,79,-34
110900057,2,199,-197
110900058,67,358,-291
110900059,242,849,-607
110900060,91,27,64
110900061,18,10,8
110900062,36,327,-291
110900063,5,87,-82
110900064,3,0,3
110900065,244,53,191
110900066,0,54,-54
110900067,640,305,335
110900068,319,180,139
110900069,0,15,-15
110900071,228,91,137
110900073,1,17,-16
110900074,79,35,44
110900075,86,40,46
110900077,80,172,-92
110900078,3,114,-111
110900079,1317,178,1139
110900080,17,24,-7
110900081,2,105,-103
110900082,18,153,-135
110900083,23,8,15
110900084,3,166,-163
110900085,28,324,-296
110900086,16,57,-41
110900087,45,74,-29
110900088,1,0,1
110900090,12,41,-29
110900091,0,63,-63
110900093,85,25,60
110900095,9,72,-63
110900097,2,25,-23
110900098,12,75,-63
110900099,41,642,-601
110900100,0,20,-20
110900102,10,20,-10
110900105,809,421,388
110900108,0,95,-95
110900111,172,36,136
110900112,119,1,118
110900113,317,6,311
110900115,1,50,-49
110900116,78,2322,-2244
110900118,103,369,-266
110900119,5535,178,5357
110900120,1,108,-107
110900121,31,1,30
110900122,40,48,-8
110900125,62,89,-27
110900127,305,313,-8
110900128,52,59,-7
110900129,144,76,68
110900130,684,128,556
110900131,17,50,-33
110900132,65,8,57
110900133,16,232,-216
110900135,66,543,-477
110900136,53,4,49
110900137,31,0,31
110900138,393,613,-220
110900139,2,36,-34
110900140,17,5,12
110900141,0,46,-46
110900142,24,197,-173
110900143,12,37,-25
110900144,2,507,-505
110900145,36,3,33
110900146,253,16,237
110900147,108,137,-29
110900148,0,202,-202
110900149,1,63,-62
110900150,1,13,-12
110900151,1,83,-82
110900152,3,327,-324
110900153,23,3,20
111000001,205,194,11
111000002,343,508,-165
111000003,136,143,-7
111000004,312,872,-560
111000005,249,292,-43
111000006,552,875,-323
111000007,1715,703,1012
111000008,3153,2352,801
111000009,200,660,-460
111000010,186,99,87
111000011,480,720,-240
111000012,344,179,165
111000013,183,1021,-838
111000014,333,239,94
111000017,89,370,-281
111000018,75,310,-235
111000020,2138,1526,612
111000021,53,50,3
111000023,28,36,-8
111000025,5528,1026,4502
111000029,19,51,-32
111000030,19,35,-16
111000031,1172,250,922
111000032,232,127,105
111000033,116,41,75
111000034,206,153,53
111000037,2361,846,1515
111000038,1307,1671,-364
111000039,578,1666,-1088
111000040,716,1581,-865
111000041,844,923,-79
111000042,5515,1790,3725
111000043,348,223,125
111000044,295,59,236
111000045,436,458,-22
111000046,266,386,-120
111000047,558,670,-112
111000049,146,400,-254
111000050,1271,1411,-140
111000051,178,810,-632
111000052,267,915,-648
111000053,164,788,-624
111000054,196,777,-581
111000055,658,1727,-1069
111000056,69,646,-577
111000057,22,791,-769
111000058,13,67,-54
111000059,41,97,-56
111000060,199,136,63
111000061,114,204,-90
111000062,121,128,-7
111000063,381,333,48
111000064,113,236,-123
111000065,258,345,-87
111000066,63,139,-76
111000067,139,530,-391
111000068,97,398,-301
111000069,1114,1431,-317
111000070,1972,945,1027
111000071,168,780,-612
111000072,68,25,43
111000073,1,27,-26
111000074,275,241,34
111000075,60,164,-104
111000076,54,213,-159
111000077,382,594,-212
111000078,810,828,-18
111000079,638,489,149
111000080,146,385,-239
111000081,1737,1982,-245
111000082,247,484,-237
111000084,296,360,-64
111000085,345,867,-522
111000086,1124,644,480
111000087,356,435,-79
111000088,2549,653,1896
111000089,220,606,-386
111000090,824,852,-28
111000091,291,608,-317
111000092,417,1016,-599
111000093,133,483,-350
111000094,496,528,-32
111000095,178,903,-725
111000096,1883,3044,-1161
111000097,5325,751,4574
111000098,213,1150,-937
111000099,141,2139,-1998
111000100,133,2224,-2091
111000101,223,821,-598
111000102,34,790,-756
111000104,46,48,-2
111000107,22,677,-655
111000109,27,59,-32
111000110,198,128,70
111000111,249,132,117
111000112,265,69,196
111000113,187,103,84
111000114,359,347,12
111000115,5617,462,5155
111000116,377,356,21
111000117,178,478,-300
111000118,732,618,114
111000119,434,1159,-725
111000120,191,374,-183
111000121,61,293,-232
111000122,167,746,-579
111000123,286,2917,-2631
111000124,200,3572,-3372
111000125,46,2061,-2015
111000126,23,916,-893
111000127,42,18,24
111000128,83,40,43
111000129,150,48,102
111000130,189,281,-92
111000131,155,212,-57
111000132,69,38,31
111000133,56,86,-30
111000134,49,83,-34
111000135,18,75,-57
111000136,73,110,-37
111000138,4,0,4
111000140,1,0,1
111000141,17,221,-204
111000142,4,114,-110
111000143,1,71,-70
111000144,2,76,-74
111000145,0,0,0
111000146,0,0,0
111000147,0,0,0
111000148,21,69,-48
111000149,4,25,-21
111000150,3,7,-4
111000151,4,17,-13
111000153,268,258,10
111000154,290,163,127
111000155,30,125,-95
111000156,76,66,10
111000157,45,108,-63
111000158,358,164,194
111000159,1146,218,928
111000160,57,204,-147
111000161,4,135,-131
111000162,0,109,-109
111000163,129,581,-452
111000164,630,1758,-1128
111000165,670,335,335
111000166,657,220,437
111000167,104,343,-239
111000168,86,236,-150
111000169,83,174,-91
111000170,164,202,-38
111000171,233,744,-511
111000172,44,489,-445
111000173,78,1091,-1013
111000174,42,469,-427
111000175,27,215,-188
111000176,42,167,-125
111000177,57,249,-192
111000178,136,311,-175
111000179,14,147,-133
111000180,53,162,-109
111000181,123,168,-45
111000182,37,61,-24
111000183,42,73,-31
111000184,79,79,0
111000185,105,379,-274
111000186,70,227,-157
111000187,26,196,-170
111000188,43,280,-237
111000189,1334,476,858
111000190,142,483,-341
111000191,63,422,-359
111000192,89,641,-552
111000193,284,372,-88
111000194,11,347,-336
111000195,30,399,-369
111000196,11,298,-287
111000197,29,40,-11
111000198,31,48,-17
111000199,12,48,-36
111000200,39,101,-62
111000201,76,86,-10
111000202,22,70,-48
111000203,43,67,-24
111000204,127,91,36
111000213,21,211,-190
111000214,540,1101,-561
111000215,522,998,-476
111000217,378,490,-112
111000218,285,500,-215
111000219,176,175,1
111000220,2334,483,1851
111000221,345,132,213
111000224,35,271,-236
111000225,72,94,-22
111000226,12,0,12
111000227,2,1,1
111000228,12,119,-107
111000229,32,183,-151
111000230,51,391,-340
111000231,90,1136,-1046
111000232,96,635,-539
111000233,109,553,-444
111000234,15,114,-99
111000239,145,202,-57
111000240,11,17,-6
111000241,7,415,-408
111000242,7,4,3
111000243,28,834,-806
111000244,20,22,-2
111000245,137,440,-303
111000246,34,525,-491
111000247,49,1030,-981
111000248,83,274,-191
111000249,215,742,-527
111000250,37,121,-84
111000251,15,123,-108
111000253,0,0,0
111000255,0,0,0
111000257,0,0,0
111000260,20,1089,-1069
111000261,173,24,149
111000271,5,250,-245
111000273,5009,757,4252
111000274,678,1135,-457
111000275,23,22,1
111000276,146,2134,-1988
111000277,103,426,-323
111000278,185,107,78
111000291,163,1007,-844
111000298,163,191,-28
111000299,86,11,75
111000300,26,438,-412
111000302,94,62,32
111000303,42,205,-163
111000312,19,44,-25
111000315,5,204,-199
111000320,171,433,-262
111000321,87,33,54
111000322,59,426,-367
111000323,36,10,26
111000324,97,154,-57
111000325,11,40,-29
111000326,26,273,-247
111000327,115,291,-176
111000328,60,173,-113
111000329,0,12,-12
111000330,15,6,9
111000331,0,0,0
111000332,238,716,-478
111000334,170,1307,-1137
111000335,110,65,45
111000337,122,314,-192
111000338,2,122,-120
111000339,67,848,-781
111000340,18,672,-654
111000341,277,78,199
111000342,8,186,-178
111000344,352,398,-46
111000345,4,5,-1
111000346,5,58,-53
111000347,8,6,2
111000350,75,20,55
111000351,40,191,-151
111000352,46,35,11
111000353,17,230,-213
111000354,70,23,47
111000355,76,479,-403
111000358,36,1556,-1520
111000360,19,828,-809
111000361,34,426,-392
111000546,90,588,-498
111000547,44,402,-358
111000548,43,131,-88
111000549,57,229,-172
111000550,34,144,-110
111000551,254,53,201
111000552,63,11,52
111000907,58,83,-25
111000908,0,0,0
111000916,227,170,57
111000917,12,303,-291
111000918,30,871,-841
111000920,98,1,97
111000921,4,422,-418
111000922,70,295,-225
111000924,12,1053,-1041
111000925,549,680,-131
111000926,442,2469,-2027
111000927,1883,1229,654
111000928,6384,2888,3496
111000929,257,430,-173
111000930,322,1916,-1594
111000931,648,758,-110
111000932,2459,1814,645
111000933,1419,636,783
111000934,1623,2221,-598
111000935,290,584,-294
111000936,343,1758,-1415
111000937,347,461,-114
111000938,980,2127,-1147
111000939,7,4,3
111000940,88,241,-153
111000941,64,369,-305
111000943,54,158,-104
111000944,35,421,-386
111000945,7,1765,-1758
111001109,33,26,7
111001110,39,628,-589
111001111,9,3,6
111001112,18,4,14
111001113,24,67,-43
111001114,262,40,222
111001115,54,255,-201
111001116,2298,283,2015
111001117,701,386,315
111001120,53,240,-187
111001121,76,281,-205
111001122,141,704,-563
111001123,10,31,-21
111001124,29,364,-335
111001125,0,0,0
111900001,2,204,-202
111900002,5,726,-721
111900003,2,390,-388
111900004,15,136,-121
111900006,1,1,0
111900007,6,1,5
111900008,19,1,18
111900009,10,114,-104
111900010,80,416,-336
111900012,66,80,-14
111900013,6,36,-30
111900014,6885,701,6184
111900015,1,55,-54
111900016,1,136,-135
111900017,1,164,-163
111900018,8,0,8
111900019,1,52,-51
111900020,1,13,-12
111900021,4,66,-62
111900022,4,44,-40
111900023,73,33,40
111900024,1,104,-103
111900025,0,46,-46
111900026,0,49,-49
111900027,5,89,-84
111900028,2,416,-414
111900029,0,48,-48
111900030,36,273,-237
111900031,6,100,-94
111900032,5,440,-435
111900033,8,80,-72
111900034,35,328,-293
111900035,5,205,-200
111900036,3,442,-439
111900038,107,358,-251
111900039,21,320,-299
111900040,5,801,-796
111900042,29,41,-12
111900043,1,574,-573
111900044,60,148,-88
111900046,41,199,-158
111900048,19,797,-778
111900049,14,315,-301
111900050,13,13,0
111900051,1,184,-183
111900052,300,585,-285
111900053,882,125,757
111900054,25,0,25
111900055,10,766,-756
111900056,72,35,37
111900057,18,19,-1
111900058,44,801,-757
111900059,1138,62,1076
111900060,47,0,47
111900061,5,250,-245
111900062,2,5,-3
111900063,25,135,-110
111900064,65,242,-177
111900065,5,2,3
111900066,15,34,-19
111900067,1,199,-198
111900068,11,12,-1
111900069,9,1,8
111900070,5,60,-55
111900071,0,219,-219
111900072,9,2,7
111900073,92,12,80
111900074,5,154,-149
111900075,13,0,13
111900076,31,5,26
111900077,6,1,5
111900078,28,1,27
111900079,5,1,4
111900080,64,16,48
111900082,7,1,6
111900083,15,1,14
111900084,2,0,2
111900085,9,6,3
111900086,4,0,4
111900087,15,0,15
111900088,63,0,63
111900089,22,11,11
111900090,28,5,23
111900091,11,0,11
111900092,3,0,3
111900093,37,3,34
111900094,23,2,21
111900095,57,1,56
111900096,17,1,16
111900097,3,0,3
111900098,19,0,19
111900099,3,0,3
111900100,8,0,8
111900101,25,2,23
111900102,41,695,-654
111900103,23,18,5
111900104,13,39,-26
111900105,43,27,16
111900106,1340,21,1319
111900110,3329,85,3244
111900111,38,170,-132
111900112,600,284,316
111900113,194,38,156
111900118,37,9,28
111900119,42,28,14
111900122,18,11,7
111900123,2,2,0
111900124,9,68,-59
111900125,60,2,58
111900126,20,1,19
111900127,1,439,-438
111900128,3,442,-439
111900129,19,6,13
111900130,6,5,1
111900131,21,0,21
111900132,25,913,-888
111900133,2,200,-198
111900134,21,343,-322
111900135,0,5,-5
111900136,13,21,-8
111900137,29,21,8
111900138,7,51,-44
111900139,43,127,-84
111900140,6,7,-1
111900141,0,4,-4
111900142,35,9,26
111900143,3,292,-289
111900144,1,127,-126
111900145,6,784,-778
111900146,4,368,-364
111900147,102,501,-399
111900148,15,824,-809
111900149,7,385,-378
111900150,1,205,-204
111900151,1,12,-11
111900152,75,19,56
111900153,924,33,891
111900154,1,34,-33
111900155,6,19,-13
111900156,4,5,-1
111900157,10,5,5
111900158,45,3,42
111900159,23,1,22
111900160,20,0,20
111900161,23,2,21
111900162,41,32,9
111900163,16,141,-125
111900164,13,5,8
111901113,22,166,-144
111901114,6,379,-373
111901115,3,1,2
111901116,4,0,4
111901117,2,2,0
111901118,32,7,25
111901119,1334,82,1252
111901121,103,346,-243
111901122,8,535,-527
111901123,19,398,-379
111901124,32,5,27
111901125,28,47,-19
111901127,764,93,671
111901128,2,88,-86
111901129,2,140,-138
111901130,7,248,-241
111901131,1,169,-168
111901132,4,0,4
111901133,0,1,-1
111901134,2,0,2
111901135,3,2,1
111901136,1,7,-6
111901137,0,5,-5
111901138,21,62,-41
111901139,16,56,-40
111901140,8,147,-139
111901141,5,222,-217
111901142,2,131,-129
111901143,0,69,-69
111901144,25,3,22
111901145,26,51,-25
111901146,69,3,66
112000001,402,357,45
112000002,534,1870,-1336
112000003,213,349,-136
112000004,311,1549,-1238
112000005,612,544,68
112000006,742,1619,-877
112000007,474,470,4
112000008,854,1719,-865
112000009,2245,2597,-352
112000010,1005,1316,-311
112000011,1335,2102,-767
112000012,4793,837,3956
112000013,6538,2828,3710
112000014,1303,348,955
112000015,1735,1532,203
112000016,1913,773,1140
112000017,1100,1066,34
112000024,1322,450,872
112000026,3593,4347,-754
112000027,162,103,59
112000028,1214,1525,-311
112000029,169,178,-9
112000030,226,113,113
112000031,1307,1168,139
112000032,841,42,799
112000033,2228,414,1814
112000034,250,29,221
112000035,80,294,-214
112000036,320,365,-45
112000037,468,1159,-691
112000038,349,669,-320
112000039,9,47,-38
112000040,87,365,-278
112000041,191,414,-223
112000042,479,189,290
112000050,113,360,-247
112000051,208,275,-67
112000054,1135,1855,-720
112000057,529,274,255
112000058,364,319,45
112000059,663,190,473
112000061,6577,1117,5460
112000062,3942,336,3606
112000063,1469,412,1057
112000064,5259,4827,432
112000065,2014,2591,-577
112000066,1039,329,710
112000067,404,652,-248
112000068,533,404,129
112000069,297,2955,-2658
112000070,410,191,219
112000071,323,3241,-2918
112000072,327,459,-132
112000073,478,1481,-1003
112000074,145,405,-260
112000075,260,405,-145
112000076,1913,2190,-277
112000077,149,644,-495
112000078,317,602,-285
112000079,639,1215,-576
112000080,157,738,-581
112000081,632,1223,-591
112000082,366,264,102
112000083,268,1295,-1027
112000084,313,256,57
112000085,308,963,-655
112000086,318,761,-443
112000087,66,494,-428
112000088,84,490,-406
112000089,122,363,-241
112000090,103,328,-225
112000091,300,1089,-789
112000092,422,409,13
112000093,718,1048,-330
112000094,134,413,-279
112000095,272,698,-426
112000096,75,378,-303
112000097,125,205,-80
112000098,383,1576,-1193
112000099,143,145,-2
112000100,256,411,-155
112000101,157,881,-724
112000102,171,211,-40
112000103,75,1244,-1169
112000105,218,1600,-1382
112000106,226,246,-20
112000107,2,60,-58
112000108,65,1333,-1268
112000109,4,12,-8
112000110,360,163,197
112000111,923,5642,-4719
112000112,2252,230,2022
112000113,875,2725,-1850
112000114,1079,401,678
112000115,50,490,-440
112000116,164,795,-631
112000117,130,359,-229
112000118,322,785,-463
112000119,144,843,-699
112000120,24,355,-331
112000121,31,467,-436
112000122,50,35,15
112000123,60,64,-4
112000124,20,21,-1
112000125,15,51,-36
112000126,39,490,-451
112000127,1832,511,1321
112000128,950,354,596
112000129,7,61,-54
112000130,33,27,6
112000131,9,229,-220
112000132,35,293,-258
112000133,61,167,-106
112000134,118,369,-251
112000135,263,279,-16
112000136,479,1203,-724
112000137,362,484,-122
112000138,716,1292,-576
112000139,242,109,133
112000140,332,1029,-697
112000141,171,125,46
112000142,86,918,-832
112000143,185,129,56
112000144,125,1671,-1546
112000145,593,387,206
112000146,439,2146,-1707
112000147,550,832,-282
112000148,791,1722,-931
112000149,53,294,-241
112000150,25,562,-537
112000151,71,254,-183
112000152,53,205,-152
112000153,44,124,-80
112000154,18,74,-56
112000155,84,49,35
112000157,221,184,37
112000158,44,429,-385
112000159,86,259,-173
112000167,89,10,79
112000169,135,235,-100
112000173,124,195,-71
112000175,74,272,-198
112000176,4628,1374,3254
112000177,74,54,20
112000178,20,417,-397
112000179,41,168,-127
112000180,57,190,-133
112000181,498,1498,-1000
112000182,169,1693,-1524
112000183,19,36,-17
112000184,46,241,-195
112000185,94,409,-315
112000187,1152,1643,-491
112000195,12,7,5
112000196,33,0,33
112000197,28,68,-40
112000198,17,491,-474
112000199,344,1044,-700
112000202,0,3,-3
112000216,44,68,-24
112000230,14,1,13
112000231,0,448,-448
112000256,1,26,-25
112000313,58,223,-165
112000314,7,6,1
112000337,70,571,-501
112000352,55,96,-41
112000392,1527,725,802
112000398,309,339,-30
112000399,508,439,69
112000400,1295,3157,-1862
112000401,1426,2172,-746
112000402,503,827,-324
112000403,661,756,-95
112000404,143,238,-95
112000405,453,984,-531
112000406,2076,2422,-346
112000407,1513,2499,-986
112000408,6549,4963,1586
112000409,916,3409,-2493
112000410,74,53,21
112000411,4047,332,3715
112000412,642,128,514
112000413,7072,547,6525
112000414,22,44,-22
112000415,15,12,3
112000416,479,594,-115
112000417,70,38,32
112000421,19,103,-84
112000422,95,341,-246
112000424,1485,621,864
112000425,183,854,-671
112000426,44,136,-92
112000427,0,7,-7
112000428,23,296,-273
112000429,820,2051,-1231
112000430,803,2226,-1423
112000431,8,26,-18
112000432,275,1911,-1636
112000433,589,368,221
112000437,24,349,-325
112900001,2,1,1
112900002,39,1249,-1210
112900003,7,170,-163
112900004,7,337,-330
112900005,18,212,-194
112900006,8,400,-392
112900007,2,154,-152
112900008,0,5,-5
112900009,79,19,60
112900010,16,540,-524
112900011,218,173,45
112900012,0,53,-53
112900013,0,75,-75
112900014,0,272,-272
112900015,212,895,-683
112900016,1,130,-129
112900017,15,130,-115
112900018,0,380,-380
112900019,27,71,-44
112900020,323,1711,-1388
112900021,1,245,-244
112900022,0,46,-46
112900023,1,208,-207
112900024,7,167,-160
112900025,23,107,-84
112900026,2,247,-245
112900027,2,1155,-1153
112900028,24,92,-68
112900029,1,373,-372
112900030,249,168,81
112900031,0,495,-495
112900032,57,190,-133
112900034,1,25,-24
112900035,1,449,-448
112900036,29,107,-78
112900037,58,25,33
112900038,76,120,-44
112900039,10,289,-279
112900040,6,283,-277
112900041,984,327,657
112900042,15,370,-355
112900043,1,32,-31
112900044,272,249,23
112900045,448,251,197
112900046,139,33,106
112900047,15,6,9
112900049,8,55,-47
112900050,56,613,-557
112900051,194,663,-469
112900052,7,1002,-995
112900053,173,85,88
112900054,243,18,225
112900055,91,3,88
112900056,71,41,30
112900057,5,707,-702
112900058,115,31,84
112900059,18,75,-57
112900060,4,188,-184
112900061,15,99,-84
112900062,21,135,-114
112900063,31,1,30
112900064,59,62,-3
112900065,1,0,1
112900066,33,22,11
112900067,450,67,383
112900068,8,0,8
112900069,2323,169,2154
112900071,1,0,1
112900072,113,259,-146
112900073,50,7,43
112900074,11,12,-1
112900075,1731,140,1591
112900076,11,2,9
112900078,40,87,-47
112900079,19,2,17
112900080,0,0,0
112900081,15,26,-11
112900082,68,6,62
112900083,5,9,-4
112900084,18,12,6
112900086,2,0,2
112900087,117,28,89
112900088,1,0,1
112900089,117,2,115
112900090,3,2,1
112900091,14,0,14
112900092,54,50,4
112900093,176,3,173
112900095,0,0,0
112900096,82,28,54
112900097,7,299,-292
112900098,1,1,0
112900099,80,4,76
112900100,7,0,7
112900101,27,1,26
112900102,39,0,39
112900103,41,1,40
112900104,9,0,9
112900105,1,0,1
112900106,73,32,41
112900107,0,2,-2
112900108,0,0,0
112900109,11,0,11
112900110,59,2,57
112900111,128,24,104
112900112,16,0,16
112900113,0,8,-8
112900114,6,19,-13
112900115,136,1,135
112900116,23,26,-3
112900117,55,75,-20
112900118,4,48,-44
112900119,10,2,8
112900120,428,111,317
112900121,136,77,59
112900122,8,135,-127
112900123,73,1,72
112900124,4,121,-117
112900125,51,129,-78
112900126,77,198,-121
112900127,67,11,56
112900128,266,515,-249
112900129,3,953,-950
112900130,33,13,20
112900131,16,150,-134
112900132,26,447,-421
112900133,26,1241,-1215
112900134,0,285,-285
112900135,35,12,23
112900137,5,906,-901
112900138,3,485,-482
112900139,97,973,-876
112900141,76,22,54
112900142,55,9,46
112900143,20,472,-452
112900144,2,288,-286
112900145,13,415,-402
112900146,8,1255,-1247
112900147,6,2219,-2213
112900148,8,0,8
112900149,100,354,-254
112900151,23,22,1
112900152,5241,692,4549
112900153,639,179,460
112900154,0,34,-34
112900155,3,0,3
112900156,25,1756,-1731
112900157,23,79,-56
112900158,5,5,0
112900159,35,15,20
112900160,10,212,-202
112900161,5,9,-4
112900162,9,9,0
112900163,43,8,35
112900164,8,25,-17
112900165,33,13,20
112900166,11,11,0
112900167,11,6,5
112900168,1,1,0
112900169,2,2,0
112900170,7,48,-41
112900172,77,1,76
112900173,158,69,89
112900174,52,6,46
112900175,74,20,54
112900176,19,1,18
112900177,45,9,36
112900178,185,401,-216
112900179,45,517,-472
112900180,476,3991,-3515
112900181,110,0,110
112900182,11,1394,-1383
112900183,79,68,11
112900184,234,201,33
112900185,119,168,-49
112900186,1360,294,1066
112900187,16,103,-87
112900188,768,203,565
112900189,1,17,-16
112900190,0,63,-63
112900192,115,70,45
112900193,358,82,276
112900194,4,85,-81
112900195,76,11,65
112900196,167,639,-472
112900197,50,419,-369
112900199,50,451,-401
112900200,74,150,-76
112900201,19,37,-18
112900202,29,856,-827
112900203,32,128,-96
112900204,324,144,180
112900205,0,10,-10
112900206,0,23,-23
112900207,0,1,-1
112900208,23,23,0
112900209,139,326,-187
112900210,0,5,-5
112900211,24,53,-29
112900212,0,35,-35
112900213,3,10,-7
112900214,4,4,0
112900215,2,217,-215
112900216,18,18,0
112900217,0,91,-91
112900218,0,8,-8
112900219,1,1,0
112900220,0,0,0
112900221,0,67,-67
112900222,0,12,-12
112900223,166,0,166
112900224,25,667,-642
112900225,37,570,-533
112900226,187,104,83
112900227,50,1343,-1293
112900228,5,9,-4
112900229,7,20,-13
112900230,8074,1381,6693
112900232,119,47,72
112900233,10,177,-167
112900234,0,109,-109
112900235,16,2,14
112900236,9,15,-6
112900237,17,282,-265
112900238,1,20,-19
112900239,342,180,162
113000001,2907,2771,136
113000002,1871,2094,-223
113000003,1301,952,349
113000004,1232,1126,106
113000005,510,599,-89
113000006,314,584,-270
113000007,813,854,-41
113000008,538,1005,-467
113000009,298,560,-262
113000010,367,978,-611
113000011,355,1741,-1386
113000012,319,256,63
113000013,362,218,144
113000014,805,729,76
113000015,213,97,116
113000016,136,204,-68
113000017,49,195,-146
113000018,19,12,7
113000019,18,184,-166
113000020,3,3,0
113000021,107,472,-365
113000022,164,1191,-1027
113000025,24,161,-137
113000026,50,270,-220
113000027,180,217,-37
113000028,588,290,298
113000029,551,256,295
113000030,545,441,104
113000031,337,179,158
113000032,184,106,78
113000033,328,254,74
113000034,499,255,244
113000035,27,27,0
113000036,14,28,-14
113000037,28,18,10
113000038,11,30,-19
113000039,47,287,-240
113000040,60,67,-7
113000042,340,189,151
113000051,367,950,-583
113000052,1601,843,758
113000053,135,501,-366
113000054,77,340,-263
113000055,313,710,-397
113000056,375,1417,-1042
113000058,511,704,-193
113000059,411,405,6
113000060,45,414,-369
113000061,509,875,-366
113000062,759,73,686
113000063,36,200,-164
113000064,7,290,-283
113000065,61,1124,-1063
113000066,71,66,5
113000067,493,552,-59
113000068,124,1746,-1622
113000069,122,1187,-1065
113000070,299,397,-98
113000071,117,610,-493
113000072,166,258,-92
113000073,359,1090,-731
113000074,531,161,370
113000075,986,181,805
113000076,889,1128,-239
113000077,868,210,658
113000078,578,1010,-432
113000079,834,503,331
113000080,553,304,249
113000081,548,472,76
113000082,817,667,150
113000083,196,335,-139
113000084,759,874,-115
113000085,276,312,-36
113000086,437,772,-335
113000087,351,481,-130
113000088,1458,801,657
113000089,341,879,-538
113000090,37,150,-113
113000091,708,202,506
113000094,269,68,201
113000095,132,1073,-941
113000096,106,758,-652
113000097,215,125,90
113000098,39,17,22
113000099,552,91,461
113000100,121,350,-229
113000101,264,408,-144
113000102,101,68,33
113000103,1413,447,966
113000104,169,1241,-1072
113000105,146,239,-93
113000106,142,485,-343
113000107,186,505,-319
113000108,513,1208,-695
113000109,272,1149,-877
113000110,842,171,671
113000111,47,230,-183
113000112,131,158,-27
113000113,1795,115,1680
113000114,273,499,-226
113000116,539,176,363
113000117,563,182,381
113000118,65,221,-156
113000119,69,347,-278
113000120,23,157,-134
113000121,306,811,-505
113000124,39,96,-57
113000125,8,175,-167
113000127,3076,432,2644
113000128,295,465,-170
113000129,748,621,127
113000133,3507,632,2875
113000134,4,328,-324
113000135,1106,890,216
113000137,1062,481,581
113000139,319,76,243
113000140,204,269,-65
113000141,418,50,368
113000142,641,747,-106
113000143,183,99,84
113000144,265,486,-221
113000145,45,91,-46
113000146,38,50,-12
113000147,57,99,-42
113000148,36,141,-105
113000149,41,124,-83
113000150,309,269,40
113000151,80,48,32
113000152,50,131,-81
113000153,1356,408,948
113000154,431,533,-102
113000155,195,211,-16
113000156,100,380,-280
113000157,198,660,-462
113000158,388,117,271
113000159,549,297,252
113000160,421,1171,-750
113000161,109,738,-629
113000162,358,204,154
113000163,33,40,-7
113000164,5,90,-85
113000166,15,11,4
113000167,23,171,-148
113000168,32,226,-194
113000169,38,8,30
113000170,34,13,21
113000171,44,103,-59
113000172,70,16,54
113000173,12,3,9
113000174,54,620,-566
113000175,95,24,71
113000176,98,34,64
113000177,47,399,-352
113000178,97,356,-259
113000179,33,18,15
113000180,286,902,-616
113000181,288,849,-561
113000182,126,125,1
113000183,95,383,-288
113000184,24,94,-70
113000189,262,392,-130
113000190,1671,306,1365
113000192,1338,929,409
113000193,2185,504,1681
113000194,636,824,-188
113000195,700,325,375
113000196,35,54,-19
113000197,403,464,-61
113000198,34,199,-165
113000199,427,285,142
113000201,57,102,-45
113000202,2209,529,1680
113000203,34,23,11
113000204,715,863,-148
113000205,10,28,-18
113000206,1,22,-21
113000207,31,13,18
113000208,21,28,-7
113000209,14,30,-16
113000210,3,13,-10
113000211,184,93,91
113000212,195,10,185
113000213,2,62,-60
113000214,33,95,-62
113000234,62,1261,-1199
113000410,24,41,-17
113000411,2008,3002,-994
113000412,9416,1226,8190
113000413,4395,1468,2927
113000414,11313,6111,5202
113000415,2303,1658,645
113000416,8369,2236,6133
113000417,2688,1878,810
113000418,2327,1801,526
113000419,1443,1160,283
113000420,3093,1898,1195
113000421,2296,2086,210
113000422,18067,3265,14802
113000423,2827,1913,914
113000424,4211,3110,1101
113000425,13,40,-27
113000428,62,27,35
113000430,6,10,-4
113000432,259,24,235
113000433,117,812,-695
113000434,16,409,-393
113000435,8,939,-931
113000436,38,1301,-1263
113000437,44,2,42
113000438,30,5,25
113000439,6,167,-161
113000440,20,20,0
113000441,36,184,-148
113000442,50,357,-307
113000443,20,160,-140
113000444,34,393,-359
113000445,23,63,-40
113000446,7,103,-96
113000448,147,70,77
113000449,162,173,-11
113000450,419,459,-40
113000451,960,58,902
113000452,175,113,62
113000453,115,162,-47
113000454,150,18,132
113000455,30,130,-100
113000456,2429,1273,1156
113000468,2184,229,1955
113000469,209,78,131
113000470,348,34,314
113000471,3,172,-169
113000472,39,154,-115
113000474,118,604,-486
113000475,709,1244,-535
113000476,367,1593,-1226
113000477,985,1812,-827
113000478,1896,4243,-2347
113000479,4,245,-241
113000480,40,61,-21
113000484,0,0,0
113000485,0,0,0
113000486,0,0,0
113000487,0,0,0
113000488,0,0,0
113000489,0,0,0
113000490,0,0,0
113000491,0,0,0
113000492,0,0,0
113000493,0,0,0
113000495,121,243,-122
113000496,30,48,-18
113000497,0,0,0
113000499,0,0,0
113000500,0,0,0
113900001,0,15,-15
113900002,0,36,-36
113900003,0,16,-16
113900004,0,5,-5
113900005,0,6,-6
113900006,1,2,-1
113900007,2,8,-6
113900008,1,0,1
113900009,6,0,6
113900010,11,0,11
113900011,1,0,1
113900012,1,0,1
113900013,34,2,32
113900014,223,2,221
113900015,2,45,-43
113900016,9,0,9
113900017,0,28,-28
113900018,261,17,244
113900019,11,26,-15
113900020,10,0,10
113900022,0,0,0
113900023,3,0,3
113900024,24,54,-30
113900025,235,5,230
113900026,13,0,13
113900027,3,31,-28
113900028,4,223,-219
113900029,4,272,-268
113900030,26,0,26
113900031,1,0,1
113900032,4,1,3
113900033,35,45,-10
113900035,9,0,9
113900036,11,49,-38
113900037,15,379,-364
113900038,37,12,25
113900039,18,4,14
113900040,2,1,1
113900041,0,1,-1
113900042,13,22,-9
113900043,116,73,43
113900044,25,12,13
113900045,4,0,4
113900046,269,633,-364
113900047,3,86,-83
113900048,307,17,290
113900049,702,38,664
113900050,98,218,-120
113900051,69,267,-198
113900052,81,69,12
113900053,142,39,103
113900054,2,0,2
113900055,46,603,-557
113900056,3,67,-64
113900057,9,79,-70
113900058,24,155,-131
113900059,53,360,-307
113900060,80,182,-102
113900061,483,19,464
113900062,16,0,16
113900063,8,98,-90
113900064,12,147,-135
113900065,83,4,79
113900066,60,338,-278
113900067,17,347,-330
113900068,169,156,13
113900069,30,7,23
113900070,105,333,-228
113900071,8,36,-28
113900072,21,99,-78
113900073,76,292,-216
113900074,7,304,-297
113900075,327,270,57
113900076,42,2,40
113900077,6,256,-250
113900078,10,40,-30
113900079,0,30,-30
113900080,103,58,45
113900081,10,182,-172
113900082,31,170,-139
113900083,36,664,-628
113900084,75,36,39
113900085,20,390,-370
113900086,9,9,0
113900087,10,186,-176
113900088,6,24,-18
113900089,118,17,101
113900090,208,144,64
113900091,7,16,-9
113900092,9,40,-31
113900093,28,267,-239
113900094,44,380,-336
113900095,35,45,-10
113900096,41,14,27
113900097,1,90,-89
113900098,122,17,105
113900099,0,53,-53
113900100,0,0,0
113900101,5,32,-27
113900102,20,38,-18
113900103,94,116,-22
113900104,24,37,-13
113900105,12,315,-303
113900106,0,72,-72
113900107,2,26,-24
113900108,79,117,-38
113900109,191,47,144
113900110,1,14,-13
113900111,5,77,-72
113900112,22,68,-46
113900113,271,214,57
113900114,0,116,-116
113900115,1,77,-76
113900116,27,46,-19
113900117,23,13,10
113900118,38,91,-53
113900119,222,83,139
113900120,7,7,0
113900121,6,43,-37
113900122,129,332,-203
113900123,149,56,93
113900124,1,72,-71
113900125,971,114,857
113900126,35,12,23
113900127,106,187,-81
113900128,40,26,14
113900129,0,38,-38
113900130,0,5,-5
113900131,23,26,-3
113900132,13,24,-11
113900133,6,16,-10
113900135,86,315,-229
113900136,34,53,-19
113900137,100,77,23
113900138,14,59,-45
113900139,478,46,432
113900140,329,80,249
113900141,72,331,-259
113900142,16,46,-30
113900143,9,7,2
113900144,240,58,182
113900145,69,145,-76
113900146,11,21,-10
113900148,54,114,-60
113900149,61,11,50
113900150,1372,378,994
113900151,48,109,-61
113900152,8,33,-25
113900153,504,266,238
113900154,2,49,-47
113900155,191,41,150
113900156,110,641,-531
113900157,5,134,-129
113900158,407,108,299
113900159,3,85,-82
113900160,187,850,-663
113900161,4,114,-110
113900162,632,322,310
113900163,76,140,-64
113900164,54,7,47
113900165,383,393,-10
113900166,162,45,117
113900167,57,49,8
113900168,67,118,-51
113900169,70,336,-266
113900171,32,13,19
113900172,0,199,-199
113900173,70,459,-389
113900174,98,799,-701
113900175,83,33,50
113900176,47,617,-570
113900177,107,105,2
113900178,57,16,41
113900179,10,613,-603
113900180,68,94,-26
113900181,107,18,89
113900182,99,640,-541
113900183,19,56,-37
113900184,9,462,-453
113900185,63,60,3
113900186,12,18,-6
113900187,24,155,-131
113900188,10,101,-91
113900189,50,19,31
113900190,207,81,126
113900191,64,163,-99
113900192,3,113,-110
113900193,12,275,-263
113900194,1506,653,853
113900195,198,388,-190
113900196,2,111,-109
113900197,0,279,-279
113900198,1,61,-60
113900199,155,585,-430
113900200,13,178,-165
113900201,2,275,-273
113900202,14,140,-126
113900203,0,233,-233
113900204,14,536,-522
113900205,14,82,-68
113900206,1,66,-65
113900207,1,41,-40
113900208,0,39,-39
113900209,0,57,-57
113900210,326,174,152
113900211,37,6,31
113900212,20,528,-508
113900214,397,218,179
113900215,16,69,-53
113900216,8,1070,-1062
113900217,23,286,-263
113900218,33,11,22
113900219,53,336,-283
113900220,30,19,11
113900221,84,79,5
113900222,106,112,-6
113900223,12,1052,-1040
113900224,74,48,26
113900225,478,122,356
113900226,104,78,26
113900227,151,59,92
113900228,274,176,98
113900229,6,315,-309
113900230,3177,494,2683
113900231,75,152,-77
113900232,27,87,-60
113900233,11,26,-15
113900234,70,162,-92
113900235,16,15,1
113900236,3,285,-282
113900237,21,1,20
113900238,75,183,-108
113900239,19,23,-4
113900240,2,47,-45
113900241,48,33,15
113900242,39,81,-42
113900243,76,252,-176
113900244,448,76,372
113900245,1303,158,1145
113900246,5,0,5
113900247,162,170,-8
113900248,3118,440,2678
113900249,714,93,621
113900250,21,46,-25
113900251,123,160,-37
113900252,167,15,152
113900253,134,7,127
113900254,77,24,53
113900255,71,2,69
113900256,57,11,46
113900257,38,624,-586
113900258,10,522,-512
113900259,57,196,-139
113900260,20,13,7
113900261,6,111,-105
113900262,23,628,-605
113900263,30,378,-348
113900264,3,616,-613
113900265,76,328,-252
113900266,11,264,-253
113900267,55,364,-309
113900268,78,108,-30
113900269,24,94,-70
113900270,96,159,-63
113900271,135,1129,-994
113900273,10,0,10
113900274,5,2,3
113900275,4,31,-27
113900276,0,207,-207
113900277,11,2,9
113900278,217,141,76
113900279,68,81,-13
113900280,526,340,186
113900281,105,619,-514
113900282,515,194,321
113900283,135,193,-58
113900284,192,68,124
113900285,31,31,0
113900286,4,115,-111
113900287,6,59,-53
113900288,1,50,-49
113900289,1228,23,1205
113900290,403,18,385
113900291,112,190,-78
113900292,2,7,-5
113900293,2,157,-155
113900294,65,1,64
113900295,205,158,47
113900296,2094,224,1870
113900297,108,16,92
113900298,4,1176,-1172
113900299,59,178,-119
113900300,5559,891,4668
113900301,292,81,211
113900302,1342,296,1046
113900303,397,59,338
113900304,0,196,-196
113900305,9,0,9
113900306,2,0,2
113900307,41,2,39
113900308,31,69,-38
113900309,2,778,-776
113900310,0,24,-24
113900311,0,0,0
113900312,19,52,-33
113900313,17,10,7
114000001,696,2324,-1628
114000002,64,353,-289
114000003,26,203,-177
114000004,115,388,-273
114000005,75,180,-105
114000006,1738,1747,-9
114000007,333,1238,-905
114000008,991,636,355
114000009,90,89,1
114000011,1178,2038,-860
114000012,535,2028,-1493
114000013,430,1620,-1190
114000014,203,261,-58
114000015,596,399,197
114000016,118,339,-221
114000017,47,121,-74
114000018,286,74,212
114000026,310,1256,-946
114000027,641,1293,-652
114000028,775,994,-219
114000038,61,113,-52
114000039,33,102,-69
114000040,59,106,-47
114000042,43,141,-98
114000043,10,209,-199
114000044,38,31,7
114000045,15,108,-93
114000046,1453,3907,-2454
114000047,3,59,-56
114000048,21,17,4
114000049,763,596,167
114000050,560,494,66
114000051,1880,860,1020
114000052,1445,451,994
114000053,16,242,-226
114000054,27,1010,-983
114000055,98,9,89
114000056,427,379,48
114000057,6925,1695,5230
114000058,219,209,10
114000059,123,93,30
114000060,141,589,-448
114000061,1570,463,1107
114000062,774,260,514
114000063,2007,1147,860
114000064,5870,1547,4323
114000065,916,1334,-418
114000066,60,304,-244
114000067,8,93,-85
114000068,225,227,-2
114000069,336,320,16
114000070,940,449,491
114000071,167,742,-575
114000072,76,334,-258
114000073,1,43,-42
114000074,5,13,-8
114000075,4,96,-92
114000076,3,75,-72
114000077,1,19,-18
114000078,61,1532,-1471
114000079,39,17,22
114000080,24,29,-5
114000081,1,3,-2
114000082,50,527,-477
114000083,15,236,-221
114000084,33,46,-13
114000085,46,780,-734
114000086,77,669,-592
114000087,25,271,-246
114000088,8,22,-14
114000089,1111,255,856
114000090,111,97,14
114000091,546,167,379
114000092,370,183,187
114000093,333,451,-118
114000094,146,197,-51
114000095,27,19,8
114000096,44,505,-461
114000097,43,914,-871
114000098,58,21,37
114000099,44,1099,-1055
114000100,186,605,-419
114000101,181,1288,-1107
114000102,37,95,-58
114000103,39,390,-351
114000104,5,255,-250
114000105,16,75,-59
114000106,686,215,471
114000107,42,117,-75
114000108,1584,930,654
114000109,37,99,-62
114000110,247,1276,-1029
114000111,169,93,76
114000112,135,1207,-1072
114000113,124,118,6
114000114,664,1261,-597
114000115,261,112,149
114000116,92,220,-128
114000117,237,133,104
114000118,258,95,163
114000119,211,78,133
114000120,352,866,-514
114000121,217,449,-232
114000122,159,207,-48
114000123,143,88,55
114000124,84,119,-35
114000125,481,1388,-907
114000126,210,51,159
114000127,14,79,-65
114000128,70,182,-112
114000130,34,38,-4
114000131,22,18,4
114000132,356,630,-274
114000133,786,1078,-292
114000134,30,250,-220
114000138,24,160,-136
114000139,105,68,37
114000144,133,148,-15
114000145,46,167,-121
114000146,45,281,-236
114000147,382,384,-2
114000148,911,161,750
114000149,52,27,25
114000150,437,381,56
114000151,498,368,130
114000152,30,15,15
114000153,495,794,-299
114000154,381,400,-19
114000155,510,759,-249
114000156,195,190,5
114000157,86,340,-254
114000158,2007,435,1572
114000159,146,298,-152
114000160,77,185,-108
114000161,541,336,205
114000162,276,203,73
114000163,7,146,-139
114000165,87,50,37
114000166,192,49,143
114000167,2794,659,2135
114000168,443,484,-41
114000169,416,199,217
114000170,241,177,64
114000171,149,226,-77
114000174,68,365,-297
114000176,292,276,16
114000177,1689,475,1214
114000178,14,33,-19
114000179,293,51,242
114000180,141,334,-193
114000181,644,1066,-422
114000182,3774,1419,2355
114000183,709,729,-20
114000184,5259,1318,3941
114000185,154,144,10
114000189,40,26,14
114000190,259,52,207
114000191,21,11,10
114000192,219,1159,-940
114000193,730,3055,-2325
114000194,610,1045,-435
114000195,17,4,13
114000196,1,267,-266
114000197,161,37,124
114000198,878,354,524
114000199,1330,645,685
114000200,348,2273,-1925
114000201,66,921,-855
114000202,465,753,-288
114000203,121,678,-557
114000204,56,374,-318
114000205,115,1290,-1175
114000206,169,948,-779
114000207,414,1919,-1505
114000208,193,2591,-2398
114000209,287,2962,-2675
114000210,156,1640,-1484
114000211,367,958,-591
114000212,347,435,-88
114000213,425,366,59
114000214,24,192,-168
114000215,14,34,-20
114000216,118,15,103
114000217,12,247,-235
114000218,27,240,-213
114000219,190,204,-14
114000220,7,1151,-1144
114000221,82,52,30
114000222,110,975,-865
114000223,78,21,57
114000224,81,565,-484
114000225,52,408,-356
114000226,11,220,-209
114000227,201,240,-39
114000228,187,583,-396
114000229,239,971,-732
114000230,533,951,-418
114000231,248,922,-674
114000232,113,52,61
114000233,358,54,304
114000234,321,743,-422
114000235,394,1242,-848
114000236,3,613,-610
114000237,41,914,-873
114000238,8,80,-72
114000239,98,1296,-1198
114000240,258,479,-221
114000241,133,806,-673
114000242,648,700,-52
114000243,346,400,-54
114000244,99,48,51
114000245,159,629,-470
114000246,67,35,32
114000247,179,492,-313
114000248,167,257,-90
114000249,157,304,-147
114000250,44,375,-331
114000251,48,274,-226
114000252,19,104,-85
114000253,3,72,-69
114000254,5,102,-97
114000255,291,100,191
114000256,602,238,364
114000257,402,1919,-1517
114000258,36,447,-411
114000259,7,233,-226
114000260,0,23,-23
114000261,4,0,4
114000262,23,214,-191
114000263,0,0,0
114000264,163,736,-573
114000265,1,0,1
114000267,4,648,-644
114000268,2,1514,-1512
114000270,2,0,2
114000271,104,59,45
114000283,103,314,-211
114000285,40,294,-254
114000288,20,346,-326
114000289,427,57,370
114000293,36,245,-209
114000294,42,126,-84
114000395,113,5,108
114000396,78,97,-19
114000402,78,219,-141
114000403,109,429,-320
114000405,34,559,-525
114000423,33,534,-501
114000424,65,237,-172
114000425,75,611,-536
114000426,34,41,-7
114000427,21,126,-105
114000428,121,48,73
114000429,2,131,-129
114000432,23,108,-85
114000434,12,68,-56
114000435,3,184,-181
114900001,76,1298,-1222
114900002,225,12,213
114900003,79,1478,-1399
114900004,30,32,-2
114900005,92,557,-465
114900006,11,1,10
114900007,10,3,7
114900008,9,33,-24
114900010,1943,645,1298
114900011,16,29,-13
114900013,25,46,-21
114900015,14,82,-68
114900018,251,15,236
114900020,25,25,0
114900022,1,321,-320
114900024,26,55,-29
114900025,71,173,-102
114900026,15,25,-10
114900027,49,144,-95
114900029,26,4,22
114900030,44,151,-107
114900031,36,9,27
114900032,27,13,14
114900033,871,137,734
114900034,44,251,-207
114900035,63,169,-106
114900036,77,1241,-1164
114900037,41,178,-137
114900038,123,1308,-1185
114900039,224,817,-593
114900040,9,153,-144
114900041,126,822,-696
114900042,139,954,-815
114900043,647,201,446
114900044,22,7,15
114900046,19,100,-81
114900047,62,565,-503
114900048,20,126,-106
114900049,6,258,-252
114900050,6,498,-492
114900051,17,435,-418
114900052,54,126,-72
114900053,47,119,-72
114900054,24,126,-102
114900057,28,0,28
114900058,0,48,-48
114900059,9,15,-6
114900060,630,188,442
114900061,65,153,-88
114900062,175,170,5
114900063,26,207,-181
114900064,157,699,-542
114900065,87,433,-346
114900067,2,219,-217
114900068,50,157,-107
114900069,139,107,32
114900070,85,460,-375
114900072,5,163,-158
114900073,1,176,-175
114900074,48,692,-644
114900075,22,3,19
114900076,1,351,-350
114900080,2116,173,1943
114900082,2105,752,1353
114900083,92,405,-313
114900090,65,83,-18
114900091,55,94,-39
114900095,299,74,225
114900096,447,343,104
114900097,24,0,24
114900098,0,123,-123
114900099,19,6,13
115000001,7896,6150,1746
115000002,1310,986,324
115000003,2574,4259,-1685
115000004,676,1672,-996
115000005,745,2580,-1835
115000006,167,523,-356
115000007,21,81,-60
115000008,153,134,19
115000009,78,216,-138
115000010,75,36,39
115000013,39,66,-27
115000015,85,92,-7
115000016,222,119,103
115000019,4,165,-161
115000020,130,77,53
115000021,187,287,-100
115000022,312,271,41
115000023,45,98,-53
115000024,765,389,376
115000025,124,87,37
115000026,86,255,-169
115000027,19,58,-39
115000028,74,522,-448
115000029,21,24,-3
115000030,101,550,-449
115000031,152,76,76
115000032,3,175,-172
115000033,11,2,9
115000034,65,692,-627
115000035,61,0,61
115000036,1,388,-387
115000037,15,0,15
115000038,40,100,-60
115000039,1348,955,393
115000040,4264,1148,3116
115000041,391,1035,-644
115000042,288,342,-54
115000043,1531,1328,203
115000044,2656,3510,-854
115000045,973,2136,-1163
115000046,436,1039,-603
115000047,481,898,-417
115000048,782,2859,-2077
115000049,898,2266,-1368
115000050,991,692,299
115000051,1227,542,685
115000052,2984,1505,1479
115000053,637,550,87
115000054,621,954,-333
115000055,18,361,-343
115000056,24,80,-56
115000057,91,263,-172
115000058,21,86,-65
115000059,14,108,-94
115000061,8,18,-10
115000062,34,232,-198
115000063,60,304,-244
115000064,13,21,-8
115000065,7,113,-106
115000067,0,0,0
115000069,11,157,-146
115000070,22,241,-219
115000071,9,1,8
115000072,32,34,-2
115000073,285,15,270
115000075,6,27,-21
115000076,1866,2543,-677
115000077,497,3647,-3150
115000078,236,1712,-1476
115000079,408,1827,-1419
115000080,580,2204,-1624
115000081,185,767,-582
115000082,1219,1784,-565
115000083,801,2986,-2185
115000084,220,531,-311
115000085,215,882,-667
115000086,130,528,-398
115000087,269,1055,-786
115000088,569,259,310
115000089,1208,1256,-48
115000090,449,69,380
115000091,189,919,-730
115000092,73,200,-127
115000093,9,0,9
115000094,5379,1980,3399
115000095,4462,2209,2253
115000096,150,1635,-1485
115000097,167,547,-380
115000098,170,689,-519
115000099,368,2145,-1777
115000100,123,249,-126
115000101,196,1312,-1116
115000102,114,90,24
115000103,258,879,-621
115000105,30,148,-118
115000106,60,108,-48
115000107,58,568,-510
115000108,2991,2529,462
115000109,3458,688,2770
115000110,676,427,249
115000111,352,787,-435
115000112,273,234,39
115000113,330,382,-52
115000114,942,395,547
115000116,1804,689,1115
115000117,1930,639,1291
115000118,592,831,-239
115000119,677,762,-85
115000120,290,347,-57
115000121,1016,369,647
115000122,2015,410,1605
115000123,1025,536,489
115000124,266,314,-48
115000125,159,421,-262
115000126,80,170,-90
115000127,156,73,83
115000128,730,390,340
115000129,76,75,1
115000130,85,670,-585
115000131,74,157,-83
115000132,49,429,-380
115000133,119,283,-164
115000134,137,149,-12
115000135,20,148,-128
115000136,49,92,-43
115000137,24,176,-152
115000138,33,95,-62
115000139,104,247,-143
115000140,52,90,-38
115000141,56,293,-237
115000142,51,275,-224
115000143,51,272,-221
115000144,76,38,38
115000145,75,490,-415
115000146,50,117,-67
115000147,73,490,-417
115000148,171,1219,-1048
115000149,201,150,51
115000150,362,1220,-858
115000151,191,278,-87
115000152,179,1735,-1556
115000153,153,218,-65
115000154,166,208,-42
115000155,299,1146,-847
115000156,288,296,-8
115000157,527,649,-122
115000158,355,183,172
115000159,309,179,130
115000160,402,292,110
115000161,314,438,-124
115000162,251,167,84
115000163,453,451,2
115000164,244,321,-77
115000165,113,118,-5
115000167,6,23,-17
115000168,152,75,77
115000169,265,386,-121
115000170,66,99,-33
115000171,56,31,25
115000172,1420,339,1081
115000173,47,51,-4
115000174,6,28,-22
115000175,30,51,-21
115000176,11,9,2
115000177,5,48,-43
115000178,3,244,-241
115000179,7,5,2
115000180,23,588,-565
115000181,55,81,-26
115000182,78,174,-96
115000183,89,791,-702
115000186,114,162,-48
115000187,41,538,-497
115000188,103,138,-35
115000189,122,274,-152
115000190,136,117,19
115000191,133,202,-69
115000194,100,83,17
115000195,79,28,51
115000196,10,60,-50
115000197,51,434,-383
115000198,35,79,-44
115000199,63,357,-294
115000200,47,33,14
115000201,25,398,-373
115000206,0,0,0
115000207,24,320,-296
115000208,455,579,-124
115000209,70,62,8
115000210,11,57,-46
115000211,78,172,-94
115000212,730,252,478
115000224,32,10,22
115000225,19,15,4
115000229,76,45,31
115000230,6,193,-187
115000231,174,2031,-1857
115000232,190,302,-112
115000233,31,192,-161
115000234,2,155,-153
115000241,4,106,-102
115000242,23,99,-76
115000243,8,95,-87
115000244,1,65,-64
115000246,8,4,4
115000247,1,6,-5
115000248,6,1,5
115000249,8,4,4
115000250,28,32,-4
115000251,16,53,-37
115000252,5,47,-42
115000253,2,49,-47
115000258,40,63,-23
115000259,88,48,40
115000261,0,1,-1
115000262,0,3,-3
115000263,0,8,-8
115000264,0,7,-7
115000267,5,19,-14
115000268,11,85,-74
115000269,7,22,-15
115000270,0,3,-3
115000272,11,53,-42
115000273,73,3,70
115000280,526,14,512
115000281,729,65,664
115000282,488,88,400
115000284,90,21,69
115000296,42,0,42
115000297,3,1,2
115000298,81,32,49
115000300,13,200,-187
115000302,26,55,-29
115000303,26,35,-9
115000304,62,23,39
115000305,26,1328,-1302
115000306,53,711,-658
115000307,14,303,-289
115000308,61,7,54
115000309,9,10,-1
115000310,269,1064,-795
115000311,82,824,-742
115000313,89,748,-659
115000314,15,13,2
115000315,956,172,784
115000316,9,20,-11
115000317,45,485,-440
115000318,121,135,-14
115000319,10,266,-256
115000320,3,58,-55
115000321,39,4,35
115000322,10,231,-221
115000449,105,46,59
115000557,1,105,-104
115000558,17,17,0
115000587,98,151,-53
115000588,1400,3534,-2134
115000589,1152,1148,4
115000590,356,1240,-884
115000591,162,137,25
115000592,356,1110,-754
115000593,200,122,78
115000594,524,984,-460
115000609,60,44,16
115000617,323,334,-11
115000624,29,111,-82
115000633,100,1082,-982
115000634,678,334,344
115000635,31,28,3
115000638,770,247,523
115000641,49,49,0
115000642,124,115,9
115000643,48,320,-272
115000644,72,274,-202
115000646,365,494,-129
115000647,59,309,-250
115000648,231,1130,-899
115000893,547,99,448
115000894,42,915,-873
115000895,105,626,-521
115000896,133,51,82
115000897,72,12,60
115000898,215,24,191
115000899,867,458,409
115000900,13,223,-210
115000901,59,35,24
115000912,17,4,13
115000913,2,44,-42
115000915,7,0,7
115000916,0,0,0
115000917,0,1,-1
115000918,0,0,0
115000919,0,0,0
115000920,11,11,0
115000921,1433,44,1389
115000922,121,40,81
115000923,220,485,-265
115000925,19,37,-18
115000927,6,11,-5
115000933,182,65,117
115000934,11,98,-87
115000935,7,70,-63
115000936,0,0,0
115000937,772,54,718
115000938,21,51,-30
115000939,33,49,-16
115900001,4,75,-71
115900002,93,131,-38
115900003,32,72,-40
115900004,0,40,-40
115900005,10,3,7
115900006,26,276,-250
115900008,3,7,-4
115900009,18,156,-138
115900010,31,93,-62
115900011,44,191,-147
115900012,6,49,-43
115900013,146,59,87
115900014,66,148,-82
115900015,3,53,-50
115900016,15,14,1
115900017,0,0,0
115900018,139,50,89
115900019,147,11,136
115900020,3,0,3
115900021,1275,43,1232
115900022,1503,5,1498
115900023,0,0,0
115900025,59,77,-18
115900026,862,372,490
115900027,1,359,-358
115900028,419,33,386
115900029,5,443,-438
115900030,3,6,-3
115900031,141,41,100
115900032,191,447,-256
115900033,1,37,-36
115900034,10,512,-502
115900035,19,54,-35
115900036,125,88,37
115900037,12,413,-401
115900038,0,2,-2
115900039,32,274,-242
115900041,95,88,7
115900042,6,2,4
115900043,9,130,-121
115900044,103,74,29
115900046,31,169,-138
115900047,2,5,-3
115900049,40,177,-137
115900051,0,37,-37
115900052,5,297,-292
115900053,28,243,-215
115900054,18,36,-18
115900055,13,167,-154
115900056,25,331,-306
115900057,1,0,1
115900058,44,66,-22
115900060,31,102,-71
115900061,7,0,7
115900062,5,269,-264
115900063,33,16,17
115900064,91,104,-13
115900065,14,122,-108
115900066,121,131,-10
115900067,3,630,-627
115900068,3812,48,3764
115900069,56,90,-34
115900070,45,215,-170
115900071,1,719,-718
115900072,56,185,-129
115900073,6,10,-4
115900074,2,415,-413
115900075,2,288,-286
115900076,0,51,-51
115900077,1,296,-295
115900078,7,140,-133
115900079,11,14,-3
115900080,142,71,71
115900081,4,97,-93
115900082,63,141,-78
115900084,18,13,5
115900085,31,27,4
115900086,1291,281,1010
115900088,6,5,1
115900089,34,739,-705
115900090,25,3,22
115900091,0,12,-12
115900092,4,227,-223
115900093,2,20,-18
115900094,5,432,-427
115900096,0,21,-21
115900097,7,540,-533
115900098,28,424,-396
115900099,2,60,-58
115900100,1,498,-497
115900101,31,326,-295
115900102,4,36,-32
115900103,60,154,-94
115900104,10,95,-85
115900105,32,537,-505
115900106,8,0,8
115900107,2,114,-112
115900108,9,12,-3
115900109,30,381,-351
115900110,0,7,-7
115900111,1,129,-128
115900112,20,718,-698
115900113,7,7,0
115900114,3,171,-168
115900115,7,70,-63
115900116,58,944,-886
115900117,4,8,-4
115900118,7,424,-417
115900119,3,53,-50
115900120,11,326,-315
115900121,52,196,-144
115900124,37,159,-122
115900125,77,10,67
115900126,217,21,196
115900127,195,20,175
115900128,6,43,-37
115900129,206,13,193
115900130,36,90,-54
115900131,54,7,47
115900132,29,8,21
115900134,52,6,46
115900135,330,236,94
115900137,2,2,0
115900139,55,14,41
115900140,15,7,8
115900141,2,19,-17
115900142,6,5,1
115900143,25,132,-107
115900144,1,124,-123
115900146,1,108,-107
115900147,70,68,2
115900148,1,2,-1
115900149,6,23,-17
115900150,2,39,-37
115900151,2,31,-29
115900152,14,288,-274
115900153,6,198,-192
115900154,337,143,194
115900155,0,48,-48
115900156,260,465,-205
115900157,13,212,-199
115900158,19,2,17
115900159,6,172,-166
115900160,2,0,2
115900161,16,97,-81
115900163,38,74,-36
115900164,19,57,-38
115900165,3,55,-52
115900166,72,185,-113
115900168,9,143,-134
115900171,18,223,-205
115900172,6,106,-100
115900173,47,75,-28
115900174,124,107,17
115900175,19,85,-66
115900178,2,694,-692
115900179,29,9,20
115900180,21,197,-176
115900181,21,243,-222
115900182,59,233,-174
115900183,53,9,44
115900184,335,5,330
115900187,5,70,-65
115900189,1,37,-36
115900190,324,175,149
115900191,43,399,-356
115900192,1,29,-28
115900193,27,18,9
115900194,163,12,151
115900195,234,249,-15
115900198,82,156,-74
115900199,77,234,-157
115900200,119,240,-121
115900201,71,193,-122
115900202,0,2,-2
115900203,0,0,0
115900204,0,1,-1
115900205,10,1,9
115900206,4,116,-112
115900207,2,5,-3
115900208,6,246,-240
115900209,0,105,-105
115900210,3,175,-172
115900211,1,141,-140
115900212,22,144,-122
115900213,2,2,0
115900214,57,179,-122
115900215,10,10,0
115900216,3,100,-97
115900217,1,83,-82
115900218,0,82,-82
115900219,5,0,5
115900220,3,6,-3
115900221,0,2,-2
115900222,2,1,1
115900223,2,6,-4
115900224,570,43,527
115900225,35,7,28
115900226,5,18,-13
115900227,1,10,-9
115900228,2,12,-10
115900229,6,20,-14
115900230,34,29,5
115900231,14,1,13
115900232,3,1,2
115900233,3,3,0
115900234,11,3,8
115900235,1,8,-7
115900236,3,13,-10
115900237,1,48,-47
115900238,1,20,-19
115900239,1,63,-62
115900240,0,85,-85
115900241,11,40,-29
115900242,50,25,25
115900243,1,11,-10
115900244,1,10,-9
115900245,6,13,-7
115900246,8,0,8
115900247,2,1,1
115900248,4,0,4
115900249,4,1,3
115900250,1,3,-2
115900251,0,2,-2
115900252,2,1,1
115900253,2,4,-2
115900254,7,10,-3
115900255,2,9,-7
115900256,17,10,7
115900257,0,9,-9
115900258,0,5,-5
115900259,0,1,-1
115900260,6,0,6
115900261,2,1,1
115900262,1,1,0
115900263,1,1,0
115900264,2,2,0
115900265,0,2,-2
115900266,2,0,2
115900267,2,0,2
115900268,0,0,0
115900269,46,273,-227
115900270,39,599,-560
115900271,9,0,9
115900272,3,0,3
115900273,4,1,3
115900274,2,21,-19
115900275,0,44,-44
115900276,1,95,-94
115900277,1,163,-162
115900278,5,56,-51
115900279,4,76,-72
115900280,9,45,-36
115900281,253,37,216
115900282,11,4,7
115900283,0,8,-8
115900284,1,5,-4
116000001,18616,3497,15119
116000002,1684,1866,-182
116000003,985,1595,-610
116000004,546,729,-183
116000005,1098,2015,-917
116000006,626,493,133
116000007,2537,3329,-792
116000008,2764,808,1956
116000009,1006,2221,-1215
116000010,436,366,70
116000011,329,1251,-922
116000012,287,260,27
116000013,14044,3097,10947
116000014,17691,2266,15425
116000015,368,314,54
116000016,6176,677,5499
116000017,23,265,-242
116000018,489,262,227
116000019,118,175,-57
116000020,167,939,-772
116000021,56,149,-93
116000022,105,261,-156
116000023,257,255,2
116000024,325,1113,-788
116000025,190,301,-111
116000026,755,1700,-945
116000027,385,367,18
116000028,72,124,-52
116000029,738,337,401
116000030,44,26,18
116000031,137,142,-5
116000032,46,245,-199
116000033,21,205,-184
116000034,52,299,-247
116000035,58,435,-377
116000036,748,167,581
116000037,138,105,33
116000038,110,59,51
116000039,374,178,196
116000040,260,50,210
116000041,99,406,-307
116000042,144,61,83
116000043,29,408,-379
116000044,4,38,-34
116000045,177,189,-12
116000046,698,538,160
116000047,1099,1167,-68
116000048,438,538,-100
116000049,192,580,-388
116000050,623,805,-182
116000051,457,511,-54
116000052,1471,2061,-590
116000053,295,219,76
116000054,231,1481,-1250
116000055,124,1011,-887
116000056,77,296,-219
116000057,1817,1486,331
116000058,1773,933,840
116000059,1207,1169,38
116000060,2448,527,1921
116000061,230,396,-166
116000062,258,148,110
116000063,173,411,-238
116000066,11,75,-64
116000067,182,564,-382
116000068,14,47,-33
116000069,147,387,-240
116000078,46,317,-271
116000080,447,762,-315
116000082,0,98,-98
116000083,455,227,228
116000084,1065,2463,-1398
116000085,989,511,478
116000086,1100,950,150
116000087,629,489,140
116000088,389,958,-569
116000089,61,44,17
116000090,47,52,-5
116000091,139,55,84
116000093,1055,328,727
116000094,150,548,-398
116000095,242,392,-150
116000096,210,798,-588
116000097,128,576,-448
116000098,179,2182,-2003
116000099,5775,230,5545
116000100,44,10,34
116000101,204,1195,-991
116000102,54,942,-888
116000103,121,150,-29
116000104,18,1260,-1242
116000105,170,155,15
116000106,48,958,-910
116000107,258,401,-143
116000108,22,119,-97
116000111,15,6,9
116000113,27,34,-7
116000114,16,118,-102
116000115,90,20,70
116000116,102,519,-417
116000117,294,668,-374
116000118,455,1349,-894
116000119,482,593,-111
116000120,1183,3929,-2746
116000121,279,214,65
116000122,727,2619,-1892
116000123,158,188,-30
116000124,161,1046,-885
116000125,383,273,110
116000126,177,1240,-1063
116000127,599,1313,-714
116000128,470,323,147
116000129,147,105,42
116000130,47,87,-40
116000133,162,542,-380
116000134,335,2403,-2068
116000135,381,789,-408
116000136,259,1618,-1359
116000137,191,317,-126
116000138,1345,253,1092
116000139,719,1484,-765
116000140,51,155,-104
116000141,202,651,-449
116000142,2830,2922,-92
116000143,917,764,153
116000144,683,2555,-1872
116000145,553,918,-365
116000146,45,179,-134
116000147,75,38,37
116000148,119,256,-137
116000149,107,305,-198
116000151,238,944,-706
116000153,19,106,-87
116000155,21,71,-50
116000156,1011,850,161
116000157,3,1,2
116000158,43,358,-315
116000159,0,2,-2
116000160,4,93,-89
116000161,7,92,-85
116000162,31,20,11
116000163,5,6,-1
116000164,0,15,-15
116000177,6,80,-74
116000194,39,303,-264
116000195,474,345,129
116000196,3,0,3
116000197,0,2,-2
116000198,561,438,123
116000200,440,118,322
116000201,225,432,-207
116000202,5,207,-202
116000203,0,72,-72
116000204,7,24,-17
116000205,0,178,-178
116000206,0,88,-88
116000207,1,29,-28
116000233,30,837,-807
116000287,31,500,-469
116000288,50,134,-84
116000292,17,128,-111
116000296,0,167,-167
116000297,13,6,7
116000304,15,28,-13
116000305,4,80,-76
116000346,17,233,-216
116000352,10,128,-118
116000354,20,37,-17
116000357,3,37,-34
116000358,43,18,25
116000361,92,10,82
116000372,7970,1300,6670
116000381,59,1,58
116000388,0,38,-38
116000389,145,360,-215
116000445,41,794,-753
116000446,85,637,-552
116000447,6,283,-277
116000448,285,137,148
116000563,135,153,-18
116000565,113,371,-258
116000568,20,47,-27
116000579,14,108,-94
116000584,0,5,-5
116000585,0,5,-5
116000586,157,63,94
116000587,1,253,-252
116000589,9,63,-54
116000590,5,9,-4
116000591,30,154,-124
116000592,5,95,-90
116000593,0,11,-11
116000594,103,542,-439
116000595,92,160,-68
116000596,16,7,9
116000597,37,46,-9
116000598,5,227,-222
116000602,73,52,21
116000605,46,117,-71
116000606,3,45,-42
116000607,0,21,-21
116000609,82,286,-204
116000611,21,469,-448
116000612,222,1012,-790
116000613,137,197,-60
116000614,271,880,-609
116000615,1,60,-59
116000616,9,131,-122
116000617,28,125,-97
116000618,0,167,-167
116000619,8,43,-35
116000620,0,0,0
116000621,1,2,-1
116000622,0,0,0
116000624,15,45,-30
116000627,6,28,-22
116000628,15,986,-971
116000629,21,602,-581
116000630,54,118,-64
116000631,16,58,-42
116000632,63,613,-550
116000633,4,599,-595
116000634,51,14,37
116000635,864,375,489
116000636,432,418,14
116000637,38,6,32
116000638,2,480,-478
116900001,45,65,-20
116900002,112,2,110
116900003,1,72,-71
116900004,11,3,8
116900005,31,37,-6
116900006,125,56,69
116900007,22,107,-85
116900008,59,506,-447
116900009,4,1,3
116900010,8,1829,-1821
116900011,8,59,-51
116900012,54,165,-111
116900013,4,175,-171
116900014,6,378,-372
116900015,22,54,-32
116900016,16,1,15
116900017,4,644,-640
116900018,15,8,7
116900019,0,336,-336
116900020,1384,87,1297
116900023,10,2,8
116900024,39,55,-16
116900025,51,913,-862
116900026,70,568,-498
116900027,3,20,-17
116900028,6,76,-70
116900029,9,3,6
116900031,0,5,-5
116900032,3,262,-259
116900033,0,2,-2
116900034,2,55,-53
116900035,41,171,-130
116900036,1,86,-85
116900038,1,0,1
116900041,9,2,7
116900042,935,153,782
116900043,2,38,-36
116900047,57,23,34
116900049,19,221,-202
116900050,20,231,-211
116900051,11,179,-168
116900052,37,26,11
116900055,0,1,-1
116900057,5,294,-289
116900058,18,296,-278
116900059,0,102,-102
116900060,54,242,-188
116900062,0,2,-2
116900064,19,987,-968
116900065,6,65,-59
116900067,10,62,-52
116900068,35,473,-438
116900070,0,0,0
116900072,3,462,-459
116900073,3,165,-162
116900074,2,31,-29
116900076,3,15,-12
116900077,17,173,-156
116900078,129,117,12
116900079,1,317,-316
116900080,2,18,-16
116900081,105,910,-805
116900082,123,741,-618
116900083,14,66,-52
116900084,33,32,1
116900085,6,120,-114
116900086,22,156,-134
116900088,134,28,106
116900090,133,28,105
116900091,35,125,-90
116900092,24,669,-645
116900093,1556,614,942
116900094,5202,966,4236
116900095,28,198,-170
116900096,43,50,-7
116900097,2098,399,1699
116900098,843,86,757
116900099,281,206,75
116900100,93,0,93
116900101,141,538,-397
116900103,0,0,0
116900104,9,69,-60
116900105,73,9,64
116900106,179,175,4
116900107,3236,394,2842
116900110,3,1,2
116900111,48,1132,-1084
116900112,53,559,-506
116900113,2101,286,1815
116900116,24,82,-58
116900117,5,73,-68
116900118,963,275,688
116900120,38,44,-6
116900121,11,23,-12
116900122,142,957,-815
116900123,45,872,-827
116900124,22,552,-530
116900125,56,154,-98
116900126,140,285,-145
116900128,0,56,-56
116900129,0,235,-235
116900130,1006,930,76
116900131,15,84,-69
116900132,20,38,-18
116900133,13,67,-54
116900134,47,157,-110
116900136,39,79,-40
116900137,71,128,-57
116900138,39,190,-151
116900139,24,272,-248
116900140,67,132,-65
116900141,193,279,-86
116900142,0,6,-6
116900143,78,464,-386
116900144,3,10,-7
116900145,10,287,-277
116900147,298,175,123
116900148,0,1,-1
116900149,4,63,-59
116900150,5,2,3
116900151,22,3,19
116900153,8,28,-20
116900154,64,74,-10
116900155,13,29,-16
116900157,45,174,-129
116900158,7,33,-26
116900159,34,113,-79
116900160,291,134,157
116900161,6792,1266,5526
116900162,2,85,-83
116900163,13,94,-81
116900164,9,11,-2
116900165,27,37,-10
116900166,3,81,-78
116900167,62,42,20
116900168,31,77,-46
116900169,157,58,99
116900170,70,104,-34
116900171,6,159,-153
116900172,95,12,83
116900173,8,61,-53
116900174,5,7,-2
116900175,41,55,-14
116900178,8,119,-111
116900179,25,24,1
116900180,18,29,-11
116900182,121,166,-45
116900183,39,24,15
116900185,4,20,-16
116900186,39,283,-244
116900187,1,3,-2
116900188,19,9,10
116900189,14,1,13
116900191,68,212,-144
116900192,51,97,-46
116900194,8,174,-166
116900195,11,8,3
116900196,13,88,-75
116900197,16,2,14
116900198,190,72,118
116900200,5,69,-64
116900201,2,5,-3
116900202,36,40,-4
116900203,14,1,13
116900204,11,27,-16
116900206,2,37,-35
116900207,7,18,-11
116900208,4,94,-90
116900209,2,88,-86
116900210,117,94,23
116900211,68,9,59
116900212,1,93,-92
116900213,31,72,-41
116900214,15,81,-66
116900215,11,25,-14
116900216,69,363,-294
116900218,2,269,-267
116900219,519,308,211
116900220,15,101,-86
116900221,27,191,-164
116900222,127,127,0
116900223,20,91,-71
116900226,6,63,-57
116900227,20,52,-32
116900228,74,287,-213
116900230,12,264,-252
116900231,1,348,-347
116900232,3,352,-349
116900233,12,17,-5
116900234,1,3,-2
116900235,58,260,-202
116900238,842,212,630
116900239,32,199,-167
116900240,4609,748,3861
116900241,4,191,-187
116900242,272,91,181
116900243,20,83,-63
116900245,14,2,12
116900246,4,2,2
116900247,31,6,25
116900248,24,18,6
116900249,37,37,0
116900250,34,37,-3
116900251,183,52,131
116900252,12,750,-738
116900253,6,38,-32
116900254,4,48,-44
116900255,29,6,23
116900256,30,42,-12
116900257,2,555,-553
116900258,1,437,-436
116900259,8,0,8
116900260,0,166,-166
116900261,5,0,5
116900262,62,140,-78
116900263,0,3,-3
116900264,0,3,-3
116900265,2,0,2
116900266,1,36,-35
116900267,0,2,-2
116900268,1,4,-3
116900269,69,225,-156
116900271,2430,36,2394
116900272,355,483,-128
116900273,124,13,111
116900274,17,25,-8
116900275,9,69,-60
116900276,842,25,817
116900277,317,8,309
116900278,0,8,-8
116900279,0,9,-9
116900280,1,18,-17
116900281,6025,782,5243
116900282,0,83,-83
116900283,7,89,-82
116900284,5,140,-135
116900285,118,29,89
116900286,89,4,85
116900287,1,83,-82
116900288,10,74,-64
116900289,4,24,-20
116900290,0,36,-36
116900291,1,12,-11
116900292,0,0,0
116900293,0,104,-104
116900294,7,56,-49
116900295,88,5,83
116900296,5,24,-19
116900297,3,17,-14
116900298,22,15,7
116900299,4,19,-15
116900300,8,80,-72
116900301,10,49,-39
116900302,7,4,3
116900303,285,12,273
116900304,0,81,-81
116900305,5,6,-1
116900306,7,65,-58
117000001,384,617,-233
117000002,697,3201,-2504
117000003,1626,1040,586
117000004,2260,3204,-944
117000005,430,533,-103
117000006,446,3147,-2701
117000007,794,401,393
117000008,735,3256,-2521
117000009,1515,575,940
117000010,1394,2552,-1158
117000011,331,683,-352
117000012,449,1614,-1165
117000013,227,560,-333
117000014,299,1803,-1504
117000015,1316,491,825
117000016,156,49,107
117000017,97,99,-2
117000018,64,293,-229
117000019,0,0,0
117000020,420,616,-196
117000021,2104,143,1961
117000022,134,28,106
117000023,121,76,45
117000024,232,78,154
117000025,339,479,-140
117000026,430,130,300
117000027,1066,783,283
117000028,92,120,-28
117000030,182,392,-210
117000031,61,16,45
117000032,1018,801,217
117000033,458,459,-1
117000034,87,200,-113
117000035,29,17,12
117000036,94,189,-95
117000037,11,21,-10
117000038,37,209,-172
117000039,28,161,-133
117000040,49,1519,-1470
117000041,115,46,69
117000044,10,1079,-1069
117000045,61,18,43
117000046,210,661,-451
117000047,52,97,-45
117000048,1290,952,338
117000049,79,226,-147
117000050,49,2636,-2587
117000051,626,127,499
117000052,5,758,-753
117000053,70,77,-7
117000054,232,2,230
117000055,14,3208,-3194
117000056,126,1,125
117000057,512,1488,-976
117000060,215,1760,-1545
117000061,197,197,0
117000062,63,401,-338
117000063,190,178,12
117000064,535,573,-38
117000066,819,409,410
117000067,21,152,-131
117000074,33,38,-5
117000076,20,15,5
117000077,45,44,1
117000078,41,312,-271
117000079,31,47,-16
117000080,1,231,-230
117000081,159,49,110
117000082,17,30,-13
117000083,8,0,8
117000084,4,0,4
117000085,51,235,-184
117000086,337,531,-194
117000087,55,301,-246
117000088,44,56,-12
117000089,445,144,301
117000090,100,1473,-1373
117000091,169,115,54
117000092,135,1687,-1552
117000093,190,181,9
117000094,264,2338,-2074
117000095,391,243,148
117000096,301,2561,-2260
117000097,266,419,-153
117000098,1910,4953,-3043
117000099,526,277,249
117000100,43,97,-54
117000101,133,1057,-924
117000102,270,213,57
117000103,568,1565,-997
117000104,264,194,70
117000105,309,1892,-1583
117000106,123,142,-19
117000107,255,2421,-2166
117000108,212,267,-55
117000109,963,2818,-1855
117000110,271,198,73
117000111,1122,1887,-765
117000112,716,782,-66
117000113,46,329,-283
117000114,19,32,-13
117000115,35,154,-119
117000116,10,111,-101
117000117,494,122,372
117000118,41,105,-64
117000119,22,14,8
117000120,47,23,24
117000121,15,67,-52
117000122,235,154,81
117000123,635,10,625
117000124,80,5,75
117000125,145,24,121
117000126,6,21,-15
117000127,65,225,-160
117000128,147,257,-110
117000129,137,103,34
117000130,0,1,-1
117000131,0,175,-175
117000132,231,124,107
117000133,212,186,26
117000134,1,75,-74
117000135,4,13,-9
117000136,2,47,-45
117000137,15,29,-14
117000138,0,232,-232
117000140,201,1602,-1401
117000141,299,156,143
117000181,699,155,544
117000182,78,35,43
117000195,80,1189,-1109
117000196,31,17,14
117000225,33,0,33
117000226,1,53,-52
117000276,38,5,33
117000277,3,501,-498
117000310,1794,1467,327
117000315,9,153,-144
117000320,0,0,0
117000906,33,6,27
117000907,4,452,-448
117000908,35,10,25
117000909,31,24,7
117000910,120,64,56
117000911,78,191,-113
117000915,5,515,-510
117000916,5,1,4
117000917,152,6,146
117000918,15,9,6
117000919,1,92,-91
117000920,4,1515,-1511
117000921,9,2364,-2355
117000922,0,0,0
117000924,99,173,-74
117000926,955,56,899
117000927,68,123,-55
117000928,1,302,-301
117000929,35,544,-509
117000930,37,10,27
117000931,152,32,120
117900002,85,292,-207
117900003,582,135,447
117900005,0,26,-26
117900006,0,26,-26
117900007,32,160,-128
117900008,0,31,-31
117900010,31,175,-144
117900011,11,14,-3
117900012,9,225,-216
117900013,1,310,-309
117900014,76,303,-227
117900015,25,238,-213
117900016,775,127,648
117900017,63,428,-365
117900018,148,13,135
117900019,28,579,-551
117900020,13,48,-35
117900021,6,113,-107
117900022,10,9,1
117900023,486,16,470
117900024,17,227,-210
117900025,12,8,4
117900026,65,392,-327
117900028,3,4,-1
117900029,37,907,-870
117900030,100,77,23
117900031,20,31,-11
117900032,82,100,-18
117900033,36,841,-805
117900034,35,37,-2
117900035,34,10,24
117900036,59,707,-648
117900037,11,74,-63
117900038,6,513,-507
117900039,0,76,-76
117900040,81,567,-486
117900041,2,35,-33
117900042,4020,310,3710
117900043,9,31,-22
117900044,116,351,-235
117900045,19,37,-18
117900048,67,278,-211
117900049,17,515,-498
117900050,0,9,-9
117900051,4,1,3
117900052,20,71,-51
117900053,356,580,-224
117900054,0,22,-22
117900055,57,33,24
117900056,123,10,113
117900057,434,872,-438
117900058,34,5,29
117900059,32,15,17
117900060,268,4582,-4314
117900061,3,43,-40
117900063,45,153,-108
117900065,536,881,-345
117900066,1,13,-12
117900067,56,274,-218
117900069,130,397,-267
117900070,38,1,37
117900071,17,121,-104
117900073,80,341,-261
117900074,12,1,11
117900075,7,36,-29
117900076,5,23,-18
117900077,35,27,8
117900078,100,193,-93
117900080,17,37,-20
117900081,304,282,22
117900082,97,116,-19
117900083,39,664,-625
117900086,12,26,-14
117900087,1,35,-34
117900088,1688,1114,574
117900089,465,110,355
117900090,51,778,-727
117900091,76,71,5
117900092,9,27,-18
117900093,3,57,-54
117900094,6,2,4
117900095,60,502,-442
117900096,14,118,-104
117900097,6,37,-31
117900098,6,0,6
117900099,18,332,-314
117900100,13,0,13
117900101,257,430,-173
117900102,4,17,-13
117900103,9,0,9
117900104,3,80,-77
117900105,34,87,-53
117900106,10,17,-7
117900107,6,0,6
117900109,74,141,-67
117900110,8,0,8
117900111,16,1,15
117900112,10,3,7
117900113,2236,581,1655
117900114,1,0,1
117900115,32,7,25
117900116,537,433,104
117900117,154,236,-82
117900118,3,0,3
117900119,18,305,-287
117900120,22,81,-59
117900121,5,21,-16
117900122,622,354,268
117900123,129,833,-704
117900124,218,347,-129
117900125,409,407,2
117900126,171,403,-232
117900127,149,454,-305
117900128,74,825,-751
117900129,6,0,6
117900130,308,161,147
117900131,0,78,-78
117900132,1,66,-65
117900133,1,204,-203
117900134,16,162,-146
117900135,7,229,-222
117900136,0,22,-22
117900137,16,313,-297
117900138,1,34,-33
117900139,9,73,-64
117900140,4017,42,3975
117900141,89,180,-91
117900142,6,2,4
117900144,10,35,-25
117900145,13,0,13
117900146,67,51,16
117900147,6,28,-22
117900148,1738,487,1251
117900149,7,111,-104
117900150,16,144,-128
117900151,6,176,-170
117900152,15,79,-64
117900153,5,71,-66
117900154,50,457,-407
117900156,307,326,-19
117900157,18,171,-153
117900158,13,17,-4
117900160,250,203,47
117900161,1794,1727,67
117900162,38,172,-134
117900163,34,5,29
117900165,0,4,-4
117900166,29,66,-37
117900168,43,144,-101
117900169,0,81,-81
117900170,0,27,-27
117900171,0,11,-11
117900172,7,26,-19
117900173,95,18,77
117900174,15,54,-39
117900175,1,13,-12
117900176,3,50,-47
117900177,2,52,-50
117900178,43,10,33
117900180,201,13,188
117900181,131,26,105
117900182,2,12,-10
117900183,5,78,-73
117900184,0,15,-15
117900185,0,5,-5
117900186,5,7,-2
117900187,3,4,-1
117900188,33,2,31
117900189,10,0,10
117900190,3,0,3
117900191,5,0,5
117900192,14,3,11
117900193,2,53,-51
117900194,0,1,-1
117900195,1,4,-3
117900196,1,7,-6
117900207,46,27,19
117900208,3,15,-12
117900209,72,71,1
117900210,69,38,31
117900211,7,148,-141
117900212,27,75,-48
117900213,0,7,-7
117900214,11,85,-74
117900215,0,4,-4
117900216,7,8,-1
117900217,15,23,-8
117900218,145,29,116
117900219,1,16,-15
117900220,0,5,-5
117900222,67,169,-102
117900223,30,92,-62
118000001,217,200,17
118000002,808,1167,-359
118000003,371,532,-161
118000004,1357,1138,219
118000005,1907,840,1067
118000006,5984,2924,3060
118000007,2489,1145,1344
118000008,2235,1610,625
118000009,1096,2139,-1043
118000010,2486,2565,-79
118000011,317,2276,-1959
118000012,387,2228,-1841
118000013,2160,2052,108
118000014,968,2541,-1573
118000016,128,401,-273
118000017,54,165,-111
118000018,148,410,-262
118000019,1094,626,468
118000020,1038,722,316
118000021,613,982,-369
118000022,1546,307,1239
118000023,692,157,535
118000024,788,316,472
118000027,12154,2240,9914
118000029,875,216,659
118000032,610,626,-16
118000033,1130,989,141
118000034,3053,1223,1830
118000035,512,805,-293
118000036,381,715,-334
118000037,227,644,-417
118000038,84,167,-83
118000039,32,187,-155
118000040,444,2036,-1592
118000041,614,920,-306
118000045,290,49,241
118000046,774,367,407
118000047,776,206,570
118000048,1635,687,948
118000051,817,315,502
118000052,481,307,174
118000053,206,220,-14
118000054,867,552,315
118000055,624,448,176
118000056,48,116,-68
118000057,83,105,-22
118000058,893,391,502
118000059,563,478,85
118000060,209,529,-320
118000061,234,761,-527
118000062,134,103,31
118000063,130,273,-143
118000064,369,630,-261
118000065,2515,719,1796
118000066,393,381,12
118000067,690,454,236
118000068,972,1518,-546
118000069,1586,705,881
118000070,5459,687,4772
118000071,2390,1875,515
118000072,984,731,253
118000073,1135,210,925
118000074,88,172,-84
118000075,259,270,-11
118000076,434,604,-170
118000077,692,740,-48
118000078,698,1000,-302
118000079,139,272,-133
118000080,653,516,137
118000081,548,574,-26
118000082,172,460,-288
118000083,1607,553,1054
118000084,1660,774,886
118000086,79,316,-237
118000087,5052,1440,3612
118000088,1088,1042,46
118000089,2802,1677,1125
118000090,2010,1066,944
118000091,1511,877,634
118000092,1143,219,924
118000093,52,394,-342
118000096,231,362,-131
118000097,171,272,-101
118000098,58,140,-82
118000099,85,718,-633
118000101,225,259,-34
118000102,79,949,-870
118000107,2778,184,2594
118000108,51,165,-114
118000110,0,23,-23
118000111,6,680,-674
118000112,0,0,0
118000113,10,1029,-1019
118000114,0,0,0
118000115,3,1,2
118000116,2,0,2
118000117,495,569,-74
118000118,225,301,-76
118000119,250,621,-371
118000120,810,1159,-349
118000121,18,398,-380
118000122,284,69,215
118000123,23,241,-218
118000125,858,1039,-181
118000126,231,896,-665
118000127,529,261,268
118000128,419,846,-427
118000129,189,125,64
118000130,2395,3552,-1157
118000131,324,1007,-683
118000132,659,478,181
118000133,147,283,-136
118000135,63,67,-4
118000136,70,411,-341
118000137,272,59,213
118000138,53,521,-468
118000139,63,77,-14
118000140,1630,1437,193
118000141,636,931,-295
118000142,582,1591,-1009
118000143,441,422,19
118000144,853,554,299
118000145,892,2277,-1385
118000146,420,1110,-690
118000147,333,1549,-1216
118000148,140,898,-758
118000149,304,807,-503
118000150,83,60,23
118000151,44,156,-112
118000153,245,579,-334
118000154,213,801,-588
118000155,249,512,-263
118000156,1468,1273,195
118000157,131,192,-61
118000158,51,345,-294
118000159,0,0,0
118000160,32,169,-137
118000161,107,725,-618
118000162,387,473,-86
118000163,181,396,-215
118000164,989,770,219
118000168,1494,153,1341
118000169,496,1522,-1026
118000170,2320,5330,-3010
118000171,35,196,-161
118000172,21,74,-53
118000173,288,743,-455
118000175,70,81,-11
118000176,78,79,-1
118000177,46,157,-111
118000178,9,22,-13
118000179,644,145,499
118000180,189,245,-56
118000181,385,217,168
118000182,195,176,19
118000183,84,102,-18
118000184,74,547,-473
118000185,853,369,484
118000186,377,464,-87
118000187,294,779,-485
118000188,82,212,-130
118000189,92,655,-563
118000190,1,6,-5
118000191,8,23,-15
118000192,24,50,-26
118000193,28,86,-58
118000194,1019,355,664
118000195,415,227,188
118000196,64,29,35
118000197,74,49,25
118000198,216,147,69
118000199,147,124,23
118000200,4,31,-27
118000201,203,205,-2
118000202,2,5,-3
118000203,634,157,477
118000204,155,79,76
118000205,196,92,104
118000206,82,99,-17
118000207,0,85,-85
118000208,333,671,-338
118000209,713,1342,-629
118000210,1,6,-5
118000211,0,5,-5
118000213,183,277,-94
118000214,295,128,167
118000215,144,245,-101
118000216,8,483,-475
118000217,6,68,-62
118000218,8,54,-46
118000219,185,190,-5
118000220,0,10,-10
118000221,39,105,-66
118000222,116,27,89
118000223,9,9,0
118000224,140,54,86
118000225,33,810,-777
118000226,51,17,34
118000227,501,94,407
118000228,113,80,33
118000229,17,6,11
118000230,25,238,-213
118000231,4,158,-154
118000232,214,731,-517
118000233,251,452,-201
118000234,55,260,-205
118000236,149,424,-275
118000237,33,616,-583
118000238,40,363,-323
118000239,59,144,-85
118000240,438,50,388
118000241,10,164,-154
118000242,93,568,-475
118000243,60,167,-107
118000244,26,177,-151
118000246,0,7,-7
118000255,11,113,-102
118000256,18,144,-126
118000259,1,31,-30
118000260,16,72,-56
118000261,6,107,-101
118000263,25,139,-114
118000266,69,280,-211
118000267,2,94,-92
118000268,8,1,7
118000270,6,17,-11
118000271,35,216,-181
118000272,17,15,2
118000273,22,109,-87
118000274,66,316,-250
118000276,79,209,-130
118000295,4,46,-42
118000298,69,423,-354
118000299,20,188,-168
118000301,0,39,-39
118000302,11,42,-31
118000311,46,137,-91
118000312,20,269,-249
118000313,27,197,-170
118000314,7,77,-70
118000315,12,44,-32
118000316,152,381,-229
118000325,5,66,-61
118000326,1,19,-18
118000331,3,97,-94
118000332,4,42,-38
118000333,3,64,-61
118000335,0,0,0
118000336,3,400,-397
118000407,5,49,-44
118000457,5,14,-9
118000465,2120,1185,935
118000480,3,87,-84
118000489,14,39,-25
118000490,38,355,-317
118000492,62,121,-59
118000510,52,34,18
118000514,47,216,-169
118000515,92,73,19
118000517,342,185,157
118000524,867,122,745
118000525,441,599,-158
118000530,7,77,-70
118000531,47,116,-69
118000532,75,291,-216
118000533,127,109,18
118000534,147,345,-198
118000535,54,105,-51
118000536,162,115,47
118000537,0,28,-28
118000538,1,75,-74
118000539,15,66,-51
118000540,75,290,-215
118000541,42,117,-75
118000542,7,96,-89
118000543,66,153,-87
118000546,18,30,-12
118000553,0,0,0
118000560,2715,299,2416
118000562,2,208,-206
118000563,914,520,394
118000576,72,183,-111
118000577,94,81,13
118000578,82,84,-2
118000579,451,559,-108
118000583,0,3,-3
118000595,96,36,60
118000596,0,50,-50
118000597,37,62,-25
118000598,1,0,1
118000599,7,23,-16
118000600,0,31,-31
118000601,2,0,2
118000602,0,24,-24
118000603,0,33,-33
118900001,663,209,454
118900002,656,257,399
118900003,15,9,6
118900004,0,33,-33
118900005,28,0,28
118900006,7,0,7
118900007,0,3,-3
118900008,644,20,624
118900009,3,1,2
118900010,0,0,0
118900011,30,3,27
118900012,106,141,-35
118900013,115,2,113
118900015,42,13,29
118900016,0,16,-16
118900017,3,23,-20
118900018,318,2,316
118900019,45,3,42
118900020,39,16,23
118900021,43,196,-153
118900022,81,72,9
118900023,17,28,-11
118900024,6,52,-46
118900025,6,1,5
118900026,17,46,-29
118900027,79,43,36
118900028,14,101,-87
118900029,7,162,-155
118900030,4,2,2
118900031,59,82,-23
118900032,14,40,-26
118900033,75,359,-284
118900034,0,0,0
118900035,35,218,-183
118900036,248,476,-228
118900037,27,66,-39
118900038,51,346,-295
118900039,46,113,-67
118900040,55,90,-35
118900041,25,58,-33
118900042,52,86,-34
118900045,51,102,-51
118900046,798,86,712
118900047,506,91,415
118900048,19,84,-65
118900049,7,6,1
118900050,3,193,-190
118900051,5,17,-12
118900052,18,102,-84
118900053,11,6,5
118900054,7,63,-56
118900055,10,106,-96
118900056,4,33,-29
118900057,37,161,-124
118900058,53,264,-211
118900059,4,9,-5
118900060,2,73,-71
118900062,19,128,-109
118900064,218,96,122
118900065,5,36,-31
118900066,7,28,-21
118900067,6931,1170,5761
118900068,0,34,-34
118900069,51,173,-122
118900071,0,22,-22
118900072,119,148,-29
118900073,24,38,-14
118900074,25,58,-33
118900075,3,33,-30
118900076,36,17,19
118900077,30,99,-69
118900078,2,1,1
118900079,15,59,-44
118900080,4,17,-13
118900081,4,8,-4
118900082,120,90,30
118900083,10,26,-16
118900084,2,6,-4
118900085,215,598,-383
118900086,0,13,-13
118900087,37,75,-38
118900088,0,28,-28
118900089,4,4,0
118900090,92,311,-219
118900091,30,22,8
118900092,33,79,-46
118900093,26,6,20
118900096,5,2,3
118900097,76,567,-491
118900099,7,186,-179
118900100,53,85,-32
118900101,12,588,-576
118900102,4,49,-45
118900103,17,29,-12
118900104,21,145,-124
118900105,91,73,18
118900107,118,49,69
118900108,11,76,-65
118900110,213,102,111
118900111,33,328,-295
118900112,4,38,-34
118900113,12,353,-341
118900114,1,38,-37
118900115,23,206,-183
118900116,38,117,-79
118900117,23,158,-135
118900118,48,420,-372
118900119,21,267,-246
118900120,25,224,-199
118900121,0,175,-175
118900122,4,137,-133
118900123,58,163,-105
118900124,15,102,-87
118900126,1,132,-131
118900129,17,112,-95
118900130,7,24,-17
118900131,25,266,-241
118900132,60,95,-35
118900133,5,6,-1
118900135,34,204,-170
118900136,67,682,-615
118900137,0,6,-6
118900139,34,392,-358
118900140,116,777,-661
118900141,3,210,-207
118900144,29,765,-736
118900145,2,138,-136
118900146,94,597,-503
118900147,17,39,-22
118900148,4,35,-31
118900150,12,104,-92
118900152,130,620,-490
118900157,7,32,-25
118900158,7,36,-29
118900159,1,91,-90
118900161,0,1,-1
118900163,102,15,87
118900164,1,27,-26
118900165,10,445,-435
118900166,5,6,-1
118900167,15,183,-168
118900168,3,27,-24
118900169,28,416,-388
118900170,4,85,-81
118900171,0,25,-25
118900174,21,68,-47
118900175,42,283,-241
118900176,17,125,-108
118900177,3,51,-48
118900178,24,52,-28
118900179,2,25,-23
118900181,30,56,-26
118900182,19,25,-6
118900183,1,30,-29
118900184,51,14,37
118900185,16,110,-94
118900186,24,59,-35
118900187,47,192,-145
118900188,51,166,-115
118900189,2,127,-125
118900190,4,366,-362
118900191,8,18,-10
118900192,3,9,-6
118900193,16,4,12
118900195,70,499,-429
118900196,25,205,-180
118900197,4,29,-25
118900198,2,66,-64
118900199,8,42,-34
118900200,7,0,7
118900201,8,7,1
118900202,13,85,-72
118900203,1,32,-31
118900204,2,29,-27
118900205,1,13,-12
118900206,2,34,-32
119000001,373,517,-144
119000002,1671,1571,100
119000003,566,1355,-789
119000004,568,738,-170
119000005,624,898,-274
119000006,471,967,-496
119000007,870,1330,-460
119000008,784,1986,-1202
119000009,2557,1506,1051
119000010,7928,3408,4520
119000011,5239,1067,4172
119000012,4839,1882,2957
119000013,1651,819,832
119000014,1295,2309,-1014
119000019,71,153,-82
119000020,378,1049,-671
119000021,1433,1536,-103
119000022,2420,556,1864
119000023,45,70,-25
119000024,1656,2788,-1132
119000025,11459,912,10547
119000026,265,132,133
119000027,426,215,211
119000028,1078,831,247
119000029,89,164,-75
119000030,401,1050,-649
119000031,378,642,-264
119000032,2324,1846,478
119000033,1119,1041,78
119000034,502,1070,-568
119000035,8,323,-315
119000036,314,1081,-767
119000037,312,1944,-1632
119000038,59,848,-789
119000039,117,257,-140
119000040,677,259,418
119000041,794,564,230
119000048,3309,3421,-112
119000049,879,3473,-2594
119000050,709,1318,-609
119000051,920,592,328
119000052,900,1752,-852
119000053,991,913,78
119000054,1136,2905,-1769
119000055,894,2444,-1550
119000056,629,1539,-910
119000057,664,2006,-1342
119000058,800,1805,-1005
119000059,399,940,-541
119000060,439,574,-135
119000061,369,562,-193
119000062,668,1177,-509
119000063,88,124,-36
119000064,615,1357,-742
119000065,1323,3554,-2231
119000066,890,507,383
119000067,916,2247,-1331
119000068,562,777,-215
119000069,532,2204,-1672
119000070,713,907,-194
119000071,406,626,-220
119000072,5105,3318,1787
119000073,3766,3433,333
119000074,404,3317,-2913
119000075,377,2241,-1864
119000076,391,767,-376
119000077,525,406,119
119000078,136,270,-134
119000079,37,402,-365
119000080,69,218,-149
119000081,83,351,-268
119000082,249,328,-79
119000083,125,270,-145
119000084,84,346,-262
119000085,268,125,143
119000086,102,332,-230
119000087,903,526,377
119000088,196,187,9
119000089,43,107,-64
119000090,40,48,-8
119000091,147,245,-98
119000092,342,71,271
119000093,2681,3003,-322
119000094,1067,2942,-1875
119000095,411,2279,-1868
119000097,2447,1005,1442
119000098,384,856,-472
119000099,1100,1163,-63
119000100,1157,1252,-95
119000101,2526,2794,-268
119000102,415,443,-28
119000103,889,387,502
119000104,2410,1272,1138
119000105,211,406,-195
119000106,98,2014,-1916
119000107,188,264,-76
119000108,96,1287,-1191
119000109,87,460,-373
119000110,530,921,-391
119000111,33,392,-359
119000112,277,258,19
119000113,3054,286,2768
119000114,402,195,207
119000115,100,51,49
119000116,42,42,0
119000117,50,223,-173
119000118,1,3,-2
119000123,912,295,617
119000124,103,144,-41
119000125,530,681,-151
119000126,159,660,-501
119000127,101,925,-824
119000128,65,7,58
119000131,229,1057,-828
119000132,1,9,-8
119000133,0,2,-2
119000134,812,213,599
119000135,27,237,-210
119000136,31,424,-393
119000137,27,529,-502
119000138,72,606,-534
119000139,46,299,-253
119000140,51,202,-151
119000284,1162,1907,-745
119000285,2458,1699,759
119000286,4470,2837,1633
119000287,781,1423,-642
119000288,709,1265,-556
119000289,1112,2798,-1686
119000290,99,439,-340
119000291,6,219,-213
119000293,39,133,-94
119000294,12,14,-2
119000295,1780,474,1306
119000296,66,148,-82
119000299,0,0,0
119000302,4704,1081,3623
119000303,3,29,-26
119000314,1325,2712,-1387
119000315,3,767,-764
119000316,27,101,-74
119000317,13,504,-491
119900001,33,329,-296
119900002,14,148,-134
119900003,22,1152,-1130
119900004,255,157,98
119900005,19,119,-100
119900006,44,190,-146
119900007,124,41,83
119900008,21,12,9
119900009,184,433,-249
119900010,935,1186,-251
119900011,4,21,-17
119900012,3,24,-21
119900013,921,472,449
119900014,511,180,331
119900015,22,10,12
119900016,6,75,-69
119900017,4,21,-17
119900018,444,56,388
119900019,5,3,2
119900020,47,77,-30
119900021,14,52,-38
119900022,41,81,-40
119900023,388,155,233
119900025,22,12,10
119900026,630,29,601
119900027,2,19,-17
119900028,30,11,19
119900029,0,4,-4
119900030,74,213,-139
119900031,9,68,-59
119900033,2009,107,1902
119900034,38,120,-82
119900037,11,17,-6
119900038,16,47,-31
119900039,10,1,9
119900040,6,4,2
119900041,13,76,-63
119900042,16,94,-78
119900043,9,134,-125
119900044,101,117,-16
119900046,13,78,-65
119900047,51,12,39
119900048,9,23,-14
119900049,9,5,4
119900050,25,14,11
119900051,28,4,24
119900052,3,79,-76
119900053,64,167,-103
119900054,1,9,-8
119900055,224,111,113
119900057,59,98,-39
119900058,49,0,49
119900059,51,24,27
119900060,26,1,25
119900062,5,57,-52
119900063,6,30,-24
119900065,39,3,36
119900066,1,2,-1
119900067,8,72,-64
119900068,69,2,67
119900069,15,20,-5
119900070,93,2,91
119900071,79,1,78
119900073,1180,293,887
119900074,4,12,-8
119900075,5249,1177,4072
119900076,57,424,-367
119900077,99,1370,-1271
119900078,54,513,-459
119900079,23,235,-212
119900080,210,864,-654
119900081,27,24,3
119900082,196,225,-29
119900083,15,33,-18
119900084,101,73,28
119900085,112,20,92
119900087,73,104,-31
119900088,38,65,-27
119900089,2,645,-643
119900090,136,52,84
119900091,9,995,-986
119900092,6,484,-478
119900093,433,41,392
119900094,12,241,-229
119900095,89,65,24
119900096,25,84,-59
119900097,160,94,66
119900098,10,35,-25
119900099,16,367,-351
119900100,2190,916,1274
119900101,154,781,-627
119900102,23,352,-329
119900103,15,548,-533
119900104,24,301,-277
119900105,464,2182,-1718
119900106,2,232,-230
119900107,171,2809,-2638
119900108,1840,696,1144
119900109,11,194,-183
119900110,128,678,-550
119900111,15,395,-380
119900112,2086,278,1808
119900113,33,513,-480
119900114,49,1605,-1556
119900115,67,1283,-1216
119900116,65,178,-113
119900117,83,1077,-994
119900118,5,1112,-1107
119900119,27,241,-214
119900120,406,660,-254
119900121,48,1334,-1286
119900122,131,316,-185
119900123,51,185,-134
119900124,12,1107,-1095
119900125,20,358,-338
119900126,6329,96,6233
119900127,2011,614,1397
119900128,55,823,-768
119900129,32,801,-769
119900130,42,209,-167
119900131,12,361,-349
119900132,1,305,-304
119900133,3,20,-17
119900134,1666,219,1447
119900135,0,418,-418
119900136,101,531,-430
119900138,213,494,-281
119900139,2,59,-57
119900140,3,127,-124
119900141,90,112,-22
119900142,3,7,-4
119900143,3,324,-321
119900144,1842,113,1729
119900145,33,206,-173
119900146,72,50,22
119900147,1,60,-59
119900148,49,30,19
119900149,1299,1410,-111
119900150,84,160,-76
119900151,666,518,148
119900152,18,281,-263
119900153,15,13,2
119900154,6,423,-417
119900155,9,14,-5
119900156,1,2,-1
119900157,13,216,-203
119900158,25,39,-14
119900159,5,1669,-1664
119900160,4,271,-267
119900161,113,288,-175
119900162,258,264,-6
119900163,86,76,10
119900164,0,0,0
119900165,9,208,-199
119900166,23,14,9
119900167,23,142,-119
119900168,191,304,-113
119900169,80,99,-19
119900170,46,66,-20
119900171,271,523,-252
119900172,50,9,41
119900173,1,659,-658
119900174,2,320,-318
119900175,164,375,-211
119900177,14,245,-231
119900178,3,237,-234
119900179,20,84,-64
119900180,300,409,-109
119900181,34,8,26
119900182,3,524,-521
119900183,100,890,-790
119900184,2665,401,2264
119900185,6,45,-39
119900186,8,96,-88
119900187,6,643,-637
119900188,13,259,-246
119900189,143,93,50
119900190,25,85,-60
119900191,68,95,-27
119900192,2,151,-149
119900193,54,108,-54
119900194,6,27,-21
119900195,9,235,-226
119900196,1728,315,1413
119900197,46,54,-8
119900198,10,487,-477
119900199,96,7,89
119900200,117,337,-220
119900201,312,164,148
119900202,112,39,73
119900203,19,82,-63
119900204,42,186,-144
119900205,56,317,-261
119900206,7,136,-129
119900208,41,75,-34
119900209,125,198,-73
119900210,2,23,-21
119900211,42,7,35
119900212,23,294,-271
119900213,0,27,-27
119900214,11,97,-86
119900215,9,106,-97
119900216,5,120,-115
119900217,3,78,-75
119900218,14,89,-75
119900219,1,164,-163
119900220,9,149,-140
119900221,14,483,-469
119900222,5,280,-275
119900223,10,95,-85
119900224,15,25,-10
119900225,1226,22,1204
119900226,681,482,199
119900227,1575,317,1258
119900228,25,330,-305
119900229,143,274,-131
119900230,825,372,453
119900231,9,85,-76
119900232,39,8,31
119900233,15,17,-2
119900234,4,23,-19
119900235,5,12,-7
119900236,4,215,-211
119900237,21,484,-463
119900238,0,88,-88
119900240,6,145,-139
119900241,41,250,-209
119900242,1281,357,924
119900244,469,1211,-742
119900245,13,83,-70
119900246,52,60,-8
119900247,8,13,-5
119900248,10,17,-7
119900249,80,14,66
119900253,3114,151,2963
119900254,20,71,-51
119900255,43,741,-698
119900256,30,1556,-1526
119900257,2,1,1
119900258,12,59,-47
119900259,3,256,-253
119900260,9,0,9
119900261,35,139,-104
119900262,1,331,-330
119900263,543,395,148
119900264,9,240,-231
119900265,106,396,-290
119900266,43,244,-201
119900267,27,312,-285
119900268,12,289,-277
119900269,135,2194,-2059
119900271,16,56,-40
119900272,35,23,12
119900275,25,0,25
119900276,5,0,5
119900277,1,1,0
119900278,173,13,160
119900279,67,87,-20
119900280,712,197,515
119900281,1,33,-32
119900282,11,4,7
119900283,1,266,-265
119900284,31,181,-150
119900285,9,44,-35
119900286,8,18,-10
119900288,1,13,-12
119900289,0,17,-17
119900290,1,25,-24
119900291,6,19,-13
119900292,6,1,5
119900293,4,2,2
119900294,9,0,9
119900295,0,0,0
119900296,1,0,1
119900299,11,303,-292
119900300,28,258,-230
119900301,0,11,-11
119900302,5,36,-31
119900303,22,163,-141
119900304,14,6,8
119900305,16,52,-36
119900306,6,0,6
119900307,7,131,-124
119900308,0,11,-11
119900309,7,18,-11
119900310,116,280,-164
119900311,5,146,-141
119900312,8,60,-52
119900313,78,368,-290
119900314,28,105,-77
119900315,129,2749,-2620
119900318,10,5,5
119900319,5,540,-535
119900320,19,735,-716
119900321,5,0,5
119900322,35,32,3
119900323,3,54,-51
119900324,1,29,-28
119900325,8,303,-295
119900326,107,34,73
120000001,5470,3227,2243
120000002,1235,2918,-1683
120000003,2746,1886,860
120000004,2266,2344,-78
120000005,4276,2053,2223
120000006,898,1134,-236
120000007,2012,1663,349
120000008,637,1201,-564
120000009,4739,789,3950
120000010,765,3094,-2329
120000011,432,1882,-1450
120000012,1270,2851,-1581
120000013,818,2284,-1466
120000014,273,1190,-917
120000015,1110,1284,-174
120000016,1172,784,388
120000017,404,640,-236
120000018,2732,3043,-311
120000019,328,495,-167
120000020,1024,1241,-217
120000021,911,1091,-180
120000022,2176,1973,203
120000023,378,952,-574
120000024,928,1338,-410
120000025,695,1484,-789
120000026,311,1475,-1164
120000027,632,1124,-492
120000028,554,305,249
120000029,3288,397,2891
120000030,66,557,-491
120000031,1565,4009,-2444
120000032,9720,2339,7381
120000033,948,1215,-267
120000034,534,1883,-1349
120000035,768,1970,-1202
120000036,1029,2636,-1607
120000037,199,390,-191
120000038,9462,3025,6437
120000039,312,970,-658
120000040,19,92,-73
120000041,242,2049,-1807
120000042,857,5844,-4987
120000043,2194,2622,-428
120000044,1075,1085,-10
120000045,1384,938,446
120000046,706,991,-285
120000047,1515,1401,114
120000048,7398,1882,5516
120000049,1081,2239,-1158
120000050,1285,3450,-2165
120000051,3470,2701,769
120000052,15574,1806,13768
120000053,463,4087,-3624
120000054,1072,7383,-6311
120000055,554,4127,-3573
120000056,2033,4857,-2824
120000057,961,1143,-182
120000058,140,169,-29
120000059,108,1153,-1045
120000061,56,660,-604
120000062,158,353,-195
120000063,1673,3680,-2007
120000064,138,1937,-1799
120000065,222,1941,-1719
120000066,54,489,-435
120000067,12,477,-465
120000068,47,1150,-1103
120000069,288,1662,-1374
120000070,8,1142,-1134
120000071,56,172,-116
120000072,102,428,-326
120000073,111,78,33
120000074,32,41,-9
120000075,76,156,-80
120000076,338,211,127
120000077,408,260,148
120000078,2187,304,1883
120000079,8,27,-19
120000080,3,30,-27
120000081,14,15,-1
120000082,11,27,-16
120000083,14,42,-28
120000084,222,592,-370
120000085,210,455,-245
120000086,121,737,-616
120000087,61,1267,-1206
120000088,235,875,-640
120000089,188,163,25
120000090,66,181,-115
120000091,170,372,-202
120000092,154,183,-29
120000093,32,207,-175
120000094,11,143,-132
120000095,356,664,-308
120000096,135,1313,-1178
120000098,297,1059,-762
120000099,83,582,-499
120000100,224,800,-576
120000101,156,500,-344
120000102,86,199,-113
120000103,164,176,-12
120000104,278,108,170
120000105,355,106,249
120000106,347,127,220
120000107,447,176,271
120000108,157,51,106
120000109,236,24,212
120000110,63,879,-816
120000111,59,1486,-1427
120000112,308,4883,-4575
120000113,261,3066,-2805
120000114,222,2246,-2024
120000115,157,2075,-1918
120000116,228,1931,-1703
120000117,874,1672,-798
120000118,11,10,1
120000119,6,15,-9
120000120,17,6,11
120000121,10,17,-7
120000122,38,35,3
120000123,5840,889,4951
120000124,118,267,-149
120000125,106,516,-410
120000126,75,286,-211
120000127,419,228,191
120000128,1123,1154,-31
120000129,121,81,40
120000130,235,284,-49
120000131,144,381,-237
120000134,225,1151,-926
120000135,46,273,-227
120000137,46,2081,-2035
120000138,110,518,-408
120000139,39,1073,-1034
120000140,105,628,-523
120000141,41,512,-471
120000142,49,585,-536
120000143,2,107,-105
120000144,22,0,22
120000145,43,0,43
120000146,1100,337,763
120000149,289,839,-550
120000150,4283,4680,-397
120000151,211,287,-76
120000152,59,197,-138
120000153,59,605,-546
120000154,197,289,-92
120000155,50,100,-50
120000156,815,174,641
120000157,265,407,-142
120000158,266,801,-535
120000159,1145,2160,-1015
120000160,1142,719,423
120000161,494,2228,-1734
120000162,23,116,-93
120000163,91,1220,-1129
120000164,88,413,-325
120000165,90,896,-806
120000166,164,507,-343
120000167,3,20,-17
120000168,8,31,-23
120000169,133,145,-12
120000170,322,106,216
120000171,63,33,30
120000172,4,16,-12
120000173,2145,70,2075
120000174,256,6,250
120000175,440,12,428
120000176,84,90,-6
120000177,1283,685,598
120000178,151,9,142
120000179,400,16,384
120000180,514,79,435
120000181,125,56,69
120000182,59,36,23
120000183,1,134,-133
120000184,57,2797,-2740
120000186,5,27,-22
120000187,16,20,-4
120000188,95,30,65
120000190,790,1,789
120000191,1188,17,1171
120000192,1007,4,1003
120000193,426,1,425
120000195,34,2,32
120000196,181,17,164
120000197,55,66,-11
120000198,15,204,-189
120000199,15,1,14
120000200,21,1,20
120000201,8,8,0
120000202,7,47,-40
120000203,8,395,-387
120000207,0,117,-117
120000208,4,315,-311
120000209,3,129,-126
120000210,205,67,138
120000211,16,0,16
120000212,9,1,8
120000213,24,505,-481
120000214,2,597,-595
120000215,0,154,-154
120000216,11,0,11
120000217,754,1625,-871
120000218,181,1884,-1703
120000219,15,1126,-1111
120000220,10,3829,-3819
120000225,98,0,98
120000226,34,0,34
120000227,180,6,174
120000228,10548,1446,9102
120000230,37,5,32
120000231,222,2391,-2169
120000233,22,6,16
120000235,104,675,-571
120000236,0,1,-1
120000237,7,3096,-3089
120000238,0,74,-74
120000241,363,704,-341
120000412,959,9,950
120000413,22,359,-337
120000414,3,0,3
120000415,2,187,-185
120000416,7,9,-2
120000417,3,87,-84
120000418,12,3,9
120000419,7,470,-463
120000420,23,9,14
120000421,14619,5400,9219
120000422,287,288,-1
120000423,1,38,-37
120000424,8,173,-165
120000436,62,113,-51
120000437,145,171,-26
120000438,5288,387,4901
120000439,29,125,-96
120000443,35,0,35
120000444,97,440,-343
120000445,485,396,89
120000446,602,99,503
120000447,0,6,-6
120000449,9,0,9
120000450,4,358,-354
120000451,15,148,-133
120000452,3,1,2
120000453,1,568,-567
120000454,14,6,8
120000455,18,53,-35
120000456,3319,1964,1355
120000457,1045,826,219
120000458,284,615,-331
120000459,39,25,14
120000665,718,117,601
120000668,47,93,-46
120000669,18,405,-387
120000670,187,330,-143
120000671,194,133,61
120000672,69,419,-350
120900001,24,11,13
120900002,34,163,-129
120900003,71,10,61
120900004,3,15,-12
120900005,2,1303,-1301
120900006,29,117,-88
120900007,32,178,-146
120900008,51,1260,-1209
120900009,204,81,123
120900010,44,19,25
120900011,164,47,117
120900012,901,219,682
120900013,81,9,72
120900014,5,738,-733
120900015,78,70,8
120900016,91,45,46
120900017,2927,112,2815
120900018,12,433,-421
120900019,107,27,80
120900020,204,197,7
120900021,56,25,31
120900022,5,329,-324
120900023,24,25,-1
120900024,965,360,605
120900025,1782,453,1329
120900026,16,163,-147
120900027,403,105,298
120900028,42,11,31
120900029,7,66,-59
120900030,272,216,56
120900031,40,8,32
120900032,147,93,54
120900033,121,11,110
120900034,29,881,-852
120900035,21,167,-146
120900037,19,1,18
120900038,15,36,-21
120900039,7,6,1
120900040,26,0,26
120900041,48,10,38
120900042,34,19,15
120900043,6,2,4
120900044,2,309,-307
120900045,68,130,-62
120900046,48,15,33
120900047,14,5,9
120900048,6,3,3
120900049,42,1,41
120900050,3316,383,2933
120900051,91,62,29
120900052,53,0,53
120900053,35,81,-46
120900054,809,625,184
120900055,29,2,27
120900056,50,3,47
120900057,32,8,24
120900058,51,0,51
120900059,11,0,11
120900060,17,28,-11
120900061,163,277,-114
120900062,27,0,27
120900063,74,0,74
120900064,55,0,55
120900065,71,5,66
120900066,26,363,-337
120900067,30,3,27
120900068,27,0,27
120900069,15,111,-96
120900071,22,0,22
120900072,106,0,106
120900073,45,207,-162
120900074,114,1,113
120900076,24,1,23
120900077,2901,124,2777
120900078,91,600,-509
120900079,77,77,0
120900080,79,3269,-3190
120900081,56,1321,-1265
120900082,271,183,88
120900083,4,4,0
120900084,55,61,-6
120900085,72,26,46
120900086,90,75,15
120900087,73,24,49
120900088,96,75,21
120900089,4765,393,4372
120900090,14,234,-220
120900091,162,83,79
120900092,303,662,-359
120900093,4632,254,4378
120900094,342,203,139
120900095,55,13,42
120900096,14,65,-51
120900097,388,1471,-1083
120900098,205,199,6
120900099,45,110,-65
120900100,29,487,-458
120900101,138,317,-179
120900102,6,174,-168
120900103,48,104,-56
120900104,24,65,-41
120900105,10,1090,-1080
120900106,952,547,405
120900107,401,186,215
120900108,4,1280,-1276
120900109,11,911,-900
120900110,8,538,-530
120900111,98,395,-297
120900112,5,1527,-1522
120900113,4,981,-977
120900114,23,286,-263
120900115,56,64,-8
120900116,25,760,-735
120900117,1,650,-649
120900118,2,1041,-1039
120900119,5830,2976,2854
120900120,29,763,-734
120900121,64,412,-348
120900122,25,818,-793
120900123,4,618,-614
120900124,3,799,-796
120900125,3,1051,-1048
120900126,737,644,93
120900127,6,676,-670
120900128,645,828,-183
120900129,28,509,-481
120900130,1,527,-526
120900131,25,56,-31
120900132,97,446,-349
120900133,138,1252,-1114
120900134,121,489,-368
120900135,10,864,-854
120900136,14,12,2
120900137,21,96,-75
120900138,5,233,-228
120900139,4,1083,-1079
120900140,0,28,-28
120900141,32,83,-51
120900142,17,1005,-988
120900143,8,1170,-1162
120900144,2,322,-320
120900145,17,1014,-997
120900146,6,1263,-1257
120900147,1,218,-217
120900148,26,51,-25
120900149,0,453,-453
120900150,13,503,-490
120900151,1,783,-782
120900152,7,69,-62
120900153,3,60,-57
120900154,0,348,-348
120900155,21,1336,-1315
120900156,5,401,-396
120900157,7,323,-316
120900158,6,578,-572
120900159,27,1473,-1446
120900160,34,356,-322
120900161,7,2879,-2872
120900162,7,2376,-2369
120900163,2,74,-72
120900164,0,0,0
120900165,0,5,-5
120900166,9,37,-28
120900167,48,64,-16
120900169,18,592,-574
120900170,2248,544,1704
120900171,1151,264,887
120900172,976,44,932
120900173,2,51,-49
120900174,2,120,-118
120900175,247,164,83
120900176,3,111,-108
120900177,1,195,-194
120900178,1,115,-114
120900179,317,323,-6
120900180,69,44,25
120900181,12,85,-73
120900182,12,348,-336
120900183,699,59,640
120900184,136,70,66
120900185,4,503,-499
120900186,0,535,-535
120900187,87,320,-233
120900188,13,14,-1
120900189,58,112,-54
120900190,6,27,-21
120900191,2,36,-34
120900192,14923,861,14062
120900194,21,61,-40
120900195,75,341,-266
120900196,340,72,268
120900197,111,17,94
120900198,111,631,-520
120900199,54,77,-23
120900200,87,30,57
120900201,584,138,446
120900202,1,286,-285
120900203,9,21,-12
120900204,392,423,-31
120900205,28,89,-61
120900206,1,1,0
120900207,43,1155,-1112
121000001,627,990,-363
121000002,833,677,156
121000003,4399,1748,2651
121000004,1911,1396,515
121000005,1672,2069,-397
121000006,1930,766,1164
121000007,2252,2871,-619
121000008,2237,1213,1024
121000009,7063,4178,2885
121000010,6607,1732,4875
121000011,13317,6791,6526
121000012,15256,3426,11830
121000013,5736,4846,890
121000014,6604,4146,2458
121000015,3586,4824,-1238
121000016,3481,2622,859
121000017,1019,2632,-1613
121000018,1228,1182,46
121000019,11742,4526,7216
121000020,7730,3620,4110
121000021,1372,2178,-806
121000022,1044,1099,-55
121000023,2091,2109,-18
121000024,1322,2191,-869
121000025,503,398,105
121000026,134,52,82
121000027,1383,754,629
121000028,425,335,90
121000029,203,511,-308
121000030,66,122,-56
121000031,348,614,-266
121000032,101,67,34
121000034,23,12,11
121000035,44,45,-1
121000036,332,359,-27
121000037,231,466,-235
121000038,303,311,-8
121000039,138,173,-35
121000041,119,291,-172
121000042,47,190,-143
121000043,479,320,159
121000044,775,304,471
121000045,203,369,-166
121000046,55,234,-179
121000047,22,44,-22
121000049,1147,631,516
121000050,160,881,-721
121000051,170,172,-2
121000052,141,392,-251
121000053,124,9,115
121000054,32,139,-107
121000055,1282,874,408
121000056,571,648,-77
121000057,96,202,-106
121000058,357,106,251
121000059,785,414,371
121000060,213,369,-156
121000061,26,77,-51
121000062,57,59,-2
121000063,333,404,-71
121000064,218,222,-4
121000065,224,219,5
121000066,275,403,-128
121000067,657,182,475
121000068,188,102,86
121000069,231,92,139
121000070,542,772,-230
121000071,273,420,-147
121000072,758,470,288
121000073,537,535,2
121000074,106,179,-73
121000075,51,11,40
121000076,786,224,562
121000077,20,24,-4
121000078,59,74,-15
121000080,2219,396,1823
121000081,814,777,37
121000082,131,221,-90
121000083,95,44,51
121000084,91,102,-11
121000085,388,444,-56
121000086,135,536,-401
121000087,18,147,-129
121000088,237,371,-134
121000089,118,112,6
121000090,172,232,-60
121000091,2030,491,1539
121000092,98,88,10
121000093,46,172,-126
121000094,247,189,58
121000095,80,217,-137
121000096,2536,1646,890
121000097,1529,1175,354
121000098,176,910,-734
121000099,219,774,-555
121000100,148,556,-408
121000101,21,50,-29
121000102,56,372,-316
121000103,10,36,-26
121000104,40,188,-148
121000105,96,240,-144
121000106,12,34,-22
121000107,1531,2866,-1335
121000109,1555,882,673
121000110,159,275,-116
121000114,1878,1664,214
121000115,820,589,231
121000116,449,681,-232
121000117,1088,128,960
121000118,844,142,702
121000119,83,197,-114
121000120,175,319,-144
121000121,143,357,-214
121000123,351,272,79
121000126,57,268,-211
121000127,32,87,-55
121000128,118,531,-413
121000129,150,340,-190
121000130,180,624,-444
121000131,592,449,143
121000132,390,450,-60
121000135,289,322,-33
121000136,863,299,564
121000137,352,76,276
121000138,410,266,144
121000139,271,63,208
121000141,94,86,8
121000142,679,393,286
121000143,113,10,103
121000144,603,588,15
121000145,175,983,-808
121000146,398,613,-215
121000147,319,356,-37
121000148,282,675,-393
121000149,794,783,11
121000152,150,258,-108
121000153,1546,352,1194
121000154,454,344,110
121000155,780,509,271
121000156,376,528,-152
121000157,1718,970,748
121000158,250,421,-171
121000159,130,613,-483
121000160,157,737,-580
121000161,31,260,-229
121000162,14,295,-281
121000165,1077,689,388
121000166,36,236,-200
121000168,121,242,-121
121000169,13,199,-186
121000170,63,46,17
121000171,53,173,-120
121000172,214,388,-174
121000173,1060,553,507
121000174,85,348,-263
121000175,214,358,-144
121000176,237,165,72
121000177,257,554,-297
121000178,62,55,7
121000179,37,78,-41
121000181,163,224,-61
121000182,53,91,-38
121000183,35,46,-11
121000184,4,60,-56
121000185,6,127,-121
121000186,103,319,-216
121000187,79,282,-203
121000188,44,236,-192
121000192,309,288,21
121000193,223,254,-31
121000194,1948,1460,488
121000195,237,677,-440
121000196,254,112,142
121000197,80,557,-477
121000198,66,74,-8
121000199,47,590,-543
121000200,133,79,54
121000201,3,255,-252
121000202,79,33,46
121000203,145,1997,-1852
121000204,365,230,135
121000205,66,328,-262
121000206,105,71,34
121000207,375,377,-2
121000208,4,485,-481
121000209,43,600,-557
121000210,120,614,-494
121000211,21,104,-83
121000212,159,707,-548
121000213,5418,1216,4202
121000214,436,548,-112
121000215,922,523,399
121000216,164,296,-132
121000217,1977,921,1056
121000218,341,1494,-1153
121000219,464,207,257
121000220,204,80,124
121000221,83,171,-88
121000222,1649,2155,-506
121000223,233,328,-95
121000224,54,46,8
121000225,556,416,140
121000226,664,237,427
121000227,7,160,-153
121000228,5,923,-918
121000229,20,446,-426
121000230,53,1837,-1784
121000231,0,0,0
121000232,120,42,78
121000233,118,290,-172
121000234,0,26,-26
121000235,3,5,-2
121000236,0,18,-18
121000237,3,2,1
121000238,1,58,-57
121000239,0,0,0
121000240,2,132,-130
121000241,35,5,30
121000242,4,136,-132
121000243,34,7,27
121000244,1,52,-51
121000245,1,3,-2
121000246,2,53,-51
121000247,9,2,7
121000248,98,306,-208
121000249,36,210,-174
121000250,81,64,17
121000251,14,490,-476
121000252,20,16,4
121000253,60,584,-524
121000254,214,158,56
121000255,66,115,-49
121000256,38,113,-75
121000257,25,48,-23
121000258,31,34,-3
121000259,9,25,-16
121000260,23,113,-90
121000261,8,20,-12
121000262,1069,382,687
121000263,354,392,-38
121000271,212,1278,-1066
121000273,14,7,7
121000274,2,17,-15
121000275,4,21,-17
121000276,0,3,-3
121000278,5,34,-29
121000279,9,24,-15
121000280,4,34,-30
121000289,60,9,51
121000290,614,462,152
121000294,26,247,-221
121000297,518,273,245
121000299,106,154,-48
121000300,592,348,244
121000302,37,186,-149
121000303,170,156,14
121000304,39,4,35
121000305,15,18,-3
121000306,2,33,-31
121000308,124,223,-99
121000309,172,445,-273
121000310,25,358,-333
121000311,33,531,-498
121000312,101,40,61
121000313,493,236,257
121000314,65,62,3
121000315,16,30,-14
121000530,452,1134,-682
121000531,558,1042,-484
121000532,3697,2315,1382
121000533,1305,1192,113
121000918,5,244,-239
121000919,3,8,-5
121000938,102,58,44
121000939,159,54,105
121000956,251,1095,-844
121000957,1,17,-16
121000958,20,70,-50
121000959,96,939,-843
121000960,335,1637,-1302
121000961,83,1,82
121000962,163,416,-253
121000963,0,0,0
121000973,2,175,-173
121000976,3,49,-46
121000979,5,6,-1
121000981,121,20,101
121000982,62,79,-17
121000983,78,352,-274
121000984,8,19,-11
121000985,89,514,-425
121000986,27,517,-490
121000987,75,1498,-1423
121000988,212,115,97
121001302,242,97,145
121001308,7,12,-5
121001309,46,21,25
121001313,24,442,-418
121001314,4938,3069,1869
121001315,3316,1238,2078
121900001,48,114,-66
121900002,0,16,-16
121900003,0,1,-1
121900004,5,125,-120
121900005,0,2,-2
121900006,6,3,3
121900007,27,214,-187
121900008,78,6,72
121900009,0,0,0
121900010,32,1,31
121900011,40,107,-67
121900012,0,0,0
121900013,71,0,71
121900014,86,33,53
121900015,8,15,-7
121900016,0,0,0
121900017,34,35,-1
121900018,45,0,45
121900019,28,67,-39
121900020,1,0,1
121900021,150,0,150
121900022,18,3,15
121900023,0,40,-40
121900024,124,17,107
121900025,34,45,-11
121900026,4,1,3
121900027,46,31,15
121900028,61,1,60
121900029,0,9,-9
121900030,92,131,-39
121900031,167,573,-406
121900032,21,28,-7
121900033,13,29,-16
121900034,23,16,7
121900035,304,118,186
121900036,1,28,-27
121900037,22,129,-107
121900038,10,48,-38
121900039,15,1,14
121900040,2,8,-6
121900041,11,27,-16
121900042,36,27,9
121900043,1,0,1
121900044,180,12,168
121900046,5,5,0
121900047,58,2,56
121900048,5,52,-47
121900050,0,3,-3
121900051,8,45,-37
121900052,2,7,-5
121900053,54,71,-17
121900054,62,105,-43
121900055,0,1,-1
121900058,19,84,-65
121900059,14,8,6
121900060,4,55,-51
121900061,14,20,-6
121900062,2,0,2
121900063,53,77,-24
121900064,17,132,-115
121900066,1,1,0
121900067,0,0,0
121900069,143,73,70
121900070,37,37,0
121900071,27,88,-61
121900072,7,77,-70
121900073,12,30,-18
121900074,18,30,-12
121900075,34,35,-1
121900076,18,106,-88
121900077,0,11,-11
121900078,2,4,-2
121900079,0,0,0
121900080,81,103,-22
121900082,2,38,-36
121900084,3,150,-147
121900085,0,5,-5
121900086,0,3,-3
121900087,31,20,11
121900088,674,561,113
121900089,5,111,-106
121900090,1,79,-78
121900091,0,42,-42
121900092,0,10,-10
121900093,12,5,7
121900094,6,0,6
121900095,55,31,24
121900096,180,21,159
121900097,20,15,5
121900098,0,0,0
121900099,15,5,10
121900100,6,19,-13
121900101,11,26,-15
121900102,7,14,-7
121900103,26,14,12
121900104,153,53,100
121900105,4,2,2
121900106,0,0,0
121900107,1,1,0
121900108,0,0,0
121900109,31,39,-8
121900110,21,417,-396
121900111,352,94,258
121900112,6,5,1
121900113,3,19,-16
121900114,0,0,0
121900117,15,2,13
121900118,614,71,543
121900119,16,131,-115
121900120,3,537,-534
121900121,0,0,0
121900122,0,1,-1
121900123,40,66,-26
121900124,19,73,-54
121900125,392,463,-71
121900127,2,16,-14
121900128,15,71,-56
121900129,643,44,599
121900130,15,19,-4
121900131,50,38,12
121900132,19,57,-38
121900133,3,12,-9
121900134,0,30,-30
121900135,547,72,475
121900136,6,201,-195
121900137,7,111,-104
121900138,22,53,-31
121900139,140,126,14
121900140,4,12,-8
121900141,3,0,3
121900142,2,12,-10
121900143,1,20,-19
121900144,231,229,2
121900145,14,37,-23
121900146,71,191,-120
121900147,44,131,-87
121900148,15,75,-60
121900149,45,218,-173
121900150,30,105,-75
121900151,14,100,-86
121900152,5,49,-44
121900153,7,135,-128
121900154,0,28,-28
121900155,1,32,-31
121900156,74,50,24
121900157,6,141,-135
121900158,33,38,-5
121900159,0,50,-50
121900160,0,72,-72
121900161,114,67,47
121900162,48,42,6
121900163,23,476,-453
121900164,57,32,25
121900165,9,43,-34
121900166,35,72,-37
121900167,20,22,-2
121900168,24,40,-16
121900169,1,300,-299
121900170,0,37,-37
121900171,59,125,-66
121900172,34,95,-61
121900173,93,11,82
121900174,1,3,-2
121900175,5,54,-49
121900176,169,1064,-895
121900177,26,32,-6
121900178,0,23,-23
121900179,25,25,0
121900180,4696,1089,3607
121900182,34,55,-21
121900183,100,83,17
121900184,9,156,-147
121900186,0,190,-190
121900187,2,41,-39
121900188,223,39,184
121900189,5,34,-29
121900190,29,103,-74
121900191,3,11,-8
121900192,256,117,139
121900193,2,57,-55
121900194,2,66,-64
121900195,4,30,-26
121900196,49,121,-72
121900197,140,1156,-1016
121900198,387,76,311
121900199,1,3,-2
121900200,12,42,-30
121900201,160,107,53
121900202,34,44,-10
121900203,10,42,-32
121900204,334,91,243
121900205,1,31,-30
121900206,0,1,-1
121900207,28,4,24
121900208,17,56,-39
121900209,7,5,2
121900210,62,63,-1
121900211,1,15,-14
121900212,8,29,-21
121900213,3,25,-22
121900214,1,62,-61
121900215,1,12,-11
121900216,4,19,-15
121900217,14,15,-1
121900218,19,42,-23
121900220,45,2,43
121900221,66,124,-58
121900222,5,31,-26
121900223,2,2,0
121900224,1,3,-2
121900225,1,5,-4
121900226,0,97,-97
121900227,7,65,-58
121900228,19,38,-19
121900230,13,3,10
121900231,70,22,48
121900232,28,61,-33
121900233,74,97,-23
121900234,18,60,-42
121900235,16,61,-45
121900236,16,20,-4
121900237,74,198,-124
121900238,39,64,-25
121900239,15,5,10
121900240,40,26,14
121900241,0,16,-16
121900242,0,0,0
121900243,0,0,0
121900244,0,0,0
121900245,23,24,-1
121900246,6,5,1
121900247,49,73,-24
121900248,180,106,74
121900250,52,28,24
121900251,8,0,8
121900252,329,24,305
121900253,15,272,-257
121900254,110,60,50
121900255,10,10,0
121900258,188,25,163
121900259,37,26,11
121900260,5,70,-65
121900261,23,87,-64
121900262,85,156,-71
121900263,13,73,-60
121900264,707,233,474
121900265,37,115,-78
121900266,19,33,-14
121900267,0,0,0
121900269,11,44,-33
121900270,2,34,-32
121900271,5,55,-50
121900273,77,285,-208
121900274,10,82,-72
121900277,50,726,-676
121900278,11,353,-342
121900279,25,176,-151
121900280,20,91,-71
121900281,131,4,127
121900284,70,1,69
121900286,4,142,-138
121900287,0,4,-4
121900288,1,0,1
121900290,60,76,-16
121900291,129,226,-97
121900292,24,31,-7
121900293,446,1849,-1403
121900294,68,1,67
121900295,10,68,-58
121900296,1,1,0
121900298,27,82,-55
121900299,0,0,0
121900300,0,0,0
121900301,2,0,2
121900302,0,25,-25
121900303,35,129,-94
121900304,0,0,0
121900305,1,0,1
121900306,0,0,0
121900307,0,2,-2
121900308,1,196,-195
121900309,9,180,-171
121900310,7,363,-356
121900311,21,1,20
121900312,16,1,15
121900313,27,0,27
121900314,0,51,-51
121900315,0,0,0
121900316,0,4,-4
121900317,0,0,0
121900318,0,4,-4
121900319,0,0,0
121900320,4,20,-16
121900321,0,0,0
121900322,0,6,-6
121900323,4,4,0
121900324,0,0,0
121900325,0,0,0
121900326,0,3,-3
121900327,0,16,-16
121900328,0,9,-9
121900329,0,76,-76
121900330,0,21,-21
121900331,11,1,10
121900332,3,0,3
121900333,0,0,0
122000001,1260,1712,-452
122000002,2499,722,1777
122000003,1055,731,324
122000004,1450,522,928
122000005,1528,548,980
122000006,815,251,564
122000007,659,442,217
122000008,3385,1343,2042
122000009,465,68,397
122000010,1577,1532,45
122000011,2037,565,1472
122000012,674,797,-123
122000013,858,679,179
122000014,811,818,-7
122000015,710,584,126
122000016,260,438,-178
122000017,757,596,161
122000018,815,868,-53
122000019,417,1264,-847
122000020,124,143,-19
122000021,580,229,351
122000022,414,299,115
122000023,196,583,-387
122000024,527,490,37
122000025,630,681,-51
122000026,994,423,571
122000027,423,1738,-1315
122000028,432,193,239
122000029,111,110,1
122000030,214,69,145
122000031,73,78,-5
122000032,540,905,-365
122000033,330,420,-90
122000034,284,351,-67
122000035,235,398,-163
122000036,150,421,-271
122000037,256,151,105
122000038,161,255,-94
122000039,323,310,13
122000040,274,157,117
122000041,162,284,-122
122000042,63,196,-133
122000043,71,54,17
122000044,35,61,-26
122000045,578,281,297
122000046,319,505,-186
122000047,180,122,58
122000048,1694,1586,108
122000049,2862,1509,1353
122000050,586,363,223
122000051,131,132,-1
122000052,194,122,72
122000053,55,287,-232
122000054,1213,968,245
122000055,901,1250,-349
122000056,2387,1639,748
122000057,2179,1515,664
122000058,2297,931,1366
122000059,2113,1193,920
122000060,626,400,226
122000061,416,117,299
122000062,748,210,538
122000063,254,265,-11
122000064,2089,2192,-103
122000065,2644,1917,727
122000066,638,724,-86
122000067,596,757,-161
122000068,330,480,-150
122000069,332,451,-119
122000070,173,798,-625
122000071,355,539,-184
122000072,134,186,-52
122000073,182,266,-84
122000074,475,339,136
122000075,173,340,-167
122000076,734,581,153
122000077,532,462,70
122000078,1715,1519,196
122000079,498,474,24
122000080,244,182,62
122000081,61,70,-9
122000082,493,345,148
122000083,574,1570,-996
122000084,469,453,16
122000085,132,965,-833
122000086,1126,1443,-317
122000087,245,96,149
122000088,229,150,79
122000089,2870,1429,1441
122000090,136,264,-128
122000091,92,44,48
122000092,42,8,34
122000093,731,959,-228
122000094,3469,1036,2433
122000095,1613,688,925
122000096,1012,355,657
122000098,1314,976,338
122000099,717,465,252
122000100,517,287,230
122000101,105,266,-161
122000102,1034,715,319
122000103,429,793,-364
122000104,133,143,-10
122000105,82,141,-59
122000106,260,244,16
122000107,241,250,-9
122000108,166,505,-339
122000109,67,101,-34
122000110,134,259,-125
122000111,1739,711,1028
122000112,329,635,-306
122000113,179,432,-253
122000114,1335,1194,141
122000115,1175,625,550
122000116,310,255,55
122000117,491,165,326
122000118,245,219,26
122000119,1704,987,717
122000120,1745,1413,332
122000121,2301,1239,1062
122000122,446,636,-190
122000123,1064,436,628
122000124,318,158,160
122000125,314,483,-169
122000126,273,348,-75
122000127,679,545,134
122000128,255,505,-250
122000129,128,125,3
122000130,973,243,730
122000131,1065,234,831
122000132,661,289,372
122000133,460,1731,-1271
122000134,247,268,-21
122000135,327,800,-473
122000136,90,111,-21
122000137,329,391,-62
122000139,699,1245,-546
122000140,557,288,269
122000141,3221,436,2785
122000142,124,436,-312
122000143,283,137,146
122000144,850,498,352
122000145,375,388,-13
122000146,93,361,-268
122000147,199,145,54
122000148,1330,547,783
122000149,1112,412,700
122000150,553,307,246
122000151,124,222,-98
122000152,219,185,34
122000153,95,69,26
122000154,113,30,83
122000155,801,812,-11
122000156,1884,1599,285
122000157,1082,953,129
122000158,128,310,-182
122000159,467,791,-324
122000160,2051,376,1675
122000161,525,246,279
122000162,867,617,250
122000163,339,69,270
122000164,23,87,-64
122000165,412,356,56
122000166,358,475,-117
122000167,123,253,-130
122000168,96,276,-180
122000169,271,131,140
122000170,107,186,-79
122000171,19,76,-57
122000172,766,769,-3
122000173,739,1087,-348
122000174,818,543,275
122000175,691,290,401
122000176,130,388,-258
122000177,867,1242,-375
122000178,1808,642,1166
122000179,1430,1097,333
122000180,1092,615,477
122000181,1168,1285,-117
122000182,1912,317,1595
122000183,795,194,601
122000184,3627,1033,2594
122000185,1273,973,300
122000186,427,589,-162
122000187,348,621,-273
122000188,220,108,112
122000189,105,68,37
122000190,180,688,-508
122000191,322,189,133
122000192,320,106,214
122000193,56,275,-219
122000194,317,69,248
122000195,75,271,-196
122000196,443,226,217
122000197,163,97,66
122000198,250,760,-510
122000199,163,108,55
122000200,470,180,290
122000201,1058,1587,-529
122000202,703,726,-23
122000203,1347,974,373
122000204,776,1400,-624
122000205,719,742,-23
122000206,1143,339,804
122000207,484,704,-220
122000208,557,779,-222
122000209,829,87,742
122000210,503,1706,-1203
122000211,400,976,-576
122000212,199,247,-48
122000213,561,521,40
122000214,676,756,-80
122000215,651,719,-68
122000217,899,997,-98
122000218,32,4,28
122000219,1234,907,327
122000220,139,667,-528
122000221,91,268,-177
122000222,392,59,333
122000223,469,412,57
122000225,385,187,198
122000226,463,1364,-901
122000227,151,886,-735
122000228,197,399,-202
122000229,18,262,-244
122000230,36,693,-657
122000231,86,508,-422
122000232,149,757,-608
122000233,1,81,-80
122000234,35,193,-158
122000235,148,149,-1
122000236,282,145,137
122000237,25,33,-8
122000238,35,56,-21
122000239,105,59,46
122000240,222,107,115
122000241,329,167,162
122000242,129,61,68
122000243,44,37,7
122000244,21,381,-360
122000245,31,158,-127
122000246,42,32,10
122000247,286,657,-371
122000248,1049,1296,-247
122000249,126,195,-69
122000250,498,198,300
122000251,159,220,-61
122000252,295,26,269
122000253,12,259,-247
122000254,51,40,11
122000255,354,940,-586
122000256,175,1201,-1026
122000257,58,307,-249
122000258,29,145,-116
122000259,3,639,-636
122000260,3,122,-119
122000261,0,83,-83
122000262,4,70,-66
122000263,37,108,-71
122000264,40,93,-53
122000265,282,191,91
122000266,890,166,724
122000267,22,55,-33
122000268,52,150,-98
122000269,154,134,20
122000270,136,90,46
122000271,137,767,-630
122000272,154,938,-784
122000273,83,436,-353
122000274,21,136,-115
122000275,18,90,-72
122000276,69,339,-270
122000277,256,592,-336
122000278,283,703,-420
122000279,45,401,-356
122000280,448,577,-129
122000281,252,594,-342
122000282,32,58,-26
122000283,364,32,332
122000284,53,77,-24
122000285,244,66,178
122000286,107,102,5
122000287,213,448,-235
122000288,100,119,-19
122000291,328,196,132
122000293,297,242,55
122000294,42,31,11
122000295,483,90,393
122000296,48,245,-197
122000297,1958,844,1114
122000299,85,263,-178
122000300,145,280,-135
122000301,10488,1029,9459
122000302,866,483,383
122000303,3958,706,3252
122000304,5,93,-88
122000305,559,162,397
122000306,11,809,-798
122000307,57,109,-52
122000309,32,86,-54
122000310,1,12,-11
122000311,56,43,13
122000312,56,32,24
122000313,8,46,-38
122000314,36,134,-98
122000315,19,5,14
122000316,136,99,37
122000317,289,107,182
122000318,63,115,-52
122000319,216,396,-180
122000320,150,2115,-1965
122000321,21,305,-284
122000322,1637,727,910
122000323,1046,675,371
122000324,675,734,-59
122000325,395,559,-164
122000326,0,37,-37
122000327,86,229,-143
122000328,480,672,-192
122000330,944,278,666
122000332,118,292,-174
122000333,10,183,-173
122000337,255,1768,-1513
122000338,86,375,-289
122000340,157,146,11
122000342,2000,804,1196
122000343,151,1128,-977
122000344,3,3,0
122000345,10,41,-31
122000346,128,383,-255
122000348,190,653,-463
122000349,30,674,-644
122000351,6,60,-54
122000352,160,38,122
122000353,18,107,-89
122000355,53,105,-52
122000356,890,495,395
122000357,8,2,6
122000358,0,36,-36
122000359,0,28,-28
122000360,0,17,-17
122000362,13,80,-67
122000364,23,312,-289
122000365,1,12,-11
122000366,4,2,2
122000368,168,421,-253
122000370,5,50,-45
122000371,0,0,0
122000372,0,0,0
122000381,13,198,-185
122000382,37,149,-112
122000384,1923,996,927
122000385,0,0,0
122000386,51,263,-212
122000387,134,398,-264
122000388,346,169,177
122000389,164,621,-457
122000390,76,113,-37
122000391,19,13,6
122000392,101,219,-118
122000393,9,235,-226
122000394,69,276,-207
122000395,53,182,-129
122000396,74,93,-19
122000397,11,56,-45
122000398,3,8,-5
122000399,18,62,-44
122000400,38,103,-65
122000401,55,103,-48
122000402,2,6,-4
122000403,173,1284,-1111
122000404,39,125,-86
122000408,338,718,-380
122000503,9,21,-12
122000524,121,52,69
122000544,10,294,-284
122000616,671,6,665
122000640,14,185,-171
122000641,20,442,-422
122000642,589,894,-305
122000643,0,18,-18
122000644,96,21,75
122000645,92,106,-14
122000651,687,449,238
122000664,78,28,50
122000665,711,397,314
122000666,272,626,-354
122000673,20,361,-341
122000674,73,42,31
122000675,421,1016,-595
122000686,98,946,-848
122000687,124,410,-286
122000688,81,603,-522
122000689,200,589,-389
122000690,196,767,-571
122000691,122,1736,-1614
122000692,405,473,-68
122000693,198,1830,-1632
122000695,85,564,-479
122000696,47,159,-112
122000698,39,1159,-1120
122000699,104,63,41
122000701,416,349,67
122000702,225,1055,-830
122000703,3,0,3
122000717,275,46,229
122000718,488,57,431
122000719,3,33,-30
122000720,25,104,-79
122000724,116,13,103
122900001,2,2,0
122900002,334,240,94
122900003,26,13,13
122900004,161,2,159
122900005,44,2,42
122900006,159,48,111
122900007,39,2,37
122900008,210,10,200
122900009,57,20,37
122900010,1,1,0
122900012,6,12,-6
122900014,31,136,-105
122900015,951,68,883
122900016,24,254,-230
122900017,101,424,-323
122900018,36,3,33
122900019,1,117,-116
122900020,268,204,64
122900021,38,212,-174
122900022,86,786,-700
122900023,157,221,-64
122900024,58,36,22
122900025,6,65,-59
122900026,112,200,-88
122900027,29,501,-472
122900028,42,62,-20
122900029,1729,449,1280
122900030,1398,182,1216
122900031,15,66,-51
122900032,86,158,-72
122900033,38,28,10
122900034,818,773,45
122900035,2,4,-2
122900036,0,23,-23
122900037,52,36,16
122900038,34,587,-553
122900039,25,105,-80
122900040,7,31,-24
122900041,16,15,1
122900042,5,24,-19
122900043,21,50,-29
122900044,3,36,-33
122900045,14,15,-1
122900046,11,18,-7
122900047,22,28,-6
122900048,6,54,-48
122900049,1118,62,1056
122900051,39,63,-24
122900052,6,47,-41
122900053,10,15,-5
122900055,44,40,4
122900057,29,5,24
122900061,250,39,211
122900062,218,153,65
122900063,44,240,-196
122900064,473,342,131
122900065,113,75,38
122900066,187,145,42
122900067,981,356,625
122900068,134,237,-103
122900069,102,325,-223
122900070,23,12,11
122900071,35,379,-344
122900072,9,547,-538
122900073,24,155,-131
122900074,22,471,-449
122900075,1,58,-57
122900076,10,113,-103
122900077,0,219,-219
122900078,8,155,-147
122900080,7,3,4
122900081,31,3,28
122900082,38,1,37
122900083,9,2,7
122900084,1,112,-111
122900086,0,2,-2
122900087,28,614,-586
122900088,4,19,-15
122900089,0,58,-58
122900090,4,620,-616
122900091,0,0,0
122900092,0,115,-115
122900093,1,164,-163
122900094,4,101,-97
122900095,0,0,0
122900096,1,132,-131
122900097,0,0,0
122900098,25,42,-17
122900099,1,4,-3
122900100,79,68,11
122900101,82,9,73
122900102,2,3,-1
122900103,0,0,0
122900104,1,1,0
122900105,1,0,1
122900106,1,38,-37
122900107,0,106,-106
122900108,2,113,-111
123000001,994,255,739
123000002,3708,1109,2599
123000003,2245,1349,896
123000004,2693,3410,-717
123000005,814,1083,-269
123000006,2379,2324,55
123000007,770,953,-183
123000008,1505,3578,-2073
123000009,2008,1506,502
123000010,3326,3247,79
123000011,615,475,140
123000012,610,2072,-1462
123000013,1309,425,884
123000014,1205,3543,-2338
123000015,835,313,522
123000016,6772,2039,4733
123000017,2146,1052,1094
123000018,37,102,-65
123000019,67,269,-202
123000020,50,124,-74
123000021,22,87,-65
123000022,188,580,-392
123000023,637,784,-147
123000024,346,340,6
123000025,5,43,-38
123000026,0,14,-14
123000027,61,233,-172
123000028,354,42,312
123000029,791,247,544
123000030,40,867,-827
123000031,38,289,-251
123000032,81,199,-118
123000033,43,39,4
123000034,392,316,76
123000035,86,90,-4
123000036,111,216,-105
123000037,96,231,-135
123000038,56,194,-138
123000039,684,783,-99
123000040,836,284,552
123000041,383,235,148
123000042,328,363,-35
123000043,1726,1918,-192
123000044,3460,1175,2285
123000045,8307,1002,7305
123000046,478,640,-162
123000047,2516,677,1839
123000048,34,110,-76
123000049,4762,1773,2989
123000050,399,474,-75
123000051,37,95,-58
123000052,351,872,-521
123000053,1979,1314,665
123000054,784,617,167
123000055,419,432,-13
123000056,716,1310,-594
123000057,13441,2900,10541
123000058,347,349,-2
123000059,171,262,-91
123000060,270,201,69
123000061,105,390,-285
123000063,314,325,-11
123000064,443,108,335
123000065,5520,2132,3388
123000066,956,484,472
123000067,179,364,-185
123000068,2117,2103,14
123000069,9521,2322,7199
123000070,83,517,-434
123000071,279,644,-365
123000072,575,1442,-867
123000073,271,550,-279
123000074,444,1700,-1256
123000075,116,287,-171
123000076,249,772,-523
123000077,1226,2937,-1711
123000078,419,914,-495
123000079,366,1028,-662
123000080,1079,2069,-990
123000081,144,543,-399
123000082,197,1076,-879
123000083,293,67,226
123000084,133,514,-381
123000085,55,125,-70
123000086,95,457,-362
123000087,40,448,-408
123000088,470,1206,-736
123000089,139,552,-413
123000090,625,921,-296
123000091,965,681,284
123000092,923,803,120
123000094,171,155,16
123000095,83,311,-228
123000096,123,247,-124
123000097,125,998,-873
123000098,211,318,-107
123000099,248,728,-480
123000100,291,232,59
123000101,389,234,155
123000102,215,285,-70
123000104,218,219,-1
123000105,371,335,36
123000106,301,198,103
123000107,261,383,-122
123000108,825,1042,-217
123000111,222,98,124
123000112,294,368,-74
123000113,334,1556,-1222
123000114,279,298,-19
123000115,98,177,-79
123000116,19,170,-151
123000117,633,1995,-1362
123000118,197,969,-772
123000119,96,922,-826
123000120,211,788,-577
123000121,183,463,-280
123000122,153,260,-107
123000123,288,408,-120
123000124,367,440,-73
123000125,338,321,17
123000126,1265,1033,232
123000127,1896,656,1240
123000128,151,399,-248
123000129,20,50,-30
123000130,39,15,24
123000131,208,193,15
123000132,215,384,-169
123000133,179,236,-57
123000134,344,139,205
123000135,529,800,-271
123000136,106,1340,-1234
123000137,59,448,-389
123000138,45,505,-460
123000139,26,24,2
123000140,48,695,-647
123000141,98,5,93
123000142,532,750,-218
123000143,718,2148,-1430
123000144,19,4,15
123000145,99,74,25
123000146,25,65,-40
123000147,20,60,-40
123000149,133,160,-27
123000150,271,136,135
123000151,114,294,-180
123000152,63,210,-147
123000153,189,217,-28
123000154,1634,739,895
123000155,2034,492,1542
123000156,19,81,-62
123000157,209,595,-386
123000158,341,284,57
123000159,1649,814,835
123000160,263,177,86
123000161,580,238,342
123000162,197,486,-289
123000163,57,13,44
123000164,221,84,137
123000165,159,1661,-1502
123000166,13,136,-123
123000167,57,237,-180
123000168,71,425,-354
123000169,79,27,52
123000170,1,333,-332
123000171,5,54,-49
123000172,111,671,-560
123000173,117,33,84
123000174,83,49,34
123000175,788,1295,-507
123000176,261,29,232
123000177,259,943,-684
123000178,163,34,129
123000179,8,749,-741
123000180,659,140,519
123000181,187,1188,-1001
123000182,22,454,-432
123000183,92,88,4
123000184,24,646,-622
123000185,61,168,-107
123000186,3,543,-540
123000187,78,6,72
123000188,11,1,10
123000189,51,174,-123
123000190,8,46,-38
123000192,6,353,-347
123000193,28,424,-396
123000194,335,203,132
123000195,38,6,32
123000196,36,1,35
123000197,7,76,-69
123000198,7,170,-163
123000199,3,424,-421
123000200,55,5,50
123000201,194,7,187
123000202,28,1248,-1220
123000203,150,14,136
123000204,36,1286,-1250
123000205,199,1981,-1782
123000206,396,41,355
123000207,56,913,-857
123000208,94,57,37
123000209,428,113,315
123000210,253,1354,-1101
123000211,465,2590,-2125
123000212,452,92,360
123000213,91,28,63
123000215,43,44,-1
123000216,75,114,-39
123000217,44,6,38
123000218,121,173,-52
123000219,242,13,229
123000220,104,4,100
123000221,87,74,13
123000222,111,387,-276
123000223,44,339,-295
123000224,154,391,-237
123000225,48,85,-37
123000226,8,362,-354
123000227,33,333,-300
123000228,21,50,-29
123000229,680,1569,-889
123000232,67,446,-379
123000233,88,36,52
123000234,61,554,-493
123000235,45,117,-72
123000236,90,943,-853
123000237,58,13,45
123000238,28,602,-574
123000239,249,2064,-1815
123000240,13,99,-86
123000241,450,52,398
123000242,58,187,-129
123000243,192,872,-680
123000244,560,346,214
123000245,29,131,-102
123000249,390,465,-75
123000252,146,73,73
123000253,169,112,57
123000254,202,873,-671
123000255,323,310,13
123000256,33,221,-188
123000257,2449,1927,522
123000258,575,1053,-478
123000259,109,290,-181
123000260,94,521,-427
123000261,25,294,-269
123000262,52,246,-194
123000263,137,75,62
123000264,111,30,81
123000265,30,142,-112
123000266,187,490,-303
123000267,101,102,-1
123000268,8,51,-43
123000269,13,15,-2
123000270,8,21,-13
123000271,19,45,-26
123000272,301,43,258
123000273,43,195,-152
123000274,199,123,76
123000275,120,868,-748
123000278,2472,1746,726
123000279,16,55,-39
123000280,75,265,-190
123000281,90,78,12
123000282,66,215,-149
123000283,23,31,-8
123000284,15,124,-109
123000286,183,148,35
123000287,461,220,241
123000288,130,160,-30
123000289,153,221,-68
123000291,225,735,-510
123000294,112,233,-121
123000295,325,568,-243
123000296,77,194,-117
123000297,110,686,-576
123000298,97,813,-716
123000299,15,107,-92
123000300,312,260,52
123000301,31,90,-59
123000302,45,168,-123
123000303,26,72,-46
123000305,712,708,4
123000306,10,303,-293
123000309,23,64,-41
123000310,34,15,19
123000311,0,151,-151
123000312,564,764,-200
123000313,40,154,-114
123000315,31,287,-256
123000316,506,2,504
123000317,47,28,19
123000318,10,227,-217
123000329,58,34,24
123000337,25,212,-187
123000338,227,19,208
123000339,26,428,-402
123000340,54,267,-213
123000342,0,6,-6
123000343,0,0,0
123000344,508,264,244
123000345,136,441,-305
123000346,34,11,23
123000352,1929,598,1331
123000353,18,93,-75
123000354,38,0,38
123000355,3,299,-296
123000356,24,3,21
123000357,0,246,-246
123000359,1,230,-229
123000360,0,0,0
123000361,432,170,262
123000362,25,122,-97
123000363,13,234,-221
123000364,248,130,118
123000365,18,150,-132
123000366,139,515,-376
123000367,154,843,-689
123000370,7,311,-304
123000371,27,1,26
123000372,22,1,21
123000373,2,329,-327
123000374,3,198,-195
123000375,60,3,57
123000376,256,324,-68
123000377,45,1,44
123000378,1,428,-427
123000379,1,202,-201
123000380,24,120,-96
123000381,22,5,17
123000382,212,7,205
123000383,154,456,-302
123000384,107,19,88
123000385,300,497,-197
123000436,38,621,-583
123000507,131,139,-8
123000508,52,154,-102
123000517,215,16,199
123000518,24,226,-202
123000519,114,59,55
123000520,61,202,-141
123000521,131,66,65
123000522,171,494,-323
123000541,0,0,0
123000542,0,27,-27
123000565,194,18,176
123000566,37,943,-906
123000567,66,245,-179
123000573,37,1205,-1168
123000574,119,20,99
123000575,443,1220,-777
123000576,155,2132,-1977
123000577,74,413,-339
123000578,288,50,238
123000579,3013,1130,1883
123000580,75,9,66
123000582,32,5,27
123000583,17,524,-507
123000584,30,119,-89
123000585,0,95,-95
123000586,0,0,0
123000596,59,96,-37
123000597,45,47,-2
123000602,0,0,0
123000603,59,603,-544
123000604,173,1043,-870
123000605,203,64,139
123000606,0,430,-430
123000609,6,375,-369
123000610,26,36,-10
123000613,98,147,-49
123000614,42,9,33
123000615,46,224,-178
123000616,67,11,56
123000617,49,1088,-1039
123000618,51,740,-689
123000619,86,6,80
123000620,23,660,-637
123000622,95,6,89
123000624,36,9,27
123000630,154,227,-73
123000631,86,1698,-1612
123000632,809,1038,-229
123000633,0,92,-92
123000634,9,2,7
123000635,206,91,115
123000636,18,573,-555
123000637,44,103,-59
123000638,109,78,31
123000639,272,473,-201
123000640,2,1006,-1004
123000648,28,15,13
123000649,27,485,-458
123900001,1315,58,1257
123900002,19,537,-518
123900003,164,424,-260
123900005,39,28,11
123900006,15,10,5
124000001,526,23,503
124000002,80,1179,-1099
124000003,94,47,47
124000004,35,711,-676
124000005,132,53,79
124000006,156,1473,-1317
124000007,123,13,110
124000008,7,285,-278
124000009,49,78,-29
124000010,44,503,-459
124000011,84,82,2
124000012,110,933,-823
124000017,0,0,0
124000018,88,104,-16
124000019,0,0,0
124000020,22,225,-203
124000021,0,0,0
124000022,44,233,-189
124000023,820,799,21
124000024,779,582,197
124000025,651,662,-11
124000026,1000,964,36
124000027,3646,1415,2231
124000028,2612,2778,-166
124000030,2667,795,1872
124000031,189,144,45
124000032,4598,751,3847
124000033,156,59,97
124000034,1916,511,1405
124000035,38,15,23
124000036,36,356,-320
124000037,85,83,2
124000038,11,49,-38
124000039,452,96,356
124000040,281,280,1
124000041,83,40,43
124000042,25,293,-268
124000043,12,35,-23
124000044,22,255,-233
124000045,158,241,-83
124000046,101,715,-614
124000047,267,339,-72
124000048,201,1930,-1729
124000049,378,246,132
124000050,222,2261,-2039
124000051,118,212,-94
124000052,158,1391,-1233
124000053,159,347,-188
124000054,371,729,-358
124000055,493,439,54
124000056,3079,1165,1914
124000057,261,165,96
124000058,205,1219,-1014
124000059,146,259,-113
124000060,526,765,-239
124000061,566,1201,-635
124000062,5883,1268,4615
124000063,1009,1171,-162
124000064,1751,1559,192
124000065,41,111,-70
124000066,112,39,73
124000067,12,107,-95
124000068,9,70,-61
124000069,81,83,-2
124000070,55,575,-520
124000071,20,30,-10
124000072,73,527,-454
124000073,201,35,166
124000074,98,931,-833
124000075,0,0,0
124000076,8,253,-245
124000077,794,419,375
124000078,1074,96,978
124000079,400,559,-159
124000080,35,40,-5
124000081,47,819,-772
124000082,1,22,-21
124000083,12,148,-136
124000084,12,35,-23
124000085,29,50,-21
124000086,20,49,-29
124000087,31,13,18
124000088,65,143,-78
124000089,146,198,-52
124000090,38,425,-387
124000091,90,73,17
124000092,62,696,-634
124000093,66,16,50
124000094,29,257,-228
124000095,35,34,1
124000096,35,267,-232
124000097,41,52,-11
124000098,33,113,-80
124000099,16,24,-8
124000100,33,121,-88
124000101,23,87,-64
124000102,62,85,-23
124000103,30,51,-21
124000104,28,78,-50
124000105,16,32,-16
124000106,68,113,-45
124000107,4,50,-46
124000108,24,40,-16
124000109,34,32,2
124000110,54,127,-73
124000111,62,147,-85
124000112,280,614,-334
124000113,23,40,-17
124000114,113,572,-459
124000115,227,721,-494
124000116,35,62,-27
124000117,57,46,11
124000118,33,36,-3
124000119,367,496,-129
124000120,80,310,-230
124000121,801,205,596
124000122,526,715,-189
124000123,353,190,163
124000124,217,674,-457
124000125,200,192,8
124000126,223,446,-223
124000127,218,169,49
124000128,233,948,-715
124000129,972,767,205
124000130,595,459,136
124000131,456,292,164
124000132,573,630,-57
124000133,196,345,-149
124000134,377,639,-262
124000135,869,689,180
124000136,792,834,-42
124000137,651,298,353
124000138,1038,685,353
124000139,154,7,147
124000140,28,287,-259
124000141,3,4,-1
124000142,1,65,-64
124000143,10,6,4
124000144,9,39,-30
124000145,16,12,4
124000146,9,132,-123
124000148,16,7,9
124000149,263,93,170
124000150,176,386,-210
124000151,227,97,130
124000152,382,919,-537
124000153,160,134,26
124000154,226,641,-415
124000155,457,251,206
124000156,917,712,205
124000169,45,84,-39
124000170,466,281,185
124000171,58,59,-1
124000172,139,507,-368
124000173,47,157,-110
124000174,95,641,-546
124000175,2,112,-110
124000176,0,0,0
124000177,24,50,-26
124000178,0,0,0
124000190,77,14,63
124000191,176,22,154
124000192,172,25,147
124000193,166,1121,-955
124000194,216,548,-332
124000195,67,269,-202
124000196,397,963,-566
124000197,31,39,-8
124000198,9,16,-7
124000201,55,754,-699
124000202,4,74,-70
124000203,43,935,-892
124000204,12,413,-401
124000205,32,619,-587
124000206,28,364,-336
124000207,0,73,-73
124000209,94,545,-451
124000210,52,180,-128
124000211,22,1,21
124000212,6,608,-602
124000213,25,309,-284
124000214,42,631,-589
124000215,0,0,0
124000216,1,435,-434
124000329,32,2086,-2054
124000338,26,1148,-1122
124000339,80,16,64
124000341,144,16,128
124000344,3,5,-2
124000357,351,420,-69
124000358,598,418,180
124000359,289,158,131
124000360,129,98,31
124000361,372,238,134
124000362,994,1690,-696
124000363,179,607,-428
124000364,356,1116,-760
124000365,540,1167,-627
124000366,1790,1041,749
124000367,85,489,-404
124000368,54,28,26
124000369,34,35,-1
124000370,56,486,-430
124000402,9,4,5
124000403,14,3,11
124000404,4,131,-127
124000405,603,343,260
124000406,630,824,-194
124000407,2,29,-27
124000411,3,385,-382
124000412,30,10,20
124000413,30,56,-26
124000414,33,111,-78
124000415,29,172,-143
124000416,35,259,-224
124000417,27,63,-36
124000418,17,128,-111
124000419,26,176,-150
124000420,14,60,-46
124000421,12,287,-275
124000422,13,4,9
124000423,44,29,15
124000424,0,111,-111
124000425,12,0,12
124000426,4,71,-67
124000427,11,17,-6
124000428,9,30,-21
124000429,11,95,-84
124000430,224,567,-343
124000431,103,632,-529
124000432,70,720,-650
124000439,2,2,0
124000443,2,10,-8
124000445,190,85,105
124000446,1897,48,1849
124900001,87,110,-23
124900002,35,383,-348
124900003,147,264,-117
124900004,86,202,-116
124900005,75,208,-133
124900006,95,179,-84
124900008,498,238,260
124900009,18,34,-16
124900010,22,9,13
124900011,72,33,39
124900012,78,15,63
124900013,76,32,44
124900014,14,26,-12
124900015,23,30,-7
124900016,3,4,-1
124900017,122,67,55
124900018,5,0,5
124900020,6,5,1
124900021,32,6,26
124900022,10,0,10
124900024,10,0,10
124900026,1,10,-9
124900027,19,68,-49
124900028,463,101,362
124900029,7,102,-95
124900030,0,93,-93
124900031,12,339,-327
124900032,153,79,74
124900033,36,311,-275
124900034,2,81,-79
124900035,64,277,-213
124900036,1,29,-28
124900037,48,226,-178
124900038,277,293,-16
124900039,0,17,-17
124900040,28,59,-31
124900041,113,1106,-993
124900042,11,5,6
124900043,203,915,-712
124900044,8,4,4
124900045,420,503,-83
124900046,1283,166,1117
124900047,82,201,-119
124900048,58,92,-34
124900050,59,167,-108
124900052,33,322,-289
124900053,15,351,-336
124900054,2556,210,2346
124900055,0,85,-85
124900057,3,60,-57
124900060,37,147,-110
124900061,3,0,3
124900062,6,1,5
124900066,2,19,-17
124900067,4,119,-115
124900068,114,94,20
124900070,0,1,-1
124900072,7,14,-7
124900075,25,126,-101
124900076,11,119,-108
124900077,16,70,-54
124900078,24,9,15
124900079,377,23,354
124900080,63,651,-588
124900081,201,108,93
124900082,132,928,-796
124900083,67,474,-407
124900084,1729,40,1689
124900085,1027,109,918
124900086,20,201,-181
124900087,209,27,182
124900088,539,79,460
124900089,861,11,850
124900090,22,61,-39
124900091,79,479,-400
124900092,73,354,-281
124900093,32,43,-11
124900094,35,74,-39
124900095,22,110,-88
124900096,149,29,120
124900097,66,26,40
124900098,50,205,-155
124900099,228,173,55
124900100,21,5,16
124900101,1,22,-21
124900102,6,0,6
124900103,23,182,-159
124900104,9,183,-174
124900105,15,117,-102
124900106,45,4,41
124900107,10,9,1
124900108,50,9,41
124900111,0,28,-28
124900112,35,656,-621
124900113,1,44,-43
124900114,8,18,-10
124900115,0,0,0
124900116,29,43,-14
124900117,439,67,372
124900118,22,12,10
124900119,104,28,76
124900120,12,317,-305
124900121,47,38,9
124900122,535,146,389
124900123,192,18,174
124900124,77,94,-17
204000001,3,4,-1
204000002,0,4,-4
204000003,0,0,0
204000004,0,0,0
204000005,119,99,20
204000006,281,192,89
204000011,23,60,-37
204000012,8,210,-202
204000019,213,327,-114
204000020,257,465,-208
204000021,1209,518,691
204000022,157,284,-127
204000023,262,1144,-882
204000031,10,11,-1
204000032,132,22,110
204000034,36,448,-412
204000035,0,6,-6
204000036,7,19,-12
204000037,0,22,-22
204000038,0,33,-33
204000039,1,72,-71
204000040,4,42,-38
204000041,15,78,-63
204000042,5,2,3
204000043,1,2,-1
204000044,0,1,-1
204000045,3,1,2
204000046,0,0,0
204000057,6,128,-122
204000062,17,243,-226
204000068,34,149,-115
204000069,21,142,-121
204000070,21,51,-30
204000080,36,52,-16
204000085,642,1243,-601
204000086,2253,1483,770
204000087,52,19,33
204000088,10,81,-71
204000090,29,568,-539
204000093,30,0,30
204000096,255,173,82
204000097,15,1,14
204000099,333,376,-43
204000100,221,286,-65
204000105,847,1218,-371
204000110,707,1165,-458
204000111,265,808,-543
204000112,328,897,-569
204000113,272,732,-460
204000114,241,177,64
204000115,92,172,-80
204000116,344,294,50
204000119,384,369,15
204000132,178,110,68
204000133,269,70,199
204000134,244,34,210
204000135,217,41,176
204000136,42,77,-35
204000138,131,280,-149
204000140,83,67,16
204000141,81,35,46
204000144,1,4,-3
204000145,117,2,115
204000146,98,453,-355
204000147,15,117,-102
204000148,161,3,158
204000154,0,0,0
204000155,1,9,-8
204000177,17,20,-3
204000179,0,0,0
204000180,0,61,-61
204000222,2,17,-15
204000235,22,28,-6
204000236,38,320,-282
204000238,3,1,2
204000240,85,42,43
204000263,316,1062,-746
204000268,418,189,229
204000308,9,1,8
204000317,21,47,-26
204000322,12,16,-4
204000323,1,0,1
204000328,34,4,30
204000329,60,102,-42
204000330,9,0,9
204000331,62,187,-125
204010341,14,210,-196
205000001,970,1018,-48
205000013,1,114,-113
205000014,23,157,-134
205000015,23,300,-277
205000016,14,213,-199
205000017,36,125,-89
205000022,235,528,-293
205000025,1791,812,979
205000029,74,7,67
205000045,26,162,-136
205000046,29,351,-322
205000047,53,415,-362
205000048,81,679,-598
205000049,81,521,-440
205000050,998,225,773
205000059,0,311,-311
205000060,0,44,-44
205000061,2,20,-18
205000062,0,38,-38
205000063,6,42,-36
205000064,14,132,-118
205000065,43,696,-653
205000066,44,918,-874
205000067,38,1170,-1132
205000069,285,44,241
205000082,19,17,2
205000110,29,180,-151
205000111,98,175,-77
205000112,7,11,-4
205000113,288,150,138
205000121,3,0,3
205000123,99,197,-98
205000126,0,0,0
205000127,0,0,0
205000128,0,0,0
205000129,0,0,0
205000130,0,0,0
205000131,0,0,0
205000132,0,0,0
205000133,0,0,0
205000134,0,0,0
205000137,141,127,14
205000138,249,242,7
205000139,12,79,-67
205000144,7,2,5
205000145,48,7,41
205000151,0,0,0
205000152,0,0,0
205000153,0,0,0
205000154,0,0,0
205000155,0,0,0
205000207,101,148,-47
205000233,0,1,-1
205000234,0,0,0
205000243,0,0,0
205000244,0,4,-4
205000245,17,386,-369
205000249,0,27,-27
205000250,0,1,-1
205000264,10,94,-84
206000027,0,0,0
206000028,0,0,0
206000043,15,249,-234
206000053,15,14,1
206000054,19,41,-22
206000055,12,75,-63
206000075,6,10,-4
206000076,11,22,-11
206000077,16,20,-4
206000078,11,24,-13
206000079,15,15,0
206000082,267,19,248
206000100,79,769,-690
206000103,6,37,-31
206000104,11,55,-44
206000105,14,34,-20
206000106,21,59,-38
206000108,439,48,391
206000125,9,0,9
206000157,326,954,-628
206000170,7,414,-407
206000171,8,404,-396
206000172,10,1506,-1496
206000173,2,462,-460
206000174,21,322,-301
206000175,5,398,-393
206000176,16,683,-667
206000177,3,434,-431
206000178,4,318,-314
206000179,8,178,-170
206000180,71,372,-301
206000181,18,488,-470
206000182,63,506,-443
206000183,68,1374,-1306
206000184,16,815,-799
206000185,11,625,-614
206000186,177,2510,-2333
206000223,7,453,-446
206000226,0,0,0
206000227,0,0,0
206000237,44,634,-590
206000238,79,973,-894
206000239,1112,2944,-1832
206000240,0,65,-65
206000241,2,256,-254
206000242,25,829,-804
206000243,5,780,-775
206000244,89,1728,-1639
206000245,187,33,154
206000246,25,7,18
206000247,31,9,22
206000248,66,15,51
206000252,97,35,62
206000258,26,38,-12
206000315,28,4,24
206000317,102,30,72
206000318,49,27,22
206000319,163,64,99
206000320,18,25,-7
206000321,30,12,18
206000322,88,17,71
206000323,55,26,29
206000324,31,4,27
206000325,50,19,31
206000326,42,11,31
206000327,49,10,39
206000328,65,1,64
206000329,66,4,62
206000330,28,10,18
206000331,33,5,28
206000332,14,12,2
206000333,92,2,90
206000334,54,0,54
206000335,0,31,-31
206000361,12,342,-330
206000392,6,66,-60
206000405,71,0,71
206000441,0,0,0
206000498,13,9,4
206000515,381,55,326
206000530,16,13,3
206000531,22,29,-7
206000532,344,43,301
206000535,400,2215,-1815
206000536,30,336,-306
206000537,13,230,-217
206000613,297,18,279
207000001,94,403,-309
207000002,43,392,-349
207000003,81,304,-223
207000007,154,52,102
207000008,19,13,6
207000009,56,36,20
207000010,431,645,-214
207000012,18,13,5
207000015,464,1932,-1468
207000019,96,60,36
207000021,239,127,112
207000022,30,60,-30
207000023,33,42,-9
207000024,4,14,-10
207000025,20,49,-29
207000026,68,65,3
207000027,14,75,-61
207000028,26,302,-276
207000029,182,470,-288
207000033,191,154,37
207000034,100,27,73
207000039,5,1,4
207000040,0,3,-3
207000041,0,0,0
207000042,0,0,0
207000043,0,0,0
207000051,59,423,-364
207000052,6,285,-279
207000053,336,882,-546
207000054,15,167,-152
207000055,38,211,-173
207000056,173,441,-268
207000057,112,322,-210
207000058,77,583,-506
207000059,22,953,-931
207000060,40,286,-246
207000061,51,88,-37
207000062,56,38,18
207000063,92,143,-51
207000064,283,153,130
207000065,147,230,-83
207000066,60,171,-111
207000067,16,107,-91
207000068,44,49,-5
207000069,544,370,174
207000082,35,389,-354
207000083,75,516,-441
207000084,26,41,-15
207000085,93,14,79
207000086,50,6,44
207000106,0,0,0
207000107,0,0,0
207000108,0,0,0
207000109,0,0,0
207000110,0,0,0
207000111,0,0,0
207000112,0,0,0
207000114,15,17,-2
207000115,16,96,-80
207000116,16,162,-146
207000117,1,128,-127
207000118,2,97,-95
207000119,10,124,-114
207000123,0,0,0
207000124,0,0,0
207000125,0,0,0
207000126,0,0,0
207000134,9,276,-267
207000135,10,340,-330
207000148,0,0,0
207000149,72,43,29
207000152,124,455,-331
207000153,981,922,59
207000154,329,104,225
207000159,44,347,-303
207000160,49,914,-865
207000238,0,58,-58
207000242,2,122,-120
207000248,37,49,-12
207000249,81,60,21
207000250,400,76,324
207000251,62,79,-17
207000252,35,81,-46
207000278,3,7,-4
207000279,17,317,-300
207000280,49,20,29
207000281,50,1285,-1235
207000282,9,2,7
207000283,55,161,-106
207000284,17,25,-8
207000285,124,17,107
207000291,14,117,-103
207000304,94,95,-1
207000306,29,428,-399
207000310,0,0,0
207000353,0,0,0
207000356,7,22,-15
207000357,0,1,-1
207000358,4,1,3
207000415,5,159,-154
207000417,0,0,0
207000418,121,134,-13
207000438,0,4,-4
207000439,1402,274,1128
207000446,0,0,0
207000460,3,14,-11
207000466,117,194,-77
207000467,2,4,-2
207000468,34,676,-642
207000476,4,49,-45
207000477,73,63,10
207000478,1,8,-7
207000523,0,6,-6
207000524,0,0,0
207000527,70,116,-46
207000530,0,0,0
207000531,0,0,0
207000532,0,0,0
207000534,0,0,0
207000535,81,158,-77
207000537,31,87,-56
207000540,10,172,-162
207000541,1,312,-311
207000548,2,287,-285
207000549,0,0,0
207000561,0,0,0
207000562,27,136,-109
207000567,150,245,-95
207000568,25,128,-103
207000569,70,1258,-1188
207000584,393,104,289
207000585,0,0,0
207000616,3,322,-319
207000617,8,0,8
207900008,53,313,-260
208000001,132,201,-69
208000002,105,153,-48
208000003,253,211,42
208000004,341,184,157
208000005,3,22,-19
208000019,78,259,-181
208000020,16,107,-91
208000021,52,431,-379
208000022,296,579,-283
208000028,960,810,150
208000033,170,522,-352
208000034,632,1007,-375
208000037,0,0,0
208000040,21,72,-51
208000041,111,218,-107
208000042,83,193,-110
208000047,41,232,-191
208000064,950,246,704
208000066,294,131,163
208000070,62,280,-218
208000071,87,400,-313
208000072,111,451,-340
208000080,81,83,-2
208000081,29,97,-68
208000082,77,222,-145
208000083,75,286,-211
208000084,0,5,-5
208000085,493,509,-16
208000086,212,764,-552
208000087,74,524,-450
208000089,333,460,-127
208000090,280,982,-702
208000093,14,79,-65
208000094,168,448,-280
208000095,590,324,266
208000104,277,291,-14
208000105,181,301,-120
208000114,0,0,0
208000115,115,296,-181
208000116,57,476,-419
208000117,5,85,-80
208000118,14,90,-76
208000155,183,735,-552
208000158,1392,1536,-144
208000186,1101,284,817
208000204,161,678,-517
208000205,426,1066,-640
208000282,3192,780,2412
209000004,42,80,-38
209000005,10,16,-6
209000006,104,70,34
209000007,112,139,-27
209000010,227,129,98
209000011,57,177,-120
209000012,76,268,-192
209000013,113,897,-784
209000014,489,2001,-1512
209000025,96,30,66
209000026,291,78,213
209000027,193,1284,-1091
209000028,190,1623,-1433
209000029,321,1468,-1147
209000030,223,2062,-1839
209000031,4363,2669,1694
209000034,148,246,-98
209000035,91,193,-102
209000036,55,132,-77
209000037,103,240,-137
209000038,79,162,-83
209000039,43,138,-95
209000040,250,573,-323
209000041,209,411,-202
209000042,206,474,-268
209000043,378,518,-140
209000044,314,418,-104
209000045,157,227,-70
209000046,71,274,-203
209000047,27,126,-99
209000048,30,148,-118
209000049,69,186,-117
209000050,150,318,-168
209000051,111,451,-340
209000052,47,400,-353
209000062,19,180,-161
209000063,7,120,-113
209000064,4,186,-182
209000065,12,49,-37
209000066,11,61,-50
209000067,31,58,-27
209000080,5,171,-166
209000082,39,30,9
209000091,23,72,-49
209000093,48,40,8
209000094,142,104,38
209000110,29,44,-15
209000111,223,507,-284
209000112,169,207,-38
209000113,296,221,75
209000114,143,130,13
209000115,38,191,-153
209000116,933,633,300
209000118,4,42,-38
209000119,14,10,4
209000121,99,708,-609
209000135,76,75,1
209000142,743,388,355
209000143,13,66,-53
209000144,9,31,-22
209000229,27,108,-81
209000240,29,442,-413
209000259,119,176,-57
209000260,32,859,-827
209000261,2,514,-512
209000262,1,498,-497
209000263,0,89,-89
209000264,0,28,-28
209000265,0,0,0
209000266,0,0,0
209000267,0,0,0
209000268,0,0,0
210000037,23,11,12
210000047,3,5,-2
210000048,6,8,-2
210000049,8,8,0
210000052,8,177,-169
210000053,8,94,-86
210000054,43,61,-18
210000070,0,0,0
210000071,0,0,0
210000072,0,0,0
210000073,2,22,-20
210000074,0,64,-64
210000075,0,42,-42
210000076,3,163,-160
210000077,8,22,-14
210000078,18,19,-1
210000079,3,2,1
210000080,8,7,1
210000081,5,0,5
210000082,6,1,5
210000083,17,0,17
210000084,5,0,5
210000085,1,55,-54
210000086,2,109,-107
210000099,26,189,-163
210000100,44,201,-157
210000101,59,198,-139
210000105,53,136,-83
210000159,0,71,-71
210000163,199,191,8
210000164,159,45,114
210000168,77,6,71
210000187,0,5,-5
210000188,0,19,-19
210000214,1,1,0
210000219,2,20,-18
210000220,20,20,0
210000232,1,17,-16
210000233,3,27,-24
210000234,30,106,-76
210000235,30,121,-91
210000245,1,25,-24
210000246,4,1,3
210000258,9,122,-113
210000259,40,0,40
210000282,30,130,-100
210000285,0,83,-83
210000286,9,126,-117
210000290,0,2,-2
210000295,14,90,-76
210000296,23,57,-34
210000320,33,31,2
210000321,11,25,-14
210000338,36,133,-97
210000339,596,510,86
210000340,70,158,-88
210000341,57,159,-102
210000342,70,132,-62
210000343,48,179,-131
210000344,72,68,4
210000345,117,74,43
210000346,9,36,-27
210000347,3,17,-14
210000348,25,7,18
210000349,8,15,-7
210000350,40,52,-12
210000351,41,91,-50
210000352,15,70,-55
210000353,15,109,-94
210000354,27,120,-93
210000355,9,72,-63
210000356,7,43,-36
210000357,16,12,4
210000358,220,69,151
210000359,28,29,-1
210000360,90,37,53
210000361,36,53,-17
210000362,53,69,-16
210000363,336,29,307
210000364,34,19,15
210000365,11,6,5
210000366,34,8,26
210000367,17,1,16
210000368,23,4,19
210000369,3,7,-4
210000370,14,25,-11
210000372,13,18,-5
210000373,4,3,1
210000374,12,1,11
210000375,15,83,-68
210000376,19,128,-109
210000404,103,109,-6
210000439,4,10,-6
210000472,32,2,30
210000482,37,28,9
210000564,233,33,200
210000567,0,2,-2
210000568,114,0,114
211000092,12,48,-36
211000094,2,5,-3
211000169,73,2,71
211000172,8,143,-135
211000209,0,3,-3
211000226,6,7,-1
211000270,2,8,-6
211000275,11,15,-4
211000276,41,20,21
211000279,3,38,-35
211000281,5,34,-29
211507980,0,10,-10
211977296,0,3,-3
212000003,29,30,-1
212000004,9,16,-7
212000005,7,22,-15
212000006,10,72,-62
212000008,78,310,-232
212000009,9,171,-162
212000012,21,57,-36
212000013,6,37,-31
212000014,155,197,-42
212000015,103,230,-127
212000016,301,505,-204
212000027,217,248,-31
212000028,105,127,-22
212000029,63,78,-15
212000030,15,23,-8
212000031,31,55,-24
212000048,6,62,-56
212000049,4,43,-39
212000050,6,17,-11
212000051,106,179,-73
212000052,92,360,-268
212000053,207,583,-376
212000054,36,90,-54
212000055,65,158,-93
212000056,2,10,-8
212000057,0,5,-5
212000058,64,9,55
212000070,57,297,-240
212000077,86,636,-550
212000099,73,116,-43
212000108,70,119,-49
212000111,43,83,-40
212000120,83,153,-70
212000138,32,11,21
212000156,5,98,-93
212000158,1,6,-5
212000159,98,60,38
212000160,155,127,28
212000161,4,4,0
212000310,9,26,-17
212000311,1,9,-8
212000374,6,21,-15
213000001,23,559,-536
213000005,95,25,70
213000006,357,28,329
213000007,6,1,5
213000009,69,33,36
213000010,28,24,4
213000011,32,21,11
213000012,81,266,-185
213000014,5,1,4
213000015,22,1,21
213000016,18,0,18
213000017,1,1,0
213000018,1,206,-205
213000019,1,139,-138
213000020,65,273,-208
213000021,4,69,-65
213000023,0,0,0
213000033,130,401,-271
213000034,104,97,7
213000035,26,24,2
213000045,65,229,-164
213000046,78,125,-47
213000047,400,393,7
213000056,3,0,3
213000069,8,0,8
213000073,0,12,-12
213000074,101,460,-359
213000075,19,0,19
213000076,0,0,0
213000085,0,26,-26
213000086,18,182,-164
213000091,0,0,0
213000092,0,0,0
213000099,90,538,-448
213000100,212,7,205
213000101,4,131,-127
213000102,8,390,-382
213000103,107,538,-431
213000104,29,433,-404
213000105,1,43,-42
213000106,5,229,-224
213000107,42,778,-736
213000108,16,587,-571
213000109,2,201,-199
213000110,0,54,-54
213000111,1,53,-52
213000112,95,141,-46
213000115,0,0,0
213000116,42,492,-450
213000117,4,717,-713
213000118,99,227,-128
213000119,50,684,-634
213000120,39,774,-735
213000122,139,727,-588
213000123,654,1017,-363
213000124,52,1338,-1286
213000125,0,0,0
213000126,49,72,-23
213000127,129,99,30
213000128,724,357,367
213000129,0,0,0
213000130,14,6,8
213000132,7,3,4
213000133,5,0,5
213000134,30,9,21
213000136,84,11,73
213000137,114,16,98
213000139,41,4,37
213000147,4,0,4
213000148,0,4,-4
213000149,1,1,0
213000150,3,54,-51
213000151,1,63,-62
213000152,0,98,-98
213000153,1,40,-39
213000154,13,256,-243
213000155,23,346,-323
213000156,26,501,-475
213000157,604,503,101
213000158,122,517,-395
213000159,119,193,-74
213000163,39,7,32
213000165,110,8,102
213000171,1,126,-125
213000172,1,370,-369
213000173,5,319,-314
213000174,1,289,-288
213000175,3,133,-130
213000176,0,0,0
213000177,0,0,0
213000178,0,0,0
213000179,0,0,0
213000180,0,0,0
213000184,54,377,-323
213000188,56,29,27
213000189,45,8,37
213000190,208,447,-239
213000191,42,425,-383
213000192,44,521,-477
213000193,1545,153,1392
213000194,0,15,-15
213000195,16,423,-407
213000196,81,633,-552
213000197,62,30,32
213000198,0,0,0
213000200,61,1048,-987
213000201,121,54,67
213000202,4,635,-631
213000203,926,82,844
213000204,109,6,103
213000205,30,4,26
213000206,32,3,29
213000207,9,1,8
213000208,2,0,2
213000209,2,0,2
213000210,10,0,10
213000211,0,1,-1
213000212,1,15,-14
213000213,1,28,-27
213000218,64,801,-737
213000219,0,0,0
213000220,0,0,0
213000223,109,28,81
213000224,4,8,-4
213000225,13,2,11
213000226,8,1,7
213000227,84,44,40
213000228,34,11,23
213000229,69,5,64
213000230,35,1,34
213000232,16,264,-248
213000233,2,30,-28
213000234,1,29,-28
213000293,1,28,-27
213000294,5,1,4
213000295,2,45,-43
213000296,19,4,15
213000297,8,64,-56
213000298,7,54,-47
213000299,24,7,17
213000300,1,1,0
213000303,4,14,-10
213000304,0,2,-2
213000305,1,2,-1
213000306,24,17,7
213000307,15,34,-19
213000308,41,173,-132
213000309,46,10,36
213000310,81,4,77
213000311,187,564,-377
213000315,35,89,-54
213000316,17,20,-3
213000322,21,110,-89
213000323,13,61,-48
213000324,7,70,-63
213000325,9,69,-60
213000326,20,35,-15
213000327,2,64,-62
213000328,2,78,-76
213000329,22,32,-10
213000340,54,920,-866
213000341,8,2,6
213000346,33,11,22
213000347,280,33,247
213000348,0,124,-124
213000349,5,10,-5
213000350,133,1402,-1269
213000366,17,234,-217
213000367,30,4,26
213000379,25,92,-67
213000386,4,161,-157
213000406,50,292,-242
213000417,245,117,128
213000425,42,30,12
213000426,43,61,-18
213000427,8,447,-439
213000428,5,213,-208
213000429,7,0,7
213000430,14,735,-721
213000431,40,1,39
213000432,0,4,-4
213000433,2,124,-122
213000434,33,38,-5
213000435,40,28,12
213000436,2,42,-40
213000437,1,35,-34
213000438,14,61,-47
213000439,13,4,9
213000440,1,109,-108
213000441,0,0,0
213000442,0,37,-37
213000443,125,123,2
213000444,8,60,-52
213000445,0,76,-76
213000446,0,8,-8
213000447,2,8,-6
213000448,0,15,-15
213000449,31,0,31
213000450,0,19,-19
213000451,19,22,-3
213000452,0,8,-8
213000453,15,193,-178
213000455,18,1,17
213000456,1,51,-50
213000481,2,1,1
213000482,22,0,22
213000489,236,4,232
213000491,0,35,-35
213000492,4,2,2
213000493,0,14,-14
213000494,16,5,11
213000495,0,135,-135
213000496,8,1,7
213000497,15,340,-325
213000498,46,260,-214
213000499,67,739,-672
213000500,24,3,21
213000501,3,2,1
213000502,16,5,11
213000503,0,52,-52
213000504,7,151,-144
213000505,0,6,-6
213000506,0,14,-14
213000507,2,160,-158
213900016,0,13,-13
213900244,0,0,0
213900245,0,36,-36
218000003,13,19,-6
218000004,17,17,0
218000005,4,7,-3
218000006,4,39,-35
218000007,7,8,-1
218000012,223,84,139
218000013,53,116,-63
218000014,427,229,198
218000019,682,314,368
218000020,287,326,-39
218000021,25,135,-110
218000022,9,108,-99
218000023,0,75,-75
218000024,0,32,-32
218000025,5,87,-82
218000026,19,122,-103
218000027,0,40,-40
218000028,0,13,-13
218000029,2,12,-10
218000030,28,69,-41
218000031,1,101,-100
218000032,0,72,-72
218000040,4,6,-2
218000046,25,152,-127
218000047,4,211,-207
218000048,25,204,-179
218000049,65,149,-84
218000050,213,352,-139
218000051,39,399,-360
218000052,1,61,-60
218000053,1,10,-9
218000054,7,16,-9
218000055,0,17,-17
218000056,8,23,-15
218000057,0,25,-25
218000064,1,1,0
218000065,49,40,9
218000066,12,37,-25
218000067,9,78,-69
218000068,26,88,-62
218000069,62,234,-172
218000070,110,288,-178
218000071,97,224,-127
218000072,386,263,123
218000078,353,1474,-1121
218000079,51,58,-7
218000080,55,61,-6
218000081,141,160,-19
218000082,11,98,-87
218000083,13,89,-76
218000084,57,281,-224
218000085,137,570,-433
218000086,39,219,-180
218000087,139,319,-180
218000090,5,48,-43
218000091,373,196,177
218000092,36,130,-94
218000093,56,145,-89
218000094,347,748,-401
218000099,327,332,-5
218000100,147,254,-107
218000101,134,144,-10
218000102,135,286,-151
218000103,28,187,-159
218000104,28,45,-17
218000105,10,6,4
218000106,3,5,-2
218000107,17,110,-93
218000108,1,55,-54
218000112,21,15,6
218000117,20,77,-57
218000134,318,871,-553
218000135,16,93,-77
218000136,89,60,29
218000137,49,216,-167
218000138,2,77,-75
218000139,29,319,-290
218000140,52,140,-88
218000141,21,28,-7
218000142,53,117,-64
218000143,10,158,-148
218000144,6,54,-48
218000145,117,367,-250
218000146,36,90,-54
218000151,4,16,-12
218000152,43,89,-46
218000153,1,11,-10
218000154,1,8,-7
218000155,6,2,4
218000156,61,48,13
218000157,10,23,-13
218000158,0,9,-9
218000159,2,14,-12
218000160,3,9,-6
218000161,29,20,9
218000162,38,19,19
218000163,9,4,5
218000164,36,21,15
218000165,71,47,24
218000170,2,39,-37
218000171,33,6,27
218000172,2,10,-8
218000173,43,21,22
218000174,4,7,-3
218000176,87,14,73
218000177,363,70,293
218000178,114,53,61
218000179,97,39,58
218000180,87,10,77
218000181,132,11,121
218000187,5,12,-7
218000188,6,27,-21
218000189,2,37,-35
218000190,2,28,-26
218000191,28,78,-50
218000192,40,592,-552
218000193,273,573,-300
218000194,34,542,-508
218000195,85,88,-3
218000196,144,223,-79
218000197,118,272,-154
218000198,3,98,-95
218000199,24,31,-7
218000200,16,24,-8
218000201,6,26,-20
218000202,134,161,-27
218000207,7,82,-75
218000208,23,46,-23
218000211,10,24,-14
218000212,0,9,-9
218000213,81,47,34
218000214,4,17,-13
218000215,53,151,-98
218000217,5,117,-112
218000218,362,82,280
218000219,19,12,7
218000220,36,223,-187
218000221,116,82,34
218000222,14,10,4
218000223,41,225,-184
218000224,1,112,-111
218000225,194,39,155
218000226,59,93,-34
218000230,0,0,0
218000232,17,63,-46
218000239,0,0,0
218000240,0,0,0
218000241,0,0,0
218000242,0,0,0
218000243,0,0,0
218000244,0,0,0
218000245,0,0,0
218000246,0,0,0
218000247,0,0,0
218000248,0,34,-34
218000249,0,1,-1
218000250,0,14,-14
218000251,1,11,-10
218000252,0,17,-17
218000253,0,5,-5
218000254,0,5,-5
218000255,1,2,-1
218000256,1,45,-44
218000267,811,854,-43
218000268,2,39,-37
218000269,1,8,-7
218000270,26,131,-105
218000271,22,61,-39
218000273,6,6,0
218000274,5,8,-3
218000275,16,21,-5
218000276,6,61,-55
218000278,15,32,-17
218000279,29,93,-64
218000280,0,29,-29
218000281,1,25,-24
218000282,128,52,76
218000284,86,13,73
218000301,21,118,-97
218000302,25,42,-17
218000303,6,40,-34
218000316,504,940,-436
218000317,447,1055,-608
218000318,239,847,-608
218000319,554,1800,-1246
218000320,422,864,-442
218000338,2,21,-19
218000345,69,45,24
218000346,3,33,-30
218000459,76,435,-359
218000490,5,30,-25
218000501,29,17,12
218000502,10,109,-99
218000503,58,12,46
218000504,90,7,83
218000505,15,157,-142
218000506,46,119,-73
218000508,0,2,-2
218000510,159,10,149
218000520,64,94,-30
218000521,2,44,-42
218000522,1,108,-107
218000523,4,1,3
218000524,36,66,-30
218000525,1,22,-21
218000526,6,61,-55
218000529,20,228,-208
218000530,4,8,-4
218000531,3,21,-18
218000532,2,25,-23
218000534,4,4,0
218000537,1,2,-1
218000538,107,145,-38
218000540,345,166,179
218000543,76,70,6
218000544,32,151,-119
218000545,19,40,-21
218000546,18,159,-141
218000547,16,86,-70
218000548,48,219,-171
218000549,211,53,158
218000550,253,790,-537
218000551,173,174,-1
218000552,146,24,122
218000553,8,62,-54
218000554,22,32,-10
218000555,10,19,-9
218000556,50,419,-369
218000557,135,68,67
218000558,0,0,0
218000559,0,4,-4
218000560,0,12,-12
218000561,0,0,0
218000562,12,123,-111
218000563,23,35,-12
218000564,7,82,-75
218000565,8,17,-9
218000566,39,3,36
218000567,0,29,-29
218000568,2,0,2
218000569,4,47,-43
218000570,11,5,6
218000571,1,61,-60
218000572,0,0,0
218000573,2,14,-12
218000574,3,31,-28
218000575,0,0,0
218000576,0,55,-55
218000577,0,0,0
218000578,2,65,-63
218000579,48,5,43
218000581,0,94,-94
218000582,2,2,0
218000583,9,0,9
218000584,0,11,-11
218000585,3,4,-1
218000586,6,51,-45
218000587,0,1,-1
218000588,0,1,-1
218000589,0,4,-4
218000590,0,0,0
218000591,1,15,-14
218000592,0,0,0
218000593,0,0,0
218000594,2,1,1
218000595,0,0,0
218000596,0,0,0
218000597,4,0,4
218000598,0,0,0
218000599,0,0,0
218000600,0,0,0
218000601,0,0,0
218000602,0,0,0
218000603,0,0,0
218000604,1,1,0
218000605,0,12,-12
218000606,7,0,7
218000607,9,17,-8
218000608,2,0,2
218000609,0,35,-35
218000610,9,1,8
218000611,1,1,0
218000612,1,28,-27
218000613,1,2,-1
218000614,0,31,-31
218000615,18,6,12
218000616,1,156,-155
218000617,0,2,-2
218000618,0,18,-18
218000619,6,5,1
218000620,4,12,-8
218000621,2,0,2
218000622,0,2,-2
218000623,0,0,0
218000624,0,2,-2
218000625,0,1,-1
218000626,0,2,-2
218000628,15,14,1
218000631,0,6,-6
218000632,2,23,-21
218000633,0,0,0
218000634,2,16,-14
218000635,2,6,-4
218000636,479,1525,-1046
218000637,370,489,-119
218000638,14,45,-31
218000639,11,309,-298
218000640,18,11,7
218000641,14,425,-411
218000652,92,189,-97
218000653,128,105,23
218000663,0,75,-75
218000675,9,14,-5
218000676,0,58,-58
218000677,9,17,-8
218000680,83,461,-378
218000681,19,13,6
218000691,68,426,-358
218000693,1,2,-1
218000703,15,119,-104
218000718,134,190,-56
218000719,82,23,59
218000720,0,9,-9
218000721,0,1,-1
218000725,6,18,-12
218001147,1,96,-95
218001214,12,34,-22
218001258,6,0,6
218001329,0,0,0
218001330,128,71,57
218001351,1,0,1
218001352,4,7,-3
218001353,0,0,0
218001354,1,8,-7
218001355,6,288,-282
218001356,74,5,69
218001357,3,151,-148
218001358,37,0,37
218001361,15,4,11
218001362,3,154,-151
219000001,12,64,-52
219000002,30,82,-52
219000003,76,22,54
219000004,78,46,32
219000017,42,8,34
219000020,52,5,47
219000022,22,1,21
219000023,28,1,27
219000029,1,118,-117
219000034,3,9,-6
219000039,21,65,-44
219000040,11,14,-3
219000041,77,32,45
219000051,0,69,-69
219000052,0,36,-36
219000053,0,243,-243
219000054,14,117,-103
219000055,44,1,43
219000056,2,0,2
219000057,21,0,21
219000062,9,258,-249
219000063,13,14,-1
219000064,2,27,-25
219000110,114,12,102
219000111,74,26,48
219000112,199,29,170
219000113,51,19,32
219000114,187,4,183
219000116,57,41,16
219000117,152,82,70
219000118,55,68,-13
219000123,163,77,86
219000124,31,31,0
219000125,6,22,-16
219000126,18,66,-48
219000127,0,8,-8
219000128,20,104,-84
219000129,14,151,-137
219000130,1157,748,409
219000131,1411,829,582
219000133,24,29,-5
219000134,11,18,-7
219000135,43,61,-18
219000136,187,168,19
219000138,38,11,27
219000139,7,53,-46
219000140,11,0,11
219000141,7,155,-148
219000142,10,108,-98
219000143,13,103,-90
219000145,1,31,-30
219000146,12,82,-70
219000147,1,90,-89
219000148,1,90,-89
219000149,29,238,-209
219000150,6,151,-145
219000151,0,107,-107
219000157,113,105,8
219000158,99,247,-148
219000161,114,14,100
219000163,1337,339,998
219000166,49,200,-151
219000167,52,345,-293
219000168,128,22,106
219000174,121,53,68
219000175,44,6,38
219000176,39,1,38
219000177,4,0,4
219000178,5,0,5
219000179,14,10,4
219000180,31,28,3
219000182,8,0,8
219000183,7,57,-50
219000184,7,1,6
219000185,2,140,-138
219000186,0,49,-49
219000187,4,122,-118
219000189,115,185,-70
219000190,155,241,-86
219000191,1110,617,493
219000192,136,139,-3
219000193,543,227,316
219000195,3,34,-31
219000196,3,107,-104
219000198,9,163,-154
219000199,54,186,-132
219000200,23,223,-200
219000201,67,274,-207
219000203,4,113,-109
219000204,31,153,-122
219000205,30,253,-223
219000207,88,256,-168
219000209,31,99,-68
219000210,33,119,-86
219000213,7,309,-302
219000239,87,143,-56
219000240,79,234,-155
219000241,27,238,-211
219000242,17,223,-206
219000243,51,335,-284
219000244,10,90,-80
219000245,12,37,-25
219000246,11,8,3
219000247,19,6,13
219000248,220,46,174
219000249,32,4,28
219000250,19,9,10
219000251,171,5,166
219000252,0,0,0
219000253,0,0,0
219000255,14,34,-20
219000256,41,61,-20
219000257,0,0,0
219000262,28,317,-289
219000263,24,250,-226
219000267,1,144,-143
219000268,2,9,-7
219000269,5,2,3
219000270,9,0,9
219000271,112,2,110
219000278,0,9,-9
219000279,0,2,-2
219000283,0,6,-6
219000295,10,111,-101
219000296,50,521,-471
219000297,9,113,-104
219000298,6,235,-229
219000299,101,21,80
219000300,11,391,-380
219000301,106,282,-176
219000302,16,169,-153
219000307,7,59,-52
219000308,50,21,29
219000311,35,14,21
219000312,106,15,91
219000313,54,8,46
219000314,115,529,-414
219000315,13,6,7
219000316,73,5,68
219000317,9,0,9
219000320,0,50,-50
219000321,0,16,-16
219000323,11,80,-69
219000325,1,56,-55
219000326,70,129,-59
219000327,45,48,-3
219000328,31,37,-6
219000329,352,103,249
219000330,17,40,-23
219000331,21,37,-16
219000332,15,50,-35
219000333,10,6,4
219000335,8,0,8
219000337,0,0,0
219000338,0,0,0
219000344,24,72,-48
219000345,80,148,-68
219000346,21,172,-151
219000348,47,178,-131
219000349,15,271,-256
219000350,51,66,-15
219000351,1,1,0
219000352,158,44,114
219000353,49,47,2
219000354,53,107,-54
219000355,34,25,9
219000356,1516,317,1199
219000363,297,45,252
219000364,73,30,43
219000365,83,14,69
219000366,394,115,279
219000368,428,212,216
219000370,716,168,548
219000371,5,10,-5
219000382,5,22,-17
219000383,572,615,-43
219000385,576,454,122
219000386,1070,1043,27
219000387,0,3,-3
219000390,16,1,15
219000391,6,2,4
219000397,74,112,-38
219000398,88,29,59
219000401,4,89,-85
219000402,12,91,-79
219000403,43,98,-55
219000404,17,43,-26
219000407,1,27,-26
219000409,0,0,0
219000410,0,0,0
219000411,0,0,0
219000446,201,486,-285
219000447,2,20,-18
219000448,0,0,0
219000452,36,33,3
219000453,41,84,-43
219000454,240,119,121
219000556,30,4,26
219000558,55,312,-257
219000590,11,218,-207
219000591,9,7,2
219000592,70,403,-333
219000595,5,42,-37
219000635,9,3,6
219000636,12,129,-117
219000657,8,14,-6
219000658,8,30,-22
219000673,0,32,-32
219000676,9,1,8
219000679,16,17,-1
219000684,19,2,17
219000685,1,111,-110
219000686,1,3,-2
219000688,1,131,-130
219000689,91,132,-41
219000690,0,0,0
219000691,54,63,-9
219000692,4,19,-15
219000693,0,31,-31
219000694,0,0,0
219000695,0,0,0
219000698,0,0,0
219000699,0,11,-11
219000727,1,151,-150
219000728,84,4,80
219000770,0,0,0
219000771,0,18,-18
219000788,246,185,61
219001150,0,8,-8
219001151,0,2,-2
219001166,0,0,0
219001167,4,55,-51
219001178,40,24,16
220000001,5,26,-21
220000002,4,148,-144
220000003,237,330,-93
220000004,465,672,-207
220000005,1160,1344,-184
220000006,96,649,-553
220000007,166,907,-741
220000008,82,1082,-1000
220000009,126,517,-391
220000010,28,115,-87
220000011,395,621,-226
220000012,49,84,-35
220000014,19,73,-54
220000015,7,68,-61
220000017,17,310,-293
220000018,2956,320,2636
220000019,24,151,-127
220000020,60,186,-126
220000021,229,125,104
220000022,268,437,-169
220000023,58,119,-61
220000024,1082,245,837
220000025,665,313,352
220000026,171,91,80
220000027,8,60,-52
220000028,30,31,-1
220000029,58,134,-76
220000030,28,70,-42
220000031,92,169,-77
220000064,3,512,-509
221000046,15,4,11
221000047,0,0,0
221000048,0,0,0
221000049,0,10,-10
221000050,11,0,11
221000055,41,48,-7
221000057,32,3,29
221000068,237,68,169
221000069,129,30,99
221000070,100,8,92
221000071,45,5,40
221000072,77,14,63
221000073,56,29,27
221000074,0,10,-10
221000075,3,14,-11
221000076,5,51,-46
221000077,19,97,-78
221000081,11,5,6
221000082,27,1,26
221000083,10,1,9
221000084,0,3,-3
221000085,17,62,-45
221000086,18,176,-158
221000087,1,174,-173
221000088,22,127,-105
221000089,27,167,-140
221000090,196,331,-135
221000098,53,12,41
221000099,112,5,107
221000100,33,5,28
221000101,153,8,145
221000102,65,14,51
221000109,10,89,-79
221000110,3,189,-186
221000111,22,158,-136
221000112,3,110,-107
221000113,16,212,-196
221000114,15,176,-161
221000120,4,20,-16
221000121,0,22,-22
221000122,8,7,1
221000123,3,31,-28
221000124,3,413,-410
221000155,27,4,23
221000156,8,8,0
221000175,0,1,-1
221000176,1,0,1
221000182,22,3,19
221000241,502,126,376
221000242,304,222,82
221000243,268,65,203
221000244,132,286,-154
221000245,22,63,-41
221000246,22,182,-160
221000247,17,97,-80
221000248,19,171,-152
221000267,19,479,-460
221000325,31,47,-16
221000331,0,62,-62
221000338,0,5,-5
221000378,39,6,33
221000381,32,103,-71
222000282,0,0,0
222000296,2,10,-8
222000568,61,5,56
222000569,24,5,19
222000570,21,3,18
222000571,32,5,27
222000577,4,218,-214
222000578,3,152,-149
222000579,27,100,-73
222000580,101,616,-515
222000599,0,126,-126
222000600,1,225,-224
222000601,10,681,-671
222000603,4,10,-6
222000604,2,22,-20
222000605,4,5,-1
222000606,0,8,-8
222000607,0,5,-5
222000608,5,19,-14
222000609,22,327,-305
222000616,0,0,0
222000617,0,0,0
222000618,0,0,0
222000620,0,0,0
222000621,0,0,0
222000623,0,0,0
222000624,0,0,0
222000625,1,35,-34
222000636,15,0,15
222000686,0,0,0
222000687,0,0,0
222001066,34,0,34
222001067,4,2,2
222001068,4,11,-7
222001069,9,14,-5
222001082,2,53,-51
222001083,1,75,-74
222001084,0,76,-76
222001085,0,163,-163
222001111,4,271,-267
222001112,27,7,20
222001313,0,0,0
222001314,0,46,-46
222001464,3,5,-2
222001465,10,81,-71
222001484,0,1,-1
222001485,14,78,-64
222001494,17,17,0
222001495,52,335,-283
222001496,4,11,-7
222001497,47,524,-477
222001502,19,130,-111
222001503,0,0,0
222001504,11,230,-219
222001505,0,0,0
222001506,28,167,-139
222001507,0,0,0
222001510,0,0,0
222001511,18,405,-387
222001514,0,0,0
222001515,136,645,-509
222001518,0,0,0
222001519,25,432,-407
222001527,0,0,0
222001528,69,131,-62
222001529,0,0,0
222001530,26,218,-192
222001533,88,425,-337
222001534,0,0,0
222001535,4,20,-16
222001536,43,342,-299
222001537,0,0,0
222001538,45,442,-397
222001563,0,0,0
222001564,24,811,-787
222001568,11,59,-48
222001576,0,3,-3
222001579,0,2,-2
222001583,1,277,-276
222001584,0,0,0
222001596,249,1283,-1034
222001597,96,9,87
222001626,0,165,-165
222001650,1,25,-24
222001651,10,55,-45
222001914,0,0,0
222001915,40,168,-128
222001968,57,21,36
222001969,218,682,-464
222001970,12,101,-89
222001971,0,3,-3
222001972,0,31,-31
225000001,59,17,42
225000002,77,7,70
225000003,71,15,56
225000004,44,28,16
225000005,3,5,-2
225000006,1,103,-102
225000007,3338,687,2651
225000010,63,2,61
225000011,138,152,-14
225000012,25,71,-46
225000013,7,45,-38
225000014,34,3,31
225000015,46,158,-112
225000021,43,13,30
225000027,148,322,-174
225000032,87,13,74
225000042,32,476,-444
225000049,14,45,-31
225000050,47,9,38
225000053,3,120,-117
225000058,42,18,24
225000067,74,215,-141
225000068,55,488,-433
225000069,79,432,-353
225000070,29,455,-426
225000071,8,251,-243
225000075,13,576,-563
225000076,16,56,-40
225000078,16,5,11
225000085,0,0,0
225000086,0,0,0
225000087,0,0,0
225000088,9,83,-74
225000089,260,288,-28
225000090,4,202,-198
225000091,19,207,-188
225000092,11,57,-46
225000093,67,418,-351
225000094,10,443,-433
225000095,168,494,-326
225000096,55,381,-326
225000098,119,60,59
225000099,73,24,49
225000100,57,33,24
225000104,15,291,-276
225000110,9,384,-375
225000111,75,818,-743
225000112,108,639,-531
225000113,26,423,-397
225000114,27,205,-178
225000115,2343,320,2023
225000116,145,19,126
225000117,108,36,72
225000118,109,26,83
225000119,17,4,13
225000120,33,6,27
225000121,81,1,80
225000123,56,0,56
225000125,64,123,-59
225000126,461,57,404
225000127,549,118,431
225000128,99,87,12
225000132,91,19,72
225000133,116,13,103
225000134,232,46,186
225000135,18,8,10
225000136,45,8,37
225000137,42,35,7
225000138,189,13,176
225000143,68,135,-67
225000144,1,268,-267
225000145,0,0,0
225000146,10,133,-123
225000147,7,293,-286
225000148,1,196,-195
225000149,21,365,-344
225000151,32,262,-230
225000155,104,246,-142
225000156,48,331,-283
225000157,68,236,-168
225000158,32,418,-386
225000171,3,149,-146
225000180,17,1,16
225000181,0,33,-33
225000182,3,0,3
225000185,1,186,-185
225000187,45,326,-281
225000191,0,0,0
225000194,0,8,-8
225000208,1,32,-31
225000209,0,0,0
225000210,5,113,-108
225000217,0,9,-9
225000218,0,0,0
225000223,0,28,-28
225000224,3,0,3
225000225,1,4,-3
225000226,2,0,2
225000227,28,47,-19
225000228,2,0,2
225000229,1,66,-65
225000230,1,0,1
225000231,0,95,-95
225000232,2,0,2
225000241,1,0,1
225000242,0,43,-43
225000249,16,18,-2
225000250,33,726,-693
225000251,161,13,148
225000254,0,0,0
225000256,0,3,-3
225000257,0,2,-2
226000042,285,384,-99
226000043,18,212,-194
226000044,48,625,-577
226000045,44,497,-453
226000046,122,32,90
226000047,94,41,53
226000048,193,45,148
226000049,90,56,34
226000070,0,52,-52
226000071,0,49,-49
226000072,0,7,-7
226000073,0,3,-3
226000074,0,10,-10
226000084,0,44,-44
226000085,1,3,-2
226000086,3,27,-24
226000087,0,18,-18
226000088,50,11,39
226000090,70,10,60
226000091,5,0,5
226000092,2,0,2
226000093,4,1,3
226000094,4,2,2
226000095,0,3,-3
226000105,1,0,1
226000106,9,0,9
226000107,0,0,0
226000108,15,0,15
226000109,41,0,41
226000124,89,32,57
226000134,191,169,22
226000135,542,319,223
226000136,77,153,-76
226000137,16,359,-343
226000138,7,230,-223
226000139,0,22,-22
226000156,58,4,54
226000157,90,12,78
226000163,12,33,-21
226000202,4,330,-326
226000231,88,6,82
226000232,11,5,6
227000033,172,42,130
227000036,115,9,106
227000037,88,9,79
227000038,61,3,58
227000084,0,31,-31
227000085,0,38,-38
227000088,14,0,14
227000089,16,0,16
227000090,12,0,12
227000091,3,2,1
227000092,14,0,14
227000093,8,0,8
227000094,8,0,8
227000130,9,66,-57
227000131,11,281,-270
227000132,7,251,-244
227000133,7,265,-258
227000134,12,397,-385
227000152,0,4,-4
227000153,0,45,-45
227000154,0,23,-23
227000155,0,16,-16
227000156,0,21,-21
227000165,1,26,-25
227000196,47,325,-278
227000199,23,557,-534
227000230,10,503,-493
227000232,16,1,15
227000242,50,442,-392
227000243,367,60,307
227000245,13,325,-312
227000246,33,395,-362
227000247,137,74,63
227000248,107,25,82
227000249,13,209,-196
227000250,283,119,164
227000251,106,223,-117
227000252,5,341,-336
227000253,60,33,27
227000262,183,18,165
227000266,28,5,23
227000267,24,1925,-1901
227000282,13,250,-237
227000284,37,5,32
227000286,5,115,-110
227000287,19,218,-199
227000291,23,640,-617
227000296,126,169,-43
227000484,90,7,83
227000485,34,587,-553
227000655,26,7,19
227000656,131,5,126
227000657,6,13,-7
227000661,17,0,17
227000680,46,12,34
229000265,1,20,-19
229000296,2,4,-2
229000297,0,16,-16
229000298,3,47,-44
229000320,1,0,1
229000321,3,3,0
229000412,1,32,-31
229000414,0,33,-33
229000415,0,2,-2
229000416,0,3,-3
229000417,0,12,-12
229000419,30,166,-136
229000440,104,31,73
229000442,4,1,3
229000443,1,2,-1
229000444,0,12,-12
229000445,4,6,-2
229000446,6,2,4
229000491,2,73,-71
229000492,19,192,-173
229000493,0,179,-179
229000494,38,39,-1
229000495,116,125,-9
229000496,14,90,-76
229000507,0,38,-38
229000508,0,38,-38
229000509,1,63,-62
229000510,9,44,-35
229000511,4,89,-85
229000512,0,57,-57
229000513,0,5,-5
229000514,0,5,-5
229000517,0,13,-13
229000518,3,57,-54
229000519,1,26,-25
229000520,8,62,-54
229000521,15,71,-56
229000522,1,35,-34
229000523,5,30,-25
229000524,5,20,-15
229000527,6,5,1
229000528,0,4,-4
229000529,12,1,11
229000530,69,26,43
229000531,16,16,0
229000532,24,9,15
229000533,231,42,189
229000534,89,25,64
229000564,53,24,29
229000565,12,17,-5
229000566,0,52,-52
229000567,3,135,-132
229000582,369,34,335
229000583,2,24,-22
229000584,1,57,-56
229000585,6,47,-41
229000718,0,1,-1
229000719,0,0,0
229000720,0,25,-25
229000721,0,22,-22
229000722,0,35,-35
229000723,0,31,-31
229000724,0,2,-2
229000725,1,8,-7
229000738,12,1,11
229000739,2,0,2
229000740,7,0,7
229000741,47,1,46
229000742,22,1,21
229000743,51,0,51
229000744,5,0,5
229000745,3,0,3
229000746,81,1,80
229000847,10,2,8
229000848,17,0,17
229000849,100,1,99
229000851,10,0,10
229000854,1,62,-61
229000856,1,129,-128
229000857,0,51,-51
229000858,0,112,-112
229000919,10,84,-74
229000930,1,186,-185
229000937,147,24,123
229000966,53,34,19
229000981,13,35,-22
229000985,1,14,-13
229000986,0,5,-5
229000987,0,0,0
229000988,0,0,0
229000989,1,4,-3
229000990,0,0,0
229000991,0,2,-2
229000992,2,1,1
229000993,65,3,62
229000998,5,11,-6
229000999,30,2,28
229001034,0,2,-2
229001035,0,0,0
229001037,6,11,-5
229001042,3,4,-1
229001047,1,18,-17
229001050,8,18,-10
229001168,0,10,-10
229001200,0,0,0
229001338,1,15,-14
229001394,265,1,264
229001422,221,30,191
229001423,25,144,-119
229001431,103,33,70
229001432,19,63,-44
229001444,51,13,38
229001445,9,192,-183
229001479,8,14,-6
229001503,167,69,98
229001504,67,158,-91
229001505,182,60,122
229001506,25,156,-131
229001509,8,11,-3
229001545,89,12,77
229001546,7,104,-97
229001553,47,15,32
229001554,11,100,-89
229001559,0,2,-2
229001560,0,3,-3
229001630,26,1,25
229001631,7,24,-17
229001635,0,1,-1
229001636,0,0,0
229001658,2,59,-57
229001659,129,8,121
229001660,0,0,0
229001661,1,8,-7
229001662,28,1,27
229001663,0,12,-12
229002584,39,58,-19
229002831,44,61,-17
229002841,1,25,-24
229002842,0,2,-2
229002843,4,23,-19
229002844,7,68,-61
229002845,3,83,-80
229002846,1,3,-2
229002847,0,13,-13
229002848,0,0,0
229002849,1,33,-32
229002850,1,1,0
229002851,3,60,-57
229002852,17,17,0
229002853,17,3,14
229002854,5,51,-46
229002855,2,51,-49
229002856,3,0,3
229002857,8,28,-20
229002858,1,0,1
229002859,7,17,-10
229002860,9,3,6
229002861,17,11,6
229002862,1,21,-20
229002863,4,21,-17
229002864,1,17,-16
229002865,0,7,-7
229002866,1,7,-6
229002867,3,10,-7
229002868,0,3,-3
229002869,1,106,-105
229002870,4,3,1
235000066,131,77,54
235000067,30,135,-105
235000072,29,45,-16
235000073,60,208,-148
235000074,15,92,-77
235000080,4,32,-28
235000081,50,181,-131
235000082,16,24,-8
235000083,31,44,-13
235000084,8,22,-14
235000085,32,15,17
235000089,5,46,-41
235000092,4,143,-139
235000093,2,5,-3
235000097,0,4,-4
235000098,26,36,-10
235000099,4,18,-14
235000116,18,31,-13
235000117,564,4,560
235000133,9,158,-149
235000134,5,62,-57
235000206,2,0,2
235000207,3,1,2
235000208,0,0,0
235000209,2,1,1
235000210,2,4,-2
235000212,2,8,-6
235000213,2,1,1
235000220,0,1,-1
235000221,5,7,-2
235000238,3,16,-13
235000239,2,3,-1
235000242,169,107,62
235000245,844,225,619
235000246,9,54,-45
235000284,0,53,-53
235000295,0,0,0
235000305,0,0,0
235000306,0,0,0
235000307,0,0,0
235000308,0,0,0
235000309,0,0,0
235000310,0,0,0
235000311,1,2,-1
235000322,0,12,-12
235000323,0,20,-20
235000324,0,13,-13
235000325,1,6,-5
235000326,1,236,-235
235000351,0,22,-22
235000352,2,47,-45
235000353,1,36,-35
235000354,0,32,-32
235000355,2,75,-73
235000356,0,0,0
235000357,0,0,0
235000358,0,0,0
235000359,0,0,0
235000360,0,0,0
235000361,0,0,0
235000381,38,225,-187
235000382,56,30,26
235000390,8,3,5
235000391,51,11,40
235000392,38,75,-37
235000393,60,40,20
235000395,55,20,35
235000396,122,47,75
235000400,6,5,1
235000401,24,159,-135
235000405,37,504,-467
235000406,13,332,-319
235000407,48,139,-91
235000409,193,182,11
235000410,11,167,-156
235000411,0,84,-84
235000485,1,8,-7
235000486,3,0,3
235000549,20,39,-19
235000550,41,171,-130
235000599,47,154,-107
235000600,4,6,-2
235000601,11,19,-8
235000602,45,106,-61
235000614,1,1,0
235000648,1,17,-16
235000649,5,0,5
235000685,0,0,0
235000815,1,28,-27
235000834,0,1,-1
235000855,45,15,30
235000862,11,209,-198
235000891,0,11,-11
235000892,6,2,4
235000901,90,132,-42
235000907,0,6,-6
235001010,12,54,-42
235001029,655,295,360
235001030,629,99,530
235001078,26,42,-16
235001079,35,114,-79
235001147,3,39,-36
235001166,12,36,-24
235001167,5,81,-76
235001169,2,294,-292
235001188,0,4,-4
235001189,1,0,1
235001197,4,19,-15
235001200,22,29,-7
235001207,26,4,22
235001210,8,110,-102
235001215,5,110,-105
235001239,0,47,-47
235001244,0,3,-3
235016267,0,7,-7
277101746,0,36,-36
277102712,0,1,-1
277103813,0,0,0
277103898,0,3,-3
277104249,0,1,-1
277104250,0,3,-3
277104251,0,3,-3
277104252,0,1,-1
990011530,2,261,-259
990014944,1,524,-523
990015176,41,48,-7
990015618,0,68,-68
990016032,0,282,-282
990032570,16,60,-44
990070001,0,1,-1
990070103,0,4,-4
990070601,0,53,-53
990070751,42,3,39
990070766,0,885,-885
990071180,1,88,-87
990071343,0,0,0
990071387,0,2,-2
990071823,21,0,21
990072600,0,537,-537
990072964,2,657,-655
990073285,0,5,-5
990074393,2,944,-942
990074870,91,2,89
990075106,37,4,33
990075746,19,1,18
990076437,63,2,61
990076458,4,1026,-1022
997000007,61,35,26
997000041,0,91,-91
997000058,0,0,0
997000062,2,0,2
997000069,0,5,-5
997000070,0,38,-38
997000100,3,0,3
997000141,0,21,-21
997000198,0,7,-7
998000475,0,19,-19
998000736,1,262,-261
998000965,0,0,0
998001031,0,37,-37
998001700,0,25,-25
998001899,0,1,-1
998001900,35,38,-3
998003073,29,0,29
998101900,0,0,0
998102850,0,61,-61
998501927,32,256,-224
998501929,43,4,39
998501930,53,1,52
998501931,39,33,6
998501932,20,0,20
998501933,0,2,-2
998501937,1,18,-17
998501944,0,0,0
998501950,0,0,0
998501970,71,95,-24
998501971,0,66,-66
998501973,0,59,-59
998501974,0,166,-166
998501975,13,0,13
998501976,1,5,-4
998501977,0,11,-11
998501978,0,1,-1
998501979,0,6,-6
998501980,4,1,3
998501981,1,1,0
998501982,0,67,-67
998502006,0,0,0
998502024,0,1,-1
998502032,0,0,0
998502062,3,1,2
998502063,0,0,0
998502173,15,1,14
998502269,0,1,-1
998601159,1,212,-211
998601292,0,17,-17
999033574,4,621,-617
999800001,1,0,1
999800002,0,1,-1
999800003,2,2,0
999800004,0,8,-8
999800005,0,15,-15
