dong,insum,outsum,diff
강남구 개포1동,286,688,-402
강남구 개포2동,4677,9504,-4827
강남구 개포4동,2108,7045,-4937
강남구 논현1동,20058,16965,3093
강남구 논현2동,10009,9992,17
강남구 대치1동,12469,8674,3795
강남구 대치2동,14496,12580,1916
강남구 대치4동,13409,9893,3516
강남구 도곡1동,6823,7713,-890
강남구 도곡2동,4315,2933,1382
강남구 삼성1동,16510,12313,4197
강남구 삼성2동,6921,7184,-263
강남구 세곡동,4919,21954,-17035
강남구 수서동,19305,4834,14471
강남구 신사동,14215,7204,7011
강남구 압구정동,20550,13514,7036
강남구 역삼1동,44537,24323,20214
강남구 역삼2동,8969,10320,-1351
강남구 일원1동,3205,5404,-2199
강남구 일원2동,2336,1543,793
강남구 일원본동,2728,7392,-4664
강남구 청담동,12902,13399,-497
강동구 강일동,1908,13142,-11234
강동구 고덕제1동,1718,6113,-4395
강동구 고덕제2동,3772,3611,161
강동구 길동,5511,7473,-1962
강동구 둔촌제1동,63,132,-69
강동구 둔촌제2동,3944,5964,-2020
강동구 명일제1동,6227,7038,-811
강동구 명일제2동,5115,3701,1414
강동구 상일동,10440,7563,2877
강동구 성내제1동,4094,6837,-2743
강동구 성내제2동,6429,6563,-134
강동구 성내제3동,6204,5887,317
강동구 암사제1동,2049,8341,-6292
강동구 암사제2동,1127,968,159
강동구 암사제3동,434,495,-61
강동구 천호제1동,1884,5707,-3823
강동구 천호제2동,12930,8070,4860
강동구 천호제3동,5191,3065,2126
강북구 미아동,10942,9396,1546
강북구 번1동,34762,22322,12440
강북구 번2동,2235,9245,-7010
강북구 번3동,3466,14483,-11017
강북구 삼각산동,2724,7239,-4515
강북구 삼양동,4153,13765,-9612
강북구 송중동,47203,35649,11554
강북구 송천동,8067,12709,-4642
강북구 수유1동,3593,9544,-5951
강북구 수유2동,3232,10755,-7523
강북구 수유3동,26430,12329,14101
강북구 우이동,3694,8100,-4406
강북구 월곡제1동,256,359,-103
강북구 인수동,3192,13660,-10468
강서구 가양제1동,9284,6915,2369
강서구 가양제2동,1036,2204,-1168
강서구 가양제3동,804,2512,-1708
강서구 공항동,4748,5420,-672
강서구 등촌제1동,7186,11889,-4703
강서구 등촌제2동,3400,9790,-6390
강서구 등촌제3동,11175,11376,-201
강서구 발산제1동,8123,13194,-5071
강서구 방화제1동,3581,7608,-4027
강서구 방화제2동,1985,2440,-455
강서구 방화제3동,244,953,-709
강서구 염창동,3869,9490,-5621
강서구 우장산동,6774,10924,-4150
강서구 화곡본동,2774,6706,-3932
강서구 화곡제1동,18017,21528,-3511
강서구 화곡제2동,1183,5676,-4493
강서구 화곡제3동,7599,5224,2375
강서구 화곡제4동,2834,7347,-4513
강서구 화곡제6동,9677,10708,-1031
강서구 화곡제8동,10833,6859,3974
관악구 낙성대동,20087,32983,-12896
관악구 난곡동,2237,16358,-14121
관악구 난향동,1913,7504,-5591
관악구 남현동,8871,8708,163
관악구 대학동,26115,24472,1643
관악구 미성동,6743,18035,-11292
관악구 보라매동,6226,12592,-6366
관악구 삼성동,5928,24027,-18099
관악구 서림동,8314,22645,-14331
관악구 서원동,42535,23488,19047
관악구 성현동,3534,17521,-13987
관악구 신림동,42741,18907,23834
관악구 신사동,4856,11522,-6666
관악구 신원동,1500,4556,-3056
관악구 은천동,10271,14074,-3803
관악구 인헌동,6414,8940,-2526
관악구 조원동,21637,12146,9491
관악구 중앙동,5748,4504,1244
관악구 청룡동,24308,9866,14442
관악구 청림동,961,5232,-4271
관악구 행운동,28473,20682,7791
광진구 광장동,2298,2909,-611
광진구 구의제1동,5836,7167,-1331
광진구 구의제2동,4150,9100,-4950
광진구 구의제3동,6891,3556,3335
광진구 군자동,6959,11205,-4246
광진구 능동,6361,7008,-647
광진구 자양제1동,1691,2357,-666
광진구 자양제2동,6165,13251,-7086
광진구 자양제3동,2393,4375,-1982
광진구 자양제4동,14560,10381,4179
광진구 중곡제1동,2618,4425,-1807
광진구 중곡제2동,2868,5560,-2692
광진구 중곡제3동,2384,5911,-3527
광진구 중곡제4동,1929,4785,-2856
광진구 화양동,15887,9371,6516
구로구 가리봉동,3440,3960,-520
구로구 개봉제1동,17226,18250,-1024
구로구 개봉제2동,12889,11330,1559
구로구 개봉제3동,1586,7084,-5498
구로구 고척제1동,7063,13441,-6378
구로구 고척제2동,4486,14598,-10112
구로구 구로제1동,2772,6660,-3888
구로구 구로제2동,14483,17152,-2669
구로구 구로제3동,46111,12097,34014
구로구 구로제4동,9490,6812,2678
구로구 구로제5동,18681,11011,7670
구로구 수궁동,11369,13081,-1712
구로구 신도림동,25215,12063,13152
구로구 오류제1동,5028,7716,-2688
구로구 오류제2동,5107,7756,-2649
구로구 항동,203,2275,-2072
금천구 가산동,17612,15989,1623
금천구 독산제1동,13930,27402,-13472
금천구 독산제2동,4509,11434,-6925
금천구 독산제3동,5658,13693,-8035
금천구 독산제4동,3422,4433,-1011
금천구 미성동,59,366,-307
금천구 시흥제1동,16537,21430,-4893
금천구 시흥제2동,2947,12514,-9567
금천구 시흥제3동,4384,5126,-742
금천구 시흥제4동,1468,5926,-4458
금천구 시흥제5동,5583,11449,-5866
노원구 공릉1동,12047,12029,18
노원구 공릉2동,10180,13591,-3411
노원구 상계10동,9165,3237,5928
노원구 상계1동,7686,10110,-2424
노원구 상계2동,14242,7162,7080
노원구 상계3.4동,741,3657,-2916
노원구 상계5동,7782,8203,-421
노원구 상계6.7동,11605,6800,4805
노원구 상계8동,1186,3803,-2617
노원구 상계9동,3072,5954,-2882
노원구 월계1동,26469,14083,12386
노원구 월계2동,3802,10684,-6882
노원구 월계3동,3879,7444,-3565
노원구 중계1동,4064,8781,-4717
노원구 중계2.3동,8262,8512,-250
노원구 중계4동,6960,5138,1822
노원구 중계본동,4190,9472,-5282
노원구 하계1동,8422,10995,-2573
노원구 하계2동,6735,7388,-653
도봉구 도봉제1동,3225,6441,-3216
도봉구 도봉제2동,9498,10159,-661
도봉구 방학제1동,5448,13462,-8014
도봉구 방학제2동,1292,9154,-7862
도봉구 방학제3동,1956,9754,-7798
도봉구 쌍문제1동,3313,14413,-11100
도봉구 쌍문제2동,3896,8092,-4196
도봉구 쌍문제3동,5829,4022,1807
도봉구 쌍문제4동,1879,9746,-7867
도봉구 창제1동,27180,8616,18564
도봉구 창제2동,2487,9387,-6900
도봉구 창제3동,2705,9315,-6610
도봉구 창제4동,14772,11093,3679
도봉구 창제5동,10972,11190,-218
동대문구 답십리제1동,6064,9865,-3801
동대문구 답십리제2동,6811,10931,-4120
동대문구 면목제5동,9,21,-12
동대문구 용신동,25432,26477,-1045
동대문구 이문제1동,6675,10369,-3694
동대문구 이문제2동,2976,4619,-1643
동대문구 장안제1동,15175,13990,1185
동대문구 장안제2동,6830,15626,-8796
동대문구 전농제1동,9868,16794,-6926
동대문구 전농제2동,5445,9846,-4401
동대문구 제기동,15449,15570,-121
동대문구 청량리동,28688,18720,9968
동대문구 회기동,3451,4732,-1281
동대문구 휘경제1동,13591,8483,5108
동대문구 휘경제2동,8247,11878,-3631
동작구 노량진제1동,42955,26028,16927
동작구 노량진제2동,17906,11066,6840
동작구 대방동,19254,28135,-8881
동작구 사당제1동,11917,12364,-447
동작구 사당제2동,18978,14586,4392
동작구 사당제3동,2012,10215,-8203
동작구 사당제4동,400,670,-270
동작구 사당제5동,2966,8126,-5160
동작구 상도제1동,30964,38167,-7203
동작구 상도제2동,9061,15900,-6839
동작구 상도제3동,5509,12888,-7379
동작구 상도제4동,2155,14735,-12580
동작구 신대방제1동,4319,3714,605
동작구 신대방제2동,9690,14783,-5093
동작구 흑석동,21065,19865,1200
마포구 공덕동,7911,11923,-4012
마포구 대흥동,14422,11255,3167
마포구 도화동,6700,5992,708
마포구 망원제1동,2952,8623,-5671
마포구 망원제2동,3006,6097,-3091
마포구 상암동,17200,20068,-2868
마포구 서강동,4696,5828,-1132
마포구 서교동,87757,34791,52966
마포구 성산제1동,5020,11318,-6298
마포구 성산제2동,6025,15956,-9931
마포구 신수동,1120,3589,-2469
마포구 아현동,9671,11862,-2191
마포구 연남동,2031,4131,-2100
마포구 염리동,1342,3126,-1784
마포구 용강동,7362,7988,-626
마포구 합정동,11122,8274,2848
서대문구 남가좌제1동,4431,7987,-3556
서대문구 남가좌제2동,7592,15791,-8199
서대문구 북가좌제1동,1559,5607,-4048
서대문구 북가좌제2동,3853,12232,-8379
서대문구 북아현동,9401,9967,-566
서대문구 신촌동,72855,31523,41332
서대문구 연희동,24182,41232,-17050
서대문구 천연동,7811,11602,-3791
서대문구 충현동,13777,21771,-7994
서대문구 홍은제1동,5860,14738,-8878
서대문구 홍은제2동,10213,24814,-14601
서대문구 홍제제1동,12846,9610,3236
서대문구 홍제제2동,10247,12435,-2188
서대문구 홍제제3동,7919,8315,-396
서초구 내곡동,2940,7678,-4738
서초구 반포1동,12999,11052,1947
서초구 반포2동,4022,3165,857
서초구 반포3동,13388,7167,6221
서초구 반포4동,11983,6592,5391
서초구 반포본동,5214,5316,-102
서초구 방배1동,8596,5290,3306
서초구 방배2동,9025,7457,1568
서초구 방배3동,2862,5559,-2697
서초구 방배4동,5713,7047,-1334
서초구 방배본동,2894,5727,-2833
서초구 서초1동,5392,5412,-20
서초구 서초2동,19655,16902,2753
서초구 서초3동,11924,9925,1999
서초구 서초4동,21519,13100,8419
서초구 양재1동,25126,27768,-2642
서초구 양재2동,8181,15442,-7261
서초구 잠원동,8822,15311,-6489
성동구 금호1가동,2370,5815,-3445
성동구 금호2.3가동,4723,6244,-1521
성동구 금호4가동,3092,5299,-2207
성동구 마장동,3289,5064,-1775
성동구 사근동,6450,2977,3473
성동구 성수1가제1동,2825,4175,-1350
성동구 성수1가제2동,2470,2184,286
성동구 성수2가제1동,2094,4024,-1930
성동구 성수2가제3동,3771,2862,909
성동구 송정동,1052,3457,-2405
성동구 옥수동,6778,8079,-1301
성동구 왕십리도선동,9712,6060,3652
성동구 왕십리제2동,4159,8526,-4367
성동구 용답동,6261,5732,529
성동구 응봉동,1049,6725,-5676
성동구 행당제1동,12207,4729,7478
성동구 행당제2동,5075,6473,-1398
성북구 길음제1동,12959,16750,-3791
성북구 길음제2동,5495,10797,-5302
성북구 돈암제1동,18723,15149,3574
성북구 돈암제2동,1081,8880,-7799
성북구 동선동,30621,18329,12292
성북구 보문동,4805,6203,-1398
성북구 삼선동,24290,25109,-819
성북구 석관동,3909,8062,-4153
성북구 성북동,10709,11986,-1277
성북구 안암동,9660,7955,1705
성북구 월곡제1동,7585,11552,-3967
성북구 월곡제2동,6798,6217,581
성북구 장위제1동,2131,12717,-10586
성북구 장위제2동,4561,7187,-2626
성북구 장위제3동,1672,2650,-978
성북구 정릉제1동,4799,11349,-6550
성북구 정릉제2동,5377,21232,-15855
성북구 정릉제3동,10028,9511,517
성북구 정릉제4동,6812,15224,-8412
성북구 종암동,12186,22042,-9856
송파구 가락1동,2495,2304,191
송파구 가락2동,7288,11784,-4496
송파구 가락본동,10062,10329,-267
송파구 거여1동,1579,3105,-1526
송파구 거여2동,411,988,-577
송파구 마천1동,966,4144,-3178
송파구 마천2동,2671,9375,-6704
송파구 문정1동,1911,5746,-3835
송파구 문정2동,12844,12942,-98
송파구 방이1동,2388,5703,-3315
송파구 방이2동,9587,8501,1086
송파구 삼전동,4967,12628,-7661
송파구 석촌동,12208,17423,-5215
송파구 송파1동,7338,8912,-1574
송파구 송파2동,1511,3258,-1747
송파구 오금동,8302,12833,-4531
송파구 오륜동,5098,3598,1500
송파구 위례동,2453,12861,-10408
송파구 잠실2동,2624,2599,25
송파구 잠실3동,33475,11786,21689
송파구 잠실4동,336,654,-318
송파구 잠실6동,12670,5120,7550
송파구 잠실7동,7161,2696,4465
송파구 잠실본동,18561,14307,4254
송파구 장지동,3179,7308,-4129
송파구 풍납1동,3402,2756,646
송파구 풍납2동,3764,7542,-3778
양천구 목1동,26767,12238,14529
양천구 목2동,15523,19030,-3507
양천구 목3동,7764,11891,-4127
양천구 목4동,5488,15048,-9560
양천구 목5동,12143,15296,-3153
양천구 신월1동,1298,3323,-2025
양천구 신월2동,1570,7469,-5899
양천구 신월3동,2036,5108,-3072
양천구 신월4동,2246,8125,-5879
양천구 신월5동,1898,6490,-4592
양천구 신월6동,1053,2748,-1695
양천구 신월7동,3175,12551,-9376
양천구 신정1동,3594,4261,-667
양천구 신정2동,1998,3509,-1511
양천구 신정3동,9410,20442,-11032
양천구 신정4동,15003,9925,5078
양천구 신정6동,2191,4194,-2003
양천구 신정7동,4044,8166,-4122
영등포구 당산제1동,7071,5696,1375
영등포구 당산제2동,23411,11579,11832
영등포구 대림제1동,3561,6666,-3105
영등포구 대림제2동,2531,3207,-676
영등포구 대림제3동,4641,8314,-3673
영등포구 도림동,1880,10288,-8408
영등포구 문래동,7003,8319,-1316
영등포구 신길제1동,2401,5962,-3561
영등포구 신길제3동,3033,8930,-5897
영등포구 신길제4동,1144,3846,-2702
영등포구 신길제5동,4306,5417,-1111
영등포구 신길제6동,4621,10958,-6337
영등포구 신길제7동,4635,7705,-3070
영등포구 양평제1동,2634,4354,-1720
영등포구 양평제2동,4655,7634,-2979
영등포구 여의동,39744,21021,18723
영등포구 영등포동,35397,20681,14716
영등포구 영등포본동,10501,7911,2590
용산구 남영동,20977,14278,6699
용산구 보광동,1637,4706,-3069
용산구 서빙고동,2737,6122,-3385
용산구 용문동,1288,2802,-1514
용산구 용산2가동,3245,8213,-4968
용산구 원효로제1동,4439,6397,-1958
용산구 원효로제2동,1859,6677,-4818
용산구 이촌제1동,4074,5208,-1134
용산구 이촌제2동,636,3137,-2501
용산구 이태원제1동,7470,8021,-551
용산구 이태원제2동,2609,4290,-1681
용산구 청파동,7417,10234,-2817
용산구 필동,1720,95,1625
용산구 한강로동,25774,16630,9144
용산구 한남동,22730,20139,2591
용산구 효창동,2675,6108,-3433
용산구 후암동,2359,7477,-5118
은평구 갈현제1동,2075,10746,-8671
은평구 갈현제2동,11810,12217,-407
은평구 구산동,2030,8471,-6441
은평구 녹번동,14170,12709,1461
은평구 대조동,20022,15813,4209
은평구 불광제1동,21980,16521,5459
은평구 불광제2동,5752,11267,-5515
은평구 수색동,2452,5460,-3008
은평구 신사제1동,7065,11883,-4818
은평구 신사제2동,6650,11136,-4486
은평구 역촌동,9950,13283,-3333
은평구 응암제1동,5905,10970,-5065
은평구 응암제2동,1456,6038,-4582
은평구 응암제3동,4547,8634,-4087
은평구 증산동,10190,8217,1973
은평구 진관동,13513,20972,-7459
종로구 가회동,444,1403,-959
종로구 교남동,3462,4005,-543
종로구 무악동,2401,3775,-1374
종로구 부암동,6164,9807,-3643
종로구 사직동,23641,13253,10388
종로구 삼청동,1403,1446,-43
종로구 숭인제1동,472,2149,-1677
종로구 숭인제2동,6283,5963,320
종로구 이화동,14341,7830,6511
종로구 종로1.2.3.4가동,70923,22545,48378
종로구 종로5.6가동,10403,5846,4557
종로구 창신제1동,12415,8161,4254
종로구 창신제2동,2385,4860,-2475
종로구 창신제3동,836,2723,-1887
종로구 청운효자동,1636,5823,-4187
종로구 충현동,1313,1020,293
종로구 평창동,3351,9828,-6477
종로구 혜화동,26113,15685,10428
중구 광희동,17476,8061,9415
중구 다산동,2619,4613,-1994
중구 동화동,978,1240,-262
중구 명동,24713,7774,16939
중구 소공동,28868,8008,20860
중구 신당동,3880,6234,-2354
중구 신당제5동,8998,4706,4292
중구 약수동,2879,3021,-142
중구 을지로동,3310,1093,2217
중구 장충동,2376,1766,610
중구 중림동,4614,3618,996
중구 청구동,3357,2807,550
중구 필동,3438,2390,1048
중구 황학동,2616,3156,-540
중구 회현동,31039,17605,13434
중랑구 망우본동,6671,11371,-4700
중랑구 망우제3동,1007,5702,-4695
중랑구 면목본동,11142,11120,22
중랑구 면목제2동,2114,5460,-3346
중랑구 면목제3.8동,7982,11183,-3201
중랑구 면목제4동,3061,5668,-2607
중랑구 면목제5동,1911,5033,-3122
중랑구 면목제7동,1125,4202,-3077
중랑구 묵제1동,7576,8632,-1056
중랑구 묵제2동,1297,2708,-1411
중랑구 상봉제1동,3563,5576,-2013
중랑구 상봉제2동,14053,12473,1580
중랑구 신내1동,4537,19266,-14729
중랑구 신내2동,10099,8596,1503
중랑구 중화제1동,3073,6285,-3212
중랑구 중화제2동,9351,8684,667
NA,183606,335997,-152391
