ID,insum,outsum,diff
100000001,711,999,-288
100000002,3358,1122,2236
100000003,7282,3423,3859
100000004,1801,1037,764
100000005,1959,4442,-2483
100000006,566,119,447
100000007,1930,591,1339
100000008,240,834,-594
100000009,355,188,167
100000010,54,67,-13
100000011,652,72,580
100000012,110,1066,-956
100000013,62,309,-247
100000014,471,380,91
100000015,1623,1789,-166
100000016,1307,1977,-670
100000017,1049,1333,-284
100000018,1800,738,1062
100000019,6647,2384,4263
100000020,2093,5669,-3576
100000021,8923,3221,5702
100000022,2321,1496,825
100000023,7783,1569,6214
100000025,3764,711,3053
100000028,1963,1061,902
100000029,266,274,-8
100000030,731,99,632
100000031,7305,7649,-344
100000032,2786,4121,-1335
100000033,887,2685,-1798
100000034,911,381,530
100000035,2319,1177,1142
100000036,3219,1219,2000
100000037,547,537,10
100000038,1535,1077,458
100000039,1167,244,923
100000040,247,178,69
100000041,882,494,388
100000042,842,447,395
100000043,795,336,459
100000044,399,950,-551
100000045,653,1908,-1255
100000046,1007,1950,-943
100000047,594,1067,-473
100000048,1102,769,333
100000049,2253,3375,-1122
100000051,616,1454,-838
100000053,53,3,50
100000054,187,28,159
100000055,841,300,541
100000056,283,716,-433
100000057,2144,1036,1108
100000058,1159,1883,-724
100000059,10,166,-156
100000060,342,506,-164
100000061,2080,659,1421
100000062,1690,694,996
100000063,500,331,169
100000064,1169,456,713
100000065,390,1567,-1177
100000066,271,1348,-1077
100000067,496,1292,-796
100000068,603,2482,-1879
100000069,384,2438,-2054
100000072,532,1357,-825
100000073,1507,1743,-236
100000075,611,422,189
100000076,2824,2920,-96
100000077,895,191,704
100000078,89,59,30
100000079,55,71,-16
100000080,15,26,-11
100000081,68,58,10
100000102,4736,1521,3215
100000103,4406,1380,3026
100000104,5672,1827,3845
100000105,4167,1185,2982
100000106,3389,1972,1417
100000107,946,602,344
100000108,1218,1343,-125
100000109,5114,1406,3708
100000116,1692,831,861
100000117,52,42,10
100000118,1598,1091,507
100000119,821,740,81
100000121,340,693,-353
100000122,1904,1084,820
100000123,3838,6274,-2436
100000124,6922,9027,-2105
100000125,3685,1353,2332
100000126,931,444,487
100000127,2290,407,1883
100000128,1559,2189,-630
100000129,687,423,264
100000130,431,791,-360
100000131,3854,4328,-474
100000132,1785,3392,-1607
100000133,8823,3774,5049
100000135,565,1149,-584
100000139,399,375,24
100000140,351,364,-13
100000142,463,626,-163
100000143,1988,1067,921
100000144,5908,1182,4726
100000147,1186,2541,-1355
100000150,25,563,-538
100000151,1028,754,274
100000153,567,332,235
100000154,171,141,30
100000155,17,50,-33
100000156,109,75,34
100000157,46,259,-213
100000158,125,137,-12
100000159,618,567,51
100000165,1475,905,570
100000169,921,506,415
100000174,2120,577,1543
100000179,116,699,-583
100000180,4276,2184,2092
100000181,125,377,-252
100000188,115,593,-478
100000189,1502,405,1097
100000190,640,597,43
100000191,765,475,290
100000192,74,142,-68
100000193,101,193,-92
100000330,2317,881,1436
100000355,128,820,-692
100000362,6313,4066,2247
100000363,2954,4214,-1260
100000364,651,168,483
100000365,4287,8532,-4245
100000366,5915,2820,3095
100000367,4228,4887,-659
100000368,2308,2091,217
100000369,1360,1786,-426
100000370,274,481,-207
100000376,71,145,-74
100000379,3616,1540,2076
100000380,4847,2483,2364
100000384,7032,3862,3170
100000385,6948,4345,2603
100000386,10370,4615,5755
100000387,8523,5221,3302
100000388,10269,6857,3412
100000389,10624,6362,4262
100000390,11709,4594,7115
100000391,8544,7008,1536
100000392,5820,2226,3594
100000393,2858,2526,332
100000394,9692,4960,4732
100000395,5493,1799,3694
100000396,6571,2417,4154
100000397,3850,2216,1634
100000398,13375,8894,4481
100900002,5,99,-94
100900003,269,120,149
100900004,75,1170,-1095
100900005,89,21,68
100900006,26,335,-309
100900007,747,11,736
100900008,14,610,-596
100900009,53,76,-23
100900010,118,191,-73
100900011,87,432,-345
100900012,4,326,-322
100900013,1371,16,1355
100900014,1,17,-16
100900015,126,155,-29
100900016,2,70,-68
100900017,952,129,823
100900018,0,25,-25
100900019,56,233,-177
100900020,399,4,395
100900021,428,1,427
100900022,6,30,-24
100900023,5,53,-48
100900024,1131,5,1126
100900025,24,20,4
100900026,96,227,-131
100900027,701,3335,-2634
100900028,117,223,-106
100900029,118,27,91
100900030,4,48,-44
100900031,466,127,339
100900032,217,0,217
100900033,288,198,90
100900034,372,0,372
100900035,671,1,670
100900036,64,4,60
100900037,74,359,-285
100900038,85,20,65
100900039,702,1003,-301
100900040,337,1170,-833
100900041,420,1357,-937
100900042,717,404,313
100900043,2,19,-17
100900044,3602,527,3075
100900045,87,0,87
100900046,1416,13,1403
100900047,987,207,780
100900048,135,38,97
100900049,52,259,-207
100900050,6,16,-10
100900051,83,76,7
100900052,372,45,327
100900053,377,25,352
100900054,2,162,-160
100900055,272,499,-227
100900056,145,297,-152
100900057,705,847,-142
100900058,272,45,227
100900059,96,7,89
100900060,113,8,105
100900061,409,374,35
100900062,1,105,-104
100900063,155,495,-340
100900064,866,23,843
100900065,99,83,16
100900066,70,82,-12
100900067,4,13,-9
100900068,170,188,-18
100900069,696,9,687
100900070,297,5,292
100900071,890,364,526
100900072,2,86,-84
100900073,148,940,-792
100900074,1,9,-8
100900075,3112,544,2568
100900076,52,97,-45
100900077,36,207,-171
100900078,65,373,-308
100900079,1,39,-38
100900080,29,301,-272
100900081,22,146,-124
100900082,80,1034,-954
100900083,8,50,-42
100900085,9,148,-139
100900086,197,1073,-876
100900088,94,1067,-973
100900089,1,19,-18
100900090,163,695,-532
100900091,0,48,-48
100900092,276,210,66
100900093,222,566,-344
100900094,101,923,-822
100900095,1,52,-51
100900096,62,125,-63
100900097,4,7,-3
100900098,16,29,-13
100900099,54,863,-809
100900100,27,463,-436
100900101,458,47,411
100900102,118,119,-1
100900103,5,15,-10
100900104,9,201,-192
100900105,12,225,-213
100900106,87,6,81
100900107,2671,692,1979
100900108,8,32,-24
100900109,7,34,-27
100900110,12,67,-55
100900111,52,188,-136
100900112,9,14,-5
100900113,14,39,-25
100900114,9,26,-17
100900115,1,51,-50
100900116,856,897,-41
100900117,323,1113,-790
100900118,9,43,-34
100900119,2,29,-27
100900120,3,21,-18
100900121,284,685,-401
100900122,163,235,-72
100900123,77,123,-46
100900124,4,8,-4
100900125,37,155,-118
100900126,98,310,-212
100900127,0,4,-4
100900128,109,184,-75
100900129,2,185,-183
100900131,112,209,-97
100900133,55,56,-1
100900134,2,7,-5
100900135,0,187,-187
100900137,443,261,182
100900138,556,442,114
100900139,14,5,9
100900140,5,1147,-1142
100900141,3,516,-513
100900142,0,10,-10
100900143,1123,517,606
100900144,14,10,4
100900145,92,189,-97
100900146,6,31,-25
100900147,23,354,-331
100900148,28,1535,-1507
100900149,15,103,-88
100900150,6,26,-20
100900151,155,827,-672
100900152,149,6,143
100900153,5,180,-175
100900154,25,40,-15
100900155,3,8,-5
100900156,48,2,46
100900157,2,133,-131
100900158,337,77,260
100900159,2,41,-39
100900160,19,6,13
100900161,166,5,161
100900162,23,238,-215
100900163,202,292,-90
100900164,47,64,-17
100900165,36,51,-15
100900166,52,15,37
100900167,17,150,-133
100900168,39,161,-122
100900169,242,1406,-1164
100900170,49,14,35
100900171,25,838,-813
100900172,0,9,-9
100900173,19,911,-892
100900174,468,47,421
100900176,1611,174,1437
100900177,1132,380,752
100900178,409,216,193
100900179,137,109,28
100900180,2,1,1
100900181,93,72,21
100900182,39,22,17
100900184,4,268,-264
100900186,1254,735,519
100900187,7,147,-140
100900188,53,22,31
100900189,1299,216,1083
100900191,1678,1075,603
100900192,394,268,126
100900195,123,211,-88
100900197,21,220,-199
100900198,28,463,-435
100900199,26,28,-2
100900200,723,462,261
100900201,142,1287,-1145
100900202,9,0,9
100900203,0,86,-86
100900204,793,693,100
100900205,159,610,-451
100900206,145,81,64
100900207,206,135,71
100900210,118,1167,-1049
100900211,388,157,231
100900213,60,29,31
100900214,1366,143,1223
100900215,14,58,-44
100900217,121,70,51
101000001,5029,2203,2826
101000002,4764,5408,-644
101000003,1026,2543,-1517
101000004,11892,9070,2822
101000005,6254,5757,497
101000006,9887,8866,1021
101000007,3308,3807,-499
101000008,5209,3189,2020
101000009,1891,2737,-846
101000010,1111,2202,-1091
101000011,3363,1068,2295
101000012,2520,803,1717
101000013,660,1275,-615
101000014,718,926,-208
101000015,915,931,-16
101000016,770,435,335
101000017,767,773,-6
101000018,4694,3687,1007
101000020,5180,1426,3754
101000021,1723,376,1347
101000022,606,104,502
101000023,2044,834,1210
101000025,268,477,-209
101000026,450,31,419
101000027,2276,1717,559
101000028,1124,165,959
101000029,166,976,-810
101000030,1704,118,1586
101000031,789,625,164
101000032,7555,2467,5088
101000033,3244,2686,558
101000034,3396,1479,1917
101000035,1679,553,1126
101000036,2041,515,1526
101000037,5175,1320,3855
101000039,3876,2044,1832
101000040,5296,3534,1762
101000041,17944,5818,12126
101000042,1289,1031,258
101000043,13139,5606,7533
101000045,2305,661,1644
101000046,2760,828,1932
101000047,1774,1629,145
101000048,1454,1282,172
101000049,1205,1512,-307
101000050,4115,3123,992
101000051,3540,2215,1325
101000052,1919,829,1090
101000053,1697,2160,-463
101000054,2868,1815,1053
101000055,1967,1609,358
101000056,107,96,11
101000057,3380,846,2534
101000058,2641,1096,1545
101000059,4648,1747,2901
101000060,2398,403,1995
101000061,1292,1275,17
101000062,1148,670,478
101000063,618,706,-88
101000064,1626,520,1106
101000065,288,397,-109
101000066,526,349,177
101000067,1102,600,502
101000068,491,248,243
101000069,525,97,428
101000070,1865,1332,533
101000071,2607,1150,1457
101000072,1417,4398,-2981
101000073,963,695,268
101000074,5779,5165,614
101000075,7741,4540,3201
101000077,1236,2256,-1020
101000078,1351,2388,-1037
101000079,471,1014,-543
101000080,573,536,37
101000081,1289,1908,-619
101000082,4159,3523,636
101000083,2447,2291,156
101000084,1687,1373,314
101000085,1865,1586,279
101000086,1314,1642,-328
101000087,1154,1729,-575
101000088,1288,1365,-77
101000089,1128,1870,-742
101000090,2988,1991,997
101000091,438,2156,-1718
101000092,803,1347,-544
101000093,1858,1140,718
101000094,880,1866,-986
101000095,251,1124,-873
101000096,292,826,-534
101000097,922,426,496
101000098,829,660,169
101000099,1362,1672,-310
101000100,1287,984,303
101000101,592,537,55
101000102,1702,380,1322
101000103,1079,519,560
101000104,435,556,-121
101000105,1362,397,965
101000106,1410,899,511
101000107,162,437,-275
101000108,2256,451,1805
101000109,228,106,122
101000110,53,1120,-1067
101000111,229,342,-113
101000113,207,1035,-828
101000114,4819,2148,2671
101000115,235,226,9
101000116,286,328,-42
101000117,1557,443,1114
101000119,194,66,128
101000120,244,47,197
101000121,108,11,97
101000122,190,51,139
101000123,81,63,18
101000124,192,305,-113
101000125,194,549,-355
101000128,1298,361,937
101000130,313,506,-193
101000131,708,974,-266
101000132,517,2377,-1860
101000135,80,23,57
101000136,389,140,249
101000137,41,317,-276
101000141,2660,2523,137
101000147,1047,741,306
101000148,2390,27,2363
101000149,210,195,15
101000150,91,1654,-1563
101000151,160,129,31
101000152,344,395,-51
101000153,731,720,11
101000154,237,2703,-2466
101000155,214,229,-15
101000156,25,421,-396
101000157,88,44,44
101000160,148,61,87
101000163,208,117,91
101000164,515,564,-49
101000165,293,655,-362
101000166,419,588,-169
101000168,820,404,416
101000252,1614,1107,507
101000254,636,37,599
101000258,26,18,8
101000261,68,220,-152
101000262,1116,1146,-30
101000263,394,1410,-1016
101000265,105,697,-592
101000266,545,551,-6
101000269,186,12,174
101000290,2431,3406,-975
101000293,49,105,-56
101000294,717,629,88
101000295,147,683,-536
101000301,1052,381,671
101000304,2500,2774,-274
101000305,2879,2178,701
101900001,42,103,-61
101900002,0,30,-30
101900003,112,121,-9
101900004,4,30,-26
101900005,7873,1839,6034
101900006,1183,45,1138
101900007,651,72,579
101900008,194,386,-192
101900009,75,523,-448
101900010,1325,831,494
101900011,454,1708,-1254
101900012,173,500,-327
101900013,1865,221,1644
101900017,36,142,-106
101900018,2725,358,2367
101900019,383,138,245
101900020,121,149,-28
101900021,0,86,-86
101900022,143,2155,-2012
101900023,150,371,-221
101900026,61,36,25
101900027,1,109,-108
102000001,3358,4894,-1536
102000002,3553,1664,1889
102000003,4348,6944,-2596
102000004,10446,3729,6717
102000005,1749,2905,-1156
102000006,2015,2262,-247
102000007,1761,5797,-4036
102000008,6728,2453,4275
102000009,6258,8806,-2548
102000010,6864,4853,2011
102000011,2975,2695,280
102000012,4132,4465,-333
102000018,5035,3480,1555
102000019,3449,2149,1300
102000026,393,1184,-791
102000029,467,317,150
102000030,117,481,-364
102000031,29,277,-248
102000032,349,564,-215
102000033,197,636,-439
102000034,754,842,-88
102000035,1422,884,538
102000036,6,469,-463
102000037,227,138,89
102000038,452,188,264
102000039,460,115,345
102000040,873,148,725
102000041,343,340,3
102000042,422,184,238
102000043,656,360,296
102000044,753,836,-83
102000045,866,1625,-759
102000046,1178,757,421
102000047,850,1855,-1005
102000048,299,1249,-950
102000049,1470,1019,451
102000050,1464,1648,-184
102000051,516,805,-289
102000052,1953,1328,625
102000053,1192,1053,139
102000054,603,1215,-612
102000055,975,1698,-723
102000056,816,2631,-1815
102000057,1487,776,711
102000058,1458,3217,-1759
102000059,1229,2424,-1195
102000060,1370,1409,-39
102000061,1339,3277,-1938
102000062,1297,1969,-672
102000063,1716,1950,-234
102000064,651,827,-176
102000065,60,187,-127
102000066,981,1979,-998
102000067,3169,4153,-984
102000068,13183,3680,9503
102000069,45,2511,-2466
102000070,2053,62,1991
102000071,8789,12164,-3375
102000072,3513,7568,-4055
102000073,1555,1604,-49
102000074,887,1597,-710
102000075,293,486,-193
102000076,261,994,-733
102000077,446,1724,-1278
102000078,757,1330,-573
102000079,221,510,-289
102000080,295,364,-69
102000081,301,1092,-791
102000082,893,440,453
102000083,446,641,-195
102000084,176,470,-294
102000085,2159,1704,455
102000086,1175,2052,-877
102000087,988,2385,-1397
102000088,314,428,-114
102000089,1175,710,465
102000090,481,1408,-927
102000091,1742,665,1077
102000092,517,1124,-607
102000093,928,808,120
102000094,1309,805,504
102000095,1249,1942,-693
102000096,1296,1192,104
102000097,1535,1728,-193
102000098,787,1608,-821
102000099,1465,913,552
102000100,1048,1591,-543
102000101,1576,737,839
102000102,438,3600,-3162
102000103,1798,478,1320
102000104,1513,536,977
102000105,271,1215,-944
102000106,720,1311,-591
102000107,907,854,53
102000108,521,426,95
102000109,445,979,-534
102000110,685,2397,-1712
102000111,15,549,-534
102000112,117,115,2
102000113,4,58,-54
102000114,1658,545,1113
102000115,210,243,-33
102000116,827,377,450
102000117,324,717,-393
102000118,2228,1285,943
102000119,3252,828,2424
102000120,231,763,-532
102000121,963,737,226
102000122,525,1151,-626
102000123,1840,1290,550
102000124,2013,1302,711
102000125,982,1233,-251
102000126,828,992,-164
102000127,1047,943,104
102000128,677,1584,-907
102000129,1004,1321,-317
102000130,437,1298,-861
102000131,1869,1583,286
102000132,637,2028,-1391
102000133,1416,2968,-1552
102000134,545,946,-401
102000135,1391,1299,92
102000136,1576,834,742
102000137,1427,1256,171
102000138,340,610,-270
102000139,198,567,-369
102000140,579,368,211
102000141,715,755,-40
102000142,287,608,-321
102000143,132,702,-570
102000144,206,652,-446
102000145,313,649,-336
102000146,340,537,-197
102000147,415,482,-67
102000148,286,374,-88
102000149,202,909,-707
102000150,235,478,-243
102000151,183,534,-351
102000152,113,271,-158
102000153,1039,541,498
102000154,579,948,-369
102000155,157,370,-213
102000156,539,66,473
102000157,230,206,24
102000158,1192,656,536
102000159,2450,482,1968
102000161,5990,2290,3700
102000162,392,205,187
102000163,130,623,-493
102000164,1701,1088,613
102000165,311,163,148
102000166,31,128,-97
102000167,172,235,-63
102000168,225,117,108
102000169,167,652,-485
102000170,938,158,780
102000171,289,139,150
102000172,162,385,-223
102000173,550,309,241
102000174,87,127,-40
102000175,196,229,-33
102000176,57,46,11
102000178,337,889,-552
102000179,303,358,-55
102000180,689,901,-212
102000181,427,1002,-575
102000182,562,978,-416
102000183,1777,3014,-1237
102000184,1558,1287,271
102000185,2126,2494,-368
102000186,966,2911,-1945
102000187,765,2744,-1979
102000188,855,2244,-1389
102000189,4241,1501,2740
102000190,847,3672,-2825
102000191,1578,740,838
102000192,969,1531,-562
102000193,74,306,-232
102000194,95,220,-125
102000195,606,899,-293
102000196,181,891,-710
102000197,517,834,-317
102000198,206,1466,-1260
102000199,634,508,126
102000200,314,2015,-1701
102000201,605,702,-97
102000202,7,212,-205
102000203,338,492,-154
102000204,408,1556,-1148
102000205,1025,951,74
102000206,845,1062,-217
102000207,1519,752,767
102000208,556,889,-333
102000209,59,106,-47
102000210,432,749,-317
102000211,558,826,-268
102000212,202,19,183
102000213,5,625,-620
102000214,198,40,158
102000215,17,956,-939
102000216,54,76,-22
102000217,14,365,-351
102000218,163,182,-19
102000219,683,602,81
102000225,791,997,-206
102000226,8392,2001,6391
102000227,204,1,203
102000228,1,168,-167
102000229,23,44,-21
102000230,343,820,-477
102000231,435,647,-212
102000232,20,289,-269
102000233,532,1044,-512
102000234,91,1501,-1410
102000236,392,131,261
102000237,865,338,527
102000238,185,532,-347
102000240,684,631,53
102000241,318,188,130
102000243,9,93,-84
102000245,43,105,-62
102000246,27,41,-14
102000247,1171,1091,80
102000248,681,702,-21
102000249,140,321,-181
102000250,65,621,-556
102000254,66,548,-482
102000266,82,345,-263
102000271,28,0,28
102000286,679,584,95
102000297,2116,1538,578
102000299,0,0,0
102000301,0,0,0
102000305,0,0,0
102000307,0,46,-46
102000308,0,2,-2
102900001,1434,1706,-272
102900002,405,28,377
102900003,56,402,-346
102900005,322,606,-284
102900006,506,412,94
102900007,385,32,353
102900008,223,176,47
102900009,620,353,267
102900010,774,633,141
102900011,2494,454,2040
102900012,442,117,325
102900013,31,90,-59
102900015,973,404,569
102900016,61,179,-118
102900017,122,894,-772
102900018,27,182,-155
102900019,531,913,-382
102900020,115,65,50
102900021,21,188,-167
102900022,665,107,558
102900023,14,69,-55
102900024,21,64,-43
102900025,456,129,327
102900026,1014,1615,-601
102900027,48,75,-27
102900028,109,743,-634
102900029,271,205,66
102900030,365,354,11
102900031,129,215,-86
102900032,87,205,-118
102900033,81,226,-145
102900034,332,177,155
102900035,109,767,-658
102900036,217,830,-613
102900037,219,1005,-786
102900038,496,1057,-561
102900039,48,450,-402
102900040,174,329,-155
102900041,89,305,-216
102900042,209,554,-345
102900043,132,320,-188
102900044,799,2797,-1998
102900045,145,764,-619
102900046,113,361,-248
102900047,91,1111,-1020
102900048,663,900,-237
102900049,137,622,-485
102900050,364,491,-127
102900051,169,267,-98
102900052,62,35,27
102900053,413,1070,-657
102900054,1228,1295,-67
102900055,195,152,43
102900056,170,666,-496
102900057,4,43,-39
102900058,479,83,396
102900059,17,85,-68
102900060,134,669,-535
102900061,147,719,-572
102900062,140,1819,-1679
102900063,903,594,309
102900064,196,554,-358
102900065,2461,567,1894
102900066,452,91,361
102900068,143,90,53
102900070,292,1035,-743
102900072,34,57,-23
102900073,185,14,171
102900075,23,37,-14
102900076,395,86,309
102900077,48,34,14
102900078,57,83,-26
102900079,254,7,247
102900080,454,42,412
102900081,107,467,-360
102900082,12,399,-387
102900083,292,10,282
102900084,13,29,-16
102900085,245,102,143
102900086,5,74,-69
102900087,125,209,-84
102900088,53,65,-12
102900089,307,192,115
102900090,1,722,-721
102900091,184,2,182
102900092,291,1503,-1212
102900093,402,358,44
102900094,9,105,-96
102900095,74,2,72
102900096,52,32,20
102900097,3,172,-169
103000001,2734,3328,-594
103000002,2924,3008,-84
103000003,6341,3710,2631
103000004,1291,886,405
103000005,3146,3568,-422
103000006,858,2007,-1149
103000007,417,1300,-883
103000008,1180,1386,-206
103000009,1296,1345,-49
103000010,150,219,-69
103000011,2073,1567,506
103000012,1456,1830,-374
103000013,7907,2706,5201
103000014,1762,2758,-996
103000015,3379,986,2393
103000016,714,1422,-708
103000017,241,464,-223
103000018,1583,563,1020
103000019,285,265,20
103000020,2499,2043,456
103000021,1988,1852,136
103000022,1321,1548,-227
103000023,646,1982,-1336
103000024,144,260,-116
103000025,95,508,-413
103000026,2173,187,1986
103000027,361,709,-348
103000028,872,606,266
103000029,528,371,157
103000030,2723,994,1729
103000031,2009,2205,-196
103000032,2136,2405,-269
103000033,3050,3371,-321
103000034,2188,1327,861
103000035,629,1538,-909
103000036,547,694,-147
103000037,723,723,0
103000038,613,1434,-821
103000039,306,734,-428
103000040,420,1935,-1515
103000041,1860,3705,-1845
103000042,1108,1129,-21
103000043,466,1836,-1370
103000044,200,414,-214
103000046,310,526,-216
103000047,789,981,-192
103000048,215,265,-50
103000049,141,294,-153
103000050,861,1155,-294
103000051,462,877,-415
103000052,972,728,244
103000053,233,689,-456
103000054,2521,1766,755
103000055,1941,2708,-767
103000056,736,3253,-2517
103000057,321,431,-110
103000058,565,1409,-844
103000059,394,1150,-756
103000060,872,1233,-361
103000061,341,1217,-876
103000062,1197,1168,29
103000063,697,1052,-355
103000064,126,422,-296
103000065,2,493,-491
103000066,172,13,159
103000069,259,575,-316
103000070,866,1785,-919
103000071,1066,489,577
103000072,158,1372,-1214
103000073,604,190,414
103000074,826,174,652
103000075,177,1447,-1270
103000076,352,354,-2
103000077,64,641,-577
103000078,1993,659,1334
103000079,2348,634,1714
103000080,1589,441,1148
103000081,754,1135,-381
103000082,667,341,326
103000083,105,449,-344
103000084,178,5,173
103000085,0,85,-85
103000086,1041,526,515
103000087,182,680,-498
103000088,551,418,133
103000089,315,537,-222
103000090,1804,1211,593
103000091,584,600,-16
103000092,362,415,-53
103000093,404,724,-320
103000094,173,189,-16
103000095,65,552,-487
103000096,788,178,610
103000097,63,880,-817
103000098,1097,307,790
103000099,402,885,-483
103000100,126,1395,-1269
103000101,797,187,610
103000102,124,1169,-1045
103000103,693,444,249
103000104,92,210,-118
103000105,145,234,-89
103000106,20,127,-107
103000107,399,110,289
103000108,635,745,-110
103000109,540,415,125
103000110,458,491,-33
103000111,822,565,257
103000112,352,330,22
103000113,950,960,-10
103000114,1395,519,876
103000115,585,795,-210
103000116,472,815,-343
103000117,310,800,-490
103000118,2164,1383,781
103000119,2784,738,2046
103000120,109,128,-19
103000121,557,929,-372
103000122,568,461,107
103000125,7,746,-739
103000126,535,10,525
103000127,2,406,-404
103000128,170,9,161
103000129,0,240,-240
103000130,64,46,18
103000131,400,171,229
103000132,95,277,-182
103000133,15,238,-223
103000134,839,1053,-214
103000135,1322,327,995
103000136,1095,472,623
103000137,841,761,80
103000138,1056,984,72
103000139,1,76,-75
103000140,228,31,197
103000141,43,166,-123
103000142,150,114,36
103000143,122,284,-162
103000144,171,136,35
103000145,57,103,-46
103000150,88,78,10
103000152,392,298,94
103000153,323,202,121
103000156,7,805,-798
103000157,409,8,401
103000159,160,167,-7
103000162,141,26,115
103000163,17,32,-15
103000164,29,16,13
103000165,339,626,-287
103000166,215,248,-33
103000167,314,176,138
103000168,87,228,-141
103000169,284,493,-209
103000170,510,782,-272
103000171,37,88,-51
103000172,423,515,-92
103000173,429,1215,-786
103000174,174,499,-325
103000175,209,623,-414
103000176,1257,514,743
103000177,1066,553,513
103000178,413,397,16
103000179,213,36,177
103000183,201,141,60
103000185,92,156,-64
103000186,93,249,-156
103000187,429,1130,-701
103000188,16,95,-79
103000189,1037,1475,-438
103000191,676,1202,-526
103000292,3434,1530,1904
103000293,2159,1848,311
103000295,135,121,14
103000296,369,7,362
103000297,162,38,124
103000504,68,65,3
103000505,20,12,8
103000506,2,264,-262
103000507,190,3,187
103000508,40,26,14
103000509,297,728,-431
103900001,6,670,-664
103900002,2846,220,2626
103900003,2377,111,2266
103900004,84,3,81
103900005,2,411,-409
103900006,3,1,2
103900007,54,4,50
103900008,37,11,26
103900009,191,450,-259
103900010,159,361,-202
103900011,167,315,-148
103900012,9,17,-8
103900013,37,112,-75
103900014,31,38,-7
103900015,50,30,20
103900016,377,356,21
103900017,48,122,-74
103900018,867,311,556
103900019,54,356,-302
103900020,252,626,-374
103900021,1251,70,1181
103900022,1334,815,519
103900023,113,0,113
103900024,129,1199,-1070
103900025,7,76,-69
103900026,50,0,50
103900027,611,401,210
103900028,35,315,-280
103900029,1222,206,1016
103900030,281,52,229
103900031,31,1,30
103900032,80,59,21
103900033,124,23,101
103900034,45,401,-356
103900035,89,112,-23
103900036,44,28,16
103900037,54,79,-25
103900038,89,207,-118
103900039,29,671,-642
103900040,8,336,-328
103900041,35,65,-30
103900042,52,570,-518
103900043,178,212,-34
103900044,333,241,92
103900045,264,243,21
103900047,50,43,7
103900048,64,38,26
103900049,297,2169,-1872
103900050,13,125,-112
103900051,0,35,-35
103900052,237,887,-650
103900053,211,1738,-1527
103900054,130,971,-841
103900055,461,330,131
103900056,44,78,-34
103900057,15,381,-366
103900058,193,1103,-910
103900059,1,9,-8
103900060,41,421,-380
103900061,97,128,-31
103900062,228,82,146
103900063,10,0,10
103900064,83,1,82
103900065,998,570,428
103900066,97,15,82
103900067,188,10,178
103900068,4,0,4
103900069,115,21,94
103900070,175,493,-318
103900071,15,235,-220
103900072,6,420,-414
103900073,57,35,22
103900074,57,141,-84
103900075,263,185,78
103900076,342,1135,-793
103900077,104,107,-3
103900078,139,128,11
103900079,148,328,-180
103900080,7,30,-23
103900081,140,29,111
103900082,15,202,-187
103900083,2327,753,1574
103900084,39,240,-201
103900085,75,95,-20
103900086,537,388,149
103900087,22,161,-139
103900088,461,467,-6
103900089,50,237,-187
103900090,5,296,-291
103900091,1185,319,866
103900092,634,704,-70
103900093,133,547,-414
103900094,6,220,-214
103900095,319,233,86
103900096,21,471,-450
103900097,13,791,-778
103900098,228,126,102
103900099,59,334,-275
103900100,227,546,-319
103900101,87,1507,-1420
103900102,1,70,-69
103900104,2,81,-79
103900105,131,253,-122
103900106,0,27,-27
103900107,177,471,-294
103900108,51,576,-525
103900109,59,175,-116
103900110,237,75,162
103900111,65,1260,-1195
103900112,24,86,-62
103900113,157,285,-128
103900114,652,495,157
103900115,299,192,107
103900116,8785,2529,6256
103900117,285,213,72
103900119,34,61,-27
103900120,80,152,-72
103900122,66,460,-394
103900123,2530,701,1829
103900124,96,841,-745
103900125,78,104,-26
103900126,474,860,-386
103900127,174,1418,-1244
103900128,83,300,-217
103900131,24,166,-142
103900133,1369,55,1314
103900134,0,2,-2
103900135,25,16,9
103900137,0,89,-89
103900138,92,657,-565
103900139,544,1502,-958
103900140,5,97,-92
103900141,342,119,223
103900142,106,344,-238
103900143,37,7,30
103900144,1,96,-95
103900145,194,528,-334
103900146,305,566,-261
103900147,369,166,203
103900148,183,328,-145
103900149,196,1124,-928
103900150,11726,3755,7971
103900151,90,266,-176
103900152,352,953,-601
103900153,8,7,1
103900154,2126,1705,421
103900155,30,361,-331
103900156,19,287,-268
103900157,38,489,-451
103900158,54,318,-264
103900159,106,115,-9
103900160,52,38,14
103900161,92,306,-214
103900162,70,440,-370
103900163,11,691,-680
103900167,32,118,-86
103900168,138,217,-79
103900169,38,88,-50
103900170,2,122,-120
103900171,5,90,-85
103900172,11,40,-29
103900173,8,18,-10
103900174,124,119,5
103900175,97,41,56
103900176,11,45,-34
103900177,9,77,-68
103900178,38,186,-148
103900179,62,400,-338
103900180,19,195,-176
103900181,66,98,-32
103900182,57,24,33
103900184,1006,100,906
103900185,643,272,371
103900187,105,77,28
103900188,59,35,24
103900189,128,10,118
103900190,140,75,65
103900191,43,67,-24
103900192,68,174,-106
103900193,284,260,24
103900194,96,584,-488
103900195,11,69,-58
103900196,50,26,24
103900197,9,43,-34
103900198,11,66,-55
103900199,97,130,-33
103900200,145,202,-57
103900201,82,273,-191
103900202,3,85,-82
103900203,38,31,7
103900204,2,205,-203
103900207,2,329,-327
103900208,91,0,91
103900209,16,226,-210
103900210,37,27,10
103900211,509,925,-416
103900212,79,639,-560
103900213,127,319,-192
103900214,412,157,255
103900215,709,289,420
103900216,11,649,-638
103900217,473,120,353
103900218,3,423,-420
103900219,117,572,-455
103900233,84,0,84
103900235,42,27,15
103900236,31,6,25
103900242,4,17,-13
103900243,21,10,11
103900244,125,518,-393
103900245,115,411,-296
103900246,97,58,39
103900247,78,158,-80
103900248,11,36,-25
103900249,26,50,-24
103900250,100,39,61
103900251,1,52,-51
103900253,59,96,-37
103900254,19,53,-34
103900255,21,18,3
103900256,27,22,5
103900257,146,175,-29
103900258,58,7,51
103900259,91,14,77
103900261,10,9,1
103900262,18,2,16
103900263,83,66,17
103900264,112,31,81
103900265,95,31,64
103900266,1,80,-79
103900267,4,112,-108
103900268,4,141,-137
103900269,142,74,68
103900270,36,261,-225
103900271,70,382,-312
104000001,2482,3123,-641
104000002,2237,4403,-2166
104000003,2690,2922,-232
104000004,4127,3972,155
104000005,1524,2602,-1078
104000006,3394,4061,-667
104000007,5251,5549,-298
104000008,380,563,-183
104000009,177,160,17
104000010,172,270,-98
104000011,1248,533,715
104000012,179,660,-481
104000013,178,186,-8
104000014,331,1032,-701
104000015,292,267,25
104000016,783,648,135
104000018,693,237,456
104000019,497,161,336
104000020,286,1227,-941
104000021,453,983,-530
104000022,224,457,-233
104000023,652,535,117
104000024,282,615,-333
104000026,70,493,-423
104000027,439,687,-248
104000028,403,457,-54
104000029,593,783,-190
104000030,330,370,-40
104000031,1054,525,529
104000032,255,561,-306
104000033,573,650,-77
104000034,400,561,-161
104000035,887,668,219
104000036,739,1026,-287
104000037,351,435,-84
104000038,394,415,-21
104000039,218,665,-447
104000040,769,690,79
104000041,595,535,60
104000042,238,602,-364
104000043,396,584,-188
104000044,386,1134,-748
104000045,1248,1927,-679
104000046,2058,2332,-274
104000047,1048,1994,-946
104000048,1396,2667,-1271
104000049,410,455,-45
104000050,225,881,-656
104000051,120,1068,-948
104000052,1337,2223,-886
104000053,834,913,-79
104000054,593,831,-238
104000055,4457,3909,548
104000056,2088,415,1673
104000057,139,727,-588
104000058,604,1023,-419
104000059,518,1847,-1329
104000060,744,1568,-824
104000061,1473,1995,-522
104000062,282,193,89
104000064,626,455,171
104000065,189,604,-415
104000069,2109,895,1214
104000070,98,466,-368
104000071,180,574,-394
104000072,556,273,283
104000075,90,442,-352
104000076,617,94,523
104000082,2332,3577,-1245
104000083,897,284,613
104000084,138,669,-531
104000085,353,344,9
104000086,218,580,-362
104000087,539,1718,-1179
104000090,792,2424,-1632
104000092,980,4231,-3251
104000094,980,3330,-2350
104000095,1806,1986,-180
104000096,1728,756,972
104000097,1462,1743,-281
104000098,1676,2105,-429
104000100,1303,1052,251
104000101,1079,3713,-2634
104000106,135,842,-707
104000107,659,751,-92
104000108,522,963,-441
104000109,362,89,273
104000110,1038,1439,-401
104000111,8073,2890,5183
104000112,3504,870,2634
104000116,6,1961,-1955
104000117,134,1902,-1768
104000118,470,390,80
104000119,453,303,150
104000120,239,1699,-1460
104000121,303,1115,-812
104000122,616,866,-250
104000123,1333,1646,-313
104000124,1574,4145,-2571
104000125,7902,4668,3234
104000126,452,708,-256
104000127,1915,4390,-2475
104000128,1055,647,408
104000129,669,36,633
104000130,22,448,-426
104000131,1314,774,540
104000132,751,1036,-285
104000133,1249,1325,-76
104000134,1054,2063,-1009
104000135,475,2017,-1542
104000136,964,4338,-3374
104000137,1798,495,1303
104000138,1809,513,1296
104000139,11567,4326,7241
104000141,1539,2577,-1038
104000142,834,1439,-605
104000143,731,1085,-354
104000144,94,324,-230
104000145,430,331,99
104000146,494,808,-314
104000147,130,489,-359
104000148,344,229,115
104000149,234,511,-277
104000150,975,801,174
104000151,551,850,-299
104000152,544,1124,-580
104000153,476,659,-183
104000154,1281,1086,195
104000155,536,544,-8
104000157,1428,2542,-1114
104000158,566,430,136
104000159,702,615,87
104000160,1937,2275,-338
104000161,435,313,122
104000162,74,225,-151
104000165,2018,1532,486
104000167,521,1007,-486
104000168,575,17,558
104000169,103,95,8
104000170,854,608,246
104000248,384,1823,-1439
104000251,88,474,-386
104000272,0,0,0
104000273,0,0,0
104000274,0,0,0
104000275,0,0,0
104000279,907,628,279
104000290,93,549,-456
104000291,641,1523,-882
104000293,831,1049,-218
104000294,12,0,12
104000295,571,1084,-513
104000296,370,1125,-755
104000297,1131,2272,-1141
104000298,2221,1191,1030
104000299,827,2336,-1509
104900001,160,719,-559
104900002,53,141,-88
104900003,51,512,-461
104900004,107,525,-418
104900005,221,209,12
104900006,226,148,78
104900007,232,352,-120
104900009,174,707,-533
104900010,47,31,16
104900011,16,3,13
104900012,194,17,177
104900013,138,7,131
104900014,5017,537,4480
104900015,127,5,122
104900016,189,490,-301
104900017,100,296,-196
104900018,15,347,-332
104900019,394,2058,-1664
104900020,63,446,-383
104900021,3,495,-492
104900022,21,167,-146
104900023,1,243,-242
104900024,27,154,-127
104900025,73,728,-655
104900026,0,223,-223
104900027,343,354,-11
104900028,46,133,-87
104900029,52,173,-121
104900030,549,332,217
104900031,197,323,-126
104900032,43,312,-269
104900033,155,360,-205
104900034,293,154,139
104900035,264,206,58
104900036,191,114,77
104900037,151,628,-477
104900038,924,628,296
104900039,1555,260,1295
104900040,299,141,158
104900041,205,249,-44
104900042,138,678,-540
104900043,15,108,-93
104900044,360,339,21
104900045,444,100,344
104900046,152,188,-36
104900047,335,223,112
104900048,277,145,132
104900049,30,22,8
104900050,199,153,46
104900051,324,73,251
104900052,24,0,24
104900053,402,129,273
104900054,144,53,91
104900055,67,0,67
104900056,227,18,209
104900057,22,2,20
104900058,850,406,444
104900059,74,54,20
104900060,1,644,-643
104900061,456,908,-452
104900063,0,259,-259
104900064,0,218,-218
104900065,1,229,-228
104900066,3,389,-386
104900067,7,488,-481
104900068,27,360,-333
104900070,207,476,-269
104900071,5,1339,-1334
104900072,80,333,-253
104900073,66,611,-545
104900074,60,379,-319
104900075,78,171,-93
104900076,142,597,-455
104900077,2362,256,2106
104900078,220,1102,-882
104900079,180,315,-135
104900080,100,778,-678
104900082,5,565,-560
104900085,14,359,-345
104900087,498,5,493
104900089,116,2,114
104900090,650,717,-67
104900091,627,1494,-867
104900093,313,860,-547
104900097,5438,1993,3445
104900098,96,48,48
104900099,94,589,-495
104900100,1330,302,1028
104900102,22,459,-437
104900103,591,194,397
104900104,5133,1783,3350
104900106,86,187,-101
104900107,71,506,-435
104900108,35,552,-517
104900109,92,266,-174
104900110,18,80,-62
104900111,197,239,-42
104900112,236,1579,-1343
104900113,662,742,-80
104900114,303,1094,-791
104900115,606,984,-378
104900116,183,432,-249
104900118,31,109,-78
104900119,0,49,-49
104900120,134,135,-1
104900121,1,175,-174
104900122,4,201,-197
104900123,37,9,28
104900124,26,0,26
104900125,624,28,596
104900126,109,129,-20
104900127,42,53,-11
104900128,59,174,-115
104900129,4047,1659,2388
105000001,2874,2400,474
105000002,2998,2596,402
105000003,4378,5178,-800
105000004,625,1746,-1121
105000005,803,1672,-869
105000006,1284,2223,-939
105000007,1404,1774,-370
105000008,1495,2811,-1316
105000009,1642,3568,-1926
105000010,4200,4231,-31
105000011,2493,2937,-444
105000012,4832,4532,300
105000013,874,1241,-367
105000014,1678,2633,-955
105000015,11695,9496,2199
105000016,5234,2730,2504
105000017,2270,1563,707
105000018,1818,1357,461
105000019,2051,1215,836
105000020,228,396,-168
105000021,336,180,156
105000022,266,66,200
105000023,705,326,379
105000028,124,223,-99
105000029,445,1467,-1022
105000030,4967,5257,-290
105000033,1041,2969,-1928
105000034,308,826,-518
105000037,842,1003,-161
105000038,2033,1909,124
105000039,3457,3011,446
105000040,839,1309,-470
105000041,688,2204,-1516
105000042,3582,1764,1818
105000043,2673,3394,-721
105000044,525,527,-2
105000045,451,1341,-890
105000046,902,451,451
105000047,582,2135,-1553
105000048,626,311,315
105000049,308,1118,-810
105000050,598,573,25
105000051,355,824,-469
105000052,612,1659,-1047
105000053,199,261,-62
105000054,330,1622,-1292
105000055,485,809,-324
105000056,1149,4339,-3190
105000057,1380,1489,-109
105000058,1849,2266,-417
105000059,636,831,-195
105000060,715,1165,-450
105000061,558,723,-165
105000062,1310,2005,-695
105000063,519,1172,-653
105000064,1256,1067,189
105000065,522,1682,-1160
105000066,1552,3457,-1905
105000067,1303,843,460
105000068,957,1471,-514
105000069,5629,1287,4342
105000070,1408,1041,367
105000071,501,800,-299
105000072,1091,1614,-523
105000073,994,830,164
105000074,1221,1337,-116
105000075,804,1177,-373
105000076,1756,1458,298
105000077,2329,1134,1195
105000078,1972,1650,322
105000079,2357,2259,98
105000080,2517,1570,947
105000081,2046,974,1072
105000082,1044,700,344
105000083,2208,1334,874
105000084,834,1750,-916
105000085,1659,1330,329
105000086,758,1272,-514
105000087,4611,2756,1855
105000088,1628,1895,-267
105000089,4328,3396,932
105000090,1183,1232,-49
105000091,1994,2557,-563
105000092,741,1479,-738
105000093,482,304,178
105000094,343,363,-20
105000095,116,507,-391
105000096,1448,945,503
105000097,1570,930,640
105000098,1020,828,192
105000099,1274,1298,-24
105000100,1183,1679,-496
105000101,2144,3683,-1539
105000102,2267,2346,-79
105000103,2058,4148,-2090
105000104,2107,1682,425
105000105,1337,3477,-2140
105000106,1485,2789,-1304
105000107,976,1777,-801
105000108,1329,3538,-2209
105000109,1475,2996,-1521
105000110,808,1719,-911
105000111,742,1030,-288
105000112,1214,1586,-372
105000113,547,921,-374
105000114,7019,1518,5501
105000115,378,1095,-717
105000116,654,682,-28
105000117,1033,2225,-1192
105000118,324,554,-230
105000119,625,2210,-1585
105000120,819,844,-25
105000121,980,2181,-1201
105000122,408,704,-296
105000123,1629,2547,-918
105000124,1525,1502,23
105000125,828,3110,-2282
105000126,2402,3999,-1597
105000127,3090,3135,-45
105000128,624,2430,-1806
105000129,982,470,512
105000130,227,1795,-1568
105000131,1010,572,438
105000132,732,596,136
105000133,402,1624,-1222
105000134,574,826,-252
105000135,463,976,-513
105000136,145,550,-405
105000137,299,334,-35
105000138,230,545,-315
105000139,1371,1781,-410
105000140,274,745,-471
105000141,320,1236,-916
105000142,193,743,-550
105000143,289,1303,-1014
105000144,358,1194,-836
105000145,768,806,-38
105000146,677,1183,-506
105000147,518,609,-91
105000148,1212,927,285
105000149,2178,3093,-915
105000150,2582,2339,243
105000151,519,600,-81
105000152,255,1225,-970
105000153,711,842,-131
105000154,800,1712,-912
105000155,358,1207,-849
105000156,1161,1639,-478
105000157,1185,4014,-2829
105000158,2108,1111,997
105000159,308,2318,-2010
105000160,1631,832,799
105000161,973,3061,-2088
105000162,786,1826,-1040
105000163,2889,1899,990
105000164,217,447,-230
105000165,3190,4910,-1720
105000166,11335,588,10747
105000167,5837,1798,4039
105000168,362,1579,-1217
105000169,400,706,-306
105000170,122,2008,-1886
105000171,1546,659,887
105000172,96,99,-3
105000173,77,42,35
105000174,56,52,4
105000175,115,184,-69
105000176,197,105,92
105000177,216,172,44
105000178,143,1413,-1270
105000179,223,190,33
105000180,119,125,-6
105000181,96,899,-803
105000182,65,61,4
105000183,4595,2423,2172
105000184,1382,1206,176
105000185,1583,1010,573
105000186,423,1315,-892
105000187,889,347,542
105000188,438,208,230
105000189,249,871,-622
105000190,234,505,-271
105000191,359,543,-184
105000192,236,105,131
105000193,85,247,-162
105000194,222,123,99
105000195,364,1808,-1444
105000196,45,140,-95
105000197,289,1071,-782
105000198,810,520,290
105000199,365,453,-88
105000200,157,406,-249
105000201,127,30,97
105000203,9,486,-477
105000204,67,113,-46
105000205,102,398,-296
105000207,770,313,457
105000208,331,683,-352
105000209,289,364,-75
105000212,1213,2889,-1676
105000213,291,241,50
105000214,134,408,-274
105000215,307,432,-125
105000216,127,395,-268
105000217,165,437,-272
105000218,851,1551,-700
105000221,520,543,-23
105000222,155,112,43
105000223,202,285,-83
105000226,64,670,-606
105000227,38,371,-333
105000228,553,1293,-740
105000229,132,360,-228
105000231,305,466,-161
105000233,764,845,-81
105000234,655,2088,-1433
105000235,373,765,-392
105000237,861,108,753
105000243,42,424,-382
105000248,123,72,51
105000262,292,3257,-2965
105000269,137,333,-196
105000270,425,127,298
105000271,3,422,-419
105000282,270,88,182
105000287,400,359,41
105000288,416,785,-369
105000289,2381,1408,973
105000290,15,5,10
105000402,7717,2787,4930
105000426,486,646,-160
105000438,2213,988,1225
105000446,22241,7274,14967
105000447,11977,3997,7980
105000454,348,1367,-1019
105000455,324,315,9
105000474,14,3,11
105000477,365,602,-237
105000478,1690,3173,-1483
105000479,168,204,-36
105000480,3836,2869,967
105000481,3570,2722,848
105000482,6588,3908,2680
105000483,1669,1631,38
105000484,3111,3428,-317
105000485,1438,1966,-528
105000486,4011,3070,941
105000488,5679,4424,1255
105000489,891,1195,-304
105000549,40,245,-205
105000550,576,1983,-1407
105000551,17,155,-138
105000552,4862,2748,2114
105900001,22,1701,-1679
105900002,2606,595,2011
105900003,10,111,-101
105900004,474,176,298
105900005,11,363,-352
105900006,5,74,-69
105900007,128,25,103
105900008,54,1128,-1074
105900009,18,8,10
105900011,216,63,153
105900012,572,177,395
105900013,2,36,-34
105900014,11,116,-105
105900015,212,660,-448
105900016,333,1145,-812
105900017,855,93,762
105900018,303,439,-136
105900019,68,713,-645
105900020,58,68,-10
105900021,39,747,-708
105900022,306,573,-267
105900023,3,211,-208
105900024,7,262,-255
105900025,71,86,-15
105900026,368,92,276
105900027,9029,5866,3163
105900028,166,259,-93
105900029,2940,405,2535
105900030,239,411,-172
105900031,760,237,523
105900032,86,303,-217
105900033,83,146,-63
105900034,181,405,-224
105900035,210,323,-113
105900036,56,228,-172
105900037,92,100,-8
105900038,254,514,-260
105900039,111,291,-180
105900040,59,145,-86
105900041,290,912,-622
105900042,54,143,-89
105900043,3207,78,3129
105900044,10,250,-240
105900045,11,796,-785
105900046,7,274,-267
105900047,12,51,-39
105900048,83,762,-679
105900050,4016,2459,1557
105900051,21,2225,-2204
105900052,409,121,288
105900053,6050,1994,4056
105900054,438,555,-117
105900056,1087,351,736
105900057,46,243,-197
105900058,9,85,-76
105900059,0,68,-68
106000001,5015,2327,2688
106000002,4003,7073,-3070
106000003,3561,3662,-101
106000004,3371,3716,-345
106000005,2825,6796,-3971
106000006,7234,6992,242
106000007,468,613,-145
106000008,438,433,5
106000009,511,432,79
106000010,617,668,-51
106000011,838,1277,-439
106000012,931,2214,-1283
106000013,2044,2397,-353
106000014,2480,2641,-161
106000015,1426,1538,-112
106000016,1386,3517,-2131
106000017,799,885,-86
106000018,785,810,-25
106000019,251,619,-368
106000020,320,675,-355
106000021,366,709,-343
106000022,392,463,-71
106000023,748,527,221
106000024,991,1237,-246
106000025,126,320,-194
106000026,136,374,-238
106000027,1220,1908,-688
106000028,659,980,-321
106000029,962,1910,-948
106000030,1241,548,693
106000034,265,821,-556
106000035,1068,1599,-531
106000036,469,571,-102
106000037,2654,2572,82
106000038,790,135,655
106000039,325,75,250
106000040,241,1090,-849
106000041,1043,465,578
106000043,682,141,541
106000046,540,65,475
106000047,72,616,-544
106000049,743,257,486
106000050,366,1457,-1091
106000051,554,584,-30
106000052,123,1068,-945
106000053,199,140,59
106000054,552,753,-201
106000055,1026,1689,-663
106000056,417,661,-244
106000057,235,375,-140
106000058,278,355,-77
106000059,301,423,-122
106000060,972,899,73
106000061,342,718,-376
106000062,199,1003,-804
106000063,907,724,183
106000064,48,811,-763
106000065,486,384,102
106000066,223,679,-456
106000067,428,193,235
106000068,115,1201,-1086
106000069,234,179,55
106000070,574,1516,-942
106000071,1158,535,623
106000072,7473,2400,5073
106000073,2727,3175,-448
106000074,542,1140,-598
106000075,523,1629,-1106
106000076,2273,2639,-366
106000077,5358,2014,3344
106000078,1055,1559,-504
106000079,728,1623,-895
106000080,1445,1220,225
106000081,800,1532,-732
106000082,3061,1368,1693
106000083,472,1975,-1503
106000084,1166,989,177
106000085,2413,1883,530
106000086,795,1152,-357
106000087,1016,882,134
106000088,494,1166,-672
106000089,1235,681,554
106000090,351,846,-495
106000091,395,1307,-912
106000092,808,430,378
106000093,426,125,301
106000094,120,649,-529
106000095,636,2220,-1584
106000096,1078,1123,-45
106000097,928,2275,-1347
106000098,650,1514,-864
106000099,298,1536,-1238
106000100,1319,415,904
106000101,2047,458,1589
106000102,278,1189,-911
106000103,401,1081,-680
106000104,918,699,219
106000105,554,1620,-1066
106000106,655,616,39
106000107,159,739,-580
106000108,232,413,-181
106000109,209,625,-416
106000110,139,486,-347
106000111,222,1067,-845
106000112,186,586,-400
106000113,2001,946,1055
106000114,577,596,-19
106000115,285,874,-589
106000116,219,417,-198
106000117,1142,1303,-161
106000118,1447,1526,-79
106000119,3606,1904,1702
106000120,862,1008,-146
106000121,193,348,-155
106000122,169,609,-440
106000123,312,504,-192
106000124,48,551,-503
106000125,35,552,-517
106000126,167,318,-151
106000127,893,1640,-747
106000128,771,494,277
106000129,620,1126,-506
106000130,782,724,58
106000131,283,1312,-1029
106000132,1144,257,887
106000133,6309,1830,4479
106000134,1353,2082,-729
106000135,369,1651,-1282
106000136,898,1048,-150
106000137,118,2577,-2459
106000138,1077,112,965
106000139,58,228,-170
106000140,46,148,-102
106000141,115,150,-35
106000142,104,137,-33
106000143,30,144,-114
106000144,19,131,-112
106000145,253,457,-204
106000146,356,353,3
106000147,609,1031,-422
106000148,702,1310,-608
106000149,665,740,-75
106000150,701,2758,-2057
106000151,7780,1162,6618
106000152,2144,2196,-52
106000153,100,2389,-2289
106000154,1985,484,1501
106000155,73,373,-300
106000156,894,614,280
106000157,852,3168,-2316
106000158,4790,1360,3430
106000159,7345,2125,5220
106000160,372,2640,-2268
106000161,2254,879,1375
106000162,262,1007,-745
106000163,368,990,-622
106000164,315,469,-154
106000165,295,1341,-1046
106000166,966,405,561
106000167,479,2163,-1684
106000168,329,347,-18
106000169,183,1333,-1150
106000170,493,460,33
106000171,165,1751,-1586
106000172,2514,1547,967
106000173,946,4786,-3840
106000174,1105,423,682
106000175,379,1724,-1345
106000176,1318,1125,193
106000177,939,4029,-3090
106000178,3127,2833,294
106000179,1379,3594,-2215
106000180,892,2721,-1829
106000181,593,3288,-2695
106000182,949,1416,-467
106000183,928,1789,-861
106000184,1495,1804,-309
106000185,790,1508,-718
106000186,1207,195,1012
106000187,344,1180,-836
106000188,0,0,0
106000189,2,107,-105
106000190,5,4,1
106000191,686,251,435
106000192,0,44,-44
106000193,479,231,248
106000194,262,485,-223
106000195,727,227,500
106000196,163,750,-587
106000197,480,652,-172
106000198,193,463,-270
106000199,1433,661,772
106000200,1015,248,767
106000201,750,2215,-1465
106000202,12133,1031,11102
106000203,295,320,-25
106000204,49,8,41
106000205,24,279,-255
106000206,87,21,66
106000207,62,1397,-1335
106000208,956,152,804
106000209,1237,525,712
106000210,336,2282,-1946
106000211,420,2239,-1819
106000212,877,303,574
106000213,1202,2133,-931
106000214,4110,711,3399
106000215,353,773,-420
106000216,438,482,-44
106000217,453,772,-319
106000218,660,523,137
106000219,169,456,-287
106000220,568,437,131
106000221,164,441,-277
106000222,67,186,-119
106000223,131,180,-49
106000224,233,443,-210
106000225,80,104,-24
106000226,234,537,-303
106000228,53,220,-167
106000229,83,1066,-983
106000231,928,268,660
106000232,77,554,-477
106000233,415,250,165
106000234,81,260,-179
106000235,516,91,425
106000236,253,88,165
106000237,0,14,-14
106000238,29,22,7
106000239,3,180,-177
106000240,33,14,19
106000241,20,1115,-1095
106000242,230,32,198
106000249,118,131,-13
106000250,87,544,-457
106000251,61,54,7
106000252,36,180,-144
106000253,33,77,-44
106000254,41,112,-71
106000255,17,181,-164
106000256,82,131,-49
106000257,168,411,-243
106000258,257,24,233
106000259,12,31,-19
106000260,19,9,10
106000261,1,90,-89
106000262,59,16,43
106000263,12,133,-121
106000264,202,19,183
106000265,7,235,-228
106000266,126,29,97
106000267,10,163,-153
106000268,637,32,605
106000269,104,126,-22
106000270,199,590,-391
106000271,71,249,-178
106000272,104,111,-7
106000273,15,240,-225
106000274,222,77,145
106000275,196,304,-108
106000276,208,88,120
106000277,178,233,-55
106000278,209,83,126
106000279,17,126,-109
106000280,75,269,-194
106000281,126,201,-75
106000282,99,109,-10
106000283,154,201,-47
106000284,85,179,-94
106000285,172,268,-96
106000286,122,268,-146
106000287,136,164,-28
106000288,144,231,-87
106000289,82,166,-84
106000290,99,152,-53
106000291,104,204,-100
106000292,103,187,-84
106000293,121,217,-96
106000294,164,203,-39
106000295,77,108,-31
106000296,86,153,-67
106000297,85,413,-328
106000298,196,101,95
106000299,143,333,-190
106000300,88,155,-67
106000301,96,152,-56
106000303,24,104,-80
106000304,55,91,-36
106000305,27,121,-94
106000306,45,151,-106
106000307,45,37,8
106000308,43,337,-294
106000309,29,136,-107
106000310,262,996,-734
106000311,372,215,157
106000312,110,347,-237
106000313,165,344,-179
106000318,341,337,4
106000319,783,116,667
106000320,0,55,-55
106000321,616,77,539
106000322,122,307,-185
106000324,8,300,-292
106000325,1327,1010,317
106000326,1117,2637,-1520
106000327,79,213,-134
106000328,19,130,-111
106000329,66,509,-443
106000330,55,73,-18
106000428,58,200,-142
106000429,164,716,-552
106000430,491,2325,-1834
106000431,1784,454,1330
106000432,2262,4074,-1812
106000433,1906,1197,709
106000434,3473,1462,2011
106000435,3123,4214,-1091
106000436,18,565,-547
106000437,228,42,186
106000438,440,152,288
106000439,71,934,-863
106000440,283,809,-526
106000441,1,0,1
106000442,161,11,150
106000443,157,846,-689
106000450,1,436,-435
106000451,22,29,-7
106000454,8,171,-163
106000455,13,231,-218
106000456,129,38,91
106000457,5,1822,-1817
106000458,363,319,44
106000459,53,719,-666
106000460,843,79,764
106000461,63,3305,-3242
106000462,0,18,-18
106000463,4,46,-42
106000464,2,954,-952
106000465,350,3,347
106000466,3,1213,-1210
106000467,682,894,-212
106000468,64,366,-302
106000469,408,4,404
106000470,338,2048,-1710
106000471,51,1184,-1133
106000472,175,20,155
106000473,34,46,-12
106000474,361,1060,-699
106000475,285,182,103
106000476,228,208,20
106000477,13,50,-37
106900001,1,37,-36
106900002,6,1132,-1126
106900003,352,1841,-1489
106900004,3,143,-140
106900006,0,54,-54
106900007,0,50,-50
106900008,213,528,-315
106900009,302,841,-539
106900010,226,570,-344
106900012,3949,2930,1019
106900013,797,136,661
106900014,33,7,26
106900015,14,2,12
106900016,261,3,258
106900017,10,2,8
106900018,3,0,3
106900019,41,5,36
106900020,5033,1373,3660
106900021,32,107,-75
106900022,351,4,347
106900023,19,470,-451
106900024,777,27,750
106900025,78,1265,-1187
106900026,11,1372,-1361
106900027,482,0,482
107000001,3997,2678,1319
107000002,5602,5811,-209
107000003,4883,6318,-1435
107000004,6653,8026,-1373
107000005,2900,5450,-2550
107000006,4988,9629,-4641
107000007,5221,10895,-5674
107000008,20228,15879,4349
107000009,5429,6779,-1350
107000010,12380,15738,-3358
107000011,1449,1838,-389
107000012,6366,5936,430
107000013,61,191,-130
107000014,27,383,-356
107000015,493,1244,-751
107000016,568,1794,-1226
107000017,6862,1737,5125
107000018,31,826,-795
107000020,3971,1017,2954
107000021,1803,1164,639
107000022,1601,2221,-620
107000023,2094,500,1594
107000024,633,2678,-2045
107000025,206,510,-304
107000026,203,1017,-814
107000027,1151,1450,-299
107000028,1589,2708,-1119
107000029,2417,2791,-374
107000030,4165,5241,-1076
107000031,3349,3118,231
107000032,478,1305,-827
107000033,5279,7302,-2023
107000034,7782,3251,4531
107000035,369,261,108
107000036,580,1602,-1022
107000037,76,993,-917
107000038,321,428,-107
107000039,791,883,-92
107000040,188,454,-266
107000041,2304,936,1368
107000042,1056,2326,-1270
107000043,4486,1330,3156
107000044,803,447,356
107000045,129,430,-301
107000046,864,599,265
107000047,594,1195,-601
107000048,774,429,345
107000049,780,1148,-368
107000050,1175,718,457
107000051,898,530,368
107000052,1478,1120,358
107000053,535,280,255
107000054,73,421,-348
107000055,130,119,11
107000056,492,1108,-616
107000057,2245,303,1942
107000058,2439,2887,-448
107000059,3070,4947,-1877
107000060,3850,6657,-2807
107000061,7388,6139,1249
107000062,3391,3794,-403
107000063,5177,9802,-4625
107000064,3865,2529,1336
107000065,5071,8675,-3604
107000066,2220,2922,-702
107000067,1097,1283,-186
107000068,1870,733,1137
107000069,974,625,349
107000070,681,51,630
107000071,2265,31,2234
107000072,89,5780,-5691
107000073,434,252,182
107000074,212,1401,-1189
107000075,1448,618,830
107000076,1287,2390,-1103
107000077,3175,1241,1934
107000078,2813,4780,-1967
107000079,2351,904,1447
107000080,1635,4582,-2947
107000081,1096,680,416
107000082,758,3872,-3114
107000083,1041,471,570
107000084,611,3606,-2995
107000085,2879,3760,-881
107000086,4294,4530,-236
107000087,2832,2348,484
107000088,3192,5000,-1808
107000089,1749,2045,-296
107000090,1264,1614,-350
107000091,1270,1120,150
107000092,888,1646,-758
107000093,1122,1026,96
107000094,1197,2002,-805
107000095,627,858,-231
107000096,848,1811,-963
107000097,601,355,246
107000098,412,1082,-670
107000099,696,353,343
107000100,544,530,14
107000101,73,245,-172
107000102,594,569,25
107000103,471,262,209
107000104,361,594,-233
107000105,493,192,301
107000106,222,593,-371
107000107,556,319,237
107000108,192,1396,-1204
107000109,553,227,326
107000110,108,1132,-1024
107000111,238,66,172
107000112,60,748,-688
107000113,637,163,474
107000114,134,1279,-1145
107000115,692,177,515
107000116,159,1545,-1386
107000117,138,596,-458
107000118,270,480,-210
107000119,2924,1785,1139
107000120,4303,495,3808
107000121,720,1044,-324
107000122,1436,1349,87
107000123,378,1339,-961
107000124,584,1374,-790
107000125,775,1347,-572
107000126,846,1357,-511
107000129,354,933,-579
107000130,554,723,-169
107000131,660,1062,-402
107000132,667,462,205
107000133,486,237,249
107000134,238,1,237
107000135,5,331,-326
107000136,552,4,548
107000137,16,562,-546
107000138,269,18,251
107000139,22,530,-508
107000140,1089,111,978
107000141,182,1159,-977
107000142,325,96,229
107000143,84,1358,-1274
107000144,338,411,-73
107000145,161,883,-722
107000146,205,301,-96
107000147,3996,957,3039
107000150,1211,3217,-2006
107000151,75,83,-8
107000152,767,877,-110
107000153,787,575,212
107000154,231,175,56
107000155,874,34,840
107000156,1350,55,1295
107000157,62,3387,-3325
107000158,463,22,441
107000159,44,2269,-2225
107000160,775,146,629
107000161,149,3168,-3019
107000162,240,545,-305
107000163,85,1,84
107000164,337,3,334
107000165,672,2,670
107000166,112,2128,-2016
107000167,566,454,112
107000168,800,426,374
107000169,1474,1274,200
107000170,1485,905,580
107000171,683,3984,-3301
107000172,910,1237,-327
107000173,838,2204,-1366
107000174,961,5166,-4205
107000175,13999,2477,11522
107000176,2,0,2
107000177,5,3,2
107000178,9,64,-55
107000179,258,4486,-4228
107000180,1305,559,746
107000181,468,2299,-1831
107000182,1469,1597,-128
107000183,177,1446,-1269
107000184,949,1246,-297
107000185,760,1971,-1211
107000186,1236,441,795
107000187,1424,2124,-700
107000188,571,802,-231
107000189,435,1490,-1055
107000190,596,1334,-738
107000191,584,1370,-786
107000192,1697,1874,-177
107000193,486,575,-89
107000194,1110,1405,-295
107000197,897,336,561
107000198,484,1068,-584
107000199,836,892,-56
107000200,1661,816,845
107000201,349,285,64
107000202,275,668,-393
107000203,986,706,280
107000204,1493,865,628
107000205,2805,1550,1255
107000206,1266,1540,-274
107000207,994,1784,-790
107000208,1914,621,1293
107000209,3450,1502,1948
107000210,1485,597,888
107000211,13,50,-37
107000212,20,555,-535
107000213,17,33,-16
107000214,27,331,-304
107000215,431,702,-271
107000216,325,697,-372
107000217,110,226,-116
107000219,102,144,-42
107000220,143,440,-297
107000222,249,1056,-807
107000224,526,99,427
107000225,297,1075,-778
107000226,289,149,140
107000227,130,742,-612
107000228,187,241,-54
107000229,574,268,306
107000230,1443,719,724
107000231,2252,1059,1193
107000232,188,176,12
107000233,1531,771,760
107000234,3,37,-34
107000235,112,8,104
107000236,34,791,-757
107000237,11,0,11
107000238,22,2,20
107000239,8115,719,7396
107000240,102,1876,-1774
107000241,192,27,165
107000242,1182,100,1082
107000243,0,118,-118
107000244,3,135,-132
107000246,4,1617,-1613
107000249,6,1666,-1660
107000251,1,487,-486
107000252,4,2022,-2018
107000255,1388,171,1217
107000257,6,859,-853
107000258,1,242,-241
107000259,0,395,-395
107000260,432,5,427
107000262,18,1186,-1168
107000263,220,7,213
107000266,13,6,7
107000267,91,365,-274
107000268,181,335,-154
107000269,567,40,527
107000270,0,21,-21
107000271,12,1535,-1523
107000272,15,353,-338
107000273,3,398,-395
107000274,2568,331,2237
107000275,227,1219,-992
107000280,560,38,522
107000281,50,1877,-1827
107000282,44,1808,-1764
107000290,9,53,-44
107000291,37,23,14
107000292,3,48,-45
107000293,158,8,150
107000294,0,49,-49
107000295,69,1,68
107000296,1,23,-22
107000444,244,9,235
107000496,3,22,-19
107000497,1852,4179,-2327
107000500,345,507,-162
107000501,95,293,-198
107000502,203,516,-313
107000505,1135,1150,-15
107000506,3,22,-19
107000508,10,1049,-1039
107000509,281,611,-330
107000510,22,41,-19
107000514,25,422,-397
107000515,20,517,-497
107000516,319,323,-4
107000518,1030,924,106
107000519,6122,1586,4536
107000520,73,35,38
107900001,52,369,-317
107900002,48,4,44
107900003,377,21,356
107900004,81,5,76
107900005,692,2,690
107900006,199,4,195
107900007,229,35,194
107900008,70,61,9
107900009,201,3,198
107900010,28,0,28
107900012,541,36,505
107900013,435,166,269
107900014,25,9,16
107900015,704,10,694
107900016,677,176,501
107900017,17,6,11
107900018,101,103,-2
107900019,22,156,-134
107900020,107,17,90
107900021,52,241,-189
107900023,5,3,2
107900024,0,48,-48
107900025,235,506,-271
107900026,26,207,-181
107900027,64,90,-26
107900028,49,116,-67
107900030,290,42,248
107900031,115,457,-342
107900032,3,11,-8
107900033,24,5,19
107900034,374,16,358
107900035,629,35,594
107900036,30,8,22
107900037,0,60,-60
107900038,186,228,-42
107900039,8,131,-123
107900040,60,244,-184
107900041,2,2,0
107900043,107,427,-320
107900044,7,3,4
107900045,77,43,34
107900046,118,148,-30
107900047,33,130,-97
107900048,246,16,230
107900049,490,1709,-1219
107900050,140,482,-342
107900051,110,182,-72
107900052,15,51,-36
107900053,15,115,-100
107900055,1126,462,664
107900056,119,39,80
107900057,1,0,1
107900058,33,1141,-1108
107900060,26,46,-20
107900061,32,10,22
107900063,166,225,-59
107900064,535,120,415
107900065,155,16,139
107900066,11,18,-7
107900067,0,0,0
107900068,210,296,-86
107900069,42,1356,-1314
107900070,98,31,67
107900071,29,1566,-1537
107900072,47,395,-348
107900073,86,142,-56
107900074,1301,232,1069
107900076,207,145,62
107900077,68,0,68
107900078,282,47,235
107900079,12,30,-18
107900080,200,370,-170
107900081,35,109,-74
107900082,34,24,10
107900083,410,190,220
107900084,179,232,-53
107900086,43,180,-137
107900087,687,108,579
107900088,32,10,22
107900089,383,1418,-1035
107900090,855,1882,-1027
107900091,259,741,-482
107900092,2759,742,2017
107900093,81,96,-15
107900095,4180,2043,2137
107900097,28,139,-111
107900098,87,291,-204
107900100,1470,1196,274
107900101,1491,231,1260
107900102,26,5,21
107900103,41,215,-174
107900104,186,4,182
107900105,1,933,-932
107900106,6,2309,-2303
107900107,2269,334,1935
107900108,529,175,354
107900109,972,17,955
107900110,21,207,-186
107900111,11,1769,-1758
107900112,182,609,-427
107900113,199,181,18
107900114,122,345,-223
107900115,4,56,-52
107900116,89,402,-313
107900117,399,762,-363
107900118,87,237,-150
107900119,59,233,-174
107900120,34,13,21
107900121,2,171,-169
107900122,3,82,-79
107900123,7,37,-30
107900124,64,57,7
107900125,41,262,-221
107900126,1,25,-24
107900127,781,218,563
107900128,155,117,38
107900129,33,54,-21
107900130,52,31,21
107900131,708,170,538
107900132,138,663,-525
107900133,1,143,-142
107900134,22,32,-10
107900135,8,279,-271
107900136,59,50,9
107900137,129,151,-22
107900138,38,59,-21
107900139,29,55,-26
107900140,194,105,89
107900141,62,65,-3
107900142,75,1731,-1656
107900143,66,65,1
107900144,0,240,-240
107900145,16,192,-176
107900146,26,258,-232
107900147,43,38,5
107900148,314,291,23
107900149,2739,278,2461
107900150,113,1539,-1426
107900151,8,134,-126
107900152,26,498,-472
107900153,195,376,-181
107900154,42,16,26
107900155,31,49,-18
107900156,16,587,-571
107900157,55,123,-68
107900158,602,12,590
107900159,55,1889,-1834
107900160,77,261,-184
107900161,49,380,-331
107900162,1,294,-293
107900163,118,125,-7
107900164,12,33,-21
107900165,16,54,-38
107900166,15,417,-402
107900167,35,64,-29
107900168,18,72,-54
107900169,1,224,-223
107900171,12,3173,-3161
107900172,10,487,-477
107900173,21,341,-320
107900174,94,7,87
107900175,16,42,-26
107900176,11,70,-59
107900177,7,373,-366
107900178,19,337,-318
107900179,14,232,-218
107900180,1456,380,1076
107900181,420,740,-320
107900182,9,2603,-2594
107900183,43,598,-555
107900184,69,394,-325
107900185,79,13,66
107900186,15,61,-46
107900187,2,174,-172
107900188,1167,167,1000
107900189,20,199,-179
107900190,145,77,68
107900191,85,253,-168
107900193,13,53,-40
107900194,127,8,119
107900195,6443,791,5652
107900196,77,111,-34
107900197,1229,265,964
107900199,5,1584,-1579
107900201,143,187,-44
107900203,59,110,-51
107900204,394,417,-23
107900205,260,591,-331
107900206,766,258,508
107900207,3,972,-969
107900208,16,1274,-1258
107900209,524,187,337
107900210,91,184,-93
107900213,1007,782,225
107900214,12,261,-249
107900215,268,445,-177
107900216,119,116,3
107900217,46,80,-34
107900218,28,2501,-2473
107900219,31,234,-203
107900220,248,186,62
107900221,330,270,60
107900223,81,960,-879
107900224,209,426,-217
107900225,14,1475,-1461
107900226,76,172,-96
107900227,214,687,-473
107900228,21,142,-121
107900229,6,526,-520
107900230,7,237,-230
107900231,16,336,-320
107900232,25,354,-329
107900233,7,160,-153
107900234,114,223,-109
107900235,39,188,-149
107900236,67,108,-41
107900237,117,802,-685
107900238,34,127,-93
107900239,1983,571,1412
107900240,11,231,-220
107900241,21,137,-116
107900242,25,561,-536
107900243,2,50,-48
107900244,266,3,263
107900245,365,49,316
107900246,326,34,292
107900248,136,795,-659
107900249,484,22,462
107900250,5,860,-855
107900251,72,2146,-2074
107900252,834,19,815
107900253,133,2,131
107900254,53,493,-440
107900255,488,82,406
107900256,2241,1064,1177
107900257,145,115,30
107900258,89,393,-304
107900259,142,1356,-1214
107900261,4,656,-652
107900262,39,232,-193
107900264,187,7,180
107900265,102,365,-263
107900267,222,21,201
107900268,74,12,62
107900269,0,16,-16
107900270,1,0,1
107900271,2,24,-22
107900272,191,26,165
107900273,45,132,-87
107900274,38,0,38
107900275,16,0,16
107900276,1,92,-91
107900277,2,323,-321
107900278,190,519,-329
107900279,209,175,34
107900280,2482,2312,170
107900281,5385,1730,3655
107900282,190,352,-162
107900283,2148,607,1541
107900284,323,1117,-794
107900285,61,206,-145
107900286,154,142,12
107900287,93,257,-164
107900290,5,87,-82
107900291,520,11,509
107900292,132,483,-351
107900293,75,934,-859
107900295,100,225,-125
107900297,7,435,-428
107900298,1096,1463,-367
107900299,5824,3426,2398
107900300,69,303,-234
107900301,726,495,231
107900302,151,41,110
107900303,105,507,-402
107900304,272,872,-600
107900305,287,13,274
107900306,30,31,-1
107900307,57,423,-366
107900308,302,132,170
107900309,53,0,53
107900310,49,0,49
107900311,316,136,180
107900312,28,0,28
107900313,2,114,-112
107900314,0,65,-65
107900315,2,86,-84
107900316,78,3,75
107900317,124,14,110
107900318,3,244,-241
107900319,2,446,-444
107900320,7,297,-290
107900321,101,6,95
107900322,1,319,-318
107900323,24,250,-226
107900324,160,2,158
107900325,105,0,105
107900326,194,591,-397
107900327,2,21,-19
107900328,6,0,6
107900329,19,25,-6
107900330,10,1153,-1143
107900331,204,42,162
107900332,220,81,139
107900333,35,37,-2
107900334,17,450,-433
107900335,73,77,-4
107900336,23,64,-41
107900337,2074,744,1330
107900338,2,185,-183
107900339,0,25,-25
107900340,9,93,-84
107900341,31,0,31
107900342,195,281,-86
107900343,55,4,51
107900344,8,294,-286
107900345,96,27,69
107900346,48,1,47
107900347,37,2,35
107900348,24,6,18
107900349,34,9,25
107900350,40,418,-378
108000001,2554,4141,-1587
108000002,2659,4626,-1967
108000003,3303,2748,555
108000004,21356,22482,-1126
108000005,7045,4697,2348
108000006,9564,10179,-615
108000007,5022,4142,880
108000008,6486,8538,-2052
108000009,3592,4337,-745
108000010,4370,7135,-2765
108000011,11663,11610,53
108000012,24608,22619,1989
108000014,848,703,145
108000015,625,411,214
108000016,258,818,-560
108000017,844,481,363
108000018,1463,656,807
108000019,2073,842,1231
108000020,1530,605,925
108000021,510,2368,-1858
108000022,799,2428,-1629
108000023,1313,259,1054
108000024,200,1033,-833
108000025,239,358,-119
108000026,375,839,-464
108000027,524,563,-39
108000028,262,378,-116
108000029,421,586,-165
108000030,567,292,275
108000031,237,690,-453
108000032,1169,707,462
108000033,760,2084,-1324
108000034,1471,500,971
108000035,1327,3842,-2515
108000036,456,2263,-1807
108000037,1666,445,1221
108000038,2385,547,1838
108000039,745,4240,-3495
108000040,1665,897,768
108000041,811,4267,-3456
108000042,225,336,-111
108000043,218,376,-158
108000044,351,218,133
108000045,320,863,-543
108000046,1305,412,893
108000047,546,1610,-1064
108000048,162,570,-408
108000049,653,277,376
108000050,107,685,-578
108000051,260,112,148
108000052,347,1031,-684
108000053,315,173,142
108000054,743,1591,-848
108000055,1304,558,746
108000056,1068,1590,-522
108000057,636,1098,-462
108000058,2447,3583,-1136
108000059,5079,2951,2128
108000060,199,502,-303
108000061,216,473,-257
108000062,741,647,94
108000063,416,970,-554
108000064,214,345,-131
108000065,551,996,-445
108000066,2366,1114,1252
108000067,1875,670,1205
108000068,725,377,348
108000069,357,1407,-1050
108000070,1665,761,904
108000071,742,2393,-1651
108000072,1467,1205,262
108000073,1935,2720,-785
108000074,344,461,-117
108000075,467,1107,-640
108000076,948,719,229
108000077,1021,1000,21
108000078,1901,2111,-210
108000079,1124,2426,-1302
108000080,762,921,-159
108000081,510,3817,-3307
108000082,1414,3114,-1700
108000083,1926,992,934
108000084,536,2131,-1595
108000085,642,514,128
108000086,1172,1373,-201
108000087,186,2058,-1872
108000088,154,11,143
108000089,338,428,-90
108000090,326,176,150
108000091,134,925,-791
108000092,77,160,-83
108000093,150,1490,-1340
108000094,648,172,476
108000095,239,1019,-780
108000096,259,233,26
108000097,176,1082,-906
108000098,1208,2035,-827
108000099,287,137,150
108000100,51,210,-159
108000101,914,1703,-789
108000102,1612,2866,-1254
108000106,972,2,970
108000107,2,1313,-1311
108000108,518,61,457
108000109,12,1348,-1336
108000110,243,424,-181
108000111,179,1333,-1154
108000112,58,161,-103
108000113,714,447,267
108000115,656,756,-100
108000117,923,536,387
108000118,154,183,-29
108000119,880,682,198
108000120,132,912,-780
108000121,197,920,-723
108000122,345,522,-177
108000123,727,577,150
108000124,288,842,-554
108000125,250,560,-310
108000126,123,947,-824
108000127,388,490,-102
108000128,588,1094,-506
108000129,289,2028,-1739
108000130,404,336,68
108000131,874,487,387
108000132,2485,2242,243
108000133,742,686,56
108000134,803,1021,-218
108000135,1061,413,648
108000136,1471,1569,-98
108000137,330,653,-323
108000138,343,1568,-1225
108000139,249,456,-207
108000140,51,31,20
108000141,27,345,-318
108000142,58,320,-262
108000143,40,105,-65
108000144,32,23,9
108000145,45,134,-89
108000146,45,15,30
108000147,40,152,-112
108000148,62,12,50
108000149,57,90,-33
108000150,34,12,22
108000151,19,32,-13
108000152,120,1054,-934
108000153,308,144,164
108000154,72,38,34
108000155,9,23,-14
108000156,558,182,376
108000157,194,718,-524
108000158,98,831,-733
108000159,962,229,733
108000160,7865,1224,6641
108000161,7977,2239,5738
108000165,6,144,-138
108000172,4,288,-284
108000173,4143,1949,2194
108000175,159,97,62
108000178,375,502,-127
108000179,312,724,-412
108000181,74,57,17
108000182,212,30,182
108000183,56,78,-22
108000184,1746,2171,-425
108000185,182,956,-774
108000186,119,103,16
108000187,73,1303,-1230
108000188,420,376,44
108000189,903,1152,-249
108000190,31,161,-130
108000192,158,975,-817
108000193,1378,84,1294
108000194,18,17,1
108000195,7,1955,-1948
108000196,254,294,-40
108000198,536,472,64
108000199,0,149,-149
108000200,255,1180,-925
108000202,0,206,-206
108000203,96,1435,-1339
108000204,98,50,48
108000205,552,940,-388
108000339,1951,367,1584
108000364,168,332,-164
108000365,61,556,-495
108000367,255,616,-361
108000368,7,49,-42
108000369,2466,172,2294
108000371,3,941,-938
108000372,472,5,467
108000373,120,239,-119
108000376,50,41,9
108000377,317,470,-153
108000378,10128,11027,-899
108000379,54,300,-246
108000381,57,15,42
108000382,102,0,102
108000383,0,137,-137
108900001,239,1867,-1628
108900002,275,109,166
108900003,397,1714,-1317
108900004,150,269,-119
108900005,54,259,-205
108900006,802,239,563
108900007,137,262,-125
108900008,75,205,-130
108900009,79,113,-34
108900010,120,237,-117
108900011,364,499,-135
108900012,336,687,-351
108900013,123,434,-311
108900014,13,125,-112
108900015,0,19,-19
108900016,0,312,-312
108900017,180,276,-96
108900018,97,882,-785
108900019,44,2073,-2029
108900020,51,454,-403
108900021,115,486,-371
108900022,68,7,61
108900023,2,24,-22
108900024,17,168,-151
108900025,91,169,-78
108900026,19,136,-117
108900027,0,127,-127
108900028,50,747,-697
108900029,79,257,-178
108900030,0,197,-197
108900031,71,858,-787
108900032,14,406,-392
108900033,0,104,-104
108900034,3,453,-450
108900035,358,2514,-2156
108900036,270,572,-302
108900037,71,827,-756
108900038,2,736,-734
108900039,2,897,-895
108900040,3,197,-194
108900041,7668,3225,4443
108900042,9,432,-423
108900043,81,781,-700
108900044,4,1137,-1133
108900045,50,1082,-1032
108900046,77,1984,-1907
108900047,1,128,-127
108900048,155,1955,-1800
108900049,8707,1455,7252
108900050,3,391,-388
108900051,3,352,-349
108900052,15,503,-488
108900053,173,190,-17
108900054,89,442,-353
108900055,81,706,-625
108900056,1,264,-263
108900057,0,346,-346
108900058,32,746,-714
108900059,425,51,374
108900060,64,182,-118
108900061,92,63,29
108900062,7,560,-553
108900063,8,712,-704
108900064,122,69,53
108900065,15,463,-448
108900066,301,138,163
108900067,36,393,-357
108900068,0,166,-166
108900069,44,236,-192
108900070,37,260,-223
108900071,56,75,-19
108900072,3909,506,3403
108900073,15,151,-136
108900074,183,865,-682
108900075,59,72,-13
108900076,290,102,188
108900077,133,201,-68
108900078,27,292,-265
108900079,1206,431,775
108900080,19,668,-649
108900081,64,427,-363
108900082,39,138,-99
108900083,29,252,-223
108900084,454,220,234
108900085,3210,265,2945
108900086,81,506,-425
108900087,157,362,-205
108900088,928,381,547
108900089,22,166,-144
108900090,42,678,-636
108900091,225,175,50
108900092,461,402,59
108900093,100,96,4
108900094,315,119,196
108900095,65,992,-927
108900096,626,64,562
108900097,464,326,138
108900098,4717,660,4057
108900099,365,468,-103
108900100,47,230,-183
108900101,286,139,147
108900102,194,1025,-831
108900103,59,80,-21
108900104,260,687,-427
108900105,14,1024,-1010
108900106,265,864,-599
108900108,307,72,235
108900109,12,31,-19
108900110,183,785,-602
108900111,369,1150,-781
108900112,192,37,155
108900113,93,39,54
108900114,1,4,-3
108900115,102,100,2
108900116,43,22,21
108900117,121,13,108
108900118,546,12,534
108900119,164,45,119
108900120,118,178,-60
108900121,368,98,270
108900122,95,55,40
108900123,112,110,2
108900124,375,227,148
108900125,249,1,248
108900126,149,16,133
108900127,158,37,121
108900128,89,41,48
108900129,702,186,516
108900130,234,2,232
108900131,367,5,362
108900132,349,104,245
108900133,201,62,139
108900134,225,353,-128
108900135,84,10,74
108900136,5,0,5
108900137,116,1,115
108900138,499,15,484
108900139,425,128,297
108900140,257,341,-84
108900141,249,33,216
108900142,104,6,98
108900143,20,0,20
108900144,107,2,105
108900145,131,6,125
108900146,51,0,51
108900147,146,0,146
108900148,68,43,25
108900149,763,555,208
108900150,272,16,256
108900151,63,3,60
108900152,94,4,90
108900153,107,811,-704
108900154,4298,605,3693
108900155,282,96,186
108900156,73,12,61
108900157,15,997,-982
108900158,356,53,303
108900159,8,540,-532
108900160,15,397,-382
108900161,13,770,-757
108900162,67,1,66
108900163,5,262,-257
108900164,61,96,-35
108900165,258,135,123
108900167,3046,4172,-1126
108900168,13609,2663,10946
108900169,37,205,-168
108900171,13479,2821,10658
108900172,219,53,166
108900173,235,596,-361
108900174,602,722,-120
108900176,186,809,-623
108900177,13116,4987,8129
108900178,8392,3608,4784
108900179,642,1409,-767
108900180,118,246,-128
108900182,63,380,-317
108900183,269,313,-44
108900184,496,293,203
108900185,55,493,-438
108900186,77,564,-487
108900187,277,100,177
108900188,430,67,363
108900189,283,197,86
108900190,83,5909,-5826
108900191,210,35,175
108900192,69,352,-283
108900193,290,69,221
108900194,26,601,-575
108900195,79,648,-569
108900196,86,1055,-969
108900198,10,1154,-1144
108900199,250,495,-245
108900200,462,383,79
108900201,575,1686,-1111
108900203,539,73,466
108900204,537,22,515
108900205,240,41,199
108900206,373,67,306
108900207,279,70,209
108900208,29,526,-497
108900209,348,1017,-669
108900210,217,370,-153
108900211,161,525,-364
108900212,1214,1206,8
108900215,123,1059,-936
108900216,543,162,381
108900217,63,0,63
108900218,175,4,171
108900219,80,2,78
108900220,64,32,32
108900221,68,180,-112
108900222,221,37,184
108900223,18,130,-112
108900224,43,214,-171
108900225,3,276,-273
108900226,279,12,267
108900227,179,294,-115
108900230,806,490,316
108900231,81,388,-307
108900232,1,705,-704
108900233,383,84,299
108900234,312,136,176
108900235,384,951,-567
108900236,60,544,-484
108900237,78,434,-356
108900240,102,119,-17
108900241,23,55,-32
108900245,7,1028,-1021
108900249,112,34,78
108900250,163,139,24
108900257,169,962,-793
108900258,16,467,-451
108900259,66,144,-78
108900260,11,181,-170
108900261,201,210,-9
108900262,376,200,176
108900263,46,446,-400
108900264,640,457,183
108900265,2220,457,1763
108900266,2148,541,1607
108900267,10,108,-98
108900268,4,8,-4
108900269,59,7,52
108900270,63,21,42
108900271,22,8,14
108900272,168,10,158
108900273,1454,697,757
108900274,15,104,-89
109000001,5349,1386,3963
109000002,3927,1773,2154
109000003,2315,871,1444
109000004,609,3569,-2960
109000005,2276,1199,1077
109000006,812,3085,-2273
109000007,1569,1027,542
109000008,581,2685,-2104
109000009,3671,1757,1914
109000010,1601,6219,-4618
109000011,2622,2275,347
109000012,1795,6096,-4301
109000013,2890,2874,16
109000014,1795,5688,-3893
109000015,3678,5820,-2142
109000016,15877,6157,9720
109000017,2275,1490,785
109000018,1063,4888,-3825
109000019,2576,1614,962
109000020,1389,3106,-1717
109000023,257,36,221
109000024,3,212,-209
109000025,445,530,-85
109000026,1164,421,743
109000027,118,433,-315
109000028,173,132,41
109000029,191,188,3
109000030,85,770,-685
109000031,165,159,6
109000032,137,788,-651
109000033,379,162,217
109000034,54,71,-17
109000035,21,53,-32
109000036,112,496,-384
109000037,192,1012,-820
109000038,598,588,10
109000039,873,592,281
109000040,9622,5434,4188
109000041,7618,1492,6126
109000042,1609,1531,78
109000044,246,88,158
109000045,102,628,-526
109000046,324,118,206
109000047,82,680,-598
109000048,757,228,529
109000049,229,749,-520
109000050,340,323,17
109000051,467,357,110
109000052,536,2906,-2370
109000053,216,68,148
109000054,271,1318,-1047
109000055,204,277,-73
109000056,338,1073,-735
109000057,514,309,205
109000058,1069,379,690
109000059,850,1113,-263
109000060,644,287,357
109000061,2143,955,1188
109000062,209,350,-141
109000063,215,307,-92
109000064,150,267,-117
109000065,116,504,-388
109000066,345,228,117
109000067,52,631,-579
109000068,1085,17,1068
109000069,976,45,931
109000070,10,1309,-1299
109000071,443,112,331
109000072,104,476,-372
109000073,48,154,-106
109000074,30,283,-253
109000075,79,532,-453
109000076,115,221,-106
109000077,413,401,12
109000078,51,146,-95
109000079,135,375,-240
109000080,113,152,-39
109000081,89,825,-736
109000082,563,387,176
109000083,278,1172,-894
109000088,141,965,-824
109000089,229,47,182
109000090,202,922,-720
109000091,261,160,101
109000092,435,1120,-685
109000093,203,238,-35
109000094,375,7,368
109000095,151,993,-842
109000096,577,276,301
109000097,111,251,-140
109000098,67,115,-48
109000099,748,702,46
109000100,244,707,-463
109000101,1063,1383,-320
109000102,344,1231,-887
109000103,404,930,-526
109000104,1128,1070,58
109000105,471,2227,-1756
109000106,1590,1057,533
109000107,636,3299,-2663
109000108,1352,813,539
109000109,598,3168,-2570
109000110,1428,716,712
109000111,1316,3510,-2194
109000112,417,239,178
109000113,289,298,-9
109000114,169,499,-330
109000115,1377,72,1305
109000116,3,271,-268
109000117,137,146,-9
109000118,11,442,-431
109000119,764,650,114
109000120,186,1771,-1585
109000121,239,106,133
109000122,100,1725,-1625
109000123,26,131,-105
109000124,517,548,-31
109000125,540,410,130
109000126,340,1465,-1125
109000127,568,247,321
109000128,565,3730,-3165
109000129,1598,908,690
109000130,658,4218,-3560
109000131,645,541,104
109000132,774,3220,-2446
109000133,446,1393,-947
109000134,930,2096,-1166
109000135,1365,2034,-669
109000136,336,650,-314
109000137,240,446,-206
109000138,528,742,-214
109000139,466,592,-126
109000140,157,894,-737
109000141,327,643,-316
109000142,102,846,-744
109000143,70,90,-20
109000145,79,195,-116
109000146,80,132,-52
109000148,6544,1621,4923
109000149,18,48,-30
109000150,89,248,-159
109000155,646,799,-153
109000156,2188,1238,950
109000158,135,367,-232
109000159,145,1116,-971
109000160,885,393,492
109000161,359,2361,-2002
109000162,1796,1294,502
109000163,1021,3030,-2009
109000164,1007,3770,-2763
109000165,1320,934,386
109000166,624,184,440
109000167,106,1584,-1478
109000170,68,80,-12
109000171,60,57,3
109000172,64,79,-15
109000173,27,87,-60
109000174,108,107,1
109000175,62,182,-120
109000176,250,428,-178
109000177,20,291,-271
109000178,491,687,-196
109000179,11999,3797,8202
109000180,7626,3669,3957
109000181,11,66,-55
109000182,30,72,-42
109000183,31,67,-36
109000184,24,24,0
109000185,29,97,-68
109000188,455,4642,-4187
109000189,2006,1261,745
109000190,604,698,-94
109000191,210,867,-657
109000192,311,319,-8
109000193,150,729,-579
109000194,165,168,-3
109000195,102,779,-677
109000196,235,173,62
109000197,171,875,-704
109000198,238,87,151
109000199,134,936,-802
109000206,336,38,298
109000207,143,49,94
109000208,109,88,21
109000209,196,140,56
109000210,180,976,-796
109000211,421,521,-100
109000214,300,970,-670
109000215,77,95,-18
109000216,269,198,71
109000217,250,129,121
109000218,275,174,101
109000221,577,1763,-1186
109000222,923,238,685
109000223,249,305,-56
109000224,43,421,-378
109000225,64,96,-32
109000226,61,583,-522
109000227,989,2543,-1554
109000228,2,476,-474
109000231,2,693,-691
109000232,264,717,-453
109000236,268,1089,-821
109000241,2306,3127,-821
109000242,1709,2248,-539
109000293,11,38,-27
109000361,122,435,-313
109000364,238,903,-665
109000396,9,1310,-1301
109000397,417,14,403
109000399,121,1014,-893
109000400,45,395,-350
109000403,92,602,-510
109000406,293,12,281
109000407,286,391,-105
109000408,4,1097,-1093
109000410,797,232,565
109000411,119,20,99
109900001,64,37,27
109900002,609,32,577
109900003,242,2,240
109900004,716,373,343
109900005,12,13,-1
109900006,361,513,-152
109900007,560,1476,-916
109900008,1,52,-51
109900009,140,1398,-1258
109900010,435,21,414
109900011,55,54,1
109900012,177,220,-43
109900013,357,224,133
109900014,337,80,257
109900015,435,195,240
109900016,97,67,30
109900017,141,216,-75
109900018,251,242,9
109900019,179,107,72
109900020,33,25,8
109900021,20,11,9
109900022,55,554,-499
109900023,29,0,29
109900024,27,1,26
109900025,13,140,-127
109900026,6,362,-356
109900027,22,24,-2
109900028,4413,655,3758
109900029,8,1047,-1039
109900030,56,5,51
109900031,0,175,-175
109900032,19,495,-476
109900033,5,895,-890
109900034,16,2,14
109900035,6,21,-15
109900036,12,131,-119
109900037,50,956,-906
109900038,43,330,-287
109900039,11,0,11
109900040,46,1044,-998
109900041,67,815,-748
109900042,44,725,-681
109900044,77,460,-383
109900045,68,67,1
109900046,16,110,-94
109900047,425,447,-22
109900048,20,126,-106
109900049,3,32,-29
109900050,3,528,-525
109900051,0,53,-53
109900052,77,442,-365
109900053,10,902,-892
109900054,469,249,220
109900055,42,425,-383
109900056,40,192,-152
109900057,10,380,-370
109900058,1,256,-255
109900059,420,135,285
109900060,433,250,183
109900061,165,457,-292
109900062,1,465,-464
109900063,12,514,-502
109900064,454,506,-52
109900065,255,176,79
109900066,383,1520,-1137
109900067,0,766,-766
109900068,43,10,33
109900069,5,58,-53
109900070,57,426,-369
109900071,0,54,-54
109900072,40,229,-189
109900073,318,1387,-1069
109900074,10,53,-43
109900075,17,50,-33
109900076,13,511,-498
109900077,29,89,-60
109900078,111,416,-305
109900080,174,585,-411
109900081,8,160,-152
109900082,70,839,-769
109900083,16,68,-52
109900084,64,266,-202
109900085,246,2052,-1806
109900086,124,384,-260
109900087,395,581,-186
109900089,615,144,471
109900090,578,2231,-1653
109900091,223,103,120
109900092,1268,16,1252
109900093,617,134,483
109900094,37,138,-101
109900095,149,424,-275
109900096,29,2,27
109900097,96,2,94
109900098,275,44,231
109900099,128,3,125
109900100,67,15,52
109900101,248,15,233
109900102,384,30,354
109900103,21,64,-43
109900104,445,1828,-1383
109900105,534,54,480
109900106,439,135,304
109900107,697,120,577
109900108,128,1004,-876
109900109,41,345,-304
109900110,92,994,-902
109900111,425,2343,-1918
109900112,498,1739,-1241
109900113,517,489,28
109900114,1043,679,364
109900115,127,103,24
109900117,704,144,560
109900118,300,629,-329
109900119,581,483,98
109900120,44,24,20
109900121,333,457,-124
109900122,245,2,243
109900123,25,297,-272
109900124,65,1244,-1179
109900125,2,387,-385
109900126,197,321,-124
109900128,200,84,116
109900130,20030,2110,17920
109900131,98,226,-128
109900132,31,236,-205
109900133,75,626,-551
109900134,86,71,15
109900135,521,98,423
109900136,44,196,-152
109900137,76,745,-669
109900138,105,196,-91
109900140,194,661,-467
109900142,733,329,404
109900145,8,224,-216
109900146,402,52,350
109900148,46,115,-69
109900149,51,90,-39
109900150,6,80,-74
109900151,7,74,-67
109900152,1,23,-22
109900153,1,57,-56
109900154,27,1,26
109900155,39,10,29
109900157,81,477,-396
109900158,71,175,-104
109900159,135,39,96
109900160,131,72,59
109900161,214,95,119
109900162,175,126,49
109900163,885,527,358
109900164,42,311,-269
109900165,283,11,272
109900166,1,310,-309
109900167,116,923,-807
109900168,127,752,-625
109900169,142,180,-38
109900170,443,687,-244
109900171,139,139,0
109900172,160,277,-117
109900173,6559,2186,4373
109900174,50,202,-152
109900175,68,89,-21
109900176,115,297,-182
109900177,34,485,-451
109900178,6,163,-157
109900179,32,52,-20
109900180,10,19,-9
110000001,920,759,161
110000002,582,688,-106
110000003,1151,851,300
110000004,712,713,-1
110000005,927,1845,-918
110000006,968,550,418
110000007,180,263,-83
110000008,19,43,-24
110000009,83,83,0
110000010,20,40,-20
110000011,58,255,-197
110000012,990,783,207
110000013,42,504,-462
110000014,785,513,272
110000015,357,675,-318
110000016,378,1377,-999
110000017,5794,361,5433
110000018,5547,738,4809
110000019,20,315,-295
110000020,1013,364,649
110000021,753,524,229
110000022,1057,328,729
110000023,12,398,-386
110000024,671,677,-6
110000025,208,1,207
110000026,7,1191,-1184
110000027,780,682,98
110000028,830,886,-56
110000029,508,1568,-1060
110000030,227,395,-168
110000031,313,1002,-689
110000032,754,522,232
110000033,193,173,20
110000034,353,835,-482
110000035,774,1475,-701
110000036,809,815,-6
110000037,159,1230,-1071
110000038,229,717,-488
110000039,685,2223,-1538
110000040,324,676,-352
110000041,312,1193,-881
110000042,90,673,-583
110000043,588,272,316
110000044,127,220,-93
110000045,1270,128,1142
110000046,2,8,-6
110000047,11,40,-29
110000048,6,23,-17
110000049,21,5,16
110000050,8,40,-32
110000051,19,12,7
110000052,31,32,-1
110000053,154,5,149
110000054,226,417,-191
110000055,532,49,483
110000056,206,49,157
110000057,312,1302,-990
110000058,1010,961,49
110000059,819,640,179
110000060,581,1004,-423
110000061,1047,1080,-33
110000062,907,894,13
110000063,41,87,-46
110000064,79,325,-246
110000065,43,109,-66
110000066,56,37,19
110000067,68,881,-813
110000068,188,1084,-896
110000069,136,122,14
110000071,76,187,-111
110000073,6,28,-22
110000075,8,142,-134
110000076,384,441,-57
110000077,749,1459,-710
110000078,14,84,-70
110000080,279,828,-549
110000081,33,456,-423
110000082,29,438,-409
110000083,235,775,-540
110000084,833,764,69
110000085,2996,1948,1048
110000086,1459,1755,-296
110000087,12,61,-49
110000088,32,316,-284
110000089,301,239,62
110000090,151,626,-475
110000091,3369,395,2974
110000092,31,163,-132
110000093,47,11,36
110000094,665,288,377
110000095,106,801,-695
110000096,5372,1922,3450
110000097,962,1247,-285
110000098,1916,758,1158
110000099,964,1962,-998
110000100,536,1273,-737
110000101,19,894,-875
110000102,37,51,-14
110000104,202,108,94
110000105,68,374,-306
110000106,480,289,191
110000107,467,555,-88
110000108,195,58,137
110000109,344,489,-145
110000110,5302,4349,953
110000111,11322,2638,8684
110000112,1810,793,1017
110000113,969,1677,-708
110000114,141,572,-431
110000115,226,453,-227
110000116,23,76,-53
110000117,186,962,-776
110000118,353,475,-122
110000119,246,643,-397
110000120,332,330,2
110000121,106,500,-394
110000122,435,786,-351
110000123,442,649,-207
110000124,3,1048,-1045
110000125,858,9,849
110000126,281,13,268
110000127,876,62,814
110000128,34,2112,-2078
110000129,7,744,-737
110000130,184,204,-20
110000131,147,448,-301
110000132,6,847,-841
110000133,87,449,-362
110000134,42,469,-427
110000135,175,56,119
110000136,66,456,-390
110000137,451,1145,-694
110000138,726,1321,-595
110000139,673,2496,-1823
110000140,1099,625,474
110000143,920,475,445
110000144,5219,1704,3515
110000145,1422,1299,123
110000146,2405,1649,756
110000147,331,980,-649
110000148,292,432,-140
110000151,804,485,319
110000152,705,407,298
110000153,101,85,16
110000154,73,38,35
110000155,2888,3341,-453
110000156,855,2184,-1329
110000157,1691,2309,-618
110000160,297,610,-313
110000161,168,849,-681
110000166,398,237,161
110000167,674,580,94
110000168,901,332,569
110000169,788,371,417
110000170,122,132,-10
110000171,716,238,478
110000172,191,1164,-973
110000173,1555,1598,-43
110000174,161,2417,-2256
110000175,425,114,311
110000176,112,285,-173
110000177,208,907,-699
110000178,771,1131,-360
110000179,2238,540,1698
110000180,163,490,-327
110000181,269,630,-361
110000182,520,486,34
110000183,19460,7279,12181
110000184,1754,2694,-940
110000185,1795,925,870
110000186,963,876,87
110000191,516,563,-47
110000192,376,7,369
110000193,614,5,609
110000194,24,2209,-2185
110000195,306,597,-291
110000196,294,922,-628
110000197,64,359,-295
110000198,103,144,-41
110000199,59,138,-79
110000200,1720,796,924
110000201,727,864,-137
110000202,1325,656,669
110000203,897,1391,-494
110000204,7,585,-578
110000205,109,77,32
110000206,1045,2851,-1806
110000207,737,419,318
110000208,248,181,67
110000209,147,1607,-1460
110000210,648,1022,-374
110000211,815,1220,-405
110000212,453,1216,-763
110000213,97,75,22
110000214,129,146,-17
110000215,145,1002,-857
110000216,74,1071,-997
110000217,268,390,-122
110000218,175,761,-586
110000219,242,97,145
110000220,49,676,-627
110000221,259,102,157
110000222,32,534,-502
110000223,4,118,-114
110000224,60,34,26
110000225,205,760,-555
110000226,214,59,155
110000227,1058,618,440
110000228,538,377,161
110000229,1,405,-404
110000230,690,857,-167
110000231,165,253,-88
110000232,177,300,-123
110000233,185,459,-274
110000234,927,642,285
110000235,1710,1223,487
110000236,416,1360,-944
110000237,1980,1418,562
110000238,1064,1817,-753
110000239,1543,1780,-237
110000240,1,131,-130
110000242,0,13,-13
110000243,83,312,-229
110000244,124,734,-610
110000245,30,830,-800
110000246,688,1095,-407
110000247,1632,7089,-5457
110000248,2521,2259,262
110000249,88,7,81
110000250,61,427,-366
110000251,203,911,-708
110000252,193,442,-249
110000253,1033,795,238
110000254,559,2422,-1863
110000255,215,1917,-1702
110000256,429,320,109
110000257,643,609,34
110000258,16,930,-914
110000259,67,27,40
110000260,18,771,-753
110000263,621,182,439
110000264,190,1116,-926
110000265,1193,1769,-576
110000266,2141,2404,-263
110000267,23,327,-304
110000268,348,906,-558
110000269,4,171,-167
110000270,58,3,55
110000271,2923,413,2510
110000272,1002,1303,-301
110000273,3328,1769,1559
110000274,227,1228,-1001
110000275,5146,717,4429
110000276,211,322,-111
110000277,236,803,-567
110000278,235,1404,-1169
110000279,714,892,-178
110000280,271,507,-236
110000281,19,294,-275
110000282,319,80,239
110000283,45,106,-61
110000284,47,77,-30
110000285,2,355,-353
110000286,26,0,26
110000287,55,0,55
110000288,5,156,-151
110000289,610,1789,-1179
110000290,1825,725,1100
110000291,9968,1775,8193
110000292,1467,3916,-2449
110000293,551,1491,-940
110000294,744,1106,-362
110000295,142,1631,-1489
110000296,296,490,-194
110000297,2726,425,2301
110000298,331,966,-635
110000299,499,51,448
110000301,289,25,264
110000302,333,2281,-1948
110000303,339,7,332
110000304,129,508,-379
110000305,826,33,793
110000306,152,3237,-3085
110000307,1146,9,1137
110000308,524,19,505
110000309,10,2177,-2167
110000310,499,129,370
110000311,33,1405,-1372
110000312,448,102,346
110000313,3254,3364,-110
110000314,5,541,-536
110000315,4652,2542,2110
110000316,864,1382,-518
110000317,719,532,187
110000318,7,158,-151
110000319,13,21,-8
110000320,55,83,-28
110000321,14,59,-45
110000322,248,888,-640
110000323,344,275,69
110000324,7954,1579,6375
110000325,3017,2200,817
110000327,550,389,161
110000328,186,727,-541
110000333,778,570,208
110000334,702,2159,-1457
110000335,827,784,43
110000336,524,1859,-1335
110000337,1093,781,312
110000338,297,398,-101
110000339,207,351,-144
110000340,61,319,-258
110000341,425,812,-387
110000342,654,8,646
110000343,0,18,-18
110000344,183,342,-159
110000345,250,136,114
110000346,2914,1589,1325
110000347,1148,832,316
110000348,21,26,-5
110000349,11,16,-5
110000350,51,10,41
110000351,740,1140,-400
110000352,524,1935,-1411
110000353,4489,915,3574
110000354,1336,2903,-1567
110000355,94,104,-10
110000356,1124,14,1110
110000357,299,22,277
110000361,16,98,-82
110000362,57,373,-316
110000363,293,194,99
110000364,178,610,-432
110000365,164,0,164
110000366,3,121,-118
110000367,386,455,-69
110000368,6,113,-107
110000369,37,1,36
110000373,4,534,-530
110000374,101,11,90
110000375,236,1350,-1114
110000376,36,131,-95
110000377,81,571,-490
110000378,43,423,-380
110000379,5891,1573,4318
110000380,42,14,28
110000383,1,1293,-1292
110000384,2506,1332,1174
110000385,3,361,-358
110000387,77,9,68
110000388,51,290,-239
110000389,883,168,715
110000391,377,532,-155
110000396,114,206,-92
110000397,84,392,-308
110000398,1,52,-51
110000399,186,3,183
110000587,100,80,20
110000589,148,193,-45
110000640,180,159,21
110000652,26,201,-175
110000653,208,666,-458
110000654,13,48,-35
110000656,1,905,-904
110000674,20,38,-18
110000675,17,25,-8
110000676,7,132,-125
110000679,491,861,-370
110000682,115,180,-65
110000683,544,668,-124
110000684,7,95,-88
110000685,5,28,-23
110000686,4,42,-38
110000687,18,5,13
110000688,54,752,-698
110000689,42,69,-27
110000692,109,478,-369
110000693,187,294,-107
110000694,0,130,-130
110000695,219,1193,-974
110000696,246,324,-78
110900001,219,25,194
110900002,255,374,-119
110900003,523,1554,-1031
110900004,339,348,-9
110900005,7666,1886,5780
110900006,46,14,32
110900007,90,26,64
110900008,31,47,-16
110900009,395,86,309
110900010,7,127,-120
110900011,19,207,-188
110900012,18,218,-200
110900013,878,271,607
110900014,166,17,149
110900015,1469,553,916
110900016,28,354,-326
110900017,320,63,257
110900018,402,72,330
110900019,75,33,42
110900020,101,978,-877
110900021,79,1009,-930
110900022,106,631,-525
110900023,128,1135,-1007
110900024,28,713,-685
110900025,9,85,-76
110900027,56,467,-411
110900028,45,316,-271
110900029,38,684,-646
110900030,30,685,-655
110900031,4,294,-290
110900032,1,150,-149
110900033,28,524,-496
110900035,34,765,-731
110900036,136,44,92
110900037,59,43,16
110900038,2330,344,1986
110900039,8,389,-381
110900040,267,73,194
110900041,33,284,-251
110900042,70,81,-11
110900043,5,229,-224
110900044,300,43,257
110900045,69,986,-917
110900046,238,429,-191
110900047,1287,196,1091
110900049,107,73,34
110900050,14,6,8
110900051,48,273,-225
110900052,6,306,-300
110900053,83,81,2
110900054,37,526,-489
110900055,12,0,12
110900056,37,181,-144
110900057,9,343,-334
110900058,167,445,-278
110900059,841,1360,-519
110900060,508,122,386
110900061,39,63,-24
110900062,134,506,-372
110900063,48,177,-129
110900064,23,0,23
110900065,465,216,249
110900066,10,124,-114
110900067,905,638,267
110900068,262,374,-112
110900069,6,47,-41
110900070,158,59,99
110900071,336,492,-156
110900073,0,39,-39
110900074,273,121,152
110900075,387,119,268
110900077,532,642,-110
110900078,17,236,-219
110900079,2304,783,1521
110900080,89,99,-10
110900081,9,194,-185
110900082,75,402,-327
110900083,82,49,33
110900084,42,364,-322
110900085,69,734,-665
110900086,70,314,-244
110900087,253,106,147
110900088,25,0,25
110900090,51,36,15
110900091,1,84,-83
110900093,384,108,276
110900095,62,88,-26
110900097,13,24,-11
110900098,34,225,-191
110900099,65,1013,-948
110900100,0,37,-37
110900102,40,21,19
110900105,1397,772,625
110900108,6,224,-218
110900111,464,154,310
110900112,657,9,648
110900113,736,75,661
110900115,3,196,-193
110900116,462,4230,-3768
110900118,228,2507,-2279
110900119,7948,367,7581
110900120,19,209,-190
110900121,80,1,79
110900122,298,203,95
110900125,301,353,-52
110900127,434,973,-539
110900128,180,237,-57
110900129,392,585,-193
110900130,1683,513,1170
110900131,189,55,134
110900132,294,52,242
110900133,127,462,-335
110900135,113,965,-852
110900136,314,12,302
110900137,82,2,80
110900138,1312,583,729
110900139,30,96,-66
110900140,67,7,60
110900141,12,145,-133
110900142,70,441,-371
110900143,118,119,-1
110900144,2,1044,-1042
110900145,113,32,81
110900146,604,106,498
110900147,356,361,-5
110900148,4,520,-516
110900149,5,128,-123
110900150,29,35,-6
110900151,12,122,-110
110900152,25,606,-581
110900153,79,64,15
111000001,439,395,44
111000002,586,1015,-429
111000003,954,795,159
111000004,705,1584,-879
111000005,1202,1030,172
111000006,1145,1822,-677
111000007,7345,2823,4522
111000008,5450,4333,1117
111000009,455,1316,-861
111000010,826,343,483
111000011,483,1228,-745
111000012,618,534,84
111000013,390,1609,-1219
111000014,1004,763,241
111000017,184,846,-662
111000018,290,529,-239
111000020,3780,2970,810
111000021,203,188,15
111000023,187,236,-49
111000025,10656,3316,7340
111000029,95,135,-40
111000030,47,97,-50
111000031,2322,1202,1120
111000032,658,289,369
111000033,317,230,87
111000034,514,279,235
111000037,4876,1612,3264
111000038,3810,3871,-61
111000039,1577,3817,-2240
111000040,1715,4077,-2362
111000041,1829,2523,-694
111000042,8993,3384,5609
111000043,2787,2342,445
111000044,1504,1207,297
111000045,1695,2620,-925
111000046,1113,1868,-755
111000047,1797,2999,-1202
111000049,387,796,-409
111000050,2742,2316,426
111000051,524,1640,-1116
111000052,719,2037,-1318
111000053,530,1754,-1224
111000054,309,1761,-1452
111000055,1527,2867,-1340
111000056,115,1097,-982
111000057,97,1235,-1138
111000058,200,169,31
111000059,337,360,-23
111000060,3127,809,2318
111000061,526,445,81
111000062,674,256,418
111000063,1709,1225,484
111000064,477,810,-333
111000065,1097,1004,93
111000066,298,370,-72
111000067,549,864,-315
111000068,391,977,-586
111000069,1991,2649,-658
111000070,3399,1515,1884
111000071,226,1051,-825
111000072,770,430,340
111000073,318,787,-469
111000074,1564,2023,-459
111000075,862,1250,-388
111000076,491,1383,-892
111000077,1353,1759,-406
111000078,2413,1523,890
111000079,1539,1034,505
111000080,499,935,-436
111000081,3179,4575,-1396
111000082,512,875,-363
111000084,678,749,-71
111000085,1090,1989,-899
111000086,5627,1690,3937
111000087,801,1095,-294
111000088,10785,2515,8270
111000089,756,1161,-405
111000090,1389,1819,-430
111000091,761,913,-152
111000092,1197,1450,-253
111000093,601,978,-377
111000094,1716,1180,536
111000095,985,2452,-1467
111000096,3580,7285,-3705
111000097,8897,1376,7521
111000098,781,1906,-1125
111000099,653,3620,-2967
111000100,415,3515,-3100
111000101,433,1444,-1011
111000102,145,1333,-1188
111000104,389,347,42
111000107,108,1393,-1285
111000109,318,293,25
111000110,1025,702,323
111000111,1462,543,919
111000112,1291,453,838
111000113,758,1002,-244
111000114,1787,2393,-606
111000115,10758,1384,9374
111000116,918,1246,-328
111000117,574,1174,-600
111000118,1641,1466,175
111000119,983,2500,-1517
111000120,398,831,-433
111000121,248,750,-502
111000122,643,1321,-678
111000123,1112,4715,-3603
111000124,564,5115,-4551
111000125,247,2924,-2677
111000126,132,1367,-1235
111000127,616,218,398
111000128,1200,423,777
111000129,2048,572,1476
111000130,1502,832,670
111000131,1102,659,443
111000132,867,559,308
111000133,113,228,-115
111000134,121,156,-35
111000135,58,158,-100
111000136,321,375,-54
111000138,9,7,2
111000140,4,8,-4
111000141,209,483,-274
111000142,13,161,-148
111000143,3,126,-123
111000144,11,217,-206
111000145,784,10,774
111000146,61,18,43
111000147,179,20,159
111000148,169,141,28
111000149,1,42,-41
111000150,15,5,10
111000151,3,23,-20
111000153,740,826,-86
111000154,804,293,511
111000155,130,215,-85
111000156,434,564,-130
111000157,208,795,-587
111000158,1039,637,402
111000159,3778,841,2937
111000160,216,485,-269
111000161,4,362,-358
111000162,17,232,-215
111000163,410,1281,-871
111000164,1012,3886,-2874
111000165,1687,679,1008
111000166,2257,504,1753
111000167,209,745,-536
111000168,286,633,-347
111000169,323,795,-472
111000170,570,604,-34
111000171,422,1410,-988
111000172,126,876,-750
111000173,251,2123,-1872
111000174,183,1266,-1083
111000175,68,436,-368
111000176,256,268,-12
111000177,215,446,-231
111000178,761,379,382
111000179,77,237,-160
111000180,177,420,-243
111000181,879,441,438
111000182,139,296,-157
111000183,347,364,-17
111000184,344,266,78
111000185,394,629,-235
111000186,341,397,-56
111000187,116,360,-244
111000188,204,746,-542
111000189,2261,628,1633
111000190,168,676,-508
111000191,138,639,-501
111000192,267,793,-526
111000193,638,505,133
111000194,33,581,-548
111000195,74,673,-599
111000196,62,425,-363
111000197,262,221,41
111000198,426,143,283
111000199,128,168,-40
111000200,230,421,-191
111000201,442,326,116
111000202,165,316,-151
111000203,237,281,-44
111000204,365,739,-374
111000213,213,498,-285
111000214,1627,2528,-901
111000215,1009,1916,-907
111000217,1134,1354,-220
111000218,1040,1343,-303
111000219,421,316,105
111000220,4368,946,3422
111000221,839,299,540
111000224,3,410,-407
111000225,305,165,140
111000226,236,3,233
111000227,57,5,52
111000228,17,256,-239
111000229,53,545,-492
111000230,302,970,-668
111000231,756,2230,-1474
111000232,504,1108,-604
111000233,393,1012,-619
111000234,101,308,-207
111000239,182,319,-137
111000240,41,204,-163
111000241,40,707,-667
111000242,80,101,-21
111000243,87,1342,-1255
111000244,265,140,125
111000245,747,967,-220
111000246,349,864,-515
111000247,207,1568,-1361
111000248,561,641,-80
111000249,463,1134,-671
111000250,44,192,-148
111000251,75,249,-174
111000253,18,26,-8
111000255,16,31,-15
111000257,37,12,25
111000260,53,1916,-1863
111000261,665,113,552
111000271,52,368,-316
111000273,11015,1979,9036
111000274,1488,2496,-1008
111000275,135,108,27
111000276,307,3275,-2968
111000277,233,712,-479
111000278,594,336,258
111000291,540,3918,-3378
111000298,482,344,138
111000299,704,163,541
111000300,123,979,-856
111000302,231,132,99
111000303,95,419,-324
111000312,63,114,-51
111000315,2,541,-539
111000320,436,1112,-676
111000321,260,137,123
111000322,288,986,-698
111000323,180,24,156
111000324,384,409,-25
111000325,35,71,-36
111000326,162,423,-261
111000327,363,761,-398
111000328,161,555,-394
111000329,0,27,-27
111000330,37,27,10
111000331,5,2,3
111000332,474,1860,-1386
111000334,426,2325,-1899
111000335,497,176,321
111000337,756,590,166
111000338,27,165,-138
111000339,235,1022,-787
111000340,83,1475,-1392
111000341,787,464,323
111000342,174,380,-206
111000344,892,1065,-173
111000345,189,51,138
111000346,17,132,-115
111000347,63,9,54
111000350,164,241,-77
111000351,109,267,-158
111000352,160,343,-183
111000353,102,369,-267
111000354,413,517,-104
111000355,277,1076,-799
111000358,161,2968,-2807
111000360,130,1626,-1496
111000361,146,690,-544
111000546,469,1062,-593
111000547,258,1372,-1114
111000548,104,243,-139
111000549,261,833,-572
111000550,70,622,-552
111000551,899,320,579
111000552,1017,82,935
111000907,622,230,392
111000908,19,1,18
111000916,1073,316,757
111000917,40,618,-578
111000918,168,1823,-1655
111000920,308,8,300
111000921,2,474,-472
111000922,271,387,-116
111000924,48,1824,-1776
111000925,2165,2384,-219
111000926,1033,3421,-2388
111000927,2880,5059,-2179
111000928,7932,5235,2697
111000929,1097,1182,-85
111000930,882,3520,-2638
111000931,1753,2099,-346
111000932,5351,3394,1957
111000933,3561,2086,1475
111000934,2727,3689,-962
111000935,976,1132,-156
111000936,1101,2842,-1741
111000937,718,1393,-675
111000938,2273,2963,-690
111000939,280,51,229
111000940,283,273,10
111000941,213,1162,-949
111000943,285,310,-25
111000944,117,872,-755
111000945,66,3961,-3895
111001109,433,242,191
111001110,247,823,-576
111001111,63,6,57
111001112,85,1,84
111001113,14,136,-122
111001114,1387,161,1226
111001115,70,473,-403
111001116,7872,2710,5162
111001117,804,1202,-398
111001120,117,649,-532
111001121,164,517,-353
111001122,226,1050,-824
111001123,140,146,-6
111001124,47,434,-387
111900001,2,184,-182
111900002,10,1408,-1398
111900003,10,788,-778
111900004,58,288,-230
111900006,9,24,-15
111900007,78,8,70
111900008,90,7,83
111900009,116,358,-242
111900010,382,877,-495
111900012,115,203,-88
111900013,5,94,-89
111900014,10891,2958,7933
111900015,2,115,-113
111900016,0,250,-250
111900017,1,288,-287
111900018,108,3,105
111900019,3,171,-168
111900020,5,99,-94
111900021,55,150,-95
111900022,19,112,-93
111900023,234,95,139
111900024,0,106,-106
111900025,0,44,-44
111900026,0,132,-132
111900027,15,282,-267
111900028,1,647,-646
111900029,3,207,-204
111900030,79,818,-739
111900031,3,96,-93
111900032,5,692,-687
111900033,5,208,-203
111900034,302,1048,-746
111900035,59,340,-281
111900036,4,584,-580
111900038,450,1025,-575
111900039,76,844,-768
111900040,7,981,-974
111900042,47,224,-177
111900043,12,716,-704
111900044,314,469,-155
111900046,49,377,-328
111900048,168,1398,-1230
111900049,46,433,-387
111900050,71,33,38
111900051,22,471,-449
111900052,574,779,-205
111900053,1885,673,1212
111900054,149,6,143
111900055,53,937,-884
111900056,318,148,170
111900057,50,85,-35
111900058,334,1254,-920
111900059,4566,433,4133
111900060,314,4,310
111900061,23,491,-468
111900062,16,31,-15
111900063,140,443,-303
111900064,192,486,-294
111900065,59,23,36
111900066,152,172,-20
111900067,1,564,-563
111900068,23,33,-10
111900069,39,40,-1
111900070,111,162,-51
111900071,2,522,-520
111900072,43,17,26
111900073,471,91,380
111900074,19,489,-470
111900075,52,10,42
111900076,115,44,71
111900077,41,2,39
111900078,202,22,180
111900079,41,16,25
111900080,274,200,74
111900081,677,80,597
111900082,98,17,81
111900083,68,13,55
111900084,69,8,61
111900085,32,111,-79
111900086,36,2,34
111900087,24,1,23
111900088,378,3,375
111900089,153,6,147
111900090,91,46,45
111900091,154,3,151
111900092,40,0,40
111900093,290,6,284
111900094,71,0,71
111900095,135,24,111
111900096,96,2,94
111900097,31,0,31
111900098,142,2,140
111900099,41,0,41
111900100,103,6,97
111900101,81,28,53
111900102,379,1420,-1041
111900103,70,73,-3
111900104,99,60,39
111900105,320,147,173
111900106,2303,77,2226
111900107,79,90,-11
111900108,81,62,19
111900109,438,121,317
111900110,4465,437,4028
111900111,103,409,-306
111900112,1730,1768,-38
111900113,406,115,291
111900114,142,106,36
111900115,13,34,-21
111900118,254,73,181
111900119,247,117,130
111900122,110,86,24
111900123,10,37,-27
111900124,29,165,-136
111900125,385,22,363
111900126,220,3,217
111900127,1,1036,-1035
111900128,4,1038,-1034
111900129,454,236,218
111900130,204,23,181
111900131,298,0,298
111900132,68,2540,-2472
111900133,28,745,-717
111900134,41,431,-390
111900135,9,24,-15
111900136,73,187,-114
111900137,114,78,36
111900138,26,179,-153
111900139,27,325,-298
111900140,43,49,-6
111900141,73,9,64
111900142,111,28,83
111900143,21,461,-440
111900144,2,201,-199
111900145,3,1079,-1076
111900146,4,619,-615
111900147,246,888,-642
111900148,45,1450,-1405
111900149,3,587,-584
111900150,13,275,-262
111900151,0,23,-23
111900152,122,97,25
111900153,2542,300,2242
111900154,12,207,-195
111900155,74,63,11
111900156,27,52,-25
111900157,41,13,28
111900158,266,39,227
111900159,176,17,159
111900160,191,1,190
111900161,84,11,73
111900162,132,190,-58
111900163,73,479,-406
111900164,86,70,16
111901113,294,290,4
111901114,114,598,-484
111901115,81,2,79
111901116,93,2,91
111901117,22,29,-7
111901118,281,192,89
111901119,2635,214,2421
111901120,71,297,-226
111901121,260,733,-473
111901122,12,1035,-1023
111901123,109,641,-532
111901124,139,1,138
111901125,252,298,-46
111901126,74,23,51
111901127,1667,456,1211
111901128,18,184,-166
111901129,6,342,-336
111901130,18,603,-585
111901131,4,394,-390
111901132,90,14,76
111901133,48,3,45
111901134,73,2,71
111901135,19,15,4
111901136,49,27,22
111901137,0,30,-30
111901138,143,74,69
111901139,21,90,-69
111901140,8,278,-270
111901141,7,639,-632
111901142,5,398,-393
111901143,4,218,-214
111901144,29,41,-12
111901145,160,238,-78
111901146,619,28,591
112000001,1882,1373,509
112000002,845,3383,-2538
112000003,761,1573,-812
112000004,739,2678,-1939
112000005,2142,2387,-245
112000006,2149,3008,-859
112000007,1998,1604,394
112000008,2264,4291,-2027
112000009,4805,5315,-510
112000010,2478,3318,-840
112000011,2449,3445,-996
112000012,6346,3176,3170
112000013,7005,4496,2509
112000014,2981,1089,1892
112000015,3439,3783,-344
112000016,5896,1125,4771
112000017,2770,2363,407
112000024,2992,1119,1873
112000026,5981,7258,-1277
112000027,923,538,385
112000028,2350,2583,-233
112000029,534,681,-147
112000030,232,142,90
112000031,1995,4377,-2382
112000032,580,86,494
112000033,2436,1555,881
112000034,232,69,163
112000035,112,470,-358
112000036,941,1139,-198
112000037,1456,1052,404
112000038,1453,1315,138
112000039,62,140,-78
112000040,170,355,-185
112000041,742,650,92
112000042,1504,420,1084
112000050,954,1880,-926
112000051,943,1147,-204
112000054,2122,3407,-1285
112000057,753,515,238
112000058,447,817,-370
112000059,892,848,44
112000061,5852,2604,3248
112000062,2709,1162,1547
112000063,2217,1362,855
112000064,5679,8134,-2455
112000065,2598,3744,-1146
112000066,3831,1408,2423
112000067,817,967,-150
112000068,2503,1818,685
112000069,792,3238,-2446
112000070,2104,919,1185
112000071,839,4235,-3396
112000072,1410,1257,153
112000073,1315,2479,-1164
112000074,938,1326,-388
112000075,1214,1446,-232
112000076,3823,3725,98
112000077,440,979,-539
112000078,1264,1017,247
112000079,1199,1654,-455
112000080,724,1333,-609
112000081,1523,2473,-950
112000082,1394,1093,301
112000083,622,1893,-1271
112000084,1111,996,115
112000085,947,1709,-762
112000086,1316,2252,-936
112000087,274,702,-428
112000088,443,1101,-658
112000089,327,396,-69
112000090,248,585,-337
112000091,609,1659,-1050
112000092,1393,1231,162
112000093,1607,1461,146
112000094,521,1080,-559
112000095,533,1102,-569
112000096,377,884,-507
112000097,804,660,144
112000098,1215,2514,-1299
112000099,611,1002,-391
112000100,1224,1584,-360
112000101,496,1396,-900
112000102,827,944,-117
112000103,371,1860,-1489
112000105,537,2822,-2285
112000106,1059,619,440
112000107,18,292,-274
112000108,174,2569,-2395
112000109,76,85,-9
112000110,1511,657,854
112000111,1691,6333,-4642
112000112,5229,957,4272
112000113,1315,2879,-1564
112000114,3048,1567,1481
112000115,279,849,-570
112000116,625,1704,-1079
112000117,890,1242,-352
112000118,1213,1267,-54
112000119,505,1469,-964
112000120,85,597,-512
112000121,103,1051,-948
112000122,209,198,11
112000123,463,202,261
112000124,199,81,118
112000125,75,197,-122
112000126,122,1214,-1092
112000127,3174,2246,928
112000128,1736,1072,664
112000129,97,164,-67
112000130,137,82,55
112000131,32,746,-714
112000132,109,405,-296
112000133,282,634,-352
112000134,398,493,-95
112000135,952,869,83
112000136,1229,1781,-552
112000137,1781,2526,-745
112000138,2211,1697,514
112000139,1017,404,613
112000140,1196,1528,-332
112000141,569,260,309
112000142,145,1492,-1347
112000143,879,268,611
112000144,402,2943,-2541
112000145,1809,845,964
112000146,721,3460,-2739
112000147,1877,2162,-285
112000148,1866,3391,-1525
112000149,336,1289,-953
112000150,126,945,-819
112000151,369,1210,-841
112000152,266,573,-307
112000153,262,506,-244
112000154,165,202,-37
112000155,153,166,-13
112000157,1017,719,298
112000158,283,1430,-1147
112000159,340,436,-96
112000167,275,81,194
112000169,475,490,-15
112000173,441,372,69
112000175,376,638,-262
112000176,4934,2683,2251
112000177,497,158,339
112000178,88,917,-829
112000179,172,285,-113
112000180,226,357,-131
112000181,1499,2909,-1410
112000182,915,3507,-2592
112000183,50,82,-32
112000184,352,1207,-855
112000185,329,823,-494
112000187,3689,3041,648
112000195,192,13,179
112000196,146,4,142
112000197,153,144,9
112000198,41,514,-473
112000199,1426,1306,120
112000202,244,1,243
112000216,82,239,-157
112000230,66,3,63
112000231,2,456,-454
112000256,34,223,-189
112000313,204,188,16
112000314,47,22,25
112000337,237,785,-548
112000352,322,279,43
112000392,2414,1938,476
112000398,863,958,-95
112000399,3583,2032,1551
112000400,2504,5505,-3001
112000401,3099,3727,-628
112000402,2027,2640,-613
112000403,2479,2360,119
112000404,445,846,-401
112000405,1420,2761,-1341
112000406,4369,4313,56
112000407,4744,7080,-2336
112000408,10446,9310,1136
112000409,2034,7033,-4999
112000410,469,185,284
112000411,8144,1384,6760
112000412,1711,651,1060
112000413,15072,3719,11353
112000414,94,180,-86
112000415,104,98,6
112000416,1814,1519,295
112000417,270,86,184
112000421,48,267,-219
112000422,394,1144,-750
112000424,4376,2130,2246
112000425,565,1827,-1262
112000426,125,343,-218
112000427,0,18,-18
112000428,171,753,-582
112000429,2524,3891,-1367
112000430,2534,3534,-1000
112000431,115,227,-112
112000432,675,3278,-2603
112000433,598,1108,-510
112000437,73,395,-322
112900001,60,3,57
112900002,225,1766,-1541
112900003,56,506,-450
112900004,31,466,-435
112900005,164,327,-163
112900006,6,672,-666
112900007,23,345,-322
112900008,2,27,-25
112900009,349,93,256
112900010,277,1190,-913
112900011,429,522,-93
112900012,0,67,-67
112900013,5,464,-459
112900014,8,462,-454
112900015,555,1432,-877
112900016,3,467,-464
112900017,75,449,-374
112900018,1,549,-548
112900019,73,211,-138
112900020,668,2278,-1610
112900021,8,506,-498
112900022,27,119,-92
112900023,7,451,-444
112900024,35,358,-323
112900025,211,477,-266
112900026,7,486,-479
112900027,7,1941,-1934
112900028,35,207,-172
112900029,8,1064,-1056
112900030,279,322,-43
112900031,9,802,-793
112900032,150,363,-213
112900034,2,97,-95
112900035,6,776,-770
112900036,40,207,-167
112900037,186,175,11
112900038,427,212,215
112900039,21,574,-553
112900040,8,751,-743
112900041,2002,1327,675
112900042,51,894,-843
112900043,35,84,-49
112900044,1228,673,555
112900045,664,484,180
112900046,309,140,169
112900047,23,45,-22
112900049,111,94,17
112900050,153,807,-654
112900051,392,1369,-977
112900052,11,1831,-1820
112900053,394,232,162
112900054,404,32,372
112900055,199,31,168
112900056,447,196,251
112900057,15,1107,-1092
112900058,359,233,126
112900059,169,235,-66
112900060,23,521,-498
112900061,80,222,-142
112900062,71,211,-140
112900063,136,10,126
112900064,282,308,-26
112900065,66,27,39
112900066,223,89,134
112900067,730,252,478
112900068,53,25,28
112900069,3781,685,3096
112900071,22,3,19
112900072,516,1465,-949
112900073,305,83,222
112900074,68,153,-85
112900075,3218,759,2459
112900076,139,8,131
112900078,260,371,-111
112900079,261,16,245
112900080,32,3,29
112900081,37,154,-117
112900082,258,18,240
112900083,75,56,19
112900084,117,96,21
112900085,0,7,-7
112900086,56,1,55
112900087,462,138,324
112900088,91,12,79
112900089,657,47,610
112900090,38,15,23
112900091,132,3,129
112900092,227,206,21
112900093,1365,10,1355
112900094,14,2,12
112900095,30,3,27
112900096,312,147,165
112900097,64,649,-585
112900098,66,5,61
112900099,455,21,434
112900100,38,1,37
112900101,236,2,234
112900102,146,11,135
112900103,119,2,117
112900104,94,3,91
112900105,9,0,9
112900106,385,112,273
112900107,5,1,4
112900108,8,1,7
112900109,93,2,91
112900110,640,8,632
112900111,358,0,358
112900112,294,7,287
112900113,0,21,-21
112900114,76,65,11
112900115,640,1,639
112900116,52,43,9
112900117,198,144,54
112900118,43,112,-69
112900119,132,0,132
112900120,1124,322,802
112900121,451,283,168
112900122,41,262,-221
112900123,152,16,136
112900124,8,279,-271
112900125,80,585,-505
112900126,202,318,-116
112900127,314,72,242
112900128,629,1164,-535
112900129,4,1412,-1408
112900130,227,66,161
112900131,49,302,-253
112900132,78,646,-568
112900133,44,1857,-1813
112900134,4,460,-456
112900135,86,57,29
112900136,0,42,-42
112900137,5,1106,-1101
112900138,2,863,-861
112900139,320,1778,-1458
112900140,0,64,-64
112900141,514,42,472
112900142,80,223,-143
112900143,54,1015,-961
112900144,6,516,-510
112900145,52,727,-675
112900146,19,2330,-2311
112900147,8,3627,-3619
112900148,55,0,55
112900149,223,835,-612
112900151,42,83,-41
112900152,6640,1212,5428
112900153,2564,1598,966
112900154,2,160,-158
112900155,175,10,165
112900156,308,2916,-2608
112900157,163,7,156
112900158,34,18,16
112900159,220,78,142
112900160,40,444,-404
112900161,108,37,71
112900162,40,25,15
112900163,166,38,128
112900164,28,138,-110
112900165,107,62,45
112900166,34,53,-19
112900167,4,42,-38
112900168,0,5,-5
112900169,3,7,-4
112900170,32,177,-145
112900172,122,11,111
112900173,332,162,170
112900174,353,47,306
112900175,203,197,6
112900176,10,33,-23
112900177,234,43,191
112900178,704,2100,-1396
112900179,38,697,-659
112900180,1887,3050,-1163
112900181,391,4,387
112900182,38,2132,-2094
112900183,201,397,-196
112900184,554,506,48
112900185,400,651,-251
112900186,2125,985,1140
112900187,106,564,-458
112900188,950,644,306
112900189,109,58,51
112900190,2,79,-77
112900192,579,459,120
112900193,1475,347,1128
112900194,30,222,-192
112900195,541,32,509
112900196,300,763,-463
112900197,232,595,-363
112900199,387,1014,-627
112900200,428,480,-52
112900201,48,134,-86
112900202,393,1519,-1126
112900203,126,518,-392
112900204,1226,612,614
112900205,3,17,-14
112900206,9,102,-93
112900207,4,1,3
112900208,85,192,-107
112900209,580,647,-67
112900210,0,32,-32
112900211,112,127,-15
112900212,1,97,-96
112900213,12,26,-14
112900214,58,5,53
112900215,3,341,-338
112900216,62,115,-53
112900217,0,76,-76
112900218,21,96,-75
112900219,32,0,32
112900220,0,0,0
112900221,56,306,-250
112900222,1,55,-54
112900223,833,7,826
112900224,196,1467,-1271
112900225,330,910,-580
112900226,322,449,-127
112900227,326,2149,-1823
112900228,27,35,-8
112900229,121,110,11
112900230,11540,4826,6714
112900232,167,248,-81
112900233,46,421,-375
112900234,16,228,-212
112900235,70,26,44
112900236,178,28,150
112900237,100,651,-551
112900238,5,68,-63
112900239,686,457,229
113000001,5319,7762,-2443
113000002,3813,5284,-1471
113000003,2330,3021,-691
113000004,2222,3356,-1134
113000005,1479,1738,-259
113000006,1258,1948,-690
113000007,1542,1908,-366
113000008,1695,2674,-979
113000009,1105,1236,-131
113000010,1274,2420,-1146
113000011,1071,2250,-1179
113000012,1377,1318,59
113000013,1631,774,857
113000014,2284,1842,442
113000015,933,296,637
113000016,742,674,68
113000017,122,329,-207
113000018,413,82,331
113000019,169,315,-146
113000020,190,50,140
113000021,1696,718,978
113000022,712,1986,-1274
113000025,259,437,-178
113000026,379,690,-311
113000027,1581,594,987
113000028,2173,607,1566
113000029,1206,844,362
113000030,723,794,-71
113000031,344,383,-39
113000032,302,421,-119
113000033,417,611,-194
113000034,547,512,35
113000035,30,55,-25
113000036,44,90,-46
113000037,72,49,23
113000038,12,81,-69
113000039,106,831,-725
113000040,54,138,-84
113000042,1145,831,314
113000051,983,2876,-1893
113000052,2926,1523,1403
113000053,356,1079,-723
113000054,249,1243,-994
113000055,1115,1450,-335
113000056,864,1847,-983
113000058,914,1008,-94
113000059,1420,940,480
113000060,189,744,-555
113000061,991,1214,-223
113000062,1871,377,1494
113000063,113,434,-321
113000064,60,775,-715
113000065,165,1988,-1823
113000066,547,110,437
113000067,1620,2064,-444
113000068,437,3221,-2784
113000069,599,2220,-1621
113000070,1807,1393,414
113000071,431,1073,-642
113000072,633,788,-155
113000073,753,2287,-1534
113000074,1041,473,568
113000075,2294,854,1440
113000076,1564,2691,-1127
113000077,1728,697,1031
113000078,990,3127,-2137
113000079,1022,1000,22
113000080,823,783,40
113000081,993,1162,-169
113000082,1595,1018,577
113000083,669,1083,-414
113000084,1857,1447,410
113000085,956,869,87
113000086,1231,1753,-522
113000087,1208,989,219
113000088,2942,1741,1201
113000089,1064,1744,-680
113000090,308,667,-359
113000091,928,495,433
113000094,1137,275,862
113000095,267,1822,-1555
113000096,189,1460,-1271
113000097,1282,458,824
113000098,144,63,81
113000099,1292,396,896
113000100,178,686,-508
113000101,534,889,-355
113000102,605,406,199
113000103,3084,749,2335
113000104,480,3906,-3426
113000105,623,638,-15
113000106,365,755,-390
113000107,759,1211,-452
113000108,1066,2222,-1156
113000109,674,5361,-4687
113000110,1783,660,1123
113000111,237,1113,-876
113000112,317,358,-41
113000113,2448,377,2071
113000114,331,2077,-1746
113000116,1098,343,755
113000117,1261,183,1078
113000118,296,541,-245
113000119,298,591,-293
113000120,80,269,-189
113000121,806,1492,-686
113000124,290,177,113
113000125,105,773,-668
113000127,4571,712,3859
113000128,712,843,-131
113000129,654,2195,-1541
113000133,6168,2162,4006
113000134,8,1299,-1291
113000135,3812,4389,-577
113000137,2627,3120,-493
113000139,505,214,291
113000140,254,406,-152
113000141,503,172,331
113000142,915,1637,-722
113000143,319,262,57
113000144,386,963,-577
113000145,66,246,-180
113000146,150,136,14
113000147,171,238,-67
113000148,144,307,-163
113000149,64,217,-153
113000150,674,630,44
113000151,117,82,35
113000152,34,214,-180
113000153,2412,743,1669
113000154,922,2226,-1304
113000155,410,703,-293
113000156,161,599,-438
113000157,339,1429,-1090
113000158,752,386,366
113000159,1003,869,134
113000160,762,1798,-1036
113000161,296,977,-681
113000162,634,628,6
113000163,101,86,15
113000164,21,133,-112
113000166,119,101,18
113000167,26,313,-287
113000168,64,243,-179
113000169,121,120,1
113000170,78,128,-50
113000171,70,118,-48
113000172,242,119,123
113000173,50,34,16
113000174,170,819,-649
113000175,391,192,199
113000176,437,226,211
113000177,203,667,-464
113000178,205,554,-349
113000179,293,229,64
113000180,776,2024,-1248
113000181,867,1375,-508
113000182,309,518,-209
113000183,245,668,-423
113000184,18,137,-119
113000189,612,1146,-534
113000190,1685,700,985
113000192,3323,1854,1469
113000193,7701,1214,6487
113000194,2479,1360,1119
113000195,3259,823,2436
113000196,175,141,34
113000197,2234,1481,753
113000198,57,443,-386
113000199,1612,640,972
113000201,984,214,770
113000202,6028,4421,1607
113000203,555,424,131
113000204,2418,2087,331
113000205,20,33,-13
113000206,19,45,-26
113000207,74,32,42
113000208,40,74,-34
113000209,27,44,-17
113000210,4,44,-40
113000211,305,339,-34
113000212,340,42,298
113000213,58,182,-124
113000214,212,384,-172
113000234,233,1797,-1564
113000410,1158,251,907
113000411,3857,5842,-1985
113000412,11527,2906,8621
113000413,4716,3706,1010
113000414,11193,15891,-4698
113000415,3117,4355,-1238
113000416,12607,5811,6796
113000417,4155,4556,-401
113000418,4132,3338,794
113000419,2054,2784,-730
113000420,4365,6325,-1960
113000421,4820,7315,-2495
113000422,20027,12641,7386
113000423,3108,5722,-2614
113000424,5387,10884,-5497
113000425,40,108,-68
113000428,458,80,378
113000430,61,256,-195
113000432,1944,211,1733
113000433,150,1493,-1343
113000434,34,465,-431
113000435,32,1430,-1398
113000436,78,2423,-2345
113000437,772,36,736
113000438,195,10,185
113000439,10,232,-222
113000440,124,44,80
113000441,220,374,-154
113000442,178,477,-299
113000443,141,574,-433
113000444,205,546,-341
113000445,112,259,-147
113000446,30,125,-95
113000448,354,234,120
113000449,497,1306,-809
113000450,1348,5095,-3747
113000451,2406,224,2182
113000452,794,731,63
113000453,85,434,-349
113000454,1738,58,1680
113000455,39,274,-235
113000456,4869,3053,1816
113000468,4390,411,3979
113000469,602,317,285
113000470,966,122,844
113000471,24,694,-670
113000472,114,455,-341
113000474,338,803,-465
113000475,1831,2623,-792
113000476,1022,2366,-1344
113000477,2206,2466,-260
113000478,4550,8169,-3619
113000479,75,363,-288
113000480,182,153,29
113000483,0,0,0
113000485,0,0,0
113000486,5,0,5
113000487,0,0,0
113000488,0,0,0
113000489,0,0,0
113000490,0,3,-3
113000491,2,20,-18
113000492,1,3,-2
113000493,0,0,0
113000495,206,339,-133
113000496,132,143,-11
113000499,0,0,0
113000500,0,12,-12
113900001,4,328,-324
113900002,1,410,-409
113900003,3,306,-303
113900004,4,100,-96
113900005,1,69,-68
113900006,2,87,-85
113900007,110,41,69
113900008,175,1,174
113900009,468,1,467
113900010,459,0,459
113900011,44,5,39
113900012,43,4,39
113900013,1842,16,1826
113900014,1031,0,1031
113900015,0,106,-106
113900016,42,0,42
113900017,3,82,-79
113900018,699,188,511
113900019,92,82,10
113900020,76,0,76
113900022,19,0,19
113900023,23,0,23
113900024,50,138,-88
113900025,407,34,373
113900026,54,0,54
113900027,1,128,-127
113900028,26,760,-734
113900029,38,435,-397
113900030,174,1,173
113900031,6,0,6
113900032,25,0,25
113900033,59,135,-76
113900035,74,0,74
113900036,19,196,-177
113900037,79,821,-742
113900038,60,134,-74
113900039,165,19,146
113900040,1,6,-5
113900041,4,3,1
113900042,90,72,18
113900043,306,194,112
113900044,292,130,162
113900045,60,4,56
113900046,271,860,-589
113900047,35,213,-178
113900048,359,91,268
113900049,1233,324,909
113900050,211,651,-440
113900051,301,611,-310
113900052,241,218,23
113900053,625,416,209
113900054,5,31,-26
113900055,84,733,-649
113900056,90,229,-139
113900057,7,187,-180
113900058,48,313,-265
113900059,266,546,-280
113900060,139,423,-284
113900061,1569,292,1277
113900062,107,20,87
113900063,83,207,-124
113900064,48,203,-155
113900065,809,24,785
113900066,372,703,-331
113900067,90,549,-459
113900068,499,572,-73
113900069,140,52,88
113900070,192,554,-362
113900071,70,125,-55
113900072,57,267,-210
113900073,201,622,-421
113900074,45,587,-542
113900075,1290,1292,-2
113900076,194,9,185
113900077,47,369,-322
113900078,73,87,-14
113900079,0,124,-124
113900080,404,243,161
113900081,71,378,-307
113900082,81,345,-264
113900083,169,1067,-898
113900084,274,156,118
113900085,51,486,-435
113900086,47,26,21
113900087,55,251,-196
113900088,39,105,-66
113900089,471,73,398
113900090,666,457,209
113900091,33,50,-17
113900092,30,117,-87
113900093,142,783,-641
113900094,383,596,-213
113900095,126,134,-8
113900096,215,89,126
113900097,14,199,-185
113900098,586,105,481
113900099,1,121,-120
113900100,0,4,-4
113900101,14,81,-67
113900102,183,133,50
113900103,284,293,-9
113900104,141,270,-129
113900105,92,590,-498
113900106,1,198,-197
113900107,9,77,-68
113900108,356,217,139
113900109,425,173,252
113900110,47,21,26
113900111,115,129,-14
113900112,106,108,-2
113900113,854,628,226
113900114,0,192,-192
113900115,3,171,-168
113900116,116,151,-35
113900117,109,30,79
113900118,245,333,-88
113900119,236,536,-300
113900120,90,52,38
113900121,55,126,-71
113900122,434,1922,-1488
113900123,533,233,300
113900124,2,132,-130
113900125,1852,209,1643
113900126,165,86,79
113900127,236,689,-453
113900128,120,61,59
113900129,13,155,-142
113900130,7,29,-22
113900131,181,156,25
113900132,66,69,-3
113900133,16,42,-26
113900135,352,755,-403
113900136,133,119,14
113900137,417,302,115
113900138,113,217,-104
113900139,727,163,564
113900140,513,388,125
113900141,447,666,-219
113900142,97,125,-28
113900143,15,45,-30
113900144,425,230,195
113900145,355,312,43
113900146,64,103,-39
113900148,242,366,-124
113900149,166,90,76
113900150,1182,945,237
113900151,327,338,-11
113900152,27,48,-21
113900153,556,809,-253
113900154,3,159,-156
113900155,274,165,109
113900156,352,865,-513
113900157,25,244,-219
113900158,706,371,335
113900159,15,297,-282
113900160,577,967,-390
113900161,43,283,-240
113900162,752,912,-160
113900163,387,327,60
113900164,333,58,275
113900165,662,641,21
113900166,352,211,141
113900167,215,58,157
113900168,182,154,28
113900169,353,600,-247
113900171,144,87,57
113900172,11,377,-366
113900173,93,1162,-1069
113900174,569,925,-356
113900175,397,148,249
113900176,355,1026,-671
113900177,408,308,100
113900178,281,173,108
113900179,23,937,-914
113900180,231,181,50
113900181,592,98,494
113900182,667,1222,-555
113900183,63,101,-38
113900184,32,1155,-1123
113900185,211,103,108
113900186,39,62,-23
113900187,46,174,-128
113900188,74,247,-173
113900189,346,103,243
113900190,349,168,181
113900191,150,324,-174
113900192,11,533,-522
113900193,44,477,-433
113900194,3411,1208,2203
113900195,362,698,-336
113900196,6,191,-185
113900197,4,447,-443
113900198,21,189,-168
113900199,275,1035,-760
113900200,33,371,-338
113900201,4,436,-432
113900202,60,383,-323
113900203,5,235,-230
113900204,75,853,-778
113900205,19,299,-280
113900206,4,212,-208
113900207,2,77,-75
113900208,0,71,-71
113900209,0,106,-106
113900210,891,873,18
113900211,166,78,88
113900212,148,1009,-861
113900214,500,586,-86
113900215,87,228,-141
113900216,136,2207,-2071
113900217,79,473,-394
113900218,130,63,67
113900219,172,873,-701
113900220,119,93,26
113900221,364,150,214
113900222,637,679,-42
113900223,127,1538,-1411
113900224,154,114,40
113900225,1161,305,856
113900226,322,211,111
113900227,341,268,73
113900228,439,398,41
113900229,55,702,-647
113900230,6428,2960,3468
113900231,170,355,-185
113900232,76,151,-75
113900233,55,72,-17
113900234,405,556,-151
113900235,83,56,27
113900236,89,654,-565
113900237,139,7,132
113900238,263,565,-302
113900239,70,99,-29
113900240,18,138,-120
113900241,133,113,20
113900242,42,232,-190
113900243,243,561,-318
113900244,629,254,375
113900245,1757,324,1433
113900246,42,21,21
113900247,220,412,-192
113900248,4987,1944,3043
113900249,1939,463,1476
113900250,69,173,-104
113900251,611,363,248
113900252,449,16,433
113900253,632,68,564
113900254,758,207,551
113900255,350,40,310
113900256,343,55,288
113900257,48,1202,-1154
113900258,26,912,-886
113900259,485,343,142
113900260,140,17,123
113900261,60,160,-100
113900262,189,1114,-925
113900263,280,892,-612
113900264,9,891,-882
113900265,223,351,-128
113900266,56,369,-313
113900267,132,638,-506
113900268,293,447,-154
113900269,54,192,-138
113900270,457,515,-58
113900271,678,1822,-1144
113900273,158,12,146
113900274,87,16,71
113900275,19,85,-66
113900276,8,415,-407
113900277,92,0,92
113900278,369,229,140
113900279,105,139,-34
113900280,1387,803,584
113900281,568,1586,-1018
113900282,1037,610,427
113900283,354,539,-185
113900284,1031,294,737
113900285,154,56,98
113900286,45,174,-129
113900287,40,129,-89
113900288,2,103,-101
113900289,1855,125,1730
113900290,775,206,569
113900291,171,256,-85
113900292,6,18,-12
113900293,29,379,-350
113900294,433,66,367
113900295,554,457,97
113900296,3652,478,3174
113900297,1077,41,1036
113900298,10,2333,-2323
113900299,59,311,-252
113900300,8344,3515,4829
113900301,1320,458,862
113900302,3529,965,2564
113900303,944,370,574
113900304,1,246,-245
113900305,66,1,65
113900306,42,1,41
113900307,96,0,96
113900308,110,170,-60
113900309,14,1787,-1773
113900310,0,26,-26
113900311,4,0,4
113900312,199,175,24
113900313,35,29,6
114000001,1460,6131,-4671
114000002,188,695,-507
114000003,30,476,-446
114000004,304,598,-294
114000005,203,312,-109
114000006,3308,3301,7
114000007,766,2265,-1499
114000008,1573,1657,-84
114000009,474,331,143
114000011,2962,5658,-2696
114000012,1949,4564,-2615
114000013,1434,3413,-1979
114000014,386,709,-323
114000015,1451,921,530
114000016,227,653,-426
114000017,148,198,-50
114000018,998,115,883
114000026,1122,2501,-1379
114000027,2327,2850,-523
114000028,2511,2901,-390
114000038,219,186,33
114000039,109,252,-143
114000040,51,199,-148
114000042,155,269,-114
114000043,63,262,-199
114000044,110,87,23
114000045,31,176,-145
114000046,2893,7341,-4448
114000047,9,122,-113
114000048,95,71,24
114000049,1583,1864,-281
114000050,1597,2245,-648
114000051,3494,2383,1111
114000052,3411,1583,1828
114000053,74,752,-678
114000054,173,2371,-2198
114000055,262,51,211
114000056,1274,881,393
114000057,14894,3406,11488
114000058,774,1338,-564
114000059,444,287,157
114000060,619,1074,-455
114000061,4407,2209,2198
114000062,2826,1386,1440
114000063,4013,2082,1931
114000064,8930,3951,4979
114000065,2513,3280,-767
114000066,341,807,-466
114000067,23,422,-399
114000068,431,579,-148
114000069,880,758,122
114000070,2395,1809,586
114000071,687,902,-215
114000072,302,907,-605
114000073,13,267,-254
114000074,31,19,12
114000075,50,370,-320
114000076,27,407,-380
114000077,24,123,-99
114000078,231,1550,-1319
114000079,82,23,59
114000080,75,145,-70
114000081,42,111,-69
114000082,62,907,-845
114000083,55,485,-430
114000084,224,78,146
114000085,127,1282,-1155
114000086,242,995,-753
114000087,73,316,-243
114000088,61,112,-51
114000089,2949,754,2195
114000090,561,626,-65
114000091,1389,775,614
114000092,914,511,403
114000093,970,950,20
114000094,322,523,-201
114000095,132,145,-13
114000096,110,789,-679
114000097,127,1325,-1198
114000098,326,105,221
114000099,372,1592,-1220
114000100,906,1553,-647
114000101,405,1470,-1065
114000102,285,440,-155
114000103,103,668,-565
114000104,22,616,-594
114000105,64,57,7
114000106,2241,731,1510
114000107,166,165,1
114000108,4451,1851,2600
114000109,397,712,-315
114000110,733,2847,-2114
114000111,1038,726,312
114000112,473,2953,-2480
114000113,761,650,111
114000114,1465,2485,-1020
114000115,1479,1024,455
114000116,579,694,-115
114000117,2056,475,1581
114000118,1776,548,1228
114000119,1198,529,669
114000120,511,1418,-907
114000121,502,1028,-526
114000122,359,355,4
114000123,1406,472,934
114000124,811,499,312
114000125,1011,2858,-1847
114000126,1569,299,1270
114000127,173,275,-102
114000128,872,800,72
114000130,476,718,-242
114000131,160,105,55
114000132,754,1060,-306
114000133,1019,2324,-1305
114000134,56,318,-262
114000138,61,296,-235
114000139,312,148,164
114000144,666,526,140
114000145,103,270,-167
114000146,138,499,-361
114000147,1137,1530,-393
114000148,2966,1745,1221
114000149,360,263,97
114000150,940,768,172
114000151,1168,1113,55
114000152,124,34,90
114000153,801,1822,-1021
114000154,757,752,5
114000155,1634,2147,-513
114000156,932,579,353
114000157,322,1029,-707
114000158,3275,959,2316
114000159,218,476,-258
114000160,135,311,-176
114000161,1656,2248,-592
114000162,913,1703,-790
114000163,3,180,-177
114000165,249,216,33
114000166,668,315,353
114000167,6643,1484,5159
114000168,900,781,119
114000169,2230,1045,1185
114000170,1018,712,306
114000171,910,1524,-614
114000174,195,572,-377
114000176,945,521,424
114000177,3677,1072,2605
114000178,42,101,-59
114000179,1610,1126,484
114000180,815,878,-63
114000181,2167,3296,-1129
114000182,11433,3014,8419
114000183,1015,1013,2
114000184,715,2681,-1966
114000185,1158,1264,-106
114000189,587,130,457
114000190,2031,351,1680
114000191,45,90,-45
114000192,414,3155,-2741
114000193,1232,5543,-4311
114000194,1498,1953,-455
114000195,118,28,90
114000196,6,693,-687
114000197,1014,109,905
114000198,1962,578,1384
114000199,2748,1475,1273
114000200,628,3954,-3326
114000201,188,1732,-1544
114000202,1126,1231,-105
114000203,568,1297,-729
114000204,156,783,-627
114000205,317,2648,-2331
114000206,620,1986,-1366
114000207,775,3844,-3069
114000208,651,5700,-5049
114000209,871,5546,-4675
114000210,437,2846,-2409
114000211,1011,2257,-1246
114000212,598,1017,-419
114000213,1096,930,166
114000214,75,339,-264
114000215,195,137,58
114000216,1250,494,756
114000217,237,628,-391
114000218,94,398,-304
114000219,1126,514,612
114000220,21,2578,-2557
114000221,629,241,388
114000222,319,2092,-1773
114000223,421,112,309
114000224,149,1414,-1265
114000225,155,858,-703
114000226,84,308,-224
114000227,598,614,-16
114000228,705,1555,-850
114000229,1083,1754,-671
114000230,1771,2238,-467
114000231,878,1609,-731
114000232,535,158,377
114000233,1794,160,1634
114000234,1020,1587,-567
114000235,1058,2378,-1320
114000236,0,782,-782
114000237,98,1889,-1791
114000238,97,336,-239
114000239,200,2349,-2149
114000240,937,935,2
114000241,289,1520,-1231
114000242,1159,1458,-299
114000243,1557,1110,447
114000244,836,475,361
114000245,446,723,-277
114000246,215,59,156
114000247,930,1026,-96
114000248,855,813,42
114000249,553,718,-165
114000250,380,1014,-634
114000251,269,616,-347
114000252,66,192,-126
114000253,54,493,-439
114000254,30,147,-117
114000255,1179,365,814
114000256,2447,1534,913
114000257,697,2407,-1710
114000258,200,679,-479
114000259,131,433,-302
114000260,0,38,-38
114000261,38,55,-17
114000262,75,216,-141
114000263,11,2,9
114000264,862,1135,-273
114000265,0,12,-12
114000267,4,2070,-2066
114000268,32,2852,-2820
114000270,88,7,81
114000271,570,138,432
114000283,785,725,60
114000285,82,512,-430
114000288,69,737,-668
114000289,899,174,725
114000293,136,603,-467
114000294,161,279,-118
114000395,1531,155,1376
114000396,348,444,-96
114000402,395,563,-168
114000403,319,1138,-819
114000405,121,853,-732
114000423,202,763,-561
114000424,274,341,-67
114000425,486,962,-476
114000426,377,973,-596
114000427,48,132,-84
114000428,326,173,153
114000429,21,244,-223
114000432,76,249,-173
114000434,17,198,-181
114000435,9,186,-177
114000436,8276,1995,6281
114000437,468,1799,-1331
114900001,468,2214,-1746
114900002,500,131,369
114900003,457,3673,-3216
114900004,189,423,-234
114900005,362,1372,-1010
114900006,39,83,-44
114900007,171,16,155
114900008,122,87,35
114900010,3212,2070,1142
114900011,141,174,-33
114900013,174,136,38
114900015,66,342,-276
114900018,1058,88,970
114900020,181,77,104
114900022,3,1263,-1260
114900024,211,125,86
114900025,308,437,-129
114900026,49,140,-91
114900027,190,342,-152
114900029,17,29,-12
114900030,230,413,-183
114900031,271,25,246
114900032,274,44,230
114900033,2458,467,1991
114900034,42,290,-248
114900035,105,433,-328
114900036,322,1627,-1305
114900037,134,338,-204
114900038,171,1466,-1295
114900039,519,950,-431
114900040,71,502,-431
114900041,463,798,-335
114900042,611,1113,-502
114900043,1436,563,873
114900044,123,27,96
114900046,59,186,-127
114900047,264,1502,-1238
114900048,103,375,-272
114900049,16,376,-360
114900050,47,1066,-1019
114900051,20,892,-872
114900052,93,412,-319
114900053,102,359,-257
114900054,47,227,-180
114900057,220,19,201
114900058,0,68,-68
114900059,47,50,-3
114900060,1586,716,870
114900061,160,209,-49
114900062,273,467,-194
114900063,72,356,-284
114900064,1045,881,164
114900065,270,790,-520
114900067,45,469,-424
114900068,100,338,-238
114900069,305,312,-7
114900070,373,1214,-841
114900072,9,429,-420
114900073,6,211,-205
114900074,362,1667,-1305
114900075,215,4,211
114900076,8,440,-432
114900080,5197,555,4642
114900082,4911,1776,3135
114900083,1386,1190,196
114900090,231,240,-9
114900091,278,298,-20
114900095,569,183,386
114900096,484,829,-345
114900097,95,0,95
114900098,9,364,-355
114900099,135,8,127
115000001,12194,8160,4034
115000002,3374,3594,-220
115000003,4948,6102,-1154
115000004,3335,5351,-2016
115000005,1646,4035,-2389
115000006,723,1713,-990
115000007,73,276,-203
115000008,520,624,-104
115000009,164,660,-496
115000010,360,171,189
115000013,91,212,-121
115000015,60,336,-276
115000016,221,325,-104
115000019,21,501,-480
115000020,267,466,-199
115000021,360,540,-180
115000022,687,481,206
115000023,357,611,-254
115000024,1709,754,955
115000025,1083,759,324
115000026,196,576,-380
115000027,284,394,-110
115000028,259,1048,-789
115000029,494,315,179
115000030,690,1264,-574
115000031,1079,589,490
115000032,4,367,-363
115000033,153,25,128
115000034,218,1398,-1180
115000035,1198,87,1111
115000036,1,555,-554
115000037,497,8,489
115000038,61,278,-217
115000039,3839,2959,880
115000040,9259,4709,4550
115000041,1038,3041,-2003
115000042,788,959,-171
115000043,2971,3604,-633
115000044,3423,6007,-2584
115000045,2069,3483,-1414
115000046,1652,3901,-2249
115000047,1508,2824,-1316
115000048,1663,3811,-2148
115000049,1783,4096,-2313
115000050,3608,2644,964
115000051,2701,2494,207
115000052,4284,2597,1687
115000053,1692,1834,-142
115000054,943,1867,-924
115000055,144,480,-336
115000056,133,358,-225
115000057,407,730,-323
115000058,134,162,-28
115000059,174,143,31
115000061,255,161,94
115000062,225,475,-250
115000063,237,617,-380
115000064,172,241,-69
115000065,38,371,-333
115000067,355,28,327
115000069,87,384,-297
115000070,39,1087,-1048
115000071,118,13,105
115000072,11,94,-83
115000073,2066,92,1974
115000075,87,94,-7
115000076,5055,5097,-42
115000077,1633,5532,-3899
115000078,1012,2810,-1798
115000079,1417,3460,-2043
115000080,2139,4032,-1893
115000081,529,1434,-905
115000082,3501,4570,-1069
115000083,2407,4790,-2383
115000084,1711,2009,-298
115000085,694,1468,-774
115000086,856,1761,-905
115000087,654,2101,-1447
115000088,2267,1108,1159
115000089,1969,2095,-126
115000090,1112,1100,12
115000091,544,1743,-1199
115000092,369,420,-51
115000093,547,1,546
115000094,13777,6472,7305
115000095,10613,5982,4631
115000096,646,3487,-2841
115000097,792,1014,-222
115000098,832,1097,-265
115000099,2223,6083,-3860
115000100,837,864,-27
115000101,439,2195,-1756
115000102,435,265,170
115000103,454,1453,-999
115000105,73,345,-272
115000106,379,413,-34
115000107,206,848,-642
115000108,6184,3560,2624
115000109,8649,3963,4686
115000110,1505,1283,222
115000111,904,2001,-1097
115000112,782,803,-21
115000113,872,1150,-278
115000114,2039,1125,914
115000116,5152,2159,2993
115000117,6333,2726,3607
115000118,2112,2095,17
115000119,2291,2566,-275
115000120,716,1254,-538
115000121,1815,1328,487
115000122,4589,2168,2421
115000123,2579,2202,377
115000124,828,1126,-298
115000125,549,847,-298
115000126,198,331,-133
115000127,426,195,231
115000128,1818,1008,810
115000129,375,297,78
115000130,382,1880,-1498
115000131,565,312,253
115000132,183,1026,-843
115000133,486,549,-63
115000134,307,342,-35
115000135,359,403,-44
115000136,141,285,-144
115000137,88,274,-186
115000138,212,320,-108
115000139,252,379,-127
115000140,227,273,-46
115000141,211,550,-339
115000142,172,491,-319
115000143,416,639,-223
115000144,366,112,254
115000145,201,704,-503
115000146,328,344,-16
115000147,401,787,-386
115000148,320,2419,-2099
115000149,563,287,276
115000150,856,2225,-1369
115000151,802,724,78
115000152,773,2601,-1828
115000153,932,764,168
115000154,622,486,136
115000155,716,1788,-1072
115000156,1377,843,534
115000157,1419,1306,113
115000158,1042,527,515
115000159,1150,756,394
115000160,913,1074,-161
115000161,614,811,-197
115000162,789,609,180
115000163,1019,654,365
115000164,758,674,84
115000165,390,430,-40
115000167,158,83,75
115000168,603,323,280
115000169,827,394,433
115000170,118,167,-49
115000171,263,186,77
115000172,3256,765,2491
115000173,385,500,-115
115000174,104,280,-176
115000175,145,179,-34
115000176,182,170,12
115000177,181,201,-20
115000178,12,428,-416
115000179,19,57,-38
115000180,67,1286,-1219
115000181,465,248,217
115000182,568,701,-133
115000183,278,1670,-1392
115000186,668,363,305
115000187,210,1092,-882
115000188,508,805,-297
115000189,260,479,-219
115000190,1376,719,657
115000191,499,654,-155
115000194,205,189,16
115000195,364,412,-48
115000196,123,206,-83
115000197,168,653,-485
115000198,231,484,-253
115000199,226,513,-287
115000200,326,154,172
115000201,147,698,-551
115000206,318,185,133
115000207,108,629,-521
115000208,954,1072,-118
115000209,554,292,262
115000210,170,133,37
115000211,296,469,-173
115000212,2144,365,1779
115000224,344,100,244
115000225,97,96,1
115000229,323,241,82
115000230,100,1067,-967
115000231,375,4332,-3957
115000232,1252,485,767
115000233,108,250,-142
115000234,33,365,-332
115000241,53,500,-447
115000242,91,531,-440
115000243,25,410,-385
115000244,7,168,-161
115000246,76,16,60
115000247,25,20,5
115000248,23,29,-6
115000249,47,26,21
115000250,260,76,184
115000251,193,255,-62
115000252,74,232,-158
115000253,24,376,-352
115000258,271,293,-22
115000259,552,266,286
115000261,20,32,-12
115000262,22,30,-8
115000263,3,65,-62
115000264,15,44,-29
115000267,67,144,-77
115000268,37,192,-155
115000269,127,114,13
115000270,15,35,-20
115000272,55,260,-205
115000273,363,47,316
115000280,2859,208,2651
115000281,858,354,504
115000282,2292,635,1657
115000284,312,129,183
115000296,782,5,777
115000297,327,128,199
115000298,108,281,-173
115000300,161,302,-141
115000302,305,370,-65
115000303,597,198,399
115000304,587,128,459
115000305,74,1970,-1896
115000306,171,1083,-912
115000307,67,449,-382
115000308,79,48,31
115000309,35,20,15
115000310,956,1546,-590
115000311,619,2506,-1887
115000313,169,1333,-1164
115000314,330,94,236
115000315,1402,364,1038
115000316,57,95,-38
115000317,173,1065,-892
115000318,724,380,344
115000319,47,407,-360
115000320,8,315,-307
115000321,540,14,526
115000322,41,429,-388
115000449,646,239,407
115000557,6,1006,-1000
115000558,245,102,143
115000587,335,559,-224
115000588,2641,5175,-2534
115000589,2954,3372,-418
115000590,791,2270,-1479
115000591,953,985,-32
115000592,709,2332,-1623
115000593,1299,890,409
115000594,939,2181,-1242
115000609,62,163,-101
115000617,2842,2379,463
115000624,170,150,20
115000633,421,2129,-1708
115000634,3593,1207,2386
115000635,430,171,259
115000638,2275,992,1283
115000641,84,155,-71
115000642,456,353,103
115000643,87,753,-666
115000644,193,488,-295
115000646,982,1562,-580
115000647,217,806,-589
115000648,1425,2469,-1044
115000893,3711,1582,2129
115000894,106,1401,-1295
115000895,390,915,-525
115000896,1201,407,794
115000897,578,139,439
115000898,910,270,640
115000899,1336,1384,-48
115000900,152,513,-361
115000901,98,145,-47
115000912,293,156,137
115000913,2,103,-101
115000915,79,3,76
115000916,9,0,9
115000917,0,15,-15
115000918,111,287,-176
115000919,19,34,-15
115000920,63,73,-10
115000921,2099,131,1968
115000922,1212,794,418
115000923,505,896,-391
115000925,95,98,-3
115000927,31,50,-19
115000933,353,141,212
115000934,147,405,-258
115000935,97,180,-83
115000936,61,380,-319
115000937,1161,199,962
115000938,90,187,-97
115000939,98,158,-60
115900001,44,127,-83
115900002,88,271,-183
115900003,162,144,18
115900004,3,94,-91
115900005,127,11,116
115900006,123,830,-707
115900008,46,20,26
115900009,64,600,-536
115900010,184,352,-168
115900011,311,462,-151
115900012,117,151,-34
115900013,415,286,129
115900014,110,253,-143
115900015,76,179,-103
115900016,30,78,-48
115900017,4,3,1
115900018,193,129,64
115900019,947,45,902
115900020,26,1,25
115900021,2218,215,2003
115900022,3812,17,3795
115900023,18,1,17
115900025,60,304,-244
115900026,1020,493,527
115900027,0,687,-687
115900028,804,108,696
115900029,41,793,-752
115900030,31,69,-38
115900031,417,300,117
115900032,506,1249,-743
115900033,0,46,-46
115900034,33,938,-905
115900035,19,76,-57
115900036,471,464,7
115900037,69,718,-649
115900038,51,14,37
115900039,138,589,-451
115900041,585,455,130
115900042,21,1,20
115900043,113,222,-109
115900044,476,258,218
115900046,234,407,-173
115900047,149,108,41
115900049,124,433,-309
115900051,2,63,-61
115900052,16,363,-347
115900053,143,457,-314
115900054,141,70,71
115900055,22,196,-174
115900056,172,659,-487
115900057,17,11,6
115900058,23,74,-51
115900060,52,283,-231
115900061,168,2,166
115900062,37,522,-485
115900063,37,12,25
115900064,199,354,-155
115900065,107,218,-111
115900066,316,292,24
115900067,8,1419,-1411
115900068,4642,540,4102
115900069,51,280,-229
115900070,161,401,-240
115900071,3,1139,-1136
115900072,84,373,-289
115900073,82,67,15
115900074,3,528,-525
115900075,22,527,-505
115900076,7,134,-127
115900077,10,483,-473
115900078,51,175,-124
115900079,115,24,91
115900080,804,454,350
115900081,28,113,-85
115900082,232,203,29
115900084,259,20,239
115900085,53,58,-5
115900086,2764,772,1992
115900088,15,82,-67
115900089,250,1050,-800
115900090,206,23,183
115900091,12,40,-28
115900092,33,437,-404
115900093,3,34,-31
115900094,9,513,-504
115900096,0,14,-14
115900097,9,660,-651
115900098,119,967,-848
115900099,97,161,-64
115900100,22,936,-914
115900101,128,783,-655
115900102,88,124,-36
115900103,288,449,-161
115900104,47,265,-218
115900105,123,1334,-1211
115900106,48,55,-7
115900107,80,343,-263
115900108,84,49,35
115900109,63,691,-628
115900110,2,31,-29
115900111,4,125,-121
115900112,49,1996,-1947
115900113,44,45,-1
115900114,5,245,-240
115900115,50,231,-181
115900116,113,1893,-1780
115900117,46,33,13
115900118,6,472,-466
115900119,194,120,74
115900120,45,815,-770
115900121,152,458,-306
115900124,209,616,-407
115900125,277,54,223
115900126,563,89,474
115900127,597,59,538
115900128,10,95,-85
115900129,694,55,639
115900130,44,232,-188
115900131,181,44,137
115900132,387,8,379
115900134,320,12,308
115900135,713,962,-249
115900137,36,5,31
115900139,52,57,-5
115900140,127,25,102
115900141,4,42,-38
115900142,5,24,-19
115900143,178,484,-306
115900144,75,384,-309
115900146,15,275,-260
115900147,302,276,26
115900148,7,5,2
115900149,87,39,48
115900150,92,105,-13
115900151,18,127,-109
115900152,98,675,-577
115900153,91,459,-368
115900154,1161,380,781
115900155,0,161,-161
115900156,561,957,-396
115900157,106,585,-479
115900158,54,20,34
115900159,115,380,-265
115900160,14,5,9
115900161,80,325,-245
115900163,165,167,-2
115900164,332,87,245
115900165,2,144,-142
115900166,239,516,-277
115900168,70,225,-155
115900171,122,747,-625
115900172,59,199,-140
115900173,162,215,-53
115900174,631,233,398
115900175,75,201,-126
115900178,2,1118,-1116
115900179,172,19,153
115900180,48,667,-619
115900181,150,391,-241
115900182,311,481,-170
115900183,96,27,69
115900184,1944,29,1915
115900187,12,146,-134
115900189,0,203,-203
115900190,681,1237,-556
115900191,77,741,-664
115900192,10,112,-102
115900193,102,178,-76
115900194,421,66,355
115900195,691,1403,-712
115900198,272,409,-137
115900199,164,435,-271
115900200,292,536,-244
115900201,507,339,168
115900202,3,22,-19
115900203,7,8,-1
115900204,0,7,-7
115900205,49,12,37
115900206,109,217,-108
115900207,26,34,-8
115900208,137,638,-501
115900209,5,183,-178
115900210,5,224,-219
115900211,3,381,-378
115900212,134,383,-249
115900213,95,49,46
115900214,225,445,-220
115900215,34,77,-43
115900216,9,140,-131
115900217,6,125,-119
115900218,7,72,-65
115900219,64,12,52
115900220,89,12,77
115900221,58,23,35
115900222,44,29,15
115900223,11,254,-243
115900224,2659,637,2022
115900225,72,60,12
115900226,20,124,-104
115900227,7,85,-78
115900228,4,72,-68
115900229,10,70,-60
115900230,69,195,-126
115900231,116,5,111
115900232,60,0,60
115900233,72,11,61
115900234,40,34,6
115900235,8,30,-22
115900236,31,21,10
115900237,28,55,-27
115900238,32,29,3
115900239,24,34,-10
115900240,14,57,-43
115900241,189,133,56
115900242,266,269,-3
115900243,42,10,32
115900244,6,27,-21
115900245,41,14,27
115900246,16,7,9
115900247,15,24,-9
115900248,13,7,6
115900249,6,22,-16
115900250,15,38,-23
115900251,2,7,-5
115900252,1,6,-5
115900253,1,14,-13
115900254,9,23,-14
115900255,2,10,-8
115900256,16,8,8
115900257,0,0,0
115900258,0,0,0
115900259,3,6,-3
115900260,10,6,4
115900261,4,2,2
115900262,2,3,-1
115900263,3,7,-4
115900264,11,7,4
115900265,1,6,-5
115900266,7,6,1
115900267,9,11,-2
115900268,9,8,1
115900269,284,521,-237
115900270,381,1439,-1058
115900271,54,0,54
115900272,32,2,30
115900273,7,9,-2
115900274,0,44,-44
115900275,0,66,-66
115900276,1,141,-140
115900277,1,226,-225
115900278,32,215,-183
115900279,16,255,-239
115900280,10,280,-270
115900281,691,152,539
115900282,11,4,7
115900283,0,1,-1
115900284,0,0,0
116000001,20737,6833,13904
116000002,5070,8727,-3657
116000003,1746,2629,-883
116000004,2701,2878,-177
116000005,3870,5372,-1502
116000006,2771,1641,1130
116000007,5293,6647,-1354
116000008,4797,2725,2072
116000009,2336,3538,-1202
116000010,1593,1529,64
116000011,1063,2559,-1496
116000012,785,765,20
116000013,24459,6546,17913
116000014,27040,11607,15433
116000015,990,1309,-319
116000016,12477,3410,9067
116000017,88,730,-642
116000018,1023,784,239
116000019,736,406,330
116000020,554,2277,-1723
116000021,400,420,-20
116000022,290,942,-652
116000023,1053,762,291
116000024,677,2090,-1413
116000025,793,763,30
116000026,1631,3264,-1633
116000027,828,834,-6
116000028,489,908,-419
116000029,1124,789,335
116000030,716,559,157
116000031,193,262,-69
116000032,506,318,188
116000033,450,831,-381
116000034,824,1209,-385
116000035,516,807,-291
116000036,2580,800,1780
116000037,861,938,-77
116000038,815,556,259
116000039,826,380,446
116000040,1530,331,1199
116000041,351,662,-311
116000042,574,281,293
116000043,83,649,-566
116000044,34,230,-196
116000045,2253,1599,654
116000046,1792,1354,438
116000047,2785,2602,183
116000048,2556,2120,436
116000049,1196,2588,-1392
116000050,1617,1758,-141
116000051,4694,2493,2201
116000052,4267,4698,-431
116000053,1984,1402,582
116000054,982,3056,-2074
116000055,571,1736,-1165
116000056,695,1518,-823
116000057,3818,2448,1370
116000058,3819,2460,1359
116000059,2997,5303,-2306
116000060,3111,1160,1951
116000061,665,946,-281
116000062,866,341,525
116000063,666,1278,-612
116000066,214,609,-395
116000067,312,790,-478
116000068,228,327,-99
116000069,409,619,-210
116000078,369,1491,-1122
116000080,1572,1435,137
116000082,11,271,-260
116000083,1172,462,710
116000084,3284,5083,-1799
116000085,1864,1515,349
116000086,3549,1652,1897
116000087,1246,1594,-348
116000088,1227,2192,-965
116000089,185,188,-3
116000090,189,202,-13
116000091,282,151,131
116000093,809,2473,-1664
116000094,531,1021,-490
116000095,618,1900,-1282
116000096,716,1701,-985
116000097,680,1541,-861
116000098,605,5410,-4805
116000099,18196,683,17513
116000100,136,19,117
116000101,615,2759,-2144
116000102,265,2369,-2104
116000103,377,358,19
116000104,214,3040,-2826
116000105,1053,315,738
116000106,447,2245,-1798
116000107,1814,678,1136
116000108,321,291,30
116000111,119,29,90
116000113,101,118,-17
116000114,30,203,-173
116000115,252,129,123
116000116,255,748,-493
116000117,1334,2912,-1578
116000118,1250,2542,-1292
116000119,2311,2405,-94
116000120,3066,7080,-4014
116000121,640,653,-13
116000122,1556,3871,-2315
116000123,755,728,27
116000124,426,1765,-1339
116000125,2359,1001,1358
116000126,370,2081,-1711
116000127,1525,2565,-1040
116000128,1386,1199,187
116000129,901,241,660
116000130,392,389,3
116000133,571,1627,-1056
116000134,1821,4727,-2906
116000135,1635,2159,-524
116000136,1121,3730,-2609
116000137,752,882,-130
116000138,1228,672,556
116000139,1600,2840,-1240
116000140,149,300,-151
116000141,481,1646,-1165
116000142,5418,4910,508
116000143,1977,1841,136
116000144,1395,4358,-2963
116000145,1667,2157,-490
116000146,252,631,-379
116000147,341,170,171
116000148,476,519,-43
116000149,357,845,-488
116000151,591,1492,-901
116000153,99,709,-610
116000155,355,333,22
116000156,862,2843,-1981
116000157,67,60,7
116000158,493,439,54
116000159,8,21,-13
116000160,37,237,-200
116000161,7,159,-152
116000162,91,101,-10
116000163,48,15,33
116000164,10,22,-12
116000177,311,166,145
116000194,117,593,-476
116000195,2352,848,1504
116000196,17,10,7
116000197,11,6,5
116000198,2643,1365,1278
116000200,1168,355,813
116000201,872,954,-82
116000202,10,575,-565
116000203,4,109,-105
116000204,16,67,-51
116000205,0,242,-242
116000206,0,135,-135
116000207,2,40,-38
116000233,204,1400,-1196
116000287,135,890,-755
116000288,171,483,-312
116000292,59,335,-276
116000296,7,577,-570
116000297,61,18,43
116000304,67,70,-3
116000305,19,152,-133
116000346,204,359,-155
116000352,107,78,29
116000354,60,44,16
116000357,17,21,-4
116000358,196,45,151
116000361,211,4,207
116000372,13597,3796,9801
116000381,58,0,58
116000388,2,46,-44
116000389,537,864,-327
116000445,331,986,-655
116000446,443,2163,-1720
116000447,15,600,-585
116000448,900,564,336
116000563,1047,1027,20
116000565,195,524,-329
116000566,4,39,-35
116000568,52,262,-210
116000579,26,171,-145
116000584,16,17,-1
116000585,26,25,1
116000586,294,144,150
116000587,636,1095,-459
116000589,18,135,-117
116000590,61,124,-63
116000591,176,507,-331
116000592,17,200,-183
116000593,1,80,-79
116000594,427,800,-373
116000595,762,283,479
116000596,87,12,75
116000597,232,74,158
116000598,13,294,-281
116000602,60,461,-401
116000605,472,351,121
116000606,64,238,-174
116000607,9,169,-160
116000609,372,983,-611
116000611,138,760,-622
116000612,597,2155,-1558
116000613,514,533,-19
116000614,612,1347,-735
116000615,0,207,-207
116000616,69,230,-161
116000617,86,179,-93
116000618,0,237,-237
116000619,22,66,-44
116000620,51,53,-2
116000621,20,133,-113
116000622,32,185,-153
116000624,126,107,19
116000627,21,89,-68
116000628,25,1486,-1461
116000629,22,1144,-1122
116000630,251,313,-62
116000631,65,197,-132
116000632,320,774,-454
116000633,74,1007,-933
116000634,262,52,210
116000635,3319,2076,1243
116000636,1736,1134,602
116000637,160,13,147
116000638,23,927,-904
116900001,239,210,29
116900002,429,6,423
116900003,17,115,-98
116900004,37,72,-35
116900005,217,89,128
116900006,302,192,110
116900007,119,275,-156
116900008,265,679,-414
116900009,16,5,11
116900010,6,2912,-2906
116900011,19,91,-72
116900012,197,324,-127
116900013,8,399,-391
116900014,25,501,-476
116900015,285,124,161
116900016,135,0,135
116900017,1,1361,-1360
116900018,99,92,7
116900019,13,770,-757
116900020,3042,619,2423
116900023,57,20,37
116900024,383,111,272
116900025,760,1648,-888
116900026,324,1202,-878
116900027,23,93,-70
116900028,2,235,-233
116900029,8,35,-27
116900031,0,23,-23
116900032,8,770,-762
116900033,15,17,-2
116900034,8,116,-108
116900035,99,431,-332
116900036,3,165,-162
116900038,27,4,23
116900041,53,15,38
116900042,1497,367,1130
116900043,18,164,-146
116900047,176,63,113
116900049,68,506,-438
116900050,102,869,-767
116900051,81,627,-546
116900052,160,100,60
116900055,0,10,-10
116900057,27,583,-556
116900058,36,841,-805
116900059,6,448,-442
116900060,393,368,25
116900062,1,10,-9
116900064,70,1941,-1871
116900065,17,237,-220
116900067,96,241,-145
116900068,159,491,-332
116900070,0,5,-5
116900072,21,769,-748
116900073,8,436,-428
116900074,14,76,-62
116900076,13,40,-27
116900077,5,382,-377
116900078,364,228,136
116900079,46,872,-826
116900080,4,33,-29
116900081,491,2989,-2498
116900082,338,1228,-890
116900083,67,130,-63
116900084,232,79,153
116900085,25,219,-194
116900086,26,436,-410
116900088,685,91,594
116900090,168,76,92
116900091,222,151,71
116900092,93,1305,-1212
116900093,2222,2663,-441
116900094,8289,3383,4906
116900095,315,283,32
116900096,158,249,-91
116900097,7435,2751,4684
116900098,964,339,625
116900099,825,809,16
116900100,631,42,589
116900101,321,953,-632
116900103,3,2,1
116900104,39,88,-49
116900105,304,89,215
116900106,1337,832,505
116900107,7379,2038,5341
116900110,12,0,12
116900111,267,2069,-1802
116900112,168,2276,-2108
116900113,5739,1216,4523
116900116,137,402,-265
116900117,31,122,-91
116900118,1259,794,465
116900120,178,287,-109
116900121,35,90,-55
116900122,501,1392,-891
116900123,160,1473,-1313
116900124,149,1881,-1732
116900125,265,474,-209
116900126,608,774,-166
116900128,3,44,-41
116900129,2,492,-490
116900130,1833,2541,-708
116900131,120,201,-81
116900132,30,85,-55
116900133,90,106,-16
116900134,209,275,-66
116900136,196,237,-41
116900137,352,227,125
116900138,134,295,-161
116900139,77,470,-393
116900140,175,215,-40
116900141,605,385,220
116900142,2,61,-59
116900143,241,621,-380
116900144,25,57,-32
116900145,105,561,-456
116900147,776,441,335
116900148,7,38,-31
116900149,28,223,-195
116900150,22,7,15
116900151,117,40,77
116900153,108,101,7
116900154,646,520,126
116900155,105,78,27
116900157,429,504,-75
116900158,130,198,-68
116900159,29,322,-293
116900160,886,363,523
116900161,14412,5666,8746
116900162,15,216,-201
116900163,164,290,-126
116900164,57,58,-1
116900165,246,194,52
116900166,19,188,-169
116900167,440,106,334
116900168,223,97,126
116900169,936,311,625
116900170,266,436,-170
116900171,27,426,-399
116900172,342,174,168
116900173,158,89,69
116900174,10,29,-19
116900175,293,127,166
116900178,25,325,-300
116900179,99,184,-85
116900180,101,52,49
116900182,386,275,111
116900183,161,134,27
116900185,28,23,5
116900186,104,566,-462
116900187,29,31,-2
116900188,134,39,95
116900189,46,0,46
116900191,429,672,-243
116900192,205,403,-198
116900194,104,926,-822
116900195,55,24,31
116900196,22,144,-122
116900197,50,9,41
116900198,367,189,178
116900200,25,32,-7
116900201,78,12,66
116900202,147,79,68
116900203,161,6,155
116900204,43,111,-68
116900206,10,56,-46
116900207,20,43,-23
116900208,4,343,-339
116900209,20,266,-246
116900210,329,286,43
116900211,322,33,289
116900212,21,147,-126
116900213,170,342,-172
116900214,103,149,-46
116900215,71,165,-94
116900216,381,450,-69
116900218,12,506,-494
116900219,1155,499,656
116900220,91,293,-202
116900221,59,341,-282
116900222,434,426,8
116900223,111,242,-131
116900226,54,158,-104
116900227,151,144,7
116900228,284,474,-190
116900230,47,740,-693
116900231,40,869,-829
116900232,15,1097,-1082
116900233,303,132,171
116900234,17,4,13
116900235,199,541,-342
116900238,2030,639,1391
116900239,143,1081,-938
116900240,11546,3708,7838
116900241,51,340,-289
116900242,643,353,290
116900243,25,217,-192
116900245,43,19,24
116900246,75,13,62
116900247,395,22,373
116900248,80,45,35
116900249,205,206,-1
116900250,248,67,181
116900251,700,417,283
116900252,57,1809,-1752
116900253,172,176,-4
116900254,16,161,-145
116900255,73,49,24
116900256,193,139,54
116900257,22,1107,-1085
116900258,4,462,-458
116900259,135,13,122
116900260,7,218,-211
116900261,57,6,51
116900262,150,188,-38
116900263,0,11,-11
116900264,1,10,-9
116900265,18,0,18
116900266,19,185,-166
116900267,0,1,-1
116900268,20,6,14
116900269,350,735,-385
116900271,2493,124,2369
116900272,534,932,-398
116900273,474,92,382
116900274,129,163,-34
116900275,132,261,-129
116900276,2105,76,2029
116900277,1176,27,1149
116900278,0,34,-34
116900279,1,37,-36
116900280,23,86,-63
116900281,13381,3607,9774
116900282,6,397,-391
116900283,27,318,-291
116900284,18,428,-410
116900285,543,319,224
116900286,323,21,302
116900287,8,169,-161
116900288,36,228,-192
116900289,8,62,-54
116900290,2,81,-79
116900291,5,15,-10
116900292,0,7,-7
116900293,25,138,-113
116900294,38,211,-173
116900295,351,50,301
116900296,99,99,0
116900297,19,128,-109
116900298,246,72,174
116900299,73,62,11
116900300,6,305,-299
116900301,112,146,-34
116900302,84,72,12
116900303,722,71,651
116900304,1,179,-178
116900305,42,70,-28
116900306,55,244,-189
117000001,1980,1808,172
117000002,2790,6822,-4032
117000003,9620,3618,6002
117000004,6445,9020,-2575
117000005,1977,1918,59
117000006,1744,6827,-5083
117000007,3405,1521,1884
117000008,1903,8129,-6226
117000009,4917,2161,2756
117000010,3735,7860,-4125
117000011,1791,2824,-1033
117000012,1523,3016,-1493
117000013,1611,1685,-74
117000014,1318,4091,-2773
117000015,4718,1632,3086
117000016,815,43,772
117000017,617,362,255
117000018,285,398,-113
117000019,375,0,375
117000020,999,1436,-437
117000021,4340,701,3639
117000022,908,85,823
117000023,1088,180,908
117000024,1034,138,896
117000025,2062,763,1299
117000026,5801,1056,4745
117000027,4078,2394,1684
117000028,5464,1392,4072
117000030,1166,1169,-3
117000031,449,343,106
117000032,2595,2004,591
117000033,1753,1290,463
117000034,434,629,-195
117000035,370,299,71
117000036,556,675,-119
117000037,519,291,228
117000038,534,989,-455
117000039,544,432,112
117000040,174,2308,-2134
117000041,684,209,475
117000044,39,2217,-2178
117000045,391,60,331
117000046,645,1116,-471
117000047,895,605,290
117000048,3367,2912,455
117000049,233,685,-452
117000050,202,4206,-4004
117000051,2004,207,1797
117000052,38,1026,-988
117000053,254,99,155
117000054,1505,5,1500
117000055,27,6334,-6307
117000056,587,30,557
117000057,883,3819,-2936
117000060,485,2492,-2007
117000061,1801,1296,505
117000062,265,846,-581
117000063,2111,978,1133
117000064,1362,1572,-210
117000066,1836,1445,391
117000067,296,500,-204
117000074,201,235,-34
117000076,129,76,53
117000077,131,181,-50
117000078,186,1199,-1013
117000079,405,297,108
117000080,1,604,-603
117000081,1056,181,875
117000082,32,103,-71
117000083,110,25,85
117000084,521,4,517
117000085,276,838,-562
117000086,1524,1044,480
117000087,117,885,-768
117000088,282,358,-76
117000089,1553,520,1033
117000090,369,2676,-2307
117000091,727,471,256
117000092,521,2837,-2316
117000093,1156,1084,72
117000094,1258,4691,-3433
117000095,3028,1236,1792
117000096,811,4621,-3810
117000097,1356,1585,-229
117000098,4106,9212,-5106
117000099,3184,1525,1659
117000100,262,308,-46
117000101,377,2272,-1895
117000102,1834,850,984
117000103,1212,3475,-2263
117000104,1465,844,621
117000105,1214,3115,-1901
117000106,1359,1320,39
117000107,789,3572,-2783
117000108,1578,1261,317
117000109,3138,4677,-1539
117000110,1589,1103,486
117000111,5250,7920,-2670
117000112,3405,3455,-50
117000113,144,631,-487
117000114,224,341,-117
117000115,91,313,-222
117000116,145,438,-293
117000117,2277,788,1489
117000118,454,199,255
117000119,427,117,310
117000120,482,356,126
117000121,276,1087,-811
117000122,970,1357,-387
117000123,3339,33,3306
117000124,1106,93,1013
117000125,801,126,675
117000126,97,34,63
117000127,337,605,-268
117000128,734,1198,-464
117000129,1006,288,718
117000130,131,6,125
117000131,1,257,-256
117000132,2271,84,2187
117000133,1061,164,897
117000134,6,110,-104
117000135,5,44,-39
117000136,7,47,-40
117000137,99,108,-9
117000138,3,975,-972
117000140,745,2742,-1997
117000141,2069,940,1129
117000181,1982,625,1357
117000182,386,322,64
117000195,287,2226,-1939
117000196,132,114,18
117000225,412,3,409
117000226,28,223,-195
117000276,191,6,185
117000277,3,1106,-1103
117000310,3457,4236,-779
117000315,60,1477,-1417
117000320,90,2,88
117000906,176,23,153
117000907,12,792,-780
117000908,167,21,146
117000909,90,48,42
117000910,212,207,5
117000911,165,266,-101
117000915,14,1321,-1307
117000916,15,7,8
117000917,879,44,835
117000918,57,115,-58
117000919,4,242,-238
117000920,2,2720,-2718
117000921,11,3092,-3081
117000922,85,291,-206
117000924,484,973,-489
117000926,1931,115,1816
117000927,2799,694,2105
117000928,0,497,-497
117000929,159,1193,-1034
117000930,186,27,159
117000931,745,181,564
117900002,342,638,-296
117900003,1140,664,476
117900005,10,68,-58
117900006,0,36,-36
117900007,187,288,-101
117900008,0,89,-89
117900010,311,181,130
117900011,89,25,64
117900012,101,307,-206
117900013,6,701,-695
117900014,740,420,320
117900015,28,374,-346
117900016,2823,742,2081
117900017,673,706,-33
117900018,362,67,295
117900019,406,826,-420
117900020,79,402,-323
117900021,49,158,-109
117900022,51,21,30
117900023,964,516,448
117900024,101,239,-138
117900025,54,13,41
117900026,327,948,-621
117900028,118,6,112
117900029,247,1917,-1670
117900030,498,317,181
117900031,429,245,184
117900032,749,615,134
117900033,219,1451,-1232
117900034,72,82,-10
117900035,165,66,99
117900036,220,1083,-863
117900037,79,175,-96
117900038,51,654,-603
117900039,8,163,-155
117900040,162,1125,-963
117900041,15,99,-84
117900042,7816,801,7015
117900043,49,110,-61
117900044,89,4152,-4063
117900045,188,215,-27
117900048,213,452,-239
117900049,188,1204,-1016
117900050,24,90,-66
117900051,76,14,62
117900052,81,436,-355
117900053,1193,1002,191
117900054,3,29,-26
117900055,253,315,-62
117900056,539,51,488
117900057,1055,1960,-905
117900058,212,15,197
117900059,772,131,641
117900060,1417,8444,-7027
117900061,20,279,-259
117900063,349,422,-73
117900065,1058,2053,-995
117900066,12,71,-59
117900067,394,589,-195
117900069,601,795,-194
117900070,482,5,477
117900071,146,235,-89
117900073,333,810,-477
117900074,392,16,376
117900075,105,120,-15
117900076,20,49,-29
117900077,199,238,-39
117900078,311,677,-366
117900080,252,71,181
117900081,654,836,-182
117900082,403,378,25
117900083,325,1297,-972
117900086,180,66,114
117900087,116,89,27
117900088,3564,3497,67
117900089,1676,591,1085
117900090,436,1621,-1185
117900091,398,225,173
117900092,65,42,23
117900093,59,128,-69
117900094,51,14,37
117900095,428,1093,-665
117900096,50,385,-335
117900097,252,179,73
117900098,25,7,18
117900099,157,762,-605
117900100,134,0,134
117900101,618,1483,-865
117900102,46,91,-45
117900103,36,1,35
117900104,8,246,-238
117900105,154,512,-358
117900106,69,121,-52
117900107,13,2,11
117900109,449,443,6
117900110,46,1,45
117900111,304,15,289
117900112,71,16,55
117900113,8603,3075,5528
117900114,15,0,15
117900115,401,86,315
117900116,1276,1555,-279
117900117,386,558,-172
117900118,36,0,36
117900119,90,521,-431
117900120,112,246,-134
117900121,47,32,15
117900122,2057,2427,-370
117900123,1242,1322,-80
117900124,848,1057,-209
117900125,1661,1578,83
117900126,334,1161,-827
117900127,492,1126,-634
117900128,328,1802,-1474
117900129,37,0,37
117900130,1320,900,420
117900131,3,191,-188
117900132,10,145,-135
117900133,9,206,-197
117900134,104,450,-346
117900135,36,378,-342
117900136,0,90,-90
117900137,55,509,-454
117900138,1,95,-94
117900139,44,233,-189
117900140,8364,343,8021
117900141,528,495,33
117900142,119,19,100
117900144,129,177,-48
117900145,51,15,36
117900146,356,159,197
117900147,99,132,-33
117900148,4936,1234,3702
117900149,64,314,-250
117900150,30,219,-189
117900151,74,248,-174
117900152,193,152,41
117900153,36,161,-125
117900154,463,1300,-837
117900156,1226,1520,-294
117900157,104,585,-481
117900158,186,184,2
117900160,570,456,114
117900161,3743,4488,-745
117900162,379,616,-237
117900163,195,28,167
117900165,0,25,-25
117900166,144,406,-262
117900168,32,255,-223
117900169,3,198,-195
117900170,0,54,-54
117900171,2,33,-31
117900172,8,99,-91
117900173,202,111,91
117900174,29,97,-68
117900175,1,81,-80
117900176,11,95,-84
117900177,10,94,-84
117900178,152,60,92
117900180,422,42,380
117900181,380,315,65
117900182,1,35,-34
117900183,42,224,-182
117900184,15,62,-47
117900185,31,41,-10
117900186,52,20,32
117900187,24,8,16
117900188,203,51,152
117900189,95,27,68
117900190,17,1,16
117900191,86,0,86
117900192,208,1,207
117900193,19,96,-77
117900194,25,12,13
117900195,24,47,-23
117900196,9,37,-28
117900207,188,137,51
117900208,38,61,-23
117900209,222,276,-54
117900210,175,314,-139
117900211,9,365,-356
117900212,98,301,-203
117900213,25,26,-1
117900214,4,81,-77
117900215,20,63,-43
117900216,71,45,26
117900217,206,167,39
117900218,342,366,-24
117900219,18,109,-91
117900220,262,133,129
117900222,150,422,-272
117900223,205,342,-137
118000001,1015,721,294
118000002,1360,2357,-997
118000003,2799,1965,834
118000004,3255,2281,974
118000005,7125,4465,2660
118000006,9259,10923,-1664
118000007,9652,3200,6452
118000008,6744,4087,2657
118000009,3077,3997,-920
118000010,5092,5643,-551
118000011,1179,4715,-3536
118000012,1242,4971,-3729
118000013,5031,4808,223
118000014,2246,4650,-2404
118000016,241,560,-319
118000017,324,450,-126
118000018,384,628,-244
118000019,2781,1582,1199
118000020,1946,2293,-347
118000021,898,2834,-1936
118000022,2429,987,1442
118000023,1283,389,894
118000024,2595,1119,1476
118000027,22813,11078,11735
118000029,1571,842,729
118000032,1806,3691,-1885
118000033,3435,3842,-407
118000034,6919,2727,4192
118000035,1724,2391,-667
118000036,1402,1131,271
118000037,758,1346,-588
118000038,166,160,6
118000039,109,656,-547
118000040,1546,2919,-1373
118000041,2404,2141,263
118000045,783,148,635
118000046,2716,667,2049
118000047,2563,561,2002
118000048,4769,1655,3114
118000051,3030,2045,985
118000052,2494,974,1520
118000053,1478,1657,-179
118000054,3699,3637,62
118000055,3245,3575,-330
118000056,341,598,-257
118000057,405,670,-265
118000058,4788,1945,2843
118000059,3229,1128,2101
118000060,1007,1006,1
118000061,907,2306,-1399
118000062,609,519,90
118000063,368,780,-412
118000064,1133,1772,-639
118000065,5782,2647,3135
118000066,1373,1739,-366
118000067,1403,956,447
118000068,2167,5032,-2865
118000069,4174,1792,2382
118000070,9486,2232,7254
118000071,4469,7547,-3078
118000072,2810,1255,1555
118000073,3193,576,2617
118000074,643,712,-69
118000075,1001,434,567
118000076,1782,1538,244
118000077,1676,1705,-29
118000078,2558,2032,526
118000079,408,555,-147
118000080,1498,1287,211
118000081,2374,1111,1263
118000082,494,1228,-734
118000083,3274,1537,1737
118000084,3330,1827,1503
118000086,291,655,-364
118000087,9313,3495,5818
118000088,2130,2483,-353
118000089,5840,3289,2551
118000090,3074,3491,-417
118000091,2726,2655,71
118000092,1733,611,1122
118000093,185,907,-722
118000096,621,773,-152
118000097,916,794,122
118000098,261,295,-34
118000099,471,1283,-812
118000101,976,465,511
118000102,380,1847,-1467
118000107,6211,755,5456
118000108,938,2036,-1098
118000110,1,35,-34
118000111,8,999,-991
118000112,253,8,245
118000113,21,1928,-1907
118000114,286,17,269
118000115,30,21,9
118000116,51,4,47
118000117,1508,1503,5
118000118,1109,742,367
118000119,968,1440,-472
118000120,2192,2381,-189
118000121,113,758,-645
118000122,1690,379,1311
118000123,74,409,-335
118000125,2652,1802,850
118000126,1112,1647,-535
118000127,2718,782,1936
118000128,924,1751,-827
118000129,1326,394,932
118000130,4062,6316,-2254
118000131,967,1447,-480
118000132,2190,1710,480
118000133,964,596,368
118000135,890,459,431
118000136,172,763,-591
118000137,1032,114,918
118000138,335,1568,-1233
118000139,321,197,124
118000140,2815,4335,-1520
118000141,1936,2623,-687
118000142,1455,2634,-1179
118000143,1723,1496,227
118000144,2026,1441,585
118000145,1555,3476,-1921
118000146,1129,1592,-463
118000147,863,2279,-1416
118000148,398,1965,-1567
118000149,756,1815,-1059
118000150,391,418,-27
118000151,307,652,-345
118000153,1107,1894,-787
118000154,927,2527,-1600
118000155,1108,2071,-963
118000156,3620,3348,272
118000157,668,518,150
118000158,113,622,-509
118000159,18,111,-93
118000160,529,686,-157
118000161,456,1131,-675
118000162,1174,1291,-117
118000163,691,1048,-357
118000164,3324,1986,1338
118000168,2338,455,1883
118000169,1179,2273,-1094
118000170,4716,9456,-4740
118000171,294,897,-603
118000172,124,511,-387
118000173,1060,1625,-565
118000175,271,509,-238
118000176,309,607,-298
118000177,253,746,-493
118000178,175,86,89
118000179,2212,1331,881
118000180,1089,1177,-88
118000181,1122,395,727
118000182,403,441,-38
118000183,321,360,-39
118000184,701,1580,-879
118000185,1613,1204,409
118000186,844,1188,-344
118000187,1210,1120,90
118000188,706,357,349
118000189,469,1457,-988
118000190,15,22,-7
118000191,20,93,-73
118000192,268,290,-22
118000193,172,468,-296
118000194,2937,1427,1510
118000195,1291,749,542
118000196,644,152,492
118000197,355,137,218
118000198,720,615,105
118000199,1179,560,619
118000200,175,543,-368
118000201,645,588,57
118000202,67,66,1
118000203,1412,488,924
118000204,182,386,-204
118000205,338,447,-109
118000206,265,295,-30
118000207,1,229,-228
118000208,1109,2044,-935
118000209,1984,2745,-761
118000210,41,59,-18
118000211,19,59,-40
118000213,1310,1598,-288
118000214,778,542,236
118000215,272,410,-138
118000216,2500,5015,-2515
118000217,29,142,-113
118000218,59,153,-94
118000219,522,596,-74
118000220,4,43,-39
118000221,125,391,-266
118000222,91,34,57
118000223,35,60,-25
118000224,436,126,310
118000225,145,1766,-1621
118000226,1073,266,807
118000227,1185,433,752
118000228,203,197,6
118000229,312,57,255
118000230,155,453,-298
118000231,87,399,-312
118000232,707,1557,-850
118000233,868,1386,-518
118000234,300,415,-115
118000236,455,691,-236
118000237,75,832,-757
118000238,162,559,-397
118000239,308,517,-209
118000240,1023,136,887
118000241,97,500,-403
118000242,331,979,-648
118000243,198,327,-129
118000244,50,307,-257
118000246,1,14,-13
118000255,51,295,-244
118000256,103,285,-182
118000259,11,80,-69
118000260,167,201,-34
118000261,74,203,-129
118000263,73,405,-332
118000266,130,765,-635
118000267,1,121,-120
118000268,601,64,537
118000270,44,51,-7
118000271,153,440,-287
118000272,64,42,22
118000273,123,143,-20
118000274,127,519,-392
118000276,365,728,-363
118000295,10,109,-99
118000298,184,673,-489
118000299,64,281,-217
118000301,0,118,-118
118000302,108,123,-15
118000311,349,208,141
118000312,206,326,-120
118000313,53,370,-317
118000314,80,165,-85
118000315,53,135,-82
118000316,546,845,-299
118000325,47,158,-111
118000326,30,48,-18
118000331,36,119,-83
118000332,26,106,-80
118000333,48,152,-104
118000335,197,6,191
118000336,1,552,-551
118000407,119,117,2
118000457,8,34,-26
118000465,4399,4092,307
118000480,43,278,-235
118000489,89,311,-222
118000490,105,663,-558
118000492,177,353,-176
118000510,93,23,70
118000514,248,648,-400
118000515,834,622,212
118000517,666,302,364
118000524,981,298,683
118000525,991,1217,-226
118000530,26,182,-156
118000531,219,412,-193
118000532,196,448,-252
118000533,413,206,207
118000534,640,575,65
118000535,237,183,54
118000536,1201,1645,-444
118000537,32,151,-119
118000538,17,206,-189
118000539,27,104,-77
118000540,449,425,24
118000541,228,157,71
118000542,124,276,-152
118000543,303,328,-25
118000546,34,63,-29
118000560,4568,1490,3078
118000562,21,877,-856
118000563,2781,1859,922
118000576,176,312,-136
118000577,164,164,0
118000578,157,176,-19
118000579,1069,1336,-267
118000595,175,131,44
118000596,0,112,-112
118000597,111,164,-53
118000598,26,0,26
118000599,19,63,-44
118000600,5,74,-69
118000601,9,0,9
118000602,0,47,-47
118000603,1,59,-58
118900001,1983,1417,566
118900002,1668,982,686
118900003,203,50,153
118900004,42,133,-91
118900005,57,11,46
118900006,90,7,83
118900007,14,19,-5
118900008,1643,82,1561
118900009,31,21,10
118900010,53,3,50
118900011,200,50,150
118900012,501,383,118
118900013,966,81,885
118900015,207,80,127
118900016,8,57,-49
118900017,235,323,-88
118900018,1802,27,1775
118900019,69,22,47
118900020,166,121,45
118900021,199,599,-400
118900022,176,135,41
118900023,141,175,-34
118900024,93,300,-207
118900025,79,34,45
118900026,51,121,-70
118900027,772,443,329
118900028,132,245,-113
118900029,173,840,-667
118900030,215,112,103
118900031,161,234,-73
118900032,70,173,-103
118900033,582,1125,-543
118900034,102,17,85
118900035,152,377,-225
118900036,993,1223,-230
118900037,521,375,146
118900038,369,479,-110
118900039,475,492,-17
118900040,164,274,-110
118900041,359,270,89
118900042,173,174,-1
118900045,298,203,95
118900046,1137,303,834
118900047,1141,309,832
118900048,322,243,79
118900049,86,64,22
118900050,12,189,-177
118900051,93,72,21
118900052,317,394,-77
118900053,35,131,-96
118900054,96,108,-12
118900055,29,177,-148
118900056,32,305,-273
118900057,556,436,120
118900058,368,704,-336
118900059,34,116,-82
118900060,49,178,-129
118900062,153,284,-131
118900064,808,651,157
118900065,46,234,-188
118900066,82,225,-143
118900067,7578,2827,4751
118900068,4,398,-394
118900069,370,414,-44
118900071,6,81,-75
118900072,551,644,-93
118900073,86,156,-70
118900074,110,230,-120
118900075,73,116,-43
118900076,308,137,171
118900077,147,316,-169
118900078,49,10,39
118900079,67,290,-223
118900080,17,120,-103
118900081,53,25,28
118900082,622,289,333
118900083,24,21,3
118900084,20,29,-9
118900085,633,1335,-702
118900086,56,95,-39
118900087,22,278,-256
118900088,1,31,-30
118900089,31,13,18
118900090,435,646,-211
118900091,281,235,46
118900092,99,148,-49
118900093,178,18,160
118900096,41,34,7
118900097,223,1246,-1023
118900099,57,721,-664
118900100,167,342,-175
118900101,99,963,-864
118900102,30,97,-67
118900103,78,75,3
118900104,115,266,-151
118900105,236,178,58
118900107,311,139,172
118900108,69,144,-75
118900110,2557,780,1777
118900111,427,1081,-654
118900112,53,182,-129
118900113,97,1198,-1101
118900114,60,173,-113
118900115,143,708,-565
118900116,128,240,-112
118900117,102,228,-126
118900118,235,726,-491
118900119,123,419,-296
118900120,98,367,-269
118900121,20,488,-468
118900122,22,814,-792
118900123,156,308,-152
118900124,90,261,-171
118900126,28,375,-347
118900129,395,238,157
118900130,49,203,-154
118900131,113,415,-302
118900132,516,259,257
118900133,28,112,-84
118900135,184,275,-91
118900136,176,1126,-950
118900137,2,33,-31
118900139,198,1044,-846
118900140,425,1035,-610
118900141,55,470,-415
118900144,157,759,-602
118900145,28,312,-284
118900146,328,1343,-1015
118900147,256,119,137
118900148,60,125,-65
118900150,154,616,-462
118900152,420,1442,-1022
118900157,171,278,-107
118900158,29,110,-81
118900159,4,425,-421
118900161,131,6,125
118900163,455,120,335
118900164,5,153,-148
118900165,53,449,-396
118900166,83,5,78
118900167,57,308,-251
118900168,9,104,-95
118900169,108,720,-612
118900170,95,230,-135
118900171,15,42,-27
118900174,49,115,-66
118900175,353,567,-214
118900176,126,264,-138
118900177,47,85,-38
118900178,64,143,-79
118900179,3,45,-42
118900181,60,231,-171
118900182,136,61,75
118900183,11,116,-105
118900184,277,101,176
118900185,87,195,-108
118900186,123,130,-7
118900187,249,543,-294
118900188,265,442,-177
118900189,36,791,-755
118900190,15,1037,-1022
118900191,178,80,98
118900192,185,46,139
118900193,273,12,261
118900195,454,1761,-1307
118900196,43,300,-257
118900197,138,160,-22
118900198,14,67,-53
118900199,43,81,-38
118900200,20,9,11
118900201,22,18,4
118900202,6,86,-80
118900203,1,66,-65
118900204,22,60,-38
118900205,28,35,-7
118900206,4,55,-51
119000001,1469,2362,-893
119000002,3178,5176,-1998
119000003,1956,2356,-400
119000004,2076,2211,-135
119000005,2239,2833,-594
119000006,2054,2116,-62
119000007,3459,4149,-690
119000008,1827,2880,-1053
119000009,4329,3889,440
119000010,10664,4963,5701
119000011,7866,3298,4568
119000012,5992,4029,1963
119000013,2502,1663,839
119000014,3130,4815,-1685
119000019,317,326,-9
119000020,1264,1898,-634
119000021,3488,2713,775
119000022,6196,2567,3629
119000023,338,337,1
119000024,2800,9155,-6355
119000025,18274,1795,16479
119000026,353,392,-39
119000027,708,563,145
119000028,3246,1961,1285
119000029,240,482,-242
119000030,597,2117,-1520
119000031,808,921,-113
119000032,3048,3837,-789
119000033,2609,3042,-433
119000034,1065,1440,-375
119000035,38,611,-573
119000036,1164,1915,-751
119000037,1059,3464,-2405
119000038,136,1942,-1806
119000039,228,500,-272
119000040,1647,712,935
119000041,1504,1516,-12
119000048,4312,5708,-1396
119000049,1436,5370,-3934
119000050,1909,3943,-2034
119000051,2331,1357,974
119000052,3141,5038,-1897
119000053,2021,1709,312
119000054,2971,6584,-3613
119000055,3067,5446,-2379
119000056,2140,3112,-972
119000057,1642,4418,-2776
119000058,2199,3438,-1239
119000059,1229,3054,-1825
119000060,1212,1132,80
119000061,1097,1382,-285
119000062,1154,1750,-596
119000063,432,404,28
119000064,1985,2715,-730
119000065,2201,4218,-2017
119000066,2342,1457,885
119000067,2274,4143,-1869
119000068,1385,1481,-96
119000069,1590,4891,-3301
119000070,1870,1630,240
119000071,636,1757,-1121
119000072,11220,6313,4907
119000073,8397,7963,434
119000074,1124,6360,-5236
119000075,1307,3313,-2006
119000076,695,1618,-923
119000077,1132,923,209
119000078,490,401,89
119000079,134,1307,-1173
119000080,286,406,-120
119000081,379,702,-323
119000082,944,383,561
119000083,467,470,-3
119000084,352,959,-607
119000085,892,473,419
119000086,289,571,-282
119000087,2480,1602,878
119000088,288,304,-16
119000089,80,234,-154
119000090,239,241,-2
119000091,110,489,-379
119000092,932,353,579
119000093,6110,5980,130
119000094,2334,7861,-5527
119000095,1509,5140,-3631
119000097,3185,2575,610
119000098,692,2277,-1585
119000099,2887,3177,-290
119000100,3211,2831,380
119000101,4176,3065,1111
119000102,971,1093,-122
119000103,1897,659,1238
119000104,5331,2342,2989
119000105,1022,1585,-563
119000106,342,3543,-3201
119000107,573,759,-186
119000108,327,2229,-1902
119000109,190,543,-353
119000110,813,724,89
119000111,82,998,-916
119000112,227,190,37
119000113,4036,422,3614
119000114,1209,1052,157
119000115,183,230,-47
119000116,110,134,-24
119000117,169,526,-357
119000118,2,3,-1
119000123,4975,1273,3702
119000124,535,366,169
119000125,2457,1715,742
119000126,359,1590,-1231
119000127,433,1640,-1207
119000128,50,4,46
119000131,829,1671,-842
119000132,3,13,-10
119000133,2,11,-9
119000134,4193,811,3382
119000135,130,335,-205
119000136,156,512,-356
119000137,192,787,-595
119000138,280,698,-418
119000139,274,460,-186
119000140,182,446,-264
119000284,1585,4126,-2541
119000285,2958,3047,-89
119000286,9311,7143,2168
119000287,1568,3187,-1619
119000288,2153,2374,-221
119000289,3075,5771,-2696
119000290,221,989,-768
119000291,12,622,-610
119000293,68,308,-240
119000294,35,33,2
119000295,3683,781,2902
119000296,142,178,-36
119000302,5411,1881,3530
119000303,50,394,-344
119000314,1696,8553,-6857
119000315,4,1103,-1099
119000316,74,272,-198
119000317,73,794,-721
119900001,307,1119,-812
119900002,125,378,-253
119900003,82,1982,-1900
119900004,450,733,-283
119900005,122,267,-145
119900006,241,518,-277
119900007,979,128,851
119900008,69,60,9
119900009,582,861,-279
119900010,2061,1821,240
119900011,26,79,-53
119900012,17,95,-78
119900013,2258,1061,1197
119900014,801,422,379
119900015,86,34,52
119900016,53,200,-147
119900017,31,64,-33
119900018,2504,537,1967
119900019,51,10,41
119900020,118,242,-124
119900021,139,141,-2
119900022,256,426,-170
119900023,1391,1005,386
119900025,104,58,46
119900026,1567,152,1415
119900027,18,41,-23
119900028,169,89,80
119900029,5,8,-3
119900030,598,709,-111
119900031,30,280,-250
119900033,2949,271,2678
119900034,306,285,21
119900037,90,85,5
119900038,46,263,-217
119900039,55,7,48
119900040,112,13,99
119900041,78,97,-19
119900042,85,303,-218
119900043,70,338,-268
119900044,268,568,-300
119900046,75,141,-66
119900047,205,53,152
119900048,20,84,-64
119900049,83,24,59
119900050,113,121,-8
119900051,502,14,488
119900052,42,104,-62
119900053,149,321,-172
119900054,86,12,74
119900055,1002,441,561
119900057,148,142,6
119900058,166,3,163
119900059,193,73,120
119900060,181,15,166
119900062,42,45,-3
119900063,25,71,-46
119900064,383,87,296
119900065,183,10,173
119900066,0,3,-3
119900067,75,47,28
119900068,283,2,281
119900069,83,35,48
119900070,630,13,617
119900071,441,27,414
119900073,2753,751,2002
119900074,40,22,18
119900075,9634,2867,6767
119900076,317,850,-533
119900077,498,2163,-1665
119900078,451,1476,-1025
119900079,165,588,-423
119900080,1224,1954,-730
119900081,95,93,2
119900082,780,210,570
119900083,521,181,340
119900084,970,352,618
119900085,300,128,172
119900087,849,534,315
119900088,66,83,-17
119900089,51,1133,-1082
119900090,244,99,145
119900091,71,2198,-2127
119900092,37,685,-648
119900093,1466,232,1234
119900094,54,312,-258
119900095,221,163,58
119900096,86,136,-50
119900097,839,314,525
119900098,44,141,-97
119900099,37,493,-456
119900100,4400,3067,1333
119900101,251,1881,-1630
119900102,37,606,-569
119900103,21,936,-915
119900104,44,531,-487
119900105,1323,2795,-1472
119900106,28,410,-382
119900107,629,6853,-6224
119900108,3737,944,2793
119900109,30,628,-598
119900110,633,1295,-662
119900111,97,712,-615
119900112,5266,866,4400
119900113,116,850,-734
119900114,247,2868,-2621
119900115,223,2278,-2055
119900116,241,622,-381
119900117,253,1618,-1365
119900118,48,2397,-2349
119900119,223,446,-223
119900120,798,1177,-379
119900121,276,2609,-2333
119900122,469,622,-153
119900123,318,437,-119
119900124,225,1858,-1633
119900125,73,740,-667
119900126,8427,394,8033
119900127,5067,1578,3489
119900128,377,1543,-1166
119900129,184,1647,-1463
119900130,60,484,-424
119900131,51,600,-549
119900132,8,791,-783
119900133,78,59,19
119900134,3774,427,3347
119900135,4,1102,-1098
119900136,215,861,-646
119900138,680,1026,-346
119900139,22,140,-118
119900140,7,250,-243
119900141,217,630,-413
119900142,21,46,-25
119900143,10,370,-360
119900144,3430,428,3002
119900145,94,482,-388
119900146,212,259,-47
119900147,17,218,-201
119900148,105,93,12
119900149,3046,3437,-391
119900150,240,405,-165
119900151,2501,1217,1284
119900152,116,896,-780
119900153,139,118,21
119900154,13,654,-641
119900155,19,61,-42
119900156,5,9,-4
119900157,72,462,-390
119900158,163,104,59
119900159,8,3013,-3005
119900160,34,427,-393
119900161,237,651,-414
119900162,871,1241,-370
119900163,204,213,-9
119900164,0,3,-3
119900165,99,565,-466
119900166,96,49,47
119900167,219,229,-10
119900168,571,651,-80
119900169,271,476,-205
119900170,245,294,-49
119900171,981,796,185
119900172,171,32,139
119900173,12,911,-899
119900174,10,545,-535
119900175,979,975,4
119900177,30,378,-348
119900178,20,457,-437
119900179,121,335,-214
119900180,987,1060,-73
119900181,82,119,-37
119900182,12,1111,-1099
119900183,152,1435,-1283
119900184,5607,1017,4590
119900185,38,151,-113
119900186,124,529,-405
119900187,23,1220,-1197
119900188,67,469,-402
119900189,594,375,219
119900190,71,243,-172
119900191,409,222,187
119900192,41,348,-307
119900193,296,360,-64
119900194,19,64,-45
119900195,42,473,-431
119900196,3263,741,2522
119900197,153,156,-3
119900198,122,685,-563
119900199,202,38,164
119900200,535,764,-229
119900201,618,368,250
119900202,356,185,171
119900203,166,423,-257
119900204,240,633,-393
119900205,430,1131,-701
119900206,71,270,-199
119900208,193,224,-31
119900209,451,1083,-632
119900210,44,61,-17
119900211,124,19,105
119900212,142,546,-404
119900213,6,71,-65
119900214,17,141,-124
119900215,50,103,-53
119900216,21,191,-170
119900217,9,126,-117
119900218,11,148,-137
119900219,9,232,-223
119900220,2,251,-249
119900221,57,759,-702
119900222,21,503,-482
119900223,26,184,-158
119900224,13,56,-43
119900225,1956,58,1898
119900226,1304,2110,-806
119900227,1942,590,1352
119900228,92,554,-462
119900229,410,898,-488
119900230,2154,1047,1107
119900231,187,274,-87
119900232,290,129,161
119900233,58,2,56
119900234,13,92,-79
119900235,34,76,-42
119900236,28,460,-432
119900237,65,1342,-1277
119900238,0,153,-153
119900240,91,212,-121
119900241,211,458,-247
119900242,3439,2392,1047
119900244,1322,2142,-820
119900245,115,235,-120
119900246,304,519,-215
119900247,46,107,-61
119900248,63,157,-94
119900249,188,105,83
119900253,7147,592,6555
119900254,102,452,-350
119900255,93,835,-742
119900256,338,2350,-2012
119900257,43,1,42
119900258,73,32,41
119900259,3,374,-371
119900260,109,7,102
119900261,325,327,-2
119900262,0,494,-494
119900263,1265,635,630
119900264,70,497,-427
119900265,377,694,-317
119900266,179,586,-407
119900267,216,633,-417
119900268,187,411,-224
119900269,821,2772,-1951
119900271,13,163,-150
119900272,230,143,87
119900275,115,15,100
119900276,44,2,42
119900277,8,3,5
119900278,477,91,386
119900279,158,310,-152
119900280,1578,338,1240
119900281,1,119,-118
119900282,75,55,20
119900283,3,611,-608
119900284,57,352,-295
119900285,30,81,-51
119900286,12,43,-31
119900288,7,56,-49
119900289,0,70,-70
119900290,2,74,-72
119900291,5,67,-62
119900292,27,22,5
119900293,13,2,11
119900294,23,0,23
119900295,0,1,-1
119900296,7,0,7
119900299,59,482,-423
119900300,172,417,-245
119900301,147,130,17
119900302,128,161,-33
119900303,214,413,-199
119900304,143,59,84
119900305,40,160,-120
119900306,26,2,24
119900307,46,309,-263
119900308,1,31,-30
119900309,24,86,-62
119900310,370,563,-193
119900311,42,285,-243
119900312,81,191,-110
119900313,203,656,-453
119900314,128,348,-220
119900315,1141,5094,-3953
119900318,18,32,-14
119900319,7,574,-567
119900320,154,1229,-1075
119900321,55,3,52
119900322,94,114,-20
119900323,2,241,-239
119900324,0,98,-98
119900325,59,758,-699
119900326,296,79,217
120000001,12373,14830,-2457
120000002,2586,4713,-2127
120000003,4113,2676,1437
120000004,3242,3536,-294
120000005,5704,2969,2735
120000006,1301,1776,-475
120000007,4774,3254,1520
120000008,1353,1993,-640
120000009,7229,1114,6115
120000010,2114,4545,-2431
120000011,1867,3582,-1715
120000012,1835,4957,-3122
120000013,2901,4219,-1318
120000014,783,2536,-1753
120000015,3284,2405,879
120000016,3789,4004,-215
120000017,3248,3379,-131
120000018,8296,12018,-3722
120000019,965,1845,-880
120000020,4576,3972,604
120000021,2520,2798,-278
120000022,3610,4779,-1169
120000023,934,2627,-1693
120000024,1689,3510,-1821
120000025,2386,3098,-712
120000026,1083,2656,-1573
120000027,1501,2446,-945
120000028,1338,961,377
120000029,7777,1114,6663
120000030,788,1717,-929
120000031,2417,15723,-13306
120000032,15942,5194,10748
120000033,4355,3162,1193
120000034,1705,3925,-2220
120000035,2230,4409,-2179
120000036,3459,6787,-3328
120000037,766,1744,-978
120000038,17024,5107,11917
120000039,607,1538,-931
120000040,181,289,-108
120000041,961,3111,-2150
120000042,1857,6802,-4945
120000043,5066,4956,110
120000044,4292,1898,2394
120000045,4232,1521,2711
120000046,2255,2750,-495
120000047,3588,4920,-1332
120000048,13424,5687,7737
120000049,3911,4476,-565
120000050,3973,7916,-3943
120000051,5207,6847,-1640
120000052,22363,3731,18632
120000053,1336,6976,-5640
120000054,1761,11351,-9590
120000055,1861,9136,-7275
120000056,3768,8479,-4711
120000057,2198,1148,1050
120000058,905,408,497
120000059,81,1340,-1259
120000061,189,1106,-917
120000062,229,541,-312
120000063,2488,5215,-2727
120000064,299,2909,-2610
120000065,828,3466,-2638
120000066,231,892,-661
120000067,50,1101,-1051
120000068,219,2011,-1792
120000069,822,2649,-1827
120000070,77,1702,-1625
120000071,269,377,-108
120000072,456,796,-340
120000073,555,175,380
120000074,97,121,-24
120000075,636,413,223
120000076,1361,575,786
120000077,1436,804,632
120000078,3421,1245,2176
120000079,173,146,27
120000080,106,235,-129
120000081,219,139,80
120000082,181,169,12
120000083,65,392,-327
120000084,606,915,-309
120000085,323,748,-425
120000086,411,1172,-761
120000087,209,2227,-2018
120000088,935,2390,-1455
120000089,1299,1183,116
120000090,579,900,-321
120000091,951,1638,-687
120000092,1382,929,453
120000093,398,798,-400
120000094,162,826,-664
120000095,1077,1134,-57
120000096,264,1985,-1721
120000098,988,1701,-713
120000099,340,1134,-794
120000100,881,1353,-472
120000101,567,806,-239
120000102,442,825,-383
120000103,974,801,173
120000104,1611,499,1112
120000105,2125,573,1552
120000106,1723,570,1153
120000107,2734,713,2021
120000108,850,153,697
120000109,844,106,738
120000110,107,1790,-1683
120000111,175,2578,-2403
120000112,969,7379,-6410
120000113,693,5606,-4913
120000114,1133,5804,-4671
120000115,505,4639,-4134
120000116,742,3529,-2787
120000117,2297,2754,-457
120000118,53,50,3
120000119,71,130,-59
120000120,87,73,14
120000121,53,101,-48
120000122,485,450,35
120000123,10133,4564,5569
120000124,464,903,-439
120000125,602,1075,-473
120000126,412,1200,-788
120000127,2777,1249,1528
120000128,4987,3916,1071
120000129,366,498,-132
120000130,975,1439,-464
120000131,295,764,-469
120000134,536,2655,-2119
120000135,295,498,-203
120000137,229,4079,-3850
120000138,548,974,-426
120000139,229,2057,-1828
120000140,520,1255,-735
120000141,268,956,-688
120000142,352,1096,-744
120000143,0,201,-201
120000144,97,7,90
120000145,277,6,271
120000146,3605,1274,2331
120000149,710,1584,-874
120000150,7738,10960,-3222
120000151,446,910,-464
120000152,396,584,-188
120000153,221,1803,-1582
120000154,546,673,-127
120000155,90,453,-363
120000156,2793,889,1904
120000157,1199,1155,44
120000158,815,1727,-912
120000159,2262,3299,-1037
120000160,2566,1869,697
120000161,1511,4086,-2575
120000162,125,356,-231
120000163,480,2953,-2473
120000164,426,892,-466
120000165,421,1784,-1363
120000166,974,1134,-160
120000167,69,180,-111
120000168,26,566,-540
120000169,125,876,-751
120000170,177,488,-311
120000171,55,133,-78
120000172,38,77,-39
120000173,4575,365,4210
120000174,993,14,979
120000175,823,15,808
120000176,647,87,560
120000177,3057,442,2615
120000178,208,13,195
120000179,659,50,609
120000180,1263,199,1064
120000181,317,677,-360
120000182,141,236,-95
120000183,16,322,-306
120000184,215,1774,-1559
120000186,70,115,-45
120000187,115,74,41
120000188,453,155,298
120000190,2129,35,2094
120000191,3078,51,3027
120000192,3279,35,3244
120000193,1244,9,1235
120000195,234,10,224
120000196,517,96,421
120000197,151,320,-169
120000198,153,220,-67
120000199,90,4,86
120000200,98,0,98
120000201,20,16,4
120000202,0,132,-132
120000203,55,618,-563
120000207,5,195,-190
120000208,17,594,-577
120000209,8,141,-133
120000210,271,172,99
120000211,92,0,92
120000212,120,1,119
120000213,82,701,-619
120000214,5,776,-771
120000215,2,341,-339
120000216,56,11,45
120000217,1452,2206,-754
120000218,349,1867,-1518
120000219,21,1215,-1194
120000220,18,4541,-4523
120000225,865,4,861
120000226,193,2,191
120000227,613,33,580
120000228,11353,3321,8032
120000230,336,11,325
120000231,965,4401,-3436
120000233,128,61,67
120000235,169,1290,-1121
120000236,754,1,753
120000237,11,3938,-3927
120000238,1,402,-401
120000241,1681,5304,-3623
120000412,2890,22,2868
120000413,189,780,-591
120000414,57,3,54
120000415,3,324,-321
120000416,57,11,46
120000417,8,153,-145
120000418,137,42,95
120000419,17,975,-958
120000420,121,82,39
120000421,22472,8092,14380
120000422,376,806,-430
120000423,4,77,-73
120000424,83,302,-219
120000436,147,469,-322
120000437,303,330,-27
120000438,8317,575,7742
120000439,172,449,-277
120000443,133,1,132
120000444,877,1383,-506
120000445,1898,1960,-62
120000446,1687,521,1166
120000447,135,20,115
120000449,59,25,34
120000450,12,671,-659
120000451,138,408,-270
120000452,153,1,152
120000453,2,647,-645
120000454,135,49,86
120000455,79,131,-52
120000456,4752,4327,425
120000457,2820,1552,1268
120000458,810,1343,-533
120000459,94,142,-48
120000665,2046,230,1816
120000668,136,535,-399
120000669,88,697,-609
120000670,319,687,-368
120000671,1240,398,842
120000672,158,787,-629
120900001,69,55,14
120900002,609,551,58
120900003,213,50,163
120900004,26,155,-129
120900005,131,2522,-2391
120900006,218,240,-22
120900007,121,304,-183
120900008,220,2184,-1964
120900009,786,77,709
120900010,322,111,211
120900011,685,208,477
120900012,2495,1375,1120
120900013,307,86,221
120900014,13,1592,-1579
120900015,489,104,385
120900016,562,102,460
120900017,4936,151,4785
120900018,113,1040,-927
120900019,665,230,435
120900020,1384,1164,220
120900021,613,160,453
120900022,85,843,-758
120900023,173,40,133
120900024,1978,598,1380
120900025,2917,1535,1382
120900026,184,447,-263
120900027,1153,111,1042
120900028,273,88,185
120900029,162,331,-169
120900030,884,656,228
120900031,227,86,141
120900032,647,288,359
120900033,938,97,841
120900034,90,2852,-2762
120900035,95,428,-333
120900037,191,15,176
120900038,57,186,-129
120900039,100,33,67
120900040,216,6,210
120900041,196,62,134
120900042,289,115,174
120900043,56,32,24
120900044,19,807,-788
120900045,220,392,-172
120900046,369,2,367
120900047,148,62,86
120900048,63,42,21
120900049,281,1,280
120900050,6948,1716,5232
120900051,230,169,61
120900052,476,4,472
120900053,222,180,42
120900054,2019,1596,423
120900055,316,3,313
120900056,397,17,380
120900057,100,14,86
120900058,413,1,412
120900059,64,7,57
120900060,61,60,1
120900061,316,880,-564
120900062,192,0,192
120900063,433,12,421
120900064,317,0,317
120900065,365,1,364
120900066,288,600,-312
120900067,172,60,112
120900068,210,2,208
120900069,121,116,5
120900071,14,14,0
120900072,500,5,495
120900073,329,403,-74
120900074,610,12,598
120900076,245,5,240
120900077,7423,408,7015
120900078,629,1667,-1038
120900079,570,179,391
120900080,430,3934,-3504
120900081,623,2241,-1618
120900082,867,447,420
120900083,43,6,37
120900084,182,394,-212
120900085,191,198,-7
120900086,364,365,-1
120900087,416,174,242
120900088,296,375,-79
120900089,7761,2254,5507
120900090,131,369,-238
120900091,587,527,60
120900092,1565,1318,247
120900093,6659,437,6222
120900094,647,416,231
120900095,421,42,379
120900096,47,280,-233
120900097,883,1759,-876
120900098,309,308,1
120900099,82,85,-3
120900100,107,658,-551
120900101,790,487,303
120900102,36,208,-172
120900103,46,253,-207
120900104,33,58,-25
120900105,53,1277,-1224
120900106,1938,1064,874
120900107,427,200,227
120900108,9,1533,-1524
120900109,46,1303,-1257
120900110,18,1867,-1849
120900111,210,659,-449
120900112,19,2655,-2636
120900113,23,1680,-1657
120900114,66,321,-255
120900115,196,241,-45
120900116,226,1281,-1055
120900117,3,993,-990
120900118,22,1644,-1622
120900119,5108,7611,-2503
120900120,68,1143,-1075
120900121,144,737,-593
120900122,314,1368,-1054
120900123,10,1091,-1081
120900124,8,1351,-1343
120900125,13,2399,-2386
120900126,2109,1370,739
120900127,14,1099,-1085
120900128,1373,1654,-281
120900129,83,600,-517
120900130,3,622,-619
120900131,39,136,-97
120900132,686,853,-167
120900133,307,2197,-1890
120900134,752,725,27
120900135,11,1051,-1040
120900136,42,96,-54
120900137,123,207,-84
120900138,23,358,-335
120900139,7,1515,-1508
120900140,1,107,-106
120900141,162,245,-83
120900142,36,1737,-1701
120900143,6,1740,-1734
120900144,2,423,-421
120900145,102,1643,-1541
120900146,6,1964,-1958
120900147,4,606,-602
120900148,137,235,-98
120900149,2,835,-833
120900150,43,1185,-1142
120900151,4,1313,-1309
120900152,15,96,-81
120900153,20,135,-115
120900154,4,631,-627
120900155,136,2119,-1983
120900156,48,698,-650
120900157,36,431,-395
120900158,57,906,-849
120900159,99,851,-752
120900160,43,648,-605
120900161,23,1071,-1048
120900162,32,1121,-1089
120900163,37,376,-339
120900164,0,4,-4
120900165,0,10,-10
120900166,86,426,-340
120900167,440,188,252
120900169,61,1116,-1055
120900170,5469,2248,3221
120900171,1722,592,1130
120900172,2739,679,2060
120900173,2,136,-134
120900174,6,247,-241
120900175,384,434,-50
120900176,10,337,-327
120900177,3,799,-796
120900178,1,411,-410
120900179,1375,722,653
120900180,227,130,97
120900181,89,91,-2
120900182,11,1163,-1152
120900183,595,365,230
120900184,231,155,76
120900185,8,613,-605
120900186,2,999,-997
120900187,379,1378,-999
120900188,141,29,112
120900189,332,830,-498
120900190,38,58,-20
120900191,2,52,-50
120900192,20850,3959,16891
120900194,43,179,-136
120900195,181,365,-184
120900196,1036,93,943
120900197,440,105,335
120900198,312,1068,-756
120900199,289,397,-108
120900200,148,256,-108
120900201,897,200,697
120900202,1,445,-444
120900203,33,99,-66
120900204,226,682,-456
120900205,78,171,-93
120900206,11,29,-18
120900207,88,2529,-2441
121000001,1144,1709,-565
121000002,3202,2199,1003
121000003,5799,2661,3138
121000004,3528,6736,-3208
121000005,2592,3679,-1087
121000006,4094,2060,2034
121000007,3774,3991,-217
121000008,8033,4019,4014
121000009,7952,9050,-1098
121000010,11756,7513,4243
121000011,12244,20791,-8547
121000012,19520,14386,5134
121000013,7516,12086,-4570
121000014,8779,9485,-706
121000015,7271,9200,-1929
121000016,6091,5786,305
121000017,2683,4843,-2160
121000018,2791,2816,-25
121000019,28032,12769,15263
121000020,18488,14271,4217
121000021,4021,4968,-947
121000022,2234,2794,-560
121000023,5564,4716,848
121000024,4270,5290,-1020
121000025,871,1900,-1029
121000026,389,207,182
121000027,1954,1383,571
121000028,1020,663,357
121000029,1243,1125,118
121000030,658,654,4
121000031,853,919,-66
121000032,235,87,148
121000034,485,254,231
121000035,251,97,154
121000036,1431,1153,278
121000037,739,873,-134
121000038,804,980,-176
121000039,481,550,-69
121000041,558,688,-130
121000042,229,493,-264
121000043,938,953,-15
121000044,2133,919,1214
121000045,625,569,56
121000046,606,1462,-856
121000047,97,120,-23
121000049,2440,836,1604
121000050,382,1419,-1037
121000051,934,431,503
121000052,309,877,-568
121000053,575,146,429
121000054,50,290,-240
121000055,1780,1877,-97
121000056,997,1313,-316
121000057,220,449,-229
121000058,469,162,307
121000059,2872,1508,1364
121000060,485,1160,-675
121000061,197,248,-51
121000062,141,419,-278
121000063,792,799,-7
121000064,625,1011,-386
121000065,562,544,18
121000066,605,693,-88
121000067,1240,558,682
121000068,795,693,102
121000069,1081,722,359
121000070,2252,1874,378
121000071,1381,1591,-210
121000072,1632,1197,435
121000073,1330,1179,151
121000074,135,175,-40
121000075,114,291,-177
121000076,1798,650,1148
121000077,186,237,-51
121000078,150,127,23
121000080,3688,1054,2634
121000081,5513,3272,2241
121000082,123,366,-243
121000083,251,183,68
121000084,157,107,50
121000085,390,620,-230
121000086,176,1031,-855
121000087,73,404,-331
121000088,488,1185,-697
121000089,603,458,145
121000090,558,538,20
121000091,2123,1354,769
121000092,187,145,42
121000093,145,311,-166
121000094,591,869,-278
121000095,423,714,-291
121000096,2780,4150,-1370
121000097,1645,2751,-1106
121000098,550,2147,-1597
121000099,556,1368,-812
121000100,838,892,-54
121000101,256,431,-175
121000102,163,569,-406
121000103,151,534,-383
121000104,269,257,12
121000105,421,368,53
121000106,226,688,-462
121000107,3206,5277,-2071
121000109,2013,1513,500
121000110,504,790,-286
121000114,3504,2983,521
121000115,1297,1164,133
121000116,529,1403,-874
121000117,1142,389,753
121000118,1579,471,1108
121000119,373,583,-210
121000120,267,673,-406
121000121,531,1476,-945
121000123,1883,901,982
121000126,133,521,-388
121000127,253,190,63
121000128,970,803,167
121000129,665,629,36
121000130,545,1782,-1237
121000131,2706,2079,627
121000132,1908,2212,-304
121000135,619,802,-183
121000136,1674,900,774
121000137,519,284,235
121000138,1130,847,283
121000139,683,195,488
121000141,306,216,90
121000142,1050,928,122
121000143,178,26,152
121000144,1421,1727,-306
121000145,638,2014,-1376
121000146,1230,1412,-182
121000147,1020,808,212
121000148,1121,1511,-390
121000149,2179,1720,459
121000152,581,970,-389
121000153,2365,923,1442
121000154,1046,1062,-16
121000155,1849,1531,318
121000156,460,1561,-1101
121000157,1971,3315,-1344
121000158,389,1108,-719
121000159,175,960,-785
121000160,373,1129,-756
121000161,165,491,-326
121000162,63,412,-349
121000165,2422,2049,373
121000166,42,827,-785
121000168,308,427,-119
121000169,47,219,-172
121000170,319,162,157
121000171,99,232,-133
121000172,696,650,46
121000173,1645,1044,601
121000174,227,471,-244
121000175,744,677,67
121000176,391,298,93
121000177,1314,1028,286
121000178,139,84,55
121000179,203,90,113
121000181,408,511,-103
121000182,157,205,-48
121000183,78,115,-37
121000184,95,176,-81
121000185,26,228,-202
121000186,162,574,-412
121000187,169,390,-221
121000188,114,387,-273
121000192,811,589,222
121000193,728,543,185
121000194,3541,2929,612
121000195,482,1429,-947
121000196,1319,359,960
121000197,381,1309,-928
121000198,419,146,273
121000199,168,838,-670
121000200,482,153,329
121000201,9,362,-353
121000202,1229,175,1054
121000203,789,3710,-2921
121000204,2246,1062,1184
121000205,222,602,-380
121000206,231,61,170
121000207,1733,776,957
121000208,12,630,-618
121000209,203,640,-437
121000210,370,1131,-761
121000211,244,216,28
121000212,382,1497,-1115
121000213,14665,3998,10667
121000214,1136,2794,-1658
121000215,1804,1799,5
121000216,533,750,-217
121000217,5396,3807,1589
121000218,637,2519,-1882
121000219,1977,569,1408
121000220,314,95,219
121000221,203,331,-128
121000222,3533,3165,368
121000223,588,347,241
121000224,343,130,213
121000225,2772,1404,1368
121000226,6047,1004,5043
121000227,4,351,-347
121000228,17,1151,-1134
121000229,172,764,-592
121000230,68,2831,-2763
121000231,757,57,700
121000232,481,358,123
121000233,500,410,90
121000234,14,61,-47
121000235,87,65,22
121000236,10,85,-75
121000237,30,23,7
121000238,3,136,-133
121000239,29,11,18
121000240,17,344,-327
121000241,77,25,52
121000242,42,237,-195
121000243,373,75,298
121000244,7,73,-66
121000245,30,13,17
121000246,2,105,-103
121000247,66,5,61
121000248,800,752,48
121000249,181,360,-179
121000250,535,96,439
121000251,30,950,-920
121000252,70,39,31
121000253,394,811,-417
121000254,842,415,427
121000255,224,287,-63
121000256,404,215,189
121000257,67,129,-62
121000258,135,67,68
121000259,64,45,19
121000260,159,251,-92
121000261,88,68,20
121000262,1312,1253,59
121000263,447,613,-166
121000271,319,2377,-2058
121000273,187,19,168
121000274,20,38,-18
121000275,6,25,-19
121000276,3,8,-5
121000278,86,81,5
121000279,52,42,10
121000280,54,80,-26
121000289,300,30,270
121000290,1959,1001,958
121000294,83,293,-210
121000297,1309,1315,-6
121000299,290,334,-44
121000300,990,823,167
121000302,332,2351,-2019
121000303,929,1257,-328
121000304,520,78,442
121000305,141,71,70
121000306,145,235,-90
121000308,183,595,-412
121000309,566,935,-369
121000310,148,687,-539
121000311,124,1298,-1174
121000312,482,374,108
121000313,715,648,67
121000314,216,193,23
121000315,103,219,-116
121000530,1179,2234,-1055
121000531,1489,2140,-651
121000532,7678,6727,951
121000533,3058,4016,-958
121000918,43,223,-180
121000919,33,68,-35
121000938,960,1212,-252
121000939,1235,1344,-109
121000956,860,2844,-1984
121000957,5,14,-9
121000958,216,108,108
121000959,698,1594,-896
121000960,1763,3665,-1902
121000961,231,111,120
121000962,416,1266,-850
121000973,2,452,-450
121000976,22,210,-188
121000979,433,137,296
121000981,292,214,78
121000982,205,433,-228
121000983,542,661,-119
121000984,53,81,-28
121000985,518,1461,-943
121000986,273,775,-502
121000987,343,2436,-2093
121000988,658,172,486
121001302,399,154,245
121001308,13,26,-13
121001309,142,87,55
121001313,160,355,-195
121001314,3791,5011,-1220
121001315,5524,2371,3153
121900001,91,214,-123
121900002,60,27,33
121900003,378,27,351
121900004,141,644,-503
121900005,17,3,14
121900006,124,41,83
121900007,3610,2628,982
121900008,2037,480,1557
121900009,822,24,798
121900010,269,4,265
121900011,328,681,-353
121900012,10,0,10
121900013,1454,62,1392
121900014,1772,412,1360
121900015,229,286,-57
121900016,6,28,-22
121900017,509,843,-334
121900018,337,11,326
121900019,421,389,32
121900020,39,0,39
121900021,885,12,873
121900022,255,264,-9
121900023,98,724,-626
121900024,532,102,430
121900025,556,558,-2
121900026,531,64,467
121900027,417,233,184
121900028,359,13,346
121900029,164,351,-187
121900030,559,663,-104
121900031,1910,6942,-5032
121900032,95,148,-53
121900033,229,302,-73
121900034,331,100,231
121900035,3769,2511,1258
121900036,80,653,-573
121900037,194,890,-696
121900038,33,276,-243
121900039,388,47,341
121900040,51,131,-80
121900041,98,268,-170
121900042,387,175,212
121900043,6,13,-7
121900044,389,86,303
121900046,348,357,-9
121900047,207,81,126
121900048,48,222,-174
121900050,21,50,-29
121900051,189,248,-59
121900052,118,71,47
121900053,371,339,32
121900054,664,1253,-589
121900055,5,21,-16
121900058,215,431,-216
121900059,309,156,153
121900060,142,457,-315
121900061,232,179,53
121900062,139,133,6
121900063,1015,428,587
121900064,221,1096,-875
121900066,44,42,2
121900067,24,60,-36
121900069,205,191,14
121900070,305,199,106
121900071,242,318,-76
121900072,22,225,-203
121900073,241,276,-35
121900074,1008,901,107
121900075,837,427,410
121900076,400,938,-538
121900077,14,45,-31
121900078,59,102,-43
121900079,0,1,-1
121900080,896,601,295
121900082,42,177,-135
121900084,11,331,-320
121900085,1,21,-20
121900086,16,82,-66
121900087,152,153,-1
121900088,2686,4188,-1502
121900089,200,617,-417
121900090,16,158,-142
121900091,48,176,-128
121900092,119,180,-61
121900093,42,70,-28
121900094,28,25,3
121900095,227,162,65
121900096,1596,866,730
121900097,428,253,175
121900098,13,18,-5
121900099,237,123,114
121900100,260,383,-123
121900101,226,241,-15
121900102,15,105,-90
121900103,686,294,392
121900104,1357,400,957
121900105,189,155,34
121900106,7,6,1
121900107,38,38,0
121900108,0,21,-21
121900109,353,162,191
121900110,335,1841,-1506
121900111,1188,190,998
121900112,123,131,-8
121900113,107,397,-290
121900114,67,94,-27
121900117,247,44,203
121900118,2970,476,2494
121900119,146,165,-19
121900120,74,1902,-1828
121900121,749,98,651
121900122,20,61,-41
121900123,230,614,-384
121900124,114,264,-150
121900125,1449,1511,-62
121900127,25,114,-89
121900128,57,180,-123
121900129,1026,230,796
121900130,130,348,-218
121900131,267,128,139
121900132,63,153,-90
121900133,105,556,-451
121900134,14,178,-164
121900135,3419,378,3041
121900136,474,689,-215
121900137,71,408,-337
121900138,134,381,-247
121900139,474,706,-232
121900140,88,274,-186
121900141,48,30,18
121900142,98,214,-116
121900143,24,203,-179
121900144,214,468,-254
121900145,387,370,17
121900146,662,1084,-422
121900147,49,222,-173
121900148,221,300,-79
121900149,553,960,-407
121900150,79,208,-129
121900151,74,226,-152
121900152,57,179,-122
121900153,161,741,-580
121900154,4,237,-233
121900155,3,167,-164
121900156,202,129,73
121900157,5,615,-610
121900158,102,107,-5
121900159,2,279,-277
121900160,19,294,-275
121900161,409,493,-84
121900162,131,175,-44
121900163,129,939,-810
121900164,447,338,109
121900165,244,312,-68
121900166,207,325,-118
121900167,148,157,-9
121900168,256,170,86
121900169,6,521,-515
121900170,4,282,-278
121900171,575,958,-383
121900172,454,428,26
121900173,1192,258,934
121900174,37,90,-53
121900175,191,189,2
121900176,708,2561,-1853
121900177,197,75,122
121900178,28,90,-62
121900179,309,180,129
121900180,7260,3880,3380
121900182,1145,416,729
121900183,560,721,-161
121900184,62,799,-737
121900186,25,441,-416
121900187,31,177,-146
121900188,837,621,216
121900189,69,165,-96
121900190,281,717,-436
121900191,90,348,-258
121900192,441,945,-504
121900193,68,376,-308
121900194,6,231,-225
121900195,175,122,53
121900196,1050,1238,-188
121900197,431,3078,-2647
121900198,1371,1839,-468
121900199,3,45,-42
121900200,115,294,-179
121900201,1721,742,979
121900202,156,496,-340
121900203,328,1544,-1216
121900204,1458,1324,134
121900205,29,107,-78
121900206,17,19,-2
121900207,192,49,143
121900208,302,403,-101
121900209,58,35,23
121900210,2050,1752,298
121900211,38,106,-68
121900212,191,182,9
121900213,157,161,-4
121900214,17,737,-720
121900215,70,127,-57
121900216,47,169,-122
121900217,305,152,153
121900218,424,701,-277
121900220,266,24,242
121900221,342,789,-447
121900222,175,200,-25
121900223,190,98,92
121900224,94,138,-44
121900225,149,92,57
121900226,333,1003,-670
121900227,173,609,-436
121900228,236,378,-142
121900230,136,368,-232
121900231,638,2157,-1519
121900232,371,555,-184
121900233,384,362,22
121900234,295,624,-329
121900235,441,417,24
121900236,328,196,132
121900237,198,305,-107
121900238,170,286,-116
121900239,181,73,108
121900240,228,211,17
121900241,38,92,-54
121900242,2,4,-2
121900243,5,0,5
121900244,12,8,4
121900245,251,211,40
121900246,2416,622,1794
121900247,311,386,-75
121900248,2003,1271,732
121900250,307,390,-83
121900251,412,42,370
121900252,590,157,433
121900253,142,1158,-1016
121900254,580,381,199
121900255,230,163,67
121900258,3956,2258,1698
121900259,474,704,-230
121900260,118,305,-187
121900261,157,608,-451
121900262,563,1240,-677
121900263,168,474,-306
121900264,2958,2019,939
121900265,216,428,-212
121900266,286,227,59
121900267,40,55,-15
121900269,250,507,-257
121900270,35,218,-183
121900271,50,252,-202
121900273,576,1827,-1251
121900274,197,337,-140
121900277,421,1960,-1539
121900278,155,1257,-1102
121900279,197,367,-170
121900280,237,594,-357
121900281,703,403,300
121900284,137,12,125
121900286,124,248,-124
121900287,18,34,-16
121900288,4,2,2
121900290,234,552,-318
121900291,537,898,-361
121900292,429,136,293
121900293,1218,4711,-3493
121900294,318,4,314
121900295,76,404,-328
121900296,127,290,-163
121900298,497,611,-114
121900299,0,0,0
121900300,3,0,3
121900301,12,1,11
121900302,3,16,-13
121900303,590,749,-159
121900304,12,6,6
121900305,3,6,-3
121900306,84,1,83
121900307,49,25,24
121900308,33,447,-414
121900309,24,370,-346
121900310,42,650,-608
121900311,288,19,269
121900312,176,10,166
121900313,323,18,305
121900314,0,128,-128
121900315,16,0,16
121900316,0,16,-16
121900317,6,2,4
121900318,1,38,-37
121900319,30,138,-108
121900320,117,152,-35
121900321,5,5,0
121900322,1,62,-61
121900323,44,16,28
121900324,2,73,-71
121900325,11,1,10
121900326,4,26,-22
121900327,10,101,-91
121900328,1,51,-50
121900329,5,375,-370
121900330,0,13,-13
121900331,47,78,-31
121900332,67,26,41
121900333,20,2,18
122000001,2821,5413,-2592
122000002,6543,2618,3925
122000003,2566,2512,54
122000004,4318,2194,2124
122000005,3928,1721,2207
122000006,3515,780,2735
122000007,1915,2322,-407
122000008,7986,7501,485
122000009,615,466,149
122000010,2579,3900,-1321
122000011,4468,1998,2470
122000012,1824,1519,305
122000013,3887,1664,2223
122000014,2193,3170,-977
122000015,2189,1381,808
122000016,794,1325,-531
122000017,1366,1408,-42
122000018,2059,1395,664
122000019,1160,2137,-977
122000020,283,292,-9
122000021,593,835,-242
122000022,2020,2213,-193
122000023,637,3856,-3219
122000024,1352,1286,66
122000025,2349,1751,598
122000026,2201,1025,1176
122000027,760,6808,-6048
122000028,1151,600,551
122000029,701,456,245
122000030,305,182,123
122000031,232,362,-130
122000032,2369,4944,-2575
122000033,1483,1222,261
122000034,1005,885,120
122000035,406,1237,-831
122000036,612,676,-64
122000037,467,379,88
122000038,355,510,-155
122000039,693,653,40
122000040,410,524,-114
122000041,781,679,102
122000042,550,607,-57
122000043,183,154,29
122000044,170,275,-105
122000045,1969,738,1231
122000046,1135,1449,-314
122000047,463,248,215
122000048,4181,6519,-2338
122000049,6784,3220,3564
122000050,2426,941,1485
122000051,596,441,155
122000052,860,320,540
122000053,217,620,-403
122000054,2793,2567,226
122000055,3130,3351,-221
122000056,6837,4956,1881
122000057,4891,3784,1107
122000058,5690,1295,4395
122000059,4796,1713,3083
122000060,1065,775,290
122000061,700,452,248
122000062,1469,396,1073
122000063,2419,742,1677
122000064,5321,3564,1757
122000065,7045,3601,3444
122000066,1589,1228,361
122000067,2695,1703,992
122000068,1699,2170,-471
122000069,628,976,-348
122000070,942,5906,-4964
122000071,1440,2660,-1220
122000072,634,580,54
122000073,776,629,147
122000074,2383,1795,588
122000075,781,1840,-1059
122000076,2205,1487,718
122000077,2006,780,1226
122000078,3470,2606,864
122000079,2902,1137,1765
122000080,1936,529,1407
122000081,350,537,-187
122000082,1399,891,508
122000083,1648,5279,-3631
122000084,1298,1116,182
122000085,308,2746,-2438
122000086,2929,6698,-3769
122000087,680,249,431
122000088,413,464,-51
122000089,8687,4374,4313
122000090,364,617,-253
122000091,369,82,287
122000092,245,26,219
122000093,3140,1015,2125
122000094,11015,2268,8747
122000095,4566,3648,918
122000096,3467,2409,1058
122000098,4819,1864,2955
122000099,4331,721,3610
122000100,1562,899,663
122000101,298,1324,-1026
122000102,2270,1432,838
122000103,1729,1741,-12
122000104,418,302,116
122000105,414,412,2
122000106,586,648,-62
122000107,1160,764,396
122000108,393,1126,-733
122000109,473,513,-40
122000110,549,724,-175
122000111,3128,1331,1797
122000112,1050,1635,-585
122000113,740,1036,-296
122000114,6300,2024,4276
122000115,1989,2821,-832
122000116,538,720,-182
122000117,1504,499,1005
122000118,417,820,-403
122000119,3906,2229,1677
122000120,3045,3822,-777
122000121,3913,3008,905
122000122,1015,1708,-693
122000123,3353,2274,1079
122000124,1830,825,1005
122000125,725,775,-50
122000126,899,1452,-553
122000127,2104,1384,720
122000128,800,1166,-366
122000129,446,1118,-672
122000130,3377,904,2473
122000131,1729,1090,639
122000132,997,562,435
122000133,1541,2778,-1237
122000134,691,703,-12
122000135,847,1012,-165
122000136,626,494,132
122000137,1491,987,504
122000139,2739,3663,-924
122000140,2246,780,1466
122000141,7107,1614,5493
122000142,774,931,-157
122000143,667,436,231
122000144,1939,1477,462
122000145,2115,926,1189
122000146,802,1513,-711
122000147,1234,486,748
122000148,3798,1733,2065
122000149,2455,1779,676
122000150,1324,1390,-66
122000151,241,404,-163
122000152,537,433,104
122000153,497,396,101
122000154,415,284,131
122000155,1631,2591,-960
122000156,2305,2279,26
122000157,2542,1624,918
122000158,539,762,-223
122000159,1309,2175,-866
122000160,5490,1762,3728
122000161,1234,874,360
122000162,2779,1879,900
122000163,318,92,226
122000164,27,96,-69
122000165,1025,1020,5
122000166,1375,1361,14
122000167,216,261,-45
122000168,258,648,-390
122000169,648,261,387
122000170,341,368,-27
122000171,39,102,-63
122000172,1968,2169,-201
122000173,1912,3163,-1251
122000174,2910,1166,1744
122000175,1470,390,1080
122000176,415,943,-528
122000177,2276,2186,90
122000178,3577,3998,-421
122000179,2661,4162,-1501
122000180,2145,1631,514
122000181,1912,4602,-2690
122000182,2480,2010,470
122000183,2095,1695,400
122000184,2952,2761,191
122000185,1388,1591,-203
122000186,825,1252,-427
122000187,2679,1565,1114
122000188,506,268,238
122000189,321,498,-177
122000190,1272,1227,45
122000191,1422,926,496
122000192,835,494,341
122000193,375,899,-524
122000194,801,242,559
122000195,203,673,-470
122000196,1317,830,487
122000197,611,924,-313
122000198,699,1479,-780
122000199,525,515,10
122000200,1923,831,1092
122000201,1448,1771,-323
122000202,1285,1376,-91
122000203,3048,1963,1085
122000204,1839,2754,-915
122000205,1943,1747,196
122000206,2737,1243,1494
122000207,1463,1854,-391
122000208,2907,2199,708
122000209,3316,549,2767
122000210,2177,2676,-499
122000211,1778,1689,89
122000212,886,609,277
122000213,1241,1604,-363
122000214,2212,2143,69
122000215,2588,1891,697
122000217,2592,1926,666
122000218,1041,87,954
122000219,2042,1263,779
122000220,400,952,-552
122000221,185,585,-400
122000222,665,138,527
122000223,1394,529,865
122000225,1092,346,746
122000226,1770,2740,-970
122000227,399,3217,-2818
122000228,475,484,-9
122000229,43,601,-558
122000230,83,1004,-921
122000231,348,1270,-922
122000232,847,1883,-1036
122000233,1,176,-175
122000234,216,299,-83
122000235,603,276,327
122000236,675,208,467
122000237,124,93,31
122000238,228,264,-36
122000239,528,151,377
122000240,1253,654,599
122000241,1087,678,409
122000242,634,175,459
122000243,77,48,29
122000244,34,537,-503
122000245,23,161,-138
122000246,58,112,-54
122000247,694,532,162
122000248,1770,2820,-1050
122000249,451,821,-370
122000250,1823,1104,719
122000251,260,637,-377
122000252,711,175,536
122000253,52,337,-285
122000254,232,115,117
122000255,1040,2381,-1341
122000256,454,2002,-1548
122000257,201,639,-438
122000258,166,290,-124
122000259,13,1111,-1098
122000260,17,187,-170
122000261,7,350,-343
122000262,0,104,-104
122000263,162,208,-46
122000264,1048,672,376
122000265,2840,1128,1712
122000266,5818,834,4984
122000267,113,202,-89
122000268,193,628,-435
122000269,1193,415,778
122000270,1336,166,1170
122000271,391,1748,-1357
122000272,414,1816,-1402
122000273,418,736,-318
122000274,156,252,-96
122000275,70,260,-190
122000276,608,920,-312
122000277,944,1688,-744
122000278,1082,1371,-289
122000279,255,714,-459
122000280,1147,1161,-14
122000281,720,1262,-542
122000282,214,202,12
122000283,393,101,292
122000284,142,118,24
122000285,516,161,355
122000286,138,260,-122
122000287,951,2039,-1088
122000288,349,320,29
122000291,1288,682,606
122000293,672,402,270
122000294,119,197,-78
122000295,1672,338,1334
122000296,78,740,-662
122000297,4886,2793,2093
122000299,414,794,-380
122000300,628,827,-199
122000301,22037,3515,18522
122000302,1481,1350,131
122000303,6224,1669,4555
122000304,52,257,-205
122000305,927,451,476
122000306,32,1213,-1181
122000307,211,224,-13
122000309,102,89,13
122000310,33,56,-23
122000311,155,179,-24
122000312,133,102,31
122000313,99,90,9
122000314,156,266,-110
122000315,304,31,273
122000316,573,382,191
122000317,992,282,710
122000318,296,761,-465
122000319,302,1000,-698
122000320,345,3869,-3524
122000321,152,488,-336
122000322,3165,4707,-1542
122000323,1997,3028,-1031
122000324,1974,2070,-96
122000325,1091,1672,-581
122000326,54,248,-194
122000327,431,633,-202
122000328,1806,1192,614
122000330,3086,920,2166
122000332,295,569,-274
122000333,9,246,-237
122000337,1101,2458,-1357
122000338,540,847,-307
122000340,656,437,219
122000342,4865,1542,3323
122000343,659,2632,-1973
122000344,56,44,12
122000345,23,69,-46
122000346,409,901,-492
122000348,553,1309,-756
122000349,182,1187,-1005
122000351,161,395,-234
122000352,295,161,134
122000353,89,187,-98
122000355,176,243,-67
122000356,3568,1098,2470
122000357,58,23,35
122000358,1,120,-119
122000359,1,63,-62
122000360,2,99,-97
122000362,14,143,-129
122000364,149,622,-473
122000365,3,32,-29
122000366,13,12,1
122000368,581,1161,-580
122000370,29,116,-87
122000371,24,0,24
122000372,5,7,-2
122000381,80,577,-497
122000382,73,341,-268
122000384,6327,2625,3702
122000385,60,0,60
122000386,887,1210,-323
122000387,753,836,-83
122000388,2518,636,1882
122000389,294,1148,-854
122000390,655,327,328
122000391,447,185,262
122000392,236,315,-79
122000393,32,298,-266
122000394,535,533,2
122000395,107,276,-169
122000396,267,146,121
122000397,57,127,-70
122000398,43,70,-27
122000399,141,86,55
122000400,193,396,-203
122000401,128,143,-15
122000402,282,181,101
122000403,645,1770,-1125
122000404,124,441,-317
122000408,1203,1893,-690
122000503,24,126,-102
122000524,218,172,46
122000544,117,3438,-3321
122000616,475,10,465
122000640,46,215,-169
122000641,58,686,-628
122000642,1137,1909,-772
122000643,29,156,-127
122000644,318,29,289
122000645,129,319,-190
122000651,3201,953,2248
122000664,173,66,107
122000665,1167,719,448
122000666,668,1459,-791
122000673,13,604,-591
122000674,69,58,11
122000675,1721,1813,-92
122000686,359,2239,-1880
122000687,1401,506,895
122000688,159,1329,-1170
122000689,667,935,-268
122000690,939,1019,-80
122000691,432,4006,-3574
122000692,1537,654,883
122000693,725,3562,-2837
122000695,235,969,-734
122000696,241,564,-323
122000698,232,1769,-1537
122000699,212,207,5
122000701,1272,568,704
122000702,688,3088,-2400
122000703,188,119,69
122000717,284,122,162
122000718,384,835,-451
122000719,77,102,-25
122000720,228,449,-221
122000724,140,38,102
122900001,39,6,33
122900002,1657,3913,-2256
122900003,299,60,239
122900004,1435,33,1402
122900005,59,63,-4
122900006,908,526,382
122900007,222,57,165
122900008,933,116,817
122900009,1182,574,608
122900010,262,239,23
122900012,231,508,-277
122900014,163,496,-333
122900015,3113,785,2328
122900016,132,544,-412
122900017,519,1324,-805
122900018,263,21,242
122900019,12,186,-174
122900020,506,566,-60
122900021,81,947,-866
122900022,562,1359,-797
122900023,462,486,-24
122900024,125,172,-47
122900025,23,254,-231
122900026,225,404,-179
122900027,158,981,-823
122900028,139,308,-169
122900029,7007,2996,4011
122900030,2486,587,1899
122900031,190,191,-1
122900032,166,296,-130
122900033,187,197,-10
122900034,5462,6202,-740
122900035,95,15,80
122900036,56,328,-272
122900037,391,154,237
122900038,178,2975,-2797
122900039,93,564,-471
122900040,302,561,-259
122900041,299,305,-6
122900042,212,397,-185
122900043,546,322,224
122900044,131,481,-350
122900045,83,164,-81
122900046,148,173,-25
122900047,489,215,274
122900048,58,301,-243
122900049,2410,168,2242
122900051,109,173,-64
122900052,57,238,-181
122900053,19,31,-12
122900055,324,147,177
122900057,340,47,293
122900061,443,250,193
122900062,540,652,-112
122900063,168,594,-426
122900064,1210,933,277
122900065,522,141,381
122900066,542,291,251
122900067,2486,1092,1394
122900068,214,591,-377
122900069,339,1720,-1381
122900070,257,38,219
122900071,176,638,-462
122900072,22,959,-937
122900073,50,439,-389
122900074,473,1201,-728
122900075,2,99,-97
122900076,2,279,-277
122900077,0,253,-253
122900078,139,243,-104
122900080,107,26,81
122900081,159,290,-131
122900082,611,322,289
122900083,214,179,35
122900084,8,376,-368
122900086,9,63,-54
122900087,169,832,-663
122900088,69,113,-44
122900089,81,280,-199
122900090,11,1074,-1063
122900091,206,1,205
122900092,3,405,-402
122900093,3,602,-599
122900094,3,460,-457
122900095,156,13,143
122900096,181,517,-336
122900097,37,23,14
122900098,122,180,-58
122900099,20,8,12
122900100,622,704,-82
122900101,1103,340,763
122900102,27,12,15
122900103,63,9,54
122900104,63,10,53
122900105,11,14,-3
122900106,5,160,-155
122900107,8,387,-379
122900108,12,364,-352
123000001,2882,459,2423
123000002,8402,4065,4337
123000003,4259,3665,594
123000004,3766,6867,-3101
123000005,3073,3220,-147
123000006,3696,4534,-838
123000007,3766,3126,640
123000008,3215,5508,-2293
123000009,5176,3703,1473
123000010,4538,5177,-639
123000011,4482,896,3586
123000012,1318,3462,-2144
123000013,3360,1008,2352
123000014,1522,5571,-4049
123000015,5910,1212,4698
123000016,10710,4265,6445
123000017,4331,1654,2677
123000018,29,152,-123
123000019,189,402,-213
123000020,119,142,-23
123000021,67,200,-133
123000022,723,1497,-774
123000023,1435,1520,-85
123000024,1243,701,542
123000025,20,140,-120
123000026,8,75,-67
123000027,305,709,-404
123000028,1342,264,1078
123000029,1044,769,275
123000030,271,941,-670
123000031,124,760,-636
123000032,252,550,-298
123000033,214,78,136
123000034,941,873,68
123000035,270,357,-87
123000036,330,949,-619
123000037,301,425,-124
123000038,165,291,-126
123000039,470,1214,-744
123000040,1368,441,927
123000041,1772,891,881
123000042,1206,596,610
123000043,5290,6626,-1336
123000044,7870,2971,4899
123000045,15338,3091,12247
123000046,1059,1228,-169
123000047,2400,1821,579
123000048,117,594,-477
123000049,10940,7081,3859
123000050,1170,1831,-661
123000051,110,238,-128
123000052,704,3802,-3098
123000053,2559,4455,-1896
123000054,1252,1833,-581
123000055,1671,2014,-343
123000056,1619,2715,-1096
123000057,25038,7803,17235
123000058,1058,878,180
123000059,532,722,-190
123000060,869,489,380
123000061,256,1207,-951
123000063,823,954,-131
123000064,949,316,633
123000065,11422,4890,6532
123000066,1191,1311,-120
123000067,550,771,-221
123000068,3790,5456,-1666
123000069,9950,5553,4397
123000070,349,1357,-1008
123000071,887,1654,-767
123000072,1090,2425,-1335
123000073,942,1138,-196
123000074,984,3130,-2146
123000075,371,1245,-874
123000076,764,1711,-947
123000077,2738,5616,-2878
123000078,1465,2386,-921
123000079,1266,2745,-1479
123000080,2348,3995,-1647
123000081,221,1033,-812
123000082,502,2100,-1598
123000083,998,262,736
123000084,514,1100,-586
123000085,180,245,-65
123000086,389,780,-391
123000087,183,802,-619
123000088,1238,1891,-653
123000089,514,1906,-1392
123000090,1300,1725,-425
123000091,2171,2137,34
123000092,1622,1620,2
123000094,471,369,102
123000095,519,768,-249
123000096,515,642,-127
123000097,413,1707,-1294
123000098,679,907,-228
123000099,670,1460,-790
123000100,582,730,-148
123000101,705,710,-5
123000102,817,838,-21
123000104,408,494,-86
123000105,664,710,-46
123000106,456,444,12
123000107,400,835,-435
123000108,887,2338,-1451
123000111,629,333,296
123000112,924,996,-72
123000113,603,3166,-2563
123000114,554,624,-70
123000115,272,325,-53
123000116,25,280,-255
123000117,1669,3584,-1915
123000118,505,1539,-1034
123000119,280,1830,-1550
123000120,466,1524,-1058
123000121,528,863,-335
123000122,500,385,115
123000123,504,789,-285
123000124,550,821,-271
123000125,1328,1270,58
123000126,1710,3462,-1752
123000127,1169,1159,10
123000128,363,564,-201
123000129,495,322,173
123000130,523,138,385
123000131,715,763,-48
123000132,502,908,-406
123000133,420,495,-75
123000134,593,288,305
123000135,1603,2058,-455
123000136,304,2022,-1718
123000137,156,587,-431
123000138,113,645,-532
123000139,420,224,196
123000140,194,1019,-825
123000141,917,228,689
123000142,1378,1416,-38
123000143,1478,3297,-1819
123000144,33,32,1
123000145,368,312,56
123000146,101,178,-77
123000147,142,267,-125
123000149,456,484,-28
123000150,235,272,-37
123000151,413,605,-192
123000152,103,609,-506
123000153,192,607,-415
123000154,2707,1991,716
123000155,3580,1246,2334
123000156,54,134,-80
123000157,647,1080,-433
123000158,856,865,-9
123000159,4912,2779,2133
123000160,860,671,189
123000161,1491,1167,324
123000162,641,1775,-1134
123000163,423,97,326
123000164,1347,335,1012
123000165,441,3093,-2652
123000166,29,249,-220
123000167,108,526,-418
123000168,243,449,-206
123000169,638,155,483
123000170,91,661,-570
123000171,433,149,284
123000172,217,1037,-820
123000173,575,286,289
123000174,1076,438,638
123000175,1251,1845,-594
123000176,1040,228,812
123000177,576,1627,-1051
123000178,707,169,538
123000179,60,1262,-1202
123000180,1307,469,838
123000181,433,2146,-1713
123000182,190,854,-664
123000183,177,415,-238
123000184,112,1339,-1227
123000185,473,762,-289
123000186,7,898,-891
123000187,441,6,435
123000188,113,2,111
123000189,271,339,-68
123000190,47,81,-34
123000192,27,542,-515
123000193,72,825,-753
123000194,638,409,229
123000195,279,21,258
123000196,267,9,258
123000197,71,131,-60
123000198,18,330,-312
123000199,6,860,-854
123000200,447,15,432
123000201,854,13,841
123000202,50,1915,-1865
123000203,925,94,831
123000204,100,1732,-1632
123000205,673,3149,-2476
123000206,1730,268,1462
123000207,179,1475,-1296
123000208,411,129,282
123000209,1686,465,1221
123000210,546,2505,-1959
123000211,783,4699,-3916
123000212,2353,553,1800
123000213,527,61,466
123000215,188,157,31
123000216,361,898,-537
123000217,240,64,176
123000218,162,519,-357
123000219,1574,76,1498
123000220,475,116,359
123000221,197,332,-135
123000222,398,1155,-757
123000223,244,1018,-774
123000224,425,962,-537
123000225,232,145,87
123000226,71,677,-606
123000227,111,490,-379
123000228,239,76,163
123000229,1499,3168,-1669
123000232,121,793,-672
123000233,651,254,397
123000234,198,916,-718
123000235,581,459,122
123000236,251,1308,-1057
123000237,293,94,199
123000238,95,1110,-1015
123000239,578,3154,-2576
123000240,54,439,-385
123000241,1329,190,1139
123000242,122,358,-236
123000243,667,1395,-728
123000244,1040,798,242
123000245,107,246,-139
123000249,595,1119,-524
123000252,834,231,603
123000253,789,490,299
123000254,581,1533,-952
123000255,947,934,13
123000256,37,392,-355
123000257,5570,3604,1966
123000258,1114,1822,-708
123000259,310,584,-274
123000260,407,1059,-652
123000261,171,498,-327
123000262,125,388,-263
123000263,379,166,213
123000264,216,69,147
123000265,90,269,-179
123000266,564,1131,-567
123000267,469,542,-73
123000268,29,137,-108
123000269,77,51,26
123000270,32,63,-31
123000271,68,115,-47
123000272,1046,261,785
123000273,243,593,-350
123000274,1032,522,510
123000275,337,1540,-1203
123000278,4815,3284,1531
123000279,128,197,-69
123000280,347,501,-154
123000281,288,130,158
123000282,136,397,-261
123000283,70,64,6
123000284,55,174,-119
123000286,317,312,5
123000287,603,425,178
123000288,1040,652,388
123000289,639,926,-287
123000291,400,1070,-670
123000294,236,246,-10
123000295,920,885,35
123000296,416,489,-73
123000297,368,1349,-981
123000298,386,1195,-809
123000299,44,444,-400
123000300,839,1069,-230
123000301,104,271,-167
123000302,93,399,-306
123000303,160,124,36
123000305,1281,1274,7
123000306,85,433,-348
123000309,51,92,-41
123000310,120,42,78
123000311,0,193,-193
123000312,1267,1370,-103
123000313,318,474,-156
123000315,61,632,-571
123000316,3201,84,3117
123000317,322,61,261
123000318,66,531,-465
123000329,5,27,-22
123000337,365,342,23
123000338,824,71,753
123000339,158,466,-308
123000340,183,696,-513
123000342,13,14,-1
123000343,107,1,106
123000344,1597,680,917
123000345,438,1141,-703
123000346,258,113,145
123000352,3605,1023,2582
123000353,21,182,-161
123000354,294,21,273
123000355,1,915,-914
123000356,241,6,235
123000357,0,503,-503
123000359,5,393,-388
123000360,292,54,238
123000361,1067,399,668
123000362,334,265,69
123000363,93,386,-293
123000364,714,403,311
123000365,35,413,-378
123000366,415,2034,-1619
123000367,306,1797,-1491
123000370,42,678,-636
123000371,382,52,330
123000372,288,33,255
123000373,16,687,-671
123000374,20,358,-338
123000375,286,35,251
123000376,745,737,8
123000377,310,41,269
123000378,17,888,-871
123000379,3,376,-373
123000380,71,336,-265
123000381,220,49,171
123000382,1721,111,1610
123000383,488,952,-464
123000384,601,134,467
123000385,370,1102,-732
123000436,113,1253,-1140
123000507,194,638,-444
123000508,247,756,-509
123000517,302,41,261
123000518,33,483,-450
123000519,145,114,31
123000520,99,370,-271
123000521,300,154,146
123000522,210,942,-732
123000541,1,4,-3
123000542,0,48,-48
123000565,7,2,5
123000566,560,1223,-663
123000567,144,400,-256
123000573,52,1566,-1514
123000574,411,123,288
123000575,1102,2016,-914
123000576,768,4374,-3606
123000577,142,1040,-898
123000578,878,87,791
123000579,6604,4461,2143
123000580,74,14,60
123000582,301,42,259
123000583,20,1029,-1009
123000584,127,348,-221
123000585,0,199,-199
123000586,235,101,134
123000596,108,202,-94
123000597,54,141,-87
123000602,25,7,18
123000603,427,1097,-670
123000604,451,1932,-1481
123000605,1084,186,898
123000606,0,262,-262
123000609,32,386,-354
123000610,228,141,87
123000613,29,226,-197
123000614,139,105,34
123000615,38,203,-165
123000616,337,105,232
123000617,163,946,-783
123000618,109,1237,-1128
123000619,728,37,691
123000620,24,1003,-979
123000622,274,22,252
123000624,67,113,-46
123000630,548,544,4
123000631,402,3419,-3017
123000632,1319,2072,-753
123000633,0,333,-333
123000634,155,103,52
123000635,450,110,340
123000636,28,1226,-1198
123000637,112,418,-306
123000638,459,257,202
123000639,1393,3004,-1611
123000640,27,1763,-1736
123900001,1975,99,1876
123900002,34,1295,-1261
123900003,430,1210,-780
123900005,265,118,147
123900006,221,36,185
124000001,1841,148,1693
124000002,196,3452,-3256
124000003,682,194,488
124000004,81,1443,-1362
124000005,862,226,636
124000006,395,2146,-1751
124000007,1153,180,973
124000008,41,725,-684
124000009,352,572,-220
124000010,115,688,-573
124000011,973,594,379
124000012,350,1170,-820
124000017,145,152,-7
124000018,94,129,-35
124000019,116,135,-19
124000020,100,297,-197
124000021,107,92,15
124000022,92,297,-205
124000023,1462,1559,-97
124000024,1251,924,327
124000025,1286,1878,-592
124000026,1746,1529,217
124000027,5943,5226,717
124000028,3938,5826,-1888
124000030,4210,1494,2716
124000031,921,1507,-586
124000032,8340,1282,7058
124000033,8,190,-182
124000034,7375,812,6563
124000035,38,163,-125
124000036,156,224,-68
124000037,481,822,-341
124000038,100,68,32
124000039,1315,394,921
124000040,904,1013,-109
124000041,385,65,320
124000042,79,513,-434
124000043,73,98,-25
124000044,55,460,-405
124000045,596,862,-266
124000046,303,1268,-965
124000047,1316,1329,-13
124000048,893,3363,-2470
124000049,1225,834,391
124000050,796,4023,-3227
124000051,677,683,-6
124000052,727,2126,-1399
124000053,573,1239,-666
124000054,1019,1156,-137
124000055,1356,1992,-636
124000056,6320,2200,4120
124000057,777,596,181
124000058,454,2101,-1647
124000059,614,953,-339
124000060,1470,1419,51
124000061,1660,4419,-2759
124000062,7629,2311,5318
124000063,1700,2175,-475
124000064,3296,2295,1001
124000065,389,241,148
124000066,796,253,543
124000067,121,415,-294
124000068,12,13,-1
124000069,89,41,48
124000070,26,165,-139
124000071,277,110,167
124000072,258,888,-630
124000073,1042,132,910
124000074,264,1368,-1104
124000075,214,57,157
124000076,9,367,-358
124000077,2819,860,1959
124000078,2649,921,1728
124000079,564,1582,-1018
124000080,476,195,281
124000081,225,1177,-952
124000082,21,109,-88
124000083,57,236,-179
124000084,68,416,-348
124000085,71,113,-42
124000086,76,150,-74
124000087,151,114,37
124000088,160,811,-651
124000089,693,602,91
124000090,93,549,-456
124000091,808,194,614
124000092,242,1061,-819
124000093,104,124,-20
124000094,140,726,-586
124000095,73,124,-51
124000096,140,578,-438
124000097,76,106,-30
124000098,70,191,-121
124000099,223,206,17
124000100,61,163,-102
124000101,46,143,-97
124000102,103,131,-28
124000103,85,108,-23
124000104,101,183,-82
124000105,57,72,-15
124000106,139,204,-65
124000107,21,140,-119
124000108,97,89,8
124000109,119,122,-3
124000110,265,245,20
124000111,220,195,25
124000112,668,1177,-509
124000113,70,86,-16
124000114,299,969,-670
124000115,413,1272,-859
124000116,99,103,-4
124000117,93,144,-51
124000118,55,73,-18
124000119,1170,962,208
124000120,668,793,-125
124000121,2289,655,1634
124000122,802,1564,-762
124000123,1116,533,583
124000124,585,1242,-657
124000125,385,510,-125
124000126,344,801,-457
124000127,922,567,355
124000128,810,1320,-510
124000129,2343,1825,518
124000130,874,795,79
124000131,1034,648,386
124000132,967,984,-17
124000133,927,1057,-130
124000134,1005,1106,-101
124000135,1983,2297,-314
124000136,1302,1476,-174
124000137,1345,880,465
124000138,1976,1757,219
124000139,657,30,627
124000140,32,655,-623
124000141,119,10,109
124000142,11,188,-177
124000143,55,11,44
124000144,7,62,-55
124000145,88,51,37
124000146,37,144,-107
124000148,28,89,-61
124000149,1012,378,634
124000150,404,875,-471
124000151,704,479,225
124000152,862,1839,-977
124000153,524,856,-332
124000154,376,1354,-978
124000155,1364,916,448
124000156,2019,1427,592
124000169,269,430,-161
124000170,968,604,364
124000171,208,332,-124
124000172,342,857,-515
124000173,307,475,-168
124000174,308,1087,-779
124000175,17,166,-149
124000176,32,11,21
124000177,14,46,-32
124000178,22,32,-10
124000190,255,86,169
124000191,1094,115,979
124000192,2574,387,2187
124000193,662,1612,-950
124000194,436,661,-225
124000195,346,749,-403
124000196,1090,1480,-390
124000197,60,103,-43
124000198,30,64,-34
124000201,459,1731,-1272
124000202,558,307,251
124000203,192,1885,-1693
124000204,437,1165,-728
124000205,42,1177,-1135
124000206,380,712,-332
124000207,1,75,-74
124000209,460,1358,-898
124000210,208,312,-104
124000211,313,3,310
124000212,1,940,-939
124000213,224,609,-385
124000214,224,1611,-1387
124000215,185,18,167
124000216,4,931,-927
124000329,175,4574,-4399
124000338,93,2670,-2577
124000339,495,170,325
124000341,724,148,576
124000344,60,21,39
124000357,1111,2068,-957
124000358,703,1276,-573
124000359,857,700,157
124000360,471,483,-12
124000361,1692,710,982
124000362,2355,3124,-769
124000363,294,509,-215
124000364,601,1229,-628
124000365,631,1476,-845
124000366,2559,1038,1521
124000367,206,1302,-1096
124000368,272,220,52
124000369,126,121,5
124000370,134,1122,-988
124000402,34,10,24
124000403,72,11,61
124000404,7,171,-164
124000405,1271,1026,245
124000406,1188,1098,90
124000407,5,66,-61
124000411,10,662,-652
124000412,261,11,250
124000413,372,79,293
124000414,52,142,-90
124000415,39,355,-316
124000416,185,510,-325
124000417,144,133,11
124000418,137,143,-6
124000419,108,321,-213
124000420,60,97,-37
124000421,40,438,-398
124000422,36,14,22
124000423,147,62,85
124000424,2,162,-160
124000425,43,21,22
124000426,8,77,-69
124000427,11,24,-13
124000428,28,56,-28
124000429,38,76,-38
124000430,856,1269,-413
124000431,291,1119,-828
124000432,164,1324,-1160
124000439,6,28,-22
124000443,0,11,-11
124000445,328,754,-426
124000446,3031,158,2873
124900001,453,332,121
124900002,169,729,-560
124900003,784,633,151
124900004,482,481,1
124900005,276,396,-120
124900006,424,558,-134
124900008,1528,735,793
124900009,154,317,-163
124900010,101,99,2
124900011,485,278,207
124900012,465,104,361
124900013,411,159,252
124900014,212,169,43
124900015,150,266,-116
124900016,96,150,-54
124900017,727,615,112
124900018,30,5,25
124900020,95,78,17
124900021,173,62,111
124900022,24,3,21
124900024,160,54,106
124900026,84,15,69
124900027,107,352,-245
124900028,1172,203,969
124900029,12,463,-451
124900030,5,295,-290
124900031,67,657,-590
124900032,364,235,129
124900033,110,617,-507
124900034,11,197,-186
124900035,302,752,-450
124900036,2,86,-84
124900037,279,772,-493
124900038,405,656,-251
124900039,2,41,-39
124900040,176,143,33
124900041,290,2035,-1745
124900042,71,0,71
124900043,456,1896,-1440
124900044,69,3,66
124900045,943,1229,-286
124900046,2755,340,2415
124900047,162,327,-165
124900048,206,297,-91
124900050,202,517,-315
124900052,106,607,-501
124900053,74,599,-525
124900054,6142,498,5644
124900055,0,238,-238
124900057,23,171,-148
124900060,127,451,-324
124900061,36,17,19
124900062,113,24,89
124900066,0,13,-13
124900067,6,390,-384
124900068,253,475,-222
124900070,63,22,41
124900072,83,29,54
124900074,408,575,-167
124900075,141,260,-119
124900076,54,708,-654
124900077,29,143,-114
124900078,72,28,44
124900079,1226,157,1069
124900080,291,1244,-953
124900081,843,298,545
124900082,420,1656,-1236
124900083,270,918,-648
124900084,4183,157,4026
124900085,1653,414,1239
124900086,142,1167,-1025
124900087,755,144,611
124900088,705,164,541
124900089,2201,42,2159
124900090,285,325,-40
124900091,315,969,-654
124900092,277,682,-405
124900093,258,296,-38
124900094,295,390,-95
124900095,98,502,-404
124900096,746,336,410
124900097,259,98,161
124900098,149,626,-477
124900099,969,646,323
124900100,287,102,185
124900101,36,293,-257
124900102,188,53,135
124900103,164,488,-324
124900104,85,353,-268
124900105,118,247,-129
124900106,463,68,395
124900107,80,36,44
124900108,335,78,257
124900109,25,98,-73
124900110,194,511,-317
124900111,1,70,-69
124900112,73,1565,-1492
124900113,129,267,-138
124900114,197,119,78
124900115,57,42,15
124900116,202,128,74
124900117,1193,199,994
124900118,203,166,37
124900119,376,124,252
124900120,53,656,-603
124900121,140,276,-136
124900122,880,367,513
124900123,402,97,305
124900124,208,291,-83
129000186,313,58,255
204000001,82,24,58
204000002,26,9,17
204000003,26,10,16
204000004,8,2,6
204000005,513,557,-44
204000006,1107,1969,-862
204000011,8,100,-92
204000012,48,117,-69
204000013,0,7,-7
204000019,558,762,-204
204000020,633,1113,-480
204000021,2845,1279,1566
204000022,557,675,-118
204000023,565,1447,-882
204000031,92,18,74
204000032,569,44,525
204000034,26,338,-312
204000035,2,6,-4
204000036,5,27,-22
204000037,0,15,-15
204000038,5,33,-28
204000039,8,52,-44
204000040,8,27,-19
204000041,17,89,-72
204000042,84,28,56
204000043,17,11,6
204000044,19,4,15
204000045,70,6,64
204000046,32,4,28
204000057,10,43,-33
204000062,18,125,-107
204000068,22,219,-197
204000069,18,281,-263
204000070,86,103,-17
204000080,34,77,-43
204000085,1685,2140,-455
204000086,2949,2742,207
204000087,58,21,37
204000088,6,133,-127
204000090,16,457,-441
204000093,194,98,96
204000096,654,1095,-441
204000097,324,42,282
204000099,945,1587,-642
204000100,1098,1702,-604
204000105,2175,2320,-145
204000110,1159,1659,-500
204000111,408,991,-583
204000112,844,1187,-343
204000113,405,1246,-841
204000114,658,708,-50
204000115,480,494,-14
204000116,1380,788,592
204000119,2006,2856,-850
204000132,417,253,164
204000133,569,334,235
204000134,267,168,99
204000135,398,171,227
204000136,223,367,-144
204000138,282,287,-5
204000140,171,127,44
204000141,112,80,32
204000144,6,29,-23
204000145,628,82,546
204000146,51,620,-569
204000147,24,145,-121
204000148,347,52,295
204000154,3,4,-1
204000155,6,9,-3
204000177,71,69,2
204000179,16,8,8
204000180,0,25,-25
204000222,8,17,-9
204000235,12,17,-5
204000236,83,497,-414
204000238,21,96,-75
204000240,281,123,158
204000263,587,1629,-1042
204000268,1294,886,408
204000308,343,33,310
204000317,19,118,-99
204000322,6,39,-33
204000323,61,30,31
204000328,231,121,110
204000329,63,283,-220
204000330,217,79,138
204000331,39,205,-166
204010341,27,560,-533
205000001,1306,1965,-659
205000013,12,106,-94
205000014,27,132,-105
205000015,26,231,-205
205000016,21,214,-193
205000017,34,114,-80
205000022,292,876,-584
205000025,2014,1271,743
205000029,255,12,243
205000045,103,309,-206
205000046,87,613,-526
205000047,67,624,-557
205000048,231,1166,-935
205000049,196,894,-698
205000050,1284,328,956
205000059,2,352,-350
205000060,0,107,-107
205000061,4,43,-39
205000062,3,41,-38
205000063,22,72,-50
205000064,26,145,-119
205000065,86,864,-778
205000066,118,1185,-1067
205000067,45,1536,-1491
205000069,110,23,87
205000082,195,480,-285
205000110,61,233,-172
205000111,155,268,-113
205000112,220,271,-51
205000113,201,363,-162
205000121,213,135,78
205000123,60,236,-176
205000126,505,222,283
205000127,770,309,461
205000128,605,161,444
205000129,869,200,669
205000130,859,53,806
205000131,455,12,443
205000132,702,5,697
205000133,386,3,383
205000134,240,0,240
205000137,103,168,-65
205000138,249,432,-183
205000139,24,163,-139
205000144,104,110,-6
205000145,356,312,44
205000151,244,75,169
205000152,214,65,149
205000153,174,84,90
205000154,65,112,-47
205000155,111,21,90
205000207,12,215,-203
205000233,21,0,21
205000234,0,1,-1
205000243,1,1,0
205000244,0,4,-4
205000245,16,527,-511
205000249,0,60,-60
205000250,2,0,2
205000264,14,98,-84
206000027,6,5,1
206000028,6,4,2
206000043,14,158,-144
206000053,2,15,-13
206000054,3,33,-30
206000055,1,51,-50
206000075,7,10,-3
206000076,12,11,1
206000077,13,3,10
206000078,11,8,3
206000079,18,2,16
206000082,561,17,544
206000100,125,1136,-1011
206000103,6,26,-20
206000104,15,29,-14
206000105,26,33,-7
206000106,16,54,-38
206000108,590,45,545
206000125,45,0,45
206000157,89,1175,-1086
206000170,1,288,-287
206000171,1,301,-300
206000172,17,1237,-1220
206000173,2,359,-357
206000174,4,181,-177
206000175,0,246,-246
206000176,8,463,-455
206000177,3,275,-272
206000178,4,231,-227
206000179,12,178,-166
206000180,24,330,-306
206000181,11,596,-585
206000182,14,529,-515
206000183,13,1614,-1601
206000184,4,633,-629
206000185,20,565,-545
206000186,89,2439,-2350
206000223,1,375,-374
206000226,6,4,2
206000227,20,1,19
206000237,40,670,-630
206000238,59,1091,-1032
206000239,847,3857,-3010
206000240,3,106,-103
206000241,0,213,-213
206000242,5,556,-551
206000243,9,541,-532
206000244,68,1379,-1311
206000245,390,53,337
206000246,69,17,52
206000247,86,7,79
206000248,179,17,162
206000252,76,33,43
206000258,14,57,-43
206000315,43,6,37
206000317,238,106,132
206000318,239,63,176
206000319,540,80,460
206000320,65,38,27
206000321,66,10,56
206000322,199,10,189
206000323,80,12,68
206000324,73,10,63
206000325,132,6,126
206000326,112,11,101
206000327,269,12,257
206000328,81,5,76
206000329,102,7,95
206000330,44,10,34
206000331,69,4,65
206000332,32,19,13
206000333,258,4,254
206000334,133,2,131
206000335,0,28,-28
206000361,2,372,-370
206000392,1,61,-60
206000405,118,1,117
206000441,25,17,8
206000498,36,3,33
206000515,111,14,97
206000530,90,59,31
206000531,123,101,22
206000532,3199,124,3075
206000535,589,3775,-3186
206000536,43,464,-421
206000537,15,341,-326
206000613,1385,182,1203
207000001,144,608,-464
207000002,115,445,-330
207000003,154,272,-118
207000007,586,297,289
207000008,54,8,46
207000009,33,32,1
207000010,435,805,-370
207000012,214,351,-137
207000015,392,2301,-1909
207000019,226,89,137
207000021,491,138,353
207000022,149,91,58
207000023,166,54,112
207000024,10,24,-14
207000025,27,77,-50
207000026,92,29,63
207000027,30,79,-49
207000028,97,248,-151
207000029,361,598,-237
207000033,268,336,-68
207000034,320,62,258
207000039,357,120,237
207000040,173,151,22
207000041,99,39,60
207000042,245,91,154
207000043,228,180,48
207000051,135,436,-301
207000052,36,239,-203
207000053,482,951,-469
207000054,30,170,-140
207000055,168,269,-101
207000056,340,557,-217
207000057,183,406,-223
207000058,130,666,-536
207000059,101,1148,-1047
207000060,53,386,-333
207000061,162,291,-129
207000062,172,65,107
207000063,201,147,54
207000064,449,175,274
207000065,284,226,58
207000066,140,178,-38
207000067,41,152,-111
207000068,117,85,32
207000069,609,388,221
207000082,29,464,-435
207000083,85,603,-518
207000084,136,260,-124
207000085,111,5,106
207000086,98,8,90
207000106,19,34,-15
207000107,53,24,29
207000108,55,21,34
207000109,50,17,33
207000110,62,66,-4
207000111,68,75,-7
207000112,182,430,-248
207000114,22,52,-30
207000115,19,132,-113
207000116,11,439,-428
207000117,21,168,-147
207000118,1,166,-165
207000119,28,147,-119
207000123,203,29,174
207000124,96,28,68
207000125,70,45,25
207000126,75,72,3
207000134,28,288,-260
207000135,9,396,-387
207000148,44,282,-238
207000149,74,58,16
207000152,188,490,-302
207000153,1128,1511,-383
207000154,411,180,231
207000159,102,372,-270
207000160,108,947,-839
207000238,0,130,-130
207000242,5,290,-285
207000248,33,46,-13
207000249,187,69,118
207000250,1233,77,1156
207000251,96,103,-7
207000252,62,102,-40
207000278,57,130,-73
207000279,17,310,-293
207000280,246,107,139
207000281,117,1812,-1695
207000282,233,49,184
207000283,124,400,-276
207000284,59,114,-55
207000285,161,34,127
207000291,8,171,-163
207000304,105,63,42
207000306,74,467,-393
207000310,50,81,-31
207000353,355,6,349
207000356,11,28,-17
207000357,36,6,30
207000358,65,16,49
207000415,4,261,-257
207000417,33,2,31
207000418,93,161,-68
207000438,0,5,-5
207000439,1167,581,586
207000446,133,3,130
207000460,12,5,7
207000466,209,265,-56
207000467,151,123,28
207000468,42,798,-756
207000476,2,119,-117
207000477,476,158,318
207000478,13,36,-23
207000523,0,4,-4
207000524,27,0,27
207000527,95,218,-123
207000530,295,7,288
207000531,297,11,286
207000532,123,36,87
207000534,602,62,540
207000535,45,324,-279
207000537,52,170,-118
207000540,3,244,-241
207000541,2,443,-441
207000548,6,426,-420
207000549,326,23,303
207000561,98,255,-157
207000562,51,288,-237
207000567,197,367,-170
207000568,87,185,-98
207000569,377,1860,-1483
207000584,425,317,108
207000585,90,429,-339
207000616,1,255,-254
207000617,70,0,70
207900008,132,340,-208
208000001,566,898,-332
208000002,511,621,-110
208000003,834,707,127
208000004,1159,801,358
208000005,33,19,14
208000019,465,1220,-755
208000020,162,581,-419
208000021,166,1012,-846
208000022,731,1027,-296
208000028,2055,1288,767
208000033,461,1156,-695
208000034,1385,2678,-1293
208000037,510,57,453
208000040,90,206,-116
208000041,764,580,184
208000042,914,697,217
208000047,125,677,-552
208000064,2867,1812,1055
208000066,1878,1816,62
208000070,247,492,-245
208000071,359,1105,-746
208000072,335,1749,-1414
208000080,215,394,-179
208000081,255,218,37
208000082,293,408,-115
208000083,129,498,-369
208000084,27,28,-1
208000085,996,744,252
208000086,453,1071,-618
208000087,261,1003,-742
208000089,842,1120,-278
208000090,737,1622,-885
208000093,104,167,-63
208000094,467,853,-386
208000095,640,624,16
208000104,943,1286,-343
208000105,666,1391,-725
208000114,87,225,-138
208000115,536,456,80
208000116,378,1162,-784
208000117,93,145,-52
208000118,108,112,-4
208000155,680,1328,-648
208000158,1857,4349,-2492
208000186,3758,3512,246
208000204,496,1699,-1203
208000205,1098,2105,-1007
208000282,5172,2781,2391
209000004,204,289,-85
209000005,40,29,11
209000006,571,124,447
209000007,356,283,73
209000010,572,166,406
209000011,224,231,-7
209000012,159,299,-140
209000013,192,812,-620
209000014,667,2039,-1372
209000025,236,33,203
209000026,600,104,496
209000027,411,1400,-989
209000028,310,1357,-1047
209000029,755,1267,-512
209000030,532,2228,-1696
209000031,4911,3350,1561
209000034,141,193,-52
209000035,124,184,-60
209000036,132,118,14
209000037,119,229,-110
209000038,67,190,-123
209000039,37,203,-166
209000040,416,664,-248
209000041,226,530,-304
209000042,260,470,-210
209000043,960,831,129
209000044,221,717,-496
209000045,1135,543,592
209000046,466,573,-107
209000047,301,283,18
209000048,387,315,72
209000049,83,217,-134
209000050,197,256,-59
209000051,236,541,-305
209000052,145,446,-301
209000062,46,249,-203
209000063,28,221,-193
209000064,45,217,-172
209000065,54,53,1
209000066,33,61,-28
209000067,55,125,-70
209000080,34,249,-215
209000082,33,64,-31
209000091,29,145,-116
209000093,107,63,44
209000094,230,266,-36
209000110,45,84,-39
209000111,342,1399,-1057
209000112,669,620,49
209000113,1695,517,1178
209000114,311,504,-193
209000115,55,192,-137
209000116,834,961,-127
209000118,39,51,-12
209000119,57,15,42
209000121,131,883,-752
209000135,77,127,-50
209000142,699,1314,-615
209000143,105,110,-5
209000144,60,111,-51
209000229,183,253,-70
209000240,42,665,-623
209000259,93,181,-88
209000260,93,1519,-1426
209000261,13,938,-925
209000262,2,887,-885
209000263,0,205,-205
209000264,2,139,-137
209000265,306,0,306
209000266,83,3,80
209000267,734,14,720
209000268,716,54,662
210000037,55,31,24
210000047,47,72,-25
210000048,77,68,9
210000049,48,65,-17
210000052,39,162,-123
210000053,18,102,-84
210000054,43,127,-84
210000070,148,5,143
210000071,86,0,86
210000072,24,0,24
210000073,0,54,-54
210000074,0,144,-144
210000075,1,71,-70
210000076,24,130,-106
210000077,40,31,9
210000078,26,26,0
210000079,78,21,57
210000080,209,67,142
210000081,178,17,161
210000082,52,0,52
210000083,54,1,53
210000084,34,0,34
210000085,0,106,-106
210000086,5,135,-130
210000099,34,275,-241
210000100,64,288,-224
210000101,79,278,-199
210000105,37,279,-242
210000159,0,144,-144
210000163,219,311,-92
210000164,295,166,129
210000168,179,31,148
210000187,1,49,-48
210000188,1,39,-38
210000214,24,0,24
210000219,33,71,-38
210000220,38,184,-146
210000232,6,16,-10
210000233,58,76,-18
210000234,44,134,-90
210000235,51,186,-135
210000245,2,157,-155
210000246,15,1,14
210000258,15,107,-92
210000259,357,53,304
210000282,63,212,-149
210000285,1,111,-110
210000286,14,207,-193
210000290,5,4,1
210000295,29,208,-179
210000296,19,77,-58
210000320,176,220,-44
210000321,119,182,-63
210000338,68,101,-33
210000339,533,1077,-544
210000340,117,415,-298
210000341,144,283,-139
210000342,166,237,-71
210000343,127,240,-113
210000344,262,135,127
210000345,226,208,18
210000346,61,112,-51
210000347,157,41,116
210000348,200,16,184
210000349,107,25,82
210000350,70,73,-3
210000351,68,110,-42
210000352,69,140,-71
210000353,34,176,-142
210000354,107,162,-55
210000355,92,158,-66
210000356,146,94,52
210000357,98,80,18
210000358,670,156,514
210000359,190,62,128
210000360,181,115,66
210000361,110,195,-85
210000362,208,226,-18
210000363,1038,243,795
210000364,133,203,-70
210000365,118,60,58
210000366,134,84,50
210000367,86,42,44
210000368,210,65,145
210000369,40,25,15
210000370,58,70,-12
210000372,78,35,43
210000373,109,11,98
210000374,41,12,29
210000375,41,145,-104
210000376,71,221,-150
210000404,95,210,-115
210000439,9,121,-112
210000472,124,5,119
210000482,61,106,-45
210000564,691,319,372
210000567,0,22,-22
210000568,868,3,865
211000092,43,144,-101
211000094,49,11,38
211000169,235,29,206
211000172,16,363,-347
211000209,1,37,-36
211000226,24,31,-7
211000270,10,10,0
211000275,46,39,7
211000276,105,63,42
211000279,15,106,-91
211000281,42,142,-100
211507980,0,47,-47
211977296,38,12,26
212000003,130,70,60
212000004,62,31,31
212000005,26,34,-8
212000006,30,91,-61
212000008,115,294,-179
212000009,21,205,-184
212000012,62,61,1
212000013,16,75,-59
212000014,212,216,-4
212000015,228,335,-107
212000016,373,772,-399
212000027,487,721,-234
212000028,261,608,-347
212000029,160,423,-263
212000030,36,56,-20
212000031,48,101,-53
212000048,32,116,-84
212000049,19,98,-79
212000050,16,9,7
212000051,161,323,-162
212000052,128,554,-426
212000053,281,874,-593
212000054,142,194,-52
212000055,193,374,-181
212000056,13,72,-59
212000057,8,40,-32
212000058,588,31,557
212000070,95,529,-434
212000077,97,1050,-953
212000099,262,339,-77
212000108,299,271,28
212000111,185,172,13
212000120,169,141,28
212000138,66,21,45
212000156,6,216,-210
212000158,11,20,-9
212000159,249,67,182
212000160,453,343,110
212000161,42,16,26
212000310,34,24,10
212000311,7,101,-94
212000374,21,14,7
213000001,38,1200,-1162
213000005,392,135,257
213000006,1159,243,916
213000007,109,8,101
213000009,760,319,441
213000010,212,237,-25
213000011,262,185,77
213000012,163,494,-331
213000014,76,8,68
213000015,261,5,256
213000016,366,3,363
213000017,50,0,50
213000018,4,276,-272
213000019,4,226,-222
213000020,125,563,-438
213000021,6,135,-129
213000023,261,234,27
213000033,288,1425,-1137
213000034,739,427,312
213000035,114,308,-194
213000045,179,335,-156
213000046,213,254,-41
213000047,695,1076,-381
213000056,53,56,-3
213000069,97,2,95
213000073,4,28,-24
213000074,248,858,-610
213000075,499,8,491
213000076,17,0,17
213000085,8,52,-44
213000086,15,365,-350
213000091,118,15,103
213000092,47,13,34
213000099,180,1154,-974
213000100,1370,256,1114
213000101,184,176,8
213000102,265,539,-274
213000103,745,1241,-496
213000104,54,841,-787
213000105,2,113,-111
213000106,36,264,-228
213000107,120,1071,-951
213000108,19,816,-797
213000109,4,362,-358
213000110,4,105,-101
213000111,2,150,-148
213000112,133,167,-34
213000115,48,6,42
213000116,117,1362,-1245
213000117,17,2032,-2015
213000118,301,476,-175
213000119,97,1277,-1180
213000120,163,1215,-1052
213000122,317,1278,-961
213000123,1039,2144,-1105
213000124,102,1913,-1811
213000125,140,11,129
213000126,119,143,-24
213000127,219,252,-33
213000128,1058,1079,-21
213000129,573,498,75
213000130,284,235,49
213000132,211,90,121
213000133,346,106,240
213000134,683,9,674
213000136,354,20,334
213000137,508,85,423
213000139,324,15,309
213000147,91,1,90
213000148,12,12,0
213000149,58,5,53
213000150,0,120,-120
213000151,2,139,-137
213000152,4,113,-109
213000153,2,72,-70
213000154,26,290,-264
213000155,68,496,-428
213000156,126,903,-777
213000157,928,700,228
213000158,282,1095,-813
213000159,494,931,-437
213000163,427,135,292
213000165,735,245,490
213000171,3,189,-186
213000172,3,496,-493
213000173,2,391,-389
213000174,3,310,-307
213000175,8,212,-204
213000176,26,28,-2
213000177,49,6,43
213000178,74,3,71
213000179,136,1,135
213000180,79,1,78
213000184,88,873,-785
213000188,316,107,209
213000189,255,32,223
213000190,860,1270,-410
213000191,222,799,-577
213000192,170,867,-697
213000193,2644,258,2386
213000194,0,37,-37
213000195,27,578,-551
213000196,229,1366,-1137
213000197,301,693,-392
213000198,57,2,55
213000200,107,1595,-1488
213000201,92,64,28
213000202,21,1277,-1256
213000203,4266,641,3625
213000204,489,84,405
213000205,327,119,208
213000206,857,38,819
213000207,179,11,168
213000208,81,2,79
213000209,139,1,138
213000210,308,4,304
213000211,11,9,2
213000212,7,29,-22
213000213,4,41,-37
213000218,214,1201,-987
213000219,496,25,471
213000220,362,9,353
213000223,223,200,23
213000224,32,47,-15
213000225,38,10,28
213000226,50,27,23
213000227,705,262,443
213000228,213,100,113
213000229,467,34,433
213000230,313,19,294
213000232,76,539,-463
213000233,10,28,-18
213000234,18,47,-29
213000293,28,67,-39
213000294,150,4,146
213000295,11,120,-109
213000296,67,36,31
213000297,14,189,-175
213000298,18,152,-134
213000299,86,73,13
213000300,9,2,7
213000303,4,36,-32
213000304,1,10,-9
213000305,3,15,-12
213000306,87,52,35
213000307,449,76,373
213000308,127,488,-361
213000309,232,77,155
213000310,262,87,175
213000311,360,1252,-892
213000315,79,285,-206
213000316,84,79,5
213000322,109,286,-177
213000323,65,170,-105
213000324,68,105,-37
213000325,23,187,-164
213000326,43,45,-2
213000327,17,157,-140
213000328,42,160,-118
213000329,72,84,-12
213000340,182,1323,-1141
213000341,285,109,176
213000346,230,219,11
213000347,968,327,641
213000348,9,238,-229
213000349,27,15,12
213000350,292,2279,-1987
213000366,66,691,-625
213000367,163,29,134
213000379,48,224,-176
213000386,67,279,-212
213000406,130,438,-308
213000417,1305,436,869
213000425,138,71,67
213000426,117,122,-5
213000427,64,654,-590
213000428,30,403,-373
213000429,9,4,5
213000430,97,2006,-1909
213000431,33,1,32
213000432,2,22,-20
213000433,27,241,-214
213000434,77,191,-114
213000435,89,146,-57
213000436,12,189,-177
213000437,2,51,-49
213000438,154,150,4
213000439,95,15,80
213000440,31,328,-297
213000441,1,3,-2
213000442,3,60,-57
213000443,518,691,-173
213000444,47,121,-74
213000445,0,217,-217
213000446,0,18,-18
213000447,8,58,-50
213000448,4,118,-114
213000449,238,3,235
213000450,47,64,-17
213000451,290,116,174
213000452,10,29,-19
213000453,82,535,-453
213000455,358,3,355
213000456,0,170,-170
213000481,7,10,-3
213000482,52,7,45
213000489,841,107,734
213000491,1,144,-143
213000492,306,3,303
213000493,0,99,-99
213000494,157,199,-42
213000495,0,160,-160
213000496,329,318,11
213000497,36,520,-484
213000498,122,384,-262
213000499,168,1036,-868
213000500,281,176,105
213000501,106,41,65
213000502,244,142,102
213000503,5,88,-83
213000504,10,265,-255
213000505,6,5,1
213000506,0,6,-6
213000507,4,243,-239
213900016,0,11,-11
213900244,13,0,13
213900245,0,33,-33
218000003,28,20,8
218000004,41,35,6
218000005,31,50,-19
218000006,62,29,33
218000007,7,15,-8
218000012,508,208,300
218000013,74,147,-73
218000014,453,507,-54
218000019,828,783,45
218000020,292,651,-359
218000021,40,128,-88
218000022,20,59,-39
218000023,5,62,-57
218000024,1,31,-30
218000025,17,49,-32
218000026,3,91,-88
218000027,0,40,-40
218000028,6,5,1
218000029,4,6,-2
218000030,33,42,-9
218000031,3,96,-93
218000032,2,57,-55
218000040,4,2,2
218000046,46,142,-96
218000047,14,224,-210
218000048,63,292,-229
218000049,149,242,-93
218000050,386,398,-12
218000051,84,467,-383
218000052,1,214,-213
218000053,1,27,-26
218000054,19,43,-24
218000055,3,28,-25
218000056,18,39,-21
218000057,2,53,-51
218000064,2,16,-14
218000065,43,83,-40
218000066,14,59,-45
218000067,54,132,-78
218000068,106,157,-51
218000069,151,280,-129
218000070,125,355,-230
218000071,153,263,-110
218000072,283,389,-106
218000078,650,1613,-963
218000079,61,116,-55
218000080,37,151,-114
218000081,275,447,-172
218000082,27,213,-186
218000083,41,77,-36
218000084,76,214,-138
218000085,103,587,-484
218000086,51,259,-208
218000087,128,271,-143
218000090,16,87,-71
218000091,810,592,218
218000092,49,209,-160
218000093,48,117,-69
218000094,430,1010,-580
218000099,299,685,-386
218000100,200,372,-172
218000101,213,198,15
218000102,210,416,-206
218000103,77,238,-161
218000104,52,52,0
218000105,29,12,17
218000106,12,6,6
218000107,42,113,-71
218000108,7,68,-61
218000112,93,14,79
218000117,56,54,2
218000134,647,1327,-680
218000135,36,173,-137
218000136,262,75,187
218000137,148,137,11
218000138,19,125,-106
218000139,108,464,-356
218000140,294,285,9
218000141,87,102,-15
218000142,100,242,-142
218000143,120,254,-134
218000144,57,74,-17
218000145,265,512,-247
218000146,60,201,-141
218000151,13,38,-25
218000152,75,91,-16
218000153,5,8,-3
218000154,5,0,5
218000155,16,3,13
218000156,35,24,11
218000157,7,25,-18
218000158,2,11,-9
218000159,0,3,-3
218000160,3,11,-8
218000161,20,17,3
218000162,18,14,4
218000163,6,8,-2
218000164,39,21,18
218000165,65,52,13
218000170,5,47,-42
218000171,46,7,39
218000172,23,13,10
218000173,36,19,17
218000174,16,15,1
218000176,103,25,78
218000177,220,230,-10
218000178,74,227,-153
218000179,69,75,-6
218000180,53,34,19
218000181,111,82,29
218000187,6,34,-28
218000188,25,61,-36
218000189,20,90,-70
218000190,10,28,-18
218000191,81,102,-21
218000192,133,615,-482
218000193,354,767,-413
218000194,59,687,-628
218000195,168,139,29
218000196,240,423,-183
218000197,234,576,-342
218000198,17,229,-212
218000199,55,52,3
218000200,93,88,5
218000201,25,13,12
218000202,283,225,58
218000207,12,112,-100
218000208,50,99,-49
218000211,63,4,59
218000212,3,9,-6
218000213,148,111,37
218000214,3,33,-30
218000215,49,150,-101
218000217,7,199,-192
218000218,391,142,249
218000219,61,23,38
218000220,229,460,-231
218000221,1301,256,1045
218000222,61,18,43
218000223,44,216,-172
218000224,14,185,-171
218000225,122,29,93
218000226,54,98,-44
218000230,0,10,-10
218000232,56,112,-56
218000239,84,11,73
218000240,10,1,9
218000241,15,1,14
218000242,27,1,26
218000243,22,2,20
218000244,24,1,23
218000245,9,4,5
218000246,0,1,-1
218000247,0,0,0
218000248,0,23,-23
218000249,0,1,-1
218000250,6,42,-36
218000251,0,25,-25
218000252,2,10,-8
218000253,3,6,-3
218000254,1,12,-11
218000255,0,12,-12
218000256,8,50,-42
218000267,1169,1496,-327
218000268,11,77,-66
218000269,4,10,-6
218000270,48,82,-34
218000271,10,112,-102
218000273,16,35,-19
218000274,19,15,4
218000275,21,35,-14
218000276,14,39,-25
218000278,4,32,-28
218000279,60,98,-38
218000280,8,46,-38
218000281,19,20,-1
218000282,682,327,355
218000284,266,39,227
218000301,60,134,-74
218000302,137,44,93
218000303,29,92,-63
218000316,575,1363,-788
218000317,688,1288,-600
218000318,375,1012,-637
218000319,739,2160,-1421
218000320,547,949,-402
218000338,65,33,32
218000345,98,81,17
218000346,48,188,-140
218000459,73,529,-456
218000490,37,93,-56
218000501,52,58,-6
218000502,43,144,-101
218000503,82,25,57
218000504,143,34,109
218000505,61,200,-139
218000506,57,254,-197
218000508,2,6,-4
218000510,160,10,150
218000520,183,145,38
218000521,19,156,-137
218000522,4,170,-166
218000523,89,6,83
218000524,34,196,-162
218000525,95,22,73
218000526,26,126,-100
218000529,41,591,-550
218000530,9,10,-1
218000531,9,45,-36
218000532,13,29,-16
218000534,84,18,66
218000537,34,69,-35
218000538,218,190,28
218000540,451,92,359
218000543,83,68,15
218000544,49,187,-138
218000545,40,63,-23
218000546,40,185,-145
218000547,136,107,29
218000548,73,346,-273
218000549,330,247,83
218000550,143,690,-547
218000551,255,725,-470
218000552,627,69,558
218000553,50,114,-64
218000554,25,35,-10
218000555,16,40,-24
218000556,85,644,-559
218000557,232,184,48
218000558,75,1,74
218000559,0,45,-45
218000560,0,18,-18
218000561,24,1,23
218000562,37,300,-263
218000563,181,36,145
218000564,25,147,-122
218000565,161,34,127
218000566,365,34,331
218000567,3,71,-68
218000568,17,2,15
218000569,6,207,-201
218000570,172,8,164
218000571,1,125,-124
218000572,131,1,130
218000573,38,115,-77
218000574,97,61,36
218000575,76,1,75
218000576,1,63,-62
218000577,116,1,115
218000578,0,69,-69
218000579,92,6,86
218000581,10,109,-99
218000582,57,8,49
218000583,23,0,23
218000584,0,28,-28
218000585,18,4,14
218000586,3,51,-48
218000587,3,5,-2
218000588,0,1,-1
218000589,2,1,1
218000590,3,0,3
218000591,1,4,-3
218000592,3,3,0
218000593,0,1,-1
218000594,0,0,0
218000595,0,0,0
218000596,0,0,0
218000597,0,0,0
218000598,0,0,0
218000599,0,0,0
218000600,0,4,-4
218000601,0,0,0
218000602,0,3,-3
218000603,0,6,-6
218000604,18,2,16
218000605,0,27,-27
218000606,78,0,78
218000607,13,55,-42
218000608,95,13,82
218000609,5,57,-52
218000610,88,6,82
218000611,42,8,34
218000612,1,33,-32
218000613,53,2,51
218000614,0,47,-47
218000615,74,4,70
218000616,11,215,-204
218000617,15,4,11
218000618,1,24,-23
218000619,16,69,-53
218000620,13,28,-15
218000621,0,3,-3
218000622,0,13,-13
218000623,23,1,22
218000624,1,22,-21
218000625,24,3,21
218000626,1,6,-5
218000628,107,75,32
218000631,12,20,-8
218000632,0,122,-122
218000633,40,0,40
218000634,4,13,-9
218000635,5,18,-13
218000636,830,2224,-1394
218000637,830,769,61
218000638,113,170,-57
218000639,13,297,-284
218000640,161,42,119
218000641,50,486,-436
218000652,75,209,-134
218000653,137,96,41
218000663,5,257,-252
218000675,72,48,24
218000676,1,43,-42
218000677,1,12,-11
218000680,195,927,-732
218000681,336,138,198
218000691,72,710,-638
218000693,100,160,-60
218000703,13,91,-78
218000718,1115,854,261
218000719,1746,258,1488
218000720,12,92,-80
218000721,50,15,35
218000725,5,17,-12
218001214,32,51,-19
218001258,30,14,16
218001329,132,118,14
218001330,120,153,-33
218001351,32,35,-3
218001352,24,15,9
218001353,6,11,-5
218001354,4,21,-17
218001356,190,5,185
218001358,110,7,103
218001361,109,217,-108
219000001,16,125,-109
219000002,25,102,-77
219000003,26,32,-6
219000004,55,59,-4
219000017,221,39,182
219000020,72,32,40
219000022,120,8,112
219000023,99,2,97
219000029,0,95,-95
219000034,32,11,21
219000039,51,79,-28
219000040,66,24,42
219000041,96,38,58
219000051,0,61,-61
219000052,0,28,-28
219000053,2,223,-221
219000054,30,194,-164
219000055,70,1,69
219000056,29,0,29
219000057,54,0,54
219000062,4,403,-399
219000063,56,9,47
219000064,5,75,-70
219000110,198,31,167
219000111,75,44,31
219000112,131,63,68
219000113,118,43,75
219000114,207,71,136
219000116,76,64,12
219000117,195,142,53
219000118,126,112,14
219000123,400,95,305
219000124,82,85,-3
219000125,3,20,-17
219000126,73,151,-78
219000127,0,7,-7
219000128,19,121,-102
219000129,25,187,-162
219000130,638,869,-231
219000131,524,965,-441
219000133,82,35,47
219000134,10,18,-8
219000135,23,59,-36
219000136,169,173,-4
219000138,42,23,19
219000139,27,94,-67
219000140,51,2,49
219000141,20,136,-116
219000142,30,128,-98
219000143,12,150,-138
219000145,14,61,-47
219000146,7,111,-104
219000147,4,107,-103
219000148,0,103,-103
219000149,20,236,-216
219000150,14,182,-168
219000151,3,146,-143
219000157,119,152,-33
219000158,187,306,-119
219000161,140,11,129
219000163,1803,475,1328
219000166,73,211,-138
219000167,77,309,-232
219000168,223,75,148
219000174,295,135,160
219000175,62,1,61
219000176,54,6,48
219000177,44,4,40
219000178,18,4,14
219000179,4,9,-5
219000180,42,47,-5
219000182,108,13,95
219000183,35,52,-17
219000184,83,11,72
219000185,0,110,-110
219000186,50,57,-7
219000187,8,156,-148
219000189,160,224,-64
219000190,196,318,-122
219000191,1175,1337,-162
219000192,146,131,15
219000193,712,218,494
219000195,1,100,-99
219000196,4,187,-183
219000198,35,179,-144
219000199,107,260,-153
219000200,42,203,-161
219000201,85,300,-215
219000203,25,180,-155
219000204,117,252,-135
219000205,64,259,-195
219000207,129,319,-190
219000209,23,97,-74
219000210,68,137,-69
219000213,6,492,-486
219000239,190,260,-70
219000240,189,522,-333
219000241,91,326,-235
219000242,43,286,-243
219000243,108,489,-381
219000244,42,164,-122
219000245,38,61,-23
219000246,51,41,10
219000247,96,44,52
219000248,446,276,170
219000249,105,62,43
219000250,107,111,-4
219000251,417,221,196
219000252,203,144,59
219000253,237,40,197
219000255,57,124,-67
219000256,149,99,50
219000257,93,28,65
219000262,105,249,-144
219000263,45,311,-266
219000267,4,201,-197
219000268,7,12,-5
219000269,4,1,3
219000270,2,0,2
219000271,64,4,60
219000278,1,19,-18
219000279,0,2,-2
219000283,1,11,-10
219000295,12,131,-119
219000296,92,715,-623
219000297,15,185,-170
219000298,14,255,-241
219000299,397,110,287
219000300,16,394,-378
219000301,250,371,-121
219000302,28,184,-156
219000307,30,56,-26
219000308,33,31,2
219000311,172,50,122
219000312,462,60,402
219000313,243,33,210
219000314,82,801,-719
219000315,180,44,136
219000316,416,89,327
219000317,89,45,44
219000320,0,66,-66
219000321,1,33,-32
219000323,1,124,-123
219000325,3,47,-44
219000326,47,148,-101
219000327,47,35,12
219000328,46,75,-29
219000329,313,126,187
219000330,30,38,-8
219000331,41,33,8
219000332,66,91,-25
219000333,8,4,4
219000335,66,2,64
219000337,18,1,17
219000338,63,12,51
219000344,32,77,-45
219000345,61,191,-130
219000346,50,183,-133
219000348,113,230,-117
219000349,52,455,-403
219000350,56,153,-97
219000351,12,7,5
219000352,280,67,213
219000353,95,53,42
219000354,122,160,-38
219000355,122,44,78
219000356,1480,878,602
219000363,327,35,292
219000364,79,36,43
219000365,88,8,80
219000366,227,213,14
219000368,334,389,-55
219000370,1145,234,911
219000371,6,11,-5
219000382,9,20,-11
219000383,736,994,-258
219000385,653,509,144
219000386,1231,1779,-548
219000387,6,8,-2
219000390,6,9,-3
219000391,1,0,1
219000397,87,97,-10
219000398,70,31,39
219000401,11,135,-124
219000402,22,108,-86
219000403,109,179,-70
219000404,17,85,-68
219000407,0,44,-44
219000409,40,61,-21
219000410,84,37,47
219000411,48,23,25
219000446,275,644,-369
219000447,7,26,-19
219000448,7,4,3
219000452,90,62,28
219000453,81,130,-49
219000454,308,190,118
219000556,182,100,82
219000558,132,486,-354
219000590,30,258,-228
219000591,46,117,-71
219000592,131,430,-299
219000595,4,65,-61
219000635,83,39,44
219000636,35,143,-108
219000657,16,14,2
219000658,32,62,-30
219000673,0,15,-15
219000676,48,0,48
219000679,50,17,33
219000684,81,3,78
219000685,4,146,-142
219000686,2,2,0
219000688,0,95,-95
219000689,57,303,-246
219000690,239,48,191
219000691,77,175,-98
219000692,179,42,137
219000693,0,32,-32
219000694,9,1,8
219000695,12,3,9
219000698,70,0,70
219000699,0,14,-14
219000727,2,244,-242
219000728,64,2,62
219000770,30,1,29
219000771,1,72,-71
219000788,224,236,-12
219001150,0,14,-14
219001151,0,4,-4
219001166,43,11,32
219001167,4,109,-105
219001178,33,0,33
220000001,49,51,-2
220000002,13,195,-182
220000003,475,310,165
220000004,664,684,-20
220000005,1495,2110,-615
220000006,175,1063,-888
220000007,356,730,-374
220000008,358,1327,-969
220000009,282,723,-441
220000010,162,191,-29
220000011,900,3241,-2341
220000012,169,434,-265
220000014,112,55,57
220000015,67,228,-161
220000017,67,640,-573
220000018,9395,2641,6754
220000019,69,287,-218
220000020,422,261,161
220000021,451,239,212
220000022,414,569,-155
220000023,168,144,24
220000024,1578,347,1231
220000025,778,958,-180
220000026,210,264,-54
220000027,30,108,-78
220000028,20,36,-16
220000029,90,345,-255
220000030,123,88,35
220000031,292,340,-48
220000064,46,1513,-1467
221000046,3,0,3
221000047,0,2,-2
221000048,0,4,-4
221000049,0,13,-13
221000050,21,0,21
221000055,59,44,15
221000057,59,8,51
221000068,340,152,188
221000069,340,82,258
221000070,238,32,206
221000071,109,16,93
221000072,193,22,171
221000073,177,66,111
221000074,0,28,-28
221000075,29,30,-1
221000076,9,39,-30
221000077,54,109,-55
221000081,68,12,56
221000082,43,12,31
221000083,38,5,33
221000084,2,9,-7
221000085,21,90,-69
221000086,15,148,-133
221000087,10,245,-235
221000088,19,273,-254
221000089,30,426,-396
221000090,123,697,-574
221000098,98,16,82
221000099,138,22,116
221000100,57,6,51
221000101,164,22,142
221000102,107,16,91
221000109,8,140,-132
221000110,13,121,-108
221000111,13,207,-194
221000112,5,204,-199
221000113,17,237,-220
221000114,18,248,-230
221000120,50,67,-17
221000121,7,22,-15
221000122,44,47,-3
221000123,17,34,-17
221000124,42,524,-482
221000155,89,6,83
221000156,30,31,-1
221000175,0,7,-7
221000176,1,3,-2
221000182,36,5,31
221000241,560,294,266
221000242,272,607,-335
221000243,392,137,255
221000244,287,577,-290
221000245,45,107,-62
221000246,44,338,-294
221000247,37,123,-86
221000248,131,203,-72
221000267,68,1117,-1049
221000325,54,89,-35
221000331,10,195,-185
221000338,22,23,-1
221000378,124,32,92
221000381,53,143,-90
222000282,9,1,8
222000296,5,35,-30
222000568,304,17,287
222000569,96,21,75
222000570,132,26,106
222000571,249,28,221
222000577,17,396,-379
222000578,34,333,-299
222000579,43,227,-184
222000580,195,1326,-1131
222000599,0,159,-159
222000600,3,418,-415
222000601,5,1216,-1211
222000603,8,21,-13
222000604,3,27,-24
222000605,17,17,0
222000606,1,5,-4
222000607,2,3,-1
222000608,13,19,-6
222000609,46,483,-437
222000616,194,46,148
222000617,8,9,-1
222000618,12,6,6
222000620,45,14,31
222000621,36,13,23
222000623,381,6,375
222000624,213,4,209
222000625,287,64,223
222000636,55,2,53
222000686,27,10,17
222000687,14,25,-11
222001066,651,5,646
222001067,9,18,-9
222001068,46,167,-121
222001069,33,119,-86
222001082,8,61,-53
222001083,26,79,-53
222001084,0,20,-20
222001085,1,280,-279
222001111,46,296,-250
222001112,44,73,-29
222001313,17,4,13
222001314,5,94,-89
222001464,89,53,36
222001465,9,207,-198
222001484,33,38,-5
222001485,21,81,-60
222001494,188,136,52
222001495,116,647,-531
222001496,195,103,92
222001497,87,939,-852
222001502,8,115,-107
222001503,84,39,45
222001504,30,357,-327
222001505,289,18,271
222001506,46,303,-257
222001507,199,17,182
222001510,233,35,198
222001511,49,623,-574
222001514,500,140,360
222001515,270,992,-722
222001518,106,75,31
222001519,41,522,-481
222001527,121,96,25
222001528,95,224,-129
222001529,99,33,66
222001530,63,334,-271
222001533,145,528,-383
222001534,199,51,148
222001535,114,164,-50
222001536,126,634,-508
222001537,199,29,170
222001538,73,1041,-968
222001563,283,102,181
222001564,61,1072,-1011
222001568,229,132,97
222001576,0,2,-2
222001579,5,4,1
222001583,19,370,-351
222001584,63,13,50
222001596,885,2387,-1502
222001597,1846,267,1579
222001626,1,273,-272
222001650,40,73,-33
222001651,40,206,-166
222001914,138,92,46
222001915,69,311,-242
222001968,350,165,185
222001969,397,1536,-1139
222001970,148,446,-298
222001971,30,97,-67
222001972,2,34,-32
225000001,357,147,210
225000002,278,141,137
225000003,331,108,223
225000004,219,275,-56
225000005,39,50,-11
225000006,0,167,-167
225000007,4365,1371,2994
225000010,143,4,139
225000011,548,901,-353
225000012,165,610,-445
225000013,107,183,-76
225000014,827,76,751
225000015,116,272,-156
225000021,532,200,332
225000027,272,612,-340
225000032,534,140,394
225000042,127,917,-790
225000049,38,86,-48
225000050,42,10,32
225000053,10,357,-347
225000058,698,145,553
225000067,154,257,-103
225000068,104,787,-683
225000069,128,774,-646
225000070,85,660,-575
225000071,22,442,-420
225000075,31,1317,-1286
225000076,65,183,-118
225000078,91,46,45
225000085,33,116,-83
225000086,234,38,196
225000087,208,33,175
225000088,20,199,-179
225000089,308,934,-626
225000090,16,503,-487
225000091,148,268,-120
225000092,24,67,-43
225000093,174,511,-337
225000094,14,691,-677
225000095,293,850,-557
225000096,278,756,-478
225000098,480,216,264
225000099,219,124,95
225000100,185,136,49
225000104,64,518,-454
225000110,15,614,-599
225000111,231,1689,-1458
225000112,455,1277,-822
225000113,136,776,-640
225000114,50,387,-337
225000115,3241,709,2532
225000116,1042,178,864
225000117,956,309,647
225000118,872,302,570
225000119,194,93,101
225000120,502,62,440
225000121,229,29,200
225000123,954,19,935
225000125,298,292,6
225000126,960,215,745
225000127,909,678,231
225000128,346,583,-237
225000132,249,33,216
225000133,267,23,244
225000134,547,143,404
225000135,38,8,30
225000136,184,16,168
225000137,138,80,58
225000138,370,32,338
225000143,134,183,-49
225000144,4,337,-333
225000145,35,45,-10
225000146,48,170,-122
225000147,24,442,-418
225000148,6,315,-309
225000149,60,557,-497
225000151,34,315,-281
225000155,290,604,-314
225000156,255,1062,-807
225000157,222,557,-335
225000158,95,533,-438
225000171,2,215,-213
225000180,30,0,30
225000181,0,67,-67
225000182,58,16,42
225000185,1,521,-520
225000187,35,583,-548
225000191,92,4,88
225000194,0,7,-7
225000208,1,59,-58
225000209,73,25,48
225000210,4,292,-288
225000217,0,25,-25
225000218,10,2,8
225000223,0,118,-118
225000224,420,0,420
225000225,4,54,-50
225000226,119,1,118
225000227,44,117,-73
225000228,16,8,8
225000229,0,87,-87
225000230,10,0,10
225000231,1,82,-81
225000232,99,1,98
225000241,62,0,62
225000242,0,33,-33
225000249,3,0,3
225000250,56,1018,-962
225000251,334,43,291
225000254,3,3,0
225000256,6,9,-3
225000257,2,74,-72
226000042,492,618,-126
226000043,54,362,-308
226000044,113,931,-818
226000045,47,576,-529
226000046,383,66,317
226000047,247,72,175
226000048,328,70,258
226000049,267,108,159
226000070,1,97,-96
226000071,1,102,-101
226000072,0,22,-22
226000073,0,15,-15
226000074,0,18,-18
226000084,0,54,-54
226000085,3,4,-1
226000086,7,6,1
226000087,0,14,-14
226000088,32,27,5
226000090,122,39,83
226000091,19,15,4
226000092,3,6,-3
226000093,22,0,22
226000094,33,3,30
226000095,20,0,20
226000105,5,2,3
226000106,4,1,3
226000107,5,1,4
226000108,30,1,29
226000109,89,18,71
226000124,118,71,47
226000134,305,577,-272
226000135,835,647,188
226000136,257,420,-163
226000137,6,616,-610
226000138,7,405,-398
226000139,2,21,-19
226000156,98,1,97
226000157,140,6,134
226000163,40,41,-1
226000202,27,668,-641
226000231,154,3,151
226000232,34,4,30
227000033,197,59,138
227000036,189,43,146
227000037,169,43,126
227000038,119,38,81
227000084,3,43,-40
227000085,1,40,-39
227000088,94,5,89
227000089,101,2,99
227000090,30,0,30
227000091,10,0,10
227000092,22,0,22
227000093,123,1,122
227000094,5,0,5
227000130,32,63,-31
227000131,17,279,-262
227000132,14,270,-256
227000133,6,320,-314
227000134,24,466,-442
227000152,0,2,-2
227000153,0,59,-59
227000154,1,31,-30
227000155,1,23,-22
227000156,2,28,-26
227000165,5,32,-27
227000196,204,655,-451
227000199,135,1234,-1099
227000230,39,1284,-1245
227000232,226,39,187
227000242,47,526,-479
227000243,278,69,209
227000245,10,491,-481
227000246,127,575,-448
227000247,176,92,84
227000248,65,20,45
227000249,18,252,-234
227000250,325,108,217
227000251,171,278,-107
227000252,23,425,-402
227000253,76,31,45
227000262,242,39,203
227000266,646,10,636
227000267,52,4899,-4847
227000282,9,517,-508
227000284,195,37,158
227000286,2,158,-156
227000287,2,233,-231
227000291,25,1417,-1392
227000296,302,519,-217
227000484,221,19,202
227000485,21,1644,-1623
227000655,72,81,-9
227000656,570,35,535
227000657,55,29,26
227000661,145,13,132
229000265,29,71,-42
229000296,3,28,-25
229000297,5,73,-68
229000298,8,252,-244
229000320,11,10,1
229000321,24,4,20
229000412,31,91,-60
229000414,7,82,-75
229000415,10,2,8
229000416,1,7,-6
229000417,1,16,-15
229000419,133,358,-225
229000440,328,90,238
229000442,32,23,9
229000443,0,4,-4
229000444,3,36,-33
229000445,33,9,24
229000446,95,23,72
229000491,1,44,-43
229000492,12,208,-196
229000493,3,178,-175
229000494,29,4,25
229000495,102,8,94
229000496,37,12,25
229000507,0,75,-75
229000508,0,51,-51
229000509,1,78,-77
229000510,3,64,-61
229000511,4,91,-87
229000512,0,50,-50
229000513,1,13,-12
229000514,0,8,-8
229000517,1,12,-11
229000518,2,33,-31
229000519,1,23,-22
229000520,11,48,-37
229000521,26,43,-17
229000522,5,14,-9
229000523,15,24,-9
229000524,0,4,-4
229000527,6,0,6
229000528,0,0,0
229000529,7,0,7
229000530,54,3,51
229000531,26,2,24
229000532,23,2,21
229000533,91,0,91
229000534,72,1,71
229000564,82,0,82
229000565,8,0,8
229000566,0,8,-8
229000567,0,94,-94
229000582,108,1,107
229000583,3,1,2
229000584,0,61,-61
229000585,3,65,-62
229000718,0,6,-6
229000719,0,0,0
229000720,0,13,-13
229000721,0,17,-17
229000722,0,31,-31
229000723,0,22,-22
229000724,0,4,-4
229000725,0,7,-7
229000738,0,0,0
229000739,2,0,2
229000740,1,0,1
229000741,7,0,7
229000742,2,0,2
229000743,4,0,4
229000744,2,0,2
229000745,1,0,1
229000746,22,0,22
229000847,13,0,13
229000848,9,0,9
229000849,79,0,79
229000851,27,1,26
229000854,1,83,-82
229000856,4,235,-231
229000857,1,71,-70
229000858,2,144,-142
229000919,19,106,-87
229000930,3,319,-316
229000937,49,9,40
229000966,33,28,5
229000981,14,62,-48
229000985,12,86,-74
229000986,0,10,-10
229000987,0,6,-6
229000988,6,3,3
229000989,22,9,13
229000990,0,2,-2
229000991,5,1,4
229000992,16,18,-2
229000993,285,19,266
229000998,9,86,-77
229000999,78,11,67
229001034,1,20,-19
229001035,29,5,24
229001037,46,5,41
229001042,9,15,-6
229001047,3,99,-96
229001050,47,72,-25
229001168,0,17,-17
229001200,13,2,11
229001338,3,16,-13
229001394,194,1,193
229001422,64,36,28
229001423,48,181,-133
229001431,39,36,3
229001432,46,92,-46
229001444,134,90,44
229001445,47,276,-229
229001479,10,7,3
229001503,159,80,79
229001504,78,266,-188
229001505,88,52,36
229001506,51,256,-205
229001509,44,34,10
229001545,67,8,59
229001546,10,98,-88
229001553,41,21,20
229001554,26,93,-67
229001630,64,9,55
229001631,10,67,-57
229001635,1,9,-8
229001636,5,1,4
229001658,0,140,-140
229001659,48,4,44
229001660,2,5,-3
229001661,7,34,-27
229001662,41,2,39
229001663,1,14,-13
229002584,233,264,-31
229002831,324,158,166
229002841,10,33,-23
229002842,32,25,7
229002843,48,40,8
229002844,40,78,-38
229002845,13,61,-48
229002846,23,39,-16
229002847,2,10,-8
229002848,3,15,-12
229002849,2,91,-89
229002850,8,1,7
229002851,41,123,-82
229002852,119,36,83
229002853,105,16,89
229002854,54,72,-18
229002855,11,28,-17
229002856,24,17,7
229002857,6,52,-46
229002858,8,13,-5
229002859,54,20,34
229002860,121,13,108
229002861,48,57,-9
229002862,38,67,-29
229002863,9,38,-29
229002864,8,37,-29
229002865,31,11,20
229002866,36,21,15
229002867,7,20,-13
229002868,15,9,6
229002869,11,160,-149
229002870,42,5,37
235000066,288,100,188
235000067,120,132,-12
235000072,19,62,-43
235000073,43,314,-271
235000074,19,120,-101
235000080,29,115,-86
235000081,92,242,-150
235000082,72,87,-15
235000083,149,120,29
235000084,34,70,-36
235000085,52,84,-32
235000089,14,34,-20
235000092,6,161,-155
235000093,15,4,11
235000097,8,6,2
235000098,34,17,17
235000099,26,54,-28
235000116,58,35,23
235000117,934,20,914
235000133,13,277,-264
235000134,7,110,-103
235000206,6,2,4
235000207,3,0,3
235000208,5,1,4
235000209,4,1,3
235000210,1,0,1
235000212,3,30,-27
235000213,4,10,-6
235000220,0,9,-9
235000221,22,5,17
235000238,0,42,-42
235000239,2,7,-5
235000242,248,320,-72
235000245,743,199,544
235000246,7,73,-66
235000284,3,127,-124
235000295,129,14,115
235000305,139,10,129
235000306,117,6,111
235000307,13,4,9
235000308,16,0,16
235000309,33,0,33
235000310,14,0,14
235000311,58,10,48
235000322,0,34,-34
235000323,3,100,-97
235000324,0,28,-28
235000325,0,25,-25
235000326,9,465,-456
235000351,7,71,-64
235000352,19,63,-44
235000353,0,41,-41
235000354,7,78,-71
235000355,0,98,-98
235000356,53,28,25
235000357,22,14,8
235000358,39,24,15
235000359,5,6,-1
235000360,73,23,50
235000361,59,5,54
235000381,38,365,-327
235000382,82,47,35
235000390,10,4,6
235000391,70,15,55
235000392,51,182,-131
235000393,61,89,-28
235000395,72,21,51
235000396,166,53,113
235000400,106,17,89
235000401,65,233,-168
235000405,91,305,-214
235000406,33,325,-292
235000407,62,134,-72
235000409,173,231,-58
235000410,39,297,-258
235000411,1,97,-96
235000485,0,13,-13
235000486,5,0,5
235000549,50,129,-79
235000550,43,246,-203
235000599,57,84,-27
235000600,6,13,-7
235000601,46,54,-8
235000602,73,161,-88
235000614,0,3,-3
235000648,0,19,-19
235000649,50,5,45
235000685,2,2,0
235000815,5,22,-17
235000834,0,9,-9
235000855,28,73,-45
235000862,21,274,-253
235000891,0,15,-15
235000892,37,2,35
235000901,57,129,-72
235000907,2,18,-16
235001010,33,126,-93
235001029,603,463,140
235001030,264,231,33
235001078,40,63,-23
235001079,63,127,-64
235001147,4,35,-31
235001166,9,112,-103
235001167,18,73,-55
235001169,20,394,-374
235001188,5,5,0
235001189,2,2,0
235001197,17,15,2
235001200,34,35,-1
235001207,98,16,82
235001210,32,160,-128
235001215,27,156,-129
235001239,0,57,-57
235001244,2,6,-4
235016267,0,28,-28
277101746,0,3,-3
277102712,0,0,0
277103813,0,0,0
277103814,0,0,0
277103898,0,2,-2
277104249,0,5,-5
277104250,0,12,-12
277104251,0,10,-10
277104252,0,3,-3
990011530,2,281,-279
990014944,2,605,-603
990015176,5,8,-3
990015618,1,173,-172
990016032,2,986,-984
990032570,1,241,-240
990070001,77,7,70
990070103,0,4,-4
990070601,1,135,-134
990070751,367,0,367
990070766,3,1191,-1188
990071180,948,287,661
990071343,17,0,17
990071387,0,16,-16
990071823,263,3,260
990072600,4,872,-868
990072964,6,689,-683
990073285,0,6,-6
990074393,8,1942,-1934
990074870,727,7,720
990075106,620,2,618
990075746,321,5,316
990076437,558,4,554
990076458,4,1865,-1861
997000007,160,3,157
997000041,0,155,-155
997000058,70,0,70
997000062,55,0,55
997000069,0,9,-9
997000070,1,226,-225
997000100,31,0,31
997000141,52,3628,-3576
997000198,6,1578,-1572
998000475,0,25,-25
998000736,1,470,-469
998000965,0,7,-7
998001031,0,71,-71
998001700,1,42,-41
998001899,0,4,-4
998001900,2,0,2
998003073,1854,9,1845
998101900,0,0,0
998102850,1,99,-98
998501927,673,391,282
998501929,87,2,85
998501930,90,1,89
998501931,126,40,86
998501932,6,2,4
998501933,101,9,92
998501937,26,7,19
998501944,48,68,-20
998501970,138,53,85
998501971,0,101,-101
998501973,0,163,-163
998501974,1,303,-302
998501975,254,5,249
998501976,134,110,24
998501977,0,17,-17
998501978,35,1,34
998501979,0,21,-21
998501980,78,0,78
998501981,22,33,-11
998501982,0,145,-145
998502006,0,0,0
998502024,0,5,-5
998502032,0,3,-3
998502062,90,24,66
998502063,0,0,0
998502173,29,1,28
998502269,0,2,-2
998601159,4,449,-445
998601292,1,27,-26
999033574,5,2042,-2037
999800001,55,43,12
999800002,0,5,-5
999800003,1,0,1
999800004,0,3,-3
999800005,0,15,-15
