ID,insum,outsum,diff
100000001,0,0,0
100000002,1558,3009,-1451
100000003,3069,3838,-769
100000004,224,911,-687
100000005,1550,2224,-674
100000006,111,118,-7
100000007,478,429,49
100000008,17,22,-5
100000009,41,345,-304
100000010,1,75,-74
100000011,94,54,40
100000012,49,52,-3
100000013,0,16,-16
100000014,33,44,-11
100000015,520,922,-402
100000016,113,225,-112
100000017,83,101,-18
100000018,302,145,157
100000019,507,976,-469
100000020,356,1652,-1296
100000021,402,241,161
100000022,307,887,-580
100000023,888,551,337
100000025,255,988,-733
100000028,438,502,-64
100000029,10,28,-18
100000030,108,11,97
100000031,847,2797,-1950
100000032,324,1376,-1052
100000033,170,1165,-995
100000034,16,227,-211
100000035,238,626,-388
100000036,190,308,-118
100000037,373,112,261
100000038,1130,466,664
100000039,179,88,91
100000040,19,100,-81
100000041,415,157,258
100000042,405,116,289
100000043,242,104,138
100000044,29,16,13
100000045,38,86,-48
100000046,119,116,3
100000047,98,71,27
100000048,63,176,-113
100000049,262,269,-7
100000051,180,125,55
100000053,29,1,28
100000054,87,2,85
100000055,89,29,60
100000056,96,109,-13
100000057,662,204,458
100000058,95,172,-77
100000059,4,79,-75
100000060,148,219,-71
100000061,723,217,506
100000062,434,257,177
100000063,308,146,162
100000064,343,175,168
100000065,135,143,-8
100000066,85,93,-8
100000067,62,185,-123
100000068,136,182,-46
100000069,99,224,-125
100000072,31,67,-36
100000073,261,299,-38
100000075,224,34,190
100000076,628,1963,-1335
100000077,66,269,-203
100000078,10,94,-84
100000079,3,62,-59
100000080,0,48,-48
100000081,1,43,-42
100000102,984,2128,-1144
100000103,560,710,-150
100000104,451,384,67
100000105,237,436,-199
100000106,435,1804,-1369
100000107,19,629,-610
100000108,63,116,-53
100000109,745,381,364
100000116,434,549,-115
100000117,6,88,-82
100000118,2214,531,1683
100000119,596,455,141
100000121,33,305,-272
100000122,118,609,-491
100000123,2417,2526,-109
100000124,904,1214,-310
100000125,322,1003,-681
100000126,178,307,-129
100000127,314,418,-104
100000128,40,584,-544
100000129,65,151,-86
100000130,380,452,-72
100000131,178,301,-123
100000132,236,949,-713
100000133,902,369,533
100000135,238,403,-165
100000139,167,319,-152
100000140,0,0,0
100000142,251,134,117
100000143,137,130,7
100000144,683,29,654
100000147,1254,4419,-3165
100000150,48,139,-91
100000151,86,888,-802
100000153,4,109,-105
100000154,2,168,-166
100000155,1,39,-38
100000156,68,141,-73
100000157,669,90,579
100000158,31,96,-65
100000159,41,342,-301
100000165,668,309,359
100000169,11,185,-174
100000174,64,154,-90
100000179,19,659,-640
100000180,118,93,25
100000181,41,91,-50
100000188,5,56,-51
100000189,387,177,210
100000190,219,520,-301
100000191,34,217,-183
100000192,7,133,-126
100000193,41,89,-48
100000330,349,389,-40
100000355,24,101,-77
100000362,1091,579,512
100000363,3561,4128,-567
100000364,176,50,126
100000365,5721,4955,766
100000366,1088,1075,13
100000367,4234,4311,-77
100000368,85,81,4
100000369,171,1165,-994
100000370,24,686,-662
100000376,28,305,-277
100000379,416,1671,-1255
100000380,2104,3504,-1400
100000384,2338,3262,-924
100000385,556,2998,-2442
100000386,1446,2423,-977
100000387,918,4619,-3701
100000388,1714,1600,114
100000389,1935,3410,-1475
100000390,993,953,40
100000391,2592,4732,-2140
100000392,368,794,-426
100000393,269,2445,-2176
100000394,985,1507,-522
100000395,404,1166,-762
100000396,1111,785,326
100000397,695,1854,-1159
100000398,8419,2461,5958
100900002,0,0,0
100900003,32,43,-11
100900004,0,1,-1
100900005,0,0,0
100900006,0,0,0
100900007,0,0,0
100900008,0,1,-1
100900009,0,3,-3
100900010,0,0,0
100900011,0,0,0
100900012,0,0,0
100900013,0,0,0
100900014,0,0,0
100900015,0,0,0
100900016,0,0,0
100900017,73,24,49
100900018,0,0,0
100900019,0,0,0
100900020,0,0,0
100900021,32,0,32
100900022,0,0,0
100900023,0,0,0
100900024,0,0,0
100900025,0,0,0
100900026,0,0,0
100900027,5,218,-213
100900028,13,9,4
100900029,0,0,0
100900030,0,0,0
100900031,190,25,165
100900032,52,0,52
100900033,0,0,0
100900034,0,0,0
100900035,0,0,0
100900036,0,0,0
100900037,0,0,0
100900038,2,0,2
100900039,23,0,23
100900040,140,7,133
100900041,160,0,160
100900042,19,26,-7
100900043,0,13,-13
100900044,33,0,33
100900045,0,0,0
100900046,84,0,84
100900047,116,11,105
100900048,0,0,0
100900049,0,0,0
100900050,0,0,0
100900051,1,1,0
100900052,1,0,1
100900053,0,0,0
100900054,0,0,0
100900055,0,0,0
100900056,0,0,0
100900057,35,3,32
100900058,0,0,0
100900059,0,0,0
100900060,0,0,0
100900061,0,0,0
100900062,0,0,0
100900063,23,134,-111
100900064,17,1,16
100900065,0,0,0
100900066,16,1,15
100900067,0,0,0
100900068,0,0,0
100900069,1,0,1
100900070,0,0,0
100900071,0,0,0
100900072,0,0,0
100900073,0,0,0
100900074,0,0,0
100900075,15,0,15
100900076,0,0,0
100900077,22,1,21
100900078,7,0,7
100900079,0,0,0
100900080,0,20,-20
100900081,0,0,0
100900082,0,0,0
100900083,0,0,0
100900085,0,0,0
100900086,0,0,0
100900088,0,0,0
100900089,0,0,0
100900090,2,5,-3
100900091,0,3,-3
100900092,39,0,39
100900093,0,0,0
100900094,0,0,0
100900095,0,0,0
100900096,1,0,1
100900097,0,0,0
100900098,0,0,0
100900099,0,0,0
100900100,0,0,0
100900101,1,0,1
100900102,0,0,0
100900103,0,0,0
100900104,0,0,0
100900105,0,0,0
100900106,0,0,0
100900107,0,0,0
100900108,0,0,0
100900109,0,0,0
100900110,2,17,-15
100900111,0,0,0
100900112,0,1,-1
100900113,0,0,0
100900114,0,0,0
100900115,1,1,0
100900116,13,0,13
100900117,0,0,0
100900118,0,0,0
100900119,0,0,0
100900120,0,0,0
100900121,7,0,7
100900122,0,0,0
100900123,0,0,0
100900124,0,0,0
100900125,0,0,0
100900126,0,0,0
100900127,0,0,0
100900128,0,0,0
100900129,0,0,0
100900131,1,0,1
100900133,0,0,0
100900134,0,0,0
100900135,0,0,0
100900137,0,0,0
100900138,0,0,0
100900139,0,0,0
100900140,0,0,0
100900141,0,0,0
100900142,0,0,0
100900143,0,0,0
100900144,0,0,0
100900145,0,0,0
100900146,0,0,0
100900147,0,0,0
100900148,0,0,0
100900149,0,0,0
100900150,0,0,0
100900151,0,0,0
100900152,0,0,0
100900153,0,0,0
100900154,1,0,1
100900155,0,0,0
100900156,0,0,0
100900157,0,0,0
100900159,0,0,0
100900160,0,0,0
100900161,0,0,0
100900162,0,0,0
100900163,0,0,0
100900164,0,0,0
100900165,0,0,0
100900166,0,0,0
100900167,0,0,0
100900168,0,0,0
100900169,0,3,-3
100900170,0,0,0
100900171,0,0,0
100900172,0,0,0
100900173,0,0,0
100900174,0,0,0
100900176,0,0,0
100900177,0,0,0
100900178,61,0,61
100900179,0,0,0
100900180,0,0,0
100900181,0,0,0
100900182,3,1,2
100900184,5,16,-11
100900186,0,0,0
100900187,0,0,0
100900188,0,0,0
100900189,0,0,0
100900191,0,0,0
100900192,0,0,0
100900195,5,0,5
100900197,101,144,-43
100900198,0,0,0
100900199,27,1,26
100900200,1,0,1
100900201,0,0,0
100900202,0,0,0
100900203,0,0,0
100900204,9,0,9
100900205,0,0,0
100900206,0,0,0
100900207,0,0,0
100900210,0,0,0
100900211,0,0,0
100900213,0,0,0
100900214,0,0,0
100900215,0,0,0
100900217,0,8,-8
101000001,602,950,-348
101000002,290,1027,-737
101000003,29,533,-504
101000004,3720,6478,-2758
101000005,2390,4660,-2270
101000006,3159,4984,-1825
101000007,665,3513,-2848
101000008,1277,2762,-1485
101000009,1112,322,790
101000010,275,347,-72
101000011,136,294,-158
101000012,30,15,15
101000013,217,594,-377
101000014,228,622,-394
101000015,749,631,118
101000016,25,367,-342
101000017,81,196,-115
101000018,672,796,-124
101000020,806,214,592
101000021,82,336,-254
101000022,1,3,-2
101000023,163,398,-235
101000025,122,182,-60
101000026,108,3,105
101000027,1297,1873,-576
101000028,433,162,271
101000029,19,828,-809
101000030,187,41,146
101000031,82,819,-737
101000032,1557,2330,-773
101000033,279,1526,-1247
101000034,236,1268,-1032
101000035,77,184,-107
101000036,252,724,-472
101000037,363,1564,-1201
101000039,369,948,-579
101000040,448,1556,-1108
101000041,2252,4013,-1761
101000042,46,435,-389
101000043,1417,2349,-932
101000045,192,347,-155
101000046,877,1640,-763
101000047,968,2170,-1202
101000048,144,166,-22
101000049,46,329,-283
101000050,248,1252,-1004
101000051,170,1674,-1504
101000052,560,1634,-1074
101000053,140,540,-400
101000054,352,203,149
101000055,706,1663,-957
101000056,21,142,-121
101000057,202,503,-301
101000058,291,1540,-1249
101000059,1085,2665,-1580
101000060,101,144,-43
101000061,142,2369,-2227
101000062,76,233,-157
101000063,163,1326,-1163
101000064,134,544,-410
101000065,56,816,-760
101000066,122,893,-771
101000067,77,133,-56
101000068,182,431,-249
101000069,147,42,105
101000070,336,183,153
101000071,832,615,217
101000072,3034,1345,1689
101000073,1572,1123,449
101000074,3920,1927,1993
101000075,6716,1294,5422
101000077,2366,676,1690
101000078,1099,943,156
101000079,1321,619,702
101000080,599,81,518
101000081,900,897,3
101000082,1106,836,270
101000083,1478,1037,441
101000084,379,230,149
101000085,1532,1000,532
101000086,122,205,-83
101000087,112,172,-60
101000088,743,765,-22
101000089,412,788,-376
101000090,299,235,64
101000091,328,214,114
101000092,772,439,333
101000093,759,372,387
101000094,124,94,30
101000095,82,116,-34
101000096,352,317,35
101000097,53,209,-156
101000098,90,325,-235
101000099,408,777,-369
101000100,303,618,-315
101000101,239,326,-87
101000102,126,389,-263
101000103,395,299,96
101000104,77,407,-330
101000105,23,133,-110
101000106,5,76,-71
101000107,16,70,-54
101000108,133,67,66
101000109,96,10,86
101000110,36,76,-40
101000111,2,77,-75
101000113,58,312,-254
101000114,1218,1566,-348
101000115,0,0,0
101000116,0,0,0
101000117,0,0,0
101000119,1,74,-73
101000120,6,14,-8
101000121,1,10,-9
101000122,1,31,-30
101000123,1,24,-23
101000124,567,120,447
101000125,61,50,11
101000128,52,139,-87
101000130,699,129,570
101000131,465,350,115
101000132,49,150,-101
101000135,3,3,0
101000136,9,29,-20
101000137,17,375,-358
101000141,317,3131,-2814
101000147,261,58,203
101000148,150,0,150
101000149,0,0,0
101000150,31,122,-91
101000151,22,4,18
101000152,128,17,111
101000153,189,51,138
101000154,102,140,-38
101000155,5,0,5
101000156,0,1,-1
101000157,1,8,-7
101000160,0,0,0
101000163,43,297,-254
101000164,74,43,31
101000165,211,182,29
101000166,199,316,-117
101000168,3,0,3
101000252,1039,240,799
101000254,0,0,0
101000258,324,1,323
101000261,348,52,296
101000262,267,2320,-2053
101000263,77,1153,-1076
101000265,6,393,-387
101000266,74,65,9
101000269,0,0,0
101000290,74,1501,-1427
101000293,0,0,0
101000294,199,162,37
101000295,94,71,23
101000301,21,385,-364
101000304,684,1661,-977
101000305,1271,990,281
101900001,0,0,0
101900002,0,0,0
101900003,0,0,0
101900004,0,0,0
101900005,0,0,0
101900006,0,0,0
101900007,0,0,0
101900008,0,0,0
101900009,0,0,0
101900010,0,0,0
101900011,0,0,0
101900012,0,0,0
101900013,0,0,0
101900017,0,0,0
101900018,7,0,7
101900019,0,0,0
101900020,13,2,11
101900021,0,0,0
101900022,22,1,21
101900023,0,0,0
101900026,0,0,0
101900027,0,0,0
102000001,661,2873,-2212
102000002,993,340,653
102000003,617,2682,-2065
102000004,663,1711,-1048
102000005,304,1844,-1540
102000006,282,1397,-1115
102000007,312,2481,-2169
102000008,2150,1251,899
102000009,2795,3675,-880
102000010,1095,1402,-307
102000011,1698,3084,-1386
102000012,1506,1534,-28
102000018,476,496,-20
102000019,86,412,-326
102000026,6,108,-102
102000029,120,43,77
102000030,23,89,-66
102000031,1,54,-53
102000032,78,99,-21
102000033,128,163,-35
102000034,63,36,27
102000035,79,100,-21
102000036,7,125,-118
102000037,22,31,-9
102000038,25,21,4
102000039,16,21,-5
102000040,12,47,-35
102000041,4,130,-126
102000042,11,127,-116
102000043,4,18,-14
102000044,144,270,-126
102000045,120,392,-272
102000046,278,141,137
102000047,300,327,-27
102000048,103,179,-76
102000049,327,337,-10
102000050,231,384,-153
102000051,81,177,-96
102000052,504,366,138
102000053,492,378,114
102000054,148,175,-27
102000055,196,55,141
102000056,573,113,460
102000057,347,116,231
102000058,95,111,-16
102000059,136,118,18
102000060,700,657,43
102000061,204,196,8
102000062,679,537,142
102000063,105,293,-188
102000064,559,628,-69
102000065,16,66,-50
102000066,378,210,168
102000067,661,1812,-1151
102000068,1645,877,768
102000069,44,575,-531
102000070,635,9,626
102000071,3448,4443,-995
102000072,892,996,-104
102000073,92,116,-24
102000074,232,64,168
102000075,122,73,49
102000076,119,51,68
102000077,801,230,571
102000078,542,105,437
102000079,61,46,15
102000080,117,62,55
102000081,109,357,-248
102000082,93,210,-117
102000083,125,69,56
102000084,340,86,254
102000085,386,214,172
102000086,664,189,475
102000087,161,379,-218
102000088,110,71,39
102000089,534,122,412
102000090,215,523,-308
102000091,913,325,588
102000092,380,298,82
102000093,305,347,-42
102000094,512,133,379
102000095,186,310,-124
102000096,1793,228,1565
102000097,583,274,309
102000098,427,364,63
102000099,590,274,316
102000100,140,248,-108
102000101,174,247,-73
102000102,86,291,-205
102000103,99,380,-281
102000104,96,201,-105
102000105,110,97,13
102000106,204,71,133
102000107,586,34,552
102000108,216,61,155
102000109,208,71,137
102000110,706,167,539
102000111,1,40,-39
102000112,33,32,1
102000113,12,14,-2
102000114,115,158,-43
102000115,40,54,-14
102000116,41,287,-246
102000117,13,89,-76
102000118,341,873,-532
102000119,182,185,-3
102000120,71,339,-268
102000121,106,244,-138
102000122,109,538,-429
102000123,103,171,-68
102000124,124,420,-296
102000125,86,111,-25
102000126,132,257,-125
102000127,248,83,165
102000128,86,217,-131
102000129,200,136,64
102000130,134,496,-362
102000131,214,337,-123
102000132,53,659,-606
102000133,1523,440,1083
102000134,169,320,-151
102000135,77,224,-147
102000136,20,117,-97
102000137,31,30,1
102000138,65,23,42
102000139,40,64,-24
102000140,3,26,-23
102000141,12,32,-20
102000142,89,28,61
102000143,61,42,19
102000144,131,32,99
102000145,66,16,50
102000146,157,25,132
102000147,40,40,0
102000148,8,104,-96
102000149,81,55,26
102000150,243,32,211
102000151,32,79,-47
102000152,82,68,14
102000153,178,118,60
102000154,81,84,-3
102000155,46,96,-50
102000156,57,7,50
102000157,5,79,-74
102000158,4,126,-122
102000159,26,22,4
102000161,57,396,-339
102000162,1,37,-36
102000163,2,299,-297
102000164,157,565,-408
102000165,0,0,0
102000166,2,45,-43
102000167,0,0,0
102000168,34,44,-10
102000169,14,168,-154
102000170,0,0,0
102000171,0,0,0
102000172,8,65,-57
102000173,94,156,-62
102000174,6,4,2
102000175,96,10,86
102000176,8,1,7
102000178,50,21,29
102000179,155,82,73
102000180,292,62,230
102000181,324,152,172
102000182,258,112,146
102000183,752,253,499
102000184,264,84,180
102000185,1228,166,1062
102000186,397,122,275
102000187,142,126,16
102000188,496,438,58
102000189,647,69,578
102000190,569,763,-194
102000191,248,106,142
102000192,80,390,-310
102000193,32,12,20
102000194,9,23,-14
102000195,140,77,63
102000196,88,53,35
102000197,338,24,314
102000198,53,85,-32
102000199,457,24,433
102000200,81,162,-81
102000201,351,42,309
102000202,0,8,-8
102000203,73,12,61
102000204,111,135,-24
102000205,266,70,196
102000206,117,56,61
102000207,156,105,51
102000208,24,125,-101
102000209,16,22,-6
102000210,108,14,94
102000211,65,0,65
102000212,210,13,197
102000213,0,0,0
102000214,152,4,148
102000215,0,2,-2
102000216,59,50,9
102000217,0,12,-12
102000218,99,55,44
102000219,7,0,7
102000225,354,322,32
102000226,0,0,0
102000227,45,1,44
102000228,0,0,0
102000229,1,8,-7
102000230,98,160,-62
102000231,93,196,-103
102000232,1,157,-156
102000233,72,164,-92
102000234,35,1038,-1003
102000236,12,6,6
102000237,86,8,78
102000238,16,8,8
102000240,0,0,0
102000241,14,2,12
102000243,0,33,-33
102000245,0,0,0
102000246,0,60,-60
102000247,16,187,-171
102000248,93,407,-314
102000249,29,17,12
102000250,56,108,-52
102000254,85,74,11
102000266,5,19,-14
102000271,5,0,5
102000286,37,124,-87
102000297,242,123,119
102000299,0,0,0
102000301,0,0,0
102000303,0,0,0
102000305,0,0,0
102000307,0,0,0
102000308,0,0,0
102900001,141,32,109
102900002,58,2,56
102900003,0,0,0
102900005,122,5,117
102900006,71,3,68
102900007,133,1,132
102900008,17,0,17
102900009,32,2,30
102900010,110,2,108
102900011,0,0,0
102900012,0,0,0
102900013,0,0,0
102900015,0,0,0
102900016,0,0,0
102900017,0,0,0
102900018,0,0,0
102900019,0,0,0
102900020,0,0,0
102900021,0,0,0
102900022,0,0,0
102900023,0,0,0
102900024,0,0,0
102900025,0,0,0
102900026,1,140,-139
102900027,0,0,0
102900028,2,99,-97
102900029,0,0,0
102900030,12,56,-44
102900031,74,20,54
102900032,0,0,0
102900033,0,0,0
102900034,149,3,146
102900035,0,0,0
102900036,128,23,105
102900037,54,20,34
102900038,70,8,62
102900039,0,0,0
102900040,0,0,0
102900041,0,0,0
102900042,0,0,0
102900043,0,0,0
102900044,0,0,0
102900045,0,0,0
102900046,0,0,0
102900047,0,0,0
102900048,0,0,0
102900049,0,0,0
102900050,0,0,0
102900051,0,0,0
102900052,0,0,0
102900053,0,0,0
102900054,0,0,0
102900055,0,0,0
102900056,0,0,0
102900057,0,0,0
102900058,0,0,0
102900059,0,0,0
102900060,1,30,-29
102900061,4,21,-17
102900062,62,15,47
102900063,79,4,75
102900064,1,60,-59
102900065,99,2,97
102900066,5,0,5
102900068,0,0,0
102900070,0,0,0
102900072,0,0,0
102900073,0,0,0
102900075,0,0,0
102900076,0,0,0
102900077,0,0,0
102900078,0,0,0
102900079,94,0,94
102900080,49,3,46
102900081,0,0,0
102900082,0,0,0
102900083,0,0,0
102900084,0,0,0
102900085,0,0,0
102900086,0,0,0
102900087,0,0,0
102900088,0,0,0
102900089,0,0,0
102900090,0,0,0
102900091,0,0,0
102900092,0,0,0
102900093,0,0,0
102900094,0,0,0
102900095,11,0,11
102900096,0,0,0
102900097,0,0,0
103000001,2841,1712,1129
103000002,1509,1458,51
103000003,1363,1352,11
103000004,259,420,-161
103000005,1376,1434,-58
103000006,596,872,-276
103000007,380,346,34
103000008,181,92,89
103000009,519,716,-197
103000010,138,35,103
103000011,590,656,-66
103000012,853,1111,-258
103000013,482,587,-105
103000014,818,2328,-1510
103000015,167,33,134
103000016,270,603,-333
103000017,140,265,-125
103000018,158,191,-33
103000019,138,255,-117
103000020,353,532,-179
103000021,2213,1560,653
103000022,140,332,-192
103000023,463,1884,-1421
103000024,27,73,-46
103000025,27,439,-412
103000026,121,106,15
103000027,62,255,-193
103000028,283,240,43
103000029,77,92,-15
103000030,399,510,-111
103000031,488,1178,-690
103000032,704,523,181
103000033,2887,2565,322
103000034,567,461,106
103000035,192,663,-471
103000036,265,199,66
103000037,226,196,30
103000038,311,732,-421
103000039,152,109,43
103000040,130,380,-250
103000041,761,560,201
103000042,692,89,603
103000043,494,390,104
103000044,49,1,48
103000046,21,86,-65
103000047,161,163,-2
103000048,16,43,-27
103000049,12,66,-54
103000050,111,8,103
103000051,26,62,-36
103000052,86,5,81
103000053,3,36,-33
103000054,905,130,775
103000055,1186,606,580
103000056,489,394,95
103000057,567,211,356
103000058,398,167,231
103000059,398,286,112
103000060,369,160,209
103000061,322,401,-79
103000062,263,68,195
103000063,420,456,-36
103000064,16,32,-16
103000065,2,26,-24
103000066,42,6,36
103000069,108,70,38
103000070,133,107,26
103000071,292,146,146
103000072,35,53,-18
103000073,403,56,347
103000074,312,28,284
103000075,19,86,-67
103000076,86,296,-210
103000077,0,73,-73
103000078,313,399,-86
103000079,138,308,-170
103000080,407,163,244
103000081,72,612,-540
103000082,259,20,239
103000083,3,78,-75
103000084,34,3,31
103000085,0,15,-15
103000086,526,235,291
103000087,57,334,-277
103000088,192,149,43
103000089,152,328,-176
103000090,3519,2656,863
103000091,670,701,-31
103000092,568,190,378
103000093,91,127,-36
103000094,165,76,89
103000095,19,80,-61
103000096,251,14,237
103000097,25,79,-54
103000098,363,21,342
103000099,26,70,-44
103000100,45,105,-60
103000101,525,61,464
103000102,22,80,-58
103000103,464,34,430
103000104,38,29,9
103000105,136,8,128
103000106,11,30,-19
103000107,204,21,183
103000108,995,940,55
103000109,220,649,-429
103000110,741,662,79
103000111,91,182,-91
103000112,106,155,-49
103000113,57,487,-430
103000114,724,321,403
103000115,699,558,141
103000116,439,216,223
103000117,494,159,335
103000118,57,116,-59
103000119,68,57,11
103000120,1,9,-8
103000121,58,114,-56
103000122,772,1079,-307
103000125,9,27,-18
103000126,401,1,400
103000127,0,52,-52
103000128,50,2,48
103000129,0,44,-44
103000130,53,5,48
103000131,53,64,-11
103000132,18,23,-5
103000133,1,66,-65
103000134,95,206,-111
103000135,176,110,66
103000136,110,28,82
103000137,53,262,-209
103000138,213,312,-99
103000139,0,21,-21
103000140,25,17,8
103000141,0,38,-38
103000142,71,22,49
103000143,6,25,-19
103000144,39,32,7
103000145,3,48,-45
103000150,7,19,-12
103000152,74,152,-78
103000153,91,233,-142
103000156,1,91,-90
103000157,152,3,149
103000159,72,37,35
103000162,20,3,17
103000163,1,12,-11
103000164,2,1,1
103000165,76,116,-40
103000166,98,271,-173
103000167,102,74,28
103000168,88,52,36
103000169,96,212,-116
103000170,707,253,454
103000171,12,30,-18
103000172,482,141,341
103000173,7,8,-1
103000174,643,184,459
103000175,61,28,33
103000176,207,340,-133
103000177,24,15,9
103000178,37,12,25
103000179,41,5,36
103000183,146,6,140
103000185,91,10,81
103000186,193,84,109
103000187,11,1,10
103000188,14,19,-5
103000189,210,481,-271
103000191,239,167,72
103000292,33,272,-239
103000293,132,937,-805
103000295,40,33,7
103000296,19,0,19
103000297,5,6,-1
103000504,4,0,4
103000505,0,6,-6
103000506,0,23,-23
103000507,135,0,135
103000508,63,27,36
103000509,146,148,-2
103900001,0,0,0
103900002,0,0,0
103900003,52,5,47
103900004,6,0,6
103900005,0,0,0
103900006,0,0,0
103900007,0,0,0
103900008,1,0,1
103900009,68,1,67
103900010,23,0,23
103900011,0,0,0
103900012,0,5,-5
103900013,0,0,0
103900014,12,3,9
103900015,20,0,20
103900016,0,0,0
103900017,0,0,0
103900018,0,0,0
103900019,1,63,-62
103900020,0,0,0
103900021,14,0,14
103900022,102,1,101
103900023,41,0,41
103900024,0,11,-11
103900025,0,2,-2
103900026,0,0,0
103900027,42,1,41
103900028,5,27,-22
103900029,198,0,198
103900030,71,3,68
103900031,18,0,18
103900032,7,6,1
103900033,10,0,10
103900034,2,1,1
103900035,0,0,0
103900036,13,5,8
103900037,0,5,-5
103900038,1,40,-39
103900039,2,1,1
103900040,0,0,0
103900041,0,3,-3
103900042,0,0,0
103900043,0,0,0
103900044,3,81,-78
103900045,3,7,-4
103900047,0,0,0
103900048,0,0,0
103900049,0,0,0
103900050,0,0,0
103900051,0,0,0
103900052,0,0,0
103900053,0,0,0
103900054,0,0,0
103900055,0,0,0
103900056,0,0,0
103900057,36,1,35
103900058,0,0,0
103900059,0,0,0
103900060,43,2,41
103900061,44,0,44
103900062,0,0,0
103900063,0,0,0
103900064,6,0,6
103900065,11,6,5
103900066,20,3,17
103900067,12,2,10
103900068,0,0,0
103900069,1,0,1
103900070,3,2,1
103900071,2,1,1
103900072,1,0,1
103900073,1,11,-10
103900074,6,0,6
103900075,14,0,14
103900076,0,0,0
103900077,2,34,-32
103900078,2,3,-1
103900079,0,0,0
103900080,0,0,0
103900081,0,0,0
103900082,0,0,0
103900083,72,250,-178
103900084,0,0,0
103900085,0,0,0
103900086,23,20,3
103900087,8,1,7
103900088,5,19,-14
103900089,1,1,0
103900090,0,0,0
103900091,0,0,0
103900092,0,0,0
103900093,46,0,46
103900094,0,0,0
103900095,0,0,0
103900096,76,0,76
103900097,0,0,0
103900098,0,0,0
103900099,25,0,25
103900100,0,0,0
103900101,0,0,0
103900102,0,0,0
103900104,0,0,0
103900105,0,0,0
103900106,0,0,0
103900107,44,1,43
103900108,4,11,-7
103900109,18,0,18
103900110,0,0,0
103900111,0,0,0
103900112,0,0,0
103900113,0,0,0
103900114,0,0,0
103900115,0,0,0
103900116,0,36,-36
103900117,5,0,5
103900119,0,48,-48
103900120,8,0,8
103900122,0,0,0
103900123,0,0,0
103900124,0,0,0
103900125,0,0,0
103900126,42,7,35
103900127,1,3,-2
103900128,0,0,0
103900131,0,0,0
103900133,44,0,44
103900134,0,0,0
103900135,0,0,0
103900137,0,0,0
103900138,0,0,0
103900139,10,68,-58
103900140,0,0,0
103900141,1,0,1
103900142,23,0,23
103900143,2,0,2
103900144,0,0,0
103900145,5,12,-7
103900146,57,3,54
103900147,0,0,0
103900148,0,0,0
103900149,23,0,23
103900150,149,27,122
103900151,0,0,0
103900152,193,3,190
103900153,0,0,0
103900154,0,3,-3
103900155,0,0,0
103900156,0,0,0
103900157,0,0,0
103900158,0,0,0
103900159,0,0,0
103900160,0,0,0
103900161,3,1,2
103900162,0,0,0
103900163,0,0,0
103900167,0,15,-15
103900168,10,0,10
103900169,1,25,-24
103900170,0,0,0
103900171,0,0,0
103900172,0,0,0
103900173,0,4,-4
103900174,32,2,30
103900175,0,18,-18
103900176,0,0,0
103900177,0,0,0
103900178,0,0,0
103900179,0,0,0
103900180,0,0,0
103900181,0,0,0
103900182,0,0,0
103900184,0,0,0
103900185,0,0,0
103900187,0,2,-2
103900188,6,0,6
103900189,12,0,12
103900190,2,0,2
103900191,0,0,0
103900192,0,0,0
103900193,0,0,0
103900194,0,0,0
103900195,0,0,0
103900196,0,0,0
103900197,0,0,0
103900198,0,0,0
103900199,0,0,0
103900200,0,0,0
103900201,0,0,0
103900202,0,0,0
103900203,1,0,1
103900204,0,0,0
103900207,0,0,0
103900208,10,0,10
103900209,0,0,0
103900210,0,0,0
103900211,78,0,78
103900212,0,0,0
103900213,0,0,0
103900214,153,185,-32
103900215,0,0,0
103900216,0,0,0
103900217,40,1,39
103900218,0,0,0
103900219,1,0,1
103900233,0,0,0
103900235,0,0,0
103900236,0,0,0
103900242,0,0,0
103900243,0,0,0
103900244,13,0,13
103900245,0,0,0
103900246,0,0,0
103900247,0,0,0
103900248,0,0,0
103900249,0,0,0
103900250,0,0,0
103900251,0,0,0
103900253,0,0,0
103900254,0,0,0
103900255,0,0,0
103900256,0,0,0
103900257,0,0,0
103900258,0,0,0
103900259,0,0,0
103900261,0,0,0
103900262,0,0,0
103900263,0,0,0
103900264,0,0,0
103900265,0,0,0
103900266,0,0,0
103900267,0,0,0
103900268,0,0,0
103900269,4,0,4
103900270,0,0,0
103900271,2,0,2
103900272,0,0,0
103900273,0,0,0
103900274,0,0,0
103900275,0,0,0
103900276,0,0,0
103900277,0,0,0
104000001,1146,797,349
104000002,1314,1879,-565
104000003,1135,1220,-85
104000004,1692,1779,-87
104000005,1075,1484,-409
104000006,1387,1166,221
104000007,2663,1623,1040
104000008,81,46,35
104000009,365,225,140
104000010,107,257,-150
104000011,21,18,3
104000012,7,36,-29
104000013,105,224,-119
104000014,80,28,52
104000015,280,57,223
104000016,28,22,6
104000018,575,108,467
104000019,694,225,469
104000020,59,314,-255
104000021,208,269,-61
104000022,63,196,-133
104000023,636,90,546
104000024,34,22,12
104000026,21,7,14
104000027,21,11,10
104000028,504,198,306
104000029,20,20,0
104000030,607,358,249
104000031,914,61,853
104000032,68,45,23
104000033,642,101,541
104000034,75,17,58
104000035,901,96,805
104000036,748,314,434
104000037,15,15,0
104000038,469,151,318
104000039,246,243,3
104000040,78,273,-195
104000041,259,136,123
104000042,211,190,21
104000043,34,163,-129
104000044,84,117,-33
104000045,359,109,250
104000046,321,255,66
104000047,168,560,-392
104000048,538,1122,-584
104000049,300,128,172
104000050,64,277,-213
104000051,17,45,-28
104000052,600,705,-105
104000053,446,92,354
104000054,235,26,209
104000055,1290,329,961
104000056,237,8,229
104000057,0,0,0
104000058,584,370,214
104000059,342,548,-206
104000060,377,339,38
104000061,405,197,208
104000062,123,21,102
104000064,239,48,191
104000065,8,90,-82
104000069,427,760,-333
104000070,31,176,-145
104000071,0,0,0
104000072,91,21,70
104000075,0,0,0
104000076,0,0,0
104000082,628,1099,-471
104000083,429,127,302
104000084,52,230,-178
104000085,185,53,132
104000086,134,105,29
104000087,47,109,-62
104000090,67,86,-19
104000092,56,135,-79
104000094,157,59,98
104000095,492,639,-147
104000096,1039,13,1026
104000097,1109,80,1029
104000098,1649,90,1559
104000100,1458,132,1326
104000101,722,593,129
104000106,45,131,-86
104000107,587,108,479
104000108,78,43,35
104000109,88,29,59
104000110,179,288,-109
104000111,287,543,-256
104000112,97,63,34
104000116,0,87,-87
104000117,105,109,-4
104000118,303,72,231
104000119,83,66,17
104000120,63,94,-31
104000121,63,201,-138
104000122,401,246,155
104000123,272,309,-37
104000124,365,702,-337
104000125,295,431,-136
104000126,287,324,-37
104000127,549,760,-211
104000128,518,111,407
104000129,108,2,106
104000130,1,130,-129
104000131,4,2,2
104000132,3,3,0
104000133,334,269,65
104000134,400,908,-508
104000135,157,1057,-900
104000136,505,1612,-1107
104000137,916,332,584
104000138,132,163,-31
104000139,1290,1678,-388
104000141,371,404,-33
104000142,189,91,98
104000143,132,37,95
104000144,57,102,-45
104000145,230,71,159
104000146,22,101,-79
104000147,16,70,-54
104000148,192,121,71
104000149,32,48,-16
104000150,517,141,376
104000151,84,41,43
104000152,182,59,123
104000153,446,354,92
104000154,190,339,-149
104000155,381,562,-181
104000157,516,412,104
104000158,56,219,-163
104000159,256,204,52
104000160,1056,1600,-544
104000161,25,88,-63
104000162,51,36,15
104000165,364,212,152
104000167,373,766,-393
104000168,399,0,399
104000169,104,12,92
104000170,15,3,12
104000248,0,84,-84
104000251,0,0,0
104000272,0,0,0
104000273,0,0,0
104000274,0,0,0
104000275,0,0,0
104000279,253,663,-410
104000290,3,131,-128
104000291,414,505,-91
104000293,437,341,96
104000294,0,0,0
104000295,308,931,-623
104000296,94,217,-123
104000297,251,1448,-1197
104000298,523,310,213
104000299,459,872,-413
104900001,0,0,0
104900002,0,0,0
104900003,0,0,0
104900004,0,0,0
104900005,0,0,0
104900006,0,0,0
104900007,0,0,0
104900009,0,0,0
104900010,0,0,0
104900011,0,0,0
104900012,0,0,0
104900013,0,0,0
104900014,0,0,0
104900015,0,0,0
104900016,0,0,0
104900017,2,0,2
104900018,0,0,0
104900019,0,0,0
104900020,0,0,0
104900021,0,0,0
104900022,3,0,3
104900023,0,0,0
104900024,1,10,-9
104900025,0,0,0
104900026,0,0,0
104900027,0,0,0
104900028,4,4,0
104900029,0,0,0
104900030,0,0,0
104900031,0,1,-1
104900032,0,0,0
104900033,0,0,0
104900034,0,0,0
104900035,0,0,0
104900036,0,0,0
104900037,0,0,0
104900038,0,0,0
104900039,0,0,0
104900040,0,0,0
104900041,0,0,0
104900042,0,0,0
104900043,0,0,0
104900044,32,1,31
104900045,0,0,0
104900046,0,0,0
104900047,103,12,91
104900048,80,3,77
104900049,0,0,0
104900050,0,0,0
104900051,24,1,23
104900052,0,0,0
104900053,82,0,82
104900054,4,0,4
104900055,0,0,0
104900056,21,0,21
104900057,1,0,1
104900058,31,0,31
104900059,59,15,44
104900060,0,0,0
104900061,0,0,0
104900063,0,0,0
104900064,0,0,0
104900065,0,0,0
104900066,0,0,0
104900067,0,0,0
104900068,0,0,0
104900070,0,0,0
104900071,0,0,0
104900072,0,0,0
104900073,0,0,0
104900074,0,0,0
104900075,0,0,0
104900076,0,0,0
104900077,0,0,0
104900078,0,0,0
104900079,0,0,0
104900080,0,0,0
104900082,0,0,0
104900085,0,0,0
104900087,61,0,61
104900089,0,0,0
104900090,0,0,0
104900091,0,0,0
104900093,0,0,0
104900097,0,0,0
104900098,0,0,0
104900099,0,0,0
104900100,0,0,0
104900102,0,0,0
104900103,0,0,0
104900104,0,0,0
104900106,0,0,0
104900107,0,0,0
104900108,0,0,0
104900109,0,0,0
104900110,0,0,0
104900111,0,0,0
104900112,0,0,0
104900113,0,0,0
104900114,0,0,0
104900115,0,0,0
104900116,0,0,0
104900118,0,0,0
104900119,0,0,0
104900120,0,0,0
104900121,0,0,0
104900122,0,0,0
104900123,0,0,0
104900124,0,0,0
104900125,57,0,57
104900126,0,0,0
104900127,0,0,0
104900128,9,0,9
104900129,0,0,0
105000001,1029,601,428
105000002,654,844,-190
105000003,842,1275,-433
105000004,278,720,-442
105000005,428,677,-249
105000006,532,1292,-760
105000007,408,1017,-609
105000008,614,1764,-1150
105000009,2285,1763,522
105000010,1186,616,570
105000011,1838,2068,-230
105000012,485,777,-292
105000013,569,652,-83
105000014,2234,1612,622
105000015,4234,6919,-2685
105000016,1270,943,327
105000017,1184,609,575
105000018,1758,842,916
105000019,1088,1031,57
105000020,193,198,-5
105000021,50,31,19
105000022,30,35,-5
105000023,175,208,-33
105000028,0,138,-138
105000029,137,393,-256
105000030,1698,1273,425
105000033,409,661,-252
105000034,11,468,-457
105000037,235,15,220
105000038,608,610,-2
105000039,229,593,-364
105000040,376,883,-507
105000041,56,313,-257
105000042,1201,902,299
105000043,303,281,22
105000044,260,155,105
105000045,58,144,-86
105000046,468,73,395
105000047,147,155,-8
105000048,621,164,457
105000049,138,84,54
105000050,529,253,276
105000051,68,95,-27
105000052,309,273,36
105000053,178,17,161
105000054,197,247,-50
105000055,368,38,330
105000056,653,363,290
105000057,1360,188,1172
105000058,453,443,10
105000059,555,199,356
105000060,328,108,220
105000061,554,158,396
105000062,316,139,177
105000063,70,34,36
105000064,912,187,725
105000065,22,58,-36
105000066,276,100,176
105000067,707,377,330
105000068,46,155,-109
105000069,538,568,-30
105000070,343,619,-276
105000071,251,1113,-862
105000072,721,1394,-673
105000073,572,378,194
105000074,23,140,-117
105000075,172,224,-52
105000076,505,257,248
105000077,1010,299,711
105000078,394,625,-231
105000079,137,320,-183
105000080,1366,1432,-66
105000081,292,106,186
105000082,358,894,-536
105000083,1533,1685,-152
105000084,80,137,-57
105000085,2229,1497,732
105000086,116,144,-28
105000087,91,231,-140
105000088,1271,950,321
105000089,722,890,-168
105000090,169,244,-75
105000091,240,150,90
105000092,185,159,26
105000093,123,117,6
105000094,349,94,255
105000095,32,127,-95
105000096,471,669,-198
105000097,186,58,128
105000098,448,484,-36
105000099,141,84,57
105000100,446,318,128
105000101,1451,610,841
105000102,704,335,369
105000103,652,491,161
105000104,835,203,632
105000105,613,360,253
105000106,683,287,396
105000107,641,150,491
105000108,628,193,435
105000109,748,348,400
105000110,456,122,334
105000111,607,137,470
105000112,490,214,276
105000113,296,473,-177
105000114,869,1023,-154
105000115,231,834,-603
105000116,621,315,306
105000117,187,136,51
105000118,187,141,46
105000119,114,86,28
105000120,807,278,529
105000121,256,120,136
105000122,174,257,-83
105000123,277,215,62
105000124,1006,255,751
105000125,368,259,109
105000126,778,295,483
105000127,1154,320,834
105000128,154,178,-24
105000129,340,76,264
105000130,65,1942,-1877
105000131,79,41,38
105000132,668,483,185
105000133,92,138,-46
105000134,421,201,220
105000135,73,39,34
105000136,0,0,0
105000137,285,15,270
105000138,0,0,0
105000139,152,195,-43
105000140,540,72,468
105000141,145,81,64
105000142,355,145,210
105000143,95,151,-56
105000144,88,90,-2
105000145,421,116,305
105000146,0,0,0
105000147,527,82,445
105000148,307,167,140
105000149,917,634,283
105000150,61,37,24
105000151,266,50,216
105000152,87,100,-13
105000153,312,63,249
105000154,149,71,78
105000155,112,144,-32
105000156,88,78,10
105000157,352,177,175
105000158,787,133,654
105000159,136,87,49
105000160,1057,179,878
105000161,225,134,91
105000162,262,804,-542
105000163,297,215,82
105000164,53,65,-12
105000165,54,2276,-2222
105000166,234,355,-121
105000167,393,1223,-830
105000168,149,151,-2
105000169,247,20,227
105000170,40,567,-527
105000171,462,39,423
105000172,63,2,61
105000173,148,30,118
105000174,9,27,-18
105000175,0,0,0
105000176,176,19,157
105000177,175,68,107
105000178,48,51,-3
105000179,317,6,311
105000180,0,0,0
105000181,22,19,3
105000182,0,0,0
105000183,478,1685,-1207
105000184,0,0,0
105000185,152,456,-304
105000186,5,9,-4
105000187,259,303,-44
105000188,34,143,-109
105000189,0,6,-6
105000190,102,104,-2
105000191,1,19,-18
105000192,237,28,209
105000193,29,4,25
105000194,198,21,177
105000195,60,107,-47
105000196,58,91,-33
105000197,6,144,-138
105000198,11,34,-23
105000199,18,160,-142
105000200,96,194,-98
105000201,23,4,19
105000203,1,202,-201
105000204,24,37,-13
105000205,42,188,-146
105000207,0,0,0
105000208,59,151,-92
105000209,0,0,0
105000212,383,116,267
105000213,61,16,45
105000214,62,29,33
105000215,93,36,57
105000216,6,3,3
105000217,0,0,0
105000218,953,270,683
105000221,132,16,116
105000222,62,48,14
105000223,46,28,18
105000226,28,31,-3
105000227,22,43,-21
105000228,24,535,-511
105000229,149,362,-213
105000231,258,33,225
105000233,409,444,-35
105000234,281,469,-188
105000235,222,257,-35
105000237,357,28,329
105000243,91,50,41
105000248,16,44,-28
105000262,214,38,176
105000269,36,30,6
105000270,274,1,273
105000271,0,12,-12
105000282,7,7,0
105000287,102,11,91
105000288,412,153,259
105000289,620,841,-221
105000290,4,71,-67
105000402,370,1208,-838
105000426,31,334,-303
105000438,573,597,-24
105000446,2306,4013,-1707
105000447,2528,541,1987
105000454,0,0,0
105000455,85,42,43
105000474,82,0,82
105000477,161,214,-53
105000478,1006,2677,-1671
105000479,44,66,-22
105000480,2763,3437,-674
105000481,1592,1092,500
105000482,1009,1659,-650
105000483,512,1097,-585
105000484,652,1665,-1013
105000485,1439,1748,-309
105000486,750,2451,-1701
105000488,894,2032,-1138
105000489,692,234,458
105000549,22,23,-1
105000550,0,0,0
105000551,5,30,-25
105000552,610,368,242
105900001,0,21,-21
105900002,156,36,120
105900003,0,0,0
105900004,0,0,0
105900005,0,0,0
105900006,2,3,-1
105900007,0,0,0
105900008,0,0,0
105900009,0,0,0
105900011,1,2,-1
105900012,16,3,13
105900013,0,0,0
105900014,1,0,1
105900015,0,0,0
105900016,32,28,4
105900017,0,0,0
105900018,0,0,0
105900019,0,2,-2
105900020,0,0,0
105900021,0,1,-1
105900022,0,0,0
105900023,0,6,-6
105900024,0,11,-11
105900025,17,0,17
105900026,0,0,0
105900027,500,50,450
105900028,5,0,5
105900029,288,39,249
105900030,45,44,1
105900031,0,0,0
105900032,0,0,0
105900033,0,0,0
105900034,0,0,0
105900035,0,0,0
105900036,0,0,0
105900037,0,0,0
105900038,0,0,0
105900039,0,0,0
105900040,0,0,0
105900041,0,0,0
105900042,0,0,0
105900043,29,1,28
105900044,0,0,0
105900045,0,0,0
105900046,0,0,0
105900047,0,0,0
105900048,29,7,22
105900050,34,162,-128
105900051,12,40,-28
105900052,31,1,30
105900053,0,0,0
105900054,0,0,0
105900056,24,28,-4
105900057,24,18,6
105900058,0,0,0
105900059,0,0,0
106000001,1113,801,312
106000002,98,728,-630
106000003,1538,2165,-627
106000004,582,2083,-1501
106000005,2580,2872,-292
106000006,1241,1375,-134
106000007,552,177,375
106000008,37,77,-40
106000009,431,180,251
106000010,54,96,-42
106000011,1068,473,595
106000012,213,306,-93
106000013,1516,870,646
106000014,316,290,26
106000015,1759,773,986
106000016,249,418,-169
106000017,812,233,579
106000018,60,136,-76
106000019,413,249,164
106000020,17,40,-23
106000021,502,248,254
106000022,74,37,37
106000023,924,154,770
106000024,68,62,6
106000025,280,308,-28
106000026,8,33,-25
106000027,1524,737,787
106000028,4,42,-38
106000029,15,43,-28
106000030,0,0,0
106000034,0,0,0
106000035,523,687,-164
106000036,0,0,0
106000037,163,45,118
106000038,16,23,-7
106000039,3,33,-30
106000040,0,70,-70
106000041,353,142,211
106000043,202,42,160
106000046,55,9,46
106000047,0,0,0
106000049,513,18,495
106000050,49,105,-56
106000051,637,266,371
106000052,0,0,0
106000053,305,55,250
106000054,0,0,0
106000055,366,27,339
106000056,0,0,0
106000057,242,48,194
106000058,0,0,0
106000059,334,70,264
106000060,0,0,0
106000061,112,480,-368
106000062,0,0,0
106000063,683,661,22
106000064,0,0,0
106000065,448,98,350
106000066,30,28,2
106000067,400,83,317
106000068,40,17,23
106000069,144,14,130
106000070,42,6,36
106000071,618,119,499
106000072,551,787,-236
106000073,565,1554,-989
106000074,369,526,-157
106000075,191,289,-98
106000076,624,243,381
106000077,1003,438,565
106000078,644,145,499
106000079,635,168,467
106000080,603,102,501
106000081,529,191,338
106000082,758,72,686
106000083,231,335,-104
106000084,928,195,733
106000085,481,360,121
106000086,311,165,146
106000087,368,150,218
106000088,266,187,79
106000089,727,59,668
106000090,275,287,-12
106000091,72,106,-34
106000092,216,127,89
106000093,374,53,321
106000094,0,0,0
106000095,566,153,413
106000096,809,91,718
106000097,520,113,407
106000098,754,101,653
106000099,93,109,-16
106000100,824,44,780
106000101,669,20,649
106000102,21,72,-51
106000103,81,174,-93
106000104,455,90,365
106000105,80,157,-77
106000106,435,139,296
106000107,50,127,-77
106000108,214,123,91
106000109,37,49,-12
106000110,172,55,117
106000111,47,64,-17
106000112,159,216,-57
106000113,76,294,-218
106000114,217,194,23
106000115,81,298,-217
106000116,228,149,79
106000117,42,110,-68
106000118,545,407,138
106000119,29,181,-152
106000120,447,610,-163
106000121,131,70,61
106000122,103,76,27
106000123,323,47,276
106000124,151,28,123
106000125,60,96,-36
106000126,349,34,315
106000127,350,150,200
106000128,457,76,381
106000129,257,161,96
106000130,746,124,622
106000131,9,273,-264
106000132,421,64,357
106000133,128,525,-397
106000134,199,1298,-1099
106000135,4,143,-139
106000136,473,593,-120
106000137,0,151,-151
106000138,1070,37,1033
106000139,122,66,56
106000140,0,0,0
106000141,0,0,0
106000142,109,17,92
106000143,0,0,0
106000144,63,64,-1
106000145,0,0,0
106000146,355,78,277
106000147,195,113,82
106000148,246,337,-91
106000149,501,134,367
106000150,299,680,-381
106000151,674,243,431
106000152,632,871,-239
106000153,15,457,-442
106000154,368,107,261
106000155,58,84,-26
106000156,803,46,757
106000157,85,438,-353
106000158,557,427,130
106000159,266,620,-354
106000160,171,994,-823
106000161,185,42,143
106000162,279,440,-161
106000163,79,44,35
106000164,337,62,275
106000165,49,86,-37
106000166,453,45,408
106000167,241,212,29
106000168,330,53,277
106000169,178,120,58
106000170,358,27,331
106000171,161,432,-271
106000172,883,147,736
106000173,496,617,-121
106000174,692,18,674
106000175,88,10,78
106000176,985,238,747
106000177,147,122,25
106000178,1119,187,932
106000179,82,77,5
106000180,366,246,120
106000181,455,465,-10
106000182,1192,88,1104
106000183,783,68,715
106000184,520,134,386
106000185,352,298,54
106000186,70,1,69
106000187,16,293,-277
106000188,0,0,0
106000189,0,41,-41
106000190,1,6,-5
106000191,231,13,218
106000192,0,0,0
106000193,20,77,-57
106000194,8,71,-63
106000195,4,39,-35
106000196,17,200,-183
106000197,194,74,120
106000198,45,16,29
106000199,217,206,11
106000200,20,139,-119
106000201,72,1238,-1166
106000202,242,159,83
106000203,0,0,0
106000204,12,2,10
106000205,0,0,0
106000206,29,2,27
106000207,0,4,-4
106000208,698,28,670
106000209,1045,145,900
106000210,33,15,18
106000211,12,29,-17
106000212,853,98,755
106000213,8,115,-107
106000214,651,94,557
106000215,73,141,-68
106000216,446,64,382
106000217,32,166,-134
106000218,217,42,175
106000219,26,105,-79
106000220,483,59,424
106000221,66,74,-8
106000222,51,23,28
106000223,144,88,56
106000224,46,86,-40
106000225,27,169,-142
106000226,18,131,-113
106000228,0,0,0
106000229,0,0,0
106000231,455,8,447
106000232,0,0,0
106000233,142,6,136
106000234,0,0,0
106000235,44,38,6
106000236,0,0,0
106000237,0,0,0
106000238,0,23,-23
106000239,0,0,0
106000240,0,1,-1
106000241,0,150,-150
106000242,75,8,67
106000249,73,13,60
106000250,5,142,-137
106000251,38,12,26
106000252,0,0,0
106000253,37,0,37
106000254,0,0,0
106000255,35,1,34
106000256,0,0,0
106000257,17,55,-38
106000258,2,2,0
106000259,0,0,0
106000260,0,0,0
106000261,0,0,0
106000262,8,1,7
106000263,0,0,0
106000264,78,1,77
106000265,0,0,0
106000266,94,1,93
106000267,0,0,0
106000268,109,1,108
106000269,0,0,0
106000270,25,24,1
106000271,6,34,-28
106000272,0,0,0
106000273,1,16,-15
106000274,0,0,0
106000275,15,22,-7
106000276,0,0,0
106000277,13,9,4
106000278,0,0,0
106000279,0,0,0
106000280,0,0,0
106000281,0,0,0
106000282,0,0,0
106000283,0,0,0
106000284,0,0,0
106000285,0,0,0
106000286,0,0,0
106000287,0,0,0
106000288,0,0,0
106000289,0,0,0
106000290,0,0,0
106000291,0,0,0
106000292,0,0,0
106000293,0,0,0
106000294,0,0,0
106000295,0,0,0
106000296,0,0,0
106000297,0,0,0
106000298,0,0,0
106000299,0,0,0
106000300,0,0,0
106000301,0,0,0
106000303,4,0,4
106000304,0,0,0
106000305,26,0,26
106000306,0,0,0
106000307,66,0,66
106000308,0,0,0
106000309,0,0,0
106000310,168,81,87
106000311,106,8,98
106000312,44,59,-15
106000313,26,12,14
106000318,0,0,0
106000319,411,88,323
106000320,1,79,-78
106000321,8,200,-192
106000322,114,48,66
106000324,2,45,-43
106000325,1558,435,1123
106000326,179,345,-166
106000327,227,5,222
106000328,0,10,-10
106000329,3,18,-15
106000330,6,42,-36
106000428,56,174,-118
106000429,7,154,-147
106000430,63,340,-277
106000431,1072,165,907
106000432,49,519,-470
106000433,1687,681,1006
106000434,2305,925,1380
106000435,85,567,-482
106000436,2,48,-46
106000437,152,42,110
106000438,80,216,-136
106000439,0,61,-61
106000440,53,176,-123
106000441,4,1,3
106000442,17,6,11
106000443,212,299,-87
106000450,0,0,0
106000451,12,67,-55
106000454,0,0,0
106000455,0,8,-8
106000456,44,4,40
106000457,0,0,0
106000458,513,45,468
106000459,0,0,0
106000460,687,17,670
106000461,0,0,0
106000462,0,0,0
106000463,0,18,-18
106000464,0,0,0
106000465,458,0,458
106000466,0,0,0
106000467,0,69,-69
106000468,15,97,-82
106000469,124,4,120
106000470,5,30,-25
106000471,0,0,0
106000472,69,22,47
106000473,0,0,0
106000474,87,71,16
106000475,197,119,78
106000476,105,252,-147
106000477,0,0,0
106900001,0,0,0
106900002,0,0,0
106900003,0,0,0
106900004,0,0,0
106900006,0,0,0
106900007,0,0,0
106900008,0,0,0
106900009,0,0,0
106900010,0,0,0
106900012,0,0,0
106900013,0,0,0
106900014,0,0,0
106900015,0,0,0
106900016,0,0,0
106900017,0,0,0
106900018,1,0,1
106900019,22,0,22
106900020,0,0,0
106900021,6,0,6
106900022,0,0,0
106900023,0,0,0
106900024,0,0,0
106900025,0,0,0
106900026,0,0,0
106900027,283,8,275
107000001,1744,2429,-685
107000002,635,736,-101
107000003,4796,4750,46
107000004,1258,853,405
107000005,4166,3485,681
107000006,1324,747,577
107000007,3294,3602,-308
107000008,1498,1266,232
107000009,7035,6659,376
107000010,2148,1343,805
107000011,112,116,-4
107000012,782,256,526
107000013,0,0,0
107000014,0,0,0
107000015,0,0,0
107000016,0,0,0
107000017,356,160,196
107000018,2,111,-109
107000020,253,399,-146
107000021,210,93,117
107000022,296,669,-373
107000023,699,89,610
107000024,245,939,-694
107000025,89,109,-20
107000026,117,188,-71
107000027,642,193,449
107000028,426,238,188
107000029,1732,1116,616
107000030,712,675,37
107000031,1933,954,979
107000032,175,333,-158
107000033,966,1237,-271
107000034,578,206,372
107000035,125,138,-13
107000036,162,438,-276
107000037,57,512,-455
107000038,149,92,57
107000039,396,644,-248
107000040,102,46,56
107000041,452,300,152
107000042,136,901,-765
107000043,334,316,18
107000044,112,242,-130
107000045,52,225,-173
107000046,419,194,225
107000047,162,366,-204
107000048,389,166,223
107000049,182,383,-201
107000050,395,349,46
107000051,308,453,-145
107000052,438,478,-40
107000053,301,166,135
107000054,12,251,-239
107000055,125,93,32
107000056,516,719,-203
107000057,534,212,322
107000058,1660,2060,-400
107000059,213,386,-173
107000060,3881,3564,317
107000061,1123,742,381
107000062,3481,1545,1936
107000063,689,626,63
107000064,2704,1881,823
107000065,517,957,-440
107000066,1325,1814,-489
107000067,507,318,189
107000068,452,526,-74
107000069,402,680,-278
107000070,386,10,376
107000071,1705,8,1697
107000072,0,183,-183
107000073,357,81,276
107000074,68,103,-35
107000075,1446,93,1353
107000076,20,101,-81
107000077,1639,174,1465
107000078,24,160,-136
107000079,1540,286,1254
107000080,79,222,-143
107000081,1518,301,1217
107000082,261,263,-2
107000083,769,369,400
107000084,177,418,-241
107000085,1333,1204,129
107000086,519,907,-388
107000087,1096,920,176
107000088,546,775,-229
107000089,752,730,22
107000090,243,251,-8
107000091,819,302,517
107000092,156,247,-91
107000093,500,656,-156
107000094,166,266,-100
107000095,949,468,481
107000096,83,163,-80
107000097,399,191,208
107000098,82,283,-201
107000099,246,318,-72
107000100,76,164,-88
107000101,128,242,-114
107000102,219,243,-24
107000103,288,107,181
107000104,89,109,-20
107000105,388,102,286
107000106,58,87,-29
107000107,542,120,422
107000108,77,123,-46
107000109,386,64,322
107000110,0,0,0
107000111,305,28,277
107000112,0,0,0
107000113,597,49,548
107000114,0,0,0
107000115,595,104,491
107000116,0,0,0
107000117,66,417,-351
107000118,0,0,0
107000119,387,826,-439
107000120,0,0,0
107000121,595,235,360
107000122,246,187,59
107000123,440,246,194
107000124,119,162,-43
107000125,736,163,573
107000126,321,127,194
107000129,76,49,27
107000130,359,310,49
107000131,95,188,-93
107000132,229,127,102
107000133,117,16,101
107000134,199,0,199
107000135,3,88,-85
107000136,364,0,364
107000137,0,127,-127
107000138,14,1,13
107000139,0,108,-108
107000140,430,2,428
107000141,16,104,-88
107000142,86,7,79
107000143,5,126,-121
107000144,196,192,4
107000145,16,136,-120
107000146,55,57,-2
107000147,248,241,7
107000150,312,1342,-1030
107000151,13,4,9
107000152,116,650,-534
107000153,30,26,4
107000154,0,78,-78
107000155,499,12,487
107000156,580,1,579
107000157,5,187,-182
107000158,291,7,284
107000159,2,133,-131
107000160,837,50,787
107000161,19,131,-112
107000162,129,273,-144
107000163,133,36,97
107000164,387,1,386
107000165,776,9,767
107000166,0,43,-43
107000167,288,42,246
107000168,630,109,521
107000169,71,227,-156
107000170,1337,375,962
107000171,144,271,-127
107000172,623,580,43
107000173,184,93,91
107000174,323,1635,-1312
107000175,950,220,730
107000176,1,0,1
107000177,2,0,2
107000178,1,0,1
107000179,122,232,-110
107000180,1152,98,1054
107000181,147,96,51
107000182,1481,94,1387
107000183,40,86,-46
107000184,617,77,540
107000185,136,100,36
107000186,480,85,395
107000187,488,513,-25
107000188,56,61,-5
107000189,344,238,106
107000190,193,95,98
107000191,416,396,20
107000192,297,68,229
107000193,136,288,-152
107000194,180,97,83
107000197,580,60,520
107000198,113,238,-125
107000199,320,100,220
107000200,133,243,-110
107000201,158,115,43
107000202,109,276,-167
107000203,102,442,-340
107000204,145,1211,-1066
107000205,279,128,151
107000206,112,822,-710
107000207,109,217,-108
107000208,120,120,0
107000209,134,257,-123
107000210,38,77,-39
107000211,2,21,-19
107000212,0,41,-41
107000213,0,13,-13
107000214,0,19,-19
107000215,132,61,71
107000216,100,111,-11
107000217,23,15,8
107000219,24,66,-42
107000220,27,18,9
107000222,25,87,-62
107000224,197,9,188
107000225,49,126,-77
107000226,256,15,241
107000227,4,47,-43
107000228,6,107,-101
107000229,47,38,9
107000230,75,156,-81
107000231,390,394,-4
107000232,23,2,21
107000233,13,202,-189
107000234,1,109,-108
107000235,79,9,70
107000236,0,0,0
107000237,43,0,43
107000238,45,0,45
107000239,453,189,264
107000240,17,27,-10
107000241,4,4,0
107000242,18,5,13
107000243,0,96,-96
107000244,2,0,2
107000246,0,45,-45
107000249,0,37,-37
107000251,0,13,-13
107000252,0,62,-62
107000255,51,0,51
107000257,0,155,-155
107000258,0,50,-50
107000259,0,51,-51
107000260,1119,7,1112
107000262,0,62,-62
107000263,350,2,348
107000266,19,6,13
107000267,0,29,-29
107000268,59,22,37
107000269,3,6,-3
107000270,66,24,42
107000271,0,0,0
107000272,33,0,33
107000273,0,39,-39
107000274,154,74,80
107000275,7,56,-49
107000280,625,3,622
107000281,2,38,-36
107000282,3,147,-144
107000290,1,3,-2
107000291,2,5,-3
107000292,0,28,-28
107000293,13,0,13
107000294,0,15,-15
107000295,15,0,15
107000296,0,3,-3
107000444,120,1,119
107000496,1,2,-1
107000497,184,182,2
107000500,308,81,227
107000501,6,60,-54
107000502,72,57,15
107000505,53,324,-271
107000506,0,0,0
107000508,1,49,-48
107000509,74,364,-290
107000510,5,58,-53
107000514,9,100,-91
107000515,5,22,-17
107000516,396,95,301
107000518,679,485,194
107000519,125,24,101
107000520,34,7,27
107000521,83,3,80
107000522,177,138,39
107900001,2,0,2
107900002,6,0,6
107900003,14,1,13
107900004,16,0,16
107900005,681,1,680
107900006,36,2,34
107900007,72,0,72
107900008,33,2,31
107900009,0,0,0
107900010,0,0,0
107900012,47,2,45
107900013,27,1,26
107900014,0,1,-1
107900015,341,2,339
107900016,75,16,59
107900017,0,0,0
107900018,5,51,-46
107900019,4,0,4
107900020,0,0,0
107900021,2,1,1
107900023,13,0,13
107900024,0,0,0
107900025,40,55,-15
107900026,17,0,17
107900027,0,0,0
107900028,10,0,10
107900030,67,8,59
107900031,31,10,21
107900032,4,0,4
107900033,4,0,4
107900034,49,15,34
107900035,344,8,336
107900036,4,22,-18
107900037,0,0,0
107900038,4,52,-48
107900039,1,1,0
107900040,0,0,0
107900041,0,0,0
107900043,17,7,10
107900044,0,2,-2
107900045,18,39,-21
107900046,40,30,10
107900047,0,0,0
107900048,33,0,33
107900049,8,90,-82
107900050,1,14,-13
107900051,14,0,14
107900052,0,0,0
107900053,3,3,0
107900055,88,6,82
107900056,16,26,-10
107900057,0,0,0
107900058,11,32,-21
107900060,0,0,0
107900061,0,0,0
107900063,11,38,-27
107900064,80,116,-36
107900065,138,1,137
107900066,10,0,10
107900067,0,0,0
107900068,21,141,-120
107900069,1,685,-684
107900070,10,20,-10
107900071,4,24,-20
107900072,51,2,49
107900073,0,0,0
107900074,0,0,0
107900076,30,3,27
107900077,1,0,1
107900078,108,24,84
107900079,2,4,-2
107900080,5,59,-54
107900081,0,0,0
107900082,0,0,0
107900083,102,44,58
107900084,15,21,-6
107900086,6,40,-34
107900087,33,6,27
107900088,2,0,2
107900089,20,44,-24
107900090,3,183,-180
107900091,73,93,-20
107900092,188,6,182
107900093,0,0,0
107900094,0,0,0
107900095,228,230,-2
107900097,20,4,16
107900098,3,3,0
107900100,66,413,-347
107900101,17,5,12
107900102,3,0,3
107900103,1,13,-12
107900104,0,0,0
107900105,7,169,-162
107900106,4,90,-86
107900107,0,0,0
107900108,6,4,2
107900109,674,6,668
107900110,42,0,42
107900111,0,23,-23
107900112,3,68,-65
107900113,0,0,0
107900114,98,14,84
107900115,0,0,0
107900116,52,21,31
107900117,53,84,-31
107900118,2,25,-23
107900119,34,14,20
107900120,8,1,7
107900121,0,0,0
107900122,0,0,0
107900123,0,5,-5
107900124,0,0,0
107900125,0,10,-10
107900126,1,1,0
107900127,0,0,0
107900128,19,19,0
107900129,13,0,13
107900130,0,0,0
107900131,1,4,-3
107900132,0,38,-38
107900133,0,0,0
107900134,1,3,-2
107900135,0,1,-1
107900136,0,0,0
107900137,55,15,40
107900138,15,0,15
107900139,0,0,0
107900140,0,1,-1
107900141,3,2,1
107900142,4,19,-15
107900143,6,0,6
107900144,0,10,-10
107900145,0,0,0
107900146,9,25,-16
107900147,3,1,2
107900148,2,3,-1
107900149,44,6,38
107900150,0,7,-7
107900151,0,7,-7
107900152,0,0,0
107900153,3,106,-103
107900154,8,7,1
107900155,0,0,0
107900156,0,0,0
107900157,16,19,-3
107900158,240,2,238
107900159,0,28,-28
107900160,42,33,9
107900161,0,3,-3
107900162,0,0,0
107900163,0,0,0
107900164,2,0,2
107900165,9,99,-90
107900166,2,9,-7
107900167,0,0,0
107900168,2,0,2
107900169,0,14,-14
107900171,0,63,-63
107900172,11,0,11
107900173,0,1,-1
107900174,0,0,0
107900175,0,0,0
107900176,1,0,1
107900177,0,0,0
107900178,0,5,-5
107900179,0,0,0
107900180,15,215,-200
107900181,0,0,0
107900182,0,25,-25
107900183,2,7,-5
107900184,0,0,0
107900185,0,0,0
107900186,2,1,1
107900187,0,7,-7
107900188,258,64,194
107900189,0,0,0
107900190,0,22,-22
107900191,0,0,0
107900193,0,0,0
107900194,0,0,0
107900195,89,9,80
107900196,0,0,0
107900197,2,18,-16
107900199,0,0,0
107900201,0,0,0
107900203,1,0,1
107900204,0,0,0
107900205,14,15,-1
107900206,10,93,-83
107900207,1,23,-22
107900208,0,15,-15
107900209,6,0,6
107900210,2,0,2
107900213,0,0,0
107900214,0,36,-36
107900215,14,53,-39
107900216,0,0,0
107900217,0,0,0
107900218,0,0,0
107900219,1,0,1
107900220,0,0,0
107900221,16,8,8
107900223,0,0,0
107900224,55,57,-2
107900225,0,0,0
107900226,0,0,0
107900227,4,14,-10
107900228,0,1,-1
107900229,0,0,0
107900230,0,0,0
107900231,0,0,0
107900232,48,0,48
107900233,0,0,0
107900234,0,0,0
107900235,1,8,-7
107900236,0,0,0
107900237,0,0,0
107900238,0,0,0
107900239,23,72,-49
107900240,1,4,-3
107900241,0,0,0
107900242,1,14,-13
107900243,0,0,0
107900244,0,0,0
107900245,119,13,106
107900246,84,1,83
107900248,208,2,206
107900249,128,2,126
107900250,1,19,-18
107900251,2,27,-25
107900252,77,3,74
107900253,48,6,42
107900254,0,6,-6
107900255,7,3,4
107900256,5,0,5
107900257,61,34,27
107900258,10,12,-2
107900259,4,376,-372
107900261,0,81,-81
107900262,0,0,0
107900264,144,2,142
107900265,34,41,-7
107900267,79,0,79
107900268,0,0,0
107900269,0,0,0
107900270,0,0,0
107900271,0,0,0
107900272,31,1,30
107900273,22,0,22
107900274,59,1,58
107900275,1,0,1
107900276,0,0,0
107900277,0,0,0
107900278,98,0,98
107900279,0,0,0
107900280,457,95,362
107900281,149,962,-813
107900282,16,251,-235
107900283,201,60,141
107900284,296,40,256
107900285,38,2,36
107900286,0,0,0
107900287,81,33,48
107900290,0,0,0
107900291,101,0,101
107900292,89,48,41
107900293,53,81,-28
107900295,23,1,22
107900297,0,0,0
107900298,151,109,42
107900299,368,419,-51
107900300,182,173,9
107900301,56,159,-103
107900302,12,10,2
107900303,202,19,183
107900304,98,1,97
107900305,84,2,82
107900306,0,0,0
107900307,0,0,0
107900308,45,19,26
107900309,0,0,0
107900310,0,0,0
107900311,0,0,0
107900312,0,0,0
107900313,0,0,0
107900314,0,0,0
107900315,0,0,0
107900316,2,0,2
107900317,0,0,0
107900318,0,0,0
107900319,0,2,-2
107900320,0,9,-9
107900321,43,0,43
107900322,0,4,-4
107900323,0,1,-1
107900324,33,0,33
107900325,50,0,50
107900326,91,23,68
107900327,1,0,1
107900328,0,0,0
107900329,0,0,0
107900330,0,1,-1
107900331,99,22,77
107900332,105,1,104
107900333,24,1,23
107900334,6,10,-4
107900335,7,1,6
107900336,2,1,1
107900337,102,248,-146
107900338,0,0,0
107900339,0,0,0
107900340,0,0,0
107900341,0,0,0
107900342,45,155,-110
107900343,22,0,22
107900344,1,22,-21
107900345,48,4,44
107900346,2,0,2
107900347,13,0,13
107900348,0,0,0
107900349,34,0,34
107900350,1,34,-33
108000001,2399,1147,1252
108000002,88,170,-82
108000003,2184,1316,868
108000004,1274,3310,-2036
108000005,6228,2790,3438
108000006,1026,1312,-286
108000007,4184,1855,2329
108000008,941,872,69
108000009,3326,1983,1343
108000010,585,850,-265
108000011,8862,4854,4008
108000012,2860,2316,544
108000014,167,505,-338
108000015,560,78,482
108000016,32,97,-65
108000017,745,151,594
108000018,1481,149,1332
108000019,298,175,123
108000020,707,190,517
108000021,98,43,55
108000022,189,343,-154
108000023,736,110,626
108000024,116,94,22
108000025,223,28,195
108000026,490,75,415
108000027,413,13,400
108000028,596,63,533
108000029,249,5,244
108000030,275,21,254
108000031,74,6,68
108000032,1210,222,988
108000033,131,230,-99
108000034,1484,82,1402
108000035,199,502,-303
108000036,64,133,-69
108000037,1093,99,994
108000038,2058,196,1862
108000039,62,101,-39
108000040,1448,304,1144
108000041,54,141,-87
108000042,249,53,196
108000043,43,15,28
108000044,834,29,805
108000045,19,1,18
108000046,1277,155,1122
108000047,133,159,-26
108000048,0,0,0
108000049,663,61,602
108000050,7,23,-16
108000051,189,77,112
108000052,12,29,-17
108000053,256,140,116
108000054,63,316,-253
108000055,533,162,371
108000056,193,162,31
108000057,389,726,-337
108000058,941,1855,-914
108000059,394,724,-330
108000060,99,185,-86
108000061,92,103,-11
108000062,527,216,311
108000063,351,158,193
108000064,206,200,6
108000065,382,188,194
108000066,648,68,580
108000067,1057,154,903
108000068,720,175,545
108000069,42,420,-378
108000070,1984,160,1824
108000071,81,410,-329
108000072,1207,333,874
108000073,260,368,-108
108000074,702,213,489
108000075,161,157,4
108000076,1262,132,1130
108000077,166,102,64
108000078,1745,339,1406
108000079,105,328,-223
108000080,1182,237,945
108000081,179,363,-184
108000082,203,123,80
108000083,947,336,611
108000084,81,86,-5
108000085,593,221,372
108000086,86,42,44
108000087,135,1468,-1333
108000088,107,0,107
108000089,73,56,17
108000090,349,41,308
108000091,26,137,-111
108000092,249,11,238
108000093,65,108,-43
108000094,644,8,636
108000095,36,47,-11
108000096,539,121,418
108000097,48,50,-2
108000098,1291,288,1003
108000099,116,28,88
108000100,156,117,39
108000101,870,454,416
108000102,732,1096,-364
108000106,382,0,382
108000107,1,178,-177
108000108,384,15,369
108000109,0,116,-116
108000110,355,41,314
108000111,27,157,-130
108000112,12,170,-158
108000113,190,125,65
108000115,112,53,59
108000117,309,77,232
108000118,82,44,38
108000119,267,35,232
108000120,87,268,-181
108000121,82,56,26
108000122,450,84,366
108000123,312,41,271
108000124,75,27,48
108000125,473,48,425
108000126,113,43,70
108000127,461,56,405
108000128,396,37,359
108000129,101,60,41
108000130,251,82,169
108000131,359,103,256
108000132,98,75,23
108000133,1343,116,1227
108000134,221,89,132
108000135,1087,144,943
108000136,21,62,-41
108000137,312,48,264
108000138,136,250,-114
108000139,493,89,404
108000140,436,8,428
108000141,10,49,-39
108000142,10,25,-15
108000143,20,9,11
108000144,405,6,399
108000145,21,7,14
108000146,392,1,391
108000147,5,12,-7
108000148,157,6,151
108000149,5,6,-1
108000150,57,18,39
108000151,2,19,-17
108000152,25,69,-44
108000153,295,48,247
108000154,67,20,47
108000155,34,29,5
108000156,260,67,193
108000157,28,744,-716
108000158,20,231,-211
108000159,134,69,65
108000160,807,504,303
108000161,694,918,-224
108000165,31,184,-153
108000172,3,61,-58
108000173,892,579,313
108000175,367,22,345
108000178,139,356,-217
108000179,102,570,-468
108000181,91,5,86
108000182,141,3,138
108000183,0,2,-2
108000184,88,1503,-1415
108000185,0,3,-3
108000186,134,2,132
108000187,1,44,-43
108000188,200,1,199
108000189,128,927,-799
108000190,0,0,0
108000192,135,108,27
108000193,34,21,13
108000194,15,2,13
108000195,0,10,-10
108000196,127,22,105
108000198,245,64,181
108000199,0,0,0
108000200,174,4,170
108000202,0,162,-162
108000203,0,27,-27
108000204,58,34,24
108000205,42,5,37
108000339,623,514,109
108000364,77,135,-58
108000365,17,60,-43
108000367,48,8,40
108000368,0,1,-1
108000369,100,13,87
108000371,0,171,-171
108000372,286,0,286
108000373,129,31,98
108000376,114,18,96
108000377,390,167,223
108000378,7629,6422,1207
108000379,0,0,0
108000381,74,3,71
108000382,121,1,120
108000383,0,26,-26
108900001,1,22,-21
108900002,85,6,79
108900003,3,25,-22
108900004,106,131,-25
108900005,12,146,-134
108900006,201,93,108
108900007,132,101,31
108900008,80,41,39
108900009,65,25,40
108900010,120,45,75
108900011,611,38,573
108900012,357,75,282
108900013,112,75,37
108900014,2,6,-4
108900015,0,0,0
108900016,0,0,0
108900017,21,13,8
108900018,32,106,-74
108900019,0,10,-10
108900020,20,22,-2
108900021,12,40,-28
108900022,64,0,64
108900023,1,3,-2
108900024,5,5,0
108900025,97,7,90
108900026,0,0,0
108900027,0,8,-8
108900028,34,31,3
108900029,6,66,-60
108900030,0,0,0
108900031,0,18,-18
108900032,0,0,0
108900033,0,23,-23
108900034,0,8,-8
108900035,7,59,-52
108900036,161,57,104
108900037,0,0,0
108900038,0,22,-22
108900039,0,24,-24
108900040,1,18,-17
108900041,1059,1016,43
108900042,0,18,-18
108900043,0,0,0
108900044,0,10,-10
108900045,74,70,4
108900046,4,27,-23
108900047,0,6,-6
108900048,27,43,-16
108900049,159,276,-117
108900050,2,63,-61
108900051,0,6,-6
108900052,29,12,17
108900053,6,63,-57
108900054,1,2,-1
108900055,1,18,-17
108900056,0,13,-13
108900057,0,30,-30
108900058,1,30,-29
108900059,181,22,159
108900060,14,73,-59
108900061,1,1,0
108900062,0,15,-15
108900063,1,17,-16
108900064,20,17,3
108900065,1,10,-9
108900066,163,16,147
108900067,0,16,-16
108900068,0,39,-39
108900069,41,6,35
108900070,21,3,18
108900071,67,11,56
108900072,156,145,11
108900073,11,6,5
108900074,86,8,78
108900075,32,6,26
108900076,218,40,178
108900077,18,11,7
108900078,33,13,20
108900079,92,0,92
108900080,27,168,-141
108900081,1,32,-31
108900082,38,13,25
108900083,3,30,-27
108900084,42,2,40
108900085,127,12,115
108900086,10,16,-6
108900087,75,20,55
108900088,166,68,98
108900089,0,39,-39
108900090,32,11,21
108900091,7,10,-3
108900092,121,43,78
108900093,17,33,-16
108900094,77,14,63
108900095,3,13,-10
108900096,56,3,53
108900097,97,14,83
108900098,193,404,-211
108900099,180,9,171
108900100,8,21,-13
108900101,50,18,32
108900102,0,320,-320
108900103,50,40,10
108900104,9,32,-23
108900105,1,691,-690
108900106,161,36,125
108900108,68,3,65
108900109,56,26,30
108900110,79,26,53
108900111,183,35,148
108900112,72,4,68
108900113,28,32,-4
108900114,3,2,1
108900115,103,14,89
108900116,7,1,6
108900117,97,6,91
108900118,159,2,157
108900119,204,2,202
108900120,47,24,23
108900121,46,14,32
108900122,85,2,83
108900123,64,7,57
108900124,40,4,36
108900125,146,2,144
108900126,100,8,92
108900127,140,5,135
108900128,132,9,123
108900129,63,1,62
108900130,91,0,91
108900131,203,9,194
108900132,110,1,109
108900133,124,21,103
108900134,348,9,339
108900135,137,0,137
108900136,15,3,12
108900137,103,4,99
108900138,290,15,275
108900139,232,7,225
108900140,345,29,316
108900141,210,0,210
108900142,15,0,15
108900143,27,0,27
108900144,48,0,48
108900145,152,6,146
108900146,21,0,21
108900147,194,0,194
108900148,13,5,8
108900149,97,29,68
108900150,48,15,33
108900151,4,0,4
108900152,148,1,147
108900153,195,7,188
108900154,2137,90,2047
108900155,72,8,64
108900156,22,14,8
108900157,2,48,-46
108900158,268,41,227
108900159,5,29,-24
108900160,9,58,-49
108900161,1,43,-42
108900162,39,2,37
108900163,1,185,-184
108900164,9,7,2
108900165,36,11,25
108900167,98,3195,-3097
108900168,830,982,-152
108900169,4,14,-10
108900171,543,1365,-822
108900172,69,13,56
108900173,28,17,11
108900174,638,51,587
108900176,11,49,-38
108900177,166,749,-583
108900178,272,1243,-971
108900179,57,564,-507
108900180,16,144,-128
108900182,13,147,-134
108900183,13,47,-34
108900184,261,98,163
108900185,0,84,-84
108900186,33,87,-54
108900187,407,18,389
108900188,425,8,417
108900189,106,15,91
108900190,1,86,-85
108900191,36,3,33
108900192,7,63,-56
108900193,7,18,-11
108900194,0,34,-34
108900195,10,18,-8
108900196,0,10,-10
108900198,0,22,-22
108900199,64,62,2
108900200,178,114,64
108900201,95,228,-133
108900203,268,22,246
108900204,186,0,186
108900205,179,1,178
108900206,90,23,67
108900207,46,24,22
108900208,0,86,-86
108900209,21,43,-22
108900210,23,18,5
108900211,0,41,-41
108900212,1,178,-177
108900215,0,12,-12
108900216,39,44,-5
108900217,2,0,2
108900218,8,1,7
108900219,26,0,26
108900220,2,0,2
108900221,0,0,0
108900222,76,2,74
108900223,0,0,0
108900224,0,0,0
108900225,0,0,0
108900226,85,10,75
108900227,25,63,-38
108900230,6,40,-34
108900231,0,10,-10
108900232,0,12,-12
108900233,142,5,137
108900234,120,3,117
108900235,0,0,0
108900236,0,0,0
108900237,0,0,0
108900240,7,10,-3
108900241,1,9,-8
108900245,0,136,-136
108900249,11,0,11
108900250,61,0,61
108900257,49,0,49
108900258,0,7,-7
108900259,1,5,-4
108900260,3,1,2
108900261,0,2,-2
108900262,18,24,-6
108900263,2,11,-9
108900264,7,24,-17
108900265,46,167,-121
108900266,30,306,-276
108900267,1,77,-76
108900268,31,0,31
108900269,30,2,28
108900270,31,1,30
108900271,4,0,4
108900272,65,0,65
108900273,47,183,-136
108900274,2,0,2
109000001,838,2520,-1682
109000002,1,305,-304
109000003,1487,283,1204
109000004,1,118,-117
109000005,1196,297,899
109000006,3,110,-107
109000007,1395,309,1086
109000008,15,62,-47
109000009,2008,568,1440
109000010,10,229,-219
109000011,2424,812,1612
109000012,31,131,-100
109000013,3346,1923,1423
109000014,43,133,-90
109000015,3031,4806,-1775
109000016,79,206,-127
109000017,2062,502,1560
109000018,33,180,-147
109000019,1408,827,581
109000020,39,36,3
109000023,34,2,32
109000024,1,15,-14
109000025,106,201,-95
109000026,273,237,36
109000027,10,164,-154
109000028,58,23,35
109000029,44,128,-84
109000030,0,0,0
109000031,196,31,165
109000032,0,10,-10
109000033,271,66,205
109000034,0,0,0
109000035,0,6,-6
109000036,9,82,-73
109000037,101,1075,-974
109000038,67,44,23
109000039,286,449,-163
109000040,405,4364,-3959
109000041,192,981,-789
109000042,160,533,-373
109000044,144,7,137
109000045,41,0,41
109000046,228,16,212
109000047,1,0,1
109000048,366,28,338
109000049,13,7,6
109000050,190,104,86
109000051,10,25,-15
109000052,88,50,38
109000053,346,67,279
109000054,12,19,-7
109000055,15,80,-65
109000056,104,13,91
109000057,69,243,-174
109000058,95,3,92
109000059,0,223,-223
109000060,99,182,-83
109000061,29,1009,-980
109000062,39,128,-89
109000063,10,31,-21
109000064,150,24,126
109000065,8,15,-7
109000066,218,3,215
109000067,3,20,-17
109000068,161,3,158
109000069,127,2,125
109000070,0,10,-10
109000071,134,29,105
109000072,49,359,-310
109000073,16,64,-48
109000074,6,155,-149
109000075,42,1,41
109000076,10,138,-128
109000077,113,113,0
109000078,28,49,-21
109000079,26,30,-4
109000080,125,18,107
109000081,66,72,-6
109000082,334,7,327
109000083,91,95,-4
109000088,72,24,48
109000089,223,39,184
109000090,198,51,147
109000091,259,87,172
109000092,157,192,-35
109000093,217,20,197
109000094,507,1,506
109000095,20,54,-34
109000096,608,51,557
109000097,0,27,-27
109000098,53,65,-12
109000099,416,13,403
109000100,51,181,-130
109000101,1033,177,856
109000102,224,163,61
109000103,246,178,68
109000104,1193,197,996
109000105,104,205,-101
109000106,837,215,622
109000107,239,175,64
109000108,1213,269,944
109000109,135,124,11
109000110,454,375,79
109000111,256,257,-1
109000112,29,19,10
109000113,68,24,44
109000114,178,178,0
109000115,326,12,314
109000116,0,39,-39
109000117,154,6,148
109000118,0,72,-72
109000119,856,9,847
109000120,8,69,-61
109000121,522,4,518
109000122,19,56,-37
109000123,31,12,19
109000124,313,41,272
109000125,754,65,689
109000126,16,31,-15
109000127,1016,50,966
109000128,44,23,21
109000129,1559,103,1456
109000130,69,40,29
109000131,491,414,77
109000132,90,114,-24
109000133,18,88,-70
109000134,44,55,-11
109000135,66,41,25
109000136,104,153,-49
109000137,468,79,389
109000138,157,69,88
109000139,371,19,352
109000140,101,135,-34
109000141,110,67,43
109000142,11,61,-50
109000143,38,34,4
109000145,24,58,-34
109000146,45,223,-178
109000148,61,117,-56
109000149,32,118,-86
109000150,58,94,-36
109000155,194,399,-205
109000156,338,15,323
109000158,7,252,-245
109000159,13,112,-99
109000160,550,40,510
109000161,221,122,99
109000162,754,150,604
109000163,601,95,506
109000164,787,560,227
109000165,820,276,544
109000166,500,38,462
109000167,81,115,-34
109000170,3,7,-4
109000171,77,7,70
109000172,0,3,-3
109000173,1,27,-26
109000174,20,3,17
109000175,48,25,23
109000176,181,101,80
109000177,4,13,-9
109000178,220,61,159
109000179,452,869,-417
109000180,873,477,396
109000181,16,4,12
109000182,49,33,16
109000183,24,10,14
109000184,39,54,-15
109000185,42,34,8
109000188,176,184,-8
109000189,697,51,646
109000190,160,128,32
109000191,234,101,133
109000192,302,14,288
109000193,138,19,119
109000194,123,13,110
109000195,41,15,26
109000196,53,1,52
109000197,135,11,124
109000198,154,3,151
109000199,24,7,17
109000206,92,6,86
109000207,89,26,63
109000208,77,59,18
109000209,39,30,9
109000210,26,15,11
109000211,281,351,-70
109000214,169,141,28
109000215,73,27,46
109000216,135,165,-30
109000217,8,1,7
109000218,7,17,-10
109000221,34,94,-60
109000222,368,34,334
109000223,150,137,13
109000224,111,23,88
109000225,81,24,57
109000226,74,72,2
109000227,718,126,592
109000228,0,1,-1
109000231,0,46,-46
109000232,344,32,312
109000236,2,32,-30
109000241,596,219,377
109000242,548,111,437
109000293,9,33,-24
109000361,44,15,29
109000364,7,17,-10
109000396,2,53,-51
109000397,675,4,671
109000399,55,155,-100
109000400,51,36,15
109000403,1,735,-734
109000406,105,11,94
109000407,15,42,-27
109000408,0,40,-40
109000410,0,0,0
109000411,134,5,129
109900001,7,0,7
109900002,157,2,155
109900003,148,0,148
109900004,36,1,35
109900005,2,0,2
109900006,247,15,232
109900007,356,0,356
109900008,0,0,0
109900009,0,8,-8
109900010,0,0,0
109900011,23,4,19
109900012,64,12,52
109900013,68,23,45
109900014,16,2,14
109900015,23,8,15
109900016,29,0,29
109900017,47,29,18
109900018,12,0,12
109900019,10,1,9
109900020,4,0,4
109900021,6,1,5
109900022,61,10,51
109900023,7,0,7
109900024,0,0,0
109900025,0,0,0
109900026,0,12,-12
109900027,0,1,-1
109900028,41,156,-115
109900029,0,3,-3
109900030,17,1,16
109900031,0,56,-56
109900032,0,0,0
109900033,0,26,-26
109900034,6,2,4
109900035,7,5,2
109900036,0,0,0
109900037,0,0,0
109900038,0,14,-14
109900039,22,14,8
109900040,0,0,0
109900041,1,5,-4
109900042,0,0,0
109900044,14,4,10
109900045,36,5,31
109900046,8,3,5
109900047,2,39,-37
109900048,8,22,-14
109900049,5,3,2
109900050,0,2,-2
109900051,0,0,0
109900052,1,64,-63
109900053,0,8,-8
109900054,433,7,426
109900055,19,39,-20
109900056,0,0,0
109900057,0,15,-15
109900058,0,0,0
109900059,581,9,572
109900060,139,4,135
109900061,0,3,-3
109900062,0,0,0
109900063,0,31,-31
109900064,79,10,69
109900065,10,3,7
109900066,0,10,-10
109900067,0,0,0
109900068,82,0,82
109900069,0,1,-1
109900070,3,11,-8
109900071,0,5,-5
109900072,1,10,-9
109900073,132,11,121
109900074,0,3,-3
109900075,0,0,0
109900076,0,9,-9
109900077,1,28,-27
109900078,9,17,-8
109900080,28,9,19
109900081,0,11,-11
109900082,3,4,-1
109900083,2,6,-4
109900084,0,0,0
109900085,16,5,11
109900086,6,150,-144
109900087,10,37,-27
109900089,84,2,82
109900090,30,49,-19
109900091,189,8,181
109900092,0,0,0
109900093,118,2,116
109900094,5,0,5
109900095,8,20,-12
109900096,48,0,48
109900097,6,0,6
109900098,176,1,175
109900099,232,0,232
109900100,0,0,0
109900101,375,2,373
109900102,0,0,0
109900103,17,3,14
109900104,462,16,446
109900105,0,0,0
109900106,0,0,0
109900107,0,0,0
109900108,0,0,0
109900109,0,0,0
109900110,5,3,2
109900111,58,10,48
109900112,21,8,13
109900113,249,159,90
109900114,176,37,139
109900115,45,8,37
109900117,472,2,470
109900118,29,10,19
109900119,29,27,2
109900120,12,2,10
109900121,51,16,35
109900122,326,0,326
109900123,0,5,-5
109900124,4,6,-2
109900125,0,18,-18
109900126,72,2,70
109900128,171,1,170
109900130,223,303,-80
109900131,0,46,-46
109900132,2,17,-15
109900133,7,26,-19
109900134,0,0,0
109900135,0,0,0
109900136,0,0,0
109900137,31,37,-6
109900140,25,4,21
109900142,194,11,183
109900145,0,50,-50
109900146,2,0,2
109900148,23,23,0
109900149,0,7,-7
109900150,1,2,-1
109900151,1,1,0
109900152,0,2,-2
109900153,0,22,-22
109900154,4,3,1
109900155,11,10,1
109900157,34,28,6
109900158,0,11,-11
109900159,22,2,20
109900160,20,3,17
109900161,39,8,31
109900162,101,32,69
109900163,85,46,39
109900164,56,105,-49
109900165,4,2,2
109900166,0,28,-28
109900167,13,54,-41
109900168,34,40,-6
109900169,0,0,0
109900170,6,292,-286
109900171,41,38,3
109900172,4,58,-54
109900173,40,302,-262
109900174,0,6,-6
109900175,0,0,0
109900176,0,0,0
109900177,0,0,0
109900178,0,0,0
109900179,0,0,0
109900180,0,0,0
110000001,88,103,-15
110000002,396,888,-492
110000003,128,177,-49
110000004,350,816,-466
110000005,231,1113,-882
110000006,63,557,-494
110000007,26,6,20
110000008,1,46,-45
110000009,0,10,-10
110000010,22,59,-37
110000011,4,4,0
110000012,93,276,-183
110000013,68,276,-208
110000014,340,72,268
110000015,70,305,-235
110000016,209,715,-506
110000017,824,380,444
110000018,188,130,58
110000019,9,9,0
110000020,184,81,103
110000021,96,44,52
110000022,237,10,227
110000023,0,26,-26
110000024,42,37,5
110000025,438,0,438
110000026,3,42,-39
110000027,211,236,-25
110000028,508,214,294
110000029,72,81,-9
110000030,160,248,-88
110000031,37,58,-21
110000032,359,97,262
110000033,33,15,18
110000034,172,199,-27
110000035,268,132,136
110000036,465,223,242
110000037,23,136,-113
110000038,74,195,-121
110000039,415,1378,-963
110000040,117,68,49
110000041,271,1241,-970
110000042,30,151,-121
110000043,368,285,83
110000044,5,53,-48
110000045,107,78,29
110000046,1,2,-1
110000047,2,37,-35
110000048,0,5,-5
110000049,1,10,-9
110000050,0,18,-18
110000051,3,3,0
110000052,50,56,-6
110000053,8,2,6
110000054,34,74,-40
110000055,103,70,33
110000056,50,53,-3
110000057,64,78,-14
110000058,462,362,100
110000059,85,104,-19
110000060,959,346,613
110000061,114,148,-34
110000062,604,387,217
110000063,59,45,14
110000064,57,13,44
110000065,60,35,25
110000066,64,4,60
110000067,22,7,15
110000068,16,11,5
110000069,289,0,289
110000071,166,4,162
110000073,2,2,0
110000075,1,2,-1
110000076,186,108,78
110000077,91,230,-139
110000078,107,0,107
110000080,66,137,-71
110000081,12,33,-21
110000082,0,66,-66
110000083,82,104,-22
110000084,472,450,22
110000085,742,336,406
110000086,454,836,-382
110000087,15,20,-5
110000088,33,57,-24
110000089,135,14,121
110000090,12,40,-28
110000091,71,31,40
110000092,0,15,-15
110000093,42,35,7
110000094,221,34,187
110000095,61,280,-219
110000096,232,307,-75
110000097,531,679,-148
110000098,648,146,502
110000099,227,235,-8
110000100,526,2,524
110000101,0,43,-43
110000102,19,31,-12
110000104,143,71,72
110000105,56,36,20
110000106,138,289,-151
110000107,50,74,-24
110000108,36,164,-128
110000109,3,28,-25
110000110,1039,1671,-632
110000111,977,1105,-128
110000112,66,242,-176
110000113,47,687,-640
110000114,132,374,-242
110000115,163,77,86
110000116,17,8,9
110000117,141,44,97
110000118,258,30,228
110000119,78,39,39
110000120,138,46,92
110000121,3,102,-99
110000122,139,156,-17
110000123,303,172,131
110000124,0,201,-201
110000125,403,1,402
110000126,122,3,119
110000127,334,17,317
110000128,0,102,-102
110000129,0,17,-17
110000130,94,26,68
110000131,8,39,-31
110000132,0,76,-76
110000133,0,86,-86
110000134,3,32,-29
110000135,78,15,63
110000136,23,65,-42
110000137,359,12,347
110000138,140,92,48
110000139,561,86,475
110000140,479,89,390
110000143,182,55,127
110000144,1024,352,672
110000145,442,225,217
110000146,568,136,432
110000147,34,378,-344
110000148,213,55,158
110000151,80,207,-127
110000152,126,572,-446
110000153,0,0,0
110000154,10,47,-37
110000155,660,538,122
110000156,122,353,-231
110000157,167,479,-312
110000160,200,59,141
110000161,48,58,-10
110000166,398,4,394
110000167,695,309,386
110000168,568,324,244
110000169,384,131,253
110000170,57,62,-5
110000171,303,36,267
110000172,153,151,2
110000173,185,215,-30
110000174,36,109,-73
110000175,390,47,343
110000176,71,357,-286
110000177,115,468,-353
110000178,256,1048,-792
110000179,284,132,152
110000180,102,96,6
110000181,181,59,122
110000182,252,26,226
110000183,2231,3141,-910
110000184,117,1339,-1222
110000185,174,249,-75
110000186,83,207,-124
110000191,752,80,672
110000192,319,4,315
110000193,637,7,630
110000194,1,114,-113
110000195,254,17,237
110000196,248,7,241
110000197,23,16,7
110000198,57,9,48
110000199,20,34,-14
110000200,178,61,117
110000201,345,445,-100
110000202,563,213,350
110000203,22,36,-14
110000204,0,44,-44
110000205,161,13,148
110000206,85,83,2
110000207,726,57,669
110000208,29,62,-33
110000209,19,71,-52
110000210,1050,168,882
110000211,541,203,338
110000212,153,533,-380
110000213,119,12,107
110000214,78,29,49
110000215,5,76,-71
110000216,43,61,-18
110000217,259,31,228
110000218,51,30,21
110000219,172,17,155
110000220,1,20,-19
110000221,297,8,289
110000222,12,118,-106
110000223,3,24,-21
110000224,1,0,1
110000225,44,118,-74
110000226,138,18,120
110000227,45,126,-81
110000228,91,13,78
110000229,0,22,-22
110000230,394,277,117
110000231,108,101,7
110000232,39,82,-43
110000233,104,89,15
110000234,219,154,65
110000235,338,431,-93
110000236,0,0,0
110000237,366,136,230
110000238,549,208,341
110000239,435,181,254
110000240,0,0,0
110000242,0,3,-3
110000243,98,3,95
110000244,4,46,-42
110000245,0,67,-67
110000246,393,153,240
110000247,354,389,-35
110000248,264,114,150
110000249,38,1,37
110000250,1,61,-60
110000251,178,112,66
110000252,153,13,140
110000253,685,256,429
110000254,313,60,253
110000255,59,98,-39
110000256,137,119,18
110000257,48,1,47
110000258,0,35,-35
110000259,46,1,45
110000260,34,26,8
110000263,142,12,130
110000264,294,106,188
110000265,1068,391,677
110000266,647,549,98
110000267,0,0,0
110000268,53,2,51
110000269,0,0,0
110000270,35,0,35
110000271,282,26,256
110000272,210,176,34
110000273,165,308,-143
110000274,111,806,-695
110000275,207,90,117
110000276,75,271,-196
110000277,258,65,193
110000278,130,140,-10
110000279,526,92,434
110000280,377,97,280
110000281,33,15,18
110000282,41,2,39
110000283,6,46,-40
110000284,0,2,-2
110000285,0,9,-9
110000286,8,0,8
110000287,74,3,71
110000288,0,0,0
110000289,80,982,-902
110000290,63,87,-24
110000291,241,343,-102
110000292,248,1922,-1674
110000293,423,146,277
110000294,793,389,404
110000295,41,99,-58
110000296,249,89,160
110000297,880,31,849
110000298,5,48,-43
110000299,47,14,33
110000301,373,3,370
110000302,85,65,20
110000303,264,0,264
110000304,25,16,9
110000305,585,2,583
110000306,2,51,-49
110000307,816,2,814
110000308,335,1,334
110000309,0,73,-73
110000310,519,29,490
110000311,0,140,-140
110000312,257,13,244
110000313,516,118,398
110000314,0,33,-33
110000315,364,626,-262
110000316,6,227,-221
110000317,25,43,-18
110000318,0,14,-14
110000319,7,18,-11
110000320,1,12,-11
110000321,2,6,-4
110000322,38,163,-125
110000323,257,83,174
110000324,154,55,99
110000325,1048,1347,-299
110000327,278,102,176
110000328,11,23,-12
110000333,351,431,-80
110000334,90,165,-75
110000335,219,99,120
110000336,59,111,-52
110000337,1046,119,927
110000338,185,91,94
110000339,266,25,241
110000340,5,9,-4
110000341,217,3,214
110000342,43,0,43
110000343,0,0,0
110000344,1,22,-21
110000345,32,47,-15
110000346,936,488,448
110000347,923,230,693
110000348,0,1,-1
110000349,0,0,0
110000350,15,1,14
110000351,769,178,591
110000352,154,502,-348
110000353,997,120,877
110000354,141,773,-632
110000355,35,2,33
110000356,278,0,278
110000357,294,7,287
110000361,0,0,0
110000362,110,5,105
110000363,193,29,164
110000364,111,50,61
110000365,50,0,50
110000366,0,44,-44
110000367,114,42,72
110000368,0,14,-14
110000369,34,0,34
110000373,0,38,-38
110000374,8,19,-11
110000375,144,106,38
110000376,49,62,-13
110000377,18,236,-218
110000378,1,99,-98
110000379,1115,1531,-416
110000380,155,7,148
110000383,0,104,-104
110000384,317,14,303
110000385,0,31,-31
110000387,19,0,19
110000388,3,26,-23
110000389,641,82,559
110000391,461,37,424
110000396,58,7,51
110000397,64,20,44
110000398,0,22,-22
110000399,108,0,108
110000587,85,10,75
110000589,92,12,80
110000640,91,9,82
110000652,0,52,-52
110000653,21,34,-13
110000654,0,0,0
110000656,0,0,0
110000674,0,0,0
110000675,0,0,0
110000676,0,0,0
110000679,0,0,0
110000682,45,105,-60
110000683,169,172,-3
110000684,0,0,0
110000685,5,2,3
110000686,0,0,0
110000687,2,1,1
110000688,7,175,-168
110000689,15,3,12
110000692,3,30,-27
110000693,3,114,-111
110000694,0,0,0
110000695,1,46,-45
110000696,73,7,66
110900001,30,2,28
110900002,75,1,74
110900003,260,2,258
110900004,205,0,205
110900005,0,0,0
110900006,0,5,-5
110900007,31,22,9
110900008,0,0,0
110900009,13,80,-67
110900010,0,0,0
110900011,1,1,0
110900012,0,0,0
110900013,208,38,170
110900014,4,0,4
110900015,10,189,-179
110900016,0,0,0
110900017,142,21,121
110900018,52,0,52
110900019,3,1,2
110900020,0,0,0
110900021,0,0,0
110900022,0,0,0
110900023,5,31,-26
110900024,0,0,0
110900025,0,0,0
110900027,0,0,0
110900028,0,0,0
110900029,0,0,0
110900030,0,0,0
110900031,1,1,0
110900032,0,0,0
110900033,4,2,2
110900035,0,0,0
110900036,5,0,5
110900037,11,2,9
110900038,0,0,0
110900039,0,0,0
110900040,37,0,37
110900041,1,0,1
110900042,0,0,0
110900043,0,0,0
110900044,0,0,0
110900045,0,0,0
110900046,0,0,0
110900047,0,0,0
110900049,4,8,-4
110900050,1,0,1
110900051,0,0,0
110900052,0,0,0
110900053,0,0,0
110900054,0,0,0
110900055,17,0,17
110900056,0,0,0
110900057,0,0,0
110900058,0,0,0
110900059,0,1,-1
110900060,44,3,41
110900061,0,0,0
110900062,0,0,0
110900063,0,1,-1
110900064,0,0,0
110900065,6,15,-9
110900066,0,9,-9
110900067,1,0,1
110900068,0,0,0
110900069,0,7,-7
110900071,0,0,0
110900073,0,1,-1
110900074,118,1,117
110900075,83,1,82
110900077,226,41,185
110900078,0,0,0
110900079,90,125,-35
110900080,46,7,39
110900081,0,0,0
110900082,32,2,30
110900083,0,1,-1
110900084,0,0,0
110900085,31,12,19
110900086,2,24,-22
110900087,15,32,-17
110900088,3,0,3
110900090,0,0,0
110900091,0,0,0
110900093,2,0,2
110900095,3,3,0
110900097,1,0,1
110900098,0,5,-5
110900099,3,48,-45
110900100,0,3,-3
110900102,27,22,5
110900105,29,12,17
110900108,6,4,2
110900111,16,11,5
110900112,216,4,212
110900113,34,7,27
110900115,3,3,0
110900116,220,72,148
110900118,3,457,-454
110900119,34,1,33
110900120,0,0,0
110900121,2,0,2
110900122,30,2,28
110900125,78,132,-54
110900127,0,0,0
110900128,0,2,-2
110900129,1,148,-147
110900130,11,109,-98
110900131,15,1,14
110900132,92,1,91
110900133,0,0,0
110900135,1,3,-2
110900136,16,0,16
110900137,0,0,0
110900138,41,17,24
110900139,0,16,-16
110900140,2,0,2
110900141,1,8,-7
110900142,0,0,0
110900143,47,4,43
110900144,0,0,0
110900145,56,8,48
110900146,58,28,30
110900147,0,0,0
110900148,0,0,0
110900149,0,0,0
110900150,6,21,-15
110900151,1,8,-7
110900152,0,2,-2
110900153,52,1,51
111000001,714,265,449
111000002,68,18,50
111000003,755,506,249
111000004,8,14,-6
111000005,507,827,-320
111000006,7,30,-23
111000007,1210,1410,-200
111000008,111,132,-21
111000009,28,164,-136
111000010,676,387,289
111000011,33,223,-190
111000012,83,286,-203
111000013,91,418,-327
111000014,724,187,537
111000017,1,85,-84
111000018,1,34,-33
111000020,52,230,-178
111000021,15,8,7
111000023,34,71,-37
111000025,244,495,-251
111000029,3,27,-24
111000030,0,5,-5
111000031,1039,408,631
111000032,380,117,263
111000033,64,35,29
111000034,24,81,-57
111000037,249,481,-232
111000038,554,408,146
111000039,617,470,147
111000040,498,416,82
111000041,75,207,-132
111000042,234,700,-466
111000043,1142,1325,-183
111000044,998,132,866
111000045,1614,749,865
111000046,743,711,32
111000047,1237,2627,-1390
111000049,26,25,1
111000050,130,123,7
111000051,110,54,56
111000052,50,103,-53
111000053,35,63,-28
111000054,40,85,-45
111000055,315,235,80
111000056,29,98,-69
111000057,21,42,-21
111000058,316,14,302
111000059,333,125,208
111000060,2973,282,2691
111000061,438,139,299
111000062,766,111,655
111000063,744,335,409
111000064,752,218,534
111000065,1056,223,833
111000066,470,95,375
111000067,158,89,69
111000068,54,51,3
111000069,156,234,-78
111000070,74,52,22
111000071,2,8,-6
111000072,722,433,289
111000073,136,632,-496
111000074,1066,435,631
111000075,303,104,199
111000076,630,86,544
111000077,619,320,299
111000078,442,191,251
111000079,421,101,320
111000080,153,90,63
111000081,236,1070,-834
111000082,266,111,155
111000084,225,179,46
111000085,508,432,76
111000086,541,302,239
111000087,458,198,260
111000088,695,485,210
111000089,270,231,39
111000090,248,212,36
111000091,199,112,87
111000092,726,272,454
111000093,367,271,96
111000094,614,221,393
111000095,342,1051,-709
111000096,465,3166,-2701
111000097,216,200,16
111000098,59,110,-51
111000099,58,199,-141
111000100,42,118,-76
111000101,80,107,-27
111000102,5,59,-54
111000104,415,40,375
111000107,24,53,-29
111000109,390,18,372
111000110,424,182,242
111000111,1451,75,1376
111000112,1172,58,1114
111000113,441,794,-353
111000114,387,1241,-854
111000115,1230,234,996
111000116,290,78,212
111000117,114,59,55
111000118,298,59,239
111000119,697,112,585
111000120,313,115,198
111000121,95,148,-53
111000122,178,171,7
111000123,369,276,93
111000124,110,277,-167
111000125,60,72,-12
111000126,34,36,-2
111000127,401,16,385
111000128,1395,51,1344
111000129,1651,217,1434
111000130,1794,167,1627
111000131,1588,101,1487
111000132,1362,573,789
111000133,92,8,84
111000134,90,2,88
111000135,3,91,-88
111000136,263,72,191
111000138,4,1,3
111000140,1,1,0
111000141,33,51,-18
111000142,1,3,-2
111000143,0,3,-3
111000144,0,8,-8
111000145,42,0,42
111000146,37,0,37
111000147,42,4,38
111000148,19,14,5
111000149,0,97,-97
111000150,13,1,12
111000151,0,5,-5
111000153,162,29,133
111000154,25,38,-13
111000155,59,48,11
111000156,284,82,202
111000157,103,199,-96
111000158,407,350,57
111000159,687,447,240
111000160,194,86,108
111000161,3,64,-61
111000162,1,13,-12
111000163,81,94,-13
111000164,18,263,-245
111000165,216,70,146
111000166,53,23,30
111000167,4,68,-64
111000168,63,38,25
111000169,127,17,110
111000170,87,30,57
111000171,61,21,40
111000172,38,45,-7
111000173,96,98,-2
111000174,13,12,1
111000175,15,59,-44
111000176,199,32,167
111000177,410,22,388
111000178,889,60,829
111000179,280,27,253
111000180,128,159,-31
111000181,308,73,235
111000182,81,48,33
111000183,77,43,34
111000184,238,40,198
111000185,96,31,65
111000186,94,10,84
111000187,73,25,48
111000188,312,63,249
111000189,13,64,-51
111000190,70,26,44
111000191,44,15,29
111000192,36,38,-2
111000193,9,24,-15
111000194,19,12,7
111000195,9,42,-33
111000196,2,17,-15
111000197,234,22,212
111000198,243,9,234
111000199,158,43,115
111000200,546,163,383
111000201,389,18,371
111000202,184,19,165
111000203,202,51,151
111000204,198,496,-298
111000213,170,114,56
111000214,454,146,308
111000215,409,165,244
111000217,1001,115,886
111000218,589,239,350
111000219,57,16,41
111000220,264,29,235
111000221,67,39,28
111000224,0,2,-2
111000225,327,593,-266
111000226,11,1,10
111000227,9,0,9
111000228,0,366,-366
111000229,6,638,-632
111000230,40,16,24
111000231,407,60,347
111000232,294,161,133
111000233,406,59,347
111000234,36,133,-97
111000239,0,0,0
111000240,11,94,-83
111000241,0,0,0
111000242,78,34,44
111000243,0,0,0
111000244,362,27,335
111000245,345,56,289
111000246,300,90,210
111000247,207,75,132
111000248,428,81,347
111000249,257,87,170
111000250,29,8,21
111000251,72,21,51
111000253,3,6,-3
111000255,5,5,0
111000257,22,1,21
111000260,2,48,-46
111000261,620,38,582
111000271,0,30,-30
111000273,380,323,57
111000274,458,385,73
111000275,28,7,21
111000276,53,246,-193
111000277,54,54,0
111000278,284,28,256
111000291,534,4138,-3604
111000298,189,118,71
111000299,56,5,51
111000300,5,31,-26
111000302,128,36,92
111000303,154,19,135
111000312,82,1,81
111000315,0,14,-14
111000320,34,88,-54
111000321,212,23,189
111000322,216,22,194
111000323,136,10,126
111000324,122,56,66
111000325,1,22,-21
111000326,84,41,43
111000327,158,93,65
111000328,88,92,-4
111000329,0,29,-29
111000330,30,11,19
111000331,4,8,-4
111000332,143,217,-74
111000334,44,121,-77
111000335,447,23,424
111000337,678,2,676
111000338,18,5,13
111000339,271,7,264
111000340,2,63,-61
111000341,758,144,614
111000342,0,61,-61
111000344,544,159,385
111000345,8,14,-6
111000346,0,0,0
111000347,81,2,79
111000350,44,136,-92
111000351,9,175,-166
111000352,45,27,18
111000353,12,104,-92
111000354,95,17,78
111000355,29,108,-79
111000358,60,54,6
111000360,95,13,82
111000361,36,11,25
111000546,115,1,114
111000547,194,20,174
111000548,18,8,10
111000549,122,17,105
111000550,1,96,-95
111000551,28,12,16
111000552,65,29,36
111000907,315,10,305
111000908,20,2,18
111000916,603,5,598
111000917,0,8,-8
111000918,50,22,28
111000920,189,6,183
111000921,0,20,-20
111000922,130,9,121
111000924,2,115,-113
111000925,2822,897,1925
111000926,510,393,117
111000927,1874,1981,-107
111000928,868,586,282
111000929,1315,450,865
111000930,356,626,-270
111000931,1583,568,1015
111000932,714,543,171
111000933,1944,1202,742
111000934,473,560,-87
111000935,1325,438,887
111000936,279,440,-161
111000937,768,500,268
111000938,644,360,284
111000939,549,12,537
111000940,400,12,388
111000941,199,21,178
111000943,395,58,337
111000944,38,41,-3
111000945,224,1,223
111001109,198,198,0
111001110,47,4,43
111001111,27,1,26
111001112,189,0,189
111001113,0,57,-57
111001114,147,31,116
111001115,0,0,0
111001116,430,2528,-2098
111001117,20,111,-91
111001120,25,33,-8
111001121,5,34,-29
111001122,80,24,56
111001123,129,33,96
111001124,13,9,4
111900001,2,0,2
111900002,8,6,2
111900003,0,13,-13
111900004,0,18,-18
111900006,0,0,0
111900007,0,0,0
111900008,0,0,0
111900009,77,11,66
111900010,4,9,-5
111900012,5,1,4
111900013,9,20,-11
111900014,372,1623,-1251
111900015,0,3,-3
111900016,0,4,-4
111900017,0,5,-5
111900018,43,11,32
111900019,2,59,-57
111900020,0,21,-21
111900021,1,13,-12
111900022,0,0,0
111900023,42,13,29
111900024,7,11,-4
111900025,0,6,-6
111900026,0,1,-1
111900027,0,8,-8
111900028,0,0,0
111900029,0,2,-2
111900030,0,0,0
111900031,18,0,18
111900032,0,0,0
111900033,2,2,0
111900034,0,2,-2
111900035,0,0,0
111900036,0,0,0
111900038,0,2,-2
111900039,0,0,0
111900040,0,0,0
111900042,0,0,0
111900043,0,0,0
111900044,0,0,0
111900046,0,0,0
111900048,136,35,101
111900049,0,0,0
111900050,0,0,0
111900051,0,6,-6
111900052,0,1,-1
111900053,69,525,-456
111900054,0,0,0
111900055,4,68,-64
111900056,12,92,-80
111900057,63,2,61
111900058,283,13,270
111900059,123,36,87
111900060,0,0,0
111900061,0,23,-23
111900062,27,8,19
111900063,13,0,13
111900064,18,30,-12
111900065,48,4,44
111900066,5,0,5
111900067,0,0,0
111900068,3,24,-21
111900069,50,18,32
111900070,33,0,33
111900071,0,0,0
111900072,31,4,27
111900073,69,21,48
111900074,0,0,0
111900075,61,2,59
111900076,13,9,4
111900077,27,2,25
111900078,89,6,83
111900079,28,18,10
111900080,0,0,0
111900082,323,30,293
111900083,38,4,34
111900084,127,23,104
111900085,0,0,0
111900086,204,17,187
111900087,42,0,42
111900088,97,0,97
111900089,69,0,69
111900090,0,0,0
111900091,563,5,558
111900092,60,1,59
111900093,98,3,95
111900094,15,0,15
111900095,0,0,0
111900096,213,1,212
111900097,51,0,51
111900098,97,0,97
111900099,56,0,56
111900100,0,0,0
111900101,15,0,15
111900102,218,0,218
111900103,0,0,0
111900104,0,0,0
111900105,8,1,7
111900106,35,9,26
111900110,6,0,6
111900111,120,14,106
111900112,0,0,0
111900113,86,24,62
111900118,47,4,43
111900119,0,6,-6
111900122,10,20,-10
111900123,1,2,-1
111900124,46,2,44
111900125,49,6,43
111900126,59,0,59
111900127,0,0,0
111900128,0,0,0
111900129,60,1,59
111900130,15,9,6
111900131,72,0,72
111900132,0,0,0
111900133,0,0,0
111900134,0,0,0
111900135,0,0,0
111900136,0,0,0
111900137,11,29,-18
111900138,1,22,-21
111900139,2,2,0
111900140,74,13,61
111900141,55,12,43
111900142,41,10,31
111900143,8,0,8
111900144,0,0,0
111900145,0,0,0
111900146,0,0,0
111900147,0,0,0
111900148,0,0,0
111900149,0,0,0
111900150,0,0,0
111900151,0,0,0
111900152,0,0,0
111900153,0,0,0
111900154,0,0,0
111900155,0,0,0
111900156,0,0,0
111900157,0,0,0
111900158,0,0,0
111900159,0,0,0
111900160,0,0,0
111900161,0,0,0
111900162,0,0,0
111900163,0,0,0
111900164,0,0,0
111901113,128,0,128
111901114,82,12,70
111901115,0,0,0
111901116,0,0,0
111901117,0,0,0
111901118,0,0,0
111901119,0,0,0
111901121,0,0,0
111901122,3,0,3
111901123,52,0,52
111901124,0,0,0
111901125,199,73,126
111901127,9,3,6
111901128,0,0,0
111901129,0,0,0
111901130,0,0,0
111901131,1,68,-67
111901132,0,0,0
111901133,0,0,0
111901134,0,0,0
111901135,0,0,0
111901136,0,0,0
111901137,0,0,0
111901138,0,0,0
111901139,0,0,0
111901140,0,0,0
111901141,0,0,0
111901142,0,0,0
111901143,0,0,0
111901144,0,0,0
111901145,4,0,4
111901146,0,0,0
112000001,1533,798,735
112000002,102,256,-154
112000003,777,355,422
112000004,91,64,27
112000005,3175,2096,1079
112000006,121,71,50
112000007,2769,1713,1056
112000008,1922,2823,-901
112000009,1880,744,1136
112000010,1219,2744,-1525
112000011,653,504,149
112000012,2462,4775,-2313
112000013,902,596,306
112000014,312,2715,-2403
112000015,264,838,-574
112000016,591,1429,-838
112000017,115,641,-526
112000024,94,85,9
112000026,536,535,1
112000027,465,563,-98
112000028,362,78,284
112000029,204,435,-231
112000030,6,6,0
112000031,404,1906,-1502
112000032,19,5,14
112000033,363,1334,-971
112000034,1,1,0
112000035,2,36,-34
112000036,43,485,-442
112000037,68,167,-99
112000038,175,357,-182
112000039,40,25,15
112000040,33,65,-32
112000041,94,260,-166
112000042,408,52,356
112000050,824,789,35
112000051,747,926,-179
112000054,389,603,-214
112000057,24,50,-26
112000058,40,293,-253
112000059,222,214,8
112000061,817,330,487
112000062,252,535,-283
112000063,419,524,-105
112000064,737,687,50
112000065,465,281,184
112000066,898,680,218
112000067,58,107,-49
112000068,1285,1061,224
112000069,75,289,-214
112000070,310,265,45
112000071,227,250,-23
112000072,1015,256,759
112000073,131,222,-91
112000074,533,318,215
112000075,780,512,268
112000076,906,303,603
112000077,834,230,604
112000078,970,266,704
112000079,1295,500,795
112000080,300,247,53
112000081,369,592,-223
112000082,596,654,-58
112000083,310,460,-150
112000084,623,362,261
112000085,944,398,546
112000086,1533,378,1155
112000087,263,84,179
112000088,512,210,302
112000089,194,104,90
112000090,163,105,58
112000091,236,127,109
112000092,1433,98,1335
112000093,335,107,228
112000094,570,145,425
112000095,420,89,331
112000096,697,137,560
112000097,1041,243,798
112000098,31,27,4
112000099,248,1253,-1005
112000100,1317,166,1151
112000101,45,50,-5
112000102,630,109,521
112000103,69,64,5
112000105,14,49,-35
112000106,1051,53,998
112000107,7,40,-33
112000108,117,269,-152
112000109,50,44,6
112000110,689,159,530
112000111,104,296,-192
112000112,1136,61,1075
112000113,102,155,-53
112000114,901,167,734
112000115,99,29,70
112000116,27,39,-12
112000117,29,39,-10
112000118,116,94,22
112000119,129,127,2
112000120,3,10,-7
112000121,64,144,-80
112000122,256,38,218
112000123,486,40,446
112000124,297,20,277
112000125,132,70,62
112000126,310,116,194
112000127,746,1007,-261
112000128,129,454,-325
112000129,99,36,63
112000130,18,10,8
112000131,43,10,33
112000132,5,11,-6
112000133,192,14,178
112000134,140,49,91
112000135,535,95,440
112000136,272,216,56
112000137,647,244,403
112000138,266,218,48
112000139,103,251,-148
112000140,46,57,-11
112000141,407,80,327
112000142,32,54,-22
112000143,730,67,663
112000144,75,139,-64
112000145,1698,152,1546
112000146,123,257,-134
112000147,1149,470,679
112000148,147,227,-80
112000149,170,64,106
112000150,3,12,-9
112000151,187,34,153
112000152,55,10,45
112000153,25,23,2
112000154,69,0,69
112000155,53,17,36
112000157,37,300,-263
112000158,131,35,96
112000159,146,63,83
112000167,11,11,0
112000169,41,456,-415
112000173,318,3,315
112000175,147,92,55
112000176,570,467,103
112000177,158,42,116
112000178,23,89,-66
112000179,106,5,101
112000180,26,10,16
112000181,352,115,237
112000182,906,76,830
112000183,59,28,31
112000184,259,26,233
112000185,48,9,39
112000187,1003,257,746
112000195,95,6,89
112000196,39,1,38
112000197,10,3,7
112000198,2,13,-11
112000199,5,78,-73
112000202,215,0,215
112000216,16,5,11
112000230,51,3,48
112000231,0,1,-1
112000256,79,108,-29
112000313,14,3,11
112000314,0,7,-7
112000337,9,96,-87
112000352,1,21,-20
112000392,836,908,-72
112000398,803,291,512
112000399,344,2772,-2428
112000400,278,488,-210
112000401,627,543,84
112000402,2314,3502,-1188
112000403,416,2599,-2183
112000404,376,944,-568
112000405,2139,1878,261
112000406,863,608,255
112000407,4271,2589,1682
112000408,1736,995,741
112000409,440,880,-440
112000410,0,2,-2
112000411,318,60,258
112000412,0,0,0
112000413,102,224,-122
112000414,73,5,68
112000415,60,6,54
112000416,1882,559,1323
112000417,147,54,93
112000421,3,8,-5
112000422,93,32,61
112000424,113,673,-560
112000425,32,70,-38
112000426,28,17,11
112000427,0,2,-2
112000428,38,43,-5
112000429,852,886,-34
112000430,1020,1557,-537
112000431,57,91,-34
112000432,86,109,-23
112000433,134,297,-163
112000437,71,104,-33
112900001,25,0,25
112900002,92,7,85
112900003,4,0,4
112900004,32,0,32
112900005,92,0,92
112900006,0,0,0
112900007,124,3,121
112900008,0,1,-1
112900009,64,0,64
112900010,20,1,19
112900011,0,0,0
112900012,0,0,0
112900013,1,30,-29
112900014,0,0,0
112900015,2,9,-7
112900016,0,0,0
112900017,0,11,-11
112900018,0,0,0
112900019,1,0,1
112900020,33,39,-6
112900021,0,0,0
112900022,0,2,-2
112900023,0,0,0
112900024,0,0,0
112900025,4,10,-6
112900026,0,0,0
112900027,0,0,0
112900028,0,0,0
112900029,40,8,32
112900030,0,0,0
112900031,0,0,0
112900032,0,0,0
112900034,1,11,-10
112900035,0,0,0
112900036,0,0,0
112900037,0,0,0
112900038,83,0,83
112900039,0,0,0
112900040,0,0,0
112900041,6,78,-72
112900042,0,0,0
112900043,2,0,2
112900044,3,0,3
112900045,0,0,0
112900046,0,0,0
112900047,0,0,0
112900049,0,0,0
112900050,28,0,28
112900051,0,0,0
112900052,3,0,3
112900053,0,0,0
112900054,9,0,9
112900055,0,0,0
112900056,0,0,0
112900057,0,0,0
112900058,8,8,0
112900059,0,0,0
112900060,0,0,0
112900061,0,0,0
112900062,0,0,0
112900063,0,0,0
112900064,0,0,0
112900065,0,0,0
112900066,44,29,15
112900067,0,0,0
112900068,0,0,0
112900069,1,0,1
112900071,0,0,0
112900072,5,52,-47
112900073,64,25,39
112900074,0,0,0
112900075,28,2,26
112900076,0,0,0
112900078,0,0,0
112900079,0,0,0
112900080,0,0,0
112900081,10,16,-6
112900082,25,9,16
112900083,0,0,0
112900084,0,0,0
112900086,0,0,0
112900087,89,0,89
112900088,41,0,41
112900089,212,5,207
112900090,0,0,0
112900091,0,0,0
112900092,0,0,0
112900093,0,0,0
112900095,0,0,0
112900096,44,8,36
112900097,0,1,-1
112900098,6,0,6
112900099,254,2,252
112900100,0,0,0
112900101,0,0,0
112900102,0,0,0
112900103,0,0,0
112900104,0,0,0
112900105,0,0,0
112900106,14,10,4
112900107,6,0,6
112900108,0,0,0
112900109,5,0,5
112900110,0,0,0
112900111,0,0,0
112900112,0,0,0
112900113,0,0,0
112900114,1,0,1
112900115,607,0,607
112900116,34,0,34
112900117,0,0,0
112900118,0,0,0
112900119,0,0,0
112900120,0,0,0
112900121,0,0,0
112900122,0,0,0
112900123,0,0,0
112900124,0,0,0
112900125,0,8,-8
112900126,1,12,-11
112900127,0,0,0
112900128,0,0,0
112900129,0,52,-52
112900130,0,0,0
112900131,0,0,0
112900132,0,0,0
112900133,0,32,-32
112900134,0,13,-13
112900135,0,0,0
112900137,0,33,-33
112900138,0,5,-5
112900139,0,0,0
112900141,195,1,194
112900142,0,0,0
112900143,0,0,0
112900144,0,0,0
112900145,0,0,0
112900146,0,0,0
112900147,0,0,0
112900148,0,0,0
112900149,0,0,0
112900151,0,0,0
112900152,366,46,320
112900153,4,96,-92
112900154,0,0,0
112900155,9,0,9
112900156,19,0,19
112900157,142,2,140
112900158,0,0,0
112900159,2,0,2
112900160,0,1,-1
112900161,0,0,0
112900162,0,0,0
112900163,0,0,0
112900164,0,0,0
112900165,0,0,0
112900166,0,0,0
112900167,0,0,0
112900168,0,0,0
112900169,0,0,0
112900170,0,0,0
112900172,0,0,0
112900173,1,0,1
112900174,1,0,1
112900175,0,0,0
112900176,0,0,0
112900177,0,0,0
112900178,4,0,4
112900179,0,34,-34
112900180,365,122,243
112900181,2,0,2
112900182,0,0,0
112900183,0,0,0
112900184,31,53,-22
112900185,1,44,-43
112900186,56,60,-4
112900187,0,0,0
112900188,38,72,-34
112900189,0,0,0
112900190,0,0,0
112900192,64,38,26
112900193,85,18,67
112900194,0,0,0
112900195,98,0,98
112900196,22,20,2
112900197,4,24,-20
112900199,70,0,70
112900200,18,0,18
112900201,11,1,10
112900202,12,16,-4
112900203,11,0,11
112900204,29,4,25
112900205,2,0,2
112900206,0,1,-1
112900207,1,0,1
112900208,0,7,-7
112900209,0,0,0
112900210,0,0,0
112900211,0,0,0
112900212,0,0,0
112900213,0,0,0
112900214,0,0,0
112900215,0,0,0
112900216,0,0,0
112900217,0,0,0
112900218,37,0,37
112900219,2,0,2
112900220,0,0,0
112900221,7,0,7
112900222,0,0,0
112900223,148,3,145
112900224,52,0,52
112900225,0,0,0
112900226,0,0,0
112900227,197,0,197
112900228,65,0,65
112900229,0,0,0
112900230,321,114,207
112900232,3,8,-5
112900233,0,0,0
112900234,0,0,0
112900235,0,0,0
112900236,0,0,0
112900237,61,0,61
112900238,0,0,0
112900239,0,0,0
113000001,1610,1701,-91
113000002,1725,1966,-241
113000003,422,879,-457
113000004,453,995,-542
113000005,293,284,9
113000006,257,698,-441
113000007,509,257,252
113000008,430,510,-80
113000009,248,276,-28
113000010,550,363,187
113000011,275,198,77
113000012,641,131,510
113000013,101,76,25
113000014,284,635,-351
113000015,37,74,-37
113000016,21,60,-39
113000017,49,34,15
113000018,58,15,43
113000019,107,14,93
113000020,257,42,215
113000021,618,125,493
113000022,242,243,-1
113000025,4,22,-18
113000026,209,416,-207
113000027,107,332,-225
113000028,64,219,-155
113000029,330,414,-84
113000030,0,0,0
113000031,0,0,0
113000032,122,91,31
113000033,243,132,111
113000034,1,0,1
113000035,0,0,0
113000036,6,48,-42
113000037,0,0,0
113000038,8,44,-36
113000039,0,17,-17
113000040,2,3,-1
113000042,170,144,26
113000051,403,1177,-774
113000052,317,112,205
113000053,123,71,52
113000054,97,432,-335
113000055,583,175,408
113000056,733,222,511
113000058,113,456,-343
113000059,434,185,249
113000060,132,257,-125
113000061,198,232,-34
113000062,173,65,108
113000063,214,39,175
113000064,70,40,30
113000065,109,126,-17
113000066,501,63,438
113000067,864,105,759
113000068,236,139,97
113000069,200,231,-31
113000070,652,81,571
113000071,136,130,6
113000072,295,71,224
113000073,151,246,-95
113000074,224,101,123
113000075,655,131,524
113000076,133,607,-474
113000077,253,314,-61
113000078,156,440,-284
113000079,63,132,-69
113000080,119,150,-31
113000081,293,327,-34
113000082,174,64,110
113000083,388,409,-21
113000084,466,334,132
113000085,518,284,234
113000086,284,366,-82
113000087,414,695,-281
113000088,376,382,-6
113000089,498,1067,-569
113000090,52,216,-164
113000091,118,4,114
113000094,492,43,449
113000095,87,72,15
113000096,65,25,40
113000097,169,33,136
113000098,5,28,-23
113000099,339,54,285
113000100,87,48,39
113000101,27,7,20
113000102,112,67,45
113000103,686,139,547
113000104,557,1327,-770
113000105,444,129,315
113000106,209,92,117
113000107,487,515,-28
113000108,481,329,152
113000109,114,358,-244
113000110,609,343,266
113000111,15,91,-76
113000112,73,221,-148
113000113,621,278,343
113000114,3,246,-243
113000116,84,65,19
113000117,93,178,-85
113000118,10,227,-217
113000119,44,192,-148
113000120,18,428,-410
113000121,80,77,3
113000124,213,61,152
113000125,3,442,-439
113000127,92,17,75
113000128,92,217,-125
113000129,0,0,0
113000133,259,2,257
113000134,7,499,-492
113000135,1727,1871,-144
113000137,509,1004,-495
113000139,254,76,178
113000140,0,1,-1
113000141,256,63,193
113000142,136,113,23
113000143,139,202,-63
113000144,11,69,-58
113000145,90,88,2
113000146,0,0,0
113000147,0,0,0
113000148,220,78,142
113000149,99,104,-5
113000150,0,1,-1
113000151,0,0,0
113000152,13,159,-146
113000153,179,115,64
113000154,140,436,-296
113000155,162,224,-62
113000156,76,64,12
113000157,99,120,-21
113000158,142,1,141
113000159,394,20,374
113000160,225,120,105
113000161,90,83,7
113000162,0,0,0
113000163,58,42,16
113000164,0,0,0
113000166,191,38,153
113000167,0,0,0
113000168,0,0,0
113000169,195,7,188
113000170,93,18,75
113000171,0,0,0
113000172,168,7,161
113000173,52,13,39
113000174,0,0,0
113000175,252,30,222
113000176,347,17,330
113000177,0,0,0
113000178,0,0,0
113000179,129,11,118
113000180,449,775,-326
113000181,493,325,168
113000182,28,42,-14
113000183,49,250,-201
113000184,0,0,0
113000189,8,90,-82
113000190,163,62,101
113000192,229,988,-759
113000193,658,650,8
113000194,160,511,-351
113000195,456,782,-326
113000196,149,98,51
113000197,408,780,-372
113000198,6,92,-86
113000199,292,160,132
113000201,20,24,-4
113000202,700,250,450
113000203,56,8,48
113000204,88,964,-876
113000205,0,0,0
113000206,2,4,-2
113000207,0,0,0
113000208,6,22,-16
113000209,0,0,0
113000210,2,12,-10
113000211,103,30,73
113000212,18,1,17
113000213,8,30,-22
113000214,0,0,0
113000234,7,53,-46
113000410,5,91,-86
113000411,657,1343,-686
113000412,1009,575,434
113000413,1046,966,80
113000414,1250,3706,-2456
113000415,330,614,-284
113000416,770,702,68
113000417,234,559,-325
113000418,1589,1710,-121
113000419,522,854,-332
113000420,1397,2054,-657
113000421,2269,3674,-1405
113000422,3053,2709,344
113000423,726,1739,-1013
113000424,1081,3318,-2237
113000425,6,59,-53
113000428,8,2,6
113000430,0,0,0
113000432,747,39,708
113000433,29,124,-95
113000434,0,3,-3
113000435,0,2,-2
113000436,0,23,-23
113000437,471,2,469
113000438,79,2,77
113000439,0,0,0
113000440,9,1,8
113000441,120,15,105
113000442,0,0,0
113000443,45,4,41
113000444,0,0,0
113000445,41,6,35
113000446,0,0,0
113000448,0,0,0
113000449,5,348,-343
113000450,39,747,-708
113000451,6,0,6
113000452,64,128,-64
113000453,0,0,0
113000454,29,56,-27
113000455,0,0,0
113000456,102,69,33
113000468,203,38,165
113000469,24,126,-102
113000470,125,32,93
113000471,1,196,-195
113000472,34,16,18
113000474,539,585,-46
113000475,460,513,-53
113000476,711,921,-210
113000477,2130,1002,1128
113000478,1478,1226,252
113000479,1,22,-21
113000480,79,173,-94
113000483,0,0,0
113000484,0,0,0
113000485,0,0,0
113000486,0,0,0
113000487,0,0,0
113000488,0,0,0
113000489,0,0,0
113000490,0,0,0
113000491,0,4,-4
113000492,0,0,0
113000493,0,0,0
113000495,0,0,0
113000496,9,38,-29
113000497,0,0,0
113000500,0,0,0
113900001,0,0,0
113900002,0,0,0
113900003,0,0,0
113900004,0,0,0
113900005,0,0,0
113900006,0,0,0
113900007,0,0,0
113900008,0,0,0
113900009,0,0,0
113900010,0,0,0
113900011,0,0,0
113900012,0,0,0
113900013,0,0,0
113900014,198,3,195
113900015,0,0,0
113900016,2,0,2
113900017,2,0,2
113900018,0,0,0
113900019,0,0,0
113900020,58,0,58
113900022,21,2,19
113900023,0,0,0
113900024,0,0,0
113900025,42,7,35
113900026,0,0,0
113900027,0,0,0
113900028,0,0,0
113900029,0,0,0
113900030,87,0,87
113900031,2,0,2
113900032,0,0,0
113900033,0,0,0
113900035,0,0,0
113900036,3,0,3
113900037,0,0,0
113900038,0,0,0
113900039,108,28,80
113900040,1,0,1
113900041,0,0,0
113900042,0,0,0
113900043,0,0,0
113900044,2,36,-34
113900045,0,0,0
113900046,0,0,0
113900047,0,0,0
113900048,0,0,0
113900049,0,0,0
113900050,1,28,-27
113900051,0,0,0
113900052,1,0,1
113900053,43,117,-74
113900054,0,0,0
113900055,0,0,0
113900056,0,0,0
113900057,0,0,0
113900058,0,0,0
113900059,0,0,0
113900060,2,0,2
113900061,11,20,-9
113900062,0,0,0
113900063,0,0,0
113900064,0,0,0
113900065,272,3,269
113900066,0,0,0
113900067,11,3,8
113900068,174,129,45
113900069,0,0,0
113900070,0,0,0
113900071,0,0,0
113900072,0,0,0
113900073,74,82,-8
113900074,29,17,12
113900075,98,176,-78
113900076,0,0,0
113900077,0,0,0
113900078,0,0,0
113900079,0,0,0
113900080,3,6,-3
113900081,0,0,0
113900082,0,0,0
113900083,51,10,41
113900084,9,10,-1
113900085,5,0,5
113900086,1,0,1
113900087,0,0,0
113900088,0,0,0
113900089,110,6,104
113900090,6,3,3
113900091,0,0,0
113900092,0,0,0
113900093,0,0,0
113900094,33,16,17
113900095,21,9,12
113900096,0,0,0
113900097,0,0,0
113900098,247,14,233
113900099,0,0,0
113900100,0,0,0
113900101,0,0,0
113900102,3,0,3
113900103,20,31,-11
113900104,31,37,-6
113900105,1,0,1
113900106,0,0,0
113900107,0,0,0
113900108,0,0,0
113900109,5,0,5
113900110,0,0,0
113900111,0,0,0
113900112,15,0,15
113900113,20,2,18
113900114,0,0,0
113900115,0,0,0
113900116,0,0,0
113900117,0,0,0
113900118,0,20,-20
113900119,26,73,-47
113900120,0,0,0
113900121,0,0,0
113900122,22,1021,-999
113900123,1,0,1
113900124,0,0,0
113900125,20,1,19
113900126,0,0,0
113900127,0,0,0
113900128,0,0,0
113900129,2,47,-45
113900130,0,0,0
113900131,0,0,0
113900132,0,0,0
113900133,0,0,0
113900135,0,0,0
113900136,0,0,0
113900137,0,0,0
113900138,0,0,0
113900139,0,0,0
113900140,20,28,-8
113900141,0,0,0
113900142,0,0,0
113900143,0,0,0
113900144,26,11,15
113900145,0,0,0
113900146,0,0,0
113900148,0,0,0
113900149,0,0,0
113900150,121,31,90
113900151,0,0,0
113900152,0,0,0
113900153,0,0,0
113900154,0,0,0
113900155,0,0,0
113900156,0,0,0
113900157,0,14,-14
113900158,0,0,0
113900159,0,0,0
113900160,0,0,0
113900161,0,0,0
113900162,7,21,-14
113900163,0,0,0
113900164,2,0,2
113900165,0,0,0
113900166,1,3,-2
113900167,0,0,0
113900168,0,0,0
113900169,0,0,0
113900171,0,0,0
113900172,0,0,0
113900173,1,21,-20
113900174,0,0,0
113900175,154,13,141
113900176,0,0,0
113900177,1,1,0
113900178,0,0,0
113900179,0,51,-51
113900180,15,3,12
113900181,117,0,117
113900182,0,0,0
113900183,0,1,-1
113900184,1,37,-36
113900185,1,1,0
113900186,0,0,0
113900187,0,2,-2
113900188,0,0,0
113900189,0,0,0
113900190,0,0,0
113900191,0,0,0
113900192,0,0,0
113900193,0,10,-10
113900194,42,12,30
113900195,0,0,0
113900196,0,0,0
113900197,0,7,-7
113900198,0,0,0
113900199,2,15,-13
113900200,0,0,0
113900201,0,5,-5
113900202,0,0,0
113900203,0,7,-7
113900204,0,3,-3
113900205,0,0,0
113900206,0,0,0
113900207,0,0,0
113900208,0,0,0
113900209,0,0,0
113900210,0,0,0
113900211,0,0,0
113900212,95,4,91
113900214,3,19,-16
113900215,151,0,151
113900216,0,0,0
113900217,0,0,0
113900218,0,0,0
113900219,0,0,0
113900220,0,0,0
113900221,4,13,-9
113900222,0,0,0
113900223,0,0,0
113900224,0,0,0
113900225,14,1,13
113900226,14,3,11
113900227,11,7,4
113900228,0,0,0
113900229,0,22,-22
113900230,80,8,72
113900231,0,0,0
113900232,0,0,0
113900233,0,0,0
113900234,1,0,1
113900235,0,0,0
113900236,66,0,66
113900237,0,0,0
113900238,2,60,-58
113900239,0,0,0
113900240,0,0,0
113900241,0,0,0
113900242,0,0,0
113900243,0,9,-9
113900244,10,11,-1
113900245,11,1,10
113900246,1,16,-15
113900247,33,143,-110
113900248,0,0,0
113900249,3,36,-33
113900250,2,19,-17
113900251,203,14,189
113900252,152,3,149
113900253,95,2,93
113900254,181,21,160
113900255,349,19,330
113900256,165,9,156
113900257,1,39,-38
113900258,0,41,-41
113900259,65,6,59
113900260,190,2,188
113900261,18,1,17
113900262,36,28,8
113900263,0,7,-7
113900264,0,3,-3
113900265,20,0,20
113900266,19,0,19
113900267,0,0,0
113900268,1,10,-9
113900269,0,0,0
113900270,0,0,0
113900271,0,0,0
113900273,0,4,-4
113900274,26,0,26
113900275,0,0,0
113900276,0,10,-10
113900277,47,0,47
113900278,0,0,0
113900279,0,0,0
113900280,9,15,-6
113900281,6,110,-104
113900282,0,0,0
113900283,0,0,0
113900284,301,70,231
113900285,3,0,3
113900286,0,0,0
113900287,0,0,0
113900288,0,0,0
113900289,0,0,0
113900290,0,0,0
113900291,0,0,0
113900292,0,0,0
113900293,0,0,0
113900294,237,15,222
113900295,68,46,22
113900296,85,9,76
113900297,277,4,273
113900298,0,0,0
113900299,21,0,21
113900300,499,23,476
113900301,39,1,38
113900302,70,11,59
113900303,0,0,0
113900304,0,0,0
113900305,66,0,66
113900306,3,0,3
113900307,0,0,0
113900308,0,0,0
113900309,0,12,-12
113900310,0,0,0
113900311,0,0,0
113900312,0,0,0
113900313,0,0,0
114000001,354,355,-1
114000002,71,67,4
114000003,2,3,-1
114000004,79,2,77
114000005,37,3,34
114000006,213,253,-40
114000007,185,126,59
114000008,253,267,-14
114000009,222,76,146
114000011,1581,387,1194
114000012,1933,299,1634
114000013,1012,388,624
114000014,43,20,23
114000015,277,27,250
114000016,9,32,-23
114000017,24,78,-54
114000018,3,31,-28
114000026,1187,265,922
114000027,1574,642,932
114000028,788,1241,-453
114000038,5,1,4
114000039,0,0,0
114000040,36,102,-66
114000042,3,83,-80
114000043,83,15,68
114000044,86,27,59
114000045,2,3,-1
114000046,288,473,-185
114000047,13,77,-64
114000048,24,63,-39
114000049,552,360,192
114000050,371,348,23
114000051,705,721,-16
114000052,613,778,-165
114000053,139,218,-79
114000054,37,247,-210
114000055,48,5,43
114000056,4,68,-64
114000057,620,595,25
114000058,1,16,-15
114000059,2,40,-38
114000060,33,151,-118
114000061,624,1285,-661
114000062,144,386,-242
114000063,120,171,-51
114000064,261,463,-202
114000065,252,430,-178
114000066,208,404,-196
114000067,27,210,-183
114000068,74,153,-79
114000069,254,78,176
114000070,1151,669,482
114000071,78,30,48
114000072,149,6,143
114000073,26,32,-6
114000074,24,1,23
114000075,65,8,57
114000076,3,27,-24
114000077,2,0,2
114000078,14,58,-44
114000079,44,1,43
114000080,4,45,-41
114000081,15,81,-66
114000082,5,89,-84
114000083,0,0,0
114000084,67,55,12
114000085,29,33,-4
114000086,19,14,5
114000087,0,0,0
114000088,36,15,21
114000089,71,16,55
114000090,204,402,-198
114000091,242,282,-40
114000092,118,42,76
114000093,383,186,197
114000094,101,157,-56
114000095,60,134,-74
114000096,24,72,-48
114000097,55,81,-26
114000098,259,51,208
114000099,269,51,218
114000100,1439,91,1348
114000101,153,86,67
114000102,234,57,177
114000103,47,46,1
114000104,2,20,-18
114000105,14,4,10
114000106,130,279,-149
114000107,167,16,151
114000108,128,34,94
114000109,539,680,-141
114000110,8,4,4
114000111,1092,364,728
114000112,1,6,-5
114000113,738,128,610
114000114,1,4,-3
114000115,895,382,513
114000116,616,1252,-636
114000117,2203,168,2035
114000118,2176,171,2005
114000119,1728,300,1428
114000120,212,179,33
114000121,0,1,-1
114000122,163,8,155
114000123,935,92,843
114000124,456,100,356
114000125,262,353,-91
114000126,676,46,630
114000127,79,72,7
114000128,381,103,278
114000130,265,435,-170
114000131,116,29,87
114000132,148,81,67
114000133,49,108,-59
114000134,0,0,0
114000138,0,0,0
114000139,122,167,-45
114000144,227,192,35
114000145,0,0,0
114000146,0,0,0
114000147,742,1352,-610
114000148,322,869,-547
114000149,102,61,41
114000150,7,15,-8
114000151,80,909,-829
114000152,4,3,1
114000153,88,416,-328
114000154,158,71,87
114000155,342,848,-506
114000156,277,428,-151
114000157,52,247,-195
114000158,101,83,18
114000159,53,48,5
114000160,10,36,-26
114000161,313,683,-370
114000162,870,1172,-302
114000163,0,0,0
114000165,64,181,-117
114000166,89,150,-61
114000167,830,429,401
114000168,13,3,10
114000169,414,594,-180
114000170,579,456,123
114000171,889,3340,-2451
114000174,13,6,7
114000176,8,3,5
114000177,54,11,43
114000178,64,33,31
114000179,720,412,308
114000180,26,6,20
114000181,364,1819,-1455
114000182,369,292,77
114000183,240,57,183
114000184,133,106,27
114000185,872,446,426
114000189,995,49,946
114000190,2443,444,1999
114000191,40,208,-168
114000192,0,0,0
114000193,0,0,0
114000194,885,427,458
114000195,148,96,52
114000196,0,0,0
114000197,1496,6,1490
114000198,0,0,0
114000199,2,110,-108
114000200,202,146,56
114000201,69,84,-15
114000202,647,291,356
114000203,257,262,-5
114000204,0,0,0
114000205,17,160,-143
114000206,40,175,-135
114000207,132,147,-15
114000208,137,56,81
114000209,45,79,-34
114000210,71,240,-169
114000211,1363,571,792
114000212,569,467,102
114000213,1419,409,1010
114000214,17,0,17
114000215,40,1,39
114000216,467,190,277
114000217,307,103,204
114000218,100,2,98
114000219,661,76,585
114000220,0,10,-10
114000221,516,56,460
114000222,9,78,-69
114000223,522,57,465
114000224,9,79,-70
114000225,88,36,52
114000226,132,46,86
114000227,901,278,623
114000228,783,159,624
114000229,575,406,169
114000230,1467,326,1141
114000231,547,577,-30
114000232,706,134,572
114000233,1375,26,1349
114000234,959,396,563
114000235,791,488,303
114000236,0,0,0
114000237,114,123,-9
114000238,40,411,-371
114000239,58,218,-160
114000240,485,539,-54
114000241,65,181,-116
114000242,351,197,154
114000243,1133,782,351
114000244,365,64,301
114000245,75,129,-54
114000246,0,0,0
114000247,430,227,203
114000248,965,435,530
114000249,743,236,507
114000250,286,42,244
114000251,212,18,194
114000252,21,6,15
114000253,37,18,19
114000254,0,0,0
114000255,23,81,-58
114000256,64,232,-168
114000257,19,235,-216
114000258,153,66,87
114000259,1,0,1
114000260,0,0,0
114000261,39,18,21
114000262,0,0,0
114000263,13,0,13
114000264,296,25,271
114000265,0,0,0
114000267,1,437,-436
114000268,0,0,0
114000270,119,5,114
114000271,142,31,111
114000283,672,71,601
114000285,0,0,0
114000288,4,4,0
114000289,363,30,333
114000293,120,5,115
114000294,69,273,-204
114000395,433,16,417
114000396,241,96,145
114000402,308,133,175
114000403,237,39,198
114000405,179,69,110
114000423,284,61,223
114000424,220,111,109
114000425,451,103,348
114000426,312,742,-430
114000427,35,7,28
114000428,27,69,-42
114000429,33,9,24
114000432,94,4,90
114000434,3,25,-22
114000435,0,0,0
114000436,26,11,15
114000437,83,790,-707
114900001,221,35,186
114900002,75,9,66
114900003,140,57,83
114900004,72,85,-13
114900005,58,68,-10
114900006,17,7,10
114900007,51,1,50
114900008,33,5,28
114900010,0,0,0
114900011,74,12,62
114900013,40,4,36
114900015,2,39,-37
114900018,28,12,16
114900020,2,4,-2
114900022,1,7,-6
114900024,24,19,5
114900025,132,8,124
114900026,23,10,13
114900027,47,10,37
114900029,1,3,-2
114900030,56,5,51
114900031,72,1,71
114900032,161,0,161
114900033,40,164,-124
114900034,0,0,0
114900035,2,6,-4
114900036,68,21,47
114900037,0,0,0
114900038,0,0,0
114900039,0,0,0
114900040,0,0,0
114900041,0,0,0
114900042,0,0,0
114900043,0,0,0
114900044,6,1,5
114900046,0,0,0
114900047,0,0,0
114900048,0,0,0
114900049,0,0,0
114900050,0,0,0
114900051,0,0,0
114900052,0,0,0
114900053,0,0,0
114900054,0,0,0
114900057,6,3,3
114900058,0,0,0
114900059,1,4,-3
114900060,5,11,-6
114900061,0,0,0
114900062,6,7,-1
114900063,0,0,0
114900064,0,0,0
114900065,0,0,0
114900067,0,0,0
114900068,0,0,0
114900069,0,0,0
114900070,126,19,107
114900072,2,0,2
114900073,0,0,0
114900074,217,2,215
114900075,44,2,42
114900076,9,0,9
114900080,101,8,93
114900082,387,33,354
114900083,0,0,0
114900090,75,36,39
114900091,0,0,0
114900095,0,0,0
114900096,0,1,-1
114900097,30,0,30
114900098,0,0,0
114900099,24,3,21
115000001,594,720,-126
115000002,2179,3216,-1037
115000003,483,351,132
115000004,2079,3429,-1350
115000005,97,102,-5
115000006,568,905,-337
115000007,75,276,-201
115000008,162,161,1
115000009,111,268,-157
115000010,75,212,-137
115000013,0,0,0
115000015,0,0,0
115000016,6,301,-295
115000019,92,189,-97
115000020,11,141,-130
115000021,0,50,-50
115000022,23,42,-19
115000023,330,427,-97
115000024,76,18,58
115000025,699,338,361
115000026,11,3,8
115000027,253,136,117
115000028,17,36,-19
115000029,774,13,761
115000030,29,52,-23
115000031,623,51,572
115000032,0,0,0
115000033,113,14,99
115000034,0,0,0
115000035,531,17,514
115000036,0,0,0
115000037,303,5,298
115000038,19,251,-232
115000039,588,1063,-475
115000040,876,599,277
115000041,511,1644,-1133
115000042,279,143,136
115000043,1548,1073,475
115000044,909,248,661
115000045,589,160,429
115000046,1849,1002,847
115000047,1791,547,1244
115000048,501,215,286
115000049,384,622,-238
115000050,1977,693,1284
115000051,888,2443,-1555
115000052,303,520,-217
115000053,1097,2293,-1196
115000054,202,177,25
115000055,6,115,-109
115000056,98,38,60
115000057,84,341,-257
115000058,39,111,-72
115000059,11,159,-148
115000061,33,96,-63
115000062,29,9,20
115000063,12,4,8
115000064,144,21,123
115000065,0,0,0
115000067,76,8,68
115000069,16,5,11
115000070,3,85,-82
115000071,70,23,47
115000072,0,0,0
115000073,786,57,729
115000075,35,25,10
115000076,676,482,194
115000077,687,341,346
115000078,703,166,537
115000079,382,304,78
115000080,1551,393,1158
115000081,15,26,-11
115000082,2333,1734,599
115000083,717,198,519
115000084,2179,240,1939
115000085,241,128,113
115000086,719,204,515
115000087,111,393,-282
115000088,890,281,609
115000089,175,163,12
115000090,300,239,61
115000091,253,131,122
115000092,423,201,222
115000093,442,0,442
115000094,1823,3232,-1409
115000095,991,2654,-1663
115000096,368,351,17
115000097,723,672,51
115000098,774,72,702
115000099,1437,385,1052
115000100,1183,262,921
115000101,63,45,18
115000102,394,103,291
115000103,148,140,8
115000105,59,80,-21
115000106,290,235,55
115000107,38,26,12
115000108,398,211,187
115000109,1247,2678,-1431
115000110,704,828,-124
115000111,84,538,-454
115000112,238,123,115
115000113,181,312,-131
115000114,282,189,93
115000116,550,521,29
115000117,467,309,158
115000118,409,645,-236
115000119,427,318,109
115000120,88,1054,-966
115000121,191,171,20
115000122,234,299,-65
115000123,140,1510,-1370
115000124,180,266,-86
115000125,122,415,-293
115000126,103,285,-182
115000127,112,43,69
115000128,77,309,-232
115000129,79,107,-28
115000130,229,81,148
115000131,244,44,200
115000132,189,28,161
115000133,179,42,137
115000134,92,8,84
115000135,16,7,9
115000136,92,42,50
115000137,1,10,-9
115000138,242,62,180
115000139,16,6,10
115000140,325,47,278
115000141,53,12,41
115000142,32,6,26
115000143,812,248,564
115000144,200,21,179
115000145,31,30,1
115000146,215,92,123
115000147,88,29,59
115000148,150,141,9
115000149,123,244,-121
115000150,203,84,119
115000151,504,222,282
115000152,236,113,123
115000153,696,179,517
115000154,397,140,257
115000155,139,108,31
115000156,193,346,-153
115000157,69,123,-54
115000158,69,86,-17
115000159,50,104,-54
115000160,205,288,-83
115000161,384,214,170
115000162,538,538,0
115000163,81,56,25
115000164,53,76,-23
115000165,204,336,-132
115000167,76,12,64
115000168,199,170,29
115000169,16,5,11
115000170,0,0,0
115000171,153,182,-29
115000172,9,13,-4
115000173,76,173,-97
115000174,27,110,-83
115000175,2,5,-3
115000176,26,31,-5
115000177,0,15,-15
115000178,0,1,-1
115000179,3,69,-66
115000180,0,10,-10
115000181,366,26,340
115000182,548,61,487
115000183,5,8,-3
115000186,183,19,164
115000187,81,13,68
115000188,310,126,184
115000189,78,16,62
115000190,347,139,208
115000191,11,24,-13
115000194,0,0,0
115000195,44,58,-14
115000196,111,17,94
115000197,69,55,14
115000198,473,17,456
115000199,57,56,1
115000200,232,14,218
115000201,12,20,-8
115000206,426,5,421
115000207,0,0,0
115000208,20,23,-3
115000209,562,99,463
115000210,97,47,50
115000211,14,35,-21
115000212,177,57,120
115000224,73,7,66
115000225,15,11,4
115000229,91,8,83
115000230,34,223,-189
115000231,251,151,100
115000232,1562,165,1397
115000233,19,2,17
115000234,1,11,-10
115000241,14,13,1
115000242,69,3,66
115000243,21,28,-7
115000244,4,7,-3
115000246,3,3,0
115000247,1,3,-2
115000248,2,5,-3
115000249,0,1,-1
115000250,135,7,128
115000251,75,5,70
115000252,11,23,-12
115000253,4,115,-111
115000258,65,12,53
115000259,27,4,23
115000261,27,6,21
115000262,0,18,-18
115000263,0,13,-13
115000264,1,15,-14
115000267,2,12,-10
115000268,0,0,0
115000269,92,5,87
115000270,9,21,-12
115000272,9,14,-5
115000273,119,7,112
115000280,246,706,-460
115000281,0,0,0
115000282,158,1033,-875
115000284,9,52,-43
115000296,158,4,154
115000297,6,518,-512
115000298,0,0,0
115000300,127,26,101
115000302,248,74,174
115000303,501,34,467
115000304,376,24,352
115000305,24,14,10
115000306,21,18,3
115000307,20,6,14
115000308,0,2,-2
115000309,0,14,-14
115000310,452,117,335
115000311,926,290,636
115000313,16,17,-1
115000314,144,91,53
115000315,5,34,-29
115000316,19,23,-4
115000317,61,42,19
115000318,585,40,545
115000319,0,6,-6
115000320,5,36,-31
115000321,100,3,97
115000322,0,9,-9
115000449,18,50,-32
115000557,0,0,0
115000558,153,15,138
115000587,255,138,117
115000588,92,76,16
115000589,1586,989,597
115000590,34,44,-10
115000591,374,307,67
115000592,27,24,3
115000593,891,373,518
115000594,13,34,-21
115000609,73,79,-6
115000617,77,556,-479
115000624,29,1,28
115000633,415,385,30
115000634,1639,404,1235
115000635,396,112,284
115000638,7,50,-43
115000641,3,2,1
115000642,226,34,192
115000643,0,0,0
115000644,32,2,30
115000646,245,388,-143
115000647,45,51,-6
115000648,1013,76,937
115000893,785,485,300
115000894,0,13,-13
115000895,0,7,-7
115000896,448,271,177
115000897,120,6,114
115000898,84,69,15
115000899,1,9,-8
115000900,6,110,-104
115000901,0,0,0
115000912,136,52,84
115000913,2,1,1
115000915,11,0,11
115000916,5,2,3
115000917,0,10,-10
115000918,1,312,-311
115000919,0,8,-8
115000920,0,0,0
115000921,0,0,0
115000922,122,397,-275
115000923,0,4,-4
115000925,18,13,5
115000927,0,3,-3
115000933,1,10,-9
115000934,12,15,-3
115000935,33,5,28
115000936,1,254,-253
115000937,82,62,20
115000938,9,29,-20
115000939,3,34,-31
115900001,55,4,51
115900002,0,1,-1
115900003,26,20,6
115900004,0,0,0
115900005,16,0,16
115900006,2,16,-14
115900008,5,0,5
115900009,3,6,-3
115900010,213,6,207
115900011,37,5,32
115900012,56,0,56
115900013,117,4,113
115900014,38,18,20
115900015,7,0,7
115900016,58,5,53
115900017,1,4,-3
115900018,45,2,43
115900019,3,0,3
115900020,90,23,67
115900021,35,4,31
115900022,97,3,94
115900023,1,0,1
115900025,3,3,0
115900026,172,31,141
115900027,0,0,0
115900028,39,13,26
115900029,0,15,-15
115900030,0,0,0
115900031,0,18,-18
115900032,71,43,28
115900033,0,0,0
115900034,1,34,-33
115900035,0,0,0
115900036,3,210,-207
115900037,0,10,-10
115900038,0,0,0
115900039,18,4,14
115900041,12,128,-116
115900042,0,0,0
115900043,12,1,11
115900044,17,71,-54
115900046,199,21,178
115900047,0,12,-12
115900049,43,20,23
115900051,0,0,0
115900052,0,0,0
115900053,156,12,144
115900054,119,0,119
115900055,0,0,0
115900056,13,7,6
115900057,2,2,0
115900058,0,0,0
115900060,5,38,-33
115900061,28,0,28
115900062,4,2,2
115900063,0,0,0
115900064,2,9,-7
115900065,45,3,42
115900066,4,4,0
115900067,0,8,-8
115900068,0,0,0
115900069,0,10,-10
115900070,55,3,52
115900071,0,0,0
115900072,2,8,-6
115900073,4,18,-14
115900074,0,0,0
115900075,0,7,-7
115900076,0,1,-1
115900077,0,0,0
115900078,19,6,13
115900079,184,0,184
115900080,21,3,18
115900081,0,0,0
115900082,17,14,3
115900084,113,1,112
115900085,3,0,3
115900086,158,36,122
115900088,0,0,0
115900089,325,0,325
115900090,131,1,130
115900091,0,0,0
115900092,0,0,0
115900093,0,0,0
115900094,0,0,0
115900096,0,0,0
115900097,0,0,0
115900098,4,0,4
115900099,1,2,-1
115900100,0,11,-11
115900101,0,0,0
115900102,7,9,-2
115900103,6,0,6
115900104,26,6,20
115900105,68,7,61
115900106,0,0,0
115900107,32,5,27
115900108,0,0,0
115900109,0,111,-111
115900110,0,0,0
115900111,0,0,0
115900112,2,138,-136
115900113,0,0,0
115900114,0,0,0
115900115,0,0,0
115900116,10,109,-99
115900117,0,0,0
115900118,0,0,0
115900119,0,0,0
115900120,3,5,-2
115900121,37,20,17
115900124,57,250,-193
115900125,130,4,126
115900126,255,3,252
115900127,376,3,373
115900128,0,0,0
115900129,117,14,103
115900130,0,10,-10
115900131,125,2,123
115900132,245,1,244
115900134,81,1,80
115900135,157,57,100
115900137,16,4,12
115900139,0,0,0
115900140,55,2,53
115900141,0,0,0
115900142,0,0,0
115900143,0,0,0
115900144,0,0,0
115900146,31,15,16
115900147,106,115,-9
115900148,1,1,0
115900149,11,0,11
115900150,47,0,47
115900151,6,3,3
115900152,3,15,-12
115900153,28,1,27
115900154,19,89,-70
115900155,0,0,0
115900156,94,129,-35
115900157,62,65,-3
115900158,0,0,0
115900159,80,7,73
115900160,0,0,0
115900161,2,56,-54
115900163,50,4,46
115900164,210,1,209
115900165,0,0,0
115900166,0,4,-4
115900168,0,0,0
115900171,6,47,-41
115900172,7,12,-5
115900173,43,33,10
115900174,8,45,-37
115900175,90,8,82
115900178,1,19,-18
115900179,36,0,36
115900180,2,2,0
115900181,91,11,80
115900182,178,16,162
115900183,0,0,0
115900184,63,0,63
115900187,0,6,-6
115900189,0,15,-15
115900190,0,54,-54
115900191,2,51,-49
115900192,0,8,-8
115900193,16,27,-11
115900194,274,2,272
115900195,63,677,-614
115900198,34,31,3
115900199,32,18,14
115900200,19,9,10
115900201,141,73,68
115900202,0,41,-41
115900203,12,8,4
115900204,0,0,0
115900205,40,0,40
115900206,0,0,0
115900207,0,0,0
115900208,12,8,4
115900209,7,13,-6
115900210,0,11,-11
115900211,0,19,-19
115900212,0,0,0
115900213,5,51,-46
115900214,200,14,186
115900215,0,10,-10
115900216,0,0,0
115900217,0,0,0
115900218,0,0,0
115900219,48,0,48
115900220,77,0,77
115900221,52,0,52
115900222,61,15,46
115900223,0,88,-88
115900224,57,422,-365
115900225,21,6,15
115900226,2,0,2
115900227,3,1,2
115900228,0,0,0
115900229,1,8,-7
115900230,1,25,-24
115900231,0,0,0
115900232,0,0,0
115900233,0,0,0
115900234,0,0,0
115900235,0,0,0
115900236,0,0,0
115900237,0,0,0
115900238,0,0,0
115900239,0,0,0
115900240,0,0,0
115900241,0,0,0
115900242,56,105,-49
115900243,0,0,0
115900244,1,0,1
115900245,7,0,7
115900246,0,0,0
115900247,0,0,0
115900248,1,0,1
115900249,1,0,1
115900250,0,10,-10
115900251,0,0,0
115900252,0,0,0
115900253,0,0,0
115900254,0,6,-6
115900255,0,0,0
115900256,2,0,2
115900257,0,0,0
115900258,0,0,0
115900259,0,0,0
115900260,0,0,0
115900261,0,0,0
115900262,0,0,0
115900263,0,0,0
115900264,0,0,0
115900265,0,0,0
115900266,0,0,0
115900267,0,0,0
115900268,0,0,0
115900269,0,0,0
115900270,39,12,27
115900271,68,1,67
115900272,2,1,1
115900273,6,15,-9
115900274,0,0,0
115900275,0,0,0
115900276,0,0,0
115900277,0,1,-1
115900278,0,0,0
115900279,0,0,0
115900280,56,6,50
115900281,0,0,0
115900282,0,3,-3
115900283,9,2,7
115900284,0,0,0
116000001,1110,729,381
116000002,3324,12104,-8780
116000003,226,308,-82
116000004,1206,4308,-3102
116000005,247,949,-702
116000006,365,883,-518
116000007,604,816,-212
116000008,1600,909,691
116000009,248,953,-705
116000010,1077,743,334
116000011,425,885,-460
116000012,962,446,516
116000013,955,1063,-108
116000014,1992,9409,-7417
116000015,63,261,-198
116000016,656,3872,-3216
116000017,11,627,-616
116000018,96,45,51
116000019,696,88,608
116000020,418,145,273
116000021,297,140,157
116000022,160,103,57
116000023,222,273,-51
116000024,270,89,181
116000025,309,337,-28
116000026,603,288,315
116000027,381,474,-93
116000028,867,2309,-1442
116000029,173,174,-1
116000030,449,1192,-743
116000031,0,0,0
116000032,256,11,245
116000033,627,237,390
116000034,2764,1059,1705
116000035,457,103,354
116000036,51,138,-87
116000037,47,221,-174
116000038,116,271,-155
116000039,45,57,-12
116000040,322,382,-60
116000041,30,64,-34
116000042,710,458,252
116000043,107,137,-30
116000044,4,4,0
116000045,3669,2383,1286
116000046,654,464,190
116000047,971,1181,-210
116000048,5515,1328,4187
116000049,2938,1264,1674
116000050,950,361,589
116000051,4275,992,3283
116000052,1424,599,825
116000053,4108,563,3545
116000054,650,493,157
116000055,378,261,117
116000056,2153,2466,-313
116000057,556,96,460
116000058,580,706,-126
116000059,994,6359,-5365
116000060,301,369,-68
116000061,140,871,-731
116000062,134,121,13
116000063,257,883,-626
116000066,78,1131,-1053
116000067,35,47,-12
116000068,70,339,-269
116000069,180,51,129
116000078,309,845,-536
116000080,569,107,462
116000082,1,25,-24
116000083,655,136,519
116000084,482,1181,-699
116000085,671,421,250
116000086,253,313,-60
116000087,1065,648,417
116000088,242,313,-71
116000089,62,10,52
116000090,38,74,-36
116000091,29,116,-87
116000093,418,141,277
116000094,172,100,72
116000095,498,78,420
116000096,567,733,-166
116000097,430,97,333
116000098,15,2608,-2593
116000099,1026,97,929
116000100,142,4,138
116000101,384,26,358
116000102,118,174,-56
116000103,225,72,153
116000104,118,153,-35
116000105,637,24,613
116000106,312,105,207
116000107,1233,28,1205
116000108,0,13,-13
116000111,19,50,-31
116000113,55,9,46
116000114,6,43,-37
116000115,271,30,241
116000116,46,78,-32
116000117,1018,620,398
116000118,543,136,407
116000119,1896,918,978
116000120,631,270,361
116000121,528,188,340
116000122,77,67,10
116000123,1321,144,1177
116000124,87,99,-12
116000125,1550,65,1485
116000126,18,73,-55
116000127,162,50,112
116000128,1272,139,1133
116000129,315,9,306
116000130,207,144,63
116000133,454,32,422
116000134,495,225,270
116000135,1522,293,1229
116000136,392,296,96
116000137,584,249,335
116000138,211,194,17
116000139,1533,2136,-603
116000140,63,213,-150
116000141,119,117,2
116000142,1800,2028,-228
116000143,1172,1278,-106
116000144,1061,896,165
116000145,2295,664,1631
116000146,222,28,194
116000147,156,196,-40
116000148,171,264,-93
116000149,126,137,-11
116000151,276,277,-1
116000153,214,617,-403
116000155,185,355,-170
116000156,164,119,45
116000157,48,0,48
116000158,352,34,318
116000159,4,1,3
116000160,0,3,-3
116000161,0,70,-70
116000162,1,125,-124
116000163,19,1,18
116000164,0,1,-1
116000177,7,10,-3
116000194,18,55,-37
116000195,510,190,320
116000196,0,0,0
116000197,0,0,0
116000198,1558,1290,268
116000200,87,461,-374
116000201,348,57,291
116000202,3,39,-36
116000203,0,17,-17
116000204,0,5,-5
116000205,0,8,-8
116000206,1,5,-4
116000207,7,0,7
116000233,0,0,0
116000287,21,17,4
116000288,228,85,143
116000292,0,0,0
116000296,2,37,-35
116000297,88,0,88
116000304,51,0,51
116000305,0,13,-13
116000346,0,0,0
116000352,0,0,0
116000354,0,0,0
116000357,0,0,0
116000358,5,10,-5
116000361,15,0,15
116000372,2239,4140,-1901
116000381,16,0,16
116000388,0,2,-2
116000389,87,22,65
116000445,51,19,32
116000446,685,47,638
116000447,0,46,-46
116000448,250,77,173
116000563,279,1970,-1691
116000565,5,92,-87
116000568,24,100,-76
116000579,0,33,-33
116000584,5,5,0
116000585,1,23,-22
116000586,3,27,-24
116000587,608,217,391
116000589,53,5,48
116000590,56,2,54
116000591,179,32,147
116000592,2,33,-31
116000593,0,0,0
116000594,268,74,194
116000595,157,12,145
116000596,146,8,138
116000597,301,86,215
116000598,4,29,-25
116000602,0,0,0
116000605,16,43,-27
116000606,52,113,-61
116000607,0,0,0
116000609,9,303,-294
116000611,10,38,-28
116000612,1537,1868,-331
116000613,523,226,297
116000614,72,45,27
116000615,0,0,0
116000616,86,1,85
116000617,128,2,126
116000618,0,0,0
116000619,6,39,-33
116000620,167,115,52
116000621,74,96,-22
116000622,230,77,153
116000624,76,36,40
116000627,69,7,62
116000628,43,12,31
116000629,19,3,16
116000630,408,1,407
116000631,127,5,122
116000632,0,0,0
116000633,0,93,-93
116000634,242,0,242
116000635,1929,1547,382
116000636,198,578,-380
116000637,99,1,98
116000638,0,64,-64
116900001,4,2,2
116900002,52,0,52
116900003,0,0,0
116900004,80,32,48
116900005,68,1,67
116900006,19,42,-23
116900007,32,14,18
116900008,108,20,88
116900009,3,5,-2
116900010,0,77,-77
116900011,0,2,-2
116900012,3,18,-15
116900013,0,21,-21
116900014,0,0,0
116900015,164,4,160
116900016,81,1,80
116900017,1,72,-71
116900018,0,0,0
116900019,0,0,0
116900020,61,99,-38
116900023,0,0,0
116900024,296,2,294
116900025,403,55,348
116900026,1,65,-64
116900027,0,0,0
116900028,0,0,0
116900029,0,10,-10
116900031,0,0,0
116900032,1,10,-9
116900033,0,0,0
116900034,0,0,0
116900035,30,16,14
116900036,2,16,-14
116900038,1,0,1
116900041,3,0,3
116900042,0,0,0
116900043,1,10,-9
116900047,0,58,-58
116900049,0,0,0
116900050,27,6,21
116900051,62,1,61
116900052,23,3,20
116900055,0,0,0
116900057,0,0,0
116900058,2,4,-2
116900059,1,2,-1
116900060,23,37,-14
116900062,0,1,-1
116900064,0,0,0
116900065,0,1,-1
116900067,1,1,0
116900068,98,31,67
116900070,1,0,1
116900072,0,0,0
116900073,0,0,0
116900074,0,12,-12
116900076,2,2,0
116900077,0,1,-1
116900078,0,0,0
116900079,2,3,-1
116900080,0,1,-1
116900081,10,28,-18
116900082,51,44,7
116900083,0,1,-1
116900084,0,0,0
116900085,21,3,18
116900086,0,12,-12
116900088,20,1,19
116900090,6,7,-1
116900091,31,0,31
116900092,3,15,-12
116900093,119,90,29
116900094,679,853,-174
116900095,13,0,13
116900096,38,0,38
116900097,302,721,-419
116900098,26,17,9
116900099,10,25,-15
116900100,344,6,338
116900101,4,11,-7
116900103,12,0,12
116900104,0,44,-44
116900105,75,39,36
116900106,1101,19,1082
116900107,568,953,-385
116900110,25,0,25
116900111,496,57,439
116900112,165,53,112
116900113,98,718,-620
116900116,0,6,-6
116900117,7,5,2
116900118,63,23,40
116900120,120,5,115
116900121,75,4,71
116900122,347,50,297
116900123,50,34,16
116900124,0,22,-22
116900125,31,6,25
116900126,5,163,-158
116900128,0,0,0
116900129,0,5,-5
116900130,9,564,-555
116900131,0,0,0
116900132,3,0,3
116900133,0,0,0
116900134,0,0,0
116900136,0,0,0
116900137,0,0,0
116900138,0,0,0
116900139,0,0,0
116900140,0,0,0
116900141,0,0,0
116900142,0,0,0
116900143,0,0,0
116900144,0,0,0
116900145,0,0,0
116900147,0,0,0
116900148,2,0,2
116900149,0,2,-2
116900150,0,0,0
116900151,0,0,0
116900153,4,0,4
116900154,5,17,-12
116900155,0,0,0
116900157,106,1,105
116900158,8,7,1
116900159,8,13,-5
116900160,155,145,10
116900161,341,39,302
116900162,0,4,-4
116900163,25,1,24
116900164,3,1,2
116900165,290,65,225
116900166,6,0,6
116900167,95,1,94
116900168,122,5,117
116900169,8,28,-20
116900170,227,82,145
116900171,1,6,-5
116900172,7,26,-19
116900173,34,1,33
116900174,1,25,-24
116900175,5,14,-9
116900178,0,6,-6
116900179,0,43,-43
116900180,4,1,3
116900182,92,4,88
116900183,53,18,35
116900185,93,6,87
116900186,1,4,-3
116900187,12,2,10
116900188,21,4,17
116900189,0,0,0
116900191,4,17,-13
116900192,154,13,141
116900194,6,350,-344
116900195,25,0,25
116900196,1,1,0
116900197,25,0,25
116900198,5,21,-16
116900200,0,0,0
116900201,31,1,30
116900202,8,1,7
116900203,11,0,11
116900204,5,14,-9
116900206,0,0,0
116900207,1,0,1
116900208,0,11,-11
116900209,7,4,3
116900210,33,4,29
116900211,45,0,45
116900212,0,0,0
116900213,44,6,38
116900214,0,0,0
116900215,2,9,-7
116900216,3,2,1
116900218,0,3,-3
116900219,340,25,315
116900220,9,8,1
116900221,0,0,0
116900222,314,101,213
116900223,37,4,33
116900226,158,1,157
116900227,40,0,40
116900228,91,1,90
116900230,0,20,-20
116900231,1,19,-18
116900232,0,10,-10
116900233,96,2,94
116900234,28,0,28
116900235,0,1,-1
116900238,123,1,122
116900239,4,86,-82
116900240,368,91,277
116900241,0,1,-1
116900242,10,203,-193
116900243,0,1,-1
116900245,23,11,12
116900246,5,3,2
116900247,230,2,228
116900248,34,0,34
116900249,86,2,84
116900250,84,8,76
116900251,15,51,-36
116900252,50,33,17
116900253,11,0,11
116900254,2,1,1
116900255,0,0,0
116900256,0,0,0
116900257,0,0,0
116900258,0,0,0
116900259,36,0,36
116900260,0,0,0
116900261,5,0,5
116900262,34,0,34
116900263,0,0,0
116900264,0,0,0
116900265,0,0,0
116900266,0,0,0
116900267,0,0,0
116900268,0,0,0
116900269,386,183,203
116900271,0,0,0
116900272,86,38,48
116900273,0,1,-1
116900274,44,0,44
116900275,2,0,2
116900276,194,176,18
116900277,55,5,50
116900278,0,0,0
116900279,3,0,3
116900280,0,0,0
116900281,646,899,-253
116900282,1,1,0
116900283,0,1,-1
116900284,0,9,-9
116900285,33,20,13
116900286,5,0,5
116900287,0,2,-2
116900288,27,1,26
116900289,2,0,2
116900290,1,0,1
116900291,0,0,0
116900292,0,0,0
116900293,0,0,0
116900294,0,0,0
116900295,0,0,0
116900296,0,0,0
116900297,0,0,0
116900298,0,0,0
116900299,0,0,0
116900300,0,0,0
116900301,0,0,0
116900302,0,0,0
116900303,33,1,32
116900304,0,0,0
116900305,0,2,-2
116900306,127,15,112
117000001,3770,1849,1921
117000002,1686,993,693
117000003,4625,1860,2765
117000004,1596,1242,354
117000005,2964,899,2065
117000006,698,858,-160
117000007,3841,689,3152
117000008,360,1029,-669
117000009,2772,679,2093
117000010,722,760,-38
117000011,1971,469,1502
117000012,848,299,549
117000013,1597,323,1274
117000014,585,1572,-987
117000015,622,1149,-527
117000016,74,114,-40
117000017,120,174,-54
117000018,20,661,-641
117000019,5,3,2
117000020,297,1633,-1336
117000021,1286,94,1192
117000022,67,238,-171
117000023,31,128,-97
117000024,129,285,-156
117000025,13,254,-241
117000026,1367,1397,-30
117000027,137,215,-78
117000028,280,427,-147
117000030,282,307,-25
117000031,510,198,312
117000032,1238,821,417
117000033,503,336,167
117000034,676,143,533
117000035,349,133,216
117000036,228,295,-67
117000037,420,76,344
117000038,360,518,-158
117000039,180,110,70
117000040,17,196,-179
117000041,888,32,856
117000044,2,129,-127
117000045,307,126,181
117000046,189,224,-35
117000047,534,384,150
117000048,326,191,135
117000049,30,197,-167
117000050,80,321,-241
117000051,1719,25,1694
117000052,21,62,-41
117000053,404,1,403
117000054,1402,4,1398
117000055,1,212,-211
117000056,452,31,421
117000057,158,179,-21
117000060,112,95,17
117000061,1862,892,970
117000062,82,72,10
117000063,1812,425,1387
117000064,569,178,391
117000066,317,151,166
117000067,102,422,-320
117000074,10,101,-91
117000076,21,30,-9
117000077,47,32,15
117000078,126,33,93
117000079,92,34,58
117000080,0,0,0
117000081,358,51,307
117000082,9,22,-13
117000083,51,0,51
117000084,56,1,55
117000085,187,141,46
117000086,183,116,67
117000087,0,276,-276
117000088,280,136,144
117000089,1762,143,1619
117000090,120,212,-92
117000091,937,43,894
117000092,90,171,-81
117000093,1742,145,1597
117000094,217,246,-29
117000095,3506,163,3343
117000096,278,268,10
117000097,2446,259,2187
117000098,537,438,99
117000099,3702,381,3321
117000100,58,77,-19
117000101,160,69,91
117000102,2207,210,1997
117000103,133,216,-83
117000104,1679,217,1462
117000105,137,191,-54
117000106,2109,256,1853
117000107,138,130,8
117000108,1903,889,1014
117000109,504,240,264
117000110,2090,1873,217
117000111,2836,2418,418
117000112,1690,757,933
117000113,55,36,19
117000114,207,48,159
117000115,31,8,23
117000116,116,46,70
117000117,424,165,259
117000118,115,57,58
117000119,54,120,-66
117000120,8,132,-124
117000121,3,324,-321
117000122,15,566,-551
117000123,307,108,199
117000124,9,14,-5
117000125,5,29,-24
117000126,1,13,-12
117000127,39,23,16
117000128,4,13,-9
117000129,318,532,-214
117000130,61,4,57
117000131,0,0,0
117000132,2322,9,2313
117000133,2306,11,2295
117000134,0,0,0
117000135,0,0,0
117000136,0,0,0
117000137,229,111,118
117000138,0,0,0
117000140,90,105,-15
117000141,1956,224,1732
117000181,10,9,1
117000182,324,541,-217
117000195,3,52,-49
117000196,191,153,38
117000225,7,6,1
117000226,0,11,-11
117000276,235,5,230
117000277,0,28,-28
117000310,279,2229,-1950
117000315,58,339,-281
117000320,21,0,21
117000906,314,24,290
117000907,6,42,-36
117000908,48,132,-84
117000909,67,95,-28
117000910,418,51,367
117000911,31,101,-70
117000915,13,87,-74
117000916,5,2,3
117000917,1248,23,1225
117000918,59,174,-115
117000919,0,23,-23
117000920,1,167,-166
117000921,0,46,-46
117000922,4,10,-6
117000924,117,331,-214
117000926,276,166,110
117000927,163,507,-344
117000928,0,0,0
117000929,35,16,19
117000930,35,1,34
117000931,98,46,52
117900002,24,321,-297
117900003,0,0,0
117900005,0,8,-8
117900006,0,0,0
117900007,71,16,55
117900008,0,1,-1
117900010,76,26,50
117900011,0,63,-63
117900012,9,10,-1
117900013,0,10,-10
117900014,349,31,318
117900015,0,29,-29
117900016,133,507,-374
117900017,417,79,338
117900018,84,19,65
117900019,276,49,227
117900020,8,56,-48
117900021,6,1,5
117900022,0,0,0
117900023,63,10,53
117900024,64,5,59
117900025,0,0,0
117900026,216,18,198
117900028,1,0,1
117900029,139,39,100
117900030,55,150,-95
117900031,31,27,4
117900032,236,77,159
117900033,414,32,382
117900034,2,0,2
117900035,53,8,45
117900036,236,42,194
117900037,50,2,48
117900038,0,0,0
117900039,0,0,0
117900040,0,0,0
117900041,0,0,0
117900042,217,93,124
117900043,0,0,0
117900044,6,1486,-1480
117900045,155,53,102
117900048,212,5,207
117900049,145,40,105
117900050,0,60,-60
117900051,0,0,0
117900052,0,0,0
117900053,599,39,560
117900054,0,14,-14
117900055,99,74,25
117900056,2,1,1
117900057,178,316,-138
117900058,0,0,0
117900059,0,0,0
117900060,901,626,275
117900061,3,102,-99
117900063,211,54,157
117900065,88,171,-83
117900066,1,64,-63
117900067,576,35,541
117900069,386,7,379
117900070,86,43,43
117900071,218,44,174
117900073,329,14,315
117900074,3,32,-29
117900075,88,18,70
117900076,0,0,0
117900077,50,0,50
117900078,141,160,-19
117900080,130,37,93
117900081,78,26,52
117900082,265,115,150
117900083,213,31,182
117900086,66,22,44
117900087,24,3,21
117900088,345,89,256
117900089,829,123,706
117900090,199,76,123
117900091,167,30,137
117900092,18,17,1
117900093,67,2,65
117900094,56,17,39
117900095,123,68,55
117900096,74,37,37
117900097,39,16,23
117900098,93,0,93
117900099,138,108,30
117900100,229,1,228
117900101,335,694,-359
117900102,29,31,-2
117900103,74,0,74
117900104,2,39,-37
117900105,87,17,70
117900106,21,17,4
117900107,65,0,65
117900109,424,219,205
117900110,88,0,88
117900111,330,30,300
117900112,49,0,49
117900113,179,44,135
117900114,34,0,34
117900115,1,13,-12
117900116,292,90,202
117900117,140,52,88
117900118,92,0,92
117900119,157,0,157
117900120,340,3,337
117900121,72,2,70
117900122,97,1241,-1144
117900123,313,61,252
117900124,159,148,11
117900125,356,213,143
117900126,85,29,56
117900127,160,22,138
117900128,230,47,183
117900129,65,0,65
117900130,216,0,216
117900131,0,0,0
117900132,0,0,0
117900133,0,0,0
117900134,0,0,0
117900135,0,0,0
117900136,0,0,0
117900137,0,0,0
117900138,0,0,0
117900139,4,4,0
117900140,920,429,491
117900141,49,64,-15
117900142,2,92,-90
117900144,2,63,-61
117900145,0,34,-34
117900146,2,61,-59
117900147,59,13,46
117900148,254,813,-559
117900149,3,6,-3
117900150,14,12,2
117900151,16,10,6
117900152,0,0,0
117900153,7,84,-77
117900154,293,50,243
117900156,158,36,122
117900157,68,42,26
117900158,56,11,45
117900160,241,162,79
117900161,256,67,189
117900162,281,96,185
117900163,9,20,-11
117900165,0,0,0
117900166,0,57,-57
117900168,138,0,138
117900169,0,7,-7
117900170,0,8,-8
117900171,0,1,-1
117900172,0,12,-12
117900173,3,2,1
117900174,11,7,4
117900175,0,2,-2
117900176,0,7,-7
117900177,0,2,-2
117900178,9,0,9
117900180,35,3,32
117900181,2,342,-340
117900182,0,30,-30
117900183,29,128,-99
117900184,23,6,17
117900185,55,7,48
117900186,28,0,28
117900187,46,0,46
117900188,44,4,40
117900189,69,0,69
117900190,10,0,10
117900191,32,0,32
117900192,98,0,98
117900193,84,21,63
117900194,0,0,0
117900195,2,10,-8
117900196,21,2,19
117900207,70,63,7
117900208,5,1,4
117900209,77,24,53
117900210,0,0,0
117900211,0,0,0
117900212,92,23,69
117900213,28,0,28
117900214,0,1,-1
117900215,0,0,0
117900216,0,0,0
117900217,0,0,0
117900218,0,0,0
117900219,0,0,0
117900220,0,90,-90
117900222,29,37,-8
117900223,13,165,-152
118000001,354,1037,-683
118000002,65,508,-443
118000003,1933,3745,-1812
118000004,636,508,128
118000005,1465,2526,-1061
118000006,1519,2194,-675
118000007,3252,5610,-2358
118000008,2468,2233,235
118000009,594,1209,-615
118000010,1363,1373,-10
118000011,513,306,207
118000012,305,277,28
118000013,364,557,-193
118000014,504,428,76
118000016,124,26,98
118000017,853,715,138
118000018,83,38,45
118000019,764,908,-144
118000020,168,1345,-1177
118000021,100,1103,-1003
118000022,872,481,391
118000023,344,346,-2
118000024,552,647,-95
118000027,3695,5949,-2254
118000029,145,916,-771
118000032,200,1581,-1381
118000033,1671,2502,-831
118000034,1836,1575,261
118000035,336,724,-388
118000036,215,446,-231
118000037,199,534,-335
118000038,153,178,-25
118000039,49,23,26
118000040,648,509,139
118000041,253,516,-263
118000045,50,226,-176
118000046,69,1133,-1064
118000047,49,365,-316
118000048,663,1774,-1111
118000051,1080,1402,-322
118000052,665,1329,-664
118000053,260,724,-464
118000054,714,753,-39
118000055,302,824,-522
118000056,29,213,-184
118000057,59,200,-141
118000058,445,429,16
118000059,172,1068,-896
118000060,366,266,100
118000061,293,248,45
118000062,77,76,1
118000063,78,637,-559
118000064,234,1054,-820
118000065,786,330,456
118000066,402,2018,-1616
118000067,188,789,-601
118000068,294,2715,-2421
118000069,468,741,-273
118000070,675,1486,-811
118000071,352,2384,-2032
118000072,421,3505,-3084
118000073,266,1299,-1033
118000074,60,436,-376
118000075,146,492,-346
118000076,3114,6096,-2982
118000077,727,709,18
118000078,1289,1644,-355
118000079,13,283,-270
118000080,155,421,-266
118000081,1068,950,118
118000082,194,845,-651
118000083,283,1185,-902
118000084,321,372,-51
118000086,37,69,-32
118000087,1208,1851,-643
118000088,349,1240,-891
118000089,953,953,0
118000090,179,1318,-1139
118000091,199,1790,-1591
118000092,244,111,133
118000093,43,691,-648
118000096,73,364,-291
118000097,87,306,-219
118000098,125,243,-118
118000099,0,0,0
118000101,772,290,482
118000102,358,197,161
118000107,44,7,37
118000108,29,510,-481
118000110,0,0,0
118000111,0,0,0
118000112,232,0,232
118000113,0,0,0
118000114,473,5,468
118000115,1,9,-8
118000116,13,2,11
118000117,243,413,-170
118000118,471,623,-152
118000119,664,657,7
118000120,462,332,130
118000121,21,112,-91
118000122,101,51,50
118000123,70,274,-204
118000125,5,352,-347
118000126,164,480,-316
118000127,539,656,-117
118000128,3,380,-377
118000129,177,276,-99
118000130,457,958,-501
118000131,78,193,-115
118000132,2003,1728,275
118000133,517,242,275
118000135,203,378,-175
118000136,12,314,-302
118000137,108,72,36
118000138,65,102,-37
118000139,107,42,65
118000140,1180,6444,-5264
118000141,2933,1373,1560
118000142,786,1087,-301
118000143,3517,1722,1795
118000144,591,176,415
118000145,768,223,545
118000146,974,139,835
118000147,771,236,535
118000148,149,977,-828
118000149,375,124,251
118000150,882,144,738
118000151,565,77,488
118000153,2607,1293,1314
118000154,1113,949,164
118000155,3098,1069,2029
118000156,556,1190,-634
118000157,266,181,85
118000158,111,135,-24
118000159,65,127,-62
118000160,831,290,541
118000161,272,151,121
118000162,521,411,110
118000163,792,972,-180
118000164,1073,1114,-41
118000168,135,0,135
118000169,219,416,-197
118000170,1009,1178,-169
118000171,129,217,-88
118000172,63,118,-55
118000173,478,369,109
118000175,184,322,-138
118000176,323,399,-76
118000177,255,490,-235
118000178,3,18,-15
118000179,820,853,-33
118000180,825,400,425
118000181,202,34,168
118000182,94,109,-15
118000183,98,71,27
118000184,1081,286,795
118000185,215,695,-480
118000186,79,585,-506
118000187,1100,156,944
118000188,208,1,207
118000189,103,15,88
118000190,3,14,-11
118000191,28,11,17
118000192,0,78,-78
118000193,2,213,-211
118000194,801,1283,-482
118000195,69,832,-763
118000196,4,62,-58
118000197,133,317,-184
118000198,395,962,-567
118000199,418,712,-294
118000200,0,0,0
118000201,89,260,-171
118000202,0,0,0
118000203,35,269,-234
118000204,2,16,-14
118000205,16,68,-52
118000206,303,90,213
118000207,0,58,-58
118000208,744,924,-180
118000209,1240,484,756
118000210,91,14,77
118000211,90,36,54
118000213,136,962,-826
118000214,130,23,107
118000215,71,13,58
118000216,349,9,340
118000217,1,15,-14
118000218,31,9,22
118000219,293,83,210
118000220,39,29,10
118000221,29,462,-433
118000222,26,4,22
118000223,74,16,58
118000224,47,27,20
118000225,0,0,0
118000226,198,16,182
118000227,39,163,-124
118000228,0,15,-15
118000229,0,0,0
118000230,0,0,0
118000231,0,0,0
118000232,0,0,0
118000233,585,122,463
118000234,0,0,0
118000236,120,6,114
118000237,0,0,0
118000238,257,0,257
118000239,321,176,145
118000240,52,15,37
118000241,51,8,43
118000242,0,0,0
118000243,0,0,0
118000244,3,20,-17
118000246,0,0,0
118000255,38,319,-281
118000256,79,197,-118
118000259,1,1,0
118000260,45,43,2
118000261,1,1,0
118000263,1,17,-16
118000266,20,20,0
118000267,0,0,0
118000268,46,0,46
118000270,0,0,0
118000271,68,22,46
118000272,37,1,36
118000273,4,0,4
118000274,0,0,0
118000276,86,17,69
118000295,3,5,-2
118000298,6,4,2
118000299,0,0,0
118000301,0,0,0
118000302,25,3,22
118000311,163,34,129
118000312,10,0,10
118000313,15,7,8
118000314,2,6,-4
118000315,25,1,24
118000316,15,4,11
118000325,179,0,179
118000326,18,4,14
118000331,211,23,188
118000332,154,2,152
118000333,155,8,147
118000335,113,0,113
118000336,0,0,0
118000407,168,14,154
118000457,0,1,-1
118000465,281,444,-163
118000480,2,7,-5
118000489,1,264,-263
118000490,0,40,-40
118000492,472,47,425
118000510,0,0,0
118000514,27,24,3
118000515,54,137,-83
118000517,182,88,94
118000524,3,31,-28
118000525,32,116,-84
118000530,9,75,-66
118000531,236,112,124
118000532,0,0,0
118000533,0,0,0
118000534,0,0,0
118000535,135,21,114
118000536,7,25,-18
118000537,1,30,-29
118000538,0,20,-20
118000539,1,82,-81
118000540,35,12,23
118000541,9,4,5
118000542,39,134,-95
118000543,45,55,-10
118000546,23,4,19
118000560,0,7,-7
118000562,0,0,0
118000563,928,893,35
118000576,169,19,150
118000577,64,39,25
118000578,39,9,30
118000579,140,408,-268
118000595,137,93,44
118000596,0,0,0
118000597,26,21,5
118000598,20,0,20
118000599,330,8,322
118000600,0,0,0
118000601,2,0,2
118000602,0,0,0
118000603,0,1,-1
118900001,0,0,0
118900002,75,4,71
118900003,62,1,61
118900004,8,0,8
118900005,0,0,0
118900006,0,0,0
118900007,0,0,0
118900008,170,2,168
118900009,0,0,0
118900010,0,0,0
118900011,0,0,0
118900012,145,64,81
118900013,0,0,0
118900015,0,0,0
118900016,0,0,0
118900017,0,0,0
118900018,0,0,0
118900019,0,0,0
118900020,0,0,0
118900021,22,16,6
118900022,6,0,6
118900023,0,0,0
118900024,0,0,0
118900025,0,0,0
118900026,12,1,11
118900027,0,0,0
118900028,83,22,61
118900029,0,0,0
118900030,0,0,0
118900031,8,10,-2
118900032,0,0,0
118900033,0,0,0
118900034,0,0,0
118900035,33,12,21
118900036,154,28,126
118900037,0,0,0
118900038,62,3,59
118900039,0,0,0
118900040,64,14,50
118900041,0,0,0
118900042,7,1,6
118900045,3,18,-15
118900046,1,2,-1
118900047,5,30,-25
118900048,0,0,0
118900049,0,0,0
118900050,0,0,0
118900051,0,0,0
118900052,0,0,0
118900053,0,0,0
118900054,6,4,2
118900055,0,0,0
118900056,0,0,0
118900057,103,70,33
118900058,0,0,0
118900059,0,0,0
118900060,33,6,27
118900062,0,0,0
118900064,0,0,0
118900065,0,0,0
118900066,0,0,0
118900067,43,103,-60
118900068,0,0,0
118900069,9,0,9
118900071,0,0,0
118900072,0,0,0
118900073,0,0,0
118900074,0,0,0
118900075,0,0,0
118900076,0,0,0
118900077,2,0,2
118900078,0,0,0
118900079,0,0,0
118900080,0,0,0
118900081,0,0,0
118900082,0,0,0
118900083,0,0,0
118900084,0,0,0
118900085,0,0,0
118900086,0,0,0
118900087,1,0,1
118900088,0,0,0
118900089,0,0,0
118900090,0,0,0
118900091,0,0,0
118900092,0,0,0
118900093,0,0,0
118900096,0,0,0
118900097,18,29,-11
118900099,14,1,13
118900100,0,0,0
118900101,0,0,0
118900102,0,0,0
118900103,0,0,0
118900104,19,0,19
118900105,0,0,0
118900107,0,0,0
118900108,0,0,0
118900110,53,0,53
118900111,0,0,0
118900112,0,0,0
118900113,0,0,0
118900114,1,0,1
118900115,2,39,-37
118900116,4,20,-16
118900117,10,24,-14
118900118,21,1,20
118900119,42,3,39
118900120,6,18,-12
118900121,0,0,0
118900122,0,0,0
118900123,33,5,28
118900124,0,0,0
118900126,0,0,0
118900129,0,0,0
118900130,0,0,0
118900131,57,20,37
118900132,0,0,0
118900133,0,0,0
118900135,0,0,0
118900136,42,30,12
118900137,0,0,0
118900139,0,0,0
118900140,99,21,78
118900141,0,0,0
118900144,31,10,21
118900145,0,0,0
118900146,101,41,60
118900147,0,0,0
118900148,0,0,0
118900150,0,0,0
118900152,0,0,0
118900157,0,0,0
118900158,0,0,0
118900159,0,0,0
118900161,0,0,0
118900163,0,0,0
118900164,0,0,0
118900165,0,0,0
118900166,0,0,0
118900167,0,0,0
118900168,0,0,0
118900169,0,0,0
118900170,0,0,0
118900171,0,0,0
118900174,0,0,0
118900175,78,36,42
118900176,7,20,-13
118900177,0,0,0
118900178,0,0,0
118900179,0,0,0
118900181,58,10,48
118900182,0,0,0
118900183,0,0,0
118900184,0,0,0
118900185,13,5,8
118900186,8,10,-2
118900187,45,9,36
118900188,47,5,42
118900189,0,0,0
118900190,0,0,0
118900191,0,0,0
118900192,0,0,0
118900193,1,0,1
118900195,59,0,59
118900196,0,0,0
118900197,0,0,0
118900198,0,0,0
118900199,0,0,0
118900200,0,0,0
118900201,0,0,0
118900202,0,0,0
118900203,0,0,0
118900204,0,0,0
118900205,0,0,0
118900206,0,0,0
119000001,1204,924,280
119000002,2156,904,1252
119000003,1020,364,656
119000004,790,1184,-394
119000005,984,1507,-523
119000006,995,597,398
119000007,1983,2010,-27
119000008,587,528,59
119000009,981,2451,-1470
119000010,1065,1351,-286
119000011,1284,1155,129
119000012,581,1172,-591
119000013,3273,1784,1489
119000014,981,1828,-847
119000019,76,105,-29
119000020,871,1116,-245
119000021,1544,1804,-260
119000022,76,621,-545
119000023,67,162,-95
119000024,588,8728,-8140
119000025,1231,533,698
119000026,7,147,-140
119000027,29,205,-176
119000028,1429,327,1102
119000029,54,82,-28
119000030,295,689,-394
119000031,386,455,-69
119000032,228,706,-478
119000033,1053,631,422
119000034,532,314,218
119000035,7,150,-143
119000036,1216,174,1042
119000037,715,384,331
119000038,44,196,-152
119000039,467,243,224
119000040,290,565,-275
119000041,257,974,-717
119000048,1800,578,1222
119000049,649,275,374
119000050,387,617,-230
119000051,334,224,110
119000052,420,597,-177
119000053,603,401,202
119000054,1617,683,934
119000055,3145,605,2540
119000056,2296,668,1628
119000057,982,524,458
119000058,661,476,185
119000059,819,506,313
119000060,596,109,487
119000061,240,391,-151
119000062,382,210,172
119000063,378,209,169
119000064,129,179,-50
119000065,228,433,-205
119000066,770,656,114
119000067,743,631,112
119000068,677,282,395
119000069,605,432,173
119000070,817,262,555
119000071,14,194,-180
119000072,742,503,239
119000073,1358,2610,-1252
119000074,1412,454,958
119000075,1670,890,780
119000076,64,280,-216
119000077,172,177,-5
119000078,74,46,28
119000079,14,151,-137
119000080,251,39,212
119000081,153,150,3
119000082,145,29,116
119000083,163,68,95
119000084,107,85,22
119000085,183,69,114
119000086,68,39,29
119000087,485,151,334
119000088,148,7,141
119000089,20,27,-7
119000090,40,67,-27
119000091,53,71,-18
119000092,85,108,-23
119000093,1135,836,299
119000094,1884,1220,664
119000095,707,593,114
119000097,645,460,185
119000098,529,2815,-2286
119000099,1189,375,814
119000100,2401,941,1460
119000101,1166,949,217
119000102,41,251,-210
119000103,572,320,252
119000104,142,48,94
119000105,194,680,-486
119000106,72,71,1
119000107,609,320,289
119000108,164,126,38
119000109,15,61,-46
119000110,0,0,0
119000111,1,22,-21
119000112,0,0,0
119000113,225,11,214
119000114,75,136,-61
119000115,45,87,-42
119000116,10,104,-94
119000117,9,60,-51
119000118,2,0,2
119000123,256,631,-375
119000124,352,104,248
119000125,2170,372,1798
119000126,711,167,544
119000127,133,27,106
119000128,6,0,6
119000131,349,59,290
119000132,0,1,-1
119000133,0,4,-4
119000134,278,493,-215
119000135,73,12,61
119000136,0,0,0
119000137,16,6,10
119000138,0,0,0
119000139,12,24,-12
119000140,0,0,0
119000284,243,627,-384
119000285,380,325,55
119000286,1084,923,161
119000287,620,499,121
119000288,403,192,211
119000289,320,747,-427
119000290,223,332,-109
119000291,1,60,-59
119000293,102,222,-120
119000294,91,52,39
119000295,250,123,127
119000296,56,22,34
119000302,1113,937,176
119000303,1,31,-30
119000314,252,2838,-2586
119000315,0,9,-9
119000316,0,0,0
119000317,25,19,6
119900001,54,265,-211
119900002,45,59,-14
119900003,0,12,-12
119900004,0,0,0
119900005,0,0,0
119900006,21,51,-30
119900007,14,1,13
119900008,0,0,0
119900009,65,103,-38
119900010,248,252,-4
119900011,0,0,0
119900012,0,0,0
119900013,196,130,66
119900014,153,81,72
119900015,0,0,0
119900016,0,0,0
119900017,19,8,11
119900018,204,260,-56
119900019,0,0,0
119900020,1,0,1
119900021,0,0,0
119900022,11,192,-181
119900023,85,855,-770
119900025,0,0,0
119900026,0,0,0
119900027,1,4,-3
119900028,60,40,20
119900029,0,0,0
119900030,0,0,0
119900031,22,310,-288
119900033,356,160,196
119900034,0,0,0
119900037,124,6,118
119900038,74,61,13
119900039,0,0,0
119900040,119,4,115
119900041,0,0,0
119900042,0,0,0
119900043,55,12,43
119900044,14,190,-176
119900046,0,0,0
119900047,3,0,3
119900048,3,0,3
119900049,59,0,59
119900050,92,17,75
119900051,443,2,441
119900052,0,0,0
119900053,0,0,0
119900054,199,4,195
119900055,347,36,311
119900057,0,0,0
119900058,0,0,0
119900059,9,3,6
119900060,135,4,131
119900062,0,0,0
119900063,0,0,0
119900064,257,25,232
119900065,106,1,105
119900066,0,0,0
119900067,2,0,2
119900068,5,0,5
119900069,26,4,22
119900070,388,0,388
119900071,285,5,280
119900073,85,2,83
119900074,0,0,0
119900075,317,447,-130
119900076,0,0,0
119900077,236,25,211
119900078,158,6,152
119900079,48,0,48
119900080,325,48,277
119900081,46,6,40
119900082,1246,244,1002
119900083,82,40,42
119900084,0,0,0
119900085,0,0,0
119900087,0,0,0
119900088,0,0,0
119900089,0,0,0
119900090,0,0,0
119900091,0,0,0
119900092,0,0,0
119900093,0,0,0
119900094,0,0,0
119900095,0,0,0
119900096,0,0,0
119900097,0,0,0
119900098,0,0,0
119900099,0,0,0
119900100,10,127,-117
119900101,5,78,-73
119900102,0,0,0
119900103,0,0,0
119900104,0,0,0
119900105,31,50,-19
119900106,0,0,0
119900107,0,0,0
119900108,399,136,263
119900109,0,0,0
119900110,13,41,-28
119900111,41,6,35
119900112,0,0,0
119900113,0,0,0
119900114,43,35,8
119900115,48,8,40
119900116,1,3,-2
119900117,31,16,15
119900118,41,10,31
119900119,0,3,-3
119900120,19,48,-29
119900121,0,0,0
119900122,0,1,-1
119900123,2,6,-4
119900124,0,10,-10
119900125,0,0,0
119900126,251,40,211
119900127,37,0,37
119900128,6,3,3
119900129,8,2,6
119900130,0,0,0
119900131,0,7,-7
119900132,1,0,1
119900133,0,0,0
119900134,69,4,65
119900135,0,0,0
119900136,0,0,0
119900138,0,0,0
119900139,0,0,0
119900140,0,0,0
119900141,0,0,0
119900142,2,6,-4
119900143,0,37,-37
119900144,0,0,0
119900145,0,0,0
119900146,0,0,0
119900147,0,0,0
119900148,31,9,22
119900149,17,783,-766
119900150,0,0,0
119900151,278,193,85
119900152,0,0,0
119900153,40,0,40
119900154,2,4,-2
119900155,0,0,0
119900156,19,14,5
119900157,0,0,0
119900158,28,17,11
119900159,0,31,-31
119900160,0,0,0
119900161,55,2,53
119900162,114,89,25
119900163,0,0,0
119900164,1,0,1
119900165,0,0,0
119900166,50,23,27
119900167,0,0,0
119900168,200,62,138
119900169,0,0,0
119900170,0,0,0
119900171,22,5,17
119900172,8,21,-13
119900173,0,10,-10
119900174,0,0,0
119900175,345,21,324
119900177,9,10,-1
119900178,0,0,0
119900179,50,322,-272
119900180,178,47,131
119900181,4,14,-10
119900182,7,39,-32
119900183,10,81,-71
119900184,37,72,-35
119900185,6,94,-88
119900186,0,0,0
119900187,12,15,-3
119900188,45,67,-22
119900189,0,0,0
119900190,0,0,0
119900191,2,2,0
119900192,2,23,-21
119900193,118,3,115
119900194,12,21,-9
119900195,0,4,-4
119900196,0,0,0
119900197,13,0,13
119900198,19,17,2
119900199,112,3,109
119900200,0,0,0
119900201,47,13,34
119900202,10,48,-38
119900203,5,0,5
119900204,25,6,19
119900205,373,16,357
119900206,0,0,0
119900208,2,0,2
119900209,172,275,-103
119900210,0,0,0
119900211,0,0,0
119900212,472,1,471
119900213,0,0,0
119900214,0,0,0
119900215,0,0,0
119900216,0,0,0
119900217,0,0,0
119900218,0,0,0
119900219,0,0,0
119900220,0,0,0
119900221,0,0,0
119900222,0,0,0
119900223,0,0,0
119900224,0,0,0
119900225,0,0,0
119900226,20,205,-185
119900227,42,32,10
119900228,0,0,0
119900229,0,0,0
119900230,31,2,29
119900231,93,3,90
119900232,0,0,0
119900233,0,0,0
119900234,0,0,0
119900235,0,0,0
119900236,0,0,0
119900237,7,3,4
119900238,0,0,0
119900240,0,0,0
119900241,0,0,0
119900242,82,3,79
119900244,82,209,-127
119900245,0,0,0
119900246,0,0,0
119900247,2,24,-22
119900248,0,0,0
119900249,11,0,11
119900253,151,171,-20
119900254,8,385,-377
119900255,4,28,-24
119900256,223,22,201
119900257,0,0,0
119900258,4,0,4
119900259,0,0,0
119900260,0,0,0
119900261,185,28,157
119900262,3,6,-3
119900263,385,29,356
119900264,0,0,0
119900265,12,0,12
119900266,0,0,0
119900267,0,6,-6
119900268,2,0,2
119900269,47,24,23
119900271,5,1,4
119900272,3,15,-12
119900275,42,4,38
119900276,23,0,23
119900277,2,0,2
119900278,0,0,0
119900279,0,0,0
119900280,75,15,60
119900281,0,0,0
119900282,0,0,0
119900283,0,16,-16
119900284,207,87,120
119900285,0,0,0
119900286,0,0,0
119900288,0,2,-2
119900289,0,0,0
119900290,2,0,2
119900291,0,0,0
119900292,27,10,17
119900293,5,0,5
119900294,3,0,3
119900295,4,0,4
119900296,89,1,88
119900299,0,0,0
119900300,3,0,3
119900301,0,0,0
119900302,0,0,0
119900303,0,0,0
119900304,0,0,0
119900305,0,0,0
119900306,0,0,0
119900307,0,0,0
119900308,0,0,0
119900309,1,22,-21
119900310,32,2,30
119900311,0,0,0
119900312,85,9,76
119900313,15,1,14
119900314,0,0,0
119900315,642,200,442
119900318,0,0,0
119900319,63,48,15
119900320,47,60,-13
119900321,6,0,6
119900322,1,17,-16
119900323,1,6,-5
119900324,0,2,-2
119900325,27,29,-2
119900326,11,31,-20
120000001,5423,15514,-10091
120000002,1304,669,635
120000003,798,544,254
120000004,1014,1072,-58
120000005,1168,848,320
120000006,414,286,128
120000007,928,586,342
120000008,377,391,-14
120000009,690,315,375
120000010,661,484,177
120000011,239,313,-74
120000012,372,543,-171
120000013,1245,620,625
120000014,318,655,-337
120000015,1613,939,674
120000016,3679,2281,1398
120000017,2349,1830,519
120000018,2291,6815,-4524
120000019,568,834,-266
120000020,2156,2055,101
120000021,1090,2034,-944
120000022,3978,4426,-448
120000023,888,899,-11
120000024,878,1046,-168
120000025,2219,818,1401
120000026,1741,2027,-286
120000027,2456,2350,106
120000028,459,210,249
120000029,289,746,-457
120000030,28,320,-292
120000031,771,1543,-772
120000032,1867,1520,347
120000033,1411,368,1043
120000034,1721,247,1474
120000035,1274,278,996
120000036,1905,2406,-501
120000037,536,1826,-1290
120000038,1231,2553,-1322
120000039,43,204,-161
120000040,14,201,-187
120000041,122,211,-89
120000042,670,532,138
120000043,2356,740,1616
120000044,4231,699,3532
120000045,4065,353,3712
120000046,2367,1736,631
120000047,301,3580,-3279
120000048,3200,2465,735
120000049,2192,700,1492
120000050,1323,1262,61
120000051,1000,1998,-998
120000052,1297,865,432
120000053,543,708,-165
120000054,499,652,-153
120000055,1105,808,297
120000056,2154,1037,1117
120000057,1126,235,891
120000058,286,378,-92
120000059,213,1349,-1136
120000061,26,184,-158
120000062,130,110,20
120000063,285,486,-201
120000064,179,293,-114
120000065,245,247,-2
120000066,104,69,35
120000067,15,105,-90
120000068,67,197,-130
120000069,307,227,80
120000070,42,208,-166
120000071,384,52,332
120000072,702,206,496
120000073,566,49,517
120000074,140,29,111
120000075,975,108,867
120000076,1640,171,1469
120000077,1217,188,1029
120000078,802,232,570
120000079,341,136,205
120000080,80,93,-13
120000081,222,80,142
120000082,151,242,-91
120000083,6,902,-896
120000084,52,81,-29
120000085,55,63,-8
120000086,67,42,25
120000087,78,50,28
120000088,593,354,239
120000089,1127,166,961
120000090,364,206,158
120000091,699,317,382
120000092,842,174,668
120000093,368,224,144
120000094,209,472,-263
120000095,367,114,253
120000096,140,129,11
120000098,484,110,374
120000099,92,169,-77
120000100,315,193,122
120000101,234,115,119
120000102,332,1120,-788
120000103,1095,579,516
120000104,2291,188,2103
120000105,2846,129,2717
120000106,2784,79,2705
120000107,4239,249,3990
120000108,1632,112,1520
120000109,817,50,767
120000110,1,170,-169
120000111,9,222,-213
120000112,75,423,-348
120000113,51,323,-272
120000114,72,225,-153
120000115,90,202,-112
120000116,248,313,-65
120000117,380,258,122
120000118,3,17,-14
120000119,3,63,-60
120000120,29,45,-16
120000121,22,27,-5
120000122,86,334,-248
120000123,748,4757,-4009
120000124,368,197,171
120000125,228,138,90
120000126,141,289,-148
120000127,166,287,-121
120000128,625,979,-354
120000129,133,169,-36
120000130,608,251,357
120000131,217,267,-50
120000134,86,25,61
120000135,101,271,-170
120000137,57,27,30
120000138,329,60,269
120000139,137,45,92
120000140,277,16,261
120000141,331,77,254
120000142,536,122,414
120000143,1,1,0
120000144,48,0,48
120000145,50,0,50
120000146,435,893,-458
120000149,151,250,-99
120000150,259,3862,-3603
120000151,422,103,319
120000152,774,78,696
120000153,91,97,-6
120000154,94,100,-6
120000155,99,85,14
120000156,156,266,-110
120000157,593,157,436
120000158,139,60,79
120000159,598,858,-260
120000160,1528,932,596
120000161,972,933,39
120000162,93,183,-90
120000163,323,138,185
120000164,228,57,171
120000165,375,28,347
120000166,1168,42,1126
120000167,0,0,0
120000168,0,0,0
120000169,0,0,0
120000170,0,0,0
120000171,0,0,0
120000172,0,0,0
120000173,56,0,56
120000174,5,0,5
120000175,6,1,5
120000176,2,2,0
120000177,86,11,75
120000178,12,0,12
120000179,9,0,9
120000180,10,3,7
120000181,12,93,-81
120000182,10,132,-122
120000183,3,155,-152
120000184,18,302,-284
120000186,17,42,-25
120000187,15,31,-16
120000188,8,21,-13
120000190,38,107,-69
120000191,76,74,2
120000192,64,4,60
120000193,92,0,92
120000195,1,0,1
120000196,7,6,1
120000197,3,11,-8
120000198,42,0,42
120000199,0,0,0
120000200,0,0,0
120000201,0,0,0
120000202,0,0,0
120000203,0,0,0
120000207,0,0,0
120000208,0,0,0
120000209,0,0,0
120000210,0,0,0
120000211,0,0,0
120000212,0,0,0
120000213,0,0,0
120000214,0,0,0
120000215,0,0,0
120000216,0,0,0
120000217,0,0,0
120000218,0,0,0
120000219,0,0,0
120000220,0,0,0
120000225,1094,1,1093
120000226,166,2,164
120000227,292,38,254
120000228,0,0,0
120000230,55,3,52
120000231,201,41,160
120000233,424,5,419
120000235,1,74,-73
120000236,1150,1,1149
120000237,0,54,-54
120000238,1,0,1
120000241,1088,2167,-1079
120000412,81,3,78
120000413,124,24,100
120000414,109,0,109
120000415,2,3,-1
120000416,33,0,33
120000417,3,6,-3
120000418,98,1,97
120000419,0,3,-3
120000420,14,11,3
120000421,2037,1586,451
120000422,2,379,-377
120000423,0,0,0
120000424,0,0,0
120000436,63,866,-803
120000437,13,37,-24
120000438,214,168,46
120000439,213,292,-79
120000443,175,1,174
120000444,1125,148,977
120000445,955,658,297
120000446,253,48,205
120000447,242,1,241
120000449,52,0,52
120000450,0,6,-6
120000451,37,55,-18
120000452,325,17,308
120000453,0,0,0
120000454,49,31,18
120000455,12,16,-4
120000456,65,748,-683
120000457,216,158,58
120000458,230,65,165
120000459,94,19,75
120000665,27,108,-81
120000668,7,294,-287
120000669,126,87,39
120000670,10,150,-140
120000671,606,226,380
120000672,9,149,-140
120900001,80,9,71
120900002,14,27,-13
120900003,0,0,0
120900004,1,37,-36
120900005,33,78,-45
120900006,342,30,312
120900007,34,10,24
120900008,210,162,48
120900009,0,0,0
120900010,250,40,210
120900011,0,0,0
120900012,18,404,-386
120900013,96,17,79
120900014,0,35,-35
120900015,614,27,587
120900016,771,5,766
120900017,198,11,187
120900018,75,36,39
120900019,132,153,-21
120900020,37,169,-132
120900021,386,11,375
120900022,4,25,-21
120900023,372,13,359
120900024,421,43,378
120900025,210,69,141
120900026,10,25,-15
120900027,0,0,0
120900028,388,71,317
120900029,0,0,0
120900030,658,127,531
120900031,303,14,289
120900032,917,31,886
120900033,498,35,463
120900034,6,999,-993
120900035,114,17,97
120900037,180,5,175
120900038,0,0,0
120900039,0,0,0
120900040,151,0,151
120900041,1,2,-1
120900042,315,25,290
120900043,17,4,13
120900044,10,193,-183
120900045,6,4,2
120900046,340,3,337
120900047,0,0,0
120900048,0,0,0
120900049,382,0,382
120900050,288,642,-354
120900051,193,45,148
120900052,318,0,318
120900053,189,7,182
120900054,262,29,233
120900055,401,4,397
120900056,0,0,0
120900057,0,0,0
120900058,540,0,540
120900059,77,0,77
120900060,41,12,29
120900061,47,8,39
120900062,223,4,219
120900063,0,0,0
120900064,407,1,406
120900065,429,0,429
120900066,341,8,333
120900067,81,16,65
120900068,226,1,225
120900069,0,0,0
120900071,45,2,43
120900072,0,0,0
120900073,0,0,0
120900074,272,6,266
120900076,222,0,222
120900077,501,197,304
120900078,658,69,589
120900079,172,11,161
120900080,178,2,176
120900081,599,56,543
120900082,148,6,142
120900083,230,0,230
120900084,152,246,-94
120900085,0,0,0
120900086,5,252,-247
120900087,282,77,205
120900088,10,197,-187
120900089,282,1363,-1081
120900090,37,3,34
120900091,82,319,-237
120900092,11,20,-9
120900093,0,0,0
120900094,33,35,-2
120900095,0,0,0
120900096,0,2,-2
120900097,84,31,53
120900098,0,0,0
120900099,2,0,2
120900100,0,0,0
120900101,0,0,0
120900102,0,0,0
120900103,63,45,18
120900104,5,1,4
120900105,0,0,0
120900106,117,38,79
120900107,31,11,20
120900108,0,0,0
120900109,5,33,-28
120900110,0,0,0
120900111,8,4,4
120900112,0,0,0
120900113,0,50,-50
120900114,0,3,-3
120900115,53,87,-34
120900116,100,11,89
120900117,0,0,0
120900118,10,47,-37
120900119,798,376,422
120900120,8,20,-12
120900121,5,11,-6
120900122,86,14,72
120900123,0,0,0
120900124,0,24,-24
120900125,1,50,-49
120900126,63,18,45
120900127,0,0,0
120900128,14,15,-1
120900129,91,34,57
120900130,1,42,-41
120900131,0,0,0
120900132,870,40,830
120900133,5,40,-35
120900134,4,6,-2
120900135,43,55,-12
120900136,0,1,-1
120900137,175,5,170
120900138,0,6,-6
120900139,0,34,-34
120900140,0,0,0
120900141,108,27,81
120900142,0,25,-25
120900143,0,59,-59
120900144,0,20,-20
120900145,10,19,-9
120900146,0,37,-37
120900147,0,0,0
120900148,26,14,12
120900149,0,47,-47
120900150,1,8,-7
120900151,0,24,-24
120900152,6,1,5
120900153,0,0,0
120900154,0,5,-5
120900155,2,7,-5
120900156,37,21,16
120900157,0,0,0
120900158,0,3,-3
120900159,0,0,0
120900160,1,3,-2
120900161,0,4,-4
120900162,0,0,0
120900163,0,0,0
120900164,0,0,0
120900165,0,0,0
120900166,0,0,0
120900167,0,0,0
120900169,0,0,0
120900170,49,1353,-1304
120900171,82,7,75
120900172,0,0,0
120900173,0,0,0
120900174,0,0,0
120900175,34,4,30
120900176,0,299,-299
120900177,1,810,-809
120900178,1,188,-187
120900179,32,22,10
120900180,0,0,0
120900181,0,0,0
120900182,0,0,0
120900183,1,0,1
120900184,0,0,0
120900185,0,0,0
120900186,0,18,-18
120900187,206,99,107
120900188,5,0,5
120900189,0,0,0
120900190,71,14,57
120900191,5,1,4
120900192,710,2529,-1819
120900194,5,1,4
120900195,20,36,-16
120900196,0,0,0
120900197,499,57,442
120900198,3,48,-45
120900199,110,117,-7
120900200,0,0,0
120900201,79,26,53
120900202,0,18,-18
120900203,3,10,-7
120900204,22,20,2
120900205,6,0,6
120900206,0,3,-3
120900207,2,62,-60
121000001,186,479,-293
121000002,527,1135,-608
121000003,416,1221,-805
121000004,361,1518,-1157
121000005,1461,2962,-1501
121000006,843,1558,-715
121000007,323,1682,-1359
121000008,880,1611,-731
121000009,1016,3083,-2067
121000010,1006,1602,-596
121000011,2053,4043,-1990
121000012,3316,1938,1378
121000013,2145,3866,-1721
121000014,2637,1718,919
121000015,2789,4823,-2034
121000016,930,754,176
121000017,636,2079,-1443
121000018,974,1368,-394
121000019,2156,3336,-1180
121000020,4019,7845,-3826
121000021,377,654,-277
121000022,459,2674,-2215
121000023,798,301,497
121000024,1822,2248,-426
121000025,80,369,-289
121000026,94,169,-75
121000027,243,712,-469
121000028,127,247,-120
121000029,85,219,-134
121000030,0,0,0
121000031,73,237,-164
121000032,0,0,0
121000034,13,37,-24
121000035,0,13,-13
121000036,172,247,-75
121000037,122,515,-393
121000038,697,657,40
121000039,120,34,86
121000041,87,137,-50
121000042,15,277,-262
121000043,367,524,-157
121000044,78,316,-238
121000045,112,170,-58
121000046,0,0,0
121000047,3,21,-18
121000049,556,328,228
121000050,78,1571,-1493
121000051,165,142,23
121000052,80,1066,-986
121000053,48,98,-50
121000054,0,50,-50
121000055,387,672,-285
121000056,784,607,177
121000057,1,7,-6
121000058,32,67,-35
121000059,308,1099,-791
121000060,476,691,-215
121000061,6,508,-502
121000062,299,249,50
121000063,198,779,-581
121000064,210,613,-403
121000065,65,171,-106
121000066,32,42,-10
121000067,87,36,51
121000068,149,608,-459
121000069,21,840,-819
121000070,352,219,133
121000071,436,1076,-640
121000072,149,85,64
121000073,92,575,-483
121000074,5,70,-65
121000075,3,21,-18
121000076,52,49,3
121000077,26,84,-58
121000078,2,43,-41
121000080,247,139,108
121000081,400,1512,-1112
121000082,1,21,-20
121000083,37,112,-75
121000084,0,0,0
121000085,25,34,-9
121000086,42,307,-265
121000087,11,266,-255
121000088,162,144,18
121000089,10,354,-344
121000090,45,148,-103
121000091,436,818,-382
121000092,19,32,-13
121000093,42,73,-31
121000094,64,114,-50
121000095,15,175,-160
121000096,488,248,240
121000097,213,626,-413
121000098,156,145,11
121000099,157,149,8
121000100,345,224,121
121000101,66,82,-16
121000102,8,4,4
121000103,68,59,9
121000104,21,10,11
121000105,15,6,9
121000106,85,109,-24
121000107,885,1835,-950
121000109,624,1196,-572
121000110,10,648,-638
121000114,941,1368,-427
121000115,158,119,39
121000116,97,105,-8
121000117,272,50,222
121000118,197,23,174
121000119,30,87,-57
121000120,47,388,-341
121000121,30,91,-61
121000123,65,30,35
121000126,27,142,-115
121000127,11,30,-19
121000128,246,85,161
121000129,207,111,96
121000130,69,215,-146
121000131,61,252,-191
121000132,79,324,-245
121000135,224,867,-643
121000136,312,584,-272
121000137,39,104,-65
121000138,123,1383,-1260
121000139,0,0,0
121000141,38,20,18
121000142,10,55,-45
121000143,12,22,-10
121000144,489,881,-392
121000145,118,233,-115
121000146,222,44,178
121000147,213,55,158
121000148,144,188,-44
121000149,536,599,-63
121000152,96,85,11
121000153,234,106,128
121000154,197,144,53
121000155,327,425,-98
121000156,160,221,-61
121000157,277,291,-14
121000158,497,295,202
121000159,205,176,29
121000160,386,97,289
121000161,169,234,-65
121000162,77,73,4
121000165,760,2572,-1812
121000166,43,382,-339
121000168,55,123,-68
121000169,4,68,-64
121000170,63,7,56
121000171,46,60,-14
121000172,201,334,-133
121000173,772,742,30
121000174,302,605,-303
121000175,507,223,284
121000176,230,224,6
121000177,168,145,23
121000178,76,27,49
121000179,15,38,-23
121000181,164,96,68
121000182,250,346,-96
121000183,9,169,-160
121000184,19,347,-328
121000185,10,742,-732
121000186,185,922,-737
121000187,119,126,-7
121000188,79,58,21
121000192,219,58,161
121000193,78,85,-7
121000194,568,1078,-510
121000195,278,591,-313
121000196,112,120,-8
121000197,40,102,-62
121000198,30,142,-112
121000199,26,132,-106
121000200,349,134,215
121000201,3,123,-120
121000202,101,2,99
121000203,36,95,-59
121000204,667,43,624
121000205,134,144,-10
121000206,211,130,81
121000207,617,285,332
121000208,1,165,-164
121000209,406,31,375
121000210,438,107,331
121000211,44,6,38
121000212,116,113,3
121000213,465,509,-44
121000214,247,1149,-902
121000215,397,147,250
121000216,140,676,-536
121000217,1360,1726,-366
121000218,58,461,-403
121000219,421,384,37
121000220,11,1,10
121000221,6,118,-112
121000222,618,1051,-433
121000223,0,0,0
121000224,172,227,-55
121000225,62,1013,-951
121000226,243,900,-657
121000227,8,160,-152
121000228,15,77,-62
121000229,17,21,-4
121000230,14,181,-167
121000231,749,7,742
121000232,44,62,-18
121000233,210,55,155
121000234,5,50,-45
121000235,24,25,-1
121000236,0,11,-11
121000237,1,1,0
121000238,0,26,-26
121000239,36,0,36
121000240,0,38,-38
121000241,35,0,35
121000242,1,25,-24
121000243,69,1,68
121000244,0,10,-10
121000245,53,1,52
121000246,0,53,-53
121000247,12,0,12
121000248,71,36,35
121000249,2,26,-24
121000250,98,338,-240
121000251,0,56,-56
121000252,64,56,8
121000253,141,124,17
121000254,329,103,226
121000255,13,68,-55
121000256,41,122,-81
121000257,5,49,-44
121000258,50,153,-103
121000259,8,2,6
121000260,1,30,-29
121000261,18,120,-102
121000262,155,124,31
121000263,313,116,197
121000271,62,1230,-1168
121000273,7,3,4
121000274,0,68,-68
121000275,4,1,3
121000276,0,46,-46
121000278,21,5,16
121000279,3,19,-16
121000280,8,23,-15
121000289,106,11,95
121000290,105,543,-438
121000294,140,43,97
121000297,207,429,-222
121000299,62,251,-189
121000300,105,140,-35
121000302,6,360,-354
121000303,68,26,42
121000304,518,104,414
121000305,75,86,-11
121000306,114,153,-39
121000308,0,3,-3
121000309,2,2,0
121000310,0,1,-1
121000311,1,0,1
121000312,109,144,-35
121000313,4,5,-1
121000314,0,2,-2
121000315,0,4,-4
121000530,714,442,272
121000531,886,518,368
121000532,1924,2086,-162
121000533,3244,1972,1272
121000918,0,0,0
121000919,18,144,-126
121000938,5,2,3
121000939,25,107,-82
121000956,645,264,381
121000957,0,0,0
121000958,16,39,-23
121000959,258,79,179
121000960,286,154,132
121000961,221,2,219
121000962,51,53,-2
121000973,0,0,0
121000976,0,0,0
121000979,0,0,0
121000981,77,17,60
121000982,396,111,285
121000983,69,15,54
121000984,0,32,-32
121000985,220,103,117
121000986,140,98,42
121000987,19,99,-80
121000988,352,35,317
121001302,23,6,17
121001308,0,19,-19
121001309,5,176,-171
121001313,0,0,0
121001314,734,521,213
121001315,2290,172,2118
121900001,74,459,-385
121900002,3,0,3
121900003,0,0,0
121900004,0,0,0
121900005,1,0,1
121900006,0,0,0
121900007,279,8,271
121900008,5,0,5
121900009,0,0,0
121900010,0,0,0
121900011,38,6,32
121900012,1,0,1
121900013,28,0,28
121900014,0,0,0
121900015,107,1,106
121900016,0,0,0
121900017,0,0,0
121900018,0,0,0
121900019,0,0,0
121900020,5,0,5
121900021,176,0,176
121900022,0,0,0
121900023,0,0,0
121900024,0,0,0
121900025,0,0,0
121900026,0,0,0
121900027,0,0,0
121900028,1,0,1
121900029,0,0,0
121900030,0,0,0
121900031,0,63,-63
121900032,0,0,0
121900033,0,0,0
121900034,0,0,0
121900035,0,0,0
121900036,0,0,0
121900037,0,0,0
121900038,0,0,0
121900039,0,0,0
121900040,0,0,0
121900041,0,0,0
121900042,0,0,0
121900043,0,0,0
121900044,0,0,0
121900046,0,0,0
121900047,0,0,0
121900048,0,0,0
121900050,0,0,0
121900051,0,0,0
121900052,0,0,0
121900053,2,17,-15
121900054,0,0,0
121900055,0,0,0
121900058,0,0,0
121900059,0,0,0
121900060,0,0,0
121900061,0,0,0
121900062,0,0,0
121900063,14,8,6
121900064,0,0,0
121900066,0,0,0
121900067,0,0,0
121900069,0,0,0
121900070,3,4,-1
121900071,0,0,0
121900072,0,0,0
121900073,0,0,0
121900074,3,0,3
121900075,7,12,-5
121900076,0,0,0
121900077,0,0,0
121900078,0,0,0
121900079,0,0,0
121900080,0,0,0
121900082,0,0,0
121900084,0,0,0
121900085,0,0,0
121900086,0,0,0
121900087,0,0,0
121900088,0,0,0
121900089,0,0,0
121900090,0,0,0
121900091,0,0,0
121900092,0,0,0
121900093,0,0,0
121900094,0,0,0
121900095,0,0,0
121900096,0,0,0
121900097,0,0,0
121900098,0,0,0
121900099,0,0,0
121900100,0,0,0
121900101,0,0,0
121900102,0,0,0
121900103,0,0,0
121900104,86,99,-13
121900105,0,0,0
121900106,0,0,0
121900107,0,0,0
121900108,0,0,0
121900109,0,0,0
121900110,0,0,0
121900111,0,0,0
121900112,0,0,0
121900113,0,0,0
121900114,1,0,1
121900117,0,0,0
121900118,0,0,0
121900119,0,0,0
121900120,0,0,0
121900121,0,0,0
121900122,0,0,0
121900123,0,0,0
121900124,0,0,0
121900125,25,7,18
121900127,0,0,0
121900128,0,0,0
121900129,0,0,0
121900130,0,0,0
121900131,0,0,0
121900132,0,0,0
121900133,0,0,0
121900134,0,0,0
121900135,136,17,119
121900136,0,0,0
121900137,0,0,0
121900138,0,0,0
121900139,0,0,0
121900140,0,0,0
121900141,11,0,11
121900142,0,0,0
121900143,0,0,0
121900144,0,0,0
121900145,0,0,0
121900146,0,0,0
121900147,0,0,0
121900148,0,0,0
121900149,0,0,0
121900150,0,0,0
121900151,0,0,0
121900152,0,0,0
121900153,0,0,0
121900154,0,0,0
121900155,0,0,0
121900156,0,0,0
121900157,0,0,0
121900158,0,0,0
121900159,0,0,0
121900160,0,0,0
121900161,0,0,0
121900162,0,0,0
121900163,0,0,0
121900164,0,0,0
121900165,0,0,0
121900166,0,0,0
121900167,0,0,0
121900168,0,0,0
121900169,0,0,0
121900170,0,0,0
121900171,0,0,0
121900172,0,0,0
121900173,0,0,0
121900174,0,0,0
121900175,0,0,0
121900176,0,0,0
121900177,0,0,0
121900178,0,0,0
121900179,0,0,0
121900180,170,995,-825
121900182,0,0,0
121900183,0,0,0
121900184,0,1,-1
121900186,0,0,0
121900187,0,0,0
121900188,0,0,0
121900189,0,0,0
121900190,0,0,0
121900191,2,0,2
121900192,0,0,0
121900193,0,0,0
121900194,0,0,0
121900195,0,0,0
121900196,0,0,0
121900197,0,0,0
121900198,627,3,624
121900199,0,0,0
121900200,0,0,0
121900201,0,0,0
121900202,0,0,0
121900203,0,0,0
121900204,0,0,0
121900205,0,0,0
121900206,0,0,0
121900207,0,0,0
121900208,0,0,0
121900209,0,0,0
121900210,0,0,0
121900211,0,0,0
121900212,0,0,0
121900213,0,0,0
121900214,0,0,0
121900215,0,0,0
121900216,0,0,0
121900217,26,6,20
121900218,0,0,0
121900220,0,0,0
121900221,0,0,0
121900222,0,0,0
121900223,0,0,0
121900224,0,0,0
121900225,0,0,0
121900226,0,0,0
121900227,0,0,0
121900228,0,0,0
121900230,0,10,-10
121900231,0,1,-1
121900232,0,0,0
121900233,0,0,0
121900234,0,0,0
121900235,0,0,0
121900236,0,0,0
121900237,0,0,0
121900238,0,0,0
121900239,0,0,0
121900240,0,0,0
121900241,0,0,0
121900242,0,0,0
121900243,0,0,0
121900244,0,0,0
121900245,0,0,0
121900246,61,19,42
121900247,0,0,0
121900248,0,0,0
121900250,0,0,0
121900251,0,0,0
121900252,0,0,0
121900253,0,0,0
121900254,0,0,0
121900255,0,0,0
121900258,622,375,247
121900259,0,0,0
121900260,0,0,0
121900261,0,0,0
121900262,0,0,0
121900263,0,0,0
121900264,0,0,0
121900265,0,0,0
121900266,0,0,0
121900267,4,2,2
121900269,0,0,0
121900270,0,0,0
121900271,0,0,0
121900273,34,30,4
121900274,95,1,94
121900277,0,0,0
121900278,0,0,0
121900279,0,0,0
121900280,0,0,0
121900281,0,0,0
121900284,0,0,0
121900286,43,5,38
121900287,1,3,-2
121900288,0,1,-1
121900290,0,0,0
121900291,0,0,0
121900292,0,4,-4
121900293,0,0,0
121900294,0,0,0
121900295,0,0,0
121900296,0,0,0
121900298,0,5,-5
121900299,0,0,0
121900300,0,0,0
121900301,0,0,0
121900302,0,0,0
121900303,0,0,0
121900304,0,0,0
121900305,0,0,0
121900306,0,0,0
121900307,30,0,30
121900308,0,0,0
121900309,0,0,0
121900310,0,0,0
121900311,144,0,144
121900312,43,0,43
121900313,74,0,74
121900314,0,0,0
121900315,0,0,0
121900316,0,0,0
121900317,0,0,0
121900318,0,0,0
121900319,0,0,0
121900320,0,0,0
121900321,0,0,0
121900322,0,0,0
121900323,0,0,0
121900324,0,0,0
121900325,0,0,0
121900326,0,0,0
121900327,0,0,0
121900328,0,0,0
121900329,0,0,0
121900330,0,0,0
121900331,0,0,0
121900332,0,0,0
121900333,0,0,0
122000001,354,945,-591
122000002,583,269,314
122000003,360,839,-479
122000004,383,445,-62
122000005,1179,2656,-1477
122000006,291,790,-499
122000007,221,856,-635
122000008,706,1228,-522
122000009,142,203,-61
122000010,1740,1407,333
122000011,432,426,6
122000012,229,560,-331
122000013,247,864,-617
122000014,552,841,-289
122000015,472,671,-199
122000016,144,412,-268
122000017,388,762,-374
122000018,374,938,-564
122000019,208,719,-511
122000020,62,115,-53
122000021,28,108,-80
122000022,113,127,-14
122000023,73,114,-41
122000024,389,513,-124
122000025,244,644,-400
122000026,477,387,90
122000027,141,318,-177
122000028,182,401,-219
122000029,109,146,-37
122000030,63,8,55
122000031,21,658,-637
122000032,219,332,-113
122000033,163,140,23
122000034,28,82,-54
122000035,19,57,-38
122000036,136,141,-5
122000037,42,64,-22
122000038,81,160,-79
122000039,88,37,51
122000040,69,38,31
122000041,384,1165,-781
122000042,292,700,-408
122000043,70,166,-96
122000044,46,242,-196
122000045,317,153,164
122000046,430,287,143
122000047,6,6,0
122000048,1098,2354,-1256
122000049,1958,1250,708
122000050,205,371,-166
122000051,189,769,-580
122000052,156,525,-369
122000053,172,1611,-1439
122000054,546,912,-366
122000055,2433,2588,-155
122000056,927,1230,-303
122000057,942,1298,-356
122000058,412,635,-223
122000059,515,1078,-563
122000060,41,93,-52
122000061,57,106,-49
122000062,258,50,208
122000063,78,406,-328
122000064,1677,2388,-711
122000065,1113,1051,62
122000066,295,233,62
122000067,733,2170,-1437
122000068,298,1934,-1636
122000069,163,255,-92
122000070,792,605,187
122000071,242,434,-192
122000072,2,97,-95
122000073,48,139,-91
122000074,419,731,-312
122000075,165,685,-520
122000076,303,380,-77
122000077,95,388,-293
122000078,430,489,-59
122000079,97,465,-368
122000080,91,375,-284
122000081,14,140,-126
122000082,178,288,-110
122000083,195,303,-108
122000084,76,154,-78
122000085,38,196,-158
122000086,825,2981,-2156
122000087,295,214,81
122000088,74,23,51
122000089,999,913,86
122000090,72,197,-125
122000091,41,47,-6
122000092,6,6,0
122000093,1117,2553,-1436
122000094,1755,1643,112
122000095,560,1613,-1053
122000096,101,988,-887
122000098,1418,3402,-1984
122000099,147,377,-230
122000100,166,127,39
122000101,70,67,3
122000102,53,234,-181
122000103,95,138,-43
122000104,43,172,-129
122000105,72,131,-59
122000106,133,135,-2
122000107,255,268,-13
122000108,16,22,-6
122000109,68,161,-93
122000110,41,114,-73
122000111,441,192,249
122000112,117,180,-63
122000113,150,154,-4
122000114,514,2162,-1648
122000115,626,1689,-1063
122000116,63,242,-179
122000117,57,36,21
122000118,258,64,194
122000119,164,116,48
122000120,61,220,-159
122000121,358,525,-167
122000122,96,372,-276
122000123,241,465,-224
122000124,113,336,-223
122000125,62,242,-180
122000126,40,208,-168
122000127,80,276,-196
122000128,165,112,53
122000129,72,232,-160
122000130,462,382,80
122000131,93,92,1
122000132,13,2,11
122000133,63,71,-8
122000134,154,303,-149
122000135,197,132,65
122000136,52,176,-124
122000137,253,294,-41
122000139,168,649,-481
122000140,86,374,-288
122000141,289,351,-62
122000142,48,411,-363
122000143,51,78,-27
122000144,307,86,221
122000145,98,69,29
122000146,111,277,-166
122000147,106,132,-26
122000148,183,152,31
122000149,323,132,191
122000150,350,178,172
122000151,1,0,1
122000152,4,0,4
122000153,86,92,-6
122000154,76,68,8
122000155,350,291,59
122000156,1113,1595,-482
122000157,303,846,-543
122000158,64,82,-18
122000159,196,283,-87
122000160,424,276,148
122000161,212,234,-22
122000162,256,282,-26
122000163,18,5,13
122000164,1,8,-7
122000165,77,663,-586
122000166,191,218,-27
122000167,4,3,1
122000168,46,704,-658
122000169,42,51,-9
122000170,58,264,-206
122000171,0,0,0
122000172,214,658,-444
122000173,243,907,-664
122000174,540,1262,-722
122000175,157,44,113
122000176,135,863,-728
122000177,739,1834,-1095
122000178,617,464,153
122000179,240,1324,-1084
122000180,445,1415,-970
122000181,417,1807,-1390
122000182,222,214,8
122000183,131,67,64
122000184,1128,1173,-45
122000185,279,695,-416
122000186,140,426,-286
122000187,587,279,308
122000188,0,0,0
122000189,53,105,-52
122000190,239,310,-71
122000191,57,202,-145
122000192,86,16,70
122000193,87,352,-265
122000194,102,22,80
122000195,51,321,-270
122000196,56,119,-63
122000197,58,48,10
122000198,97,369,-272
122000199,66,101,-35
122000200,174,130,44
122000201,687,866,-179
122000202,217,678,-461
122000203,375,286,89
122000204,430,493,-63
122000205,155,231,-76
122000206,386,719,-333
122000207,340,784,-444
122000208,615,438,177
122000209,576,84,492
122000210,208,399,-191
122000211,73,337,-264
122000212,136,139,-3
122000213,152,288,-136
122000214,540,834,-294
122000215,1469,686,783
122000217,324,358,-34
122000218,159,122,37
122000219,171,183,-12
122000220,48,299,-251
122000221,70,368,-298
122000222,37,69,-32
122000223,101,207,-106
122000225,162,80,82
122000226,71,258,-187
122000227,50,146,-96
122000228,23,65,-42
122000229,2,212,-210
122000230,4,109,-105
122000231,13,96,-83
122000232,65,113,-48
122000233,0,21,-21
122000234,149,75,74
122000235,112,36,76
122000236,391,26,365
122000237,4,1,3
122000238,55,115,-60
122000239,113,17,96
122000240,247,104,143
122000241,358,56,302
122000242,76,4,72
122000243,15,0,15
122000244,26,73,-47
122000245,12,1,11
122000246,28,114,-86
122000247,136,14,122
122000248,96,108,-12
122000249,268,259,9
122000250,186,230,-44
122000251,0,0,0
122000252,42,1,41
122000253,0,0,0
122000254,54,16,38
122000255,113,307,-194
122000256,4,15,-11
122000257,4,7,-3
122000258,48,131,-83
122000259,10,220,-210
122000260,2,79,-77
122000261,7,86,-79
122000262,0,0,0
122000263,62,1,61
122000264,513,59,454
122000265,560,135,425
122000266,790,75,715
122000267,0,20,-20
122000268,43,11,32
122000269,80,41,39
122000270,10,29,-19
122000271,0,0,0
122000272,0,0,0
122000273,47,0,47
122000274,5,7,-2
122000275,1,9,-8
122000276,181,206,-25
122000277,246,580,-334
122000278,365,94,271
122000279,66,37,29
122000280,147,41,106
122000281,93,73,20
122000282,15,337,-322
122000283,20,32,-12
122000284,9,9,0
122000285,0,0,0
122000286,0,0,0
122000287,1000,388,612
122000288,65,31,34
122000291,1027,284,743
122000293,21,73,-52
122000294,17,204,-187
122000295,375,81,294
122000296,30,370,-340
122000297,772,2349,-1577
122000299,245,164,81
122000300,32,78,-46
122000301,445,1407,-962
122000302,201,982,-781
122000303,358,73,285
122000304,0,73,-73
122000305,771,150,621
122000306,19,188,-169
122000307,34,15,19
122000309,0,0,0
122000310,0,27,-27
122000311,7,40,-33
122000312,27,79,-52
122000313,21,131,-110
122000314,79,215,-136
122000315,78,4,74
122000316,377,100,277
122000317,539,84,455
122000318,213,651,-438
122000319,17,126,-109
122000320,10,28,-18
122000321,38,73,-35
122000322,535,463,72
122000323,180,345,-165
122000324,414,822,-408
122000325,204,374,-170
122000326,18,0,18
122000327,51,197,-146
122000328,88,170,-82
122000330,247,705,-458
122000332,16,245,-229
122000333,5,6,-1
122000337,170,116,54
122000338,94,44,50
122000340,26,140,-114
122000342,198,335,-137
122000343,43,143,-100
122000344,67,0,67
122000345,65,72,-7
122000346,83,1,82
122000348,160,307,-147
122000349,1,83,-82
122000351,65,15,50
122000352,22,12,10
122000353,1,1,0
122000355,59,413,-354
122000356,45,137,-92
122000357,8,13,-5
122000358,0,0,0
122000359,0,0,0
122000360,0,0,0
122000362,0,0,0
122000364,42,44,-2
122000365,0,25,-25
122000366,4,1,3
122000368,45,59,-14
122000370,1,0,1
122000371,0,0,0
122000372,0,0,0
122000381,16,65,-49
122000382,2,17,-15
122000384,269,525,-256
122000385,28,0,28
122000386,31,517,-486
122000387,121,141,-20
122000388,128,412,-284
122000389,45,23,22
122000390,49,170,-121
122000391,5,114,-109
122000392,8,18,-10
122000393,0,40,-40
122000394,73,21,52
122000395,29,6,23
122000396,84,3,81
122000397,0,0,0
122000398,2,70,-68
122000399,5,0,5
122000400,15,111,-96
122000401,26,4,22
122000402,78,43,35
122000403,71,28,43
122000404,217,40,177
122000408,170,287,-117
122000503,0,8,-8
122000524,0,0,0
122000544,19,55,-36
122000616,0,0,0
122000640,19,54,-35
122000641,44,69,-25
122000642,234,103,131
122000643,14,151,-137
122000644,0,0,0
122000645,1,11,-10
122000651,201,671,-470
122000664,49,20,29
122000665,85,258,-173
122000666,114,192,-78
122000673,2,51,-49
122000674,111,73,38
122000675,1048,383,665
122000686,138,101,37
122000687,431,61,370
122000688,208,95,113
122000689,422,48,374
122000690,1168,43,1125
122000691,467,172,295
122000692,239,19,220
122000693,144,168,-24
122000695,52,28,24
122000696,211,57,154
122000698,40,18,22
122000699,100,60,40
122000701,345,110,235
122000702,109,206,-97
122000703,29,22,7
122000717,1,98,-97
122000718,14,762,-748
122000719,9,22,-13
122000720,260,18,242
122000724,59,9,50
122900001,0,0,0
122900002,68,480,-412
122900003,27,0,27
122900004,0,0,0
122900005,0,0,0
122900006,0,0,0
122900007,0,0,0
122900008,0,0,0
122900009,0,0,0
122900010,17,3,14
122900012,13,14,-1
122900014,0,0,0
122900015,68,43,25
122900016,0,0,0
122900017,0,0,0
122900018,0,0,0
122900019,0,0,0
122900020,0,0,0
122900021,0,0,0
122900022,0,0,0
122900023,0,0,0
122900024,0,0,0
122900025,0,0,0
122900026,0,0,0
122900027,1,104,-103
122900028,0,1,-1
122900029,1,1,0
122900030,0,0,0
122900031,22,38,-16
122900032,0,0,0
122900033,3,44,-41
122900034,47,68,-21
122900035,6,0,6
122900036,0,0,0
122900037,0,0,0
122900038,23,139,-116
122900039,0,5,-5
122900040,7,15,-8
122900041,5,66,-61
122900042,5,11,-6
122900043,1,24,-23
122900044,1,18,-17
122900045,1,58,-57
122900046,1,22,-21
122900047,3,0,3
122900048,0,1,-1
122900049,0,0,0
122900051,0,0,0
122900052,35,0,35
122900053,3,9,-6
122900055,4,0,4
122900057,5,1,4
122900061,0,0,0
122900062,0,0,0
122900063,0,0,0
122900064,0,0,0
122900065,0,0,0
122900066,0,0,0
122900067,1,0,1
122900068,0,0,0
122900069,0,0,0
122900070,103,12,91
122900071,0,0,0
122900072,21,0,21
122900073,0,0,0
122900074,353,1,352
122900075,0,0,0
122900076,0,0,0
122900077,0,0,0
122900078,131,2,129
122900080,0,0,0
122900081,49,1,48
122900082,335,1,334
122900083,0,0,0
122900084,0,0,0
122900086,0,0,0
122900087,51,0,51
122900088,0,0,0
122900089,0,0,0
122900090,0,0,0
122900091,0,0,0
122900092,0,0,0
122900093,0,0,0
122900094,0,0,0
122900095,0,0,0
122900096,74,0,74
122900097,0,0,0
122900098,0,0,0
122900099,0,0,0
122900100,0,0,0
122900101,0,0,0
122900102,0,0,0
122900103,0,0,0
122900104,0,0,0
122900105,0,0,0
122900106,0,0,0
122900107,0,0,0
122900108,0,0,0
123000001,576,134,442
123000002,696,2637,-1941
123000003,1264,1354,-90
123000004,1144,1461,-317
123000005,1618,1049,569
123000006,972,1228,-256
123000007,1194,791,403
123000008,375,445,-70
123000009,1848,2059,-211
123000010,560,424,136
123000011,951,974,-23
123000012,14,99,-85
123000013,1184,317,867
123000014,4,199,-195
123000015,1117,489,628
123000016,86,298,-212
123000017,3884,2104,1780
123000018,102,61,41
123000019,256,22,234
123000020,156,0,156
123000021,123,63,60
123000022,857,187,670
123000023,1623,1291,332
123000024,629,328,301
123000025,0,85,-85
123000026,0,88,-88
123000027,1,140,-139
123000028,92,1991,-1899
123000029,11,412,-401
123000030,29,51,-22
123000031,271,82,189
123000032,445,134,311
123000033,70,45,25
123000034,473,438,35
123000035,80,308,-228
123000036,64,565,-501
123000037,12,29,-17
123000038,17,159,-142
123000039,408,1026,-618
123000040,25,12,13
123000041,185,742,-557
123000042,52,100,-48
123000043,891,3977,-3086
123000044,769,591,178
123000045,472,234,238
123000046,94,471,-377
123000047,192,82,110
123000048,9,1015,-1006
123000049,3255,3268,-13
123000050,457,431,26
123000051,28,66,-38
123000052,296,695,-399
123000053,952,1106,-154
123000054,453,1351,-898
123000055,1265,2359,-1094
123000056,102,290,-188
123000057,531,945,-414
123000058,72,339,-267
123000059,46,81,-35
123000060,246,116,130
123000061,60,142,-82
123000063,189,223,-34
123000064,226,28,198
123000065,498,655,-157
123000066,137,122,15
123000067,281,193,88
123000068,523,429,94
123000069,1180,283,897
123000070,138,95,43
123000071,506,267,239
123000072,151,19,132
123000073,625,353,272
123000074,218,35,183
123000075,175,488,-313
123000076,98,168,-70
123000077,476,207,269
123000078,948,520,428
123000079,1284,597,687
123000080,499,131,368
123000081,22,39,-17
123000082,122,133,-11
123000083,243,60,183
123000084,264,9,255
123000085,100,11,89
123000086,204,46,158
123000087,107,100,7
123000088,503,104,399
123000089,400,250,150
123000090,0,0,0
123000091,472,349,123
123000092,0,0,0
123000094,169,8,161
123000095,367,154,213
123000096,440,63,377
123000097,308,68,240
123000098,326,72,254
123000099,246,164,82
123000100,69,571,-502
123000101,118,70,48
123000102,438,781,-343
123000104,102,114,-12
123000105,8,18,-10
123000106,164,112,52
123000107,12,5,7
123000108,229,49,180
123000111,289,66,223
123000112,238,80,158
123000113,299,39,260
123000114,82,238,-156
123000115,99,137,-38
123000116,19,29,-10
123000117,600,443,157
123000118,188,153,35
123000119,47,110,-63
123000120,70,136,-66
123000121,283,246,37
123000122,0,0,0
123000123,335,181,154
123000124,0,0,0
123000125,483,515,-32
123000126,402,1449,-1047
123000127,78,218,-140
123000128,0,0,0
123000129,424,14,410
123000130,329,10,319
123000131,573,197,376
123000132,0,0,0
123000133,0,0,0
123000134,40,17,23
123000135,455,271,184
123000136,0,0,0
123000137,0,0,0
123000138,0,0,0
123000139,234,25,209
123000140,0,0,0
123000141,140,33,107
123000142,263,77,186
123000143,126,215,-89
123000144,1,1,0
123000145,6,299,-293
123000146,25,80,-55
123000147,3,22,-19
123000149,62,118,-56
123000150,12,23,-11
123000151,26,244,-218
123000152,7,14,-7
123000153,30,537,-507
123000154,304,666,-362
123000155,265,572,-307
123000156,2,23,-21
123000157,78,178,-100
123000158,174,282,-108
123000159,566,1491,-925
123000160,161,387,-226
123000161,498,305,193
123000162,523,605,-82
123000163,365,28,337
123000164,1196,28,1168
123000165,58,220,-162
123000166,0,7,-7
123000167,53,5,48
123000168,86,20,66
123000169,383,30,353
123000170,13,0,13
123000171,278,0,278
123000172,6,14,-8
123000173,195,59,136
123000174,259,91,168
123000175,14,30,-16
123000176,377,37,340
123000177,56,55,1
123000178,289,88,201
123000179,5,59,-54
123000180,722,156,566
123000181,88,189,-101
123000182,145,67,78
123000183,69,119,-50
123000184,9,34,-25
123000185,480,245,235
123000186,0,0,0
123000187,351,5,346
123000188,204,1,203
123000189,219,119,100
123000190,55,58,-3
123000192,1,66,-65
123000193,32,132,-100
123000194,67,73,-6
123000195,219,5,214
123000196,255,2,253
123000197,26,7,19
123000198,4,234,-230
123000199,3,71,-68
123000200,522,7,515
123000201,776,14,762
123000202,4,47,-43
123000203,787,13,774
123000204,3,140,-137
123000205,35,169,-134
123000206,1653,110,1543
123000207,17,196,-179
123000208,367,51,316
123000209,1103,166,937
123000210,25,256,-231
123000211,64,362,-298
123000212,2278,125,2153
123000213,236,15,221
123000215,62,106,-44
123000216,58,437,-379
123000217,128,25,103
123000218,8,17,-9
123000219,159,81,78
123000220,222,39,183
123000221,28,29,-1
123000222,203,77,126
123000223,307,114,193
123000224,200,66,134
123000225,186,9,177
123000226,74,5,69
123000227,38,4,34
123000228,163,36,127
123000229,162,82,80
123000232,3,19,-16
123000233,367,33,334
123000234,5,11,-6
123000235,252,73,179
123000236,9,65,-56
123000237,264,35,229
123000238,0,9,-9
123000239,109,152,-43
123000240,21,173,-152
123000241,65,53,12
123000242,57,43,14
123000243,66,128,-62
123000244,99,76,23
123000245,0,0,0
123000249,0,0,0
123000252,397,71,326
123000253,504,224,280
123000254,133,141,-8
123000255,158,352,-194
123000256,0,2,-2
123000257,373,300,73
123000258,176,90,86
123000259,199,209,-10
123000260,255,107,148
123000261,113,26,87
123000262,3,12,-9
123000263,243,27,216
123000264,145,9,136
123000265,1,16,-15
123000266,160,146,14
123000267,229,140,89
123000268,24,7,17
123000269,24,77,-53
123000270,29,49,-20
123000271,24,18,6
123000272,381,105,276
123000273,112,582,-470
123000274,637,239,398
123000275,59,149,-90
123000278,208,801,-593
123000279,63,41,22
123000280,151,75,76
123000281,108,68,40
123000282,51,156,-105
123000283,89,33,56
123000284,23,8,15
123000286,45,320,-275
123000287,51,108,-57
123000288,387,423,-36
123000289,97,483,-386
123000291,5,11,-6
123000294,51,316,-265
123000295,370,1150,-780
123000296,647,926,-279
123000297,163,70,93
123000298,191,46,145
123000299,35,229,-194
123000300,388,171,217
123000301,39,110,-71
123000302,132,37,95
123000303,14,537,-523
123000305,103,435,-332
123000306,31,25,6
123000309,1,16,-15
123000310,25,7,18
123000311,0,0,0
123000312,71,195,-124
123000313,186,113,73
123000315,288,50,238
123000316,457,7,450
123000317,86,60,26
123000318,1,31,-30
123000329,2,12,-10
123000337,125,201,-76
123000338,374,191,183
123000339,54,22,32
123000340,13,89,-76
123000342,0,5,-5
123000343,23,6,17
123000344,271,99,172
123000345,127,152,-25
123000346,399,30,369
123000352,108,148,-40
123000353,7,8,-1
123000354,580,2,578
123000355,0,99,-99
123000356,159,0,159
123000357,0,9,-9
123000359,0,2,-2
123000360,99,179,-80
123000361,80,4,76
123000362,131,3,128
123000363,55,2,53
123000364,170,131,39
123000365,0,22,-22
123000366,48,554,-506
123000367,21,208,-187
123000370,0,6,-6
123000371,183,6,177
123000372,59,4,55
123000373,0,10,-10
123000374,0,0,0
123000375,270,28,242
123000376,387,356,31
123000377,275,4,271
123000378,3,17,-14
123000379,0,38,-38
123000380,0,0,0
123000381,5,42,-37
123000382,199,45,154
123000383,0,0,0
123000384,153,24,129
123000385,0,0,0
123000436,30,481,-451
123000507,15,104,-89
123000508,113,1019,-906
123000517,51,3,48
123000518,6,91,-85
123000519,36,6,30
123000520,8,104,-96
123000521,119,31,88
123000522,67,92,-25
123000541,26,4,22
123000542,0,0,0
123000565,313,2,311
123000566,126,122,4
123000567,41,110,-69
123000573,0,0,0
123000574,322,31,291
123000575,741,9,732
123000576,218,14,204
123000577,9,23,-14
123000578,114,31,83
123000579,677,2388,-1711
123000580,38,14,24
123000582,235,5,230
123000583,27,9,18
123000584,80,79,1
123000585,0,0,0
123000586,57,4,53
123000596,42,18,24
123000597,109,80,29
123000602,33,5,28
123000603,474,50,424
123000604,222,23,199
123000605,280,94,186
123000606,0,0,0
123000609,5,72,-67
123000610,24,26,-2
123000613,0,0,0
123000614,193,6,187
123000615,0,0,0
123000616,221,24,197
123000617,0,0,0
123000618,0,0,0
123000619,66,3,63
123000620,0,0,0
123000622,140,2,138
123000624,47,7,40
123000630,949,195,754
123000631,70,115,-45
123000632,238,52,186
123000633,0,100,-100
123000634,3,102,-99
123000635,0,0,0
123000636,42,160,-118
123000637,35,9,26
123000638,119,106,13
123000639,385,1384,-999
123000640,10,0,10
123000648,7,1,6
123000649,0,3,-3
123900001,0,0,0
123900002,0,0,0
123900003,0,0,0
123900005,1,0,1
123900006,0,0,0
124000001,703,162,541
124000002,1,445,-444
124000003,592,84,508
124000004,1,82,-81
124000005,662,319,343
124000006,11,61,-50
124000007,55,27,28
124000008,0,42,-42
124000009,469,49,420
124000010,20,93,-73
124000011,401,122,279
124000012,7,47,-40
124000017,91,42,49
124000018,0,0,0
124000019,99,35,64
124000020,0,0,0
124000021,85,64,21
124000022,0,0,0
124000023,477,1184,-707
124000024,335,88,247
124000025,461,848,-387
124000026,630,1246,-616
124000027,2608,1407,1201
124000028,89,3068,-2979
124000030,737,139,598
124000031,381,2527,-2146
124000032,0,37,-37
124000033,146,175,-29
124000034,33,116,-83
124000035,26,116,-90
124000036,0,60,-60
124000037,52,336,-284
124000038,0,6,-6
124000039,82,21,61
124000040,87,145,-58
124000041,306,13,293
124000042,11,30,-19
124000043,69,23,46
124000044,2,30,-28
124000045,479,58,421
124000046,0,0,0
124000047,507,81,426
124000048,0,0,0
124000049,1003,143,860
124000050,0,0,0
124000051,687,82,605
124000052,0,0,0
124000053,386,714,-328
124000054,0,0,0
124000055,786,1097,-311
124000056,5,0,5
124000057,838,277,561
124000058,13,7,6
124000059,624,739,-115
124000060,230,19,211
124000061,660,1580,-920
124000062,202,70,132
124000063,443,68,375
124000064,312,76,236
124000065,0,0,0
124000066,59,54,5
124000067,21,22,-1
124000068,0,0,0
124000069,274,10,264
124000070,0,0,0
124000071,63,29,34
124000072,0,0,0
124000073,278,20,258
124000074,0,0,0
124000075,321,72,249
124000076,0,0,0
124000077,52,86,-34
124000078,396,294,102
124000079,4,94,-90
124000080,261,51,210
124000081,0,0,0
124000082,40,74,-34
124000083,0,0,0
124000084,20,225,-205
124000085,3,8,-5
124000086,45,169,-124
124000087,33,94,-61
124000088,46,152,-106
124000089,241,9,232
124000090,17,20,-3
124000091,213,7,206
124000092,125,102,23
124000093,44,118,-74
124000094,47,268,-221
124000095,66,30,36
124000096,3,70,-67
124000097,179,12,167
124000098,60,24,36
124000099,72,9,63
124000100,1,51,-50
124000101,161,35,126
124000102,80,26,54
124000103,327,64,263
124000104,46,15,31
124000105,217,74,143
124000106,133,22,111
124000107,14,314,-300
124000108,24,5,19
124000109,80,20,60
124000110,145,8,137
124000111,103,27,76
124000112,288,185,103
124000113,83,43,40
124000114,228,156,72
124000115,253,326,-73
124000116,41,58,-17
124000117,39,16,23
124000118,9,24,-15
124000119,238,126,112
124000120,233,81,152
124000121,612,219,393
124000122,65,287,-222
124000123,325,105,220
124000124,213,168,45
124000125,283,129,154
124000126,114,94,20
124000127,881,47,834
124000128,261,94,167
124000129,1115,613,502
124000130,128,22,106
124000131,336,318,18
124000132,198,38,160
124000133,638,302,336
124000134,275,299,-24
124000135,596,663,-67
124000136,87,170,-83
124000137,171,220,-49
124000138,64,163,-99
124000139,173,19,154
124000140,9,184,-175
124000141,2,7,-5
124000142,6,109,-103
124000143,25,5,20
124000144,0,40,-40
124000145,77,4,73
124000146,7,13,-6
124000148,2,14,-12
124000149,326,83,243
124000150,53,72,-19
124000151,240,197,43
124000152,77,79,-2
124000153,261,545,-284
124000154,59,119,-60
124000155,433,128,305
124000156,104,61,43
124000169,88,159,-71
124000170,100,97,3
124000171,95,129,-34
124000172,39,71,-32
124000173,207,61,146
124000174,204,82,122
124000175,0,0,0
124000176,9,54,-45
124000177,0,0,0
124000178,5,80,-75
124000190,4,23,-19
124000191,5,42,-37
124000192,388,198,190
124000193,3,182,-179
124000194,72,41,31
124000195,159,257,-98
124000196,173,87,86
124000197,50,13,37
124000198,122,13,109
124000201,6,0,6
124000202,307,26,281
124000203,64,0,64
124000204,587,14,573
124000205,60,2,58
124000206,768,205,563
124000207,0,0,0
124000209,131,3,128
124000210,571,134,437
124000211,645,7,638
124000212,0,0,0
124000213,64,0,64
124000214,265,11,254
124000215,332,19,313
124000216,0,0,0
124000329,0,63,-63
124000338,1,164,-163
124000339,631,22,609
124000341,636,9,627
124000344,64,21,43
124000357,1074,1162,-88
124000358,879,1141,-262
124000359,1034,362,672
124000360,484,251,233
124000361,1038,773,265
124000362,212,268,-56
124000363,0,0,0
124000364,0,0,0
124000365,25,54,-29
124000366,26,154,-128
124000367,4,15,-11
124000368,136,192,-56
124000369,50,37,13
124000370,17,101,-84
124000402,2,12,-10
124000403,136,18,118
124000404,1,15,-14
124000405,690,193,497
124000406,140,129,11
124000407,2,17,-15
124000411,0,26,-26
124000412,166,0,166
124000413,1,32,-31
124000414,111,52,59
124000415,195,37,158
124000416,75,73,2
124000417,112,56,56
124000418,136,33,103
124000419,82,72,10
124000420,142,25,117
124000421,91,30,61
124000422,1,14,-13
124000423,45,11,34
124000424,0,27,-27
124000425,27,4,23
124000426,4,18,-14
124000427,64,0,64
124000428,1,15,-14
124000429,95,12,83
124000430,99,124,-25
124000431,40,60,-20
124000432,134,383,-249
124000439,5,2,3
124000443,0,0,0
124000445,7,352,-345
124000446,16,25,-9
124900001,0,0,0
124900002,0,0,0
124900003,0,0,0
124900004,0,0,0
124900005,0,0,0
124900006,0,0,0
124900008,0,0,0
124900009,0,0,0
124900010,0,0,0
124900011,0,0,0
124900012,0,0,0
124900013,0,0,0
124900014,0,0,0
124900015,10,33,-23
124900016,75,12,63
124900017,4,35,-31
124900018,3,0,3
124900020,33,0,33
124900021,83,6,77
124900022,0,0,0
124900024,62,1,61
124900026,6,0,6
124900027,0,0,0
124900028,0,0,0
124900029,0,0,0
124900030,0,0,0
124900031,0,0,0
124900032,0,0,0
124900033,0,0,0
124900034,0,0,0
124900035,0,0,0
124900036,0,0,0
124900037,0,0,0
124900038,0,0,0
124900039,0,0,0
124900040,0,0,0
124900041,0,0,0
124900042,0,0,0
124900043,0,0,0
124900044,0,0,0
124900045,0,0,0
124900046,0,0,0
124900047,0,0,0
124900048,0,0,0
124900050,0,0,0
124900052,0,0,0
124900053,0,0,0
124900054,0,0,0
124900055,0,0,0
124900057,0,0,0
124900060,0,0,0
124900061,14,0,14
124900062,19,0,19
124900066,0,0,0
124900067,0,0,0
124900068,0,0,0
124900070,0,0,0
124900072,0,0,0
124900074,0,0,0
124900075,0,0,0
124900076,0,0,0
124900077,0,0,0
124900078,0,0,0
124900079,0,0,0
124900080,0,0,0
124900081,0,0,0
124900082,0,0,0
124900083,0,0,0
124900084,0,0,0
124900085,0,0,0
124900086,0,0,0
124900087,0,0,0
124900088,0,0,0
124900089,0,0,0
124900090,36,5,31
124900091,0,0,0
124900092,0,0,0
124900093,46,19,27
124900094,71,4,67
124900095,7,25,-18
124900096,37,2,35
124900097,36,9,27
124900098,0,0,0
124900099,0,0,0
124900100,27,1,26
124900101,3,0,3
124900102,94,0,94
124900103,0,0,0
124900104,0,0,0
124900105,0,0,0
124900106,26,1,25
124900107,23,7,16
124900108,0,0,0
124900109,0,0,0
124900110,0,0,0
124900111,0,0,0
124900112,0,0,0
124900113,0,0,0
124900114,0,0,0
124900115,0,0,0
124900116,39,26,13
124900117,0,0,0
124900118,4,98,-94
124900119,0,0,0
124900120,0,0,0
124900121,0,0,0
124900122,0,0,0
124900123,0,0,0
124900124,0,0,0
129000186,22,75,-53
204000001,58,17,41
204000002,7,2,5
204000003,19,2,17
204000004,18,16,2
204000005,515,622,-107
204000006,956,1610,-654
204000011,0,0,0
204000012,0,0,0
204000019,1122,295,827
204000020,425,319,106
204000021,394,402,-8
204000022,884,376,508
204000023,0,0,0
204000031,34,3,31
204000032,144,21,123
204000034,0,0,0
204000035,0,0,0
204000036,0,0,0
204000037,0,0,0
204000038,0,0,0
204000039,0,0,0
204000040,0,0,0
204000041,0,0,0
204000042,4,7,-3
204000043,3,8,-5
204000044,7,2,5
204000045,22,9,13
204000046,0,0,0
204000057,0,0,0
204000062,0,0,0
204000068,0,0,0
204000069,0,0,0
204000070,95,127,-32
204000080,0,0,0
204000085,0,0,0
204000086,0,0,0
204000087,9,36,-27
204000088,0,0,0
204000090,0,0,0
204000093,750,11,739
204000096,834,382,452
204000097,185,4,181
204000099,1317,1623,-306
204000100,1121,726,395
204000105,0,0,0
204000110,0,0,0
204000111,0,0,0
204000112,0,0,0
204000113,0,0,0
204000114,417,622,-205
204000115,258,121,137
204000116,178,349,-171
204000119,1751,736,1015
204000132,636,328,308
204000133,945,75,870
204000134,176,70,106
204000135,725,37,688
204000136,406,108,298
204000138,167,634,-467
204000140,160,204,-44
204000141,216,45,171
204000144,0,12,-12
204000145,117,8,109
204000146,0,0,0
204000147,0,0,0
204000148,110,11,99
204000154,6,1,5
204000155,0,0,0
204000177,96,22,74
204000179,24,1,23
204000180,0,0,0
204000222,0,0,0
204000235,0,0,0
204000236,3,18,-15
204000238,14,2,12
204000240,75,6,69
204000263,0,0,0
204000268,708,259,449
204000308,35,4,31
204000317,0,0,0
204000322,0,0,0
204000323,1,1,0
204000328,318,29,289
204000329,0,0,0
204000330,72,8,64
204000331,0,0,0
204010341,10,88,-78
205000001,0,0,0
205000013,0,0,0
205000014,0,0,0
205000015,0,0,0
205000016,0,0,0
205000017,0,0,0
205000022,0,0,0
205000025,0,0,0
205000029,140,17,123
205000045,0,0,0
205000046,0,0,0
205000047,0,0,0
205000048,0,0,0
205000049,0,0,0
205000050,0,0,0
205000059,0,0,0
205000060,0,0,0
205000061,0,0,0
205000062,0,0,0
205000063,0,0,0
205000064,0,0,0
205000065,0,0,0
205000066,0,0,0
205000067,0,0,0
205000069,73,33,40
205000082,114,99,15
205000110,0,0,0
205000111,0,0,0
205000112,81,130,-49
205000113,0,0,0
205000121,88,53,35
205000123,0,0,0
205000126,751,85,666
205000127,994,52,942
205000128,322,39,283
205000129,483,40,443
205000130,443,18,425
205000131,36,1,35
205000132,25,0,25
205000133,29,0,29
205000134,148,0,148
205000137,0,0,0
205000138,0,0,0
205000139,0,0,0
205000144,37,60,-23
205000145,186,63,123
205000151,42,40,2
205000152,36,13,23
205000153,115,33,82
205000154,90,22,68
205000155,77,3,74
205000207,0,0,0
205000233,10,0,10
205000234,0,0,0
205000243,0,0,0
205000244,0,0,0
205000245,0,0,0
205000249,0,0,0
205000250,1,5,-4
205000264,0,0,0
206000027,0,18,-18
206000028,2,0,2
206000043,0,38,-38
206000053,0,0,0
206000054,0,0,0
206000055,0,0,0
206000075,1,30,-29
206000076,20,2,18
206000077,13,1,12
206000078,8,4,4
206000079,3,9,-6
206000082,144,83,61
206000100,3,247,-244
206000103,0,0,0
206000104,0,0,0
206000105,0,0,0
206000106,0,0,0
206000108,313,92,221
206000125,155,0,155
206000157,0,0,0
206000170,0,0,0
206000171,0,37,-37
206000172,1,18,-17
206000173,0,2,-2
206000174,2,7,-5
206000175,0,4,-4
206000176,0,18,-18
206000177,0,10,-10
206000178,1,4,-3
206000179,0,21,-21
206000180,0,36,-36
206000181,0,22,-22
206000182,2,39,-37
206000183,19,72,-53
206000184,0,5,-5
206000185,0,2,-2
206000186,0,30,-30
206000223,0,3,-3
206000226,20,2,18
206000227,6,1,5
206000237,0,10,-10
206000238,0,24,-24
206000239,8,114,-106
206000240,0,0,0
206000241,0,121,-121
206000242,0,0,0
206000243,0,2,-2
206000244,1,1,0
206000245,635,37,598
206000246,190,7,183
206000247,230,16,214
206000248,252,4,248
206000252,2,49,-47
206000258,0,0,0
206000315,19,9,10
206000317,442,132,310
206000318,194,29,165
206000319,965,35,930
206000320,287,10,277
206000321,289,3,286
206000322,390,12,378
206000323,92,12,80
206000324,189,12,177
206000325,103,1,102
206000326,110,19,91
206000327,7,65,-58
206000328,106,6,100
206000329,259,1,258
206000330,28,3,25
206000331,270,0,270
206000332,37,1,36
206000333,582,3,579
206000334,342,0,342
206000335,0,0,0
206000361,0,0,0
206000392,0,0,0
206000405,108,0,108
206000441,47,64,-17
206000498,38,0,38
206000515,43,45,-2
206000530,179,37,142
206000531,166,126,40
206000532,413,84,329
206000535,2,135,-133
206000536,0,48,-48
206000537,0,8,-8
206000613,527,130,397
207000001,0,0,0
207000002,0,0,0
207000003,0,0,0
207000007,1024,198,826
207000008,155,2,153
207000009,49,4,45
207000010,83,191,-108
207000012,383,79,304
207000015,78,246,-168
207000019,135,40,95
207000021,239,260,-21
207000022,138,101,37
207000023,125,41,84
207000024,0,9,-9
207000025,7,29,-22
207000026,0,0,0
207000027,0,0,0
207000028,0,0,0
207000029,0,0,0
207000033,149,249,-100
207000034,149,61,88
207000039,554,52,502
207000040,337,40,297
207000041,208,8,200
207000042,354,9,345
207000043,125,129,-4
207000051,0,0,0
207000052,0,0,0
207000053,0,0,0
207000054,0,0,0
207000055,0,0,0
207000056,0,0,0
207000057,0,0,0
207000058,0,0,0
207000059,0,0,0
207000060,0,0,0
207000061,43,1309,-1266
207000062,457,37,420
207000063,347,41,306
207000064,279,47,232
207000065,198,55,143
207000066,252,87,165
207000067,104,53,51
207000068,132,10,122
207000069,525,155,370
207000082,2,197,-195
207000083,26,166,-140
207000084,379,110,269
207000085,201,59,142
207000086,366,2,364
207000106,67,7,60
207000107,187,16,171
207000108,94,7,87
207000109,50,1,49
207000110,39,6,33
207000111,97,38,59
207000112,121,205,-84
207000114,0,0,0
207000115,0,0,0
207000116,0,0,0
207000117,0,0,0
207000118,0,0,0
207000119,0,0,0
207000123,152,0,152
207000124,124,40,84
207000125,57,7,50
207000126,44,1,43
207000134,170,97,73
207000135,22,415,-393
207000148,74,161,-87
207000149,0,0,0
207000152,0,0,0
207000153,0,0,0
207000154,190,92,98
207000159,0,0,0
207000160,0,0,0
207000238,0,0,0
207000242,0,0,0
207000248,0,0,0
207000249,0,0,0
207000250,0,0,0
207000251,0,0,0
207000252,0,0,0
207000278,86,74,12
207000279,0,0,0
207000280,854,48,806
207000281,56,171,-115
207000282,12,204,-192
207000283,1,10,-9
207000284,2,411,-409
207000285,4,80,-76
207000291,0,0,0
207000304,79,38,41
207000306,0,0,0
207000310,79,54,25
207000353,37,0,37
207000356,0,0,0
207000357,0,90,-90
207000358,1,12,-11
207000415,0,0,0
207000417,19,0,19
207000418,60,55,5
207000438,0,0,0
207000439,325,157,168
207000446,62,1,61
207000460,79,1,78
207000466,0,0,0
207000467,200,33,167
207000468,0,0,0
207000476,10,10,0
207000477,272,19,253
207000478,0,0,0
207000523,0,0,0
207000524,16,0,16
207000527,128,52,76
207000530,223,1,222
207000531,122,0,122
207000532,10,7,3
207000534,87,68,19
207000535,0,0,0
207000537,0,0,0
207000540,0,0,0
207000541,0,0,0
207000548,0,0,0
207000549,96,4,92
207000561,142,42,100
207000562,0,0,0
207000567,0,0,0
207000568,31,1,30
207000569,177,31,146
207000584,0,0,0
207000585,10,18,-8
207000616,0,0,0
207000617,109,0,109
207900008,365,37,328
208000001,318,493,-175
208000002,448,385,63
208000003,840,338,502
208000004,538,304,234
208000005,0,0,0
208000019,614,172,442
208000020,228,121,107
208000021,12,87,-75
208000022,162,59,103
208000028,85,752,-667
208000033,86,36,50
208000034,83,379,-296
208000037,92,1,91
208000040,101,30,71
208000041,167,279,-112
208000042,436,299,137
208000047,0,0,0
208000064,1096,1002,94
208000066,618,1400,-782
208000070,227,230,-3
208000071,571,158,413
208000072,499,347,152
208000080,170,203,-33
208000081,159,55,104
208000082,4,0,4
208000083,4,0,4
208000084,1,73,-72
208000085,11,8,3
208000086,26,6,20
208000087,19,92,-73
208000089,0,0,0
208000090,0,0,0
208000093,0,2,-2
208000094,65,222,-157
208000095,269,40,229
208000104,1024,295,729
208000105,658,413,245
208000114,69,560,-491
208000115,329,300,29
208000116,492,917,-425
208000117,2,75,-73
208000118,82,163,-81
208000155,52,116,-64
208000158,52,176,-124
208000186,477,1181,-704
208000204,56,85,-29
208000205,67,111,-44
208000282,60,87,-27
209000004,264,59,205
209000005,25,43,-18
209000006,357,52,305
209000007,209,151,58
209000010,0,0,0
209000011,0,0,0
209000012,0,0,0
209000013,0,0,0
209000014,0,0,0
209000025,291,7,284
209000026,655,30,625
209000027,0,0,0
209000028,0,0,0
209000029,0,0,0
209000030,0,0,0
209000031,0,0,0
209000034,131,249,-118
209000035,237,255,-18
209000036,447,62,385
209000037,460,118,342
209000038,367,68,299
209000039,102,57,45
209000040,235,19,216
209000041,137,44,93
209000042,71,58,13
209000043,159,69,90
209000044,190,171,19
209000045,420,85,335
209000046,316,116,200
209000047,333,30,303
209000048,1074,368,706
209000049,0,0,0
209000050,0,0,0
209000051,0,0,0
209000052,0,0,0
209000062,0,0,0
209000063,0,0,0
209000064,0,0,0
209000065,221,34,187
209000066,137,39,98
209000067,196,23,173
209000080,0,0,0
209000082,26,12,14
209000091,0,0,0
209000093,0,0,0
209000094,0,0,0
209000110,27,78,-51
209000111,309,737,-428
209000112,652,145,507
209000113,751,213,538
209000114,347,202,145
209000115,0,0,0
209000116,0,0,0
209000118,2,52,-50
209000119,0,0,0
209000121,0,0,0
209000135,37,52,-15
209000142,461,514,-53
209000143,0,0,0
209000144,22,83,-61
209000229,186,21,165
209000240,0,0,0
209000259,0,0,0
209000260,0,0,0
209000261,0,0,0
209000262,0,0,0
209000263,0,0,0
209000264,0,0,0
209000265,126,3,123
209000266,27,0,27
209000267,937,4,933
209000268,579,78,501
210000037,185,1,184
210000047,25,4,21
210000048,21,2,19
210000049,27,4,23
210000052,0,0,0
210000053,0,0,0
210000054,0,0,0
210000070,101,3,98
210000071,61,0,61
210000072,30,0,30
210000073,0,0,0
210000074,0,0,0
210000075,0,0,0
210000076,0,0,0
210000077,0,0,0
210000078,0,0,0
210000079,25,6,19
210000080,10,74,-64
210000081,104,4,100
210000082,9,4,5
210000083,6,4,2
210000084,65,0,65
210000085,0,0,0
210000086,0,0,0
210000099,0,0,0
210000100,0,0,0
210000101,0,0,0
210000105,0,0,0
210000159,0,0,0
210000163,0,0,0
210000164,134,56,78
210000168,76,13,63
210000187,0,0,0
210000188,0,0,0
210000214,7,0,7
210000219,69,7,62
210000220,101,21,80
210000232,0,0,0
210000233,0,0,0
210000234,0,0,0
210000235,0,0,0
210000245,0,0,0
210000246,10,1,9
210000258,0,0,0
210000259,108,7,101
210000282,0,0,0
210000285,0,0,0
210000286,0,0,0
210000290,0,0,0
210000295,0,0,0
210000296,0,0,0
210000320,156,35,121
210000321,20,14,6
210000338,0,0,0
210000339,0,0,0
210000340,0,0,0
210000341,0,0,0
210000342,0,0,0
210000343,0,0,0
210000344,0,0,0
210000345,0,0,0
210000346,0,0,0
210000347,0,0,0
210000348,0,0,0
210000349,0,0,0
210000350,0,0,0
210000351,0,0,0
210000352,40,20,20
210000353,25,44,-19
210000354,52,11,41
210000355,21,47,-26
210000356,18,79,-61
210000357,119,77,42
210000358,51,112,-61
210000359,68,68,0
210000360,188,51,137
210000361,112,47,65
210000362,242,52,190
210000363,410,104,306
210000364,222,62,160
210000365,189,26,163
210000366,180,17,163
210000367,121,12,109
210000368,82,10,72
210000369,75,47,28
210000370,55,8,47
210000372,6,10,-4
210000373,12,19,-7
210000374,29,13,16
210000375,31,19,12
210000376,33,65,-32
210000404,0,0,0
210000439,53,16,37
210000472,26,0,26
210000482,44,51,-7
210000564,263,114,149
210000567,0,36,-36
210000568,128,1,127
211000092,33,4,29
211000094,4,0,4
211000169,88,1,87
211000172,1,106,-105
211000209,0,30,-30
211000226,31,0,31
211000270,8,17,-9
211000275,4,20,-16
211000276,64,4,60
211000279,8,25,-17
211000281,16,23,-7
211507980,0,35,-35
211977296,1,0,1
212000003,205,17,188
212000004,0,0,0
212000005,0,0,0
212000006,0,0,0
212000008,0,0,0
212000009,0,0,0
212000012,0,0,0
212000013,0,0,0
212000014,0,0,0
212000015,0,0,0
212000016,0,0,0
212000027,637,148,489
212000028,259,218,41
212000029,148,320,-172
212000030,41,35,6
212000031,53,28,25
212000048,0,0,0
212000049,0,0,0
212000050,0,0,0
212000051,0,0,0
212000052,0,0,0
212000053,0,0,0
212000054,449,33,416
212000055,409,59,350
212000056,3,20,-17
212000057,5,26,-21
212000058,22,18,4
212000070,0,0,0
212000077,0,0,0
212000099,443,87,356
212000108,345,107,238
212000111,449,44,405
212000120,0,0,0
212000138,0,0,0
212000156,0,0,0
212000158,0,65,-65
212000159,838,49,789
212000160,797,122,675
212000161,231,65,166
212000310,0,0,0
212000311,15,71,-56
212000374,0,0,0
213000001,1,318,-317
213000005,316,20,296
213000006,272,56,216
213000007,44,1,43
213000009,161,117,44
213000010,501,46,455
213000011,152,26,126
213000012,0,0,0
213000014,23,10,13
213000015,282,0,282
213000016,185,0,185
213000017,83,0,83
213000018,0,3,-3
213000019,0,17,-17
213000020,18,6,12
213000021,0,12,-12
213000023,597,195,402
213000033,49,203,-154
213000034,596,130,466
213000035,277,253,24
213000045,38,114,-76
213000046,26,47,-21
213000047,52,752,-700
213000056,96,7,89
213000069,7,0,7
213000073,0,1,-1
213000074,4,58,-54
213000075,442,1,441
213000076,14,0,14
213000085,0,0,0
213000086,0,0,0
213000091,80,2,78
213000092,11,2,9
213000099,5,249,-244
213000100,507,200,307
213000101,342,62,280
213000102,352,56,296
213000103,309,160,149
213000104,8,77,-69
213000105,1,39,-38
213000106,2,7,-5
213000107,60,8,52
213000108,1,32,-31
213000109,0,52,-52
213000110,0,35,-35
213000111,0,21,-21
213000112,7,87,-80
213000115,20,0,20
213000116,2,77,-75
213000117,0,141,-141
213000118,534,232,302
213000119,0,16,-16
213000120,0,6,-6
213000122,3,55,-52
213000123,1,145,-144
213000124,7,50,-43
213000125,178,55,123
213000126,1,10,-9
213000127,2,39,-37
213000128,12,93,-81
213000129,148,714,-566
213000130,709,437,272
213000132,500,168,332
213000133,692,60,632
213000134,862,2,860
213000136,481,2,479
213000137,397,35,362
213000139,139,5,134
213000147,37,0,37
213000148,22,0,22
213000149,2,0,2
213000150,0,0,0
213000151,0,0,0
213000152,0,0,0
213000153,0,0,0
213000154,0,0,0
213000155,0,0,0
213000156,0,0,0
213000157,0,0,0
213000158,33,134,-101
213000159,1058,140,918
213000163,812,114,698
213000165,381,99,282
213000171,0,0,0
213000172,0,0,0
213000173,0,0,0
213000174,0,0,0
213000175,0,0,0
213000176,122,35,87
213000177,217,5,212
213000178,311,0,311
213000179,178,0,178
213000180,165,1,164
213000184,4,56,-52
213000188,330,19,311
213000189,348,23,325
213000190,185,13,172
213000191,346,3,343
213000192,229,1,228
213000193,0,0,0
213000194,0,0,0
213000195,0,0,0
213000196,0,0,0
213000197,638,264,374
213000198,2,0,2
213000200,38,31,7
213000201,8,16,-8
213000202,3,43,-40
213000203,999,313,686
213000204,894,11,883
213000205,525,20,505
213000206,579,1,578
213000207,23,1,22
213000208,0,0,0
213000209,32,0,32
213000210,34,0,34
213000211,0,0,0
213000212,0,0,0
213000213,0,0,0
213000218,204,486,-282
213000219,268,30,238
213000220,423,2,421
213000223,71,126,-55
213000224,1,50,-49
213000225,71,23,48
213000226,40,14,26
213000227,853,124,729
213000228,456,41,415
213000229,59,9,50
213000230,191,5,186
213000232,4,264,-260
213000233,0,0,0
213000234,0,0,0
213000293,0,0,0
213000294,95,6,89
213000295,0,2,-2
213000296,24,8,16
213000297,0,0,0
213000298,0,0,0
213000299,14,7,7
213000300,1,11,-10
213000303,0,0,0
213000304,0,0,0
213000305,1,12,-11
213000306,0,0,0
213000307,30,36,-6
213000308,0,0,0
213000309,99,20,79
213000310,137,25,112
213000311,5,134,-129
213000315,0,0,0
213000316,159,9,150
213000322,27,8,19
213000323,105,1,104
213000324,42,3,39
213000325,19,16,3
213000326,35,5,30
213000327,15,13,2
213000328,0,29,-29
213000329,9,4,5
213000340,1,10,-9
213000341,557,47,510
213000346,39,200,-161
213000347,73,262,-189
213000348,0,5,-5
213000349,0,1,-1
213000350,35,131,-96
213000366,0,10,-10
213000367,289,20,269
213000379,0,3,-3
213000386,0,6,-6
213000406,7,7,0
213000417,927,161,766
213000425,61,8,53
213000426,76,7,69
213000427,33,43,-10
213000428,54,23,31
213000429,1,3,-2
213000430,25,7,18
213000431,1,0,1
213000432,1,248,-247
213000433,9,47,-38
213000434,11,17,-6
213000435,31,3,28
213000436,25,3,22
213000437,0,2,-2
213000438,92,5,87
213000439,7,20,-13
213000440,1,44,-43
213000441,0,0,0
213000442,1,7,-6
213000443,388,269,119
213000444,24,0,24
213000445,0,18,-18
213000446,0,102,-102
213000447,0,40,-40
213000448,1,12,-11
213000449,548,5,543
213000450,1,1,0
213000451,41,9,32
213000452,2,1,1
213000453,0,0,0
213000455,20,0,20
213000456,1,5,-4
213000481,5,8,-3
213000482,13,0,13
213000489,35,12,23
213000491,0,0,0
213000492,17,0,17
213000493,0,0,0
213000494,144,47,97
213000495,0,0,0
213000496,401,71,330
213000497,0,6,-6
213000498,4,7,-3
213000499,13,26,-13
213000500,408,10,398
213000501,105,27,78
213000502,109,20,89
213000503,0,7,-7
213000504,0,7,-7
213000505,8,0,8
213000506,0,0,0
213000507,0,7,-7
213900016,0,0,0
213900244,42,0,42
213900245,0,0,0
218000003,0,0,0
218000004,0,0,0
218000005,33,26,7
218000006,40,4,36
218000007,1,4,-3
218000012,9,76,-67
218000013,16,100,-84
218000014,39,63,-24
218000019,100,28,72
218000020,162,24,138
218000021,0,0,0
218000022,0,0,0
218000023,0,0,0
218000024,0,0,0
218000025,0,0,0
218000026,0,0,0
218000027,0,0,0
218000028,0,0,0
218000029,0,0,0
218000030,0,0,0
218000031,0,0,0
218000032,0,0,0
218000040,2,0,2
218000046,77,40,37
218000047,1,60,-59
218000048,51,43,8
218000049,37,59,-22
218000050,113,60,53
218000051,8,101,-93
218000052,0,31,-31
218000053,0,0,0
218000054,0,32,-32
218000055,0,3,-3
218000056,4,60,-56
218000057,3,37,-34
218000064,0,10,-10
218000065,73,9,64
218000066,27,42,-15
218000067,4,47,-43
218000068,32,40,-8
218000069,115,23,92
218000070,60,56,4
218000071,95,35,60
218000072,55,14,41
218000078,20,45,-25
218000079,174,26,148
218000080,125,24,101
218000081,512,41,471
218000082,119,63,56
218000083,0,0,0
218000084,0,0,0
218000085,0,0,0
218000086,0,0,0
218000087,0,0,0
218000090,4,81,-77
218000091,608,263,345
218000092,106,53,53
218000093,50,17,33
218000094,0,0,0
218000099,126,172,-46
218000100,52,119,-67
218000101,79,55,24
218000102,170,30,140
218000103,15,24,-9
218000104,35,17,18
218000105,0,0,0
218000106,0,0,0
218000107,0,0,0
218000108,0,0,0
218000112,0,0,0
218000117,7,64,-57
218000134,38,42,-4
218000135,26,15,11
218000136,57,15,42
218000137,24,26,-2
218000138,0,0,0
218000139,43,2,41
218000140,289,152,137
218000141,21,8,13
218000142,135,32,103
218000143,47,124,-77
218000144,1,77,-76
218000145,344,114,230
218000146,78,99,-21
218000151,5,18,-13
218000152,110,37,73
218000153,3,3,0
218000154,3,0,3
218000155,30,0,30
218000156,158,7,151
218000157,141,10,131
218000158,9,4,5
218000159,1,1,0
218000160,4,1,3
218000161,41,1,40
218000162,81,1,80
218000163,34,0,34
218000164,137,2,135
218000165,159,11,148
218000170,0,59,-59
218000171,40,5,35
218000172,1,15,-14
218000173,3,10,-7
218000174,11,6,5
218000176,319,9,310
218000177,399,17,382
218000178,180,46,134
218000179,303,6,297
218000180,68,0,68
218000181,129,7,122
218000187,0,0,0
218000188,0,0,0
218000189,0,0,0
218000190,0,0,0
218000191,0,0,0
218000192,0,0,0
218000193,0,0,0
218000194,0,0,0
218000195,156,59,97
218000196,331,55,276
218000197,539,60,479
218000198,58,45,13
218000199,37,9,28
218000200,38,6,32
218000201,7,0,7
218000202,0,0,0
218000207,0,0,0
218000208,0,0,0
218000211,6,1,5
218000212,0,0,0
218000213,74,45,29
218000214,8,46,-38
218000215,28,31,-3
218000217,1,48,-47
218000218,162,247,-85
218000219,5,47,-42
218000220,35,172,-137
218000221,263,160,103
218000222,1,44,-43
218000223,42,402,-360
218000224,11,291,-280
218000225,184,66,118
218000226,201,20,181
218000230,0,0,0
218000232,0,2,-2
218000239,48,3,45
218000240,1,1,0
218000241,7,0,7
218000242,4,0,4
218000243,3,0,3
218000244,24,0,24
218000245,2,4,-2
218000246,0,1,-1
218000247,0,0,0
218000248,0,0,0
218000249,0,0,0
218000250,0,0,0
218000251,0,0,0
218000252,0,0,0
218000253,0,0,0
218000254,0,1,-1
218000255,0,0,0
218000256,0,1,-1
218000267,0,0,0
218000268,0,0,0
218000269,0,0,0
218000270,0,0,0
218000271,0,0,0
218000273,58,11,47
218000274,51,0,51
218000275,26,33,-7
218000276,12,21,-9
218000278,4,3,1
218000279,65,8,57
218000280,0,15,-15
218000281,3,3,0
218000282,86,427,-341
218000284,40,7,33
218000301,0,0,0
218000302,47,7,40
218000303,0,0,0
218000316,807,348,459
218000317,1224,299,925
218000318,672,125,547
218000319,5,9,-4
218000320,0,0,0
218000338,21,1,20
218000345,0,0,0
218000346,5,118,-113
218000459,21,77,-56
218000490,0,0,0
218000501,61,25,36
218000502,0,0,0
218000503,63,1,62
218000504,80,2,78
218000505,0,0,0
218000506,0,0,0
218000508,0,0,0
218000510,75,27,48
218000520,168,91,77
218000521,0,3,-3
218000522,1,6,-5
218000523,21,0,21
218000524,5,77,-72
218000525,53,10,43
218000526,0,92,-92
218000529,15,23,-8
218000530,17,0,17
218000531,5,7,-2
218000532,0,0,0
218000534,71,18,53
218000537,11,61,-50
218000538,42,111,-69
218000540,0,0,0
218000543,59,12,47
218000544,0,0,0
218000545,21,33,-12
218000546,0,0,0
218000547,40,44,-4
218000548,0,0,0
218000549,477,36,441
218000550,8,21,-13
218000551,3,108,-105
218000552,200,21,179
218000553,0,0,0
218000554,0,0,0
218000555,40,41,-1
218000556,0,0,0
218000557,181,55,126
218000558,18,0,18
218000559,0,18,-18
218000560,0,4,-4
218000561,2,0,2
218000562,0,43,-43
218000563,105,16,89
218000564,0,62,-62
218000565,57,5,52
218000566,43,0,43
218000567,0,52,-52
218000568,1,0,1
218000569,0,57,-57
218000570,4,2,2
218000571,0,55,-55
218000572,26,0,26
218000573,1,111,-110
218000574,6,6,0
218000575,63,0,63
218000576,0,51,-51
218000577,42,0,42
218000578,1,57,-56
218000579,11,9,2
218000581,0,0,0
218000582,31,0,31
218000583,2,0,2
218000584,0,0,0
218000585,29,4,25
218000586,27,2,25
218000587,0,0,0
218000588,0,0,0
218000589,0,0,0
218000590,0,0,0
218000591,0,0,0
218000592,0,0,0
218000593,0,0,0
218000594,0,0,0
218000595,0,0,0
218000596,0,0,0
218000597,0,0,0
218000598,0,0,0
218000599,0,1,-1
218000600,0,0,0
218000601,0,0,0
218000602,0,0,0
218000603,0,19,-19
218000604,7,1,6
218000605,0,1,-1
218000606,4,0,4
218000607,0,26,-26
218000608,13,3,10
218000609,0,12,-12
218000610,55,1,54
218000611,20,0,20
218000612,4,1,3
218000613,33,0,33
218000614,0,1,-1
218000615,50,0,50
218000616,5,9,-4
218000617,6,4,2
218000618,0,0,0
218000619,20,2,18
218000620,2,7,-5
218000621,0,0,0
218000622,0,15,-15
218000623,12,0,12
218000624,0,17,-17
218000625,0,1,-1
218000626,0,2,-2
218000628,108,51,57
218000631,68,10,58
218000632,0,31,-31
218000633,3,0,3
218000634,0,0,0
218000635,0,1,-1
218000636,25,20,5
218000637,552,83,469
218000638,502,15,487
218000639,4,31,-27
218000640,332,8,324
218000641,48,75,-27
218000652,25,32,-7
218000653,163,46,117
218000663,0,2,-2
218000675,2,10,-8
218000676,0,0,0
218000677,8,2,6
218000680,36,20,16
218000681,282,22,260
218000691,11,10,1
218000693,249,18,231
218000703,0,0,0
218000718,4,57,-53
218000719,13,21,-8
218000720,0,16,-16
218000721,1,0,1
218000725,0,0,0
218001214,0,0,0
218001258,144,0,144
218001329,24,49,-25
218001330,0,1,-1
218001351,9,15,-6
218001352,0,1,-1
218001353,2,1,1
218001354,0,2,-2
218001356,220,19,201
218001358,249,1,248
218001361,574,24,550
219000001,0,0,0
219000002,0,0,0
219000003,32,25,7
219000004,13,57,-44
219000017,22,58,-36
219000020,115,13,102
219000022,60,0,60
219000023,60,1,59
219000029,0,0,0
219000034,72,30,42
219000039,0,0,0
219000040,7,45,-38
219000041,71,54,17
219000051,0,0,0
219000052,0,0,0
219000053,0,0,0
219000054,0,0,0
219000055,161,1,160
219000056,0,0,0
219000057,69,0,69
219000062,0,0,0
219000063,36,0,36
219000064,0,0,0
219000110,202,65,137
219000111,73,60,13
219000112,144,26,118
219000113,117,14,103
219000114,180,15,165
219000116,55,18,37
219000117,72,8,64
219000118,35,37,-2
219000123,155,0,155
219000124,22,0,22
219000125,0,0,0
219000126,0,0,0
219000127,0,0,0
219000128,0,0,0
219000129,0,0,0
219000130,0,0,0
219000131,541,1012,-471
219000133,13,51,-38
219000134,10,45,-35
219000135,21,36,-15
219000136,68,118,-50
219000138,51,1,50
219000139,53,0,53
219000140,118,2,116
219000141,14,1,13
219000142,16,18,-2
219000143,0,0,0
219000145,18,4,14
219000146,0,0,0
219000147,0,0,0
219000148,0,0,0
219000149,0,0,0
219000150,0,0,0
219000151,0,0,0
219000157,168,68,100
219000158,35,21,14
219000161,31,1,30
219000163,259,274,-15
219000166,50,18,32
219000167,11,5,6
219000168,113,61,52
219000174,300,61,239
219000175,106,0,106
219000176,106,1,105
219000177,34,1,33
219000178,67,0,67
219000179,40,55,-15
219000180,14,4,10
219000182,90,2,88
219000183,37,5,32
219000184,29,2,27
219000185,0,0,0
219000186,109,1,108
219000187,33,1,32
219000189,0,0,0
219000190,0,0,0
219000191,0,0,0
219000192,195,195,0
219000193,0,0,0
219000195,0,0,0
219000196,0,0,0
219000198,0,0,0
219000199,0,0,0
219000200,0,0,0
219000201,0,0,0
219000203,0,0,0
219000204,0,0,0
219000205,0,0,0
219000207,0,0,0
219000209,0,0,0
219000210,0,0,0
219000213,0,0,0
219000239,0,0,0
219000240,0,0,0
219000241,0,0,0
219000242,0,0,0
219000243,0,0,0
219000244,0,0,0
219000245,0,0,0
219000246,6,27,-21
219000247,364,12,352
219000248,353,202,151
219000249,69,62,7
219000250,93,53,40
219000251,241,103,138
219000252,302,109,193
219000253,149,55,94
219000255,81,80,1
219000256,186,49,137
219000257,146,1,145
219000262,0,0,0
219000263,0,0,0
219000267,0,0,0
219000268,0,0,0
219000269,3,5,-2
219000270,30,0,30
219000271,147,1,146
219000278,0,0,0
219000279,0,0,0
219000283,0,0,0
219000295,0,0,0
219000296,0,0,0
219000297,0,0,0
219000298,0,0,0
219000299,236,47,189
219000300,0,0,0
219000301,0,0,0
219000302,0,0,0
219000307,0,0,0
219000308,6,68,-62
219000311,148,7,141
219000312,323,29,294
219000313,321,9,312
219000314,0,0,0
219000315,268,14,254
219000316,339,18,321
219000317,57,12,45
219000320,0,0,0
219000321,0,0,0
219000323,0,0,0
219000325,0,0,0
219000326,0,0,0
219000327,0,0,0
219000328,0,0,0
219000329,96,115,-19
219000330,6,13,-7
219000331,37,9,28
219000332,102,61,41
219000333,20,1,19
219000335,55,1,54
219000337,4,0,4
219000338,44,0,44
219000344,0,0,0
219000345,0,0,0
219000346,0,0,0
219000348,0,0,0
219000349,0,0,0
219000350,0,0,0
219000351,0,0,0
219000352,14,104,-90
219000353,130,68,62
219000354,167,65,102
219000355,126,38,88
219000356,311,794,-483
219000363,91,18,73
219000364,168,15,153
219000365,82,4,78
219000366,119,282,-163
219000368,88,654,-566
219000370,291,717,-426
219000371,0,0,0
219000382,11,3,8
219000383,0,0,0
219000385,0,0,0
219000386,0,0,0
219000387,0,0,0
219000390,1,10,-9
219000391,3,4,-1
219000397,0,0,0
219000398,16,5,11
219000401,0,0,0
219000402,0,0,0
219000403,0,0,0
219000404,0,0,0
219000407,0,0,0
219000409,84,35,49
219000410,41,5,36
219000411,38,3,35
219000446,0,0,0
219000447,0,0,0
219000448,19,6,13
219000452,54,23,31
219000453,0,0,0
219000454,111,359,-248
219000556,220,6,214
219000558,0,0,0
219000590,0,0,0
219000591,91,20,71
219000592,0,0,0
219000595,0,0,0
219000635,141,19,122
219000636,0,0,0
219000657,0,1,-1
219000658,0,0,0
219000673,0,0,0
219000676,32,0,32
219000679,8,0,8
219000684,85,0,85
219000685,0,0,0
219000686,1,0,1
219000688,0,0,0
219000689,0,0,0
219000690,149,10,139
219000691,28,0,28
219000692,28,5,23
219000693,0,0,0
219000694,0,0,0
219000695,31,0,31
219000698,1,0,1
219000699,0,0,0
219000727,0,0,0
219000728,35,0,35
219000770,7,0,7
219000771,0,0,0
219000788,0,0,0
219001150,2,17,-15
219001151,0,0,0
219001166,7,12,-5
219001167,0,0,0
219001178,30,0,30
220000001,1,11,-10
220000002,0,20,-20
220000003,0,0,0
220000004,0,0,0
220000005,0,0,0
220000006,0,0,0
220000007,0,0,0
220000008,0,0,0
220000009,11,107,-96
220000010,18,9,9
220000011,14,408,-394
220000012,4,53,-49
220000014,0,0,0
220000015,82,270,-188
220000017,48,59,-11
220000018,863,160,703
220000019,262,473,-211
220000020,113,59,54
220000021,225,113,112
220000022,461,91,370
220000023,87,49,38
220000024,210,278,-68
220000025,400,1056,-656
220000026,76,645,-569
220000027,16,128,-112
220000028,87,121,-34
220000029,0,0,0
220000030,0,0,0
220000031,177,300,-123
220000064,0,0,0
221000046,2,0,2
221000047,0,0,0
221000048,0,0,0
221000049,0,0,0
221000050,10,0,10
221000055,7,1,6
221000057,140,2,138
221000068,227,149,78
221000069,197,59,138
221000070,225,11,214
221000071,152,14,138
221000072,258,2,256
221000073,180,8,172
221000074,0,0,0
221000075,0,0,0
221000076,0,0,0
221000077,0,0,0
221000081,16,1,15
221000082,64,1,63
221000083,6,7,-1
221000084,0,1,-1
221000085,4,0,4
221000086,0,0,0
221000087,0,0,0
221000088,0,0,0
221000089,0,0,0
221000090,0,0,0
221000098,92,4,88
221000099,151,2,149
221000100,105,8,97
221000101,85,5,80
221000102,88,10,78
221000109,0,0,0
221000110,0,0,0
221000111,0,0,0
221000112,0,0,0
221000113,0,0,0
221000114,0,0,0
221000120,20,53,-33
221000121,0,14,-14
221000122,27,11,16
221000123,3,19,-16
221000124,11,40,-29
221000155,99,5,94
221000156,15,12,3
221000175,2,11,-9
221000176,0,6,-6
221000182,33,0,33
221000241,451,339,112
221000242,0,0,0
221000243,433,110,323
221000244,0,0,0
221000245,96,28,68
221000246,0,0,0
221000247,220,39,181
221000248,0,0,0
221000267,9,135,-126
221000325,36,41,-5
221000331,6,30,-24
221000338,3,42,-39
221000378,314,19,295
221000381,25,9,16
222000282,0,1,-1
222000296,0,8,-8
222000568,421,19,402
222000569,127,56,71
222000570,91,9,82
222000571,440,8,432
222000577,0,30,-30
222000578,1,25,-24
222000579,3,35,-32
222000580,8,232,-224
222000599,0,20,-20
222000600,0,28,-28
222000601,1,100,-99
222000603,2,11,-9
222000604,2,14,-12
222000605,0,33,-33
222000606,0,4,-4
222000607,0,5,-5
222000608,0,0,0
222000609,5,11,-6
222000616,257,10,247
222000617,0,4,-4
222000618,1,15,-14
222000620,1,2,-1
222000621,15,4,11
222000623,273,1,272
222000624,256,0,256
222000625,417,8,409
222000636,78,1,77
222000686,4,3,1
222000687,2,5,-3
222001066,161,0,161
222001067,51,1,50
222001068,76,8,68
222001069,52,25,27
222001082,1,3,-2
222001083,4,17,-13
222001084,0,10,-10
222001085,0,50,-50
222001111,49,45,4
222001112,111,0,111
222001313,1,9,-8
222001314,2,16,-14
222001464,25,15,10
222001465,4,6,-2
222001484,71,14,57
222001485,9,1,8
222001494,480,33,447
222001495,22,10,12
222001496,415,35,380
222001497,18,57,-39
222001502,0,0,0
222001503,41,18,23
222001504,0,0,0
222001505,288,2,286
222001506,0,0,0
222001507,40,5,35
222001510,456,3,453
222001511,0,0,0
222001514,256,44,212
222001515,0,0,0
222001518,371,12,359
222001519,0,0,0
222001527,40,16,24
222001528,0,0,0
222001529,312,13,299
222001530,0,0,0
222001533,0,0,0
222001534,385,22,363
222001535,139,31,108
222001536,4,47,-43
222001537,155,13,142
222001538,0,0,0
222001563,778,5,773
222001564,0,0,0
222001568,97,15,82
222001576,1,18,-17
222001579,0,0,0
222001583,1,21,-20
222001584,45,19,26
222001596,83,80,3
222001597,629,81,548
222001626,0,16,-16
222001650,1,18,-17
222001651,28,32,-4
222001914,95,69,26
222001915,0,0,0
222001968,291,21,270
222001969,46,71,-25
222001970,33,32,1
222001971,38,2,36
222001972,3,2,1
225000001,262,55,207
225000002,452,66,386
225000003,511,16,495
225000004,325,47,278
225000005,24,31,-7
225000006,0,0,0
225000007,0,0,0
225000010,91,5,86
225000011,45,960,-915
225000012,121,674,-553
225000013,80,81,-1
225000014,471,55,416
225000015,1,2,-1
225000021,249,55,194
225000027,0,0,0
225000032,260,50,210
225000042,0,0,0
225000049,0,0,0
225000050,55,2,53
225000053,0,0,0
225000058,302,57,245
225000067,0,0,0
225000068,0,0,0
225000069,0,0,0
225000070,0,0,0
225000071,0,0,0
225000075,0,0,0
225000076,0,0,0
225000078,15,19,-4
225000085,57,21,36
225000086,210,0,210
225000087,36,4,32
225000088,0,0,0
225000089,0,0,0
225000090,0,0,0
225000091,0,0,0
225000092,0,0,0
225000093,0,0,0
225000094,0,0,0
225000095,0,0,0
225000096,0,0,0
225000098,361,117,244
225000099,485,53,432
225000100,551,59,492
225000104,0,0,0
225000110,0,0,0
225000111,0,1,-1
225000112,2,3,-1
225000113,2,6,-4
225000114,0,4,-4
225000115,13,23,-10
225000116,224,84,140
225000117,564,369,195
225000118,750,183,567
225000119,53,17,36
225000120,275,5,270
225000121,95,7,88
225000123,913,3,910
225000125,243,50,193
225000126,577,135,442
225000127,458,1225,-767
225000128,345,942,-597
225000132,439,48,391
225000133,140,2,138
225000134,269,96,173
225000135,36,6,30
225000136,217,0,217
225000137,266,13,253
225000138,475,31,444
225000143,0,0,0
225000144,0,0,0
225000145,30,20,10
225000146,0,0,0
225000147,0,0,0
225000148,0,0,0
225000149,0,0,0
225000151,0,0,0
225000155,0,0,0
225000156,4,11,-7
225000157,2,1,1
225000158,0,0,0
225000171,0,0,0
225000180,25,11,14
225000181,0,0,0
225000182,32,10,22
225000185,0,0,0
225000187,0,0,0
225000191,4,0,4
225000194,0,0,0
225000208,0,0,0
225000209,48,2,46
225000210,0,0,0
225000217,0,0,0
225000218,16,0,16
225000223,0,0,0
225000224,14,0,14
225000225,0,0,0
225000226,179,0,179
225000227,0,0,0
225000228,13,9,4
225000229,0,0,0
225000230,4,1,3
225000231,0,0,0
225000232,37,0,37
225000241,64,0,64
225000242,0,0,0
225000249,20,0,20
225000250,0,0,0
225000251,458,27,431
225000254,0,0,0
225000256,0,0,0
225000257,0,0,0
226000042,0,0,0
226000043,0,0,0
226000044,0,0,0
226000045,0,0,0
226000046,442,16,426
226000047,212,16,196
226000048,263,6,257
226000049,183,81,102
226000070,0,0,0
226000071,0,0,0
226000072,0,0,0
226000073,0,0,0
226000074,0,0,0
226000084,0,0,0
226000085,0,0,0
226000086,0,0,0
226000087,0,0,0
226000088,0,0,0
226000090,6,7,-1
226000091,0,33,-33
226000092,0,28,-28
226000093,0,4,-4
226000094,1,1,0
226000095,2,6,-4
226000105,1,0,1
226000106,20,0,20
226000107,11,0,11
226000108,19,0,19
226000109,24,0,24
226000124,111,36,75
226000134,313,311,2
226000135,1022,273,749
226000136,166,125,41
226000137,0,0,0
226000138,0,0,0
226000139,0,0,0
226000156,113,0,113
226000157,123,4,119
226000163,0,0,0
226000202,0,0,0
226000231,205,0,205
226000232,9,0,9
227000033,327,42,285
227000036,433,6,427
227000037,410,11,399
227000038,95,2,93
227000084,0,0,0
227000085,0,0,0
227000088,22,1,21
227000089,10,2,8
227000090,44,2,42
227000091,25,0,25
227000092,7,0,7
227000093,20,0,20
227000094,2,0,2
227000130,0,0,0
227000131,0,0,0
227000132,0,0,0
227000133,0,0,0
227000134,0,0,0
227000152,0,0,0
227000153,0,0,0
227000154,0,0,0
227000155,0,0,0
227000156,0,0,0
227000165,0,0,0
227000196,372,1,371
227000199,317,20,297
227000230,0,0,0
227000232,222,12,210
227000242,0,0,0
227000243,311,19,292
227000245,0,0,0
227000246,0,0,0
227000247,454,31,423
227000248,70,26,44
227000249,0,0,0
227000250,197,157,40
227000251,0,0,0
227000252,0,0,0
227000253,356,5,351
227000262,691,9,682
227000266,654,22,632
227000267,0,0,0
227000282,0,0,0
227000284,358,14,344
227000286,0,0,0
227000287,0,0,0
227000291,0,0,0
227000296,29,14,15
227000484,281,5,276
227000485,0,0,0
227000655,173,0,173
227000656,546,2,544
227000657,56,1,55
227000661,163,29,134
229000265,9,6,3
229000296,0,4,-4
229000297,0,23,-23
229000298,2,37,-35
229000320,0,0,0
229000321,0,0,0
229000412,0,16,-16
229000414,1,12,-11
229000415,0,1,-1
229000416,4,0,4
229000417,0,0,0
229000419,5,46,-41
229000440,70,3,67
229000442,36,8,28
229000443,1,0,1
229000444,0,5,-5
229000445,24,0,24
229000446,10,0,10
229000491,0,0,0
229000492,0,0,0
229000493,0,0,0
229000494,38,0,38
229000495,122,2,120
229000496,174,1,173
229000507,0,0,0
229000508,0,0,0
229000509,0,0,0
229000510,0,0,0
229000511,0,0,0
229000512,0,0,0
229000513,0,0,0
229000514,0,0,0
229000517,0,0,0
229000518,0,0,0
229000519,0,0,0
229000520,0,0,0
229000521,41,8,33
229000522,44,0,44
229000523,10,0,10
229000524,20,1,19
229000527,3,0,3
229000528,1,1,0
229000529,46,0,46
229000530,201,4,197
229000531,67,32,35
229000532,34,0,34
229000533,68,1,67
229000534,25,7,18
229000564,114,1,113
229000565,66,0,66
229000566,0,0,0
229000567,0,0,0
229000582,45,4,41
229000583,19,5,14
229000584,0,0,0
229000585,0,0,0
229000718,0,0,0
229000719,0,0,0
229000720,0,0,0
229000721,0,0,0
229000722,0,0,0
229000723,0,0,0
229000724,0,0,0
229000725,0,0,0
229000738,1,0,1
229000739,0,0,0
229000740,0,0,0
229000741,42,0,42
229000742,8,0,8
229000743,37,0,37
229000744,2,0,2
229000745,0,0,0
229000746,8,0,8
229000847,97,0,97
229000848,73,0,73
229000849,102,1,101
229000851,179,0,179
229000854,0,0,0
229000856,0,0,0
229000857,0,0,0
229000858,0,0,0
229000919,0,0,0
229000930,0,0,0
229000937,82,1,81
229000966,37,4,33
229000981,0,0,0
229000985,0,0,0
229000986,0,1,-1
229000987,0,0,0
229000988,2,3,-1
229000989,0,8,-8
229000990,0,0,0
229000991,0,0,0
229000992,6,0,6
229000993,84,10,74
229000998,0,27,-27
229000999,43,1,42
229001034,0,2,-2
229001035,0,1,-1
229001037,18,0,18
229001042,8,2,6
229001047,1,18,-17
229001050,45,7,38
229001168,0,0,0
229001200,24,1,23
229001338,0,1,-1
229001394,81,0,81
229001422,126,10,116
229001423,0,0,0
229001431,32,6,26
229001432,0,0,0
229001444,54,3,51
229001445,35,17,18
229001479,53,1,52
229001503,161,9,152
229001504,0,0,0
229001505,63,2,61
229001506,0,0,0
229001509,9,1,8
229001545,29,0,29
229001546,0,0,0
229001553,49,1,48
229001554,0,0,0
229001630,43,2,41
229001631,0,17,-17
229001635,0,0,0
229001636,0,0,0
229001658,0,0,0
229001659,29,2,27
229001660,0,0,0
229001661,0,10,-10
229001662,25,0,25
229001663,0,0,0
229002584,107,28,79
229002831,45,45,0
229002841,0,3,-3
229002842,3,2,1
229002843,16,12,4
229002844,23,4,19
229002845,0,16,-16
229002846,1,1,0
229002847,0,3,-3
229002848,10,24,-14
229002849,0,8,-8
229002850,2,0,2
229002851,2,32,-30
229002852,73,12,61
229002853,29,1,28
229002854,11,4,7
229002855,0,3,-3
229002856,3,1,2
229002857,0,3,-3
229002858,6,0,6
229002859,0,1,-1
229002860,4,7,-3
229002861,20,1,19
229002862,0,4,-4
229002863,0,1,-1
229002864,26,38,-12
229002865,25,3,22
229002866,26,0,26
229002867,0,5,-5
229002868,4,0,4
229002869,0,7,-7
229002870,10,1,9
235000066,49,2,47
235000067,54,8,46
235000072,0,0,0
235000073,0,0,0
235000074,0,0,0
235000080,0,0,0
235000081,0,0,0
235000082,47,2,45
235000083,78,14,64
235000084,28,3,25
235000085,129,34,95
235000089,6,18,-12
235000092,0,0,0
235000093,0,0,0
235000097,0,0,0
235000098,37,2,35
235000099,5,3,2
235000116,2,1,1
235000117,57,1,56
235000133,0,0,0
235000134,0,0,0
235000206,3,4,-1
235000207,0,0,0
235000208,0,1,-1
235000209,5,1,4
235000210,14,0,14
235000212,0,0,0
235000213,0,0,0
235000220,0,0,0
235000221,0,0,0
235000238,3,197,-194
235000239,0,35,-35
235000242,158,855,-697
235000245,0,0,0
235000246,0,0,0
235000284,0,0,0
235000295,16,5,11
235000305,150,12,138
235000306,204,7,197
235000307,2,0,2
235000308,13,0,13
235000309,52,1,51
235000310,43,0,43
235000311,14,1,13
235000322,0,0,0
235000323,0,0,0
235000324,0,0,0
235000325,0,0,0
235000326,0,0,0
235000351,0,0,0
235000352,0,0,0
235000353,0,0,0
235000354,0,0,0
235000355,0,0,0
235000356,11,0,11
235000357,9,0,9
235000358,6,0,6
235000359,0,6,-6
235000360,7,0,7
235000361,33,0,33
235000381,0,0,0
235000382,99,4,95
235000390,7,0,7
235000391,169,3,166
235000392,170,68,102
235000393,139,43,96
235000395,107,3,104
235000396,313,7,306
235000400,25,13,12
235000401,0,0,0
235000405,0,0,0
235000406,0,0,0
235000407,0,0,0
235000409,0,0,0
235000410,0,0,0
235000411,0,0,0
235000485,0,0,0
235000486,3,0,3
235000549,47,18,29
235000550,0,0,0
235000599,0,0,0
235000600,0,0,0
235000601,4,0,4
235000602,31,5,26
235000614,0,0,0
235000648,0,0,0
235000649,43,1,42
235000685,0,0,0
235000815,0,0,0
235000834,0,0,0
235000855,42,32,10
235000862,0,0,0
235000891,0,0,0
235000892,2,0,2
235000901,0,0,0
235000907,0,0,0
235001010,29,4,25
235001029,0,0,0
235001030,210,27,183
235001078,111,34,77
235001079,0,0,0
235001147,5,13,-8
235001166,6,3,3
235001167,0,0,0
235001169,0,0,0
235001188,0,0,0
235001189,7,0,7
235001197,0,0,0
235001200,0,0,0
235001207,85,2,83
235001210,0,0,0
235001215,0,0,0
235001239,0,0,0
235001244,0,0,0
235016267,0,0,0
277101746,0,1,-1
277102712,0,0,0
277103813,0,0,0
277103814,0,0,0
277103898,0,0,0
277104249,0,0,0
277104250,0,16,-16
277104251,0,0,0
277104252,0,29,-29
990011530,0,0,0
990014944,0,38,-38
990015176,36,3,33
990015618,0,12,-12
990016032,0,0,0
990032570,0,29,-29
990070001,90,46,44
990070103,0,0,0
990070601,0,5,-5
990070751,1020,6,1014
990070766,0,0,0
990071180,727,1,726
990071343,0,0,0
990071387,0,0,0
990071823,110,0,110
990072600,0,29,-29
990072964,0,0,0
990073285,0,1,-1
990074393,1,148,-147
990074870,687,5,682
990075106,336,26,310
990075746,426,7,419
990076437,1636,2,1634
990076458,0,0,0
997000007,70,2,68
997000041,1,36,-35
997000058,47,0,47
997000062,106,1,105
997000069,0,0,0
997000070,0,0,0
997000100,71,17,54
997000141,0,0,0
997000198,0,0,0
998000475,0,0,0
998000736,0,7,-7
998000965,0,34,-34
998001031,0,9,-9
998001700,0,0,0
998001899,0,0,0
998001900,15,89,-74
998003073,550,0,550
998101900,0,6,-6
998102850,0,0,0
998501927,254,2,252
998501929,96,0,96
998501930,36,0,36
998501931,56,3,53
998501932,2,1,1
998501933,136,1,135
998501937,4,0,4
998501944,5,1,4
998501970,157,100,57
998501971,0,40,-40
998501973,0,4,-4
998501974,0,32,-32
998501975,103,2,101
998501976,58,1,57
998501977,0,5,-5
998501978,4,0,4
998501979,0,0,0
998501980,31,6,25
998501981,69,0,69
998501982,0,0,0
998501983,0,0,0
998502006,0,0,0
998502024,0,4,-4
998502032,0,3,-3
998502062,5,0,5
998502063,0,0,0
998502173,2,0,2
998502269,0,0,0
998601159,0,6,-6
998601292,0,0,0
999033574,0,4,-4
999800001,20,1,19
999800002,0,0,0
999800003,1,1,0
999800004,0,2,-2
999800005,0,0,0
