ID,insum,outsum,diff
100000001,1108,574,534
100000002,4162,6561,-2399
100000003,5049,5480,-431
100000004,320,1217,-897
100000005,3941,5169,-1228
100000006,786,1565,-779
100000007,2880,2053,827
100000008,121,789,-668
100000009,312,1792,-1480
100000010,47,3358,-3311
100000011,529,432,97
100000012,49,359,-310
100000013,9,376,-367
100000014,117,3687,-3570
100000015,1280,2363,-1083
100000016,365,2562,-2197
100000017,312,4074,-3762
100000018,833,1086,-253
100000019,2822,2610,212
100000020,1125,6800,-5675
100000021,8923,1762,7161
100000022,675,4391,-3716
100000023,5263,1644,3619
100000025,541,1885,-1344
100000028,465,2417,-1952
100000029,52,711,-659
100000030,92,27,65
100000031,1999,8086,-6087
100000032,2007,5045,-3038
100000033,1336,4208,-2872
100000034,83,1580,-1497
100000035,792,1617,-825
100000036,545,2692,-2147
100000037,925,496,429
100000038,3823,1085,2738
100000039,198,599,-401
100000040,1017,265,752
100000041,2486,1374,1112
100000042,1722,410,1312
100000043,759,134,625
100000044,153,237,-84
100000045,313,434,-121
100000046,383,493,-110
100000047,158,261,-103
100000048,223,691,-468
100000049,1493,1133,360
100000051,616,431,185
100000053,84,15,69
100000054,303,39,264
100000055,532,142,390
100000056,394,476,-82
100000057,2956,465,2491
100000058,1150,424,726
100000059,98,304,-206
100000060,1134,448,686
100000061,3568,662,2906
100000062,2083,804,1279
100000063,1714,449,1265
100000064,2862,418,2444
100000065,365,409,-44
100000066,203,391,-188
100000067,256,772,-516
100000068,289,1638,-1349
100000069,417,954,-537
100000072,171,467,-296
100000073,1148,779,369
100000075,1069,130,939
100000076,1591,11212,-9621
100000077,89,662,-573
100000078,12,55,-43
100000079,11,45,-34
100000080,7,53,-46
100000081,24,115,-91
100000102,2108,5114,-3006
100000103,1444,6053,-4609
100000104,3630,3036,594
100000105,1197,2093,-896
100000106,682,3268,-2586
100000107,64,1424,-1360
100000108,415,1040,-625
100000109,493,1608,-1115
100000116,203,555,-352
100000117,69,140,-71
100000118,577,1456,-879
100000119,979,1012,-33
100000121,223,480,-257
100000122,537,2321,-1784
100000123,1297,2171,-874
100000124,1985,2270,-285
100000125,5901,1991,3910
100000126,525,784,-259
100000127,1535,988,547
100000128,514,3446,-2932
100000129,328,796,-468
100000130,1252,255,997
100000131,860,1179,-319
100000132,990,1448,-458
100000133,1405,878,527
100000135,716,1079,-363
100000139,145,657,-512
100000140,136,106,30
100000142,838,632,206
100000143,922,423,499
100000144,1470,392,1078
100000147,1383,5243,-3860
100000150,211,530,-319
100000151,233,1781,-1548
100000153,54,515,-461
100000154,15,685,-670
100000155,1,58,-57
100000156,63,166,-103
100000157,340,207,133
100000158,173,150,23
100000159,109,1181,-1072
100000165,609,496,113
100000169,34,2720,-2686
100000174,368,1425,-1057
100000179,55,948,-893
100000180,1268,4585,-3317
100000181,389,281,108
100000188,162,80,82
100000189,1060,815,245
100000190,460,1551,-1091
100000191,773,448,325
100000192,8,200,-192
100000193,360,249,111
100000330,678,935,-257
100000355,233,533,-300
100000362,2263,918,1345
100000363,7671,8529,-858
100000364,106,229,-123
100000365,5638,8824,-3186
100000366,1564,1024,540
100000367,5243,6348,-1105
100000368,1910,1366,544
100000369,476,2486,-2010
100000370,122,1251,-1129
100000376,33,502,-469
100000379,699,4367,-3668
100000380,2704,7489,-4785
100000384,4962,6698,-1736
100000385,1101,4537,-3436
100000386,1243,6746,-5503
100000387,2961,7539,-4578
100000388,1699,3955,-2256
100000389,4456,6187,-1731
100000390,2542,2766,-224
100000391,2337,6153,-3816
100000392,437,1938,-1501
100000393,510,3666,-3156
100000394,1429,4657,-3228
100000395,655,3971,-3316
100000396,695,1814,-1119
100000397,1382,6033,-4651
100000398,5309,3713,1596
100900002,18,5,13
100900003,704,360,344
100900004,6,556,-550
100900005,149,33,116
100900006,30,14,16
100900007,391,1,390
100900008,1,179,-178
100900009,67,16,51
100900010,31,8,23
100900011,178,192,-14
100900012,0,25,-25
100900013,1505,10,1495
100900014,2,1,1
100900015,67,37,30
100900016,1,16,-15
100900017,1865,100,1765
100900018,0,9,-9
100900019,62,70,-8
100900020,561,3,558
100900021,776,4,772
100900022,0,16,-16
100900023,0,74,-74
100900024,490,8,482
100900025,53,5,48
100900026,65,51,14
100900027,395,3434,-3039
100900028,97,335,-238
100900029,45,2,43
100900030,1,154,-153
100900031,1632,56,1576
100900032,580,1,579
100900033,101,674,-573
100900034,2311,3,2308
100900035,290,7,283
100900036,224,3,221
100900037,199,63,136
100900038,6,32,-26
100900039,250,147,103
100900040,943,518,425
100900041,2234,148,2086
100900042,275,2117,-1842
100900043,0,30,-30
100900044,956,906,50
100900045,51,1,50
100900046,1653,17,1636
100900047,1073,154,919
100900048,88,35,53
100900049,187,45,142
100900050,22,19,3
100900051,46,80,-34
100900052,439,15,424
100900053,972,28,944
100900054,5,38,-33
100900055,359,1845,-1486
100900056,29,82,-53
100900057,1872,259,1613
100900058,149,28,121
100900059,225,0,225
100900060,351,12,339
100900061,222,145,77
100900062,20,14,6
100900063,492,1572,-1080
100900064,641,20,621
100900065,25,253,-228
100900066,70,35,35
100900067,135,5,130
100900068,389,1155,-766
100900069,115,2,113
100900070,816,5,811
100900071,271,72,199
100900072,15,48,-33
100900073,281,102,179
100900074,3,21,-18
100900075,1556,92,1464
100900076,7,5,2
100900077,153,11,142
100900078,69,230,-161
100900079,5,9,-4
100900080,260,301,-41
100900081,5,117,-112
100900082,348,92,256
100900083,36,39,-3
100900085,1,380,-379
100900086,22,521,-499
100900088,436,85,351
100900089,3,9,-6
100900090,108,1302,-1194
100900091,2,12,-10
100900092,85,180,-95
100900093,632,849,-217
100900094,814,77,737
100900095,5,7,-2
100900096,19,147,-128
100900097,2,0,2
100900098,11,15,-4
100900099,2,308,-306
100900100,5,174,-169
100900101,488,40,448
100900102,2,193,-191
100900103,9,15,-6
100900104,0,112,-112
100900105,5,332,-327
100900106,7,1,6
100900107,2073,881,1192
100900108,7,30,-23
100900109,43,20,23
100900110,5,10,-5
100900111,17,223,-206
100900112,1,74,-73
100900113,31,22,9
100900114,11,16,-5
100900115,44,42,2
100900116,1182,409,773
100900117,323,1327,-1004
100900118,5,37,-32
100900119,4,11,-7
100900120,74,9,65
100900121,616,339,277
100900122,63,65,-2
100900123,348,29,319
100900124,0,11,-11
100900125,3,24,-21
100900126,903,688,215
100900127,13,6,7
100900128,113,346,-233
100900129,1,212,-211
100900131,12,73,-61
100900133,136,71,65
100900134,7,2,5
100900135,3,312,-309
100900137,324,131,193
100900138,1269,388,881
100900139,2,52,-50
100900140,1,54,-53
100900141,2,439,-437
100900142,0,8,-8
100900143,264,892,-628
100900144,3,10,-7
100900145,71,1800,-1729
100900146,16,81,-65
100900147,7,1755,-1748
100900148,153,108,45
100900149,2,849,-847
100900150,13,123,-110
100900151,31,351,-320
100900152,416,6,410
100900153,2,247,-245
100900154,0,149,-149
100900155,45,7,38
100900156,27,1,26
100900157,12,855,-843
100900158,884,30,854
100900159,5,27,-22
100900160,61,1,60
100900161,122,1,121
100900162,14,500,-486
100900163,87,78,9
100900164,247,12,235
100900165,24,12,12
100900166,43,0,43
100900167,1,38,-37
100900168,16,146,-130
100900169,63,608,-545
100900170,9,12,-3
100900171,2,404,-402
100900172,0,107,-107
100900173,1,78,-77
100900174,37,28,9
100900176,956,169,787
100900177,252,129,123
100900178,224,262,-38
100900179,177,175,2
100900180,0,2,-2
100900181,102,100,2
100900182,51,14,37
100900184,133,396,-263
100900186,779,320,459
100900187,53,43,10
100900188,54,10,44
100900189,3709,327,3382
100900191,318,1203,-885
100900192,76,419,-343
100900195,61,275,-214
100900197,68,41,27
100900198,15,25,-10
100900199,3,6,-3
100900200,722,126,596
100900201,39,1354,-1315
100900202,92,0,92
100900203,0,71,-71
100900204,65,713,-648
100900205,152,632,-480
100900206,338,378,-40
100900207,596,131,465
100900210,72,134,-62
100900211,471,107,364
100900213,184,51,133
100900214,243,95,148
100900215,67,42,25
100900217,1,2,-1
101000001,1859,2383,-524
101000002,7093,9373,-2280
101000003,271,1067,-796
101000004,7021,7962,-941
101000005,5288,7399,-2111
101000006,6550,11843,-5293
101000007,3181,5084,-1903
101000008,1814,2364,-550
101000009,3094,1128,1966
101000010,1505,704,801
101000011,1025,329,696
101000012,371,630,-259
101000013,528,1335,-807
101000014,506,377,129
101000015,3131,1364,1767
101000016,210,689,-479
101000017,272,293,-21
101000018,1265,6153,-4888
101000020,1245,1146,99
101000021,505,644,-139
101000022,108,598,-490
101000023,963,743,220
101000025,312,620,-308
101000026,398,41,357
101000027,1408,3353,-1945
101000028,588,223,365
101000029,21,1099,-1078
101000030,843,77,766
101000031,104,613,-509
101000032,2305,3540,-1235
101000033,975,4711,-3736
101000034,373,2334,-1961
101000035,351,391,-40
101000036,311,2376,-2065
101000037,527,3417,-2890
101000039,1777,3241,-1464
101000040,2421,6842,-4421
101000041,1658,6142,-4484
101000042,59,751,-692
101000043,2792,7027,-4235
101000045,237,762,-525
101000046,1189,1685,-496
101000047,901,4303,-3402
101000048,455,240,215
101000049,548,2174,-1626
101000050,410,2218,-1808
101000051,775,2013,-1238
101000052,1180,1752,-572
101000053,327,1213,-886
101000054,1312,692,620
101000055,1199,1231,-32
101000056,11,128,-117
101000057,444,3008,-2564
101000058,451,2146,-1695
101000059,2099,3670,-1571
101000060,1747,935,812
101000061,300,2358,-2058
101000062,202,756,-554
101000063,107,1372,-1265
101000064,158,1242,-1084
101000065,66,810,-744
101000066,310,1175,-865
101000067,157,625,-468
101000068,81,377,-296
101000069,85,59,26
101000070,318,704,-386
101000071,3213,1251,1962
101000072,464,2455,-1991
101000073,453,955,-502
101000074,1759,2765,-1006
101000075,1529,2211,-682
101000077,1607,3154,-1547
101000078,718,897,-179
101000079,882,820,62
101000080,853,945,-92
101000081,1570,1626,-56
101000082,1397,1198,199
101000083,3384,1996,1388
101000084,1034,636,398
101000085,2105,881,1224
101000086,776,687,89
101000087,573,670,-97
101000088,2078,1079,999
101000089,1178,2108,-930
101000090,1194,608,586
101000091,617,556,61
101000092,2118,500,1618
101000093,1646,522,1124
101000094,831,825,6
101000095,661,633,28
101000096,836,195,641
101000097,392,624,-232
101000098,344,743,-399
101000099,413,1007,-594
101000100,738,1131,-393
101000101,136,749,-613
101000102,318,1071,-753
101000103,296,845,-549
101000104,197,720,-523
101000105,197,536,-339
101000106,251,1552,-1301
101000107,428,589,-161
101000108,668,83,585
101000109,1072,179,893
101000110,31,151,-120
101000111,32,226,-194
101000113,103,1246,-1143
101000114,1753,5684,-3931
101000115,35,16,19
101000116,56,14,42
101000117,867,95,772
101000119,11,83,-72
101000120,54,165,-111
101000121,18,66,-48
101000122,40,82,-42
101000123,62,140,-78
101000124,603,706,-103
101000125,123,102,21
101000128,270,2006,-1736
101000130,133,285,-152
101000131,1986,366,1620
101000132,1170,547,623
101000135,3,17,-14
101000136,74,192,-118
101000137,21,467,-446
101000141,592,4374,-3782
101000147,887,287,600
101000148,872,16,856
101000149,22,98,-76
101000150,134,228,-94
101000151,673,35,638
101000152,444,379,65
101000153,318,192,126
101000154,779,413,366
101000155,925,289,636
101000156,23,1509,-1486
101000157,20,199,-179
101000160,3,15,-12
101000163,64,546,-482
101000164,466,100,366
101000165,293,440,-147
101000166,179,217,-38
101000168,1231,353,878
101000252,3160,664,2496
101000254,19,44,-25
101000258,76,5,71
101000261,85,80,5
101000262,1142,6506,-5364
101000263,344,1090,-746
101000265,96,594,-498
101000266,521,173,348
101000269,11,60,-49
101000290,226,3538,-3312
101000293,1,12,-11
101000294,321,428,-107
101000295,274,218,56
101000301,180,742,-562
101000304,2092,4180,-2088
101000305,2348,1279,1069
101900001,19,29,-10
101900002,0,9,-9
101900003,64,63,1
101900004,0,143,-143
101900005,1014,5044,-4030
101900006,1514,133,1381
101900007,334,142,192
101900008,41,237,-196
101900009,30,484,-454
101900010,1008,789,219
101900011,63,1749,-1686
101900012,328,88,240
101900013,270,62,208
101900017,22,110,-88
101900018,1485,221,1264
101900019,46,193,-147
101900020,742,237,505
101900021,7,49,-42
101900022,275,1975,-1700
101900023,223,253,-30
102000001,4860,9045,-4185
102000002,2848,2668,180
102000003,1609,6162,-4553
102000004,4418,3444,974
102000005,1387,4108,-2721
102000006,756,1172,-416
102000007,1819,5099,-3280
102000008,5509,1430,4079
102000009,8990,11387,-2397
102000010,3812,2787,1025
102000011,5423,4707,716
102000012,3928,2673,1255
102000018,2932,3547,-615
102000019,3291,2242,1049
102000026,483,429,54
102000029,355,293,62
102000030,169,520,-351
102000031,132,73,59
102000032,867,404,463
102000033,742,271,471
102000034,638,262,376
102000035,1371,590,781
102000036,19,154,-135
102000037,100,24,76
102000038,145,157,-12
102000039,90,100,-10
102000040,220,141,79
102000041,18,332,-314
102000042,86,188,-102
102000043,42,245,-203
102000044,501,1044,-543
102000045,875,725,150
102000046,1820,575,1245
102000047,1424,528,896
102000048,1021,527,494
102000049,1115,878,237
102000050,1530,905,625
102000051,245,485,-240
102000052,1492,1004,488
102000053,1185,870,315
102000054,975,964,11
102000055,1363,203,1160
102000056,2065,294,1771
102000057,2071,573,1498
102000058,858,849,9
102000059,873,861,12
102000060,870,923,-53
102000061,2663,1173,1490
102000062,2757,986,1771
102000063,1111,1638,-527
102000064,633,728,-95
102000065,38,176,-138
102000066,922,379,543
102000067,5766,4416,1350
102000068,8685,3201,5484
102000069,82,2582,-2500
102000070,2028,39,1989
102000071,6111,12199,-6088
102000072,2812,3425,-613
102000073,588,527,61
102000074,971,637,334
102000075,229,174,55
102000076,641,170,471
102000077,1011,1280,-269
102000078,1850,562,1288
102000079,194,66,128
102000080,384,226,158
102000081,308,742,-434
102000082,731,521,210
102000083,1232,158,1074
102000084,1001,122,879
102000085,2127,591,1536
102000086,1945,744,1201
102000087,711,1088,-377
102000088,364,206,158
102000089,1597,212,1385
102000090,347,1195,-848
102000091,872,688,184
102000092,296,623,-327
102000093,752,556,196
102000094,484,405,79
102000095,700,760,-60
102000096,617,360,257
102000097,620,302,318
102000098,331,332,-1
102000099,816,469,347
102000100,252,478,-226
102000101,394,262,132
102000102,166,1294,-1128
102000103,2802,473,2329
102000104,440,296,144
102000105,415,340,75
102000106,1175,425,750
102000107,2717,108,2609
102000108,863,1305,-442
102000109,818,1512,-694
102000110,1726,399,1327
102000111,12,2526,-2514
102000112,129,212,-83
102000113,12,141,-129
102000114,3668,773,2895
102000115,354,487,-133
102000116,207,779,-572
102000117,52,722,-670
102000118,820,2110,-1290
102000119,545,865,-320
102000120,291,443,-152
102000121,1353,221,1132
102000122,765,714,51
102000123,844,668,176
102000124,1822,1247,575
102000125,589,641,-52
102000126,595,966,-371
102000127,1608,1120,488
102000128,906,721,185
102000129,1821,677,1144
102000130,718,1001,-283
102000131,1075,926,149
102000132,513,1064,-551
102000133,5088,3210,1878
102000134,1641,725,916
102000135,675,855,-180
102000136,1027,674,353
102000137,557,519,38
102000138,303,211,92
102000139,92,516,-424
102000140,183,314,-131
102000141,320,782,-462
102000142,448,222,226
102000143,399,80,319
102000144,540,87,453
102000145,331,186,145
102000146,1021,193,828
102000147,711,386,325
102000148,254,494,-240
102000149,627,138,489
102000150,1102,44,1058
102000151,119,71,48
102000152,503,81,422
102000153,1039,438,601
102000154,147,212,-65
102000155,66,314,-248
102000156,275,72,203
102000157,12,562,-550
102000158,95,360,-265
102000159,1150,1397,-247
102000161,2787,2684,103
102000162,175,411,-236
102000163,145,385,-240
102000164,554,743,-189
102000165,253,798,-545
102000166,44,480,-436
102000167,270,185,85
102000168,298,280,18
102000169,166,741,-575
102000170,732,158,574
102000171,89,69,20
102000172,21,449,-428
102000173,520,433,87
102000174,221,105,116
102000175,154,52,102
102000176,69,31,38
102000178,280,506,-226
102000179,615,288,327
102000180,1254,278,976
102000181,1696,329,1367
102000182,1181,1455,-274
102000183,2562,940,1622
102000184,2333,721,1612
102000185,3925,387,3538
102000186,2382,649,1733
102000187,1262,702,560
102000188,1740,1254,486
102000189,1816,307,1509
102000190,624,2640,-2016
102000191,901,171,730
102000192,2055,1651,404
102000193,209,161,48
102000194,42,382,-340
102000195,951,451,500
102000196,545,345,200
102000197,1851,128,1723
102000198,391,279,112
102000199,2211,122,2089
102000200,693,259,434
102000201,2732,466,2266
102000202,5,244,-239
102000203,884,118,766
102000204,1438,698,740
102000205,2189,1254,935
102000206,1174,580,594
102000207,1011,1189,-178
102000208,523,1273,-750
102000209,149,242,-93
102000210,981,750,231
102000211,995,349,646
102000212,791,32,759
102000213,3,400,-397
102000214,823,16,807
102000215,2,140,-138
102000216,258,225,33
102000217,34,53,-19
102000218,375,274,101
102000219,197,62,135
102000225,249,964,-715
102000226,148,574,-426
102000227,236,3,233
102000228,1,72,-71
102000229,131,102,29
102000230,484,242,242
102000231,678,358,320
102000232,33,163,-130
102000233,1258,359,899
102000234,58,1215,-1157
102000236,408,61,347
102000237,1165,266,899
102000238,379,328,51
102000240,314,791,-477
102000241,123,168,-45
102000243,6,73,-67
102000245,6,75,-69
102000246,4,46,-42
102000247,179,407,-228
102000248,184,1132,-948
102000249,217,91,126
102000250,89,246,-157
102000254,537,119,418
102000266,6,408,-402
102000271,44,0,44
102000286,376,305,71
102000297,2890,902,1988
102000299,0,0,0
102000301,0,0,0
102000302,0,0,0
102000303,0,0,0
102000304,0,0,0
102000305,0,0,0
102000306,0,0,0
102000307,0,2,-2
102000308,0,0,0
102900001,1365,852,513
102900002,235,55,180
102900003,181,41,140
102900005,742,162,580
102900006,823,35,788
102900007,1043,7,1036
102900008,411,26,385
102900009,269,324,-55
102900010,306,1268,-962
102900011,1120,519,601
102900012,834,92,742
102900013,99,9,90
102900015,1356,484,872
102900016,207,11,196
102900017,371,73,298
102900018,114,20,94
102900019,751,399,352
102900020,155,2,153
102900021,59,17,42
102900022,60,20,40
102900023,21,8,13
102900024,41,35,6
102900025,35,15,20
102900026,339,2615,-2276
102900027,66,41,25
102900028,175,1205,-1030
102900029,27,463,-436
102900030,434,839,-405
102900031,410,178,232
102900032,143,24,119
102900033,147,115,32
102900034,993,52,941
102900035,277,82,195
102900036,336,107,229
102900037,254,479,-225
102900038,418,222,196
102900039,6,950,-944
102900040,279,287,-8
102900041,206,89,117
102900042,477,87,390
102900043,458,127,331
102900044,648,2089,-1441
102900045,253,375,-122
102900046,306,67,239
102900047,281,1548,-1267
102900048,930,146,784
102900049,92,199,-107
102900050,264,1403,-1139
102900051,359,351,8
102900052,42,104,-62
102900053,466,473,-7
102900054,370,1542,-1172
102900055,110,558,-448
102900056,120,176,-56
102900057,2,126,-124
102900058,618,90,528
102900059,18,11,7
102900060,99,571,-472
102900061,339,1144,-805
102900062,299,346,-47
102900063,2504,482,2022
102900064,52,539,-487
102900065,1571,448,1123
102900066,355,11,344
102900068,90,129,-39
102900070,349,185,164
102900072,0,73,-73
102900073,32,3,29
102900074,390,141,249
102900075,1,40,-39
102900076,37,154,-117
102900077,29,7,22
102900078,39,25,14
102900079,274,2,272
102900080,504,10,494
102900081,23,86,-63
102900082,16,72,-56
102900083,56,6,50
102900084,2,19,-17
102900085,121,81,40
102900086,5,26,-21
102900087,255,50,205
102900088,73,20,53
102900089,333,120,213
102900090,2,161,-159
102900091,453,3,450
102900092,1402,300,1102
102900093,372,178,194
102900094,1,54,-53
102900095,71,1,70
102900096,89,6,83
102900097,2,24,-22
103000001,2508,2197,311
103000002,2924,2592,332
103000003,3535,2103,1432
103000004,768,291,477
103000005,1470,4444,-2974
103000006,1422,2314,-892
103000007,430,334,96
103000008,1001,611,390
103000009,3211,1329,1882
103000010,176,73,103
103000011,1291,460,831
103000012,1475,1404,71
103000013,2504,1609,895
103000014,1291,3239,-1948
103000015,1419,738,681
103000016,575,1837,-1262
103000017,331,1074,-743
103000018,1216,201,1015
103000019,664,840,-176
103000020,1223,1181,42
103000021,2629,3216,-587
103000022,730,932,-202
103000023,1322,2523,-1201
103000024,152,79,73
103000025,147,2179,-2032
103000026,296,467,-171
103000027,192,602,-410
103000028,184,215,-31
103000029,84,239,-155
103000030,1567,1499,68
103000031,767,3396,-2629
103000032,1888,1628,260
103000033,4255,3997,258
103000034,1160,695,465
103000035,163,946,-783
103000036,235,244,-9
103000037,715,434,281
103000038,661,931,-270
103000039,1009,234,775
103000040,1136,348,788
103000041,3495,1336,2159
103000042,2776,154,2622
103000043,1335,404,931
103000044,463,112,351
103000046,339,573,-234
103000047,875,452,423
103000048,264,562,-298
103000049,133,150,-17
103000050,1239,149,1090
103000051,878,357,521
103000052,1202,144,1058
103000053,313,354,-41
103000054,1980,237,1743
103000055,2414,800,1614
103000056,1008,771,237
103000057,1891,120,1771
103000058,1369,236,1133
103000059,1119,310,809
103000060,965,179,786
103000061,1170,534,636
103000062,982,144,838
103000063,1483,499,984
103000064,248,49,199
103000065,32,108,-76
103000066,208,10,198
103000069,286,577,-291
103000070,885,214,671
103000071,2441,755,1686
103000072,211,454,-243
103000073,1842,63,1779
103000074,1159,79,1080
103000075,123,401,-278
103000076,518,1180,-662
103000077,13,196,-183
103000078,1145,1751,-606
103000079,481,820,-339
103000080,488,539,-51
103000081,283,905,-622
103000082,726,163,563
103000083,117,342,-225
103000084,251,8,243
103000085,2,159,-157
103000086,612,601,11
103000087,324,714,-390
103000088,150,261,-111
103000089,455,952,-497
103000090,4302,890,3412
103000091,915,540,375
103000092,590,156,434
103000093,354,599,-245
103000094,602,171,431
103000095,142,342,-200
103000096,783,44,739
103000097,37,595,-558
103000098,801,54,747
103000099,108,791,-683
103000100,242,325,-83
103000101,2328,105,2223
103000102,136,198,-62
103000103,1092,120,972
103000104,211,82,129
103000105,490,81,409
103000106,20,121,-101
103000107,390,111,279
103000108,1651,1255,396
103000109,607,719,-112
103000110,449,841,-392
103000111,416,677,-261
103000112,400,508,-108
103000113,511,987,-476
103000114,2075,975,1100
103000115,1187,666,521
103000116,1232,302,930
103000117,571,403,168
103000118,445,221,224
103000119,1079,255,824
103000120,110,245,-135
103000121,81,201,-120
103000122,453,1185,-732
103000125,20,64,-44
103000126,1537,7,1530
103000127,2,117,-115
103000128,201,1,200
103000129,0,67,-67
103000130,120,117,3
103000131,87,111,-24
103000132,21,175,-154
103000133,32,97,-65
103000134,241,1623,-1382
103000135,658,141,517
103000136,299,385,-86
103000137,314,517,-203
103000138,547,627,-80
103000139,0,26,-26
103000140,106,25,81
103000141,19,249,-230
103000142,162,151,11
103000143,55,112,-57
103000144,325,48,277
103000145,13,107,-94
103000150,75,71,4
103000152,180,368,-188
103000153,179,224,-45
103000156,5,89,-84
103000157,448,3,445
103000159,329,95,234
103000162,36,68,-32
103000163,6,24,-18
103000164,4,5,-1
103000165,98,75,23
103000166,337,809,-472
103000167,243,189,54
103000168,305,231,74
103000169,458,1178,-720
103000170,2432,245,2187
103000171,26,128,-102
103000172,1734,164,1570
103000173,1757,160,1597
103000174,687,208,479
103000175,518,84,434
103000176,922,979,-57
103000177,267,800,-533
103000178,112,366,-254
103000179,202,65,137
103000183,617,5,612
103000185,444,87,357
103000186,453,74,379
103000187,2281,99,2182
103000188,16,145,-129
103000189,900,459,441
103000191,582,237,345
103000292,541,2456,-1915
103000293,577,4742,-4165
103000295,20,120,-100
103000296,97,5,92
103000297,4,42,-38
103000504,28,7,21
103000505,5,14,-9
103000506,2,78,-76
103000507,282,5,277
103000508,123,89,34
103000509,240,270,-30
103900001,163,39,124
103900002,578,41,537
103900003,1038,498,540
103900004,207,9,198
103900005,1,65,-64
103900006,2,2,0
103900007,186,2,184
103900008,9,4,5
103900009,536,83,453
103900010,311,78,233
103900011,1247,107,1140
103900012,17,121,-104
103900013,70,13,57
103900014,196,19,177
103900015,177,4,173
103900016,291,140,151
103900017,101,71,30
103900018,293,53,240
103900019,34,603,-569
103900020,402,348,54
103900021,35,17,18
103900022,534,313,221
103900023,411,6,405
103900024,205,169,36
103900025,3,6,-3
103900026,4,1,3
103900027,432,182,250
103900028,72,371,-299
103900029,1279,117,1162
103900030,390,126,264
103900031,119,0,119
103900032,123,96,27
103900033,154,32,122
103900034,138,20,118
103900035,213,210,3
103900036,61,32,29
103900037,258,177,81
103900038,56,184,-128
103900039,294,108,186
103900040,6,84,-78
103900041,176,34,142
103900042,300,61,239
103900043,441,13,428
103900044,33,810,-777
103900045,459,343,116
103900047,89,28,61
103900048,2,123,-121
103900049,51,954,-903
103900050,20,259,-239
103900051,15,116,-101
103900052,358,284,74
103900053,353,138,215
103900054,364,92,272
103900055,730,110,620
103900056,159,114,45
103900057,427,49,378
103900058,788,146,642
103900059,0,199,-199
103900060,145,49,96
103900061,374,5,369
103900062,1518,331,1187
103900063,3,0,3
103900064,179,4,175
103900065,187,594,-407
103900066,375,87,288
103900067,461,21,440
103900068,2,0,2
103900069,113,21,92
103900070,271,98,173
103900071,44,30,14
103900072,86,77,9
103900073,184,65,119
103900074,211,27,184
103900075,216,12,204
103900076,1462,149,1313
103900077,47,150,-103
103900078,556,193,363
103900079,87,108,-21
103900080,2,14,-12
103900081,2,14,-12
103900082,62,95,-33
103900083,923,3515,-2592
103900084,8,373,-365
103900085,34,53,-19
103900086,2685,387,2298
103900087,79,66,13
103900088,298,692,-394
103900089,51,93,-42
103900090,22,40,-18
103900091,801,61,740
103900092,805,436,369
103900093,87,229,-142
103900094,8,58,-50
103900095,185,305,-120
103900096,390,33,357
103900097,43,183,-140
103900098,405,80,325
103900099,825,39,786
103900100,381,58,323
103900101,1847,736,1111
103900102,9,143,-134
103900104,0,4,-4
103900105,66,29,37
103900106,6,2227,-2221
103900107,400,20,380
103900108,66,89,-23
103900109,425,8,417
103900110,551,29,522
103900111,505,126,379
103900112,15,47,-32
103900113,55,68,-13
103900114,538,200,338
103900115,140,198,-58
103900116,1184,2606,-1422
103900117,47,20,27
103900119,14,318,-304
103900120,34,9,25
103900122,304,71,233
103900123,164,854,-690
103900124,47,28,19
103900125,108,39,69
103900126,997,61,936
103900127,210,137,73
103900128,252,48,204
103900131,28,43,-15
103900133,941,10,931
103900134,1,30,-29
103900135,1,1,0
103900137,0,3,-3
103900138,363,9,354
103900139,122,4930,-4808
103900140,6,640,-634
103900141,339,42,297
103900142,845,62,783
103900143,280,4,276
103900144,2,6,-4
103900145,197,129,68
103900146,378,126,252
103900147,577,100,477
103900148,746,144,602
103900149,452,166,286
103900150,3640,7115,-3475
103900151,1,70,-69
103900152,1965,122,1843
103900153,23,1,22
103900154,165,2758,-2593
103900155,16,27,-11
103900156,41,14,27
103900157,359,33,326
103900158,572,18,554
103900159,674,12,662
103900160,24,24,0
103900161,82,105,-23
103900162,51,21,30
103900163,26,344,-318
103900164,229,3,226
103900167,6,91,-85
103900168,105,31,74
103900169,24,45,-21
103900170,0,18,-18
103900171,0,7,-7
103900172,1,9,-8
103900173,10,28,-18
103900174,723,25,698
103900175,30,201,-171
103900176,3,47,-44
103900177,7,7,0
103900178,92,1,91
103900179,113,11,102
103900180,18,27,-9
103900181,8,26,-18
103900182,28,17,11
103900184,94,76,18
103900185,37,1547,-1510
103900187,15,231,-216
103900188,184,108,76
103900189,283,18,265
103900190,243,41,202
103900191,14,23,-9
103900192,10,59,-49
103900193,34,22,12
103900194,129,65,64
103900195,13,207,-194
103900196,111,37,74
103900197,20,40,-20
103900198,7,7,0
103900199,127,38,89
103900200,409,45,364
103900201,106,46,60
103900202,3,121,-118
103900203,83,96,-13
103900204,3,26,-23
103900207,0,17,-17
103900208,317,1,316
103900209,3,23,-20
103900210,102,16,86
103900211,1282,137,1145
103900212,305,89,216
103900213,7,192,-185
103900214,173,382,-209
103900215,83,299,-216
103900216,17,236,-219
103900217,554,100,454
103900218,3,508,-505
103900219,517,66,451
103900233,137,6,131
103900235,36,111,-75
103900236,27,7,20
103900242,18,16,2
103900243,0,4,-4
103900244,181,55,126
103900245,237,79,158
103900246,18,56,-38
103900247,7,19,-12
103900248,1,46,-45
103900249,0,30,-30
103900250,29,32,-3
103900251,0,13,-13
103900253,4,62,-58
103900254,2,15,-13
103900255,1,44,-43
103900256,36,16,20
103900257,76,239,-163
103900258,5,10,-5
103900259,13,12,1
103900261,89,1,88
103900262,84,1,83
103900263,24,104,-80
103900264,41,7,34
103900265,14,2,12
103900266,0,82,-82
103900267,0,34,-34
103900268,3,0,3
103900269,52,1,51
103900270,24,4,20
104000001,4012,1731,2281
104000002,2946,1725,1221
104000003,2372,1307,1065
104000004,4224,1956,2268
104000005,2708,1500,1208
104000006,3188,2284,904
104000007,5650,3834,1816
104000008,253,187,66
104000009,327,120,207
104000010,219,629,-410
104000011,207,137,70
104000012,207,115,92
104000013,382,689,-307
104000014,350,142,208
104000015,728,121,607
104000016,331,129,202
104000018,1029,229,800
104000019,1049,346,703
104000020,102,168,-66
104000021,456,269,187
104000022,482,452,30
104000023,2042,533,1509
104000024,211,193,18
104000026,57,87,-30
104000027,328,170,158
104000028,762,225,537
104000029,312,278,34
104000030,694,325,369
104000031,1890,118,1772
104000032,182,77,105
104000033,968,294,674
104000034,246,103,143
104000035,1708,222,1486
104000036,1595,242,1353
104000037,188,88,100
104000038,569,431,138
104000039,306,103,203
104000040,92,794,-702
104000041,838,765,73
104000042,189,106,83
104000043,178,276,-98
104000044,371,2682,-2311
104000045,727,770,-43
104000046,985,604,381
104000047,756,579,177
104000048,1113,459,654
104000049,946,373,573
104000050,120,587,-467
104000051,307,902,-595
104000052,2505,3710,-1205
104000053,1669,586,1083
104000054,699,334,365
104000055,2302,2219,83
104000056,568,95,473
104000057,328,114,214
104000058,1882,785,1097
104000059,934,1131,-197
104000060,1737,2949,-1212
104000061,1448,626,822
104000062,463,148,315
104000064,669,193,476
104000065,235,588,-353
104000069,327,2086,-1759
104000070,55,633,-578
104000071,215,132,83
104000072,1024,167,857
104000075,51,275,-224
104000076,804,62,742
104000082,2066,3305,-1239
104000083,573,118,455
104000084,152,226,-74
104000085,659,244,415
104000086,364,226,138
104000087,380,1670,-1290
104000090,1481,528,953
104000092,2316,579,1737
104000094,792,589,203
104000095,3654,1552,2102
104000096,4245,76,4169
104000097,4188,322,3866
104000098,6123,403,5720
104000100,3941,1110,2831
104000101,2563,1151,1412
104000106,18,509,-491
104000107,647,186,461
104000108,320,374,-54
104000109,496,123,373
104000110,867,1838,-971
104000111,2430,5981,-3551
104000112,652,629,23
104000116,0,386,-386
104000117,467,205,262
104000118,2904,145,2759
104000119,1695,214,1481
104000120,599,747,-148
104000121,251,322,-71
104000122,825,337,488
104000123,970,603,367
104000124,298,1247,-949
104000125,1751,6273,-4522
104000126,808,467,341
104000127,1391,1202,189
104000128,813,132,681
104000129,652,24,628
104000130,19,454,-435
104000131,274,336,-62
104000132,355,354,1
104000133,2159,891,1268
104000134,925,1562,-637
104000135,425,1236,-811
104000136,607,2828,-2221
104000137,1665,282,1383
104000138,1084,352,732
104000139,1830,2350,-520
104000141,636,339,297
104000142,833,312,521
104000143,919,217,702
104000144,223,245,-22
104000145,308,177,131
104000146,160,540,-380
104000147,333,427,-94
104000148,504,154,350
104000149,184,50,134
104000150,1701,263,1438
104000151,807,81,726
104000152,1034,132,902
104000153,1227,551,676
104000154,619,166,453
104000155,569,877,-308
104000157,1335,484,851
104000158,240,328,-88
104000159,1342,376,966
104000160,2109,2833,-724
104000161,150,89,61
104000162,116,50,66
104000165,1285,755,530
104000167,788,1831,-1043
104000168,1545,8,1537
104000169,309,40,269
104000170,160,279,-119
104000248,619,450,169
104000251,90,102,-12
104000272,0,0,0
104000273,0,0,0
104000274,0,0,0
104000275,0,0,0
104000279,799,491,308
104000290,98,321,-223
104000291,398,1349,-951
104000293,1739,785,954
104000294,340,3,337
104000295,1194,959,235
104000296,682,633,49
104000297,1305,2235,-930
104000298,1889,826,1063
104000299,1911,687,1224
104900001,54,110,-56
104900002,52,353,-301
104900003,185,114,71
104900004,341,50,291
104900005,952,281,671
104900006,1042,131,911
104900007,835,307,528
104900009,331,121,210
104900010,221,12,209
104900011,6,12,-6
104900012,238,48,190
104900013,89,29,60
104900014,1272,217,1055
104900015,117,4,113
104900016,257,91,166
104900017,128,116,12
104900018,1,67,-66
104900019,155,6543,-6388
104900020,45,237,-192
104900021,0,23,-23
104900022,4,45,-41
104900023,0,31,-31
104900024,31,127,-96
104900025,124,136,-12
104900026,0,44,-44
104900027,894,388,506
104900028,37,111,-74
104900029,32,26,6
104900030,684,137,547
104900031,28,178,-150
104900032,53,54,-1
104900033,488,73,415
104900034,372,153,219
104900035,575,257,318
104900036,582,32,550
104900037,571,63,508
104900038,130,2556,-2426
104900039,243,909,-666
104900040,922,32,890
104900041,787,74,713
104900042,309,98,211
104900043,76,721,-645
104900044,1855,77,1778
104900045,654,53,601
104900046,988,78,910
104900047,984,82,902
104900048,942,29,913
104900049,130,48,82
104900050,1135,133,1002
104900051,666,14,652
104900052,352,4,348
104900053,904,53,851
104900054,486,43,443
104900055,591,7,584
104900056,646,6,640
104900057,142,1,141
104900058,580,451,129
104900059,275,63,212
104900060,2,296,-294
104900061,343,87,256
104900063,2,186,-184
104900064,0,89,-89
104900065,1,241,-240
104900066,0,52,-52
104900067,7,1179,-1172
104900068,67,668,-601
104900070,50,233,-183
104900071,1,222,-221
104900072,58,72,-14
104900073,181,100,81
104900074,118,46,72
104900075,123,26,97
104900076,315,80,235
104900077,573,161,412
104900078,436,114,322
104900079,145,1492,-1347
104900080,360,121,239
104900082,1,147,-146
104900085,2,114,-112
104900087,490,4,486
104900089,962,21,941
104900090,2320,2312,8
104900091,432,609,-177
104900093,238,185,53
104900097,1229,4813,-3584
104900098,389,71,318
104900099,48,817,-769
104900100,267,56,211
104900102,85,88,-3
104900103,347,55,292
104900104,1844,2078,-234
104900106,367,61,306
104900107,84,117,-33
104900108,40,374,-334
104900109,177,263,-86
104900110,9,30,-21
104900111,290,38,252
104900112,621,215,406
104900113,1282,131,1151
104900114,1091,475,616
104900115,1616,136,1480
104900116,971,103,868
104900118,3,43,-40
104900119,0,55,-55
104900120,18,1372,-1354
104900121,2,39,-37
104900122,2,25,-23
104900123,487,39,448
104900124,293,5,288
104900125,391,7,384
104900126,35,16,19
104900127,22,9,13
104900128,151,110,41
104900129,716,4192,-3476
105000001,3214,1095,2119
105000002,2421,1521,900
105000003,2744,3458,-714
105000004,1626,739,887
105000005,2423,1335,1088
105000006,1369,1991,-622
105000007,2064,2425,-361
105000008,694,3476,-2782
105000009,4754,5068,-314
105000010,2857,902,1955
105000011,3372,3996,-624
105000012,2261,1532,729
105000013,1330,1825,-495
105000014,5001,4654,347
105000015,8007,16106,-8099
105000016,924,954,-30
105000017,1703,1038,665
105000018,598,2315,-1717
105000019,994,1337,-343
105000020,27,564,-537
105000021,245,134,111
105000022,111,140,-29
105000023,971,111,860
105000028,47,57,-10
105000029,780,1253,-473
105000030,3065,2934,131
105000033,1135,819,316
105000034,136,1812,-1676
105000037,1109,112,997
105000038,1018,2147,-1129
105000039,752,854,-102
105000040,1066,2739,-1673
105000041,354,1080,-726
105000042,2340,1790,550
105000043,746,651,95
105000044,1394,304,1090
105000045,202,245,-43
105000046,2243,210,2033
105000047,500,225,275
105000048,1642,283,1359
105000049,364,489,-125
105000050,1502,782,720
105000051,160,252,-92
105000052,923,2083,-1160
105000053,171,130,41
105000054,621,1391,-770
105000055,1070,842,228
105000056,2477,3406,-929
105000057,2372,3467,-1095
105000058,2009,1644,365
105000059,2397,727,1670
105000060,849,446,403
105000061,2362,426,1936
105000062,1028,497,531
105000063,610,235,375
105000064,4369,764,3605
105000065,786,356,430
105000066,1481,779,702
105000067,2574,1014,1560
105000068,279,581,-302
105000069,1098,4632,-3534
105000070,447,1434,-987
105000071,207,2604,-2397
105000072,1177,8411,-7234
105000073,1932,917,1015
105000074,574,419,155
105000075,670,519,151
105000076,1384,830,554
105000077,2196,861,1335
105000078,1025,1107,-82
105000079,825,1770,-945
105000080,1990,2318,-328
105000081,1125,1134,-9
105000082,1087,1460,-373
105000083,2001,3090,-1089
105000084,652,1058,-406
105000085,3187,2231,956
105000086,800,851,-51
105000087,1723,1704,19
105000088,2260,4348,-2088
105000089,1936,1221,715
105000090,602,405,197
105000091,756,622,134
105000092,569,439,130
105000093,287,403,-116
105000094,288,141,147
105000095,241,602,-361
105000096,1590,2010,-420
105000097,697,463,234
105000098,1973,1533,440
105000099,736,866,-130
105000100,2850,2309,541
105000101,3913,1196,2717
105000102,3026,1533,1493
105000103,1527,1818,-291
105000104,3961,4851,-890
105000105,1839,4171,-2332
105000106,2649,651,1998
105000107,3130,1866,1264
105000108,3619,1282,2337
105000109,4406,629,3777
105000110,2056,279,1777
105000111,2474,283,2191
105000112,1765,362,1403
105000113,575,930,-355
105000114,1288,1512,-224
105000115,352,2805,-2453
105000116,1932,764,1168
105000117,1550,304,1246
105000118,2097,411,1686
105000119,1477,601,876
105000120,3794,699,3095
105000121,1891,579,1312
105000122,746,1289,-543
105000123,858,530,328
105000124,3627,546,3081
105000125,1689,992,697
105000126,3858,1142,2716
105000127,4018,1307,2711
105000128,1360,1632,-272
105000129,2239,1786,453
105000130,180,4740,-4560
105000131,264,111,153
105000132,2450,1038,1412
105000133,541,378,163
105000134,2401,253,2148
105000135,322,240,82
105000136,27,17,10
105000137,1073,149,924
105000138,51,18,33
105000139,1268,307,961
105000140,545,241,304
105000141,692,238,454
105000142,454,299,155
105000143,302,245,57
105000144,565,286,279
105000145,1108,180,928
105000146,644,375,269
105000147,993,277,716
105000148,844,614,230
105000149,5089,1169,3920
105000150,1864,470,1394
105000151,1525,348,1177
105000152,404,529,-125
105000153,1647,234,1413
105000154,1524,431,1093
105000155,584,355,229
105000156,697,390,307
105000157,1207,716,491
105000158,3927,541,3386
105000159,548,522,26
105000160,5954,510,5444
105000161,1300,518,782
105000162,904,4192,-3288
105000163,1399,529,870
105000164,141,314,-173
105000165,632,14404,-13772
105000166,3596,2987,609
105000167,1468,5871,-4403
105000168,1301,425,876
105000169,1856,112,1744
105000170,974,1208,-234
105000171,2332,395,1937
105000172,709,2,707
105000173,1090,9,1081
105000174,242,24,218
105000175,333,82,251
105000176,1210,88,1122
105000177,895,349,546
105000178,726,177,549
105000179,2469,120,2349
105000180,852,51,801
105000181,389,151,238
105000182,89,55,34
105000183,2248,3998,-1750
105000184,252,680,-428
105000185,373,1196,-823
105000186,511,998,-487
105000187,1019,988,31
105000188,126,126,0
105000189,64,414,-350
105000190,330,256,74
105000191,682,239,443
105000192,499,53,446
105000193,95,105,-10
105000194,677,108,569
105000195,702,394,308
105000196,89,298,-209
105000197,137,371,-234
105000198,164,110,54
105000199,117,680,-563
105000200,114,886,-772
105000201,104,128,-24
105000203,58,109,-51
105000204,125,85,40
105000205,105,77,28
105000207,182,51,131
105000208,124,399,-275
105000209,235,66,169
105000212,1809,470,1339
105000213,63,77,-14
105000214,197,130,67
105000215,1008,196,812
105000216,353,111,242
105000217,374,64,310
105000218,4287,1040,3247
105000221,203,143,60
105000222,662,228,434
105000223,742,424,318
105000226,302,91,211
105000227,58,98,-40
105000228,46,1705,-1659
105000229,200,803,-603
105000231,571,164,407
105000233,1712,1576,136
105000234,292,655,-363
105000235,869,595,274
105000237,2038,58,1980
105000243,97,52,45
105000248,45,80,-35
105000262,955,273,682
105000269,155,240,-85
105000270,1150,22,1128
105000271,1,198,-197
105000282,74,61,13
105000287,220,94,126
105000288,1515,1714,-199
105000289,574,1228,-654
105000290,108,43,65
105000402,1624,5252,-3628
105000426,180,333,-153
105000438,911,904,7
105000446,6665,3699,2966
105000447,1762,1215,547
105000454,985,86,899
105000455,264,76,188
105000474,328,1,327
105000477,1764,512,1252
105000478,2993,6165,-3172
105000479,210,109,101
105000480,4128,5894,-1766
105000481,5152,4625,527
105000482,2379,2155,224
105000483,2215,3590,-1375
105000484,1313,1264,49
105000485,1114,4273,-3159
105000486,1378,1776,-398
105000488,2253,1419,834
105000489,2338,736,1602
105000549,209,441,-232
105000550,452,527,-75
105000551,15,73,-58
105000552,1699,750,949
105900001,17,3341,-3324
105900002,886,1911,-1025
105900003,5,146,-141
105900004,256,60,196
105900005,116,902,-786
105900006,19,72,-53
105900007,81,108,-27
105900008,140,113,27
105900009,100,46,54
105900011,193,41,152
105900012,653,69,584
105900013,11,40,-29
105900014,1,68,-67
105900015,67,438,-371
105900016,1406,226,1180
105900017,3562,59,3503
105900018,208,189,19
105900019,107,161,-54
105900020,163,25,138
105900021,80,252,-172
105900022,446,143,303
105900023,19,85,-66
105900024,7,867,-860
105900025,619,3,616
105900026,126,5,121
105900027,12158,4521,7637
105900028,260,701,-441
105900029,1737,235,1502
105900030,263,176,87
105900031,539,73,466
105900032,143,52,91
105900033,110,155,-45
105900034,706,145,561
105900035,914,277,637
105900036,113,94,19
105900037,283,20,263
105900038,275,292,-17
105900039,228,51,177
105900040,197,76,121
105900041,318,75,243
105900042,184,178,6
105900043,892,34,858
105900044,1,528,-527
105900045,4,2223,-2219
105900046,1,127,-126
105900047,5,66,-61
105900048,155,283,-128
105900050,989,4462,-3473
105900051,36,1014,-978
105900052,1741,125,1616
105900053,3432,6557,-3125
105900054,303,214,89
105900056,565,838,-273
105900057,13,192,-179
105900058,7,9,-2
105900059,0,276,-276
106000001,2141,2552,-411
106000002,1009,2366,-1357
106000003,3976,4845,-869
106000004,1773,2298,-525
106000005,5208,3665,1543
106000006,5761,1242,4519
106000007,653,192,461
106000008,302,309,-7
106000009,713,190,523
106000010,279,400,-121
106000011,2526,843,1683
106000012,1263,590,673
106000013,2179,1258,921
106000014,2132,1243,889
106000015,3447,844,2603
106000016,2072,1052,1020
106000017,1201,558,643
106000018,689,461,228
106000019,602,239,363
106000020,613,223,390
106000021,521,352,169
106000022,439,180,259
106000023,1001,233,768
106000024,921,359,562
106000025,220,186,34
106000026,132,103,29
106000027,2761,1089,1672
106000028,1382,245,1137
106000029,1171,664,507
106000030,221,488,-267
106000034,87,335,-248
106000035,1306,1501,-195
106000036,64,398,-334
106000037,1185,931,254
106000038,80,386,-306
106000039,42,316,-274
106000040,102,895,-793
106000041,820,567,253
106000043,363,210,153
106000046,312,38,274
106000047,41,380,-339
106000049,1684,95,1589
106000050,327,359,-32
106000051,1741,849,892
106000052,228,149,79
106000053,1001,110,891
106000054,380,99,281
106000055,1669,399,1270
106000056,498,123,375
106000057,1016,147,869
106000058,348,29,319
106000059,759,281,478
106000060,135,194,-59
106000061,213,962,-749
106000062,149,170,-21
106000063,1401,1072,329
106000064,3,273,-270
106000065,835,238,597
106000066,145,902,-757
106000067,955,54,901
106000068,220,228,-8
106000069,811,55,756
106000070,513,164,349
106000071,1197,158,1039
106000072,2430,1260,1170
106000073,1424,7902,-6478
106000074,911,647,264
106000075,490,793,-303
106000076,1192,1224,-32
106000077,1873,486,1387
106000078,2118,317,1801
106000079,1197,344,853
106000080,2050,291,1759
106000081,1417,516,901
106000082,1849,378,1471
106000083,642,702,-60
106000084,1050,453,597
106000085,1300,808,492
106000086,470,246,224
106000087,1005,290,715
106000088,401,330,71
106000089,1729,158,1571
106000090,623,275,348
106000091,288,367,-79
106000092,1417,429,988
106000093,885,54,831
106000094,145,237,-92
106000095,2003,398,1605
106000096,2579,381,2198
106000097,2802,998,1804
106000098,1655,601,1054
106000099,208,405,-197
106000100,3119,200,2919
106000101,1440,345,1095
106000102,168,612,-444
106000103,349,680,-331
106000104,1789,594,1195
106000105,599,638,-39
106000106,1870,200,1670
106000107,351,144,207
106000108,589,91,498
106000109,434,101,333
106000110,636,104,532
106000111,451,142,309
106000112,513,1069,-556
106000113,672,330,342
106000114,716,1165,-449
106000115,309,229,80
106000116,554,150,404
106000117,1332,742,590
106000118,1926,1315,611
106000119,869,468,401
106000120,1464,2499,-1035
106000121,763,157,606
106000122,552,91,461
106000123,1756,51,1705
106000124,584,66,518
106000125,86,111,-25
106000126,867,50,817
106000127,3080,562,2518
106000128,2669,206,2463
106000129,1462,237,1225
106000130,2598,160,2438
106000131,475,874,-399
106000132,1058,100,958
106000133,1230,2488,-1258
106000134,800,5792,-4992
106000135,249,530,-281
106000136,1511,2544,-1033
106000137,264,1224,-960
106000138,5306,101,5205
106000139,144,53,91
106000140,86,18,68
106000141,165,31,134
106000142,284,77,207
106000143,23,33,-10
106000144,89,82,7
106000145,1140,183,957
106000146,1097,115,982
106000147,667,293,374
106000148,612,512,100
106000149,1463,214,1249
106000150,1784,2946,-1162
106000151,3781,550,3231
106000152,1155,2808,-1653
106000153,171,2155,-1984
106000154,1279,97,1182
106000155,365,274,91
106000156,3195,138,3057
106000157,667,1887,-1220
106000158,1376,472,904
106000159,2558,2986,-428
106000160,1144,6400,-5256
106000161,757,202,555
106000162,792,2265,-1473
106000163,657,156,501
106000164,1179,307,872
106000165,319,277,42
106000166,2220,212,2008
106000167,1102,443,659
106000168,1913,141,1772
106000169,587,734,-147
106000170,1796,368,1428
106000171,445,1270,-825
106000172,3868,1385,2483
106000173,1469,1573,-104
106000174,2306,213,2093
106000175,268,276,-8
106000176,4476,485,3991
106000177,1898,1119,779
106000178,4992,773,4219
106000179,1367,954,413
106000180,1839,486,1353
106000181,3958,1247,2711
106000182,3357,366,2991
106000183,3399,235,3164
106000184,2396,409,1987
106000185,3417,2300,1117
106000186,477,32,445
106000187,116,2071,-1955
106000188,1,1,0
106000189,40,29,11
106000190,42,2,40
106000191,600,69,531
106000192,0,2,-2
106000193,373,361,12
106000194,238,611,-373
106000195,361,374,-13
106000196,90,1770,-1680
106000197,1061,1163,-102
106000198,361,469,-108
106000199,962,3353,-2391
106000200,364,459,-95
106000201,713,12725,-12012
106000202,2732,997,1735
106000203,8,94,-86
106000204,121,4,117
106000205,7,108,-101
106000206,140,12,128
106000207,9,337,-328
106000208,3393,67,3326
106000209,3937,172,3765
106000210,707,353,354
106000211,261,1199,-938
106000212,2225,370,1855
106000213,299,949,-650
106000214,1532,320,1212
106000215,463,761,-298
106000216,1012,518,494
106000217,184,387,-203
106000218,494,213,281
106000219,231,188,43
106000220,1046,299,747
106000221,422,70,352
106000222,182,54,128
106000223,818,52,766
106000224,537,81,456
106000225,87,260,-173
106000226,66,63,3
106000228,78,90,-12
106000229,379,390,-11
106000231,2566,90,2476
106000232,194,478,-284
106000233,1284,309,975
106000234,64,2259,-2195
106000235,437,2617,-2180
106000236,166,2639,-2473
106000237,0,22,-22
106000238,23,260,-237
106000239,2,184,-182
106000240,24,21,3
106000241,8,673,-665
106000242,702,13,689
106000249,226,59,167
106000250,155,1066,-911
106000251,219,8,211
106000252,87,443,-356
106000253,146,53,93
106000254,330,63,267
106000255,73,171,-98
106000256,177,22,155
106000257,174,119,55
106000258,158,1051,-893
106000259,10,1296,-1286
106000260,69,17,52
106000261,26,152,-126
106000262,123,31,92
106000263,80,340,-260
106000264,384,3,381
106000265,30,156,-126
106000266,403,51,352
106000267,36,58,-22
106000268,451,27,424
106000269,270,20,250
106000270,173,256,-83
106000271,97,92,5
106000272,181,131,50
106000273,22,142,-120
106000274,189,45,144
106000275,342,76,266
106000276,85,26,59
106000277,228,119,109
106000278,167,16,151
106000279,68,10,58
106000280,317,20,297
106000281,112,15,97
106000282,167,53,114
106000283,173,26,147
106000284,328,44,284
106000285,136,76,60
106000286,192,38,154
106000287,49,12,37
106000288,220,42,178
106000289,137,25,112
106000290,171,36,135
106000291,159,29,130
106000292,210,54,156
106000293,193,87,106
106000294,158,18,140
106000295,53,131,-78
106000296,108,45,63
106000297,40,109,-69
106000298,25,157,-132
106000299,28,26,2
106000300,26,83,-57
106000301,47,147,-100
106000303,182,31,151
106000304,191,11,180
106000305,331,31,300
106000306,196,37,159
106000307,476,16,460
106000308,119,64,55
106000309,53,16,37
106000310,597,201,396
106000311,611,100,511
106000312,233,96,137
106000313,401,41,360
106000318,109,533,-424
106000319,4501,571,3930
106000320,3,452,-449
106000321,186,1196,-1010
106000322,484,49,435
106000324,182,196,-14
106000325,2712,490,2222
106000326,874,757,117
106000327,593,83,510
106000328,9,705,-696
106000329,26,1099,-1073
106000330,37,309,-272
106000428,117,288,-171
106000429,203,207,-4
106000430,365,1454,-1089
106000431,3608,385,3223
106000432,758,1606,-848
106000433,2929,978,1951
106000434,4982,987,3995
106000435,1352,1297,55
106000436,16,279,-263
106000437,1698,96,1602
106000438,287,938,-651
106000439,53,854,-801
106000440,258,253,5
106000441,11,0,11
106000442,2744,41,2703
106000443,455,98,357
106000450,2,82,-80
106000451,38,257,-219
106000454,0,157,-157
106000455,2,116,-114
106000456,449,22,427
106000457,97,312,-215
106000458,2863,57,2806
106000459,1298,49,1249
106000460,4875,36,4839
106000461,1038,191,847
106000462,7,99,-92
106000463,2,6,-4
106000464,3,129,-126
106000465,1634,16,1618
106000466,2,161,-159
106000467,71,243,-172
106000468,517,113,404
106000469,103,2,101
106000470,312,3437,-3125
106000471,9,212,-203
106000472,600,7,593
106000473,134,4,130
106000474,379,334,45
106000475,591,253,338
106000476,169,496,-327
106000477,11,10,1
106900001,0,4,-4
106900002,12,172,-160
106900003,82,1555,-1473
106900004,0,16,-16
106900006,0,1,-1
106900007,0,7,-7
106900008,1326,61,1265
106900009,1023,101,922
106900010,755,171,584
106900012,643,5310,-4667
106900013,1202,277,925
106900014,148,1,147
106900015,36,0,36
106900016,982,79,903
106900017,26,0,26
106900018,45,0,45
106900019,500,2,498
106900020,1617,3825,-2208
106900021,300,73,227
106900022,2962,17,2945
106900023,177,100,77
106900024,1189,62,1127
106900025,19,446,-427
106900026,2,119,-117
106900027,2610,3,2607
107000001,3484,3645,-161
107000002,1603,1761,-158
107000003,12192,8897,3295
107000004,3554,1563,1991
107000005,13937,9301,4636
107000006,4065,1892,2173
107000007,6246,8642,-2396
107000008,3989,2630,1359
107000009,11914,9554,2360
107000010,5356,3667,1689
107000011,666,888,-222
107000012,2624,4537,-1913
107000013,265,37,228
107000014,213,77,136
107000015,903,256,647
107000016,1715,525,1190
107000017,698,1339,-641
107000018,9,1084,-1075
107000020,901,979,-78
107000021,1269,408,861
107000022,1306,3700,-2394
107000023,2473,192,2281
107000024,988,3340,-2352
107000025,600,216,384
107000026,406,596,-190
107000027,3262,563,2699
107000028,2284,389,1895
107000029,6342,3067,3275
107000030,2935,1114,1821
107000031,8010,3207,4803
107000032,348,562,-214
107000033,2138,5060,-2922
107000034,3623,883,2740
107000035,546,114,432
107000036,642,1510,-868
107000037,224,541,-317
107000038,306,95,211
107000039,1833,782,1051
107000040,521,159,362
107000041,1219,406,813
107000042,813,2722,-1909
107000043,1383,463,920
107000044,247,131,116
107000045,34,145,-111
107000046,1070,244,826
107000047,472,532,-60
107000048,558,186,372
107000049,552,358,194
107000050,892,314,578
107000051,275,406,-131
107000052,771,2310,-1539
107000053,387,445,-58
107000054,38,178,-140
107000055,162,108,54
107000056,673,705,-32
107000057,1518,141,1377
107000058,2728,2160,568
107000059,2597,2164,433
107000060,9417,3982,5435
107000061,4451,1736,2715
107000062,11625,3343,8282
107000063,4098,1703,2395
107000064,8879,7110,1769
107000065,2350,3126,-776
107000066,2076,3898,-1822
107000067,1587,1003,584
107000068,813,1032,-219
107000069,1425,1083,342
107000070,1853,52,1801
107000071,8250,78,8172
107000072,6,683,-677
107000073,2414,1328,1086
107000074,77,369,-292
107000075,3214,138,3076
107000076,219,495,-276
107000077,4464,386,4078
107000078,599,537,62
107000079,5251,715,4536
107000080,360,863,-503
107000081,6825,818,6007
107000082,564,672,-108
107000083,2432,2162,270
107000084,205,897,-692
107000085,2712,3181,-469
107000086,3176,2307,869
107000087,3706,3517,189
107000088,2920,2540,380
107000089,1585,2476,-891
107000090,1491,565,926
107000091,2658,685,1973
107000092,1122,547,575
107000093,1996,957,1039
107000094,1078,490,588
107000095,3119,959,2160
107000096,856,847,9
107000097,905,968,-63
107000098,235,537,-302
107000099,808,377,431
107000100,300,439,-139
107000101,222,237,-15
107000102,291,259,32
107000103,541,355,186
107000104,223,285,-62
107000105,937,1076,-139
107000106,284,137,147
107000107,1758,280,1478
107000108,305,303,2
107000109,2516,194,2322
107000110,155,188,-33
107000111,1383,46,1337
107000112,40,173,-133
107000113,1993,63,1930
107000114,124,247,-123
107000115,1326,906,420
107000116,158,371,-213
107000117,246,3931,-3685
107000118,113,83,30
107000119,1572,2192,-620
107000120,597,1363,-766
107000121,1282,517,765
107000122,707,545,162
107000123,972,299,673
107000124,914,227,687
107000125,2577,313,2264
107000126,2542,206,2336
107000127,86,455,-369
107000129,317,240,77
107000130,486,410,76
107000131,596,261,335
107000132,1085,201,884
107000133,507,147,360
107000134,302,3,299
107000135,2,205,-203
107000136,630,4,626
107000137,3,334,-331
107000138,123,50,73
107000139,1,483,-482
107000140,2500,102,2398
107000141,74,1611,-1537
107000142,713,58,655
107000143,20,1910,-1890
107000144,826,815,11
107000145,85,862,-777
107000146,188,425,-237
107000147,3914,654,3260
107000150,299,6594,-6295
107000151,8,25,-17
107000152,351,4439,-4088
107000153,39,221,-182
107000154,19,95,-76
107000155,1734,5,1729
107000156,2040,22,2018
107000157,21,391,-370
107000158,1766,46,1720
107000159,30,231,-201
107000160,3085,233,2852
107000161,92,305,-213
107000162,380,1122,-742
107000163,746,4,742
107000164,2307,7,2300
107000165,3010,14,2996
107000166,33,175,-142
107000167,1960,347,1613
107000168,1513,616,897
107000169,269,294,-25
107000170,7152,932,6220
107000171,968,360,608
107000172,2589,2963,-374
107000173,679,172,507
107000174,1699,10200,-8501
107000175,2609,397,2212
107000176,0,0,0
107000177,1,0,1
107000178,390,18,372
107000179,731,748,-17
107000180,3100,193,2907
107000181,1072,378,694
107000182,3390,311,3079
107000183,517,389,128
107000184,3028,348,2680
107000185,734,567,167
107000186,1358,133,1225
107000187,1619,1431,188
107000188,872,473,399
107000189,1646,396,1250
107000190,1310,514,796
107000191,1377,449,928
107000192,2606,263,2343
107000193,525,307,218
107000194,600,192,408
107000197,1459,126,1333
107000198,657,340,317
107000199,731,614,117
107000200,1392,829,563
107000201,388,245,143
107000202,476,397,79
107000203,551,909,-358
107000204,618,3631,-3013
107000205,590,389,201
107000206,269,1104,-835
107000207,489,574,-85
107000208,1849,453,1396
107000209,1006,797,209
107000210,74,106,-32
107000211,4,127,-123
107000212,20,94,-74
107000213,2,16,-14
107000214,22,40,-18
107000215,799,405,394
107000216,763,132,631
107000217,449,2517,-2068
107000219,59,237,-178
107000220,128,502,-374
107000222,323,283,40
107000224,852,310,542
107000225,185,182,3
107000226,1345,822,523
107000227,187,109,78
107000228,184,705,-521
107000229,57,211,-154
107000230,759,408,351
107000231,323,939,-616
107000232,224,9,215
107000233,107,524,-417
107000234,3,116,-113
107000235,93,41,52
107000236,8,747,-739
107000237,133,0,133
107000238,51,2,49
107000239,2036,733,1303
107000240,99,166,-67
107000241,41,5,36
107000242,210,7,203
107000243,0,25,-25
107000244,6,272,-266
107000246,0,390,-390
107000249,1,449,-448
107000251,1,114,-113
107000252,2,191,-189
107000255,272,310,-38
107000257,1,1186,-1185
107000258,1,214,-213
107000259,18,75,-57
107000260,3447,34,3413
107000262,73,143,-70
107000263,1227,15,1212
107000266,107,30,77
107000267,47,26,21
107000268,559,30,529
107000269,23,1,22
107000270,373,58,315
107000271,25,0,25
107000272,165,0,165
107000273,2,989,-987
107000274,693,208,485
107000275,26,1212,-1186
107000280,2571,60,2511
107000281,59,374,-315
107000282,24,569,-545
107000290,10,58,-48
107000291,32,6,26
107000292,0,183,-183
107000293,17,2,15
107000294,1,623,-622
107000295,19,0,19
107000296,0,42,-42
107000444,439,2,437
107000496,46,12,34
107000497,1034,834,200
107000500,636,130,506
107000501,141,142,-1
107000502,325,226,99
107000505,280,441,-161
107000506,0,1,-1
107000508,1,129,-128
107000509,173,817,-644
107000510,111,639,-528
107000514,47,548,-501
107000515,34,33,1
107000516,825,496,329
107000518,2817,5479,-2662
107000519,592,369,223
107000520,339,93,246
107900001,162,40,122
107900002,53,1,52
107900003,1310,11,1299
107900004,548,3,545
107900005,6469,93,6376
107900006,434,16,418
107900007,509,54,455
107900008,17,5,12
107900009,143,21,122
107900010,147,6,141
107900012,715,113,602
107900013,401,5,396
107900014,438,4,434
107900015,4270,37,4233
107900016,192,39,153
107900017,137,12,125
107900018,78,566,-488
107900019,13,15,-2
107900020,57,33,24
107900021,457,20,437
107900023,12,10,2
107900024,0,3,-3
107900025,202,103,99
107900026,187,23,164
107900027,38,74,-36
107900028,605,14,591
107900030,349,37,312
107900031,386,54,332
107900032,156,2,154
107900033,93,9,84
107900034,434,16,418
107900035,2926,287,2639
107900036,49,66,-17
107900037,0,11,-11
107900038,44,601,-557
107900039,72,12,60
107900040,3,267,-264
107900041,5,6,-1
107900043,233,63,170
107900044,9,10,-1
107900045,202,46,156
107900046,386,465,-79
107900047,147,43,104
107900048,694,28,666
107900049,393,1850,-1457
107900050,56,133,-77
107900051,93,43,50
107900052,9,170,-161
107900053,196,45,151
107900055,688,189,499
107900056,115,261,-146
107900057,6,1,5
107900058,19,270,-251
107900060,11,113,-102
107900061,6,9,-3
107900063,67,89,-22
107900064,223,1359,-1136
107900065,1055,23,1032
107900066,38,15,23
107900067,8,0,8
107900068,165,877,-712
107900069,14,5372,-5358
107900070,241,257,-16
107900071,43,180,-137
107900072,278,49,229
107900073,165,565,-400
107900074,148,603,-455
107900076,338,50,288
107900077,195,2,193
107900078,206,66,140
107900079,17,70,-53
107900080,84,571,-487
107900081,25,39,-14
107900082,4,6,-2
107900083,419,123,296
107900084,384,182,202
107900086,20,860,-840
107900087,553,37,516
107900088,259,4,255
107900089,154,502,-348
107900090,1241,3257,-2016
107900091,106,168,-62
107900092,918,94,824
107900093,28,72,-44
107900095,2154,1492,662
107900097,85,61,24
107900098,193,324,-131
107900100,267,2128,-1861
107900101,431,42,389
107900102,59,3,56
107900103,80,77,3
107900104,716,3,713
107900105,23,68,-45
107900106,57,205,-148
107900107,1172,434,738
107900108,172,36,136
107900109,3520,79,3441
107900110,80,11,69
107900111,1,137,-136
107900112,63,766,-703
107900113,420,32,388
107900114,453,52,401
107900115,0,11,-11
107900116,432,58,374
107900117,279,133,146
107900118,66,160,-94
107900119,359,481,-122
107900120,53,19,34
107900121,0,202,-202
107900122,2,105,-103
107900123,26,324,-298
107900124,6,19,-13
107900125,4,107,-103
107900126,74,238,-164
107900127,1176,237,939
107900128,130,51,79
107900129,232,11,221
107900130,308,12,296
107900131,122,69,53
107900132,22,552,-530
107900133,0,21,-21
107900134,17,49,-32
107900135,6,28,-22
107900136,28,21,7
107900137,111,53,58
107900138,194,11,183
107900139,200,19,181
107900140,36,25,11
107900141,36,11,25
107900142,15,854,-839
107900143,30,33,-3
107900144,0,28,-28
107900145,7,32,-25
107900146,91,99,-8
107900147,52,17,35
107900148,98,131,-33
107900149,559,28,531
107900150,18,204,-186
107900151,43,15,28
107900152,24,89,-65
107900153,400,271,129
107900154,25,30,-5
107900155,244,23,221
107900156,9,51,-42
107900157,11,51,-40
107900158,3012,172,2840
107900159,30,296,-266
107900160,308,19,289
107900161,147,31,116
107900162,0,80,-80
107900163,29,30,-1
107900164,77,35,42
107900165,8,370,-362
107900166,31,47,-16
107900167,45,85,-40
107900168,129,105,24
107900169,7,3881,-3874
107900171,38,278,-240
107900172,0,146,-146
107900173,111,35,76
107900174,300,9,291
107900175,3,143,-140
107900176,95,13,82
107900177,5,313,-308
107900178,35,241,-206
107900179,96,79,17
107900180,201,1910,-1709
107900181,202,478,-276
107900182,1,214,-213
107900183,146,39,107
107900184,248,1080,-832
107900185,240,2,238
107900186,35,9,26
107900187,0,172,-172
107900188,1373,80,1293
107900189,143,363,-220
107900190,16,132,-116
107900191,82,49,33
107900193,5,84,-79
107900194,297,7,290
107900195,2986,189,2797
107900196,101,34,67
107900197,133,99,34
107900199,0,296,-296
107900201,79,22,57
107900203,16,18,-2
107900204,50,109,-59
107900205,386,123,263
107900206,212,840,-628
107900207,0,165,-165
107900208,2,151,-149
107900209,375,183,192
107900210,49,31,18
107900213,380,188,192
107900214,2,102,-100
107900215,79,242,-163
107900216,5,12,-7
107900217,59,65,-6
107900218,35,1223,-1188
107900219,340,19,321
107900220,189,139,50
107900221,73,103,-30
107900223,528,77,451
107900224,160,414,-254
107900225,5,304,-299
107900226,15,23,-8
107900227,83,159,-76
107900228,100,81,19
107900229,4,33,-29
107900230,158,20,138
107900231,75,44,31
107900232,471,33,438
107900233,3,49,-46
107900234,552,45,507
107900235,31,46,-15
107900236,701,73,628
107900237,14,111,-97
107900238,183,17,166
107900239,289,825,-536
107900240,214,25,189
107900241,7,13,-6
107900242,18,59,-41
107900243,3,21,-18
107900244,366,9,357
107900245,1652,54,1598
107900246,475,68,407
107900248,1179,99,1080
107900249,1813,226,1587
107900250,0,198,-198
107900251,18,223,-205
107900252,1284,87,1197
107900253,337,42,295
107900254,98,375,-277
107900255,211,19,192
107900256,1012,2836,-1824
107900257,667,265,402
107900258,190,55,135
107900259,38,6273,-6235
107900261,3,118,-115
107900262,303,20,283
107900264,888,39,849
107900265,203,967,-764
107900267,648,11,637
107900268,17,2,15
107900269,0,4,-4
107900270,3,5,-2
107900271,1,71,-70
107900272,23,89,-66
107900273,50,30,20
107900274,248,0,248
107900275,85,0,85
107900276,0,13,-13
107900277,0,43,-43
107900278,726,48,678
107900279,14,39,-25
107900280,4651,1257,3394
107900281,1260,12889,-11629
107900282,16,1309,-1293
107900283,473,1378,-905
107900284,1298,526,772
107900285,346,28,318
107900286,6,20,-14
107900287,993,227,766
107900290,3,1057,-1054
107900291,909,17,892
107900292,182,72,110
107900293,107,110,-3
107900295,184,29,155
107900297,3,298,-295
107900298,602,364,238
107900299,1791,4945,-3154
107900300,58,752,-694
107900301,1257,1278,-21
107900302,103,15,88
107900303,872,312,560
107900304,1472,52,1420
107900305,787,10,777
107900306,0,85,-85
107900307,3,118,-115
107900308,209,126,83
107900309,23,1,22
107900310,23,1,22
107900311,227,385,-158
107900312,17,0,17
107900313,2,123,-121
107900314,2,153,-151
107900315,1,67,-66
107900316,27,0,27
107900317,152,7,145
107900318,2,287,-285
107900319,3,36,-33
107900320,0,76,-76
107900321,458,3,455
107900322,4,42,-38
107900323,8,89,-81
107900324,200,2,198
107900325,423,2,421
107900326,1522,56,1466
107900327,1,70,-69
107900328,20,0,20
107900329,2,121,-119
107900330,31,69,-38
107900331,1080,19,1061
107900332,724,12,712
107900333,152,24,128
107900334,5,27,-22
107900335,34,150,-116
107900336,18,76,-58
107900337,545,1705,-1160
107900338,0,45,-45
107900339,1,23,-22
107900340,0,135,-135
107900341,72,0,72
107900342,154,31,123
107900343,16,14,2
107900344,5,182,-177
107900345,172,17,155
107900346,32,1,31
107900347,13,0,13
107900348,7,1,6
107900349,43,7,36
107900350,12,78,-66
108000001,5947,3161,2786
108000002,1174,858,316
108000003,3185,1848,1337
108000004,7722,7977,-255
108000005,9569,4641,4928
108000006,2817,2006,811
108000007,7359,3630,3729
108000008,2710,2775,-65
108000009,8237,5099,3138
108000010,2099,2625,-526
108000011,15995,12169,3826
108000012,6250,8312,-2062
108000014,559,1661,-1102
108000015,1335,194,1141
108000016,398,363,35
108000017,2015,208,1807
108000018,2473,623,1850
108000019,1083,523,560
108000020,1411,313,1098
108000021,318,905,-587
108000022,695,506,189
108000023,2553,406,2147
108000024,841,169,672
108000025,776,123,653
108000026,1626,109,1517
108000027,1564,136,1428
108000028,1220,122,1098
108000029,1131,209,922
108000030,896,145,751
108000031,285,391,-106
108000032,4571,510,4061
108000033,646,363,283
108000034,2982,617,2365
108000035,531,737,-206
108000036,675,452,223
108000037,4609,300,4309
108000038,6780,287,6493
108000039,610,700,-90
108000040,4246,1166,3080
108000041,408,1059,-651
108000042,986,78,908
108000043,217,135,82
108000044,1277,83,1194
108000045,129,178,-49
108000046,3812,216,3596
108000047,256,285,-29
108000048,75,478,-403
108000049,1097,311,786
108000050,66,252,-186
108000051,537,342,195
108000052,219,157,62
108000053,618,306,312
108000054,439,427,12
108000055,1646,310,1336
108000056,564,595,-31
108000057,951,1415,-464
108000058,2243,6635,-4392
108000059,1436,815,621
108000060,268,359,-91
108000061,65,130,-65
108000062,2046,552,1494
108000063,752,305,447
108000064,499,157,342
108000065,1006,340,666
108000066,2854,1209,1645
108000067,4237,1005,3232
108000068,1659,388,1271
108000069,95,407,-312
108000070,4057,418,3639
108000071,584,599,-15
108000072,2070,503,1567
108000073,714,499,215
108000074,1450,354,1096
108000075,273,205,68
108000076,1443,386,1057
108000077,490,241,249
108000078,4434,1098,3336
108000079,595,390,205
108000080,3726,1060,2666
108000081,777,1062,-285
108000082,475,484,-9
108000083,3107,734,2373
108000084,523,911,-388
108000085,2031,820,1211
108000086,480,413,67
108000087,218,4228,-4010
108000088,567,10,557
108000089,523,407,116
108000090,1528,79,1449
108000091,177,274,-97
108000092,897,125,772
108000093,346,301,45
108000094,2381,169,2212
108000095,340,163,177
108000096,1527,236,1291
108000097,185,353,-168
108000098,4734,1196,3538
108000099,413,58,355
108000100,112,263,-151
108000101,2009,1560,449
108000102,1304,3050,-1746
108000106,1525,1,1524
108000107,2,409,-407
108000108,1323,126,1197
108000109,0,235,-235
108000110,1013,216,797
108000111,332,496,-164
108000112,48,122,-74
108000113,539,166,373
108000115,446,169,277
108000117,433,242,191
108000118,10,322,-312
108000119,676,177,499
108000120,403,1191,-788
108000121,523,278,245
108000122,1962,328,1634
108000123,2369,1189,1180
108000124,609,1511,-902
108000125,1332,319,1013
108000126,574,634,-60
108000127,1353,1581,-228
108000128,1507,189,1318
108000129,487,1266,-779
108000130,1218,508,710
108000131,1074,96,978
108000132,504,246,258
108000133,2080,142,1938
108000134,761,181,580
108000135,2213,1053,1160
108000136,1134,525,609
108000137,869,142,727
108000138,1000,321,679
108000139,1196,210,986
108000140,1314,14,1300
108000141,51,25,26
108000142,28,40,-12
108000143,52,6,46
108000144,351,2,349
108000145,103,4,99
108000146,383,10,373
108000147,73,9,64
108000148,336,27,309
108000149,9,4,5
108000150,162,14,148
108000151,5,6,-1
108000152,79,141,-62
108000153,1560,194,1366
108000154,15,2,13
108000155,69,40,29
108000156,392,66,326
108000157,205,3020,-2815
108000158,45,1450,-1405
108000159,110,164,-54
108000160,1854,2040,-186
108000161,1893,6915,-5022
108000165,8,907,-899
108000172,1,417,-416
108000173,572,3024,-2452
108000175,750,289,461
108000178,283,77,206
108000179,113,843,-730
108000181,104,5,99
108000182,78,11,67
108000183,0,6,-6
108000184,342,5573,-5231
108000185,765,85,680
108000186,739,48,691
108000187,215,266,-51
108000188,2311,434,1877
108000189,269,3046,-2777
108000190,21,49,-28
108000192,431,154,277
108000193,375,21,354
108000194,24,11,13
108000195,3,866,-863
108000196,191,2161,-1970
108000198,885,69,816
108000199,0,292,-292
108000200,1899,185,1714
108000202,1,438,-437
108000203,570,222,348
108000204,417,107,310
108000205,118,449,-331
108000339,477,351,126
108000364,84,154,-70
108000365,169,429,-260
108000367,125,120,5
108000368,77,57,20
108000369,609,65,544
108000371,2,413,-411
108000372,1476,4,1472
108000373,293,86,207
108000376,370,14,356
108000377,1564,90,1474
108000378,11168,16996,-5828
108000379,71,261,-190
108000381,288,27,261
108000382,74,2,72
108000383,0,208,-208
108900001,49,159,-110
108900002,164,31,133
108900003,276,242,34
108900004,128,622,-494
108900005,51,352,-301
108900006,1270,191,1079
108900007,653,162,491
108900008,376,55,321
108900009,306,235,71
108900010,759,100,659
108900011,1419,156,1263
108900012,809,158,651
108900013,269,252,17
108900014,45,114,-69
108900015,0,85,-85
108900016,2,88,-86
108900017,198,560,-362
108900018,155,225,-70
108900019,53,210,-157
108900020,87,65,22
108900021,140,74,66
108900022,157,17,140
108900023,18,59,-41
108900024,44,28,16
108900025,718,18,700
108900026,25,61,-36
108900027,0,13,-13
108900028,307,51,256
108900029,137,219,-82
108900030,0,6,-6
108900031,218,72,146
108900032,5,52,-47
108900033,0,74,-74
108900034,2,66,-64
108900035,332,290,42
108900036,316,166,150
108900037,80,118,-38
108900038,0,53,-53
108900039,0,54,-54
108900040,13,44,-31
108900041,3297,3940,-643
108900042,1,392,-391
108900043,43,481,-438
108900044,0,71,-71
108900045,119,79,40
108900046,11,99,-88
108900047,0,62,-62
108900048,66,152,-86
108900049,717,4265,-3548
108900050,3,62,-59
108900051,0,49,-49
108900052,65,55,10
108900053,100,720,-620
108900054,51,85,-34
108900055,27,476,-449
108900056,0,37,-37
108900057,1,60,-59
108900058,60,79,-19
108900059,1859,73,1786
108900060,118,112,6
108900061,59,15,44
108900062,2,110,-108
108900063,50,83,-33
108900064,807,13,794
108900065,66,36,30
108900066,815,51,764
108900067,1,104,-103
108900068,0,47,-47
108900069,131,24,107
108900070,88,26,62
108900071,280,13,267
108900072,1502,139,1363
108900073,8,52,-44
108900074,800,49,751
108900075,28,14,14
108900076,905,22,883
108900077,50,248,-198
108900078,102,33,69
108900079,528,65,463
108900080,4,1460,-1456
108900081,11,89,-78
108900082,198,42,156
108900083,7,366,-359
108900084,178,79,99
108900085,816,84,732
108900086,458,89,369
108900087,65,87,-22
108900088,581,671,-90
108900089,43,111,-68
108900090,89,83,6
108900091,204,29,175
108900092,665,447,218
108900093,163,104,59
108900094,587,63,524
108900095,7,96,-89
108900096,237,8,229
108900097,347,63,284
108900098,919,2316,-1397
108900099,710,103,607
108900100,67,39,28
108900101,385,807,-422
108900102,8,1931,-1923
108900103,242,211,31
108900104,46,238,-192
108900105,10,4238,-4228
108900106,1023,60,963
108900108,476,26,450
108900109,123,67,56
108900110,346,142,204
108900111,820,128,692
108900112,565,9,556
108900113,80,71,9
108900114,0,6,-6
108900115,277,194,83
108900116,144,12,132
108900117,618,16,602
108900118,1768,26,1742
108900119,942,35,907
108900120,311,280,31
108900121,347,103,244
108900122,580,17,563
108900123,612,80,532
108900124,1771,118,1653
108900125,1644,13,1631
108900126,254,162,92
108900127,558,20,538
108900128,528,41,487
108900129,2866,107,2759
108900130,1543,6,1537
108900131,1092,5,1087
108900132,940,65,875
108900133,688,50,638
108900134,1274,138,1136
108900135,845,34,811
108900136,36,1,35
108900137,640,1,639
108900138,1773,50,1723
108900139,1508,59,1449
108900140,1523,45,1478
108900141,1102,17,1085
108900142,122,28,94
108900143,219,2,217
108900144,233,0,233
108900145,594,11,583
108900146,236,14,222
108900147,885,0,885
108900148,109,8,101
108900149,375,128,247
108900150,403,15,388
108900151,94,29,65
108900152,221,86,135
108900153,336,67,269
108900154,10894,539,10355
108900155,914,62,852
108900156,354,6,348
108900157,33,159,-126
108900158,1253,150,1103
108900159,38,194,-156
108900160,80,203,-123
108900161,209,804,-595
108900162,392,2,390
108900163,7,462,-455
108900164,90,28,62
108900165,102,51,51
108900167,803,19976,-19173
108900168,3955,2121,1834
108900169,31,58,-27
108900171,2849,5290,-2441
108900172,231,102,129
108900173,137,159,-22
108900174,1463,427,1036
108900176,123,136,-13
108900177,2010,14400,-12390
108900178,1413,8097,-6684
108900179,247,2326,-2079
108900180,137,238,-101
108900182,69,566,-497
108900183,260,103,157
108900184,497,220,277
108900185,71,209,-138
108900186,164,263,-99
108900187,1452,41,1411
108900188,1822,63,1759
108900189,592,190,402
108900190,41,894,-853
108900191,140,340,-200
108900192,94,131,-37
108900193,21,40,-19
108900194,1,135,-134
108900195,133,66,67
108900196,8,95,-87
108900198,2,168,-166
108900199,386,266,120
108900200,1197,716,481
108900201,468,578,-110
108900203,802,124,678
108900204,675,9,666
108900205,364,21,343
108900206,1005,194,811
108900207,494,533,-39
108900208,3,143,-140
108900209,111,292,-181
108900210,74,94,-20
108900211,232,867,-635
108900212,79,2627,-2548
108900215,109,173,-64
108900216,309,531,-222
108900217,89,1,88
108900218,63,28,35
108900219,37,3,34
108900220,41,13,28
108900221,36,102,-66
108900222,354,2,352
108900223,8,127,-119
108900224,19,127,-108
108900225,0,116,-116
108900226,983,57,926
108900227,200,322,-122
108900230,41,89,-48
108900231,6,120,-114
108900232,2,73,-71
108900233,610,192,418
108900234,394,277,117
108900235,153,199,-46
108900236,71,236,-165
108900237,11,23,-12
108900240,234,72,162
108900241,156,37,119
108900245,5,3968,-3963
108900249,151,9,142
108900250,476,41,435
108900257,833,148,685
108900258,13,57,-44
108900259,9,13,-4
108900260,15,7,8
108900261,25,49,-24
108900262,107,110,-3
108900263,21,123,-102
108900264,93,143,-50
108900265,501,586,-85
108900266,124,3017,-2893
108900267,1,583,-582
108900268,30,56,-26
108900269,285,34,251
108900270,323,17,306
108900271,101,7,94
108900272,952,23,929
108900273,150,707,-557
108900274,93,19,74
108900275,1,1,0
108900276,1,3,-2
109000001,5617,5457,160
109000002,724,4399,-3675
109000003,5327,506,4821
109000004,870,2164,-1294
109000005,2633,424,2209
109000006,1265,1009,256
109000007,3589,420,3169
109000008,1487,919,568
109000009,5049,877,4172
109000010,1456,1563,-107
109000011,8570,2020,6550
109000012,1877,1744,133
109000013,8094,7167,927
109000014,1759,1023,736
109000015,4422,19221,-14799
109000016,2777,1415,1362
109000017,5265,1017,4248
109000018,1435,1292,143
109000019,4350,1243,3107
109000020,1780,928,852
109000023,246,5,241
109000024,2,311,-309
109000025,171,943,-772
109000026,394,278,116
109000027,130,461,-331
109000028,220,21,199
109000029,35,555,-520
109000030,302,317,-15
109000031,782,57,725
109000032,185,410,-225
109000033,872,168,704
109000034,44,32,12
109000035,5,42,-37
109000036,43,281,-238
109000037,480,5276,-4796
109000038,263,150,113
109000039,1421,997,424
109000040,2616,24747,-22131
109000041,916,4757,-3841
109000042,968,2765,-1797
109000044,757,32,725
109000045,164,175,-11
109000046,851,21,830
109000047,128,190,-62
109000048,433,160,273
109000049,323,323,0
109000050,540,196,344
109000051,502,134,368
109000052,598,276,322
109000053,729,245,484
109000054,123,1097,-974
109000055,1064,3209,-2145
109000056,316,453,-137
109000057,1963,760,1203
109000058,222,109,113
109000059,171,1016,-845
109000060,118,472,-354
109000061,554,2420,-1866
109000062,278,441,-163
109000063,294,135,159
109000064,1218,97,1121
109000065,696,119,577
109000066,888,82,806
109000067,279,216,63
109000068,757,8,749
109000069,751,20,731
109000070,20,2858,-2838
109000071,483,64,419
109000072,85,183,-98
109000073,89,63,26
109000074,6,89,-83
109000075,125,156,-31
109000076,102,307,-205
109000077,282,130,152
109000078,258,84,174
109000079,134,49,85
109000080,501,29,472
109000081,330,228,102
109000082,2036,81,1955
109000083,636,241,395
109000088,284,139,145
109000089,569,166,403
109000090,157,125,32
109000091,941,298,643
109000092,185,108,77
109000093,577,94,483
109000094,2101,11,2090
109000095,660,172,488
109000096,2216,118,2098
109000097,61,39,22
109000098,94,110,-16
109000099,1610,147,1463
109000100,726,240,486
109000101,3433,319,3114
109000102,826,323,503
109000103,1312,247,1065
109000104,5775,143,5632
109000105,790,366,424
109000106,3824,348,3476
109000107,867,582,285
109000108,4689,485,4204
109000109,628,454,174
109000110,2241,519,1722
109000111,760,846,-86
109000112,686,84,602
109000113,921,486,435
109000114,95,430,-335
109000115,926,12,914
109000116,8,363,-355
109000117,504,15,489
109000118,26,229,-203
109000119,4104,86,4018
109000120,939,186,753
109000121,1406,31,1375
109000122,451,245,206
109000123,27,19,8
109000124,1941,272,1669
109000125,1619,503,1116
109000126,825,732,93
109000127,2426,81,2345
109000128,906,421,485
109000129,6315,280,6035
109000130,480,306,174
109000131,1316,818,498
109000132,488,536,-48
109000133,256,327,-71
109000134,572,629,-57
109000135,478,711,-233
109000136,413,144,269
109000137,447,239,208
109000138,427,147,280
109000139,1105,228,877
109000140,273,306,-33
109000141,988,901,87
109000142,200,250,-50
109000143,210,170,40
109000145,121,205,-84
109000146,5,18,-13
109000148,1707,3562,-1855
109000149,15,118,-103
109000150,17,168,-151
109000155,1427,1191,236
109000156,986,220,766
109000158,40,309,-269
109000159,143,322,-179
109000160,3140,146,2994
109000161,1706,549,1157
109000162,3873,266,3607
109000163,2966,592,2374
109000164,2832,1292,1540
109000165,2777,373,2404
109000166,2510,83,2427
109000167,223,211,12
109000170,36,26,10
109000171,187,11,176
109000172,27,51,-24
109000173,4,204,-200
109000174,482,25,457
109000175,35,40,-5
109000176,746,102,644
109000177,40,96,-56
109000178,971,16,955
109000179,3089,9445,-6356
109000180,3652,5129,-1477
109000181,51,6,45
109000182,79,5,74
109000183,98,1,97
109000184,135,3,132
109000185,31,5,26
109000188,988,3903,-2915
109000189,5579,4433,1146
109000190,1200,481,719
109000191,371,1313,-942
109000192,1294,64,1230
109000193,847,61,786
109000194,681,21,660
109000195,513,57,456
109000196,373,30,343
109000197,639,125,514
109000198,593,57,536
109000199,633,218,415
109000206,328,8,320
109000207,363,8,355
109000208,185,128,57
109000209,291,61,230
109000210,328,231,97
109000211,1726,246,1480
109000214,975,81,894
109000215,165,21,144
109000216,471,441,30
109000217,154,218,-64
109000218,379,358,21
109000221,202,234,-32
109000222,980,149,831
109000223,1340,585,755
109000224,210,33,177
109000225,381,9,372
109000226,177,112,65
109000227,4328,306,4022
109000228,1,610,-609
109000231,1,66,-65
109000232,2159,103,2056
109000236,414,300,114
109000241,2297,451,1846
109000242,1899,359,1540
109000293,111,170,-59
109000361,183,72,111
109000364,149,742,-593
109000396,3,187,-184
109000397,1503,44,1459
109000399,187,226,-39
109000400,138,144,-6
109000403,24,2580,-2556
109000406,1602,6,1596
109000407,214,106,108
109000408,0,265,-265
109000410,1370,154,1216
109000411,571,7,564
109900001,185,3,182
109900002,1669,10,1659
109900003,1189,14,1175
109900004,231,59,172
109900005,57,9,48
109900006,1518,54,1464
109900007,2889,109,2780
109900008,0,7,-7
109900009,339,230,109
109900010,1493,101,1392
109900011,24,9,15
109900012,607,273,334
109900013,705,102,603
109900014,326,60,266
109900015,210,36,174
109900016,164,17,147
109900017,389,86,303
109900018,357,32,325
109900019,286,62,224
109900020,174,22,152
109900021,139,8,131
109900022,89,125,-36
109900023,48,3,45
109900024,27,1,26
109900025,9,242,-233
109900026,5,61,-56
109900027,26,35,-9
109900028,550,4611,-4061
109900029,4,91,-87
109900030,114,2,112
109900031,4,1033,-1029
109900032,26,134,-108
109900033,1,226,-225
109900034,32,1,31
109900035,330,207,123
109900036,118,838,-720
109900037,5,176,-171
109900038,115,135,-20
109900039,4,0,4
109900040,24,148,-124
109900041,103,403,-300
109900042,27,2185,-2158
109900044,151,821,-670
109900045,78,44,34
109900046,107,110,-3
109900047,276,298,-22
109900048,1,41,-40
109900049,64,51,13
109900050,0,6,-6
109900051,0,6,-6
109900052,117,711,-594
109900053,3,27,-24
109900054,2033,95,1938
109900055,317,215,102
109900056,377,534,-157
109900057,5,54,-49
109900058,1,23,-22
109900059,2708,37,2671
109900060,1787,84,1703
109900061,249,111,138
109900062,0,70,-70
109900063,7,568,-561
109900064,1191,50,1141
109900065,66,45,21
109900066,752,195,557
109900067,0,56,-56
109900068,201,5,196
109900069,1,4,-3
109900070,44,46,-2
109900071,4,13,-9
109900072,8,39,-31
109900073,1348,174,1174
109900074,16,12,4
109900075,77,204,-127
109900076,44,43,1
109900077,26,16,10
109900078,230,33,197
109900080,166,98,68
109900081,5,153,-148
109900082,93,103,-10
109900083,12,10,2
109900084,70,145,-75
109900085,43,113,-70
109900086,128,1541,-1413
109900087,135,314,-179
109900089,1119,129,990
109900090,221,328,-107
109900091,927,522,405
109900092,387,385,2
109900093,2142,121,2021
109900094,88,43,45
109900095,24,108,-84
109900096,173,6,167
109900097,273,0,273
109900098,1439,89,1350
109900099,955,4,951
109900100,153,0,153
109900101,1922,15,1907
109900102,1171,33,1138
109900103,41,99,-58
109900104,2303,77,2226
109900105,1195,28,1167
109900106,695,23,672
109900107,1537,37,1500
109900108,319,173,146
109900109,49,113,-64
109900110,32,159,-127
109900111,76,184,-108
109900112,137,119,18
109900113,1320,445,875
109900114,372,1239,-867
109900115,308,171,137
109900117,2994,54,2940
109900118,226,112,114
109900119,173,158,15
109900120,128,13,115
109900121,348,79,269
109900122,1943,7,1936
109900123,16,43,-27
109900124,33,91,-58
109900125,0,88,-88
109900126,898,8,890
109900128,681,58,623
109900130,3413,5789,-2376
109900131,11,31,-20
109900132,52,45,7
109900133,166,152,14
109900134,121,145,-24
109900135,503,45,458
109900136,116,64,52
109900137,426,175,251
109900138,1349,123,1226
109900140,155,80,75
109900141,1600,140,1460
109900142,4256,548,3708
109900145,4,946,-942
109900146,172,56,116
109900148,10,33,-23
109900149,12,21,-9
109900150,1,17,-16
109900151,9,9,0
109900152,0,5,-5
109900153,0,22,-22
109900154,24,0,24
109900155,97,31,66
109900157,179,60,119
109900158,102,34,68
109900159,92,13,79
109900160,236,12,224
109900161,645,23,622
109900162,440,51,389
109900163,287,66,221
109900164,45,134,-89
109900165,449,1,448
109900166,3,650,-647
109900167,174,168,6
109900168,110,276,-166
109900169,378,101,277
109900170,517,2986,-2469
109900171,764,123,641
109900172,689,609,80
109900173,2886,4085,-1199
109900174,96,73,23
109900175,231,703,-472
109900176,247,90,157
109900177,56,50,6
109900178,4,316,-312
109900179,18,25,-7
109900180,6,10,-4
110000001,1140,249,891
110000002,620,404,216
110000003,750,633,117
110000004,366,425,-59
110000005,372,2983,-2611
110000006,546,241,305
110000007,134,51,83
110000008,37,572,-535
110000009,184,8,176
110000010,83,183,-100
110000011,108,15,93
110000012,1189,140,1049
110000013,73,812,-739
110000014,795,436,359
110000015,191,830,-639
110000016,360,1743,-1383
110000017,2841,287,2554
110000018,3037,557,2480
110000019,13,37,-24
110000020,1009,469,540
110000021,172,284,-112
110000022,2243,71,2172
110000023,8,56,-48
110000024,1132,219,913
110000025,2374,6,2368
110000026,2,181,-179
110000027,672,1445,-773
110000028,1673,192,1481
110000029,1214,284,930
110000030,606,467,139
110000031,824,187,637
110000032,1609,142,1467
110000033,360,178,182
110000034,1517,368,1149
110000035,1786,345,1441
110000036,2641,390,2251
110000037,917,188,729
110000038,470,1228,-758
110000039,1303,11560,-10257
110000040,542,378,164
110000041,375,3893,-3518
110000042,132,441,-309
110000043,880,495,385
110000044,34,395,-361
110000045,118,112,6
110000046,3,148,-145
110000047,12,92,-80
110000048,2,93,-91
110000049,26,51,-25
110000050,6,142,-136
110000051,18,13,5
110000052,75,24,51
110000053,18,11,7
110000054,102,1933,-1831
110000055,158,537,-379
110000056,136,259,-123
110000057,792,206,586
110000058,3578,481,3097
110000059,1429,619,810
110000060,1715,739,976
110000061,711,515,196
110000062,533,520,13
110000063,93,519,-426
110000064,437,18,419
110000065,233,307,-74
110000066,156,14,142
110000067,160,75,85
110000068,986,99,887
110000069,1317,9,1308
110000071,1606,15,1591
110000073,57,0,57
110000075,16,189,-173
110000076,707,838,-131
110000077,272,2410,-2138
110000078,177,11,166
110000080,172,368,-196
110000081,26,651,-625
110000082,32,786,-754
110000083,345,264,81
110000084,2153,2375,-222
110000085,652,2197,-1545
110000086,818,2596,-1778
110000087,46,74,-28
110000088,191,469,-278
110000089,812,41,771
110000090,201,1610,-1409
110000091,763,284,479
110000092,50,32,18
110000093,95,9,86
110000094,653,90,563
110000095,166,713,-547
110000096,1183,3176,-1993
110000097,1145,2155,-1010
110000098,3005,661,2344
110000099,1800,1557,243
110000100,3557,96,3461
110000101,526,118,408
110000102,150,80,70
110000104,697,293,404
110000105,87,1351,-1264
110000106,1109,565,544
110000107,155,415,-260
110000108,185,208,-23
110000109,352,219,133
110000110,1501,3876,-2375
110000111,3820,3089,731
110000112,121,1329,-1208
110000113,87,4303,-4216
110000114,1153,1039,114
110000115,1459,136,1323
110000116,173,139,34
110000117,1142,174,968
110000118,1604,108,1496
110000119,1242,133,1109
110000120,825,149,676
110000121,137,671,-534
110000122,603,187,416
110000123,836,233,603
110000124,0,462,-462
110000125,1536,2,1534
110000126,581,71,510
110000127,2189,115,2074
110000128,14,421,-407
110000129,1,155,-154
110000130,523,437,86
110000131,61,74,-13
110000132,1,165,-164
110000133,47,566,-519
110000134,43,404,-361
110000135,389,4,385
110000136,138,131,7
110000137,1667,166,1501
110000138,1739,199,1540
110000139,2500,363,2137
110000140,1439,1206,233
110000143,1129,517,612
110000144,1964,1594,370
110000145,1999,1282,717
110000146,1348,770,578
110000147,350,1260,-910
110000148,1100,366,734
110000151,683,1525,-842
110000152,466,599,-133
110000153,1115,59,1056
110000154,127,73,54
110000155,940,1658,-718
110000156,1318,992,326
110000157,1390,2285,-895
110000160,660,236,424
110000161,401,303,98
110000166,2005,53,1952
110000167,3018,941,2077
110000168,824,1345,-521
110000169,992,845,147
110000170,238,234,4
110000171,818,178,640
110000172,532,319,213
110000173,459,521,-62
110000174,218,207,11
110000175,2379,333,2046
110000176,67,2196,-2129
110000177,278,2990,-2712
110000178,526,5108,-4582
110000179,1988,412,1576
110000180,1240,340,900
110000181,2128,237,1891
110000182,1216,139,1077
110000183,6218,11741,-5523
110000184,268,4796,-4528
110000185,522,579,-57
110000186,479,1131,-652
110000191,2280,74,2206
110000192,1724,48,1676
110000193,2125,32,2093
110000194,4,1663,-1659
110000195,1131,58,1073
110000196,1428,112,1316
110000197,272,56,216
110000198,91,40,51
110000199,111,503,-392
110000200,761,2792,-2031
110000201,1769,4760,-2991
110000202,1595,440,1155
110000203,456,714,-258
110000204,7,123,-116
110000205,732,86,646
110000206,322,381,-59
110000207,2741,215,2526
110000208,278,382,-104
110000209,78,339,-261
110000210,1879,770,1109
110000211,1151,701,450
110000212,923,1827,-904
110000213,832,33,799
110000214,957,44,913
110000215,257,92,165
110000216,250,88,162
110000217,1076,72,1004
110000218,351,57,294
110000219,802,33,769
110000220,73,60,13
110000221,1026,20,1006
110000222,63,73,-10
110000223,71,75,-4
110000224,2,10,-8
110000225,342,703,-361
110000226,592,122,470
110000227,1327,1370,-43
110000228,591,85,506
110000229,0,82,-82
110000230,596,635,-39
110000231,407,714,-307
110000232,164,459,-295
110000233,212,1875,-1663
110000234,465,729,-264
110000235,1649,970,679
110000236,1171,829,342
110000237,3637,2002,1635
110000238,1407,719,688
110000239,3254,880,2374
110000240,2,33,-31
110000242,0,10,-10
110000243,439,132,307
110000244,128,774,-646
110000245,33,366,-333
110000246,2363,1063,1300
110000247,1664,3482,-1818
110000248,1379,1704,-325
110000249,312,23,289
110000250,9,322,-313
110000251,885,285,600
110000252,1116,295,821
110000253,3388,501,2887
110000254,1697,653,1044
110000255,262,463,-201
110000256,777,314,463
110000257,422,364,58
110000258,7,785,-778
110000259,600,64,536
110000260,160,127,33
110000263,1081,26,1055
110000264,1362,346,1016
110000265,1747,1738,9
110000266,1393,1859,-466
110000267,55,51,4
110000268,428,155,273
110000269,4,81,-77
110000270,220,5,215
110000271,1926,215,1711
110000272,1524,1428,96
110000273,2426,1014,1412
110000274,633,5422,-4789
110000275,2467,1473,994
110000276,325,1805,-1480
110000277,821,1783,-962
110000278,933,1428,-495
110000279,1276,372,904
110000280,1192,659,533
110000281,163,94,69
110000282,175,45,130
110000283,11,111,-100
110000284,20,32,-12
110000285,1,187,-186
110000286,39,1,38
110000287,290,126,164
110000288,1,202,-201
110000289,486,3664,-3178
110000290,302,1232,-930
110000291,4517,919,3598
110000292,1222,12311,-11089
110000293,945,820,125
110000294,2156,3611,-1455
110000295,333,660,-327
110000296,1199,468,731
110000297,4081,211,3870
110000298,102,588,-486
110000299,213,58,155
110000301,896,17,879
110000302,836,3962,-3126
110000303,1389,87,1302
110000304,388,724,-336
110000305,2467,91,2376
110000306,645,674,-29
110000307,5785,30,5755
110000308,1571,13,1558
110000309,2,1090,-1088
110000310,1830,89,1741
110000311,7,401,-394
110000312,1074,77,997
110000313,3509,1963,1546
110000314,1,169,-168
110000315,2199,1367,832
110000316,511,1105,-594
110000317,309,1591,-1282
110000318,1,215,-214
110000319,10,40,-30
110000320,25,110,-85
110000321,72,134,-62
110000322,341,962,-621
110000323,1448,345,1103
110000324,2308,1159,1149
110000325,1797,7133,-5336
110000327,1104,548,556
110000328,85,546,-461
110000333,1901,2362,-461
110000334,426,3202,-2776
110000335,1020,425,595
110000336,725,1869,-1144
110000337,2725,1189,1536
110000338,703,2285,-1582
110000339,878,241,637
110000340,63,344,-281
110000341,1189,328,861
110000342,160,9,151
110000343,0,2,-2
110000344,77,2551,-2474
110000345,172,2930,-2758
110000346,2025,2731,-706
110000347,1676,658,1018
110000348,117,37,80
110000349,47,4,43
110000350,237,0,237
110000351,2361,357,2004
110000352,1312,2640,-1328
110000353,3494,351,3143
110000354,2653,7090,-4437
110000355,449,67,382
110000356,906,23,883
110000357,1544,17,1527
110000361,267,22,245
110000362,461,21,440
110000363,1612,72,1540
110000364,712,323,389
110000365,142,1,141
110000366,2,467,-465
110000367,1194,306,888
110000368,31,103,-72
110000369,88,35,53
110000373,8,1471,-1463
110000374,120,59,61
110000375,238,976,-738
110000376,41,63,-22
110000377,103,343,-240
110000378,36,474,-438
110000379,2565,3545,-980
110000380,315,7,308
110000383,0,481,-481
110000384,1471,105,1366
110000385,0,73,-73
110000387,624,4,620
110000388,119,94,25
110000389,1760,5,1755
110000391,1728,1434,294
110000396,616,309,307
110000397,125,26,99
110000398,1,30,-29
110000399,480,4,476
110000587,328,570,-242
110000589,333,86,247
110000640,418,11,407
110000652,7,542,-535
110000653,864,255,609
110000654,4,327,-323
110000656,1,253,-252
110000674,174,20,154
110000675,25,32,-7
110000676,0,49,-49
110000679,139,1005,-866
110000682,220,296,-76
110000683,365,163,202
110000684,0,45,-45
110000685,7,34,-27
110000686,1,208,-207
110000687,11,5,6
110000688,53,1628,-1575
110000689,32,8,24
110000692,10,250,-240
110000693,12,366,-354
110000694,0,112,-112
110000695,160,1234,-1074
110000696,150,23,127
110900001,681,55,626
110900002,505,220,285
110900003,3558,94,3464
110900004,1108,32,1076
110900005,2567,9951,-7384
110900006,161,120,41
110900007,544,318,226
110900008,3,21,-18
110900009,482,1446,-964
110900010,0,22,-22
110900011,15,47,-32
110900012,15,36,-21
110900013,2010,128,1882
110900014,581,142,439
110900015,246,873,-627
110900016,115,50,65
110900017,1197,44,1153
110900018,743,6,737
110900019,1014,25,989
110900020,620,72,548
110900021,260,180,80
110900022,54,76,-22
110900023,60,232,-172
110900024,192,122,70
110900025,23,35,-12
110900027,197,61,136
110900028,50,44,6
110900029,35,70,-35
110900030,27,62,-35
110900031,0,70,-70
110900032,0,15,-15
110900033,27,124,-97
110900035,26,438,-412
110900036,265,5,260
110900037,305,4,301
110900038,576,163,413
110900039,11,274,-263
110900040,552,5,547
110900041,8,33,-25
110900042,258,92,166
110900043,3,27,-24
110900044,326,44,282
110900045,320,219,101
110900046,8,62,-54
110900047,188,1069,-881
110900049,255,87,168
110900050,104,1,103
110900051,76,41,35
110900052,0,968,-968
110900053,515,15,500
110900054,36,1223,-1187
110900055,34,0,34
110900056,148,67,81
110900057,2,151,-149
110900058,721,63,658
110900059,481,543,-62
110900060,411,54,357
110900061,27,13,14
110900062,473,68,405
110900063,57,102,-45
110900064,18,0,18
110900065,82,55,27
110900066,1,60,-59
110900067,98,891,-793
110900068,535,88,447
110900069,9,6,3
110900070,596,27,569
110900071,110,2148,-2038
110900073,0,2,-2
110900074,1343,106,1237
110900075,1229,52,1177
110900077,3282,288,2994
110900078,410,16,394
110900079,668,1400,-732
110900080,352,82,270
110900081,41,2,39
110900082,571,42,529
110900083,247,21,226
110900084,329,25,304
110900085,39,85,-46
110900086,111,289,-178
110900087,728,458,270
110900088,4,0,4
110900090,113,186,-73
110900091,0,19,-19
110900093,240,61,179
110900095,86,7,79
110900097,39,3,36
110900098,40,14,26
110900099,70,151,-81
110900100,0,13,-13
110900102,82,18,64
110900105,1248,80,1168
110900108,80,36,44
110900111,2417,119,2298
110900112,1007,10,997
110900113,794,188,606
110900115,0,20,-20
110900116,3034,903,2131
110900118,69,6255,-6186
110900119,1821,97,1724
110900120,394,65,329
110900121,108,2,106
110900122,704,172,532
110900125,356,1466,-1110
110900127,646,1669,-1023
110900128,13,184,-171
110900129,73,1076,-1003
110900130,131,253,-122
110900131,649,2011,-1362
110900132,1158,50,1108
110900133,145,1747,-1602
110900135,81,110,-29
110900136,477,71,406
110900137,22,0,22
110900138,277,434,-157
110900139,1,75,-74
110900140,3,2,1
110900141,26,397,-371
110900142,60,110,-50
110900143,643,34,609
110900144,0,157,-157
110900145,503,267,236
110900146,103,823,-720
110900147,433,594,-161
110900148,1,559,-558
110900149,3,43,-40
110900150,29,18,11
110900151,0,61,-61
110900152,12,38,-26
110900153,284,24,260
111000001,766,654,112
111000002,380,477,-97
111000003,3762,1514,2248
111000004,710,818,-108
111000005,1308,1789,-481
111000006,843,2185,-1342
111000007,4638,6590,-1952
111000008,2993,5748,-2755
111000009,324,876,-552
111000010,3101,569,2532
111000011,82,864,-782
111000012,299,511,-212
111000013,546,1608,-1062
111000014,3121,1045,2076
111000017,15,605,-590
111000018,293,378,-85
111000020,479,1130,-651
111000021,38,138,-100
111000023,133,785,-652
111000025,4031,5752,-1721
111000029,178,96,82
111000030,34,35,-1
111000031,1815,907,908
111000032,792,1388,-596
111000033,300,51,249
111000034,84,117,-33
111000037,1268,275,993
111000038,2290,1067,1223
111000039,2616,863,1753
111000040,2205,616,1589
111000041,730,467,263
111000042,2441,2185,256
111000043,2117,8861,-6744
111000044,2588,619,1969
111000045,5210,1103,4107
111000046,4275,911,3364
111000047,3787,8332,-4545
111000049,756,184,572
111000050,1398,337,1061
111000051,962,799,163
111000052,889,2348,-1459
111000053,288,411,-123
111000054,300,619,-319
111000055,817,2656,-1839
111000056,262,2986,-2724
111000057,233,124,109
111000058,1445,164,1281
111000059,980,729,251
111000060,8771,1168,7603
111000061,1518,305,1213
111000062,1744,855,889
111000063,1442,1739,-297
111000064,1397,285,1112
111000065,2028,416,1612
111000066,1457,179,1278
111000067,2608,202,2406
111000068,1605,369,1236
111000069,1589,1685,-96
111000070,618,381,237
111000071,480,140,340
111000072,2047,869,1178
111000073,148,2068,-1920
111000074,3125,2075,1050
111000075,1189,452,737
111000076,1268,961,307
111000077,1358,533,825
111000078,2155,445,1710
111000079,1047,536,511
111000080,894,449,445
111000081,1530,9640,-8110
111000082,1387,283,1104
111000084,1065,352,713
111000085,2034,902,1132
111000086,2551,881,1670
111000087,1035,415,620
111000088,5164,6359,-1195
111000089,1301,472,829
111000090,743,544,199
111000091,1220,210,1010
111000092,3465,677,2788
111000093,1640,2994,-1354
111000094,2563,1250,1313
111000095,1417,3886,-2469
111000096,1455,11369,-9914
111000097,2138,644,1494
111000098,314,498,-184
111000099,896,892,4
111000100,980,919,61
111000101,478,575,-97
111000102,577,321,256
111000104,1639,185,1454
111000107,205,378,-173
111000109,1578,289,1289
111000110,2372,601,1771
111000111,7085,213,6872
111000112,3854,355,3499
111000113,702,3390,-2688
111000114,1287,7871,-6584
111000115,3170,894,2276
111000116,917,510,407
111000117,301,1102,-801
111000118,899,1637,-738
111000119,2718,379,2339
111000120,1094,583,511
111000121,435,939,-504
111000122,774,484,290
111000123,2423,1057,1366
111000124,924,1382,-458
111000125,448,1568,-1120
111000126,117,480,-363
111000127,2469,120,2349
111000128,5555,352,5203
111000129,6242,333,5909
111000130,5745,389,5356
111000131,5701,358,5343
111000132,3200,2917,283
111000133,172,55,117
111000134,249,11,238
111000135,180,101,79
111000136,669,186,483
111000138,129,1,128
111000140,4,4,0
111000141,221,376,-155
111000142,5,75,-70
111000143,10,219,-209
111000144,9,648,-639
111000145,44,8,36
111000146,163,4,159
111000147,90,32,58
111000148,235,60,175
111000149,7,34,-27
111000150,233,1,232
111000151,3,355,-352
111000153,562,269,293
111000154,357,67,290
111000155,386,70,316
111000156,926,187,739
111000157,561,358,203
111000158,1682,545,1137
111000159,2922,734,2188
111000160,856,142,714
111000161,7,292,-285
111000162,13,38,-25
111000163,1674,767,907
111000164,440,3135,-2695
111000165,751,137,614
111000166,415,90,325
111000167,111,218,-107
111000168,231,138,93
111000169,460,150,310
111000170,377,226,151
111000171,822,234,588
111000172,443,271,172
111000173,329,327,2
111000174,647,104,543
111000175,46,943,-897
111000176,1466,27,1439
111000177,2288,103,2185
111000178,2957,116,2841
111000179,528,43,485
111000180,420,232,188
111000181,3427,252,3175
111000182,389,395,-6
111000183,282,1981,-1699
111000184,452,83,369
111000185,410,683,-273
111000186,306,2231,-1925
111000187,286,184,102
111000188,591,521,70
111000189,240,273,-33
111000190,512,94,418
111000191,439,146,293
111000192,373,191,182
111000193,283,119,164
111000194,138,345,-207
111000195,294,614,-320
111000196,194,67,127
111000197,1397,73,1324
111000198,934,44,890
111000199,778,479,299
111000200,1244,908,336
111000201,1689,66,1623
111000202,801,77,724
111000203,707,212,495
111000204,346,1780,-1434
111000213,387,214,173
111000214,1794,1097,697
111000215,1025,567,458
111000217,2245,453,1792
111000218,2910,989,1921
111000219,392,71,321
111000220,1185,592,593
111000221,192,94,98
111000224,0,199,-199
111000225,409,122,287
111000226,453,2,451
111000227,13,4,9
111000228,4,845,-841
111000229,17,2471,-2454
111000230,331,129,202
111000231,1685,218,1467
111000232,1561,2322,-761
111000233,3350,291,3059
111000234,338,660,-322
111000239,93,30,63
111000240,92,687,-595
111000241,54,137,-83
111000242,563,61,502
111000243,362,625,-263
111000244,2025,517,1508
111000245,987,896,91
111000246,1162,76,1086
111000247,1095,399,696
111000248,1082,170,912
111000249,648,158,490
111000250,213,25,188
111000251,265,55,210
111000253,60,11,49
111000255,137,5,132
111000257,139,2,137
111000260,195,471,-276
111000261,3420,93,3327
111000271,150,304,-154
111000273,2452,777,1675
111000274,1651,3401,-1750
111000275,159,7,152
111000276,556,489,67
111000277,428,172,256
111000278,451,121,330
111000291,1757,22078,-20321
111000298,809,193,616
111000299,1174,172,1002
111000300,83,304,-221
111000302,615,29,586
111000303,349,87,262
111000312,136,61,75
111000315,0,38,-38
111000320,428,197,231
111000321,616,248,368
111000322,1214,113,1101
111000323,521,116,405
111000324,254,95,159
111000325,68,17,51
111000326,390,226,164
111000327,534,280,254
111000328,533,688,-155
111000329,0,6,-6
111000330,388,5,383
111000331,64,1,63
111000332,364,540,-176
111000334,206,817,-611
111000335,2016,583,1433
111000337,4368,226,4142
111000338,293,34,259
111000339,1907,76,1831
111000340,130,2121,-1991
111000341,3482,2039,1443
111000342,54,691,-637
111000344,1940,322,1618
111000345,161,76,85
111000346,37,115,-78
111000347,341,16,325
111000350,224,91,133
111000351,155,815,-660
111000352,293,75,218
111000353,187,183,4
111000354,1007,134,873
111000355,876,471,405
111000358,181,391,-210
111000360,396,98,298
111000361,321,121,200
111000546,2134,591,1543
111000547,940,981,-41
111000548,536,171,365
111000549,550,150,400
111000550,29,1737,-1708
111000551,300,61,239
111000552,697,225,472
111000907,990,14,976
111000908,94,2,92
111000916,5287,499,4788
111000917,110,506,-396
111000918,248,217,31
111000920,1656,14,1642
111000921,0,43,-43
111000922,2074,104,1970
111000924,88,256,-168
111000925,6264,2947,3317
111000926,1755,3152,-1397
111000927,2194,6291,-4097
111000928,5374,2193,3181
111000929,2541,1413,1128
111000930,1840,6047,-4207
111000931,2504,929,1575
111000932,3437,1614,1823
111000933,2965,4062,-1097
111000934,1744,1160,584
111000935,4161,1071,3090
111000936,2575,875,1700
111000937,1657,1236,421
111000938,2666,1052,1614
111000939,1812,49,1763
111000940,2384,25,2359
111000941,726,339,387
111000943,1141,94,1047
111000944,472,146,326
111000945,640,2119,-1479
111001109,574,1490,-916
111001110,275,301,-26
111001111,514,27,487
111001112,147,35,112
111001113,1,311,-310
111001114,748,50,698
111001115,5,719,-714
111001116,3397,9603,-6206
111001117,264,4929,-4665
111001120,70,209,-139
111001121,468,106,362
111001122,441,62,379
111001123,629,72,557
111900001,100,28,72
111900002,230,113,117
111900003,7,140,-133
111900004,10,26,-16
111900006,75,65,10
111900007,773,3,770
111900008,827,1,826
111900009,645,12,633
111900010,35,173,-138
111900012,46,23,23
111900013,34,4,30
111900014,2064,11459,-9395
111900015,0,61,-61
111900016,0,25,-25
111900017,1,26,-25
111900018,263,21,242
111900019,2,114,-112
111900020,1,15,-14
111900021,4,19,-15
111900022,19,21,-2
111900023,50,22,28
111900024,4,481,-477
111900025,0,23,-23
111900026,1,21,-20
111900027,1,40,-39
111900028,0,74,-74
111900029,4,11,-7
111900030,29,187,-158
111900031,120,173,-53
111900032,2,69,-67
111900033,30,6,24
111900034,27,129,-102
111900035,104,1819,-1715
111900036,1,64,-63
111900038,58,136,-78
111900039,25,384,-359
111900040,1,79,-78
111900042,20,36,-16
111900043,1,119,-118
111900044,48,85,-37
111900046,11,52,-41
111900048,1003,970,33
111900049,4,69,-65
111900050,404,36,368
111900051,0,103,-103
111900052,99,64,35
111900053,441,4442,-4001
111900054,734,6,728
111900055,4,67,-63
111900056,76,457,-381
111900057,620,17,603
111900058,1840,377,1463
111900059,957,1358,-401
111900060,1125,1,1124
111900061,8,60,-52
111900062,116,514,-398
111900063,612,72,540
111900064,18,42,-24
111900065,355,75,280
111900066,261,70,191
111900067,4,104,-100
111900068,50,177,-127
111900069,152,26,126
111900070,442,24,418
111900071,0,41,-41
111900072,67,73,-6
111900073,2509,296,2213
111900074,3,88,-85
111900075,65,8,57
111900076,679,131,548
111900077,47,1,46
111900078,1060,93,967
111900079,66,76,-10
111900080,69,163,-94
111900081,219,144,75
111900082,428,71,357
111900083,651,66,585
111900084,310,34,276
111900085,73,89,-16
111900086,237,21,216
111900087,193,11,182
111900088,1705,56,1649
111900089,200,7,193
111900090,63,137,-74
111900091,1616,18,1598
111900092,314,0,314
111900093,1174,23,1151
111900094,293,0,293
111900095,846,43,803
111900096,556,2,554
111900097,255,0,255
111900098,1055,52,1003
111900099,132,0,132
111900100,208,8,200
111900101,361,7,354
111900102,1514,1324,190
111900103,73,87,-14
111900104,144,27,117
111900105,166,418,-252
111900106,299,25,274
111900107,4,44,-40
111900108,459,524,-65
111900109,688,1127,-439
111900110,3337,215,3122
111900111,835,12,823
111900112,172,8630,-8458
111900113,428,41,387
111900114,242,40,202
111900115,45,12,33
111900118,539,99,440
111900119,251,144,107
111900122,16,43,-27
111900123,1,16,-15
111900124,67,33,34
111900125,1457,146,1311
111900126,1412,3,1409
111900127,1,132,-131
111900128,51,150,-99
111900129,726,20,706
111900130,348,81,267
111900131,1399,0,1399
111900132,41,330,-289
111900133,4,192,-188
111900134,1,74,-73
111900135,16,15,1
111900136,17,65,-48
111900137,38,5,33
111900138,25,11,14
111900139,84,25,59
111900140,152,14,138
111900141,151,3,148
111900142,148,5,143
111900143,180,116,64
111900144,1,28,-27
111900145,0,160,-160
111900146,1,46,-45
111900147,13,267,-254
111900148,19,713,-694
111900149,20,154,-134
111900150,17,42,-25
111900151,2,22,-20
111900152,72,26,46
111900153,519,692,-173
111900154,32,1257,-1225
111900155,84,273,-189
111900156,151,43,108
111900157,275,18,257
111900158,1037,116,921
111900159,1051,156,895
111900160,839,16,823
111900161,805,6,799
111900162,152,613,-461
111900163,12,49,-37
111900164,95,43,52
111901113,2097,141,1956
111901114,774,2509,-1735
111901115,783,7,776
111901116,86,19,67
111901117,40,150,-110
111901118,21,1394,-1373
111901119,225,15,210
111901120,11,42,-31
111901121,30,69,-39
111901122,2,88,-86
111901123,985,70,915
111901124,618,27,591
111901125,2442,189,2253
111901126,386,161,225
111901127,2600,2872,-272
111901128,3,47,-44
111901129,8,55,-47
111901130,5,281,-276
111901131,0,100,-100
111901132,127,22,105
111901133,144,1,143
111901134,354,1,353
111901135,58,0,58
111901136,65,16,49
111901137,0,11,-11
111901138,11,17,-6
111901139,5,22,-17
111901140,5,44,-39
111901141,1,60,-59
111901142,0,29,-29
111901143,2,44,-42
111901144,48,22,26
111901145,24,335,-311
112000001,4278,838,3440
112000002,1072,2225,-1153
112000003,7169,1222,5947
112000004,2254,534,1720
112000005,5612,5390,222
112000006,753,517,236
112000007,7188,4688,2500
112000008,5424,5033,391
112000009,2766,973,1793
112000010,6298,5768,530
112000011,1654,816,838
112000012,4415,5108,-693
112000013,1434,2046,-612
112000014,821,3897,-3076
112000015,1092,3103,-2011
112000016,2849,4714,-1865
112000017,511,4709,-4198
112000024,524,162,362
112000026,2319,1012,1307
112000027,757,524,233
112000028,771,730,41
112000029,950,926,24
112000030,120,21,99
112000031,1233,4061,-2828
112000032,119,4,115
112000033,2211,4292,-2081
112000034,86,17,69
112000035,77,771,-694
112000036,134,1204,-1070
112000037,745,3376,-2631
112000038,1138,1813,-675
112000039,252,34,218
112000040,36,202,-166
112000041,454,359,95
112000042,555,76,479
112000050,1556,629,927
112000051,1430,4475,-3045
112000054,1330,1078,252
112000057,639,115,524
112000058,430,326,104
112000059,654,499,155
112000061,2633,439,2194
112000062,449,1238,-789
112000063,221,3822,-3601
112000064,2718,1866,852
112000065,794,938,-144
112000066,3014,1153,1861
112000067,506,400,106
112000068,3664,1918,1746
112000069,650,1873,-1223
112000070,1695,719,976
112000071,1542,1433,109
112000072,4350,656,3694
112000073,1415,1814,-399
112000074,1108,962,146
112000075,1637,1494,143
112000076,4224,2231,1993
112000077,1786,462,1324
112000078,3438,791,2647
112000079,3286,1253,2033
112000080,1401,639,762
112000081,1033,1062,-29
112000082,1838,386,1452
112000083,1538,596,942
112000084,1755,321,1434
112000085,2477,460,2017
112000086,3848,501,3347
112000087,1411,127,1284
112000088,1714,221,1493
112000089,420,245,175
112000090,256,236,20
112000091,887,270,617
112000092,3525,557,2968
112000093,2234,341,1893
112000094,938,371,567
112000095,1357,230,1127
112000096,1092,310,782
112000097,4720,450,4270
112000098,521,441,80
112000099,1154,2404,-1250
112000100,4644,721,3923
112000101,1012,534,478
112000102,3403,228,3175
112000103,680,333,347
112000105,549,418,131
112000106,4602,206,4396
112000107,131,128,3
112000108,1770,704,1066
112000109,143,56,87
112000110,3275,531,2744
112000111,618,1642,-1024
112000112,3255,249,3006
112000113,1451,2186,-735
112000114,4243,544,3699
112000115,553,232,321
112000116,1122,452,670
112000117,2031,407,1624
112000118,709,488,221
112000119,627,354,273
112000120,57,97,-40
112000121,532,167,365
112000122,895,78,817
112000123,1567,36,1531
112000124,952,85,867
112000125,528,312,216
112000126,1733,129,1604
112000127,2271,2303,-32
112000128,998,642,356
112000129,292,36,256
112000130,842,113,729
112000131,61,62,-1
112000132,336,104,232
112000133,918,72,846
112000134,1151,200,951
112000135,2046,1985,61
112000136,1200,6078,-4878
112000137,2438,4090,-1652
112000138,1665,1219,446
112000139,722,746,-24
112000140,234,391,-157
112000141,1879,393,1486
112000142,285,250,35
112000143,2457,229,2228
112000144,459,546,-87
112000145,4817,303,4514
112000146,1252,568,684
112000147,3054,1283,1771
112000148,1256,658,598
112000149,1809,458,1351
112000150,806,220,586
112000151,974,139,835
112000152,1213,201,1012
112000153,1088,101,987
112000154,378,677,-299
112000155,174,110,64
112000157,421,901,-480
112000158,494,107,387
112000159,2620,208,2412
112000167,555,280,275
112000169,114,988,-874
112000173,2707,142,2565
112000175,1286,293,993
112000176,706,1214,-508
112000177,2272,473,1799
112000178,115,141,-26
112000179,611,142,469
112000180,504,96,408
112000181,1249,419,830
112000182,3869,313,3556
112000183,107,15,92
112000184,1008,202,806
112000185,1908,175,1733
112000187,5868,4959,909
112000195,414,10,404
112000196,190,3,187
112000197,87,103,-16
112000198,25,206,-181
112000199,473,428,45
112000202,1968,43,1925
112000216,26,118,-92
112000230,321,4,317
112000231,2,47,-45
112000256,140,420,-280
112000313,193,39,154
112000314,115,62,53
112000337,281,606,-325
112000352,184,271,-87
112000392,1742,480,1262
112000398,3604,490,3114
112000399,919,5877,-4958
112000400,1618,748,870
112000401,1222,776,446
112000402,4728,5131,-403
112000403,1680,10040,-8360
112000404,2607,1292,1315
112000405,4704,2691,2013
112000406,3465,1387,2078
112000407,14537,7729,6808
112000408,6075,1439,4636
112000409,1870,1079,791
112000410,251,311,-60
112000411,1571,2129,-558
112000412,329,204,125
112000413,3756,10384,-6628
112000414,270,16,254
112000415,259,29,230
112000416,6624,699,5925
112000417,431,63,368
112000421,181,21,160
112000422,556,133,423
112000424,881,4873,-3992
112000425,687,237,450
112000426,511,479,32
112000427,0,12,-12
112000428,582,347,235
112000429,1963,1424,539
112000430,2402,3627,-1225
112000431,334,181,153
112000432,1239,373,866
112000433,181,397,-216
112000437,64,116,-52
112900001,81,1,80
112900002,1426,138,1288
112900003,47,51,-4
112900004,130,93,37
112900005,613,37,576
112900006,168,67,101
112900007,93,35,58
112900008,0,212,-212
112900009,686,278,408
112900010,724,158,566
112900011,113,148,-35
112900012,0,7,-7
112900013,16,356,-340
112900014,8,37,-29
112900015,50,128,-78
112900016,3,272,-269
112900017,141,163,-22
112900018,1,250,-249
112900019,33,148,-115
112900020,204,307,-103
112900021,3,98,-95
112900022,45,33,12
112900023,0,88,-88
112900024,30,32,-2
112900025,316,101,215
112900026,1,38,-37
112900027,0,171,-171
112900028,147,49,98
112900029,11,108,-97
112900030,484,51,433
112900031,3,330,-327
112900032,261,89,172
112900034,1,23,-22
112900035,0,98,-98
112900036,20,82,-62
112900037,93,196,-103
112900038,1578,34,1544
112900039,12,110,-98
112900040,1,288,-287
112900041,468,1029,-561
112900042,355,115,240
112900043,35,36,-1
112900044,98,133,-35
112900045,218,103,115
112900046,48,34,14
112900047,3,11,-8
112900049,797,15,782
112900050,10,280,-270
112900051,185,160,25
112900052,11,313,-302
112900053,107,336,-229
112900054,77,79,-2
112900055,67,19,48
112900056,287,138,149
112900057,94,158,-64
112900058,360,419,-59
112900059,121,154,-33
112900060,84,52,32
112900061,62,45,17
112900062,96,29,67
112900063,21,25,-4
112900064,47,43,4
112900065,24,14,10
112900066,401,692,-291
112900067,238,31,207
112900068,47,169,-122
112900069,931,1542,-611
112900071,34,8,26
112900072,55,8733,-8678
112900073,483,459,24
112900074,177,606,-429
112900075,595,2427,-1832
112900076,36,20,16
112900078,302,806,-504
112900079,327,191,136
112900080,492,9,483
112900081,33,686,-653
112900082,548,41,507
112900083,323,252,71
112900084,551,417,134
112900085,0,27,-27
112900086,259,0,259
112900087,3041,186,2855
112900088,538,9,529
112900089,1494,32,1462
112900090,184,145,39
112900091,718,12,706
112900092,36,1229,-1193
112900093,1549,30,1519
112900094,248,9,239
112900095,288,0,288
112900096,1108,251,857
112900097,191,140,51
112900098,274,2,272
112900099,2183,19,2164
112900100,220,10,210
112900101,711,12,699
112900102,107,85,22
112900103,396,11,385
112900104,91,0,91
112900105,64,0,64
112900106,751,151,600
112900107,8,2,6
112900108,6,1,5
112900109,355,4,351
112900110,2895,25,2870
112900111,1302,16,1286
112900112,648,0,648
112900113,0,6,-6
112900114,1073,9,1064
112900115,4689,15,4674
112900116,341,131,210
112900117,128,20,108
112900118,1,28,-27
112900119,823,5,818
112900120,422,236,186
112900121,59,43,16
112900122,4,59,-55
112900123,1150,25,1125
112900124,11,38,-27
112900125,25,316,-291
112900126,56,65,-9
112900127,1054,32,1022
112900128,40,261,-221
112900129,2,262,-260
112900130,262,114,148
112900131,12,253,-241
112900132,73,770,-697
112900133,25,2231,-2206
112900134,0,214,-214
112900135,100,80,20
112900136,0,16,-16
112900137,0,196,-196
112900138,1,78,-77
112900139,47,409,-362
112900140,0,70,-70
112900141,1220,18,1202
112900142,23,457,-434
112900143,4,161,-157
112900144,0,134,-134
112900145,1,119,-118
112900146,1,161,-160
112900147,1,243,-242
112900148,21,1,20
112900149,350,170,180
112900151,2,23,-21
112900152,2885,277,2608
112900153,728,6879,-6151
112900154,0,30,-30
112900155,220,28,192
112900156,1379,241,1138
112900157,895,7,888
112900158,116,1,115
112900159,207,311,-104
112900160,19,90,-71
112900161,359,31,328
112900162,7,25,-18
112900163,11,72,-61
112900164,14,109,-95
112900165,51,32,19
112900166,24,133,-109
112900167,7,1581,-1574
112900168,2,3,-1
112900169,4,12,-8
112900170,169,32,137
112900172,29,35,-6
112900173,94,87,7
112900174,719,27,692
112900175,204,251,-47
112900176,44,75,-31
112900177,275,57,218
112900178,480,4267,-3787
112900179,7,382,-375
112900180,2851,798,2053
112900181,1861,3,1858
112900182,65,313,-248
112900183,26,173,-147
112900184,162,237,-75
112900185,31,352,-321
112900186,663,699,-36
112900187,60,259,-199
112900188,427,1531,-1104
112900189,20,1,19
112900190,20,3,17
112900192,597,418,179
112900193,872,225,647
112900194,100,6,94
112900195,957,55,902
112900196,300,233,67
112900197,87,261,-174
112900199,1328,101,1227
112900200,951,58,893
112900201,239,223,16
112900202,1311,308,1003
112900203,611,72,539
112900204,722,118,604
112900205,33,0,33
112900206,39,30,9
112900207,16,0,16
112900208,70,715,-645
112900209,77,99,-22
112900210,0,21,-21
112900211,133,8,125
112900212,0,8,-8
112900213,75,0,75
112900214,9,25,-16
112900215,10,17,-7
112900216,43,21,22
112900217,5,10,-5
112900218,121,12,109
112900219,199,3,196
112900220,1,0,1
112900221,52,60,-8
112900222,3,959,-956
112900223,1174,39,1135
112900224,1875,119,1756
112900225,1031,131,900
112900226,87,240,-153
112900227,2098,2520,-422
112900228,135,33,102
112900229,684,18,666
112900230,6506,2765,3741
112900232,551,411,140
112900233,118,34,84
112900234,124,0,124
112900235,4,6,-2
112900236,1474,17,1457
112900237,1016,80,936
112900238,17,2,15
112900239,183,1177,-994
113000001,7078,4252,2826
113000002,7130,3247,3883
113000003,2103,1426,677
113000004,2851,1603,1248
113000005,2713,1172,1541
113000006,2154,1277,877
113000007,3115,1126,1989
113000008,3102,1077,2025
113000009,1879,704,1175
113000010,2564,715,1849
113000011,921,906,15
113000012,1629,904,725
113000013,495,509,-14
113000014,746,1188,-442
113000015,155,200,-45
113000016,232,528,-296
113000017,150,349,-199
113000018,733,38,695
113000019,357,540,-183
113000020,299,12,287
113000021,3306,665,2641
113000022,1435,2267,-832
113000025,35,202,-167
113000026,1265,480,785
113000027,966,727,239
113000028,778,1267,-489
113000029,544,368,176
113000030,71,517,-446
113000031,166,194,-28
113000032,147,70,77
113000033,212,107,105
113000034,143,70,73
113000035,28,12,16
113000036,16,45,-29
113000037,42,14,28
113000038,11,61,-50
113000039,9,192,-183
113000040,52,17,35
113000042,1064,532,532
113000051,2321,3127,-806
113000052,3085,363,2722
113000053,1061,262,799
113000054,1298,937,361
113000055,3295,301,2994
113000056,3201,823,2378
113000058,475,806,-331
113000059,887,250,637
113000060,470,524,-54
113000061,927,865,62
113000062,415,365,50
113000063,693,33,660
113000064,191,168,23
113000065,351,250,101
113000066,1771,146,1625
113000067,6243,390,5853
113000068,651,352,299
113000069,1061,289,772
113000070,5249,404,4845
113000071,1008,376,632
113000072,2244,322,1922
113000073,630,779,-149
113000074,1328,550,778
113000075,2436,729,1707
113000076,544,1627,-1083
113000077,521,456,65
113000078,333,1367,-1034
113000079,306,457,-151
113000080,428,677,-249
113000081,1550,2312,-762
113000082,981,489,492
113000083,804,942,-138
113000084,1458,1087,371
113000085,1391,712,679
113000086,759,2273,-1514
113000087,1751,2024,-273
113000088,1798,1434,364
113000089,897,1303,-406
113000090,61,927,-866
113000091,128,223,-95
113000094,2119,211,1908
113000095,287,403,-116
113000096,78,613,-535
113000097,1385,588,797
113000098,108,113,-5
113000099,1367,820,547
113000100,161,467,-306
113000101,118,382,-264
113000102,845,499,346
113000103,3681,325,3356
113000104,970,3003,-2033
113000105,1596,482,1114
113000106,747,185,562
113000107,1899,973,926
113000108,1239,447,792
113000109,529,1022,-493
113000110,7366,735,6631
113000111,362,459,-97
113000112,1043,310,733
113000113,2316,317,1999
113000114,135,829,-694
113000116,523,185,338
113000117,589,158,431
113000118,40,945,-905
113000119,426,370,56
113000120,68,423,-355
113000121,453,947,-494
113000124,259,112,147
113000125,22,1568,-1546
113000127,802,77,725
113000128,1417,220,1197
113000129,280,1073,-793
113000133,2030,348,1682
113000134,13,2308,-2295
113000135,4970,4273,697
113000137,859,3216,-2357
113000139,251,140,111
113000140,74,52,22
113000141,101,43,58
113000142,222,192,30
113000143,445,77,368
113000144,167,181,-14
113000145,189,58,131
113000146,170,14,156
113000147,265,42,223
113000148,415,56,359
113000149,276,200,76
113000150,586,169,417
113000151,32,21,11
113000152,47,249,-202
113000153,950,227,723
113000154,363,2163,-1800
113000155,382,874,-492
113000156,295,110,185
113000157,416,125,291
113000158,772,41,731
113000159,1423,121,1302
113000160,659,251,408
113000161,467,115,352
113000162,1214,106,1108
113000163,125,11,114
113000164,6,212,-206
113000166,485,24,461
113000167,119,32,87
113000168,279,60,219
113000169,304,8,296
113000170,119,31,88
113000171,85,49,36
113000172,442,23,419
113000173,90,30,60
113000174,230,108,122
113000175,952,43,909
113000176,981,44,937
113000177,262,66,196
113000178,267,75,192
113000179,467,39,428
113000180,1266,1575,-309
113000181,2191,853,1338
113000182,111,705,-594
113000183,174,844,-670
113000184,3,113,-110
113000189,329,280,49
113000190,226,162,64
113000192,519,2973,-2454
113000193,1480,2054,-574
113000194,1078,5157,-4079
113000195,1915,2575,-660
113000196,884,95,789
113000197,1986,3957,-1971
113000198,119,371,-252
113000199,2763,615,2148
113000201,1202,342,860
113000202,8887,2695,6192
113000203,143,487,-344
113000204,471,3253,-2782
113000205,16,1,15
113000206,4,20,-16
113000207,141,19,122
113000208,53,50,3
113000209,11,7,4
113000210,19,20,-1
113000211,53,107,-54
113000212,9,3,6
113000213,17,101,-84
113000214,295,320,-25
113000234,255,224,31
113000410,21,172,-151
113000411,1174,1225,-51
113000412,5994,870,5124
113000413,1009,1214,-205
113000414,3400,13579,-10179
113000415,2117,1003,1114
113000416,1739,1920,-181
113000417,701,1124,-423
113000418,4610,3298,1312
113000419,1546,1393,153
113000420,2891,5632,-2741
113000421,5125,6618,-1493
113000422,7590,9387,-1797
113000423,1035,3071,-2036
113000424,1425,8860,-7435
113000425,4,106,-102
113000428,85,14,71
113000430,10,126,-116
113000432,5079,334,4745
113000433,45,432,-387
113000434,30,89,-59
113000435,20,104,-84
113000436,23,537,-514
113000437,3111,37,3074
113000438,1023,6,1017
113000439,27,25,2
113000440,270,20,250
113000441,314,142,172
113000442,359,24,335
113000443,575,111,464
113000444,1021,42,979
113000445,69,70,-1
113000446,41,186,-145
113000448,337,561,-224
113000449,120,1288,-1168
113000450,763,4736,-3973
113000451,2699,732,1967
113000452,29,722,-693
113000453,11,564,-553
113000454,199,66,133
113000455,4,728,-724
113000456,754,1727,-973
113000468,700,131,569
113000469,118,296,-178
113000470,438,14,424
113000471,7,482,-475
113000472,88,213,-125
113000474,1822,750,1072
113000475,1489,769,720
113000476,3990,2409,1581
113000477,5681,2678,3003
113000478,2968,2877,91
113000479,239,109,130
113000480,210,235,-25
113000481,0,0,0
113000482,0,0,0
113000483,0,0,0
113000484,0,0,0
113000485,0,0,0
113000486,0,0,0
113000487,0,0,0
113000488,0,0,0
113000489,0,0,0
113000490,0,0,0
113000491,0,0,0
113000492,0,0,0
113000493,0,0,0
113000495,271,52,219
113000496,114,141,-27
113000500,0,0,0
113900001,10,1863,-1853
113900002,8,108,-100
113900003,2,141,-139
113900004,0,260,-260
113900005,5,602,-597
113900006,1,158,-157
113900007,35,148,-113
113900008,23,1,22
113900009,34,0,34
113900010,28,0,28
113900011,373,1,372
113900012,191,1,190
113900013,92,2,90
113900014,1269,5,1264
113900015,0,8,-8
113900016,42,0,42
113900017,0,9,-9
113900018,69,175,-106
113900019,365,8,357
113900020,580,5,575
113900022,137,2,135
113900023,88,0,88
113900024,13,10,3
113900025,534,59,475
113900026,231,0,231
113900027,124,32,92
113900028,9,216,-207
113900029,143,28,115
113900030,876,1,875
113900031,62,14,48
113900032,65,0,65
113900033,32,13,19
113900035,133,0,133
113900036,82,91,-9
113900037,162,1364,-1202
113900038,11,249,-238
113900039,587,38,549
113900040,8,20,-12
113900041,72,2,70
113900042,102,23,79
113900043,137,35,102
113900044,82,207,-125
113900045,130,5,125
113900046,174,453,-279
113900047,270,12,258
113900048,204,146,58
113900049,90,541,-451
113900050,329,220,109
113900051,392,38,354
113900052,53,164,-111
113900053,481,1288,-807
113900054,27,1,26
113900055,126,383,-257
113900056,153,16,137
113900057,5,32,-27
113900058,176,18,158
113900059,326,66,260
113900060,65,1878,-1813
113900061,513,124,389
113900062,186,59,127
113900063,251,10,241
113900064,27,29,-2
113900065,882,21,861
113900066,1349,55,1294
113900067,633,215,418
113900068,324,1344,-1020
113900069,32,73,-41
113900070,69,108,-39
113900071,214,16,198
113900072,53,34,19
113900073,875,185,690
113900074,598,759,-161
113900075,427,3010,-2583
113900076,158,1,157
113900077,66,48,18
113900078,92,19,73
113900079,1,12,-11
113900080,652,114,538
113900081,165,49,116
113900082,354,292,62
113900083,1052,109,943
113900084,205,52,153
113900085,16,122,-106
113900086,112,33,79
113900087,208,190,18
113900088,139,72,67
113900089,599,18,581
113900090,428,219,209
113900091,1,13,-12
113900092,33,107,-74
113900093,30,2293,-2263
113900094,1170,205,965
113900095,223,69,154
113900096,529,191,338
113900097,20,92,-72
113900098,1024,306,718
113900099,0,10,-10
113900100,0,0,0
113900101,2,67,-65
113900102,72,114,-42
113900103,265,401,-136
113900104,135,85,50
113900105,512,16,496
113900106,0,8,-8
113900107,0,2,-2
113900108,45,240,-195
113900109,297,347,-50
113900110,43,52,-9
113900111,381,44,337
113900112,334,41,293
113900113,1300,497,803
113900114,3,18,-15
113900115,0,4,-4
113900116,7,209,-202
113900117,26,16,10
113900118,115,1543,-1428
113900119,23,206,-183
113900120,170,30,140
113900121,256,47,209
113900122,151,5718,-5567
113900123,543,72,471
113900124,1,49,-48
113900125,570,93,477
113900126,61,53,8
113900127,340,850,-510
113900128,408,74,334
113900129,0,66,-66
113900130,0,46,-46
113900131,297,9,288
113900132,16,81,-65
113900133,22,18,4
113900135,374,152,222
113900136,110,16,94
113900137,391,168,223
113900138,23,233,-210
113900139,517,350,167
113900140,27,125,-98
113900141,981,175,806
113900142,142,42,100
113900143,10,67,-57
113900144,47,82,-35
113900145,376,51,325
113900146,380,174,206
113900148,18,77,-59
113900149,207,165,42
113900150,418,119,299
113900151,707,87,620
113900152,38,53,-15
113900153,93,99,-6
113900154,1,112,-111
113900155,160,219,-59
113900156,230,220,10
113900157,66,378,-312
113900158,129,116,13
113900159,2,352,-350
113900160,334,864,-530
113900161,151,283,-132
113900162,148,158,-10
113900163,440,57,383
113900164,649,14,635
113900165,414,337,77
113900166,12,65,-53
113900167,589,32,557
113900168,49,27,22
113900169,159,163,-4
113900171,325,72,253
113900172,48,40,8
113900173,5,137,-132
113900174,306,241,65
113900175,303,229,74
113900176,299,164,135
113900177,134,29,105
113900178,231,374,-143
113900179,8,138,-130
113900180,105,20,85
113900181,1537,237,1300
113900182,924,234,690
113900183,104,17,87
113900184,38,209,-171
113900185,68,16,52
113900186,9,16,-7
113900187,32,59,-27
113900188,7,30,-23
113900189,332,176,156
113900190,109,19,90
113900191,34,26,8
113900192,1,1051,-1050
113900193,3,69,-66
113900194,640,289,351
113900195,128,119,9
113900196,1,30,-29
113900197,1,61,-60
113900198,4,181,-177
113900199,15,175,-160
113900200,2,51,-49
113900201,0,46,-46
113900202,11,33,-22
113900203,1,49,-48
113900204,12,154,-142
113900205,0,31,-31
113900206,2,55,-53
113900207,0,41,-41
113900208,0,7,-7
113900209,1,13,-12
113900210,535,872,-337
113900211,213,30,183
113900212,577,163,414
113900214,169,193,-24
113900215,196,37,159
113900216,258,237,21
113900217,227,99,128
113900218,128,73,55
113900219,94,172,-78
113900220,220,197,23
113900221,454,872,-418
113900222,33,704,-671
113900223,423,134,289
113900224,39,22,17
113900225,1679,111,1568
113900226,372,163,209
113900227,299,482,-183
113900228,380,616,-236
113900229,18,1382,-1364
113900230,2236,3632,-1396
113900231,134,34,100
113900232,107,5,102
113900233,181,28,153
113900234,524,460,64
113900235,199,49,150
113900236,654,85,569
113900237,404,17,387
113900238,59,365,-306
113900239,81,89,-8
113900240,13,126,-113
113900241,35,24,11
113900242,37,67,-30
113900243,10,107,-97
113900244,140,64,76
113900245,333,173,160
113900246,4,42,-38
113900247,29,695,-666
113900248,1599,2362,-763
113900249,203,811,-608
113900250,67,676,-609
113900251,1668,55,1613
113900252,1114,37,1077
113900253,855,25,830
113900254,408,162,246
113900255,1589,12,1577
113900256,729,10,719
113900257,26,177,-151
113900258,51,146,-95
113900259,1164,105,1059
113900260,408,9,399
113900261,39,54,-15
113900262,213,115,98
113900263,7,99,-92
113900264,0,122,-122
113900265,115,2666,-2551
113900266,12,87,-75
113900267,121,361,-240
113900268,93,2543,-2450
113900269,64,202,-138
113900270,205,272,-67
113900271,927,208,719
113900273,20,7,13
113900274,62,69,-7
113900275,11,42,-31
113900276,1,74,-73
113900277,531,6,525
113900278,267,131,136
113900279,41,43,-2
113900280,600,448,152
113900281,130,935,-805
113900282,142,208,-66
113900283,487,464,23
113900284,2019,87,1932
113900285,128,16,112
113900286,275,46,229
113900287,169,33,136
113900288,0,73,-73
113900289,225,177,48
113900290,353,731,-378
113900291,122,51,71
113900292,3,19,-16
113900293,0,205,-205
113900294,1213,10,1203
113900295,385,86,299
113900296,691,224,467
113900297,3100,51,3049
113900298,25,1941,-1916
113900299,225,11,214
113900300,5169,5673,-504
113900301,257,1259,-1002
113900302,2100,1413,687
113900303,99,1497,-1398
113900304,0,89,-89
113900305,331,0,331
113900306,225,2,223
113900307,7,0,7
113900308,18,54,-36
113900309,1,216,-215
113900310,1,2,-1
113900311,20,0,20
113900312,48,186,-138
113900313,2,0,2
114000001,1140,879,261
114000002,641,219,422
114000003,329,189,140
114000004,1243,275,968
114000005,1103,180,923
114000006,1650,627,1023
114000007,1567,552,1015
114000008,2723,1440,1283
114000009,2613,215,2398
114000011,4451,1423,3028
114000012,6648,2026,4622
114000013,3654,2055,1599
114000014,1487,72,1415
114000015,4068,271,3797
114000016,873,70,803
114000017,117,1587,-1470
114000018,92,9,83
114000026,5980,1083,4897
114000027,8367,3271,5096
114000028,2346,3531,-1185
114000038,714,134,580
114000039,225,7,218
114000040,240,636,-396
114000042,238,104,134
114000043,39,50,-11
114000044,885,14,871
114000045,70,34,36
114000046,2094,4178,-2084
114000047,14,112,-98
114000048,240,16,224
114000049,3434,1084,2350
114000050,2756,817,1939
114000051,4568,1790,2778
114000052,4334,5102,-768
114000053,48,972,-924
114000054,310,1023,-713
114000055,641,273,368
114000056,149,484,-335
114000057,3759,1213,2546
114000058,75,1042,-967
114000059,48,2287,-2239
114000060,1113,651,462
114000061,3124,2688,436
114000062,567,866,-299
114000063,1697,1355,342
114000064,2076,4583,-2507
114000065,1482,1203,279
114000066,1390,710,680
114000067,53,2182,-2129
114000068,459,1075,-616
114000069,2027,319,1708
114000070,2366,1029,1337
114000071,1547,246,1301
114000072,2301,583,1718
114000073,19,6,13
114000074,172,8,164
114000075,150,59,91
114000076,71,24,47
114000077,14,6,8
114000078,939,819,120
114000079,560,259,301
114000080,325,109,216
114000081,173,76,97
114000082,374,138,236
114000083,87,76,11
114000084,369,148,221
114000085,140,146,-6
114000086,465,548,-83
114000087,651,68,583
114000088,117,24,93
114000089,635,310,325
114000090,1060,922,138
114000091,1015,713,302
114000092,891,415,476
114000093,2235,485,1750
114000094,907,390,517
114000095,452,343,109
114000096,88,131,-43
114000097,182,181,1
114000098,1439,115,1324
114000099,1938,104,1834
114000100,3521,365,3156
114000101,1128,246,882
114000102,1818,244,1574
114000103,364,102,262
114000104,22,381,-359
114000105,532,185,347
114000106,837,4110,-3273
114000107,861,211,650
114000108,723,487,236
114000109,1135,3501,-2366
114000110,2162,419,1743
114000111,4448,1844,2604
114000112,842,518,324
114000113,1867,213,1654
114000114,489,407,82
114000115,2724,483,2241
114000116,1267,2015,-748
114000117,7727,673,7054
114000118,7336,374,6962
114000119,5992,465,5527
114000120,1724,520,1204
114000121,683,363,320
114000122,620,342,278
114000123,4988,376,4612
114000124,3207,268,2939
114000125,1403,1439,-36
114000126,3394,465,2929
114000127,375,118,257
114000128,1763,188,1575
114000130,925,499,426
114000131,743,83,660
114000132,1840,210,1630
114000133,1190,637,553
114000134,243,18,225
114000138,77,70,7
114000139,708,461,247
114000144,898,1104,-206
114000145,217,7,210
114000146,464,21,443
114000147,1371,3139,-1768
114000148,770,2608,-1838
114000149,447,308,139
114000150,365,552,-187
114000151,443,2691,-2248
114000152,100,72,28
114000153,840,1591,-751
114000154,1191,389,802
114000155,943,5881,-4938
114000156,921,716,205
114000157,671,2422,-1751
114000158,576,356,220
114000159,497,166,331
114000160,246,171,75
114000161,1005,1274,-269
114000162,1264,2164,-900
114000163,92,27,65
114000165,460,453,7
114000166,557,260,297
114000167,2493,3678,-1185
114000168,397,166,231
114000169,1103,1182,-79
114000170,1097,925,172
114000171,1372,6843,-5471
114000174,190,716,-526
114000176,169,384,-215
114000177,626,243,383
114000178,251,192,59
114000179,1159,542,617
114000180,169,172,-3
114000181,1361,10586,-9225
114000182,1149,2699,-1550
114000183,716,1656,-940
114000184,437,386,51
114000185,2471,811,1660
114000189,3238,116,3122
114000190,6174,509,5665
114000191,275,937,-662
114000192,92,398,-306
114000193,119,529,-410
114000194,4111,600,3511
114000195,627,737,-110
114000196,4,78,-74
114000197,3896,43,3853
114000198,1054,207,847
114000199,1410,1335,75
114000200,1377,736,641
114000201,332,849,-517
114000202,1328,499,829
114000203,1071,417,654
114000204,326,334,-8
114000205,763,5515,-4752
114000206,1477,942,535
114000207,504,717,-213
114000208,1058,553,505
114000209,605,866,-261
114000210,313,521,-208
114000211,3138,866,2272
114000212,1607,3089,-1482
114000213,3207,453,2754
114000214,303,33,270
114000215,279,87,192
114000216,3332,511,2821
114000217,816,181,635
114000218,1083,439,644
114000219,3125,147,2978
114000220,48,433,-385
114000221,2439,186,2253
114000222,222,358,-136
114000223,1263,142,1121
114000224,86,367,-281
114000225,811,217,594
114000226,411,125,286
114000227,1464,809,655
114000228,1792,296,1496
114000229,2706,816,1890
114000230,2413,533,1880
114000231,1252,1750,-498
114000232,1936,128,1808
114000233,4238,79,4159
114000234,1942,506,1436
114000235,3055,796,2259
114000236,1,178,-177
114000237,111,341,-230
114000238,139,473,-334
114000239,235,730,-495
114000240,1356,6397,-5041
114000241,363,867,-504
114000242,849,1375,-526
114000243,3722,1234,2488
114000244,704,491,213
114000245,669,2564,-1895
114000246,157,395,-238
114000247,662,505,157
114000248,2788,563,2225
114000249,1136,281,855
114000250,1683,180,1503
114000251,516,126,390
114000252,113,27,86
114000253,317,102,215
114000254,122,12,110
114000255,675,284,391
114000256,510,764,-254
114000257,1401,1024,377
114000258,1348,373,975
114000259,352,701,-349
114000260,0,74,-74
114000261,62,32,30
114000262,739,680,59
114000263,11,0,11
114000264,3617,276,3341
114000265,0,1,-1
114000267,6,5529,-5523
114000268,2,452,-450
114000270,585,18,567
114000271,305,94,211
114000283,3246,321,2925
114000285,54,72,-18
114000288,297,310,-13
114000289,3102,152,2950
114000293,545,668,-123
114000294,302,551,-249
114000395,5238,41,5197
114000396,770,569,201
114000402,1729,154,1575
114000403,904,154,750
114000405,652,215,437
114000423,1406,94,1312
114000424,1070,248,822
114000425,2842,106,2736
114000426,595,1137,-542
114000427,113,58,55
114000428,75,111,-36
114000429,33,124,-91
114000432,301,27,274
114000434,68,21,47
114000435,3,24,-21
114000436,1622,196,1426
114000437,2049,19253,-17204
114900001,1343,184,1159
114900002,476,1058,-582
114900003,1242,208,1034
114900004,284,1159,-875
114900005,713,98,615
114900006,121,268,-147
114900007,308,9,299
114900008,563,116,447
114900010,1084,2471,-1387
114900011,753,67,686
114900013,725,81,644
114900015,64,1128,-1064
114900018,1415,44,1371
114900020,138,77,61
114900022,6,921,-915
114900024,195,133,62
114900025,909,67,842
114900026,155,162,-7
114900027,204,140,64
114900029,21,7,14
114900030,533,174,359
114900031,1283,11,1272
114900032,1183,7,1176
114900033,375,2991,-2616
114900034,41,38,3
114900035,129,128,1
114900036,368,189,179
114900037,228,41,187
114900038,531,290,241
114900039,1391,108,1283
114900040,276,16,260
114900041,2706,116,2590
114900042,2767,230,2537
114900043,618,96,522
114900044,261,72,189
114900046,52,24,28
114900047,318,6582,-6264
114900048,60,63,-3
114900049,5,63,-58
114900050,43,81,-38
114900051,16,275,-259
114900052,14,1737,-1723
114900053,65,638,-573
114900054,46,17,29
114900057,350,9,341
114900058,0,17,-17
114900059,204,64,140
114900060,193,453,-260
114900061,192,25,167
114900062,230,178,52
114900063,185,34,151
114900064,3394,139,3255
114900065,366,988,-622
114900067,47,246,-199
114900068,27,65,-38
114900069,406,18,388
114900070,922,123,799
114900072,0,101,-101
114900073,1,26,-25
114900074,2307,119,2188
114900075,709,8,701
114900076,0,116,-116
114900080,512,70,442
114900082,1481,3517,-2036
114900083,211,745,-534
114900090,1175,134,1041
114900091,224,106,118
114900095,136,27,109
114900096,80,222,-142
114900097,812,1,811
114900098,2,136,-134
114900099,391,14,377
115000001,4731,1727,3004
115000002,5364,8503,-3139
115000003,5147,1458,3689
115000004,7207,7069,138
115000005,2114,2241,-127
115000006,2082,1138,944
115000007,195,158,37
115000008,513,801,-288
115000009,444,360,84
115000010,262,298,-36
115000013,27,193,-166
115000015,41,293,-252
115000016,147,244,-97
115000019,48,833,-785
115000020,229,1701,-1472
115000021,57,383,-326
115000022,190,132,58
115000023,371,767,-396
115000024,516,109,407
115000025,1163,616,547
115000026,275,147,128
115000027,530,340,190
115000028,363,185,178
115000029,1622,118,1504
115000030,870,388,482
115000031,842,238,604
115000032,13,399,-386
115000033,265,10,255
115000034,32,1651,-1619
115000035,1006,193,813
115000036,0,217,-217
115000037,1128,111,1017
115000038,85,128,-43
115000039,2024,6511,-4487
115000040,4243,3397,846
115000041,1464,8401,-6937
115000042,610,774,-164
115000043,3668,3504,164
115000044,3051,2829,222
115000045,4309,583,3726
115000046,4362,2162,2200
115000047,4093,1207,2886
115000048,4171,1912,2259
115000049,2396,3253,-857
115000050,4353,824,3529
115000051,2235,6862,-4627
115000052,1304,900,404
115000053,3652,3553,99
115000054,1039,924,115
115000055,258,1331,-1073
115000056,200,283,-83
115000057,601,1365,-764
115000058,69,716,-647
115000059,76,348,-272
115000061,208,339,-131
115000062,444,607,-163
115000063,936,212,724
115000064,582,91,491
115000065,196,658,-462
115000067,443,10,433
115000069,89,504,-415
115000070,36,1554,-1518
115000071,187,52,135
115000072,16,43,-27
115000073,2688,168,2520
115000075,156,77,79
115000076,2791,1254,1537
115000077,3726,1039,2687
115000078,3725,755,2970
115000079,3051,1464,1587
115000080,6841,1239,5602
115000081,265,350,-85
115000082,8626,5535,3091
115000083,4429,675,3754
115000084,4759,513,4246
115000085,2551,423,2128
115000086,2118,334,1784
115000087,767,1940,-1173
115000088,1741,409,1332
115000089,1747,956,791
115000090,643,963,-320
115000091,478,264,214
115000092,1204,1560,-356
115000093,1743,2,1741
115000094,5486,13738,-8252
115000095,3430,11838,-8408
115000096,1954,590,1364
115000097,3531,2315,1216
115000098,3213,336,2877
115000099,4744,889,3855
115000100,3020,476,2544
115000101,1022,569,453
115000102,817,140,677
115000103,506,287,219
115000105,158,38,120
115000106,1517,713,804
115000107,199,166,33
115000108,1746,1290,456
115000109,3729,7438,-3709
115000110,1271,3141,-1870
115000111,281,495,-214
115000112,717,709,8
115000113,460,412,48
115000114,765,394,371
115000116,2591,2205,386
115000117,1595,2705,-1110
115000118,2543,3416,-873
115000119,1785,4856,-3071
115000120,661,843,-182
115000121,538,849,-311
115000122,557,1991,-1434
115000123,1328,1189,139
115000124,1105,1186,-81
115000125,540,767,-227
115000126,104,301,-197
115000127,561,103,458
115000128,867,881,-14
115000129,153,1081,-928
115000130,598,542,56
115000131,1609,316,1293
115000132,1057,1382,-325
115000133,1717,1309,408
115000134,517,1468,-951
115000135,241,967,-726
115000136,362,215,147
115000137,53,406,-353
115000138,666,280,386
115000139,238,110,128
115000140,571,152,419
115000141,271,55,216
115000142,219,42,177
115000143,1381,564,817
115000144,724,79,645
115000145,383,104,279
115000146,651,822,-171
115000147,560,1424,-864
115000148,718,386,332
115000149,1122,273,849
115000150,1312,226,1086
115000151,2169,204,1965
115000152,2199,444,1755
115000153,2819,301,2518
115000154,1927,170,1757
115000155,1532,679,853
115000156,1028,560,468
115000157,603,580,23
115000158,339,262,77
115000159,536,352,184
115000160,447,538,-91
115000161,1015,836,179
115000162,523,1609,-1086
115000163,453,284,169
115000164,285,342,-57
115000165,201,534,-333
115000167,171,93,78
115000168,652,595,57
115000169,435,790,-355
115000170,44,169,-125
115000171,332,443,-111
115000172,735,602,133
115000173,350,1904,-1554
115000174,91,511,-420
115000175,137,172,-35
115000176,57,145,-88
115000177,61,290,-229
115000178,8,156,-148
115000179,15,210,-195
115000180,285,210,75
115000181,1850,181,1669
115000182,2282,223,2059
115000183,774,413,361
115000186,752,134,618
115000187,277,194,83
115000188,637,347,290
115000189,396,706,-310
115000190,749,1182,-433
115000191,319,1077,-758
115000194,141,67,74
115000195,219,442,-223
115000196,641,590,51
115000197,613,373,240
115000198,1088,248,840
115000199,1362,69,1293
115000200,907,131,776
115000201,531,603,-72
115000206,1034,45,989
115000207,1107,282,825
115000208,433,869,-436
115000209,1215,790,425
115000210,454,266,188
115000211,327,218,109
115000212,916,230,686
115000224,378,20,358
115000225,118,37,81
115000229,184,71,113
115000230,177,324,-147
115000231,711,497,214
115000232,5327,428,4899
115000233,206,127,79
115000234,40,168,-128
115000241,225,49,176
115000242,508,23,485
115000243,471,44,427
115000244,6,140,-134
115000246,29,31,-2
115000247,19,52,-33
115000248,19,3,16
115000249,12,47,-35
115000250,439,10,429
115000251,608,55,553
115000252,192,266,-74
115000253,13,820,-807
115000258,753,46,707
115000259,289,34,255
115000261,64,8,56
115000262,26,71,-45
115000263,32,50,-18
115000264,24,13,11
115000267,36,24,12
115000268,21,36,-15
115000269,101,16,85
115000270,33,108,-75
115000272,187,77,110
115000273,1226,19,1207
115000280,1005,431,574
115000281,236,991,-755
115000282,665,2432,-1767
115000284,124,266,-142
115000296,432,7,425
115000297,90,341,-251
115000298,78,726,-648
115000300,412,108,304
115000302,1261,294,967
115000303,1904,63,1841
115000304,1864,156,1708
115000305,238,216,22
115000306,543,239,304
115000307,510,559,-49
115000308,9,43,-34
115000309,11,161,-150
115000310,4224,196,4028
115000311,2553,660,1893
115000313,382,118,264
115000314,909,473,436
115000315,280,1365,-1085
115000316,114,244,-130
115000317,363,388,-25
115000318,1799,466,1333
115000319,282,66,216
115000320,43,654,-611
115000321,884,11,873
115000322,171,63,108
115000449,182,255,-73
115000557,16,4346,-4330
115000558,134,130,4
115000587,1527,248,1279
115000588,2017,2567,-550
115000589,6137,3093,3044
115000590,846,2613,-1767
115000591,2117,1108,1009
115000592,562,1261,-699
115000593,2377,751,1626
115000594,281,1711,-1430
115000609,237,58,179
115000617,436,4138,-3702
115000624,687,26,661
115000633,531,1712,-1181
115000634,4155,773,3382
115000635,1134,82,1052
115000638,182,346,-164
115000641,75,486,-411
115000642,649,175,474
115000643,324,149,175
115000644,282,216,66
115000646,651,2127,-1476
115000647,379,439,-60
115000648,5669,500,5169
115000893,1568,788,780
115000894,223,569,-346
115000895,387,556,-169
115000896,1359,369,990
115000897,585,89,496
115000898,767,343,424
115000899,269,1224,-955
115000900,110,326,-216
115000901,74,175,-101
115000912,922,122,800
115000913,7,14,-7
115000915,15,0,15
115000916,2,0,2
115000917,0,63,-63
115000918,105,2326,-2221
115000919,42,90,-48
115000920,28,54,-26
115000921,584,107,477
115000922,257,645,-388
115000923,45,1084,-1039
115000925,310,257,53
115000927,40,127,-87
115000933,35,160,-125
115000934,76,200,-124
115000935,214,24,190
115900001,524,9,515
115900002,63,25,38
115900003,413,84,329
115900004,2,12,-10
115900005,552,31,521
115900006,430,121,309
115900008,304,3,301
115900009,102,50,52
115900010,1242,89,1153
115900011,623,56,567
115900012,485,5,480
115900013,622,73,549
115900014,180,34,146
115900015,419,31,388
115900016,154,41,113
115900017,232,48,184
115900018,231,12,219
115900019,198,24,174
115900020,551,2,549
115900021,360,316,44
115900022,312,36,276
115900023,3,21,-18
115900025,27,536,-509
115900026,1348,67,1281
115900027,1,127,-126
115900028,151,37,114
115900029,21,111,-90
115900030,68,15,53
115900031,28,244,-216
115900032,597,688,-91
115900033,0,45,-45
115900034,25,109,-84
115900035,119,19,100
115900036,43,5178,-5135
115900037,43,123,-80
115900038,69,5,64
115900039,537,88,449
115900041,127,1837,-1710
115900042,71,5,66
115900043,346,51,295
115900044,177,1098,-921
115900046,1418,75,1343
115900047,44,217,-173
115900049,499,191,308
115900051,4,30,-26
115900052,58,49,9
115900053,1055,54,1001
115900054,745,28,717
115900055,25,29,-4
115900056,697,53,644
115900057,3,26,-23
115900058,6,11,-5
115900060,107,46,61
115900061,610,7,603
115900062,186,50,136
115900063,15,0,15
115900064,139,158,-19
115900065,456,47,409
115900066,47,17,30
115900067,30,46,-16
115900068,1696,2607,-911
115900069,37,190,-153
115900070,670,35,635
115900071,1,87,-86
115900072,26,41,-15
115900073,256,210,46
115900074,3,80,-77
115900075,79,98,-19
115900076,0,37,-37
115900077,4,52,-48
115900078,93,1378,-1285
115900079,918,12,906
115900080,107,35,72
115900081,45,14,31
115900082,214,1088,-874
115900084,1360,8,1352
115900085,52,109,-57
115900086,1114,506,608
115900088,0,199,-199
115900089,1098,159,939
115900090,1727,11,1716
115900091,64,25,39
115900092,93,51,42
115900093,16,21,-5
115900094,2,51,-49
115900096,7,8,-1
115900097,18,86,-68
115900098,672,119,553
115900099,192,557,-365
115900100,16,92,-76
115900101,704,59,645
115900102,214,107,107
115900103,627,43,584
115900104,152,103,49
115900105,509,81,428
115900106,268,4,264
115900107,162,65,97
115900108,326,10,316
115900109,10,147,-137
115900110,17,0,17
115900111,0,25,-25
115900112,59,258,-199
115900113,123,7,116
115900114,14,27,-13
115900115,155,73,82
115900116,249,375,-126
115900117,175,4,171
115900118,14,70,-56
115900119,390,62,328
115900120,84,91,-7
115900121,433,44,389
115900124,225,1181,-956
115900125,708,338,370
115900126,1853,72,1781
115900127,1993,87,1906
115900128,0,201,-201
115900129,1059,30,1029
115900130,8,318,-310
115900131,938,254,684
115900132,1402,22,1380
115900134,842,14,828
115900135,276,547,-271
115900137,20,12,8
115900139,8,125,-117
115900140,911,35,876
115900141,2,64,-62
115900142,3,22,-19
115900143,479,112,367
115900144,454,87,367
115900146,19,49,-30
115900147,250,616,-366
115900148,24,38,-14
115900149,373,8,365
115900150,260,19,241
115900151,148,35,113
115900152,324,97,227
115900153,237,83,154
115900154,138,237,-99
115900155,0,8,-8
115900156,753,673,80
115900157,624,440,184
115900158,33,3,30
115900159,688,104,584
115900160,0,0,0
115900161,59,54,5
115900163,653,34,619
115900164,1886,6,1880
115900165,2,515,-513
115900166,186,41,145
115900168,805,82,723
115900171,218,110,108
115900172,53,80,-27
115900173,416,129,287
115900174,64,81,-17
115900175,314,78,236
115900178,25,119,-94
115900179,878,1,877
115900180,39,30,9
115900181,550,60,490
115900182,1363,57,1306
115900183,3,372,-369
115900184,372,3,369
115900187,1,226,-225
115900189,1,165,-164
115900190,301,984,-683
115900191,3,111,-108
115900192,36,137,-101
115900193,151,904,-753
115900194,1816,30,1786
115900195,593,5042,-4449
115900198,1036,601,435
115900199,628,51,577
115900200,298,73,225
115900201,430,288,142
115900202,3,484,-481
115900203,0,4,-4
115900204,1,16,-15
115900205,13,8,5
115900206,1038,65,973
115900207,97,13,84
115900208,233,78,155
115900209,9,75,-66
115900210,3,977,-974
115900211,0,125,-125
115900212,477,99,378
115900213,90,247,-157
115900214,1500,56,1444
115900215,19,366,-347
115900216,2,9,-7
115900217,0,13,-13
115900218,5,6,-1
115900219,384,8,376
115900220,523,3,520
115900221,273,8,265
115900222,128,80,48
115900223,5,781,-776
115900224,1164,3460,-2296
115900225,104,97,7
115900226,6,18,-12
115900227,46,18,28
115900228,5,34,-29
115900229,7,12,-5
115900230,160,42,118
115900231,316,0,316
115900232,146,0,146
115900233,328,10,318
115900234,82,41,41
115900235,47,41,6
115900236,21,647,-626
115900237,20,56,-36
115900238,25,71,-46
115900239,22,56,-34
115900240,19,41,-22
115900241,514,18,496
115900242,297,945,-648
115900243,5,2,3
115900244,45,4,41
115900245,70,1,69
115900246,1,4,-3
115900247,0,2,-2
115900248,1,3,-2
115900249,31,5,26
115900250,87,4,83
115900251,16,0,16
115900252,14,0,14
115900253,46,7,39
115900254,8,42,-34
115900255,1,71,-70
115900256,22,118,-96
115900257,0,0,0
115900258,0,6,-6
115900259,84,18,66
115900260,21,1,20
115900261,47,1,46
115900262,4,1,3
115900263,37,4,33
115900264,150,3,147
115900265,27,1,26
115900266,6,5,1
115900267,0,44,-44
115900268,1,285,-284
115900269,1843,85,1758
115900270,780,61,719
115900271,405,0,405
115900272,108,2,106
115900273,32,33,-1
115900274,1,1,0
115900275,1,5,-4
115900276,0,6,-6
115900277,0,14,-14
115900278,85,81,4
115900279,15,293,-278
115900280,14,1746,-1732
115900281,57,215,-158
116000001,4412,1355,3057
116000002,6218,22000,-15782
116000003,1193,828,365
116000004,5900,8102,-2202
116000005,870,2869,-1999
116000006,3103,7688,-4585
116000007,1791,1833,-42
116000008,7097,3383,3714
116000009,1239,784,455
116000010,5008,3430,1578
116000011,972,843,129
116000012,2895,1576,1319
116000013,3902,2254,1648
116000014,9128,33489,-24361
116000015,188,3224,-3036
116000016,3826,9666,-5840
116000017,83,724,-641
116000018,582,235,347
116000019,2492,177,2315
116000020,580,903,-323
116000021,2104,181,1923
116000022,777,351,426
116000023,3151,1850,1301
116000024,660,633,27
116000025,1468,822,646
116000026,1534,3082,-1548
116000027,814,1087,-273
116000028,647,983,-336
116000029,407,313,94
116000030,843,636,207
116000031,39,94,-55
116000032,448,77,371
116000033,1171,262,909
116000034,633,722,-89
116000035,451,352,99
116000036,195,1435,-1240
116000037,181,630,-449
116000038,131,873,-742
116000039,138,644,-506
116000040,536,844,-308
116000041,146,463,-317
116000042,1380,714,666
116000043,136,358,-222
116000044,3,22,-19
116000045,1234,1601,-367
116000046,1001,912,89
116000047,2333,3065,-732
116000048,3282,1569,1713
116000049,2479,2003,476
116000050,1556,1028,528
116000051,3232,2408,824
116000052,3353,2352,1001
116000053,3354,681,2673
116000054,1216,2252,-1036
116000055,1050,993,57
116000056,2326,1149,1177
116000057,2183,929,1254
116000058,4067,2868,1199
116000059,2972,5657,-2685
116000060,2476,1537,939
116000061,145,1539,-1394
116000062,951,212,739
116000063,843,2395,-1552
116000066,933,817,116
116000067,320,341,-21
116000068,146,205,-59
116000069,361,213,148
116000078,816,1247,-431
116000080,1724,344,1380
116000082,5,10,-5
116000083,2770,273,2497
116000084,1920,1405,515
116000085,2151,2843,-692
116000086,801,366,435
116000087,4722,1846,2876
116000088,3170,795,2375
116000089,203,135,68
116000090,370,109,261
116000091,269,881,-612
116000093,1188,264,924
116000094,1746,816,930
116000095,1355,336,1019
116000096,3718,6550,-2832
116000097,1836,550,1286
116000098,53,18341,-18288
116000099,10191,490,9701
116000100,470,29,441
116000101,3450,259,3191
116000102,586,478,108
116000103,906,554,352
116000104,354,1542,-1188
116000105,2874,151,2723
116000106,961,5846,-4885
116000107,4628,1205,3423
116000108,64,4454,-4390
116000111,296,25,271
116000113,233,40,193
116000114,74,71,3
116000115,480,143,337
116000116,453,118,335
116000117,2698,1359,1339
116000118,2547,632,1915
116000119,7275,1527,5748
116000120,2852,1950,902
116000121,1827,321,1506
116000122,1092,470,622
116000123,2628,541,2087
116000124,1001,334,667
116000125,5281,489,4792
116000126,784,362,422
116000127,1519,508,1011
116000128,3932,686,3246
116000129,2557,80,2477
116000130,1517,811,706
116000133,4053,513,3540
116000134,2110,654,1456
116000135,5312,797,4515
116000136,1288,1054,234
116000137,1548,641,907
116000138,918,352,566
116000139,2802,3496,-694
116000140,371,562,-191
116000141,1564,404,1160
116000142,4159,2047,2112
116000143,3056,2506,550
116000144,3442,1802,1640
116000145,5220,1002,4218
116000146,1645,157,1488
116000147,370,371,-1
116000148,1635,1342,293
116000149,704,518,186
116000151,1222,595,627
116000153,179,491,-312
116000155,303,444,-141
116000156,1784,644,1140
116000157,189,10,179
116000158,841,158,683
116000159,10,8,2
116000160,123,38,85
116000161,5,99,-94
116000162,52,558,-506
116000163,128,12,116
116000164,55,7,48
116000177,138,3536,-3398
116000194,78,311,-233
116000195,4347,524,3823
116000196,253,88,165
116000197,163,98,65
116000198,2793,1195,1598
116000200,753,1254,-501
116000201,1029,384,645
116000202,13,637,-624
116000203,1,22,-21
116000204,11,19,-8
116000205,0,100,-100
116000206,1,516,-515
116000207,24,508,-484
116000233,142,243,-101
116000287,671,117,554
116000288,739,234,505
116000292,248,166,82
116000296,36,141,-105
116000297,100,14,86
116000304,761,11,750
116000305,1,91,-90
116000346,768,132,636
116000352,233,80,153
116000354,84,33,51
116000357,26,48,-22
116000358,865,299,566
116000361,17,0,17
116000372,3235,10702,-7467
116000381,532,40,492
116000388,20,76,-56
116000389,1170,139,1031
116000445,2601,229,2372
116000446,1372,126,1246
116000447,38,830,-792
116000448,667,48,619
116000563,684,1018,-334
116000565,193,206,-13
116000568,119,863,-744
116000579,127,168,-41
116000584,112,1,111
116000585,267,77,190
116000586,32,115,-83
116000587,432,180,252
116000589,147,38,109
116000590,273,61,212
116000591,568,164,404
116000592,4,43,-39
116000593,0,11,-11
116000594,3335,164,3171
116000595,1526,53,1473
116000596,569,7,562
116000597,1407,459,948
116000598,282,166,116
116000602,21,1628,-1607
116000605,359,54,305
116000606,111,706,-595
116000607,1,62,-61
116000609,76,2182,-2106
116000611,443,154,289
116000612,2928,3023,-95
116000613,1218,315,903
116000614,935,140,795
116000615,0,355,-355
116000616,205,48,157
116000617,375,14,361
116000618,8,33,-25
116000619,43,181,-138
116000620,802,201,601
116000621,135,81,54
116000622,226,83,143
116000624,152,839,-687
116000627,68,31,37
116000628,163,93,70
116000629,91,182,-91
116000630,1916,22,1894
116000631,1029,3,1026
116000632,2420,82,2338
116000633,12,208,-196
116000634,2356,15,2341
116000635,1726,2039,-313
116900001,258,59,199
116900002,274,1,273
116900003,214,5,209
116900004,62,209,-147
116900005,547,12,535
116900006,155,499,-344
116900007,70,144,-74
116900008,1513,114,1399
116900009,26,30,-4
116900010,38,351,-313
116900011,14,24,-10
116900012,167,437,-270
116900013,4,124,-120
116900014,439,56,383
116900015,1472,49,1423
116900016,549,12,537
116900017,0,143,-143
116900018,144,150,-6
116900019,1,91,-90
116900020,490,3701,-3211
116900023,53,54,-1
116900024,2061,26,2035
116900025,2829,456,2373
116900026,33,195,-162
116900027,227,44,183
116900028,2,27,-25
116900029,2,356,-354
116900031,2,2,0
116900032,0,83,-83
116900033,61,14,47
116900034,8,11,-3
116900035,325,118,207
116900036,33,139,-106
116900038,27,6,21
116900041,282,29,253
116900042,277,125,152
116900043,39,37,2
116900045,216,76,140
116900047,116,478,-362
116900049,65,155,-90
116900050,49,138,-89
116900051,749,52,697
116900052,343,155,188
116900055,0,29,-29
116900057,28,88,-60
116900058,26,119,-93
116900059,1,38,-37
116900060,234,194,40
116900062,2,367,-365
116900064,112,95,17
116900065,9,64,-55
116900067,127,19,108
116900068,265,131,134
116900070,8,5,3
116900072,81,57,24
116900073,19,63,-44
116900074,32,46,-14
116900076,22,265,-243
116900077,6,40,-34
116900078,171,24,147
116900079,105,58,47
116900080,3,36,-33
116900081,160,486,-326
116900082,266,1198,-932
116900083,1,5,-4
116900084,80,25,55
116900085,0,37,-37
116900086,23,153,-130
116900088,371,8,363
116900090,18,6,12
116900091,1182,25,1157
116900092,93,201,-108
116900093,2300,1659,641
116900094,4231,9897,-5666
116900095,530,159,371
116900096,253,712,-459
116900097,1301,7054,-5753
116900098,468,181,287
116900099,240,422,-182
116900100,2809,201,2608
116900101,165,532,-367
116900103,5,0,5
116900104,9,184,-175
116900105,948,382,566
116900106,7573,72,7501
116900107,1123,5020,-3897
116900110,56,0,56
116900111,1663,393,1270
116900112,500,331,169
116900113,1247,4397,-3150
116900116,32,508,-476
116900117,562,683,-121
116900118,809,1509,-700
116900120,883,51,832
116900121,483,36,447
116900122,2738,645,2093
116900123,1240,436,804
116900124,109,184,-75
116900125,1093,91,1002
116900126,113,1516,-1403
116900128,1,18,-17
116900129,2,226,-224
116900130,853,8820,-7967
116900131,90,338,-248
116900132,174,117,57
116900133,560,118,442
116900134,457,141,316
116900136,312,822,-510
116900137,293,124,169
116900138,118,54,64
116900139,39,86,-47
116900140,169,52,117
116900141,782,65,717
116900142,9,49,-40
116900143,1020,91,929
116900144,108,22,86
116900145,261,152,109
116900147,218,1137,-919
116900148,5,20,-15
116900149,80,308,-228
116900150,16,2,14
116900151,47,13,34
116900153,265,205,60
116900154,341,1042,-701
116900155,148,129,19
116900157,2102,49,2053
116900158,162,449,-287
116900159,118,475,-357
116900160,1483,671,812
116900161,3234,17181,-13947
116900162,59,110,-51
116900163,666,44,622
116900164,190,60,130
116900165,1052,357,695
116900166,159,140,19
116900167,1135,18,1117
116900168,1338,13,1325
116900169,99,836,-737
116900170,1029,328,701
116900171,100,102,-2
116900172,128,1192,-1064
116900173,1119,11,1108
116900174,63,271,-208
116900175,740,346,394
116900178,92,75,17
116900179,78,727,-649
116900180,159,2,157
116900182,957,201,756
116900183,323,182,141
116900185,46,15,31
116900186,246,67,179
116900187,110,92,18
116900188,364,22,342
116900189,26,2,24
116900191,97,118,-21
116900192,832,169,663
116900194,123,2327,-2204
116900195,38,3,35
116900196,5,24,-19
116900197,314,23,291
116900198,47,1379,-1332
116900200,238,2,236
116900201,679,4,675
116900202,83,23,60
116900203,445,9,436
116900204,24,455,-431
116900206,81,2,79
116900207,21,26,-5
116900208,3,20,-17
116900209,75,17,58
116900210,486,205,281
116900211,286,4,282
116900212,303,1,302
116900213,254,94,160
116900214,649,200,449
116900215,69,35,34
116900216,430,116,314
116900218,13,159,-146
116900219,860,87,773
116900220,146,204,-58
116900221,269,261,8
116900222,436,237,199
116900223,62,51,11
116900226,578,6,572
116900227,576,14,562
116900228,793,130,663
116900230,132,81,51
116900231,169,134,35
116900232,92,229,-137
116900233,761,83,678
116900234,27,5,22
116900235,162,146,16
116900238,451,78,373
116900239,1,1962,-1961
116900240,3745,6523,-2778
116900241,166,69,97
116900242,699,1683,-984
116900243,5,73,-68
116900245,50,111,-61
116900246,127,33,94
116900247,2026,49,1977
116900248,124,13,111
116900249,1597,44,1553
116900250,991,117,874
116900251,297,2641,-2344
116900252,761,723,38
116900253,344,32,312
116900254,111,148,-37
116900255,202,301,-99
116900256,1053,266,787
116900257,125,827,-702
116900258,3,24,-21
116900259,617,41,576
116900260,0,22,-22
116900261,97,5,92
116900262,189,187,2
116900263,0,4,-4
116900264,12,2,10
116900265,160,0,160
116900266,34,9,25
116900267,20,0,20
116900268,32,541,-509
116900269,445,1148,-703
116900271,548,1467,-919
116900272,308,188,120
116900273,38,170,-132
116900274,315,12,303
116900275,602,87,515
116900276,323,727,-404
116900277,189,134,55
116900278,47,42,5
116900279,11,15,-4
116900280,132,16,116
116900281,2450,13803,-11353
116900282,1,31,-30
116900283,0,14,-14
116900284,4,95,-91
116900285,112,832,-720
116900286,113,2,111
116900287,15,32,-17
116900288,334,49,285
116900289,94,2,92
116900290,25,7,18
116900291,58,11,47
116900292,0,36,-36
116900293,252,3,249
116900294,26,46,-20
116900295,216,180,36
116900296,61,124,-63
116900297,4,62,-58
116900298,22,69,-47
116900299,0,88,-88
116900300,1,86,-85
116900301,22,189,-167
116900302,16,116,-100
116900303,193,220,-27
116900304,0,241,-241
116900305,28,51,-23
116900306,506,25,481
117000001,4519,4358,161
117000002,2352,3046,-694
117000003,7188,2826,4362
117000004,2575,3860,-1285
117000005,5462,1990,3472
117000006,1530,1882,-352
117000007,10654,1362,9292
117000008,1721,2418,-697
117000009,6050,1741,4309
117000010,1150,2303,-1153
117000011,5840,1920,3920
117000012,2495,2037,458
117000013,4111,1512,2599
117000014,2145,2657,-512
117000015,5922,2559,3363
117000016,279,305,-26
117000017,67,347,-280
117000018,149,1508,-1359
117000019,61,2,59
117000020,417,4543,-4126
117000021,1529,388,1141
117000022,74,539,-465
117000023,94,586,-492
117000024,212,729,-517
117000025,266,3235,-2969
117000026,2298,3663,-1365
117000027,861,2666,-1805
117000028,796,1698,-902
117000030,275,565,-290
117000031,506,201,305
117000032,1576,1298,278
117000033,2527,2345,182
117000034,523,238,285
117000035,433,269,164
117000036,900,356,544
117000037,530,179,351
117000038,395,438,-43
117000039,286,389,-103
117000040,75,517,-442
117000041,2524,121,2403
117000044,25,362,-337
117000045,1744,747,997
117000046,262,818,-556
117000047,773,1126,-353
117000048,1495,802,693
117000049,85,1166,-1081
117000050,1462,2441,-979
117000051,4930,131,4799
117000052,185,223,-38
117000053,2928,23,2905
117000054,3035,7,3028
117000055,2,829,-827
117000056,945,52,893
117000057,1634,2083,-449
117000060,443,766,-323
117000061,3794,1921,1873
117000062,218,696,-478
117000063,2377,728,1649
117000064,437,441,-4
117000066,374,572,-198
117000067,133,643,-510
117000074,27,200,-173
117000076,68,83,-15
117000077,223,216,7
117000078,138,1431,-1293
117000079,479,239,240
117000080,1,429,-428
117000081,833,182,651
117000082,22,139,-117
117000083,125,28,97
117000084,263,3,260
117000085,917,1843,-926
117000086,1069,636,433
117000087,177,769,-592
117000088,967,193,774
117000089,5283,194,5089
117000090,679,524,155
117000091,2841,169,2672
117000092,826,542,284
117000093,4276,233,4043
117000094,1530,662,868
117000095,6549,348,6201
117000096,1362,668,694
117000097,4629,713,3916
117000098,2828,1493,1335
117000099,8495,800,7695
117000100,417,315,102
117000101,342,453,-111
117000102,3525,393,3132
117000103,808,643,165
117000104,3548,397,3151
117000105,882,700,182
117000106,4012,372,3640
117000107,917,1040,-123
117000108,4639,952,3687
117000109,850,1526,-676
117000110,2486,2810,-324
117000111,5593,4388,1205
117000112,7011,1084,5927
117000113,181,86,95
117000114,634,1177,-543
117000115,124,62,62
117000116,386,523,-137
117000117,1649,880,769
117000118,713,461,252
117000119,159,514,-355
117000120,16,648,-632
117000121,6,1092,-1086
117000122,1231,2229,-998
117000123,2557,64,2493
117000124,37,187,-150
117000125,41,502,-461
117000126,81,36,45
117000127,197,669,-472
117000128,145,1188,-1043
117000129,113,312,-199
117000130,38,1,37
117000131,0,73,-73
117000132,9639,14,9625
117000133,7061,27,7034
117000134,0,94,-94
117000135,1,145,-144
117000136,0,4,-4
117000137,528,117,411
117000138,5,1013,-1008
117000140,678,579,99
117000141,3140,452,2688
117000181,391,144,247
117000182,2468,3249,-781
117000195,531,253,278
117000196,753,298,455
117000225,69,320,-251
117000226,4,239,-235
117000276,983,61,922
117000277,0,75,-75
117000310,1218,3970,-2752
117000315,252,1136,-884
117000320,88,0,88
117000906,1297,19,1278
117000907,4,93,-89
117000908,2,255,-253
117000909,127,102,25
117000910,365,180,185
117000911,78,233,-155
117000915,9,133,-124
117000916,113,12,101
117000917,2412,124,2288
117000918,335,309,26
117000919,11,95,-84
117000920,3,2617,-2614
117000921,1,382,-381
117000922,117,35,82
117000924,2438,583,1855
117000926,686,233,453
117000927,320,660,-340
117000928,0,126,-126
117000929,1011,92,919
117000930,1785,11,1774
117000931,138,59,79
117900002,186,1242,-1056
117900003,92,121,-29
117900005,5,292,-287
117900006,0,42,-42
117900007,482,73,409
117900008,0,25,-25
117900010,667,54,613
117900011,16,668,-652
117900012,251,45,206
117900013,1,1124,-1123
117900014,1296,74,1222
117900015,23,50,-27
117900016,1416,2101,-685
117900017,1523,279,1244
117900018,560,374,186
117900019,1571,153,1418
117900020,49,258,-209
117900021,59,153,-94
117900022,26,4,22
117900023,2719,171,2548
117900024,209,212,-3
117900025,41,3,38
117900026,886,243,643
117900028,138,27,111
117900029,759,318,441
117900030,481,624,-143
117900031,533,383,150
117900032,1905,767,1138
117900033,967,313,654
117900034,144,25,119
117900035,536,1615,-1079
117900036,605,252,353
117900037,501,70,431
117900038,236,83,153
117900039,1,104,-103
117900040,552,71,481
117900041,0,17,-17
117900042,2954,728,2226
117900043,1,13,-12
117900044,47,6750,-6703
117900045,598,108,490
117900048,524,244,280
117900049,520,327,193
117900050,5,356,-351
117900051,75,62,13
117900052,136,922,-786
117900053,3447,187,3260
117900054,0,10,-10
117900055,1366,344,1022
117900056,60,147,-87
117900057,1761,1062,699
117900058,13,88,-75
117900059,136,262,-126
117900060,5745,2789,2956
117900061,6,431,-425
117900063,1075,246,829
117900065,437,1379,-942
117900066,7,232,-225
117900067,1694,194,1500
117900069,1993,111,1882
117900070,15,410,-395
117900071,379,149,230
117900073,1815,126,1689
117900074,9,594,-585
117900075,261,75,186
117900076,42,126,-84
117900077,1478,123,1355
117900078,958,753,205
117900080,400,23,377
117900081,526,172,354
117900082,1473,419,1054
117900083,1599,571,1028
117900086,395,65,330
117900087,353,12,341
117900088,991,780,211
117900089,4663,581,4082
117900090,1451,709,742
117900091,246,62,184
117900092,377,77,300
117900093,306,12,294
117900094,151,31,120
117900095,1224,620,604
117900096,389,394,-5
117900097,325,85,240
117900098,251,36,215
117900099,592,662,-70
117900100,1714,4,1710
117900101,1187,3554,-2367
117900102,201,25,176
117900103,242,2,240
117900104,17,399,-382
117900105,84,284,-200
117900106,152,13,139
117900107,290,2,288
117900109,2701,823,1878
117900110,593,3,590
117900111,2418,209,2209
117900112,250,11,239
117900113,2221,3790,-1569
117900114,113,0,113
117900115,89,200,-111
117900116,1712,387,1325
117900117,1904,159,1745
117900118,507,1,506
117900119,670,13,657
117900120,1478,10,1468
117900121,156,45,111
117900122,1195,11065,-9870
117900123,1605,597,1008
117900124,369,1584,-1215
117900125,2219,972,1247
117900126,190,252,-62
117900127,1566,363,1203
117900128,891,396,495
117900129,405,3,402
117900130,1437,1528,-91
117900131,19,209,-190
117900132,13,58,-45
117900133,32,54,-22
117900134,189,219,-30
117900135,128,106,22
117900136,0,6,-6
117900137,222,114,108
117900138,0,8,-8
117900139,83,109,-26
117900140,5111,767,4344
117900141,43,321,-278
117900142,35,541,-506
117900144,13,793,-780
117900145,14,518,-504
117900146,35,565,-530
117900147,138,102,36
117900148,2745,4628,-1883
117900149,117,129,-12
117900150,156,55,101
117900151,113,166,-53
117900152,61,133,-72
117900153,62,276,-214
117900154,1016,575,441
117900156,284,309,-25
117900157,135,328,-193
117900158,765,56,709
117900160,1710,833,877
117900161,1331,457,874
117900162,960,350,610
117900163,39,1027,-988
117900165,0,14,-14
117900166,11,225,-214
117900168,253,151,102
117900169,0,28,-28
117900170,1,44,-43
117900171,8,7,1
117900172,35,3,32
117900173,25,48,-23
117900174,36,25,11
117900175,11,38,-27
117900176,28,9,19
117900177,67,8,59
117900178,132,35,97
117900180,374,21,353
117900181,139,871,-732
117900182,2,105,-103
117900183,271,110,161
117900184,19,160,-141
117900185,77,54,23
117900186,109,13,96
117900187,63,12,51
117900188,536,165,371
117900189,236,70,166
117900190,35,1,34
117900191,240,8,232
117900192,789,1,788
117900193,91,28,63
117900194,26,10,16
117900195,29,711,-682
117900196,94,35,59
117900207,79,255,-176
117900208,165,46,119
117900209,407,60,347
117900210,187,40,147
117900211,8,43,-35
117900212,237,115,122
117900213,98,19,79
117900214,18,10,8
117900215,80,14,66
117900216,9,60,-51
117900217,118,159,-41
117900218,32,129,-97
117900219,0,144,-144
117900220,6,224,-218
117900222,164,83,81
117900223,97,398,-301
118000001,909,2144,-1235
118000002,592,1192,-600
118000003,2056,3938,-1882
118000004,1154,3228,-2074
118000005,4473,2618,1855
118000006,2350,3357,-1007
118000007,6016,11450,-5434
118000008,940,9600,-8660
118000009,1761,3849,-2088
118000010,3899,3980,-81
118000011,4002,1460,2542
118000012,1284,2795,-1511
118000013,2750,3023,-273
118000014,1955,1964,-9
118000016,501,160,341
118000017,1027,487,540
118000018,526,157,369
118000019,1164,1980,-816
118000020,449,1891,-1442
118000021,536,2155,-1619
118000022,1276,579,697
118000023,501,319,182
118000024,654,790,-136
118000027,9422,6621,2801
118000029,561,926,-365
118000032,334,2072,-1738
118000033,1913,4108,-2195
118000034,2542,2798,-256
118000035,1940,2040,-100
118000036,1480,1022,458
118000037,990,1471,-481
118000038,986,85,901
118000039,180,100,80
118000040,3130,1588,1542
118000041,4883,1934,2949
118000045,145,268,-123
118000046,632,1242,-610
118000047,616,2548,-1932
118000048,1573,3549,-1976
118000051,1228,3706,-2478
118000052,426,1261,-835
118000053,357,1863,-1506
118000054,4275,2133,2142
118000055,2344,1846,498
118000056,88,920,-832
118000057,146,1353,-1207
118000058,2023,6900,-4877
118000059,1319,4003,-2684
118000060,1746,1404,342
118000061,2074,1789,285
118000062,581,211,370
118000063,438,905,-467
118000064,702,1669,-967
118000065,2398,2088,310
118000066,1276,2785,-1509
118000067,464,752,-288
118000068,866,12679,-11813
118000069,1281,1311,-30
118000070,8705,2779,5926
118000071,4468,14778,-10310
118000072,728,4935,-4207
118000073,430,2288,-1858
118000074,594,1144,-550
118000075,621,488,133
118000076,1929,9858,-7929
118000077,1146,1138,8
118000078,2791,2655,136
118000079,177,559,-382
118000080,459,689,-230
118000081,1659,1520,139
118000082,448,1043,-595
118000083,1344,1450,-106
118000084,1490,3877,-2387
118000086,168,802,-634
118000087,4006,2625,1381
118000088,1761,1863,-102
118000089,3929,4359,-430
118000090,1347,4491,-3144
118000091,1482,7543,-6061
118000092,847,709,138
118000093,115,680,-565
118000096,923,492,431
118000097,1061,544,517
118000098,349,277,72
118000099,1018,275,743
118000101,2891,367,2524
118000102,502,445,57
118000107,1770,260,1510
118000108,779,9667,-8888
118000110,0,23,-23
118000111,0,69,-69
118000112,2664,44,2620
118000113,8,424,-416
118000114,2457,73,2384
118000115,43,19,24
118000116,66,0,66
118000117,711,621,90
118000118,1695,1350,345
118000119,2082,1494,588
118000120,1476,1084,392
118000121,15,433,-418
118000122,459,233,226
118000123,49,277,-228
118000125,1010,1244,-234
118000126,1043,3025,-1982
118000127,1711,1102,609
118000128,486,1984,-1498
118000129,2112,1185,927
118000130,2120,3456,-1336
118000131,326,842,-516
118000132,3406,3100,306
118000133,2434,905,1529
118000135,1089,1141,-52
118000136,74,1010,-936
118000137,482,77,405
118000138,707,319,388
118000139,783,110,673
118000140,4876,12390,-7514
118000141,4312,1662,2650
118000142,4426,2409,2017
118000143,4447,2638,1809
118000144,690,469,221
118000145,1491,1030,461
118000146,2080,261,1819
118000147,1860,695,1165
118000148,1352,1818,-466
118000149,1099,426,673
118000150,1508,169,1339
118000151,1242,209,1033
118000153,2863,683,2180
118000154,2551,884,1667
118000155,3819,1124,2695
118000156,1982,4834,-2852
118000157,724,378,346
118000158,301,723,-422
118000159,76,130,-54
118000160,1125,328,797
118000161,958,337,621
118000162,2321,1014,1307
118000163,1775,1015,760
118000164,2747,1460,1287
118000168,597,2372,-1775
118000169,1261,826,435
118000170,3542,2584,958
118000171,731,531,200
118000172,88,204,-116
118000173,957,1372,-415
118000175,241,192,49
118000176,612,203,409
118000177,535,385,150
118000178,11,36,-25
118000179,717,641,76
118000180,789,439,350
118000181,569,129,440
118000182,342,108,234
118000183,237,244,-7
118000184,2476,449,2027
118000185,446,2545,-2099
118000186,430,1442,-1012
118000187,3743,332,3411
118000188,1922,65,1857
118000189,2258,189,2069
118000190,6,5,1
118000191,38,22,16
118000192,21,167,-146
118000193,11,154,-143
118000194,2187,1313,874
118000195,249,3807,-3558
118000196,97,869,-772
118000197,114,410,-296
118000198,290,2000,-1710
118000199,269,1312,-1043
118000200,90,765,-675
118000201,112,1012,-900
118000202,34,680,-646
118000203,245,1893,-1648
118000204,25,681,-656
118000205,67,392,-325
118000206,427,289,138
118000207,1,68,-67
118000208,2307,1529,778
118000209,3035,554,2481
118000210,493,16,477
118000211,387,69,318
118000213,578,4587,-4009
118000214,270,824,-554
118000215,561,93,468
118000216,11675,2278,9397
118000217,12,66,-54
118000218,146,26,120
118000219,259,248,11
118000220,127,42,85
118000221,1786,1395,391
118000222,179,3,176
118000223,135,64,71
118000224,139,76,63
118000225,312,695,-383
118000226,2862,188,2674
118000227,603,542,61
118000228,78,287,-209
118000229,35,709,-674
118000230,212,139,73
118000231,68,213,-145
118000232,1263,215,1048
118000233,2454,392,2062
118000234,857,87,770
118000236,333,316,17
118000237,361,152,209
118000238,404,56,348
118000239,621,313,308
118000240,105,100,5
118000241,416,127,289
118000242,1110,136,974
118000243,455,102,353
118000244,132,44,88
118000246,0,71,-71
118000255,64,375,-311
118000256,271,201,70
118000259,53,137,-84
118000260,490,36,454
118000261,156,12,144
118000263,177,212,-35
118000266,305,119,186
118000267,1,111,-110
118000268,448,4,444
118000270,364,3,361
118000271,479,141,338
118000272,56,29,27
118000273,684,41,643
118000274,79,174,-95
118000276,649,122,527
118000295,36,145,-109
118000298,135,142,-7
118000299,95,46,49
118000301,0,39,-39
118000302,145,10,135
118000311,2519,72,2447
118000312,737,69,668
118000313,129,42,87
118000314,242,25,217
118000315,194,23,171
118000316,1394,249,1145
118000325,221,52,169
118000326,83,56,27
118000331,129,4,125
118000332,44,21,23
118000333,121,55,66
118000335,1661,9,1652
118000336,0,195,-195
118000407,719,38,681
118000457,4,27,-23
118000465,669,3128,-2459
118000480,186,44,142
118000489,18,1028,-1010
118000490,9,223,-214
118000492,1017,298,719
118000510,64,8,56
118000514,79,287,-208
118000515,999,2175,-1176
118000517,327,147,180
118000524,270,641,-371
118000525,450,759,-309
118000530,23,163,-140
118000531,801,219,582
118000532,322,134,188
118000533,319,81,238
118000534,918,263,655
118000535,615,47,568
118000536,32,479,-447
118000537,42,94,-52
118000538,47,44,3
118000539,29,183,-154
118000540,283,161,122
118000541,147,91,56
118000542,209,303,-94
118000543,476,283,193
118000546,137,14,123
118000560,778,3826,-3048
118000562,140,33,107
118000563,1768,1838,-70
118000576,263,36,227
118000577,226,232,-6
118000578,163,35,128
118000579,474,2992,-2518
118000595,257,60,197
118000596,0,151,-151
118000597,304,70,234
118000598,38,0,38
118000599,284,32,252
118000600,0,20,-20
118000601,97,0,97
118000602,0,23,-23
118000603,1,11,-10
118900001,676,1550,-874
118900002,821,1124,-303
118900003,1349,6,1343
118900004,253,29,224
118900005,102,5,97
118900006,327,0,327
118900007,0,1,-1
118900008,873,23,850
118900009,215,205,10
118900010,191,34,157
118900011,218,18,200
118900012,326,169,157
118900013,1449,1049,400
118900015,695,25,670
118900016,8,2,6
118900017,52,239,-187
118900018,1480,35,1445
118900019,0,5,-5
118900020,13,121,-108
118900021,274,576,-302
118900022,198,9,189
118900023,77,120,-43
118900024,136,125,11
118900025,67,235,-168
118900026,65,4,61
118900027,352,229,123
118900028,299,105,194
118900029,283,473,-190
118900030,1618,125,1493
118900031,241,35,206
118900032,276,64,212
118900033,470,754,-284
118900034,389,62,327
118900035,216,75,141
118900036,2011,390,1621
118900037,538,998,-460
118900038,832,47,785
118900039,1776,403,1373
118900040,399,82,317
118900041,1189,123,1066
118900042,142,54,88
118900045,257,229,28
118900046,357,327,30
118900047,199,454,-255
118900048,54,538,-484
118900049,70,6,64
118900050,251,4,247
118900051,121,74,47
118900052,394,552,-158
118900053,17,48,-31
118900054,186,87,99
118900055,271,4,267
118900056,41,218,-177
118900057,1067,756,311
118900058,853,478,375
118900059,24,68,-44
118900060,208,197,11
118900062,330,91,239
118900064,116,883,-767
118900065,183,236,-53
118900066,162,73,89
118900067,3019,6081,-3062
118900068,7,675,-668
118900069,1069,99,970
118900071,6,10,-4
118900072,752,1280,-528
118900073,619,59,560
118900074,271,57,214
118900075,505,14,491
118900076,290,40,250
118900077,827,155,672
118900078,3,1,2
118900079,30,90,-60
118900080,344,83,261
118900081,62,43,19
118900082,3296,291,3005
118900083,27,0,27
118900084,31,6,25
118900085,322,159,163
118900086,83,97,-14
118900087,141,1532,-1391
118900088,1,3,-2
118900089,57,17,40
118900090,252,78,174
118900091,254,311,-57
118900092,659,38,621
118900093,119,11,108
118900096,179,2,177
118900097,461,181,280
118900099,35,91,-56
118900100,64,98,-34
118900101,703,167,536
118900102,47,75,-28
118900103,38,61,-23
118900104,282,12,270
118900105,241,75,166
118900107,49,40,9
118900108,138,167,-29
118900110,1567,1789,-222
118900111,1534,767,767
118900112,430,377,53
118900113,152,405,-253
118900114,3,55,-52
118900115,308,260,48
118900116,162,55,107
118900117,193,47,146
118900118,698,146,552
118900119,333,149,184
118900120,75,248,-173
118900121,76,93,-17
118900122,4,1005,-1001
118900123,113,265,-152
118900124,226,231,-5
118900126,41,232,-191
118900129,476,119,357
118900130,22,93,-71
118900131,841,292,549
118900132,544,184,360
118900133,9,157,-148
118900135,349,115,234
118900136,468,177,291
118900137,3,104,-101
118900139,753,437,316
118900140,705,225,480
118900141,138,257,-119
118900144,264,154,110
118900145,17,297,-280
118900146,671,330,341
118900147,102,459,-357
118900148,67,45,22
118900150,77,808,-731
118900152,854,248,606
118900157,38,196,-158
118900158,492,22,470
118900159,0,101,-101
118900161,63,32,31
118900163,38,46,-8
118900164,0,24,-24
118900165,185,105,80
118900166,1,1,0
118900167,81,52,29
118900168,60,112,-52
118900169,367,162,205
118900170,841,77,764
118900171,122,22,100
118900174,30,32,-2
118900175,795,330,465
118900176,295,412,-117
118900177,175,9,166
118900178,102,50,52
118900179,30,15,15
118900181,157,46,111
118900182,17,54,-37
118900183,65,104,-39
118900184,249,18,231
118900185,149,22,127
118900186,116,68,48
118900187,188,371,-183
118900188,412,173,239
118900189,32,674,-642
118900190,215,87,128
118900191,948,39,909
118900192,1206,45,1161
118900193,2271,10,2261
118900195,181,520,-339
118900196,50,112,-62
118900197,716,5,711
118900198,116,0,116
118900199,142,8,134
118900200,60,33,27
118900201,95,51,44
118900202,1,35,-34
118900203,148,9,139
118900204,34,7,27
118900205,2,2,0
118900206,16,3,13
119000001,2436,1894,542
119000002,4767,3999,768
119000003,8482,1142,7340
119000004,4765,2397,2368
119000005,3604,3815,-211
119000006,6676,3414,3262
119000007,5889,5163,726
119000008,2842,2558,284
119000009,2922,10145,-7223
119000010,5195,7067,-1872
119000011,2744,3247,-503
119000012,1410,5216,-3806
119000013,4266,2051,2215
119000014,3425,3606,-181
119000019,588,289,299
119000020,4233,2062,2171
119000021,8038,4199,3839
119000022,1924,5870,-3946
119000023,182,372,-190
119000024,1894,29755,-27861
119000025,4401,1552,2849
119000026,44,592,-548
119000027,181,600,-419
119000028,2244,703,1541
119000029,29,144,-115
119000030,931,804,127
119000031,2080,725,1355
119000032,2050,1563,487
119000033,3943,938,3005
119000034,2743,635,2108
119000035,30,139,-109
119000036,5179,345,4834
119000037,3118,609,2509
119000038,514,310,204
119000039,939,719,220
119000040,732,1257,-525
119000041,1322,2639,-1317
119000048,2296,1016,1280
119000049,4730,1403,3327
119000050,1313,4357,-3044
119000051,3550,2047,1503
119000052,3058,2406,652
119000053,3004,1235,1769
119000054,5026,914,4112
119000055,9302,1006,8296
119000056,5927,1244,4683
119000057,2738,525,2213
119000058,1802,785,1017
119000059,924,525,399
119000060,3496,489,3007
119000061,1217,359,858
119000062,1291,649,642
119000063,1082,742,340
119000064,807,728,79
119000065,1554,3003,-1449
119000066,2534,1206,1328
119000067,2259,750,1509
119000068,2927,431,2496
119000069,3201,1016,2185
119000070,6170,357,5813
119000071,948,287,661
119000072,4643,2400,2243
119000073,6333,12751,-6418
119000074,3051,960,2091
119000075,7642,2089,5553
119000076,137,530,-393
119000077,1486,496,990
119000078,820,436,384
119000079,255,324,-69
119000080,1274,163,1111
119000081,464,379,85
119000082,1537,210,1327
119000083,985,444,541
119000084,685,296,389
119000085,843,86,757
119000086,479,821,-342
119000087,797,125,672
119000088,456,42,414
119000089,157,173,-16
119000090,167,26,141
119000091,96,223,-127
119000092,243,146,97
119000093,3625,1559,2066
119000094,7067,5694,1373
119000095,4493,2923,1570
119000097,1121,724,397
119000098,1506,8808,-7302
119000099,2044,495,1549
119000100,6452,3427,3025
119000101,5187,1632,3555
119000102,412,1850,-1438
119000103,1185,777,408
119000104,1243,576,667
119000105,1835,3864,-2029
119000106,805,490,315
119000107,2296,762,1534
119000108,1085,372,713
119000109,156,356,-200
119000110,271,258,13
119000111,77,850,-773
119000112,135,83,52
119000113,940,155,785
119000114,1627,2162,-535
119000115,77,180,-103
119000116,174,70,104
119000117,397,305,92
119000118,42,1,41
119000123,2113,2144,-31
119000124,1992,160,1832
119000125,8695,480,8215
119000126,2439,370,2069
119000127,1423,327,1096
119000128,26,0,26
119000131,1912,158,1754
119000132,5,2,3
119000133,14,25,-11
119000134,738,1015,-277
119000135,386,213,173
119000136,656,42,614
119000137,629,118,511
119000138,1585,56,1529
119000139,203,65,138
119000140,467,407,60
119000284,1355,1863,-508
119000285,1462,762,700
119000286,3884,2380,1504
119000287,2447,3095,-648
119000288,2978,861,2117
119000289,1651,1734,-83
119000290,499,336,163
119000291,52,408,-356
119000293,230,220,10
119000294,41,55,-14
119000295,1979,215,1764
119000296,472,85,387
119000302,1366,1420,-54
119000303,9,154,-145
119000314,2330,17314,-14984
119000315,0,86,-86
119000316,412,52,360
119000317,254,99,155
119900001,101,2330,-2229
119900002,622,179,443
119900003,10,177,-167
119900004,147,4303,-4156
119900005,550,76,474
119900006,79,505,-426
119900007,476,361,115
119900008,65,748,-683
119900009,585,243,342
119900010,1119,423,696
119900011,22,487,-465
119900012,4,281,-277
119900013,1794,1300,494
119900014,756,71,685
119900015,663,61,602
119900016,169,98,71
119900017,30,112,-82
119900018,604,3096,-2492
119900019,129,3,126
119900020,187,92,95
119900021,265,61,204
119900022,69,1915,-1846
119900023,378,4344,-3966
119900025,796,33,763
119900026,602,100,502
119900027,4,11,-7
119900028,477,553,-76
119900029,3,5,-2
119900030,970,1237,-267
119900031,80,1194,-1114
119900033,1155,269,886
119900034,1836,46,1790
119900037,306,7,299
119900038,25,939,-914
119900039,147,6,141
119900040,154,37,117
119900041,524,9,515
119900042,107,1488,-1381
119900043,163,217,-54
119900044,147,1185,-1038
119900046,457,13,444
119900047,1334,422,912
119900048,154,5,149
119900049,288,3,285
119900050,333,246,87
119900051,2470,13,2457
119900052,291,14,277
119900053,761,292,469
119900054,764,13,751
119900055,2126,216,1910
119900057,774,9,765
119900058,904,14,890
119900059,206,16,190
119900060,635,59,576
119900062,448,3,445
119900063,50,147,-97
119900064,1441,178,1263
119900065,390,4,386
119900066,0,1,-1
119900067,187,378,-191
119900068,1634,1,1633
119900069,224,6,218
119900070,1751,7,1744
119900071,1868,41,1827
119900073,3448,125,3323
119900074,106,33,73
119900075,1986,1489,497
119900076,1893,450,1443
119900077,2217,211,2006
119900078,1026,1347,-321
119900079,1550,54,1496
119900080,3499,528,2971
119900081,1490,77,1413
119900082,4244,255,3989
119900083,687,80,607
119900084,894,395,499
119900085,98,21,77
119900086,15,11,4
119900087,248,474,-226
119900088,134,13,121
119900089,68,132,-64
119900090,123,7,116
119900091,39,185,-146
119900092,12,546,-534
119900093,1805,118,1687
119900094,2,216,-214
119900095,287,37,250
119900096,99,96,3
119900097,82,188,-106
119900098,33,12,21
119900099,37,103,-66
119900100,485,2771,-2286
119900101,102,702,-600
119900102,78,52,26
119900103,65,80,-15
119900104,35,47,-12
119900105,749,1596,-847
119900106,27,58,-31
119900107,316,844,-528
119900108,3214,582,2632
119900109,34,69,-35
119900110,741,267,474
119900111,382,69,313
119900112,516,1243,-727
119900113,93,176,-83
119900114,444,258,186
119900115,1158,228,930
119900116,354,512,-158
119900117,588,169,419
119900118,289,146,143
119900119,614,127,487
119900120,443,195,248
119900121,1167,227,940
119900122,185,59,126
119900123,117,148,-31
119900124,495,207,288
119900125,109,89,20
119900126,1606,243,1363
119900127,611,184,427
119900128,929,1409,-480
119900129,740,107,633
119900130,28,55,-27
119900131,90,38,52
119900132,0,27,-27
119900133,340,72,268
119900134,314,64,250
119900135,0,147,-147
119900136,170,110,60
119900138,282,227,55
119900139,16,1244,-1228
119900140,7,39,-32
119900141,14,1119,-1105
119900142,18,20,-2
119900143,10,143,-133
119900144,713,230,483
119900145,40,253,-213
119900146,468,205,263
119900147,1,221,-220
119900148,731,33,698
119900149,371,10397,-10026
119900150,159,95,64
119900151,2203,1153,1050
119900152,504,68,436
119900153,375,56,319
119900154,128,153,-25
119900155,97,20,77
119900156,17,8,9
119900157,268,74,194
119900158,322,79,243
119900159,0,245,-245
119900160,11,80,-69
119900161,258,59,199
119900162,2131,782,1349
119900163,262,228,34
119900164,0,2,-2
119900165,282,42,240
119900166,123,19,104
119900167,1,35,-34
119900168,2866,194,2672
119900169,33,290,-257
119900170,333,178,155
119900171,1296,777,519
119900172,38,26,12
119900173,10,66,-56
119900174,7,61,-54
119900175,3997,257,3740
119900177,3,64,-61
119900178,0,55,-55
119900179,550,1793,-1243
119900180,2479,601,1878
119900181,19,45,-26
119900182,0,63,-63
119900183,140,360,-220
119900184,544,504,40
119900185,59,540,-481
119900186,13,2735,-2722
119900187,0,149,-149
119900188,189,257,-68
119900189,201,222,-21
119900190,152,462,-310
119900191,205,231,-26
119900192,36,95,-59
119900193,1570,88,1482
119900194,69,26,43
119900195,7,92,-85
119900196,325,156,169
119900197,680,145,535
119900198,135,874,-739
119900199,186,14,172
119900200,1153,1770,-617
119900201,111,69,42
119900202,25,379,-354
119900203,224,859,-635
119900204,507,173,334
119900205,2427,265,2162
119900206,647,644,3
119900208,538,71,467
119900209,811,3456,-2645
119900210,170,10,160
119900211,168,2,166
119900212,670,413,257
119900213,7,63,-56
119900214,163,46,117
119900215,104,21,83
119900216,50,9,41
119900217,11,5,6
119900218,9,319,-310
119900219,44,58,-14
119900220,6,8,-2
119900221,85,31,54
119900222,27,29,-2
119900223,13,20,-7
119900224,12,7,5
119900225,274,48,226
119900226,136,3079,-2943
119900227,180,98,82
119900228,26,2366,-2340
119900229,81,134,-53
119900230,1967,177,1790
119900231,802,80,722
119900232,218,85,133
119900233,102,7,95
119900234,5,155,-150
119900235,2,33,-31
119900236,125,144,-19
119900237,305,381,-76
119900238,2,38,-36
119900240,258,59,199
119900241,479,161,318
119900242,1846,1672,174
119900244,682,912,-230
119900245,363,192,171
119900246,155,472,-317
119900247,22,25,-3
119900248,30,815,-785
119900249,531,82,449
119900253,1521,341,1180
119900254,96,2367,-2271
119900255,145,460,-315
119900256,2006,274,1732
119900257,189,2,187
119900258,613,22,591
119900259,4,31,-27
119900260,362,10,352
119900261,888,2147,-1259
119900262,3,47,-44
119900263,2138,335,1803
119900264,400,35,365
119900265,872,351,521
119900266,1057,210,847
119900267,283,278,5
119900268,452,69,383
119900269,2561,535,2026
119900271,152,101,51
119900272,174,144,30
119900275,267,6,261
119900276,112,2,110
119900277,9,3,6
119900278,570,76,494
119900279,228,363,-135
119900280,702,45,657
119900281,0,468,-468
119900282,24,101,-77
119900283,64,64,0
119900284,46,121,-75
119900285,25,207,-182
119900286,9,9,0
119900288,1,6,-5
119900289,0,19,-19
119900290,16,0,16
119900291,2,32,-30
119900292,17,96,-79
119900293,55,42,13
119900294,35,54,-19
119900295,26,8,18
119900296,175,37,138
119900297,4,36,-32
119900298,2,22,-20
119900299,497,197,300
119900300,1309,855,454
119900301,63,128,-65
119900302,24,179,-155
119900303,778,1460,-682
119900304,422,6,416
119900305,2,58,-56
119900306,17,3,14
119900307,72,54,18
119900308,15,42,-27
119900309,96,381,-285
119900310,587,133,454
119900311,389,27,362
119900312,156,42,114
119900313,259,297,-38
119900314,371,531,-160
119900315,4397,581,3816
119900318,26,155,-129
119900319,7,92,-85
119900320,562,144,418
119900321,525,28,497
119900322,0,1,-1
119900323,1,3,-2
119900324,0,2,-2
119900325,1,4,-3
120000001,11146,40873,-29727
120000002,3639,2717,922
120000003,2658,696,1962
120000004,3311,873,2438
120000005,3192,1075,2117
120000006,1772,783,989
120000007,3617,5440,-1823
120000008,1732,657,1075
120000009,1447,950,497
120000010,3062,5982,-2920
120000011,1681,1260,421
120000012,2313,1240,1073
120000013,4982,2505,2477
120000014,1346,1179,167
120000015,3640,1370,2270
120000016,5697,2491,3206
120000017,6322,6021,301
120000018,3905,26292,-22387
120000019,1667,1451,216
120000020,2564,3645,-1081
120000021,1952,1051,901
120000022,2662,2979,-317
120000023,2028,1269,759
120000024,1321,1563,-242
120000025,4240,1482,2758
120000026,5543,1381,4162
120000027,3334,1963,1371
120000028,674,1835,-1161
120000029,1635,1250,385
120000030,210,1813,-1603
120000031,2388,5985,-3597
120000032,4676,1886,2790
120000033,5444,850,4594
120000034,7245,713,6532
120000035,6890,1091,5799
120000036,5365,6250,-885
120000037,611,2814,-2203
120000038,5023,2505,2518
120000039,749,2634,-1885
120000040,108,14919,-14811
120000041,997,1925,-928
120000042,5110,1363,3747
120000043,9179,972,8207
120000044,12319,1867,10452
120000045,12326,626,11700
120000046,8023,6742,1281
120000047,657,17740,-17083
120000048,7065,3482,3583
120000049,6190,2142,4048
120000050,5308,4138,1170
120000051,2488,5679,-3191
120000052,6748,730,6018
120000053,2785,1075,1710
120000054,2479,2127,352
120000055,2293,2723,-430
120000056,5377,3328,2049
120000057,5038,2802,2236
120000058,1783,1077,706
120000059,22,2981,-2959
120000061,130,1029,-899
120000062,190,167,23
120000063,734,1840,-1106
120000064,584,885,-301
120000065,605,4455,-3850
120000066,282,246,36
120000067,49,182,-133
120000068,552,210,342
120000069,1380,245,1135
120000070,439,462,-23
120000071,2121,187,1934
120000072,2602,658,1944
120000073,2435,92,2343
120000074,122,141,-19
120000075,2441,662,1779
120000076,5426,1772,3654
120000077,5158,419,4739
120000078,2995,953,2042
120000079,323,122,201
120000080,32,220,-188
120000081,283,80,203
120000082,351,161,190
120000083,47,803,-756
120000084,439,450,-11
120000085,462,956,-494
120000086,246,200,46
120000087,339,238,101
120000088,866,594,272
120000089,1253,262,991
120000090,1177,360,817
120000091,2350,1496,854
120000092,1431,246,1185
120000093,1929,406,1523
120000094,719,667,52
120000095,1334,133,1201
120000096,599,243,356
120000098,1502,2214,-712
120000099,636,316,320
120000100,1213,503,710
120000101,1111,561,550
120000102,1241,1451,-210
120000103,2351,1134,1217
120000104,4210,538,3672
120000105,4155,249,3906
120000106,6842,322,6520
120000107,12240,881,11359
120000108,4310,154,4156
120000109,2488,73,2415
120000110,54,599,-545
120000111,222,555,-333
120000112,846,1039,-193
120000113,769,1687,-918
120000114,659,719,-60
120000115,544,660,-116
120000116,455,1175,-720
120000117,603,588,15
120000118,59,51,8
120000119,4,24,-20
120000120,244,405,-161
120000121,21,9,12
120000122,251,1597,-1346
120000123,2038,15252,-13214
120000124,627,350,277
120000125,1974,554,1420
120000126,716,1484,-768
120000127,832,833,-1
120000128,2616,3451,-835
120000129,221,159,62
120000130,1185,472,713
120000131,799,387,412
120000134,1050,212,838
120000135,1909,823,1086
120000137,633,216,417
120000138,4082,129,3953
120000139,728,395,333
120000140,3632,134,3498
120000141,912,2123,-1211
120000142,1549,2064,-515
120000143,0,23,-23
120000144,270,49,221
120000145,1413,1,1412
120000146,770,1017,-247
120000149,557,430,127
120000150,1509,14556,-13047
120000151,1252,221,1031
120000152,2833,205,2628
120000153,2076,423,1653
120000154,901,834,67
120000155,484,528,-44
120000156,838,3654,-2816
120000157,2676,475,2201
120000158,1652,807,845
120000159,2779,1090,1689
120000160,2412,1414,998
120000161,6182,2941,3241
120000162,211,239,-28
120000163,2273,405,1868
120000164,1960,168,1792
120000165,2601,254,2347
120000166,3947,384,3563
120000167,123,156,-33
120000168,3,428,-425
120000169,16,1152,-1136
120000170,9,1161,-1152
120000171,10,327,-317
120000172,3,194,-191
120000173,165,633,-468
120000174,18,62,-44
120000175,25,32,-7
120000176,9,51,-42
120000177,408,120,288
120000178,16,17,-1
120000179,47,82,-35
120000180,23,74,-51
120000181,33,802,-769
120000182,12,503,-491
120000183,8,175,-167
120000184,79,780,-701
120000186,17,428,-411
120000187,14,538,-524
120000188,13,240,-227
120000190,63,24,39
120000191,65,29,36
120000192,74,5,69
120000193,31,3,28
120000195,3,0,3
120000196,16,2,14
120000197,3,11,-8
120000198,676,10,666
120000199,775,1,774
120000200,472,3,469
120000201,42,136,-94
120000202,2,29,-27
120000203,341,78,263
120000207,1,27,-26
120000208,14,54,-40
120000209,20,13,7
120000210,51,30,21
120000211,1093,9,1084
120000212,852,6,846
120000213,708,341,367
120000214,2,34,-32
120000215,2,51,-49
120000216,903,39,864
120000217,207,571,-364
120000218,20,401,-381
120000219,2,276,-274
120000220,1,611,-610
120000225,5172,8,5164
120000226,1125,31,1094
120000227,1542,261,1281
120000228,12565,6553,6012
120000230,823,25,798
120000231,3875,457,3418
120000233,1823,14,1809
120000235,848,496,352
120000236,4226,3,4223
120000237,0,596,-596
120000238,0,403,-403
120000241,1554,7010,-5456
120000412,1424,28,1396
120000413,1408,146,1262
120000414,656,5,651
120000415,1,25,-24
120000416,309,19,290
120000417,26,1797,-1771
120000418,621,33,588
120000419,25,50,-25
120000420,88,13,75
120000421,8053,4512,3541
120000422,90,4891,-4801
120000423,8,175,-167
120000424,784,49,735
120000436,98,1863,-1765
120000437,96,65,31
120000438,1500,257,1243
120000439,308,1014,-706
120000443,397,0,397
120000444,3890,628,3262
120000445,3808,1686,2122
120000446,1083,75,1008
120000447,1480,4,1476
120000449,541,6,535
120000450,3,150,-147
120000451,297,90,207
120000452,227,1,226
120000453,1,35,-34
120000454,53,106,-53
120000455,181,42,139
120000456,1887,7728,-5841
120000457,574,211,363
120000458,804,366,438
120000459,613,102,511
120000665,106,524,-418
120000668,119,1269,-1150
120000669,990,120,870
120000670,39,456,-417
120000671,5314,1135,4179
120000672,61,344,-283
120900001,99,52,47
120900002,237,643,-406
120900003,209,3,206
120900004,27,260,-233
120900005,850,310,540
120900006,1539,178,1361
120900007,380,144,236
120900008,1247,540,707
120900009,233,3,230
120900010,1377,217,1160
120900011,9,112,-103
120900012,33,1706,-1673
120900013,556,97,459
120900014,25,152,-127
120900015,2039,122,1917
120900016,3547,77,3470
120900017,1906,291,1615
120900018,648,179,469
120900019,586,409,177
120900020,402,551,-149
120900021,662,92,570
120900022,4,58,-54
120900023,918,1436,-518
120900024,1757,772,985
120900025,1594,606,988
120900026,282,84,198
120900027,558,25,533
120900028,1272,249,1023
120900029,11,1609,-1598
120900030,3323,444,2879
120900031,748,100,648
120900032,3400,383,3017
120900033,3020,186,2834
120900034,9,4576,-4567
120900035,370,58,312
120900037,972,23,949
120900038,119,785,-666
120900039,120,95,25
120900040,1121,11,1110
120900041,25,6,19
120900042,1471,27,1444
120900043,333,112,221
120900044,15,636,-621
120900045,288,42,246
120900046,1868,7,1861
120900047,215,368,-153
120900048,345,24,321
120900049,1651,14,1637
120900050,569,5504,-4935
120900051,1097,74,1023
120900052,3074,6,3068
120900053,1214,56,1158
120900054,1186,200,986
120900055,1615,19,1596
120900056,1187,57,1130
120900057,725,16,709
120900058,1816,12,1804
120900059,418,7,411
120900060,202,9,193
120900061,298,98,200
120900062,947,2,945
120900063,2053,40,2013
120900064,1905,9,1896
120900065,1501,2,1499
120900066,2648,156,2492
120900067,376,148,228
120900068,1200,2,1198
120900069,1127,19,1108
120900071,110,3,107
120900072,2001,24,1977
120900073,1787,33,1754
120900074,2169,69,2100
120900076,1400,0,1400
120900077,1303,482,821
120900078,1673,141,1532
120900079,2676,88,2588
120900080,2512,334,2178
120900081,4003,416,3587
120900082,978,568,410
120900083,229,1,228
120900084,954,624,330
120900085,62,91,-29
120900086,40,1496,-1456
120900087,752,268,484
120900088,273,1108,-835
120900089,3986,6573,-2587
120900090,527,12,515
120900091,188,1132,-944
120900092,190,138,52
120900093,923,110,813
120900094,309,99,210
120900095,427,15,412
120900096,224,149,75
120900097,927,264,663
120900098,41,80,-39
120900099,230,23,207
120900100,65,58,7
120900101,35,84,-49
120900102,127,26,101
120900103,219,162,57
120900104,9,39,-30
120900105,22,312,-290
120900106,316,121,195
120900107,278,80,198
120900108,8,279,-271
120900109,80,239,-159
120900110,10,191,-181
120900111,290,173,117
120900112,97,263,-166
120900113,7,532,-525
120900114,39,111,-72
120900115,129,164,-35
120900116,2128,132,1996
120900117,4,98,-94
120900118,50,2945,-2895
120900119,5978,2156,3822
120900120,187,207,-20
120900121,51,215,-164
120900122,2161,183,1978
120900123,9,60,-51
120900124,2,173,-171
120900125,16,345,-329
120900126,169,324,-155
120900127,31,110,-79
120900128,392,412,-20
120900129,3,152,-149
120900130,100,236,-136
120900131,54,129,-75
120900132,2595,170,2425
120900133,14,491,-477
120900134,94,124,-30
120900135,1,921,-920
120900136,22,133,-111
120900137,876,88,788
120900138,0,127,-127
120900139,5,224,-219
120900140,1,172,-171
120900141,763,142,621
120900142,2,113,-111
120900143,2,176,-174
120900144,0,29,-29
120900145,123,2900,-2777
120900146,0,111,-111
120900147,3,5,-2
120900148,380,140,240
120900149,0,99,-99
120900150,152,91,61
120900151,5,91,-86
120900152,8,2,6
120900153,0,0,0
120900154,2,66,-64
120900155,486,221,265
120900156,689,133,556
120900157,0,1,-1
120900158,108,186,-78
120900159,1,43,-42
120900160,57,460,-403
120900161,26,387,-361
120900162,24,319,-295
120900163,42,393,-351
120900164,0,30,-30
120900165,0,45,-45
120900166,54,575,-521
120900167,216,31,185
120900169,373,172,201
120900170,450,6922,-6472
120900171,432,67,365
120900172,63,877,-814
120900173,17,35,-18
120900174,11,130,-119
120900175,203,81,122
120900176,52,691,-639
120900177,6,3745,-3739
120900178,0,1494,-1494
120900179,132,146,-14
120900180,48,144,-96
120900181,18,8,10
120900182,76,51,25
120900183,412,38,374
120900184,156,25,131
120900185,240,1353,-1113
120900186,1,103,-102
120900187,1654,702,952
120900188,879,4,875
120900189,32,5781,-5749
120900190,629,29,600
120900191,309,7,302
120900192,5670,23902,-18232
120900194,212,122,90
120900195,300,102,198
120900196,304,13,291
120900197,1103,97,1006
120900198,97,462,-365
120900199,407,1495,-1088
120900200,59,107,-48
120900201,166,86,80
120900202,0,76,-76
120900203,21,56,-35
120900204,53,109,-56
120900205,595,21,574
120900206,96,112,-16
121000001,855,1288,-433
121000002,2902,2270,632
121000003,5419,2064,3355
121000004,2051,4290,-2239
121000005,2813,3573,-760
121000006,2352,3424,-1072
121000007,3419,4453,-1034
121000008,4241,5530,-1289
121000009,5321,9233,-3912
121000010,6035,7423,-1388
121000011,5956,7030,-1074
121000012,12368,4765,7603
121000013,6153,5052,1101
121000014,4984,3193,1791
121000015,5085,7402,-2317
121000016,3595,4607,-1012
121000017,4792,2067,2725
121000018,4321,1988,2333
121000019,8952,8576,376
121000020,8652,14523,-5871
121000021,2198,3930,-1732
121000022,3221,4424,-1203
121000023,3350,2011,1339
121000024,6008,8203,-2195
121000025,304,2035,-1731
121000026,213,121,92
121000027,1509,1455,54
121000028,1037,689,348
121000029,1395,611,784
121000030,1046,506,540
121000031,460,601,-141
121000032,175,100,75
121000034,374,609,-235
121000035,195,247,-52
121000036,1683,1050,633
121000037,737,977,-240
121000038,359,1189,-830
121000039,185,386,-201
121000041,405,436,-31
121000042,256,375,-119
121000043,393,547,-154
121000044,1138,1427,-289
121000045,888,365,523
121000046,1573,883,690
121000047,31,94,-63
121000049,1033,625,408
121000050,205,1759,-1554
121000051,1034,333,701
121000052,612,975,-363
121000053,323,237,86
121000054,45,651,-606
121000055,936,2614,-1678
121000056,855,1885,-1030
121000057,153,441,-288
121000058,168,95,73
121000059,4188,988,3200
121000060,665,1026,-361
121000061,12,538,-526
121000062,106,602,-496
121000063,1027,1378,-351
121000064,758,1235,-477
121000065,318,548,-230
121000066,791,617,174
121000067,416,955,-539
121000068,469,564,-95
121000069,133,1388,-1255
121000070,1359,1971,-612
121000071,2406,1791,615
121000072,856,1796,-940
121000073,1056,3369,-2313
121000074,58,589,-531
121000075,38,36,2
121000076,391,271,120
121000077,144,180,-36
121000078,79,156,-77
121000080,2136,530,1606
121000081,2926,4268,-1342
121000082,86,91,-5
121000083,32,130,-98
121000084,155,186,-31
121000085,159,647,-488
121000086,1111,727,384
121000087,81,244,-163
121000088,1021,1015,6
121000089,193,656,-463
121000090,325,327,-2
121000091,1452,817,635
121000092,382,43,339
121000093,448,167,281
121000094,500,1223,-723
121000095,306,784,-478
121000096,6368,1614,4754
121000097,525,1911,-1386
121000098,1292,471,821
121000099,1485,504,981
121000100,1821,172,1649
121000101,770,112,658
121000102,759,149,610
121000103,543,207,336
121000104,683,124,559
121000105,705,70,635
121000106,784,170,614
121000107,1957,2103,-146
121000109,1416,990,426
121000110,158,645,-487
121000114,3109,1783,1326
121000115,2008,532,1476
121000116,340,660,-320
121000117,271,221,50
121000118,1873,194,1679
121000119,633,290,343
121000120,817,1339,-522
121000121,897,1653,-756
121000123,1152,303,849
121000126,115,277,-162
121000127,531,120,411
121000128,2376,125,2251
121000129,2287,226,2061
121000130,1378,1066,312
121000131,2369,1022,1347
121000132,913,663,250
121000135,468,666,-198
121000136,732,1782,-1050
121000137,790,568,222
121000138,472,3360,-2888
121000139,183,864,-681
121000141,210,207,3
121000142,554,421,133
121000143,106,23,83
121000144,619,1008,-389
121000145,1011,645,366
121000146,1622,848,774
121000147,2177,513,1664
121000148,1120,391,729
121000149,4116,1837,2279
121000152,292,584,-292
121000153,1471,444,1027
121000154,1685,551,1134
121000155,2364,1013,1351
121000156,491,912,-421
121000157,503,1035,-532
121000158,288,248,40
121000159,363,293,70
121000160,398,183,215
121000161,289,391,-102
121000162,308,87,221
121000165,1033,2173,-1140
121000166,64,382,-318
121000168,891,136,755
121000169,124,76,48
121000170,439,83,356
121000171,41,110,-69
121000172,1257,2030,-773
121000173,1666,1596,70
121000174,1155,602,553
121000175,2666,356,2310
121000176,662,165,497
121000177,1129,595,534
121000178,94,96,-2
121000179,65,377,-312
121000181,362,280,82
121000182,297,643,-346
121000183,79,362,-283
121000184,25,218,-193
121000185,10,357,-347
121000186,190,694,-504
121000187,366,291,75
121000188,545,44,501
121000192,1309,219,1090
121000193,1297,231,1066
121000194,1836,1789,47
121000195,298,1035,-737
121000196,675,374,301
121000197,120,760,-640
121000198,153,229,-76
121000199,311,260,51
121000200,967,149,818
121000201,13,231,-218
121000202,1068,140,928
121000203,1235,1300,-65
121000204,4500,497,4003
121000205,237,237,0
121000206,151,73,78
121000207,3627,946,2681
121000208,31,398,-367
121000209,1391,87,1304
121000210,1755,365,1390
121000211,723,107,616
121000212,824,501,323
121000213,14573,3758,10815
121000214,1253,3287,-2034
121000215,603,1479,-876
121000216,486,827,-341
121000217,5019,4742,277
121000218,548,1866,-1318
121000219,2017,905,1112
121000220,257,70,187
121000221,885,725,160
121000222,7412,3093,4319
121000223,145,555,-410
121000224,109,461,-352
121000225,629,10844,-10215
121000226,926,3412,-2486
121000227,7,114,-107
121000228,55,576,-521
121000229,981,347,634
121000230,56,2546,-2490
121000231,2920,43,2877
121000232,423,276,147
121000233,1187,461,726
121000234,25,43,-18
121000235,79,209,-130
121000236,1,53,-52
121000237,17,71,-54
121000238,8,145,-137
121000239,264,16,248
121000240,4,150,-146
121000241,128,7,121
121000242,14,239,-225
121000243,262,57,205
121000244,5,39,-34
121000245,47,11,36
121000246,0,74,-74
121000247,216,8,208
121000248,371,352,19
121000249,138,223,-85
121000250,841,717,124
121000251,30,236,-206
121000252,275,173,102
121000253,605,602,3
121000254,1253,342,911
121000255,124,620,-496
121000256,372,551,-179
121000257,63,327,-264
121000258,78,349,-271
121000259,21,161,-140
121000260,31,111,-80
121000261,86,220,-134
121000262,1733,419,1314
121000263,745,1565,-820
121000271,1048,1658,-610
121000273,87,11,76
121000274,36,319,-283
121000275,9,22,-13
121000276,20,133,-113
121000278,174,24,150
121000279,82,160,-78
121000280,66,67,-1
121000289,758,21,737
121000290,1147,1021,126
121000294,796,33,763
121000297,355,1241,-886
121000299,127,4484,-4357
121000300,1673,794,879
121000302,11,710,-699
121000303,1009,272,737
121000304,942,55,887
121000305,575,74,501
121000306,413,190,223
121000308,141,182,-41
121000309,236,247,-11
121000310,162,213,-51
121000311,92,268,-176
121000312,586,472,114
121000313,211,230,-19
121000314,30,48,-18
121000315,24,116,-92
121000530,3716,1325,2391
121000531,3046,2574,472
121000532,5930,7184,-1254
121000533,5103,2873,2230
121000918,37,109,-72
121000919,53,130,-77
121000938,110,134,-24
121000939,33,265,-232
121000956,3342,2640,702
121000957,8,56,-48
121000958,5,152,-147
121000959,2379,354,2025
121000960,2359,1428,931
121000961,749,40,709
121000962,237,262,-25
121000973,0,610,-610
121000976,25,95,-70
121000979,423,144,279
121000981,660,84,576
121000982,741,530,211
121000983,1006,94,912
121000984,6,49,-43
121000985,2037,684,1353
121000986,1784,230,1554
121000987,513,561,-48
121000988,2467,84,2383
121001302,328,117,211
121001308,1,20,-19
121001309,16,609,-593
121001313,439,294,145
121001314,2306,2526,-220
121001315,6242,4025,2217
121900001,249,815,-566
121900002,36,140,-104
121900003,817,2,815
121900004,44,547,-503
121900005,24,7,17
121900006,321,28,293
121900007,2016,2109,-93
121900008,51,123,-72
121900009,1247,18,1229
121900010,587,2,585
121900011,400,160,240
121900012,31,1,30
121900013,72,117,-45
121900014,2929,391,2538
121900015,115,119,-4
121900016,7,38,-31
121900017,799,1654,-855
121900018,969,7,962
121900019,942,184,758
121900020,85,16,69
121900021,2048,32,2016
121900022,371,119,252
121900023,249,467,-218
121900024,588,41,547
121900025,878,362,516
121900026,334,52,282
121900027,507,286,221
121900028,341,7,334
121900029,184,409,-225
121900030,547,446,101
121900031,1401,9380,-7979
121900032,256,92,164
121900033,112,176,-64
121900034,281,137,144
121900035,5350,3130,2220
121900036,132,169,-37
121900037,241,759,-518
121900038,40,42,-2
121900039,270,24,246
121900040,81,80,1
121900041,37,164,-127
121900042,642,117,525
121900043,0,1,-1
121900044,68,48,20
121900046,206,163,43
121900047,211,54,157
121900048,113,45,68
121900050,35,126,-91
121900051,214,249,-35
121900052,217,11,206
121900053,577,518,59
121900054,602,3029,-2427
121900055,72,25,47
121900058,600,193,407
121900059,351,105,246
121900060,233,610,-377
121900061,185,187,-2
121900062,186,96,90
121900063,2651,340,2311
121900064,756,618,138
121900066,195,59,136
121900067,82,300,-218
121900069,143,124,19
121900070,211,232,-21
121900071,1215,312,903
121900072,45,110,-65
121900073,289,175,114
121900074,299,550,-251
121900075,521,839,-318
121900076,649,1142,-493
121900077,46,18,28
121900078,247,118,129
121900079,2,1,1
121900080,1179,215,964
121900082,79,121,-42
121900084,37,29,8
121900085,1,4,-3
121900086,76,53,23
121900087,126,53,73
121900088,1569,1868,-299
121900089,609,142,467
121900090,49,256,-207
121900091,144,8,136
121900092,427,80,347
121900093,146,80,66
121900094,6,17,-11
121900095,544,131,413
121900096,1610,616,994
121900097,1171,97,1074
121900098,11,2,9
121900099,654,16,638
121900100,93,174,-81
121900101,130,89,41
121900102,3,60,-57
121900103,645,231,414
121900104,2765,603,2162
121900105,181,177,4
121900106,4,18,-14
121900107,280,28,252
121900108,1,20,-19
121900109,256,125,131
121900110,1197,395,802
121900111,440,296,144
121900112,171,87,84
121900113,42,766,-724
121900114,219,96,123
121900117,151,61,90
121900118,1488,651,837
121900119,226,240,-14
121900120,54,880,-826
121900121,370,16,354
121900122,244,68,176
121900123,320,344,-24
121900124,163,301,-138
121900125,2244,1321,923
121900127,39,78,-39
121900128,156,42,114
121900129,177,72,105
121900130,95,332,-237
121900131,345,187,158
121900132,163,95,68
121900133,3,673,-670
121900134,9,282,-273
121900135,4381,361,4020
121900136,298,929,-631
121900137,32,341,-309
121900138,94,276,-182
121900139,413,1709,-1296
121900140,76,61,15
121900141,117,50,67
121900142,140,10,130
121900143,13,173,-160
121900144,119,459,-340
121900145,292,933,-641
121900146,479,360,119
121900147,90,107,-17
121900148,88,190,-102
121900149,412,380,32
121900150,96,56,40
121900151,21,181,-160
121900152,213,72,141
121900153,34,230,-196
121900154,0,226,-226
121900155,1,366,-365
121900156,160,79,81
121900157,0,65,-65
121900158,137,89,48
121900159,0,78,-78
121900160,48,118,-70
121900161,111,205,-94
121900162,108,95,13
121900163,857,243,614
121900164,180,189,-9
121900165,171,133,38
121900166,196,89,107
121900167,84,30,54
121900168,110,24,86
121900169,39,120,-81
121900170,36,116,-80
121900171,1536,444,1092
121900172,779,179,600
121900173,655,314,341
121900174,244,27,217
121900175,88,647,-559
121900176,1074,1300,-226
121900177,278,103,175
121900178,113,35,78
121900179,434,557,-123
121900180,1352,8873,-7521
121900182,575,377,198
121900183,219,2610,-2391
121900184,16,820,-804
121900186,7,475,-468
121900187,20,98,-78
121900188,1622,123,1499
121900189,59,89,-30
121900190,160,389,-229
121900191,27,339,-312
121900192,229,1981,-1752
121900193,70,139,-69
121900194,16,179,-163
121900195,11,48,-37
121900196,939,904,35
121900197,424,801,-377
121900198,2658,3163,-505
121900199,2,28,-26
121900200,69,555,-486
121900201,592,1192,-600
121900202,164,1592,-1428
121900203,77,1088,-1011
121900204,906,1970,-1064
121900205,10,65,-55
121900206,47,42,5
121900207,39,51,-12
121900208,99,407,-308
121900209,390,129,261
121900210,3022,1372,1650
121900211,44,53,-9
121900212,74,201,-127
121900213,835,32,803
121900214,6,843,-837
121900215,106,190,-84
121900216,3,382,-379
121900217,140,333,-193
121900218,138,562,-424
121900220,147,10,137
121900221,385,416,-31
121900222,439,47,392
121900223,95,97,-2
121900224,133,97,36
121900225,121,412,-291
121900226,305,31,274
121900227,334,2398,-2064
121900228,182,366,-184
121900230,56,271,-215
121900231,33,731,-698
121900232,93,437,-344
121900233,313,159,154
121900234,441,306,135
121900235,1122,82,1040
121900236,424,197,227
121900237,152,418,-266
121900238,117,288,-171
121900239,180,42,138
121900240,195,119,76
121900241,70,51,19
121900242,50,0,50
121900243,22,0,22
121900244,25,3,22
121900245,384,56,328
121900246,7304,246,7058
121900247,218,682,-464
121900248,1391,781,610
121900250,272,177,95
121900251,535,35,500
121900252,400,115,285
121900253,31,515,-484
121900254,219,263,-44
121900255,526,71,455
121900258,4800,2052,2748
121900259,274,419,-145
121900260,340,76,264
121900261,160,649,-489
121900262,377,1296,-919
121900263,370,272,98
121900264,808,905,-97
121900265,729,132,597
121900266,1154,97,1057
121900267,240,25,215
121900269,353,1341,-988
121900270,101,259,-158
121900271,95,133,-38
121900273,634,2258,-1624
121900274,886,202,684
121900277,249,691,-442
121900278,133,908,-775
121900279,282,190,92
121900280,180,513,-333
121900281,145,116,29
121900284,37,1,36
121900286,303,384,-81
121900287,6,68,-62
121900290,137,926,-789
121900291,367,636,-269
121900292,292,86,206
121900293,1099,4213,-3114
121900294,386,17,369
121900295,298,70,228
121900296,100,140,-40
121900298,187,1277,-1090
121900299,0,50,-50
121900300,39,8,31
121900301,13,0,13
121900302,30,81,-51
121900303,102,271,-169
121900304,47,32,15
121900305,22,21,1
121900306,780,6,774
121900307,509,9,500
121900308,35,156,-121
121900309,2,96,-94
121900310,46,110,-64
121900311,1197,56,1141
121900312,732,18,714
121900313,829,11,818
121900314,22,9,13
121900315,50,0,50
121900316,0,1,-1
121900317,51,19,32
121900318,0,1,-1
121900319,75,232,-157
121900320,32,8,24
121900321,81,1,80
121900322,7,2,5
121900323,16,47,-31
121900324,1,23,-22
121900325,18,0,18
121900326,0,8,-8
121900327,19,52,-33
121900328,1,36,-35
121900329,15,32,-17
121900330,1,104,-103
121900331,3,219,-216
121900332,36,34,2
121900333,22,0,22
122000001,1897,3385,-1488
122000002,2937,616,2321
122000003,1072,2226,-1154
122000004,1015,1798,-783
122000005,4763,2128,2635
122000006,546,835,-289
122000007,473,782,-309
122000008,850,1804,-954
122000009,261,336,-75
122000010,2006,2171,-165
122000011,2965,946,2019
122000012,552,1321,-769
122000013,599,969,-370
122000014,5969,1164,4805
122000015,1193,565,628
122000016,453,345,108
122000017,1088,888,200
122000018,2238,1273,965
122000019,785,1821,-1036
122000020,243,353,-110
122000021,119,344,-225
122000022,811,1099,-288
122000023,771,1621,-850
122000024,407,1618,-1211
122000025,350,1991,-1641
122000026,311,930,-619
122000027,648,608,40
122000028,1337,536,801
122000029,456,551,-95
122000030,145,121,24
122000031,214,462,-248
122000032,2265,1690,575
122000033,397,1357,-960
122000034,303,836,-533
122000035,105,402,-297
122000036,516,317,199
122000037,451,241,210
122000038,160,283,-123
122000039,592,396,196
122000040,236,307,-71
122000041,968,888,80
122000042,471,671,-200
122000043,68,120,-52
122000044,56,110,-54
122000045,1312,531,781
122000046,965,671,294
122000047,40,96,-56
122000048,2550,4078,-1528
122000049,5870,4524,1346
122000050,658,469,189
122000051,158,643,-485
122000052,451,498,-47
122000053,280,1565,-1285
122000054,2573,1739,834
122000055,1797,2618,-821
122000056,2946,2180,766
122000057,2258,2467,-209
122000058,421,1290,-869
122000059,482,2096,-1614
122000060,317,541,-224
122000061,89,459,-370
122000062,635,392,243
122000063,217,1517,-1300
122000064,3020,3754,-734
122000065,2243,2035,208
122000066,799,1408,-609
122000067,1051,1557,-506
122000068,3202,1358,1844
122000069,1423,778,645
122000070,1685,1995,-310
122000071,3684,1214,2470
122000072,562,469,93
122000073,141,703,-562
122000074,2933,1636,1297
122000075,1201,1026,175
122000076,3575,1296,2279
122000077,495,1402,-907
122000078,493,1523,-1030
122000079,188,2019,-1831
122000080,484,296,188
122000081,115,174,-59
122000082,220,1274,-1054
122000083,6698,891,5807
122000084,5088,1657,3431
122000085,542,1079,-537
122000086,2666,7240,-4574
122000087,154,293,-139
122000088,103,280,-177
122000089,4349,3101,1248
122000090,244,1193,-949
122000091,137,467,-330
122000092,53,136,-83
122000093,1434,4061,-2627
122000094,5375,2882,2493
122000095,619,4353,-3734
122000096,441,2890,-2449
122000098,3465,3642,-177
122000099,312,2304,-1992
122000100,668,445,223
122000101,303,1287,-984
122000102,3100,1138,1962
122000103,1282,1616,-334
122000104,1454,150,1304
122000105,622,404,218
122000106,585,1430,-845
122000107,1767,276,1491
122000108,740,442,298
122000109,401,239,162
122000110,561,342,219
122000111,1679,1221,458
122000112,1491,1644,-153
122000113,693,389,304
122000114,1408,3197,-1789
122000115,4027,2083,1944
122000116,400,1015,-615
122000117,1749,1213,536
122000118,1442,1279,163
122000119,1689,1575,114
122000120,1149,1643,-494
122000121,1670,1960,-290
122000122,795,927,-132
122000123,1668,2102,-434
122000124,853,608,245
122000125,298,746,-448
122000126,354,518,-164
122000127,222,812,-590
122000128,629,342,287
122000129,427,2904,-2477
122000130,3472,937,2535
122000131,2064,593,1471
122000132,214,213,1
122000133,1783,653,1130
122000134,1907,847,1060
122000135,573,144,429
122000136,1406,625,781
122000137,3690,624,3066
122000139,730,3984,-3254
122000140,101,1066,-965
122000141,3829,1692,2137
122000142,88,1612,-1524
122000143,388,263,125
122000144,3125,772,2353
122000145,1076,2650,-1574
122000146,552,4074,-3522
122000147,804,976,-172
122000148,359,1267,-908
122000149,2268,614,1654
122000150,2364,1290,1074
122000151,187,324,-137
122000152,386,276,110
122000153,478,321,157
122000154,180,236,-56
122000155,1269,3722,-2453
122000156,7741,3882,3859
122000157,551,8253,-7702
122000158,363,846,-483
122000159,1861,603,1258
122000160,2808,1139,1669
122000161,1428,1295,133
122000162,676,1068,-392
122000163,361,98,263
122000164,41,158,-117
122000165,928,1529,-601
122000166,744,1905,-1161
122000167,229,629,-400
122000168,193,1269,-1076
122000169,358,122,236
122000170,312,213,99
122000171,15,57,-42
122000172,1920,1312,608
122000173,1602,2504,-902
122000174,1185,4543,-3358
122000175,614,321,293
122000176,498,1546,-1048
122000177,734,1988,-1254
122000178,3330,3858,-528
122000179,3139,4510,-1371
122000180,638,948,-310
122000181,616,1698,-1082
122000182,907,1139,-232
122000183,1950,793,1157
122000184,3409,3093,316
122000185,850,2421,-1571
122000186,447,1140,-693
122000187,2390,854,1536
122000188,413,225,188
122000189,335,295,40
122000190,486,2428,-1942
122000191,653,828,-175
122000192,1468,391,1077
122000193,646,664,-18
122000194,443,174,269
122000195,170,1084,-914
122000196,2020,340,1680
122000197,690,623,67
122000198,498,2144,-1646
122000199,258,195,63
122000200,737,708,29
122000201,850,3115,-2265
122000202,681,3195,-2514
122000203,2196,1925,271
122000204,1794,1304,490
122000205,1238,536,702
122000206,4590,981,3609
122000207,2738,1763,975
122000208,2546,1443,1103
122000209,2766,403,2363
122000210,3143,1980,1163
122000211,1578,2012,-434
122000212,966,529,437
122000213,787,1669,-882
122000214,2081,2022,59
122000215,2632,2782,-150
122000217,1381,2121,-740
122000218,680,73,607
122000219,1213,499,714
122000220,373,767,-394
122000221,106,308,-202
122000222,611,161,450
122000223,862,932,-70
122000225,882,635,247
122000226,1854,1314,540
122000227,185,1540,-1355
122000228,446,730,-284
122000229,32,2002,-1970
122000230,27,464,-437
122000231,345,1436,-1091
122000232,604,406,198
122000233,0,46,-46
122000234,1103,109,994
122000235,687,60,627
122000236,2247,57,2190
122000237,210,320,-110
122000238,395,708,-313
122000239,550,1680,-1130
122000240,1765,660,1105
122000241,3799,513,3286
122000242,685,85,600
122000243,16,106,-90
122000244,8,639,-631
122000245,6,98,-92
122000246,20,276,-256
122000247,1371,3449,-2078
122000248,1412,1146,266
122000249,2068,3027,-959
122000250,2341,1041,1300
122000251,197,126,71
122000252,310,23,287
122000253,179,128,51
122000254,837,33,804
122000255,662,471,191
122000256,394,531,-137
122000257,938,197,741
122000258,419,294,125
122000259,33,171,-138
122000260,9,96,-87
122000261,32,207,-175
122000262,0,18,-18
122000263,285,178,107
122000264,2517,290,2227
122000265,3622,1069,2553
122000266,4245,407,3838
122000267,68,78,-10
122000268,180,120,60
122000269,1196,251,945
122000270,616,174,442
122000271,249,1760,-1511
122000272,656,488,168
122000273,1147,179,968
122000274,492,163,329
122000275,58,226,-168
122000276,2324,735,1589
122000277,1206,2724,-1518
122000278,3817,575,3242
122000279,471,436,35
122000280,779,654,125
122000281,708,349,359
122000282,85,897,-812
122000283,289,315,-26
122000284,51,498,-447
122000285,501,153,348
122000286,106,213,-107
122000287,2457,1884,573
122000288,634,343,291
122000291,3418,708,2710
122000293,157,332,-175
122000294,148,674,-526
122000295,1490,564,926
122000296,44,1890,-1846
122000297,1951,4555,-2604
122000299,806,329,477
122000300,458,785,-327
122000301,7618,5453,2165
122000302,481,7082,-6601
122000303,1633,1336,297
122000304,19,299,-280
122000305,3084,423,2661
122000306,172,260,-88
122000307,109,220,-111
122000309,25,91,-66
122000310,8,53,-45
122000311,23,107,-84
122000312,131,211,-80
122000313,11,151,-140
122000314,303,893,-590
122000315,452,37,415
122000316,2558,321,2237
122000317,5084,298,4786
122000318,357,2864,-2507
122000319,163,220,-57
122000320,279,759,-480
122000321,106,112,-6
122000322,1052,1953,-901
122000323,477,1520,-1043
122000324,1545,2121,-576
122000325,966,2463,-1497
122000326,275,75,200
122000327,388,743,-355
122000328,504,436,68
122000330,3102,1804,1298
122000332,246,501,-255
122000333,66,59,7
122000337,2511,1609,902
122000338,810,185,625
122000340,163,2791,-2628
122000342,1434,850,584
122000343,938,289,649
122000344,170,9,161
122000345,67,29,38
122000346,437,83,354
122000348,908,664,244
122000349,82,248,-166
122000351,469,205,264
122000352,207,140,67
122000353,334,51,283
122000355,61,429,-368
122000356,253,1432,-1179
122000357,73,26,47
122000358,0,18,-18
122000359,0,8,-8
122000360,0,4,-4
122000362,56,62,-6
122000364,733,164,569
122000365,1,51,-50
122000366,24,18,6
122000368,665,765,-100
122000370,61,55,6
122000371,100,0,100
122000372,42,2,40
122000381,366,307,59
122000382,50,107,-57
122000384,1196,1434,-238
122000385,136,1,135
122000386,177,2676,-2499
122000387,553,1824,-1271
122000388,1679,1133,546
122000389,136,877,-741
122000390,295,520,-225
122000391,23,1744,-1721
122000392,121,125,-4
122000393,52,209,-157
122000394,1091,150,941
122000395,241,182,59
122000396,526,58,468
122000397,42,72,-30
122000398,4,180,-176
122000399,309,96,213
122000400,27,995,-968
122000401,295,36,259
122000402,1098,163,935
122000403,465,283,182
122000404,576,164,412
122000408,502,708,-206
122000503,17,104,-87
122000524,69,190,-121
122000544,101,3463,-3362
122000616,330,2,328
122000640,190,61,129
122000641,364,134,230
122000642,1698,487,1211
122000643,59,310,-251
122000644,126,53,73
122000645,70,150,-80
122000651,380,1429,-1049
122000664,334,62,272
122000665,1569,353,1216
122000666,477,465,12
122000673,53,147,-94
122000674,1031,372,659
122000675,3617,675,2942
122000686,452,2487,-2035
122000687,3568,1031,2537
122000688,447,380,67
122000689,3692,349,3343
122000690,7286,614,6672
122000691,1396,678,718
122000692,2313,1039,1274
122000693,453,692,-239
122000695,661,263,398
122000696,1717,155,1562
122000698,575,143,432
122000699,1013,223,790
122000701,3295,225,3070
122000702,615,1067,-452
122000703,302,94,208
122000717,130,95,35
122000718,236,3468,-3232
122000719,21,96,-75
122000720,1367,63,1304
122000724,72,10,62
122900001,94,49,45
122900002,885,12133,-11248
122900003,905,25,880
122900004,5244,462,4782
122900005,40,382,-342
122900006,399,2607,-2208
122900007,68,134,-66
122900008,274,528,-254
122900009,380,308,72
122900010,374,68,306
122900012,268,364,-96
122900014,116,74,42
122900015,996,797,199
122900016,185,121,64
122900017,406,1025,-619
122900018,266,12,254
122900019,5,87,-82
122900020,272,824,-552
122900021,20,1102,-1082
122900022,2559,1185,1374
122900023,1646,75,1571
122900024,174,115,59
122900025,5,679,-674
122900026,4,97,-93
122900027,58,986,-928
122900028,67,50,17
122900029,5842,2392,3450
122900030,1754,294,1460
122900031,88,424,-336
122900032,511,387,124
122900033,158,116,42
122900034,3201,5688,-2487
122900035,10,3,7
122900036,48,37,11
122900037,715,210,505
122900038,68,3172,-3104
122900039,76,558,-482
122900040,353,774,-421
122900041,111,604,-493
122900042,175,132,43
122900043,572,232,340
122900044,106,440,-334
122900045,208,126,82
122900046,72,424,-352
122900047,181,104,77
122900048,48,354,-306
122900049,2321,66,2255
122900051,72,297,-225
122900052,149,73,76
122900053,8,29,-21
122900055,429,138,291
122900057,354,58,296
122900061,664,37,627
122900062,756,1088,-332
122900063,556,128,428
122900064,1653,640,1013
122900065,744,141,603
122900066,1314,221,1093
122900067,764,833,-69
122900068,88,223,-135
122900069,529,3100,-2571
122900070,712,68,644
122900071,96,227,-131
122900072,7,224,-217
122900073,27,67,-40
122900074,2504,160,2344
122900075,1,36,-35
122900076,1,101,-100
122900077,0,72,-72
122900078,431,18,413
122900080,17,92,-75
122900081,286,80,206
122900082,3045,94,2951
122900083,480,33,447
122900084,12,108,-96
122900086,7,91,-84
122900087,592,227,365
122900088,17,689,-672
122900089,40,727,-687
122900090,4,267,-263
122900091,1038,2,1036
122900092,0,72,-72
122900093,0,133,-133
122900094,1,115,-114
122900095,367,58,309
122900096,1473,65,1408
122900097,37,131,-94
122900098,19,181,-162
122900099,212,134,78
122900100,71,1702,-1631
122900101,341,339,2
122900102,94,65,29
122900103,628,28,600
122900104,1056,27,1029
122900105,28,99,-71
122900106,1,31,-30
122900107,2,63,-61
122900108,0,35,-35
123000001,995,798,197
123000002,2568,6640,-4072
123000003,6075,4956,1119
123000004,2987,3174,-187
123000005,4569,2425,2144
123000006,2333,1946,387
123000007,5767,4929,838
123000008,2099,4029,-1930
123000009,5774,3782,1992
123000010,2824,3502,-678
123000011,1978,1097,881
123000012,519,2846,-2327
123000013,7257,1302,5955
123000014,833,2705,-1872
123000015,4189,933,3256
123000016,2708,2773,-65
123000017,4915,2167,2748
123000018,217,77,140
123000019,1617,53,1564
123000020,1025,33,992
123000021,673,834,-161
123000022,1036,3382,-2346
123000023,2796,4466,-1670
123000024,2452,891,1561
123000025,20,116,-96
123000026,0,206,-206
123000027,30,721,-691
123000028,495,2708,-2213
123000029,377,1804,-1427
123000030,484,211,273
123000031,1043,144,899
123000032,1457,185,1272
123000033,561,101,460
123000034,1536,795,741
123000035,660,701,-41
123000036,288,1568,-1280
123000037,434,172,262
123000038,96,255,-159
123000039,538,1516,-978
123000040,582,249,333
123000041,675,1431,-756
123000042,492,1118,-626
123000043,1546,17776,-16230
123000044,2699,2301,398
123000045,2745,1811,934
123000046,252,1293,-1041
123000047,362,597,-235
123000048,247,2380,-2133
123000049,5155,11156,-6001
123000050,3870,2385,1485
123000051,255,501,-246
123000052,1237,3692,-2455
123000053,2924,2583,341
123000054,3960,2918,1042
123000055,2388,7486,-5098
123000056,1476,799,677
123000057,3897,5883,-1986
123000058,941,1970,-1029
123000059,183,647,-464
123000060,1875,1023,852
123000061,458,637,-179
123000063,2154,1412,742
123000064,2513,205,2308
123000065,3036,4383,-1347
123000066,309,469,-160
123000067,1269,479,790
123000068,1705,1399,306
123000069,2527,1142,1385
123000070,213,220,-7
123000071,3754,397,3357
123000072,1318,340,978
123000073,3333,797,2536
123000074,1135,528,607
123000075,446,2678,-2232
123000076,1254,289,965
123000077,2591,1047,1544
123000078,4580,620,3960
123000079,4772,1111,3661
123000080,3506,767,2739
123000081,492,247,245
123000082,285,417,-132
123000083,1590,252,1338
123000084,1154,188,966
123000085,979,53,926
123000086,1747,81,1666
123000087,825,171,654
123000088,1528,932,596
123000089,1852,924,928
123000090,2165,852,1313
123000091,2089,1468,621
123000092,857,1543,-686
123000094,1619,119,1500
123000095,2134,2764,-630
123000096,2252,353,1899
123000097,1226,216,1010
123000098,1890,320,1570
123000099,1218,297,921
123000100,223,791,-568
123000101,477,293,184
123000102,683,1333,-650
123000104,629,367,262
123000105,419,150,269
123000106,954,317,637
123000107,441,112,329
123000108,599,748,-149
123000111,2253,664,1589
123000112,2974,360,2614
123000113,761,366,395
123000114,560,1169,-609
123000115,767,1030,-263
123000116,56,50,6
123000117,4638,1813,2825
123000118,872,366,506
123000119,551,380,171
123000120,344,947,-603
123000121,839,421,418
123000122,568,198,370
123000123,836,389,447
123000124,703,190,513
123000125,1911,831,1080
123000126,1347,5078,-3731
123000127,481,331,150
123000128,453,112,341
123000129,1957,83,1874
123000130,1982,29,1953
123000131,2797,781,2016
123000132,540,339,201
123000133,215,111,104
123000134,282,52,230
123000135,5261,2618,2643
123000136,256,266,-10
123000137,237,74,163
123000138,214,215,-1
123000139,1274,61,1213
123000140,59,428,-369
123000141,722,144,578
123000142,1383,708,675
123000143,955,1492,-537
123000144,8,97,-89
123000145,165,1191,-1026
123000146,44,159,-115
123000147,30,294,-264
123000149,378,144,234
123000150,168,163,5
123000151,193,471,-278
123000152,20,990,-970
123000153,81,959,-878
123000154,818,2375,-1557
123000155,1835,2475,-640
123000156,46,52,-6
123000157,926,1094,-168
123000158,542,1219,-677
123000159,3022,7900,-4878
123000160,1695,2095,-400
123000161,2148,2011,137
123000162,2702,3495,-793
123000163,2018,496,1522
123000164,4434,183,4251
123000165,158,686,-528
123000166,14,84,-70
123000167,94,122,-28
123000168,472,89,383
123000169,1802,184,1618
123000170,179,38,141
123000171,2670,3,2667
123000172,67,259,-192
123000173,1164,1068,96
123000174,1176,567,609
123000175,223,759,-536
123000176,1499,448,1051
123000177,222,898,-676
123000178,1644,316,1328
123000179,38,377,-339
123000180,2628,424,2204
123000181,204,676,-472
123000182,460,266,194
123000183,169,823,-654
123000184,56,429,-373
123000185,2137,915,1222
123000186,1,142,-141
123000187,1184,31,1153
123000188,773,4,769
123000189,259,97,162
123000190,145,55,90
123000192,8,237,-229
123000193,13,275,-262
123000194,202,108,94
123000195,852,14,838
123000196,1212,71,1141
123000197,135,131,4
123000198,195,273,-78
123000199,27,295,-268
123000200,1057,12,1045
123000201,2860,18,2842
123000202,16,247,-231
123000203,2717,41,2676
123000204,23,346,-323
123000205,138,490,-352
123000206,5847,187,5660
123000207,121,318,-197
123000208,1619,86,1533
123000209,2988,737,2251
123000210,55,532,-477
123000211,320,860,-540
123000212,8511,540,7971
123000213,1282,61,1221
123000215,112,173,-61
123000216,302,1790,-1488
123000217,316,160,156
123000218,19,879,-860
123000219,1054,162,892
123000220,968,977,-9
123000221,315,92,223
123000222,852,203,649
123000223,1875,106,1769
123000224,893,253,640
123000225,678,71,607
123000226,294,773,-479
123000227,199,263,-64
123000228,614,98,516
123000229,808,502,306
123000232,81,421,-340
123000233,1708,86,1622
123000234,106,878,-772
123000235,3395,205,3190
123000236,484,465,19
123000237,1064,176,888
123000238,19,296,-277
123000239,509,463,46
123000240,42,1103,-1061
123000241,271,61,210
123000242,403,223,180
123000243,1148,821,327
123000244,891,494,397
123000245,8,158,-150
123000249,308,670,-362
123000252,1572,414,1158
123000253,3071,668,2403
123000254,849,442,407
123000255,2159,1029,1130
123000256,4,199,-195
123000257,1663,1567,96
123000258,1028,515,513
123000259,897,530,367
123000260,1086,164,922
123000261,709,132,577
123000262,34,73,-39
123000263,1005,81,924
123000264,212,106,106
123000265,13,78,-65
123000266,787,624,163
123000267,1858,265,1593
123000268,61,24,37
123000269,28,24,4
123000270,47,26,21
123000271,14,25,-11
123000272,786,461,325
123000273,557,1169,-612
123000274,2216,874,1342
123000275,242,575,-333
123000278,1618,5562,-3944
123000279,384,139,245
123000280,479,507,-28
123000281,677,160,517
123000282,125,211,-86
123000283,342,69,273
123000284,66,48,18
123000286,160,333,-173
123000287,430,279,151
123000288,1012,1862,-850
123000289,239,2489,-2250
123000291,176,616,-440
123000294,176,142,34
123000295,693,1474,-781
123000296,1328,598,730
123000297,1418,302,1116
123000298,2347,335,2012
123000299,201,142,59
123000300,2212,752,1460
123000301,288,1197,-909
123000302,383,43,340
123000303,112,689,-577
123000305,568,645,-77
123000306,626,58,568
123000309,26,71,-45
123000310,80,34,46
123000311,0,47,-47
123000312,366,290,76
123000313,984,1440,-456
123000315,459,135,324
123000316,1279,319,960
123000317,474,170,304
123000318,21,250,-229
123000329,16,13,3
123000337,525,295,230
123000338,192,738,-546
123000339,811,51,760
123000340,147,284,-137
123000342,1,116,-115
123000343,241,61,180
123000344,362,96,266
123000345,374,191,183
123000346,858,102,756
123000352,1462,551,911
123000353,49,97,-48
123000354,2504,26,2478
123000355,1,515,-514
123000356,823,48,775
123000357,3,78,-75
123000359,10,39,-29
123000360,442,462,-20
123000361,617,160,457
123000362,1073,55,1018
123000363,294,148,146
123000364,740,1191,-451
123000365,23,333,-310
123000366,367,4107,-3740
123000367,319,550,-231
123000370,62,800,-738
123000371,1035,191,844
123000372,653,189,464
123000373,60,234,-174
123000374,3,110,-107
123000375,695,898,-203
123000376,1426,743,683
123000377,1537,12,1525
123000378,12,217,-205
123000379,10,363,-353
123000380,7,228,-221
123000381,59,144,-85
123000382,825,170,655
123000383,54,969,-915
123000384,1153,303,850
123000385,215,440,-225
123000436,155,1871,-1716
123000507,87,155,-68
123000508,249,1803,-1554
123000517,182,6,176
123000518,27,30,-3
123000519,306,45,261
123000520,30,45,-15
123000521,727,38,689
123000522,96,95,1
123000541,20,7,13
123000542,0,4,-4
123000565,1071,76,995
123000566,1886,299,1587
123000567,287,93,194
123000573,20,342,-322
123000574,2216,107,2109
123000575,4335,370,3965
123000576,2039,562,1477
123000577,81,457,-376
123000578,831,67,764
123000579,1173,9899,-8726
123000580,82,170,-88
123000582,1288,32,1256
123000583,15,187,-172
123000584,215,151,64
123000585,0,42,-42
123000586,560,0,560
123000596,45,43,2
123000597,164,203,-39
123000602,263,29,234
123000603,2589,240,2349
123000604,1743,313,1430
123000605,1485,135,1350
123000606,2,1064,-1062
123000609,29,285,-256
123000610,118,103,15
123000613,101,50,51
123000614,742,24,718
123000615,159,63,96
123000616,2938,22,2916
123000617,166,181,-15
123000618,13,278,-265
123000619,869,30,839
123000620,10,193,-183
123000622,1231,26,1205
123000624,649,67,582
123000630,3148,761,2387
123000631,388,479,-91
123000632,773,296,477
123000633,0,236,-236
123000634,38,866,-828
123000635,30,81,-51
123000636,56,472,-416
123000637,396,89,307
123000638,1650,46,1604
123000639,1780,11746,-9966
123000640,16,262,-246
123900001,1822,81,1741
123900002,12,1919,-1907
123900003,127,278,-151
123900005,426,297,129
123900006,811,72,739
124000001,3789,413,3376
124000002,27,552,-525
124000003,2392,351,2041
124000004,219,173,46
124000005,2060,3248,-1188
124000006,297,399,-102
124000007,1734,318,1416
124000008,5,1320,-1315
124000009,1157,529,628
124000010,1166,798,368
124000011,1877,1409,468
124000012,1059,291,768
124000017,482,154,328
124000018,385,116,269
124000019,353,113,240
124000020,213,94,119
124000021,205,65,140
124000022,184,126,58
124000023,1853,1721,132
124000024,1102,220,882
124000025,1628,1757,-129
124000026,1303,899,404
124000027,3677,2493,1184
124000028,1147,3551,-2404
124000030,1767,1178,589
124000031,2000,19295,-17295
124000032,1184,751,433
124000033,292,939,-647
124000034,1290,1223,67
124000035,18,270,-252
124000036,70,615,-545
124000037,300,639,-339
124000038,39,66,-27
124000039,445,399,46
124000040,234,1451,-1217
124000041,1212,435,777
124000042,389,782,-393
124000043,206,42,164
124000044,59,295,-236
124000045,2650,264,2386
124000046,408,693,-285
124000047,5293,502,4791
124000048,2432,320,2112
124000049,3389,418,2971
124000050,1494,1186,308
124000051,2573,280,2293
124000052,1250,576,674
124000053,449,3532,-3083
124000054,1237,197,1040
124000055,1295,8788,-7493
124000056,1717,530,1187
124000057,2658,252,2406
124000058,1291,703,588
124000059,1869,1273,596
124000060,523,477,46
124000061,1450,9162,-7712
124000062,1288,898,390
124000063,1333,648,685
124000064,1307,1653,-346
124000065,69,2218,-2149
124000066,330,40,290
124000067,203,250,-47
124000068,71,83,-12
124000069,264,44,220
124000070,275,30,245
124000071,333,1069,-736
124000072,876,4988,-4112
124000073,1464,66,1398
124000074,309,754,-445
124000075,1181,78,1103
124000076,143,40,103
124000077,498,873,-375
124000078,1744,1130,614
124000079,439,1005,-566
124000080,1695,515,1180
124000081,555,1366,-811
124000082,168,132,36
124000083,66,108,-42
124000084,25,893,-868
124000085,50,28,22
124000086,21,468,-447
124000087,49,660,-611
124000088,157,426,-269
124000089,794,275,519
124000090,249,192,57
124000091,787,55,732
124000092,456,238,218
124000093,221,151,70
124000094,172,1067,-895
124000095,315,54,261
124000096,650,243,407
124000097,256,59,197
124000098,329,51,278
124000099,391,96,295
124000100,131,59,72
124000101,274,158,116
124000102,252,12,240
124000103,452,120,332
124000104,204,15,189
124000105,408,57,351
124000106,278,16,262
124000107,49,372,-323
124000108,33,8,25
124000109,238,39,199
124000110,256,56,200
124000111,360,119,241
124000112,1945,332,1613
124000113,239,129,110
124000114,772,242,530
124000115,712,576,136
124000116,87,297,-210
124000117,80,52,28
124000118,42,92,-50
124000119,1261,681,580
124000120,1152,247,905
124000121,818,1070,-252
124000122,509,1767,-1258
124000123,827,283,544
124000124,657,834,-177
124000125,554,226,328
124000126,490,463,27
124000127,1404,238,1166
124000128,1102,408,694
124000129,1925,951,974
124000130,514,283,231
124000131,664,533,131
124000132,607,486,121
124000133,1598,870,728
124000134,1027,333,694
124000135,1636,1984,-348
124000136,648,630,18
124000137,1118,1212,-94
124000138,761,690,71
124000139,695,59,636
124000140,32,683,-651
124000141,43,22,21
124000142,11,616,-605
124000143,55,51,4
124000144,38,131,-93
124000145,248,531,-283
124000146,72,596,-524
124000148,23,299,-276
124000149,1565,298,1267
124000150,461,2661,-2200
124000151,1957,557,1400
124000152,997,1481,-484
124000153,1723,866,857
124000154,951,769,182
124000155,1032,838,194
124000156,1039,865,174
124000169,229,1086,-857
124000170,651,398,253
124000171,449,445,4
124000172,382,345,37
124000173,1356,171,1185
124000174,850,396,454
124000175,177,100,77
124000176,118,35,83
124000177,2,141,-139
124000178,49,142,-93
124000190,21,66,-45
124000191,16,220,-204
124000192,1549,1659,-110
124000193,154,4253,-4099
124000194,440,231,209
124000195,625,464,161
124000196,589,751,-162
124000197,149,10,139
124000198,134,47,87
124000201,63,277,-214
124000202,1306,121,1185
124000203,2184,182,2002
124000204,4621,383,4238
124000205,387,890,-503
124000206,3001,906,2095
124000207,0,19,-19
124000209,271,231,40
124000210,2702,288,2414
124000211,2226,1,2225
124000212,0,192,-192
124000213,1745,233,1512
124000214,1413,258,1155
124000215,1803,7,1796
124000216,14,314,-300
124000329,196,525,-329
124000338,138,449,-311
124000339,7115,25,7090
124000341,5477,49,5428
124000344,58,0,58
124000357,1323,4234,-2911
124000358,643,2317,-1674
124000359,1900,889,1011
124000360,2120,561,1559
124000361,3625,1442,2183
124000362,1752,3758,-2006
124000363,846,282,564
124000364,870,689,181
124000365,964,653,311
124000366,2282,667,1615
124000367,88,212,-124
124000368,281,2939,-2658
124000369,35,89,-54
124000370,25,889,-864
124000402,155,45,110
124000403,510,66,444
124000404,231,51,180
124000405,931,483,448
124000406,791,360,431
124000407,5,16,-11
124000411,5,316,-311
124000412,1021,3,1018
124000413,229,370,-141
124000414,261,75,186
124000415,95,35,60
124000416,375,87,288
124000417,572,79,493
124000418,576,39,537
124000419,225,15,210
124000420,432,39,393
124000421,144,40,104
124000422,33,15,18
124000423,266,23,243
124000424,13,24,-11
124000425,30,86,-56
124000426,18,161,-143
124000427,74,4,70
124000428,13,894,-881
124000429,271,17,254
124000430,2051,596,1455
124000431,948,265,683
124000432,714,1181,-467
124000439,55,1,54
124000442,41,18,23
124000443,2,6,-4
124000445,99,2238,-2139
124000446,478,281,197
124900001,1583,148,1435
124900002,435,121,314
124900003,1821,237,1584
124900004,1674,158,1516
124900005,342,86,256
124900006,1684,127,1557
124900008,476,603,-127
124900009,49,631,-582
124900010,672,88,584
124900011,1957,295,1662
124900012,383,76,307
124900013,766,103,663
124900014,352,546,-194
124900015,283,907,-624
124900016,186,314,-128
124900017,1039,8324,-7285
124900018,400,11,389
124900020,221,45,176
124900021,957,274,683
124900022,142,4,138
124900024,1236,2,1234
124900026,114,105,9
124900027,193,163,30
124900028,347,92,255
124900029,32,772,-740
124900030,19,105,-86
124900031,110,253,-143
124900032,178,63,115
124900033,190,377,-187
124900034,5,141,-136
124900035,184,149,35
124900036,1,97,-96
124900037,528,66,462
124900038,224,97,127
124900039,2,124,-122
124900040,243,72,171
124900041,750,283,467
124900042,22,4,18
124900043,1027,296,731
124900044,126,5,121
124900045,426,1623,-1197
124900046,452,176,276
124900047,94,75,19
124900048,561,83,478
124900050,305,109,196
124900052,191,175,16
124900053,654,161,493
124900054,903,909,-6
124900055,1,96,-95
124900057,11,126,-115
124900060,131,206,-75
124900061,306,4,302
124900062,358,18,340
124900066,0,4,-4
124900067,2,101,-99
124900068,116,1785,-1669
124900070,66,53,13
124900072,465,37,428
124900074,574,737,-163
124900075,1149,116,1033
124900076,34,3302,-3268
124900077,29,78,-49
124900078,200,21,179
124900079,405,312,93
124900080,760,165,595
124900081,2150,140,2010
124900082,804,153,651
124900083,811,401,410
124900084,802,49,753
124900085,315,371,-56
124900086,26,779,-753
124900087,455,34,421
124900088,117,59,58
124900089,971,21,950
124900090,1311,156,1155
124900091,581,100,481
124900092,655,89,566
124900093,1136,144,992
124900094,1212,106,1106
124900095,226,1013,-787
124900096,322,102,220
124900097,922,32,890
124900098,364,409,-45
124900099,206,791,-585
124900100,662,11,651
124900101,243,265,-22
124900102,928,8,920
124900103,542,92,450
124900104,344,135,209
124900105,326,73,253
124900106,459,121,338
124900107,556,15,541
124900108,594,134,460
124900109,250,344,-94
124900110,1028,195,833
124900111,8,559,-551
124900112,566,194,372
124900113,56,204,-148
124900114,63,169,-106
124900115,54,724,-670
124900116,565,559,6
124900117,178,245,-67
124900118,87,1376,-1289
124900119,653,304,349
124900120,47,161,-114
124900121,71,570,-499
124900122,231,155,76
124900123,81,79,2
124900124,32,132,-100
129000186,141,222,-81
204000001,53,13,40
204000002,13,0,13
204000003,23,11,12
204000004,28,3,25
204000005,400,240,160
204000006,1118,1213,-95
204000011,6,10,-4
204000012,41,37,4
204000013,0,5,-5
204000019,1336,438,898
204000020,1645,301,1344
204000021,1127,930,197
204000022,1570,573,997
204000023,775,347,428
204000031,60,10,50
204000032,253,5,248
204000034,74,131,-57
204000035,1,3,-2
204000036,7,78,-71
204000037,0,32,-32
204000038,0,4,-4
204000039,5,52,-47
204000040,15,32,-17
204000041,21,50,-29
204000042,47,36,11
204000043,53,12,41
204000044,125,53,72
204000045,115,36,79
204000046,32,8,24
204000057,4,29,-25
204000062,4,35,-31
204000068,44,274,-230
204000069,80,574,-494
204000070,66,128,-62
204000080,109,41,68
204000085,1175,438,737
204000086,1475,733,742
204000087,87,7,80
204000088,5,30,-25
204000090,85,180,-95
204000093,1217,22,1195
204000096,2287,329,1958
204000097,1000,5,995
204000099,1167,2219,-1052
204000100,2075,782,1293
204000105,1519,337,1182
204000110,401,702,-301
204000111,593,466,127
204000112,324,342,-18
204000113,247,403,-156
204000114,1349,950,399
204000115,1521,319,1202
204000116,742,364,378
204000119,3447,670,2777
204000132,530,497,33
204000133,1013,85,928
204000134,313,42,271
204000135,822,45,777
204000136,558,198,360
204000138,272,914,-642
204000140,347,97,250
204000141,167,41,126
204000144,6,43,-37
204000145,1019,12,1007
204000146,17,128,-111
204000147,14,294,-280
204000148,194,17,177
204000154,20,15,5
204000155,2,2,0
204000177,62,88,-26
204000179,31,9,22
204000180,0,43,-43
204000222,7,13,-6
204000235,150,54,96
204000236,53,154,-101
204000238,24,17,7
204000240,571,40,531
204000263,363,384,-21
204000268,578,158,420
204000308,75,11,64
204000317,19,154,-135
204000322,38,185,-147
204000323,32,10,22
204000328,346,35,311
204000329,117,23,94
204000330,358,11,347
204000331,132,69,63
204010341,13,186,-173
205000001,636,1187,-551
205000013,41,113,-72
205000014,135,88,47
205000015,119,34,85
205000016,45,72,-27
205000017,69,66,3
205000022,297,282,15
205000025,1354,309,1045
205000029,1068,10,1058
205000045,358,185,173
205000046,226,155,71
205000047,136,150,-14
205000048,572,151,421
205000049,248,298,-50
205000050,468,114,354
205000059,0,301,-301
205000060,1,360,-359
205000061,5,729,-724
205000062,1,802,-801
205000063,31,876,-845
205000064,55,235,-180
205000065,245,721,-476
205000066,226,195,31
205000067,157,217,-60
205000069,222,10,212
205000082,119,187,-68
205000110,39,84,-45
205000111,185,70,115
205000112,106,102,4
205000113,104,173,-69
205000121,107,56,51
205000123,127,53,74
205000126,693,127,566
205000127,656,100,556
205000128,405,68,337
205000129,1063,106,957
205000130,304,18,286
205000131,52,14,38
205000132,64,6,58
205000133,30,5,25
205000134,419,2,417
205000137,279,34,245
205000138,487,147,340
205000139,28,42,-14
205000144,124,66,58
205000145,201,285,-84
205000151,108,43,65
205000152,135,34,101
205000153,159,58,101
205000154,77,79,-2
205000155,203,7,196
205000207,1,34,-33
205000233,39,9,30
205000234,0,0,0
205000243,0,1,-1
205000244,0,4,-4
205000245,12,35,-23
205000249,0,12,-12
205000250,35,1,34
205000264,23,116,-93
206000027,5,12,-7
206000028,16,10,6
206000043,2,45,-43
206000053,0,8,-8
206000054,1,31,-30
206000055,0,18,-18
206000075,20,16,4
206000076,56,9,47
206000077,93,11,82
206000078,12,8,4
206000079,52,6,46
206000082,300,136,164
206000100,8,348,-340
206000103,0,0,0
206000104,0,1,-1
206000105,0,1,-1
206000106,0,1,-1
206000108,1008,53,955
206000125,257,0,257
206000157,16,205,-189
206000170,1,107,-106
206000171,7,91,-84
206000172,22,132,-110
206000173,0,77,-77
206000174,12,30,-18
206000175,1,48,-47
206000176,8,76,-68
206000177,0,51,-51
206000178,2,316,-314
206000179,1,259,-258
206000180,0,55,-55
206000181,1,17,-16
206000182,3,47,-44
206000183,19,102,-83
206000184,5,48,-43
206000185,26,25,1
206000186,157,257,-100
206000223,12,207,-195
206000226,86,5,81
206000227,91,22,69
206000237,59,104,-45
206000238,16,382,-366
206000239,147,1176,-1029
206000240,0,0,0
206000241,1,55,-54
206000242,12,63,-51
206000243,14,33,-19
206000244,14,126,-112
206000245,3995,62,3933
206000246,851,9,842
206000247,1193,5,1188
206000248,1569,53,1516
206000252,61,65,-4
206000258,1,5,-4
206000315,51,3,48
206000317,700,288,412
206000318,979,122,857
206000319,3498,123,3375
206000320,852,33,819
206000321,1199,15,1184
206000322,1823,63,1760
206000323,714,20,694
206000324,927,60,867
206000325,577,48,529
206000326,519,18,501
206000327,78,53,25
206000328,800,9,791
206000329,1549,8,1541
206000330,454,29,425
206000331,713,12,701
206000332,156,2,154
206000333,3089,4,3085
206000334,1785,1,1784
206000335,0,16,-16
206000361,4,51,-47
206000392,3,18,-15
206000405,654,0,654
206000441,190,21,169
206000498,98,20,78
206000515,84,54,30
206000530,628,45,583
206000531,259,359,-100
206000532,1405,359,1046
206000535,148,2627,-2479
206000536,21,59,-38
206000537,26,109,-83
206000613,1181,270,911
207000001,191,234,-43
207000002,180,173,7
207000003,119,94,25
207000007,2923,120,2803
207000008,536,2,534
207000009,91,9,82
207000010,315,175,140
207000012,733,80,653
207000015,231,360,-129
207000019,599,40,559
207000021,437,349,88
207000022,330,213,117
207000023,491,102,389
207000024,1,18,-17
207000025,18,215,-197
207000026,76,63,13
207000027,43,44,-1
207000028,56,121,-65
207000029,378,204,174
207000033,357,206,151
207000034,418,37,381
207000039,1245,17,1228
207000040,1303,26,1277
207000041,274,99,175
207000042,694,63,631
207000043,505,241,264
207000051,73,259,-186
207000052,0,147,-147
207000053,299,199,100
207000054,54,39,15
207000055,133,33,100
207000056,205,211,-6
207000057,120,209,-89
207000058,97,162,-65
207000059,66,239,-173
207000060,35,364,-329
207000061,133,1885,-1752
207000062,1196,67,1129
207000063,1155,41,1114
207000064,653,54,599
207000065,472,129,343
207000066,701,151,550
207000067,139,63,76
207000068,262,25,237
207000069,1460,194,1266
207000082,48,121,-73
207000083,82,130,-48
207000084,803,151,652
207000085,517,51,466
207000086,911,13,898
207000106,130,16,114
207000107,315,14,301
207000108,230,7,223
207000109,138,7,131
207000110,96,18,78
207000111,175,50,125
207000112,27,885,-858
207000114,14,10,4
207000115,44,65,-21
207000116,19,177,-158
207000117,4,51,-47
207000118,1,81,-80
207000119,22,58,-36
207000123,482,7,475
207000124,259,5,254
207000125,198,70,128
207000126,101,13,88
207000134,534,72,462
207000135,147,135,12
207000148,215,346,-131
207000149,38,23,15
207000152,202,397,-195
207000153,322,566,-244
207000154,435,102,333
207000159,47,89,-42
207000160,157,223,-66
207000238,0,12,-12
207000242,2,31,-29
207000248,28,15,13
207000249,69,12,57
207000250,273,66,207
207000251,89,123,-34
207000252,21,35,-14
207000278,338,128,210
207000279,29,87,-58
207000280,1774,39,1735
207000281,201,323,-122
207000282,29,676,-647
207000283,44,203,-159
207000284,64,2744,-2680
207000285,53,86,-33
207000291,6,58,-52
207000304,69,33,36
207000306,53,163,-110
207000310,389,146,243
207000353,73,2,71
207000356,3,86,-83
207000357,4,28,-24
207000358,0,29,-29
207000415,3,36,-33
207000417,63,6,57
207000418,38,31,7
207000438,0,0,0
207000439,381,122,259
207000446,212,3,209
207000460,179,5,174
207000466,57,106,-49
207000467,1092,35,1057
207000468,54,140,-86
207000476,5,54,-49
207000477,1172,17,1155
207000478,1,48,-47
207000523,0,7,-7
207000524,62,1,61
207000527,397,116,281
207000530,810,4,806
207000531,406,7,399
207000532,128,24,104
207000534,188,6,182
207000535,9,79,-70
207000537,9,77,-68
207000540,0,31,-31
207000541,0,45,-45
207000548,0,184,-184
207000549,442,27,415
207000561,301,102,199
207000562,4,72,-68
207000567,31,147,-116
207000568,1043,63,980
207000569,2015,157,1858
207000584,22,108,-86
207000585,6,80,-74
207000616,0,59,-59
207000617,404,0,404
207900008,969,27,942
208000001,897,798,99
208000002,1114,545,569
208000003,977,287,690
208000004,779,761,18
208000005,1,46,-45
208000019,1864,249,1615
208000020,378,139,239
208000021,361,277,84
208000022,970,257,713
208000028,1090,2068,-978
208000033,497,142,355
208000034,729,821,-92
208000040,564,132,432
208000041,1270,521,749
208000042,2636,396,2240
208000047,118,127,-9
208000064,2848,1281,1567
208000066,1418,974,444
208000070,896,487,409
208000071,1217,137,1080
208000072,1220,332,888
208000080,494,554,-60
208000081,513,134,379
208000082,632,143,489
208000083,315,186,129
208000084,10,98,-88
208000085,980,371,609
208000086,680,548,132
208000087,625,387,238
208000089,1259,216,1043
208000090,983,298,685
208000093,24,120,-96
208000094,532,251,281
208000095,970,374,596
208000104,2657,248,2409
208000105,1395,399,996
208000114,218,375,-157
208000115,1074,477,597
208000116,2337,1819,518
208000117,29,95,-66
208000118,195,353,-158
208000155,1001,795,206
208000158,2149,2380,-231
208000186,1154,1303,-149
208000204,982,1055,-73
208000205,2051,736,1315
208000282,894,658,236
209000004,1013,250,763
209000005,142,162,-20
209000006,407,205,202
209000007,470,446,24
209000010,101,234,-133
209000011,46,209,-163
209000012,120,100,20
209000013,346,139,207
209000014,554,254,300
209000025,786,60,726
209000026,1695,142,1553
209000027,446,122,324
209000028,291,134,157
209000029,553,476,77
209000030,449,652,-203
209000031,2041,715,1326
209000034,200,306,-106
209000035,233,306,-73
209000036,464,133,331
209000037,634,151,483
209000038,268,114,154
209000039,129,100,29
209000040,255,282,-27
209000041,300,233,67
209000042,479,114,365
209000043,721,293,428
209000044,430,395,35
209000045,542,204,338
209000046,817,226,591
209000047,695,264,431
209000048,770,745,25
209000049,65,19,46
209000050,168,34,134
209000051,257,57,200
209000052,219,54,165
209000062,192,55,137
209000063,110,16,94
209000064,32,19,13
209000065,235,26,209
209000066,329,26,303
209000067,464,31,433
209000080,18,113,-95
209000082,187,25,162
209000091,41,71,-30
209000093,49,75,-26
209000094,24,175,-151
209000110,72,46,26
209000111,420,2973,-2553
209000112,1920,430,1490
209000113,4290,671,3619
209000114,1774,610,1164
209000115,80,30,50
209000116,160,170,-10
209000118,12,82,-70
209000119,34,48,-14
209000121,107,333,-226
209000135,197,28,169
209000142,1011,5627,-4616
209000143,34,47,-13
209000144,98,286,-188
209000229,304,77,227
209000240,30,137,-107
209000259,61,25,36
209000260,31,463,-432
209000261,26,464,-438
209000262,4,327,-323
209000263,0,245,-245
209000264,0,168,-168
209000265,445,1,444
209000266,204,1,203
209000267,2229,4,2225
209000268,696,150,546
210000037,264,71,193
210000047,131,8,123
210000048,219,51,168
210000049,198,10,188
210000052,156,23,133
210000053,35,36,-1
210000054,10,63,-53
210000070,346,10,336
210000071,223,4,219
210000072,65,0,65
210000073,0,18,-18
210000074,0,34,-34
210000075,0,25,-25
210000076,1,69,-68
210000077,10,111,-101
210000078,23,146,-123
210000079,53,13,40
210000080,57,304,-247
210000081,314,51,263
210000082,8,6,2
210000083,119,15,104
210000084,226,0,226
210000085,0,105,-105
210000086,0,57,-57
210000099,67,130,-63
210000100,61,87,-26
210000101,49,85,-36
210000105,7,220,-213
210000159,0,299,-299
210000163,20,85,-65
210000164,397,180,217
210000168,444,43,401
210000187,0,4,-4
210000188,1,40,-39
210000214,16,0,16
210000219,280,27,253
210000220,334,30,304
210000232,4,24,-20
210000233,45,15,30
210000234,45,19,26
210000235,126,27,99
210000245,0,59,-59
210000246,25,2,23
210000258,46,81,-35
210000259,511,94,417
210000282,25,245,-220
210000285,2,112,-110
210000286,30,115,-85
210000290,0,3,-3
210000295,55,124,-69
210000296,29,21,8
210000320,700,39,661
210000321,571,19,552
210000338,37,91,-54
210000339,94,706,-612
210000340,49,153,-104
210000341,250,131,119
210000342,304,104,200
210000343,183,130,53
210000344,115,225,-110
210000345,166,476,-310
210000346,71,294,-223
210000347,32,231,-199
210000348,196,158,38
210000349,78,129,-51
210000350,277,85,192
210000351,288,39,249
210000352,48,24,24
210000353,45,41,4
210000354,72,36,36
210000355,32,219,-187
210000356,25,425,-400
210000357,26,375,-349
210000358,689,455,234
210000359,88,309,-221
210000360,416,481,-65
210000361,478,156,322
210000362,644,114,530
210000363,665,144,521
210000364,624,131,493
210000365,548,38,510
210000366,600,54,546
210000367,256,24,232
210000368,417,28,389
210000369,94,100,-6
210000370,171,130,41
210000372,39,34,5
210000373,27,72,-45
210000374,91,158,-67
210000375,14,32,-18
210000376,44,335,-291
210000404,45,48,-3
210000439,164,5,159
210000472,74,0,74
210000482,151,125,26
210000564,363,160,203
210000567,0,47,-47
210000568,404,8,396
211000092,186,35,151
211000094,12,1,11
211000169,402,8,394
211000172,67,54,13
211000209,3,76,-73
211000226,5,19,-14
211000270,74,4,70
211000275,20,34,-14
211000276,339,56,283
211000279,76,54,22
211000281,331,51,280
211507980,1,101,-100
211977296,31,2,29
212000003,476,148,328
212000004,5,137,-132
212000005,7,147,-140
212000006,54,153,-99
212000008,303,205,98
212000009,77,137,-60
212000012,173,37,136
212000013,65,15,50
212000014,394,62,332
212000015,398,56,342
212000016,655,208,447
212000027,700,150,550
212000028,631,139,492
212000029,377,140,237
212000030,64,13,51
212000031,68,23,45
212000048,44,626,-582
212000049,11,296,-285
212000050,10,18,-8
212000051,427,83,344
212000052,284,80,204
212000053,248,124,124
212000054,1064,38,1026
212000055,888,89,799
212000056,57,51,6
212000057,46,57,-11
212000058,258,34,224
212000070,222,72,150
212000077,266,128,138
212000099,793,137,656
212000108,499,495,4
212000111,700,52,648
212000120,111,215,-104
212000138,282,50,232
212000156,1,45,-44
212000158,3,93,-90
212000159,1161,40,1121
212000160,1162,51,1111
212000161,228,7,221
212000310,71,5,66
212000311,28,49,-21
212000374,35,17,18
213000001,14,323,-309
213000005,1219,133,1086
213000006,1102,162,940
213000007,58,12,46
213000009,438,125,313
213000010,687,105,582
213000011,333,31,302
213000012,214,134,80
213000014,79,15,64
213000015,375,7,368
213000016,355,7,348
213000017,48,0,48
213000018,0,7,-7
213000019,0,38,-38
213000020,105,70,35
213000021,0,44,-44
213000023,848,236,612
213000033,416,1014,-598
213000034,517,108,409
213000035,248,408,-160
213000045,137,170,-33
213000046,81,50,31
213000047,201,650,-449
213000056,465,21,444
213000069,180,44,136
213000073,0,16,-16
213000074,39,275,-236
213000075,1671,5,1666
213000076,29,6,23
213000085,6,29,-23
213000086,16,49,-33
213000091,698,2,696
213000092,45,5,40
213000099,153,803,-650
213000100,1222,213,1009
213000101,1222,65,1157
213000102,1299,91,1208
213000103,660,249,411
213000104,32,144,-112
213000105,151,2440,-2289
213000106,54,213,-159
213000107,93,295,-202
213000108,80,224,-144
213000109,7,141,-134
213000110,8,73,-65
213000111,6,58,-52
213000112,53,108,-55
213000115,100,4,96
213000116,22,228,-206
213000117,5,224,-219
213000118,1789,481,1308
213000119,21,245,-224
213000120,30,185,-155
213000122,113,236,-123
213000123,68,398,-330
213000124,307,579,-272
213000125,250,84,166
213000126,37,75,-38
213000127,14,166,-152
213000128,45,472,-427
213000129,137,2463,-2326
213000130,1707,840,867
213000132,2124,130,1994
213000133,2350,119,2231
213000134,3207,13,3194
213000136,881,5,876
213000137,894,21,873
213000139,269,23,246
213000147,32,9,23
213000148,17,25,-8
213000149,13,24,-11
213000150,1,799,-798
213000151,0,188,-188
213000152,7,255,-248
213000153,1,206,-205
213000154,111,191,-80
213000155,79,187,-108
213000156,231,179,52
213000157,1211,166,1045
213000158,548,396,152
213000159,1154,204,950
213000163,3685,418,3267
213000165,895,289,606
213000171,0,8,-8
213000172,0,44,-44
213000173,1,66,-65
213000174,0,52,-52
213000175,15,34,-19
213000176,390,52,338
213000177,241,2,239
213000178,686,2,684
213000179,804,1,803
213000180,1015,0,1015
213000184,66,217,-151
213000188,1296,73,1223
213000189,2058,19,2039
213000190,1284,208,1076
213000191,1238,130,1108
213000192,905,91,814
213000193,363,189,174
213000194,1,304,-303
213000195,20,143,-123
213000196,559,1732,-1173
213000197,825,862,-37
213000198,61,0,61
213000200,204,412,-208
213000201,23,126,-103
213000202,4,267,-263
213000203,1616,231,1385
213000204,1451,27,1424
213000205,1181,42,1139
213000206,1358,49,1309
213000207,55,11,44
213000208,27,4,23
213000209,115,1,114
213000210,186,1,185
213000211,2,11,-9
213000212,17,21,-4
213000213,68,37,31
213000218,565,427,138
213000219,1991,95,1896
213000220,2502,12,2490
213000223,627,60,567
213000224,60,24,36
213000225,104,23,81
213000226,81,4,77
213000227,2290,50,2240
213000228,1616,52,1564
213000229,436,29,407
213000230,860,9,851
213000232,150,7,143
213000233,22,130,-108
213000234,1,56,-55
213000293,9,69,-60
213000294,110,28,82
213000295,54,37,17
213000296,143,30,113
213000297,26,75,-49
213000298,22,77,-55
213000299,56,22,34
213000300,1,1,0
213000303,0,31,-31
213000304,0,5,-5
213000305,0,19,-19
213000306,43,338,-295
213000307,102,134,-32
213000308,76,186,-110
213000309,340,35,305
213000310,443,141,302
213000311,110,410,-300
213000315,100,266,-166
213000316,598,37,561
213000322,201,42,159
213000323,305,56,249
213000324,151,11,140
213000325,271,24,247
213000326,206,27,179
213000327,275,30,245
213000328,159,100,59
213000329,303,29,274
213000340,113,212,-99
213000341,1852,39,1813
213000347,244,1177,-933
213000348,6,86,-80
213000349,4,12,-8
213000350,171,718,-547
213000366,150,171,-21
213000367,681,17,664
213000379,31,34,-3
213000386,40,37,3
213000406,241,69,172
213000417,2774,661,2113
213000425,781,141,640
213000426,443,13,430
213000427,161,98,63
213000428,113,64,49
213000429,17,7,10
213000430,107,161,-54
213000431,28,1,27
213000432,0,67,-67
213000433,37,31,6
213000434,373,86,287
213000435,270,55,215
213000436,246,40,206
213000437,11,14,-3
213000438,228,30,198
213000439,60,18,42
213000440,23,144,-121
213000441,0,0,0
213000442,18,13,5
213000443,997,340,657
213000444,45,5,40
213000445,0,85,-85
213000446,0,60,-60
213000447,1,127,-126
213000448,5,139,-134
213000449,2178,18,2160
213000450,49,10,39
213000451,866,39,827
213000452,37,7,30
213000453,24,135,-111
213000455,245,51,194
213000456,1,201,-200
213000481,22,7,15
213000484,34,6,28
213000489,308,73,235
213900002,9,725,-716
213900003,108,20,88
213900013,0,38,-38
213900015,0,10,-10
213900016,44,2,42
213900020,45,76,-31
213900030,0,54,-54
213900032,99,55,44
213900033,489,32,457
213900034,1280,28,1252
213900035,262,92,170
213900036,120,88,32
213900037,43,223,-180
213900038,956,113,843
213900039,0,20,-20
213900041,10,420,-410
213900042,119,374,-255
213900043,561,31,530
213900244,348,1,347
213900245,0,9,-9
218000003,39,46,-7
218000004,176,55,121
218000005,28,60,-32
218000006,123,77,46
218000007,15,25,-10
218000012,139,316,-177
218000013,302,295,7
218000014,520,123,397
218000019,528,198,330
218000020,382,171,211
218000021,61,47,14
218000022,36,19,17
218000023,4,11,-7
218000024,1,8,-7
218000025,23,9,14
218000026,25,14,11
218000027,0,3,-3
218000028,2,1,1
218000029,1,8,-7
218000030,47,4,43
218000031,13,6,7
218000032,6,6,0
218000040,0,12,-12
218000046,191,145,46
218000047,37,76,-39
218000048,237,39,198
218000049,98,55,43
218000050,446,134,312
218000051,88,152,-64
218000052,3,40,-37
218000053,1,4,-3
218000054,10,35,-25
218000055,14,69,-55
218000056,32,68,-36
218000057,3,75,-72
218000064,0,9,-9
218000065,125,28,97
218000066,59,53,6
218000067,181,32,149
218000068,339,66,273
218000069,770,27,743
218000070,427,203,224
218000071,266,161,105
218000072,142,166,-24
218000078,1563,234,1329
218000079,511,42,469
218000080,342,32,310
218000081,950,58,892
218000082,388,29,359
218000083,195,39,156
218000084,195,72,123
218000085,147,104,43
218000086,88,59,29
218000087,221,48,173
218000090,36,278,-242
218000091,1629,611,1018
218000092,354,44,310
218000093,174,87,87
218000094,633,221,412
218000099,316,269,47
218000100,376,168,208
218000101,423,182,241
218000102,798,214,584
218000103,207,67,140
218000104,153,22,131
218000105,11,14,-3
218000106,47,5,42
218000107,368,14,354
218000108,61,20,41
218000112,78,13,65
218000117,31,76,-45
218000134,522,260,262
218000135,13,122,-109
218000136,213,139,74
218000137,155,171,-16
218000138,91,55,36
218000139,220,567,-347
218000140,685,507,178
218000141,149,120,29
218000142,299,169,130
218000143,74,352,-278
218000144,11,295,-284
218000145,742,235,507
218000146,160,84,76
218000151,3,32,-29
218000152,75,53,22
218000153,8,5,3
218000154,20,8,12
218000155,67,1,66
218000156,157,9,148
218000157,55,11,44
218000158,12,7,5
218000159,9,15,-6
218000160,8,29,-21
218000161,56,3,53
218000162,102,4,98
218000163,57,2,55
218000164,169,11,158
218000165,206,72,134
218000170,0,31,-31
218000171,52,3,49
218000172,6,7,-1
218000173,14,6,8
218000174,19,13,6
218000176,464,14,450
218000177,452,120,332
218000178,98,121,-23
218000179,293,39,254
218000180,112,38,74
218000181,411,76,335
218000187,15,30,-15
218000188,17,37,-20
218000189,35,79,-44
218000190,22,11,11
218000191,157,36,121
218000192,249,111,138
218000193,370,137,233
218000194,217,202,15
218000195,288,14,274
218000196,537,171,366
218000197,1202,102,1100
218000198,246,44,202
218000199,118,7,111
218000200,60,36,24
218000201,41,10,31
218000202,23,714,-691
218000207,9,11,-2
218000208,43,92,-49
218000211,46,8,38
218000212,1,2,-1
218000213,244,152,92
218000214,1,23,-22
218000215,198,50,148
218000217,4,40,-36
218000218,378,31,347
218000219,1,70,-69
218000220,66,522,-456
218000221,1172,365,807
218000222,0,105,-105
218000223,71,750,-679
218000224,9,238,-229
218000225,326,17,309
218000226,415,58,357
218000230,0,4,-4
218000232,100,72,28
218000239,141,26,115
218000240,4,1,3
218000241,19,1,18
218000242,4,2,2
218000243,11,2,9
218000244,33,11,22
218000245,9,31,-22
218000246,0,17,-17
218000247,1,2,-1
218000248,0,90,-90
218000249,0,5,-5
218000250,3,240,-237
218000251,1,45,-44
218000252,1,76,-75
218000253,0,32,-32
218000254,2,20,-18
218000255,0,22,-22
218000256,5,35,-30
218000267,576,802,-226
218000268,7,58,-51
218000269,0,18,-18
218000270,42,22,20
218000271,12,15,-3
218000273,232,0,232
218000274,30,0,30
218000275,139,94,45
218000276,49,31,18
218000278,3,16,-13
218000279,54,20,34
218000280,1,22,-21
218000281,8,18,-10
218000282,703,1557,-854
218000284,72,2,70
218000301,51,145,-94
218000302,111,62,49
218000303,9,72,-63
218000316,1985,662,1323
218000317,3688,377,3311
218000318,2186,278,1908
218000319,1549,360,1189
218000320,1400,539,861
218000338,14,30,-16
218000345,283,46,237
218000346,36,195,-159
218000459,63,133,-70
218000490,27,44,-17
218000501,216,60,156
218000502,190,32,158
218000503,163,23,140
218000504,152,16,136
218000505,46,36,10
218000506,5,52,-47
218000508,7,1,6
218000510,127,25,102
218000520,143,102,41
218000521,3,17,-14
218000522,0,243,-243
218000523,180,1,179
218000524,11,159,-148
218000525,99,24,75
218000526,31,140,-109
218000529,34,35,-1
218000530,39,5,34
218000531,36,21,15
218000532,99,2,97
218000534,655,8,647
218000537,26,107,-81
218000538,167,285,-118
218000540,55,73,-18
218000543,368,26,342
218000544,45,29,16
218000545,265,99,166
218000546,104,16,88
218000547,235,121,114
218000548,139,42,97
218000549,1438,117,1321
218000550,218,88,130
218000551,64,219,-155
218000552,426,84,342
218000553,48,107,-59
218000554,12,40,-28
218000555,72,93,-21
218000556,300,83,217
218000557,1059,73,986
218000558,90,0,90
218000559,0,54,-54
218000560,0,26,-26
218000561,3,0,3
218000562,14,119,-105
218000563,305,37,268
218000564,1,87,-86
218000565,153,23,130
218000566,49,14,35
218000567,0,88,-88
218000568,14,0,14
218000569,1,165,-164
218000570,29,4,25
218000571,0,117,-117
218000572,85,1,84
218000573,4,68,-64
218000574,97,23,74
218000575,144,1,143
218000576,1,85,-84
218000577,153,19,134
218000578,0,94,-94
218000579,26,35,-9
218000581,3,70,-67
218000582,72,0,72
218000583,8,6,2
218000584,0,54,-54
218000585,55,12,43
218000586,13,41,-28
218000587,3,0,3
218000588,0,7,-7
218000589,1,35,-34
218000590,3,0,3
218000591,1,72,-71
218000592,6,5,1
218000593,1,0,1
218000594,0,8,-8
218000595,0,0,0
218000596,0,0,0
218000597,0,0,0
218000598,0,1,-1
218000599,5,0,5
218000600,8,2,6
218000601,0,1,-1
218000602,0,1,-1
218000603,0,2,-2
218000604,29,22,7
218000605,0,15,-15
218000606,96,4,92
218000607,1,92,-91
218000608,46,8,38
218000609,2,93,-91
218000610,80,0,80
218000611,34,0,34
218000612,0,18,-18
218000613,51,18,33
218000614,1,43,-42
218000615,287,1,286
218000616,8,159,-151
218000617,5,1,4
218000618,1,41,-40
218000619,129,35,94
218000620,3,136,-133
218000621,0,18,-18
218000622,0,124,-124
218000623,31,11,20
218000624,0,239,-239
218000625,0,48,-48
218000626,0,24,-24
218000628,301,166,135
218000631,128,4,124
218000632,3,111,-108
218000633,72,2,70
218000634,16,19,-3
218000635,36,8,28
218000636,999,354,645
218000637,1930,197,1733
218000638,673,6,667
218000639,44,42,2
218000640,1126,21,1105
218000641,171,71,100
218000652,75,45,30
218000653,334,27,307
218000663,8,24,-16
218000675,29,47,-18
218000676,17,12,5
218000677,52,4,48
218000680,193,124,69
218000681,1149,134,1015
218000691,427,67,360
218000693,1074,78,996
218000703,5,14,-9
218000718,31,162,-131
218000719,60,101,-41
218000720,1,81,-80
218000721,25,4,21
218000725,34,8,26
218001214,39,42,-3
218001329,214,49,165
218001330,41,24,17
218001351,5,5,0
218001352,13,54,-41
218001353,20,4,16
218001354,2,56,-54
219000001,2,25,-23
219000002,39,19,20
219000003,81,25,56
219000004,108,103,5
219000017,87,130,-43
219000020,289,30,259
219000022,213,1,212
219000023,100,0,100
219000029,0,105,-105
219000034,110,33,77
219000039,24,181,-157
219000040,41,58,-17
219000041,152,25,127
219000051,0,86,-86
219000052,1,46,-45
219000053,0,59,-59
219000054,321,270,51
219000055,428,0,428
219000056,7,1,6
219000057,133,0,133
219000062,9,95,-86
219000063,292,5,287
219000064,0,62,-62
219000110,282,277,5
219000111,121,66,55
219000112,387,28,359
219000113,386,30,356
219000114,320,23,297
219000116,130,55,75
219000117,224,31,193
219000118,104,90,14
219000123,224,98,126
219000124,88,80,8
219000125,65,10,55
219000126,48,122,-74
219000127,0,2,-2
219000128,16,104,-88
219000129,20,72,-52
219000130,209,284,-75
219000131,1102,672,430
219000133,22,124,-102
219000134,8,66,-58
219000135,25,66,-41
219000136,96,239,-143
219000138,200,10,190
219000139,164,27,137
219000140,337,0,337
219000141,83,25,58
219000142,32,32,0
219000143,26,19,7
219000145,41,21,20
219000146,0,0,0
219000147,9,20,-11
219000148,0,18,-18
219000149,5,27,-22
219000150,2,40,-38
219000151,0,0,0
219000157,641,115,526
219000158,355,154,201
219000161,531,2,529
219000163,1356,282,1074
219000166,234,230,4
219000167,126,215,-89
219000168,441,135,306
219000174,761,172,589
219000175,421,5,416
219000176,395,19,376
219000177,264,0,264
219000178,329,0,329
219000179,218,27,191
219000180,144,22,122
219000182,222,5,217
219000183,148,5,143
219000184,148,7,141
219000185,1,9,-8
219000186,126,58,68
219000187,23,45,-22
219000189,27,110,-83
219000190,101,108,-7
219000191,117,536,-419
219000192,367,203,164
219000193,359,75,284
219000195,4,405,-401
219000196,1,130,-129
219000198,60,46,14
219000199,178,75,103
219000200,245,45,200
219000201,87,52,35
219000203,26,38,-12
219000204,57,340,-283
219000205,5,156,-151
219000207,99,219,-120
219000209,77,37,40
219000210,21,208,-187
219000213,16,205,-189
219000239,206,194,12
219000240,98,390,-292
219000241,99,131,-32
219000242,80,256,-176
219000243,159,236,-77
219000244,27,55,-28
219000245,14,25,-11
219000246,19,46,-27
219000247,400,23,377
219000248,662,463,199
219000249,263,142,121
219000250,359,50,309
219000251,864,149,715
219000252,405,49,356
219000253,214,14,200
219000255,232,57,175
219000256,517,141,376
219000257,98,0,98
219000262,44,100,-56
219000263,73,73,0
219000267,2,18,-16
219000268,0,0,0
219000269,5,3,2
219000270,26,2,24
219000271,488,1,487
219000278,0,0,0
219000279,0,0,0
219000283,0,28,-28
219000295,5,60,-55
219000296,78,248,-170
219000297,27,37,-10
219000298,40,7,33
219000299,433,22,411
219000300,68,43,25
219000301,30,229,-199
219000302,22,82,-60
219000307,123,10,113
219000308,60,54,6
219000311,362,39,323
219000312,476,100,376
219000313,604,61,543
219000314,72,79,-7
219000315,582,9,573
219000316,783,47,736
219000317,248,20,228
219000320,0,69,-69
219000321,0,29,-29
219000323,1,57,-56
219000325,0,3,-3
219000326,13,29,-16
219000327,46,8,38
219000328,38,8,30
219000329,492,118,374
219000330,22,36,-14
219000331,50,31,19
219000332,352,91,261
219000333,146,7,139
219000335,110,0,110
219000337,30,0,30
219000338,40,0,40
219000344,21,96,-75
219000345,255,112,143
219000346,45,17,28
219000348,132,69,63
219000349,30,94,-64
219000350,47,250,-203
219000351,0,10,-10
219000352,100,61,39
219000353,351,53,298
219000354,965,24,941
219000355,212,60,152
219000356,490,854,-364
219000363,189,80,109
219000364,181,23,158
219000365,79,49,30
219000366,131,1090,-959
219000368,396,373,23
219000370,871,386,485
219000371,9,9,0
219000382,10,21,-11
219000383,237,636,-399
219000385,148,563,-415
219000386,455,1329,-874
219000387,2,18,-16
219000390,14,0,14
219000391,6,0,6
219000397,84,17,67
219000398,28,79,-51
219000401,18,122,-104
219000402,24,54,-30
219000403,43,377,-334
219000404,28,100,-72
219000407,20,29,-9
219000409,101,38,63
219000410,115,25,90
219000411,127,17,110
219000446,76,313,-237
219000447,0,7,-7
219000448,9,2,7
219000452,109,88,21
219000453,36,104,-68
219000454,479,407,72
219000556,983,38,945
219000558,92,182,-90
219000590,14,269,-255
219000591,286,86,200
219000592,43,184,-141
219000595,8,19,-11
219000635,238,18,220
219000636,43,15,28
219000657,111,15,96
219000658,13,136,-123
219000673,0,16,-16
219000676,14,1,13
219000679,74,12,62
219000684,347,0,347
219000685,0,73,-73
219000686,0,4,-4
219000688,1,76,-75
219000689,10,106,-96
219000690,192,12,180
219000691,47,104,-57
219000692,178,8,170
219000693,1,10,-9
219000694,36,0,36
219000695,175,2,173
219000698,18,0,18
219000699,0,112,-112
219000727,1,130,-129
219000728,174,1,173
219000770,34,0,34
219000771,0,40,-40
219000788,7,13,-6
219001150,0,92,-92
219001151,5,5,0
219001166,25,62,-37
219001167,0,47,-47
220000001,28,261,-233
220000002,5,143,-138
220000003,203,144,59
220000004,373,305,68
220000005,458,1144,-686
220000006,105,391,-286
220000007,444,111,333
220000008,259,248,11
220000009,281,260,21
220000010,35,53,-18
220000011,358,4931,-4573
220000012,65,658,-593
220000014,190,79,111
220000015,18,346,-328
220000017,53,291,-238
220000018,9118,3348,5770
220000019,307,750,-443
220000020,628,175,453
220000021,1033,366,667
220000022,1496,208,1288
220000023,311,89,222
220000024,799,332,467
220000025,767,1558,-791
220000026,461,906,-445
220000027,13,241,-228
220000028,63,130,-67
220000029,16,67,-51
220000030,41,36,5
220000031,1133,516,617
220000064,79,995,-916
221000046,5,7,-2
221000047,0,0,0
221000048,0,1,-1
221000049,0,9,-9
221000050,10,2,8
221000055,22,65,-43
221000057,209,7,202
221000068,241,65,176
221000069,475,28,447
221000070,274,9,265
221000071,212,7,205
221000072,487,3,484
221000073,290,33,257
221000074,0,11,-11
221000075,6,11,-5
221000076,13,7,6
221000077,5,25,-20
221000081,25,4,21
221000082,76,11,65
221000083,3,1,2
221000084,5,1,4
221000085,11,43,-32
221000086,0,64,-64
221000087,1,134,-133
221000088,3,172,-169
221000089,20,126,-106
221000090,40,211,-171
221000098,190,33,157
221000099,313,15,298
221000100,225,2,223
221000101,279,13,266
221000102,258,11,247
221000109,12,19,-7
221000110,6,12,-6
221000111,13,33,-20
221000112,0,24,-24
221000113,4,56,-52
221000114,1,68,-67
221000120,25,109,-84
221000121,0,60,-60
221000122,72,19,53
221000123,6,10,-4
221000124,13,128,-115
221000155,167,13,154
221000156,104,66,38
221000175,0,13,-13
221000176,0,7,-7
221000182,254,2,252
221000241,297,222,75
221000242,75,112,-37
221000243,557,149,408
221000244,97,254,-157
221000245,200,69,131
221000246,35,204,-169
221000247,211,156,55
221000248,115,80,35
221000267,23,614,-591
221000325,13,172,-159
221000331,2,47,-45
221000338,26,44,-18
221000378,556,55,501
221000381,65,50,15
222000282,1,2,-1
222000296,2,19,-17
222000568,600,17,583
222000569,201,32,169
222000570,177,36,141
222000571,694,23,671
222000577,11,37,-26
222000578,1,34,-33
222000579,2,67,-65
222000580,20,752,-732
222000599,0,81,-81
222000600,0,75,-75
222000601,6,612,-606
222000603,19,75,-56
222000604,2,98,-96
222000605,19,32,-13
222000606,5,20,-15
222000607,1,15,-14
222000608,11,20,-9
222000609,98,53,45
222000616,1046,14,1032
222000617,30,19,11
222000618,4,20,-16
222000620,23,18,5
222000621,30,28,2
222000623,831,9,822
222000624,741,5,736
222000625,2198,11,2187
222000636,53,7,46
222000686,22,26,-4
222000687,77,31,46
222001066,1394,6,1388
222001067,191,3,188
222001068,312,19,293
222001069,176,63,113
222001082,144,8,136
222001083,371,22,349
222001084,6,55,-49
222001085,0,1018,-1018
222001111,550,14,536
222001112,305,19,286
222001313,3,13,-10
222001314,0,155,-155
222001464,105,51,54
222001465,13,117,-104
222001484,452,39,413
222001485,28,29,-1
222001494,1728,125,1603
222001495,150,105,45
222001496,819,88,731
222001497,213,155,58
222001502,19,33,-14
222001503,738,21,717
222001504,15,99,-84
222001505,1300,17,1283
222001506,18,108,-90
222001507,701,36,665
222001510,1706,44,1662
222001511,23,122,-99
222001514,1587,40,1547
222001515,42,106,-64
222001518,1241,47,1194
222001519,127,126,1
222001527,305,19,286
222001528,20,84,-64
222001529,753,43,710
222001530,47,77,-30
222001533,94,212,-118
222001534,1199,24,1175
222001535,645,232,413
222001536,47,96,-49
222001537,912,22,890
222001538,14,134,-120
222001563,1832,82,1750
222001564,42,205,-163
222001568,245,117,128
222001576,0,3,-3
222001579,0,48,-48
222001583,28,63,-35
222001584,345,33,312
222001596,293,592,-299
222001597,2298,388,1910
222001626,0,39,-39
222001650,9,63,-54
222001651,15,151,-136
222001914,632,25,607
222001915,7,72,-65
222900004,752,95,657
222900009,233,225,8
222900019,156,162,-6
222900024,193,18,175
222900025,23,23,0
225000001,764,86,678
225000002,1617,208,1409
225000003,1910,58,1852
225000004,1183,217,966
225000005,65,85,-20
225000006,2,157,-155
225000007,783,1093,-310
225000010,388,29,359
225000011,180,2192,-2012
225000012,366,962,-596
225000013,269,113,156
225000014,992,116,876
225000015,144,257,-113
225000021,1050,88,962
225000027,277,246,31
225000032,1011,89,922
225000042,136,248,-112
225000049,64,192,-128
225000050,233,35,198
225000053,4,92,-88
225000058,926,133,793
225000067,444,99,345
225000068,232,203,29
225000069,131,247,-116
225000070,191,230,-39
225000071,73,48,25
225000075,34,1228,-1194
225000076,99,60,39
225000078,74,19,55
225000085,300,38,262
225000086,689,25,664
225000087,191,16,175
225000088,31,171,-140
225000089,51,158,-107
225000090,10,98,-88
225000091,44,33,11
225000092,52,124,-72
225000093,541,120,421
225000094,22,97,-75
225000095,318,119,199
225000096,80,93,-13
225000098,1398,129,1269
225000099,842,39,803
225000100,1321,44,1277
225000104,203,425,-222
225000110,16,322,-306
225000111,495,319,176
225000112,798,828,-30
225000113,310,1282,-972
225000114,219,648,-429
225000115,1486,833,653
225000116,244,87,157
225000117,590,461,129
225000118,1579,401,1178
225000119,641,73,568
225000120,1315,80,1235
225000121,232,44,188
225000123,1074,14,1060
225000125,784,174,610
225000126,758,181,577
225000127,561,4651,-4090
225000128,428,1689,-1261
225000132,947,18,929
225000133,503,9,494
225000134,1041,135,906
225000135,156,9,147
225000136,740,5,735
225000137,571,153,418
225000138,936,188,748
225000143,113,406,-293
225000144,11,337,-326
225000145,102,42,60
225000146,133,55,78
225000147,56,64,-8
225000148,2,45,-43
225000149,94,130,-36
225000151,54,75,-21
225000155,102,102,0
225000156,336,1026,-690
225000157,677,268,409
225000158,55,156,-101
225000171,2,159,-157
225000180,29,1,28
225000181,0,207,-207
225000182,48,3,45
225000185,2,333,-331
225000187,92,305,-213
225000191,103,0,103
225000194,0,3,-3
225000208,2,77,-75
225000209,127,25,102
225000210,1,99,-98
225000217,0,20,-20
225000218,43,0,43
225000223,1,376,-375
225000224,8,2,6
225000225,2,138,-136
225000226,12,2,10
225000227,158,258,-100
225000228,7,2,5
225000229,0,147,-147
225000230,7,1,6
225000231,0,19,-19
225000232,325,0,325
225000241,124,1,123
225000242,0,14,-14
225000249,8,0,8
225000250,79,172,-93
225000251,876,100,776
225000254,2,141,-139
225000256,5,762,-757
225000257,0,56,-56
226000042,113,278,-165
226000043,11,153,-142
226000044,78,405,-327
226000045,67,216,-149
226000046,1322,107,1215
226000047,1080,180,900
226000048,804,133,671
226000049,909,317,592
226000070,0,11,-11
226000071,0,28,-28
226000072,0,22,-22
226000073,0,15,-15
226000074,0,5,-5
226000084,1,19,-18
226000085,1,44,-43
226000086,0,25,-25
226000087,0,35,-35
226000088,15,17,-2
226000090,57,211,-154
226000091,4,147,-143
226000092,0,30,-30
226000093,11,11,0
226000094,9,18,-9
226000095,16,11,5
226000105,2,1,1
226000106,19,0,19
226000107,5,0,5
226000108,22,0,22
226000109,371,0,371
226000124,383,128,255
226000134,1950,370,1580
226000135,3114,464,2650
226000136,1300,320,980
226000137,3,86,-83
226000138,3,35,-32
226000139,0,32,-32
226000156,734,2,732
226000157,839,9,830
226000163,23,54,-31
226000202,12,75,-63
226000231,1609,11,1598
226000232,53,1,52
227000033,729,12,717
227000036,1263,18,1245
227000037,1052,30,1022
227000038,334,49,285
227000084,1,118,-117
227000085,0,112,-112
227000088,103,0,103
227000089,77,1,76
227000090,22,0,22
227000091,38,0,38
227000092,7,1,6
227000093,174,0,174
227000094,7,0,7
227000130,83,118,-35
227000131,51,146,-95
227000132,34,74,-40
227000133,41,52,-11
227000134,31,61,-30
227000152,0,11,-11
227000153,1,134,-133
227000154,0,58,-58
227000155,0,24,-24
227000156,0,36,-36
227000165,2,63,-61
227000196,949,117,832
227000199,1473,177,1296
227000230,12,165,-153
227000232,2287,32,2255
227000242,34,189,-155
227000243,436,19,417
227000245,24,169,-145
227000246,76,126,-50
227000247,1037,21,1016
227000248,222,49,173
227000249,10,97,-87
227000250,439,301,138
227000251,53,223,-170
227000252,74,102,-28
227000253,394,25,369
227000262,967,29,938
227000266,3659,81,3578
227000267,4,522,-518
227000282,2,54,-52
227000284,2185,10,2175
227000286,17,21,-4
227000291,14,117,-103
227000296,400,213,187
227000484,208,20,188
227000485,4,320,-316
227000655,868,4,864
227000656,1522,13,1509
227000657,922,2,920
227000704,1525,38,1487
229000265,18,6,12
229000266,1,3,-2
229000267,27,4,23
229000268,44,4,40
229000269,39,2,37
229000274,0,79,-79
229000275,2,97,-95
229000276,1,51,-50
229000277,1,3,-2
229000278,0,4,-4
229000295,44,30,14
229000296,13,113,-100
229000297,24,38,-14
229000298,28,372,-344
229000320,73,6,67
229000321,29,282,-253
229000412,30,112,-82
229000414,41,103,-62
229000415,29,0,29
229000416,2,6,-4
229000417,29,15,14
229000419,213,332,-119
229000440,470,179,291
229000442,34,8,26
229000443,8,0,8
229000444,3,37,-34
229000445,98,11,87
229000446,157,94,63
229000491,2,13,-11
229000492,7,73,-66
229000493,17,75,-58
229000494,90,2,88
229000495,188,5,183
229000496,211,1,210
229000507,0,41,-41
229000508,1,38,-37
229000509,0,58,-58
229000510,0,24,-24
229000511,2,41,-39
229000512,0,27,-27
229000513,1,5,-4
229000514,0,4,-4
229000517,7,2,5
229000518,17,28,-11
229000519,0,7,-7
229000520,27,21,6
229000521,118,21,97
229000522,25,8,17
229000523,11,4,7
229000524,14,2,12
229000527,2,1,1
229000528,0,0,0
229000529,14,1,13
229000530,112,1,111
229000531,113,0,113
229000532,25,1,24
229000533,52,0,52
229000534,42,6,36
229000564,268,1,267
229000565,148,0,148
229000566,0,4,-4
229000567,0,3,-3
229000582,109,9,100
229000583,59,15,44
229000584,0,9,-9
229000585,1,105,-104
229000718,0,2,-2
229000719,0,2,-2
229000720,0,17,-17
229000721,0,9,-9
229000722,1,0,1
229000723,0,6,-6
229000724,0,11,-11
229000725,0,4,-4
229000738,0,0,0
229000739,17,0,17
229000740,0,0,0
229000741,70,0,70
229000742,25,0,25
229000743,52,0,52
229000744,3,0,3
229000745,3,0,3
229000746,36,0,36
229000847,163,1,162
229000848,174,0,174
229000849,397,1,396
229000851,423,2,421
229000854,0,35,-35
229000856,0,51,-51
229000857,0,25,-25
229000858,0,27,-27
229000919,0,18,-18
229000930,0,5,-5
229000937,163,8,155
229000966,71,37,34
229000981,14,5,9
229000985,47,26,21
229000986,3,3,0
229000987,0,1,-1
229000988,0,5,-5
229000989,6,48,-42
229000990,3,17,-14
229000991,1,0,1
229000992,51,2,49
229000993,521,14,507
229000998,49,47,2
229000999,148,14,134
229001034,1,29,-28
229001035,11,25,-14
229001036,5,39,-34
229001037,124,12,112
229001038,0,7,-7
229001039,7,0,7
229001040,0,65,-65
229001041,558,0,558
229001042,25,1,24
229001047,9,110,-101
229001050,84,10,74
229001168,0,29,-29
229001200,32,0,32
229001338,6,4,2
229001394,585,1,584
229001422,201,26,175
229001423,2,50,-48
229001431,62,49,13
229001432,1,30,-29
229001444,409,71,338
229001445,165,173,-8
229001479,79,0,79
229001503,489,30,459
229001504,27,29,-2
229001505,198,36,162
229001506,24,31,-7
229001509,202,11,191
229001510,15,55,-40
229001545,175,46,129
229001546,2,12,-10
229001553,142,10,132
229001554,3,12,-9
229001630,191,21,170
229001631,33,89,-56
229001635,0,35,-35
229001636,0,0,0
229001658,0,16,-16
229001659,62,29,33
229001660,0,15,-15
229001661,6,92,-86
229001662,46,0,46
229001663,0,4,-4
229002584,591,411,180
229002831,229,152,77
229002841,60,88,-28
229002842,40,116,-76
229002843,63,49,14
229002844,32,156,-124
229002845,16,180,-164
229002846,8,57,-49
229002847,0,35,-35
229002848,6,85,-79
229002849,1,207,-206
229002850,5,4,1
229002851,139,311,-172
229002852,143,37,106
229002853,167,72,95
229002854,32,105,-73
229002855,3,46,-43
229002856,98,38,60
229002857,11,152,-141
229002858,7,9,-2
229002859,19,59,-40
229002860,53,73,-20
229002861,41,69,-28
229002862,28,63,-35
229002863,33,8,25
229002864,67,51,16
229002865,2,30,-28
229002866,24,50,-26
229002867,0,14,-14
229002868,5,72,-67
229002869,39,76,-37
229002870,99,15,84
235000066,299,24,275
235000067,164,104,60
235000072,5,10,-5
235000073,30,46,-16
235000074,95,4,91
235000080,8,31,-23
235000081,85,57,28
235000082,443,83,360
235000083,587,95,492
235000084,18,79,-61
235000085,228,89,139
235000089,33,26,7
235000092,17,35,-18
235000093,4,4,0
235000097,0,5,-5
235000098,89,2,87
235000099,40,17,23
235000116,15,10,5
235000117,641,14,627
235000133,5,155,-150
235000134,5,42,-37
235000206,4,9,-5
235000207,5,3,2
235000208,0,0,0
235000209,9,1,8
235000210,4,1,3
235000212,1,17,-16
235000213,0,15,-15
235000220,0,4,-4
235000221,12,48,-36
235000238,20,230,-210
235000239,0,57,-57
235000242,327,1412,-1085
235000245,417,198,219
235000246,37,58,-21
235000284,2,49,-47
235000295,39,2,37
235000305,478,2,476
235000306,763,12,751
235000307,101,5,96
235000308,36,1,35
235000309,168,0,168
235000310,24,0,24
235000311,75,28,47
235000322,1,182,-181
235000323,0,51,-51
235000324,0,124,-124
235000325,0,45,-45
235000326,15,81,-66
235000351,4,46,-42
235000352,28,30,-2
235000353,7,17,-10
235000354,21,16,5
235000355,28,427,-399
235000356,106,1,105
235000357,45,2,43
235000358,32,7,25
235000359,25,0,25
235000360,217,17,200
235000361,55,3,52
235000381,184,90,94
235000382,341,42,299
235000390,5,2,3
235000391,190,10,180
235000392,249,124,125
235000393,190,154,36
235000395,203,41,162
235000396,676,46,630
235000400,175,64,111
235000401,1,88,-87
235000405,124,111,13
235000406,57,64,-7
235000407,60,25,35
235000409,180,35,145
235000410,76,64,12
235000411,0,61,-61
235000485,0,5,-5
235000486,3,0,3
235000549,134,113,21
235000550,161,71,90
235000599,140,13,127
235000600,0,4,-4
235000601,7,7,0
235000602,188,50,138
235000614,0,8,-8
235000648,0,3,-3
235000649,71,8,63
235000685,0,11,-11
235000815,9,18,-9
235000834,0,8,-8
235000855,42,39,3
235000862,31,57,-26
235000891,0,1,-1
235000892,8,2,6
235000901,42,45,-3
235000907,2,7,-5
235001010,236,71,165
235001029,115,80,35
235001030,152,71,81
235001078,114,88,26
235001079,55,25,30
235001147,5,100,-95
235001166,43,13,30
235001167,48,13,35
235001169,39,171,-132
235001188,0,6,-6
235001189,2,1,1
235001197,0,37,-37
235001200,9,3,6
235001207,164,13,151
235001208,3,22,-19
235001209,14,12,2
235001210,8,150,-142
235001215,9,50,-41
235001239,0,11,-11
235001244,1,2,-1
235016267,1,101,-100
241900007,93,0,93
277101746,0,0,0
277102712,0,0,0
277103813,0,0,0
277103898,0,1,-1
277104249,1,4,-3
277104250,0,28,-28
277104251,0,2,-2
277104252,0,3,-3
990011530,0,206,-206
990014944,0,156,-156
990015176,15,0,15
990015618,3,167,-164
990016032,2,585,-583
990032570,7,2206,-2199
990070001,90,3,87
990070103,0,3,-3
990070601,1,8,-7
990070751,4015,7,4008
990070766,0,120,-120
990071180,589,83,506
990071343,1,0,1
990071387,1,3,-2
990071823,810,10,800
990072600,2,473,-471
990072964,0,148,-148
990073285,0,2,-2
990074393,0,597,-597
990074870,3418,10,3408
990075106,613,34,579
990075746,912,40,872
990076437,8106,32,8074
990076458,0,376,-376
997000007,486,6,480
997000041,3,351,-348
997000058,73,0,73
997000062,27,1,26
997000069,0,6,-6
997000070,0,89,-89
997000100,249,1,248
997000141,0,88,-88
997000198,0,129,-129
998000475,0,2,-2
998000736,1,735,-734
998000965,0,91,-91
998001031,1,208,-207
998001700,0,58,-58
998001899,0,0,0
998001900,19,3,16
998003073,2279,78,2201
998101900,0,0,0
998102850,0,127,-127
998501927,430,1148,-718
998501929,180,5,175
998501930,132,4,128
998501931,308,10,298
998501932,6,0,6
998501933,51,0,51
998501937,58,10,48
998501944,6,1,5
998501950,0,0,0
998501970,500,126,374
998501971,1,315,-314
998501973,0,6,-6
998501974,3,96,-93
998501975,91,2,89
998501976,252,1,251
998501977,0,21,-21
998501978,10,0,10
998501979,0,4,-4
998501980,300,27,273
998501981,55,22,33
998501982,1,77,-76
998501983,0,0,0
998502006,0,0,0
998502024,0,1,-1
998502032,0,4,-4
998502062,12,0,12
998502063,0,0,0
998502173,6,0,6
998502269,0,5,-5
998601159,0,14,-14
998601292,0,21,-21
999033574,0,156,-156
999800001,103,43,60
999800002,0,1,-1
999800003,1,5,-4
999800004,0,13,-13
999800005,0,14,-14
