ID,insum,outsum,diff
100000001,666,1147,-481
100000002,4359,3499,860
100000003,7548,6067,1481
100000004,1399,1282,117
100000005,3012,5568,-2556
100000006,590,173,417
100000007,2325,937,1388
100000008,247,591,-344
100000009,775,545,230
100000010,129,117,12
100000011,1734,158,1576
100000012,167,1470,-1303
100000013,156,386,-230
100000014,587,360,227
100000015,2332,3156,-824
100000016,1260,1729,-469
100000017,792,1062,-270
100000018,2142,858,1284
100000019,5351,2687,2664
100000020,3113,9202,-6089
100000021,7075,3272,3803
100000022,2066,3350,-1284
100000023,6983,2344,4639
100000025,1965,1814,151
100000028,2141,1567,574
100000029,477,493,-16
100000030,273,88,185
100000031,5156,8002,-2846
100000032,2865,4848,-1983
100000033,1096,3098,-2002
100000034,456,664,-208
100000035,2277,2208,69
100000036,2661,1786,875
100000037,957,517,440
100000038,2584,1255,1329
100000039,1121,800,321
100000040,271,184,87
100000041,1910,635,1275
100000042,1446,628,818
100000043,1334,520,814
100000044,451,1015,-564
100000045,654,1596,-942
100000046,1435,1118,317
100000047,555,854,-299
100000048,1059,775,284
100000049,1937,2091,-154
100000051,580,1035,-455
100000053,360,13,347
100000054,617,47,570
100000055,1656,349,1307
100000056,701,595,106
100000057,2359,786,1573
100000058,1330,1238,92
100000059,19,205,-186
100000060,403,415,-12
100000061,2738,677,2061
100000062,2288,717,1571
100000063,977,343,634
100000064,1848,392,1456
100000065,528,1003,-475
100000066,224,715,-491
100000067,549,790,-241
100000068,580,1943,-1363
100000069,372,1471,-1099
100000072,319,1203,-884
100000073,1426,1368,58
100000075,824,336,488
100000076,2835,3575,-740
100000077,258,305,-47
100000078,68,31,37
100000079,80,71,9
100000080,39,66,-27
100000081,251,269,-18
100000102,3112,2711,401
100000103,3780,2384,1396
100000104,5784,3580,2204
100000105,3161,2124,1037
100000106,3202,2950,252
100000107,927,1389,-462
100000108,857,1243,-386
100000109,2743,1532,1211
100000116,1856,1446,410
100000117,130,169,-39
100000118,1809,1778,31
100000119,753,1133,-380
100000121,610,560,50
100000122,943,1332,-389
100000123,4188,5217,-1029
100000124,5770,7813,-2043
100000125,4515,2367,2148
100000126,1014,590,424
100000127,2157,491,1666
100000128,2246,3729,-1483
100000129,861,536,325
100000130,552,676,-124
100000131,2776,3525,-749
100000132,1542,4069,-2527
100000133,6048,2799,3249
100000135,767,1509,-742
100000139,682,440,242
100000140,609,419,190
100000142,590,698,-108
100000143,765,431,334
100000144,4107,1034,3073
100000147,1353,3500,-2147
100000150,41,484,-443
100000151,1558,1366,192
100000153,373,584,-211
100000154,77,352,-275
100000155,38,71,-33
100000156,724,584,140
100000157,220,200,20
100000158,405,138,267
100000159,279,779,-500
100000165,1751,1052,699
100000169,428,659,-231
100000174,1030,724,306
100000179,121,706,-585
100000180,7355,7270,85
100000181,1016,513,503
100000188,131,428,-297
100000189,1885,710,1175
100000190,1239,1530,-291
100000191,966,777,189
100000192,86,129,-43
100000193,367,238,129
100000330,1548,1167,381
100000355,284,1036,-752
100000362,5101,3664,1437
100000363,5109,5258,-149
100000364,348,424,-76
100000365,7054,8612,-1558
100000366,7069,3883,3186
100000367,6846,8103,-1257
100000368,3179,1913,1266
100000369,1733,2461,-728
100000370,392,1123,-731
100000376,121,202,-81
100000379,2758,2137,621
100000380,5234,5089,145
100000384,6564,6088,476
100000385,4876,5424,-548
100000386,9015,6228,2787
100000387,6342,6999,-657
100000388,8187,7796,391
100000389,9145,7806,1339
100000390,9608,7932,1676
100000391,7723,9596,-1873
100000392,4742,4902,-160
100000393,3826,5861,-2035
100000394,9464,10543,-1079
100000395,7116,4910,2206
100000396,10383,5189,5194
100000397,7334,8921,-1587
100000398,13279,10067,3212
100900002,10,42,-32
100900003,513,209,304
100900004,41,1421,-1380
100900005,190,15,175
100900006,19,110,-91
100900007,687,11,676
100900008,3,443,-440
100900009,80,171,-91
100900010,96,107,-11
100900011,100,197,-97
100900012,5,244,-239
100900013,1699,19,1680
100900014,6,28,-22
100900015,152,107,45
100900016,7,61,-54
100900017,934,81,853
100900018,0,21,-21
100900019,33,217,-184
100900020,408,19,389
100900021,527,1,526
100900022,39,55,-16
100900023,0,35,-35
100900024,1040,8,1032
100900025,51,18,33
100900026,118,150,-32
100900027,731,3422,-2691
100900028,147,261,-114
100900029,70,7,63
100900030,4,120,-116
100900031,760,67,693
100900032,270,1,269
100900033,416,285,131
100900034,550,5,545
100900035,777,1,776
100900036,22,2,20
100900037,105,214,-109
100900038,127,66,61
100900039,278,593,-315
100900040,490,670,-180
100900041,901,849,52
100900042,1759,1806,-47
100900043,0,39,-39
100900044,2153,663,1490
100900045,38,0,38
100900046,1597,18,1579
100900047,1207,330,877
100900048,272,66,206
100900049,214,178,36
100900050,6,22,-16
100900051,139,187,-48
100900052,576,80,496
100900053,422,30,392
100900054,20,56,-36
100900055,516,800,-284
100900056,167,255,-88
100900057,1803,1492,311
100900058,358,94,264
100900059,144,13,131
100900060,238,6,232
100900061,398,263,135
100900062,9,65,-56
100900063,294,673,-379
100900064,960,35,925
100900065,146,114,32
100900066,184,194,-10
100900067,27,6,21
100900068,121,87,34
100900069,482,29,453
100900070,438,7,431
100900071,838,308,530
100900072,3,33,-30
100900073,183,331,-148
100900074,6,11,-5
100900075,2291,432,1859
100900076,36,49,-13
100900077,28,77,-49
100900078,183,496,-313
100900079,11,31,-20
100900080,51,259,-208
100900081,70,195,-125
100900082,140,477,-337
100900083,9,28,-19
100900085,21,372,-351
100900086,253,1119,-866
100900088,137,576,-439
100900089,4,18,-14
100900090,175,505,-330
100900091,5,35,-30
100900092,346,285,61
100900093,285,560,-275
100900094,146,452,-306
100900095,11,39,-28
100900096,127,145,-18
100900097,3,4,-1
100900098,42,22,20
100900099,87,578,-491
100900100,36,780,-744
100900101,287,58,229
100900102,75,165,-90
100900103,7,24,-17
100900104,19,212,-193
100900105,30,694,-664
100900106,51,5,46
100900107,2078,900,1178
100900108,13,87,-74
100900109,14,52,-38
100900110,15,51,-36
100900111,71,282,-211
100900112,27,41,-14
100900113,9,36,-27
100900114,13,16,-3
100900115,8,32,-24
100900116,1110,709,401
100900117,402,1061,-659
100900118,19,58,-39
100900119,23,15,8
100900120,6,13,-7
100900121,583,530,53
100900122,307,216,91
100900123,107,233,-126
100900124,15,8,7
100900125,17,74,-57
100900126,230,274,-44
100900127,2,5,-3
100900128,132,199,-67
100900129,5,216,-211
100900131,106,280,-174
100900133,71,69,2
100900134,9,8,1
100900135,2,224,-222
100900137,346,250,96
100900138,659,534,125
100900139,6,9,-3
100900140,13,581,-568
100900141,18,689,-671
100900142,4,23,-19
100900143,1053,528,525
100900144,32,10,22
100900145,268,239,29
100900146,16,90,-74
100900147,24,717,-693
100900148,47,543,-496
100900149,37,330,-293
100900150,5,40,-35
100900151,171,600,-429
100900152,801,13,788
100900153,3,257,-254
100900154,18,135,-117
100900155,26,35,-9
100900156,91,11,80
100900157,17,266,-249
100900158,1207,238,969
100900159,7,56,-49
100900160,34,10,24
100900161,116,10,106
100900162,33,629,-596
100900163,249,218,31
100900164,61,69,-8
100900165,19,23,-4
100900166,69,4,65
100900167,36,73,-37
100900168,76,192,-116
100900169,159,1181,-1022
100900170,83,17,66
100900171,26,611,-585
100900172,1,38,-37
100900173,13,411,-398
100900174,469,60,409
100900176,2081,246,1835
100900177,747,405,342
100900178,304,207,97
100900179,296,513,-217
100900180,5,8,-3
100900181,150,137,13
100900182,121,33,88
100900184,23,240,-217
100900186,715,547,168
100900187,21,91,-70
100900188,66,6,60
100900189,2241,269,1972
100900191,1303,1265,38
100900192,334,505,-171
100900195,154,174,-20
100900197,119,66,53
100900198,52,247,-195
100900199,14,18,-4
100900200,866,474,392
100900201,158,999,-841
100900202,119,2,117
100900203,3,228,-225
100900204,1247,2201,-954
100900205,215,627,-412
100900206,168,131,37
100900207,341,184,157
100900210,166,468,-302
100900211,854,221,633
100900213,295,77,218
100900214,948,99,849
100900215,24,61,-37
101000001,4905,2930,1975
101000002,7148,7572,-424
101000003,592,2033,-1441
101000004,8296,7546,750
101000005,4656,5618,-962
101000006,6546,7833,-1287
101000007,3225,4989,-1764
101000008,3484,2891,593
101000009,2014,1480,534
101000010,1037,1334,-297
101000011,1689,755,934
101000012,1520,894,626
101000013,837,1403,-566
101000014,579,759,-180
101000015,1497,1078,419
101000016,472,563,-91
101000017,639,591,48
101000018,3587,2997,590
101000020,3491,1419,2072
101000021,1049,468,581
101000022,321,146,175
101000023,1749,797,952
101000025,312,431,-119
101000026,366,26,340
101000027,2841,3189,-348
101000028,528,160,368
101000029,452,2445,-1993
101000030,2725,182,2543
101000031,1826,1385,441
101000032,12801,6549,6252
101000033,3158,4291,-1133
101000034,3059,2233,826
101000035,1308,748,560
101000036,2242,1355,887
101000037,3628,2329,1299
101000039,3115,3228,-113
101000040,3754,4267,-513
101000041,13328,10875,2453
101000042,851,1877,-1026
101000043,9593,10603,-1010
101000045,2469,1342,1127
101000046,6220,2617,3603
101000047,3858,6130,-2272
101000048,1085,826,259
101000049,1040,2877,-1837
101000050,3352,3320,32
101000051,2718,3901,-1183
101000052,2067,1387,680
101000053,1554,1898,-344
101000054,2811,1674,1137
101000055,1745,1729,16
101000056,80,129,-49
101000057,2570,1593,977
101000058,1522,1690,-168
101000059,2685,2567,118
101000060,2276,752,1524
101000061,1118,1566,-448
101000062,982,905,77
101000063,675,1162,-487
101000064,1208,1224,-16
101000065,472,535,-63
101000066,1371,1030,341
101000067,1576,1207,369
101000068,368,580,-212
101000069,432,124,308
101000070,1544,1521,23
101000071,2197,1088,1109
101000072,1133,4470,-3337
101000073,1087,1407,-320
101000074,8812,5325,3487
101000075,6904,7919,-1015
101000077,2038,1612,426
101000078,1241,2449,-1208
101000079,932,547,385
101000080,620,694,-74
101000081,2217,1771,446
101000082,3625,3458,167
101000083,3173,2571,602
101000084,1653,954,699
101000085,1949,1459,490
101000086,1264,1295,-31
101000087,1113,1115,-2
101000088,1668,1430,238
101000089,1496,1809,-313
101000090,2197,1330,867
101000091,495,887,-392
101000092,1245,1090,155
101000093,1385,1001,384
101000094,1298,1105,193
101000095,579,635,-56
101000096,441,585,-144
101000097,627,646,-19
101000098,577,643,-66
101000099,1438,1416,22
101000100,1410,1195,215
101000101,390,565,-175
101000102,973,567,406
101000103,1239,694,545
101000104,503,719,-216
101000105,644,582,62
101000106,998,1158,-160
101000107,332,395,-63
101000108,958,329,629
101000109,431,79,352
101000110,65,562,-497
101000111,165,343,-178
101000113,291,847,-556
101000114,12460,9891,2569
101000115,194,172,22
101000116,208,138,70
101000117,1897,425,1472
101000119,94,92,2
101000120,173,65,108
101000121,83,61,22
101000122,206,175,31
101000123,87,200,-113
101000124,828,340,488
101000125,252,545,-293
101000128,771,709,62
101000130,343,480,-137
101000131,1002,611,391
101000132,815,1117,-302
101000135,64,65,-1
101000136,724,271,453
101000137,45,448,-403
101000141,1672,3638,-1966
101000147,663,405,258
101000148,1370,50,1320
101000149,311,497,-186
101000150,107,709,-602
101000151,293,50,243
101000152,454,357,97
101000153,509,300,209
101000154,245,1015,-770
101000155,408,165,243
101000156,19,285,-266
101000157,46,52,-6
101000160,106,78,28
101000163,324,313,11
101000164,428,365,63
101000165,300,455,-155
101000166,340,507,-167
101000168,1086,492,594
101000252,2294,994,1300
101000254,619,186,433
101000258,40,17,23
101000261,195,97,98
101000262,1453,2682,-1229
101000263,560,2036,-1476
101000265,171,1122,-951
101000266,483,468,15
101000269,38,13,25
101000290,1579,3396,-1817
101000293,57,101,-44
101000294,905,570,335
101000295,182,595,-413
101000301,854,632,222
101000304,2256,3178,-922
101000305,3177,1661,1516
101900001,17,78,-61
101900002,0,20,-20
101900003,74,104,-30
101900004,7,82,-75
101900005,3526,2733,793
101900006,1482,103,1379
101900007,1064,397,667
101900008,134,426,-292
101900009,94,619,-525
101900010,906,702,204
101900011,323,1524,-1201
101900012,286,312,-26
101900013,1000,179,821
101900017,21,182,-161
101900018,1256,290,966
101900019,205,135,70
101900020,311,101,210
101900021,2,34,-32
101900022,144,1047,-903
101900023,177,198,-21
102000001,2877,5270,-2393
102000002,3253,1174,2079
102000003,3918,8762,-4844
102000004,7828,3681,4147
102000005,1628,2297,-669
102000006,1492,2258,-766
102000007,2033,5518,-3485
102000008,5096,1781,3315
102000009,7798,9183,-1385
102000010,6583,3893,2690
102000011,3685,3367,318
102000012,3595,3637,-42
102000018,3323,3084,239
102000019,2893,1912,981
102000026,279,694,-415
102000029,432,268,164
102000030,154,456,-302
102000031,66,160,-94
102000032,535,356,179
102000033,302,406,-104
102000034,717,450,267
102000035,1812,818,994
102000036,31,300,-269
102000037,191,104,87
102000038,258,393,-135
102000039,247,85,162
102000040,502,342,160
102000041,312,405,-93
102000042,337,403,-66
102000043,428,273,155
102000044,337,392,-55
102000045,941,983,-42
102000046,1297,666,631
102000047,961,1167,-206
102000048,521,818,-297
102000049,1290,867,423
102000050,1432,1450,-18
102000051,536,827,-291
102000052,1469,992,477
102000053,1091,1021,70
102000054,733,1346,-613
102000055,1443,671,772
102000056,1010,1269,-259
102000057,1816,662,1154
102000058,1630,1551,79
102000059,1749,1674,75
102000060,1622,1170,452
102000061,1927,2188,-261
102000062,2011,1341,670
102000063,1319,1630,-311
102000064,688,849,-161
102000065,79,160,-81
102000066,984,1073,-89
102000067,2541,3632,-1091
102000068,10144,2975,7169
102000069,94,2320,-2226
102000070,1853,82,1771
102000071,7786,10484,-2698
102000072,3642,4526,-884
102000073,1804,1392,412
102000074,952,1422,-470
102000075,241,468,-227
102000076,247,602,-355
102000077,699,763,-64
102000078,997,799,198
102000079,237,359,-122
102000080,344,345,-1
102000081,521,976,-455
102000082,803,572,231
102000083,584,414,170
102000084,350,263,87
102000085,2556,1194,1362
102000086,1597,1840,-243
102000087,1084,1808,-724
102000088,427,390,37
102000089,1513,503,1010
102000090,793,1431,-638
102000091,1902,861,1041
102000092,419,930,-511
102000093,774,800,-26
102000094,1238,764,474
102000095,1386,1622,-236
102000096,1058,944,114
102000097,1210,1090,120
102000098,643,978,-335
102000099,1189,947,242
102000100,863,1525,-662
102000101,1440,939,501
102000102,324,1651,-1327
102000103,2016,598,1418
102000104,781,420,361
102000105,318,578,-260
102000106,932,682,250
102000107,1391,583,808
102000108,794,214,580
102000109,585,546,39
102000110,1126,1138,-12
102000111,14,247,-233
102000112,261,123,138
102000113,30,36,-6
102000114,736,411,325
102000115,278,293,-15
102000116,868,810,58
102000117,320,1532,-1212
102000118,1639,1153,486
102000119,1725,1425,300
102000120,236,614,-378
102000121,1212,735,477
102000122,820,1065,-245
102000123,1521,1454,67
102000124,1677,1306,371
102000125,1257,1130,127
102000126,1156,884,272
102000127,1308,785,523
102000128,825,1120,-295
102000129,1731,888,843
102000130,805,1095,-290
102000131,2255,1027,1228
102000132,788,1313,-525
102000133,2136,1867,269
102000134,840,920,-80
102000135,1027,1061,-34
102000136,1528,623,905
102000137,1235,1368,-133
102000138,542,639,-97
102000139,428,787,-359
102000140,712,926,-214
102000141,1320,1365,-45
102000142,460,438,22
102000143,168,568,-400
102000144,324,466,-142
102000145,493,528,-35
102000146,528,472,56
102000147,655,532,123
102000148,217,535,-318
102000149,190,456,-266
102000150,482,130,352
102000151,109,305,-196
102000152,194,148,46
102000153,1283,559,724
102000154,348,756,-408
102000155,176,407,-231
102000156,377,213,164
102000157,136,456,-320
102000158,376,324,52
102000159,1140,534,606
102000161,4309,2497,1812
102000162,273,264,9
102000163,95,680,-585
102000164,1372,1455,-83
102000165,361,312,49
102000166,96,248,-152
102000167,454,407,47
102000168,488,251,237
102000169,160,549,-389
102000170,647,413,234
102000171,404,577,-173
102000172,503,636,-133
102000173,550,389,161
102000174,106,93,13
102000175,142,121,21
102000176,178,48,130
102000178,299,456,-157
102000179,452,285,167
102000180,913,505,408
102000181,887,570,317
102000182,649,559,90
102000183,1848,1663,185
102000184,2009,873,1136
102000185,2875,1429,1446
102000186,1344,1820,-476
102000187,1114,1527,-413
102000188,1430,1541,-111
102000189,2563,865,1698
102000190,902,2951,-2049
102000191,1432,606,826
102000192,1356,1527,-171
102000193,78,167,-89
102000194,60,177,-117
102000195,473,477,-4
102000196,266,418,-152
102000197,703,473,230
102000198,195,1000,-805
102000199,1032,416,616
102000200,319,1187,-868
102000201,1162,460,702
102000202,9,89,-80
102000203,352,213,139
102000204,467,658,-191
102000205,1220,391,829
102000206,702,712,-10
102000207,806,489,317
102000208,512,538,-26
102000209,115,101,14
102000210,389,283,106
102000211,632,355,277
102000212,344,7,337
102000213,3,366,-363
102000214,253,9,244
102000215,7,409,-402
102000216,71,74,-3
102000217,6,189,-183
102000218,308,153,155
102000219,424,308,116
102000225,542,697,-155
102000226,4951,1739,3212
102000227,197,5,192
102000228,0,99,-99
102000229,67,77,-10
102000230,312,433,-121
102000231,319,446,-127
102000232,40,169,-129
102000233,481,855,-374
102000234,166,1222,-1056
102000236,422,83,339
102000237,422,190,232
102000238,176,289,-113
102000240,567,749,-182
102000241,404,192,212
102000243,34,65,-31
102000245,45,97,-52
102000246,15,51,-36
102000247,303,571,-268
102000248,274,716,-442
102000249,189,139,50
102000250,102,357,-255
102000254,103,304,-201
102000266,105,555,-450
102000271,31,1,30
102000286,474,420,54
102000297,1977,1036,941
102000299,0,0,0
102000301,0,0,0
102000303,0,0,0
102000305,0,0,0
102000307,0,3,-3
102000308,0,3,-3
102900001,1345,821,524
102900002,446,47,399
102900003,65,174,-109
102900005,405,288,117
102900006,562,198,364
102900007,535,27,508
102900008,195,47,148
102900009,650,481,169
102900010,541,930,-389
102900011,1711,448,1263
102900012,394,105,289
102900013,45,104,-59
102900015,875,622,253
102900016,86,132,-46
102900017,228,540,-312
102900018,55,117,-62
102900019,517,580,-63
102900020,228,26,202
102900021,41,85,-44
102900022,668,243,425
102900023,36,63,-27
102900024,41,63,-22
102900025,243,136,107
102900026,494,2135,-1641
102900027,77,72,5
102900028,192,741,-549
102900029,264,228,36
102900030,496,277,219
102900031,240,149,91
102900032,121,173,-52
102900033,129,217,-88
102900034,607,100,507
102900035,156,353,-197
102900036,486,514,-28
102900037,402,558,-156
102900038,512,535,-23
102900039,64,652,-588
102900040,198,261,-63
102900041,100,171,-71
102900042,221,271,-50
102900043,178,269,-91
102900044,730,1789,-1059
102900045,169,512,-343
102900046,151,271,-120
102900047,121,631,-510
102900048,654,494,160
102900049,171,435,-264
102900050,318,296,22
102900051,248,199,49
102900052,67,55,12
102900053,446,608,-162
102900054,778,1358,-580
102900055,158,260,-102
102900056,137,403,-266
102900057,9,70,-61
102900058,340,111,229
102900059,13,65,-52
102900060,123,547,-424
102900061,191,472,-281
102900062,339,960,-621
102900063,1332,394,938
102900064,176,476,-300
102900065,1396,562,834
102900066,377,36,341
102900068,159,90,69
102900070,390,718,-328
102900072,30,56,-26
102900073,168,6,162
102900074,222,281,-59
102900075,38,64,-26
102900076,181,144,37
102900077,73,38,35
102900078,40,101,-61
102900079,206,11,195
102900080,381,47,334
102900081,137,310,-173
102900082,12,284,-272
102900083,241,17,224
102900084,16,44,-28
102900085,451,171,280
102900086,23,90,-67
102900087,175,175,0
102900088,42,28,14
102900089,257,139,118
102900090,3,314,-311
102900091,190,3,187
102900092,339,736,-397
102900093,342,311,31
102900094,7,193,-186
102900095,219,2,217
102900096,86,13,73
102900097,6,120,-114
103000001,2801,2599,202
103000002,2353,2803,-450
103000003,4019,3251,768
103000004,997,805,192
103000005,2004,2847,-843
103000006,745,1431,-686
103000007,441,724,-283
103000008,1105,829,276
103000009,1223,1161,62
103000010,150,102,48
103000011,1758,1499,259
103000012,1760,1712,48
103000013,4353,2374,1979
103000014,1874,2823,-949
103000015,1698,695,1003
103000016,506,1559,-1053
103000017,267,401,-134
103000018,904,376,528
103000019,317,325,-8
103000020,2485,1457,1028
103000021,1922,1749,173
103000022,811,1080,-269
103000023,681,1722,-1041
103000024,93,123,-30
103000025,167,671,-504
103000026,1080,170,910
103000027,450,674,-224
103000028,478,430,48
103000029,348,316,32
103000030,2186,1324,862
103000031,1795,2209,-414
103000032,2483,1992,491
103000033,3119,3083,36
103000034,1885,1303,582
103000035,535,1719,-1184
103000036,569,584,-15
103000037,671,603,68
103000038,679,1234,-555
103000039,402,307,95
103000040,407,900,-493
103000041,1674,2231,-557
103000042,1216,543,673
103000043,662,862,-200
103000044,412,193,219
103000046,420,518,-98
103000047,765,832,-67
103000048,194,257,-63
103000049,133,224,-91
103000050,878,624,254
103000051,590,593,-3
103000052,811,413,398
103000053,241,645,-404
103000054,3020,1336,1684
103000055,1952,2461,-509
103000056,821,1461,-640
103000057,791,369,422
103000058,814,929,-115
103000059,551,887,-336
103000060,848,593,255
103000061,388,1061,-673
103000062,1300,577,723
103000063,907,1071,-164
103000064,161,260,-99
103000065,6,423,-417
103000066,242,10,232
103000069,507,347,160
103000070,1057,844,213
103000071,1270,655,615
103000072,128,742,-614
103000073,661,133,528
103000074,701,117,584
103000075,198,628,-430
103000076,477,423,54
103000077,52,440,-388
103000078,1177,656,521
103000079,870,902,-32
103000080,1283,407,876
103000081,643,1313,-670
103000082,548,257,291
103000083,132,317,-185
103000084,157,15,142
103000085,4,108,-104
103000086,777,453,324
103000087,222,673,-451
103000088,318,392,-74
103000089,318,552,-234
103000090,2155,766,1389
103000091,722,538,184
103000092,284,309,-25
103000093,317,387,-70
103000094,236,118,118
103000095,75,368,-293
103000096,708,123,585
103000097,75,838,-763
103000098,947,302,645
103000099,447,754,-307
103000100,159,763,-604
103000101,1006,171,835
103000102,154,545,-391
103000103,756,140,616
103000104,63,105,-42
103000105,162,106,56
103000106,34,175,-141
103000107,231,61,170
103000108,845,612,233
103000109,468,436,32
103000110,585,465,120
103000111,546,679,-133
103000112,413,230,183
103000113,1228,963,265
103000114,1738,817,921
103000115,647,486,161
103000116,664,449,215
103000117,472,585,-113
103000118,722,674,48
103000119,1240,626,614
103000120,56,143,-87
103000121,712,1022,-310
103000122,657,922,-265
103000125,29,240,-211
103000126,744,4,740
103000127,2,196,-194
103000128,167,3,164
103000129,13,125,-112
103000130,87,40,47
103000131,274,130,144
103000132,97,184,-87
103000133,10,123,-113
103000134,766,913,-147
103000135,699,441,258
103000136,801,504,297
103000137,662,748,-86
103000138,987,903,84
103000139,7,104,-97
103000140,189,35,154
103000141,107,136,-29
103000142,203,97,106
103000143,74,220,-146
103000144,217,74,143
103000145,59,210,-151
103000150,126,58,68
103000152,200,314,-114
103000153,217,130,87
103000156,20,301,-281
103000157,518,5,513
103000159,197,53,144
103000162,102,48,54
103000163,48,91,-43
103000164,154,18,136
103000165,108,329,-221
103000166,253,295,-42
103000167,199,114,85
103000168,125,205,-80
103000169,250,515,-265
103000170,827,508,319
103000171,91,110,-19
103000172,855,883,-28
103000173,722,384,338
103000174,236,346,-110
103000175,362,279,83
103000176,948,650,298
103000177,542,423,119
103000178,313,318,-5
103000179,175,48,127
103000183,181,71,110
103000185,92,49,43
103000186,138,140,-2
103000187,627,358,269
103000188,19,120,-101
103000189,912,813,99
103000191,693,619,74
103000292,1695,1879,-184
103000293,1188,2790,-1602
103000295,95,90,5
103000296,366,6,360
103000297,136,171,-35
103000504,75,16,59
103000505,7,32,-25
103000506,4,192,-188
103000507,230,1,229
103000508,74,84,-10
103000509,275,579,-304
103900001,2,215,-213
103900002,1223,202,1021
103900003,1546,113,1433
103900004,152,0,152
103900005,4,211,-207
103900006,6,1,5
103900007,54,1,53
103900008,26,0,26
103900009,319,644,-325
103900010,152,493,-341
103900011,371,217,154
103900012,19,18,1
103900013,94,58,36
103900014,67,29,38
103900015,65,15,50
103900016,347,269,78
103900017,41,92,-51
103900018,618,197,421
103900019,77,310,-233
103900020,198,646,-448
103900021,577,87,490
103900022,1032,719,313
103900023,178,4,174
103900024,132,524,-392
103900025,28,35,-7
103900026,300,0,300
103900027,782,306,476
103900028,17,310,-293
103900029,1119,124,995
103900030,342,101,241
103900031,50,18,32
103900032,108,63,45
103900033,152,35,117
103900034,37,134,-97
103900035,78,58,20
103900036,34,40,-6
103900037,110,83,27
103900038,157,149,8
103900039,65,304,-239
103900040,7,184,-177
103900041,67,62,5
103900042,68,356,-288
103900043,148,67,81
103900044,126,269,-143
103900045,382,180,202
103900047,95,42,53
103900048,57,32,25
103900049,192,1629,-1437
103900050,13,164,-151
103900051,4,39,-35
103900052,223,433,-210
103900053,139,560,-421
103900054,134,384,-250
103900055,413,220,193
103900056,43,70,-27
103900057,43,133,-90
103900058,318,598,-280
103900059,0,59,-59
103900060,52,163,-111
103900061,158,46,112
103900062,386,108,278
103900063,7,0,7
103900064,116,5,111
103900065,921,460,461
103900066,144,37,107
103900067,236,10,226
103900068,56,3,53
103900069,96,20,76
103900070,182,205,-23
103900071,19,146,-127
103900072,24,164,-140
103900073,26,33,-7
103900074,87,75,12
103900075,191,77,114
103900076,502,587,-85
103900077,58,89,-31
103900078,611,145,466
103900079,178,246,-68
103900080,16,40,-24
103900081,62,18,44
103900082,14,169,-155
103900083,1344,1087,257
103900084,80,202,-122
103900085,105,167,-62
103900086,757,528,229
103900087,34,71,-37
103900088,369,583,-214
103900089,79,141,-62
103900090,0,138,-138
103900091,1211,261,950
103900092,725,573,152
103900093,87,324,-237
103900094,39,109,-70
103900095,374,244,130
103900096,47,160,-113
103900097,21,536,-515
103900098,251,127,124
103900099,101,146,-45
103900100,299,354,-55
103900101,166,970,-804
103900102,2,57,-55
103900104,7,31,-24
103900105,125,252,-127
103900106,1,172,-171
103900107,178,226,-48
103900108,60,306,-246
103900109,112,98,14
103900110,286,68,218
103900111,133,550,-417
103900112,115,244,-129
103900113,189,232,-43
103900114,435,282,153
103900115,363,231,132
103900116,5301,2767,2534
103900117,164,83,81
103900119,28,77,-49
103900120,39,76,-37
103900122,95,267,-172
103900123,1298,660,638
103900124,41,23,18
103900125,105,57,48
103900126,564,382,182
103900127,219,559,-340
103900128,258,252,6
103900131,25,89,-64
103900133,1089,148,941
103900134,0,5,-5
103900135,7,6,1
103900137,0,40,-40
103900138,149,280,-131
103900139,222,2236,-2014
103900140,8,154,-146
103900141,287,74,213
103900142,235,193,42
103900143,46,1,45
103900144,1,73,-72
103900145,212,281,-69
103900146,335,269,66
103900147,348,143,205
103900148,259,347,-88
103900149,341,769,-428
103900150,6861,4218,2643
103900151,48,185,-137
103900152,529,425,104
103900153,5,3,2
103900154,1137,1642,-505
103900155,78,246,-168
103900156,64,175,-111
103900157,51,204,-153
103900158,130,187,-57
103900159,165,82,83
103900160,60,66,-6
103900161,111,173,-62
103900162,62,228,-166
103900163,20,427,-407
103900164,314,36,278
103900167,23,135,-112
103900168,127,103,24
103900169,48,55,-7
103900170,6,97,-91
103900171,3,58,-55
103900172,3,12,-9
103900173,19,15,4
103900174,279,59,220
103900175,66,64,2
103900176,5,30,-25
103900177,5,87,-82
103900178,42,65,-23
103900179,58,159,-101
103900180,3,83,-80
103900181,56,56,0
103900182,37,15,22
103900184,474,132,342
103900185,152,392,-240
103900187,9,72,-63
103900188,37,29,8
103900189,137,9,128
103900190,78,57,21
103900191,30,56,-26
103900192,26,143,-117
103900193,130,223,-93
103900194,74,248,-174
103900195,10,103,-93
103900196,242,68,174
103900197,9,38,-29
103900198,19,62,-43
103900199,165,61,104
103900200,160,124,36
103900201,171,217,-46
103900202,46,85,-39
103900203,44,28,16
103900204,1,67,-66
103900207,1,96,-95
103900208,117,2,115
103900209,8,100,-92
103900210,55,51,4
103900211,601,396,205
103900212,129,467,-338
103900213,84,238,-154
103900214,340,220,120
103900215,402,353,49
103900216,21,763,-742
103900217,474,43,431
103900218,2,270,-268
103900219,173,301,-128
103900233,154,8,146
103900235,26,36,-10
103900236,25,6,19
103900242,11,21,-10
103900243,8,5,3
103900244,142,196,-54
103900245,95,153,-58
103900246,57,52,5
103900247,15,77,-62
103900248,22,96,-74
103900249,13,55,-42
103900250,41,35,6
103900251,2,44,-42
103900253,12,103,-91
103900254,5,21,-16
103900255,11,11,0
103900256,7,22,-15
103900257,29,138,-109
103900258,56,7,49
103900259,96,10,86
103900261,5,5,0
103900262,15,3,12
103900263,37,46,-9
103900264,77,36,41
103900265,127,25,102
103900266,6,114,-108
103900267,10,45,-35
104000001,2356,2198,158
104000002,1926,2603,-677
104000003,2513,2192,321
104000004,2822,3061,-239
104000005,1660,1950,-290
104000006,3498,2668,830
104000007,4654,4513,141
104000008,226,278,-52
104000009,212,145,67
104000010,206,294,-88
104000011,410,280,130
104000012,131,309,-178
104000013,243,207,36
104000014,235,626,-391
104000015,428,147,281
104000016,569,376,193
104000018,963,193,770
104000019,638,242,396
104000020,139,476,-337
104000021,248,537,-289
104000022,123,249,-126
104000023,817,314,503
104000024,208,334,-126
104000026,53,317,-264
104000027,277,226,51
104000028,444,308,136
104000029,410,327,83
104000030,308,262,46
104000031,1445,371,1074
104000032,257,258,-1
104000033,821,466,355
104000034,394,282,112
104000035,1042,358,684
104000036,822,516,306
104000037,324,203,121
104000038,508,274,234
104000039,238,231,7
104000040,279,350,-71
104000041,556,272,284
104000042,235,324,-89
104000043,180,346,-166
104000044,216,494,-278
104000045,975,925,50
104000046,1064,1447,-383
104000047,1581,1269,312
104000048,1108,1448,-340
104000049,666,394,272
104000050,279,832,-553
104000051,126,636,-510
104000052,1691,1630,61
104000053,803,512,291
104000054,672,443,229
104000055,3987,2807,1180
104000056,1214,237,977
104000057,150,466,-316
104000058,965,613,352
104000059,548,954,-406
104000060,1256,1204,52
104000061,1338,1218,120
104000062,370,149,221
104000064,544,341,203
104000065,260,771,-511
104000069,997,1175,-178
104000070,81,585,-504
104000071,109,356,-247
104000072,561,200,361
104000075,101,296,-195
104000076,583,127,456
104000082,2335,3422,-1087
104000083,889,227,662
104000084,126,579,-453
104000085,318,402,-84
104000086,302,449,-147
104000087,465,2451,-1986
104000090,847,1104,-257
104000092,1350,2004,-654
104000094,981,1514,-533
104000095,1734,1390,344
104000096,1838,272,1566
104000097,1844,780,1064
104000098,2355,1010,1345
104000100,1783,560,1223
104000101,1289,1636,-347
104000106,70,613,-543
104000107,731,471,260
104000108,311,616,-305
104000109,360,100,260
104000110,898,1218,-320
104000111,4109,2798,1311
104000112,2350,606,1744
104000116,3,1047,-1044
104000117,172,583,-411
104000118,657,215,442
104000119,702,291,411
104000120,270,721,-451
104000121,227,801,-574
104000122,685,801,-116
104000123,800,995,-195
104000124,896,2149,-1253
104000125,3437,4720,-1283
104000126,609,491,118
104000127,1423,2650,-1227
104000128,665,527,138
104000129,510,50,460
104000130,20,352,-332
104000131,495,410,85
104000132,409,523,-114
104000133,1505,1063,442
104000134,1271,1866,-595
104000135,488,2189,-1701
104000136,964,4750,-3786
104000137,1738,469,1269
104000138,1203,383,820
104000139,6530,3243,3287
104000141,1250,1631,-381
104000142,712,643,69
104000143,663,567,96
104000144,126,214,-88
104000145,407,243,164
104000146,306,603,-297
104000147,173,289,-116
104000148,448,217,231
104000149,181,295,-114
104000150,1306,631,675
104000151,460,467,-7
104000152,650,699,-49
104000153,758,604,154
104000154,936,644,292
104000155,555,571,-16
104000157,1329,1345,-16
104000158,791,1044,-253
104000159,986,731,255
104000160,1932,1919,13
104000161,222,223,-1
104000162,57,143,-86
104000165,1091,1029,62
104000167,763,1034,-271
104000168,571,11,560
104000169,138,50,88
104000170,450,668,-218
104000248,275,573,-298
104000251,64,228,-164
104000272,0,0,0
104000273,0,0,0
104000274,0,0,0
104000275,0,0,0
104000279,863,470,393
104000290,130,316,-186
104000291,547,1146,-599
104000293,860,962,-102
104000294,49,1,48
104000295,667,926,-259
104000296,430,788,-358
104000297,853,2040,-1187
104000298,1991,998,993
104000299,643,1472,-829
104900001,205,391,-186
104900002,74,184,-110
104900003,57,283,-226
104900004,105,234,-129
104900005,266,285,-19
104900006,401,129,272
104900007,301,269,32
104900009,133,326,-193
104900010,121,84,37
104900011,55,28,27
104900012,345,49,296
104900013,150,17,133
104900014,2693,400,2293
104900015,117,8,109
104900016,261,230,31
104900017,211,207,4
104900018,9,192,-183
104900019,315,2974,-2659
104900020,58,274,-216
104900021,3,145,-142
104900022,9,117,-108
104900023,2,63,-61
104900024,38,99,-61
104900025,59,263,-204
104900026,5,96,-91
104900027,567,331,236
104900028,38,105,-67
104900029,58,74,-16
104900030,540,239,301
104900031,94,199,-105
104900032,50,136,-86
104900033,234,336,-102
104900034,418,208,210
104900035,338,198,140
104900036,256,68,188
104900037,146,181,-35
104900038,533,936,-403
104900039,693,470,223
104900040,651,113,538
104900041,241,209,32
104900042,133,259,-126
104900043,23,227,-204
104900044,668,249,419
104900045,456,68,388
104900046,210,169,41
104900047,383,128,255
104900048,300,65,235
104900049,61,53,8
104900050,402,142,260
104900051,288,50,238
104900052,84,2,82
104900053,464,151,313
104900054,156,52,104
104900055,153,0,153
104900056,169,23,146
104900057,72,2,70
104900058,1077,717,360
104900059,257,76,181
104900060,1,482,-481
104900061,266,491,-225
104900063,0,146,-146
104900064,2,86,-84
104900065,1,161,-160
104900066,0,139,-139
104900067,4,299,-295
104900068,29,172,-143
104900070,181,299,-118
104900071,3,407,-404
104900072,62,310,-248
104900073,117,254,-137
104900074,96,239,-143
104900075,64,77,-13
104900076,77,251,-174
104900077,1070,355,715
104900078,240,464,-224
104900079,158,534,-376
104900080,134,462,-328
104900082,16,396,-380
104900085,1,178,-177
104900087,406,7,399
104900089,218,0,218
104900090,969,903,66
104900091,673,726,-53
104900093,287,556,-269
104900097,2630,2393,237
104900098,142,59,83
104900099,125,589,-464
104900100,416,270,146
104900102,35,183,-148
104900103,526,77,449
104900104,3326,2357,969
104900106,96,143,-47
104900107,226,206,20
104900108,63,236,-173
104900109,136,323,-187
104900110,10,49,-39
104900111,243,130,113
104900112,316,655,-339
104900113,793,321,472
104900114,405,459,-54
104900115,807,425,382
104900116,250,189,61
104900118,38,79,-41
104900119,18,70,-52
104900120,31,239,-208
104900121,4,76,-72
104900122,6,60,-54
104900123,93,17,76
104900124,67,1,66
104900125,486,2,484
104900126,47,56,-9
104900127,36,92,-56
104900128,120,224,-104
104900129,1885,1988,-103
105000001,2755,1673,1082
105000002,2424,1662,762
105000003,3634,4018,-384
105000004,663,885,-222
105000005,950,1217,-267
105000006,1667,1847,-180
105000007,1293,1665,-372
105000008,1919,3418,-1499
105000009,2459,3325,-866
105000010,2743,2168,575
105000011,3956,3045,911
105000012,3834,3186,648
105000013,1182,1089,93
105000014,2098,3042,-944
105000015,11468,16171,-4703
105000016,3269,2801,468
105000017,1893,1076,817
105000018,1406,1619,-213
105000019,1357,995,362
105000020,183,433,-250
105000021,284,122,162
105000022,312,116,196
105000023,643,433,210
105000028,103,159,-56
105000029,653,1790,-1137
105000030,4468,2876,1592
105000033,1104,1955,-851
105000034,167,1048,-881
105000037,819,325,494
105000038,2492,2032,460
105000039,3071,1979,1092
105000040,1121,1295,-174
105000041,704,1582,-878
105000042,5429,2194,3235
105000043,2155,3427,-1272
105000044,755,673,82
105000045,424,740,-316
105000046,1453,419,1034
105000047,569,1229,-660
105000048,609,227,382
105000049,236,471,-235
105000050,669,339,330
105000051,140,403,-263
105000052,634,914,-280
105000053,107,154,-47
105000054,360,914,-554
105000055,870,375,495
105000056,1354,1947,-593
105000057,1366,898,468
105000058,1393,1270,123
105000059,835,607,228
105000060,469,612,-143
105000061,737,552,185
105000062,626,776,-150
105000063,384,497,-113
105000064,1624,820,804
105000065,302,578,-276
105000066,1216,1463,-247
105000067,1681,819,862
105000068,472,933,-461
105000069,1962,1871,91
105000070,633,1003,-370
105000071,268,958,-690
105000072,782,2257,-1475
105000073,930,724,206
105000074,1358,794,564
105000075,578,913,-335
105000076,1373,1096,277
105000077,2793,1329,1464
105000078,1498,1408,90
105000079,1493,3325,-1832
105000080,2347,1736,611
105000081,3654,1525,2129
105000082,1155,2160,-1005
105000083,5244,4369,875
105000084,708,803,-95
105000085,1988,2341,-353
105000086,588,830,-242
105000087,1475,1900,-425
105000088,1573,1730,-157
105000089,3684,2412,1272
105000090,1149,919,230
105000091,1369,1639,-270
105000092,802,1036,-234
105000093,346,279,67
105000094,345,285,60
105000095,118,468,-350
105000096,1324,1146,178
105000097,1174,895,279
105000098,1081,764,317
105000099,964,842,122
105000100,1455,1223,232
105000101,1909,2377,-468
105000102,2806,1590,1216
105000103,1923,3247,-1324
105000104,2487,1074,1413
105000105,1289,1991,-702
105000106,1849,2125,-276
105000107,1689,1192,497
105000108,2139,1890,249
105000109,1934,1854,80
105000110,916,615,301
105000111,737,632,105
105000112,1426,730,696
105000113,409,791,-382
105000114,2665,1241,1424
105000115,345,1159,-814
105000116,805,541,264
105000117,815,989,-174
105000118,727,556,171
105000119,820,1048,-228
105000120,1125,657,468
105000121,905,1208,-303
105000122,393,771,-378
105000123,1073,1316,-243
105000124,2055,741,1314
105000125,939,1741,-802
105000126,2214,1687,527
105000127,2544,1985,559
105000128,718,1011,-293
105000129,897,306,591
105000130,406,2971,-2565
105000131,893,420,473
105000132,928,668,260
105000133,496,1053,-557
105000134,814,654,160
105000135,389,530,-141
105000136,77,96,-19
105000137,442,332,110
105000138,60,135,-75
105000139,1085,892,193
105000140,287,448,-161
105000141,349,670,-321
105000142,247,452,-205
105000143,374,757,-383
105000144,314,846,-532
105000145,798,350,448
105000146,398,995,-597
105000147,751,407,344
105000148,1369,703,666
105000149,2713,2304,409
105000150,2225,1593,632
105000151,441,455,-14
105000152,141,481,-340
105000153,577,659,-82
105000154,694,638,56
105000155,355,939,-584
105000156,983,693,290
105000157,916,1908,-992
105000158,2004,755,1249
105000159,256,1065,-809
105000160,1781,606,1175
105000161,703,978,-275
105000162,642,1698,-1056
105000163,1042,830,212
105000164,233,263,-30
105000165,1015,5213,-4198
105000166,5464,929,4535
105000167,1905,1593,312
105000168,368,598,-230
105000169,586,357,229
105000170,289,1310,-1021
105000171,1051,254,797
105000172,209,55,154
105000173,203,65,138
105000174,58,55,3
105000175,111,150,-39
105000176,499,98,401
105000177,345,215,130
105000178,170,537,-367
105000179,600,209,391
105000180,159,165,-6
105000181,129,343,-214
105000182,94,72,22
105000183,2400,2181,219
105000184,1312,1511,-199
105000185,1994,1216,778
105000186,570,980,-410
105000187,975,310,665
105000188,451,216,235
105000189,270,621,-351
105000190,387,397,-10
105000191,490,399,91
105000192,470,68,402
105000193,134,205,-71
105000194,374,133,241
105000195,376,873,-497
105000196,71,268,-197
105000197,351,566,-215
105000198,631,374,257
105000199,294,651,-357
105000200,186,318,-132
105000201,138,50,88
105000203,13,191,-178
105000204,86,77,9
105000205,118,213,-95
105000207,702,271,431
105000208,337,840,-503
105000209,245,363,-118
105000212,1183,1202,-19
105000213,193,217,-24
105000214,186,273,-87
105000215,288,172,116
105000216,121,281,-160
105000217,146,278,-132
105000218,1426,1070,356
105000221,139,170,-31
105000222,541,120,421
105000223,398,167,231
105000226,122,265,-143
105000227,84,193,-109
105000228,368,2456,-2088
105000229,153,611,-458
105000231,321,344,-23
105000233,917,763,154
105000234,552,1317,-765
105000235,443,547,-104
105000237,757,83,674
105000243,27,177,-150
105000248,57,96,-39
105000262,390,1274,-884
105000269,237,202,35
105000270,456,60,396
105000271,1,223,-222
105000282,69,35,34
105000287,456,142,314
105000288,548,447,101
105000289,2829,2145,684
105000290,38,11,27
105000402,3665,4759,-1094
105000426,561,764,-203
105000438,3937,1779,2158
105000446,13447,6832,6615
105000447,7793,3414,4379
105000454,601,297,304
105000455,273,196,77
105000474,92,2,90
105000477,471,559,-88
105000478,2111,5101,-2990
105000479,162,115,47
105000480,9411,7186,2225
105000481,5530,4060,1470
105000482,5676,8221,-2545
105000483,1824,2196,-372
105000484,2491,3322,-831
105000485,1892,3542,-1650
105000486,3678,2834,844
105000488,9558,5923,3635
105000489,997,744,253
105000549,130,158,-28
105000550,584,1673,-1089
105000551,39,127,-88
105000552,2515,1713,802
105900001,19,2319,-2300
105900002,1476,661,815
105900003,30,118,-88
105900004,337,139,198
105900005,11,228,-217
105900006,56,116,-60
105900007,206,39,167
105900008,86,521,-435
105900009,30,19,11
105900011,496,90,406
105900012,675,218,457
105900013,2,56,-54
105900014,18,83,-65
105900015,193,438,-245
105900016,535,768,-233
105900017,1255,74,1181
105900018,194,160,34
105900019,96,791,-695
105900020,65,54,11
105900021,50,1131,-1081
105900022,357,202,155
105900023,13,265,-252
105900024,18,366,-348
105900025,390,43,347
105900026,257,30,227
105900027,14837,10165,4672
105900028,768,405,363
105900029,1692,385,1307
105900030,222,279,-57
105900031,335,199,136
105900032,102,154,-52
105900033,140,157,-17
105900034,261,193,68
105900035,204,184,20
105900036,96,139,-43
105900037,87,65,22
105900038,208,250,-42
105900039,171,89,82
105900040,76,116,-40
105900041,189,245,-56
105900042,66,147,-81
105900043,1381,83,1298
105900044,8,291,-283
105900045,4,803,-799
105900046,10,258,-248
105900047,9,58,-49
105900048,75,522,-447
105900050,9402,7305,2097
105900051,55,1219,-1164
105900052,634,368,266
105900053,2985,2867,118
105900054,342,201,141
105900056,1095,423,672
105900057,136,187,-51
105900058,17,22,-5
105900059,0,31,-31
106000001,4886,2467,2419
106000002,2590,5503,-2913
106000003,3091,3568,-477
106000004,1591,2675,-1084
106000005,3545,6234,-2689
106000006,6010,3870,2140
106000007,678,655,23
106000008,535,462,73
106000009,620,428,192
106000010,696,674,22
106000011,1284,1162,122
106000012,954,1341,-387
106000013,1882,2202,-320
106000014,2107,1695,412
106000015,1876,1433,443
106000016,1324,1915,-591
106000017,636,726,-90
106000018,658,470,188
106000019,495,428,67
106000020,388,295,93
106000021,310,418,-108
106000022,354,167,187
106000023,605,296,309
106000024,514,451,63
106000025,95,222,-127
106000026,126,172,-46
106000027,1461,1309,152
106000028,570,541,29
106000029,706,1068,-362
106000030,570,642,-72
106000034,286,572,-286
106000035,917,2015,-1098
106000036,300,472,-172
106000037,1992,1437,555
106000038,485,163,322
106000039,184,108,76
106000040,161,927,-766
106000041,712,657,55
106000043,579,304,275
106000046,335,58,277
106000047,70,535,-465
106000049,988,251,737
106000050,471,762,-291
106000051,781,567,214
106000052,126,599,-473
106000053,503,194,309
106000054,441,469,-28
106000055,1149,1024,125
106000056,255,454,-199
106000057,384,275,109
106000058,136,190,-54
106000059,391,311,80
106000060,330,476,-146
106000061,246,526,-280
106000062,148,564,-416
106000063,715,570,145
106000064,36,397,-361
106000065,396,358,38
106000066,115,309,-194
106000067,358,108,250
106000068,52,609,-557
106000069,291,81,210
106000070,408,703,-295
106000071,1079,381,698
106000072,2696,1503,1193
106000073,1590,2841,-1251
106000074,679,641,38
106000075,354,1380,-1026
106000076,1857,2352,-495
106000077,3526,1409,2117
106000078,1158,886,272
106000079,738,940,-202
106000080,1220,668,552
106000081,716,1151,-435
106000082,2588,929,1659
106000083,405,1488,-1083
106000084,1400,735,665
106000085,1509,1650,-141
106000086,675,859,-184
106000087,1050,540,510
106000088,464,797,-333
106000089,1103,342,761
106000090,303,650,-347
106000091,270,494,-224
106000092,807,283,524
106000093,316,149,167
106000094,84,269,-185
106000095,917,780,137
106000096,879,596,283
106000097,1246,807,439
106000098,782,958,-176
106000099,244,815,-571
106000100,1888,263,1625
106000101,2059,413,1646
106000102,313,784,-471
106000103,363,526,-163
106000104,1024,492,532
106000105,536,645,-109
106000106,625,457,168
106000107,145,248,-103
106000108,221,260,-39
106000109,151,237,-86
106000110,270,262,8
106000111,382,323,59
106000112,199,522,-323
106000113,602,531,71
106000114,481,578,-97
106000115,247,335,-88
106000116,264,207,57
106000117,1163,745,418
106000118,1267,1322,-55
106000119,1417,960,457
106000120,906,1226,-320
106000121,175,177,-2
106000122,106,198,-92
106000123,469,166,303
106000124,65,202,-137
106000125,30,247,-217
106000126,302,120,182
106000127,763,759,4
106000128,713,209,504
106000129,534,462,72
106000130,728,290,438
106000131,137,649,-512
106000132,692,168,524
106000133,2055,1166,889
106000134,579,2258,-1679
106000135,237,582,-345
106000136,630,970,-340
106000137,86,759,-673
106000138,1011,78,933
106000139,82,136,-54
106000140,51,52,-1
106000141,128,51,77
106000142,119,75,44
106000143,42,50,-8
106000144,22,94,-72
106000145,247,235,12
106000146,366,158,208
106000147,425,420,5
106000148,498,787,-289
106000149,515,334,181
106000150,428,1823,-1395
106000151,3442,758,2684
106000152,1362,1893,-531
106000153,81,1688,-1607
106000154,1396,210,1186
106000155,151,236,-85
106000156,986,432,554
106000157,870,1687,-817
106000158,2310,1086,1224
106000159,2971,1890,1081
106000160,473,2718,-2245
106000161,1567,364,1203
106000162,279,830,-551
106000163,480,327,153
106000164,382,295,87
106000165,287,474,-187
106000166,660,351,309
106000167,431,902,-471
106000168,506,247,259
106000169,294,596,-302
106000170,857,281,576
106000171,268,1282,-1014
106000172,3120,1488,1632
106000173,1179,2875,-1696
106000174,1131,384,747
106000175,290,908,-618
106000176,1599,849,750
106000177,774,2480,-1706
106000178,3345,1704,1641
106000179,1199,2295,-1096
106000180,816,1174,-358
106000181,824,1918,-1094
106000182,1314,684,630
106000183,1426,608,818
106000184,2130,751,1379
106000185,1187,1546,-359
106000186,963,148,815
106000187,237,1026,-789
106000188,3,5,-2
106000189,29,43,-14
106000190,38,1,37
106000191,698,219,479
106000192,1,41,-40
106000193,388,205,183
106000194,190,450,-260
106000195,892,283,609
106000196,341,714,-373
106000197,774,366,408
106000198,199,205,-6
106000199,883,797,86
106000200,295,247,48
106000201,477,2696,-2219
106000202,3794,685,3109
106000203,47,143,-96
106000204,90,10,80
106000205,8,120,-112
106000206,70,29,41
106000207,43,970,-927
106000208,1414,144,1270
106000209,1755,393,1362
106000210,912,965,-53
106000211,341,1130,-789
106000212,860,452,408
106000213,698,2109,-1411
106000214,2574,857,1717
106000215,274,458,-184
106000216,283,305,-22
106000217,329,378,-49
106000218,482,393,89
106000219,144,206,-62
106000220,478,281,197
106000221,202,294,-92
106000222,75,97,-22
106000223,218,146,72
106000224,221,190,31
106000225,106,154,-48
106000226,156,234,-78
106000228,49,87,-38
106000229,59,691,-632
106000231,846,106,740
106000232,69,349,-280
106000233,765,118,647
106000234,99,219,-120
106000235,649,108,541
106000236,210,65,145
106000237,0,13,-13
106000238,15,16,-1
106000239,10,88,-78
106000240,67,4,63
106000241,23,537,-514
106000242,256,45,211
106000249,75,62,13
106000250,80,577,-497
106000251,105,31,74
106000252,20,90,-70
106000253,47,114,-67
106000254,74,58,16
106000255,32,164,-132
106000256,49,39,10
106000257,128,255,-127
106000258,296,24,272
106000259,4,39,-35
106000260,21,4,17
106000261,5,47,-42
106000262,116,8,108
106000263,6,58,-52
106000264,257,3,254
106000265,13,157,-144
106000266,177,17,160
106000267,2,82,-80
106000268,568,55,513
106000269,57,53,4
106000270,135,441,-306
106000271,127,228,-101
106000272,228,58,170
106000273,2,295,-293
106000274,161,42,119
106000275,158,365,-207
106000276,195,40,155
106000277,105,330,-225
106000278,214,43,171
106000279,18,26,-8
106000280,72,47,25
106000281,91,69,22
106000282,91,104,-13
106000283,155,54,101
106000284,76,144,-68
106000285,113,85,28
106000286,114,135,-21
106000287,138,52,86
106000288,126,144,-18
106000289,118,55,63
106000290,44,75,-31
106000291,152,88,64
106000292,80,77,3
106000293,180,79,101
106000294,141,107,34
106000295,81,55,26
106000296,61,82,-21
106000297,87,221,-134
106000298,122,67,55
106000299,92,143,-51
106000300,76,95,-19
106000301,87,150,-63
106000303,33,83,-50
106000304,34,42,-8
106000305,54,61,-7
106000306,35,42,-7
106000307,80,30,50
106000308,26,106,-80
106000309,25,71,-46
106000310,307,477,-170
106000311,386,234,152
106000312,126,160,-34
106000313,201,233,-32
106000318,141,512,-371
106000319,1089,287,802
106000320,6,102,-96
106000321,471,184,287
106000322,162,200,-38
106000324,29,122,-93
106000325,1860,960,900
106000326,1064,1729,-665
106000327,220,125,95
106000328,98,99,-1
106000329,221,324,-103
106000330,84,83,1
106000428,134,137,-3
106000429,126,419,-293
106000430,376,1157,-781
106000431,2090,493,1597
106000432,1677,2671,-994
106000433,2352,1367,985
106000434,3220,1589,1631
106000435,1512,2470,-958
106000436,8,251,-243
106000437,389,48,341
106000438,482,206,276
106000439,66,472,-406
106000440,275,438,-163
106000441,4,0,4
106000442,116,7,109
106000443,145,278,-133
106000450,3,166,-163
106000451,25,79,-54
106000454,3,111,-108
106000455,10,209,-199
106000456,87,41,46
106000457,6,892,-886
106000458,731,107,624
106000459,140,276,-136
106000460,1812,35,1777
106000461,99,1067,-968
106000462,0,27,-27
106000463,6,12,-6
106000464,2,430,-428
106000465,751,3,748
106000466,1,497,-496
106000467,345,446,-101
106000468,83,191,-108
106000469,157,1,156
106000470,332,1760,-1428
106000471,14,516,-502
106000472,165,18,147
106000473,38,26,12
106000474,285,391,-106
106000475,263,174,89
106000476,143,162,-19
106000477,25,26,-1
106900001,0,11,-11
106900002,3,349,-346
106900003,221,1401,-1180
106900004,0,34,-34
106900006,0,12,-12
106900007,0,5,-5
106900008,318,184,134
106900009,338,260,78
106900010,259,244,15
106900012,1536,2504,-968
106900013,826,133,693
106900014,22,3,19
106900015,16,2,14
106900016,292,14,278
106900017,12,3,9
106900018,7,0,7
106900019,49,3,46
106900020,2721,1488,1233
106900021,157,82,75
106900022,767,7,760
106900023,60,318,-258
106900024,1018,53,965
106900025,78,693,-615
106900026,3,426,-423
106900027,758,4,754
107000001,5245,5128,117
107000002,3657,5429,-1772
107000003,6735,7553,-818
107000004,5012,5308,-296
107000005,4931,6066,-1135
107000006,4346,4600,-254
107000007,7115,11989,-4874
107000008,13192,9061,4131
107000009,9080,9746,-666
107000010,11074,10583,491
107000011,1324,1507,-183
107000012,4212,3213,999
107000013,80,124,-44
107000014,67,243,-176
107000015,919,870,49
107000016,977,808,169
107000017,8040,4172,3868
107000018,138,3432,-3294
107000020,5737,4692,1045
107000021,1999,609,1390
107000022,1798,2723,-925
107000023,2112,342,1770
107000024,942,1651,-709
107000025,303,475,-172
107000026,371,542,-171
107000027,1559,1363,196
107000028,1798,1357,441
107000029,3955,3501,454
107000030,3894,3404,490
107000031,4380,3131,1249
107000032,630,1075,-445
107000033,3105,6319,-3214
107000034,5859,1916,3943
107000035,376,291,85
107000036,977,1296,-319
107000037,117,835,-718
107000038,220,328,-108
107000039,937,853,84
107000040,182,402,-220
107000041,1945,1054,891
107000042,984,2265,-1281
107000043,3229,1228,2001
107000044,656,529,127
107000045,151,329,-178
107000046,925,466,459
107000047,493,901,-408
107000048,722,364,358
107000049,666,818,-152
107000050,1259,536,723
107000051,405,376,29
107000052,1489,1011,478
107000053,449,197,252
107000054,84,238,-154
107000055,164,85,79
107000056,538,901,-363
107000057,1514,282,1232
107000058,2465,2930,-465
107000059,2154,3394,-1240
107000060,4854,5871,-1017
107000061,5266,3756,1510
107000062,5138,3379,1759
107000063,4203,4969,-766
107000064,5156,2874,2282
107000065,4336,4604,-268
107000066,2556,3602,-1046
107000067,1439,1460,-21
107000068,1706,966,740
107000069,1020,760,260
107000070,1556,54,1502
107000071,3737,110,3627
107000072,84,2665,-2581
107000073,972,373,599
107000074,172,881,-709
107000075,1964,577,1387
107000076,792,1418,-626
107000077,4448,1568,2880
107000078,2640,3270,-630
107000079,3086,1232,1854
107000080,1210,3387,-2177
107000081,2115,712,1403
107000082,672,2116,-1444
107000083,1682,492,1190
107000084,366,1997,-1631
107000085,3328,3634,-306
107000086,3819,3626,193
107000087,3493,2286,1207
107000088,3999,4003,-4
107000089,1794,1952,-158
107000090,1302,1106,196
107000091,1642,933,709
107000092,883,1056,-173
107000093,1397,1006,391
107000094,1140,1171,-31
107000095,913,680,233
107000096,692,900,-208
107000097,542,271,271
107000098,435,399,36
107000099,553,385,168
107000100,314,429,-115
107000101,89,158,-69
107000102,259,409,-150
107000103,293,163,130
107000104,184,287,-103
107000105,353,138,215
107000106,164,181,-17
107000107,579,213,366
107000108,146,510,-364
107000109,933,192,741
107000110,116,545,-429
107000111,369,77,292
107000112,53,321,-268
107000113,647,174,473
107000114,135,473,-338
107000115,661,162,499
107000116,164,758,-594
107000117,162,578,-416
107000118,218,211,7
107000119,1621,1562,59
107000120,1187,522,665
107000121,1124,755,369
107000122,1296,938,358
107000123,541,645,-104
107000124,516,845,-329
107000125,1105,688,417
107000126,921,667,254
107000127,67,407,-340
107000129,178,209,-31
107000130,364,321,43
107000131,578,367,211
107000132,695,433,262
107000133,898,130,768
107000134,451,8,443
107000135,6,390,-384
107000136,1162,18,1144
107000137,16,523,-507
107000138,483,39,444
107000139,41,567,-526
107000140,1794,182,1612
107000141,186,846,-660
107000142,628,171,457
107000143,99,748,-649
107000144,714,615,99
107000145,163,628,-465
107000146,299,417,-118
107000147,3694,1007,2687
107000150,805,4816,-4011
107000151,62,174,-112
107000152,473,1607,-1134
107000153,184,484,-300
107000154,270,281,-11
107000155,1138,32,1106
107000156,1394,42,1352
107000157,143,1368,-1225
107000158,602,29,573
107000159,30,843,-813
107000160,1142,261,881
107000161,100,1319,-1219
107000162,385,786,-401
107000163,350,7,343
107000164,997,7,990
107000165,1036,51,985
107000166,50,1087,-1037
107000167,686,300,386
107000168,1130,624,506
107000169,727,1047,-320
107000170,2365,1059,1306
107000171,886,2240,-1354
107000172,1354,1571,-217
107000173,783,1126,-343
107000174,1344,6563,-5219
107000175,8154,1977,6177
107000176,3,1,2
107000177,9,2,7
107000178,10,32,-22
107000179,333,1992,-1659
107000180,1509,369,1140
107000181,425,1076,-651
107000182,1937,995,942
107000183,146,893,-747
107000184,1051,725,326
107000185,638,1618,-980
107000186,1589,595,994
107000187,1426,1516,-90
107000188,762,718,44
107000189,633,1202,-569
107000190,713,721,-8
107000191,803,946,-143
107000192,1821,783,1038
107000193,497,613,-116
107000194,1019,725,294
107000197,1302,382,920
107000198,344,742,-398
107000199,1005,747,258
107000200,682,812,-130
107000201,462,434,28
107000202,406,563,-157
107000203,1154,1346,-192
107000204,1549,1628,-79
107000205,2570,1209,1361
107000206,1261,1902,-641
107000207,875,1149,-274
107000208,1490,747,743
107000209,2385,1458,927
107000210,870,464,406
107000211,5,58,-53
107000212,26,345,-319
107000213,5,33,-28
107000214,17,165,-148
107000215,647,348,299
107000216,483,666,-183
107000217,140,112,28
107000219,123,257,-134
107000220,188,201,-13
107000222,343,769,-426
107000224,1041,78,963
107000225,315,550,-235
107000226,818,159,659
107000227,116,318,-202
107000228,203,257,-54
107000229,99,207,-108
107000230,1266,465,801
107000231,2082,2316,-234
107000232,140,44,96
107000233,1808,1318,490
107000234,2,49,-47
107000235,146,10,136
107000236,17,744,-727
107000237,56,4,52
107000238,35,5,30
107000239,4627,635,3992
107000240,68,1069,-1001
107000241,153,12,141
107000242,391,47,344
107000243,0,35,-35
107000244,5,52,-47
107000246,2,1029,-1027
107000249,1,1170,-1169
107000251,1,441,-440
107000252,2,1006,-1004
107000255,409,168,241
107000257,2,375,-373
107000258,0,115,-115
107000259,4,201,-197
107000260,693,7,686
107000262,17,505,-488
107000263,305,5,300
107000266,8,8,0
107000267,161,150,11
107000268,134,138,-4
107000269,747,98,649
107000270,4,47,-43
107000271,15,517,-502
107000272,32,120,-88
107000273,16,464,-448
107000274,6862,1312,5550
107000275,24,3933,-3909
107000280,860,52,808
107000281,57,811,-754
107000282,118,838,-720
107000290,30,33,-3
107000291,13,20,-7
107000292,6,234,-228
107000293,163,4,159
107000294,0,43,-43
107000295,62,2,60
107000296,0,21,-21
107000444,444,10,434
107000496,2,18,-16
107000497,1608,2206,-598
107000500,397,399,-2
107000501,219,187,32
107000502,226,428,-202
107000505,399,792,-393
107000506,3,128,-125
107000508,13,614,-601
107000509,347,1047,-700
107000510,54,44,10
107000514,54,391,-337
107000515,12,198,-186
107000516,352,312,40
107000518,1160,1425,-265
107000519,1850,1005,845
107000520,106,61,45
107900001,95,148,-53
107900002,82,7,75
107900003,450,18,432
107900004,130,5,125
107900005,1544,5,1539
107900006,203,1,202
107900007,248,71,177
107900008,173,25,148
107900009,265,9,256
107900010,40,1,39
107900012,344,67,277
107900013,225,44,181
107900014,32,12,20
107900015,1107,9,1098
107900016,664,106,558
107900017,40,7,33
107900018,61,161,-100
107900019,28,42,-14
107900020,148,33,115
107900021,79,146,-67
107900023,8,10,-2
107900024,1,32,-31
107900025,225,253,-28
107900026,71,65,6
107900027,33,77,-44
107900028,128,81,47
107900030,205,30,175
107900031,82,93,-11
107900032,26,8,18
107900033,19,7,12
107900034,423,19,404
107900035,824,69,755
107900036,84,30,54
107900037,0,35,-35
107900038,129,275,-146
107900039,26,44,-18
107900040,56,438,-382
107900041,2,5,-3
107900043,22,133,-111
107900044,22,6,16
107900045,150,53,97
107900046,128,231,-103
107900047,42,56,-14
107900048,200,19,181
107900049,454,2181,-1727
107900050,211,392,-181
107900051,107,97,10
107900052,21,59,-38
107900053,53,125,-72
107900055,1004,417,587
107900056,226,54,172
107900057,1,0,1
107900058,49,641,-592
107900060,34,41,-7
107900061,11,12,-1
107900063,111,142,-31
107900064,340,165,175
107900065,220,21,199
107900066,42,6,36
107900067,1,0,1
107900068,164,717,-553
107900069,44,1962,-1918
107900070,122,70,52
107900071,24,635,-611
107900072,126,135,-9
107900073,231,79,152
107900074,687,349,338
107900076,150,59,91
107900077,128,36,92
107900078,244,46,198
107900079,11,30,-19
107900080,246,834,-588
107900081,70,93,-23
107900082,27,17,10
107900083,353,215,138
107900084,104,126,-22
107900086,52,183,-131
107900087,668,179,489
107900088,42,10,32
107900089,294,1117,-823
107900090,1771,3490,-1719
107900091,222,449,-227
107900092,2222,498,1724
107900093,83,78,5
107900095,3376,2300,1076
107900097,31,66,-35
107900098,50,202,-152
107900100,1163,1347,-184
107900101,965,263,702
107900102,45,9,36
107900103,48,214,-166
107900104,261,14,247
107900105,1,319,-318
107900106,3,948,-945
107900107,3089,628,2461
107900108,251,142,109
107900109,1433,17,1416
107900110,84,111,-27
107900111,3,854,-851
107900112,94,330,-236
107900113,254,125,129
107900114,156,170,-14
107900115,4,38,-34
107900116,172,190,-18
107900117,351,356,-5
107900118,83,174,-91
107900119,139,414,-275
107900120,38,32,6
107900121,4,125,-121
107900122,4,114,-110
107900123,7,52,-45
107900124,12,59,-47
107900125,50,197,-147
107900126,9,67,-58
107900127,800,335,465
107900128,109,110,-1
107900129,75,42,33
107900130,106,39,67
107900131,945,487,458
107900132,124,396,-272
107900133,1,98,-97
107900134,52,96,-44
107900135,17,181,-164
107900136,39,79,-40
107900137,165,130,35
107900138,63,39,24
107900139,45,60,-15
107900140,105,52,53
107900141,78,45,33
107900142,98,927,-829
107900143,102,28,74
107900144,1,128,-127
107900145,43,142,-99
107900146,82,127,-45
107900147,62,49,13
107900148,230,139,91
107900149,1016,312,704
107900150,59,676,-617
107900151,62,102,-40
107900152,15,214,-199
107900153,132,297,-165
107900154,61,23,38
107900155,78,69,9
107900156,8,244,-236
107900157,71,50,21
107900158,993,20,973
107900159,25,829,-804
107900160,160,241,-81
107900161,46,187,-141
107900162,1,189,-188
107900163,52,168,-116
107900164,9,48,-39
107900165,25,103,-78
107900166,13,216,-203
107900167,26,46,-20
107900168,22,57,-35
107900169,1,184,-183
107900171,6,1291,-1285
107900172,0,347,-347
107900173,17,121,-104
107900174,126,6,120
107900175,36,55,-19
107900176,22,51,-29
107900177,5,468,-463
107900178,1,147,-146
107900179,33,136,-103
107900180,625,565,60
107900181,496,269,227
107900182,170,1105,-935
107900183,54,223,-169
107900184,122,312,-190
107900185,162,3,159
107900186,38,75,-37
107900187,1,204,-203
107900188,663,190,473
107900189,22,117,-95
107900190,60,150,-90
107900191,109,108,1
107900193,1,48,-47
107900194,272,21,251
107900195,2558,462,2096
107900196,114,156,-42
107900197,1090,592,498
107900199,1,859,-858
107900201,93,69,24
107900203,50,71,-21
107900204,175,314,-139
107900205,232,379,-147
107900206,978,368,610
107900207,2,568,-566
107900208,4,540,-536
107900209,391,149,242
107900210,85,130,-45
107900213,996,872,124
107900214,64,164,-100
107900215,143,366,-223
107900216,184,75,109
107900217,58,106,-48
107900218,8,2894,-2886
107900219,20,123,-103
107900220,290,230,60
107900221,192,212,-20
107900223,92,708,-616
107900224,104,411,-307
107900225,12,789,-777
107900226,99,152,-53
107900227,155,350,-195
107900228,25,114,-89
107900229,5,277,-272
107900230,14,117,-103
107900231,13,254,-241
107900232,64,114,-50
107900233,12,180,-168
107900234,80,91,-11
107900235,48,137,-89
107900236,115,72,43
107900237,68,455,-387
107900238,33,121,-88
107900239,777,642,135
107900240,61,118,-57
107900241,21,92,-71
107900242,36,189,-153
107900243,6,105,-99
107900244,326,4,322
107900245,724,54,670
107900246,329,6,323
107900248,405,412,-7
107900249,779,39,740
107900250,2,507,-505
107900251,71,1600,-1529
107900252,1142,23,1119
107900253,217,11,206
107900254,88,502,-414
107900255,355,144,211
107900256,2738,3429,-691
107900257,305,169,136
107900258,126,252,-126
107900259,120,2146,-2026
107900261,0,331,-331
107900262,256,122,134
107900264,281,5,276
107900265,175,254,-79
107900267,242,34,208
107900268,38,10,28
107900269,0,2,-2
107900270,0,0,0
107900271,2,22,-20
107900272,110,33,77
107900273,53,86,-33
107900274,105,2,103
107900275,30,0,30
107900276,0,96,-96
107900277,1,185,-184
107900278,293,417,-124
107900279,107,231,-124
107900280,2243,2227,16
107900281,1559,2896,-1337
107900282,48,570,-522
107900283,1172,709,463
107900284,783,525,258
107900285,86,89,-3
107900286,181,103,78
107900287,239,209,30
107900290,1,128,-127
107900291,463,18,445
107900292,126,169,-43
107900293,81,407,-326
107900295,56,37,19
107900297,9,297,-288
107900298,952,838,114
107900299,2863,2495,368
107900300,74,326,-252
107900301,607,828,-221
107900302,130,68,62
107900303,190,310,-120
107900304,317,449,-132
107900305,401,7,394
107900306,25,36,-11
107900307,46,257,-211
107900308,129,188,-59
107900309,89,1,88
107900310,1068,16,1052
107900311,139,982,-843
107900312,83,1,82
107900313,1,247,-246
107900314,0,74,-74
107900315,4,53,-49
107900316,48,6,42
107900317,130,56,74
107900318,19,257,-238
107900319,16,176,-160
107900320,4,163,-159
107900321,137,7,130
107900322,1,112,-111
107900323,11,149,-138
107900324,228,5,223
107900325,153,2,151
107900326,352,255,97
107900327,5,108,-103
107900328,101,3,98
107900329,237,176,61
107900330,13,398,-385
107900331,231,34,197
107900332,281,51,230
107900333,43,27,16
107900334,20,171,-151
107900335,219,41,178
107900336,48,108,-60
107900337,1059,1016,43
107900338,8,199,-191
107900339,5,27,-22
107900340,3,74,-71
107900341,69,4,65
107900342,114,137,-23
107900343,52,2,50
107900344,10,66,-56
107900345,125,27,98
107900346,41,5,36
107900347,41,3,38
107900348,11,1,10
107900349,16,12,4
107900350,41,276,-235
108000001,3074,3989,-915
108000002,2152,2580,-428
108000003,4231,3765,466
108000004,12695,14941,-2246
108000005,10356,7298,3058
108000006,8634,7977,657
108000007,5880,5019,861
108000008,4578,6325,-1747
108000009,4405,6029,-1624
108000010,4141,4774,-633
108000011,14106,13988,118
108000012,17507,16041,1466
108000014,1279,966,313
108000015,826,346,480
108000016,296,687,-391
108000017,1164,451,713
108000018,2302,812,1490
108000019,3668,1347,2321
108000020,1541,640,901
108000021,409,2000,-1591
108000022,537,1307,-770
108000023,1416,292,1124
108000024,456,593,-137
108000025,312,285,27
108000026,728,471,257
108000027,668,409,259
108000028,638,292,346
108000029,493,529,-36
108000030,748,273,475
108000031,304,706,-402
108000032,1669,772,897
108000033,810,1066,-256
108000034,1830,664,1166
108000035,712,2088,-1376
108000036,398,975,-577
108000037,1890,607,1283
108000038,2932,841,2091
108000039,547,1812,-1265
108000040,2011,1222,789
108000041,674,2295,-1621
108000042,470,294,176
108000043,310,427,-117
108000044,1559,231,1328
108000045,371,1053,-682
108000046,1778,410,1368
108000047,597,1061,-464
108000048,269,374,-105
108000049,1285,353,932
108000050,124,449,-325
108000051,341,209,132
108000052,284,594,-310
108000053,480,330,150
108000054,550,1032,-482
108000055,1193,717,476
108000056,1019,1318,-299
108000057,786,1371,-585
108000058,2188,4188,-2000
108000059,3416,2044,1372
108000060,239,433,-194
108000061,160,261,-101
108000062,892,684,208
108000063,640,571,69
108000064,266,269,-3
108000065,570,565,5
108000066,1476,754,722
108000067,1784,653,1131
108000068,823,482,341
108000069,260,890,-630
108000070,2128,896,1232
108000071,750,1509,-759
108000072,1908,1407,501
108000073,1425,1896,-471
108000074,836,400,436
108000075,427,871,-444
108000076,930,660,270
108000077,677,683,-6
108000078,2483,1417,1066
108000079,809,1590,-781
108000080,1355,549,806
108000081,571,1761,-1190
108000082,1005,1987,-982
108000083,2050,1036,1014
108000084,411,1197,-786
108000085,834,524,310
108000086,881,729,152
108000087,223,2140,-1917
108000088,195,18,177
108000089,367,414,-47
108000090,501,201,300
108000091,364,383,-19
108000092,182,87,95
108000093,230,458,-228
108000094,560,70,490
108000095,147,286,-139
108000096,316,179,137
108000097,161,364,-203
108000098,1913,1585,328
108000099,479,108,371
108000100,81,237,-156
108000101,1441,1560,-119
108000102,1967,3573,-1606
108000106,1222,1,1221
108000107,2,1019,-1017
108000108,1263,68,1195
108000109,24,799,-775
108000110,220,275,-55
108000111,237,598,-361
108000112,66,129,-63
108000113,471,261,210
108000115,415,305,110
108000117,753,414,339
108000118,103,303,-200
108000119,652,371,281
108000120,195,763,-568
108000121,179,431,-252
108000122,711,331,380
108000123,1174,242,932
108000124,513,508,5
108000125,505,303,202
108000126,153,357,-204
108000127,570,367,203
108000128,594,424,170
108000129,394,961,-567
108000130,551,313,238
108000131,878,537,341
108000132,1951,1470,481
108000133,984,558,426
108000134,499,509,-10
108000135,1165,473,692
108000136,419,904,-485
108000137,492,369,123
108000138,467,960,-493
108000139,595,374,221
108000140,132,28,104
108000141,59,99,-40
108000142,83,84,-1
108000143,22,27,-5
108000144,67,11,56
108000145,64,16,48
108000146,75,16,59
108000147,71,31,40
108000148,139,53,86
108000149,35,24,11
108000150,58,15,43
108000151,138,40,98
108000152,113,591,-478
108000153,521,120,401
108000154,49,17,32
108000155,22,27,-5
108000156,439,148,291
108000157,702,1206,-504
108000158,100,957,-857
108000159,495,241,254
108000160,2840,1178,1662
108000161,2801,3118,-317
108000165,10,228,-218
108000172,5,312,-307
108000173,1838,2172,-334
108000175,386,196,190
108000178,457,338,119
108000179,217,954,-737
108000181,73,36,37
108000182,135,14,121
108000183,107,29,78
108000184,869,2440,-1571
108000185,346,465,-119
108000186,220,65,155
108000187,110,506,-396
108000188,653,253,400
108000189,686,1782,-1096
108000190,56,118,-62
108000192,234,577,-343
108000193,1270,63,1207
108000194,53,9,44
108000195,5,930,-925
108000196,478,262,216
108000198,430,302,128
108000199,0,207,-207
108000200,506,465,41
108000202,1,349,-348
108000203,103,652,-549
108000204,155,57,98
108000205,272,449,-177
108000339,1535,514,1021
108000364,136,333,-197
108000365,107,263,-156
108000367,175,477,-302
108000368,14,53,-39
108000369,877,197,680
108000371,5,549,-544
108000372,814,2,812
108000373,359,204,155
108000376,99,54,45
108000377,485,270,215
108000378,10458,11405,-947
108000379,37,185,-148
108000381,67,17,50
108000382,101,4,97
108000383,0,114,-114
108900001,81,962,-881
108900002,208,62,146
108900003,337,612,-275
108900004,696,548,148
108900005,67,524,-457
108900006,995,293,702
108900007,341,279,62
108900008,160,188,-28
108900009,104,116,-12
108900010,269,154,115
108900011,668,390,278
108900012,413,463,-50
108900013,174,313,-139
108900014,15,117,-102
108900015,0,135,-135
108900016,6,239,-233
108900017,266,438,-172
108900018,179,453,-274
108900019,46,783,-737
108900020,46,204,-158
108900021,139,233,-94
108900022,41,264,-223
108900023,380,83,297
108900024,34,103,-69
108900025,121,149,-28
108900026,30,114,-84
108900028,64,270,-206
108900029,79,215,-136
108900031,101,315,-214
108900032,24,227,-203
108900034,1,169,-168
108900035,386,1201,-815
108900036,177,269,-92
108900037,74,347,-273
108900039,2,409,-407
108900040,8,107,-99
108900041,5325,3571,1754
108900042,16,401,-385
108900043,85,529,-444
108900045,92,464,-372
108900046,14,117,-103
108900047,0,55,-55
108900048,126,802,-676
108900049,2977,1228,1749
108900050,1,201,-200
108900051,1,152,-151
108900052,63,216,-153
108900053,78,164,-86
108900054,87,180,-93
108900055,57,450,-393
108900056,0,125,-125
108900057,2,167,-165
108900058,51,360,-309
108900059,389,47,342
108900060,104,140,-36
108900061,116,41,75
108900062,4,233,-229
108900063,19,270,-251
108900064,220,80,140
108900065,18,186,-168
108900066,409,108,301
108900067,46,166,-120
108900068,0,81,-81
108900069,107,114,-7
108900070,35,103,-68
108900071,84,70,14
108900072,2214,830,1384
108900073,15,65,-50
108900074,239,348,-109
108900075,80,43,37
108900076,476,106,370
108900077,98,133,-35
108900078,42,135,-93
108900079,924,239,685
108900080,63,1019,-956
108900081,66,242,-176
108900082,74,100,-26
108900083,36,274,-238
108900084,434,191,243
108900085,2232,215,2017
108900086,114,228,-114
108900087,102,167,-65
108900088,1038,504,534
108900089,70,165,-95
108900090,53,276,-223
108900091,117,83,34
108900092,506,405,101
108900093,151,114,37
108900094,249,106,143
108900095,55,393,-338
108900096,317,10,307
108900097,288,241,47
108900098,2221,906,1315
108900099,406,227,179
108900100,98,125,-27
108900101,221,143,78
108900102,101,1042,-941
108900103,71,160,-89
108900104,146,438,-292
108900105,10,1100,-1090
108900106,421,270,151
108900108,420,117,303
108900109,38,47,-9
108900110,262,410,-148
108900111,469,539,-70
108900112,314,48,266
108900113,42,65,-23
108900114,0,7,-7
108900115,115,82,33
108900116,118,28,90
108900117,203,24,179
108900119,349,26,323
108900120,169,191,-22
108900121,352,187,165
108900122,182,26,156
108900123,141,152,-11
108900124,466,211,255
108900126,131,50,81
108900127,181,39,142
108900128,139,48,91
108900129,668,166,502
108900131,369,8,361
108900132,559,84,475
108900133,267,92,175
108900134,409,323,86
108900135,182,15,167
108900137,191,0,191
108900138,619,45,574
108900139,598,173,425
108900140,348,246,102
108900141,462,13,449
108900142,155,9,146
108900143,0,0,0
108900144,133,0,133
108900145,147,20,127
108900146,98,4,94
108900147,203,0,203
108900148,74,31,43
108900149,868,357,511
108900150,272,7,265
108900151,245,39,206
108900152,326,99,227
108900153,177,345,-168
108900154,5339,522,4817
108900155,237,136,101
108900156,80,15,65
108900157,37,522,-485
108900158,407,46,361
108900159,4,211,-207
108900160,10,214,-204
108900161,11,423,-412
108900162,140,1,139
108900163,7,259,-252
108900164,57,99,-42
108900165,146,123,23
108900167,1765,7083,-5318
108900168,6904,2805,4099
108900169,58,140,-82
108900171,7165,3478,3687
108900172,146,38,108
108900173,213,389,-176
108900174,905,643,262
108900176,112,429,-317
108900177,5904,6635,-731
108900178,3642,3495,147
108900179,646,1886,-1240
108900180,108,268,-160
108900182,92,298,-206
108900183,216,247,-31
108900184,551,257,294
108900185,118,393,-275
108900186,110,428,-318
108900187,407,56,351
108900188,626,98,528
108900189,466,215,251
108900190,57,2501,-2444
108900191,215,40,175
108900192,110,241,-131
108900193,734,95,639
108900194,84,772,-688
108900195,192,262,-70
108900196,37,416,-379
108900198,5,322,-317
108900199,283,326,-43
108900200,832,416,416
108900201,511,1554,-1043
108900203,533,106,427
108900204,403,20,383
108900205,169,24,145
108900206,559,64,495
108900207,183,75,108
108900208,16,358,-342
108900209,243,559,-316
108900210,206,217,-11
108900211,205,644,-439
108900212,612,1606,-994
108900215,89,403,-314
108900216,837,225,612
108900217,155,0,155
108900218,174,31,143
108900219,174,13,161
108900220,103,28,75
108900221,62,180,-118
108900222,342,27,315
108900223,13,150,-137
108900224,71,255,-184
108900225,0,226,-226
108900226,390,27,363
108900227,136,393,-257
108900230,173,241,-68
108900231,30,190,-160
108900232,3,490,-487
108900233,484,150,334
108900234,354,227,127
108900235,216,630,-414
108900236,79,355,-276
108900237,96,202,-106
108900240,176,135,41
108900241,46,52,-6
108900245,11,1650,-1639
108900249,162,48,114
108900250,307,122,185
108900257,281,508,-227
108900258,12,213,-201
108900259,322,78,244
108900260,16,98,-82
108900261,91,155,-64
108900262,138,134,4
108900263,26,170,-144
108900264,528,253,275
108900265,1520,529,991
108900266,756,556,200
108900267,1,114,-113
108900268,26,14,12
108900269,78,12,66
108900270,71,6,65
108900271,67,23,44
108900272,216,17,199
108900273,856,1253,-397
108900274,52,52,0
108900275,63,26,37
108900276,1,117,-116
109000001,3460,1460,2000
109000002,1657,1714,-57
109000003,2663,465,2198
109000004,534,2102,-1568
109000005,2693,713,1980
109000006,742,2072,-1330
109000007,1761,721,1040
109000008,522,1824,-1302
109000009,3970,1366,2604
109000010,1421,3416,-1995
109000011,3482,2539,943
109000012,2035,3141,-1106
109000013,3939,3445,494
109000014,1937,3263,-1326
109000015,4010,8010,-4000
109000016,6090,3682,2408
109000017,2780,1382,1398
109000018,995,2979,-1984
109000019,2646,1315,1331
109000020,885,2060,-1175
109000023,264,29,235
109000024,13,191,-178
109000025,333,531,-198
109000026,675,336,339
109000027,100,309,-209
109000028,138,100,38
109000029,136,199,-63
109000030,95,583,-488
109000031,234,185,49
109000032,148,516,-368
109000033,419,245,174
109000034,71,72,-1
109000035,14,77,-63
109000036,116,339,-223
109000037,252,1415,-1163
109000038,600,430,170
109000039,1091,768,323
109000040,4669,9202,-4533
109000041,3255,1738,1517
109000042,618,1462,-844
109000044,472,91,381
109000045,114,364,-250
109000046,474,110,364
109000047,38,459,-421
109000048,939,298,641
109000049,298,694,-396
109000050,476,268,208
109000051,302,305,-3
109000052,536,1014,-478
109000053,257,90,167
109000054,563,555,8
109000055,406,392,14
109000056,390,519,-129
109000057,807,557,250
109000058,1146,399,747
109000059,867,1570,-703
109000060,464,348,116
109000061,907,1248,-341
109000062,188,397,-209
109000063,226,193,33
109000064,325,214,111
109000065,200,224,-24
109000066,456,128,328
109000067,104,312,-208
109000068,3473,13,3460
109000069,1012,34,978
109000070,12,1319,-1307
109000071,401,68,333
109000072,127,306,-179
109000073,44,103,-59
109000074,44,156,-112
109000075,82,396,-314
109000076,103,219,-116
109000077,382,228,154
109000078,52,174,-122
109000079,169,166,3
109000080,140,105,35
109000081,137,403,-266
109000082,616,198,418
109000083,273,566,-293
109000088,121,537,-416
109000089,363,80,283
109000090,138,476,-338
109000091,368,245,123
109000092,387,608,-221
109000093,270,250,20
109000094,574,5,569
109000095,100,436,-336
109000096,735,290,445
109000097,99,122,-23
109000098,52,174,-122
109000099,1328,415,913
109000100,403,650,-247
109000101,1849,824,1025
109000102,468,893,-425
109000103,535,667,-132
109000104,2039,565,1474
109000105,489,1247,-758
109000106,2522,975,1547
109000107,661,1909,-1248
109000108,1980,749,1231
109000109,548,1668,-1120
109000110,1578,656,922
109000111,1079,2028,-949
109000112,492,168,324
109000113,337,209,128
109000114,205,319,-114
109000115,1369,41,1328
109000116,14,311,-297
109000117,239,85,154
109000118,17,302,-285
109000119,1687,271,1416
109000120,246,853,-607
109000121,457,35,422
109000122,176,690,-514
109000123,39,54,-15
109000124,692,478,214
109000125,898,508,390
109000126,431,757,-326
109000127,1034,252,782
109000128,538,1434,-896
109000129,2616,928,1688
109000130,648,1764,-1116
109000131,983,663,320
109000132,923,1794,-871
109000133,335,908,-573
109000134,853,1306,-453
109000135,1662,2119,-457
109000136,312,342,-30
109000137,310,388,-78
109000138,566,342,224
109000139,545,471,74
109000140,230,409,-179
109000141,628,496,132
109000142,186,574,-388
109000143,121,84,37
109000145,151,265,-114
109000146,39,93,-54
109000148,3657,2056,1601
109000149,50,73,-23
109000150,94,354,-260
109000155,924,718,206
109000156,972,648,324
109000158,184,325,-141
109000159,191,665,-474
109000160,972,261,711
109000161,366,1051,-685
109000162,2039,746,1293
109000163,1182,1901,-719
109000164,1330,2321,-991
109000165,1334,575,759
109000166,765,125,640
109000167,130,566,-436
109000170,49,63,-14
109000171,71,42,29
109000172,44,63,-19
109000173,40,83,-43
109000174,107,71,36
109000175,61,101,-40
109000176,328,259,69
109000177,57,113,-56
109000178,468,92,376
109000179,4709,5272,-563
109000180,5597,4164,1433
109000181,12,37,-25
109000182,40,41,-1
109000183,43,35,8
109000184,55,17,38
109000185,23,49,-26
109000188,470,1827,-1357
109000189,2510,1020,1490
109000190,597,577,20
109000191,388,531,-143
109000192,485,264,221
109000193,225,279,-54
109000194,288,105,183
109000195,148,301,-153
109000196,483,129,354
109000197,252,406,-154
109000198,454,73,381
109000199,136,435,-299
109000206,196,23,173
109000207,102,43,59
109000208,123,86,37
109000209,233,107,126
109000210,159,560,-401
109000211,211,219,-8
109000214,392,342,50
109000215,152,97,55
109000216,258,319,-61
109000217,246,144,102
109000218,401,260,141
109000221,442,1062,-620
109000222,1008,345,663
109000223,425,385,40
109000224,57,138,-81
109000225,100,30,70
109000226,49,202,-153
109000227,1226,1043,183
109000228,3,1402,-1399
109000231,1,261,-260
109000232,342,271,71
109000236,329,710,-381
109000241,2256,1967,289
109000242,2073,1468,605
109000293,29,93,-64
109000361,95,341,-246
109000364,551,583,-32
109000396,3,531,-528
109000397,615,11,604
109000399,117,397,-280
109000400,61,216,-155
109000403,191,1047,-856
109000406,389,4,385
109000407,236,156,80
109000408,0,432,-432
109000410,1140,285,855
109000411,160,29,131
109900001,105,1,104
109900002,949,29,920
109900003,215,0,215
109900004,1089,146,943
109900005,33,6,27
109900006,566,199,367
109900007,912,513,399
109900008,0,47,-47
109900009,172,554,-382
109900010,628,50,578
109900011,125,66,59
109900012,384,304,80
109900013,383,198,185
109900014,471,108,363
109900015,520,173,347
109900016,188,31,157
109900017,189,284,-95
109900018,288,88,200
109900019,390,75,315
109900020,41,55,-14
109900021,38,22,16
109900022,135,208,-73
109900023,29,12,17
109900024,24,13,11
109900025,19,58,-39
109900026,3,156,-153
109900027,66,85,-19
109900028,1391,958,433
109900029,5,271,-266
109900030,57,17,40
109900031,0,247,-247
109900032,11,379,-368
109900033,8,512,-504
109900034,30,1,29
109900035,25,23,2
109900036,32,84,-52
109900037,27,434,-407
109900038,110,258,-148
109900039,21,0,21
109900040,24,498,-474
109900041,56,334,-278
109900042,113,1630,-1517
109900044,165,284,-119
109900045,289,168,121
109900046,14,109,-95
109900047,401,401,0
109900048,3,104,-101
109900049,16,48,-32
109900050,10,129,-119
109900051,1,33,-32
109900052,94,312,-218
109900053,4,281,-277
109900054,733,261,472
109900055,76,259,-183
109900056,22,249,-227
109900057,8,121,-113
109900058,0,81,-81
109900059,702,137,565
109900060,421,139,282
109900061,103,266,-163
109900062,2,188,-186
109900063,13,485,-472
109900064,578,280,298
109900065,89,167,-78
109900066,425,896,-471
109900067,1,204,-203
109900068,74,12,62
109900069,4,55,-51
109900070,48,334,-286
109900071,4,56,-52
109900072,17,153,-136
109900073,502,512,-10
109900074,16,39,-23
109900075,28,42,-14
109900076,12,176,-164
109900077,36,60,-24
109900078,109,260,-151
109900080,144,299,-155
109900081,73,366,-293
109900082,52,344,-292
109900083,26,98,-72
109900084,58,174,-116
109900085,219,670,-451
109900086,155,489,-334
109900087,320,589,-269
109900089,945,267,678
109900090,618,1186,-568
109900091,395,99,296
109900092,2044,64,1980
109900093,973,180,793
109900094,78,130,-52
109900095,149,221,-72
109900096,32,10,22
109900097,100,4,96
109900098,473,59,414
109900099,195,0,195
109900100,52,0,52
109900101,482,9,473
109900102,451,28,423
109900103,33,50,-17
109900104,609,664,-55
109900105,523,40,483
109900106,690,84,606
109900107,1026,120,906
109900108,179,389,-210
109900109,26,226,-200
109900110,95,417,-322
109900111,332,858,-526
109900112,331,588,-257
109900113,916,579,337
109900114,1395,1409,-14
109900115,205,116,89
109900117,1059,229,830
109900118,321,435,-114
109900119,622,475,147
109900120,112,41,71
109900121,499,539,-40
109900122,447,14,433
109900123,15,176,-161
109900124,30,400,-370
109900125,1,172,-171
109900126,283,102,181
109900128,305,43,262
109900130,6818,2588,4230
109900131,46,146,-100
109900132,23,116,-93
109900133,96,289,-193
109900134,101,104,-3
109900135,326,72,254
109900136,95,171,-76
109900137,218,299,-81
109900138,359,303,56
109900140,186,186,0
109900141,509,227,282
109900142,1330,325,1005
109900145,11,580,-569
109900146,674,59,615
109900148,42,109,-67
109900149,65,82,-17
109900150,10,93,-83
109900151,26,54,-28
109900152,2,36,-34
109900153,1,58,-57
109900154,164,1,163
109900155,70,44,26
109900157,63,228,-165
109900158,69,140,-71
109900159,154,36,118
109900160,171,61,110
109900161,244,121,123
109900162,258,142,116
109900163,751,344,407
109900164,81,202,-121
109900165,288,5,283
109900166,1,132,-131
109900167,163,497,-334
109900168,233,660,-427
109900169,231,199,32
109900170,200,920,-720
109900171,181,112,69
109900172,248,256,-8
109900173,2721,2403,318
109900174,57,136,-79
109900175,74,83,-9
109900176,152,144,8
109900177,39,190,-151
109900178,18,335,-317
109900179,133,19,114
109900180,2,24,-22
110000001,992,540,452
110000002,646,885,-239
110000003,1024,753,271
110000004,540,851,-311
110000005,465,2221,-1756
110000006,391,473,-82
110000007,161,153,8
110000008,25,64,-39
110000009,24,39,-15
110000010,48,55,-7
110000011,46,88,-42
110000012,640,344,296
110000013,32,648,-616
110000014,587,450,137
110000015,320,790,-470
110000016,264,1795,-1531
110000017,3866,323,3543
110000018,2995,419,2576
110000019,18,125,-107
110000020,597,209,388
110000021,711,531,180
110000022,1240,253,987
110000023,11,230,-219
110000024,701,438,263
110000025,379,8,371
110000026,15,344,-329
110000027,1369,1187,182
110000028,904,726,178
110000029,560,705,-145
110000030,284,396,-112
110000031,309,450,-141
110000032,702,386,316
110000033,379,207,172
110000034,614,759,-145
110000035,1083,697,386
110000036,1091,908,183
110000037,261,709,-448
110000038,307,675,-368
110000039,710,3461,-2751
110000040,349,396,-47
110000041,282,1549,-1267
110000042,168,788,-620
110000043,1055,365,690
110000044,417,1504,-1087
110000045,2478,234,2244
110000046,7,37,-30
110000047,54,104,-50
110000048,23,99,-76
110000049,140,32,108
110000050,19,75,-56
110000051,76,37,39
110000052,23,69,-46
110000053,150,16,134
110000054,239,437,-198
110000055,884,78,806
110000056,323,104,219
110000057,400,604,-204
110000058,1225,657,568
110000059,1109,572,537
110000060,814,1065,-251
110000061,981,773,208
110000062,740,879,-139
110000063,48,120,-72
110000064,53,99,-46
110000065,113,67,46
110000066,79,35,44
110000067,152,229,-77
110000068,280,239,41
110000069,315,102,213
110000071,179,119,60
110000073,16,18,-2
110000075,15,83,-68
110000076,359,497,-138
110000077,429,1702,-1273
110000078,29,50,-21
110000080,280,762,-482
110000081,34,311,-277
110000082,22,430,-408
110000083,256,655,-399
110000084,1244,950,294
110000085,1816,1690,126
110000086,1508,2421,-913
110000087,21,60,-39
110000088,105,240,-135
110000089,354,107,247
110000090,464,274,190
110000091,1163,283,880
110000092,29,79,-50
110000093,80,9,71
110000094,580,331,249
110000095,286,702,-416
110000096,2245,2292,-47
110000097,1240,1319,-79
110000098,2340,623,1717
110000099,832,1699,-867
110000100,911,464,447
110000101,22,395,-373
110000102,65,27,38
110000104,484,116,368
110000105,56,302,-246
110000106,564,428,136
110000107,280,477,-197
110000108,117,70,47
110000109,348,311,37
110000110,3398,5470,-2072
110000111,6493,3238,3255
110000112,1356,1311,45
110000113,413,2199,-1786
110000114,285,751,-466
110000115,378,391,-13
110000116,61,71,-10
110000117,165,324,-159
110000118,560,168,392
110000119,246,297,-51
110000120,416,208,208
110000121,97,368,-271
110000122,444,671,-227
110000123,636,834,-198
110000124,2,874,-872
110000125,1194,11,1183
110000126,338,31,307
110000127,1345,81,1264
110000128,45,1416,-1371
110000129,3,451,-448
110000130,220,227,-7
110000131,84,319,-235
110000132,6,587,-581
110000133,52,574,-522
110000134,20,353,-333
110000135,180,35,145
110000136,115,290,-175
110000137,482,606,-124
110000138,915,665,250
110000139,869,1149,-280
110000140,968,777,191
110000143,704,498,206
110000144,6071,2437,3634
110000145,2238,1534,704
110000146,2975,1072,1903
110000147,655,816,-161
110000148,772,355,417
110000151,1012,1249,-237
110000152,803,375,428
110000153,127,34,93
110000154,63,49,14
110000155,2130,4581,-2451
110000156,1080,2841,-1761
110000157,2618,2629,-11
110000160,552,271,281
110000161,187,248,-61
110000166,660,137,523
110000167,984,506,478
110000168,1176,492,684
110000169,1044,408,636
110000170,133,99,34
110000171,646,141,505
110000172,180,773,-593
110000173,988,1231,-243
110000174,158,896,-738
110000175,833,83,750
110000176,508,356,152
110000177,230,915,-685
110000178,454,1565,-1111
110000179,1278,358,920
110000180,197,288,-91
110000181,544,415,129
110000182,379,167,212
110000183,8889,7914,975
110000184,369,2663,-2294
110000185,2181,1071,1110
110000186,948,824,124
110000191,1001,359,642
110000192,782,14,768
110000193,1185,10,1175
110000194,13,946,-933
110000195,439,289,150
110000196,450,313,137
110000197,114,192,-78
110000198,119,80,39
110000199,105,159,-54
110000200,1457,547,910
110000201,1349,1102,247
110000202,1492,658,834
110000203,729,642,87
110000204,4,226,-222
110000205,132,55,77
110000206,667,1368,-701
110000207,1132,416,716
110000208,383,260,123
110000209,137,1342,-1205
110000210,1347,532,815
110000211,1062,933,129
110000212,515,1182,-667
110000213,231,81,150
110000214,277,127,150
110000215,156,400,-244
110000216,95,291,-196
110000217,369,156,213
110000218,214,341,-127
110000219,309,69,240
110000220,70,232,-162
110000221,313,90,223
110000222,74,191,-117
110000223,8,273,-265
110000224,86,15,71
110000225,370,679,-309
110000226,238,66,172
110000227,1062,961,101
110000228,306,185,121
110000229,0,227,-227
110000230,763,816,-53
110000231,171,239,-68
110000232,259,345,-86
110000233,327,352,-25
110000234,1351,1948,-597
110000235,1251,1412,-161
110000236,771,757,14
110000237,2599,1627,972
110000238,1270,1598,-328
110000239,2111,1339,772
110000240,0,113,-113
110000242,0,16,-16
110000243,106,124,-18
110000244,159,592,-433
110000245,36,379,-343
110000246,888,566,322
110000247,1195,4911,-3716
110000248,2190,1631,559
110000249,81,11,70
110000250,70,219,-149
110000251,331,476,-145
110000252,316,222,94
110000253,1292,612,680
110000254,650,1393,-743
110000255,303,1084,-781
110000256,504,364,140
110000257,894,520,374
110000258,8,419,-411
110000259,120,18,102
110000260,30,254,-224
110000263,567,102,465
110000264,320,409,-89
110000265,1292,2182,-890
110000266,2746,3720,-974
110000267,30,232,-202
110000268,372,454,-82
110000269,13,86,-73
110000270,110,7,103
110000271,1483,318,1165
110000272,1236,1204,32
110000273,4048,1995,2053
110000274,239,1677,-1438
110000275,2013,533,1480
110000276,314,377,-63
110000277,294,373,-79
110000278,361,710,-349
110000279,796,783,13
110000280,453,480,-27
110000281,54,425,-371
110000282,388,30,358
110000283,85,192,-107
110000284,70,55,15
110000285,5,929,-924
110000286,34,1,33
110000287,66,6,60
110000288,2,139,-137
110000289,457,2143,-1686
110000290,977,570,407
110000291,4958,1435,3523
110000292,1466,4723,-3257
110000293,759,696,63
110000294,1125,1153,-28
110000295,316,886,-570
110000296,569,381,188
110000297,2527,382,2145
110000298,176,509,-333
110000299,253,101,152
110000301,471,38,433
110000302,279,790,-511
110000303,530,12,518
110000304,94,240,-146
110000305,1322,22,1300
110000306,164,1176,-1012
110000307,1610,13,1597
110000308,727,6,721
110000309,11,756,-745
110000310,713,50,663
110000311,18,638,-620
110000312,421,100,321
110000313,2679,2653,26
110000314,2,232,-230
110000315,3591,3366,225
110000316,579,1506,-927
110000317,643,832,-189
110000318,17,116,-99
110000319,19,17,2
110000320,45,96,-51
110000321,26,45,-19
110000322,328,410,-82
110000323,508,215,293
110000324,3511,1976,1535
110000325,3393,3202,191
110000327,691,448,243
110000328,250,436,-186
110000333,1127,722,405
110000334,957,1510,-553
110000335,1157,556,601
110000336,777,1067,-290
110000337,1556,589,967
110000338,598,312,286
110000339,370,245,125
110000340,123,172,-49
110000341,506,507,-1
110000342,683,7,676
110000343,2,30,-28
110000344,574,166,408
110000345,640,214,426
110000346,3076,2309,767
110000347,1196,813,383
110000348,12,22,-10
110000349,3,10,-7
110000350,72,5,67
110000351,1173,880,293
110000352,719,1658,-939
110000353,3208,753,2455
110000354,1049,3412,-2363
110000355,128,117,11
110000356,1460,8,1452
110000357,465,13,452
110000361,52,62,-10
110000362,87,106,-19
110000363,419,155,264
110000364,339,431,-92
110000365,187,3,184
110000366,1,104,-103
110000367,621,311,310
110000368,20,77,-57
110000369,110,7,103
110000373,3,303,-300
110000374,303,11,292
110000375,98,915,-817
110000376,36,123,-87
110000377,76,659,-583
110000378,43,380,-337
110000379,2944,1954,990
110000380,104,8,96
110000383,5,1495,-1490
110000384,2253,1635,618
110000385,9,232,-223
110000387,84,16,68
110000388,34,213,-179
110000389,841,8,833
110000391,924,369,555
110000396,221,194,27
110000397,137,177,-40
110000398,3,36,-33
110000399,149,2,147
110000587,147,95,52
110000589,216,156,60
110000640,151,61,90
110000652,23,250,-227
110000653,298,371,-73
110000654,132,329,-197
110000656,3,574,-571
110000674,22,49,-27
110000675,62,26,36
110000676,12,38,-26
110000679,325,1472,-1147
110000682,135,244,-109
110000683,395,544,-149
110000684,9,39,-30
110000685,14,17,-3
110000686,5,35,-30
110000687,48,11,37
110000688,87,915,-828
110000689,35,33,2
110000692,89,255,-166
110000693,146,355,-209
110000694,0,148,-148
110000695,275,637,-362
110000696,61,99,-38
110900001,400,34,366
110900002,444,227,217
110900003,844,559,285
110900004,527,209,318
110900005,2451,2495,-44
110900006,44,22,22
110900007,151,29,122
110900008,12,33,-21
110900009,517,158,359
110900010,11,75,-64
110900011,29,65,-36
110900012,22,92,-70
110900013,1014,160,854
110900014,349,17,332
110900015,577,743,-166
110900016,57,125,-68
110900017,402,27,375
110900018,513,48,465
110900019,208,24,184
110900020,117,262,-145
110900021,103,524,-421
110900022,136,405,-269
110900023,171,602,-431
110900024,17,414,-397
110900025,4,65,-61
110900027,55,271,-216
110900028,62,157,-95
110900029,34,365,-331
110900030,37,229,-192
110900031,6,171,-165
110900032,0,75,-75
110900033,54,225,-171
110900035,29,523,-494
110900036,130,18,112
110900037,79,29,50
110900038,1105,206,899
110900039,10,290,-280
110900040,250,60,190
110900041,28,100,-72
110900042,135,57,78
110900043,5,127,-122
110900044,182,14,168
110900045,43,384,-341
110900046,41,224,-183
110900047,519,311,208
110900049,108,96,12
110900050,24,3,21
110900051,32,234,-202
110900052,7,174,-167
110900053,143,35,108
110900054,99,209,-110
110900055,18,1,17
110900056,59,118,-59
110900057,10,159,-149
110900058,284,253,31
110900059,669,574,95
110900060,591,147,444
110900061,28,64,-36
110900062,162,259,-97
110900063,55,260,-205
110900064,20,2,18
110900065,299,119,180
110900066,7,74,-67
110900067,411,567,-156
110900068,223,210,13
110900069,7,22,-15
110900070,129,71,58
110900071,254,668,-414
110900073,2,28,-26
110900074,374,86,288
110900075,445,87,358
110900077,934,592,342
110900078,55,69,-14
110900079,2097,1705,392
110900080,145,79,66
110900081,7,61,-54
110900082,149,99,50
110900083,103,56,47
110900084,62,70,-8
110900085,68,262,-194
110900086,94,409,-315
110900087,340,116,224
110900088,11,2,9
110900090,36,45,-9
110900091,1,64,-63
110900093,334,126,208
110900095,62,54,8
110900097,16,16,0
110900098,20,83,-63
110900099,104,434,-330
110900100,0,31,-31
110900102,54,20,34
110900105,1366,276,1090
110900108,25,54,-29
110900111,518,369,149
110900112,847,8,839
110900113,505,75,430
110900115,16,73,-57
110900116,727,1627,-900
110900118,125,2903,-2778
110900119,3993,370,3623
110900120,16,62,-46
110900121,180,0,180
110900122,578,191,387
110900125,566,424,142
110900127,644,1678,-1034
110900128,245,307,-62
110900129,508,1003,-495
110900130,944,634,310
110900131,523,89,434
110900132,385,84,301
110900133,408,229,179
110900135,107,365,-258
110900136,311,46,265
110900137,117,4,113
110900138,1539,1125,414
110900139,27,238,-211
110900140,80,7,73
110900141,7,225,-218
110900142,67,211,-144
110900143,203,100,103
110900144,3,617,-614
110900145,151,45,106
110900146,449,200,249
110900147,101,464,-363
110900148,3,227,-224
110900149,3,80,-77
110900150,186,40,146
110900151,33,167,-134
110900152,33,255,-222
110900153,157,111,46
111000001,417,256,161
111000002,396,498,-102
111000003,1025,673,352
111000004,416,934,-518
111000005,1488,1242,246
111000006,926,1681,-755
111000007,4782,2892,1890
111000008,2096,3300,-1204
111000009,424,922,-498
111000010,870,287,583
111000011,358,1164,-806
111000012,489,423,66
111000013,431,1181,-750
111000014,1310,493,817
111000017,159,1139,-980
111000018,289,478,-189
111000020,886,2473,-1587
111000021,86,96,-10
111000023,105,86,19
111000025,4497,4234,263
111000029,55,95,-40
111000030,38,106,-68
111000031,2525,1397,1128
111000032,555,337,218
111000033,319,408,-89
111000034,236,280,-44
111000037,1671,919,752
111000038,3700,2664,1036
111000039,2488,2569,-81
111000040,2057,2566,-509
111000041,1766,1731,35
111000042,3285,2497,788
111000043,2280,3545,-1265
111000044,2112,1179,933
111000045,2552,2754,-202
111000046,1874,2078,-204
111000047,2796,3951,-1155
111000049,710,644,66
111000050,1282,1374,-92
111000051,548,936,-388
111000052,635,1629,-994
111000053,411,923,-512
111000054,391,850,-459
111000055,1036,1575,-539
111000056,171,466,-295
111000057,90,508,-418
111000058,409,99,310
111000059,629,294,335
111000060,4395,1114,3281
111000061,653,410,243
111000062,859,385,474
111000063,1861,1070,791
111000064,688,627,61
111000065,1398,1085,313
111000066,621,591,30
111000067,588,686,-98
111000068,708,1083,-375
111000069,1836,2130,-294
111000070,1106,973,133
111000071,121,467,-346
111000072,1048,383,665
111000073,356,732,-376
111000074,1763,1800,-37
111000075,1132,740,392
111000076,586,652,-66
111000077,1856,1804,52
111000078,3046,1465,1581
111000079,1393,938,455
111000080,663,748,-85
111000081,1726,4807,-3081
111000082,652,651,1
111000084,989,649,340
111000085,1017,1320,-303
111000086,2889,957,1932
111000087,657,650,7
111000088,5786,2401,3385
111000089,776,942,-166
111000090,1009,1437,-428
111000091,869,517,352
111000092,1329,794,535
111000093,845,1114,-269
111000094,1973,1005,968
111000095,645,2117,-1472
111000096,1891,7450,-5559
111000097,4415,1624,2791
111000098,871,1201,-330
111000099,699,1788,-1089
111000100,478,1423,-945
111000101,432,932,-500
111000102,278,728,-450
111000104,635,256,379
111000107,206,815,-609
111000109,1201,271,930
111000110,1485,725,760
111000111,2406,571,1835
111000112,1915,682,1233
111000113,827,1530,-703
111000114,1799,3375,-1576
111000115,5647,1203,4444
111000116,992,781,211
111000117,438,876,-438
111000118,1311,818,493
111000119,1094,1066,28
111000120,589,629,-40
111000121,317,676,-359
111000122,533,1152,-619
111000123,1172,2633,-1461
111000124,457,2463,-2006
111000125,224,1352,-1128
111000126,106,720,-614
111000127,1170,171,999
111000128,2116,357,1759
111000129,2651,587,2064
111000130,2454,677,1777
111000131,1889,640,1249
111000132,1623,930,693
111000133,217,171,46
111000134,179,115,64
111000135,50,167,-117
111000136,322,332,-10
111000138,15,2,13
111000140,4,6,-2
111000141,252,397,-145
111000142,14,120,-106
111000143,4,125,-121
111000144,24,457,-433
111000145,1605,40,1565
111000146,98,9,89
111000147,399,42,357
111000148,162,100,62
111000149,7,32,-25
111000150,14,5,9
111000151,0,28,-28
111000153,710,836,-126
111000154,806,219,587
111000155,97,179,-82
111000156,499,792,-293
111000157,300,1272,-972
111000158,1092,843,249
111000159,3313,845,2468
111000160,484,325,159
111000161,17,345,-328
111000162,150,175,-25
111000163,757,1058,-301
111000164,726,4273,-3547
111000165,1086,682,404
111000166,2459,463,1996
111000167,207,482,-275
111000168,229,513,-284
111000169,354,701,-347
111000170,533,439,94
111000171,621,669,-48
111000172,161,430,-269
111000173,342,766,-424
111000174,233,349,-116
111000175,48,371,-323
111000176,465,117,348
111000177,358,196,162
111000178,1279,285,994
111000179,214,161,53
111000180,280,495,-215
111000181,1123,239,884
111000182,190,176,14
111000183,348,380,-32
111000184,387,204,183
111000185,428,400,28
111000186,381,185,196
111000187,150,178,-28
111000188,313,340,-27
111000189,1113,704,409
111000190,174,301,-127
111000191,160,314,-154
111000192,204,516,-312
111000193,347,268,79
111000194,36,273,-237
111000195,106,316,-210
111000196,82,178,-96
111000197,402,101,301
111000198,482,98,384
111000199,235,130,105
111000200,392,327,65
111000201,619,272,347
111000202,282,185,97
111000203,310,220,90
111000204,492,838,-346
111000213,255,401,-146
111000214,1614,1285,329
111000215,1007,1211,-204
111000217,1622,1080,542
111000218,1164,1155,9
111000219,381,209,172
111000220,1582,976,606
111000221,796,133,663
111000224,0,190,-190
111000225,255,57,198
111000226,101,3,98
111000227,31,1,30
111000228,36,372,-336
111000229,85,937,-852
111000230,316,372,-56
111000231,942,740,202
111000232,629,869,-240
111000233,910,772,138
111000234,171,491,-320
111000239,130,157,-27
111000240,51,160,-109
111000241,61,335,-274
111000242,175,49,126
111000243,101,484,-383
111000244,460,63,397
111000245,1175,431,744
111000246,495,371,124
111000247,417,769,-352
111000248,706,506,200
111000249,510,594,-84
111000250,53,123,-70
111000251,76,117,-41
111000253,22,17,5
111000255,44,8,36
111000257,26,14,12
111000260,58,1095,-1037
111000261,1279,112,1167
111000271,54,255,-201
111000273,3852,1418,2434
111000274,1326,2589,-1263
111000275,166,70,96
111000276,276,1668,-1392
111000277,176,462,-286
111000278,725,246,479
111000291,824,6233,-5409
111000298,537,196,341
111000299,715,176,539
111000300,123,545,-422
111000302,322,61,261
111000303,63,242,-179
111000312,56,75,-19
111000315,0,75,-75
111000320,341,694,-353
111000321,421,116,305
111000322,350,485,-135
111000323,217,29,188
111000324,466,274,192
111000325,75,71,4
111000326,211,266,-55
111000327,549,356,193
111000328,312,492,-180
111000329,3,43,-40
111000330,45,4,41
111000331,17,4,13
111000332,626,1467,-841
111000334,383,1251,-868
111000335,811,293,518
111000337,1178,420,758
111000338,171,147,24
111000339,630,364,266
111000340,155,578,-423
111000341,1137,684,453
111000342,303,832,-529
111000344,1083,749,334
111000345,381,83,298
111000346,12,105,-93
111000347,135,28,107
111000350,219,150,69
111000351,109,330,-221
111000352,188,125,63
111000353,152,268,-116
111000354,618,175,443
111000355,372,622,-250
111000358,149,1077,-928
111000360,237,594,-357
111000361,162,275,-113
111000546,1077,752,325
111000547,497,507,-10
111000548,140,488,-348
111000549,335,354,-19
111000550,97,1041,-944
111000551,738,173,565
111000552,1926,190,1736
111000907,315,13,302
111000908,22,2,20
111000916,1491,381,1110
111000917,33,435,-402
111000918,228,751,-523
111000920,397,7,390
111000921,5,145,-140
111000922,566,315,251
111000924,67,749,-682
111000925,2191,1962,229
111000926,1043,1404,-361
111000927,3317,4506,-1189
111000928,4787,2962,1825
111000929,1296,1407,-111
111000930,715,2154,-1439
111000931,2442,2977,-535
111000932,4663,2519,2144
111000933,4006,2514,1492
111000934,1909,3816,-1907
111000935,1577,1011,566
111000936,1108,2158,-1050
111000937,1131,1453,-322
111000938,1452,1496,-44
111000939,561,59,502
111000940,524,174,350
111000941,459,511,-52
111000943,426,284,142
111000944,170,310,-140
111000945,103,1346,-1243
111001109,452,357,95
111001110,138,407,-269
111001111,70,8,62
111001112,110,4,106
111001113,2,160,-158
111001114,897,84,813
111001115,21,539,-518
111001116,5034,4122,912
111001117,737,2291,-1554
111001120,88,326,-238
111001121,151,250,-99
111001122,174,381,-207
111001123,190,71,119
111900001,14,134,-120
111900002,23,753,-730
111900003,4,315,-311
111900004,73,108,-35
111900006,14,35,-21
111900007,102,9,93
111900008,225,5,220
111900009,237,214,23
111900010,327,475,-148
111900012,69,85,-16
111900013,11,112,-101
111900014,4752,4059,693
111900015,0,86,-86
111900016,1,124,-123
111900017,2,146,-144
111900018,336,24,312
111900019,6,214,-208
111900020,3,53,-50
111900021,38,84,-46
111900022,21,59,-38
111900023,147,105,42
111900024,0,81,-81
111900025,1,45,-44
111900026,0,86,-86
111900027,3,133,-130
111900028,32,351,-319
111900029,7,102,-95
111900030,28,418,-390
111900031,38,76,-38
111900032,3,285,-282
111900033,7,101,-94
111900034,238,516,-278
111900035,127,204,-77
111900036,0,225,-225
111900038,341,583,-242
111900039,49,409,-360
111900040,11,452,-441
111900042,75,151,-76
111900043,1,244,-243
111900044,365,229,136
111900046,37,137,-100
111900048,236,593,-357
111900049,27,235,-208
111900050,233,52,181
111900051,4,189,-185
111900052,307,416,-109
111900053,1125,1728,-603
111900054,231,7,224
111900055,10,336,-326
111900056,196,284,-88
111900057,204,46,158
111900058,548,587,-39
111900059,1745,648,1097
111900060,421,5,416
111900061,11,173,-162
111900062,19,83,-64
111900063,585,233,352
111900064,99,219,-120
111900065,87,42,45
111900066,188,132,56
111900067,1,354,-353
111900068,87,81,6
111900069,69,23,46
111900070,170,132,38
111900071,2,228,-226
111900072,73,46,27
111900073,854,146,708
111900074,18,234,-216
111900075,119,12,107
111900076,203,48,155
111900077,90,5,85
111900078,351,24,327
111900079,37,42,-5
111900080,239,306,-67
111900081,587,210,377
111900082,91,26,65
111900083,129,13,116
111900084,124,16,108
111900085,30,134,-104
111900086,38,6,32
111900087,64,1,63
111900088,488,10,478
111900089,129,1,128
111900090,69,37,32
111900091,274,4,270
111900092,85,0,85
111900093,408,6,402
111900094,200,1,199
111900095,229,40,189
111900096,203,1,202
111900097,59,0,59
111900098,253,0,253
111900099,82,0,82
111900100,201,10,191
111900101,148,37,111
111900102,523,454,69
111900103,84,106,-22
111900104,202,95,107
111900105,438,225,213
111900106,1568,93,1475
111900107,129,126,3
111900108,167,267,-100
111900109,509,640,-131
111900110,1714,480,1234
111900111,266,123,143
111900112,624,2935,-2311
111900113,269,76,193
111900114,204,118,86
111900115,23,21,2
111900118,277,98,179
111900119,385,217,168
111900122,147,92,55
111900123,23,31,-8
111900124,60,98,-38
111900125,586,44,542
111900126,315,4,311
111900127,3,582,-579
111900128,4,466,-462
111900129,324,15,309
111900130,261,38,223
111900131,563,6,557
111900132,31,999,-968
111900133,9,394,-385
111900134,8,187,-179
111900135,15,47,-32
111900136,91,145,-54
111900137,48,55,-7
111900138,17,66,-49
111900139,44,89,-45
111900140,84,38,46
111900141,66,5,61
111900142,151,43,108
111900143,25,195,-170
111900144,1,54,-53
111900145,2,360,-358
111900146,7,219,-212
111900147,144,438,-294
111900148,26,511,-485
111900149,6,240,-234
111900150,16,178,-162
111900151,1,21,-20
111900152,83,97,-14
111900153,1307,655,652
111900154,14,294,-280
111900155,69,69,0
111900156,75,68,7
111900157,89,15,74
111900158,618,82,536
111900159,299,13,286
111900160,264,1,263
111900161,158,0,158
111900162,77,175,-98
111900163,38,177,-139
111900164,113,74,39
111901113,550,162,388
111901114,285,293,-8
111901115,56,2,54
111901116,56,3,53
111901117,27,29,-2
111901118,67,227,-160
111901119,621,64,557
111901120,98,110,-12
111901121,135,159,-24
111901122,7,378,-371
111901123,201,318,-117
111901124,213,3,210
111901125,365,140,225
111901126,138,81,57
111901127,574,531,43
111901128,15,92,-77
111901129,7,113,-106
111901130,8,177,-169
111901131,5,237,-232
111901132,75,29,46
111901133,49,5,44
111901134,104,16,88
111901135,39,15,24
111901136,39,67,-28
111901137,1,36,-35
111901138,213,59,154
111901139,22,29,-7
111901140,16,76,-60
111901141,12,119,-107
111901142,10,120,-110
111901143,2,122,-120
111901144,42,51,-9
111901145,97,276,-179
112000001,1954,814,1140
112000002,650,2136,-1486
112000003,1615,1255,360
112000004,726,995,-269
112000005,3694,3763,-69
112000006,2298,1953,345
112000007,3359,2326,1033
112000008,2874,3849,-975
112000009,3257,2871,386
112000010,3269,4249,-980
112000011,1976,1748,228
112000012,5980,5636,344
112000013,4773,4039,734
112000014,3064,3128,-64
112000015,3897,4209,-312
112000016,6739,2102,4637
112000017,2648,4190,-1542
112000024,2584,1289,1295
112000026,3448,4334,-886
112000027,1011,631,380
112000028,1287,1731,-444
112000029,639,845,-206
112000030,185,131,54
112000031,1673,5547,-3874
112000032,460,93,367
112000033,2165,2479,-314
112000034,373,128,245
112000035,183,701,-518
112000036,922,1670,-748
112000037,1616,1103,513
112000038,1444,1531,-87
112000039,110,72,38
112000040,153,292,-139
112000041,534,521,13
112000042,1218,545,673
112000050,1422,1757,-335
112000051,1362,1657,-295
112000054,1782,2028,-246
112000057,738,458,280
112000058,570,836,-266
112000059,663,1028,-365
112000061,3323,1930,1393
112000062,1519,979,540
112000063,1000,1531,-531
112000064,4407,4998,-591
112000065,1887,2506,-619
112000066,4177,1678,2499
112000067,893,723,170
112000068,3676,2579,1097
112000069,850,2082,-1232
112000070,2542,949,1593
112000071,1229,3202,-1973
112000072,2753,1077,1676
112000073,2127,2898,-771
112000074,2072,1499,573
112000075,1724,1434,290
112000076,3976,2811,1165
112000077,1094,582,512
112000078,1870,848,1022
112000079,1728,1455,273
112000080,937,905,32
112000081,1494,2571,-1077
112000082,1732,955,777
112000083,688,1211,-523
112000084,1334,876,458
112000085,1424,993,431
112000086,2032,1272,760
112000087,593,425,168
112000088,944,532,412
112000089,561,445,116
112000090,326,377,-51
112000091,616,893,-277
112000092,2138,1107,1031
112000093,1615,901,714
112000094,777,932,-155
112000095,742,856,-114
112000096,623,671,-48
112000097,1471,907,564
112000098,1046,1272,-226
112000099,843,1933,-1090
112000100,2044,849,1195
112000101,601,1001,-400
112000102,1406,536,870
112000103,408,1162,-754
112000105,502,1484,-982
112000106,1691,373,1318
112000107,29,278,-249
112000108,272,1747,-1475
112000109,91,77,14
112000110,2076,635,1441
112000111,1575,5581,-4006
112000112,7929,903,7026
112000113,1048,1982,-934
112000114,3984,1116,2868
112000115,514,453,61
112000116,676,1171,-495
112000117,1141,886,255
112000118,1291,1028,263
112000119,485,751,-266
112000120,100,392,-292
112000121,155,432,-277
112000122,350,168,182
112000123,805,171,634
112000124,435,86,349
112000125,239,285,-46
112000126,328,470,-142
112000127,3093,2712,381
112000128,1285,939,346
112000129,121,96,25
112000130,223,117,106
112000131,56,295,-239
112000132,142,276,-134
112000133,397,213,184
112000134,506,434,72
112000135,2041,790,1251
112000136,1543,1425,118
112000137,3499,2583,916
112000138,3029,1548,1481
112000139,1115,585,530
112000140,1237,1170,67
112000141,906,319,587
112000142,141,680,-539
112000143,1161,219,942
112000144,323,1264,-941
112000145,2605,697,1908
112000146,579,1745,-1166
112000147,2620,1964,656
112000148,1605,2254,-649
112000149,904,713,191
112000150,330,680,-350
112000151,341,330,11
112000152,496,435,61
112000153,221,225,-4
112000154,125,249,-124
112000155,145,157,-12
112000157,1183,734,449
112000158,355,503,-148
112000159,550,385,165
112000167,505,86,419
112000169,299,482,-183
112000173,849,249,600
112000175,473,443,30
112000176,3122,2352,770
112000177,813,215,598
112000178,109,420,-311
112000179,312,118,194
112000180,309,385,-76
112000181,1467,1751,-284
112000182,1335,1550,-215
112000183,48,59,-11
112000184,419,372,47
112000185,597,514,83
112000187,5270,3370,1900
112000195,158,16,142
112000196,390,18,372
112000197,249,222,27
112000198,112,385,-273
112000199,866,964,-98
112000202,532,2,530
112000216,91,246,-155
112000230,107,13,94
112000231,5,219,-214
112000256,77,321,-244
112000313,99,163,-64
112000314,72,33,39
112000337,952,704,248
112000352,492,390,102
112000392,1438,1286,152
112000398,1491,1009,482
112000399,1775,2622,-847
112000400,1874,3004,-1130
112000401,2882,2574,308
112000402,3756,3957,-201
112000403,2229,3671,-1442
112000404,949,1012,-63
112000405,2150,3234,-1084
112000406,3528,2381,1147
112000407,8482,9670,-1188
112000408,8163,6883,1280
112000409,1621,4502,-2881
112000410,543,374,169
112000411,4292,2197,2095
112000412,1552,757,795
112000413,7968,6544,1424
112000414,109,71,38
112000415,120,75,45
112000416,2797,1496,1301
112000417,313,66,247
112000421,66,176,-110
112000422,334,388,-54
112000424,2290,3119,-829
112000425,527,703,-176
112000426,143,343,-200
112000427,0,18,-18
112000428,238,377,-139
112000429,2561,2713,-152
112000430,2643,3337,-694
112000431,93,176,-83
112000432,662,1156,-494
112000433,511,1050,-539
112000437,65,178,-113
112900001,68,0,68
112900002,473,896,-423
112900003,113,365,-252
112900004,102,317,-215
112900005,234,173,61
112900006,17,359,-342
112900007,75,178,-103
112900008,6,36,-30
112900009,424,155,269
112900010,378,936,-558
112900011,192,263,-71
112900012,0,62,-62
112900013,44,289,-245
112900014,6,350,-344
112900015,418,711,-293
112900016,13,209,-196
112900017,59,213,-154
112900018,3,235,-232
112900019,45,232,-187
112900020,461,1141,-680
112900021,6,241,-235
112900022,25,86,-61
112900023,4,167,-163
112900024,18,253,-235
112900025,135,302,-167
112900026,4,242,-238
112900027,9,989,-980
112900028,30,159,-129
112900029,18,535,-517
112900030,180,158,22
112900031,10,405,-395
112900032,476,287,189
112900034,2,64,-62
112900035,2,392,-390
112900036,120,146,-26
112900037,196,206,-10
112900038,766,217,549
112900039,14,241,-227
112900040,9,2102,-2093
112900041,794,1297,-503
112900042,177,311,-134
112900043,55,46,9
112900044,490,541,-51
112900045,329,359,-30
112900046,212,91,121
112900047,19,56,-37
112900049,234,86,148
112900050,80,544,-464
112900051,376,573,-197
112900052,15,760,-745
112900053,641,321,320
112900054,444,71,373
112900055,182,54,128
112900056,423,258,165
112900057,37,465,-428
112900058,446,378,68
112900059,211,209,2
112900060,32,180,-148
112900061,122,123,-1
112900062,81,152,-71
112900063,138,16,122
112900064,194,207,-13
112900065,44,36,8
112900066,381,211,170
112900067,439,183,256
112900068,100,60,40
112900069,3052,1022,2030
112900071,24,9,15
112900072,293,2315,-2022
112900073,739,132,607
112900074,119,269,-150
112900075,1803,1070,733
112900076,106,41,65
112900078,382,448,-66
112900079,315,51,264
112900080,100,4,96
112900081,73,191,-118
112900082,590,31,559
112900083,132,131,1
112900084,278,120,158
112900085,0,17,-17
112900086,88,1,87
112900087,814,190,624
112900088,267,48,219
112900089,1299,44,1255
112900090,61,40,21
112900091,280,2,278
112900092,411,358,53
112900093,1617,32,1585
112900094,120,3,117
112900095,54,2,52
112900096,616,215,401
112900097,133,322,-189
112900098,431,9,422
112900099,1033,25,1008
112900100,111,4,107
112900101,368,1,367
112900102,531,9,522
112900103,219,13,206
112900104,17,1,16
112900105,30,1,29
112900106,435,171,264
112900107,20,3,17
112900108,56,2,54
112900109,136,0,136
112900110,1191,39,1152
112900111,826,12,814
112900112,347,1,346
112900113,0,14,-14
112900114,146,56,90
112900115,1192,9,1183
112900116,185,33,152
112900117,88,87,1
112900118,49,104,-55
112900119,183,4,179
112900120,982,318,664
112900121,127,238,-111
112900122,24,131,-107
112900123,179,33,146
112900124,24,173,-149
112900125,93,641,-548
112900126,241,241,0
112900127,415,102,313
112900128,298,820,-522
112900129,1,853,-852
112900130,318,89,229
112900131,38,254,-216
112900132,234,645,-411
112900133,40,1478,-1438
112900134,1,331,-330
112900135,126,36,90
112900136,0,22,-22
112900137,0,500,-500
112900138,5,288,-283
112900139,266,1197,-931
112900140,0,65,-65
112900141,902,78,824
112900142,65,209,-144
112900143,30,539,-509
112900144,3,192,-189
112900145,39,504,-465
112900146,8,1026,-1018
112900147,3,1389,-1386
112900148,69,4,65
112900149,288,624,-336
112900151,26,58,-32
112900152,4350,1038,3312
112900153,2025,2730,-705
112900154,3,134,-131
112900155,268,82,186
112900156,436,1334,-898
112900157,309,26,283
112900158,115,26,89
112900159,320,145,175
112900160,76,280,-204
112900161,140,38,102
112900162,70,31,39
112900163,130,51,79
112900164,43,193,-150
112900165,179,64,115
112900166,50,105,-55
112900167,4,108,-104
112900168,9,5,4
112900169,17,15,2
112900170,146,139,7
112900172,85,16,69
112900173,191,112,79
112900174,261,49,212
112900175,150,166,-16
112900176,7,43,-36
112900177,230,71,159
112900178,910,2678,-1768
112900179,34,512,-478
112900180,2343,2127,216
112900181,616,9,607
112900182,61,975,-914
112900183,196,347,-151
112900184,614,593,21
112900185,434,893,-459
112900186,1622,1287,335
112900187,116,675,-559
112900188,697,1097,-400
112900189,14,34,-20
112900190,8,42,-34
112900192,820,870,-50
112900193,1591,467,1124
112900194,47,64,-17
112900195,1160,84,1076
112900196,224,282,-58
112900197,291,500,-209
112900199,724,544,180
112900200,622,222,400
112900201,170,91,79
112900202,386,768,-382
112900203,277,277,0
112900204,1031,699,332
112900205,25,25,0
112900206,44,91,-47
112900207,14,2,12
112900208,101,349,-248
112900209,453,377,76
112900210,1,13,-12
112900211,122,119,3
112900212,2,120,-118
112900213,46,15,31
112900214,19,14,5
112900215,23,203,-180
112900216,33,61,-28
112900217,8,73,-65
112900218,150,28,122
112900219,246,39,207
112900220,13,1,12
112900221,112,201,-89
112900222,2,43,-41
112900223,1365,45,1320
112900224,384,489,-105
112900225,455,346,109
112900226,344,450,-106
112900227,834,1095,-261
112900228,60,36,24
112900229,300,69,231
112900230,8202,5241,2961
112900232,433,390,43
112900233,75,196,-121
112900234,27,90,-63
112900235,137,24,113
112900236,303,15,288
112900237,191,122,69
112900238,11,32,-21
112900239,251,327,-76
113000001,6662,5129,1533
113000002,4338,4257,81
113000003,2257,1533,724
113000004,1842,2617,-775
113000005,2080,1099,981
113000006,1297,1504,-207
113000007,2582,1312,1270
113000008,1956,1897,59
113000009,1274,873,401
113000010,1215,1608,-393
113000011,909,1826,-917
113000012,2319,789,1530
113000013,1778,880,898
113000014,1878,1991,-113
113000015,667,526,141
113000016,606,1420,-814
113000017,111,495,-384
113000018,486,106,380
113000019,327,345,-18
113000020,466,66,400
113000021,1290,560,730
113000022,718,1171,-453
113000025,290,623,-333
113000026,462,681,-219
113000027,557,825,-268
113000028,1071,929,142
113000029,1036,704,332
113000030,420,883,-463
113000031,244,342,-98
113000032,317,311,6
113000033,386,463,-77
113000034,426,430,-4
113000035,71,61,10
113000036,27,73,-46
113000037,105,53,52
113000038,34,61,-27
113000039,101,389,-288
113000040,76,87,-11
113000042,913,746,167
113000051,969,2421,-1452
113000052,2178,859,1319
113000053,505,446,59
113000054,406,805,-399
113000055,1238,587,651
113000056,1190,959,231
113000058,761,1028,-267
113000059,1349,687,662
113000060,261,556,-295
113000061,509,868,-359
113000062,1001,271,730
113000063,216,127,89
113000064,26,320,-294
113000065,126,796,-670
113000066,817,94,723
113000067,2178,1245,933
113000068,346,1240,-894
113000069,580,1158,-578
113000070,2888,1039,1849
113000071,479,734,-255
113000072,915,549,366
113000073,436,1412,-976
113000074,1095,528,567
113000075,2280,756,1524
113000076,720,2016,-1296
113000077,1359,736,623
113000078,909,2705,-1796
113000079,1055,1070,-15
113000080,890,861,29
113000081,1120,1186,-66
113000082,1593,1102,491
113000083,670,1065,-395
113000084,1976,1415,561
113000085,1003,745,258
113000086,1320,1235,85
113000087,1229,947,282
113000088,2582,1540,1042
113000089,1127,1676,-549
113000090,318,631,-313
113000091,629,420,209
113000094,1302,195,1107
113000095,264,860,-596
113000096,160,840,-680
113000097,1206,501,705
113000098,132,71,61
113000099,1084,458,626
113000100,168,511,-343
113000101,456,663,-207
113000102,678,483,195
113000103,2017,562,1455
113000104,580,2226,-1646
113000105,998,531,467
113000106,387,702,-315
113000107,879,706,173
113000108,681,1139,-458
113000109,609,2024,-1415
113000110,2108,555,1553
113000111,105,667,-562
113000112,243,305,-62
113000113,1892,439,1453
113000114,290,1776,-1486
113000116,837,363,474
113000117,1160,126,1034
113000118,139,766,-627
113000119,376,468,-92
113000120,62,284,-222
113000121,1005,1415,-410
113000124,247,143,104
113000125,75,857,-782
113000127,2582,385,2197
113000128,593,708,-115
113000129,761,959,-198
113000133,2357,2160,197
113000134,10,1020,-1010
113000135,4663,4711,-48
113000137,2389,4087,-1698
113000139,473,342,131
113000140,206,317,-111
113000141,482,324,158
113000142,838,1681,-843
113000143,350,271,79
113000144,337,818,-481
113000145,91,155,-64
113000146,169,124,45
113000147,198,166,32
113000148,225,165,60
113000149,131,180,-49
113000150,697,361,336
113000151,99,73,26
113000152,46,109,-63
113000153,1596,723,873
113000154,1093,1772,-679
113000155,443,651,-208
113000156,205,419,-214
113000157,372,1035,-663
113000158,860,289,571
113000159,1241,731,510
113000160,676,1264,-588
113000161,313,494,-181
113000162,1061,470,591
113000163,115,37,78
113000164,41,123,-82
113000166,182,95,87
113000167,55,121,-66
113000168,93,137,-44
113000169,233,65,168
113000170,105,96,9
113000171,48,105,-57
113000172,299,77,222
113000173,85,30,55
113000174,118,432,-314
113000175,469,105,364
113000176,567,203,364
113000177,206,503,-297
113000178,281,405,-124
113000179,356,166,190
113000180,764,1158,-394
113000181,1116,913,203
113000182,187,564,-377
113000183,156,648,-492
113000184,32,160,-128
113000189,551,1128,-577
113000190,1121,712,409
113000192,1360,2953,-1593
113000193,4386,1587,2799
113000194,1621,1297,324
113000195,2869,1343,1526
113000196,202,95,107
113000197,1720,1290,430
113000198,84,318,-234
113000199,2315,631,1684
113000201,246,373,-127
113000202,4427,1529,2898
113000203,180,147,33
113000204,1385,3058,-1673
113000205,16,26,-10
113000206,12,58,-46
113000207,132,48,84
113000208,74,63,11
113000209,15,38,-23
113000210,7,23,-16
113000211,181,197,-16
113000212,75,25,50
113000213,52,205,-153
113000214,195,313,-118
113000234,251,819,-568
113000410,383,397,-14
113000411,3461,5285,-1824
113000412,7374,2704,4670
113000413,2928,3167,-239
113000414,7091,16388,-9297
113000415,2576,3568,-992
113000416,9688,5050,4638
113000417,2809,3689,-880
113000418,5606,4285,1321
113000419,2258,2640,-382
113000420,5118,6910,-1792
113000421,4830,7718,-2888
113000422,14025,12466,1559
113000423,2590,6152,-3562
113000424,3787,9564,-5777
113000425,17,105,-88
113000428,381,238,143
113000430,133,964,-831
113000432,2153,196,1957
113000433,173,776,-603
113000434,22,119,-97
113000435,37,481,-444
113000436,29,1136,-1107
113000437,1118,18,1100
113000438,357,18,339
113000439,19,109,-90
113000440,94,38,56
113000441,180,159,21
113000442,137,155,-18
113000443,221,194,27
113000444,169,155,14
113000445,78,106,-28
113000446,19,57,-38
113000448,174,186,-12
113000449,179,634,-455
113000450,736,1885,-1149
113000451,1070,186,884
113000452,464,330,134
113000453,51,322,-271
113000454,745,24,721
113000455,7,319,-312
113000456,4543,3146,1397
113000468,1660,232,1428
113000469,163,175,-12
113000470,415,23,392
113000471,14,373,-359
113000472,110,370,-260
113000474,635,649,-14
113000475,1545,2040,-495
113000476,1693,2118,-425
113000477,3782,2326,1456
113000478,4184,5754,-1570
113000479,86,158,-72
113000480,108,219,-111
113000482,0,0,0
113000485,0,0,0
113000486,3,1,2
113000487,1,0,1
113000488,0,3,-3
113000489,2,6,-4
113000490,1,61,-60
113000491,27,26,1
113000492,16,7,9
113000493,4,0,4
113000495,123,91,32
113000496,72,84,-12
113000497,0,0,0
113000499,0,0,0
113000500,0,5,-5
113900001,5,267,-262
113900002,0,94,-94
113900003,1,59,-58
113900004,1,49,-48
113900005,2,74,-72
113900006,4,25,-21
113900007,70,33,37
113900008,22,0,22
113900009,166,0,166
113900010,67,1,66
113900011,35,0,35
113900012,34,0,34
113900013,302,4,298
113900014,654,5,649
113900015,0,98,-98
113900016,60,0,60
113900017,6,57,-51
113900018,505,262,243
113900019,152,55,97
113900020,144,4,140
113900022,36,0,36
113900023,13,0,13
113900024,44,49,-5
113900025,334,40,294
113900026,75,0,75
113900027,2,59,-57
113900028,38,439,-401
113900029,45,190,-145
113900030,197,5,192
113900031,15,1,14
113900032,31,0,31
113900033,74,100,-26
113900035,60,0,60
113900036,16,94,-78
113900037,198,411,-213
113900038,33,107,-74
113900039,200,31,169
113900040,11,21,-10
113900041,7,2,5
113900042,70,57,13
113900043,122,120,2
113900044,428,344,84
113900045,85,2,83
113900046,307,728,-421
113900047,36,116,-80
113900048,193,159,34
113900049,577,334,243
113900050,285,364,-79
113900051,244,392,-148
113900052,180,152,28
113900053,832,644,188
113900054,37,0,37
113900055,107,485,-378
113900056,66,195,-129
113900057,18,82,-64
113900058,77,144,-67
113900059,275,391,-116
113900060,101,222,-121
113900061,1088,318,770
113900062,128,17,111
113900063,131,176,-45
113900064,16,154,-138
113900065,530,25,505
113900066,387,296,91
113900067,162,305,-143
113900068,526,454,72
113900069,75,35,40
113900070,197,576,-379
113900071,67,65,2
113900072,93,182,-89
113900073,223,379,-156
113900074,178,464,-286
113900075,1416,1273,143
113900076,298,14,284
113900077,73,165,-92
113900078,49,60,-11
113900079,3,57,-54
113900080,679,265,414
113900081,74,204,-130
113900082,122,219,-97
113900083,444,390,54
113900084,284,108,176
113900085,40,266,-226
113900086,35,18,17
113900087,125,226,-101
113900088,64,93,-29
113900089,491,49,442
113900090,698,406,292
113900091,15,26,-11
113900092,28,87,-59
113900093,100,725,-625
113900094,524,449,75
113900095,162,117,45
113900096,321,85,236
113900097,54,108,-54
113900098,675,100,575
113900099,0,65,-65
113900100,0,3,-3
113900101,13,64,-51
113900102,182,168,14
113900103,371,326,45
113900104,168,210,-42
113900105,105,183,-78
113900106,0,67,-67
113900107,0,37,-37
113900108,246,313,-67
113900109,476,201,275
113900110,87,21,66
113900111,163,119,44
113900112,125,65,60
113900113,1210,532,678
113900114,1,78,-77
113900115,0,79,-79
113900116,189,175,14
113900117,101,27,74
113900118,255,453,-198
113900119,192,538,-346
113900120,66,53,13
113900121,84,116,-32
113900122,576,2061,-1485
113900123,559,224,335
113900124,2,50,-48
113900125,982,166,816
113900126,145,43,102
113900127,330,910,-580
113900128,166,83,83
113900129,16,170,-154
113900130,20,143,-123
113900131,304,100,204
113900132,51,50,1
113900133,12,61,-49
113900135,306,387,-81
113900136,141,107,34
113900137,350,323,27
113900138,83,218,-135
113900139,329,174,155
113900140,344,520,-176
113900141,626,306,320
113900142,192,93,99
113900143,17,41,-24
113900144,272,406,-134
113900145,444,191,253
113900146,152,75,77
113900148,190,298,-108
113900149,187,83,104
113900150,715,527,188
113900151,447,197,250
113900152,43,44,-1
113900153,296,729,-433
113900154,2,179,-177
113900155,207,204,3
113900156,202,442,-240
113900157,76,359,-283
113900158,543,727,-184
113900159,23,287,-264
113900160,567,627,-60
113900161,104,227,-123
113900162,741,1347,-606
113900163,274,312,-38
113900164,317,54,263
113900165,876,527,349
113900166,357,218,139
113900167,288,39,249
113900168,104,78,26
113900169,260,442,-182
113900171,244,82,162
113900172,9,162,-153
113900173,40,538,-498
113900174,572,664,-92
113900175,379,157,222
113900176,465,617,-152
113900177,357,204,153
113900178,435,111,324
113900179,17,368,-351
113900180,156,95,61
113900181,646,143,503
113900182,863,1042,-179
113900183,78,94,-16
113900184,13,590,-577
113900185,170,88,82
113900186,68,45,23
113900187,54,139,-85
113900188,45,177,-132
113900189,310,122,188
113900190,296,122,174
113900191,147,299,-152
113900192,7,612,-605
113900193,26,183,-157
113900194,1834,1108,726
113900195,230,354,-124
113900196,75,253,-178
113900197,97,184,-87
113900198,48,222,-174
113900199,244,739,-495
113900200,27,298,-271
113900201,0,144,-144
113900202,52,305,-253
113900203,0,94,-94
113900204,77,549,-472
113900205,19,195,-176
113900206,4,152,-148
113900207,2,74,-72
113900208,2,71,-69
113900209,1,88,-87
113900210,656,1056,-400
113900211,203,79,124
113900212,179,462,-283
113900214,454,467,-13
113900215,141,138,3
113900216,114,932,-818
113900217,67,211,-144
113900218,201,70,131
113900219,129,488,-359
113900220,173,119,54
113900221,511,288,223
113900222,265,658,-393
113900223,219,906,-687
113900224,60,84,-24
113900225,628,291,337
113900226,448,178,270
113900227,540,238,302
113900228,376,609,-233
113900229,92,1062,-970
113900230,4433,4281,152
113900231,169,187,-18
113900232,161,136,25
113900233,122,89,33
113900234,371,430,-59
113900235,139,42,97
113900236,183,247,-64
113900237,298,22,276
113900238,250,547,-297
113900239,45,100,-55
113900240,14,216,-202
113900241,172,59,113
113900242,45,142,-97
113900243,163,387,-224
113900244,369,199,170
113900245,1351,352,999
113900246,13,41,-28
113900247,207,542,-335
113900248,2636,2028,608
113900249,795,432,363
113900250,69,154,-85
113900251,679,147,532
113900252,613,28,585
113900253,728,93,635
113900254,942,175,767
113900255,526,30,496
113900256,354,40,314
113900257,51,489,-438
113900258,14,390,-376
113900259,592,172,420
113900260,191,8,183
113900261,41,83,-42
113900262,151,515,-364
113900263,233,680,-447
113900264,12,391,-379
113900265,227,334,-107
113900266,48,142,-94
113900267,104,571,-467
113900268,400,503,-103
113900269,77,192,-115
113900270,326,801,-475
113900271,838,1064,-226
113900273,91,24,67
113900274,73,23,50
113900275,50,68,-18
113900276,1,179,-178
113900277,148,4,144
113900278,361,177,184
113900279,83,105,-22
113900280,1605,604,1001
113900281,701,1663,-962
113900282,962,792,170
113900283,449,527,-78
113900284,952,394,558
113900285,173,114,59
113900286,139,116,23
113900287,73,48,25
113900288,5,203,-198
113900289,1034,105,929
113900290,295,274,21
113900291,123,199,-76
113900292,7,7,0
113900293,6,273,-267
113900294,392,17,375
113900295,529,472,57
113900296,2153,494,1659
113900297,2449,68,2381
113900298,13,1656,-1643
113900299,85,100,-15
113900300,5103,3635,1468
113900301,882,418,464
113900302,2229,1097,1132
113900303,505,488,17
113900304,0,105,-105
113900305,116,1,115
113900306,61,1,60
113900307,70,0,70
113900308,118,154,-36
113900309,9,1052,-1043
113900310,0,7,-7
113900311,14,2,12
113900312,190,251,-61
113900313,16,11,5
114000001,1139,2505,-1366
114000002,368,383,-15
114000003,43,297,-254
114000004,387,492,-105
114000005,264,260,4
114000006,2361,2382,-21
114000007,850,1517,-667
114000008,1460,2009,-549
114000009,762,297,465
114000011,2931,2588,343
114000012,2647,1835,812
114000013,1864,1513,351
114000014,471,273,198
114000015,1942,431,1511
114000016,219,363,-144
114000017,166,362,-196
114000018,309,57,252
114000026,1950,1265,685
114000027,3314,2230,1084
114000028,2768,2913,-145
114000038,313,201,112
114000039,100,54,46
114000040,151,236,-85
114000042,200,164,36
114000043,74,119,-45
114000044,266,68,198
114000045,45,65,-20
114000046,3273,5496,-2223
114000047,9,95,-86
114000048,99,58,41
114000049,1511,1632,-121
114000050,1781,2190,-409
114000051,3004,2230,774
114000052,4259,2208,2051
114000053,99,777,-678
114000054,213,1018,-805
114000055,240,72,168
114000056,1463,989,474
114000057,5306,2430,2876
114000058,716,1611,-895
114000059,393,342,51
114000060,589,908,-319
114000061,3142,3271,-129
114000062,2691,1932,759
114000063,2705,1883,822
114000064,6404,3972,2432
114000065,1809,2572,-763
114000066,452,740,-288
114000067,28,897,-869
114000068,522,791,-269
114000069,1089,614,475
114000070,2462,1968,494
114000071,817,648,169
114000072,513,291,222
114000073,11,59,-48
114000074,38,8,30
114000075,49,138,-89
114000076,19,127,-108
114000077,16,36,-20
114000078,421,794,-373
114000079,167,31,136
114000080,82,102,-20
114000081,77,111,-34
114000082,57,451,-394
114000083,73,204,-131
114000084,357,92,265
114000085,116,564,-448
114000086,210,364,-154
114000087,135,188,-53
114000088,32,44,-12
114000089,996,404,592
114000090,1024,1027,-3
114000091,1771,819,952
114000092,1245,539,706
114000093,1509,750,759
114000094,364,370,-6
114000095,276,213,63
114000096,129,412,-283
114000097,123,624,-501
114000098,613,138,475
114000099,688,473,215
114000100,1590,699,891
114000101,476,765,-289
114000102,654,328,326
114000103,182,333,-151
114000104,193,203,-10
114000105,304,101,203
114000106,981,1110,-129
114000107,418,137,281
114000108,1351,1003,348
114000109,594,1044,-450
114000110,635,1396,-761
114000111,1774,764,1010
114000112,529,1710,-1181
114000113,1252,561,691
114000114,1425,1354,71
114000115,2376,1193,1183
114000116,969,750,219
114000117,3449,433,3016
114000118,2773,472,2301
114000119,1724,501,1223
114000120,567,791,-224
114000121,458,779,-321
114000122,376,312,64
114000123,2038,393,1645
114000124,944,275,669
114000125,781,1342,-561
114000126,1812,201,1611
114000127,416,204,212
114000128,876,349,527
114000130,555,489,66
114000131,338,88,250
114000132,640,501,139
114000133,1075,1619,-544
114000134,81,197,-116
114000138,66,258,-192
114000139,574,316,258
114000144,1053,480,573
114000145,92,225,-133
114000146,123,249,-126
114000147,1734,2028,-294
114000148,2059,1988,71
114000149,371,319,52
114000150,592,778,-186
114000151,861,1547,-686
114000152,170,49,121
114000153,888,2724,-1836
114000154,944,711,233
114000155,1475,2376,-901
114000156,870,695,175
114000157,271,1130,-859
114000158,1515,815,700
114000159,179,469,-290
114000160,187,519,-332
114000161,1540,3341,-1801
114000162,1271,3186,-1915
114000163,11,134,-123
114000165,789,338,451
114000166,1052,589,463
114000167,3295,1657,1638
114000168,711,699,12
114000169,1627,1634,-7
114000170,1078,1137,-59
114000171,1500,2080,-580
114000174,249,530,-281
114000176,507,583,-76
114000177,1853,912,941
114000178,51,68,-17
114000179,1138,687,451
114000180,517,734,-217
114000181,1920,3999,-2079
114000182,3520,2597,923
114000183,863,747,116
114000184,656,1159,-503
114000185,1325,952,373
114000189,1064,168,896
114000190,2917,385,2532
114000191,50,105,-55
114000192,237,1432,-1195
114000193,615,2536,-1921
114000194,1295,903,392
114000195,174,34,140
114000196,4,201,-197
114000197,1350,34,1316
114000198,964,383,581
114000199,2266,1832,434
114000200,608,1899,-1291
114000201,187,911,-724
114000202,1046,655,391
114000203,366,614,-248
114000204,217,497,-280
114000205,233,1453,-1220
114000206,673,1294,-621
114000207,600,1788,-1188
114000208,493,2562,-2069
114000209,666,2152,-1486
114000210,268,1190,-922
114000211,921,1554,-633
114000212,758,833,-75
114000213,1429,555,874
114000214,94,243,-149
114000215,217,102,115
114000216,1333,338,995
114000217,374,222,152
114000218,161,230,-69
114000219,1236,250,986
114000220,21,876,-855
114000221,967,164,803
114000222,181,932,-751
114000223,551,148,403
114000224,101,561,-460
114000225,237,538,-301
114000226,237,222,15
114000227,759,502,257
114000228,996,901,95
114000229,1320,1329,-9
114000230,1691,1326,365
114000231,998,1254,-256
114000232,723,170,553
114000233,2240,167,2073
114000234,1279,1029,250
114000235,1189,1278,-89
114000236,1,421,-420
114000237,141,861,-720
114000238,123,195,-72
114000239,237,1114,-877
114000240,902,887,15
114000241,278,908,-630
114000242,1015,738,277
114000243,1763,986,777
114000244,709,417,292
114000245,382,691,-309
114000246,119,38,81
114000247,656,736,-80
114000248,1387,565,822
114000249,450,432,18
114000250,525,723,-198
114000251,473,205,268
114000252,86,77,9
114000253,163,189,-26
114000254,57,95,-38
114000255,614,236,378
114000256,1716,2399,-683
114000257,387,1380,-993
114000258,216,410,-194
114000259,100,208,-108
114000260,0,30,-30
114000261,55,36,19
114000262,456,139,317
114000263,12,2,10
114000264,1146,663,483
114000265,0,11,-11
114000267,3,1562,-1559
114000268,4,1270,-1266
114000270,137,3,134
114000271,341,98,243
114000283,1066,502,564
114000285,36,163,-127
114000288,74,312,-238
114000289,1332,142,1190
114000293,262,471,-209
114000294,255,288,-33
114000395,1384,46,1338
114000396,626,547,79
114000402,595,261,334
114000403,324,417,-93
114000405,158,436,-278
114000423,366,413,-47
114000424,488,254,234
114000425,686,390,296
114000426,422,870,-448
114000427,60,90,-30
114000428,163,208,-45
114000429,13,218,-205
114000432,138,147,-9
114000434,30,93,-63
114000435,2,156,-154
114000436,2748,860,1888
114000437,394,2787,-2393
114900001,740,921,-181
114900002,698,151,547
114900003,658,1332,-674
114900004,242,466,-224
114900005,619,736,-117
114900006,92,103,-11
114900007,482,24,458
114900008,193,93,100
114900010,1795,1819,-24
114900011,265,160,105
114900013,309,151,158
114900015,112,481,-369
114900018,761,27,734
114900020,217,92,125
114900022,25,671,-646
114900024,326,162,164
114900025,524,228,296
114900026,61,176,-115
114900027,282,263,19
114900029,22,30,-8
114900030,312,216,96
114900031,396,27,369
114900032,484,35,449
114900033,1071,902,169
114900034,70,227,-157
114900035,147,349,-202
114900036,218,633,-415
114900037,146,191,-45
114900038,178,668,-490
114900039,533,563,-30
114900040,95,132,-37
114900041,753,469,284
114900042,923,665,258
114900043,691,258,433
114900044,160,64,96
114900046,84,129,-45
114900047,248,2006,-1758
114900048,123,282,-159
114900049,10,172,-162
114900050,37,431,-394
114900051,35,370,-335
114900052,104,349,-245
114900053,108,305,-197
114900054,42,140,-98
114900057,271,19,252
114900058,0,78,-78
114900059,105,48,57
114900060,1174,922,252
114900061,140,160,-20
114900062,294,428,-134
114900063,73,184,-111
114900064,1669,524,1145
114900065,444,677,-233
114900067,59,482,-423
114900068,82,161,-79
114900069,205,125,80
114900070,516,449,67
114900072,8,350,-342
114900073,1,150,-149
114900074,762,573,189
114900075,360,11,349
114900076,14,381,-367
114900080,1884,381,1503
114900082,3468,2323,1145
114900083,1143,1254,-111
114900090,341,197,144
114900091,174,164,10
114900095,345,136,209
114900096,465,772,-307
114900097,136,3,133
114900098,3,196,-193
114900099,280,10,270
115000001,5661,3822,1839
115000002,4084,4053,31
115000003,4769,3460,1309
115000004,4440,6268,-1828
115000005,1508,2197,-689
115000006,1017,1734,-717
115000007,124,187,-63
115000008,393,476,-83
115000009,194,233,-39
115000010,249,227,22
115000013,97,168,-71
115000015,82,263,-181
115000016,299,377,-78
115000019,34,454,-420
115000020,137,785,-648
115000021,248,387,-139
115000022,572,467,105
115000023,478,791,-313
115000024,1178,555,623
115000025,941,871,70
115000026,181,447,-266
115000027,291,301,-10
115000028,273,848,-575
115000029,627,159,468
115000030,1052,1325,-273
115000031,1577,497,1080
115000032,10,254,-244
115000033,176,41,135
115000034,85,1246,-1161
115000035,1451,87,1364
115000036,1,627,-626
115000037,886,16,870
115000038,70,196,-126
115000039,3687,3911,-224
115000040,6230,3187,3043
115000041,1135,3493,-2358
115000042,860,708,152
115000043,4159,2443,1716
115000044,3590,3903,-313
115000045,2814,1634,1180
115000046,2680,2486,194
115000047,2567,1508,1059
115000048,1552,2188,-636
115000049,1641,3184,-1543
115000050,3457,1856,1601
115000051,1858,3019,-1161
115000052,2023,1794,229
115000053,1855,1845,10
115000054,739,1206,-467
115000055,186,753,-567
115000056,242,629,-387
115000057,628,1058,-430
115000058,530,295,235
115000059,281,119,162
115000061,158,169,-11
115000062,213,297,-84
115000063,373,255,118
115000064,205,150,55
115000065,53,430,-377
115000067,203,18,185
115000069,102,376,-274
115000070,33,972,-939
115000071,154,24,130
115000072,3,68,-65
115000073,1459,84,1375
115000075,125,79,46
115000076,3274,3005,269
115000077,2141,2417,-276
115000078,1565,1285,280
115000079,1381,1663,-282
115000080,2601,2166,435
115000081,480,1026,-546
115000082,4192,3797,395
115000083,2191,2188,3
115000084,2703,1166,1537
115000085,876,922,-46
115000086,1424,832,592
115000087,537,1556,-1019
115000088,2090,759,1331
115000089,1548,1318,230
115000090,558,798,-240
115000091,277,872,-595
115000092,627,310,317
115000093,556,3,553
115000094,6594,5900,694
115000095,4818,5957,-1139
115000096,895,1482,-587
115000097,1149,845,304
115000098,1149,763,386
115000099,2848,2641,207
115000100,1190,427,763
115000101,441,1390,-949
115000102,537,221,316
115000103,346,648,-302
115000105,68,138,-70
115000106,725,351,374
115000107,269,417,-148
115000108,3197,2261,936
115000109,4194,4814,-620
115000110,1724,1754,-30
115000111,789,1738,-949
115000112,1203,817,386
115000113,1026,1067,-41
115000114,1883,931,952
115000116,4439,2757,1682
115000117,3882,3477,405
115000118,2276,2026,250
115000119,1891,2732,-841
115000120,629,1427,-798
115000121,1541,1342,199
115000122,4735,2197,2538
115000123,1989,2963,-974
115000124,846,947,-101
115000125,566,706,-140
115000126,181,350,-169
115000127,433,148,285
115000128,516,879,-363
115000129,297,313,-16
115000130,499,869,-370
115000131,788,274,514
115000132,355,381,-26
115000133,530,277,253
115000134,425,299,126
115000135,362,215,147
115000136,361,280,81
115000137,224,208,16
115000138,418,263,155
115000139,262,234,28
115000140,370,210,160
115000141,217,229,-12
115000142,227,241,-14
115000143,787,680,107
115000144,582,77,505
115000145,287,319,-32
115000146,479,428,51
115000147,416,440,-24
115000148,355,1065,-710
115000149,609,294,315
115000150,835,837,-2
115000151,1127,596,531
115000152,816,1149,-333
115000153,1164,681,483
115000154,900,362,538
115000155,636,1006,-370
115000156,1206,855,351
115000157,763,922,-159
115000158,741,497,244
115000159,819,860,-41
115000160,702,680,22
115000161,557,540,17
115000162,732,828,-96
115000163,598,747,-149
115000164,739,617,122
115000165,399,619,-220
115000167,148,118,30
115000168,686,385,301
115000169,607,411,196
115000170,175,183,-8
115000171,364,267,97
115000172,1423,765,658
115000173,475,655,-180
115000174,328,460,-132
115000175,258,332,-74
115000176,222,246,-24
115000177,218,298,-80
115000178,17,242,-225
115000179,35,80,-45
115000180,151,608,-457
115000181,776,162,614
115000182,979,323,656
115000183,451,787,-336
115000186,760,289,471
115000187,256,811,-555
115000188,459,617,-158
115000189,251,499,-248
115000190,813,454,359
115000191,237,576,-339
115000194,153,223,-70
115000195,408,349,59
115000196,236,118,118
115000197,286,275,11
115000198,385,221,164
115000199,342,168,174
115000200,416,146,270
115000201,147,396,-249
115000206,466,76,390
115000207,156,333,-177
115000208,482,628,-146
115000209,659,325,334
115000210,164,117,47
115000211,343,278,65
115000212,1367,406,961
115000224,481,63,418
115000225,60,91,-31
115000229,245,165,80
115000230,129,532,-403
115000231,293,1518,-1225
115000232,1777,271,1506
115000233,147,202,-55
115000234,31,277,-246
115000241,139,265,-126
115000242,121,289,-168
115000243,51,214,-163
115000244,17,97,-80
115000246,36,24,12
115000247,46,28,18
115000248,24,28,-4
115000249,55,17,38
115000250,270,38,232
115000251,312,138,174
115000252,134,238,-104
115000253,25,498,-473
115000258,399,147,252
115000259,341,192,149
115000261,27,24,3
115000262,18,33,-15
115000263,14,45,-31
115000264,33,31,2
115000267,103,67,36
115000268,43,107,-64
115000269,143,62,81
115000270,9,31,-22
115000272,59,155,-96
115000273,451,33,418
115000280,3012,287,2725
115000281,884,820,64
115000282,1600,1126,474
115000284,321,251,70
115000296,1197,23,1174
115000297,202,178,24
115000298,78,489,-411
115000300,219,167,52
115000302,527,205,322
115000303,790,160,630
115000304,896,80,816
115000305,130,702,-572
115000306,255,330,-75
115000307,122,200,-78
115000308,29,40,-11
115000309,13,43,-30
115000310,1094,848,246
115000311,1042,1209,-167
115000313,110,606,-496
115000314,517,158,359
115000315,799,432,367
115000316,67,158,-91
115000317,228,558,-330
115000318,808,360,448
115000319,66,304,-238
115000320,17,394,-377
115000321,443,6,437
115000322,48,211,-163
115000449,285,222,63
115000557,28,1096,-1068
115000558,404,146,258
115000587,538,410,128
115000588,2071,2722,-651
115000589,3402,2490,912
115000590,1180,1400,-220
115000591,1748,820,928
115000592,704,1798,-1094
115000593,1524,666,858
115000594,979,2360,-1381
115000609,132,141,-9
115000617,2230,3905,-1675
115000624,390,51,339
115000633,564,2086,-1522
115000634,2878,1039,1839
115000635,517,165,352
115000638,800,688,112
115000641,66,104,-38
115000642,357,295,62
115000643,113,538,-425
115000644,168,480,-312
115000646,996,1929,-933
115000647,225,565,-340
115000648,1982,1908,74
115000893,2874,1475,1399
115000894,178,986,-808
115000895,272,728,-456
115000896,1051,329,722
115000897,559,136,423
115000898,1074,283,791
115000899,449,1019,-570
115000900,145,326,-181
115000901,61,145,-84
115000912,436,132,304
115000913,3,25,-22
115000915,26,0,26
115000916,8,0,8
115000917,0,10,-10
115000918,167,742,-575
115000919,11,24,-13
115000920,17,55,-38
115000921,798,149,649
115000922,807,733,74
115000923,316,863,-547
115000925,101,108,-7
115000927,39,59,-20
115000933,162,176,-14
115000934,127,197,-70
115000935,160,87,73
115900001,124,38,86
115900002,91,144,-53
115900003,224,120,104
115900004,7,37,-30
115900005,160,16,144
115900006,137,267,-130
115900008,67,7,60
115900009,72,268,-196
115900010,385,160,225
115900011,685,311,374
115900012,197,60,137
115900013,452,170,282
115900014,200,146,54
115900015,146,55,91
115900016,107,36,71
115900017,32,8,24
115900018,183,54,129
115900019,914,24,890
115900020,67,1,66
115900021,1227,196,1031
115900022,849,21,828
115900023,33,10,23
115900025,48,234,-186
115900026,901,251,650
115900027,0,327,-327
115900028,691,51,640
115900029,11,319,-308
115900030,37,37,0
115900031,345,364,-19
115900032,555,707,-152
115900033,2,71,-69
115900034,58,311,-253
115900035,49,23,26
115900036,40,697,-657
115900037,88,330,-242
115900038,47,17,30
115900039,164,222,-58
115900041,420,567,-147
115900042,47,7,40
115900043,105,84,21
115900044,187,310,-123
115900046,328,226,102
115900047,201,177,24
115900049,171,228,-57
115900051,0,34,-34
115900052,20,239,-219
115900053,203,220,-17
115900054,252,45,207
115900055,31,116,-85
115900056,258,299,-41
115900057,69,14,55
115900058,43,57,-14
115900060,124,207,-83
115900061,227,1,226
115900062,24,260,-236
115900063,95,11,84
115900064,204,215,-11
115900065,163,150,13
115900066,168,138,30
115900067,7,515,-508
115900068,2706,891,1815
115900069,60,181,-121
115900070,183,164,19
115900071,1,499,-498
115900072,44,178,-134
115900073,88,83,5
115900074,1,273,-272
115900075,55,294,-239
115900076,2,54,-52
115900077,5,186,-181
115900078,67,146,-79
115900079,204,14,190
115900080,469,236,233
115900081,22,69,-47
115900082,129,146,-17
115900084,482,29,453
115900085,44,71,-27
115900086,1510,618,892
115900088,14,88,-74
115900089,423,662,-239
115900090,360,13,347
115900091,22,27,-5
115900092,12,137,-125
115900093,7,15,-8
115900094,2,289,-287
115900096,6,10,-4
115900097,18,326,-308
115900098,165,282,-117
115900099,112,76,36
115900100,13,432,-419
115900101,117,249,-132
115900102,112,61,51
115900103,376,176,200
115900104,55,97,-42
115900105,299,640,-341
115900106,97,34,63
115900107,105,96,9
115900108,154,43,111
115900109,65,393,-328
115900110,7,15,-8
115900111,5,106,-101
115900112,40,861,-821
115900113,69,24,45
115900114,9,150,-141
115900115,77,236,-159
115900116,97,861,-764
115900117,70,26,44
115900118,1,220,-219
115900119,137,145,-8
115900120,33,297,-264
115900121,210,183,27
115900124,283,624,-341
115900125,360,71,289
115900126,712,74,638
115900127,744,63,681
115900128,22,265,-243
115900129,801,61,740
115900130,24,223,-199
115900131,270,32,238
115900132,529,11,518
115900134,313,16,297
115900135,529,1385,-856
115900137,43,6,37
115900139,64,82,-18
115900140,247,26,221
115900141,14,53,-39
115900142,13,36,-23
115900143,233,401,-168
115900144,88,244,-156
115900146,21,73,-52
115900147,230,301,-71
115900148,87,13,74
115900149,111,19,92
115900150,85,25,60
115900151,20,132,-112
115900152,118,297,-179
115900153,132,230,-98
115900154,534,365,169
115900155,3,64,-61
115900156,827,904,-77
115900157,152,414,-262
115900158,19,7,12
115900159,131,221,-90
115900160,17,14,3
115900161,70,244,-174
115900163,245,169,76
115900164,588,68,520
115900165,3,129,-126
115900166,213,187,26
115900168,95,161,-66
115900171,101,445,-344
115900172,54,138,-84
115900173,196,204,-8
115900174,267,244,23
115900175,180,238,-58
115900178,3,475,-472
115900179,308,9,299
115900180,51,163,-112
115900181,172,157,15
115900182,405,173,232
115900183,61,74,-13
115900184,1777,22,1755
115900187,16,105,-89
115900189,14,346,-332
115900190,405,1377,-972
115900191,35,286,-251
115900192,8,109,-101
115900193,283,106,177
115900194,744,65,679
115900195,587,2052,-1465
115900198,212,311,-99
115900199,219,239,-20
115900200,262,327,-65
115900201,563,352,211
115900202,16,56,-40
115900203,4,13,-9
115900204,3,15,-12
115900205,85,29,56
115900206,217,168,49
115900207,36,44,-8
115900208,142,132,10
115900209,6,117,-111
115900210,4,140,-136
115900211,1,228,-227
115900212,171,262,-91
115900213,245,81,164
115900214,478,223,255
115900215,25,140,-115
115900216,4,130,-126
115900217,6,43,-37
115900218,22,50,-28
115900219,76,2,74
115900220,161,20,141
115900221,103,16,87
115900222,44,27,17
115900223,11,380,-369
115900224,981,984,-3
115900225,55,69,-14
115900226,26,50,-24
115900227,10,51,-41
115900228,5,54,-49
115900229,9,52,-43
115900230,37,119,-82
115900231,130,7,123
115900232,33,4,29
115900233,84,25,59
115900234,48,42,6
115900235,16,54,-38
115900236,30,44,-14
115900237,26,56,-30
115900238,33,19,14
115900239,36,60,-24
115900240,20,59,-39
115900241,213,126,87
115900242,310,369,-59
115900243,9,16,-7
115900244,39,31,8
115900245,35,5,30
115900246,8,10,-2
115900247,40,7,33
115900248,20,5,15
115900249,9,31,-22
115900250,7,40,-33
115900251,0,16,-16
115900252,1,4,-3
115900253,10,19,-9
115900254,14,19,-5
115900255,10,10,0
115900256,17,22,-5
115900257,20,16,4
115900258,1,0,1
115900259,5,6,-1
115900260,16,3,13
115900261,8,3,5
115900262,4,1,3
115900263,12,3,9
115900264,37,3,34
115900265,9,12,-3
115900266,2,25,-23
115900267,6,13,-7
115900268,8,17,-9
115900269,433,438,-5
115900270,453,403,50
115900271,69,0,69
115900272,30,0,30
115900273,18,15,3
115900274,1,11,-10
115900275,0,15,-15
115900276,0,22,-22
115900277,0,38,-38
115900278,50,83,-33
115900279,30,186,-156
115900280,15,489,-474
115900281,213,163,50
116000001,11605,4892,6713
116000002,5808,11574,-5766
116000003,1704,1734,-30
116000004,2766,4077,-1311
116000005,2827,3424,-597
116000006,2944,2722,222
116000007,3400,3738,-338
116000008,5283,2725,2558
116000009,1789,2412,-623
116000010,2607,1843,764
116000011,909,1998,-1089
116000012,1553,1225,328
116000013,8556,4338,4218
116000014,11431,11550,-119
116000015,378,1398,-1020
116000016,6448,3799,2649
116000017,39,863,-824
116000018,884,393,491
116000019,874,356,518
116000020,864,1167,-303
116000021,459,303,156
116000022,441,410,31
116000023,1145,819,326
116000024,854,967,-113
116000025,911,882,29
116000026,1877,3190,-1313
116000027,930,731,199
116000028,521,911,-390
116000029,744,804,-60
116000030,885,504,381
116000031,283,388,-105
116000032,424,211,213
116000033,353,419,-66
116000034,732,798,-66
116000035,378,809,-431
116000036,1976,1404,572
116000037,728,645,83
116000038,625,561,64
116000039,843,523,320
116000040,1025,404,621
116000041,261,552,-291
116000042,673,302,371
116000043,100,782,-682
116000044,4,76,-72
116000045,2027,1320,707
116000046,1416,2097,-681
116000047,1988,2189,-201
116000048,2004,1854,150
116000049,1445,3354,-1909
116000050,1523,1320,203
116000051,6686,3174,3512
116000052,6133,5665,468
116000053,2133,919,1214
116000054,850,3161,-2311
116000055,693,1046,-353
116000056,811,1051,-240
116000057,3349,1927,1422
116000058,4113,3255,858
116000059,4145,5430,-1285
116000060,2393,1062,1331
116000061,395,900,-505
116000062,599,263,336
116000063,641,1118,-477
116000066,261,666,-405
116000067,252,532,-280
116000068,262,336,-74
116000069,354,464,-110
116000078,679,1264,-585
116000080,2013,1007,1006
116000082,6,62,-56
116000083,1743,434,1309
116000084,2300,3849,-1549
116000085,2569,2144,425
116000086,1905,998,907
116000087,1979,1772,207
116000088,815,1252,-437
116000089,169,136,33
116000090,103,149,-46
116000091,717,229,488
116000093,1215,584,631
116000094,775,738,37
116000095,985,788,197
116000096,803,1460,-657
116000097,1262,804,458
116000098,59,6400,-6341
116000099,6846,248,6598
116000100,262,30,232
116000101,968,830,138
116000102,255,1321,-1066
116000103,519,278,241
116000104,234,1392,-1158
116000105,1158,183,975
116000106,431,943,-512
116000107,2441,372,2069
116000108,316,200,116
116000111,184,56,128
116000113,172,127,45
116000114,49,195,-146
116000115,441,138,303
116000116,297,616,-319
116000117,1701,2036,-335
116000118,1651,1325,326
116000119,3748,2007,1741
116000120,3093,4303,-1210
116000121,1035,653,382
116000122,1325,1846,-521
116000123,1323,490,833
116000124,457,1118,-661
116000125,3361,797,2564
116000126,373,1483,-1110
116000127,993,1203,-210
116000128,1891,968,923
116000129,1434,269,1165
116000130,672,519,153
116000133,1236,845,391
116000134,1925,2253,-328
116000135,2755,1586,1169
116000136,1115,2166,-1051
116000137,1294,831,463
116000138,1238,864,374
116000139,1818,2502,-684
116000140,155,200,-45
116000141,367,708,-341
116000142,3314,2670,644
116000143,1692,1710,-18
116000144,1416,1869,-453
116000145,1835,1232,603
116000146,525,261,264
116000147,192,151,41
116000148,568,531,37
116000149,866,821,45
116000151,429,612,-183
116000153,158,413,-255
116000155,230,286,-56
116000156,1074,1275,-201
116000157,96,21,75
116000158,397,354,43
116000159,23,25,-2
116000160,16,76,-60
116000161,10,138,-128
116000162,132,125,7
116000163,32,12,20
116000164,19,30,-11
116000177,282,116,166
116000194,98,489,-391
116000195,1428,568,860
116000196,18,9,9
116000197,7,9,-2
116000198,2661,1244,1417
116000200,792,564,228
116000201,749,716,33
116000202,7,283,-276
116000203,1,130,-129
116000204,20,75,-55
116000205,1,146,-145
116000206,1,100,-99
116000207,10,46,-36
116000233,209,505,-296
116000287,172,455,-283
116000288,302,247,55
116000292,95,144,-49
116000296,20,339,-319
116000297,106,15,91
116000304,183,22,161
116000305,18,72,-54
116000346,228,154,74
116000352,110,61,49
116000354,47,21,26
116000357,10,41,-31
116000358,430,69,361
116000361,116,28,88
116000372,5131,4275,856
116000381,80,4,76
116000388,2,45,-43
116000389,1021,631,390
116000445,524,504,20
116000446,694,611,83
116000447,27,577,-550
116000448,584,216,368
116000563,1286,1128,158
116000565,62,449,-387
116000568,67,399,-332
116000579,35,172,-137
116000584,19,4,15
116000585,41,19,22
116000586,90,214,-124
116000587,583,887,-304
116000589,69,58,11
116000590,100,65,35
116000591,291,270,21
116000592,15,115,-100
116000593,2,28,-26
116000594,594,498,96
116000595,639,163,476
116000596,90,3,87
116000597,436,125,311
116000598,23,184,-161
116000602,84,468,-384
116000605,259,155,104
116000606,94,268,-174
116000607,10,77,-67
116000609,190,789,-599
116000611,175,559,-384
116000612,731,1795,-1064
116000613,795,338,457
116000614,458,597,-139
116000615,3,395,-392
116000616,64,84,-20
116000617,80,30,50
116000618,2,65,-63
116000619,66,99,-33
116000620,137,89,48
116000621,68,112,-44
116000622,53,138,-85
116000624,199,152,47
116000627,14,27,-13
116000628,39,193,-154
116000629,21,257,-236
116000630,369,35,334
116000631,138,30,108
116000632,478,182,296
116000633,56,415,-359
116000634,491,13,478
116000635,1930,1865,65
116900001,302,188,114
116900002,233,3,230
116900003,37,56,-19
116900004,57,60,-3
116900005,320,101,219
116900006,323,424,-101
116900007,123,231,-108
116900008,452,305,147
116900009,36,14,22
116900010,1,1304,-1303
116900011,16,39,-23
116900012,222,248,-26
116900013,1,191,-190
116900014,115,213,-98
116900015,427,65,362
116900016,227,5,222
116900017,6,556,-550
116900018,91,52,39
116900019,7,311,-304
116900020,979,988,-9
116900023,77,21,56
116900024,634,49,585
116900025,1204,1069,135
116900026,150,595,-445
116900027,23,64,-41
116900028,4,116,-112
116900029,0,40,-40
116900031,5,8,-3
116900032,7,369,-362
116900033,18,14,4
116900034,28,72,-44
116900035,192,185,7
116900036,7,96,-89
116900038,77,1,76
116900041,93,20,73
116900042,561,265,296
116900043,30,59,-29
116900045,277,104,173
116900047,40,150,-110
116900049,41,375,-334
116900050,130,463,-333
116900051,156,230,-74
116900052,203,77,126
116900055,3,16,-13
116900057,17,246,-229
116900058,75,383,-308
116900059,2,169,-167
116900060,235,209,26
116900062,3,7,-4
116900064,73,609,-536
116900065,44,123,-79
116900067,144,82,62
116900068,129,221,-92
116900070,1,3,-2
116900072,24,305,-281
116900073,17,137,-120
116900074,5,56,-51
116900076,7,31,-24
116900077,2,136,-134
116900078,234,101,133
116900079,76,215,-139
116900080,23,30,-7
116900081,437,1288,-851
116900082,491,1069,-578
116900083,39,40,-1
116900084,129,48,81
116900085,72,171,-99
116900086,74,208,-134
116900088,430,127,303
116900090,127,41,86
116900091,301,45,256
116900092,97,638,-541
116900093,1693,2149,-456
116900094,4364,3648,716
116900095,261,116,145
116900096,188,422,-234
116900097,2805,3015,-210
116900098,929,398,531
116900099,869,829,40
116900100,928,65,863
116900101,370,498,-128
116900103,4,1,3
116900104,83,89,-6
116900105,288,147,141
116900106,1877,215,1662
116900107,3825,2820,1005
116900110,8,0,8
116900111,502,684,-182
116900112,327,916,-589
116900113,1944,1176,768
116900116,129,672,-543
116900117,138,138,0
116900118,683,861,-178
116900120,419,88,331
116900121,187,25,162
116900122,998,806,192
116900123,230,833,-603
116900124,207,899,-692
116900125,412,287,125
116900126,153,612,-459
116900128,0,37,-37
116900129,6,303,-297
116900130,680,3624,-2944
116900131,95,344,-249
116900132,57,111,-54
116900133,168,151,17
116900134,233,274,-41
116900136,230,255,-25
116900137,322,162,160
116900138,250,200,50
116900139,191,481,-290
116900140,234,171,63
116900141,931,486,445
116900142,4,66,-62
116900143,362,401,-39
116900144,31,125,-94
116900145,138,233,-95
116900147,633,476,157
116900148,5,36,-31
116900149,53,267,-214
116900150,18,13,5
116900151,28,10,18
116900153,141,100,41
116900154,641,665,-24
116900155,113,103,10
116900157,591,270,321
116900158,126,327,-201
116900159,59,314,-255
116900160,885,958,-73
116900161,5963,6477,-514
116900162,8,101,-93
116900163,223,148,75
116900164,139,90,49
116900165,252,426,-174
116900166,36,74,-38
116900167,424,78,346
116900168,300,72,228
116900169,622,584,38
116900170,326,648,-322
116900171,56,183,-127
116900172,218,369,-151
116900173,217,27,190
116900174,74,51,23
116900175,253,209,44
116900178,40,155,-115
116900179,122,310,-188
116900180,130,23,107
116900182,484,261,223
116900183,141,108,33
116900185,41,62,-21
116900186,87,281,-194
116900187,95,51,44
116900188,173,33,140
116900189,139,0,139
116900191,490,679,-189
116900192,345,120,225
116900194,194,1382,-1188
116900195,41,34,7
116900196,7,73,-66
116900197,140,13,127
116900198,198,265,-67
116900200,61,23,38
116900201,128,7,121
116900202,167,59,108
116900203,181,19,162
116900204,49,89,-40
116900206,7,12,-5
116900207,25,29,-4
116900208,5,120,-115
116900209,51,104,-53
116900210,645,350,295
116900211,238,10,228
116900212,69,58,11
116900213,238,141,97
116900214,235,157,78
116900215,98,85,13
116900216,173,235,-62
116900218,14,248,-234
116900219,1416,383,1033
116900220,117,306,-189
116900221,112,415,-303
116900222,477,481,-4
116900223,151,369,-218
116900226,112,87,25
116900227,165,105,60
116900228,280,238,42
116900230,71,256,-185
116900231,26,325,-299
116900232,13,341,-328
116900233,307,78,229
116900234,38,17,21
116900235,158,342,-184
116900238,1653,351,1302
116900239,56,1560,-1504
116900240,5491,2971,2520
116900241,105,239,-134
116900242,311,643,-332
116900243,6,84,-78
116900245,36,19,17
116900246,137,26,111
116900247,783,34,749
116900248,73,40,33
116900249,460,181,279
116900250,567,50,517
116900251,448,564,-116
116900252,136,824,-688
116900253,137,77,60
116900254,30,83,-53
116900255,90,89,1
116900256,472,146,326
116900257,29,451,-422
116900258,12,224,-212
116900259,265,27,238
116900260,4,125,-121
116900261,78,7,71
116900262,247,171,76
116900263,1,12,-11
116900264,1,3,-2
116900265,18,2,16
116900266,17,74,-57
116900267,4,4,0
116900268,352,253,99
116900269,332,706,-374
116900271,1951,223,1728
116900272,392,274,118
116900273,201,75,126
116900274,78,70,8
116900275,163,109,54
116900276,654,142,512
116900277,528,51,477
116900278,14,7,7
116900279,4,27,-23
116900280,53,27,26
116900281,5742,4269,1473
116900282,9,144,-135
116900283,27,102,-75
116900284,39,219,-180
116900285,239,197,42
116900286,177,23,154
116900287,8,41,-33
116900288,100,136,-36
116900289,8,9,-1
116900290,5,25,-20
116900291,25,6,19
116900292,0,9,-9
116900293,55,55,0
116900294,21,140,-119
116900295,126,50,76
116900296,26,37,-11
116900297,3,71,-68
116900298,55,26,29
116900299,27,47,-20
116900300,21,48,-27
116900301,56,61,-5
116900302,16,87,-71
116900303,274,123,151
116900304,0,169,-169
116900305,14,46,-32
116900306,135,75,60
117000001,2283,1857,426
117000002,2208,4155,-1947
117000003,6991,3835,3156
117000004,3929,5040,-1111
117000005,2310,2153,157
117000006,1198,3095,-1897
117000007,3949,1229,2720
117000008,1028,3328,-2300
117000009,5311,2161,3150
117000010,2765,4051,-1286
117000011,2243,1807,436
117000012,1269,1324,-55
117000013,1831,860,971
117000014,1173,2206,-1033
117000015,2946,1533,1413
117000016,387,113,274
117000017,211,118,93
117000018,174,648,-474
117000019,84,3,81
117000020,559,1610,-1051
117000021,1805,364,1441
117000022,382,136,246
117000023,266,163,103
117000024,237,216,21
117000025,505,1133,-628
117000026,1981,1358,623
117000027,2919,6016,-3097
117000028,4383,2330,2053
117000030,593,631,-38
117000031,352,268,84
117000032,1551,1247,304
117000033,1531,1206,325
117000034,378,350,28
117000035,369,282,87
117000036,343,338,5
117000037,328,207,121
117000038,223,614,-391
117000039,381,216,165
117000040,194,982,-788
117000041,1125,176,949
117000044,8,672,-664
117000045,422,101,321
117000046,395,663,-268
117000047,777,684,93
117000048,1986,967,1019
117000049,169,838,-669
117000050,131,1705,-1574
117000051,2302,131,2171
117000052,68,330,-262
117000053,667,61,606
117000054,1868,14,1854
117000055,20,2948,-2928
117000056,862,40,822
117000057,575,2336,-1761
117000060,670,1573,-903
117000061,1906,1155,751
117000062,324,696,-372
117000063,1934,1193,741
117000064,774,798,-24
117000066,1241,957,284
117000067,173,673,-500
117000074,176,184,-8
117000076,86,53,33
117000077,172,206,-34
117000078,174,794,-620
117000079,496,218,278
117000080,4,357,-353
117000081,1292,145,1147
117000082,15,110,-95
117000083,111,19,92
117000084,244,3,241
117000085,316,733,-417
117000086,863,559,304
117000087,116,469,-353
117000088,247,222,25
117000089,1740,281,1459
117000090,355,1129,-774
117000091,1007,326,681
117000092,430,1210,-780
117000093,1148,763,385
117000094,1342,2941,-1599
117000095,3833,973,2860
117000096,718,2287,-1569
117000097,1470,1175,295
117000098,2704,4418,-1714
117000099,3863,1291,2572
117000100,236,408,-172
117000101,233,1267,-1034
117000102,1818,662,1156
117000103,711,1495,-784
117000104,1486,653,833
117000105,955,1519,-564
117000106,1333,856,477
117000107,581,1734,-1153
117000108,1765,915,850
117000109,1555,2402,-847
117000110,1650,1077,573
117000111,3813,4207,-394
117000112,3581,1706,1875
117000113,154,291,-137
117000114,304,165,139
117000115,95,120,-25
117000116,145,296,-151
117000117,1801,1231,570
117000118,250,131,119
117000119,210,227,-17
117000120,192,580,-388
117000121,171,1253,-1082
117000122,278,567,-289
117000123,1821,55,1766
117000124,800,93,707
117000125,359,158,201
117000126,46,21,25
117000127,174,376,-202
117000128,412,850,-438
117000129,236,102,134
117000130,64,1,63
117000131,1,72,-71
117000132,3065,25,3040
117000133,1683,108,1575
117000134,1,64,-63
117000135,5,47,-42
117000136,2,36,-34
117000137,137,164,-27
117000138,4,872,-868
117000140,449,1463,-1014
117000141,1900,557,1343
117000181,762,327,435
117000182,390,602,-212
117000195,195,1121,-926
117000196,310,136,174
117000225,87,23,64
117000226,8,98,-90
117000276,330,24,306
117000277,1,333,-332
117000310,1561,2113,-552
117000315,59,571,-512
117000320,58,1,57
117000906,319,18,301
117000907,22,357,-335
117000908,36,33,3
117000909,32,43,-11
117000910,241,216,25
117000911,130,281,-151
117000915,12,490,-478
117000916,39,3,36
117000917,1422,26,1396
117000918,103,82,21
117000919,17,83,-66
117000920,2,1342,-1340
117000921,2,1190,-1188
117000922,28,136,-108
117000924,639,779,-140
117000926,963,111,852
117000927,2316,1485,831
117000928,0,134,-134
117000929,222,259,-37
117000930,186,17,169
117000931,537,220,317
117900002,110,433,-323
117900003,898,530,368
117900005,5,41,-36
117900006,0,69,-69
117900007,162,117,45
117900008,1,42,-41
117900010,218,80,138
117900011,41,108,-67
117900012,63,130,-67
117900013,2,174,-172
117900014,321,96,225
117900015,13,69,-56
117900016,1456,1044,412
117900017,484,269,215
117900018,172,114,58
117900019,446,252,194
117900020,59,525,-466
117900021,33,67,-34
117900022,45,17,28
117900023,823,140,683
117900024,66,51,15
117900025,45,23,22
117900026,420,274,146
117900028,33,7,26
117900029,299,625,-326
117900030,593,264,329
117900031,179,117,62
117900032,1119,553,566
117900033,295,596,-301
117900034,36,22,14
117900035,229,113,116
117900036,276,404,-128
117900037,201,144,57
117900038,37,338,-301
117900039,7,75,-68
117900040,185,456,-271
117900041,7,60,-53
117900042,4347,483,3864
117900043,36,65,-29
117900044,51,2813,-2762
117900045,233,158,75
117900048,385,274,111
117900049,215,444,-229
117900050,15,55,-40
117900051,25,3,22
117900052,81,419,-338
117900053,1639,693,946
117900054,0,31,-31
117900055,251,153,98
117900056,371,28,343
117900057,1281,1156,125
117900058,63,20,43
117900059,287,120,167
117900060,2498,4968,-2470
117900061,29,181,-152
117900063,405,180,225
117900065,664,1322,-658
117900066,8,114,-106
117900067,478,220,258
117900069,666,328,338
117900070,184,50,134
117900071,88,129,-41
117900073,455,282,173
117900074,113,51,62
117900075,92,68,24
117900076,11,61,-50
117900077,584,191,393
117900078,388,859,-471
117900080,128,56,72
117900081,599,463,136
117900082,446,352,94
117900083,415,396,19
117900086,170,26,144
117900087,295,77,218
117900088,3552,2233,1319
117900089,2517,906,1611
117900090,394,432,-38
117900091,275,181,94
117900092,65,35,30
117900093,117,91,26
117900094,31,29,2
117900095,269,248,21
117900096,127,275,-148
117900097,388,165,223
117900098,41,9,32
117900099,141,242,-101
117900100,272,3,269
117900101,474,1944,-1470
117900102,76,65,11
117900103,138,1,137
117900104,11,139,-128
117900105,151,294,-143
117900106,139,91,48
117900107,36,0,36
117900109,688,440,248
117900110,122,2,120
117900111,318,28,290
117900112,68,29,39
117900113,3123,1881,1242
117900114,26,0,26
117900115,303,71,232
117900116,1111,912,199
117900117,734,437,297
117900118,80,1,79
117900119,212,214,-2
117900120,224,74,150
117900121,275,75,200
117900122,1739,4194,-2455
117900123,642,398,244
117900124,853,755,98
117900125,2065,2072,-7
117900126,267,618,-351
117900127,546,613,-67
117900128,373,767,-394
117900129,93,0,93
117900130,1364,409,955
117900131,9,163,-154
117900132,24,117,-93
117900133,15,139,-124
117900134,66,284,-218
117900135,27,225,-198
117900136,0,45,-45
117900137,78,405,-327
117900138,0,46,-46
117900139,162,138,24
117900140,3137,347,2790
117900141,180,209,-29
117900142,96,65,31
117900144,68,186,-118
117900145,40,42,-2
117900146,234,182,52
117900147,88,88,0
117900148,3073,1567,1506
117900149,151,228,-77
117900150,67,71,-4
117900151,38,81,-43
117900152,92,76,16
117900153,21,115,-94
117900154,397,565,-168
117900156,1059,831,228
117900157,212,645,-433
117900158,279,139,140
117900160,873,874,-1
117900161,2595,2313,282
117900162,430,478,-48
117900163,78,118,-40
117900165,0,9,-9
117900166,125,574,-449
117900168,13,185,-172
117900169,1,95,-94
117900170,4,37,-33
117900171,3,19,-16
117900172,23,28,-5
117900173,164,111,53
117900174,28,61,-33
117900175,27,35,-8
117900176,23,33,-10
117900177,37,60,-23
117900178,128,32,96
117900180,175,30,145
117900181,126,378,-252
117900182,8,32,-24
117900183,64,240,-176
117900184,30,56,-26
117900185,59,47,12
117900186,76,17,59
117900187,22,12,10
117900188,163,51,112
117900189,77,36,41
117900190,65,1,64
117900191,104,0,104
117900192,231,4,227
117900193,29,83,-54
117900194,13,12,1
117900195,41,34,7
117900196,24,39,-15
117900207,148,161,-13
117900208,56,38,18
117900209,238,152,86
117900210,192,282,-90
117900211,11,214,-203
117900212,139,182,-43
117900213,35,18,17
117900214,11,18,-7
117900215,11,15,-4
117900216,16,19,-3
117900217,52,419,-367
117900218,70,80,-10
117900219,4,184,-180
117900220,124,111,13
118000001,798,1351,-553
118000002,978,2009,-1031
118000003,2579,3999,-1420
118000004,3478,2407,1071
118000005,5804,6291,-487
118000006,6486,10384,-3898
118000007,6318,4350,1968
118000008,4869,4556,313
118000009,1914,3822,-1908
118000010,7075,4584,2491
118000011,1601,2483,-882
118000012,1378,2302,-924
118000013,2883,2743,140
118000014,2075,2528,-453
118000016,255,319,-64
118000017,547,474,73
118000018,430,618,-188
118000019,2452,1848,604
118000020,1611,4581,-2970
118000021,723,3860,-3137
118000022,2034,996,1038
118000023,1044,301,743
118000024,1840,1772,68
118000025,73,169,-96
118000027,16255,14765,1490
118000029,1259,850,409
118000032,1356,4103,-2747
118000033,3373,7278,-3905
118000034,5980,3209,2771
118000035,2073,3798,-1725
118000036,1081,1484,-403
118000037,755,1017,-262
118000038,240,111,129
118000039,97,252,-155
118000040,1985,1535,450
118000041,2241,1376,865
118000045,588,275,313
118000046,1603,790,813
118000047,1067,1076,-9
118000048,3110,2367,743
118000051,3768,2607,1161
118000052,2475,1212,1263
118000053,564,1292,-728
118000054,2274,2937,-663
118000055,2051,3019,-968
118000056,587,642,-55
118000057,413,705,-292
118000058,3443,2570,873
118000059,2252,1576,676
118000060,1256,708,548
118000061,1390,1614,-224
118000062,750,392,358
118000063,403,870,-467
118000064,971,1268,-297
118000065,4168,1831,2337
118000066,1014,1868,-854
118000067,1162,1014,148
118000068,1898,4756,-2858
118000069,3057,1385,1672
118000070,5764,2398,3366
118000071,3771,6678,-2907
118000072,1678,1462,216
118000073,2190,760,1430
118000074,478,650,-172
118000075,805,395,410
118000076,1729,2479,-750
118000077,1350,1500,-150
118000078,1969,2787,-818
118000079,316,498,-182
118000080,1147,1037,110
118000081,2011,1398,613
118000082,368,1391,-1023
118000083,2117,1920,197
118000084,3796,1825,1971
118000086,264,573,-309
118000087,4970,2810,2160
118000088,2012,1692,320
118000089,4039,2473,1566
118000090,2124,2855,-731
118000091,1362,2475,-1113
118000092,1039,479,560
118000093,77,816,-739
118000096,537,731,-194
118000097,867,633,234
118000098,307,262,45
118000099,686,756,-70
118000101,1357,370,987
118000102,432,1196,-764
118000107,1845,565,1280
118000108,842,2161,-1319
118000110,0,30,-30
118000111,2,258,-256
118000112,542,3,539
118000113,4,525,-521
118000114,480,10,470
118000115,29,11,18
118000116,41,0,41
118000117,989,712,277
118000118,988,982,6
118000119,950,1135,-185
118000120,1615,1359,256
118000121,117,705,-588
118000122,1540,454,1086
118000123,55,301,-246
118000125,1799,953,846
118000126,693,1467,-774
118000127,1917,647,1270
118000128,634,1220,-586
118000129,1091,574,517
118000130,2461,3365,-904
118000131,711,881,-170
118000132,2852,2073,779
118000133,941,493,448
118000135,680,369,311
118000136,121,452,-331
118000137,726,119,607
118000138,364,590,-226
118000139,363,109,254
118000140,2691,4719,-2028
118000141,2247,1841,406
118000142,1994,1689,305
118000143,2320,1188,1132
118000144,1128,837,291
118000145,1533,1897,-364
118000146,1269,848,421
118000147,829,1542,-713
118000148,531,1210,-679
118000149,1026,926,100
118000150,497,248,249
118000151,587,469,118
118000153,1583,1333,250
118000154,1495,1619,-124
118000155,1366,1432,-66
118000156,2093,2421,-328
118000157,689,376,313
118000158,292,469,-177
118000159,18,100,-82
118000160,611,438,173
118000161,443,794,-351
118000162,2024,947,1077
118000163,961,914,47
118000164,2220,1566,654
118000168,1195,843,352
118000169,1234,1112,122
118000170,3975,5275,-1300
118000171,360,718,-358
118000172,104,282,-178
118000173,957,1319,-362
118000175,382,354,28
118000176,332,519,-187
118000177,286,573,-287
118000178,44,59,-15
118000179,1382,1483,-101
118000180,1037,779,258
118000181,725,346,379
118000182,358,242,116
118000183,262,290,-28
118000184,962,737,225
118000185,1573,1338,235
118000186,1017,1254,-237
118000187,1505,659,846
118000188,614,199,415
118000189,636,785,-149
118000190,16,12,4
118000191,29,36,-7
118000192,487,676,-189
118000193,408,795,-387
118000194,1348,999,349
118000195,1032,1295,-263
118000196,396,286,110
118000197,218,202,16
118000198,440,737,-297
118000199,437,460,-23
118000200,112,249,-137
118000201,470,490,-20
118000202,67,77,-10
118000203,923,729,194
118000204,125,396,-271
118000205,231,335,-104
118000206,291,172,119
118000207,1,69,-68
118000208,1410,1525,-115
118000209,2169,1777,392
118000210,82,39,43
118000211,45,39,6
118000213,1828,2051,-223
118000214,673,516,157
118000215,368,160,208
118000216,2530,2772,-242
118000217,39,151,-112
118000218,81,113,-32
118000219,546,307,239
118000220,2,73,-71
118000221,235,327,-92
118000222,76,11,65
118000223,43,54,-11
118000224,194,115,79
118000225,168,659,-491
118000226,1033,209,824
118000227,855,461,394
118000228,193,329,-136
118000229,315,118,197
118000230,137,239,-102
118000231,102,225,-123
118000232,823,770,53
118000233,1161,874,287
118000234,485,233,252
118000236,476,314,162
118000237,99,372,-273
118000238,284,202,82
118000239,310,295,15
118000240,412,192,220
118000241,189,199,-10
118000242,333,592,-259
118000243,318,207,111
118000244,52,129,-77
118000246,2,32,-30
118000255,71,259,-188
118000256,121,204,-83
118000259,21,58,-37
118000260,147,106,41
118000261,52,56,-4
118000263,95,162,-67
118000266,142,277,-135
118000267,2,141,-139
118000268,292,5,287
118000270,74,31,43
118000271,153,303,-150
118000272,108,49,59
118000273,158,64,94
118000274,107,317,-210
118000276,645,386,259
118000295,9,143,-134
118000298,184,323,-139
118000299,56,141,-85
118000301,0,45,-45
118000302,132,77,55
118000311,510,121,389
118000312,300,186,114
118000313,78,159,-81
118000314,107,42,65
118000315,58,47,11
118000316,728,484,244
118000325,62,67,-5
118000326,45,46,-1
118000331,58,75,-17
118000332,27,50,-23
118000333,54,102,-48
118000335,368,1,367
118000336,1,183,-182
118000407,156,75,81
118000457,7,17,-10
118000465,3844,4501,-657
118000480,39,105,-66
118000489,93,437,-344
118000490,82,339,-257
118000492,321,198,123
118000510,84,25,59
118000514,172,313,-141
118000515,781,656,125
118000517,346,203,143
118000524,391,334,57
118000525,839,881,-42
118000530,22,107,-85
118000531,296,268,28
118000532,240,317,-77
118000533,338,125,213
118000534,590,460,130
118000535,290,191,99
118000536,942,1946,-1004
118000537,27,221,-194
118000538,49,62,-13
118000539,13,149,-136
118000540,344,154,190
118000541,158,86,72
118000542,121,229,-108
118000543,236,216,20
118000546,47,28,19
118000560,2813,2212,601
118000562,34,182,-148
118000563,1475,1255,220
118000576,146,147,-1
118000577,154,141,13
118000578,144,82,62
118000579,585,1305,-720
118000595,233,111,122
118000596,0,90,-90
118000597,100,90,10
118000598,33,0,33
118000599,36,40,-4
118000600,3,28,-25
118000601,18,2,16
118000602,0,26,-26
118000603,0,21,-21
118900001,779,1530,-751
118900002,850,995,-145
118900003,441,28,413
118900004,85,70,15
118900005,87,9,78
118900006,94,3,91
118900007,19,2,17
118900008,1751,68,1683
118900009,80,44,36
118900010,76,5,71
118900011,164,24,140
118900012,457,187,270
118900013,508,179,329
118900015,266,78,188
118900016,15,12,3
118900017,208,308,-100
118900018,1092,26,1066
118900019,63,28,35
118900020,253,132,121
118900021,238,408,-170
118900022,144,109,35
118900023,193,72,121
118900024,98,200,-102
118900025,78,35,43
118900026,66,73,-7
118900027,467,194,273
118900028,182,198,-16
118900029,429,560,-131
118900030,324,52,272
118900031,177,115,62
118900032,251,142,109
118900033,415,457,-42
118900034,184,19,165
118900035,129,171,-42
118900036,1208,797,411
118900037,431,295,136
118900038,410,183,227
118900039,597,183,414
118900040,251,177,74
118900041,580,189,391
118900042,236,117,119
118900045,261,129,132
118900046,966,509,457
118900047,590,212,378
118900048,192,222,-30
118900049,53,39,14
118900050,44,147,-103
118900051,62,108,-46
118900052,334,263,71
118900053,45,113,-68
118900054,118,57,61
118900055,93,87,6
118900056,26,383,-357
118900057,893,532,361
118900058,386,367,19
118900059,41,68,-27
118900060,120,102,18
118900062,570,275,295
118900064,718,662,56
118900065,53,146,-93
118900066,86,113,-27
118900067,5246,3550,1696
118900068,8,232,-224
118900069,411,244,167
118900071,6,83,-77
118900072,440,376,64
118900073,135,92,43
118900074,147,160,-13
118900075,62,87,-25
118900076,267,124,143
118900077,312,197,115
118900078,54,11,43
118900079,55,213,-158
118900080,38,150,-112
118900081,100,62,38
118900082,782,175,607
118900083,62,15,47
118900084,21,35,-14
118900085,570,795,-225
118900086,51,111,-60
118900087,41,226,-185
118900088,0,15,-15
118900089,31,22,9
118900090,549,378,171
118900091,192,207,-15
118900092,179,93,86
118900093,109,35,74
118900096,47,27,20
118900097,305,481,-176
118900099,117,246,-129
118900100,169,254,-85
118900101,134,503,-369
118900102,64,106,-42
118900103,80,99,-19
118900104,226,130,96
118900105,299,132,167
118900107,177,101,76
118900108,108,109,-1
118900109,70,102,-32
118900110,1397,849,548
118900111,510,490,20
118900112,59,212,-153
118900113,109,419,-310
118900114,30,88,-58
118900115,165,488,-323
118900116,144,196,-52
118900117,103,178,-75
118900118,265,351,-86
118900119,120,222,-102
118900120,110,349,-239
118900121,8,169,-161
118900122,33,926,-893
118900123,139,290,-151
118900124,87,237,-150
118900126,35,457,-422
118900129,265,245,20
118900130,52,266,-214
118900131,218,255,-37
118900132,420,207,213
118900133,23,131,-108
118900135,228,232,-4
118900136,196,503,-307
118900137,10,37,-27
118900139,267,384,-117
118900140,423,602,-179
118900141,96,174,-78
118900144,158,423,-265
118900145,74,163,-89
118900146,399,649,-250
118900147,220,166,54
118900148,104,87,17
118900150,158,613,-455
118900152,622,792,-170
118900157,95,161,-66
118900158,114,67,47
118900159,2,177,-175
118900161,74,3,71
118900163,105,114,-9
118900164,9,107,-98
118900165,64,212,-148
118900166,56,2,54
118900167,113,114,-1
118900168,33,186,-153
118900169,133,323,-190
118900170,201,123,78
118900171,34,41,-7
118900174,68,63,5
118900175,376,515,-139
118900176,186,313,-127
118900177,55,47,8
118900178,50,228,-178
118900179,6,41,-35
118900181,92,87,5
118900182,129,61,68
118900183,45,157,-112
118900184,302,167,135
118900185,118,126,-8
118900186,130,86,44
118900187,278,311,-33
118900188,399,323,76
118900189,81,802,-721
118900190,9,277,-268
118900191,190,47,143
118900192,257,16,241
118900193,490,11,479
118900195,312,632,-320
118900196,44,135,-91
118900197,158,53,105
118900198,40,21,19
118900199,121,35,86
118900200,19,21,-2
118900201,17,40,-23
118900202,18,67,-49
118900203,7,31,-24
118900204,28,38,-10
118900205,2,19,-17
118900206,9,30,-21
119000001,1502,2024,-522
119000002,4922,3752,1170
119000003,2848,1237,1611
119000004,2877,1522,1355
119000005,2364,2087,277
119000006,2767,1660,1107
119000007,3718,3364,354
119000008,2302,2059,243
119000009,3851,4903,-1052
119000010,6330,4351,1979
119000011,4820,3316,1504
119000012,3685,3930,-245
119000013,2976,1838,1138
119000014,2033,3141,-1108
119000019,320,157,163
119000020,2285,1509,776
119000021,4626,2594,2032
119000022,3045,2924,121
119000023,303,252,51
119000024,2075,11452,-9377
119000025,7106,1493,5613
119000026,189,559,-370
119000027,321,449,-128
119000028,1838,1086,752
119000029,120,393,-273
119000030,602,1105,-503
119000031,868,701,167
119000032,3559,2908,651
119000033,2538,1465,1073
119000034,1180,1167,13
119000035,30,379,-349
119000036,1804,845,959
119000037,1380,1700,-320
119000038,180,845,-665
119000039,341,375,-34
119000040,1106,663,443
119000041,996,1400,-404
119000048,3469,2881,588
119000049,1712,2327,-615
119000050,2032,2018,14
119000051,2095,1070,1025
119000052,2066,2901,-835
119000053,2039,1323,716
119000054,3589,3047,542
119000055,4619,3523,1096
119000056,2809,2304,505
119000057,1950,1899,51
119000058,2383,1741,642
119000059,1395,1686,-291
119000060,1629,1297,332
119000061,1265,819,446
119000062,1383,1473,-90
119000063,662,393,269
119000064,1085,1458,-373
119000065,2246,4473,-2227
119000066,2992,1325,1667
119000067,2033,2294,-261
119000068,1915,1139,776
119000069,1482,2689,-1207
119000070,2761,950,1811
119000071,646,744,-98
119000072,5719,4134,1585
119000073,7191,7961,-770
119000074,1280,2478,-1198
119000075,2404,2485,-81
119000076,738,1608,-870
119000077,1220,882,338
119000078,489,297,192
119000079,196,1030,-834
119000080,417,297,120
119000081,422,684,-262
119000082,1110,282,828
119000083,700,419,281
119000084,339,511,-172
119000085,884,234,650
119000086,360,502,-142
119000087,1485,978,507
119000088,407,278,129
119000089,112,205,-93
119000090,194,148,46
119000091,159,426,-267
119000092,644,208,436
119000093,3522,2936,586
119000094,3199,5485,-2286
119000095,1896,3305,-1409
119000097,2341,1465,876
119000098,1011,2667,-1656
119000099,2548,1701,847
119000100,4086,3176,910
119000101,6026,2829,3197
119000102,943,1335,-392
119000103,1929,840,1089
119000104,2545,1526,1019
119000105,1288,2130,-842
119000106,344,1461,-1117
119000107,983,609,374
119000108,448,897,-449
119000109,247,1249,-1002
119000110,1105,1352,-247
119000111,81,821,-740
119000112,263,257,6
119000113,3778,524,3254
119000114,1288,1052,236
119000115,149,159,-10
119000116,150,121,29
119000117,187,471,-284
119000118,2,2,0
119000123,4871,2525,2346
119000124,707,233,474
119000125,4045,791,3254
119000126,675,683,-8
119000127,494,591,-97
119000128,38,6,32
119000131,1026,685,341
119000132,10,5,5
119000133,5,9,-4
119000134,1980,627,1353
119000135,139,275,-136
119000136,263,177,86
119000137,232,304,-72
119000138,544,303,241
119000139,337,241,96
119000140,267,462,-195
119000284,1335,2650,-1315
119000285,2248,2110,138
119000286,7399,5969,1430
119000287,1309,2189,-880
119000288,1993,1340,653
119000289,1680,2940,-1260
119000290,236,473,-237
119000291,11,317,-306
119000293,153,227,-74
119000294,64,27,37
119000295,1611,455,1156
119000296,230,139,91
119000302,2573,1434,1139
119000303,64,169,-105
119000314,1766,10523,-8757
119000315,1,324,-323
119000316,119,112,7
119000317,92,301,-209
119900001,331,1215,-884
119900002,164,268,-104
119900003,62,1085,-1023
119900004,366,1141,-775
119900005,195,91,104
119900006,248,435,-187
119900007,1341,310,1031
119900008,85,41,44
119900009,782,744,38
119900010,2758,2593,165
119900011,17,105,-88
119900012,23,118,-95
119900013,2623,1687,936
119900014,1021,492,529
119900015,122,44,78
119900016,55,73,-18
119900017,30,57,-27
119900018,2171,825,1346
119900019,63,16,47
119900020,243,239,4
119900021,185,144,41
119900022,163,854,-691
119900023,612,1489,-877
119900025,178,35,143
119900026,762,185,577
119900027,54,19,35
119900028,285,129,156
119900029,2,12,-10
119900030,566,549,17
119900031,86,321,-235
119900033,3204,388,2816
119900034,385,112,273
119900037,162,34,128
119900038,52,351,-299
119900039,62,23,39
119900040,204,16,188
119900041,120,48,72
119900042,183,179,4
119900043,73,187,-114
119900044,209,1073,-864
119900046,151,64,87
119900047,343,107,236
119900048,25,41,-16
119900049,162,5,157
119900050,231,171,60
119900051,608,18,590
119900052,98,64,34
119900053,182,201,-19
119900054,161,9,152
119900055,1401,459,942
119900057,226,67,159
119900058,304,1,303
119900059,215,85,130
119900060,362,25,337
119900061,5,0,5
119900062,107,29,78
119900063,28,66,-38
119900064,577,135,442
119900065,301,9,292
119900066,1,0,1
119900067,176,47,129
119900068,511,6,505
119900069,145,33,112
119900070,1129,47,1082
119900071,839,22,817
119900072,55,24,31
119900073,1858,628,1230
119900074,109,85,24
119900075,5426,2960,2466
119900076,510,294,216
119900077,955,1065,-110
119900078,586,922,-336
119900079,230,221,9
119900080,1657,1327,330
119900081,94,16,78
119900082,1324,212,1112
119900083,579,186,393
119900084,832,415,417
119900085,79,86,-7
119900086,181,212,-31
119900087,805,549,256
119900088,45,75,-30
119900089,38,562,-524
119900090,172,75,97
119900091,70,914,-844
119900092,454,516,-62
119900093,1544,331,1213
119900094,86,244,-158
119900095,240,136,104
119900096,57,191,-134
119900097,679,235,444
119900098,45,59,-14
119900099,48,211,-163
119900100,2099,3248,-1149
119900101,186,1723,-1537
119900102,40,288,-248
119900103,97,328,-231
119900104,68,229,-161
119900105,1779,6854,-5075
119900106,9,170,-161
119900107,313,2671,-2358
119900108,5673,815,4858
119900109,32,203,-171
119900110,952,544,408
119900111,139,325,-186
119900112,1594,623,971
119900113,113,307,-194
119900114,313,1086,-773
119900115,410,979,-569
119900116,145,430,-285
119900117,404,769,-365
119900118,104,820,-716
119900119,237,252,-15
119900120,886,671,215
119900121,406,968,-562
119900122,519,395,124
119900123,246,360,-114
119900124,305,873,-568
119900125,76,298,-222
119900126,5689,409,5280
119900127,2235,1128,1107
119900128,450,723,-273
119900129,204,593,-389
119900130,37,262,-225
119900131,59,244,-185
119900132,6,263,-257
119900133,56,127,-71
119900134,1803,287,1516
119900135,2,337,-335
119900136,212,341,-129
119900138,474,562,-88
119900139,46,144,-98
119900140,2,129,-127
119900141,117,759,-642
119900142,30,43,-13
119900143,16,305,-289
119900144,1486,267,1219
119900145,99,207,-108
119900146,221,298,-77
119900147,3,158,-155
119900148,282,69,213
119900149,1267,5290,-4023
119900150,161,162,-1
119900151,2423,959,1464
119900152,158,339,-181
119900153,186,68,118
119900154,8,255,-247
119900155,41,48,-7
119900156,23,9,14
119900157,167,283,-116
119900158,270,78,192
119900159,21,1489,-1468
119900160,37,186,-149
119900161,192,249,-57
119900162,1069,1056,13
119900163,133,182,-49
119900164,0,2,-2
119900165,205,213,-8
119900166,85,56,29
119900167,118,157,-39
119900168,915,524,391
119900169,230,362,-132
119900170,279,327,-48
119900171,1559,485,1074
119900172,190,29,161
119900173,6,363,-357
119900174,7,224,-217
119900175,1442,718,724
119900177,16,198,-182
119900178,10,171,-161
119900179,154,523,-369
119900180,1123,1030,93
119900181,99,118,-19
119900182,20,447,-427
119900183,158,628,-470
119900184,2505,632,1873
119900185,65,200,-135
119900186,102,1077,-975
119900187,34,561,-527
119900188,100,349,-249
119900189,583,560,23
119900190,76,330,-254
119900191,449,350,99
119900192,60,192,-132
119900193,398,244,154
119900194,15,93,-78
119900195,534,366,168
119900196,1697,612,1085
119900197,246,184,62
119900198,246,338,-92
119900199,185,36,149
119900200,781,702,79
119900201,379,299,80
119900202,91,300,-209
119900203,247,581,-334
119900204,332,326,6
119900205,844,508,336
119900206,195,163,32
119900208,235,199,36
119900209,561,1331,-770
119900210,51,39,12
119900211,95,5,90
119900212,224,381,-157
119900213,17,84,-67
119900214,37,82,-45
119900215,57,76,-19
119900216,14,52,-38
119900217,13,64,-51
119900218,42,100,-58
119900219,10,172,-162
119900220,17,93,-76
119900221,40,267,-227
119900222,15,200,-185
119900223,18,94,-76
119900224,20,38,-18
119900225,1010,72,938
119900226,659,2129,-1470
119900227,1253,347,906
119900228,72,317,-245
119900229,362,455,-93
119900230,1438,619,819
119900231,315,194,121
119900232,370,149,221
119900233,144,8,136
119900234,30,126,-96
119900235,26,75,-49
119900236,53,266,-213
119900237,106,713,-607
119900238,17,77,-60
119900240,139,161,-22
119900241,182,277,-95
119900242,1754,1895,-141
119900244,718,1944,-1226
119900245,199,211,-12
119900246,353,709,-356
119900247,26,132,-106
119900248,85,277,-192
119900249,315,132,183
119900253,2896,473,2423
119900254,102,839,-737
119900255,199,866,-667
119900256,671,1138,-467
119900257,76,3,73
119900258,213,12,201
119900259,18,154,-136
119900260,174,11,163
119900261,277,163,114
119900262,2,223,-221
119900263,1134,445,689
119900264,123,185,-62
119900265,841,425,416
119900266,421,319,102
119900267,340,527,-187
119900268,201,179,22
119900269,1303,1428,-125
119900271,59,118,-59
119900272,510,294,216
119900275,166,54,112
119900276,54,3,51
119900277,23,26,-3
119900278,290,128,162
119900279,185,393,-208
119900280,764,224,540
119900281,4,187,-183
119900282,84,115,-31
119900283,21,263,-242
119900284,67,271,-204
119900285,23,88,-65
119900286,3,47,-44
119900288,4,28,-24
119900289,2,56,-54
119900290,7,16,-9
119900291,6,127,-121
119900292,32,46,-14
119900293,27,79,-52
119900294,27,108,-81
119900295,14,47,-33
119900296,66,251,-185
119900297,3,30,-27
119900298,15,47,-32
119900299,96,166,-70
119900300,359,249,110
119900301,129,119,10
119900302,183,96,87
119900303,333,156,177
119900304,255,59,196
119900305,14,152,-138
119900306,27,6,21
119900307,97,122,-25
119900308,8,20,-12
119900309,51,119,-68
119900310,336,345,-9
119900311,83,127,-44
119900312,130,108,22
119900313,261,338,-77
119900314,225,376,-151
119900315,1883,2465,-582
119900318,18,36,-18
119900319,0,319,-319
119900320,324,572,-248
119900321,109,7,102
120000001,6668,15635,-8967
120000002,2750,2866,-116
120000003,3811,1685,2126
120000004,3007,2013,994
120000005,4385,2155,2230
120000006,1203,1321,-118
120000007,3723,3101,622
120000008,1095,1426,-331
120000009,3063,1252,1811
120000010,2182,2853,-671
120000011,1200,1777,-577
120000012,1850,2814,-964
120000013,3464,3207,257
120000014,789,1544,-755
120000015,2792,1736,1056
120000016,4038,2457,1581
120000017,3245,2567,678
120000018,4300,11973,-7673
120000019,1174,1479,-305
120000020,3261,3312,-51
120000021,2083,2512,-429
120000022,3420,4186,-766
120000023,1182,1679,-497
120000024,1601,2586,-985
120000025,2700,2076,624
120000026,2138,1802,336
120000027,2433,2347,86
120000028,973,1463,-490
120000029,5189,1802,3387
120000030,287,1088,-801
120000031,2817,7372,-4555
120000032,8884,4640,4244
120000033,5170,2117,3053
120000034,2032,1988,44
120000035,2166,2179,-13
120000036,3145,5224,-2079
120000037,797,1704,-907
120000038,6979,4376,2603
120000039,713,1058,-345
120000040,119,525,-406
120000041,2021,1947,74
120000042,2175,2421,-246
120000043,5842,1820,4022
120000044,5663,1665,3998
120000045,6105,1148,4957
120000046,3188,2910,278
120000047,1292,6072,-4780
120000048,8214,5090,3124
120000049,3689,3344,345
120000050,4287,4299,-12
120000051,3535,4816,-1281
120000052,8742,2329,6413
120000053,1356,2494,-1138
120000054,1407,3777,-2370
120000055,1863,4733,-2870
120000056,4742,4043,699
120000057,3322,1228,2094
120000058,4655,1462,3193
120000059,53,1812,-1759
120000061,134,537,-403
120000062,270,397,-127
120000063,1548,2680,-1132
120000064,262,1162,-900
120000065,608,1669,-1061
120000066,1025,684,341
120000067,163,735,-572
120000068,239,916,-677
120000069,546,1309,-763
120000070,71,667,-596
120000071,468,148,320
120000072,814,477,337
120000073,987,236,751
120000074,355,219,136
120000075,1349,363,986
120000076,2114,495,1619
120000077,2132,712,1420
120000078,3896,1263,2633
120000079,220,117,103
120000080,118,167,-49
120000081,334,116,218
120000082,205,264,-59
120000083,115,654,-539
120000084,442,364,78
120000085,353,337,16
120000086,240,418,-178
120000087,138,591,-453
120000088,826,1260,-434
120000089,1146,741,405
120000090,846,626,220
120000091,957,1160,-203
120000092,1519,734,785
120000093,489,552,-63
120000094,188,836,-648
120000095,1058,529,529
120000096,313,820,-507
120000098,1073,913,160
120000099,571,885,-314
120000100,909,941,-32
120000101,633,477,156
120000102,598,853,-255
120000103,1667,909,758
120000104,2096,592,1504
120000105,3296,751,2545
120000106,2639,741,1898
120000107,3995,656,3339
120000108,1235,146,1089
120000109,1265,115,1150
120000110,126,965,-839
120000111,96,1116,-1020
120000112,827,2633,-1806
120000113,695,1915,-1220
120000114,949,2621,-1672
120000115,341,2147,-1806
120000116,837,2096,-1259
120000117,997,1573,-576
120000118,65,39,26
120000119,33,99,-66
120000120,93,95,-2
120000121,27,68,-41
120000122,306,378,-72
120000123,4932,5569,-637
120000124,477,424,53
120000125,575,743,-168
120000126,367,1196,-829
120000127,3143,1278,1865
120000128,3937,5018,-1081
120000129,341,231,110
120000130,937,616,321
120000131,349,706,-357
120000134,398,1211,-813
120000135,564,578,-14
120000137,308,1421,-1113
120000138,1083,581,502
120000139,343,760,-417
120000140,948,629,319
120000141,604,489,115
120000142,923,753,170
120000143,1,144,-143
120000144,156,5,151
120000145,390,2,388
120000146,1219,1047,172
120000149,853,1319,-466
120000150,3889,13134,-9245
120000151,478,489,-11
120000152,575,248,327
120000153,380,649,-269
120000154,611,409,202
120000155,167,280,-113
120000156,938,1144,-206
120000157,1027,784,243
120000158,927,918,9
120000159,2105,2665,-560
120000160,2879,1563,1316
120000161,2447,2445,2
120000162,83,255,-172
120000163,735,1391,-656
120000164,616,471,145
120000165,602,916,-314
120000166,1481,669,812
120000167,190,289,-99
120000168,22,790,-768
120000169,78,2129,-2051
120000170,48,1198,-1150
120000171,47,492,-445
120000172,21,252,-231
120000173,2984,1605,1379
120000174,462,39,423
120000175,340,28,312
120000176,410,64,346
120000177,1594,151,1443
120000178,179,19,160
120000179,371,61,310
120000180,1042,142,900
120000181,240,1672,-1432
120000182,113,722,-609
120000183,28,717,-689
120000184,194,1527,-1333
120000186,48,428,-380
120000187,74,269,-195
120000188,155,482,-327
120000190,934,52,882
120000191,1239,98,1141
120000192,1309,51,1258
120000193,579,15,564
120000195,226,11,215
120000196,434,78,356
120000197,166,156,10
120000198,189,93,96
120000199,122,1,121
120000200,138,1,137
120000201,7,24,-17
120000202,3,53,-50
120000203,49,150,-101
120000207,6,75,-69
120000208,12,204,-192
120000209,1,69,-68
120000210,68,95,-27
120000211,157,2,155
120000212,155,2,153
120000213,157,230,-73
120000214,1,204,-203
120000215,2,130,-128
120000216,79,14,65
120000217,818,1325,-507
120000218,209,810,-601
120000219,13,426,-413
120000220,10,1590,-1580
120000225,1796,4,1792
120000226,339,4,335
120000227,947,55,892
120000228,11284,3539,7745
120000230,421,18,403
120000231,1343,2232,-889
120000233,440,9,431
120000235,281,550,-269
120000236,1204,3,1201
120000237,4,1266,-1262
120000238,6,988,-982
120000241,1379,4035,-2656
120000412,987,51,936
120000413,289,264,25
120000414,145,7,138
120000415,1,97,-96
120000416,144,6,138
120000417,18,80,-62
120000418,207,23,184
120000419,28,261,-233
120000420,51,29,22
120000421,11012,6663,4349
120000422,151,1445,-1294
120000423,3,48,-45
120000424,73,141,-68
120000436,168,663,-495
120000437,165,129,36
120000438,2751,333,2418
120000439,298,571,-273
120000443,242,3,239
120000444,1569,559,1010
120000445,1713,1115,598
120000446,792,261,531
120000447,239,11,228
120000449,104,3,101
120000450,7,244,-237
120000451,202,263,-61
120000452,186,2,184
120000453,2,323,-321
120000454,75,53,22
120000455,94,42,52
120000456,2600,3850,-1250
120000457,1346,569,777
120000458,821,802,19
120000459,168,65,103
120000665,1513,350,1163
120000668,158,1190,-1032
120000669,98,194,-96
120000670,341,1000,-659
120000671,1659,552,1107
120000672,82,461,-379
120900001,69,99,-30
120900002,542,672,-130
120900003,268,37,231
120900004,36,114,-78
120900005,30,692,-662
120900006,654,332,322
120900007,243,97,146
120900008,315,1244,-929
120900009,263,16,247
120900010,534,123,411
120900011,575,172,403
120900012,347,1314,-967
120900013,474,128,346
120900014,4,548,-544
120900015,835,118,717
120900016,861,94,767
120900017,2500,111,2389
120900018,154,450,-296
120900019,760,347,413
120900020,790,1445,-655
120900021,877,267,610
120900022,43,364,-321
120900023,264,29,235
120900024,2322,611,1711
120900025,1789,1181,608
120900026,479,229,250
120900027,899,37,862
120900028,430,123,307
120900029,159,484,-325
120900030,1440,917,523
120900031,293,98,195
120900032,1151,104,1047
120900033,1164,107,1057
120900034,30,2465,-2435
120900035,63,207,-144
120900037,264,8,256
120900038,72,287,-215
120900039,100,61,39
120900040,361,11,350
120900041,186,45,141
120900042,507,31,476
120900043,84,35,49
120900044,13,382,-369
120900045,216,163,53
120900046,454,8,446
120900047,163,112,51
120900048,126,42,84
120900049,489,3,486
120900050,2274,1544,730
120900051,398,148,250
120900052,654,4,650
120900053,381,74,307
120900054,1823,802,1021
120900055,401,1,400
120900056,468,23,445
120900057,140,17,123
120900058,568,5,563
120900059,115,4,111
120900060,112,35,77
120900061,287,259,28
120900062,224,6,218
120900063,514,9,505
120900064,603,4,599
120900065,466,14,452
120900066,391,263,128
120900067,195,52,143
120900068,298,1,297
120900069,276,61,215
120900071,11,0,11
120900072,737,5,732
120900073,568,143,425
120900074,857,19,838
120900076,346,0,346
120900077,3300,308,2992
120900078,823,823,0
120900079,821,120,701
120900080,767,1742,-975
120900081,729,990,-261
120900082,515,438,77
120900083,105,3,102
120900084,343,462,-119
120900085,85,136,-51
120900086,165,351,-186
120900087,497,353,144
120900088,228,469,-241
120900089,3184,2936,248
120900090,276,171,105
120900091,756,880,-124
120900092,1360,563,797
120900093,2211,194,2017
120900094,637,229,408
120900095,643,25,618
120900096,61,265,-204
120900097,943,812,131
120900098,271,194,77
120900099,148,90,58
120900100,141,248,-107
120900101,602,295,307
120900102,75,119,-44
120900103,59,243,-184
120900104,29,52,-23
120900105,48,510,-462
120900106,1355,596,759
120900107,283,179,104
120900108,5,556,-551
120900109,64,617,-553
120900110,18,718,-700
120900111,254,316,-62
120900112,18,802,-784
120900113,21,803,-782
120900114,72,282,-210
120900115,229,252,-23
120900116,404,400,4
120900117,2,479,-477
120900118,16,662,-646
120900119,6931,5662,1269
120900120,207,978,-771
120900121,551,587,-36
120900122,508,484,24
120900123,5,386,-381
120900124,12,516,-504
120900125,7,852,-845
120900126,1735,1246,489
120900127,9,486,-477
120900128,1133,1421,-288
120900129,91,312,-221
120900130,16,398,-382
120900131,91,216,-125
120900132,1075,278,797
120900133,284,911,-627
120900134,792,507,285
120900135,16,581,-565
120900136,82,371,-289
120900137,246,131,115
120900138,33,226,-193
120900139,8,662,-654
120900140,13,314,-301
120900141,235,261,-26
120900142,22,492,-470
120900143,3,840,-837
120900144,1,168,-167
120900145,241,767,-526
120900146,8,994,-986
120900147,9,496,-487
120900148,146,105,41
120900149,0,320,-320
120900150,44,544,-500
120900151,3,708,-705
120900152,3,24,-21
120900153,72,140,-68
120900154,2,253,-251
120900155,202,1018,-816
120900156,100,402,-302
120900157,94,258,-164
120900158,53,565,-512
120900159,73,442,-369
120900160,50,650,-600
120900161,82,553,-471
120900162,56,828,-772
120900163,88,1227,-1139
120900164,0,22,-22
120900165,14,60,-46
120900166,226,787,-561
120900167,528,202,326
120900169,85,393,-308
120900170,1136,2936,-1800
120900171,1280,301,979
120900172,1683,2077,-394
120900173,0,80,-80
120900174,12,158,-146
120900175,317,188,129
120900176,24,317,-293
120900177,3,1324,-1321
120900178,2,715,-713
120900179,883,603,280
120900180,125,232,-107
120900181,465,71,394
120900182,37,300,-263
120900183,535,83,452
120900184,409,113,296
120900185,32,762,-730
120900186,0,407,-407
120900187,605,1178,-573
120900188,245,11,234
120900189,114,1240,-1126
120900190,90,15,75
120900191,10,31,-21
120900192,10323,7673,2650
120900194,47,120,-73
120900195,182,352,-170
120900196,807,55,752
120900197,724,145,579
120900198,272,587,-315
120900199,542,1889,-1347
120900200,102,143,-41
120900201,506,216,290
120900202,1,193,-192
120900203,32,100,-68
120900204,166,316,-150
120900205,72,67,5
120900206,27,63,-36
121000001,907,1277,-370
121000002,2540,1348,1192
121000003,3254,2487,767
121000004,3203,3680,-477
121000005,2014,3264,-1250
121000006,3978,2101,1877
121000007,2849,3322,-473
121000008,5943,4025,1918
121000009,6133,6535,-402
121000010,9857,6573,3284
121000011,10173,13561,-3388
121000012,19026,11331,7695
121000013,5302,7839,-2537
121000014,6783,6129,654
121000015,4499,7733,-3234
121000016,4953,3882,1071
121000017,2354,4428,-2074
121000018,3059,2078,981
121000019,19715,13765,5950
121000020,15975,19878,-3903
121000021,3351,3447,-96
121000022,3071,3808,-737
121000023,4422,3215,1207
121000024,5301,4981,320
121000025,889,1601,-712
121000026,411,162,249
121000027,1923,1424,499
121000028,971,622,349
121000029,1260,862,398
121000030,733,540,193
121000031,923,846,77
121000032,403,102,301
121000034,494,265,229
121000035,226,201,25
121000036,1081,907,174
121000037,654,633,21
121000038,620,1143,-523
121000039,362,475,-113
121000041,751,639,112
121000042,348,460,-112
121000043,786,607,179
121000044,1527,980,547
121000045,556,346,210
121000046,819,1199,-380
121000047,49,100,-51
121000049,1619,617,1002
121000050,388,1291,-903
121000051,613,360,253
121000052,395,716,-321
121000053,530,133,397
121000054,69,419,-350
121000055,1372,1302,70
121000056,855,1185,-330
121000057,533,605,-72
121000058,567,327,240
121000059,3209,1599,1610
121000060,751,1154,-403
121000061,128,511,-383
121000062,256,467,-211
121000063,876,826,50
121000064,731,586,145
121000065,582,669,-87
121000066,421,359,62
121000067,748,769,-21
121000068,848,425,423
121000069,678,836,-158
121000070,2221,1500,721
121000071,1602,1432,170
121000072,1763,984,779
121000073,1086,1176,-90
121000074,189,152,37
121000075,81,374,-293
121000076,1140,517,623
121000077,174,234,-60
121000078,130,241,-111
121000080,2463,767,1696
121000081,4861,3336,1525
121000082,117,299,-182
121000083,247,162,85
121000084,211,147,64
121000085,404,480,-76
121000086,249,930,-681
121000087,78,434,-356
121000088,567,654,-87
121000089,502,488,14
121000090,583,452,131
121000091,1815,1093,722
121000092,251,114,137
121000093,218,248,-30
121000094,722,902,-180
121000095,410,863,-453
121000096,2616,2719,-103
121000097,1291,2593,-1302
121000098,713,1219,-506
121000099,608,851,-243
121000100,847,464,383
121000101,383,408,-25
121000102,329,357,-28
121000103,237,339,-102
121000104,371,203,168
121000105,535,246,289
121000106,384,488,-104
121000107,2233,3372,-1139
121000109,1389,1275,114
121000110,433,684,-251
121000114,3275,2086,1189
121000115,968,749,219
121000116,279,956,-677
121000117,827,241,586
121000118,1716,229,1487
121000119,296,589,-293
121000120,367,479,-112
121000121,754,1682,-928
121000123,1622,892,730
121000126,138,374,-236
121000127,199,118,81
121000128,1071,487,584
121000129,949,743,206
121000130,608,1117,-509
121000131,3060,2381,679
121000132,2035,2342,-307
121000135,686,1217,-531
121000136,1689,1381,308
121000137,641,408,233
121000138,1144,1797,-653
121000139,616,669,-53
121000141,201,164,37
121000142,826,935,-109
121000143,184,37,147
121000144,1410,2267,-857
121000145,681,1177,-496
121000146,1455,1248,207
121000147,1142,536,606
121000148,1014,1212,-198
121000149,2292,1400,892
121000152,522,585,-63
121000153,2125,715,1410
121000154,1182,722,460
121000155,1772,1274,498
121000156,468,1128,-660
121000157,1204,1974,-770
121000158,518,562,-44
121000159,250,446,-196
121000160,276,405,-129
121000161,237,368,-131
121000162,127,223,-96
121000165,2185,2173,12
121000166,24,454,-430
121000168,420,261,159
121000169,99,179,-80
121000170,379,114,265
121000171,93,206,-113
121000172,788,625,163
121000173,1670,1401,269
121000174,332,455,-123
121000175,1070,392,678
121000176,405,292,113
121000177,1191,860,331
121000178,131,77,54
121000179,104,91,13
121000181,551,488,63
121000182,254,211,43
121000183,152,170,-18
121000184,170,322,-152
121000185,52,260,-208
121000186,275,737,-462
121000187,200,213,-13
121000188,284,227,57
121000192,1078,487,591
121000193,715,687,28
121000194,2572,2599,-27
121000195,324,942,-618
121000196,697,323,374
121000197,243,824,-581
121000198,224,163,61
121000199,139,435,-296
121000200,598,130,468
121000201,9,236,-227
121000202,836,138,698
121000203,989,2274,-1285
121000204,2955,912,2043
121000205,194,370,-176
121000206,243,73,170
121000207,2202,456,1746
121000208,8,321,-313
121000209,443,300,143
121000210,665,440,225
121000211,366,166,200
121000212,471,673,-202
121000213,11056,3475,7581
121000214,923,2308,-1385
121000215,1303,1095,208
121000216,689,689,0
121000217,4582,2616,1966
121000218,424,1781,-1357
121000219,1662,517,1145
121000220,223,96,127
121000221,160,266,-106
121000222,2501,2760,-259
121000223,551,398,153
121000224,272,251,21
121000225,1064,1914,-850
121000226,2598,1290,1308
121000227,15,193,-178
121000228,15,595,-580
121000229,347,343,4
121000230,49,1456,-1407
121000231,932,33,899
121000232,387,339,48
121000233,639,425,214
121000234,36,62,-26
121000235,111,129,-18
121000236,32,78,-46
121000237,56,33,23
121000238,9,80,-71
121000239,85,9,76
121000240,14,180,-166
121000241,105,26,79
121000242,106,361,-255
121000243,855,267,588
121000244,17,83,-66
121000245,155,49,106
121000246,4,114,-110
121000247,110,11,99
121000248,2299,723,1576
121000249,139,322,-183
121000250,688,265,423
121000251,25,364,-339
121000252,117,78,39
121000253,269,381,-112
121000254,546,255,291
121000255,205,242,-37
121000256,373,200,173
121000257,48,123,-75
121000258,177,105,72
121000259,79,80,-1
121000260,80,125,-45
121000261,103,93,10
121000262,986,677,309
121000263,631,473,158
121000271,292,1580,-1288
121000273,44,13,31
121000274,12,37,-25
121000275,2,13,-11
121000276,6,25,-19
121000278,38,37,1
121000279,33,28,5
121000280,40,59,-19
121000289,189,25,164
121000290,1255,1069,186
121000294,159,193,-34
121000297,937,1202,-265
121000299,245,569,-324
121000300,1066,666,400
121000302,101,1528,-1427
121000303,520,608,-88
121000304,560,84,476
121000305,177,72,105
121000306,169,193,-24
121000308,231,374,-143
121000309,485,607,-122
121000310,103,431,-328
121000311,73,865,-792
121000312,486,320,166
121000313,459,455,4
121000314,171,202,-31
121000315,54,208,-154
121000530,1578,1482,96
121000531,1605,1556,49
121000532,7359,8745,-1386
121000533,3666,3910,-244
121000918,82,170,-88
121000919,68,65,3
121000938,265,733,-468
121000939,345,505,-160
121000956,1508,1512,-4
121000957,11,25,-14
121000958,51,101,-50
121000959,758,789,-31
121000960,1543,2025,-482
121000961,263,337,-74
121000962,403,531,-128
121000973,3,157,-154
121000976,33,253,-220
121000979,679,199,480
121000981,515,417,98
121000982,323,181,142
121000983,443,452,-9
121000984,43,85,-42
121000985,789,560,229
121000986,465,219,246
121000987,295,922,-627
121000988,794,120,674
121001302,265,111,154
121001308,7,11,-4
121001309,83,109,-26
121001313,241,197,44
121001314,2069,2817,-748
121001315,5258,2980,2278
121900001,175,195,-20
121900002,35,27,8
121900003,496,23,473
121900004,152,505,-353
121900005,41,8,33
121900006,156,16,140
121900007,2337,2335,2
121900008,1258,730,528
121900009,748,27,721
121900010,242,4,238
121900011,409,458,-49
121900012,26,2,24
121900013,1540,149,1391
121900014,1664,413,1251
121900015,216,273,-57
121900016,5,42,-37
121900017,869,554,315
121900018,393,17,376
121900019,670,278,392
121900020,30,4,26
121900021,1080,21,1059
121900022,449,243,206
121900023,188,452,-264
121900024,361,87,274
121900025,777,501,276
121900026,475,62,413
121900027,530,229,301
121900028,292,18,274
121900029,108,223,-115
121900030,601,597,4
121900031,1143,6785,-5642
121900032,190,94,96
121900033,223,237,-14
121900034,314,107,207
121900035,3420,2589,831
121900036,95,387,-292
121900037,186,1196,-1010
121900038,114,173,-59
121900039,455,93,362
121900040,128,119,9
121900041,143,259,-116
121900042,414,197,217
121900043,25,11,14
121900044,162,72,90
121900046,327,439,-112
121900047,248,72,176
121900048,68,153,-85
121900050,49,77,-28
121900051,185,196,-11
121900052,223,51,172
121900053,605,339,266
121900054,544,1078,-534
121900055,3,22,-19
121900058,250,196,54
121900059,513,244,269
121900060,169,439,-270
121900061,251,242,9
121900062,240,145,95
121900063,1799,436,1363
121900064,291,741,-450
121900066,78,41,37
121900067,96,104,-8
121900069,212,182,30
121900070,307,205,102
121900071,369,376,-7
121900072,70,205,-135
121900073,294,234,60
121900074,995,1283,-288
121900075,505,566,-61
121900076,459,728,-269
121900077,13,49,-36
121900078,100,51,49
121900079,2,0,2
121900080,1138,467,671
121900082,54,119,-65
121900084,25,124,-99
121900085,4,18,-14
121900086,15,55,-40
121900087,263,128,135
121900088,2650,3651,-1001
121900089,212,343,-131
121900090,64,111,-47
121900091,72,116,-44
121900092,65,102,-37
121900093,109,103,6
121900094,23,7,16
121900095,358,180,178
121900096,1430,1241,189
121900097,561,278,283
121900098,7,11,-4
121900099,240,69,171
121900100,369,664,-295
121900101,203,154,49
121900102,2,181,-179
121900103,549,299,250
121900104,1640,366,1274
121900105,310,221,89
121900106,8,4,4
121900107,60,46,14
121900108,0,36,-36
121900109,399,151,248
121900110,639,888,-249
121900111,858,331,527
121900112,226,240,-14
121900113,103,403,-300
121900114,127,143,-16
121900115,223,370,-147
121900117,409,150,259
121900118,2124,692,1432
121900119,177,78,99
121900120,75,1373,-1298
121900121,524,62,462
121900122,40,72,-32
121900123,399,496,-97
121900124,119,181,-62
121900125,2101,1179,922
121900127,15,122,-107
121900128,106,126,-20
121900129,696,220,476
121900130,162,278,-116
121900131,225,116,109
121900132,52,105,-53
121900133,113,1199,-1086
121900134,52,247,-195
121900135,3667,429,3238
121900136,594,337,257
121900137,64,369,-305
121900138,155,337,-182
121900139,461,706,-245
121900140,112,238,-126
121900141,70,91,-21
121900142,274,170,104
121900143,47,217,-170
121900144,165,346,-181
121900145,234,390,-156
121900146,672,832,-160
121900147,70,194,-124
121900148,243,387,-144
121900149,454,715,-261
121900150,96,155,-59
121900151,104,254,-150
121900152,130,169,-39
121900153,144,945,-801
121900154,26,255,-229
121900155,4,260,-256
121900156,380,196,184
121900157,4,387,-383
121900158,105,151,-46
121900159,0,250,-250
121900160,111,264,-153
121900161,428,473,-45
121900162,141,218,-77
121900163,254,547,-293
121900164,426,297,129
121900165,346,234,112
121900166,191,215,-24
121900167,146,160,-14
121900168,173,247,-74
121900169,8,250,-242
121900170,8,212,-204
121900171,893,711,182
121900172,609,273,336
121900173,1124,340,784
121900174,49,82,-33
121900175,172,234,-62
121900176,585,1538,-953
121900177,247,126,121
121900178,32,27,5
121900179,483,217,266
121900180,4085,4563,-478
121900182,722,368,354
121900183,702,1635,-933
121900184,124,767,-643
121900186,6,401,-395
121900187,55,238,-183
121900188,674,413,261
121900189,35,153,-118
121900190,335,451,-116
121900191,168,199,-31
121900192,429,821,-392
121900193,39,97,-58
121900194,7,291,-284
121900195,100,115,-15
121900196,1089,1138,-49
121900197,264,1568,-1304
121900198,1357,986,371
121900199,8,38,-30
121900200,50,307,-257
121900201,1272,846,426
121900202,188,813,-625
121900203,303,1088,-785
121900204,1022,1207,-185
121900205,21,115,-94
121900206,22,58,-36
121900207,146,42,104
121900208,187,365,-178
121900209,114,45,69
121900210,1295,1065,230
121900211,12,107,-95
121900212,249,155,94
121900213,162,70,92
121900214,16,496,-480
121900215,69,163,-94
121900216,51,345,-294
121900217,286,192,94
121900218,187,411,-224
121900220,176,18,158
121900221,330,641,-311
121900222,192,215,-23
121900223,312,60,252
121900224,125,52,73
121900225,177,166,11
121900226,357,638,-281
121900227,295,593,-298
121900228,194,386,-192
121900229,408,331,77
121900230,153,445,-292
121900231,456,2136,-1680
121900232,348,506,-158
121900233,297,271,26
121900234,388,308,80
121900235,532,179,353
121900236,359,201,158
121900237,232,363,-131
121900238,185,355,-170
121900239,331,68,263
121900240,382,182,200
121900241,64,86,-22
121900242,17,0,17
121900243,25,0,25
121900244,34,4,30
121900245,206,126,80
121900246,2308,355,1953
121900247,369,301,68
121900248,1814,1440,374
121900250,243,282,-39
121900251,574,66,508
121900252,760,184,576
121900253,164,811,-647
121900254,505,380,125
121900255,381,111,270
121900258,4171,2422,1749
121900259,361,677,-316
121900260,156,242,-86
121900261,214,643,-429
121900262,442,1061,-619
121900263,329,225,104
121900264,1987,1546,441
121900265,306,304,2
121900266,521,165,356
121900267,85,45,40
121900269,323,753,-430
121900270,38,240,-202
121900271,32,198,-166
121900273,610,1959,-1349
121900274,274,267,7
121900276,49,15,34
121900277,831,1410,-579
121900278,105,1131,-1026
121900279,126,230,-104
121900280,206,530,-324
121900281,451,434,17
121900284,178,15,163
121900286,137,121,16
121900287,20,13,7
121900290,254,429,-175
121900291,435,759,-324
121900292,201,142,59
121900293,1053,3004,-1951
121900294,307,9,298
121900295,155,227,-72
121900296,127,435,-308
121900298,324,776,-452
121900299,1,18,-17
121900300,138,16,122
121900301,66,9,57
121900302,6,34,-28
121900303,417,679,-262
121900304,1,13,-12
121900305,19,5,14
121900306,128,1,127
121900307,70,20,50
121900308,62,278,-216
121900309,23,251,-228
121900310,20,399,-379
121900311,435,25,410
121900312,483,15,468
121900313,354,43,311
121900314,5,51,-46
121900315,8,0,8
121900316,1,27,-26
121900317,8,2,6
121900318,2,19,-17
121900319,39,86,-47
121900320,62,65,-3
121900321,18,2,16
121900322,0,17,-17
121900323,35,49,-14
121900324,1,42,-41
121900325,2,3,-1
121900326,9,21,-12
121900327,1,49,-48
121900328,0,12,-12
121900329,0,124,-124
121900330,0,30,-30
121900331,53,52,1
121900332,91,34,57
121900333,19,3,16
122000001,2586,5753,-3167
122000002,4809,1954,2855
122000003,2359,3062,-703
122000004,3396,1917,1479
122000005,2845,2051,794
122000006,2094,1120,974
122000007,1084,1967,-883
122000008,4166,5624,-1458
122000009,455,451,4
122000010,2488,3058,-570
122000011,3804,1918,1886
122000012,1411,1871,-460
122000013,1492,973,519
122000014,1645,1321,324
122000015,1727,1336,391
122000016,628,1100,-472
122000017,1397,1162,235
122000018,1669,1498,171
122000019,872,1232,-360
122000020,241,265,-24
122000021,377,535,-158
122000022,1365,1127,238
122000023,767,2018,-1251
122000024,1026,1474,-448
122000025,1333,2182,-849
122000026,1358,1293,65
122000027,658,2102,-1444
122000028,1115,593,522
122000029,633,618,15
122000030,317,179,138
122000031,168,320,-152
122000032,2000,2120,-120
122000033,752,1551,-799
122000034,906,840,66
122000035,415,867,-452
122000036,603,600,3
122000037,520,307,213
122000038,350,464,-114
122000039,685,498,187
122000040,375,351,24
122000041,578,652,-74
122000042,349,452,-103
122000043,191,151,40
122000044,158,155,3
122000045,1414,598,816
122000046,891,841,50
122000047,419,262,157
122000048,4098,4911,-813
122000049,7202,3775,3427
122000050,1591,863,728
122000051,418,322,96
122000052,684,476,208
122000053,215,986,-771
122000054,2791,2329,462
122000055,2373,3685,-1312
122000056,5672,4013,1659
122000057,3862,4301,-439
122000058,2824,1614,1210
122000059,3383,1977,1406
122000060,921,729,192
122000061,689,654,35
122000062,960,411,549
122000063,1539,819,720
122000064,3620,3020,600
122000065,4092,2772,1320
122000066,1277,1090,187
122000067,1610,1263,347
122000068,1561,1153,408
122000069,854,780,74
122000070,1020,1715,-695
122000071,1860,1471,389
122000072,402,485,-83
122000073,444,756,-312
122000074,3314,1906,1408
122000075,1058,1314,-256
122000076,2678,1424,1254
122000077,1257,921,336
122000078,2345,3051,-706
122000079,1340,1628,-288
122000080,781,486,295
122000081,221,368,-147
122000082,789,979,-190
122000083,1914,1922,-8
122000084,1699,1084,615
122000085,308,1154,-846
122000086,2660,5833,-3173
122000087,559,325,234
122000088,598,733,-135
122000089,5888,2554,3334
122000090,368,568,-200
122000091,236,91,145
122000092,246,41,205
122000093,2022,2303,-281
122000094,6310,3381,2929
122000095,3647,5129,-1482
122000096,2885,2131,754
122000098,4575,3187,1388
122000099,1992,858,1134
122000100,1259,678,581
122000101,494,721,-227
122000102,2244,1563,681
122000103,2355,2045,310
122000104,427,197,230
122000105,522,310,212
122000106,562,855,-293
122000107,1096,524,572
122000108,558,934,-376
122000109,571,362,209
122000110,639,657,-18
122000111,3149,1554,1595
122000112,1173,1465,-292
122000113,771,770,1
122000114,3008,1723,1285
122000115,2158,1367,791
122000116,652,663,-11
122000117,1518,483,1035
122000118,828,996,-168
122000119,3588,2591,997
122000120,2060,4279,-2219
122000121,2042,3277,-1235
122000122,891,1958,-1067
122000123,1902,1978,-76
122000124,1213,643,570
122000125,712,830,-118
122000126,732,1239,-507
122000127,1062,1260,-198
122000128,496,880,-384
122000129,611,1409,-798
122000130,3359,1367,1992
122000131,1582,1098,484
122000132,610,661,-51
122000133,1048,1688,-640
122000134,1003,959,44
122000135,770,901,-131
122000136,891,618,273
122000137,1924,1127,797
122000139,1483,3875,-2392
122000140,898,803,95
122000141,4905,1248,3657
122000142,462,1020,-558
122000143,510,505,5
122000144,1528,1452,76
122000145,1694,987,707
122000146,1243,1642,-399
122000147,760,479,281
122000148,2019,2552,-533
122000149,2430,1796,634
122000150,1279,1194,85
122000151,243,435,-192
122000152,422,428,-6
122000153,396,394,2
122000154,290,314,-24
122000155,1746,2463,-717
122000156,2835,3115,-280
122000157,1454,2778,-1324
122000158,433,828,-395
122000159,780,2102,-1322
122000160,3697,2230,1467
122000161,1224,1189,35
122000162,2674,2104,570
122000163,288,101,187
122000164,64,105,-41
122000165,966,662,304
122000166,965,1119,-154
122000167,300,273,27
122000168,335,580,-245
122000169,435,181,254
122000170,436,258,178
122000171,61,106,-45
122000172,2071,1566,505
122000173,1759,2742,-983
122000174,2307,1015,1292
122000175,1172,301,871
122000176,377,810,-433
122000177,1508,1644,-136
122000178,3208,2569,639
122000179,2008,2733,-725
122000180,1926,1647,279
122000181,1890,3424,-1534
122000182,2308,1956,352
122000183,2409,1059,1350
122000184,3862,2651,1211
122000185,1662,1926,-264
122000186,562,772,-210
122000187,1899,965,934
122000188,593,222,371
122000189,366,301,65
122000190,1236,1182,54
122000191,1015,907,108
122000192,1158,430,728
122000193,528,895,-367
122000194,545,198,347
122000195,142,573,-431
122000196,1318,731,587
122000197,542,955,-413
122000198,507,1021,-514
122000199,359,351,8
122000200,1085,762,323
122000201,1440,1636,-196
122000202,1550,1687,-137
122000203,3278,1682,1596
122000204,1707,2268,-561
122000205,1482,1762,-280
122000206,2280,972,1308
122000207,1991,1586,405
122000208,2477,1596,881
122000209,2198,459,1739
122000210,2044,2072,-28
122000211,1484,1638,-154
122000212,824,579,245
122000213,1348,1467,-119
122000214,2353,1859,494
122000215,2408,1866,542
122000217,2263,1718,545
122000218,910,116,794
122000219,1353,1067,286
122000220,481,890,-409
122000221,88,440,-352
122000222,670,164,506
122000223,1421,699,722
122000225,958,305,653
122000226,1681,2086,-405
122000227,338,2438,-2100
122000228,464,474,-10
122000229,44,577,-533
122000230,241,604,-363
122000231,572,909,-337
122000232,775,1150,-375
122000233,1,138,-137
122000234,363,97,266
122000235,649,172,477
122000236,1282,123,1159
122000237,159,88,71
122000238,682,365,317
122000239,808,183,625
122000240,1371,789,582
122000241,1329,546,783
122000242,898,171,727
122000243,58,31,27
122000244,13,285,-272
122000245,15,80,-65
122000246,48,77,-29
122000247,607,278,329
122000248,1098,1573,-475
122000249,932,847,85
122000250,2273,1085,1188
122000251,279,498,-219
122000252,519,165,354
122000253,89,280,-191
122000254,272,116,156
122000255,851,1782,-931
122000256,448,987,-539
122000257,196,366,-170
122000258,365,315,50
122000259,20,472,-452
122000260,8,86,-78
122000261,17,263,-246
122000262,1,44,-43
122000263,584,212,372
122000264,1751,393,1358
122000265,2515,859,1656
122000266,4871,707,4164
122000267,357,169,188
122000268,224,360,-136
122000269,915,404,511
122000270,663,233,430
122000271,315,1093,-778
122000272,399,964,-565
122000273,438,448,-10
122000274,284,225,59
122000275,309,257,52
122000276,796,593,203
122000277,1317,1848,-531
122000278,1678,771,907
122000279,291,487,-196
122000280,990,745,245
122000281,957,854,103
122000282,268,696,-428
122000283,287,221,66
122000284,349,116,233
122000285,398,142,256
122000286,99,208,-109
122000287,1295,1684,-389
122000288,454,336,118
122000291,2081,787,1294
122000293,291,285,6
122000294,158,268,-110
122000295,1539,202,1337
122000296,39,505,-466
122000297,2627,3241,-614
122000299,640,530,110
122000300,654,611,43
122000301,10034,3309,6725
122000302,600,1600,-1000
122000303,3017,1416,1601
122000304,76,268,-192
122000305,1247,295,952
122000306,52,529,-477
122000307,127,135,-8
122000309,75,34,41
122000310,35,103,-68
122000311,233,124,109
122000312,159,151,8
122000313,124,74,50
122000314,134,266,-132
122000315,268,65,203
122000316,973,240,733
122000317,1875,380,1495
122000318,432,890,-458
122000319,192,383,-191
122000320,341,1435,-1094
122000321,98,166,-68
122000322,2530,2113,417
122000323,1675,2399,-724
122000324,1182,1260,-78
122000325,1316,1792,-476
122000326,80,97,-17
122000327,444,717,-273
122000328,829,780,49
122000330,2454,1200,1254
122000332,265,431,-166
122000333,16,138,-122
122000337,1277,1530,-253
122000338,516,527,-11
122000340,456,673,-217
122000342,1799,1037,762
122000343,497,924,-427
122000344,94,20,74
122000345,53,38,15
122000346,490,535,-45
122000348,842,788,54
122000349,198,785,-587
122000351,133,245,-112
122000352,373,211,162
122000353,113,73,40
122000355,188,345,-157
122000356,1418,1549,-131
122000357,91,16,75
122000358,4,75,-71
122000359,0,52,-52
122000360,0,45,-45
122000362,15,95,-80
122000364,186,436,-250
122000365,6,36,-30
122000366,20,9,11
122000368,525,860,-335
122000370,48,61,-13
122000371,24,1,23
122000372,11,1,10
122000381,123,386,-263
122000382,96,271,-175
122000384,3038,1313,1725
122000385,90,0,90
122000386,377,1387,-1010
122000387,634,747,-113
122000388,1349,671,678
122000389,185,675,-490
122000390,432,325,107
122000391,343,477,-134
122000392,237,240,-3
122000393,48,160,-112
122000394,749,282,467
122000395,116,155,-39
122000396,300,124,176
122000397,49,46,3
122000398,35,53,-18
122000399,143,84,59
122000400,172,664,-492
122000401,153,67,86
122000402,391,140,251
122000403,695,751,-56
122000404,242,286,-44
122000408,978,1424,-446
122000503,19,141,-122
122000524,280,191,89
122000544,137,2243,-2106
122000616,398,7,391
122000640,119,112,7
122000641,101,295,-194
122000642,1232,975,257
122000643,76,173,-97
122000644,152,51,101
122000645,156,218,-62
122000651,1657,1120,537
122000664,138,45,93
122000665,1472,587,885
122000666,831,1176,-345
122000673,32,236,-204
122000674,148,68,80
122000675,1814,762,1052
122000686,486,1035,-549
122000687,1458,298,1160
122000688,498,561,-63
122000689,892,493,399
122000690,2122,559,1563
122000691,1114,1641,-527
122000692,1587,405,1182
122000693,382,1874,-1492
122000695,312,374,-62
122000696,461,320,141
122000698,377,571,-194
122000699,233,141,92
122000701,1464,364,1100
122000702,538,1158,-620
122000703,200,84,116
122000717,56,74,-18
122000718,183,704,-521
122000719,90,118,-28
122000720,455,279,176
122000724,32,10,22
122900001,58,6,52
122900002,1244,5231,-3987
122900003,375,48,327
122900004,1711,70,1641
122900005,161,100,61
122900006,823,868,-45
122900007,155,88,67
122900008,567,167,400
122900009,1025,554,471
122900010,326,185,141
122900012,224,569,-345
122900014,178,248,-70
122900015,2313,1415,898
122900016,159,309,-150
122900017,390,1046,-656
122900018,311,38,273
122900019,18,140,-122
122900020,211,609,-398
122900021,68,522,-454
122900022,1023,998,25
122900023,517,280,237
122900024,141,148,-7
122900025,16,395,-379
122900026,122,340,-218
122900027,96,647,-551
122900028,106,215,-109
122900029,5019,3320,1699
122900030,1225,815,410
122900031,89,275,-186
122900032,160,441,-281
122900033,240,216,24
122900034,4709,5320,-611
122900035,115,102,13
122900036,101,119,-18
122900037,438,129,309
122900038,140,2829,-2689
122900039,135,614,-479
122900040,289,589,-300
122900041,359,482,-123
122900042,187,415,-228
122900043,436,249,187
122900044,154,395,-241
122900045,124,122,2
122900046,223,320,-97
122900047,183,212,-29
122900048,95,213,-118
122900049,1437,162,1275
122900051,107,181,-74
122900052,106,223,-117
122900053,26,49,-23
122900055,375,116,259
122900057,256,92,164
122900061,593,219,374
122900062,641,662,-21
122900063,185,278,-93
122900064,959,597,362
122900065,670,285,385
122900066,846,469,377
122900067,1386,830,556
122900068,188,392,-204
122900069,359,1454,-1095
122900070,401,19,382
122900071,152,347,-195
122900072,12,467,-455
122900073,43,199,-156
122900074,963,679,284
122900075,0,94,-94
122900076,11,211,-200
122900077,1,138,-137
122900078,264,74,190
122900080,48,50,-2
122900081,199,248,-49
122900082,996,376,620
122900083,172,238,-66
122900084,15,254,-239
122900086,12,124,-112
122900087,311,471,-160
122900088,52,231,-179
122900089,55,349,-294
122900090,9,394,-385
122900091,212,5,207
122900092,0,162,-162
122900093,1,205,-204
122900094,6,164,-158
122900095,148,6,142
122900096,322,195,127
122900097,36,39,-3
122900098,82,122,-40
122900099,69,12,57
122900100,290,369,-79
122900101,573,281,292
122900102,20,48,-28
122900103,111,6,105
122900104,197,19,178
122900105,20,6,14
122900106,4,100,-96
122900107,14,192,-178
122900108,4,144,-140
123000001,1581,495,1086
123000002,4071,5746,-1675
123000003,4224,4339,-115
123000004,3123,4044,-921
123000005,2894,2848,46
123000006,2499,2748,-249
123000007,4354,2841,1513
123000008,2818,3299,-481
123000009,4885,3068,1817
123000010,3383,3469,-86
123000011,2617,845,1772
123000012,752,2243,-1491
123000013,3594,928,2666
123000014,884,3727,-2843
123000015,4529,1378,3151
123000016,4905,5284,-379
123000017,3468,1789,1679
123000018,78,111,-33
123000019,332,146,186
123000020,212,86,126
123000021,99,192,-93
123000022,389,1701,-1312
123000023,1797,1695,102
123000024,1772,721,1051
123000025,165,126,39
123000026,73,95,-22
123000027,188,719,-531
123000028,1762,764,998
123000029,923,1515,-592
123000030,302,370,-68
123000031,292,283,9
123000032,468,149,319
123000033,240,117,123
123000034,1123,865,258
123000035,453,399,54
123000036,278,937,-659
123000037,312,412,-100
123000038,195,203,-8
123000039,486,1548,-1062
123000040,804,397,407
123000041,1148,1242,-94
123000042,889,736,153
123000043,3512,10399,-6887
123000044,5293,3038,2255
123000045,8788,3560,5228
123000046,865,1685,-820
123000047,2477,1152,1325
123000048,137,917,-780
123000049,7872,11329,-3457
123000050,1709,1814,-105
123000051,89,186,-97
123000052,887,3796,-2909
123000053,2661,3566,-905
123000054,1635,2090,-455
123000055,1771,3032,-1261
123000056,1153,2001,-848
123000057,13683,8476,5207
123000058,795,1254,-459
123000059,506,676,-170
123000060,915,420,495
123000061,265,757,-492
123000063,836,1011,-175
123000064,1114,306,808
123000065,5898,3242,2656
123000066,716,661,55
123000067,786,584,202
123000068,2824,3030,-206
123000069,7180,3635,3545
123000070,244,728,-484
123000071,1307,1035,272
123000072,1297,935,362
123000073,1289,784,505
123000074,1169,1126,43
123000075,434,1199,-765
123000076,910,752,158
123000077,1864,2601,-737
123000078,1634,1601,33
123000079,1631,1837,-206
123000080,2534,1808,726
123000081,208,385,-177
123000082,412,1027,-615
123000083,1046,292,754
123000084,716,468,248
123000085,360,69,291
123000086,564,170,394
123000087,459,387,72
123000088,1328,872,456
123000089,554,1123,-569
123000090,1187,872,315
123000091,1592,1500,92
123000092,1031,1147,-116
123000094,641,281,360
123000095,708,664,44
123000096,706,422,284
123000097,507,696,-189
123000098,831,599,232
123000099,671,769,-98
123000100,504,823,-319
123000101,630,857,-227
123000102,561,685,-124
123000104,582,469,113
123000105,721,501,220
123000106,566,449,117
123000107,447,509,-62
123000108,891,1071,-180
123000111,914,347,567
123000112,1427,562,865
123000113,582,1384,-802
123000114,510,619,-109
123000115,365,297,68
123000116,36,99,-63
123000117,1683,2116,-433
123000118,438,957,-519
123000119,341,919,-578
123000120,353,887,-534
123000121,592,578,14
123000122,368,292,76
123000123,450,572,-122
123000124,559,503,56
123000125,1158,1241,-83
123000126,1535,4709,-3174
123000127,881,760,121
123000128,411,326,85
123000129,803,221,582
123000130,702,99,603
123000131,1016,673,343
123000132,409,716,-307
123000133,274,392,-118
123000134,380,141,239
123000135,2500,1272,1228
123000136,264,815,-551
123000137,126,332,-206
123000138,122,424,-302
123000139,609,133,476
123000140,157,920,-763
123000141,883,175,708
123000142,1004,1223,-219
123000143,1229,2126,-897
123000144,56,47,9
123000145,235,188,47
123000146,73,96,-23
123000147,101,109,-8
123000149,413,452,-39
123000150,169,245,-76
123000151,405,497,-92
123000152,213,514,-301
123000153,277,794,-517
123000154,1684,2129,-445
123000155,2468,1471,997
123000156,48,133,-85
123000157,609,1114,-505
123000158,617,853,-236
123000159,3493,2673,820
123000160,1052,835,217
123000161,1977,1294,683
123000162,1063,1723,-660
123000163,679,185,494
123000164,1816,347,1469
123000165,542,1525,-983
123000166,67,167,-100
123000167,168,279,-111
123000168,287,275,12
123000169,831,141,690
123000170,82,185,-103
123000171,886,37,849
123000172,278,551,-273
123000173,637,336,301
123000174,1167,452,715
123000175,749,1309,-560
123000176,1220,330,890
123000177,365,1065,-700
123000178,860,205,655
123000179,64,587,-523
123000180,1635,306,1329
123000181,262,1237,-975
123000182,197,469,-272
123000183,183,459,-276
123000184,174,590,-416
123000185,725,322,403
123000186,6,600,-594
123000187,698,13,685
123000188,212,1,211
123000189,205,195,10
123000190,59,88,-29
123000192,37,421,-384
123000193,104,834,-730
123000194,439,360,79
123000195,413,46,367
123000196,386,30,356
123000197,65,144,-79
123000198,48,580,-532
123000199,20,718,-698
123000200,622,8,614
123000201,1122,29,1093
123000202,25,945,-920
123000203,1083,67,1016
123000204,98,935,-837
123000205,632,1463,-831
123000206,2439,278,2161
123000207,96,772,-676
123000208,579,244,335
123000209,2290,717,1573
123000210,513,1953,-1440
123000211,594,2560,-1966
123000212,3542,604,2938
123000213,815,130,685
123000215,91,263,-172
123000216,216,1077,-861
123000217,223,41,182
123000218,73,861,-788
123000219,1066,57,1009
123000220,660,130,530
123000221,148,109,39
123000222,487,507,-20
123000223,504,354,150
123000224,473,480,-7
123000225,347,66,281
123000226,80,384,-304
123000227,71,339,-268
123000228,307,70,237
123000229,1039,1622,-583
123000232,118,587,-469
123000233,878,209,669
123000234,207,600,-393
123000235,1166,391,775
123000236,337,775,-438
123000237,368,99,269
123000238,103,521,-418
123000239,558,1376,-818
123000240,73,509,-436
123000241,491,103,388
123000242,287,227,60
123000243,716,903,-187
123000244,934,728,206
123000245,69,167,-98
123000249,649,565,84
123000252,929,263,666
123000253,1265,505,760
123000254,746,1100,-354
123000255,1478,1199,279
123000256,33,272,-239
123000257,2895,2131,764
123000258,1067,833,234
123000259,452,472,-20
123000260,560,441,119
123000261,336,195,141
123000262,96,196,-100
123000263,436,99,337
123000264,225,110,115
123000265,52,157,-105
123000266,653,865,-212
123000267,733,447,286
123000268,41,61,-20
123000269,82,62,20
123000270,30,44,-14
123000271,68,75,-7
123000272,870,268,602
123000273,273,672,-399
123000274,1298,624,674
123000275,437,855,-418
123000278,2848,2524,324
123000279,84,117,-33
123000280,363,317,46
123000281,328,170,158
123000282,158,292,-134
123000283,164,91,73
123000284,51,61,-10
123000286,300,384,-84
123000287,558,301,257
123000288,1731,993,738
123000289,521,1197,-676
123000291,348,885,-537
123000294,175,255,-80
123000295,1042,932,110
123000296,624,453,171
123000297,586,513,73
123000298,568,424,144
123000299,52,162,-110
123000300,872,858,14
123000301,154,267,-113
123000302,97,189,-92
123000303,133,187,-54
123000305,998,924,74
123000306,186,125,61
123000309,46,63,-17
123000310,56,51,5
123000311,0,84,-84
123000312,453,771,-318
123000313,585,302,283
123000315,162,355,-193
123000316,1109,85,1024
123000317,202,89,113
123000318,67,210,-143
123000329,5,15,-10
123000337,1231,472,759
123000338,440,67,373
123000339,296,161,135
123000340,156,398,-242
123000342,22,35,-13
123000343,65,10,55
123000344,1274,486,788
123000345,343,702,-359
123000346,404,37,367
123000352,1436,899,537
123000353,40,182,-142
123000354,237,4,233
123000355,0,387,-387
123000356,436,31,405
123000357,1,143,-142
123000359,6,165,-159
123000360,283,54,229
123000361,275,333,-58
123000362,508,98,410
123000363,109,244,-135
123000364,546,556,-10
123000365,17,431,-414
123000366,480,2074,-1594
123000367,359,1109,-750
123000370,52,278,-226
123000371,611,30,581
123000372,436,22,414
123000373,9,393,-384
123000374,35,211,-176
123000375,508,39,469
123000376,981,682,299
123000377,535,19,516
123000378,24,343,-319
123000379,12,274,-262
123000380,65,514,-449
123000381,175,101,74
123000382,1412,130,1282
123000383,227,1447,-1220
123000384,565,118,447
123000385,171,525,-354
123000436,61,1073,-1012
123000507,153,299,-146
123000508,173,1037,-864
123000517,428,50,378
123000518,38,254,-216
123000519,233,71,162
123000520,80,236,-156
123000521,428,122,306
123000522,170,427,-257
123000541,13,2,11
123000542,0,15,-15
123000565,699,44,655
123000566,292,470,-178
123000567,93,230,-137
123000573,37,770,-733
123000574,703,57,646
123000575,1388,1146,242
123000576,943,1360,-417
123000577,79,675,-596
123000578,567,82,485
123000579,2638,6164,-3526
123000580,146,34,112
123000582,449,47,402
123000583,33,431,-398
123000584,247,313,-66
123000585,1,118,-117
123000586,115,32,83
123000596,82,103,-21
123000597,77,183,-106
123000602,40,14,26
123000603,796,497,299
123000604,412,714,-302
123000605,795,134,661
123000606,1,383,-382
123000609,13,324,-311
123000610,238,128,110
123000613,20,177,-157
123000614,261,62,199
123000615,35,109,-74
123000616,803,74,729
123000617,155,424,-269
123000618,78,825,-747
123000619,583,66,517
123000620,27,547,-520
123000622,459,46,413
123000624,174,39,135
123000630,907,388,519
123000631,282,944,-662
123000632,880,857,23
123000633,1,183,-182
123000634,58,116,-58
123000635,99,124,-25
123000636,26,542,-516
123000637,188,75,113
123000638,448,48,400
123000639,1297,4054,-2757
123000640,42,635,-593
123900001,1262,71,1191
123900002,24,1309,-1285
123900003,260,423,-163
123900005,236,156,80
123900006,230,47,183
124000001,2055,158,1897
124000002,79,1772,-1693
124000003,892,154,738
124000004,109,536,-427
124000005,1056,436,620
124000006,237,954,-717
124000007,468,108,360
124000008,11,475,-464
124000009,566,231,335
124000010,158,399,-241
124000011,981,333,648
124000012,313,511,-198
124000017,157,97,60
124000018,132,88,44
124000019,112,114,-2
124000020,49,173,-124
124000021,125,107,18
124000022,120,229,-109
124000023,1453,1850,-397
124000024,1072,514,558
124000025,1219,1913,-694
124000026,977,964,13
124000027,5150,5556,-406
124000028,2255,4477,-2222
124000030,2884,1468,1416
124000031,1244,2987,-1743
124000032,2519,906,1613
124000033,184,239,-55
124000034,1094,572,522
124000035,37,205,-168
124000036,60,144,-84
124000037,700,1094,-394
124000038,65,106,-41
124000039,1166,537,629
124000040,563,1278,-715
124000041,449,92,357
124000042,92,453,-361
124000043,118,100,18
124000044,36,211,-175
124000045,855,570,285
124000046,354,665,-311
124000047,1803,837,966
124000048,955,1466,-511
124000049,1868,630,1238
124000050,870,1842,-972
124000051,1079,527,552
124000052,733,1033,-300
124000053,598,1544,-946
124000054,957,593,364
124000055,1525,2808,-1283
124000056,2413,1532,881
124000057,912,616,296
124000058,507,1177,-670
124000059,644,1246,-602
124000060,1193,678,515
124000061,1374,5168,-3794
124000062,4103,2073,2030
124000063,1242,1739,-497
124000064,2183,1422,761
124000065,7,342,-335
124000066,61,46,15
124000067,223,208,15
124000068,20,21,-1
124000069,137,13,124
124000070,27,100,-73
124000071,241,95,146
124000072,206,420,-214
124000073,1035,162,873
124000074,228,760,-532
124000075,339,33,306
124000076,4,208,-204
124000077,1456,1172,284
124000078,2888,1262,1626
124000079,460,1703,-1243
124000080,525,186,339
124000081,252,620,-368
124000082,78,177,-99
124000083,83,155,-72
124000084,95,357,-262
124000085,117,46,71
124000086,125,139,-14
124000087,226,76,150
124000088,261,431,-170
124000089,883,353,530
124000090,105,334,-229
124000091,385,85,300
124000092,83,385,-302
124000093,128,88,40
124000094,202,473,-271
124000095,116,94,22
124000096,152,293,-141
124000097,103,118,-15
124000098,51,108,-57
124000099,313,105,208
124000100,66,111,-45
124000101,116,92,24
124000102,112,54,58
124000103,133,104,29
124000104,106,47,59
124000105,100,101,-1
124000106,127,40,87
124000107,20,206,-186
124000108,35,23,12
124000109,129,119,10
124000110,198,86,112
124000111,231,153,78
124000112,707,696,11
124000113,106,113,-7
124000114,344,464,-120
124000115,390,717,-327
124000116,108,165,-57
124000117,56,97,-41
124000118,51,122,-71
124000119,874,605,269
124000120,533,525,8
124000121,1425,719,706
124000122,643,1327,-684
124000123,1241,538,703
124000124,401,1104,-703
124000125,517,550,-33
124000126,348,618,-270
124000127,1058,364,694
124000128,648,1083,-435
124000129,2348,1791,557
124000130,856,709,147
124000131,1092,715,377
124000132,933,831,102
124000133,755,890,-135
124000134,1041,740,301
124000135,1908,2060,-152
124000136,1109,1133,-24
124000137,1313,979,334
124000138,2225,1396,829
124000139,618,32,586
124000140,33,433,-400
124000141,156,11,145
124000142,9,173,-164
124000143,81,10,71
124000144,17,45,-28
124000145,214,79,135
124000146,55,71,-16
124000148,30,109,-79
124000149,1310,464,846
124000150,428,696,-268
124000151,925,368,557
124000152,766,1197,-431
124000153,918,782,136
124000154,625,746,-121
124000155,1453,952,501
124000156,1649,1088,561
124000169,310,477,-167
124000170,582,464,118
124000171,395,252,143
124000172,444,586,-142
124000173,487,238,249
124000174,369,582,-213
124000175,2,132,-130
124000176,50,16,34
124000177,15,40,-25
124000178,51,49,2
124000190,63,28,35
124000191,62,101,-39
124000192,1607,370,1237
124000193,447,985,-538
124000194,402,457,-55
124000195,272,556,-284
124000196,1013,1024,-11
124000197,63,59,4
124000198,44,67,-23
124000201,316,898,-582
124000202,601,544,57
124000203,479,550,-71
124000204,845,330,515
124000205,119,419,-300
124000206,833,309,524
124000207,0,59,-59
124000209,219,379,-160
124000210,565,201,364
124000211,744,3,741
124000212,2,404,-402
124000213,490,320,170
124000214,357,561,-204
124000215,356,42,314
124000216,0,397,-397
124000329,221,1410,-1189
124000338,384,725,-341
124000339,1083,126,957
124000341,1334,124,1210
124000344,23,2,21
124000357,1087,1881,-794
124000358,844,1206,-362
124000359,1469,754,715
124000360,982,532,450
124000361,1737,864,873
124000362,1311,1636,-325
124000363,351,459,-108
124000364,569,1188,-619
124000365,633,1165,-532
124000366,1314,1040,274
124000367,121,524,-403
124000368,412,367,45
124000369,201,115,86
124000370,109,551,-442
124000402,33,13,20
124000403,168,15,153
124000404,10,89,-79
124000405,1372,922,450
124000406,854,1008,-154
124000407,5,36,-31
124000411,12,334,-322
124000412,465,10,455
124000413,141,38,103
124000414,53,101,-48
124000415,75,101,-26
124000416,134,183,-49
124000417,142,94,48
124000418,181,74,107
124000419,99,126,-27
124000420,67,63,4
124000421,41,139,-98
124000422,40,12,28
124000423,182,28,154
124000424,2,81,-79
124000425,46,25,21
124000426,9,50,-41
124000427,47,8,39
124000428,11,48,-37
124000429,91,72,19
124000430,753,510,243
124000431,266,650,-384
124000432,288,734,-446
124000439,14,7,7
124000442,11,99,-88
124000443,1,10,-9
124000445,110,523,-413
124000446,790,83,707
124900001,434,353,81
124900002,233,328,-95
124900003,1087,539,548
124900004,676,354,322
124900005,260,184,76
124900006,659,296,363
124900008,1201,574,627
124900009,214,373,-159
124900010,223,160,63
124900011,664,200,464
124900012,601,138,463
124900013,504,130,374
124900014,334,71,263
124900015,215,416,-201
124900016,80,117,-37
124900017,733,1553,-820
124900018,70,9,61
124900020,100,85,15
124900021,389,52,337
124900022,63,14,49
124900024,253,13,240
124900026,209,51,158
124900027,128,496,-368
124900028,525,126,399
124900029,6,467,-461
124900030,13,153,-140
124900031,82,314,-232
124900032,348,268,80
124900033,138,403,-265
124900034,24,135,-111
124900035,167,540,-373
124900036,1,92,-91
124900037,234,328,-94
124900038,321,252,69
124900039,0,146,-146
124900040,259,136,123
124900041,219,868,-649
124900042,227,1,226
124900043,472,864,-392
124900044,106,1,105
124900045,819,1151,-332
124900046,1288,326,962
124900047,132,209,-77
124900048,213,102,111
124900050,208,214,-6
124900052,63,534,-471
124900053,143,320,-177
124900054,1542,505,1037
124900055,2,253,-251
124900057,25,50,-25
124900060,104,227,-123
124900061,93,13,80
124900062,289,21,268
124900066,0,15,-15
124900067,11,131,-120
124900068,243,666,-423
124900070,101,41,60
124900072,132,31,101
124900074,589,209,380
124900075,239,201,38
124900076,27,1082,-1055
124900077,50,117,-67
124900078,69,27,42
124900079,548,281,267
124900080,331,508,-177
124900081,930,302,628
124900082,290,658,-368
124900083,205,495,-290
124900084,1784,145,1639
124900085,1021,553,468
124900086,137,1494,-1357
124900087,692,142,550
124900088,781,151,630
124900089,1197,36,1161
124900090,388,329,59
124900091,356,392,-36
124900092,300,236,64
124900093,403,248,155
124900094,440,308,132
124900095,114,562,-448
124900096,660,291,369
124900097,329,59,270
124900098,193,372,-179
124900099,789,539,250
124900100,375,44,331
124900101,77,503,-426
124900102,255,22,233
124900103,138,198,-60
124900104,58,168,-110
124900105,105,115,-10
124900106,459,56,403
124900107,157,17,140
124900108,148,112,36
124900109,107,113,-6
124900110,332,347,-15
124900111,0,168,-168
124900112,49,672,-623
124900113,145,272,-127
124900114,155,147,8
124900115,130,46,84
124900116,206,142,64
124900117,288,192,96
124900118,201,189,12
124900119,339,164,175
124900120,47,323,-276
124900121,119,335,-216
124900122,237,211,26
124900123,288,120,168
124900124,146,251,-105
129000186,152,62,90
204000001,28,1,27
204000002,21,3,18
204000003,40,6,34
204000004,3,5,-2
204000005,548,424,124
204000006,1418,1042,376
204000011,17,44,-27
204000012,122,69,53
204000013,2,40,-38
204000019,597,486,111
204000020,735,580,155
204000021,1928,812,1116
204000022,498,461,37
204000023,488,693,-205
204000031,42,12,30
204000032,349,26,323
204000034,14,195,-181
204000035,0,4,-4
204000036,3,27,-24
204000037,0,16,-16
204000038,0,5,-5
204000039,2,26,-24
204000040,2,23,-21
204000041,6,22,-16
204000042,51,13,38
204000043,33,9,24
204000044,21,9,12
204000045,49,3,46
204000046,8,5,3
204000057,11,29,-18
204000062,9,19,-10
204000068,41,249,-208
204000069,18,316,-298
204000070,84,47,37
204000080,55,62,-7
204000085,2027,1643,384
204000086,2213,1746,467
204000087,45,7,38
204000088,8,95,-87
204000090,27,296,-269
204000093,351,61,290
204000096,852,998,-146
204000097,507,6,501
204000099,1196,1342,-146
204000100,1460,1836,-376
204000105,2140,1293,847
204000110,816,1136,-320
204000111,494,638,-144
204000112,1242,1105,137
204000113,604,902,-298
204000114,1110,811,299
204000115,617,343,274
204000116,2178,761,1417
204000119,1827,2737,-910
204000132,722,295,427
204000133,824,213,611
204000134,345,105,240
204000135,645,77,568
204000136,762,196,566
204000138,439,516,-77
204000140,190,157,33
204000141,174,60,114
204000144,12,20,-8
204000145,525,47,478
204000146,24,391,-367
204000147,26,144,-118
204000148,177,22,155
204000154,10,2,8
204000155,6,3,3
204000177,96,38,58
204000179,23,8,15
204000180,0,19,-19
204000222,4,16,-12
204000235,13,23,-10
204000236,75,227,-152
204000238,22,26,-4
204000240,379,86,293
204000263,430,853,-423
204000268,1103,672,431
204000308,210,31,179
204000317,7,42,-35
204000322,2,35,-33
204000323,23,5,18
204000328,275,49,226
204000329,33,224,-191
204000330,194,19,175
204000331,34,91,-57
204010341,6,174,-168
205000001,831,1676,-845
205000013,6,79,-73
205000014,26,114,-88
205000015,30,149,-119
205000016,16,135,-119
205000017,20,98,-78
205000022,240,740,-500
205000025,1043,1116,-73
205000029,186,19,167
205000045,141,532,-391
205000046,126,453,-327
205000047,63,430,-367
205000048,293,824,-531
205000049,197,786,-589
205000050,598,247,351
205000059,0,175,-175
205000060,1,88,-87
205000061,6,83,-77
205000062,3,68,-65
205000063,10,122,-112
205000064,8,66,-58
205000065,63,482,-419
205000066,97,501,-404
205000067,34,668,-634
205000069,184,12,172
205000082,209,172,37
205000110,77,244,-167
205000111,170,197,-27
205000112,160,231,-71
205000113,148,333,-185
205000121,350,45,305
205000123,53,226,-173
205000126,462,68,394
205000127,641,114,527
205000128,351,52,299
205000129,620,55,565
205000130,181,30,151
205000131,118,8,110
205000132,154,1,153
205000133,74,1,73
205000134,280,0,280
205000137,74,155,-81
205000138,147,327,-180
205000139,27,126,-99
205000144,88,81,7
205000145,567,176,391
205000151,183,21,162
205000152,234,26,208
205000153,266,29,237
205000154,106,37,69
205000155,106,9,97
205000207,3,182,-179
205000233,11,0,11
205000234,0,2,-2
205000243,0,2,-2
205000244,0,4,-4
205000245,8,191,-183
205000249,1,23,-22
205000250,6,2,4
205000264,10,79,-69
206000027,9,4,5
206000028,11,2,9
206000043,9,49,-40
206000053,0,5,-5
206000054,1,17,-16
206000055,3,14,-11
206000075,8,16,-8
206000076,15,19,-4
206000077,17,4,13
206000078,17,9,8
206000079,24,8,16
206000082,405,45,360
206000100,31,556,-525
206000103,2,14,-12
206000104,12,12,0
206000105,5,13,-8
206000106,5,22,-17
206000108,651,46,605
206000125,54,0,54
206000157,63,564,-501
206000170,1,147,-146
206000171,0,165,-165
206000172,5,399,-394
206000173,3,220,-217
206000174,11,74,-63
206000175,2,104,-102
206000176,15,156,-141
206000177,2,160,-158
206000178,2,160,-158
206000179,2,112,-110
206000180,18,146,-128
206000181,3,116,-113
206000182,12,121,-109
206000183,15,543,-528
206000184,5,347,-342
206000185,10,168,-158
206000186,125,825,-700
206000223,2,252,-250
206000226,19,5,14
206000227,27,4,23
206000237,26,299,-273
206000238,52,466,-414
206000239,227,1793,-1566
206000240,0,55,-55
206000241,0,64,-64
206000242,9,237,-228
206000243,4,150,-146
206000244,46,541,-495
206000245,829,85,744
206000246,200,16,184
206000247,211,10,201
206000248,369,13,356
206000252,68,52,16
206000258,13,33,-20
206000315,30,10,20
206000317,532,89,443
206000318,482,61,421
206000319,1399,86,1313
206000320,187,36,151
206000321,246,13,233
206000322,464,21,443
206000323,165,11,154
206000324,183,3,180
206000325,247,20,227
206000326,170,15,155
206000327,193,10,183
206000328,178,7,171
206000329,260,11,249
206000330,52,2,50
206000331,204,3,201
206000332,39,2,37
206000333,583,2,581
206000334,270,1,269
206000335,0,10,-10
206000361,5,182,-177
206000392,5,25,-20
206000405,151,0,151
206000441,15,16,-1
206000498,44,3,41
206000515,91,41,50
206000530,301,55,246
206000531,190,198,-8
206000532,1822,267,1555
206000535,296,1738,-1442
206000536,17,193,-176
206000537,23,147,-124
206000613,1702,226,1476
207000001,165,621,-456
207000002,127,320,-193
207000003,123,174,-51
207000007,857,201,656
207000008,93,11,82
207000009,54,43,11
207000010,346,385,-39
207000012,345,230,115
207000015,248,1170,-922
207000019,241,68,173
207000021,511,126,385
207000022,160,118,42
207000023,226,52,174
207000024,4,13,-9
207000025,28,57,-29
207000026,97,32,65
207000027,14,85,-71
207000028,60,163,-103
207000029,191,400,-209
207000033,215,429,-214
207000034,321,94,227
207000039,406,87,319
207000040,383,71,312
207000041,133,41,92
207000042,265,77,188
207000043,273,166,107
207000051,95,226,-131
207000052,42,131,-89
207000053,411,427,-16
207000054,36,81,-45
207000055,139,73,66
207000056,405,270,135
207000057,118,206,-88
207000058,201,267,-66
207000059,79,421,-342
207000060,70,168,-98
207000061,268,448,-180
207000062,254,31,223
207000063,267,77,190
207000064,405,117,288
207000065,379,203,176
207000066,193,123,70
207000067,60,73,-13
207000068,124,66,58
207000069,627,312,315
207000082,19,212,-193
207000083,68,244,-176
207000084,256,231,25
207000085,216,8,208
207000086,201,8,193
207000106,40,26,14
207000107,83,20,63
207000108,52,5,47
207000109,37,24,13
207000110,87,88,-1
207000111,72,89,-17
207000112,152,638,-486
207000114,28,44,-16
207000115,15,82,-67
207000116,14,358,-344
207000117,5,88,-83
207000118,7,80,-73
207000119,34,80,-46
207000123,147,23,124
207000124,74,27,47
207000125,69,30,39
207000126,69,49,20
207000134,73,123,-50
207000135,22,235,-213
207000148,68,298,-230
207000149,62,42,20
207000152,119,345,-226
207000153,869,1358,-489
207000154,348,154,194
207000159,58,133,-75
207000160,112,368,-256
207000238,0,159,-159
207000242,4,150,-146
207000248,44,32,12
207000249,153,45,108
207000250,700,77,623
207000251,112,97,15
207000252,60,72,-12
207000278,88,95,-7
207000279,36,134,-98
207000280,555,83,472
207000281,92,778,-686
207000282,226,101,125
207000283,109,212,-103
207000284,84,182,-98
207000285,119,58,61
207000291,20,107,-87
207000304,126,65,61
207000306,49,373,-324
207000310,89,58,31
207000353,223,0,223
207000356,18,57,-39
207000357,10,20,-10
207000358,11,21,-10
207000415,4,134,-130
207000417,52,5,47
207000418,25,112,-87
207000438,0,0,0
207000439,941,853,88
207000446,185,10,175
207000460,43,11,32
207000466,173,156,17
207000467,241,84,157
207000468,27,251,-224
207000476,13,68,-55
207000477,664,75,589
207000478,0,14,-14
207000523,0,18,-18
207000524,53,0,53
207000527,158,146,12
207000530,481,4,477
207000531,280,3,277
207000532,132,44,88
207000534,439,50,389
207000535,31,300,-269
207000537,71,91,-20
207000540,8,174,-166
207000541,7,294,-287
207000548,8,227,-219
207000549,439,16,423
207000561,146,214,-68
207000562,40,182,-142
207000567,150,195,-45
207000568,182,52,130
207000569,429,658,-229
207000584,303,258,45
207000585,88,449,-361
207000616,0,138,-138
207000617,110,1,109
207900008,243,99,144
208000001,621,972,-351
208000002,683,498,185
208000003,1240,438,802
208000004,1258,648,610
208000005,7,14,-7
208000019,653,976,-323
208000020,185,461,-276
208000021,282,356,-74
208000022,1098,486,612
208000028,1795,1131,664
208000033,696,610,86
208000034,1247,1177,70
208000040,336,193,143
208000041,1120,579,541
208000042,1572,698,874
208000047,153,244,-91
208000064,2538,1433,1105
208000066,1928,2658,-730
208000070,345,322,23
208000071,392,805,-413
208000072,325,1158,-833
208000080,338,337,1
208000081,318,129,189
208000082,270,196,74
208000083,99,326,-227
208000084,28,17,11
208000085,894,634,260
208000086,494,959,-465
208000087,379,662,-283
208000089,993,337,656
208000090,909,624,285
208000093,130,149,-19
208000094,495,352,143
208000095,725,512,213
208000104,1009,877,132
208000105,684,989,-305
208000114,121,401,-280
208000115,510,345,165
208000116,591,1232,-641
208000117,69,163,-94
208000118,93,126,-33
208000155,735,1189,-454
208000158,1373,3739,-2366
208000186,3830,4319,-489
208000204,641,1002,-361
208000205,1006,901,105
208000282,5773,3424,2349
209000004,352,157,195
209000005,48,26,22
209000006,410,160,250
209000007,231,359,-128
209000010,428,145,283
209000011,210,267,-57
209000012,229,139,90
209000013,279,313,-34
209000014,511,1011,-500
209000025,280,56,224
209000026,654,97,557
209000027,383,681,-298
209000028,498,684,-186
209000029,520,661,-141
209000030,409,1248,-839
209000031,2188,1979,209
209000034,233,229,4
209000035,168,166,2
209000036,178,95,83
209000037,263,197,66
209000038,104,151,-47
209000039,49,131,-82
209000040,314,502,-188
209000041,160,419,-259
209000042,262,362,-100
209000043,710,809,-99
209000044,237,843,-606
209000045,1265,483,782
209000046,496,462,34
209000047,436,181,255
209000048,553,371,182
209000049,81,68,13
209000050,165,110,55
209000051,229,223,6
209000052,161,149,12
209000062,28,68,-40
209000063,50,66,-16
209000064,32,81,-49
209000065,60,22,38
209000066,83,24,59
209000067,99,34,65
209000080,33,207,-174
209000082,73,29,44
209000091,21,97,-76
209000093,37,25,12
209000094,162,212,-50
209000110,43,131,-88
209000111,546,1349,-803
209000112,922,422,500
209000113,1570,401,1169
209000114,772,408,364
209000115,39,99,-60
209000116,363,326,37
209000118,18,46,-28
209000119,12,18,-6
209000121,126,440,-314
209000135,104,213,-109
209000142,694,1575,-881
209000143,72,60,12
209000144,50,145,-95
209000229,252,135,117
209000240,36,244,-208
209000259,65,80,-15
209000260,48,1026,-978
209000261,11,920,-909
209000262,2,507,-505
209000263,0,167,-167
209000264,0,165,-165
209000265,647,3,644
209000266,177,2,175
209000267,1677,16,1661
209000268,708,68,640
210000037,81,27,54
210000047,77,25,52
210000048,94,29,65
210000049,52,20,32
210000052,57,87,-30
210000053,31,60,-29
210000054,54,75,-21
210000070,156,3,153
210000071,88,0,88
210000072,35,0,35
210000073,0,27,-27
210000074,0,73,-73
210000075,3,110,-107
210000076,10,164,-154
210000077,18,44,-26
210000078,35,21,14
210000079,29,18,11
210000080,89,56,33
210000081,255,26,229
210000082,188,5,183
210000083,78,0,78
210000084,51,0,51
210000085,0,44,-44
210000086,0,97,-97
210000099,44,198,-154
210000100,61,139,-78
210000101,64,163,-99
210000105,30,188,-158
210000159,3,155,-152
210000163,206,207,-1
210000164,257,250,7
210000168,144,57,87
210000187,0,25,-25
210000188,1,20,-19
210000214,36,0,36
210000219,47,49,-2
210000220,88,45,43
210000232,1,32,-31
210000233,33,83,-50
210000234,20,118,-98
210000235,71,69,2
210000245,0,50,-50
210000246,29,0,29
210000258,9,116,-107
210000259,323,80,243
210000282,67,192,-125
210000285,1,110,-109
210000286,12,138,-126
210000290,0,3,-3
210000295,61,104,-43
210000296,51,43,8
210000320,225,68,157
210000321,119,77,42
210000338,58,41,17
210000339,323,1270,-947
210000340,123,443,-320
210000341,230,279,-49
210000342,209,190,19
210000343,198,153,45
210000344,192,103,89
210000345,141,215,-74
210000346,52,115,-63
210000347,92,25,67
210000348,146,16,130
210000349,55,15,40
210000350,164,65,99
210000351,164,120,44
210000352,75,69,6
210000353,64,99,-35
210000354,102,123,-21
210000355,60,72,-12
210000356,59,79,-20
210000357,59,37,22
210000358,249,130,119
210000359,76,69,7
210000360,158,112,46
210000361,192,138,54
210000362,327,193,134
210000363,781,291,490
210000364,96,168,-72
210000365,114,69,45
210000366,123,52,71
210000367,104,39,65
210000368,121,39,82
210000369,17,15,2
210000370,61,17,44
210000372,15,23,-8
210000373,31,22,9
210000374,64,16,48
210000375,42,96,-54
210000376,62,111,-49
210000404,47,112,-65
210000439,19,60,-41
210000472,102,3,99
210000482,46,108,-62
210000564,377,301,76
210000567,0,13,-13
210000568,342,7,335
211000092,57,45,12
211000094,25,7,18
211000169,187,18,169
211000172,10,200,-190
211000209,2,30,-28
211000226,2,10,-8
211000270,5,7,-2
211000275,13,13,0
211000276,81,31,50
211000279,31,37,-6
211000281,75,29,46
211507980,0,49,-49
211977296,51,11,40
212000003,120,36,84
212000004,29,30,-1
212000005,6,24,-18
212000006,26,43,-17
212000008,139,134,5
212000009,25,103,-78
212000012,95,106,-11
212000013,31,68,-37
212000014,263,150,113
212000015,290,236,54
212000016,478,485,-7
212000027,579,514,65
212000028,352,422,-70
212000029,226,231,-5
212000030,77,23,54
212000031,95,35,60
212000048,71,169,-98
212000049,21,135,-114
212000050,22,11,11
212000051,197,224,-27
212000052,180,256,-76
212000053,357,501,-144
212000054,327,113,214
212000055,301,179,122
212000056,27,45,-18
212000057,25,27,-2
212000058,227,37,190
212000070,171,199,-28
212000077,133,479,-346
212000099,304,275,29
212000108,137,149,-12
212000111,227,114,113
212000120,147,54,93
212000138,106,31,75
212000156,20,88,-68
212000158,15,21,-6
212000159,476,43,433
212000160,651,294,357
212000161,58,5,53
212000310,47,26,21
212000311,30,61,-31
212000374,43,10,33
213000001,30,419,-389
213000005,519,109,410
213000006,1204,281,923
213000007,152,12,140
213000009,874,476,398
213000010,189,262,-73
213000011,209,118,91
213000012,171,320,-149
213000014,82,10,72
213000015,234,8,226
213000016,425,2,423
213000017,121,51,70
213000018,1,177,-176
213000019,6,117,-111
213000020,116,406,-290
213000021,5,118,-113
213000023,399,189,210
213000033,362,1687,-1325
213000034,962,306,656
213000035,148,160,-12
213000045,184,221,-37
213000046,240,161,79
213000047,614,1368,-754
213000056,98,42,56
213000069,99,0,99
213000073,4,47,-43
213000074,82,367,-285
213000075,587,17,570
213000076,13,5,8
213000085,8,54,-46
213000086,16,138,-122
213000091,248,19,229
213000092,151,5,146
213000099,125,1126,-1001
213000100,1055,239,816
213000101,342,127,215
213000102,481,265,216
213000103,985,888,97
213000104,45,413,-368
213000105,9,168,-159
213000106,43,112,-69
213000107,150,525,-375
213000108,46,399,-353
213000109,24,214,-190
213000110,31,79,-48
213000111,22,69,-47
213000112,152,119,33
213000115,71,18,53
213000116,38,368,-330
213000117,9,666,-657
213000118,439,282,157
213000119,59,626,-567
213000120,134,496,-362
213000122,127,583,-456
213000123,434,1356,-922
213000124,104,1544,-1440
213000125,112,28,84
213000126,137,126,11
213000127,129,234,-105
213000128,408,1219,-811
213000129,379,635,-256
213000130,641,279,362
213000132,513,84,429
213000133,543,119,424
213000134,845,28,817
213000136,472,35,437
213000137,635,66,569
213000139,181,16,165
213000147,75,7,68
213000148,21,7,14
213000149,51,5,46
213000150,1,129,-128
213000151,7,115,-108
213000152,3,91,-88
213000153,11,161,-150
213000154,51,389,-338
213000155,45,261,-216
213000156,146,430,-284
213000157,572,466,106
213000158,371,948,-577
213000159,786,455,331
213000163,941,104,837
213000165,1079,320,759
213000171,2,80,-78
213000172,4,277,-273
213000173,5,200,-195
213000174,11,185,-174
213000175,18,131,-113
213000176,95,34,61
213000177,114,10,104
213000178,181,10,171
213000179,236,2,234
213000180,207,1,206
213000184,142,428,-286
213000188,466,102,364
213000189,440,49,391
213000190,947,855,92
213000191,297,379,-82
213000192,316,351,-35
213000193,761,333,428
213000194,1,85,-84
213000195,19,317,-298
213000196,283,1262,-979
213000197,440,496,-56
213000198,147,2,145
213000200,115,835,-720
213000201,43,52,-9
213000202,24,460,-436
213000203,3237,620,2617
213000204,696,108,588
213000205,427,104,323
213000206,386,49,337
213000207,181,22,159
213000208,121,3,118
213000209,175,5,170
213000210,396,6,390
213000211,17,23,-6
213000212,10,24,-14
213000213,18,61,-43
213000218,201,572,-371
213000219,572,18,554
213000220,430,25,405
213000223,154,170,-16
213000224,99,55,44
213000225,293,9,284
213000226,102,14,88
213000227,801,141,660
213000228,426,75,351
213000229,274,25,249
213000230,385,15,370
213000232,82,805,-723
213000233,13,451,-438
213000234,3,45,-42
213000293,10,101,-91
213000294,118,24,94
213000295,8,82,-74
213000296,60,15,45
213000297,3,76,-73
213000298,34,66,-32
213000299,80,26,54
213000300,25,9,16
213000303,0,21,-21
213000304,2,12,-10
213000305,8,11,-3
213000306,58,69,-11
213000307,176,54,122
213000308,103,214,-111
213000309,167,79,88
213000310,575,222,353
213000311,255,815,-560
213000315,71,106,-35
213000316,221,51,170
213000322,84,101,-17
213000323,143,65,78
213000324,108,85,23
213000325,79,80,-1
213000326,72,53,19
213000327,73,83,-10
213000328,72,175,-103
213000329,158,47,111
213000340,145,523,-378
213000341,452,65,387
213000347,772,445,327
213000348,15,111,-96
213000349,56,20,36
213000350,251,960,-709
213000366,86,355,-269
213000367,260,20,240
213000379,186,50,136
213000386,13,315,-302
213000406,106,441,-335
213000417,1287,540,747
213000425,238,38,200
213000426,205,47,158
213000427,58,270,-212
213000428,74,191,-117
213000429,17,4,13
213000430,173,748,-575
213000431,67,2,65
213000432,0,162,-162
213000433,18,148,-130
213000434,76,102,-26
213000435,146,78,68
213000436,37,53,-16
213000437,6,27,-21
213000438,142,98,44
213000439,43,6,37
213000440,23,335,-312
213000441,6,4,2
213000442,4,50,-46
213000443,447,358,89
213000444,33,59,-26
213000445,1,91,-90
213000446,1,201,-200
213000447,1,88,-87
213000448,13,127,-114
213000449,361,7,354
213000450,35,45,-10
213000451,247,135,112
213000452,18,20,-2
213000453,18,230,-212
213000455,798,48,750
213000456,3,371,-368
213000481,4,4,0
213000484,41,1,40
213000489,278,70,208
213900002,0,115,-115
213900003,302,77,225
213900013,2,122,-120
213900015,0,13,-13
213900016,19,21,-2
213900020,19,97,-78
213900030,0,74,-74
213900032,246,190,56
213900033,121,56,65
213900034,543,59,484
213900035,220,450,-230
213900036,165,173,-8
213900037,36,291,-255
213900038,459,135,324
213900039,0,83,-83
213900041,0,196,-196
213900042,246,251,-5
213900043,282,132,150
213900244,30,0,30
213900245,0,33,-33
218000003,15,29,-14
218000004,36,22,14
218000005,32,26,6
218000006,62,27,35
218000007,41,18,23
218000012,208,125,83
218000013,83,131,-48
218000014,489,401,88
218000019,705,593,112
218000020,313,397,-84
218000021,31,31,0
218000022,9,28,-19
218000023,6,18,-12
218000024,2,7,-5
218000025,7,11,-4
218000026,7,26,-19
218000027,1,8,-7
218000028,3,2,1
218000029,4,3,1
218000030,18,44,-26
218000031,6,19,-13
218000032,1,36,-35
218000040,17,6,11
218000046,49,99,-50
218000047,12,136,-124
218000048,49,112,-63
218000049,116,124,-8
218000050,408,290,118
218000051,74,271,-197
218000052,3,136,-133
218000053,9,8,1
218000054,30,82,-52
218000055,2,24,-22
218000056,30,42,-12
218000057,4,25,-21
218000064,8,12,-4
218000065,120,39,81
218000066,14,48,-34
218000067,43,47,-4
218000068,110,82,28
218000069,226,90,136
218000070,280,198,82
218000071,141,136,5
218000072,300,181,119
218000078,884,724,160
218000079,97,93,4
218000080,129,60,69
218000081,516,240,276
218000082,56,134,-78
218000083,77,49,28
218000084,168,116,52
218000085,188,388,-200
218000086,57,184,-127
218000087,193,149,44
218000090,12,115,-103
218000091,804,465,339
218000092,83,116,-33
218000093,62,69,-7
218000094,462,463,-1
218000099,331,750,-419
218000100,272,331,-59
218000101,254,165,89
218000102,404,216,188
218000103,118,144,-26
218000104,82,50,32
218000105,29,30,-1
218000106,11,8,3
218000107,61,52,9
218000108,4,46,-42
218000112,73,26,47
218000117,97,50,47
218000134,510,646,-136
218000135,48,108,-60
218000136,310,88,222
218000137,275,147,128
218000138,64,94,-30
218000139,204,273,-69
218000140,447,250,197
218000141,98,69,29
218000142,256,152,104
218000143,149,290,-141
218000144,71,71,0
218000145,310,356,-46
218000146,77,184,-107
218000151,9,26,-17
218000152,194,57,137
218000153,19,2,17
218000154,27,7,20
218000155,33,0,33
218000156,57,15,42
218000157,19,13,6
218000158,4,5,-1
218000159,4,4,0
218000160,8,2,6
218000161,31,11,20
218000162,33,11,22
218000163,13,1,12
218000164,45,5,40
218000165,66,22,44
218000170,7,60,-53
218000171,68,5,63
218000172,16,8,8
218000173,106,13,93
218000174,31,11,20
218000176,240,49,191
218000177,430,288,142
218000178,99,253,-154
218000179,93,80,13
218000180,76,37,39
218000181,169,43,126
218000187,8,20,-12
218000188,33,40,-7
218000189,35,58,-23
218000190,19,19,0
218000191,158,57,101
218000192,235,193,42
218000193,417,385,32
218000194,113,286,-173
218000195,127,85,42
218000196,380,379,1
218000197,447,389,58
218000198,27,129,-102
218000199,63,32,31
218000200,143,43,100
218000201,15,21,-6
218000202,74,221,-147
218000207,4,23,-19
218000208,44,35,9
218000211,70,40,30
218000212,0,10,-10
218000213,109,156,-47
218000214,6,38,-32
218000215,49,72,-23
218000217,4,82,-78
218000218,289,72,217
218000219,29,15,14
218000220,126,377,-251
218000221,588,186,402
218000222,25,55,-30
218000223,51,490,-439
218000224,16,256,-240
218000225,156,32,124
218000226,135,74,61
218000230,0,11,-11
218000232,45,46,-1
218000239,194,14,180
218000240,73,3,70
218000241,65,2,63
218000242,94,7,87
218000243,108,7,101
218000244,57,2,55
218000245,41,0,41
218000246,1,1,0
218000247,1,0,1
218000248,5,15,-10
218000249,0,3,-3
218000250,1,4,-3
218000251,15,16,-1
218000252,2,19,-17
218000253,4,22,-18
218000254,0,24,-24
218000255,3,13,-10
218000256,10,62,-52
218000267,478,828,-350
218000268,16,32,-16
218000269,13,14,-1
218000270,32,29,3
218000271,12,30,-18
218000273,26,4,22
218000274,9,4,5
218000275,26,50,-24
218000276,17,60,-43
218000278,17,22,-5
218000279,35,30,5
218000280,11,20,-9
218000281,33,11,22
218000282,459,374,85
218000284,76,4,72
218000301,81,167,-86
218000302,160,41,119
218000303,39,37,2
218000316,659,879,-220
218000317,1002,876,126
218000318,713,643,70
218000319,1118,857,261
218000320,811,540,271
218000338,81,34,47
218000345,81,64,17
218000346,45,182,-137
218000459,33,269,-236
218000490,16,43,-27
218000501,121,54,67
218000502,35,94,-59
218000503,124,17,107
218000504,160,24,136
218000505,63,120,-57
218000506,27,181,-154
218000508,3,14,-11
218000510,171,16,155
218000520,110,87,23
218000521,2,29,-27
218000522,0,116,-116
218000523,136,3,133
218000524,78,176,-98
218000525,171,9,162
218000526,39,146,-107
218000529,21,94,-73
218000530,28,6,22
218000531,20,30,-10
218000532,40,27,13
218000534,86,6,80
218000537,13,66,-53
218000538,166,267,-101
218000540,510,100,410
218000543,123,45,78
218000544,29,77,-48
218000545,69,88,-19
218000546,26,72,-46
218000547,74,187,-113
218000548,199,155,44
218000549,463,525,-62
218000550,172,277,-105
218000551,136,972,-836
218000552,355,60,295
218000553,33,73,-40
218000554,20,17,3
218000555,24,40,-16
218000556,127,203,-76
218000557,201,105,96
218000558,179,66,113
218000559,0,72,-72
218000560,0,16,-16
218000561,12,0,12
218000562,37,214,-177
218000563,220,24,196
218000564,14,126,-112
218000565,197,23,174
218000566,675,40,635
218000567,3,131,-128
218000568,62,1,61
218000569,28,138,-110
218000570,166,12,154
218000571,19,98,-79
218000572,164,3,161
218000573,14,174,-160
218000574,240,40,200
218000575,98,0,98
218000576,1,83,-82
218000577,108,3,105
218000578,1,109,-108
218000579,136,25,111
218000581,4,71,-67
218000582,54,1,53
218000583,18,0,18
218000584,3,55,-52
218000585,44,16,28
218000586,8,45,-37
218000587,8,1,7
218000588,9,2,7
218000589,7,4,3
218000590,1,1,0
218000591,15,8,7
218000592,24,0,24
218000593,0,0,0
218000594,0,0,0
218000595,0,0,0
218000596,0,0,0
218000597,0,0,0
218000598,0,0,0
218000599,2,0,2
218000600,0,1,-1
218000601,0,0,0
218000602,0,17,-17
218000603,0,4,-4
218000604,22,1,21
218000605,0,52,-52
218000606,89,1,88
218000607,5,27,-22
218000608,59,17,42
218000609,4,35,-31
218000610,75,6,69
218000611,28,0,28
218000612,4,28,-24
218000613,33,0,33
218000614,0,41,-41
218000615,181,1,180
218000616,5,105,-100
218000617,14,1,13
218000618,1,10,-9
218000619,93,33,60
218000620,12,33,-21
218000621,1,3,-2
218000622,0,11,-11
218000623,325,2,323
218000624,5,17,-12
218000625,18,0,18
218000626,0,7,-7
218000628,120,35,85
218000631,31,6,25
218000632,5,79,-74
218000633,102,2,100
218000634,7,9,-2
218000635,11,29,-18
218000636,778,1010,-232
218000637,915,488,427
218000638,187,31,156
218000639,15,214,-199
218000640,348,37,311
218000641,77,387,-310
218000652,47,69,-22
218000653,172,89,83
218000663,4,96,-92
218000675,74,31,43
218000676,6,14,-8
218000677,16,2,14
218000680,83,315,-232
218000681,274,73,201
218000691,111,145,-34
218000693,214,93,121
218000703,5,27,-22
218000718,521,1218,-697
218000719,866,710,156
218000720,32,369,-337
218000721,356,34,322
218000725,9,6,3
218001214,34,108,-74
218001329,64,86,-22
218001330,61,28,33
218001351,23,6,17
218001352,9,8,1
218001353,9,11,-2
218001354,8,12,-4
219000001,43,34,9
219000002,44,54,-10
219000003,79,27,52
219000004,39,30,9
219000017,77,35,42
219000020,108,33,75
219000022,109,6,103
219000023,56,0,56
219000029,0,54,-54
219000034,62,24,38
219000039,89,154,-65
219000040,46,84,-38
219000041,118,26,92
219000051,0,42,-42
219000052,0,19,-19
219000053,2,82,-80
219000054,437,340,97
219000055,170,1,169
219000056,8,0,8
219000057,85,0,85
219000062,10,74,-64
219000063,70,4,66
219000064,0,47,-47
219000110,410,67,343
219000111,90,33,57
219000112,182,35,147
219000113,123,31,92
219000114,167,48,119
219000116,120,57,63
219000117,166,38,128
219000118,146,44,102
219000123,162,48,114
219000124,69,41,28
219000125,11,11,0
219000126,62,99,-37
219000127,2,7,-5
219000128,7,98,-91
219000129,16,128,-112
219000130,463,432,31
219000131,596,1001,-405
219000133,69,44,25
219000134,13,29,-16
219000135,61,83,-22
219000136,83,204,-121
219000138,73,23,50
219000139,24,26,-2
219000140,66,0,66
219000141,29,110,-81
219000142,13,76,-63
219000143,13,78,-65
219000145,26,57,-31
219000146,5,26,-21
219000147,2,29,-27
219000148,5,27,-22
219000149,8,69,-61
219000150,0,56,-56
219000151,0,35,-35
219000157,173,114,59
219000158,198,236,-38
219000161,120,6,114
219000163,1216,462,754
219000166,103,209,-106
219000167,102,147,-45
219000168,238,73,165
219000174,396,162,234
219000175,75,5,70
219000176,111,9,102
219000177,58,6,52
219000178,48,2,46
219000179,13,3,10
219000180,47,41,6
219000182,161,25,136
219000183,130,41,89
219000184,110,22,88
219000185,0,59,-59
219000186,36,30,6
219000187,20,86,-66
219000189,82,146,-64
219000190,66,187,-121
219000191,894,1598,-704
219000192,174,134,40
219000193,165,154,11
219000195,1,39,-38
219000196,3,69,-66
219000198,15,106,-91
219000199,38,192,-154
219000200,34,155,-121
219000201,51,152,-101
219000203,18,126,-108
219000204,71,230,-159
219000205,33,233,-200
219000207,85,268,-183
219000209,10,56,-46
219000210,32,59,-27
219000213,8,129,-121
219000239,211,245,-34
219000240,258,370,-112
219000241,164,149,15
219000242,56,116,-60
219000243,78,214,-136
219000244,18,77,-59
219000245,24,35,-11
219000246,33,17,16
219000247,141,18,123
219000248,524,399,125
219000249,125,78,47
219000250,152,67,85
219000251,488,233,255
219000252,195,168,27
219000253,425,73,352
219000255,116,116,0
219000256,166,71,95
219000257,99,2,97
219000262,104,98,6
219000263,64,123,-59
219000267,2,73,-71
219000268,4,9,-5
219000269,0,1,-1
219000270,5,0,5
219000271,142,3,139
219000278,3,9,-6
219000279,19,2,17
219000283,0,8,-8
219000295,13,90,-77
219000296,58,352,-294
219000297,13,105,-92
219000298,9,107,-98
219000299,475,55,420
219000300,12,185,-173
219000301,246,373,-127
219000302,44,252,-208
219000307,29,27,2
219000308,37,30,7
219000311,187,54,133
219000312,696,119,577
219000313,348,48,300
219000314,44,414,-370
219000315,314,31,283
219000316,512,46,466
219000317,86,21,65
219000320,0,59,-59
219000321,0,21,-21
219000323,7,64,-57
219000325,3,12,-9
219000326,69,65,4
219000327,77,44,33
219000328,33,68,-35
219000329,340,115,225
219000330,43,36,7
219000331,52,50,2
219000332,108,71,37
219000333,24,9,15
219000335,75,2,73
219000337,16,2,14
219000338,55,1,54
219000344,17,52,-35
219000345,57,66,-9
219000346,26,107,-81
219000348,125,100,25
219000349,55,104,-49
219000350,79,336,-257
219000351,6,12,-6
219000352,452,136,316
219000353,74,64,10
219000354,195,104,91
219000355,108,45,63
219000356,1586,1549,37
219000363,220,46,174
219000364,63,49,14
219000365,113,12,101
219000366,244,304,-60
219000368,354,527,-173
219000370,1235,523,712
219000371,9,42,-33
219000382,23,30,-7
219000383,606,1242,-636
219000385,433,533,-100
219000386,730,1544,-814
219000387,4,11,-7
219000390,3,0,3
219000391,1,0,1
219000397,91,63,28
219000398,61,44,17
219000401,14,68,-54
219000402,75,97,-22
219000403,163,328,-165
219000404,22,134,-112
219000407,3,23,-20
219000409,49,64,-15
219000410,109,41,68
219000411,76,5,71
219000446,116,402,-286
219000447,6,33,-27
219000448,12,5,7
219000452,88,73,15
219000453,51,216,-165
219000454,180,252,-72
219000556,184,73,111
219000558,132,180,-48
219000590,28,165,-137
219000591,64,68,-4
219000592,115,308,-193
219000595,1,20,-19
219000635,189,50,139
219000636,18,65,-47
219000657,54,18,36
219000658,41,140,-99
219000673,0,66,-66
219000676,104,36,68
219000679,40,22,18
219000684,97,0,97
219000685,1,49,-48
219000686,4,7,-3
219000688,0,53,-53
219000689,15,204,-189
219000690,149,19,130
219000691,33,166,-133
219000692,186,22,164
219000693,1,26,-25
219000694,13,1,12
219000695,25,4,21
219000698,33,1,32
219000699,1,19,-18
219000727,0,62,-62
219000728,74,3,71
219000770,52,0,52
219000771,0,24,-24
219001150,5,32,-27
219001151,0,8,-8
219001166,4,19,-15
219001167,0,55,-55
220000001,42,65,-23
220000002,9,75,-66
220000003,310,226,84
220000004,566,412,154
220000005,1387,1675,-288
220000006,135,711,-576
220000007,353,444,-91
220000008,302,748,-446
220000009,232,322,-90
220000010,237,108,129
220000011,501,2727,-2226
220000012,160,296,-136
220000014,118,69,49
220000015,41,195,-154
220000017,100,268,-168
220000018,4552,1892,2660
220000019,77,279,-202
220000020,411,247,164
220000021,759,180,579
220000022,800,437,363
220000023,341,148,193
220000024,1973,365,1608
220000025,1471,1157,314
220000026,266,346,-80
220000027,31,123,-92
220000028,43,50,-7
220000029,46,87,-41
220000030,96,55,41
220000031,451,307,144
220000064,23,1170,-1147
221000046,11,0,11
221000047,0,3,-3
221000048,0,0,0
221000049,0,6,-6
221000050,27,0,27
221000055,41,52,-11
221000057,46,6,40
221000068,361,121,240
221000069,405,63,342
221000070,197,37,160
221000071,141,11,130
221000072,231,11,220
221000073,180,28,152
221000074,3,19,-16
221000075,16,19,-3
221000076,4,24,-20
221000077,23,96,-73
221000081,16,10,6
221000082,54,5,49
221000083,34,7,27
221000084,5,3,2
221000085,24,59,-35
221000086,8,86,-78
221000087,4,129,-125
221000088,17,157,-140
221000089,25,217,-192
221000090,116,542,-426
221000098,111,10,101
221000099,158,13,145
221000100,66,11,55
221000101,173,8,165
221000102,91,18,73
221000109,2,93,-91
221000110,6,75,-69
221000111,13,136,-123
221000112,13,104,-91
221000113,14,128,-114
221000114,5,123,-118
221000120,35,29,6
221000121,4,29,-25
221000122,50,23,27
221000123,6,12,-6
221000124,37,153,-116
221000155,78,4,74
221000156,20,23,-3
221000175,1,5,-4
221000176,1,7,-6
221000182,48,9,39
221000241,520,321,199
221000242,183,390,-207
221000243,439,200,239
221000244,257,391,-134
221000245,59,70,-11
221000246,35,167,-132
221000247,55,127,-72
221000248,109,91,18
221000267,41,532,-491
221000325,101,64,37
221000331,7,78,-71
221000338,9,25,-16
221000378,163,34,129
221000381,67,44,23
222000282,41,1,40
222000296,2,21,-19
222000568,418,41,377
222000569,173,54,119
222000570,178,23,155
222000571,315,34,281
222000577,23,94,-71
222000578,32,136,-104
222000579,33,158,-125
222000580,65,763,-698
222000599,0,136,-136
222000600,1,250,-249
222000601,11,886,-875
222000603,24,65,-41
222000604,5,48,-43
222000605,15,19,-4
222000606,6,9,-3
222000607,7,10,-3
222000608,28,9,19
222000609,63,139,-76
222000616,282,22,260
222000617,14,35,-21
222000618,20,6,14
222000620,16,10,6
222000621,71,17,54
222000623,563,9,554
222000624,322,9,313
222000625,556,23,533
222000636,67,8,59
222000686,46,5,41
222000687,26,26,0
222001066,368,5,363
222001067,31,2,29
222001068,43,33,10
222001069,45,27,18
222001082,17,37,-20
222001083,25,57,-32
222001084,1,23,-22
222001085,1,202,-201
222001111,51,104,-53
222001112,120,46,74
222001313,65,10,55
222001314,5,122,-117
222001464,50,35,15
222001465,11,76,-65
222001484,112,44,68
222001485,23,52,-29
222001494,527,118,409
222001495,135,261,-126
222001496,342,122,220
222001497,141,374,-233
222001502,19,118,-99
222001503,101,36,65
222001504,27,329,-302
222001505,322,9,313
222001506,53,384,-331
222001507,316,13,303
222001510,464,48,416
222001511,62,310,-248
222001514,683,220,463
222001515,228,569,-341
222001518,303,71,232
222001519,60,268,-208
222001527,187,89,98
222001528,58,140,-82
222001529,310,61,249
222001530,81,229,-148
222001533,249,279,-30
222001534,370,61,309
222001535,227,248,-21
222001536,56,194,-138
222001537,228,51,177
222001538,94,475,-381
222001563,682,108,574
222001564,94,510,-416
222001568,497,132,365
222001576,3,2,1
222001579,2,8,-6
222001583,17,137,-120
222001584,110,6,104
222001596,916,1046,-130
222001597,2173,407,1766
222001626,0,157,-157
222001650,175,112,63
222001651,245,155,90
222001914,217,85,132
222001915,85,198,-113
222900004,452,291,161
222900009,393,605,-212
222900019,173,196,-23
222900024,26,25,1
222900025,4,26,-22
225000001,411,116,295
225000002,437,128,309
225000003,503,80,423
225000004,336,162,174
225000005,269,78,191
225000006,1,201,-200
225000007,1376,1077,299
225000010,286,18,268
225000011,404,798,-394
225000012,232,488,-256
225000013,97,111,-14
225000014,743,116,627
225000015,79,141,-62
225000021,633,119,514
225000027,190,352,-162
225000032,619,98,521
225000042,82,524,-442
225000049,35,40,-5
225000050,82,20,62
225000053,6,306,-300
225000058,503,144,359
225000067,198,199,-1
225000068,77,241,-164
225000069,98,367,-269
225000070,83,304,-221
225000071,28,124,-96
225000075,21,528,-507
225000076,39,110,-71
225000078,63,42,21
225000085,63,116,-53
225000086,246,93,153
225000087,124,14,110
225000088,14,145,-131
225000089,177,891,-714
225000090,75,379,-304
225000091,172,179,-7
225000092,68,132,-64
225000093,197,217,-20
225000094,11,215,-204
225000095,242,309,-67
225000096,230,423,-193
225000098,649,250,399
225000099,296,146,150
225000100,292,117,175
225000104,119,338,-219
225000110,11,348,-337
225000111,182,853,-671
225000112,252,935,-683
225000113,169,518,-349
225000114,71,217,-146
225000115,1180,642,538
225000116,871,174,697
225000117,701,209,492
225000118,994,187,807
225000119,205,61,144
225000120,667,28,639
225000121,219,17,202
225000123,432,11,421
225000125,349,160,189
225000126,640,149,491
225000127,570,900,-330
225000128,399,568,-169
225000132,285,49,236
225000133,261,26,235
225000134,607,178,429
225000135,61,9,52
225000136,290,10,280
225000137,261,54,207
225000138,339,66,273
225000143,58,161,-103
225000144,5,280,-275
225000145,56,65,-9
225000146,47,100,-53
225000147,17,200,-183
225000148,6,179,-173
225000149,50,369,-319
225000151,24,139,-115
225000155,301,333,-32
225000156,124,648,-524
225000157,180,266,-86
225000158,67,245,-178
225000171,3,163,-160
225000180,93,36,57
225000181,1,57,-56
225000182,66,4,62
225000185,2,345,-343
225000187,31,331,-300
225000191,146,1,145
225000194,0,7,-7
225000208,2,41,-39
225000209,63,22,41
225000210,1,231,-230
225000217,0,15,-15
225000218,11,1,10
225000223,1,36,-35
225000224,47,0,47
225000225,0,24,-24
225000226,16,1,15
225000227,29,63,-34
225000228,12,9,3
225000229,1,46,-45
225000230,16,0,16
225000231,0,38,-38
225000232,101,0,101
225000241,54,0,54
225000242,0,37,-37
225000249,32,14,18
225000250,44,689,-645
225000251,330,29,301
225000254,2,13,-11
225000256,3,34,-31
225000257,1,35,-34
226000042,245,380,-135
226000043,36,268,-232
226000044,107,453,-346
226000045,55,289,-234
226000046,325,59,266
226000047,338,71,267
226000048,257,61,196
226000049,249,158,91
226000070,0,21,-21
226000071,0,54,-54
226000072,0,18,-18
226000073,0,13,-13
226000074,0,13,-13
226000084,2,41,-39
226000085,0,6,-6
226000086,1,15,-14
226000087,1,9,-8
226000088,26,45,-19
226000090,209,83,126
226000091,36,45,-9
226000092,10,10,0
226000093,42,4,38
226000094,4,3,1
226000095,17,14,3
226000105,9,0,9
226000106,15,1,14
226000107,7,0,7
226000108,43,0,43
226000109,81,28,53
226000124,152,59,93
226000134,610,405,205
226000135,1320,522,798
226000136,444,342,102
226000137,3,233,-230
226000138,5,102,-97
226000139,0,22,-22
226000156,112,7,105
226000157,205,7,198
226000163,72,127,-55
226000202,4,233,-229
226000231,328,17,311
226000232,44,4,40
227000033,259,38,221
227000036,261,32,229
227000037,213,25,188
227000038,236,19,217
227000084,1,58,-57
227000085,1,25,-24
227000088,50,10,40
227000089,93,0,93
227000090,24,2,22
227000091,12,0,12
227000092,48,1,47
227000093,98,2,96
227000094,6,0,6
227000130,32,64,-32
227000131,18,160,-142
227000132,11,151,-140
227000133,3,108,-105
227000134,12,263,-251
227000152,0,2,-2
227000153,0,56,-56
227000154,0,26,-26
227000155,0,14,-14
227000156,1,8,-7
227000165,9,24,-15
227000196,357,225,132
227000199,312,393,-81
227000230,16,325,-309
227000232,460,22,438
227000242,52,456,-404
227000243,370,76,294
227000245,12,284,-272
227000246,77,293,-216
227000247,305,60,245
227000248,89,25,64
227000249,19,110,-91
227000250,274,120,154
227000251,52,133,-81
227000252,18,240,-222
227000253,119,7,112
227000262,277,34,243
227000266,1049,17,1032
227000267,37,1252,-1215
227000282,11,135,-124
227000284,308,21,287
227000286,1,77,-76
227000291,19,416,-397
227000296,135,191,-56
227000484,194,23,171
227000485,19,631,-612
227000655,171,8,163
227000656,552,39,513
227000657,53,2,51
227000704,138,11,127
229000265,14,8,6
229000266,5,0,5
229000267,5,0,5
229000268,14,0,14
229000269,41,0,41
229000274,1,23,-22
229000275,1,19,-18
229000276,0,23,-23
229000277,0,2,-2
229000278,6,9,-3
229000295,16,36,-20
229000296,33,8,25
229000297,5,22,-17
229000298,7,173,-166
229000320,16,11,5
229000321,16,10,6
229000412,15,59,-44
229000414,7,38,-31
229000415,29,5,24
229000416,3,9,-6
229000417,3,29,-26
229000419,141,303,-162
229000440,426,64,362
229000442,24,15,9
229000443,2,3,-1
229000444,0,24,-24
229000445,71,10,61
229000446,68,21,47
229000491,3,39,-36
229000492,14,71,-57
229000493,6,74,-68
229000494,30,2,28
229000495,113,8,105
229000496,51,4,47
229000507,0,62,-62
229000508,0,49,-49
229000509,1,69,-68
229000510,0,19,-19
229000511,4,40,-36
229000512,0,16,-16
229000513,0,10,-10
229000514,0,1,-1
229000517,2,8,-6
229000518,22,22,0
229000519,1,7,-6
229000520,15,35,-20
229000521,68,9,59
229000522,14,7,7
229000523,15,4,11
229000524,1,1,0
229000527,1,2,-1
229000528,0,0,0
229000529,7,0,7
229000530,63,0,63
229000531,43,2,41
229000532,29,0,29
229000533,73,1,72
229000534,59,0,59
229000564,36,1,35
229000565,9,0,9
229000566,0,8,-8
229000567,0,40,-40
229000582,90,3,87
229000583,8,2,6
229000584,0,28,-28
229000585,2,48,-46
229000718,0,6,-6
229000719,0,2,-2
229000720,0,8,-8
229000721,0,3,-3
229000722,0,9,-9
229000723,0,8,-8
229000724,0,0,0
229000725,0,8,-8
229000738,6,0,6
229000739,1,0,1
229000740,2,0,2
229000741,13,0,13
229000742,5,0,5
229000743,10,0,10
229000744,5,0,5
229000745,1,0,1
229000746,17,1,16
229000847,36,0,36
229000848,21,0,21
229000849,132,0,132
229000851,67,0,67
229000854,1,18,-17
229000856,1,61,-60
229000857,0,30,-30
229000858,0,39,-39
229000919,20,50,-30
229000930,0,205,-205
229000937,35,9,26
229000966,41,28,13
229000981,18,33,-15
229000985,14,50,-36
229000986,3,7,-4
229000987,0,5,-5
229000988,0,2,-2
229000989,9,9,0
229000990,3,3,0
229000991,6,1,5
229000992,13,9,4
229000993,160,17,143
229000998,14,54,-40
229000999,66,14,52
229001034,1,23,-22
229001035,7,1,6
229001036,5,40,-35
229001037,50,0,50
229001038,0,4,-4
229001039,7,0,7
229001040,0,64,-64
229001041,37,1,36
229001042,22,12,10
229001047,5,52,-47
229001050,41,13,28
229001168,0,22,-22
229001200,29,2,27
229001338,12,29,-17
229001394,135,4,131
229001422,94,15,79
229001423,41,155,-114
229001431,70,47,23
229001432,50,67,-17
229001444,218,30,188
229001445,74,139,-65
229001479,10,2,8
229001503,196,52,144
229001504,116,125,-9
229001505,136,34,102
229001506,43,98,-55
229001509,39,5,34
229001510,8,38,-30
229001545,62,6,56
229001546,12,63,-51
229001553,83,18,65
229001554,51,101,-50
229001630,43,17,26
229001631,16,14,2
229001635,0,13,-13
229001636,12,3,9
229001658,1,106,-105
229001659,28,6,22
229001660,26,9,17
229001661,16,33,-17
229001662,15,0,15
229001663,0,12,-12
229002584,199,192,7
229002831,179,142,37
229002841,13,14,-1
229002842,30,22,8
229002843,83,11,72
229002844,55,45,10
229002845,20,72,-52
229002846,33,10,23
229002847,3,6,-3
229002848,25,15,10
229002849,2,77,-75
229002850,10,1,9
229002851,42,112,-70
229002852,264,25,239
229002853,192,24,168
229002854,23,55,-32
229002855,8,25,-17
229002856,30,23,7
229002857,15,133,-118
229002858,7,9,-2
229002859,28,78,-50
229002860,281,24,257
229002861,59,22,37
229002862,48,43,5
229002863,16,13,3
229002864,26,37,-11
229002865,18,17,1
229002866,28,18,10
229002867,3,20,-17
229002868,15,19,-4
229002869,24,159,-135
229002870,47,8,39
235000066,430,70,360
235000067,118,104,14
235000072,23,71,-48
235000073,70,328,-258
235000074,45,91,-46
235000080,36,90,-54
235000081,116,135,-19
235000082,119,49,70
235000083,239,83,156
235000084,41,64,-23
235000085,138,81,57
235000089,14,22,-8
235000092,23,146,-123
235000093,14,10,4
235000097,4,3,1
235000098,63,9,54
235000099,29,18,11
235000116,66,24,42
235000117,654,15,639
235000133,4,398,-394
235000134,10,158,-148
235000206,9,1,8
235000207,2,1,1
235000208,7,0,7
235000209,14,0,14
235000210,9,2,7
235000212,3,26,-23
235000213,3,10,-7
235000220,0,3,-3
235000221,69,14,55
235000238,14,82,-68
235000239,2,28,-26
235000242,373,627,-254
235000245,660,172,488
235000246,15,50,-35
235000284,37,92,-55
235000295,280,15,265
235000305,248,14,234
235000306,207,5,202
235000307,16,3,13
235000308,19,1,18
235000309,50,0,50
235000310,31,0,31
235000311,109,18,91
235000322,0,31,-31
235000323,3,49,-46
235000324,0,42,-42
235000325,1,12,-11
235000326,5,150,-145
235000351,11,42,-31
235000352,28,33,-5
235000353,3,37,-34
235000354,12,25,-13
235000355,10,52,-42
235000356,146,14,132
235000357,48,16,32
235000358,220,17,203
235000359,18,8,10
235000360,66,33,33
235000361,41,43,-2
235000381,82,134,-52
235000382,169,30,139
235000390,13,3,10
235000391,124,29,95
235000392,150,281,-131
235000393,109,164,-55
235000395,116,52,64
235000396,410,83,327
235000400,176,42,134
235000401,21,144,-123
235000405,103,311,-208
235000406,29,278,-249
235000407,141,98,43
235000409,144,135,9
235000410,64,236,-172
235000411,1,71,-70
235000485,0,11,-11
235000486,11,0,11
235000549,135,87,48
235000550,151,218,-67
235000599,117,55,62
235000600,7,20,-13
235000601,35,17,18
235000602,88,66,22
235000614,2,6,-4
235000648,1,18,-17
235000649,14,6,8
235000685,0,6,-6
235000815,18,28,-10
235000834,0,12,-12
235000855,99,86,13
235000862,42,135,-93
235000891,0,5,-5
235000892,21,3,18
235000901,195,120,75
235000907,5,12,-7
235001010,118,91,27
235001029,498,327,171
235001030,374,228,146
235001078,87,117,-30
235001079,68,79,-11
235001147,1,48,-47
235001166,12,90,-78
235001167,35,36,-1
235001169,22,245,-223
235001188,1,8,-7
235001189,11,0,11
235001197,3,10,-7
235001200,24,52,-28
235001208,36,28,8
235001209,40,64,-24
235001210,21,123,-102
235001239,2,33,-31
235001244,1,11,-10
235016267,1,57,-56
241900007,59,8,51
277101746,0,1,-1
277102712,0,0,0
277103813,0,0,0
277103814,0,0,0
277103898,0,0,0
277104249,0,1,-1
277104250,0,6,-6
277104251,0,9,-9
277104252,0,1,-1
990011530,0,154,-154
990014944,0,374,-374
990015176,23,8,15
990015618,0,117,-117
990016032,2,311,-309
990032570,5,251,-246
990070001,80,43,37
990070103,0,4,-4
990070601,1,40,-39
990070751,878,3,875
990070766,0,453,-453
990071180,448,176,272
990071343,17,0,17
990071387,0,24,-24
990071823,651,26,625
990072600,5,1088,-1083
990072964,1,432,-431
990073285,0,1,-1
990074393,1,764,-763
990074870,1590,67,1523
990075106,2267,54,2213
990075746,618,39,579
990076437,1285,7,1278
990076458,3,570,-567
997000007,723,10,713
997000041,3,234,-231
997000058,66,0,66
997000062,49,0,49
997000069,0,1,-1
997000070,0,31,-31
997000100,31,0,31
997000141,12,2973,-2961
997000198,4,1302,-1298
998000475,2,54,-52
998000736,8,152,-144
998000965,0,22,-22
998001031,0,77,-77
998001700,0,14,-14
998001899,0,0,0
998001900,9,1,8
998003073,1604,5,1599
998101900,0,0,0
998102850,2,301,-299
998501927,1689,813,876
998501929,95,3,92
998501930,60,1,59
998501931,209,30,179
998501932,4,1,3
998501933,70,4,66
998501937,16,0,16
998501944,25,26,-1
998501950,0,0,0
998501970,99,29,70
998501971,0,95,-95
998501973,0,46,-46
998501974,1,261,-260
998501975,125,1,124
998501976,92,1,91
998501977,0,18,-18
998501978,26,1,25
998501979,0,11,-11
998501980,81,2,79
998501981,43,0,43
998501982,1,101,-100
998502006,0,0,0
998502024,0,11,-11
998502032,0,13,-13
998502062,33,2,31
998502063,0,0,0
998502173,18,1,17
998502269,0,0,0
998601159,7,159,-152
998601292,0,9,-9
999033574,2,216,-214
999800001,86,5,81
999800002,0,6,-6
999800003,0,0,0
999800004,0,1,-1
999800005,0,9,-9
