ID,insum,outsum,diff
100000001,605,547,58
100000002,2253,651,1602
100000003,10785,2003,8782
100000004,2100,793,1307
100000005,2511,2181,330
100000006,310,79,231
100000007,952,348,604
100000008,206,575,-369
100000009,301,153,148
100000010,11,36,-25
100000011,529,61,468
100000012,51,840,-789
100000013,17,209,-192
100000014,400,310,90
100000015,1361,1000,361
100000016,1292,1478,-186
100000017,802,1112,-310
100000018,1465,585,880
100000019,6950,1702,5248
100000020,2219,3854,-1635
100000021,8670,2081,6589
100000022,2140,827,1313
100000023,7835,915,6920
100000025,4114,444,3670
100000028,2636,781,1855
100000029,307,198,109
100000030,854,56,798
100000031,6952,5091,1861
100000032,3296,3600,-304
100000033,685,1838,-1153
100000034,1030,268,762
100000035,1949,724,1225
100000036,3380,1074,2306
100000037,410,486,-76
100000038,1064,959,105
100000039,895,192,703
100000040,204,138,66
100000041,524,378,146
100000042,457,322,135
100000043,469,247,222
100000044,449,801,-352
100000045,438,1538,-1100
100000046,789,1568,-779
100000047,528,924,-396
100000048,1202,730,472
100000049,1873,2899,-1026
100000051,350,1218,-868
100000053,32,10,22
100000054,110,32,78
100000055,402,316,86
100000056,190,541,-351
100000057,1541,746,795
100000058,1132,1627,-495
100000059,4,191,-187
100000060,259,367,-108
100000061,1138,522,616
100000062,1366,479,887
100000063,321,232,89
100000064,711,350,361
100000065,334,1556,-1222
100000066,199,1092,-893
100000067,613,974,-361
100000068,584,1880,-1296
100000069,254,1923,-1669
100000072,487,1509,-1022
100000073,1248,1486,-238
100000075,443,322,121
100000076,2229,1609,620
100000077,724,75,649
100000078,130,15,115
100000079,75,31,44
100000080,13,14,-1
100000081,56,41,15
100000102,2420,1044,1376
100000103,3991,863,3128
100000104,6405,1282,5123
100000105,4808,636,4172
100000106,3044,1262,1782
100000107,736,291,445
100000108,1202,1256,-54
100000109,4136,1232,2904
100000116,1604,509,1095
100000117,21,50,-29
100000118,1330,783,547
100000119,498,652,-154
100000121,146,645,-499
100000122,987,702,285
100000123,4577,4461,116
100000124,10403,5413,4990
100000125,4259,817,3442
100000126,713,204,509
100000127,1848,344,1504
100000128,1502,1071,431
100000129,578,431,147
100000130,429,688,-259
100000131,5874,2931,2943
100000132,2600,1552,1048
100000133,13474,3189,10285
100000135,405,673,-268
100000139,167,235,-68
100000140,261,371,-110
100000142,341,523,-182
100000143,2003,1161,842
100000144,4623,1104,3519
100000147,843,1746,-903
100000150,17,578,-561
100000151,605,381,224
100000153,256,213,43
100000154,143,68,75
100000155,3,27,-24
100000156,102,132,-30
100000157,113,191,-78
100000158,57,85,-28
100000159,292,459,-167
100000165,1228,704,524
100000169,772,220,552
100000174,2309,355,1954
100000179,65,638,-573
100000180,4468,1315,3153
100000181,163,430,-267
100000188,73,438,-365
100000189,929,354,575
100000190,377,355,22
100000191,399,382,17
100000192,134,70,64
100000193,104,133,-29
100000330,2548,451,2097
100000355,139,556,-417
100000362,5490,3882,1608
100000363,1970,3086,-1116
100000364,389,115,274
100000365,3400,4843,-1443
100000366,4447,2725,1722
100000367,2463,3192,-729
100000368,2320,2230,90
100000369,1176,1379,-203
100000370,239,313,-74
100000376,77,109,-32
100000379,3041,1138,1903
100000380,4004,1445,2559
100000384,7069,2299,4770
100000385,7629,3146,4483
100000386,11992,2707,9285
100000387,9234,3186,6048
100000388,16670,3395,13275
100000389,14342,3063,11279
100000390,15527,2916,12611
100000391,9168,3365,5803
100000392,3682,1193,2489
100000393,1416,1182,234
100000394,6903,3095,3808
100000395,3561,891,2670
100000396,5230,1882,3348
100000397,2704,1723,981
100000398,12302,8698,3604
100900002,1,68,-67
100900003,203,82,121
100900004,39,1132,-1093
100900005,105,7,98
100900006,8,284,-276
100900007,453,4,449
100900008,4,695,-691
100900009,29,35,-6
100900010,56,176,-120
100900011,17,339,-322
100900012,1,326,-325
100900013,971,12,959
100900014,2,17,-15
100900015,129,68,61
100900016,0,64,-64
100900017,743,81,662
100900018,5,17,-12
100900019,29,145,-116
100900020,197,0,197
100900021,671,1,670
100900022,4,15,-11
100900023,0,50,-50
100900024,794,3,791
100900025,11,11,0
100900026,24,151,-127
100900027,616,2591,-1975
100900028,85,142,-57
100900029,105,16,89
100900030,6,37,-31
100900031,252,76,176
100900032,155,0,155
100900033,352,75,277
100900034,256,1,255
100900035,906,1,905
100900036,39,2,37
100900037,31,297,-266
100900038,48,20,28
100900039,451,844,-393
100900040,190,1202,-1012
100900041,242,1101,-859
100900042,347,179,168
100900043,0,17,-17
100900044,3366,299,3067
100900045,38,1,37
100900046,1307,4,1303
100900047,927,101,826
100900048,45,18,27
100900049,54,291,-237
100900050,1,15,-14
100900051,39,63,-24
100900052,86,28,58
100900053,116,18,98
100900054,7,124,-117
100900055,206,279,-73
100900056,160,354,-194
100900057,526,471,55
100900058,158,21,137
100900059,27,2,25
100900060,64,10,54
100900061,289,225,64
100900062,2,82,-80
100900063,98,391,-293
100900064,555,12,543
100900065,53,50,3
100900066,39,56,-17
100900067,5,8,-3
100900068,57,133,-76
100900069,282,7,275
100900070,106,5,101
100900071,607,203,404
100900072,0,81,-81
100900073,74,627,-553
100900074,0,8,-8
100900075,3069,265,2804
100900076,59,35,24
100900077,13,157,-144
100900078,47,250,-203
100900079,4,35,-31
100900080,10,208,-198
100900081,12,69,-57
100900082,26,950,-924
100900083,1,43,-42
100900085,8,78,-70
100900086,134,1097,-963
100900088,26,964,-938
100900089,0,16,-16
100900090,85,475,-390
100900091,0,25,-25
100900092,143,155,-12
100900093,74,425,-351
100900094,37,872,-835
100900095,7,27,-20
100900096,21,111,-90
100900097,2,5,-3
100900098,2,24,-22
100900099,19,615,-596
100900100,7,248,-241
100900101,407,37,370
100900102,191,46,145
100900103,0,15,-15
100900104,16,164,-148
100900105,6,93,-87
100900106,43,0,43
100900107,1802,399,1403
100900108,4,8,-4
100900109,8,43,-35
100900110,7,35,-28
100900111,50,130,-80
100900112,0,9,-9
100900113,4,14,-10
100900114,0,22,-22
100900115,0,34,-34
100900116,634,549,85
100900117,190,558,-368
100900118,6,55,-49
100900119,3,21,-18
100900120,1,18,-17
100900121,261,416,-155
100900122,99,176,-77
100900123,58,117,-59
100900124,0,3,-3
100900125,9,89,-80
100900126,43,254,-211
100900127,1,7,-6
100900128,94,114,-20
100900129,0,122,-122
100900131,43,111,-68
100900133,24,46,-22
100900134,2,5,-3
100900135,0,145,-145
100900137,281,228,53
100900138,505,294,211
100900139,0,7,-7
100900140,5,934,-929
100900141,2,295,-293
100900142,0,5,-5
100900143,1246,285,961
100900144,18,13,5
100900145,59,101,-42
100900146,13,9,4
100900147,6,351,-345
100900148,26,1225,-1199
100900149,18,68,-50
100900150,5,11,-6
100900151,87,527,-440
100900152,136,4,132
100900153,3,180,-177
100900154,7,27,-20
100900155,0,7,-7
100900156,52,1,51
100900157,1,111,-110
100900159,0,14,-14
100900160,6,17,-11
100900161,201,2,199
100900162,16,150,-134
100900163,148,186,-38
100900164,11,50,-39
100900165,17,72,-55
100900166,38,6,32
100900167,26,98,-72
100900168,46,101,-55
100900169,226,1414,-1188
100900170,19,24,-5
100900171,19,879,-860
100900172,0,5,-5
100900173,3,719,-716
100900174,259,56,203
100900176,1286,74,1212
100900177,1115,225,890
100900178,267,122,145
100900179,106,31,75
100900180,4,2,2
100900181,97,31,66
100900182,11,18,-7
100900184,3,176,-173
100900186,1250,621,629
100900187,5,240,-235
100900188,44,13,31
100900189,785,123,662
100900191,1138,870,268
100900192,209,173,36
100900195,70,232,-162
100900197,13,170,-157
100900198,23,213,-190
100900199,13,15,-2
100900200,633,324,309
100900201,98,840,-742
100900202,4,0,4
100900203,0,66,-66
100900204,1434,239,1195
100900205,78,376,-298
100900206,38,54,-16
100900207,118,61,57
100900210,66,988,-922
100900211,325,100,225
100900213,43,30,13
100900214,1173,92,1081
100900215,2,42,-40
100900217,101,43,58
101000001,5367,2438,2929
101000002,4160,2794,1366
101000003,891,2163,-1272
101000004,12786,7499,5287
101000005,6603,5218,1385
101000006,10799,7235,3564
101000007,2888,3492,-604
101000008,3772,3041,731
101000009,1567,2574,-1007
101000010,788,1759,-971
101000011,2383,817,1566
101000012,2401,567,1834
101000013,564,1037,-473
101000014,459,608,-149
101000015,878,891,-13
101000016,387,429,-42
101000017,528,489,39
101000018,4728,3066,1662
101000020,4407,1288,3119
101000021,1198,210,988
101000022,658,92,566
101000023,2121,864,1257
101000025,127,335,-208
101000026,452,25,427
101000027,1597,1634,-37
101000028,685,134,551
101000029,33,934,-901
101000030,840,63,777
101000031,539,606,-67
101000032,5763,2202,3561
101000033,2845,2015,830
101000034,3090,1143,1947
101000035,1465,484,981
101000036,1562,320,1242
101000037,5769,976,4793
101000039,4919,1055,3864
101000040,5428,2167,3261
101000041,14957,3024,11933
101000042,1037,590,447
101000043,12643,2744,9899
101000045,1613,280,1333
101000046,2208,1027,1181
101000047,1389,1311,78
101000048,1116,984,132
101000049,1210,1019,191
101000050,4125,2987,1138
101000051,5675,1284,4391
101000052,1975,605,1370
101000053,1300,2635,-1335
101000054,2340,2355,-15
101000055,2145,846,1299
101000056,60,70,-10
101000057,4091,590,3501
101000058,3140,751,2389
101000059,4606,1455,3151
101000060,2421,275,2146
101000061,1602,779,823
101000062,1621,441,1180
101000063,483,382,101
101000064,1305,394,911
101000065,142,324,-182
101000066,307,208,99
101000067,613,337,276
101000068,222,186,36
101000069,271,79,192
101000070,1900,961,939
101000071,2290,727,1563
101000072,1259,3356,-2097
101000073,853,527,326
101000074,6045,2895,3150
101000075,8455,3740,4715
101000077,1255,1209,46
101000078,1305,2138,-833
101000079,417,579,-162
101000080,584,647,-63
101000081,1089,992,97
101000082,3745,2785,960
101000083,1602,1412,190
101000084,1346,1446,-100
101000085,1739,989,750
101000086,1314,1155,159
101000087,922,1374,-452
101000088,851,922,-71
101000089,891,1333,-442
101000090,2925,1750,1175
101000091,399,1915,-1516
101000092,1147,1449,-302
101000093,1534,840,694
101000094,548,1295,-747
101000095,236,934,-698
101000096,214,692,-478
101000097,545,269,276
101000098,686,596,90
101000099,1457,1142,315
101000100,1231,617,614
101000101,365,468,-103
101000102,895,286,609
101000103,955,627,328
101000104,325,385,-60
101000105,1093,207,886
101000106,914,656,258
101000107,120,253,-133
101000108,1658,399,1259
101000109,101,40,61
101000110,69,858,-789
101000111,167,200,-33
101000113,134,892,-758
101000114,2756,1508,1248
101000115,228,246,-18
101000116,223,288,-65
101000117,387,291,96
101000119,257,36,221
101000120,249,17,232
101000121,54,18,36
101000122,101,28,73
101000123,43,36,7
101000124,288,273,15
101000125,111,438,-327
101000128,1118,364,754
101000130,391,266,125
101000131,468,818,-350
101000132,329,1916,-1587
101000135,73,27,46
101000136,241,130,111
101000137,34,237,-203
101000141,3079,1485,1594
101000147,846,822,24
101000148,3128,33,3095
101000149,124,29,95
101000150,37,1310,-1273
101000151,80,58,22
101000152,338,320,18
101000153,719,503,216
101000154,104,2072,-1968
101000155,140,154,-14
101000156,22,273,-251
101000157,70,50,20
101000160,32,78,-46
101000163,133,60,73
101000164,537,417,120
101000165,209,326,-117
101000166,354,661,-307
101000168,626,346,280
101000252,1129,730,399
101000254,660,48,612
101000258,55,12,43
101000261,135,144,-9
101000262,788,907,-119
101000263,276,1649,-1373
101000265,72,612,-540
101000266,309,271,38
101000269,155,9,146
101000290,2495,2663,-168
101000293,13,116,-103
101000294,515,498,17
101000295,120,584,-464
101000301,975,221,754
101000304,2084,2546,-462
101000305,2654,1977,677
101900001,18,136,-118
101900002,0,15,-15
101900003,87,120,-33
101900004,3,33,-30
101900005,6230,844,5386
101900006,926,20,906
101900007,463,50,413
101900008,109,280,-171
101900009,38,382,-344
101900010,1302,399,903
101900011,309,1278,-969
101900012,118,285,-167
101900013,1425,115,1310
101900017,14,97,-83
101900018,2582,202,2380
101900019,149,61,88
101900020,110,99,11
101900021,0,29,-29
101900022,56,1801,-1745
101900023,70,319,-249
101900026,39,36,3
101900027,3,98,-95
102000001,3024,4347,-1323
102000002,3792,1449,2343
102000003,4911,5149,-238
102000004,12492,2615,9877
102000005,1436,2144,-708
102000006,2161,1637,524
102000007,1670,5190,-3520
102000008,8282,1928,6354
102000009,6815,7672,-857
102000010,7959,3654,4305
102000011,2640,2621,19
102000012,3738,3980,-242
102000018,3855,2617,1238
102000019,3015,1517,1498
102000026,269,618,-349
102000029,503,173,330
102000030,83,308,-225
102000031,27,250,-223
102000032,241,346,-105
102000033,204,502,-298
102000034,693,453,240
102000035,1343,656,687
102000036,9,248,-239
102000037,177,73,104
102000038,95,87,8
102000039,82,72,10
102000040,472,146,326
102000041,162,233,-71
102000042,195,115,80
102000043,327,232,95
102000044,302,509,-207
102000045,652,1203,-551
102000046,874,540,334
102000047,675,1361,-686
102000048,184,839,-655
102000049,772,576,196
102000050,998,1207,-209
102000051,337,673,-336
102000052,1090,949,141
102000053,624,889,-265
102000054,177,799,-622
102000055,664,1186,-522
102000056,580,1820,-1240
102000057,1600,764,836
102000058,1262,2354,-1092
102000059,1385,1937,-552
102000060,1324,1293,31
102000061,1352,3247,-1895
102000062,840,1437,-597
102000063,1288,1742,-454
102000064,463,608,-145
102000065,26,156,-130
102000066,1774,1159,615
102000067,3180,3013,167
102000068,9570,2575,6995
102000069,44,1800,-1756
102000070,2487,84,2403
102000071,7239,10469,-3230
102000072,3279,4955,-1676
102000073,1865,1338,527
102000074,1218,1001,217
102000075,199,304,-105
102000076,311,554,-243
102000077,271,1437,-1166
102000078,744,1156,-412
102000079,65,328,-263
102000080,225,252,-27
102000081,302,985,-683
102000082,808,426,382
102000083,211,757,-546
102000084,124,486,-362
102000085,1693,1651,42
102000086,1189,1977,-788
102000087,662,2487,-1825
102000088,238,357,-119
102000089,921,530,391
102000090,546,1336,-790
102000091,1678,620,1058
102000092,872,1047,-175
102000093,701,792,-91
102000094,1346,445,901
102000095,1036,1942,-906
102000096,1721,684,1037
102000097,1688,1532,156
102000098,651,1379,-728
102000099,1155,544,611
102000100,1082,732,350
102000101,1456,301,1155
102000102,388,1589,-1201
102000103,1392,349,1043
102000104,1209,450,759
102000105,169,997,-828
102000106,688,1161,-473
102000107,533,606,-73
102000108,397,310,87
102000109,314,653,-339
102000110,418,1962,-1544
102000111,10,347,-337
102000112,137,67,70
102000113,17,34,-17
102000114,1116,387,729
102000115,192,164,28
102000116,452,295,157
102000117,351,515,-164
102000118,1603,1060,543
102000119,2659,461,2198
102000120,146,522,-376
102000121,1297,583,714
102000122,490,857,-367
102000123,1857,1289,568
102000124,1262,1059,203
102000125,1282,1060,222
102000126,570,623,-53
102000127,1132,779,353
102000128,447,1166,-719
102000129,1158,970,188
102000130,483,746,-263
102000131,3619,749,2870
102000132,1706,675,1031
102000133,1061,2880,-1819
102000134,435,823,-388
102000135,1112,733,379
102000136,1207,409,798
102000137,1496,852,644
102000138,400,569,-169
102000139,114,490,-376
102000140,567,264,303
102000141,645,684,-39
102000142,170,494,-324
102000143,54,555,-501
102000144,81,618,-537
102000145,301,585,-284
102000146,272,324,-52
102000147,399,371,28
102000148,177,221,-44
102000149,132,766,-634
102000150,181,234,-53
102000151,93,380,-287
102000152,86,183,-97
102000153,830,265,565
102000154,432,661,-229
102000155,118,316,-198
102000156,319,61,258
102000157,68,164,-96
102000158,408,359,49
102000159,2001,222,1779
102000161,5579,1404,4175
102000162,199,132,67
102000163,142,441,-299
102000164,1543,749,794
102000165,343,144,199
102000166,34,83,-49
102000167,210,182,28
102000168,214,122,92
102000169,99,393,-294
102000170,930,139,791
102000171,179,88,91
102000172,85,226,-141
102000173,271,228,43
102000174,42,86,-44
102000175,104,182,-78
102000176,27,42,-15
102000178,248,669,-421
102000179,216,189,27
102000180,412,670,-258
102000181,365,821,-456
102000182,376,765,-389
102000183,1018,2160,-1142
102000184,918,905,13
102000185,1471,1936,-465
102000186,658,2115,-1457
102000187,744,2038,-1294
102000188,713,1912,-1199
102000189,3204,946,2258
102000190,792,2916,-2124
102000191,1598,719,879
102000192,711,1182,-471
102000193,66,260,-194
102000194,91,197,-106
102000195,515,702,-187
102000196,125,677,-552
102000197,360,616,-256
102000198,249,1087,-838
102000199,610,434,176
102000200,311,1485,-1174
102000201,521,606,-85
102000202,15,144,-129
102000203,238,395,-157
102000204,258,1215,-957
102000205,598,835,-237
102000206,529,849,-320
102000207,976,619,357
102000208,294,705,-411
102000209,26,69,-43
102000210,159,693,-534
102000211,289,576,-287
102000212,75,15,60
102000213,1,444,-443
102000214,93,10,83
102000215,1,796,-795
102000216,22,31,-9
102000217,12,274,-262
102000218,103,62,41
102000219,360,477,-117
102000225,840,822,18
102000226,11378,847,10531
102000227,97,5,92
102000228,1,135,-134
102000229,48,44,4
102000230,250,746,-496
102000231,248,555,-307
102000232,12,148,-136
102000233,393,809,-416
102000234,97,1669,-1572
102000236,555,80,475
102000237,597,177,420
102000238,198,358,-160
102000240,800,580,220
102000241,279,139,140
102000243,3,67,-64
102000245,67,125,-58
102000246,105,20,85
102000247,2334,1273,1061
102000248,1127,464,663
102000249,87,184,-97
102000250,29,489,-460
102000254,45,559,-514
102000266,112,245,-133
102000271,14,1,13
102000286,593,396,197
102000297,1651,967,684
102000299,0,0,0
102000301,0,0,0
102000303,0,1,-1
102000305,0,0,0
102000307,0,5,-5
102000308,0,2,-2
102900001,1166,1084,82
102900002,354,48,306
102900003,20,327,-307
102900005,234,372,-138
102900006,378,263,115
102900007,506,34,472
102900008,200,82,118
102900009,641,139,502
102900010,797,645,152
102900011,2216,274,1942
102900012,399,48,351
102900013,14,76,-62
102900015,885,193,692
102900016,45,147,-102
102900017,72,714,-642
102900018,7,161,-154
102900019,372,508,-136
102900020,79,45,34
102900021,8,118,-110
102900022,382,55,327
102900023,14,53,-39
102900024,17,49,-32
102900025,318,89,229
102900026,627,1202,-575
102900027,38,53,-15
102900028,61,383,-322
102900029,112,139,-27
102900030,316,218,98
102900031,70,161,-91
102900032,14,174,-160
102900033,69,259,-190
102900034,173,140,33
102900035,68,528,-460
102900036,161,736,-575
102900037,160,932,-772
102900038,367,678,-311
102900039,23,463,-440
102900040,115,267,-152
102900041,61,173,-112
102900042,119,340,-221
102900043,73,304,-231
102900044,755,2198,-1443
102900045,91,572,-481
102900046,82,396,-314
102900047,61,703,-642
102900048,488,883,-395
102900049,55,387,-332
102900050,307,401,-94
102900051,195,188,7
102900052,52,26,26
102900053,351,786,-435
102900054,1153,927,226
102900055,92,129,-37
102900056,184,496,-312
102900057,3,32,-29
102900058,307,53,254
102900059,11,62,-51
102900060,47,491,-444
102900061,84,502,-418
102900062,70,1818,-1748
102900063,513,463,50
102900064,243,472,-229
102900065,1964,933,1031
102900066,295,44,251
102900068,70,80,-10
102900070,200,823,-623
102900072,9,31,-22
102900073,118,5,113
102900075,7,20,-13
102900076,351,52,299
102900077,43,32,11
102900078,48,87,-39
102900079,282,12,270
102900080,307,26,281
102900081,81,222,-141
102900082,5,283,-278
102900083,364,8,356
102900084,5,24,-19
102900085,129,63,66
102900086,0,25,-25
102900087,40,125,-85
102900088,15,38,-23
102900089,235,128,107
102900090,6,586,-580
102900091,80,2,78
102900092,137,1236,-1099
102900093,200,202,-2
102900094,0,50,-50
102900095,40,3,37
102900096,22,3,19
102900097,9,135,-126
103000001,1994,2582,-588
103000002,1815,2187,-372
103000003,3327,2621,706
103000004,1131,707,424
103000005,2220,2417,-197
103000006,626,1562,-936
103000007,377,969,-592
103000008,978,1145,-167
103000009,777,911,-134
103000010,103,108,-5
103000011,1949,1181,768
103000012,1028,1314,-286
103000013,8015,2028,5987
103000014,1424,1501,-77
103000015,2858,898,1960
103000016,754,900,-146
103000017,124,357,-233
103000018,1090,500,590
103000019,156,177,-21
103000020,1799,1531,268
103000021,1183,1288,-105
103000022,869,1311,-442
103000023,381,1220,-839
103000024,154,194,-40
103000025,51,331,-280
103000026,2235,142,2093
103000027,340,433,-93
103000028,1107,377,730
103000029,547,234,313
103000030,2673,690,1983
103000031,2051,1289,762
103000032,2256,1861,395
103000033,2636,2391,245
103000034,2261,1030,1231
103000035,574,988,-414
103000036,471,501,-30
103000037,932,519,413
103000038,643,825,-182
103000039,236,584,-348
103000040,273,1543,-1270
103000041,1555,3408,-1853
103000042,638,802,-164
103000043,304,1405,-1101
103000044,154,367,-213
103000046,214,330,-116
103000047,406,882,-476
103000048,113,141,-28
103000049,95,227,-132
103000050,510,845,-335
103000051,218,623,-405
103000052,708,485,223
103000053,105,392,-287
103000054,1650,1105,545
103000055,1439,1593,-154
103000056,468,2881,-2413
103000057,446,395,51
103000058,324,1173,-849
103000059,285,920,-635
103000060,670,883,-213
103000061,305,819,-514
103000062,991,1027,-36
103000063,592,736,-144
103000064,65,372,-307
103000065,3,354,-351
103000066,70,11,59
103000069,150,428,-278
103000070,572,1361,-789
103000071,636,401,235
103000072,61,1124,-1063
103000073,232,93,139
103000074,451,71,380
103000075,92,1054,-962
103000076,213,205,8
103000077,28,426,-398
103000078,1133,320,813
103000079,1500,456,1044
103000080,1332,187,1145
103000081,663,740,-77
103000082,332,177,155
103000083,88,386,-298
103000084,121,8,113
103000085,2,75,-73
103000086,599,281,318
103000087,106,426,-320
103000088,326,396,-70
103000089,165,290,-125
103000090,1409,963,446
103000091,522,394,128
103000092,224,342,-118
103000093,299,646,-347
103000094,122,130,-8
103000095,23,441,-418
103000096,700,103,597
103000097,44,784,-740
103000098,943,162,781
103000099,436,787,-351
103000100,64,1056,-992
103000101,552,149,403
103000102,92,759,-667
103000103,401,224,177
103000104,36,203,-167
103000105,46,142,-96
103000106,28,106,-78
103000107,250,79,171
103000108,473,544,-71
103000109,376,297,79
103000110,365,403,-38
103000111,629,459,170
103000112,316,273,43
103000113,681,782,-101
103000114,778,356,422
103000115,372,416,-44
103000116,360,538,-178
103000117,103,494,-391
103000118,1347,1294,53
103000119,2144,774,1370
103000120,90,108,-18
103000121,315,588,-273
103000122,293,237,56
103000125,5,611,-606
103000126,316,15,301
103000127,3,357,-354
103000128,112,3,109
103000129,2,205,-203
103000130,29,36,-7
103000131,253,90,163
103000132,82,177,-95
103000133,5,246,-241
103000134,951,575,376
103000135,1119,207,912
103000136,779,327,452
103000137,585,568,17
103000138,894,587,307
103000139,10,55,-45
103000140,126,26,100
103000141,31,84,-53
103000142,134,90,44
103000143,30,210,-180
103000144,140,90,50
103000145,28,48,-20
103000150,64,61,3
103000152,196,282,-86
103000153,99,179,-80
103000156,2,706,-704
103000157,212,3,209
103000159,139,130,9
103000162,76,36,40
103000163,1,22,-21
103000164,7,11,-4
103000165,154,541,-387
103000166,106,189,-83
103000167,148,127,21
103000168,55,192,-137
103000169,185,408,-223
103000170,536,552,-16
103000171,35,77,-42
103000172,215,382,-167
103000173,232,980,-748
103000174,118,339,-221
103000175,108,532,-424
103000176,749,248,501
103000177,819,403,416
103000178,427,336,91
103000179,73,25,48
103000183,70,44,26
103000185,31,97,-66
103000186,44,204,-160
103000187,194,904,-710
103000188,7,126,-119
103000189,783,1189,-406
103000191,715,868,-153
103000292,3161,970,2191
103000293,1906,967,939
103000295,92,66,26
103000296,279,4,275
103000297,192,18,174
103000504,112,9,103
103000505,20,5,15
103000506,0,262,-262
103000507,128,7,121
103000508,61,26,35
103000509,194,695,-501
103900001,3,517,-514
103900002,2048,215,1833
103900003,2049,98,1951
103900004,37,0,37
103900005,5,290,-285
103900006,0,0,0
103900007,17,9,8
103900008,0,0,0
103900009,145,264,-119
103900010,94,279,-185
103900011,48,293,-245
103900012,4,14,-10
103900013,18,82,-64
103900014,41,36,5
103900015,27,20,7
103900016,273,288,-15
103900017,24,99,-75
103900018,808,170,638
103900019,39,227,-188
103900020,120,250,-130
103900021,1009,74,935
103900022,854,669,185
103900023,62,2,60
103900024,113,686,-573
103900025,5,50,-45
103900026,1,0,1
103900027,324,347,-23
103900028,6,177,-171
103900029,676,138,538
103900030,112,33,79
103900031,7,0,7
103900032,43,38,5
103900033,82,9,73
103900034,16,316,-300
103900035,59,100,-41
103900036,30,16,14
103900037,32,28,4
103900038,45,107,-62
103900039,13,531,-518
103900040,25,306,-281
103900041,14,34,-20
103900042,20,518,-498
103900043,38,135,-97
103900044,325,108,217
103900045,121,179,-58
103900047,19,35,-16
103900048,51,17,34
103900049,209,1436,-1227
103900050,1,86,-85
103900051,1,34,-33
103900052,123,706,-583
103900053,95,1321,-1226
103900054,43,686,-643
103900055,249,260,-11
103900056,15,41,-26
103900057,8,335,-327
103900058,65,1013,-948
103900059,0,2,-2
103900060,18,266,-248
103900061,40,65,-25
103900062,84,39,45
103900063,2,0,2
103900064,38,4,34
103900065,908,313,595
103900066,34,11,23
103900067,36,11,25
103900068,1,0,1
103900069,78,5,73
103900070,80,294,-214
103900071,33,219,-186
103900072,2,409,-407
103900073,32,9,23
103900074,24,121,-97
103900075,141,106,35
103900076,179,896,-717
103900077,97,43,54
103900078,67,155,-88
103900079,85,236,-151
103900080,8,26,-18
103900081,63,10,53
103900082,2,94,-92
103900083,2607,329,2278
103900084,40,117,-77
103900085,72,91,-19
103900086,237,281,-44
103900087,34,83,-49
103900088,371,168,203
103900089,30,131,-101
103900090,2,269,-267
103900091,895,325,570
103900092,207,517,-310
103900093,90,547,-457
103900094,3,190,-187
103900095,137,133,4
103900096,12,469,-457
103900097,9,596,-587
103900098,117,73,44
103900099,15,301,-286
103900100,126,425,-299
103900101,61,1067,-1006
103900102,1,44,-43
103900104,2,41,-39
103900105,98,192,-94
103900106,0,9,-9
103900107,71,244,-173
103900108,34,472,-438
103900109,62,110,-48
103900110,158,68,90
103900111,19,903,-884
103900112,17,52,-35
103900113,137,176,-39
103900114,489,318,171
103900115,254,86,168
103900116,7843,1159,6684
103900117,263,161,102
103900119,25,50,-25
103900120,26,86,-60
103900122,52,448,-396
103900123,1691,530,1161
103900124,25,681,-656
103900125,70,99,-29
103900126,220,573,-353
103900127,94,885,-791
103900128,31,269,-238
103900131,36,165,-129
103900133,701,7,694
103900134,1,0,1
103900135,4,8,-4
103900137,0,34,-34
103900138,25,444,-419
103900139,174,855,-681
103900140,9,33,-24
103900141,182,84,98
103900142,53,246,-193
103900143,13,7,6
103900144,0,70,-70
103900145,136,366,-230
103900146,237,443,-206
103900147,221,140,81
103900148,81,221,-140
103900149,88,879,-791
103900150,9026,2028,6998
103900151,29,187,-158
103900152,157,949,-792
103900153,5,1,4
103900154,1545,761,784
103900155,13,235,-222
103900156,14,244,-230
103900157,16,287,-271
103900158,21,270,-249
103900159,50,68,-18
103900160,16,9,7
103900161,44,194,-150
103900162,56,293,-237
103900163,3,400,-397
103900167,20,45,-25
103900168,53,167,-114
103900169,21,25,-4
103900170,0,114,-114
103900171,1,76,-75
103900172,6,27,-21
103900173,4,5,-1
103900174,44,72,-28
103900175,59,33,26
103900176,10,8,2
103900177,3,45,-42
103900178,20,98,-78
103900179,15,234,-219
103900180,14,160,-146
103900181,74,44,30
103900182,24,8,16
103900184,699,23,676
103900185,241,98,143
103900187,83,40,43
103900188,27,8,19
103900189,101,5,96
103900190,26,50,-24
103900191,15,61,-46
103900192,30,96,-66
103900193,234,133,101
103900194,36,503,-467
103900195,6,28,-22
103900196,8,16,-8
103900197,6,42,-36
103900198,13,58,-45
103900199,71,90,-19
103900200,93,155,-62
103900201,55,232,-177
103900202,10,56,-46
103900203,21,16,5
103900204,6,146,-140
103900207,2,184,-182
103900208,26,1,25
103900209,4,150,-146
103900210,30,32,-2
103900211,329,749,-420
103900212,59,545,-486
103900213,111,335,-224
103900214,188,84,104
103900215,711,280,431
103900216,14,589,-575
103900217,379,44,335
103900218,1,219,-218
103900219,50,334,-284
103900233,74,1,73
103900235,30,30,0
103900236,15,4,11
103900242,0,10,-10
103900243,0,2,-2
103900244,45,418,-373
103900245,40,292,-252
103900246,40,42,-2
103900247,24,103,-79
103900248,1,21,-20
103900249,16,41,-25
103900250,32,23,9
103900251,0,24,-24
103900253,19,50,-31
103900254,6,11,-5
103900255,6,8,-2
103900256,18,9,9
103900257,84,84,0
103900258,26,3,23
103900259,72,8,64
103900261,8,1,7
103900262,14,0,14
103900263,55,22,33
103900264,95,6,89
103900265,36,9,27
103900266,0,29,-29
103900267,4,78,-74
103900268,10,126,-116
103900269,89,35,54
103900270,18,164,-146
103900271,16,224,-208
103900272,58,64,-6
103900273,9,55,-46
103900274,14,29,-15
103900275,17,10,7
103900276,6,139,-133
103900277,4,149,-145
104000001,1999,2448,-449
104000002,1402,2785,-1383
104000003,2598,2419,179
104000004,3852,2745,1107
104000005,926,2004,-1078
104000006,2692,3271,-579
104000007,4313,4005,308
104000008,255,572,-317
104000009,97,120,-23
104000010,135,173,-38
104000011,836,586,250
104000012,164,598,-434
104000013,95,141,-46
104000014,226,850,-624
104000015,227,186,41
104000016,437,530,-93
104000018,456,149,307
104000019,371,116,255
104000020,196,1141,-945
104000021,287,866,-579
104000022,122,383,-261
104000023,449,336,113
104000024,163,431,-268
104000026,38,390,-352
104000027,239,546,-307
104000028,261,311,-50
104000029,418,729,-311
104000030,158,247,-89
104000031,553,291,262
104000032,182,488,-306
104000033,440,360,80
104000034,322,514,-192
104000035,539,508,31
104000036,361,762,-401
104000037,213,385,-172
104000038,263,298,-35
104000039,191,525,-334
104000040,538,577,-39
104000041,549,349,200
104000042,206,575,-369
104000043,275,496,-221
104000044,191,891,-700
104000045,689,1413,-724
104000046,1596,1905,-309
104000047,879,1635,-756
104000048,1140,2478,-1338
104000049,282,350,-68
104000050,218,584,-366
104000051,82,942,-860
104000052,939,1513,-574
104000053,711,734,-23
104000054,477,724,-247
104000055,4335,3629,706
104000056,1860,238,1622
104000057,118,638,-520
104000058,512,798,-286
104000059,446,1376,-930
104000060,692,1128,-436
104000061,983,1520,-537
104000062,160,171,-11
104000064,689,298,391
104000065,120,393,-273
104000069,1874,525,1349
104000070,57,411,-354
104000071,129,426,-297
104000072,692,189,503
104000075,46,314,-268
104000076,463,159,304
104000082,2046,2481,-435
104000083,831,246,585
104000084,145,513,-368
104000085,217,220,-3
104000086,151,443,-292
104000087,548,1034,-486
104000090,592,1801,-1209
104000092,552,3298,-2746
104000094,626,2812,-2186
104000095,1272,1564,-292
104000096,907,421,486
104000097,1185,1346,-161
104000098,1109,1571,-462
104000100,944,796,148
104000101,788,2637,-1849
104000106,101,616,-515
104000107,597,702,-105
104000108,438,709,-271
104000109,263,59,204
104000110,859,965,-106
104000111,6621,1637,4984
104000112,3140,575,2565
104000116,5,1656,-1651
104000117,86,1215,-1129
104000118,316,320,-4
104000119,378,317,61
104000120,143,1220,-1077
104000121,146,693,-547
104000122,436,784,-348
104000123,1149,1865,-716
104000124,2144,3299,-1155
104000125,5943,2847,3096
104000126,275,542,-267
104000127,1740,4985,-3245
104000128,925,666,259
104000129,541,64,477
104000130,11,261,-250
104000131,1291,864,427
104000132,716,1068,-352
104000133,1121,927,194
104000134,970,1401,-431
104000135,385,884,-499
104000136,1024,2261,-1237
104000137,2042,269,1773
104000138,1811,465,1346
104000139,11652,3336,8316
104000141,1763,2110,-347
104000142,680,1283,-603
104000143,523,1037,-514
104000144,44,213,-169
104000145,355,178,177
104000146,499,650,-151
104000147,126,486,-360
104000148,192,190,2
104000149,181,543,-362
104000150,701,421,280
104000151,379,830,-451
104000152,369,953,-584
104000153,239,399,-160
104000154,1306,948,358
104000155,323,523,-200
104000157,1371,2084,-713
104000158,432,276,156
104000159,493,344,149
104000160,1563,1453,110
104000161,179,189,-10
104000162,33,118,-85
104000165,1313,1180,133
104000167,400,620,-220
104000168,461,10,451
104000169,42,48,-6
104000170,1004,345,659
104000248,142,915,-773
104000251,55,473,-418
104000272,0,0,0
104000273,0,0,0
104000274,0,0,0
104000275,0,0,0
104000279,789,673,116
104000290,64,442,-378
104000291,492,1081,-589
104000293,460,711,-251
104000294,12,0,12
104000295,448,893,-445
104000296,237,903,-666
104000297,908,1729,-821
104000298,2404,1048,1356
104000299,686,1386,-700
104900001,79,457,-378
104900002,15,90,-75
104900003,34,485,-451
104900004,76,454,-378
104900005,106,201,-95
104900006,85,77,8
104900007,179,238,-59
104900009,90,573,-483
104900010,32,14,18
104900011,8,1,7
104900012,93,2,91
104900013,88,3,85
104900014,4700,432,4268
104900015,84,3,81
104900016,111,406,-295
104900017,37,179,-142
104900018,2,237,-235
104900019,259,1150,-891
104900020,30,351,-321
104900021,3,342,-339
104900022,19,131,-112
104900023,0,219,-219
104900024,20,142,-122
104900025,45,419,-374
104900026,0,190,-190
104900027,176,238,-62
104900028,30,112,-82
104900029,44,103,-59
104900030,289,182,107
104900031,153,283,-130
104900032,40,229,-189
104900033,91,217,-126
104900034,243,84,159
104900035,156,81,75
104900036,66,59,7
104900037,84,333,-249
104900038,647,359,288
104900039,1066,143,923
104900040,165,83,82
104900041,199,139,60
104900042,105,450,-345
104900043,8,36,-28
104900044,286,171,115
104900045,294,54,240
104900046,56,150,-94
104900047,175,140,35
104900048,173,88,85
104900049,11,8,3
104900050,81,144,-63
104900051,129,32,97
104900052,52,1,51
104900053,224,70,154
104900054,126,45,81
104900055,16,0,16
104900056,74,13,61
104900057,8,1,7
104900058,1305,169,1136
104900059,12,50,-38
104900060,3,366,-363
104900061,259,759,-500
104900063,0,134,-134
104900064,0,143,-143
104900065,0,132,-132
104900066,3,199,-196
104900067,3,302,-299
104900068,9,250,-241
104900070,76,321,-245
104900071,4,873,-869
104900072,38,209,-171
104900073,24,344,-320
104900074,55,248,-193
104900075,34,75,-41
104900076,47,568,-521
104900077,1436,77,1359
104900078,112,995,-883
104900079,122,224,-102
104900080,51,679,-628
104900082,22,367,-345
104900085,3,269,-266
104900087,336,3,333
104900089,100,0,100
104900090,419,500,-81
104900091,500,1167,-667
104900093,233,590,-357
104900097,3741,1255,2486
104900098,30,29,1
104900099,161,461,-300
104900100,734,250,484
104900102,23,289,-266
104900103,513,120,393
104900104,4448,1162,3286
104900106,27,174,-147
104900107,21,394,-373
104900108,14,378,-364
104900109,91,303,-212
104900110,2,51,-49
104900111,142,114,28
104900112,121,1087,-966
104900113,407,532,-125
104900114,179,918,-739
104900115,355,575,-220
104900116,97,414,-317
104900118,9,68,-59
104900119,0,25,-25
104900120,130,80,50
104900121,0,154,-154
104900122,3,111,-108
104900123,17,5,12
104900124,18,0,18
104900125,374,7,367
104900126,51,48,3
104900127,14,27,-13
104900128,47,194,-147
104900129,3442,908,2534
105000001,1874,1917,-43
105000002,1847,1998,-151
105000003,2429,4534,-2105
105000004,478,1228,-750
105000005,701,1465,-764
105000006,865,1582,-717
105000007,744,1267,-523
105000008,809,1650,-841
105000009,1124,2822,-1698
105000010,3275,2960,315
105000011,1873,2081,-208
105000012,4943,3967,976
105000013,637,916,-279
105000014,1384,2002,-618
105000015,8693,6897,1796
105000016,3993,2269,1724
105000017,1685,1204,481
105000018,1421,950,471
105000019,1766,1078,688
105000020,235,351,-116
105000021,294,134,160
105000022,171,28,143
105000023,365,260,105
105000028,51,140,-89
105000029,264,841,-577
105000030,4345,4352,-7
105000033,1181,2538,-1357
105000034,128,575,-447
105000037,601,632,-31
105000038,1904,1261,643
105000039,4087,2615,1472
105000040,743,735,8
105000041,1042,1707,-665
105000042,3694,1170,2524
105000043,3006,2952,54
105000044,268,334,-66
105000045,281,1144,-863
105000046,576,403,173
105000047,412,1832,-1420
105000048,336,193,143
105000049,238,767,-529
105000050,354,408,-54
105000051,194,558,-364
105000052,388,955,-567
105000053,121,216,-95
105000054,163,1087,-924
105000055,344,467,-123
105000056,731,2881,-2150
105000057,1036,1160,-124
105000058,1474,1748,-274
105000059,448,508,-60
105000060,353,674,-321
105000061,279,512,-233
105000062,747,1205,-458
105000063,308,753,-445
105000064,577,680,-103
105000065,288,1228,-940
105000066,977,2559,-1582
105000067,692,619,73
105000068,442,1107,-665
105000069,3165,577,2588
105000070,938,871,67
105000071,200,398,-198
105000072,661,861,-200
105000073,605,501,104
105000074,823,1111,-288
105000075,494,968,-474
105000076,1279,1254,25
105000077,1912,992,920
105000078,1382,1140,242
105000079,1957,1746,211
105000080,1873,1151,722
105000081,1144,694,450
105000082,481,434,47
105000083,1150,850,300
105000084,452,1275,-823
105000085,1118,1049,69
105000086,467,945,-478
105000087,2664,1963,701
105000088,1891,1483,408
105000089,4626,2892,1734
105000090,1367,1053,314
105000091,2411,2277,134
105000092,695,1306,-611
105000093,354,224,130
105000094,238,241,-3
105000095,55,460,-405
105000096,966,725,241
105000097,1169,759,410
105000098,546,529,17
105000099,689,1145,-456
105000100,952,1270,-318
105000101,1592,2385,-793
105000102,3124,1732,1392
105000103,2025,2724,-699
105000104,1340,1099,241
105000105,842,1979,-1137
105000106,788,1500,-712
105000107,620,943,-323
105000108,806,2011,-1205
105000109,886,1752,-866
105000110,474,951,-477
105000111,359,637,-278
105000112,904,1040,-136
105000113,372,470,-98
105000114,4051,1075,2976
105000115,323,739,-416
105000116,410,492,-82
105000117,800,1894,-1094
105000118,229,418,-189
105000119,432,1607,-1175
105000120,523,664,-141
105000121,635,1321,-686
105000122,212,468,-256
105000123,1061,1822,-761
105000124,1057,1119,-62
105000125,551,2114,-1563
105000126,1596,2378,-782
105000127,1784,2145,-361
105000128,382,1702,-1320
105000129,638,326,312
105000130,107,876,-769
105000131,480,465,15
105000132,570,390,180
105000133,325,1271,-946
105000134,343,658,-315
105000135,396,847,-451
105000136,99,404,-305
105000137,271,265,6
105000138,230,441,-211
105000139,885,1196,-311
105000140,213,566,-353
105000141,166,801,-635
105000142,73,606,-533
105000143,231,785,-554
105000144,179,748,-569
105000145,475,601,-126
105000146,471,782,-311
105000147,282,363,-81
105000148,1027,695,332
105000149,1558,1609,-51
105000150,2547,1475,1072
105000151,286,334,-48
105000152,239,733,-494
105000153,462,457,5
105000154,782,1004,-222
105000155,200,607,-407
105000156,1026,1009,17
105000157,1217,2293,-1076
105000158,1570,823,747
105000159,328,1516,-1188
105000160,1038,598,440
105000161,699,2330,-1631
105000162,422,1116,-694
105000163,1368,1415,-47
105000164,232,370,-138
105000165,1721,3094,-1373
105000166,8955,330,8625
105000167,3457,1189,2268
105000168,197,1108,-911
105000169,268,574,-306
105000170,112,1337,-1225
105000171,1056,349,707
105000172,58,47,11
105000173,42,29,13
105000174,41,41,0
105000175,94,141,-47
105000176,76,73,3
105000177,77,117,-40
105000178,93,781,-688
105000179,99,101,-2
105000180,78,131,-53
105000181,36,508,-472
105000182,25,50,-25
105000183,3048,1349,1699
105000184,1701,954,747
105000185,1718,642,1076
105000186,415,1163,-748
105000187,714,320,394
105000188,360,100,260
105000189,232,739,-507
105000190,201,382,-181
105000191,304,535,-231
105000192,157,77,80
105000193,79,168,-89
105000194,187,153,34
105000195,242,1322,-1080
105000196,17,94,-77
105000197,218,822,-604
105000198,555,340,215
105000199,191,241,-50
105000200,128,239,-111
105000201,96,30,66
105000203,12,323,-311
105000204,59,143,-84
105000205,108,281,-173
105000207,1055,296,759
105000208,325,367,-42
105000209,146,501,-355
105000212,890,1665,-775
105000213,237,176,61
105000214,45,281,-236
105000215,110,352,-242
105000216,65,536,-471
105000217,173,419,-246
105000218,573,1147,-574
105000221,89,330,-241
105000222,66,57,9
105000223,125,217,-92
105000226,6,413,-407
105000227,25,253,-228
105000228,189,725,-536
105000229,52,170,-118
105000231,151,240,-89
105000233,593,638,-45
105000234,532,1483,-951
105000235,184,458,-274
105000237,468,61,407
105000243,14,221,-207
105000248,106,37,69
105000262,211,2138,-1927
105000269,78,168,-90
105000270,181,123,58
105000271,2,322,-320
105000282,79,44,35
105000287,355,146,209
105000288,355,457,-102
105000289,889,855,34
105000290,2,4,-2
105000402,5384,1977,3407
105000426,312,556,-244
105000438,758,610,148
105000446,14615,5333,9282
105000447,8915,3077,5838
105000454,158,1181,-1023
105000455,245,269,-24
105000474,12,1,11
105000477,202,370,-168
105000478,1181,1862,-681
105000479,72,131,-59
105000480,1677,1929,-252
105000481,2218,2220,-2
105000482,4886,3107,1779
105000483,1109,1261,-152
105000484,2761,2902,-141
105000485,1085,1366,-281
105000486,3813,2631,1182
105000488,3103,3063,40
105000489,488,757,-269
105000549,15,151,-136
105000550,474,1204,-730
105000551,45,108,-63
105000552,3787,2289,1498
105900001,11,805,-794
105900002,1918,431,1487
105900003,8,95,-87
105900004,598,106,492
105900005,7,243,-236
105900006,16,57,-41
105900007,135,12,123
105900008,57,807,-750
105900009,10,9,1
105900011,205,51,154
105900012,539,229,310
105900013,2,30,-28
105900014,6,84,-78
105900015,250,358,-108
105900016,282,906,-624
105900017,548,57,491
105900018,220,258,-38
105900019,163,695,-532
105900020,27,63,-36
105900021,27,477,-450
105900022,222,408,-186
105900023,3,167,-164
105900024,4,217,-213
105900025,47,20,27
105900026,190,31,159
105900027,5360,6607,-1247
105900028,37,175,-138
105900029,2293,394,1899
105900030,137,331,-194
105900031,422,184,238
105900032,28,146,-118
105900033,98,120,-22
105900034,109,287,-178
105900035,157,259,-102
105900036,26,141,-115
105900037,52,76,-24
105900038,111,250,-139
105900039,52,170,-118
105900040,84,112,-28
105900041,154,436,-282
105900042,32,124,-92
105900043,1869,112,1757
105900044,3,159,-156
105900045,1,690,-689
105900046,5,204,-199
105900047,58,31,27
105900048,53,498,-445
105900050,5270,1035,4235
105900051,9,1247,-1238
105900052,256,209,47
105900053,4219,1095,3124
105900054,298,278,20
105900056,971,216,755
105900057,30,160,-130
105900058,9,26,-17
105900059,0,22,-22
106000001,4128,1229,2899
106000002,3303,4265,-962
106000003,2797,2323,474
106000004,2430,2701,-271
106000005,2139,5071,-2932
106000006,6138,5389,749
106000007,373,558,-185
106000008,446,316,130
106000009,372,377,-5
106000010,511,646,-135
106000011,570,1022,-452
106000012,690,1758,-1068
106000013,1324,2041,-717
106000014,1985,2116,-131
106000015,983,1198,-215
106000016,1105,2754,-1649
106000017,718,708,10
106000018,531,694,-163
106000019,245,465,-220
106000020,215,578,-363
106000021,212,531,-319
106000022,246,401,-155
106000023,459,430,29
106000024,536,1053,-517
106000025,89,175,-86
106000026,162,374,-212
106000027,763,1371,-608
106000028,413,987,-574
106000029,961,1790,-829
106000030,950,316,634
106000034,171,670,-499
106000035,751,937,-186
106000036,390,377,13
106000037,1524,1597,-73
106000038,585,94,491
106000039,209,40,169
106000040,159,796,-637
106000041,857,262,595
106000043,504,74,430
106000046,315,31,284
106000047,53,340,-287
106000049,457,115,342
106000050,228,994,-766
106000051,389,341,48
106000052,76,716,-640
106000053,132,88,44
106000054,301,570,-269
106000055,495,789,-294
106000056,246,668,-422
106000057,183,190,-7
106000058,125,240,-115
106000059,131,219,-88
106000060,514,700,-186
106000061,168,428,-260
106000062,175,636,-461
106000063,432,468,-36
106000064,32,471,-439
106000065,211,207,4
106000066,118,451,-333
106000067,178,114,64
106000068,63,714,-651
106000069,130,109,21
106000070,239,980,-741
106000071,533,345,188
106000072,4831,1466,3365
106000073,1920,1999,-79
106000074,275,572,-297
106000075,236,1134,-898
106000076,1233,1584,-351
106000077,3171,1193,1978
106000078,559,994,-435
106000079,528,1216,-688
106000080,780,917,-137
106000081,382,1163,-781
106000082,2151,994,1157
106000083,266,1245,-979
106000084,916,744,172
106000085,1498,1097,401
106000086,591,630,-39
106000087,807,677,130
106000088,377,763,-386
106000089,655,602,53
106000090,198,692,-494
106000091,201,792,-591
106000092,532,263,269
106000093,210,77,133
106000094,119,431,-312
106000095,338,1285,-947
106000096,585,922,-337
106000097,619,1648,-1029
106000098,407,1160,-753
106000099,155,1067,-912
106000100,1150,340,810
106000101,3022,304,2718
106000102,328,571,-243
106000103,254,709,-455
106000104,834,497,337
106000105,404,1085,-681
106000106,357,480,-123
106000107,76,516,-440
106000108,144,397,-253
106000109,77,413,-336
106000110,70,349,-279
106000111,325,758,-433
106000112,131,431,-300
106000113,1129,733,396
106000114,379,452,-73
106000115,184,683,-499
106000116,77,278,-201
106000117,853,892,-39
106000118,864,1117,-253
106000119,2631,1370,1261
106000120,788,814,-26
106000121,143,184,-41
106000122,84,373,-289
106000123,155,288,-133
106000124,41,459,-418
106000125,36,524,-488
106000126,84,262,-178
106000127,419,1172,-753
106000128,338,392,-54
106000129,263,834,-571
106000130,432,441,-9
106000131,107,725,-618
106000132,915,140,775
106000133,4312,1053,3259
106000134,795,2030,-1235
106000135,206,967,-761
106000136,447,510,-63
106000137,53,1692,-1639
106000138,543,70,473
106000139,46,168,-122
106000140,32,182,-150
106000141,23,163,-140
106000142,57,118,-61
106000143,22,161,-139
106000144,15,79,-64
106000145,122,524,-402
106000146,159,244,-85
106000147,325,609,-284
106000148,689,907,-218
106000149,304,452,-148
106000150,382,1727,-1345
106000151,5542,905,4637
106000152,1791,1177,614
106000153,89,1504,-1415
106000154,1660,248,1412
106000155,46,157,-111
106000156,516,426,90
106000157,539,2064,-1525
106000158,3731,849,2882
106000159,5624,1489,4135
106000160,159,1656,-1497
106000161,1424,623,801
106000162,142,675,-533
106000163,187,697,-510
106000164,158,446,-288
106000165,145,886,-741
106000166,373,359,14
106000167,235,1903,-1668
106000168,159,293,-134
106000169,128,1117,-989
106000170,257,252,5
106000171,108,1021,-913
106000172,2244,957,1287
106000173,864,2992,-2128
106000174,975,284,691
106000175,343,1213,-870
106000176,932,579,353
106000177,519,2561,-2042
106000178,2420,1411,1009
106000179,1086,2417,-1331
106000180,760,2114,-1354
106000181,369,2416,-2047
106000182,564,676,-112
106000183,556,1120,-564
106000184,734,1201,-467
106000185,504,1088,-584
106000186,764,192,572
106000187,243,863,-620
106000188,0,1,-1
106000189,5,70,-65
106000190,6,10,-4
106000191,460,184,276
106000192,1,20,-19
106000193,270,151,119
106000194,138,334,-196
106000195,964,91,873
106000196,246,410,-164
106000197,220,309,-89
106000198,124,348,-224
106000199,913,543,370
106000200,532,161,371
106000201,470,1036,-566
106000202,8032,703,7329
106000203,281,214,67
106000204,29,4,25
106000205,16,158,-142
106000206,32,6,26
106000207,73,1033,-960
106000208,514,64,450
106000209,973,227,746
106000210,298,1508,-1210
106000211,419,1694,-1275
106000212,517,141,376
106000213,802,1404,-602
106000214,2957,479,2478
106000215,188,529,-341
106000216,279,364,-85
106000217,187,451,-264
106000218,381,347,34
106000219,89,261,-172
106000220,464,290,174
106000221,88,336,-248
106000222,29,190,-161
106000223,74,167,-93
106000224,102,445,-343
106000225,31,83,-52
106000226,113,363,-250
106000228,6,143,-137
106000229,79,936,-857
106000231,367,139,228
106000232,67,506,-439
106000233,276,142,134
106000234,50,267,-217
106000235,269,65,204
106000236,184,70,114
106000237,1,5,-4
106000238,14,10,4
106000239,11,62,-51
106000240,70,0,70
106000241,16,894,-878
106000242,123,12,111
106000249,50,97,-47
106000250,52,498,-446
106000251,28,23,5
106000252,31,106,-75
106000253,8,34,-26
106000254,37,70,-33
106000255,2,69,-67
106000256,87,124,-37
106000257,91,381,-290
106000258,133,14,119
106000259,2,32,-30
106000260,10,5,5
106000261,1,48,-47
106000262,34,30,4
106000263,1,81,-80
106000264,222,9,213
106000265,9,148,-139
106000266,98,9,89
106000267,5,106,-101
106000268,433,21,412
106000269,52,65,-13
106000270,158,455,-297
106000271,42,205,-163
106000272,72,60,12
106000273,2,206,-204
106000274,190,40,150
106000275,103,192,-89
106000276,123,67,56
106000277,113,162,-49
106000278,191,44,147
106000279,19,82,-63
106000280,19,167,-148
106000281,80,76,4
106000282,53,59,-6
106000283,73,102,-29
106000284,20,118,-98
106000285,106,144,-38
106000286,60,206,-146
106000287,81,116,-35
106000288,93,156,-63
106000289,78,65,13
106000290,43,139,-96
106000291,65,87,-22
106000292,81,173,-92
106000293,61,114,-53
106000294,107,118,-11
106000295,29,57,-28
106000296,57,126,-69
106000297,62,227,-165
106000298,168,54,114
106000299,60,161,-101
106000300,40,99,-59
106000301,62,105,-43
106000303,5,74,-69
106000304,69,38,31
106000305,27,55,-28
106000306,49,104,-55
106000307,28,21,7
106000308,17,191,-174
106000309,18,70,-52
106000310,147,652,-505
106000311,169,152,17
106000312,63,234,-171
106000313,74,220,-146
106000318,208,210,-2
106000319,380,36,344
106000320,3,64,-61
106000321,329,73,256
106000322,76,242,-166
106000324,3,233,-230
106000325,967,985,-18
106000326,710,2097,-1387
106000327,60,171,-111
106000328,6,97,-91
106000329,31,310,-279
106000330,26,65,-39
106000428,42,250,-208
106000429,105,606,-501
106000430,316,1694,-1378
106000431,1099,316,783
106000432,1485,2782,-1297
106000433,1263,762,501
106000434,2614,922,1692
106000435,2496,2679,-183
106000436,17,350,-333
106000437,177,38,139
106000438,299,108,191
106000439,52,799,-747
106000440,301,595,-294
106000441,1,0,1
106000442,76,6,70
106000443,57,681,-624
106000450,2,231,-229
106000451,9,15,-6
106000454,2,97,-95
106000455,32,207,-175
106000456,154,21,133
106000457,8,1522,-1514
106000458,168,165,3
106000459,36,500,-464
106000460,420,39,381
106000461,32,2599,-2567
106000462,0,11,-11
106000463,4,27,-23
106000464,4,740,-736
106000465,169,3,166
106000466,2,999,-997
106000467,522,654,-132
106000468,47,204,-157
106000469,245,18,227
106000470,224,1355,-1131
106000471,23,742,-719
106000472,87,14,73
106000473,10,34,-24
106000474,276,852,-576
106000475,196,169,27
106000476,185,159,26
106000477,9,59,-50
106900001,0,15,-15
106900002,2,638,-636
106900003,255,866,-611
106900004,0,95,-95
106900006,0,23,-23
106900007,0,22,-22
106900008,83,349,-266
106900009,184,478,-294
106900010,123,400,-277
106900012,2129,1599,530
106900013,535,52,483
106900014,12,2,10
106900015,13,2,11
106900016,84,0,84
106900017,0,0,0
106900018,1,0,1
106900019,19,0,19
106900020,3103,601,2502
106900021,24,31,-7
106900022,190,2,188
106900023,5,339,-334
106900024,558,10,548
106900025,43,703,-660
106900026,2,940,-938
106900027,189,1,188
107000001,1733,1571,162
107000002,3043,4501,-1458
107000003,3738,4682,-944
107000004,5526,6964,-1438
107000005,1619,3502,-1883
107000006,3578,8083,-4505
107000007,4728,5795,-1067
107000008,22587,13807,8780
107000009,4769,4663,106
107000010,12821,15366,-2545
107000011,1227,1418,-191
107000012,4597,4283,314
107000013,31,156,-125
107000014,20,275,-255
107000015,399,1027,-628
107000016,331,1351,-1020
107000017,7809,1168,6641
107000018,34,504,-470
107000020,4733,609,4124
107000021,1314,1125,189
107000022,1452,2043,-591
107000023,1572,427,1145
107000024,554,2484,-1930
107000025,117,424,-307
107000026,157,917,-760
107000027,974,1238,-264
107000028,1284,2025,-741
107000029,1598,1951,-353
107000030,3543,4068,-525
107000031,2061,1981,80
107000032,292,1036,-744
107000033,4111,6295,-2184
107000034,5728,2527,3201
107000035,256,202,54
107000036,416,1095,-679
107000037,102,614,-512
107000038,229,276,-47
107000039,538,559,-21
107000040,134,397,-263
107000041,1421,611,810
107000042,722,1742,-1020
107000043,3245,1001,2244
107000044,803,480,323
107000045,122,331,-209
107000046,482,399,83
107000047,344,1032,-688
107000048,564,382,182
107000049,557,842,-285
107000050,663,505,158
107000051,528,348,180
107000052,1078,678,400
107000053,297,151,146
107000054,81,298,-217
107000055,127,103,24
107000056,423,1036,-613
107000057,1651,244,1407
107000058,1432,1854,-422
107000059,2615,3484,-869
107000060,3085,4954,-1869
107000061,5931,4672,1259
107000062,2176,2870,-694
107000063,3603,7078,-3475
107000064,2495,2040,455
107000065,3519,6672,-3153
107000066,2007,2264,-257
107000067,749,1080,-331
107000068,1848,729,1119
107000069,471,347,124
107000070,252,2,250
107000071,1324,12,1312
107000072,34,4478,-4444
107000073,261,164,97
107000074,177,1139,-962
107000075,842,268,574
107000076,792,2206,-1414
107000077,1984,560,1424
107000078,1784,4178,-2394
107000079,1451,466,985
107000080,1129,4014,-2885
107000081,817,433,384
107000082,522,3525,-3003
107000083,862,221,641
107000084,520,3117,-2597
107000085,2826,3268,-442
107000086,4173,3223,950
107000087,2087,2026,61
107000088,2946,3715,-769
107000089,1126,1786,-660
107000090,917,1341,-424
107000091,792,1105,-313
107000092,604,1314,-710
107000093,686,852,-166
107000094,719,1682,-963
107000095,389,618,-229
107000096,603,1266,-663
107000097,352,221,131
107000098,315,900,-585
107000099,486,255,231
107000100,329,379,-50
107000101,74,170,-96
107000102,441,364,77
107000103,301,168,133
107000104,207,340,-133
107000105,178,108,70
107000106,137,341,-204
107000107,321,194,127
107000108,93,943,-850
107000109,364,136,228
107000110,98,743,-645
107000111,62,30,32
107000112,29,449,-420
107000113,207,89,118
107000114,75,792,-717
107000115,236,96,140
107000116,83,1173,-1090
107000117,63,180,-117
107000118,160,311,-151
107000119,2102,884,1218
107000120,2858,446,2412
107000121,437,726,-289
107000122,981,992,-11
107000123,169,920,-751
107000124,405,1053,-648
107000125,454,965,-511
107000126,452,1401,-949
107000129,132,825,-693
107000130,231,265,-34
107000131,378,690,-312
107000132,390,309,81
107000133,1083,183,900
107000134,304,2,302
107000135,2,230,-228
107000136,613,3,610
107000137,6,418,-412
107000138,470,14,456
107000139,19,345,-326
107000140,701,36,665
107000141,129,939,-810
107000142,228,61,167
107000143,51,1077,-1026
107000144,246,374,-128
107000145,121,716,-595
107000146,164,295,-131
107000147,2841,697,2144
107000150,1051,2218,-1167
107000151,35,40,-5
107000152,622,455,167
107000153,375,319,56
107000154,165,68,97
107000155,509,27,482
107000156,818,42,776
107000157,35,3173,-3138
107000158,267,16,251
107000159,36,1683,-1647
107000160,375,91,284
107000161,51,2457,-2406
107000162,141,250,-109
107000163,23,0,23
107000164,103,0,103
107000165,300,5,295
107000166,54,1698,-1644
107000167,314,248,66
107000168,538,295,243
107000169,1075,1349,-274
107000170,891,501,390
107000171,644,3692,-3048
107000172,493,608,-115
107000173,783,1504,-721
107000174,1057,2690,-1633
107000175,13144,2084,11060
107000176,0,0,0
107000177,0,0,0
107000178,0,61,-61
107000179,213,3645,-3432
107000180,612,394,218
107000181,250,1526,-1276
107000182,856,1043,-187
107000183,89,1187,-1098
107000184,435,888,-453
107000185,374,1470,-1096
107000186,513,381,132
107000187,1049,1272,-223
107000188,464,507,-43
107000189,360,860,-500
107000190,325,764,-439
107000191,361,883,-522
107000192,1183,1021,162
107000193,356,370,-14
107000194,971,867,104
107000197,451,258,193
107000198,189,841,-652
107000199,707,905,-198
107000200,1112,680,432
107000201,350,307,43
107000202,236,525,-289
107000203,931,652,279
107000204,900,799,101
107000205,3224,1580,1644
107000206,1020,1057,-37
107000207,862,1153,-291
107000208,1741,314,1427
107000209,2541,608,1933
107000210,1857,355,1502
107000211,9,21,-12
107000212,16,302,-286
107000213,30,29,1
107000214,3,205,-202
107000215,294,588,-294
107000216,130,538,-408
107000217,77,194,-117
107000219,60,164,-104
107000220,119,395,-276
107000222,265,934,-669
107000224,339,48,291
107000225,202,972,-770
107000226,158,66,92
107000227,80,648,-568
107000228,90,147,-57
107000229,278,119,159
107000230,1021,570,451
107000231,848,443,405
107000232,55,94,-39
107000233,628,295,333
107000234,2,26,-24
107000235,84,8,76
107000236,15,847,-832
107000237,3,1,2
107000238,29,3,26
107000239,6535,455,6080
107000240,53,1523,-1470
107000241,114,14,100
107000242,749,64,685
107000243,0,76,-76
107000244,12,78,-66
107000246,5,1470,-1465
107000249,2,1116,-1114
107000251,0,326,-326
107000252,11,1597,-1586
107000255,824,105,719
107000257,9,830,-821
107000258,1,149,-148
107000259,4,344,-340
107000260,237,6,231
107000262,7,1126,-1119
107000263,127,4,123
107000266,5,2,3
107000267,59,215,-156
107000268,166,230,-64
107000269,177,39,138
107000270,0,12,-12
107000271,13,1212,-1199
107000272,7,311,-304
107000273,1,340,-339
107000274,2259,413,1846
107000275,131,893,-762
107000280,255,17,238
107000281,38,1402,-1364
107000282,37,1733,-1696
107000290,12,39,-27
107000291,14,23,-9
107000292,1,41,-40
107000293,121,3,118
107000294,0,74,-74
107000295,64,5,59
107000296,0,3,-3
107000444,151,13,138
107000496,0,21,-21
107000497,1322,3945,-2623
107000500,313,405,-92
107000501,84,219,-135
107000502,157,459,-302
107000505,638,836,-198
107000506,0,26,-26
107000508,4,971,-967
107000509,182,884,-702
107000510,16,41,-25
107000514,15,317,-302
107000515,25,383,-358
107000516,137,209,-72
107000518,610,454,156
107000519,4348,1333,3015
107000520,36,7,29
107000521,129,390,-261
107000522,246,545,-299
107900001,16,342,-326
107900002,26,1,25
107900003,43,1,42
107900004,27,2,25
107900005,289,2,287
107900006,59,1,58
107900007,157,16,141
107900008,48,26,22
107900009,114,6,108
107900010,15,1,14
107900012,225,7,218
107900013,267,82,185
107900014,22,1,21
107900015,269,5,264
107900016,651,129,522
107900017,16,6,10
107900018,15,41,-26
107900019,2,98,-96
107900020,90,25,65
107900021,38,187,-149
107900023,1,3,-2
107900024,1,19,-18
107900025,263,419,-156
107900026,9,143,-134
107900027,51,117,-66
107900028,23,134,-111
107900030,118,7,111
107900031,48,292,-244
107900032,0,3,-3
107900033,12,4,8
107900034,162,6,156
107900035,377,5,372
107900036,48,6,42
107900037,0,46,-46
107900038,142,99,43
107900039,3,68,-65
107900040,104,57,47
107900041,0,0,0
107900043,47,178,-131
107900044,6,6,0
107900045,27,24,3
107900046,66,44,22
107900047,4,105,-101
107900048,35,7,28
107900049,322,1630,-1308
107900050,76,426,-350
107900051,47,100,-53
107900052,14,12,2
107900053,10,72,-62
107900055,465,206,259
107900056,111,21,90
107900057,1,0,1
107900058,15,907,-892
107900060,15,55,-40
107900061,30,3,27
107900063,51,124,-73
107900064,271,25,246
107900065,56,9,47
107900066,9,2,7
107900067,0,1,-1
107900068,133,310,-177
107900069,18,615,-597
107900070,38,25,13
107900071,13,1224,-1211
107900072,56,272,-216
107900073,45,133,-88
107900074,1099,106,993
107900076,49,94,-45
107900077,27,0,27
107900078,229,21,208
107900079,7,8,-1
107900080,117,206,-89
107900081,7,132,-125
107900082,27,12,15
107900083,194,141,53
107900084,50,87,-37
107900086,46,83,-37
107900087,345,58,287
107900088,5,16,-11
107900089,308,1220,-912
107900090,609,892,-283
107900091,126,637,-511
107900092,2460,614,1846
107900093,34,59,-25
107900094,0,0,0
107900095,3385,1155,2230
107900097,20,57,-37
107900098,40,123,-83
107900100,1081,495,586
107900101,1152,98,1054
107900102,36,6,30
107900103,36,198,-162
107900104,108,13,95
107900105,1,752,-751
107900106,3,1950,-1947
107900107,1971,213,1758
107900108,326,64,262
107900109,444,12,432
107900110,16,115,-99
107900111,7,1494,-1487
107900112,109,275,-166
107900113,55,120,-65
107900114,50,245,-195
107900115,0,64,-64
107900116,35,286,-251
107900117,228,507,-279
107900118,67,183,-116
107900119,66,194,-128
107900120,21,19,2
107900121,1,172,-171
107900122,5,53,-48
107900123,4,25,-21
107900124,13,88,-75
107900125,22,173,-151
107900126,3,22,-19
107900127,605,81,524
107900128,125,57,68
107900129,20,72,-52
107900130,20,21,-1
107900131,289,30,259
107900132,107,446,-339
107900133,0,79,-79
107900134,20,17,3
107900135,1,208,-207
107900136,53,27,26
107900137,73,89,-16
107900138,49,20,29
107900139,7,39,-32
107900140,96,47,49
107900141,48,9,39
107900142,38,1138,-1100
107900143,49,43,6
107900144,1,195,-194
107900145,16,150,-134
107900146,19,115,-96
107900147,21,20,1
107900148,103,179,-76
107900149,2139,127,2012
107900150,59,775,-716
107900151,5,114,-109
107900152,26,384,-358
107900153,144,157,-13
107900154,23,14,9
107900155,42,35,7
107900156,4,505,-501
107900157,34,90,-56
107900158,247,10,237
107900159,33,1370,-1337
107900160,24,245,-221
107900161,6,269,-263
107900162,0,238,-238
107900163,147,38,109
107900164,2,21,-19
107900165,13,38,-25
107900166,4,335,-331
107900167,15,11,4
107900168,5,35,-30
107900169,1,199,-198
107900171,7,2232,-2225
107900172,2,386,-384
107900173,4,250,-246
107900174,32,5,27
107900175,26,18,8
107900176,8,36,-28
107900177,4,319,-315
107900178,0,319,-319
107900179,2,132,-130
107900180,1144,179,965
107900181,381,450,-69
107900182,6,1684,-1678
107900183,12,513,-501
107900184,39,347,-308
107900185,20,3,17
107900186,6,35,-29
107900187,1,152,-151
107900188,888,86,802
107900189,7,152,-145
107900190,119,49,70
107900191,44,152,-108
107900193,4,14,-10
107900194,209,6,203
107900195,4910,496,4414
107900196,39,95,-56
107900197,464,82,382
107900199,3,1373,-1370
107900201,51,116,-65
107900203,21,91,-70
107900204,234,210,24
107900205,180,448,-268
107900206,365,194,171
107900207,1,673,-672
107900208,5,1083,-1078
107900209,416,118,298
107900210,62,148,-86
107900213,442,419,23
107900214,3,187,-184
107900215,163,289,-126
107900216,79,53,26
107900217,18,56,-38
107900218,16,2020,-2004
107900219,15,183,-168
107900220,194,131,63
107900221,212,267,-55
107900223,66,784,-718
107900224,149,302,-153
107900225,3,1075,-1072
107900226,29,131,-102
107900227,104,575,-471
107900228,13,120,-107
107900229,2,345,-343
107900230,4,212,-208
107900231,15,244,-229
107900232,29,243,-214
107900233,4,179,-175
107900234,40,203,-163
107900235,52,112,-60
107900236,41,135,-94
107900237,109,630,-521
107900238,15,116,-101
107900239,1460,425,1035
107900240,8,245,-237
107900241,7,129,-122
107900242,0,448,-448
107900243,3,46,-43
107900244,83,3,80
107900245,166,33,133
107900246,42,5,37
107900248,206,805,-599
107900249,239,3,236
107900250,3,596,-593
107900251,40,1429,-1389
107900252,378,11,367
107900253,77,0,77
107900254,37,471,-434
107900255,441,80,361
107900256,1989,751,1238
107900257,53,48,5
107900258,54,266,-212
107900259,128,649,-521
107900261,0,554,-554
107900262,34,133,-99
107900264,57,1,56
107900265,96,237,-141
107900267,72,20,52
107900268,49,10,39
107900269,1,6,-5
107900270,0,0,0
107900271,1,2,-1
107900272,128,6,122
107900273,32,84,-52
107900274,33,0,33
107900275,3,0,3
107900276,0,64,-64
107900277,0,205,-205
107900278,127,364,-237
107900279,143,55,88
107900280,2523,1426,1097
107900281,3697,900,2797
107900282,37,142,-105
107900283,1438,397,1041
107900284,201,1017,-816
107900285,20,141,-121
107900286,137,68,69
107900287,105,125,-20
107900290,1,48,-47
107900291,267,6,261
107900292,100,311,-211
107900293,26,678,-652
107900295,35,187,-152
107900297,1,367,-366
107900298,876,1080,-204
107900299,4212,1387,2825
107900300,32,224,-192
107900301,435,270,165
107900302,74,11,63
107900303,32,316,-284
107900304,88,630,-542
107900305,166,13,153
107900306,27,11,16
107900307,33,308,-275
107900308,178,37,141
107900309,5,0,5
107900310,0,0,0
107900311,128,93,35
107900312,0,0,0
107900313,33,88,-55
107900314,1,51,-50
107900315,1,59,-58
107900316,24,1,23
107900317,32,2,30
107900318,3,165,-162
107900319,6,339,-333
107900320,2,185,-183
107900321,28,2,26
107900322,1,181,-180
107900323,10,178,-168
107900324,105,2,103
107900325,45,0,45
107900326,108,423,-315
107900327,0,0,0
107900328,0,0,0
107900329,0,0,0
107900330,3,655,-652
107900331,64,48,16
107900332,103,30,73
107900333,21,7,14
107900334,10,284,-274
107900335,64,53,11
107900336,9,39,-30
107900337,1438,443,995
107900338,3,166,-163
107900339,1,19,-18
107900340,0,60,-60
107900341,6,0,6
107900342,83,198,-115
107900343,21,2,19
107900344,0,97,-97
107900345,61,10,51
107900346,17,3,14
107900347,25,9,16
107900348,1,1,0
107900349,3,5,-2
107900350,42,350,-308
108000001,2132,2771,-639
108000002,2501,3724,-1223
108000003,2837,1556,1281
108000004,18405,18001,404
108000005,4122,2719,1403
108000006,5812,7073,-1261
108000007,3694,2901,793
108000008,5212,6724,-1512
108000009,2327,2724,-397
108000010,2659,5772,-3113
108000011,9405,7074,2331
108000012,19596,18606,990
108000014,670,496,174
108000015,287,322,-35
108000016,180,652,-472
108000017,578,378,200
108000018,984,510,474
108000019,1633,651,982
108000020,946,373,573
108000021,431,1724,-1293
108000022,412,1704,-1292
108000023,785,183,602
108000024,144,836,-692
108000025,117,250,-133
108000026,166,720,-554
108000027,269,529,-260
108000028,160,318,-158
108000029,201,671,-470
108000030,312,235,77
108000031,207,638,-431
108000032,690,457,233
108000033,448,1453,-1005
108000034,961,395,566
108000035,855,3060,-2205
108000036,289,1657,-1368
108000037,1062,296,766
108000038,1346,378,968
108000039,421,2913,-2492
108000040,907,589,318
108000041,633,3428,-2795
108000042,100,255,-155
108000043,123,335,-212
108000044,183,205,-22
108000045,153,883,-730
108000046,711,251,460
108000047,385,1356,-971
108000048,104,531,-427
108000049,304,190,114
108000050,122,539,-417
108000051,159,72,87
108000052,366,915,-549
108000053,202,107,95
108000054,551,1081,-530
108000055,791,255,536
108000056,896,1090,-194
108000057,431,634,-203
108000058,1761,1931,-170
108000059,3840,2024,1816
108000060,77,304,-227
108000061,139,357,-218
108000062,403,434,-31
108000063,368,868,-500
108000064,86,258,-172
108000065,300,744,-444
108000066,1430,731,699
108000067,1139,432,707
108000068,460,343,117
108000069,148,1427,-1279
108000070,848,617,231
108000071,527,2337,-1810
108000072,946,806,140
108000073,1403,2343,-940
108000074,191,374,-183
108000075,301,984,-683
108000076,447,411,36
108000077,623,1005,-382
108000078,1357,1102,255
108000079,1042,2210,-1168
108000080,502,513,-11
108000081,457,3614,-3157
108000082,1089,2009,-920
108000083,1269,581,688
108000084,341,1513,-1172
108000085,307,250,57
108000086,1068,1011,57
108000087,147,1085,-938
108000088,88,7,81
108000089,240,321,-81
108000090,210,114,96
108000091,124,669,-545
108000092,86,102,-16
108000093,93,1018,-925
108000094,383,116,267
108000095,89,548,-459
108000096,104,201,-97
108000097,67,711,-644
108000098,612,1462,-850
108000099,147,93,54
108000100,24,200,-176
108000101,747,811,-64
108000102,1125,1725,-600
108000106,676,0,676
108000107,4,787,-783
108000108,372,32,340
108000109,7,1066,-1059
108000110,68,217,-149
108000111,128,733,-605
108000112,27,89,-62
108000113,569,364,205
108000115,503,348,155
108000117,777,314,463
108000118,138,96,42
108000119,777,471,306
108000120,66,479,-413
108000121,217,606,-389
108000122,276,253,23
108000123,439,358,81
108000124,240,679,-439
108000125,93,433,-340
108000126,82,744,-662
108000127,181,464,-283
108000128,232,1115,-883
108000129,146,1904,-1758
108000130,118,367,-249
108000131,526,197,329
108000132,1694,1427,267
108000133,426,378,48
108000134,717,910,-193
108000135,513,295,218
108000136,912,1238,-326
108000137,164,490,-326
108000138,196,1320,-1124
108000139,108,450,-342
108000140,8,21,-13
108000141,8,233,-225
108000142,34,155,-121
108000143,25,28,-3
108000144,14,16,-2
108000145,13,25,-12
108000146,23,6,17
108000147,22,47,-25
108000148,19,11,8
108000149,42,21,21
108000150,13,0,13
108000151,62,8,54
108000152,64,738,-674
108000153,170,116,54
108000154,13,13,0
108000155,9,7,2
108000156,386,104,282
108000157,106,365,-259
108000158,70,416,-346
108000159,712,92,620
108000160,5941,672,5269
108000161,5488,1337,4151
108000165,6,85,-79
108000172,3,121,-118
108000173,3313,1117,2196
108000175,86,83,3
108000178,367,375,-8
108000179,208,585,-377
108000181,35,40,-5
108000182,146,8,138
108000183,31,21,10
108000184,1262,1203,59
108000185,66,855,-789
108000186,44,48,-4
108000187,42,1012,-970
108000188,189,285,-96
108000189,508,629,-121
108000190,29,118,-89
108000192,85,770,-685
108000193,720,52,668
108000194,15,13,2
108000195,5,1260,-1255
108000196,145,82,63
108000198,337,397,-60
108000199,0,107,-107
108000200,163,894,-731
108000202,0,173,-173
108000203,53,1238,-1185
108000204,48,26,22
108000205,613,656,-43
108000339,1783,240,1543
108000364,214,167,47
108000365,38,431,-393
108000367,141,475,-334
108000368,7,36,-29
108000369,1751,85,1666
108000371,3,768,-765
108000372,375,2,373
108000373,73,163,-90
108000376,54,25,29
108000377,218,409,-191
108000378,8855,7273,1582
108000379,37,170,-133
108000381,21,17,4
108000382,75,1,74
108000383,0,115,-115
108900001,126,1391,-1265
108900002,198,52,146
108900003,380,1176,-796
108900004,58,138,-80
108900005,17,145,-128
108900006,383,180,203
108900007,62,189,-127
108900008,42,169,-127
108900009,19,145,-126
108900010,85,183,-98
108900011,214,393,-179
108900012,150,566,-416
108900013,66,280,-214
108900014,7,85,-78
108900015,0,13,-13
108900016,1,222,-221
108900017,141,131,10
108900018,40,640,-600
108900019,20,1566,-1546
108900020,28,336,-308
108900021,65,352,-287
108900022,34,4,30
108900023,3,27,-24
108900024,4,215,-211
108900025,21,156,-135
108900026,13,110,-97
108900027,1,170,-169
108900028,30,647,-617
108900029,41,261,-220
108900030,0,126,-126
108900031,41,727,-686
108900032,0,254,-254
108900033,0,80,-80
108900034,1,323,-322
108900035,222,2225,-2003
108900036,184,443,-259
108900037,34,573,-539
108900038,0,486,-486
108900039,2,721,-719
108900040,3,121,-118
108900041,6561,1863,4698
108900042,1,271,-270
108900043,37,619,-582
108900044,3,841,-838
108900045,16,829,-813
108900046,75,1247,-1172
108900047,1,128,-127
108900048,109,1393,-1284
108900049,6149,682,5467
108900050,0,410,-410
108900051,1,265,-264
108900052,7,404,-397
108900053,132,131,1
108900054,24,272,-248
108900055,56,597,-541
108900056,0,210,-210
108900057,3,295,-292
108900058,12,633,-621
108900059,176,15,161
108900060,48,96,-48
108900061,30,27,3
108900062,3,421,-418
108900063,5,496,-491
108900064,44,65,-21
108900065,5,354,-349
108900066,132,140,-8
108900067,11,236,-225
108900068,1,267,-266
108900069,32,151,-119
108900070,46,176,-130
108900071,35,71,-36
108900072,2930,252,2678
108900073,10,256,-246
108900074,50,632,-582
108900075,58,81,-23
108900076,100,90,10
108900077,109,370,-261
108900078,9,279,-270
108900079,898,268,630
108900080,19,345,-326
108900081,65,241,-176
108900082,19,141,-122
108900083,13,133,-120
108900084,298,94,204
108900085,2290,132,2158
108900086,36,472,-436
108900087,140,236,-96
108900088,546,211,335
108900089,23,58,-35
108900090,17,610,-593
108900091,144,147,-3
108900092,238,245,-7
108900093,60,34,26
108900094,152,80,72
108900095,38,787,-749
108900096,545,46,499
108900097,214,279,-65
108900098,3886,309,3577
108900099,204,410,-206
108900100,21,137,-116
108900101,152,41,111
108900102,172,466,-294
108900103,40,51,-11
108900104,213,275,-62
108900105,8,525,-517
108900106,119,761,-642
108900108,143,40,103
108900109,54,34,20
108900110,85,614,-529
108900111,165,823,-658
108900112,75,17,58
108900113,18,19,-1
108900114,12,4,8
108900115,36,66,-30
108900116,27,13,14
108900117,41,29,12
108900118,209,3,206
108900119,104,50,54
108900120,76,74,2
108900121,204,27,177
108900122,37,43,-6
108900123,67,56,11
108900124,166,74,92
108900125,133,3,130
108900126,55,3,52
108900127,54,18,36
108900128,42,9,33
108900129,349,45,304
108900130,82,2,80
108900131,174,0,174
108900132,149,86,63
108900133,123,30,93
108900134,90,305,-215
108900135,85,7,78
108900136,3,0,3
108900137,47,2,45
108900138,202,9,193
108900139,137,64,73
108900140,91,310,-219
108900141,113,14,99
108900142,57,1,56
108900143,16,0,16
108900144,16,0,16
108900145,48,2,46
108900146,8,0,8
108900147,72,0,72
108900148,69,27,42
108900149,526,357,169
108900150,107,1,106
108900151,36,3,33
108900152,17,9,8
108900153,42,636,-594
108900154,2883,374,2509
108900155,134,113,21
108900156,21,2,19
108900157,10,836,-826
108900158,119,28,91
108900159,13,555,-542
108900160,11,309,-298
108900161,7,591,-584
108900162,23,0,23
108900163,19,135,-116
108900164,19,82,-63
108900165,270,70,200
108900167,1861,2182,-321
108900168,12050,1694,10356
108900169,34,155,-121
108900171,10455,1351,9104
108900172,141,45,96
108900173,248,409,-161
108900174,292,581,-289
108900176,73,685,-612
108900177,10937,2685,8252
108900178,6180,1569,4611
108900179,304,766,-462
108900180,48,130,-82
108900182,25,151,-126
108900183,146,212,-66
108900184,265,178,87
108900185,51,329,-278
108900186,77,345,-268
108900187,138,48,90
108900188,210,42,168
108900189,221,146,75
108900190,27,3605,-3578
108900191,136,18,118
108900192,49,295,-246
108900193,399,29,370
108900194,27,385,-358
108900195,28,387,-359
108900196,25,659,-634
108900198,2,734,-732
108900199,131,356,-225
108900200,256,340,-84
108900201,289,1216,-927
108900203,292,23,269
108900204,220,2,218
108900205,102,8,94
108900206,162,17,145
108900207,69,25,44
108900208,42,386,-344
108900209,245,655,-410
108900210,129,261,-132
108900211,128,278,-150
108900212,812,628,184
108900215,67,670,-603
108900216,364,89,275
108900217,21,0,21
108900218,80,5,75
108900219,39,3,36
108900220,24,13,11
108900221,37,57,-20
108900222,65,4,61
108900223,17,38,-21
108900224,32,96,-64
108900225,1,203,-202
108900226,107,5,102
108900227,53,75,-22
108900230,446,311,135
108900231,63,280,-217
108900232,3,549,-546
108900233,258,28,230
108900234,204,42,162
108900235,186,744,-558
108900236,26,397,-371
108900237,26,326,-300
108900240,51,97,-46
108900241,10,8,2
108900245,0,555,-555
108900249,68,11,57
108900250,97,118,-21
108900257,78,822,-744
108900258,12,306,-294
108900259,37,91,-54
108900260,3,113,-110
108900261,119,162,-43
108900262,285,99,186
108900263,38,372,-334
108900264,390,266,124
108900265,1918,194,1724
108900266,1460,225,1235
108900267,0,52,-52
108900268,3,4,-1
108900269,16,11,5
108900270,15,8,7
108900271,13,2,11
108900272,57,2,55
108900273,1056,355,701
108900274,15,47,-32
109000001,2993,862,2131
109000002,3414,1517,1897
109000003,1689,500,1189
109000004,517,3132,-2615
109000005,1404,759,645
109000006,690,2594,-1904
109000007,751,649,102
109000008,342,2299,-1957
109000009,2819,1033,1786
109000010,1447,4310,-2863
109000011,1778,1385,393
109000012,1540,4358,-2818
109000013,2178,1601,577
109000014,1431,4232,-2801
109000015,2804,3385,-581
109000016,11475,4782,6693
109000017,1495,944,551
109000018,676,4024,-3348
109000019,1745,917,828
109000020,1075,2537,-1462
109000023,149,7,142
109000024,7,187,-180
109000025,354,354,0
109000026,684,281,403
109000027,65,212,-147
109000028,63,116,-53
109000029,132,96,36
109000030,90,707,-617
109000031,141,80,61
109000032,75,583,-508
109000033,325,83,242
109000034,83,38,45
109000035,4,25,-21
109000036,70,346,-276
109000037,137,564,-427
109000038,489,321,168
109000039,574,335,239
109000040,5978,2925,3053
109000041,5798,1000,4798
109000042,996,1027,-31
109000044,187,75,112
109000045,80,511,-431
109000046,191,78,113
109000047,71,517,-446
109000048,834,114,720
109000049,295,663,-368
109000050,262,259,3
109000051,286,393,-107
109000052,299,2002,-1703
109000053,91,48,43
109000054,337,777,-440
109000055,107,153,-46
109000056,222,664,-442
109000057,378,160,218
109000058,703,241,462
109000059,461,924,-463
109000060,445,157,288
109000061,1748,501,1247
109000062,108,285,-177
109000063,178,265,-87
109000064,147,181,-34
109000065,70,490,-420
109000066,221,125,96
109000067,24,460,-436
109000068,282,8,274
109000069,515,13,502
109000070,3,936,-933
109000071,271,63,208
109000072,90,410,-320
109000073,38,92,-54
109000074,24,303,-279
109000075,76,490,-414
109000076,47,143,-96
109000077,313,344,-31
109000078,36,136,-100
109000079,93,307,-214
109000080,75,139,-64
109000081,37,694,-657
109000082,238,379,-141
109000083,124,928,-804
109000088,140,503,-363
109000089,155,21,134
109000090,160,600,-440
109000091,159,68,91
109000092,375,697,-322
109000093,129,86,43
109000094,139,1,138
109000095,86,769,-683
109000096,275,89,186
109000097,78,121,-43
109000098,39,43,-4
109000099,580,361,219
109000100,121,642,-521
109000101,728,967,-239
109000102,190,1010,-820
109000103,236,720,-484
109000104,859,685,174
109000105,328,1764,-1436
109000106,1139,646,493
109000107,492,2329,-1837
109000108,923,433,490
109000109,370,2365,-1995
109000110,1008,358,650
109000111,920,2859,-1939
109000112,291,156,135
109000113,136,182,-46
109000114,118,448,-330
109000115,875,34,841
109000116,2,208,-206
109000117,69,112,-43
109000118,8,343,-335
109000119,394,358,36
109000120,122,1499,-1377
109000121,162,60,102
109000122,68,1387,-1319
109000123,11,105,-94
109000124,332,345,-13
109000125,350,384,-34
109000126,195,1167,-972
109000127,360,188,172
109000128,343,2832,-2489
109000129,1045,333,712
109000130,498,3198,-2700
109000131,484,199,285
109000132,532,2023,-1491
109000133,255,1167,-912
109000134,700,1790,-1090
109000135,1033,1426,-393
109000136,208,491,-283
109000137,168,297,-129
109000138,244,560,-316
109000139,236,473,-237
109000140,81,615,-534
109000141,168,418,-250
109000142,83,604,-521
109000143,51,53,-2
109000145,66,116,-50
109000146,59,114,-55
109000148,5067,984,4083
109000149,33,26,7
109000150,47,141,-94
109000155,314,577,-263
109000156,1214,990,224
109000158,141,314,-173
109000159,196,811,-615
109000160,493,334,159
109000161,174,1804,-1630
109000162,1234,1018,216
109000163,603,2173,-1570
109000164,800,2817,-2017
109000165,752,737,15
109000166,341,162,179
109000167,66,1035,-969
109000170,63,76,-13
109000171,45,43,2
109000172,46,52,-6
109000173,7,49,-42
109000174,50,75,-25
109000175,34,169,-135
109000176,125,327,-202
109000177,16,182,-166
109000178,298,520,-222
109000179,8984,2503,6481
109000180,6681,2895,3786
109000181,9,44,-35
109000182,18,54,-36
109000183,21,64,-43
109000184,12,15,-3
109000185,12,82,-70
109000188,393,3453,-3060
109000189,1549,932,617
109000190,357,617,-260
109000191,212,812,-600
109000192,110,344,-234
109000193,124,509,-385
109000194,44,152,-108
109000195,39,543,-504
109000196,172,98,74
109000197,128,643,-515
109000198,192,62,130
109000199,85,536,-451
109000206,142,31,111
109000207,58,43,15
109000208,109,59,50
109000209,116,83,33
109000210,166,575,-409
109000211,199,325,-126
109000214,194,733,-539
109000215,72,69,3
109000216,158,102,56
109000217,176,74,102
109000218,136,117,19
109000221,181,1223,-1042
109000222,449,87,362
109000223,202,159,43
109000224,29,431,-402
109000225,34,54,-20
109000226,37,330,-293
109000227,573,1610,-1037
109000228,0,318,-318
109000231,3,594,-591
109000232,87,452,-365
109000236,161,858,-697
109000241,1055,2017,-962
109000242,898,1422,-524
109000293,11,47,-36
109000361,66,294,-228
109000364,212,702,-490
109000396,7,1114,-1107
109000397,174,9,165
109000399,122,599,-477
109000400,21,295,-274
109000403,38,246,-208
109000406,127,7,120
109000407,176,309,-133
109000408,3,882,-879
109000410,592,179,413
109000411,56,24,32
109900001,65,0,65
109900002,303,13,290
109900003,72,0,72
109900004,378,219,159
109900005,11,7,4
109900006,200,256,-56
109900007,289,959,-670
109900008,0,39,-39
109900009,81,1168,-1087
109900010,187,8,179
109900011,37,25,12
109900012,139,140,-1
109900013,213,84,129
109900014,131,37,94
109900015,243,102,141
109900016,74,64,10
109900017,60,63,-3
109900018,108,157,-49
109900019,91,86,5
109900020,3,22,-19
109900021,1,4,-3
109900022,78,372,-294
109900023,10,4,6
109900024,4,0,4
109900025,4,75,-71
109900026,4,171,-167
109900027,26,11,15
109900028,3131,343,2788
109900029,3,590,-587
109900030,9,10,-1
109900031,1,108,-107
109900032,2,292,-290
109900033,4,576,-572
109900034,11,0,11
109900035,8,23,-15
109900036,16,89,-73
109900037,25,676,-651
109900038,22,256,-234
109900039,6,0,6
109900040,25,867,-842
109900041,29,605,-576
109900042,32,561,-529
109900044,73,330,-257
109900045,66,43,23
109900046,7,45,-38
109900047,344,392,-48
109900048,2,82,-80
109900049,4,26,-22
109900050,2,378,-376
109900051,1,73,-72
109900052,38,230,-192
109900053,2,643,-641
109900054,350,87,263
109900055,39,317,-278
109900056,11,76,-65
109900057,3,269,-266
109900058,2,162,-160
109900059,200,61,139
109900060,165,144,21
109900061,64,349,-285
109900062,1,347,-346
109900063,4,362,-358
109900064,197,236,-39
109900065,102,164,-62
109900066,207,1158,-951
109900067,3,610,-607
109900068,16,2,14
109900069,2,36,-34
109900070,48,314,-266
109900071,1,39,-38
109900072,4,143,-139
109900073,101,892,-791
109900074,2,56,-54
109900075,9,24,-15
109900076,13,333,-320
109900077,14,54,-40
109900078,53,267,-214
109900080,95,405,-310
109900081,16,98,-82
109900082,40,553,-513
109900083,7,33,-26
109900084,28,165,-137
109900085,116,1283,-1167
109900086,74,169,-95
109900087,205,352,-147
109900089,295,83,212
109900090,477,1338,-861
109900091,90,64,26
109900092,848,18,830
109900093,332,107,225
109900094,20,94,-74
109900095,174,220,-46
109900096,6,1,5
109900097,98,1,97
109900098,122,26,96
109900099,46,1,45
109900100,20,0,20
109900101,119,6,113
109900102,207,12,195
109900103,10,28,-18
109900104,161,1425,-1264
109900105,257,16,241
109900106,259,65,194
109900107,282,97,185
109900108,56,1128,-1072
109900109,17,296,-279
109900110,30,539,-509
109900111,298,1503,-1205
109900112,418,1041,-623
109900113,395,205,190
109900114,745,349,396
109900115,86,80,6
109900117,289,120,169
109900118,198,460,-262
109900119,618,282,336
109900120,22,4,18
109900121,291,134,157
109900122,210,2,208
109900123,3,238,-235
109900124,39,1014,-975
109900125,0,269,-269
109900126,62,179,-117
109900128,63,32,31
109900130,13594,1159,12435
109900131,56,137,-81
109900132,47,228,-181
109900133,31,452,-421
109900134,45,52,-7
109900135,436,61,375
109900136,45,164,-119
109900137,49,452,-403
109900140,90,390,-300
109900142,405,194,211
109900145,1,76,-75
109900146,262,30,232
109900148,18,80,-62
109900149,37,48,-11
109900150,2,92,-90
109900151,2,69,-67
109900152,0,18,-18
109900153,1,20,-19
109900154,0,0,0
109900155,11,9,2
109900157,38,305,-267
109900158,56,109,-53
109900159,68,31,37
109900160,71,28,43
109900161,95,44,51
109900162,71,50,21
109900163,762,276,486
109900164,57,229,-172
109900165,152,7,145
109900166,5,285,-280
109900167,90,782,-692
109900168,63,699,-636
109900169,63,127,-64
109900170,235,439,-204
109900171,84,82,2
109900172,72,205,-133
109900173,5114,993,4121
109900174,19,173,-154
109900175,35,68,-33
109900176,27,197,-170
109900177,35,291,-256
109900178,1,124,-123
109900179,11,17,-6
109900180,0,1,-1
110000001,599,568,31
110000002,456,465,-9
110000003,960,633,327
110000004,558,571,-13
110000005,793,1400,-607
110000006,725,398,327
110000007,62,204,-142
110000008,6,33,-27
110000009,12,76,-64
110000010,18,60,-42
110000011,21,94,-73
110000012,705,517,188
110000013,17,352,-335
110000014,758,426,332
110000015,385,513,-128
110000016,332,1230,-898
110000017,4890,287,4603
110000018,4152,538,3614
110000019,9,203,-194
110000020,621,232,389
110000021,855,397,458
110000022,924,171,753
110000023,4,146,-142
110000024,610,427,183
110000025,98,2,96
110000026,5,686,-681
110000027,442,396,46
110000028,517,676,-159
110000029,419,937,-518
110000030,161,319,-158
110000031,163,682,-519
110000032,464,446,18
110000033,89,127,-38
110000034,183,885,-702
110000035,342,1261,-919
110000036,541,965,-424
110000037,100,993,-893
110000038,160,701,-541
110000039,696,1784,-1088
110000040,332,615,-283
110000041,164,891,-727
110000042,74,328,-254
110000043,472,200,272
110000044,142,87,55
110000045,957,81,876
110000046,3,7,-4
110000047,3,3,0
110000048,1,11,-10
110000049,5,3,2
110000050,8,17,-9
110000051,12,7,5
110000052,33,56,-23
110000053,50,3,47
110000054,225,343,-118
110000055,486,27,459
110000056,313,50,263
110000057,273,903,-630
110000058,630,842,-212
110000059,562,669,-107
110000060,452,900,-448
110000061,1128,967,161
110000062,826,834,-8
110000063,23,80,-57
110000064,66,130,-64
110000065,30,84,-54
110000066,66,34,32
110000067,53,343,-290
110000068,71,649,-578
110000069,94,117,-23
110000071,48,191,-143
110000073,0,28,-28
110000075,7,120,-113
110000076,263,254,9
110000077,630,999,-369
110000078,8,66,-58
110000080,217,863,-646
110000081,6,274,-268
110000082,12,278,-266
110000083,178,654,-476
110000084,523,402,121
110000085,3669,1637,2032
110000086,1575,727,848
110000087,3,73,-70
110000088,22,250,-228
110000089,180,209,-29
110000090,77,364,-287
110000091,2061,327,1734
110000092,26,108,-82
110000093,29,6,23
110000094,479,285,194
110000095,107,444,-337
110000096,4529,1929,2600
110000097,907,1068,-161
110000098,1496,540,956
110000099,935,1521,-586
110000100,229,1018,-789
110000101,17,801,-784
110000102,34,40,-6
110000104,83,48,35
110000105,35,321,-286
110000106,375,248,127
110000107,392,446,-54
110000108,161,31,130
110000109,442,338,104
110000110,5903,2788,3115
110000111,9430,1902,7528
110000112,1198,360,838
110000113,930,878,52
110000114,312,417,-105
110000115,221,328,-107
110000116,28,40,-12
110000117,146,702,-556
110000118,205,264,-59
110000119,117,433,-316
110000120,214,208,6
110000121,85,319,-234
110000122,272,587,-315
110000123,301,378,-77
110000124,3,1057,-1054
110000125,622,11,611
110000126,162,9,153
110000127,416,29,387
110000128,23,2093,-2070
110000129,3,647,-644
110000130,71,104,-33
110000131,96,367,-271
110000132,5,1048,-1043
110000133,62,294,-232
110000134,15,310,-295
110000135,144,46,98
110000136,53,383,-330
110000137,298,766,-468
110000138,320,1103,-783
110000139,491,1581,-1090
110000140,610,333,277
110000143,752,370,382
110000144,4987,1034,3953
110000145,1432,754,678
110000146,3679,1084,2595
110000147,305,811,-506
110000148,550,450,100
110000151,1189,536,653
110000152,1057,264,793
110000153,33,48,-15
110000154,53,10,43
110000155,2327,1983,344
110000156,723,1184,-461
110000157,2325,1649,676
110000160,388,466,-78
110000161,169,540,-371
110000166,158,164,-6
110000167,513,492,21
110000168,614,335,279
110000169,394,333,61
110000170,80,96,-16
110000171,524,230,294
110000172,117,983,-866
110000173,1309,1660,-351
110000174,72,1629,-1557
110000175,229,94,135
110000176,95,226,-131
110000177,119,702,-583
110000178,603,822,-219
110000179,1634,387,1247
110000180,90,353,-263
110000181,219,443,-224
110000182,421,244,177
110000183,14685,5114,9571
110000184,758,1831,-1073
110000185,2024,819,1205
110000186,792,704,88
110000191,238,491,-253
110000192,192,5,187
110000193,262,3,259
110000194,12,1542,-1530
110000195,114,515,-401
110000196,163,562,-399
110000197,26,273,-247
110000198,60,122,-62
110000199,54,125,-71
110000200,1549,822,727
110000201,542,515,27
110000202,831,364,467
110000203,588,902,-314
110000204,1,329,-328
110000205,54,74,-20
110000206,642,1923,-1281
110000207,382,329,53
110000208,205,133,72
110000209,71,906,-835
110000210,436,675,-239
110000211,925,791,134
110000212,231,799,-568
110000213,39,35,4
110000214,67,129,-62
110000215,66,714,-648
110000216,37,805,-768
110000217,115,292,-177
110000218,73,612,-539
110000219,138,103,35
110000220,32,559,-527
110000221,148,126,22
110000222,18,420,-402
110000223,3,94,-91
110000224,69,10,59
110000225,169,535,-366
110000226,177,44,133
110000227,470,418,52
110000228,302,383,-81
110000229,0,296,-296
110000230,548,519,29
110000231,80,172,-92
110000232,99,208,-109
110000233,149,294,-145
110000234,925,534,391
110000235,980,1068,-88
110000236,271,984,-713
110000237,1936,1239,697
110000238,763,1525,-762
110000239,885,1514,-629
110000240,0,164,-164
110000242,0,10,-10
110000243,35,228,-193
110000244,93,345,-252
110000245,38,441,-403
110000246,491,714,-223
110000247,2404,4218,-1814
110000248,3510,1531,1979
110000249,72,7,65
110000250,12,273,-261
110000251,110,481,-371
110000252,147,315,-168
110000253,947,407,540
110000254,650,1520,-870
110000255,253,1367,-1114
110000256,400,211,189
110000257,552,486,66
110000258,3,655,-652
110000259,49,11,38
110000260,11,574,-563
110000263,736,95,641
110000264,157,740,-583
110000265,1109,1785,-676
110000266,2272,1980,292
110000267,16,216,-200
110000268,217,592,-375
110000269,2,109,-107
110000270,37,3,34
110000271,2516,341,2175
110000272,820,895,-75
110000273,3339,1365,1974
110000274,206,844,-638
110000275,3549,479,3070
110000276,144,256,-112
110000277,127,488,-361
110000278,227,958,-731
110000279,558,745,-187
110000280,178,444,-266
110000281,8,201,-193
110000282,285,46,239
110000283,48,48,0
110000284,39,27,12
110000285,2,207,-205
110000286,16,0,16
110000287,29,2,27
110000288,1,108,-107
110000289,361,1281,-920
110000290,1477,613,864
110000291,6717,1399,5318
110000292,1125,3924,-2799
110000293,346,1267,-921
110000294,435,947,-512
110000295,74,996,-922
110000296,214,396,-182
110000297,3199,267,2932
110000298,413,580,-167
110000299,905,41,864
110000301,254,12,242
110000302,262,1563,-1301
110000303,262,7,255
110000304,100,329,-229
110000305,494,14,480
110000306,120,2298,-2178
110000307,580,3,577
110000308,328,3,325
110000309,9,1646,-1637
110000310,437,59,378
110000311,12,1051,-1039
110000312,780,56,724
110000313,5071,2012,3059
110000314,1,297,-296
110000315,3318,1807,1511
110000316,567,1237,-670
110000317,777,359,418
110000318,2,110,-108
110000319,18,22,-4
110000320,30,58,-28
110000321,14,53,-39
110000322,115,681,-566
110000323,337,380,-43
110000324,5994,1268,4726
110000325,2328,2081,247
110000327,610,198,412
110000328,208,627,-419
110000333,939,562,377
110000334,663,1644,-981
110000335,1054,619,435
110000336,387,1404,-1017
110000337,795,601,194
110000338,115,282,-167
110000339,80,258,-178
110000340,56,240,-184
110000341,235,645,-410
110000342,579,5,574
110000343,0,14,-14
110000344,133,211,-78
110000345,205,89,116
110000346,2359,1404,955
110000347,947,815,132
110000348,5,26,-21
110000349,4,32,-28
110000350,26,8,18
110000351,474,997,-523
110000352,342,1631,-1289
110000353,3445,942,2503
110000354,772,2214,-1442
110000355,64,104,-40
110000356,543,8,535
110000357,232,11,221
110000361,18,71,-53
110000362,40,234,-194
110000363,165,148,17
110000364,90,384,-294
110000365,158,0,158
110000366,1,97,-96
110000367,281,326,-45
110000368,0,54,-54
110000369,50,0,50
110000373,1,387,-386
110000374,47,3,44
110000375,123,829,-706
110000376,35,130,-95
110000377,55,475,-420
110000378,20,353,-333
110000379,4092,1030,3062
110000380,19,24,-5
110000383,1,650,-649
110000384,2110,542,1568
110000385,0,202,-202
110000387,49,7,42
110000388,21,239,-218
110000389,374,5,369
110000391,202,438,-236
110000396,59,155,-96
110000397,53,287,-234
110000398,1,47,-46
110000399,183,1,182
110000587,38,48,-10
110000589,163,175,-12
110000640,124,153,-29
110000652,11,172,-161
110000653,129,502,-373
110000654,2,21,-19
110000656,0,834,-834
110000674,26,6,20
110000675,31,15,16
110000676,9,42,-33
110000679,584,455,129
110000682,117,104,13
110000683,572,608,-36
110000684,9,84,-75
110000685,17,13,4
110000686,2,34,-32
110000687,58,2,56
110000688,94,446,-352
110000689,13,96,-83
110000692,89,301,-212
110000693,179,275,-96
110000694,0,91,-91
110000695,132,819,-687
110000696,180,166,14
110900001,132,13,119
110900002,940,276,664
110900003,180,1217,-1037
110900004,116,288,-172
110900005,5057,1158,3899
110900006,55,7,48
110900007,25,11,14
110900008,15,26,-11
110900009,205,30,175
110900010,3,95,-92
110900011,3,91,-88
110900012,2,144,-142
110900013,527,169,358
110900014,87,10,77
110900015,868,220,648
110900016,10,225,-215
110900017,185,43,142
110900018,374,39,335
110900019,42,18,24
110900020,81,612,-531
110900021,34,716,-682
110900022,94,551,-457
110900023,83,514,-431
110900024,34,693,-659
110900025,1,42,-41
110900027,16,279,-263
110900028,27,228,-201
110900029,63,578,-515
110900030,19,401,-382
110900031,3,170,-167
110900032,0,107,-107
110900033,21,371,-350
110900035,14,364,-350
110900036,56,19,37
110900037,43,16,27
110900038,1461,194,1267
110900039,9,278,-269
110900040,111,35,76
110900041,12,225,-213
110900042,50,54,-4
110900043,0,244,-244
110900044,213,16,197
110900045,30,827,-797
110900046,133,412,-279
110900047,834,85,749
110900049,46,19,27
110900050,4,2,2
110900051,26,201,-175
110900052,6,228,-222
110900053,21,72,-51
110900054,9,376,-367
110900055,3,0,3
110900056,73,98,-25
110900057,3,259,-256
110900058,73,324,-251
110900059,560,908,-348
110900060,248,87,161
110900061,29,38,-9
110900062,41,365,-324
110900063,8,166,-158
110900064,0,0,0
110900065,396,98,298
110900066,4,128,-124
110900067,681,453,228
110900068,322,307,15
110900069,1,31,-30
110900071,251,320,-69
110900073,2,14,-12
110900074,202,68,134
110900075,188,74,114
110900077,251,492,-241
110900078,9,199,-190
110900079,2165,456,1709
110900080,46,58,-12
110900081,5,137,-132
110900082,49,256,-207
110900083,59,61,-2
110900084,14,261,-247
110900085,25,399,-374
110900086,71,128,-57
110900087,112,74,38
110900088,0,0,0
110900090,16,12,4
110900091,2,63,-61
110900093,248,62,186
110900095,30,57,-27
110900097,1,15,-14
110900098,16,113,-97
110900099,101,677,-576
110900100,0,23,-23
110900102,6,20,-14
110900105,735,460,275
110900108,6,115,-109
110900111,243,109,134
110900112,292,2,290
110900113,626,43,583
110900115,7,89,-82
110900116,262,3023,-2761
110900118,206,1083,-877
110900119,6798,273,6525
110900120,5,135,-130
110900121,47,2,45
110900122,226,144,82
110900125,186,238,-52
110900127,528,607,-79
110900128,184,143,41
110900129,220,207,13
110900130,1007,211,796
110900131,95,71,24
110900132,225,30,195
110900133,50,372,-322
110900135,123,621,-498
110900136,131,6,125
110900137,205,1,204
110900138,883,458,425
110900139,12,52,-40
110900140,69,2,67
110900141,1,64,-63
110900142,47,189,-142
110900143,96,63,33
110900144,3,682,-679
110900145,77,14,63
110900146,636,43,593
110900147,187,232,-45
110900148,1,361,-360
110900149,0,78,-78
110900150,27,19,8
110900151,1,106,-105
110900152,13,443,-430
110900153,43,40,3
111000001,178,347,-169
111000002,507,741,-234
111000003,414,472,-58
111000004,453,1283,-830
111000005,751,634,117
111000006,797,1364,-567
111000007,4399,1552,2847
111000008,4031,4300,-269
111000009,250,894,-644
111000010,395,258,137
111000011,388,914,-526
111000012,683,316,367
111000013,313,1550,-1237
111000014,930,548,382
111000017,121,608,-487
111000018,169,469,-300
111000020,2889,2348,541
111000021,77,158,-81
111000023,98,205,-107
111000025,8341,2053,6288
111000029,82,138,-56
111000030,34,111,-77
111000031,2287,793,1494
111000032,540,248,292
111000033,359,152,207
111000034,347,153,194
111000037,3508,1507,2001
111000038,3273,2620,653
111000039,1371,2700,-1329
111000040,1602,2971,-1369
111000041,1701,1916,-215
111000042,6920,3232,3688
111000043,1799,1421,378
111000044,1052,536,516
111000045,1292,1529,-237
111000046,835,1088,-253
111000047,1402,1974,-572
111000049,355,604,-249
111000050,2095,1994,101
111000051,518,1277,-759
111000052,553,1598,-1045
111000053,404,1230,-826
111000054,291,1173,-882
111000055,1234,2372,-1138
111000056,106,894,-788
111000057,63,1089,-1026
111000058,111,128,-17
111000059,195,327,-132
111000060,2337,1048,1289
111000061,403,366,37
111000062,589,224,365
111000063,1619,765,854
111000064,363,488,-125
111000065,753,698,55
111000066,283,212,71
111000067,285,711,-426
111000068,254,741,-487
111000069,1929,2455,-526
111000070,2770,1399,1371
111000071,244,1060,-816
111000072,501,296,205
111000073,139,352,-213
111000074,1285,1195,90
111000075,568,738,-170
111000076,203,921,-718
111000077,1004,1363,-359
111000078,1709,1255,454
111000079,1315,781,534
111000080,392,697,-305
111000081,2651,5040,-2389
111000082,603,835,-232
111000084,540,574,-34
111000085,787,1988,-1201
111000086,3829,1493,2336
111000087,742,1053,-311
111000088,7610,1893,5717
111000089,571,946,-375
111000090,1257,1579,-322
111000091,673,985,-312
111000092,825,1431,-606
111000093,487,801,-314
111000094,1430,951,479
111000095,799,1747,-948
111000096,3273,5879,-2606
111000097,7384,1162,6222
111000098,488,1629,-1141
111000099,415,2951,-2536
111000100,245,2830,-2585
111000101,328,1084,-756
111000102,60,1198,-1138
111000104,170,197,-27
111000107,24,976,-952
111000109,186,263,-77
111000110,1163,562,601
111000111,916,462,454
111000112,964,305,659
111000113,609,486,123
111000114,1331,1272,59
111000115,8962,892,8070
111000116,992,731,261
111000117,482,822,-340
111000118,1720,1117,603
111000119,856,2037,-1181
111000120,287,615,-328
111000121,198,600,-402
111000122,326,1262,-936
111000123,702,4110,-3408
111000124,381,4651,-4270
111000125,163,2519,-2356
111000126,71,1137,-1066
111000127,396,169,227
111000128,746,283,463
111000129,1207,424,783
111000130,857,680,177
111000131,600,617,-17
111000132,449,349,100
111000133,73,167,-94
111000134,126,123,3
111000135,17,135,-118
111000136,162,339,-177
111000138,5,15,-10
111000140,0,1,-1
111000141,151,356,-205
111000142,12,126,-114
111000143,0,81,-81
111000144,11,92,-81
111000145,157,8,149
111000146,19,4,15
111000147,289,21,268
111000148,163,166,-3
111000149,0,39,-39
111000150,5,14,-9
111000151,1,17,-16
111000153,526,596,-70
111000154,711,235,476
111000155,119,157,-38
111000156,454,293,161
111000157,128,454,-326
111000158,1001,561,440
111000159,3117,651,2466
111000160,205,442,-237
111000161,11,262,-251
111000162,13,254,-241
111000163,302,966,-664
111000164,951,2850,-1899
111000165,1506,488,1018
111000166,1579,385,1194
111000167,160,649,-489
111000168,263,511,-248
111000169,276,578,-302
111000170,403,506,-103
111000171,392,1235,-843
111000172,77,657,-580
111000173,132,1569,-1437
111000174,81,731,-650
111000175,27,320,-293
111000176,236,240,-4
111000177,65,284,-219
111000178,568,401,167
111000179,71,214,-143
111000180,132,281,-149
111000181,428,326,102
111000182,90,235,-145
111000183,220,324,-104
111000184,290,220,70
111000185,283,544,-261
111000186,192,397,-205
111000187,96,373,-277
111000188,99,563,-464
111000189,1871,658,1213
111000190,180,665,-485
111000191,134,665,-531
111000192,152,897,-745
111000193,449,534,-85
111000194,13,556,-543
111000195,80,569,-489
111000196,18,377,-359
111000197,131,245,-114
111000198,177,118,59
111000199,72,193,-121
111000200,89,323,-234
111000201,246,242,4
111000202,104,168,-64
111000203,140,127,13
111000204,217,329,-112
111000213,171,370,-199
111000214,1127,1876,-749
111000215,703,1657,-954
111000217,777,1033,-256
111000218,752,923,-171
111000219,465,224,241
111000220,3695,1032,2663
111000221,778,314,464
111000224,1,431,-430
111000225,132,122,10
111000226,106,0,106
111000227,34,4,30
111000228,18,157,-139
111000229,55,340,-285
111000230,153,653,-500
111000231,383,1736,-1353
111000232,187,1048,-861
111000233,227,855,-628
111000234,33,151,-118
111000239,222,253,-31
111000240,21,77,-56
111000241,25,528,-503
111000242,64,38,26
111000243,50,1061,-1011
111000244,160,79,81
111000245,410,748,-338
111000246,131,795,-664
111000247,130,1519,-1389
111000248,258,399,-141
111000249,378,1042,-664
111000250,22,168,-146
111000251,27,157,-130
111000253,7,11,-4
111000255,36,3,33
111000257,6,22,-16
111000260,70,1538,-1468
111000261,398,77,321
111000271,22,332,-310
111000273,7272,1714,5558
111000274,1138,2126,-988
111000275,90,116,-26
111000276,275,2983,-2708
111000277,128,519,-391
111000278,572,283,289
111000291,394,2673,-2279
111000298,254,313,-59
111000299,504,112,392
111000300,87,577,-490
111000302,166,81,85
111000303,82,294,-212
111000312,67,80,-13
111000315,0,253,-253
111000320,317,880,-563
111000321,173,57,116
111000322,101,678,-577
111000323,66,15,51
111000324,340,318,22
111000325,18,100,-82
111000326,68,421,-353
111000327,406,765,-359
111000328,109,425,-316
111000329,0,9,-9
111000330,22,6,16
111000331,12,13,-1
111000332,561,1227,-666
111000334,371,1870,-1499
111000335,247,135,112
111000337,242,466,-224
111000338,11,155,-144
111000339,108,874,-766
111000340,66,1000,-934
111000341,438,237,201
111000342,35,371,-336
111000344,629,856,-227
111000345,274,34,240
111000346,11,111,-100
111000347,31,4,27
111000350,116,142,-26
111000351,84,313,-229
111000352,104,123,-19
111000353,99,280,-181
111000354,326,102,224
111000355,343,750,-407
111000358,65,2209,-2144
111000360,112,1269,-1157
111000361,89,562,-473
111000546,208,855,-647
111000547,177,932,-755
111000548,54,162,-108
111000549,110,533,-423
111000550,56,330,-274
111000551,716,118,598
111000552,377,85,292
111000907,193,141,52
111000908,4,1,3
111000916,431,247,184
111000917,39,403,-364
111000918,85,1380,-1295
111000920,160,6,154
111000921,8,403,-395
111000922,175,407,-232
111000924,32,1469,-1437
111000925,1124,1543,-419
111000926,888,3019,-2131
111000927,2917,2842,75
111000928,6900,4045,2855
111000929,648,812,-164
111000930,605,2796,-2191
111000931,1282,1290,-8
111000932,3968,2741,1227
111000933,2940,1467,1473
111000934,2702,3044,-342
111000935,752,946,-194
111000936,648,2535,-1887
111000937,516,981,-465
111000938,1575,2943,-1368
111000939,151,57,94
111000940,250,258,-8
111000941,120,755,-635
111000943,146,269,-123
111000944,84,684,-600
111000945,35,2896,-2861
111001109,261,172,89
111001110,153,798,-645
111001111,16,2,14
111001112,46,1,45
111001113,9,71,-62
111001114,1201,68,1133
111001115,88,340,-252
111001116,6625,1289,5336
111001117,720,606,114
111001120,75,423,-348
111001121,105,420,-315
111001122,204,877,-673
111001123,54,95,-41
111001124,37,419,-382
111900001,1,200,-199
111900002,9,1164,-1155
111900003,3,568,-565
111900004,18,235,-217
111900006,4,15,-11
111900007,33,5,28
111900008,39,4,35
111900009,69,225,-156
111900010,185,624,-439
111900012,108,122,-14
111900013,6,99,-93
111900014,8839,1601,7238
111900015,1,88,-87
111900016,0,226,-226
111900017,1,196,-195
111900018,70,0,70
111900019,1,80,-79
111900020,1,48,-47
111900021,22,93,-71
111900022,4,54,-50
111900023,173,50,123
111900024,3,101,-98
111900025,0,53,-53
111900026,0,131,-131
111900027,9,252,-243
111900028,0,547,-547
111900029,5,156,-151
111900030,65,450,-385
111900031,1,29,-28
111900032,3,547,-544
111900033,4,141,-137
111900034,168,650,-482
111900035,12,296,-284
111900036,2,439,-437
111900038,346,692,-346
111900039,47,474,-427
111900040,5,802,-797
111900042,47,101,-54
111900043,3,511,-508
111900044,250,227,23
111900046,34,278,-244
111900048,67,1217,-1150
111900049,40,360,-320
111900050,32,13,19
111900051,5,367,-362
111900052,493,735,-242
111900053,1629,319,1310
111900054,72,5,67
111900055,29,729,-700
111900056,182,104,78
111900057,50,17,33
111900058,120,899,-779
111900059,2666,202,2464
111900060,129,0,129
111900061,20,364,-344
111900062,5,34,-29
111900063,96,229,-133
111900064,169,273,-104
111900065,31,15,16
111900066,52,132,-80
111900067,1,366,-365
111900068,12,31,-19
111900069,44,15,29
111900070,63,179,-116
111900071,1,411,-410
111900072,17,11,6
111900073,203,52,151
111900074,5,270,-265
111900075,28,2,26
111900076,27,21,6
111900077,8,1,7
111900078,101,4,97
111900079,9,4,5
111900080,188,109,79
111900082,40,6,34
111900083,21,1,20
111900084,37,4,33
111900085,17,52,-35
111900086,19,0,19
111900087,19,0,19
111900088,181,4,177
111900089,41,5,36
111900090,63,12,51
111900091,63,0,63
111900092,22,0,22
111900093,115,6,109
111900094,16,0,16
111900095,86,3,83
111900096,60,0,60
111900097,12,0,12
111900098,60,0,60
111900099,7,0,7
111900100,31,3,28
111900101,28,2,26
111900102,140,1032,-892
111900103,43,44,-1
111900104,91,57,34
111900105,179,104,75
111900106,1887,62,1825
111900110,4011,180,3831
111900111,33,248,-215
111900112,1059,775,284
111900113,358,74,284
111900118,192,23,169
111900119,206,45,161
111900122,39,24,15
111900123,22,10,12
111900124,17,133,-116
111900125,159,12,147
111900126,89,0,89
111900127,3,821,-818
111900128,3,685,-682
111900129,74,9,65
111900130,104,14,90
111900131,110,1,109
111900132,23,1762,-1739
111900133,4,480,-476
111900134,29,420,-391
111900135,8,11,-3
111900136,44,106,-62
111900137,45,41,4
111900138,5,89,-84
111900139,12,175,-163
111900140,26,13,13
111900141,40,9,31
111900142,25,15,10
111900143,8,310,-302
111900144,0,166,-166
111900145,2,864,-862
111900146,1,450,-449
111900147,205,653,-448
111900148,55,1067,-1012
111900149,5,525,-520
111900150,17,248,-231
111900151,3,33,-30
111900152,139,47,92
111900153,1620,180,1440
111900154,1,93,-92
111900155,43,21,22
111900156,16,21,-5
111900157,34,6,28
111900158,154,24,130
111900159,61,6,55
111900160,86,0,86
111900161,39,2,37
111900162,131,96,35
111900163,54,263,-209
111900164,91,22,69
111901113,122,347,-225
111901114,77,600,-523
111901115,40,0,40
111901116,31,2,29
111901117,18,11,7
111901118,140,75,65
111901119,1585,78,1507
111901121,206,457,-251
111901122,6,868,-862
111901123,63,639,-576
111901124,73,0,73
111901125,115,151,-36
111901127,1091,202,889
111901128,6,112,-106
111901129,0,184,-184
111901130,22,365,-343
111901131,1,270,-269
111901132,52,5,47
111901133,21,3,18
111901134,45,0,45
111901135,4,1,3
111901136,15,17,-2
111901137,0,13,-13
111901138,30,41,-11
111901139,21,76,-55
111901140,6,249,-243
111901141,2,379,-377
111901142,3,198,-195
111901143,4,109,-105
111901144,26,22,4
111901145,183,122,61
111901146,272,9,263
112000001,1194,779,415
112000002,759,2865,-2106
112000003,470,725,-255
112000004,546,1973,-1427
112000005,1370,1429,-59
112000006,1452,2399,-947
112000007,1368,1182,186
112000008,1768,3069,-1301
112000009,4658,4233,425
112000010,1835,2414,-579
112000011,2025,2729,-704
112000012,7975,1941,6034
112000013,7969,4100,3869
112000014,2962,977,1985
112000015,3487,2906,581
112000016,6538,1078,5460
112000017,3168,1729,1439
112000024,1923,754,1169
112000026,5491,6326,-835
112000027,646,422,224
112000028,1813,2159,-346
112000029,243,508,-265
112000030,257,149,108
112000031,1697,2366,-669
112000032,811,127,684
112000033,2820,964,1856
112000034,331,56,275
112000035,112,308,-196
112000036,1056,847,209
112000037,1976,1033,943
112000038,903,1109,-206
112000039,24,101,-77
112000040,180,386,-206
112000041,557,638,-81
112000042,1073,343,730
112000050,514,1664,-1150
112000051,580,804,-224
112000054,1784,3166,-1382
112000057,640,368,272
112000058,419,429,-10
112000059,1102,485,617
112000061,7565,1953,5612
112000062,3784,774,3010
112000063,2531,825,1706
112000064,6729,6931,-202
112000065,2993,3096,-103
112000066,2794,874,1920
112000067,772,793,-21
112000068,1695,1118,577
112000069,727,2953,-2226
112000070,1495,495,1000
112000071,607,4070,-3463
112000072,884,847,37
112000073,1291,1992,-701
112000074,867,732,135
112000075,803,923,-120
112000076,3359,3321,38
112000077,267,868,-601
112000078,940,869,71
112000079,1193,1658,-465
112000080,427,1240,-813
112000081,1125,2136,-1011
112000082,967,727,240
112000083,446,1824,-1378
112000084,747,744,3
112000085,921,1466,-545
112000086,1158,1794,-636
112000087,166,650,-484
112000088,280,859,-579
112000089,223,514,-291
112000090,193,523,-330
112000091,693,1530,-837
112000092,1008,870,138
112000093,1202,1348,-146
112000094,368,777,-409
112000095,359,891,-532
112000096,217,728,-511
112000097,467,582,-115
112000098,784,1993,-1209
112000099,419,624,-205
112000100,844,1014,-170
112000101,290,1228,-938
112000102,485,454,31
112000103,198,1734,-1536
112000105,312,2292,-1980
112000106,616,357,259
112000107,8,222,-214
112000108,91,1874,-1783
112000109,17,53,-36
112000110,1158,380,778
112000111,1818,5705,-3887
112000112,5529,476,5053
112000113,1050,2625,-1575
112000114,3111,909,2202
112000115,166,666,-500
112000116,507,1141,-634
112000117,447,685,-238
112000118,743,1093,-350
112000119,349,1273,-924
112000120,83,507,-424
112000121,51,973,-922
112000122,179,165,14
112000123,301,161,140
112000124,112,108,4
112000125,69,139,-70
112000126,129,959,-830
112000127,3594,1211,2383
112000128,1633,595,1038
112000129,64,116,-52
112000130,64,62,2
112000131,15,419,-404
112000132,49,370,-321
112000133,188,331,-143
112000134,371,439,-68
112000135,885,644,241
112000136,1198,1446,-248
112000137,2282,1387,895
112000138,4317,1548,2769
112000139,627,203,424
112000140,989,1148,-159
112000141,289,150,139
112000142,145,1195,-1050
112000143,441,222,219
112000144,258,2171,-1913
112000145,1265,724,541
112000146,576,2752,-2176
112000147,1332,1655,-323
112000148,1510,2488,-978
112000149,185,918,-733
112000150,120,802,-682
112000151,230,746,-516
112000152,182,405,-223
112000153,191,313,-122
112000154,78,147,-69
112000155,103,70,33
112000157,799,515,284
112000158,215,747,-532
112000159,197,363,-166
112000167,134,38,96
112000169,278,315,-37
112000173,435,301,134
112000175,188,383,-195
112000176,6531,2122,4409
112000177,202,105,97
112000178,59,741,-682
112000179,122,196,-74
112000180,210,262,-52
112000181,1124,2227,-1103
112000182,413,2731,-2318
112000183,28,68,-40
112000184,157,789,-632
112000185,174,655,-481
112000187,2565,2596,-31
112000195,105,13,92
112000196,102,0,102
112000197,75,119,-44
112000198,21,532,-511
112000199,914,1116,-202
112000202,141,2,139
112000216,66,188,-122
112000230,33,9,24
112000231,0,514,-514
112000256,23,129,-106
112000313,167,187,-20
112000314,10,23,-13
112000337,174,641,-467
112000352,308,200,108
112000392,2355,1265,1090
112000398,637,730,-93
112000399,2592,1387,1205
112000400,1904,5146,-3242
112000401,3138,3465,-327
112000402,1217,1776,-559
112000403,2216,1842,374
112000404,232,525,-293
112000405,1124,2155,-1031
112000406,3780,4249,-469
112000407,3408,5375,-1967
112000408,9325,8515,810
112000409,1631,5854,-4223
112000410,270,109,161
112000411,6127,1181,4946
112000412,1010,339,671
112000413,11518,1941,9577
112000414,33,103,-70
112000415,82,75,7
112000416,1352,1245,107
112000417,156,65,91
112000421,25,159,-134
112000422,230,594,-364
112000424,2641,1318,1323
112000425,238,1238,-1000
112000426,95,244,-149
112000427,1,18,-17
112000428,75,625,-550
112000429,2034,3265,-1231
112000430,1993,3574,-1581
112000431,28,102,-74
112000432,541,2482,-1941
112000433,803,737,66
112000437,30,478,-448
112900001,16,1,15
112900002,107,1557,-1450
112900003,10,338,-328
112900004,27,490,-463
112900005,78,338,-260
112900006,8,561,-553
112900007,18,311,-293
112900008,4,9,-5
112900009,371,75,296
112900010,148,1039,-891
112900011,377,344,33
112900012,0,34,-34
112900013,1,164,-163
112900014,4,404,-400
112900015,401,1242,-841
112900016,2,357,-355
112900017,22,286,-264
112900018,6,500,-494
112900019,108,195,-87
112900020,541,1944,-1403
112900021,4,308,-304
112900022,2,111,-109
112900023,4,367,-363
112900024,19,277,-258
112900025,59,245,-186
112900026,0,362,-362
112900027,19,1613,-1594
112900028,15,159,-144
112900029,4,748,-744
112900030,302,198,104
112900031,6,701,-695
112900032,110,284,-174
112900034,1,81,-80
112900035,5,578,-573
112900036,31,163,-132
112900037,178,75,103
112900038,225,161,64
112900039,8,437,-429
112900040,6,424,-418
112900041,1802,715,1087
112900042,45,496,-451
112900043,5,61,-56
112900044,534,420,114
112900045,685,392,293
112900046,235,81,154
112900047,31,11,20
112900049,52,105,-53
112900050,80,761,-681
112900051,275,841,-566
112900052,10,1343,-1333
112900053,389,112,277
112900054,356,22,334
112900055,209,9,200
112900056,186,129,57
112900057,4,878,-874
112900058,266,103,163
112900059,87,112,-25
112900060,15,298,-283
112900061,43,153,-110
112900062,53,159,-106
112900063,69,1,68
112900064,168,134,34
112900065,47,10,37
112900066,134,74,60
112900067,774,169,605
112900068,22,28,-6
112900069,3148,466,2682
112900071,10,1,9
112900072,261,765,-504
112900073,226,32,194
112900074,45,78,-33
112900075,2753,426,2327
112900076,48,2,46
112900078,141,210,-69
112900079,122,4,118
112900080,16,0,16
112900081,45,111,-66
112900082,233,10,223
112900083,27,49,-22
112900084,92,29,63
112900086,26,0,26
112900087,267,59,208
112900088,43,6,37
112900089,411,12,399
112900090,37,6,31
112900091,47,0,47
112900092,150,109,41
112900093,1102,7,1095
112900095,6,0,6
112900096,274,89,185
112900097,28,505,-477
112900098,208,0,208
112900099,262,9,253
112900100,6,1,5
112900101,91,1,90
112900102,138,3,135
112900103,108,0,108
112900104,24,0,24
112900105,4,0,4
112900106,243,88,155
112900107,0,1,-1
112900108,44,0,44
112900109,16,0,16
112900110,280,4,276
112900111,226,2,224
112900112,99,0,99
112900113,0,21,-21
112900114,18,43,-25
112900115,291,1,290
112900116,21,30,-9
112900117,108,128,-20
112900118,28,75,-47
112900119,66,0,66
112900120,828,219,609
112900121,325,267,58
112900122,14,174,-160
112900123,169,12,157
112900124,3,208,-205
112900125,91,331,-240
112900126,132,266,-134
112900127,172,56,116
112900128,571,729,-158
112900129,6,1181,-1175
112900130,143,70,73
112900131,50,261,-211
112900132,61,385,-324
112900133,29,1533,-1504
112900134,1,345,-344
112900135,43,15,28
112900137,4,951,-947
112900138,7,574,-567
112900139,227,1307,-1080
112900141,323,33,290
112900142,74,43,31
112900143,46,772,-726
112900144,2,383,-381
112900145,40,497,-457
112900146,7,1891,-1884
112900147,6,3014,-3008
112900148,34,0,34
112900149,141,616,-475
112900151,21,43,-22
112900152,6082,1198,4884
112900153,1669,868,801
112900154,1,126,-125
112900155,58,14,44
112900156,94,2335,-2241
112900157,77,82,-5
112900158,9,21,-12
112900159,125,49,76
112900160,25,323,-298
112900161,42,43,-1
112900162,42,10,32
112900163,146,21,125
112900164,23,82,-59
112900165,178,37,141
112900166,2,32,-30
112900167,2,15,-13
112900168,0,4,-4
112900169,9,3,6
112900170,25,129,-104
112900172,54,1,53
112900173,311,105,206
112900174,152,24,128
112900175,149,56,93
112900176,15,12,3
112900177,112,19,93
112900178,476,1130,-654
112900179,48,670,-622
112900180,993,3387,-2394
112900181,269,2,267
112900182,24,1929,-1905
112900183,107,221,-114
112900184,345,314,31
112900185,424,382,42
112900186,2161,666,1495
112900187,43,315,-272
112900188,959,325,634
112900189,39,38,1
112900190,2,50,-48
112900192,389,212,177
112900193,1017,210,807
112900194,12,94,-82
112900195,425,9,416
112900196,270,668,-398
112900197,138,519,-381
112900199,205,772,-567
112900200,199,280,-81
112900201,55,95,-40
112900202,124,1264,-1140
112900203,63,348,-285
112900204,770,315,455
112900205,0,8,-8
112900206,3,52,-49
112900207,3,0,3
112900208,83,84,-1
112900209,344,449,-105
112900210,0,9,-9
112900211,58,109,-51
112900212,0,65,-65
112900213,5,8,-3
112900214,26,5,21
112900215,1,269,-268
112900216,46,46,0
112900217,2,113,-111
112900218,4,9,-5
112900219,13,1,12
112900220,5,0,5
112900221,4,125,-121
112900222,0,12,-12
112900223,398,6,392
112900224,118,965,-847
112900225,216,708,-492
112900226,313,277,36
112900227,209,1926,-1717
112900228,24,26,-2
112900229,47,82,-35
112900230,9442,2823,6619
112900232,166,161,5
112900233,29,191,-162
112900234,4,170,-166
112900235,31,15,16
112900236,57,11,46
112900237,67,340,-273
112900238,1,60,-59
112900239,616,236,380
113000001,5516,5655,-139
113000002,4308,4066,242
113000003,2132,2266,-134
113000004,2278,2637,-359
113000005,1213,1234,-21
113000006,1067,1515,-448
113000007,1124,1523,-399
113000008,1321,2161,-840
113000009,674,1062,-388
113000010,982,2052,-1070
113000011,799,2340,-1541
113000012,1128,846,282
113000013,1651,488,1163
113000014,2398,1669,729
113000015,1207,293,914
113000016,455,337,118
113000017,128,270,-142
113000018,256,43,213
113000019,79,281,-202
113000020,178,18,160
113000021,751,664,87
113000022,420,1477,-1057
113000025,212,315,-103
113000026,171,520,-349
113000027,766,376,390
113000028,1373,442,931
113000029,893,575,318
113000030,634,747,-113
113000031,366,254,112
113000032,258,203,55
113000033,450,368,82
113000034,638,393,245
113000035,21,50,-29
113000036,24,53,-29
113000037,85,32,53
113000038,10,64,-54
113000039,148,567,-419
113000040,36,90,-54
113000042,967,904,63
113000051,725,1820,-1095
113000052,2640,1442,1198
113000053,274,745,-471
113000054,171,902,-731
113000055,629,1204,-575
113000056,492,1804,-1312
113000058,773,999,-226
113000059,1273,873,400
113000060,84,725,-641
113000061,621,982,-361
113000062,1513,174,1339
113000063,97,337,-240
113000064,20,512,-492
113000065,153,1521,-1368
113000066,362,105,257
113000067,1028,1313,-285
113000068,290,2587,-2297
113000069,337,1798,-1461
113000070,917,782,135
113000071,238,929,-691
113000072,320,487,-167
113000073,591,1821,-1230
113000074,1043,270,773
113000075,2207,441,1766
113000076,1415,1682,-267
113000077,2044,445,1599
113000078,1547,1891,-344
113000079,1171,712,459
113000080,940,546,394
113000081,1194,901,293
113000082,1627,871,756
113000083,730,729,1
113000084,1565,1152,413
113000085,1075,610,465
113000086,1112,1085,27
113000087,1382,842,540
113000088,2506,1349,1157
113000089,1047,1395,-348
113000090,257,289,-32
113000091,992,238,754
113000094,736,166,570
113000095,254,1305,-1051
113000096,182,1174,-992
113000097,665,372,293
113000098,59,24,35
113000099,963,189,774
113000100,186,435,-249
113000101,399,548,-149
113000102,477,183,294
113000103,3006,716,2290
113000104,311,2280,-1969
113000105,688,431,257
113000106,440,664,-224
113000107,489,830,-341
113000108,819,1799,-980
113000109,565,3194,-2629
113000110,1517,433,1084
113000111,85,581,-496
113000112,283,329,-46
113000113,2643,268,2375
113000114,433,1208,-775
113000116,944,243,701
113000117,864,203,661
113000118,188,480,-292
113000119,189,477,-288
113000120,38,222,-184
113000121,793,1075,-282
113000124,128,154,-26
113000125,40,505,-465
113000127,3710,568,3142
113000128,549,542,7
113000129,769,1287,-518
113000133,5054,1045,4009
113000134,3,616,-613
113000135,3270,2496,774
113000137,3238,1586,1652
113000139,481,168,313
113000140,262,275,-13
113000141,670,132,538
113000142,1189,991,198
113000143,358,176,182
113000144,363,645,-282
113000145,65,171,-106
113000146,112,101,11
113000147,123,167,-44
113000148,97,166,-69
113000149,99,181,-82
113000150,566,438,128
113000151,204,74,130
113000152,46,218,-172
113000153,2333,622,1711
113000154,911,1345,-434
113000155,265,434,-169
113000156,198,513,-315
113000157,303,813,-510
113000158,558,253,305
113000159,781,507,274
113000160,552,1340,-788
113000161,297,913,-616
113000162,573,430,143
113000163,56,53,3
113000164,28,94,-66
113000166,49,66,-17
113000167,22,213,-191
113000168,74,263,-189
113000169,118,70,48
113000170,81,90,-9
113000171,100,109,-9
113000172,254,110,144
113000173,44,11,33
113000174,127,647,-520
113000175,284,156,128
113000176,347,151,196
113000177,134,472,-338
113000178,214,460,-246
113000179,224,110,114
113000180,621,1629,-1008
113000181,708,1150,-442
113000182,165,308,-143
113000183,199,634,-435
113000184,13,140,-127
113000189,538,649,-111
113000190,2038,475,1563
113000192,2979,1496,1483
113000193,5728,789,4939
113000194,2015,1225,790
113000195,2653,596,2057
113000196,100,111,-11
113000197,1299,949,350
113000198,33,314,-281
113000199,1460,446,1014
113000201,307,258,49
113000202,3811,1853,1958
113000203,481,147,334
113000204,1989,1306,683
113000205,8,34,-26
113000206,11,36,-25
113000207,58,28,30
113000208,36,73,-37
113000209,32,24,8
113000210,14,47,-33
113000211,365,132,233
113000212,319,33,286
113000213,21,105,-84
113000214,113,190,-77
113000234,167,1742,-1575
113000410,388,138,250
113000411,3564,4641,-1077
113000412,13520,1936,11584
113000413,5245,2336,2909
113000414,14811,10932,3879
113000415,3438,2760,678
113000416,12239,3745,8494
113000417,4893,3070,1823
113000418,4719,2755,1964
113000419,2707,1848,859
113000420,4577,3613,964
113000421,5136,4721,415
113000422,21211,7655,13556
113000423,3163,3453,-290
113000424,5335,6168,-833
113000425,11,83,-72
113000428,1265,58,1207
113000430,356,100,256
113000432,822,92,730
113000433,197,1227,-1030
113000434,13,417,-404
113000435,18,1210,-1192
113000436,51,1750,-1699
113000437,254,11,243
113000438,93,8,85
113000439,14,222,-208
113000440,36,18,18
113000441,136,286,-150
113000442,115,442,-327
113000443,69,400,-331
113000444,73,438,-365
113000445,50,180,-130
113000446,19,95,-76
113000448,145,111,34
113000449,348,874,-526
113000450,889,2066,-1177
113000451,1405,138,1267
113000452,456,348,108
113000453,127,262,-135
113000454,950,34,916
113000455,25,158,-133
113000456,4116,2011,2105
113000468,3131,472,2659
113000469,419,148,271
113000470,659,59,600
113000471,12,342,-330
113000472,82,295,-213
113000474,327,822,-495
113000475,1466,2098,-632
113000476,836,2252,-1416
113000477,1793,2443,-650
113000478,3585,7364,-3779
113000479,75,389,-314
113000480,105,87,18
113000483,0,0,0
113000484,0,0,0
113000485,0,0,0
113000486,0,0,0
113000487,0,0,0
113000488,0,0,0
113000489,0,0,0
113000490,0,0,0
113000491,0,0,0
113000492,0,0,0
113000493,0,0,0
113000495,192,270,-78
113000496,67,114,-47
113000497,0,0,0
113000500,0,8,-8
113900001,1,84,-83
113900002,0,185,-185
113900003,1,113,-112
113900004,0,15,-15
113900005,0,15,-15
113900006,1,12,-11
113900007,18,13,5
113900008,71,2,69
113900009,251,1,250
113900010,134,0,134
113900011,7,0,7
113900012,3,0,3
113900013,671,2,669
113900014,717,4,713
113900015,0,62,-62
113900016,22,2,20
113900017,3,45,-42
113900018,577,109,468
113900019,43,65,-22
113900020,52,1,51
113900022,4,0,4
113900023,1,0,1
113900024,39,124,-85
113900025,398,18,380
113900026,51,0,51
113900027,7,63,-56
113900028,18,446,-428
113900029,14,361,-347
113900030,85,4,81
113900031,1,0,1
113900032,4,0,4
113900033,37,73,-36
113900035,29,1,28
113900036,8,97,-89
113900037,32,686,-654
113900038,125,52,73
113900039,49,2,47
113900040,1,9,-8
113900041,0,1,-1
113900042,49,43,6
113900043,143,109,34
113900044,364,41,323
113900045,36,2,34
113900046,282,786,-504
113900047,8,183,-175
113900048,354,34,320
113900049,998,158,840
113900050,126,394,-268
113900051,159,531,-372
113900052,249,133,116
113900053,563,158,405
113900054,6,3,3
113900055,103,613,-510
113900056,45,188,-143
113900057,13,151,-138
113900058,25,239,-214
113900059,54,420,-366
113900060,137,316,-179
113900061,1077,121,956
113900062,30,16,14
113900063,97,179,-82
113900064,16,180,-164
113900065,557,18,539
113900066,149,478,-329
113900067,56,430,-374
113900068,249,382,-133
113900069,156,17,139
113900070,338,490,-152
113900071,42,80,-38
113900072,27,188,-161
113900073,112,421,-309
113900074,29,540,-511
113900075,844,952,-108
113900076,151,14,137
113900077,33,309,-276
113900078,56,55,1
113900079,1,83,-82
113900080,304,188,116
113900081,13,278,-265
113900082,146,236,-90
113900083,129,1005,-876
113900084,142,72,70
113900085,48,443,-395
113900086,12,15,-3
113900087,40,197,-157
113900088,23,57,-34
113900089,302,78,224
113900090,339,358,-19
113900091,26,40,-14
113900092,48,62,-14
113900093,69,467,-398
113900094,99,570,-471
113900095,83,66,17
113900096,106,43,63
113900097,10,154,-144
113900098,337,70,267
113900099,0,74,-74
113900100,0,0,0
113900101,23,54,-31
113900102,98,79,19
113900103,172,253,-81
113900104,87,117,-30
113900105,24,438,-414
113900106,0,114,-114
113900107,4,38,-34
113900108,212,138,74
113900109,396,87,309
113900110,49,17,32
113900111,44,120,-76
113900112,43,87,-44
113900113,484,374,110
113900114,1,140,-139
113900115,2,104,-102
113900116,103,100,3
113900117,62,12,50
113900118,164,215,-51
113900119,316,288,28
113900120,47,39,8
113900121,27,98,-71
113900122,216,1255,-1039
113900123,264,161,103
113900124,0,47,-47
113900125,1641,169,1472
113900126,70,42,28
113900127,199,370,-171
113900128,124,43,81
113900129,10,70,-60
113900130,3,9,-6
113900131,73,71,2
113900132,39,58,-19
113900133,25,26,-1
113900135,159,539,-380
113900136,73,80,-7
113900137,222,124,98
113900138,55,176,-121
113900139,648,87,561
113900140,599,153,446
113900141,178,529,-351
113900142,64,120,-56
113900143,5,19,-14
113900144,543,114,429
113900145,198,244,-46
113900146,45,67,-22
113900148,144,157,-13
113900149,112,32,80
113900150,1331,566,765
113900151,189,225,-36
113900152,11,61,-50
113900153,457,489,-32
113900154,4,119,-115
113900155,249,87,162
113900156,183,665,-482
113900157,31,250,-219
113900158,693,175,518
113900159,7,278,-271
113900160,416,831,-415
113900161,44,176,-132
113900162,873,509,364
113900163,300,239,61
113900164,135,48,87
113900165,513,979,-466
113900166,315,154,161
113900167,227,31,196
113900168,156,122,34
113900169,202,464,-262
113900171,88,42,46
113900172,13,243,-230
113900173,48,685,-637
113900174,368,801,-433
113900175,223,77,146
113900176,151,766,-615
113900177,161,188,-27
113900178,212,141,71
113900179,24,740,-716
113900180,142,103,39
113900181,355,137,218
113900182,369,1005,-636
113900183,33,74,-41
113900184,12,627,-615
113900185,124,92,32
113900186,26,50,-24
113900187,28,145,-117
113900188,36,177,-141
113900189,259,41,218
113900190,385,95,290
113900191,117,216,-99
113900192,33,243,-210
113900193,15,301,-286
113900194,2285,990,1295
113900195,314,487,-173
113900196,2,135,-133
113900197,3,320,-317
113900198,15,134,-119
113900199,212,719,-507
113900200,19,336,-317
113900201,2,338,-336
113900202,30,299,-269
113900203,1,268,-267
113900204,25,642,-617
113900205,19,135,-116
113900206,8,153,-145
113900207,1,61,-60
113900208,0,62,-62
113900209,0,125,-125
113900210,500,541,-41
113900211,131,49,82
113900212,69,734,-665
113900214,495,405,90
113900215,31,135,-104
113900216,88,1604,-1516
113900217,27,388,-361
113900218,71,42,29
113900219,102,570,-468
113900220,106,64,42
113900221,277,120,157
113900222,380,345,35
113900223,64,1409,-1345
113900224,144,69,75
113900225,911,251,660
113900226,245,136,109
113900227,319,142,177
113900228,476,260,216
113900229,47,703,-656
113900230,5604,1558,4046
113900231,113,215,-102
113900232,45,129,-84
113900233,36,55,-19
113900234,175,325,-150
113900235,68,29,39
113900236,43,504,-461
113900237,73,5,68
113900238,186,295,-109
113900239,42,28,14
113900240,4,68,-64
113900241,122,82,40
113900242,34,183,-149
113900243,141,426,-285
113900244,509,137,372
113900245,1632,263,1369
113900246,26,34,-8
113900247,161,124,37
113900248,4850,896,3954
113900249,1467,212,1255
113900250,37,103,-66
113900251,278,239,39
113900252,297,11,286
113900253,451,21,430
113900254,366,70,296
113900255,235,6,229
113900256,304,18,286
113900257,30,747,-717
113900258,8,725,-717
113900259,238,268,-30
113900260,81,31,50
113900261,28,121,-93
113900262,134,837,-703
113900263,75,482,-407
113900264,8,752,-744
113900265,123,264,-141
113900266,32,330,-298
113900267,114,483,-369
113900268,201,330,-129
113900269,52,142,-90
113900270,246,350,-104
113900271,465,1644,-1179
113900273,21,0,21
113900274,32,13,19
113900275,31,74,-43
113900276,2,330,-328
113900277,32,1,31
113900278,363,184,179
113900279,131,99,32
113900280,1302,756,546
113900281,307,893,-586
113900282,785,391,394
113900283,300,425,-125
113900284,662,151,511
113900285,98,32,66
113900286,11,130,-119
113900287,24,32,-8
113900288,1,74,-73
113900289,1948,67,1881
113900290,541,77,464
113900291,144,202,-58
113900292,7,6,1
113900293,1,219,-218
113900294,227,18,209
113900295,512,277,235
113900296,3038,362,2676
113900297,611,22,589
113900298,16,1641,-1625
113900299,17,117,-100
113900300,7496,2261,5235
113900301,1011,307,704
113900302,2957,692,2265
113900303,682,181,501
113900304,2,168,-166
113900305,35,0,35
113900306,18,0,18
113900307,37,0,37
113900308,79,109,-30
113900309,5,975,-970
113900310,0,14,-14
113900311,8,0,8
113900312,54,105,-51
113900313,8,11,-3
114000001,1231,3913,-2682
114000002,113,485,-372
114000003,40,425,-385
114000004,256,518,-262
114000005,163,342,-179
114000006,3871,2384,1487
114000007,577,1630,-1053
114000008,1514,1040,474
114000009,278,155,123
114000011,1920,3679,-1759
114000012,1308,3138,-1830
114000013,1016,2319,-1303
114000014,360,491,-131
114000015,796,624,172
114000016,191,439,-248
114000017,95,205,-110
114000018,559,126,433
114000026,730,1833,-1103
114000027,1294,2126,-832
114000028,1626,1944,-318
114000038,112,193,-81
114000039,50,124,-74
114000040,55,242,-187
114000042,75,270,-195
114000043,33,319,-286
114000044,66,84,-18
114000045,18,107,-89
114000046,2414,5475,-3061
114000047,11,91,-80
114000048,73,82,-9
114000049,1592,1024,568
114000050,1593,955,638
114000051,3984,1546,2438
114000052,2922,1283,1639
114000053,49,548,-499
114000054,71,1879,-1808
114000055,220,30,190
114000056,1646,636,1010
114000057,10070,2543,7527
114000058,566,476,90
114000059,254,150,104
114000060,408,916,-508
114000061,3364,1199,2165
114000062,2325,692,1633
114000063,3923,1904,2019
114000064,9552,2526,7026
114000065,2023,2354,-331
114000066,231,634,-403
114000067,33,299,-266
114000068,469,361,108
114000069,1015,431,584
114000070,2620,1215,1405
114000071,472,795,-323
114000072,188,523,-335
114000073,16,187,-171
114000074,9,29,-20
114000075,20,226,-206
114000076,3,278,-275
114000077,7,67,-60
114000078,117,1845,-1728
114000079,85,20,65
114000080,89,99,-10
114000081,20,104,-84
114000082,49,699,-650
114000083,37,419,-382
114000084,83,80,3
114000085,137,1000,-863
114000086,115,712,-597
114000087,18,327,-309
114000088,63,84,-21
114000089,1927,571,1356
114000090,607,477,130
114000091,1616,378,1238
114000092,992,236,756
114000093,706,581,125
114000094,267,424,-157
114000095,96,93,3
114000096,118,774,-656
114000097,95,1370,-1275
114000098,240,71,169
114000099,211,1237,-1026
114000100,493,911,-418
114000101,211,1505,-1294
114000102,145,312,-167
114000103,87,705,-618
114000104,11,391,-380
114000105,33,43,-10
114000106,979,369,610
114000107,65,128,-63
114000108,2544,1398,1146
114000109,218,387,-169
114000110,584,2047,-1463
114000111,779,480,299
114000112,285,2036,-1751
114000113,407,422,-15
114000114,1149,1740,-591
114000115,947,622,325
114000116,282,648,-366
114000117,1123,365,758
114000118,1011,321,690
114000119,733,249,484
114000120,577,1172,-595
114000121,299,618,-319
114000122,259,277,-18
114000123,749,280,469
114000124,327,318,9
114000125,784,2258,-1474
114000126,866,215,651
114000127,64,249,-185
114000128,573,667,-94
114000130,310,521,-211
114000131,91,56,35
114000132,549,855,-306
114000133,1319,1458,-139
114000134,47,253,-206
114000138,24,213,-189
114000139,368,96,272
114000144,526,209,317
114000145,66,213,-147
114000146,70,381,-311
114000147,841,710,131
114000148,2492,1285,1207
114000149,291,145,146
114000150,883,556,327
114000151,788,671,117
114000152,139,14,125
114000153,1068,1222,-154
114000154,610,536,74
114000155,1252,1365,-113
114000156,739,509,230
114000157,183,755,-572
114000158,2691,665,2026
114000159,226,342,-116
114000160,160,212,-52
114000161,1559,968,591
114000162,862,798,64
114000163,11,180,-169
114000165,157,133,24
114000166,613,217,396
114000167,5286,1320,3966
114000168,926,667,259
114000169,2102,565,1537
114000170,1347,525,822
114000171,519,991,-472
114000174,167,492,-325
114000176,570,348,222
114000177,2399,915,1484
114000178,42,63,-21
114000179,1304,713,591
114000180,401,629,-228
114000181,1852,1982,-130
114000182,6898,2305,4593
114000183,1251,971,280
114000184,4918,1896,3022
114000185,862,971,-109
114000189,374,56,318
114000190,1087,156,931
114000191,16,35,-19
114000192,375,1809,-1434
114000193,1110,3723,-2613
114000194,1141,1495,-354
114000195,56,16,40
114000196,5,374,-369
114000197,497,47,450
114000198,1408,397,1011
114000199,1977,1057,920
114000200,538,2939,-2401
114000201,148,1294,-1146
114000202,792,1075,-283
114000203,337,1101,-764
114000204,88,427,-339
114000205,158,2049,-1891
114000206,399,1435,-1036
114000207,571,2821,-2250
114000208,395,3846,-3451
114000209,634,4015,-3381
114000210,384,2101,-1717
114000211,797,1670,-873
114000212,637,938,-301
114000213,985,718,267
114000214,95,279,-184
114000215,83,69,14
114000216,768,331,437
114000217,81,395,-314
114000218,48,411,-363
114000219,656,421,235
114000220,18,1798,-1780
114000221,316,136,180
114000222,217,1506,-1289
114000223,265,73,192
114000224,141,863,-722
114000225,142,530,-388
114000226,54,255,-201
114000227,512,499,13
114000228,576,949,-373
114000229,585,1350,-765
114000230,1381,1721,-340
114000231,863,1348,-485
114000232,322,115,207
114000233,1216,122,1094
114000234,770,1162,-392
114000235,627,1897,-1270
114000236,0,580,-580
114000237,68,1265,-1197
114000238,38,167,-129
114000239,152,1773,-1621
114000240,548,755,-207
114000241,288,1395,-1107
114000242,1032,1136,-104
114000243,994,762,232
114000244,507,403,104
114000245,372,704,-332
114000246,150,38,112
114000247,488,765,-277
114000248,605,538,67
114000249,425,525,-100
114000250,362,636,-274
114000251,203,390,-187
114000252,36,153,-117
114000253,28,307,-279
114000254,11,90,-79
114000255,523,146,377
114000256,2134,536,1598
114000257,568,2463,-1895
114000258,136,572,-436
114000259,88,281,-193
114000260,1,26,-25
114000261,39,14,25
114000262,41,202,-161
114000263,8,4,4
114000264,388,949,-561
114000265,0,10,-10
114000267,2,1238,-1236
114000268,8,2568,-2560
114000270,63,2,61
114000271,261,125,136
114000283,615,535,80
114000285,62,337,-275
114000288,37,457,-420
114000289,786,87,699
114000293,80,462,-382
114000294,211,281,-70
114000395,888,56,832
114000396,165,236,-71
114000402,237,361,-124
114000403,182,681,-499
114000405,90,673,-583
114000423,112,693,-581
114000424,270,325,-55
114000425,186,770,-584
114000426,270,486,-216
114000427,50,123,-73
114000428,238,67,171
114000429,4,227,-223
114000432,44,163,-119
114000434,7,109,-102
114000435,5,178,-173
114000436,2079,514,1565
114000437,103,308,-205
114900001,206,1642,-1436
114900002,363,113,250
114900003,239,2590,-2351
114900004,138,198,-60
114900005,247,1099,-852
114900006,17,29,-12
114900007,94,13,81
114900008,74,27,47
114900010,2890,1396,1494
114900011,34,88,-54
114900013,94,56,38
114900015,33,166,-133
114900018,659,23,636
114900020,53,31,22
114900022,6,720,-714
114900024,95,142,-47
114900025,198,268,-70
114900026,28,89,-61
114900027,156,252,-96
114900029,15,13,2
114900030,89,221,-132
114900031,79,23,56
114900032,99,44,55
114900033,1626,245,1381
114900034,37,307,-270
114900035,159,291,-132
114900036,184,1431,-1247
114900037,45,234,-189
114900038,137,1334,-1197
114900039,426,901,-475
114900040,53,271,-218
114900041,225,863,-638
114900042,372,1055,-683
114900043,886,357,529
114900044,48,14,34
114900046,70,205,-135
114900047,159,1013,-854
114900048,42,233,-191
114900049,7,240,-233
114900050,6,680,-674
114900051,33,674,-641
114900052,105,222,-117
114900053,88,229,-141
114900054,48,147,-99
114900057,231,1,230
114900058,0,73,-73
114900059,26,17,9
114900060,1494,353,1141
114900061,47,178,-131
114900062,221,259,-38
114900063,47,265,-218
114900064,628,843,-215
114900065,184,664,-480
114900067,15,375,-360
114900068,51,204,-153
114900069,190,215,-25
114900070,193,796,-603
114900072,6,261,-255
114900073,2,235,-233
114900074,166,1169,-1003
114900075,89,1,88
114900076,2,415,-413
114900080,3702,418,3284
114900082,4332,1375,2957
114900083,581,746,-165
114900090,139,127,12
114900091,127,190,-63
114900095,515,93,422
114900096,481,662,-181
114900097,42,1,41
114900098,6,294,-288
114900099,57,6,51
115000001,11057,8126,2931
115000002,2652,3022,-370
115000003,4047,5698,-1651
115000004,2182,4043,-1861
115000005,1252,3661,-2409
115000006,487,1378,-891
115000007,42,104,-62
115000008,423,508,-85
115000009,113,298,-185
115000010,209,183,26
115000013,143,123,20
115000015,78,126,-48
115000016,258,241,17
115000019,15,371,-356
115000020,141,294,-153
115000021,222,372,-150
115000022,478,346,132
115000023,210,416,-206
115000024,1127,532,595
115000025,599,434,165
115000026,147,448,-301
115000027,126,261,-135
115000028,146,726,-580
115000029,380,196,184
115000030,328,898,-570
115000031,731,283,448
115000032,10,331,-321
115000033,136,18,118
115000034,143,1179,-1036
115000035,779,37,742
115000036,2,445,-443
115000037,239,2,237
115000038,34,163,-129
115000039,3122,1817,1305
115000040,7542,3234,4308
115000041,1015,2125,-1110
115000042,787,692,95
115000043,2910,2617,293
115000044,3564,4873,-1309
115000045,1913,2963,-1050
115000046,1153,2574,-1421
115000047,1220,2067,-847
115000048,1293,3530,-2237
115000049,1489,3314,-1825
115000050,2285,2090,195
115000051,2261,1474,787
115000052,4379,2396,1983
115000053,1294,1253,41
115000054,909,1767,-858
115000055,77,420,-343
115000056,139,315,-176
115000057,341,678,-337
115000058,168,148,20
115000059,139,256,-117
115000061,181,89,92
115000062,138,371,-233
115000063,200,384,-184
115000064,179,185,-6
115000065,24,212,-188
115000067,241,39,202
115000069,42,396,-354
115000070,49,677,-628
115000071,90,6,84
115000072,13,52,-39
115000073,1497,45,1452
115000075,56,62,-6
115000076,3216,4117,-901
115000077,1143,4709,-3566
115000078,543,2463,-1920
115000079,841,2725,-1884
115000080,1427,3107,-1680
115000081,373,1075,-702
115000082,2331,2851,-520
115000083,1415,4171,-2756
115000084,957,1147,-190
115000085,422,1259,-837
115000086,534,1231,-697
115000087,517,1618,-1101
115000088,1409,664,745
115000089,1557,1589,-32
115000090,902,664,238
115000091,220,1632,-1412
115000092,275,338,-63
115000093,358,4,354
115000094,9359,4656,4703
115000095,7568,4479,3089
115000096,467,2687,-2220
115000097,369,917,-548
115000098,571,1010,-439
115000099,1268,3847,-2579
115000100,528,611,-83
115000101,365,1878,-1513
115000102,265,184,81
115000103,378,941,-563
115000105,50,256,-206
115000106,284,240,44
115000107,128,748,-620
115000108,4473,3531,942
115000109,6399,2455,3944
115000110,1152,665,487
115000111,857,1646,-789
115000112,660,481,179
115000113,1268,1003,265
115000114,1808,835,973
115000116,3204,1169,2035
115000117,3889,1712,2177
115000118,1801,1340,461
115000119,1905,1745,160
115000120,543,566,-23
115000121,2111,856,1255
115000122,5218,1007,4211
115000123,2538,1207,1331
115000124,644,529,115
115000125,439,591,-152
115000126,137,360,-223
115000127,266,168,98
115000128,1173,850,323
115000129,235,157,78
115000130,315,1369,-1054
115000131,459,276,183
115000132,138,616,-478
115000133,286,452,-166
115000134,295,210,85
115000135,142,277,-135
115000136,160,198,-38
115000137,128,208,-80
115000138,115,256,-141
115000139,145,316,-171
115000140,107,259,-152
115000141,114,441,-327
115000142,65,430,-365
115000143,256,512,-256
115000144,303,104,199
115000145,172,620,-448
115000146,199,199,0
115000147,343,637,-294
115000148,372,1932,-1560
115000149,310,195,115
115000150,602,1769,-1167
115000151,451,499,-48
115000152,452,2104,-1652
115000153,560,516,44
115000154,372,337,35
115000155,371,1481,-1110
115000156,867,672,195
115000157,1100,1127,-27
115000158,708,383,325
115000159,736,424,312
115000160,701,660,41
115000161,573,672,-99
115000162,708,448,260
115000163,696,617,79
115000164,569,487,82
115000165,331,297,34
115000167,62,52,10
115000168,664,275,389
115000169,722,409,313
115000170,87,159,-72
115000171,212,131,81
115000172,2240,571,1669
115000173,340,252,88
115000174,41,194,-153
115000175,66,62,4
115000176,223,51,172
115000177,213,69,144
115000178,8,363,-355
115000179,18,18,0
115000180,84,949,-865
115000181,224,105,119
115000182,335,500,-165
115000183,158,1355,-1197
115000186,437,303,134
115000187,162,784,-622
115000188,406,497,-91
115000189,258,452,-194
115000190,659,541,118
115000191,222,499,-277
115000194,142,123,19
115000195,245,170,75
115000196,27,141,-114
115000197,105,544,-439
115000198,112,267,-155
115000199,167,422,-255
115000200,260,122,138
115000201,72,450,-378
115000206,147,79,68
115000207,39,421,-382
115000208,600,716,-116
115000209,378,170,208
115000210,73,93,-20
115000211,233,269,-36
115000212,1669,392,1277
115000224,110,52,58
115000225,136,50,86
115000229,266,170,96
115000230,77,474,-397
115000231,281,3275,-2994
115000232,750,413,337
115000233,78,258,-180
115000234,12,269,-257
115000241,52,365,-313
115000242,60,320,-260
115000243,13,276,-263
115000244,2,84,-82
115000246,33,20,13
115000247,15,8,7
115000248,17,0,17
115000249,16,11,5
115000250,149,46,103
115000251,76,178,-102
115000252,42,179,-137
115000253,10,187,-177
115000258,93,194,-101
115000259,297,157,140
115000261,11,23,-12
115000262,1,21,-20
115000263,4,31,-27
115000264,10,44,-34
115000267,33,68,-35
115000268,26,124,-98
115000269,123,65,58
115000270,0,21,-21
115000272,44,164,-120
115000273,245,37,208
115000280,3747,86,3661
115000281,1056,160,896
115000282,1574,491,1083
115000284,352,71,281
115000296,462,8,454
115000297,93,49,44
115000298,37,126,-89
115000300,50,241,-191
115000302,146,288,-142
115000303,248,213,35
115000304,322,128,194
115000305,64,1502,-1438
115000306,58,736,-678
115000307,49,385,-336
115000308,89,25,64
115000309,9,10,-1
115000310,494,1743,-1249
115000311,353,1646,-1293
115000313,68,1055,-987
115000314,186,54,132
115000315,1544,254,1290
115000316,16,57,-41
115000317,163,739,-576
115000318,566,255,311
115000319,49,301,-252
115000320,10,199,-189
115000321,540,11,529
115000322,34,289,-255
115000449,404,133,271
115000557,0,447,-447
115000558,186,88,98
115000587,236,421,-185
115000588,2374,4925,-2551
115000589,2515,2763,-248
115000590,985,1897,-912
115000591,1554,879,675
115000592,791,1692,-901
115000593,1333,579,754
115000594,1097,1621,-524
115000609,65,119,-54
115000617,2254,1380,874
115000624,121,122,-1
115000633,387,1914,-1527
115000634,2654,847,1807
115000635,241,140,101
115000638,1546,884,662
115000641,98,94,4
115000642,369,261,108
115000643,83,504,-421
115000644,101,454,-353
115000646,628,1045,-417
115000647,135,502,-367
115000648,877,1967,-1090
115000893,4205,977,3228
115000894,69,1389,-1320
115000895,266,947,-681
115000896,782,344,438
115000897,496,81,415
115000898,864,187,677
115000899,1160,969,191
115000900,119,338,-219
115000901,55,86,-31
115000912,161,71,90
115000913,1,52,-51
115000915,31,2,29
115000916,1,0,1
115000917,0,4,-4
115000918,97,168,-71
115000919,16,5,11
115000920,5,35,-30
115000921,1567,77,1490
115000922,1034,463,571
115000923,527,791,-264
115000925,48,91,-43
115000927,10,27,-17
115000933,277,110,167
115000934,75,222,-147
115000935,62,113,-51
115000936,33,222,-189
115000937,964,104,860
115000938,136,72,64
115000939,72,79,-7
115900001,31,78,-47
115900002,92,213,-121
115900003,73,155,-82
115900004,0,69,-69
115900005,67,4,63
115900006,80,481,-401
115900008,15,13,2
115900009,54,348,-294
115900010,108,273,-165
115900011,228,354,-126
115900012,37,108,-71
115900013,385,190,195
115900014,92,182,-90
115900015,33,152,-119
115900016,58,21,37
115900017,5,0,5
115900018,230,87,143
115900019,651,29,622
115900020,8,0,8
115900021,2115,122,1993
115900022,2650,14,2636
115900023,9,2,7
115900025,102,193,-91
115900026,888,406,482
115900027,0,518,-518
115900028,604,67,537
115900029,7,649,-642
115900030,47,3,44
115900031,462,113,349
115900032,380,763,-383
115900033,0,45,-45
115900034,16,748,-732
115900035,34,267,-233
115900036,293,252,41
115900037,19,589,-570
115900038,18,12,6
115900039,86,396,-310
115900041,261,294,-33
115900042,5,2,3
115900043,26,219,-193
115900044,200,234,-34
115900046,110,302,-192
115900047,57,45,12
115900049,107,239,-132
115900051,1,105,-104
115900052,14,355,-341
115900053,44,301,-257
115900054,59,85,-26
115900055,11,178,-167
115900056,95,477,-382
115900057,12,1,11
115900058,41,97,-56
115900060,52,138,-86
115900061,87,0,87
115900062,14,381,-367
115900063,38,13,25
115900064,147,293,-146
115900065,30,156,-126
115900066,170,212,-42
115900067,5,1067,-1062
115900068,4451,103,4348
115900069,87,234,-147
115900070,58,330,-272
115900071,2,785,-783
115900072,75,237,-162
115900073,37,30,7
115900074,5,420,-415
115900075,13,446,-433
115900076,3,119,-116
115900077,14,425,-411
115900078,32,140,-108
115900079,62,12,50
115900080,349,213,136
115900081,7,129,-122
115900082,137,148,-11
115900084,158,86,72
115900085,54,35,19
115900086,1774,472,1302
115900088,21,22,-1
115900089,99,949,-850
115900090,141,27,114
115900091,4,27,-23
115900092,33,318,-285
115900093,2,48,-46
115900094,5,529,-524
115900096,0,19,-19
115900097,14,645,-631
115900098,63,567,-504
115900099,58,109,-51
115900100,5,667,-662
115900101,95,491,-396
115900102,7,108,-101
115900103,147,314,-167
115900104,16,216,-200
115900105,50,859,-809
115900106,12,8,4
115900107,15,226,-211
115900108,47,36,11
115900109,56,459,-403
115900110,0,8,-8
115900111,2,90,-88
115900112,26,1096,-1070
115900113,30,20,10
115900114,4,170,-166
115900115,30,139,-109
115900116,94,1124,-1030
115900117,33,8,25
115900118,3,477,-474
115900119,80,79,1
115900120,18,484,-466
115900121,76,297,-221
115900124,146,351,-205
115900125,112,51,61
115900126,294,50,244
115900127,347,35,312
115900128,13,46,-33
115900129,460,19,441
115900130,31,147,-116
115900131,158,19,139
115900132,175,6,169
115900134,121,12,109
115900135,521,413,108
115900137,2,5,-3
115900139,108,79,29
115900140,186,10,176
115900141,9,70,-61
115900142,3,6,-3
115900143,201,282,-81
115900144,28,222,-194
115900146,8,217,-209
115900147,160,226,-66
115900148,9,21,-12
115900149,8,29,-21
115900150,25,72,-47
115900151,16,75,-59
115900152,33,502,-469
115900153,50,278,-228
115900154,720,325,395
115900155,0,105,-105
115900156,403,749,-346
115900157,51,380,-329
115900158,23,7,16
115900159,34,308,-274
115900160,3,4,-1
115900161,41,226,-185
115900163,78,146,-68
115900164,134,30,104
115900165,3,108,-105
115900166,172,281,-109
115900168,41,181,-140
115900171,53,414,-361
115900172,23,161,-138
115900173,151,186,-35
115900174,279,254,25
115900175,41,240,-199
115900178,4,915,-911
115900179,72,14,58
115900180,40,361,-321
115900181,39,315,-276
115900182,130,386,-256
115900183,162,29,133
115900184,1772,36,1736
115900187,4,94,-90
115900189,0,74,-74
115900190,550,461,89
115900191,55,517,-462
115900192,9,66,-57
115900193,108,33,75
115900194,246,20,226
115900195,490,886,-396
115900198,154,232,-78
115900199,138,287,-149
115900200,244,280,-36
115900201,419,166,253
115900202,1,11,-10
115900203,2,3,-1
115900204,0,3,-3
115900205,43,14,29
115900206,38,167,-129
115900207,23,22,1
115900208,39,396,-357
115900209,2,145,-143
115900210,3,188,-185
115900211,4,211,-207
115900212,47,315,-268
115900213,44,24,20
115900214,142,272,-130
115900215,9,37,-28
115900216,4,79,-75
115900217,4,71,-67
115900218,1,57,-56
115900219,26,5,21
115900220,42,12,30
115900221,26,5,21
115900222,19,9,10
115900223,21,64,-43
115900224,1874,352,1522
115900225,94,18,76
115900226,29,49,-20
115900227,3,35,-32
115900228,5,45,-40
115900229,7,66,-59
115900230,40,94,-54
115900231,65,3,62
115900232,16,1,15
115900233,56,7,49
115900234,24,13,11
115900235,7,22,-15
115900236,25,18,7
115900237,4,27,-23
115900238,12,25,-13
115900239,1,25,-24
115900240,5,69,-64
115900241,46,77,-31
115900242,165,167,-2
115900243,8,3,5
115900244,5,8,-3
115900245,15,17,-2
115900246,3,1,2
115900247,2,4,-2
115900248,4,2,2
115900249,0,8,-8
115900250,1,0,1
115900251,0,2,-2
115900252,0,1,-1
115900253,4,2,2
115900254,12,7,5
115900255,1,10,-9
115900256,25,10,15
115900257,0,2,-2
115900258,0,3,-3
115900259,5,2,3
115900260,13,2,11
115900261,6,4,2
115900262,4,0,4
115900263,0,4,-4
115900264,8,11,-3
115900265,4,2,2
115900266,2,4,-2
115900267,4,3,1
115900268,1,7,-6
115900269,199,476,-277
115900270,170,882,-712
115900271,24,0,24
115900272,8,1,7
115900273,2,9,-7
115900274,2,11,-9
115900275,0,41,-41
115900276,1,114,-113
115900277,0,206,-206
115900278,11,115,-104
115900279,3,165,-162
115900280,15,177,-162
115900281,586,129,457
115900282,18,4,14
115900283,3,4,-1
115900284,4,11,-7
116000001,23859,5860,17999
116000002,4545,5492,-947
116000003,1566,2157,-591
116000004,1271,1875,-604
116000005,2705,3757,-1052
116000006,1515,1030,485
116000007,5159,4944,215
116000008,5565,1544,4021
116000009,1995,3348,-1353
116000010,1278,922,356
116000011,816,2179,-1363
116000012,603,554,49
116000013,19839,5037,14802
116000014,24506,6239,18267
116000015,672,955,-283
116000016,10023,1947,8076
116000017,22,443,-421
116000018,880,414,466
116000019,1057,292,765
116000020,522,1488,-966
116000021,155,280,-125
116000022,352,607,-255
116000023,516,526,-10
116000024,980,1761,-781
116000025,591,588,3
116000026,1820,2852,-1032
116000027,437,606,-169
116000028,315,562,-247
116000029,1184,575,609
116000030,355,350,5
116000031,166,231,-65
116000032,340,362,-22
116000033,227,649,-422
116000034,465,1046,-581
116000035,314,675,-361
116000036,1933,541,1392
116000037,610,517,93
116000038,578,332,246
116000039,739,326,413
116000040,883,410,473
116000041,353,688,-335
116000042,345,275,70
116000043,91,457,-366
116000044,10,73,-63
116000045,1250,1100,150
116000046,1076,790,286
116000047,1943,1717,226
116000048,2001,1699,302
116000049,702,1959,-1257
116000050,1148,1490,-342
116000051,2112,1883,229
116000052,2740,3465,-725
116000053,1345,1187,158
116000054,503,2684,-2181
116000055,312,1844,-1532
116000056,468,973,-505
116000057,3206,2691,515
116000058,3097,2001,1096
116000059,2530,3673,-1143
116000060,3750,943,2807
116000061,418,812,-394
116000062,604,321,283
116000063,531,1129,-598
116000066,113,312,-199
116000067,292,757,-465
116000068,112,183,-71
116000069,256,590,-334
116000078,189,881,-692
116000080,1049,1179,-130
116000082,18,170,-152
116000083,994,369,625
116000084,2552,4510,-1958
116000085,1516,1030,486
116000086,2192,1474,718
116000087,923,1094,-171
116000088,782,1657,-875
116000089,127,109,18
116000090,127,169,-42
116000091,290,102,188
116000093,1607,887,720
116000094,391,796,-405
116000095,524,763,-239
116000096,477,1457,-980
116000097,385,826,-441
116000098,317,4857,-4540
116000099,10908,335,10573
116000100,64,4,60
116000101,307,2094,-1787
116000102,199,1684,-1485
116000103,334,215,119
116000104,173,1905,-1732
116000105,423,217,206
116000106,431,1336,-905
116000107,1599,470,1129
116000108,235,192,43
116000111,41,41,0
116000113,150,54,96
116000114,43,159,-116
116000115,155,63,92
116000116,200,718,-518
116000117,824,2059,-1235
116000118,977,1843,-866
116000119,1470,1613,-143
116000120,2356,5755,-3399
116000121,491,421,70
116000122,1387,3106,-1719
116000123,501,392,109
116000124,338,1577,-1239
116000125,1209,488,721
116000126,296,1782,-1486
116000127,1003,1861,-858
116000128,1055,697,358
116000129,507,206,301
116000130,215,237,-22
116000133,367,1076,-709
116000134,1113,3346,-2233
116000135,1039,1195,-156
116000136,970,2857,-1887
116000137,504,464,40
116000138,1657,466,1191
116000139,1614,2567,-953
116000140,67,281,-214
116000141,346,1337,-991
116000142,4595,4812,-217
116000143,2064,1408,656
116000144,1105,3708,-2603
116000145,1316,1624,-308
116000146,251,501,-250
116000147,170,103,67
116000148,257,398,-141
116000149,321,570,-249
116000151,435,1203,-768
116000153,68,383,-315
116000155,166,214,-48
116000156,1985,1511,474
116000157,25,33,-8
116000158,335,507,-172
116000159,15,4,11
116000160,15,166,-151
116000161,11,127,-116
116000162,68,46,22
116000163,8,6,2
116000164,3,12,-9
116000177,297,104,193
116000194,34,536,-502
116000195,1340,593,747
116000196,2,2,0
116000197,0,0,0
116000198,2707,1130,1577
116000200,869,228,641
116000201,536,700,-164
116000202,5,405,-400
116000203,5,94,-89
116000204,5,25,-20
116000205,0,164,-164
116000206,2,103,-101
116000207,0,34,-34
116000233,139,1022,-883
116000287,68,644,-576
116000288,65,309,-244
116000292,62,93,-31
116000296,9,454,-445
116000297,69,7,62
116000304,40,37,3
116000305,6,130,-124
116000346,88,254,-166
116000352,64,155,-91
116000354,14,67,-53
116000357,5,58,-53
116000358,105,39,66
116000361,112,0,112
116000372,11352,2144,9208
116000381,33,1,32
116000388,1,46,-45
116000389,542,481,61
116000445,153,1003,-850
116000446,156,1275,-1119
116000447,8,548,-540
116000448,564,271,293
116000563,1020,640,380
116000565,67,576,-509
116000568,61,161,-100
116000579,23,142,-119
116000584,6,21,-15
116000585,9,14,-5
116000586,257,86,171
116000587,280,627,-347
116000589,19,119,-100
116000590,47,42,5
116000591,59,335,-276
116000592,24,212,-188
116000593,0,62,-62
116000594,216,749,-533
116000595,331,190,141
116000596,27,6,21
116000597,116,58,58
116000598,23,261,-238
116000602,114,241,-127
116000605,221,170,51
116000606,20,148,-128
116000607,0,14,-14
116000609,189,533,-344
116000611,56,701,-645
116000612,473,1868,-1395
116000613,219,381,-162
116000614,427,1031,-604
116000615,2,111,-109
116000616,16,157,-141
116000617,52,155,-103
116000618,1,203,-202
116000619,7,67,-60
116000620,45,39,6
116000621,10,75,-65
116000622,31,138,-107
116000624,55,93,-38
116000627,5,43,-38
116000628,9,1073,-1064
116000629,9,739,-730
116000630,124,141,-17
116000631,35,114,-79
116000632,131,602,-471
116000633,14,853,-839
116000634,132,39,93
116000635,2945,1290,1655
116000636,1517,880,637
116000637,96,18,78
116000638,1,725,-724
116900001,146,107,39
116900002,241,2,239
116900003,16,114,-98
116900004,35,36,-1
116900005,95,55,40
116900006,170,195,-25
116900007,114,198,-84
116900008,150,638,-488
116900009,11,3,8
116900010,4,1960,-1956
116900011,9,53,-44
116900012,117,267,-150
116900013,4,299,-295
116900014,32,477,-445
116900015,103,86,17
116900016,91,2,89
116900017,1,901,-900
116900018,22,16,6
116900019,3,462,-459
116900020,2335,306,2029
116900023,36,9,27
116900024,298,64,234
116900025,331,1433,-1102
116900026,202,828,-626
116900027,13,40,-27
116900028,1,149,-148
116900029,0,13,-13
116900031,0,16,-16
116900032,0,509,-509
116900033,2,6,-4
116900034,3,67,-64
116900035,60,254,-194
116900036,0,145,-145
116900038,21,1,20
116900041,49,20,29
116900042,1167,262,905
116900043,2,84,-82
116900047,100,45,55
116900049,50,316,-266
116900050,72,542,-470
116900051,40,388,-348
116900052,170,89,81
116900055,0,6,-6
116900057,13,395,-382
116900058,22,452,-430
116900059,1,266,-265
116900060,123,333,-210
116900062,0,7,-7
116900064,40,1323,-1283
116900065,3,92,-89
116900067,70,178,-108
116900068,121,624,-503
116900070,0,2,-2
116900072,9,603,-594
116900073,8,261,-253
116900074,4,56,-52
116900076,10,19,-9
116900077,3,262,-259
116900078,189,130,59
116900079,6,506,-500
116900080,9,25,-16
116900081,318,1602,-1284
116900082,194,1269,-1075
116900083,35,81,-46
116900084,145,63,82
116900085,41,186,-145
116900086,28,271,-243
116900088,487,68,419
116900090,157,61,96
116900091,83,131,-48
116900092,60,964,-904
116900093,2070,1562,508
116900094,8776,2216,6560
116900095,142,249,-107
116900096,91,85,6
116900097,4615,1520,3095
116900098,1089,201,888
116900099,591,353,238
116900100,342,18,324
116900101,242,1009,-767
116900103,5,3,2
116900104,13,66,-53
116900105,221,45,176
116900106,715,658,57
116900107,5471,1108,4363
116900110,6,0,6
116900111,109,1699,-1590
116900112,133,1103,-970
116900113,3767,756,3011
116900116,145,244,-99
116900117,11,117,-106
116900118,1351,562,789
116900120,97,135,-38
116900121,31,46,-15
116900122,274,1108,-834
116900123,71,1230,-1159
116900124,145,876,-731
116900125,109,303,-194
116900126,283,556,-273
116900128,1,51,-50
116900129,2,400,-398
116900130,1376,1831,-455
116900131,62,186,-124
116900132,22,78,-56
116900133,65,84,-19
116900134,141,243,-102
116900136,179,143,36
116900137,230,188,42
116900138,133,254,-121
116900139,91,447,-356
116900140,141,216,-75
116900141,324,351,-27
116900142,6,26,-20
116900143,158,587,-429
116900144,19,51,-32
116900145,98,380,-282
116900147,574,260,314
116900148,2,29,-27
116900149,18,129,-111
116900150,8,7,1
116900151,121,19,102
116900153,40,75,-35
116900154,708,186,522
116900155,54,60,-6
116900157,182,335,-153
116900158,33,74,-41
116900159,22,176,-154
116900160,622,264,358
116900161,11372,3863,7509
116900162,3,203,-200
116900163,45,177,-132
116900164,24,31,-7
116900165,100,93,7
116900166,3,116,-113
116900167,188,57,131
116900168,85,125,-40
116900169,481,190,291
116900170,132,227,-95
116900171,33,320,-287
116900172,206,64,142
116900173,82,68,14
116900174,16,14,2
116900175,98,105,-7
116900178,11,241,-230
116900179,69,79,-10
116900180,96,27,69
116900182,194,221,-27
116900183,112,89,23
116900185,23,17,6
116900186,69,475,-406
116900187,18,16,2
116900188,78,6,72
116900189,38,0,38
116900191,239,365,-126
116900192,195,197,-2
116900194,31,444,-413
116900195,34,9,25
116900196,43,191,-148
116900197,33,2,31
116900198,354,100,254
116900200,14,32,-18
116900201,32,17,15
116900202,167,86,81
116900203,64,3,61
116900204,20,48,-28
116900206,3,30,-27
116900207,14,24,-10
116900208,9,247,-238
116900209,10,188,-178
116900210,305,202,103
116900211,192,12,180
116900212,19,90,-71
116900213,143,201,-58
116900214,60,156,-96
116900215,27,78,-51
116900216,147,456,-309
116900218,40,386,-346
116900219,878,420,458
116900220,50,232,-182
116900221,42,278,-236
116900222,359,308,51
116900223,82,202,-120
116900226,16,73,-57
116900227,94,90,4
116900228,124,405,-281
116900230,36,448,-412
116900231,18,669,-651
116900232,8,734,-726
116900233,90,80,10
116900234,9,9,0
116900235,107,487,-380
116900238,1339,346,993
116900239,59,735,-676
116900240,7623,2162,5461
116900241,19,210,-191
116900242,461,171,290
116900243,1,152,-151
116900245,28,20,8
116900246,22,7,15
116900247,194,11,183
116900248,48,32,16
116900249,129,173,-44
116900250,112,37,75
116900251,566,177,389
116900252,54,1171,-1117
116900253,36,75,-39
116900254,3,112,-109
116900255,77,10,67
116900256,135,85,50
116900257,7,847,-840
116900258,1,442,-441
116900259,28,6,22
116900260,1,174,-173
116900261,13,0,13
116900262,55,129,-74
116900263,0,4,-4
116900264,1,3,-2
116900265,7,0,7
116900266,5,89,-84
116900267,0,2,-2
116900268,13,26,-13
116900269,250,518,-268
116900271,3173,64,3109
116900272,556,654,-98
116900273,304,38,266
116900274,30,97,-67
116900275,69,200,-131
116900276,1685,39,1646
116900277,849,17,832
116900278,10,12,-2
116900279,0,34,-34
116900280,10,36,-26
116900281,9957,1780,8177
116900282,1,192,-191
116900283,16,148,-132
116900284,46,270,-224
116900285,366,123,243
116900286,256,12,244
116900287,2,110,-108
116900288,31,169,-138
116900289,6,45,-39
116900290,1,50,-49
116900291,3,13,-10
116900292,0,3,-3
116900293,7,80,-73
116900294,38,121,-83
116900295,103,69,34
116900296,54,98,-44
116900297,2,78,-76
116900298,110,34,76
116900299,50,84,-34
116900300,20,360,-340
116900301,73,90,-17
116900302,47,41,6
116900303,588,33,555
116900304,1,136,-135
116900305,24,43,-19
116900306,31,97,-66
117000001,1046,1186,-140
117000002,1413,4801,-3388
117000003,6479,2984,3495
117000004,4912,6366,-1454
117000005,1143,1417,-274
117000006,979,5401,-4422
117000007,1943,1378,565
117000008,1400,5042,-3642
117000009,4195,1602,2593
117000010,2853,5176,-2323
117000011,1180,2422,-1242
117000012,1177,2313,-1136
117000013,874,1594,-720
117000014,704,2984,-2280
117000015,3294,1439,1855
117000016,484,57,427
117000017,440,203,237
117000018,258,374,-116
117000019,239,1,238
117000020,971,1069,-98
117000021,4467,415,4052
117000022,554,47,507
117000023,534,121,413
117000024,607,56,551
117000025,890,714,176
117000026,2953,720,2233
117000027,5691,1159,4532
117000028,5726,618,5108
117000030,1154,635,519
117000031,446,155,291
117000032,2294,1668,626
117000033,1056,830,226
117000034,338,379,-41
117000035,265,194,71
117000036,368,341,27
117000037,203,205,-2
117000038,306,456,-150
117000039,298,340,-42
117000040,108,1716,-1608
117000041,460,112,348
117000044,24,1462,-1438
117000045,274,46,228
117000046,387,932,-545
117000047,554,534,20
117000048,2341,1752,589
117000049,140,449,-309
117000050,123,3350,-3227
117000051,1189,229,960
117000052,3,803,-800
117000053,119,81,38
117000054,1201,9,1192
117000055,21,4310,-4289
117000056,453,9,444
117000057,776,2476,-1700
117000060,414,2620,-2206
117000061,1087,713,374
117000062,209,654,-445
117000063,1285,711,574
117000064,899,909,-10
117000066,1429,971,458
117000067,75,321,-246
117000074,171,161,10
117000076,86,43,43
117000077,129,80,49
117000078,95,681,-586
117000079,209,210,-1
117000080,1,407,-406
117000081,602,135,467
117000082,22,55,-33
117000083,89,6,83
117000084,370,3,367
117000085,166,616,-450
117000086,1361,790,571
117000087,90,536,-446
117000088,214,217,-3
117000089,1066,350,716
117000090,231,1726,-1495
117000091,454,400,54
117000092,299,2165,-1866
117000093,639,753,-114
117000094,577,3226,-2649
117000095,1749,891,858
117000096,477,3184,-2707
117000097,887,1281,-394
117000098,2996,7353,-4357
117000099,1702,950,752
117000100,137,157,-20
117000101,204,1929,-1725
117000102,922,458,464
117000103,956,2232,-1276
117000104,943,519,424
117000105,788,2507,-1719
117000106,761,914,-153
117000107,505,3205,-2700
117000108,1010,885,125
117000109,1849,3821,-1972
117000110,1067,632,435
117000111,3537,5443,-1906
117000112,2139,2365,-226
117000113,122,494,-372
117000114,125,188,-63
117000115,41,209,-168
117000116,74,332,-258
117000117,1597,456,1141
117000118,211,183,28
117000119,143,47,96
117000120,551,83,468
117000121,399,349,50
117000122,787,782,5
117000123,2207,25,2182
117000124,1286,28,1258
117000125,454,69,385
117000126,44,85,-41
117000127,192,409,-217
117000128,487,639,-152
117000129,820,320,500
117000130,71,1,70
117000131,0,266,-266
117000132,1108,17,1091
117000133,421,177,244
117000134,1,57,-56
117000135,8,34,-26
117000136,1,44,-43
117000137,26,44,-18
117000138,2,774,-772
117000140,396,2231,-1835
117000141,1048,582,466
117000181,1393,437,956
117000182,240,208,32
117000195,203,1709,-1506
117000196,138,39,99
117000225,150,6,144
117000226,15,146,-131
117000276,79,6,73
117000277,1,642,-641
117000310,2800,3076,-276
117000315,26,622,-596
117000320,40,0,40
117000906,104,8,96
117000907,10,537,-527
117000908,130,15,115
117000909,87,32,55
117000910,183,141,42
117000911,143,330,-187
117000915,11,753,-742
117000916,29,1,28
117000917,505,15,490
117000918,17,45,-28
117000919,29,166,-137
117000920,8,1948,-1940
117000921,10,2511,-2501
117000922,52,187,-135
117000924,255,685,-430
117000926,1807,103,1704
117000927,3235,298,2937
117000928,2,338,-336
117000929,129,621,-492
117000930,55,11,44
117000931,1262,55,1207
117900002,140,399,-259
117900003,1177,464,713
117900005,19,11,8
117900006,0,55,-55
117900007,82,200,-118
117900008,0,60,-60
117900010,197,204,-7
117900011,32,35,-3
117900012,44,237,-193
117900013,3,541,-538
117900014,227,293,-66
117900015,16,302,-286
117900016,1842,405,1437
117900017,301,543,-242
117900018,320,43,277
117900019,289,738,-449
117900020,77,243,-166
117900021,21,120,-99
117900022,13,19,-6
117900023,876,128,748
117900024,70,189,-119
117900025,17,24,-7
117900026,211,540,-329
117900028,38,2,36
117900029,101,1163,-1062
117900030,234,211,23
117900031,132,103,29
117900032,506,342,164
117900033,114,1298,-1184
117900034,31,69,-38
117900035,86,58,28
117900036,132,990,-858
117900037,43,220,-177
117900038,23,637,-614
117900039,9,111,-102
117900040,103,878,-775
117900041,5,78,-73
117900042,6243,531,5712
117900043,36,65,-29
117900044,21,2088,-2067
117900045,131,117,14
117900048,95,439,-344
117900049,69,845,-776
117900050,1,16,-15
117900051,19,2,17
117900052,91,282,-191
117900053,612,817,-205
117900054,2,25,-23
117900055,96,125,-29
117900056,748,32,716
117900057,877,1498,-621
117900058,163,8,155
117900059,274,62,212
117900060,681,7267,-6586
117900061,23,192,-169
117900063,147,243,-96
117900065,935,1514,-579
117900066,10,31,-21
117900067,230,490,-260
117900069,420,599,-179
117900070,221,7,214
117900071,58,163,-105
117900073,185,563,-378
117900074,111,8,103
117900075,29,84,-55
117900076,26,63,-37
117900077,142,159,-17
117900078,252,367,-115
117900080,115,67,48
117900081,592,571,21
117900082,208,167,41
117900083,218,890,-672
117900086,61,65,-4
117900087,40,64,-24
117900088,3067,2077,990
117900089,1081,300,781
117900090,168,1211,-1043
117900091,223,188,35
117900092,23,46,-23
117900093,24,76,-52
117900094,19,7,12
117900095,124,879,-755
117900096,37,320,-283
117900097,257,59,198
117900098,13,2,11
117900099,126,714,-588
117900100,108,0,108
117900101,343,909,-566
117900102,34,36,-2
117900103,18,0,18
117900104,8,225,-217
117900105,150,296,-146
117900106,51,52,-1
117900107,14,1,13
117900109,270,314,-44
117900110,39,0,39
117900111,128,10,118
117900112,24,13,11
117900113,5134,1647,3487
117900114,4,0,4
117900115,388,38,350
117900116,1010,969,41
117900117,315,395,-80
117900118,21,0,21
117900119,55,398,-343
117900120,90,99,-9
117900121,67,52,15
117900122,1463,1520,-57
117900123,582,956,-374
117900124,776,699,77
117900125,1144,729,415
117900126,323,749,-426
117900127,303,883,-580
117900128,238,1195,-957
117900129,21,0,21
117900130,748,348,400
117900131,2,142,-140
117900132,2,152,-150
117900133,3,206,-203
117900134,61,282,-221
117900135,12,405,-393
117900136,0,77,-77
117900137,18,471,-453
117900138,0,76,-76
117900139,36,169,-133
117900140,6984,162,6822
117900141,269,320,-51
117900142,34,5,29
117900144,86,96,-10
117900145,66,14,52
117900146,195,107,88
117900147,21,70,-49
117900148,4012,952,3060
117900149,27,225,-198
117900150,24,144,-120
117900151,15,154,-139
117900152,72,101,-29
117900153,7,112,-105
117900154,293,810,-517
117900156,772,757,15
117900157,63,484,-421
117900158,140,100,40
117900160,354,309,45
117900161,2989,2928,61
117900162,129,443,-314
117900163,66,18,48
117900165,0,7,-7
117900166,81,246,-165
117900168,36,246,-210
117900169,1,150,-149
117900170,0,38,-38
117900171,3,30,-27
117900172,19,58,-39
117900173,198,79,119
117900174,31,73,-42
117900175,1,42,-41
117900176,9,64,-55
117900177,4,71,-67
117900178,96,40,56
117900180,361,27,334
117900181,265,258,7
117900182,4,21,-17
117900183,30,225,-195
117900184,2,78,-76
117900185,12,25,-13
117900186,22,22,0
117900187,29,3,26
117900188,283,26,257
117900189,52,8,44
117900190,13,0,13
117900191,27,1,26
117900192,126,1,125
117900193,5,68,-63
117900194,6,1,5
117900195,18,31,-13
117900196,9,19,-10
117900207,127,72,55
117900208,13,59,-46
117900209,190,144,46
117900210,140,151,-11
117900211,6,284,-278
117900212,97,181,-84
117900213,4,20,-16
117900214,7,52,-45
117900215,7,47,-40
117900216,71,11,60
117900217,256,45,211
117900218,328,178,150
117900219,5,68,-63
117900220,141,77,64
117900222,138,318,-180
117900223,112,160,-48
118000001,776,426,350
118000002,1642,2339,-697
118000003,1486,1137,349
118000004,3132,2515,617
118000005,6705,1932,4773
118000006,9750,8818,932
118000007,9587,2301,7286
118000008,7909,3377,4532
118000009,2312,3711,-1399
118000010,4989,4849,140
118000011,649,3586,-2937
118000012,1050,3540,-2490
118000013,3725,3631,94
118000014,2389,4056,-1667
118000016,240,787,-547
118000017,158,420,-262
118000018,315,1024,-709
118000019,1786,1275,511
118000020,1218,1534,-316
118000021,826,1878,-1052
118000022,2069,578,1491
118000023,1136,274,862
118000024,2228,655,1573
118000027,21589,5480,16109
118000029,1486,694,792
118000032,1831,1608,223
118000033,3135,2384,751
118000034,5878,2163,3715
118000035,1831,1755,76
118000036,1493,1095,398
118000037,665,1094,-429
118000038,139,165,-26
118000039,86,587,-501
118000040,1723,2502,-779
118000041,1955,1652,303
118000045,1160,193,967
118000046,2550,628,1922
118000047,1961,582,1379
118000048,5356,1443,3913
118000051,3683,844,2839
118000052,2515,559,1956
118000053,1387,755,632
118000054,3652,1770,1882
118000055,3165,1686,1479
118000056,497,336,161
118000057,814,349,465
118000058,4188,1356,2832
118000059,1988,804,1184
118000060,1001,897,104
118000061,1311,1530,-219
118000062,418,254,164
118000063,468,450,18
118000064,1292,1226,66
118000065,6801,1800,5001
118000066,1083,956,127
118000067,2057,1208,849
118000068,2672,3134,-462
118000069,4232,1667,2565
118000070,11026,1670,9356
118000071,5995,4881,1114
118000072,3194,1143,2051
118000073,4153,578,3575
118000074,485,395,90
118000075,1167,346,821
118000076,1420,1177,243
118000077,1594,1223,371
118000078,2002,1886,116
118000079,333,366,-33
118000080,1218,875,343
118000081,1257,1101,156
118000082,358,757,-399
118000083,2991,1175,1816
118000084,3201,1583,1618
118000086,171,581,-410
118000087,8313,2647,5666
118000088,2234,2007,227
118000089,4582,3345,1237
118000090,2730,2459,271
118000091,2124,1853,271
118000092,1476,329,1147
118000093,146,697,-551
118000096,456,537,-81
118000097,530,497,33
118000098,232,254,-22
118000099,287,1294,-1007
118000101,578,400,178
118000102,310,2138,-1828
118000107,4221,473,3748
118000108,600,1073,-473
118000110,0,35,-35
118000111,0,853,-853
118000112,146,0,146
118000113,10,1299,-1289
118000114,142,0,142
118000115,18,2,16
118000116,41,1,40
118000117,1224,1021,203
118000118,782,630,152
118000119,917,1080,-163
118000120,1500,1766,-266
118000121,78,496,-418
118000122,980,199,781
118000123,44,278,-234
118000125,1930,1545,385
118000126,718,1559,-841
118000127,1917,658,1259
118000128,825,1382,-557
118000129,737,270,467
118000130,3653,5400,-1747
118000131,799,1336,-537
118000132,1841,1485,356
118000133,401,406,-5
118000135,465,280,185
118000136,105,633,-528
118000137,687,68,619
118000138,262,1024,-762
118000139,150,99,51
118000140,2760,3352,-592
118000141,1631,2374,-743
118000142,1137,2670,-1533
118000143,1204,990,214
118000144,1876,1185,691
118000145,1561,3845,-2284
118000146,1022,2120,-1098
118000147,604,2274,-1670
118000148,254,1473,-1219
118000149,663,1382,-719
118000150,231,265,-34
118000151,253,560,-307
118000153,631,1305,-674
118000154,587,1631,-1044
118000155,724,1352,-628
118000156,2734,2307,427
118000157,341,360,-19
118000158,153,570,-417
118000159,20,63,-43
118000160,276,464,-188
118000161,263,1214,-951
118000162,1027,934,93
118000163,421,787,-366
118000164,2414,1445,969
118000168,2154,227,1927
118000169,1197,2320,-1123
118000170,4765,8577,-3812
118000171,199,729,-530
118000172,92,368,-276
118000173,794,1335,-541
118000175,223,340,-117
118000176,220,468,-248
118000177,140,551,-411
118000178,61,41,20
118000179,1860,749,1111
118000180,871,916,-45
118000181,768,374,394
118000182,256,398,-142
118000183,179,252,-73
118000184,382,1285,-903
118000185,1264,830,434
118000186,655,1014,-359
118000187,618,1168,-550
118000188,444,301,143
118000189,259,1031,-772
118000190,13,19,-6
118000191,13,32,-19
118000192,186,165,21
118000193,132,245,-113
118000194,2113,1208,905
118000195,1673,536,1137
118000196,454,131,323
118000197,502,94,408
118000198,728,369,359
118000199,1215,358,857
118000200,129,242,-113
118000201,523,356,167
118000202,100,61,39
118000203,2279,469,1810
118000204,149,178,-29
118000205,373,325,48
118000206,134,263,-129
118000207,0,150,-150
118000208,1173,1795,-622
118000209,1300,2306,-1006
118000210,17,38,-21
118000211,19,29,-10
118000213,1041,864,177
118000214,716,331,385
118000215,264,406,-142
118000216,1315,4663,-3348
118000217,20,237,-217
118000218,36,159,-123
118000219,517,449,68
118000220,1,15,-14
118000221,66,242,-176
118000222,108,30,78
118000223,6,51,-45
118000224,265,166,99
118000225,70,1030,-960
118000226,635,115,520
118000227,1229,332,897
118000228,228,128,100
118000229,308,52,256
118000230,54,378,-324
118000231,50,247,-197
118000232,528,1278,-750
118000233,622,1111,-489
118000234,151,402,-251
118000236,321,510,-189
118000237,47,837,-790
118000238,87,332,-245
118000239,227,333,-106
118000240,596,79,517
118000241,95,385,-290
118000242,233,776,-543
118000243,84,213,-129
118000244,33,223,-190
118000246,0,10,-10
118000255,38,238,-200
118000256,54,272,-218
118000259,9,61,-52
118000260,135,114,21
118000261,24,144,-120
118000263,98,268,-170
118000266,107,510,-403
118000267,1,102,-101
118000268,225,3,222
118000270,29,43,-14
118000271,83,351,-268
118000272,55,57,-2
118000273,143,130,13
118000274,123,524,-401
118000276,177,397,-220
118000295,1,62,-61
118000298,152,611,-459
118000299,55,352,-297
118000301,0,44,-44
118000302,70,120,-50
118000311,121,143,-22
118000312,89,301,-212
118000313,36,217,-181
118000314,24,102,-78
118000315,34,88,-54
118000316,437,658,-221
118000325,19,138,-119
118000326,25,44,-19
118000331,12,88,-76
118000332,10,76,-66
118000333,17,97,-80
118000335,133,0,133
118000336,2,530,-528
118000407,39,81,-42
118000457,4,18,-14
118000465,4722,2777,1945
118000480,14,233,-219
118000489,58,128,-70
118000490,182,575,-393
118000492,166,212,-46
118000510,63,29,34
118000514,163,419,-256
118000515,662,379,283
118000517,472,175,297
118000524,866,204,662
118000525,1132,1202,-70
118000530,9,150,-141
118000531,154,343,-189
118000532,133,383,-250
118000533,280,177,103
118000534,459,541,-82
118000535,121,116,5
118000536,1121,431,690
118000537,16,54,-38
118000538,15,126,-111
118000539,16,88,-72
118000540,202,348,-146
118000541,93,155,-62
118000542,71,180,-109
118000543,225,265,-40
118000546,31,45,-14
118000560,4568,822,3746
118000562,13,528,-515
118000563,2237,1651,586
118000576,113,263,-150
118000577,172,154,18
118000578,110,107,3
118000579,803,985,-182
118000595,130,79,51
118000596,0,54,-54
118000597,117,170,-53
118000598,4,0,4
118000599,31,55,-24
118000600,3,50,-47
118000601,8,0,8
118000602,0,29,-29
118000603,0,34,-34
118900001,1413,646,767
118900002,1444,581,863
118900003,118,25,93
118900004,18,101,-83
118900005,61,4,57
118900006,44,7,37
118900007,9,7,2
118900008,1153,38,1115
118900009,15,19,-4
118900010,28,5,23
118900011,145,29,116
118900012,353,241,112
118900013,740,52,688
118900015,116,37,79
118900016,9,41,-32
118900017,122,117,5
118900018,1378,7,1371
118900019,48,8,40
118900020,93,108,-15
118900021,106,368,-262
118900022,58,137,-79
118900023,44,110,-66
118900024,41,209,-168
118900025,21,33,-12
118900026,33,127,-94
118900027,431,263,168
118900028,43,194,-151
118900029,112,571,-459
118900030,85,107,-22
118900031,76,135,-59
118900032,58,236,-178
118900033,411,984,-573
118900034,68,10,58
118900035,122,331,-209
118900036,628,813,-185
118900037,178,390,-212
118900038,205,398,-193
118900039,204,294,-90
118900040,156,188,-32
118900041,144,205,-61
118900042,119,130,-11
118900045,170,124,46
118900046,847,136,711
118900047,1017,211,806
118900048,98,194,-96
118900049,53,40,13
118900050,8,149,-141
118900051,33,60,-27
118900052,112,292,-180
118900053,42,94,-52
118900054,81,93,-12
118900055,20,205,-185
118900056,16,99,-83
118900057,215,274,-59
118900058,268,586,-318
118900059,14,86,-72
118900060,37,118,-81
118900062,57,221,-164
118900064,724,388,336
118900065,30,109,-79
118900066,36,114,-78
118900067,8691,2069,6622
118900068,3,112,-109
118900069,164,297,-133
118900071,4,49,-45
118900072,246,368,-122
118900073,30,99,-69
118900074,32,161,-129
118900075,21,79,-58
118900076,210,62,148
118900077,459,202,257
118900078,24,4,20
118900079,33,207,-174
118900080,12,79,-67
118900081,34,15,19
118900082,348,204,144
118900083,10,28,-18
118900084,14,15,-1
118900085,663,1074,-411
118900086,12,47,-35
118900087,9,147,-138
118900088,1,24,-23
118900089,30,19,11
118900090,377,578,-201
118900091,249,90,159
118900092,75,152,-77
118900093,104,11,93
118900096,21,8,13
118900097,160,858,-698
118900099,65,334,-269
118900100,107,248,-141
118900101,37,943,-906
118900102,15,68,-53
118900103,20,51,-31
118900104,53,179,-126
118900105,129,115,14
118900107,236,116,120
118900108,47,90,-43
118900110,1891,391,1500
118900111,172,846,-674
118900112,26,89,-63
118900113,72,792,-720
118900114,4,78,-74
118900115,73,355,-282
118900116,70,200,-130
118900117,60,203,-143
118900118,149,570,-421
118900119,73,322,-249
118900120,74,296,-222
118900121,5,339,-334
118900122,1,429,-428
118900123,89,255,-166
118900124,36,212,-176
118900126,4,270,-266
118900129,129,152,-23
118900130,39,72,-33
118900131,81,325,-244
118900132,318,193,125
118900133,23,73,-50
118900135,140,241,-101
118900136,154,1017,-863
118900137,0,17,-17
118900139,57,721,-664
118900140,394,1079,-685
118900141,83,352,-269
118900144,71,821,-750
118900145,33,205,-172
118900146,201,1073,-872
118900147,97,122,-25
118900148,30,60,-30
118900150,141,300,-159
118900152,349,1232,-883
118900157,75,106,-31
118900158,42,139,-97
118900159,3,321,-318
118900161,118,2,116
118900163,261,97,164
118900164,2,153,-151
118900165,17,413,-396
118900166,20,3,17
118900167,24,206,-182
118900168,4,61,-57
118900169,67,548,-481
118900170,42,137,-95
118900171,3,20,-17
118900174,31,45,-14
118900175,156,483,-327
118900176,41,224,-183
118900177,10,69,-59
118900178,8,114,-106
118900179,2,58,-56
118900181,79,131,-52
118900182,117,31,86
118900183,8,58,-50
118900184,160,34,126
118900185,63,122,-59
118900186,50,126,-76
118900187,103,290,-187
118900188,192,332,-140
118900189,36,552,-516
118900190,7,856,-849
118900191,65,34,31
118900192,79,22,57
118900193,126,7,119
118900195,425,1242,-817
118900196,18,249,-231
118900197,62,147,-85
118900198,3,76,-73
118900199,23,90,-67
118900200,12,7,5
118900201,12,8,4
118900202,10,85,-75
118900203,4,72,-68
118900204,7,94,-87
118900205,6,16,-10
118900206,2,29,-27
119000001,987,1361,-374
119000002,3224,3470,-246
119000003,1428,1948,-520
119000004,1535,1317,218
119000005,1529,1701,-172
119000006,1377,1539,-162
119000007,2632,3233,-601
119000008,1682,2823,-1141
119000009,4461,2591,1870
119000010,11698,4814,6884
119000011,7688,2093,5595
119000012,7556,3926,3630
119000013,2983,1446,1537
119000014,3450,4933,-1483
119000019,188,229,-41
119000020,1013,1454,-441
119000021,2554,2424,130
119000022,4916,1502,3414
119000023,305,203,102
119000024,2728,5993,-3265
119000025,15914,1839,14075
119000026,431,242,189
119000027,1028,537,491
119000028,3244,1618,1626
119000029,297,278,19
119000030,509,1697,-1188
119000031,675,954,-279
119000032,3091,2952,139
119000033,2126,2219,-93
119000034,1089,1199,-110
119000035,25,478,-453
119000036,714,1534,-820
119000037,852,3108,-2256
119000038,96,1526,-1430
119000039,148,435,-287
119000040,1119,546,573
119000041,1028,1145,-117
119000048,4403,4775,-372
119000049,1016,4767,-3751
119000050,1888,2882,-994
119000051,1962,1060,902
119000052,2365,3508,-1143
119000053,1698,1334,364
119000054,2654,4936,-2282
119000055,2329,4538,-2209
119000056,1678,2574,-896
119000057,1411,3308,-1897
119000058,1754,2894,-1140
119000059,1015,2046,-1031
119000060,922,884,38
119000061,793,1097,-304
119000062,1016,1621,-605
119000063,311,311,0
119000064,1565,2208,-643
119000065,2168,4391,-2223
119000066,2103,1090,1013
119000067,1991,3229,-1238
119000068,1079,1162,-83
119000069,1120,3446,-2326
119000070,1373,1367,6
119000071,594,1217,-623
119000072,9040,5178,3862
119000073,7499,5836,1663
119000074,643,5041,-4398
119000075,708,2804,-2096
119000076,768,1100,-332
119000077,1182,730,452
119000078,379,382,-3
119000079,94,1028,-934
119000080,132,314,-182
119000081,358,570,-212
119000082,739,307,432
119000083,310,380,-70
119000084,268,734,-466
119000085,790,372,418
119000086,251,475,-224
119000087,1824,1176,648
119000088,246,313,-67
119000089,65,249,-184
119000090,176,175,1
119000091,165,407,-242
119000092,892,236,656
119000093,4548,4529,19
119000094,1830,5527,-3697
119000095,1064,3841,-2777
119000097,3436,2138,1298
119000098,687,1517,-830
119000099,2162,2297,-135
119000100,2026,2230,-204
119000101,3879,3014,865
119000102,812,728,84
119000103,1951,609,1342
119000104,3997,1931,2066
119000105,605,868,-263
119000106,219,2773,-2554
119000107,303,543,-240
119000108,216,1764,-1548
119000109,222,521,-299
119000110,1140,757,383
119000111,111,644,-533
119000112,301,235,66
119000113,4634,353,4281
119000114,677,558,119
119000115,172,117,55
119000116,137,90,47
119000117,103,358,-255
119000118,4,1,3
119000123,2846,781,2065
119000124,328,301,27
119000125,1517,1548,-31
119000126,229,1304,-1075
119000127,304,1080,-776
119000128,73,13,60
119000131,536,1434,-898
119000132,5,4,1
119000133,1,5,-4
119000134,3742,599,3143
119000135,55,261,-206
119000136,76,426,-350
119000137,116,785,-669
119000138,134,652,-518
119000139,130,439,-309
119000140,131,411,-280
119000284,1846,3499,-1653
119000285,3199,2610,589
119000286,8226,5882,2344
119000287,1362,2707,-1345
119000288,1778,2286,-508
119000289,2729,5747,-3018
119000290,327,750,-423
119000291,23,459,-436
119000293,123,210,-87
119000294,96,47,49
119000295,2706,807,1899
119000296,147,164,-17
119000302,5636,1894,3742
119000303,26,187,-161
119000314,1754,5462,-3708
119000315,1,932,-931
119000316,22,161,-139
119000317,12,710,-698
119900001,134,763,-629
119900002,83,350,-267
119900003,75,1785,-1710
119900004,338,279,59
119900005,64,201,-137
119900006,189,313,-124
119900007,663,81,582
119900008,69,39,30
119900009,412,636,-224
119900010,3245,1394,1851
119900011,16,36,-20
119900012,12,57,-45
119900013,1594,661,933
119900014,1038,274,764
119900015,38,10,28
119900016,24,107,-83
119900017,7,49,-42
119900018,1437,208,1229
119900019,12,7,5
119900020,52,192,-140
119900021,80,78,2
119900022,140,300,-160
119900023,864,540,324
119900025,34,40,-6
119900026,1118,57,1061
119900027,25,35,-10
119900028,169,36,133
119900029,1,12,-11
119900030,419,492,-73
119900031,15,211,-196
119900033,2812,167,2645
119900034,105,179,-74
119900037,51,57,-6
119900038,81,138,-57
119900039,48,4,44
119900040,31,10,21
119900041,59,76,-17
119900042,128,159,-31
119900043,32,191,-159
119900044,151,332,-181
119900046,36,108,-72
119900047,145,51,94
119900048,4,31,-27
119900049,17,5,12
119900050,86,70,16
119900051,168,7,161
119900052,21,93,-72
119900053,80,271,-191
119900054,40,2,38
119900055,573,255,318
119900057,80,106,-26
119900058,68,2,66
119900059,234,73,161
119900060,98,3,95
119900062,40,21,19
119900063,25,62,-37
119900064,142,30,112
119900065,134,10,124
119900066,1,3,-2
119900067,39,31,8
119900068,106,1,105
119900069,35,44,-9
119900070,284,6,278
119900071,178,7,171
119900073,2278,436,1842
119900074,30,20,10
119900075,7698,2176,5522
119900076,326,856,-530
119900077,227,1958,-1731
119900078,185,1053,-868
119900079,96,502,-406
119900080,699,1479,-780
119900081,77,54,23
119900082,402,346,56
119900083,363,105,258
119900084,571,178,393
119900085,165,74,91
119900087,210,196,14
119900088,40,91,-51
119900089,15,663,-648
119900090,273,81,192
119900091,45,1516,-1471
119900092,17,510,-493
119900093,837,85,752
119900094,23,245,-222
119900095,192,69,123
119900096,57,95,-38
119900097,446,223,223
119900098,20,60,-40
119900099,39,401,-362
119900100,3331,2330,1001
119900101,280,1180,-900
119900102,34,442,-408
119900103,24,698,-674
119900104,45,397,-352
119900105,1590,1856,-266
119900106,22,349,-327
119900107,494,4873,-4379
119900108,2368,792,1576
119900109,16,420,-404
119900110,357,902,-545
119900111,34,544,-510
119900112,3879,559,3320
119900113,82,688,-606
119900114,226,2383,-2157
119900115,74,1783,-1709
119900116,185,333,-148
119900117,149,1244,-1095
119900118,21,1675,-1654
119900119,73,402,-329
119900120,667,857,-190
119900121,137,2053,-1916
119900122,267,495,-228
119900123,212,276,-64
119900124,97,1470,-1373
119900125,44,547,-503
119900126,7281,310,6971
119900127,3601,1167,2434
119900128,244,1156,-912
119900129,83,1353,-1270
119900130,26,390,-364
119900131,20,465,-445
119900132,2,512,-510
119900133,14,36,-22
119900134,2936,369,2567
119900135,2,664,-662
119900136,242,751,-509
119900138,534,870,-336
119900139,12,135,-123
119900140,3,259,-256
119900141,144,388,-244
119900142,12,28,-16
119900143,7,300,-293
119900144,3028,304,2724
119900145,85,364,-279
119900146,203,150,53
119900147,3,122,-119
119900148,54,68,-14
119900149,2363,3293,-930
119900150,191,273,-82
119900151,2043,947,1096
119900152,69,604,-535
119900153,73,88,-15
119900154,8,443,-435
119900155,13,33,-20
119900156,5,8,-3
119900157,23,409,-386
119900158,66,76,-10
119900159,8,2387,-2379
119900160,25,378,-353
119900161,179,454,-275
119900162,582,721,-139
119900163,204,105,99
119900164,0,0,0
119900165,47,322,-275
119900166,36,19,17
119900167,84,166,-82
119900168,323,485,-162
119900169,169,211,-42
119900170,120,171,-51
119900171,510,605,-95
119900172,96,12,84
119900173,2,692,-690
119900174,6,382,-376
119900175,526,856,-330
119900177,18,297,-279
119900178,5,287,-282
119900179,42,234,-192
119900180,740,826,-86
119900181,42,40,2
119900182,8,769,-761
119900183,131,1244,-1113
119900184,4098,587,3511
119900185,16,87,-71
119900186,122,288,-166
119900187,9,934,-925
119900188,18,466,-448
119900189,405,218,187
119900190,43,143,-100
119900191,306,105,201
119900192,29,278,-249
119900193,125,258,-133
119900194,2,49,-47
119900195,26,324,-298
119900196,2858,622,2236
119900197,171,129,42
119900198,80,545,-465
119900199,150,20,130
119900200,274,643,-369
119900201,514,262,252
119900202,223,101,122
119900203,96,237,-141
119900204,122,533,-411
119900205,187,777,-590
119900206,43,175,-132
119900208,104,152,-48
119900209,261,651,-390
119900210,9,44,-35
119900211,93,22,71
119900212,58,291,-233
119900213,2,69,-67
119900214,15,156,-141
119900215,18,122,-104
119900216,15,143,-128
119900217,5,127,-122
119900218,13,82,-69
119900219,9,213,-204
119900220,9,196,-187
119900221,24,577,-553
119900222,7,453,-446
119900223,18,164,-146
119900224,22,49,-27
119900225,1756,35,1721
119900226,1283,1374,-91
119900227,1868,408,1460
119900228,43,496,-453
119900229,302,571,-269
119900230,1519,714,805
119900231,97,232,-135
119900232,157,38,119
119900233,12,6,6
119900234,10,38,-28
119900235,9,39,-30
119900236,13,331,-318
119900237,65,699,-634
119900238,1,135,-134
119900240,48,223,-175
119900241,90,344,-254
119900242,2281,1038,1243
119900244,904,2226,-1322
119900245,52,150,-98
119900246,238,272,-34
119900247,19,63,-44
119900248,24,71,-47
119900249,130,75,55
119900253,5713,339,5374
119900254,53,248,-195
119900255,102,773,-671
119900256,171,2013,-1842
119900257,17,0,17
119900258,21,20,1
119900259,1,322,-321
119900260,60,4,56
119900261,140,245,-105
119900262,3,364,-361
119900263,1071,545,526
119900264,44,395,-351
119900265,195,640,-445
119900266,87,431,-344
119900267,133,477,-344
119900268,187,322,-135
119900269,344,2523,-2179
119900271,24,100,-76
119900272,132,59,73
119900275,64,11,53
119900276,12,2,10
119900277,7,2,5
119900278,310,51,259
119900279,118,167,-49
119900280,1191,253,938
119900281,0,86,-86
119900282,97,25,72
119900283,15,530,-515
119900284,47,356,-309
119900285,19,98,-79
119900286,23,38,-15
119900288,4,56,-52
119900289,0,36,-36
119900290,1,37,-36
119900291,4,31,-27
119900292,23,4,19
119900293,10,1,9
119900294,9,0,9
119900295,0,0,0
119900296,0,0,0
119900299,26,384,-358
119900300,112,303,-191
119900301,106,26,80
119900302,39,59,-20
119900303,313,538,-225
119900304,74,7,67
119900305,28,151,-123
119900306,11,1,10
119900307,32,265,-233
119900308,7,9,-2
119900309,14,31,-17
119900310,176,430,-254
119900311,15,255,-240
119900312,42,130,-88
119900313,129,434,-305
119900314,58,249,-191
119900315,602,3676,-3074
119900318,6,13,-7
119900319,4,458,-454
119900320,139,996,-857
119900321,26,0,26
119900322,44,66,-22
119900323,0,121,-121
119900324,0,55,-55
119900325,29,625,-596
119900326,212,97,115
120000001,10108,9104,1004
120000002,2305,4308,-2003
120000003,4544,2423,2121
120000004,3610,3107,503
120000005,6182,2853,3329
120000006,1219,1599,-380
120000007,4049,2735,1314
120000008,1187,1696,-509
120000009,6419,1234,5185
120000010,1826,4255,-2429
120000011,1202,2798,-1596
120000012,1766,4062,-2296
120000013,2116,3551,-1435
120000014,510,2077,-1567
120000015,2906,2010,896
120000016,3453,2701,752
120000017,2363,1765,598
120000018,6230,7444,-1214
120000019,853,1115,-262
120000020,3522,2629,893
120000021,2028,2026,2
120000022,3404,3603,-199
120000023,816,2050,-1234
120000024,1635,2617,-982
120000025,1775,2778,-1003
120000026,739,2283,-1544
120000027,1370,2000,-630
120000028,744,448,296
120000029,6746,714,6032
120000030,574,990,-416
120000031,2468,9279,-6811
120000032,13639,4164,9475
120000033,2694,2172,522
120000034,1086,3042,-1956
120000035,1297,3340,-2043
120000036,2428,5033,-2605
120000037,585,1117,-532
120000038,14267,3876,10391
120000039,564,1274,-710
120000040,131,181,-50
120000041,608,2787,-2179
120000042,1591,6396,-4805
120000043,4515,3711,804
120000044,2822,1240,1582
120000045,2992,1286,1706
120000046,1504,2029,-525
120000047,2616,2927,-311
120000048,11242,3819,7423
120000049,2614,3414,-800
120000050,2863,5986,-3123
120000051,4420,5067,-647
120000052,18241,3079,15162
120000053,942,5545,-4603
120000054,1566,8454,-6888
120000055,979,5630,-4651
120000056,2968,6316,-3348
120000057,1573,1107,466
120000058,547,233,314
120000059,140,1321,-1181
120000061,106,1264,-1158
120000062,426,329,97
120000063,2110,3968,-1858
120000064,212,2234,-2022
120000065,449,2307,-1858
120000066,146,675,-529
120000067,71,848,-777
120000068,134,1561,-1427
120000069,509,2223,-1714
120000070,21,1414,-1393
120000071,134,197,-63
120000072,197,673,-476
120000073,274,126,148
120000074,79,127,-48
120000075,260,211,49
120000076,869,327,542
120000077,941,452,489
120000078,2987,592,2395
120000079,89,89,0
120000080,70,140,-70
120000081,189,105,84
120000082,103,134,-31
120000083,43,219,-176
120000084,479,874,-395
120000085,471,673,-202
120000086,234,990,-756
120000087,142,1658,-1516
120000088,706,1697,-991
120000089,861,735,126
120000090,386,519,-133
120000091,448,1032,-584
120000092,816,647,169
120000093,200,597,-397
120000094,108,496,-388
120000095,834,889,-55
120000096,222,1621,-1399
120000098,653,1520,-867
120000099,262,1007,-745
120000100,581,1265,-684
120000101,453,689,-236
120000102,373,490,-117
120000103,939,432,507
120000104,1092,233,859
120000105,1300,297,1003
120000106,1152,288,864
120000107,1392,406,986
120000108,552,107,445
120000109,604,55,549
120000110,83,1148,-1065
120000111,124,1882,-1758
120000112,704,6161,-5457
120000113,542,4184,-3642
120000114,552,3591,-3039
120000115,331,3029,-2698
120000116,707,2649,-1942
120000117,1450,2072,-622
120000118,32,26,6
120000119,40,52,-12
120000120,43,45,-2
120000121,53,43,10
120000122,333,301,32
120000123,8467,2759,5708
120000124,318,548,-230
120000125,229,781,-552
120000126,259,735,-476
120000127,1368,586,782
120000128,3142,2121,1021
120000129,353,287,66
120000130,746,898,-152
120000131,284,607,-323
120000134,389,2031,-1642
120000135,119,406,-287
120000137,136,3257,-3121
120000138,258,694,-436
120000139,100,1464,-1364
120000140,240,824,-584
120000141,117,730,-613
120000142,176,867,-691
120000143,2,181,-179
120000144,35,0,35
120000145,146,3,143
120000146,2745,878,1867
120000149,462,1397,-935
120000150,7270,11059,-3789
120000151,393,527,-134
120000152,271,400,-129
120000153,142,1224,-1082
120000154,508,471,37
120000155,115,225,-110
120000156,2153,473,1680
120000157,976,969,7
120000158,645,1423,-778
120000159,2161,3125,-964
120000160,2211,1455,756
120000161,1057,3402,-2345
120000162,79,216,-137
120000163,245,2199,-1954
120000164,224,799,-575
120000165,196,1275,-1079
120000166,529,829,-300
120000167,26,52,-26
120000168,20,142,-122
120000169,143,377,-234
120000170,182,209,-27
120000171,27,64,-37
120000172,50,33,17
120000173,3797,204,3593
120000174,593,13,580
120000175,611,14,597
120000176,304,110,194
120000177,2670,471,2199
120000178,294,6,288
120000179,947,32,915
120000180,1627,114,1513
120000181,364,167,197
120000182,206,119,87
120000183,20,230,-210
120000184,152,2540,-2388
120000186,100,54,46
120000187,85,45,40
120000188,306,85,221
120000190,1806,24,1782
120000191,2878,22,2856
120000192,3198,15,3183
120000193,1153,11,1142
120000195,278,3,275
120000196,745,56,689
120000197,194,194,0
120000198,110,197,-87
120000199,42,0,42
120000200,40,0,40
120000201,10,14,-4
120000202,12,92,-80
120000203,14,691,-677
120000207,2,139,-137
120000208,5,414,-409
120000209,7,164,-157
120000210,205,145,60
120000211,78,3,75
120000212,57,1,56
120000213,77,717,-640
120000214,2,687,-685
120000215,4,217,-213
120000216,29,6,23
120000217,1100,1852,-752
120000218,254,1743,-1489
120000219,12,1208,-1196
120000220,16,4120,-4104
120000225,557,1,556
120000226,166,0,166
120000227,601,31,570
120000228,10866,2299,8567
120000230,141,27,114
120000231,523,3483,-2960
120000233,81,43,38
120000235,100,970,-870
120000236,457,2,455
120000237,8,3347,-3339
120000238,0,159,-159
120000241,1137,3544,-2407
120000412,2363,26,2337
120000413,97,654,-557
120000414,19,7,12
120000415,7,275,-268
120000416,38,5,33
120000417,7,128,-121
120000418,49,14,35
120000419,10,664,-654
120000420,101,41,60
120000421,19677,7502,12175
120000422,286,412,-126
120000423,4,56,-52
120000424,26,232,-206
120000436,128,322,-194
120000437,224,287,-63
120000438,6602,493,6109
120000439,134,230,-96
120000443,78,0,78
120000444,550,653,-103
120000445,1673,1355,318
120000446,1139,367,772
120000447,91,10,81
120000449,50,13,37
120000450,4,553,-549
120000451,138,271,-133
120000452,94,3,91
120000453,0,724,-724
120000454,76,18,58
120000455,44,70,-26
120000456,4230,2864,1366
120000457,1772,1216,556
120000458,569,905,-336
120000459,75,127,-52
120000665,1898,170,1728
120000668,107,276,-169
120000669,64,533,-469
120000670,368,428,-60
120000671,601,349,252
120000672,99,729,-630
120900001,33,34,-1
120900002,167,251,-84
120900003,88,31,57
120900004,12,50,-38
120900005,30,1983,-1953
120900006,114,230,-116
120900007,61,222,-161
120900008,107,1583,-1476
120900009,435,111,324
120900010,264,50,214
120900011,515,129,386
120900012,1541,668,873
120900013,176,25,151
120900014,5,1014,-1009
120900015,274,90,184
120900016,365,57,308
120900017,4133,116,4017
120900018,58,752,-694
120900019,361,110,251
120900020,665,504,161
120900021,230,62,168
120900022,27,471,-444
120900023,86,39,47
120900024,1687,501,1186
120900025,2791,896,1895
120900026,104,239,-135
120900027,748,161,587
120900028,146,27,119
120900029,79,190,-111
120900030,679,490,189
120900031,60,23,37
120900032,363,177,186
120900033,435,24,411
120900034,35,1896,-1861
120900035,24,239,-215
120900037,70,2,68
120900038,30,93,-63
120900039,46,24,22
120900040,98,1,97
120900041,98,31,67
120900042,115,76,39
120900043,20,11,9
120900044,3,588,-585
120900045,182,203,-21
120900046,144,3,141
120900047,77,37,40
120900048,44,26,18
120900049,144,2,142
120900050,5150,875,4275
120900051,146,111,35
120900052,234,0,234
120900053,105,124,-19
120900054,1484,927,557
120900055,115,1,114
120900056,183,3,180
120900057,43,25,18
120900058,186,0,186
120900059,16,2,14
120900060,46,34,12
120900061,228,401,-173
120900062,73,0,73
120900063,175,3,172
120900064,168,0,168
120900065,109,5,104
120900066,121,367,-246
120900067,107,21,86
120900068,66,1,65
120900069,83,125,-42
120900071,10,4,6
120900072,267,3,264
120900073,175,350,-175
120900074,246,3,243
120900076,80,0,80
120900077,5278,380,4898
120900078,392,753,-361
120900079,233,115,118
120900080,210,3472,-3262
120900081,334,1653,-1319
120900082,613,271,342
120900083,26,1,25
120900084,145,170,-25
120900085,178,100,78
120900086,239,181,58
120900087,241,73,168
120900088,164,155,9
120900089,6297,1305,4992
120900090,56,285,-229
120900091,336,224,112
120900092,878,1008,-130
120900093,6152,386,5766
120900094,668,260,408
120900095,277,43,234
120900096,24,153,-129
120900097,717,1497,-780
120900098,285,236,49
120900099,39,102,-63
120900100,75,530,-455
120900101,470,458,12
120900102,33,148,-115
120900103,20,119,-99
120900104,100,56,44
120900105,39,1311,-1272
120900106,1640,873,767
120900107,494,270,224
120900108,5,1522,-1517
120900109,33,1093,-1060
120900110,8,1129,-1121
120900111,149,491,-342
120900112,7,2103,-2096
120900113,16,1340,-1324
120900114,32,260,-228
120900115,149,162,-13
120900116,83,876,-793
120900117,3,774,-771
120900118,6,1421,-1415
120900119,6131,5706,425
120900120,44,1067,-1023
120900121,50,623,-573
120900122,129,885,-756
120900123,2,799,-797
120900124,5,973,-968
120900125,7,1570,-1563
120900126,1476,965,511
120900127,3,877,-874
120900128,1084,1114,-30
120900129,61,578,-517
120900130,6,841,-835
120900131,20,77,-57
120900132,366,658,-292
120900133,213,1805,-1592
120900134,296,667,-371
120900135,4,912,-908
120900136,61,47,14
120900137,95,150,-55
120900138,14,339,-325
120900139,3,1167,-1164
120900140,9,97,-88
120900141,91,143,-52
120900142,15,1381,-1366
120900143,5,1456,-1451
120900144,2,308,-306
120900145,122,1192,-1070
120900146,6,1659,-1653
120900147,2,420,-418
120900148,89,180,-91
120900149,3,579,-576
120900150,26,815,-789
120900151,4,1080,-1076
120900152,0,82,-82
120900153,12,78,-66
120900154,2,488,-486
120900155,92,1643,-1551
120900156,22,677,-655
120900157,21,464,-443
120900158,19,825,-806
120900159,47,1098,-1051
120900160,18,462,-444
120900161,32,1637,-1605
120900162,22,1562,-1540
120900163,10,208,-198
120900164,12,0,12
120900165,9,1,8
120900166,27,143,-116
120900167,208,88,120
120900169,29,872,-843
120900170,3669,1403,2266
120900171,1561,459,1102
120900172,2573,150,2423
120900173,0,81,-81
120900174,8,164,-156
120900175,288,291,-3
120900176,9,265,-256
120900177,1,430,-429
120900178,2,274,-272
120900179,874,477,397
120900180,174,115,59
120900181,206,87,119
120900182,17,660,-643
120900183,581,134,447
120900184,215,96,119
120900185,3,553,-550
120900186,1,679,-678
120900187,243,690,-447
120900188,55,18,37
120900189,145,344,-199
120900190,12,23,-11
120900191,1,38,-37
120900192,18861,2371,16490
120900194,36,73,-37
120900195,185,389,-204
120900196,628,123,505
120900197,345,56,289
120900198,212,822,-610
120900199,204,148,56
120900200,151,83,68
120900201,930,188,742
120900202,1,290,-289
120900203,7,47,-40
120900204,400,546,-146
120900205,78,150,-72
120900206,8,32,-24
120900207,52,1741,-1689
121000001,1053,1384,-331
121000002,2083,1060,1023
121000003,5405,2366,3039
121000004,3047,3164,-117
121000005,2749,2969,-220
121000006,3619,1377,2242
121000007,3670,3465,205
121000008,5811,2819,2992
121000009,10314,6622,3692
121000010,12029,4083,7946
121000011,16430,11668,4762
121000012,22767,7923,14844
121000013,6510,7312,-802
121000014,8197,6306,1891
121000015,5132,6359,-1227
121000016,5750,3806,1944
121000017,2210,4163,-1953
121000018,2265,2213,52
121000019,25417,8715,16702
121000020,15961,8995,6966
121000021,3938,3585,353
121000022,2265,1773,492
121000023,5370,3612,1758
121000024,3254,3283,-29
121000025,772,809,-37
121000026,310,118,192
121000027,1636,1029,607
121000028,746,498,248
121000029,1036,809,227
121000030,581,466,115
121000031,633,726,-93
121000032,269,98,171
121000034,395,127,268
121000035,119,91,28
121000036,1164,876,288
121000037,675,637,38
121000038,640,622,18
121000039,399,414,-15
121000041,509,561,-52
121000042,264,329,-65
121000043,1077,686,391
121000044,2380,718,1662
121000045,467,377,90
121000046,331,834,-503
121000047,22,113,-91
121000049,2350,745,1605
121000050,372,1131,-759
121000051,579,484,95
121000052,222,601,-379
121000053,440,85,355
121000054,21,262,-241
121000055,1904,1220,684
121000056,1198,1194,4
121000057,174,498,-324
121000058,413,111,302
121000059,2231,943,1288
121000060,520,967,-447
121000061,114,171,-57
121000062,142,270,-128
121000063,750,488,262
121000064,511,752,-241
121000065,445,328,117
121000066,672,547,125
121000067,1233,344,889
121000068,505,455,50
121000069,1074,224,850
121000070,2425,1481,944
121000071,907,885,22
121000072,1507,920,587
121000073,969,774,195
121000074,82,128,-46
121000075,175,49,126
121000076,1429,350,1079
121000077,178,78,100
121000078,151,192,-41
121000080,3714,649,3065
121000081,3251,2002,1249
121000082,187,346,-159
121000083,353,117,236
121000084,251,94,157
121000085,411,489,-78
121000086,197,1134,-937
121000087,52,347,-295
121000088,389,703,-314
121000089,717,312,405
121000090,411,422,-11
121000091,2164,732,1432
121000092,95,78,17
121000093,126,258,-132
121000094,448,441,7
121000095,318,551,-233
121000096,2784,2411,373
121000097,2084,1740,344
121000098,333,1642,-1309
121000099,392,1042,-650
121000100,412,692,-280
121000101,146,345,-199
121000102,92,559,-467
121000103,67,445,-378
121000104,56,238,-182
121000105,292,369,-77
121000106,175,428,-253
121000107,2552,4511,-1959
121000109,1802,1196,606
121000110,391,480,-89
121000114,2836,2786,50
121000115,914,957,-43
121000116,495,910,-415
121000117,1340,285,1055
121000118,1198,328,870
121000119,201,315,-114
121000120,223,670,-447
121000121,469,1002,-533
121000123,1667,734,933
121000126,149,294,-145
121000127,240,117,123
121000128,477,711,-234
121000129,443,522,-79
121000130,458,1375,-917
121000131,3063,1078,1985
121000132,1573,1343,230
121000135,609,531,78
121000136,1257,1003,254
121000137,551,169,382
121000138,847,835,12
121000139,702,183,519
121000141,242,149,93
121000142,971,592,379
121000143,200,19,181
121000144,1387,839,548
121000145,390,1545,-1155
121000146,999,888,111
121000147,582,478,104
121000148,809,1306,-497
121000149,1788,1100,688
121000152,469,809,-340
121000153,1803,668,1135
121000154,807,532,275
121000155,1091,1131,-40
121000156,428,1019,-591
121000157,1883,2402,-519
121000158,433,773,-340
121000159,142,645,-503
121000160,261,941,-680
121000161,67,505,-438
121000162,16,471,-455
121000165,2238,1658,580
121000166,42,560,-518
121000168,218,345,-127
121000169,53,256,-203
121000170,168,78,90
121000171,47,229,-182
121000172,478,526,-48
121000173,1287,808,479
121000174,191,440,-249
121000175,415,629,-214
121000176,381,255,126
121000177,1300,697,603
121000178,105,74,31
121000179,68,75,-7
121000181,416,418,-2
121000182,41,133,-92
121000183,23,66,-43
121000184,12,106,-94
121000185,12,171,-159
121000186,311,314,-3
121000187,169,427,-258
121000188,61,347,-286
121000192,559,360,199
121000193,609,497,112
121000194,3382,2775,607
121000195,517,1191,-674
121000196,979,215,764
121000197,256,920,-664
121000198,175,71,104
121000199,226,557,-331
121000200,305,97,208
121000201,7,259,-252
121000202,488,77,411
121000203,608,3276,-2668
121000204,1360,645,715
121000205,201,431,-230
121000206,192,37,155
121000207,1117,639,478
121000208,6,588,-582
121000209,102,550,-448
121000210,208,756,-548
121000211,104,117,-13
121000212,264,1089,-825
121000213,11506,2778,8728
121000214,965,1632,-667
121000215,1452,896,556
121000216,427,500,-73
121000217,4660,2302,2358
121000218,592,2043,-1451
121000219,1412,376,1036
121000220,356,108,248
121000221,189,224,-35
121000222,3055,2661,394
121000223,500,359,141
121000224,247,108,139
121000225,1213,1015,198
121000226,1852,673,1179
121000227,5,209,-204
121000228,14,1033,-1019
121000229,66,569,-503
121000230,84,2320,-2236
121000231,369,30,339
121000232,438,160,278
121000233,454,337,117
121000234,8,57,-49
121000235,71,97,-26
121000236,1,50,-49
121000237,22,39,-17
121000238,1,110,-109
121000239,44,12,32
121000240,2,245,-243
121000241,93,16,77
121000242,63,182,-119
121000243,391,52,339
121000244,2,79,-77
121000245,7,10,-3
121000246,0,93,-93
121000247,13,8,5
121000248,828,647,181
121000249,54,310,-256
121000250,216,118,98
121000251,25,751,-726
121000252,35,42,-7
121000253,205,815,-610
121000254,395,290,105
121000255,149,197,-48
121000256,277,150,127
121000257,55,54,1
121000258,100,82,18
121000259,27,47,-20
121000260,32,150,-118
121000261,17,39,-22
121000262,1363,628,735
121000263,338,542,-204
121000271,244,1875,-1631
121000273,83,17,66
121000274,4,49,-45
121000275,5,30,-25
121000276,1,22,-21
121000278,51,91,-40
121000279,39,25,14
121000280,24,37,-13
121000289,204,41,163
121000290,1257,695,562
121000294,64,270,-206
121000297,1166,658,508
121000299,53,230,-177
121000300,878,719,159
121000302,361,969,-608
121000303,1069,484,585
121000304,461,53,408
121000305,89,45,44
121000306,42,135,-93
121000308,174,396,-222
121000309,498,805,-307
121000310,61,470,-409
121000311,106,992,-886
121000312,386,205,181
121000313,699,690,9
121000314,262,215,47
121000315,72,87,-15
121000530,733,1576,-843
121000531,1155,1572,-417
121000532,5736,4921,815
121000533,2722,2915,-193
121000918,14,317,-303
121000919,14,46,-32
121000938,1492,317,1175
121000939,2084,337,1747
121000956,387,1912,-1525
121000957,2,14,-12
121000958,92,51,41
121000959,283,1230,-947
121000960,1259,2838,-1579
121000961,126,35,91
121000962,322,744,-422
121000973,4,354,-350
121000976,16,173,-157
121000979,309,62,247
121000981,402,85,317
121000982,168,270,-102
121000983,262,579,-317
121000984,12,41,-29
121000985,252,907,-655
121000986,129,480,-351
121000987,248,1792,-1544
121000988,326,130,196
121001302,512,130,382
121001308,1,13,-12
121001309,121,74,47
121001313,59,436,-377
121001314,5631,5060,571
121001315,5047,2142,2905
121900001,52,228,-176
121900002,58,50,8
121900003,317,12,305
121900004,114,436,-322
121900005,5,5,0
121900006,68,16,52
121900007,2153,2643,-490
121900008,2229,127,2102
121900009,623,16,607
121900010,285,3,282
121900011,363,442,-79
121900012,0,0,0
121900013,971,30,941
121900014,1165,483,682
121900015,89,148,-59
121900016,5,24,-19
121900017,312,553,-241
121900018,266,12,254
121900019,190,227,-37
121900020,34,0,34
121900021,646,14,632
121900022,150,175,-25
121900023,77,382,-305
121900024,438,98,340
121900025,471,332,139
121900026,215,51,164
121900027,249,98,151
121900028,308,13,295
121900029,111,166,-55
121900030,502,509,-7
121900031,1132,3847,-2715
121900032,56,61,-5
121900033,161,122,39
121900034,223,106,117
121900035,2741,1571,1170
121900036,56,261,-205
121900037,153,695,-542
121900038,32,195,-163
121900039,413,45,368
121900040,24,116,-92
121900041,119,116,3
121900042,303,131,172
121900043,0,6,-6
121900044,340,40,300
121900046,265,161,104
121900047,160,46,114
121900048,21,182,-161
121900050,19,40,-21
121900051,90,174,-84
121900052,75,42,33
121900053,341,218,123
121900054,428,782,-354
121900055,0,10,-10
121900058,76,364,-288
121900059,261,126,135
121900060,69,346,-277
121900061,148,133,15
121900062,126,77,49
121900063,814,282,532
121900064,154,853,-699
121900066,20,31,-11
121900067,12,26,-14
121900069,220,129,91
121900070,281,99,182
121900071,74,340,-266
121900072,19,171,-152
121900073,237,214,23
121900074,731,485,246
121900075,494,210,284
121900076,497,645,-148
121900077,0,35,-35
121900078,39,51,-12
121900079,0,0,0
121900080,482,424,58
121900082,17,110,-93
121900084,2,261,-259
121900085,0,23,-23
121900086,2,59,-57
121900087,268,114,154
121900088,2996,1969,1027
121900089,58,456,-398
121900090,9,133,-124
121900091,6,150,-144
121900092,32,112,-80
121900093,69,75,-6
121900094,26,11,15
121900095,178,123,55
121900096,1916,521,1395
121900097,199,97,102
121900098,2,2,0
121900099,90,101,-11
121900100,163,198,-35
121900101,108,125,-17
121900102,12,137,-125
121900103,578,245,333
121900104,736,246,490
121900105,62,75,-13
121900106,4,2,2
121900107,10,38,-28
121900108,6,10,-4
121900109,383,100,283
121900110,130,1657,-1527
121900111,892,124,768
121900112,282,197,85
121900113,43,251,-208
121900114,11,36,-25
121900117,205,20,185
121900118,2478,370,2108
121900119,66,164,-98
121900120,20,1735,-1715
121900121,556,66,490
121900122,5,16,-11
121900123,243,487,-244
121900124,109,199,-90
121900125,1081,1187,-106
121900127,11,64,-53
121900128,53,177,-124
121900129,1214,64,1150
121900130,139,255,-116
121900131,107,106,1
121900132,23,189,-166
121900133,89,178,-89
121900134,9,90,-81
121900135,2429,274,2155
121900136,100,540,-440
121900137,32,278,-246
121900138,307,289,18
121900139,380,414,-34
121900140,30,205,-175
121900141,40,26,14
121900142,61,152,-91
121900143,18,179,-161
121900144,296,388,-92
121900145,441,219,222
121900146,594,871,-277
121900147,56,221,-165
121900148,138,261,-123
121900149,315,856,-541
121900150,81,169,-88
121900151,55,192,-137
121900152,70,164,-94
121900153,68,432,-364
121900154,9,137,-128
121900155,1,90,-89
121900156,199,139,60
121900157,4,550,-546
121900158,45,94,-49
121900159,3,206,-203
121900160,54,196,-142
121900161,538,267,271
121900162,132,92,40
121900163,57,823,-766
121900164,397,203,194
121900165,207,237,-30
121900166,106,224,-118
121900167,154,93,61
121900168,276,151,125
121900169,1,323,-322
121900170,3,230,-227
121900171,520,553,-33
121900172,239,307,-68
121900173,1023,190,833
121900174,16,40,-24
121900175,76,172,-96
121900176,494,1925,-1431
121900177,150,38,112
121900178,35,71,-36
121900179,219,137,82
121900180,7109,2426,4683
121900182,454,334,120
121900183,436,634,-198
121900184,21,573,-552
121900186,21,390,-369
121900187,26,118,-92
121900188,569,446,123
121900189,24,115,-91
121900190,163,488,-325
121900191,134,117,17
121900192,531,451,80
121900193,25,235,-210
121900194,2,150,-148
121900195,148,101,47
121900196,726,1015,-289
121900197,296,2262,-1966
121900198,1047,1020,27
121900199,3,37,-34
121900200,67,265,-198
121900201,1262,539,723
121900202,115,393,-278
121900203,280,793,-513
121900204,1368,1013,355
121900205,8,117,-109
121900206,7,9,-2
121900207,210,42,168
121900208,153,304,-151
121900209,27,24,3
121900210,965,1158,-193
121900211,17,84,-67
121900212,136,123,13
121900213,74,146,-72
121900214,2,463,-461
121900215,59,120,-61
121900216,18,104,-86
121900217,230,99,131
121900218,256,432,-176
121900220,169,16,153
121900221,239,734,-495
121900222,71,229,-158
121900223,109,57,52
121900224,70,62,8
121900225,126,55,71
121900226,260,1143,-883
121900227,98,370,-272
121900228,265,356,-91
121900230,115,54,61
121900231,525,261,264
121900232,345,362,-17
121900233,288,286,2
121900234,270,426,-156
121900235,260,346,-86
121900236,284,151,133
121900237,131,233,-102
121900238,154,239,-85
121900239,118,52,66
121900240,253,144,109
121900241,21,72,-51
121900242,0,0,0
121900243,2,0,2
121900244,3,0,3
121900245,141,184,-43
121900246,1262,395,867
121900247,309,297,12
121900248,1502,695,807
121900250,348,264,84
121900251,347,26,321
121900252,848,114,734
121900253,115,843,-728
121900254,717,216,501
121900255,110,67,43
121900258,2642,1797,845
121900259,345,406,-61
121900260,31,193,-162
121900261,126,380,-254
121900262,402,648,-246
121900263,96,324,-228
121900264,2659,1414,1245
121900265,114,351,-237
121900266,198,224,-26
121900267,22,17,5
121900269,139,271,-132
121900270,10,155,-145
121900271,32,178,-146
121900273,354,1273,-919
121900274,132,225,-93
121900277,390,1605,-1215
121900278,86,908,-822
121900279,137,310,-173
121900280,180,290,-110
121900281,816,73,743
121900284,183,18,165
121900286,48,250,-202
121900287,11,16,-5
121900288,6,2,4
121900290,234,236,-2
121900291,394,578,-184
121900292,124,92,32
121900293,969,3528,-2559
121900294,271,2,269
121900295,48,275,-227
121900296,299,59,240
121900298,430,370,60
121900299,0,0,0
121900300,2,0,2
121900301,10,6,4
121900302,0,45,-45
121900303,212,561,-349
121900304,0,3,-3
121900305,1,0,1
121900306,41,2,39
121900307,20,23,-3
121900308,16,313,-297
121900309,13,291,-278
121900310,31,529,-498
121900311,113,7,106
121900312,93,7,86
121900313,204,23,181
121900314,1,76,-75
121900315,1,0,1
121900316,0,13,-13
121900317,0,0,0
121900318,1,9,-8
121900319,7,28,-21
121900320,54,73,-19
121900321,0,0,0
121900322,2,18,-16
121900323,6,8,-2
121900324,1,28,-27
121900325,2,0,2
121900326,0,10,-10
121900327,2,81,-79
121900328,0,30,-30
121900329,2,250,-248
121900330,0,98,-98
121900331,305,25,280
121900332,74,22,52
121900333,0,6,-6
122000001,2840,3313,-473
122000002,6382,1307,5075
122000003,2736,1517,1219
122000004,3503,1050,2453
122000005,3290,956,2334
122000006,2355,438,1917
122000007,1107,1019,88
122000008,7730,3678,4052
122000009,749,222,527
122000010,2384,2402,-18
122000011,4040,979,3061
122000012,1230,1020,210
122000013,2139,1246,893
122000014,1445,2013,-568
122000015,1289,920,369
122000016,505,783,-278
122000017,1161,1184,-23
122000018,1391,1225,166
122000019,677,1634,-957
122000020,200,201,-1
122000021,702,382,320
122000022,1341,1572,-231
122000023,574,2902,-2328
122000024,1186,745,441
122000025,2413,1009,1404
122000026,2263,719,1544
122000027,821,4716,-3895
122000028,900,323,577
122000029,453,263,190
122000030,470,104,366
122000031,145,213,-68
122000032,1576,2895,-1319
122000033,871,733,138
122000034,545,636,-91
122000035,489,683,-194
122000036,455,589,-134
122000037,317,255,62
122000038,306,388,-82
122000039,621,547,74
122000040,427,262,165
122000041,475,497,-22
122000042,261,405,-144
122000043,174,87,87
122000044,136,117,19
122000045,1505,625,880
122000046,638,1171,-533
122000047,283,146,137
122000048,3351,3444,-93
122000049,5715,2618,3097
122000050,1491,625,866
122000051,329,306,23
122000052,539,185,354
122000053,96,523,-427
122000054,2399,1753,646
122000055,2296,2370,-74
122000056,5083,3254,1829
122000057,4060,2549,1511
122000058,4520,1148,3372
122000059,3749,1200,2549
122000060,1168,523,645
122000061,805,236,569
122000062,1416,321,1095
122000063,1288,403,885
122000064,3651,3117,534
122000065,5581,3308,2273
122000066,1444,1273,171
122000067,1421,1489,-68
122000068,871,1240,-369
122000069,567,800,-233
122000070,559,3315,-2756
122000071,975,1855,-880
122000072,368,269,99
122000073,421,352,69
122000074,1980,1321,659
122000075,487,1298,-811
122000076,1744,1203,541
122000077,1326,699,627
122000078,3506,1608,1898
122000079,1496,712,784
122000080,916,364,552
122000081,199,245,-46
122000082,1383,793,590
122000083,1406,4187,-2781
122000084,939,890,49
122000085,202,2056,-1854
122000086,2255,3985,-1730
122000087,564,157,407
122000088,489,240,249
122000089,7740,3191,4549
122000090,307,331,-24
122000091,357,108,249
122000092,136,26,110
122000093,1535,1136,399
122000094,8465,1646,6819
122000095,4448,1765,2683
122000096,3665,1126,2539
122000098,4069,1532,2537
122000099,2468,569,1899
122000100,1995,674,1321
122000101,289,945,-656
122000102,1705,1287,418
122000103,1636,1486,150
122000104,278,226,52
122000105,236,290,-54
122000106,682,525,157
122000107,913,497,416
122000108,341,979,-638
122000109,261,318,-57
122000110,341,607,-266
122000111,2768,1163,1605
122000112,734,1408,-674
122000113,465,676,-211
122000114,3215,1458,1757
122000115,1904,1208,696
122000116,478,540,-62
122000117,1050,358,692
122000118,402,578,-176
122000119,3374,1574,1800
122000120,4520,2480,2040
122000121,5751,2437,3314
122000122,995,1274,-279
122000123,2989,1424,1565
122000124,1404,454,950
122000125,532,682,-150
122000126,954,759,195
122000127,2385,1024,1361
122000128,724,982,-258
122000129,382,616,-234
122000130,2606,541,2065
122000131,2936,666,2270
122000132,1341,418,923
122000133,1218,2409,-1191
122000134,428,560,-132
122000135,699,1083,-384
122000136,456,280,176
122000137,849,727,122
122000139,1660,2868,-1208
122000140,1282,457,825
122000141,6493,899,5594
122000142,670,628,42
122000143,812,230,582
122000144,2806,817,1989
122000145,2695,797,1898
122000146,1513,961,552
122000147,1039,377,662
122000148,3067,1411,1656
122000149,2310,1081,1229
122000150,1506,859,647
122000151,427,368,59
122000152,743,314,429
122000153,495,297,198
122000154,522,159,363
122000155,1881,2030,-149
122000156,2889,1888,1001
122000157,2522,1290,1232
122000158,368,542,-174
122000159,1668,1636,32
122000160,8087,888,7199
122000161,1754,648,1106
122000162,2350,1584,766
122000163,332,73,259
122000164,57,75,-18
122000165,732,742,-10
122000166,802,1052,-250
122000167,280,238,42
122000168,232,538,-306
122000169,560,185,375
122000170,234,328,-94
122000171,45,106,-61
122000172,1644,1608,36
122000173,1742,2232,-490
122000174,1924,816,1108
122000175,1398,305,1093
122000176,323,657,-334
122000177,1818,1389,429
122000178,3568,2380,1188
122000179,2190,2365,-175
122000180,2168,906,1262
122000181,2176,2645,-469
122000182,2961,1028,1933
122000183,1932,976,956
122000184,3811,1999,1812
122000185,1767,1225,542
122000186,760,944,-184
122000187,1527,1502,25
122000188,507,241,266
122000189,337,306,31
122000190,1113,1093,20
122000191,1193,435,758
122000192,1148,424,724
122000193,371,820,-449
122000194,580,167,413
122000195,139,562,-423
122000196,1033,702,331
122000197,426,728,-302
122000198,544,985,-441
122000199,323,339,-16
122000200,1268,536,732
122000201,1425,1752,-327
122000202,1107,1224,-117
122000203,3208,1563,1645
122000204,1621,1965,-344
122000205,1545,1173,372
122000206,2166,1065,1101
122000207,1171,1466,-295
122000208,1991,1560,431
122000209,2412,375,2037
122000210,1406,2324,-918
122000211,1236,1493,-257
122000212,561,459,102
122000213,1105,1071,34
122000214,1792,1648,144
122000215,2213,1368,845
122000217,2072,1635,437
122000218,730,67,663
122000219,1762,1221,541
122000220,500,1015,-515
122000221,129,480,-351
122000222,746,86,660
122000223,1180,565,615
122000225,757,350,407
122000226,1324,2178,-854
122000227,280,1977,-1697
122000228,359,497,-138
122000229,22,428,-406
122000230,71,940,-869
122000231,248,874,-626
122000232,623,1261,-638
122000233,3,182,-179
122000234,96,205,-109
122000235,333,222,111
122000236,378,235,143
122000237,52,44,8
122000238,91,189,-98
122000239,452,87,365
122000240,984,398,586
122000241,600,424,176
122000242,624,106,518
122000243,127,58,69
122000244,41,451,-410
122000245,32,235,-203
122000246,92,123,-31
122000247,596,894,-298
122000248,1516,2476,-960
122000249,413,560,-147
122000250,1413,675,738
122000251,316,362,-46
122000252,727,105,622
122000253,17,325,-308
122000254,126,93,33
122000255,635,2501,-1866
122000256,342,1731,-1389
122000257,110,503,-393
122000258,52,294,-242
122000259,9,838,-829
122000260,1,167,-166
122000261,5,175,-170
122000262,2,90,-88
122000263,153,147,6
122000264,507,491,16
122000265,1845,810,1035
122000266,4541,558,3983
122000267,48,126,-78
122000268,113,409,-296
122000269,657,327,330
122000270,613,157,456
122000271,317,1314,-997
122000272,297,1310,-1013
122000273,241,493,-252
122000274,85,211,-126
122000275,19,135,-116
122000276,346,678,-332
122000277,632,1599,-967
122000278,525,1254,-729
122000279,170,810,-640
122000280,727,956,-229
122000281,724,826,-102
122000282,112,342,-230
122000283,197,65,132
122000284,98,89,9
122000285,450,103,347
122000286,68,207,-139
122000287,651,1435,-784
122000288,209,234,-25
122000291,736,543,193
122000293,383,448,-65
122000294,113,153,-40
122000295,1237,213,1024
122000296,52,545,-493
122000297,3546,2073,1473
122000299,476,504,-28
122000300,890,554,336
122000301,16865,2534,14331
122000302,1216,701,515
122000303,5279,1373,3906
122000304,20,197,-177
122000305,589,378,211
122000306,14,1041,-1027
122000307,297,109,188
122000309,62,65,-3
122000310,20,16,4
122000311,47,52,-5
122000312,50,39,11
122000313,16,42,-26
122000314,87,261,-174
122000315,162,10,152
122000316,261,233,28
122000317,648,152,496
122000318,405,426,-21
122000319,395,649,-254
122000320,301,2554,-2253
122000321,100,396,-296
122000322,3095,2063,1032
122000323,1839,1449,390
122000324,1670,1199,471
122000325,1014,1043,-29
122000326,14,196,-182
122000327,276,444,-168
122000328,1591,1269,322
122000330,2235,675,1560
122000332,247,390,-143
122000333,11,209,-198
122000337,594,2998,-2404
122000338,407,538,-131
122000340,404,264,140
122000342,3293,1333,1960
122000343,414,2011,-1597
122000344,28,38,-10
122000345,7,56,-49
122000346,346,802,-456
122000348,630,903,-273
122000349,160,837,-677
122000351,86,241,-155
122000352,309,79,230
122000353,64,168,-104
122000355,91,176,-85
122000356,1935,975,960
122000357,34,32,2
122000358,0,117,-117
122000359,0,61,-61
122000360,0,52,-52
122000362,13,94,-81
122000364,86,544,-458
122000365,1,29,-28
122000366,16,6,10
122000368,428,1034,-606
122000370,32,95,-63
122000371,5,0,5
122000372,2,0,2
122000381,37,382,-345
122000382,50,267,-217
122000384,4906,2380,2526
122000385,9,2,7
122000386,606,807,-201
122000387,404,610,-206
122000388,1744,373,1371
122000389,194,1034,-840
122000390,314,237,77
122000391,235,105,130
122000392,218,314,-96
122000393,15,213,-198
122000394,246,355,-109
122000395,115,205,-90
122000396,297,131,166
122000397,31,153,-122
122000398,8,40,-32
122000399,57,106,-49
122000400,222,289,-67
122000401,99,88,11
122000402,174,73,101
122000403,307,1624,-1317
122000404,118,389,-271
122000408,1176,1489,-313
122000503,8,77,-69
122000524,278,93,185
122000544,56,1783,-1727
122000616,882,16,866
122000640,27,259,-232
122000641,25,543,-518
122000642,852,1655,-803
122000643,20,111,-91
122000644,195,40,155
122000645,93,169,-76
122000651,2233,776,1457
122000664,111,45,66
122000665,1196,605,591
122000666,582,1188,-606
122000673,13,409,-396
122000674,49,43,6
122000675,941,1299,-358
122000686,253,1683,-1430
122000687,645,411,234
122000688,109,1024,-915
122000689,350,734,-384
122000690,491,894,-403
122000691,226,3407,-3181
122000692,998,436,562
122000693,558,2486,-1928
122000695,143,684,-541
122000696,188,434,-246
122000698,133,1315,-1182
122000699,127,171,-44
122000701,1054,422,632
122000702,475,2544,-2069
122000703,195,48,147
122000717,188,63,125
122000718,458,371,87
122000719,37,40,-3
122000720,105,380,-275
122000724,123,24,99
122900001,16,2,14
122900002,1171,1933,-762
122900003,222,27,195
122900004,993,20,973
122900005,44,69,-25
122900006,551,458,93
122900007,179,11,168
122900008,504,93,411
122900009,864,305,559
122900010,189,175,14
122900012,343,425,-82
122900014,177,349,-172
122900015,3078,361,2717
122900016,47,380,-333
122900017,592,921,-329
122900018,242,11,231
122900019,13,183,-170
122900020,287,464,-177
122900021,43,627,-584
122900022,294,1300,-1006
122900023,224,428,-204
122900024,117,107,10
122900025,11,188,-177
122900026,181,433,-252
122900027,60,717,-657
122900028,123,164,-41
122900029,5488,2223,3265
122900030,1581,426,1155
122900031,113,126,-13
122900032,114,254,-140
122900033,138,238,-100
122900034,4188,3687,501
122900035,31,13,18
122900036,12,143,-131
122900037,310,151,159
122900038,152,1555,-1403
122900039,112,506,-394
122900040,194,498,-304
122900041,172,291,-119
122900042,122,368,-246
122900043,384,218,166
122900044,103,264,-161
122900045,68,98,-30
122900046,97,144,-47
122900047,182,133,49
122900048,42,175,-133
122900049,1865,99,1766
122900051,73,120,-47
122900052,27,165,-138
122900053,16,18,-2
122900055,301,138,163
122900057,275,24,251
122900061,530,127,403
122900062,346,360,-14
122900063,131,470,-339
122900064,1005,795,210
122900065,216,115,101
122900066,297,247,50
122900067,2076,1152,924
122900068,198,488,-290
122900069,245,931,-686
122900070,193,38,155
122900071,114,492,-378
122900072,14,721,-707
122900073,63,289,-226
122900074,163,955,-792
122900075,0,74,-74
122900076,8,194,-186
122900077,0,195,-195
122900078,28,170,-142
122900080,76,12,64
122900081,145,131,14
122900082,565,220,345
122900083,210,119,91
122900084,5,272,-267
122900086,3,32,-29
122900087,73,703,-630
122900088,68,73,-5
122900089,5,267,-262
122900090,5,677,-672
122900091,73,0,73
122900092,0,341,-341
122900093,1,441,-440
122900094,6,309,-303
122900095,66,5,61
122900096,63,323,-260
122900097,79,10,69
122900098,78,122,-44
122900099,6,3,3
122900100,321,203,118
122900101,955,218,737
122900102,8,13,-5
122900103,30,4,26
122900104,49,2,47
122900105,0,2,-2
122900106,3,112,-109
122900107,5,318,-313
122900108,4,273,-269
123000001,2512,353,2159
123000002,7851,2664,5187
123000003,4383,2564,1819
123000004,4473,5366,-893
123000005,2427,2380,47
123000006,3850,3902,-52
123000007,2977,2531,446
123000008,3081,4847,-1766
123000009,4742,3450,1292
123000010,4325,4508,-183
123000011,3315,920,2395
123000012,1286,2822,-1536
123000013,3418,1050,2368
123000014,1561,4642,-3081
123000015,6020,977,5043
123000016,8599,2807,5792
123000017,3784,1915,1869
123000018,57,95,-38
123000019,102,507,-405
123000020,72,152,-80
123000021,78,161,-83
123000022,463,993,-530
123000023,1168,1307,-139
123000024,924,538,386
123000025,21,84,-63
123000026,0,86,-86
123000027,334,530,-196
123000028,590,644,-54
123000029,648,615,33
123000030,137,967,-830
123000031,139,489,-350
123000032,201,363,-162
123000033,142,52,90
123000034,622,490,132
123000035,165,249,-84
123000036,235,531,-296
123000037,165,356,-191
123000038,68,292,-224
123000039,571,856,-285
123000040,1445,392,1053
123000041,1090,581,509
123000042,918,536,382
123000043,4611,4076,535
123000044,7856,2325,5531
123000045,14753,1891,12862
123000046,1161,760,401
123000047,3452,1218,2234
123000048,99,305,-206
123000049,9299,3971,5328
123000050,851,1120,-269
123000051,126,180,-54
123000052,571,2286,-1715
123000053,2820,2662,158
123000054,1400,1157,243
123000055,2632,1360,1272
123000056,1311,2106,-795
123000057,21768,5216,16552
123000058,600,580,20
123000059,352,472,-120
123000060,707,409,298
123000061,149,728,-579
123000063,803,658,145
123000064,730,193,537
123000065,9729,3953,5776
123000066,1438,840,598
123000067,354,690,-336
123000068,3926,3914,12
123000069,10436,4166,6270
123000070,416,887,-471
123000071,577,1450,-873
123000072,903,1719,-816
123000073,708,949,-241
123000074,921,2504,-1583
123000075,373,840,-467
123000076,403,1377,-974
123000077,2198,4375,-2177
123000078,838,2003,-1165
123000079,950,2358,-1408
123000080,1849,3271,-1422
123000081,233,736,-503
123000082,447,1350,-903
123000083,1005,131,874
123000084,254,874,-620
123000085,54,153,-99
123000086,152,604,-452
123000087,82,683,-601
123000088,845,1603,-758
123000089,438,1449,-1011
123000090,1105,1444,-339
123000091,1724,1497,227
123000092,1452,1233,219
123000094,269,312,-43
123000095,350,652,-302
123000096,339,495,-156
123000097,281,1502,-1221
123000098,535,708,-173
123000099,489,1187,-698
123000100,524,586,-62
123000101,632,477,155
123000102,644,638,6
123000104,391,271,120
123000105,832,593,239
123000106,538,261,277
123000107,575,629,-54
123000108,1292,1332,-40
123000111,493,256,237
123000112,520,689,-169
123000113,581,2345,-1764
123000114,416,442,-26
123000115,189,324,-135
123000116,39,214,-175
123000117,1586,2693,-1107
123000118,387,1113,-726
123000119,233,1392,-1159
123000120,426,1141,-715
123000121,364,641,-277
123000122,341,328,13
123000123,451,552,-101
123000124,763,674,89
123000125,1449,785,664
123000126,2303,1813,490
123000127,1942,885,1057
123000128,259,436,-177
123000129,248,181,67
123000130,305,74,231
123000131,554,501,53
123000132,512,645,-133
123000133,620,388,232
123000134,754,264,490
123000135,1250,1257,-7
123000136,223,1865,-1642
123000137,94,565,-471
123000138,67,582,-515
123000139,256,100,156
123000140,182,907,-725
123000141,942,108,834
123000142,1035,1264,-229
123000143,1132,2910,-1778
123000144,33,14,19
123000145,248,164,84
123000146,95,112,-17
123000147,65,121,-56
123000149,259,319,-60
123000150,311,253,58
123000151,328,464,-136
123000152,65,348,-283
123000153,242,555,-313
123000154,2601,1671,930
123000155,2955,884,2071
123000156,56,102,-46
123000157,627,927,-300
123000158,903,546,357
123000159,3258,1787,1471
123000160,631,507,124
123000161,1196,761,435
123000162,601,1342,-741
123000163,249,59,190
123000164,793,221,572
123000165,392,2542,-2150
123000166,36,178,-142
123000167,82,359,-277
123000168,171,420,-249
123000169,381,84,297
123000170,25,465,-440
123000171,185,75,110
123000172,278,876,-598
123000173,509,171,338
123000174,618,178,440
123000175,1030,1692,-662
123000176,923,114,809
123000177,376,1286,-910
123000178,597,47,550
123000179,38,957,-919
123000180,1078,306,772
123000181,408,1769,-1361
123000182,161,727,-566
123000183,150,172,-22
123000184,80,1004,-924
123000185,361,423,-62
123000186,4,929,-925
123000187,267,3,264
123000188,135,0,135
123000189,97,277,-180
123000190,14,58,-44
123000192,18,482,-464
123000193,46,679,-633
123000194,590,328,262
123000195,209,8,201
123000196,167,4,163
123000197,20,136,-116
123000198,8,191,-183
123000199,5,509,-504
123000200,222,8,214
123000201,490,11,479
123000202,17,1723,-1706
123000203,436,38,398
123000204,58,1530,-1472
123000205,348,2532,-2184
123000206,1024,109,915
123000207,75,1189,-1114
123000208,144,70,74
123000209,983,246,737
123000210,351,2036,-1685
123000211,669,3783,-3114
123000212,1523,318,1205
123000213,304,60,244
123000215,176,95,81
123000216,263,874,-611
123000217,152,31,121
123000218,97,399,-302
123000219,1258,35,1223
123000220,525,62,463
123000221,106,214,-108
123000222,257,943,-686
123000223,101,873,-772
123000224,364,849,-485
123000225,322,122,200
123000226,112,504,-392
123000227,71,530,-459
123000228,203,70,133
123000229,1361,2392,-1031
123000232,112,680,-568
123000233,554,150,404
123000234,134,825,-691
123000235,324,387,-63
123000236,153,1136,-983
123000237,265,62,203
123000238,63,906,-843
123000239,489,2702,-2213
123000240,39,296,-257
123000241,1299,172,1127
123000242,83,260,-177
123000243,347,1156,-809
123000244,790,499,291
123000245,93,199,-106
123000249,422,797,-375
123000252,717,166,551
123000253,511,337,174
123000254,435,1389,-954
123000255,779,765,14
123000256,20,379,-359
123000257,4045,2887,1158
123000258,1126,1547,-421
123000259,145,399,-254
123000260,367,795,-428
123000261,86,396,-310
123000262,95,299,-204
123000263,224,133,91
123000264,192,61,131
123000265,92,164,-72
123000266,513,799,-286
123000267,282,314,-32
123000268,16,87,-71
123000269,34,65,-31
123000270,17,37,-20
123000271,45,121,-76
123000272,745,186,559
123000273,157,482,-325
123000274,987,366,621
123000275,307,1327,-1020
123000278,3794,2735,1059
123000279,38,91,-53
123000280,213,395,-182
123000281,148,93,55
123000282,72,311,-239
123000283,93,31,62
123000284,34,162,-128
123000286,266,314,-48
123000287,595,239,356
123000288,841,518,323
123000289,459,888,-429
123000291,450,1025,-575
123000294,177,257,-80
123000295,876,1368,-492
123000296,171,666,-495
123000297,159,1097,-938
123000298,257,1059,-802
123000299,38,412,-374
123000300,571,638,-67
123000301,58,142,-84
123000302,108,269,-161
123000303,71,203,-132
123000305,1048,907,141
123000306,43,363,-320
123000309,42,74,-32
123000310,84,36,48
123000311,1,196,-195
123000312,933,1256,-323
123000313,119,306,-187
123000315,174,477,-303
123000316,2291,40,2251
123000317,197,51,146
123000318,59,360,-301
123000329,14,16,-2
123000337,103,259,-156
123000338,471,121,350
123000339,99,292,-193
123000340,213,610,-397
123000342,1,4,-3
123000343,63,0,63
123000344,1174,484,690
123000345,466,607,-141
123000346,221,74,147
123000352,2799,1131,1668
123000353,34,139,-105
123000354,122,2,120
123000355,1,431,-430
123000356,108,5,103
123000357,0,402,-402
123000359,1,321,-320
123000360,127,10,117
123000361,597,355,242
123000362,160,161,-1
123000363,70,336,-266
123000364,495,310,185
123000365,26,266,-240
123000366,289,1424,-1135
123000367,297,1365,-1068
123000370,25,429,-404
123000371,469,24,445
123000372,153,14,139
123000373,6,565,-559
123000374,8,287,-279
123000375,223,9,214
123000376,596,608,-12
123000377,238,18,220
123000378,5,629,-624
123000379,3,262,-259
123000380,67,206,-139
123000381,157,53,104
123000382,1721,40,1681
123000383,306,742,-436
123000384,487,103,384
123000385,556,760,-204
123000436,61,870,-809
123000507,246,378,-132
123000508,261,441,-180
123000517,287,19,268
123000518,26,276,-250
123000519,162,72,90
123000520,71,225,-154
123000521,348,103,245
123000522,209,630,-421
123000541,1,1,0
123000542,0,46,-46
123000565,173,21,152
123000566,54,1059,-1005
123000567,88,357,-269
123000573,38,1262,-1224
123000574,284,73,211
123000575,1024,1537,-513
123000576,576,2607,-2031
123000577,114,604,-490
123000578,932,128,804
123000579,6876,2867,4009
123000580,63,2,61
123000582,331,29,302
123000583,12,759,-747
123000584,112,238,-126
123000585,0,159,-159
123000586,32,1,31
123000596,149,175,-26
123000597,36,63,-27
123000602,13,2,11
123000603,290,1048,-758
123000604,319,1403,-1084
123000605,716,148,568
123000606,2,240,-238
123000609,16,528,-512
123000610,112,83,29
123000613,45,119,-74
123000614,176,54,122
123000615,31,179,-148
123000616,283,77,206
123000617,47,854,-807
123000618,41,938,-897
123000619,556,25,531
123000620,22,851,-829
123000622,314,16,298
123000624,126,36,90
123000630,511,438,73
123000631,210,2405,-2195
123000632,1247,1526,-279
123000633,0,259,-259
123000634,61,44,17
123000635,344,112,232
123000636,18,967,-949
123000637,80,206,-126
123000638,290,121,169
123000639,1347,1935,-588
123000640,35,1244,-1209
123000648,5,12,-7
123000649,6,98,-92
123900001,2020,73,1947
123900002,18,1020,-1002
123900003,318,843,-525
123900005,130,115,15
123900006,185,18,167
124000001,1569,106,1463
124000002,116,2213,-2097
124000003,416,136,280
124000004,67,881,-814
124000005,482,178,304
124000006,237,1990,-1753
124000007,614,102,512
124000008,10,498,-488
124000009,185,327,-142
124000010,70,572,-502
124000011,521,365,156
124000012,285,1100,-815
124000017,45,114,-69
124000018,83,179,-96
124000019,55,104,-49
124000020,66,348,-282
124000021,89,55,34
124000022,141,375,-234
124000023,1012,1234,-222
124000024,1145,798,347
124000025,1171,1208,-37
124000026,1331,1165,166
124000027,5702,3222,2480
124000028,3397,4235,-838
124000030,4107,1437,2670
124000031,611,852,-241
124000032,5439,1143,4296
124000033,143,152,-9
124000034,2718,773,1945
124000035,63,67,-4
124000036,91,350,-259
124000037,628,357,271
124000038,71,53,18
124000039,1315,292,1023
124000040,786,623,163
124000041,195,53,142
124000042,68,417,-349
124000043,99,96,3
124000044,67,342,-275
124000045,399,616,-217
124000046,203,1056,-853
124000047,829,931,-102
124000048,514,2478,-1964
124000049,792,666,126
124000050,558,3061,-2503
124000051,406,584,-178
124000052,1095,1872,-777
124000053,930,798,132
124000054,932,972,-40
124000055,1154,1139,15
124000056,4626,1660,2966
124000057,630,508,122
124000058,415,1794,-1379
124000059,461,601,-140
124000060,1289,1091,198
124000061,1401,2898,-1497
124000062,6124,2094,4030
124000063,1554,1965,-411
124000064,3077,2336,741
124000065,43,173,-130
124000066,348,97,251
124000067,40,320,-280
124000068,26,94,-68
124000069,163,236,-73
124000070,103,506,-403
124000071,104,82,22
124000072,134,731,-597
124000073,569,115,454
124000074,155,1194,-1039
124000075,107,27,80
124000076,9,388,-379
124000077,1692,769,923
124000078,2977,394,2583
124000079,886,1107,-221
124000080,288,201,87
124000081,187,1116,-929
124000082,17,95,-78
124000083,36,200,-164
124000084,71,264,-193
124000085,107,65,42
124000086,83,107,-24
124000087,98,71,27
124000088,296,317,-21
124000089,354,381,-27
124000090,83,490,-407
124000091,335,148,187
124000092,61,1043,-982
124000093,135,74,61
124000094,255,481,-226
124000095,80,81,-1
124000096,83,382,-299
124000097,59,80,-21
124000098,59,151,-92
124000099,193,101,92
124000100,85,149,-64
124000101,24,140,-116
124000102,84,88,-4
124000103,41,102,-61
124000104,71,139,-68
124000105,34,76,-42
124000106,143,121,22
124000107,16,79,-63
124000108,72,30,42
124000109,83,41,42
124000110,138,127,11
124000111,180,178,2
124000112,441,917,-476
124000113,36,67,-31
124000114,185,753,-568
124000115,295,963,-668
124000116,69,63,6
124000117,79,115,-36
124000118,33,65,-32
124000119,1181,708,473
124000120,525,521,4
124000121,1603,548,1055
124000122,740,1396,-656
124000123,884,342,542
124000124,583,1153,-570
124000125,409,380,29
124000126,416,658,-242
124000127,703,374,329
124000128,877,1197,-320
124000129,1628,1188,440
124000130,1005,779,226
124000131,917,529,388
124000132,983,800,183
124000133,642,854,-212
124000134,824,878,-54
124000135,1573,1422,151
124000136,1127,1159,-32
124000137,1455,578,877
124000138,2468,1088,1380
124000139,378,19,359
124000140,18,486,-468
124000141,50,2,48
124000142,7,119,-112
124000143,5,11,-6
124000144,1,68,-67
124000145,32,25,7
124000146,21,171,-150
124000148,32,43,-11
124000149,848,220,628
124000150,367,584,-217
124000151,498,208,290
124000152,802,1357,-555
124000153,962,445,517
124000154,942,1075,-133
124000155,1205,540,665
124000156,1667,1184,483
124000169,235,474,-239
124000170,728,491,237
124000171,204,290,-86
124000172,416,694,-278
124000173,282,281,1
124000174,228,914,-686
124000175,5,220,-215
124000176,34,6,28
124000177,28,56,-28
124000178,25,21,4
124000190,295,46,249
124000191,392,98,294
124000192,2547,330,2217
124000193,474,1437,-963
124000194,448,690,-242
124000195,197,517,-320
124000196,942,1428,-486
124000197,98,66,32
124000198,39,36,3
124000201,219,1281,-1062
124000202,494,164,330
124000203,84,1254,-1170
124000204,235,687,-452
124000205,41,721,-680
124000206,188,429,-241
124000207,0,52,-52
124000209,194,785,-591
124000210,108,219,-111
124000211,221,2,219
124000212,5,769,-764
124000213,124,465,-341
124000214,163,1029,-866
124000215,69,7,62
124000216,4,694,-690
124000329,62,3112,-3050
124000338,33,1748,-1715
124000339,309,84,225
124000341,410,65,345
124000344,29,1,28
124000357,827,1456,-629
124000358,809,1085,-276
124000359,734,412,322
124000360,451,333,118
124000361,1410,735,675
124000362,1847,2361,-514
124000363,300,559,-259
124000364,502,1162,-660
124000365,679,1461,-782
124000366,2213,1228,985
124000367,115,737,-622
124000368,196,121,75
124000369,169,98,71
124000370,74,815,-741
124000402,20,6,14
124000403,38,14,24
124000404,6,142,-136
124000405,1256,757,499
124000406,1117,1020,97
124000407,3,22,-19
124000411,10,605,-595
124000412,116,23,93
124000413,268,73,195
124000414,31,149,-118
124000415,26,238,-212
124000416,104,414,-310
124000417,89,108,-19
124000418,61,202,-141
124000419,64,211,-147
124000420,20,55,-35
124000421,11,385,-374
124000422,28,9,19
124000423,88,39,49
124000424,4,157,-153
124000425,13,21,-8
124000426,1,56,-55
124000427,17,16,1
124000428,19,36,-17
124000429,30,88,-58
124000430,515,788,-273
124000431,296,891,-595
124000432,135,1003,-868
124000439,4,15,-11
124000443,2,11,-9
124000445,200,547,-347
124000446,3050,114,2936
124900001,311,249,62
124900002,112,662,-550
124900003,410,616,-206
124900004,243,435,-192
124900005,249,304,-55
124900006,325,415,-90
124900008,1175,533,642
124900009,121,188,-67
124900010,82,33,49
124900011,187,137,50
124900012,357,71,286
124900013,268,100,168
124900014,175,91,84
124900015,174,162,12
124900016,22,43,-21
124900017,625,244,381
124900018,8,12,-4
124900020,58,34,24
124900021,109,33,76
124900022,40,2,38
124900024,114,5,109
124900026,79,8,71
124900027,85,166,-81
124900028,835,157,678
124900029,11,358,-347
124900030,3,191,-188
124900031,15,531,-516
124900032,259,194,65
124900033,53,525,-472
124900034,350,197,153
124900035,127,459,-332
124900036,0,42,-42
124900037,152,325,-173
124900038,366,496,-130
124900039,0,25,-25
124900040,29,77,-48
124900041,206,1628,-1422
124900042,46,6,40
124900043,344,1525,-1181
124900044,69,1,68
124900045,698,1076,-378
124900046,1807,260,1547
124900047,132,232,-100
124900048,140,220,-80
124900050,149,392,-243
124900052,73,430,-357
124900053,47,520,-473
124900054,3721,378,3343
124900055,0,107,-107
124900057,5,113,-108
124900060,88,212,-124
124900061,11,2,9
124900062,48,13,35
124900066,1,19,-18
124900067,2,181,-179
124900068,219,274,-55
124900070,78,29,49
124900072,46,23,23
124900074,55,94,-39
124900075,111,276,-165
124900076,16,514,-498
124900077,44,119,-75
124900078,39,12,27
124900079,773,94,679
124900080,204,948,-744
124900081,488,267,221
124900082,292,1234,-942
124900083,156,695,-539
124900084,3656,127,3529
124900085,1517,272,1245
124900086,87,574,-487
124900087,647,53,594
124900088,793,112,681
124900089,1726,46,1680
124900090,152,227,-75
124900091,175,740,-565
124900092,151,545,-394
124900093,147,189,-42
124900094,158,251,-93
124900095,58,368,-310
124900096,690,139,551
124900097,187,53,134
124900098,148,511,-363
124900099,662,413,249
124900100,200,16,184
124900101,15,628,-613
124900102,86,8,78
124900103,72,297,-225
124900104,37,226,-189
124900105,42,162,-120
124900106,229,21,208
124900107,53,19,34
124900108,296,36,260
124900109,12,25,-13
124900110,41,142,-101
124900111,0,51,-51
124900112,46,997,-951
124900113,121,123,-2
124900114,252,47,205
124900115,61,17,44
124900116,70,136,-66
124900117,655,211,444
124900118,127,99,28
124900119,282,74,208
124900120,25,481,-456
124900121,82,114,-32
124900122,495,275,220
124900123,526,46,480
124900124,192,183,9
129000186,97,44,53
204000001,24,29,-5
204000002,3,10,-7
204000003,45,1,44
204000004,10,0,10
204000005,394,265,129
204000006,889,785,104
204000011,7,49,-42
204000012,53,138,-85
204000019,467,601,-134
204000020,500,808,-308
204000021,2314,837,1477
204000022,377,556,-179
204000023,348,1701,-1353
204000031,95,45,50
204000032,631,76,555
204000034,12,344,-332
204000035,3,4,-1
204000036,6,12,-6
204000037,0,9,-9
204000038,1,32,-31
204000039,17,108,-91
204000040,4,54,-50
204000041,10,79,-69
204000042,16,8,8
204000043,15,9,6
204000044,22,4,18
204000045,31,7,24
204000046,12,11,1
204000057,8,71,-63
204000062,8,155,-147
204000068,32,179,-147
204000069,25,184,-159
204000070,33,171,-138
204000080,13,76,-63
204000085,1277,2073,-796
204000086,3322,2541,781
204000087,48,14,34
204000088,7,96,-89
204000090,11,438,-427
204000093,137,58,79
204000096,501,638,-137
204000097,154,18,136
204000099,928,1396,-468
204000100,626,1051,-425
204000105,1945,1761,184
204000110,1035,1795,-760
204000111,361,1010,-649
204000112,1351,1099,252
204000113,512,1094,-582
204000114,700,534,166
204000115,359,388,-29
204000116,1707,540,1167
204000119,1618,1516,102
204000132,308,262,46
204000133,445,291,154
204000134,413,169,244
204000135,361,138,223
204000136,181,216,-35
204000138,132,443,-311
204000140,142,76,66
204000141,73,64,9
204000144,4,25,-21
204000145,631,28,603
204000146,22,486,-464
204000147,25,188,-163
204000148,485,36,449
204000154,2,3,-1
204000155,2,5,-3
204000177,131,79,52
204000179,12,4,8
204000180,0,49,-49
204000222,7,36,-29
204000235,9,16,-7
204000236,95,422,-327
204000238,24,33,-9
204000240,387,71,316
204000263,455,1533,-1078
204000268,995,406,589
204000308,218,18,200
204000317,5,107,-102
204000322,2,40,-38
204000323,28,20,8
204000328,181,50,131
204000329,93,86,7
204000330,152,24,128
204000331,11,169,-158
204010341,16,327,-311
205000001,1243,1585,-342
205000013,21,115,-94
205000014,17,164,-147
205000015,42,278,-236
205000016,46,233,-187
205000017,28,133,-105
205000022,297,624,-327
205000025,1535,958,577
205000029,234,8,226
205000045,69,220,-151
205000046,89,621,-532
205000047,85,651,-566
205000048,172,1119,-947
205000049,147,802,-655
205000050,1332,305,1027
205000059,0,333,-333
205000060,0,73,-73
205000061,3,39,-36
205000062,1,34,-33
205000063,18,79,-61
205000064,21,145,-124
205000065,63,854,-791
205000066,81,879,-798
205000067,67,1324,-1257
205000069,185,14,171
205000082,172,197,-25
205000110,89,240,-151
205000111,174,281,-107
205000112,104,167,-63
205000113,255,297,-42
205000121,145,34,111
205000123,81,225,-144
205000126,341,108,233
205000127,481,133,348
205000128,472,69,403
205000129,343,80,263
205000130,192,31,161
205000131,219,8,211
205000132,323,1,322
205000133,123,0,123
205000134,132,0,132
205000137,168,158,10
205000138,292,382,-90
205000139,33,130,-97
205000144,98,37,61
205000145,506,140,366
205000151,116,25,91
205000152,132,20,112
205000153,161,29,132
205000154,103,64,39
205000155,68,11,57
205000207,9,188,-179
205000233,12,1,11
205000234,0,2,-2
205000243,0,0,0
205000244,1,5,-4
205000245,12,448,-436
205000249,0,28,-28
205000250,3,0,3
205000264,9,119,-110
206000027,4,1,3
206000028,3,1,2
206000043,20,179,-159
206000053,2,17,-15
206000054,4,40,-36
206000055,3,71,-68
206000075,10,5,5
206000076,18,6,12
206000077,26,6,20
206000078,7,6,1
206000079,15,6,9
206000082,425,39,386
206000100,88,889,-801
206000103,6,31,-25
206000104,34,33,1
206000105,18,41,-23
206000106,14,64,-50
206000108,670,32,638
206000125,51,0,51
206000157,133,988,-855
206000170,3,307,-304
206000171,0,314,-314
206000172,9,1249,-1240
206000173,0,469,-469
206000174,8,205,-197
206000175,6,300,-294
206000176,13,501,-488
206000177,1,338,-337
206000178,6,225,-219
206000179,18,158,-140
206000180,16,275,-259
206000181,15,474,-459
206000182,21,510,-489
206000183,32,1530,-1498
206000184,6,636,-630
206000185,3,491,-488
206000186,109,2242,-2133
206000223,2,380,-378
206000226,92,2,90
206000227,27,0,27
206000237,31,512,-481
206000238,44,836,-792
206000239,637,2945,-2308
206000240,2,55,-53
206000241,1,167,-166
206000242,8,737,-729
206000243,7,577,-570
206000244,68,1288,-1220
206000245,324,47,277
206000246,52,11,41
206000247,81,6,75
206000248,195,8,187
206000252,62,20,42
206000258,21,65,-44
206000315,33,7,26
206000317,260,84,176
206000318,103,34,69
206000319,466,62,404
206000320,49,26,23
206000321,67,11,56
206000322,186,6,180
206000323,98,7,91
206000324,57,9,48
206000325,115,10,105
206000326,103,3,100
206000327,145,4,141
206000328,47,3,44
206000329,90,6,84
206000330,27,9,18
206000331,65,4,61
206000332,9,10,-1
206000333,209,2,207
206000334,122,2,120
206000335,1,27,-26
206000361,9,325,-316
206000392,3,57,-54
206000405,126,0,126
206000441,20,13,7
206000498,22,7,15
206000515,134,21,113
206000530,74,36,38
206000531,115,61,54
206000532,2377,79,2298
206000535,380,2384,-2004
206000536,23,287,-264
206000537,11,214,-203
206000613,1377,156,1221
207000001,128,474,-346
207000002,42,330,-288
207000003,130,276,-146
207000007,556,223,333
207000008,36,12,24
207000009,62,30,32
207000010,462,742,-280
207000012,229,180,49
207000015,372,2325,-1953
207000019,126,67,59
207000021,520,193,327
207000022,76,99,-23
207000023,91,61,30
207000024,0,7,-7
207000025,16,53,-37
207000026,101,66,35
207000027,25,99,-74
207000028,49,257,-208
207000029,305,527,-222
207000033,257,188,69
207000034,188,43,145
207000039,204,135,69
207000040,113,226,-113
207000041,45,57,-12
207000042,154,75,79
207000043,235,193,42
207000051,109,433,-324
207000052,25,258,-233
207000053,413,777,-364
207000054,47,167,-120
207000055,63,237,-174
207000056,304,541,-237
207000057,111,355,-244
207000058,60,582,-522
207000059,33,1080,-1047
207000060,33,388,-355
207000061,99,149,-50
207000062,121,47,74
207000063,119,130,-11
207000064,366,184,182
207000065,292,264,28
207000066,88,202,-114
207000067,36,127,-91
207000068,132,66,66
207000069,698,389,309
207000082,40,492,-452
207000083,74,535,-461
207000084,119,219,-100
207000085,127,7,120
207000086,84,5,79
207000106,19,59,-40
207000107,33,19,14
207000108,20,11,9
207000109,46,9,37
207000110,36,45,-9
207000111,39,50,-11
207000112,133,254,-121
207000114,16,32,-16
207000115,10,100,-90
207000116,12,265,-253
207000117,8,130,-122
207000118,3,118,-115
207000119,9,161,-152
207000123,155,29,126
207000124,63,19,44
207000125,43,18,25
207000126,88,29,59
207000134,34,281,-247
207000135,18,380,-362
207000148,44,171,-127
207000149,70,41,29
207000152,189,424,-235
207000153,1360,1029,331
207000154,359,125,234
207000159,75,401,-326
207000160,72,886,-814
207000238,2,62,-60
207000242,0,190,-190
207000248,45,29,16
207000249,148,57,91
207000250,831,51,780
207000251,84,84,0
207000252,80,79,1
207000278,71,86,-15
207000279,10,320,-310
207000280,168,60,108
207000281,40,1578,-1538
207000282,171,31,140
207000283,157,285,-128
207000284,109,141,-32
207000285,204,49,155
207000291,7,139,-132
207000304,104,62,42
207000306,63,487,-424
207000310,47,71,-24
207000353,175,2,173
207000356,1,22,-21
207000357,5,12,-7
207000358,43,8,35
207000415,3,242,-239
207000417,29,3,26
207000418,153,172,-19
207000438,0,6,-6
207000439,1356,294,1062
207000446,169,3,166
207000460,5,9,-4
207000466,169,264,-95
207000467,107,112,-5
207000468,33,738,-705
207000476,4,92,-88
207000477,207,147,60
207000478,3,12,-9
207000523,1,10,-9
207000524,7,2,5
207000527,76,142,-66
207000530,137,5,132
207000531,136,14,122
207000532,121,15,106
207000534,748,35,713
207000535,33,157,-124
207000537,22,140,-118
207000540,5,224,-219
207000541,0,381,-381
207000548,5,409,-404
207000549,155,5,150
207000561,78,113,-35
207000562,27,194,-167
207000567,202,361,-159
207000568,47,169,-122
207000569,136,1640,-1504
207000584,548,144,404
207000585,93,205,-112
207000616,0,220,-220
207000617,114,0,114
207900008,70,329,-259
208000001,428,679,-251
208000002,442,546,-104
208000003,696,556,140
208000004,1171,686,485
208000005,13,27,-14
208000019,460,990,-530
208000020,149,445,-296
208000021,108,599,-491
208000022,506,853,-347
208000028,1350,895,455
208000033,331,809,-478
208000034,1081,1755,-674
208000037,448,51,397
208000040,118,186,-68
208000041,1796,510,1286
208000042,845,570,275
208000047,80,398,-318
208000064,3201,1448,1753
208000066,1424,1021,403
208000070,216,496,-280
208000071,300,886,-586
208000072,367,1366,-999
208000080,139,388,-249
208000081,134,210,-76
208000082,172,431,-259
208000083,87,478,-391
208000084,23,23,0
208000085,927,712,215
208000086,378,946,-568
208000087,454,792,-338
208000089,631,762,-131
208000090,465,1229,-764
208000093,138,118,20
208000094,270,649,-379
208000095,561,453,108
208000104,801,1053,-252
208000105,569,1173,-604
208000114,34,164,-130
208000115,498,441,57
208000116,191,1083,-892
208000117,96,147,-51
208000118,53,85,-32
208000155,560,1014,-454
208000158,1800,2470,-670
208000186,3488,1933,1555
208000204,396,980,-584
208000205,826,1506,-680
208000282,4040,1156,2884
209000004,137,172,-35
209000005,22,24,-2
209000006,481,119,362
209000007,216,266,-50
209000010,578,210,368
209000011,173,279,-106
209000012,220,234,-14
209000013,180,757,-577
209000014,879,2115,-1236
209000025,180,38,142
209000026,453,116,337
209000027,276,1344,-1068
209000028,378,1349,-971
209000029,730,1154,-424
209000030,488,2192,-1704
209000031,4809,3693,1116
209000034,202,171,31
209000035,113,152,-39
209000036,113,103,10
209000037,138,212,-74
209000038,76,175,-99
209000039,61,155,-94
209000040,297,580,-283
209000041,188,411,-223
209000042,250,383,-133
209000043,864,673,191
209000044,219,605,-386
209000045,926,539,387
209000046,271,525,-254
209000047,237,233,4
209000048,367,368,-1
209000049,90,190,-100
209000050,195,333,-138
209000051,309,479,-170
209000052,135,491,-356
209000062,41,225,-184
209000063,20,198,-178
209000064,14,216,-202
209000065,27,49,-22
209000066,30,34,-4
209000067,39,62,-23
209000080,29,210,-181
209000082,41,25,16
209000091,52,105,-53
209000093,100,47,53
209000094,256,145,111
209000110,49,74,-25
209000111,534,941,-407
209000112,491,447,44
209000113,1203,453,750
209000114,245,300,-55
209000115,101,265,-164
209000116,979,721,258
209000118,26,59,-33
209000119,28,8,20
209000121,152,917,-765
209000135,47,83,-36
209000142,857,806,51
209000143,113,151,-38
209000144,19,98,-79
209000229,157,205,-48
209000240,29,557,-528
209000259,169,153,16
209000260,37,1213,-1176
209000261,17,779,-762
209000262,3,630,-627
209000263,0,133,-133
209000264,1,72,-71
209000265,615,0,615
209000266,66,0,66
209000267,275,11,264
209000268,916,53,863
210000037,50,34,16
210000047,51,26,25
210000048,55,37,18
210000049,64,34,30
210000052,23,186,-163
210000053,23,107,-84
210000054,35,89,-54
210000070,75,4,71
210000071,29,1,28
210000072,13,0,13
210000073,0,32,-32
210000074,1,139,-138
210000075,1,47,-46
210000076,3,185,-182
210000077,55,28,27
210000078,49,22,27
210000079,36,12,24
210000080,94,63,31
210000081,137,7,130
210000082,52,0,52
210000083,60,0,60
210000084,24,0,24
210000085,0,91,-91
210000086,3,161,-158
210000099,27,298,-271
210000100,26,286,-260
210000101,93,299,-206
210000105,55,210,-155
210000159,0,119,-119
210000163,230,266,-36
210000164,449,109,340
210000168,151,29,122
210000187,0,7,-7
210000188,1,24,-23
210000214,34,0,34
210000219,29,62,-33
210000220,56,131,-75
210000232,5,42,-37
210000233,25,67,-42
210000234,25,189,-164
210000235,28,176,-148
210000245,0,26,-26
210000246,20,1,19
210000258,14,150,-136
210000259,306,12,294
210000282,80,228,-148
210000285,1,125,-124
210000286,7,237,-230
210000290,1,5,-4
210000295,41,179,-138
210000296,48,51,-3
210000320,119,194,-75
210000321,43,86,-43
210000338,103,126,-23
210000339,693,895,-202
210000340,130,233,-103
210000341,161,274,-113
210000342,159,204,-45
210000343,168,242,-74
210000344,218,108,110
210000345,164,178,-14
210000346,78,105,-27
210000347,213,45,168
210000348,129,23,106
210000349,169,29,140
210000350,82,62,20
210000351,65,125,-60
210000352,52,91,-39
210000353,30,138,-108
210000354,43,134,-91
210000355,57,109,-52
210000356,126,107,19
210000357,86,58,28
210000358,535,140,395
210000359,121,76,45
210000360,169,118,51
210000361,129,218,-89
210000362,178,175,3
210000363,1007,143,864
210000364,157,127,30
210000365,87,41,46
210000366,90,24,66
210000367,49,23,26
210000368,148,25,123
210000369,26,44,-18
210000370,63,48,15
210000372,43,33,10
210000373,67,16,51
210000374,42,37,5
210000375,25,135,-110
210000376,70,197,-127
210000404,159,172,-13
210000439,14,59,-45
210000472,114,1,113
210000482,72,71,1
210000564,724,247,477
210000567,0,4,-4
210000568,623,1,622
211000092,28,107,-79
211000094,169,9,160
211000169,199,8,191
211000172,18,265,-247
211000209,0,18,-18
211000226,13,15,-2
211000270,15,16,-1
211000275,12,21,-9
211000276,56,30,26
211000279,14,74,-60
211000281,16,81,-65
211507980,0,26,-26
211977296,1,2,-1
212000003,79,66,13
212000004,111,28,83
212000005,27,45,-18
212000006,29,108,-79
212000008,116,294,-178
212000009,16,200,-184
212000012,57,120,-63
212000013,16,55,-39
212000014,216,237,-21
212000015,208,293,-85
212000016,378,563,-185
212000027,424,531,-107
212000028,226,413,-187
212000029,121,289,-168
212000030,35,46,-11
212000031,38,92,-54
212000048,32,114,-82
212000049,10,77,-67
212000050,21,8,13
212000051,124,291,-167
212000052,133,519,-386
212000053,320,789,-469
212000054,137,171,-34
212000055,142,282,-140
212000056,9,54,-45
212000057,7,39,-32
212000058,297,56,241
212000070,70,419,-349
212000077,88,950,-862
212000099,195,239,-44
212000108,175,189,-14
212000111,107,203,-96
212000120,169,137,32
212000138,76,23,53
212000156,11,175,-164
212000158,7,14,-7
212000159,174,67,107
212000160,315,211,104
212000161,36,11,25
212000310,27,25,2
212000311,6,86,-80
212000374,16,10,6
213000001,39,788,-749
213000005,402,74,328
213000006,1314,143,1171
213000007,63,5,58
213000009,490,186,304
213000010,166,179,-13
213000011,225,99,126
213000012,117,549,-432
213000014,33,6,27
213000015,200,2,198
213000016,187,0,187
213000017,15,0,15
213000018,3,264,-261
213000019,3,193,-190
213000020,73,385,-312
213000021,3,123,-120
213000023,194,202,-8
213000033,183,793,-610
213000034,449,325,124
213000035,112,128,-16
213000045,127,289,-162
213000046,121,177,-56
213000047,473,709,-236
213000056,37,39,-2
213000069,39,2,37
213000073,3,20,-17
213000074,200,629,-429
213000075,498,8,490
213000076,7,1,6
213000085,7,40,-33
213000086,18,342,-324
213000091,47,13,34
213000092,88,18,70
213000099,138,823,-685
213000100,1487,250,1237
213000101,126,149,-23
213000102,219,503,-284
213000103,677,877,-200
213000104,40,545,-505
213000105,0,71,-71
213000106,17,238,-221
213000107,79,872,-793
213000108,17,705,-688
213000109,3,294,-291
213000110,13,62,-49
213000111,11,63,-52
213000112,206,137,69
213000115,19,5,14
213000116,129,888,-759
213000117,5,1145,-1140
213000118,215,335,-120
213000119,44,1103,-1059
213000120,88,998,-910
213000122,327,1293,-966
213000123,890,2563,-1673
213000124,81,2368,-2287
213000125,133,18,115
213000126,112,106,6
213000127,236,181,55
213000128,919,612,307
213000129,582,342,240
213000130,352,155,197
213000132,147,102,45
213000133,207,99,108
213000134,485,37,448
213000136,239,13,226
213000137,520,71,449
213000139,423,17,406
213000147,15,1,14
213000148,18,5,13
213000149,35,4,31
213000150,0,84,-84
213000151,0,77,-77
213000152,0,67,-67
213000153,0,64,-64
213000154,18,299,-281
213000155,31,526,-495
213000156,76,741,-665
213000157,818,772,46
213000158,238,859,-621
213000159,457,679,-222
213000163,390,130,260
213000165,748,139,609
213000171,3,191,-188
213000172,1,449,-448
213000173,5,454,-449
213000174,1,355,-354
213000175,8,186,-178
213000176,16,22,-6
213000177,16,2,14
213000178,31,2,29
213000179,101,0,101
213000180,49,1,48
213000184,97,511,-414
213000188,492,89,403
213000189,151,46,105
213000190,866,971,-105
213000191,154,732,-578
213000192,127,918,-791
213000193,1485,181,1304
213000194,6,41,-35
213000195,8,561,-553
213000196,185,1072,-887
213000197,299,259,40
213000198,35,2,33
213000200,94,1316,-1222
213000201,146,74,72
213000202,6,901,-895
213000203,3003,402,2601
213000204,445,39,406
213000205,227,53,174
213000206,221,48,173
213000207,24,17,7
213000208,79,0,79
213000209,69,1,68
213000210,221,0,221
213000211,0,8,-8
213000212,27,16,11
213000213,4,34,-30
213000218,158,1163,-1005
213000219,483,19,464
213000220,335,19,316
213000223,251,115,136
213000224,98,40,58
213000225,27,2,25
213000226,26,5,21
213000227,427,186,241
213000228,124,48,76
213000229,854,28,826
213000230,180,20,160
213000232,74,316,-242
213000233,0,19,-19
213000234,0,34,-34
213000293,11,62,-51
213000294,84,8,76
213000295,10,67,-57
213000296,55,20,35
213000297,13,131,-118
213000298,13,122,-109
213000299,63,52,11
213000300,23,0,23
213000303,2,28,-26
213000304,0,5,-5
213000305,5,14,-9
213000306,66,20,46
213000307,280,86,194
213000308,120,338,-218
213000309,122,52,70
213000310,211,141,70
213000311,381,640,-259
213000315,61,123,-62
213000316,54,50,4
213000322,65,173,-108
213000323,31,97,-66
213000324,29,81,-52
213000325,8,165,-157
213000326,7,53,-46
213000327,20,81,-61
213000328,6,100,-94
213000329,25,51,-26
213000340,125,1180,-1055
213000341,191,68,123
213000346,182,104,78
213000347,1111,188,923
213000348,39,177,-138
213000349,139,20,119
213000350,193,1712,-1519
213000366,40,340,-300
213000367,102,24,78
213000379,199,293,-94
213000386,18,229,-211
213000406,102,503,-401
213000417,822,419,403
213000425,64,91,-27
213000426,56,99,-43
213000427,18,427,-409
213000428,23,278,-255
213000429,57,3,54
213000430,59,1482,-1423
213000431,101,11,90
213000432,2,20,-18
213000433,7,160,-153
213000434,33,159,-126
213000435,62,124,-62
213000436,12,117,-105
213000437,1,36,-35
213000438,119,112,7
213000439,45,10,35
213000440,8,232,-224
213000441,1,0,1
213000442,1,58,-57
213000443,482,347,135
213000444,17,86,-69
213000445,0,139,-139
213000446,1,6,-5
213000447,1,66,-65
213000448,4,63,-59
213000449,143,3,140
213000450,24,47,-23
213000451,95,94,1
213000452,11,12,-1
213000453,25,435,-410
213000455,723,3,720
213000456,0,407,-407
213000481,10,3,7
213000482,99,2,97
213000489,869,30,839
213000491,0,102,-102
213000492,126,1,125
213000493,0,42,-42
213000494,82,190,-108
213000495,0,217,-217
213000496,225,230,-5
213000497,35,518,-483
213000498,57,353,-296
213000499,118,870,-752
213000500,164,100,64
213000501,47,27,20
213000502,135,65,70
213000503,3,78,-75
213000504,29,303,-274
213000505,4,2,2
213000506,0,6,-6
213000507,2,212,-210
213900016,0,11,-11
213900244,7,0,7
213900245,1,61,-60
218000003,35,20,15
218000004,34,16,18
218000005,32,20,12
218000006,55,25,30
218000007,5,10,-5
218000012,326,112,214
218000013,60,115,-55
218000014,445,354,91
218000019,980,532,448
218000020,287,341,-54
218000021,44,148,-104
218000022,21,90,-69
218000023,0,56,-56
218000024,7,37,-30
218000025,10,46,-36
218000026,14,77,-63
218000027,1,27,-26
218000028,4,9,-5
218000029,1,7,-6
218000030,28,42,-14
218000031,4,86,-82
218000032,5,33,-28
218000040,3,3,0
218000046,27,170,-143
218000047,25,181,-156
218000048,67,220,-153
218000049,146,153,-7
218000050,334,259,75
218000051,77,299,-222
218000052,1,81,-80
218000053,12,17,-5
218000054,53,29,24
218000055,1,17,-16
218000056,11,30,-19
218000057,2,29,-27
218000064,3,7,-4
218000065,25,75,-50
218000066,15,71,-56
218000067,28,74,-46
218000068,116,94,22
218000069,104,207,-103
218000070,90,344,-254
218000071,105,272,-167
218000072,438,308,130
218000078,454,1415,-961
218000079,47,72,-25
218000080,75,86,-11
218000081,208,368,-160
218000082,14,132,-118
218000083,16,62,-46
218000084,65,296,-231
218000085,129,590,-461
218000086,40,274,-234
218000087,160,299,-139
218000090,6,69,-63
218000091,829,488,341
218000092,25,197,-172
218000093,70,137,-67
218000094,545,893,-348
218000099,340,462,-122
218000100,201,280,-79
218000101,118,197,-79
218000102,161,362,-201
218000103,92,195,-103
218000104,37,69,-32
218000105,26,19,7
218000106,16,8,8
218000107,48,118,-70
218000108,29,68,-39
218000112,78,11,67
218000117,43,58,-15
218000134,495,1014,-519
218000135,20,130,-110
218000136,222,62,160
218000137,151,141,10
218000138,34,105,-71
218000139,88,454,-366
218000140,145,220,-75
218000141,26,86,-60
218000142,139,309,-170
218000143,53,239,-186
218000144,38,66,-28
218000145,203,481,-278
218000146,46,143,-97
218000151,4,17,-13
218000152,55,64,-9
218000153,1,4,-3
218000154,3,0,3
218000155,5,3,2
218000156,26,17,9
218000157,16,14,2
218000158,0,10,-10
218000159,8,6,2
218000160,2,1,1
218000161,15,5,10
218000162,18,7,11
218000163,0,7,-7
218000164,13,14,-1
218000165,31,44,-13
218000170,1,42,-41
218000171,30,10,20
218000172,5,18,-13
218000173,100,38,62
218000174,7,7,0
218000176,66,10,56
218000177,269,101,168
218000178,85,117,-32
218000179,44,44,0
218000180,40,15,25
218000181,90,35,55
218000187,1,16,-15
218000188,20,66,-46
218000189,20,90,-70
218000190,2,38,-36
218000191,59,97,-38
218000192,118,562,-444
218000193,328,668,-340
218000194,48,615,-567
218000195,107,98,9
218000196,215,261,-46
218000197,129,434,-305
218000198,1,143,-142
218000199,35,25,10
218000200,47,52,-5
218000201,2,10,-8
218000202,133,166,-33
218000207,4,76,-72
218000208,25,85,-60
218000211,41,17,24
218000212,4,11,-7
218000213,112,71,41
218000214,3,14,-11
218000215,34,121,-87
218000217,4,100,-96
218000218,244,82,162
218000219,21,9,12
218000220,97,346,-249
218000221,670,147,523
218000222,46,17,29
218000223,14,76,-62
218000224,5,62,-57
218000225,188,22,166
218000226,48,67,-19
218000230,2,9,-7
218000232,56,65,-9
218000239,34,3,31
218000240,23,2,21
218000241,7,0,7
218000242,40,0,40
218000243,49,0,49
218000244,9,1,8
218000245,9,1,8
218000246,0,1,-1
218000247,0,0,0
218000248,0,42,-42
218000249,0,1,-1
218000250,4,18,-14
218000251,0,14,-14
218000252,0,20,-20
218000253,5,13,-8
218000254,0,18,-18
218000255,1,14,-13
218000256,7,58,-51
218000267,988,1340,-352
218000268,17,65,-48
218000269,17,23,-6
218000270,36,129,-93
218000271,22,121,-99
218000273,6,7,-1
218000274,29,12,17
218000275,8,34,-26
218000276,8,79,-71
218000278,8,27,-19
218000279,32,122,-90
218000280,27,51,-24
218000281,37,11,26
218000282,440,231,209
218000284,98,13,85
218000301,42,132,-90
218000302,85,58,27
218000303,64,88,-24
218000316,745,1290,-545
218000317,592,1534,-942
218000318,305,1128,-823
218000319,560,1782,-1222
218000320,541,776,-235
218000338,69,23,46
218000345,137,68,69
218000346,40,175,-135
218000459,44,332,-288
218000490,42,92,-50
218000501,39,33,6
218000502,38,123,-85
218000503,33,17,16
218000504,109,10,99
218000505,39,191,-152
218000506,30,230,-200
218000508,36,1,35
218000510,188,9,179
218000520,87,112,-25
218000521,2,80,-78
218000522,0,190,-190
218000523,61,0,61
218000524,80,149,-69
218000525,149,16,133
218000526,137,105,32
218000529,24,350,-326
218000530,2,7,-5
218000531,2,30,-28
218000532,6,20,-14
218000534,40,18,22
218000537,9,41,-32
218000538,134,204,-70
218000540,457,92,365
218000543,65,47,18
218000544,56,146,-90
218000545,11,71,-60
218000546,35,133,-98
218000547,41,110,-69
218000548,79,207,-128
218000549,332,131,201
218000550,186,687,-501
218000551,222,330,-108
218000552,638,39,599
218000553,81,114,-33
218000554,22,21,1
218000555,11,78,-67
218000556,83,549,-466
218000557,147,174,-27
218000558,81,0,81
218000559,0,20,-20
218000560,0,13,-13
218000561,17,0,17
218000562,20,232,-212
218000563,105,31,74
218000564,4,153,-149
218000565,411,16,395
218000566,1075,37,1038
218000567,19,79,-60
218000568,3,4,-1
218000569,6,91,-85
218000570,216,7,209
218000571,1,95,-94
218000572,49,2,47
218000573,33,60,-27
218000574,251,79,172
218000575,98,1,97
218000576,0,90,-90
218000577,27,0,27
218000578,1,135,-134
218000579,84,2,82
218000581,0,144,-144
218000582,9,2,7
218000583,4,1,3
218000584,1,51,-50
218000585,9,4,5
218000586,4,48,-44
218000587,0,3,-3
218000588,0,5,-5
218000589,0,2,-2
218000590,0,0,0
218000591,0,2,-2
218000592,2,0,2
218000593,0,0,0
218000594,0,0,0
218000595,0,0,0
218000596,0,0,0
218000597,0,0,0
218000598,0,1,-1
218000599,0,0,0
218000600,0,0,0
218000601,0,0,0
218000602,0,0,0
218000603,0,7,-7
218000604,5,1,4
218000605,0,14,-14
218000606,28,1,27
218000607,19,36,-17
218000608,43,14,29
218000609,2,47,-45
218000610,18,4,14
218000611,16,2,14
218000612,5,40,-35
218000613,13,1,12
218000614,0,69,-69
218000615,40,3,37
218000616,2,147,-145
218000617,3,0,3
218000618,0,12,-12
218000619,8,26,-18
218000620,1,43,-42
218000621,0,2,-2
218000622,0,16,-16
218000623,0,0,0
218000624,0,8,-8
218000625,10,0,10
218000626,0,6,-6
218000628,49,40,9
218000631,22,30,-8
218000632,0,56,-56
218000633,58,0,58
218000634,1,16,-15
218000635,5,11,-6
218000636,542,1846,-1304
218000637,693,762,-69
218000638,75,58,17
218000639,20,363,-343
218000640,88,18,70
218000641,41,568,-527
218000652,123,135,-12
218000653,136,69,67
218000663,6,130,-124
218000675,86,68,18
218000676,0,47,-47
218000677,2,15,-13
218000680,155,642,-487
218000681,239,116,123
218000691,99,585,-486
218000693,42,143,-101
218000703,9,94,-85
218000718,1336,344,992
218000719,1498,80,1418
218000720,8,42,-34
218000721,44,15,29
218000725,2,14,-12
218001214,29,39,-10
218001258,23,1,22
218001329,92,88,4
218001330,213,107,106
218001351,12,17,-5
218001352,6,23,-17
218001353,7,10,-3
218001354,0,32,-32
218001356,142,7,135
218001358,83,2,81
218001361,51,68,-17
219000001,33,75,-42
219000002,17,67,-50
219000003,51,26,25
219000004,29,30,-1
219000017,75,19,56
219000020,44,29,15
219000022,95,2,93
219000023,86,1,85
219000029,0,88,-88
219000034,4,7,-3
219000039,28,70,-42
219000040,30,18,12
219000041,86,47,39
219000051,0,64,-64
219000052,1,28,-27
219000053,0,256,-256
219000054,18,205,-187
219000055,49,2,47
219000056,5,1,4
219000057,18,0,18
219000062,1,237,-236
219000063,55,12,43
219000064,5,46,-41
219000110,253,34,219
219000111,82,34,48
219000112,160,28,132
219000113,117,37,80
219000114,327,35,292
219000116,63,21,42
219000117,136,63,73
219000118,64,55,9
219000123,222,88,134
219000124,66,50,16
219000125,4,18,-14
219000126,74,91,-17
219000127,0,5,-5
219000128,28,76,-48
219000129,25,132,-107
219000130,1078,726,352
219000131,941,647,294
219000133,46,32,14
219000134,6,8,-2
219000135,14,43,-29
219000136,94,144,-50
219000138,53,24,29
219000139,9,47,-38
219000140,20,2,18
219000141,10,120,-110
219000142,17,109,-92
219000143,15,97,-82
219000145,11,29,-18
219000146,6,76,-70
219000147,0,61,-61
219000148,3,71,-68
219000149,16,213,-197
219000150,5,159,-154
219000151,3,114,-111
219000157,130,152,-22
219000158,64,244,-180
219000161,112,9,103
219000163,1960,371,1589
219000166,87,200,-113
219000167,100,271,-171
219000168,323,80,243
219000174,208,62,146
219000175,27,3,24
219000176,45,6,39
219000177,10,2,8
219000178,16,0,16
219000179,2,6,-4
219000180,51,23,28
219000182,47,12,35
219000183,22,32,-10
219000184,34,3,31
219000185,2,118,-116
219000186,15,43,-28
219000187,12,182,-170
219000189,138,108,30
219000190,148,191,-43
219000191,1744,677,1067
219000192,118,80,38
219000193,622,162,460
219000195,3,58,-55
219000196,2,122,-120
219000198,34,186,-152
219000199,86,257,-171
219000200,34,200,-166
219000201,83,241,-158
219000203,22,111,-89
219000204,112,184,-72
219000205,50,267,-217
219000207,232,239,-7
219000209,8,132,-124
219000210,34,157,-123
219000213,5,290,-285
219000239,179,314,-135
219000240,230,349,-119
219000241,157,255,-98
219000242,54,297,-243
219000243,57,371,-314
219000244,14,127,-113
219000245,10,56,-46
219000246,17,10,7
219000247,36,29,7
219000248,416,235,181
219000249,153,56,97
219000250,162,57,105
219000251,411,99,312
219000252,134,116,18
219000253,137,43,94
219000255,34,48,-14
219000256,46,56,-10
219000257,60,0,60
219000262,54,301,-247
219000263,34,286,-252
219000267,2,154,-152
219000268,0,8,-8
219000269,8,1,7
219000270,5,0,5
219000271,41,2,39
219000278,0,9,-9
219000279,0,1,-1
219000283,0,14,-14
219000295,4,108,-104
219000296,71,683,-612
219000297,25,174,-149
219000298,15,272,-257
219000299,348,33,315
219000300,11,389,-378
219000301,131,330,-199
219000302,12,185,-173
219000307,40,69,-29
219000308,33,30,3
219000311,71,28,43
219000312,188,30,158
219000313,121,11,110
219000314,75,679,-604
219000315,73,17,56
219000316,243,14,229
219000317,56,9,47
219000320,1,65,-64
219000321,0,27,-27
219000323,7,80,-73
219000325,1,44,-43
219000326,81,123,-42
219000327,40,35,5
219000328,18,56,-38
219000329,284,78,206
219000330,54,24,30
219000331,16,30,-14
219000332,93,50,43
219000333,7,1,6
219000335,53,3,50
219000337,4,0,4
219000338,35,1,34
219000344,42,81,-39
219000345,49,141,-92
219000346,20,177,-157
219000348,74,170,-96
219000349,35,313,-278
219000350,22,104,-82
219000351,4,3,1
219000352,193,37,156
219000353,51,51,0
219000354,96,119,-23
219000355,73,42,31
219000356,1982,394,1588
219000363,272,17,255
219000364,77,19,58
219000365,58,11,47
219000366,287,117,170
219000368,466,340,126
219000370,1109,154,955
219000371,4,15,-11
219000382,1,17,-16
219000383,748,630,118
219000385,730,480,250
219000386,1207,1318,-111
219000387,0,2,-2
219000390,1,0,1
219000391,1,0,1
219000397,69,106,-37
219000398,65,27,38
219000401,4,105,-101
219000402,16,83,-67
219000403,62,188,-126
219000404,17,108,-91
219000407,3,41,-38
219000409,20,44,-24
219000410,29,25,4
219000411,35,10,25
219000446,265,433,-168
219000447,0,17,-17
219000448,6,4,2
219000452,89,49,40
219000453,55,94,-39
219000454,279,194,85
219000556,90,57,33
219000558,90,337,-247
219000590,12,226,-214
219000591,23,50,-27
219000592,99,409,-310
219000595,3,19,-16
219000635,34,21,13
219000636,22,113,-91
219000657,49,18,31
219000658,22,46,-24
219000673,0,13,-13
219000676,47,4,43
219000679,13,11,2
219000684,51,3,48
219000685,1,116,-115
219000686,5,0,5
219000688,0,105,-105
219000689,61,205,-144
219000690,237,31,206
219000691,83,124,-41
219000692,148,27,121
219000693,0,25,-25
219000694,8,0,8
219000695,7,2,5
219000698,10,0,10
219000699,0,13,-13
219000727,3,198,-195
219000728,117,2,115
219000770,19,0,19
219000771,0,40,-40
219000788,331,211,120
219001150,0,13,-13
219001151,0,4,-4
219001166,13,7,6
219001167,1,79,-78
219001178,19,2,17
220000001,7,51,-44
220000002,10,232,-222
220000003,321,289,32
220000004,906,745,161
220000005,2304,1861,443
220000006,171,874,-703
220000007,255,933,-678
220000008,332,1308,-976
220000009,211,839,-628
220000010,167,142,25
220000011,694,2161,-1467
220000012,215,252,-37
220000014,54,72,-18
220000015,42,204,-162
220000017,48,465,-417
220000018,6383,1358,5025
220000019,54,231,-177
220000020,305,273,32
220000021,432,213,219
220000022,367,544,-177
220000023,168,175,-7
220000024,1956,283,1673
220000025,1608,515,1093
220000026,200,202,-2
220000027,12,111,-99
220000028,32,26,6
220000029,78,205,-127
220000030,143,109,34
220000031,235,381,-146
220000064,24,1086,-1062
221000046,7,0,7
221000047,0,0,0
221000048,0,0,0
221000049,0,14,-14
221000050,8,0,8
221000055,36,45,-9
221000057,63,5,58
221000068,356,113,243
221000069,369,53,316
221000070,173,22,151
221000071,42,5,37
221000072,122,10,112
221000073,130,75,55
221000074,4,23,-19
221000075,45,21,24
221000076,11,23,-12
221000077,41,81,-40
221000081,12,6,6
221000082,42,4,38
221000083,58,2,56
221000084,5,5,0
221000085,16,60,-44
221000086,21,131,-110
221000087,2,214,-212
221000088,24,157,-133
221000089,36,214,-178
221000090,110,453,-343
221000098,84,15,69
221000099,93,8,85
221000100,37,9,28
221000101,238,10,228
221000102,145,17,128
221000109,8,67,-59
221000110,6,138,-132
221000111,10,180,-170
221000112,5,140,-135
221000113,18,195,-177
221000114,11,185,-174
221000120,12,30,-18
221000121,1,19,-18
221000122,9,19,-10
221000123,8,39,-31
221000124,27,311,-284
221000155,65,11,54
221000156,18,47,-29
221000175,2,6,-4
221000176,0,4,-4
221000182,20,6,14
221000241,646,182,464
221000242,202,336,-134
221000243,445,101,344
221000244,233,381,-148
221000245,64,127,-63
221000246,22,257,-235
221000247,39,134,-95
221000248,36,157,-121
221000267,43,902,-859
221000325,109,36,73
221000331,8,99,-91
221000338,2,11,-9
221000378,126,38,88
221000381,66,109,-43
222000282,4,0,4
222000296,4,25,-21
222000568,245,5,240
222000569,82,15,67
222000570,67,10,57
222000571,140,10,130
222000577,3,275,-272
222000578,17,287,-270
222000579,34,190,-156
222000580,146,1197,-1051
222000599,1,178,-177
222000600,3,360,-357
222000601,8,1066,-1058
222000603,19,20,-1
222000604,35,39,-4
222000605,17,18,-1
222000606,1,20,-19
222000607,0,0,0
222000608,12,6,6
222000609,34,436,-402
222000616,92,31,61
222000617,10,21,-11
222000618,15,2,13
222000620,53,8,45
222000621,121,15,106
222000623,371,5,366
222000624,231,0,231
222000625,229,61,168
222000636,29,3,26
222000686,15,17,-2
222000687,17,39,-22
222001066,241,3,238
222001067,6,4,2
222001068,10,65,-55
222001069,12,66,-54
222001082,2,77,-75
222001083,5,87,-82
222001084,0,37,-37
222001085,2,152,-150
222001111,13,259,-246
222001112,16,39,-23
222001313,14,1,13
222001314,3,135,-132
222001464,83,46,37
222001465,42,150,-108
222001484,54,64,-10
222001485,13,68,-55
222001494,140,93,47
222001495,147,461,-314
222001496,93,65,28
222001497,78,744,-666
222001502,24,157,-133
222001503,50,46,4
222001504,19,303,-284
222001505,169,17,152
222001506,48,228,-180
222001507,218,30,188
222001510,154,36,118
222001511,39,508,-469
222001514,704,124,580
222001515,282,780,-498
222001518,102,49,53
222001519,33,562,-529
222001527,161,38,123
222001528,66,236,-170
222001529,114,39,75
222001530,25,311,-286
222001533,124,515,-391
222001534,123,58,65
222001535,52,133,-81
222001536,109,463,-354
222001537,353,37,316
222001538,65,600,-535
222001563,190,109,81
222001564,29,1030,-1001
222001568,306,122,184
222001576,0,2,-2
222001579,0,6,-6
222001583,17,269,-252
222001584,54,24,30
222001596,824,1995,-1171
222001597,2249,364,1885
222001626,0,219,-219
222001650,120,75,45
222001651,161,160,1
222001914,334,63,271
222001915,70,251,-181
222001968,579,195,384
222001969,473,1057,-584
222001970,101,228,-127
222001971,3,26,-23
222001972,0,40,-40
225000001,282,101,181
225000002,224,79,145
225000003,207,90,117
225000004,169,247,-78
225000005,10,59,-49
225000006,0,135,-135
225000007,3828,1152,2676
225000010,116,11,105
225000011,462,620,-158
225000012,111,390,-279
225000013,121,185,-64
225000014,478,85,393
225000015,111,259,-148
225000021,658,140,518
225000027,237,543,-306
225000032,618,115,503
225000042,81,733,-652
225000049,24,62,-38
225000050,35,7,28
225000053,2,230,-228
225000058,403,127,276
225000067,201,243,-42
225000068,105,648,-543
225000069,153,633,-480
225000070,54,636,-582
225000071,13,431,-418
225000075,28,775,-747
225000076,68,127,-59
225000078,56,10,46
225000085,18,48,-30
225000086,64,30,34
225000087,118,13,105
225000088,6,143,-137
225000089,404,587,-183
225000090,23,362,-339
225000091,60,249,-189
225000092,15,126,-111
225000093,163,552,-389
225000094,17,524,-507
225000095,303,789,-486
225000096,116,452,-336
225000098,300,97,203
225000099,134,63,71
225000100,86,106,-20
225000104,58,413,-355
225000110,10,489,-479
225000111,182,1227,-1045
225000112,211,1072,-861
225000113,129,696,-567
225000114,61,269,-208
225000115,2757,701,2056
225000116,1054,55,999
225000117,1021,218,803
225000118,640,198,442
225000119,99,62,37
225000120,585,22,563
225000121,217,10,207
225000123,707,12,695
225000125,199,357,-158
225000126,996,214,782
225000127,1056,411,645
225000128,317,339,-22
225000132,225,23,202
225000133,254,12,242
225000134,435,63,372
225000135,42,14,28
225000136,97,13,84
225000137,68,48,20
225000138,219,19,200
225000143,100,176,-76
225000144,1,412,-411
225000145,38,32,6
225000146,22,117,-95
225000147,6,434,-428
225000148,4,297,-293
225000149,65,527,-462
225000151,17,337,-320
225000155,200,414,-214
225000156,141,683,-542
225000157,101,389,-288
225000158,57,458,-401
225000171,3,212,-209
225000180,63,65,-2
225000181,0,51,-51
225000182,80,9,71
225000185,8,270,-262
225000187,43,407,-364
225000191,117,5,112
225000194,0,8,-8
225000208,1,43,-42
225000209,21,30,-9
225000210,2,185,-183
225000217,0,18,-18
225000218,4,0,4
225000223,0,31,-31
225000224,47,1,46
225000225,4,9,-5
225000226,15,0,15
225000227,38,77,-39
225000228,5,2,3
225000229,0,80,-80
225000230,18,0,18
225000231,0,79,-79
225000232,57,0,57
225000241,35,0,35
225000242,1,32,-31
225000249,0,0,0
225000250,47,1056,-1009
225000251,227,26,201
225000254,0,0,0
225000256,1,2,-1
225000257,0,4,-4
226000042,411,456,-45
226000043,81,314,-233
226000044,166,845,-679
226000045,52,469,-417
226000046,269,51,218
226000047,182,65,117
226000048,371,47,324
226000049,225,67,158
226000070,0,75,-75
226000071,0,56,-56
226000072,0,9,-9
226000073,0,8,-8
226000074,0,7,-7
226000084,0,71,-71
226000085,3,4,-1
226000086,19,7,12
226000087,1,13,-12
226000088,73,10,63
226000090,132,40,92
226000091,21,7,14
226000092,2,1,1
226000093,83,0,83
226000094,6,1,5
226000095,7,2,5
226000105,16,0,16
226000106,8,2,6
226000107,4,0,4
226000108,26,0,26
226000109,36,0,36
226000124,129,63,66
226000134,299,408,-109
226000135,786,592,194
226000136,177,308,-131
226000137,6,510,-504
226000138,19,238,-219
226000139,1,12,-11
226000156,59,1,58
226000157,72,10,62
226000163,44,47,-3
226000202,9,566,-557
226000231,122,4,118
226000232,19,4,15
227000033,292,36,256
227000036,129,11,118
227000037,66,11,55
227000038,125,16,109
227000084,1,37,-36
227000085,1,40,-39
227000088,12,2,10
227000089,79,0,79
227000090,28,0,28
227000091,6,0,6
227000092,19,0,19
227000093,26,0,26
227000094,45,68,-23
227000130,28,88,-60
227000131,11,314,-303
227000132,12,269,-257
227000133,11,308,-297
227000134,15,447,-432
227000152,0,0,0
227000153,0,46,-46
227000154,1,27,-26
227000155,0,23,-23
227000156,0,11,-11
227000165,0,39,-39
227000196,126,430,-304
227000199,85,705,-620
227000230,46,706,-660
227000232,119,11,108
227000242,81,546,-465
227000243,406,36,370
227000245,20,421,-401
227000246,98,486,-388
227000247,218,68,150
227000248,51,17,34
227000249,16,301,-285
227000250,240,116,124
227000251,173,301,-128
227000252,14,471,-457
227000253,58,14,44
227000262,284,14,270
227000266,272,17,255
227000267,26,2556,-2530
227000282,10,328,-318
227000284,175,11,164
227000286,4,141,-137
227000287,8,252,-244
227000291,19,760,-741
227000296,369,311,58
227000484,254,15,239
227000485,31,838,-807
227000655,51,15,36
227000656,521,16,505
227000657,33,14,19
227000661,126,23,103
229000265,9,41,-32
229000296,19,35,-16
229000297,5,41,-36
229000298,4,156,-152
229000320,9,5,4
229000321,29,11,18
229000412,17,81,-64
229000414,8,60,-52
229000415,0,0,0
229000416,2,3,-1
229000417,3,12,-9
229000419,100,224,-124
229000440,223,78,145
229000442,3,10,-7
229000443,1,1,0
229000444,1,44,-43
229000445,13,4,9
229000446,84,9,75
229000491,0,50,-50
229000492,13,183,-170
229000493,2,178,-176
229000494,21,4,17
229000495,75,6,69
229000496,24,5,19
229000507,0,27,-27
229000508,1,28,-27
229000509,0,55,-55
229000510,1,39,-38
229000511,4,110,-106
229000512,0,46,-46
229000513,0,12,-12
229000514,1,3,-2
229000517,5,11,-6
229000518,3,48,-45
229000519,0,18,-18
229000520,5,57,-52
229000521,15,25,-10
229000522,2,17,-15
229000523,4,9,-5
229000524,1,6,-5
229000527,3,0,3
229000528,0,0,0
229000529,5,1,4
229000530,75,4,71
229000531,20,0,20
229000532,28,4,24
229000533,83,0,83
229000534,50,1,49
229000564,39,0,39
229000565,3,0,3
229000566,0,42,-42
229000567,0,99,-99
229000582,113,3,110
229000583,4,1,3
229000584,0,55,-55
229000585,3,53,-50
229000718,0,3,-3
229000719,0,0,0
229000720,0,33,-33
229000721,0,20,-20
229000722,0,29,-29
229000723,0,26,-26
229000724,0,2,-2
229000725,0,8,-8
229000738,0,2,-2
229000739,0,0,0
229000740,0,0,0
229000741,7,0,7
229000742,4,0,4
229000743,9,0,9
229000744,5,0,5
229000745,0,0,0
229000746,19,0,19
229000847,10,1,9
229000848,5,0,5
229000849,43,0,43
229000851,12,0,12
229000854,0,64,-64
229000856,3,154,-151
229000857,0,67,-67
229000858,0,150,-150
229000919,7,73,-66
229000930,1,191,-190
229000937,36,17,19
229000966,37,34,3
229000981,21,54,-33
229000985,0,56,-56
229000986,1,6,-5
229000987,0,11,-11
229000988,0,60,-60
229000989,2,3,-1
229000990,1,1,0
229000991,0,0,0
229000992,3,6,-3
229000993,146,12,134
229000998,7,50,-43
229000999,41,9,32
229001034,0,7,-7
229001035,3,0,3
229001037,29,9,20
229001042,6,18,-12
229001047,2,55,-53
229001050,20,66,-46
229001168,0,6,-6
229001200,0,4,-4
229001338,18,35,-17
229001394,197,0,197
229001422,67,17,50
229001423,25,135,-110
229001431,21,33,-12
229001432,48,80,-32
229001444,76,35,41
229001445,30,166,-136
229001479,6,4,2
229001503,84,62,22
229001504,78,200,-122
229001505,50,51,-1
229001506,30,180,-150
229001509,40,29,11
229001545,46,17,29
229001546,4,91,-87
229001553,19,10,9
229001554,12,96,-84
229001630,51,11,40
229001631,3,54,-51
229001635,0,5,-5
229001636,0,0,0
229001658,2,65,-63
229001659,72,4,68
229001660,1,2,-1
229001661,1,43,-42
229001662,24,1,23
229001663,0,22,-22
229002584,160,130,30
229002831,218,140,78
229002841,0,27,-27
229002842,13,14,-1
229002843,38,34,4
229002844,16,68,-52
229002845,6,58,-52
229002846,57,31,26
229002847,7,10,-3
229002848,11,16,-5
229002849,1,59,-58
229002850,2,0,2
229002851,23,120,-97
229002852,40,15,25
229002853,42,16,26
229002854,12,51,-39
229002855,3,31,-28
229002856,16,14,2
229002857,4,52,-48
229002858,1,15,-14
229002859,25,37,-12
229002860,32,33,-1
229002861,22,19,3
229002862,4,82,-78
229002863,10,27,-17
229002864,8,55,-47
229002865,2,5,-3
229002866,11,33,-22
229002867,12,31,-19
229002868,5,12,-7
229002869,7,134,-127
229002870,4,7,-3
235000066,355,42,313
235000067,115,77,38
235000072,28,41,-13
235000073,46,238,-192
235000074,19,133,-114
235000080,17,95,-78
235000081,66,220,-154
235000082,60,44,16
235000083,75,104,-29
235000084,39,62,-23
235000085,54,121,-67
235000089,4,37,-33
235000092,7,152,-145
235000093,4,3,1
235000097,1,4,-3
235000098,25,18,7
235000099,23,36,-13
235000116,77,13,64
235000117,807,13,794
235000133,10,238,-228
235000134,23,109,-86
235000206,9,2,7
235000207,2,2,0
235000208,0,0,0
235000209,4,1,3
235000210,2,0,2
235000212,2,14,-12
235000213,2,11,-9
235000220,0,0,0
235000221,21,9,12
235000238,2,13,-11
235000239,1,1,0
235000242,184,174,10
235000245,883,200,683
235000246,11,52,-41
235000284,7,105,-98
235000295,87,15,72
235000305,56,7,49
235000306,36,4,32
235000307,2,1,1
235000308,40,0,40
235000309,20,0,20
235000310,39,0,39
235000311,21,6,15
235000322,0,31,-31
235000323,1,63,-62
235000324,3,20,-17
235000325,0,11,-11
235000326,5,350,-345
235000351,7,48,-41
235000352,32,37,-5
235000353,0,32,-32
235000354,2,37,-35
235000355,0,95,-95
235000356,13,25,-12
235000357,13,15,-2
235000358,29,8,21
235000359,1,4,-3
235000360,42,6,36
235000361,25,3,22
235000381,33,311,-278
235000382,47,64,-17
235000390,18,3,15
235000391,88,14,74
235000392,45,132,-87
235000393,62,93,-31
235000395,48,33,15
235000396,130,46,84
235000400,86,30,56
235000401,34,203,-169
235000405,85,403,-318
235000406,34,280,-246
235000407,52,145,-93
235000409,224,197,27
235000410,31,192,-161
235000411,2,96,-94
235000485,0,8,-8
235000486,3,0,3
235000549,19,88,-69
235000550,27,237,-210
235000599,58,100,-42
235000600,3,6,-3
235000601,17,50,-33
235000602,43,218,-175
235000614,1,1,0
235000648,1,25,-24
235000649,14,3,11
235000685,0,1,-1
235000815,2,9,-7
235000834,0,4,-4
235000855,34,54,-20
235000862,15,233,-218
235000891,0,13,-13
235000892,16,6,10
235000901,49,125,-76
235000907,6,11,-5
235001010,29,77,-48
235001029,697,387,310
235001030,254,137,117
235001078,67,84,-17
235001079,82,137,-55
235001147,60,41,19
235001166,6,99,-93
235001167,6,84,-78
235001169,14,282,-268
235001188,0,0,0
235001189,1,0,1
235001197,47,13,34
235001200,39,25,14
235001207,180,20,160
235001210,80,135,-55
235001215,28,124,-96
235001239,0,47,-47
235001244,0,13,-13
235016267,0,27,-27
277101746,0,1,-1
277102712,3,1,2
277103813,0,0,0
277103814,0,0,0
277103898,0,10,-10
277104249,0,11,-11
277104250,0,6,-6
277104251,0,5,-5
277104252,0,2,-2
990011530,2,276,-274
990014944,1,607,-606
990015176,7,0,7
990015618,0,70,-70
990016032,3,469,-466
990032570,7,138,-131
990070001,27,1,26
990070103,0,2,-2
990070601,0,59,-59
990070751,173,4,169
990070766,2,1064,-1062
990071180,335,190,145
990071343,17,0,17
990071387,0,10,-10
990071823,179,5,174
990072600,4,674,-670
990072964,2,723,-721
990073285,0,0,0
990074393,2,1276,-1274
990074870,355,6,349
990075106,353,74,279
990075746,130,1,129
990076437,310,8,302
990076458,7,1508,-1501
997000007,89,3,86
997000041,0,138,-138
997000058,16,0,16
997000062,13,0,13
997000069,1,5,-4
997000070,0,58,-58
997000100,21,9,12
997000141,9,1412,-1403
997000198,1,526,-525
998000475,0,20,-20
998000736,0,354,-354
998000965,0,5,-5
998001031,0,69,-69
998001700,0,23,-23
998001899,0,4,-4
998001900,21,19,2
998003073,1068,2,1066
998101900,0,0,0
998102850,3,94,-91
998501927,425,365,60
998501929,116,2,114
998501930,60,0,60
998501931,64,26,38
998501932,9,1,8
998501933,42,1,41
998501937,1,1,0
998501944,0,0,0
998501970,134,64,70
998501971,0,66,-66
998501973,0,81,-81
998501974,1,328,-327
998501975,78,5,73
998501976,74,69,5
998501977,0,29,-29
998501978,23,1,22
998501979,0,8,-8
998501980,73,1,72
998501981,20,3,17
998501982,0,101,-101
998501983,0,0,0
998502006,0,0,0
998502024,0,4,-4
998502032,0,1,-1
998502062,8,0,8
998502063,0,0,0
998502173,22,0,22
998502269,0,1,-1
998601159,0,375,-375
998601292,2,15,-13
999033574,3,1255,-1252
999800001,21,3,18
999800002,0,2,-2
999800003,4,1,3
999800004,0,7,-7
999800005,0,9,-9
