ID,insum,outsum,diff
100000001,132,73,59
100000002,1154,1957,-803
100000003,1338,2232,-894
100000004,112,525,-413
100000005,1100,1648,-548
100000006,16,21,-5
100000007,102,160,-58
100000008,0,0,0
100000009,1,37,-36
100000010,0,13,-13
100000011,26,3,23
100000012,0,0,0
100000013,0,0,0
100000014,0,0,0
100000015,189,255,-66
100000016,0,0,0
100000017,0,0,0
100000018,125,57,68
100000019,128,299,-171
100000020,72,404,-332
100000021,1,0,1
100000022,55,204,-149
100000023,55,0,55
100000025,0,0,0
100000028,7,47,-40
100000029,0,0,0
100000030,0,0,0
100000031,193,742,-549
100000032,206,220,-14
100000033,91,155,-64
100000034,0,0,0
100000035,5,111,-106
100000036,8,84,-76
100000037,37,75,-38
100000038,345,109,236
100000039,129,10,119
100000040,0,15,-15
100000041,67,43,24
100000042,99,50,49
100000043,27,17,10
100000044,0,0,0
100000045,0,0,0
100000046,0,0,0
100000047,0,0,0
100000048,0,0,0
100000049,0,0,0
100000051,0,0,0
100000053,1,0,1
100000054,7,10,-3
100000055,0,0,0
100000056,7,30,-23
100000057,153,89,64
100000058,0,0,0
100000059,3,2,1
100000060,110,50,60
100000061,111,56,55
100000062,122,81,41
100000063,106,47,59
100000064,191,11,180
100000065,26,17,9
100000066,8,2,6
100000067,7,10,-3
100000068,14,21,-7
100000069,20,22,-2
100000072,0,0,0
100000073,0,0,0
100000075,0,0,0
100000076,142,1085,-943
100000077,27,55,-28
100000078,20,199,-179
100000079,3,130,-127
100000080,2,61,-59
100000081,2,29,-27
100000102,287,1286,-999
100000103,111,129,-18
100000104,131,206,-75
100000105,0,0,0
100000106,74,1306,-1232
100000107,13,339,-326
100000108,8,31,-23
100000109,136,29,107
100000116,142,112,30
100000117,2,68,-66
100000118,561,62,499
100000119,161,82,79
100000121,38,26,12
100000122,212,103,109
100000123,354,170,184
100000124,150,226,-76
100000125,57,129,-72
100000126,4,22,-18
100000127,10,18,-8
100000128,0,15,-15
100000129,41,16,25
100000130,0,0,0
100000131,0,0,0
100000132,21,187,-166
100000133,356,149,207
100000135,143,88,55
100000139,102,164,-62
100000140,0,0,0
100000142,102,41,61
100000143,0,0,0
100000144,0,0,0
100000147,343,1266,-923
100000150,15,22,-7
100000151,92,541,-449
100000153,0,0,0
100000154,0,0,0
100000155,0,52,-52
100000156,31,109,-78
100000157,329,155,174
100000158,62,113,-51
100000159,11,95,-84
100000165,78,15,63
100000169,0,0,0
100000174,0,0,0
100000179,5,26,-21
100000180,0,0,0
100000181,26,1,25
100000188,0,0,0
100000189,147,71,76
100000190,65,216,-151
100000191,4,195,-191
100000192,2,302,-300
100000193,36,38,-2
100000330,0,0,0
100000355,45,10,35
100000362,189,81,108
100000363,1926,2532,-606
100000364,0,0,0
100000365,3286,1622,1664
100000366,584,451,133
100000367,2573,1960,613
100000368,79,70,9
100000369,151,714,-563
100000370,3,41,-38
100000376,0,0,0
100000379,88,534,-446
100000380,933,1866,-933
100000384,1159,2358,-1199
100000385,130,754,-624
100000386,562,1131,-569
100000387,253,1270,-1017
100000388,1565,1301,264
100000389,1282,1968,-686
100000390,791,390,401
100000391,760,1979,-1219
100000392,196,221,-25
100000393,125,981,-856
100000394,163,373,-210
100000395,102,190,-88
100000396,337,397,-60
100000397,467,687,-220
100000398,2722,1182,1540
100900002,0,0,0
100900003,0,0,0
100900004,0,0,0
100900005,0,0,0
100900006,0,0,0
100900007,0,0,0
100900008,0,0,0
100900009,1,8,-7
100900010,0,0,0
100900011,0,0,0
100900012,0,0,0
100900013,0,0,0
100900014,0,0,0
100900015,0,0,0
100900016,0,0,0
100900017,0,0,0
100900018,0,0,0
100900019,0,0,0
100900020,0,0,0
100900021,0,0,0
100900022,0,0,0
100900023,0,0,0
100900024,0,0,0
100900025,0,0,0
100900026,0,0,0
100900027,2,0,2
100900028,0,0,0
100900029,0,0,0
100900030,0,0,0
100900031,1,0,1
100900032,0,0,0
100900033,0,0,0
100900034,0,0,0
100900035,0,0,0
100900036,0,0,0
100900037,0,0,0
100900038,0,0,0
100900039,0,0,0
100900040,0,0,0
100900041,0,0,0
100900042,8,4,4
100900043,0,0,0
100900044,0,0,0
100900045,0,0,0
100900046,0,0,0
100900047,0,0,0
100900048,0,0,0
100900049,0,0,0
100900050,0,0,0
100900051,0,0,0
100900052,0,0,0
100900053,0,0,0
100900054,0,0,0
100900055,0,0,0
100900056,0,0,0
100900057,0,0,0
100900058,0,0,0
100900059,0,0,0
100900060,0,0,0
100900061,0,0,0
100900062,0,0,0
100900063,0,0,0
100900064,0,0,0
100900065,0,0,0
100900066,0,2,-2
100900067,0,0,0
100900068,0,0,0
100900069,0,0,0
100900070,0,0,0
100900071,0,0,0
100900072,0,0,0
100900073,0,0,0
100900074,0,0,0
100900075,0,0,0
100900076,0,0,0
100900077,0,0,0
100900078,0,0,0
100900079,0,0,0
100900080,0,0,0
100900081,0,0,0
100900082,0,0,0
100900083,0,0,0
100900085,0,0,0
100900086,0,0,0
100900088,0,0,0
100900089,0,0,0
100900090,0,0,0
100900091,0,0,0
100900092,0,0,0
100900093,0,0,0
100900094,0,0,0
100900095,0,0,0
100900096,0,0,0
100900097,0,0,0
100900098,0,0,0
100900099,0,0,0
100900100,0,0,0
100900101,0,0,0
100900102,0,0,0
100900103,0,0,0
100900104,0,0,0
100900105,0,0,0
100900106,0,0,0
100900107,0,0,0
100900108,0,0,0
100900109,0,0,0
100900110,0,0,0
100900111,0,0,0
100900112,0,0,0
100900113,0,0,0
100900114,0,0,0
100900115,0,0,0
100900116,0,0,0
100900117,0,0,0
100900118,0,0,0
100900119,0,0,0
100900120,0,0,0
100900121,0,0,0
100900122,0,0,0
100900123,0,0,0
100900124,0,0,0
100900125,0,0,0
100900126,0,0,0
100900127,0,0,0
100900128,0,0,0
100900129,0,0,0
100900131,0,0,0
100900133,0,0,0
100900134,0,0,0
100900135,0,0,0
100900137,0,0,0
100900138,0,0,0
100900139,0,0,0
100900140,0,0,0
100900141,0,0,0
100900142,0,0,0
100900143,0,0,0
100900144,0,0,0
100900145,0,0,0
100900146,0,0,0
100900147,0,0,0
100900148,0,0,0
100900149,0,0,0
100900150,0,0,0
100900151,0,0,0
100900152,0,0,0
100900153,0,0,0
100900154,0,0,0
100900155,0,0,0
100900156,0,0,0
100900157,0,0,0
100900158,0,0,0
100900159,0,0,0
100900160,0,0,0
100900161,0,0,0
100900162,0,0,0
100900163,0,0,0
100900164,0,0,0
100900165,0,0,0
100900166,0,0,0
100900167,0,0,0
100900168,0,0,0
100900169,0,0,0
100900170,0,0,0
100900171,0,0,0
100900172,0,0,0
100900173,0,0,0
100900174,0,0,0
100900176,0,0,0
100900177,0,0,0
100900178,0,0,0
100900179,0,0,0
100900180,0,0,0
100900181,0,0,0
100900182,0,0,0
100900184,0,0,0
100900186,0,0,0
100900187,0,0,0
100900188,0,0,0
100900189,0,0,0
100900191,0,0,0
100900192,0,0,0
100900195,0,0,0
100900197,0,0,0
100900198,0,0,0
100900199,0,0,0
100900200,0,0,0
100900201,0,0,0
100900202,0,0,0
100900203,0,0,0
100900204,0,0,0
100900205,0,0,0
100900206,0,0,0
100900207,0,0,0
100900210,0,0,0
100900211,0,0,0
100900213,0,0,0
100900214,0,0,0
100900215,0,0,0
101000001,208,482,-274
101000002,46,148,-102
101000003,1,116,-115
101000004,1252,1834,-582
101000005,1019,1507,-488
101000006,457,129,328
101000007,68,456,-388
101000008,221,886,-665
101000009,236,89,147
101000010,74,50,24
101000011,15,66,-51
101000012,0,0,0
101000013,33,141,-108
101000014,71,137,-66
101000015,34,44,-10
101000016,0,0,0
101000017,0,0,0
101000018,126,13,113
101000020,111,22,89
101000021,29,194,-165
101000022,0,0,0
101000023,94,232,-138
101000025,0,0,0
101000026,0,0,0
101000027,163,286,-123
101000028,0,0,0
101000029,0,0,0
101000030,0,0,0
101000031,1,71,-70
101000032,890,1160,-270
101000033,44,25,19
101000034,68,148,-80
101000035,0,0,0
101000036,7,29,-22
101000037,103,331,-228
101000039,0,0,0
101000040,73,207,-134
101000041,1091,1919,-828
101000042,14,204,-190
101000043,70,198,-128
101000045,116,222,-106
101000046,463,541,-78
101000047,689,395,294
101000048,42,143,-101
101000049,1,1,0
101000050,75,275,-200
101000051,137,677,-540
101000052,147,687,-540
101000053,167,168,-1
101000054,273,56,217
101000055,424,628,-204
101000056,0,2,-2
101000057,48,0,48
101000058,47,374,-327
101000059,385,1528,-1143
101000060,37,3,34
101000061,121,1218,-1097
101000062,33,3,30
101000063,57,692,-635
101000064,54,2,52
101000065,36,283,-247
101000066,172,228,-56
101000067,112,14,98
101000068,39,18,21
101000069,157,17,140
101000070,194,15,179
101000071,116,98,18
101000072,1054,651,403
101000073,329,137,192
101000074,2019,559,1460
101000075,2017,417,1600
101000077,396,62,334
101000078,118,71,47
101000079,478,186,292
101000080,44,7,37
101000081,342,145,197
101000082,68,22,46
101000083,473,153,320
101000084,25,10,15
101000085,356,294,62
101000086,0,0,0
101000087,0,0,0
101000088,410,152,258
101000089,215,173,42
101000090,0,0,0
101000091,44,13,31
101000092,304,78,226
101000093,132,56,76
101000094,9,31,-22
101000095,2,19,-17
101000096,105,36,69
101000097,5,7,-2
101000098,3,13,-10
101000099,142,214,-72
101000100,6,7,-1
101000101,70,72,-2
101000102,120,146,-26
101000103,83,83,0
101000104,37,159,-122
101000105,10,35,-25
101000106,0,0,0
101000107,0,0,0
101000108,0,0,0
101000109,0,0,0
101000110,0,0,0
101000111,0,0,0
101000113,0,0,0
101000114,497,139,358
101000115,0,0,0
101000116,0,0,0
101000117,0,0,0
101000119,1,14,-13
101000120,0,0,0
101000121,0,0,0
101000122,0,0,0
101000123,0,0,0
101000124,0,0,0
101000125,0,0,0
101000128,0,0,0
101000130,28,18,10
101000131,56,74,-18
101000132,12,12,0
101000135,0,0,0
101000136,0,0,0
101000137,0,7,-7
101000141,213,1853,-1640
101000147,12,12,0
101000148,0,0,0
101000149,0,0,0
101000150,0,0,0
101000151,0,0,0
101000152,27,1,26
101000153,19,10,9
101000154,36,13,23
101000155,0,0,0
101000156,0,0,0
101000157,0,0,0
101000160,0,0,0
101000163,49,176,-127
101000164,2,0,2
101000165,155,81,74
101000166,3,50,-47
101000168,0,0,0
101000252,374,71,303
101000254,0,0,0
101000258,0,0,0
101000261,0,0,0
101000262,297,2144,-1847
101000263,69,363,-294
101000265,0,0,0
101000266,0,0,0
101000269,0,0,0
101000290,101,224,-123
101000293,0,0,0
101000294,32,20,12
101000295,3,22,-19
101000301,6,14,-8
101000304,196,612,-416
101000305,431,343,88
101900001,0,0,0
101900002,0,0,0
101900003,0,0,0
101900004,0,0,0
101900005,0,0,0
101900006,0,0,0
101900007,0,0,0
101900008,0,0,0
101900009,0,0,0
101900010,0,0,0
101900011,0,0,0
101900012,0,0,0
101900013,0,0,0
101900017,0,0,0
101900018,0,0,0
101900019,0,0,0
101900020,0,0,0
101900021,0,0,0
101900022,0,0,0
101900023,0,0,0
102000001,321,575,-254
102000002,114,59,55
102000003,222,347,-125
102000004,314,392,-78
102000005,59,412,-353
102000006,44,305,-261
102000007,91,467,-376
102000008,518,220,298
102000009,562,615,-53
102000010,342,302,40
102000011,265,648,-383
102000012,305,374,-69
102000018,95,148,-53
102000019,0,0,0
102000026,0,0,0
102000029,0,0,0
102000030,0,0,0
102000031,0,0,0
102000032,0,0,0
102000033,0,0,0
102000034,0,0,0
102000035,0,0,0
102000036,0,0,0
102000037,0,0,0
102000038,0,0,0
102000039,0,0,0
102000040,0,0,0
102000041,0,0,0
102000042,0,0,0
102000043,0,0,0
102000044,0,0,0
102000045,67,74,-7
102000046,0,0,0
102000047,59,53,6
102000048,0,0,0
102000049,0,0,0
102000050,120,57,63
102000051,0,0,0
102000052,174,64,110
102000053,0,0,0
102000054,44,18,26
102000055,27,0,27
102000056,357,84,273
102000057,87,121,-34
102000058,19,8,11
102000059,19,28,-9
102000060,420,310,110
102000061,22,33,-11
102000062,171,188,-17
102000063,17,9,8
102000064,10,35,-25
102000065,0,0,0
102000066,81,21,60
102000067,31,151,-120
102000068,338,341,-3
102000069,0,0,0
102000070,0,0,0
102000071,623,597,26
102000072,512,530,-18
102000073,0,0,0
102000074,0,0,0
102000075,0,0,0
102000076,0,0,0
102000077,15,0,15
102000078,0,0,0
102000079,4,0,4
102000080,0,0,0
102000081,3,5,-2
102000082,0,0,0
102000083,0,0,0
102000084,149,58,91
102000085,0,0,0
102000086,295,65,230
102000087,14,5,9
102000088,4,31,-27
102000089,145,80,65
102000090,69,200,-131
102000091,238,212,26
102000092,86,138,-52
102000093,200,189,11
102000094,163,78,85
102000095,0,0,0
102000096,877,193,684
102000097,0,0,0
102000098,191,128,63
102000099,82,9,73
102000100,33,61,-28
102000101,24,31,-7
102000102,25,67,-42
102000103,3,80,-77
102000104,0,0,0
102000105,0,0,0
102000106,0,0,0
102000107,0,0,0
102000108,0,0,0
102000109,0,0,0
102000110,0,0,0
102000111,0,0,0
102000112,0,0,0
102000113,0,0,0
102000114,0,0,0
102000115,0,0,0
102000116,0,78,-78
102000117,0,0,0
102000118,24,333,-309
102000119,0,0,0
102000120,0,1,-1
102000121,0,0,0
102000122,0,1,-1
102000123,0,0,0
102000124,1,1,0
102000125,0,0,0
102000126,0,1,-1
102000127,0,0,0
102000128,0,0,0
102000129,0,0,0
102000130,0,0,0
102000131,0,0,0
102000132,0,0,0
102000133,273,62,211
102000134,95,96,-1
102000135,0,0,0
102000136,0,0,0
102000137,0,0,0
102000138,0,0,0
102000139,0,0,0
102000140,0,0,0
102000141,0,0,0
102000142,0,0,0
102000143,0,0,0
102000144,0,0,0
102000145,0,0,0
102000146,0,0,0
102000147,0,0,0
102000148,0,0,0
102000149,0,0,0
102000150,0,0,0
102000151,0,0,0
102000152,0,0,0
102000153,0,0,0
102000154,0,0,0
102000155,0,0,0
102000156,0,0,0
102000157,0,0,0
102000158,0,0,0
102000159,0,0,0
102000161,0,0,0
102000162,0,0,0
102000163,0,3,-3
102000164,0,0,0
102000165,0,0,0
102000166,0,4,-4
102000167,0,0,0
102000168,4,6,-2
102000169,9,2,7
102000170,0,0,0
102000171,0,0,0
102000172,1,1,0
102000173,3,6,-3
102000174,0,0,0
102000175,25,10,15
102000176,2,1,1
102000178,32,0,32
102000179,11,9,2
102000180,37,1,36
102000181,84,10,74
102000182,40,7,33
102000183,212,140,72
102000184,14,6,8
102000185,414,117,297
102000186,51,10,41
102000187,38,9,29
102000188,220,77,143
102000189,94,12,82
102000190,301,271,30
102000191,77,33,44
102000192,0,0,0
102000193,0,0,0
102000194,0,0,0
102000195,0,0,0
102000196,0,0,0
102000197,0,0,0
102000198,0,0,0
102000199,0,0,0
102000200,0,0,0
102000201,0,0,0
102000202,0,0,0
102000203,0,0,0
102000204,0,0,0
102000205,0,0,0
102000206,0,0,0
102000207,0,0,0
102000208,0,0,0
102000209,0,0,0
102000210,0,0,0
102000211,0,0,0
102000212,0,0,0
102000213,0,0,0
102000214,0,0,0
102000215,0,0,0
102000216,0,0,0
102000217,0,0,0
102000218,0,0,0
102000219,0,0,0
102000225,183,185,-2
102000226,0,0,0
102000227,0,0,0
102000228,0,0,0
102000229,0,0,0
102000230,24,55,-31
102000231,0,0,0
102000232,0,0,0
102000233,55,63,-8
102000234,22,363,-341
102000236,0,0,0
102000237,0,0,0
102000238,0,0,0
102000240,0,0,0
102000241,0,0,0
102000243,0,2,-2
102000245,0,0,0
102000246,0,0,0
102000247,2,34,-32
102000248,29,147,-118
102000249,0,0,0
102000250,0,0,0
102000254,84,21,63
102000266,0,0,0
102000271,0,0,0
102000286,0,0,0
102000297,0,0,0
102000299,0,0,0
102000301,0,0,0
102000303,0,0,0
102000305,0,0,0
102000307,0,0,0
102000308,0,0,0
102900001,0,0,0
102900002,0,0,0
102900003,0,0,0
102900005,0,0,0
102900006,0,0,0
102900007,0,0,0
102900008,0,0,0
102900009,0,0,0
102900010,0,0,0
102900011,0,0,0
102900012,0,0,0
102900013,0,0,0
102900015,0,0,0
102900016,0,0,0
102900017,0,0,0
102900018,0,0,0
102900019,0,0,0
102900020,0,0,0
102900021,0,0,0
102900022,0,0,0
102900023,0,0,0
102900024,0,0,0
102900025,0,0,0
102900026,0,0,0
102900027,0,0,0
102900028,0,0,0
102900029,0,0,0
102900030,0,0,0
102900031,0,0,0
102900032,0,0,0
102900033,0,0,0
102900034,0,0,0
102900035,0,0,0
102900036,0,0,0
102900037,0,0,0
102900038,0,0,0
102900039,0,0,0
102900040,0,0,0
102900041,0,0,0
102900042,0,0,0
102900043,0,0,0
102900044,0,0,0
102900045,0,0,0
102900046,0,0,0
102900047,0,0,0
102900048,0,0,0
102900049,0,0,0
102900050,0,0,0
102900051,0,0,0
102900052,0,0,0
102900053,0,0,0
102900054,0,0,0
102900055,0,0,0
102900056,0,0,0
102900057,0,0,0
102900058,0,0,0
102900059,0,0,0
102900060,0,0,0
102900061,0,0,0
102900062,0,0,0
102900063,0,0,0
102900064,0,0,0
102900065,0,0,0
102900066,0,0,0
102900068,0,0,0
102900070,0,0,0
102900072,0,0,0
102900073,0,0,0
102900074,0,0,0
102900075,0,0,0
102900076,0,0,0
102900077,0,0,0
102900078,0,0,0
102900079,0,0,0
102900080,0,0,0
102900081,0,0,0
102900082,0,0,0
102900083,0,0,0
102900084,0,0,0
102900085,0,0,0
102900086,0,0,0
102900087,0,0,0
102900088,0,0,0
102900089,0,0,0
102900090,0,0,0
102900091,0,0,0
102900092,0,0,0
102900093,0,0,0
102900094,0,0,0
102900095,0,0,0
102900096,0,0,0
102900097,0,0,0
103000001,184,112,72
103000002,69,80,-11
103000003,75,152,-77
103000004,15,44,-29
103000005,506,338,168
103000006,181,192,-11
103000007,1,6,-5
103000008,0,0,0
103000009,45,133,-88
103000010,0,0,0
103000011,34,50,-16
103000012,606,424,182
103000013,110,34,76
103000014,428,644,-216
103000015,0,0,0
103000016,51,41,10
103000017,100,63,37
103000018,0,0,0
103000019,116,99,17
103000020,16,89,-73
103000021,1002,666,336
103000022,75,62,13
103000023,253,712,-459
103000024,0,0,0
103000025,0,129,-129
103000026,0,0,0
103000027,41,102,-61
103000028,13,32,-19
103000029,38,54,-16
103000030,104,68,36
103000031,143,352,-209
103000032,202,213,-11
103000033,1760,1003,757
103000034,21,57,-36
103000035,109,216,-107
103000036,9,240,-231
103000037,18,36,-18
103000038,243,266,-23
103000039,4,27,-23
103000040,18,50,-32
103000041,217,238,-21
103000042,104,29,75
103000043,79,117,-38
103000044,0,0,0
103000046,0,0,0
103000047,0,0,0
103000048,0,0,0
103000049,0,0,0
103000050,0,0,0
103000051,0,0,0
103000052,0,0,0
103000053,0,0,0
103000054,313,42,271
103000055,372,65,307
103000056,60,18,42
103000057,390,201,189
103000058,189,43,146
103000059,25,61,-36
103000060,60,25,35
103000061,113,161,-48
103000062,0,0,0
103000063,120,37,83
103000064,0,0,0
103000065,0,0,0
103000066,0,0,0
103000069,0,0,0
103000070,0,0,0
103000071,64,27,37
103000072,0,0,0
103000073,141,4,137
103000074,133,1,132
103000075,0,0,0
103000076,46,31,15
103000077,0,0,0
103000078,75,32,43
103000079,2,71,-69
103000080,254,77,177
103000081,34,159,-125
103000082,191,29,162
103000083,0,0,0
103000084,18,1,17
103000085,0,0,0
103000086,313,105,208
103000087,76,218,-142
103000088,0,0,0
103000089,39,139,-100
103000090,678,260,418
103000091,20,36,-16
103000092,203,81,122
103000093,0,0,0
103000094,56,45,11
103000095,0,0,0
103000096,129,17,112
103000097,0,0,0
103000098,159,19,140
103000099,0,0,0
103000100,0,0,0
103000101,169,12,157
103000102,0,0,0
103000103,121,13,108
103000104,2,0,2
103000105,43,1,42
103000106,5,2,3
103000107,114,6,108
103000108,2,1,1
103000109,0,0,0
103000110,53,17,36
103000111,0,0,0
103000112,37,22,15
103000113,0,0,0
103000114,299,127,172
103000115,6,8,-2
103000116,16,8,8
103000117,47,12,35
103000118,0,0,0
103000119,0,0,0
103000120,0,0,0
103000121,6,36,-30
103000122,337,840,-503
103000125,1,6,-5
103000126,34,0,34
103000127,0,5,-5
103000128,7,0,7
103000129,0,2,-2
103000130,49,1,48
103000131,5,21,-16
103000132,1,1,0
103000133,1,21,-20
103000134,187,115,72
103000135,61,44,17
103000136,318,120,198
103000137,35,138,-103
103000138,82,119,-37
103000139,0,0,0
103000140,22,11,11
103000141,0,0,0
103000142,19,11,8
103000143,0,0,0
103000144,43,17,26
103000145,0,2,-2
103000150,0,0,0
103000152,0,0,0
103000153,107,33,74
103000156,0,7,-7
103000157,27,0,27
103000159,0,0,0
103000162,13,0,13
103000163,2,37,-35
103000164,0,0,0
103000165,0,0,0
103000166,48,74,-26
103000167,54,12,42
103000168,0,0,0
103000169,5,16,-11
103000170,641,317,324
103000171,20,17,3
103000172,244,12,232
103000173,0,0,0
103000174,101,26,75
103000175,0,0,0
103000176,19,25,-6
103000177,0,0,0
103000178,0,0,0
103000179,0,0,0
103000183,121,11,110
103000185,31,0,31
103000186,3,1,2
103000187,0,0,0
103000188,0,1,-1
103000189,0,0,0
103000191,2,1,1
103000292,7,22,-15
103000293,26,190,-164
103000295,75,9,66
103000296,6,1,5
103000297,4,1,3
103000504,0,0,0
103000505,2,0,2
103000506,0,0,0
103000507,0,0,0
103000508,0,0,0
103000509,0,0,0
103900001,0,0,0
103900002,0,0,0
103900003,0,0,0
103900004,0,0,0
103900005,0,0,0
103900006,0,0,0
103900007,0,0,0
103900008,0,0,0
103900009,0,0,0
103900010,0,0,0
103900011,0,0,0
103900012,0,0,0
103900013,0,0,0
103900014,0,0,0
103900015,0,0,0
103900016,0,0,0
103900017,0,0,0
103900018,0,0,0
103900019,0,0,0
103900020,0,0,0
103900021,0,0,0
103900022,0,0,0
103900023,0,0,0
103900024,0,0,0
103900025,0,0,0
103900026,0,0,0
103900027,0,0,0
103900028,0,0,0
103900029,0,0,0
103900030,0,0,0
103900031,0,0,0
103900032,0,0,0
103900033,0,0,0
103900034,0,0,0
103900035,0,0,0
103900036,0,0,0
103900037,0,0,0
103900038,0,0,0
103900039,0,0,0
103900040,0,0,0
103900041,0,0,0
103900042,0,0,0
103900043,0,0,0
103900044,0,0,0
103900045,0,0,0
103900047,0,0,0
103900048,0,0,0
103900049,0,0,0
103900050,0,0,0
103900051,0,0,0
103900052,0,0,0
103900053,0,0,0
103900054,0,0,0
103900055,0,0,0
103900056,0,0,0
103900057,0,0,0
103900058,0,0,0
103900059,0,0,0
103900060,0,0,0
103900061,0,0,0
103900062,0,0,0
103900063,0,0,0
103900064,0,0,0
103900065,0,0,0
103900066,0,0,0
103900067,0,0,0
103900068,0,0,0
103900069,0,0,0
103900070,0,0,0
103900071,0,0,0
103900072,0,0,0
103900073,0,0,0
103900074,0,0,0
103900075,0,0,0
103900076,0,0,0
103900077,0,0,0
103900078,0,0,0
103900079,0,0,0
103900080,0,0,0
103900081,0,0,0
103900082,0,0,0
103900083,0,0,0
103900084,0,0,0
103900085,0,0,0
103900086,0,0,0
103900087,0,0,0
103900088,0,0,0
103900089,0,0,0
103900090,0,0,0
103900091,0,0,0
103900092,0,0,0
103900093,0,0,0
103900094,0,0,0
103900095,0,0,0
103900096,0,0,0
103900097,0,0,0
103900098,0,0,0
103900099,0,0,0
103900100,0,0,0
103900101,0,0,0
103900102,0,0,0
103900104,0,0,0
103900105,0,0,0
103900106,0,0,0
103900107,0,0,0
103900108,0,0,0
103900109,0,0,0
103900110,0,0,0
103900111,0,0,0
103900112,0,0,0
103900113,0,0,0
103900114,0,0,0
103900115,0,0,0
103900116,0,0,0
103900117,0,0,0
103900119,0,0,0
103900120,0,0,0
103900122,0,0,0
103900123,0,0,0
103900124,0,0,0
103900125,0,0,0
103900126,0,0,0
103900127,0,0,0
103900128,0,0,0
103900131,0,0,0
103900133,0,0,0
103900134,0,0,0
103900135,0,0,0
103900137,0,0,0
103900138,0,0,0
103900139,0,0,0
103900140,0,0,0
103900141,0,0,0
103900142,0,0,0
103900143,0,0,0
103900144,0,0,0
103900145,0,0,0
103900146,0,0,0
103900147,0,0,0
103900148,0,0,0
103900149,0,0,0
103900150,0,0,0
103900151,0,0,0
103900152,0,0,0
103900153,0,0,0
103900154,0,0,0
103900155,0,0,0
103900156,0,0,0
103900157,0,0,0
103900158,0,0,0
103900159,0,0,0
103900160,0,0,0
103900161,0,0,0
103900162,0,0,0
103900163,0,0,0
103900164,0,0,0
103900167,0,0,0
103900168,0,0,0
103900169,0,0,0
103900170,0,0,0
103900171,0,0,0
103900172,0,0,0
103900173,0,0,0
103900174,0,0,0
103900175,0,0,0
103900176,0,0,0
103900177,0,0,0
103900178,0,0,0
103900179,0,0,0
103900180,0,0,0
103900181,0,0,0
103900182,0,0,0
103900184,0,0,0
103900185,0,0,0
103900187,0,0,0
103900188,0,0,0
103900189,0,0,0
103900190,0,0,0
103900191,0,0,0
103900192,0,0,0
103900193,0,0,0
103900194,0,0,0
103900195,0,0,0
103900196,0,0,0
103900197,0,0,0
103900198,0,0,0
103900199,0,0,0
103900200,0,0,0
103900201,0,0,0
103900202,0,0,0
103900203,0,0,0
103900204,0,0,0
103900207,0,0,0
103900208,0,0,0
103900209,0,0,0
103900210,0,0,0
103900211,0,0,0
103900212,0,0,0
103900213,8,131,-123
103900214,52,108,-56
103900215,34,76,-42
103900216,0,0,0
103900217,0,0,0
103900218,0,0,0
103900219,0,0,0
103900233,0,0,0
103900235,0,0,0
103900236,0,0,0
103900242,0,0,0
103900243,0,0,0
103900244,0,0,0
103900245,0,0,0
103900246,0,0,0
103900247,0,0,0
103900248,0,0,0
103900249,0,0,0
103900250,0,0,0
103900251,0,0,0
103900253,0,0,0
103900254,0,0,0
103900255,0,0,0
103900256,0,0,0
103900257,0,0,0
103900258,0,0,0
103900259,0,0,0
103900261,0,0,0
103900262,0,0,0
103900263,0,0,0
103900264,0,0,0
103900265,0,0,0
103900266,0,0,0
103900267,0,0,0
104000001,625,344,281
104000002,40,155,-115
104000003,866,467,399
104000004,884,329,555
104000005,530,656,-126
104000006,1269,439,830
104000007,941,224,717
104000008,164,98,66
104000009,71,85,-14
104000010,47,56,-9
104000011,0,0,0
104000012,0,0,0
104000013,65,35,30
104000014,0,0,0
104000015,209,20,189
104000016,0,0,0
104000018,193,88,105
104000019,272,253,19
104000020,110,134,-24
104000021,156,121,35
104000022,64,61,3
104000023,162,40,122
104000024,0,0,0
104000026,0,0,0
104000027,33,31,2
104000028,251,34,217
104000029,25,58,-33
104000030,119,53,66
104000031,207,36,171
104000032,0,0,0
104000033,332,25,307
104000034,0,0,0
104000035,332,47,285
104000036,298,122,176
104000037,0,0,0
104000038,189,39,150
104000039,124,70,54
104000040,59,106,-47
104000041,84,25,59
104000042,94,39,55
104000043,93,38,55
104000044,76,23,53
104000045,170,34,136
104000046,101,60,41
104000047,71,357,-286
104000048,209,513,-304
104000049,3,4,-1
104000050,4,10,-6
104000051,0,0,0
104000052,249,181,68
104000053,110,65,45
104000054,3,2,1
104000055,377,151,226
104000056,0,0,0
104000057,0,0,0
104000058,400,67,333
104000059,136,273,-137
104000060,239,91,148
104000061,93,61,32
104000062,14,2,12
104000064,0,0,0
104000065,0,5,-5
104000069,0,0,0
104000070,0,0,0
104000071,0,0,0
104000072,34,5,29
104000075,0,0,0
104000076,0,0,0
104000082,199,304,-105
104000083,14,21,-7
104000084,1,30,-29
104000085,14,7,7
104000086,1,18,-17
104000087,2,2,0
104000090,0,0,0
104000092,0,0,0
104000094,0,0,0
104000095,82,333,-251
104000096,362,1,361
104000097,470,85,385
104000098,1025,64,961
104000100,1134,104,1030
104000101,179,244,-65
104000106,2,0,2
104000107,223,19,204
104000108,62,12,50
104000109,53,4,49
104000110,42,6,36
104000111,141,15,126
104000112,8,0,8
104000116,0,0,0
104000117,136,17,119
104000118,31,0,31
104000119,8,7,1
104000120,10,17,-7
104000121,2,47,-45
104000122,268,25,243
104000123,84,165,-81
104000124,350,650,-300
104000125,46,37,9
104000126,200,62,138
104000127,109,573,-464
104000128,290,21,269
104000129,166,0,166
104000130,5,0,5
104000131,0,0,0
104000132,0,0,0
104000133,46,30,16
104000134,167,100,67
104000135,82,178,-96
104000136,319,245,74
104000137,424,84,340
104000138,0,0,0
104000139,738,437,301
104000141,186,249,-63
104000142,0,0,0
104000143,0,0,0
104000144,0,0,0
104000145,288,57,231
104000146,0,0,0
104000147,0,0,0
104000148,76,64,12
104000149,0,0,0
104000150,286,164,122
104000151,0,0,0
104000152,0,0,0
104000153,216,137,79
104000154,0,0,0
104000155,183,112,71
104000157,104,19,85
104000158,27,11,16
104000159,10,13,-3
104000160,206,85,121
104000161,19,22,-3
104000162,48,83,-35
104000165,210,454,-244
104000167,94,156,-62
104000168,90,0,90
104000169,57,6,51
104000170,0,0,0
104000248,0,0,0
104000251,0,0,0
104000272,0,0,0
104000273,0,0,0
104000274,0,0,0
104000275,0,0,0
104000279,0,0,0
104000290,0,0,0
104000291,153,147,6
104000293,117,89,28
104000294,0,0,0
104000295,32,52,-20
104000296,277,156,121
104000297,59,231,-172
104000298,443,128,315
104000299,119,137,-18
104900001,0,0,0
104900002,0,0,0
104900003,0,0,0
104900004,0,0,0
104900005,0,0,0
104900006,0,0,0
104900007,0,0,0
104900009,0,0,0
104900010,0,0,0
104900011,0,0,0
104900012,0,0,0
104900013,0,0,0
104900014,0,0,0
104900015,0,0,0
104900016,0,0,0
104900017,0,0,0
104900018,0,0,0
104900019,0,0,0
104900020,0,0,0
104900021,0,0,0
104900022,0,0,0
104900023,0,0,0
104900024,0,0,0
104900025,0,0,0
104900026,0,0,0
104900027,0,0,0
104900028,0,0,0
104900029,0,0,0
104900030,0,0,0
104900031,0,0,0
104900032,0,0,0
104900033,0,0,0
104900034,0,0,0
104900035,0,0,0
104900036,0,0,0
104900037,0,0,0
104900038,0,0,0
104900039,0,0,0
104900040,0,0,0
104900041,0,0,0
104900042,0,0,0
104900043,0,0,0
104900044,0,0,0
104900045,0,0,0
104900046,0,0,0
104900047,0,0,0
104900048,0,0,0
104900049,0,0,0
104900050,0,0,0
104900051,0,0,0
104900052,0,0,0
104900053,0,0,0
104900054,0,0,0
104900055,0,0,0
104900056,0,0,0
104900057,0,0,0
104900058,0,0,0
104900059,0,0,0
104900060,0,0,0
104900061,0,0,0
104900063,0,0,0
104900064,0,0,0
104900065,0,0,0
104900066,0,0,0
104900067,0,0,0
104900068,0,0,0
104900070,0,0,0
104900071,0,0,0
104900072,0,0,0
104900073,0,0,0
104900074,0,0,0
104900075,0,0,0
104900076,0,0,0
104900077,0,0,0
104900078,0,0,0
104900079,0,0,0
104900080,0,0,0
104900082,0,0,0
104900085,0,0,0
104900087,0,0,0
104900089,0,0,0
104900090,0,0,0
104900091,0,0,0
104900093,0,0,0
104900097,0,0,0
104900098,0,0,0
104900099,0,0,0
104900100,0,0,0
104900102,0,0,0
104900103,0,0,0
104900104,0,0,0
104900106,0,0,0
104900107,0,0,0
104900108,0,0,0
104900109,0,0,0
104900110,0,0,0
104900111,0,0,0
104900112,0,0,0
104900113,0,0,0
104900114,0,0,0
104900115,0,0,0
104900116,0,0,0
104900118,0,0,0
104900119,0,0,0
104900120,0,0,0
104900121,0,0,0
104900122,0,0,0
104900123,0,0,0
104900124,0,0,0
104900125,0,0,0
104900126,0,0,0
104900127,0,0,0
104900128,0,0,0
104900129,0,0,0
105000001,1026,249,777
105000002,352,395,-43
105000003,439,350,89
105000004,8,47,-39
105000005,103,338,-235
105000006,193,424,-231
105000007,47,248,-201
105000008,0,384,-384
105000009,1841,1038,803
105000010,32,147,-115
105000011,857,759,98
105000012,57,102,-45
105000013,331,691,-360
105000014,2537,1537,1000
105000015,2075,2569,-494
105000016,198,255,-57
105000017,33,29,4
105000018,120,187,-67
105000019,0,0,0
105000020,0,0,0
105000021,0,0,0
105000022,5,4,1
105000023,0,0,0
105000028,0,0,0
105000029,17,22,-5
105000030,266,244,22
105000033,41,140,-99
105000034,0,0,0
105000037,0,0,0
105000038,345,264,81
105000039,145,221,-76
105000040,278,235,43
105000041,64,164,-100
105000042,1136,422,714
105000043,110,150,-40
105000044,270,54,216
105000045,24,48,-24
105000046,358,31,327
105000047,46,62,-16
105000048,456,236,220
105000049,4,3,1
105000050,412,176,236
105000051,0,0,0
105000052,118,45,73
105000053,2,2,0
105000054,99,52,47
105000055,1,1,0
105000056,411,309,102
105000057,51,3,48
105000058,8,23,-15
105000059,428,209,219
105000060,4,3,1
105000061,383,143,240
105000062,0,0,0
105000063,0,0,0
105000064,332,88,244
105000065,0,0,0
105000066,67,9,58
105000067,451,291,160
105000068,26,26,0
105000069,38,158,-120
105000070,63,37,26
105000071,190,202,-12
105000072,613,125,488
105000073,223,111,112
105000074,0,0,0
105000075,19,19,0
105000076,59,29,30
105000077,59,11,48
105000078,57,133,-76
105000079,7,32,-25
105000080,570,768,-198
105000081,0,0,0
105000082,278,622,-344
105000083,1094,851,243
105000084,0,0,0
105000085,678,843,-165
105000086,0,0,0
105000087,0,0,0
105000088,376,499,-123
105000089,54,56,-2
105000090,40,11,29
105000091,0,0,0
105000092,0,0,0
105000093,2,1,1
105000094,59,11,48
105000095,0,5,-5
105000096,173,333,-160
105000097,0,0,0
105000098,191,126,65
105000099,0,0,0
105000100,0,0,0
105000101,182,61,121
105000102,0,0,0
105000103,163,146,17
105000104,0,0,0
105000105,230,92,138
105000106,13,1,12
105000107,409,34,375
105000108,399,62,337
105000109,23,1,22
105000110,13,14,-1
105000111,4,0,4
105000112,53,41,12
105000113,0,0,0
105000114,38,118,-80
105000115,0,0,0
105000116,108,43,65
105000117,0,0,0
105000118,71,33,38
105000119,0,0,0
105000120,393,57,336
105000121,0,0,0
105000122,8,35,-27
105000123,225,34,191
105000124,129,46,83
105000125,178,50,128
105000126,86,60,26
105000127,148,27,121
105000128,32,13,19
105000129,23,90,-67
105000130,21,417,-396
105000131,0,0,0
105000132,116,133,-17
105000133,0,0,0
105000134,287,29,258
105000135,0,0,0
105000136,0,0,0
105000137,0,0,0
105000138,0,0,0
105000139,0,0,0
105000140,235,24,211
105000141,0,0,0
105000142,82,48,34
105000143,0,0,0
105000144,0,0,0
105000145,244,55,189
105000146,0,0,0
105000147,354,92,262
105000148,258,85,173
105000149,607,132,475
105000150,0,0,0
105000151,0,0,0
105000152,2,0,2
105000153,0,0,0
105000154,0,2,-2
105000155,0,0,0
105000156,5,2,3
105000157,42,17,25
105000158,46,20,26
105000159,29,8,21
105000160,69,25,44
105000161,33,8,25
105000162,14,34,-20
105000163,51,7,44
105000164,4,3,1
105000165,7,67,-60
105000166,22,47,-25
105000167,54,210,-156
105000168,173,135,38
105000169,50,20,30
105000170,0,0,0
105000171,0,0,0
105000172,29,1,28
105000173,6,1,5
105000174,0,11,-11
105000175,0,0,0
105000176,18,1,17
105000177,75,28,47
105000178,77,6,71
105000179,46,3,43
105000180,0,0,0
105000181,18,17,1
105000182,0,0,0
105000183,0,0,0
105000184,0,0,0
105000185,47,229,-182
105000186,0,0,0
105000187,91,32,59
105000188,5,45,-40
105000189,0,0,0
105000190,100,82,18
105000191,9,0,9
105000192,135,48,87
105000193,0,17,-17
105000194,98,4,94
105000195,2,2,0
105000196,2,19,-17
105000197,2,3,-1
105000198,0,0,0
105000199,1,39,-38
105000200,56,145,-89
105000201,18,0,18
105000203,0,0,0
105000204,16,8,8
105000205,0,0,0
105000207,0,0,0
105000208,42,147,-105
105000209,0,0,0
105000212,118,15,103
105000213,71,28,43
105000214,12,6,6
105000215,137,114,23
105000216,13,0,13
105000217,0,0,0
105000218,157,52,105
105000221,21,4,17
105000222,77,0,77
105000223,16,1,15
105000226,0,2,-2
105000227,15,1,14
105000228,0,21,-21
105000229,15,228,-213
105000231,178,55,123
105000233,359,366,-7
105000234,48,256,-208
105000235,153,141,12
105000237,58,2,56
105000243,0,0,0
105000248,0,0,0
105000262,1,0,1
105000269,0,0,0
105000270,51,0,51
105000271,0,0,0
105000282,18,2,16
105000287,0,0,0
105000288,1,12,-11
105000289,226,353,-127
105000290,0,1,-1
105000402,29,93,-64
105000426,0,1,-1
105000438,30,184,-154
105000446,545,494,51
105000447,146,42,104
105000454,0,0,0
105000455,0,0,0
105000474,2,0,2
105000477,0,0,0
105000478,573,1369,-796
105000479,0,0,0
105000480,1939,1867,72
105000481,871,494,377
105000482,132,236,-104
105000483,295,928,-633
105000484,98,328,-230
105000485,342,1231,-889
105000486,243,428,-185
105000488,59,259,-200
105000489,299,130,169
105000549,0,24,-24
105000550,0,0,0
105000551,29,16,13
105000552,128,83,45
105900001,0,0,0
105900002,0,0,0
105900003,0,0,0
105900004,0,0,0
105900005,0,0,0
105900006,0,0,0
105900007,0,0,0
105900008,0,0,0
105900009,0,0,0
105900011,0,0,0
105900012,0,0,0
105900013,0,0,0
105900014,0,0,0
105900015,0,0,0
105900016,0,0,0
105900017,0,0,0
105900018,0,0,0
105900019,0,0,0
105900020,0,0,0
105900021,0,0,0
105900022,0,0,0
105900023,0,0,0
105900024,0,0,0
105900025,0,0,0
105900026,0,0,0
105900027,0,0,0
105900028,0,0,0
105900029,0,0,0
105900030,0,0,0
105900031,0,0,0
105900032,0,0,0
105900033,0,0,0
105900034,0,0,0
105900035,0,0,0
105900036,0,0,0
105900037,0,0,0
105900038,0,0,0
105900039,0,0,0
105900040,0,0,0
105900041,0,0,0
105900042,0,0,0
105900043,0,0,0
105900044,0,0,0
105900045,0,0,0
105900046,0,0,0
105900047,0,0,0
105900048,47,2,45
105900050,0,0,0
105900051,0,0,0
105900052,0,0,0
105900053,0,0,0
105900054,0,0,0
105900056,0,0,0
105900057,0,0,0
105900058,0,0,0
105900059,0,0,0
106000001,873,473,400
106000002,6,172,-166
106000003,1343,858,485
106000004,46,413,-367
106000005,2476,1463,1013
106000006,92,401,-309
106000007,639,102,537
106000008,62,94,-32
106000009,573,240,333
106000010,31,64,-33
106000011,942,509,433
106000012,17,42,-25
106000013,1193,551,642
106000014,64,94,-30
106000015,1224,503,721
106000016,69,150,-81
106000017,767,168,599
106000018,174,181,-7
106000019,219,99,120
106000020,5,68,-63
106000021,339,133,206
106000022,51,44,7
106000023,536,80,456
106000024,30,96,-66
106000025,217,122,95
106000026,21,50,-29
106000027,786,405,381
106000028,7,78,-71
106000029,46,59,-13
106000030,0,0,0
106000034,0,0,0
106000035,197,274,-77
106000036,0,0,0
106000037,0,0,0
106000038,0,0,0
106000039,0,0,0
106000040,0,0,0
106000041,186,58,128
106000043,130,10,120
106000046,0,0,0
106000047,0,0,0
106000049,178,8,170
106000050,0,0,0
106000051,94,110,-16
106000052,0,0,0
106000053,285,49,236
106000054,0,0,0
106000055,131,13,118
106000056,0,0,0
106000057,275,60,215
106000058,0,0,0
106000059,248,127,121
106000060,0,0,0
106000061,36,140,-104
106000062,0,0,0
106000063,630,196,434
106000064,0,0,0
106000065,200,31,169
106000066,8,1,7
106000067,184,22,162
106000068,4,2,2
106000069,22,1,21
106000070,10,6,4
106000071,243,8,235
106000072,265,303,-38
106000073,343,147,196
106000074,207,227,-20
106000075,194,157,37
106000076,617,141,476
106000077,873,204,669
106000078,352,57,295
106000079,511,59,452
106000080,475,30,445
106000081,277,149,128
106000082,421,18,403
106000083,239,111,128
106000084,400,18,382
106000085,438,256,182
106000086,493,147,346
106000087,213,15,198
106000088,258,17,241
106000089,465,32,433
106000090,370,45,325
106000091,4,0,4
106000092,176,38,138
106000093,179,0,179
106000094,0,0,0
106000095,289,26,263
106000096,312,26,286
106000097,243,34,209
106000098,233,32,201
106000099,20,15,5
106000100,682,20,662
106000101,344,8,336
106000102,26,14,12
106000103,12,106,-94
106000104,139,47,92
106000105,18,86,-68
106000106,143,25,118
106000107,22,100,-78
106000108,69,2,67
106000109,12,63,-51
106000110,75,14,61
106000111,5,73,-68
106000112,179,37,142
106000113,7,61,-54
106000114,18,5,13
106000115,14,50,-36
106000116,78,63,15
106000117,0,0,0
106000118,412,123,289
106000119,0,0,0
106000120,331,169,162
106000121,14,17,-3
106000122,0,0,0
106000123,14,3,11
106000124,0,0,0
106000125,0,0,0
106000126,28,1,27
106000127,0,0,0
106000128,149,21,128
106000129,0,0,0
106000130,276,54,222
106000131,0,0,0
106000132,169,8,161
106000133,0,0,0
106000134,269,35,234
106000135,0,0,0
106000136,334,76,258
106000137,0,0,0
106000138,190,11,179
106000139,117,15,102
106000140,0,0,0
106000141,0,0,0
106000142,37,7,30
106000143,0,0,0
106000144,154,16,138
106000145,0,0,0
106000146,274,109,165
106000147,75,13,62
106000148,122,121,1
106000149,286,30,256
106000150,129,70,59
106000151,340,101,239
106000152,127,115,12
106000153,0,47,-47
106000154,17,6,11
106000155,38,21,17
106000156,388,41,347
106000157,157,90,67
106000158,667,128,539
106000159,241,59,182
106000160,204,242,-38
106000161,107,6,101
106000162,172,44,128
106000163,32,9,23
106000164,145,10,135
106000165,58,25,33
106000166,354,22,332
106000167,127,88,39
106000168,201,30,171
106000169,43,38,5
106000170,180,22,158
106000171,42,72,-30
106000172,531,55,476
106000173,62,171,-109
106000174,205,8,197
106000175,88,6,82
106000176,307,66,241
106000177,0,0,0
106000178,406,90,316
106000179,0,0,0
106000180,122,37,85
106000181,72,81,-9
106000182,651,34,617
106000183,597,56,541
106000184,416,46,370
106000185,71,24,47
106000186,75,3,72
106000187,9,11,-2
106000188,0,0,0
106000189,0,5,-5
106000190,16,2,14
106000191,159,5,154
106000192,0,0,0
106000193,117,51,66
106000194,1,16,-15
106000195,38,2,36
106000196,0,35,-35
106000197,208,0,208
106000198,0,10,-10
106000199,94,9,85
106000200,18,70,-52
106000201,32,35,-3
106000202,13,17,-4
106000203,0,0,0
106000204,21,4,17
106000205,0,0,0
106000206,21,0,21
106000207,0,28,-28
106000208,386,38,348
106000209,674,76,598
106000210,1,32,-31
106000211,18,102,-84
106000212,642,97,545
106000213,0,0,0
106000214,310,43,267
106000215,0,63,-63
106000216,135,39,96
106000217,1,88,-87
106000218,106,23,83
106000219,22,82,-60
106000220,128,16,112
106000221,0,0,0
106000222,49,11,38
106000223,172,16,156
106000224,0,0,0
106000225,5,151,-146
106000226,0,0,0
106000228,0,0,0
106000229,0,0,0
106000231,198,0,198
106000232,0,0,0
106000233,46,16,30
106000234,0,0,0
106000235,59,37,22
106000236,0,0,0
106000237,0,0,0
106000238,0,0,0
106000239,0,0,0
106000240,1,0,1
106000241,0,60,-60
106000242,83,35,48
106000249,80,11,69
106000250,0,65,-65
106000251,0,0,0
106000252,0,0,0
106000253,0,0,0
106000254,0,0,0
106000255,0,0,0
106000256,0,0,0
106000257,25,31,-6
106000258,0,0,0
106000259,0,0,0
106000260,0,0,0
106000261,0,0,0
106000262,0,0,0
106000263,0,0,0
106000264,0,0,0
106000265,0,0,0
106000266,0,0,0
106000267,0,0,0
106000268,0,0,0
106000269,0,0,0
106000270,28,2,26
106000271,0,0,0
106000272,0,0,0
106000273,0,0,0
106000274,0,0,0
106000275,0,0,0
106000276,0,0,0
106000277,0,0,0
106000278,0,0,0
106000279,0,0,0
106000280,0,0,0
106000281,0,0,0
106000282,0,0,0
106000283,0,0,0
106000284,0,0,0
106000285,0,0,0
106000286,0,0,0
106000287,0,0,0
106000288,0,0,0
106000289,0,0,0
106000290,0,0,0
106000291,0,0,0
106000292,0,0,0
106000293,0,0,0
106000294,0,0,0
106000295,0,0,0
106000296,0,0,0
106000297,0,0,0
106000298,0,0,0
106000299,0,0,0
106000300,0,0,0
106000301,0,0,0
106000303,0,0,0
106000304,0,0,0
106000305,0,0,0
106000306,0,0,0
106000307,0,0,0
106000308,0,0,0
106000309,0,0,0
106000310,24,6,18
106000311,74,39,35
106000312,3,20,-17
106000313,8,22,-14
106000318,0,0,0
106000319,343,53,290
106000320,0,0,0
106000321,0,0,0
106000322,0,0,0
106000324,0,0,0
106000325,1424,386,1038
106000326,30,70,-40
106000327,61,3,58
106000328,0,0,0
106000329,2,0,2
106000330,0,16,-16
106000428,83,220,-137
106000429,0,0,0
106000430,0,0,0
106000431,386,260,126
106000432,12,128,-116
106000433,978,541,437
106000434,1079,537,542
106000435,5,103,-98
106000436,0,0,0
106000437,14,7,7
106000438,9,9,0
106000439,2,0,2
106000440,16,31,-15
106000441,1,1,0
106000442,48,0,48
106000443,76,93,-17
106000450,0,0,0
106000451,4,37,-33
106000454,0,0,0
106000455,0,21,-21
106000456,78,0,78
106000457,0,0,0
106000458,172,27,145
106000459,0,0,0
106000460,314,15,299
106000461,0,0,0
106000462,0,0,0
106000463,0,4,-4
106000464,0,0,0
106000465,163,0,163
106000466,0,0,0
106000467,0,79,-79
106000468,28,26,2
106000469,51,0,51
106000470,0,0,0
106000471,0,0,0
106000472,9,1,8
106000473,0,0,0
106000474,18,68,-50
106000475,89,103,-14
106000476,14,8,6
106000477,0,0,0
106900001,0,0,0
106900002,0,0,0
106900003,0,0,0
106900004,0,0,0
106900006,0,0,0
106900007,0,0,0
106900008,0,0,0
106900009,0,0,0
106900010,0,0,0
106900012,0,0,0
106900013,0,0,0
106900014,0,0,0
106900015,0,0,0
106900016,0,0,0
106900017,0,0,0
106900018,0,0,0
106900019,0,0,0
106900020,0,0,0
106900021,0,0,0
106900022,0,0,0
106900023,0,0,0
106900024,0,0,0
106900025,0,0,0
106900026,0,0,0
106900027,142,1,141
107000001,1544,2298,-754
107000002,252,441,-189
107000003,4728,4426,302
107000004,517,401,116
107000005,4424,3338,1086
107000006,357,261,96
107000007,2084,2709,-625
107000008,584,405,179
107000009,4381,3661,720
107000010,542,408,134
107000011,0,0,0
107000012,0,0,0
107000013,0,0,0
107000014,0,0,0
107000015,0,0,0
107000016,0,0,0
107000017,76,5,71
107000018,0,0,0
107000020,107,499,-392
107000021,11,3,8
107000022,82,428,-346
107000023,407,0,407
107000024,105,228,-123
107000025,51,21,30
107000026,64,61,3
107000027,258,50,208
107000028,54,124,-70
107000029,925,136,789
107000030,128,144,-16
107000031,848,272,576
107000032,94,111,-17
107000033,241,100,141
107000034,0,0,0
107000035,53,37,16
107000036,0,0,0
107000037,5,141,-136
107000038,9,39,-30
107000039,124,353,-229
107000040,42,7,35
107000041,472,110,362
107000042,69,57,12
107000043,415,92,323
107000044,26,6,20
107000045,5,3,2
107000046,495,98,397
107000047,58,85,-27
107000048,322,78,244
107000049,41,117,-76
107000050,298,100,198
107000051,22,212,-190
107000052,325,163,162
107000053,306,56,250
107000054,16,171,-155
107000055,243,92,151
107000056,63,72,-9
107000057,102,180,-78
107000058,1198,1191,7
107000059,0,0,0
107000060,2404,1987,417
107000061,65,50,15
107000062,2127,1062,1065
107000063,9,27,-18
107000064,1305,981,324
107000065,86,6,80
107000066,660,621,39
107000067,194,118,76
107000068,177,164,13
107000069,158,301,-143
107000070,223,5,218
107000071,968,26,942
107000072,0,0,0
107000073,183,58,125
107000074,0,0,0
107000075,1418,62,1356
107000076,0,0,0
107000077,1442,77,1365
107000078,0,0,0
107000079,1129,99,1030
107000080,0,0,0
107000081,1064,187,877
107000082,0,0,0
107000083,485,495,-10
107000084,0,0,0
107000085,732,607,125
107000086,128,380,-252
107000087,618,198,420
107000088,111,148,-37
107000089,284,182,102
107000090,91,67,24
107000091,415,135,280
107000092,67,72,-5
107000093,341,333,8
107000094,47,87,-40
107000095,1338,714,624
107000096,0,0,0
107000097,314,241,73
107000098,0,0,0
107000099,275,207,68
107000100,0,0,0
107000101,179,125,54
107000102,0,0,0
107000103,247,94,153
107000104,0,0,0
107000105,347,114,233
107000106,0,0,0
107000107,269,118,151
107000108,0,0,0
107000109,199,15,184
107000110,0,0,0
107000111,173,2,171
107000112,0,0,0
107000113,328,33,295
107000114,0,0,0
107000115,425,62,363
107000116,0,0,0
107000117,262,46,216
107000118,0,0,0
107000119,788,227,561
107000120,0,0,0
107000121,400,56,344
107000122,13,113,-100
107000123,464,32,432
107000124,6,51,-45
107000125,641,29,612
107000126,37,76,-39
107000127,0,0,0
107000129,0,0,0
107000130,290,153,137
107000131,0,0,0
107000132,395,257,138
107000133,2,0,2
107000134,37,1,36
107000135,0,0,0
107000136,149,0,149
107000137,0,0,0
107000138,1,0,1
107000139,0,0,0
107000140,87,0,87
107000141,0,0,0
107000142,65,0,65
107000143,0,1,-1
107000144,52,1,51
107000145,3,15,-12
107000146,0,0,0
107000147,2,25,-23
107000150,0,0,0
107000151,0,0,0
107000152,14,76,-62
107000153,0,0,0
107000154,0,0,0
107000155,46,2,44
107000156,131,0,131
107000157,0,3,-3
107000158,35,0,35
107000159,0,1,-1
107000160,93,81,12
107000161,0,1,-1
107000162,5,84,-79
107000163,38,0,38
107000164,0,0,0
107000165,0,0,0
107000166,0,0,0
107000167,0,0,0
107000168,502,37,465
107000169,4,12,-8
107000170,510,96,414
107000171,4,14,-10
107000172,308,170,138
107000173,1,3,-2
107000174,130,220,-90
107000175,55,16,39
107000176,0,0,0
107000177,0,0,0
107000178,0,0,0
107000179,0,0,0
107000180,610,33,577
107000181,0,0,0
107000182,410,56,354
107000183,0,0,0
107000184,456,49,407
107000185,0,0,0
107000186,381,69,312
107000187,89,68,21
107000188,0,0,0
107000189,36,20,16
107000190,0,0,0
107000191,157,119,38
107000192,0,0,0
107000193,52,50,2
107000194,0,0,0
107000197,233,53,180
107000198,0,0,0
107000199,153,69,84
107000200,6,54,-48
107000201,75,59,16
107000202,98,30,68
107000203,85,159,-74
107000204,78,575,-497
107000205,76,63,13
107000206,47,455,-408
107000207,21,57,-36
107000208,30,49,-19
107000209,0,0,0
107000210,0,0,0
107000211,0,0,0
107000212,0,0,0
107000213,0,0,0
107000214,0,0,0
107000215,0,0,0
107000216,0,0,0
107000217,0,0,0
107000219,0,0,0
107000220,0,0,0
107000222,11,27,-16
107000224,14,1,13
107000225,0,0,0
107000226,78,10,68
107000227,0,0,0
107000228,0,0,0
107000229,0,0,0
107000230,32,11,21
107000231,84,131,-47
107000232,0,0,0
107000233,0,0,0
107000234,0,0,0
107000235,185,7,178
107000236,0,0,0
107000237,24,0,24
107000238,21,1,20
107000239,0,0,0
107000240,0,0,0
107000241,0,0,0
107000242,0,0,0
107000243,0,0,0
107000244,8,0,8
107000246,0,0,0
107000249,0,0,0
107000251,0,0,0
107000252,0,0,0
107000255,0,0,0
107000257,0,0,0
107000258,0,0,0
107000259,0,0,0
107000260,0,0,0
107000262,0,0,0
107000263,0,0,0
107000266,0,0,0
107000267,0,0,0
107000268,0,0,0
107000269,0,0,0
107000270,0,0,0
107000271,0,0,0
107000272,0,0,0
107000273,0,0,0
107000274,7,0,7
107000275,0,0,0
107000280,93,4,89
107000281,0,0,0
107000282,0,0,0
107000290,0,0,0
107000291,0,0,0
107000292,0,0,0
107000293,0,0,0
107000294,0,0,0
107000295,0,0,0
107000296,0,5,-5
107000444,42,0,42
107000496,0,0,0
107000497,0,0,0
107000500,0,0,0
107000501,0,0,0
107000502,0,0,0
107000505,1,33,-32
107000506,0,0,0
107000508,0,0,0
107000509,49,54,-5
107000510,0,0,0
107000514,0,0,0
107000515,0,0,0
107000516,149,103,46
107000518,349,61,288
107000519,0,0,0
107000520,0,0,0
107900001,0,0,0
107900002,0,0,0
107900003,0,0,0
107900004,0,0,0
107900005,0,0,0
107900006,0,0,0
107900007,0,0,0
107900008,0,0,0
107900009,0,0,0
107900010,0,0,0
107900012,0,0,0
107900013,0,0,0
107900014,0,0,0
107900015,0,0,0
107900016,0,0,0
107900017,0,0,0
107900018,0,0,0
107900019,0,0,0
107900020,0,0,0
107900021,0,0,0
107900023,0,0,0
107900024,0,0,0
107900025,0,0,0
107900026,0,0,0
107900027,0,0,0
107900028,0,0,0
107900030,0,0,0
107900031,0,0,0
107900032,0,0,0
107900033,0,0,0
107900034,0,0,0
107900035,0,0,0
107900036,0,0,0
107900037,0,0,0
107900038,0,0,0
107900039,0,0,0
107900040,0,0,0
107900041,0,0,0
107900043,0,0,0
107900044,0,0,0
107900045,0,0,0
107900046,0,0,0
107900047,0,0,0
107900048,0,0,0
107900049,0,0,0
107900050,0,0,0
107900051,0,0,0
107900052,0,0,0
107900053,0,0,0
107900055,0,0,0
107900056,0,0,0
107900057,0,0,0
107900058,0,0,0
107900060,0,0,0
107900061,0,0,0
107900063,0,0,0
107900064,0,0,0
107900065,0,0,0
107900066,0,0,0
107900067,0,0,0
107900068,0,0,0
107900069,0,0,0
107900070,0,0,0
107900071,0,0,0
107900072,0,0,0
107900073,0,0,0
107900074,0,0,0
107900076,0,0,0
107900077,0,0,0
107900078,0,0,0
107900079,0,0,0
107900080,0,0,0
107900081,0,0,0
107900082,0,0,0
107900083,0,0,0
107900084,0,0,0
107900086,0,0,0
107900087,0,0,0
107900088,0,0,0
107900089,0,0,0
107900090,0,0,0
107900091,0,0,0
107900092,0,0,0
107900093,0,0,0
107900095,0,0,0
107900097,0,0,0
107900098,0,0,0
107900100,0,0,0
107900101,0,0,0
107900102,0,0,0
107900103,0,0,0
107900104,0,0,0
107900105,0,0,0
107900106,0,0,0
107900107,0,0,0
107900108,0,0,0
107900109,0,0,0
107900110,0,0,0
107900111,0,0,0
107900112,0,0,0
107900113,0,0,0
107900114,0,0,0
107900115,0,0,0
107900116,0,0,0
107900117,0,0,0
107900118,0,0,0
107900119,0,0,0
107900120,0,0,0
107900121,0,0,0
107900122,0,0,0
107900123,0,0,0
107900124,0,0,0
107900125,0,0,0
107900126,0,0,0
107900127,0,0,0
107900128,0,0,0
107900129,0,0,0
107900130,0,0,0
107900131,0,0,0
107900132,0,0,0
107900133,0,0,0
107900134,0,0,0
107900135,0,0,0
107900136,0,0,0
107900137,0,0,0
107900138,0,0,0
107900139,0,0,0
107900140,0,0,0
107900141,0,0,0
107900142,0,0,0
107900143,0,0,0
107900144,0,0,0
107900145,0,0,0
107900146,0,0,0
107900147,0,0,0
107900148,0,0,0
107900149,0,0,0
107900150,0,0,0
107900151,0,0,0
107900152,0,0,0
107900153,0,0,0
107900154,0,0,0
107900155,0,0,0
107900156,0,0,0
107900157,0,0,0
107900158,0,0,0
107900159,0,0,0
107900160,0,0,0
107900161,0,0,0
107900162,0,0,0
107900163,0,0,0
107900164,0,0,0
107900165,0,0,0
107900166,0,0,0
107900167,0,0,0
107900168,0,0,0
107900169,0,0,0
107900171,0,0,0
107900172,0,0,0
107900173,0,0,0
107900174,0,0,0
107900175,0,0,0
107900176,0,0,0
107900177,0,0,0
107900178,0,0,0
107900179,0,0,0
107900180,0,0,0
107900181,0,0,0
107900182,0,0,0
107900183,0,0,0
107900184,0,0,0
107900185,0,0,0
107900186,0,0,0
107900187,0,0,0
107900188,0,0,0
107900189,0,0,0
107900190,0,0,0
107900191,0,0,0
107900193,0,0,0
107900194,0,0,0
107900195,0,0,0
107900196,0,0,0
107900197,0,0,0
107900199,0,0,0
107900201,0,0,0
107900203,0,0,0
107900204,0,0,0
107900205,0,0,0
107900206,0,0,0
107900207,0,0,0
107900208,0,0,0
107900209,0,0,0
107900210,0,0,0
107900213,0,0,0
107900214,0,0,0
107900215,0,0,0
107900216,0,0,0
107900217,0,0,0
107900218,0,0,0
107900219,0,0,0
107900220,0,0,0
107900221,0,0,0
107900223,0,0,0
107900224,0,0,0
107900225,0,0,0
107900226,0,0,0
107900227,0,0,0
107900228,0,0,0
107900229,0,0,0
107900230,0,0,0
107900231,0,0,0
107900232,0,0,0
107900233,0,0,0
107900234,0,0,0
107900235,0,0,0
107900236,0,0,0
107900237,0,0,0
107900238,0,0,0
107900239,0,0,0
107900240,0,0,0
107900241,0,0,0
107900242,0,0,0
107900243,0,0,0
107900244,0,0,0
107900245,0,0,0
107900246,0,0,0
107900248,1,1,0
107900249,0,0,0
107900250,0,0,0
107900251,0,0,0
107900252,0,0,0
107900253,0,0,0
107900254,0,0,0
107900255,0,0,0
107900256,0,0,0
107900257,0,0,0
107900258,0,0,0
107900259,0,0,0
107900261,0,0,0
107900262,0,0,0
107900264,0,0,0
107900265,0,0,0
107900267,0,0,0
107900268,0,0,0
107900269,0,0,0
107900270,0,0,0
107900271,0,0,0
107900272,0,0,0
107900273,0,0,0
107900274,0,0,0
107900275,0,0,0
107900276,0,0,0
107900277,0,0,0
107900278,0,0,0
107900279,0,0,0
107900280,0,0,0
107900281,0,0,0
107900282,0,0,0
107900283,0,0,0
107900284,0,0,0
107900285,0,0,0
107900286,0,0,0
107900287,0,0,0
107900290,0,0,0
107900291,0,0,0
107900292,0,0,0
107900293,0,0,0
107900295,0,0,0
107900297,0,0,0
107900298,0,0,0
107900299,0,0,0
107900300,20,12,8
107900301,0,35,-35
107900302,0,0,0
107900303,0,0,0
107900304,0,0,0
107900305,0,0,0
107900306,0,0,0
107900307,0,0,0
107900308,0,0,0
107900309,0,0,0
107900310,0,0,0
107900311,0,0,0
107900312,0,0,0
107900313,0,0,0
107900314,0,0,0
107900315,0,0,0
107900316,0,0,0
107900317,0,0,0
107900318,0,0,0
107900319,0,0,0
107900320,0,0,0
107900321,0,0,0
107900322,0,0,0
107900323,0,0,0
107900324,0,0,0
107900325,0,0,0
107900326,0,0,0
107900327,0,0,0
107900328,0,0,0
107900329,0,0,0
107900330,0,0,0
107900331,0,0,0
107900332,0,0,0
107900333,0,0,0
107900334,0,0,0
107900335,0,0,0
107900336,0,0,0
107900337,0,0,0
107900338,0,0,0
107900339,0,0,0
107900340,0,0,0
107900341,0,0,0
107900342,0,0,0
107900343,0,0,0
107900344,0,0,0
107900345,0,0,0
107900346,0,0,0
107900347,0,0,0
107900348,0,0,0
107900349,0,0,0
107900350,0,0,0
108000001,2159,1125,1034
108000002,127,221,-94
108000003,1753,920,833
108000004,422,1579,-1157
108000005,5173,2111,3062
108000006,78,688,-610
108000007,4486,1367,3119
108000008,378,310,68
108000009,2872,1575,1297
108000010,192,291,-99
108000011,5438,1675,3763
108000012,598,712,-114
108000014,349,2,347
108000015,585,10,575
108000016,0,3,-3
108000017,566,19,547
108000018,1529,86,1443
108000019,244,68,176
108000020,594,152,442
108000021,0,0,0
108000022,60,65,-5
108000023,685,71,614
108000024,66,21,45
108000025,25,9,16
108000026,417,40,377
108000027,57,1,56
108000028,602,13,589
108000029,180,0,180
108000030,507,13,494
108000031,9,7,2
108000032,1302,88,1214
108000033,0,0,0
108000034,1252,78,1174
108000035,0,0,0
108000036,26,19,7
108000037,449,68,381
108000038,857,104,753
108000039,1,21,-20
108000040,1131,123,1008
108000041,10,4,6
108000042,413,11,402
108000043,55,8,47
108000044,657,27,630
108000045,26,1,25
108000046,1148,154,994
108000047,0,0,0
108000048,0,0,0
108000049,386,24,362
108000050,0,1,-1
108000051,136,25,111
108000052,2,3,-1
108000053,260,56,204
108000054,0,29,-29
108000055,492,118,374
108000056,34,27,7
108000057,412,467,-55
108000058,482,627,-145
108000059,4,140,-136
108000060,148,153,-5
108000061,0,0,0
108000062,314,120,194
108000063,0,0,0
108000064,158,85,73
108000065,0,0,0
108000066,478,33,445
108000067,978,12,966
108000068,571,78,493
108000069,0,0,0
108000070,1676,106,1570
108000071,0,0,0
108000072,1859,233,1626
108000073,0,0,0
108000074,451,105,346
108000075,0,0,0
108000076,1048,189,859
108000077,0,0,0
108000078,1843,608,1235
108000079,0,0,0
108000080,1137,291,846
108000081,0,0,0
108000082,0,0,0
108000083,205,43,162
108000084,0,0,0
108000085,74,62,12
108000086,0,0,0
108000087,18,280,-262
108000088,191,8,183
108000089,0,0,0
108000090,300,40,260
108000091,0,0,0
108000092,535,34,501
108000093,0,0,0
108000094,854,36,818
108000095,0,0,0
108000096,474,231,243
108000097,0,0,0
108000098,1300,98,1202
108000099,98,21,77
108000100,133,48,85
108000101,1157,349,808
108000102,371,602,-231
108000106,163,1,162
108000107,0,0,0
108000108,158,18,140
108000109,0,0,0
108000110,3,0,3
108000111,0,0,0
108000112,2,45,-43
108000113,67,33,34
108000115,147,30,117
108000117,124,7,117
108000118,0,0,0
108000119,57,5,52
108000120,411,188,223
108000121,43,21,22
108000122,552,46,506
108000123,448,38,410
108000124,0,0,0
108000125,462,46,416
108000126,0,0,0
108000127,628,18,610
108000128,0,0,0
108000129,0,0,0
108000130,432,33,399
108000131,231,69,162
108000132,0,0,0
108000133,872,60,812
108000134,0,0,0
108000135,1606,72,1534
108000136,0,0,0
108000137,61,13,48
108000138,0,6,-6
108000139,128,23,105
108000140,0,0,0
108000141,0,0,0
108000142,0,0,0
108000143,0,0,0
108000144,0,0,0
108000145,0,0,0
108000146,0,0,0
108000147,0,0,0
108000148,0,0,0
108000149,0,0,0
108000150,0,0,0
108000151,0,0,0
108000152,0,0,0
108000153,0,0,0
108000154,0,0,0
108000155,0,0,0
108000156,0,0,0
108000157,0,0,0
108000158,0,0,0
108000159,28,8,20
108000160,99,10,89
108000161,204,38,166
108000165,0,0,0
108000172,0,0,0
108000173,0,0,0
108000175,272,15,257
108000178,0,0,0
108000179,96,544,-448
108000181,0,0,0
108000182,0,0,0
108000183,0,0,0
108000184,61,207,-146
108000185,0,0,0
108000186,0,0,0
108000187,0,0,0
108000188,0,0,0
108000189,67,19,48
108000190,0,0,0
108000192,0,0,0
108000193,0,0,0
108000194,8,0,8
108000195,0,0,0
108000196,50,17,33
108000198,0,0,0
108000199,0,0,0
108000200,0,0,0
108000202,1,188,-187
108000203,0,0,0
108000204,0,0,0
108000205,0,0,0
108000339,208,20,188
108000364,59,36,23
108000365,23,14,9
108000367,0,0,0
108000368,0,0,0
108000369,0,0,0
108000371,0,0,0
108000372,128,0,128
108000373,37,20,17
108000376,0,0,0
108000377,85,75,10
108000378,6433,3129,3304
108000379,0,0,0
108000381,0,0,0
108000382,48,0,48
108000383,0,0,0
108900001,0,0,0
108900002,0,0,0
108900003,0,0,0
108900004,93,42,51
108900005,0,2,-2
108900006,3,2,1
108900007,67,18,49
108900008,12,0,12
108900009,9,0,9
108900010,0,0,0
108900011,75,17,58
108900012,52,6,46
108900013,69,29,40
108900014,0,0,0
108900015,0,0,0
108900016,0,0,0
108900017,0,0,0
108900018,0,0,0
108900019,0,0,0
108900020,0,0,0
108900021,0,0,0
108900022,0,0,0
108900023,0,0,0
108900024,0,0,0
108900025,0,0,0
108900026,0,0,0
108900028,0,0,0
108900029,0,0,0
108900031,0,0,0
108900032,0,0,0
108900034,0,0,0
108900035,0,0,0
108900036,0,0,0
108900037,0,0,0
108900039,0,0,0
108900040,0,0,0
108900041,158,92,66
108900042,0,0,0
108900043,0,0,0
108900045,0,0,0
108900046,0,0,0
108900047,0,0,0
108900048,0,0,0
108900049,0,0,0
108900050,0,0,0
108900051,0,0,0
108900052,0,0,0
108900053,0,0,0
108900054,0,0,0
108900055,0,0,0
108900056,0,0,0
108900057,0,0,0
108900058,0,0,0
108900059,0,0,0
108900060,0,3,-3
108900061,0,0,0
108900062,0,0,0
108900063,0,0,0
108900064,0,0,0
108900065,0,0,0
108900066,46,3,43
108900067,0,0,0
108900068,0,0,0
108900069,0,0,0
108900070,0,0,0
108900071,2,0,2
108900072,0,0,0
108900073,0,0,0
108900074,0,0,0
108900075,0,0,0
108900076,4,0,4
108900077,0,0,0
108900078,0,0,0
108900079,0,0,0
108900080,0,0,0
108900081,0,0,0
108900082,0,0,0
108900083,0,0,0
108900084,0,0,0
108900085,0,0,0
108900086,0,0,0
108900087,0,0,0
108900088,22,2,20
108900089,0,0,0
108900090,0,0,0
108900091,0,0,0
108900092,102,15,87
108900093,0,0,0
108900094,0,0,0
108900095,0,0,0
108900096,0,0,0
108900097,20,2,18
108900098,0,0,0
108900099,42,1,41
108900100,0,0,0
108900101,0,0,0
108900102,0,0,0
108900103,0,0,0
108900104,0,0,0
108900105,0,0,0
108900106,12,0,12
108900108,0,0,0
108900109,0,0,0
108900110,21,6,15
108900111,18,0,18
108900112,0,0,0
108900113,0,0,0
108900114,0,0,0
108900115,0,0,0
108900116,0,0,0
108900117,0,0,0
108900119,0,0,0
108900120,0,0,0
108900121,0,0,0
108900122,0,0,0
108900123,0,0,0
108900124,0,0,0
108900126,0,0,0
108900127,0,0,0
108900128,0,0,0
108900129,0,0,0
108900131,0,0,0
108900132,0,0,0
108900133,0,0,0
108900134,0,0,0
108900135,0,0,0
108900137,0,0,0
108900138,0,0,0
108900139,0,0,0
108900140,0,0,0
108900141,0,0,0
108900142,0,0,0
108900143,0,0,0
108900144,0,0,0
108900145,0,0,0
108900146,0,0,0
108900147,0,0,0
108900148,0,0,0
108900149,1,0,1
108900150,0,0,0
108900151,0,0,0
108900152,0,0,0
108900153,0,0,0
108900154,5,0,5
108900155,0,0,0
108900156,0,0,0
108900157,0,0,0
108900158,0,0,0
108900159,0,0,0
108900160,0,0,0
108900161,0,0,0
108900162,0,0,0
108900163,0,0,0
108900164,0,0,0
108900165,0,0,0
108900167,0,0,0
108900168,0,0,0
108900169,0,0,0
108900171,28,159,-131
108900172,0,0,0
108900173,0,0,0
108900174,0,0,0
108900176,0,0,0
108900177,0,0,0
108900178,0,0,0
108900179,13,87,-74
108900180,0,3,-3
108900182,0,13,-13
108900183,0,0,0
108900184,68,1,67
108900185,0,0,0
108900186,0,0,0
108900187,0,0,0
108900188,0,0,0
108900189,0,1,-1
108900190,0,0,0
108900191,0,0,0
108900192,0,0,0
108900193,0,0,0
108900194,0,0,0
108900195,0,0,0
108900196,0,0,0
108900198,0,0,0
108900199,0,0,0
108900200,27,0,27
108900201,0,0,0
108900203,0,0,0
108900204,0,0,0
108900205,0,0,0
108900206,0,0,0
108900207,0,0,0
108900208,0,0,0
108900209,0,0,0
108900210,0,0,0
108900211,0,0,0
108900212,0,0,0
108900215,0,0,0
108900216,0,0,0
108900217,0,0,0
108900218,0,0,0
108900219,0,0,0
108900220,0,0,0
108900221,0,0,0
108900222,0,0,0
108900223,0,0,0
108900224,0,0,0
108900225,0,0,0
108900226,0,0,0
108900227,0,0,0
108900230,0,0,0
108900231,0,0,0
108900232,0,0,0
108900233,0,0,0
108900234,0,0,0
108900235,0,0,0
108900236,0,0,0
108900237,0,0,0
108900240,0,0,0
108900241,0,0,0
108900245,0,0,0
108900249,0,0,0
108900250,0,0,0
108900257,0,0,0
108900258,0,0,0
108900259,0,0,0
108900260,0,0,0
108900261,0,0,0
108900262,0,0,0
108900263,0,0,0
108900264,0,0,0
108900265,0,0,0
108900266,0,0,0
108900267,0,0,0
108900268,0,0,0
108900269,0,0,0
108900270,0,0,0
108900271,0,0,0
108900272,0,0,0
108900273,0,0,0
108900274,0,0,0
108900275,0,0,0
108900276,0,0,0
109000001,1136,669,467
109000002,1,372,-371
109000003,1893,286,1607
109000004,2,206,-204
109000005,1519,204,1315
109000006,3,160,-157
109000007,1412,245,1167
109000008,3,170,-167
109000009,2300,258,2042
109000010,30,254,-224
109000011,2723,640,2083
109000012,45,202,-157
109000013,3229,841,2388
109000014,48,272,-224
109000015,4146,723,3423
109000016,109,375,-266
109000017,2206,563,1643
109000018,32,351,-319
109000019,1787,350,1437
109000020,8,179,-171
109000023,25,1,24
109000024,0,0,0
109000025,0,0,0
109000026,42,1,41
109000027,0,0,0
109000028,20,0,20
109000029,0,0,0
109000030,0,0,0
109000031,188,42,146
109000032,0,0,0
109000033,249,24,225
109000034,0,0,0
109000035,0,0,0
109000036,1,9,-8
109000037,0,0,0
109000038,16,11,5
109000039,0,0,0
109000040,0,0,0
109000041,12,65,-53
109000042,10,65,-55
109000044,201,35,166
109000045,0,0,0
109000046,195,41,154
109000047,0,0,0
109000048,301,97,204
109000049,0,0,0
109000050,215,160,55
109000051,0,0,0
109000052,0,0,0
109000053,0,0,0
109000054,0,0,0
109000055,0,0,0
109000056,0,0,0
109000057,0,0,0
109000058,0,0,0
109000059,0,0,0
109000060,5,8,-3
109000061,0,0,0
109000062,8,17,-9
109000063,0,0,0
109000064,31,38,-7
109000065,0,0,0
109000066,27,0,27
109000067,0,0,0
109000068,121,1,120
109000069,385,21,364
109000070,0,0,0
109000071,0,0,0
109000072,0,0,0
109000073,0,0,0
109000074,0,8,-8
109000075,0,0,0
109000076,1,30,-29
109000077,22,3,19
109000078,5,11,-6
109000079,33,0,33
109000080,1,1,0
109000081,43,8,35
109000082,41,7,34
109000083,111,5,106
109000088,0,19,-19
109000089,0,0,0
109000090,1,5,-4
109000091,0,0,0
109000092,4,17,-13
109000093,0,0,0
109000094,0,0,0
109000095,0,6,-6
109000096,38,13,25
109000097,0,0,0
109000098,36,15,21
109000099,185,0,185
109000100,0,20,-20
109000101,358,15,343
109000102,26,45,-19
109000103,23,12,11
109000104,422,16,406
109000105,10,53,-43
109000106,405,17,388
109000107,10,59,-49
109000108,501,46,455
109000109,24,58,-34
109000110,152,101,51
109000111,57,227,-170
109000112,0,0,0
109000113,0,0,0
109000114,178,95,83
109000115,145,4,141
109000116,0,0,0
109000117,147,6,141
109000118,0,0,0
109000119,286,19,267
109000120,0,0,0
109000121,243,11,232
109000122,0,0,0
109000123,0,0,0
109000124,56,2,54
109000125,571,37,534
109000126,0,0,0
109000127,657,26,631
109000128,0,0,0
109000129,615,45,570
109000130,0,0,0
109000131,190,252,-62
109000132,6,17,-11
109000133,0,0,0
109000134,0,0,0
109000135,0,0,0
109000136,12,14,-2
109000137,61,6,55
109000138,18,3,15
109000139,149,16,133
109000140,6,6,0
109000141,86,3,83
109000142,0,0,0
109000143,0,0,0
109000145,0,0,0
109000146,24,33,-9
109000148,0,0,0
109000149,0,0,0
109000150,10,113,-103
109000155,0,0,0
109000156,280,10,270
109000158,0,0,0
109000159,57,36,21
109000160,0,0,0
109000161,438,73,365
109000162,86,2,84
109000163,597,103,494
109000164,39,23,16
109000165,495,140,355
109000166,54,21,33
109000167,1,26,-25
109000170,0,0,0
109000171,0,0,0
109000172,0,0,0
109000173,0,0,0
109000174,0,0,0
109000175,0,0,0
109000176,19,7,12
109000177,0,0,0
109000178,7,2,5
109000179,1,1,0
109000180,0,0,0
109000181,0,0,0
109000182,0,0,0
109000183,0,4,-4
109000184,0,0,0
109000185,14,8,6
109000188,16,26,-10
109000189,39,11,28
109000190,0,0,0
109000191,461,39,422
109000192,0,0,0
109000193,0,0,0
109000194,0,0,0
109000195,0,0,0
109000196,0,0,0
109000197,0,0,0
109000198,0,0,0
109000199,0,0,0
109000206,0,0,0
109000207,0,0,0
109000208,0,0,0
109000209,0,0,0
109000210,0,0,0
109000211,0,0,0
109000214,49,20,29
109000215,270,36,234
109000216,79,211,-132
109000217,0,0,0
109000218,0,0,0
109000221,1,16,-15
109000222,5,27,-22
109000223,3,49,-46
109000224,0,0,0
109000225,0,2,-2
109000226,0,6,-6
109000227,76,5,71
109000228,0,0,0
109000231,0,2,-2
109000232,52,1,51
109000236,0,0,0
109000241,83,4,79
109000242,407,71,336
109000293,0,0,0
109000361,0,0,0
109000364,0,0,0
109000396,0,5,-5
109000397,0,0,0
109000399,0,14,-14
109000400,0,0,0
109000403,0,0,0
109000406,131,4,127
109000407,0,0,0
109000408,0,174,-174
109000410,0,0,0
109000411,33,1,32
109900001,0,0,0
109900002,0,0,0
109900003,0,0,0
109900004,0,0,0
109900005,0,0,0
109900006,0,0,0
109900007,0,0,0
109900008,0,0,0
109900009,0,0,0
109900010,0,0,0
109900011,0,0,0
109900012,0,0,0
109900013,0,0,0
109900014,0,0,0
109900015,0,0,0
109900016,0,0,0
109900017,0,0,0
109900018,0,0,0
109900019,0,0,0
109900020,0,0,0
109900021,0,0,0
109900022,16,2,14
109900023,0,0,0
109900024,0,0,0
109900025,0,0,0
109900026,0,0,0
109900027,0,0,0
109900028,0,0,0
109900029,0,0,0
109900030,0,0,0
109900031,0,0,0
109900032,0,0,0
109900033,0,0,0
109900034,0,0,0
109900035,0,0,0
109900036,0,0,0
109900037,0,0,0
109900038,0,0,0
109900039,0,0,0
109900040,0,0,0
109900041,0,0,0
109900042,0,0,0
109900044,0,0,0
109900045,0,0,0
109900046,0,0,0
109900047,0,0,0
109900048,0,0,0
109900049,0,0,0
109900050,0,0,0
109900051,0,0,0
109900052,0,0,0
109900053,0,0,0
109900054,0,0,0
109900055,0,0,0
109900056,0,0,0
109900057,0,0,0
109900058,0,0,0
109900059,0,0,0
109900060,0,0,0
109900061,0,0,0
109900062,0,0,0
109900063,0,0,0
109900064,29,7,22
109900065,0,0,0
109900066,0,0,0
109900067,0,0,0
109900068,0,0,0
109900069,0,0,0
109900070,0,0,0
109900071,0,0,0
109900072,0,0,0
109900073,0,0,0
109900074,0,0,0
109900075,0,0,0
109900076,0,0,0
109900077,0,0,0
109900078,0,0,0
109900080,0,0,0
109900081,0,0,0
109900082,0,0,0
109900083,0,0,0
109900084,0,0,0
109900085,0,0,0
109900086,0,0,0
109900087,0,0,0
109900089,0,0,0
109900090,0,0,0
109900091,0,0,0
109900092,0,0,0
109900093,0,0,0
109900094,0,0,0
109900095,0,0,0
109900096,0,0,0
109900097,0,0,0
109900098,0,0,0
109900099,0,0,0
109900100,0,0,0
109900101,0,0,0
109900102,0,0,0
109900103,0,0,0
109900104,0,0,0
109900105,0,0,0
109900106,0,0,0
109900107,0,0,0
109900108,0,0,0
109900109,0,0,0
109900110,0,0,0
109900111,0,0,0
109900112,0,0,0
109900113,0,0,0
109900114,0,0,0
109900115,0,0,0
109900117,0,0,0
109900118,0,0,0
109900119,0,0,0
109900120,0,0,0
109900121,0,0,0
109900122,0,0,0
109900123,0,0,0
109900124,0,0,0
109900125,0,0,0
109900126,0,0,0
109900128,0,0,0
109900130,0,0,0
109900131,0,0,0
109900132,0,0,0
109900133,0,0,0
109900134,0,0,0
109900135,0,0,0
109900136,0,0,0
109900137,0,0,0
109900138,0,0,0
109900140,0,0,0
109900141,0,0,0
109900142,0,0,0
109900145,0,0,0
109900146,0,0,0
109900148,0,0,0
109900149,0,0,0
109900150,0,0,0
109900151,0,0,0
109900152,0,0,0
109900153,0,0,0
109900154,0,0,0
109900155,0,0,0
109900157,0,0,0
109900158,0,0,0
109900159,0,0,0
109900160,0,0,0
109900161,0,0,0
109900162,0,0,0
109900163,0,0,0
109900164,0,0,0
109900165,0,0,0
109900166,0,0,0
109900167,0,0,0
109900168,0,0,0
109900169,0,0,0
109900170,0,0,0
109900171,0,0,0
109900172,0,0,0
109900173,0,0,0
109900174,0,0,0
109900175,0,0,0
109900176,0,0,0
109900177,0,0,0
109900178,0,0,0
109900179,0,0,0
109900180,0,0,0
110000001,43,127,-84
110000002,703,337,366
110000003,105,296,-191
110000004,671,210,461
110000005,72,56,16
110000006,0,131,-131
110000007,16,1,15
110000008,0,0,0
110000009,0,0,0
110000010,0,0,0
110000011,21,1,20
110000012,0,0,0
110000013,9,29,-20
110000014,55,32,23
110000015,17,10,7
110000016,62,60,2
110000017,86,34,52
110000018,8,54,-46
110000019,0,0,0
110000020,0,0,0
110000021,66,11,55
110000022,0,0,0
110000023,0,0,0
110000024,0,0,0
110000025,0,0,0
110000026,0,0,0
110000027,14,18,-4
110000028,227,14,213
110000029,0,0,0
110000030,48,30,18
110000031,0,0,0
110000032,267,8,259
110000033,0,3,-3
110000034,2,0,2
110000035,29,30,-1
110000036,44,0,44
110000037,3,12,-9
110000038,19,1,18
110000039,172,67,105
110000040,0,0,0
110000041,261,152,109
110000042,0,0,0
110000043,143,151,-8
110000044,0,0,0
110000045,1,41,-40
110000046,0,0,0
110000047,0,14,-14
110000048,0,0,0
110000049,6,7,-1
110000050,0,0,0
110000051,2,3,-1
110000052,2,4,-2
110000053,2,0,2
110000054,0,0,0
110000055,19,10,9
110000056,168,70,98
110000057,0,0,0
110000058,140,141,-1
110000059,29,89,-60
110000060,804,192,612
110000061,108,173,-65
110000062,809,196,613
110000063,0,0,0
110000064,11,3,8
110000065,0,0,0
110000066,0,0,0
110000067,3,1,2
110000068,3,0,3
110000069,0,0,0
110000071,0,0,0
110000073,0,0,0
110000075,0,0,0
110000076,0,0,0
110000077,0,0,0
110000078,0,0,0
110000080,19,13,6
110000081,0,0,0
110000082,0,0,0
110000083,50,133,-83
110000084,452,158,294
110000085,399,444,-45
110000086,465,303,162
110000087,0,39,-39
110000088,1,191,-190
110000089,527,10,517
110000090,0,0,0
110000091,0,0,0
110000092,0,0,0
110000093,163,5,158
110000094,31,5,26
110000095,471,77,394
110000096,115,48,67
110000097,770,96,674
110000098,502,59,443
110000099,98,96,2
110000100,77,0,77
110000101,0,0,0
110000102,0,0,0
110000104,0,0,0
110000105,26,6,20
110000106,0,0,0
110000107,0,40,-40
110000108,393,1,392
110000109,0,0,0
110000110,1131,191,940
110000111,0,0,0
110000112,0,0,0
110000113,0,0,0
110000114,0,3,-3
110000115,2,28,-26
110000116,3,9,-6
110000117,0,0,0
110000118,148,9,139
110000119,0,0,0
110000120,85,10,75
110000121,0,0,0
110000122,22,12,10
110000123,44,96,-52
110000124,0,0,0
110000125,339,15,324
110000126,144,14,130
110000127,301,14,287
110000128,0,0,0
110000129,0,0,0
110000130,87,21,66
110000131,0,0,0
110000132,0,0,0
110000133,0,0,0
110000134,0,0,0
110000135,33,0,33
110000136,0,0,0
110000137,99,1,98
110000138,0,0,0
110000139,144,8,136
110000140,725,41,684
110000143,159,13,146
110000144,1420,326,1094
110000145,308,199,109
110000146,911,148,763
110000147,0,0,0
110000148,79,21,58
110000151,14,57,-43
110000152,0,0,0
110000153,0,0,0
110000154,0,9,-9
110000155,85,470,-385
110000156,8,152,-144
110000157,61,302,-241
110000160,0,0,0
110000161,0,0,0
110000166,0,0,0
110000167,397,75,322
110000168,619,44,575
110000169,240,127,113
110000170,42,8,34
110000171,267,13,254
110000172,15,43,-28
110000173,45,19,26
110000174,0,0,0
110000175,94,5,89
110000176,13,13,0
110000177,39,32,7
110000178,192,62,130
110000179,30,55,-25
110000180,58,51,7
110000181,127,12,115
110000182,39,4,35
110000183,280,112,168
110000184,37,74,-37
110000185,0,0,0
110000186,0,0,0
110000191,152,2,150
110000192,0,0,0
110000193,0,0,0
110000194,0,0,0
110000195,0,0,0
110000196,0,0,0
110000197,0,0,0
110000198,0,0,0
110000199,0,0,0
110000200,6,0,6
110000201,0,0,0
110000202,0,0,0
110000203,0,0,0
110000204,0,0,0
110000205,0,0,0
110000206,0,0,0
110000207,0,0,0
110000208,0,0,0
110000209,0,0,0
110000210,732,208,524
110000211,767,249,518
110000212,115,29,86
110000213,5,0,5
110000214,29,0,29
110000215,0,0,0
110000216,0,0,0
110000217,192,3,189
110000218,0,0,0
110000219,88,1,87
110000220,0,0,0
110000221,33,0,33
110000222,0,0,0
110000223,0,0,0
110000224,0,0,0
110000225,0,0,0
110000226,314,29,285
110000227,0,0,0
110000228,82,1,81
110000229,0,0,0
110000230,348,72,276
110000231,96,76,20
110000232,0,0,0
110000233,51,45,6
110000234,200,21,179
110000235,163,108,55
110000236,0,0,0
110000237,0,0,0
110000238,476,103,373
110000239,0,0,0
110000240,0,0,0
110000242,0,0,0
110000243,0,0,0
110000244,0,0,0
110000245,0,0,0
110000246,12,3,9
110000247,79,141,-62
110000248,73,40,33
110000249,0,0,0
110000250,0,0,0
110000251,7,28,-21
110000252,66,0,66
110000253,52,30,22
110000254,0,0,0
110000255,0,0,0
110000256,32,49,-17
110000257,19,0,19
110000258,0,9,-9
110000259,0,0,0
110000260,5,3,2
110000263,0,0,0
110000264,1,2,-1
110000265,1192,180,1012
110000266,536,440,96
110000267,0,0,0
110000268,6,1,5
110000269,0,0,0
110000270,57,0,57
110000271,204,39,165
110000272,274,274,0
110000273,118,155,-37
110000274,21,127,-106
110000275,216,54,162
110000276,6,144,-138
110000277,611,121,490
110000278,3,169,-166
110000279,528,95,433
110000280,381,29,352
110000281,0,0,0
110000282,31,0,31
110000283,0,0,0
110000284,0,0,0
110000285,0,0,0
110000286,29,14,15
110000287,0,0,0
110000288,0,0,0
110000289,0,0,0
110000290,0,0,0
110000291,201,17,184
110000292,0,0,0
110000293,265,23,242
110000294,0,0,0
110000295,100,20,80
110000296,0,0,0
110000297,0,0,0
110000298,0,0,0
110000299,0,0,0
110000301,0,0,0
110000302,0,0,0
110000303,0,0,0
110000304,0,0,0
110000305,99,0,99
110000306,0,0,0
110000307,107,0,107
110000308,255,28,227
110000309,0,0,0
110000310,84,1,83
110000311,0,0,0
110000312,22,0,22
110000313,0,0,0
110000314,0,0,0
110000315,74,306,-232
110000316,5,172,-167
110000317,0,0,0
110000318,0,0,0
110000319,0,0,0
110000320,0,0,0
110000321,0,0,0
110000322,2,12,-10
110000323,0,0,0
110000324,0,0,0
110000325,668,426,242
110000327,182,6,176
110000328,0,0,0
110000333,46,163,-117
110000334,1,6,-5
110000335,22,26,-4
110000336,1,9,-8
110000337,768,124,644
110000338,27,16,11
110000339,24,33,-9
110000340,0,7,-7
110000341,69,1,68
110000342,16,0,16
110000343,0,0,0
110000344,0,0,0
110000345,0,4,-4
110000346,310,267,43
110000347,708,291,417
110000348,0,0,0
110000349,0,0,0
110000350,7,0,7
110000351,401,53,348
110000352,0,0,0
110000353,1063,52,1011
110000354,15,5,10
110000355,0,0,0
110000356,208,3,205
110000357,0,0,0
110000361,0,0,0
110000362,1,7,-6
110000363,79,1,78
110000364,64,65,-1
110000365,27,0,27
110000366,0,0,0
110000367,0,0,0
110000368,0,0,0
110000369,8,0,8
110000373,0,0,0
110000374,0,0,0
110000375,106,32,74
110000376,0,0,0
110000377,74,138,-64
110000378,0,0,0
110000379,478,136,342
110000380,175,0,175
110000383,0,0,0
110000384,88,0,88
110000385,0,0,0
110000387,34,8,26
110000388,0,0,0
110000389,662,36,626
110000391,271,4,267
110000396,0,0,0
110000397,0,0,0
110000398,0,0,0
110000399,491,4,487
110000587,0,0,0
110000589,3,0,3
110000640,0,0,0
110000652,0,0,0
110000653,0,0,0
110000654,0,0,0
110000656,0,0,0
110000674,0,0,0
110000675,0,0,0
110000676,0,0,0
110000679,0,0,0
110000682,7,41,-34
110000683,103,43,60
110000684,0,0,0
110000685,8,2,6
110000686,0,0,0
110000687,7,1,6
110000688,38,0,38
110000689,0,0,0
110000692,1,3,-2
110000693,0,0,0
110000694,0,0,0
110000695,0,0,0
110000696,15,1,14
110900001,0,0,0
110900002,0,0,0
110900003,0,0,0
110900004,0,0,0
110900005,0,0,0
110900006,0,0,0
110900007,0,0,0
110900008,0,0,0
110900009,0,0,0
110900010,0,0,0
110900011,0,0,0
110900012,0,0,0
110900013,0,0,0
110900014,0,0,0
110900015,0,0,0
110900016,0,0,0
110900017,0,0,0
110900018,0,0,0
110900019,0,0,0
110900020,0,0,0
110900021,0,0,0
110900022,0,0,0
110900023,0,0,0
110900024,0,0,0
110900025,0,0,0
110900027,0,0,0
110900028,0,0,0
110900029,0,0,0
110900030,0,0,0
110900031,0,0,0
110900032,0,0,0
110900033,0,0,0
110900035,0,0,0
110900036,0,0,0
110900037,0,0,0
110900038,0,0,0
110900039,0,0,0
110900040,0,0,0
110900041,0,0,0
110900042,0,0,0
110900043,0,0,0
110900044,0,0,0
110900045,0,0,0
110900046,0,0,0
110900047,0,0,0
110900049,0,0,0
110900050,0,0,0
110900051,0,0,0
110900052,0,0,0
110900053,0,0,0
110900054,0,0,0
110900055,0,0,0
110900056,0,0,0
110900057,0,0,0
110900058,0,0,0
110900059,0,0,0
110900060,0,0,0
110900061,0,0,0
110900062,0,0,0
110900063,0,0,0
110900064,0,0,0
110900065,0,0,0
110900066,0,0,0
110900067,0,0,0
110900068,0,0,0
110900069,0,0,0
110900070,0,0,0
110900071,0,0,0
110900073,0,0,0
110900074,0,0,0
110900075,0,0,0
110900077,0,0,0
110900078,0,0,0
110900079,0,0,0
110900080,0,0,0
110900081,0,0,0
110900082,0,0,0
110900083,0,0,0
110900084,0,0,0
110900085,0,0,0
110900086,0,0,0
110900087,0,0,0
110900088,0,0,0
110900090,0,0,0
110900091,0,0,0
110900093,0,0,0
110900095,0,0,0
110900097,0,0,0
110900098,0,0,0
110900099,0,0,0
110900100,0,0,0
110900102,0,0,0
110900105,0,0,0
110900108,0,0,0
110900111,0,0,0
110900112,0,0,0
110900113,0,0,0
110900115,0,0,0
110900116,0,0,0
110900118,0,0,0
110900119,0,0,0
110900120,0,0,0
110900121,0,0,0
110900122,0,0,0
110900125,0,0,0
110900127,0,0,0
110900128,0,0,0
110900129,0,0,0
110900130,0,0,0
110900131,0,0,0
110900132,0,0,0
110900133,0,0,0
110900135,0,0,0
110900136,0,0,0
110900137,0,0,0
110900138,0,0,0
110900139,0,0,0
110900140,0,0,0
110900141,0,0,0
110900142,0,0,0
110900143,0,0,0
110900144,0,0,0
110900145,0,0,0
110900146,0,0,0
110900147,0,0,0
110900148,0,0,0
110900149,0,0,0
110900150,0,0,0
110900151,0,0,0
110900152,0,0,0
110900153,0,0,0
111000001,71,18,53
111000002,0,0,0
111000003,406,36,370
111000004,0,0,0
111000005,547,75,472
111000006,0,0,0
111000007,763,89,674
111000008,0,0,0
111000009,2,99,-97
111000010,534,120,414
111000011,0,0,0
111000012,283,121,162
111000013,2,39,-37
111000014,592,105,487
111000017,0,0,0
111000018,0,0,0
111000020,0,0,0
111000021,62,3,59
111000023,49,11,38
111000025,131,209,-78
111000029,0,0,0
111000030,0,0,0
111000031,528,108,420
111000032,104,14,90
111000033,42,13,29
111000034,8,20,-12
111000037,0,0,0
111000038,10,6,4
111000039,13,3,10
111000040,5,1,4
111000041,0,0,0
111000042,0,0,0
111000043,1058,247,811
111000044,1087,131,956
111000045,1002,349,653
111000046,408,207,201
111000047,644,332,312
111000049,95,45,50
111000050,0,0,0
111000051,0,0,0
111000052,0,0,0
111000053,0,0,0
111000054,0,0,0
111000055,2,0,2
111000056,0,0,0
111000057,0,0,0
111000058,93,7,86
111000059,308,66,242
111000060,1986,143,1843
111000061,80,58,22
111000062,506,17,489
111000063,715,67,648
111000064,721,89,632
111000065,871,52,819
111000066,206,53,153
111000067,0,0,0
111000068,0,0,0
111000069,0,0,0
111000070,0,0,0
111000071,0,0,0
111000072,913,72,841
111000073,399,185,214
111000074,1040,218,822
111000075,204,14,190
111000076,311,36,275
111000077,815,176,639
111000078,177,21,156
111000079,327,65,262
111000080,214,46,168
111000081,160,104,56
111000082,132,39,93
111000084,51,147,-96
111000085,54,40,14
111000086,125,14,111
111000087,131,10,121
111000088,158,52,106
111000089,104,46,58
111000090,10,64,-54
111000091,0,0,0
111000092,0,0,0
111000093,0,0,0
111000094,17,7,10
111000095,36,21,15
111000096,79,22,57
111000097,0,0,0
111000098,0,0,0
111000099,0,0,0
111000100,0,0,0
111000101,0,0,0
111000102,0,0,0
111000104,140,40,100
111000107,0,0,0
111000109,76,53,23
111000110,235,99,136
111000111,1172,54,1118
111000112,1200,22,1178
111000113,605,200,405
111000114,353,162,191
111000115,1528,149,1379
111000116,328,48,280
111000117,125,33,92
111000118,217,51,166
111000119,356,93,263
111000120,309,39,270
111000121,130,59,71
111000122,24,17,7
111000123,12,5,7
111000124,0,0,0
111000125,0,0,0
111000126,0,0,0
111000127,311,15,296
111000128,987,29,958
111000129,1161,24,1137
111000130,1392,71,1321
111000131,1008,53,955
111000132,561,100,461
111000133,6,16,-10
111000134,60,16,44
111000135,0,0,0
111000136,310,27,283
111000138,13,0,13
111000140,0,0,0
111000141,3,3,0
111000142,0,0,0
111000143,0,0,0
111000144,0,0,0
111000145,10,1,9
111000146,4,1,3
111000147,25,0,25
111000148,64,7,57
111000149,0,0,0
111000150,43,0,43
111000151,0,0,0
111000153,149,0,149
111000154,1,1,0
111000155,50,3,47
111000156,170,82,88
111000157,151,110,41
111000158,339,109,230
111000159,332,95,237
111000160,91,42,49
111000161,2,70,-68
111000162,0,0,0
111000163,0,0,0
111000164,0,0,0
111000165,77,6,71
111000166,0,0,0
111000167,0,0,0
111000168,25,14,11
111000169,23,13,10
111000170,40,5,35
111000171,59,6,53
111000172,3,14,-11
111000173,29,21,8
111000174,7,5,2
111000175,6,0,6
111000176,0,0,0
111000177,0,0,0
111000178,0,0,0
111000179,0,0,0
111000180,0,0,0
111000181,105,0,105
111000182,105,7,98
111000183,47,7,40
111000184,71,11,60
111000185,4,13,-9
111000186,7,0,7
111000187,9,0,9
111000188,9,3,6
111000189,0,0,0
111000190,0,0,0
111000191,0,0,0
111000192,0,0,0
111000193,0,0,0
111000194,0,0,0
111000195,0,0,0
111000196,0,0,0
111000197,67,10,57
111000198,174,3,171
111000199,45,6,39
111000200,271,27,244
111000201,164,7,157
111000202,91,2,89
111000203,142,29,113
111000204,38,114,-76
111000213,175,28,147
111000214,179,47,132
111000215,208,73,135
111000217,421,32,389
111000218,76,153,-77
111000219,0,0,0
111000220,171,19,152
111000221,64,40,24
111000224,0,0,0
111000225,29,0,29
111000226,0,1,-1
111000227,3,0,3
111000228,0,0,0
111000229,0,0,0
111000230,8,9,-1
111000231,253,13,240
111000232,0,0,0
111000233,0,0,0
111000234,0,0,0
111000239,0,0,0
111000240,52,24,28
111000241,0,0,0
111000242,63,5,58
111000243,0,0,0
111000244,90,6,84
111000245,193,47,146
111000246,107,47,60
111000247,0,0,0
111000248,125,68,57
111000249,0,0,0
111000250,0,0,0
111000251,0,0,0
111000253,0,0,0
111000255,0,0,0
111000257,0,0,0
111000260,0,0,0
111000261,89,4,85
111000271,0,0,0
111000273,90,4,86
111000274,306,204,102
111000275,38,1,37
111000276,0,0,0
111000277,0,0,0
111000278,238,8,230
111000291,291,666,-375
111000298,1,3,-2
111000299,131,0,131
111000300,0,0,0
111000302,0,0,0
111000303,0,0,0
111000312,0,0,0
111000315,0,0,0
111000320,37,19,18
111000321,43,21,22
111000322,78,11,67
111000323,9,4,5
111000324,8,3,5
111000325,0,0,0
111000326,2,1,1
111000327,37,23,14
111000328,33,55,-22
111000329,0,0,0
111000330,4,0,4
111000331,25,0,25
111000332,165,62,103
111000334,24,54,-30
111000335,89,1,88
111000337,101,6,95
111000338,0,0,0
111000339,3,0,3
111000340,4,8,-4
111000341,167,10,157
111000342,0,0,0
111000344,234,18,216
111000345,24,6,18
111000346,0,0,0
111000347,0,0,0
111000350,20,30,-10
111000351,0,0,0
111000352,40,10,30
111000353,0,0,0
111000354,44,14,30
111000355,0,0,0
111000358,43,13,30
111000360,45,19,26
111000361,88,12,76
111000546,4,0,4
111000547,207,11,196
111000548,0,0,0
111000549,124,4,120
111000550,0,3,-3
111000551,78,4,74
111000552,5,7,-2
111000907,97,0,97
111000908,4,0,4
111000916,126,0,126
111000917,0,0,0
111000918,9,16,-7
111000920,56,2,54
111000921,0,0,0
111000922,0,0,0
111000924,0,0,0
111000925,2162,239,1923
111000926,40,96,-56
111000927,2162,569,1593
111000928,40,383,-343
111000929,1482,297,1185
111000930,10,153,-143
111000931,2178,439,1739
111000932,31,148,-117
111000933,1811,651,1160
111000934,34,162,-128
111000935,1087,178,909
111000936,4,69,-65
111000937,649,233,416
111000938,31,133,-102
111000939,229,3,226
111000940,0,0,0
111000941,41,5,36
111000943,0,0,0
111000944,2,2,0
111000945,11,0,11
111001109,113,30,83
111001110,0,0,0
111001111,0,1,-1
111001112,258,1,257
111001113,2,230,-228
111001114,11,0,11
111001115,0,0,0
111001116,533,103,430
111001117,0,0,0
111001120,45,7,38
111001121,0,0,0
111001122,0,0,0
111001123,1,9,-8
111900001,0,0,0
111900002,0,0,0
111900003,0,0,0
111900004,0,0,0
111900006,0,0,0
111900007,0,0,0
111900008,0,0,0
111900009,0,0,0
111900010,0,0,0
111900012,0,0,0
111900013,0,0,0
111900014,17,1,16
111900015,0,0,0
111900016,0,0,0
111900017,0,0,0
111900018,0,0,0
111900019,0,0,0
111900020,0,0,0
111900021,0,0,0
111900022,0,0,0
111900023,0,0,0
111900024,0,0,0
111900025,0,0,0
111900026,0,0,0
111900027,0,0,0
111900028,0,0,0
111900029,0,0,0
111900030,0,0,0
111900031,0,0,0
111900032,0,0,0
111900033,0,0,0
111900034,0,0,0
111900035,0,0,0
111900036,0,0,0
111900038,0,0,0
111900039,0,0,0
111900040,0,0,0
111900042,0,0,0
111900043,0,0,0
111900044,0,0,0
111900046,0,0,0
111900048,0,0,0
111900049,0,0,0
111900050,0,0,0
111900051,0,0,0
111900052,0,0,0
111900053,0,0,0
111900054,0,0,0
111900055,0,0,0
111900056,0,0,0
111900057,27,0,27
111900058,0,0,0
111900059,55,20,35
111900060,0,0,0
111900061,0,0,0
111900062,0,0,0
111900063,0,0,0
111900064,0,0,0
111900065,0,0,0
111900066,0,0,0
111900067,0,0,0
111900068,0,0,0
111900069,0,0,0
111900070,0,0,0
111900071,0,0,0
111900072,0,0,0
111900073,0,0,0
111900074,0,0,0
111900075,0,0,0
111900076,0,0,0
111900077,0,0,0
111900078,0,0,0
111900079,0,0,0
111900080,0,0,0
111900081,0,0,0
111900082,0,0,0
111900083,0,0,0
111900084,0,0,0
111900085,0,0,0
111900086,0,0,0
111900087,0,0,0
111900088,0,0,0
111900089,0,0,0
111900090,0,0,0
111900091,0,0,0
111900092,0,0,0
111900093,0,0,0
111900094,0,0,0
111900095,0,0,0
111900096,0,0,0
111900097,0,0,0
111900098,0,0,0
111900099,0,0,0
111900100,0,0,0
111900101,0,0,0
111900102,0,0,0
111900103,0,0,0
111900104,0,0,0
111900105,0,0,0
111900106,0,0,0
111900107,0,0,0
111900108,0,0,0
111900109,0,0,0
111900110,0,0,0
111900111,5,0,5
111900112,0,0,0
111900113,0,0,0
111900114,0,0,0
111900115,0,0,0
111900118,0,0,0
111900119,0,0,0
111900122,0,0,0
111900123,0,0,0
111900124,0,0,0
111900125,0,0,0
111900126,0,0,0
111900127,0,0,0
111900128,0,0,0
111900129,0,0,0
111900130,0,0,0
111900131,0,0,0
111900132,0,0,0
111900133,0,0,0
111900134,0,0,0
111900135,0,0,0
111900136,0,0,0
111900137,0,0,0
111900138,0,0,0
111900139,0,0,0
111900140,0,0,0
111900141,0,0,0
111900142,0,0,0
111900143,0,0,0
111900144,0,0,0
111900145,0,0,0
111900146,0,0,0
111900147,0,0,0
111900148,0,0,0
111900149,0,0,0
111900150,0,0,0
111900151,0,0,0
111900152,0,0,0
111900153,0,0,0
111900154,0,0,0
111900155,0,0,0
111900156,0,0,0
111900157,0,0,0
111900158,0,0,0
111900159,0,0,0
111900160,0,0,0
111900161,0,0,0
111900162,0,0,0
111900163,0,0,0
111900164,0,0,0
111901113,0,0,0
111901114,0,0,0
111901115,0,0,0
111901116,0,0,0
111901117,0,0,0
111901118,0,0,0
111901119,0,0,0
111901120,0,0,0
111901121,0,0,0
111901122,0,0,0
111901123,0,0,0
111901124,0,0,0
111901125,26,27,-1
111901126,0,0,0
111901127,0,0,0
111901128,0,0,0
111901129,0,0,0
111901130,0,0,0
111901131,0,0,0
111901132,0,0,0
111901133,0,0,0
111901134,0,0,0
111901135,0,0,0
111901136,0,0,0
111901137,0,0,0
111901138,0,0,0
111901139,0,0,0
111901140,0,0,0
111901141,0,0,0
111901142,0,0,0
111901143,0,0,0
111901144,0,0,0
111901145,0,0,0
112000001,1202,373,829
112000002,0,0,0
112000003,605,131,474
112000004,0,0,0
112000005,2984,1363,1621
112000006,0,0,0
112000007,1311,965,346
112000008,1959,1761,198
112000009,659,28,631
112000010,396,905,-509
112000011,176,22,154
112000012,901,1411,-510
112000013,110,99,11
112000014,251,479,-228
112000015,0,0,0
112000016,133,286,-153
112000017,0,0,0
112000024,0,0,0
112000026,0,0,0
112000027,613,470,143
112000028,0,0,0
112000029,0,0,0
112000030,0,0,0
112000031,0,75,-75
112000032,0,0,0
112000033,1,46,-45
112000034,0,0,0
112000035,0,0,0
112000036,0,0,0
112000037,0,0,0
112000038,0,0,0
112000039,22,15,7
112000040,0,0,0
112000041,0,0,0
112000042,0,0,0
112000050,730,541,189
112000051,675,955,-280
112000054,62,172,-110
112000057,0,0,0
112000058,0,0,0
112000059,0,0,0
112000061,0,0,0
112000062,19,68,-49
112000063,0,0,0
112000064,0,0,0
112000065,0,0,0
112000066,115,364,-249
112000067,0,0,0
112000068,116,256,-140
112000069,0,0,0
112000070,37,48,-11
112000071,0,0,0
112000072,279,12,267
112000073,0,0,0
112000074,151,52,99
112000075,393,116,277
112000076,137,48,89
112000077,127,13,114
112000078,198,51,147
112000079,82,26,56
112000080,46,54,-8
112000081,53,99,-46
112000082,209,156,53
112000083,141,40,101
112000084,198,87,111
112000085,389,26,363
112000086,384,58,326
112000087,85,22,63
112000088,133,63,70
112000089,16,23,-7
112000090,10,5,5
112000091,52,46,6
112000092,1076,80,996
112000093,124,25,99
112000094,494,135,359
112000095,163,14,149
112000096,503,40,463
112000097,495,471,24
112000098,0,0,0
112000099,62,988,-926
112000100,649,101,548
112000101,0,0,0
112000102,496,79,417
112000103,0,0,0
112000105,0,0,0
112000106,423,51,372
112000107,0,3,-3
112000108,0,0,0
112000109,33,1,32
112000110,360,13,347
112000111,2,24,-22
112000112,423,11,412
112000113,5,21,-16
112000114,371,49,322
112000115,0,0,0
112000116,0,0,0
112000117,0,0,0
112000118,0,0,0
112000119,0,0,0
112000120,0,0,0
112000121,0,0,0
112000122,79,17,62
112000123,217,17,200
112000124,27,23,4
112000125,74,37,37
112000126,0,0,0
112000127,58,201,-143
112000128,0,0,0
112000129,127,3,124
112000130,0,0,0
112000131,0,0,0
112000132,0,0,0
112000133,52,0,52
112000134,83,5,78
112000135,239,28,211
112000136,1,2,-1
112000137,255,99,156
112000138,8,1,7
112000139,5,41,-36
112000140,0,0,0
112000141,44,5,39
112000142,0,0,0
112000143,199,8,191
112000144,0,0,0
112000145,276,24,252
112000146,0,0,0
112000147,173,12,161
112000148,0,0,0
112000149,14,2,12
112000150,0,0,0
112000151,17,4,13
112000152,0,0,0
112000153,7,2,5
112000154,45,0,45
112000155,0,0,0
112000157,21,370,-349
112000158,47,4,43
112000159,0,0,0
112000167,0,0,0
112000169,0,0,0
112000173,0,0,0
112000175,23,1,22
112000176,0,0,0
112000177,0,0,0
112000178,0,0,0
112000179,0,0,0
112000180,0,0,0
112000181,87,21,66
112000182,272,12,260
112000183,10,2,8
112000184,20,0,20
112000185,0,0,0
112000187,0,0,0
112000195,0,0,0
112000196,0,0,0
112000197,0,0,0
112000198,0,0,0
112000199,0,0,0
112000202,440,1,439
112000216,0,0,0
112000230,0,0,0
112000231,0,0,0
112000256,59,100,-41
112000313,0,0,0
112000314,0,0,0
112000337,0,0,0
112000352,0,0,0
112000392,100,116,-16
112000398,348,69,279
112000399,147,1862,-1715
112000400,4,56,-52
112000401,34,64,-30
112000402,519,1777,-1258
112000403,158,975,-817
112000404,162,351,-189
112000405,1266,842,424
112000406,34,87,-53
112000407,3235,548,2687
112000408,107,134,-27
112000409,15,109,-94
112000410,0,0,0
112000411,0,0,0
112000412,0,0,0
112000413,0,0,0
112000414,0,0,0
112000415,0,0,0
112000416,781,226,555
112000417,35,36,-1
112000421,0,0,0
112000422,20,0,20
112000424,0,0,0
112000425,0,0,0
112000426,0,0,0
112000427,0,0,0
112000428,0,0,0
112000429,487,551,-64
112000430,460,960,-500
112000431,16,35,-19
112000432,0,0,0
112000433,16,104,-88
112000437,0,12,-12
112900001,0,0,0
112900002,0,0,0
112900003,0,0,0
112900004,0,0,0
112900005,0,0,0
112900006,0,0,0
112900007,0,0,0
112900008,0,0,0
112900009,0,0,0
112900010,0,0,0
112900011,0,0,0
112900012,0,0,0
112900013,0,0,0
112900014,0,0,0
112900015,0,0,0
112900016,0,0,0
112900017,0,0,0
112900018,0,0,0
112900019,0,0,0
112900020,0,0,0
112900021,0,0,0
112900022,0,0,0
112900023,0,0,0
112900024,0,0,0
112900025,0,0,0
112900026,0,0,0
112900027,0,0,0
112900028,0,0,0
112900029,0,0,0
112900030,0,0,0
112900031,0,0,0
112900032,0,0,0
112900034,0,0,0
112900035,0,0,0
112900036,0,0,0
112900037,0,0,0
112900038,0,0,0
112900039,0,0,0
112900040,0,0,0
112900041,0,0,0
112900042,0,0,0
112900043,0,0,0
112900044,0,0,0
112900045,0,0,0
112900046,0,0,0
112900047,0,0,0
112900049,0,0,0
112900050,0,0,0
112900051,0,0,0
112900052,0,0,0
112900053,0,0,0
112900054,0,0,0
112900055,0,0,0
112900056,0,0,0
112900057,0,0,0
112900058,0,0,0
112900059,0,0,0
112900060,0,0,0
112900061,0,0,0
112900062,0,0,0
112900063,0,0,0
112900064,0,0,0
112900065,0,0,0
112900066,0,0,0
112900067,0,0,0
112900068,0,0,0
112900069,0,0,0
112900071,0,0,0
112900072,0,0,0
112900073,0,0,0
112900074,0,0,0
112900075,0,0,0
112900076,0,0,0
112900078,0,0,0
112900079,0,0,0
112900080,0,0,0
112900081,0,0,0
112900082,0,0,0
112900083,0,0,0
112900084,0,0,0
112900085,0,0,0
112900086,0,0,0
112900087,0,0,0
112900088,0,0,0
112900089,0,0,0
112900090,0,0,0
112900091,0,0,0
112900092,0,0,0
112900093,0,0,0
112900094,0,0,0
112900095,0,0,0
112900096,0,0,0
112900097,0,0,0
112900098,0,0,0
112900099,0,0,0
112900100,0,0,0
112900101,0,0,0
112900102,0,0,0
112900103,0,0,0
112900104,0,0,0
112900105,0,0,0
112900106,0,0,0
112900107,0,0,0
112900108,0,0,0
112900109,0,0,0
112900110,0,0,0
112900111,0,0,0
112900112,0,0,0
112900113,0,0,0
112900114,0,0,0
112900115,0,0,0
112900116,0,0,0
112900117,0,0,0
112900118,0,0,0
112900119,0,0,0
112900120,0,0,0
112900121,0,0,0
112900122,0,0,0
112900123,0,0,0
112900124,0,0,0
112900125,0,0,0
112900126,0,0,0
112900127,0,0,0
112900128,0,0,0
112900129,0,0,0
112900130,0,0,0
112900131,0,0,0
112900132,0,0,0
112900133,0,0,0
112900134,0,0,0
112900135,0,0,0
112900136,0,0,0
112900137,0,0,0
112900138,0,0,0
112900139,0,0,0
112900140,0,0,0
112900141,0,0,0
112900142,0,0,0
112900143,0,0,0
112900144,0,0,0
112900145,0,0,0
112900146,0,0,0
112900147,0,0,0
112900148,0,0,0
112900149,0,0,0
112900151,0,0,0
112900152,0,0,0
112900153,0,0,0
112900154,0,0,0
112900155,0,0,0
112900156,0,0,0
112900157,0,0,0
112900158,0,0,0
112900159,0,0,0
112900160,0,0,0
112900161,0,0,0
112900162,0,0,0
112900163,0,0,0
112900164,0,0,0
112900165,0,0,0
112900166,0,0,0
112900167,0,0,0
112900168,0,0,0
112900169,0,0,0
112900170,0,0,0
112900172,0,0,0
112900173,0,0,0
112900174,0,0,0
112900175,0,0,0
112900176,0,0,0
112900177,0,0,0
112900178,0,0,0
112900179,0,0,0
112900180,0,0,0
112900181,0,0,0
112900182,0,0,0
112900183,0,0,0
112900184,0,0,0
112900185,0,0,0
112900186,0,0,0
112900187,0,0,0
112900188,0,0,0
112900189,0,0,0
112900190,0,0,0
112900192,0,0,0
112900193,0,0,0
112900194,0,0,0
112900195,0,0,0
112900196,0,0,0
112900197,0,0,0
112900199,0,0,0
112900200,0,0,0
112900201,0,0,0
112900202,0,0,0
112900203,0,0,0
112900204,0,0,0
112900205,0,0,0
112900206,0,0,0
112900207,0,0,0
112900208,0,0,0
112900209,0,0,0
112900210,0,0,0
112900211,0,0,0
112900212,0,0,0
112900213,0,0,0
112900214,0,0,0
112900215,0,0,0
112900216,0,0,0
112900217,0,0,0
112900218,0,0,0
112900219,0,0,0
112900220,0,0,0
112900221,0,0,0
112900222,0,0,0
112900223,0,0,0
112900224,0,0,0
112900225,0,0,0
112900226,0,0,0
112900227,0,0,0
112900228,0,0,0
112900229,0,0,0
112900230,0,0,0
112900232,0,0,0
112900233,0,0,0
112900234,0,0,0
112900235,0,0,0
112900236,0,0,0
112900237,0,0,0
112900238,0,0,0
112900239,0,0,0
113000001,369,303,66
113000002,325,392,-67
113000003,162,178,-16
113000004,117,120,-3
113000005,84,81,3
113000006,76,106,-30
113000007,124,70,54
113000008,71,66,5
113000009,55,47,8
113000010,173,95,78
113000011,0,0,0
113000012,681,75,606
113000013,5,45,-40
113000014,65,0,65
113000015,4,1,3
113000016,1,1,0
113000017,0,0,0
113000018,55,21,34
113000019,0,0,0
113000020,286,16,270
113000021,358,15,343
113000022,88,1,87
113000025,0,0,0
113000026,51,20,31
113000027,73,3,70
113000028,12,0,12
113000029,57,38,19
113000030,0,0,0
113000031,0,0,0
113000032,80,18,62
113000033,68,14,54
113000034,0,0,0
113000035,0,0,0
113000036,0,0,0
113000037,0,0,0
113000038,0,0,0
113000039,0,0,0
113000040,0,0,0
113000042,0,0,0
113000051,206,183,23
113000052,145,97,48
113000053,17,27,-10
113000054,37,67,-30
113000055,136,21,115
113000056,143,52,91
113000058,0,0,0
113000059,246,76,170
113000060,0,0,0
113000061,161,81,80
113000062,0,0,0
113000063,0,0,0
113000064,0,0,0
113000065,7,20,-13
113000066,171,0,171
113000067,70,3,67
113000068,45,20,25
113000069,40,34,6
113000070,74,25,49
113000071,31,47,-16
113000072,124,1,123
113000073,1,88,-87
113000074,66,18,48
113000075,311,22,289
113000076,8,205,-197
113000077,85,117,-32
113000078,0,0,0
113000079,0,0,0
113000080,74,69,5
113000081,202,105,97
113000082,0,0,0
113000083,243,204,39
113000084,4,0,4
113000085,243,189,54
113000086,2,6,-4
113000087,86,475,-389
113000088,5,3,2
113000089,210,446,-236
113000090,6,30,-24
113000091,21,0,21
113000094,97,9,88
113000095,0,0,0
113000096,0,0,0
113000097,75,33,42
113000098,21,0,21
113000099,56,9,47
113000100,5,2,3
113000101,4,0,4
113000102,33,46,-13
113000103,0,0,0
113000104,402,159,243
113000105,786,155,631
113000106,0,0,0
113000107,280,529,-249
113000108,107,37,70
113000109,0,0,0
113000110,98,178,-80
113000111,0,0,0
113000112,2,84,-82
113000113,86,53,33
113000114,0,0,0
113000116,0,0,0
113000117,0,0,0
113000118,0,0,0
113000119,0,0,0
113000120,0,0,0
113000121,0,0,0
113000124,20,38,-18
113000125,0,0,0
113000127,0,0,0
113000128,0,0,0
113000129,0,0,0
113000133,25,1,24
113000134,3,72,-69
113000135,1304,1121,183
113000137,493,545,-52
113000139,104,51,53
113000140,0,0,0
113000141,54,31,23
113000142,0,0,0
113000143,6,20,-14
113000144,0,0,0
113000145,0,0,0
113000146,0,0,0
113000147,0,0,0
113000148,0,0,0
113000149,0,0,0
113000150,0,0,0
113000151,0,0,0
113000152,0,0,0
113000153,0,0,0
113000154,28,70,-42
113000155,79,65,14
113000156,0,0,0
113000157,0,0,0
113000158,86,3,83
113000159,215,5,210
113000160,0,0,0
113000161,0,0,0
113000162,0,0,0
113000163,19,0,19
113000164,0,0,0
113000166,90,1,89
113000167,0,0,0
113000168,0,0,0
113000169,120,7,113
113000170,259,35,224
113000171,0,0,0
113000172,113,2,111
113000173,18,1,17
113000174,0,0,0
113000175,51,12,39
113000176,258,11,247
113000177,0,0,0
113000178,0,0,0
113000179,113,7,106
113000180,84,15,69
113000181,67,5,62
113000182,17,9,8
113000183,0,86,-86
113000184,0,0,0
113000189,0,0,0
113000190,0,0,0
113000192,84,222,-138
113000193,148,10,138
113000194,42,22,20
113000195,44,39,5
113000196,101,0,101
113000197,36,11,25
113000198,0,0,0
113000199,1,0,1
113000201,0,0,0
113000202,0,1,-1
113000203,8,2,6
113000204,21,67,-46
113000205,0,0,0
113000206,0,0,0
113000207,0,0,0
113000208,0,0,0
113000209,0,0,0
113000210,0,0,0
113000211,0,0,0
113000212,0,0,0
113000213,6,0,6
113000214,0,0,0
113000234,0,0,0
113000410,4,2,2
113000411,79,161,-82
113000412,618,296,322
113000413,371,394,-23
113000414,351,362,-11
113000415,16,81,-65
113000416,86,94,-8
113000417,32,81,-49
113000418,551,277,274
113000419,156,175,-19
113000420,736,199,537
113000421,2350,1567,783
113000422,522,639,-117
113000423,445,331,114
113000424,941,433,508
113000425,0,0,0
113000428,0,0,0
113000430,0,0,0
113000432,270,7,263
113000433,0,0,0
113000434,0,0,0
113000435,0,0,0
113000436,0,0,0
113000437,67,0,67
113000438,2,0,2
113000439,0,0,0
113000440,0,0,0
113000441,0,0,0
113000442,0,0,0
113000443,0,0,0
113000444,0,0,0
113000445,0,0,0
113000446,0,0,0
113000448,0,0,0
113000449,0,0,0
113000450,0,0,0
113000451,0,0,0
113000452,20,1,19
113000453,0,0,0
113000454,1,0,1
113000455,0,0,0
113000456,0,0,0
113000468,0,0,0
113000469,0,0,0
113000470,0,0,0
113000471,0,0,0
113000472,0,0,0
113000474,21,128,-107
113000475,88,100,-12
113000476,238,396,-158
113000477,1170,378,792
113000478,440,163,277
113000479,0,0,0
113000480,0,0,0
113000482,0,0,0
113000485,0,0,0
113000486,0,0,0
113000487,0,0,0
113000488,0,0,0
113000489,0,0,0
113000490,0,0,0
113000491,0,0,0
113000492,0,0,0
113000493,0,0,0
113000495,0,0,0
113000496,0,0,0
113000497,0,0,0
113000499,0,0,0
113000500,0,0,0
113900001,0,0,0
113900002,0,0,0
113900003,0,0,0
113900004,0,0,0
113900005,0,0,0
113900006,0,0,0
113900007,0,0,0
113900008,0,0,0
113900009,0,0,0
113900010,0,0,0
113900011,0,0,0
113900012,0,0,0
113900013,0,0,0
113900014,0,0,0
113900015,0,0,0
113900016,0,0,0
113900017,0,0,0
113900018,0,0,0
113900019,0,0,0
113900020,0,0,0
113900022,0,0,0
113900023,0,0,0
113900024,0,0,0
113900025,0,0,0
113900026,0,0,0
113900027,0,0,0
113900028,0,0,0
113900029,0,0,0
113900030,0,0,0
113900031,0,0,0
113900032,0,0,0
113900033,0,0,0
113900035,0,0,0
113900036,0,0,0
113900037,0,0,0
113900038,0,0,0
113900039,0,0,0
113900040,0,0,0
113900041,0,0,0
113900042,0,0,0
113900043,0,0,0
113900044,0,0,0
113900045,0,0,0
113900046,0,0,0
113900047,0,0,0
113900048,0,0,0
113900049,0,0,0
113900050,0,0,0
113900051,0,0,0
113900052,0,0,0
113900053,0,0,0
113900054,0,0,0
113900055,0,0,0
113900056,0,0,0
113900057,0,0,0
113900058,0,0,0
113900059,0,0,0
113900060,0,0,0
113900061,0,0,0
113900062,0,0,0
113900063,0,0,0
113900064,0,0,0
113900065,0,0,0
113900066,0,0,0
113900067,0,0,0
113900068,0,0,0
113900069,0,0,0
113900070,0,0,0
113900071,0,0,0
113900072,0,0,0
113900073,0,0,0
113900074,0,0,0
113900075,0,0,0
113900076,0,0,0
113900077,0,0,0
113900078,0,0,0
113900079,0,0,0
113900080,0,0,0
113900081,0,0,0
113900082,0,0,0
113900083,0,0,0
113900084,0,0,0
113900085,0,0,0
113900086,0,0,0
113900087,0,0,0
113900088,0,0,0
113900089,0,0,0
113900090,0,0,0
113900091,0,0,0
113900092,0,0,0
113900093,0,0,0
113900094,0,0,0
113900095,0,0,0
113900096,0,0,0
113900097,0,0,0
113900098,0,0,0
113900099,0,0,0
113900100,0,0,0
113900101,0,0,0
113900102,0,0,0
113900103,0,0,0
113900104,0,0,0
113900105,0,0,0
113900106,0,0,0
113900107,0,0,0
113900108,0,0,0
113900109,0,0,0
113900110,0,0,0
113900111,0,0,0
113900112,0,0,0
113900113,0,0,0
113900114,0,0,0
113900115,0,0,0
113900116,0,0,0
113900117,0,0,0
113900118,0,0,0
113900119,0,0,0
113900120,0,0,0
113900121,0,0,0
113900122,0,0,0
113900123,0,0,0
113900124,0,0,0
113900125,0,0,0
113900126,0,0,0
113900127,0,0,0
113900128,0,0,0
113900129,0,0,0
113900130,0,0,0
113900131,0,0,0
113900132,0,0,0
113900133,0,0,0
113900135,0,0,0
113900136,0,0,0
113900137,0,0,0
113900138,0,0,0
113900139,0,0,0
113900140,0,0,0
113900141,0,0,0
113900142,0,0,0
113900143,0,0,0
113900144,0,0,0
113900145,0,0,0
113900146,0,0,0
113900148,0,0,0
113900149,0,0,0
113900150,0,0,0
113900151,0,0,0
113900152,0,0,0
113900153,0,0,0
113900154,0,0,0
113900155,0,0,0
113900156,0,0,0
113900157,0,0,0
113900158,0,0,0
113900159,0,0,0
113900160,0,0,0
113900161,0,0,0
113900162,0,0,0
113900163,0,0,0
113900164,0,0,0
113900165,0,0,0
113900166,0,0,0
113900167,0,0,0
113900168,0,0,0
113900169,0,0,0
113900171,0,0,0
113900172,0,0,0
113900173,0,0,0
113900174,0,0,0
113900175,0,0,0
113900176,0,0,0
113900177,0,0,0
113900178,0,0,0
113900179,0,0,0
113900180,0,0,0
113900181,0,0,0
113900182,0,0,0
113900183,0,0,0
113900184,0,0,0
113900185,0,0,0
113900186,0,0,0
113900187,0,0,0
113900188,0,0,0
113900189,0,0,0
113900190,0,0,0
113900191,0,0,0
113900192,0,0,0
113900193,0,0,0
113900194,0,0,0
113900195,0,0,0
113900196,0,0,0
113900197,0,0,0
113900198,0,0,0
113900199,0,0,0
113900200,0,0,0
113900201,0,0,0
113900202,0,0,0
113900203,0,0,0
113900204,0,0,0
113900205,0,0,0
113900206,0,0,0
113900207,0,0,0
113900208,0,0,0
113900209,0,0,0
113900210,0,0,0
113900211,0,0,0
113900212,0,0,0
113900214,0,0,0
113900215,0,0,0
113900216,0,0,0
113900217,0,0,0
113900218,0,0,0
113900219,0,0,0
113900220,0,0,0
113900221,0,0,0
113900222,0,0,0
113900223,0,0,0
113900224,0,0,0
113900225,0,0,0
113900226,0,0,0
113900227,0,0,0
113900228,0,0,0
113900229,0,0,0
113900230,0,0,0
113900231,0,0,0
113900232,0,0,0
113900233,0,0,0
113900234,0,0,0
113900235,0,0,0
113900236,0,0,0
113900237,0,0,0
113900238,0,0,0
113900239,0,0,0
113900240,0,0,0
113900241,0,0,0
113900242,0,0,0
113900243,0,0,0
113900244,0,0,0
113900245,0,0,0
113900246,0,0,0
113900247,0,0,0
113900248,0,0,0
113900249,0,0,0
113900250,0,0,0
113900251,0,0,0
113900252,0,0,0
113900253,0,0,0
113900254,0,0,0
113900255,0,0,0
113900256,0,0,0
113900257,0,0,0
113900258,0,0,0
113900259,0,0,0
113900260,2,1,1
113900261,0,0,0
113900262,0,0,0
113900263,0,0,0
113900264,0,0,0
113900265,0,0,0
113900266,0,0,0
113900267,0,0,0
113900268,0,0,0
113900269,0,0,0
113900270,0,0,0
113900271,0,0,0
113900273,0,0,0
113900274,0,0,0
113900275,0,0,0
113900276,0,0,0
113900277,0,0,0
113900278,0,0,0
113900279,0,0,0
113900280,0,0,0
113900281,0,0,0
113900282,0,0,0
113900283,0,0,0
113900284,0,0,0
113900285,0,0,0
113900286,0,0,0
113900287,0,0,0
113900288,0,0,0
113900289,0,0,0
113900290,0,0,0
113900291,0,0,0
113900292,0,0,0
113900293,0,0,0
113900294,0,0,0
113900295,8,12,-4
113900296,0,0,0
113900297,0,0,0
113900298,0,0,0
113900299,0,0,0
113900300,0,0,0
113900301,0,0,0
113900302,0,0,0
113900303,0,0,0
113900304,0,0,0
113900305,0,0,0
113900306,0,0,0
113900307,0,0,0
113900308,0,0,0
113900309,0,0,0
113900310,0,0,0
113900311,0,0,0
113900312,0,0,0
113900313,0,0,0
114000001,228,134,94
114000002,38,49,-11
114000003,0,0,0
114000004,0,0,0
114000005,0,0,0
114000006,0,0,0
114000007,0,0,0
114000008,8,42,-34
114000009,6,49,-43
114000011,860,190,670
114000012,486,63,423
114000013,277,172,105
114000014,0,0,0
114000015,0,0,0
114000016,0,0,0
114000017,22,3,19
114000018,0,0,0
114000026,304,138,166
114000027,339,172,167
114000028,307,313,-6
114000038,0,0,0
114000039,0,0,0
114000040,10,5,5
114000042,0,0,0
114000043,0,0,0
114000044,9,8,1
114000045,0,0,0
114000046,0,0,0
114000047,0,0,0
114000048,3,24,-21
114000049,39,80,-41
114000050,10,107,-97
114000051,39,213,-174
114000052,23,113,-90
114000053,0,0,0
114000054,0,0,0
114000055,0,0,0
114000056,0,0,0
114000057,317,186,131
114000058,0,0,0
114000059,0,0,0
114000060,0,0,0
114000061,87,100,-13
114000062,45,170,-125
114000063,7,5,2
114000064,19,1,18
114000065,30,31,-1
114000066,40,24,16
114000067,2,11,-9
114000068,24,5,19
114000069,64,1,63
114000070,888,394,494
114000071,0,0,0
114000072,0,0,0
114000073,2,1,1
114000074,0,0,0
114000075,10,0,10
114000076,29,1,28
114000077,19,0,19
114000078,0,1,-1
114000079,0,0,0
114000080,1,12,-11
114000081,54,28,26
114000082,0,0,0
114000083,0,0,0
114000084,0,0,0
114000085,0,0,0
114000086,0,0,0
114000087,0,0,0
114000088,2,1,1
114000089,1,5,-4
114000090,109,81,28
114000091,40,23,17
114000092,69,20,49
114000093,76,73,3
114000094,63,42,21
114000095,9,28,-19
114000096,0,0,0
114000097,0,0,0
114000098,55,2,53
114000099,0,0,0
114000100,963,5,958
114000101,0,0,0
114000102,93,25,68
114000103,0,0,0
114000104,0,0,0
114000105,0,0,0
114000106,0,0,0
114000107,0,0,0
114000108,0,0,0
114000109,364,206,158
114000110,0,0,0
114000111,446,124,322
114000112,0,0,0
114000113,390,21,369
114000114,0,0,0
114000115,585,113,472
114000116,391,159,232
114000117,1264,72,1192
114000118,719,103,616
114000119,712,56,656
114000120,97,5,92
114000121,0,0,0
114000122,184,8,176
114000123,460,50,410
114000124,70,75,-5
114000125,42,118,-76
114000126,314,22,292
114000127,25,6,19
114000128,44,6,38
114000130,9,8,1
114000131,15,29,-14
114000132,0,0,0
114000133,0,0,0
114000134,0,0,0
114000138,0,0,0
114000139,14,60,-46
114000144,131,78,53
114000145,0,0,0
114000146,0,0,0
114000147,422,101,321
114000148,48,41,7
114000149,3,57,-54
114000150,0,0,0
114000151,78,116,-38
114000152,1,12,-11
114000153,0,0,0
114000154,110,16,94
114000155,315,152,163
114000156,51,34,17
114000157,80,93,-13
114000158,0,0,0
114000159,0,0,0
114000160,0,0,0
114000161,148,533,-385
114000162,867,747,120
114000163,0,0,0
114000165,2,65,-63
114000166,5,17,-12
114000167,242,67,175
114000168,0,0,0
114000169,376,376,0
114000170,622,180,442
114000171,926,172,754
114000174,0,0,0
114000176,0,0,0
114000177,0,0,0
114000178,6,8,-2
114000179,284,81,203
114000180,0,0,0
114000181,189,681,-492
114000182,222,206,16
114000183,147,82,65
114000184,67,165,-98
114000185,297,108,189
114000189,333,17,316
114000190,812,16,796
114000191,0,0,0
114000192,1,39,-38
114000193,0,0,0
114000194,255,9,246
114000195,0,0,0
114000196,0,0,0
114000197,359,0,359
114000198,0,0,0
114000199,0,0,0
114000200,8,21,-13
114000201,1,0,1
114000202,172,60,112
114000203,48,15,33
114000204,0,0,0
114000205,0,1,-1
114000206,0,0,0
114000207,8,133,-125
114000208,2,53,-51
114000209,5,125,-120
114000210,0,66,-66
114000211,763,296,467
114000212,90,346,-256
114000213,598,355,243
114000214,25,0,25
114000215,0,0,0
114000216,410,114,296
114000217,155,22,133
114000218,7,0,7
114000219,267,19,248
114000220,0,56,-56
114000221,272,23,249
114000222,10,38,-28
114000223,310,31,279
114000224,18,35,-17
114000225,34,35,-1
114000226,137,34,103
114000227,417,170,247
114000228,279,90,189
114000229,146,50,96
114000230,620,115,505
114000231,103,44,59
114000232,385,49,336
114000233,851,113,738
114000234,593,162,431
114000235,157,31,126
114000236,0,0,0
114000237,15,1,14
114000238,2,145,-143
114000239,0,2,-2
114000240,140,56,84
114000241,32,75,-43
114000242,109,54,55
114000243,650,251,399
114000244,505,147,358
114000245,0,0,0
114000246,0,0,0
114000247,222,104,118
114000248,327,118,209
114000249,216,143,73
114000250,193,10,183
114000251,77,29,48
114000252,0,0,0
114000253,14,0,14
114000254,0,0,0
114000255,0,0,0
114000256,24,83,-59
114000257,0,161,-161
114000258,44,7,37
114000259,0,19,-19
114000260,0,0,0
114000261,131,17,114
114000262,0,0,0
114000263,33,3,30
114000264,0,0,0
114000265,0,0,0
114000267,2,356,-354
114000268,0,0,0
114000270,60,0,60
114000271,129,0,129
114000283,339,31,308
114000285,0,0,0
114000288,0,7,-7
114000289,0,0,0
114000293,67,5,62
114000294,0,0,0
114000395,510,15,495
114000396,108,74,34
114000402,0,1,-1
114000403,36,22,14
114000405,46,9,37
114000423,119,24,95
114000424,66,25,41
114000425,174,19,155
114000426,65,47,18
114000427,0,0,0
114000428,0,0,0
114000429,1,1,0
114000432,2,0,2
114000434,0,0,0
114000435,0,0,0
114000436,26,6,20
114000437,175,127,48
114900001,0,0,0
114900002,0,0,0
114900003,0,0,0
114900004,0,0,0
114900005,0,0,0
114900006,0,0,0
114900007,0,0,0
114900008,0,0,0
114900010,0,0,0
114900011,0,0,0
114900013,0,0,0
114900015,0,0,0
114900018,0,0,0
114900020,0,0,0
114900022,0,0,0
114900024,0,0,0
114900025,0,0,0
114900026,0,0,0
114900027,0,0,0
114900029,0,0,0
114900030,0,0,0
114900031,0,0,0
114900032,0,0,0
114900033,0,0,0
114900034,0,0,0
114900035,0,0,0
114900036,0,0,0
114900037,0,0,0
114900038,0,0,0
114900039,0,0,0
114900040,0,0,0
114900041,0,0,0
114900042,0,0,0
114900043,0,0,0
114900044,0,0,0
114900046,0,0,0
114900047,0,0,0
114900048,0,0,0
114900049,0,0,0
114900050,0,0,0
114900051,0,0,0
114900052,0,0,0
114900053,0,0,0
114900054,0,0,0
114900057,0,0,0
114900058,0,0,0
114900059,0,0,0
114900060,0,0,0
114900061,0,0,0
114900062,0,0,0
114900063,0,0,0
114900064,0,0,0
114900065,0,0,0
114900067,0,0,0
114900068,0,0,0
114900069,0,0,0
114900070,0,0,0
114900072,0,0,0
114900073,0,0,0
114900074,0,0,0
114900075,0,0,0
114900076,0,0,0
114900080,0,0,0
114900082,0,0,0
114900083,0,0,0
114900090,0,0,0
114900091,0,0,0
114900095,0,0,0
114900096,0,0,0
114900097,0,0,0
114900098,0,0,0
114900099,0,0,0
115000001,160,241,-81
115000002,1848,550,1298
115000003,244,226,18
115000004,1442,1112,330
115000005,28,128,-100
115000006,665,478,187
115000007,0,0,0
115000008,112,155,-43
115000009,0,0,0
115000010,158,244,-86
115000013,0,0,0
115000015,0,0,0
115000016,0,0,0
115000019,32,142,-110
115000020,0,0,0
115000021,4,415,-411
115000022,5,102,-97
115000023,496,228,268
115000024,7,79,-72
115000025,494,138,356
115000026,0,2,-2
115000027,243,92,151
115000028,0,1,-1
115000029,511,9,502
115000030,0,61,-61
115000031,688,23,665
115000032,0,0,0
115000033,90,6,84
115000034,0,0,0
115000035,665,2,663
115000036,0,0,0
115000037,270,0,270
115000038,1,63,-62
115000039,25,84,-59
115000040,176,41,135
115000041,41,64,-23
115000042,93,19,74
115000043,979,546,433
115000044,558,88,470
115000045,225,18,207
115000046,712,296,416
115000047,1191,238,953
115000048,127,68,59
115000049,105,308,-203
115000050,1516,333,1183
115000051,476,401,75
115000052,147,107,40
115000053,370,255,115
115000054,67,36,31
115000055,0,0,0
115000056,27,29,-2
115000057,0,0,0
115000058,69,15,54
115000059,0,0,0
115000061,36,4,32
115000062,0,0,0
115000063,0,0,0
115000064,91,9,82
115000065,0,0,0
115000067,7,1,6
115000069,0,0,0
115000070,2,24,-22
115000071,38,3,35
115000072,0,0,0
115000073,425,16,409
115000075,0,0,0
115000076,601,331,270
115000077,205,159,46
115000078,259,166,93
115000079,252,196,56
115000080,458,272,186
115000081,0,0,0
115000082,1215,685,530
115000083,0,0,0
115000084,830,166,664
115000085,0,0,0
115000086,595,63,532
115000087,0,0,0
115000088,816,211,605
115000089,0,0,0
115000090,93,107,-14
115000091,102,31,71
115000092,310,12,298
115000093,437,15,422
115000094,1743,404,1339
115000095,1132,271,861
115000096,239,44,195
115000097,239,42,197
115000098,336,37,299
115000099,834,252,582
115000100,704,152,552
115000101,4,12,-8
115000102,254,77,177
115000103,34,3,31
115000105,0,15,-15
115000106,260,66,194
115000107,4,44,-40
115000108,62,115,-53
115000109,979,1029,-50
115000110,144,136,8
115000111,5,104,-99
115000112,92,39,53
115000113,71,68,3
115000114,72,26,46
115000116,112,78,34
115000117,127,39,88
115000118,130,234,-104
115000119,62,97,-35
115000120,27,272,-245
115000121,136,118,18
115000122,214,44,170
115000123,149,352,-203
115000124,110,23,87
115000125,83,68,15
115000126,21,50,-29
115000127,18,1,17
115000128,12,16,-4
115000129,46,3,43
115000130,96,5,91
115000131,66,9,57
115000132,122,0,122
115000133,72,25,47
115000134,54,2,52
115000135,29,7,22
115000136,103,13,90
115000137,0,0,0
115000138,164,11,153
115000139,0,0,0
115000140,207,48,159
115000141,0,0,0
115000142,0,0,0
115000143,187,60,127
115000144,0,0,0
115000145,0,0,0
115000146,166,85,81
115000147,0,0,0
115000148,2,35,-33
115000149,1,4,-3
115000150,44,3,41
115000151,63,60,3
115000152,21,1,20
115000153,49,27,22
115000154,20,5,15
115000155,22,26,-4
115000156,8,79,-71
115000157,10,9,1
115000158,13,22,-9
115000159,0,0,0
115000160,0,2,-2
115000161,172,121,51
115000162,374,55,319
115000163,0,0,0
115000164,0,0,0
115000165,113,92,21
115000167,52,3,49
115000168,87,55,32
115000169,0,0,0
115000170,0,0,0
115000171,40,110,-70
115000172,0,0,0
115000173,2,17,-15
115000174,27,19,8
115000175,0,0,0
115000176,7,2,5
115000177,0,0,0
115000178,0,0,0
115000179,16,0,16
115000180,0,0,0
115000181,138,14,124
115000182,309,18,291
115000183,0,0,0
115000186,134,5,129
115000187,32,53,-21
115000188,195,20,175
115000189,9,63,-54
115000190,503,35,468
115000191,2,57,-55
115000194,0,0,0
115000195,9,2,7
115000196,0,0,0
115000197,0,0,0
115000198,31,1,30
115000199,0,0,0
115000200,9,2,7
115000201,0,0,0
115000206,285,1,284
115000207,0,0,0
115000208,16,78,-62
115000209,465,8,457
115000210,42,108,-66
115000211,3,9,-6
115000212,26,0,26
115000224,0,0,0
115000225,0,0,0
115000229,2,0,2
115000230,1,1,0
115000231,116,3,113
115000232,363,4,359
115000233,0,0,0
115000234,0,0,0
115000241,0,0,0
115000242,0,0,0
115000243,0,0,0
115000244,0,0,0
115000246,0,0,0
115000247,0,0,0
115000248,0,0,0
115000249,0,0,0
115000250,0,0,0
115000251,0,0,0
115000252,0,0,0
115000253,0,0,0
115000258,0,0,0
115000259,0,0,0
115000261,0,0,0
115000262,0,0,0
115000263,0,0,0
115000264,0,0,0
115000267,0,0,0
115000268,0,0,0
115000269,0,0,0
115000270,0,0,0
115000272,0,0,0
115000273,0,0,0
115000280,23,534,-511
115000281,0,0,0
115000282,200,458,-258
115000284,0,0,0
115000296,347,4,343
115000297,8,307,-299
115000298,0,0,0
115000300,0,0,0
115000302,76,2,74
115000303,157,2,155
115000304,96,19,77
115000305,0,0,0
115000306,0,0,0
115000307,0,0,0
115000308,0,0,0
115000309,0,0,0
115000310,0,0,0
115000311,425,65,360
115000313,0,0,0
115000314,31,6,25
115000315,9,89,-80
115000316,0,0,0
115000317,83,33,50
115000318,490,3,487
115000319,0,28,-28
115000320,1,47,-46
115000321,60,1,59
115000322,1,40,-39
115000449,0,0,0
115000557,0,0,0
115000558,113,2,111
115000587,11,1,10
115000588,120,204,-84
115000589,1892,1066,826
115000590,55,87,-32
115000591,530,394,136
115000592,37,115,-78
115000593,709,185,524
115000594,193,158,35
115000609,5,28,-23
115000617,198,116,82
115000624,0,0,0
115000633,276,166,110
115000634,1414,202,1212
115000635,377,40,337
115000638,0,0,0
115000641,0,0,0
115000642,204,12,192
115000643,0,23,-23
115000644,2,14,-12
115000646,156,77,79
115000647,76,26,50
115000648,284,39,245
115000893,1456,495,961
115000894,0,176,-176
115000895,19,140,-121
115000896,934,168,766
115000897,54,32,22
115000898,109,51,58
115000899,3,22,-19
115000900,6,32,-26
115000901,1,22,-21
115000912,94,11,83
115000913,0,0,0
115000915,1,0,1
115000916,3,0,3
115000917,0,0,0
115000918,0,1,-1
115000919,0,0,0
115000920,0,0,0
115000921,0,0,0
115000922,56,276,-220
115000923,9,69,-60
115000925,0,0,0
115000927,0,0,0
115000933,1,5,-4
115000934,0,0,0
115000935,0,0,0
115900001,0,0,0
115900002,0,0,0
115900003,0,0,0
115900004,0,0,0
115900005,0,0,0
115900006,0,0,0
115900008,0,0,0
115900009,0,0,0
115900010,0,0,0
115900011,0,0,0
115900012,0,0,0
115900013,0,0,0
115900014,0,0,0
115900015,0,0,0
115900016,0,0,0
115900017,0,0,0
115900018,0,0,0
115900019,0,0,0
115900020,0,0,0
115900021,0,0,0
115900022,0,0,0
115900023,0,0,0
115900025,0,0,0
115900026,0,0,0
115900027,0,0,0
115900028,0,0,0
115900029,0,0,0
115900030,0,0,0
115900031,0,0,0
115900032,0,0,0
115900033,0,0,0
115900034,0,0,0
115900035,0,0,0
115900036,0,0,0
115900037,0,0,0
115900038,0,0,0
115900039,0,0,0
115900041,0,0,0
115900042,0,0,0
115900043,0,0,0
115900044,0,0,0
115900046,0,0,0
115900047,0,0,0
115900049,0,0,0
115900051,0,0,0
115900052,0,0,0
115900053,0,0,0
115900054,0,0,0
115900055,0,0,0
115900056,0,0,0
115900057,0,0,0
115900058,0,0,0
115900060,0,0,0
115900061,0,0,0
115900062,0,0,0
115900063,0,0,0
115900064,0,0,0
115900065,0,0,0
115900066,0,0,0
115900067,0,0,0
115900068,0,0,0
115900069,0,0,0
115900070,0,0,0
115900071,0,0,0
115900072,0,0,0
115900073,0,0,0
115900074,0,0,0
115900075,0,0,0
115900076,0,0,0
115900077,0,0,0
115900078,0,0,0
115900079,0,0,0
115900080,0,0,0
115900081,0,0,0
115900082,0,0,0
115900084,0,0,0
115900085,0,0,0
115900086,0,0,0
115900088,0,0,0
115900089,0,0,0
115900090,0,0,0
115900091,0,0,0
115900092,0,0,0
115900093,0,0,0
115900094,0,0,0
115900096,0,0,0
115900097,0,0,0
115900098,0,0,0
115900099,0,0,0
115900100,0,0,0
115900101,0,0,0
115900102,0,0,0
115900103,0,0,0
115900104,0,0,0
115900105,0,0,0
115900106,0,0,0
115900107,0,0,0
115900108,0,0,0
115900109,0,0,0
115900110,0,0,0
115900111,0,0,0
115900112,0,0,0
115900113,0,0,0
115900114,0,0,0
115900115,0,0,0
115900116,0,0,0
115900117,0,0,0
115900118,0,0,0
115900119,0,0,0
115900120,0,0,0
115900121,0,0,0
115900124,0,0,0
115900125,0,0,0
115900126,0,0,0
115900127,0,0,0
115900128,0,0,0
115900129,0,0,0
115900130,0,0,0
115900131,0,0,0
115900132,0,0,0
115900134,0,0,0
115900135,0,0,0
115900137,0,0,0
115900139,0,0,0
115900140,0,0,0
115900141,0,0,0
115900142,0,0,0
115900143,0,0,0
115900144,0,0,0
115900146,0,0,0
115900147,0,0,0
115900148,0,0,0
115900149,0,0,0
115900150,0,0,0
115900151,0,0,0
115900152,0,0,0
115900153,0,0,0
115900154,0,0,0
115900155,0,0,0
115900156,0,0,0
115900157,0,0,0
115900158,0,0,0
115900159,0,0,0
115900160,0,0,0
115900161,0,0,0
115900163,0,0,0
115900164,0,0,0
115900165,0,0,0
115900166,0,0,0
115900168,0,0,0
115900171,0,0,0
115900172,0,0,0
115900173,0,0,0
115900174,0,0,0
115900175,0,0,0
115900178,0,0,0
115900179,0,0,0
115900180,0,0,0
115900181,0,0,0
115900182,0,0,0
115900183,0,0,0
115900184,0,0,0
115900187,0,0,0
115900189,0,0,0
115900190,0,0,0
115900191,0,0,0
115900192,0,0,0
115900193,0,0,0
115900194,0,0,0
115900195,0,0,0
115900198,0,0,0
115900199,0,0,0
115900200,0,0,0
115900201,0,0,0
115900202,0,0,0
115900203,0,0,0
115900204,0,0,0
115900205,0,0,0
115900206,0,0,0
115900207,0,0,0
115900208,0,0,0
115900209,0,0,0
115900210,0,0,0
115900211,0,0,0
115900212,0,0,0
115900213,0,0,0
115900214,0,0,0
115900215,0,0,0
115900216,0,0,0
115900217,0,0,0
115900218,0,0,0
115900219,0,0,0
115900220,0,0,0
115900221,0,0,0
115900222,0,0,0
115900223,0,0,0
115900224,0,0,0
115900225,0,0,0
115900226,0,0,0
115900227,0,0,0
115900228,0,0,0
115900229,0,0,0
115900230,0,0,0
115900231,0,0,0
115900232,0,0,0
115900233,0,0,0
115900234,0,0,0
115900235,0,0,0
115900236,0,0,0
115900237,0,0,0
115900238,0,0,0
115900239,0,0,0
115900240,0,0,0
115900241,0,0,0
115900242,1,1,0
115900243,0,0,0
115900244,0,0,0
115900245,0,0,0
115900246,0,0,0
115900247,0,0,0
115900248,0,0,0
115900249,0,0,0
115900250,0,0,0
115900251,0,0,0
115900252,0,0,0
115900253,0,0,0
115900254,0,0,0
115900255,0,0,0
115900256,0,0,0
115900257,0,0,0
115900258,0,0,0
115900259,0,0,0
115900260,0,0,0
115900261,0,0,0
115900262,0,0,0
115900263,0,0,0
115900264,0,0,0
115900265,0,0,0
115900266,0,0,0
115900267,0,0,0
115900268,0,0,0
115900269,0,0,0
115900270,0,0,0
115900271,0,0,0
115900272,0,0,0
115900273,0,0,0
115900274,0,0,0
115900275,0,0,0
115900276,0,0,0
115900277,0,0,0
115900278,0,0,0
115900279,0,0,0
115900280,0,0,0
115900281,0,0,0
116000001,147,280,-133
116000002,1619,2498,-879
116000003,64,145,-81
116000004,683,2055,-1372
116000005,32,136,-104
116000006,259,644,-385
116000007,148,221,-73
116000008,726,566,160
116000009,19,182,-163
116000010,700,592,108
116000011,31,232,-201
116000012,988,375,613
116000013,193,544,-351
116000014,0,0,0
116000015,3,2,1
116000016,1010,61,949
116000017,54,9,45
116000018,144,18,126
116000019,99,4,95
116000020,445,57,388
116000021,377,10,367
116000022,114,66,48
116000023,0,7,-7
116000024,247,26,221
116000025,2,11,-9
116000026,568,79,489
116000027,218,83,135
116000028,509,700,-191
116000029,0,0,0
116000030,403,525,-122
116000031,0,0,0
116000032,203,2,201
116000033,385,267,118
116000034,1780,1351,429
116000035,474,77,397
116000036,0,0,0
116000037,5,44,-39
116000038,4,84,-80
116000039,0,0,0
116000040,85,132,-47
116000041,0,0,0
116000042,312,267,45
116000043,0,0,0
116000044,0,0,0
116000045,2217,2260,-43
116000046,174,88,86
116000047,145,55,90
116000048,2263,1020,1243
116000049,1203,563,640
116000050,669,225,444
116000051,1762,405,1357
116000052,930,217,713
116000053,822,382,440
116000054,0,0,0
116000055,0,0,0
116000056,362,1012,-650
116000057,0,0,0
116000058,79,91,-12
116000059,455,2140,-1685
116000060,66,80,-14
116000061,105,278,-173
116000062,16,30,-14
116000063,195,408,-213
116000066,42,426,-384
116000067,0,0,0
116000068,19,140,-121
116000069,0,0,0
116000078,164,511,-347
116000080,0,0,0
116000082,0,0,0
116000083,372,179,193
116000084,29,452,-423
116000085,470,122,348
116000086,14,96,-82
116000087,916,264,652
116000088,73,62,11
116000089,0,0,0
116000090,0,0,0
116000091,0,0,0
116000093,406,123,283
116000094,0,46,-46
116000095,358,47,311
116000096,39,117,-78
116000097,609,21,588
116000098,2,333,-331
116000099,606,20,586
116000100,9,0,9
116000101,59,5,54
116000102,76,21,55
116000103,74,42,32
116000104,27,22,5
116000105,96,7,89
116000106,54,27,27
116000107,185,6,179
116000108,1,5,-4
116000111,18,1,17
116000113,38,3,35
116000114,0,0,0
116000115,135,32,103
116000116,0,0,0
116000117,331,384,-53
116000118,0,0,0
116000119,1295,508,787
116000120,0,0,0
116000121,304,231,73
116000122,0,0,0
116000123,996,119,877
116000124,0,0,0
116000125,895,107,788
116000126,0,0,0
116000127,0,0,0
116000128,889,115,774
116000129,0,0,0
116000130,0,0,0
116000133,446,8,438
116000134,210,24,186
116000135,702,185,517
116000136,147,63,84
116000137,371,153,218
116000138,0,0,0
116000139,872,878,-6
116000140,6,14,-8
116000141,49,5,44
116000142,288,750,-462
116000143,532,243,289
116000144,150,265,-115
116000145,1478,408,1070
116000146,150,1,149
116000147,134,277,-143
116000148,4,28,-24
116000149,0,0,0
116000151,45,87,-42
116000153,151,771,-620
116000155,165,508,-343
116000156,13,43,-30
116000157,34,3,31
116000158,524,43,481
116000159,21,2,19
116000160,0,0,0
116000161,0,0,0
116000162,0,0,0
116000163,0,0,0
116000164,0,0,0
116000177,6,2,4
116000194,0,0,0
116000195,825,205,620
116000196,0,0,0
116000197,0,0,0
116000198,577,494,83
116000200,2,30,-28
116000201,0,0,0
116000202,0,0,0
116000203,0,0,0
116000204,0,0,0
116000205,0,0,0
116000206,0,0,0
116000207,0,0,0
116000233,0,0,0
116000287,0,0,0
116000288,183,112,71
116000292,0,0,0
116000296,0,0,0
116000297,0,0,0
116000304,0,0,0
116000305,0,0,0
116000346,0,0,0
116000352,0,0,0
116000354,0,0,0
116000357,0,0,0
116000358,0,0,0
116000361,0,0,0
116000372,0,0,0
116000381,0,0,0
116000388,0,0,0
116000389,99,20,79
116000445,0,0,0
116000446,408,30,378
116000447,0,0,0
116000448,646,109,537
116000563,100,896,-796
116000565,0,0,0
116000568,0,0,0
116000579,0,0,0
116000584,0,0,0
116000585,0,0,0
116000586,0,0,0
116000587,802,28,774
116000589,0,0,0
116000590,4,2,2
116000591,164,14,150
116000592,0,0,0
116000593,0,0,0
116000594,0,0,0
116000595,0,0,0
116000596,0,0,0
116000597,70,1,69
116000598,0,0,0
116000602,0,0,0
116000605,0,0,0
116000606,41,8,33
116000607,0,0,0
116000609,0,0,0
116000611,0,0,0
116000612,1099,460,639
116000613,461,113,348
116000614,0,0,0
116000615,0,0,0
116000616,0,0,0
116000617,0,0,0
116000618,0,0,0
116000619,1,3,-2
116000620,446,40,406
116000621,7,53,-46
116000622,88,29,59
116000624,0,1,-1
116000627,0,0,0
116000628,0,0,0
116000629,0,0,0
116000630,64,1,63
116000631,4,1,3
116000632,0,0,0
116000633,0,0,0
116000634,0,0,0
116000635,1228,1181,47
116900001,0,0,0
116900002,0,0,0
116900003,0,0,0
116900004,0,0,0
116900005,0,0,0
116900006,0,0,0
116900007,0,0,0
116900008,0,0,0
116900009,0,0,0
116900010,0,0,0
116900011,0,0,0
116900012,0,0,0
116900013,0,0,0
116900014,0,0,0
116900015,0,0,0
116900016,0,0,0
116900017,0,0,0
116900018,0,0,0
116900019,0,0,0
116900020,0,0,0
116900023,0,0,0
116900024,0,0,0
116900025,0,0,0
116900026,0,0,0
116900027,0,0,0
116900028,0,0,0
116900029,0,0,0
116900031,0,0,0
116900032,0,0,0
116900033,0,0,0
116900034,0,0,0
116900035,0,0,0
116900036,0,0,0
116900038,0,0,0
116900041,0,0,0
116900042,0,0,0
116900043,0,0,0
116900045,0,0,0
116900047,0,0,0
116900049,0,0,0
116900050,0,0,0
116900051,0,0,0
116900052,0,0,0
116900055,0,0,0
116900057,0,0,0
116900058,0,0,0
116900059,0,0,0
116900060,0,0,0
116900062,0,0,0
116900064,0,0,0
116900065,0,0,0
116900067,0,0,0
116900068,0,0,0
116900070,0,0,0
116900072,0,0,0
116900073,0,0,0
116900074,0,0,0
116900076,0,0,0
116900077,0,0,0
116900078,0,0,0
116900079,0,0,0
116900080,0,0,0
116900081,0,0,0
116900082,0,0,0
116900083,0,0,0
116900084,0,0,0
116900085,0,0,0
116900086,0,0,0
116900088,0,0,0
116900090,0,0,0
116900091,0,0,0
116900092,0,0,0
116900093,0,0,0
116900094,0,0,0
116900095,0,0,0
116900096,0,0,0
116900097,0,0,0
116900098,0,0,0
116900099,0,0,0
116900100,0,0,0
116900101,0,0,0
116900103,0,0,0
116900104,0,0,0
116900105,0,0,0
116900106,0,0,0
116900107,0,0,0
116900110,0,0,0
116900111,306,4,302
116900112,110,2,108
116900113,73,79,-6
116900116,0,0,0
116900117,0,0,0
116900118,0,0,0
116900120,0,0,0
116900121,0,0,0
116900122,0,0,0
116900123,0,0,0
116900124,0,0,0
116900125,0,0,0
116900126,0,0,0
116900128,0,0,0
116900129,0,0,0
116900130,0,0,0
116900131,0,0,0
116900132,0,0,0
116900133,0,0,0
116900134,0,0,0
116900136,0,0,0
116900137,0,0,0
116900138,0,0,0
116900139,0,0,0
116900140,0,0,0
116900141,0,0,0
116900142,0,0,0
116900143,0,0,0
116900144,0,0,0
116900145,0,0,0
116900147,0,0,0
116900148,0,0,0
116900149,0,0,0
116900150,0,0,0
116900151,0,0,0
116900153,0,0,0
116900154,0,0,0
116900155,0,0,0
116900157,0,0,0
116900158,0,0,0
116900159,0,0,0
116900160,0,0,0
116900161,0,0,0
116900162,0,0,0
116900163,0,0,0
116900164,0,0,0
116900165,0,0,0
116900166,0,0,0
116900167,0,0,0
116900168,0,0,0
116900169,0,0,0
116900170,0,0,0
116900171,0,0,0
116900172,0,0,0
116900173,0,0,0
116900174,0,0,0
116900175,0,0,0
116900178,0,0,0
116900179,0,0,0
116900180,0,0,0
116900182,0,0,0
116900183,0,0,0
116900185,0,0,0
116900186,0,0,0
116900187,0,0,0
116900188,0,0,0
116900189,0,0,0
116900191,0,0,0
116900192,0,0,0
116900194,0,0,0
116900195,0,0,0
116900196,0,0,0
116900197,0,0,0
116900198,0,0,0
116900200,0,0,0
116900201,0,0,0
116900202,0,0,0
116900203,0,0,0
116900204,0,0,0
116900206,0,0,0
116900207,0,0,0
116900208,0,0,0
116900209,0,0,0
116900210,0,0,0
116900211,0,0,0
116900212,0,0,0
116900213,0,0,0
116900214,0,0,0
116900215,0,0,0
116900216,0,0,0
116900218,0,0,0
116900219,0,0,0
116900220,0,0,0
116900221,0,0,0
116900222,226,89,137
116900223,0,0,0
116900226,0,0,0
116900227,0,0,0
116900228,0,0,0
116900230,0,0,0
116900231,0,0,0
116900232,0,0,0
116900233,0,0,0
116900234,0,0,0
116900235,0,0,0
116900238,0,0,0
116900239,0,0,0
116900240,0,0,0
116900241,0,0,0
116900242,0,0,0
116900243,0,0,0
116900245,0,0,0
116900246,0,0,0
116900247,0,0,0
116900248,0,0,0
116900249,0,0,0
116900250,0,0,0
116900251,0,0,0
116900252,132,3,129
116900253,0,0,0
116900254,0,0,0
116900255,0,0,0
116900256,0,0,0
116900257,0,0,0
116900258,0,0,0
116900259,0,0,0
116900260,0,0,0
116900261,0,0,0
116900262,0,0,0
116900263,0,0,0
116900264,0,0,0
116900265,0,0,0
116900266,0,0,0
116900267,0,0,0
116900268,0,0,0
116900269,271,112,159
116900271,0,0,0
116900272,0,0,0
116900273,0,0,0
116900274,0,0,0
116900275,0,0,0
116900276,119,0,119
116900277,0,0,0
116900278,0,0,0
116900279,0,0,0
116900280,0,0,0
116900281,0,0,0
116900282,0,0,0
116900283,0,0,0
116900284,0,0,0
116900285,0,0,0
116900286,0,0,0
116900287,0,0,0
116900288,0,0,0
116900289,0,0,0
116900290,0,0,0
116900291,0,0,0
116900292,0,0,0
116900293,0,0,0
116900294,0,0,0
116900295,0,0,0
116900296,0,0,0
116900297,0,0,0
116900298,0,0,0
116900299,0,0,0
116900300,0,0,0
116900301,0,0,0
116900302,0,0,0
116900303,0,0,0
116900304,0,0,0
116900305,0,0,0
116900306,10,0,10
117000001,1360,594,766
117000002,10,50,-40
117000003,2585,1131,1454
117000004,257,221,36
117000005,1657,760,897
117000006,135,194,-59
117000007,2984,763,2221
117000008,190,204,-14
117000009,2155,442,1713
117000010,165,114,51
117000011,1200,355,845
117000012,214,69,145
117000013,1134,157,977
117000014,27,303,-276
117000015,807,216,591
117000016,96,12,84
117000017,57,25,32
117000018,1,45,-44
117000019,11,2,9
117000020,21,54,-33
117000021,26,5,21
117000022,64,18,46
117000023,28,2,26
117000024,0,0,0
117000025,0,0,0
117000026,784,1091,-307
117000027,0,0,0
117000028,383,213,170
117000030,198,80,118
117000031,167,206,-39
117000032,267,218,49
117000033,737,940,-203
117000034,154,98,56
117000035,415,82,333
117000036,76,175,-99
117000037,477,43,434
117000038,189,141,48
117000039,507,75,432
117000040,0,0,0
117000041,611,29,582
117000044,0,0,0
117000045,29,55,-26
117000046,0,0,0
117000047,772,307,465
117000048,0,0,0
117000049,10,136,-126
117000050,13,7,6
117000051,647,225,422
117000052,0,0,0
117000053,0,0,0
117000054,1392,76,1316
117000055,0,35,-35
117000056,483,57,426
117000057,0,21,-21
117000060,0,0,0
117000061,555,400,155
117000062,0,0,0
117000063,287,115,172
117000064,0,0,0
117000066,7,8,-1
117000067,23,52,-29
117000074,1,34,-33
117000076,2,0,2
117000077,86,47,39
117000078,0,0,0
117000079,60,20,40
117000080,0,0,0
117000081,201,9,192
117000082,0,0,0
117000083,63,5,58
117000084,38,0,38
117000085,24,21,3
117000086,261,231,30
117000087,22,69,-47
117000088,307,77,230
117000089,1231,242,989
117000090,17,72,-55
117000091,784,147,637
117000092,2,37,-35
117000093,1291,248,1043
117000094,63,57,6
117000095,2248,195,2053
117000096,9,71,-62
117000097,1622,203,1419
117000098,55,68,-13
117000099,1648,283,1365
117000100,0,0,0
117000101,0,0,0
117000102,988,353,635
117000103,48,79,-31
117000104,813,278,535
117000105,18,66,-48
117000106,1098,274,824
117000107,66,15,51
117000108,1154,605,549
117000109,227,33,194
117000110,973,816,157
117000111,2505,1816,689
117000112,833,523,310
117000113,0,0,0
117000114,7,7,0
117000115,0,0,0
117000116,7,1,6
117000117,119,144,-25
117000118,1,28,-27
117000119,4,65,-61
117000120,0,69,-69
117000121,0,102,-102
117000122,8,130,-122
117000123,139,37,102
117000124,4,0,4
117000125,3,0,3
117000126,1,0,1
117000127,15,1,14
117000128,0,2,-2
117000129,150,59,91
117000130,6,0,6
117000131,0,0,0
117000132,1903,40,1863
117000133,0,0,0
117000134,0,0,0
117000135,0,0,0
117000136,0,0,0
117000137,0,0,0
117000138,4,0,4
117000140,17,55,-38
117000141,1112,150,962
117000181,0,0,0
117000182,0,0,0
117000195,0,0,0
117000196,0,0,0
117000225,0,0,0
117000226,0,0,0
117000276,0,0,0
117000277,0,0,0
117000310,3,501,-498
117000315,0,0,0
117000320,18,0,18
117000906,94,7,87
117000907,0,0,0
117000908,0,0,0
117000909,0,31,-31
117000910,0,0,0
117000911,2,61,-59
117000915,0,0,0
117000916,32,4,28
117000917,349,56,293
117000918,48,34,14
117000919,0,0,0
117000920,0,25,-25
117000921,0,0,0
117000922,4,16,-12
117000924,164,311,-147
117000926,79,1,78
117000927,158,552,-394
117000928,0,0,0
117000929,0,0,0
117000930,0,0,0
117000931,0,0,0
117900002,0,0,0
117900003,0,0,0
117900005,0,0,0
117900006,0,0,0
117900007,0,0,0
117900008,0,0,0
117900010,0,0,0
117900011,0,0,0
117900012,0,0,0
117900013,0,0,0
117900014,0,0,0
117900015,0,0,0
117900016,0,0,0
117900017,0,0,0
117900018,0,0,0
117900019,0,0,0
117900020,0,0,0
117900021,0,0,0
117900022,0,0,0
117900023,0,0,0
117900024,0,0,0
117900025,0,0,0
117900026,0,0,0
117900028,0,0,0
117900029,0,0,0
117900030,0,0,0
117900031,0,0,0
117900032,0,0,0
117900033,0,0,0
117900034,0,0,0
117900035,0,0,0
117900036,0,0,0
117900037,0,0,0
117900038,0,0,0
117900039,0,0,0
117900040,0,0,0
117900041,0,0,0
117900042,0,0,0
117900043,0,0,0
117900044,0,0,0
117900045,0,0,0
117900048,0,0,0
117900049,0,0,0
117900050,0,0,0
117900051,0,0,0
117900052,0,0,0
117900053,0,0,0
117900054,0,0,0
117900055,0,0,0
117900056,0,0,0
117900057,0,0,0
117900058,0,0,0
117900059,0,0,0
117900060,0,0,0
117900061,0,0,0
117900063,0,0,0
117900065,0,0,0
117900066,0,0,0
117900067,0,0,0
117900069,0,0,0
117900070,0,0,0
117900071,0,0,0
117900073,0,0,0
117900074,0,0,0
117900075,0,0,0
117900076,0,0,0
117900077,0,0,0
117900078,0,0,0
117900080,0,0,0
117900081,0,0,0
117900082,0,0,0
117900083,0,0,0
117900086,0,0,0
117900087,0,0,0
117900088,0,0,0
117900089,0,0,0
117900090,0,0,0
117900091,0,0,0
117900092,0,0,0
117900093,0,0,0
117900094,0,0,0
117900095,0,0,0
117900096,0,0,0
117900097,0,0,0
117900098,0,0,0
117900099,0,0,0
117900100,0,0,0
117900101,0,0,0
117900102,0,0,0
117900103,0,0,0
117900104,0,0,0
117900105,0,0,0
117900106,0,0,0
117900107,0,0,0
117900109,0,0,0
117900110,0,0,0
117900111,4,0,4
117900112,0,0,0
117900113,0,0,0
117900114,0,0,0
117900115,0,0,0
117900116,0,0,0
117900117,0,0,0
117900118,4,0,4
117900119,0,0,0
117900120,0,0,0
117900121,6,1,5
117900122,0,0,0
117900123,0,0,0
117900124,0,0,0
117900125,0,0,0
117900126,0,0,0
117900127,0,0,0
117900128,0,0,0
117900129,0,0,0
117900130,0,0,0
117900131,0,0,0
117900132,0,0,0
117900133,0,0,0
117900134,0,0,0
117900135,0,0,0
117900136,0,0,0
117900137,0,0,0
117900138,0,0,0
117900139,0,0,0
117900140,0,0,0
117900141,0,0,0
117900142,0,0,0
117900144,0,0,0
117900145,0,0,0
117900146,0,0,0
117900147,0,0,0
117900148,0,0,0
117900149,0,0,0
117900150,0,0,0
117900151,0,0,0
117900152,0,0,0
117900153,0,0,0
117900154,0,0,0
117900156,0,0,0
117900157,0,0,0
117900158,0,0,0
117900160,0,0,0
117900161,0,0,0
117900162,0,0,0
117900163,0,0,0
117900165,0,0,0
117900166,0,0,0
117900168,0,0,0
117900169,0,0,0
117900170,0,0,0
117900171,0,0,0
117900172,0,0,0
117900173,0,0,0
117900174,0,0,0
117900175,0,0,0
117900176,0,0,0
117900177,0,0,0
117900178,0,0,0
117900180,0,0,0
117900181,0,0,0
117900182,0,0,0
117900183,0,0,0
117900184,0,0,0
117900185,0,0,0
117900186,0,0,0
117900187,0,0,0
117900188,0,0,0
117900189,0,0,0
117900190,0,0,0
117900191,0,0,0
117900192,0,0,0
117900193,0,0,0
117900194,0,0,0
117900195,0,0,0
117900196,0,0,0
117900207,0,0,0
117900208,0,0,0
117900209,0,0,0
117900210,0,0,0
117900211,0,0,0
117900212,0,0,0
117900213,0,0,0
117900214,0,0,0
117900215,0,0,0
117900216,0,0,0
117900217,0,0,0
117900218,0,0,0
117900219,0,0,0
117900220,0,0,0
118000001,320,954,-634
118000002,10,108,-98
118000003,1169,1943,-774
118000004,27,65,-38
118000005,2262,1776,486
118000006,182,316,-134
118000007,126,745,-619
118000008,158,581,-423
118000009,70,379,-309
118000010,115,281,-166
118000011,0,0,0
118000012,0,0,0
118000013,0,0,0
118000014,0,2,-2
118000016,0,0,0
118000017,89,99,-10
118000018,0,0,0
118000019,30,8,22
118000020,0,131,-131
118000021,3,170,-167
118000022,77,61,16
118000023,296,231,65
118000024,275,287,-12
118000025,0,0,0
118000027,343,389,-46
118000029,59,461,-402
118000032,169,810,-641
118000033,887,1474,-587
118000034,95,400,-305
118000035,67,386,-319
118000036,66,192,-126
118000037,2,2,0
118000038,59,123,-64
118000039,0,0,0
118000040,234,300,-66
118000041,0,0,0
118000045,1,69,-68
118000046,1,356,-355
118000047,0,0,0
118000048,61,141,-80
118000051,31,383,-352
118000052,34,108,-74
118000053,13,46,-33
118000054,86,120,-34
118000055,6,96,-90
118000056,0,0,0
118000057,0,14,-14
118000058,1,0,1
118000059,7,70,-63
118000060,25,8,17
118000061,20,85,-65
118000062,0,0,0
118000063,0,29,-29
118000064,15,184,-169
118000065,169,86,83
118000066,2,284,-282
118000067,3,33,-30
118000068,3,184,-181
118000069,2,40,-38
118000070,30,30,0
118000071,59,142,-83
118000072,262,473,-211
118000073,14,93,-79
118000074,0,24,-24
118000075,3,14,-11
118000076,698,2235,-1537
118000077,0,0,0
118000078,836,1046,-210
118000079,3,67,-64
118000080,0,0,0
118000081,299,631,-332
118000082,0,0,0
118000083,0,0,0
118000084,0,0,0
118000086,0,0,0
118000087,147,177,-30
118000088,201,464,-263
118000089,471,212,259
118000090,11,155,-144
118000091,73,202,-129
118000092,0,0,0
118000093,0,0,0
118000096,0,0,0
118000097,0,0,0
118000098,0,0,0
118000099,0,0,0
118000101,478,226,252
118000102,74,36,38
118000107,48,1,47
118000108,40,18,22
118000110,0,0,0
118000111,0,0,0
118000112,137,0,137
118000113,0,0,0
118000114,89,0,89
118000115,0,0,0
118000116,1,0,1
118000117,31,1,30
118000118,289,304,-15
118000119,368,278,90
118000120,57,13,44
118000121,0,0,0
118000122,0,0,0
118000123,0,0,0
118000125,0,0,0
118000126,2,20,-18
118000127,134,312,-178
118000128,0,0,0
118000129,145,89,56
118000130,8,53,-45
118000131,19,94,-75
118000132,89,217,-128
118000133,110,92,18
118000135,188,234,-46
118000136,0,13,-13
118000137,0,0,0
118000138,1,1,0
118000139,0,0,0
118000140,51,171,-120
118000141,1423,1126,297
118000142,106,69,37
118000143,568,638,-70
118000144,123,138,-15
118000145,405,163,242
118000146,425,54,371
118000147,437,65,372
118000148,28,204,-176
118000149,0,0,0
118000150,471,152,319
118000151,64,22,42
118000153,677,673,4
118000154,421,411,10
118000155,609,663,-54
118000156,194,190,4
118000157,182,125,57
118000158,0,0,0
118000159,70,210,-140
118000160,638,305,333
118000161,0,0,0
118000162,251,120,131
118000163,211,179,32
118000164,805,274,531
118000168,0,0,0
118000169,0,0,0
118000170,43,36,7
118000171,38,20,18
118000172,2,3,-1
118000173,166,85,81
118000175,302,539,-237
118000176,253,592,-339
118000177,207,366,-159
118000178,0,0,0
118000179,752,931,-179
118000180,881,450,431
118000181,22,18,4
118000182,69,126,-57
118000183,57,108,-51
118000184,860,315,545
118000185,0,0,0
118000186,0,0,0
118000187,0,0,0
118000188,0,0,0
118000189,0,0,0
118000190,0,0,0
118000191,0,0,0
118000192,0,32,-32
118000193,0,0,0
118000194,782,1087,-305
118000195,17,69,-52
118000196,0,0,0
118000197,1,1,0
118000198,0,39,-39
118000199,135,178,-43
118000200,0,0,0
118000201,0,0,0
118000202,0,0,0
118000203,0,0,0
118000204,3,12,-9
118000205,39,13,26
118000206,150,18,132
118000207,0,0,0
118000208,255,488,-233
118000209,204,73,131
118000210,58,18,40
118000211,20,11,9
118000213,6,151,-145
118000214,21,20,1
118000215,0,0,0
118000216,0,0,0
118000217,0,0,0
118000218,0,0,0
118000219,0,0,0
118000220,12,36,-24
118000221,0,0,0
118000222,0,0,0
118000223,21,10,11
118000224,0,0,0
118000225,0,0,0
118000226,27,0,27
118000227,35,49,-14
118000228,0,42,-42
118000229,0,0,0
118000230,0,0,0
118000231,0,0,0
118000232,0,0,0
118000233,139,39,100
118000234,0,0,0
118000236,0,0,0
118000237,0,0,0
118000238,0,0,0
118000239,209,68,141
118000240,0,0,0
118000241,0,0,0
118000242,0,0,0
118000243,0,0,0
118000244,0,0,0
118000246,0,0,0
118000255,0,0,0
118000256,0,0,0
118000259,0,0,0
118000260,0,0,0
118000261,0,0,0
118000263,0,0,0
118000266,0,0,0
118000267,0,0,0
118000268,14,0,14
118000270,0,0,0
118000271,1,0,1
118000272,0,0,0
118000273,0,0,0
118000274,0,0,0
118000276,0,0,0
118000295,0,0,0
118000298,0,0,0
118000299,0,0,0
118000301,0,0,0
118000302,0,0,0
118000311,0,0,0
118000312,0,0,0
118000313,0,0,0
118000314,0,0,0
118000315,0,0,0
118000316,0,0,0
118000325,0,0,0
118000326,0,0,0
118000331,0,0,0
118000332,0,0,0
118000333,0,0,0
118000335,69,0,69
118000336,0,0,0
118000407,0,0,0
118000457,0,0,0
118000465,71,123,-52
118000480,0,0,0
118000489,10,81,-71
118000490,0,0,0
118000492,124,20,104
118000510,0,0,0
118000514,31,0,31
118000515,48,1,47
118000517,0,0,0
118000524,0,0,0
118000525,49,24,25
118000530,9,93,-84
118000531,96,29,67
118000532,0,0,0
118000533,0,0,0
118000534,0,0,0
118000535,81,47,34
118000536,0,0,0
118000537,0,0,0
118000538,0,0,0
118000539,4,90,-86
118000540,0,0,0
118000541,0,0,0
118000542,24,81,-57
118000543,5,30,-25
118000546,0,0,0
118000560,0,0,0
118000562,0,0,0
118000563,113,663,-550
118000576,0,0,0
118000577,0,0,0
118000578,0,0,0
118000579,3,4,-1
118000595,30,155,-125
118000596,0,0,0
118000597,0,0,0
118000598,0,0,0
118000599,0,0,0
118000600,0,0,0
118000601,0,0,0
118000602,0,0,0
118000603,0,0,0
118900001,0,0,0
118900002,0,0,0
118900003,0,0,0
118900004,0,0,0
118900005,0,0,0
118900006,0,0,0
118900007,0,0,0
118900008,0,0,0
118900009,0,0,0
118900010,0,0,0
118900011,0,0,0
118900012,0,0,0
118900013,0,0,0
118900015,0,0,0
118900016,0,0,0
118900017,0,0,0
118900018,0,0,0
118900019,0,0,0
118900020,0,0,0
118900021,0,0,0
118900022,0,0,0
118900023,0,0,0
118900024,0,0,0
118900025,0,0,0
118900026,0,0,0
118900027,0,0,0
118900028,0,0,0
118900029,0,0,0
118900030,0,0,0
118900031,0,0,0
118900032,0,0,0
118900033,0,0,0
118900034,0,0,0
118900035,0,0,0
118900036,0,0,0
118900037,0,0,0
118900038,0,0,0
118900039,0,0,0
118900040,0,0,0
118900041,0,0,0
118900042,0,0,0
118900045,0,0,0
118900046,0,0,0
118900047,0,0,0
118900048,0,0,0
118900049,0,0,0
118900050,0,0,0
118900051,0,0,0
118900052,0,0,0
118900053,0,0,0
118900054,0,0,0
118900055,0,0,0
118900056,0,0,0
118900057,0,0,0
118900058,0,0,0
118900059,0,0,0
118900060,0,0,0
118900062,0,0,0
118900064,0,0,0
118900065,0,0,0
118900066,0,0,0
118900067,0,0,0
118900068,0,0,0
118900069,0,0,0
118900071,0,0,0
118900072,0,0,0
118900073,0,0,0
118900074,0,0,0
118900075,0,0,0
118900076,0,0,0
118900077,0,0,0
118900078,0,0,0
118900079,0,0,0
118900080,0,0,0
118900081,0,0,0
118900082,0,0,0
118900083,0,0,0
118900084,0,0,0
118900085,0,0,0
118900086,0,0,0
118900087,0,0,0
118900088,0,0,0
118900089,0,0,0
118900090,0,0,0
118900091,0,0,0
118900092,0,0,0
118900093,0,0,0
118900096,0,0,0
118900097,0,0,0
118900099,0,0,0
118900100,0,0,0
118900101,0,0,0
118900102,0,0,0
118900103,0,0,0
118900104,0,0,0
118900105,0,0,0
118900107,0,0,0
118900108,0,0,0
118900109,0,0,0
118900110,0,0,0
118900111,0,0,0
118900112,0,0,0
118900113,0,0,0
118900114,0,0,0
118900115,0,0,0
118900116,0,0,0
118900117,0,0,0
118900118,0,0,0
118900119,0,0,0
118900120,0,0,0
118900121,0,0,0
118900122,0,0,0
118900123,0,0,0
118900124,0,0,0
118900126,0,0,0
118900129,0,0,0
118900130,0,0,0
118900131,0,0,0
118900132,0,0,0
118900133,0,0,0
118900135,0,0,0
118900136,0,0,0
118900137,0,0,0
118900139,0,0,0
118900140,0,0,0
118900141,0,0,0
118900144,0,0,0
118900145,0,0,0
118900146,0,0,0
118900147,0,0,0
118900148,0,0,0
118900150,0,0,0
118900152,0,0,0
118900157,0,0,0
118900158,0,0,0
118900159,0,0,0
118900161,0,0,0
118900163,0,0,0
118900164,0,0,0
118900165,0,0,0
118900166,0,0,0
118900167,0,0,0
118900168,0,0,0
118900169,0,0,0
118900170,0,0,0
118900171,0,0,0
118900174,0,0,0
118900175,0,0,0
118900176,0,0,0
118900177,0,0,0
118900178,0,0,0
118900179,0,0,0
118900181,0,0,0
118900182,0,0,0
118900183,0,0,0
118900184,0,0,0
118900185,0,0,0
118900186,0,0,0
118900187,0,0,0
118900188,0,0,0
118900189,0,0,0
118900190,0,0,0
118900191,0,0,0
118900192,0,0,0
118900193,0,0,0
118900195,0,0,0
118900196,0,0,0
118900197,0,0,0
118900198,0,0,0
118900199,0,0,0
118900200,0,0,0
118900201,0,0,0
118900202,0,0,0
118900203,0,0,0
118900204,0,0,0
118900205,0,0,0
118900206,0,0,0
119000001,492,465,27
119000002,600,394,206
119000003,119,113,6
119000004,44,92,-48
119000005,170,97,73
119000006,93,22,71
119000007,844,623,221
119000008,0,0,0
119000009,464,393,71
119000010,0,0,0
119000011,506,351,155
119000012,23,116,-93
119000013,1370,621,749
119000014,16,98,-82
119000019,41,38,3
119000020,148,126,22
119000021,200,194,6
119000022,0,0,0
119000023,75,192,-117
119000024,250,1209,-959
119000025,42,97,-55
119000026,0,0,0
119000027,1,33,-32
119000028,65,63,2
119000029,0,0,0
119000030,17,119,-102
119000031,0,0,0
119000032,0,16,-16
119000033,331,107,224
119000034,2,0,2
119000035,0,2,-2
119000036,182,62,120
119000037,0,22,-22
119000038,0,16,-16
119000039,20,48,-28
119000040,2,185,-183
119000041,6,68,-62
119000048,399,167,232
119000049,87,72,15
119000050,26,12,14
119000051,85,51,34
119000052,5,12,-7
119000053,87,1,86
119000054,188,100,88
119000055,1143,169,974
119000056,666,314,352
119000057,74,79,-5
119000058,117,84,33
119000059,684,256,428
119000060,0,0,0
119000061,153,118,35
119000062,0,0,0
119000063,98,38,60
119000064,19,89,-70
119000065,47,58,-11
119000066,152,62,90
119000067,304,102,202
119000068,207,25,182
119000069,284,91,193
119000070,79,5,74
119000071,0,0,0
119000072,283,84,199
119000073,177,47,130
119000074,421,108,313
119000075,218,78,140
119000076,0,0,0
119000077,0,0,0
119000078,0,0,0
119000079,0,0,0
119000080,0,0,0
119000081,0,0,0
119000082,0,0,0
119000083,0,0,0
119000084,0,0,0
119000085,0,0,0
119000086,0,0,0
119000087,0,0,0
119000088,0,0,0
119000089,0,0,0
119000090,0,0,0
119000091,0,0,0
119000092,0,0,0
119000093,277,132,145
119000094,968,216,752
119000095,150,105,45
119000097,76,94,-18
119000098,235,485,-250
119000099,647,122,525
119000100,477,392,85
119000101,0,0,0
119000102,0,0,0
119000103,18,9,9
119000104,0,0,0
119000105,42,130,-88
119000106,0,0,0
119000107,146,162,-16
119000108,0,0,0
119000109,0,0,0
119000110,0,0,0
119000111,0,0,0
119000112,0,0,0
119000113,0,0,0
119000114,39,81,-42
119000115,0,0,0
119000116,4,85,-81
119000117,0,0,0
119000118,0,0,0
119000123,0,0,0
119000124,101,18,83
119000125,566,37,529
119000126,249,30,219
119000127,0,0,0
119000128,0,0,0
119000131,0,0,0
119000132,0,0,0
119000133,0,0,0
119000134,240,215,25
119000135,0,0,0
119000136,0,0,0
119000137,0,0,0
119000138,0,0,0
119000139,0,0,0
119000140,0,0,0
119000284,0,0,0
119000285,0,0,0
119000286,0,0,0
119000287,0,0,0
119000288,1,0,1
119000289,0,1,-1
119000290,94,22,72
119000291,0,0,0
119000293,0,5,-5
119000294,142,102,40
119000295,0,0,0
119000296,0,0,0
119000302,0,0,0
119000303,1,10,-9
119000314,0,0,0
119000315,0,0,0
119000316,0,0,0
119000317,0,0,0
119900001,0,0,0
119900002,0,0,0
119900003,0,0,0
119900004,0,0,0
119900005,0,0,0
119900006,0,0,0
119900007,0,0,0
119900008,0,0,0
119900009,0,0,0
119900010,0,0,0
119900011,0,0,0
119900012,0,0,0
119900013,0,0,0
119900014,0,0,0
119900015,0,0,0
119900016,0,0,0
119900017,0,0,0
119900018,0,0,0
119900019,0,0,0
119900020,0,0,0
119900021,0,0,0
119900022,0,0,0
119900023,0,0,0
119900025,0,0,0
119900026,0,0,0
119900027,0,0,0
119900028,0,0,0
119900029,0,0,0
119900030,0,0,0
119900031,0,0,0
119900033,0,0,0
119900034,0,0,0
119900037,0,0,0
119900038,0,0,0
119900039,0,0,0
119900040,0,0,0
119900041,0,0,0
119900042,0,0,0
119900043,0,0,0
119900044,0,0,0
119900046,0,0,0
119900047,0,0,0
119900048,0,0,0
119900049,0,0,0
119900050,0,0,0
119900051,0,0,0
119900052,0,0,0
119900053,0,0,0
119900054,0,0,0
119900055,0,0,0
119900057,0,0,0
119900058,0,0,0
119900059,0,0,0
119900060,0,0,0
119900061,0,0,0
119900062,0,0,0
119900063,0,0,0
119900064,0,0,0
119900065,0,0,0
119900066,0,0,0
119900067,0,0,0
119900068,0,0,0
119900069,0,0,0
119900070,0,0,0
119900071,0,0,0
119900072,0,0,0
119900073,0,0,0
119900074,0,0,0
119900075,0,0,0
119900076,0,0,0
119900077,0,0,0
119900078,0,0,0
119900079,0,0,0
119900080,0,0,0
119900081,1,1,0
119900082,1,1,0
119900083,0,0,0
119900084,0,0,0
119900085,0,0,0
119900086,0,0,0
119900087,0,0,0
119900088,0,0,0
119900089,0,0,0
119900090,0,0,0
119900091,0,0,0
119900092,0,0,0
119900093,0,0,0
119900094,0,0,0
119900095,0,0,0
119900096,0,0,0
119900097,0,0,0
119900098,0,0,0
119900099,0,0,0
119900100,0,0,0
119900101,0,0,0
119900102,0,0,0
119900103,0,0,0
119900104,0,0,0
119900105,0,0,0
119900106,0,0,0
119900107,0,0,0
119900108,0,0,0
119900109,0,0,0
119900110,0,0,0
119900111,0,0,0
119900112,0,0,0
119900113,0,0,0
119900114,0,0,0
119900115,0,0,0
119900116,0,0,0
119900117,0,0,0
119900118,0,0,0
119900119,0,0,0
119900120,0,0,0
119900121,0,0,0
119900122,0,0,0
119900123,0,0,0
119900124,0,0,0
119900125,0,0,0
119900126,0,0,0
119900127,0,0,0
119900128,0,0,0
119900129,0,0,0
119900130,0,0,0
119900131,0,0,0
119900132,0,0,0
119900133,0,0,0
119900134,0,0,0
119900135,0,0,0
119900136,0,0,0
119900138,0,0,0
119900139,0,0,0
119900140,0,0,0
119900141,0,0,0
119900142,0,0,0
119900143,0,0,0
119900144,0,0,0
119900145,0,0,0
119900146,0,0,0
119900147,0,0,0
119900148,0,0,0
119900149,0,0,0
119900150,0,0,0
119900151,0,0,0
119900152,0,0,0
119900153,0,0,0
119900154,0,0,0
119900155,0,0,0
119900156,0,0,0
119900157,0,0,0
119900158,0,0,0
119900159,0,0,0
119900160,0,0,0
119900161,0,0,0
119900162,0,0,0
119900163,0,0,0
119900164,0,0,0
119900165,0,0,0
119900166,0,0,0
119900167,0,0,0
119900168,0,0,0
119900169,0,0,0
119900170,0,0,0
119900171,0,0,0
119900172,0,0,0
119900173,0,0,0
119900174,0,0,0
119900175,0,0,0
119900177,0,0,0
119900178,0,0,0
119900179,0,0,0
119900180,0,0,0
119900181,0,0,0
119900182,0,0,0
119900183,0,0,0
119900184,0,0,0
119900185,0,0,0
119900186,0,0,0
119900187,0,0,0
119900188,0,0,0
119900189,0,0,0
119900190,0,0,0
119900191,0,0,0
119900192,0,0,0
119900193,0,0,0
119900194,0,0,0
119900195,0,0,0
119900196,0,0,0
119900197,0,0,0
119900198,0,0,0
119900199,0,0,0
119900200,0,0,0
119900201,0,0,0
119900202,0,0,0
119900203,0,0,0
119900204,0,0,0
119900205,0,0,0
119900206,0,0,0
119900208,0,0,0
119900209,0,0,0
119900210,0,0,0
119900211,0,0,0
119900212,0,0,0
119900213,0,0,0
119900214,0,0,0
119900215,0,0,0
119900216,0,0,0
119900217,0,0,0
119900218,0,0,0
119900219,0,0,0
119900220,0,0,0
119900221,0,0,0
119900222,0,0,0
119900223,0,0,0
119900224,0,0,0
119900225,0,0,0
119900226,0,0,0
119900227,0,0,0
119900228,0,0,0
119900229,0,0,0
119900230,0,0,0
119900231,0,0,0
119900232,0,0,0
119900233,0,0,0
119900234,0,0,0
119900235,0,0,0
119900236,0,0,0
119900237,0,0,0
119900238,0,0,0
119900240,0,0,0
119900241,0,0,0
119900242,0,0,0
119900244,0,0,0
119900245,0,0,0
119900246,0,0,0
119900247,0,0,0
119900248,0,0,0
119900249,0,0,0
119900253,0,0,0
119900254,0,0,0
119900255,0,0,0
119900256,0,0,0
119900257,0,0,0
119900258,0,0,0
119900259,0,0,0
119900260,0,0,0
119900261,0,0,0
119900262,0,0,0
119900263,0,0,0
119900264,0,0,0
119900265,0,0,0
119900266,0,0,0
119900267,0,0,0
119900268,0,0,0
119900269,0,0,0
119900271,0,0,0
119900272,0,0,0
119900275,0,0,0
119900276,0,0,0
119900277,0,0,0
119900278,0,0,0
119900279,0,0,0
119900280,0,0,0
119900281,0,0,0
119900282,0,0,0
119900283,0,0,0
119900284,0,0,0
119900285,0,0,0
119900286,0,0,0
119900288,0,0,0
119900289,0,0,0
119900290,0,0,0
119900291,0,0,0
119900292,0,0,0
119900293,0,0,0
119900294,0,0,0
119900295,0,0,0
119900296,0,0,0
119900297,0,0,0
119900298,0,0,0
119900299,0,0,0
119900300,0,0,0
119900301,0,0,0
119900302,0,0,0
119900303,0,0,0
119900304,0,0,0
119900305,0,0,0
119900306,0,0,0
119900307,0,0,0
119900308,0,0,0
119900309,0,0,0
119900310,0,0,0
119900311,0,0,0
119900312,0,0,0
119900313,0,0,0
119900314,0,0,0
119900315,0,0,0
119900318,0,0,0
119900319,0,0,0
119900320,0,0,0
119900321,0,0,0
120000001,2172,2584,-412
120000002,107,123,-16
120000003,47,91,-44
120000004,101,172,-71
120000005,148,242,-94
120000006,77,103,-26
120000007,104,126,-22
120000008,61,111,-50
120000009,77,38,39
120000010,50,69,-19
120000011,28,135,-107
120000012,82,266,-184
120000013,705,198,507
120000014,218,376,-158
120000015,967,577,390
120000016,2537,988,1549
120000017,793,499,294
120000018,1673,573,1100
120000019,288,222,66
120000020,1040,501,539
120000021,311,831,-520
120000022,2122,1356,766
120000023,506,350,156
120000024,263,391,-128
120000025,982,374,608
120000026,440,601,-161
120000027,714,877,-163
120000028,0,0,0
120000029,25,174,-149
120000030,26,208,-182
120000031,716,542,174
120000032,499,95,404
120000033,235,75,160
120000034,306,83,223
120000035,603,110,493
120000036,1235,915,320
120000037,354,700,-346
120000038,278,887,-609
120000039,0,46,-46
120000040,2,25,-23
120000041,20,8,12
120000042,80,44,36
120000043,183,44,139
120000044,0,1,-1
120000045,0,0,0
120000046,114,40,74
120000047,23,20,3
120000048,740,239,501
120000049,734,246,488
120000050,57,256,-199
120000051,58,383,-325
120000052,0,0,0
120000053,342,62,280
120000054,136,75,61
120000055,117,47,70
120000056,509,246,263
120000057,336,124,212
120000058,41,63,-22
120000059,3,342,-339
120000061,12,31,-19
120000062,0,0,0
120000063,118,9,109
120000064,24,4,20
120000065,102,8,94
120000066,41,7,34
120000067,11,15,-4
120000068,25,27,-2
120000069,81,17,64
120000070,1,5,-4
120000071,221,129,92
120000072,443,71,372
120000073,307,166,141
120000074,121,67,54
120000075,578,148,430
120000076,948,98,850
120000077,540,237,303
120000078,554,207,347
120000079,0,0,0
120000080,0,0,0
120000081,0,0,0
120000082,0,0,0
120000083,0,0,0
120000084,5,9,-4
120000085,15,1,14
120000086,23,1,22
120000087,9,5,4
120000088,558,98,460
120000089,743,66,677
120000090,366,77,289
120000091,692,174,518
120000092,789,198,591
120000093,151,209,-58
120000094,71,337,-266
120000095,0,0,0
120000096,0,0,0
120000098,121,1,120
120000099,7,0,7
120000100,172,0,172
120000101,76,30,46
120000102,162,744,-582
120000103,640,885,-245
120000104,1459,118,1341
120000105,1805,77,1728
120000106,1840,56,1784
120000107,2256,53,2203
120000108,1145,24,1121
120000109,357,29,328
120000110,0,38,-38
120000111,1,15,-14
120000112,3,23,-20
120000113,12,22,-10
120000114,58,9,49
120000115,4,11,-7
120000116,33,32,1
120000117,1,1,0
120000118,0,0,0
120000119,4,80,-76
120000120,0,0,0
120000121,2,67,-65
120000122,116,373,-257
120000123,338,310,28
120000124,248,120,128
120000125,39,12,27
120000126,157,184,-27
120000127,189,90,99
120000128,159,18,141
120000129,121,95,26
120000130,693,162,531
120000131,93,79,14
120000134,0,0,0
120000135,0,0,0
120000137,0,0,0
120000138,0,0,0
120000139,0,0,0
120000140,0,0,0
120000141,0,0,0
120000142,0,0,0
120000143,0,0,0
120000144,0,0,0
120000145,0,0,0
120000146,383,573,-190
120000149,0,0,0
120000150,0,0,0
120000151,175,71,104
120000152,289,42,247
120000153,0,0,0
120000154,76,3,73
120000155,138,29,109
120000156,185,16,169
120000157,154,88,66
120000158,0,0,0
120000159,99,308,-209
120000160,699,298,401
120000161,384,142,242
120000162,30,114,-84
120000163,0,0,0
120000164,0,0,0
120000165,88,6,82
120000166,109,100,9
120000167,0,0,0
120000168,0,0,0
120000169,0,0,0
120000170,0,0,0
120000171,0,0,0
120000172,0,0,0
120000173,0,0,0
120000174,0,0,0
120000175,0,0,0
120000176,0,0,0
120000177,0,0,0
120000178,0,0,0
120000179,0,0,0
120000180,0,0,0
120000181,0,0,0
120000182,0,0,0
120000183,0,0,0
120000184,0,0,0
120000186,0,0,0
120000187,0,0,0
120000188,0,0,0
120000190,0,0,0
120000191,0,0,0
120000192,0,0,0
120000193,0,0,0
120000195,0,0,0
120000196,0,0,0
120000197,0,0,0
120000198,0,0,0
120000199,0,0,0
120000200,0,0,0
120000201,0,0,0
120000202,0,0,0
120000203,0,0,0
120000207,0,0,0
120000208,0,0,0
120000209,0,0,0
120000210,0,0,0
120000211,0,0,0
120000212,0,0,0
120000213,0,0,0
120000214,0,0,0
120000215,0,0,0
120000216,0,0,0
120000217,0,0,0
120000218,0,0,0
120000219,0,0,0
120000220,0,0,0
120000225,0,0,0
120000226,0,0,0
120000227,0,0,0
120000228,0,0,0
120000230,0,0,0
120000231,0,0,0
120000233,393,2,391
120000235,3,57,-54
120000236,873,0,873
120000237,0,0,0
120000238,0,0,0
120000241,587,581,6
120000412,0,0,0
120000413,0,0,0
120000414,0,0,0
120000415,0,0,0
120000416,0,0,0
120000417,0,0,0
120000418,0,0,0
120000419,0,0,0
120000420,69,1,68
120000421,565,387,178
120000422,0,0,0
120000423,0,0,0
120000424,0,0,0
120000436,137,64,73
120000437,0,0,0
120000438,0,0,0
120000439,474,220,254
120000443,4,0,4
120000444,508,118,390
120000445,196,368,-172
120000446,215,52,163
120000447,577,0,577
120000449,0,0,0
120000450,0,0,0
120000451,52,29,23
120000452,29,0,29
120000453,0,0,0
120000454,18,0,18
120000455,4,61,-57
120000456,16,187,-171
120000457,113,25,88
120000458,2,0,2
120000459,13,38,-25
120000665,4,162,-158
120000668,1,56,-55
120000669,25,15,10
120000670,3,55,-52
120000671,144,33,111
120000672,1,38,-37
120900001,0,0,0
120900002,0,0,0
120900003,0,0,0
120900004,0,0,0
120900005,0,0,0
120900006,0,0,0
120900007,0,0,0
120900008,0,0,0
120900009,0,0,0
120900010,0,0,0
120900011,0,0,0
120900012,0,0,0
120900013,0,0,0
120900014,0,0,0
120900015,0,0,0
120900016,0,0,0
120900017,0,0,0
120900018,0,0,0
120900019,0,0,0
120900020,0,0,0
120900021,0,0,0
120900022,0,0,0
120900023,0,0,0
120900024,0,0,0
120900025,0,0,0
120900026,0,0,0
120900027,0,0,0
120900028,0,0,0
120900029,0,0,0
120900030,0,0,0
120900031,0,0,0
120900032,0,0,0
120900033,0,0,0
120900034,0,0,0
120900035,0,0,0
120900037,0,0,0
120900038,0,0,0
120900039,0,0,0
120900040,0,0,0
120900041,0,0,0
120900042,0,0,0
120900043,0,0,0
120900044,0,0,0
120900045,0,0,0
120900046,0,0,0
120900047,0,0,0
120900048,0,0,0
120900049,0,0,0
120900050,0,0,0
120900051,0,0,0
120900052,0,0,0
120900053,0,0,0
120900054,0,0,0
120900055,0,0,0
120900056,0,0,0
120900057,0,0,0
120900058,0,0,0
120900059,0,0,0
120900060,0,0,0
120900061,0,0,0
120900062,0,0,0
120900063,0,0,0
120900064,0,0,0
120900065,0,0,0
120900066,0,0,0
120900067,0,0,0
120900068,0,0,0
120900069,0,0,0
120900071,0,0,0
120900072,0,0,0
120900073,0,0,0
120900074,0,0,0
120900076,0,0,0
120900077,0,0,0
120900078,0,0,0
120900079,0,0,0
120900080,0,0,0
120900081,0,0,0
120900082,0,0,0
120900083,0,0,0
120900084,0,0,0
120900085,0,0,0
120900086,0,0,0
120900087,0,0,0
120900088,0,0,0
120900089,0,0,0
120900090,0,0,0
120900091,0,0,0
120900092,0,0,0
120900093,0,0,0
120900094,0,0,0
120900095,0,0,0
120900096,0,0,0
120900097,0,0,0
120900098,0,0,0
120900099,0,0,0
120900100,0,0,0
120900101,0,0,0
120900102,0,0,0
120900103,0,0,0
120900104,0,0,0
120900105,0,0,0
120900106,0,0,0
120900107,0,0,0
120900108,0,0,0
120900109,0,0,0
120900110,0,0,0
120900111,0,0,0
120900112,0,0,0
120900113,0,0,0
120900114,0,0,0
120900115,81,34,47
120900116,0,0,0
120900117,0,0,0
120900118,0,0,0
120900119,0,0,0
120900120,0,0,0
120900121,0,0,0
120900122,0,0,0
120900123,0,0,0
120900124,0,0,0
120900125,0,0,0
120900126,0,0,0
120900127,0,0,0
120900128,0,0,0
120900129,0,0,0
120900130,0,0,0
120900131,0,0,0
120900132,0,0,0
120900133,0,0,0
120900134,0,0,0
120900135,0,0,0
120900136,0,0,0
120900137,0,0,0
120900138,0,0,0
120900139,0,0,0
120900140,0,0,0
120900141,0,0,0
120900142,0,0,0
120900143,0,0,0
120900144,0,0,0
120900145,0,0,0
120900146,0,0,0
120900147,0,0,0
120900148,0,0,0
120900149,0,0,0
120900150,0,0,0
120900151,0,0,0
120900152,0,0,0
120900153,0,0,0
120900154,0,0,0
120900155,0,0,0
120900156,0,0,0
120900157,0,0,0
120900158,0,0,0
120900159,0,0,0
120900160,0,0,0
120900161,0,0,0
120900162,0,0,0
120900163,0,0,0
120900164,0,0,0
120900165,0,0,0
120900166,0,0,0
120900167,0,0,0
120900169,0,0,0
120900170,0,0,0
120900171,0,0,0
120900172,0,0,0
120900173,0,0,0
120900174,0,0,0
120900175,0,0,0
120900176,0,0,0
120900177,0,0,0
120900178,0,0,0
120900179,0,0,0
120900180,0,0,0
120900181,0,0,0
120900182,0,0,0
120900183,0,0,0
120900184,0,0,0
120900185,0,0,0
120900186,0,0,0
120900187,0,0,0
120900188,0,0,0
120900189,0,0,0
120900190,0,0,0
120900191,0,0,0
120900192,0,0,0
120900194,0,0,0
120900195,0,0,0
120900196,0,0,0
120900197,0,0,0
120900198,0,0,0
120900199,0,0,0
120900200,0,0,0
120900201,0,0,0
120900202,0,0,0
120900203,0,0,0
120900204,0,0,0
120900205,0,0,0
120900206,0,0,0
121000001,0,0,0
121000002,219,182,37
121000003,0,0,0
121000004,301,176,125
121000005,12,48,-36
121000006,257,388,-131
121000007,12,45,-33
121000008,436,502,-66
121000009,75,79,-4
121000010,785,402,383
121000011,377,248,129
121000012,1942,769,1173
121000013,348,406,-58
121000014,2193,738,1455
121000015,660,1121,-461
121000016,1086,818,268
121000017,77,279,-202
121000018,139,286,-147
121000019,363,297,66
121000020,907,973,-66
121000021,35,28,7
121000022,135,362,-227
121000023,29,21,8
121000024,639,659,-20
121000025,63,65,-2
121000026,52,98,-46
121000027,100,108,-8
121000028,9,57,-48
121000029,26,27,-1
121000030,0,0,0
121000031,8,25,-17
121000032,0,0,0
121000034,4,13,-9
121000035,0,0,0
121000036,6,30,-24
121000037,51,57,-6
121000038,38,148,-110
121000039,0,0,0
121000041,0,0,0
121000042,1,59,-58
121000043,59,17,42
121000044,4,56,-52
121000045,4,13,-9
121000046,0,0,0
121000047,0,0,0
121000049,113,50,63
121000050,9,225,-216
121000051,6,18,-12
121000052,8,68,-60
121000053,27,6,21
121000054,0,0,0
121000055,0,0,0
121000056,307,368,-61
121000057,0,0,0
121000058,0,0,0
121000059,9,24,-15
121000060,61,33,28
121000061,0,22,-22
121000062,0,22,-22
121000063,14,24,-10
121000064,35,4,31
121000065,1,27,-26
121000066,0,0,0
121000067,0,0,0
121000068,29,24,5
121000069,0,27,-27
121000070,48,88,-40
121000071,36,187,-151
121000072,17,34,-17
121000073,52,164,-112
121000074,0,0,0
121000075,0,0,0
121000076,0,1,-1
121000077,17,11,6
121000078,0,0,0
121000080,151,49,102
121000081,291,264,27
121000082,15,54,-39
121000083,8,12,-4
121000084,0,0,0
121000085,85,46,39
121000086,0,54,-54
121000087,1,114,-113
121000088,0,0,0
121000089,1,139,-138
121000090,0,0,0
121000091,512,103,409
121000092,38,14,24
121000093,4,32,-28
121000094,32,42,-10
121000095,4,9,-5
121000096,0,0,0
121000097,0,0,0
121000098,40,36,4
121000099,10,13,-3
121000100,0,0,0
121000101,22,34,-12
121000102,0,0,0
121000103,2,9,-7
121000104,0,0,0
121000105,0,0,0
121000106,13,8,5
121000107,251,274,-23
121000109,64,211,-147
121000110,0,0,0
121000114,346,470,-124
121000115,0,0,0
121000116,0,0,0
121000117,37,2,35
121000118,0,0,0
121000119,0,0,0
121000120,0,89,-89
121000121,0,8,-8
121000123,2,1,1
121000126,0,0,0
121000127,0,0,0
121000128,0,0,0
121000129,0,0,0
121000130,10,14,-4
121000131,0,0,0
121000132,12,95,-83
121000135,0,0,0
121000136,8,112,-104
121000137,0,0,0
121000138,10,30,-20
121000139,0,0,0
121000141,0,0,0
121000142,0,0,0
121000143,0,0,0
121000144,0,0,0
121000145,2,0,2
121000146,39,34,5
121000147,81,28,53
121000148,0,1,-1
121000149,143,258,-115
121000152,16,29,-13
121000153,109,21,88
121000154,129,28,101
121000155,70,57,13
121000156,104,22,82
121000157,94,20,74
121000158,61,26,35
121000159,1,28,-27
121000160,21,3,18
121000161,0,0,0
121000162,0,0,0
121000165,84,652,-568
121000166,1,15,-14
121000168,34,63,-29
121000169,2,10,-8
121000170,97,32,65
121000171,28,74,-46
121000172,40,45,-5
121000173,0,1,-1
121000174,1,3,-2
121000175,1,0,1
121000176,9,1,8
121000177,4,3,1
121000178,0,0,0
121000179,8,9,-1
121000181,39,128,-89
121000182,58,65,-7
121000183,10,31,-21
121000184,0,51,-51
121000185,3,34,-31
121000186,0,57,-57
121000187,0,0,0
121000188,0,0,0
121000192,15,10,5
121000193,0,0,0
121000194,91,146,-55
121000195,0,0,0
121000196,0,0,0
121000197,0,3,-3
121000198,0,0,0
121000199,0,1,-1
121000200,0,0,0
121000201,0,0,0
121000202,0,0,0
121000203,0,0,0
121000204,0,0,0
121000205,14,9,5
121000206,0,0,0
121000207,0,0,0
121000208,0,0,0
121000209,28,12,16
121000210,0,0,0
121000211,1,1,0
121000212,0,0,0
121000213,35,137,-102
121000214,7,131,-124
121000215,40,92,-52
121000216,79,68,11
121000217,664,178,486
121000218,9,18,-9
121000219,137,95,42
121000220,0,0,0
121000221,5,92,-87
121000222,7,73,-66
121000223,0,0,0
121000224,0,0,0
121000225,13,48,-35
121000226,39,154,-115
121000227,0,0,0
121000228,0,0,0
121000229,0,0,0
121000230,0,0,0
121000231,197,7,190
121000232,0,0,0
121000233,188,12,176
121000234,2,1,1
121000235,2,13,-11
121000236,0,0,0
121000237,24,0,24
121000238,1,3,-2
121000239,0,0,0
121000240,1,17,-16
121000241,51,0,51
121000242,0,12,-12
121000243,47,0,47
121000244,0,7,-7
121000245,13,0,13
121000246,0,3,-3
121000247,25,0,25
121000248,37,6,31
121000249,0,0,0
121000250,33,77,-44
121000251,0,0,0
121000252,3,42,-39
121000253,0,0,0
121000254,104,13,91
121000255,0,0,0
121000256,24,24,0
121000257,0,0,0
121000258,22,46,-24
121000259,0,0,0
121000260,0,0,0
121000261,27,17,10
121000262,0,0,0
121000263,5,55,-50
121000271,0,0,0
121000273,0,0,0
121000274,2,12,-10
121000275,0,0,0
121000276,3,18,-15
121000278,21,5,16
121000279,0,0,0
121000280,2,6,-4
121000289,17,0,17
121000290,75,47,28
121000294,0,0,0
121000297,90,95,-5
121000299,0,0,0
121000300,0,0,0
121000302,1,84,-83
121000303,13,8,5
121000304,231,158,73
121000305,43,70,-27
121000306,14,52,-38
121000308,0,0,0
121000309,0,0,0
121000310,0,0,0
121000311,0,0,0
121000312,52,19,33
121000313,0,0,0
121000314,0,0,0
121000315,0,0,0
121000530,267,170,97
121000531,498,260,238
121000532,1308,328,980
121000533,4014,1473,2541
121000918,0,0,0
121000919,0,0,0
121000938,0,0,0
121000939,11,77,-66
121000956,0,0,0
121000957,0,0,0
121000958,1,3,-2
121000959,17,16,1
121000960,45,51,-6
121000961,155,0,155
121000962,2,26,-24
121000973,0,0,0
121000976,0,0,0
121000979,0,0,0
121000981,96,1,95
121000982,0,0,0
121000983,6,2,4
121000984,0,0,0
121000985,0,0,0
121000986,0,0,0
121000987,0,0,0
121000988,234,16,218
121001302,0,0,0
121001308,0,0,0
121001309,0,0,0
121001313,0,0,0
121001314,0,0,0
121001315,1414,125,1289
121900001,3,49,-46
121900002,0,0,0
121900003,0,0,0
121900004,0,0,0
121900005,0,0,0
121900006,0,0,0
121900007,2,2,0
121900008,0,0,0
121900009,0,0,0
121900010,0,0,0
121900011,0,0,0
121900012,0,0,0
121900013,0,0,0
121900014,0,0,0
121900015,0,0,0
121900016,0,0,0
121900017,0,0,0
121900018,0,0,0
121900019,0,0,0
121900020,0,0,0
121900021,0,0,0
121900022,0,0,0
121900023,0,0,0
121900024,0,0,0
121900025,0,0,0
121900026,0,0,0
121900027,0,0,0
121900028,0,0,0
121900029,0,0,0
121900030,0,0,0
121900031,0,0,0
121900032,0,0,0
121900033,0,0,0
121900034,0,0,0
121900035,0,0,0
121900036,0,0,0
121900037,0,0,0
121900038,0,0,0
121900039,0,0,0
121900040,0,0,0
121900041,0,0,0
121900042,0,0,0
121900043,0,0,0
121900044,0,0,0
121900046,0,0,0
121900047,0,0,0
121900048,0,0,0
121900050,0,0,0
121900051,0,0,0
121900052,0,0,0
121900053,0,0,0
121900054,0,0,0
121900055,0,0,0
121900058,0,0,0
121900059,0,0,0
121900060,0,0,0
121900061,0,0,0
121900062,0,0,0
121900063,0,0,0
121900064,0,0,0
121900066,0,0,0
121900067,0,0,0
121900069,0,0,0
121900070,0,0,0
121900071,0,0,0
121900072,0,0,0
121900073,0,0,0
121900074,0,0,0
121900075,0,0,0
121900076,0,0,0
121900077,0,0,0
121900078,0,0,0
121900079,0,0,0
121900080,0,0,0
121900082,0,0,0
121900084,0,0,0
121900085,0,0,0
121900086,0,0,0
121900087,0,0,0
121900088,0,0,0
121900089,0,0,0
121900090,0,0,0
121900091,0,0,0
121900092,0,0,0
121900093,0,0,0
121900094,0,0,0
121900095,0,0,0
121900096,0,0,0
121900097,0,0,0
121900098,0,0,0
121900099,0,0,0
121900100,0,0,0
121900101,0,0,0
121900102,0,0,0
121900103,0,0,0
121900104,0,0,0
121900105,0,0,0
121900106,0,0,0
121900107,0,0,0
121900108,0,0,0
121900109,0,0,0
121900110,0,0,0
121900111,0,0,0
121900112,0,0,0
121900113,0,0,0
121900114,0,0,0
121900115,0,0,0
121900117,0,0,0
121900118,0,0,0
121900119,0,0,0
121900120,0,0,0
121900121,0,0,0
121900122,0,0,0
121900123,0,0,0
121900124,0,0,0
121900125,0,0,0
121900127,0,0,0
121900128,0,0,0
121900129,0,0,0
121900130,0,0,0
121900131,0,0,0
121900132,0,0,0
121900133,0,0,0
121900134,0,0,0
121900135,0,0,0
121900136,0,0,0
121900137,0,0,0
121900138,0,0,0
121900139,0,0,0
121900140,0,0,0
121900141,0,0,0
121900142,0,0,0
121900143,0,0,0
121900144,0,0,0
121900145,0,0,0
121900146,0,0,0
121900147,0,0,0
121900148,0,0,0
121900149,0,0,0
121900150,0,0,0
121900151,0,0,0
121900152,0,0,0
121900153,0,0,0
121900154,0,0,0
121900155,0,0,0
121900156,0,0,0
121900157,0,0,0
121900158,0,0,0
121900159,0,0,0
121900160,0,0,0
121900161,0,0,0
121900162,0,0,0
121900163,0,0,0
121900164,0,0,0
121900165,0,0,0
121900166,0,0,0
121900167,0,0,0
121900168,0,0,0
121900169,0,0,0
121900170,0,0,0
121900171,0,0,0
121900172,0,0,0
121900173,0,0,0
121900174,0,0,0
121900175,0,0,0
121900176,0,0,0
121900177,0,0,0
121900178,0,0,0
121900179,0,0,0
121900180,0,0,0
121900182,0,0,0
121900183,0,0,0
121900184,0,0,0
121900186,0,0,0
121900187,0,0,0
121900188,0,0,0
121900189,0,0,0
121900190,0,0,0
121900191,0,0,0
121900192,0,0,0
121900193,0,0,0
121900194,0,0,0
121900195,0,0,0
121900196,0,0,0
121900197,0,0,0
121900198,0,0,0
121900199,0,0,0
121900200,0,0,0
121900201,0,0,0
121900202,0,0,0
121900203,0,0,0
121900204,0,0,0
121900205,0,0,0
121900206,0,0,0
121900207,0,0,0
121900208,0,0,0
121900209,0,0,0
121900210,0,0,0
121900211,0,0,0
121900212,0,0,0
121900213,0,0,0
121900214,0,0,0
121900215,0,0,0
121900216,0,0,0
121900217,0,0,0
121900218,0,0,0
121900220,0,0,0
121900221,0,0,0
121900222,0,0,0
121900223,0,0,0
121900224,0,0,0
121900225,0,0,0
121900226,0,0,0
121900227,0,0,0
121900228,0,0,0
121900229,0,0,0
121900230,0,0,0
121900231,0,0,0
121900232,0,0,0
121900233,0,0,0
121900234,0,0,0
121900235,0,0,0
121900236,0,0,0
121900237,0,0,0
121900238,0,0,0
121900239,0,0,0
121900240,0,0,0
121900241,0,0,0
121900242,0,0,0
121900243,0,0,0
121900244,0,0,0
121900245,0,0,0
121900246,0,0,0
121900247,0,0,0
121900248,0,0,0
121900250,0,0,0
121900251,0,0,0
121900252,0,0,0
121900253,0,0,0
121900254,0,0,0
121900255,0,0,0
121900258,0,0,0
121900259,0,0,0
121900260,0,0,0
121900261,0,0,0
121900262,0,0,0
121900263,0,0,0
121900264,0,0,0
121900265,0,0,0
121900266,0,0,0
121900267,0,0,0
121900269,0,0,0
121900270,0,0,0
121900271,0,0,0
121900273,0,0,0
121900274,0,0,0
121900276,0,0,0
121900277,0,0,0
121900278,0,0,0
121900279,0,0,0
121900280,0,0,0
121900281,0,0,0
121900284,0,0,0
121900286,0,0,0
121900287,0,0,0
121900290,0,0,0
121900291,0,0,0
121900292,0,0,0
121900293,0,0,0
121900294,0,0,0
121900295,0,0,0
121900296,0,0,0
121900298,0,0,0
121900299,0,0,0
121900300,0,0,0
121900301,0,0,0
121900302,0,0,0
121900303,0,0,0
121900304,0,0,0
121900305,0,0,0
121900306,0,0,0
121900307,0,0,0
121900308,0,0,0
121900309,0,0,0
121900310,0,0,0
121900311,0,0,0
121900312,0,0,0
121900313,0,0,0
121900314,0,0,0
121900315,0,0,0
121900316,0,0,0
121900317,0,0,0
121900318,0,0,0
121900319,0,0,0
121900320,0,0,0
121900321,0,0,0
121900322,0,0,0
121900323,0,0,0
121900324,0,0,0
121900325,0,0,0
121900326,0,0,0
121900327,0,0,0
121900328,0,0,0
121900329,0,0,0
121900330,0,0,0
121900331,0,0,0
121900332,0,0,0
121900333,0,0,0
122000001,123,110,13
122000002,92,56,36
122000003,105,142,-37
122000004,145,185,-40
122000005,608,792,-184
122000006,22,239,-217
122000007,69,361,-292
122000008,141,215,-74
122000009,26,30,-4
122000010,665,412,253
122000011,212,177,35
122000012,230,126,104
122000013,25,135,-110
122000014,3,86,-83
122000015,56,93,-37
122000016,6,94,-88
122000017,0,0,0
122000018,0,0,0
122000019,22,56,-34
122000020,0,0,0
122000021,0,0,0
122000022,83,9,74
122000023,14,15,-1
122000024,277,148,129
122000025,61,177,-116
122000026,507,312,195
122000027,0,0,0
122000028,89,22,67
122000029,40,21,19
122000030,0,0,0
122000031,0,7,-7
122000032,108,94,14
122000033,104,243,-139
122000034,0,0,0
122000035,0,0,0
122000036,0,0,0
122000037,1,3,-2
122000038,7,3,4
122000039,0,0,0
122000040,0,0,0
122000041,0,3,-3
122000042,0,4,-4
122000043,0,0,0
122000044,0,0,0
122000045,121,51,70
122000046,100,39,61
122000047,0,0,0
122000048,315,606,-291
122000049,463,210,253
122000050,33,14,19
122000051,2,19,-17
122000052,2,18,-16
122000053,8,478,-470
122000054,53,135,-82
122000055,360,731,-371
122000056,286,186,100
122000057,102,184,-82
122000058,53,69,-16
122000059,94,82,12
122000060,0,0,0
122000061,0,0,0
122000062,111,14,97
122000063,3,9,-6
122000064,62,99,-37
122000065,177,234,-57
122000066,113,148,-35
122000067,200,513,-313
122000068,65,272,-207
122000069,56,33,23
122000070,427,108,319
122000071,42,78,-36
122000072,0,0,0
122000073,0,0,0
122000074,63,98,-35
122000075,68,76,-8
122000076,107,126,-19
122000077,0,0,0
122000078,414,222,192
122000079,0,38,-38
122000080,0,0,0
122000081,0,0,0
122000082,149,95,54
122000083,0,0,0
122000084,0,0,0
122000085,5,11,-6
122000086,16,291,-275
122000087,22,41,-19
122000088,0,0,0
122000089,163,315,-152
122000090,0,0,0
122000091,0,0,0
122000092,0,0,0
122000093,203,676,-473
122000094,440,407,33
122000095,9,89,-80
122000096,9,276,-267
122000098,318,573,-255
122000099,8,40,-32
122000100,33,2,31
122000101,0,5,-5
122000102,0,0,0
122000103,0,0,0
122000104,8,5,3
122000105,5,0,5
122000106,0,1,-1
122000107,25,46,-21
122000108,0,0,0
122000109,3,11,-8
122000110,0,0,0
122000111,385,31,354
122000112,69,77,-8
122000113,81,37,44
122000114,452,757,-305
122000115,554,379,175
122000116,9,97,-88
122000117,118,6,112
122000118,41,5,36
122000119,0,0,0
122000120,0,0,0
122000121,74,9,65
122000122,18,11,7
122000123,101,98,3
122000124,9,58,-49
122000125,11,58,-47
122000126,3,57,-54
122000127,29,67,-38
122000128,1,6,-5
122000129,73,6,67
122000130,181,138,43
122000131,5,33,-28
122000132,0,0,0
122000133,0,0,0
122000134,52,61,-9
122000135,5,27,-22
122000136,41,73,-32
122000137,36,29,7
122000139,10,172,-162
122000140,0,1,-1
122000141,31,1,30
122000142,0,0,0
122000143,0,0,0
122000144,6,28,-22
122000145,0,0,0
122000146,25,65,-40
122000147,21,56,-35
122000148,277,234,43
122000149,122,52,70
122000150,94,85,9
122000151,0,0,0
122000152,0,0,0
122000153,54,44,10
122000154,97,11,86
122000155,192,86,106
122000156,480,406,74
122000157,273,266,7
122000158,0,0,0
122000159,49,6,43
122000160,143,62,81
122000161,74,12,62
122000162,178,59,119
122000163,0,0,0
122000164,0,0,0
122000165,0,15,-15
122000166,69,55,14
122000167,0,0,0
122000168,0,2,-2
122000169,0,0,0
122000170,0,0,0
122000171,0,0,0
122000172,0,0,0
122000173,0,0,0
122000174,398,306,92
122000175,0,0,0
122000176,0,2,-2
122000177,393,442,-49
122000178,505,104,401
122000179,0,7,-7
122000180,233,386,-153
122000181,788,537,251
122000182,70,69,1
122000183,52,1,51
122000184,517,449,68
122000185,174,99,75
122000186,0,0,0
122000187,108,70,38
122000188,0,0,0
122000189,35,34,1
122000190,242,55,187
122000191,38,14,24
122000192,0,0,0
122000193,0,0,0
122000194,0,0,0
122000195,0,0,0
122000196,0,0,0
122000197,10,15,-5
122000198,0,0,0
122000199,60,88,-28
122000200,54,35,19
122000201,161,217,-56
122000202,175,185,-10
122000203,0,0,0
122000204,0,0,0
122000205,0,0,0
122000206,118,64,54
122000207,122,55,67
122000208,150,29,121
122000209,179,66,113
122000210,20,5,15
122000211,6,19,-13
122000212,67,71,-4
122000213,56,221,-165
122000214,244,203,41
122000215,57,124,-67
122000217,7,18,-11
122000218,86,14,72
122000219,26,55,-29
122000220,29,11,18
122000221,0,0,0
122000222,0,2,-2
122000223,74,67,7
122000225,78,41,37
122000226,1,11,-10
122000227,0,18,-18
122000228,0,11,-11
122000229,0,0,0
122000230,0,11,-11
122000231,0,27,-27
122000232,0,6,-6
122000233,0,0,0
122000234,46,20,26
122000235,63,0,63
122000236,19,25,-6
122000237,0,0,0
122000238,4,7,-3
122000239,58,0,58
122000240,24,1,23
122000241,58,54,4
122000242,0,0,0
122000243,0,0,0
122000244,0,0,0
122000245,1,0,1
122000246,13,32,-19
122000247,5,0,5
122000248,12,8,4
122000249,86,88,-2
122000250,162,76,86
122000251,0,0,0
122000252,7,1,6
122000253,0,0,0
122000254,3,2,1
122000255,0,0,0
122000256,24,45,-21
122000257,2,22,-20
122000258,59,40,19
122000259,0,0,0
122000260,0,0,0
122000261,0,0,0
122000262,0,0,0
122000263,0,0,0
122000264,160,19,141
122000265,136,15,121
122000266,249,6,243
122000267,0,0,0
122000268,0,0,0
122000269,0,0,0
122000270,0,0,0
122000271,0,0,0
122000272,0,0,0
122000273,0,0,0
122000274,0,0,0
122000275,0,0,0
122000276,59,60,-1
122000277,207,108,99
122000278,91,42,49
122000279,5,9,-4
122000280,11,15,-4
122000281,1,15,-14
122000282,2,11,-9
122000283,0,0,0
122000284,0,0,0
122000285,0,0,0
122000286,0,0,0
122000287,597,104,493
122000288,39,2,37
122000291,1075,105,970
122000293,0,0,0
122000294,82,17,65
122000295,168,5,163
122000296,6,148,-142
122000297,989,400,589
122000299,103,8,95
122000300,3,14,-11
122000301,78,83,-5
122000302,4,10,-6
122000303,34,110,-76
122000304,0,0,0
122000305,424,60,364
122000306,1,23,-22
122000307,0,0,0
122000309,0,0,0
122000310,0,0,0
122000311,0,0,0
122000312,2,74,-72
122000313,21,58,-37
122000314,59,76,-17
122000315,0,0,0
122000316,45,7,38
122000317,35,1,34
122000318,53,79,-26
122000319,6,2,4
122000320,0,0,0
122000321,2,0,2
122000322,130,68,62
122000323,86,45,41
122000324,13,47,-34
122000325,84,185,-101
122000326,0,0,0
122000327,3,10,-7
122000328,0,0,0
122000330,99,173,-74
122000332,0,0,0
122000333,0,0,0
122000337,53,26,27
122000338,1,1,0
122000340,0,1,-1
122000342,3,16,-13
122000343,0,4,-4
122000344,22,0,22
122000345,7,2,5
122000346,0,0,0
122000348,52,20,32
122000349,0,0,0
122000351,1,1,0
122000352,0,0,0
122000353,0,0,0
122000355,0,0,0
122000356,11,28,-17
122000357,1,10,-9
122000358,0,0,0
122000359,0,0,0
122000360,0,0,0
122000362,0,0,0
122000364,0,0,0
122000365,0,0,0
122000366,0,0,0
122000368,0,0,0
122000370,0,0,0
122000371,0,0,0
122000372,0,0,0
122000381,0,0,0
122000382,0,0,0
122000384,0,5,-5
122000385,0,0,0
122000386,18,182,-164
122000387,0,0,0
122000388,14,62,-48
122000389,0,0,0
122000390,13,94,-81
122000391,0,0,0
122000392,0,0,0
122000393,0,0,0
122000394,0,0,0
122000395,0,0,0
122000396,0,0,0
122000397,0,0,0
122000398,5,48,-43
122000399,0,0,0
122000400,7,58,-51
122000401,0,0,0
122000402,38,11,27
122000403,0,0,0
122000404,183,46,137
122000408,249,290,-41
122000503,0,0,0
122000524,0,0,0
122000544,0,0,0
122000616,0,0,0
122000640,0,0,0
122000641,0,0,0
122000642,0,0,0
122000643,6,11,-5
122000644,0,0,0
122000645,0,0,0
122000651,9,35,-26
122000664,11,9,2
122000665,0,0,0
122000666,117,40,77
122000673,0,0,0
122000674,33,26,7
122000675,33,37,-4
122000686,127,42,85
122000687,62,9,53
122000688,92,65,27
122000689,112,39,73
122000690,291,4,287
122000691,305,72,233
122000692,33,3,30
122000693,23,34,-11
122000695,0,0,0
122000696,66,21,45
122000698,0,0,0
122000699,3,8,-5
122000701,89,10,79
122000702,84,36,48
122000703,30,4,26
122000717,0,0,0
122000718,72,164,-92
122000719,0,14,-14
122000720,85,30,55
122000724,0,0,0
122900001,0,0,0
122900002,0,0,0
122900003,0,0,0
122900004,0,0,0
122900005,0,0,0
122900006,0,0,0
122900007,0,0,0
122900008,0,0,0
122900009,0,0,0
122900010,0,0,0
122900012,0,0,0
122900014,0,0,0
122900015,0,0,0
122900016,0,0,0
122900017,0,0,0
122900018,0,0,0
122900019,0,0,0
122900020,0,0,0
122900021,0,0,0
122900022,0,0,0
122900023,0,0,0
122900024,0,0,0
122900025,0,0,0
122900026,0,0,0
122900027,0,0,0
122900028,0,0,0
122900029,0,0,0
122900030,0,0,0
122900031,0,0,0
122900032,0,0,0
122900033,0,0,0
122900034,0,0,0
122900035,0,0,0
122900036,0,0,0
122900037,0,0,0
122900038,0,0,0
122900039,0,0,0
122900040,0,0,0
122900041,0,0,0
122900042,0,0,0
122900043,0,0,0
122900044,0,0,0
122900045,0,0,0
122900046,0,0,0
122900047,0,0,0
122900048,0,0,0
122900049,0,0,0
122900051,0,0,0
122900052,0,0,0
122900053,0,1,-1
122900055,0,0,0
122900057,0,0,0
122900061,0,0,0
122900062,0,0,0
122900063,0,0,0
122900064,0,0,0
122900065,0,0,0
122900066,0,0,0
122900067,0,0,0
122900068,0,0,0
122900069,0,0,0
122900070,0,0,0
122900071,0,0,0
122900072,0,0,0
122900073,0,0,0
122900074,0,0,0
122900075,0,0,0
122900076,0,0,0
122900077,0,0,0
122900078,0,0,0
122900080,0,0,0
122900081,0,0,0
122900082,0,0,0
122900083,0,0,0
122900084,0,0,0
122900086,0,0,0
122900087,0,0,0
122900088,0,0,0
122900089,0,0,0
122900090,0,0,0
122900091,0,0,0
122900092,0,0,0
122900093,0,0,0
122900094,0,0,0
122900095,0,0,0
122900096,0,0,0
122900097,0,0,0
122900098,0,0,0
122900099,0,0,0
122900100,0,0,0
122900101,0,0,0
122900102,0,0,0
122900103,0,0,0
122900104,0,0,0
122900105,0,0,0
122900106,0,0,0
122900107,0,0,0
122900108,0,0,0
123000001,165,21,144
123000002,250,1233,-983
123000003,822,364,458
123000004,142,497,-355
123000005,966,282,684
123000006,212,570,-358
123000007,821,434,387
123000008,40,137,-97
123000009,2602,1873,729
123000010,69,296,-227
123000011,751,661,90
123000012,12,226,-214
123000013,1114,282,832
123000014,8,199,-191
123000015,1372,394,978
123000016,41,209,-168
123000017,996,289,707
123000018,81,2,79
123000019,118,0,118
123000020,31,1,30
123000021,57,9,48
123000022,233,26,207
123000023,228,51,177
123000024,92,75,17
123000025,5,57,-52
123000026,0,0,0
123000027,0,0,0
123000028,47,103,-56
123000029,0,0,0
123000030,0,0,0
123000031,17,6,11
123000032,43,9,34
123000033,2,19,-17
123000034,341,51,290
123000035,105,62,43
123000036,9,383,-374
123000037,0,0,0
123000038,0,0,0
123000039,0,0,0
123000040,0,0,0
123000041,27,711,-684
123000042,0,0,0
123000043,176,297,-121
123000044,20,80,-60
123000045,0,0,0
123000046,0,0,0
123000047,0,0,0
123000048,16,95,-79
123000049,3626,1144,2482
123000050,172,180,-8
123000051,0,0,0
123000052,153,315,-162
123000053,940,355,585
123000054,161,432,-271
123000055,650,826,-176
123000056,5,48,-43
123000057,42,147,-105
123000058,0,0,0
123000059,0,3,-3
123000060,0,0,0
123000061,3,13,-10
123000063,27,53,-26
123000064,1,3,-2
123000065,15,54,-39
123000066,2,16,-14
123000067,3,14,-11
123000068,41,192,-151
123000069,138,116,22
123000070,10,4,6
123000071,92,37,55
123000072,0,0,0
123000073,187,28,159
123000074,0,0,0
123000075,62,134,-72
123000076,0,0,0
123000077,79,8,71
123000078,232,93,139
123000079,454,122,332
123000080,39,0,39
123000081,0,0,0
123000082,0,0,0
123000083,4,2,2
123000084,0,0,0
123000085,0,0,0
123000086,0,0,0
123000087,0,0,0
123000088,11,4,7
123000089,369,149,220
123000090,0,0,0
123000091,179,54,125
123000092,0,0,0
123000094,6,5,1
123000095,53,50,3
123000096,153,24,129
123000097,0,0,0
123000098,112,10,102
123000099,1,0,1
123000100,0,0,0
123000101,57,29,28
123000102,102,43,59
123000104,0,0,0
123000105,0,0,0
123000106,0,0,0
123000107,0,0,0
123000108,0,0,0
123000111,18,8,10
123000112,29,9,20
123000113,0,0,0
123000114,5,26,-21
123000115,19,28,-9
123000116,0,0,0
123000117,0,5,-5
123000118,5,13,-8
123000119,1,13,-12
123000120,2,38,-36
123000121,0,0,0
123000122,0,0,0
123000123,0,0,0
123000124,0,0,0
123000125,87,60,27
123000126,178,262,-84
123000127,0,0,0
123000128,0,0,0
123000129,197,23,174
123000130,111,11,100
123000131,123,29,94
123000132,0,0,0
123000133,0,0,0
123000134,0,0,0
123000135,54,34,20
123000136,0,0,0
123000137,0,0,0
123000138,0,0,0
123000139,100,3,97
123000140,0,0,0
123000141,54,6,48
123000142,0,0,0
123000143,0,0,0
123000144,0,0,0
123000145,0,0,0
123000146,0,0,0
123000147,0,0,0
123000149,18,49,-31
123000150,27,27,0
123000151,28,70,-42
123000152,0,0,0
123000153,3,37,-34
123000154,37,86,-49
123000155,7,36,-29
123000156,0,0,0
123000157,17,15,2
123000158,59,59,0
123000159,87,158,-71
123000160,60,104,-44
123000161,135,36,99
123000162,313,177,136
123000163,12,15,-3
123000164,305,8,297
123000165,0,0,0
123000166,0,0,0
123000167,21,20,1
123000168,45,0,45
123000169,179,21,158
123000170,1,0,1
123000171,284,1,283
123000172,0,0,0
123000173,79,70,9
123000174,168,12,156
123000175,0,0,0
123000176,109,10,99
123000177,0,0,0
123000178,193,21,172
123000179,0,0,0
123000180,493,40,453
123000181,0,0,0
123000182,0,0,0
123000183,64,8,56
123000184,0,0,0
123000185,263,27,236
123000186,0,0,0
123000187,524,0,524
123000188,276,1,275
123000189,234,0,234
123000190,33,1,32
123000192,0,0,0
123000193,0,0,0
123000194,0,0,0
123000195,213,5,208
123000196,297,1,296
123000197,46,0,46
123000198,0,0,0
123000199,0,0,0
123000200,266,10,256
123000201,474,22,452
123000202,0,0,0
123000203,468,5,463
123000204,0,0,0
123000205,0,0,0
123000206,570,20,550
123000207,0,0,0
123000208,160,18,142
123000209,195,34,161
123000210,0,0,0
123000211,0,0,0
123000212,648,26,622
123000213,226,3,223
123000215,137,154,-17
123000216,22,189,-167
123000217,69,2,67
123000218,0,0,0
123000219,83,24,59
123000220,237,4,233
123000221,5,5,0
123000222,9,20,-11
123000223,78,11,67
123000224,27,39,-12
123000225,13,3,10
123000226,93,8,85
123000227,3,1,2
123000228,54,2,52
123000229,0,0,0
123000232,0,0,0
123000233,217,10,207
123000234,0,0,0
123000235,168,44,124
123000236,0,2,-2
123000237,67,10,57
123000238,0,0,0
123000239,0,0,0
123000240,0,0,0
123000241,20,12,8
123000242,0,0,0
123000243,4,85,-81
123000244,6,89,-83
123000245,0,0,0
123000249,0,0,0
123000252,254,122,132
123000253,392,165,227
123000254,3,14,-11
123000255,63,128,-65
123000256,0,0,0
123000257,0,0,0
123000258,0,0,0
123000259,7,0,7
123000260,9,2,7
123000261,0,0,0
123000262,0,0,0
123000263,55,7,48
123000264,13,8,5
123000265,0,0,0
123000266,30,1,29
123000267,21,129,-108
123000268,0,0,0
123000269,3,27,-24
123000270,9,4,5
123000271,0,0,0
123000272,320,84,236
123000273,128,418,-290
123000274,234,89,145
123000275,0,0,0
123000278,1,68,-67
123000279,0,18,-18
123000280,12,11,1
123000281,37,4,33
123000282,0,0,0
123000283,0,1,-1
123000284,0,0,0
123000286,0,3,-3
123000287,4,44,-40
123000288,257,147,110
123000289,82,78,4
123000291,0,0,0
123000294,0,0,0
123000295,410,248,162
123000296,135,253,-118
123000297,0,0,0
123000298,35,30,5
123000299,10,140,-130
123000300,60,50,10
123000301,0,0,0
123000302,160,33,127
123000303,2,44,-42
123000305,0,0,0
123000306,0,0,0
123000309,0,0,0
123000310,4,2,2
123000311,0,0,0
123000312,0,0,0
123000313,131,31,100
123000315,157,11,146
123000316,419,3,416
123000317,0,0,0
123000318,0,0,0
123000329,0,0,0
123000337,89,9,80
123000338,181,28,153
123000339,0,0,0
123000340,4,32,-28
123000342,0,0,0
123000343,2,0,2
123000344,42,1,41
123000345,7,0,7
123000346,136,31,105
123000352,0,0,0
123000353,0,0,0
123000354,480,3,477
123000355,0,0,0
123000356,132,5,127
123000357,0,0,0
123000359,0,0,0
123000360,91,34,57
123000361,0,0,0
123000362,162,1,161
123000363,26,5,21
123000364,4,19,-15
123000365,0,0,0
123000366,6,99,-93
123000367,0,23,-23
123000370,0,0,0
123000371,106,4,102
123000372,114,0,114
123000373,0,0,0
123000374,0,0,0
123000375,125,10,115
123000376,62,51,11
123000377,210,5,205
123000378,0,0,0
123000379,0,0,0
123000380,0,0,0
123000381,56,27,29
123000382,99,13,86
123000383,0,0,0
123000384,25,5,20
123000385,0,0,0
123000436,0,0,0
123000507,3,24,-21
123000508,260,676,-416
123000517,0,0,0
123000518,0,0,0
123000519,0,0,0
123000520,0,0,0
123000521,0,0,0
123000522,0,0,0
123000541,1,1,0
123000542,0,0,0
123000565,25,0,25
123000566,10,0,10
123000567,51,0,51
123000573,0,0,0
123000574,88,2,86
123000575,217,10,207
123000576,118,9,109
123000577,0,0,0
123000578,34,29,5
123000579,598,223,375
123000580,15,0,15
123000582,103,0,103
123000583,0,0,0
123000584,70,43,27
123000585,0,0,0
123000586,11,0,11
123000596,0,0,0
123000597,11,13,-2
123000602,30,4,26
123000603,242,1,241
123000604,42,1,41
123000605,917,480,437
123000606,0,0,0
123000609,0,0,0
123000610,147,46,101
123000613,0,0,0
123000614,94,3,91
123000615,0,0,0
123000616,90,3,87
123000617,0,0,0
123000618,0,0,0
123000619,18,4,14
123000620,0,0,0
123000622,109,14,95
123000624,88,7,81
123000630,484,34,450
123000631,48,16,32
123000632,0,0,0
123000633,1,267,-266
123000634,4,3,1
123000635,0,0,0
123000636,0,0,0
123000637,2,3,-1
123000638,18,0,18
123000639,491,325,166
123000640,1,0,1
123900001,0,0,0
123900002,0,0,0
123900003,0,0,0
123900005,0,0,0
123900006,0,0,0
124000001,615,172,443
124000002,2,194,-192
124000003,302,45,257
124000004,1,17,-16
124000005,221,65,156
124000006,0,24,-24
124000007,88,20,68
124000008,0,0,0
124000009,185,35,150
124000010,0,0,0
124000011,244,57,187
124000012,0,0,0
124000017,110,133,-23
124000018,0,0,0
124000019,172,31,141
124000020,0,0,0
124000021,260,17,243
124000022,0,0,0
124000023,408,75,333
124000024,0,0,0
124000025,419,58,361
124000026,0,0,0
124000027,1697,326,1371
124000028,84,610,-526
124000030,0,0,0
124000031,365,165,200
124000032,0,28,-28
124000033,65,11,54
124000034,1,17,-16
124000035,2,6,-4
124000036,0,2,-2
124000037,2,67,-65
124000038,0,3,-3
124000039,55,3,52
124000040,83,70,13
124000041,153,6,147
124000042,2,16,-14
124000043,5,3,2
124000044,0,14,-14
124000045,55,2,53
124000046,0,0,0
124000047,258,20,238
124000048,0,0,0
124000049,325,18,307
124000050,0,0,0
124000051,239,12,227
124000052,0,0,0
124000053,66,51,15
124000054,0,0,0
124000055,344,66,278
124000056,0,0,0
124000057,205,65,140
124000058,0,0,0
124000059,113,117,-4
124000060,0,0,0
124000061,94,194,-100
124000062,0,0,0
124000063,0,0,0
124000064,0,0,0
124000065,0,0,0
124000066,9,0,9
124000067,70,5,65
124000068,0,0,0
124000069,284,12,272
124000070,0,0,0
124000071,66,30,36
124000072,0,0,0
124000073,246,26,220
124000074,0,0,0
124000075,144,69,75
124000076,0,0,0
124000077,0,0,0
124000078,166,193,-27
124000079,0,0,0
124000080,241,88,153
124000081,0,0,0
124000082,21,183,-162
124000083,0,0,0
124000084,0,100,-100
124000085,0,0,0
124000086,0,0,0
124000087,0,0,0
124000088,7,41,-34
124000089,165,1,164
124000090,0,0,0
124000091,203,33,170
124000092,0,0,0
124000093,1,22,-21
124000094,0,0,0
124000095,57,1,56
124000096,0,0,0
124000097,29,0,29
124000098,0,0,0
124000099,11,3,8
124000100,0,0,0
124000101,12,3,9
124000102,0,0,0
124000103,10,6,4
124000104,0,0,0
124000105,6,5,1
124000106,0,0,0
124000107,0,3,-3
124000108,0,0,0
124000109,33,0,33
124000110,0,0,0
124000111,150,6,144
124000112,0,0,0
124000113,16,39,-23
124000114,0,0,0
124000115,0,0,0
124000116,25,28,-3
124000117,0,0,0
124000118,1,19,-18
124000119,0,0,0
124000120,42,11,31
124000121,158,26,132
124000122,0,0,0
124000123,154,42,112
124000124,26,43,-17
124000125,126,22,104
124000126,15,69,-54
124000127,259,9,250
124000128,17,80,-63
124000129,125,62,63
124000130,65,38,27
124000131,60,90,-30
124000132,90,140,-50
124000133,314,47,267
124000134,0,0,0
124000135,400,57,343
124000136,0,0,0
124000137,139,57,82
124000138,0,0,0
124000139,37,3,34
124000140,0,0,0
124000141,0,0,0
124000142,0,0,0
124000143,3,0,3
124000144,0,0,0
124000145,22,11,11
124000146,0,0,0
124000148,1,14,-13
124000149,76,15,61
124000150,0,0,0
124000151,47,18,29
124000152,0,0,0
124000153,46,93,-47
124000154,0,0,0
124000155,128,99,29
124000156,0,0,0
124000169,17,17,0
124000170,0,0,0
124000171,57,50,7
124000172,0,0,0
124000173,23,31,-8
124000174,0,0,0
124000175,0,0,0
124000176,104,68,36
124000177,0,0,0
124000178,3,9,-6
124000190,0,2,-2
124000191,0,0,0
124000192,131,97,34
124000193,0,0,0
124000194,6,55,-49
124000195,121,12,109
124000196,0,0,0
124000197,0,0,0
124000198,6,9,-3
124000201,0,0,0
124000202,229,2,227
124000203,0,0,0
124000204,247,6,241
124000205,75,0,75
124000206,426,1,425
124000207,0,0,0
124000209,71,1,70
124000210,143,40,103
124000211,427,2,425
124000212,0,0,0
124000213,0,0,0
124000214,249,3,246
124000215,76,0,76
124000216,0,0,0
124000329,0,0,0
124000338,0,0,0
124000339,193,2,191
124000341,328,1,327
124000344,29,0,29
124000357,528,185,343
124000358,885,319,566
124000359,445,95,350
124000360,207,107,100
124000361,598,169,429
124000362,0,0,0
124000363,0,0,0
124000364,0,0,0
124000365,45,269,-224
124000366,11,125,-114
124000367,0,0,0
124000368,12,54,-42
124000369,8,73,-65
124000370,0,0,0
124000402,5,1,4
124000403,27,3,24
124000404,0,0,0
124000405,270,19,251
124000406,38,94,-56
124000407,0,0,0
124000411,0,0,0
124000412,56,1,55
124000413,1,1,0
124000414,21,21,0
124000415,0,0,0
124000416,0,0,0
124000417,16,12,4
124000418,8,3,5
124000419,0,0,0
124000420,79,4,75
124000421,0,0,0
124000422,0,0,0
124000423,0,0,0
124000424,0,0,0
124000425,0,1,-1
124000426,0,0,0
124000427,1,0,1
124000428,0,0,0
124000429,44,0,44
124000430,14,1,13
124000431,5,7,-2
124000432,0,0,0
124000439,7,0,7
124000442,0,0,0
124000443,0,0,0
124000445,2,104,-102
124000446,0,0,0
124900001,0,0,0
124900002,0,0,0
124900003,0,0,0
124900004,0,0,0
124900005,0,0,0
124900006,0,0,0
124900008,0,0,0
124900009,0,0,0
124900010,0,0,0
124900011,0,0,0
124900012,0,0,0
124900013,0,0,0
124900014,0,0,0
124900015,0,0,0
124900016,0,0,0
124900017,0,0,0
124900018,0,0,0
124900020,0,0,0
124900021,0,0,0
124900022,0,0,0
124900024,0,0,0
124900026,0,0,0
124900027,0,0,0
124900028,0,0,0
124900029,0,0,0
124900030,0,0,0
124900031,0,0,0
124900032,0,0,0
124900033,0,0,0
124900034,0,0,0
124900035,0,0,0
124900036,0,0,0
124900037,0,0,0
124900038,0,0,0
124900039,0,0,0
124900040,0,0,0
124900041,0,0,0
124900042,0,0,0
124900043,0,0,0
124900044,0,0,0
124900045,0,0,0
124900046,0,0,0
124900047,0,0,0
124900048,0,0,0
124900050,0,0,0
124900052,0,0,0
124900053,0,0,0
124900054,0,0,0
124900055,0,0,0
124900057,0,0,0
124900060,0,0,0
124900061,0,0,0
124900062,0,0,0
124900066,0,0,0
124900067,0,0,0
124900068,0,0,0
124900070,0,0,0
124900072,0,0,0
124900074,0,0,0
124900075,0,0,0
124900076,0,0,0
124900077,0,0,0
124900078,0,0,0
124900079,0,0,0
124900080,0,0,0
124900081,0,0,0
124900082,0,0,0
124900083,0,0,0
124900084,0,0,0
124900085,0,0,0
124900086,0,0,0
124900087,0,0,0
124900088,0,0,0
124900089,0,0,0
124900090,0,0,0
124900091,0,0,0
124900092,0,0,0
124900093,0,0,0
124900094,0,0,0
124900095,0,0,0
124900096,0,0,0
124900097,0,0,0
124900098,0,0,0
124900099,0,0,0
124900100,0,0,0
124900101,0,0,0
124900102,0,0,0
124900103,0,0,0
124900104,0,0,0
124900105,0,0,0
124900106,0,0,0
124900107,0,0,0
124900108,0,0,0
124900109,0,0,0
124900110,0,0,0
124900111,0,0,0
124900112,0,0,0
124900113,0,0,0
124900114,0,0,0
124900115,0,0,0
124900116,0,0,0
124900117,0,0,0
124900118,0,0,0
124900119,0,0,0
124900120,0,0,0
124900121,0,0,0
124900122,0,0,0
124900123,0,0,0
124900124,0,0,0
129000186,0,0,0
204000001,3,0,3
204000002,2,1,1
204000003,5,4,1
204000004,1,5,-4
204000005,528,326,202
204000006,1764,1285,479
204000011,0,0,0
204000012,0,0,0
204000013,0,0,0
204000019,682,438,244
204000020,110,75,35
204000021,223,70,153
204000022,748,329,419
204000023,0,0,0
204000031,2,22,-20
204000032,214,20,194
204000034,0,0,0
204000035,0,0,0
204000036,0,0,0
204000037,0,0,0
204000038,0,0,0
204000039,0,0,0
204000040,0,0,0
204000041,0,0,0
204000042,1,17,-16
204000043,4,0,4
204000044,4,2,2
204000045,3,0,3
204000046,0,0,0
204000057,0,0,0
204000062,0,0,0
204000068,0,0,0
204000069,0,0,0
204000070,295,233,62
204000080,0,0,0
204000085,0,0,0
204000086,0,0,0
204000087,0,0,0
204000088,0,0,0
204000090,0,0,0
204000093,361,4,357
204000096,458,259,199
204000097,146,5,141
204000099,918,540,378
204000100,973,415,558
204000105,0,0,0
204000110,0,0,0
204000111,0,0,0
204000112,0,0,0
204000113,0,0,0
204000114,106,232,-126
204000115,51,152,-101
204000116,96,65,31
204000119,1670,688,982
204000132,869,61,808
204000133,864,102,762
204000134,109,47,62
204000135,522,12,510
204000136,311,187,124
204000138,551,98,453
204000140,254,211,43
204000141,252,105,147
204000144,1,12,-11
204000145,69,4,65
204000146,0,0,0
204000147,0,0,0
204000148,304,12,292
204000154,0,0,0
204000155,0,0,0
204000177,61,29,32
204000179,0,0,0
204000180,0,0,0
204000222,0,0,0
204000235,0,0,0
204000236,9,9,0
204000238,15,17,-2
204000240,27,2,25
204000263,0,0,0
204000268,678,256,422
204000308,42,11,31
204000317,0,0,0
204000322,0,0,0
204000323,6,3,3
204000328,142,15,127
204000329,0,0,0
204000330,93,5,88
204000331,0,0,0
204010341,7,3,4
205000001,0,0,0
205000013,0,0,0
205000014,0,0,0
205000015,0,0,0
205000016,0,0,0
205000017,0,0,0
205000022,0,0,0
205000025,0,0,0
205000029,46,20,26
205000045,0,0,0
205000046,0,0,0
205000047,0,0,0
205000048,0,0,0
205000049,0,0,0
205000050,0,0,0
205000059,0,0,0
205000060,0,0,0
205000061,0,0,0
205000062,0,0,0
205000063,0,0,0
205000064,0,0,0
205000065,0,0,0
205000066,0,0,0
205000067,0,0,0
205000069,0,0,0
205000082,115,58,57
205000110,0,0,0
205000111,0,0,0
205000112,161,54,107
205000113,0,0,0
205000121,177,81,96
205000123,0,0,0
205000126,1024,169,855
205000127,1247,58,1189
205000128,351,74,277
205000129,710,51,659
205000130,64,8,56
205000131,23,3,20
205000132,6,1,5
205000133,7,0,7
205000134,274,1,273
205000137,0,0,0
205000138,0,0,0
205000139,0,0,0
205000144,67,11,56
205000145,165,29,136
205000151,21,27,-6
205000152,119,25,94
205000153,281,14,267
205000154,93,78,15
205000155,144,11,133
205000207,0,0,0
205000233,20,0,20
205000234,0,0,0
205000243,0,5,-5
205000244,0,0,0
205000245,0,0,0
205000249,0,0,0
205000250,21,29,-8
205000264,0,0,0
206000027,25,1,24
206000028,5,2,3
206000043,0,0,0
206000053,0,0,0
206000054,0,0,0
206000055,0,0,0
206000075,0,0,0
206000076,0,0,0
206000077,0,0,0
206000078,0,0,0
206000079,0,0,0
206000082,234,3,231
206000100,0,0,0
206000103,0,0,0
206000104,0,0,0
206000105,0,0,0
206000106,0,0,0
206000108,361,133,228
206000125,172,1,171
206000157,0,0,0
206000170,0,0,0
206000171,0,0,0
206000172,0,0,0
206000173,0,0,0
206000174,0,0,0
206000175,0,0,0
206000176,0,0,0
206000177,0,0,0
206000178,0,0,0
206000179,0,0,0
206000180,0,0,0
206000181,0,0,0
206000182,0,0,0
206000183,0,0,0
206000184,0,0,0
206000185,0,0,0
206000186,0,0,0
206000223,0,0,0
206000226,5,2,3
206000227,42,1,41
206000237,0,0,0
206000238,0,0,0
206000239,0,0,0
206000240,0,0,0
206000241,0,0,0
206000242,0,0,0
206000243,0,0,0
206000244,0,0,0
206000245,143,9,134
206000246,121,0,121
206000247,62,0,62
206000248,17,0,17
206000252,0,0,0
206000258,0,0,0
206000315,0,0,0
206000317,97,14,83
206000318,37,1,36
206000319,174,3,171
206000320,60,4,56
206000321,57,2,55
206000322,70,7,63
206000323,59,2,57
206000324,58,3,55
206000325,45,0,45
206000326,51,6,45
206000327,18,9,9
206000328,162,1,161
206000329,39,1,38
206000330,33,1,32
206000331,54,0,54
206000332,4,1,3
206000333,210,1,209
206000334,79,1,78
206000335,0,0,0
206000361,0,0,0
206000392,0,0,0
206000405,163,0,163
206000441,107,46,61
206000498,24,0,24
206000515,0,0,0
206000530,9,5,4
206000531,35,0,35
206000532,108,3,105
206000535,0,0,0
206000536,0,0,0
206000537,0,0,0
206000613,98,11,87
207000001,0,0,0
207000002,0,0,0
207000003,0,0,0
207000007,284,90,194
207000008,0,0,0
207000009,0,0,0
207000010,7,21,-14
207000012,133,86,47
207000015,6,43,-37
207000019,236,12,224
207000021,450,87,363
207000022,320,54,266
207000023,259,20,239
207000024,4,4,0
207000025,6,26,-20
207000026,0,0,0
207000027,0,0,0
207000028,0,0,0
207000029,0,0,0
207000033,263,265,-2
207000034,53,47,6
207000039,244,32,212
207000040,212,8,204
207000041,65,10,55
207000042,355,57,298
207000043,174,87,87
207000051,0,0,0
207000052,0,0,0
207000053,0,0,0
207000054,0,0,0
207000055,0,0,0
207000056,0,0,0
207000057,0,0,0
207000058,0,0,0
207000059,0,0,0
207000060,0,0,0
207000061,29,361,-332
207000062,233,95,138
207000063,161,108,53
207000064,354,90,264
207000065,328,47,281
207000066,303,54,249
207000067,66,38,28
207000068,159,3,156
207000069,702,113,589
207000082,0,12,-12
207000083,5,22,-17
207000084,110,64,46
207000085,0,0,0
207000086,0,0,0
207000106,29,6,23
207000107,163,9,154
207000108,48,2,46
207000109,47,1,46
207000110,62,12,50
207000111,204,24,180
207000112,115,48,67
207000114,0,0,0
207000115,0,0,0
207000116,0,0,0
207000117,0,0,0
207000118,0,0,0
207000119,0,0,0
207000123,96,3,93
207000124,79,20,59
207000125,37,3,34
207000126,44,15,29
207000134,0,0,0
207000135,0,0,0
207000148,234,85,149
207000149,0,0,0
207000152,0,0,0
207000153,0,0,0
207000154,299,52,247
207000159,0,0,0
207000160,0,0,0
207000238,0,0,0
207000242,0,0,0
207000248,0,0,0
207000249,0,0,0
207000250,0,0,0
207000251,0,0,0
207000252,0,0,0
207000278,83,65,18
207000279,0,0,0
207000280,242,16,226
207000281,43,48,-5
207000282,0,12,-12
207000283,1,17,-16
207000284,0,0,0
207000285,1,10,-9
207000291,0,0,0
207000304,37,37,0
207000306,0,0,0
207000310,139,131,8
207000353,59,0,59
207000356,0,0,0
207000357,0,37,-37
207000358,0,9,-9
207000415,0,0,0
207000417,51,0,51
207000418,13,34,-21
207000438,0,0,0
207000439,612,133,479
207000446,116,2,114
207000460,0,0,0
207000466,0,0,0
207000467,147,9,138
207000468,0,0,0
207000476,0,0,0
207000477,0,0,0
207000478,0,0,0
207000523,0,0,0
207000524,15,0,15
207000527,359,58,301
207000530,318,1,317
207000531,102,1,101
207000532,90,0,90
207000534,245,24,221
207000535,0,0,0
207000537,0,0,0
207000540,0,0,0
207000541,0,0,0
207000548,0,0,0
207000549,122,2,120
207000561,132,21,111
207000562,0,0,0
207000567,0,0,0
207000568,0,0,0
207000569,0,0,0
207000584,0,0,0
207000585,79,74,5
207000616,0,0,0
207000617,127,0,127
207900008,0,0,0
208000001,160,208,-48
208000002,121,121,0
208000003,218,141,77
208000004,297,157,140
208000005,0,0,0
208000019,264,142,122
208000020,333,154,179
208000021,0,0,0
208000022,0,0,0
208000028,0,0,0
208000033,0,0,0
208000034,0,0,0
208000040,77,88,-11
208000041,279,116,163
208000042,304,67,237
208000047,0,0,0
208000064,801,509,292
208000066,349,376,-27
208000070,74,36,38
208000071,142,58,84
208000072,132,99,33
208000080,101,88,13
208000081,80,28,52
208000082,0,0,0
208000083,0,0,0
208000084,1,6,-5
208000085,0,0,0
208000086,0,0,0
208000087,0,0,0
208000089,0,0,0
208000090,0,0,0
208000093,0,0,0
208000094,0,0,0
208000095,0,0,0
208000104,657,129,528
208000105,599,130,469
208000114,159,172,-13
208000115,253,136,117
208000116,231,270,-39
208000117,8,16,-8
208000118,67,13,54
208000155,0,0,0
208000158,0,0,0
208000186,529,392,137
208000204,0,0,0
208000205,0,0,0
208000282,0,0,0
209000004,19,23,-4
209000005,5,5,0
209000006,195,21,174
209000007,0,0,0
209000010,0,0,0
209000011,0,0,0
209000012,0,0,0
209000013,0,0,0
209000014,0,0,0
209000025,81,25,56
209000026,268,16,252
209000027,0,0,0
209000028,0,0,0
209000029,0,0,0
209000030,0,0,0
209000031,0,0,0
209000034,0,0,0
209000035,0,0,0
209000036,0,0,0
209000037,1,0,1
209000038,0,0,0
209000039,0,0,0
209000040,0,0,0
209000041,0,0,0
209000042,0,0,0
209000043,0,0,0
209000044,0,0,0
209000045,222,14,208
209000046,131,20,111
209000047,301,14,287
209000048,392,59,333
209000049,0,0,0
209000050,0,0,0
209000051,0,0,0
209000052,0,0,0
209000062,0,0,0
209000063,0,0,0
209000064,0,0,0
209000065,4,0,4
209000066,1,4,-3
209000067,9,0,9
209000080,0,0,0
209000082,1,0,1
209000091,0,0,0
209000093,0,0,0
209000094,0,0,0
209000110,16,18,-2
209000111,173,93,80
209000112,165,74,91
209000113,174,54,120
209000114,35,18,17
209000115,0,0,0
209000116,0,0,0
209000118,1,4,-3
209000119,0,0,0
209000121,0,0,0
209000135,4,12,-8
209000142,151,19,132
209000143,0,0,0
209000144,0,0,0
209000229,128,7,121
209000240,0,0,0
209000259,0,0,0
209000260,0,0,0
209000261,0,0,0
209000262,0,0,0
209000263,0,0,0
209000264,0,0,0
209000265,52,0,52
209000266,19,1,18
209000267,261,1,260
209000268,706,4,702
210000037,39,0,39
210000047,71,1,70
210000048,22,2,20
210000049,6,0,6
210000052,0,0,0
210000053,0,0,0
210000054,0,0,0
210000070,36,1,35
210000071,51,0,51
210000072,20,0,20
210000073,0,0,0
210000074,0,0,0
210000075,0,0,0
210000076,0,0,0
210000077,0,0,0
210000078,0,0,0
210000079,16,8,8
210000080,80,13,67
210000081,45,1,44
210000082,2,0,2
210000083,38,0,38
210000084,54,0,54
210000085,0,0,0
210000086,0,0,0
210000099,0,0,0
210000100,0,0,0
210000101,0,0,0
210000105,0,0,0
210000159,0,0,0
210000163,0,0,0
210000164,92,23,69
210000168,47,2,45
210000187,0,0,0
210000188,0,0,0
210000214,21,0,21
210000219,25,8,17
210000220,9,0,9
210000232,0,0,0
210000233,0,0,0
210000234,0,0,0
210000235,0,0,0
210000245,0,0,0
210000246,17,0,17
210000258,0,0,0
210000259,137,5,132
210000282,0,0,0
210000285,0,0,0
210000286,0,0,0
210000290,0,1,-1
210000295,0,0,0
210000296,0,0,0
210000320,72,0,72
210000321,34,0,34
210000338,0,0,0
210000339,0,0,0
210000340,0,0,0
210000341,0,0,0
210000342,0,0,0
210000343,0,0,0
210000344,0,0,0
210000345,0,0,0
210000346,0,0,0
210000347,0,0,0
210000348,0,0,0
210000349,0,0,0
210000350,0,0,0
210000351,0,0,0
210000352,10,6,4
210000353,29,4,25
210000354,11,20,-9
210000355,6,12,-6
210000356,0,9,-9
210000357,24,26,-2
210000358,10,13,-3
210000359,46,23,23
210000360,109,49,60
210000361,95,57,38
210000362,109,70,39
210000363,242,91,151
210000364,107,42,65
210000365,88,1,87
210000366,89,7,82
210000367,82,0,82
210000368,79,3,76
210000369,8,14,-6
210000370,25,4,21
210000372,1,17,-16
210000373,0,4,-4
210000374,106,7,99
210000375,4,1,3
210000376,27,38,-11
210000404,0,0,0
210000439,25,0,25
210000472,7,0,7
210000482,37,32,5
210000564,281,55,226
210000567,0,0,0
210000568,30,0,30
211000092,0,0,0
211000094,0,0,0
211000169,0,0,0
211000172,0,0,0
211000209,0,0,0
211000226,2,0,2
211000270,0,0,0
211000275,0,0,0
211000276,0,0,0
211000279,0,0,0
211000281,0,0,0
211507980,0,0,0
211977296,0,0,0
212000003,118,28,90
212000004,0,0,0
212000005,0,0,0
212000006,0,0,0
212000008,0,0,0
212000009,0,0,0
212000012,0,0,0
212000013,0,0,0
212000014,0,0,0
212000015,0,0,0
212000016,0,0,0
212000027,464,59,405
212000028,243,177,66
212000029,201,193,8
212000030,2,20,-18
212000031,15,6,9
212000048,0,0,0
212000049,0,0,0
212000050,0,0,0
212000051,0,0,0
212000052,0,0,0
212000053,0,0,0
212000054,238,8,230
212000055,167,39,128
212000056,25,24,1
212000057,0,21,-21
212000058,21,7,14
212000070,0,0,0
212000077,0,0,0
212000099,126,22,104
212000108,103,17,86
212000111,44,8,36
212000120,0,0,0
212000138,0,0,0
212000156,0,0,0
212000158,2,41,-39
212000159,338,36,302
212000160,270,22,248
212000161,4,5,-1
212000310,0,0,0
212000311,3,34,-31
212000374,0,0,0
213000001,0,0,0
213000005,197,14,183
213000006,183,34,149
213000007,6,0,6
213000009,283,40,243
213000010,281,20,261
213000011,138,5,133
213000012,0,0,0
213000014,27,47,-20
213000015,188,2,186
213000016,129,0,129
213000017,6,0,6
213000018,0,0,0
213000019,0,0,0
213000020,0,0,0
213000021,0,0,0
213000023,1086,33,1053
213000033,0,0,0
213000034,450,52,398
213000035,259,15,244
213000045,0,0,0
213000046,0,0,0
213000047,0,0,0
213000056,240,3,237
213000069,6,0,6
213000073,0,0,0
213000074,0,0,0
213000075,383,1,382
213000076,1,0,1
213000085,0,0,0
213000086,0,0,0
213000091,338,1,337
213000092,39,1,38
213000099,0,0,0
213000100,524,115,409
213000101,412,14,398
213000102,391,6,385
213000103,373,13,360
213000104,0,0,0
213000105,0,0,0
213000106,0,0,0
213000107,0,0,0
213000108,0,0,0
213000109,0,0,0
213000110,0,0,0
213000111,0,0,0
213000112,0,0,0
213000115,31,0,31
213000116,0,0,0
213000117,0,0,0
213000118,88,195,-107
213000119,0,0,0
213000120,0,0,0
213000122,0,0,0
213000123,0,0,0
213000124,0,0,0
213000125,136,117,19
213000126,0,0,0
213000127,0,0,0
213000128,0,0,0
213000129,343,101,242
213000130,353,79,274
213000132,287,38,249
213000133,442,98,344
213000134,401,2,399
213000136,214,4,210
213000137,493,9,484
213000139,84,2,82
213000147,5,0,5
213000148,1,0,1
213000149,2,0,2
213000150,0,0,0
213000151,0,0,0
213000152,0,0,0
213000153,0,0,0
213000154,0,0,0
213000155,0,0,0
213000156,0,0,0
213000157,0,0,0
213000158,0,0,0
213000159,542,43,499
213000163,285,115,170
213000165,550,122,428
213000171,0,0,0
213000172,0,0,0
213000173,0,0,0
213000174,0,0,0
213000175,0,0,0
213000176,367,59,308
213000177,186,2,184
213000178,407,15,392
213000179,80,5,75
213000180,245,1,244
213000184,0,0,0
213000188,118,8,110
213000189,170,8,162
213000190,228,12,216
213000191,121,0,121
213000192,104,0,104
213000193,0,0,0
213000194,0,0,0
213000195,0,0,0
213000196,0,0,0
213000197,477,50,427
213000198,13,0,13
213000200,0,0,0
213000201,0,0,0
213000202,0,0,0
213000203,839,117,722
213000204,732,43,689
213000205,464,11,453
213000206,548,12,536
213000207,1,10,-9
213000208,0,0,0
213000209,0,0,0
213000210,48,0,48
213000211,0,0,0
213000212,0,0,0
213000213,0,0,0
213000218,44,232,-188
213000219,239,16,223
213000220,255,35,220
213000223,10,40,-30
213000224,3,28,-25
213000225,30,1,29
213000226,50,2,48
213000227,552,24,528
213000228,307,7,300
213000229,19,2,17
213000230,110,0,110
213000232,0,0,0
213000233,0,0,0
213000234,0,0,0
213000293,0,0,0
213000294,22,0,22
213000295,0,0,0
213000296,15,2,13
213000297,0,0,0
213000298,0,0,0
213000299,5,0,5
213000300,0,11,-11
213000303,0,0,0
213000304,0,0,0
213000305,0,3,-3
213000306,0,0,0
213000307,6,6,0
213000308,0,0,0
213000309,113,2,111
213000310,53,21,32
213000311,0,0,0
213000315,0,0,0
213000316,45,3,42
213000322,0,0,0
213000323,0,0,0
213000324,0,0,0
213000325,0,0,0
213000326,0,0,0
213000327,0,0,0
213000328,0,0,0
213000329,0,0,0
213000340,0,0,0
213000341,249,21,228
213000347,130,13,117
213000348,0,0,0
213000349,0,0,0
213000350,0,0,0
213000366,0,0,0
213000367,126,3,123
213000379,0,0,0
213000386,0,0,0
213000406,0,0,0
213000417,532,155,377
213000425,0,0,0
213000426,0,0,0
213000427,0,0,0
213000428,0,0,0
213000429,0,0,0
213000430,0,0,0
213000431,0,0,0
213000432,0,0,0
213000433,0,0,0
213000434,0,0,0
213000435,0,0,0
213000436,0,0,0
213000437,0,0,0
213000438,0,0,0
213000439,0,0,0
213000440,0,0,0
213000441,0,0,0
213000442,0,0,0
213000443,0,0,0
213000444,0,0,0
213000445,0,0,0
213000446,0,0,0
213000447,0,0,0
213000448,0,0,0
213000449,0,0,0
213000450,0,0,0
213000451,0,0,0
213000452,0,0,0
213000453,0,0,0
213000455,39,1,38
213000456,0,0,0
213000481,3,0,3
213000484,2,0,2
213000489,30,2,28
213900002,0,0,0
213900003,137,52,85
213900013,0,0,0
213900015,0,0,0
213900016,104,1,103
213900020,0,0,0
213900030,0,0,0
213900032,25,2,23
213900033,43,4,39
213900034,285,13,272
213900035,0,0,0
213900036,0,0,0
213900037,0,0,0
213900038,585,69,516
213900039,0,0,0
213900041,0,0,0
213900042,2,29,-27
213900043,217,9,208
213900244,82,0,82
213900245,0,0,0
218000003,0,0,0
218000004,0,0,0
218000005,4,23,-19
218000006,0,0,0
218000007,0,0,0
218000012,0,0,0
218000013,24,87,-63
218000014,61,76,-15
218000019,0,0,0
218000020,0,0,0
218000021,0,0,0
218000022,0,0,0
218000023,0,0,0
218000024,0,0,0
218000025,0,0,0
218000026,0,0,0
218000027,0,0,0
218000028,0,0,0
218000029,0,0,0
218000030,0,0,0
218000031,0,0,0
218000032,0,0,0
218000040,0,0,0
218000046,0,0,0
218000047,0,0,0
218000048,0,0,0
218000049,0,0,0
218000050,0,0,0
218000051,0,0,0
218000052,0,0,0
218000053,0,0,0
218000054,0,0,0
218000055,0,0,0
218000056,0,0,0
218000057,0,0,0
218000064,0,0,0
218000065,73,0,73
218000066,44,4,40
218000067,0,0,0
218000068,0,0,0
218000069,0,0,0
218000070,0,0,0
218000071,0,0,0
218000072,0,0,0
218000078,0,0,0
218000079,0,0,0
218000080,0,0,0
218000081,0,0,0
218000082,0,0,0
218000083,0,0,0
218000084,0,0,0
218000085,0,0,0
218000086,0,0,0
218000087,0,0,0
218000090,0,0,0
218000091,161,87,74
218000092,0,0,0
218000093,14,0,14
218000094,0,0,0
218000099,56,80,-24
218000100,35,39,-4
218000101,7,23,-16
218000102,142,6,136
218000103,17,8,9
218000104,17,2,15
218000105,0,0,0
218000106,0,0,0
218000107,0,0,0
218000108,0,0,0
218000112,0,0,0
218000117,78,8,70
218000134,0,0,0
218000135,0,0,0
218000136,0,0,0
218000137,0,0,0
218000138,0,0,0
218000139,0,0,0
218000140,0,0,0
218000141,0,0,0
218000142,0,0,0
218000143,0,0,0
218000144,0,0,0
218000145,0,0,0
218000146,0,0,0
218000151,1,15,-14
218000152,46,4,42
218000153,0,0,0
218000154,0,0,0
218000155,0,0,0
218000156,0,0,0
218000157,0,0,0
218000158,0,0,0
218000159,0,0,0
218000160,0,0,0
218000161,0,0,0
218000162,0,0,0
218000163,0,0,0
218000164,0,0,0
218000165,0,0,0
218000170,0,0,0
218000171,53,8,45
218000172,0,11,-11
218000173,6,0,6
218000174,16,1,15
218000176,217,19,198
218000177,452,57,395
218000178,157,39,118
218000179,483,36,447
218000180,64,1,63
218000181,232,27,205
218000187,0,0,0
218000188,0,0,0
218000189,0,0,0
218000190,0,0,0
218000191,0,0,0
218000192,0,0,0
218000193,0,0,0
218000194,0,0,0
218000195,0,0,0
218000196,0,0,0
218000197,0,0,0
218000198,0,1,-1
218000199,0,0,0
218000200,0,1,-1
218000201,2,0,2
218000202,0,0,0
218000207,0,0,0
218000208,0,0,0
218000211,0,0,0
218000212,0,0,0
218000213,0,0,0
218000214,0,0,0
218000215,0,0,0
218000217,0,0,0
218000218,0,0,0
218000219,0,0,0
218000220,34,0,34
218000221,252,179,73
218000222,4,31,-27
218000223,58,248,-190
218000224,23,133,-110
218000225,182,48,134
218000226,150,17,133
218000230,0,0,0
218000232,0,0,0
218000239,30,0,30
218000240,1,0,1
218000241,0,0,0
218000242,0,0,0
218000243,0,0,0
218000244,1,0,1
218000245,0,0,0
218000246,0,0,0
218000247,0,0,0
218000248,0,0,0
218000249,0,0,0
218000250,0,0,0
218000251,0,0,0
218000252,0,0,0
218000253,0,0,0
218000254,0,0,0
218000255,0,0,0
218000256,0,0,0
218000267,0,0,0
218000268,0,0,0
218000269,0,0,0
218000270,0,0,0
218000271,0,0,0
218000273,34,19,15
218000274,32,5,27
218000275,0,0,0
218000276,0,0,0
218000278,0,0,0
218000279,0,0,0
218000280,0,0,0
218000281,0,0,0
218000282,45,17,28
218000284,117,76,41
218000301,0,0,0
218000302,0,0,0
218000303,0,0,0
218000316,22,58,-36
218000317,24,6,18
218000318,6,2,4
218000319,0,0,0
218000320,0,0,0
218000338,0,0,0
218000345,0,0,0
218000346,23,41,-18
218000459,0,0,0
218000490,0,0,0
218000501,3,0,3
218000502,0,0,0
218000503,20,1,19
218000504,44,2,42
218000505,0,0,0
218000506,0,0,0
218000508,0,0,0
218000510,75,7,68
218000520,0,0,0
218000521,0,0,0
218000522,0,0,0
218000523,44,0,44
218000524,0,0,0
218000525,5,0,5
218000526,0,0,0
218000529,0,0,0
218000530,0,0,0
218000531,66,1,65
218000532,0,0,0
218000534,8,2,6
218000537,1,15,-14
218000538,0,0,0
218000540,0,0,0
218000543,0,0,0
218000544,0,0,0
218000545,0,0,0
218000546,0,0,0
218000547,0,0,0
218000548,0,0,0
218000549,225,5,220
218000550,0,0,0
218000551,0,0,0
218000552,87,1,86
218000553,0,0,0
218000554,0,0,0
218000555,1,2,-1
218000556,0,0,0
218000557,31,15,16
218000558,23,1,22
218000559,0,0,0
218000560,0,0,0
218000561,4,0,4
218000562,0,0,0
218000563,125,0,125
218000564,0,0,0
218000565,10,1,9
218000566,26,4,22
218000567,0,0,0
218000568,1,0,1
218000569,0,0,0
218000570,2,0,2
218000571,0,0,0
218000572,2,0,2
218000573,0,0,0
218000574,7,2,5
218000575,44,0,44
218000576,0,0,0
218000577,32,0,32
218000578,0,0,0
218000579,0,0,0
218000581,0,0,0
218000582,0,0,0
218000583,0,0,0
218000584,0,0,0
218000585,0,0,0
218000586,0,0,0
218000587,0,0,0
218000588,0,0,0
218000589,0,0,0
218000590,0,0,0
218000591,0,0,0
218000592,0,0,0
218000593,0,0,0
218000594,0,0,0
218000595,0,0,0
218000596,0,0,0
218000597,0,0,0
218000598,0,0,0
218000599,0,0,0
218000600,0,0,0
218000601,0,0,0
218000602,0,0,0
218000603,0,0,0
218000604,0,0,0
218000605,0,0,0
218000606,1,0,1
218000607,0,0,0
218000608,0,0,0
218000609,0,0,0
218000610,0,0,0
218000611,0,0,0
218000612,0,0,0
218000613,0,0,0
218000614,0,0,0
218000615,0,0,0
218000616,0,0,0
218000617,0,0,0
218000618,0,0,0
218000619,5,6,-1
218000620,0,0,0
218000621,0,8,-8
218000622,0,0,0
218000623,3,0,3
218000624,0,0,0
218000625,2,1,1
218000626,0,0,0
218000628,44,30,14
218000631,1,3,-2
218000632,0,0,0
218000633,3,1,2
218000634,0,0,0
218000635,0,1,-1
218000636,0,0,0
218000637,0,0,0
218000638,302,62,240
218000639,0,0,0
218000640,135,6,129
218000641,0,0,0
218000652,0,0,0
218000653,309,55,254
218000663,0,0,0
218000675,1,5,-4
218000676,0,0,0
218000677,0,0,0
218000680,0,0,0
218000681,57,17,40
218000691,0,0,0
218000693,111,31,80
218000703,0,0,0
218000718,0,0,0
218000719,35,19,16
218000720,0,0,0
218000721,4,1,3
218000725,0,0,0
218001214,0,0,0
218001329,31,22,9
218001330,0,0,0
218001351,0,4,-4
218001352,0,0,0
218001353,0,1,-1
218001354,0,0,0
219000001,0,0,0
219000002,0,0,0
219000003,69,9,60
219000004,22,31,-9
219000017,0,0,0
219000020,59,3,56
219000022,64,0,64
219000023,31,0,31
219000029,0,0,0
219000034,6,15,-9
219000039,0,0,0
219000040,0,0,0
219000041,0,0,0
219000051,0,0,0
219000052,0,0,0
219000053,0,0,0
219000054,0,0,0
219000055,0,0,0
219000056,0,0,0
219000057,0,0,0
219000062,0,0,0
219000063,0,0,0
219000064,0,0,0
219000110,51,16,35
219000111,69,1,68
219000112,73,2,71
219000113,43,2,41
219000114,72,0,72
219000116,0,0,0
219000117,1,0,1
219000118,15,1,14
219000123,86,0,86
219000124,5,0,5
219000125,0,0,0
219000126,0,0,0
219000127,0,0,0
219000128,0,0,0
219000129,0,0,0
219000130,0,0,0
219000131,226,206,20
219000133,0,2,-2
219000134,3,8,-5
219000135,6,4,2
219000136,41,18,23
219000138,2,0,2
219000139,0,0,0
219000140,7,0,7
219000141,0,0,0
219000142,0,0,0
219000143,0,0,0
219000145,25,2,23
219000146,0,0,0
219000147,0,0,0
219000148,0,0,0
219000149,0,0,0
219000150,0,0,0
219000151,0,0,0
219000157,32,17,15
219000158,0,1,-1
219000161,0,0,0
219000163,33,10,23
219000166,0,21,-21
219000167,0,0,0
219000168,29,8,21
219000174,25,3,22
219000175,0,0,0
219000176,0,0,0
219000177,0,0,0
219000178,0,0,0
219000179,0,0,0
219000180,0,0,0
219000182,63,8,55
219000183,34,4,30
219000184,0,2,-2
219000185,0,0,0
219000186,21,10,11
219000187,28,2,26
219000189,0,0,0
219000190,0,0,0
219000191,0,0,0
219000192,43,18,25
219000193,0,0,0
219000195,0,0,0
219000196,0,0,0
219000198,0,0,0
219000199,0,0,0
219000200,0,0,0
219000201,0,0,0
219000203,0,0,0
219000204,0,0,0
219000205,0,0,0
219000207,0,0,0
219000209,0,0,0
219000210,0,0,0
219000213,0,0,0
219000239,0,0,0
219000240,0,0,0
219000241,0,0,0
219000242,0,0,0
219000243,0,0,0
219000244,0,0,0
219000245,0,0,0
219000246,5,10,-5
219000247,97,12,85
219000248,143,117,26
219000249,45,17,28
219000250,6,19,-13
219000251,91,65,26
219000252,108,85,23
219000253,69,14,55
219000255,4,20,-16
219000256,28,1,27
219000257,58,0,58
219000262,0,0,0
219000263,0,0,0
219000267,0,0,0
219000268,0,0,0
219000269,0,0,0
219000270,0,0,0
219000271,0,0,0
219000278,0,0,0
219000279,0,0,0
219000283,0,0,0
219000295,0,0,0
219000296,0,0,0
219000297,0,0,0
219000298,0,0,0
219000299,117,7,110
219000300,0,0,0
219000301,0,0,0
219000302,0,0,0
219000307,0,0,0
219000308,0,0,0
219000311,65,7,58
219000312,54,3,51
219000313,81,3,78
219000314,0,0,0
219000315,149,6,143
219000316,156,0,156
219000317,40,2,38
219000320,0,0,0
219000321,0,0,0
219000323,0,0,0
219000325,0,0,0
219000326,0,0,0
219000327,0,0,0
219000328,0,0,0
219000329,0,0,0
219000330,0,0,0
219000331,0,0,0
219000332,23,1,22
219000333,0,0,0
219000335,0,0,0
219000337,6,0,6
219000338,29,0,29
219000344,0,0,0
219000345,0,0,0
219000346,0,0,0
219000348,0,0,0
219000349,0,0,0
219000350,0,0,0
219000351,0,0,0
219000352,25,36,-11
219000353,4,7,-3
219000354,8,5,3
219000355,51,16,35
219000356,52,79,-27
219000363,66,1,65
219000364,111,1,110
219000365,42,2,40
219000366,83,3,80
219000368,42,24,18
219000370,59,54,5
219000371,0,0,0
219000382,0,0,0
219000383,0,0,0
219000385,0,0,0
219000386,0,0,0
219000387,0,0,0
219000390,0,0,0
219000391,0,0,0
219000397,0,0,0
219000398,0,0,0
219000401,0,0,0
219000402,0,0,0
219000403,0,0,0
219000404,0,0,0
219000407,0,0,0
219000409,7,40,-33
219000410,86,3,83
219000411,30,2,28
219000446,0,0,0
219000447,0,0,0
219000448,19,0,19
219000452,0,0,0
219000453,0,0,0
219000454,11,15,-4
219000556,44,17,27
219000558,0,0,0
219000590,0,0,0
219000591,20,20,0
219000592,0,0,0
219000595,0,0,0
219000635,67,1,66
219000636,0,0,0
219000657,0,1,-1
219000658,0,0,0
219000673,0,0,0
219000676,1,0,1
219000679,8,0,8
219000684,0,0,0
219000685,0,0,0
219000686,0,0,0
219000688,0,0,0
219000689,0,0,0
219000690,291,6,285
219000691,0,0,0
219000692,47,3,44
219000693,0,0,0
219000694,0,0,0
219000695,0,0,0
219000698,25,0,25
219000699,0,0,0
219000727,0,0,0
219000728,0,0,0
219000770,4,0,4
219000771,0,0,0
219001150,0,0,0
219001151,0,0,0
219001166,6,0,6
219001167,0,0,0
220000001,0,10,-10
220000002,0,0,0
220000003,0,0,0
220000004,0,0,0
220000005,0,0,0
220000006,0,0,0
220000007,0,0,0
220000008,0,0,0
220000009,0,0,0
220000010,1,0,1
220000011,7,6,1
220000012,0,0,0
220000014,0,0,0
220000015,0,0,0
220000017,0,0,0
220000018,0,0,0
220000019,0,0,0
220000020,6,2,4
220000021,0,0,0
220000022,0,0,0
220000023,0,1,-1
220000024,8,2,6
220000025,3,15,-12
220000026,16,19,-3
220000027,1,0,1
220000028,0,9,-9
220000029,0,0,0
220000030,0,0,0
220000031,38,44,-6
220000064,0,0,0
221000046,17,1,16
221000047,0,0,0
221000048,0,0,0
221000049,0,0,0
221000050,25,0,25
221000055,37,0,37
221000057,129,23,106
221000068,338,17,321
221000069,202,20,182
221000070,108,19,89
221000071,88,3,85
221000072,165,2,163
221000073,93,11,82
221000074,0,0,0
221000075,0,0,0
221000076,0,0,0
221000077,0,0,0
221000081,20,2,18
221000082,21,0,21
221000083,32,1,31
221000084,23,0,23
221000085,2,0,2
221000086,0,0,0
221000087,0,0,0
221000088,0,0,0
221000089,0,0,0
221000090,0,0,0
221000098,91,9,82
221000099,123,1,122
221000100,94,1,93
221000101,125,3,122
221000102,85,0,85
221000109,0,0,0
221000110,0,0,0
221000111,0,0,0
221000112,0,0,0
221000113,0,0,0
221000114,0,0,0
221000120,0,0,0
221000121,0,22,-22
221000122,0,9,-9
221000123,0,0,0
221000124,0,0,0
221000155,57,25,32
221000156,1,4,-3
221000175,0,1,-1
221000176,0,0,0
221000182,11,0,11
221000241,951,81,870
221000242,0,0,0
221000243,327,40,287
221000244,0,0,0
221000245,212,23,189
221000246,0,0,0
221000247,278,49,229
221000248,0,0,0
221000267,0,0,0
221000325,0,0,0
221000331,0,0,0
221000338,2,10,-8
221000378,128,22,106
221000381,0,0,0
222000282,0,0,0
222000296,0,0,0
222000568,87,1,86
222000569,59,33,26
222000570,59,5,54
222000571,185,4,181
222000577,0,0,0
222000578,0,0,0
222000579,0,0,0
222000580,0,0,0
222000599,0,0,0
222000600,0,0,0
222000601,0,0,0
222000603,0,0,0
222000604,0,0,0
222000605,0,0,0
222000606,0,0,0
222000607,0,0,0
222000608,0,0,0
222000609,0,0,0
222000616,67,2,65
222000617,1,1,0
222000618,2,0,2
222000620,0,1,-1
222000621,22,4,18
222000623,260,1,259
222000624,261,1,260
222000625,206,0,206
222000636,15,0,15
222000686,1,1,0
222000687,1,2,-1
222001066,180,0,180
222001067,45,0,45
222001068,91,0,91
222001069,16,1,15
222001082,0,0,0
222001083,0,0,0
222001084,0,0,0
222001085,0,0,0
222001111,0,0,0
222001112,106,16,90
222001313,0,0,0
222001314,0,0,0
222001464,2,0,2
222001465,0,0,0
222001484,27,0,27
222001485,0,0,0
222001494,85,2,83
222001495,0,0,0
222001496,89,5,84
222001497,0,0,0
222001502,0,0,0
222001503,52,3,49
222001504,0,0,0
222001505,187,0,187
222001506,0,0,0
222001507,125,1,124
222001510,214,17,197
222001511,0,0,0
222001514,279,18,261
222001515,0,0,0
222001518,89,1,88
222001519,0,0,0
222001527,38,3,35
222001528,0,0,0
222001529,103,0,103
222001530,0,0,0
222001533,0,0,0
222001534,450,27,423
222001535,52,17,35
222001536,0,0,0
222001537,43,3,40
222001538,0,0,0
222001563,266,16,250
222001564,0,0,0
222001568,33,7,26
222001576,0,0,0
222001579,0,0,0
222001583,0,0,0
222001584,31,1,30
222001596,0,0,0
222001597,199,45,154
222001626,0,0,0
222001650,0,6,-6
222001651,1,0,1
222001914,25,5,20
222001915,0,0,0
222900004,64,25,39
222900009,0,0,0
222900019,26,0,26
222900024,0,0,0
222900025,0,0,0
225000001,112,23,89
225000002,212,37,175
225000003,108,8,100
225000004,172,36,136
225000005,61,4,57
225000006,0,0,0
225000007,0,0,0
225000010,18,0,18
225000011,84,194,-110
225000012,64,130,-66
225000013,60,17,43
225000014,79,16,63
225000015,0,0,0
225000021,152,9,143
225000027,0,0,0
225000032,195,63,132
225000042,0,0,0
225000049,0,0,0
225000050,10,1,9
225000053,0,0,0
225000058,159,38,121
225000067,0,0,0
225000068,0,0,0
225000069,0,0,0
225000070,0,0,0
225000071,0,0,0
225000075,0,0,0
225000076,0,0,0
225000078,7,9,-2
225000085,22,24,-2
225000086,13,0,13
225000087,60,2,58
225000088,0,0,0
225000089,0,0,0
225000090,0,0,0
225000091,0,0,0
225000092,0,0,0
225000093,0,0,0
225000094,0,0,0
225000095,0,0,0
225000096,0,0,0
225000098,292,98,194
225000099,203,25,178
225000100,69,28,41
225000104,0,0,0
225000110,0,0,0
225000111,0,0,0
225000112,0,0,0
225000113,0,0,0
225000114,0,0,0
225000115,0,0,0
225000116,156,40,116
225000117,374,67,307
225000118,419,99,320
225000119,66,15,51
225000120,168,4,164
225000121,131,13,118
225000123,732,8,724
225000125,134,35,99
225000126,177,46,131
225000127,427,122,305
225000128,291,189,102
225000132,0,0,0
225000133,0,0,0
225000134,52,79,-27
225000135,20,1,19
225000136,36,0,36
225000137,42,0,42
225000138,289,0,289
225000143,0,0,0
225000144,0,0,0
225000145,77,19,58
225000146,0,0,0
225000147,0,0,0
225000148,0,0,0
225000149,0,0,0
225000151,0,0,0
225000155,0,0,0
225000156,0,0,0
225000157,0,0,0
225000158,0,0,0
225000171,0,0,0
225000180,7,0,7
225000181,0,0,0
225000182,15,2,13
225000185,0,0,0
225000187,0,0,0
225000191,33,0,33
225000194,0,0,0
225000208,0,0,0
225000209,52,11,41
225000210,0,0,0
225000217,0,0,0
225000218,36,0,36
225000223,0,0,0
225000224,3,0,3
225000225,0,0,0
225000226,252,19,233
225000227,0,0,0
225000228,5,2,3
225000229,0,0,0
225000230,4,0,4
225000231,0,0,0
225000232,51,0,51
225000241,157,1,156
225000242,0,0,0
225000249,30,0,30
225000250,0,0,0
225000251,0,0,0
225000254,0,0,0
225000256,0,0,0
225000257,0,0,0
226000042,0,0,0
226000043,0,0,0
226000044,0,0,0
226000045,0,0,0
226000046,89,28,61
226000047,93,2,91
226000048,138,2,136
226000049,90,36,54
226000070,0,0,0
226000071,0,0,0
226000072,0,0,0
226000073,0,0,0
226000074,0,0,0
226000084,0,0,0
226000085,0,0,0
226000086,0,0,0
226000087,0,0,0
226000088,0,0,0
226000090,0,45,-45
226000091,0,0,0
226000092,0,1,-1
226000093,1,0,1
226000094,1,1,0
226000095,2,5,-3
226000105,0,0,0
226000106,2,0,2
226000107,1,0,1
226000108,0,0,0
226000109,11,0,11
226000124,62,35,27
226000134,107,54,53
226000135,135,16,119
226000136,12,37,-25
226000137,0,0,0
226000138,0,0,0
226000139,0,0,0
226000156,61,0,61
226000157,116,0,116
226000163,0,0,0
226000202,0,0,0
226000231,134,0,134
226000232,3,0,3
227000033,116,8,108
227000036,169,1,168
227000037,91,0,91
227000038,47,0,47
227000084,0,0,0
227000085,0,0,0
227000088,12,0,12
227000089,3,0,3
227000090,2,0,2
227000091,10,0,10
227000092,10,0,10
227000093,1,0,1
227000094,2,0,2
227000130,0,0,0
227000131,0,0,0
227000132,0,0,0
227000133,0,0,0
227000134,0,0,0
227000152,0,0,0
227000153,0,0,0
227000154,0,0,0
227000155,0,0,0
227000156,0,0,0
227000165,0,0,0
227000196,74,0,74
227000199,134,2,132
227000230,0,0,0
227000232,68,3,65
227000242,0,0,0
227000243,121,7,114
227000245,0,0,0
227000246,0,0,0
227000247,165,1,164
227000248,14,1,13
227000249,0,0,0
227000250,16,76,-60
227000251,0,0,0
227000252,0,0,0
227000253,77,2,75
227000262,202,4,198
227000266,212,0,212
227000267,0,0,0
227000282,0,0,0
227000284,178,7,171
227000286,0,0,0
227000291,0,0,0
227000296,18,2,16
227000484,180,4,176
227000485,0,0,0
227000655,49,0,49
227000656,85,3,82
227000657,11,0,11
227000704,21,4,17
229000265,2,1,1
229000266,0,0,0
229000267,21,1,20
229000268,2,1,1
229000269,1,0,1
229000274,0,0,0
229000275,0,0,0
229000276,0,0,0
229000277,0,0,0
229000278,0,0,0
229000295,0,0,0
229000296,0,0,0
229000297,0,0,0
229000298,0,0,0
229000320,5,0,5
229000321,1,0,1
229000412,0,0,0
229000414,0,0,0
229000415,3,0,3
229000416,0,0,0
229000417,0,0,0
229000419,0,0,0
229000440,65,7,58
229000442,8,0,8
229000443,0,0,0
229000444,0,0,0
229000445,12,4,8
229000446,27,1,26
229000491,0,0,0
229000492,0,0,0
229000493,0,0,0
229000494,0,0,0
229000495,0,0,0
229000496,0,0,0
229000507,0,0,0
229000508,0,0,0
229000509,0,0,0
229000510,0,0,0
229000511,0,0,0
229000512,0,0,0
229000513,0,0,0
229000514,0,0,0
229000517,0,0,0
229000518,0,0,0
229000519,0,0,0
229000520,0,0,0
229000521,0,0,0
229000522,0,0,0
229000523,0,0,0
229000524,0,0,0
229000527,0,0,0
229000528,0,0,0
229000529,0,0,0
229000530,0,0,0
229000531,0,1,-1
229000532,0,0,0
229000533,12,0,12
229000534,7,1,6
229000564,62,6,56
229000565,27,0,27
229000566,0,0,0
229000567,0,0,0
229000582,60,3,57
229000583,2,15,-13
229000584,0,0,0
229000585,0,0,0
229000718,0,0,0
229000719,0,0,0
229000720,0,0,0
229000721,0,0,0
229000722,0,0,0
229000723,0,0,0
229000724,0,0,0
229000725,0,0,0
229000738,0,0,0
229000739,0,0,0
229000740,1,0,1
229000741,40,0,40
229000742,33,0,33
229000743,12,0,12
229000744,0,0,0
229000745,0,0,0
229000746,26,0,26
229000847,0,0,0
229000848,0,0,0
229000849,0,0,0
229000851,0,0,0
229000854,0,0,0
229000856,0,0,0
229000857,0,0,0
229000858,0,0,0
229000919,0,1,-1
229000930,0,0,0
229000937,69,1,68
229000966,28,0,28
229000981,0,0,0
229000985,0,0,0
229000986,0,0,0
229000987,0,0,0
229000988,0,0,0
229000989,0,1,-1
229000990,0,0,0
229000991,0,0,0
229000992,19,0,19
229000993,37,19,18
229000998,0,0,0
229000999,6,7,-1
229001034,0,0,0
229001035,0,1,-1
229001036,0,0,0
229001037,15,8,7
229001038,0,0,0
229001039,0,0,0
229001040,0,0,0
229001041,65,0,65
229001042,0,7,-7
229001047,0,0,0
229001050,20,2,18
229001168,0,0,0
229001200,0,0,0
229001338,0,0,0
229001394,119,0,119
229001422,37,10,27
229001423,0,0,0
229001431,30,22,8
229001432,1,0,1
229001444,71,4,67
229001445,0,0,0
229001479,0,0,0
229001503,77,4,73
229001504,0,0,0
229001505,102,3,99
229001506,0,0,0
229001509,6,2,4
229001510,0,0,0
229001545,60,0,60
229001546,0,1,-1
229001553,58,1,57
229001554,0,0,0
229001630,34,3,31
229001631,0,0,0
229001635,0,0,0
229001636,0,0,0
229001658,0,0,0
229001659,79,0,79
229001660,0,1,-1
229001661,0,0,0
229001662,8,0,8
229001663,0,0,0
229002584,32,13,19
229002831,0,0,0
229002841,0,0,0
229002842,0,2,-2
229002843,3,0,3
229002844,0,0,0
229002845,0,0,0
229002846,0,0,0
229002847,0,0,0
229002848,0,0,0
229002849,0,0,0
229002850,24,0,24
229002851,0,0,0
229002852,26,6,20
229002853,12,0,12
229002854,0,0,0
229002855,0,0,0
229002856,1,0,1
229002857,0,0,0
229002858,0,0,0
229002859,0,0,0
229002860,3,0,3
229002861,6,3,3
229002862,0,0,0
229002863,0,0,0
229002864,4,4,0
229002865,0,0,0
229002866,0,1,-1
229002867,0,0,0
229002868,3,0,3
229002869,0,0,0
229002870,4,1,3
235000066,268,1,267
235000067,155,3,152
235000072,0,0,0
235000073,0,0,0
235000074,0,0,0
235000080,0,0,0
235000081,0,0,0
235000082,189,3,186
235000083,114,9,105
235000084,17,6,11
235000085,333,7,326
235000089,19,0,19
235000092,0,0,0
235000093,0,0,0
235000097,1,0,1
235000098,138,0,138
235000099,20,2,18
235000116,7,0,7
235000117,91,1,90
235000133,0,0,0
235000134,0,0,0
235000206,0,2,-2
235000207,0,0,0
235000208,0,0,0
235000209,1,2,-1
235000210,1,0,1
235000212,0,0,0
235000213,0,0,0
235000220,0,0,0
235000221,0,0,0
235000238,11,180,-169
235000239,0,5,-5
235000242,52,345,-293
235000245,0,0,0
235000246,0,0,0
235000284,0,0,0
235000295,16,0,16
235000305,133,29,104
235000306,84,1,83
235000307,30,0,30
235000308,1,0,1
235000309,6,0,6
235000310,1,0,1
235000311,8,0,8
235000322,0,0,0
235000323,0,0,0
235000324,0,0,0
235000325,0,0,0
235000326,0,0,0
235000351,0,0,0
235000352,0,0,0
235000353,0,0,0
235000354,0,0,0
235000355,0,0,0
235000356,4,0,4
235000357,20,0,20
235000358,3,7,-4
235000359,0,0,0
235000360,2,0,2
235000361,14,0,14
235000381,0,0,0
235000382,43,0,43
235000390,1,1,0
235000391,203,2,201
235000392,192,39,153
235000393,141,35,106
235000395,120,6,114
235000396,374,10,364
235000400,49,5,44
235000401,0,0,0
235000405,0,0,0
235000406,0,0,0
235000407,0,0,0
235000409,0,0,0
235000410,0,0,0
235000411,0,0,0
235000485,0,0,0
235000486,50,1,49
235000549,78,6,72
235000550,0,0,0
235000599,0,0,0
235000600,0,0,0
235000601,15,1,14
235000602,22,5,17
235000614,0,0,0
235000648,0,0,0
235000649,67,1,66
235000685,0,0,0
235000815,0,0,0
235000834,0,0,0
235000855,72,8,64
235000862,0,0,0
235000891,0,0,0
235000892,2,0,2
235000901,0,0,0
235000907,0,0,0
235001010,42,3,39
235001029,0,0,0
235001030,283,11,272
235001078,77,12,65
235001079,0,0,0
235001147,0,7,-7
235001166,12,0,12
235001167,0,0,0
235001169,0,0,0
235001188,0,0,0
235001189,0,0,0
235001197,0,0,0
235001200,0,0,0
235001208,24,6,18
235001209,0,0,0
235001210,0,0,0
235001239,0,0,0
235001244,0,0,0
235016267,0,0,0
241900007,97,0,97
277101746,0,0,0
277102712,0,0,0
277103813,0,1,-1
277103814,0,0,0
277103898,0,0,0
277104249,0,0,0
277104250,0,0,0
277104251,0,0,0
277104252,0,0,0
990011530,0,0,0
990014944,0,4,-4
990015176,47,21,26
990015618,0,0,0
990016032,0,0,0
990032570,0,0,0
990070001,34,0,34
990070103,0,0,0
990070601,0,0,0
990070751,0,0,0
990070766,0,0,0
990071180,507,10,497
990071343,7,0,7
990071387,0,0,0
990071823,65,1,64
990072600,0,0,0
990072964,0,0,0
990073285,0,0,0
990074393,0,0,0
990074870,523,37,486
990075106,144,1,143
990075746,221,4,217
990076437,1537,30,1507
990076458,0,0,0
997000007,136,1,135
997000041,0,0,0
997000058,45,0,45
997000062,65,0,65
997000069,0,0,0
997000070,0,0,0
997000100,1,0,1
997000141,0,0,0
997000198,0,0,0
998000475,0,0,0
998000736,0,0,0
998000965,0,0,0
998001031,0,0,0
998001700,0,0,0
998001899,0,0,0
998001900,18,161,-143
998003073,480,1,479
998101900,3,52,-49
998102850,0,0,0
998501927,256,4,252
998501929,507,3,504
998501930,53,0,53
998501931,190,2,188
998501932,1,0,1
998501933,565,66,499
998501937,14,1,13
998501944,4,1,3
998501950,0,0,0
998501970,28,4,24
998501971,0,135,-135
998501973,0,0,0
998501974,0,0,0
998501975,44,0,44
998501976,28,25,3
998501977,0,4,-4
998501978,3,0,3
998501979,0,0,0
998501980,85,40,45
998501981,152,2,150
998501982,0,0,0
998502006,0,0,0
998502024,0,0,0
998502032,0,1,-1
998502062,4,0,4
998502063,0,0,0
998502173,2,0,2
998502269,0,0,0
998601159,0,0,0
998601292,0,0,0
999033574,0,0,0
999800001,18,2,16
999800002,0,0,0
999800003,6,0,6
999800004,0,0,0
999800005,0,0,0
